Date,Open,High,Low,Close,Volume,Dividends,Stock Splits
2022-01-04 00:00:00-05:00,0.6299999952316284,0.6399999856948853,0.6200000047683716,0.6200000047683716,82000,0.0,0.0
2022-01-05 00:00:00-05:00,0.6200000047683716,0.6299999952316284,0.6100000143051147,0.6200000047683716,47500,0.0,0.0
2022-01-06 00:00:00-05:00,0.6100000143051147,0.6100000143051147,0.5699999928474426,0.5699999928474426,290900,0.0,0.0
2022-01-07 00:00:00-05:00,0.5699999928474426,0.6000000238418579,0.5699999928474426,0.6000000238418579,35900,0.0,0.0
2022-01-10 00:00:00-05:00,0.5899999737739563,0.6000000238418579,0.5699999928474426,0.6000000238418579,44900,0.0,0.0
2022-01-11 00:00:00-05:00,0.6000000238418579,0.6000000238418579,0.5799999833106995,0.5899999737739563,157500,0.0,0.0
2022-01-12 00:00:00-05:00,0.5899999737739563,0.6100000143051147,0.5899999737739563,0.5899999737739563,91900,0.0,0.0
2022-01-13 00:00:00-05:00,0.6000000238418579,0.6000000238418579,0.5699999928474426,0.5699999928474426,47600,0.0,0.0
2022-01-14 00:00:00-05:00,0.5699999928474426,0.5699999928474426,0.5299999713897705,0.5299999713897705,313400,0.0,0.0
2022-01-17 00:00:00-05:00,0.5600000023841858,0.5699999928474426,0.5600000023841858,0.5699999928474426,51000,0.0,0.0
2022-01-18 00:00:00-05:00,0.5600000023841858,0.6000000238418579,0.5600000023841858,0.5899999737739563,87800,0.0,0.0
2022-01-19 00:00:00-05:00,0.6000000238418579,0.6700000166893005,0.6000000238418579,0.6499999761581421,643000,0.0,0.0
2022-01-20 00:00:00-05:00,0.6600000262260437,0.7200000286102295,0.6600000262260437,0.6800000071525574,362200,0.0,0.0
2022-01-21 00:00:00-05:00,0.6899999976158142,0.6899999976158142,0.6399999856948853,0.6600000262260437,150200,0.0,0.0
2022-01-24 00:00:00-05:00,0.6499999761581421,0.6800000071525574,0.6399999856948853,0.6499999761581421,219700,0.0,0.0
2022-01-25 00:00:00-05:00,0.6800000071525574,0.6800000071525574,0.6499999761581421,0.6600000262260437,353700,0.0,0.0
2022-01-26 00:00:00-05:00,0.6600000262260437,0.6700000166893005,0.6200000047683716,0.6299999952316284,60800,0.0,0.0
2022-01-27 00:00:00-05:00,0.6200000047683716,0.6499999761581421,0.6000000238418579,0.6100000143051147,176300,0.0,0.0
2022-01-28 00:00:00-05:00,0.6100000143051147,0.6399999856948853,0.6100000143051147,0.6200000047683716,104800,0.0,0.0
2022-01-31 00:00:00-05:00,0.6200000047683716,0.6200000047683716,0.6000000238418579,0.6000000238418579,22500,0.0,0.0
2022-02-01 00:00:00-05:00,0.6100000143051147,0.6100000143051147,0.6100000143051147,0.6100000143051147,4200,0.0,0.0
2022-02-02 00:00:00-05:00,0.6200000047683716,0.6200000047683716,0.6100000143051147,0.6100000143051147,24400,0.0,0.0
2022-02-03 00:00:00-05:00,0.6100000143051147,0.6100000143051147,0.5899999737739563,0.5899999737739563,73600,0.0,0.0
2022-02-04 00:00:00-05:00,0.6000000238418579,0.6000000238418579,0.5899999737739563,0.5899999737739563,5600,0.0,0.0
2022-02-07 00:00:00-05:00,0.5899999737739563,0.6200000047683716,0.5899999737739563,0.6000000238418579,76800,0.0,0.0
2022-02-08 00:00:00-05:00,0.6200000047683716,0.6200000047683716,0.6000000238418579,0.6000000238418579,43300,0.0,0.0
2022-02-09 00:00:00-05:00,0.6100000143051147,0.6100000143051147,0.6000000238418579,0.6000000238418579,127100,0.0,0.0
2022-02-10 00:00:00-05:00,0.6000000238418579,0.6100000143051147,0.5699999928474426,0.5799999833106995,93200,0.0,0.0
2022-02-11 00:00:00-05:00,0.5799999833106995,0.6000000238418579,0.5799999833106995,0.6000000238418579,94700,0.0,0.0
2022-02-14 00:00:00-05:00,0.6100000143051147,0.6100000143051147,0.5799999833106995,0.5899999737739563,89200,0.0,0.0
2022-02-15 00:00:00-05:00,0.5699999928474426,0.6000000238418579,0.5699999928474426,0.6000000238418579,82900,0.0,0.0
2022-02-16 00:00:00-05:00,0.6100000143051147,0.6200000047683716,0.5899999737739563,0.6100000143051147,204500,0.0,0.0
2022-02-17 00:00:00-05:00,0.6200000047683716,0.6600000262260437,0.6100000143051147,0.6499999761581421,377100,0.0,0.0
2022-02-18 00:00:00-05:00,0.6600000262260437,0.6600000262260437,0.6299999952316284,0.6499999761581421,236900,0.0,0.0
2022-02-22 00:00:00-05:00,0.6499999761581421,0.6600000262260437,0.6499999761581421,0.6499999761581421,52100,0.0,0.0
2022-02-23 00:00:00-05:00,0.6399999856948853,0.6499999761581421,0.6299999952316284,0.6299999952316284,208700,0.0,0.0
2022-02-24 00:00:00-05:00,0.6800000071525574,0.699999988079071,0.6600000262260437,0.6600000262260437,168900,0.0,0.0
2022-02-25 00:00:00-05:00,0.6499999761581421,0.6600000262260437,0.6499999761581421,0.6600000262260437,4900,0.0,0.0
2022-02-28 00:00:00-05:00,0.6700000166893005,0.6800000071525574,0.6600000262260437,0.6600000262260437,108500,0.0,0.0
2022-03-01 00:00:00-05:00,0.6600000262260437,0.6800000071525574,0.6600000262260437,0.6700000166893005,70600,0.0,0.0
2022-03-02 00:00:00-05:00,0.6800000071525574,0.699999988079071,0.6800000071525574,0.6899999976158142,71300,0.0,0.0
2022-03-03 00:00:00-05:00,0.6899999976158142,0.6899999976158142,0.6800000071525574,0.6899999976158142,195700,0.0,0.0
2022-03-04 00:00:00-05:00,0.699999988079071,0.7699999809265137,0.699999988079071,0.7599999904632568,734500,0.0,0.0
2022-03-07 00:00:00-05:00,0.800000011920929,0.8399999737739563,0.7699999809265137,0.800000011920929,774500,0.0,0.0
2022-03-08 00:00:00-05:00,0.7900000214576721,0.8500000238418579,0.7900000214576721,0.7900000214576721,598500,0.0,0.0
2022-03-09 00:00:00-05:00,0.7699999809265137,0.7699999809265137,0.7400000095367432,0.75,296500,0.0,0.0
2022-03-10 00:00:00-05:00,0.7699999809265137,0.7799999713897705,0.7300000190734863,0.7799999713897705,213600,0.0,0.0
2022-03-11 00:00:00-05:00,0.7400000095367432,0.7599999904632568,0.7400000095367432,0.7400000095367432,62100,0.0,0.0
2022-03-14 00:00:00-04:00,0.7400000095367432,0.75,0.7200000286102295,0.7200000286102295,90600,0.0,0.0
2022-03-15 00:00:00-04:00,0.75,0.75,0.7200000286102295,0.7200000286102295,81000,0.0,0.0
2022-03-16 00:00:00-04:00,0.7300000190734863,0.7300000190734863,0.7200000286102295,0.7300000190734863,62900,0.0,0.0
2022-03-17 00:00:00-04:00,0.75,0.800000011920929,0.75,0.800000011920929,85600,0.0,0.0
2022-03-18 00:00:00-04:00,0.7900000214576721,0.7900000214576721,0.7599999904632568,0.7799999713897705,180100,0.0,0.0
2022-03-21 00:00:00-04:00,0.7799999713897705,0.7900000214576721,0.7599999904632568,0.7599999904632568,102800,0.0,0.0
2022-03-22 00:00:00-04:00,0.7799999713897705,0.7799999713897705,0.7599999904632568,0.7699999809265137,27400,0.0,0.0
2022-03-23 00:00:00-04:00,0.7699999809265137,0.7699999809265137,0.75,0.7599999904632568,47100,0.0,0.0
2022-03-24 00:00:00-04:00,0.7799999713897705,0.7900000214576721,0.7699999809265137,0.7799999713897705,45400,0.0,0.0
2022-03-25 00:00:00-04:00,0.7799999713897705,0.7799999713897705,0.75,0.7599999904632568,143500,0.0,0.0
2022-03-28 00:00:00-04:00,0.7699999809265137,0.7699999809265137,0.7300000190734863,0.7300000190734863,31500,0.0,0.0
2022-03-29 00:00:00-04:00,0.7200000286102295,0.7200000286102295,0.7099999785423279,0.7200000286102295,78600,0.0,0.0
2022-03-30 00:00:00-04:00,0.75,0.75,0.7099999785423279,0.7099999785423279,64800,0.0,0.0
2022-03-31 00:00:00-04:00,0.7300000190734863,0.7400000095367432,0.7300000190734863,0.7400000095367432,53400,0.0,0.0
2022-04-01 00:00:00-04:00,0.7799999713897705,0.7900000214576721,0.7799999713897705,0.7799999713897705,87800,0.0,0.0
2022-04-04 00:00:00-04:00,0.7599999904632568,0.800000011920929,0.7599999904632568,0.7900000214576721,85300,0.0,0.0
2022-04-05 00:00:00-04:00,0.7900000214576721,0.7900000214576721,0.75,0.7599999904632568,84300,0.0,0.0
2022-04-06 00:00:00-04:00,0.7400000095367432,0.7400000095367432,0.7400000095367432,0.7400000095367432,27400,0.0,0.0
2022-04-07 00:00:00-04:00,0.7400000095367432,0.7400000095367432,0.7300000190734863,0.7300000190734863,6500,0.0,0.0
2022-04-08 00:00:00-04:00,0.7300000190734863,0.75,0.7200000286102295,0.7400000095367432,132400,0.0,0.0
2022-04-11 00:00:00-04:00,0.7300000190734863,0.7599999904632568,0.7300000190734863,0.7599999904632568,69200,0.0,0.0
2022-04-12 00:00:00-04:00,0.75,0.7599999904632568,0.75,0.75,120500,0.0,0.0
2022-04-13 00:00:00-04:00,0.7400000095367432,0.7799999713897705,0.7400000095367432,0.7699999809265137,96700,0.0,0.0
2022-04-14 00:00:00-04:00,0.7799999713897705,0.7900000214576721,0.7699999809265137,0.7900000214576721,156000,0.0,0.0
2022-04-18 00:00:00-04:00,0.800000011920929,0.800000011920929,0.7900000214576721,0.7900000214576721,210000,0.0,0.0
2022-04-19 00:00:00-04:00,0.7900000214576721,0.7900000214576721,0.7799999713897705,0.7900000214576721,57700,0.0,0.0
2022-04-20 00:00:00-04:00,0.7699999809265137,0.7699999809265137,0.75,0.75,485100,0.0,0.0
2022-04-21 00:00:00-04:00,0.7599999904632568,0.7599999904632568,0.7099999785423279,0.7200000286102295,145100,0.0,0.0
2022-04-22 00:00:00-04:00,0.7200000286102295,0.7200000286102295,0.6800000071525574,0.6800000071525574,241000,0.0,0.0
2022-04-25 00:00:00-04:00,0.6700000166893005,0.6800000071525574,0.6299999952316284,0.6800000071525574,233800,0.0,0.0
2022-04-26 00:00:00-04:00,0.6899999976158142,0.6899999976158142,0.6399999856948853,0.6499999761581421,70000,0.0,0.0
2022-04-27 00:00:00-04:00,0.6299999952316284,0.6299999952316284,0.6200000047683716,0.6299999952316284,92600,0.0,0.0
2022-04-28 00:00:00-04:00,0.6100000143051147,0.6399999856948853,0.6100000143051147,0.6399999856948853,31000,0.0,0.0
2022-04-29 00:00:00-04:00,0.6399999856948853,0.6800000071525574,0.6399999856948853,0.6700000166893005,180600,0.0,0.0
2022-05-02 00:00:00-04:00,0.6499999761581421,0.6499999761581421,0.6299999952316284,0.6299999952316284,62500,0.0,0.0
2022-05-03 00:00:00-04:00,0.6600000262260437,0.6600000262260437,0.6200000047683716,0.6299999952316284,128300,0.0,0.0
2022-05-04 00:00:00-04:00,0.6299999952316284,0.6299999952316284,0.5899999737739563,0.6200000047683716,115800,0.0,0.0
2022-05-05 00:00:00-04:00,0.6299999952316284,0.6299999952316284,0.6100000143051147,0.6299999952316284,48200,0.0,0.0
2022-05-06 00:00:00-04:00,0.6200000047683716,0.6299999952316284,0.6100000143051147,0.6299999952316284,51500,0.0,0.0
2022-05-09 00:00:00-04:00,0.6100000143051147,0.6100000143051147,0.5400000214576721,0.6000000238418579,303300,0.0,0.0
2022-05-10 00:00:00-04:00,0.6100000143051147,0.6100000143051147,0.5600000023841858,0.5699999928474426,69300,0.0,0.0
2022-05-11 00:00:00-04:00,0.5899999737739563,0.5899999737739563,0.5600000023841858,0.5600000023841858,47900,0.0,0.0
2022-05-12 00:00:00-04:00,0.5600000023841858,0.5699999928474426,0.5099999904632568,0.5199999809265137,262500,0.0,0.0
2022-05-13 00:00:00-04:00,0.5299999713897705,0.6000000238418579,0.5299999713897705,0.5600000023841858,189900,0.0,0.0
2022-05-16 00:00:00-04:00,0.550000011920929,0.550000011920929,0.5299999713897705,0.550000011920929,41900,0.0,0.0
2022-05-17 00:00:00-04:00,0.5600000023841858,0.5600000023841858,0.5400000214576721,0.550000011920929,211000,0.0,0.0
2022-05-18 00:00:00-04:00,0.550000011920929,0.550000011920929,0.5,0.5299999713897705,355500,0.0,0.0
2022-05-19 00:00:00-04:00,0.5099999904632568,0.5699999928474426,0.5099999904632568,0.5699999928474426,201800,0.0,0.0
2022-05-20 00:00:00-04:00,0.5799999833106995,0.5799999833106995,0.5600000023841858,0.5699999928474426,28500,0.0,0.0
2022-05-24 00:00:00-04:00,0.5600000023841858,0.5600000023841858,0.550000011920929,0.5600000023841858,34600,0.0,0.0
2022-05-25 00:00:00-04:00,0.5600000023841858,0.5600000023841858,0.5400000214576721,0.550000011920929,27800,0.0,0.0
2022-05-26 00:00:00-04:00,0.550000011920929,0.550000011920929,0.550000011920929,0.550000011920929,85800,0.0,0.0
2022-05-27 00:00:00-04:00,0.550000011920929,0.550000011920929,0.5299999713897705,0.5299999713897705,171600,0.0,0.0
2022-05-30 00:00:00-04:00,0.5299999713897705,0.5699999928474426,0.5199999809265137,0.5699999928474426,410500,0.0,0.0
2022-05-31 00:00:00-04:00,0.5600000023841858,0.5699999928474426,0.550000011920929,0.5600000023841858,26000,0.0,0.0
2022-06-01 00:00:00-04:00,0.5400000214576721,0.5600000023841858,0.5400000214576721,0.550000011920929,17300,0.0,0.0
2022-06-02 00:00:00-04:00,0.5299999713897705,0.6100000143051147,0.5299999713897705,0.6100000143051147,141600,0.0,0.0
2022-06-03 00:00:00-04:00,0.6100000143051147,0.6200000047683716,0.5799999833106995,0.5799999833106995,55700,0.0,0.0
2022-06-06 00:00:00-04:00,0.5899999737739563,0.5899999737739563,0.5600000023841858,0.5600000023841858,96100,0.0,0.0
2022-06-07 00:00:00-04:00,0.5600000023841858,0.5600000023841858,0.550000011920929,0.550000011920929,98200,0.0,0.0
2022-06-08 00:00:00-04:00,0.550000011920929,0.5699999928474426,0.5400000214576721,0.5699999928474426,98300,0.0,0.0
2022-06-09 00:00:00-04:00,0.5600000023841858,0.5699999928474426,0.5600000023841858,0.5699999928474426,22600,0.0,0.0
2022-06-10 00:00:00-04:00,0.550000011920929,0.5699999928474426,0.550000011920929,0.550000011920929,91300,0.0,0.0
2022-06-13 00:00:00-04:00,0.5699999928474426,0.5699999928474426,0.5400000214576721,0.5600000023841858,58600,0.0,0.0
2022-06-14 00:00:00-04:00,0.5600000023841858,0.5600000023841858,0.5199999809265137,0.5400000214576721,135400,0.0,0.0
2022-06-15 00:00:00-04:00,0.550000011920929,0.550000011920929,0.5299999713897705,0.550000011920929,138900,0.0,0.0
2022-06-16 00:00:00-04:00,0.5400000214576721,0.5699999928474426,0.5199999809265137,0.5400000214576721,108100,0.0,0.0
2022-06-17 00:00:00-04:00,0.5400000214576721,0.550000011920929,0.5299999713897705,0.5299999713897705,43200,0.0,0.0
2022-06-20 00:00:00-04:00,0.550000011920929,0.550000011920929,0.5199999809265137,0.5299999713897705,88300,0.0,0.0
2022-06-21 00:00:00-04:00,0.5199999809265137,0.5600000023841858,0.5199999809265137,0.5400000214576721,105200,0.0,0.0
2022-06-22 00:00:00-04:00,0.5699999928474426,0.5699999928474426,0.5199999809265137,0.5400000214576721,39600,0.0,0.0
2022-06-23 00:00:00-04:00,0.44999998807907104,0.4699999988079071,0.2199999988079071,0.23000000417232513,7735300,0.0,0.0
2022-06-24 00:00:00-04:00,0.23999999463558197,0.3400000035762787,0.23999999463558197,0.3400000035762787,3769200,0.0,0.0
2022-06-27 00:00:00-04:00,0.3400000035762787,0.3400000035762787,0.30000001192092896,0.30000001192092896,498600,0.0,0.0
2022-06-28 00:00:00-04:00,0.3199999928474426,0.33000001311302185,0.28999999165534973,0.30000001192092896,437300,0.0,0.0
2022-06-29 00:00:00-04:00,0.3100000023841858,0.3100000023841858,0.2800000011920929,0.30000001192092896,193300,0.0,0.0
2022-06-30 00:00:00-04:00,0.30000001192092896,0.30000001192092896,0.2800000011920929,0.2800000011920929,305400,0.0,0.0
2022-07-04 00:00:00-04:00,0.30000001192092896,0.3700000047683716,0.30000001192092896,0.30000001192092896,798600,0.0,0.0
2022-07-05 00:00:00-04:00,0.2800000011920929,0.30000001192092896,0.11999999731779099,0.18000000715255737,3592200,0.0,0.0
2022-07-06 00:00:00-04:00,0.1599999964237213,0.17000000178813934,0.12999999523162842,0.14000000059604645,1628300,0.0,0.0
2022-07-07 00:00:00-04:00,0.15000000596046448,0.1599999964237213,0.14000000059604645,0.14000000059604645,625100,0.0,0.0
2022-07-08 00:00:00-04:00,0.15000000596046448,0.1899999976158142,0.15000000596046448,0.17000000178813934,634600,0.0,0.0
2022-07-11 00:00:00-04:00,0.17000000178813934,0.1899999976158142,0.14000000059604645,0.15000000596046448,634500,0.0,0.0
2022-07-12 00:00:00-04:00,0.15000000596046448,0.17000000178813934,0.15000000596046448,0.1599999964237213,183400,0.0,0.0
2022-07-13 00:00:00-04:00,0.1599999964237213,0.1599999964237213,0.15000000596046448,0.1599999964237213,361000,0.0,0.0
2022-07-14 00:00:00-04:00,0.15000000596046448,0.1599999964237213,0.14000000059604645,0.14000000059604645,70900,0.0,0.0
2022-07-15 00:00:00-04:00,0.14000000059604645,0.15000000596046448,0.14000000059604645,0.15000000596046448,380300,0.0,0.0
2022-07-18 00:00:00-04:00,0.1599999964237213,0.17000000178813934,0.14000000059604645,0.17000000178813934,358200,0.0,0.0
2022-07-19 00:00:00-04:00,0.17000000178813934,0.18000000715255737,0.17000000178813934,0.17000000178813934,154900,0.0,0.0
2022-07-20 00:00:00-04:00,0.17000000178813934,0.2199999988079071,0.17000000178813934,0.18000000715255737,625200,0.0,0.0
2022-07-21 00:00:00-04:00,0.17000000178813934,0.1899999976158142,0.17000000178813934,0.17000000178813934,329100,0.0,0.0
2022-07-22 00:00:00-04:00,0.1899999976158142,0.20000000298023224,0.18000000715255737,0.18000000715255737,220800,0.0,0.0
2022-07-25 00:00:00-04:00,0.17000000178813934,0.17000000178813934,0.15000000596046448,0.1599999964237213,297400,0.0,0.0
2022-07-26 00:00:00-04:00,0.17000000178813934,0.17000000178813934,0.14000000059604645,0.15000000596046448,105800,0.0,0.0
2022-07-27 00:00:00-04:00,0.15000000596046448,0.1599999964237213,0.14000000059604645,0.15000000596046448,183300,0.0,0.0
2022-07-28 00:00:00-04:00,0.14000000059604645,0.1599999964237213,0.14000000059604645,0.15000000596046448,112600,0.0,0.0
2022-07-29 00:00:00-04:00,0.1599999964237213,0.1599999964237213,0.12999999523162842,0.12999999523162842,649900,0.0,0.0
2022-08-02 00:00:00-04:00,0.14000000059604645,0.14000000059604645,0.12999999523162842,0.12999999523162842,641500,0.0,0.0
2022-08-03 00:00:00-04:00,0.14000000059604645,0.14000000059604645,0.12999999523162842,0.14000000059604645,39000,0.0,0.0
2022-08-04 00:00:00-04:00,0.14000000059604645,0.14000000059604645,0.14000000059604645,0.14000000059604645,60900,0.0,0.0
2022-08-05 00:00:00-04:00,0.14000000059604645,0.14000000059604645,0.14000000059604645,0.14000000059604645,222900,0.0,0.0
2022-08-08 00:00:00-04:00,0.15000000596046448,0.15000000596046448,0.14000000059604645,0.14000000059604645,20500,0.0,0.0
2022-08-09 00:00:00-04:00,0.14000000059604645,0.14000000059604645,0.14000000059604645,0.14000000059604645,113100,0.0,0.0
2022-08-10 00:00:00-04:00,0.14000000059604645,0.17000000178813934,0.14000000059604645,0.14000000059604645,82000,0.0,0.0
2022-08-11 00:00:00-04:00,0.14000000059604645,0.14000000059604645,0.14000000059604645,0.14000000059604645,168500,0.0,0.0
2022-08-12 00:00:00-04:00,0.14000000059604645,0.14000000059604645,0.14000000059604645,0.14000000059604645,18500,0.0,0.0
2022-08-15 00:00:00-04:00,0.14000000059604645,0.14000000059604645,0.14000000059604645,0.14000000059604645,313300,0.0,0.0
2022-08-16 00:00:00-04:00,0.14000000059604645,0.14000000059604645,0.14000000059604645,0.14000000059604645,160800,0.0,0.0
2022-08-17 00:00:00-04:00,0.14000000059604645,0.14000000059604645,0.14000000059604645,0.14000000059604645,85700,0.0,0.0
2022-08-18 00:00:00-04:00,0.14000000059604645,0.14000000059604645,0.14000000059604645,0.14000000059604645,21500,0.0,0.0
2022-08-19 00:00:00-04:00,0.14000000059604645,0.14000000059604645,0.14000000059604645,0.14000000059604645,117600,0.0,0.0
2022-08-22 00:00:00-04:00,0.12999999523162842,0.14000000059604645,0.12999999523162842,0.14000000059604645,566000,0.0,0.0
2022-08-23 00:00:00-04:00,0.14000000059604645,0.14000000059604645,0.12999999523162842,0.14000000059604645,61100,0.0,0.0
2022-08-24 00:00:00-04:00,0.14000000059604645,0.14000000059604645,0.12999999523162842,0.14000000059604645,24600,0.0,0.0
2022-08-25 00:00:00-04:00,0.14000000059604645,0.14000000059604645,0.12999999523162842,0.14000000059604645,177300,0.0,0.0
2022-08-26 00:00:00-04:00,0.12999999523162842,0.12999999523162842,0.12999999523162842,0.12999999523162842,57600,0.0,0.0
2022-08-29 00:00:00-04:00,0.12999999523162842,0.12999999523162842,0.12999999523162842,0.12999999523162842,308800,0.0,0.0
2022-08-30 00:00:00-04:00,0.11999999731779099,0.11999999731779099,0.11999999731779099,0.11999999731779099,78400,0.0,0.0
2022-08-31 00:00:00-04:00,0.11999999731779099,0.12999999523162842,0.11999999731779099,0.12999999523162842,161900,0.0,0.0
2022-09-01 00:00:00-04:00,0.12999999523162842,0.12999999523162842,0.11999999731779099,0.11999999731779099,72400,0.0,0.0
2022-09-02 00:00:00-04:00,0.11999999731779099,0.11999999731779099,0.11999999731779099,0.11999999731779099,159200,0.0,0.0
2022-09-06 00:00:00-04:00,0.12999999523162842,0.14000000059604645,0.12999999523162842,0.12999999523162842,1585100,0.0,0.0
2022-09-07 00:00:00-04:00,0.12999999523162842,0.14000000059604645,0.12999999523162842,0.14000000059604645,632300,0.0,0.0
2022-09-08 00:00:00-04:00,0.14000000059604645,0.14000000059604645,0.14000000059604645,0.14000000059604645,36100,0.0,0.0
2022-09-09 00:00:00-04:00,0.12999999523162842,0.14000000059604645,0.12999999523162842,0.14000000059604645,43100,0.0,0.0
2022-09-12 00:00:00-04:00,0.12999999523162842,0.12999999523162842,0.12999999523162842,0.12999999523162842,160000,0.0,0.0
2022-09-13 00:00:00-04:00,0.12999999523162842,0.12999999523162842,0.11999999731779099,0.11999999731779099,422500,0.0,0.0
2022-09-14 00:00:00-04:00,0.11999999731779099,0.11999999731779099,0.11999999731779099,0.11999999731779099,533700,0.0,0.0
2022-09-15 00:00:00-04:00,0.11999999731779099,0.12999999523162842,0.11999999731779099,0.12999999523162842,68300,0.0,0.0
2022-09-16 00:00:00-04:00,0.12999999523162842,0.12999999523162842,0.11999999731779099,0.11999999731779099,382000,0.0,0.0
2022-09-19 00:00:00-04:00,0.11999999731779099,0.12999999523162842,0.11999999731779099,0.12999999523162842,118900,0.0,0.0
2022-09-20 00:00:00-04:00,0.12999999523162842,0.12999999523162842,0.12999999523162842,0.12999999523162842,0,0.0,0.0
2022-09-21 00:00:00-04:00,0.12999999523162842,0.12999999523162842,0.12999999523162842,0.12999999523162842,11500,0.0,0.0
2022-09-22 00:00:00-04:00,0.12999999523162842,0.12999999523162842,0.12999999523162842,0.12999999523162842,9600,0.0,0.0
2022-09-23 00:00:00-04:00,0.12999999523162842,0.12999999523162842,0.12999999523162842,0.12999999523162842,598100,0.0,0.0
2022-09-26 00:00:00-04:00,0.11999999731779099,0.11999999731779099,0.11999999731779099,0.11999999731779099,94600,0.0,0.0
2022-09-27 00:00:00-04:00,0.11999999731779099,0.11999999731779099,0.10999999940395355,0.10999999940395355,270300,0.0,0.0
2022-09-28 00:00:00-04:00,0.10999999940395355,0.11999999731779099,0.10999999940395355,0.11999999731779099,136600,0.0,0.0
2022-09-29 00:00:00-04:00,0.11999999731779099,0.11999999731779099,0.11999999731779099,0.11999999731779099,358100,0.0,0.0
2022-09-30 00:00:00-04:00,0.12999999523162842,0.12999999523162842,0.11999999731779099,0.11999999731779099,56600,0.0,0.0
2022-10-03 00:00:00-04:00,0.12999999523162842,0.12999999523162842,0.11999999731779099,0.12999999523162842,290900,0.0,0.0
2022-10-04 00:00:00-04:00,0.12999999523162842,0.14000000059604645,0.12999999523162842,0.12999999523162842,553700,0.0,0.0
2022-10-05 00:00:00-04:00,0.12999999523162842,0.14000000059604645,0.12999999523162842,0.14000000059604645,65700,0.0,0.0
2022-10-06 00:00:00-04:00,0.14000000059604645,0.14000000059604645,0.12999999523162842,0.12999999523162842,28300,0.0,0.0
2022-10-07 00:00:00-04:00,0.12999999523162842,0.14000000059604645,0.12999999523162842,0.12999999523162842,57700,0.0,0.0
2022-10-11 00:00:00-04:00,0.12999999523162842,0.14000000059604645,0.12999999523162842,0.12999999523162842,156600,0.0,0.0
2022-10-12 00:00:00-04:00,0.12999999523162842,0.12999999523162842,0.11999999731779099,0.11999999731779099,90800,0.0,0.0
2022-10-13 00:00:00-04:00,0.12999999523162842,0.12999999523162842,0.11999999731779099,0.12999999523162842,18700,0.0,0.0
2022-10-14 00:00:00-04:00,0.12999999523162842,0.12999999523162842,0.12999999523162842,0.12999999523162842,400,0.0,0.0
2022-10-17 00:00:00-04:00,0.12999999523162842,0.12999999523162842,0.12999999523162842,0.12999999523162842,11900,0.0,0.0
2022-10-18 00:00:00-04:00,0.12999999523162842,0.12999999523162842,0.12999999523162842,0.12999999523162842,99500,0.0,0.0
2022-10-19 00:00:00-04:00,0.14000000059604645,0.14000000059604645,0.14000000059604645,0.14000000059604645,192300,0.0,0.0
2022-10-20 00:00:00-04:00,0.14000000059604645,0.15000000596046448,0.14000000059604645,0.15000000596046448,348500,0.0,0.0
2022-10-21 00:00:00-04:00,0.15000000596046448,0.15000000596046448,0.14000000059604645,0.15000000596046448,60900,0.0,0.0
2022-10-24 00:00:00-04:00,0.14000000059604645,0.14000000059604645,0.14000000059604645,0.14000000059604645,1500,0.0,0.0
2022-10-25 00:00:00-04:00,0.14000000059604645,0.14000000059604645,0.14000000059604645,0.14000000059604645,35000,0.0,0.0
2022-10-26 00:00:00-04:00,0.14000000059604645,0.14000000059604645,0.14000000059604645,0.14000000059604645,20000,0.0,0.0
2022-10-27 00:00:00-04:00,0.14000000059604645,0.14000000059604645,0.12999999523162842,0.12999999523162842,70500,0.0,0.0
2022-10-28 00:00:00-04:00,0.12999999523162842,0.12999999523162842,0.12999999523162842,0.12999999523162842,14500,0.0,0.0
2022-10-31 00:00:00-04:00,0.14000000059604645,0.14000000059604645,0.12999999523162842,0.12999999523162842,101400,0.0,0.0
2022-11-01 00:00:00-04:00,0.11999999731779099,0.12999999523162842,0.10000000149011612,0.11999999731779099,1072600,0.0,0.0
2022-11-02 00:00:00-04:00,0.11999999731779099,0.11999999731779099,0.11999999731779099,0.11999999731779099,19800,0.0,0.0
2022-11-03 00:00:00-04:00,0.11999999731779099,0.11999999731779099,0.11999999731779099,0.11999999731779099,86400,0.0,0.0
2022-11-04 00:00:00-04:00,0.11999999731779099,0.11999999731779099,0.11999999731779099,0.11999999731779099,147500,0.0,0.0
2022-11-07 00:00:00-05:00,0.11999999731779099,0.12999999523162842,0.11999999731779099,0.12999999523162842,24000,0.0,0.0
2022-11-08 00:00:00-05:00,0.11999999731779099,0.14000000059604645,0.11999999731779099,0.14000000059604645,230200,0.0,0.0
2022-11-09 00:00:00-05:00,0.14000000059604645,0.14000000059604645,0.12999999523162842,0.14000000059604645,221500,0.0,0.0
2022-11-10 00:00:00-05:00,0.14000000059604645,0.14000000059604645,0.14000000059604645,0.14000000059604645,162100,0.0,0.0
2022-11-11 00:00:00-05:00,0.14000000059604645,0.14000000059604645,0.14000000059604645,0.14000000059604645,26600,0.0,0.0
2022-11-14 00:00:00-05:00,0.14000000059604645,0.14000000059604645,0.14000000059604645,0.14000000059604645,27500,0.0,0.0
2022-11-15 00:00:00-05:00,0.14000000059604645,0.14000000059604645,0.14000000059604645,0.14000000059604645,59000,0.0,0.0
2022-11-16 00:00:00-05:00,0.14000000059604645,0.14000000059604645,0.14000000059604645,0.14000000059604645,35500,0.0,0.0
2022-11-17 00:00:00-05:00,0.14000000059604645,0.14000000059604645,0.14000000059604645,0.14000000059604645,16500,0.0,0.0
2022-11-18 00:00:00-05:00,0.14000000059604645,0.14000000059604645,0.14000000059604645,0.14000000059604645,77500,0.0,0.0
2022-11-21 00:00:00-05:00,0.14000000059604645,0.14000000059604645,0.12999999523162842,0.12999999523162842,85600,0.0,0.0
2022-11-22 00:00:00-05:00,0.12999999523162842,0.12999999523162842,0.12999999523162842,0.12999999523162842,68000,0.0,0.0
2022-11-23 00:00:00-05:00,0.12999999523162842,0.14000000059604645,0.12999999523162842,0.14000000059604645,370500,0.0,0.0
2022-11-24 00:00:00-05:00,0.14000000059604645,0.14000000059604645,0.14000000059604645,0.14000000059604645,0,0.0,0.0
2022-11-25 00:00:00-05:00,0.15000000596046448,0.15000000596046448,0.14000000059604645,0.14000000059604645,363000,0.0,0.0
2022-11-28 00:00:00-05:00,0.14000000059604645,0.14000000059604645,0.14000000059604645,0.14000000059604645,336500,0.0,0.0
2022-11-29 00:00:00-05:00,0.14000000059604645,0.14000000059604645,0.14000000059604645,0.14000000059604645,199300,0.0,0.0
2022-11-30 00:00:00-05:00,0.14000000059604645,0.14000000059604645,0.14000000059604645,0.14000000059604645,236200,0.0,0.0
2022-12-01 00:00:00-05:00,0.15000000596046448,0.18000000715255737,0.15000000596046448,0.18000000715255737,350900,0.0,0.0
2022-12-02 00:00:00-05:00,0.1899999976158142,0.1899999976158142,0.17000000178813934,0.17000000178813934,392100,0.0,0.0
2022-12-05 00:00:00-05:00,0.17000000178813934,0.17000000178813934,0.17000000178813934,0.17000000178813934,20600,0.0,0.0
2022-12-06 00:00:00-05:00,0.18000000715255737,0.18000000715255737,0.17000000178813934,0.17000000178813934,113900,0.0,0.0
2022-12-07 00:00:00-05:00,0.17000000178813934,0.1899999976158142,0.17000000178813934,0.1899999976158142,346500,0.0,0.0
2022-12-08 00:00:00-05:00,0.1899999976158142,0.2199999988079071,0.1899999976158142,0.2199999988079071,446400,0.0,0.0
2022-12-09 00:00:00-05:00,0.20999999344348907,0.2199999988079071,0.20999999344348907,0.20999999344348907,6100,0.0,0.0
2022-12-12 00:00:00-05:00,0.20000000298023224,0.20000000298023224,0.1899999976158142,0.20000000298023224,153300,0.0,0.0
2022-12-13 00:00:00-05:00,0.1899999976158142,0.20999999344348907,0.1899999976158142,0.20000000298023224,66000,0.0,0.0
2022-12-14 00:00:00-05:00,0.20000000298023224,0.20000000298023224,0.20000000298023224,0.20000000298023224,1900,0.0,0.0
2022-12-15 00:00:00-05:00,0.20000000298023224,0.20999999344348907,0.20000000298023224,0.20000000298023224,450400,0.0,0.0
2022-12-16 00:00:00-05:00,0.20000000298023224,0.20000000298023224,0.1899999976158142,0.1899999976158142,25600,0.0,0.0
2022-12-19 00:00:00-05:00,0.18000000715255737,0.18000000715255737,0.18000000715255737,0.18000000715255737,82600,0.0,0.0
2022-12-20 00:00:00-05:00,0.18000000715255737,0.20000000298023224,0.18000000715255737,0.20000000298023224,143000,0.0,0.0
2022-12-21 00:00:00-05:00,0.1899999976158142,0.20000000298023224,0.1899999976158142,0.20000000298023224,7000,0.0,0.0
2022-12-22 00:00:00-05:00,0.20000000298023224,0.20000000298023224,0.1899999976158142,0.1899999976158142,40600,0.0,0.0
2022-12-23 00:00:00-05:00,0.1899999976158142,0.20000000298023224,0.1899999976158142,0.20000000298023224,50900,0.0,0.0
2022-12-28 00:00:00-05:00,0.20000000298023224,0.20000000298023224,0.1899999976158142,0.1899999976158142,66100,0.0,0.0
2022-12-29 00:00:00-05:00,0.1899999976158142,0.1899999976158142,0.1899999976158142,0.1899999976158142,45000,0.0,0.0
2022-12-30 00:00:00-05:00,0.1899999976158142,0.20000000298023224,0.1899999976158142,0.20000000298023224,8500,0.0,0.0
2023-01-03 00:00:00-05:00,0.20000000298023224,0.23000000417232513,0.20000000298023224,0.23000000417232513,199500,0.0,0.0
2023-01-04 00:00:00-05:00,0.2199999988079071,0.23999999463558197,0.2199999988079071,0.23000000417232513,278000,0.0,0.0
2023-01-05 00:00:00-05:00,0.23000000417232513,0.23999999463558197,0.23000000417232513,0.23000000417232513,27300,0.0,0.0
2023-01-06 00:00:00-05:00,0.2199999988079071,0.23999999463558197,0.2199999988079071,0.23999999463558197,136400,0.0,0.0
2023-01-09 00:00:00-05:00,0.23999999463558197,0.23999999463558197,0.23999999463558197,0.23999999463558197,1300,0.0,0.0
2023-01-10 00:00:00-05:00,0.23999999463558197,0.27000001072883606,0.23999999463558197,0.25999999046325684,134000,0.0,0.0
2023-01-11 00:00:00-05:00,0.25,0.25999999046325684,0.23999999463558197,0.25,21500,0.0,0.0
2023-01-12 00:00:00-05:00,0.27000001072883606,0.27000001072883606,0.23999999463558197,0.23999999463558197,77700,0.0,0.0
2023-01-13 00:00:00-05:00,0.25,0.25,0.20999999344348907,0.25,316000,0.0,0.0
2023-01-16 00:00:00-05:00,0.23999999463558197,0.23999999463558197,0.23999999463558197,0.23999999463558197,4000,0.0,0.0
2023-01-17 00:00:00-05:00,0.25,0.2800000011920929,0.23999999463558197,0.23999999463558197,111500,0.0,0.0
2023-01-18 00:00:00-05:00,0.27000001072883606,0.27000001072883606,0.25,0.25,5100,0.0,0.0
2023-01-19 00:00:00-05:00,0.25,0.25,0.23999999463558197,0.25,87700,0.0,0.0
2023-01-20 00:00:00-05:00,0.23999999463558197,0.25,0.23999999463558197,0.23999999463558197,107500,0.0,0.0
2023-01-23 00:00:00-05:00,0.23999999463558197,0.23999999463558197,0.23999999463558197,0.23999999463558197,2000,0.0,0.0
2023-01-24 00:00:00-05:00,0.23999999463558197,0.23999999463558197,0.23000000417232513,0.23000000417232513,143300,0.0,0.0
2023-01-25 00:00:00-05:00,0.23000000417232513,0.25,0.23000000417232513,0.25,25700,0.0,0.0
2023-01-26 00:00:00-05:00,0.23999999463558197,0.23999999463558197,0.2199999988079071,0.23000000417232513,157500,0.0,0.0
2023-01-27 00:00:00-05:00,0.2199999988079071,0.23000000417232513,0.2199999988079071,0.2199999988079071,122400,0.0,0.0
2023-01-30 00:00:00-05:00,0.2199999988079071,0.23000000417232513,0.20999999344348907,0.2199999988079071,60300,0.0,0.0
2023-01-31 00:00:00-05:00,0.2199999988079071,0.2199999988079071,0.20000000298023224,0.20999999344348907,100400,0.0,0.0
2023-02-01 00:00:00-05:00,0.20000000298023224,0.2199999988079071,0.20000000298023224,0.2199999988079071,67000,0.0,0.0
2023-02-02 00:00:00-05:00,0.23000000417232513,0.23000000417232513,0.2199999988079071,0.2199999988079071,73600,0.0,0.0
2023-02-03 00:00:00-05:00,0.20999999344348907,0.2199999988079071,0.20999999344348907,0.2199999988079071,31900,0.0,0.0
2023-02-06 00:00:00-05:00,0.2199999988079071,0.2199999988079071,0.2199999988079071,0.2199999988079071,8200,0.0,0.0
2023-02-07 00:00:00-05:00,0.2199999988079071,0.23000000417232513,0.2199999988079071,0.23000000417232513,15500,0.0,0.0
2023-02-08 00:00:00-05:00,0.23000000417232513,0.23000000417232513,0.2199999988079071,0.2199999988079071,11500,0.0,0.0
2023-02-09 00:00:00-05:00,0.23000000417232513,0.23000000417232513,0.2199999988079071,0.23000000417232513,28000,0.0,0.0
2023-02-10 00:00:00-05:00,0.2199999988079071,0.2199999988079071,0.2199999988079071,0.2199999988079071,56300,0.0,0.0
2023-02-13 00:00:00-05:00,0.2199999988079071,0.2199999988079071,0.2199999988079071,0.2199999988079071,12900,0.0,0.0
2023-02-14 00:00:00-05:00,0.20999999344348907,0.20999999344348907,0.20999999344348907,0.20999999344348907,12700,0.0,0.0
2023-02-15 00:00:00-05:00,0.20999999344348907,0.20999999344348907,0.20999999344348907,0.20999999344348907,37000,0.0,0.0
2023-02-16 00:00:00-05:00,0.20999999344348907,0.20999999344348907,0.20999999344348907,0.20999999344348907,120500,0.0,0.0
2023-02-17 00:00:00-05:00,0.2199999988079071,0.2199999988079071,0.20999999344348907,0.20999999344348907,98100,0.0,0.0
2023-02-21 00:00:00-05:00,0.20999999344348907,0.20999999344348907,0.20999999344348907,0.20999999344348907,9200,0.0,0.0
2023-02-22 00:00:00-05:00,0.20999999344348907,0.20999999344348907,0.20999999344348907,0.20999999344348907,50100,0.0,0.0
2023-02-23 00:00:00-05:00,0.20000000298023224,0.20000000298023224,0.1599999964237213,0.18000000715255737,123700,0.0,0.0
2023-02-24 00:00:00-05:00,0.17000000178813934,0.18000000715255737,0.17000000178813934,0.17000000178813934,63000,0.0,0.0
2023-02-27 00:00:00-05:00,0.17000000178813934,0.18000000715255737,0.17000000178813934,0.17000000178813934,123100,0.0,0.0
2023-02-28 00:00:00-05:00,0.17000000178813934,0.17000000178813934,0.17000000178813934,0.17000000178813934,11900,0.0,0.0
2023-03-01 00:00:00-05:00,0.18000000715255737,0.20000000298023224,0.18000000715255737,0.20000000298023224,24500,0.0,0.0
2023-03-02 00:00:00-05:00,0.20000000298023224,0.20999999344348907,0.18000000715255737,0.18000000715255737,36600,0.0,0.0
2023-03-03 00:00:00-05:00,0.18000000715255737,0.18000000715255737,0.17000000178813934,0.18000000715255737,25000,0.0,0.0
2023-03-06 00:00:00-05:00,0.18000000715255737,0.18000000715255737,0.17000000178813934,0.17000000178813934,279500,0.0,0.0
2023-03-07 00:00:00-05:00,0.17000000178813934,0.17000000178813934,0.17000000178813934,0.17000000178813934,3500,0.0,0.0
2023-03-08 00:00:00-05:00,0.17000000178813934,0.17000000178813934,0.17000000178813934,0.17000000178813934,96500,0.0,0.0
2023-03-09 00:00:00-05:00,0.17000000178813934,0.17000000178813934,0.17000000178813934,0.17000000178813934,25000,0.0,0.0
2023-03-10 00:00:00-05:00,0.17000000178813934,0.17000000178813934,0.17000000178813934,0.17000000178813934,7000,0.0,0.0
2023-03-13 00:00:00-04:00,0.18000000715255737,0.18000000715255737,0.17000000178813934,0.17000000178813934,90000,0.0,0.0
2023-03-14 00:00:00-04:00,0.17000000178813934,0.18000000715255737,0.17000000178813934,0.18000000715255737,85300,0.0,0.0
2023-03-15 00:00:00-04:00,0.18000000715255737,0.18000000715255737,0.18000000715255737,0.18000000715255737,0,0.0,0.0
2023-03-16 00:00:00-04:00,0.18000000715255737,0.18000000715255737,0.18000000715255737,0.18000000715255737,11100,0.0,0.0
2023-03-17 00:00:00-04:00,0.18000000715255737,0.18000000715255737,0.18000000715255737,0.18000000715255737,28500,0.0,0.0
2023-03-20 00:00:00-04:00,0.18000000715255737,0.18000000715255737,0.17000000178813934,0.17000000178813934,53500,0.0,0.0
2023-03-21 00:00:00-04:00,0.18000000715255737,0.18000000715255737,0.17000000178813934,0.17000000178813934,33600,0.0,0.0
2023-03-22 00:00:00-04:00,0.17000000178813934,0.18000000715255737,0.17000000178813934,0.17000000178813934,63500,0.0,0.0
2023-03-23 00:00:00-04:00,0.17000000178813934,0.17000000178813934,0.1599999964237213,0.1599999964237213,119000,0.0,0.0
2023-03-24 00:00:00-04:00,0.1599999964237213,0.1599999964237213,0.1599999964237213,0.1599999964237213,42500,0.0,0.0
2023-03-27 00:00:00-04:00,0.17000000178813934,0.17000000178813934,0.1599999964237213,0.17000000178813934,39800,0.0,0.0
2023-03-28 00:00:00-04:00,0.1599999964237213,0.17000000178813934,0.1599999964237213,0.17000000178813934,11500,0.0,0.0
2023-03-29 00:00:00-04:00,0.1599999964237213,0.1599999964237213,0.15000000596046448,0.1599999964237213,96500,0.0,0.0
2023-03-30 00:00:00-04:00,0.1599999964237213,0.1599999964237213,0.15000000596046448,0.15000000596046448,63800,0.0,0.0
2023-03-31 00:00:00-04:00,0.1599999964237213,0.1599999964237213,0.14000000059604645,0.14000000059604645,57800,0.0,0.0
2023-04-03 00:00:00-04:00,0.14000000059604645,0.14000000059604645,0.14000000059604645,0.14000000059604645,81800,0.0,0.0
2023-04-04 00:00:00-04:00,0.14000000059604645,0.14000000059604645,0.14000000059604645,0.14000000059604645,66100,0.0,0.0
2023-04-05 00:00:00-04:00,0.1599999964237213,0.1599999964237213,0.14000000059604645,0.15000000596046448,250800,0.0,0.0
2023-04-06 00:00:00-04:00,0.15000000596046448,0.1599999964237213,0.15000000596046448,0.1599999964237213,95000,0.0,0.0
2023-04-10 00:00:00-04:00,0.1599999964237213,0.18000000715255737,0.1599999964237213,0.1599999964237213,108500,0.0,0.0
2023-04-11 00:00:00-04:00,0.1599999964237213,0.1899999976158142,0.1599999964237213,0.17000000178813934,1870900,0.0,0.0
2023-04-12 00:00:00-04:00,0.17000000178813934,0.17000000178813934,0.1599999964237213,0.17000000178813934,26000,0.0,0.0
2023-04-13 00:00:00-04:00,0.17000000178813934,0.20000000298023224,0.1599999964237213,0.1899999976158142,443800,0.0,0.0
2023-04-14 00:00:00-04:00,0.20000000298023224,0.20000000298023224,0.1899999976158142,0.1899999976158142,50900,0.0,0.0
2023-04-17 00:00:00-04:00,0.20000000298023224,0.20000000298023224,0.20000000298023224,0.20000000298023224,48900,0.0,0.0
2023-04-18 00:00:00-04:00,0.20000000298023224,0.23000000417232513,0.20000000298023224,0.23000000417232513,150900,0.0,0.0
2023-04-19 00:00:00-04:00,0.2199999988079071,0.2199999988079071,0.20999999344348907,0.2199999988079071,195800,0.0,0.0
2023-04-20 00:00:00-04:00,0.2199999988079071,0.2199999988079071,0.20999999344348907,0.2199999988079071,82500,0.0,0.0
2023-04-21 00:00:00-04:00,0.2199999988079071,0.2199999988079071,0.20999999344348907,0.2199999988079071,274600,0.0,0.0
2023-04-24 00:00:00-04:00,0.20000000298023224,0.2199999988079071,0.20000000298023224,0.2199999988079071,152500,0.0,0.0
2023-04-25 00:00:00-04:00,0.20000000298023224,0.23000000417232513,0.20000000298023224,0.2199999988079071,142000,0.0,0.0
2023-04-26 00:00:00-04:00,0.2199999988079071,0.23000000417232513,0.2199999988079071,0.23000000417232513,89000,0.0,0.0
2023-04-27 00:00:00-04:00,0.2199999988079071,0.23999999463558197,0.20000000298023224,0.2199999988079071,88000,0.0,0.0
2023-04-28 00:00:00-04:00,0.20999999344348907,0.20999999344348907,0.20999999344348907,0.20999999344348907,1900,0.0,0.0
2023-05-01 00:00:00-04:00,0.20999999344348907,0.20999999344348907,0.20000000298023224,0.20000000298023224,75200,0.0,0.0
2023-05-02 00:00:00-04:00,0.20000000298023224,0.20000000298023224,0.1899999976158142,0.20000000298023224,53200,0.0,0.0
2023-05-03 00:00:00-04:00,0.20000000298023224,0.20000000298023224,0.1899999976158142,0.1899999976158142,40500,0.0,0.0
2023-05-04 00:00:00-04:00,0.1899999976158142,0.1899999976158142,0.1899999976158142,0.1899999976158142,20500,0.0,0.0
2023-05-05 00:00:00-04:00,0.1899999976158142,0.1899999976158142,0.18000000715255737,0.18000000715255737,23600,0.0,0.0
2023-05-08 00:00:00-04:00,0.18000000715255737,0.20000000298023224,0.18000000715255737,0.20000000298023224,61500,0.0,0.0
2023-05-09 00:00:00-04:00,0.20000000298023224,0.20000000298023224,0.1899999976158142,0.20000000298023224,171800,0.0,0.0
2023-05-10 00:00:00-04:00,0.20000000298023224,0.20000000298023224,0.1899999976158142,0.1899999976158142,38000,0.0,0.0
2023-05-11 00:00:00-04:00,0.1899999976158142,0.20999999344348907,0.1899999976158142,0.1899999976158142,96500,0.0,0.0
2023-05-12 00:00:00-04:00,0.20000000298023224,0.20000000298023224,0.20000000298023224,0.20000000298023224,1000,0.0,0.0
2023-05-15 00:00:00-04:00,0.20000000298023224,0.20000000298023224,0.1899999976158142,0.20000000298023224,6100,0.0,0.0
2023-05-16 00:00:00-04:00,0.20000000298023224,0.20000000298023224,0.1899999976158142,0.20000000298023224,92000,0.0,0.0
2023-05-17 00:00:00-04:00,0.20000000298023224,0.20000000298023224,0.20000000298023224,0.20000000298023224,0,0.0,0.0
2023-05-18 00:00:00-04:00,0.1899999976158142,0.20000000298023224,0.1899999976158142,0.1899999976158142,88000,0.0,0.0
2023-05-19 00:00:00-04:00,0.20000000298023224,0.20999999344348907,0.20000000298023224,0.20999999344348907,216700,0.0,0.0
2023-05-23 00:00:00-04:00,0.20999999344348907,0.20999999344348907,0.20000000298023224,0.20000000298023224,70100,0.0,0.0
2023-05-24 00:00:00-04:00,0.20999999344348907,0.20999999344348907,0.20000000298023224,0.20000000298023224,12000,0.0,0.0
2023-05-25 00:00:00-04:00,0.20000000298023224,0.20000000298023224,0.20000000298023224,0.20000000298023224,43800,0.0,0.0
2023-05-26 00:00:00-04:00,0.20000000298023224,0.20000000298023224,0.20000000298023224,0.20000000298023224,0,0.0,0.0
2023-05-29 00:00:00-04:00,0.20999999344348907,0.20999999344348907,0.20000000298023224,0.20000000298023224,9000,0.0,0.0
2023-05-30 00:00:00-04:00,0.20000000298023224,0.20999999344348907,0.1899999976158142,0.1899999976158142,43200,0.0,0.0
2023-05-31 00:00:00-04:00,0.20000000298023224,0.20000000298023224,0.1899999976158142,0.20000000298023224,33200,0.0,0.0
2023-06-01 00:00:00-04:00,0.20000000298023224,0.20999999344348907,0.20000000298023224,0.20999999344348907,19600,0.0,0.0
2023-06-02 00:00:00-04:00,0.20000000298023224,0.20000000298023224,0.1899999976158142,0.20000000298023224,24700,0.0,0.0
2023-06-05 00:00:00-04:00,0.1899999976158142,0.1899999976158142,0.1899999976158142,0.1899999976158142,4000,0.0,0.0
2023-06-06 00:00:00-04:00,0.20000000298023224,0.20999999344348907,0.20000000298023224,0.20999999344348907,34300,0.0,0.0
2023-06-07 00:00:00-04:00,0.20999999344348907,0.2199999988079071,0.20999999344348907,0.2199999988079071,55200,0.0,0.0
2023-06-08 00:00:00-04:00,0.20999999344348907,0.2199999988079071,0.20999999344348907,0.20999999344348907,45000,0.0,0.0
2023-06-09 00:00:00-04:00,0.20999999344348907,0.20999999344348907,0.20999999344348907,0.20999999344348907,0,0.0,0.0
2023-06-12 00:00:00-04:00,0.20999999344348907,0.20999999344348907,0.18000000715255737,0.18000000715255737,112700,0.0,0.0
2023-06-13 00:00:00-04:00,0.1899999976158142,0.1899999976158142,0.18000000715255737,0.1899999976158142,72500,0.0,0.0
2023-06-14 00:00:00-04:00,0.1899999976158142,0.1899999976158142,0.18000000715255737,0.18000000715255737,85000,0.0,0.0
2023-06-15 00:00:00-04:00,0.18000000715255737,0.18000000715255737,0.18000000715255737,0.18000000715255737,1500,0.0,0.0
2023-06-16 00:00:00-04:00,0.1899999976158142,0.1899999976158142,0.1899999976158142,0.1899999976158142,38500,0.0,0.0
2023-06-19 00:00:00-04:00,0.1899999976158142,0.20999999344348907,0.1899999976158142,0.20999999344348907,114000,0.0,0.0
2023-06-20 00:00:00-04:00,0.20000000298023224,0.2199999988079071,0.1899999976158142,0.20999999344348907,296200,0.0,0.0
2023-06-21 00:00:00-04:00,0.2199999988079071,0.23999999463558197,0.2199999988079071,0.23000000417232513,514800,0.0,0.0
2023-06-22 00:00:00-04:00,0.23000000417232513,0.25999999046325684,0.23000000417232513,0.25,188900,0.0,0.0
2023-06-23 00:00:00-04:00,0.25,0.25999999046325684,0.23999999463558197,0.23999999463558197,131800,0.0,0.0
2023-06-26 00:00:00-04:00,0.25999999046325684,0.3100000023841858,0.25,0.30000001192092896,739800,0.0,0.0
2023-06-27 00:00:00-04:00,0.2800000011920929,0.2800000011920929,0.27000001072883606,0.27000001072883606,97000,0.0,0.0
2023-06-28 00:00:00-04:00,0.27000001072883606,0.2800000011920929,0.27000001072883606,0.27000001072883606,45000,0.0,0.0
2023-06-29 00:00:00-04:00,0.2800000011920929,0.2800000011920929,0.27000001072883606,0.2800000011920929,170000,0.0,0.0
2023-06-30 00:00:00-04:00,0.2800000011920929,0.2800000011920929,0.2800000011920929,0.2800000011920929,54100,0.0,0.0
2023-07-04 00:00:00-04:00,0.28999999165534973,0.30000001192092896,0.2800000011920929,0.2800000011920929,69900,0.0,0.0
2023-07-05 00:00:00-04:00,0.2800000011920929,0.2800000011920929,0.27000001072883606,0.2800000011920929,107400,0.0,0.0
2023-07-06 00:00:00-04:00,0.27000001072883606,0.27000001072883606,0.27000001072883606,0.27000001072883606,90600,0.0,0.0
2023-07-07 00:00:00-04:00,0.2800000011920929,0.2800000011920929,0.27000001072883606,0.27000001072883606,192700,0.0,0.0
2023-07-10 00:00:00-04:00,0.27000001072883606,0.27000001072883606,0.25,0.25,165100,0.0,0.0
2023-07-11 00:00:00-04:00,0.25999999046325684,0.25999999046325684,0.25999999046325684,0.25999999046325684,47500,0.0,0.0
2023-07-12 00:00:00-04:00,0.25999999046325684,0.25999999046325684,0.23999999463558197,0.25999999046325684,102100,0.0,0.0
2023-07-13 00:00:00-04:00,0.25999999046325684,0.25999999046325684,0.25,0.25,18500,0.0,0.0
2023-07-14 00:00:00-04:00,0.25,0.25,0.25,0.25,55500,0.0,0.0
2023-07-17 00:00:00-04:00,0.25999999046325684,0.27000001072883606,0.25999999046325684,0.27000001072883606,205000,0.0,0.0
2023-07-18 00:00:00-04:00,0.27000001072883606,0.2800000011920929,0.27000001072883606,0.2800000011920929,202100,0.0,0.0
2023-07-19 00:00:00-04:00,0.27000001072883606,0.27000001072883606,0.25999999046325684,0.25999999046325684,11600,0.0,0.0
2023-07-20 00:00:00-04:00,0.25999999046325684,0.25999999046325684,0.25999999046325684,0.25999999046325684,33500,0.0,0.0
2023-07-21 00:00:00-04:00,0.25999999046325684,0.27000001072883606,0.25,0.25999999046325684,36000,0.0,0.0
2023-07-24 00:00:00-04:00,0.25999999046325684,0.25999999046325684,0.25,0.25,4100,0.0,0.0
2023-07-25 00:00:00-04:00,0.25999999046325684,0.25999999046325684,0.25,0.25,5600,0.0,0.0
2023-07-26 00:00:00-04:00,0.25,0.25,0.23999999463558197,0.25,9500,0.0,0.0
2023-07-27 00:00:00-04:00,0.23999999463558197,0.25999999046325684,0.23999999463558197,0.25999999046325684,105000,0.0,0.0
2023-07-28 00:00:00-04:00,0.23000000417232513,0.27000001072883606,0.23000000417232513,0.25999999046325684,107200,0.0,0.0
2023-07-31 00:00:00-04:00,0.27000001072883606,0.27000001072883606,0.25999999046325684,0.25999999046325684,53100,0.0,0.0
2023-08-01 00:00:00-04:00,0.25999999046325684,0.25999999046325684,0.25,0.25999999046325684,27000,0.0,0.0
2023-08-02 00:00:00-04:00,0.25,0.25,0.25,0.25,7500,0.0,0.0
2023-08-03 00:00:00-04:00,0.25999999046325684,0.25999999046325684,0.25,0.25,10500,0.0,0.0
2023-08-04 00:00:00-04:00,0.25,0.25,0.23999999463558197,0.25,15500,0.0,0.0
2023-08-08 00:00:00-04:00,0.25999999046325684,0.25999999046325684,0.25,0.25,10000,0.0,0.0
2023-08-09 00:00:00-04:00,0.23999999463558197,0.23999999463558197,0.23999999463558197,0.23999999463558197,13500,0.0,0.0
2023-08-10 00:00:00-04:00,0.23999999463558197,0.25,0.23999999463558197,0.25,40500,0.0,0.0
2023-08-11 00:00:00-04:00,0.25,0.25999999046325684,0.23999999463558197,0.25,53600,0.0,0.0
2023-08-14 00:00:00-04:00,0.25,0.27000001072883606,0.25,0.25999999046325684,38500,0.0,0.0
2023-08-15 00:00:00-04:00,0.25,0.25,0.23999999463558197,0.25,31500,0.0,0.0
2023-08-16 00:00:00-04:00,0.23999999463558197,0.23999999463558197,0.23000000417232513,0.23000000417232513,58600,0.0,0.0
2023-08-17 00:00:00-04:00,0.2199999988079071,0.23000000417232513,0.2199999988079071,0.2199999988079071,103000,0.0,0.0
2023-08-18 00:00:00-04:00,0.20000000298023224,0.20999999344348907,0.20000000298023224,0.20999999344348907,22000,0.0,0.0
2023-08-21 00:00:00-04:00,0.20000000298023224,0.20999999344348907,0.20000000298023224,0.20000000298023224,33000,0.0,0.0
2023-08-22 00:00:00-04:00,0.20999999344348907,0.20999999344348907,0.20999999344348907,0.20999999344348907,2100,0.0,0.0
2023-08-23 00:00:00-04:00,0.2199999988079071,0.23000000417232513,0.2199999988079071,0.23000000417232513,20000,0.0,0.0
2023-08-24 00:00:00-04:00,0.20999999344348907,0.2199999988079071,0.20999999344348907,0.2199999988079071,25300,0.0,0.0
2023-08-25 00:00:00-04:00,0.23000000417232513,0.23000000417232513,0.23000000417232513,0.23000000417232513,69000,0.0,0.0
2023-08-28 00:00:00-04:00,0.2199999988079071,0.25999999046325684,0.2199999988079071,0.25999999046325684,6300,0.0,0.0
2023-08-29 00:00:00-04:00,0.25999999046325684,0.27000001072883606,0.25,0.25999999046325684,87200,0.0,0.0
2023-08-30 00:00:00-04:00,0.25999999046325684,0.27000001072883606,0.25999999046325684,0.25999999046325684,31500,0.0,0.0
2023-08-31 00:00:00-04:00,0.25999999046325684,0.25999999046325684,0.25999999046325684,0.25999999046325684,32500,0.0,0.0
2023-09-01 00:00:00-04:00,0.25,0.25,0.25,0.25,19500,0.0,0.0
2023-09-05 00:00:00-04:00,0.23999999463558197,0.23999999463558197,0.23000000417232513,0.23999999463558197,14500,0.0,0.0
2023-09-06 00:00:00-04:00,0.23999999463558197,0.23999999463558197,0.23000000417232513,0.23000000417232513,29500,0.0,0.0
2023-09-07 00:00:00-04:00,0.25,0.25,0.2199999988079071,0.2199999988079071,26000,0.0,0.0
2023-09-08 00:00:00-04:00,0.20999999344348907,0.23000000417232513,0.20999999344348907,0.23000000417232513,30500,0.0,0.0
2023-09-11 00:00:00-04:00,0.2199999988079071,0.2199999988079071,0.20999999344348907,0.20999999344348907,101000,0.0,0.0
2023-09-12 00:00:00-04:00,0.20999999344348907,0.20999999344348907,0.20000000298023224,0.20000000298023224,69500,0.0,0.0
2023-09-13 00:00:00-04:00,0.20000000298023224,0.23000000417232513,0.20000000298023224,0.23000000417232513,113500,0.0,0.0
2023-09-14 00:00:00-04:00,0.2199999988079071,0.2199999988079071,0.20000000298023224,0.2199999988079071,63700,0.0,0.0
2023-09-15 00:00:00-04:00,0.23000000417232513,0.23000000417232513,0.23000000417232513,0.23000000417232513,12000,0.0,0.0
2023-09-18 00:00:00-04:00,0.2199999988079071,0.23000000417232513,0.2199999988079071,0.23000000417232513,4300,0.0,0.0
2023-09-19 00:00:00-04:00,0.2199999988079071,0.2199999988079071,0.20000000298023224,0.20000000298023224,53000,0.0,0.0
2023-09-20 00:00:00-04:00,0.20000000298023224,0.23000000417232513,0.20000000298023224,0.23000000417232513,117800,0.0,0.0
2023-09-21 00:00:00-04:00,0.2199999988079071,0.23000000417232513,0.2199999988079071,0.2199999988079071,51300,0.0,0.0
2023-09-22 00:00:00-04:00,0.2199999988079071,0.23000000417232513,0.2199999988079071,0.23000000417232513,6500,0.0,0.0
2023-09-25 00:00:00-04:00,0.23000000417232513,0.23000000417232513,0.23000000417232513,0.23000000417232513,10500,0.0,0.0
2023-09-26 00:00:00-04:00,0.23000000417232513,0.23000000417232513,0.23000000417232513,0.23000000417232513,0,0.0,0.0
2023-09-27 00:00:00-04:00,0.2199999988079071,0.2199999988079071,0.2199999988079071,0.2199999988079071,2000,0.0,0.0
2023-09-28 00:00:00-04:00,0.2199999988079071,0.2199999988079071,0.20000000298023224,0.20999999344348907,238200,0.0,0.0
2023-09-29 00:00:00-04:00,0.20000000298023224,0.2199999988079071,0.20000000298023224,0.2199999988079071,64500,0.0,0.0
2023-10-02 00:00:00-04:00,0.20999999344348907,0.20999999344348907,0.20999999344348907,0.20999999344348907,13000,0.0,0.0
2023-10-03 00:00:00-04:00,0.20999999344348907,0.20999999344348907,0.20999999344348907,0.20999999344348907,16000,0.0,0.0
2023-10-04 00:00:00-04:00,0.20999999344348907,0.20999999344348907,0.20999999344348907,0.20999999344348907,1500,0.0,0.0
2023-10-05 00:00:00-04:00,0.20000000298023224,0.20000000298023224,0.20000000298023224,0.20000000298023224,155000,0.0,0.0
2023-10-06 00:00:00-04:00,0.20999999344348907,0.20999999344348907,0.20000000298023224,0.20999999344348907,114500,0.0,0.0
2023-10-10 00:00:00-04:00,0.20000000298023224,0.20000000298023224,0.18000000715255737,0.1899999976158142,142200,0.0,0.0
2023-10-11 00:00:00-04:00,0.18000000715255737,0.18000000715255737,0.18000000715255737,0.18000000715255737,16200,0.0,0.0
2023-10-12 00:00:00-04:00,0.1899999976158142,0.20999999344348907,0.1899999976158142,0.20000000298023224,428500,0.0,0.0
2023-10-13 00:00:00-04:00,0.20999999344348907,0.2199999988079071,0.20999999344348907,0.20999999344348907,50800,0.0,0.0
2023-10-16 00:00:00-04:00,0.20000000298023224,0.20999999344348907,0.1899999976158142,0.20999999344348907,364600,0.0,0.0
2023-10-17 00:00:00-04:00,0.20000000298023224,0.20000000298023224,0.1899999976158142,0.20000000298023224,17500,0.0,0.0
2023-10-18 00:00:00-04:00,0.2199999988079071,0.2199999988079071,0.2199999988079071,0.2199999988079071,40000,0.0,0.0
2023-10-19 00:00:00-04:00,0.2199999988079071,0.2199999988079071,0.20999999344348907,0.2199999988079071,1069300,0.0,0.0
2023-10-20 00:00:00-04:00,0.2199999988079071,0.2199999988079071,0.20999999344348907,0.2199999988079071,21000,0.0,0.0
2023-10-23 00:00:00-04:00,0.20999999344348907,0.20999999344348907,0.20000000298023224,0.20000000298023224,27000,0.0,0.0
2023-10-24 00:00:00-04:00,0.20000000298023224,0.20000000298023224,0.1899999976158142,0.20000000298023224,26900,0.0,0.0
2023-10-25 00:00:00-04:00,0.20000000298023224,0.20000000298023224,0.20000000298023224,0.20000000298023224,500,0.0,0.0
2023-10-26 00:00:00-04:00,0.20000000298023224,0.20000000298023224,0.20000000298023224,0.20000000298023224,12000,0.0,0.0
2023-10-27 00:00:00-04:00,0.1899999976158142,0.20000000298023224,0.18000000715255737,0.20000000298023224,104900,0.0,0.0
2023-10-30 00:00:00-04:00,0.1899999976158142,0.1899999976158142,0.18000000715255737,0.1899999976158142,16500,0.0,0.0
2023-10-31 00:00:00-04:00,0.1899999976158142,0.1899999976158142,0.1899999976158142,0.1899999976158142,37000,0.0,0.0
2023-11-01 00:00:00-04:00,0.1899999976158142,0.1899999976158142,0.1899999976158142,0.1899999976158142,13500,0.0,0.0
2023-11-02 00:00:00-04:00,0.1899999976158142,0.1899999976158142,0.1899999976158142,0.1899999976158142,3000,0.0,0.0
2023-11-03 00:00:00-04:00,0.1899999976158142,0.1899999976158142,0.1899999976158142,0.1899999976158142,6500,0.0,0.0
2023-11-06 00:00:00-05:00,0.1899999976158142,0.1899999976158142,0.1899999976158142,0.1899999976158142,4500,0.0,0.0
2023-11-07 00:00:00-05:00,0.1899999976158142,0.1899999976158142,0.18000000715255737,0.18000000715255737,53500,0.0,0.0
2023-11-08 00:00:00-05:00,0.18000000715255737,0.18000000715255737,0.1599999964237213,0.18000000715255737,107100,0.0,0.0
2023-11-09 00:00:00-05:00,0.18000000715255737,0.18000000715255737,0.18000000715255737,0.18000000715255737,900,0.0,0.0
2023-11-10 00:00:00-05:00,0.18000000715255737,0.18000000715255737,0.18000000715255737,0.18000000715255737,16500,0.0,0.0
2023-11-13 00:00:00-05:00,0.18000000715255737,0.18000000715255737,0.18000000715255737,0.18000000715255737,113300,0.0,0.0
2023-11-14 00:00:00-05:00,0.18000000715255737,0.18000000715255737,0.17000000178813934,0.17000000178813934,38000,0.0,0.0
2023-11-15 00:00:00-05:00,0.17000000178813934,0.17000000178813934,0.1599999964237213,0.17000000178813934,27000,0.0,0.0
2023-11-16 00:00:00-05:00,0.17000000178813934,0.17000000178813934,0.17000000178813934,0.17000000178813934,500,0.0,0.0
2023-11-17 00:00:00-05:00,0.17000000178813934,0.17000000178813934,0.17000000178813934,0.17000000178813934,58200,0.0,0.0
2023-11-20 00:00:00-05:00,0.17000000178813934,0.17000000178813934,0.17000000178813934,0.17000000178813934,9000,0.0,0.0
2023-11-21 00:00:00-05:00,0.17000000178813934,0.17000000178813934,0.17000000178813934,0.17000000178813934,6400,0.0,0.0
2023-11-22 00:00:00-05:00,0.17000000178813934,0.17000000178813934,0.1599999964237213,0.1599999964237213,21000,0.0,0.0
2023-11-23 00:00:00-05:00,0.1599999964237213,0.1599999964237213,0.1599999964237213,0.1599999964237213,20000,0.0,0.0
2023-11-24 00:00:00-05:00,0.1599999964237213,0.1599999964237213,0.1599999964237213,0.1599999964237213,38500,0.0,0.0
2023-11-27 00:00:00-05:00,0.1599999964237213,0.17000000178813934,0.1599999964237213,0.1599999964237213,177600,0.0,0.0
2023-11-28 00:00:00-05:00,0.1599999964237213,0.17000000178813934,0.1599999964237213,0.17000000178813934,140200,0.0,0.0
2023-11-29 00:00:00-05:00,0.18000000715255737,0.18000000715255737,0.18000000715255737,0.18000000715255737,94000,0.0,0.0
2023-11-30 00:00:00-05:00,0.18000000715255737,0.1899999976158142,0.18000000715255737,0.18000000715255737,237000,0.0,0.0
2023-12-01 00:00:00-05:00,0.18000000715255737,0.1899999976158142,0.18000000715255737,0.1899999976158142,145500,0.0,0.0
2023-12-04 00:00:00-05:00,0.1899999976158142,0.20000000298023224,0.1899999976158142,0.20000000298023224,606500,0.0,0.0
2023-12-05 00:00:00-05:00,0.20999999344348907,0.2199999988079071,0.20000000298023224,0.20999999344348907,1810500,0.0,0.0
2023-12-06 00:00:00-05:00,0.20999999344348907,0.2199999988079071,0.20999999344348907,0.20999999344348907,42100,0.0,0.0
2023-12-07 00:00:00-05:00,0.20999999344348907,0.23000000417232513,0.20000000298023224,0.2199999988079071,493900,0.0,0.0
2023-12-08 00:00:00-05:00,0.2199999988079071,0.23999999463558197,0.2199999988079071,0.23000000417232513,102800,0.0,0.0
2023-12-11 00:00:00-05:00,0.23999999463558197,0.25,0.23999999463558197,0.25,169800,0.0,0.0
2023-12-12 00:00:00-05:00,0.23999999463558197,0.27000001072883606,0.23999999463558197,0.25,331000,0.0,0.0
2023-12-13 00:00:00-05:00,0.23999999463558197,0.27000001072883606,0.2199999988079071,0.25999999046325684,510800,0.0,0.0
2023-12-14 00:00:00-05:00,0.27000001072883606,0.27000001072883606,0.23999999463558197,0.23999999463558197,31000,0.0,0.0
2023-12-15 00:00:00-05:00,0.23000000417232513,0.23000000417232513,0.23000000417232513,0.23000000417232513,17000,0.0,0.0
2023-12-18 00:00:00-05:00,0.23999999463558197,0.27000001072883606,0.23999999463558197,0.27000001072883606,203400,0.0,0.0
2023-12-19 00:00:00-05:00,0.2800000011920929,0.3199999928474426,0.2800000011920929,0.30000001192092896,784200,0.0,0.0
2023-12-20 00:00:00-05:00,0.3700000047683716,0.4300000071525574,0.3700000047683716,0.3799999952316284,3408100,0.0,0.0
2023-12-21 00:00:00-05:00,0.38999998569488525,0.4399999976158142,0.38999998569488525,0.4099999964237213,1491300,0.0,0.0
2023-12-22 00:00:00-05:00,0.41999998688697815,0.41999998688697815,0.3799999952316284,0.3799999952316284,554700,0.0,0.0
2023-12-27 00:00:00-05:00,0.38999998569488525,0.38999998569488525,0.3499999940395355,0.3799999952316284,831200,0.0,0.0
2023-12-28 00:00:00-05:00,0.38999998569488525,0.4099999964237213,0.3799999952316284,0.38999998569488525,1311200,0.0,0.0
2023-12-29 00:00:00-05:00,0.38999998569488525,0.41999998688697815,0.38999998569488525,0.4000000059604645,1467200,0.0,0.0
2024-01-02 00:00:00-05:00,0.4000000059604645,0.4000000059604645,0.38999998569488525,0.38999998569488525,157900,0.0,0.0
2024-01-03 00:00:00-05:00,0.38999998569488525,0.38999998569488525,0.3799999952316284,0.38999998569488525,61700,0.0,0.0
2024-01-04 00:00:00-05:00,0.3799999952316284,0.38999998569488525,0.3799999952316284,0.38999998569488525,86000,0.0,0.0
2024-01-05 00:00:00-05:00,0.38999998569488525,0.38999998569488525,0.36000001430511475,0.3799999952316284,298600,0.0,0.0
2024-01-08 00:00:00-05:00,0.3799999952316284,0.38999998569488525,0.3499999940395355,0.3499999940395355,770600,0.0,0.0
2024-01-09 00:00:00-05:00,0.3499999940395355,0.36000001430511475,0.3499999940395355,0.3499999940395355,212200,0.0,0.0
2024-01-10 00:00:00-05:00,0.36000001430511475,0.3700000047683716,0.36000001430511475,0.36000001430511475,161000,0.0,0.0
2024-01-11 00:00:00-05:00,0.3799999952316284,0.3799999952316284,0.3499999940395355,0.3499999940395355,30000,0.0,0.0
2024-01-12 00:00:00-05:00,0.3499999940395355,0.36000001430511475,0.3499999940395355,0.36000001430511475,138900,0.0,0.0
2024-01-15 00:00:00-05:00,0.36000001430511475,0.36000001430511475,0.3499999940395355,0.3499999940395355,805700,0.0,0.0
2024-01-16 00:00:00-05:00,0.3400000035762787,0.3499999940395355,0.3400000035762787,0.3499999940395355,345300,0.0,0.0
2024-01-17 00:00:00-05:00,0.3499999940395355,0.36000001430511475,0.3499999940395355,0.3499999940395355,535700,0.0,0.0
2024-01-18 00:00:00-05:00,0.3499999940395355,0.36000001430511475,0.3400000035762787,0.3499999940395355,252800,0.0,0.0
2024-01-19 00:00:00-05:00,0.3499999940395355,0.3499999940395355,0.3400000035762787,0.3499999940395355,129000,0.0,0.0
2024-01-22 00:00:00-05:00,0.3499999940395355,0.3499999940395355,0.3100000023841858,0.3199999928474426,313100,0.0,0.0
2024-01-23 00:00:00-05:00,0.3199999928474426,0.3499999940395355,0.3199999928474426,0.33000001311302185,363300,0.0,0.0
2024-01-24 00:00:00-05:00,0.3499999940395355,0.3499999940395355,0.3400000035762787,0.3499999940395355,57500,0.0,0.0
2024-01-25 00:00:00-05:00,0.3499999940395355,0.3499999940395355,0.3400000035762787,0.3400000035762787,46500,0.0,0.0
2024-01-26 00:00:00-05:00,0.3400000035762787,0.3400000035762787,0.3199999928474426,0.33000001311302185,500700,0.0,0.0
2024-01-29 00:00:00-05:00,0.3400000035762787,0.3400000035762787,0.33000001311302185,0.3400000035762787,96100,0.0,0.0
2024-01-30 00:00:00-05:00,0.3499999940395355,0.3499999940395355,0.33000001311302185,0.33000001311302185,59000,0.0,0.0
2024-01-31 00:00:00-05:00,0.3499999940395355,0.3499999940395355,0.3199999928474426,0.3199999928474426,264000,0.0,0.0
2024-02-01 00:00:00-05:00,0.3199999928474426,0.3400000035762787,0.3100000023841858,0.3400000035762787,131600,0.0,0.0
2024-02-02 00:00:00-05:00,0.3199999928474426,0.3400000035762787,0.3199999928474426,0.33000001311302185,197800,0.0,0.0
2024-02-05 00:00:00-05:00,0.33000001311302185,0.33000001311302185,0.3199999928474426,0.3199999928474426,48500,0.0,0.0
2024-02-06 00:00:00-05:00,0.33000001311302185,0.33000001311302185,0.33000001311302185,0.33000001311302185,2500,0.0,0.0
2024-02-07 00:00:00-05:00,0.33000001311302185,0.33000001311302185,0.3199999928474426,0.3199999928474426,329500,0.0,0.0
2024-02-08 00:00:00-05:00,0.3199999928474426,0.33000001311302185,0.3199999928474426,0.33000001311302185,527600,0.0,0.0
2024-02-09 00:00:00-05:00,0.33000001311302185,0.33000001311302185,0.3199999928474426,0.33000001311302185,194500,0.0,0.0
2024-02-12 00:00:00-05:00,0.33000001311302185,0.3499999940395355,0.33000001311302185,0.3499999940395355,141300,0.0,0.0
2024-02-13 00:00:00-05:00,0.3400000035762787,0.36000001430511475,0.3199999928474426,0.3199999928474426,194300,0.0,0.0
2024-02-14 00:00:00-05:00,0.33000001311302185,0.33000001311302185,0.3199999928474426,0.33000001311302185,48500,0.0,0.0
2024-02-15 00:00:00-05:00,0.33000001311302185,0.3499999940395355,0.33000001311302185,0.3400000035762787,156100,0.0,0.0
2024-02-16 00:00:00-05:00,0.3499999940395355,0.38999998569488525,0.3400000035762787,0.3499999940395355,1264100,0.0,0.0
2024-02-20 00:00:00-05:00,0.3499999940395355,0.3700000047683716,0.3499999940395355,0.3700000047683716,46800,0.0,0.0
2024-02-21 00:00:00-05:00,0.3700000047683716,0.3700000047683716,0.3499999940395355,0.3499999940395355,68600,0.0,0.0
2024-02-22 00:00:00-05:00,0.3400000035762787,0.3400000035762787,0.33000001311302185,0.33000001311302185,92200,0.0,0.0
2024-02-23 00:00:00-05:00,0.33000001311302185,0.3400000035762787,0.33000001311302185,0.3400000035762787,45500,0.0,0.0
2024-02-26 00:00:00-05:00,0.33000001311302185,0.3400000035762787,0.33000001311302185,0.3400000035762787,83100,0.0,0.0
2024-02-27 00:00:00-05:00,0.33000001311302185,0.3400000035762787,0.33000001311302185,0.33000001311302185,7000,0.0,0.0
2024-02-28 00:00:00-05:00,0.3400000035762787,0.3400000035762787,0.3400000035762787,0.3400000035762787,36000,0.0,0.0
2024-02-29 00:00:00-05:00,0.3400000035762787,0.3400000035762787,0.33000001311302185,0.3400000035762787,75400,0.0,0.0
2024-03-01 00:00:00-05:00,0.3400000035762787,0.3700000047683716,0.33000001311302185,0.3700000047683716,100100,0.0,0.0
2024-03-04 00:00:00-05:00,0.3700000047683716,0.38999998569488525,0.36000001430511475,0.3700000047683716,399700,0.0,0.0
2024-03-05 00:00:00-05:00,0.36000001430511475,0.3700000047683716,0.36000001430511475,0.3700000047683716,49700,0.0,0.0
2024-03-06 00:00:00-05:00,0.3700000047683716,0.3700000047683716,0.36000001430511475,0.3700000047683716,112500,0.0,0.0
2024-03-07 00:00:00-05:00,0.3700000047683716,0.3799999952316284,0.3700000047683716,0.3799999952316284,126500,0.0,0.0
2024-03-08 00:00:00-05:00,0.3700000047683716,0.3700000047683716,0.36000001430511475,0.3700000047683716,114500,0.0,0.0
2024-03-11 00:00:00-04:00,0.3700000047683716,0.3700000047683716,0.3499999940395355,0.3700000047683716,306200,0.0,0.0
2024-03-12 00:00:00-04:00,0.3700000047683716,0.3700000047683716,0.3700000047683716,0.3700000047683716,81900,0.0,0.0
2024-03-13 00:00:00-04:00,0.36000001430511475,0.3799999952316284,0.3499999940395355,0.3700000047683716,303500,0.0,0.0
2024-03-14 00:00:00-04:00,0.36000001430511475,0.4000000059604645,0.36000001430511475,0.3700000047683716,339100,0.0,0.0
2024-03-15 00:00:00-04:00,0.3799999952316284,0.3799999952316284,0.3700000047683716,0.3700000047683716,22500,0.0,0.0
2024-03-18 00:00:00-04:00,0.3799999952316284,0.3799999952316284,0.3700000047683716,0.3700000047683716,48000,0.0,0.0
2024-03-19 00:00:00-04:00,0.3799999952316284,0.3799999952316284,0.3799999952316284,0.3799999952316284,30000,0.0,0.0
2024-03-20 00:00:00-04:00,0.3799999952316284,0.4000000059604645,0.3799999952316284,0.38999998569488525,122500,0.0,0.0
2024-03-21 00:00:00-04:00,0.4000000059604645,0.4000000059604645,0.3700000047683716,0.3799999952316284,164300,0.0,0.0
2024-03-22 00:00:00-04:00,0.3799999952316284,0.3799999952316284,0.3799999952316284,0.3799999952316284,6600,0.0,0.0
2024-03-25 00:00:00-04:00,0.3799999952316284,0.38999998569488525,0.3700000047683716,0.3700000047683716,90600,0.0,0.0
2024-03-26 00:00:00-04:00,0.3700000047683716,0.3700000047683716,0.36000001430511475,0.3700000047683716,150100,0.0,0.0
2024-03-27 00:00:00-04:00,0.3700000047683716,0.3799999952316284,0.3700000047683716,0.3700000047683716,56900,0.0,0.0
2024-03-28 00:00:00-04:00,0.3700000047683716,0.38999998569488525,0.3700000047683716,0.3700000047683716,70600,0.0,0.0
2024-04-01 00:00:00-04:00,0.38999998569488525,0.41999998688697815,0.38999998569488525,0.41999998688697815,383900,0.0,0.0
2024-04-02 00:00:00-04:00,0.41999998688697815,0.44999998807907104,0.4000000059604645,0.44999998807907104,331800,0.0,0.0
2024-04-03 00:00:00-04:00,0.4399999976158142,0.46000000834465027,0.4399999976158142,0.44999998807907104,459900,0.0,0.0
2024-04-04 00:00:00-04:00,0.44999998807907104,0.46000000834465027,0.4399999976158142,0.46000000834465027,308900,0.0,0.0
2024-04-05 00:00:00-04:00,0.44999998807907104,0.44999998807907104,0.4300000071525574,0.44999998807907104,368100,0.0,0.0
2024-04-08 00:00:00-04:00,0.44999998807907104,0.44999998807907104,0.4300000071525574,0.4300000071525574,238600,0.0,0.0
2024-04-09 00:00:00-04:00,0.4000000059604645,0.4300000071525574,0.4000000059604645,0.4099999964237213,1355500,0.0,0.0
2024-04-10 00:00:00-04:00,0.41999998688697815,0.4300000071525574,0.4099999964237213,0.4300000071525574,756100,0.0,0.0
2024-04-11 00:00:00-04:00,0.4300000071525574,0.4399999976158142,0.41999998688697815,0.4300000071525574,378800,0.0,0.0
2024-04-12 00:00:00-04:00,0.4399999976158142,0.46000000834465027,0.4399999976158142,0.44999998807907104,827100,0.0,0.0
2024-04-15 00:00:00-04:00,0.44999998807907104,0.44999998807907104,0.4300000071525574,0.4300000071525574,209600,0.0,0.0
2024-04-16 00:00:00-04:00,0.41999998688697815,0.4399999976158142,0.4099999964237213,0.4399999976158142,323600,0.0,0.0
2024-04-17 00:00:00-04:00,0.44999998807907104,0.46000000834465027,0.4399999976158142,0.44999998807907104,164600,0.0,0.0
2024-04-18 00:00:00-04:00,0.44999998807907104,0.44999998807907104,0.4300000071525574,0.44999998807907104,387000,0.0,0.0
2024-04-19 00:00:00-04:00,0.44999998807907104,0.4699999988079071,0.44999998807907104,0.4699999988079071,166200,0.0,0.0
2024-04-22 00:00:00-04:00,0.46000000834465027,0.4699999988079071,0.46000000834465027,0.4699999988079071,55900,0.0,0.0
2024-04-23 00:00:00-04:00,0.46000000834465027,0.47999998927116394,0.4399999976158142,0.4699999988079071,272300,0.0,0.0
2024-04-24 00:00:00-04:00,0.46000000834465027,0.46000000834465027,0.4300000071525574,0.46000000834465027,430600,0.0,0.0
2024-04-25 00:00:00-04:00,0.4699999988079071,0.4699999988079071,0.4300000071525574,0.46000000834465027,512500,0.0,0.0
2024-04-26 00:00:00-04:00,0.46000000834465027,0.4699999988079071,0.4399999976158142,0.4699999988079071,328800,0.0,0.0
2024-04-29 00:00:00-04:00,0.4699999988079071,0.47999998927116394,0.4699999988079071,0.47999998927116394,184200,0.0,0.0
2024-04-30 00:00:00-04:00,0.4699999988079071,0.4699999988079071,0.44999998807907104,0.44999998807907104,110300,0.0,0.0
2024-05-01 00:00:00-04:00,0.46000000834465027,0.46000000834465027,0.4399999976158142,0.46000000834465027,42800,0.0,0.0
2024-05-02 00:00:00-04:00,0.46000000834465027,0.46000000834465027,0.4399999976158142,0.46000000834465027,145800,0.0,0.0
2024-05-03 00:00:00-04:00,0.46000000834465027,0.4699999988079071,0.44999998807907104,0.46000000834465027,298800,0.0,0.0
2024-05-06 00:00:00-04:00,0.47999998927116394,0.5,0.47999998927116394,0.49000000953674316,264700,0.0,0.0
2024-05-07 00:00:00-04:00,0.49000000953674316,0.49000000953674316,0.49000000953674316,0.49000000953674316,38000,0.0,0.0
2024-05-08 00:00:00-04:00,0.49000000953674316,0.49000000953674316,0.4699999988079071,0.4699999988079071,73400,0.0,0.0
2024-05-09 00:00:00-04:00,0.4699999988079071,0.49000000953674316,0.4699999988079071,0.49000000953674316,359200,0.0,0.0
2024-05-10 00:00:00-04:00,0.49000000953674316,0.5,0.49000000953674316,0.49000000953674316,200400,0.0,0.0
2024-05-13 00:00:00-04:00,0.5,0.5199999809265137,0.49000000953674316,0.5199999809265137,302000,0.0,0.0
2024-05-14 00:00:00-04:00,0.5199999809265137,0.550000011920929,0.5199999809265137,0.550000011920929,520900,0.0,0.0
2024-05-15 00:00:00-04:00,0.550000011920929,0.5799999833106995,0.550000011920929,0.5699999928474426,261300,0.0,0.0
2024-05-16 00:00:00-04:00,0.5799999833106995,0.5899999737739563,0.5600000023841858,0.5799999833106995,197900,0.0,0.0
2024-05-17 00:00:00-04:00,0.5699999928474426,0.5899999737739563,0.5699999928474426,0.5799999833106995,253000,0.0,0.0
2024-05-21 00:00:00-04:00,0.6000000238418579,0.6399999856948853,0.5899999737739563,0.6399999856948853,419400,0.0,0.0
2024-05-22 00:00:00-04:00,0.6399999856948853,0.6399999856948853,0.5600000023841858,0.5699999928474426,204600,0.0,0.0
2024-05-23 00:00:00-04:00,0.5699999928474426,0.5699999928474426,0.5400000214576721,0.5400000214576721,203500,0.0,0.0
2024-05-24 00:00:00-04:00,0.550000011920929,0.550000011920929,0.5299999713897705,0.5299999713897705,54400,0.0,0.0
2024-05-27 00:00:00-04:00,0.5400000214576721,0.5600000023841858,0.5199999809265137,0.5199999809265137,135200,0.0,0.0
2024-05-28 00:00:00-04:00,0.5299999713897705,0.5699999928474426,0.5299999713897705,0.5699999928474426,78300,0.0,0.0
2024-05-29 00:00:00-04:00,0.5600000023841858,0.5600000023841858,0.550000011920929,0.550000011920929,46100,0.0,0.0
2024-05-30 00:00:00-04:00,0.5600000023841858,0.5600000023841858,0.5299999713897705,0.5299999713897705,119100,0.0,0.0
2024-05-31 00:00:00-04:00,0.5400000214576721,0.5400000214576721,0.5199999809265137,0.5299999713897705,102200,0.0,0.0
2024-06-03 00:00:00-04:00,0.5299999713897705,0.550000011920929,0.5299999713897705,0.550000011920929,237900,0.0,0.0
2024-06-04 00:00:00-04:00,0.550000011920929,0.550000011920929,0.5199999809265137,0.550000011920929,164400,0.0,0.0
2024-06-05 00:00:00-04:00,0.5400000214576721,0.5400000214576721,0.5299999713897705,0.5299999713897705,55100,0.0,0.0
2024-06-06 00:00:00-04:00,0.5299999713897705,0.550000011920929,0.5199999809265137,0.5400000214576721,116800,0.0,0.0
2024-06-07 00:00:00-04:00,0.5299999713897705,0.5299999713897705,0.49000000953674316,0.49000000953674316,429000,0.0,0.0
2024-06-10 00:00:00-04:00,0.5099999904632568,0.5099999904632568,0.49000000953674316,0.5,115400,0.0,0.0
2024-06-11 00:00:00-04:00,0.5,0.5,0.49000000953674316,0.49000000953674316,250700,0.0,0.0
2024-06-12 00:00:00-04:00,0.5,0.5099999904632568,0.49000000953674316,0.5,86900,0.0,0.0
2024-06-13 00:00:00-04:00,0.5,0.5099999904632568,0.49000000953674316,0.49000000953674316,124500,0.0,0.0
2024-06-14 00:00:00-04:00,0.49000000953674316,0.5,0.47999998927116394,0.49000000953674316,116700,0.0,0.0
2024-06-17 00:00:00-04:00,0.5,0.5,0.5,0.5,37000,0.0,0.0
2024-06-18 00:00:00-04:00,0.5,0.5,0.5,0.5,31500,0.0,0.0
2024-06-19 00:00:00-04:00,0.5,0.5,0.5,0.5,18000,0.0,0.0
2024-06-20 00:00:00-04:00,0.5,0.5199999809265137,0.5,0.5199999809265137,94000,0.0,0.0
2024-06-21 00:00:00-04:00,0.5099999904632568,0.5099999904632568,0.5,0.5,49700,0.0,0.0
2024-06-24 00:00:00-04:00,0.5099999904632568,0.5099999904632568,0.47999998927116394,0.49000000953674316,150100,0.0,0.0
2024-06-25 00:00:00-04:00,0.49000000953674316,0.49000000953674316,0.4699999988079071,0.47999998927116394,196300,0.0,0.0
2024-06-26 00:00:00-04:00,0.4699999988079071,0.47999998927116394,0.4699999988079071,0.47999998927116394,115900,0.0,0.0
2024-06-27 00:00:00-04:00,0.47999998927116394,0.47999998927116394,0.4699999988079071,0.47999998927116394,156900,0.0,0.0
2024-06-28 00:00:00-04:00,0.49000000953674316,0.5,0.49000000953674316,0.49000000953674316,56300,0.0,0.0
2024-07-02 00:00:00-04:00,0.49000000953674316,0.49000000953674316,0.49000000953674316,0.49000000953674316,15000,0.0,0.0
2024-07-03 00:00:00-04:00,0.49000000953674316,0.5,0.47999998927116394,0.5,90200,0.0,0.0
2024-07-04 00:00:00-04:00,0.5,0.5,0.5,0.5,7100,0.0,0.0
2024-07-05 00:00:00-04:00,0.5,0.5099999904632568,0.49000000953674316,0.5,146500,0.0,0.0
2024-07-08 00:00:00-04:00,0.5,0.5400000214576721,0.5,0.5400000214576721,131500,0.0,0.0
2024-07-09 00:00:00-04:00,0.550000011920929,0.550000011920929,0.5299999713897705,0.550000011920929,55800,0.0,0.0
2024-07-10 00:00:00-04:00,0.550000011920929,0.5699999928474426,0.550000011920929,0.5699999928474426,508800,0.0,0.0
2024-07-11 00:00:00-04:00,0.5699999928474426,0.5899999737739563,0.5600000023841858,0.5600000023841858,139400,0.0,0.0
2024-07-12 00:00:00-04:00,0.5600000023841858,0.5600000023841858,0.5400000214576721,0.5600000023841858,65100,0.0,0.0
2024-07-15 00:00:00-04:00,0.5699999928474426,0.5799999833106995,0.5600000023841858,0.5699999928474426,117100,0.0,0.0
2024-07-16 00:00:00-04:00,0.5799999833106995,0.6100000143051147,0.5799999833106995,0.6000000238418579,516200,0.0,0.0
2024-07-17 00:00:00-04:00,0.6100000143051147,0.6100000143051147,0.6000000238418579,0.6100000143051147,105100,0.0,0.0
2024-07-18 00:00:00-04:00,0.6000000238418579,0.6200000047683716,0.5899999737739563,0.6000000238418579,330400,0.0,0.0
2024-07-19 00:00:00-04:00,0.5799999833106995,0.6000000238418579,0.5799999833106995,0.5799999833106995,3643100,0.0,0.0
2024-07-22 00:00:00-04:00,0.5799999833106995,0.5799999833106995,0.5400000214576721,0.5400000214576721,68100,0.0,0.0
2024-07-23 00:00:00-04:00,0.5400000214576721,0.5400000214576721,0.5299999713897705,0.5400000214576721,67900,0.0,0.0
2024-07-24 00:00:00-04:00,0.5299999713897705,0.5699999928474426,0.5299999713897705,0.5600000023841858,652600,0.0,0.0
2024-07-25 00:00:00-04:00,0.550000011920929,0.550000011920929,0.5299999713897705,0.5400000214576721,58700,0.0,0.0
2024-07-26 00:00:00-04:00,0.5400000214576721,0.5400000214576721,0.5299999713897705,0.5299999713897705,58000,0.0,0.0
2024-07-29 00:00:00-04:00,0.550000011920929,0.550000011920929,0.5099999904632568,0.5199999809265137,87000,0.0,0.0
2024-07-30 00:00:00-04:00,0.5299999713897705,0.5400000214576721,0.5199999809265137,0.5199999809265137,76500,0.0,0.0
2024-07-31 00:00:00-04:00,0.5199999809265137,0.5600000023841858,0.5199999809265137,0.5600000023841858,59000,0.0,0.0
2024-08-01 00:00:00-04:00,0.550000011920929,0.550000011920929,0.5299999713897705,0.5400000214576721,20600,0.0,0.0
2024-08-02 00:00:00-04:00,0.5400000214576721,0.550000011920929,0.5099999904632568,0.5299999713897705,263800,0.0,0.0
2024-08-06 00:00:00-04:00,0.5299999713897705,0.550000011920929,0.5199999809265137,0.550000011920929,252000,0.0,0.0
2024-08-07 00:00:00-04:00,0.550000011920929,0.550000011920929,0.5199999809265137,0.5299999713897705,512200,0.0,0.0
2024-08-08 00:00:00-04:00,0.5299999713897705,0.550000011920929,0.5299999713897705,0.550000011920929,152900,0.0,0.0
2024-08-09 00:00:00-04:00,0.550000011920929,0.5600000023841858,0.5299999713897705,0.5600000023841858,129100,0.0,0.0
2024-08-12 00:00:00-04:00,0.5400000214576721,0.5799999833106995,0.5400000214576721,0.5799999833106995,112600,0.0,0.0
2024-08-13 00:00:00-04:00,0.5799999833106995,0.5899999737739563,0.5299999713897705,0.550000011920929,317700,0.0,0.0
2024-08-14 00:00:00-04:00,0.550000011920929,0.5799999833106995,0.550000011920929,0.5699999928474426,229000,0.0,0.0
2024-08-15 00:00:00-04:00,0.5699999928474426,0.5799999833106995,0.5699999928474426,0.5799999833106995,559600,0.0,0.0
2024-08-16 00:00:00-04:00,0.5899999737739563,0.5899999737739563,0.5799999833106995,0.5899999737739563,333000,0.0,0.0
2024-08-19 00:00:00-04:00,0.5799999833106995,0.6000000238418579,0.5600000023841858,0.6000000238418579,930400,0.0,0.0
2024-08-20 00:00:00-04:00,0.6100000143051147,0.6100000143051147,0.5600000023841858,0.5600000023841858,755800,0.0,0.0
2024-08-21 00:00:00-04:00,0.5799999833106995,0.5799999833106995,0.5400000214576721,0.5400000214576721,373600,0.0,0.0
2024-08-22 00:00:00-04:00,0.5600000023841858,0.5600000023841858,0.5099999904632568,0.5400000214576721,796600,0.0,0.0
2024-08-23 00:00:00-04:00,0.5400000214576721,0.5600000023841858,0.5400000214576721,0.5600000023841858,261000,0.0,0.0
2024-08-26 00:00:00-04:00,0.5600000023841858,0.5600000023841858,0.550000011920929,0.5600000023841858,101600,0.0,0.0
2024-08-27 00:00:00-04:00,0.550000011920929,0.5600000023841858,0.5299999713897705,0.5400000214576721,216800,0.0,0.0
2024-08-28 00:00:00-04:00,0.5299999713897705,0.5299999713897705,0.5299999713897705,0.5299999713897705,305500,0.0,0.0
2024-08-29 00:00:00-04:00,0.5400000214576721,0.5699999928474426,0.5400000214576721,0.5699999928474426,82000,0.0,0.0
2024-08-30 00:00:00-04:00,0.5600000023841858,0.5600000023841858,0.550000011920929,0.550000011920929,74500,0.0,0.0
2024-09-03 00:00:00-04:00,0.550000011920929,0.550000011920929,0.5199999809265137,0.5199999809265137,299600,0.0,0.0
2024-09-04 00:00:00-04:00,0.5199999809265137,0.5299999713897705,0.5199999809265137,0.5199999809265137,98100,0.0,0.0
2024-09-05 00:00:00-04:00,0.5299999713897705,0.5299999713897705,0.5199999809265137,0.5199999809265137,62800,0.0,0.0
2024-09-06 00:00:00-04:00,0.5299999713897705,0.5299999713897705,0.5,0.5099999904632568,70800,0.0,0.0
2024-09-09 00:00:00-04:00,0.5,0.5299999713897705,0.5,0.5199999809265137,44700,0.0,0.0
2024-09-10 00:00:00-04:00,0.5299999713897705,0.5299999713897705,0.5199999809265137,0.5299999713897705,27500,0.0,0.0
2024-09-11 00:00:00-04:00,0.5299999713897705,0.550000011920929,0.5199999809265137,0.550000011920929,66000,0.0,0.0
2024-09-12 00:00:00-04:00,0.5400000214576721,0.5600000023841858,0.5400000214576721,0.550000011920929,74100,0.0,0.0
2024-09-13 00:00:00-04:00,0.550000011920929,0.5699999928474426,0.5299999713897705,0.5699999928474426,119700,0.0,0.0
2024-09-16 00:00:00-04:00,0.5799999833106995,0.6100000143051147,0.5699999928474426,0.6100000143051147,158700,0.0,0.0
2024-09-17 00:00:00-04:00,0.6000000238418579,0.6100000143051147,0.5899999737739563,0.6000000238418579,136700,0.0,0.0
2024-09-18 00:00:00-04:00,0.6000000238418579,0.6299999952316284,0.6000000238418579,0.6200000047683716,1093600,0.0,0.0
2024-09-19 00:00:00-04:00,0.6200000047683716,0.6600000262260437,0.6200000047683716,0.6399999856948853,234500,0.0,0.0
2024-09-20 00:00:00-04:00,0.6399999856948853,0.6600000262260437,0.6299999952316284,0.6299999952316284,229200,0.0,0.0
2024-09-23 00:00:00-04:00,0.6299999952316284,0.6399999856948853,0.5899999737739563,0.6299999952316284,207200,0.0,0.0
2024-09-24 00:00:00-04:00,0.6200000047683716,0.6499999761581421,0.6200000047683716,0.6299999952316284,89000,0.0,0.0
2024-09-25 00:00:00-04:00,0.6299999952316284,0.6600000262260437,0.6299999952316284,0.6499999761581421,220800,0.0,0.0
2024-09-26 00:00:00-04:00,0.6600000262260437,0.6600000262260437,0.6299999952316284,0.6299999952316284,130000,0.0,0.0
2024-09-27 00:00:00-04:00,0.6399999856948853,0.6399999856948853,0.6200000047683716,0.6399999856948853,51600,0.0,0.0
2024-09-30 00:00:00-04:00,0.6200000047683716,0.6200000047683716,0.6000000238418579,0.6000000238418579,97000,0.0,0.0
2024-10-01 00:00:00-04:00,0.6100000143051147,0.6600000262260437,0.6100000143051147,0.6200000047683716,102000,0.0,0.0
2024-10-02 00:00:00-04:00,0.6700000166893005,0.7300000190734863,0.6600000262260437,0.6700000166893005,1099300,0.0,0.0
2024-10-03 00:00:00-04:00,0.6700000166893005,0.6800000071525574,0.6499999761581421,0.6600000262260437,235600,0.0,0.0
2024-10-04 00:00:00-04:00,0.6499999761581421,0.6600000262260437,0.6499999761581421,0.6600000262260437,96500,0.0,0.0
2024-10-07 00:00:00-04:00,0.6600000262260437,0.6600000262260437,0.6299999952316284,0.6299999952316284,425000,0.0,0.0
2024-10-08 00:00:00-04:00,0.6499999761581421,0.6499999761581421,0.6299999952316284,0.6299999952316284,162000,0.0,0.0
2024-10-09 00:00:00-04:00,0.6299999952316284,0.6399999856948853,0.6200000047683716,0.6200000047683716,55500,0.0,0.0
2024-10-10 00:00:00-04:00,0.6299999952316284,0.6399999856948853,0.6299999952316284,0.6299999952316284,94500,0.0,0.0
2024-10-11 00:00:00-04:00,0.6299999952316284,0.6499999761581421,0.6299999952316284,0.6499999761581421,145200,0.0,0.0
2024-10-15 00:00:00-04:00,0.6600000262260437,0.7099999785423279,0.6600000262260437,0.6800000071525574,231700,0.0,0.0
2024-10-16 00:00:00-04:00,0.6899999976158142,0.7200000286102295,0.6800000071525574,0.7200000286102295,552300,0.0,0.0
2024-10-17 00:00:00-04:00,0.7200000286102295,0.7300000190734863,0.7099999785423279,0.7099999785423279,257600,0.0,0.0
2024-10-18 00:00:00-04:00,0.7200000286102295,0.7200000286102295,0.7099999785423279,0.7099999785423279,158300,0.0,0.0
2024-10-21 00:00:00-04:00,0.7200000286102295,0.7699999809265137,0.7200000286102295,0.7699999809265137,338600,0.0,0.0
2024-10-22 00:00:00-04:00,0.7400000095367432,0.7400000095367432,0.6899999976158142,0.7200000286102295,3446400,0.0,0.0
2024-10-23 00:00:00-04:00,0.7200000286102295,0.7200000286102295,0.699999988079071,0.7099999785423279,457100,0.0,0.0
2024-10-24 00:00:00-04:00,0.7200000286102295,0.7400000095367432,0.699999988079071,0.7200000286102295,372200,0.0,0.0
2024-10-25 00:00:00-04:00,0.7400000095367432,0.75,0.7300000190734863,0.7300000190734863,377400,0.0,0.0
2024-10-28 00:00:00-04:00,0.7400000095367432,0.7599999904632568,0.699999988079071,0.699999988079071,439400,0.0,0.0
2024-10-29 00:00:00-04:00,0.7200000286102295,0.7300000190734863,0.7099999785423279,0.7200000286102295,469900,0.0,0.0
2024-10-30 00:00:00-04:00,0.7200000286102295,0.7300000190734863,0.7099999785423279,0.7200000286102295,541100,0.0,0.0
2024-10-31 00:00:00-04:00,0.7099999785423279,0.7200000286102295,0.6899999976158142,0.6899999976158142,1249100,0.0,0.0
2024-11-01 00:00:00-04:00,0.699999988079071,0.7200000286102295,0.6899999976158142,0.6899999976158142,66400,0.0,0.0
2024-11-04 00:00:00-05:00,0.6899999976158142,0.6899999976158142,0.6800000071525574,0.6800000071525574,169900,0.0,0.0
2024-11-05 00:00:00-05:00,0.6800000071525574,0.6899999976158142,0.6700000166893005,0.6800000071525574,77000,0.0,0.0
2024-11-06 00:00:00-05:00,0.6600000262260437,0.6700000166893005,0.6499999761581421,0.6600000262260437,569600,0.0,0.0
2024-11-07 00:00:00-05:00,0.6700000166893005,0.6899999976158142,0.6600000262260437,0.6800000071525574,330000,0.0,0.0
2024-11-08 00:00:00-05:00,0.6800000071525574,0.6800000071525574,0.6600000262260437,0.6600000262260437,176100,0.0,0.0
2024-11-11 00:00:00-05:00,0.6600000262260437,0.6600000262260437,0.6100000143051147,0.6600000262260437,597500,0.0,0.0
2024-11-12 00:00:00-05:00,0.6499999761581421,0.6499999761581421,0.6200000047683716,0.6200000047683716,394200,0.0,0.0
2024-11-13 00:00:00-05:00,0.6399999856948853,0.6399999856948853,0.6200000047683716,0.6399999856948853,358900,0.0,0.0
2024-11-14 00:00:00-05:00,0.6200000047683716,0.6700000166893005,0.6200000047683716,0.6700000166893005,692900,0.0,0.0
2024-11-15 00:00:00-05:00,0.6600000262260437,0.6600000262260437,0.6200000047683716,0.6200000047683716,396700,0.0,0.0
2024-11-18 00:00:00-05:00,0.6499999761581421,0.6800000071525574,0.6399999856948853,0.6700000166893005,849700,0.0,0.0
2024-11-19 00:00:00-05:00,0.6800000071525574,0.6899999976158142,0.6600000262260437,0.6700000166893005,641800,0.0,0.0
2024-11-20 00:00:00-05:00,0.6600000262260437,0.6899999976158142,0.6600000262260437,0.6600000262260437,411800,0.0,0.0
2024-11-21 00:00:00-05:00,0.6600000262260437,0.6899999976158142,0.6600000262260437,0.6800000071525574,77800,0.0,0.0
2024-11-22 00:00:00-05:00,0.6800000071525574,0.6800000071525574,0.6600000262260437,0.6800000071525574,191900,0.0,0.0
2024-11-25 00:00:00-05:00,0.6600000262260437,0.699999988079071,0.6600000262260437,0.699999988079071,202400,0.0,0.0
2024-11-26 00:00:00-05:00,0.699999988079071,0.7099999785423279,0.6700000166893005,0.6800000071525574,718800,0.0,0.0
2024-11-27 00:00:00-05:00,0.699999988079071,0.699999988079071,0.6600000262260437,0.6700000166893005,365800,0.0,0.0
2024-11-28 00:00:00-05:00,0.6600000262260437,0.6600000262260437,0.6600000262260437,0.6600000262260437,6100,0.0,0.0
2024-11-29 00:00:00-05:00,0.6700000166893005,0.6700000166893005,0.6299999952316284,0.6399999856948853,2112000,0.0,0.0
2024-12-02 00:00:00-05:00,0.6499999761581421,0.6499999761581421,0.6100000143051147,0.6200000047683716,420100,0.0,0.0
2024-12-03 00:00:00-05:00,0.6299999952316284,0.6299999952316284,0.5799999833106995,0.6100000143051147,980600,0.0,0.0
2024-12-04 00:00:00-05:00,0.6200000047683716,0.6399999856948853,0.6000000238418579,0.6200000047683716,134200,0.0,0.0
2024-12-05 00:00:00-05:00,0.6299999952316284,0.6299999952316284,0.6100000143051147,0.6100000143051147,127000,0.0,0.0
2024-12-06 00:00:00-05:00,0.6200000047683716,0.6399999856948853,0.6200000047683716,0.6399999856948853,123000,0.0,0.0
2024-12-09 00:00:00-05:00,0.6299999952316284,0.6499999761581421,0.6200000047683716,0.6200000047683716,512600,0.0,0.0
2024-12-10 00:00:00-05:00,0.6200000047683716,0.6499999761581421,0.6200000047683716,0.6299999952316284,185700,0.0,0.0
2024-12-11 00:00:00-05:00,0.6299999952316284,0.6399999856948853,0.6299999952316284,0.6299999952316284,557800,0.0,0.0
2024-12-12 00:00:00-05:00,0.6299999952316284,0.6299999952316284,0.6200000047683716,0.6200000047683716,405600,0.0,0.0
2024-12-13 00:00:00-05:00,0.6100000143051147,0.6299999952316284,0.6100000143051147,0.6299999952316284,192000,0.0,0.0
2024-12-16 00:00:00-05:00,0.6100000143051147,0.6299999952316284,0.6100000143051147,0.6299999952316284,225000,0.0,0.0
2024-12-17 00:00:00-05:00,0.6299999952316284,0.6299999952316284,0.6100000143051147,0.6200000047683716,400000,0.0,0.0
2024-12-18 00:00:00-05:00,0.6100000143051147,0.6299999952316284,0.5799999833106995,0.5899999737739563,248600,0.0,0.0
2024-12-19 00:00:00-05:00,0.6100000143051147,0.6100000143051147,0.5799999833106995,0.6000000238418579,528000,0.0,0.0
2024-12-20 00:00:00-05:00,0.5799999833106995,0.6200000047683716,0.5799999833106995,0.6000000238418579,225800,0.0,0.0
2024-12-23 00:00:00-05:00,0.6000000238418579,0.6200000047683716,0.6000000238418579,0.6100000143051147,92900,0.0,0.0
2024-12-24 00:00:00-05:00,0.6000000238418579,0.6100000143051147,0.6000000238418579,0.6100000143051147,102500,0.0,0.0
2024-12-27 00:00:00-05:00,0.6000000238418579,0.6100000143051147,0.5899999737739563,0.6100000143051147,373000,0.0,0.0
2024-12-30 00:00:00-05:00,0.6000000238418579,0.6299999952316284,0.6000000238418579,0.6299999952316284,292800,0.0,0.0
2024-12-31 00:00:00-05:00,0.6200000047683716,0.6399999856948853,0.6200000047683716,0.6399999856948853,123200,0.0,0.0
2025-01-02 00:00:00-05:00,0.6399999856948853,0.6499999761581421,0.6299999952316284,0.6399999856948853,340800,0.0,0.0
2025-01-03 00:00:00-05:00,0.6499999761581421,0.6499999761581421,0.6299999952316284,0.6299999952316284,131200,0.0,0.0
2025-01-06 00:00:00-05:00,0.6299999952316284,0.6399999856948853,0.6000000238418579,0.6100000143051147,482000,0.0,0.0
2025-01-07 00:00:00-05:00,0.6200000047683716,0.6299999952316284,0.6100000143051147,0.6100000143051147,517100,0.0,0.0
2025-01-08 00:00:00-05:00,0.6100000143051147,0.6299999952316284,0.6000000238418579,0.6200000047683716,176700,0.0,0.0
2025-01-09 00:00:00-05:00,0.6200000047683716,0.6299999952316284,0.6200000047683716,0.6299999952316284,182100,0.0,0.0
2025-01-10 00:00:00-05:00,0.6299999952316284,0.6399999856948853,0.6100000143051147,0.6299999952316284,110100,0.0,0.0
2025-01-13 00:00:00-05:00,0.6299999952316284,0.6299999952316284,0.6000000238418579,0.6299999952316284,181200,0.0,0.0
2025-01-14 00:00:00-05:00,0.6200000047683716,0.6399999856948853,0.6200000047683716,0.6200000047683716,204800,0.0,0.0
2025-01-15 00:00:00-05:00,0.6200000047683716,0.6499999761581421,0.6200000047683716,0.6499999761581421,265700,0.0,0.0
2025-01-16 00:00:00-05:00,0.6499999761581421,0.6700000166893005,0.6499999761581421,0.6499999761581421,343000,0.0,0.0
2025-01-17 00:00:00-05:00,0.6499999761581421,0.6700000166893005,0.6399999856948853,0.6499999761581421,186600,0.0,0.0
2025-01-20 00:00:00-05:00,0.6600000262260437,0.6600000262260437,0.6499999761581421,0.6600000262260437,167000,0.0,0.0
2025-01-21 00:00:00-05:00,0.6499999761581421,0.6600000262260437,0.6399999856948853,0.6499999761581421,104000,0.0,0.0
2025-01-22 00:00:00-05:00,0.6399999856948853,0.6600000262260437,0.6299999952316284,0.6499999761581421,100300,0.0,0.0
2025-01-23 00:00:00-05:00,0.6399999856948853,0.6800000071525574,0.6399999856948853,0.6700000166893005,455500,0.0,0.0
2025-01-24 00:00:00-05:00,0.6800000071525574,0.6800000071525574,0.6700000166893005,0.6700000166893005,181700,0.0,0.0
2025-01-27 00:00:00-05:00,0.6700000166893005,0.6800000071525574,0.6600000262260437,0.6700000166893005,64300,0.0,0.0
2025-01-28 00:00:00-05:00,0.6600000262260437,0.6800000071525574,0.6600000262260437,0.6700000166893005,102600,0.0,0.0
2025-01-29 00:00:00-05:00,0.6800000071525574,0.6899999976158142,0.6700000166893005,0.6800000071525574,267400,0.0,0.0
2025-01-30 00:00:00-05:00,0.6899999976158142,0.7099999785423279,0.6899999976158142,0.699999988079071,464200,0.0,0.0
2025-01-31 00:00:00-05:00,0.7099999785423279,0.7099999785423279,0.6899999976158142,0.6899999976158142,397800,0.0,0.0
2025-02-03 00:00:00-05:00,0.6899999976158142,0.7099999785423279,0.6700000166893005,0.699999988079071,323500,0.0,0.0
2025-02-04 00:00:00-05:00,0.699999988079071,0.7300000190734863,0.6899999976158142,0.7099999785423279,505800,0.0,0.0
2025-02-05 00:00:00-05:00,0.7300000190734863,0.8100000023841858,0.7300000190734863,0.7900000214576721,2615500,0.0,0.0
2025-02-06 00:00:00-05:00,0.7799999713897705,0.800000011920929,0.7699999809265137,0.7900000214576721,120100,0.0,0.0
2025-02-07 00:00:00-05:00,0.7900000214576721,0.800000011920929,0.7699999809265137,0.7799999713897705,798900,0.0,0.0
2025-02-10 00:00:00-05:00,0.800000011920929,0.8199999928474426,0.7799999713897705,0.7799999713897705,324300,0.0,0.0
2025-02-11 00:00:00-05:00,0.7799999713897705,0.7900000214576721,0.7699999809265137,0.7699999809265137,188800,0.0,0.0
2025-02-12 00:00:00-05:00,0.7699999809265137,0.800000011920929,0.7599999904632568,0.7900000214576721,124000,0.0,0.0
2025-02-13 00:00:00-05:00,0.800000011920929,0.8100000023841858,0.7900000214576721,0.8100000023841858,325900,0.0,0.0
2025-02-14 00:00:00-05:00,0.8199999928474426,0.8199999928474426,0.75,0.75,853700,0.0,0.0
2025-02-18 00:00:00-05:00,0.75,0.7900000214576721,0.75,0.7799999713897705,119000,0.0,0.0
2025-02-19 00:00:00-05:00,0.7799999713897705,0.7799999713897705,0.7599999904632568,0.7599999904632568,88500,0.0,0.0
2025-02-20 00:00:00-05:00,0.7699999809265137,0.7799999713897705,0.75,0.75,219100,0.0,0.0
2025-02-21 00:00:00-05:00,0.75,0.7799999713897705,0.75,0.7799999713897705,232300,0.0,0.0
2025-02-24 00:00:00-05:00,0.7699999809265137,0.7799999713897705,0.75,0.7799999713897705,188700,0.0,0.0
2025-02-25 00:00:00-05:00,0.7699999809265137,0.7699999809265137,0.7400000095367432,0.7400000095367432,1060900,0.0,0.0
2025-02-26 00:00:00-05:00,0.75,0.7699999809265137,0.75,0.7599999904632568,192200,0.0,0.0
2025-02-27 00:00:00-05:00,0.7599999904632568,0.7599999904632568,0.7300000190734863,0.7300000190734863,315500,0.0,0.0
2025-02-28 00:00:00-05:00,0.7300000190734863,0.75,0.7200000286102295,0.7400000095367432,259200,0.0,0.0
2025-03-03 00:00:00-05:00,0.75,0.75,0.7099999785423279,0.7099999785423279,1116700,0.0,0.0
2025-03-04 00:00:00-05:00,0.7200000286102295,0.7200000286102295,0.6899999976158142,0.7099999785423279,805000,0.0,0.0
2025-03-05 00:00:00-05:00,0.7200000286102295,0.7400000095367432,0.7099999785423279,0.7200000286102295,367900,0.0,0.0
2025-03-06 00:00:00-05:00,0.7200000286102295,0.7300000190734863,0.6899999976158142,0.7099999785423279,1358700,0.0,0.0
2025-03-07 00:00:00-05:00,0.699999988079071,0.7400000095367432,0.699999988079071,0.7400000095367432,93700,0.0,0.0
2025-03-10 00:00:00-04:00,0.7400000095367432,0.75,0.699999988079071,0.7099999785423279,781200,0.0,0.0
2025-03-11 00:00:00-04:00,0.7200000286102295,0.75,0.7200000286102295,0.75,235800,0.0,0.0
2025-03-12 00:00:00-04:00,0.75,0.7799999713897705,0.75,0.7799999713897705,233700,0.0,0.0
2025-03-13 00:00:00-04:00,0.7799999713897705,0.800000011920929,0.7699999809265137,0.7900000214576721,227800,0.0,0.0
2025-03-14 00:00:00-04:00,0.800000011920929,0.800000011920929,0.7699999809265137,0.7799999713897705,96900,0.0,0.0
2025-03-17 00:00:00-04:00,0.7799999713897705,0.8100000023841858,0.7799999713897705,0.800000011920929,210700,0.0,0.0
2025-03-18 00:00:00-04:00,0.800000011920929,0.8299999833106995,0.800000011920929,0.8100000023841858,269300,0.0,0.0
2025-03-19 00:00:00-04:00,0.800000011920929,0.8199999928474426,0.7799999713897705,0.7799999713897705,354900,0.0,0.0
2025-03-20 00:00:00-04:00,0.800000011920929,0.8100000023841858,0.7900000214576721,0.8100000023841858,72800,0.0,0.0
2025-03-21 00:00:00-04:00,0.800000011920929,0.800000011920929,0.7599999904632568,0.7799999713897705,323000,0.0,0.0
2025-03-24 00:00:00-04:00,0.7900000214576721,0.8399999737739563,0.7799999713897705,0.8399999737739563,517200,0.0,0.0
2025-03-25 00:00:00-04:00,0.8399999737739563,0.9100000262260437,0.8399999737739563,0.8999999761581421,692800,0.0,0.0
2025-03-26 00:00:00-04:00,0.9100000262260437,0.9200000166893005,0.8700000047683716,0.8799999952316284,343900,0.0,0.0
2025-03-27 00:00:00-04:00,0.8899999856948853,0.9300000071525574,0.8799999952316284,0.9200000166893005,901700,0.0,0.0
2025-03-28 00:00:00-04:00,0.9300000071525574,0.9300000071525574,0.8700000047683716,0.8799999952316284,270300,0.0,0.0
2025-03-31 00:00:00-04:00,0.8799999952316284,0.8999999761581421,0.8500000238418579,0.8799999952316284,709900,0.0,0.0
2025-04-01 00:00:00-04:00,0.8700000047683716,0.8700000047683716,0.8500000238418579,0.8700000047683716,261600,0.0,0.0
2025-04-02 00:00:00-04:00,0.8399999737739563,0.8799999952316284,0.8399999737739563,0.8700000047683716,310600,0.0,0.0
2025-04-03 00:00:00-04:00,0.8299999833106995,0.8500000238418579,0.7699999809265137,0.8399999737739563,287800,0.0,0.0
2025-04-04 00:00:00-04:00,0.8100000023841858,0.8199999928474426,0.75,0.7699999809265137,1176800,0.0,0.0
2025-04-07 00:00:00-04:00,0.7400000095367432,0.7900000214576721,0.7200000286102295,0.75,1591300,0.0,0.0
2025-04-08 00:00:00-04:00,0.7900000214576721,0.7900000214576721,0.7599999904632568,0.7799999713897705,954800,0.0,0.0
2025-04-09 00:00:00-04:00,0.7900000214576721,0.8299999833106995,0.75,0.8299999833106995,797800,0.0,0.0
2025-04-10 00:00:00-04:00,0.8299999833106995,0.8500000238418579,0.800000011920929,0.8399999737739563,433800,0.0,0.0
2025-04-11 00:00:00-04:00,0.8600000143051147,0.8999999761581421,0.8500000238418579,0.8999999761581421,777000,0.0,0.0
2025-04-14 00:00:00-04:00,0.8999999761581421,0.9300000071525574,0.8799999952316284,0.9100000262260437,1222400,0.0,0.0
2025-04-15 00:00:00-04:00,0.9300000071525574,0.9300000071525574,0.8899999856948853,0.8999999761581421,369000,0.0,0.0
2025-04-16 00:00:00-04:00,0.9100000262260437,0.9300000071525574,0.8799999952316284,0.9300000071525574,861600,0.0,0.0
2025-04-17 00:00:00-04:00,0.9599999785423279,0.9599999785423279,0.8999999761581421,0.8999999761581421,760200,0.0,0.0
2025-04-21 00:00:00-04:00,0.9399999976158142,0.9399999976158142,0.8799999952316284,0.8999999761581421,1305500,0.0,0.0
2025-04-22 00:00:00-04:00,0.9200000166893005,0.9200000166893005,0.8899999856948853,0.8999999761581421,845200,0.0,0.0
2025-04-23 00:00:00-04:00,0.8700000047683716,0.9399999976158142,0.8700000047683716,0.9399999976158142,628900,0.0,0.0
2025-04-24 00:00:00-04:00,0.9399999976158142,1.0199999809265137,0.9300000071525574,1.0199999809265137,728500,0.0,0.0
2025-04-25 00:00:00-04:00,1.0199999809265137,1.059999942779541,1.0,1.0499999523162842,685900,0.0,0.0
2025-04-28 00:00:00-04:00,1.0299999713897705,1.0299999713897705,0.9900000095367432,1.0099999904632568,183700,0.0,0.0
2025-04-29 00:00:00-04:00,1.0299999713897705,1.0499999523162842,1.0199999809265137,1.0399999618530273,242200,0.0,0.0
2025-04-30 00:00:00-04:00,1.0399999618530273,1.059999942779541,1.0299999713897705,1.0399999618530273,483800,0.0,0.0
2025-05-01 00:00:00-04:00,1.0399999618530273,1.0399999618530273,0.9800000190734863,0.9800000190734863,306800,0.0,0.0
2025-05-02 00:00:00-04:00,1.0199999809265137,1.0299999713897705,1.0099999904632568,1.0199999809265137,223500,0.0,0.0
2025-05-05 00:00:00-04:00,1.0199999809265137,1.0499999523162842,1.0099999904632568,1.0099999904632568,284800,0.0,0.0
2025-05-06 00:00:00-04:00,1.0499999523162842,1.100000023841858,1.0099999904632568,1.100000023841858,579600,0.0,0.0
2025-05-07 00:00:00-04:00,1.090000033378601,1.1200000047683716,1.0800000429153442,1.090000033378601,238100,0.0,0.0
2025-05-08 00:00:00-04:00,1.090000033378601,1.090000033378601,1.0499999523162842,1.0499999523162842,229700,0.0,0.0
2025-05-09 00:00:00-04:00,1.0800000429153442,1.100000023841858,1.0499999523162842,1.0800000429153442,241200,0.0,0.0
2025-05-12 00:00:00-04:00,1.0700000524520874,1.0800000429153442,1.0199999809265137,1.0499999523162842,533800,0.0,0.0
2025-05-13 00:00:00-04:00,1.0499999523162842,1.0499999523162842,1.0299999713897705,1.0299999713897705,255400,0.0,0.0
2025-05-14 00:00:00-04:00,1.0399999618530273,1.059999942779541,0.9900000095367432,1.0499999523162842,1602000,0.0,0.0
2025-05-15 00:00:00-04:00,1.0499999523162842,1.059999942779541,1.0299999713897705,1.0399999618530273,326500,0.0,0.0
2025-05-16 00:00:00-04:00,1.0299999713897705,1.0399999618530273,0.9800000190734863,0.9800000190734863,564700,0.0,0.0
2025-05-20 00:00:00-04:00,0.9900000095367432,1.059999942779541,0.9900000095367432,1.059999942779541,746600,0.0,0.0
2025-05-21 00:00:00-04:00,1.0800000429153442,1.100000023841858,1.059999942779541,1.0800000429153442,674700,0.0,0.0
2025-05-22 00:00:00-04:00,1.059999942779541,1.100000023841858,1.059999942779541,1.0700000524520874,181100,0.0,0.0
2025-05-23 00:00:00-04:00,1.0800000429153442,1.1100000143051147,1.0800000429153442,1.0800000429153442,220000,0.0,0.0
2025-05-26 00:00:00-04:00,1.0700000524520874,1.090000033378601,1.0700000524520874,1.0800000429153442,118800,0.0,0.0
2025-05-27 00:00:00-04:00,1.1100000143051147,1.1399999856948853,1.090000033378601,1.1100000143051147,415300,0.0,0.0
2025-05-28 00:00:00-04:00,1.1399999856948853,1.1399999856948853,1.100000023841858,1.1399999856948853,136900,0.0,0.0
2025-05-29 00:00:00-04:00,1.1299999952316284,1.149999976158142,1.1299999952316284,1.1299999952316284,111400,0.0,0.0
2025-05-30 00:00:00-04:00,1.149999976158142,1.2400000095367432,1.149999976158142,1.1699999570846558,806000,0.0,0.0
2025-06-02 00:00:00-04:00,1.190000057220459,1.2400000095367432,1.1799999475479126,1.2200000286102295,620400,0.0,0.0
2025-06-03 00:00:00-04:00,1.2100000381469727,1.3300000429153442,1.2000000476837158,1.3200000524520874,916300,0.0,0.0
2025-06-04 00:00:00-04:00,1.350000023841858,1.3799999952316284,1.2599999904632568,1.2899999618530273,752200,0.0,0.0
2025-06-05 00:00:00-04:00,1.2799999713897705,1.309999942779541,1.2400000095367432,1.2400000095367432,523900,0.0,0.0
2025-06-06 00:00:00-04:00,1.2699999809265137,1.2699999809265137,1.2100000381469727,1.2200000286102295,296100,0.0,0.0
2025-06-09 00:00:00-04:00,1.2000000476837158,1.2400000095367432,1.1799999475479126,1.2100000381469727,669600,0.0,0.0
2025-06-10 00:00:00-04:00,1.2100000381469727,1.2400000095367432,1.2100000381469727,1.2300000190734863,285300,0.0,0.0
2025-06-11 00:00:00-04:00,1.2400000095367432,1.3200000524520874,1.2400000095367432,1.2799999713897705,774200,0.0,0.0
2025-06-12 00:00:00-04:00,1.2999999523162842,1.3200000524520874,1.2699999809265137,1.2999999523162842,231900,0.0,0.0
2025-06-13 00:00:00-04:00,1.2899999618530273,1.350000023841858,1.2899999618530273,1.3200000524520874,223200,0.0,0.0
2025-06-16 00:00:00-04:00,1.3600000143051147,1.3600000143051147,1.2699999809265137,1.2699999809265137,231600,0.0,0.0
2025-06-17 00:00:00-04:00,1.2799999713897705,1.3200000524520874,1.2799999713897705,1.309999942779541,266100,0.0,0.0
2025-06-18 00:00:00-04:00,1.309999942779541,1.3200000524520874,1.2599999904632568,1.2799999713897705,679300,0.0,0.0
2025-06-19 00:00:00-04:00,1.25,1.3200000524520874,1.2400000095367432,1.3200000524520874,210400,0.0,0.0
2025-06-20 00:00:00-04:00,1.2899999618530273,1.2899999618530273,1.2599999904632568,1.2699999809265137,343400,0.0,0.0
2025-06-23 00:00:00-04:00,1.2599999904632568,1.3799999952316284,1.2599999904632568,1.3300000429153442,581400,0.0,0.0
2025-06-24 00:00:00-04:00,1.3300000429153442,1.340000033378601,1.2799999713897705,1.3200000524520874,433600,0.0,0.0
2025-06-25 00:00:00-04:00,1.3300000429153442,1.409999966621399,1.309999942779541,1.3799999952316284,833200,0.0,0.0
2025-06-26 00:00:00-04:00,1.3899999856948853,1.4600000381469727,1.3799999952316284,1.399999976158142,638600,0.0,0.0
2025-06-27 00:00:00-04:00,1.399999976158142,1.409999966621399,1.3600000143051147,1.3899999856948853,476300,0.0,0.0
2025-06-30 00:00:00-04:00,1.409999966621399,1.5,1.3600000143051147,1.4600000381469727,865900,0.0,0.0
2025-07-02 00:00:00-04:00,1.4600000381469727,1.6200000047683716,1.4600000381469727,1.6200000047683716,1876500,0.0,0.0
2025-07-03 00:00:00-04:00,1.600000023841858,1.6200000047683716,1.5499999523162842,1.600000023841858,630000,0.0,0.0
2025-07-04 00:00:00-04:00,1.600000023841858,1.6200000047683716,1.5800000429153442,1.6200000047683716,209000,0.0,0.0
2025-07-07 00:00:00-04:00,1.6200000047683716,1.6399999856948853,1.5800000429153442,1.6200000047683716,756100,0.0,0.0
2025-07-08 00:00:00-04:00,1.6200000047683716,1.6200000047683716,1.559999942779541,1.590000033378601,429900,0.0,0.0
2025-07-09 00:00:00-04:00,1.5800000429153442,1.6399999856948853,1.5800000429153442,1.600000023841858,407700,0.0,0.0
2025-07-10 00:00:00-04:00,1.6299999952316284,1.6299999952316284,1.590000033378601,1.6200000047683716,392200,0.0,0.0
2025-07-11 00:00:00-04:00,1.6299999952316284,1.6299999952316284,1.5700000524520874,1.600000023841858,517800,0.0,0.0
2025-07-14 00:00:00-04:00,1.600000023841858,1.6200000047683716,1.5700000524520874,1.5800000429153442,457200,0.0,0.0
2025-07-15 00:00:00-04:00,1.5700000524520874,1.6100000143051147,1.5499999523162842,1.600000023841858,277000,0.0,0.0
2025-07-16 00:00:00-04:00,1.6100000143051147,1.6200000047683716,1.5800000429153442,1.600000023841858,247700,0.0,0.0
2025-07-17 00:00:00-04:00,1.5800000429153442,1.590000033378601,1.5199999809265137,1.5299999713897705,902700,0.0,0.0
2025-07-18 00:00:00-04:00,1.5199999809265137,1.559999942779541,1.5199999809265137,1.5399999618530273,413300,0.0,0.0
2025-07-21 00:00:00-04:00,1.5800000429153442,1.5800000429153442,1.5399999618530273,1.5399999618530273,374500,0.0,0.0
2025-07-22 00:00:00-04:00,1.559999942779541,1.6200000047683716,1.5499999523162842,1.6200000047683716,322300,0.0,0.0
2025-07-23 00:00:00-04:00,1.6200000047683716,1.6299999952316284,1.5499999523162842,1.600000023841858,500700,0.0,0.0
2025-07-24 00:00:00-04:00,1.600000023841858,1.600000023841858,1.5499999523162842,1.5800000429153442,138400,0.0,0.0
2025-07-25 00:00:00-04:00,1.559999942779541,1.559999942779541,1.5299999713897705,1.559999942779541,256500,0.0,0.0
2025-07-28 00:00:00-04:00,1.5399999618530273,1.559999942779541,1.5299999713897705,1.5299999713897705,255000,0.0,0.0
2025-07-29 00:00:00-04:00,1.559999942779541,1.559999942779541,1.5099999904632568,1.5199999809265137,528800,0.0,0.0
2025-07-30 00:00:00-04:00,1.5199999809265137,1.5199999809265137,1.3899999856948853,1.4299999475479126,606900,0.0,0.0
2025-07-31 00:00:00-04:00,1.409999966621399,1.5099999904632568,1.409999966621399,1.5,252200,0.0,0.0
2025-08-01 00:00:00-04:00,1.4900000095367432,1.5199999809265137,1.4600000381469727,1.4600000381469727,153800,0.0,0.0
2025-08-05 00:00:00-04:00,1.5199999809265137,1.600000023841858,1.5199999809265137,1.590000033378601,475100,0.0,0.0
2025-08-06 00:00:00-04:00,1.600000023841858,1.6299999952316284,1.5700000524520874,1.6299999952316284,359400,0.0,0.0
2025-08-07 00:00:00-04:00,1.6299999952316284,1.6299999952316284,1.600000023841858,1.6299999952316284,249500,0.0,0.0
2025-08-08 00:00:00-04:00,1.6200000047683716,1.6299999952316284,1.6100000143051147,1.6299999952316284,289600,0.0,0.0
2025-08-11 00:00:00-04:00,1.6200000047683716,1.7200000286102295,1.600000023841858,1.7000000476837158,639700,0.0,0.0
2025-08-12 00:00:00-04:00,1.7000000476837158,1.7899999618530273,1.6699999570846558,1.7599999904632568,314500,0.0,0.0
2025-08-13 00:00:00-04:00,1.840000033378601,1.840000033378601,1.7000000476837158,1.7400000095367432,305400,0.0,0.0
2025-08-14 00:00:00-04:00,1.7100000381469727,1.7799999713897705,1.6799999475479126,1.690000057220459,325200,0.0,0.0
2025-08-15 00:00:00-04:00,1.6799999475479126,1.7200000286102295,1.659999966621399,1.6699999570846558,212000,0.0,0.0
2025-08-18 00:00:00-04:00,1.7000000476837158,1.7000000476837158,1.649999976158142,1.6699999570846558,72400,0.0,0.0
2025-08-19 00:00:00-04:00,1.649999976158142,1.6699999570846558,1.6100000143051147,1.6299999952316284,216000,0.0,0.0
2025-08-20 00:00:00-04:00,1.6200000047683716,1.6399999856948853,1.559999942779541,1.5700000524520874,482100,0.0,0.0
2025-08-21 00:00:00-04:00,1.590000033378601,1.6100000143051147,1.590000033378601,1.600000023841858,166500,0.0,0.0
2025-08-22 00:00:00-04:00,1.590000033378601,1.6200000047683716,1.5800000429153442,1.600000023841858,147400,0.0,0.0
2025-08-25 00:00:00-04:00,1.600000023841858,1.659999966621399,1.600000023841858,1.6100000143051147,167700,0.0,0.0
2025-08-26 00:00:00-04:00,1.6399999856948853,1.690000057220459,1.6299999952316284,1.6799999475479126,277000,0.0,0.0
2025-08-27 00:00:00-04:00,1.690000057220459,1.7000000476837158,1.6299999952316284,1.659999966621399,211600,0.0,0.0
2025-08-28 00:00:00-04:00,1.649999976158142,1.6799999475479126,1.6399999856948853,1.6699999570846558,519900,0.0,0.0
2025-08-29 00:00:00-04:00,1.659999966621399,1.8200000524520874,1.659999966621399,1.8200000524520874,327700,0.0,0.0
2025-09-02 00:00:00-04:00,1.8700000047683716,1.899999976158142,1.7999999523162842,1.8300000429153442,710100,0.0,0.0
2025-09-03 00:00:00-04:00,1.899999976158142,1.899999976158142,1.7599999904632568,1.7899999618530273,284100,0.0,0.0
2025-09-04 00:00:00-04:00,1.75,1.809999942779541,1.7400000095367432,1.7599999904632568,196200,0.0,0.0
2025-09-05 00:00:00-04:00,1.7799999713897705,1.8200000524520874,1.7100000381469727,1.7300000190734863,333300,0.0,0.0
2025-09-08 00:00:00-04:00,1.7799999713897705,1.7799999713897705,1.7200000286102295,1.7400000095367432,410800,0.0,0.0
2025-09-09 00:00:00-04:00,1.75,1.8200000524520874,1.7300000190734863,1.7899999618530273,334300,0.0,0.0
2025-09-10 00:00:00-04:00,1.7799999713897705,1.840000033378601,1.75,1.7599999904632568,340400,0.0,0.0
2025-09-11 00:00:00-04:00,1.7799999713897705,1.7899999618530273,1.7699999809265137,1.7899999618530273,72200,0.0,0.0
2025-09-12 00:00:00-04:00,1.8300000429153442,1.8300000429153442,1.7200000286102295,1.75,311500,0.0,0.0
2025-09-15 00:00:00-04:00,1.7300000190734863,1.75,1.6200000047683716,1.690000057220459,593900,0.0,0.0
2025-09-16 00:00:00-04:00,1.7100000381469727,1.7200000286102295,1.6399999856948853,1.649999976158142,472100,0.0,0.0
2025-09-17 00:00:00-04:00,1.6399999856948853,1.6699999570846558,1.5800000429153442,1.649999976158142,505900,0.0,0.0
2025-09-18 00:00:00-04:00,1.6399999856948853,1.649999976158142,1.5700000524520874,1.6200000047683716,390700,0.0,0.0
2025-09-19 00:00:00-04:00,1.6100000143051147,1.7300000190734863,1.600000023841858,1.7200000286102295,715300,0.0,0.0
2025-09-22 00:00:00-04:00,1.75,1.809999942779541,1.7400000095367432,1.7899999618530273,1023300,0.0,0.0
2025-09-23 00:00:00-04:00,1.7899999618530273,1.7899999618530273,1.6699999570846558,1.7200000286102295,428500,0.0,0.0
2025-09-24 00:00:00-04:00,1.690000057220459,1.7699999809265137,1.659999966621399,1.7200000286102295,664800,0.0,0.0
2025-09-25 00:00:00-04:00,1.75,1.8300000429153442,1.7400000095367432,1.7999999523162842,324900,0.0,0.0
2025-09-26 00:00:00-04:00,1.8200000524520874,2.0399999618530273,1.8200000524520874,2.0299999713897705,971500,0.0,0.0
2025-09-29 00:00:00-04:00,2.059999942779541,2.0899999141693115,1.9700000286102295,2.009999990463257,477000,0.0,0.0
2025-09-30 00:00:00-04:00,1.9600000381469727,2.0,1.9500000476837158,1.9900000095367432,404800,0.0,0.0
2025-10-01 00:00:00-04:00,1.9800000190734863,2.0,1.9199999570846558,1.9900000095367432,357500,0.0,0.0
2025-10-02 00:00:00-04:00,2.009999990463257,2.009999990463257,1.8600000143051147,1.899999976158142,914700,0.0,0.0
2025-10-03 00:00:00-04:00,1.9299999475479126,2.009999990463257,1.899999976158142,1.9800000190734863,353000,0.0,0.0
2025-10-06 00:00:00-04:00,2.0,2.0299999713897705,1.9500000476837158,2.0299999713897705,855800,0.0,0.0
2025-10-07 00:00:00-04:00,2.0299999713897705,2.0299999713897705,1.899999976158142,1.9600000381469727,552300,0.0,0.0
2025-10-08 00:00:00-04:00,1.9700000286102295,2.069999933242798,1.9500000476837158,2.049999952316284,654700,0.0,0.0
2025-10-09 00:00:00-04:00,2.0899999141693115,2.0899999141693115,1.9299999475479126,2.0,516400,0.0,0.0
2025-10-10 00:00:00-04:00,2.0799999237060547,2.2200000286102295,2.059999942779541,2.109999895095825,1117700,0.0,0.0
2025-10-14 00:00:00-04:00,2.109999895095825,2.1500000953674316,2.0999999046325684,2.0999999046325684,299900,0.0,0.0
2025-10-15 00:00:00-04:00,2.130000114440918,2.2100000381469727,2.0999999046325684,2.1700000762939453,446100,0.0,0.0
2025-10-16 00:00:00-04:00,2.1600000858306885,2.2200000286102295,2.130000114440918,2.1700000762939453,399400,0.0,0.0
2025-10-17 00:00:00-04:00,2.130000114440918,2.140000104904175,1.940000057220459,2.009999990463257,1531500,0.0,0.0
2025-10-20 00:00:00-04:00,2.0299999713897705,2.059999942779541,2.0,2.009999990463257,699600,0.0,0.0
2025-10-21 00:00:00-04:00,1.9600000381469727,1.9600000381469727,1.840000033378601,1.840000033378601,993600,0.0,0.0
2025-10-22 00:00:00-04:00,1.809999942779541,1.8700000047683716,1.7599999904632568,1.8200000524520874,592500,0.0,0.0
2025-10-23 00:00:00-04:00,1.8899999856948853,1.9500000476837158,1.8700000047683716,1.9299999475479126,655300,0.0,0.0
2025-10-24 00:00:00-04:00,1.8899999856948853,2.0,1.8600000143051147,1.9600000381469727,417700,0.0,0.0
2025-10-27 00:00:00-04:00,1.899999976158142,1.9600000381469727,1.840000033378601,1.899999976158142,656900,0.0,0.0
2025-10-28 00:00:00-04:00,1.909999966621399,2.049999952316284,1.909999966621399,2.009999990463257,893500,0.0,0.0
2025-10-29 00:00:00-04:00,2.0399999618530273,2.190000057220459,2.0299999713897705,2.140000104904175,1622600,0.0,0.0
2025-10-30 00:00:00-04:00,2.190000057220459,2.299999952316284,2.1700000762939453,2.2899999618530273,1123200,0.0,0.0
2025-10-31 00:00:00-04:00,2.3499999046325684,2.380000114440918,2.240000009536743,2.3499999046325684,699200,0.0,0.0
2025-11-03 00:00:00-05:00,2.4000000953674316,2.450000047683716,2.3299999237060547,2.3499999046325684,811700,0.0,0.0
2025-11-04 00:00:00-05:00,2.3299999237060547,2.3499999046325684,2.059999942779541,2.1500000953674316,1731800,0.0,0.0
2025-11-05 00:00:00-05:00,2.1700000762939453,2.2200000286102295,2.1700000762939453,2.190000057220459,1510200,0.0,0.0
2025-11-06 00:00:00-05:00,2.190000057220459,2.240000009536743,2.140000104904175,2.1600000858306885,378600,0.0,0.0
2025-11-07 00:00:00-05:00,2.180000066757202,2.190000057220459,2.1500000953674316,2.1700000762939453,544000,0.0,0.0
2025-11-10 00:00:00-05:00,2.25,2.3399999141693115,2.200000047683716,2.240000009536743,793800,0.0,0.0
2025-11-11 00:00:00-05:00,2.2799999713897705,2.319999933242798,2.2200000286102295,2.25,242900,0.0,0.0
2025-11-12 00:00:00-05:00,2.2200000286102295,2.369999885559082,2.2200000286102295,2.3299999237060547,357000,0.0,0.0
2025-11-13 00:00:00-05:00,2.369999885559082,2.4000000953674316,2.2100000381469727,2.240000009536743,322200,0.0,0.0
2025-11-14 00:00:00-05:00,2.1500000953674316,2.299999952316284,2.119999885559082,2.2899999618530273,260300,0.0,0.0
2025-11-17 00:00:00-05:00,2.2899999618530273,2.299999952316284,2.1600000858306885,2.1700000762939453,328200,0.0,0.0
2025-11-18 00:00:00-05:00,2.1600000858306885,2.2100000381469727,2.0999999046325684,2.200000047683716,340700,0.0,0.0
2025-11-19 00:00:00-05:00,2.180000066757202,2.2699999809265137,2.1700000762939453,2.200000047683716,192000,0.0,0.0
2025-11-20 00:00:00-05:00,2.190000057220459,2.259999990463257,2.1500000953674316,2.1600000858306885,395200,0.0,0.0
2025-11-21 00:00:00-05:00,2.1500000953674316,2.2200000286102295,2.130000114440918,2.1600000858306885,179500,0.0,0.0
2025-11-24 00:00:00-05:00,2.1700000762939453,2.2899999618530273,2.1500000953674316,2.259999990463257,474900,0.0,0.0
2025-11-25 00:00:00-05:00,2.3299999237060547,2.450000047683716,2.319999933242798,2.369999885559082,719900,0.0,0.0
2025-11-26 00:00:00-05:00,2.380000114440918,2.4800000190734863,2.3399999141693115,2.4600000381469727,460500,0.0,0.0
2025-11-27 00:00:00-05:00,2.4800000190734863,2.490000009536743,2.4000000953674316,2.4000000953674316,44600,0.0,0.0
2025-11-28 00:00:00-05:00,2.450000047683716,2.5,2.440000057220459,2.5,443900,0.0,0.0
2025-12-01 00:00:00-05:00,2.5,2.5,2.450000047683716,2.450000047683716,542300,0.0,0.0
2025-12-02 00:00:00-05:00,2.450000047683716,2.4700000286102295,2.3399999141693115,2.4200000762939453,517100,0.0,0.0
2025-12-03 00:00:00-05:00,2.430000066757202,2.5,2.4000000953674316,2.4800000190734863,345700,0.0,0.0
2025-12-04 00:00:00-05:00,2.5,2.5,2.430000066757202,2.430000066757202,197600,0.0,0.0
2025-12-05 00:00:00-05:00,2.440000057220459,2.5,2.4100000858306885,2.430000066757202,343800,0.0,0.0
2025-12-08 00:00:00-05:00,2.450000047683716,2.509999990463257,2.4200000762939453,2.5,389900,0.0,0.0
2025-12-09 00:00:00-05:00,2.380000114440918,2.5,2.3499999046325684,2.450000047683716,5962200,0.0,0.0
2025-12-10 00:00:00-05:00,2.4700000286102295,2.509999990463257,2.4000000953674316,2.490000009536743,2106100,0.0,0.0
2025-12-11 00:00:00-05:00,2.5999999046325684,2.640000104904175,2.5,2.5199999809265137,2080400,0.0,0.0
2025-12-12 00:00:00-05:00,2.5399999618530273,2.75,2.5299999713897705,2.690000057220459,1756000,0.0,0.0
2025-12-15 00:00:00-05:00,2.7899999618530273,2.8499999046325684,2.7200000286102295,2.799999952316284,2195000,0.0,0.0
2025-12-16 00:00:00-05:00,2.8499999046325684,2.940000057220459,2.8299999237060547,2.869999885559082,961900,0.0,0.0
2025-12-17 00:00:00-05:00,2.9100000858306885,2.940000057220459,2.75,2.7799999713897705,1270300,0.0,0.0
2025-12-18 00:00:00-05:00,2.799999952316284,2.8499999046325684,2.7300000190734863,2.75,873500,0.0,0.0
2025-12-19 00:00:00-05:00,2.7699999809265137,2.8399999141693115,2.7699999809265137,2.799999952316284,1730500,0.0,0.0
2025-12-22 00:00:00-05:00,2.8499999046325684,3.049999952316284,2.8399999141693115,2.990000009536743,1999300,0.0,0.0
2025-12-23 00:00:00-05:00,3.0299999713897705,3.1500000953674316,3.009999990463257,3.0999999046325684,1868000,0.0,0.0
2025-12-24 00:00:00-05:00,3.1600000858306885,3.2899999618530273,3.130000114440918,3.240000009536743,977000,0.0,0.0
2025-12-29 00:00:00-05:00,3.2699999809265137,3.450000047683716,3.0399999618530273,3.25,2150400,0.0,0.0
2025-12-30 00:00:00-05:00,3.319999933242798,3.4000000953674316,3.2300000190734863,3.3299999237060547,896100,0.0,0.0
2025-12-31 00:00:00-05:00,3.2799999713897705,3.4200000762939453,3.259999990463257,3.4000000953674316,912200,0.0,0.0
2026-01-02 00:00:00-05:00,3.4600000381469727,3.569999933242798,3.299999952316284,3.369999885559082,1287400,0.0,0.0
2026-01-05 00:00:00-05:00,3.450000047683716,3.509999990463257,3.369999885559082,3.5,920400,0.0,0.0
2026-01-06 00:00:00-05:00,3.5399999618530273,3.569999933242798,3.3399999141693115,3.4100000858306885,1066900,0.0,0.0
2026-01-07 00:00:00-05:00,3.359999895095825,3.450000047683716,3.200000047683716,3.4200000762939453,1155600,0.0,0.0
2026-01-08 00:00:00-05:00,3.3399999141693115,3.380000114440918,3.2799999713897705,3.369999885559082,885100,0.0,0.0
2026-01-09 00:00:00-05:00,3.4200000762939453,3.509999990463257,3.4000000953674316,3.4600000381469727,1292100,0.0,0.0
2026-01-12 00:00:00-05:00,3.5399999618530273,3.5399999618530273,3.359999895095825,3.4200000762939453,1377100,0.0,0.0
2026-01-13 00:00:00-05:00,3.4600000381469727,3.619999885559082,3.3299999237060547,3.5999999046325684,2523200,0.0,0.0
2026-01-14 00:00:00-05:00,3.640000104904175,3.6700000762939453,3.5799999237060547,3.5899999141693115,952700,0.0,0.0
2026-01-15 00:00:00-05:00,3.5899999141693115,3.5999999046325684,3.450000047683716,3.4700000286102295,1128200,0.0,0.0
2026-01-16 00:00:00-05:00,3.509999990463257,3.559999942779541,3.380000114440918,3.549999952316284,824200,0.0,0.0
2026-01-19 00:00:00-05:00,3.5999999046325684,3.630000114440918,3.5299999713897705,3.549999952316284,785200,0.0,0.0
2026-01-20 00:00:00-05:00,3.5999999046325684,3.609999895095825,3.4800000190734863,3.549999952316284,906300,0.0,0.0
2026-01-21 00:00:00-05:00,3.5999999046325684,3.619999885559082,3.490000009536743,3.5,1108900,0.0,0.0
2026-01-22 00:00:00-05:00,3.5199999809265137,3.7799999713897705,3.5199999809265137,3.759999990463257,1852500,0.0,0.0
2026-01-23 00:00:00-05:00,3.7899999618530273,3.880000114440918,3.680000066757202,3.880000114440918,725600,0.0,0.0
2026-01-26 00:00:00-05:00,3.9800000190734863,4.090000152587891,3.7699999809265137,3.819999933242798,2853700,0.0,0.0
2026-01-27 00:00:00-05:00,3.799999952316284,4.010000228881836,3.7100000381469727,3.9800000190734863,2654900,0.0,0.0
2026-01-28 00:00:00-05:00,4.0,4.079999923706055,3.9000000953674316,4.0,2359600,0.0,0.0
2026-01-29 00:00:00-05:00,4.019999980926514,4.03000020980835,3.640000104904175,3.7899999618530273,3547000,0.0,0.0
2026-01-30 00:00:00-05:00,3.5999999046325684,3.619999885559082,3.2300000190734863,3.25,4488700,0.0,0.0
2026-02-02 00:00:00-05:00,3.2799999713897705,3.359999895095825,3.190000057220459,3.190000057220459,3315500,0.0,0.0
2026-02-03 00:00:00-05:00,3.299999952316284,3.4000000953674316,3.2699999809265137,3.3299999237060547,4162200,0.0,0.0
2026-02-04 00:00:00-05:00,3.4200000762939453,3.4700000286102295,3.0899999141693115,3.2200000286102295,1792500,0.0,0.0
2026-02-05 00:00:00-05:00,3.0399999618530273,3.1500000953674316,2.940000057220459,2.9700000286102295,2285700,0.0,0.0
2026-02-06 00:00:00-05:00,3.009999990463257,3.180000066757202,3.0,3.1500000953674316,2001600,0.0,0.0
2026-02-09 00:00:00-05:00,3.2200000286102295,3.3299999237060547,3.190000057220459,3.2799999713897705,1802500,0.0,0.0
2026-02-10 00:00:00-05:00,3.2899999618530273,3.299999952316284,3.1500000953674316,3.200000047683716,1999400,0.0,0.0
2026-02-11 00:00:00-05:00,3.2799999713897705,3.369999885559082,3.200000047683716,3.369999885559082,2687000,0.0,0.0
2026-02-12 00:00:00-05:00,3.3399999141693115,3.369999885559082,3.0999999046325684,3.0999999046325684,1930500,0.0,0.0
2026-02-13 00:00:00-05:00,3.1500000953674316,3.319999933242798,3.130000114440918,3.319999933242798,1635900,0.0,0.0
2026-02-17 00:00:00-05:00,3.180000066757202,3.299999952316284,3.0999999046325684,3.1500000953674316,1153100,0.0,0.0
2026-02-18 00:00:00-05:00,3.200000047683716,3.319999933242798,3.200000047683716,3.2200000286102295,1281200,0.0,0.0
2026-02-19 00:00:00-05:00,3.25,3.259999990463257,3.180000066757202,3.25,657000,0.0,0.0
2026-02-20 00:00:00-05:00,3.259999990463257,3.3499999046325684,3.2100000381469727,3.299999952316284,962600,0.0,0.0
2026-02-23 00:00:00-05:00,3.3499999046325684,3.430000066757202,3.3399999141693115,3.390000104904175,1244500,0.0,0.0
2026-02-24 00:00:00-05:00,3.319999933242798,3.619999885559082,3.2799999713897705,3.569999933242798,1409400,0.0,0.0
2026-02-25 00:00:00-05:00,3.5999999046325684,3.700000047683716,3.559999942779541,3.6500000953674316,1292700,0.0,0.0
2026-02-26 00:00:00-05:00,3.5999999046325684,3.8399999141693115,3.559999942779541,3.8299999237060547,1213300,0.0,0.0
2026-02-27 00:00:00-05:00,3.8299999237060547,3.9200000762939453,3.740000009536743,3.7899999618530273,13179000,0.0,0.0
2026-03-02 00:00:00-05:00,3.75,3.7699999809265137,3.490000009536743,3.680000066757202,3100400,0.0,0.0
2026-03-03 00:00:00-05:00,3.450000047683716,3.490000009536743,3.2899999618530273,3.4200000762939453,1543400,0.0,0.0
2026-03-04 00:00:00-05:00,3.4700000286102295,3.549999952316284,3.3399999141693115,3.369999885559082,1273600,0.0,0.0
2026-03-05 00:00:00-05:00,3.380000114440918,3.390000104904175,3.180000066757202,3.259999990463257,1370600,0.0,0.0
2026-03-06 00:00:00-05:00,3.200000047683716,3.309999942779541,3.1600000858306885,3.2100000381469727,1394500,0.0,0.0
2026-03-09 00:00:00-04:00,3.109999895095825,3.309999942779541,3.049999952316284,3.259999990463257,2003100,0.0,0.0
2026-03-10 00:00:00-04:00,3.319999933242798,3.440000057220459,3.2799999713897705,3.2799999713897705,940700,0.0,0.0
2026-03-11 00:00:00-04:00,3.2300000190734863,3.299999952316284,3.0799999237060547,3.119999885559082,1360100,0.0,0.0
2026-03-12 00:00:00-04:00,3.0999999046325684,3.130000114440918,2.990000009536743,2.990000009536743,1726000,0.0,0.0
2026-03-13 00:00:00-04:00,2.9100000858306885,2.950000047683716,2.6700000762939453,2.7699999809265137,4874900,0.0,0.0
2026-03-16 00:00:00-04:00,2.7100000381469727,2.8499999046325684,2.6600000858306885,2.690000057220459,2146500,0.0,0.0
2026-03-17 00:00:00-04:00,2.759999990463257,2.880000114440918,2.740000009536743,2.7699999809265137,1463500,0.0,0.0
2026-03-18 00:00:00-04:00,2.6500000953674316,2.75,2.5899999141693115,2.640000104904175,1419400,0.0,0.0
2026-03-19 00:00:00-04:00,2.430000066757202,2.5899999141693115,2.369999885559082,2.5799999237060547,3261300,0.0,0.0
2026-03-20 00:00:00-04:00,2.5999999046325684,2.619999885559082,2.3499999046325684,2.4000000953674316,5108600,0.0,0.0
2026-03-23 00:00:00-04:00,2.3499999046325684,2.5999999046325684,2.3499999046325684,2.5199999809265137,1383900,0.0,0.0
2026-03-24 00:00:00-04:00,2.490000009536743,2.559999942779541,2.380000114440918,2.490000009536743,2021300,0.0,0.0
2026-03-25 00:00:00-04:00,2.6600000858306885,2.690000057220459,2.509999990463257,2.5299999713897705,1497400,0.0,0.0
2026-03-26 00:00:00-04:00,2.430000066757202,2.490000009536743,2.359999895095825,2.359999895095825,1170800,0.0,0.0
2026-03-27 00:00:00-04:00,2.4100000858306885,2.5999999046325684,2.4000000953674316,2.549999952316284,1329700,0.0,0.0
2026-03-30 00:00:00-04:00,2.5899999141693115,2.6500000953674316,2.4700000286102295,2.5299999713897705,1350600,0.0,0.0
2026-03-31 00:00:00-04:00,2.619999885559082,2.759999990463257,2.5899999141693115,2.7200000286102295,1942000,0.0,0.0
2026-04-01 00:00:00-04:00,2.9100000858306885,2.9200000762939453,2.7300000190734863,2.75,1451300,0.0,0.0
2026-04-02 00:00:00-04:00,2.5799999237060547,2.7699999809265137,2.509999990463257,2.7200000286102295,1766100,0.0,0.0
2026-04-06 00:00:00-04:00,2.680000066757202,2.7899999618530273,2.680000066757202,2.759999990463257,604200,0.0,0.0
2026-04-07 00:00:00-04:00,2.75,2.75,2.6500000953674316,2.7300000190734863,708100,0.0,0.0
2026-04-08 00:00:00-04:00,2.890000104904175,2.9000000953674316,2.7300000190734863,2.799999952316284,2176000,0.0,0.0
2026-04-09 00:00:00-04:00,2.75,2.8299999237060547,2.7100000381469727,2.7799999713897705,883800,0.0,0.0
2026-04-10 00:00:00-04:00,2.7799999713897705,2.8499999046325684,2.7699999809265137,2.819999933242798,1894600,0.0,0.0
2026-04-13 00:00:00-04:00,2.799999952316284,2.9200000762939453,2.7699999809265137,2.8299999237060547,1210900,0.0,0.0
2026-04-14 00:00:00-04:00,2.869999885559082,2.880000114440918,2.809999942779541,2.8399999141693115,1225400,0.0,0.0
2026-04-15 00:00:00-04:00,2.799999952316284,2.8299999237060547,2.700000047683716,2.740000009536743,1089600,0.0,0.0
2026-04-16 00:00:00-04:00,2.7799999713897705,2.799999952316284,2.7200000286102295,2.7200000286102295,989000,0.0,0.0
2026-04-17 00:00:00-04:00,2.75,2.9200000762939453,2.75,2.9100000858306885,1783100,0.0,0.0
2026-04-20 00:00:00-04:00,2.8499999046325684,2.9000000953674316,2.799999952316284,2.880000114440918,787200,0.0,0.0
2026-04-21 00:00:00-04:00,2.890000104904175,2.890000104904175,2.6700000762939453,2.680000066757202,1042900,0.0,0.0
2026-04-22 00:00:00-04:00,2.75,2.799999952316284,2.7300000190734863,2.7799999713897705,688200,0.0,0.0
2026-04-23 00:00:00-04:00,2.7200000286102295,2.7899999618530273,2.6600000858306885,2.7699999809265137,912900,0.0,0.0
2026-04-24 00:00:00-04:00,2.7300000190734863,2.799999952316284,2.700000047683716,2.75,641000,0.0,0.0
2026-04-27 00:00:00-04:00,2.75,2.8299999237060547,2.700000047683716,2.799999952316284,546900,0.0,0.0
2026-04-28 00:00:00-04:00,2.7899999618530273,2.7899999618530273,2.630000114440918,2.640000104904175,1302200,0.0,0.0
2026-04-29 00:00:00-04:00,2.5999999046325684,2.609999895095825,2.5199999809265137,2.5399999618530273,1333000,0.0,0.0
2026-04-30 00:00:00-04:00,2.619999885559082,2.6600000858306885,2.549999952316284,2.5799999237060547,826100,0.0,0.0
2026-05-01 00:00:00-04:00,2.569999933242798,2.609999895095825,2.5399999618530273,2.569999933242798,553400,0.0,0.0
2026-05-04 00:00:00-04:00,2.5399999618530273,2.6600000858306885,2.5299999713897705,2.569999933242798,998300,0.0,0.0
2026-05-05 00:00:00-04:00,2.630000114440918,2.680000066757202,2.569999933242798,2.5799999237060547,835800,0.0,0.0
2026-05-06 00:00:00-04:00,2.759999990463257,2.7799999713897705,2.6500000953674316,2.759999990463257,1754600,0.0,0.0
2026-05-07 00:00:00-04:00,2.819999933242798,2.9800000190734863,2.799999952316284,2.950000047683716,1445300,0.0,0.0
2026-05-08 00:00:00-04:00,2.950000047683716,3.200000047683716,2.950000047683716,3.1500000953674316,1214700,0.0,0.0
2026-05-11 00:00:00-04:00,3.190000057220459,3.3499999046325684,3.1700000762939453,3.2200000286102295,2202900,0.0,0.0
2026-05-12 00:00:00-04:00,3.1600000858306885,3.4000000953674316,3.1600000858306885,3.380000114440918,1521700,0.0,0.0
2026-05-13 00:00:00-04:00,3.3299999237060547,3.450000047683716,3.2899999618530273,3.299999952316284,1192500,0.0,0.0
2026-05-14 00:00:00-04:00,3.319999933242798,3.3399999141693115,3.2300000190734863,3.25,680400,0.0,0.0
2026-05-15 00:00:00-04:00,3.130000114440918,3.1500000953674316,3.009999990463257,3.0299999713897705,1070500,0.0,0.0
2026-05-19 00:00:00-04:00,2.9000000953674316,3.009999990463257,2.809999942779541,2.8499999046325684,1534500,0.0,0.0
2026-05-20 00:00:00-04:00,2.9000000953674316,3.009999990463257,2.8399999141693115,2.9200000762939453,1568700,0.0,0.0
2026-05-21 00:00:00-04:00,2.859999895095825,3.0799999237060547,2.859999895095825,3.049999952316284,1074200,0.0,0.0
2026-05-22 00:00:00-04:00,3.0299999713897705,3.0799999237060547,2.9700000286102295,3.0199999809265137,735800,0.0,0.0
2026-05-25 00:00:00-04:00,3.0799999237060547,3.180000066757202,3.059999942779541,3.1500000953674316,375200,0.0,0.0
2026-05-26 00:00:00-04:00,3.069999933242798,3.1700000762939453,3.0399999618530273,3.130000114440918,580200,0.0,0.0
2026-05-27 00:00:00-04:00,3.109999895095825,3.109999895095825,2.930000066757202,2.950000047683716,620200,0.0,0.0
2026-05-28 00:00:00-04:00,2.9200000762939453,2.990000009536743,2.859999895095825,2.9600000381469727,876800,0.0,0.0
2026-05-29 00:00:00-04:00,3.0799999237060547,3.200000047683716,2.9800000190734863,3.190000057220459,3939400,0.0,0.0
2026-06-01 00:00:00-04:00,3.069999933242798,3.25,3.0,3.2100000381469727,1223600,0.0,0.0
2026-06-02 00:00:00-04:00,3.2200000286102295,3.2899999618530273,3.1700000762939453,3.2100000381469727,889700,0.0,0.0
2026-06-03 00:00:00-04:00,3.1600000858306885,3.1600000858306885,2.990000009536743,3.0399999618530273,1048500,0.0,0.0
2026-06-04 00:00:00-04:00,3.0799999237060547,3.109999895095825,2.9800000190734863,3.009999990463257,1824500,0.0,0.0
2026-06-05 00:00:00-04:00,2.950000047683716,2.950000047683716,2.6700000762939453,2.680000066757202,1982000,0.0,0.0
2026-06-08 00:00:00-04:00,2.700000047683716,2.7699999809265137,2.6700000762939453,2.75,1579600,0.0,0.0
2026-06-09 00:00:00-04:00,2.7899999618530273,2.890000104904175,2.559999942779541,2.630000114440918,1747600,0.0,0.0
2026-06-10 00:00:00-04:00,2.569999933242798,2.630000114440918,2.4600000381469727,2.4800000190734863,1718600,0.0,0.0
2026-06-11 00:00:00-04:00,2.5,2.690000057220459,2.5,2.640000104904175,1173000,0.0,0.0
2026-06-12 00:00:00-04:00,2.680000066757202,2.75,2.630000114440918,2.740000009536743,955900,0.0,0.0
2026-06-15 00:00:00-04:00,2.880000114440918,2.990000009536743,2.8299999237060547,2.859999895095825,1034200,0.0,0.0
2026-06-16 00:00:00-04:00,2.9000000953674316,2.940000057220459,2.8399999141693115,2.890000104904175,803000,0.0,0.0
2026-06-17 00:00:00-04:00,2.890000104904175,2.9700000286102295,2.7799999713897705,2.799999952316284,1059100,0.0,0.0
2026-06-18 00:00:00-04:00,2.75,2.819999933242798,2.619999885559082,2.690000057220459,1397900,0.0,0.0
2026-06-19 00:00:00-04:00,2.6500000953674316,2.700000047683716,2.5999999046325684,2.6700000762939453,2608000,0.0,0.0
2026-06-22 00:00:00-04:00,2.6500000953674316,2.7200000286102295,2.549999952316284,2.630000114440918,1023100,0.0,0.0
2026-06-23 00:00:00-04:00,2.5,2.609999895095825,2.440000057220459,2.559999942779541,1036400,0.0,0.0
2026-06-24 00:00:00-04:00,2.4700000286102295,2.5199999809265137,2.3499999046325684,2.430000066757202,1431900,0.0,0.0
2026-06-25 00:00:00-04:00,2.440000057220459,2.5799999237060547,2.440000057220459,2.490000009536743,949000,0.0,0.0
2026-06-26 00:00:00-04:00,2.5,2.5899999141693115,2.4600000381469727,2.5399999618530273,538700,0.0,0.0
2026-06-29 00:00:00-04:00,2.5199999809265137,2.5799999237060547,2.450000047683716,2.569999933242798,955500,0.0,0.0
2026-06-30 00:00:00-04:00,2.5899999141693115,2.75,2.549999952316284,2.6600000858306885,1016800,0.0,0.0
2026-07-02 00:00:00-04:00,2.700000047683716,2.9100000858306885,2.700000047683716,2.890000104904175,1016582,0.0,0.0
