Date,Open,High,Low,Close,Volume,Dividends,Stock Splits
2022-01-03 00:00:00-05:00,236.47247517121156,238.14021378468087,216.6034675190451,222.41575622558594,170400,0.0,0.0
2022-01-04 00:00:00-05:00,225.91009774021876,228.06426780949377,220.10276193984132,221.2046661376953,113000,0.0,0.0
2022-01-05 00:00:00-05:00,222.70368196970122,224.03390450311292,215.0201464800748,215.45692443847656,110500,0.0,0.0
2022-01-06 00:00:00-05:00,216.97575114260158,222.15766237052256,215.52639376144606,221.27415466308594,96900,0.0,0.0
2022-01-07 00:00:00-05:00,219.25898253855118,222.2966606573547,218.21665329395606,221.6216278076172,101300,0.0,0.0
2022-01-10 00:00:00-05:00,220.896917384628,222.31647952689679,213.57074311896204,215.77455139160156,109600,0.0,0.0
2022-01-11 00:00:00-05:00,216.96579775179893,222.85750480862234,213.45657878139025,222.13780212402344,123000,0.0,0.0
2022-01-12 00:00:00-05:00,220.65866067825152,224.05371295297664,217.8592379875089,217.94857788085938,103800,0.0,0.0
2022-01-13 00:00:00-05:00,218.683218531336,221.50251534715431,213.18363344178584,213.38217163085938,64600,0.0,0.0
2022-01-14 00:00:00-05:00,211.44638895576898,211.44638895576898,199.7324545193312,204.46766662597656,192200,0.0,0.0
2022-01-18 00:00:00-05:00,202.45249208546673,202.45249208546673,194.7490827648274,195.2057342529297,181600,0.0,0.0
2022-01-19 00:00:00-05:00,197.5584022160204,197.5584022160204,186.9860900916283,187.69091796875,146700,0.0,0.0
2022-01-20 00:00:00-05:00,189.77563009683902,192.31993943622342,183.5017351974731,183.73997497558594,120600,0.0,0.0
2022-01-21 00:00:00-05:00,182.91599826360172,191.03634104967838,182.20124874682023,187.80010986328125,238000,0.0,0.0
2022-01-24 00:00:00-05:00,184.93119083063849,192.52540068589923,181.28796169225492,191.59225463867188,132500,0.0,0.0
2022-01-25 00:00:00-05:00,187.8199406304822,190.6987966355397,184.64328499342642,186.79745483398438,108200,0.0,0.0
2022-01-26 00:00:00-05:00,188.66376155693058,189.54726921248542,180.69233429740495,183.0946807861328,154200,0.0,0.0
2022-01-27 00:00:00-05:00,186.29122129325478,190.54992359005595,182.26083714704166,182.74725341796875,106500,0.0,0.0
2022-01-28 00:00:00-05:00,181.65528453110906,193.27986382928574,178.73672633676134,193.0019073486328,212000,0.0,0.0
2022-01-31 00:00:00-05:00,192.58494754639108,199.07228433753957,192.1233429312265,198.85885620117188,139600,0.0,0.0
2022-02-01 00:00:00-05:00,199.13682689320413,199.13682689320413,191.85035344231176,198.59083557128906,98500,0.0,0.0
2022-02-02 00:00:00-05:00,198.61066006619046,202.86936135597253,196.8833464916171,201.22146606445312,107100,0.0,0.0
2022-02-03 00:00:00-05:00,197.7072919583816,200.00043994664372,194.87807435228586,196.75428771972656,100000,0.0,0.0
2022-02-04 00:00:00-05:00,195.41419222114808,199.9012126659972,194.82848413889565,197.06207275390625,68300,0.0,0.0
2022-02-07 00:00:00-05:00,196.00978453869385,198.88367247211534,193.97473433515273,195.1858367919922,71900,0.0,0.0
2022-02-08 00:00:00-05:00,194.82844351748508,198.66028868175846,194.82844351748508,197.81649780273438,47500,0.0,0.0
2022-02-09 00:00:00-05:00,201.49944745168116,201.82704222956667,196.1388414348961,197.48892211914062,61600,0.0,0.0
2022-02-10 00:00:00-05:00,194.01444598064228,197.5087750342645,191.17530646472864,192.94232177734375,80400,0.0,0.0
2022-02-11 00:00:00-05:00,195.1262996955899,196.23812562969826,186.99206604071153,188.4354705810547,82000,0.0,0.0
2022-02-14 00:00:00-05:00,188.55457065775505,192.3665578722002,186.00330909422613,189.4877166748047,88100,0.0,0.0
2022-02-15 00:00:00-05:00,193.46844843087658,194.6398492464772,190.9022970650726,192.64450073242188,99100,0.0,0.0
2022-02-16 00:00:00-05:00,193.0713639053606,194.64976255254388,190.60944252067807,194.02435302734375,99800,0.0,0.0
2022-02-17 00:00:00-05:00,191.4532652989558,194.04422836907233,190.23224125251866,191.35398864746094,97000,0.0,0.0
2022-02-18 00:00:00-05:00,191.19514163983328,205.96659352771815,190.96879272239727,202.0950469970703,182000,0.0,0.0
2022-02-22 00:00:00-05:00,192.64451220432966,199.33535568995347,192.64451220432966,193.87547302246094,94600,0.0,0.0
2022-02-23 00:00:00-05:00,196.5557824669067,196.5557824669067,191.3539977202413,192.8629150390625,99800,0.0,0.0
2022-02-24 00:00:00-05:00,187.03572721791744,205.80779992048485,185.66578819236548,204.81509399414062,159200,0.0,0.0
2022-02-25 00:00:00-05:00,203.36574868724998,210.00198577318875,201.9561080062888,209.43118286132812,141300,0.0,0.0
2022-02-28 00:00:00-05:00,205.90708251613762,213.3027393954575,205.47028944020602,208.23001098632812,166800,0.0,0.0
2022-03-01 00:00:00-05:00,208.7564692719529,210.5841773623512,205.96523802541196,208.5975341796875,130000,0.13,0.0
2022-03-02 00:00:00-05:00,210.56430930654503,215.99777969128698,210.07759142114259,213.82240295410156,162700,0.0,0.0
2022-03-03 00:00:00-05:00,215.88850417302316,218.03109647370252,211.9251608497583,213.83233642578125,70500,0.0,0.0
2022-03-04 00:00:00-05:00,210.6437676469865,217.63675991918333,210.6437676469865,215.28257751464844,127400,0.0,0.0
2022-03-07 00:00:00-05:00,213.4648188051243,213.46979026363084,203.54650141752842,204.6938018798828,109000,0.0,0.0
2022-03-08 00:00:00-05:00,203.87928722655056,211.80599047138165,202.0515788617827,205.1706085205078,100100,0.0,0.0
2022-03-09 00:00:00-05:00,208.53791700775457,211.2844503341316,203.01505192271225,210.19676208496094,98600,0.0,0.0
2022-03-10 00:00:00-05:00,207.19693932442834,211.00136269531717,206.7102214633431,210.6139678955078,66400,0.0,0.0
2022-03-11 00:00:00-05:00,210.73317295551732,213.64361314689495,207.8227479210246,208.4187469482422,75300,0.0,0.0
2022-03-14 00:00:00-04:00,209.0942039649443,213.85220792295556,208.39888185249495,209.79946899414062,65700,0.0,0.0
2022-03-15 00:00:00-04:00,212.23310057815095,215.86866133834488,209.8093934046883,215.6997833251953,89500,0.0,0.0
2022-03-16 00:00:00-04:00,216.84210301549575,217.7261586116293,209.6454778925755,215.7891845703125,87500,0.0,0.0
2022-03-17 00:00:00-04:00,215.50107520979063,222.4940663702317,214.8156810170638,221.2325439453125,105800,0.0,0.0
2022-03-18 00:00:00-04:00,222.44442888908335,226.5766501479294,220.39321747653833,226.42764282226562,199400,0.0,0.0
2022-03-21 00:00:00-04:00,226.3084717513736,227.11305985712985,222.69278157700347,225.62307739257812,85600,0.0,0.0
2022-03-22 00:00:00-04:00,225.81182008464896,230.40791842200736,224.92080738209168,227.66932678222656,116100,0.0,0.0
2022-03-23 00:00:00-04:00,225.6429566392409,227.32564380895963,224.39136162107545,225.98068237304688,81600,0.0,0.0
2022-03-24 00:00:00-04:00,225.9012072238829,231.63267737308053,225.9012072238829,229.60629272460938,100600,0.0,0.0
2022-03-25 00:00:00-04:00,231.87108301803065,231.98034901406862,228.47392453696753,230.63937377929688,91400,0.0,0.0
2022-03-28 00:00:00-04:00,230.30163127594605,230.35527149398553,225.11649103552003,228.63284301757812,55700,0.0,0.0
2022-03-29 00:00:00-04:00,231.8114575445225,231.8114575445225,228.91096028380719,229.29835510253906,90300,0.0,0.0
2022-03-30 00:00:00-04:00,228.65267695860732,229.9141994989747,225.5535187498389,227.77854919433594,97100,0.0,0.0
2022-03-31 00:00:00-04:00,227.75869988462793,231.41413120428834,226.34322874946585,226.4971923828125,94600,0.0,0.0
2022-04-01 00:00:00-04:00,227.083210692795,230.93730265701544,225.16609246841864,230.64923095703125,116700,0.0,0.0
2022-04-04 00:00:00-04:00,231.9207409902536,234.08619012851798,230.19237097202313,230.77842712402344,58700,0.0,0.0
2022-04-05 00:00:00-04:00,231.5929369952108,237.24493961760962,228.75203646551364,229.23876953125,118400,0.0,0.0
2022-04-06 00:00:00-04:00,227.47064737666625,238.85411963057155,226.03033408185908,237.92039489746094,187300,0.0,0.0
2022-04-07 00:00:00-04:00,236.4899710893555,237.8607595315997,229.87941809535627,232.47694396972656,121600,0.0,0.0
2022-04-08 00:00:00-04:00,231.27505340748556,235.78472647995275,229.27848259074628,230.7187957763672,129500,0.0,0.0
2022-04-11 00:00:00-04:00,231.076391736706,233.6590186134519,226.98389673771374,227.81829833984375,85400,0.0,0.0
2022-04-12 00:00:00-04:00,230.55985381232878,234.54306756810482,227.80834901529835,230.3115234375,79800,0.0,0.0
2022-04-13 00:00:00-04:00,230.32148108135902,234.2153000450908,227.57991884399584,233.65904235839844,86900,0.0,0.0
2022-04-14 00:00:00-04:00,234.21528672042456,236.39960594929025,229.58641971556804,230.18240356445312,76300,0.0,0.0
2022-04-18 00:00:00-04:00,229.14935820934858,230.3214704009711,221.13324576616125,224.7290802001953,112700,0.0,0.0
2022-04-19 00:00:00-04:00,225.1065545123528,231.3048872586665,225.1065545123528,229.6460418701172,74400,0.0,0.0
2022-04-20 00:00:00-04:00,232.7849132456436,236.23669656653573,228.87122388091942,235.31787109375,64900,0.0,0.0
2022-04-21 00:00:00-04:00,237.64222487432957,240.7413828923086,236.0082068745826,236.84756469726562,149100,0.0,0.0
2022-04-22 00:00:00-04:00,235.53636125416776,235.53636125416776,231.0564872777389,232.10940551757812,130200,0.0,0.0
2022-04-25 00:00:00-04:00,231.44392194948915,234.08616091926854,225.01713028623803,232.784912109375,116100,0.0,0.0
2022-04-26 00:00:00-04:00,231.2253852949001,232.79483513624427,224.105257272171,224.86813354492188,108300,0.0,0.0
2022-04-27 00:00:00-04:00,224.88800829537183,229.33810005781848,224.7986129873872,226.37799072265625,102000,0.0,0.0
2022-04-28 00:00:00-04:00,229.64600890803905,229.64600890803905,220.26407970171985,229.457275390625,126600,0.0,0.0
2022-04-29 00:00:00-04:00,231.86113103044374,231.86113103044374,218.858554644975,220.20947265625,143800,0.0,0.0
2022-05-02 00:00:00-04:00,224.12312381869455,228.49373213993908,217.35860716310864,221.01402282714844,126300,0.0,0.0
2022-05-03 00:00:00-04:00,221.9775843243215,223.61655893966483,216.7527180433503,216.7825164794922,79400,0.0,0.0
2022-05-04 00:00:00-04:00,217.53746032714844,221.3518121582456,212.8291098389309,220.51742553710938,153000,0.0,0.0
2022-05-05 00:00:00-04:00,216.82223017648195,217.0606328087591,205.56789501681956,208.74652099609375,128300,0.0,0.0
2022-05-06 00:00:00-04:00,207.74324494401097,210.97153961761921,202.18063882827153,209.3325653076172,138400,0.0,0.0
2022-05-09 00:00:00-04:00,207.19697896790254,210.2862101983847,204.66400548902445,205.48846435546875,129700,0.0,0.0
2022-05-10 00:00:00-04:00,208.478373601178,209.39222779174213,195.3764573023132,199.1610107421875,137800,0.0,0.0
2022-05-11 00:00:00-04:00,200.39270650041982,205.7765077928168,198.14778996765844,198.50538635253906,97700,0.0,0.0
2022-05-12 00:00:00-04:00,197.3233303646641,202.07539267495324,194.69103417958183,201.00856018066406,96300,0.0,0.0
2022-05-13 00:00:00-04:00,203.38260730865605,207.60422431017884,202.0813583756413,205.11099243164062,73200,0.0,0.0
2022-05-16 00:00:00-04:00,203.60113913607088,206.4619103287621,200.72051242340325,204.34613037109375,69800,0.0,0.0
2022-05-17 00:00:00-04:00,207.30622859710647,209.70013744906018,205.2202621932992,209.44187927246094,57900,0.0,0.0
2022-05-18 00:00:00-04:00,208.28958681875463,211.57747854379397,206.0049443477032,206.84927368164062,100900,0.0,0.0
2022-05-19 00:00:00-04:00,206.3625378507573,210.22655780881144,202.81141658458174,207.8723907470703,132400,0.0,0.0
2022-05-20 00:00:00-04:00,209.6404914145291,209.6404914145291,197.68089287629286,202.3197021484375,89700,0.0,0.0
2022-05-23 00:00:00-04:00,203.85937604037144,208.60745180369634,203.40047106662362,207.6836700439453,67200,0.0,0.0
2022-05-24 00:00:00-04:00,206.0744822785699,208.03131166283478,201.95218901505996,204.84275817871094,87200,0.0,0.0
2022-05-25 00:00:00-04:00,203.95873895363505,209.3971659663223,203.4422074447672,207.8326873779297,71600,0.0,0.0
2022-05-26 00:00:00-04:00,209.96833249770327,214.39358220975313,209.5113978756136,212.9383544921875,70900,0.0,0.0
2022-05-27 00:00:00-04:00,215.4529828012628,219.1106170820986,214.7075395484323,218.89195251464844,70500,0.13,0.0
2022-05-31 00:00:00-04:00,218.08687078486787,220.8300964270257,214.5683853924028,218.54408264160156,112900,0.0,0.0
2022-06-01 00:00:00-04:00,219.6771634125448,219.6771634125448,215.43310220450442,219.35910034179688,81500,0.0,0.0
2022-06-02 00:00:00-04:00,220.52197956656394,225.02445543184277,216.40713357160445,224.63682556152344,78000,0.0,0.0
2022-06-03 00:00:00-04:00,225.05427318221714,230.95818598260945,223.34473732979828,230.59043884277344,107700,0.0,0.0
2022-06-06 00:00:00-04:00,232.7472433178425,237.09566197726835,232.42919543940073,235.83834838867188,131700,0.0,0.0
2022-06-07 00:00:00-04:00,234.58602887169303,234.66554463946633,229.00016372275368,229.14926147460938,79100,0.0,0.0
2022-06-08 00:00:00-04:00,229.02003916036563,234.2679583375659,226.61474413465564,229.95433044433594,73800,0.0,0.0
2022-06-09 00:00:00-04:00,229.0100922478929,231.42532091851285,224.74614868206774,224.96481323242188,50100,0.0,0.0
2022-06-10 00:00:00-04:00,220.2933662733362,224.2690632031319,219.89580264678872,221.9035186767578,67300,0.0,0.0
2022-06-13 00:00:00-04:00,216.97370274082996,221.14320777372214,215.4331168649803,216.6556396484375,92000,0.0,0.0
2022-06-14 00:00:00-04:00,216.12884059188957,219.40381941001326,215.18958999480418,217.92784118652344,77600,0.0,0.0
2022-06-15 00:00:00-04:00,219.70696738051626,220.64125863987124,208.83343321922504,211.07969665527344,128300,0.0,0.0
2022-06-16 00:00:00-04:00,207.35250638537286,208.17746546888242,200.77273161816186,204.1719512939453,109600,0.0,0.0
2022-06-17 00:00:00-04:00,204.75836302663197,208.78873441094396,204.23158430060593,205.80198669433594,182000,0.0,0.0
2022-06-21 00:00:00-04:00,208.02837612820483,210.42373752802123,206.53748955561773,207.67056274414062,67100,0.0,0.0
2022-06-22 00:00:00-04:00,206.88533590744024,210.03608926827903,206.20947466665842,209.409912109375,68000,0.0,0.0
2022-06-23 00:00:00-04:00,209.1216994519819,217.74897161543592,209.1216994519819,216.3376007080078,64500,0.0,0.0
2022-06-24 00:00:00-04:00,216.745123021119,227.36022940269143,216.6656072411792,226.82351684570312,240500,0.0,0.0
2022-06-27 00:00:00-04:00,228.59266427067092,229.8052531779845,223.702558340918,224.86544799804688,100300,0.0,0.0
2022-06-28 00:00:00-04:00,226.31655486941963,227.78755855307026,222.45019003802486,223.18569946289062,73300,0.0,0.0
2022-06-29 00:00:00-04:00,224.75612882866136,224.75612882866136,217.99743989338182,221.13824462890625,81400,0.0,0.0
2022-06-30 00:00:00-04:00,218.8820015352865,228.73179458206175,218.20116584442877,228.24476623535156,97500,0.0,0.0
2022-07-01 00:00:00-04:00,229.3778567083506,239.23858524830342,229.3778567083506,234.70529174804688,203600,0.0,0.0
2022-07-05 00:00:00-04:00,230.9979381568607,242.44793457619184,228.20501344607814,241.99073791503906,152100,0.0,0.0
2022-07-06 00:00:00-04:00,239.46621650104834,243.88919254801675,219.577793214509,220.5220184326172,159100,0.0,0.0
2022-07-07 00:00:00-04:00,222.52971952363106,231.053618653821,222.52971952363106,229.22877502441406,86500,0.0,0.0
2022-07-08 00:00:00-04:00,229.52693531737788,232.82677133057624,226.71414284553373,227.7677001953125,65400,0.0,0.0
2022-07-11 00:00:00-04:00,225.60093873608963,230.54074383792795,222.84777927915158,224.447998046875,68100,0.0,0.0
2022-07-12 00:00:00-04:00,223.95101476640122,225.45680936809427,219.89580208837793,220.830078125,59800,0.0,0.0
2022-07-13 00:00:00-04:00,218.67329352965308,224.43805786525925,216.4767291815761,223.04656982421875,56400,0.0,0.0
2022-07-14 00:00:00-04:00,217.41102821253196,220.96927937622533,215.87044236288153,220.59158325195312,111700,0.0,0.0
2022-07-15 00:00:00-04:00,223.67272867676388,228.85605567956551,222.3806391567909,225.87924194335938,89500,0.0,0.0
2022-07-18 00:00:00-04:00,227.24089924718274,228.95045011868436,217.5799546165406,218.17630004882812,61900,0.0,0.0
2022-07-19 00:00:00-04:00,219.26965518934253,226.78372097656387,219.26965518934253,225.73016357421875,58000,0.0,0.0
2022-07-20 00:00:00-04:00,226.5352364286244,228.12552145784102,221.83397849139772,224.21939086914062,71000,0.0,0.0
2022-07-21 00:00:00-04:00,221.7047778785227,228.18516931945445,221.7047778785227,228.0460205078125,61100,0.0,0.0
2022-07-22 00:00:00-04:00,228.3243137658893,230.7296089874764,222.4899824067609,224.3983154296875,69100,0.0,0.0
2022-07-25 00:00:00-04:00,223.56341694913996,228.31934903311634,222.10036005252618,226.22714233398438,106100,0.0,0.0
2022-07-26 00:00:00-04:00,227.35023305527633,233.3535287109444,225.5313499006447,231.79307556152344,84000,0.0,0.0
2022-07-27 00:00:00-04:00,231.1271660807376,235.05317947092502,231.1271660807376,234.4170684814453,105200,0.0,0.0
2022-07-28 00:00:00-04:00,236.32537674238264,236.92172220175146,227.31545085332434,234.74502563476562,129400,0.0,0.0
2022-07-29 00:00:00-04:00,235.56005388289148,243.73011266123012,234.83945271491862,241.73233032226562,144100,0.0,0.0
2022-08-01 00:00:00-04:00,242.02059967810467,243.6605689277653,237.02116098838985,242.0106658935547,100100,0.0,0.0
2022-08-02 00:00:00-04:00,241.57330582409946,247.29830437202665,238.82013124749693,239.8438720703125,104100,0.0,0.0
2022-08-03 00:00:00-04:00,239.70474588788906,242.6268860524106,231.9620814798032,239.038818359375,152800,0.0,0.0
2022-08-04 00:00:00-04:00,240.30108363610898,246.49322781413053,238.24365304358653,244.21714782714844,115700,0.0,0.0
2022-08-05 00:00:00-04:00,241.3148689652086,253.36124153662217,240.7831310022976,252.6356658935547,111400,0.0,0.0
2022-08-08 00:00:00-04:00,254.47443312988239,261.9487328233597,252.70524911827007,259.6825866699219,118500,0.0,0.0
2022-08-09 00:00:00-04:00,259.71247053927624,263.26078843185405,257.4264562268861,262.7041931152344,135100,0.0,0.0
2022-08-10 00:00:00-04:00,263.38997705230724,271.2519230260682,263.28065992315953,270.1486511230469,111900,0.0,0.0
2022-08-11 00:00:00-04:00,269.2540668384313,276.23143431964485,269.2540668384313,274.4324035644531,121800,0.0,0.0
2022-08-12 00:00:00-04:00,274.5715541567753,283.258441765707,274.1540926558894,276.01275634765625,132100,0.0,0.0
2022-08-15 00:00:00-04:00,271.3513175576439,279.36732048903804,269.2263066471207,278.9747009277344,171100,0.0,0.0
2022-08-16 00:00:00-04:00,278.01051955709573,283.5268168693222,278.01051955709573,282.72174072265625,126000,0.0,0.0
2022-08-17 00:00:00-04:00,282.6820768639314,282.6820768639314,277.2453085168038,281.2806396484375,177300,0.0,0.0
2022-08-18 00:00:00-04:00,278.85534972330225,281.17120991756946,266.69964677067406,276.5494384765625,201800,0.0,0.0
2022-08-19 00:00:00-04:00,275.376703687113,278.9250212275197,271.7687531067134,275.5655517578125,160500,0.0,0.0
2022-08-22 00:00:00-04:00,272.09673618268516,272.9852865832546,266.6897853632439,267.9023742675781,106500,0.0,0.0
2022-08-23 00:00:00-04:00,265.22869980930074,267.36563094184595,260.33857901246597,264.0956115722656,88400,0.0,0.0
2022-08-24 00:00:00-04:00,265.5368520232044,268.9758220277513,263.5092377108311,263.8372497558594,74200,0.0,0.0
2022-08-25 00:00:00-04:00,262.8929650210183,267.8427187224665,262.24692032274857,267.6141052246094,96300,0.0,0.0
2022-08-26 00:00:00-04:00,269.23496831444737,270.2592035451322,257.66008752016563,260.6035461425781,88800,0.13,0.0
2022-08-29 00:00:00-04:00,257.62033289344356,265.0882886552367,255.9894952521266,260.3648681640625,59700,0.0,0.0
2022-08-30 00:00:00-04:00,260.9117986771749,262.13489651415637,257.18278264382127,260.384765625,103400,0.0,0.0
2022-08-31 00:00:00-04:00,260.26549256144466,262.3288636262543,249.89384606098844,252.1610870361328,139900,0.0,0.0
2022-09-01 00:00:00-04:00,252.1610833382734,255.56194475111747,248.4071974193047,254.25927734375,79200,0.0,0.0
2022-09-02 00:00:00-04:00,257.3817011230225,259.4799103799486,251.36556608956082,253.16543579101562,88500,0.0,0.0
2022-09-06 00:00:00-04:00,251.71361794715457,254.0206285153737,249.46625404825713,251.75338745117188,63100,0.0,0.0
2022-09-07 00:00:00-04:00,252.22075184634824,257.9883008683704,252.22075184634824,256.7552490234375,110800,0.0,0.0
2022-09-08 00:00:00-04:00,254.66695974157076,257.45525521130315,250.55012634537175,252.19088745117188,218100,0.0,0.0
2022-09-09 00:00:00-04:00,251.64398216030722,252.44944731936488,243.1418212649293,244.50416564941406,165900,0.0,0.0
2022-09-12 00:00:00-04:00,245.309657594116,248.3435807374193,241.89884214295319,246.7515411376953,116800,0.0,0.0
2022-09-13 00:00:00-04:00,242.74409404041415,244.5767839228565,240.13875898850387,241.37181091308594,92600,0.0,0.0
2022-09-14 00:00:00-04:00,241.71984653935507,247.82548953358653,238.4830550516492,246.62225341796875,134200,0.0,0.0
2022-09-15 00:00:00-04:00,244.9317557711914,244.9317557711914,239.98956447876446,242.1971435546875,81200,0.0,0.0
2022-09-16 00:00:00-04:00,242.34630510655822,245.71733544491994,239.58184689099755,244.9914093017578,348000,0.0,0.0
2022-09-19 00:00:00-04:00,241.42151430622377,250.74903302438216,239.99653404604624,249.8341827392578,119900,0.0,0.0
2022-09-20 00:00:00-04:00,248.2629938386107,253.9012646862989,247.38791315450035,252.8770294189453,145700,0.0,0.0
2022-09-21 00:00:00-04:00,255.11443954266352,260.9018804988114,252.85715245419857,253.11569213867188,131000,0.0,0.0
2022-09-22 00:00:00-04:00,252.80741192230983,252.87702750956853,246.43329161420849,250.4606170654297,104900,0.0,0.0
2022-09-23 00:00:00-04:00,246.6620264544236,250.73907558872182,242.1275445975729,244.37489318847656,195100,0.0,0.0
2022-09-26 00:00:00-04:00,241.6601550871823,249.96342250154237,241.6601550871823,247.0398712158203,152300,0.0,0.0
2022-09-27 00:00:00-04:00,249.69495242419254,250.5799717386254,239.0090804919937,244.0069580078125,132400,0.0,0.0
2022-09-28 00:00:00-04:00,246.80123926764978,256.37735883673975,239.17415906838508,254.74652099609375,233300,0.0,0.0
2022-09-29 00:00:00-04:00,252.6681811369386,260.086428606017,249.99323118251303,257.27227783203125,252600,0.0,0.0
2022-09-30 00:00:00-04:00,257.0137819941361,266.1623156546438,253.9808603674901,253.9907989501953,463900,0.0,0.0
2022-10-03 00:00:00-04:00,255.2039722252321,261.896294741563,252.7875615252456,259.6390075683594,208800,0.0,0.0
2022-10-04 00:00:00-04:00,263.28846557570665,269.68250950229526,263.28846557570665,268.3400573730469,169800,0.0,0.0
2022-10-05 00:00:00-04:00,268.23058735314936,273.46116331517476,266.9378739925648,270.0901184082031,144500,0.0,0.0
2022-10-06 00:00:00-04:00,269.9807506427718,272.4568074846493,265.18771493192014,266.6793212890625,127900,0.0,0.0
2022-10-07 00:00:00-04:00,263.85528375919955,266.9279899919636,259.5395719138215,260.8124084472656,82900,0.0,0.0
2022-10-10 00:00:00-04:00,262.47301901945843,271.6016429283633,260.971458861842,270.4282531738281,92600,0.0,0.0
2022-10-11 00:00:00-04:00,270.8260563171072,277.2001924429844,269.3543268155448,273.023681640625,193800,0.0,0.0
2022-10-12 00:00:00-04:00,272.6358301490293,272.6358301490293,267.36546934685543,268.51898193359375,190500,0.0,0.0
2022-10-13 00:00:00-04:00,263.4972768803567,281.78435718621586,260.67811868457323,281.0186767578125,197000,0.0,0.0
2022-10-14 00:00:00-04:00,282.5202170983848,283.1566504754059,271.75083089119835,274.1871337890625,228600,0.0,0.0
2022-10-17 00:00:00-04:00,276.42455038285783,278.63212939943844,271.70112940859525,276.5637512207031,104700,0.0,0.0
2022-10-18 00:00:00-04:00,280.8098348278378,284.06152584800793,276.3121341428286,280.94903564453125,103400,0.0,0.0
2022-10-19 00:00:00-04:00,279.46748354397226,281.4761699561316,273.5010558102647,279.5569763183594,101300,0.0,0.0
2022-10-20 00:00:00-04:00,278.8408922252484,279.4275870760687,264.18338366753943,268.24053955078125,149500,0.0,0.0
2022-10-21 00:00:00-04:00,270.5575390832943,276.9366518838287,268.68310740237683,275.19146728515625,121400,0.0,0.0
2022-10-24 00:00:00-04:00,277.5282555048897,279.18892381744274,271.6016151628643,273.4710998535156,175000,0.0,0.0
2022-10-25 00:00:00-04:00,272.31768989566245,272.31768989566245,258.58496559840813,266.6993103027344,276700,0.0,0.0
2022-10-26 00:00:00-04:00,269.24485328477226,274.80356834450583,266.66437353243805,269.8812561035156,107500,0.0,0.0
2022-10-27 00:00:00-04:00,271.12437916991706,278.51777415370316,269.49357158040146,270.48797607421875,219300,0.0,0.0
2022-10-28 00:00:00-04:00,283.8129346486166,312.978799388712,281.41641664616094,311.64630126953125,349700,0.0,0.0
2022-10-31 00:00:00-04:00,312.59095337689223,316.58844717027404,306.55491284995986,313.4063720703125,244200,0.0,0.0
2022-11-01 00:00:00-04:00,316.67803745582876,323.4499294353544,312.86948170712856,321.22247314453125,129700,0.0,0.0
2022-11-02 00:00:00-04:00,317.92098560431947,319.0446673023684,303.45241538973676,306.5151672363281,201600,0.0,0.0
2022-11-03 00:00:00-04:00,301.46359620290036,320.3572769611283,300.8470704231214,317.4138488769531,167800,0.0,0.0
2022-11-04 00:00:00-04:00,315.3853048435807,323.1814317399356,313.25529230673476,322.5748596191406,149900,0.0,0.0
2022-11-07 00:00:00-05:00,322.1174107135964,329.40641197576144,318.2790242876683,328.3722229003906,123800,0.0,0.0
2022-11-08 00:00:00-05:00,330.4704174253536,333.1155369032467,322.87318320977926,328.99871826171875,124800,0.0,0.0
2022-11-09 00:00:00-05:00,325.30951421239973,325.73710087930016,316.4990742501661,316.5189514160156,125300,0.0,0.0
2022-11-10 00:00:00-05:00,321.2324440972196,324.19972557297103,311.38784543515334,316.05157470703125,254500,0.0,0.0
2022-11-11 00:00:00-05:00,307.648819025405,310.3038616143361,280.29274596897824,281.625244140625,465800,0.0,0.0
2022-11-14 00:00:00-05:00,281.41648297710947,293.3294602131504,278.6420858315688,289.0435791015625,219900,0.0,0.0
2022-11-15 00:00:00-05:00,292.09634909508964,293.0907535303251,281.25236994271927,284.4991149902344,276300,0.0,0.0
2022-11-16 00:00:00-05:00,285.7023771249934,298.8086221911532,284.42954047792324,294.8111267089844,124600,0.0,0.0
2022-11-17 00:00:00-05:00,290.27665617580686,298.66943359375,288.63589462267976,298.66943359375,127600,0.0,0.0
2022-11-18 00:00:00-05:00,302.83597500099444,306.28656005859375,301.1355213435694,306.28656005859375,120000,0.0,0.0
2022-11-21 00:00:00-05:00,307.27101600079345,309.67748844310904,304.9938210096975,306.5749206542969,126700,0.0,0.0
2022-11-22 00:00:00-05:00,307.14171425292494,310.2542052055094,304.10879265486716,308.4742126464844,91200,0.0,0.0
2022-11-23 00:00:00-05:00,309.2995714584473,310.4829151925326,300.1709154602445,302.7066650390625,92500,0.0,0.0
2022-11-25 00:00:00-05:00,306.1572238668042,313.10810073789844,304.5661707972528,309.3890380859375,59300,0.0,0.0
2022-11-28 00:00:00-05:00,308.8918894481282,310.30392691137223,304.9639793467413,305.4015197753906,68100,0.0,0.0
2022-11-29 00:00:00-05:00,304.16793829989035,309.41065847373056,299.38282941804255,300.1488342285156,117500,0.13,0.0
2022-11-30 00:00:00-05:00,299.27332615860183,307.8586746322449,288.62871208097715,306.6151428222656,198200,0.0,0.0
2022-12-01 00:00:00-05:00,306.9136802451375,308.0020137099769,300.15880537737854,300.2980651855469,135700,0.0,0.0
2022-12-02 00:00:00-05:00,298.8854203110678,305.55076430093266,294.78674349615096,300.765625,128000,0.0,0.0
2022-12-05 00:00:00-05:00,297.20414835021063,297.20414835021063,284.73898478190904,287.74334716796875,151900,0.0,0.0
2022-12-06 00:00:00-05:00,287.5045838856857,292.5185131572707,285.0573215339398,289.06646728515625,143400,0.0,0.0
2022-12-07 00:00:00-05:00,288.0418156662338,293.771990536177,286.39040151020913,288.2308349609375,83900,0.0,0.0
2022-12-08 00:00:00-05:00,289.8126231448605,294.5877742445767,287.2757994559041,290.3995666503906,123000,0.0,0.0
2022-12-09 00:00:00-05:00,289.11621839934276,290.90692274088343,282.3315003477205,282.998046875,113500,0.0,0.0
2022-12-12 00:00:00-05:00,284.5101750699764,285.1966071903535,278.9093018592004,282.6996154785156,100500,0.0,0.0
2022-12-13 00:00:00-05:00,289.285353730884,289.285353730884,277.04898025413434,278.4218444824219,170600,0.0,0.0
2022-12-14 00:00:00-05:00,278.3621162944582,284.09232079832105,270.81139451283207,272.22406005859375,136500,0.0,0.0
2022-12-15 00:00:00-05:00,270.0653173018054,272.4031636242473,264.52413120896136,268.91131591796875,166300,0.0,0.0
2022-12-16 00:00:00-05:00,267.230021179426,276.71070698809183,266.04617640464727,275.0294494628906,304100,0.0,0.0
2022-12-19 00:00:00-05:00,273.2188545475745,276.51172409781793,257.4409083716689,260.1965637207031,184200,0.0,0.0
2022-12-20 00:00:00-05:00,263.53924199007423,272.53247352749565,262.4648133869295,271.6470642089844,144200,0.0,0.0
2022-12-21 00:00:00-05:00,274.13415726235087,281.3167997634626,272.7215218223326,279.3271484375,157700,0.0,0.0
2022-12-22 00:00:00-05:00,277.83487415534023,277.83487415534023,270.38364061449215,275.01953125,121000,0.0,0.0
2022-12-23 00:00:00-05:00,271.01031481575933,273.9151876178011,268.6326678355049,272.3831481933594,95900,0.0,0.0
2022-12-27 00:00:00-05:00,273.1790708370009,273.4775063239788,269.2196546716702,271.1595764160156,100000,0.0,0.0
2022-12-28 00:00:00-05:00,271.5675379050587,271.5874234901182,259.15210190174287,260.0971984863281,119100,0.0,0.0
2022-12-29 00:00:00-05:00,263.1214401803481,264.75296890410567,260.7836240686207,263.01202392578125,109300,0.0,0.0
2022-12-30 00:00:00-05:00,260.6343783807153,261.9972847476088,255.59558372435552,260.16680908203125,256900,0.0,0.0
2023-01-03 00:00:00-05:00,261.37052247437214,264.00680405742304,255.70996277885945,258.9431457519531,123600,0.0,0.0
2023-01-04 00:00:00-05:00,261.1218301883844,262.9224620664482,255.92883942610274,256.3466491699219,140000,0.0,0.0
2023-01-05 00:00:00-05:00,256.34665673366794,260.18669938780647,253.8794934631834,255.57069396972656,132400,0.0,0.0
2023-01-06 00:00:00-05:00,257.1127155153594,272.31365106830236,254.34310897401082,270.49310302734375,199600,0.0,0.0
2023-01-09 00:00:00-05:00,268.095504921356,279.31713495525,268.095504921356,271.4779357910156,232800,0.0,0.0
2023-01-10 00:00:00-05:00,273.2089571394883,282.23203254362966,272.48272352797824,279.6753234863281,156200,0.0,0.0
2023-01-11 00:00:00-05:00,279.535989109857,285.4452546192386,279.19775210530497,282.5005798339844,156400,0.0,0.0
2023-01-12 00:00:00-05:00,283.7739635115257,288.86746502796376,278.9490539407993,287.5244445800781,135700,0.0,0.0
2023-01-13 00:00:00-05:00,287.5045507896397,295.5924864358355,285.1667049448502,289.49420166015625,199700,0.0,0.0
2023-01-17 00:00:00-05:00,289.5141756587825,290.986528682109,279.9638728513126,284.62957763671875,133300,0.0,0.0
2023-01-18 00:00:00-05:00,284.6295426499434,287.4449161469011,278.1781130976377,278.4914855957031,134200,0.0,0.0
2023-01-19 00:00:00-05:00,277.3872279635678,278.36216804879047,272.87074128470766,274.9797668457031,140600,0.0,0.0
2023-01-20 00:00:00-05:00,271.3684674729308,275.6561624561468,249.5967193735451,263.1014709472656,451000,0.0,0.0
2023-01-23 00:00:00-05:00,263.0816953578869,265.7378632465485,255.3717953960467,265.7279052734375,179500,0.0,0.0
2023-01-24 00:00:00-05:00,264.41474929391904,274.1341861147271,264.2058140237404,273.44775390625,126400,0.0,0.0
2023-01-25 00:00:00-05:00,273.49741584926807,275.24828793125164,268.3541551067647,269.14007568359375,109400,0.0,0.0
2023-01-26 00:00:00-05:00,270.5925835344058,273.4178848075605,268.3741113502123,270.8611755371094,73900,0.0,0.0
2023-01-27 00:00:00-05:00,269.8862457037018,271.9853131484533,264.1063113926418,271.6669616699219,139200,0.0,0.0
2023-01-30 00:00:00-05:00,270.30401983318205,275.9337337651343,270.30401983318205,271.60723876953125,86600,0.0,0.0
2023-01-31 00:00:00-05:00,273.79589747698077,277.9542611171109,273.07962184464094,276.9992370605469,117100,0.0,0.0
2023-02-01 00:00:00-05:00,274.7906972401423,285.6740904969575,274.7906972401423,280.94866943359375,166700,0.0,0.0
2023-02-02 00:00:00-05:00,280.3020705035213,282.0728588554442,263.2010160270723,281.53564453125,378900,0.0,0.0
2023-02-03 00:00:00-05:00,282.95819783571744,291.4868345472404,279.69517154667506,288.9967956542969,227400,0.0,0.0
2023-02-06 00:00:00-05:00,290.4393687891376,301.85002052834454,290.4393687891376,295.4632263183594,178500,0.0,0.0
2023-02-07 00:00:00-05:00,295.4632344139379,301.74058218432907,293.26467810638053,301.3028564453125,130600,0.0,0.0
2023-02-08 00:00:00-05:00,300.5566704778817,303.52126135075946,297.4428618542825,297.45281982421875,134500,0.0,0.0
2023-02-09 00:00:00-05:00,298.5472066526173,301.30286298607615,292.75731363694064,292.86676025390625,118800,0.0,0.0
2023-02-10 00:00:00-05:00,293.4039083693576,295.25429978151493,288.49942542347884,288.7879333496094,208900,0.0,0.0
2023-02-13 00:00:00-05:00,291.48388535931855,298.3083740411665,290.4492582894185,296.28887939453125,116400,0.0,0.0
2023-02-14 00:00:00-05:00,296.28885290584174,298.25861824287836,288.35514416313197,288.9967956542969,114300,0.0,0.0
2023-02-15 00:00:00-05:00,288.49941476487317,299.7310039300469,288.49941476487317,298.07958984375,121300,0.0,0.0
2023-02-16 00:00:00-05:00,295.42336074180696,297.78807495224106,290.4989929199219,290.4989929199219,178300,0.0,0.0
2023-02-17 00:00:00-05:00,309.4305871014323,335.3706484156388,309.4305871014323,332.5801696777344,428600,0.0,0.0
2023-02-21 00:00:00-05:00,325.9446291644125,325.9446291644125,312.40503883034165,318.4734802246094,326400,0.0,0.0
2023-02-22 00:00:00-05:00,321.5673697080516,325.46709884200806,317.239903275294,320.7317199707031,162200,0.0,0.0
2023-02-23 00:00:00-05:00,320.7218298330621,325.7755303664397,310.4751082543091,319.7767333984375,141200,0.0,0.0
2023-02-24 00:00:00-05:00,318.7122991337342,320.17469410180325,313.65859802348183,314.9021301269531,128200,0.0,0.0
2023-02-27 00:00:00-05:00,315.25039643780633,323.70019213516963,314.5636607055368,315.5390319824219,117000,0.14,0.0
2023-02-28 00:00:00-05:00,316.48447120793855,324.6755173258487,315.04633562316644,317.1911315917969,223700,0.0,0.0
2023-03-01 00:00:00-05:00,316.87271022381907,322.1177497237921,313.98644566097454,315.8973388671875,156800,0.0,0.0
2023-03-02 00:00:00-05:00,314.4840835506404,317.59923984396147,312.58312231773874,315.25042724609375,181600,0.0,0.0
2023-03-03 00:00:00-05:00,315.5788167728938,316.2456581179819,309.22904748285634,315.320068359375,149800,0.0,0.0
2023-03-06 00:00:00-05:00,315.489302235556,318.59452673104255,311.1399954663583,318.5845947265625,158800,0.0,0.0
2023-03-07 00:00:00-05:00,315.7978262361229,318.2163452140276,308.6090293801891,310.9807434082031,148300,0.0,0.0
2023-03-08 00:00:00-05:00,312.17506720820313,314.77269630666535,309.229089013227,311.80682373046875,134500,0.0,0.0
2023-03-09 00:00:00-05:00,311.8266952813883,312.31436575694255,303.2574721492832,306.2333068847656,194600,0.0,0.0
2023-03-10 00:00:00-05:00,302.68028617710377,304.34737492407305,290.5181346383938,292.79730224609375,188400,0.0,0.0
2023-03-13 00:00:00-04:00,286.57681156662204,296.21097637002805,283.99309351657524,286.6663818359375,205100,0.0,0.0
2023-03-14 00:00:00-04:00,293.5436902794576,296.2707087851549,287.6417715198116,293.8621826171875,159800,0.0,0.0
2023-03-15 00:00:00-04:00,286.1686868946176,288.7962023835521,276.584275306947,286.7558898925781,211800,0.0,0.0
2023-03-16 00:00:00-04:00,284.2877373486772,299.3062946078158,281.69007781979303,297.4949035644531,149100,0.0,0.0
2023-03-17 00:00:00-04:00,295.33515650457406,297.19629864507607,276.79335024718125,280.57537841796875,238900,0.0,0.0
2023-03-20 00:00:00-04:00,283.25263424219395,291.21476012181654,282.0702398392405,289.0351257324219,70600,0.0,0.0
2023-03-21 00:00:00-04:00,295.5143286990535,297.6342192965987,292.6628715862498,294.5489196777344,102300,0.0,0.0
2023-03-22 00:00:00-04:00,291.632754338043,295.07141445671886,285.44220025985345,285.9299011230469,159100,0.0,0.0
2023-03-23 00:00:00-04:00,284.98439843767926,290.01050882650594,280.86401392219483,283.96923828125,164300,0.0,0.0
2023-03-24 00:00:00-04:00,280.1374225580403,287.6715907868219,279.38101094778784,286.8355712890625,133500,0.0,0.0
2023-03-27 00:00:00-04:00,291.77208695037757,294.9171301068348,289.45808212244583,292.1104736328125,88900,0.0,0.0
2023-03-28 00:00:00-04:00,291.01572833940656,296.07169586415586,290.3688116118073,295.55413818359375,81200,0.0,0.0
2023-03-29 00:00:00-04:00,298.569777019809,301.47596651410635,297.2361244952738,299.3361511230469,115100,0.0,0.0
2023-03-30 00:00:00-04:00,300.1721401307147,302.92801286337254,293.70291310364365,294.8773193359375,143600,0.0,0.0
2023-03-31 00:00:00-04:00,298.1915519055646,299.94322931633195,293.8621702622927,298.72900390625,190600,0.0,0.0
2023-04-03 00:00:00-04:00,298.28110682183046,301.7545739806761,294.6583255273353,300.1820373535156,127700,0.0,0.0
2023-04-04 00:00:00-04:00,301.44606461500547,301.44606461500547,290.9858129251036,295.1758728027344,73300,0.0,0.0
2023-04-05 00:00:00-04:00,293.3644813732057,299.0872582493403,292.4488237088628,298.9479064941406,121000,0.0,0.0
2023-04-06 00:00:00-04:00,300.6896580974035,307.88543979558676,299.5749654113824,304.511474609375,102700,0.0,0.0
2023-04-10 00:00:00-04:00,304.49159761865377,310.01032904183523,302.4811717932082,308.4029846191406,141800,0.0,0.0
2023-04-11 00:00:00-04:00,309.87598235631083,313.03095762234886,308.4188936869841,312.045654296875,106500,0.0,0.0
2023-04-12 00:00:00-04:00,312.5134786924596,319.3111311227829,311.88645634366674,316.1362609863281,118500,0.0,0.0
2023-04-13 00:00:00-04:00,315.32009502878157,317.47980464819676,312.1949460658127,315.87744140625,107200,0.0,0.0
2023-04-14 00:00:00-04:00,315.57881873133573,315.976949289553,307.11906071187144,309.90582275390625,85700,0.0,0.0
2023-04-17 00:00:00-04:00,310.4134669153405,316.6886105347064,310.2840775008213,316.0367126464844,71000,0.0,0.0
2023-04-18 00:00:00-04:00,316.69359695093766,320.9234766976605,316.69359695093766,319.2713317871094,99100,0.0,0.0
2023-04-19 00:00:00-04:00,320.72434305166917,321.77434098142635,314.8025005186994,315.061279296875,77400,0.0,0.0
2023-04-20 00:00:00-04:00,314.3347913073029,326.9149658808428,314.3347913073029,325.7704162597656,129000,0.0,0.0
2023-04-21 00:00:00-04:00,325.7405549029053,329.2936307549779,316.01678851703105,329.2339172363281,166500,0.0,0.0
2023-04-24 00:00:00-04:00,328.22867363758314,337.9723026730226,328.22867363758314,329.9106750488281,146400,0.0,0.0
2023-04-25 00:00:00-04:00,324.9243565740131,333.52343542974944,324.9243565740131,331.5727233886719,194500,0.0,0.0
2023-04-26 00:00:00-04:00,327.8703242364455,334.72771848409184,326.3575315283483,328.119140625,214800,0.0,0.0
2023-04-27 00:00:00-04:00,327.1239130838088,337.7533431484926,325.4309773566575,335.145751953125,171300,0.0,0.0
2023-04-28 00:00:00-04:00,338.3803971654692,344.1131376818167,320.14116796342984,325.16326904296875,305900,0.0,0.0
2023-05-01 00:00:00-04:00,324.9143962112455,337.136256449207,322.366518729091,325.869873046875,282800,0.0,0.0
2023-05-02 00:00:00-04:00,325.3822117606336,330.1455641470495,320.9831543248813,326.9945373535156,160600,0.0,0.0
2023-05-03 00:00:00-04:00,330.7267643482567,335.4343818213414,327.95992704779377,328.2286682128906,121700,0.0,0.0
2023-05-04 00:00:00-04:00,325.7405265172538,328.30829871474174,317.34048139735137,319.9381103515625,122900,0.0,0.0
2023-05-05 00:00:00-04:00,321.1623064006549,329.2637537890233,321.1623064006549,326.8751220703125,127600,0.0,0.0
2023-05-08 00:00:00-04:00,328.1191500621134,332.96608859086325,327.3528064976386,332.1499938964844,74700,0.0,0.0
2023-05-09 00:00:00-04:00,331.73203322229716,335.83252335791116,329.65193139614735,330.3287048339844,87900,0.0,0.0
2023-05-10 00:00:00-04:00,331.6921807873657,333.86188304382284,323.79973126905696,330.79644775390625,97200,0.0,0.0
2023-05-11 00:00:00-04:00,329.90071340677395,332.8735714821133,324.57406173730215,330.1097106933594,78900,0.0,0.0
2023-05-12 00:00:00-04:00,332.2893537185585,336.64364114713806,323.5111029729984,328.129150390625,128200,0.0,0.0
2023-05-15 00:00:00-04:00,328.09927683796593,332.4087637253549,325.9743749622093,331.8016662597656,85800,0.0,0.0
2023-05-16 00:00:00-04:00,331.18459139268634,331.18459139268634,325.88478991356976,328.21868896484375,77900,0.0,0.0
2023-05-17 00:00:00-04:00,328.2187066330197,330.5774813766949,319.082175205709,321.062744140625,169200,0.0,0.0
2023-05-18 00:00:00-04:00,320.80397339776164,326.40732403808477,314.58356289528894,322.2769775390625,142300,0.0,0.0
2023-05-19 00:00:00-04:00,324.7054731241126,326.95876246860513,317.8580394365422,319.6495361328125,129800,0.0,0.0
2023-05-22 00:00:00-04:00,319.8186686339638,324.84972933585925,315.4992192455317,322.6551818847656,162400,0.0,0.0
2023-05-23 00:00:00-04:00,320.33625409934706,320.52535704199255,307.5271873816762,311.1897888183594,226600,0.0,0.0
2023-05-24 00:00:00-04:00,308.0148139242991,308.0148139242991,301.5654817951574,301.9934387207031,183600,0.0,0.0
2023-05-25 00:00:00-04:00,300.9284871674673,303.2673673626856,295.9223024987254,300.66973876953125,122500,0.0,0.0
2023-05-26 00:00:00-04:00,300.6697912773939,308.06460856268137,298.47026245879647,305.7555847167969,206600,0.0,0.0
2023-05-30 00:00:00-04:00,305.8950268530361,312.79040369943743,303.53517613145027,311.4411926269531,124200,0.14,0.0
2023-05-31 00:00:00-04:00,311.381372189775,311.99871335627284,300.44836223123156,301.6830749511719,205900,0.0,0.0
2023-06-01 00:00:00-04:00,303.39575916789425,311.1623595063942,300.4932281700729,311.1424560546875,157000,0.0,0.0
2023-06-02 00:00:00-04:00,319.19780579279256,339.161969511999,319.19780579279256,336.2046813964844,348200,0.0,0.0
2023-06-05 00:00:00-04:00,332.7295801106366,343.84181165191205,330.89746016150434,342.6668701171875,187300,0.0,0.0
2023-06-06 00:00:00-04:00,344.2301943461203,354.81469793917375,342.5275224376972,352.6141662597656,204400,0.0,0.0
2023-06-07 00:00:00-04:00,353.4804387148345,357.1845166402257,351.847444074191,354.29693603515625,238200,0.0,0.0
2023-06-08 00:00:00-04:00,354.834666470775,356.6867209597372,350.0452570264316,355.4122009277344,179000,0.0,0.0
2023-06-09 00:00:00-04:00,355.9597065810838,357.42144011388194,350.6724391762983,354.7150573730469,143000,0.0,0.0
2023-06-12 00:00:00-04:00,355.501690408835,356.92556183490734,345.08149070303335,347.27703857421875,206300,0.0,0.0
2023-06-13 00:00:00-04:00,348.1334286512215,353.1120263657956,345.9129631312198,351.13055419921875,128600,0.0,0.0
2023-06-14 00:00:00-04:00,348.4420792033156,351.98683814090754,342.17899513087895,342.6071472167969,141600,0.0,0.0
2023-06-15 00:00:00-04:00,342.99555207873357,348.6213620735043,342.0526145563977,348.59149169921875,126100,0.0,0.0
2023-06-16 00:00:00-04:00,353.5799596456925,359.4058965067985,349.5672117401332,354.02801513671875,302500,0.0,0.0
2023-06-20 00:00:00-04:00,354.525935602732,357.07497523401236,349.3641349074317,353.9783020019531,191600,0.0,0.0
2023-06-21 00:00:00-04:00,354.5657686448008,363.4027795945177,353.85383281753917,361.04791259765625,130400,0.0,0.0
2023-06-22 00:00:00-04:00,362.00376775183383,363.3579620310101,355.9199363814211,360.729248046875,195200,0.0,0.0
2023-06-23 00:00:00-04:00,355.7306909597054,363.5769639964433,353.60980396424367,356.77618408203125,2701500,0.0,0.0
2023-06-26 00:00:00-04:00,359.6538400255755,368.09752063425645,357.1346712950036,359.0364685058594,213100,0.0,0.0
2023-06-27 00:00:00-04:00,359.9526395036045,367.878559101617,359.9526395036045,364.9013671875,202400,0.0,0.0
2023-06-28 00:00:00-04:00,364.39354649184634,367.74416370261696,360.8786574210891,362.58135986328125,187900,0.0,0.0
2023-06-29 00:00:00-04:00,362.5813367975231,371.74193855862086,362.1033804672681,370.3778076171875,142600,0.0,0.0
2023-06-30 00:00:00-04:00,373.384771418991,377.0868732875564,372.4687266776277,372.5981750488281,109300,0.0,0.0
2023-07-03 00:00:00-04:00,372.4787428050592,374.75894900277984,367.42050103906047,368.087646484375,88300,0.0,0.0
2023-07-05 00:00:00-04:00,367.02219729189466,367.7948765615706,363.3181197027924,366.8827819824219,114300,0.0,0.0
2023-07-06 00:00:00-04:00,365.7576418856856,370.8656879407016,364.2939329599029,367.301025390625,213000,0.0,0.0
2023-07-07 00:00:00-04:00,367.1217994857928,368.83443827710295,363.671604605593,366.08624267578125,142800,0.0,0.0
2023-07-10 00:00:00-04:00,365.6580365212828,368.8741906504974,363.2384153492592,365.44891357421875,143700,0.0,0.0
2023-07-11 00:00:00-04:00,363.69650001671414,370.611748578672,363.69650001671414,370.14874267578125,88400,0.0,0.0
2023-07-12 00:00:00-04:00,371.43322581969153,373.2155721464236,362.8003248039511,362.94970703125,102600,0.0,0.0
2023-07-13 00:00:00-04:00,361.6851492956929,364.1844150186877,358.45902776959,360.8188781738281,154900,0.0,0.0
2023-07-14 00:00:00-04:00,362.70079840489063,366.8131248427448,360.0920181508291,365.58837890625,93000,0.0,0.0
2023-07-17 00:00:00-04:00,367.6295835783756,379.22970953373255,367.6295835783756,373.64373779296875,202600,0.0,0.0
2023-07-18 00:00:00-04:00,372.8372348404035,378.9111302397078,372.8372348404035,375.54559326171875,111500,0.0,0.0
2023-07-19 00:00:00-04:00,374.00214880877405,377.3577487078643,371.3236915819105,374.7788391113281,112200,0.0,0.0
2023-07-20 00:00:00-04:00,377.178527125934,383.97930819565306,375.82436321794694,383.113037109375,109100,0.0,0.0
2023-07-21 00:00:00-04:00,385.7517189737016,385.7517189737016,380.1009922299234,380.9125061035156,79100,0.0,0.0
2023-07-24 00:00:00-04:00,380.40464562727647,384.02406495977596,377.86554294151,381.997802734375,91400,0.0,0.0
2023-07-25 00:00:00-04:00,379.2695772585445,383.0333960089626,378.52278758277146,379.6778259277344,88700,0.0,0.0
2023-07-26 00:00:00-04:00,379.96657563210886,386.81713080465073,379.96657563210886,383.5710754394531,118500,0.0,0.0
2023-07-27 00:00:00-04:00,385.11440527992477,387.2054222269791,376.13801013350314,376.94952392578125,173500,0.0,0.0
2023-07-28 00:00:00-04:00,379.5981125029611,380.34490204253757,368.426139775419,374.9480895996094,176100,0.0,0.0
2023-07-31 00:00:00-04:00,375.85422110697965,379.21975770183207,370.02925626103854,371.0349426269531,128200,0.0,0.0
2023-08-01 00:00:00-04:00,370.4076658195281,374.15158098281785,369.800291490882,371.9012451171875,115900,0.0,0.0
2023-08-02 00:00:00-04:00,370.4674019204315,373.71844073668666,368.6701354809595,372.83721923828125,91200,0.0,0.0
2023-08-03 00:00:00-04:00,370.56694409086407,376.3222011400273,370.4872695203388,375.1571960449219,77800,0.0,0.0
2023-08-04 00:00:00-04:00,375.3862978541198,380.1558033564217,370.66161310510944,371.5826416015625,71800,0.0,0.0
2023-08-07 00:00:00-04:00,375.2767480779671,378.8712809939086,373.6736238341778,375.5854187011719,78000,0.0,0.0
2023-08-08 00:00:00-04:00,375.42610915658906,375.42610915658906,363.9653673659785,364.56280517578125,119600,0.0,0.0
2023-08-09 00:00:00-04:00,365.47885342514974,368.59546051908774,361.5557159161801,367.2611999511719,93200,0.0,0.0
2023-08-10 00:00:00-04:00,368.0975710372497,372.6330659876568,366.8031478646396,368.12744140625,87300,0.0,0.0
2023-08-11 00:00:00-04:00,367.8486113964371,368.04877020079266,363.2085553365772,367.4602966308594,69600,0.0,0.0
2023-08-14 00:00:00-04:00,368.5157861709477,377.24823508417444,368.41620814541085,376.362060546875,79800,0.0,0.0
2023-08-15 00:00:00-04:00,375.4460244501431,381.719045683553,374.7490085855641,381.2908935546875,97400,0.0,0.0
2023-08-16 00:00:00-04:00,381.7389171240961,391.5168891475557,380.0959861540841,380.3747863769531,162200,0.0,0.0
2023-08-17 00:00:00-04:00,381.51986890363287,383.89962259288103,368.197137772953,368.9837646484375,108000,0.0,0.0
2023-08-18 00:00:00-04:00,367.34086818912687,369.79032976333133,363.5670826023806,366.4646301269531,146800,0.0,0.0
2023-08-21 00:00:00-04:00,367.9880530501419,370.14874729057016,362.7206885278996,369.2127685546875,83900,0.0,0.0
2023-08-22 00:00:00-04:00,368.68505079518764,371.8016577129746,365.6680219054572,369.98944091796875,78800,0.0,0.0
2023-08-23 00:00:00-04:00,371.18433060286105,378.8414163314269,369.640977463584,377.8158264160156,130900,0.0,0.0
2023-08-24 00:00:00-04:00,377.81578573008835,383.3818537383095,372.3343453656951,374.32080078125,69900,0.0,0.0
2023-08-25 00:00:00-04:00,375.3962222122856,383.42670249189115,375.3962222122856,381.4900207519531,92000,0.0,0.0
2023-08-28 00:00:00-04:00,380.4640616328667,386.9485752261984,380.4640616328667,383.7113037109375,104500,0.14,0.0
2023-08-29 00:00:00-04:00,384.25910927005674,393.16409792350316,383.43237336511936,391.27154541015625,100900,0.0,0.0
2023-08-30 00:00:00-04:00,390.51453241334247,401.70554658348146,390.46474039649416,396.91937255859375,98800,0.0,0.0
2023-08-31 00:00:00-04:00,398.4334162079167,401.24237908771624,396.45121968966066,397.06878662109375,89000,0.0,0.0
2023-09-01 00:00:00-04:00,400.5051907259809,403.9566463765116,400.43548799213204,401.35186767578125,64300,0.0,0.0
2023-09-05 00:00:00-04:00,399.92753162866126,402.19860082896156,395.3853932280607,395.4053039550781,128800,0.0,0.0
2023-09-06 00:00:00-04:00,396.22205247974813,402.86594211350194,396.22205247974813,401.43157958984375,65200,0.0,0.0
2023-09-07 00:00:00-04:00,403.21456580260195,411.6264977791815,401.4784113288252,408.5535888671875,168000,0.0,0.0
2023-09-08 00:00:00-04:00,409.0317550030282,414.52513985932507,407.8464131714899,408.52374267578125,89700,0.0,0.0
2023-09-11 00:00:00-04:00,410.1074756925918,414.3856674483761,408.7777128098316,412.9463195800781,125500,0.0,0.0
2023-09-12 00:00:00-04:00,411.870571470859,422.47888544506714,411.870571470859,413.553955078125,112900,0.0,0.0
2023-09-13 00:00:00-04:00,414.52017830778135,419.6898545518826,410.4163187964231,411.8905334472656,114800,0.0,0.0
2023-09-14 00:00:00-04:00,413.8827248119709,414.6327665551936,406.9798420537538,409.2110900878906,105900,0.0,0.0
2023-09-15 00:00:00-04:00,407.02960208198215,411.7609986676144,401.5511428775659,408.2248840332031,329700,0.0,0.0
2023-09-18 00:00:00-04:00,408.22492519093333,415.74537455041354,407.82649783368976,413.9324951171875,141500,0.0,0.0
2023-09-19 00:00:00-04:00,414.1715253185902,423.5795416845375,414.1715253185902,419.11212158203125,157500,0.0,0.0
2023-09-20 00:00:00-04:00,420.3471893329184,427.0010190628453,417.3290578860947,420.4069519042969,138900,0.0,0.0
2023-09-21 00:00:00-04:00,418.65387649357086,418.65387649357086,408.0057416094344,410.4361877441406,129500,0.0,0.0
2023-09-22 00:00:00-04:00,412.73714596372935,424.74994098344723,411.61159713902003,424.4710388183594,145200,0.0,0.0
2023-09-25 00:00:00-04:00,423.6442582169405,428.3158921233395,422.1102811616015,424.0327453613281,147400,0.0,0.0
2023-09-26 00:00:00-04:00,423.30558190423375,428.1067113940809,417.5382502589448,417.7275085449219,114200,0.0,0.0
2023-09-27 00:00:00-04:00,418.35513053017047,422.69804062746226,412.46827254565727,418.1061096191406,108600,0.0,0.0
2023-09-28 00:00:00-04:00,419.27151482952183,424.3316060523715,416.4575665503502,417.4785461425781,73500,0.0,0.0
2023-09-29 00:00:00-04:00,418.20568630406194,419.35117631176286,412.2192144160334,412.5080871582031,156100,0.0,0.0
2023-10-02 00:00:00-04:00,413.32483387910753,413.32483387910753,403.91183325078623,407.7766418457031,126300,0.0,0.0
2023-10-03 00:00:00-04:00,405.24660934005715,411.9502622689243,402.9456588764099,409.9182434082031,113100,0.0,0.0
2023-10-04 00:00:00-04:00,409.3903168991243,417.72753089783356,409.3903168991243,417.0502014160156,88800,0.0,0.0
2023-10-05 00:00:00-04:00,417.3988187413309,428.58481646603735,417.3988187413309,428.0668640136719,148700,0.0,0.0
2023-10-06 00:00:00-04:00,427.40947639772804,431.65280194461684,422.58843578107434,429.7901306152344,85300,0.0,0.0
2023-10-09 00:00:00-04:00,426.7520048478173,438.1073495569801,426.7520048478173,437.250732421875,90800,0.0,0.0
2023-10-10 00:00:00-04:00,438.2767077213198,443.02704198536884,432.38985102211467,433.326171875,144300,0.0,0.0
2023-10-11 00:00:00-04:00,434.08324264656636,440.8665689383275,434.03542650380615,440.786865234375,133100,0.0,0.0
2023-10-12 00:00:00-04:00,440.8565893289163,442.75911244749227,433.70471714779507,435.9956970214844,85200,0.0,0.0
2023-10-13 00:00:00-04:00,437.5894266070523,443.2571439810363,436.41405540843357,437.39019775390625,66600,0.0,0.0
2023-10-16 00:00:00-04:00,440.278915808166,446.1508176074414,438.52579896849977,443.4962463378906,95900,0.0,0.0
2023-10-17 00:00:00-04:00,443.3268990554565,455.93732005258545,443.2671364761666,450.07037353515625,143800,0.0,0.0
2023-10-18 00:00:00-04:00,448.984632519559,450.3442767542204,438.0775061593624,438.66522216796875,103000,0.0,0.0
2023-10-19 00:00:00-04:00,438.2767047469972,440.4182780201275,425.3276202885632,427.6285705566406,149100,0.0,0.0
2023-10-20 00:00:00-04:00,428.31595169575587,428.31595169575587,419.16194090092506,423.11639404296875,112000,0.0,0.0
2023-10-23 00:00:00-04:00,422.86731578284224,422.86731578284224,409.0616134314009,414.1217041015625,157700,0.0,0.0
2023-10-24 00:00:00-04:00,418.58420467962355,430.2184533459207,418.42482766251646,425.44720458984375,164500,0.0,0.0
2023-10-25 00:00:00-04:00,426.14447733333026,434.07329398549626,422.94702720863467,423.9730224609375,128900,0.0,0.0
2023-10-26 00:00:00-04:00,424.08252925937774,433.8092987493701,424.0028559584424,424.5506896972656,140600,0.0,0.0
2023-10-27 00:00:00-04:00,401.90974035548646,402.41775269146046,333.77763187050414,341.52716064453125,713100,0.0,0.0
2023-10-30 00:00:00-04:00,346.4179016427466,365.58253752753996,326.72534274443404,330.24151611328125,484700,0.0,0.0
2023-10-31 00:00:00-04:00,330.8790289061496,340.0828616501131,328.8669510628666,332.6022644042969,255300,0.0,0.0
2023-11-01 00:00:00-04:00,331.2674807326111,345.4019073400339,328.2891705422032,341.8060302734375,222200,0.0,0.0
2023-11-02 00:00:00-04:00,349.175097130283,354.0280253811776,335.9291740730247,343.0013732910156,217100,0.0,0.0
2023-11-03 00:00:00-04:00,348.03153359885874,348.1311480183888,336.56663434480896,338.2001953125,241100,0.0,0.0
2023-11-06 00:00:00-05:00,338.0806546284873,339.47516524365034,332.14002420886715,339.1663818359375,207300,0.0,0.0
2023-11-07 00:00:00-05:00,339.66447595184803,347.53352957903917,338.1703506910628,345.80035400390625,190700,0.0,0.0
2023-11-08 00:00:00-05:00,345.3122252500502,356.00018004578857,343.81810023833197,351.4978942871094,160200,0.0,0.0
2023-11-09 00:00:00-05:00,351.4581267992166,361.3990518731743,350.9053077077251,356.0600280761719,215700,0.0,0.0
2023-11-10 00:00:00-05:00,356.4285136272635,357.9923718782606,351.07955057321755,355.9902648925781,220200,0.0,0.0
2023-11-13 00:00:00-05:00,357.0959545223793,365.31364385239226,357.0959545223793,365.08453369140625,167000,0.0,0.0
2023-11-14 00:00:00-05:00,367.6842373837473,374.5372954258224,366.45904396815035,370.3935852050781,207800,0.0,0.0
2023-11-15 00:00:00-05:00,369.5469682801423,373.41177701694966,346.4776714103593,347.4737548828125,260800,0.0,0.0
2023-11-16 00:00:00-05:00,348.9081533015594,356.07598505240003,347.1650070459765,351.5577392578125,288300,0.0,0.0
2023-11-17 00:00:00-05:00,351.94614505609303,354.08774874970146,346.42786473877754,350.7608337402344,139500,0.0,0.0
2023-11-20 00:00:00-05:00,350.08349651711217,357.1756061353085,350.08349651711217,355.46234130859375,91600,0.0,0.0
2023-11-21 00:00:00-05:00,356.2791205530525,364.2677292645331,355.45238466596675,361.4189147949219,93800,0.0,0.0
2023-11-22 00:00:00-05:00,361.7576502743623,362.8832296549691,358.57020085467195,361.28948974609375,134500,0.0,0.0
2023-11-24 00:00:00-05:00,360.3133043088589,366.02084345025065,358.83908974910133,365.4231872558594,41600,0.0,0.0
2023-11-27 00:00:00-05:00,365.3435116285237,371.3200127383625,364.332502664432,368.76007080078125,137900,0.0,0.0
2023-11-28 00:00:00-05:00,367.6938823351262,367.6938823351262,354.3014523181228,355.0487976074219,128800,0.14,0.0
2023-11-29 00:00:00-05:00,353.93272225198825,357.7392077442321,344.2471273064953,345.4229431152344,283500,0.0,0.0
2023-11-30 00:00:00-05:00,344.83507043154765,349.0600526352541,341.48199104456734,348.86077880859375,185100,0.0,0.0
2023-12-01 00:00:00-05:00,348.76116560771476,350.14626026200295,337.04278071223627,337.2819519042969,253300,0.0,0.0
2023-12-04 00:00:00-05:00,336.614316647719,351.27525252899886,336.614316647719,347.6451416015625,303800,0.0,0.0
2023-12-05 00:00:00-05:00,346.0208344074292,347.91909003639233,340.1516687247098,340.3310546875,137200,0.0,0.0
2023-12-06 00:00:00-05:00,339.3844485075627,342.9816864124493,326.1913223668846,328.01483154296875,368200,0.0,0.0
2023-12-07 00:00:00-05:00,328.1543299954852,332.1501153233505,323.85958831667165,327.78564453125,313500,0.0,0.0
2023-12-08 00:00:00-05:00,328.9414952414636,331.1138018080796,326.0318481930007,329.559326171875,187700,0.0,0.0
2023-12-11 00:00:00-05:00,329.3102295317643,335.6626643038385,328.28387658105066,332.09033203125,120800,0.0,0.0
2023-12-12 00:00:00-05:00,331.6419336194479,338.2584143835249,331.6419336194479,338.1787109375,151000,0.0,0.0
2023-12-13 00:00:00-05:00,335.8968403588167,347.7646876465613,335.8968403588167,347.3461608886719,263700,0.0,0.0
2023-12-14 00:00:00-05:00,350.4650811429195,350.59462586132616,329.9479650171101,330.0675354003906,413900,0.0,0.0
2023-12-15 00:00:00-05:00,328.83186121007816,336.8633278723238,326.65958530401304,335.83697509765625,439900,0.0,0.0
2023-12-18 00:00:00-05:00,336.64416089229246,340.90204618415623,333.44553168444276,337.8199768066406,141400,0.0,0.0
2023-12-19 00:00:00-05:00,338.4577347192651,341.58660448469766,336.31833113092904,337.6506042480469,116900,0.0,0.0
2023-12-20 00:00:00-05:00,335.7274588302514,338.2584464077753,334.1689689426135,334.94024658203125,114600,0.0,0.0
2023-12-21 00:00:00-05:00,335.78718490278345,336.80356340704594,328.83188143291466,336.3153076171875,196300,0.0,0.0
2023-12-22 00:00:00-05:00,336.53460327439547,336.53460327439547,323.85962496270366,331.60211181640625,247200,0.0,0.0
2023-12-26 00:00:00-05:00,331.60211948340077,334.77085653219825,330.5857407346055,333.176513671875,128400,0.0,0.0
2023-12-27 00:00:00-05:00,332.7479685584084,334.73094516166424,330.51590729878194,333.33587646484375,118400,0.0,0.0
2023-12-28 00:00:00-05:00,333.4455489958566,334.66621906951923,332.0704287763547,334.0533752441406,96700,0.0,0.0
2023-12-29 00:00:00-05:00,333.35586286607116,334.2426967881786,331.35795494567697,333.72454833984375,172100,0.0,0.0
2024-01-02 00:00:00-05:00,332.91742615844424,346.09063388009974,332.91742615844424,345.2735290527344,191900,0.0,0.0
2024-01-03 00:00:00-05:00,345.3731812191966,349.9668490732229,341.5816566900313,347.9540100097656,362900,0.0,0.0
2024-01-04 00:00:00-05:00,350.05647983658747,362.0837625645558,350.05647983658747,357.08154296875,294100,0.0,0.0
2024-01-05 00:00:00-05:00,359.79190129879754,361.2666429719781,355.73630087844526,357.3007507324219,302700,0.0,0.0
2024-01-08 00:00:00-05:00,358.08793902034694,360.5491970416985,354.5604916481841,359.6822814941406,283700,0.0,0.0
2024-01-09 00:00:00-05:00,360.7186742184094,361.90446455813515,353.8879270506168,360.9378967285156,166700,0.0,0.0
2024-01-10 00:00:00-05:00,361.50586185839245,375.3267621608045,361.50586185839245,370.4241638183594,240800,0.0,0.0
2024-01-11 00:00:00-05:00,371.56013342721116,374.96801073298354,367.53442517162904,373.8320617675781,174100,0.0,0.0
2024-01-12 00:00:00-05:00,375.86483457250677,381.8934071795559,375.86483457250677,381.4051513671875,140600,0.0,0.0
2024-01-16 00:00:00-05:00,381.4051759475243,387.66294577262863,380.5083372986467,387.0650634765625,213700,0.0,0.0
2024-01-17 00:00:00-05:00,386.6763866828002,394.78758768992964,386.6763866828002,391.33984375,260000,0.0,0.0
2024-01-18 00:00:00-05:00,390.03448788244145,401.02544332070056,390.03448788244145,396.023193359375,181900,0.0,0.0
2024-01-19 00:00:00-05:00,398.5841680544671,404.3935189236551,393.93068451222535,397.3385925292969,175000,0.0,0.0
2024-01-22 00:00:00-05:00,398.5841129877896,405.63903840746946,398.0111361615478,404.642578125,120400,0.0,0.0
2024-01-23 00:00:00-05:00,405.74870857521313,409.7195886321721,400.9457621978491,402.7991943359375,111100,0.0,0.0
2024-01-24 00:00:00-05:00,406.94449285296275,409.8641146378762,404.254037506661,407.9508972167969,113100,0.0,0.0
2024-01-25 00:00:00-05:00,409.71463469734834,409.71463469734834,393.61183103729337,393.6417236328125,185000,0.0,0.0
2024-01-26 00:00:00-05:00,394.3890287634931,396.03816933571545,386.5668093640319,389.19744873046875,201500,0.0,0.0
2024-01-29 00:00:00-05:00,388.46004335153145,396.0530652614627,388.46004335153145,396.0431213378906,214800,0.0,0.0
2024-01-30 00:00:00-05:00,396.58125650164527,400.08881649779335,393.9605608393824,398.6140441894531,96300,0.0,0.0
2024-01-31 00:00:00-05:00,400.2482746098102,403.367170214108,395.7542283359537,396.16278076171875,116200,0.0,0.0
2024-02-01 00:00:00-05:00,395.1563843236569,395.1563843236569,384.78322658399514,392.8744812011719,170500,0.0,0.0
2024-02-02 00:00:00-05:00,394.0602159883355,399.35640537612335,392.78474790981096,394.3193054199219,127700,0.0,0.0
2024-02-05 00:00:00-05:00,394.000427663876,395.02678063757503,391.5491436469015,393.00396728515625,146900,0.0,0.0
2024-02-06 00:00:00-05:00,392.80468586394994,401.7030695756566,391.6089212687721,399.96923828125,142000,0.0,0.0
2024-02-07 00:00:00-05:00,400.84608949757876,409.6847182457905,400.84608949757876,405.7486877441406,154100,0.0,0.0
2024-02-08 00:00:00-05:00,404.9515514378299,408.459081054087,403.0981193042695,407.9708251953125,136500,0.0,0.0
2024-02-09 00:00:00-05:00,407.80140111868417,420.3020096779579,405.7387208813174,417.6065673828125,146000,0.0,0.0
2024-02-12 00:00:00-05:00,418.503380824662,419.2258206744081,412.41003539667304,413.9396057128906,187800,0.0,0.0
2024-02-13 00:00:00-05:00,412.6143197775867,413.8399770488882,408.77797146550836,410.62139892578125,167800,0.0,0.0
2024-02-14 00:00:00-05:00,415.40444711252144,425.9868524769454,411.5082830114798,424.7512512207031,209700,0.0,0.0
2024-02-15 00:00:00-05:00,426.7142428260729,439.7579056535654,426.7142428260729,436.02117919921875,312600,0.0,0.0
2024-02-16 00:00:00-05:00,460.22513589901087,526.1708707299314,455.9802357332886,503.2423400878906,583800,0.0,0.0
2024-02-20 00:00:00-05:00,499.0073829889667,503.994671607736,487.2092968002776,494.7026672363281,287600,0.0,0.0
2024-02-21 00:00:00-05:00,498.23020606547817,504.98620644334375,483.05410304128264,493.267822265625,224400,0.0,0.0
2024-02-22 00:00:00-05:00,493.22797741701044,504.78689367493723,485.455568087873,504.1591491699219,167800,0.0,0.0
2024-02-23 00:00:00-05:00,507.43743208028224,507.502204432373,500.2230692586847,506.3014831542969,101400,0.0,0.0
2024-02-26 00:00:00-05:00,506.6105441154483,512.999714855074,505.6038121532758,509.9596252441406,126500,0.15,0.0
2024-02-27 00:00:00-05:00,509.75030927465355,512.7704747070625,505.81311616197604,510.5576477050781,105700,0.0,0.0
2024-02-28 00:00:00-05:00,507.9262470876913,512.9897475839786,507.9262470876913,511.4248962402344,112800,0.0,0.0
2024-02-29 00:00:00-05:00,513.3286585591527,515.5913111433849,507.06904040550296,514.5048217773438,130400,0.0,0.0
2024-03-01 00:00:00-05:00,514.5945863434107,516.3837440577867,508.04590043608414,515.601318359375,161200,0.0,0.0
2024-03-04 00:00:00-05:00,515.0829205533149,528.6487361564807,511.7338396740028,523.1167602539062,129800,0.0,0.0
2024-03-05 00:00:00-05:00,521.5518974841087,528.8381719175321,521.2578718815911,527.1436767578125,187600,0.0,0.0
2024-03-06 00:00:00-05:00,529.2766653182008,546.5902869607967,524.6318158899336,546.2015380859375,174100,0.0,0.0
2024-03-07 00:00:00-05:00,544.3974689278871,546.6899924502998,530.0591435860541,531.2402954101562,218600,0.0,0.0
2024-03-08 00:00:00-05:00,531.0708915487858,537.5199260876775,522.0303191268912,523.9939575195312,157500,0.0,0.0
2024-03-11 00:00:00-04:00,521.5218697154754,524.1932253603827,504.1484761854074,504.3478088378906,245200,0.0,0.0
2024-03-12 00:00:00-04:00,502.5138380325454,512.5611112668396,502.5138380325454,509.18212890625,180200,0.0,0.0
2024-03-13 00:00:00-04:00,509.3415883531409,514.1259981506877,500.32097160745155,512.351806640625,134700,0.0,0.0
2024-03-14 00:00:00-04:00,513.3286503399529,513.6176872902531,503.5056222065602,504.24822998046875,206100,0.0,0.0
2024-03-15 00:00:00-04:00,502.7430577695413,514.8137406004427,502.7430577695413,514.4449462890625,289100,0.0,0.0
2024-03-18 00:00:00-04:00,515.322249084165,519.1597308595314,511.50466103625575,514.1361083984375,135200,0.0,0.0
2024-03-19 00:00:00-04:00,514.1360315476597,521.4920859886569,508.9229935953352,511.22552490234375,96700,0.0,0.0
2024-03-20 00:00:00-04:00,511.4647115919391,518.6961713480944,510.95635699329495,513.2987060546875,111300,0.0,0.0
2024-03-21 00:00:00-04:00,512.571017837349,523.5552717557304,512.571017837349,517.4551391601562,105700,0.0,0.0
2024-03-22 00:00:00-04:00,523.6151870447793,529.2667691673879,516.7873808378783,521.013671875,126100,0.0,0.0
2024-03-25 00:00:00-04:00,522.2595994112305,531.2702397373225,522.2595994112305,529.5757446289062,76800,0.0,0.0
2024-03-26 00:00:00-04:00,531.7486003162309,535.0977418558354,527.1237054190941,528.0007934570312,87000,0.0,0.0
2024-03-27 00:00:00-04:00,529.6354738070916,531.4993999159672,525.6584329562064,530.4528198242188,125700,0.0,0.0
2024-03-28 00:00:00-04:00,532.1175310951011,532.9348773399225,521.9805517096622,523.037109375,186000,0.0,0.0
2024-04-01 00:00:00-04:00,522.4988016914422,522.4988016914422,503.46577036031437,510.9862976074219,132600,0.0,0.0
2024-04-02 00:00:00-04:00,511.7537509272698,511.7537509272698,464.33815575636356,466.3316650390625,365900,0.0,0.0
2024-04-03 00:00:00-04:00,466.42139272721624,471.1460002305199,447.77212096831255,451.67938232421875,355800,0.0,0.0
2024-04-04 00:00:00-04:00,455.5268744439957,456.51365186146677,441.90122433288155,443.9944152832031,296600,0.0,0.0
2024-04-05 00:00:00-04:00,445.0409993441169,450.592930361928,441.7317968353417,446.6856689453125,302700,0.0,0.0
2024-04-08 00:00:00-04:00,449.7256856368029,460.79465581080234,445.8283717152408,457.6199645996094,162500,0.0,0.0
2024-04-09 00:00:00-04:00,456.4837084172314,457.0119871420064,446.67065809817143,448.9681701660156,114300,0.0,0.0
2024-04-10 00:00:00-04:00,447.42319943949235,454.64967012353,445.7785604709702,446.3865661621094,122400,0.0,0.0
2024-04-11 00:00:00-04:00,446.2869047045027,452.5564997938505,436.757932952004,451.3603820800781,162000,0.0,0.0
2024-04-12 00:00:00-04:00,451.4202195172084,451.76905930329247,446.2470605478875,449.4964599609375,114100,0.0,0.0
2024-04-15 00:00:00-04:00,455.09823448501294,460.82957384558006,445.05096078142793,445.8184509277344,114000,0.0,0.0
2024-04-16 00:00:00-04:00,447.01453175594537,455.6165287261808,442.57896166737805,450.8121643066406,126200,0.0,0.0
2024-04-17 00:00:00-04:00,452.3173188687417,457.1216533519532,448.60939020867227,449.9450378417969,155300,0.0,0.0
2024-04-18 00:00:00-04:00,450.68260323937454,453.05488414347184,443.0574363465884,450.453369140625,173500,0.0,0.0
2024-04-19 00:00:00-04:00,452.9651890992581,452.9651890992581,446.0676334835038,450.3437194824219,142400,0.0,0.0
2024-04-22 00:00:00-04:00,453.33396675946307,463.7450760766229,450.9915873163233,461.7266540527344,196800,0.0,0.0
2024-04-23 00:00:00-04:00,466.6505986735468,480.3459966801291,460.8594266584809,462.8529357910156,209100,0.0,0.0
2024-04-24 00:00:00-04:00,465.0956454452979,466.8300191195092,455.1679782288773,457.1016845703125,151900,0.0,0.0
2024-04-25 00:00:00-04:00,453.53338086046057,458.91585033571437,445.1705940485074,451.6195983886719,165400,0.0,0.0
2024-04-26 00:00:00-04:00,390.72784127731995,394.8743444676305,364.9119007052049,373.4241943359375,804300,0.0,0.0
2024-04-29 00:00:00-04:00,381.7769557162885,386.26235164861924,353.97249565976955,356.8381652832031,824100,0.0,0.0
2024-04-30 00:00:00-04:00,357.3365216396303,369.9454611591067,355.83141247006176,362.07110595703125,462900,0.0,0.0
2024-05-01 00:00:00-04:00,363.27724291780584,380.83011061979806,363.27724291780584,377.3813171386719,439900,0.0,0.0
2024-05-02 00:00:00-04:00,378.56739985744855,381.2486722707812,370.4638101911103,371.89910888671875,240900,0.0,0.0
2024-05-03 00:00:00-04:00,372.7862573925536,381.60255392115914,366.84560790423757,381.12908935546875,208600,0.0,0.0
2024-05-06 00:00:00-04:00,382.85344525231045,393.6084358278948,382.55440062329086,392.7013854980469,235000,0.0,0.0
2024-05-07 00:00:00-04:00,394.91417147164816,401.0741073930578,392.31262623506973,395.0038757324219,285400,0.0,0.0
2024-05-08 00:00:00-04:00,395.98071154133504,397.75493361363067,382.37002791998566,384.81707763671875,199900,0.0,0.0
2024-05-09 00:00:00-04:00,382.7138956542338,384.74728359769176,377.9494097839365,380.0326232910156,177700,0.0,0.0
2024-05-10 00:00:00-04:00,382.46470905630895,385.7440402933055,377.3314288156998,379.4146423339844,229200,0.0,0.0
2024-05-13 00:00:00-04:00,379.76350498945857,379.773482269453,373.05037731711724,374.191650390625,192100,0.0,0.0
2024-05-14 00:00:00-04:00,375.77649826058274,380.3964657383816,374.2514648822614,376.9227600097656,168000,0.0,0.0
2024-05-15 00:00:00-04:00,377.39121272136873,382.6441288050747,377.39121272136873,381.3583068847656,133800,0.0,0.0
2024-05-16 00:00:00-04:00,385.3254031549127,388.41534868523195,380.60079579950974,382.62420654296875,127000,0.0,0.0
2024-05-17 00:00:00-04:00,384.9068050026721,390.144755905238,381.85673800343704,389.6513671875,140500,0.0,0.0
2024-05-20 00:00:00-04:00,389.6613059564516,391.5362134634526,380.19712498612154,384.109375,148000,0.0,0.0
2024-05-21 00:00:00-04:00,385.22575079212226,386.23245231109706,381.95140809361794,384.1891174316406,105600,0.0,0.0
2024-05-22 00:00:00-04:00,383.81027282357337,397.1966780217031,383.81027282357337,392.1331787109375,129500,0.0,0.0
2024-05-23 00:00:00-04:00,391.96380450634337,392.88083220517115,384.87689326234243,385.9832763671875,132400,0.0,0.0
2024-05-24 00:00:00-04:00,388.7841584393888,390.89730395426517,382.3750330209516,390.7178649902344,143500,0.0,0.0
2024-05-28 00:00:00-04:00,388.7343423770161,388.7343423770161,376.9327700945643,377.72021484375,178200,0.0,0.0
2024-05-29 00:00:00-04:00,375.5272995878093,377.78992160346473,371.2960811322795,376.0854797363281,143400,0.0,0.0
2024-05-30 00:00:00-04:00,377.670312408138,393.2894703971164,376.0954535219928,384.7073974609375,214100,0.0,0.0
2024-05-31 00:00:00-04:00,385.89399632153476,388.7059443732112,380.0208146908424,382.5236511230469,172900,0.15,0.0
2024-06-03 00:00:00-04:00,387.3498475030558,387.3498475030558,378.54509533434594,383.30145263671875,110500,0.0,0.0
2024-06-04 00:00:00-04:00,383.5407901079692,383.5407901079692,377.84708624065803,379.52227783203125,101600,0.0,0.0
2024-06-05 00:00:00-04:00,379.911113358156,385.72942858160496,375.7929119061772,381.8954162597656,129700,0.0,0.0
2024-06-06 00:00:00-04:00,382.4638461196888,388.6461397107402,381.40687785991787,387.2800598144531,160600,0.0,0.0
2024-06-07 00:00:00-04:00,389.3441068888276,395.00789730455,386.10339497190824,386.2529602050781,150400,0.0,0.0
2024-06-10 00:00:00-04:00,386.99085243175676,386.99085243175676,378.96384032380314,381.4566955566406,126600,0.0,0.0
2024-06-11 00:00:00-04:00,381.4567228165042,384.9367696628843,381.4567228165042,383.6703796386719,114700,0.0,0.0
2024-06-12 00:00:00-04:00,385.604845346063,389.92248804257696,381.5564505145868,385.5151062011719,109600,0.0,0.0
2024-06-13 00:00:00-04:00,387.1404333086341,387.88828990871514,382.9225111292462,386.2430114746094,92600,0.0,0.0
2024-06-14 00:00:00-04:00,387.3996326592136,387.3996326592136,377.33847393336833,380.6190490722656,97400,0.0,0.0
2024-06-17 00:00:00-04:00,380.55931159020946,389.40395796670316,380.22527747630426,388.63616943359375,102100,0.0,0.0
2024-06-18 00:00:00-04:00,388.8854105730017,394.9580021787675,386.37262349038315,393.10333251953125,89800,0.0,0.0
2024-06-20 00:00:00-04:00,396.1645777741785,397.20161416667696,390.1418608889848,394.2999267578125,134800,0.0,0.0
2024-06-21 00:00:00-04:00,394.1902206356335,394.1902206356335,384.07918517711715,391.4979248046875,256000,0.0,0.0
2024-06-24 00:00:00-04:00,391.62758753450106,395.7258272494204,389.4438437462831,389.4637756347656,103600,0.0,0.0
2024-06-25 00:00:00-04:00,390.18166999015466,392.8440526393479,383.9694945259708,384.3783264160156,105300,0.0,0.0
2024-06-26 00:00:00-04:00,383.89966490898155,385.1111887712721,371.57001398020395,377.8968811035156,179300,0.0,0.0
2024-06-27 00:00:00-04:00,377.87695070557317,386.82031209774084,374.0878230079185,385.4253234863281,138900,0.0,0.0
2024-06-28 00:00:00-04:00,385.7942899672285,387.72874816372376,382.04505619319065,384.1789245605469,268600,0.0,0.0
2024-07-01 00:00:00-04:00,387.34980338086376,394.1952044439539,384.7672090486103,390.59051513671875,188900,0.0,0.0
2024-07-02 00:00:00-04:00,386.75148822572817,389.87254760875345,379.990866565608,380.349853515625,131600,0.0,0.0
2024-07-03 00:00:00-04:00,379.99091236316315,384.2387476065625,378.9937702256788,381.5265197753906,97800,0.0,0.0
2024-07-05 00:00:00-04:00,380.3898391341093,381.04795667533665,374.9254886111216,380.9781494140625,151200,0.0,0.0
2024-07-08 00:00:00-04:00,384.3584016745979,385.8640960472817,378.02654298452256,378.53509521484375,116800,0.0,0.0
2024-07-09 00:00:00-04:00,381.90540159659747,382.5236247929876,374.8356681795204,374.9653015136719,96400,0.0,0.0
2024-07-10 00:00:00-04:00,376.7501662589638,377.4292197495826,373.96816185746945,374.7957763671875,138200,0.0,0.0
2024-07-11 00:00:00-04:00,375.7132251754934,381.3181637788519,374.44683508207106,380.7388000488281,168000,0.0,0.0
2024-07-12 00:00:00-04:00,382.7829391510318,390.02716115562646,378.9838299369899,388.37689208984375,125700,0.0,0.0
2024-07-15 00:00:00-04:00,392.1560427317173,398.2386156101221,390.5855317566343,396.8326416015625,120700,0.0,0.0
2024-07-16 00:00:00-04:00,398.85685713848744,404.1018345475748,395.8654307099488,401.9180908203125,125300,0.0,0.0
2024-07-17 00:00:00-04:00,402.13754167488463,405.26356220923896,392.1162429281771,392.2658386230469,201500,0.0,0.0
2024-07-18 00:00:00-04:00,393.9808228988631,397.45088855886075,384.9965927602887,387.6091003417969,147200,0.0,0.0
2024-07-19 00:00:00-04:00,389.07487948626664,389.07487948626664,367.9454358956614,369.3514099121094,254500,0.0,0.0
2024-07-22 00:00:00-04:00,372.8314476776596,376.022314763001,369.98462628522543,372.22320556640625,144300,0.0,0.0
2024-07-23 00:00:00-04:00,373.19042528339185,377.8271301263189,372.0337367548366,373.3699035644531,200900,0.0,0.0
2024-07-24 00:00:00-04:00,371.70464901331303,374.7858144452919,365.8713920827837,371.08642578125,185400,0.0,0.0
2024-07-25 00:00:00-04:00,374.9254473161034,384.7772165984804,372.5522441371061,376.171875,281700,0.0,0.0
2024-07-26 00:00:00-04:00,408.8681573270981,443.0302251578009,401.07049876133055,442.02313232421875,504900,0.0,0.0
2024-07-29 00:00:00-04:00,438.7425657535277,442.85078672763416,427.23553630394434,439.1513977050781,361400,0.0,0.0
2024-07-30 00:00:00-04:00,439.73969106749354,461.78648954369055,439.72970990821096,460.5799560546875,339800,0.0,0.0
2024-07-31 00:00:00-04:00,460.460294368029,464.51867016504025,454.14839803619117,455.7637634277344,181900,0.0,0.0
2024-08-01 00:00:00-04:00,458.5757392044752,458.5757392044752,440.55737241634546,446.0516052246094,109300,0.0,0.0
2024-08-02 00:00:00-04:00,438.74256532408185,446.71970287542877,428.2775628677669,446.3706970214844,125000,0.0,0.0
2024-08-05 00:00:00-04:00,423.82530007656754,450.4190636816218,416.55314324215317,445.5729675292969,238100,0.0,0.0
2024-08-06 00:00:00-04:00,447.52734610507827,455.78368152454107,444.7353603807622,452.8520812988281,141100,0.0,0.0
2024-08-07 00:00:00-04:00,455.34496279859326,472.29637957520407,454.69682647850146,456.6412658691406,260100,0.0,0.0
2024-08-08 00:00:00-04:00,457.92753818578024,466.6325998622771,452.7424174116788,466.3135070800781,288300,0.0,0.0
2024-08-09 00:00:00-04:00,466.10409406432956,467.9488129895155,460.5998807641743,465.3263244628906,94400,0.0,0.0
2024-08-12 00:00:00-04:00,467.94884977380156,471.4687603587224,462.4246737224696,463.4118347167969,106800,0.0,0.0
2024-08-13 00:00:00-04:00,465.07702232414897,470.1973564350194,462.983017954995,468.86614990234375,79900,0.0,0.0
2024-08-14 00:00:00-04:00,470.2023662427747,478.6282295390979,470.2023662427747,478.49859619140625,113700,0.0,0.0
2024-08-15 00:00:00-04:00,481.5498754554438,485.55840657581575,477.99007049732285,481.5000305175781,142400,0.0,0.0
2024-08-16 00:00:00-04:00,481.2806332537316,488.70436385579546,477.47154294153546,482.0982971191406,83100,0.0,0.0
2024-08-19 00:00:00-04:00,481.25070150169773,486.69508890274136,480.2884630170241,485.0198974609375,99200,0.0,0.0
2024-08-20 00:00:00-04:00,485.9871636001024,487.3233304780246,473.1439673724308,473.5328674316406,137800,0.0,0.0
2024-08-21 00:00:00-04:00,476.05565056654916,478.77283876322247,469.3917352549727,477.8504943847656,132500,0.0,0.0
2024-08-22 00:00:00-04:00,477.37180821928104,483.6139276207201,477.22723356698475,481.85894775390625,114800,0.0,0.0
2024-08-23 00:00:00-04:00,483.4244847173667,487.3233141868844,481.2008467614488,485.06976318359375,105300,0.0,0.0
2024-08-26 00:00:00-04:00,487.3233445095819,492.85747163043095,482.08335730113964,482.2478942871094,74300,0.0,0.0
2024-08-27 00:00:00-04:00,481.61966356952155,488.4800065033038,478.57839215183884,486.3062438964844,95100,0.0,0.0
2024-08-28 00:00:00-04:00,487.08404035586665,487.5676397237824,480.17382167574993,480.9914855957031,96300,0.0,0.0
2024-08-29 00:00:00-04:00,482.0686671747091,489.93358801969515,479.20598404645466,484.8415832519531,70100,0.15,0.0
2024-08-30 00:00:00-04:00,486.5572101446489,492.3773661167587,485.9787012156108,489.8388366699219,110900,0.0,0.0
2024-09-03 00:00:00-04:00,490.0882353557373,490.0882353557373,470.4883027118326,472.98193359375,107600,0.0,0.0
2024-09-04 00:00:00-04:00,472.9818941242552,477.1911439192706,471.7949234883267,473.2412414550781,90300,0.0,0.0
2024-09-05 00:00:00-04:00,477.3606494223738,477.3606494223738,463.261683601118,463.905029296875,87600,0.0,0.0
2024-09-06 00:00:00-04:00,465.7304542776367,469.46091624276505,458.8280707759175,460.3242492675781,93300,0.0,0.0
2024-09-09 00:00:00-04:00,462.82784592617213,467.52084554799745,455.3569075894759,465.1918029785156,131400,0.0,0.0
2024-09-10 00:00:00-04:00,467.67546898356636,468.43354249492836,456.9927630550035,461.6508483886719,148400,0.0,0.0
2024-09-11 00:00:00-04:00,458.7981178319937,458.7981178319937,448.85351756958124,453.6811828613281,106200,0.0,0.0
2024-09-12 00:00:00-04:00,454.55894138368865,457.2420903760739,450.46140582888205,456.0451354980469,144600,0.0,0.0
2024-09-13 00:00:00-04:00,460.5536727668373,465.38133836481717,459.2071060407464,463.3465270996094,100900,0.0,0.0
2024-09-16 00:00:00-04:00,458.82809081403605,462.4937161027594,452.3346661359003,452.37457275390625,90800,0.0,0.0
2024-09-17 00:00:00-04:00,455.59631214443397,459.4644228239987,452.04538447068524,454.2098388671875,100300,0.0,0.0
2024-09-18 00:00:00-04:00,456.09505426854986,458.15975742167126,449.91083775357185,452.12518310546875,200600,0.0,0.0
2024-09-19 00:00:00-04:00,456.29450326217074,456.7293970752668,447.2127198979352,452.65380859375,251800,0.0,0.0
2024-09-20 00:00:00-04:00,452.7535401201461,457.5861973360304,448.54429054078025,449.49188232421875,292500,0.0,0.0
2024-09-23 00:00:00-04:00,451.16762680736923,462.94753590896306,447.81117915474965,461.989990234375,179800,0.0,0.0
2024-09-24 00:00:00-04:00,463.3265654649975,465.0022779795003,448.0455893241166,448.2949523925781,180000,0.0,0.0
2024-09-25 00:00:00-04:00,451.1177831156755,453.4019576202763,447.5219867180758,447.8262023925781,123800,0.0,0.0
2024-09-26 00:00:00-04:00,447.8560524687428,455.04767454314066,443.86624353806354,448.69390869140625,121400,0.0,0.0
2024-09-27 00:00:00-04:00,453.20242451181076,461.94011663374476,451.03797000935043,460.2045593261719,126900,0.0,0.0
2024-09-30 00:00:00-04:00,458.7382968715281,465.85013673276785,456.2346818254426,464.3838806152344,228200,0.0,0.0
2024-10-01 00:00:00-04:00,464.6132977920329,479.11626365081054,458.72833494738626,475.0267028808594,171500,0.0,0.0
2024-10-02 00:00:00-04:00,472.4931345487793,476.5627262624569,467.1667128420128,474.9069519042969,185200,0.0,0.0
2024-10-03 00:00:00-04:00,473.78978711420666,481.6497151897575,467.9846081012704,476.46295166015625,138700,0.0,0.0
2024-10-04 00:00:00-04:00,481.9489766250966,487.92869806513494,478.0589188914437,485.6894226074219,104300,0.0,0.0
2024-10-07 00:00:00-04:00,484.7817899161212,484.7817899161212,443.6568481819139,451.1078186035156,268900,0.0,0.0
2024-10-08 00:00:00-04:00,453.9704720747713,468.04450947572496,453.9704720747713,462.39892578125,163200,0.0,0.0
2024-10-09 00:00:00-04:00,458.96774994470735,469.027048612495,458.15482382477956,468.4335632324219,176900,0.0,0.0
2024-10-10 00:00:00-04:00,469.480858618174,477.10140908307255,460.20456406110105,464.60333251953125,118600,0.0,0.0
2024-10-11 00:00:00-04:00,465.2716002190851,474.28857770641383,465.06214375523757,468.36370849609375,118500,0.0,0.0
2024-10-14 00:00:00-04:00,470.66778761914645,471.2762493194283,466.0944775830244,471.08673095703125,107700,0.0,0.0
2024-10-15 00:00:00-04:00,471.72507458909865,474.408223515936,464.58331298828125,464.58331298828125,99500,0.0,0.0
2024-10-16 00:00:00-04:00,463.6657343516222,473.690118365966,463.6557500873041,470.079345703125,123300,0.0,0.0
2024-10-17 00:00:00-04:00,473.54051915076116,477.9791944340572,472.38347073291584,473.9794006347656,99100,0.0,0.0
2024-10-18 00:00:00-04:00,476.23363871370117,476.23363871370117,469.8948180440888,472.014404296875,76600,0.0,0.0
2024-10-21 00:00:00-04:00,471.79490296846114,471.79490296846114,464.623219027264,467.7253112792969,103200,0.0,0.0
2024-10-22 00:00:00-04:00,464.7928290768707,467.02711246584266,456.4940187180775,457.6410827636719,104400,0.0,0.0
2024-10-23 00:00:00-04:00,459.21702752984686,460.56356363203724,450.0803618332885,457.43157958984375,241100,0.0,0.0
2024-10-24 00:00:00-04:00,460.7232510526123,461.0374509894209,454.8981327705555,457.25213623046875,213700,0.0,0.0
2024-10-25 00:00:00-04:00,443.5271483257838,443.90618507439086,415.80794007595784,433.0439147949219,606700,0.0,0.0
2024-10-28 00:00:00-04:00,444.97343430353305,450.78859830276895,433.89175377793174,437.1534118652344,297300,0.0,0.0
2024-10-29 00:00:00-04:00,437.38283193793455,439.5682594164062,427.2986038332197,432.754638671875,182500,0.0,0.0
2024-10-30 00:00:00-04:00,433.5227189453363,436.046272168554,423.25892575975524,428.7249755859375,154100,0.0,0.0
2024-10-31 00:00:00-04:00,425.523108667898,432.3656472356304,422.3013572387409,427.019287109375,122500,0.0,0.0
2024-11-01 00:00:00-04:00,428.3259885710139,436.1260425777432,423.4384478520282,424.9446105957031,121400,0.0,0.0
2024-11-04 00:00:00-05:00,423.0693863275829,426.405865483712,418.7255010490361,422.9696350097656,92000,0.0,0.0
2024-11-05 00:00:00-05:00,421.2640068556049,427.94694953872545,420.42913366743505,427.787353515625,66700,0.0,0.0
2024-11-06 00:00:00-05:00,452.35459531362886,454.56894060295537,441.39756613897634,450.45941162109375,159500,0.0,0.0
2024-11-07 00:00:00-05:00,450.45939108857493,453.0029125621744,443.3775045428303,447.1179504394531,97200,0.0,0.0
2024-11-08 00:00:00-05:00,451.7461804383982,456.33945964348925,449.42212976787795,455.1973571777344,160700,0.0,0.0
2024-11-11 00:00:00-05:00,461.04242173699186,480.3231620725135,461.04242173699186,474.98681640625,159700,0.0,0.0
2024-11-12 00:00:00-05:00,475.7847672045307,479.6648714266042,467.7552880261723,470.7575988769531,119700,0.0,0.0
2024-11-13 00:00:00-05:00,471.37599902696985,476.9417999602484,466.78774275516224,476.2834777832031,103100,0.0,0.0
2024-11-14 00:00:00-05:00,478.4379303550674,483.3254400925645,468.76263174914044,472.5729064941406,94800,0.0,0.0
2024-11-15 00:00:00-05:00,473.7100486733251,476.632576538679,462.45379607728677,464.0546875,88700,0.0,0.0
2024-11-18 00:00:00-05:00,463.32660131801276,467.5458052813814,458.88792617999417,461.5710754394531,148500,0.0,0.0
2024-11-19 00:00:00-05:00,458.3792254833497,471.64536029793567,454.2348120943184,468.2540283203125,114800,0.0,0.0
2024-11-20 00:00:00-05:00,469.1816207712881,478.24845858400323,466.80767941160013,477.07147216796875,103200,0.0,0.0
2024-11-21 00:00:00-05:00,481.3306097807272,491.0308400973897,475.65510340093584,488.671875,148400,0.0,0.0
2024-11-22 00:00:00-05:00,489.1606207352309,502.7658552419621,489.1606207352309,497.4195251464844,176500,0.0,0.0
2024-11-25 00:00:00-05:00,503.3343483000696,508.3365859327667,497.87131256789246,505.030029296875,156600,0.0,0.0
2024-11-26 00:00:00-05:00,505.708335762033,514.9048171033585,494.84606518158824,510.7354736328125,126600,0.0,0.0
2024-11-27 00:00:00-05:00,515.4035639431986,525.3980562601093,511.8227439959735,514.1368408203125,94700,0.0,0.0
2024-11-29 00:00:00-05:00,517.1100811509585,522.598639991443,507.1625554316006,507.2922668457031,60000,0.15,0.0
2024-12-02 00:00:00-05:00,511.55263796360157,512.1542431449817,498.1429443359375,498.1429443359375,116200,0.0,0.0
2024-12-03 00:00:00-05:00,498.8713166025754,503.7901804765915,494.39146192306464,498.8214416503906,139300,0.0,0.0
2024-12-04 00:00:00-05:00,513.5980108241471,513.5980108241471,492.4059364572326,496.7860412597656,116100,0.0,0.0
2024-12-05 00:00:00-05:00,498.8713305163606,503.2015300113999,495.7683654559199,497.6540832519531,157500,0.0,0.0
2024-12-06 00:00:00-05:00,497.30486015489964,524.8126322358601,496.6713142792673,523.03662109375,338200,0.0,0.0
2024-12-09 00:00:00-05:00,523.0366692087706,530.5895890478121,514.4860675284928,520.791748046875,347100,0.0,0.0
2024-12-10 00:00:00-05:00,516.8306689900014,516.8306689900014,500.8568001527342,501.9443359375,242400,0.0,0.0
2024-12-11 00:00:00-05:00,502.8623085877051,512.0814411682322,502.4232993744714,510.71453857421875,140200,0.0,0.0
2024-12-12 00:00:00-05:00,513.1888868713111,519.953610994909,503.35615294119873,505.73577880859375,194600,0.0,0.0
2024-12-13 00:00:00-05:00,509.32765536986943,511.1236103259945,497.76382224520415,505.58612060546875,122200,0.0,0.0
2024-12-16 00:00:00-05:00,505.5861297799207,506.8532519482635,497.1751363359178,500.9366455078125,124100,0.0,0.0
2024-12-17 00:00:00-05:00,496.0177999848067,498.53210052332065,486.6988567572638,489.9515075683594,164600,0.0,0.0
2024-12-18 00:00:00-05:00,491.38826614085724,491.38826614085724,464.3195025677441,465.5666809082031,150000,0.0,0.0
2024-12-19 00:00:00-05:00,471.5631121954409,479.8942693889015,464.1498916347838,466.42474365234375,134500,0.0,0.0
2024-12-20 00:00:00-05:00,464.5788970681879,474.3068875303894,457.7094294443762,465.2573547363281,373000,0.0,0.0
2024-12-23 00:00:00-05:00,463.8006750236722,467.2827871141875,460.8673092089113,463.78070068359375,95200,0.0,0.0
2024-12-24 00:00:00-05:00,462.95257842586454,472.1417794849348,462.1094846890164,469.88690185546875,35600,0.0,0.0
2024-12-26 00:00:00-05:00,468.9390203921819,473.6284227755787,467.2229019081183,470.3258972167969,51900,0.0,0.0
2024-12-27 00:00:00-05:00,468.9390654701521,472.71552521506845,465.75127025996187,469.6175231933594,61500,0.0,0.0
2024-12-30 00:00:00-05:00,463.9802613364018,469.266306014621,460.5580113691557,464.5090637207031,56500,0.0,0.0
2024-12-31 00:00:00-05:00,464.44917697741283,466.8836713398919,459.9593353095324,464.08001708984375,89800,0.0,0.0
2025-01-02 00:00:00-05:00,464.708636867257,466.9435707099804,451.4486282246673,452.9951171875,154400,0.0,0.0
2025-01-03 00:00:00-05:00,450.8300011200863,450.8300011200863,418.054150531628,427.3531188964844,376200,0.0,0.0
2025-01-06 00:00:00-05:00,429.02932348495517,434.536851745839,415.65957856376633,419.9498596191406,428200,0.0,0.0
2025-01-07 00:00:00-05:00,422.6138601393879,427.95178938857896,415.7094676273074,419.7403564453125,295000,0.0,0.0
2025-01-08 00:00:00-05:00,419.0519151709235,424.03064127663555,413.6441365824849,421.07733154296875,211700,0.0,0.0
2025-01-10 00:00:00-05:00,413.8337245517266,416.63241593805935,404.08578943238024,415.5398864746094,276900,0.0,0.0
2025-01-13 00:00:00-05:00,410.81053888139456,417.06640463046466,410.13208120373713,416.1484680175781,183300,0.0,0.0
2025-01-14 00:00:00-05:00,415.8092218802347,429.15902252588796,413.40465859896244,428.8197937011719,147100,0.0,0.0
2025-01-15 00:00:00-05:00,443.99546107020944,449.40820254535424,427.75221261125137,435.0157775878906,245600,0.0,0.0
2025-01-16 00:00:00-05:00,436.41262811641786,445.0161792900467,435.44481652997473,437.1409912109375,142300,0.0,0.0
2025-01-17 00:00:00-05:00,441.700669880359,444.53425526620583,435.2352867437652,435.3550109863281,165400,0.0,0.0
2025-01-21 00:00:00-05:00,436.01352036790377,443.23716711737535,434.0180351488287,438.1586608886719,181700,0.0,0.0
2025-01-22 00:00:00-05:00,438.93691898906843,442.20951368013675,433.1400365983227,438.24847412109375,165300,0.0,0.0
2025-01-23 00:00:00-05:00,433.0202787924096,437.93414880890856,415.50990873039416,431.8130187988281,364100,0.0,0.0
2025-01-24 00:00:00-05:00,434.157778411413,437.7296839237417,427.0937429576181,431.6634216308594,142900,0.0,0.0
2025-01-27 00:00:00-05:00,432.41169807524585,445.8562558123786,432.41169807524585,443.277099609375,128600,0.0,0.0
2025-01-28 00:00:00-05:00,444.33469662261035,445.63178030332784,440.94237778995176,441.1020202636719,128000,0.0,0.0
2025-01-29 00:00:00-05:00,439.5654858412351,445.19276882841183,437.01126717219677,442.8680114746094,82700,0.0,0.0
2025-01-30 00:00:00-05:00,447.30800164575055,447.30800164575055,436.07340942481744,439.23626708984375,92700,0.0,0.0
2025-01-31 00:00:00-05:00,438.4380693978189,443.3369897315062,435.13554348131396,440.9424133300781,130200,0.0,0.0
2025-02-03 00:00:00-05:00,434.646646971737,449.37333861829796,432.1323159401642,449.3134460449219,132000,0.0,0.0
2025-02-04 00:00:00-05:00,449.5628461948262,457.96184265001256,444.32469755782654,456.2577209472656,279000,0.0,0.0
2025-02-05 00:00:00-05:00,459.7996794506159,485.0625284738742,459.4604506327642,483.9151306152344,261700,0.0,0.0
2025-02-06 00:00:00-05:00,483.91516844059987,493.8227455659394,478.5373209859538,493.6032409667969,224200,0.0,0.0
2025-02-07 00:00:00-05:00,495.29938778862777,499.370164140845,485.29203087204445,488.4249267578125,158700,0.0,0.0
2025-02-10 00:00:00-05:00,490.1410586426537,490.8893656024135,475.7635839352933,483.1568603515625,257500,0.0,0.0
2025-02-11 00:00:00-05:00,481.2811224787049,481.2811224787049,469.5377023211434,478.0683898925781,173200,0.0,0.0
2025-02-12 00:00:00-05:00,476.9109606727383,478.3676867461052,470.00060075725213,475.5939636230469,176300,0.0,0.0
2025-02-13 00:00:00-05:00,475.3445954511254,486.249915967307,471.8475023796408,486.01043701171875,136300,0.0,0.0
2025-02-14 00:00:00-05:00,458.4228656551326,460.3834264634087,433.0203443051682,448.3257141113281,821600,0.0,0.0
2025-02-18 00:00:00-05:00,448.32567265278584,457.8341587611439,436.98633733199443,441.171875,309500,0.0,0.0
2025-02-19 00:00:00-05:00,439.9346582042221,445.99096338154055,437.27070238696746,439.3260498046875,241300,0.0,0.0
2025-02-20 00:00:00-05:00,435.2453115089288,442.0000186656081,425.03839266715363,440.44354248046875,200600,0.0,0.0
2025-02-21 00:00:00-05:00,443.1474193932977,443.1474193932977,423.4220569408906,427.56268310546875,212400,0.0,0.0
2025-02-24 00:00:00-05:00,427.9118582645345,432.00260908219195,424.12041805237146,426.19573974609375,135700,0.0,0.0
2025-02-25 00:00:00-05:00,428.6901258899626,429.034348334395,419.6006741920738,422.36444091796875,132400,0.0,0.0
2025-02-26 00:00:00-05:00,420.7879190562542,423.8011209424631,413.0454578353235,415.89898681640625,203800,0.0,0.0
2025-02-27 00:00:00-05:00,418.3544633680327,436.0616282290432,417.17665410383387,427.2779235839844,179100,0.17,0.0
2025-02-28 00:00:00-05:00,428.06644566118996,433.5163646998034,423.8243096349792,431.0509338378906,154900,0.0,0.0
2025-03-03 00:00:00-05:00,431.2006686524107,435.57256919446985,427.9716690073308,429.79327392578125,214700,0.0,0.0
2025-03-04 00:00:00-05:00,424.21360908924123,434.21505780106304,416.228411741679,432.33856201171875,362100,0.0,0.0
2025-03-05 00:00:00-05:00,431.56000874356727,439.71490555586394,427.2180817255639,436.9001159667969,193800,0.0,0.0
2025-03-06 00:00:00-05:00,433.05722623015583,437.588834522937,425.95040504284816,434.62432861328125,139300,0.0,0.0
2025-03-07 00:00:00-05:00,434.6342968101098,446.35755986627305,429.09457829969057,445.4442443847656,114400,0.0,0.0
2025-03-10 00:00:00-04:00,442.9189254279421,464.6935629458547,442.1553567691185,448.2091369628906,204900,0.0,0.0
2025-03-11 00:00:00-04:00,450.06568124527655,460.2368288451042,444.1865955139344,453.609130859375,167500,0.0,0.0
2025-03-12 00:00:00-04:00,460.9255514953483,463.9100092487983,442.83110361230695,447.4505310058594,132100,0.0,0.0
2025-03-13 00:00:00-04:00,449.1174641743846,452.6159532425125,435.6324521457221,438.4671936035156,119700,0.0,0.0
2025-03-14 00:00:00-04:00,441.3518485484668,454.57733154296875,440.80284795882136,454.57733154296875,103700,0.0,0.0
2025-03-17 00:00:00-04:00,453.4893400908891,459.6678891747669,451.59286175188697,455.85498046875,156500,0.0,0.0
2025-03-18 00:00:00-04:00,455.8549778601213,460.28676494251056,450.0257568359375,450.0257568359375,92500,0.0,0.0
2025-03-19 00:00:00-04:00,451.0638025881161,453.4194515070818,446.3625264549464,450.5647277832031,131500,0.0,0.0
2025-03-20 00:00:00-04:00,449.0575733227291,461.2599287691833,448.66828032691876,458.170654296875,161200,0.0,0.0
2025-03-21 00:00:00-04:00,454.1880515148181,472.01998595133773,453.13001528195497,469.1702880859375,351600,0.0,0.0
2025-03-24 00:00:00-04:00,471.1266705165051,481.846788822651,471.1266705165051,481.806884765625,164600,0.0,0.0
2025-03-25 00:00:00-04:00,482.2660228999669,485.220537545299,475.29094606934945,485.18060302734375,170700,0.0,0.0
2025-03-26 00:00:00-04:00,485.100771531072,485.83939258790485,473.90153027851505,479.5211181640625,120900,0.0,0.0
2025-03-27 00:00:00-04:00,483.2741524178399,486.3184968106215,473.06307004691394,485.849365234375,118200,0.0,0.0
2025-03-28 00:00:00-04:00,487.09703670489665,487.8107100603093,478.5279303567298,481.2478942871094,106200,0.0,0.0
2025-03-31 00:00:00-04:00,477.3950532998043,489.09336939437554,474.0442700057419,485.8094482421875,203800,0.0,0.0
2025-04-01 00:00:00-04:00,486.1587856298283,491.4889013197014,483.0046289537361,487.24676513671875,159200,0.0,0.0
2025-04-02 00:00:00-04:00,481.80690099217475,492.367312042539,477.22536679126875,490.5906066894531,158600,0.0,0.0
2025-04-03 00:00:00-04:00,481.65713833007254,509.23602014658417,481.65713833007254,497.6774597167969,355800,0.0,0.0
2025-04-04 00:00:00-04:00,485.99908697512706,485.99908697512706,451.7775205639627,458.260498046875,428600,0.0,0.0
2025-04-07 00:00:00-04:00,428.7651756085256,450.69952099571935,417.7256425458748,439.6350402832031,353700,0.0,0.0
2025-04-08 00:00:00-04:00,456.6135683932759,467.57326342915746,430.20253498349354,436.65057373046875,168800,0.0,0.0
2025-04-09 00:00:00-04:00,430.53188667538325,473.2627023618378,428.23115898111064,470.4678649902344,147800,0.0,0.0
2025-04-10 00:00:00-04:00,465.2775272923216,481.26287929359074,461.6043131549856,477.34515380859375,220100,0.0,0.0
2025-04-11 00:00:00-04:00,473.65196325401763,483.6703788531376,468.1122447516303,481.447509765625,107400,0.0,0.0
2025-04-14 00:00:00-04:00,486.46821193716113,489.0933505085665,481.87973289834605,484.2024230957031,115100,0.0,0.0
2025-04-15 00:00:00-04:00,486.847545594697,496.8889297465986,480.63905286707967,483.3140869140625,113100,0.0,0.0
2025-04-16 00:00:00-04:00,484.55175354151413,489.33786399345274,478.4929779333148,482.75506591796875,94200,0.0,0.0
2025-04-17 00:00:00-04:00,481.53733117896667,489.821991599496,479.201664639524,484.8013000488281,88100,0.0,0.0
2025-04-21 00:00:00-04:00,485.4002001602102,485.4002001602102,464.2344485975055,470.1185302734375,120900,0.0,0.0
2025-04-22 00:00:00-04:00,475.89782402514146,488.4795122577961,475.6532822166243,486.82757568359375,152400,0.0,0.0
2025-04-23 00:00:00-04:00,492.8064605593241,502.4186468384584,488.23494843401625,490.7502746582031,145800,0.0,0.0
2025-04-24 00:00:00-04:00,491.54881541546274,501.0811637670009,483.8830326763911,501.0412292480469,191600,0.0,0.0
2025-04-25 00:00:00-04:00,444.17659250330905,444.17659250330905,407.744130421577,419.2128601074219,950900,0.0,0.0
2025-04-28 00:00:00-04:00,423.9241477241398,438.6318992951028,420.92969864415636,423.4051208496094,414400,0.0,0.0
2025-04-29 00:00:00-04:00,423.4151170793138,437.6686936494095,419.7419030141752,433.7958679199219,221800,0.0,0.0
2025-04-30 00:00:00-04:00,433.3865929400228,436.73040031321733,424.2135953472719,434.4546203613281,319900,0.0,0.0
2025-05-01 00:00:00-04:00,432.60805080723225,434.29992180337547,424.42321135381513,425.6708984375,165700,0.0,0.0
2025-05-02 00:00:00-04:00,432.0690271015462,448.4087317327842,429.0605965509714,447.96954345703125,191900,0.0,0.0
2025-05-05 00:00:00-04:00,446.4623812390797,458.04092368005917,444.03188919241484,455.17620849609375,164900,0.0,0.0
2025-05-06 00:00:00-04:00,452.93037799143815,460.1470112818808,449.2033087033362,457.402099609375,135200,0.0,0.0
2025-05-07 00:00:00-04:00,456.1543991537937,465.87137156913934,456.1543991537937,459.2386779785156,193200,0.0,0.0
2025-05-08 00:00:00-04:00,461.3547522144737,466.11095003163376,455.6653173502768,456.8031921386719,91600,0.0,0.0
2025-05-09 00:00:00-04:00,455.45570070460184,456.20431298745694,449.46482246949597,453.23980712890625,102800,0.0,0.0
2025-05-12 00:00:00-04:00,454.1680949604156,457.59174104699326,443.17845725260963,455.9647521972656,114600,0.0,0.0
2025-05-13 00:00:00-04:00,457.6715542198394,459.73575127824,444.89525122854644,445.51409912109375,231800,0.0,0.0
2025-05-14 00:00:00-04:00,446.77181927533815,449.107485957021,435.5126916897041,438.177734375,171600,0.0,0.0
2025-05-15 00:00:00-04:00,438.187718861373,462.0035561125506,438.187718861373,458.71966552734375,257100,0.0,0.0
2025-05-16 00:00:00-04:00,455.76509332193484,463.7902249711346,451.1636380945597,462.67230224609375,104600,0.0,0.0
2025-05-19 00:00:00-04:00,461.5144654730511,473.1369328457493,459.1488555908499,471.3262939453125,108100,0.0,0.0
2025-05-20 00:00:00-04:00,471.1566138039941,476.43683438206153,469.13037107926647,475.4686279296875,233500,0.0,0.0
2025-05-21 00:00:00-04:00,470.53773610253023,476.11738906114203,457.08766330674655,463.17138671875,176200,0.0,0.0
2025-05-22 00:00:00-04:00,463.86012259779454,464.748459977219,451.8324310840526,452.3115234375,156100,0.0,0.0
2025-05-23 00:00:00-04:00,452.16181307635577,464.094679309952,452.16181307635577,462.7521667480469,122800,0.0,0.0
2025-05-27 00:00:00-04:00,466.215723318486,477.02570104445715,459.0889506847883,473.19281005859375,145300,0.0,0.0
2025-05-28 00:00:00-04:00,470.7872719010719,473.0580562834694,468.1321901523374,468.1421813964844,109300,0.0,0.0
2025-05-29 00:00:00-04:00,468.8411566786895,473.20464760201173,465.05179165613487,466.3847961425781,116500,0.17,0.0
2025-05-30 00:00:00-04:00,466.5845247425542,472.29899889717984,464.8071752162527,471.2875061035156,133900,0.0,0.0
2025-06-02 00:00:00-04:00,467.17363084946817,473.07483823180894,466.62446164253976,472.4258117675781,129900,0.0,0.0
2025-06-03 00:00:00-04:00,470.8381498230752,474.2929912905886,463.3093641238592,473.28448486328125,127900,0.0,0.0
2025-06-04 00:00:00-04:00,473.29451890179786,473.41235473323275,466.74428495983244,466.9639587402344,133100,0.0,0.0
2025-06-05 00:00:00-04:00,466.30492238920664,473.04487576421127,461.3123643336477,470.2091064453125,386700,0.0,0.0
2025-06-06 00:00:00-04:00,477.3184916000322,479.49523954129154,472.4307883630575,475.42132568359375,235200,0.0,0.0
2025-06-09 00:00:00-04:00,475.7109180279906,475.7109180279906,452.8250183562396,462.82012939453125,274400,0.0,0.0
2025-06-10 00:00:00-04:00,461.86155921591836,463.618949500297,455.1545763408265,458.5564880371094,302800,0.0,0.0
2025-06-11 00:00:00-04:00,458.0871534988023,463.85854929940194,452.31176584581755,459.0257568359375,298300,0.0,0.0
2025-06-12 00:00:00-04:00,456.8290504010136,474.0733347076964,454.322776541967,473.2345886230469,203800,0.0,0.0
2025-06-13 00:00:00-04:00,469.4502372799048,474.44279543553955,466.73428442435323,473.6140441894531,147000,0.0,0.0
2025-06-16 00:00:00-04:00,477.8976132993073,482.09137412962895,469.7597500061442,469.7697448730469,273400,0.0,0.0
2025-06-17 00:00:00-04:00,465.0567786686923,467.65291492853106,458.5454884119655,463.8186340332031,203500,0.0,0.0
2025-06-18 00:00:00-04:00,463.3992601914365,464.5964807589561,456.6992556649218,460.1840515136719,204400,0.0,0.0
2025-06-20 00:00:00-04:00,463.95840391906773,477.27854486497034,461.44716311725415,475.3614196777344,234900,0.0,0.0
2025-06-23 00:00:00-04:00,472.96500113195947,483.19974499197417,472.96500113195947,477.3085021972656,188300,0.0,0.0
2025-06-24 00:00:00-04:00,480.2141782562502,481.16777390219517,472.74533096272086,477.6180419921875,210900,0.0,0.0
2025-06-25 00:00:00-04:00,476.4098625138704,476.4098625138704,464.367814732167,465.13665771484375,176000,0.0,0.0
2025-06-26 00:00:00-04:00,468.7113316677793,479.28556580673165,466.77321115373576,475.69091796875,345200,0.0,0.0
2025-06-27 00:00:00-04:00,475.2016660770894,480.0943668933348,468.96096848694066,472.60552978515625,312500,0.0,0.0
2025-06-30 00:00:00-04:00,471.9365586480375,484.7075006511144,471.9365586480375,483.1797790527344,298600,0.0,0.0
2025-07-01 00:00:00-04:00,481.5621657881873,484.2781185171076,469.4502153917919,478.6764831542969,307000,0.0,0.0
2025-07-02 00:00:00-04:00,478.68646870961965,480.7833492243441,464.9769235495979,472.4258117675781,330700,0.0,0.0
2025-07-03 00:00:00-04:00,476.5796169450724,480.97805938739566,474.4927313277407,475.4512939453125,186100,0.0,0.0
2025-07-07 00:00:00-04:00,475.45129288672393,478.9959969209099,470.9479957649443,473.8536682128906,190400,0.0,0.0
2025-07-08 00:00:00-04:00,470.3588906432115,487.2437261302092,470.3588906432115,484.4678649902344,219800,0.0,0.0
2025-07-09 00:00:00-04:00,484.7074939294861,488.2422336369357,481.1328356967323,488.23223876953125,222100,0.0,0.0
2025-07-10 00:00:00-04:00,486.49481598813395,491.41747079216077,480.7833284992258,488.42193603515625,184800,0.0,0.0
2025-07-11 00:00:00-04:00,486.3350490691467,488.73747378795974,479.065885965423,479.1058349609375,245300,0.0,0.0
2025-07-14 00:00:00-04:00,477.37840309208093,491.0779833454433,477.37840309208093,489.1608581542969,269100,0.0,0.0
2025-07-15 00:00:00-04:00,486.9940733998131,491.77695244326617,476.1302624360855,476.1802062988281,256700,0.0,0.0
2025-07-16 00:00:00-04:00,480.3040093935392,485.9156698378532,474.09326640370574,484.1482849121094,319700,0.0,0.0
2025-07-17 00:00:00-04:00,483.98854647930597,488.3620321391351,481.1328179454263,483.0199890136719,157800,0.0,0.0
2025-07-18 00:00:00-04:00,483.4693428537415,489.17683867625084,478.4568255003568,479.4653015136719,118100,0.0,0.0
2025-07-21 00:00:00-04:00,479.4353815904347,482.74045284471015,475.3115234375,475.3115234375,152600,0.0,0.0
2025-07-22 00:00:00-04:00,475.2915040198423,486.7843818618318,475.2915040198423,484.6475524902344,214100,0.0,0.0
2025-07-23 00:00:00-04:00,485.07693900835903,490.41898233808297,464.34286079951596,478.466796875,249200,0.0,0.0
2025-07-24 00:00:00-04:00,475.90059236654815,479.28556126964963,466.48463542408876,475.81072998046875,293700,0.0,0.0
2025-07-25 00:00:00-04:00,489.4903346593043,511.9967935928519,470.30893626116926,476.6394958496094,411300,0.0,0.0
2025-07-28 00:00:00-04:00,482.4807986746822,485.27661885784084,467.90849632558593,471.6469421386719,208900,0.0,0.0
2025-07-29 00:00:00-04:00,473.7738084903377,474.2930235672138,447.36316372599543,449.6797180175781,345500,0.0,0.0
2025-07-30 00:00:00-04:00,450.3287310776089,452.7850610785559,440.83287602153445,443.9382629394531,219700,0.0,0.0
2025-07-31 00:00:00-04:00,443.62873606021003,450.12405902207183,437.7075389963968,440.0340881347656,160900,0.0,0.0
2025-08-01 00:00:00-04:00,435.4209492717645,445.4809350938477,435.4209492717645,443.8283996582031,189800,0.0,0.0
2025-08-04 00:00:00-04:00,444.3576331310316,447.9972275124266,439.35511060247774,444.8269348144531,138500,0.0,0.0
2025-08-05 00:00:00-04:00,445.86539809076515,450.05416170288464,441.5718102594019,443.53887939453125,129400,0.0,0.0
2025-08-06 00:00:00-04:00,445.73558796376926,447.9323257505891,441.7515362894737,444.3177185058594,123600,0.0,0.0
2025-08-07 00:00:00-04:00,444.2777574548869,447.95227286027983,433.66857161621914,439.3551025390625,174300,0.0,0.0
2025-08-08 00:00:00-04:00,439.3451198993776,446.11502757348626,435.76345305368466,438.216796875,126800,0.0,0.0
2025-08-11 00:00:00-04:00,438.59622249003047,444.7071086369989,434.780895264522,436.5492858886719,232800,0.0,0.0
2025-08-12 00:00:00-04:00,439.3451121159072,440.0740365673485,432.35553078679055,436.7989196777344,210300,0.0,0.0
2025-08-13 00:00:00-04:00,435.2811657476303,451.3372497558594,435.2811657476303,451.3372497558594,226500,0.0,0.0
2025-08-14 00:00:00-04:00,448.6811884535109,454.7371636764348,443.5438268277363,453.0047302246094,229000,0.0,0.0
2025-08-15 00:00:00-04:00,455.2913471936968,455.31130645623466,441.182373046875,441.182373046875,246000,0.0,0.0
2025-08-18 00:00:00-04:00,440.11392474864635,446.0950296518347,436.1598275444207,445.3361511230469,180800,0.0,0.0
2025-08-19 00:00:00-04:00,448.8209781911464,461.27241930778274,448.8209781911464,461.16259765625,249000,0.0,0.0
2025-08-20 00:00:00-04:00,463.3093971212279,467.51312255859375,461.8914971964269,467.51312255859375,161800,0.0,0.0
2025-08-21 00:00:00-04:00,467.29347202099507,468.35189196549214,458.2669483612147,458.37677001953125,165900,0.0,0.0
2025-08-22 00:00:00-04:00,461.9913318385812,465.30639760695226,451.5868582097168,454.70220947265625,110400,0.0,0.0
2025-08-25 00:00:00-04:00,454.1030859336174,454.312764828966,447.4030818997595,448.47149658203125,241100,0.0,0.0
2025-08-26 00:00:00-04:00,447.9422728842466,453.5139846596739,446.424546226848,450.05914306640625,284900,0.0,0.0
2025-08-27 00:00:00-04:00,449.45003988486746,457.9273936813113,449.3402182346791,454.40264892578125,166700,0.0,0.0
2025-08-28 00:00:00-04:00,453.6238109859253,455.6208342004301,449.68967281557815,454.8120422363281,95000,0.0,0.0
2025-08-29 00:00:00-04:00,457.01959460771934,461.5845037945293,454.0928705274147,456.939697265625,172900,0.17,0.0
2025-09-02 00:00:00-04:00,456.7199232740703,459.48682207641525,448.2194073109262,454.79205322265625,265600,0.0,0.0
2025-09-03 00:00:00-04:00,453.1339325969857,454.447437534509,447.6300698134515,451.59564208984375,159700,0.0,0.0
2025-09-04 00:00:00-04:00,452.8742186525692,459.6965857596538,449.9474946475149,459.1971435546875,153500,0.0,0.0
2025-09-05 00:00:00-04:00,459.0772960147463,459.5467729207784,450.2171959113735,454.8919677734375,140600,0.0,0.0
2025-09-08 00:00:00-04:00,451.6156350945085,455.01384805940546,447.00079378796255,451.345947265625,187500,0.0,0.0
2025-09-09 00:00:00-04:00,450.82647380415443,455.75099696494607,440.86759531640075,441.8065490722656,226100,0.0,0.0
2025-09-10 00:00:00-04:00,438.0807832394104,441.79663480518434,422.46821360001775,425.1851806640625,326700,0.0,0.0
2025-09-11 00:00:00-04:00,424.5258977358652,436.4525806897626,423.851662915228,435.8832092285156,185600,0.0,0.0
2025-09-12 00:00:00-04:00,435.6334550704434,437.4364340774393,431.0385807820467,431.2084045410156,89200,0.0,0.0
2025-09-15 00:00:00-04:00,432.10741477521503,436.6123933390582,422.328327605411,423.7667236328125,168400,0.0,0.0
2025-09-16 00:00:00-04:00,423.187396519091,429.0108795430539,420.6652193391747,427.82220458984375,171800,0.0,0.0
2025-09-17 00:00:00-04:00,429.240611641761,433.9653458944749,426.4786816047084,430.1795654296875,279400,0.0,0.0
2025-09-18 00:00:00-04:00,429.0008862140839,435.79328799019686,423.86660572855214,426.8432922363281,274000,0.0,0.0
2025-09-19 00:00:00-04:00,426.51366798900534,432.0524957606192,423.5270131931527,428.23175048828125,324800,0.0,0.0
2025-09-22 00:00:00-04:00,427.182920904026,429.5203068226648,422.9076967438301,423.1374206542969,215500,0.0,0.0
2025-09-23 00:00:00-04:00,422.5280889502677,427.6224053392823,421.5392031776675,427.51251220703125,153600,0.0,0.0
2025-09-24 00:00:00-04:00,424.5958111551748,429.310546875,422.5281130730247,429.310546875,222900,0.0,0.0
2025-09-25 00:00:00-04:00,428.501447672425,433.9953119594336,405.8866898661701,414.6868591308594,229500,0.0,0.0
2025-09-26 00:00:00-04:00,419.6313736893275,422.19851410395495,416.66468558174506,418.8622131347656,182200,0.0,0.0
2025-09-29 00:00:00-04:00,420.53034285372826,420.53034285372826,414.4571389635123,416.27508544921875,195400,0.0,0.0
2025-09-30 00:00:00-04:00,415.4659751093985,425.3349577146588,414.34424208893705,424.78558349609375,124300,0.0,0.0
2025-10-01 00:00:00-04:00,424.21624174594416,427.11300056951103,415.0364911633594,417.0242614746094,357000,0.0,0.0
2025-10-02 00:00:00-04:00,416.5647950460341,443.3249189015434,412.7690462011334,442.0663146972656,352800,0.0,0.0
2025-10-03 00:00:00-04:00,442.4059118235373,469.40575698347834,440.27630166194126,465.7398681640625,429300,0.0,0.0
2025-10-06 00:00:00-04:00,464.8108807075434,475.09940867775964,464.8108807075434,473.9906311035156,296400,0.0,0.0
2025-10-07 00:00:00-04:00,476.288090046777,483.2203505580054,470.3297479695366,472.7120666503906,281800,0.0,0.0
2025-10-08 00:00:00-04:00,475.52890347499584,484.45893242056474,468.04726909811797,478.45562744140625,231100,0.0,0.0
2025-10-09 00:00:00-04:00,479.11493238830604,479.94899238963046,471.53840218001017,475.8385925292969,142600,0.0,0.0
2025-10-10 00:00:00-04:00,477.6665556199676,478.1759659600634,468.2820167138255,469.40576171875,156800,0.0,0.0
2025-10-13 00:00:00-04:00,467.1682556977378,472.5122934285096,461.5345329504778,471.6332702636719,158800,0.0,0.0
2025-10-14 00:00:00-04:00,471.6232999454629,476.4878624734248,466.47405168339503,473.1615905761719,157400,0.0,0.0
2025-10-15 00:00:00-04:00,468.14716512738005,472.6171484302352,456.80482179211685,462.66326904296875,184200,0.0,0.0
2025-10-16 00:00:00-04:00,453.49354280060754,457.3941853800247,434.14515577478414,438.0108337402344,352500,0.0,0.0
2025-10-17 00:00:00-04:00,436.5324676406382,447.26050727091484,433.6557060553501,446.94085693359375,157100,0.0,0.0
2025-10-20 00:00:00-04:00,449.4180846414379,450.087320121609,439.52812917797763,442.2261047363281,201400,0.0,0.0
2025-10-21 00:00:00-04:00,440.31826203811386,455.8009713672814,437.64125896692553,453.18389892578125,272600,0.0,0.0
2025-10-22 00:00:00-04:00,456.0606651242561,458.51791225220035,445.9819250249486,452.0950927734375,194300,0.0,0.0
2025-10-23 00:00:00-04:00,449.89753805141714,462.30369599862945,448.2294181356786,452.64447021484375,389200,0.0,0.0
2025-10-24 00:00:00-04:00,434.51473019709914,438.2505482376261,414.1324944746662,421.9088134765625,780700,0.0,0.0
2025-10-27 00:00:00-04:00,419.53147961853097,433.17124590916825,419.53147961853097,431.37823486328125,452700,0.0,0.0
2025-10-28 00:00:00-04:00,431.50808975534267,434.91428943487045,418.6025195540321,419.5414733886719,425400,0.0,0.0
2025-10-29 00:00:00-04:00,416.0353723830396,417.533699054287,398.8146142628999,403.1397705078125,443800,0.0,0.0
2025-10-30 00:00:00-04:00,404.4982539912585,407.0553956419757,394.97586891427596,397.7158203125,363800,0.0,0.0
2025-10-31 00:00:00-04:00,395.218605896876,405.317312562447,394.55933853395993,399.02435302734375,308100,0.0,0.0
2025-11-03 00:00:00-05:00,397.5559965526804,397.5559965526804,382.4678365134622,388.01666259765625,293800,0.0,0.0
2025-11-04 00:00:00-05:00,389.5649337097702,395.28855255603986,385.13988293265356,388.24639892578125,294400,0.0,0.0
2025-11-05 00:00:00-05:00,388.66595528941343,399.4139315107857,388.66595528941343,394.0499267578125,202000,0.0,0.0
2025-11-06 00:00:00-05:00,394.04990198728586,400.55264926499683,390.66369968159506,392.6614685058594,233500,0.0,0.0
2025-11-07 00:00:00-05:00,393.20087666879306,400.1481043785494,393.20087666879306,397.74578857421875,239300,0.0,0.0
2025-11-10 00:00:00-05:00,396.1775551819481,397.1165090261469,382.6226855543549,390.6337585449219,240500,0.0,0.0
2025-11-11 00:00:00-05:00,392.6415096012632,394.07990573369847,387.0677474507286,393.0510559082031,166600,0.0,0.0
2025-11-12 00:00:00-05:00,393.9899826815916,397.0665638301353,390.7935707610473,396.4971923828125,189100,0.0,0.0
2025-11-13 00:00:00-05:00,396.5571156036166,399.7685253628863,391.4528308383965,392.3917541503906,105200,0.0,0.0
2025-11-14 00:00:00-05:00,393.52050109471605,394.50941740818183,387.65705437413055,389.52496337890625,151300,0.0,0.0
2025-11-17 00:00:00-05:00,388.7158586838045,390.6137329496393,387.0677055183041,389.1054382324219,170000,0.0,0.0
2025-11-18 00:00:00-05:00,389.10546941473314,398.5549080732607,388.3163421390479,394.48944091796875,189400,0.0,0.0
2025-11-19 00:00:00-05:00,394.559349454767,394.6492453953529,377.7880713564775,379.0866394042969,180500,0.0,0.0
2025-11-20 00:00:00-05:00,378.56719041177246,381.90346066217916,362.7398658154602,369.8968811035156,486400,0.0,0.0
2025-11-21 00:00:00-05:00,372.36413714033523,388.7208697054935,369.58723964021766,384.4706115722656,255900,0.0,0.0
2025-11-24 00:00:00-05:00,387.90677048621814,387.90677048621814,376.1199465697739,378.7270202636719,212200,0.0,0.0
2025-11-25 00:00:00-05:00,378.73703576893763,387.56717074331266,377.5483608220473,385.9289855957031,184900,0.0,0.0
2025-11-26 00:00:00-05:00,384.890154613026,388.05361378860806,376.7792179455677,380.8346862792969,200500,0.0,0.0
2025-11-28 00:00:00-05:00,379.71543065946156,387.2303814653339,379.71543065946156,384.6421203613281,90600,0.17,0.0
2025-12-01 00:00:00-05:00,382.3936415515722,386.10114753683644,376.7474328091639,376.78741455078125,207700,0.0,0.0
2025-12-02 00:00:00-05:00,375.81804300095325,379.3956310067913,373.0498793637736,375.5282287597656,200700,0.0,0.0
2025-12-03 00:00:00-05:00,376.4276479948308,381.5542161953915,370.5515822327176,374.1591796875,243200,0.0,0.0
2025-12-04 00:00:00-05:00,374.2690702566167,375.6231734204455,360.138559551334,361.0179748535156,345000,0.0,0.0
2025-12-05 00:00:00-05:00,359.76881721107907,363.36638095488905,352.213884553666,356.2911376953125,257100,0.0,0.0
2025-12-08 00:00:00-05:00,352.7634926463912,358.07993560558606,348.76617261640376,354.3624267578125,285600,0.0,0.0
2025-12-09 00:00:00-05:00,356.76081925679557,371.94064479043374,356.2211725035967,371.7607727050781,437300,0.0,0.0
2025-12-10 00:00:00-05:00,373.5195820793369,381.3843351961094,372.7301332972023,377.6468200683594,453400,0.0,0.0
2025-12-11 00:00:00-05:00,379.3456873284198,390.20040967900445,379.3456873284198,387.8799743652344,264600,0.0,0.0
2025-12-12 00:00:00-05:00,396.97386786773785,400.8812521071967,385.7913619272016,391.49755859375,280500,0.0,0.0
2025-12-15 00:00:00-05:00,391.73738806674567,396.2803325691742,388.97922731005013,391.90728759765625,176700,0.0,0.0
2025-12-16 00:00:00-05:00,392.85663644217493,394.70540319088224,383.1411645242638,384.9019775390625,257600,0.0,0.0
2025-12-17 00:00:00-05:00,383.6427996189117,384.7420687719724,377.2071116651371,377.73675537109375,250100,0.0,0.0
2025-12-18 00:00:00-05:00,382.43362980149215,396.8739616203432,378.7460993757152,395.7347106933594,397800,0.0,0.0
2025-12-19 00:00:00-05:00,394.59543629719985,399.4022417414865,391.5774706215906,399.0224914550781,362600,0.0,0.0
2025-12-22 00:00:00-05:00,396.6440900163641,403.79929676567264,393.8259719829712,399.1723937988281,248500,0.0,0.0
2025-12-23 00:00:00-05:00,399.23235475242814,400.73134982659246,394.78532383355423,396.674072265625,193300,0.0,0.0
2025-12-24 00:00:00-05:00,395.414919259694,399.7320325303337,393.6760946772698,396.3742980957031,47900,0.0,0.0
2025-12-26 00:00:00-05:00,395.8046620709434,396.73403170247104,392.6367723789131,393.12646484375,163200,0.0,0.0
2025-12-29 00:00:00-05:00,393.0565059866869,396.73403328319904,392.2270449596146,394.9952087402344,140600,0.0,0.0
2025-12-30 00:00:00-05:00,394.5954560462045,398.2330321326652,393.7760285681946,395.3649597167969,188000,0.0,0.0
2025-12-31 00:00:00-05:00,393.09646078392643,397.2236988429856,390.23839142898606,390.85797119140625,134400,0.0,0.0
2026-01-02 00:00:00-05:00,390.73803870863196,392.95655257796267,385.7913428995292,392.1970520019531,160300,0.0,0.0
2026-01-05 00:00:00-05:00,385.52155104903704,407.61474182204665,385.52155104903704,396.7740173339844,298400,0.0,0.0
2026-01-06 00:00:00-05:00,395.0851398754669,405.3632530605726,394.8552829858668,400.5414733886719,208000,0.0,0.0
2026-01-07 00:00:00-05:00,399.73203105798945,401.7306912132794,391.4525777050448,398.19305419921875,211100,0.0,0.0
2026-01-08 00:00:00-05:00,398.67272442890436,416.13102126504816,394.49553222469234,410.86456298828125,226900,0.0,0.0
2026-01-09 00:00:00-05:00,413.0331065223768,414.23530351770574,389.21908450386985,397.1837463378906,309800,0.0,0.0
2026-01-12 00:00:00-05:00,398.0831278914862,406.5874058014853,389.58882254384594,390.0684814453125,283800,0.0,0.0
2026-01-13 00:00:00-05:00,388.70940970120023,389.9385966382934,377.06722075009,380.6947937011719,219200,0.0,0.0
2026-01-14 00:00:00-05:00,381.4143198046495,398.10311361275643,380.754758301268,395.8646240234375,300000,0.0,0.0
2026-01-15 00:00:00-05:00,401.26099291112035,405.4082065104552,395.0351557337709,399.22235107421875,218800,0.0,0.0
2026-01-16 00:00:00-05:00,397.69336912027364,405.77794538137647,397.5434757156069,398.5727844238281,180700,0.0,0.0
2026-01-20 00:00:00-05:00,395.3549366118609,406.727317089633,394.73535688060207,404.84857177734375,194300,0.0,0.0
2026-01-21 00:00:00-05:00,405.70803084566785,408.68601492177504,394.7533690595592,404.968505859375,243400,0.0,0.0
2026-01-22 00:00:00-05:00,403.33958494491833,408.3262626090157,396.11944976533186,407.18701171875,170400,0.0,0.0
2026-01-23 00:00:00-05:00,406.807271078167,409.1257241576068,401.20604555947193,406.42755126953125,302500,0.0,0.0
2026-01-26 00:00:00-05:00,409.1856692471985,416.7206262807771,398.9625424659572,402.1304016113281,133000,0.0,0.0
2026-01-27 00:00:00-05:00,398.1230986841741,398.72267229451944,381.08450365712014,386.41094970703125,345400,0.0,0.0
2026-01-28 00:00:00-05:00,384.96192101316694,395.6647372519825,381.7440770495654,389.4788818359375,118900,0.0,0.0
2026-01-29 00:00:00-05:00,391.08780759542697,397.7433491571228,386.8206489118405,395.0151672363281,148900,0.0,0.0
2026-01-30 00:00:00-05:00,396.4741857973215,399.5421363045099,389.2590217707688,395.6147766113281,126300,0.0,0.0
2026-02-02 00:00:00-05:00,392.9066191814093,393.9459005019358,387.41527479924736,392.9565734863281,144700,0.0,0.0
2026-02-03 00:00:00-05:00,389.7387041841963,397.71336864877884,383.7527271790135,391.50750732421875,148500,0.0,0.0
2026-02-04 00:00:00-05:00,393.7360429550879,411.20931438516885,389.12914602512564,408.6060791015625,182500,0.0,0.0
2026-02-05 00:00:00-05:00,414.5620852999313,417.71997200151264,407.07711278558986,410.1650390625,167500,0.0,0.0
2026-02-06 00:00:00-05:00,416.51077101656404,421.61733282233547,410.37487000444065,413.82257080078125,189800,0.0,0.0
2026-02-09 00:00:00-05:00,411.72398314471053,417.1603410900812,383.86265629896894,390.1684265136719,238700,0.0,0.0
2026-02-10 00:00:00-05:00,390.2783741357961,399.20238434292855,388.56452672514393,397.7333679199219,157700,0.0,0.0
2026-02-11 00:00:00-05:00,396.04448115183675,406.1177449174287,386.0611839262854,405.1283874511719,277800,0.0,0.0
2026-02-12 00:00:00-05:00,404.3689298140642,413.9125196810607,398.1830743075281,400.7313537597656,369300,0.0,0.0
2026-02-13 00:00:00-05:00,359.7588049523095,377.52689137701327,340.8314920519924,371.07122802734375,890100,0.0,0.0
2026-02-17 00:00:00-05:00,370.671502575295,387.51018893001054,368.1481698897639,376.39764404296875,447000,0.0,0.0
2026-02-18 00:00:00-05:00,377.8266818726128,388.60946136555947,376.7874006060901,379.3157043457031,366000,0.0,0.0
2026-02-19 00:00:00-05:00,379.715452493268,383.68279413885887,372.56524697614503,373.74945068359375,265700,0.0,0.0
2026-02-20 00:00:00-05:00,376.2777252904431,377.6018497449624,369.0126071383184,373.1598205566406,321000,0.0,0.0
2026-02-23 00:00:00-05:00,372.7501041953767,377.39698277291666,370.28175778148983,372.4503173828125,270800,0.0,0.0
2026-02-24 00:00:00-05:00,372.4503156995098,381.4043042608384,369.8020667129208,380.5049133300781,242700,0.0,0.0
2026-02-25 00:00:00-05:00,374.74876728727634,376.2177836749278,367.7134752235394,372.9100036621094,355000,0.0,0.0
2026-02-26 00:00:00-05:00,375.6600036621094,384.6199951171875,374.67999267578125,382.4599914550781,238600,0.25,0.0
2026-02-27 00:00:00-05:00,382.6700134277344,391.4200134277344,377.0050048828125,389.6700134277344,267900,0.0,0.0
2026-03-02 00:00:00-05:00,384.8999938964844,397.7250061035156,384.8999938964844,396.17999267578125,187800,0.0,0.0
2026-03-03 00:00:00-05:00,390.0,393.5299987792969,383.32000732421875,392.989990234375,147100,0.0,0.0
2026-03-04 00:00:00-05:00,391.2099914550781,393.0,380.75,383.4700012207031,173600,0.0,0.0
2026-03-05 00:00:00-05:00,382.0,384.94000244140625,375.5,378.489990234375,158000,0.0,0.0
2026-03-06 00:00:00-05:00,376.2099914550781,377.7799987792969,370.5,372.0199890136719,168000,0.0,0.0
2026-03-09 00:00:00-04:00,370.0,370.0,360.0899963378906,362.44000244140625,226200,0.0,0.0
2026-03-10 00:00:00-04:00,362.3299865722656,362.3299865722656,351.7799987792969,359.7799987792969,357700,0.0,0.0
2026-03-11 00:00:00-04:00,361.5400085449219,363.05999755859375,356.8900146484375,360.6400146484375,176900,0.0,0.0
2026-03-12 00:00:00-04:00,359.8399963378906,367.135009765625,358.0899963378906,361.8599853515625,174100,0.0,0.0
2026-03-13 00:00:00-04:00,367.7799987792969,370.0,359.75,362.5299987792969,127100,0.0,0.0
2026-03-16 00:00:00-04:00,363.6099853515625,368.79998779296875,358.29998779296875,358.6499938964844,161000,0.0,0.0
2026-03-17 00:00:00-04:00,362.05999755859375,368.54998779296875,355.70001220703125,355.739990234375,211300,0.0,0.0
2026-03-18 00:00:00-04:00,353.1199951171875,356.3721008300781,345.3301086425781,348.29998779296875,159254,0.0,0.0
