Date,Open,High,Low,Close,Volume,Dividends,Stock Splits
2022-01-03 00:00:00-05:00,6.849999904632568,7.010000228881836,6.809999942779541,7.010000228881836,24200,0.0,0.0
2022-01-04 00:00:00-05:00,6.980000019073486,7.079999923706055,6.906000137329102,7.010000228881836,10700,0.0,0.0
2022-01-05 00:00:00-05:00,6.920000076293945,7.099999904632568,6.78000020980835,6.900000095367432,9500,0.0,0.0
2022-01-06 00:00:00-05:00,6.699999809265137,6.869999885559082,6.699999809265137,6.730000019073486,10100,0.0,0.0
2022-01-07 00:00:00-05:00,6.840000152587891,6.881999969482422,6.75,6.869999885559082,21600,0.0,0.0
2022-01-10 00:00:00-05:00,6.78000020980835,6.78000020980835,6.579999923706055,6.690000057220459,13600,0.0,0.0
2022-01-11 00:00:00-05:00,6.710000038146973,6.923999786376953,6.650000095367432,6.869999885559082,7500,0.0,0.0
2022-01-12 00:00:00-05:00,6.929999828338623,7.03000020980835,6.724999904632568,6.75,21400,0.0,0.0
2022-01-13 00:00:00-05:00,6.800000190734863,6.803999900817871,6.579999923706055,6.590000152587891,24800,0.0,0.0
2022-01-14 00:00:00-05:00,6.579999923706055,6.659999847412109,6.409999847412109,6.610000133514404,19600,0.0,0.0
2022-01-18 00:00:00-05:00,6.599999904632568,6.599999904632568,6.099999904632568,6.199999809265137,31800,0.0,0.0
2022-01-19 00:00:00-05:00,6.309999942779541,6.447000026702881,6.170000076293945,6.349999904632568,42400,0.0,0.0
2022-01-20 00:00:00-05:00,6.369999885559082,6.389999866485596,6.139999866485596,6.139999866485596,27700,0.0,0.0
2022-01-21 00:00:00-05:00,6.059999942779541,6.059999942779541,5.849999904632568,5.849999904632568,16000,0.0,0.0
2022-01-24 00:00:00-05:00,5.599999904632568,5.78000020980835,5.420000076293945,5.699999809265137,70100,0.0,0.0
2022-01-25 00:00:00-05:00,5.760000228881836,6.0,5.75,6.0,10700,0.0,0.0
2022-01-26 00:00:00-05:00,6.050000190734863,6.139999866485596,5.849999904632568,5.921999931335449,17500,0.0,0.0
2022-01-27 00:00:00-05:00,5.949999809265137,6.03000020980835,5.849999904632568,5.900000095367432,5900,0.0,0.0
2022-01-28 00:00:00-05:00,5.900000095367432,5.949999809265137,5.769999980926514,5.889999866485596,38600,0.0,0.0
2022-01-31 00:00:00-05:00,6.0,6.210000038146973,6.0,6.159999847412109,13400,0.0,0.0
2022-02-01 00:00:00-05:00,6.25,6.389999866485596,6.110000133514404,6.380000114440918,18100,0.0,0.0
2022-02-02 00:00:00-05:00,6.309999942779541,6.409999847412109,6.289999961853027,6.409999847412109,17000,0.0,0.0
2022-02-03 00:00:00-05:00,6.420000076293945,6.420000076293945,6.150000095367432,6.199999809265137,79900,0.0,0.0
2022-02-04 00:00:00-05:00,6.210000038146973,6.385000228881836,6.15500020980835,6.300000190734863,29700,0.0,0.0
2022-02-07 00:00:00-05:00,6.119999885559082,6.464000225067139,6.119999885559082,6.340000152587891,30900,0.0,0.0
2022-02-08 00:00:00-05:00,6.489999771118164,6.880000114440918,6.489999771118164,6.5,254200,0.0,0.0
2022-02-09 00:00:00-05:00,6.539999961853027,7.079999923706055,6.539999961853027,6.949999809265137,135700,0.0,0.0
2022-02-10 00:00:00-05:00,7.03000020980835,7.179999828338623,6.630000114440918,6.730000019073486,344700,0.0,0.0
2022-02-11 00:00:00-05:00,6.71999979019165,8.199999809265137,6.659999847412109,8.199999809265137,1396700,0.0,0.0
2022-02-14 00:00:00-05:00,7.570000171661377,7.579999923706055,6.809999942779541,6.949999809265137,72500,0.0,0.0
2022-02-15 00:00:00-05:00,6.989999771118164,7.070000171661377,6.840000152587891,7.050000190734863,48000,0.0,0.0
2022-02-16 00:00:00-05:00,7.0,7.236000061035156,6.989999771118164,7.059999942779541,154400,0.0,0.0
2022-02-17 00:00:00-05:00,6.973999977111816,7.03000020980835,6.789999961853027,6.840000152587891,50200,0.0,0.0
2022-02-18 00:00:00-05:00,6.769999980926514,6.909999847412109,6.619999885559082,6.690000057220459,24500,0.0,0.0
2022-02-22 00:00:00-05:00,6.639999866485596,6.639999866485596,6.179999828338623,6.179999828338623,29000,0.0,0.0
2022-02-23 00:00:00-05:00,6.369999885559082,6.46999979019165,6.300000190734863,6.300000190734863,15000,0.0,0.0
2022-02-24 00:00:00-05:00,6.079999923706055,6.340000152587891,6.03000020980835,6.239999771118164,37500,0.0,0.0
2022-02-25 00:00:00-05:00,6.25,6.5,6.25,6.449999809265137,5200,0.0,0.0
2022-02-28 00:00:00-05:00,6.610000133514404,6.829999923706055,6.360000133514404,6.460000038146973,89900,0.0,0.0
2022-03-01 00:00:00-05:00,6.440000057220459,6.590000152587891,6.400000095367432,6.480000019073486,12700,0.0,0.0
2022-03-02 00:00:00-05:00,6.5,6.980000019073486,6.5,6.820000171661377,24700,0.0,0.0
2022-03-03 00:00:00-05:00,6.860000133514404,6.860000133514404,6.599999904632568,6.829999923706055,14400,0.0,0.0
2022-03-04 00:00:00-05:00,6.829999923706055,6.829999923706055,6.389999866485596,6.610000133514404,6300,0.0,0.0
2022-03-07 00:00:00-05:00,6.460000038146973,6.534999847412109,6.340000152587891,6.360000133514404,25400,0.0,0.0
2022-03-08 00:00:00-05:00,6.289999961853027,6.360000133514404,6.099999904632568,6.110000133514404,105100,0.0,0.0
2022-03-09 00:00:00-05:00,6.300000190734863,6.309999942779541,6.179999828338623,6.210000038146973,25100,0.0,0.0
2022-03-10 00:00:00-05:00,6.179999828338623,6.179999828338623,5.829999923706055,6.150000095367432,35100,0.0,0.0
2022-03-11 00:00:00-05:00,6.130000114440918,6.230000019073486,6.130000114440918,6.170000076293945,21400,0.0,0.0
2022-03-14 00:00:00-04:00,6.300000190734863,6.829999923706055,6.035999774932861,6.690000057220459,104100,0.0,0.0
2022-03-15 00:00:00-04:00,6.420000076293945,6.53000020980835,6.28000020980835,6.409999847412109,66500,0.0,0.0
2022-03-16 00:00:00-04:00,6.400000095367432,6.769999980926514,6.289999961853027,6.710000038146973,27600,0.0,0.0
2022-03-17 00:00:00-04:00,6.690000057220459,7.110000133514404,6.650000095367432,7.079999923706055,42900,0.0,0.0
2022-03-18 00:00:00-04:00,6.880000114440918,7.420000076293945,6.880000114440918,7.239999771118164,151000,0.0,0.0
2022-03-21 00:00:00-04:00,7.019999980926514,7.25,6.920000076293945,7.25,112700,0.0,0.0
2022-03-22 00:00:00-04:00,7.090000152587891,7.139999866485596,6.980000019073486,7.050000190734863,21900,0.0,0.0
2022-03-23 00:00:00-04:00,7.03000020980835,7.03000020980835,6.829999923706055,6.860000133514404,48200,0.0,0.0
2022-03-24 00:00:00-04:00,6.900000095367432,7.190000057220459,6.75,6.949999809265137,21900,0.0,0.0
2022-03-25 00:00:00-04:00,7.230000019073486,7.300000190734863,6.989999771118164,7.03000020980835,79100,0.0,0.0
2022-03-28 00:00:00-04:00,7.25,7.289999961853027,7.059999942779541,7.150000095367432,84200,0.0,0.0
2022-03-29 00:00:00-04:00,7.239999771118164,7.239999771118164,7.019999980926514,7.079999923706055,66200,0.0,0.0
2022-03-30 00:00:00-04:00,7.079999923706055,7.139999866485596,7.070000171661377,7.099999904632568,70700,0.0,0.0
2022-03-31 00:00:00-04:00,7.110000133514404,7.179999828338623,7.0,7.099999904632568,11800,0.0,0.0
2022-04-01 00:00:00-04:00,6.940000057220459,7.110000133514404,6.940000057220459,7.099999904632568,8000,0.0,0.0
2022-04-04 00:00:00-04:00,7.139999866485596,7.239999771118164,7.03000020980835,7.110000133514404,34400,0.0,0.0
2022-04-05 00:00:00-04:00,7.199999809265137,7.199999809265137,7.0,7.079999923706055,9800,0.0,0.0
2022-04-06 00:00:00-04:00,6.909999847412109,6.929999828338623,6.78000020980835,6.78000020980835,21100,0.0,0.0
2022-04-07 00:00:00-04:00,6.769999980926514,6.769999980926514,6.539999961853027,6.599999904632568,8900,0.0,0.0
2022-04-08 00:00:00-04:00,6.739999771118164,6.739999771118164,6.619999885559082,6.619999885559082,4700,0.0,0.0
2022-04-11 00:00:00-04:00,6.570000171661377,6.570000171661377,6.369999885559082,6.440000057220459,12900,0.0,0.0
2022-04-12 00:00:00-04:00,6.360000133514404,6.449999809265137,6.260000228881836,6.260000228881836,10400,0.0,0.0
2022-04-13 00:00:00-04:00,6.369999885559082,6.454999923706055,6.289999961853027,6.420000076293945,10800,0.0,0.0
2022-04-14 00:00:00-04:00,6.360000133514404,6.389999866485596,6.159999847412109,6.199999809265137,34400,0.0,0.0
2022-04-18 00:00:00-04:00,6.199999809265137,6.25,6.010000228881836,6.179999828338623,18400,0.0,0.0
2022-04-19 00:00:00-04:00,6.110000133514404,6.349999904632568,6.110000133514404,6.329999923706055,4800,0.0,0.0
2022-04-20 00:00:00-04:00,6.309999942779541,6.320000171661377,5.960000038146973,6.03000020980835,12900,0.0,0.0
2022-04-21 00:00:00-04:00,6.239999771118164,6.25,6.0,6.130000114440918,13400,0.0,0.0
2022-04-22 00:00:00-04:00,6.21999979019165,6.21999979019165,5.75,5.860000133514404,15300,0.0,0.0
2022-04-25 00:00:00-04:00,5.880000114440918,5.880000114440918,5.71999979019165,5.809999942779541,26400,0.0,0.0
2022-04-26 00:00:00-04:00,6.119999885559082,6.119999885559082,5.860000133514404,5.909999847412109,27200,0.0,0.0
2022-04-27 00:00:00-04:00,5.989999771118164,6.071000099182129,5.923999786376953,6.010000228881836,16400,0.0,0.0
2022-04-28 00:00:00-04:00,6.03000020980835,6.269999980926514,5.889999866485596,6.170000076293945,32400,0.0,0.0
2022-04-29 00:00:00-04:00,6.03000020980835,6.224999904632568,5.769999980926514,5.789999961853027,52400,0.0,0.0
2022-05-02 00:00:00-04:00,5.760000228881836,5.760000228881836,5.599999904632568,5.619999885559082,9000,0.0,0.0
2022-05-03 00:00:00-04:00,5.6539998054504395,5.739999771118164,5.630000114440918,5.690000057220459,6500,0.0,0.0
2022-05-04 00:00:00-04:00,5.769999980926514,5.96999979019165,5.699999809265137,5.96999979019165,50800,0.0,0.0
2022-05-05 00:00:00-04:00,5.800000190734863,6.0,5.690000057220459,6.0,53900,0.0,0.0
2022-05-06 00:00:00-04:00,5.929999828338623,6.070000171661377,5.739999771118164,6.03000020980835,63000,0.0,0.0
2022-05-09 00:00:00-04:00,5.650000095367432,5.869999885559082,5.579999923706055,5.78000020980835,98800,0.0,0.0
2022-05-10 00:00:00-04:00,5.739999771118164,6.039999961853027,5.510000228881836,5.929999828338623,72900,0.0,0.0
2022-05-11 00:00:00-04:00,5.860000133514404,5.880000114440918,5.639999866485596,5.800000190734863,83500,0.0,0.0
2022-05-12 00:00:00-04:00,5.659999847412109,6.425000190734863,5.659999847412109,6.400000095367432,177100,0.0,0.0
2022-05-13 00:00:00-04:00,6.489999771118164,7.590000152587891,6.445000171661377,7.5,650300,0.0,0.0
2022-05-16 00:00:00-04:00,7.25,7.449999809265137,7.039999961853027,7.170000076293945,294800,0.0,0.0
2022-05-17 00:00:00-04:00,7.03000020980835,7.28000020980835,7.010000228881836,7.179999828338623,160600,0.0,0.0
2022-05-18 00:00:00-04:00,7.170000076293945,7.300000190734863,7.074999809265137,7.28000020980835,255900,0.0,0.0
2022-05-19 00:00:00-04:00,7.150000095367432,7.360000133514404,7.050000190734863,7.269999980926514,60500,0.0,0.0
2022-05-20 00:00:00-04:00,7.21999979019165,7.489999771118164,7.199999809265137,7.230000019073486,316100,0.0,0.0
2022-05-23 00:00:00-04:00,7.230000019073486,7.369999885559082,7.159999847412109,7.159999847412109,24800,0.0,0.0
2022-05-24 00:00:00-04:00,7.150000095367432,7.150000095367432,6.690000057220459,6.789999961853027,73200,0.0,0.0
2022-05-25 00:00:00-04:00,6.769999980926514,7.139999866485596,6.71999979019165,6.849999904632568,13800,0.0,0.0
2022-05-26 00:00:00-04:00,6.860000133514404,7.0,6.790999889373779,6.829999923706055,29500,0.0,0.0
2022-05-27 00:00:00-04:00,6.78000020980835,6.889999866485596,6.75,6.829999923706055,4200,0.0,0.0
2022-05-31 00:00:00-04:00,6.650000095367432,6.650000095367432,6.380000114440918,6.449999809265137,37800,0.0,0.0
2022-06-01 00:00:00-04:00,6.510000228881836,6.53000020980835,6.349999904632568,6.460000038146973,15600,0.0,0.0
2022-06-02 00:00:00-04:00,6.610000133514404,6.650000095367432,6.420000076293945,6.5,11200,0.0,0.0
2022-06-03 00:00:00-04:00,6.507999897003174,6.507999897003174,6.369999885559082,6.369999885559082,9500,0.0,0.0
2022-06-06 00:00:00-04:00,6.659999847412109,6.659999847412109,6.400000095367432,6.489999771118164,10100,0.0,0.0
2022-06-07 00:00:00-04:00,6.440000057220459,6.5,6.309999942779541,6.34499979019165,52100,0.0,0.0
2022-06-08 00:00:00-04:00,6.46999979019165,6.46999979019165,6.090000152587891,6.139999866485596,143600,0.0,0.0
2022-06-09 00:00:00-04:00,6.28000020980835,6.28000020980835,6.019999980926514,6.110000133514404,5800,0.0,0.0
2022-06-10 00:00:00-04:00,6.170000076293945,6.170000076293945,5.840000152587891,5.849999904632568,14800,0.0,0.0
2022-06-13 00:00:00-04:00,5.710000038146973,5.90500020980835,5.599999904632568,5.630000114440918,22500,0.0,0.0
2022-06-14 00:00:00-04:00,5.710000038146973,5.829999923706055,5.650000095367432,5.760000228881836,10100,0.0,0.0
2022-06-15 00:00:00-04:00,5.849999904632568,5.860000133514404,5.611999988555908,5.809999942779541,26500,0.0,0.0
2022-06-16 00:00:00-04:00,5.650000095367432,6.269999980926514,5.630000114440918,6.159999847412109,73800,0.0,0.0
2022-06-17 00:00:00-04:00,6.429999828338623,6.429999828338623,5.71999979019165,5.71999979019165,98300,0.0,0.0
2022-06-21 00:00:00-04:00,5.900000095367432,6.25,5.900000095367432,6.190000057220459,22400,0.0,0.0
2022-06-22 00:00:00-04:00,6.190000057220459,6.190000057220459,5.909999847412109,5.949999809265137,16300,0.0,0.0
2022-06-23 00:00:00-04:00,5.880000114440918,6.0,5.840000152587891,5.880000114440918,58800,0.0,0.0
2022-06-24 00:00:00-04:00,5.860000133514404,6.164000034332275,5.860000133514404,6.050000190734863,4800,0.0,0.0
2022-06-27 00:00:00-04:00,5.949999809265137,6.139999866485596,5.933000087738037,6.050000190734863,26500,0.0,0.0
2022-06-28 00:00:00-04:00,6.03000020980835,6.050000190734863,5.929999828338623,6.010000228881836,29800,0.0,0.0
2022-06-29 00:00:00-04:00,5.920000076293945,6.039999961853027,5.75,5.760000228881836,34900,0.0,0.0
2022-06-30 00:00:00-04:00,5.75,5.829999923706055,5.75,5.789999961853027,15900,0.0,0.0
2022-07-01 00:00:00-04:00,5.880000114440918,5.920000076293945,5.75,5.860000133514404,1300,0.0,0.0
2022-07-05 00:00:00-04:00,5.78000020980835,5.889999866485596,5.639999866485596,5.840000152587891,15000,0.0,0.0
2022-07-06 00:00:00-04:00,5.71999979019165,5.940000057220459,5.71999979019165,5.860000133514404,13400,0.0,0.0
2022-07-07 00:00:00-04:00,5.78000020980835,5.96999979019165,5.75,5.849999904632568,21900,0.0,0.0
2022-07-08 00:00:00-04:00,5.860000133514404,5.869999885559082,5.75,5.78000020980835,15400,0.0,0.0
2022-07-11 00:00:00-04:00,5.75,5.849999904632568,5.659999847412109,5.840000152587891,15800,0.0,0.0
2022-07-12 00:00:00-04:00,5.71999979019165,5.940000057220459,5.6539998054504395,5.909999847412109,12900,0.0,0.0
2022-07-13 00:00:00-04:00,5.860000133514404,5.869999885559082,5.659999847412109,5.659999847412109,3300,0.0,0.0
2022-07-14 00:00:00-04:00,5.75,5.929999828338623,5.670000076293945,5.929999828338623,8100,0.0,0.0
2022-07-15 00:00:00-04:00,5.800000190734863,5.940000057220459,5.800000190734863,5.809999942779541,10100,0.0,0.0
2022-07-18 00:00:00-04:00,5.960000038146973,6.119999885559082,5.849999904632568,5.920000076293945,23100,0.0,0.0
2022-07-19 00:00:00-04:00,5.800000190734863,6.070000171661377,5.800000190734863,6.050000190734863,6600,0.0,0.0
2022-07-20 00:00:00-04:00,5.909999847412109,6.150000095367432,5.909999847412109,6.0,46400,0.0,0.0
2022-07-21 00:00:00-04:00,5.840000152587891,6.489999771118164,5.840000152587891,6.400000095367432,51100,0.0,0.0
2022-07-22 00:00:00-04:00,6.46999979019165,6.46999979019165,6.130000114440918,6.28000020980835,4000,0.0,0.0
2022-07-25 00:00:00-04:00,6.099999904632568,6.139999866485596,6.019999980926514,6.130000114440918,12900,0.0,0.0
2022-07-26 00:00:00-04:00,6.110000133514404,6.110000133514404,5.919000148773193,5.949999809265137,5000,0.0,0.0
2022-07-27 00:00:00-04:00,5.900000095367432,6.0920000076293945,5.900000095367432,6.070000171661377,7000,0.0,0.0
2022-07-28 00:00:00-04:00,5.960000038146973,6.135000228881836,5.900000095367432,6.039999961853027,17500,0.0,0.0
2022-07-29 00:00:00-04:00,6.0970001220703125,6.0970001220703125,5.869999885559082,5.869999885559082,41900,0.0,0.0
2022-08-01 00:00:00-04:00,5.949999809265137,6.119999885559082,5.949999809265137,6.010000228881836,30700,0.0,0.0
2022-08-02 00:00:00-04:00,6.0,6.230000019073486,6.0,6.159999847412109,13800,0.0,0.0
2022-08-03 00:00:00-04:00,6.079999923706055,6.28000020980835,6.059999942779541,6.159999847412109,12000,0.0,0.0
2022-08-04 00:00:00-04:00,6.190000057220459,6.21999979019165,6.159999847412109,6.159999847412109,10600,0.0,0.0
2022-08-05 00:00:00-04:00,6.150000095367432,6.300000190734863,6.070000171661377,6.070000171661377,18200,0.0,0.0
2022-08-08 00:00:00-04:00,6.170000076293945,6.570000171661377,6.170000076293945,6.539999961853027,51200,0.0,0.0
2022-08-09 00:00:00-04:00,6.460000038146973,6.5,6.329999923706055,6.349999904632568,10100,0.0,0.0
2022-08-10 00:00:00-04:00,6.460000038146973,6.550000190734863,6.369999885559082,6.369999885559082,50800,0.0,0.0
2022-08-11 00:00:00-04:00,6.400000095367432,6.46999979019165,6.079999923706055,6.079999923706055,28000,0.0,0.0
2022-08-12 00:00:00-04:00,6.260000228881836,6.28000020980835,6.079999923706055,6.150000095367432,165800,0.0,0.0
2022-08-15 00:00:00-04:00,6.150000095367432,6.5,5.980000019073486,6.21999979019165,339100,0.0,0.0
2022-08-16 00:00:00-04:00,6.340000152587891,6.340000152587891,5.960000038146973,6.019999980926514,220500,0.0,0.0
2022-08-17 00:00:00-04:00,6.019999980926514,6.119999885559082,5.760000228881836,5.760000228881836,351700,0.0,0.0
2022-08-18 00:00:00-04:00,5.929999828338623,5.929999828338623,5.28000020980835,5.289999961853027,123900,0.0,0.0
2022-08-19 00:00:00-04:00,5.550000190734863,5.690000057220459,5.230000019073486,5.25,479100,0.0,0.0
2022-08-22 00:00:00-04:00,5.28000020980835,5.639999866485596,5.28000020980835,5.639999866485596,74200,0.0,0.0
2022-08-23 00:00:00-04:00,5.630000114440918,5.630000114440918,5.320000171661377,5.480000019073486,107700,0.0,0.0
2022-08-24 00:00:00-04:00,5.440000057220459,5.440000057220459,5.199999809265137,5.28000020980835,150100,0.0,0.0
2022-08-25 00:00:00-04:00,5.210000038146973,5.429999828338623,5.210000038146973,5.369999885559082,61000,0.0,0.0
2022-08-26 00:00:00-04:00,5.389999866485596,5.420000076293945,5.179999828338623,5.300000190734863,17200,0.0,0.0
2022-08-29 00:00:00-04:00,5.230000019073486,5.340000152587891,5.119999885559082,5.170000076293945,163800,0.0,0.0
2022-08-30 00:00:00-04:00,5.210000038146973,5.293000221252441,5.139999866485596,5.170000076293945,62800,0.0,0.0
2022-08-31 00:00:00-04:00,5.21999979019165,5.293000221252441,5.090000152587891,5.170000076293945,116900,0.0,0.0
2022-09-01 00:00:00-04:00,5.099999904632568,5.130000114440918,4.849999904632568,4.909999847412109,65700,0.0,0.0
2022-09-02 00:00:00-04:00,5.119999885559082,5.119999885559082,4.840000152587891,4.840000152587891,29000,0.0,0.0
2022-09-06 00:00:00-04:00,4.909999847412109,4.909999847412109,4.710000038146973,4.760000228881836,18500,0.0,0.0
2022-09-07 00:00:00-04:00,4.71999979019165,4.730000019073486,4.622000217437744,4.699999809265137,34200,0.0,0.0
2022-09-08 00:00:00-04:00,4.760000228881836,4.769999980926514,4.659999847412109,4.75,27600,0.0,0.0
2022-09-09 00:00:00-04:00,4.75,4.889999866485596,4.71999979019165,4.769999980926514,17800,0.0,0.0
2022-09-12 00:00:00-04:00,4.869999885559082,5.0,4.829999923706055,4.900000095367432,9500,0.0,0.0
2022-09-13 00:00:00-04:00,4.900000095367432,4.900000095367432,4.599999904632568,4.610000133514404,29000,0.0,0.0
2022-09-14 00:00:00-04:00,4.690000057220459,4.690000057220459,4.510000228881836,4.550000190734863,33400,0.0,0.0
2022-09-15 00:00:00-04:00,4.599999904632568,4.610000133514404,4.360000133514404,4.389999866485596,41400,0.0,0.0
2022-09-16 00:00:00-04:00,4.309999942779541,4.519999980926514,4.289999961853027,4.329999923706055,98000,0.0,0.0
2022-09-19 00:00:00-04:00,4.510000228881836,4.670000076293945,4.460000038146973,4.610000133514404,78400,0.0,0.0
2022-09-20 00:00:00-04:00,4.78000020980835,4.78000020980835,4.519999980926514,4.610000133514404,223400,0.0,0.0
2022-09-21 00:00:00-04:00,4.699999809265137,4.71999979019165,4.519999980926514,4.610000133514404,59200,0.0,0.0
2022-09-22 00:00:00-04:00,4.699999809265137,4.699999809265137,4.550000190734863,4.570000171661377,36200,0.0,0.0
2022-09-23 00:00:00-04:00,4.420000076293945,4.420000076293945,4.199999809265137,4.230000019073486,72100,0.0,0.0
2022-09-26 00:00:00-04:00,4.139999866485596,4.309999942779541,4.139999866485596,4.264999866485596,39900,0.0,0.0
2022-09-27 00:00:00-04:00,4.25,4.449999809265137,4.25,4.440000057220459,52700,0.0,0.0
2022-09-28 00:00:00-04:00,4.590000152587891,4.610000133514404,4.460000038146973,4.610000133514404,67800,0.0,0.0
2022-09-29 00:00:00-04:00,4.53000020980835,4.539999961853027,4.449999809265137,4.510000228881836,20200,0.0,0.0
2022-09-30 00:00:00-04:00,4.420000076293945,4.510000228881836,4.420000076293945,4.5,30200,0.0,0.0
2022-10-03 00:00:00-04:00,4.710000038146973,4.7270002365112305,4.619999885559082,4.699999809265137,37100,0.0,0.0
2022-10-04 00:00:00-04:00,4.800000190734863,4.800000190734863,4.619999885559082,4.639999866485596,108700,0.0,0.0
2022-10-05 00:00:00-04:00,4.550000190734863,4.739999771118164,4.550000190734863,4.670000076293945,89200,0.0,0.0
2022-10-06 00:00:00-04:00,4.769999980926514,5.010000228881836,4.670000076293945,4.829999923706055,196500,0.0,0.0
2022-10-07 00:00:00-04:00,5.050000190734863,5.119999885559082,4.679999828338623,4.800000190734863,42200,0.0,0.0
2022-10-10 00:00:00-04:00,4.739999771118164,4.909999847412109,4.619999885559082,4.710000038146973,21200,0.0,0.0
2022-10-11 00:00:00-04:00,4.639999866485596,4.710000038146973,4.570000171661377,4.630000114440918,15800,0.0,0.0
2022-10-12 00:00:00-04:00,4.539999961853027,4.670000076293945,4.539999961853027,4.579999923706055,17100,0.0,0.0
2022-10-13 00:00:00-04:00,4.550000190734863,4.860000133514404,4.550000190734863,4.760000228881836,11900,0.0,0.0
2022-10-14 00:00:00-04:00,4.739999771118164,4.869999885559082,4.539999961853027,4.539999961853027,11500,0.0,0.0
2022-10-17 00:00:00-04:00,4.690000057220459,4.849999904632568,4.690000057220459,4.829999923706055,9400,0.0,0.0
2022-10-18 00:00:00-04:00,4.880000114440918,4.900000095367432,4.7729997634887695,4.809999942779541,9200,0.0,0.0
2022-10-19 00:00:00-04:00,4.889999866485596,5.0,4.840000152587891,4.840000152587891,12400,0.0,0.0
2022-10-20 00:00:00-04:00,4.800000190734863,4.849999904632568,4.639999866485596,4.639999866485596,11100,0.0,0.0
2022-10-21 00:00:00-04:00,4.679999828338623,4.829999923706055,4.659999847412109,4.760000228881836,13800,0.0,0.0
2022-10-24 00:00:00-04:00,4.789999961853027,4.789999961853027,4.570000171661377,4.659999847412109,30400,0.0,0.0
2022-10-25 00:00:00-04:00,4.760000228881836,4.880000114440918,4.71999979019165,4.78000020980835,12500,0.0,0.0
2022-10-26 00:00:00-04:00,4.820000171661377,4.840000152587891,4.739999771118164,4.800000190734863,19300,0.0,0.0
2022-10-27 00:00:00-04:00,4.820000171661377,4.889999866485596,4.664999961853027,4.760000228881836,10400,0.0,0.0
2022-10-28 00:00:00-04:00,4.760000228881836,4.829999923706055,4.670000076293945,4.71999979019165,6100,0.0,0.0
2022-10-31 00:00:00-04:00,4.880000114440918,5.050000190734863,4.820000171661377,4.820000171661377,17800,0.0,0.0
2022-11-01 00:00:00-04:00,5.0,5.159999847412109,4.840000152587891,4.840000152587891,32800,0.0,0.0
2022-11-02 00:00:00-04:00,4.860000133514404,4.980000019073486,4.7820000648498535,4.909999847412109,9200,0.0,0.0
2022-11-03 00:00:00-04:00,4.849999904632568,4.849999904632568,4.769999980926514,4.800000190734863,7800,0.0,0.0
2022-11-04 00:00:00-04:00,4.795000076293945,4.849999904632568,4.752999782562256,4.800000190734863,1500,0.0,0.0
2022-11-07 00:00:00-05:00,4.820000171661377,4.909999847412109,4.820000171661377,4.890999794006348,9900,0.0,0.0
2022-11-08 00:00:00-05:00,4.890999794006348,4.940000057220459,4.840000152587891,4.940000057220459,3600,0.0,0.0
2022-11-09 00:00:00-05:00,4.789999961853027,4.880000114440918,4.75,4.75,7800,0.0,0.0
2022-11-10 00:00:00-05:00,4.889999866485596,5.151000022888184,4.679999828338623,4.980000019073486,71700,0.0,0.0
2022-11-11 00:00:00-05:00,5.070000171661377,5.159999847412109,4.510000228881836,5.099999904632568,39000,0.0,0.0
2022-11-14 00:00:00-05:00,5.179999828338623,5.5,5.090000152587891,5.5,15000,0.0,0.0
2022-11-15 00:00:00-05:00,5.559999942779541,5.559999942779541,5.150000095367432,5.260000228881836,44100,0.0,0.0
2022-11-16 00:00:00-05:00,5.03000020980835,5.28000020980835,4.931000232696533,5.199999809265137,89800,0.0,0.0
2022-11-17 00:00:00-05:00,5.010000228881836,5.050000190734863,4.900000095367432,4.909999847412109,41700,0.0,0.0
2022-11-18 00:00:00-05:00,5.099999904632568,5.116000175476074,4.900000095367432,5.0,26600,0.0,0.0
2022-11-21 00:00:00-05:00,4.860000133514404,4.929999828338623,4.75,4.769999980926514,20400,0.0,0.0
2022-11-22 00:00:00-05:00,4.840000152587891,5.107999801635742,4.840000152587891,5.054999828338623,15400,0.0,0.0
2022-11-23 00:00:00-05:00,4.96999979019165,4.96999979019165,4.815000057220459,4.840000152587891,70600,0.0,0.0
2022-11-25 00:00:00-05:00,4.860000133514404,5.010000228881836,4.860000133514404,5.010000228881836,6100,0.0,0.0
2022-11-28 00:00:00-05:00,4.880000114440918,4.960000038146973,4.75,4.75,43900,0.0,0.0
2022-11-29 00:00:00-05:00,4.809999942779541,4.929999828338623,4.699999809265137,4.699999809265137,19400,0.0,0.0
2022-11-30 00:00:00-05:00,4.809999942779541,4.960000038146973,4.710000038146973,4.960000038146973,13900,0.0,0.0
2022-12-01 00:00:00-05:00,4.809999942779541,4.889999866485596,4.730000019073486,4.860000133514404,46300,0.0,0.0
2022-12-02 00:00:00-05:00,4.860000133514404,4.889999866485596,4.71999979019165,4.889999866485596,43500,0.0,0.0
2022-12-05 00:00:00-05:00,4.75,4.860000133514404,4.690000057220459,4.860000133514404,29800,0.0,0.0
2022-12-06 00:00:00-05:00,4.809999942779541,4.835000038146973,4.650000095367432,4.650000095367432,38200,0.0,0.0
2022-12-07 00:00:00-05:00,4.650000095367432,4.71999979019165,4.46999979019165,4.710000038146973,46500,0.0,0.0
2022-12-08 00:00:00-05:00,4.599999904632568,4.670000076293945,4.519999980926514,4.670000076293945,6900,0.0,0.0
2022-12-09 00:00:00-05:00,4.630000114440918,4.630000114440918,4.5,4.5,3000,0.0,0.0
2022-12-12 00:00:00-05:00,4.519999980926514,4.679999828338623,4.360000133514404,4.440000057220459,18800,0.0,0.0
2022-12-13 00:00:00-05:00,4.590000152587891,4.630000114440918,4.440000057220459,4.590000152587891,6400,0.0,0.0
2022-12-14 00:00:00-05:00,4.53000020980835,4.610000133514404,4.28000020980835,4.349999904632568,46800,0.0,0.0
2022-12-15 00:00:00-05:00,4.340000152587891,4.385000228881836,4.28000020980835,4.28000020980835,8000,0.0,0.0
2022-12-16 00:00:00-05:00,4.230000019073486,4.349999904632568,4.170000076293945,4.340000152587891,5700,0.0,0.0
2022-12-19 00:00:00-05:00,4.179999828338623,4.199999809265137,3.950000047683716,4.199999809265137,36100,0.0,0.0
2022-12-20 00:00:00-05:00,4.090000152587891,4.090000152587891,4.0,4.065000057220459,15300,0.0,0.0
2022-12-21 00:00:00-05:00,4.010000228881836,4.070000171661377,3.821000099182129,4.070000171661377,30500,0.0,0.0
2022-12-22 00:00:00-05:00,3.869999885559082,3.9800000190734863,3.7839999198913574,3.8499999046325684,9700,0.0,0.0
2022-12-23 00:00:00-05:00,3.8499999046325684,3.9730000495910645,3.8299999237060547,3.8299999237060547,4200,0.0,0.0
2022-12-27 00:00:00-05:00,3.6700000762939453,3.700000047683716,3.4200000762939453,3.440000057220459,55400,0.0,0.0
2022-12-28 00:00:00-05:00,3.369999885559082,3.499000072479248,3.2699999809265137,3.2699999809265137,25200,0.0,0.0
2022-12-29 00:00:00-05:00,3.4100000858306885,3.4800000190734863,3.2799999713897705,3.440000057220459,24400,0.0,0.0
2022-12-30 00:00:00-05:00,3.369999885559082,3.5999999046325684,3.2899999618530273,3.299999952316284,44900,0.0,0.0
2023-01-03 00:00:00-05:00,3.450000047683716,3.5999999046325684,3.450000047683716,3.549999952316284,10500,0.0,0.0
2023-01-04 00:00:00-05:00,3.5799999237060547,3.6600000858306885,3.569999933242798,3.6600000858306885,8600,0.0,0.0
2023-01-05 00:00:00-05:00,3.7300000190734863,3.8399999141693115,3.690000057220459,3.8299999237060547,14100,0.0,0.0
2023-01-06 00:00:00-05:00,3.9100000858306885,3.9100000858306885,3.759999990463257,3.799999952316284,34100,0.0,0.0
2023-01-09 00:00:00-05:00,3.880000114440918,4.0,3.7799999713897705,4.0,13100,0.0,0.0
2023-01-10 00:00:00-05:00,3.8499999046325684,3.9000000953674316,3.759999990463257,3.7699999809265137,20100,0.0,0.0
2023-01-11 00:00:00-05:00,3.7200000286102295,3.7300000190734863,3.569000005722046,3.690000057220459,19600,0.0,0.0
2023-01-12 00:00:00-05:00,3.7100000381469727,3.9100000858306885,3.6489999294281006,3.9100000858306885,17700,0.0,0.0
2023-01-13 00:00:00-05:00,3.940000057220459,3.940000057220459,3.686000108718872,3.809999942779541,14000,0.0,0.0
2023-01-17 00:00:00-05:00,3.640000104904175,3.7200000286102295,3.5,3.690000057220459,39600,0.0,0.0
2023-01-18 00:00:00-05:00,3.5899999141693115,3.759999990463257,3.5199999809265137,3.700000047683716,56000,0.0,0.0
2023-01-19 00:00:00-05:00,3.5899999141693115,3.859999895095825,3.5889999866485596,3.859999895095825,41500,0.0,0.0
2023-01-20 00:00:00-05:00,3.799999952316284,3.8499999046325684,3.694000005722046,3.8499999046325684,64400,0.0,0.0
2023-01-23 00:00:00-05:00,3.75,3.7899999618530273,3.640000104904175,3.680000066757202,30000,0.0,0.0
2023-01-24 00:00:00-05:00,3.740000009536743,3.809999942779541,3.640000104904175,3.7300000190734863,27500,0.0,0.0
2023-01-25 00:00:00-05:00,3.6700000762939453,3.7899999618530273,3.6110000610351562,3.700000047683716,32300,0.0,0.0
2023-01-26 00:00:00-05:00,3.6600000858306885,3.799999952316284,3.6500000953674316,3.740000009536743,56600,0.0,0.0
2023-01-27 00:00:00-05:00,3.740000009536743,3.799999952316284,3.6700000762939453,3.75,61900,0.0,0.0
2023-01-30 00:00:00-05:00,3.509999990463257,3.6600000858306885,3.509999990463257,3.5999999046325684,51000,0.0,0.0
2023-01-31 00:00:00-05:00,3.6449999809265137,3.740000009536743,3.559999942779541,3.680000066757202,26800,0.0,0.0
2023-02-01 00:00:00-05:00,3.619999885559082,3.8310000896453857,3.5759999752044678,3.7200000286102295,47500,0.0,0.0
2023-02-02 00:00:00-05:00,3.809999942779541,3.9700000286102295,3.759999990463257,3.9700000286102295,81400,0.0,0.0
2023-02-03 00:00:00-05:00,3.869999885559082,3.880000114440918,3.7100000381469727,3.7100000381469727,30400,0.0,0.0
2023-02-06 00:00:00-05:00,3.6500000953674316,3.7899999618530273,3.6500000953674316,3.7300000190734863,30600,0.0,0.0
2023-02-07 00:00:00-05:00,3.684999942779541,3.859999895095825,3.684999942779541,3.75,28000,0.0,0.0
2023-02-08 00:00:00-05:00,3.690000057220459,3.8289999961853027,3.690000057220459,3.7799999713897705,30300,0.0,0.0
2023-02-09 00:00:00-05:00,3.690000057220459,3.809999942779541,3.680000066757202,3.759999990463257,39200,0.0,0.0
2023-02-10 00:00:00-05:00,3.690000057220459,3.759999990463257,3.5999999046325684,3.5999999046325684,33100,0.0,0.0
2023-02-13 00:00:00-05:00,3.4600000381469727,3.569999933242798,3.380000114440918,3.390000104904175,46900,0.0,0.0
2023-02-14 00:00:00-05:00,3.4100000858306885,3.559999942779541,3.4000000953674316,3.450000047683716,63400,0.0,0.0
2023-02-15 00:00:00-05:00,3.3499999046325684,3.4000000953674316,3.2200000286102295,3.4000000953674316,299300,0.0,0.0
2023-02-16 00:00:00-05:00,3.2200000286102295,3.25,3.1500000953674316,3.190000057220459,78500,0.0,0.0
2023-02-17 00:00:00-05:00,3.1700000762939453,3.200000047683716,3.119999885559082,3.180000066757202,23400,0.0,0.0
2023-02-21 00:00:00-05:00,2.759999990463257,2.869999885559082,2.7300000190734863,2.7699999809265137,142000,0.0,0.0
2023-02-22 00:00:00-05:00,2.700000047683716,2.877000093460083,2.690000057220459,2.799999952316284,32600,0.0,0.0
2023-02-23 00:00:00-05:00,2.7899999618530273,2.8299999237060547,2.759999990463257,2.809999942779541,17300,0.0,0.0
2023-02-24 00:00:00-05:00,2.740000009536743,2.7899999618530273,2.740000009536743,2.75,17900,0.0,0.0
2023-02-27 00:00:00-05:00,2.619999885559082,2.680000066757202,2.619999885559082,2.619999885559082,33100,0.0,0.0
2023-02-28 00:00:00-05:00,2.5399999618530273,2.5899999141693115,2.4700000286102295,2.4700000286102295,79500,0.0,0.0
2023-03-01 00:00:00-05:00,2.5899999141693115,2.619999885559082,2.5,2.5,61800,0.0,0.0
2023-03-02 00:00:00-05:00,2.509999990463257,2.5799999237060547,2.450000047683716,2.5299999713897705,64500,0.0,0.0
2023-03-03 00:00:00-05:00,2.5399999618530273,2.5999999046325684,2.4800000190734863,2.5299999713897705,60700,0.0,0.0
2023-03-06 00:00:00-05:00,2.4000000953674316,2.4200000762939453,2.2899999618530273,2.380000114440918,142000,0.0,0.0
2023-03-07 00:00:00-05:00,2.359999895095825,2.390000104904175,2.2699999809265137,2.2899999618530273,48000,0.0,0.0
2023-03-08 00:00:00-05:00,2.309999942779541,2.309999942779541,2.2200000286102295,2.240000009536743,41500,0.0,0.0
2023-03-09 00:00:00-05:00,2.2100000381469727,2.240000009536743,2.0899999141693115,2.0999999046325684,63800,0.0,0.0
2023-03-10 00:00:00-05:00,2.0799999237060547,2.119999885559082,1.9500000476837158,1.9600000381469727,235000,0.0,0.0
2023-03-13 00:00:00-04:00,2.0,2.0199999809265137,1.9299999475479126,1.9900000095367432,72700,0.0,0.0
2023-03-14 00:00:00-04:00,2.0199999809265137,2.049999952316284,1.940000057220459,1.9800000190734863,209300,0.0,0.0
2023-03-15 00:00:00-04:00,2.0,2.0299999713897705,1.8980000019073486,1.9299999475479126,95000,0.0,0.0
2023-03-16 00:00:00-04:00,1.8899999856948853,1.9800000190734863,1.850000023841858,1.8700000047683716,143400,0.0,0.0
2023-03-17 00:00:00-04:00,1.8700000047683716,1.8799999952316284,1.7300000190734863,1.8200000524520874,133100,0.0,0.0
2023-03-20 00:00:00-04:00,1.7999999523162842,1.8639999628067017,1.7899999618530273,1.809999942779541,55000,0.0,0.0
2023-03-21 00:00:00-04:00,1.8799999952316284,1.940000057220459,1.8799999952316284,1.9299999475479126,64200,0.0,0.0
2023-03-22 00:00:00-04:00,2.0,2.0899999141693115,1.9800000190734863,2.059999942779541,60400,0.0,0.0
2023-03-23 00:00:00-04:00,2.140000104904175,2.2899999618530273,2.109999895095825,2.1600000858306885,128800,0.0,0.0
2023-03-24 00:00:00-04:00,2.187999963760376,2.2100000381469727,2.049999952316284,2.0999999046325684,45600,0.0,0.0
2023-03-27 00:00:00-04:00,2.109999895095825,2.140000104904175,2.059999942779541,2.0999999046325684,20800,0.0,0.0
2023-03-28 00:00:00-04:00,2.130000114440918,2.1559998989105225,2.0999999046325684,2.119999885559082,13900,0.0,0.0
2023-03-29 00:00:00-04:00,2.1500000953674316,2.1500000953674316,1.9900000095367432,2.059999942779541,89800,0.0,0.0
2023-03-30 00:00:00-04:00,2.049999952316284,2.0899999141693115,2.0399999618530273,2.055000066757202,10500,0.0,0.0
2023-03-31 00:00:00-04:00,2.0299999713897705,2.140000104904175,2.009999990463257,2.0399999618530273,22800,0.0,0.0
2023-04-03 00:00:00-04:00,2.4100000858306885,2.630000114440918,2.359999895095825,2.565000057220459,416400,0.0,0.0
2023-04-04 00:00:00-04:00,2.549999952316284,2.619999885559082,2.490000009536743,2.5999999046325684,71500,0.0,0.0
2023-04-05 00:00:00-04:00,2.5799999237060547,2.5999999046325684,2.4200000762939453,2.4600000381469727,119600,0.0,0.0
2023-04-06 00:00:00-04:00,2.509999990463257,2.5399999618530273,2.4700000286102295,2.4700000286102295,30000,0.0,0.0
2023-04-10 00:00:00-04:00,2.380000114440918,2.4700000286102295,2.299999952316284,2.4100000858306885,33900,0.0,0.0
2023-04-11 00:00:00-04:00,2.4600000381469727,2.4600000381469727,2.299999952316284,2.3399999141693115,31700,0.0,0.0
2023-04-12 00:00:00-04:00,2.430000066757202,2.430000066757202,2.299999952316284,2.3499999046325684,22000,0.0,0.0
2023-04-13 00:00:00-04:00,2.2300000190734863,2.299999952316284,2.2100000381469727,2.2699999809265137,25800,0.0,0.0
2023-04-14 00:00:00-04:00,2.3499999046325684,2.3499999046325684,2.2300000190734863,2.240000009536743,20400,0.0,0.0
2023-04-17 00:00:00-04:00,2.180000066757202,2.180000066757202,2.109999895095825,2.119999885559082,47300,0.0,0.0
2023-04-18 00:00:00-04:00,2.130000114440918,2.2100000381469727,2.130000114440918,2.180000066757202,16100,0.0,0.0
2023-04-19 00:00:00-04:00,2.180000066757202,2.200000047683716,2.0899999141693115,2.200000047683716,24800,0.0,0.0
2023-04-20 00:00:00-04:00,2.1700000762939453,2.390000104904175,2.1700000762939453,2.3499999046325684,50900,0.0,0.0
2023-04-21 00:00:00-04:00,2.3399999141693115,2.369999885559082,2.25,2.25,46200,0.0,0.0
2023-04-24 00:00:00-04:00,2.2899999618530273,2.299999952316284,2.1689999103546143,2.1700000762939453,28900,0.0,0.0
2023-04-25 00:00:00-04:00,2.2799999713897705,2.299999952316284,2.234999895095825,2.2899999618530273,22800,0.0,0.0
2023-04-26 00:00:00-04:00,2.309999942779541,2.309999942779541,2.200000047683716,2.25,23100,0.0,0.0
2023-04-27 00:00:00-04:00,2.2899999618530273,2.430000066757202,2.2699999809265137,2.430000066757202,39300,0.0,0.0
2023-04-28 00:00:00-04:00,2.319999933242798,2.4100000858306885,2.2699999809265137,2.3299999237060547,11000,0.0,0.0
2023-05-01 00:00:00-04:00,2.299999952316284,2.3299999237060547,2.2300000190734863,2.2300000190734863,8800,0.0,0.0
2023-05-02 00:00:00-04:00,2.2100000381469727,2.2100000381469727,2.119999885559082,2.1600000858306885,15300,0.0,0.0
2023-05-03 00:00:00-04:00,2.1700000762939453,2.2200000286102295,2.130000114440918,2.1700000762939453,8100,0.0,0.0
2023-05-04 00:00:00-04:00,2.140000104904175,2.200000047683716,2.140000104904175,2.140000104904175,6700,0.0,0.0
2023-05-05 00:00:00-04:00,2.1500000953674316,2.299999952316284,2.1500000953674316,2.2699999809265137,84100,0.0,0.0
2023-05-08 00:00:00-04:00,2.259999990463257,2.4100000858306885,2.25,2.380000114440918,31900,0.0,0.0
2023-05-09 00:00:00-04:00,2.309999942779541,2.4149999618530273,2.2869999408721924,2.380000114440918,40100,0.0,0.0
2023-05-10 00:00:00-04:00,2.369999885559082,2.4600000381469727,2.3399999141693115,2.430000066757202,28600,0.0,0.0
2023-05-11 00:00:00-04:00,2.4000000953674316,2.5999999046325684,2.375999927520752,2.5899999141693115,48600,0.0,0.0
2023-05-12 00:00:00-04:00,2.619999885559082,2.868000030517578,2.5,2.5,68500,0.0,0.0
2023-05-15 00:00:00-04:00,2.490000009536743,2.609999895095825,2.4000000953674316,2.5799999237060547,223600,0.0,0.0
2023-05-16 00:00:00-04:00,2.4000000953674316,2.5299999713897705,2.3499999046325684,2.4000000953674316,121800,0.0,0.0
2023-05-17 00:00:00-04:00,2.4700000286102295,2.4800000190734863,2.3299999237060547,2.3499999046325684,118200,0.0,0.0
2023-05-18 00:00:00-04:00,2.4100000858306885,2.4100000858306885,2.259999990463257,2.369999885559082,83300,0.0,0.0
2023-05-19 00:00:00-04:00,2.390000104904175,2.4000000953674316,2.299999952316284,2.3499999046325684,54600,0.0,0.0
2023-05-22 00:00:00-04:00,2.259999990463257,2.359999895095825,2.259999990463257,2.319999933242798,70000,0.0,0.0
2023-05-23 00:00:00-04:00,2.309999942779541,2.309999942779541,2.180000066757202,2.2300000190734863,29300,0.0,0.0
2023-05-24 00:00:00-04:00,2.1600000858306885,2.2100000381469727,2.130000114440918,2.130000114440918,16500,0.0,0.0
2023-05-25 00:00:00-04:00,2.1500000953674316,2.1500000953674316,2.049999952316284,2.049999952316284,39300,0.0,0.0
2023-05-26 00:00:00-04:00,2.0799999237060547,2.0999999046325684,2.059999942779541,2.0899999141693115,11600,0.0,0.0
2023-05-30 00:00:00-04:00,2.109999895095825,2.109999895095825,1.909999966621399,1.940000057220459,71200,0.0,0.0
2023-05-31 00:00:00-04:00,1.9500000476837158,1.9850000143051147,1.909999966621399,1.940000057220459,14400,0.0,0.0
2023-06-01 00:00:00-04:00,1.9199999570846558,1.9600000381469727,1.8700000047683716,1.909999966621399,33000,0.0,0.0
2023-06-02 00:00:00-04:00,1.9500000476837158,1.9700000286102295,1.9199999570846558,1.9299999475479126,12100,0.0,0.0
2023-06-05 00:00:00-04:00,1.940000057220459,1.9600000381469727,1.899999976158142,1.899999976158142,11500,0.0,0.0
2023-06-06 00:00:00-04:00,1.909999966621399,2.0299999713897705,1.909999966621399,2.0,21200,0.0,0.0
2023-06-07 00:00:00-04:00,2.009999990463257,2.049999952316284,1.9600000381469727,2.049999952316284,32000,0.0,0.0
2023-06-08 00:00:00-04:00,2.109999895095825,2.140000104904175,2.049999952316284,2.140000104904175,11000,0.0,0.0
2023-06-09 00:00:00-04:00,2.200000047683716,2.2200000286102295,2.1010000705718994,2.200000047683716,24700,0.0,0.0
2023-06-12 00:00:00-04:00,2.200000047683716,2.200000047683716,2.069999933242798,2.069999933242798,15100,0.0,0.0
2023-06-13 00:00:00-04:00,2.0799999237060547,2.2200000286102295,2.0799999237060547,2.2200000286102295,26600,0.0,0.0
2023-06-14 00:00:00-04:00,2.1500000953674316,2.180000066757202,2.0899999141693115,2.0899999141693115,12100,0.0,0.0
2023-06-15 00:00:00-04:00,2.119999885559082,2.1600000858306885,2.119999885559082,2.130000114440918,8500,0.0,0.0
2023-06-16 00:00:00-04:00,2.140000104904175,2.1700000762939453,2.109999895095825,2.130000114440918,10600,0.0,0.0
2023-06-20 00:00:00-04:00,2.0299999713897705,2.059999942779541,2.0,2.0,22300,0.0,0.0
2023-06-21 00:00:00-04:00,2.0,2.0299999713897705,1.9500000476837158,1.9700000286102295,14500,0.0,0.0
2023-06-22 00:00:00-04:00,1.8899999856948853,1.9900000095367432,1.8700000047683716,1.9900000095367432,81800,0.0,0.0
2023-06-23 00:00:00-04:00,1.9500000476837158,1.9500000476837158,1.8700000047683716,1.9199999570846558,34300,0.0,0.0
2023-06-26 00:00:00-04:00,1.9199999570846558,1.9199999570846558,1.809999942779541,1.840000033378601,41200,0.0,0.0
2023-06-27 00:00:00-04:00,1.809999942779541,1.8200000524520874,1.7599999904632568,1.7999999523162842,86800,0.0,0.0
2023-06-28 00:00:00-04:00,1.809999942779541,1.8300000429153442,1.784999966621399,1.809999942779541,15000,0.0,0.0
2023-06-29 00:00:00-04:00,1.7100000381469727,1.7549999952316284,1.6799999475479126,1.7200000286102295,79200,0.0,0.0
2023-06-30 00:00:00-04:00,1.7200000286102295,1.75,1.690000057220459,1.7000000476837158,12300,0.0,0.0
2023-07-03 00:00:00-04:00,1.6799999475479126,1.7699999809265137,1.6699999570846558,1.7000000476837158,56300,0.0,0.0
2023-07-05 00:00:00-04:00,1.5499999523162842,1.6449999809265137,1.5499999523162842,1.5700000524520874,198700,0.0,0.0
2023-07-06 00:00:00-04:00,1.5499999523162842,1.684999942779541,1.5199999809265137,1.6399999856948853,114000,0.0,0.0
2023-07-07 00:00:00-04:00,1.6399999856948853,1.6399999856948853,1.5,1.5700000524520874,53500,0.0,0.0
2023-07-10 00:00:00-04:00,1.6200000047683716,1.8600000143051147,1.6100000143051147,1.690000057220459,101900,0.0,0.0
2023-07-11 00:00:00-04:00,1.7300000190734863,1.7599999904632568,1.7000000476837158,1.7200000286102295,93900,0.0,0.0
2023-07-12 00:00:00-04:00,1.7400000095367432,1.7599999904632568,1.690000057220459,1.7000000476837158,28000,0.0,0.0
2023-07-13 00:00:00-04:00,1.690000057220459,1.7200000286102295,1.6629999876022339,1.6699999570846558,25100,0.0,0.0
2023-07-14 00:00:00-04:00,1.7000000476837158,1.7000000476837158,1.6200000047683716,1.6399999856948853,78100,0.0,0.0
2023-07-17 00:00:00-04:00,1.649999976158142,1.649999976158142,1.5800000429153442,1.590000033378601,20800,0.0,0.0
2023-07-18 00:00:00-04:00,1.6299999952316284,1.6699999570846558,1.6299999952316284,1.6699999570846558,16100,0.0,0.0
2023-07-19 00:00:00-04:00,1.690000057220459,1.7000000476837158,1.6399999856948853,1.6799999475479126,40200,0.0,0.0
2023-07-20 00:00:00-04:00,1.6799999475479126,1.6799999475479126,1.6299999952316284,1.649999976158142,36000,0.0,0.0
2023-07-21 00:00:00-04:00,1.690000057220459,1.690000057220459,1.5800000429153442,1.649999976158142,62000,0.0,0.0
2023-07-24 00:00:00-04:00,1.600000023841858,1.6100000143051147,1.559999942779541,1.5800000429153442,17200,0.0,0.0
2023-07-25 00:00:00-04:00,1.590000033378601,1.590000033378601,1.5499999523162842,1.5800000429153442,22400,0.0,0.0
2023-07-26 00:00:00-04:00,1.600000023841858,1.600000023841858,1.5740000009536743,1.600000023841858,21400,0.0,0.0
2023-07-27 00:00:00-04:00,1.5800000429153442,1.6299999952316284,1.559999942779541,1.5880000591278076,22200,0.0,0.0
2023-07-28 00:00:00-04:00,1.600000023841858,1.600000023841858,1.5700000524520874,1.590000033378601,29400,0.0,0.0
2023-07-31 00:00:00-04:00,1.6100000143051147,1.6100000143051147,1.5800000429153442,1.590000033378601,33700,0.0,0.0
2023-08-01 00:00:00-04:00,1.590000033378601,1.6260000467300415,1.5499999523162842,1.5800000429153442,30500,0.0,0.0
2023-08-02 00:00:00-04:00,1.590000033378601,1.590000033378601,1.5499999523162842,1.5800000429153442,17400,0.0,0.0
2023-08-03 00:00:00-04:00,1.5509999990463257,1.5800000429153442,1.5299999713897705,1.5800000429153442,17700,0.0,0.0
2023-08-04 00:00:00-04:00,1.559999942779541,1.5750000476837158,1.5399999618530273,1.5399999618530273,16000,0.0,0.0
2023-08-07 00:00:00-04:00,1.559999942779541,1.649999976158142,1.5230000019073486,1.5399999618530273,38600,0.0,0.0
2023-08-08 00:00:00-04:00,1.690000057220459,1.7400000095367432,1.600000023841858,1.659999966621399,168300,0.0,0.0
2023-08-09 00:00:00-04:00,1.6299999952316284,1.6699999570846558,1.559999942779541,1.5800000429153442,42700,0.0,0.0
2023-08-10 00:00:00-04:00,1.5700000524520874,1.5800000429153442,1.5,1.5,34500,0.0,0.0
2023-08-11 00:00:00-04:00,1.5199999809265137,1.559999942779541,1.4800000190734863,1.5,70000,0.0,0.0
2023-08-14 00:00:00-04:00,1.5299999713897705,1.590000033378601,1.5099999904632568,1.5499999523162842,41300,0.0,0.0
2023-08-15 00:00:00-04:00,1.5199999809265137,1.6200000047683716,1.5099999904632568,1.5299999713897705,55800,0.0,0.0
2023-08-16 00:00:00-04:00,1.5399999618530273,1.6299999952316284,1.5099999904632568,1.5499999523162842,305400,0.0,0.0
2023-08-17 00:00:00-04:00,1.5299999713897705,1.5499999523162842,1.5099999904632568,1.5499999523162842,13000,0.0,0.0
2023-08-18 00:00:00-04:00,1.5199999809265137,1.5800000429153442,1.4199999570846558,1.4199999570846558,28000,0.0,0.0
2023-08-21 00:00:00-04:00,1.4600000381469727,1.5499999523162842,1.4600000381469727,1.5499999523162842,29500,0.0,0.0
2023-08-22 00:00:00-04:00,1.5800000429153442,1.5800000429153442,1.5,1.5399999618530273,14100,0.0,0.0
2023-08-23 00:00:00-04:00,1.5499999523162842,1.5499999523162842,1.5099999904632568,1.5499999523162842,8700,0.0,0.0
2023-08-24 00:00:00-04:00,1.5399999618530273,1.5399999618530273,1.4800000190734863,1.4800000190734863,9400,0.0,0.0
2023-08-25 00:00:00-04:00,1.5399999618530273,1.5399999618530273,1.5,1.5,6600,0.0,0.0
2023-08-28 00:00:00-04:00,1.5,1.5299999713897705,1.4800000190734863,1.4800000190734863,19100,0.0,0.0
2023-08-29 00:00:00-04:00,1.4500000476837158,1.4600000381469727,1.3899999856948853,1.3899999856948853,43900,0.0,0.0
2023-08-30 00:00:00-04:00,1.4800000190734863,1.5399999618530273,1.4700000286102295,1.5099999904632568,24000,0.0,0.0
2023-08-31 00:00:00-04:00,1.5399999618530273,1.6299999952316284,1.5199999809265137,1.6100000143051147,58700,0.0,0.0
2023-09-01 00:00:00-04:00,1.590000033378601,1.649999976158142,1.5499999523162842,1.559999942779541,36200,0.0,0.0
2023-09-05 00:00:00-04:00,1.5800000429153442,1.7699999809265137,1.5700000524520874,1.659999966621399,139900,0.0,0.0
2023-09-06 00:00:00-04:00,1.7200000286102295,1.75,1.6799999475479126,1.7200000286102295,26900,0.0,0.0
2023-09-07 00:00:00-04:00,1.6699999570846558,1.7100000381469727,1.5700000524520874,1.6150000095367432,80700,0.0,0.0
2023-09-08 00:00:00-04:00,1.6799999475479126,1.6799999475479126,1.6100000143051147,1.6799999475479126,27900,0.0,0.0
2023-09-11 00:00:00-04:00,1.600000023841858,1.7200000286102295,1.600000023841858,1.7000000476837158,48800,0.0,0.0
2023-09-12 00:00:00-04:00,1.6699999570846558,1.6699999570846558,1.5399999618530273,1.5399999618530273,61800,0.0,0.0
2023-09-13 00:00:00-04:00,1.6200000047683716,1.659999966621399,1.5870000123977661,1.6399999856948853,47500,0.0,0.0
2023-09-14 00:00:00-04:00,1.659999966621399,1.7400000095367432,1.6200000047683716,1.715000033378601,68500,0.0,0.0
2023-09-15 00:00:00-04:00,1.690000057220459,1.7599999904632568,1.649999976158142,1.690000057220459,63300,0.0,0.0
2023-09-18 00:00:00-04:00,1.6699999570846558,1.75,1.6399999856948853,1.7000000476837158,96300,0.0,0.0
2023-09-19 00:00:00-04:00,1.7050000429153442,1.7200000286102295,1.659999966621399,1.6699999570846558,20900,0.0,0.0
2023-09-20 00:00:00-04:00,1.6799999475479126,1.7000000476837158,1.649999976158142,1.649999976158142,25600,0.0,0.0
2023-09-21 00:00:00-04:00,1.600000023841858,1.6399999856948853,1.600000023841858,1.6399999856948853,15500,0.0,0.0
2023-09-22 00:00:00-04:00,1.6299999952316284,1.6299999952316284,1.5950000286102295,1.625,15600,0.0,0.0
2023-09-25 00:00:00-04:00,1.649999976158142,1.649999976158142,1.5800000429153442,1.600000023841858,26600,0.0,0.0
2023-09-26 00:00:00-04:00,1.5499999523162842,1.5700000524520874,1.5299999713897705,1.5299999713897705,24500,0.0,0.0
2023-09-27 00:00:00-04:00,1.5399999618530273,1.5700000524520874,1.5399999618530273,1.559999942779541,11700,0.0,0.0
2023-09-28 00:00:00-04:00,1.5579999685287476,1.590000033378601,1.5299999713897705,1.5399999618530273,16800,0.0,0.0
2023-09-29 00:00:00-04:00,1.5499999523162842,1.600000023841858,1.5499999523162842,1.5700000524520874,8100,0.0,0.0
2023-10-02 00:00:00-04:00,1.6100000143051147,1.649999976158142,1.5210000276565552,1.5399999618530273,21200,0.0,0.0
2023-10-03 00:00:00-04:00,1.5089999437332153,1.6200000047683716,1.5,1.6200000047683716,29300,0.0,0.0
2023-10-04 00:00:00-04:00,1.590000033378601,1.590000033378601,1.5199999809265137,1.5800000429153442,17000,0.0,0.0
2023-10-05 00:00:00-04:00,1.5759999752044678,1.5759999752044678,1.5,1.5,11700,0.0,0.0
2023-10-06 00:00:00-04:00,1.5800000429153442,1.5800000429153442,1.49399995803833,1.534999966621399,38900,0.0,0.0
2023-10-09 00:00:00-04:00,1.4199999570846558,1.4199999570846558,1.2949999570846558,1.3200000524520874,101800,0.0,0.0
2023-10-10 00:00:00-04:00,1.399999976158142,1.437999963760376,1.3949999809265137,1.4199999570846558,25400,0.0,0.0
2023-10-11 00:00:00-04:00,1.3600000143051147,1.3890000581741333,1.340000033378601,1.340000033378601,48800,0.0,0.0
2023-10-12 00:00:00-04:00,1.340000033378601,1.3600000143051147,1.309999942779541,1.3600000143051147,24400,0.0,0.0
2023-10-13 00:00:00-04:00,1.3600000143051147,1.3600000143051147,1.309999942779541,1.309999942779541,18400,0.0,0.0
2023-10-16 00:00:00-04:00,1.3300000429153442,1.347000002861023,1.2970000505447388,1.2999999523162842,44300,0.0,0.0
2023-10-17 00:00:00-04:00,1.2799999713897705,1.319000005722046,1.25,1.2569999694824219,26000,0.0,0.0
2023-10-18 00:00:00-04:00,1.2300000190734863,1.2599999904632568,1.1699999570846558,1.1799999475479126,65900,0.0,0.0
2023-10-19 00:00:00-04:00,1.2100000381469727,1.2300000190734863,1.1799999475479126,1.2200000286102295,21500,0.0,0.0
2023-10-20 00:00:00-04:00,1.2300000190734863,1.2300000190734863,1.159999966621399,1.1699999570846558,31600,0.0,0.0
2023-10-23 00:00:00-04:00,1.1200000047683716,1.159999966621399,1.1100000143051147,1.1100000143051147,13900,0.0,0.0
2023-10-24 00:00:00-04:00,1.1200000047683716,1.159999966621399,1.1200000047683716,1.125,11300,0.0,0.0
2023-10-25 00:00:00-04:00,1.090000033378601,1.100000023841858,1.059999942779541,1.059999942779541,26400,0.0,0.0
2023-10-26 00:00:00-04:00,1.0700000524520874,1.0800000429153442,1.0099999904632568,1.0099999904632568,19700,0.0,0.0
2023-10-27 00:00:00-04:00,1.0299999713897705,1.0800000429153442,1.0099999904632568,1.0299999713897705,47200,0.0,0.0
2023-10-30 00:00:00-04:00,1.059999942779541,1.059999942779541,1.0199999809265137,1.0499999523162842,61000,0.0,0.0
2023-10-31 00:00:00-04:00,1.0199999809265137,1.0299999713897705,0.996999979019165,1.0099999904632568,26500,0.0,0.0
2023-11-01 00:00:00-04:00,1.0099999904632568,1.0399999618530273,1.0,1.0099999904632568,26400,0.0,0.0
2023-11-02 00:00:00-04:00,1.0499999523162842,1.0800000429153442,0.9900000095367432,1.065000057220459,78400,0.0,0.0
2023-11-03 00:00:00-04:00,1.0700000524520874,1.1100000143051147,1.0399999618530273,1.090000033378601,30500,0.0,0.0
2023-11-06 00:00:00-05:00,1.100000023841858,1.100000023841858,1.059999942779541,1.0700000524520874,13200,0.0,0.0
2023-11-07 00:00:00-05:00,1.0800000429153442,1.1200000047683716,1.0099999904632568,1.0499999523162842,42200,0.0,0.0
2023-11-08 00:00:00-05:00,1.1100000143051147,1.1200000047683716,1.0800000429153442,1.0800000429153442,31900,0.0,0.0
2023-11-09 00:00:00-05:00,1.100000023841858,1.1299999952316284,1.0299999713897705,1.0299999713897705,30700,0.0,0.0
2023-11-10 00:00:00-05:00,1.062000036239624,1.1200000047683716,1.0499999523162842,1.0700000524520874,25000,0.0,0.0
2023-11-13 00:00:00-05:00,1.0499999523162842,1.0679999589920044,1.0199999809265137,1.0440000295639038,18700,0.0,0.0
2023-11-14 00:00:00-05:00,1.090000033378601,1.1399999856948853,1.0399999618530273,1.100000023841858,68200,0.0,0.0
2023-11-15 00:00:00-05:00,1.100000023841858,1.3899999856948853,1.090000033378601,1.2699999809265137,469800,0.0,0.0
2023-11-16 00:00:00-05:00,1.2300000190734863,1.2400000095367432,1.1200000047683716,1.1699999570846558,41700,0.0,0.0
2023-11-17 00:00:00-05:00,1.1699999570846558,1.1799999475479126,1.059999942779541,1.059999942779541,192900,0.0,0.0
2023-11-20 00:00:00-05:00,1.1200000047683716,1.1699999570846558,1.100000023841858,1.149999976158142,89200,0.0,0.0
2023-11-21 00:00:00-05:00,1.159999966621399,1.159999966621399,1.1200000047683716,1.149999976158142,22200,0.0,0.0
2023-11-22 00:00:00-05:00,1.149999976158142,1.1699999570846558,1.100000023841858,1.1200000047683716,24600,0.0,0.0
2023-11-24 00:00:00-05:00,1.1399999856948853,1.1399999856948853,1.1200000047683716,1.1349999904632568,15800,0.0,0.0
2023-11-27 00:00:00-05:00,1.2000000476837158,1.2300000190734863,1.1799999475479126,1.2300000190734863,27200,0.0,0.0
2023-11-28 00:00:00-05:00,1.25,1.2799999713897705,1.2300000190734863,1.2400000095367432,19000,0.0,0.0
2023-11-29 00:00:00-05:00,1.2400000095367432,1.25,1.190000057220459,1.2000000476837158,23700,0.0,0.0
2023-11-30 00:00:00-05:00,1.2300000190734863,1.2400000095367432,1.2000000476837158,1.2300000190734863,24100,0.0,0.0
2023-12-01 00:00:00-05:00,1.2100000381469727,1.2300000190734863,1.1799999475479126,1.2100000381469727,18000,0.0,0.0
2023-12-04 00:00:00-05:00,1.2300000190734863,1.3289999961853027,1.2300000190734863,1.2799999713897705,71700,0.0,0.0
2023-12-05 00:00:00-05:00,1.2799999713897705,1.340000033378601,1.25,1.2599999904632568,49200,0.0,0.0
2023-12-06 00:00:00-05:00,1.2799999713897705,1.2970000505447388,1.2599999904632568,1.2599999904632568,29000,0.0,0.0
2023-12-07 00:00:00-05:00,1.2999999523162842,1.3200000524520874,1.2899999618530273,1.2899999618530273,21300,0.0,0.0
2023-12-08 00:00:00-05:00,1.309999942779541,1.3200000524520874,1.309999942779541,1.3200000524520874,10900,0.0,0.0
2023-12-11 00:00:00-05:00,1.3300000429153442,1.3300000429153442,1.2400000095367432,1.2899999618530273,63300,0.0,0.0
2023-12-12 00:00:00-05:00,1.3200000524520874,1.3200000524520874,1.2599999904632568,1.2899999618530273,23000,0.0,0.0
2023-12-13 00:00:00-05:00,1.2699999809265137,1.2699999809265137,1.1799999475479126,1.2100000381469727,48800,0.0,0.0
2023-12-14 00:00:00-05:00,1.2400000095367432,1.2599999904632568,1.2200000286102295,1.2300000190734863,43400,0.0,0.0
2023-12-15 00:00:00-05:00,1.2699999809265137,1.2699999809265137,1.190000057220459,1.2200000286102295,20500,0.0,0.0
2023-12-18 00:00:00-05:00,1.2599999904632568,1.2699999809265137,1.2400000095367432,1.25,25700,0.0,0.0
2023-12-19 00:00:00-05:00,1.25,1.25600004196167,1.1799999475479126,1.2300000190734863,73400,0.0,0.0
2023-12-20 00:00:00-05:00,1.2799999713897705,1.3070000410079956,1.2599999904632568,1.2799999713897705,67200,0.0,0.0
2023-12-21 00:00:00-05:00,1.3200000524520874,1.3200000524520874,1.2799999713897705,1.2799999713897705,14800,0.0,0.0
2023-12-22 00:00:00-05:00,1.3600000143051147,1.3600000143051147,1.2599999904632568,1.340000033378601,53500,0.0,0.0
2023-12-26 00:00:00-05:00,1.2999999523162842,1.305999994277954,1.2100000381469727,1.2300000190734863,36400,0.0,0.0
2023-12-27 00:00:00-05:00,1.2599999904632568,1.2799999713897705,1.2300000190734863,1.25,39900,0.0,0.0
2023-12-28 00:00:00-05:00,1.2599999904632568,1.2799999713897705,1.2400000095367432,1.2400000095367432,68600,0.0,0.0
2023-12-29 00:00:00-05:00,1.2400000095367432,1.2899999618530273,1.2400000095367432,1.2899999618530273,32300,0.0,0.0
2024-01-02 00:00:00-05:00,1.2999999523162842,1.3389999866485596,1.2999999523162842,1.3040000200271606,46200,0.0,0.0
2024-01-03 00:00:00-05:00,1.3200000524520874,1.3200000524520874,1.2400000095367432,1.2649999856948853,23000,0.0,0.0
2024-01-04 00:00:00-05:00,1.3200000524520874,1.3600000143051147,1.3040000200271606,1.3600000143051147,33000,0.0,0.0
2024-01-05 00:00:00-05:00,1.350000023841858,1.3589999675750732,1.3200000524520874,1.340000033378601,20200,0.0,0.0
2024-01-08 00:00:00-05:00,1.3300000429153442,1.3799999952316284,1.309999942779541,1.3200000524520874,35100,0.0,0.0
2024-01-09 00:00:00-05:00,1.3700000047683716,1.4479999542236328,1.350000023841858,1.3899999856948853,40600,0.0,0.0
2024-01-10 00:00:00-05:00,1.5399999618530273,1.559999942779541,1.4900000095367432,1.559999942779541,73700,0.0,0.0
2024-01-11 00:00:00-05:00,1.4900000095367432,1.5299999713897705,1.440000057220459,1.4800000190734863,56500,0.0,0.0
2024-01-12 00:00:00-05:00,1.4900000095367432,1.5290000438690186,1.4700000286102295,1.4700000286102295,30000,0.0,0.0
2024-01-16 00:00:00-05:00,1.4800000190734863,1.4800000190734863,1.3949999809265137,1.4700000286102295,24800,0.0,0.0
2024-01-17 00:00:00-05:00,1.440000057220459,1.440000057220459,1.399999976158142,1.409999966621399,10600,0.0,0.0
2024-01-18 00:00:00-05:00,1.440000057220459,1.4589999914169312,1.3220000267028809,1.3600000143051147,30000,0.0,0.0
2024-01-19 00:00:00-05:00,1.3799999952316284,1.4199999570846558,1.3509999513626099,1.4199999570846558,10300,0.0,0.0
2024-01-22 00:00:00-05:00,1.3799999952316284,1.3799999952316284,1.2999999523162842,1.3300000429153442,72700,0.0,0.0
2024-01-23 00:00:00-05:00,1.350000023841858,1.350000023841858,1.225000023841858,1.25,363100,0.0,0.0
2024-01-24 00:00:00-05:00,1.2899999618530273,1.309999942779541,1.2300000190734863,1.2599999904632568,55500,0.0,0.0
2024-01-25 00:00:00-05:00,1.2999999523162842,1.309999942779541,1.2200000286102295,1.2200000286102295,61100,0.0,0.0
2024-01-26 00:00:00-05:00,1.2899999618530273,1.2899999618530273,1.2200000286102295,1.2200000286102295,60000,0.0,0.0
2024-01-29 00:00:00-05:00,1.2400000095367432,1.2690000534057617,1.2100000381469727,1.2300000190734863,127000,0.0,0.0
2024-01-30 00:00:00-05:00,1.2200000286102295,1.2400000095367432,1.1799999475479126,1.2000000476837158,85700,0.0,0.0
2024-01-31 00:00:00-05:00,1.25,1.2699999809265137,1.1799999475479126,1.1799999475479126,353900,0.0,0.0
2024-02-01 00:00:00-05:00,1.25,1.2799999713897705,1.2000000476837158,1.2000000476837158,175800,0.0,0.0
2024-02-02 00:00:00-05:00,1.2100000381469727,1.2599999904632568,1.2000000476837158,1.2000000476837158,520600,0.0,0.0
2024-02-05 00:00:00-05:00,1.2400000095367432,1.2799999713897705,1.2100000381469727,1.2599999904632568,303400,0.0,0.0
2024-02-06 00:00:00-05:00,1.3600000143051147,1.4700000286102295,1.350000023841858,1.4500000476837158,126700,0.0,0.0
2024-02-07 00:00:00-05:00,1.5099999904632568,1.628999948501587,1.5099999904632568,1.5800000429153442,126800,0.0,0.0
2024-02-08 00:00:00-05:00,1.5199999809265137,1.559999942779541,1.4800000190734863,1.5099999904632568,43100,0.0,0.0
2024-02-09 00:00:00-05:00,1.5099999904632568,1.559999942779541,1.5099999904632568,1.559999942779541,25400,0.0,0.0
2024-02-12 00:00:00-05:00,1.6299999952316284,1.809999942779541,1.6299999952316284,1.7899999618530273,137800,0.0,0.0
2024-02-13 00:00:00-05:00,1.6699999570846558,1.6779999732971191,1.6200000047683716,1.659999966621399,37000,0.0,0.0
2024-02-14 00:00:00-05:00,1.6100000143051147,1.6299999952316284,1.5700000524520874,1.590000033378601,46000,0.0,0.0
2024-02-15 00:00:00-05:00,1.6200000047683716,1.75,1.6100000143051147,1.7300000190734863,42100,0.0,0.0
2024-02-16 00:00:00-05:00,1.7699999809265137,1.7999999523162842,1.7200000286102295,1.7999999523162842,105300,0.0,0.0
2024-02-20 00:00:00-05:00,1.8899999856948853,2.0299999713897705,1.8899999856948853,2.0299999713897705,107900,0.0,0.0
2024-02-21 00:00:00-05:00,1.9500000476837158,1.9500000476837158,1.7899999618530273,1.9299999475479126,128300,0.0,0.0
2024-02-22 00:00:00-05:00,1.8600000143051147,1.8769999742507935,1.7899999618530273,1.809999942779541,28200,0.0,0.0
2024-02-23 00:00:00-05:00,1.809999942779541,1.899999976158142,1.7999999523162842,1.8899999856948853,42800,0.0,0.0
2024-02-26 00:00:00-05:00,1.9600000381469727,2.0399999618530273,1.850000023841858,1.909999966621399,80900,0.0,0.0
2024-02-27 00:00:00-05:00,1.899999976158142,1.9700000286102295,1.899999976158142,1.9550000429153442,33000,0.0,0.0
2024-02-28 00:00:00-05:00,1.940000057220459,2.0,1.940000057220459,2.0,33700,0.0,0.0
2024-02-29 00:00:00-05:00,2.0299999713897705,2.0299999713897705,1.9299999475479126,1.9500000476837158,33700,0.0,0.0
2024-03-01 00:00:00-05:00,1.9900000095367432,2.0,1.9429999589920044,1.9800000190734863,22700,0.0,0.0
2024-03-04 00:00:00-05:00,2.0,2.0,1.9500000476837158,1.9800000190734863,26800,0.0,0.0
2024-03-05 00:00:00-05:00,1.9199999570846558,1.9600000381469727,1.8799999952316284,1.9500000476837158,26200,0.0,0.0
2024-03-06 00:00:00-05:00,1.9299999475479126,1.940000057220459,1.8799999952316284,1.8799999952316284,15800,0.0,0.0
2024-03-07 00:00:00-05:00,1.899999976158142,1.899999976158142,1.850000023841858,1.8799999952316284,45000,0.0,0.0
2024-03-08 00:00:00-05:00,1.899999976158142,1.899999976158142,1.8600000143051147,1.8799999952316284,7500,0.0,0.0
2024-03-11 00:00:00-04:00,1.8200000524520874,1.8300000429153442,1.7899999618530273,1.8300000429153442,27400,0.0,0.0
2024-03-12 00:00:00-04:00,1.7400000095367432,1.7799999713897705,1.6799999475479126,1.7799999713897705,80900,0.0,0.0
2024-03-13 00:00:00-04:00,1.7599999904632568,1.8300000429153442,1.7400000095367432,1.7999999523162842,26400,0.0,0.0
2024-03-14 00:00:00-04:00,1.809999942779541,1.809999942779541,1.659999966621399,1.75,9600,0.0,0.0
2024-03-15 00:00:00-04:00,1.7599999904632568,1.8600000143051147,1.75,1.850000023841858,74600,0.0,0.0
2024-03-18 00:00:00-04:00,1.9500000476837158,2.063999891281128,1.9199999570846558,1.9900000095367432,83900,0.0,0.0
2024-03-19 00:00:00-04:00,2.0,2.0399999618530273,1.9700000286102295,2.0,26500,0.0,0.0
2024-03-20 00:00:00-04:00,2.0999999046325684,2.2899999618530273,2.0899999141693115,2.2899999618530273,130900,0.0,0.0
2024-03-21 00:00:00-04:00,2.299999952316284,2.315000057220459,2.190000057220459,2.2699999809265137,45600,0.0,0.0
2024-03-22 00:00:00-04:00,2.299999952316284,2.5799999237060547,2.2899999618530273,2.5399999618530273,352800,0.0,0.0
2024-03-25 00:00:00-04:00,2.509999990463257,2.609999895095825,2.4600000381469727,2.549999952316284,184600,0.0,0.0
2024-03-26 00:00:00-04:00,2.5,2.5999999046325684,2.450000047683716,2.549999952316284,75800,0.0,0.0
2024-03-27 00:00:00-04:00,2.5299999713897705,2.549999952316284,2.2100000381469727,2.5299999713897705,86900,0.0,0.0
2024-03-28 00:00:00-04:00,2.549999952316284,2.75,2.5399999618530273,2.7100000381469727,163400,0.0,0.0
2024-04-01 00:00:00-04:00,2.859999895095825,2.880000114440918,2.5799999237060547,2.680000066757202,139900,0.0,0.0
2024-04-02 00:00:00-04:00,2.7300000190734863,2.7300000190734863,2.609999895095825,2.6600000858306885,84100,0.0,0.0
2024-04-03 00:00:00-04:00,2.619999885559082,2.9200000762939453,2.4600000381469727,2.7200000286102295,292200,0.0,0.0
2024-04-04 00:00:00-04:00,2.6500000953674316,2.7200000286102295,2.5299999713897705,2.5299999713897705,84000,0.0,0.0
2024-04-05 00:00:00-04:00,2.5299999713897705,2.5899999141693115,2.5209999084472656,2.5450000762939453,37700,0.0,0.0
2024-04-08 00:00:00-04:00,2.619999885559082,2.690000057220459,2.609999895095825,2.690000057220459,43300,0.0,0.0
2024-04-09 00:00:00-04:00,2.630000114440918,2.6500000953674316,2.569999933242798,2.5799999237060547,22800,0.0,0.0
2024-04-10 00:00:00-04:00,2.4200000762939453,2.5799999237060547,2.4100000858306885,2.450000047683716,68900,0.0,0.0
2024-04-11 00:00:00-04:00,2.440000057220459,2.490000009536743,2.430000066757202,2.430000066757202,20300,0.0,0.0
2024-04-12 00:00:00-04:00,2.430000066757202,2.4600000381469727,2.3399999141693115,2.359999895095825,28100,0.0,0.0
2024-04-15 00:00:00-04:00,2.490000009536743,2.5,2.4000000953674316,2.450000047683716,99500,0.0,0.0
2024-04-16 00:00:00-04:00,2.430000066757202,2.440000057220459,2.369999885559082,2.369999885559082,13300,0.0,0.0
2024-04-17 00:00:00-04:00,2.369999885559082,2.4000000953674316,2.3399999141693115,2.359999895095825,10200,0.0,0.0
2024-04-18 00:00:00-04:00,2.4800000190734863,2.5899999141693115,2.4600000381469727,2.5899999141693115,25500,0.0,0.0
2024-04-19 00:00:00-04:00,2.5399999618530273,2.569999933242798,2.450000047683716,2.5299999713897705,9600,0.0,0.0
2024-04-22 00:00:00-04:00,2.5,2.5399999618530273,2.4709999561309814,2.5299999713897705,30100,0.0,0.0
2024-04-23 00:00:00-04:00,2.549999952316284,2.619999885559082,2.5199999809265137,2.5999999046325684,27300,0.0,0.0
2024-04-24 00:00:00-04:00,2.559999942779541,2.7799999713897705,2.559999942779541,2.6700000762939453,27300,0.0,0.0
2024-04-25 00:00:00-04:00,2.690000057220459,2.690000057220459,2.630000114440918,2.640000104904175,12400,0.0,0.0
2024-04-26 00:00:00-04:00,2.609999895095825,2.700000047683716,2.609999895095825,2.6600000858306885,11900,0.0,0.0
2024-04-29 00:00:00-04:00,2.680000066757202,2.680000066757202,2.609999895095825,2.619999885559082,13800,0.0,0.0
2024-04-30 00:00:00-04:00,2.6500000953674316,3.0299999713897705,2.619999885559082,2.9200000762939453,230800,0.0,0.0
2024-05-01 00:00:00-04:00,3.119999885559082,3.130000114440918,2.8399999141693115,2.9600000381469727,250100,0.0,0.0
2024-05-02 00:00:00-04:00,3.0,3.0999999046325684,2.990000009536743,3.0799999237060547,89300,0.0,0.0
2024-05-03 00:00:00-04:00,3.119999885559082,3.1500000953674316,3.0,3.119999885559082,82000,0.0,0.0
2024-05-06 00:00:00-04:00,3.3499999046325684,3.7200000286102295,3.319999933242798,3.619999885559082,163300,0.0,0.0
2024-05-07 00:00:00-04:00,3.4600000381469727,3.4600000381469727,2.890000104904175,3.2200000286102295,138600,0.0,0.0
2024-05-08 00:00:00-04:00,3.25,3.3989999294281006,3.180000066757202,3.319999933242798,47600,0.0,0.0
2024-05-09 00:00:00-04:00,3.2799999713897705,3.3399999141693115,3.180000066757202,3.2899999618530273,43500,0.0,0.0
2024-05-10 00:00:00-04:00,3.3299999237060547,3.3450000286102295,3.0999999046325684,3.190000057220459,48500,0.0,0.0
2024-05-13 00:00:00-04:00,3.2200000286102295,3.246999979019165,3.0899999141693115,3.0899999141693115,22800,0.0,0.0
2024-05-14 00:00:00-04:00,3.140000104904175,3.259999990463257,3.119999885559082,3.244999885559082,32600,0.0,0.0
2024-05-15 00:00:00-04:00,3.1700000762939453,3.2799999713897705,3.059999942779541,3.2799999713897705,110400,0.0,0.0
2024-05-16 00:00:00-04:00,3.0799999237060547,3.1600000858306885,3.0,3.1449999809265137,70500,0.0,0.0
2024-05-17 00:00:00-04:00,3.0399999618530273,3.2899999618530273,3.0399999618530273,3.2899999618530273,201700,0.0,0.0
2024-05-20 00:00:00-04:00,3.359999895095825,3.390000104904175,3.309999942779541,3.380000114440918,38800,0.0,0.0
2024-05-21 00:00:00-04:00,3.299999952316284,3.3499999046325684,3.259999990463257,3.299999952316284,19600,0.0,0.0
2024-05-22 00:00:00-04:00,3.119999885559082,3.200000047683716,3.0799999237060547,3.0999999046325684,34600,0.0,0.0
2024-05-23 00:00:00-04:00,3.1500000953674316,3.180000066757202,3.055999994277954,3.125,36600,0.0,0.0
2024-05-24 00:00:00-04:00,3.1500000953674316,3.25,3.0899999141693115,3.1700000762939453,15000,0.0,0.0
2024-05-28 00:00:00-04:00,3.2899999618530273,3.319999933242798,3.2300000190734863,3.2799999713897705,37100,0.0,0.0
2024-05-29 00:00:00-04:00,3.1600000858306885,3.1600000858306885,3.0899999141693115,3.130000114440918,31700,0.0,0.0
2024-05-30 00:00:00-04:00,3.069999933242798,3.2799999713897705,2.940000057220459,2.940000057220459,60500,0.0,0.0
2024-05-31 00:00:00-04:00,2.940000057220459,3.0399999618530273,2.890000104904175,2.950000047683716,63500,0.0,0.0
2024-06-03 00:00:00-04:00,2.9200000762939453,3.002000093460083,2.880000114440918,2.9100000858306885,34500,0.0,0.0
2024-06-04 00:00:00-04:00,2.8399999141693115,2.880000114440918,2.630000114440918,2.799999952316284,65200,0.0,0.0
2024-06-05 00:00:00-04:00,2.640000104904175,2.6700000762939453,2.549999952316284,2.549999952316284,81900,0.0,0.0
2024-06-06 00:00:00-04:00,2.4800000190734863,2.4860000610351562,2.4000000953674316,2.4600000381469727,41900,0.0,0.0
2024-06-07 00:00:00-04:00,2.440000057220459,2.5480000972747803,2.3910000324249268,2.430000066757202,34200,0.0,0.0
2024-06-10 00:00:00-04:00,2.390000104904175,2.444000005722046,2.3510000705718994,2.4000000953674316,38200,0.0,0.0
2024-06-11 00:00:00-04:00,2.359999895095825,2.440000057220459,2.359999895095825,2.390000104904175,6600,0.0,0.0
2024-06-12 00:00:00-04:00,2.390000104904175,2.450000047683716,2.359999895095825,2.440000057220459,16100,0.0,0.0
2024-06-13 00:00:00-04:00,2.4100000858306885,2.4100000858306885,2.259999990463257,2.2899999618530273,39200,0.0,0.0
2024-06-14 00:00:00-04:00,2.3299999237060547,2.490000009536743,2.319999933242798,2.359999895095825,35400,0.0,0.0
2024-06-17 00:00:00-04:00,2.3499999046325684,2.4100000858306885,2.299999952316284,2.380000114440918,24800,0.0,0.0
2024-06-18 00:00:00-04:00,2.309999942779541,2.3299999237060547,2.25,2.2899999618530273,32100,0.0,0.0
2024-06-20 00:00:00-04:00,2.180000066757202,2.2300000190734863,2.059999942779541,2.1500000953674316,106900,0.0,0.0
2024-06-21 00:00:00-04:00,2.130000114440918,2.138000011444092,2.071000099182129,2.130000114440918,15400,0.0,0.0
2024-06-24 00:00:00-04:00,2.0399999618530273,2.240000009536743,2.0299999713897705,2.069999933242798,104100,0.0,0.0
2024-06-25 00:00:00-04:00,2.0799999237060547,2.240000009536743,2.0799999237060547,2.180000066757202,36300,0.0,0.0
2024-06-26 00:00:00-04:00,2.130000114440918,2.25,2.130000114440918,2.190000057220459,13500,0.0,0.0
2024-06-27 00:00:00-04:00,2.140000104904175,2.140000104904175,1.940000057220459,1.9700000286102295,44800,0.0,0.0
2024-06-28 00:00:00-04:00,2.069999933242798,2.1500000953674316,2.009999990463257,2.009999990463257,36400,0.0,0.0
2024-07-01 00:00:00-04:00,2.140000104904175,2.1600000858306885,2.009999990463257,2.0299999713897705,70600,0.0,0.0
2024-07-02 00:00:00-04:00,2.0399999618530273,2.119999885559082,2.009999990463257,2.049999952316284,40300,0.0,0.0
2024-07-03 00:00:00-04:00,2.049999952316284,2.119999885559082,2.049999952316284,2.119999885559082,12300,0.0,0.0
2024-07-05 00:00:00-04:00,2.2200000286102295,2.309999942779541,2.2200000286102295,2.299999952316284,56200,0.0,0.0
2024-07-08 00:00:00-04:00,2.3399999141693115,2.380000114440918,2.259999990463257,2.319999933242798,29800,0.0,0.0
2024-07-09 00:00:00-04:00,2.299999952316284,2.3469998836517334,2.2200000286102295,2.2799999713897705,16500,0.0,0.0
2024-07-10 00:00:00-04:00,2.3299999237060547,2.3399999141693115,2.2799999713897705,2.319999933242798,11800,0.0,0.0
2024-07-11 00:00:00-04:00,2.4100000858306885,2.490000009536743,2.3499999046325684,2.390000104904175,41000,0.0,0.0
2024-07-12 00:00:00-04:00,2.4000000953674316,2.4800000190734863,2.3499999046325684,2.4800000190734863,31700,0.0,0.0
2024-07-15 00:00:00-04:00,2.450000047683716,2.450000047683716,2.369999885559082,2.390000104904175,10600,0.0,0.0
2024-07-16 00:00:00-04:00,2.430000066757202,2.441999912261963,2.4000000953674316,2.4200000762939453,25600,0.0,0.0
2024-07-17 00:00:00-04:00,2.390000104904175,2.490000009536743,2.390000104904175,2.440000057220459,18600,0.0,0.0
2024-07-18 00:00:00-04:00,2.430000066757202,2.4700000286102295,2.2799999713897705,2.2799999713897705,33400,0.0,0.0
2024-07-19 00:00:00-04:00,2.3299999237060547,2.3299999237060547,2.259999990463257,2.299999952316284,21100,0.0,0.0
2024-07-22 00:00:00-04:00,2.440000057220459,2.5199999809265137,2.440000057220459,2.4600000381469727,21900,0.0,0.0
2024-07-23 00:00:00-04:00,2.5999999046325684,2.619999885559082,2.5,2.619999885559082,26000,0.0,0.0
2024-07-24 00:00:00-04:00,2.5299999713897705,2.5299999713897705,2.3499999046325684,2.3499999046325684,25300,0.0,0.0
2024-07-25 00:00:00-04:00,2.4230000972747803,2.440000057220459,2.380000114440918,2.4100000858306885,5500,0.0,0.0
2024-07-26 00:00:00-04:00,2.4200000762939453,2.430000066757202,2.3499999046325684,2.4100000858306885,8100,0.0,0.0
2024-07-29 00:00:00-04:00,2.2699999809265137,2.299999952316284,2.240000009536743,2.240000009536743,12100,0.0,0.0
2024-07-30 00:00:00-04:00,2.2100000381469727,2.2200000286102295,2.1579999923706055,2.1700000762939453,19300,0.0,0.0
2024-07-31 00:00:00-04:00,2.180000066757202,2.25,2.180000066757202,2.190000057220459,8900,0.0,0.0
2024-08-01 00:00:00-04:00,2.130000114440918,2.1500000953674316,2.069999933242798,2.119999885559082,15600,0.0,0.0
2024-08-02 00:00:00-04:00,2.130000114440918,2.1700000762939453,2.069999933242798,2.0899999141693115,9600,0.0,0.0
2024-08-05 00:00:00-04:00,1.8799999952316284,1.899999976158142,1.8200000524520874,1.8200000524520874,35300,0.0,0.0
2024-08-06 00:00:00-04:00,1.850000023841858,1.9800000190734863,1.850000023841858,1.9600000381469727,10100,0.0,0.0
2024-08-07 00:00:00-04:00,2.0199999809265137,2.059999942779541,2.009999990463257,2.0299999713897705,14900,0.0,0.0
2024-08-08 00:00:00-04:00,2.059999942779541,2.0999999046325684,2.010999917984009,2.0999999046325684,8000,0.0,0.0
2024-08-09 00:00:00-04:00,2.069999933242798,2.0869998931884766,2.049999952316284,2.059999942779541,5700,0.0,0.0
2024-08-12 00:00:00-04:00,1.9700000286102295,2.049999952316284,1.940000057220459,1.9500000476837158,13500,0.0,0.0
2024-08-13 00:00:00-04:00,1.9600000381469727,1.9950000047683716,1.9299999475479126,1.9500000476837158,31500,0.0,0.0
2024-08-14 00:00:00-04:00,1.9199999570846558,2.0,1.909999966621399,1.909999966621399,20600,0.0,0.0
2024-08-15 00:00:00-04:00,1.9600000381469727,2.065999984741211,1.8799999952316284,1.8799999952316284,59600,0.0,0.0
2024-08-16 00:00:00-04:00,1.899999976158142,1.9900000095367432,1.7100000381469727,1.7100000381469727,243500,0.0,0.0
2024-08-19 00:00:00-04:00,1.899999976158142,2.0,1.899999976158142,1.9900000095367432,61800,0.0,0.0
2024-08-20 00:00:00-04:00,1.9900000095367432,1.9900000095367432,1.899999976158142,1.9299999475479126,28800,0.0,0.0
2024-08-21 00:00:00-04:00,1.909999966621399,1.9420000314712524,1.899999976158142,1.9149999618530273,6800,0.0,0.0
2024-08-22 00:00:00-04:00,1.9700000286102295,2.0799999237060547,1.9700000286102295,2.0399999618530273,32200,0.0,0.0
2024-08-23 00:00:00-04:00,2.049999952316284,2.140000104904175,2.049999952316284,2.109999895095825,18400,0.0,0.0
2024-08-26 00:00:00-04:00,2.109999895095825,2.130000114440918,2.0899999141693115,2.119999885559082,6200,0.0,0.0
2024-08-27 00:00:00-04:00,2.119999885559082,2.180000066757202,2.0899999141693115,2.130000114440918,20000,0.0,0.0
2024-08-28 00:00:00-04:00,2.200000047683716,2.2699999809265137,2.119999885559082,2.259999990463257,60600,0.0,0.0
2024-08-29 00:00:00-04:00,2.25,2.299999952316284,2.2100000381469727,2.2300000190734863,21400,0.0,0.0
2024-08-30 00:00:00-04:00,2.299999952316284,2.299999952316284,2.2300000190734863,2.2699999809265137,26600,0.0,0.0
2024-09-03 00:00:00-04:00,2.1500000953674316,2.1600000858306885,2.069999933242798,2.0999999046325684,28700,0.0,0.0
2024-09-04 00:00:00-04:00,2.0299999713897705,2.0299999713897705,2.003999948501587,2.009999990463257,14600,0.0,0.0
2024-09-05 00:00:00-04:00,2.0,2.059000015258789,1.9900000095367432,2.049999952316284,8500,0.0,0.0
2024-09-06 00:00:00-04:00,2.059999942779541,2.059999942779541,1.9900000095367432,2.0399999618530273,14200,0.0,0.0
2024-09-09 00:00:00-04:00,2.0199999809265137,2.0199999809265137,1.9839999675750732,2.0199999809265137,4600,0.0,0.0
2024-09-10 00:00:00-04:00,2.0199999809265137,2.069999933242798,2.0,2.009999990463257,15700,0.0,0.0
2024-09-11 00:00:00-04:00,2.009999990463257,2.009999990463257,1.9600000381469727,1.9700000286102295,19900,0.0,0.0
2024-09-12 00:00:00-04:00,1.9800000190734863,1.9889999628067017,1.9270000457763672,1.9700000286102295,18200,0.0,0.0
2024-09-13 00:00:00-04:00,1.9199999570846558,1.9800000190734863,1.9199999570846558,1.9800000190734863,16200,0.0,0.0
2024-09-16 00:00:00-04:00,1.9199999570846558,1.9579999446868896,1.8700000047683716,1.909999966621399,24400,0.0,0.0
2024-09-17 00:00:00-04:00,1.8899999856948853,1.909999966621399,1.840000033378601,1.840000033378601,8200,0.0,0.0
2024-09-18 00:00:00-04:00,1.840000033378601,1.8969999551773071,1.840000033378601,1.8600000143051147,12300,0.0,0.0
2024-09-19 00:00:00-04:00,1.8899999856948853,1.8899999856948853,1.8300000429153442,1.8600000143051147,17800,0.0,0.0
2024-09-20 00:00:00-04:00,1.8300000429153442,1.8899999856948853,1.7799999713897705,1.8899999856948853,46200,0.0,0.0
2024-09-23 00:00:00-04:00,1.840000033378601,1.840000033378601,1.7599999904632568,1.7599999904632568,47200,0.0,0.0
2024-09-24 00:00:00-04:00,1.809999942779541,1.875,1.809999942779541,1.875,29500,0.0,0.0
2024-09-25 00:00:00-04:00,1.9199999570846558,1.9199999570846558,1.840000033378601,1.8700000047683716,59000,0.0,0.0
2024-09-26 00:00:00-04:00,1.9299999475479126,1.934999942779541,1.809999942779541,1.8300000429153442,48300,0.0,0.0
2024-09-27 00:00:00-04:00,1.8700000047683716,1.909999966621399,1.8480000495910645,1.899999976158142,9200,0.0,0.0
2024-09-30 00:00:00-04:00,1.9299999475479126,2.009999990463257,1.8899999856948853,2.009999990463257,50800,0.0,0.0
2024-10-01 00:00:00-04:00,1.9500000476837158,1.9500000476837158,1.850000023841858,1.850000023841858,20400,0.0,0.0
2024-10-02 00:00:00-04:00,1.8200000524520874,1.850000023841858,1.8200000524520874,1.8200000524520874,4000,0.0,0.0
2024-10-03 00:00:00-04:00,1.809999942779541,1.8899999856948853,1.809999942779541,1.8700000047683716,12300,0.0,0.0
2024-10-04 00:00:00-04:00,1.8600000143051147,1.8799999952316284,1.809999942779541,1.8700000047683716,9800,0.0,0.0
2024-10-07 00:00:00-04:00,1.8200000524520874,1.8700000047683716,1.8200000524520874,1.8600000143051147,9600,0.0,0.0
2024-10-08 00:00:00-04:00,1.8300000429153442,1.850000023841858,1.7899999618530273,1.7999999523162842,14900,0.0,0.0
2024-10-09 00:00:00-04:00,1.809999942779541,1.8200000524520874,1.7699999809265137,1.7999999523162842,3500,0.0,0.0
2024-10-10 00:00:00-04:00,1.7799999713897705,1.7799999713897705,1.7699999809265137,1.7699999809265137,7000,0.0,0.0
2024-10-11 00:00:00-04:00,1.7999999523162842,1.8700000047683716,1.7699999809265137,1.8300000429153442,19500,0.0,0.0
2024-10-14 00:00:00-04:00,1.7000000476837158,1.7799999713897705,1.690000057220459,1.7100000381469727,44600,0.0,0.0
2024-10-15 00:00:00-04:00,1.690000057220459,1.8200000524520874,1.690000057220459,1.815000057220459,52600,0.0,0.0
2024-10-16 00:00:00-04:00,1.7999999523162842,1.8200000524520874,1.7400000095367432,1.7640000581741333,32300,0.0,0.0
2024-10-17 00:00:00-04:00,1.7619999647140503,1.7699999809265137,1.6200000047683716,1.7699999809265137,14000,0.0,0.0
2024-10-18 00:00:00-04:00,1.7000000476837158,1.7799999713897705,1.7000000476837158,1.75,14100,0.0,0.0
2024-10-21 00:00:00-04:00,1.75,1.7799999713897705,1.7300000190734863,1.7300000190734863,18200,0.0,0.0
2024-10-22 00:00:00-04:00,1.7100000381469727,1.7699999809265137,1.6200000047683716,1.7599999904632568,18700,0.0,0.0
2024-10-23 00:00:00-04:00,1.7899999618530273,1.7999999523162842,1.75600004196167,1.7669999599456787,3700,0.0,0.0
2024-10-24 00:00:00-04:00,1.75,1.8200000524520874,1.7100000381469727,1.7999999523162842,11500,0.0,0.0
2024-10-25 00:00:00-04:00,1.7999999523162842,1.7999999523162842,1.7000000476837158,1.7000000476837158,30900,0.0,0.0
2024-10-28 00:00:00-04:00,1.7400000095367432,1.7799999713897705,1.7100000381469727,1.7300000190734863,30500,0.0,0.0
2024-10-29 00:00:00-04:00,1.7599999904632568,1.7999999523162842,1.7400000095367432,1.7400000095367432,22500,0.0,0.0
2024-10-30 00:00:00-04:00,1.7300000190734863,1.7899999618530273,1.7000000476837158,1.7419999837875366,30400,0.0,0.0
2024-10-31 00:00:00-04:00,1.7300000190734863,1.7699999809265137,1.7000000476837158,1.7200000286102295,7200,0.0,0.0
2024-11-01 00:00:00-04:00,1.75,1.7640000581741333,1.7300000190734863,1.7450000047683716,15200,0.0,0.0
2024-11-04 00:00:00-05:00,1.7400000095367432,1.7799999713897705,1.7200000286102295,1.7350000143051147,43200,0.0,0.0
2024-11-05 00:00:00-05:00,1.7300000190734863,1.7300000190734863,1.6799999475479126,1.6950000524520874,15800,0.0,0.0
2024-11-06 00:00:00-05:00,1.6299999952316284,1.6699999570846558,1.5800000429153442,1.6699999570846558,70000,0.0,0.0
2024-11-07 00:00:00-05:00,1.5700000524520874,1.593000054359436,1.5399999618530273,1.5399999618530273,35900,0.0,0.0
2024-11-08 00:00:00-05:00,1.5399999618530273,1.5800000429153442,1.440000057220459,1.5369999408721924,47700,0.0,0.0
2024-11-11 00:00:00-05:00,1.440000057220459,1.4500000476837158,1.3899999856948853,1.440000057220459,49000,0.0,0.0
2024-11-12 00:00:00-05:00,1.399999976158142,1.4500000476837158,1.3300000429153442,1.3450000286102295,99900,0.0,0.0
2024-11-13 00:00:00-05:00,1.3799999952316284,1.3949999809265137,1.2799999713897705,1.309999942779541,90300,0.0,0.0
2024-11-14 00:00:00-05:00,1.340000033378601,1.340000033378601,1.2430000305175781,1.2430000305175781,90300,0.0,0.0
2024-11-15 00:00:00-05:00,1.309999942779541,1.309999942779541,1.1699999570846558,1.1699999570846558,143000,0.0,0.0
2024-11-18 00:00:00-05:00,1.2999999523162842,1.5399999618530273,1.2899999618530273,1.440000057220459,188000,0.0,0.0
2024-11-19 00:00:00-05:00,1.4199999570846558,1.4299999475479126,1.3600000143051147,1.3799999952316284,27500,0.0,0.0
2024-11-20 00:00:00-05:00,1.3600000143051147,1.402999997138977,1.3200000524520874,1.3339999914169312,34500,0.0,0.0
2024-11-21 00:00:00-05:00,1.3799999952316284,1.3799999952316284,1.2899999618530273,1.340000033378601,22600,0.0,0.0
2024-11-22 00:00:00-05:00,1.3600000143051147,1.3700000047683716,1.3179999589920044,1.350000023841858,11200,0.0,0.0
2024-11-25 00:00:00-05:00,1.3899999856948853,1.4299999475479126,1.3799999952316284,1.4199999570846558,33700,0.0,0.0
2024-11-26 00:00:00-05:00,1.350000023841858,1.440000057220459,1.340000033378601,1.440000057220459,18300,0.0,0.0
2024-11-27 00:00:00-05:00,1.3600000143051147,1.399999976158142,1.340000033378601,1.350000023841858,56500,0.0,0.0
2024-11-29 00:00:00-05:00,1.3700000047683716,1.3700000047683716,1.3300000429153442,1.3300000429153442,12500,0.0,0.0
2024-12-02 00:00:00-05:00,1.2999999523162842,1.3300000429153442,1.2999999523162842,1.309999942779541,24600,0.0,0.0
2024-12-03 00:00:00-05:00,1.340000033378601,1.3799999952316284,1.340000033378601,1.3700000047683716,13000,0.0,0.0
2024-12-04 00:00:00-05:00,1.4299999475479126,1.4800000190734863,1.4199999570846558,1.4800000190734863,35200,0.0,0.0
2024-12-05 00:00:00-05:00,1.4500000476837158,1.4600000381469727,1.3799999952316284,1.399999976158142,17100,0.0,0.0
2024-12-06 00:00:00-05:00,1.399999976158142,1.4299999475479126,1.3799999952316284,1.4199999570846558,10100,0.0,0.0
2024-12-09 00:00:00-05:00,1.4500000476837158,1.4600000381469727,1.409999966621399,1.440000057220459,19400,0.0,0.0
2024-12-10 00:00:00-05:00,1.4199999570846558,1.4299999475479126,1.3600000143051147,1.3899999856948853,22500,0.0,0.0
2024-12-11 00:00:00-05:00,1.3799999952316284,1.3799999952316284,1.3200000524520874,1.3600000143051147,39900,0.0,0.0
2024-12-12 00:00:00-05:00,1.3300000429153442,1.3569999933242798,1.309999942779541,1.3380000591278076,14900,0.0,0.0
2024-12-13 00:00:00-05:00,1.3200000524520874,1.3300000429153442,1.2999999523162842,1.3170000314712524,28400,0.0,0.0
2024-12-16 00:00:00-05:00,1.3700000047683716,1.4600000381469727,1.3600000143051147,1.4299999475479126,105300,0.0,0.0
2024-12-17 00:00:00-05:00,1.440000057220459,1.4700000286102295,1.409999966621399,1.4299999475479126,50900,0.0,0.0
2024-12-18 00:00:00-05:00,1.4600000381469727,1.4600000381469727,1.409999966621399,1.4149999618530273,14400,0.0,0.0
2024-12-19 00:00:00-05:00,1.3700000047683716,1.4299999475479126,1.340000033378601,1.340000033378601,4500,0.0,0.0
2024-12-20 00:00:00-05:00,1.5499999523162842,1.6200000047683716,1.440000057220459,1.4900000095367432,294700,0.0,0.0
2024-12-23 00:00:00-05:00,1.6799999475479126,1.7899999618530273,1.6399999856948853,1.7899999618530273,230300,0.0,0.0
2024-12-24 00:00:00-05:00,1.7599999904632568,1.7699999809265137,1.684999942779541,1.7000000476837158,46100,0.0,0.0
2024-12-26 00:00:00-05:00,1.659999966621399,1.7400000095367432,1.6200000047683716,1.6799999475479126,54800,0.0,0.0
2024-12-27 00:00:00-05:00,1.690000057220459,1.690000057220459,1.5920000076293945,1.6260000467300415,16800,0.0,0.0
2024-12-30 00:00:00-05:00,1.5800000429153442,1.5800000429153442,1.5360000133514404,1.5700000524520874,29800,0.0,0.0
2024-12-31 00:00:00-05:00,1.600000023841858,1.6200000047683716,1.5800000429153442,1.590000033378601,4700,0.0,0.0
2025-01-02 00:00:00-05:00,1.6100000143051147,1.6200000047683716,1.565999984741211,1.5800000429153442,14800,0.0,0.0
2025-01-03 00:00:00-05:00,1.659999966621399,1.7899999618530273,1.6160000562667847,1.656000018119812,22800,0.0,0.0
2025-01-06 00:00:00-05:00,1.6699999570846558,1.718999981880188,1.6299999952316284,1.6699999570846558,30200,0.0,0.0
2025-01-07 00:00:00-05:00,1.690000057220459,1.690000057220459,1.6239999532699585,1.6239999532699585,4000,0.0,0.0
2025-01-08 00:00:00-05:00,1.6100000143051147,1.6799999475479126,1.6100000143051147,1.6269999742507935,22100,0.0,0.0
2025-01-10 00:00:00-05:00,1.6799999475479126,1.753000020980835,1.6619999408721924,1.6749999523162842,20600,0.0,0.0
2025-01-13 00:00:00-05:00,1.649999976158142,1.659999966621399,1.628000020980835,1.6299999952316284,7200,0.0,0.0
2025-01-14 00:00:00-05:00,1.649999976158142,1.690000057220459,1.649999976158142,1.690000057220459,25800,0.0,0.0
2025-01-15 00:00:00-05:00,1.7000000476837158,1.75,1.6799999475479126,1.7100000381469727,20200,0.0,0.0
2025-01-16 00:00:00-05:00,1.7200000286102295,1.75,1.7200000286102295,1.7450000047683716,8600,0.0,0.0
2025-01-17 00:00:00-05:00,1.7599999904632568,1.7599999904632568,1.6950000524520874,1.7000000476837158,5300,0.0,0.0
2025-01-21 00:00:00-05:00,1.7000000476837158,1.7450000047683716,1.7000000476837158,1.725000023841858,16700,0.0,0.0
2025-01-22 00:00:00-05:00,1.7300000190734863,1.75,1.7009999752044678,1.7200000286102295,8300,0.0,0.0
2025-01-23 00:00:00-05:00,1.7200000286102295,1.7259999513626099,1.7100000381469727,1.7259999513626099,2400,0.0,0.0
2025-01-24 00:00:00-05:00,1.7300000190734863,1.7400000095367432,1.7300000190734863,1.7400000095367432,3600,0.0,0.0
2025-01-27 00:00:00-05:00,1.690000057220459,1.7350000143051147,1.690000057220459,1.7000000476837158,9400,0.0,0.0
2025-01-28 00:00:00-05:00,1.6699999570846558,1.7000000476837158,1.649999976158142,1.690000057220459,8100,0.0,0.0
2025-01-29 00:00:00-05:00,1.6699999570846558,1.75,1.6699999570846558,1.6799999475479126,25800,0.0,0.0
2025-01-30 00:00:00-05:00,1.649999976158142,1.6699999570846558,1.6490000486373901,1.6699999570846558,4200,0.0,0.0
2025-01-31 00:00:00-05:00,1.6100000143051147,1.6799999475479126,1.6009999513626099,1.6299999952316284,5700,0.0,0.0
2025-02-03 00:00:00-05:00,1.600000023841858,1.6030000448226929,1.562999963760376,1.600000023841858,9700,0.0,0.0
2025-02-04 00:00:00-05:00,1.6100000143051147,1.6699999570846558,1.600000023841858,1.6100000143051147,16900,0.0,0.0
2025-02-05 00:00:00-05:00,1.7200000286102295,1.7799999713897705,1.690999984741211,1.7300000190734863,75000,0.0,0.0
2025-02-06 00:00:00-05:00,1.7100000381469727,1.7699999809265137,1.7100000381469727,1.75,14400,0.0,0.0
2025-02-07 00:00:00-05:00,1.7300000190734863,1.75,1.7000000476837158,1.7100000381469727,7200,0.0,0.0
2025-02-10 00:00:00-05:00,1.7000000476837158,1.75,1.7000000476837158,1.7029999494552612,5600,0.0,0.0
2025-02-11 00:00:00-05:00,1.6699999570846558,1.7100000381469727,1.6299999952316284,1.6699999570846558,12700,0.0,0.0
2025-02-12 00:00:00-05:00,1.6299999952316284,1.6699999570846558,1.6100000143051147,1.649999976158142,55700,0.0,0.0
2025-02-13 00:00:00-05:00,1.6200000047683716,1.6299999952316284,1.5800000429153442,1.6100000143051147,47600,0.0,0.0
2025-02-14 00:00:00-05:00,1.590000033378601,1.6299999952316284,1.590000033378601,1.6200000047683716,27100,0.0,0.0
2025-02-18 00:00:00-05:00,1.6399999856948853,1.659999966621399,1.6200000047683716,1.6200000047683716,24700,0.0,0.0
2025-02-19 00:00:00-05:00,1.6200000047683716,1.6299999952316284,1.6109999418258667,1.6109999418258667,24000,0.0,0.0
2025-02-20 00:00:00-05:00,1.7200000286102295,1.7300000190734863,1.6299999952316284,1.6419999599456787,168600,0.0,0.0
2025-02-21 00:00:00-05:00,1.6399999856948853,1.6699999570846558,1.6100000143051147,1.6399999856948853,46100,0.0,0.0
2025-02-24 00:00:00-05:00,1.6699999570846558,1.690000057220459,1.6399999856948853,1.659999966621399,17100,0.0,0.0
2025-02-25 00:00:00-05:00,1.6799999475479126,1.6799999475479126,1.590000033378601,1.6299999952316284,28500,0.0,0.0
2025-02-26 00:00:00-05:00,1.6299999952316284,1.6299999952316284,1.590999960899353,1.600000023841858,9100,0.0,0.0
2025-02-27 00:00:00-05:00,1.590000033378601,1.590000033378601,1.5700000524520874,1.5800000429153442,9400,0.0,0.0
2025-02-28 00:00:00-05:00,1.5700000524520874,1.5800000429153442,1.555999994277954,1.555999994277954,5300,0.0,0.0
2025-03-03 00:00:00-05:00,1.6399999856948853,1.6990000009536743,1.6200000047683716,1.6200000047683716,29700,0.0,0.0
2025-03-04 00:00:00-05:00,1.5800000429153442,1.6239999532699585,1.5700000524520874,1.5700000524520874,18600,0.0,0.0
2025-03-05 00:00:00-05:00,1.659999966621399,1.6699999570846558,1.6200000047683716,1.6299999952316284,62200,0.0,0.0
2025-03-06 00:00:00-05:00,1.6200000047683716,1.6299999952316284,1.590000033378601,1.590000033378601,25700,0.0,0.0
2025-03-07 00:00:00-05:00,1.559999942779541,1.6510000228881836,1.559999942779541,1.6100000143051147,8000,0.0,0.0
2025-03-10 00:00:00-04:00,1.600000023841858,1.6200000047683716,1.562999963760376,1.590000033378601,5500,0.0,0.0
2025-03-11 00:00:00-04:00,1.5399999618530273,1.5800000429153442,1.5399999618530273,1.559999942779541,8900,0.0,0.0
2025-03-12 00:00:00-04:00,1.600000023841858,1.6200000047683716,1.5499999523162842,1.5789999961853027,20100,0.0,0.0
2025-03-13 00:00:00-04:00,1.590000033378601,1.621000051498413,1.5800000429153442,1.5800000429153442,11200,0.0,0.0
2025-03-14 00:00:00-04:00,1.590000033378601,1.6200000047683716,1.5700000524520874,1.6200000047683716,4600,0.0,0.0
2025-03-17 00:00:00-04:00,1.590000033378601,1.6200000047683716,1.5700000524520874,1.600000023841858,12700,0.0,0.0
2025-03-18 00:00:00-04:00,1.5800000429153442,1.600000023841858,1.5420000553131104,1.5420000553131104,5900,0.0,0.0
2025-03-19 00:00:00-04:00,1.5499999523162842,1.590000033378601,1.5499999523162842,1.5520000457763672,2100,0.0,0.0
2025-03-20 00:00:00-04:00,1.5299999713897705,1.5299999713897705,1.4900000095367432,1.4900000095367432,19200,0.0,0.0
2025-03-21 00:00:00-04:00,1.4900000095367432,1.559999942779541,1.4800000190734863,1.4900000095367432,4000,0.0,0.0
2025-03-24 00:00:00-04:00,1.4299999475479126,1.4800000190734863,1.4299999475479126,1.440000057220459,37200,0.0,0.0
2025-03-25 00:00:00-04:00,1.4199999570846558,1.4589999914169312,1.4199999570846558,1.4299999475479126,19200,0.0,0.0
2025-03-26 00:00:00-04:00,1.4299999475479126,1.4789999723434448,1.399999976158142,1.4199999570846558,3400,0.0,0.0
2025-03-27 00:00:00-04:00,1.399999976158142,1.4500000476837158,1.3700000047683716,1.4299999475479126,15900,0.0,0.0
2025-03-28 00:00:00-04:00,1.4900000095367432,1.4900000095367432,1.409999966621399,1.409999966621399,3700,0.0,0.0
2025-03-31 00:00:00-04:00,1.3899999856948853,1.4299999475479126,1.3680000305175781,1.399999976158142,6700,0.0,0.0
2025-04-01 00:00:00-04:00,1.3799999952316284,1.409000039100647,1.3630000352859497,1.3700000047683716,3100,0.0,0.0
2025-04-02 00:00:00-04:00,1.3799999952316284,1.4040000438690186,1.3700000047683716,1.375,8000,0.0,0.0
2025-04-03 00:00:00-04:00,1.3539999723434448,1.399999976158142,1.3300000429153442,1.340000033378601,16700,0.0,0.0
2025-04-04 00:00:00-04:00,1.3200000524520874,1.3730000257492065,1.2799999713897705,1.2799999713897705,33800,0.0,0.0
2025-04-07 00:00:00-04:00,1.2999999523162842,1.4299999475479126,1.2699999809265137,1.309999942779541,18700,0.0,0.0
2025-04-08 00:00:00-04:00,1.3300000429153442,1.350000023841858,1.2799999713897705,1.319000005722046,44800,0.0,0.0
2025-04-09 00:00:00-04:00,1.25,1.2899999618530273,1.2269999980926514,1.2599999904632568,69400,0.0,0.0
2025-04-10 00:00:00-04:00,1.253999948501587,1.3049999475479126,1.2200000286102295,1.2200000286102295,21300,0.0,0.0
2025-04-11 00:00:00-04:00,1.25,1.2949999570846558,1.2200000286102295,1.2359999418258667,13800,0.0,0.0
2025-04-14 00:00:00-04:00,1.2699999809265137,1.2899999618530273,1.2599999904632568,1.2799999713897705,34500,0.0,0.0
2025-04-15 00:00:00-04:00,1.2899999618530273,1.3250000476837158,1.2899999618530273,1.3250000476837158,4400,0.0,0.0
2025-04-16 00:00:00-04:00,1.3300000429153442,1.3700000047683716,1.309999942779541,1.3700000047683716,8200,0.0,0.0
2025-04-17 00:00:00-04:00,1.350000023841858,1.375,1.350000023841858,1.375,2200,0.0,0.0
2025-04-21 00:00:00-04:00,1.340000033378601,1.3799999952316284,1.3300000429153442,1.350000023841858,5100,0.0,0.0
2025-04-22 00:00:00-04:00,1.350000023841858,1.3899999856948853,1.340000033378601,1.3799999952316284,1400,0.0,0.0
2025-04-23 00:00:00-04:00,1.4359999895095825,1.4900000095367432,1.4359999895095825,1.4600000381469727,4800,0.0,0.0
2025-04-24 00:00:00-04:00,1.4900000095367432,1.4900000095367432,1.3200000524520874,1.371999979019165,89600,0.0,0.0
2025-04-25 00:00:00-04:00,1.465999960899353,1.4900000095367432,1.3899999856948853,1.4800000190734863,17000,0.0,0.0
2025-04-28 00:00:00-04:00,1.5299999713897705,1.5499999523162842,1.4900000095367432,1.5399999618530273,9000,0.0,0.0
2025-04-29 00:00:00-04:00,1.5399999618530273,1.5579999685287476,1.5199999809265137,1.5199999809265137,6500,0.0,0.0
2025-04-30 00:00:00-04:00,1.4950000047683716,1.5759999752044678,1.4700000286102295,1.5740000009536743,7500,0.0,0.0
2025-05-01 00:00:00-04:00,1.559999942779541,1.600000023841858,1.5,1.5499999523162842,24000,0.0,0.0
2025-05-02 00:00:00-04:00,1.5049999952316284,1.600000023841858,1.5049999952316284,1.600000023841858,11500,0.0,0.0
2025-05-05 00:00:00-04:00,1.600000023841858,1.6399999856948853,1.5800000429153442,1.590000033378601,5300,0.0,0.0
2025-05-06 00:00:00-04:00,1.600000023841858,1.6399999856948853,1.5520000457763672,1.600000023841858,21900,0.0,0.0
2025-05-07 00:00:00-04:00,1.600000023841858,1.6239999532699585,1.5700000524520874,1.600000023841858,8400,0.0,0.0
2025-05-08 00:00:00-04:00,1.600000023841858,1.600000023841858,1.559999942779541,1.5800000429153442,3000,0.0,0.0
2025-05-09 00:00:00-04:00,1.5700000524520874,1.6100000143051147,1.5700000524520874,1.590000033378601,4000,0.0,0.0
2025-05-12 00:00:00-04:00,1.5700000524520874,1.590000033378601,1.5199999809265137,1.5199999809265137,6000,0.0,0.0
2025-05-13 00:00:00-04:00,1.5570000410079956,1.5570000410079956,1.5210000276565552,1.5299999713897705,3300,0.0,0.0
2025-05-14 00:00:00-04:00,1.5399999618530273,1.559999942779541,1.5099999904632568,1.5199999809265137,4100,0.0,0.0
2025-05-15 00:00:00-04:00,1.5399999618530273,1.5399999618530273,1.5010000467300415,1.5099999904632568,8800,0.0,0.0
2025-05-16 00:00:00-04:00,1.5199999809265137,1.5299999713897705,1.5099999904632568,1.5149999856948853,9400,0.0,0.0
2025-05-19 00:00:00-04:00,1.5700000524520874,1.5800000429153442,1.5399999618530273,1.5800000429153442,15000,0.0,0.0
2025-05-20 00:00:00-04:00,1.5499999523162842,1.600000023841858,1.5399999618530273,1.600000023841858,8700,0.0,0.0
2025-05-21 00:00:00-04:00,1.559999942779541,1.5770000219345093,1.5230000019073486,1.5770000219345093,2000,0.0,0.0
2025-05-22 00:00:00-04:00,1.5499999523162842,1.5800000429153442,1.5479999780654907,1.5479999780654907,3200,0.0,0.0
2025-05-23 00:00:00-04:00,1.590000033378601,1.590000033378601,1.50600004196167,1.5499999523162842,2800,0.0,0.0
2025-05-27 00:00:00-04:00,1.5299999713897705,1.5700000524520874,1.5299999713897705,1.559999942779541,13600,0.0,0.0
2025-05-28 00:00:00-04:00,1.5399999618530273,1.5499999523162842,1.5299999713897705,1.5299999713897705,19600,0.0,0.0
2025-05-29 00:00:00-04:00,1.559999942779541,1.600000023841858,1.5299999713897705,1.5800000429153442,11600,0.0,0.0
2025-05-30 00:00:00-04:00,1.5779999494552612,1.6200000047683716,1.5670000314712524,1.5670000314712524,10000,0.0,0.0
2025-06-02 00:00:00-04:00,1.5809999704360962,1.6100000143051147,1.5800000429153442,1.590000033378601,11400,0.0,0.0
2025-06-03 00:00:00-04:00,1.5299999713897705,1.559999942779541,1.5,1.5399999618530273,8700,0.0,0.0
2025-06-04 00:00:00-04:00,1.5399999618530273,1.5399999618530273,1.5199999809265137,1.5199999809265137,2900,0.0,0.0
2025-06-05 00:00:00-04:00,1.5199999809265137,1.5460000038146973,1.4700000286102295,1.4700000286102295,9900,0.0,0.0
2025-06-06 00:00:00-04:00,1.4700000286102295,1.5099999904632568,1.4700000286102295,1.5,1500,0.0,0.0
2025-06-09 00:00:00-04:00,1.4900000095367432,1.5199999809265137,1.4900000095367432,1.5199999809265137,5500,0.0,0.0
2025-06-10 00:00:00-04:00,1.5499999523162842,1.5499999523162842,1.4600000381469727,1.4809999465942383,1800,0.0,0.0
2025-06-11 00:00:00-04:00,1.5,1.5499999523162842,1.5,1.5499999523162842,4100,0.0,0.0
2025-06-12 00:00:00-04:00,1.4700000286102295,1.5299999713897705,1.4700000286102295,1.4800000190734863,2600,0.0,0.0
2025-06-13 00:00:00-04:00,1.4500000476837158,1.4900000095367432,1.4299999475479126,1.4900000095367432,4400,0.0,0.0
2025-06-16 00:00:00-04:00,1.5299999713897705,1.5399999618530273,1.4800000190734863,1.4850000143051147,6900,0.0,0.0
2025-06-17 00:00:00-04:00,1.4900000095367432,1.5,1.4700000286102295,1.5,4500,0.0,0.0
2025-06-18 00:00:00-04:00,1.5,1.5199999809265137,1.4900000095367432,1.5,2900,0.0,0.0
2025-06-20 00:00:00-04:00,1.4700000286102295,1.5199999809265137,1.4299999475479126,1.5199999809265137,20300,0.0,0.0
2025-06-23 00:00:00-04:00,1.5,1.5499999523162842,1.434999942779541,1.5499999523162842,23300,0.0,0.0
2025-06-24 00:00:00-04:00,1.5099999904632568,1.5499999523162842,1.4900000095367432,1.5099999904632568,9200,0.0,0.0
2025-06-25 00:00:00-04:00,1.559999942779541,1.559999942779541,1.4700000286102295,1.4800000190734863,27800,0.0,0.0
2025-06-26 00:00:00-04:00,1.5099999904632568,1.5099999904632568,1.4500000476837158,1.4900000095367432,48100,0.0,0.0
2025-06-27 00:00:00-04:00,1.4900000095367432,1.4900000095367432,1.4600000381469727,1.4900000095367432,25600,0.0,0.0
2025-06-30 00:00:00-04:00,1.4700000286102295,1.5,1.4299999475479126,1.4700000286102295,80200,0.0,0.0
2025-07-01 00:00:00-04:00,1.4700000286102295,1.4980000257492065,1.4600000381469727,1.4800000190734863,23300,0.0,0.0
2025-07-02 00:00:00-04:00,1.4800000190734863,1.5299999713897705,1.4600000381469727,1.4800000190734863,46200,0.0,0.0
2025-07-03 00:00:00-04:00,1.5199999809265137,1.559999942779541,1.5199999809265137,1.559999942779541,25200,0.0,0.0
2025-07-07 00:00:00-04:00,1.5299999713897705,1.5299999713897705,1.4800000190734863,1.5,77000,0.0,0.0
2025-07-08 00:00:00-04:00,1.4900000095367432,1.5800000429153442,1.4900000095367432,1.5700000524520874,26000,0.0,0.0
2025-07-09 00:00:00-04:00,1.5700000524520874,1.590000033378601,1.569000005722046,1.5729999542236328,12000,0.0,0.0
2025-07-10 00:00:00-04:00,1.590000033378601,1.6399999856948853,1.5800000429153442,1.600000023841858,7400,0.0,0.0
2025-07-11 00:00:00-04:00,1.5700000524520874,1.600000023841858,1.5499999523162842,1.5499999523162842,16400,0.0,0.0
2025-07-14 00:00:00-04:00,1.5299999713897705,1.5499999523162842,1.5199999809265137,1.5499999523162842,21600,0.0,0.0
2025-07-15 00:00:00-04:00,1.5499999523162842,1.5499999523162842,1.4900000095367432,1.496999979019165,34000,0.0,0.0
2025-07-16 00:00:00-04:00,1.5199999809265137,1.5199999809265137,1.4919999837875366,1.5,9600,0.0,0.0
2025-07-17 00:00:00-04:00,1.5,1.5199999809265137,1.4800000190734863,1.5,17500,0.0,0.0
2025-07-18 00:00:00-04:00,1.5,1.5399999618530273,1.4839999675750732,1.5199999809265137,23000,0.0,0.0
2025-07-21 00:00:00-04:00,1.5199999809265137,1.590000033378601,1.4900000095367432,1.5800000429153442,31500,0.0,0.0
2025-07-22 00:00:00-04:00,1.559999942779541,1.5800000429153442,1.5399999618530273,1.5700000524520874,20300,0.0,0.0
2025-07-23 00:00:00-04:00,1.559999942779541,1.590000033378601,1.4800000190734863,1.5399999618530273,192900,0.0,0.0
2025-07-24 00:00:00-04:00,1.5499999523162842,1.5549999475479126,1.5199999809265137,1.5399999618530273,21900,0.0,0.0
2025-07-25 00:00:00-04:00,1.559999942779541,1.5700000524520874,1.5399999618530273,1.5499999523162842,32600,0.0,0.0
2025-07-28 00:00:00-04:00,1.5399999618530273,1.5399999618530273,1.5,1.5099999904632568,31700,0.0,0.0
2025-07-29 00:00:00-04:00,1.4900000095367432,1.5,1.4739999771118164,1.4839999675750732,15800,0.0,0.0
2025-07-30 00:00:00-04:00,1.4850000143051147,1.4900000095367432,1.4479999542236328,1.4600000381469727,18200,0.0,0.0
2025-07-31 00:00:00-04:00,1.4800000190734863,1.5399999618530273,1.4199999570846558,1.4299999475479126,66900,0.0,0.0
2025-08-01 00:00:00-04:00,1.4900000095367432,1.49399995803833,1.3799999952316284,1.440000057220459,43100,0.0,0.0
2025-08-04 00:00:00-04:00,1.4900000095367432,1.5,1.4600000381469727,1.5,44200,0.0,0.0
2025-08-05 00:00:00-04:00,1.5,1.5,1.4199999570846558,1.4550000429153442,22200,0.0,0.0
2025-08-06 00:00:00-04:00,1.4900000095367432,1.4900000095367432,1.4299999475479126,1.4550000429153442,35600,0.0,0.0
2025-08-07 00:00:00-04:00,1.4600000381469727,1.4989999532699585,1.4600000381469727,1.4900000095367432,34400,0.0,0.0
2025-08-08 00:00:00-04:00,1.5,1.5,1.4700000286102295,1.5,32000,0.0,0.0
2025-08-11 00:00:00-04:00,1.6399999856948853,1.7699999809265137,1.5499999523162842,1.690000057220459,264800,0.0,0.0
2025-08-12 00:00:00-04:00,1.7400000095367432,1.7640000581741333,1.649999976158142,1.7300000190734863,51800,0.0,0.0
2025-08-13 00:00:00-04:00,1.659999966621399,1.7000000476837158,1.6100000143051147,1.6399999856948853,42300,0.0,0.0
2025-08-14 00:00:00-04:00,1.6399999856948853,1.659999966621399,1.6299999952316284,1.659999966621399,16100,0.0,0.0
2025-08-15 00:00:00-04:00,1.6399999856948853,1.6649999618530273,1.6100000143051147,1.6299999952316284,25200,0.0,0.0
2025-08-18 00:00:00-04:00,1.600000023841858,1.6399999856948853,1.5809999704360962,1.6100000143051147,34700,0.0,0.0
2025-08-19 00:00:00-04:00,1.649999976158142,1.6699999570846558,1.5520000457763672,1.6399999856948853,24300,0.0,0.0
2025-08-20 00:00:00-04:00,1.6200000047683716,1.659999966621399,1.5700000524520874,1.6299999952316284,14300,0.0,0.0
2025-08-21 00:00:00-04:00,1.6100000143051147,1.6710000038146973,1.6100000143051147,1.6710000038146973,4900,0.0,0.0
2025-08-22 00:00:00-04:00,1.6790000200271606,1.7100000381469727,1.649999976158142,1.6799999475479126,23400,0.0,0.0
2025-08-25 00:00:00-04:00,1.659999966621399,1.6799999475479126,1.5099999904632568,1.659999966621399,26700,0.0,0.0
2025-08-26 00:00:00-04:00,1.659999966621399,1.6820000410079956,1.6319999694824219,1.6699999570846558,10600,0.0,0.0
2025-08-27 00:00:00-04:00,1.6430000066757202,1.6480000019073486,1.6299999952316284,1.6299999952316284,6100,0.0,0.0
2025-08-28 00:00:00-04:00,1.600000023841858,1.6299999952316284,1.5820000171661377,1.6180000305175781,36600,0.0,0.0
2025-08-29 00:00:00-04:00,1.6399999856948853,1.6399999856948853,1.5800000429153442,1.5800000429153442,5500,0.0,0.0
2025-09-02 00:00:00-04:00,1.5800000429153442,1.6299999952316284,1.5509999990463257,1.6299999952316284,9300,0.0,0.0
2025-09-03 00:00:00-04:00,1.6299999952316284,1.6299999952316284,1.6100000143051147,1.6100000143051147,1200,0.0,0.0
2025-09-04 00:00:00-04:00,1.5700000524520874,1.649999976158142,1.5700000524520874,1.5759999752044678,14700,0.0,0.0
2025-09-05 00:00:00-04:00,1.590000033378601,1.590000033378601,1.5800000429153442,1.5800000429153442,1200,0.0,0.0
2025-09-08 00:00:00-04:00,1.600000023841858,1.6269999742507935,1.5499999523162842,1.625,50100,0.0,0.0
2025-09-09 00:00:00-04:00,1.6100000143051147,1.6100000143051147,1.5800000429153442,1.600000023841858,14000,0.0,0.0
2025-09-10 00:00:00-04:00,1.5800000429153442,1.6299999952316284,1.5700000524520874,1.5850000381469727,14000,0.0,0.0
2025-09-11 00:00:00-04:00,1.5800000429153442,1.600000023841858,1.5499999523162842,1.5499999523162842,16300,0.0,0.0
2025-09-12 00:00:00-04:00,1.559999942779541,1.5700000524520874,1.5499999523162842,1.5700000524520874,6000,0.0,0.0
2025-09-15 00:00:00-04:00,1.5499999523162842,1.5499999523162842,1.5119999647140503,1.531999945640564,7000,0.0,0.0
2025-09-16 00:00:00-04:00,1.5,1.590000033378601,1.5,1.5700000524520874,8100,0.0,0.0
2025-09-17 00:00:00-04:00,1.5149999856948853,1.5399999618530273,1.5099999904632568,1.5299999713897705,18400,0.0,0.0
2025-09-18 00:00:00-04:00,1.5199999809265137,1.5360000133514404,1.4800000190734863,1.4910000562667847,20100,0.0,0.0
2025-09-19 00:00:00-04:00,1.5499999523162842,1.5499999523162842,1.4500000476837158,1.4600000381469727,178800,0.0,0.0
2025-09-22 00:00:00-04:00,1.4900000095367432,1.5099999904632568,1.4600000381469727,1.4800000190734863,104000,0.0,0.0
2025-09-23 00:00:00-04:00,1.4800000190734863,1.4900000095367432,1.4500000476837158,1.4500000476837158,34900,0.0,0.0
2025-09-24 00:00:00-04:00,1.4500000476837158,1.4670000076293945,1.4299999475479126,1.4600000381469727,81900,0.0,0.0
2025-09-25 00:00:00-04:00,1.4900000095367432,1.4900000095367432,1.4199999570846558,1.440000057220459,29700,0.0,0.0
2025-09-26 00:00:00-04:00,1.440000057220459,1.4600000381469727,1.4199999570846558,1.4600000381469727,58300,0.0,0.0
2025-09-29 00:00:00-04:00,1.6299999952316284,1.6399999856948853,1.399999976158142,1.559999942779541,1867600,0.0,0.0
2025-09-30 00:00:00-04:00,1.6200000047683716,1.6699999570846558,1.6100000143051147,1.6399999856948853,80800,0.0,0.0
2025-10-01 00:00:00-04:00,1.659999966621399,1.659999966621399,1.593999981880188,1.649999976158142,13300,0.0,0.0
2025-10-02 00:00:00-04:00,1.659999966621399,1.659999966621399,1.6100000143051147,1.6100000143051147,13400,0.0,0.0
2025-10-03 00:00:00-04:00,1.6200000047683716,1.6200000047683716,1.5829999446868896,1.6200000047683716,48200,0.0,0.0
2025-10-06 00:00:00-04:00,1.649999976158142,1.649999976158142,1.5800000429153442,1.590000033378601,21700,0.0,0.0
2025-10-07 00:00:00-04:00,1.590000033378601,1.621999979019165,1.5800000429153442,1.6150000095367432,7100,0.0,0.0
2025-10-08 00:00:00-04:00,1.6200000047683716,1.6200000047683716,1.5,1.6100000143051147,133700,0.0,0.0
2025-10-09 00:00:00-04:00,1.6200000047683716,1.690000057220459,1.600000023841858,1.6799999475479126,128800,0.0,0.0
2025-10-10 00:00:00-04:00,1.6799999475479126,1.6799999475479126,1.5579999685287476,1.600000023841858,30100,0.0,0.0
2025-10-13 00:00:00-04:00,1.6150000095367432,1.6640000343322754,1.5809999704360962,1.6299999952316284,39300,0.0,0.0
2025-10-14 00:00:00-04:00,1.6299999952316284,1.6319999694824219,1.5499999523162842,1.625,28800,0.0,0.0
2025-10-15 00:00:00-04:00,1.6100000143051147,1.6200000047683716,1.5800000429153442,1.5800000429153442,6700,0.0,0.0
2025-10-16 00:00:00-04:00,1.600000023841858,1.6200000047683716,1.5399999618530273,1.5399999618530273,57300,0.0,0.0
2025-10-17 00:00:00-04:00,1.559999942779541,1.590000033378601,1.4900000095367432,1.590000033378601,40300,0.0,0.0
2025-10-20 00:00:00-04:00,1.5800000429153442,1.5800000429153442,1.4900000095367432,1.559999942779541,54900,0.0,0.0
2025-10-21 00:00:00-04:00,1.5399999618530273,1.5399999618530273,1.4700000286102295,1.4900000095367432,6600,0.0,0.0
2025-10-22 00:00:00-04:00,1.4900000095367432,1.5,1.4199999570846558,1.4299999475479126,32800,0.0,0.0
2025-10-23 00:00:00-04:00,1.4600000381469727,1.5099999904632568,1.440000057220459,1.4700000286102295,17200,0.0,0.0
2025-10-24 00:00:00-04:00,1.4800000190734863,1.5119999647140503,1.4670000076293945,1.5099999904632568,31200,0.0,0.0
2025-10-27 00:00:00-04:00,1.5199999809265137,1.5199999809265137,1.4700000286102295,1.4700000286102295,7200,0.0,0.0
2025-10-28 00:00:00-04:00,1.4700000286102295,1.4700000286102295,1.399999976158142,1.440000057220459,14700,0.0,0.0
2025-10-29 00:00:00-04:00,1.4500000476837158,1.4700000286102295,1.3899999856948853,1.3899999856948853,36100,0.0,0.0
2025-10-30 00:00:00-04:00,1.399999976158142,1.399999976158142,1.3200000524520874,1.399999976158142,17200,0.0,0.0
2025-10-31 00:00:00-04:00,1.409999966621399,1.409999966621399,1.3799999952316284,1.399999976158142,11600,0.0,0.0
2025-11-03 00:00:00-05:00,1.4299999475479126,1.4600000381469727,1.3960000276565552,1.4600000381469727,66800,0.0,0.0
2025-11-04 00:00:00-05:00,1.409999966621399,1.409999966621399,1.3700000047683716,1.3799999952316284,16800,0.0,0.0
2025-11-05 00:00:00-05:00,1.3990000486373901,1.399999976158142,1.3600000143051147,1.3730000257492065,9200,0.0,0.0
2025-11-06 00:00:00-05:00,1.3899999856948853,1.3899999856948853,1.3350000381469727,1.3799999952316284,4500,0.0,0.0
2025-11-07 00:00:00-05:00,1.3300000429153442,1.350000023841858,1.3200000524520874,1.350000023841858,18500,0.0,0.0
2025-11-10 00:00:00-05:00,1.409999966621399,1.4299999475479126,1.3300000429153442,1.4299999475479126,75300,0.0,0.0
2025-11-11 00:00:00-05:00,1.399999976158142,1.4149999618530273,1.3600000143051147,1.409999966621399,11700,0.0,0.0
2025-11-12 00:00:00-05:00,1.399999976158142,1.409999966621399,1.309999942779541,1.3600000143051147,20300,0.0,0.0
2025-11-13 00:00:00-05:00,1.399999976158142,1.399999976158142,1.340000033378601,1.3700000047683716,14800,0.0,0.0
2025-11-14 00:00:00-05:00,1.3700000047683716,1.3880000114440918,1.340000033378601,1.3700000047683716,52000,0.0,0.0
2025-11-17 00:00:00-05:00,1.350000023841858,1.3799999952316284,1.3140000104904175,1.36899995803833,19100,0.0,0.0
2025-11-18 00:00:00-05:00,1.3300000429153442,1.347000002861023,1.309999942779541,1.3200000524520874,3400,0.0,0.0
2025-11-19 00:00:00-05:00,1.340000033378601,1.3700000047683716,1.3109999895095825,1.340000033378601,6200,0.0,0.0
2025-11-20 00:00:00-05:00,1.3300000429153442,1.3300000429153442,1.2999999523162842,1.3020000457763672,4200,0.0,0.0
2025-11-21 00:00:00-05:00,1.309999942779541,1.3109999895095825,1.2999999523162842,1.3109999895095825,2000,0.0,0.0
2025-11-24 00:00:00-05:00,1.309999942779541,1.350000023841858,1.2899999618530273,1.2999999523162842,9600,0.0,0.0
2025-11-25 00:00:00-05:00,1.3200000524520874,1.3200000524520874,1.2999999523162842,1.2999999523162842,8800,0.0,0.0
2025-11-26 00:00:00-05:00,1.3359999656677246,1.350000023841858,1.309999942779541,1.350000023841858,1700,0.0,0.0
2025-11-28 00:00:00-05:00,1.3380000591278076,1.3380000591278076,1.3380000591278076,1.3380000591278076,2300,0.0,0.0
2025-12-01 00:00:00-05:00,1.2999999523162842,1.3990000486373901,1.2999999523162842,1.3300000429153442,14200,0.0,0.0
2025-12-02 00:00:00-05:00,1.309999942779541,1.340000033378601,1.309999942779541,1.3200000524520874,3600,0.0,0.0
2025-12-03 00:00:00-05:00,1.2899999618530273,1.3200000524520874,1.2699999809265137,1.309999942779541,7100,0.0,0.0
2025-12-04 00:00:00-05:00,1.309999942779541,1.3799999952316284,1.284000039100647,1.3300000429153442,16300,0.0,0.0
2025-12-05 00:00:00-05:00,1.3279999494552612,1.3600000143051147,1.3279999494552612,1.3600000143051147,4000,0.0,0.0
2025-12-08 00:00:00-05:00,1.2899999618530273,1.2990000247955322,1.2799999713897705,1.2990000247955322,4200,0.0,0.0
2025-12-09 00:00:00-05:00,1.2699999809265137,1.2899999618530273,1.2589999437332153,1.2699999809265137,5700,0.0,0.0
2025-12-10 00:00:00-05:00,1.25,1.253000020980835,1.2289999723434448,1.2289999723434448,11500,0.0,0.0
2025-12-11 00:00:00-05:00,1.25,1.2599999904632568,1.2380000352859497,1.24399995803833,8900,0.0,0.0
2025-12-12 00:00:00-05:00,1.350000023841858,1.4500000476837158,1.2699999809265137,1.3200000524520874,157700,0.0,0.0
2025-12-15 00:00:00-05:00,1.4199999570846558,1.4199999570846558,1.3539999723434448,1.399999976158142,144600,0.0,0.0
2025-12-16 00:00:00-05:00,1.3899999856948853,1.4600000381469727,1.350000023841858,1.4500000476837158,104800,0.0,0.0
2025-12-17 00:00:00-05:00,1.4600000381469727,1.5099999904632568,1.409999966621399,1.4199999570846558,83200,0.0,0.0
2025-12-18 00:00:00-05:00,1.4600000381469727,1.4700000286102295,1.4199999570846558,1.4500000476837158,88200,0.0,0.0
2025-12-19 00:00:00-05:00,1.399999976158142,1.4199999570846558,1.2999999523162842,1.3600000143051147,132000,0.0,0.0
2025-12-22 00:00:00-05:00,1.2599999904632568,1.2699999809265137,1.2200000286102295,1.2300000190734863,127900,0.0,0.0
2025-12-23 00:00:00-05:00,1.2000000476837158,1.2000000476837158,1.149999976158142,1.1799999475479126,86600,0.0,0.0
2025-12-24 00:00:00-05:00,1.1699999570846558,1.1699999570846558,1.1150000095367432,1.1399999856948853,17700,0.0,0.0
2025-12-26 00:00:00-05:00,1.1299999952316284,1.1299999952316284,1.0199999809265137,1.125,68000,0.0,0.0
2025-12-29 00:00:00-05:00,1.1200000047683716,1.1200000047683716,1.0499999523162842,1.059999942779541,78500,0.0,0.0
2025-12-30 00:00:00-05:00,1.090000033378601,1.1100000143051147,0.9900000095367432,0.9929999709129333,537200,0.0,0.0
2025-12-31 00:00:00-05:00,1.0700000524520874,1.0700000524520874,0.6800000071525574,0.9100000262260437,1301200,0.0,0.0
2026-01-02 00:00:00-05:00,1.0,1.059999942779541,0.9909999966621399,1.0299999713897705,143000,0.0,0.0
2026-01-05 00:00:00-05:00,1.0800000429153442,1.0800000429153442,1.0099999904632568,1.0399999618530273,232700,0.0,0.0
2026-01-06 00:00:00-05:00,1.0199999809265137,1.0399999618530273,0.9760000109672546,0.9819999933242798,143400,0.0,0.0
2026-01-07 00:00:00-05:00,0.9700000286102295,1.0,0.871999979019165,0.9399999976158142,356800,0.0,0.0
2026-01-08 00:00:00-05:00,0.9430000185966492,0.9660000205039978,0.9200000166893005,0.9599999785423279,27800,0.0,0.0
2026-01-09 00:00:00-05:00,0.984000027179718,1.0199999809265137,0.984000027179718,1.0199999809265137,57600,0.0,0.0
2026-01-12 00:00:00-05:00,1.0,1.0199999809265137,0.9810000061988831,0.9860000014305115,30300,0.0,0.0
2026-01-13 00:00:00-05:00,0.9779999852180481,0.9800000190734863,0.902999997138977,0.9430000185966492,54600,0.0,0.0
2026-01-14 00:00:00-05:00,0.9520000219345093,0.9760000109672546,0.9399999976158142,0.9399999976158142,15800,0.0,0.0
2026-01-15 00:00:00-05:00,0.9660000205039978,0.9739999771118164,0.949999988079071,0.9509999752044678,10100,0.0,0.0
2026-01-16 00:00:00-05:00,0.9599999785423279,0.9779999852180481,0.953000009059906,0.9599999785423279,31800,0.0,0.0
2026-01-20 00:00:00-05:00,0.9520000219345093,0.9629999995231628,0.8650000095367432,0.9279999732971191,118400,0.0,0.0
2026-01-21 00:00:00-05:00,0.9419999718666077,0.949999988079071,0.8999999761581421,0.9259999990463257,35000,0.0,0.0
2026-01-22 00:00:00-05:00,0.9319999814033508,0.9539999961853027,0.9300000071525574,0.9359999895095825,40000,0.0,0.0
2026-01-23 00:00:00-05:00,0.9120000004768372,0.9430000185966492,0.9120000004768372,0.9319999814033508,10900,0.0,0.0
2026-01-26 00:00:00-05:00,0.9430000185966492,0.968999981880188,0.9350000023841858,0.9520000219345093,112200,0.0,0.0
2026-01-27 00:00:00-05:00,0.9509999752044678,0.9700000286102295,0.8999999761581421,0.9539999961853027,58500,0.0,0.0
2026-01-28 00:00:00-05:00,0.9300000071525574,0.9409999847412109,0.9049999713897705,0.9300000071525574,19300,0.0,0.0
2026-01-29 00:00:00-05:00,0.9290000200271606,0.9300000071525574,0.9100000262260437,0.9120000004768372,2900,0.0,0.0
2026-01-30 00:00:00-05:00,0.9259999990463257,0.9399999976158142,0.9200000166893005,0.9229999780654907,39800,0.0,0.0
2026-02-02 00:00:00-05:00,0.9300000071525574,0.9399999976158142,0.8640000224113464,0.9390000104904175,50400,0.0,0.0
2026-02-03 00:00:00-05:00,0.9380000233650208,0.9800000190734863,0.9200000166893005,0.9390000104904175,39200,0.0,0.0
2026-02-04 00:00:00-05:00,0.9259999990463257,0.9399999976158142,0.8679999709129333,0.8939999938011169,161300,0.0,0.0
2026-02-05 00:00:00-05:00,0.8989999890327454,0.9200000166893005,0.8600000143051147,0.8600000143051147,5400,0.0,0.0
2026-02-06 00:00:00-05:00,0.8600000143051147,0.8970000147819519,0.8600000143051147,0.8830000162124634,5300,0.0,0.0
2026-02-09 00:00:00-05:00,0.9010000228881836,0.9399999976158142,0.8610000014305115,0.9210000038146973,50200,0.0,0.0
2026-02-10 00:00:00-05:00,0.9649999737739563,0.9649999737739563,0.8989999890327454,0.9200000166893005,31600,0.0,0.0
2026-02-11 00:00:00-05:00,0.9150000214576721,0.9610000252723694,0.8999999761581421,0.9100000262260437,13600,0.0,0.0
2026-02-12 00:00:00-05:00,0.9200000166893005,0.9200000166893005,0.8859999775886536,0.890999972820282,7000,0.0,0.0
2026-02-13 00:00:00-05:00,0.9340000152587891,0.9340000152587891,0.8700000047683716,0.8999999761581421,48600,0.0,0.0
2026-02-17 00:00:00-05:00,0.8930000066757202,0.8930000066757202,0.871999979019165,0.875,8200,0.0,0.0
2026-02-18 00:00:00-05:00,0.8759999871253967,0.8999999761581421,0.8730000257492065,0.8899999856948853,9700,0.0,0.0
2026-02-19 00:00:00-05:00,0.8840000033378601,0.8899999856948853,0.7609999775886536,0.8389999866485596,366300,0.0,0.0
2026-02-20 00:00:00-05:00,0.8399999737739563,0.8799999952316284,0.8149999976158142,0.8799999952316284,160400,0.0,0.0
2026-02-23 00:00:00-05:00,0.8799999952316284,0.8899999856948853,0.8059999942779541,0.8500000238418579,113100,0.0,0.0
2026-02-24 00:00:00-05:00,0.8420000076293945,0.8709999918937683,0.800000011920929,0.8500000238418579,95100,0.0,0.0
2026-02-25 00:00:00-05:00,0.8309999704360962,0.8709999918937683,0.7950000166893005,0.8299999833106995,23600,0.0,0.0
2026-02-26 00:00:00-05:00,0.8489999771118164,0.8489999771118164,0.8009999990463257,0.8019999861717224,42200,0.0,0.0
2026-02-27 00:00:00-05:00,0.8190000057220459,0.8669999837875366,0.8050000071525574,0.8299999833106995,29400,0.0,0.0
2026-03-02 00:00:00-05:00,0.8410000205039978,0.8600000143051147,0.8399999737739563,0.8500000238418579,14600,0.0,0.0
2026-03-03 00:00:00-05:00,0.8429999947547913,0.8429999947547913,0.8299999833106995,0.8299999833106995,7600,0.0,0.0
2026-03-04 00:00:00-05:00,0.8669999837875366,0.8849999904632568,0.8500000238418579,0.8500000238418579,51800,0.0,0.0
2026-03-05 00:00:00-05:00,0.8349999785423279,0.8700000047683716,0.8349999785423279,0.8500000238418579,16100,0.0,0.0
2026-03-06 00:00:00-05:00,0.8500000238418579,0.8500000238418579,0.8140000104904175,0.8199999928474426,30500,0.0,0.0
2026-03-09 00:00:00-04:00,0.8259999752044678,0.8610000014305115,0.8199999928474426,0.8199999928474426,6500,0.0,0.0
2026-03-10 00:00:00-04:00,0.8399999737739563,0.8450000286102295,0.8130000233650208,0.8130000233650208,10100,0.0,0.0
2026-03-11 00:00:00-04:00,0.8119999766349792,0.8230000138282776,0.800000011920929,0.8009999990463257,27300,0.0,0.0
2026-03-12 00:00:00-04:00,0.800000011920929,0.8100000023841858,0.7900000214576721,0.7900000214576721,9500,0.0,0.0
2026-03-13 00:00:00-04:00,0.8149999976158142,0.8199999928474426,0.7900000214576721,0.7900000214576721,14900,0.0,0.0
2026-03-16 00:00:00-04:00,0.800000011920929,0.8080000281333923,0.7599999904632568,0.7720000147819519,26800,0.0,0.0
2026-03-17 00:00:00-04:00,0.7900000214576721,0.7900000214576721,0.7699999809265137,0.7749999761581421,36300,0.0,0.0
2026-03-18 00:00:00-04:00,0.7839999794960022,0.7919999957084656,0.7200000286102295,0.7599999904632568,57300,0.0,0.0
2026-03-19 00:00:00-04:00,0.7680000066757202,0.7850000262260437,0.7509999871253967,0.7699999809265137,36400,0.0,0.0
2026-03-20 00:00:00-04:00,0.7549999952316284,0.7990000247955322,0.7549999952316284,0.7739999890327454,32100,0.0,0.0
2026-03-23 00:00:00-04:00,0.7549999952316284,0.7870000004768372,0.7549999952316284,0.7699999809265137,6900,0.0,0.0
2026-03-24 00:00:00-04:00,0.75,0.781000018119812,0.7480000257492065,0.75,35500,0.0,0.0
2026-03-25 00:00:00-04:00,0.7440000176429749,0.7599999904632568,0.722000002861023,0.7300000190734863,26300,0.0,0.0
2026-03-26 00:00:00-04:00,0.7409999966621399,0.7739999890327454,0.7300000190734863,0.7300000190734863,52600,0.0,0.0
2026-03-27 00:00:00-04:00,0.7490000128746033,0.7699999809265137,0.7490000128746033,0.7599999904632568,10500,0.0,0.0
2026-03-30 00:00:00-04:00,0.7590000033378601,0.7599999904632568,0.7310000061988831,0.7570000290870667,3100,0.0,0.0
2026-03-31 00:00:00-04:00,0.7540000081062317,0.7549999952316284,0.7310000061988831,0.7509999871253967,28700,0.0,0.0
2026-04-01 00:00:00-04:00,0.7879999876022339,0.7879999876022339,0.7400000095367432,0.7730000019073486,2400,0.0,0.0
2026-04-02 00:00:00-04:00,0.753000020980835,0.7599999904632568,0.7310000061988831,0.7599999904632568,4600,0.0,0.0
2026-04-06 00:00:00-04:00,0.7599999904632568,0.7599999904632568,0.7429999709129333,0.75,4200,0.0,0.0
2026-04-07 00:00:00-04:00,0.7459999918937683,0.75,0.7400000095367432,0.75,1000,0.0,0.0
2026-04-08 00:00:00-04:00,0.7699999809265137,0.7699999809265137,0.7200000286102295,0.7319999933242798,42300,0.0,0.0
2026-04-09 00:00:00-04:00,0.7699999809265137,0.7699999809265137,0.7419999837875366,0.7599999904632568,7100,0.0,0.0
2026-04-10 00:00:00-04:00,0.7639999985694885,0.7739999890327454,0.7630000114440918,0.7630000114440918,4100,0.0,0.0
2026-04-13 00:00:00-04:00,0.777999997138977,0.777999997138977,0.7480000257492065,0.7509999871253967,45300,0.0,0.0
2026-04-14 00:00:00-04:00,0.7519999742507935,0.7900000214576721,0.734000027179718,0.7599999904632568,12400,0.0,0.0
2026-04-15 00:00:00-04:00,0.7559999823570251,0.7860000133514404,0.7459999918937683,0.7490000128746033,17400,0.0,0.0
2026-04-16 00:00:00-04:00,0.7710000276565552,0.7710000276565552,0.7419999837875366,0.7670000195503235,5400,0.0,0.0
2026-04-17 00:00:00-04:00,0.7749999761581421,0.7900000214576721,0.7599999904632568,0.7699999809265137,48900,0.0,0.0
2026-04-20 00:00:00-04:00,0.7559999823570251,0.7900000214576721,0.746999979019165,0.75,17300,0.0,0.0
2026-04-21 00:00:00-04:00,0.7599999904632568,0.7900000214576721,0.7599999904632568,0.7599999904632568,13800,0.0,0.0
2026-04-22 00:00:00-04:00,0.7900000214576721,0.8700000047683716,0.7599999904632568,0.8100000023841858,181900,0.0,0.0
2026-04-23 00:00:00-04:00,0.8199999928474426,0.9390000104904175,0.8199999928474426,0.8989999890327454,232600,0.0,0.0
2026-04-24 00:00:00-04:00,0.8999999761581421,0.9200000166893005,0.8450000286102295,0.9079999923706055,64600,0.0,0.0
2026-04-27 00:00:00-04:00,0.9300000071525574,0.9300000071525574,0.890999972820282,0.8989999890327454,24400,0.0,0.0
2026-04-28 00:00:00-04:00,0.8859999775886536,0.8949999809265137,0.800000011920929,0.8669999837875366,71400,0.0,0.0
2026-04-29 00:00:00-04:00,0.8500000238418579,0.8669999837875366,0.7699999809265137,0.8109999895095825,61800,0.0,0.0
2026-04-30 00:00:00-04:00,0.8360000252723694,0.8830000162124634,0.8220000267028809,0.8420000076293945,42600,0.0,0.0
2026-05-01 00:00:00-04:00,0.8600000143051147,0.8930000066757202,0.8600000143051147,0.8880000114440918,23300,0.0,0.0
2026-05-04 00:00:00-04:00,0.8330000042915344,0.8569999933242798,0.8130000233650208,0.8209999799728394,56000,0.0,0.0
2026-05-05 00:00:00-04:00,0.843999981880188,0.8939999938011169,0.843999981880188,0.8629999756813049,16600,0.0,0.0
2026-05-06 00:00:00-04:00,0.871999979019165,0.8999999761581421,0.8519999980926514,0.8759999871253967,16800,0.0,0.0
2026-05-07 00:00:00-04:00,0.8560000061988831,0.8920000195503235,0.8410000205039978,0.8410000205039978,5100,0.0,0.0
2026-05-08 00:00:00-04:00,0.8650000095367432,0.8920000195503235,0.8389999866485596,0.8389999866485596,10400,0.0,0.0
2026-05-11 00:00:00-04:00,0.8159999847412109,0.8410000205039978,0.8159999847412109,0.8199999928474426,10400,0.0,0.0
2026-05-12 00:00:00-04:00,0.8370000123977661,0.859000027179718,0.8100000023841858,0.8100000023841858,15500,0.0,0.0
2026-05-13 00:00:00-04:00,0.8212000131607056,0.8281000256538391,0.8199999928474426,0.8199999928474426,4247,0.0,0.0
