Date,Open,High,Low,Close,Volume,Dividends,Stock Splits
2022-01-03 00:00:00-05:00,76.56999969482422,79.4000015258789,74.11000061035156,79.23999786376953,1032600,0.0,0.0
2022-01-04 00:00:00-05:00,78.98999786376953,79.19999694824219,71.4000015258789,73.25,2133900,0.0,0.0
2022-01-05 00:00:00-05:00,72.75,73.91000366210938,68.97000122070312,69.01000213623047,1790300,0.0,0.0
2022-01-06 00:00:00-05:00,68.4000015258789,70.30000305175781,65.88999938964844,67.18000030517578,2161900,0.0,0.0
2022-01-07 00:00:00-05:00,67.5199966430664,71.41999816894531,66.79000091552734,67.66000366210938,1234900,0.0,0.0
2022-01-10 00:00:00-05:00,67.0,69.20999908447266,64.76000213623047,69.08999633789062,2106100,0.0,0.0
2022-01-11 00:00:00-05:00,69.3499984741211,73.0,68.51000213623047,72.70999908447266,1347400,0.0,0.0
2022-01-12 00:00:00-05:00,73.44000244140625,74.48999786376953,69.51000213623047,69.86000061035156,1367900,0.0,0.0
2022-01-13 00:00:00-05:00,69.73999786376953,70.2750015258789,66.22000122070312,66.4000015258789,1610700,0.0,0.0
2022-01-14 00:00:00-05:00,65.31999969482422,68.66999816894531,65.02999877929688,67.7699966430664,1525600,0.0,0.0
2022-01-18 00:00:00-05:00,66.51000213623047,68.7239990234375,64.5999984741211,65.05000305175781,1472100,0.0,0.0
2022-01-19 00:00:00-05:00,65.91000366210938,68.06999969482422,63.86000061035156,64.19000244140625,1847000,0.0,0.0
2022-01-20 00:00:00-05:00,65.02999877929688,68.8499984741211,64.01000213623047,64.36000061035156,1351800,0.0,0.0
2022-01-21 00:00:00-05:00,63.720001220703125,66.41999816894531,62.209999084472656,62.61000061035156,2216700,0.0,0.0
2022-01-24 00:00:00-05:00,59.54499816894531,61.720001220703125,55.349998474121094,60.2599983215332,3541300,0.0,0.0
2022-01-25 00:00:00-05:00,58.790000915527344,63.70000076293945,57.59000015258789,62.540000915527344,2288600,0.0,0.0
2022-01-26 00:00:00-05:00,64.69999694824219,67.0999984741211,61.630001068115234,61.84000015258789,1796400,0.0,0.0
2022-01-27 00:00:00-05:00,63.72999954223633,63.970001220703125,58.54999923706055,58.7599983215332,1687700,0.0,0.0
2022-01-28 00:00:00-05:00,58.630001068115234,61.400001525878906,56.380001068115234,59.0,2738200,0.0,0.0
2022-01-31 00:00:00-05:00,60.290000915527344,64.86000061035156,60.189998626708984,63.75,2317800,0.0,0.0
2022-02-01 00:00:00-05:00,65.18000030517578,66.54000091552734,61.959999084472656,65.52999877929688,1600500,0.0,0.0
2022-02-02 00:00:00-05:00,67.0,67.38999938964844,61.65999984741211,62.119998931884766,1817600,0.0,0.0
2022-02-03 00:00:00-05:00,60.02000045776367,62.599998474121094,59.849998474121094,60.400001525878906,1161500,0.0,0.0
2022-02-04 00:00:00-05:00,60.529998779296875,62.720001220703125,58.90999984741211,61.88999938964844,1187300,0.0,0.0
2022-02-07 00:00:00-05:00,61.88999938964844,65.9000015258789,61.689998626708984,62.36000061035156,1239300,0.0,0.0
2022-02-08 00:00:00-05:00,61.810001373291016,62.88999938964844,60.029998779296875,61.040000915527344,1234700,0.0,0.0
2022-02-09 00:00:00-05:00,62.04999923706055,65.88999938964844,62.04999923706055,65.04000091552734,1239500,0.0,0.0
2022-02-10 00:00:00-05:00,63.5,66.5,61.29999923706055,61.900001525878906,1420300,0.0,0.0
2022-02-11 00:00:00-05:00,62.599998474121094,63.880001068115234,58.97999954223633,59.400001525878906,1387000,0.0,0.0
2022-02-14 00:00:00-05:00,59.5099983215332,61.04600143432617,58.310001373291016,58.61000061035156,2152900,0.0,0.0
2022-02-15 00:00:00-05:00,60.0,61.36000061035156,58.849998474121094,60.970001220703125,1678400,0.0,0.0
2022-02-16 00:00:00-05:00,59.63999938964844,62.29999923706055,59.599998474121094,61.970001220703125,1578400,0.0,0.0
2022-02-17 00:00:00-05:00,60.86000061035156,62.310001373291016,58.40599822998047,58.61000061035156,1310500,0.0,0.0
2022-02-18 00:00:00-05:00,58.61000061035156,60.02799987792969,57.38999938964844,58.290000915527344,1182900,0.0,0.0
2022-02-22 00:00:00-05:00,57.09000015258789,58.939998626708984,55.16999816894531,55.65999984741211,1633300,0.0,0.0
2022-02-23 00:00:00-05:00,56.56999969482422,57.0,53.040000915527344,53.25,1337000,0.0,0.0
2022-02-24 00:00:00-05:00,50.86000061035156,57.68000030517578,50.54199981689453,57.15999984741211,1878600,0.0,0.0
2022-02-25 00:00:00-05:00,57.5099983215332,59.939998626708984,55.70500183105469,59.72999954223633,1605500,0.0,0.0
2022-02-28 00:00:00-05:00,59.56999969482422,62.619998931884766,58.900001525878906,61.369998931884766,1447100,0.0,0.0
2022-03-01 00:00:00-05:00,60.40999984741211,61.6150016784668,56.810001373291016,57.439998626708984,2258500,0.0,0.0
2022-03-02 00:00:00-05:00,57.56999969482422,59.470001220703125,55.470001220703125,58.779998779296875,1100700,0.0,0.0
2022-03-03 00:00:00-05:00,58.779998779296875,58.97999954223633,53.61000061035156,54.189998626708984,1440800,0.0,0.0
2022-03-04 00:00:00-05:00,53.72999954223633,55.75,52.43000030517578,53.189998626708984,972000,0.0,0.0
2022-03-07 00:00:00-05:00,54.150001525878906,56.84000015258789,53.70000076293945,55.20000076293945,2226300,0.0,0.0
2022-03-08 00:00:00-05:00,54.27000045776367,62.619998931884766,53.779998779296875,60.349998474121094,2582800,0.0,0.0
2022-03-09 00:00:00-05:00,60.84000015258789,63.189998626708984,60.84000015258789,62.41999816894531,1554100,0.0,0.0
2022-03-10 00:00:00-05:00,60.720001220703125,62.97999954223633,59.58000183105469,62.43000030517578,1003800,0.0,0.0
2022-03-11 00:00:00-05:00,62.9900016784668,64.80999755859375,61.33000183105469,61.41999816894531,1176300,0.0,0.0
2022-03-14 00:00:00-04:00,60.65999984741211,63.380001068115234,57.56999969482422,58.060001373291016,1404400,0.0,0.0
2022-03-15 00:00:00-04:00,58.040000915527344,60.77000045776367,57.779998779296875,60.040000915527344,1228700,0.0,0.0
2022-03-16 00:00:00-04:00,61.439998626708984,65.6500015258789,60.77000045776367,65.54000091552734,2093300,0.0,0.0
2022-03-17 00:00:00-04:00,64.87000274658203,68.38999938964844,63.83000183105469,67.45999908447266,1762000,0.0,0.0
2022-03-18 00:00:00-04:00,66.80999755859375,70.94000244140625,66.62000274658203,67.88999938964844,6620400,0.0,0.0
2022-03-21 00:00:00-04:00,68.01499938964844,68.01499938964844,64.37999725341797,65.66000366210938,1105600,0.0,0.0
2022-03-22 00:00:00-04:00,65.93000030517578,68.26000213623047,64.70999908447266,67.5,899500,0.0,0.0
2022-03-23 00:00:00-04:00,67.05000305175781,67.05000305175781,63.52000045776367,63.56999969482422,1082300,0.0,0.0
2022-03-24 00:00:00-04:00,64.13999938964844,64.55000305175781,61.560001373291016,64.4000015258789,998300,0.0,0.0
2022-03-25 00:00:00-04:00,64.43000030517578,64.54000091552734,61.54999923706055,62.13999938964844,898000,0.0,0.0
2022-03-28 00:00:00-04:00,62.20000076293945,64.0,60.560001373291016,62.83000183105469,998100,0.0,0.0
2022-03-29 00:00:00-04:00,64.30999755859375,67.26000213623047,63.65999984741211,65.94999694824219,1646000,0.0,0.0
2022-03-30 00:00:00-04:00,65.94999694824219,67.86599731445312,63.720001220703125,64.08000183105469,1097100,0.0,0.0
2022-03-31 00:00:00-04:00,64.5999984741211,65.0,62.52000045776367,62.77000045776367,721600,0.0,0.0
2022-04-01 00:00:00-04:00,63.54999923706055,68.75,63.29999923706055,66.1500015258789,1564300,0.0,0.0
2022-04-04 00:00:00-04:00,66.80999755859375,70.18000030517578,66.80999755859375,69.51000213623047,1269400,0.0,0.0
2022-04-05 00:00:00-04:00,69.5,70.4000015258789,67.06999969482422,67.4800033569336,1188000,0.0,0.0
2022-04-06 00:00:00-04:00,65.31999969482422,67.1500015258789,63.858001708984375,66.12000274658203,1105400,0.0,0.0
2022-04-07 00:00:00-04:00,65.44999694824219,66.93000030517578,62.43000030517578,63.939998626708984,1045500,0.0,0.0
2022-04-08 00:00:00-04:00,64.05999755859375,64.4000015258789,61.0099983215332,61.619998931884766,775300,0.0,0.0
2022-04-11 00:00:00-04:00,60.52000045776367,62.025001525878906,59.1349983215332,61.45000076293945,1104200,0.0,0.0
2022-04-12 00:00:00-04:00,62.5,66.06999969482422,62.47999954223633,64.55000305175781,1280000,0.0,0.0
2022-04-13 00:00:00-04:00,64.0999984741211,66.55000305175781,63.470001220703125,65.83999633789062,957400,0.0,0.0
2022-04-14 00:00:00-04:00,65.37000274658203,65.47000122070312,61.59000015258789,62.189998626708984,1052400,0.0,0.0
2022-04-18 00:00:00-04:00,61.5099983215332,61.849998474121094,58.43000030517578,58.7400016784668,1025400,0.0,0.0
2022-04-19 00:00:00-04:00,58.56999969482422,60.599998474121094,57.86600112915039,58.959999084472656,1009200,0.0,0.0
2022-04-20 00:00:00-04:00,59.54999923706055,59.54999923706055,56.79999923706055,57.58000183105469,868000,0.0,0.0
2022-04-21 00:00:00-04:00,58.5099983215332,60.41999816894531,55.08000183105469,55.529998779296875,1195800,0.0,0.0
2022-04-22 00:00:00-04:00,55.43000030517578,57.040000915527344,54.779998779296875,55.68000030517578,796700,0.0,0.0
2022-04-25 00:00:00-04:00,55.34000015258789,57.4900016784668,55.013999938964844,57.27000045776367,1134400,0.0,0.0
2022-04-26 00:00:00-04:00,56.47999954223633,57.566001892089844,52.790000915527344,52.79999923706055,1138400,0.0,0.0
2022-04-27 00:00:00-04:00,52.540000915527344,53.900001525878906,51.099998474121094,51.959999084472656,926500,0.0,0.0
2022-04-28 00:00:00-04:00,52.029998779296875,53.209999084472656,48.380001068115234,51.619998931884766,1872900,0.0,0.0
2022-04-29 00:00:00-04:00,51.630001068115234,53.900001525878906,49.529998779296875,49.619998931884766,974500,0.0,0.0
2022-05-02 00:00:00-04:00,49.58000183105469,52.040000915527344,48.400001525878906,51.97999954223633,1300100,0.0,0.0
2022-05-03 00:00:00-04:00,52.38999938964844,54.150001525878906,51.380001068115234,52.619998931884766,878800,0.0,0.0
2022-05-04 00:00:00-04:00,52.540000915527344,56.459999084472656,50.5099983215332,55.619998931884766,1505800,0.0,0.0
2022-05-05 00:00:00-04:00,54.16999816894531,54.849998474121094,50.279998779296875,51.34000015258789,1267700,0.0,0.0
2022-05-06 00:00:00-04:00,50.72999954223633,50.9900016784668,46.58000183105469,48.0099983215332,1746100,0.0,0.0
2022-05-09 00:00:00-04:00,46.20000076293945,47.29999923706055,43.04999923706055,43.22999954223633,2208100,0.0,0.0
2022-05-10 00:00:00-04:00,44.47999954223633,49.02000045776367,43.54999923706055,47.310001373291016,2325400,0.0,0.0
2022-05-11 00:00:00-04:00,45.43000030517578,48.54999923706055,42.9900016784668,43.66999816894531,2535900,0.0,0.0
2022-05-12 00:00:00-04:00,42.599998474121094,48.70000076293945,42.51100158691406,46.540000915527344,2279700,0.0,0.0
2022-05-13 00:00:00-04:00,48.189998626708984,52.79999923706055,48.189998626708984,52.22999954223633,1569300,0.0,0.0
2022-05-16 00:00:00-04:00,52.27000045776367,53.13999938964844,50.47999954223633,51.540000915527344,1276500,0.0,0.0
2022-05-17 00:00:00-04:00,52.68000030517578,54.869998931884766,51.689998626708984,54.36000061035156,1379300,0.0,0.0
2022-05-18 00:00:00-04:00,53.0099983215332,56.27000045776367,52.849998474121094,54.7599983215332,1291700,0.0,0.0
2022-05-19 00:00:00-04:00,54.63999938964844,57.94499969482422,53.619998931884766,56.4900016784668,1318200,0.0,0.0
2022-05-20 00:00:00-04:00,56.650001525878906,58.08000183105469,52.72999954223633,56.34000015258789,1339800,0.0,0.0
2022-05-23 00:00:00-04:00,55.939998626708984,57.25,53.959999084472656,54.709999084472656,925100,0.0,0.0
2022-05-24 00:00:00-04:00,53.41999816894531,53.90999984741211,51.459999084472656,52.380001068115234,1096500,0.0,0.0
2022-05-25 00:00:00-04:00,51.7599983215332,54.9379997253418,51.54999923706055,54.54999923706055,1101400,0.0,0.0
2022-05-26 00:00:00-04:00,54.66999816894531,56.720001220703125,53.88999938964844,55.22999954223633,987800,0.0,0.0
2022-05-27 00:00:00-04:00,56.0099983215332,58.560001373291016,54.48500061035156,58.34000015258789,1112400,0.0,0.0
2022-05-31 00:00:00-04:00,57.689998626708984,59.41999816894531,56.41999816894531,58.04999923706055,1460600,0.0,0.0
2022-06-01 00:00:00-04:00,58.06999969482422,59.33000183105469,56.599998474121094,57.869998931884766,1206800,0.0,0.0
2022-06-02 00:00:00-04:00,57.529998779296875,62.20000076293945,56.849998474121094,61.0,1552200,0.0,0.0
2022-06-03 00:00:00-04:00,59.70000076293945,65.58000183105469,59.52000045776367,64.20999908447266,1999200,0.0,0.0
2022-06-06 00:00:00-04:00,65.69999694824219,66.38999938964844,63.380001068115234,64.22000122070312,1219400,0.0,0.0
2022-06-07 00:00:00-04:00,63.150001525878906,69.05000305175781,63.150001525878906,69.04000091552734,1392500,0.0,0.0
2022-06-08 00:00:00-04:00,68.87000274658203,74.58999633789062,68.44000244140625,73.83000183105469,2577800,0.0,0.0
2022-06-09 00:00:00-04:00,72.83999633789062,75.41999816894531,71.69000244140625,71.69999694824219,1305700,0.0,0.0
2022-06-10 00:00:00-04:00,67.83000183105469,69.28500366210938,63.11000061035156,63.7599983215332,1887000,0.0,0.0
2022-06-13 00:00:00-04:00,59.2599983215332,59.709999084472656,53.36000061035156,55.27000045776367,3761200,0.0,0.0
2022-06-14 00:00:00-04:00,55.7400016784668,58.130001068115234,53.52000045776367,58.11000061035156,1531600,0.0,0.0
2022-06-15 00:00:00-04:00,58.900001525878906,63.08000183105469,58.900001525878906,62.65999984741211,2082300,0.0,0.0
2022-06-16 00:00:00-04:00,59.9900016784668,65.5199966430664,59.720001220703125,64.63999938964844,2406600,0.0,0.0
2022-06-17 00:00:00-04:00,66.44999694824219,72.27999877929688,66.25,70.0,5962400,0.0,0.0
2022-06-21 00:00:00-04:00,71.01000213623047,75.23999786376953,59.81999969482422,64.66999816894531,7447200,0.0,0.0
2022-06-22 00:00:00-04:00,63.0099983215332,63.22999954223633,56.34000015258789,59.939998626708984,5836800,0.0,0.0
2022-06-23 00:00:00-04:00,59.15999984741211,65.94999694824219,57.779998779296875,65.1500015258789,3407500,0.0,0.0
2022-06-24 00:00:00-04:00,66.56999969482422,67.16000366210938,61.060001373291016,66.95999908447266,2952400,0.0,0.0
2022-06-27 00:00:00-04:00,67.05999755859375,69.41999816894531,63.619998931884766,66.9000015258789,2494100,0.0,0.0
2022-06-28 00:00:00-04:00,66.4800033569336,67.69999694824219,62.560001373291016,63.279998779296875,1556100,0.0,0.0
2022-06-29 00:00:00-04:00,62.7599983215332,63.900001525878906,60.9900016784668,63.0,1714800,0.0,0.0
2022-06-30 00:00:00-04:00,61.91999816894531,63.20000076293945,60.66999816894531,60.77000045776367,1376600,0.0,0.0
2022-07-01 00:00:00-04:00,61.11000061035156,64.0,60.40999984741211,63.790000915527344,947600,0.0,0.0
2022-07-05 00:00:00-04:00,63.38999938964844,71.63999938964844,62.040000915527344,70.5999984741211,3039600,0.0,0.0
2022-07-06 00:00:00-04:00,70.69999694824219,76.98999786376953,70.6500015258789,72.69999694824219,4849800,0.0,0.0
2022-07-07 00:00:00-04:00,72.05999755859375,79.2699966430664,72.0,78.19999694824219,2789200,0.0,0.0
2022-07-08 00:00:00-04:00,76.51000213623047,79.1500015258789,75.6500015258789,76.69999694824219,1727300,0.0,0.0
2022-07-11 00:00:00-04:00,76.27999877929688,77.3499984741211,73.26000213623047,73.70999908447266,1898900,0.0,0.0
2022-07-12 00:00:00-04:00,74.70999908447266,79.77999877929688,72.41000366210938,79.05000305175781,2552600,0.0,0.0
2022-07-13 00:00:00-04:00,75.55999755859375,82.68000030517578,75.04399871826172,80.69999694824219,3271000,0.0,0.0
2022-07-14 00:00:00-04:00,80.62000274658203,83.5,80.0199966430664,81.91000366210938,2131100,0.0,0.0
2022-07-15 00:00:00-04:00,81.91000366210938,83.38999938964844,77.81999969482422,83.38999938964844,1541800,0.0,0.0
2022-07-18 00:00:00-04:00,84.55999755859375,85.86000061035156,79.36000061035156,79.36000061035156,1720600,0.0,0.0
2022-07-19 00:00:00-04:00,80.91000366210938,83.94999694824219,78.5999984741211,83.77999877929688,1305500,0.0,0.0
2022-07-20 00:00:00-04:00,83.55000305175781,86.94999694824219,81.55999755859375,82.33999633789062,2214400,0.0,0.0
2022-07-21 00:00:00-04:00,82.16000366210938,82.33999633789062,78.5199966430664,79.94999694824219,1465000,0.0,0.0
2022-07-22 00:00:00-04:00,80.55999755859375,80.69499969482422,75.0999984741211,75.81999969482422,1532900,0.0,0.0
2022-07-25 00:00:00-04:00,75.2300033569336,76.87999725341797,72.70999908447266,76.5,1187600,0.0,0.0
2022-07-26 00:00:00-04:00,76.2699966430664,79.8550033569336,75.14700317382812,77.12000274658203,1237500,0.0,0.0
2022-07-27 00:00:00-04:00,77.76000213623047,79.20999908447266,75.12999725341797,78.93000030517578,845500,0.0,0.0
2022-07-28 00:00:00-04:00,79.26000213623047,80.91000366210938,74.31999969482422,75.9000015258789,1202000,0.0,0.0
2022-07-29 00:00:00-04:00,75.0,75.73999786376953,73.02999877929688,75.0,1013900,0.0,0.0
2022-08-01 00:00:00-04:00,74.0,76.75499725341797,72.9000015258789,74.01000213623047,958100,0.0,0.0
2022-08-02 00:00:00-04:00,73.37999725341797,77.26000213623047,73.29000091552734,76.33999633789062,935000,0.0,0.0
2022-08-03 00:00:00-04:00,77.91999816894531,83.05000305175781,77.72000122070312,78.58000183105469,1566500,0.0,0.0
2022-08-04 00:00:00-04:00,79.51000213623047,80.5,76.0199966430664,78.91000366210938,1459800,0.0,0.0
2022-08-05 00:00:00-04:00,76.44000244140625,81.9000015258789,75.13999938964844,81.4000015258789,1643500,0.0,0.0
2022-08-08 00:00:00-04:00,81.0,84.0999984741211,80.16000366210938,81.38999938964844,1535900,0.0,0.0
2022-08-09 00:00:00-04:00,78.55000305175781,78.56999969482422,74.56999969482422,75.12999725341797,1579900,0.0,0.0
2022-08-10 00:00:00-04:00,77.75,79.2699966430664,75.13999938964844,78.87000274658203,1104400,0.0,0.0
2022-08-11 00:00:00-04:00,80.0,83.79000091552734,77.27100372314453,77.45999908447266,1451900,0.0,0.0
2022-08-12 00:00:00-04:00,77.5,80.11000061035156,76.38999938964844,78.66000366210938,902600,0.0,0.0
2022-08-15 00:00:00-04:00,78.58999633789062,80.5999984741211,77.05999755859375,80.13999938964844,855700,0.0,0.0
2022-08-16 00:00:00-04:00,80.11000061035156,80.45999908447266,75.3499984741211,75.8499984741211,1082000,0.0,0.0
2022-08-17 00:00:00-04:00,73.93000030517578,74.87999725341797,71.01000213623047,71.73999786376953,1421100,0.0,0.0
2022-08-18 00:00:00-04:00,71.83999633789062,72.62000274658203,69.7699966430664,72.1500015258789,850500,0.0,0.0
2022-08-19 00:00:00-04:00,71.6500015258789,71.7699966430664,68.20999908447266,68.5999984741211,1446300,0.0,0.0
2022-08-22 00:00:00-04:00,67.0,68.91000366210938,66.11000061035156,66.3499984741211,1132900,0.0,0.0
2022-08-23 00:00:00-04:00,66.87000274658203,69.08000183105469,65.16999816894531,68.69999694824219,1203900,0.0,0.0
2022-08-24 00:00:00-04:00,68.69000244140625,72.16000366210938,67.0999984741211,71.97000122070312,885200,0.0,0.0
2022-08-25 00:00:00-04:00,73.18000030517578,73.77999877929688,70.72000122070312,72.44000244140625,1179400,0.0,0.0
2022-08-26 00:00:00-04:00,71.88999938964844,72.56999969482422,67.0469970703125,67.37000274658203,1141400,0.0,0.0
2022-08-29 00:00:00-04:00,66.02999877929688,67.73999786376953,65.2300033569336,65.7699966430664,995100,0.0,0.0
2022-08-30 00:00:00-04:00,66.62999725341797,67.1500015258789,64.16000366210938,65.16999816894531,899500,0.0,0.0
2022-08-31 00:00:00-04:00,66.69999694824219,66.9800033569336,64.16999816894531,65.08999633789062,805200,0.0,0.0
2022-09-01 00:00:00-04:00,64.0199966430664,65.80000305175781,62.7599983215332,65.5999984741211,1112400,0.0,0.0
2022-09-02 00:00:00-04:00,66.43000030517578,66.6449966430664,63.5099983215332,63.7400016784668,983500,0.0,0.0
2022-09-06 00:00:00-04:00,63.560001373291016,63.779998779296875,62.099998474121094,62.7599983215332,762600,0.0,0.0
2022-09-07 00:00:00-04:00,63.02000045776367,65.5199966430664,62.834999084472656,65.01000213623047,901600,0.0,0.0
2022-09-08 00:00:00-04:00,64.06999969482422,66.94000244140625,63.77000045776367,66.2699966430664,783000,0.0,0.0
2022-09-09 00:00:00-04:00,66.91999816894531,67.62999725341797,66.19000244140625,66.95999908447266,798700,0.0,0.0
2022-09-12 00:00:00-04:00,67.0,70.44000244140625,66.48999786376953,69.81999969482422,1515600,0.0,0.0
2022-09-13 00:00:00-04:00,66.51000213623047,68.44999694824219,65.4000015258789,67.55000305175781,1347900,0.0,0.0
2022-09-14 00:00:00-04:00,68.18000030517578,72.30999755859375,67.12999725341797,72.19000244140625,1215400,0.0,0.0
2022-09-15 00:00:00-04:00,71.16000366210938,75.1780014038086,71.01000213623047,75.01000213623047,1680900,0.0,0.0
2022-09-16 00:00:00-04:00,73.0199966430664,73.62000274658203,69.24500274658203,70.52999877929688,2177100,0.0,0.0
2022-09-19 00:00:00-04:00,69.26000213623047,69.95999908447266,65.81999969482422,68.81999969482422,1069200,0.0,0.0
2022-09-20 00:00:00-04:00,68.05000305175781,71.26000213623047,68.0,70.12999725341797,769900,0.0,0.0
2022-09-21 00:00:00-04:00,70.66000366210938,70.81999969482422,66.6500015258789,66.6500015258789,1005400,0.0,0.0
2022-09-22 00:00:00-04:00,66.1500015258789,66.1500015258789,64.01000213623047,64.9000015258789,936600,0.0,0.0
2022-09-23 00:00:00-04:00,63.880001068115234,64.58999633789062,61.779998779296875,63.15999984741211,1089000,0.0,0.0
2022-09-26 00:00:00-04:00,63.09000015258789,64.43499755859375,61.040000915527344,61.099998474121094,808500,0.0,0.0
2022-09-27 00:00:00-04:00,62.939998626708984,66.55999755859375,62.40999984741211,63.630001068115234,1667500,0.0,0.0
2022-09-28 00:00:00-04:00,64.16000366210938,67.43000030517578,63.720001220703125,66.94000244140625,1271200,0.0,0.0
2022-09-29 00:00:00-04:00,66.41999816894531,66.8499984741211,62.84000015258789,64.48999786376953,1347800,0.0,0.0
2022-09-30 00:00:00-04:00,64.5199966430664,68.05999755859375,64.5,65.3499984741211,1276300,0.0,0.0
2022-10-03 00:00:00-04:00,66.0199966430664,66.30999755859375,61.744998931884766,63.099998474121094,1156000,0.0,0.0
2022-10-04 00:00:00-04:00,64.4000015258789,66.20500183105469,64.38999938964844,65.66999816894531,1364500,0.0,0.0
2022-10-05 00:00:00-04:00,64.44000244140625,65.0,61.41999816894531,64.62999725341797,1554100,0.0,0.0
2022-10-06 00:00:00-04:00,64.44000244140625,66.12999725341797,63.380001068115234,65.26000213623047,712100,0.0,0.0
2022-10-07 00:00:00-04:00,63.880001068115234,64.19000244140625,61.2599983215332,61.650001525878906,775300,0.0,0.0
2022-10-10 00:00:00-04:00,61.400001525878906,61.4900016784668,59.25,60.81999969482422,753400,0.0,0.0
2022-10-11 00:00:00-04:00,58.900001525878906,61.150001525878906,57.099998474121094,58.5099983215332,1424100,0.0,0.0
2022-10-12 00:00:00-04:00,58.349998474121094,59.459999084472656,57.310001373291016,58.5099983215332,606100,0.0,0.0
2022-10-13 00:00:00-04:00,56.0099983215332,58.9900016784668,55.380001068115234,58.060001373291016,1005900,0.0,0.0
2022-10-14 00:00:00-04:00,58.790000915527344,59.529998779296875,53.97999954223633,54.06999969482422,1125700,0.0,0.0
2022-10-17 00:00:00-04:00,54.75,56.654998779296875,54.38399887084961,56.33000183105469,918700,0.0,0.0
2022-10-18 00:00:00-04:00,58.11000061035156,59.5,55.41999816894531,56.900001525878906,828200,0.0,0.0
2022-10-19 00:00:00-04:00,56.20000076293945,56.459999084472656,53.558998107910156,54.06999969482422,898600,0.0,0.0
2022-10-20 00:00:00-04:00,53.689998626708984,54.68000030517578,51.0,51.290000915527344,1191200,0.0,0.0
2022-10-21 00:00:00-04:00,51.52000045776367,51.95000076293945,50.20000076293945,50.84000015258789,1384100,0.0,0.0
2022-10-24 00:00:00-04:00,50.849998474121094,50.849998474121094,48.4900016784668,50.400001525878906,962200,0.0,0.0
2022-10-25 00:00:00-04:00,50.95000076293945,52.94499969482422,50.95000076293945,52.45000076293945,1012200,0.0,0.0
2022-10-26 00:00:00-04:00,52.18000030517578,57.88999938964844,52.150001525878906,55.20000076293945,1092400,0.0,0.0
2022-10-27 00:00:00-04:00,55.61000061035156,55.685001373291016,52.31999969482422,52.36000061035156,965600,0.0,0.0
2022-10-28 00:00:00-04:00,52.18000030517578,54.375,51.5,54.290000915527344,935200,0.0,0.0
2022-10-31 00:00:00-04:00,53.95000076293945,54.630001068115234,51.83000183105469,52.34000015258789,934200,0.0,0.0
2022-11-01 00:00:00-04:00,53.810001373291016,54.150001525878906,51.95000076293945,52.02000045776367,683700,0.0,0.0
2022-11-02 00:00:00-04:00,51.9900016784668,56.70000076293945,51.84000015258789,54.68000030517578,1532100,0.0,0.0
2022-11-03 00:00:00-04:00,54.38999938964844,54.459999084472656,53.20000076293945,53.2400016784668,940800,0.0,0.0
2022-11-04 00:00:00-04:00,54.29999923706055,54.45000076293945,49.709999084472656,51.18000030517578,1135100,0.0,0.0
2022-11-07 00:00:00-05:00,50.630001068115234,51.25,48.494998931884766,49.70000076293945,1100000,0.0,0.0
2022-11-08 00:00:00-05:00,49.5,52.540000915527344,49.189998626708984,50.72999954223633,825200,0.0,0.0
2022-11-09 00:00:00-05:00,50.2599983215332,51.040000915527344,48.77000045776367,48.93000030517578,870900,0.0,0.0
2022-11-10 00:00:00-05:00,52.349998474121094,55.0,51.310001373291016,54.689998626708984,1390700,0.0,0.0
2022-11-11 00:00:00-05:00,54.13999938964844,62.224998474121094,54.13999938964844,60.349998474121094,2402900,0.0,0.0
2022-11-14 00:00:00-05:00,60.0,62.220001220703125,59.14400100708008,59.779998779296875,1183900,0.0,0.0
2022-11-15 00:00:00-05:00,63.52000045776367,64.22000122070312,60.31999969482422,61.0099983215332,1249500,0.0,0.0
2022-11-16 00:00:00-05:00,60.880001068115234,61.130001068115234,57.96799850463867,58.7599983215332,1057100,0.0,0.0
2022-11-17 00:00:00-05:00,56.93000030517578,58.22999954223633,56.14500045776367,57.63999938964844,780400,0.0,0.0
2022-11-18 00:00:00-05:00,58.709999084472656,62.119998931884766,57.255001068115234,57.7400016784668,992700,0.0,0.0
2022-11-21 00:00:00-05:00,57.58000183105469,58.33000183105469,54.367000579833984,55.540000915527344,799000,0.0,0.0
2022-11-22 00:00:00-05:00,55.380001068115234,55.52000045776367,53.915000915527344,55.459999084472656,602500,0.0,0.0
2022-11-23 00:00:00-05:00,55.54999923706055,56.79999923706055,54.84000015258789,55.029998779296875,632500,0.0,0.0
2022-11-25 00:00:00-05:00,54.459999084472656,55.029998779296875,53.34000015258789,54.9900016784668,323000,0.0,0.0
2022-11-28 00:00:00-05:00,54.970001220703125,55.599998474121094,53.02000045776367,53.34000015258789,692100,0.0,0.0
2022-11-29 00:00:00-05:00,53.63999938964844,54.349998474121094,52.52000045776367,52.880001068115234,646800,0.0,0.0
2022-11-30 00:00:00-05:00,53.5,54.88999938964844,51.459999084472656,54.790000915527344,1144100,0.0,0.0
2022-12-01 00:00:00-05:00,54.18000030517578,55.34000015258789,53.36600112915039,54.34000015258789,668200,0.0,0.0
2022-12-02 00:00:00-05:00,53.33000183105469,54.68000030517578,52.630001068115234,54.5,742100,0.0,0.0
2022-12-05 00:00:00-05:00,54.06999969482422,54.38999938964844,51.189998626708984,52.11000061035156,1045300,0.0,0.0
2022-12-06 00:00:00-05:00,52.119998931884766,52.18000030517578,50.08000183105469,50.779998779296875,731300,0.0,0.0
2022-12-07 00:00:00-05:00,50.4900016784668,51.540000915527344,49.79999923706055,50.61000061035156,1252300,0.0,0.0
2022-12-08 00:00:00-05:00,50.779998779296875,51.2599983215332,49.130001068115234,50.5,730800,0.0,0.0
2022-12-09 00:00:00-05:00,50.22999954223633,50.7400016784668,48.9900016784668,48.9900016784668,1131700,0.0,0.0
2022-12-12 00:00:00-05:00,49.22999954223633,51.2599983215332,47.130001068115234,51.060001373291016,1582100,0.0,0.0
2022-12-13 00:00:00-05:00,53.404998779296875,54.15999984741211,48.470001220703125,50.70000076293945,1816200,0.0,0.0
2022-12-14 00:00:00-05:00,50.70000076293945,52.220001220703125,49.529998779296875,50.189998626708984,985000,0.0,0.0
2022-12-15 00:00:00-05:00,49.06999969482422,50.380001068115234,47.34000015258789,47.5,948200,0.0,0.0
2022-12-16 00:00:00-05:00,47.279998779296875,47.279998779296875,44.84000015258789,46.40999984741211,2114200,0.0,0.0
2022-12-19 00:00:00-05:00,46.5,46.5,43.61000061035156,44.060001373291016,1178300,0.0,0.0
2022-12-20 00:00:00-05:00,43.75,44.77000045776367,43.582000732421875,44.310001373291016,955300,0.0,0.0
2022-12-21 00:00:00-05:00,44.38999938964844,45.689998626708984,43.880001068115234,45.41999816894531,1090600,0.0,0.0
2022-12-22 00:00:00-05:00,44.939998626708984,46.150001525878906,44.720001220703125,46.08000183105469,1093100,0.0,0.0
2022-12-23 00:00:00-05:00,46.150001525878906,46.880001068115234,43.93000030517578,44.09000015258789,987700,0.0,0.0
2022-12-27 00:00:00-05:00,43.70000076293945,43.88999938964844,40.790000915527344,41.0099983215332,1289500,0.0,0.0
2022-12-28 00:00:00-05:00,40.9900016784668,41.869998931884766,39.04999923706055,39.189998626708984,1297700,0.0,0.0
2022-12-29 00:00:00-05:00,39.75,41.22999954223633,39.34000015258789,40.33000183105469,1361300,0.0,0.0
2022-12-30 00:00:00-05:00,39.81999969482422,40.68000030517578,38.939998626708984,40.650001525878906,1147200,0.0,0.0
2023-01-03 00:00:00-05:00,41.189998626708984,41.64500045776367,39.87900161743164,41.0,1364900,0.0,0.0
2023-01-04 00:00:00-05:00,41.52000045776367,45.0099983215332,41.20000076293945,45.0,1258900,0.0,0.0
2023-01-05 00:00:00-05:00,45.970001220703125,47.86000061035156,45.029998779296875,47.45000076293945,1416000,0.0,0.0
2023-01-06 00:00:00-05:00,47.560001373291016,48.470001220703125,46.29800033569336,47.209999084472656,1475500,0.0,0.0
2023-01-09 00:00:00-05:00,47.939998626708984,48.72999954223633,46.560001373291016,46.68000030517578,1006700,0.0,0.0
2023-01-10 00:00:00-05:00,46.689998626708984,48.2599983215332,46.689998626708984,48.2400016784668,700000,0.0,0.0
2023-01-11 00:00:00-05:00,48.59000015258789,49.38999938964844,47.15999984741211,48.349998474121094,936800,0.0,0.0
2023-01-12 00:00:00-05:00,48.41999816894531,49.70000076293945,45.77000045776367,49.65999984741211,914000,0.0,0.0
2023-01-13 00:00:00-05:00,48.97999954223633,50.88999938964844,48.95000076293945,49.939998626708984,1397600,0.0,0.0
2023-01-17 00:00:00-05:00,49.93000030517578,52.33000183105469,48.81999969482422,51.77000045776367,1057700,0.0,0.0
2023-01-18 00:00:00-05:00,52.130001068115234,54.18000030517578,50.18000030517578,50.54999923706055,1316800,0.0,0.0
2023-01-19 00:00:00-05:00,49.630001068115234,49.70000076293945,46.90999984741211,47.66999816894531,1004800,0.0,0.0
2023-01-20 00:00:00-05:00,48.13999938964844,50.040000915527344,47.5,49.61000061035156,899100,0.0,0.0
2023-01-23 00:00:00-05:00,49.68000030517578,51.39500045776367,49.1349983215332,51.31999969482422,790300,0.0,0.0
2023-01-24 00:00:00-05:00,50.95000076293945,52.310001373291016,50.63999938964844,51.959999084472656,797100,0.0,0.0
2023-01-25 00:00:00-05:00,50.70000076293945,51.20000076293945,49.29499816894531,50.75,1010500,0.0,0.0
2023-01-26 00:00:00-05:00,51.5,52.0,49.4109992980957,50.470001220703125,906000,0.0,0.0
2023-01-27 00:00:00-05:00,50.15999984741211,53.189998626708984,50.0,52.779998779296875,879900,0.0,0.0
2023-01-30 00:00:00-05:00,52.099998474121094,52.369998931884766,49.86000061035156,49.959999084472656,1180600,0.0,0.0
2023-01-31 00:00:00-05:00,50.099998474121094,51.900001525878906,50.099998474121094,51.02000045776367,725400,0.0,0.0
2023-02-01 00:00:00-05:00,51.56999969482422,53.040000915527344,50.34000015258789,52.33000183105469,1076100,0.0,0.0
2023-02-02 00:00:00-05:00,54.25,58.5,52.7599983215332,56.119998931884766,2088700,0.0,0.0
2023-02-03 00:00:00-05:00,54.119998931884766,56.11000061035156,53.380001068115234,55.27000045776367,1166700,0.0,0.0
2023-02-06 00:00:00-05:00,55.150001525878906,56.52000045776367,54.41999816894531,55.5099983215332,871200,0.0,0.0
2023-02-07 00:00:00-05:00,56.04999923706055,57.220001220703125,53.5,55.665000915527344,1320700,0.0,0.0
2023-02-08 00:00:00-05:00,55.66999816894531,56.15999984741211,53.27000045776367,53.38999938964844,801500,0.0,0.0
2023-02-09 00:00:00-05:00,54.0,54.40999984741211,50.71500015258789,51.08000183105469,1027400,0.0,0.0
2023-02-10 00:00:00-05:00,50.38999938964844,50.5099983215332,49.16999816894531,49.779998779296875,1232000,0.0,0.0
2023-02-13 00:00:00-05:00,49.83000183105469,51.709999084472656,48.83000183105469,51.5099983215332,894300,0.0,0.0
2023-02-14 00:00:00-05:00,50.84000015258789,52.47999954223633,49.6349983215332,50.869998931884766,986100,0.0,0.0
2023-02-15 00:00:00-05:00,50.689998626708984,52.2599983215332,49.810001373291016,52.16999816894531,688000,0.0,0.0
2023-02-16 00:00:00-05:00,50.95000076293945,52.06999969482422,49.709999084472656,50.540000915527344,1051900,0.0,0.0
2023-02-17 00:00:00-05:00,49.9900016784668,50.91999816894531,48.22999954223633,50.88999938964844,1138800,0.0,0.0
2023-02-21 00:00:00-05:00,49.459999084472656,49.599998474121094,46.52000045776367,46.630001068115234,1445500,0.0,0.0
2023-02-22 00:00:00-05:00,47.79999923706055,53.5,47.33000183105469,50.380001068115234,2728400,0.0,0.0
2023-02-23 00:00:00-05:00,51.63999938964844,51.65800094604492,47.779998779296875,50.040000915527344,1312500,0.0,0.0
2023-02-24 00:00:00-05:00,48.91999816894531,49.41999816894531,47.29999923706055,48.02000045776367,1229100,0.0,0.0
2023-02-27 00:00:00-05:00,49.189998626708984,49.52000045776367,47.150001525878906,49.15999984741211,1093400,0.0,0.0
2023-02-28 00:00:00-05:00,49.09000015258789,50.1150016784668,48.75,49.31999969482422,1168400,0.0,0.0
2023-03-01 00:00:00-05:00,49.209999084472656,49.47999954223633,47.599998474121094,47.720001220703125,797800,0.0,0.0
2023-03-02 00:00:00-05:00,47.47999954223633,49.439998626708984,46.849998474121094,49.189998626708984,817500,0.0,0.0
2023-03-03 00:00:00-05:00,49.810001373291016,51.189998626708984,48.68000030517578,50.84000015258789,883900,0.0,0.0
2023-03-06 00:00:00-05:00,51.41999816894531,51.558998107910156,49.060001373291016,49.33000183105469,748800,0.0,0.0
2023-03-07 00:00:00-05:00,48.869998931884766,49.099998474121094,47.66400146484375,47.84000015258789,762300,0.0,0.0
2023-03-08 00:00:00-05:00,47.650001525878906,48.5,47.099998474121094,47.93000030517578,669500,0.0,0.0
2023-03-09 00:00:00-05:00,47.83000183105469,48.34000015258789,45.720001220703125,45.790000915527344,784500,0.0,0.0
2023-03-10 00:00:00-05:00,45.470001220703125,45.72999954223633,42.0099983215332,43.220001220703125,1762500,0.0,0.0
2023-03-13 00:00:00-04:00,42.75,46.36000061035156,42.56999969482422,45.720001220703125,1363400,0.0,0.0
2023-03-14 00:00:00-04:00,46.65999984741211,47.34600067138672,44.61000061035156,45.150001525878906,1015900,0.0,0.0
2023-03-15 00:00:00-04:00,44.630001068115234,45.45899963378906,43.88999938964844,44.91999816894531,866900,0.0,0.0
2023-03-16 00:00:00-04:00,44.869998931884766,46.150001525878906,43.75,45.38999938964844,755800,0.0,0.0
2023-03-17 00:00:00-04:00,45.630001068115234,45.95000076293945,44.25,45.7400016784668,957900,0.0,0.0
2023-03-20 00:00:00-04:00,45.540000915527344,46.04999923706055,44.08000183105469,44.459999084472656,832400,0.0,0.0
2023-03-21 00:00:00-04:00,44.31999969482422,45.29999923706055,43.40999984741211,45.060001373291016,1055700,0.0,0.0
2023-03-22 00:00:00-04:00,45.16999816894531,45.65999984741211,43.540000915527344,43.540000915527344,973300,0.0,0.0
2023-03-23 00:00:00-04:00,44.34000015258789,45.040000915527344,42.40999984741211,43.13999938964844,920500,0.0,0.0
2023-03-24 00:00:00-04:00,42.83000183105469,43.86000061035156,42.0,43.43000030517578,889900,0.0,0.0
2023-03-27 00:00:00-04:00,45.5099983215332,46.119998931884766,43.93000030517578,44.349998474121094,1393700,0.0,0.0
2023-03-28 00:00:00-04:00,44.119998931884766,44.74300003051758,43.3650016784668,43.849998474121094,702400,0.0,0.0
2023-03-29 00:00:00-04:00,44.36000061035156,45.5,43.529998779296875,45.18000030517578,913500,0.0,0.0
2023-03-30 00:00:00-04:00,45.560001373291016,45.70000076293945,44.0099983215332,44.15999984741211,822200,0.0,0.0
2023-03-31 00:00:00-04:00,44.41999816894531,45.689998626708984,44.06999969482422,45.22999954223633,1178400,0.0,0.0
2023-04-03 00:00:00-04:00,45.290000915527344,46.279998779296875,44.56999969482422,45.279998779296875,931600,0.0,0.0
2023-04-04 00:00:00-04:00,45.33000183105469,45.41999816894531,43.099998474121094,43.709999084472656,945000,0.0,0.0
2023-04-05 00:00:00-04:00,43.68000030517578,45.0,43.13999938964844,44.79999923706055,1189600,0.0,0.0
2023-04-06 00:00:00-04:00,44.880001068115234,45.709999084472656,44.025001525878906,45.400001525878906,886800,0.0,0.0
2023-04-10 00:00:00-04:00,44.9900016784668,45.209999084472656,44.5,45.09000015258789,746800,0.0,0.0
2023-04-11 00:00:00-04:00,45.130001068115234,45.939998626708984,45.11000061035156,45.40999984741211,739900,0.0,0.0
2023-04-12 00:00:00-04:00,46.5,47.13999938964844,43.400001525878906,43.470001220703125,1400000,0.0,0.0
2023-04-13 00:00:00-04:00,44.2400016784668,50.779998779296875,44.0,50.560001373291016,4384800,0.0,0.0
2023-04-14 00:00:00-04:00,50.560001373291016,51.470001220703125,49.584999084472656,50.310001373291016,2282200,0.0,0.0
2023-04-17 00:00:00-04:00,50.81999969482422,55.36000061035156,50.5,54.290000915527344,2601400,0.0,0.0
2023-04-18 00:00:00-04:00,54.790000915527344,54.900001525878906,51.79499816894531,51.91999816894531,1388900,0.0,0.0
2023-04-19 00:00:00-04:00,51.58000183105469,54.439998626708984,50.95000076293945,53.47999954223633,1198300,0.0,0.0
2023-04-20 00:00:00-04:00,52.529998779296875,52.97999954223633,49.66999816894531,49.88999938964844,1478000,0.0,0.0
2023-04-21 00:00:00-04:00,49.88999938964844,52.38999938964844,49.61000061035156,52.0099983215332,1194400,0.0,0.0
2023-04-24 00:00:00-04:00,52.209999084472656,52.2599983215332,50.0,51.08000183105469,900200,0.0,0.0
2023-04-25 00:00:00-04:00,50.970001220703125,51.70000076293945,49.04999923706055,49.43000030517578,886700,0.0,0.0
2023-04-26 00:00:00-04:00,49.599998474121094,50.0,48.54999923706055,48.650001525878906,1085500,0.0,0.0
2023-04-27 00:00:00-04:00,48.849998474121094,50.650001525878906,48.099998474121094,49.11000061035156,939700,0.0,0.0
2023-04-28 00:00:00-04:00,48.959999084472656,49.959999084472656,47.810001373291016,48.939998626708984,603900,0.0,0.0
2023-05-01 00:00:00-04:00,48.650001525878906,50.130001068115234,48.400001525878906,49.08000183105469,716800,0.0,0.0
2023-05-02 00:00:00-04:00,49.06999969482422,49.31999969482422,47.84000015258789,48.04999923706055,750900,0.0,0.0
2023-05-03 00:00:00-04:00,48.16999816894531,50.0,47.599998474121094,49.189998626708984,1088000,0.0,0.0
2023-05-04 00:00:00-04:00,48.689998626708984,53.849998474121094,48.63999938964844,53.119998931884766,1666800,0.0,0.0
2023-05-05 00:00:00-04:00,54.119998931884766,57.88999938964844,53.8849983215332,55.790000915527344,1872700,0.0,0.0
2023-05-08 00:00:00-04:00,55.939998626708984,56.20000076293945,54.029998779296875,55.959999084472656,998000,0.0,0.0
2023-05-09 00:00:00-04:00,56.470001220703125,64.25,55.720001220703125,63.41999816894531,3428600,0.0,0.0
2023-05-10 00:00:00-04:00,64.4800033569336,71.19999694824219,63.63999938964844,67.7699966430664,4342300,0.0,0.0
2023-05-11 00:00:00-04:00,68.0,68.80999755859375,65.12000274658203,66.01000213623047,2010100,0.0,0.0
2023-05-12 00:00:00-04:00,66.33999633789062,67.08000183105469,63.52000045776367,63.900001525878906,1898400,0.0,0.0
2023-05-15 00:00:00-04:00,64.12000274658203,68.95999908447266,63.849998474121094,65.94999694824219,1666600,0.0,0.0
2023-05-16 00:00:00-04:00,65.0,65.0,61.10200119018555,61.70000076293945,1746400,0.0,0.0
2023-05-17 00:00:00-04:00,62.06999969482422,64.69999694824219,60.68000030517578,64.41000366210938,1177000,0.0,0.0
2023-05-18 00:00:00-04:00,64.2300033569336,64.97000122070312,62.380001068115234,63.45000076293945,1051000,0.0,0.0
2023-05-19 00:00:00-04:00,63.849998474121094,65.25,61.58000183105469,62.130001068115234,1002500,0.0,0.0
2023-05-22 00:00:00-04:00,62.86000061035156,66.4000015258789,62.220001220703125,65.80000305175781,1208400,0.0,0.0
2023-05-23 00:00:00-04:00,65.72000122070312,72.0,65.56999969482422,67.19999694824219,2014000,0.0,0.0
2023-05-24 00:00:00-04:00,66.3499984741211,66.75,64.30000305175781,65.87999725341797,1187000,0.0,0.0
2023-05-25 00:00:00-04:00,66.26000213623047,66.4990005493164,62.15999984741211,63.849998474121094,997400,0.0,0.0
2023-05-26 00:00:00-04:00,63.779998779296875,65.5,62.900001525878906,64.66000366210938,1015800,0.0,0.0
2023-05-30 00:00:00-04:00,65.0,66.97000122070312,62.75,64.62999725341797,990900,0.0,0.0
2023-05-31 00:00:00-04:00,65.1500015258789,67.26000213623047,63.02000045776367,64.04000091552734,1324400,0.0,0.0
2023-06-01 00:00:00-04:00,64.05999755859375,65.5999984741211,62.834999084472656,64.5199966430664,1260500,0.0,0.0
2023-06-02 00:00:00-04:00,65.37000274658203,65.91999816894531,63.380001068115234,65.0,987600,0.0,0.0
2023-06-05 00:00:00-04:00,65.22000122070312,65.5,62.95000076293945,63.040000915527344,1070000,0.0,0.0
2023-06-06 00:00:00-04:00,63.040000915527344,65.68800354003906,61.65999984741211,64.58000183105469,1514400,0.0,0.0
2023-06-07 00:00:00-04:00,64.52999877929688,65.27999877929688,60.33000183105469,62.779998779296875,1460600,0.0,0.0
2023-06-08 00:00:00-04:00,62.5,63.70000076293945,61.0099983215332,62.59000015258789,1040500,0.0,0.0
2023-06-09 00:00:00-04:00,67.91000366210938,68.26000213623047,60.68000030517578,61.2400016784668,2739500,0.0,0.0
2023-06-12 00:00:00-04:00,61.79999923706055,63.20899963378906,59.43000030517578,59.900001525878906,1902700,0.0,0.0
2023-06-13 00:00:00-04:00,60.0,61.599998474121094,59.20000076293945,60.790000915527344,1485300,0.0,0.0
2023-06-14 00:00:00-04:00,61.310001373291016,61.428001403808594,58.45000076293945,58.959999084472656,1543700,0.0,0.0
2023-06-15 00:00:00-04:00,58.599998474121094,59.470001220703125,58.099998474121094,58.939998626708984,963100,0.0,0.0
2023-06-16 00:00:00-04:00,59.400001525878906,59.810001373291016,57.61000061035156,57.75,2055400,0.0,0.0
2023-06-20 00:00:00-04:00,57.61000061035156,57.79999923706055,56.06999969482422,56.88999938964844,1093500,0.0,0.0
2023-06-21 00:00:00-04:00,56.40999984741211,57.470001220703125,55.0099983215332,56.970001220703125,1159800,0.0,0.0
2023-06-22 00:00:00-04:00,56.880001068115234,57.31999969482422,56.005001068115234,56.939998626708984,723400,0.0,0.0
2023-06-23 00:00:00-04:00,56.0,56.689998626708984,55.2400016784668,56.029998779296875,1153700,0.0,0.0
2023-06-26 00:00:00-04:00,56.0099983215332,56.939998626708984,55.310001373291016,56.22999954223633,949400,0.0,0.0
2023-06-27 00:00:00-04:00,56.709999084472656,56.709999084472656,55.22999954223633,55.81999969482422,1011900,0.0,0.0
2023-06-28 00:00:00-04:00,55.83000183105469,57.78200149536133,55.290000915527344,57.15999984741211,854000,0.0,0.0
2023-06-29 00:00:00-04:00,57.099998474121094,57.470001220703125,56.040000915527344,57.02000045776367,830700,0.0,0.0
2023-06-30 00:00:00-04:00,57.720001220703125,58.0,55.83000183105469,56.13999938964844,1099300,0.0,0.0
2023-07-03 00:00:00-04:00,56.16999816894531,57.08000183105469,56.16999816894531,56.25,550400,0.0,0.0
2023-07-05 00:00:00-04:00,56.209999084472656,57.13999938964844,55.90999984741211,56.779998779296875,645200,0.0,0.0
2023-07-06 00:00:00-04:00,56.06999969482422,56.4900016784668,53.20000076293945,54.02000045776367,1243000,0.0,0.0
2023-07-07 00:00:00-04:00,54.02000045776367,55.08000183105469,53.847999572753906,54.369998931884766,687400,0.0,0.0
2023-07-10 00:00:00-04:00,54.40999984741211,58.380001068115234,53.93000030517578,57.65999984741211,1288500,0.0,0.0
2023-07-11 00:00:00-04:00,58.1349983215332,58.1349983215332,56.81999969482422,57.619998931884766,784600,0.0,0.0
2023-07-12 00:00:00-04:00,58.529998779296875,59.11000061035156,56.9900016784668,57.47999954223633,812500,0.0,0.0
2023-07-13 00:00:00-04:00,57.75,59.66999816894531,57.150001525878906,59.0,1030900,0.0,0.0
2023-07-14 00:00:00-04:00,59.290000915527344,59.56999969482422,56.5,56.90999984741211,1006900,0.0,0.0
2023-07-17 00:00:00-04:00,56.790000915527344,59.165000915527344,56.560001373291016,58.220001220703125,779600,0.0,0.0
2023-07-18 00:00:00-04:00,58.75,58.90999984741211,57.0099983215332,57.75,614800,0.0,0.0
2023-07-19 00:00:00-04:00,58.38999938964844,59.400001525878906,57.70000076293945,58.119998931884766,1539600,0.0,0.0
2023-07-20 00:00:00-04:00,57.20000076293945,57.75,56.11000061035156,56.540000915527344,915400,0.0,0.0
2023-07-21 00:00:00-04:00,57.04999923706055,57.70500183105469,56.11000061035156,56.72999954223633,1027500,0.0,0.0
2023-07-24 00:00:00-04:00,56.72999954223633,57.27000045776367,55.44599914550781,55.52000045776367,775800,0.0,0.0
2023-07-25 00:00:00-04:00,55.72999954223633,56.380001068115234,55.25,55.439998626708984,1025300,0.0,0.0
2023-07-26 00:00:00-04:00,55.33000183105469,57.9900016784668,55.20000076293945,57.279998779296875,1174100,0.0,0.0
2023-07-27 00:00:00-04:00,58.119998931884766,58.20000076293945,55.15999984741211,55.439998626708984,1100000,0.0,0.0
2023-07-28 00:00:00-04:00,55.9900016784668,57.5,55.9900016784668,56.88999938964844,705200,0.0,0.0
2023-07-31 00:00:00-04:00,57.02000045776367,58.02000045776367,56.7400016784668,57.33000183105469,594800,0.0,0.0
2023-08-01 00:00:00-04:00,56.95000076293945,56.95000076293945,55.58000183105469,56.40999984741211,756800,0.0,0.0
2023-08-02 00:00:00-04:00,55.20000076293945,55.41999816894531,52.880001068115234,53.0099983215332,1473300,0.0,0.0
2023-08-03 00:00:00-04:00,52.470001220703125,52.80799865722656,51.2400016784668,51.349998474121094,1146100,0.0,0.0
2023-08-04 00:00:00-04:00,51.61000061035156,52.2400016784668,50.70000076293945,50.959999084472656,934700,0.0,0.0
2023-08-07 00:00:00-04:00,50.75,50.9900016784668,48.25,48.34000015258789,1748800,0.0,0.0
2023-08-08 00:00:00-04:00,49.27000045776367,54.61000061035156,48.95000076293945,53.04999923706055,2390300,0.0,0.0
2023-08-09 00:00:00-04:00,53.279998779296875,53.47999954223633,50.53799819946289,50.95000076293945,1131300,0.0,0.0
2023-08-10 00:00:00-04:00,51.41999816894531,51.630001068115234,49.529998779296875,50.06999969482422,1099400,0.0,0.0
2023-08-11 00:00:00-04:00,49.95000076293945,50.619998931884766,49.34000015258789,49.650001525878906,704200,0.0,0.0
2023-08-14 00:00:00-04:00,49.150001525878906,49.369998931884766,47.20000076293945,48.41999816894531,1224100,0.0,0.0
2023-08-15 00:00:00-04:00,48.029998779296875,49.189998626708984,47.83000183105469,48.68000030517578,955300,0.0,0.0
2023-08-16 00:00:00-04:00,48.5,48.68000030517578,47.0,47.20000076293945,1084300,0.0,0.0
2023-08-17 00:00:00-04:00,47.209999084472656,48.720001220703125,46.04999923706055,47.09000015258789,1618200,0.0,0.0
2023-08-18 00:00:00-04:00,46.65999984741211,49.18000030517578,46.54999923706055,48.13999938964844,1207800,0.0,0.0
2023-08-21 00:00:00-04:00,48.04999923706055,48.220001220703125,47.209999084472656,47.93000030517578,768200,0.0,0.0
2023-08-22 00:00:00-04:00,48.36000061035156,49.25,47.84000015258789,48.970001220703125,957900,0.0,0.0
2023-08-23 00:00:00-04:00,49.064998626708984,50.709999084472656,49.064998626708984,50.5,1029400,0.0,0.0
2023-08-24 00:00:00-04:00,50.59000015258789,50.68000030517578,49.178001403808594,49.650001525878906,728900,0.0,0.0
2023-08-25 00:00:00-04:00,49.81999969482422,50.900001525878906,49.11000061035156,49.689998626708984,957500,0.0,0.0
2023-08-28 00:00:00-04:00,50.08000183105469,50.5,49.03099822998047,49.959999084472656,528200,0.0,0.0
2023-08-29 00:00:00-04:00,49.93000030517578,51.38600158691406,49.5099983215332,50.56999969482422,637600,0.0,0.0
2023-08-30 00:00:00-04:00,50.560001373291016,50.650001525878906,49.7400016784668,50.52000045776367,562800,0.0,0.0
2023-08-31 00:00:00-04:00,50.68000030517578,50.9900016784668,49.72999954223633,50.0099983215332,616600,0.0,0.0
2023-09-01 00:00:00-04:00,50.65999984741211,51.68000030517578,50.439998626708984,50.529998779296875,729300,0.0,0.0
2023-09-05 00:00:00-04:00,50.29999923706055,51.2599983215332,49.93000030517578,50.2599983215332,623500,0.0,0.0
2023-09-06 00:00:00-04:00,50.29999923706055,51.36000061035156,50.029998779296875,51.09000015258789,550500,0.0,0.0
2023-09-07 00:00:00-04:00,48.9900016784668,50.290000915527344,47.58000183105469,49.34000015258789,1309800,0.0,0.0
2023-09-08 00:00:00-04:00,49.38999938964844,50.04499816894531,48.68000030517578,49.939998626708984,559400,0.0,0.0
2023-09-11 00:00:00-04:00,50.060001373291016,51.5099983215332,49.93000030517578,51.06999969482422,717500,0.0,0.0
2023-09-12 00:00:00-04:00,51.27000045776367,51.604000091552734,50.25,50.369998931884766,510700,0.0,0.0
2023-09-13 00:00:00-04:00,50.20000076293945,51.12699890136719,49.290000915527344,49.36000061035156,565600,0.0,0.0
2023-09-14 00:00:00-04:00,49.70000076293945,51.529998779296875,49.11000061035156,51.279998779296875,1004200,0.0,0.0
2023-09-15 00:00:00-04:00,51.38999938964844,51.91999816894531,50.52000045776367,50.58000183105469,1428400,0.0,0.0
2023-09-18 00:00:00-04:00,50.33000183105469,50.58000183105469,47.459999084472656,47.63999938964844,1304000,0.0,0.0
2023-09-19 00:00:00-04:00,47.75,48.345001220703125,47.25,47.41999816894531,740400,0.0,0.0
2023-09-20 00:00:00-04:00,47.43000030517578,48.18000030517578,46.5099983215332,46.560001373291016,717200,0.0,0.0
2023-09-21 00:00:00-04:00,45.93199920654297,46.61000061035156,45.18000030517578,46.060001373291016,1056300,0.0,0.0
2023-09-22 00:00:00-04:00,46.60599899291992,46.95000076293945,45.470001220703125,45.4900016784668,659800,0.0,0.0
2023-09-25 00:00:00-04:00,45.18000030517578,46.119998931884766,44.52799987792969,45.86000061035156,801100,0.0,0.0
2023-09-26 00:00:00-04:00,45.779998779296875,47.08700180053711,45.619998931884766,46.11000061035156,706400,0.0,0.0
2023-09-27 00:00:00-04:00,46.86000061035156,47.790000915527344,46.68000030517578,47.130001068115234,839400,0.0,0.0
2023-09-28 00:00:00-04:00,47.099998474121094,47.099998474121094,44.900001525878906,45.7400016784668,819800,0.0,0.0
2023-09-29 00:00:00-04:00,46.540000915527344,46.970001220703125,45.220001220703125,45.38999938964844,845600,0.0,0.0
2023-10-02 00:00:00-04:00,45.25,45.349998474121094,42.349998474121094,42.40999984741211,1888700,0.0,0.0
2023-10-03 00:00:00-04:00,42.189998626708984,43.31999969482422,41.459999084472656,42.939998626708984,1497200,0.0,0.0
2023-10-04 00:00:00-04:00,42.95000076293945,43.0,40.71500015258789,41.619998931884766,1534100,0.0,0.0
2023-10-05 00:00:00-04:00,41.38999938964844,43.2599983215332,41.19599914550781,43.0,1028800,0.0,0.0
2023-10-06 00:00:00-04:00,43.0,43.619998931884766,42.36000061035156,43.060001373291016,1010100,0.0,0.0
2023-10-09 00:00:00-04:00,42.43000030517578,42.529998779296875,41.31999969482422,42.5099983215332,930800,0.0,0.0
2023-10-10 00:00:00-04:00,42.630001068115234,44.34000015258789,42.25,43.84000015258789,806200,0.0,0.0
2023-10-11 00:00:00-04:00,44.2599983215332,45.54999923706055,43.66999816894531,44.72999954223633,962700,0.0,0.0
2023-10-12 00:00:00-04:00,44.81999969482422,44.81999969482422,42.654998779296875,43.029998779296875,901000,0.0,0.0
2023-10-13 00:00:00-04:00,43.0099983215332,44.5,42.630001068115234,44.310001373291016,1001000,0.0,0.0
2023-10-16 00:00:00-04:00,44.310001373291016,45.04999923706055,43.61000061035156,44.810001373291016,711000,0.0,0.0
2023-10-17 00:00:00-04:00,43.38999938964844,44.439998626708984,42.5099983215332,43.65999984741211,1235500,0.0,0.0
2023-10-18 00:00:00-04:00,43.43000030517578,43.43000030517578,40.20000076293945,40.43000030517578,1434700,0.0,0.0
2023-10-19 00:00:00-04:00,40.459999084472656,41.02000045776367,39.689998626708984,39.779998779296875,1285300,0.0,0.0
2023-10-20 00:00:00-04:00,39.5,39.650001525878906,38.2400016784668,38.619998931884766,1501900,0.0,0.0
2023-10-23 00:00:00-04:00,38.310001373291016,40.55500030517578,37.54999923706055,40.099998474121094,1765400,0.0,0.0
2023-10-24 00:00:00-04:00,40.75,42.709999084472656,40.75,41.5099983215332,1651900,0.0,0.0
2023-10-25 00:00:00-04:00,41.0,41.29499816894531,38.904998779296875,39.18000030517578,1229500,0.0,0.0
2023-10-26 00:00:00-04:00,39.18000030517578,40.41999816894531,38.400001525878906,39.11000061035156,1919400,0.0,0.0
2023-10-27 00:00:00-04:00,42.5,43.1150016784668,38.2869987487793,38.7400016784668,3692100,0.0,0.0
2023-10-30 00:00:00-04:00,38.959999084472656,40.0,38.15800094604492,38.93000030517578,1883500,0.0,0.0
2023-10-31 00:00:00-04:00,38.93000030517578,38.93000030517578,38.93000030517578,38.93000030517578,71600,0.0,0.0
2023-11-01 00:00:00-04:00,43.45000076293945,44.15999984741211,39.7599983215332,43.75,4750100,0.0,0.0
2023-11-02 00:00:00-04:00,45.29999923706055,48.81999969482422,44.04499816894531,46.18000030517578,3067400,0.0,0.0
2023-11-03 00:00:00-04:00,47.7599983215332,52.35499954223633,47.5,50.9900016784668,3071200,0.0,0.0
2023-11-06 00:00:00-05:00,53.20000076293945,53.94300079345703,51.25,51.58000183105469,2819000,0.0,0.0
2023-11-07 00:00:00-05:00,52.439998626708984,58.810001373291016,51.79999923706055,58.58000183105469,3867100,0.0,0.0
2023-11-08 00:00:00-05:00,58.31999969482422,58.31999969482422,54.2400016784668,54.720001220703125,3057500,0.0,0.0
2023-11-09 00:00:00-05:00,55.09000015258789,55.93000030517578,50.77000045776367,51.2599983215332,2470600,0.0,0.0
2023-11-10 00:00:00-05:00,51.41999816894531,53.61000061035156,49.540000915527344,53.15999984741211,2255300,0.0,0.0
2023-11-13 00:00:00-05:00,52.029998779296875,52.41999816894531,48.54999923706055,52.0099983215332,2855200,0.0,0.0
2023-11-14 00:00:00-05:00,55.380001068115234,56.78499984741211,53.599998474121094,55.29999923706055,1993000,0.0,0.0
2023-11-15 00:00:00-05:00,55.68000030517578,57.099998474121094,54.27000045776367,56.22999954223633,1808400,0.0,0.0
2023-11-16 00:00:00-05:00,58.060001373291016,60.40999984741211,55.7599983215332,59.220001220703125,3379600,0.0,0.0
2023-11-17 00:00:00-05:00,61.18000030517578,68.93499755859375,60.79999923706055,67.88999938964844,6521200,0.0,0.0
2023-11-20 00:00:00-05:00,69.56999969482422,76.19000244140625,68.0999984741211,72.18000030517578,8009600,0.0,0.0
2023-11-21 00:00:00-05:00,71.44000244140625,71.69999694824219,67.18000030517578,67.56999969482422,3992900,0.0,0.0
2023-11-22 00:00:00-05:00,68.69000244140625,71.18000030517578,68.0,70.48999786376953,2573400,0.0,0.0
2023-11-24 00:00:00-05:00,70.48999786376953,73.4000015258789,69.6500015258789,69.97000122070312,1887000,0.0,0.0
2023-11-27 00:00:00-05:00,69.75,71.8499984741211,67.81999969482422,71.61000061035156,2162700,0.0,0.0
2023-11-28 00:00:00-05:00,71.16999816894531,71.73999786376953,69.44000244140625,70.66000366210938,1861200,0.0,0.0
2023-11-29 00:00:00-05:00,71.37999725341797,73.55000305175781,68.93000030517578,69.08999633789062,2215100,0.0,0.0
2023-11-30 00:00:00-05:00,70.48999786376953,71.18000030517578,66.51000213623047,66.7300033569336,2515800,0.0,0.0
2023-12-01 00:00:00-05:00,66.22000122070312,68.69999694824219,63.38999938964844,68.6500015258789,3675400,0.0,0.0
2023-12-04 00:00:00-05:00,69.0999984741211,72.97000122070312,68.55000305175781,71.51000213623047,2815400,0.0,0.0
2023-12-05 00:00:00-05:00,70.6500015258789,72.69000244140625,68.30000305175781,70.5999984741211,1863900,0.0,0.0
2023-12-06 00:00:00-05:00,71.44999694824219,74.4219970703125,70.05999755859375,71.13999938964844,2461500,0.0,0.0
2023-12-07 00:00:00-05:00,70.73999786376953,71.0,69.08999633789062,70.20999908447266,2145000,0.0,0.0
2023-12-08 00:00:00-05:00,71.06999969482422,76.97000122070312,61.54999923706055,64.54000091552734,17230200,0.0,0.0
2023-12-11 00:00:00-05:00,62.95000076293945,63.0,56.08000183105469,60.279998779296875,8818300,0.0,0.0
2023-12-12 00:00:00-05:00,60.5099983215332,60.70000076293945,57.58000183105469,58.119998931884766,3655900,0.0,0.0
2023-12-13 00:00:00-05:00,57.70000076293945,61.4900016784668,55.2130012512207,61.43000030517578,4654700,0.0,0.0
2023-12-14 00:00:00-05:00,62.84000015258789,63.900001525878906,59.86000061035156,62.939998626708984,3475500,0.0,0.0
2023-12-15 00:00:00-05:00,63.470001220703125,64.27999877929688,61.54999923706055,62.08000183105469,2637500,0.0,0.0
2023-12-18 00:00:00-05:00,62.540000915527344,63.58000183105469,61.27000045776367,61.400001525878906,1646200,0.0,0.0
2023-12-19 00:00:00-05:00,61.59000015258789,67.47000122070312,61.59000015258789,66.83000183105469,3917700,0.0,0.0
2023-12-20 00:00:00-05:00,66.43000030517578,66.43000030517578,60.7400016784668,60.810001373291016,3763400,0.0,0.0
2023-12-21 00:00:00-05:00,61.650001525878906,62.68000030517578,59.290000915527344,60.599998474121094,2542300,0.0,0.0
2023-12-22 00:00:00-05:00,61.0099983215332,64.77999877929688,60.75,63.66999816894531,2843800,0.0,0.0
2023-12-26 00:00:00-05:00,64.83000183105469,65.88999938964844,64.02999877929688,65.33000183105469,1724200,0.0,0.0
2023-12-27 00:00:00-05:00,66.4000015258789,67.16000366210938,63.79999923706055,64.95999908447266,1609400,0.0,0.0
2023-12-28 00:00:00-05:00,65.44999694824219,65.76000213623047,63.40999984741211,64.30000305175781,1801200,0.0,0.0
2023-12-29 00:00:00-05:00,64.16000366210938,64.5999984741211,62.58000183105469,62.599998474121094,1875500,0.0,0.0
2024-01-02 00:00:00-05:00,61.84000015258789,68.4800033569336,61.5,66.05999755859375,3632700,0.0,0.0
2024-01-03 00:00:00-05:00,64.58000183105469,65.26899719238281,62.150001525878906,62.560001373291016,1992600,0.0,0.0
2024-01-04 00:00:00-05:00,62.41999816894531,63.42100143432617,61.83000183105469,61.939998626708984,1489800,0.0,0.0
2024-01-05 00:00:00-05:00,60.90999984741211,61.40999984741211,59.349998474121094,60.66999816894531,2045600,0.0,0.0
2024-01-08 00:00:00-05:00,60.54999923706055,62.79999923706055,58.290000915527344,62.689998626708984,2072300,0.0,0.0
2024-01-09 00:00:00-05:00,61.54999923706055,63.70899963378906,60.75,62.630001068115234,1587300,0.0,0.0
2024-01-10 00:00:00-05:00,62.56999969482422,63.34000015258789,60.61000061035156,63.34000015258789,1967100,0.0,0.0
2024-01-11 00:00:00-05:00,62.06999969482422,65.86000061035156,61.959999084472656,64.83999633789062,3638600,0.0,0.0
2024-01-12 00:00:00-05:00,65.1500015258789,67.08499908447266,63.599998474121094,64.25,2097800,0.0,0.0
2024-01-16 00:00:00-05:00,63.209999084472656,63.58000183105469,62.02000045776367,63.43000030517578,1751200,0.0,0.0
2024-01-17 00:00:00-05:00,62.25,63.095001220703125,60.25,60.86000061035156,2276300,0.0,0.0
2024-01-18 00:00:00-05:00,61.099998474121094,61.22999954223633,59.70000076293945,60.97999954223633,1402800,0.0,0.0
2024-01-19 00:00:00-05:00,61.0,61.9900016784668,60.1349983215332,61.9900016784668,2106700,0.0,0.0
2024-01-22 00:00:00-05:00,62.52000045776367,65.80000305175781,62.209999084472656,65.26000213623047,2383900,0.0,0.0
2024-01-23 00:00:00-05:00,66.2300033569336,66.66999816894531,64.30000305175781,66.19000244140625,1631600,0.0,0.0
2024-01-24 00:00:00-05:00,66.9800033569336,67.33000183105469,62.869998931884766,63.0099983215332,1960100,0.0,0.0
2024-01-25 00:00:00-05:00,62.869998931884766,64.18000030517578,62.45000076293945,62.869998931884766,1465500,0.0,0.0
2024-01-26 00:00:00-05:00,63.40999984741211,64.37999725341797,60.810001373291016,61.0099983215332,1616600,0.0,0.0
2024-01-29 00:00:00-05:00,61.08000183105469,65.95999908447266,60.02000045776367,65.77999877929688,2239600,0.0,0.0
2024-01-30 00:00:00-05:00,65.08000183105469,65.66999816894531,63.900001525878906,64.4800033569336,1200000,0.0,0.0
2024-01-31 00:00:00-05:00,63.9900016784668,66.23999786376953,62.75,62.95000076293945,1359100,0.0,0.0
2024-02-01 00:00:00-05:00,63.4900016784668,65.80000305175781,62.20000076293945,64.66999816894531,1449300,0.0,0.0
2024-02-02 00:00:00-05:00,62.900001525878906,65.12999725341797,62.08000183105469,64.75,1487600,0.0,0.0
2024-02-05 00:00:00-05:00,64.0,64.81999969482422,62.459999084472656,64.51000213623047,941100,0.0,0.0
2024-02-06 00:00:00-05:00,64.41000366210938,66.91000366210938,63.58000183105469,66.87999725341797,1690800,0.0,0.0
2024-02-07 00:00:00-05:00,67.0,67.20999908447266,65.5999984741211,65.72000122070312,1304800,0.0,0.0
2024-02-08 00:00:00-05:00,65.5999984741211,69.33000183105469,64.16000366210938,68.83000183105469,1976200,0.0,0.0
2024-02-09 00:00:00-05:00,69.7300033569336,72.48999786376953,69.35600280761719,70.01000213623047,2534600,0.0,0.0
2024-02-12 00:00:00-05:00,70.02999877929688,76.4800033569336,69.80000305175781,76.44000244140625,2961800,0.0,0.0
2024-02-13 00:00:00-05:00,72.38999938964844,75.18000030517578,71.88999938964844,72.77999877929688,3198500,0.0,0.0
2024-02-14 00:00:00-05:00,74.55000305175781,79.94999694824219,73.33899688720703,79.04000091552734,4136000,0.0,0.0
2024-02-15 00:00:00-05:00,79.75,90.18000030517578,79.27999877929688,84.4800033569336,6010000,0.0,0.0
2024-02-16 00:00:00-05:00,83.7300033569336,84.88999938964844,81.91999816894531,82.22000122070312,2203400,0.0,0.0
2024-02-20 00:00:00-05:00,80.23999786376953,82.0,77.80000305175781,78.7300033569336,2174400,0.0,0.0
2024-02-21 00:00:00-05:00,82.48999786376953,83.5,77.11000061035156,82.41000366210938,3124200,0.0,0.0
2024-02-22 00:00:00-05:00,82.0,91.0999984741211,81.83000183105469,86.19000244140625,4286700,0.0,0.0
2024-02-23 00:00:00-05:00,85.93000030517578,87.69000244140625,82.3499984741211,83.98999786376953,2048500,0.0,0.0
2024-02-26 00:00:00-05:00,83.48999786376953,86.8499984741211,83.25,86.05999755859375,2217000,0.0,0.0
2024-02-27 00:00:00-05:00,87.11000061035156,89.61000061035156,84.66000366210938,89.12000274658203,2594300,0.0,0.0
2024-02-28 00:00:00-05:00,88.23999786376953,90.62000274658203,87.31999969482422,87.68000030517578,2131600,0.0,0.0
2024-02-29 00:00:00-05:00,89.38999938964844,89.87999725341797,83.04000091552734,84.22000122070312,2522500,0.0,0.0
2024-03-01 00:00:00-05:00,84.36000061035156,87.0790023803711,83.33100128173828,83.75,1424400,0.0,0.0
2024-03-04 00:00:00-05:00,83.9800033569336,84.16999816894531,80.5,81.73999786376953,1604800,0.0,0.0
2024-03-05 00:00:00-05:00,80.16999816894531,82.87000274658203,78.9000015258789,80.98999786376953,1386700,0.0,0.0
2024-03-06 00:00:00-05:00,81.58000183105469,81.9800033569336,79.5,80.83000183105469,1090400,0.0,0.0
2024-03-07 00:00:00-05:00,81.0,83.4990005493164,79.31999969482422,79.37000274658203,1202500,0.0,0.0
2024-03-08 00:00:00-05:00,79.54000091552734,81.7300033569336,77.10099792480469,78.91999816894531,1614600,0.0,0.0
2024-03-11 00:00:00-04:00,78.4800033569336,79.3290023803711,76.12000274658203,76.81999969482422,1417700,0.0,0.0
2024-03-12 00:00:00-04:00,76.19999694824219,76.19999694824219,73.66000366210938,75.30000305175781,1410200,0.0,0.0
2024-03-13 00:00:00-04:00,74.61000061035156,76.86000061035156,74.0,74.77999877929688,1228300,0.0,0.0
2024-03-14 00:00:00-04:00,73.52999877929688,74.16999816894531,71.125,72.01000213623047,1731200,0.0,0.0
2024-03-15 00:00:00-04:00,71.77999877929688,73.5,71.4000015258789,72.94999694824219,1940100,0.0,0.0
2024-03-18 00:00:00-04:00,73.56999969482422,73.7300033569336,71.24199676513672,71.47000122070312,1221700,0.0,0.0
2024-03-19 00:00:00-04:00,71.08999633789062,72.66000366210938,70.36000061035156,71.95999908447266,1294600,0.0,0.0
2024-03-20 00:00:00-04:00,71.51000213623047,74.2020034790039,70.69999694824219,72.94000244140625,1283200,0.0,0.0
2024-03-21 00:00:00-04:00,73.77999877929688,75.91000366210938,73.18000030517578,74.5,1485900,0.0,0.0
2024-03-22 00:00:00-04:00,74.5,74.58999633789062,71.55000305175781,71.61000061035156,1024400,0.0,0.0
2024-03-25 00:00:00-04:00,71.55000305175781,72.03500366210938,70.68499755859375,71.08000183105469,909500,0.0,0.0
2024-03-26 00:00:00-04:00,71.29000091552734,73.08999633789062,70.88999938964844,70.97000122070312,836000,0.0,0.0
2024-03-27 00:00:00-04:00,71.48999786376953,71.54000091552734,68.87999725341797,70.16000366210938,1340700,0.0,0.0
2024-03-28 00:00:00-04:00,69.9800033569336,70.12000274658203,67.5199966430664,68.16000366210938,1603400,0.0,0.0
2024-04-01 00:00:00-04:00,68.1449966430664,68.38899993896484,66.5,68.18000030517578,1078000,0.0,0.0
2024-04-02 00:00:00-04:00,66.0,66.38999938964844,64.26000213623047,65.02999877929688,1499400,0.0,0.0
2024-04-03 00:00:00-04:00,64.7300033569336,65.45700073242188,63.599998474121094,64.5999984741211,996100,0.0,0.0
2024-04-04 00:00:00-04:00,64.83000183105469,67.24600219726562,64.6709976196289,65.05999755859375,1221000,0.0,0.0
2024-04-05 00:00:00-04:00,64.4000015258789,64.4540023803711,62.33000183105469,62.900001525878906,1681500,0.0,0.0
2024-04-08 00:00:00-04:00,63.209999084472656,64.21499633789062,62.51100158691406,64.08999633789062,1123500,0.0,0.0
2024-04-09 00:00:00-04:00,64.0,65.23999786376953,63.06999969482422,65.19000244140625,1004300,0.0,0.0
2024-04-10 00:00:00-04:00,62.099998474121094,62.93000030517578,60.310001373291016,61.7400016784668,1981200,0.0,0.0
2024-04-11 00:00:00-04:00,62.689998626708984,63.08000183105469,61.31999969482422,62.90999984741211,1040400,0.0,0.0
2024-04-12 00:00:00-04:00,62.22999954223633,62.349998474121094,60.25,60.66999816894531,1079100,0.0,0.0
2024-04-15 00:00:00-04:00,60.7400016784668,60.95000076293945,58.470001220703125,58.720001220703125,1468400,0.0,0.0
2024-04-16 00:00:00-04:00,58.040000915527344,58.737998962402344,57.13999938964844,57.959999084472656,1176500,0.0,0.0
2024-04-17 00:00:00-04:00,58.34000015258789,58.46799850463867,55.52000045776367,55.560001373291016,1399600,0.0,0.0
2024-04-18 00:00:00-04:00,55.86000061035156,58.029998779296875,55.25,56.15999984741211,1745400,0.0,0.0
2024-04-19 00:00:00-04:00,56.15999984741211,57.5,54.275001525878906,55.04999923706055,1766200,0.0,0.0
2024-04-22 00:00:00-04:00,55.400001525878906,56.93000030517578,54.369998931884766,55.65999984741211,1044300,0.0,0.0
2024-04-23 00:00:00-04:00,55.93000030517578,58.67499923706055,55.560001373291016,56.40999984741211,1190600,0.0,0.0
2024-04-24 00:00:00-04:00,56.790000915527344,57.779998779296875,55.5,55.650001525878906,920400,0.0,0.0
2024-04-25 00:00:00-04:00,53.97999954223633,54.150001525878906,52.75,53.72999954223633,1248700,0.0,0.0
2024-04-26 00:00:00-04:00,54.209999084472656,54.935001373291016,52.81399917602539,53.90999984741211,1353500,0.0,0.0
2024-04-29 00:00:00-04:00,54.09000015258789,55.619998931884766,54.0,54.83000183105469,1472200,0.0,0.0
2024-04-30 00:00:00-04:00,53.900001525878906,54.435001373291016,52.72999954223633,52.9900016784668,1120100,0.0,0.0
2024-05-01 00:00:00-04:00,53.15999984741211,55.970001220703125,52.7400016784668,53.810001373291016,1342900,0.0,0.0
2024-05-02 00:00:00-04:00,54.47999954223633,55.34000015258789,53.98500061035156,55.06999969482422,1004800,0.0,0.0
2024-05-03 00:00:00-04:00,56.70000076293945,58.45000076293945,55.56999969482422,55.88999938964844,1426900,0.0,0.0
2024-05-06 00:00:00-04:00,56.349998474121094,57.42399978637695,55.816001892089844,57.060001373291016,1453200,0.0,0.0
2024-05-07 00:00:00-04:00,57.0,57.099998474121094,55.27000045776367,55.529998779296875,1377200,0.0,0.0
2024-05-08 00:00:00-04:00,54.0,54.5,52.619998931884766,53.290000915527344,1552900,0.0,0.0
2024-05-09 00:00:00-04:00,52.11000061035156,54.18000030517578,51.58000183105469,53.54999923706055,1701200,0.0,0.0
2024-05-10 00:00:00-04:00,54.09000015258789,54.88999938964844,51.02000045776367,51.16999816894531,1633800,0.0,0.0
2024-05-13 00:00:00-04:00,51.97999954223633,57.959999084472656,51.95000076293945,55.650001525878906,2495600,0.0,0.0
2024-05-14 00:00:00-04:00,56.84000015258789,59.176998138427734,55.400001525878906,55.709999084472656,1785100,0.0,0.0
2024-05-15 00:00:00-04:00,57.93000030517578,58.75,56.38999938964844,56.959999084472656,1485600,0.0,0.0
2024-05-16 00:00:00-04:00,57.0099983215332,58.16999816894531,55.34000015258789,55.66999816894531,1037800,0.0,0.0
2024-05-17 00:00:00-04:00,55.97999954223633,56.369998931884766,54.63999938964844,56.220001220703125,1083000,0.0,0.0
2024-05-20 00:00:00-04:00,56.08000183105469,56.290000915527344,55.25,55.470001220703125,932000,0.0,0.0
2024-05-21 00:00:00-04:00,55.0,55.77000045776367,54.29999923706055,54.7599983215332,1118000,0.0,0.0
2024-05-22 00:00:00-04:00,54.689998626708984,58.64500045776367,54.27000045776367,56.79999923706055,1238800,0.0,0.0
2024-05-23 00:00:00-04:00,56.79999923706055,56.79999923706055,54.31999969482422,55.72999954223633,1361600,0.0,0.0
2024-05-24 00:00:00-04:00,55.900001525878906,56.290000915527344,55.029998779296875,55.2400016784668,623800,0.0,0.0
2024-05-28 00:00:00-04:00,55.86000061035156,56.5,54.18000030517578,54.84000015258789,852200,0.0,0.0
2024-05-29 00:00:00-04:00,53.65999984741211,54.310001373291016,52.52000045776367,53.849998474121094,1121000,0.0,0.0
2024-05-30 00:00:00-04:00,54.2599983215332,54.869998931884766,53.46099853515625,54.060001373291016,761300,0.0,0.0
2024-05-31 00:00:00-04:00,54.2599983215332,54.73500061035156,53.380001068115234,53.7400016784668,1119200,0.0,0.0
2024-06-03 00:00:00-04:00,54.81999969482422,58.220001220703125,54.52000045776367,57.150001525878906,1457700,0.0,0.0
2024-06-04 00:00:00-04:00,56.86000061035156,59.619998931884766,56.53900146484375,58.275001525878906,1294200,0.0,0.0
2024-06-05 00:00:00-04:00,58.5,60.0,56.599998474121094,59.720001220703125,1150600,0.0,0.0
2024-06-06 00:00:00-04:00,59.599998474121094,60.25899887084961,58.619998931884766,59.959999084472656,965700,0.0,0.0
2024-06-07 00:00:00-04:00,58.97999954223633,60.07600021362305,57.76499938964844,57.869998931884766,1137800,0.0,0.0
2024-06-10 00:00:00-04:00,57.0,60.08000183105469,56.79999923706055,59.9900016784668,1101600,0.0,0.0
2024-06-11 00:00:00-04:00,59.56999969482422,63.41999816894531,58.279998779296875,62.310001373291016,1965400,0.0,0.0
2024-06-12 00:00:00-04:00,64.19999694824219,67.87000274658203,63.61000061035156,64.83000183105469,2682500,0.0,0.0
2024-06-13 00:00:00-04:00,66.0,67.87999725341797,64.9010009765625,65.26000213623047,1769800,0.0,0.0
2024-06-14 00:00:00-04:00,64.77999877929688,65.38700103759766,63.4900016784668,63.560001373291016,1078400,0.0,0.0
2024-06-17 00:00:00-04:00,62.849998474121094,62.88999938964844,61.13999938964844,61.78499984741211,1236400,0.0,0.0
2024-06-18 00:00:00-04:00,62.029998779296875,62.167999267578125,60.40999984741211,60.56999969482422,903400,0.0,0.0
2024-06-20 00:00:00-04:00,60.04999923706055,60.189998626708984,58.04999923706055,59.599998474121094,1262600,0.0,0.0
2024-06-21 00:00:00-04:00,59.34000015258789,60.459999084472656,55.08000183105469,56.2400016784668,4015700,0.0,0.0
2024-06-24 00:00:00-04:00,56.27000045776367,58.310001373291016,56.11000061035156,57.939998626708984,1097100,0.0,0.0
2024-06-25 00:00:00-04:00,57.709999084472656,57.970001220703125,55.68000030517578,55.95000076293945,868600,0.0,0.0
2024-06-26 00:00:00-04:00,55.470001220703125,56.79999923706055,55.0099983215332,56.630001068115234,1048900,0.0,0.0
2024-06-27 00:00:00-04:00,56.65999984741211,57.97999954223633,55.310001373291016,55.380001068115234,1237000,0.0,0.0
2024-06-28 00:00:00-04:00,55.529998779296875,55.69200134277344,53.33000183105469,54.0099983215332,1313500,0.0,0.0
2024-07-01 00:00:00-04:00,54.02000045776367,55.66999816894531,53.31100082397461,53.95000076293945,1292700,0.0,0.0
2024-07-02 00:00:00-04:00,53.97999954223633,53.97999954223633,52.52000045776367,53.1150016784668,1059000,0.0,0.0
2024-07-03 00:00:00-04:00,53.599998474121094,54.7400016784668,53.13999938964844,53.900001525878906,679500,0.0,0.0
2024-07-05 00:00:00-04:00,53.689998626708984,53.689998626708984,52.310001373291016,53.099998474121094,1078300,0.0,0.0
2024-07-08 00:00:00-04:00,53.65999984741211,54.82899856567383,53.16999816894531,53.22999954223633,1051400,0.0,0.0
2024-07-09 00:00:00-04:00,53.25,55.150001525878906,52.83000183105469,55.029998779296875,903400,0.0,0.0
2024-07-10 00:00:00-04:00,55.52000045776367,55.939998626708984,54.09000015258789,55.560001373291016,911000,0.0,0.0
2024-07-11 00:00:00-04:00,57.380001068115234,60.20000076293945,56.56999969482422,56.810001373291016,1976400,0.0,0.0
2024-07-12 00:00:00-04:00,57.380001068115234,58.84000015258789,56.6349983215332,57.900001525878906,1388800,0.0,0.0
2024-07-15 00:00:00-04:00,57.95000076293945,58.459999084472656,56.5,57.459999084472656,1018400,0.0,0.0
2024-07-16 00:00:00-04:00,57.720001220703125,63.68000030517578,57.41999816894531,62.75,3079400,0.0,0.0
2024-07-17 00:00:00-04:00,61.13999938964844,63.38999938964844,60.2599983215332,60.47999954223633,1588400,0.0,0.0
2024-07-18 00:00:00-04:00,60.84000015258789,61.470001220703125,55.81999969482422,56.209999084472656,1957700,0.0,0.0
2024-07-19 00:00:00-04:00,56.08000183105469,56.209999084472656,54.0099983215332,54.560001373291016,1391700,0.0,0.0
2024-07-22 00:00:00-04:00,55.20000076293945,56.38999938964844,54.060001373291016,56.2400016784668,1209600,0.0,0.0
2024-07-23 00:00:00-04:00,56.08000183105469,58.4900016784668,55.93000030517578,57.189998626708984,962200,0.0,0.0
2024-07-24 00:00:00-04:00,56.189998626708984,57.20000076293945,55.2599983215332,55.38999938964844,1051400,0.0,0.0
2024-07-25 00:00:00-04:00,55.380001068115234,58.7599983215332,55.310001373291016,57.56999969482422,1086000,0.0,0.0
2024-07-26 00:00:00-04:00,58.4900016784668,59.77000045776367,57.349998474121094,57.91999816894531,866900,0.0,0.0
2024-07-29 00:00:00-04:00,57.95000076293945,59.06999969482422,56.5,58.5,800200,0.0,0.0
2024-07-30 00:00:00-04:00,57.91999816894531,58.040000915527344,55.83000183105469,56.40999984741211,1288300,0.0,0.0
2024-07-31 00:00:00-04:00,56.72999954223633,59.5,56.02000045776367,57.290000915527344,1030900,0.0,0.0
2024-08-01 00:00:00-04:00,57.38999938964844,57.68000030517578,54.619998931884766,54.849998474121094,1363700,0.0,0.0
2024-08-02 00:00:00-04:00,53.0,53.150001525878906,49.72999954223633,51.11000061035156,2557300,0.0,0.0
2024-08-05 00:00:00-04:00,44.95000076293945,50.18000030517578,44.803001403808594,49.65999984741211,2535200,0.0,0.0
2024-08-06 00:00:00-04:00,50.209999084472656,51.11000061035156,48.0,49.33000183105469,1578700,0.0,0.0
2024-08-07 00:00:00-04:00,50.459999084472656,50.459999084472656,46.900001525878906,47.27000045776367,1599800,0.0,0.0
2024-08-08 00:00:00-04:00,47.54999923706055,48.459999084472656,46.650001525878906,47.86000061035156,1230600,0.0,0.0
2024-08-09 00:00:00-04:00,48.2599983215332,49.189998626708984,46.56999969482422,47.0099983215332,998700,0.0,0.0
2024-08-12 00:00:00-04:00,47.040000915527344,47.645999908447266,46.051998138427734,46.90999984741211,985100,0.0,0.0
2024-08-13 00:00:00-04:00,47.099998474121094,48.5,46.56999969482422,48.220001220703125,940000,0.0,0.0
2024-08-14 00:00:00-04:00,48.5,48.5,45.61000061035156,46.40999984741211,1789000,0.0,0.0
2024-08-15 00:00:00-04:00,47.77000045776367,48.939998626708984,47.22999954223633,48.849998474121094,1391200,0.0,0.0
2024-08-16 00:00:00-04:00,48.349998474121094,48.68000030517578,47.33000183105469,47.849998474121094,1062400,0.0,0.0
2024-08-19 00:00:00-04:00,47.849998474121094,49.880001068115234,47.400001525878906,49.83000183105469,949600,0.0,0.0
2024-08-20 00:00:00-04:00,49.75,50.72700119018555,48.91999816894531,49.06999969482422,959400,0.0,0.0
2024-08-21 00:00:00-04:00,49.380001068115234,50.220001220703125,49.0,49.9900016784668,1110500,0.0,0.0
2024-08-22 00:00:00-04:00,50.04999923706055,50.099998474121094,47.34000015258789,47.5,1118100,0.0,0.0
2024-08-23 00:00:00-04:00,47.9900016784668,49.2400016784668,47.16999816894531,48.689998626708984,851700,0.0,0.0
2024-08-26 00:00:00-04:00,49.150001525878906,49.619998931884766,48.310001373291016,49.16999816894531,706200,0.0,0.0
2024-08-27 00:00:00-04:00,48.599998474121094,48.790000915527344,47.56999969482422,48.2400016784668,772100,0.0,0.0
2024-08-28 00:00:00-04:00,48.0,48.435001373291016,46.86000061035156,47.47999954223633,706900,0.0,0.0
2024-08-29 00:00:00-04:00,47.79999923706055,48.709999084472656,47.45000076293945,47.54999923706055,677000,0.0,0.0
2024-08-30 00:00:00-04:00,47.720001220703125,48.18199920654297,46.994998931884766,47.720001220703125,775700,0.0,0.0
2024-09-03 00:00:00-04:00,47.369998931884766,48.27000045776367,45.189998626708984,45.52000045776367,1119700,0.0,0.0
2024-09-04 00:00:00-04:00,45.38999938964844,46.13999938964844,44.709999084472656,45.029998779296875,822700,0.0,0.0
2024-09-05 00:00:00-04:00,45.16999816894531,45.72999954223633,44.040000915527344,45.25,924600,0.0,0.0
2024-09-06 00:00:00-04:00,45.25,45.599998474121094,43.41999816894531,44.619998931884766,1143900,0.0,0.0
2024-09-09 00:00:00-04:00,44.709999084472656,45.56999969482422,44.380001068115234,44.869998931884766,761500,0.0,0.0
2024-09-10 00:00:00-04:00,45.0,45.80500030517578,44.13999938964844,45.59000015258789,713400,0.0,0.0
2024-09-11 00:00:00-04:00,45.22999954223633,45.5,44.209999084472656,45.439998626708984,700800,0.0,0.0
2024-09-12 00:00:00-04:00,45.36000061035156,46.36000061035156,44.43000030517578,45.88999938964844,733200,0.0,0.0
2024-09-13 00:00:00-04:00,46.5,48.9900016784668,46.45000076293945,48.939998626708984,1386000,0.0,0.0
2024-09-16 00:00:00-04:00,48.970001220703125,49.09000015258789,47.04499816894531,47.7400016784668,978600,0.0,0.0
2024-09-17 00:00:00-04:00,48.2599983215332,50.61000061035156,48.06999969482422,49.869998931884766,1908400,0.0,0.0
2024-09-18 00:00:00-04:00,50.0,51.9900016784668,49.18000030517578,49.59000015258789,1686300,0.0,0.0
2024-09-19 00:00:00-04:00,51.29999923706055,51.38999938964844,49.400001525878906,49.4900016784668,1036900,0.0,0.0
2024-09-20 00:00:00-04:00,49.400001525878906,49.400001525878906,47.82600021362305,48.18000030517578,1775400,0.0,0.0
2024-09-23 00:00:00-04:00,48.540000915527344,48.560001373291016,46.72999954223633,46.7400016784668,955300,0.0,0.0
2024-09-24 00:00:00-04:00,46.959999084472656,47.400001525878906,46.45000076293945,46.790000915527344,809400,0.0,0.0
2024-09-25 00:00:00-04:00,46.720001220703125,47.36000061035156,45.869998931884766,45.91999816894531,971000,0.0,0.0
2024-09-26 00:00:00-04:00,46.93000030517578,47.29999923706055,45.83000183105469,46.4900016784668,855100,0.0,0.0
2024-09-27 00:00:00-04:00,47.040000915527344,47.630001068115234,46.70000076293945,47.31999969482422,869900,0.0,0.0
2024-09-30 00:00:00-04:00,46.939998626708984,47.689998626708984,46.439998626708984,46.97999954223633,926800,0.0,0.0
2024-10-01 00:00:00-04:00,47.0,47.005001068115234,45.01499938964844,45.58000183105469,1258800,0.0,0.0
2024-10-02 00:00:00-04:00,45.25,45.9900016784668,44.83000183105469,45.709999084472656,927200,0.0,0.0
2024-10-03 00:00:00-04:00,45.2400016784668,45.573001861572266,44.625,44.900001525878906,1204400,0.0,0.0
2024-10-04 00:00:00-04:00,45.529998779296875,45.79999923706055,44.61000061035156,45.369998931884766,1133700,0.0,0.0
2024-10-07 00:00:00-04:00,45.43000030517578,45.68000030517578,44.880001068115234,45.4900016784668,823300,0.0,0.0
2024-10-08 00:00:00-04:00,45.08000183105469,45.38999938964844,44.599998474121094,45.20000076293945,1039000,0.0,0.0
2024-10-09 00:00:00-04:00,45.0,45.7599983215332,44.439998626708984,45.400001525878906,668800,0.0,0.0
2024-10-10 00:00:00-04:00,45.0099983215332,45.69499969482422,44.5,45.38999938964844,576100,0.0,0.0
2024-10-11 00:00:00-04:00,45.279998779296875,47.5,45.029998779296875,46.849998474121094,1108400,0.0,0.0
2024-10-14 00:00:00-04:00,46.7400016784668,47.880001068115234,46.099998474121094,47.82500076293945,1046200,0.0,0.0
2024-10-15 00:00:00-04:00,47.86000061035156,48.540000915527344,47.19499969482422,48.04999923706055,868000,0.0,0.0
2024-10-16 00:00:00-04:00,48.31999969482422,49.25,47.900001525878906,49.0,1004600,0.0,0.0
2024-10-17 00:00:00-04:00,48.90999984741211,49.279998779296875,48.25,48.290000915527344,1151300,0.0,0.0
2024-10-18 00:00:00-04:00,48.54999923706055,49.2400016784668,48.400001525878906,48.91999816894531,782400,0.0,0.0
2024-10-21 00:00:00-04:00,48.59000015258789,48.939998626708984,48.20000076293945,48.5099983215332,788700,0.0,0.0
2024-10-22 00:00:00-04:00,48.2599983215332,48.41999816894531,47.819000244140625,48.040000915527344,834000,0.0,0.0
2024-10-23 00:00:00-04:00,47.95000076293945,47.959999084472656,45.439998626708984,46.0,1827400,0.0,0.0
2024-10-24 00:00:00-04:00,46.189998626708984,47.97999954223633,45.91999816894531,47.95000076293945,1104900,0.0,0.0
2024-10-25 00:00:00-04:00,47.959999084472656,48.880001068115234,47.255001068115234,47.36000061035156,1109400,0.0,0.0
2024-10-28 00:00:00-04:00,47.9900016784668,50.5,47.75,49.709999084472656,1706500,0.0,0.0
2024-10-29 00:00:00-04:00,49.529998779296875,49.75,48.439998626708984,48.939998626708984,1185000,0.0,0.0
2024-10-30 00:00:00-04:00,48.5099983215332,49.87200164794922,47.599998474121094,47.93000030517578,1165900,0.0,0.0
2024-10-31 00:00:00-04:00,47.7599983215332,47.9900016784668,46.29499816894531,46.38999938964844,1279400,0.0,0.0
2024-11-01 00:00:00-04:00,46.959999084472656,50.849998474121094,46.90999984741211,50.7599983215332,2263400,0.0,0.0
2024-11-04 00:00:00-05:00,50.439998626708984,51.900001525878906,49.21500015258789,50.59000015258789,1601800,0.0,0.0
2024-11-05 00:00:00-05:00,49.345001220703125,50.41999816894531,47.040000915527344,50.36000061035156,2171900,0.0,0.0
2024-11-06 00:00:00-05:00,51.79999923706055,51.880001068115234,49.38999938964844,50.720001220703125,2277400,0.0,0.0
2024-11-07 00:00:00-05:00,51.400001525878906,53.2599983215332,51.14500045776367,51.880001068115234,1598500,0.0,0.0
2024-11-08 00:00:00-05:00,51.209999084472656,52.52000045776367,50.599998474121094,51.619998931884766,1306200,0.0,0.0
2024-11-11 00:00:00-05:00,53.130001068115234,59.069000244140625,53.0,54.86000061035156,3659200,0.0,0.0
2024-11-12 00:00:00-05:00,53.79999923706055,53.9900016784668,50.527000427246094,50.72999954223633,2175400,0.0,0.0
2024-11-13 00:00:00-05:00,50.900001525878906,52.43000030517578,49.404998779296875,49.790000915527344,1862700,0.0,0.0
2024-11-14 00:00:00-05:00,49.85499954223633,50.099998474121094,46.84000015258789,46.849998474121094,1958000,0.0,0.0
2024-11-15 00:00:00-05:00,47.61000061035156,48.439998626708984,46.29999923706055,47.25,3133100,0.0,0.0
2024-11-18 00:00:00-05:00,47.83000183105469,48.279998779296875,46.709999084472656,47.29999923706055,2039100,0.0,0.0
2024-11-19 00:00:00-05:00,46.970001220703125,47.529998779296875,46.560001373291016,46.970001220703125,1527100,0.0,0.0
2024-11-20 00:00:00-05:00,47.13999938964844,47.90999984741211,46.61000061035156,47.2599983215332,1948000,0.0,0.0
2024-11-21 00:00:00-05:00,47.209999084472656,47.209999084472656,45.5099983215332,46.290000915527344,2094600,0.0,0.0
2024-11-22 00:00:00-05:00,46.369998931884766,48.0,45.849998474121094,47.880001068115234,1504300,0.0,0.0
2024-11-25 00:00:00-05:00,49.209999084472656,51.72800064086914,48.88999938964844,50.400001525878906,2224500,0.0,0.0
2024-11-26 00:00:00-05:00,50.0,50.630001068115234,48.4900016784668,49.310001373291016,1189500,0.0,0.0
2024-11-27 00:00:00-05:00,49.70000076293945,50.970001220703125,49.59000015258789,50.84000015258789,1013900,0.0,0.0
2024-11-29 00:00:00-05:00,51.0,51.66999816894531,50.25,51.16999816894531,757700,0.0,0.0
2024-12-02 00:00:00-05:00,51.119998931884766,55.5,50.970001220703125,55.150001525878906,3655300,0.0,0.0
2024-12-03 00:00:00-05:00,54.20000076293945,54.54999923706055,51.20000076293945,51.2400016784668,1957900,0.0,0.0
2024-12-04 00:00:00-05:00,51.38999938964844,52.310001373291016,50.540000915527344,51.13999938964844,1464000,0.0,0.0
2024-12-05 00:00:00-05:00,51.2400016784668,51.279998779296875,49.00299835205078,49.5099983215332,1446100,0.0,0.0
2024-12-06 00:00:00-05:00,49.790000915527344,52.38999938964844,49.75,52.33000183105469,1649400,0.0,0.0
2024-12-09 00:00:00-05:00,53.0,53.97100067138672,49.83000183105469,49.84000015258789,2056300,0.0,0.0
2024-12-10 00:00:00-05:00,49.95000076293945,50.5,48.31999969482422,48.68000030517578,1701000,0.0,0.0
2024-12-11 00:00:00-05:00,49.0,49.37699890136719,47.35300064086914,47.779998779296875,1508100,0.0,0.0
2024-12-12 00:00:00-05:00,47.40999984741211,47.68000030517578,45.38999938964844,45.400001525878906,1977200,0.0,0.0
2024-12-13 00:00:00-05:00,45.0099983215332,45.34000015258789,42.86000061035156,43.779998779296875,3191500,0.0,0.0
2024-12-16 00:00:00-05:00,43.95000076293945,45.15999984741211,43.7400016784668,44.2400016784668,1560000,0.0,0.0
2024-12-17 00:00:00-05:00,44.1150016784668,44.91999816894531,43.400001525878906,44.630001068115234,1354200,0.0,0.0
2024-12-18 00:00:00-05:00,44.84000015258789,44.9900016784668,40.61000061035156,41.060001373291016,2377900,0.0,0.0
2024-12-19 00:00:00-05:00,41.68000030517578,41.7599983215332,39.79999923706055,40.3849983215332,2374700,0.0,0.0
2024-12-20 00:00:00-05:00,40.25,41.02000045776367,39.40999984741211,40.720001220703125,3348400,0.0,0.0
2024-12-23 00:00:00-05:00,40.81999969482422,40.834999084472656,39.76599884033203,40.47999954223633,1516800,0.0,0.0
2024-12-24 00:00:00-05:00,40.47999954223633,41.01499938964844,39.79999923706055,40.939998626708984,759900,0.0,0.0
2024-12-26 00:00:00-05:00,40.209999084472656,41.34000015258789,40.0,41.06999969482422,1147000,0.0,0.0
2024-12-27 00:00:00-05:00,40.7599983215332,41.13999938964844,39.849998474121094,40.02000045776367,1665900,0.0,0.0
2024-12-30 00:00:00-05:00,39.54999923706055,39.66999816894531,38.20000076293945,38.650001525878906,2189200,0.0,0.0
2024-12-31 00:00:00-05:00,39.0,39.689998626708984,38.75,39.36000061035156,1661900,0.0,0.0
2025-01-02 00:00:00-05:00,39.810001373291016,41.439998626708984,39.34000015258789,41.43000030517578,1659600,0.0,0.0
2025-01-03 00:00:00-05:00,41.5,42.09000015258789,40.70000076293945,41.02000045776367,1443800,0.0,0.0
2025-01-06 00:00:00-05:00,41.25,44.279998779296875,41.209999084472656,42.43000030517578,2430300,0.0,0.0
2025-01-07 00:00:00-05:00,42.91999816894531,44.124000549316406,41.65700149536133,41.91999816894531,1525600,0.0,0.0
2025-01-08 00:00:00-05:00,41.560001373291016,41.731998443603516,40.54999923706055,41.290000915527344,982400,0.0,0.0
2025-01-10 00:00:00-05:00,40.040000915527344,40.369998931884766,38.5099983215332,39.689998626708984,2408500,0.0,0.0
2025-01-13 00:00:00-05:00,39.060001373291016,39.20000076293945,36.52000045776367,38.849998474121094,2748400,0.0,0.0
2025-01-14 00:00:00-05:00,39.619998931884766,40.20000076293945,38.209999084472656,38.36000061035156,1489200,0.0,0.0
2025-01-15 00:00:00-05:00,39.880001068115234,40.9900016784668,38.88999938964844,39.040000915527344,1753800,0.0,0.0
2025-01-16 00:00:00-05:00,39.7599983215332,40.68000030517578,39.439998626708984,40.29999923706055,1613600,0.0,0.0
2025-01-17 00:00:00-05:00,41.0,41.54999923706055,40.45000076293945,40.529998779296875,1387300,0.0,0.0
2025-01-21 00:00:00-05:00,41.439998626708984,42.439998626708984,40.900001525878906,41.5099983215332,1813900,0.0,0.0
2025-01-22 00:00:00-05:00,41.650001525878906,45.77000045776367,41.189998626708984,44.20000076293945,5393800,0.0,0.0
2025-01-23 00:00:00-05:00,43.61000061035156,44.4900016784668,42.43000030517578,44.22999954223633,2493100,0.0,0.0
2025-01-24 00:00:00-05:00,44.58000183105469,45.099998474121094,43.0,43.41999816894531,2275500,0.0,0.0
2025-01-27 00:00:00-05:00,41.939998626708984,42.86000061035156,41.13999938964844,41.849998474121094,1715300,0.0,0.0
2025-01-28 00:00:00-05:00,41.93000030517578,42.38999938964844,40.939998626708984,41.810001373291016,1425200,0.0,0.0
2025-01-29 00:00:00-05:00,41.849998474121094,42.9370002746582,40.78900146484375,41.209999084472656,1311700,0.0,0.0
2025-01-30 00:00:00-05:00,41.59000015258789,42.88999938964844,41.279998779296875,42.040000915527344,1630300,0.0,0.0
2025-01-31 00:00:00-05:00,42.150001525878906,43.0,41.41999816894531,41.59000015258789,2029900,0.0,0.0
2025-02-03 00:00:00-05:00,40.189998626708984,41.099998474121094,39.209999084472656,40.0,2234900,0.0,0.0
2025-02-04 00:00:00-05:00,40.0,41.11000061035156,39.75,40.4900016784668,1507100,0.0,0.0
2025-02-05 00:00:00-05:00,40.790000915527344,42.599998474121094,40.529998779296875,42.220001220703125,1838900,0.0,0.0
2025-02-06 00:00:00-05:00,42.709999084472656,42.880001068115234,40.540000915527344,40.61000061035156,1595800,0.0,0.0
2025-02-07 00:00:00-05:00,41.0,41.7400016784668,39.349998474121094,39.709999084472656,2173200,0.0,0.0
2025-02-10 00:00:00-05:00,40.0,40.040000915527344,39.18000030517578,39.40999984741211,1420200,0.0,0.0
2025-02-11 00:00:00-05:00,39.0099983215332,39.720001220703125,38.279998779296875,39.619998931884766,2027700,0.0,0.0
2025-02-12 00:00:00-05:00,40.66999816894531,44.20000076293945,40.5,43.29999923706055,4246400,0.0,0.0
2025-02-13 00:00:00-05:00,43.70000076293945,44.13999938964844,42.20000076293945,43.4900016784668,2049500,0.0,0.0
2025-02-14 00:00:00-05:00,46.209999084472656,52.599998474121094,46.040000915527344,49.720001220703125,7745300,0.0,0.0
2025-02-18 00:00:00-05:00,52.244998931884766,55.29999923706055,51.02000045776367,52.220001220703125,6027200,0.0,0.0
2025-02-19 00:00:00-05:00,52.400001525878906,55.880001068115234,52.22999954223633,53.02000045776367,4767700,0.0,0.0
2025-02-20 00:00:00-05:00,52.58000183105469,52.77000045776367,49.220001220703125,50.43000030517578,2974100,0.0,0.0
2025-02-21 00:00:00-05:00,51.22999954223633,51.470001220703125,47.34000015258789,47.90999984741211,2675100,0.0,0.0
2025-02-24 00:00:00-05:00,46.689998626708984,47.65999984741211,45.099998474121094,46.56999969482422,2203500,0.0,0.0
2025-02-25 00:00:00-05:00,46.22999954223633,46.66999816894531,44.02000045776367,44.5099983215332,2157000,0.0,0.0
2025-02-26 00:00:00-05:00,44.880001068115234,46.0,43.970001220703125,44.400001525878906,1236600,0.0,0.0
2025-02-27 00:00:00-05:00,44.56999969482422,46.779998779296875,43.5099983215332,43.619998931884766,1483000,0.0,0.0
2025-02-28 00:00:00-05:00,42.619998931884766,44.5099983215332,42.0,43.91999816894531,1662300,0.0,0.0
2025-03-03 00:00:00-05:00,45.15999984741211,45.20000076293945,42.099998474121094,42.290000915527344,1725300,0.0,0.0
2025-03-04 00:00:00-05:00,40.724998474121094,44.31999969482422,40.52000045776367,43.45000076293945,2114700,0.0,0.0
2025-03-05 00:00:00-05:00,43.5,44.349998474121094,42.34600067138672,43.84000015258789,1189400,0.0,0.0
2025-03-06 00:00:00-05:00,42.56999969482422,43.7400016784668,41.529998779296875,43.310001373291016,1275800,0.0,0.0
2025-03-07 00:00:00-05:00,42.880001068115234,45.790000915527344,42.47999954223633,45.529998779296875,1885800,0.0,0.0
2025-03-10 00:00:00-04:00,44.66999816894531,46.06999969482422,42.779998779296875,43.34000015258789,2929700,0.0,0.0
2025-03-11 00:00:00-04:00,42.93000030517578,43.34000015258789,40.81999969482422,42.369998931884766,1979900,0.0,0.0
2025-03-12 00:00:00-04:00,42.63999938964844,43.939998626708984,42.41999816894531,43.4900016784668,1400800,0.0,0.0
2025-03-13 00:00:00-04:00,43.20000076293945,44.38999938964844,41.630001068115234,41.9900016784668,1193800,0.0,0.0
2025-03-14 00:00:00-04:00,42.54999923706055,43.47999954223633,41.939998626708984,42.119998931884766,1425900,0.0,0.0
2025-03-17 00:00:00-04:00,41.939998626708984,43.31999969482422,41.45500183105469,42.81999969482422,1132400,0.0,0.0
2025-03-18 00:00:00-04:00,42.66999816894531,42.66999816894531,40.400001525878906,40.970001220703125,1933700,0.0,0.0
2025-03-19 00:00:00-04:00,41.20000076293945,42.75,40.698001861572266,41.939998626708984,1244300,0.0,0.0
2025-03-20 00:00:00-04:00,41.224998474121094,42.5,41.029998779296875,41.16999816894531,1116500,0.0,0.0
2025-03-21 00:00:00-04:00,40.709999084472656,41.68000030517578,40.40999984741211,41.220001220703125,1540000,0.0,0.0
2025-03-24 00:00:00-04:00,42.0,42.720001220703125,41.880001068115234,42.619998931884766,1344200,0.0,0.0
2025-03-25 00:00:00-04:00,42.5,42.5,40.779998779296875,40.88999938964844,1641400,0.0,0.0
2025-03-26 00:00:00-04:00,40.79999923706055,40.880001068115234,39.13999938964844,39.18000030517578,2350600,0.0,0.0
2025-03-27 00:00:00-04:00,39.0,39.279998779296875,37.849998474121094,38.040000915527344,1727200,0.0,0.0
2025-03-28 00:00:00-04:00,37.9900016784668,38.20000076293945,36.93000030517578,36.9900016784668,1602300,0.0,0.0
2025-03-31 00:00:00-04:00,35.75,35.75,32.959999084472656,34.029998779296875,3970900,0.0,0.0
2025-04-01 00:00:00-04:00,33.9900016784668,34.93000030517578,33.0099983215332,33.13999938964844,2179200,0.0,0.0
2025-04-02 00:00:00-04:00,32.654998779296875,34.86000061035156,32.507999420166016,34.189998626708984,1758800,0.0,0.0
2025-04-03 00:00:00-04:00,32.5099983215332,33.691001892089844,32.189998626708984,32.65999984741211,2115800,0.0,0.0
2025-04-04 00:00:00-04:00,31.947999954223633,32.9900016784668,30.959999084472656,32.650001525878906,3079100,0.0,0.0
2025-04-07 00:00:00-04:00,30.875,34.215999603271484,30.040000915527344,32.380001068115234,3726000,0.0,0.0
2025-04-08 00:00:00-04:00,34.64500045776367,35.380001068115234,30.865999221801758,31.270000457763672,3338400,0.0,0.0
2025-04-09 00:00:00-04:00,30.559999465942383,35.060001373291016,30.520999908447266,34.88999938964844,4525000,0.0,0.0
2025-04-10 00:00:00-04:00,34.0099983215332,34.77000045776367,32.9010009765625,34.2599983215332,2687700,0.0,0.0
2025-04-11 00:00:00-04:00,34.439998626708984,39.29999923706055,34.439998626708984,39.29999923706055,3648900,0.0,0.0
2025-04-14 00:00:00-04:00,40.0,40.12900161743164,37.619998931884766,38.810001373291016,2626100,0.0,0.0
2025-04-15 00:00:00-04:00,38.41999816894531,39.88999938964844,38.27299880981445,38.95000076293945,2211500,0.0,0.0
2025-04-16 00:00:00-04:00,38.43000030517578,38.5,36.7400016784668,37.779998779296875,1647300,0.0,0.0
2025-04-17 00:00:00-04:00,37.22999954223633,38.21500015258789,37.22999954223633,37.77000045776367,1027700,0.0,0.0
2025-04-21 00:00:00-04:00,37.060001373291016,39.27000045776367,36.65999984741211,37.81999969482422,1653100,0.0,0.0
2025-04-22 00:00:00-04:00,38.4900016784668,39.849998474121094,38.34000015258789,39.22999954223633,1832700,0.0,0.0
2025-04-23 00:00:00-04:00,40.11000061035156,40.72999954223633,38.540000915527344,38.540000915527344,1902900,0.0,0.0
2025-04-24 00:00:00-04:00,38.72999954223633,39.349998474121094,38.25,39.11000061035156,1796200,0.0,0.0
2025-04-25 00:00:00-04:00,38.72999954223633,39.04999923706055,37.933998107910156,38.27000045776367,1320600,0.0,0.0
2025-04-28 00:00:00-04:00,38.369998931884766,39.400001525878906,37.459999084472656,37.880001068115234,1320600,0.0,0.0
2025-04-29 00:00:00-04:00,37.880001068115234,38.290000915527344,37.2400016784668,37.400001525878906,1259000,0.0,0.0
2025-04-30 00:00:00-04:00,36.779998779296875,38.880001068115234,36.060001373291016,38.66999816894531,2084000,0.0,0.0
2025-05-01 00:00:00-04:00,38.66999816894531,38.70000076293945,37.279998779296875,37.72999954223633,1938800,0.0,0.0
2025-05-02 00:00:00-04:00,38.18000030517578,39.380001068115234,38.0,38.25,1650800,0.0,0.0
2025-05-05 00:00:00-04:00,37.880001068115234,38.4900016784668,37.33000183105469,37.619998931884766,1318000,0.0,0.0
2025-05-06 00:00:00-04:00,36.91999816894531,36.970001220703125,33.029998779296875,33.15999984741211,3904900,0.0,0.0
2025-05-07 00:00:00-04:00,34.5099983215332,34.63999938964844,33.5,34.25,3105200,0.0,0.0
2025-05-08 00:00:00-04:00,34.880001068115234,36.86000061035156,34.119998931884766,36.13999938964844,2487400,0.0,0.0
2025-05-09 00:00:00-04:00,36.38999938964844,37.34000015258789,35.54499816894531,35.619998931884766,1741200,0.0,0.0
2025-05-12 00:00:00-04:00,36.540000915527344,38.02000045776367,36.2599983215332,37.59000015258789,1961000,0.0,0.0
2025-05-13 00:00:00-04:00,37.7400016784668,37.900001525878906,36.290000915527344,37.220001220703125,2029200,0.0,0.0
2025-05-14 00:00:00-04:00,37.209999084472656,38.63999938964844,35.380001068115234,35.599998474121094,2119400,0.0,0.0
2025-05-15 00:00:00-04:00,35.31999969482422,36.36000061035156,34.869998931884766,36.310001373291016,1413700,0.0,0.0
2025-05-16 00:00:00-04:00,37.29999923706055,38.97999954223633,36.709999084472656,38.77000045776367,2943900,0.0,0.0
2025-05-19 00:00:00-04:00,38.189998626708984,39.0,37.70000076293945,38.68000030517578,1487000,0.0,0.0
2025-05-20 00:00:00-04:00,38.810001373291016,40.27000045776367,37.7400016784668,39.25,1973300,0.0,0.0
2025-05-21 00:00:00-04:00,38.79999923706055,39.40999984741211,36.880001068115234,36.9900016784668,2002700,0.0,0.0
2025-05-22 00:00:00-04:00,37.0,37.88999938964844,36.79999923706055,37.529998779296875,1341200,0.0,0.0
2025-05-23 00:00:00-04:00,36.470001220703125,37.20000076293945,36.36000061035156,36.86000061035156,1261100,0.0,0.0
2025-05-27 00:00:00-04:00,37.7400016784668,38.099998474121094,37.020999908447266,37.56999969482422,2055200,0.0,0.0
2025-05-28 00:00:00-04:00,37.709999084472656,38.125,37.165000915527344,37.224998474121094,1633000,0.0,0.0
2025-05-29 00:00:00-04:00,37.400001525878906,37.40999984741211,35.380001068115234,36.779998779296875,2722000,0.0,0.0
2025-05-30 00:00:00-04:00,36.82500076293945,36.95000076293945,35.47999954223633,36.290000915527344,2079300,0.0,0.0
2025-06-02 00:00:00-04:00,36.7400016784668,38.34000015258789,36.54999923706055,36.95000076293945,2381500,0.0,0.0
2025-06-03 00:00:00-04:00,37.470001220703125,38.150001525878906,36.07500076293945,38.040000915527344,1838500,0.0,0.0
2025-06-04 00:00:00-04:00,38.099998474121094,38.880001068115234,37.95000076293945,38.04999923706055,1446500,0.0,0.0
2025-06-05 00:00:00-04:00,38.15999984741211,39.97999954223633,37.02000045776367,38.56999969482422,2594000,0.0,0.0
2025-06-06 00:00:00-04:00,39.59000015258789,42.36000061035156,39.584999084472656,41.86000061035156,4726300,0.0,0.0
2025-06-09 00:00:00-04:00,43.33000183105469,43.72999954223633,41.05099868774414,42.09000015258789,3289600,0.0,0.0
2025-06-10 00:00:00-04:00,42.869998931884766,45.138999938964844,42.76499938964844,42.939998626708984,3531100,0.0,0.0
2025-06-11 00:00:00-04:00,43.75,43.75,41.4900016784668,41.52000045776367,2055900,0.0,0.0
2025-06-12 00:00:00-04:00,40.70000076293945,41.5,39.810001373291016,41.279998779296875,1632700,0.0,0.0
2025-06-13 00:00:00-04:00,40.275001525878906,41.7400016784668,40.0,41.36000061035156,2019700,0.0,0.0
2025-06-16 00:00:00-04:00,42.189998626708984,42.349998474121094,40.7599983215332,41.58000183105469,1687300,0.0,0.0
2025-06-17 00:00:00-04:00,43.40999984741211,45.599998474121094,42.79999923706055,43.189998626708984,3881500,0.0,0.0
2025-06-18 00:00:00-04:00,43.130001068115234,47.040000915527344,42.16999816894531,44.43000030517578,5699700,0.0,0.0
2025-06-20 00:00:00-04:00,44.84000015258789,45.13999938964844,43.5,44.25,3055900,0.0,0.0
2025-06-23 00:00:00-04:00,43.709999084472656,45.78900146484375,43.22999954223633,45.54999923706055,2234200,0.0,0.0
2025-06-24 00:00:00-04:00,46.470001220703125,47.7599983215332,46.02000045776367,46.779998779296875,2457000,0.0,0.0
2025-06-25 00:00:00-04:00,47.470001220703125,48.47999954223633,46.849998474121094,47.65999984741211,2123500,0.0,0.0
2025-06-26 00:00:00-04:00,47.33000183105469,47.54999923706055,45.599998474121094,46.70000076293945,2681900,0.0,0.0
2025-06-27 00:00:00-04:00,46.720001220703125,47.66999816894531,46.20000076293945,47.4900016784668,15085000,0.0,0.0
2025-06-30 00:00:00-04:00,47.86000061035156,51.52000045776367,47.165000915527344,48.63999938964844,5290300,0.0,0.0
2025-07-01 00:00:00-04:00,48.38999938964844,49.91999816894531,46.599998474121094,48.5099983215332,3448200,0.0,0.0
2025-07-02 00:00:00-04:00,48.130001068115234,52.28499984741211,48.119998931884766,51.66999816894531,3365500,0.0,0.0
2025-07-03 00:00:00-04:00,52.36000061035156,53.08000183105469,51.150001525878906,52.16999816894531,1839200,0.0,0.0
2025-07-07 00:00:00-04:00,51.76499938964844,52.87699890136719,50.2599983215332,51.189998626708984,2181400,0.0,0.0
2025-07-08 00:00:00-04:00,51.31999969482422,55.209999084472656,51.150001525878906,54.81999969482422,3777400,0.0,0.0
2025-07-09 00:00:00-04:00,55.900001525878906,60.130001068115234,55.790000915527344,60.08000183105469,5356000,0.0,0.0
2025-07-10 00:00:00-04:00,62.0,62.0,57.900001525878906,59.0,4583900,0.0,0.0
2025-07-11 00:00:00-04:00,58.880001068115234,59.47999954223633,55.880001068115234,56.79999923706055,2890500,0.0,0.0
2025-07-14 00:00:00-04:00,55.84000015258789,56.66999816894531,54.93000030517578,56.41999816894531,2462900,0.0,0.0
2025-07-15 00:00:00-04:00,56.349998474121094,56.869998931884766,52.33000183105469,52.72999954223633,3116800,0.0,0.0
2025-07-16 00:00:00-04:00,53.439998626708984,55.33000183105469,53.400001525878906,55.13999938964844,3318200,0.0,0.0
2025-07-17 00:00:00-04:00,55.849998474121094,56.20000076293945,54.79999923706055,55.09000015258789,2201100,0.0,0.0
2025-07-18 00:00:00-04:00,59.220001220703125,66.48999786376953,59.0,65.12999725341797,10165900,0.0,0.0
2025-07-21 00:00:00-04:00,66.52999877929688,71.12999725341797,64.88999938964844,65.33000183105469,7125900,0.0,0.0
2025-07-22 00:00:00-04:00,64.68199920654297,66.7699966430664,61.13399887084961,65.93000030517578,4205600,0.0,0.0
2025-07-23 00:00:00-04:00,67.91000366210938,69.58000183105469,66.30999755859375,68.13999938964844,3790600,0.0,0.0
2025-07-24 00:00:00-04:00,68.55000305175781,69.56999969482422,65.34500122070312,66.05999755859375,2925200,0.0,0.0
2025-07-25 00:00:00-04:00,65.9749984741211,67.37000274658203,64.41000366210938,64.76000213623047,2915000,0.0,0.0
2025-07-28 00:00:00-04:00,64.9749984741211,65.72000122070312,63.36000061035156,63.75,1688100,0.0,0.0
2025-07-29 00:00:00-04:00,62.810001373291016,62.880001068115234,58.68000030517578,59.02000045776367,4206300,0.0,0.0
2025-07-30 00:00:00-04:00,60.59000015258789,61.3849983215332,56.4900016784668,57.68000030517578,3274000,0.0,0.0
2025-07-31 00:00:00-04:00,56.22100067138672,58.5,56.0,56.2599983215332,3267200,0.0,0.0
2025-08-01 00:00:00-04:00,54.29999923706055,56.779998779296875,53.70000076293945,56.09000015258789,2992300,0.0,0.0
2025-08-04 00:00:00-04:00,56.29999923706055,59.89099884033203,55.82600021362305,59.59000015258789,3401100,0.0,0.0
2025-08-05 00:00:00-04:00,54.29999923706055,57.630001068115234,52.5,55.59000015258789,4543300,0.0,0.0
2025-08-06 00:00:00-04:00,55.59000015258789,57.25,53.400001525878906,56.34000015258789,2431600,0.0,0.0
2025-08-07 00:00:00-04:00,56.349998474121094,56.79899978637695,54.75,55.959999084472656,1907000,0.0,0.0
2025-08-08 00:00:00-04:00,56.22999954223633,56.369998931884766,54.38999938964844,55.0,1623400,0.0,0.0
2025-08-11 00:00:00-04:00,55.97999954223633,57.499000549316406,55.09000015258789,55.40999984741211,2014300,0.0,0.0
2025-08-12 00:00:00-04:00,55.83000183105469,57.470001220703125,55.446998596191406,56.599998474121094,2176200,0.0,0.0
2025-08-13 00:00:00-04:00,57.0,60.82500076293945,57.0,57.33000183105469,6935900,0.0,0.0
2025-08-14 00:00:00-04:00,58.56999969482422,60.63999938964844,57.220001220703125,58.81999969482422,4974400,0.0,0.0
2025-08-15 00:00:00-04:00,59.77000045776367,61.439998626708984,58.90999984741211,59.72999954223633,3063500,0.0,0.0
2025-08-18 00:00:00-04:00,59.345001220703125,59.459999084472656,57.4900016784668,57.59000015258789,2219000,0.0,0.0
2025-08-19 00:00:00-04:00,57.29999923706055,57.38999938964844,53.540000915527344,54.15999984741211,3100400,0.0,0.0
2025-08-20 00:00:00-04:00,53.08000183105469,54.369998931884766,51.79999923706055,53.06999969482422,2006500,0.0,0.0
2025-08-21 00:00:00-04:00,52.689998626708984,53.04499816894531,52.06999969482422,52.81999969482422,1176600,0.0,0.0
2025-08-22 00:00:00-04:00,52.810001373291016,55.08000183105469,52.60499954223633,54.31999969482422,1726500,0.0,0.0
2025-08-25 00:00:00-04:00,54.275001525878906,55.130001068115234,53.68000030517578,54.130001068115234,1487300,0.0,0.0
2025-08-26 00:00:00-04:00,54.48500061035156,55.27000045776367,54.08000183105469,54.880001068115234,1278500,0.0,0.0
2025-08-27 00:00:00-04:00,55.040000915527344,55.29999923706055,53.25,53.529998779296875,1477500,0.0,0.0
2025-08-28 00:00:00-04:00,53.599998474121094,53.939998626708984,52.72999954223633,53.04999923706055,1449500,0.0,0.0
2025-08-29 00:00:00-04:00,53.0,53.06999969482422,51.36000061035156,51.83000183105469,1589400,0.0,0.0
2025-09-02 00:00:00-04:00,50.9900016784668,53.400001525878906,50.83000183105469,52.65999984741211,1494800,0.0,0.0
2025-09-03 00:00:00-04:00,52.599998474121094,55.14799880981445,52.310001373291016,52.97999954223633,1640200,0.0,0.0
2025-09-04 00:00:00-04:00,52.81999969482422,52.987998962402344,51.654998779296875,52.7400016784668,2061900,0.0,0.0
2025-09-05 00:00:00-04:00,52.54999923706055,54.939998626708984,52.15399932861328,54.86000061035156,2736500,0.0,0.0
2025-09-08 00:00:00-04:00,55.0,55.59000015258789,54.0,54.099998474121094,1500100,0.0,0.0
2025-09-09 00:00:00-04:00,54.0099983215332,54.31999969482422,52.0,53.689998626708984,1850700,0.0,0.0
2025-09-10 00:00:00-04:00,53.66999816894531,53.93000030517578,51.630001068115234,51.810001373291016,1160100,0.0,0.0
2025-09-11 00:00:00-04:00,51.939998626708984,56.0,51.849998474121094,55.88999938964844,2204900,0.0,0.0
2025-09-12 00:00:00-04:00,56.099998474121094,56.4900016784668,55.099998474121094,56.2599983215332,2000700,0.0,0.0
2025-09-15 00:00:00-04:00,57.25,58.599998474121094,55.68000030517578,57.84000015258789,2326500,0.0,0.0
2025-09-16 00:00:00-04:00,57.91999816894531,62.08000183105469,56.529998779296875,61.189998626708984,4625300,0.0,0.0
2025-09-17 00:00:00-04:00,61.25,61.75400161743164,57.79999923706055,59.06999969482422,2768300,0.0,0.0
2025-09-18 00:00:00-04:00,60.720001220703125,63.099998474121094,60.54999923706055,62.939998626708984,2792500,0.0,0.0
2025-09-19 00:00:00-04:00,63.18000030517578,64.1780014038086,62.27000045776367,62.31999969482422,5234700,0.0,0.0
2025-09-22 00:00:00-04:00,62.349998474121094,64.19000244140625,60.5,62.099998474121094,2385800,0.0,0.0
2025-09-23 00:00:00-04:00,61.630001068115234,63.630001068115234,60.310001373291016,60.7599983215332,2355800,0.0,0.0
2025-09-24 00:00:00-04:00,61.130001068115234,63.49800109863281,60.303001403808594,61.04999923706055,2166000,0.0,0.0
2025-09-25 00:00:00-04:00,58.97999954223633,61.15999984741211,58.400001525878906,60.31999969482422,1781100,0.0,0.0
2025-09-26 00:00:00-04:00,60.349998474121094,61.689998626708984,58.4900016784668,61.66999816894531,1957200,0.0,0.0
2025-09-29 00:00:00-04:00,62.150001525878906,64.19999694824219,61.560001373291016,63.77000045776367,2116900,0.0,0.0
2025-09-30 00:00:00-04:00,63.814998626708984,66.29000091552734,62.619998931884766,64.80999755859375,2576300,0.0,0.0
2025-10-01 00:00:00-04:00,64.75,66.69999694824219,64.66000366210938,66.16000366210938,1956600,0.0,0.0
2025-10-02 00:00:00-04:00,67.26000213623047,72.94999694824219,66.56999969482422,72.81999969482422,4280500,0.0,0.0
2025-10-03 00:00:00-04:00,73.87999725341797,73.94999694824219,67.70999908447266,67.73999786376953,3679300,0.0,0.0
2025-10-06 00:00:00-04:00,68.01000213623047,71.63999938964844,67.37999725341797,70.19000244140625,2477800,0.0,0.0
2025-10-07 00:00:00-04:00,70.30500030517578,71.1500015258789,68.26000213623047,70.62000274658203,1543800,0.0,0.0
2025-10-08 00:00:00-04:00,71.19000244140625,78.4800033569336,70.7699966430664,76.77999877929688,5868200,0.0,0.0
2025-10-09 00:00:00-04:00,77.80000305175781,78.37999725341797,73.55000305175781,74.91999816894531,2676800,0.0,0.0
2025-10-10 00:00:00-04:00,77.33000183105469,78.0,70.30000305175781,73.06999969482422,3840600,0.0,0.0
2025-10-13 00:00:00-04:00,75.12000274658203,75.16000366210938,67.9020004272461,68.29000091552734,3193400,0.0,0.0
2025-10-14 00:00:00-04:00,67.49500274658203,71.30999755859375,64.80000305175781,69.37999725341797,2521700,0.0,0.0
2025-10-15 00:00:00-04:00,70.01000213623047,73.08999633789062,69.80000305175781,71.81999969482422,2366300,0.0,0.0
2025-10-16 00:00:00-04:00,70.0,71.51499938964844,67.81999969482422,68.43000030517578,2580700,0.0,0.0
2025-10-17 00:00:00-04:00,67.55000305175781,69.56500244140625,67.0,69.1500015258789,2007000,0.0,0.0
2025-10-20 00:00:00-04:00,71.12999725341797,74.43000030517578,70.8010025024414,73.97000122070312,2688400,0.0,0.0
2025-10-21 00:00:00-04:00,73.79000091552734,75.05999755859375,71.0,72.31999969482422,1865200,0.0,0.0
2025-10-22 00:00:00-04:00,70.0999984741211,70.73500061035156,64.80000305175781,66.5199966430664,3193000,0.0,0.0
2025-10-23 00:00:00-04:00,66.61000061035156,67.48999786376953,65.44999694824219,67.20999908447266,1553000,0.0,0.0
2025-10-24 00:00:00-04:00,68.20500183105469,68.70999908447266,66.8499984741211,67.61000061035156,1342600,0.0,0.0
2025-10-27 00:00:00-04:00,67.125,67.7300033569336,64.10299682617188,65.72000122070312,3004800,0.0,0.0
2025-10-28 00:00:00-04:00,65.66000366210938,65.70999908447266,63.59000015258789,64.16999816894531,1855600,0.0,0.0
2025-10-29 00:00:00-04:00,64.30000305175781,65.05000305175781,61.709999084472656,62.560001373291016,1771900,0.0,0.0
2025-10-30 00:00:00-04:00,61.810001373291016,62.77000045776367,60.90999984741211,61.099998474121094,1545000,0.0,0.0
2025-10-31 00:00:00-04:00,61.189998626708984,65.9800033569336,60.53300094604492,63.9900016784668,3020800,0.0,0.0
2025-11-03 00:00:00-05:00,63.02000045776367,64.73600006103516,60.529998779296875,61.970001220703125,1922500,0.0,0.0
2025-11-04 00:00:00-05:00,59.96500015258789,60.63999938964844,56.0,56.40999984741211,3280600,0.0,0.0
2025-11-05 00:00:00-05:00,56.5,57.22999954223633,54.90999984741211,56.9900016784668,2083600,0.0,0.0
2025-11-06 00:00:00-05:00,56.5099983215332,58.75,54.56999969482422,56.61000061035156,2745900,0.0,0.0
2025-11-07 00:00:00-05:00,53.61000061035156,55.220001220703125,52.41999816894531,55.119998931884766,2936600,0.0,0.0
2025-11-10 00:00:00-05:00,58.060001373291016,58.47999954223633,53.83000183105469,54.58000183105469,2349600,0.0,0.0
2025-11-11 00:00:00-05:00,54.18000030517578,56.150001525878906,52.81999969482422,55.209999084472656,2116000,0.0,0.0
2025-11-12 00:00:00-05:00,55.310001373291016,55.689998626708984,52.04999923706055,52.189998626708984,2760500,0.0,0.0
2025-11-13 00:00:00-05:00,51.70000076293945,51.779998779296875,50.27000045776367,51.11000061035156,2919600,0.0,0.0
2025-11-14 00:00:00-05:00,49.58000183105469,54.77000045776367,49.11000061035156,52.529998779296875,4266800,0.0,0.0
2025-11-17 00:00:00-05:00,51.36000061035156,55.77000045776367,51.220001220703125,55.31999969482422,4451400,0.0,0.0
2025-11-18 00:00:00-05:00,54.54999923706055,54.994998931884766,52.06999969482422,53.470001220703125,2436800,0.0,0.0
2025-11-19 00:00:00-05:00,53.83000183105469,53.83000183105469,50.560001373291016,50.72999954223633,1736900,0.0,0.0
2025-11-20 00:00:00-05:00,51.61000061035156,53.20000076293945,48.2400016784668,49.290000915527344,2370400,0.0,0.0
2025-11-21 00:00:00-05:00,48.47999954223633,51.45000076293945,48.02000045776367,50.22999954223633,2753700,0.0,0.0
2025-11-24 00:00:00-05:00,50.400001525878906,51.5099983215332,49.31399917602539,51.25,2488800,0.0,0.0
2025-11-25 00:00:00-05:00,50.88999938964844,53.88999938964844,49.959999084472656,53.56999969482422,2359100,0.0,0.0
2025-11-26 00:00:00-05:00,53.630001068115234,53.779998779296875,52.29999923706055,53.29999923706055,2084300,0.0,0.0
2025-11-28 00:00:00-05:00,52.84000015258789,54.0,51.5,53.470001220703125,1406800,0.0,0.0
2025-12-01 00:00:00-05:00,52.29999923706055,53.459999084472656,51.0,52.16999816894531,2287600,0.0,0.0
2025-12-02 00:00:00-05:00,52.43000030517578,53.029998779296875,51.20000076293945,51.58000183105469,1416500,0.0,0.0
2025-12-03 00:00:00-05:00,51.4900016784668,56.0099983215332,51.15999984741211,55.9900016784668,1948900,0.0,0.0
2025-12-04 00:00:00-05:00,55.9900016784668,59.77000045776367,54.93000030517578,58.18000030517578,3111100,0.0,0.0
2025-12-05 00:00:00-05:00,58.17499923706055,58.7599983215332,56.0099983215332,56.880001068115234,1660300,0.0,0.0
2025-12-08 00:00:00-05:00,58.119998931884766,58.7599983215332,56.67900085449219,57.36000061035156,1309500,0.0,0.0
2025-12-09 00:00:00-05:00,57.0,58.0,55.650001525878906,57.040000915527344,2169200,0.0,0.0
2025-12-10 00:00:00-05:00,56.34000015258789,58.470001220703125,54.40999984741211,57.59000015258789,1570900,0.0,0.0
2025-12-11 00:00:00-05:00,56.849998474121094,59.244998931884766,56.61000061035156,58.09000015258789,1348900,0.0,0.0
2025-12-12 00:00:00-05:00,57.95000076293945,58.5,55.52000045776367,56.68000030517578,1402500,0.0,0.0
2025-12-15 00:00:00-05:00,57.119998931884766,58.349998474121094,55.650001525878906,56.25,1565200,0.0,0.0
2025-12-16 00:00:00-05:00,55.68000030517578,57.58399963378906,55.290000915527344,55.970001220703125,1144700,0.0,0.0
2025-12-17 00:00:00-05:00,55.7400016784668,58.0,54.599998474121094,54.7400016784668,1175600,0.0,0.0
2025-12-18 00:00:00-05:00,54.900001525878906,57.029998779296875,54.77000045776367,54.84000015258789,1335400,0.0,0.0
2025-12-19 00:00:00-05:00,55.349998474121094,56.68000030517578,55.0,55.86000061035156,3283600,0.0,0.0
2025-12-22 00:00:00-05:00,56.02000045776367,59.18000030517578,54.5,57.90999984741211,2103100,0.0,0.0
2025-12-23 00:00:00-05:00,57.099998474121094,57.2400016784668,55.810001373291016,56.459999084472656,1343300,0.0,0.0
2025-12-24 00:00:00-05:00,56.45000076293945,56.82600021362305,55.209999084472656,56.709999084472656,653000,0.0,0.0
2025-12-26 00:00:00-05:00,56.47999954223633,56.540000915527344,53.7599983215332,55.08000183105469,1410600,0.0,0.0
2025-12-29 00:00:00-05:00,54.584999084472656,55.40800094604492,53.79999923706055,53.970001220703125,1279800,0.0,0.0
2025-12-30 00:00:00-05:00,54.060001373291016,54.119998931884766,52.97999954223633,53.189998626708984,1363800,0.0,0.0
2025-12-31 00:00:00-05:00,53.130001068115234,53.459999084472656,52.349998474121094,52.439998626708984,1383500,0.0,0.0
2026-01-02 00:00:00-05:00,52.720001220703125,54.26900100708008,52.099998474121094,53.77000045776367,1373200,0.0,0.0
2026-01-05 00:00:00-05:00,53.81999969482422,55.52000045776367,53.72999954223633,55.150001525878906,1937000,0.0,0.0
2026-01-06 00:00:00-05:00,55.130001068115234,60.72999954223633,54.900001525878906,58.189998626708984,2863500,0.0,0.0
2026-01-07 00:00:00-05:00,58.720001220703125,59.88999938964844,57.29999923706055,57.9900016784668,1900400,0.0,0.0
2026-01-08 00:00:00-05:00,57.744998931884766,57.744998931884766,56.029998779296875,56.400001525878906,1511700,0.0,0.0
2026-01-09 00:00:00-05:00,56.959999084472656,57.369998931884766,53.68000030517578,53.84000015258789,2100800,0.0,0.0
2026-01-12 00:00:00-05:00,54.0,55.70000076293945,53.369998931884766,55.29999923706055,1951200,0.0,0.0
2026-01-13 00:00:00-05:00,55.689998626708984,56.63999938964844,54.119998931884766,56.18000030517578,1541000,0.0,0.0
2026-01-14 00:00:00-05:00,55.98500061035156,57.9900016784668,55.29999923706055,56.88999938964844,1770500,0.0,0.0
2026-01-15 00:00:00-05:00,56.91999816894531,57.310001373291016,54.040000915527344,54.209999084472656,1507100,0.0,0.0
2026-01-16 00:00:00-05:00,54.150001525878906,54.75199890136719,53.099998474121094,53.5099983215332,1409200,0.0,0.0
2026-01-20 00:00:00-05:00,52.02000045776367,53.459999084472656,51.0,52.61000061035156,1808800,0.0,0.0
2026-01-21 00:00:00-05:00,52.13999938964844,54.80500030517578,51.79999923706055,54.72999954223633,1570900,0.0,0.0
2026-01-22 00:00:00-05:00,54.529998779296875,60.86000061035156,54.220001220703125,60.810001373291016,3428000,0.0,0.0
2026-01-23 00:00:00-05:00,60.70000076293945,60.70000076293945,55.051998138427734,55.52000045776367,2393100,0.0,0.0
2026-01-26 00:00:00-05:00,54.77000045776367,55.709999084472656,53.720001220703125,54.650001525878906,1352000,0.0,0.0
2026-01-27 00:00:00-05:00,55.5,56.689998626708984,53.56999969482422,54.2599983215332,1357200,0.0,0.0
2026-01-28 00:00:00-05:00,54.29999923706055,54.630001068115234,53.06999969482422,53.689998626708984,1218500,0.0,0.0
2026-01-29 00:00:00-05:00,53.029998779296875,54.084999084472656,52.672000885009766,53.349998474121094,1567900,0.0,0.0
2026-01-30 00:00:00-05:00,52.119998931884766,53.84000015258789,49.72999954223633,49.959999084472656,2243500,0.0,0.0
2026-02-02 00:00:00-05:00,49.5,51.91999816894531,49.099998474121094,51.310001373291016,1714800,0.0,0.0
2026-02-03 00:00:00-05:00,51.22999954223633,53.0,50.611000061035156,52.0,1386400,0.0,0.0
2026-02-04 00:00:00-05:00,51.88999938964844,52.369998931884766,48.81999969482422,50.16999816894531,1856900,0.0,0.0
2026-02-05 00:00:00-05:00,48.85499954223633,49.63199996948242,45.529998779296875,45.880001068115234,2627300,0.0,0.0
2026-02-06 00:00:00-05:00,47.220001220703125,48.9900016784668,46.27000045776367,48.7400016784668,1669500,0.0,0.0
2026-02-09 00:00:00-05:00,48.52000045776367,49.83000183105469,47.369998931884766,49.70000076293945,1409300,0.0,0.0
2026-02-10 00:00:00-05:00,49.36000061035156,50.630001068115234,48.689998626708984,48.83000183105469,1312900,0.0,0.0
2026-02-11 00:00:00-05:00,49.29999923706055,49.29999923706055,46.47999954223633,48.31999969482422,1337300,0.0,0.0
2026-02-12 00:00:00-05:00,48.659000396728516,49.0,47.38999938964844,48.93000030517578,1532600,0.0,0.0
2026-02-13 00:00:00-05:00,49.7400016784668,54.09600067138672,49.619998931884766,53.06999969482422,2465700,0.0,0.0
2026-02-17 00:00:00-05:00,53.0,54.439998626708984,51.91999816894531,53.16999816894531,1688100,0.0,0.0
2026-02-18 00:00:00-05:00,52.880001068115234,54.03499984741211,52.58599853515625,53.52000045776367,1233200,0.0,0.0
2026-02-19 00:00:00-05:00,52.0099983215332,54.70000076293945,52.0,54.63999938964844,984200,0.0,0.0
2026-02-20 00:00:00-05:00,54.03499984741211,55.04999923706055,52.91999816894531,53.459999084472656,1297500,0.0,0.0
2026-02-23 00:00:00-05:00,52.209999084472656,54.83000183105469,52.02000045776367,53.97999954223633,1280700,0.0,0.0
2026-02-24 00:00:00-05:00,54.040000915527344,57.29999923706055,54.0099983215332,56.77000045776367,1690100,0.0,0.0
2026-02-25 00:00:00-05:00,57.56999969482422,58.5,55.13999938964844,55.20000076293945,1223100,0.0,0.0
2026-02-26 00:00:00-05:00,54.869998931884766,61.7599983215332,53.75,61.7400016784668,3663300,0.0,0.0
2026-02-27 00:00:00-05:00,59.5,61.4900016784668,58.5,60.13999938964844,1690600,0.0,0.0
2026-03-02 00:00:00-05:00,58.040000915527344,61.0,57.25,60.77000045776367,1332800,0.0,0.0
2026-03-03 00:00:00-05:00,58.0099983215332,59.369998931884766,56.40999984741211,58.060001373291016,1470500,0.0,0.0
2026-03-04 00:00:00-05:00,58.81999969482422,60.599998474121094,57.75,60.0,1174000,0.0,0.0
2026-03-05 00:00:00-05:00,58.630001068115234,59.82099914550781,56.54999923706055,57.33000183105469,1541100,0.0,0.0
2026-03-06 00:00:00-05:00,55.108001708984375,57.042999267578125,54.79999923706055,56.5,1167900,0.0,0.0
2026-03-09 00:00:00-04:00,55.59000015258789,59.060001373291016,55.0,58.779998779296875,1261700,0.0,0.0
2026-03-10 00:00:00-04:00,53.939998626708984,55.39500045776367,50.665000915527344,52.79999923706055,9434600,0.0,0.0
2026-03-11 00:00:00-04:00,52.119998931884766,52.119998931884766,49.845001220703125,49.93000030517578,6326400,0.0,0.0
2026-03-12 00:00:00-04:00,49.349998474121094,49.5,48.20000076293945,48.869998931884766,3290000,0.0,0.0
2026-03-13 00:00:00-04:00,49.70000076293945,50.06999969482422,47.53200149536133,48.75,1972800,0.0,0.0
2026-03-16 00:00:00-04:00,49.5,50.09000015258789,47.720001220703125,48.41999816894531,2258100,0.0,0.0
2026-03-17 00:00:00-04:00,48.900001525878906,50.189998626708984,48.540000915527344,50.09000015258789,1874100,0.0,0.0
2026-03-18 00:00:00-04:00,49.290000915527344,49.5,47.54999923706055,47.689998626708984,1476100,0.0,0.0
2026-03-19 00:00:00-04:00,46.77000045776367,48.185001373291016,46.31999969482422,46.95000076293945,2231007,0.0,0.0
