Date,Open,High,Low,Close,Volume,Dividends,Stock Splits
2022-01-03 00:00:00-05:00,7.519999980926514,7.739999771118164,7.519999980926514,7.639999866485596,73400,0.0,0.0
2022-01-04 00:00:00-05:00,7.650000095367432,7.880000114440918,7.650000095367432,7.739999771118164,119300,0.0,0.0
2022-01-05 00:00:00-05:00,7.739999771118164,7.789999961853027,7.300000190734863,7.369999885559082,134000,0.0,0.0
2022-01-06 00:00:00-05:00,7.340000152587891,7.460000038146973,7.25,7.269999980926514,202700,0.0,0.0
2022-01-07 00:00:00-05:00,7.269999980926514,7.619999885559082,7.269999980926514,7.510000228881836,71000,0.0,0.0
2022-01-10 00:00:00-05:00,7.409999847412109,7.519999980926514,7.289999961853027,7.320000171661377,94600,0.0,0.0
2022-01-11 00:00:00-05:00,7.420000076293945,7.420000076293945,6.829999923706055,6.929999828338623,121800,0.0,0.0
2022-01-12 00:00:00-05:00,6.929999828338623,7.090000152587891,6.909999847412109,6.980000019073486,47300,0.0,0.0
2022-01-13 00:00:00-05:00,7.0,7.639999866485596,7.0,7.300000190734863,126200,0.0,0.0
2022-01-14 00:00:00-05:00,7.230000019073486,7.380000114440918,7.199999809265137,7.380000114440918,71600,0.0,0.0
2022-01-18 00:00:00-05:00,7.260000228881836,7.329999923706055,6.920000076293945,7.0,102800,0.0,0.0
2022-01-19 00:00:00-05:00,7.099999904632568,7.130000114440918,6.659999847412109,6.800000190734863,143300,0.0,0.0
2022-01-20 00:00:00-05:00,6.75,6.949999809265137,6.599999904632568,6.619999885559082,114900,0.0,0.0
2022-01-21 00:00:00-05:00,6.570000171661377,6.710000038146973,6.380000114440918,6.400000095367432,165700,0.0,0.0
2022-01-24 00:00:00-05:00,6.559999942779541,6.559999942779541,6.119999885559082,6.239999771118164,119200,0.0,0.0
2022-01-25 00:00:00-05:00,6.400000095367432,6.409999847412109,6.079999923706055,6.349999904632568,111100,0.0,0.0
2022-01-26 00:00:00-05:00,6.400000095367432,6.570000171661377,6.179999828338623,6.239999771118164,49900,0.0,0.0
2022-01-27 00:00:00-05:00,6.28000020980835,6.449999809265137,6.019999980926514,6.03000020980835,90400,0.0,0.0
2022-01-28 00:00:00-05:00,6.079999923706055,6.130000114440918,6.010000228881836,6.119999885559082,105600,0.0,0.0
2022-01-31 00:00:00-05:00,6.130000114440918,6.46999979019165,6.099999904632568,6.389999866485596,183400,0.0,0.0
2022-02-01 00:00:00-05:00,6.360000133514404,6.579999923706055,6.349999904632568,6.489999771118164,109600,0.0,0.0
2022-02-02 00:00:00-05:00,6.71999979019165,6.71999979019165,6.269999980926514,6.289999961853027,99500,0.0,0.0
2022-02-03 00:00:00-05:00,6.329999923706055,6.409999847412109,6.039999961853027,6.079999923706055,321800,0.0,0.0
2022-02-04 00:00:00-05:00,6.210000038146973,6.579999923706055,5.46999979019165,5.5,722400,0.0,0.0
2022-02-07 00:00:00-05:00,5.579999923706055,5.599999904632568,5.300000190734863,5.590000152587891,291400,0.0,0.0
2022-02-08 00:00:00-05:00,5.670000076293945,6.039999961853027,5.570000171661377,6.039999961853027,421000,0.0,0.0
2022-02-09 00:00:00-05:00,6.119999885559082,6.260000228881836,5.960000038146973,6.070000171661377,198900,0.0,0.0
2022-02-10 00:00:00-05:00,5.949999809265137,6.070000171661377,5.730000019073486,5.829999923706055,122200,0.0,0.0
2022-02-11 00:00:00-05:00,5.800000190734863,5.909999847412109,5.559999942779541,5.659999847412109,170700,0.0,0.0
2022-02-14 00:00:00-05:00,5.659999847412109,5.900000095367432,5.659999847412109,5.78000020980835,107000,0.0,0.0
2022-02-15 00:00:00-05:00,5.909999847412109,6.03000020980835,5.849999904632568,5.949999809265137,70400,0.0,0.0
2022-02-16 00:00:00-05:00,5.900000095367432,5.980000019073486,5.760000228881836,5.949999809265137,182600,0.0,0.0
2022-02-17 00:00:00-05:00,5.840000152587891,6.110000133514404,5.840000152587891,6.070000171661377,111700,0.0,0.0
2022-02-18 00:00:00-05:00,6.050000190734863,6.090000152587891,5.889999866485596,5.889999866485596,73600,0.0,0.0
2022-02-22 00:00:00-05:00,5.849999904632568,5.880000114440918,5.699999809265137,5.809999942779541,91900,0.0,0.0
2022-02-23 00:00:00-05:00,5.869999885559082,5.949999809265137,5.75,5.760000228881836,65500,0.0,0.0
2022-02-24 00:00:00-05:00,5.53000020980835,5.949999809265137,5.460000038146973,5.869999885559082,89700,0.0,0.0
2022-02-25 00:00:00-05:00,5.909999847412109,6.179999828338623,5.840000152587891,6.090000152587891,111800,0.0,0.0
2022-02-28 00:00:00-05:00,5.96999979019165,6.199999809265137,5.909999847412109,6.119999885559082,94800,0.0,0.0
2022-03-01 00:00:00-05:00,6.090000152587891,6.190000057220459,5.900000095367432,5.940000057220459,71900,0.0,0.0
2022-03-02 00:00:00-05:00,5.989999771118164,6.159999847412109,5.980000019073486,6.070000171661377,84500,0.0,0.0
2022-03-03 00:00:00-05:00,6.099999904632568,6.110000133514404,5.96999979019165,6.010000228881836,46600,0.0,0.0
2022-03-04 00:00:00-05:00,5.960000038146973,6.059999942779541,5.880000114440918,5.940000057220459,112500,0.0,0.0
2022-03-07 00:00:00-05:00,5.940000057220459,6.110000133514404,5.940000057220459,6.050000190734863,149300,0.0,0.0
2022-03-08 00:00:00-05:00,6.170000076293945,6.21999979019165,5.929999828338623,5.960000038146973,217800,0.0,0.0
2022-03-09 00:00:00-05:00,6.070000171661377,6.21999979019165,6.050000190734863,6.130000114440918,131400,0.0,0.0
2022-03-10 00:00:00-05:00,5.980000019073486,6.199999809265137,5.980000019073486,6.150000095367432,78300,0.0,0.0
2022-03-11 00:00:00-05:00,6.170000076293945,6.179999828338623,6.010000228881836,6.010000228881836,92500,0.0,0.0
2022-03-14 00:00:00-04:00,6.070000171661377,6.190000057220459,5.920000076293945,6.159999847412109,132100,0.0,0.0
2022-03-15 00:00:00-04:00,6.199999809265137,6.409999847412109,6.150000095367432,6.369999885559082,90200,0.0,0.0
2022-03-16 00:00:00-04:00,6.480000019073486,6.800000190734863,6.480000019073486,6.789999961853027,73300,0.0,0.0
2022-03-17 00:00:00-04:00,6.809999942779541,7.25,6.78000020980835,7.159999847412109,137500,0.0,0.0
2022-03-18 00:00:00-04:00,7.050000190734863,7.489999771118164,7.050000190734863,7.460000038146973,180400,0.0,0.0
2022-03-21 00:00:00-04:00,7.369999885559082,7.559999942779541,7.119999885559082,7.210000038146973,125500,0.0,0.0
2022-03-22 00:00:00-04:00,7.21999979019165,7.329999923706055,7.110000133514404,7.309999942779541,90000,0.0,0.0
2022-03-23 00:00:00-04:00,7.25,7.289999961853027,7.0,7.03000020980835,60600,0.0,0.0
2022-03-24 00:00:00-04:00,7.050000190734863,7.190000057220459,6.960000038146973,7.059999942779541,33200,0.0,0.0
2022-03-25 00:00:00-04:00,7.099999904632568,7.110000133514404,6.900000095367432,6.909999847412109,37200,0.0,0.0
2022-03-28 00:00:00-04:00,6.889999866485596,7.130000114440918,6.880000114440918,7.059999942779541,64600,0.0,0.0
2022-03-29 00:00:00-04:00,7.179999828338623,7.400000095367432,7.119999885559082,7.119999885559082,71400,0.0,0.0
2022-03-30 00:00:00-04:00,7.099999904632568,7.400000095367432,7.010000228881836,7.21999979019165,100600,0.0,0.0
2022-03-31 00:00:00-04:00,7.170000076293945,7.349999904632568,7.079999923706055,7.119999885559082,38100,0.0,0.0
2022-04-01 00:00:00-04:00,7.119999885559082,7.28000020980835,6.989999771118164,7.25,34200,0.0,0.0
2022-04-04 00:00:00-04:00,7.300000190734863,7.829999923706055,7.300000190734863,7.78000020980835,233700,0.0,0.0
2022-04-05 00:00:00-04:00,7.769999980926514,7.820000171661377,7.269999980926514,7.599999904632568,142200,0.0,0.0
2022-04-06 00:00:00-04:00,7.510000228881836,7.510000228881836,7.070000171661377,7.190000057220459,53000,0.0,0.0
2022-04-07 00:00:00-04:00,7.199999809265137,7.349999904632568,7.010000228881836,7.050000190734863,53400,0.0,0.0
2022-04-08 00:00:00-04:00,7.070000171661377,7.179999828338623,6.989999771118164,7.0,34200,0.0,0.0
2022-04-11 00:00:00-04:00,7.0,7.010000228881836,6.659999847412109,6.760000228881836,114300,0.0,0.0
2022-04-12 00:00:00-04:00,6.960000038146973,6.960000038146973,6.630000114440918,6.699999809265137,26000,0.0,0.0
2022-04-13 00:00:00-04:00,6.869999885559082,6.869999885559082,6.630000114440918,6.699999809265137,19000,0.0,0.0
2022-04-14 00:00:00-04:00,6.75,6.829999923706055,6.539999961853027,6.630000114440918,28100,0.0,0.0
2022-04-18 00:00:00-04:00,6.789999961853027,6.789999961853027,6.5,6.510000228881836,36300,0.0,0.0
2022-04-19 00:00:00-04:00,6.590000152587891,6.869999885559082,6.590000152587891,6.690000057220459,23800,0.0,0.0
2022-04-20 00:00:00-04:00,6.760000228881836,6.909999847412109,6.659999847412109,6.909999847412109,64100,0.0,0.0
2022-04-21 00:00:00-04:00,6.96999979019165,6.96999979019165,6.579999923706055,6.639999866485596,20700,0.0,0.0
2022-04-22 00:00:00-04:00,6.599999904632568,6.659999847412109,6.340000152587891,6.360000133514404,52200,0.0,0.0
2022-04-25 00:00:00-04:00,6.25,6.539999961853027,6.110000133514404,6.360000133514404,62600,0.0,0.0
2022-04-26 00:00:00-04:00,6.380000114440918,6.380000114440918,6.010000228881836,6.099999904632568,55700,0.0,0.0
2022-04-27 00:00:00-04:00,6.099999904632568,6.440000057220459,6.099999904632568,6.21999979019165,52300,0.0,0.0
2022-04-28 00:00:00-04:00,6.269999980926514,6.550000190734863,6.119999885559082,6.289999961853027,98500,0.0,0.0
2022-04-29 00:00:00-04:00,6.550000190734863,6.550000190734863,6.25,6.28000020980835,79300,0.0,0.0
2022-05-02 00:00:00-04:00,6.28000020980835,6.340000152587891,6.099999904632568,6.289999961853027,39800,0.0,0.0
2022-05-03 00:00:00-04:00,6.239999771118164,6.369999885559082,6.090000152587891,6.099999904632568,20000,0.0,0.0
2022-05-04 00:00:00-04:00,6.21999979019165,6.380000114440918,6.019999980926514,6.340000152587891,72600,0.0,0.0
2022-05-05 00:00:00-04:00,6.329999923706055,6.590000152587891,6.21999979019165,6.590000152587891,133200,0.0,0.0
2022-05-06 00:00:00-04:00,6.550000190734863,6.550000190734863,5.849999904632568,5.889999866485596,164400,0.0,0.0
2022-05-09 00:00:00-04:00,5.96999979019165,6.360000133514404,5.340000152587891,5.440000057220459,136100,0.0,0.0
2022-05-10 00:00:00-04:00,5.610000133514404,5.690000057220459,5.019999980926514,5.070000171661377,199400,0.0,0.0
2022-05-11 00:00:00-04:00,5.110000133514404,5.380000114440918,4.940000057220459,5.079999923706055,137500,0.0,0.0
2022-05-12 00:00:00-04:00,5.079999923706055,5.340000152587891,4.96999979019165,5.340000152587891,55200,0.0,0.0
2022-05-13 00:00:00-04:00,5.349999904632568,5.639999866485596,5.309999942779541,5.320000171661377,40300,0.0,0.0
2022-05-16 00:00:00-04:00,5.320000171661377,5.519999980926514,5.320000171661377,5.409999847412109,53700,0.0,0.0
2022-05-17 00:00:00-04:00,5.5,5.590000152587891,5.449999809265137,5.5,19300,0.0,0.0
2022-05-18 00:00:00-04:00,5.5,5.5,5.130000114440918,5.28000020980835,184100,0.0,0.0
2022-05-19 00:00:00-04:00,5.230000019073486,5.389999866485596,5.170000076293945,5.269999980926514,73500,0.0,0.0
2022-05-20 00:00:00-04:00,5.28000020980835,5.300000190734863,5.059999942779541,5.119999885559082,40400,0.0,0.0
2022-05-23 00:00:00-04:00,5.159999847412109,5.159999847412109,4.840000152587891,4.929999828338623,64800,0.0,0.0
2022-05-24 00:00:00-04:00,4.840000152587891,4.880000114440918,4.610000133514404,4.699999809265137,53200,0.0,0.0
2022-05-25 00:00:00-04:00,4.699999809265137,5.059999942779541,4.619999885559082,5.019999980926514,55200,0.0,0.0
2022-05-26 00:00:00-04:00,5.019999980926514,5.119999885559082,4.800000190734863,4.880000114440918,58500,0.0,0.0
2022-05-27 00:00:00-04:00,4.920000076293945,5.150000095367432,4.909999847412109,5.070000171661377,48900,0.0,0.0
2022-05-31 00:00:00-04:00,5.079999923706055,5.150000095367432,4.800000190734863,5.0,120000,0.0,0.0
2022-06-01 00:00:00-04:00,4.96999979019165,5.269999980926514,4.800000190734863,5.170000076293945,154200,0.0,0.0
2022-06-02 00:00:00-04:00,5.150000095367432,5.5,5.050000190734863,5.059999942779541,140100,0.0,0.0
2022-06-03 00:00:00-04:00,5.039999961853027,5.239999771118164,4.909999847412109,4.96999979019165,73900,0.0,0.0
2022-06-06 00:00:00-04:00,5.039999961853027,5.119999885559082,4.800000190734863,4.889999866485596,88700,0.0,0.0
2022-06-07 00:00:00-04:00,4.809999942779541,5.239999771118164,4.809999942779541,5.130000114440918,64300,0.0,0.0
2022-06-08 00:00:00-04:00,5.210000038146973,5.210000038146973,5.010000228881836,5.070000171661377,13200,0.0,0.0
2022-06-09 00:00:00-04:00,5.0,5.159999847412109,4.909999847412109,5.119999885559082,14100,0.0,0.0
2022-06-10 00:00:00-04:00,5.110000133514404,5.110000133514404,4.909999847412109,5.03000020980835,24500,0.0,0.0
2022-06-13 00:00:00-04:00,4.920000076293945,5.0,4.789999961853027,4.820000171661377,92100,0.0,0.0
2022-06-14 00:00:00-04:00,4.849999904632568,4.96999979019165,4.760000228881836,4.800000190734863,32200,0.0,0.0
2022-06-15 00:00:00-04:00,4.809999942779541,5.099999904632568,4.809999942779541,5.050000190734863,58600,0.0,0.0
2022-06-16 00:00:00-04:00,4.96999979019165,5.050000190734863,4.820000171661377,4.889999866485596,61100,0.0,0.0
2022-06-17 00:00:00-04:00,4.860000133514404,4.949999809265137,4.710000038146973,4.75,59700,0.0,0.0
2022-06-21 00:00:00-04:00,4.739999771118164,4.889999866485596,4.5,4.53000020980835,94700,0.0,0.0
2022-06-22 00:00:00-04:00,4.710000038146973,4.730000019073486,4.440000057220459,4.5,25000,0.0,0.0
2022-06-23 00:00:00-04:00,4.46999979019165,4.849999904632568,4.329999923706055,4.579999923706055,61400,0.0,0.0
2022-06-24 00:00:00-04:00,4.710000038146973,4.800000190734863,4.539999961853027,4.590000152587891,45000,0.0,0.0
2022-06-27 00:00:00-04:00,4.590000152587891,4.590000152587891,4.449999809265137,4.550000190734863,29500,0.0,0.0
2022-06-28 00:00:00-04:00,4.619999885559082,4.630000114440918,4.5,4.599999904632568,17000,0.0,0.0
2022-06-29 00:00:00-04:00,4.760000228881836,4.760000228881836,4.489999771118164,4.550000190734863,20500,0.0,0.0
2022-06-30 00:00:00-04:00,4.699999809265137,4.699999809265137,4.449999809265137,4.690000057220459,20400,0.0,0.0
2022-07-01 00:00:00-04:00,4.849999904632568,4.849999904632568,4.579999923706055,4.659999847412109,11800,0.0,0.0
2022-07-05 00:00:00-04:00,4.659999847412109,4.699999809265137,4.389999866485596,4.590000152587891,42900,0.0,0.0
2022-07-06 00:00:00-04:00,4.579999923706055,4.679999828338623,4.5,4.570000171661377,37400,0.0,0.0
2022-07-07 00:00:00-04:00,4.630000114440918,4.800000190734863,4.590000152587891,4.639999866485596,11700,0.0,0.0
2022-07-08 00:00:00-04:00,4.659999847412109,4.789999961853027,4.510000228881836,4.670000076293945,65800,0.0,0.0
2022-07-11 00:00:00-04:00,4.420000076293945,4.690000057220459,4.420000076293945,4.619999885559082,11700,0.0,0.0
2022-07-12 00:00:00-04:00,4.610000133514404,4.849999904632568,4.550000190734863,4.679999828338623,63600,0.0,0.0
2022-07-13 00:00:00-04:00,4.650000095367432,4.679999828338623,4.590000152587891,4.679999828338623,15100,0.0,0.0
2022-07-14 00:00:00-04:00,4.739999771118164,4.739999771118164,4.570000171661377,4.590000152587891,17400,0.0,0.0
2022-07-15 00:00:00-04:00,4.570000171661377,4.849999904632568,4.570000171661377,4.809999942779541,73200,0.0,0.0
2022-07-18 00:00:00-04:00,4.840000152587891,5.099999904632568,4.679999828338623,5.010000228881836,85300,0.0,0.0
2022-07-19 00:00:00-04:00,5.010000228881836,5.179999828338623,4.920000076293945,4.960000038146973,53500,0.0,0.0
2022-07-20 00:00:00-04:00,5.119999885559082,5.239999771118164,5.03000020980835,5.190000057220459,55500,0.0,0.0
2022-07-21 00:00:00-04:00,5.199999809265137,5.199999809265137,5.019999980926514,5.159999847412109,37900,0.0,0.0
2022-07-22 00:00:00-04:00,5.099999904632568,5.130000114440918,5.010000228881836,5.099999904632568,20900,0.0,0.0
2022-07-25 00:00:00-04:00,5.159999847412109,5.210000038146973,5.050000190734863,5.170000076293945,55600,0.0,0.0
2022-07-26 00:00:00-04:00,5.170000076293945,5.210000038146973,5.079999923706055,5.079999923706055,7500,0.0,0.0
2022-07-27 00:00:00-04:00,5.150000095367432,5.179999828338623,5.070000171661377,5.119999885559082,17400,0.0,0.0
2022-07-28 00:00:00-04:00,5.079999923706055,5.170000076293945,5.050000190734863,5.079999923706055,28100,0.0,0.0
2022-07-29 00:00:00-04:00,5.070000171661377,5.179999828338623,4.940000057220459,5.079999923706055,15900,0.0,0.0
2022-08-01 00:00:00-04:00,5.110000133514404,5.25,4.989999771118164,5.119999885559082,57500,0.0,0.0
2022-08-02 00:00:00-04:00,5.119999885559082,5.28000020980835,5.099999904632568,5.159999847412109,19200,0.0,0.0
2022-08-03 00:00:00-04:00,5.239999771118164,5.449999809265137,5.179999828338623,5.400000095367432,51100,0.0,0.0
2022-08-04 00:00:00-04:00,5.380000114440918,5.420000076293945,5.210000038146973,5.309999942779541,19600,0.0,0.0
2022-08-05 00:00:00-04:00,5.300000190734863,5.380000114440918,5.099999904632568,5.289999961853027,19000,0.0,0.0
2022-08-08 00:00:00-04:00,5.289999961853027,5.440000057220459,5.289999961853027,5.309999942779541,12100,0.0,0.0
2022-08-09 00:00:00-04:00,5.349999904632568,5.489999771118164,5.170000076293945,5.320000171661377,65600,0.0,0.0
2022-08-10 00:00:00-04:00,5.300000190734863,5.440000057220459,5.039999961853027,5.039999961853027,18100,0.0,0.0
2022-08-11 00:00:00-04:00,5.039999961853027,5.230000019073486,5.010000228881836,5.099999904632568,15700,0.0,0.0
2022-08-12 00:00:00-04:00,5.090000152587891,5.349999904632568,5.03000020980835,5.21999979019165,32600,0.0,0.0
2022-08-15 00:00:00-04:00,5.199999809265137,5.260000228881836,5.170000076293945,5.170000076293945,32400,0.0,0.0
2022-08-16 00:00:00-04:00,5.170000076293945,5.170000076293945,5.010000228881836,5.079999923706055,18300,0.0,0.0
2022-08-17 00:00:00-04:00,5.050000190734863,5.25,5.039999961853027,5.25,66100,0.0,0.0
2022-08-18 00:00:00-04:00,5.25,5.639999866485596,5.099999904632568,5.340000152587891,81300,0.0,0.0
2022-08-19 00:00:00-04:00,5.269999980926514,5.900000095367432,5.21999979019165,5.889999866485596,126100,0.0,0.0
2022-08-22 00:00:00-04:00,5.900000095367432,5.900000095367432,5.550000190734863,5.710000038146973,40500,0.0,0.0
2022-08-23 00:00:00-04:00,5.679999828338623,5.889999866485596,5.5,5.75,46900,0.0,0.0
2022-08-24 00:00:00-04:00,5.75,5.789999961853027,5.510000228881836,5.71999979019165,21900,0.0,0.0
2022-08-25 00:00:00-04:00,5.78000020980835,5.78000020980835,5.659999847412109,5.699999809265137,30600,0.0,0.0
2022-08-26 00:00:00-04:00,5.670000076293945,5.840000152587891,5.539999961853027,5.75,65700,0.0,0.0
2022-08-29 00:00:00-04:00,5.789999961853027,5.900000095367432,5.559999942779541,5.849999904632568,68200,0.0,0.0
2022-08-30 00:00:00-04:00,5.789999961853027,5.940000057220459,5.510000228881836,5.730000019073486,27700,0.0,0.0
2022-08-31 00:00:00-04:00,5.789999961853027,5.789999961853027,5.489999771118164,5.610000133514404,19500,0.0,0.0
2022-09-01 00:00:00-04:00,5.659999847412109,5.659999847412109,5.159999847412109,5.389999866485596,56200,0.0,0.0
2022-09-02 00:00:00-04:00,5.510000228881836,5.739999771118164,5.110000133514404,5.159999847412109,151100,0.0,0.0
2022-09-06 00:00:00-04:00,5.190000057220459,5.409999847412109,4.730000019073486,4.800000190734863,105000,0.0,0.0
2022-09-07 00:00:00-04:00,4.769999980926514,5.110000133514404,4.769999980926514,5.019999980926514,172500,0.0,0.0
2022-09-08 00:00:00-04:00,5.0,5.199999809265137,4.949999809265137,5.090000152587891,165400,0.0,0.0
2022-09-09 00:00:00-04:00,5.159999847412109,5.5,5.010000228881836,5.480000019073486,397900,0.0,0.0
2022-09-12 00:00:00-04:00,5.429999828338623,5.769999980926514,5.420000076293945,5.440000057220459,73100,0.0,0.0
2022-09-13 00:00:00-04:00,5.349999904632568,5.670000076293945,5.349999904632568,5.409999847412109,58000,0.0,0.0
2022-09-14 00:00:00-04:00,5.489999771118164,5.800000190734863,5.489999771118164,5.519999980926514,59900,0.0,0.0
2022-09-15 00:00:00-04:00,5.53000020980835,5.639999866485596,5.199999809265137,5.300000190734863,33900,0.0,0.0
2022-09-16 00:00:00-04:00,5.199999809265137,5.480000019073486,4.989999771118164,5.130000114440918,60400,0.0,0.0
2022-09-19 00:00:00-04:00,5.170000076293945,5.239999771118164,4.980000019073486,5.199999809265137,27600,0.0,0.0
2022-09-20 00:00:00-04:00,5.369999885559082,5.619999885559082,5.010000228881836,5.300000190734863,56700,0.0,0.0
2022-09-21 00:00:00-04:00,5.400000095367432,5.489999771118164,5.25,5.420000076293945,78300,0.0,0.0
2022-09-22 00:00:00-04:00,5.349999904632568,5.480000019073486,5.170000076293945,5.320000171661377,90600,0.0,0.0
2022-09-23 00:00:00-04:00,5.239999771118164,5.239999771118164,4.900000095367432,4.980000019073486,76400,0.0,0.0
2022-09-26 00:00:00-04:00,5.0,5.03000020980835,4.710000038146973,4.860000133514404,51200,0.0,0.0
2022-09-27 00:00:00-04:00,5.0,5.03000020980835,4.710000038146973,4.760000228881836,33000,0.0,0.0
2022-09-28 00:00:00-04:00,4.730000019073486,4.980000019073486,4.670000076293945,4.880000114440918,62800,0.0,0.0
2022-09-29 00:00:00-04:00,4.739999771118164,4.739999771118164,4.639999866485596,4.639999866485596,53400,0.0,0.0
2022-09-30 00:00:00-04:00,4.809999942779541,4.809999942779541,4.639999866485596,4.690000057220459,56500,0.0,0.0
2022-10-03 00:00:00-04:00,4.75,4.869999885559082,4.639999866485596,4.690000057220459,56000,0.0,0.0
2022-10-04 00:00:00-04:00,4.920000076293945,5.28000020980835,4.920000076293945,5.070000171661377,108800,0.0,0.0
2022-10-05 00:00:00-04:00,4.889999866485596,5.070000171661377,4.869999885559082,5.010000228881836,72100,0.0,0.0
2022-10-06 00:00:00-04:00,4.949999809265137,5.079999923706055,4.869999885559082,4.920000076293945,7100,0.0,0.0
2022-10-07 00:00:00-04:00,4.869999885559082,4.920000076293945,4.710000038146973,4.769999980926514,32800,0.0,0.0
2022-10-10 00:00:00-04:00,4.789999961853027,5.119999885559082,4.789999961853027,4.929999828338623,20300,0.0,0.0
2022-10-11 00:00:00-04:00,4.920000076293945,5.059999942779541,4.650000095367432,4.869999885559082,40600,0.0,0.0
2022-10-12 00:00:00-04:00,4.920000076293945,5.0,4.820000171661377,4.880000114440918,19100,0.0,0.0
2022-10-13 00:00:00-04:00,4.869999885559082,5.190000057220459,4.809999942779541,5.170000076293945,66300,0.0,0.0
2022-10-14 00:00:00-04:00,5.150000095367432,5.150000095367432,4.960000038146973,5.079999923706055,30000,0.0,0.0
2022-10-17 00:00:00-04:00,5.039999961853027,5.21999979019165,5.0,5.110000133514404,28400,0.0,0.0
2022-10-18 00:00:00-04:00,5.159999847412109,5.300000190734863,5.090000152587891,5.130000114440918,24600,0.0,0.0
2022-10-19 00:00:00-04:00,5.119999885559082,5.199999809265137,4.940000057220459,5.039999961853027,12000,0.0,0.0
2022-10-20 00:00:00-04:00,4.940000057220459,5.199999809265137,4.940000057220459,5.170000076293945,19600,0.0,0.0
2022-10-21 00:00:00-04:00,5.170000076293945,5.170000076293945,4.889999866485596,4.96999979019165,22500,0.0,0.0
2022-10-24 00:00:00-04:00,4.869999885559082,4.949999809265137,4.739999771118164,4.860000133514404,14600,0.0,0.0
2022-10-25 00:00:00-04:00,4.849999904632568,5.019999980926514,4.659999847412109,4.949999809265137,25000,0.0,0.0
2022-10-26 00:00:00-04:00,5.019999980926514,5.039999961853027,4.829999923706055,4.900000095367432,7700,0.0,0.0
2022-10-27 00:00:00-04:00,4.96999979019165,5.119999885559082,4.960000038146973,5.03000020980835,37700,0.0,0.0
2022-10-28 00:00:00-04:00,5.090000152587891,5.179999828338623,4.989999771118164,5.139999866485596,18000,0.0,0.0
2022-10-31 00:00:00-04:00,5.159999847412109,6.039999961853027,5.159999847412109,6.0,98000,0.0,0.0
2022-11-01 00:00:00-04:00,5.909999847412109,6.5,5.769999980926514,6.400000095367432,133300,0.0,0.0
2022-11-02 00:00:00-04:00,6.599999904632568,6.599999904632568,5.920000076293945,6.239999771118164,76600,0.0,0.0
2022-11-03 00:00:00-04:00,6.110000133514404,6.829999923706055,5.920000076293945,6.75,152000,0.0,0.0
2022-11-04 00:00:00-04:00,6.079999923706055,6.079999923706055,5.300000190734863,5.329999923706055,267600,0.0,0.0
2022-11-07 00:00:00-05:00,5.300000190734863,5.510000228881836,4.900000095367432,5.460000038146973,118500,0.0,0.0
2022-11-08 00:00:00-05:00,5.400000095367432,5.599999904632568,5.329999923706055,5.579999923706055,44100,0.0,0.0
2022-11-09 00:00:00-05:00,5.579999923706055,5.579999923706055,5.25,5.300000190734863,94300,0.0,0.0
2022-11-10 00:00:00-05:00,5.420000076293945,5.579999923706055,5.179999828338623,5.570000171661377,104400,0.0,0.0
2022-11-11 00:00:00-05:00,5.599999904632568,6.079999923706055,5.599999904632568,5.739999771118164,91300,0.0,0.0
2022-11-14 00:00:00-05:00,5.639999866485596,5.820000171661377,5.199999809265137,5.199999809265137,63500,0.0,0.0
2022-11-15 00:00:00-05:00,5.239999771118164,5.480000019073486,5.130000114440918,5.150000095367432,65400,0.0,0.0
2022-11-16 00:00:00-05:00,5.130000114440918,5.46999979019165,5.130000114440918,5.400000095367432,55100,0.0,0.0
2022-11-17 00:00:00-05:00,5.199999809265137,5.320000171661377,5.110000133514404,5.21999979019165,10200,0.0,0.0
2022-11-18 00:00:00-05:00,5.300000190734863,5.340000152587891,5.130000114440918,5.130000114440918,33800,0.0,0.0
2022-11-21 00:00:00-05:00,5.130000114440918,5.670000076293945,5.130000114440918,5.510000228881836,60600,0.0,0.0
2022-11-22 00:00:00-05:00,5.53000020980835,5.53000020980835,5.170000076293945,5.269999980926514,37500,0.0,0.0
2022-11-23 00:00:00-05:00,5.329999923706055,5.409999847412109,5.289999961853027,5.329999923706055,25400,0.0,0.0
2022-11-25 00:00:00-05:00,5.360000133514404,5.829999923706055,5.349999904632568,5.550000190734863,24400,0.0,0.0
2022-11-28 00:00:00-05:00,5.519999980926514,5.599999904632568,5.309999942779541,5.460000038146973,30200,0.0,0.0
2022-11-29 00:00:00-05:00,5.320000171661377,5.710000038146973,5.320000171661377,5.579999923706055,47400,0.0,0.0
2022-11-30 00:00:00-05:00,5.590000152587891,5.789999961853027,5.460000038146973,5.78000020980835,69700,0.0,0.0
2022-12-01 00:00:00-05:00,5.900000095367432,5.949999809265137,5.409999847412109,5.5,52200,0.0,0.0
2022-12-02 00:00:00-05:00,5.46999979019165,5.559999942779541,5.300000190734863,5.340000152587891,20100,0.0,0.0
2022-12-05 00:00:00-05:00,5.389999866485596,5.449999809265137,5.260000228881836,5.320000171661377,29700,0.0,0.0
2022-12-06 00:00:00-05:00,5.25,5.380000114440918,5.21999979019165,5.320000171661377,26900,0.0,0.0
2022-12-07 00:00:00-05:00,5.260000228881836,5.409999847412109,5.21999979019165,5.21999979019165,17700,0.0,0.0
2022-12-08 00:00:00-05:00,5.25,5.369999885559082,5.210000038146973,5.21999979019165,18500,0.0,0.0
2022-12-09 00:00:00-05:00,5.199999809265137,5.21999979019165,4.929999828338623,5.010000228881836,38300,0.0,0.0
2022-12-12 00:00:00-05:00,4.940000057220459,5.099999904632568,4.920000076293945,5.0,30600,0.0,0.0
2022-12-13 00:00:00-05:00,5.139999866485596,5.159999847412109,4.889999866485596,4.909999847412109,72400,0.0,0.0
2022-12-14 00:00:00-05:00,5.059999942779541,5.349999904632568,4.860000133514404,4.949999809265137,34300,0.0,0.0
2022-12-15 00:00:00-05:00,4.909999847412109,4.96999979019165,4.75,4.820000171661377,141500,0.0,0.0
2022-12-16 00:00:00-05:00,4.849999904632568,5.099999904632568,4.809999942779541,4.820000171661377,62100,0.0,0.0
2022-12-19 00:00:00-05:00,4.809999942779541,4.889999866485596,4.5,4.5,85500,0.0,0.0
2022-12-20 00:00:00-05:00,4.5,4.820000171661377,4.480000019073486,4.650000095367432,36600,0.0,0.0
2022-12-21 00:00:00-05:00,4.53000020980835,4.739999771118164,4.510000228881836,4.659999847412109,20700,0.0,0.0
2022-12-22 00:00:00-05:00,4.570000171661377,4.710000038146973,4.429999828338623,4.579999923706055,46800,0.0,0.0
2022-12-23 00:00:00-05:00,4.570000171661377,4.75,4.510000228881836,4.699999809265137,12000,0.0,0.0
2022-12-27 00:00:00-05:00,4.730000019073486,4.730000019073486,4.480000019073486,4.510000228881836,40700,0.0,0.0
2022-12-28 00:00:00-05:00,4.570000171661377,4.710000038146973,4.5,4.539999961853027,24500,0.0,0.0
2022-12-29 00:00:00-05:00,4.519999980926514,4.690000057220459,4.5,4.619999885559082,28100,0.0,0.0
2022-12-30 00:00:00-05:00,4.590000152587891,4.730000019073486,4.440000057220459,4.610000133514404,37500,0.0,0.0
2023-01-03 00:00:00-05:00,4.590000152587891,4.739999771118164,4.510000228881836,4.610000133514404,34600,0.0,0.0
2023-01-04 00:00:00-05:00,4.679999828338623,4.760000228881836,4.619999885559082,4.679999828338623,42400,0.0,0.0
2023-01-05 00:00:00-05:00,4.550000190734863,4.659999847412109,4.489999771118164,4.5,36600,0.0,0.0
2023-01-06 00:00:00-05:00,4.599999904632568,4.78000020980835,4.570000171661377,4.739999771118164,33900,0.0,0.0
2023-01-09 00:00:00-05:00,4.800000190734863,5.199999809265137,4.800000190734863,5.079999923706055,34900,0.0,0.0
2023-01-10 00:00:00-05:00,5.03000020980835,5.090000152587891,4.96999979019165,5.070000171661377,17900,0.0,0.0
2023-01-11 00:00:00-05:00,5.150000095367432,5.239999771118164,5.119999885559082,5.179999828338623,38200,0.0,0.0
2023-01-12 00:00:00-05:00,5.199999809265137,5.25,5.079999923706055,5.110000133514404,30200,0.0,0.0
2023-01-13 00:00:00-05:00,5.110000133514404,5.210000038146973,5.039999961853027,5.050000190734863,26900,0.0,0.0
2023-01-17 00:00:00-05:00,5.050000190734863,5.050000190734863,4.869999885559082,4.900000095367432,29000,0.0,0.0
2023-01-18 00:00:00-05:00,4.980000019073486,5.0,4.71999979019165,4.829999923706055,21200,0.0,0.0
2023-01-19 00:00:00-05:00,4.75,4.880000114440918,4.659999847412109,4.800000190734863,83800,0.0,0.0
2023-01-20 00:00:00-05:00,4.78000020980835,4.980000019073486,4.78000020980835,4.880000114440918,13900,0.0,0.0
2023-01-23 00:00:00-05:00,4.909999847412109,4.980000019073486,4.820000171661377,4.929999828338623,28000,0.0,0.0
2023-01-24 00:00:00-05:00,4.949999809265137,5.050000190734863,4.940000057220459,4.960000038146973,23000,0.0,0.0
2023-01-25 00:00:00-05:00,4.849999904632568,5.03000020980835,4.849999904632568,4.940000057220459,13500,0.0,0.0
2023-01-26 00:00:00-05:00,4.920000076293945,4.920000076293945,4.769999980926514,4.800000190734863,15800,0.0,0.0
2023-01-27 00:00:00-05:00,4.809999942779541,4.889999866485596,4.800000190734863,4.869999885559082,20700,0.0,0.0
2023-01-30 00:00:00-05:00,4.889999866485596,4.96999979019165,4.809999942779541,4.860000133514404,29700,0.0,0.0
2023-01-31 00:00:00-05:00,4.849999904632568,4.980000019073486,4.820000171661377,4.880000114440918,30700,0.0,0.0
2023-02-01 00:00:00-05:00,4.889999866485596,5.079999923706055,4.889999866485596,5.010000228881836,30300,0.0,0.0
2023-02-02 00:00:00-05:00,5.019999980926514,5.090000152587891,4.829999923706055,5.079999923706055,28300,0.0,0.0
2023-02-03 00:00:00-05:00,4.989999771118164,5.099999904632568,4.949999809265137,5.039999961853027,44200,0.0,0.0
2023-02-06 00:00:00-05:00,5.059999942779541,5.389999866485596,5.0,5.389999866485596,33500,0.0,0.0
2023-02-07 00:00:00-05:00,5.349999904632568,5.369999885559082,5.25,5.269999980926514,14300,0.0,0.0
2023-02-08 00:00:00-05:00,5.309999942779541,5.309999942779541,5.0,5.050000190734863,23500,0.0,0.0
2023-02-09 00:00:00-05:00,4.760000228881836,4.760000228881836,4.239999771118164,4.480000019073486,99800,0.0,0.0
2023-02-10 00:00:00-05:00,4.360000133514404,4.639999866485596,4.320000171661377,4.46999979019165,30200,0.0,0.0
2023-02-13 00:00:00-05:00,4.53000020980835,4.659999847412109,4.449999809265137,4.449999809265137,13900,0.0,0.0
2023-02-14 00:00:00-05:00,4.5,4.789999961853027,4.409999847412109,4.53000020980835,47400,0.0,0.0
2023-02-15 00:00:00-05:00,4.5,4.699999809265137,4.309999942779541,4.429999828338623,56700,0.0,0.0
2023-02-16 00:00:00-05:00,4.429999828338623,4.570000171661377,4.309999942779541,4.309999942779541,24700,0.0,0.0
2023-02-17 00:00:00-05:00,4.309999942779541,4.610000133514404,4.300000190734863,4.550000190734863,28000,0.0,0.0
2023-02-21 00:00:00-05:00,4.610000133514404,4.679999828338623,4.440000057220459,4.619999885559082,30700,0.0,0.0
2023-02-22 00:00:00-05:00,4.690000057220459,4.690000057220459,4.559999942779541,4.559999942779541,24300,0.0,0.0
2023-02-23 00:00:00-05:00,4.550000190734863,4.670000076293945,4.429999828338623,4.619999885559082,27000,0.0,0.0
2023-02-24 00:00:00-05:00,4.590000152587891,4.590000152587891,4.409999847412109,4.519999980926514,9500,0.0,0.0
2023-02-27 00:00:00-05:00,4.590000152587891,4.630000114440918,4.429999828338623,4.570000171661377,10800,0.0,0.0
2023-02-28 00:00:00-05:00,4.519999980926514,4.590000152587891,4.510000228881836,4.519999980926514,7800,0.0,0.0
2023-03-01 00:00:00-05:00,4.510000228881836,4.599999904632568,4.449999809265137,4.449999809265137,13300,0.0,0.0
2023-03-02 00:00:00-05:00,4.400000095367432,4.449999809265137,4.340000152587891,4.400000095367432,19900,0.0,0.0
2023-03-03 00:00:00-05:00,4.440000057220459,4.440000057220459,4.309999942779541,4.340000152587891,19600,0.0,0.0
2023-03-06 00:00:00-05:00,4.320000171661377,4.340000152587891,4.239999771118164,4.260000228881836,46400,0.0,0.0
2023-03-07 00:00:00-05:00,4.239999771118164,4.289999961853027,4.039999961853027,4.050000190734863,45000,0.0,0.0
2023-03-08 00:00:00-05:00,4.070000171661377,4.320000171661377,4.050000190734863,4.309999942779541,46600,0.0,0.0
2023-03-09 00:00:00-05:00,4.329999923706055,4.329999923706055,4.21999979019165,4.230000019073486,12800,0.0,0.0
2023-03-10 00:00:00-05:00,4.150000095367432,4.179999828338623,4.099999904632568,4.099999904632568,37500,0.0,0.0
2023-03-13 00:00:00-04:00,4.099999904632568,4.28000020980835,4.019999980926514,4.070000171661377,47600,0.0,0.0
2023-03-14 00:00:00-04:00,4.130000114440918,4.150000095367432,4.03000020980835,4.050000190734863,35600,0.0,0.0
2023-03-15 00:00:00-04:00,4.010000228881836,4.039999961853027,3.9200000762939453,4.010000228881836,44400,0.0,0.0
2023-03-16 00:00:00-04:00,4.0,4.019999980926514,3.950000047683716,3.9800000190734863,19400,0.0,0.0
2023-03-17 00:00:00-04:00,4.0,4.019999980926514,3.700000047683716,3.7300000190734863,148200,0.0,0.0
2023-03-20 00:00:00-04:00,3.759999990463257,3.869999885559082,3.609999895095825,3.6600000858306885,55700,0.0,0.0
2023-03-21 00:00:00-04:00,3.9000000953674316,3.9000000953674316,3.7200000286102295,3.7699999809265137,37700,0.0,0.0
2023-03-22 00:00:00-04:00,3.7799999713897705,3.9700000286102295,3.7799999713897705,3.940000057220459,21100,0.0,0.0
2023-03-23 00:00:00-04:00,4.0,4.0,3.880000114440918,3.9100000858306885,10700,0.0,0.0
2023-03-24 00:00:00-04:00,3.9200000762939453,4.019999980926514,3.9000000953674316,3.9200000762939453,17500,0.0,0.0
2023-03-27 00:00:00-04:00,3.950000047683716,3.9800000190734863,3.890000104904175,3.9600000381469727,16000,0.0,0.0
2023-03-28 00:00:00-04:00,3.9700000286102295,4.050000190734863,3.930000066757202,3.9700000286102295,18800,0.0,0.0
2023-03-29 00:00:00-04:00,3.990000009536743,4.0,3.7899999618530273,3.990000009536743,22100,0.0,0.0
2023-03-30 00:00:00-04:00,4.0,4.0,3.8299999237060547,3.869999885559082,37000,0.0,0.0
2023-03-31 00:00:00-04:00,3.869999885559082,3.9000000953674316,3.8499999046325684,3.859999895095825,50400,0.0,0.0
2023-04-03 00:00:00-04:00,3.880000114440918,3.890000104904175,3.6700000762939453,3.7300000190734863,79600,0.0,0.0
2023-04-04 00:00:00-04:00,3.7300000190734863,3.819999933242798,3.700000047683716,3.700000047683716,9600,0.0,0.0
2023-04-05 00:00:00-04:00,3.700000047683716,3.7100000381469727,3.549999952316284,3.5899999141693115,36400,0.0,0.0
2023-04-06 00:00:00-04:00,3.609999895095825,3.7300000190734863,3.5,3.5299999713897705,19500,0.0,0.0
2023-04-10 00:00:00-04:00,3.5299999713897705,3.5299999713897705,3.359999895095825,3.380000114440918,53100,0.0,0.0
2023-04-11 00:00:00-04:00,3.430000066757202,3.450000047683716,3.380000114440918,3.390000104904175,27400,0.0,0.0
2023-04-12 00:00:00-04:00,3.390000104904175,3.4700000286102295,3.2200000286102295,3.2699999809265137,70900,0.0,0.0
2023-04-13 00:00:00-04:00,3.25,3.25,3.190000057220459,3.2200000286102295,47100,0.0,0.0
2023-04-14 00:00:00-04:00,3.240000009536743,3.240000009536743,3.0299999713897705,3.109999895095825,118900,0.0,0.0
2023-04-17 00:00:00-04:00,3.109999895095825,3.1700000762939453,3.049999952316284,3.059999942779541,159500,0.0,0.0
2023-04-18 00:00:00-04:00,3.0999999046325684,3.1700000762939453,3.069999933242798,3.109999895095825,43400,0.0,0.0
2023-04-19 00:00:00-04:00,3.0999999046325684,3.1500000953674316,3.0999999046325684,3.119999885559082,15900,0.0,0.0
2023-04-20 00:00:00-04:00,3.130000114440918,3.309999942779541,3.0999999046325684,3.2100000381469727,71200,0.0,0.0
2023-04-21 00:00:00-04:00,3.240000009536743,3.2799999713897705,3.130000114440918,3.1500000953674316,62000,0.0,0.0
2023-04-24 00:00:00-04:00,3.2699999809265137,3.2699999809265137,3.049999952316284,3.0999999046325684,36200,0.0,0.0
2023-04-25 00:00:00-04:00,3.0999999046325684,3.109999895095825,2.9000000953674316,2.930000066757202,85800,0.0,0.0
2023-04-26 00:00:00-04:00,2.940000057220459,3.0,2.75,2.8299999237060547,96400,0.0,0.0
2023-04-27 00:00:00-04:00,2.869999885559082,2.9800000190734863,2.7300000190734863,2.9600000381469727,83100,0.0,0.0
2023-04-28 00:00:00-04:00,2.9700000286102295,3.0,2.7899999618530273,2.8499999046325684,154600,0.0,0.0
2023-05-01 00:00:00-04:00,2.859999895095825,2.859999895095825,2.799999952316284,2.799999952316284,18700,0.0,0.0
2023-05-02 00:00:00-04:00,2.799999952316284,2.799999952316284,2.6700000762939453,2.75,33900,0.0,0.0
2023-05-03 00:00:00-04:00,2.75,2.75,2.5999999046325684,2.6600000858306885,60900,0.0,0.0
2023-05-04 00:00:00-04:00,2.700000047683716,2.740000009536743,2.619999885559082,2.7300000190734863,139100,0.0,0.0
2023-05-05 00:00:00-04:00,2.7300000190734863,2.75,2.619999885559082,2.7300000190734863,90800,0.0,0.0
2023-05-08 00:00:00-04:00,2.7200000286102295,2.740000009536743,2.619999885559082,2.680000066757202,45300,0.0,0.0
2023-05-09 00:00:00-04:00,2.740000009536743,2.740000009536743,2.5999999046325684,2.6500000953674316,38900,0.0,0.0
2023-05-10 00:00:00-04:00,2.569999933242798,2.569999933242798,2.2200000286102295,2.2300000190734863,211800,0.0,0.0
2023-05-11 00:00:00-04:00,2.25,2.25,2.069999933242798,2.1500000953674316,248500,0.0,0.0
2023-05-12 00:00:00-04:00,2.140000104904175,2.1500000953674316,2.0999999046325684,2.130000114440918,97900,0.0,0.0
2023-05-15 00:00:00-04:00,2.1500000953674316,2.1500000953674316,2.0999999046325684,2.119999885559082,100600,0.0,0.0
2023-05-16 00:00:00-04:00,2.109999895095825,2.119999885559082,2.0,2.0199999809265137,150200,0.0,0.0
2023-05-17 00:00:00-04:00,2.049999952316284,2.069999933242798,1.9900000095367432,2.059999942779541,137400,0.0,0.0
2023-05-18 00:00:00-04:00,2.059999942779541,2.059999942779541,1.9800000190734863,1.9900000095367432,79200,0.0,0.0
2023-05-19 00:00:00-04:00,1.9700000286102295,2.069999933242798,1.8799999952316284,2.059999942779541,117100,0.0,0.0
2023-05-22 00:00:00-04:00,2.049999952316284,2.140000104904175,1.9900000095367432,2.140000104904175,55000,0.0,0.0
2023-05-23 00:00:00-04:00,2.140000104904175,2.1600000858306885,2.0399999618530273,2.140000104904175,150800,0.0,0.0
2023-05-24 00:00:00-04:00,2.069999933242798,2.0999999046325684,1.9500000476837158,2.0,64500,0.0,0.0
2023-05-25 00:00:00-04:00,2.0199999809265137,2.0299999713897705,1.850000023841858,1.8799999952316284,139500,0.0,0.0
2023-05-26 00:00:00-04:00,1.8899999856948853,1.8899999856948853,1.7999999523162842,1.850000023841858,90800,0.0,0.0
2023-05-30 00:00:00-04:00,1.8799999952316284,1.9700000286102295,1.8300000429153442,1.8700000047683716,172200,0.0,0.0
2023-05-31 00:00:00-04:00,1.8899999856948853,1.8899999856948853,1.75,1.7799999713897705,65100,0.0,0.0
2023-06-01 00:00:00-04:00,1.7699999809265137,1.850000023841858,1.7699999809265137,1.809999942779541,70700,0.0,0.0
2023-06-02 00:00:00-04:00,1.840000033378601,1.850000023841858,1.75,1.8200000524520874,130100,0.0,0.0
2023-06-05 00:00:00-04:00,1.850000023841858,1.909999966621399,1.7899999618530273,1.8600000143051147,68600,0.0,0.0
2023-06-06 00:00:00-04:00,1.8799999952316284,1.940000057220459,1.840000033378601,1.9299999475479126,66400,0.0,0.0
2023-06-07 00:00:00-04:00,3.0199999809265137,3.6700000762939453,2.9000000953674316,3.2899999618530273,115469200,0.0,0.0
2023-06-08 00:00:00-04:00,3.1600000858306885,3.430000066757202,3.069999933242798,3.309999942779541,4209500,0.0,0.0
2023-06-09 00:00:00-04:00,3.3299999237060547,3.3499999046325684,2.9100000858306885,3.049999952316284,1914200,0.0,0.0
2023-06-12 00:00:00-04:00,3.009999990463257,3.0999999046325684,2.950000047683716,2.990000009536743,537100,0.0,0.0
2023-06-13 00:00:00-04:00,2.990000009536743,2.990000009536743,2.759999990463257,2.890000104904175,541800,0.0,0.0
2023-06-14 00:00:00-04:00,2.7699999809265137,2.859999895095825,2.75,2.759999990463257,374600,0.0,0.0
2023-06-15 00:00:00-04:00,2.759999990463257,2.8299999237060547,2.619999885559082,2.759999990463257,402700,0.0,0.0
2023-06-16 00:00:00-04:00,2.759999990463257,2.819999933242798,2.6500000953674316,2.7300000190734863,207800,0.0,0.0
2023-06-20 00:00:00-04:00,2.7799999713897705,2.880000114440918,2.630000114440918,2.8399999141693115,316800,0.0,0.0
2023-06-21 00:00:00-04:00,2.75,2.7899999618530273,2.7200000286102295,2.75,108200,0.0,0.0
2023-06-22 00:00:00-04:00,2.75,2.809999942779541,2.7100000381469727,2.809999942779541,147200,0.0,0.0
2023-06-23 00:00:00-04:00,2.7899999618530273,2.809999942779541,2.740000009536743,2.7899999618530273,95000,0.0,0.0
2023-06-26 00:00:00-04:00,2.759999990463257,2.7899999618530273,2.619999885559082,2.759999990463257,225200,0.0,0.0
2023-06-27 00:00:00-04:00,2.7200000286102295,2.9800000190734863,2.7200000286102295,2.9100000858306885,209900,0.0,0.0
2023-06-28 00:00:00-04:00,2.859999895095825,2.9600000381469727,2.809999942779541,2.9200000762939453,131700,0.0,0.0
2023-06-29 00:00:00-04:00,2.890000104904175,2.9200000762939453,2.7300000190734863,2.880000114440918,168200,0.0,0.0
2023-06-30 00:00:00-04:00,2.8399999141693115,2.9200000762939453,2.7200000286102295,2.7699999809265137,57100,0.0,0.0
2023-07-03 00:00:00-04:00,2.7899999618530273,3.0999999046325684,2.7899999618530273,3.009999990463257,158800,0.0,0.0
2023-07-05 00:00:00-04:00,3.0,3.009999990463257,2.859999895095825,2.930000066757202,66400,0.0,0.0
2023-07-06 00:00:00-04:00,2.819999933242798,3.0,2.75,2.9700000286102295,88900,0.0,0.0
2023-07-07 00:00:00-04:00,2.930000066757202,3.190000057220459,2.9000000953674316,3.1600000858306885,234800,0.0,0.0
2023-07-10 00:00:00-04:00,3.140000104904175,3.240000009536743,3.069999933242798,3.069999933242798,413100,0.0,0.0
2023-07-11 00:00:00-04:00,3.069999933242798,3.2100000381469727,2.990000009536743,3.140000104904175,284900,0.0,0.0
2023-07-12 00:00:00-04:00,3.200000047683716,3.200000047683716,2.8399999141693115,2.9000000953674316,290500,0.0,0.0
2023-07-13 00:00:00-04:00,2.9000000953674316,2.9800000190734863,2.75,2.869999885559082,272900,0.0,0.0
2023-07-14 00:00:00-04:00,2.9100000858306885,2.9100000858306885,2.75,2.8299999237060547,133800,0.0,0.0
2023-07-17 00:00:00-04:00,2.859999895095825,2.9100000858306885,2.799999952316284,2.8499999046325684,120100,0.0,0.0
2023-07-18 00:00:00-04:00,2.8299999237060547,2.9700000286102295,2.8299999237060547,2.9700000286102295,102800,0.0,0.0
2023-07-19 00:00:00-04:00,2.9800000190734863,3.140000104904175,2.940000057220459,3.140000104904175,144100,0.0,0.0
2023-07-20 00:00:00-04:00,3.1500000953674316,3.1500000953674316,2.9000000953674316,2.9600000381469727,69700,0.0,0.0
2023-07-21 00:00:00-04:00,2.9600000381469727,3.0299999713897705,2.950000047683716,2.9700000286102295,38800,0.0,0.0
2023-07-24 00:00:00-04:00,2.990000009536743,3.0899999141693115,2.930000066757202,3.0899999141693115,94200,0.0,0.0
2023-07-25 00:00:00-04:00,3.0199999809265137,3.059999942779541,3.009999990463257,3.0199999809265137,70900,0.0,0.0
2023-07-26 00:00:00-04:00,3.0399999618530273,3.069999933242798,3.009999990463257,3.049999952316284,37900,0.0,0.0
2023-07-27 00:00:00-04:00,3.049999952316284,3.0999999046325684,2.8399999141693115,2.9200000762939453,69100,0.0,0.0
2023-07-28 00:00:00-04:00,2.950000047683716,3.0299999713897705,2.940000057220459,3.0,36500,0.0,0.0
2023-07-31 00:00:00-04:00,2.990000009536743,3.0,2.9100000858306885,3.0,84000,0.0,0.0
2023-08-01 00:00:00-04:00,2.990000009536743,3.0,2.9000000953674316,2.9600000381469727,47200,0.0,0.0
2023-08-02 00:00:00-04:00,2.950000047683716,3.0,2.880000114440918,2.950000047683716,74100,0.0,0.0
2023-08-03 00:00:00-04:00,2.930000066757202,3.0199999809265137,2.930000066757202,2.990000009536743,34300,0.0,0.0
2023-08-04 00:00:00-04:00,3.009999990463257,3.009999990463257,2.9000000953674316,2.930000066757202,55400,0.0,0.0
2023-08-07 00:00:00-04:00,2.950000047683716,2.950000047683716,2.880000114440918,2.9200000762939453,36200,0.0,0.0
2023-08-08 00:00:00-04:00,2.9200000762939453,2.9200000762939453,2.75,2.799999952316284,69700,0.0,0.0
2023-08-09 00:00:00-04:00,2.7899999618530273,2.7899999618530273,2.609999895095825,2.6500000953674316,56900,0.0,0.0
2023-08-10 00:00:00-04:00,2.680000066757202,2.680000066757202,2.5999999046325684,2.6500000953674316,86900,0.0,0.0
2023-08-11 00:00:00-04:00,2.5999999046325684,2.7300000190734863,2.559999942779541,2.700000047683716,112900,0.0,0.0
2023-08-14 00:00:00-04:00,2.7200000286102295,2.7200000286102295,2.619999885559082,2.6600000858306885,35800,0.0,0.0
2023-08-15 00:00:00-04:00,2.640000104904175,2.690000057220459,2.5899999141693115,2.630000114440918,70300,0.0,0.0
2023-08-16 00:00:00-04:00,2.640000104904175,2.6600000858306885,2.549999952316284,2.559999942779541,107900,0.0,0.0
2023-08-17 00:00:00-04:00,2.549999952316284,2.5799999237060547,2.5,2.5199999809265137,179800,0.0,0.0
2023-08-18 00:00:00-04:00,2.490000009536743,2.509999990463257,2.4700000286102295,2.4800000190734863,74300,0.0,0.0
2023-08-21 00:00:00-04:00,2.4700000286102295,2.4800000190734863,2.2899999618530273,2.3499999046325684,246400,0.0,0.0
2023-08-22 00:00:00-04:00,2.359999895095825,2.369999885559082,2.259999990463257,2.259999990463257,61700,0.0,0.0
2023-08-23 00:00:00-04:00,2.2799999713897705,2.309999942779541,2.2200000286102295,2.25,106700,0.0,0.0
2023-08-24 00:00:00-04:00,2.3499999046325684,2.4000000953674316,2.2300000190734863,2.2300000190734863,125700,0.0,0.0
2023-08-25 00:00:00-04:00,2.25,2.309999942779541,2.1700000762939453,2.1700000762939453,81600,0.0,0.0
2023-08-28 00:00:00-04:00,2.200000047683716,2.200000047683716,2.1600000858306885,2.1700000762939453,17900,0.0,0.0
2023-08-29 00:00:00-04:00,2.1600000858306885,2.1600000858306885,2.0999999046325684,2.0999999046325684,74200,0.0,0.0
2023-08-30 00:00:00-04:00,2.109999895095825,2.25,2.109999895095825,2.180000066757202,44000,0.0,0.0
2023-08-31 00:00:00-04:00,2.1700000762939453,2.200000047683716,2.0999999046325684,2.109999895095825,63600,0.0,0.0
2023-09-01 00:00:00-04:00,2.1600000858306885,2.1600000858306885,2.069999933242798,2.0899999141693115,85400,0.0,0.0
2023-09-05 00:00:00-04:00,2.059999942779541,2.0999999046325684,2.059999942779541,2.0799999237060547,70000,0.0,0.0
2023-09-06 00:00:00-04:00,2.0999999046325684,2.119999885559082,2.0399999618530273,2.049999952316284,59000,0.0,0.0
2023-09-07 00:00:00-04:00,2.0399999618530273,2.2300000190734863,2.0399999618530273,2.0999999046325684,151400,0.0,0.0
2023-09-08 00:00:00-04:00,2.0899999141693115,2.119999885559082,2.0199999809265137,2.0199999809265137,142800,0.0,0.0
2023-09-11 00:00:00-04:00,2.049999952316284,2.0799999237060547,1.940000057220459,1.9500000476837158,144900,0.0,0.0
2023-09-12 00:00:00-04:00,1.9500000476837158,1.9500000476837158,1.7999999523162842,1.8200000524520874,459700,0.0,0.0
2023-09-13 00:00:00-04:00,2.0,2.240000009536743,1.8600000143051147,2.1600000858306885,599600,0.0,0.0
2023-09-14 00:00:00-04:00,2.1700000762939453,2.509999990463257,2.119999885559082,2.4200000762939453,377600,0.0,0.0
2023-09-15 00:00:00-04:00,2.4000000953674316,2.6600000858306885,2.4000000953674316,2.6500000953674316,356100,0.0,0.0
2023-09-18 00:00:00-04:00,2.569999933242798,2.5999999046325684,2.309999942779541,2.369999885559082,148800,0.0,0.0
2023-09-19 00:00:00-04:00,2.5999999046325684,2.8299999237060547,2.5299999713897705,2.759999990463257,315900,0.0,0.0
2023-09-20 00:00:00-04:00,2.7899999618530273,2.8399999141693115,2.619999885559082,2.6600000858306885,149800,0.0,0.0
2023-09-21 00:00:00-04:00,2.5999999046325684,2.7799999713897705,2.5899999141693115,2.7200000286102295,82300,0.0,0.0
2023-09-22 00:00:00-04:00,2.700000047683716,2.7699999809265137,2.619999885559082,2.630000114440918,60600,0.0,0.0
2023-09-25 00:00:00-04:00,2.640000104904175,2.640000104904175,2.4200000762939453,2.4700000286102295,78600,0.0,0.0
2023-09-26 00:00:00-04:00,2.4000000953674316,2.5,2.4000000953674316,2.4000000953674316,75200,0.0,0.0
2023-09-27 00:00:00-04:00,2.4000000953674316,2.559999942779541,2.240000009536743,2.450000047683716,352700,0.0,0.0
2023-09-28 00:00:00-04:00,2.4000000953674316,2.5,2.380000114440918,2.4600000381469727,36300,0.0,0.0
2023-09-29 00:00:00-04:00,2.509999990463257,2.630000114440918,2.4600000381469727,2.5799999237060547,66800,0.0,0.0
2023-10-02 00:00:00-04:00,2.640000104904175,2.700000047683716,2.490000009536743,2.5399999618530273,39900,0.0,0.0
2023-10-03 00:00:00-04:00,2.5299999713897705,2.549999952316284,2.4000000953674316,2.430000066757202,39900,0.0,0.0
2023-10-04 00:00:00-04:00,2.430000066757202,2.5299999713897705,2.369999885559082,2.369999885559082,28700,0.0,0.0
2023-10-05 00:00:00-04:00,2.4100000858306885,2.4600000381469727,2.3399999141693115,2.359999895095825,42600,0.0,0.0
2023-10-06 00:00:00-04:00,2.3499999046325684,2.490000009536743,2.2799999713897705,2.369999885559082,72100,0.0,0.0
2023-10-09 00:00:00-04:00,2.369999885559082,2.4600000381469727,2.309999942779541,2.3499999046325684,26700,0.0,0.0
2023-10-10 00:00:00-04:00,2.2899999618530273,2.4800000190734863,2.2899999618530273,2.390000104904175,37600,0.0,0.0
2023-10-11 00:00:00-04:00,2.3399999141693115,2.450000047683716,2.3399999141693115,2.380000114440918,25400,0.0,0.0
2023-10-12 00:00:00-04:00,2.380000114440918,2.430000066757202,2.2699999809265137,2.319999933242798,29900,0.0,0.0
2023-10-13 00:00:00-04:00,2.3499999046325684,2.4200000762939453,2.25,2.2799999713897705,22800,0.0,0.0
2023-10-16 00:00:00-04:00,2.2899999618530273,2.5,2.240000009536743,2.3499999046325684,50400,0.0,0.0
2023-10-17 00:00:00-04:00,2.3299999237060547,2.7899999618530273,2.3299999237060547,2.6700000762939453,118400,0.0,0.0
2023-10-18 00:00:00-04:00,2.680000066757202,2.7799999713897705,2.6500000953674316,2.7300000190734863,53500,0.0,0.0
2023-10-19 00:00:00-04:00,2.7200000286102295,2.9000000953674316,2.6700000762939453,2.6700000762939453,74000,0.0,0.0
2023-10-20 00:00:00-04:00,2.700000047683716,2.8399999141693115,2.700000047683716,2.819999933242798,45600,0.0,0.0
2023-10-23 00:00:00-04:00,2.8299999237060547,2.8299999237060547,2.690000057220459,2.7100000381469727,37100,0.0,0.0
2023-10-24 00:00:00-04:00,2.7200000286102295,2.8499999046325684,2.7100000381469727,2.809999942779541,80400,0.0,0.0
2023-10-25 00:00:00-04:00,2.7899999618530273,2.8399999141693115,2.7200000286102295,2.740000009536743,31100,0.0,0.0
2023-10-26 00:00:00-04:00,2.7699999809265137,2.819999933242798,2.549999952316284,2.5999999046325684,50600,0.0,0.0
2023-10-27 00:00:00-04:00,2.549999952316284,2.6600000858306885,2.4800000190734863,2.5399999618530273,22800,0.0,0.0
2023-10-30 00:00:00-04:00,2.559999942779541,2.619999885559082,2.4100000858306885,2.4700000286102295,38300,0.0,0.0
2023-10-31 00:00:00-04:00,2.440000057220459,2.609999895095825,2.440000057220459,2.5199999809265137,38000,0.0,0.0
2023-11-01 00:00:00-04:00,2.450000047683716,2.5999999046325684,2.450000047683716,2.509999990463257,56100,0.0,0.0
2023-11-02 00:00:00-04:00,2.569999933242798,2.6700000762939453,2.559999942779541,2.619999885559082,31300,0.0,0.0
2023-11-03 00:00:00-04:00,2.6600000858306885,2.7699999809265137,2.6600000858306885,2.740000009536743,55300,0.0,0.0
2023-11-06 00:00:00-05:00,2.7899999618530273,2.950000047683716,2.759999990463257,2.7699999809265137,79900,0.0,0.0
2023-11-07 00:00:00-05:00,2.75,2.890000104904175,2.7200000286102295,2.740000009536743,27300,0.0,0.0
2023-11-08 00:00:00-05:00,2.690000057220459,2.75,2.5899999141693115,2.630000114440918,28800,0.0,0.0
2023-11-09 00:00:00-05:00,2.690000057220459,2.859999895095825,2.6500000953674316,2.740000009536743,65000,0.0,0.0
2023-11-10 00:00:00-05:00,2.75,2.809999942779541,2.4600000381469727,2.5,141400,0.0,0.0
2023-11-13 00:00:00-05:00,2.430000066757202,2.4700000286102295,2.25,2.4200000762939453,134900,0.0,0.0
2023-11-14 00:00:00-05:00,2.4600000381469727,2.609999895095825,2.4000000953674316,2.5199999809265137,36100,0.0,0.0
2023-11-15 00:00:00-05:00,2.490000009536743,2.5999999046325684,2.490000009536743,2.559999942779541,24000,0.0,0.0
2023-11-16 00:00:00-05:00,2.5299999713897705,2.5999999046325684,2.4700000286102295,2.5399999618530273,38100,0.0,0.0
2023-11-17 00:00:00-05:00,2.5399999618530273,2.640000104904175,2.4600000381469727,2.619999885559082,42200,0.0,0.0
2023-11-20 00:00:00-05:00,2.5899999141693115,2.640000104904175,2.4700000286102295,2.5,127900,0.0,0.0
2023-11-21 00:00:00-05:00,2.609999895095825,2.6500000953674316,2.559999942779541,2.5999999046325684,54800,0.0,0.0
2023-11-22 00:00:00-05:00,2.5999999046325684,2.75,2.509999990463257,2.630000114440918,37700,0.0,0.0
2023-11-24 00:00:00-05:00,2.7100000381469727,2.7300000190734863,2.6700000762939453,2.690000057220459,9800,0.0,0.0
2023-11-27 00:00:00-05:00,2.6700000762939453,2.759999990463257,2.5999999046325684,2.6500000953674316,26800,0.0,0.0
2023-11-28 00:00:00-05:00,2.640000104904175,2.740000009536743,2.640000104904175,2.700000047683716,32000,0.0,0.0
2023-11-29 00:00:00-05:00,2.700000047683716,2.9200000762939453,2.5999999046325684,2.809999942779541,77700,0.0,0.0
2023-11-30 00:00:00-05:00,2.869999885559082,3.0999999046325684,2.8399999141693115,2.9000000953674316,109700,0.0,0.0
2023-12-01 00:00:00-05:00,2.9100000858306885,3.0899999141693115,2.880000114440918,3.059999942779541,84900,0.0,0.0
2023-12-04 00:00:00-05:00,3.069999933242798,3.3499999046325684,3.059999942779541,3.2699999809265137,169200,0.0,0.0
2023-12-05 00:00:00-05:00,3.319999933242798,3.319999933242798,3.0,3.130000114440918,106000,0.0,0.0
2023-12-06 00:00:00-05:00,3.049999952316284,3.240000009536743,3.0199999809265137,3.0799999237060547,33000,0.0,0.0
2023-12-07 00:00:00-05:00,3.059999942779541,3.190000057220459,3.0,3.190000057220459,22900,0.0,0.0
2023-12-08 00:00:00-05:00,3.119999885559082,3.2100000381469727,3.0999999046325684,3.109999895095825,26800,0.0,0.0
2023-12-11 00:00:00-05:00,3.049999952316284,3.140000104904175,2.9700000286102295,3.0999999046325684,61900,0.0,0.0
2023-12-12 00:00:00-05:00,3.049999952316284,3.140000104904175,3.0,3.0,16400,0.0,0.0
2023-12-13 00:00:00-05:00,3.049999952316284,3.180000066757202,2.940000057220459,3.0399999618530273,99000,0.0,0.0
2023-12-14 00:00:00-05:00,3.059999942779541,3.1500000953674316,3.0299999713897705,3.0299999713897705,88200,0.0,0.0
2023-12-15 00:00:00-05:00,3.0799999237060547,3.1500000953674316,2.990000009536743,3.0,149800,0.0,0.0
2023-12-18 00:00:00-05:00,3.0199999809265137,3.0399999618530273,2.8499999046325684,2.990000009536743,90800,0.0,0.0
2023-12-19 00:00:00-05:00,3.0,3.119999885559082,2.799999952316284,3.0399999618530273,83600,0.0,0.0
2023-12-20 00:00:00-05:00,3.059999942779541,3.119999885559082,2.990000009536743,3.0299999713897705,18200,0.0,0.0
2023-12-21 00:00:00-05:00,3.0799999237060547,3.0999999046325684,2.940000057220459,2.9600000381469727,40800,0.0,0.0
2023-12-22 00:00:00-05:00,2.9600000381469727,3.130000114440918,2.930000066757202,3.059999942779541,141400,0.0,0.0
2023-12-26 00:00:00-05:00,3.049999952316284,3.2699999809265137,3.049999952316284,3.1700000762939453,160500,0.0,0.0
2023-12-27 00:00:00-05:00,3.200000047683716,3.2699999809265137,3.109999895095825,3.180000066757202,103100,0.0,0.0
2023-12-28 00:00:00-05:00,3.180000066757202,3.2899999618530273,3.130000114440918,3.1700000762939453,75200,0.0,0.0
2023-12-29 00:00:00-05:00,3.1600000858306885,3.2200000286102295,2.950000047683716,3.059999942779541,144100,0.0,0.0
2024-01-02 00:00:00-05:00,3.0399999618530273,3.1700000762939453,2.9700000286102295,3.0399999618530273,31700,0.0,0.0
2024-01-03 00:00:00-05:00,3.059999942779541,3.0899999141693115,2.9100000858306885,2.990000009536743,79900,0.0,0.0
2024-01-04 00:00:00-05:00,2.990000009536743,2.990000009536743,2.799999952316284,2.859999895095825,86700,0.0,0.0
2024-01-05 00:00:00-05:00,2.890000104904175,3.1600000858306885,2.890000104904175,3.119999885559082,146500,0.0,0.0
2024-01-08 00:00:00-05:00,3.1500000953674316,3.7799999713897705,3.059999942779541,3.5299999713897705,543100,0.0,0.0
2024-01-09 00:00:00-05:00,3.5299999713897705,3.7300000190734863,3.2899999618530273,3.380000114440918,236000,0.0,0.0
2024-01-10 00:00:00-05:00,3.299999952316284,3.680000066757202,3.299999952316284,3.509999990463257,240400,0.0,0.0
2024-01-11 00:00:00-05:00,3.5199999809265137,3.609999895095825,3.390000104904175,3.450000047683716,102400,0.0,0.0
2024-01-12 00:00:00-05:00,3.4600000381469727,3.6500000953674316,3.440000057220459,3.559999942779541,50100,0.0,0.0
2024-01-16 00:00:00-05:00,3.5799999237060547,3.5899999141693115,3.430000066757202,3.430000066757202,133100,0.0,0.0
2024-01-17 00:00:00-05:00,3.4100000858306885,3.4100000858306885,3.2100000381469727,3.2899999618530273,80900,0.0,0.0
2024-01-18 00:00:00-05:00,3.3399999141693115,3.380000114440918,3.140000104904175,3.190000057220459,46200,0.0,0.0
2024-01-19 00:00:00-05:00,3.200000047683716,3.359999895095825,3.119999885559082,3.2699999809265137,36500,0.0,0.0
2024-01-22 00:00:00-05:00,3.299999952316284,3.490000009536743,3.299999952316284,3.430000066757202,38800,0.0,0.0
2024-01-23 00:00:00-05:00,3.509999990463257,3.680000066757202,3.509999990463257,3.619999885559082,85000,0.0,0.0
2024-01-24 00:00:00-05:00,3.6500000953674316,3.759999990463257,3.3499999046325684,3.380000114440918,51400,0.0,0.0
2024-01-25 00:00:00-05:00,3.4200000762939453,3.5799999237060547,3.3499999046325684,3.490000009536743,28700,0.0,0.0
2024-01-26 00:00:00-05:00,3.559999942779541,3.8299999237060547,3.559999942779541,3.7300000190734863,148900,0.0,0.0
2024-01-29 00:00:00-05:00,3.799999952316284,4.039999961853027,3.7300000190734863,3.7799999713897705,206800,0.0,0.0
2024-01-30 00:00:00-05:00,3.7899999618530273,3.9000000953674316,3.5899999141693115,3.5999999046325684,72000,0.0,0.0
2024-01-31 00:00:00-05:00,3.680000066757202,3.7200000286102295,3.5,3.5199999809265137,32000,0.0,0.0
2024-02-01 00:00:00-05:00,3.5199999809265137,3.799999952316284,3.5199999809265137,3.700000047683716,70800,0.0,0.0
2024-02-02 00:00:00-05:00,3.7100000381469727,3.7799999713897705,3.5999999046325684,3.7200000286102295,35900,0.0,0.0
2024-02-05 00:00:00-05:00,3.809999942779541,3.8299999237060547,3.450000047683716,3.630000114440918,152000,0.0,0.0
2024-02-06 00:00:00-05:00,3.609999895095825,3.609999895095825,3.369999885559082,3.4000000953674316,73400,0.0,0.0
2024-02-07 00:00:00-05:00,3.4000000953674316,3.4000000953674316,3.259999990463257,3.309999942779541,86300,0.0,0.0
2024-02-08 00:00:00-05:00,3.2899999618530273,3.369999885559082,3.049999952316284,3.119999885559082,266300,0.0,0.0
2024-02-09 00:00:00-05:00,3.5,3.680000066757202,3.25,3.6700000762939453,359000,0.0,0.0
2024-02-12 00:00:00-05:00,3.549999952316284,3.7899999618530273,3.549999952316284,3.6700000762939453,146500,0.0,0.0
2024-02-13 00:00:00-05:00,3.5399999618530273,3.559999942779541,3.2899999618530273,3.369999885559082,78800,0.0,0.0
2024-02-14 00:00:00-05:00,3.369999885559082,3.5999999046325684,3.319999933242798,3.5899999141693115,61900,0.0,0.0
2024-02-15 00:00:00-05:00,3.640000104904175,3.640000104904175,3.3399999141693115,3.4200000762939453,120100,0.0,0.0
2024-02-16 00:00:00-05:00,3.4200000762939453,3.7799999713897705,3.359999895095825,3.630000114440918,136700,0.0,0.0
2024-02-20 00:00:00-05:00,3.630000114440918,3.799999952316284,3.630000114440918,3.7200000286102295,74400,0.0,0.0
2024-02-21 00:00:00-05:00,3.740000009536743,3.740000009536743,3.450000047683716,3.5999999046325684,60300,0.0,0.0
2024-02-22 00:00:00-05:00,3.559999942779541,3.6500000953674316,3.509999990463257,3.640000104904175,57700,0.0,0.0
2024-02-23 00:00:00-05:00,3.5899999141693115,3.7300000190734863,3.5899999141693115,3.6500000953674316,60800,0.0,0.0
2024-02-26 00:00:00-05:00,3.6600000858306885,3.6600000858306885,3.509999990463257,3.5299999713897705,73000,0.0,0.0
2024-02-27 00:00:00-05:00,3.4800000190734863,3.6700000762939453,3.450000047683716,3.5899999141693115,96400,0.0,0.0
2024-02-28 00:00:00-05:00,3.559999942779541,3.619999885559082,3.4700000286102295,3.549999952316284,73300,0.0,0.0
2024-02-29 00:00:00-05:00,3.5799999237060547,3.619999885559082,3.5,3.5999999046325684,176100,0.0,0.0
2024-03-01 00:00:00-05:00,3.5799999237060547,3.690000057220459,3.5299999713897705,3.619999885559082,41500,0.0,0.0
2024-03-04 00:00:00-05:00,3.630000114440918,3.859999895095825,3.630000114440918,3.7699999809265137,76400,0.0,0.0
2024-03-05 00:00:00-05:00,3.759999990463257,3.8299999237060547,3.5299999713897705,3.609999895095825,72900,0.0,0.0
2024-03-06 00:00:00-05:00,3.6500000953674316,3.680000066757202,3.4800000190734863,3.509999990463257,47100,0.0,0.0
2024-03-07 00:00:00-05:00,3.5399999618530273,3.6700000762939453,3.5399999618530273,3.619999885559082,17200,0.0,0.0
2024-03-08 00:00:00-05:00,3.609999895095825,3.7799999713897705,3.5999999046325684,3.7300000190734863,36800,0.0,0.0
2024-03-11 00:00:00-04:00,3.740000009536743,3.8499999046325684,3.740000009536743,3.7699999809265137,43700,0.0,0.0
2024-03-12 00:00:00-04:00,3.799999952316284,3.8499999046325684,3.5399999618530273,3.5399999618530273,75500,0.0,0.0
2024-03-13 00:00:00-04:00,3.5299999713897705,3.6700000762939453,3.450000047683716,3.450000047683716,47000,0.0,0.0
2024-03-14 00:00:00-04:00,3.430000066757202,3.619999885559082,3.4100000858306885,3.4100000858306885,28700,0.0,0.0
2024-03-15 00:00:00-04:00,3.440000057220459,3.5199999809265137,3.2200000286102295,3.259999990463257,83900,0.0,0.0
2024-03-18 00:00:00-04:00,3.299999952316284,3.3299999237060547,3.0299999713897705,3.140000104904175,230000,0.0,0.0
2024-03-19 00:00:00-04:00,3.1600000858306885,3.440000057220459,3.1600000858306885,3.4000000953674316,70800,0.0,0.0
2024-03-20 00:00:00-04:00,3.4200000762939453,3.5,3.25,3.3499999046325684,76000,0.0,0.0
2024-03-21 00:00:00-04:00,3.4600000381469727,3.4600000381469727,3.3499999046325684,3.390000104904175,22400,0.0,0.0
2024-03-22 00:00:00-04:00,3.390000104904175,3.440000057220459,3.2899999618530273,3.4200000762939453,19100,0.0,0.0
2024-03-25 00:00:00-04:00,3.440000057220459,3.4800000190734863,3.440000057220459,3.450000047683716,25000,0.0,0.0
2024-03-26 00:00:00-04:00,3.440000057220459,3.5,3.319999933242798,3.450000047683716,75200,0.0,0.0
2024-03-27 00:00:00-04:00,3.5199999809265137,3.5199999809265137,3.380000114440918,3.5,30100,0.0,0.0
2024-03-28 00:00:00-04:00,3.509999990463257,3.680000066757202,3.450000047683716,3.569999933242798,75800,0.0,0.0
2024-04-01 00:00:00-04:00,3.700000047683716,3.759999990463257,3.5,3.5999999046325684,72600,0.0,0.0
2024-04-02 00:00:00-04:00,3.549999952316284,3.609999895095825,3.4600000381469727,3.5399999618530273,36500,0.0,0.0
2024-04-03 00:00:00-04:00,3.549999952316284,3.5799999237060547,3.4600000381469727,3.5799999237060547,26700,0.0,0.0
2024-04-04 00:00:00-04:00,3.609999895095825,3.700000047683716,3.5999999046325684,3.630000114440918,47600,0.0,0.0
2024-04-05 00:00:00-04:00,3.619999885559082,3.619999885559082,3.4600000381469727,3.5,30500,0.0,0.0
2024-04-08 00:00:00-04:00,3.4600000381469727,3.5199999809265137,3.299999952316284,3.359999895095825,23100,0.0,0.0
2024-04-09 00:00:00-04:00,3.380000114440918,3.380000114440918,3.2799999713897705,3.319999933242798,25800,0.0,0.0
2024-04-10 00:00:00-04:00,3.369999885559082,3.369999885559082,3.2100000381469727,3.2699999809265137,38100,0.0,0.0
2024-04-11 00:00:00-04:00,3.309999942779541,3.5,3.299999952316284,3.4100000858306885,37800,0.0,0.0
2024-04-12 00:00:00-04:00,3.4200000762939453,3.440000057220459,3.2799999713897705,3.3499999046325684,28400,0.0,0.0
2024-04-15 00:00:00-04:00,3.3399999141693115,3.3399999141693115,3.2200000286102295,3.2200000286102295,29800,0.0,0.0
2024-04-16 00:00:00-04:00,3.2300000190734863,3.430000066757202,3.109999895095825,3.1700000762939453,92500,0.0,0.0
2024-04-17 00:00:00-04:00,3.190000057220459,3.440000057220459,3.190000057220459,3.2200000286102295,25100,0.0,0.0
2024-04-18 00:00:00-04:00,3.190000057220459,3.259999990463257,3.119999885559082,3.2100000381469727,31200,0.0,0.0
2024-04-19 00:00:00-04:00,3.190000057220459,3.2699999809265137,3.190000057220459,3.2200000286102295,12800,0.0,0.0
2024-04-22 00:00:00-04:00,3.2100000381469727,3.25,3.119999885559082,3.130000114440918,21600,0.0,0.0
2024-04-23 00:00:00-04:00,3.140000104904175,3.259999990463257,3.140000104904175,3.1600000858306885,16100,0.0,0.0
2024-04-24 00:00:00-04:00,3.2100000381469727,3.2100000381469727,3.0299999713897705,3.1600000858306885,41900,0.0,0.0
2024-04-25 00:00:00-04:00,3.140000104904175,3.2300000190734863,3.109999895095825,3.130000114440918,34300,0.0,0.0
2024-04-26 00:00:00-04:00,3.130000114440918,3.200000047683716,3.0399999618530273,3.109999895095825,46400,0.0,0.0
2024-04-29 00:00:00-04:00,3.1700000762939453,3.1700000762939453,3.0399999618530273,3.130000114440918,69400,0.0,0.0
2024-04-30 00:00:00-04:00,3.130000114440918,3.190000057220459,3.069999933242798,3.0999999046325684,29700,0.0,0.0
2024-05-01 00:00:00-04:00,3.119999885559082,3.2200000286102295,3.049999952316284,3.200000047683716,18400,0.0,0.0
2024-05-02 00:00:00-04:00,3.200000047683716,3.2300000190734863,3.0999999046325684,3.1500000953674316,26900,0.0,0.0
2024-05-03 00:00:00-04:00,3.130000114440918,3.200000047683716,3.0899999141693115,3.130000114440918,59400,0.0,0.0
2024-05-06 00:00:00-04:00,3.140000104904175,3.240000009536743,3.049999952316284,3.180000066757202,33000,0.0,0.0
2024-05-07 00:00:00-04:00,3.200000047683716,3.4200000762939453,3.180000066757202,3.2100000381469727,45000,0.0,0.0
2024-05-08 00:00:00-04:00,3.190000057220459,3.4000000953674316,3.190000057220459,3.3299999237060547,16400,0.0,0.0
2024-05-09 00:00:00-04:00,3.3399999141693115,3.4100000858306885,3.2200000286102295,3.309999942779541,85500,0.0,0.0
2024-05-10 00:00:00-04:00,3.359999895095825,3.4600000381469727,3.1500000953674316,3.2100000381469727,64900,0.0,0.0
2024-05-13 00:00:00-04:00,3.2300000190734863,3.2300000190734863,3.0,3.109999895095825,76800,0.0,0.0
2024-05-14 00:00:00-04:00,3.140000104904175,3.1600000858306885,3.0399999618530273,3.109999895095825,55400,0.0,0.0
2024-05-15 00:00:00-04:00,3.059999942779541,3.1500000953674316,3.0,3.049999952316284,71700,0.0,0.0
2024-05-16 00:00:00-04:00,3.0199999809265137,3.049999952316284,2.950000047683716,3.0,73100,0.0,0.0
2024-05-17 00:00:00-04:00,3.0,3.0,2.869999885559082,2.930000066757202,60200,0.0,0.0
2024-05-20 00:00:00-04:00,2.9100000858306885,2.9600000381469727,2.7799999713897705,2.859999895095825,69900,0.0,0.0
2024-05-21 00:00:00-04:00,2.859999895095825,2.940000057220459,2.7799999713897705,2.799999952316284,42900,0.0,0.0
2024-05-22 00:00:00-04:00,2.799999952316284,3.0399999618530273,2.7799999713897705,3.0,109700,0.0,0.0
2024-05-23 00:00:00-04:00,3.0199999809265137,3.130000114440918,2.940000057220459,2.9700000286102295,101200,0.0,0.0
2024-05-24 00:00:00-04:00,3.0299999713897705,3.0799999237060547,2.9600000381469727,2.9800000190734863,26600,0.0,0.0
2024-05-28 00:00:00-04:00,3.0399999618530273,3.049999952316284,2.9200000762939453,2.950000047683716,46400,0.0,0.0
2024-05-29 00:00:00-04:00,2.930000066757202,3.0399999618530273,2.890000104904175,2.9200000762939453,23700,0.0,0.0
2024-05-30 00:00:00-04:00,2.9200000762939453,2.9600000381469727,2.859999895095825,2.859999895095825,24400,0.0,0.0
2024-05-31 00:00:00-04:00,2.859999895095825,2.9100000858306885,2.799999952316284,2.880000114440918,15600,0.0,0.0
2024-06-03 00:00:00-04:00,2.9100000858306885,2.9600000381469727,2.7300000190734863,2.9600000381469727,78500,0.0,0.0
2024-06-04 00:00:00-04:00,2.930000066757202,2.9700000286102295,2.859999895095825,2.9600000381469727,35300,0.0,0.0
2024-06-05 00:00:00-04:00,2.930000066757202,2.930000066757202,2.8299999237060547,2.9000000953674316,47800,0.0,0.0
2024-06-06 00:00:00-04:00,2.9700000286102295,2.9800000190734863,2.8499999046325684,2.890000104904175,41700,0.0,0.0
2024-06-07 00:00:00-04:00,2.869999885559082,2.930000066757202,2.8299999237060547,2.9000000953674316,26700,0.0,0.0
2024-06-10 00:00:00-04:00,2.9000000953674316,2.930000066757202,2.9000000953674316,2.9200000762939453,20000,0.0,0.0
2024-06-11 00:00:00-04:00,2.9000000953674316,2.9000000953674316,2.7100000381469727,2.799999952316284,70000,0.0,0.0
2024-06-12 00:00:00-04:00,2.8399999141693115,2.869999885559082,2.759999990463257,2.8299999237060547,42200,0.0,0.0
2024-06-13 00:00:00-04:00,2.8499999046325684,2.8499999046325684,2.7200000286102295,2.7699999809265137,25300,0.0,0.0
2024-06-14 00:00:00-04:00,2.7899999618530273,2.859999895095825,2.759999990463257,2.799999952316284,7700,0.0,0.0
2024-06-17 00:00:00-04:00,3.009999990463257,3.0999999046325684,2.8499999046325684,2.9800000190734863,192200,0.0,0.0
2024-06-18 00:00:00-04:00,2.9800000190734863,2.9800000190734863,2.8499999046325684,2.880000114440918,68100,0.0,0.0
2024-06-20 00:00:00-04:00,2.9100000858306885,2.940000057220459,2.7699999809265137,2.7699999809265137,27300,0.0,0.0
2024-06-21 00:00:00-04:00,2.7699999809265137,2.9200000762939453,2.759999990463257,2.859999895095825,57400,0.0,0.0
2024-06-24 00:00:00-04:00,2.859999895095825,2.859999895095825,2.75,2.75,61700,0.0,0.0
2024-06-25 00:00:00-04:00,2.7799999713897705,2.809999942779541,2.630000114440918,2.740000009536743,56600,0.0,0.0
2024-06-26 00:00:00-04:00,2.759999990463257,2.819999933242798,2.7200000286102295,2.7799999713897705,7500,0.0,0.0
2024-06-27 00:00:00-04:00,2.8399999141693115,2.8399999141693115,2.7300000190734863,2.759999990463257,28400,0.0,0.0
2024-06-28 00:00:00-04:00,2.740000009536743,2.7899999618530273,2.680000066757202,2.680000066757202,42100,0.0,0.0
2024-07-01 00:00:00-04:00,2.619999885559082,2.640000104904175,2.5,2.5,75000,0.0,0.0
2024-07-02 00:00:00-04:00,2.569999933242798,2.609999895095825,2.380000114440918,2.4100000858306885,64100,0.0,0.0
2024-07-03 00:00:00-04:00,2.4600000381469727,2.5399999618530273,2.4200000762939453,2.5,23000,0.0,0.0
2024-07-05 00:00:00-04:00,2.549999952316284,2.7100000381469727,2.5299999713897705,2.6500000953674316,26900,0.0,0.0
2024-07-08 00:00:00-04:00,2.7100000381469727,2.7100000381469727,2.4800000190734863,2.5999999046325684,101700,0.0,0.0
2024-07-09 00:00:00-04:00,2.609999895095825,2.859999895095825,2.609999895095825,2.630000114440918,80500,0.0,0.0
2024-07-10 00:00:00-04:00,2.6600000858306885,2.700000047683716,2.569999933242798,2.6700000762939453,37600,0.0,0.0
2024-07-11 00:00:00-04:00,2.7100000381469727,2.7699999809265137,2.6600000858306885,2.7100000381469727,31900,0.0,0.0
2024-07-12 00:00:00-04:00,2.75,2.890000104904175,2.7300000190734863,2.819999933242798,112200,0.0,0.0
2024-07-15 00:00:00-04:00,2.8499999046325684,2.8499999046325684,2.7200000286102295,2.759999990463257,53700,0.0,0.0
2024-07-16 00:00:00-04:00,2.7799999713897705,2.819999933242798,2.740000009536743,2.7899999618530273,46500,0.0,0.0
2024-07-17 00:00:00-04:00,2.819999933242798,2.950000047683716,2.7699999809265137,2.940000057220459,67100,0.0,0.0
2024-07-18 00:00:00-04:00,2.9700000286102295,2.9700000286102295,2.8299999237060547,2.880000114440918,77800,0.0,0.0
2024-07-19 00:00:00-04:00,2.880000114440918,2.9600000381469727,2.809999942779541,2.8299999237060547,37300,0.0,0.0
2024-07-22 00:00:00-04:00,2.9000000953674316,2.9800000190734863,2.8399999141693115,2.940000057220459,81500,0.0,0.0
2024-07-23 00:00:00-04:00,2.940000057220459,2.9800000190734863,2.8499999046325684,2.890000104904175,65800,0.0,0.0
2024-07-24 00:00:00-04:00,2.880000114440918,2.9000000953674316,2.809999942779541,2.8499999046325684,20200,0.0,0.0
2024-07-25 00:00:00-04:00,2.8499999046325684,2.869999885559082,2.680000066757202,2.7699999809265137,21100,0.0,0.0
2024-07-26 00:00:00-04:00,2.8299999237060547,2.890000104904175,2.7699999809265137,2.819999933242798,9800,0.0,0.0
2024-07-29 00:00:00-04:00,2.799999952316284,2.859999895095825,2.690000057220459,2.7200000286102295,17600,0.0,0.0
2024-07-30 00:00:00-04:00,2.7200000286102295,2.819999933242798,2.7200000286102295,2.75,25200,0.0,0.0
2024-07-31 00:00:00-04:00,2.740000009536743,2.7899999618530273,2.6500000953674316,2.7200000286102295,27000,0.0,0.0
2024-08-01 00:00:00-04:00,2.7300000190734863,2.7799999713897705,2.5399999618530273,2.640000104904175,30600,0.0,0.0
2024-08-02 00:00:00-04:00,2.609999895095825,2.690000057220459,2.4000000953674316,2.6500000953674316,111100,0.0,0.0
2024-08-05 00:00:00-04:00,2.559999942779541,2.5899999141693115,2.4000000953674316,2.450000047683716,65800,0.0,0.0
2024-08-06 00:00:00-04:00,2.4100000858306885,2.509999990463257,2.4100000858306885,2.490000009536743,24400,0.0,0.0
2024-08-07 00:00:00-04:00,2.5199999809265137,2.569999933242798,2.430000066757202,2.430000066757202,18700,0.0,0.0
2024-08-08 00:00:00-04:00,2.430000066757202,2.569999933242798,2.430000066757202,2.5,21000,0.0,0.0
2024-08-09 00:00:00-04:00,2.5,2.5,2.4200000762939453,2.440000057220459,26500,0.0,0.0
2024-08-12 00:00:00-04:00,2.4000000953674316,2.430000066757202,2.3299999237060547,2.3299999237060547,55700,0.0,0.0
2024-08-13 00:00:00-04:00,2.309999942779541,2.5,2.299999952316284,2.4800000190734863,33900,0.0,0.0
2024-08-14 00:00:00-04:00,2.4800000190734863,2.690000057220459,2.4800000190734863,2.509999990463257,27200,0.0,0.0
2024-08-15 00:00:00-04:00,2.5,2.619999885559082,2.4100000858306885,2.450000047683716,64600,0.0,0.0
2024-08-16 00:00:00-04:00,2.4600000381469727,2.75,2.450000047683716,2.6600000858306885,75000,0.0,0.0
2024-08-19 00:00:00-04:00,2.6600000858306885,2.75,2.6600000858306885,2.740000009536743,38600,0.0,0.0
2024-08-20 00:00:00-04:00,2.7300000190734863,2.75,2.609999895095825,2.7200000286102295,29900,0.0,0.0
2024-08-21 00:00:00-04:00,2.75,2.950000047683716,2.6600000858306885,2.809999942779541,114900,0.0,0.0
2024-08-22 00:00:00-04:00,2.8299999237060547,2.859999895095825,2.740000009536743,2.7799999713897705,14600,0.0,0.0
2024-08-23 00:00:00-04:00,2.7899999618530273,2.869999885559082,2.630000114440918,2.740000009536743,32100,0.0,0.0
2024-08-26 00:00:00-04:00,2.799999952316284,3.0,2.5299999713897705,2.8299999237060547,84500,0.0,0.0
2024-08-27 00:00:00-04:00,2.8399999141693115,2.9000000953674316,2.7799999713897705,2.7799999713897705,16200,0.0,0.0
2024-08-28 00:00:00-04:00,2.75,2.799999952316284,2.7100000381469727,2.7799999713897705,22000,0.0,0.0
2024-08-29 00:00:00-04:00,2.7100000381469727,2.890000104904175,2.690000057220459,2.8499999046325684,24600,0.0,0.0
2024-08-30 00:00:00-04:00,2.869999885559082,2.940000057220459,2.7300000190734863,2.819999933242798,45100,0.0,0.0
2024-09-03 00:00:00-04:00,2.8499999046325684,2.8499999046325684,2.740000009536743,2.7799999713897705,13700,0.0,0.0
2024-09-04 00:00:00-04:00,2.740000009536743,2.799999952316284,2.680000066757202,2.7100000381469727,19000,0.0,0.0
2024-09-05 00:00:00-04:00,2.7300000190734863,2.7300000190734863,2.5199999809265137,2.619999885559082,24900,0.0,0.0
2024-09-06 00:00:00-04:00,2.630000114440918,2.680000066757202,2.559999942779541,2.640000104904175,25300,0.0,0.0
2024-09-09 00:00:00-04:00,2.6600000858306885,2.7300000190734863,2.5999999046325684,2.609999895095825,16000,0.0,0.0
2024-09-10 00:00:00-04:00,2.6500000953674316,2.6500000953674316,2.569999933242798,2.569999933242798,6000,0.0,0.0
2024-09-11 00:00:00-04:00,2.5299999713897705,2.630000114440918,2.5199999809265137,2.609999895095825,36700,0.0,0.0
2024-09-12 00:00:00-04:00,2.640000104904175,2.680000066757202,2.509999990463257,2.640000104904175,111000,0.0,0.0
2024-09-13 00:00:00-04:00,2.7200000286102295,2.7200000286102295,2.259999990463257,2.309999942779541,324400,0.0,0.0
2024-09-16 00:00:00-04:00,2.319999933242798,2.4200000762939453,2.1500000953674316,2.190000057220459,163300,0.0,0.0
2024-09-17 00:00:00-04:00,2.2300000190734863,2.2799999713897705,2.0999999046325684,2.200000047683716,114000,0.0,0.0
2024-09-18 00:00:00-04:00,2.2200000286102295,2.240000009536743,2.119999885559082,2.130000114440918,90300,0.0,0.0
2024-09-19 00:00:00-04:00,2.140000104904175,2.240000009536743,2.0999999046325684,2.1700000762939453,88700,0.0,0.0
2024-09-20 00:00:00-04:00,2.1700000762939453,2.180000066757202,2.059999942779541,2.109999895095825,128200,0.0,0.0
2024-09-23 00:00:00-04:00,2.0999999046325684,2.140000104904175,2.049999952316284,2.0799999237060547,65300,0.0,0.0
2024-09-24 00:00:00-04:00,2.0999999046325684,2.130000114440918,1.909999966621399,1.940000057220459,164900,0.0,0.0
2024-09-25 00:00:00-04:00,1.940000057220459,1.9800000190734863,1.8899999856948853,1.9299999475479126,128100,0.0,0.0
2024-09-26 00:00:00-04:00,1.9299999475479126,2.140000104904175,1.909999966621399,2.0199999809265137,147300,0.0,0.0
2024-09-27 00:00:00-04:00,2.0199999809265137,2.109999895095825,1.9600000381469727,1.9900000095367432,71500,0.0,0.0
2024-09-30 00:00:00-04:00,1.9700000286102295,2.0299999713897705,1.9299999475479126,1.9800000190734863,104600,0.0,0.0
2024-10-01 00:00:00-04:00,1.9500000476837158,1.9800000190734863,1.8600000143051147,1.909999966621399,131800,0.0,0.0
2024-10-02 00:00:00-04:00,1.909999966621399,1.9600000381469727,1.8799999952316284,1.9299999475479126,60900,0.0,0.0
2024-10-03 00:00:00-04:00,1.909999966621399,1.9299999475479126,1.850000023841858,1.8899999856948853,43600,0.0,0.0
2024-10-04 00:00:00-04:00,1.9199999570846558,2.130000114440918,1.9199999570846558,2.130000114440918,130200,0.0,0.0
2024-10-07 00:00:00-04:00,2.1500000953674316,2.1500000953674316,1.9700000286102295,1.9900000095367432,90300,0.0,0.0
2024-10-08 00:00:00-04:00,2.0,2.0,1.899999976158142,1.9900000095367432,78000,0.0,0.0
2024-10-09 00:00:00-04:00,2.0,2.0,1.909999966621399,1.940000057220459,49600,0.0,0.0
2024-10-10 00:00:00-04:00,1.9299999475479126,1.940000057220459,1.8899999856948853,1.909999966621399,61600,0.0,0.0
2024-10-11 00:00:00-04:00,1.8899999856948853,1.9900000095367432,1.8899999856948853,1.9299999475479126,36700,0.0,0.0
2024-10-14 00:00:00-04:00,1.9900000095367432,2.0299999713897705,1.899999976158142,1.9299999475479126,45600,0.0,0.0
2024-10-15 00:00:00-04:00,1.9500000476837158,2.0,1.9500000476837158,1.9600000381469727,27700,0.0,0.0
2024-10-16 00:00:00-04:00,1.9800000190734863,2.0,1.909999966621399,1.940000057220459,48800,0.0,0.0
2024-10-17 00:00:00-04:00,1.9500000476837158,2.0,1.940000057220459,1.9800000190734863,51500,0.0,0.0
2024-10-18 00:00:00-04:00,1.9700000286102295,2.0199999809265137,1.940000057220459,1.9500000476837158,56600,0.0,0.0
2024-10-21 00:00:00-04:00,1.9600000381469727,2.0,1.9199999570846558,1.9800000190734863,63100,0.0,0.0
2024-10-22 00:00:00-04:00,1.9600000381469727,1.9700000286102295,1.909999966621399,1.9199999570846558,55800,0.0,0.0
2024-10-23 00:00:00-04:00,1.9199999570846558,1.9199999570846558,1.8200000524520874,1.909999966621399,153500,0.0,0.0
2024-10-24 00:00:00-04:00,1.8799999952316284,1.8899999856948853,1.8200000524520874,1.840000033378601,86800,0.0,0.0
2024-10-25 00:00:00-04:00,1.8899999856948853,2.0,1.840000033378601,1.909999966621399,90900,0.0,0.0
2024-10-28 00:00:00-04:00,1.899999976158142,1.9900000095367432,1.899999976158142,1.9800000190734863,69200,0.0,0.0
2024-10-29 00:00:00-04:00,1.9700000286102295,1.9900000095367432,1.8700000047683716,1.8799999952316284,59900,0.0,0.0
2024-10-30 00:00:00-04:00,1.8899999856948853,1.9500000476837158,1.8700000047683716,1.940000057220459,89600,0.0,0.0
2024-10-31 00:00:00-04:00,1.9299999475479126,1.940000057220459,1.850000023841858,1.850000023841858,38200,0.0,0.0
2024-11-01 00:00:00-04:00,1.8700000047683716,1.8899999856948853,1.8300000429153442,1.850000023841858,39200,0.0,0.0
2024-11-04 00:00:00-05:00,1.8600000143051147,1.8600000143051147,1.6699999570846558,1.7999999523162842,174700,0.0,0.0
2024-11-05 00:00:00-05:00,1.7999999523162842,1.8600000143051147,1.75,1.7699999809265137,34100,0.0,0.0
2024-11-06 00:00:00-05:00,1.7999999523162842,1.899999976158142,1.75,1.8300000429153442,237000,0.0,0.0
2024-11-07 00:00:00-05:00,1.8700000047683716,1.9199999570846558,1.8200000524520874,1.8300000429153442,80500,0.0,0.0
2024-11-08 00:00:00-05:00,1.9500000476837158,2.1500000953674316,1.940000057220459,2.130000114440918,409300,0.0,0.0
2024-11-11 00:00:00-05:00,2.1500000953674316,2.1500000953674316,2.009999990463257,2.069999933242798,115100,0.0,0.0
2024-11-12 00:00:00-05:00,2.0799999237060547,2.130000114440918,2.0399999618530273,2.069999933242798,57200,0.0,0.0
2024-11-13 00:00:00-05:00,2.069999933242798,2.1500000953674316,1.9700000286102295,2.049999952316284,252700,0.0,0.0
2024-11-14 00:00:00-05:00,2.0299999713897705,2.0899999141693115,1.9800000190734863,2.059999942779541,60300,0.0,0.0
2024-11-15 00:00:00-05:00,2.049999952316284,2.059999942779541,1.940000057220459,2.0199999809265137,48400,0.0,0.0
2024-11-18 00:00:00-05:00,2.0,2.0299999713897705,1.9500000476837158,1.9800000190734863,32900,0.0,0.0
2024-11-19 00:00:00-05:00,2.0399999618530273,2.059999942779541,1.9500000476837158,1.9500000476837158,56000,0.0,0.0
2024-11-20 00:00:00-05:00,1.940000057220459,2.0,1.899999976158142,2.0,60700,0.0,0.0
2024-11-21 00:00:00-05:00,2.0,2.0999999046325684,2.0,2.0999999046325684,87000,0.0,0.0
2024-11-22 00:00:00-05:00,2.0999999046325684,2.0999999046325684,2.0,2.0999999046325684,58900,0.0,0.0
2024-11-25 00:00:00-05:00,2.0899999141693115,2.369999885559082,2.049999952316284,2.2300000190734863,390800,0.0,0.0
2024-11-26 00:00:00-05:00,2.200000047683716,2.299999952316284,2.1500000953674316,2.2200000286102295,152300,0.0,0.0
2024-11-27 00:00:00-05:00,2.2200000286102295,2.299999952316284,2.1700000762939453,2.259999990463257,82300,0.0,0.0
2024-11-29 00:00:00-05:00,2.2899999618530273,2.2899999618530273,2.130000114440918,2.130000114440918,73200,0.0,0.0
2024-12-02 00:00:00-05:00,2.119999885559082,2.190000057220459,2.119999885559082,2.1500000953674316,83800,0.0,0.0
2024-12-03 00:00:00-05:00,2.1500000953674316,2.1500000953674316,2.069999933242798,2.0899999141693115,59600,0.0,0.0
2024-12-04 00:00:00-05:00,2.0799999237060547,2.140000104904175,1.9800000190734863,2.0899999141693115,75600,0.0,0.0
2024-12-05 00:00:00-05:00,2.1700000762939453,2.1700000762939453,2.059999942779541,2.0799999237060547,82400,0.0,0.0
2024-12-06 00:00:00-05:00,2.069999933242798,2.130000114440918,2.0399999618530273,2.0799999237060547,42100,0.0,0.0
2024-12-09 00:00:00-05:00,2.069999933242798,2.0799999237060547,2.0,2.0799999237060547,54600,0.0,0.0
2024-12-10 00:00:00-05:00,2.0799999237060547,2.0799999237060547,2.009999990463257,2.0299999713897705,42400,0.0,0.0
2024-12-11 00:00:00-05:00,2.0299999713897705,2.059999942779541,1.9500000476837158,2.009999990463257,51600,0.0,0.0
2024-12-12 00:00:00-05:00,2.0299999713897705,2.059999942779541,1.9299999475479126,1.9700000286102295,62400,0.0,0.0
2024-12-13 00:00:00-05:00,1.9700000286102295,2.0199999809265137,1.8600000143051147,1.899999976158142,117000,0.0,0.0
2024-12-16 00:00:00-05:00,1.8899999856948853,1.9600000381469727,1.850000023841858,1.899999976158142,46600,0.0,0.0
2024-12-17 00:00:00-05:00,1.8799999952316284,1.940000057220459,1.7799999713897705,1.8799999952316284,52700,0.0,0.0
2024-12-18 00:00:00-05:00,1.850000023841858,1.909999966621399,1.6699999570846558,1.7100000381469727,232000,0.0,0.0
2024-12-19 00:00:00-05:00,1.7799999713897705,1.809999942779541,1.6799999475479126,1.7000000476837158,108400,0.0,0.0
2024-12-20 00:00:00-05:00,1.7000000476837158,1.7799999713897705,1.7000000476837158,1.7799999713897705,51600,0.0,0.0
2024-12-23 00:00:00-05:00,1.75,1.7899999618530273,1.7200000286102295,1.7899999618530273,123500,0.0,0.0
2024-12-24 00:00:00-05:00,1.7899999618530273,1.840000033378601,1.75,1.8200000524520874,87100,0.0,0.0
2024-12-26 00:00:00-05:00,1.7899999618530273,1.809999942779541,1.7300000190734863,1.7699999809265137,84400,0.0,0.0
2024-12-27 00:00:00-05:00,1.7699999809265137,1.7999999523162842,1.7400000095367432,1.7699999809265137,49900,0.0,0.0
2024-12-30 00:00:00-05:00,1.7799999713897705,1.8300000429153442,1.7000000476837158,1.809999942779541,69000,0.0,0.0
2024-12-31 00:00:00-05:00,1.840000033378601,1.899999976158142,1.7799999713897705,1.7999999523162842,65700,0.0,0.0
2025-01-02 00:00:00-05:00,1.809999942779541,1.8700000047683716,1.7200000286102295,1.7899999618530273,26500,0.0,0.0
2025-01-03 00:00:00-05:00,1.7999999523162842,1.8600000143051147,1.7599999904632568,1.7999999523162842,26700,0.0,0.0
2025-01-06 00:00:00-05:00,1.8300000429153442,1.850000023841858,1.7799999713897705,1.809999942779541,28400,0.0,0.0
2025-01-07 00:00:00-05:00,1.850000023841858,1.850000023841858,1.7699999809265137,1.8200000524520874,56700,0.0,0.0
2025-01-08 00:00:00-05:00,1.7999999523162842,1.8600000143051147,1.75,1.7999999523162842,51600,0.0,0.0
2025-01-10 00:00:00-05:00,1.7999999523162842,1.850000023841858,1.7200000286102295,1.7699999809265137,40900,0.0,0.0
2025-01-13 00:00:00-05:00,1.8200000524520874,1.8200000524520874,1.6799999475479126,1.7300000190734863,59600,0.0,0.0
2025-01-14 00:00:00-05:00,1.7100000381469727,1.7200000286102295,1.6100000143051147,1.649999976158142,80900,0.0,0.0
2025-01-15 00:00:00-05:00,1.7599999904632568,1.7599999904632568,1.600000023841858,1.6399999856948853,108100,0.0,0.0
2025-01-16 00:00:00-05:00,1.649999976158142,1.6699999570846558,1.600000023841858,1.6699999570846558,52500,0.0,0.0
2025-01-17 00:00:00-05:00,1.6799999475479126,1.7100000381469727,1.649999976158142,1.690000057220459,39800,0.0,0.0
2025-01-21 00:00:00-05:00,1.659999966621399,1.7599999904632568,1.659999966621399,1.7000000476837158,29100,0.0,0.0
2025-01-22 00:00:00-05:00,1.75,1.8200000524520874,1.649999976158142,1.690000057220459,38700,0.0,0.0
2025-01-23 00:00:00-05:00,1.7100000381469727,1.7599999904632568,1.649999976158142,1.7200000286102295,44900,0.0,0.0
2025-01-24 00:00:00-05:00,1.7100000381469727,1.7200000286102295,1.6399999856948853,1.7000000476837158,42900,0.0,0.0
2025-01-27 00:00:00-05:00,1.7100000381469727,1.7300000190734863,1.649999976158142,1.7100000381469727,29300,0.0,0.0
2025-01-28 00:00:00-05:00,1.7200000286102295,1.7200000286102295,1.649999976158142,1.6699999570846558,22900,0.0,0.0
2025-01-29 00:00:00-05:00,1.6399999856948853,1.7100000381469727,1.6200000047683716,1.659999966621399,26600,0.0,0.0
2025-01-30 00:00:00-05:00,1.7400000095367432,1.7899999618530273,1.6699999570846558,1.7799999713897705,50200,0.0,0.0
2025-01-31 00:00:00-05:00,1.7799999713897705,1.7999999523162842,1.7100000381469727,1.7300000190734863,57400,0.0,0.0
2025-02-03 00:00:00-05:00,1.7200000286102295,1.840000033378601,1.690000057220459,1.809999942779541,168500,0.0,0.0
2025-02-04 00:00:00-05:00,1.809999942779541,1.940000057220459,1.809999942779541,1.9199999570846558,74800,0.0,0.0
2025-02-05 00:00:00-05:00,1.940000057220459,1.940000057220459,1.8300000429153442,1.8799999952316284,71500,0.0,0.0
2025-02-06 00:00:00-05:00,1.8899999856948853,1.909999966621399,1.7699999809265137,1.7999999523162842,256100,0.0,0.0
2025-02-07 00:00:00-05:00,2.3299999237060547,2.8299999237060547,2.049999952316284,2.180000066757202,29098800,0.0,0.0
2025-02-10 00:00:00-05:00,2.2300000190734863,2.359999895095825,2.049999952316284,2.069999933242798,1208300,0.0,0.0
2025-02-11 00:00:00-05:00,2.009999990463257,2.130000114440918,1.9500000476837158,2.0,453900,0.0,0.0
2025-02-12 00:00:00-05:00,2.0199999809265137,2.140000104904175,1.9700000286102295,2.0299999713897705,285400,0.0,0.0
2025-02-13 00:00:00-05:00,2.009999990463257,2.0999999046325684,1.9600000381469727,2.0999999046325684,207300,0.0,0.0
2025-02-14 00:00:00-05:00,2.0799999237060547,2.119999885559082,1.9600000381469727,1.9700000286102295,294200,0.0,0.0
2025-02-18 00:00:00-05:00,2.1500000953674316,2.549999952316284,2.1500000953674316,2.200000047683716,2123900,0.0,0.0
2025-02-19 00:00:00-05:00,2.2200000286102295,2.5,2.190000057220459,2.430000066757202,903900,0.0,0.0
2025-02-20 00:00:00-05:00,2.490000009536743,2.700000047683716,2.299999952316284,2.5999999046325684,912800,0.0,0.0
2025-02-21 00:00:00-05:00,2.6600000858306885,3.119999885559082,2.6500000953674316,3.0399999618530273,1549900,0.0,0.0
2025-02-24 00:00:00-05:00,3.1500000953674316,3.2300000190734863,2.759999990463257,2.859999895095825,947700,0.0,0.0
2025-02-25 00:00:00-05:00,2.740000009536743,3.0899999141693115,2.5399999618530273,2.940000057220459,597600,0.0,0.0
2025-02-26 00:00:00-05:00,2.9200000762939453,3.049999952316284,2.75,2.990000009536743,305800,0.0,0.0
2025-02-27 00:00:00-05:00,2.990000009536743,3.2899999618530273,2.9000000953674316,3.0,475800,0.0,0.0
2025-02-28 00:00:00-05:00,3.009999990463257,3.0899999141693115,2.8499999046325684,3.009999990463257,358800,0.0,0.0
2025-03-03 00:00:00-05:00,3.25,3.2799999713897705,2.799999952316284,2.859999895095825,488900,0.0,0.0
2025-03-04 00:00:00-05:00,2.799999952316284,2.859999895095825,2.569999933242798,2.7799999713897705,305900,0.0,0.0
2025-03-05 00:00:00-05:00,2.75,2.7699999809265137,2.440000057220459,2.609999895095825,430300,0.0,0.0
2025-03-06 00:00:00-05:00,2.609999895095825,2.7699999809265137,2.549999952316284,2.630000114440918,185500,0.0,0.0
2025-03-07 00:00:00-05:00,2.5999999046325684,2.819999933242798,2.559999942779541,2.680000066757202,256600,0.0,0.0
2025-03-10 00:00:00-04:00,2.680000066757202,2.7799999713897705,2.3399999141693115,2.369999885559082,396400,0.0,0.0
2025-03-11 00:00:00-04:00,2.319999933242798,2.4700000286102295,2.2699999809265137,2.3499999046325684,261400,0.0,0.0
2025-03-12 00:00:00-04:00,2.3499999046325684,2.450000047683716,2.259999990463257,2.3399999141693115,316000,0.0,0.0
2025-03-13 00:00:00-04:00,2.319999933242798,2.4200000762939453,2.140000104904175,2.2300000190734863,327800,0.0,0.0
2025-03-14 00:00:00-04:00,2.2300000190734863,2.440000057220459,2.2200000286102295,2.2200000286102295,269000,0.0,0.0
2025-03-17 00:00:00-04:00,2.2799999713897705,2.380000114440918,2.190000057220459,2.2799999713897705,208100,0.0,0.0
2025-03-18 00:00:00-04:00,2.2799999713897705,2.309999942779541,2.0999999046325684,2.1600000858306885,164100,0.0,0.0
2025-03-19 00:00:00-04:00,2.1700000762939453,2.200000047683716,2.0999999046325684,2.190000057220459,190700,0.0,0.0
2025-03-20 00:00:00-04:00,2.1600000858306885,2.180000066757202,2.109999895095825,2.1600000858306885,178800,0.0,0.0
2025-03-21 00:00:00-04:00,2.1500000953674316,2.25,2.109999895095825,2.200000047683716,310800,0.0,0.0
2025-03-24 00:00:00-04:00,2.140000104904175,2.319999933242798,2.119999885559082,2.2699999809265137,281500,0.0,0.0
2025-03-25 00:00:00-04:00,2.2699999809265137,2.309999942779541,2.2100000381469727,2.299999952316284,110000,0.0,0.0
2025-03-26 00:00:00-04:00,2.319999933242798,2.4200000762939453,2.2699999809265137,2.3499999046325684,100900,0.0,0.0
2025-03-27 00:00:00-04:00,2.3499999046325684,2.430000066757202,2.299999952316284,2.430000066757202,110200,0.0,0.0
2025-03-28 00:00:00-04:00,2.450000047683716,2.5,2.2100000381469727,2.259999990463257,325800,0.0,0.0
2025-03-31 00:00:00-04:00,2.25,2.2699999809265137,2.180000066757202,2.2200000286102295,110800,0.0,0.0
2025-04-01 00:00:00-04:00,2.2200000286102295,2.319999933242798,2.1600000858306885,2.2100000381469727,148400,0.0,0.0
2025-04-02 00:00:00-04:00,2.2100000381469727,2.2799999713897705,2.200000047683716,2.25,96000,0.0,0.0
2025-04-03 00:00:00-04:00,2.2200000286102295,2.2899999618530273,2.009999990463257,2.049999952316284,270100,0.0,0.0
2025-04-04 00:00:00-04:00,1.9900000095367432,1.9900000095367432,1.7400000095367432,1.909999966621399,206200,0.0,0.0
2025-04-07 00:00:00-04:00,1.809999942779541,2.009999990463257,1.7799999713897705,1.850000023841858,138500,0.0,0.0
2025-04-08 00:00:00-04:00,1.9299999475479126,1.9600000381469727,1.7699999809265137,1.7699999809265137,223200,0.0,0.0
2025-04-09 00:00:00-04:00,1.7699999809265137,1.9299999475479126,1.7100000381469727,1.809999942779541,271500,0.0,0.0
2025-04-10 00:00:00-04:00,1.75,1.809999942779541,1.7100000381469727,1.7400000095367432,137600,0.0,0.0
2025-04-11 00:00:00-04:00,1.7599999904632568,1.7999999523162842,1.649999976158142,1.75,65000,0.0,0.0
2025-04-14 00:00:00-04:00,1.7899999618530273,1.840000033378601,1.75,1.8200000524520874,54200,0.0,0.0
2025-04-15 00:00:00-04:00,1.809999942779541,1.850000023841858,1.690000057220459,1.7000000476837158,120100,0.0,0.0
2025-04-16 00:00:00-04:00,1.6799999475479126,1.809999942779541,1.6200000047683716,1.659999966621399,91500,0.0,0.0
2025-04-17 00:00:00-04:00,1.7699999809265137,1.840000033378601,1.690000057220459,1.7200000286102295,68000,0.0,0.0
2025-04-21 00:00:00-04:00,1.7300000190734863,1.75,1.649999976158142,1.690000057220459,58800,0.0,0.0
2025-04-22 00:00:00-04:00,1.7200000286102295,1.75,1.6699999570846558,1.7000000476837158,60300,0.0,0.0
2025-04-23 00:00:00-04:00,1.7699999809265137,1.8200000524520874,1.7000000476837158,1.7699999809265137,60400,0.0,0.0
2025-04-24 00:00:00-04:00,1.7899999618530273,1.8799999952316284,1.7699999809265137,1.8600000143051147,52100,0.0,0.0
2025-04-25 00:00:00-04:00,1.850000023841858,1.8799999952316284,1.7599999904632568,1.8300000429153442,46500,0.0,0.0
2025-04-28 00:00:00-04:00,1.850000023841858,1.8700000047683716,1.7999999523162842,1.7999999523162842,47000,0.0,0.0
2025-04-29 00:00:00-04:00,1.8200000524520874,1.8899999856948853,1.809999942779541,1.8799999952316284,47500,0.0,0.0
2025-04-30 00:00:00-04:00,1.8300000429153442,1.940000057220459,1.8300000429153442,1.8700000047683716,45700,0.0,0.0
2025-05-01 00:00:00-04:00,1.8600000143051147,1.899999976158142,1.7300000190734863,1.7799999713897705,86800,0.0,0.0
2025-05-02 00:00:00-04:00,1.7999999523162842,1.8899999856948853,1.7999999523162842,1.8200000524520874,45900,0.0,0.0
2025-05-05 00:00:00-04:00,1.850000023841858,1.850000023841858,1.7400000095367432,1.75,54700,0.0,0.0
2025-05-06 00:00:00-04:00,1.7699999809265137,1.8300000429153442,1.7000000476837158,1.7999999523162842,108000,0.0,0.0
2025-05-07 00:00:00-04:00,1.8700000047683716,1.8899999856948853,1.7999999523162842,1.7999999523162842,162600,0.0,0.0
2025-05-08 00:00:00-04:00,1.7999999523162842,1.899999976158142,1.7799999713897705,1.899999976158142,99200,0.0,0.0
2025-05-09 00:00:00-04:00,1.600000023841858,1.75,1.600000023841858,1.6299999952316284,215800,0.0,0.0
2025-05-12 00:00:00-04:00,1.649999976158142,1.7000000476837158,1.649999976158142,1.6699999570846558,97400,0.0,0.0
2025-05-13 00:00:00-04:00,1.659999966621399,1.7300000190734863,1.6200000047683716,1.6299999952316284,126400,0.0,0.0
2025-05-14 00:00:00-04:00,1.6399999856948853,1.659999966621399,1.559999942779541,1.590000033378601,236500,0.0,0.0
2025-05-15 00:00:00-04:00,1.5800000429153442,1.590000033378601,1.4700000286102295,1.5499999523162842,300700,0.0,0.0
2025-05-16 00:00:00-04:00,1.5499999523162842,1.5800000429153442,1.4700000286102295,1.4900000095367432,226700,0.0,0.0
2025-05-19 00:00:00-04:00,1.5,1.5700000524520874,1.4600000381469727,1.4700000286102295,231700,0.0,0.0
2025-05-20 00:00:00-04:00,1.4700000286102295,1.5399999618530273,1.4700000286102295,1.5,144500,0.0,0.0
2025-05-21 00:00:00-04:00,1.5199999809265137,1.5299999713897705,1.4600000381469727,1.4700000286102295,63800,0.0,0.0
2025-05-22 00:00:00-04:00,1.4600000381469727,1.5099999904632568,1.4299999475479126,1.4700000286102295,136100,0.0,0.0
2025-05-23 00:00:00-04:00,1.4500000476837158,1.5299999713897705,1.4500000476837158,1.4900000095367432,66700,0.0,0.0
2025-05-27 00:00:00-04:00,1.5399999618530273,1.5399999618530273,1.4500000476837158,1.4800000190734863,212300,0.0,0.0
2025-05-28 00:00:00-04:00,1.5099999904632568,1.5099999904632568,1.4500000476837158,1.4900000095367432,92600,0.0,0.0
2025-05-29 00:00:00-04:00,1.4900000095367432,1.5499999523162842,1.4700000286102295,1.5499999523162842,121200,0.0,0.0
2025-05-30 00:00:00-04:00,1.5299999713897705,1.590000033378601,1.5199999809265137,1.5299999713897705,75300,0.0,0.0
2025-06-02 00:00:00-04:00,1.5299999713897705,1.559999942779541,1.5,1.5199999809265137,44000,0.0,0.0
2025-06-03 00:00:00-04:00,1.5099999904632568,1.600000023841858,1.5099999904632568,1.590000033378601,128400,0.0,0.0
2025-06-04 00:00:00-04:00,1.5800000429153442,1.6799999475479126,1.5800000429153442,1.6200000047683716,64000,0.0,0.0
2025-06-05 00:00:00-04:00,1.5499999523162842,1.6200000047683716,1.5,1.5199999809265137,129600,0.0,0.0
2025-06-06 00:00:00-04:00,1.5299999713897705,1.600000023841858,1.5,1.559999942779541,63300,0.0,0.0
2025-06-09 00:00:00-04:00,1.5299999713897705,1.5800000429153442,1.5,1.5,77500,0.0,0.0
2025-06-10 00:00:00-04:00,1.5099999904632568,1.6399999856948853,1.5,1.5800000429153442,91600,0.0,0.0
2025-06-11 00:00:00-04:00,1.5800000429153442,1.590000033378601,1.5299999713897705,1.5399999618530273,86100,0.0,0.0
2025-06-12 00:00:00-04:00,1.5099999904632568,1.559999942779541,1.5099999904632568,1.5499999523162842,23100,0.0,0.0
2025-06-13 00:00:00-04:00,1.5199999809265137,1.559999942779541,1.4800000190734863,1.4800000190734863,105700,0.0,0.0
2025-06-16 00:00:00-04:00,1.4800000190734863,1.5499999523162842,1.4600000381469727,1.5099999904632568,37300,0.0,0.0
2025-06-17 00:00:00-04:00,1.5299999713897705,1.5299999713897705,1.4600000381469727,1.4700000286102295,30000,0.0,0.0
2025-06-18 00:00:00-04:00,1.4900000095367432,1.5099999904632568,1.4500000476837158,1.4700000286102295,77300,0.0,0.0
2025-06-20 00:00:00-04:00,1.4500000476837158,1.4900000095367432,1.4500000476837158,1.4500000476837158,76600,0.0,0.0
2025-06-23 00:00:00-04:00,1.4700000286102295,1.4800000190734863,1.340000033378601,1.3700000047683716,176800,0.0,0.0
2025-06-24 00:00:00-04:00,1.3899999856948853,1.440000057220459,1.3799999952316284,1.4199999570846558,58500,0.0,0.0
2025-06-25 00:00:00-04:00,1.4299999475479126,1.4500000476837158,1.3700000047683716,1.3700000047683716,51900,0.0,0.0
2025-06-26 00:00:00-04:00,1.399999976158142,1.4299999475479126,1.3700000047683716,1.409999966621399,112700,0.0,0.0
2025-06-27 00:00:00-04:00,1.4199999570846558,1.440000057220459,1.3899999856948853,1.399999976158142,57300,0.0,0.0
2025-06-30 00:00:00-04:00,1.399999976158142,1.399999976158142,1.3700000047683716,1.3700000047683716,62400,0.0,0.0
2025-07-01 00:00:00-04:00,1.3899999856948853,1.409999966621399,1.3700000047683716,1.3899999856948853,63600,0.0,0.0
2025-07-02 00:00:00-04:00,1.409999966621399,1.4500000476837158,1.399999976158142,1.4299999475479126,73700,0.0,0.0
2025-07-03 00:00:00-04:00,1.440000057220459,1.4800000190734863,1.409999966621399,1.4600000381469727,48800,0.0,0.0
2025-07-07 00:00:00-04:00,1.4700000286102295,1.5299999713897705,1.4600000381469727,1.4700000286102295,81500,0.0,0.0
2025-07-08 00:00:00-04:00,1.4800000190734863,1.5099999904632568,1.4500000476837158,1.4500000476837158,56200,0.0,0.0
2025-07-09 00:00:00-04:00,1.4700000286102295,1.4900000095367432,1.440000057220459,1.440000057220459,51600,0.0,0.0
2025-07-10 00:00:00-04:00,1.4900000095367432,1.5199999809265137,1.4500000476837158,1.4800000190734863,48500,0.0,0.0
2025-07-11 00:00:00-04:00,1.4900000095367432,1.4900000095367432,1.4500000476837158,1.4700000286102295,37900,0.0,0.0
2025-07-14 00:00:00-04:00,1.4500000476837158,1.4900000095367432,1.4299999475479126,1.4600000381469727,31600,0.0,0.0
2025-07-15 00:00:00-04:00,1.4800000190734863,1.4800000190734863,1.4299999475479126,1.440000057220459,51600,0.0,0.0
2025-07-16 00:00:00-04:00,1.4299999475479126,1.4700000286102295,1.4199999570846558,1.4199999570846558,100400,0.0,0.0
2025-07-17 00:00:00-04:00,1.4199999570846558,1.4600000381469727,1.409999966621399,1.409999966621399,31500,0.0,0.0
2025-07-18 00:00:00-04:00,1.4500000476837158,1.4500000476837158,1.399999976158142,1.409999966621399,79600,0.0,0.0
2025-07-21 00:00:00-04:00,1.409999966621399,1.4199999570846558,1.3600000143051147,1.3600000143051147,1969900,0.0,0.0
2025-07-22 00:00:00-04:00,1.600000023841858,1.7400000095367432,1.440000057220459,1.649999976158142,2163300,0.0,0.0
2025-07-23 00:00:00-04:00,1.690000057220459,1.899999976158142,1.6699999570846558,1.8200000524520874,697500,0.0,0.0
2025-07-24 00:00:00-04:00,1.850000023841858,1.8899999856948853,1.7200000286102295,1.7400000095367432,167200,0.0,0.0
2025-07-25 00:00:00-04:00,1.7100000381469727,1.7699999809265137,1.6799999475479126,1.75,180100,0.0,0.0
2025-07-28 00:00:00-04:00,1.75,1.7999999523162842,1.7300000190734863,1.7300000190734863,110900,0.0,0.0
2025-07-29 00:00:00-04:00,1.7100000381469727,1.7599999904632568,1.7000000476837158,1.7100000381469727,139200,0.0,0.0
2025-07-30 00:00:00-04:00,1.75,1.7699999809265137,1.690000057220459,1.690000057220459,67400,0.0,0.0
2025-07-31 00:00:00-04:00,1.7100000381469727,1.7200000286102295,1.6100000143051147,1.649999976158142,148100,0.0,0.0
2025-08-01 00:00:00-04:00,1.6299999952316284,1.6799999475479126,1.590000033378601,1.649999976158142,151500,0.0,0.0
2025-08-04 00:00:00-04:00,1.6399999856948853,1.7100000381469727,1.6299999952316284,1.690000057220459,86500,0.0,0.0
2025-08-05 00:00:00-04:00,1.7400000095367432,1.7400000095367432,1.649999976158142,1.6799999475479126,36500,0.0,0.0
2025-08-06 00:00:00-04:00,1.6699999570846558,1.690000057220459,1.6399999856948853,1.6699999570846558,44200,0.0,0.0
2025-08-07 00:00:00-04:00,1.6699999570846558,1.690000057220459,1.6399999856948853,1.659999966621399,39400,0.0,0.0
2025-08-08 00:00:00-04:00,1.6799999475479126,1.7200000286102295,1.6699999570846558,1.6799999475479126,62400,0.0,0.0
2025-08-11 00:00:00-04:00,1.6699999570846558,1.7899999618530273,1.6699999570846558,1.7200000286102295,78800,0.0,0.0
2025-08-12 00:00:00-04:00,1.7400000095367432,1.75,1.7000000476837158,1.7300000190734863,52900,0.0,0.0
2025-08-13 00:00:00-04:00,1.7300000190734863,1.7799999713897705,1.7100000381469727,1.7400000095367432,34600,0.0,0.0
2025-08-14 00:00:00-04:00,1.7300000190734863,1.75,1.6699999570846558,1.7000000476837158,45500,0.0,0.0
2025-08-15 00:00:00-04:00,1.7000000476837158,1.7400000095367432,1.7000000476837158,1.7200000286102295,50000,0.0,0.0
2025-08-18 00:00:00-04:00,1.75,1.840000033378601,1.7100000381469727,1.7899999618530273,84800,0.0,0.0
2025-08-19 00:00:00-04:00,1.7899999618530273,1.8300000429153442,1.7200000286102295,1.7200000286102295,37900,0.0,0.0
2025-08-20 00:00:00-04:00,1.690000057220459,1.7699999809265137,1.690000057220459,1.7400000095367432,30700,0.0,0.0
2025-08-21 00:00:00-04:00,1.75,1.7899999618530273,1.75,1.7599999904632568,33900,0.0,0.0
2025-08-22 00:00:00-04:00,1.7799999713897705,1.8300000429153442,1.7200000286102295,1.7799999713897705,55700,0.0,0.0
2025-08-25 00:00:00-04:00,1.7899999618530273,2.009999990463257,1.7899999618530273,2.009999990463257,198300,0.0,0.0
2025-08-26 00:00:00-04:00,2.0,2.0399999618530273,1.7999999523162842,1.9600000381469727,271900,0.0,0.0
2025-08-27 00:00:00-04:00,1.9600000381469727,1.9600000381469727,1.7699999809265137,1.909999966621399,137600,0.0,0.0
2025-08-28 00:00:00-04:00,1.9500000476837158,2.009999990463257,1.909999966621399,2.009999990463257,108900,0.0,0.0
2025-08-29 00:00:00-04:00,2.009999990463257,2.059999942779541,1.8799999952316284,2.0,180300,0.0,0.0
2025-09-02 00:00:00-04:00,1.9900000095367432,2.0299999713897705,1.9199999570846558,1.9600000381469727,60900,0.0,0.0
2025-09-03 00:00:00-04:00,1.9299999475479126,1.9900000095367432,1.899999976158142,1.909999966621399,63000,0.0,0.0
2025-09-04 00:00:00-04:00,1.909999966621399,1.940000057220459,1.7999999523162842,1.909999966621399,48200,0.0,0.0
2025-09-05 00:00:00-04:00,1.9500000476837158,2.0399999618530273,1.9299999475479126,2.0199999809265137,119000,0.0,0.0
2025-09-08 00:00:00-04:00,2.059999942779541,2.059999942779541,1.940000057220459,1.9900000095367432,89000,0.0,0.0
2025-09-09 00:00:00-04:00,2.049999952316284,2.059999942779541,1.9700000286102295,2.0,72600,0.0,0.0
2025-09-10 00:00:00-04:00,2.0,2.0399999618530273,1.8799999952316284,1.9600000381469727,103600,0.0,0.0
2025-09-11 00:00:00-04:00,2.0399999618530273,2.4800000190734863,2.0,2.3299999237060547,1332200,0.0,0.0
2025-09-12 00:00:00-04:00,1.9700000286102295,2.009999990463257,1.7100000381469727,1.8300000429153442,1212800,0.0,0.0
2025-09-15 00:00:00-04:00,1.850000023841858,1.909999966621399,1.7699999809265137,1.850000023841858,450100,0.0,0.0
2025-09-16 00:00:00-04:00,1.8799999952316284,1.8799999952316284,1.8300000429153442,1.850000023841858,189100,0.0,0.0
2025-09-17 00:00:00-04:00,1.8600000143051147,1.909999966621399,1.850000023841858,1.8700000047683716,196400,0.0,0.0
2025-09-18 00:00:00-04:00,1.8899999856948853,1.9500000476837158,1.850000023841858,1.8600000143051147,110800,0.0,0.0
2025-09-19 00:00:00-04:00,1.8799999952316284,1.9500000476837158,1.8600000143051147,1.899999976158142,191300,0.0,0.0
2025-09-22 00:00:00-04:00,1.8700000047683716,1.8899999856948853,1.7899999618530273,1.8799999952316284,123200,0.0,0.0
2025-09-23 00:00:00-04:00,1.840000033378601,1.8799999952316284,1.7999999523162842,1.8300000429153442,103700,0.0,0.0
2025-09-24 00:00:00-04:00,1.8300000429153442,1.8700000047683716,1.7899999618530273,1.809999942779541,52500,0.0,0.0
2025-09-25 00:00:00-04:00,1.7899999618530273,1.809999942779541,1.7599999904632568,1.7699999809265137,73600,0.0,0.0
2025-09-26 00:00:00-04:00,1.8700000047683716,1.8700000047683716,1.75,1.7799999713897705,78500,0.0,0.0
2025-09-29 00:00:00-04:00,1.7799999713897705,1.7899999618530273,1.7200000286102295,1.7300000190734863,130900,0.0,0.0
2025-09-30 00:00:00-04:00,1.7200000286102295,1.7799999713897705,1.7000000476837158,1.7100000381469727,81000,0.0,0.0
2025-10-01 00:00:00-04:00,1.7000000476837158,1.7699999809265137,1.7000000476837158,1.75,30000,0.0,0.0
2025-10-02 00:00:00-04:00,1.75,1.7699999809265137,1.7400000095367432,1.7400000095367432,42400,0.0,0.0
2025-10-03 00:00:00-04:00,1.7699999809265137,1.840000033378601,1.7599999904632568,1.8300000429153442,96800,0.0,0.0
2025-10-06 00:00:00-04:00,1.8300000429153442,1.9199999570846558,1.7999999523162842,1.7999999523162842,108300,0.0,0.0
2025-10-07 00:00:00-04:00,1.7999999523162842,1.899999976158142,1.7699999809265137,1.7799999713897705,82400,0.0,0.0
2025-10-08 00:00:00-04:00,1.7899999618530273,1.809999942779541,1.7699999809265137,1.7899999618530273,22700,0.0,0.0
2025-10-09 00:00:00-04:00,1.7999999523162842,1.8300000429153442,1.7799999713897705,1.7899999618530273,52600,0.0,0.0
2025-10-10 00:00:00-04:00,1.809999942779541,1.8200000524520874,1.7100000381469727,1.7400000095367432,115800,0.0,0.0
2025-10-13 00:00:00-04:00,1.7400000095367432,1.7899999618530273,1.7100000381469727,1.7300000190734863,30100,0.0,0.0
2025-10-14 00:00:00-04:00,1.7300000190734863,1.7699999809265137,1.7200000286102295,1.7200000286102295,59100,0.0,0.0
2025-10-15 00:00:00-04:00,1.7400000095367432,1.8200000524520874,1.7000000476837158,1.7400000095367432,57400,0.0,0.0
2025-10-16 00:00:00-04:00,1.7599999904632568,1.7999999523162842,1.7100000381469727,1.7300000190734863,59400,0.0,0.0
2025-10-17 00:00:00-04:00,1.7200000286102295,1.75,1.7200000286102295,1.7300000190734863,78700,0.0,0.0
2025-10-20 00:00:00-04:00,1.7599999904632568,1.8200000524520874,1.75,1.7999999523162842,69000,0.0,0.0
2025-10-21 00:00:00-04:00,1.809999942779541,1.8799999952316284,1.7999999523162842,1.8200000524520874,60500,0.0,0.0
2025-10-22 00:00:00-04:00,1.840000033378601,1.840000033378601,1.7300000190734863,1.75,58600,0.0,0.0
2025-10-23 00:00:00-04:00,1.7699999809265137,1.7699999809265137,1.6799999475479126,1.7100000381469727,85400,0.0,0.0
2025-10-24 00:00:00-04:00,1.7200000286102295,1.7899999618530273,1.7100000381469727,1.7400000095367432,28000,0.0,0.0
2025-10-27 00:00:00-04:00,1.7599999904632568,1.8200000524520874,1.75,1.7599999904632568,63500,0.0,0.0
2025-10-28 00:00:00-04:00,1.75,1.809999942779541,1.75,1.75,39600,0.0,0.0
2025-10-29 00:00:00-04:00,1.7400000095367432,1.7599999904632568,1.7000000476837158,1.7100000381469727,29100,0.0,0.0
2025-10-30 00:00:00-04:00,1.7599999904632568,1.7599999904632568,1.7200000286102295,1.75,20900,0.0,0.0
2025-10-31 00:00:00-04:00,1.75,1.7599999904632568,1.7400000095367432,1.7599999904632568,56100,0.0,0.0
2025-11-03 00:00:00-05:00,1.75,1.7899999618530273,1.75,1.7699999809265137,28500,0.0,0.0
2025-11-04 00:00:00-05:00,1.7799999713897705,1.7799999713897705,1.7100000381469727,1.7300000190734863,88000,0.0,0.0
2025-11-05 00:00:00-05:00,1.7200000286102295,1.7899999618530273,1.7200000286102295,1.7599999904632568,51500,0.0,0.0
2025-11-06 00:00:00-05:00,1.7899999618530273,1.7899999618530273,1.6799999475479126,1.7200000286102295,212000,0.0,0.0
2025-11-07 00:00:00-05:00,1.4700000286102295,1.5399999618530273,1.399999976158142,1.4500000476837158,366500,0.0,0.0
2025-11-10 00:00:00-05:00,1.4500000476837158,1.5299999713897705,1.4500000476837158,1.4800000190734863,105600,0.0,0.0
2025-11-11 00:00:00-05:00,1.5199999809265137,1.5199999809265137,1.4299999475479126,1.4900000095367432,70600,0.0,0.0
2025-11-12 00:00:00-05:00,1.4700000286102295,1.5,1.4700000286102295,1.4800000190734863,25700,0.0,0.0
2025-11-13 00:00:00-05:00,1.5,1.5499999523162842,1.440000057220459,1.4800000190734863,97700,0.0,0.0
2025-11-14 00:00:00-05:00,1.4800000190734863,1.5399999618530273,1.4500000476837158,1.4500000476837158,67500,0.0,0.0
2025-11-17 00:00:00-05:00,1.4800000190734863,1.5800000429153442,1.4700000286102295,1.5199999809265137,96700,0.0,0.0
2025-11-18 00:00:00-05:00,1.5299999713897705,1.5700000524520874,1.5,1.5499999523162842,50700,0.0,0.0
2025-11-19 00:00:00-05:00,1.5499999523162842,1.5700000524520874,1.4900000095367432,1.5399999618530273,93600,0.0,0.0
2025-11-20 00:00:00-05:00,1.559999942779541,1.559999942779541,1.4700000286102295,1.4800000190734863,120000,0.0,0.0
2025-11-21 00:00:00-05:00,1.5099999904632568,1.5499999523162842,1.4700000286102295,1.5399999618530273,35300,0.0,0.0
2025-11-24 00:00:00-05:00,1.5399999618530273,1.5499999523162842,1.5,1.5199999809265137,11400,0.0,0.0
2025-11-25 00:00:00-05:00,1.5199999809265137,1.5499999523162842,1.5199999809265137,1.5499999523162842,40200,0.0,0.0
2025-11-26 00:00:00-05:00,1.5199999809265137,1.6200000047683716,1.5099999904632568,1.559999942779541,113100,0.0,0.0
2025-11-28 00:00:00-05:00,1.559999942779541,1.6100000143051147,1.5399999618530273,1.6100000143051147,22900,0.0,0.0
2025-12-01 00:00:00-05:00,1.590000033378601,1.6200000047683716,1.5399999618530273,1.5399999618530273,34700,0.0,0.0
2025-12-02 00:00:00-05:00,1.5399999618530273,1.559999942779541,1.5,1.5499999523162842,56200,0.0,0.0
2025-12-03 00:00:00-05:00,1.5299999713897705,1.5499999523162842,1.5199999809265137,1.5399999618530273,38500,0.0,0.0
2025-12-04 00:00:00-05:00,1.5199999809265137,1.5499999523162842,1.4900000095367432,1.5399999618530273,52300,0.0,0.0
2025-12-05 00:00:00-05:00,1.5199999809265137,1.600000023841858,1.5099999904632568,1.5299999713897705,48700,0.0,0.0
2025-12-08 00:00:00-05:00,1.559999942779541,1.5800000429153442,1.5199999809265137,1.5199999809265137,37900,0.0,0.0
2025-12-09 00:00:00-05:00,1.5499999523162842,1.5700000524520874,1.5199999809265137,1.5399999618530273,41400,0.0,0.0
2025-12-10 00:00:00-05:00,1.5399999618530273,1.5700000524520874,1.5299999713897705,1.559999942779541,72700,0.0,0.0
2025-12-11 00:00:00-05:00,1.5800000429153442,1.590000033378601,1.5299999713897705,1.5700000524520874,40100,0.0,0.0
2025-12-12 00:00:00-05:00,1.600000023841858,1.600000023841858,1.4900000095367432,1.5,128000,0.0,0.0
2025-12-15 00:00:00-05:00,1.4900000095367432,1.5099999904632568,1.440000057220459,1.4800000190734863,84500,0.0,0.0
2025-12-16 00:00:00-05:00,1.4900000095367432,1.5299999713897705,1.4800000190734863,1.4900000095367432,87800,0.0,0.0
2025-12-17 00:00:00-05:00,1.5,1.5199999809265137,1.4500000476837158,1.4600000381469727,53100,0.0,0.0
2025-12-18 00:00:00-05:00,1.4700000286102295,1.5199999809265137,1.440000057220459,1.4500000476837158,72900,0.0,0.0
2025-12-19 00:00:00-05:00,1.5,1.5299999713897705,1.4500000476837158,1.5099999904632568,134700,0.0,0.0
2025-12-22 00:00:00-05:00,1.5700000524520874,1.5800000429153442,1.4500000476837158,1.4700000286102295,117800,0.0,0.0
2025-12-23 00:00:00-05:00,1.5,1.5399999618530273,1.4600000381469727,1.4600000381469727,64600,0.0,0.0
2025-12-24 00:00:00-05:00,1.4600000381469727,1.4900000095367432,1.4500000476837158,1.4700000286102295,52300,0.0,0.0
2025-12-26 00:00:00-05:00,1.4700000286102295,1.5099999904632568,1.4600000381469727,1.5,87000,0.0,0.0
2025-12-29 00:00:00-05:00,1.4900000095367432,1.5199999809265137,1.4700000286102295,1.4800000190734863,152700,0.0,0.0
2025-12-30 00:00:00-05:00,1.4700000286102295,1.4800000190734863,1.409999966621399,1.4299999475479126,147500,0.0,0.0
2025-12-31 00:00:00-05:00,1.4199999570846558,1.4800000190734863,1.4199999570846558,1.4600000381469727,93000,0.0,0.0
2026-01-02 00:00:00-05:00,1.4600000381469727,1.4900000095367432,1.4500000476837158,1.4800000190734863,43300,0.0,0.0
2026-01-05 00:00:00-05:00,1.5,1.5,1.4199999570846558,1.4800000190734863,57800,0.0,0.0
2026-01-06 00:00:00-05:00,1.4700000286102295,1.5299999713897705,1.4500000476837158,1.5099999904632568,87800,0.0,0.0
2026-01-07 00:00:00-05:00,1.5099999904632568,1.600000023841858,1.5099999904632568,1.5700000524520874,111800,0.0,0.0
2026-01-08 00:00:00-05:00,1.5800000429153442,1.590000033378601,1.559999942779541,1.590000033378601,31800,0.0,0.0
2026-01-09 00:00:00-05:00,1.590000033378601,1.590000033378601,1.559999942779541,1.559999942779541,15600,0.0,0.0
2026-01-12 00:00:00-05:00,1.5800000429153442,1.5800000429153442,1.5299999713897705,1.5399999618530273,37400,0.0,0.0
2026-01-13 00:00:00-05:00,1.5499999523162842,1.5800000429153442,1.5199999809265137,1.5700000524520874,41500,0.0,0.0
2026-01-14 00:00:00-05:00,1.559999942779541,1.5700000524520874,1.5199999809265137,1.5299999713897705,29900,0.0,0.0
2026-01-15 00:00:00-05:00,1.5399999618530273,1.590000033378601,1.5399999618530273,1.5700000524520874,28200,0.0,0.0
2026-01-16 00:00:00-05:00,1.5499999523162842,1.590000033378601,1.5199999809265137,1.559999942779541,20900,0.0,0.0
2026-01-20 00:00:00-05:00,1.559999942779541,1.559999942779541,1.5199999809265137,1.5199999809265137,16000,0.0,0.0
2026-01-21 00:00:00-05:00,1.5399999618530273,1.590000033378601,1.5199999809265137,1.5199999809265137,48200,0.0,0.0
2026-01-22 00:00:00-05:00,1.5299999713897705,1.5800000429153442,1.5199999809265137,1.5499999523162842,18100,0.0,0.0
2026-01-23 00:00:00-05:00,1.5800000429153442,1.5800000429153442,1.5,1.5700000524520874,87700,0.0,0.0
2026-01-26 00:00:00-05:00,1.559999942779541,1.7400000095367432,1.559999942779541,1.7100000381469727,201200,0.0,0.0
2026-01-27 00:00:00-05:00,1.7000000476837158,1.7100000381469727,1.600000023841858,1.690000057220459,37700,0.0,0.0
2026-01-28 00:00:00-05:00,1.690000057220459,1.75,1.649999976158142,1.7000000476837158,69400,0.0,0.0
2026-01-29 00:00:00-05:00,1.7100000381469727,1.8300000429153442,1.649999976158142,1.7300000190734863,93100,0.0,0.0
2026-01-30 00:00:00-05:00,1.7100000381469727,1.7300000190734863,1.649999976158142,1.649999976158142,32500,0.0,0.0
2026-02-02 00:00:00-05:00,1.6699999570846558,1.690000057220459,1.600000023841858,1.6200000047683716,72800,0.0,0.0
2026-02-03 00:00:00-05:00,1.6100000143051147,1.659999966621399,1.5700000524520874,1.590000033378601,68200,0.0,0.0
2026-02-04 00:00:00-05:00,1.690000057220459,1.7000000476837158,1.5800000429153442,1.6100000143051147,84400,0.0,0.0
2026-02-05 00:00:00-05:00,1.600000023841858,1.6399999856948853,1.559999942779541,1.6100000143051147,53200,0.0,0.0
2026-02-06 00:00:00-05:00,1.6200000047683716,1.7999999523162842,1.6200000047683716,1.7100000381469727,133300,0.0,0.0
2026-02-09 00:00:00-05:00,1.7599999904632568,1.809999942779541,1.6699999570846558,1.7400000095367432,80500,0.0,0.0
2026-02-10 00:00:00-05:00,1.75,1.7899999618530273,1.649999976158142,1.690000057220459,70700,0.0,0.0
2026-02-11 00:00:00-05:00,1.6799999475479126,1.6799999475479126,1.6299999952316284,1.6399999856948853,191300,0.0,0.0
2026-02-12 00:00:00-05:00,1.659999966621399,1.6699999570846558,1.5700000524520874,1.600000023841858,70900,0.0,0.0
2026-02-13 00:00:00-05:00,1.5800000429153442,1.6799999475479126,1.5299999713897705,1.5399999618530273,343000,0.0,0.0
2026-02-17 00:00:00-05:00,1.4299999475479126,1.5,1.409999966621399,1.4700000286102295,148300,0.0,0.0
2026-02-18 00:00:00-05:00,1.4700000286102295,1.5299999713897705,1.4700000286102295,1.4800000190734863,67300,0.0,0.0
2026-02-19 00:00:00-05:00,1.5,1.5199999809265137,1.4600000381469727,1.4700000286102295,40700,0.0,0.0
2026-02-20 00:00:00-05:00,1.4600000381469727,1.5,1.4500000476837158,1.4600000381469727,54200,0.0,0.0
2026-02-23 00:00:00-05:00,1.4600000381469727,1.4900000095367432,1.4500000476837158,1.4600000381469727,80300,0.0,0.0
2026-02-24 00:00:00-05:00,1.4600000381469727,1.5099999904632568,1.4600000381469727,1.4900000095367432,45700,0.0,0.0
2026-02-25 00:00:00-05:00,1.4900000095367432,1.5199999809265137,1.4299999475479126,1.5,27300,0.0,0.0
2026-02-26 00:00:00-05:00,1.4900000095367432,1.5499999523162842,1.4800000190734863,1.5299999713897705,45100,0.0,0.0
2026-02-27 00:00:00-05:00,1.4900000095367432,1.5399999618530273,1.4900000095367432,1.5,21100,0.0,0.0
2026-03-02 00:00:00-05:00,1.5,1.5499999523162842,1.4800000190734863,1.4900000095367432,122600,0.0,0.0
2026-03-03 00:00:00-05:00,1.4700000286102295,1.5399999618530273,1.4299999475479126,1.5099999904632568,159600,0.0,0.0
2026-03-04 00:00:00-05:00,1.309999942779541,1.350000023841858,1.2400000095367432,1.2400000095367432,2638500,0.0,0.0
2026-03-05 00:00:00-05:00,1.25,1.2599999904632568,1.2300000190734863,1.2400000095367432,924900,0.0,0.0
2026-03-06 00:00:00-05:00,1.2300000190734863,1.2599999904632568,1.2300000190734863,1.25,491800,0.0,0.0
2026-03-09 00:00:00-04:00,1.2400000095367432,1.25,1.2300000190734863,1.2400000095367432,336300,0.0,0.0
2026-03-10 00:00:00-04:00,1.2400000095367432,1.25,1.2200000286102295,1.2400000095367432,692700,0.0,0.0
2026-03-11 00:00:00-04:00,1.2300000190734863,1.25,1.2300000190734863,1.2400000095367432,282100,0.0,0.0
2026-03-12 00:00:00-04:00,1.2400000095367432,1.25,1.2300000190734863,1.2400000095367432,392800,0.0,0.0
2026-03-13 00:00:00-04:00,1.2400000095367432,1.25,1.2200000286102295,1.2200000286102295,646600,0.0,0.0
2026-03-16 00:00:00-04:00,1.2300000190734863,1.25,1.2100000381469727,1.2300000190734863,579400,0.0,0.0
2026-03-17 00:00:00-04:00,1.2300000190734863,1.25,1.2300000190734863,1.2300000190734863,620500,0.0,0.0
2026-03-18 00:00:00-04:00,1.2400000095367432,1.25,1.2300000190734863,1.2400000095367432,346300,0.0,0.0
2026-03-19 00:00:00-04:00,1.2400000095367432,1.25,1.2400000095367432,1.25,260029,0.0,0.0
