Date,Open,High,Low,Close,Volume,Dividends,Stock Splits
2022-01-03 00:00:00-05:00,28.934909048528137,28.934909048528137,28.135602185580474,28.511274337768555,4200,0.0,0.0
2022-01-04 00:00:00-05:00,28.53525390519742,28.974872043622785,28.231516461746967,28.81501007080078,8300,0.0,0.0
2022-01-05 00:00:00-05:00,28.854974801727902,29.342552446733926,28.783037066413677,28.81501007080078,7000,0.0,0.0
2022-01-06 00:00:00-05:00,29.358541066058873,29.97400772388292,28.807020421620376,29.49442481994629,19000,0.0,0.0
2022-01-07 00:00:00-05:00,29.422488333656766,29.630306787791124,29.278612846519948,29.36653709411621,6300,0.0,0.0
2022-01-10 00:00:00-05:00,29.53438678184816,29.53438678184816,29.09476865298035,29.11075210571289,3100,0.0,0.0
2022-01-11 00:00:00-05:00,29.174701451000917,30.445599526584417,29.166709723720306,29.286603927612305,2300,0.0,0.0
2022-01-12 00:00:00-05:00,29.406500162236128,29.550375641214988,29.254629907139723,29.302589416503906,2300,0.0,0.0
2022-01-13 00:00:00-05:00,29.302587715806805,29.302587715806805,28.81501007080078,28.81501007080078,1400,0.0,0.0
2022-01-14 00:00:00-05:00,28.974876403808594,28.974876403808594,28.974876403808594,28.974876403808594,200,0.0,0.0
2022-01-18 00:00:00-05:00,29.51840591430664,29.51840591430664,29.51840591430664,29.51840591430664,600,0.0,0.0
2022-01-19 00:00:00-05:00,29.174702548703962,29.358542774213085,28.535257623212686,28.854978561401367,4800,0.0,0.0
2022-01-20 00:00:00-05:00,28.775045156793777,28.942898855087833,28.375391751838308,28.838991165161133,10000,0.0,0.0
2022-01-21 00:00:00-05:00,28.471307290445914,28.8469824612148,28.191551130796825,28.64715576171875,10800,0.0,0.0
2022-01-24 00:00:00-05:00,28.53525716072765,28.878959374317517,28.34342216163247,28.6551513671875,3100,0.0,0.0
2022-01-25 00:00:00-05:00,28.311448924134357,28.719097150489933,28.215532949921098,28.29546546936035,8900,0.0,0.0
2022-01-26 00:00:00-05:00,28.846984561094146,28.918922300113877,28.30345565497031,28.575220108032227,6300,0.0,0.0
2022-01-27 00:00:00-05:00,28.455320724604466,29.270614022608612,28.455320724604466,28.639163970947266,7500,0.0,0.0
2022-01-28 00:00:00-05:00,28.5992003470915,28.91892433166504,28.37539538735836,28.91892433166504,7000,0.0,0.0
2022-01-31 00:00:00-05:00,29.48642717856917,30.29372874899196,28.719093387185612,28.72708511352539,20000,0.0,0.0
2022-02-01 00:00:00-05:00,28.503280753117203,29.726219198008707,28.503280753117203,29.262622833251953,31500,0.0,0.0
2022-02-02 00:00:00-05:00,29.758193039894724,29.758193039894724,28.767054274038745,28.942899703979492,9900,0.0,0.0
2022-02-03 00:00:00-05:00,28.942900066958078,29.414491226516102,28.575219650791116,29.174699783325195,27400,0.0,0.0
2022-02-04 00:00:00-05:00,29.646292578148298,29.71023554360655,28.974874670710722,29.326568603515625,17000,0.0,0.0
2022-02-07 00:00:00-05:00,29.574354836311635,29.574354836311635,28.854977417945022,29.326568603515625,10000,0.0,0.0
2022-02-08 00:00:00-05:00,29.366533398318996,30.053934690323594,29.166706696789944,29.33456039428711,14800,0.0,0.0
2022-02-09 00:00:00-05:00,29.334566256100747,29.974011218948835,28.97487751165054,29.686260223388672,17300,0.0,0.0
2022-02-10 00:00:00-05:00,29.814151009664606,29.958026516100656,29.38252449035645,29.382524490356445,16800,0.0,0.0
2022-02-11 00:00:00-05:00,29.566365281688427,30.021969997095464,28.982868527739317,29.21466827392578,9900,0.0,0.0
2022-02-14 00:00:00-05:00,29.510408274178932,29.798159236186407,29.038820146472368,29.49442481994629,10900,0.0,0.0
2022-02-15 00:00:00-05:00,29.73421772468773,30.285738396072773,29.17470227668201,29.294599533081055,17900,0.0,0.0
2022-02-16 00:00:00-05:00,29.294597454663585,29.8141450809324,29.142727200784627,29.414491653442383,12500,0.0,0.0
2022-02-17 00:00:00-05:00,29.4064972318961,29.4064972318961,29.17469753340512,29.318572998046875,9400,0.0,0.0
2022-02-18 00:00:00-05:00,29.326569026417,29.878092738155875,29.014839823667472,29.142728805541992,24300,0.0,0.0
2022-02-22 00:00:00-05:00,29.14272661299311,29.622312545776367,29.102761880872904,29.622312545776367,14800,0.0,0.0
2022-02-23 00:00:00-05:00,29.45445781053726,29.91805727241599,29.37452834082001,29.590341567993164,19600,0.0,0.0
2022-02-24 00:00:00-05:00,29.414490172390018,29.79016535103134,28.471307887074765,29.606325149536133,11700,0.0,0.0
2022-02-25 00:00:00-05:00,29.830139294863507,30.27775234703892,29.75020980834961,29.75020980834961,8700,0.0,0.0
2022-02-28 00:00:00-05:00,29.470442246910633,29.926046900388044,29.470442246910633,29.710233688354492,3900,0.0,0.0
2022-03-01 00:00:00-05:00,29.63030215506621,29.67026688433039,29.278608268782698,29.318572998046875,12800,0.0,0.0
2022-03-02 00:00:00-05:00,29.478436126444016,29.910059488273216,29.478436126444016,29.646289825439453,8500,0.0,0.0
2022-03-03 00:00:00-05:00,29.59033985257346,29.989993276218517,29.59033985257346,29.942033767700195,8800,0.0,0.0
2022-03-04 00:00:00-05:00,29.774181477640386,30.429612879662024,29.718230239598086,30.117883682250977,14600,0.0,0.0
2022-03-07 00:00:00-05:00,29.862103151093493,30.173832321657752,29.56636048275221,29.614316940307617,15100,0.0,0.0
2022-03-08 00:00:00-05:00,29.614321747027677,30.013975220129574,29.214668273925785,29.21466827392578,11300,0.0,0.0
2022-03-09 00:00:00-05:00,29.42248543225714,29.80615234375,29.29459646175952,29.80615234375,4800,0.0,0.0
2022-03-10 00:00:00-05:00,29.382517286484692,29.574352264404297,29.374525559915078,29.574352264404297,2300,0.0,0.0
2022-03-11 00:00:00-05:00,29.654281901998566,30.077916591419267,29.382517460320845,29.50241470336914,4700,0.0,0.0
2022-03-14 00:00:00-04:00,29.502414091784274,29.590338328315216,29.1826901496924,29.33456039428711,4100,0.0,0.0
2022-03-15 00:00:00-04:00,28.854974652212448,29.590338503737875,28.854974652212448,29.262622833251953,3500,0.0,0.0
2022-03-16 00:00:00-04:00,28.93490797725593,29.37452612577819,28.830997235168038,28.942899703979492,4400,0.0,0.0
2022-03-17 00:00:00-04:00,28.48729874552462,28.958889960297707,28.48729874552462,28.934911727905273,1700,0.0,0.0
2022-03-18 00:00:00-04:00,28.926915288736044,29.086777276765034,28.199546139862257,28.87096405029297,12000,0.0,0.0
2022-03-21 00:00:00-04:00,28.87895965576172,28.918924391637816,28.42335495872361,28.87895965576172,4500,0.0,0.0
2022-03-22 00:00:00-04:00,28.934905227611942,28.934905227611942,28.886945724487305,28.886945724487305,900,0.0,0.0
2022-03-23 00:00:00-04:00,28.503286436845563,28.846988677978516,28.503286436845563,28.846988677978516,1900,0.0,0.0
2022-03-24 00:00:00-04:00,28.679132385556077,29.09477233886719,28.679132385556077,29.094772338867188,2000,0.0,0.0
2022-03-25 00:00:00-04:00,28.894945091201517,28.982866287231445,28.815012573291874,28.982866287231445,2800,0.0,0.0
2022-03-28 00:00:00-04:00,28.743072509765625,28.743072509765625,28.743072509765625,28.743072509765625,1000,0.0,0.0
2022-03-29 00:00:00-04:00,28.735080783177153,28.815010245516035,28.735080783177153,28.743072509765625,1500,0.0,0.0
2022-03-30 00:00:00-04:00,29.0947671889141,29.126737141883893,28.878953998523183,28.886945724487305,10600,0.0,0.0
2022-03-31 00:00:00-04:00,29.326564709383486,29.73421287536621,29.24663525089566,29.73421287536621,6200,0.0,0.0
2022-04-01 00:00:00-04:00,29.574352264404297,29.574352264404297,29.078782891022826,29.574352264404297,5200,0.0,0.0
2022-04-04 00:00:00-04:00,29.590336351978497,30.173829915578203,29.518398622268215,29.790163040161133,19700,0.0,0.0
2022-04-05 00:00:00-04:00,29.966014342371757,29.966014342371757,29.01483726501465,29.01483726501465,7200,0.0,0.0
2022-04-06 00:00:00-04:00,28.511271670845698,29.254627227783203,28.511271670845698,29.254627227783203,4600,0.0,0.0
2022-04-07 00:00:00-04:00,28.703110980886752,28.99885368347168,28.599200228962474,28.99885368347168,2000,0.0,0.0
2022-04-08 00:00:00-04:00,28.695117356103008,29.014838269102295,28.575220108032227,28.575220108032227,2300,0.0,0.0
2022-04-11 00:00:00-04:00,28.375391431849636,28.551239903763324,27.775911331176758,27.775911331176758,16300,0.0,0.0
2022-04-12 00:00:00-04:00,27.975744174945085,28.49529492926829,27.584082414885632,27.632041931152344,6400,0.0,0.0
2022-04-13 00:00:00-04:00,28.567231970638943,28.567231970638943,27.216401262545098,27.927783966064453,5900,0.0,0.0
2022-04-14 00:00:00-04:00,27.903802692519093,28.631171821805765,25.11422190088706,27.975740432739258,27700,0.0,0.0
2022-04-18 00:00:00-04:00,28.67913031084473,28.958886485568918,27.975739436963547,28.41535758972168,15200,0.0,0.0
2022-04-19 00:00:00-04:00,28.18355959875135,29.1267419728457,27.823873937555653,28.111621856689453,9800,0.0,0.0
2022-04-20 00:00:00-04:00,28.167576131726797,28.48729705810547,27.608060699171865,28.48729705810547,1700,0.0,0.0
2022-04-21 00:00:00-04:00,27.97573906777687,29.406499026173293,27.97573906777687,28.135601043701172,17500,0.0,0.0
2022-04-22 00:00:00-04:00,28.151588439941406,28.151588439941406,28.151588439941406,28.151588439941406,900,0.0,0.0
2022-04-25 00:00:00-04:00,28.151591301903935,28.39937450098541,28.135604797267387,28.175569534301758,3800,0.0,0.0
2022-04-26 00:00:00-04:00,28.175570009092674,28.175570009092674,27.296333583064474,27.568098068237305,9300,0.0,0.0
2022-04-27 00:00:00-04:00,27.576084244480388,28.159577835064187,27.49615478515625,27.49615478515625,3700,0.0,0.0
2022-04-28 00:00:00-04:00,27.496158000181765,28.50328333134716,27.496158000181765,27.751935958862305,5300,0.0,0.0
2022-04-29 00:00:00-04:00,27.608063894208456,28.103633369370826,27.608063894208456,27.895814895629883,4400,0.0,0.0
2022-05-02 00:00:00-04:00,27.687991056175466,28.151590530591353,27.624048088495222,28.079652786254883,7800,0.0,0.0
2022-05-03 00:00:00-04:00,27.584080086393346,27.879825838068328,27.584080086393346,27.815879821777344,3300,0.0,0.0
2022-05-04 00:00:00-04:00,27.975742118974466,27.975742118974466,27.576088660131973,27.664012908935547,1700,0.0,0.0
2022-05-05 00:00:00-04:00,27.66401512462728,27.855847092732265,27.176437377929688,27.176437377929688,6000,0.0,0.0
2022-05-06 00:00:00-04:00,27.679995605929577,27.719960336494083,27.376258165235043,27.711965560913086,5600,0.0,0.0
2022-05-09 00:00:00-04:00,27.432210084110377,27.592072059481104,27.376258850097656,27.376258850097656,5200,0.0,0.0
2022-05-10 00:00:00-04:00,27.45619142860358,27.45619142860358,27.096505754598876,27.28833770751953,9900,0.0,0.0
2022-05-11 00:00:00-04:00,26.816744865101963,27.176433566242626,26.800758361816406,26.800758361816406,7100,0.0,0.0
2022-05-12 00:00:00-04:00,26.776779231214785,26.872695198589707,26.481036553159154,26.736814498901367,7900,0.0,0.0
2022-05-13 00:00:00-04:00,27.01656962592097,27.12847209170198,26.377124786376953,26.377124786376953,6700,0.0,0.0
2022-05-16 00:00:00-04:00,26.37712909690123,26.568964104670673,26.017440363029774,26.20128059387207,11300,0.0,0.0
2022-05-17 00:00:00-04:00,26.936641039848116,26.936641039848116,26.784770789255024,26.856708526611328,2500,0.0,0.0
2022-05-18 00:00:00-04:00,26.497024238027347,27.32030934704498,26.497024238027347,27.07252311706543,9700,0.0,0.0
2022-05-19 00:00:00-04:00,27.128471710376605,27.352279687906236,26.88068855366256,26.9366397857666,7300,0.0,0.0
2022-05-20 00:00:00-04:00,27.198002610208132,27.198002610208132,26.961142374827187,27.075490951538086,6600,0.72,0.0
2022-05-23 00:00:00-04:00,26.40575141370411,27.336853757964292,26.364911077178824,26.797794342041016,9900,0.0,0.0
2022-05-24 00:00:00-04:00,26.585434074293694,26.789623280879177,26.030040740966797,26.030040740966797,8100,0.0,0.0
2022-05-25 00:00:00-04:00,26.13621987160668,26.52009659798857,25.948366165161133,25.948366165161133,5800,0.0,0.0
2022-05-26 00:00:00-04:00,26.82229508345967,26.82229508345967,26.348574614847863,26.364910125732422,3200,0.0,0.0
2022-05-27 00:00:00-04:00,26.381248458494262,26.57727149439649,25.93203276599888,26.14438819885254,10700,0.0,0.0
2022-05-31 00:00:00-04:00,25.94836527665133,26.61810563867395,25.94836527665133,26.25873374938965,5600,0.0,0.0
2022-06-01 00:00:00-04:00,26.520095962132544,26.61810591191069,26.266900216552198,26.601770401000977,9800,0.0,0.0
2022-06-02 00:00:00-04:00,26.683444703804444,26.838630498815316,26.4139165643689,26.430252075195312,8300,0.0,0.0
2022-06-03 00:00:00-04:00,26.691617076020677,26.838633574626947,26.446590616903713,26.732454299926758,4300,0.0,0.0
2022-06-06 00:00:00-04:00,26.952974474284915,27.394023895263672,26.503758856182824,27.394023895263672,6400,0.0,0.0
2022-06-07 00:00:00-04:00,27.369520801754277,27.56554381757854,27.075490951538086,27.075490951538086,4300,0.0,0.0
2022-06-08 00:00:00-04:00,26.863136400379496,27.32052142787363,26.854970201531653,27.03465461730957,7100,0.0,0.0
2022-06-09 00:00:00-04:00,27.01014979761698,27.03465150702223,26.94481086730957,26.94481086730957,2200,0.0,0.0
2022-06-10 00:00:00-04:00,26.87130251452328,26.87130251452328,26.397582030073192,26.413917541503906,4200,0.0,0.0
2022-06-13 00:00:00-04:00,26.49559184781163,26.49559184781163,26.25873472247513,26.332242965698242,6900,0.0,0.0
2022-06-14 00:00:00-04:00,26.33224306679115,27.018318967614054,26.17705726623535,26.17705726623535,5600,0.0,0.0
2022-06-15 00:00:00-04:00,26.24239935506251,26.912139745577498,26.15255559999924,26.234230041503906,7100,0.0,0.0
2022-06-16 00:00:00-04:00,26.013705946101933,26.356743884914884,26.013705946101933,26.217893600463867,3400,0.0,0.0
2022-06-17 00:00:00-04:00,26.168891149146184,27.04282076036242,26.168891149146184,26.38124656677246,7300,0.0,0.0
2022-06-21 00:00:00-04:00,26.805959338687114,26.805959338687114,26.201561019632603,26.25873374938965,3200,0.0,0.0
2022-06-22 00:00:00-04:00,26.56909910644787,26.585434617189897,26.25873374938965,26.25873374938965,3600,0.0,0.0
2022-06-23 00:00:00-04:00,26.25873374938965,26.53643120064391,26.021873517150404,26.25873374938965,3600,0.0,0.0
2022-06-24 00:00:00-04:00,26.2505658663839,26.99381450939989,25.940198934575964,26.087215423583984,7900,0.0,0.0
2022-06-27 00:00:00-04:00,26.087215423583984,26.15255591227198,26.087215423583984,26.087215423583984,1600,0.0,0.0
2022-06-28 00:00:00-04:00,26.087215423583984,26.16072211024786,25.932031178759946,26.087215423583984,6200,0.0,0.0
2022-06-29 00:00:00-04:00,26.054540865193893,26.054540865193893,25.53181702661403,25.670665740966797,4000,0.0,0.0
2022-06-30 00:00:00-04:00,25.572659505467808,25.67067102429342,25.441978518927154,25.646167755126953,2100,0.0,0.0
2022-07-01 00:00:00-04:00,25.409304134934708,26.511924550802743,25.409304134934708,26.373077392578125,8500,0.0,0.0
2022-07-05 00:00:00-04:00,26.389414583893448,26.389414583893448,25.5644884319052,25.817684173583984,5500,0.0,0.0
2022-07-06 00:00:00-04:00,25.736011517563743,25.80951976722289,25.409309051212112,25.646167755126953,3300,0.0,0.0
2022-07-07 00:00:00-04:00,25.891193265589116,25.956533752530913,25.490981030500496,25.539987564086914,2000,0.0,0.0
2022-07-08 00:00:00-04:00,25.727842820177,26.177058500250364,25.51548583535535,25.719675064086914,13100,0.0,0.0
2022-07-11 00:00:00-04:00,25.48281535764665,25.77684677602126,25.40113935782699,25.678836822509766,8600,0.0,0.0
2022-07-12 00:00:00-04:00,25.956533752530913,26.74878735143023,25.539987564086914,25.539987564086914,1000,0.0,0.0
2022-07-13 00:00:00-04:00,25.62166500252398,25.62166500252398,25.36846923828125,25.36846923828125,6100,0.0,0.0
2022-07-14 00:00:00-04:00,25.482819080981404,26.054548047575004,24.92742407046622,25.090774536132812,8500,0.0,0.0
2022-07-15 00:00:00-04:00,25.327628649539278,26.430250645225556,24.93558575795659,25.392969131469727,5900,0.0,0.0
2022-07-18 00:00:00-04:00,25.523653405391467,25.88302688153463,25.058102216531555,25.25412368774414,27100,0.0,0.0
2022-07-19 00:00:00-04:00,25.75234156485561,25.75234156485561,25.319459915161133,25.319459915161133,1700,0.0,0.0
2022-07-20 00:00:00-04:00,25.56448878397552,25.629829269667315,25.164278114383272,25.548154830932617,5100,0.0,0.0
2022-07-21 00:00:00-04:00,25.482814872612867,26.079047011619643,25.482814872612867,25.68700408935547,4600,0.0,0.0
2022-07-22 00:00:00-04:00,25.76867957924568,27.22250898032476,25.6216646457893,25.964702606201172,7900,0.0,0.0
2022-07-25 00:00:00-04:00,26.0137056749575,26.38941463156993,25.695169447911297,25.78501319885254,1900,0.0,0.0
2022-07-26 00:00:00-04:00,25.736009646226556,26.511927752662483,25.335798959316215,25.703338623046875,6100,0.0,0.0
2022-07-27 00:00:00-04:00,25.899359058743475,25.899359058743475,25.64616487052945,25.662500381469727,2500,0.0,0.0
2022-07-28 00:00:00-04:00,25.670669548392716,26.683446356934414,25.670669548392716,25.760513305664062,9800,0.0,0.0
2022-07-29 00:00:00-04:00,25.768678173874438,26.11171611557772,25.523651740303553,25.866689682006836,4200,0.0,0.0
2022-08-01 00:00:00-04:00,25.7278376022041,25.97286400385105,25.711502093337007,25.891189575195312,14400,0.0,0.0
2022-08-02 00:00:00-04:00,25.801349064730914,26.601770405357104,25.539987121492977,26.422082901000977,16400,0.0,0.0
2022-08-03 00:00:00-04:00,26.626272279706168,27.214338213493885,26.585435060010944,27.099992752075195,2000,0.0,0.0
2022-08-04 00:00:00-04:00,26.34857658496516,26.658945083618164,26.34857658496516,26.658945083618164,1400,0.0,0.0
2022-08-05 00:00:00-04:00,26.48742577508452,26.593605041503906,26.471090263659985,26.593605041503906,1200,0.0,0.0
2022-08-08 00:00:00-04:00,26.71611678467068,26.797794342041016,26.667113365928714,26.797794342041016,5200,0.0,0.0
2022-08-09 00:00:00-04:00,26.961142510532827,27.361354741835058,26.39758140018168,27.15716552734375,10200,0.0,0.0
2022-08-10 00:00:00-04:00,27.27968230868372,27.27968230868372,27.181669235229492,27.181669235229492,500,0.0,0.0
2022-08-11 00:00:00-04:00,27.426694082717262,27.56554123935956,26.961139853138175,27.492033004760742,4100,0.0,0.0
2022-08-12 00:00:00-04:00,27.426694082717262,27.56554123935956,27.173498360059142,27.492033004760742,3700,0.0,0.0
2022-08-15 00:00:00-04:00,26.92847377281428,27.52470588684082,26.92847377281428,27.52470588684082,3100,0.0,0.0
2022-08-16 00:00:00-04:00,27.541044325196978,27.5655460357666,27.516539498946965,27.5655460357666,8200,0.0,0.0
2022-08-17 00:00:00-04:00,27.361353897154633,27.55737690791407,27.361353897154633,27.52470588684082,3500,0.0,0.0
2022-08-18 00:00:00-04:00,27.549210393064055,27.565545905259928,27.410363212919695,27.483871459960938,5100,0.0,0.0
2022-08-19 00:00:00-04:00,27.48387261725679,27.56554706599494,27.48387261725679,27.51654052734375,2300,0.0,0.0
2022-08-22 00:00:00-04:00,27.27967852858773,27.565542164016662,27.23883819580078,27.23883819580078,2900,0.0,0.0
2022-08-23 00:00:00-04:00,27.524709688242968,27.565546912384477,27.28784942626953,27.28784942626953,4900,0.0,0.0
2022-08-24 00:00:00-04:00,27.51654052734375,27.54921155311121,27.51654052734375,27.51654052734375,1300,0.0,0.0
2022-08-25 00:00:00-04:00,27.483868668790137,27.565543105794543,27.16533088684082,27.16533088684082,3300,0.0,0.0
2022-08-26 00:00:00-04:00,27.361357663484302,27.37769317626953,27.361357663484302,27.37769317626953,1800,0.0,0.0
2022-08-29 00:00:00-04:00,27.36135667633208,27.565545905259928,27.36135667633208,27.483871459960938,5000,0.0,0.0
2022-08-30 00:00:00-04:00,27.402193898981572,27.483871459960938,27.165333645661978,27.483871459960938,18500,0.0,0.0
2022-08-31 00:00:00-04:00,27.43486492337332,27.663555862754794,27.43486492337332,27.483871459960938,8600,0.0,0.0
2022-09-01 00:00:00-04:00,27.361352044993936,27.753394924294355,27.353185848118443,27.492033004760742,5600,0.0,0.0
2022-09-02 00:00:00-04:00,27.353185848118443,27.492033004760742,27.353185848118443,27.492033004760742,2900,0.0,0.0
2022-09-06 00:00:00-04:00,27.434860279592755,27.532870220497898,27.361352044993936,27.492033004760742,4700,0.0,0.0
2022-09-07 00:00:00-04:00,27.369523073792898,27.76973533630371,27.222509694320784,27.76973533630371,7000,0.0,0.0
2022-09-08 00:00:00-04:00,27.40219043453665,28.153608322143555,27.287844979302548,28.153608322143555,5800,0.0,0.0
2022-09-09 00:00:00-04:00,28.341464806414653,28.365966516183658,27.57371133306279,27.786069869995117,6200,0.0,0.0
2022-09-12 00:00:00-04:00,27.655387926024503,28.23528455196286,27.614550705942115,27.622716903686523,6800,0.0,0.0
2022-09-13 00:00:00-04:00,27.36135394275635,28.00659258946815,26.136218691588155,27.671722412109375,7900,0.0,0.0
2022-09-14 00:00:00-04:00,27.361353206572616,27.851406047582522,27.361353206572616,27.704389572143555,8600,0.0,0.0
2022-09-15 00:00:00-04:00,27.704393085404288,28.169947393785733,27.345021164136206,27.483871459960938,8900,0.0,0.0
2022-09-16 00:00:00-04:00,27.483868850067765,27.93308448791504,27.181666576662078,27.93308448791504,12900,0.0,0.0
2022-09-19 00:00:00-04:00,27.483868668339287,27.75339680299345,27.19800190746844,27.52470588684082,6700,0.0,0.0
2022-09-20 00:00:00-04:00,27.483867829272647,27.72072493562245,27.279678627318706,27.44302749633789,8600,0.0,0.0
2022-09-21 00:00:00-04:00,27.443030403029894,27.949421920800873,27.443030403029894,27.753398895263672,5900,0.0,0.0
2022-09-22 00:00:00-04:00,27.52470607165619,27.679888749276014,27.091822828729175,27.57370948791504,6000,0.0,0.0
2022-09-23 00:00:00-04:00,27.361356805872035,27.5655460357666,27.271513046209563,27.5655460357666,5400,0.0,0.0
2022-09-26 00:00:00-04:00,27.557378652688847,27.557378652688847,27.15716640840255,27.206172943115234,6800,0.0,0.0
2022-09-27 00:00:00-04:00,27.27968228975469,27.4920377173974,27.157167505862105,27.361356735229492,6600,0.0,0.0
2022-09-28 00:00:00-04:00,27.361352923617527,28.774341820119762,27.361352923617527,27.451196670532227,1900,0.0,0.0
2022-09-29 00:00:00-04:00,27.36135487207412,27.7697333030006,27.23884009652411,27.418527603149414,5400,0.0,0.0
2022-09-30 00:00:00-04:00,27.36135408087317,27.647217727983396,27.271510330158506,27.57370948791504,2200,0.0,0.0
2022-10-03 00:00:00-04:00,27.516536758492997,27.60638050920766,27.091822828729175,27.57370948791504,12300,0.0,0.0
2022-10-04 00:00:00-04:00,27.704391343851295,27.769733388527257,27.475700418845786,27.622716903686523,2700,0.0,0.0
2022-10-05 00:00:00-04:00,27.44302837963739,27.769732359551195,27.140829223409163,27.761566162109375,2700,0.0,0.0
2022-10-06 00:00:00-04:00,27.52470588684082,28.014758740219328,27.22250673111341,27.52470588684082,18800,0.0,0.0
2022-10-07 00:00:00-04:00,27.410364151000977,27.410364151000977,27.410364151000977,27.410364151000977,600,0.0,0.0
2022-10-10 00:00:00-04:00,27.524706727878208,27.688058722555734,27.42669677734375,27.42669677734375,2400,0.0,0.0
2022-10-11 00:00:00-04:00,27.59004783630371,27.59004783630371,27.36135689509379,27.59004783630371,2200,0.0,0.0
2022-10-12 00:00:00-04:00,27.459361081615004,27.745227813720703,27.459361081615004,27.745227813720703,4700,0.0,0.0
2022-10-13 00:00:00-04:00,27.4757004479094,28.586490283134307,27.36952118303874,28.039264678955078,2200,0.0,0.0
2022-10-14 00:00:00-04:00,27.965754721640817,28.3577976190313,27.459363252958124,28.178110122680664,7300,0.0,0.0
2022-10-17 00:00:00-04:00,28.178112944901127,28.423139390851162,27.443030491370717,28.374135971069336,2400,0.0,0.0
2022-10-18 00:00:00-04:00,28.390466636359932,28.839685394841666,28.17811122699775,28.782512664794922,2900,0.0,0.0
2022-10-19 00:00:00-04:00,28.58649240897138,28.709007194139136,27.9657585161331,28.504817962646484,4300,0.0,0.0
2022-10-20 00:00:00-04:00,28.50481899319858,28.50481899319858,28.13727774008778,28.455812454223633,1600,0.0,0.0
2022-10-21 00:00:00-04:00,28.455812454223633,28.455812454223633,28.455812454223633,28.455812454223633,0,0.0,0.0
2022-10-24 00:00:00-04:00,28.66816506757221,28.831517065715914,28.251620432201975,28.676334381103516,3100,0.0,0.0
2022-10-25 00:00:00-04:00,28.66816248849772,29.591098546651345,28.463973288107624,29.395078659057617,4300,0.0,0.0
2022-10-26 00:00:00-04:00,29.23989305844482,29.509424300198063,29.035703856757806,29.444082260131836,6700,0.0,0.0
2022-10-27 00:00:00-04:00,29.36241071494067,29.934141159057617,28.978533980978668,29.934141159057617,9600,0.0,0.0
2022-10-28 00:00:00-04:00,29.762617070303083,30.097487238175844,29.689108832688085,29.9749755859375,8900,0.0,0.0
2022-10-31 00:00:00-04:00,29.98314457824918,30.42419404505485,29.623772669563227,29.934141159057617,5600,0.0,0.0
2022-11-01 00:00:00-04:00,29.90146631450739,30.301675393267754,29.75444984436035,29.75444984436035,4700,0.0,0.0
2022-11-02 00:00:00-04:00,29.61560333175424,30.44869572981421,29.607437133789062,29.607437133789062,6500,0.0,0.0
2022-11-03 00:00:00-04:00,29.974978380277342,30.37518751018302,29.844297402966063,29.934141159057617,11800,0.0,0.0
2022-11-04 00:00:00-04:00,30.179163940651172,30.228167353897533,29.89329719543457,29.89329719543457,3100,0.0,0.0
2022-11-07 00:00:00-05:00,30.162833358813426,30.587547331854854,30.138331648187318,30.318016052246094,7700,0.0,0.0
2022-11-08 00:00:00-05:00,30.68555060814429,30.72638782218881,30.35884666442871,30.35884666442871,11500,0.0,0.0
2022-11-09 00:00:00-05:00,30.269008094018858,30.95508392983856,30.269008094018858,30.710054397583008,16600,0.0,0.0
2022-11-10 00:00:00-05:00,30.897916895848553,30.99592685740035,30.432362568196385,30.83257484436035,13500,0.0,0.0
2022-11-11 00:00:00-05:00,30.9387492651836,30.9387492651836,30.5467063648165,30.791732788085938,3200,0.0,0.0
2022-11-14 00:00:00-05:00,30.791733936071324,31.739171759534436,30.78356462277243,31.36346435546875,102700,0.0,0.0
2022-11-15 00:00:00-05:00,31.281790630271715,31.96786659439926,31.224617892901126,31.51048469543457,57800,0.0,0.0
2022-11-16 00:00:00-05:00,31.74733822688111,31.959696754934715,31.32262428645405,31.706501007080078,51500,0.0,0.0
2022-11-17 00:00:00-05:00,31.46963704249804,31.918855754136953,31.46963704249804,31.853513717651367,21800,0.0,0.0
2022-11-18 00:00:00-05:00,32.178549158736786,32.50358449500443,32.095204726831625,32.26189041137695,21600,0.78,0.0
2022-11-21 00:00:00-05:00,32.09520893775103,32.586930023078246,32.09520893775103,32.28689956665039,15600,0.0,0.0
2022-11-22 00:00:00-05:00,32.286901357342025,33.33701596124436,32.286901357342025,33.2203369140625,12500,0.0,0.0
2022-11-23 00:00:00-05:00,33.20366198136841,33.20366198136841,32.47024687351121,32.911964416503906,16900,0.0,0.0
2022-11-25 00:00:00-05:00,32.770287065043995,32.828626589755565,32.2618970531869,32.49525833129883,2300,0.0,0.0
2022-11-28 00:00:00-05:00,32.46192152080001,33.020315039499934,32.33690643310547,32.33690643310547,9800,0.0,0.0
2022-11-29 00:00:00-05:00,32.48692319351267,32.870298131989955,32.17855667163014,32.56193161010742,11000,0.0,0.0
2022-11-30 00:00:00-05:00,32.75362014770508,32.75362014770508,32.1118821579657,32.75362014770508,12900,0.0,0.0
2022-12-01 00:00:00-05:00,32.91197302082901,32.920305876604345,32.42025186917239,32.75362014770508,9800,0.0,0.0
2022-12-02 00:00:00-05:00,32.828627132783666,33.328684297638844,32.41191441837054,33.036983489990234,10200,0.0,0.0
2022-12-05 00:00:00-05:00,33.070318339711946,33.070318339711946,31.68683237762562,31.91185760498047,8300,0.0,0.0
2022-12-06 00:00:00-05:00,32.04520614874044,32.50358946690784,31.67016409596149,32.303565979003906,10800,0.0,0.0
2022-12-07 00:00:00-05:00,32.45358688214563,33.02865249516059,31.74517649944317,32.77862548828125,17700,0.0,0.0
2022-12-08 00:00:00-05:00,32.83695560259867,32.953634627071736,32.42857583767799,32.81195068359375,30400,0.0,0.0
2022-12-09 00:00:00-05:00,32.89529935863005,32.89529935863005,32.62860350278114,32.83695983886719,6200,0.0,0.0
2022-12-12 00:00:00-05:00,32.88696668183794,33.04531954815754,32.73694985020132,32.96197509765625,12300,0.0,0.0
2022-12-13 00:00:00-05:00,33.08698668165298,33.08698668165298,32.41191101074219,32.41191101074219,33200,0.0,0.0
2022-12-14 00:00:00-05:00,32.461917798059226,33.045316174953236,32.461917798059226,32.83695983886719,20000,0.0,0.0
2022-12-15 00:00:00-05:00,32.9202995300293,33.04531459741904,32.58692813650012,32.9202995300293,10000,0.0,0.0
2022-12-16 00:00:00-05:00,32.920300868799224,33.04531594127296,32.911968014291475,32.93696975708008,8800,0.0,0.0
2022-12-19 00:00:00-05:00,32.86196106023417,33.337013244628906,32.86196106023417,33.337013244628906,8500,0.0,0.0
2022-12-20 00:00:00-05:00,33.337016885564246,34.54548438351909,33.21200180053711,33.21200180053711,17600,0.0,0.0
2022-12-21 00:00:00-05:00,33.42869032261137,33.662048396443176,33.036979402166274,33.36201477050781,17100,0.0,0.0
2022-12-22 00:00:00-05:00,33.33701099454986,33.42035225033019,32.828621068200555,33.25366973876953,8300,0.0,0.0
2022-12-23 00:00:00-05:00,33.41201918974131,33.56203599262985,33.20366287231445,33.20366287231445,1300,0.0,0.0
2022-12-27 00:00:00-05:00,33.12865536635254,33.503697383711454,33.12865536635254,33.34534454345703,4400,0.0,0.0
2022-12-28 00:00:00-05:00,33.47036117043681,33.47036117043681,33.07865024744751,33.337013244628906,2500,0.0,0.0
2022-12-29 00:00:00-05:00,33.42035606591949,33.72872574189641,33.10365671438471,33.32868194580078,9300,0.0,0.0
2022-12-30 00:00:00-05:00,33.512035347298806,34.12877155646266,33.512035347298806,33.58704376220703,8200,0.0,0.0
2023-01-03 00:00:00-05:00,33.54536957740784,33.54536957740784,33.045315650444536,33.337013244628906,8500,0.0,0.0
2023-01-04 00:00:00-05:00,33.453696087102216,33.81206927458217,33.03698337415024,33.412025451660156,5500,0.0,0.0
2023-01-05 00:00:00-05:00,33.128658330375345,33.4286919711065,32.96197262116187,32.978641510009766,4400,0.0,0.0
2023-01-06 00:00:00-05:00,33.02864796774219,33.93708173898364,33.02864796774219,33.87874221801758,4800,0.0,0.0
2023-01-09 00:00:00-05:00,33.753726068994844,34.95385740691247,32.8202905839478,33.61204528808594,3600,0.0,0.0
2023-01-10 00:00:00-05:00,34.08709942654339,34.09543228149414,33.01197991976073,34.09543228149414,4400,0.0,0.0
2023-01-11 00:00:00-05:00,33.91207890139517,34.587154630280864,33.762062072753906,33.762062072753906,8300,0.0,0.0
2023-01-12 00:00:00-05:00,33.72038643991379,34.17043685913086,33.60370740810162,34.17043685913086,4200,0.0,0.0
2023-01-13 00:00:00-05:00,34.8371764546755,34.8371764546755,33.420352827102406,34.17043685913086,5100,0.0,0.0
2023-01-17 00:00:00-05:00,34.30379213457265,34.83718392539244,34.178777042670454,34.42047119140625,11600,0.0,0.0
2023-01-18 00:00:00-05:00,34.65382477222711,35.1538786700186,34.295451646412666,34.64548873901367,9900,0.0,0.0
2023-01-19 00:00:00-05:00,34.55381648212971,35.44558140994751,34.42046854467842,35.03720474243164,13800,0.0,0.0
2023-01-20 00:00:00-05:00,35.00305222021214,35.515290706107464,34.78961897496695,35.22502136230469,15100,1.0,0.0
2023-01-23 00:00:00-05:00,35.225023723315104,35.29332392960327,32.91994712555204,33.628543853759766,20200,0.0,0.0
2023-01-24 00:00:00-05:00,33.57731767177263,34.14931717115785,33.16752299979399,33.40657043457031,8000,0.0,0.0
2023-01-25 00:00:00-05:00,33.61146832040329,34.08955998736825,33.4663352692209,33.88466262817383,13500,0.0,0.0
2023-01-26 00:00:00-05:00,33.70537426957271,33.91027159712701,33.63707733154297,33.63707733154297,2700,0.0,0.0
2023-01-27 00:00:00-05:00,33.63707691642465,34.482270647415724,33.40656864704549,34.132240295410156,5500,0.0,0.0
2023-01-30 00:00:00-05:00,34.09809409396809,35.30185746709419,33.82489980054464,34.74693298339844,7200,0.0,0.0
2023-01-31 00:00:00-05:00,34.30299144394214,35.21648547325522,34.30299144394214,34.627410888671875,3800,0.0,0.0
2023-02-01 00:00:00-05:00,34.80669252524657,34.94328966604692,34.243228912353516,34.243228912353516,13200,0.0,0.0
2023-02-02 00:00:00-05:00,34.251766756441604,34.57618620556421,34.20054486118687,34.490814208984375,6500,0.0,0.0
2023-02-03 00:00:00-05:00,34.57618331568615,34.73839139832364,34.44812207478685,34.516422271728516,12900,0.0,0.0
2023-02-06 00:00:00-05:00,34.44812393206838,34.57618517987214,34.44812393206838,34.50788497924805,7100,0.0,0.0
2023-02-07 00:00:00-05:00,34.49081479136826,36.28365280368046,34.49081479136826,36.061683654785156,19000,0.0,0.0
2023-02-08 00:00:00-05:00,36.018994378551675,37.37642998941002,35.190875576670116,36.539772033691406,17700,0.0,0.0
2023-02-09 00:00:00-05:00,36.58245756637113,36.958102168822286,36.206816220652904,36.556846618652344,3800,0.0,0.0
2023-02-10 00:00:00-05:00,36.053143563803765,36.923951599264896,35.56651602291856,36.45439910888672,11200,0.0,0.0
2023-02-13 00:00:00-05:00,36.14705288196846,37.05201097259727,36.14705288196846,36.881263732910156,11400,0.0,0.0
2023-02-14 00:00:00-05:00,37.000785354952754,37.188607641902564,36.32633555793544,36.83857727050781,16700,0.0,0.0
2023-02-15 00:00:00-05:00,36.71051684641355,36.88126408774342,36.12997817993164,36.12997817993164,14400,0.0,0.0
2023-02-16 00:00:00-05:00,35.865317825057645,36.36902036813893,35.60066270941442,35.76287078857422,5600,0.0,0.0
2023-02-17 00:00:00-05:00,35.75433971672208,36.044609073200675,35.53236730820332,35.98484802246094,4200,0.0,0.0
2023-02-21 00:00:00-05:00,35.540903149074644,35.916544469669454,35.31039486482351,35.84824752807617,5400,0.0,0.0
2023-02-22 00:00:00-05:00,35.617741092076706,37.04347361042139,35.617741092076706,35.899471282958984,14100,0.0,0.0
2023-02-23 00:00:00-05:00,35.771413760370585,36.00191880288411,34.892066561749054,35.64335250854492,6300,0.0,0.0
2023-02-24 00:00:00-05:00,35.3274707321335,35.63481511824915,35.00305129604111,35.25917053222656,2800,0.0,0.0
2023-02-27 00:00:00-05:00,35.56651261167576,36.266573331655515,35.36161528197635,35.76287078857422,8600,0.0,0.0
2023-02-28 00:00:00-05:00,35.29331650007112,36.01898812709107,35.29331650007112,35.711647033691406,4100,0.0,0.0
2023-03-01 00:00:00-05:00,35.70310926655329,36.08728971912389,34.866451423584294,35.60066223144531,8700,0.0,0.0
2023-03-02 00:00:00-05:00,35.47260479873298,35.59212689529738,35.421382904052734,35.421382904052734,5800,0.0,0.0
2023-03-03 00:00:00-05:00,34.917678389803044,35.60066408734863,34.917678389803044,35.47260284423828,12700,0.0,0.0
2023-03-06 00:00:00-05:00,35.51528698824489,35.85678144758153,35.11403474376674,35.60066223144531,9600,0.0,0.0
2023-03-07 00:00:00-05:00,35.429922584304016,35.429922584304016,34.92621994018555,34.92621994018555,5600,0.0,0.0
2023-03-08 00:00:00-05:00,34.97744127755235,35.57505175893146,34.44812448442676,34.866455078125,8300,0.0,0.0
2023-03-09 00:00:00-05:00,34.985972260935895,34.985972260935895,34.27737567964545,34.405433654785156,10000,0.0,0.0
2023-03-10 00:00:00-05:00,34.294450468941754,35.62627502125576,32.63820974586101,35.173797607421875,20900,0.0,0.0
2023-03-13 00:00:00-04:00,34.764008349235695,34.764008349235695,32.851645021188205,33.14191436767578,15500,0.0,0.0
2023-03-14 00:00:00-04:00,33.380955639382215,36.66782931278213,32.65528396507362,32.868717193603516,11400,0.0,0.0
2023-03-15 00:00:00-04:00,32.4589244346606,32.4589244346606,30.734383629108297,30.947816848754883,12600,0.0,0.0
2023-03-16 00:00:00-04:00,30.375821171845754,32.27110618411177,30.375821171845754,31.01612091064453,36600,0.0,0.0
2023-03-17 00:00:00-04:00,30.819756375726147,30.819756375726147,29.48793513653543,30.059934616088867,18900,0.0,0.0
2023-03-20 00:00:00-04:00,30.89659687170725,30.89659687170725,29.10375882947989,29.197669982910156,18900,0.0,0.0
2023-03-21 00:00:00-04:00,29.317193492396274,30.649018242132918,29.197671384740392,30.427045822143555,13200,0.0,0.0
2023-03-22 00:00:00-04:00,30.077010927212108,30.35020520603672,29.03545570373535,29.03545570373535,10500,0.0,0.0
2023-03-23 00:00:00-04:00,29.428176792886934,29.470862790439018,28.514682766994355,28.813488006591797,11600,0.0,0.0
2023-03-24 00:00:00-04:00,28.51468325783414,29.402563095092773,28.17318875807342,29.402563095092773,19500,0.0,0.0
2023-03-27 00:00:00-04:00,29.72698202908365,30.307520714577567,28.668354960288525,29.172054290771484,19200,0.0,0.0
2023-03-28 00:00:00-04:00,28.68542769246773,28.864714098804537,28.446383492995935,28.600055694580078,6500,0.0,0.0
2023-03-29 00:00:00-04:00,28.67688988141138,28.813487022954597,28.3097844528766,28.540292739868164,10800,0.0,0.0
2023-03-30 00:00:00-04:00,28.55736863150592,28.55736863150592,27.635335456358696,27.77193260192871,12700,0.0,0.0
2023-03-31 00:00:00-04:00,27.77193251044915,27.77193251044915,26.42303610948008,26.85843849182129,30000,0.0,0.0
2023-04-03 00:00:00-04:00,27.063337316014866,27.678022874261693,26.67915680665247,27.24262046813965,46100,0.0,0.0
2023-04-04 00:00:00-04:00,27.302379371659352,27.934143188118504,27.131633758544922,27.131633758544922,52200,0.0,0.0
2023-04-05 00:00:00-04:00,27.25969431145984,27.28530525870487,26.773066773407013,27.037723541259766,20300,0.0,0.0
2023-04-06 00:00:00-04:00,26.85844041439434,27.327992930810147,26.730380785223353,27.285306930541992,5700,0.0,0.0
2023-04-10 00:00:00-04:00,27.310920232601433,27.310920232601433,26.89259123107755,27.02065086364746,17800,0.0,0.0
2023-04-11 00:00:00-04:00,27.012110270478424,27.319454656440627,26.75599103442085,27.182857513427734,19400,0.0,0.0
2023-04-12 00:00:00-04:00,27.148707967726022,27.76339675219916,27.148707967726022,27.66094970703125,19100,0.0,0.0
2023-04-13 00:00:00-04:00,27.490203338625644,27.91706983998091,27.199933987434747,27.678022384643555,15600,0.0,0.0
2023-04-14 00:00:00-04:00,27.669484678824087,28.045126003037176,27.558498483841664,27.87438201904297,12100,0.0,0.0
2023-04-17 00:00:00-04:00,27.754857086885778,28.079276523456972,27.72924614024927,27.78900718688965,12400,0.0,0.0
2023-04-18 00:00:00-04:00,27.68656060777855,27.712171554844428,27.345066115480233,27.65241050720215,12100,0.0,0.0
2023-04-19 00:00:00-04:00,27.52435251541822,27.806082703344263,27.3621411660451,27.592649459838867,16300,0.0,0.0
2023-04-20 00:00:00-04:00,27.57557394696464,27.874382436899324,27.498737850322325,27.78900718688965,9100,0.0,0.0
2023-04-21 00:00:00-04:00,27.660950590514343,28.070742041007442,27.53288933741458,27.678022384643555,10300,0.0,0.0
2023-04-24 00:00:00-04:00,27.678019632408525,27.831691818154265,26.627930162667347,26.790138244628906,20100,0.0,0.0
2023-04-25 00:00:00-04:00,26.73037877729947,27.05479821708731,25.63760162020294,25.825422286987305,10000,0.0,0.0
2023-04-26 00:00:00-04:00,26.030317906461658,26.21813857254265,25.099748844377537,25.150972366333008,18400,0.0,0.0
2023-04-27 00:00:00-04:00,25.501004070916185,26.44864654325285,25.270495782361433,26.329124450683594,11600,0.0,0.0
2023-04-28 00:00:00-04:00,26.32912581829753,26.585245066639935,25.75712464385746,25.79127311706543,12300,0.0,0.0
2023-05-01 00:00:00-04:00,25.791273592588585,26.18399162610295,25.501005865686437,25.59491539001465,9900,0.0,0.0
2023-05-02 00:00:00-04:00,24.65580740011925,24.65580740011925,23.682552337646484,23.682552337646484,19200,0.0,0.0
2023-05-03 00:00:00-04:00,23.82768824239639,24.30577827332919,23.119089907340708,24.254554748535156,20300,0.0,0.0
2023-05-04 00:00:00-04:00,23.921598829494744,24.638734673129402,22.564163241783888,23.050790786743164,21500,0.0,0.0
2023-05-05 00:00:00-04:00,23.22153876654225,23.460582969691167,22.547088899962922,23.392284393310547,11000,0.0,0.0
2023-05-08 00:00:00-04:00,23.36667200377701,23.69962733955198,23.24714828120757,23.255685806274414,8400,0.0,0.0
2023-05-09 00:00:00-04:00,23.24714787478661,23.92159768797866,23.24714787478661,23.819149017333984,13700,0.0,0.0
2023-05-10 00:00:00-04:00,23.605716010645505,23.955746393862295,23.605716010645505,23.870372772216797,3300,0.0,0.0
2023-05-11 00:00:00-04:00,23.571567538293035,23.819149249854448,23.40082029500721,23.810611724853516,7400,0.0,0.0
2023-05-12 00:00:00-04:00,23.614254964319727,24.194793672592297,23.614254964319727,23.827688217163086,4600,0.0,0.0
2023-05-15 00:00:00-04:00,23.708163529651387,24.64727006536166,23.708163529651387,23.91305923461914,8800,0.0,0.0
2023-05-16 00:00:00-04:00,23.989897742611962,24.203330993652344,23.904524116522516,24.203330993652344,6000,0.0,0.0
2023-05-17 00:00:00-04:00,24.493599676376643,24.954614639282227,24.467987100739386,24.954614639282227,9700,0.0,0.0
2023-05-18 00:00:00-04:00,24.98876346285847,25.18512164760817,24.211866620269355,24.442373275756836,17600,0.0,0.0
2023-05-19 00:00:00-04:00,24.871647276439045,24.871647276439045,23.916730055260253,23.969295501708984,11000,0.73,0.0
2023-05-22 00:00:00-04:00,24.126991024923527,24.126991024923527,23.662672891851503,23.82036590576172,9700,0.0,0.0
2023-05-23 00:00:00-04:00,23.723998110270735,24.249640944696615,23.715237201416844,23.741519927978516,10800,0.0,0.0
2023-05-24 00:00:00-04:00,23.636390760582348,24.100708905336912,23.56630516052246,23.56630516052246,4600,0.0,0.0
2023-05-25 00:00:00-04:00,23.759039653682173,23.907971749139694,23.373568052914635,23.46993637084961,6900,0.0,0.0
2023-05-26 00:00:00-04:00,23.881692280058576,24.091949089779945,23.303485635581662,23.408613204956055,6900,0.0,0.0
2023-05-30 00:00:00-04:00,23.627626832416002,24.065662194558495,23.303481600175047,23.31224250793457,8800,0.0,0.0
2023-05-31 00:00:00-04:00,23.452415117031833,23.80284309387207,23.30348301800318,23.80284309387207,5700,0.0,0.0
2023-06-01 00:00:00-04:00,24.757762286204112,24.757762286204112,23.30348481683021,23.978059768676758,23400,0.0,0.0
2023-06-02 00:00:00-04:00,24.162029534307116,25.449852845508552,24.162029534307116,25.125707626342773,10500,0.0,0.0
2023-06-05 00:00:00-04:00,25.14323305613435,25.14323305613435,24.20583588057017,24.232118606567383,8600,0.0,0.0
2023-06-06 00:00:00-04:00,24.92421385597141,25.51994057072214,24.22335624354384,25.50242042541504,13400,0.0,0.0
2023-06-07 00:00:00-04:00,25.406052443931635,26.763961475132128,25.406052443931635,26.632551193237305,11700,0.0,0.0
2023-06-08 00:00:00-04:00,26.36973160450256,27.06182667259168,26.282124189675816,26.544944763183594,16900,0.0,0.0
2023-06-09 00:00:00-04:00,27.096872492190272,27.096872492190272,26.33469009399414,26.33469009399414,9100,0.0,0.0
2023-06-12 00:00:00-04:00,26.43981733476394,26.947938338140315,25.852849824745334,26.0981502532959,10200,0.0,0.0
2023-06-13 00:00:00-04:00,26.089389190489978,26.623791245607265,26.019303592885787,26.13319206237793,10500,0.0,0.0
2023-06-14 00:00:00-04:00,26.947938078359652,27.105631090123946,26.045584550470878,26.895374298095703,22100,0.0,0.0
2023-06-15 00:00:00-04:00,27.342168388774013,27.394733838956828,26.527423962609298,26.869091033935547,13700,0.0,0.0
2023-06-16 00:00:00-04:00,26.912894118071563,27.044306073597657,26.299645566496974,26.65883445739746,16700,0.0,0.0
2023-06-20 00:00:00-04:00,26.737681474645296,27.67507697232131,25.055625455600143,27.57870864868164,23300,0.0,0.0
2023-06-21 00:00:00-04:00,27.42977417804292,29.611190102353095,27.42977417804292,29.523584365844727,27400,0.0,0.0
2023-06-22 00:00:00-04:00,29.103070606181358,29.751361072356488,27.79772375313178,29.146873474121094,44100,0.0,0.0
2023-06-23 00:00:00-04:00,28.85776910876643,29.155633295450734,27.053063843716856,27.824007034301758,646600,0.0,0.0
2023-06-26 00:00:00-04:00,27.73639937860963,28.454777115046717,27.66631378654192,28.2094783782959,28200,0.0,0.0
2023-06-27 00:00:00-04:00,28.17443526121655,28.27956281575149,26.24707893770424,26.26460075378418,31400,0.0,0.0
2023-06-28 00:00:00-04:00,25.861611089483937,26.308407409618173,25.56374687606111,25.642593383789062,16300,0.0,0.0
2023-06-29 00:00:00-04:00,26.562465629602737,26.562465629602737,25.721438487702468,26.150712966918945,9300,0.0,0.0
2023-06-30 00:00:00-04:00,26.08938783297835,26.15947342693577,25.406052038664225,25.572505950927734,8600,0.0,0.0
2023-07-03 00:00:00-04:00,25.64259360602357,26.06310720356876,25.274643790428406,25.432336807250977,8700,0.0,0.0
2023-07-05 00:00:00-04:00,25.519939488267493,25.90541107520386,25.309682714749194,25.449853897094727,31300,0.0,0.0
2023-07-06 00:00:00-04:00,25.362251891439648,25.695158080728454,24.11823121193298,25.625072479248047,16100,0.0,0.0
2023-07-07 00:00:00-04:00,25.826566767774175,26.3084067100742,25.502421507709418,25.756481170654297,32800,0.0,0.0
2023-07-10 00:00:00-04:00,25.668873972364253,26.220799516425366,25.414814307282953,25.54622459411621,17000,0.0,0.0
2023-07-11 00:00:00-04:00,25.774004590263868,25.85285110079783,25.10819054073958,25.213319778442383,12300,0.0,0.0
2023-07-12 00:00:00-04:00,25.53746319856333,25.738959079263545,24.994300244417328,25.143232345581055,9300,0.0,0.0
2023-07-13 00:00:00-04:00,25.187035305965527,25.379770278930664,25.187035305965527,25.379770278930664,4800,0.0,0.0
2023-07-14 00:00:00-04:00,25.335967035399452,25.633831234406106,25.318445218758498,25.423574447631836,6500,0.0,0.0
2023-07-17 00:00:00-04:00,25.9141738505884,26.46609771197917,25.9141738505884,26.317167282104492,13700,0.0,0.0
2023-07-18 00:00:00-04:00,26.308405660064768,27.569946357872457,26.308405660064768,27.499860763549805,14100,0.0,0.0
2023-07-19 00:00:00-04:00,27.797725467202536,28.034264978996195,27.079347694471345,28.00798225402832,10800,0.0,0.0
2023-07-20 00:00:00-04:00,27.859049512101436,28.35840957816974,26.52742322624341,28.332128524780273,11300,0.0,0.0
2023-07-21 00:00:00-04:00,28.332129944198655,28.332129944198655,26.55370560995354,26.72015953063965,25700,0.0,0.0
2023-07-24 00:00:00-04:00,26.15071295314394,26.43981624189142,25.493659872265813,26.045583724975586,20300,0.0,0.0
2023-07-25 00:00:00-04:00,26.299643671723487,26.571225129697808,26.03682145057891,26.07186508178711,11100,0.0,0.0
2023-07-26 00:00:00-04:00,26.159474272857864,26.816527364070524,26.10690882246071,26.317167282104492,29700,0.0,0.0
2023-07-27 00:00:00-04:00,26.632552619355998,26.632552619355998,25.87913284969448,26.124431610107422,14100,0.0,0.0
2023-07-28 00:00:00-04:00,26.431056731596087,26.676357162981514,26.106909792657216,26.124431610107422,8200,0.0,0.0
2023-07-31 00:00:00-04:00,26.12443031188255,26.904132768972918,26.071866533116513,26.08062744140625,12900,0.0,0.0
2023-08-01 00:00:00-04:00,26.133191277062064,26.29088428467585,25.852848895069734,25.905412673950195,15200,0.0,0.0
2023-08-02 00:00:00-04:00,25.940459367573933,26.83405039785495,25.668876190877324,25.677637100219727,55700,0.0,0.0
2023-08-03 00:00:00-04:00,25.53746364725608,26.27336325758631,25.239599439695155,26.13319206237793,38700,0.0,0.0
2023-08-04 00:00:00-04:00,26.282124773526466,26.282124773526466,25.931696777407275,25.98426055908203,6800,0.0,0.0
2023-08-07 00:00:00-04:00,26.185753389658778,26.264599888448416,25.949215564262165,26.10690689086914,9000,0.0,0.0
2023-08-08 00:00:00-04:00,26.124429229307243,26.194514821748463,25.800283990881216,26.028060913085938,6000,0.0,0.0
2023-08-09 00:00:00-04:00,26.194515855521736,26.194515855521736,25.25712039301122,25.563745498657227,17700,0.0,0.0
2023-08-10 00:00:00-04:00,25.668873458392483,25.668873458392483,24.932973861694336,24.932973861694336,16400,0.0,0.0
2023-08-11 00:00:00-04:00,25.230837157161616,25.248358973351614,24.76652072493317,25.05562400817871,14800,0.0,0.0
2023-08-14 00:00:00-04:00,24.77528175363174,25.36224923107512,24.7489990292188,24.81032371520996,11300,0.0,0.0
2023-08-15 00:00:00-04:00,24.81908776361826,25.406055315328544,24.100709915161133,24.100709915161133,9200,0.0,0.0
2023-08-16 00:00:00-04:00,24.23211552516072,24.4861768312427,24.01309784928546,24.048141479492188,13200,0.0,0.0
2023-08-17 00:00:00-04:00,24.13574904349076,24.188314492787345,23.92549225922156,24.013099670410156,10600,0.0,0.0
2023-08-18 00:00:00-04:00,23.951775942044687,24.275921204145607,23.43489403342408,23.51374053955078,13300,0.0,0.0
2023-08-21 00:00:00-04:00,23.21587692874104,23.715237033060248,23.21587692874104,23.364809036254883,7600,0.0,0.0
2023-08-22 00:00:00-04:00,23.434892940063126,23.54002216698471,22.418650987368085,22.567583084106445,18300,0.0,0.0
2023-08-23 00:00:00-04:00,22.3573261503146,22.777839713217556,22.3573261503146,22.602624893188477,16300,0.0,0.0
2023-08-24 00:00:00-04:00,22.558821993040613,22.85668618410224,22.17335039208339,22.296001434326172,19100,0.0,0.0
2023-08-25 00:00:00-04:00,22.129547877209458,23.084465151330445,22.050701374137272,22.83916473388672,19800,0.0,0.0
2023-08-28 00:00:00-04:00,22.786601743788843,23.478696807954492,22.751558109667826,23.172073364257812,12200,0.0,0.0
2023-08-29 00:00:00-04:00,23.031902696333113,23.101988295205178,22.54130183325616,23.09322738647461,12600,0.0,0.0
2023-08-30 00:00:00-04:00,23.732759475708008,24.039384607603164,23.224638449214407,23.732759475708008,28700,0.0,0.0
2023-08-31 00:00:00-04:00,23.88168873164081,23.88168873164081,22.9442933009662,23.058181762695312,6700,0.0,0.0
2023-09-01 00:00:00-04:00,23.172072437682434,23.364807404723855,22.95305474610121,23.08446502685547,13900,0.0,0.0
2023-09-05 00:00:00-04:00,23.207115327406385,23.207115327406385,22.944294755388533,23.172073364257812,6700,0.0,0.0
2023-09-06 00:00:00-04:00,22.900490052300132,22.953055503113394,22.1032657623291,22.1032657623291,10200,0.0,0.0
2023-09-07 00:00:00-04:00,22.217154730961923,22.60262465744978,21.89300781858059,21.91929054260254,46400,0.0,0.0
2023-09-08 00:00:00-04:00,22.138308731730504,22.795361808423138,22.00689845058645,22.322282791137695,9700,0.0,0.0
2023-09-11 00:00:00-04:00,21.998138355979975,22.401130122522662,21.998138355979975,22.06822395324707,6200,0.0,0.0
2023-09-12 00:00:00-04:00,22.2346762381251,22.585105895996094,22.182112457833433,22.585105895996094,12500,0.0,0.0
2023-09-13 00:00:00-04:00,22.339806140765912,22.52378021279954,22.304762505537127,22.3660888671875,6500,0.0,0.0
2023-09-14 00:00:00-04:00,22.81288512180897,22.81288512180897,22.41865258153503,22.7427978515625,6400,0.0,0.0
2023-09-15 00:00:00-04:00,22.900489444312907,24.03062154220754,22.593866010904954,23.8378849029541,51300,0.0,0.0
2023-09-18 00:00:00-04:00,23.960537705217142,23.960537705217142,23.08446686898231,23.56630516052246,17600,0.0,0.0
2023-09-19 00:00:00-04:00,23.531263028763796,23.531263028763796,22.839166270989566,23.189594268798828,6800,0.0,0.0
2023-09-20 00:00:00-04:00,23.47869554383518,23.47869554383518,22.944293520042027,22.953054428100586,6100,0.0,0.0
2023-09-21 00:00:00-04:00,23.075705469347174,23.189593940407704,22.401130538759283,22.64643096923828,5600,0.0,0.0
2023-09-22 00:00:00-04:00,22.926774125995998,23.250921074517304,22.182113572073423,22.252199172973633,5400,0.0,0.0
2023-09-25 00:00:00-04:00,22.25219755957801,22.541300851201513,22.015658047075398,22.076984405517578,8100,0.0,0.0
2023-09-26 00:00:00-04:00,21.989376066724077,21.989376066724077,21.122066228387997,21.402408599853516,35300,0.0,0.0
2023-09-27 00:00:00-04:00,21.53382247747879,21.875489590948344,21.244719149703176,21.507539749145508,21800,0.0,0.0
2023-09-28 00:00:00-04:00,21.5075376118397,21.59514502660539,21.122067660426605,21.411170959472656,12500,0.0,0.0
2023-09-29 00:00:00-04:00,21.67399111525827,22.269719519021578,21.542580831127523,21.936813354492188,26800,0.0,0.0
2023-10-02 00:00:00-04:00,21.91052947921825,21.91052947921825,21.24471551413487,21.36736488342285,15000,0.0,0.0
2023-10-03 00:00:00-04:00,21.3936491817794,21.3936491817794,20.64898866135643,20.824203491210938,15500,0.0,0.0
2023-10-04 00:00:00-04:00,21.15710951697015,21.21843420570489,20.771637896530063,20.964374542236328,18900,0.0,0.0
2023-10-05 00:00:00-04:00,20.999415455492883,21.18339118347148,20.850483359880634,21.122066497802734,17200,0.0,0.0
2023-10-06 00:00:00-04:00,20.93808956913188,21.314800240605866,20.815440204827706,21.209671020507812,14000,0.0,0.0
2023-10-09 00:00:00-04:00,21.19215423151936,21.454974816916796,20.93809288412565,21.218435287475586,12100,0.0,0.0
2023-10-10 00:00:00-04:00,21.306040736890807,21.63894856332669,21.25347695886444,21.393648147583008,13300,0.0,0.0
2023-10-11 00:00:00-04:00,21.525059418854184,21.525059418854184,21.034460235758726,21.306041717529297,14900,0.0,0.0
2023-10-12 00:00:00-04:00,21.165870793863466,21.85796754099472,20.394929210538525,20.61394691467285,20300,0.0,0.0
2023-10-13 00:00:00-04:00,20.631466347516874,20.70155194357702,20.210952771155995,20.316082000732422,18000,0.0,0.0
2023-10-16 00:00:00-04:00,20.403688413265268,20.806680153111444,20.272276464994064,20.298559188842773,17400,0.0,0.0
2023-10-17 00:00:00-04:00,20.35112564083841,20.70155365002525,20.167151562630032,20.42121124267578,19200,0.0,0.0
2023-10-18 00:00:00-04:00,20.368645639543786,20.6402271135321,20.27227731901112,20.456253051757812,15300,0.0,0.0
2023-10-19 00:00:00-04:00,20.44749126429948,20.473773988125384,20.158387986103875,20.193429946899414,13100,0.0,0.0
2023-10-20 00:00:00-04:00,20.29855953029512,20.386166940292163,19.85176324318531,19.948131561279297,21200,0.0,0.0
2023-10-23 00:00:00-04:00,20.0532614126834,20.070783230883606,19.51885932535755,19.904329299926758,21900,0.0,0.0
2023-10-24 00:00:00-04:00,20.526338368755006,20.526338368755006,19.545138373024926,20.044498443603516,6000,0.0,0.0
2023-10-25 00:00:00-04:00,20.210951524533574,20.394927247201498,19.606462251442277,20.097063064575195,12200,0.0,0.0
2023-10-26 00:00:00-04:00,20.1496283125858,20.42120979153533,20.1496283125858,20.41244888305664,3800,0.0,0.0
2023-10-27 00:00:00-04:00,20.14086735641286,21.200913886209552,20.08830357663765,20.692792892456055,21600,0.0,0.0
2023-10-30 00:00:00-04:00,20.964372880784556,20.964372880784556,20.473773738814753,20.578901290893555,8100,0.0,0.0
2023-10-31 00:00:00-04:00,20.54385887592922,20.938089693959636,19.96565233937346,20.587661743164062,7900,0.0,0.0
2023-11-01 00:00:00-04:00,20.675272671234435,20.797922057166673,20.351125717163086,20.351125717163086,11800,0.0,0.0
2023-11-02 00:00:00-04:00,20.263517199037498,21.314802844560877,20.263517199037498,21.09578514099121,8800,0.0,0.0
2023-11-03 00:00:00-04:00,21.376126523138993,21.805401001314657,21.095784143185284,21.77035903930664,18600,0.0,0.0
2023-11-06 00:00:00-05:00,21.490018537414763,21.989378654219077,21.095785986794233,21.665231704711914,12900,0.0,0.0
2023-11-07 00:00:00-05:00,21.507536736454014,21.840444564819336,21.46373386634023,21.840444564819336,6700,0.0,0.0
2023-11-08 00:00:00-05:00,22.12954570483108,22.234673251292406,21.428688154209286,21.94556999206543,7900,0.0,0.0
2023-11-09 00:00:00-05:00,22.847927454825737,22.847927454825737,21.70903603049373,21.98061752319336,8700,0.0,0.0
2023-11-10 00:00:00-05:00,21.70903425547467,22.33980460754954,21.70903425547467,22.322282791137695,7200,0.0,0.0
2023-11-13 00:00:00-05:00,22.2960031132564,22.92677350425265,22.2960031132564,22.40113067626953,7100,0.0,0.0
2023-11-14 00:00:00-05:00,22.944293114632988,24.442373275756836,22.602624390275714,24.442373275756836,17600,0.0,0.0
2023-11-15 00:00:00-05:00,24.512457882925485,24.512457882925485,23.9079703006098,24.048141479492188,18400,0.0,0.0
2023-11-16 00:00:00-05:00,23.90797120652475,24.048142390718468,23.478695075087632,24.030620574951172,8300,0.0,0.0
2023-11-17 00:00:00-05:00,24.697886085125898,24.84215983806783,23.49860943887184,24.73395538330078,15400,0.78,0.0
2023-11-20 00:00:00-05:00,24.4183584679664,24.607718863511735,24.12079360629142,24.42737579345703,10400,0.0,0.0
2023-11-21 00:00:00-05:00,23.85929361014977,24.887246240615507,23.85929361014977,24.012584686279297,13700,0.0,0.0
2023-11-22 00:00:00-05:00,23.98553500621617,24.192928314208984,23.98553500621617,24.192928314208984,6200,0.0,0.0
2023-11-24 00:00:00-05:00,24.346220929487483,24.616733807419102,23.895364986348824,24.156862258911133,5000,0.0,0.0
2023-11-27 00:00:00-05:00,23.57976366250607,24.238012875919928,23.57976366250607,23.98553466796875,9800,0.0,0.0
2023-11-28 00:00:00-05:00,23.85027924078067,24.09374013440104,22.705104772732124,23.45352554321289,21600,0.0,0.0
2023-11-29 00:00:00-05:00,23.83224305236181,23.904379927273602,23.47155867780285,23.633865356445312,5900,0.0,0.0
2023-11-30 00:00:00-05:00,23.36335450622504,24.409340141958765,23.36335450622504,24.38228988647461,8700,0.0,0.0
2023-12-01 00:00:00-05:00,24.43639280550972,25.924217094800753,24.012587112280876,24.91429901123047,18000,0.0,0.0
2023-12-04 00:00:00-05:00,24.914298673463815,25.500412775738184,24.4904947058595,24.995452880859375,11500,0.0,0.0
2023-12-05 00:00:00-05:00,24.61673445894715,24.959385947933647,23.769126501725772,24.5716495513916,9400,0.0,0.0
2023-12-06 00:00:00-05:00,24.571647928971593,25.013486529382316,24.42737417046519,24.661819458007812,52100,0.0,0.0
2023-12-07 00:00:00-05:00,24.328185899564637,25.680753707885742,24.328185899564637,25.680753707885742,14300,0.0,0.0
2023-12-08 00:00:00-05:00,25.26596733855323,26.57344853511925,25.26596733855323,26.059473037719727,11700,0.0,0.0
2023-12-11 00:00:00-05:00,25.95126795408944,26.943149624344304,25.90618132915493,26.33900260925293,20200,0.0,0.0
2023-12-12 00:00:00-05:00,26.573447463672434,26.753790520696448,26.203745744664175,26.474260330200195,15600,0.0,0.0
2023-12-13 00:00:00-05:00,26.474261787301646,28.17849671847367,26.46524446196626,27.736658096313477,42200,0.0,0.0
2023-12-14 00:00:00-05:00,28.34080348379922,29.269565580813858,27.312852533752395,28.98101806640625,30700,0.0,0.0
2023-12-15 00:00:00-05:00,29.305636841869415,33.36334040458979,28.94495070483554,32.930519104003906,113000,0.0,0.0
2023-12-18 00:00:00-05:00,32.894447902433534,32.903466947205324,31.199228659899386,31.63205337524414,40400,0.0,0.0
2023-12-19 00:00:00-05:00,31.604998770692436,32.398506139633604,31.172177507567515,31.38858985900879,17400,0.0,0.0
2023-12-20 00:00:00-05:00,31.127097576251852,32.04684419721375,30.48688290393543,30.658206939697266,23900,0.0,0.0
2023-12-21 00:00:00-05:00,29.98192055722704,31.217264892242223,29.98192055722704,30.333587646484375,14300,0.0,0.0
2023-12-22 00:00:00-05:00,31.28038238269062,31.28038238269062,30.189311885620352,30.3876895904541,19800,0.0,0.0
2023-12-26 00:00:00-05:00,30.02700490058018,30.613118998181385,30.02700490058018,30.297517776489258,41100,0.0,0.0
2023-12-27 00:00:00-05:00,30.387691266569675,30.459826428824055,29.630253144230423,30.27046775817871,21700,0.0,0.0
2023-12-28 00:00:00-05:00,30.360634976247045,30.360634976247045,29.99995231628418,29.99995231628418,6000,0.0,0.0
2023-12-29 00:00:00-05:00,30.207347761733644,30.207347761733644,29.170377731323242,29.170377731323242,5800,0.0,0.0
2024-01-02 00:00:00-05:00,28.782643411072794,30.324571627317567,28.782643411072794,29.89175033569336,18400,0.0,0.0
2024-01-03 00:00:00-05:00,29.900764701581362,30.207346867076325,29.23349642147195,29.440893173217773,15400,0.0,0.0
2024-01-04 00:00:00-05:00,29.440894174279823,29.72944169987961,29.170377859241917,29.485979080200195,17600,0.0,0.0
2024-01-05 00:00:00-05:00,29.3146489395728,30.027002083106673,29.3146489395728,29.765504837036133,36500,0.0,0.0
2024-01-08 00:00:00-05:00,30.008971532253117,30.153245301552104,29.422860849370107,29.59418487548828,16700,0.0,0.0
2024-01-09 00:00:00-05:00,29.485977696365453,29.747474954092002,28.854778723830133,29.008068084716797,16700,0.0,0.0
2024-01-10 00:00:00-05:00,28.746573694922404,29.116277144374873,28.250632853751693,28.35883903503418,8900,0.0,0.0
2024-01-11 00:00:00-05:00,28.674438045180164,28.87281576606903,28.313753625217196,28.665422439575195,11200,0.0,0.0
2024-01-12 00:00:00-05:00,28.71952213814776,29.080206526280904,28.45802488182696,28.512128829956055,17700,0.0,0.0
2024-01-16 00:00:00-05:00,28.476061479152524,28.764609009397578,28.223581530248623,28.629352569580078,14000,0.0,0.0
2024-01-17 00:00:00-05:00,28.629353310322347,29.50401496887207,28.539181774817976,29.50401496887207,23600,0.0,0.0
2024-01-18 00:00:00-05:00,29.504012254426417,30.081107276753777,29.215464743262736,29.494993209838867,12500,0.0,0.0
2024-01-19 00:00:00-05:00,29.485979090027005,30.072089746702858,28.782643206233935,29.197431564331055,61200,0.0,0.0
2024-01-22 00:00:00-05:00,29.017090069797398,29.386791822070123,29.017090069797398,29.134313583374023,27100,0.0,0.0
2024-01-23 00:00:00-05:00,29.404824888413035,29.404824888413035,28.764608560772817,29.053157806396484,10300,0.0,0.0
2024-01-24 00:00:00-05:00,29.06217289564962,29.06217289564962,28.485077854407105,28.701488494873047,6100,0.0,0.0
2024-01-25 00:00:00-05:00,29.062173908488436,29.296620927012473,28.57525038044013,28.74657440185547,6300,0.0,0.0
2024-01-26 00:00:00-05:00,29.008069913117506,29.008069913117506,28.205548599517517,28.629352569580078,14500,0.0,0.0
2024-01-29 00:00:00-05:00,28.43999488026559,31.11807695285124,28.43097755464906,30.432777404785156,32000,0.0,0.0
2024-01-30 00:00:00-05:00,30.450808571009908,30.486877869347992,30.08110686243859,30.351619720458984,5200,0.0,0.0
2024-01-31 00:00:00-05:00,30.153244159897955,30.51393028936821,29.089223861694336,29.089223861694336,7900,0.0,0.0
2024-02-01 00:00:00-05:00,27.989137085084515,28.232597981265105,27.141527451328667,27.664520263671875,13500,0.0,0.0
2024-02-02 00:00:00-05:00,27.592383989097982,28.638369636747594,27.592383989097982,27.962085723876953,8500,0.0,0.0
2024-02-05 00:00:00-05:00,27.980120610458908,29.864696881274444,25.35613914396639,26.14964485168457,28900,0.0,0.0
2024-02-06 00:00:00-05:00,25.843062279032022,26.99725410172216,25.69878851618062,26.546398162841797,11200,0.0,0.0
2024-02-07 00:00:00-05:00,26.55541650858785,27.43007644447444,25.69878950384154,26.302936553955078,9700,0.0,0.0
2024-02-08 00:00:00-05:00,26.149643846471147,26.39310646057129,26.05045499186467,26.39310646057129,6300,0.0,0.0
2024-02-09 00:00:00-05:00,27.06939192023759,27.06939192023759,26.58246666384851,27.05135726928711,4600,0.0,0.0
2024-02-12 00:00:00-05:00,26.834945557412148,29.927815838319425,26.834945557412148,29.314651489257812,32100,0.0,0.0
2024-02-13 00:00:00-05:00,28.51212905284508,28.51212905284508,26.49229302375207,26.501310348510742,13700,0.0,0.0
2024-02-14 00:00:00-05:00,26.654602258386554,28.070289611816406,26.654602258386554,28.070289611816406,6000,0.0,0.0
2024-02-15 00:00:00-05:00,28.99905231104841,30.65820221560063,27.72763876852116,30.41473960876465,7000,0.0,0.0
2024-02-16 00:00:00-05:00,29.720422654840835,30.02700483076034,28.557215227281826,29.485979080200195,10400,0.0,0.0
2024-02-20 00:00:00-05:00,29.215465816537243,29.215465816537243,27.16857774931212,27.926015853881836,30400,0.0,0.0
2024-02-21 00:00:00-05:00,27.628451625687145,28.28670260931326,27.628451625687145,27.790760040283203,5100,0.0,0.0
2024-02-22 00:00:00-05:00,27.547296468889346,28.340803864035262,27.547296468889346,28.295717239379883,6800,0.0,0.0
2024-02-23 00:00:00-05:00,28.953970089091026,28.953970089091026,28.1514453166624,28.467044830322266,4700,0.0,0.0
2024-02-26 00:00:00-05:00,28.0522576307745,28.66542199514449,27.98913807324446,28.142427444458008,5000,0.0,0.0
2024-02-27 00:00:00-05:00,28.178497975378598,28.223582884187593,27.72764200777254,27.75469398498535,6200,0.0,0.0
2024-02-28 00:00:00-05:00,27.50221161918107,28.403923475547664,27.50221161918107,27.54729652404785,4400,0.0,0.0
2024-02-29 00:00:00-05:00,28.196531295776367,28.196531295776367,27.709606048206236,28.196531295776367,5700,0.0,0.0
2024-03-01 00:00:00-05:00,27.86289686629467,27.962085723876953,27.502212456739443,27.962085723876953,7200,0.0,0.0
2024-03-04 00:00:00-05:00,27.754691570073238,30.468844465291053,27.53828093083752,30.22538185119629,29700,0.0,0.0
2024-03-05 00:00:00-05:00,30.16226154103768,30.874614715576172,29.02610270371543,30.874614715576172,11100,0.0,0.0
2024-03-06 00:00:00-05:00,30.874615937299538,30.874615937299538,29.927815722146434,29.945850372314453,5800,0.0,0.0
2024-03-07 00:00:00-05:00,29.93683456683555,30.198331832885742,29.90076526674081,30.198331832885742,6800,0.0,0.0
2024-03-08 00:00:00-05:00,30.775430458775457,30.874619325706377,30.43277894749361,30.658206939697266,4700,0.0,0.0
2024-03-11 00:00:00-04:00,30.42376262125687,30.865599549254455,29.78354452433437,29.927818298339844,25600,0.0,0.0
2024-03-12 00:00:00-04:00,29.729441019470347,30.243416502666623,29.53106331025152,30.08110809326172,7100,0.0,0.0
2024-03-13 00:00:00-04:00,30.2343994440858,30.631154888588338,30.225383838418914,30.459827423095703,7600,0.0,0.0
2024-03-14 00:00:00-04:00,30.649186840290014,30.649186840290014,29.61221685227114,29.66632080078125,7900,0.0,0.0
2024-03-15 00:00:00-04:00,29.035125527991568,30.270469938488322,28.83674779792708,29.954872131347656,38300,0.0,0.0
2024-03-18 00:00:00-04:00,29.125294440036093,30.342607600571498,29.125294440036093,30.288503646850586,6700,0.0,0.0
2024-03-19 00:00:00-04:00,29.86469861832431,30.126195907592773,29.621235980704512,30.126195907592773,9900,0.0,0.0
2024-03-20 00:00:00-04:00,29.59418538716012,30.207349777221683,29.314653449416216,30.20734977722168,11000,0.0,0.0
2024-03-21 00:00:00-04:00,30.234398340012234,30.76640848863844,30.135209482508692,30.75739288330078,9900,0.0,0.0
2024-03-22 00:00:00-04:00,30.351621978383825,30.44179179117935,29.98192024230957,29.98192024230957,6800,0.0,0.0
2024-03-25 00:00:00-04:00,29.81961126455011,30.16226273826886,29.756491708833213,29.801576614379883,7300,0.0,0.0
2024-03-26 00:00:00-04:00,30.486880489966346,30.486880489966346,29.666322800907604,29.756492614746094,6200,0.0,0.0
2024-03-27 00:00:00-04:00,29.747476419369196,30.36965637793586,29.54909870514888,30.297517776489258,9800,0.0,0.0
2024-03-28 00:00:00-04:00,29.945852830864244,30.126195907592773,29.522050556274003,30.126195907592773,9100,0.0,0.0
2024-04-01 00:00:00-04:00,29.972903073792835,31.55991439863059,29.38678900191519,31.199228286743164,30600,0.0,0.0
2024-04-02 00:00:00-04:00,30.793462672678288,30.793462672678288,28.8096958104103,29.756492614746094,9200,0.0,0.0
2024-04-03 00:00:00-04:00,29.65730471206709,30.06307576694155,29.044140326869687,29.134313583374023,10500,0.0,0.0
2024-04-04 00:00:00-04:00,29.873716620590262,29.873716620590262,28.872815847476847,28.899866104125977,5500,0.0,0.0
2024-04-05 00:00:00-04:00,28.6834526434206,28.854778371567853,28.22357940673828,28.22357940673828,5500,0.0,0.0
2024-04-08 00:00:00-04:00,27.817812589709117,28.917900493722694,27.817812589709117,28.521146774291992,4500,0.0,0.0
2024-04-09 00:00:00-04:00,28.42195773212495,28.42195773212495,28.08832359313965,28.08832359313965,3900,0.0,0.0
2024-04-10 00:00:00-04:00,27.123493805494615,27.330887129129472,26.420157906353285,27.276784896850586,10900,0.0,0.0
2024-04-11 00:00:00-04:00,26.871011932774753,27.8448606435227,26.55541416715922,27.592382431030273,6500,0.0,0.0
2024-04-12 00:00:00-04:00,27.08742510642545,27.213664216494422,26.158661271246743,26.19472885131836,7900,0.0,0.0
2024-04-15 00:00:00-04:00,26.348019998323068,26.429174203523683,25.23891482041981,25.446308135986328,15900,0.0,0.0
2024-04-16 00:00:00-04:00,25.076607311515783,25.518445933559295,24.851179337827524,25.25695037841797,9200,0.0,0.0
2024-04-17 00:00:00-04:00,25.2479326881479,26.248833427217875,24.81511139769345,26.059473037719727,10800,0.0,0.0
2024-04-18 00:00:00-04:00,25.969301197148038,25.969301197148038,24.887247983862895,25.13071060180664,11000,0.0,0.0
2024-04-19 00:00:00-04:00,24.815109848560173,25.861095428466797,24.815109848560173,25.861095428466797,12900,0.0,0.0
2024-04-22 00:00:00-04:00,25.617633659587813,27.14152717590332,25.51844480518963,27.14152717590332,5400,0.0,0.0
2024-04-23 00:00:00-04:00,26.645585285309725,27.195630080804293,26.402124385555418,26.979219436645508,3900,0.0,0.0
2024-04-24 00:00:00-04:00,26.654603029323408,26.654603029323408,25.671736930066327,26.14964485168457,7200,0.0,0.0
2024-04-25 00:00:00-04:00,25.464340860369358,25.870111855687707,25.157758712768555,25.157758712768555,10000,0.0,0.0
2024-04-26 00:00:00-04:00,25.69878714403447,25.69878714403447,24.057671889315337,24.481475830078125,11000,0.0,0.0
2024-04-29 00:00:00-04:00,24.16587695717795,24.490493774414062,23.9043814143102,24.490493774414062,7000,0.0,0.0
2024-04-30 00:00:00-04:00,24.021605144109635,24.48147843248386,24.021605144109635,24.174896240234375,5500,0.0,0.0
2024-05-01 00:00:00-04:00,23.895364309731015,25.32908630590519,23.895364309731015,25.184812545776367,26100,0.0,0.0
2024-05-02 00:00:00-04:00,25.10365873480997,25.10365873480997,24.616733496822018,24.78805923461914,12400,0.0,0.0
2024-05-03 00:00:00-04:00,25.78896095310976,25.78896095310976,24.481477996513267,24.860197067260742,12700,0.0,0.0
2024-05-06 00:00:00-04:00,24.63476690708736,25.4463072096724,24.228997615734254,24.337202072143555,74000,0.0,0.0
2024-05-07 00:00:00-04:00,24.4904964402801,25.779944804796344,24.355239991668263,25.338106155395508,69400,0.0,0.0
2024-05-08 00:00:00-04:00,25.04955700442357,26.654603073095412,25.04955700442357,26.26686668395996,18200,0.0,0.0
2024-05-09 00:00:00-04:00,26.04143733884368,27.45712638084375,25.906180906007172,27.339902877807617,13800,0.0,0.0
2024-05-10 00:00:00-04:00,27.03332099532635,27.592383102073732,26.69067124723393,27.28580093383789,42000,0.0,0.0
2024-05-13 00:00:00-04:00,27.105458539483426,27.673537985092704,27.105458539483426,27.26776695251465,6100,0.0,0.0
2024-05-14 00:00:00-04:00,27.303836234359437,28.12439390422734,26.627552327113655,27.84486198425293,16900,0.0,0.0
2024-05-15 00:00:00-04:00,28.043241701779152,28.854782104492188,28.043241701779152,28.854782104492188,6900,0.0,0.0
2024-05-16 00:00:00-04:00,28.512130114245803,28.854779868436772,28.512130114245803,28.64738655090332,7800,0.0,0.0
2024-05-17 00:00:00-04:00,28.854781115101137,28.854781115101137,28.21456648465174,28.665422439575195,5900,0.0,0.0
2024-05-20 00:00:00-04:00,27.86289567935327,28.809694148966518,27.339902877807617,27.339902877807617,6800,0.0,0.0
2024-05-21 00:00:00-04:00,27.412039335741717,28.304733842610215,27.258748255579725,28.052255630493164,18400,0.0,0.0
2024-05-22 00:00:00-04:00,28.151442859867267,28.647385400874104,27.844860698482343,27.998151779174805,23800,0.0,0.0
2024-05-23 00:00:00-04:00,28.467042079225,28.467042079225,26.80789218135258,26.87101173400879,19800,0.0,0.0
2024-05-24 00:00:00-04:00,27.222269860414574,28.56258426182737,26.085311268839963,28.2852783203125,33900,0.73,0.0
2024-05-28 00:00:00-04:00,28.220573663926707,29.19114622043161,27.018910472512633,27.601255416870117,36700,0.0,0.0
2024-05-29 00:00:00-04:00,27.10210414432593,27.64747405384295,26.10380023188379,26.806310653686523,37400,0.0,0.0
2024-05-30 00:00:00-04:00,27.176051890498933,28.09116364221923,26.871014639925498,27.453359603881836,31300,0.0,0.0
2024-05-31 00:00:00-04:00,27.961754513319473,28.645777387366373,27.425628381603353,28.433176040649414,8400,0.0,0.0
2024-06-03 00:00:00-04:00,28.969300941461498,28.969300941461498,27.04664160978686,27.3516788482666,19100,0.0,0.0
2024-06-04 00:00:00-04:00,27.277731261073836,27.81385738535671,26.565977096557617,26.565977096557617,21300,0.0,0.0
2024-06-05 00:00:00-04:00,27.03739931326545,27.823101868144935,26.77857912957919,27.72142219543457,23200,0.0,0.0
2024-06-06 00:00:00-04:00,27.111347304492032,27.555037530520575,26.778578753436506,27.06513023376465,7400,0.0,0.0
2024-06-07 00:00:00-04:00,27.0836155678199,27.296218673717636,27.000423431396484,27.000423431396484,4900,0.0,0.0
2024-06-10 00:00:00-04:00,27.00042526622199,27.09286117553711,26.89874735273685,27.09286117553711,3900,0.0,0.0
2024-06-11 00:00:00-04:00,26.935718828193426,27.000423431396484,26.371863169518075,27.000423431396484,7300,0.0,0.0
2024-06-12 00:00:00-04:00,27.49033256354778,27.832344876849675,27.444115493430218,27.73066520690918,12600,0.0,0.0
2024-06-13 00:00:00-04:00,27.619741251503935,27.73990845246144,27.360922842798256,27.508819580078125,6800,0.0,0.0
2024-06-14 00:00:00-04:00,27.508819475725733,27.64747244601612,27.42562734093787,27.555036544799805,9600,0.0,0.0
2024-06-17 00:00:00-04:00,28.01721451899443,28.01721451899443,27.527307235721437,27.712177276611328,3700,0.0,0.0
2024-06-18 00:00:00-04:00,27.434871466204473,27.998728884237686,26.288670860107533,26.501272201538086,12900,0.0,0.0
2024-06-20 00:00:00-04:00,26.42732509247242,27.2684884948267,25.955903554383493,26.71387481689453,30700,0.0,0.0
2024-06-21 00:00:00-04:00,26.65841440753138,26.69538771301948,26.01136481234081,26.344133377075195,20900,0.0,0.0
2024-06-24 00:00:00-04:00,26.538245504667305,26.63068140709265,26.436567598760806,26.501272201538086,4100,0.0,0.0
2024-06-25 00:00:00-04:00,25.946660311899652,26.787823731257873,25.946660311899652,26.297916412353516,11400,0.0,0.0
2024-06-26 00:00:00-04:00,25.98363386305573,26.140774369750943,25.76178875296864,25.881954193115234,12100,0.0,0.0
2024-06-27 00:00:00-04:00,26.057581598542995,26.140773733183323,25.69708176074551,26.094554901123047,6900,0.0,0.0
2024-06-28 00:00:00-04:00,26.11304247391475,26.14077377319336,25.734056865781263,26.14077377319336,65600,0.0,0.0
2024-07-01 00:00:00-04:00,26.621438665786034,27.21302740625053,26.621438665786034,26.944963455200195,9700,0.0,0.0
2024-07-02 00:00:00-04:00,27.10210333375559,28.294522790684614,26.482785070101308,27.980241775512695,7100,0.0,0.0
2024-07-03 00:00:00-04:00,27.970998126496436,28.1835994720459,27.970998126496436,28.1835994720459,1400,0.0,0.0
2024-07-05 00:00:00-04:00,28.44241874284969,28.44241874284969,26.30715629961747,26.390348434448242,29200,0.0,0.0
2024-07-08 00:00:00-04:00,26.68614212742798,26.88025592209235,25.752542928495945,26.020605087280273,7500,0.0,0.0
2024-07-09 00:00:00-04:00,25.863466712411192,26.991181561481355,25.863466712411192,26.17774772644043,8500,0.0,0.0
2024-07-10 00:00:00-04:00,26.86177127113721,27.00042424834873,25.872711133808586,26.649169921875,6900,0.0,0.0
2024-07-11 00:00:00-04:00,26.806309471445637,27.961753845214844,25.429019989480924,27.961753845214844,19400,0.0,0.0
2024-07-12 00:00:00-04:00,28.100406646728516,28.534854856989877,27.73066480198239,28.100406646728516,15300,0.0,0.0
2024-07-15 00:00:00-04:00,28.368470350736132,28.645776291228092,26.076067406192035,28.33149528503418,13800,0.0,0.0
2024-07-16 00:00:00-04:00,28.239059814411668,29.55164469468521,28.239059814411668,29.4222354888916,25100,0.0,0.0
2024-07-17 00:00:00-04:00,29.117198066537387,29.209633968568603,28.146625502880084,28.923084259033203,22000,0.0,0.0
2024-07-18 00:00:00-04:00,28.969301059396688,28.969301059396688,28.40544364900574,28.719724655151367,9200,0.0,0.0
2024-07-19 00:00:00-04:00,28.719725758531762,28.719725758531762,27.407140848044946,28.433176040649414,6300,0.0,0.0
2024-07-22 00:00:00-04:00,28.174355527630034,29.533159255981445,28.174355527630034,29.533159255981445,9600,0.0,0.0
2024-07-23 00:00:00-04:00,28.941570297939137,29.81046496419812,28.886109461432284,29.76424789428711,22700,0.0,0.0
2024-07-24 00:00:00-04:00,29.893657384895,30.217180403486417,28.904597269616744,29.006275177001953,9200,0.0,0.0
2024-07-25 00:00:00-04:00,29.579376287422974,30.84574234741007,29.172659369811807,29.486940383911133,30800,0.0,0.0
2024-07-26 00:00:00-04:00,29.59786312773039,29.930631667354234,28.987788647132117,29.40374755859375,11300,0.0,0.0
2024-07-29 00:00:00-04:00,29.015520014218055,29.015520014218055,28.423933029174805,28.423933029174805,3500,0.0,0.0
2024-07-30 00:00:00-04:00,28.433175487841147,29.45921066049706,28.13738200893052,29.376018524169922,7200,0.0,0.0
2024-07-31 00:00:00-04:00,28.886109472806567,29.412991827499646,28.63653306382515,29.376018524169922,17300,0.0,0.0
2024-08-01 00:00:00-04:00,28.091164476081715,28.10040824310903,26.260940918312482,26.66765785217285,11900,0.0,0.0
2024-08-02 00:00:00-04:00,25.955904825213235,27.573527103259458,25.660111319318577,26.288673400878906,17200,0.0,0.0
2024-08-05 00:00:00-04:00,24.976088003423794,25.401290720694004,24.58785859227483,24.855920791625977,12400,0.0,0.0
2024-08-06 00:00:00-04:00,25.068521101857325,25.5306988364832,24.88364930277972,25.050033569335938,19400,0.0,0.0
2024-08-07 00:00:00-04:00,25.373559778622873,26.131531024407522,24.68953514099121,24.68953514099121,6700,0.0,0.0
2024-08-08 00:00:00-04:00,24.97608526662212,25.345827102661133,24.948353967768643,25.345827102661133,8700,0.0,0.0
2024-08-09 00:00:00-04:00,25.0592785082557,26.48278508072152,25.0592785082557,26.13153076171875,10400,0.0,0.0
2024-08-12 00:00:00-04:00,26.057583355544427,26.18699256790262,25.54918674701041,25.844980239868164,10300,0.0,0.0
2024-08-13 00:00:00-04:00,25.401289744166927,26.917234024362575,25.401289744166927,26.898746490478516,6500,0.0,0.0
2024-08-14 00:00:00-04:00,26.713872782101845,26.73236031467399,26.445810612078336,26.510515213012695,12200,0.0,0.0
2024-08-15 00:00:00-04:00,27.12983450681768,27.43487175387203,26.529003779355254,26.954206466674805,7600,0.0,0.0
2024-08-16 00:00:00-04:00,26.723118721458253,27.028155981431066,26.08531290039935,26.279428482055664,14100,0.0,0.0
2024-08-19 00:00:00-04:00,26.649171344412828,27.619743999771067,26.270185697039164,27.407142639160156,6800,0.0,0.0
2024-08-20 00:00:00-04:00,27.018910377771608,27.296218080849332,26.270182929291266,26.871013641357422,44100,0.0,0.0
2024-08-21 00:00:00-04:00,26.8247984060155,27.166808971201228,26.8247984060155,26.963451385498047,4700,0.0,0.0
2024-08-22 00:00:00-04:00,26.815552638688953,27.314703680205998,26.649168370493886,27.009666442871094,6300,0.0,0.0
2024-08-23 00:00:00-04:00,25.39204500848335,28.30376625061035,25.39204500848335,28.30376625061035,19800,0.0,0.0
2024-08-26 00:00:00-04:00,27.8970512518685,28.636534999120364,27.8970512518685,28.16511344909668,4700,0.0,0.0
2024-08-27 00:00:00-04:00,27.730665430757018,27.887805938720703,27.407140648117874,27.887805938720703,5100,0.0,0.0
2024-08-28 00:00:00-04:00,27.69369237576914,27.795372053917124,27.38865510439355,27.407142639160156,5600,0.0,0.0
2024-08-29 00:00:00-04:00,27.767642074810997,28.035704272405482,27.462603045200904,27.776884078979492,5400,0.0,0.0
2024-08-30 00:00:00-04:00,27.730665074767433,28.377714631739288,27.13907811735422,27.915536880493164,3700,0.0,0.0
2024-09-03 00:00:00-04:00,26.20547866821289,26.20547866821289,26.20547866821289,26.20547866821289,5300,0.0,0.0
2024-09-04 00:00:00-04:00,26.39959306232767,26.39959306232767,26.334888458251953,26.334888458251953,2600,0.0,0.0
2024-09-05 00:00:00-04:00,27.102103835825314,27.102103835825314,25.92817189052817,26.307157516479492,13600,0.0,0.0
2024-09-06 00:00:00-04:00,26.242451630063044,27.03739791059042,26.09455489364886,26.871013641357422,12900,0.0,0.0
2024-09-09 00:00:00-04:00,27.157564712840628,27.70293461693131,26.29791555037381,26.353376388549805,27300,0.0,0.0
2024-09-10 00:00:00-04:00,26.436569393621728,26.797067498180887,26.10380082752508,26.5474910736084,8600,0.0,0.0
2024-09-11 00:00:00-04:00,26.325646202568162,26.54749132773343,25.7155716675966,26.316402435302734,7800,0.0,0.0
2024-09-12 00:00:00-04:00,26.24245105918632,27.129833221435547,26.24245105918632,27.129833221435547,7300,0.0,0.0
2024-09-13 00:00:00-04:00,27.296218291699976,28.192842483520508,27.296218291699976,28.192842483520508,6000,0.0,0.0
2024-09-16 00:00:00-04:00,28.081919944918447,28.081919944918447,27.12983488690001,27.360923767089844,7100,0.0,0.0
2024-09-17 00:00:00-04:00,27.35168118749351,27.86007604075035,27.26848904596882,27.66596221923828,11400,0.0,0.0
2024-09-18 00:00:00-04:00,27.407140953906108,28.026459225958963,27.323948815640183,27.564281463623047,12500,0.0,0.0
2024-09-19 00:00:00-04:00,27.915537442491697,28.470149344697987,26.981938154611022,28.433176040649414,12300,0.0,0.0
2024-09-20 00:00:00-04:00,28.470149728639452,28.645777773676315,27.95251112350099,28.017215728759766,39000,0.0,0.0
2024-09-23 00:00:00-04:00,27.684448136791616,27.7676402734578,27.37016712340119,27.73066520690918,4500,0.0,0.0
2024-09-24 00:00:00-04:00,27.360922056393644,27.943265222311958,27.360922056393644,27.86007308959961,6900,0.0,0.0
2024-09-25 00:00:00-04:00,27.52730844874644,27.628986358642578,27.09286021922091,27.628986358642578,5800,0.0,0.0
2024-09-26 00:00:00-04:00,27.915538191767617,27.952511496808583,26.37186435957196,26.66765785217285,20500,0.0,0.0
2024-09-27 00:00:00-04:00,26.667658923238882,27.01891326904297,26.667658923238882,27.01891326904297,5100,0.0,0.0
2024-09-30 00:00:00-04:00,27.38865295951803,27.906293314035146,26.972694038254314,27.638229370117188,7100,0.0,0.0
2024-10-01 00:00:00-04:00,27.000423777961092,27.74915301538218,26.177747932845833,26.72311782836914,38600,0.0,0.0
2024-10-02 00:00:00-04:00,26.815552809753196,26.935718246956117,26.482784271240234,26.482784271240234,4400,0.0,0.0
2024-10-03 00:00:00-04:00,26.732363146905314,27.194540931766703,26.316402435302734,26.316402435302734,7600,0.0,0.0
2024-10-04 00:00:00-04:00,26.834041182615888,27.20378303527832,26.834041182615888,27.20378303527832,4400,0.0,0.0
2024-10-07 00:00:00-04:00,26.80630914906443,26.80630914906443,26.325643872220706,26.436567306518555,6900,0.0,0.0
2024-10-08 00:00:00-04:00,26.815553997483025,26.871014835335632,25.36431610501737,26.10379981994629,10900,0.0,0.0
2024-10-09 00:00:00-04:00,26.066825173419605,26.76009178161621,26.066825173419605,26.76009178161621,7900,0.0,0.0
2024-10-10 00:00:00-04:00,26.325644540419827,27.721421574142855,25.8911980847848,27.545793533325195,17900,0.0,0.0
2024-10-11 00:00:00-04:00,27.952512134951565,28.044948044266686,26.89874735273685,27.09286117553711,18100,0.0,0.0
2024-10-14 00:00:00-04:00,26.140774761778445,27.453359671779424,26.140774761778445,27.360923767089844,9600,0.0,0.0
2024-10-15 00:00:00-04:00,27.397895647259254,28.276034051571163,27.397895647259254,27.92477798461914,8400,0.0,0.0
2024-10-16 00:00:00-04:00,27.767639349316596,29.061736663289565,27.767639349316596,28.655019760131836,14400,0.0,0.0
2024-10-17 00:00:00-04:00,28.377715330113734,28.377715330113734,27.684448686183284,27.998729705810547,10700,0.0,0.0
2024-10-18 00:00:00-04:00,28.174356232760918,28.211331300366883,27.767641067504883,27.767641067504883,5400,0.0,0.0
2024-10-21 00:00:00-04:00,27.78612736930417,27.78612736930417,26.917234420776367,26.917234420776367,6000,0.0,0.0
2024-10-22 00:00:00-04:00,27.518064613082107,27.72142219543457,26.81555419713505,27.72142219543457,4800,0.0,0.0
2024-10-23 00:00:00-04:00,27.63823091770728,27.684449753592283,27.222271973152132,27.66596221923828,12000,0.0,0.0
2024-10-24 00:00:00-04:00,27.434873151407174,27.804615020751953,27.046643747828078,27.804615020751953,3300,0.0,0.0
2024-10-25 00:00:00-04:00,27.702935149676783,27.702935149676783,26.556734481277246,26.57522201538086,5500,0.0,0.0
2024-10-28 00:00:00-04:00,27.213026616705974,27.73066520690918,27.213026616705974,27.73066520690918,4700,0.0,0.0
2024-10-29 00:00:00-04:00,27.739909486360048,27.952510833740234,27.739909486360048,27.952510833740234,3900,0.0,0.0
2024-10-30 00:00:00-04:00,27.77688371940048,27.961755535607022,27.77688371940048,27.804615020751953,3500,0.0,0.0
2024-10-31 00:00:00-04:00,27.462602268845327,27.702934921003582,26.353376677809088,26.418081283569336,8100,0.0,0.0
2024-11-01 00:00:00-04:00,26.843285870099972,27.22227150246254,26.418081402651556,27.05588722229004,10300,0.0,0.0
2024-11-04 00:00:00-05:00,26.88025888732029,27.407141260180214,26.76933544737008,26.991182327270508,11500,0.0,0.0
2024-11-05 00:00:00-05:00,27.49033256354778,27.73066520690918,26.824797233286517,27.73066520690918,8100,0.0,0.0
2024-11-06 00:00:00-05:00,28.19284383040494,30.402052995884333,28.19284383040494,28.74745750427246,38700,0.0,0.0
2024-11-07 00:00:00-05:00,28.479393839012708,28.941571611370254,28.479393839012708,28.812162399291992,11900,0.0,0.0
2024-11-08 00:00:00-05:00,28.655020170618386,29.893656667426054,28.608803101376918,29.311311721801758,21700,0.0,0.0
2024-11-11 00:00:00-05:00,29.357531860349166,29.579376976101738,29.18190381589445,29.570133209228516,9800,0.0,0.0
2024-11-12 00:00:00-05:00,29.477695632676763,29.939873371730673,28.839891622191434,29.33904266357422,8600,0.0,0.0
2024-11-13 00:00:00-05:00,29.348286027836078,29.671809030286852,28.93232536315918,28.93232536315918,7600,0.0,0.0
2024-11-14 00:00:00-05:00,29.403748044801798,29.403748044801798,28.0172147908662,28.553340911865234,25100,0.0,0.0
2024-11-15 00:00:00-05:00,28.67350925453829,29.54240219214131,28.368471997067385,29.385263442993164,11400,0.0,0.0
2024-11-18 00:00:00-05:00,29.237364764384996,29.311313136581543,28.229818854357617,28.451663970947266,20300,0.0,0.0
2024-11-19 00:00:00-05:00,28.28527875982186,28.987789154052734,28.137382020306752,28.987789154052734,7400,0.0,0.0
2024-11-20 00:00:00-05:00,28.75670022375943,28.830648593377052,28.405444145774588,28.69199562072754,5300,0.0,0.0
2024-11-21 00:00:00-05:00,28.627290976742405,29.16341712948862,28.396202087402344,28.396202087402344,23100,0.0,0.0
2024-11-22 00:00:00-05:00,28.830649526757206,29.801223892862126,28.479393437400596,29.616352081298828,14200,0.0,0.0
2024-11-25 00:00:00-05:00,30.15637978711772,30.601666555172237,29.777412132703205,30.298492431640625,13600,0.78,0.0
2024-11-26 00:00:00-05:00,30.298493430285756,30.383761381222012,29.910051345825195,29.910051345825195,8500,0.0,0.0
2024-11-27 00:00:00-05:00,30.298492963474487,30.383760913097014,29.474238526537196,30.14690589904785,9100,0.0,0.0
2024-11-29 00:00:00-05:00,30.383760409551794,30.412181854248047,29.919524806556378,30.412181854248047,13300,0.0,0.0
2024-12-02 00:00:00-05:00,30.412182500722793,30.658513740395392,29.805834240175955,30.317441940307617,26400,0.0,0.0
2024-12-03 00:00:00-05:00,30.18480193913092,30.232172216559285,29.568977490200655,29.682668685913086,6300,0.0,0.0
2024-12-04 00:00:00-05:00,29.67319671171301,30.13743233555583,28.744725464027372,29.531084060668945,29300,0.0,0.0
2024-12-05 00:00:00-05:00,29.19948483483953,29.483711926122776,28.252064811349292,28.75419807434082,26500,0.0,0.0
2024-12-06 00:00:00-05:00,28.98157997723104,28.98157997723104,28.697354680120572,28.820518493652344,5200,0.0,0.0
2024-12-09 00:00:00-05:00,28.744723641361308,29.085795427888453,28.1099521536915,28.69735336303711,19800,0.0,0.0
2024-12-10 00:00:00-05:00,28.479445889896915,29.49318504333496,28.299437383421594,29.49318504333496,16100,0.0,0.0
2024-12-11 00:00:00-05:00,29.37949694963414,30.345864059578222,28.829993374544213,30.33639144897461,18300,0.0,0.0
2024-12-12 00:00:00-05:00,30.033216670022362,30.20375076314831,29.512134552001953,29.512134552001953,8000,0.0,0.0
2024-12-13 00:00:00-05:00,29.891102909542113,29.891102909542113,29.18053784696605,29.587928771972656,6600,0.0,0.0
2024-12-16 00:00:00-05:00,29.654247270475956,29.843732006036845,29.218434908570426,29.597402572631836,10700,0.0,0.0
2024-12-17 00:00:00-05:00,29.275278634777578,29.31317630345609,28.84894070450614,29.1805362701416,10100,0.0,0.0
2024-12-18 00:00:00-05:00,29.246858799747322,29.37002261560943,26.91620445251465,26.91620445251465,13400,0.0,0.0
2024-12-19 00:00:00-05:00,27.40886292818367,28.536293318034556,26.84041052448219,27.238327026367188,13300,0.0,0.0
2024-12-20 00:00:00-05:00,26.613029549142734,28.51734408080669,26.613029549142734,28.479446411132812,49100,0.0,0.0
2024-12-23 00:00:00-05:00,28.16679731770777,28.346807631043095,27.569923488415267,27.7120361328125,13100,0.0,0.0
2024-12-24 00:00:00-05:00,27.75940702976534,27.910994094770967,27.47518173464488,27.70256233215332,4900,0.0,0.0
2024-12-26 00:00:00-05:00,27.28569766304133,27.863624491834614,27.28569766304133,27.721511840820312,8700,0.0,0.0
2024-12-27 00:00:00-05:00,27.323594751774834,27.323594751774834,26.830935885495425,26.925678253173828,9500,0.0,0.0
2024-12-30 00:00:00-05:00,26.527761317057113,27.550974895575475,26.49933806510426,27.219377517700195,19300,0.0,0.0
2024-12-31 00:00:00-05:00,27.32359362404983,27.636242159542384,27.001470671474433,27.200428009033203,9600,0.0,0.0
2025-01-02 00:00:00-05:00,27.24780090123996,27.389913547569858,26.470916748046875,26.470916748046875,9400,0.0,0.0
2025-01-03 00:00:00-05:00,26.461441598458517,26.537235128207836,26.11089539395522,26.42354393005371,19500,0.0,0.0
2025-01-06 00:00:00-05:00,26.508812638726788,27.06779061433981,26.38564882699221,26.584606170654297,18700,0.0,0.0
2025-01-07 00:00:00-05:00,26.43301809062541,27.09621282479096,25.80772102449687,26.05405044555664,14300,0.0,0.0
2025-01-08 00:00:00-05:00,26.044575895108146,26.433017955195986,25.940359115600586,25.940359115600586,5700,0.0,0.0
2025-01-10 00:00:00-05:00,25.371911141505528,25.55191966093295,24.632922806760938,25.154003143310547,23400,0.0,0.0
2025-01-13 00:00:00-05:00,24.756084298912146,26.139318466186523,24.756084298912146,26.139318466186523,7900,0.0,0.0
2025-01-14 00:00:00-05:00,26.205638369484664,26.726718672789495,25.892989826089696,26.41407012939453,8100,0.0,0.0
2025-01-15 00:00:00-05:00,27.257275842105678,28.100479125976562,26.631978740596427,28.100479125976562,15300,0.0,0.0
2025-01-16 00:00:00-05:00,27.8162522675411,27.910992823559372,26.755141053769876,26.859357833862305,11900,0.0,0.0
2025-01-17 00:00:00-05:00,27.23832537666536,27.787828911981766,27.115161570068697,27.607818603515625,9400,0.0,0.0
2025-01-21 00:00:00-05:00,27.655191515120055,29.066847159993383,27.52255148051979,28.659456253051758,15600,0.0,0.0
2025-01-22 00:00:00-05:00,28.337332312834153,28.735248788730992,28.18574525602205,28.242589950561523,13100,0.0,0.0
2025-01-23 00:00:00-05:00,28.233115181597597,29.09526723411411,28.233115181597597,28.621557235717773,16000,0.0,0.0
2025-01-24 00:00:00-05:00,28.63103299459393,28.640507411853193,27.55097472588253,27.797304153442383,8400,0.0,0.0
2025-01-27 00:00:00-05:00,27.607819003117793,28.185745797733983,27.522551056139655,28.14784812927246,15800,0.0,0.0
2025-01-28 00:00:00-05:00,28.091004318585693,29.13316674232483,27.90152139148971,28.4226016998291,10600,0.0,0.0
2025-01-29 00:00:00-05:00,28.640506869317154,28.640506869317154,27.740458931460665,27.948890686035156,5800,0.0,0.0
2025-01-30 00:00:00-05:00,28.706825656668787,28.877361548052843,28.043632732137784,28.299436569213867,8500,0.0,0.0
2025-01-31 00:00:00-05:00,28.08152815618535,28.61208465603016,27.54149904657567,27.84467315673828,11500,0.0,0.0
2025-02-03 00:00:00-05:00,27.5036057573536,27.5036057573536,26.205639443944158,26.94462776184082,12300,0.0,0.0
2025-02-04 00:00:00-05:00,26.906729059315964,27.456232616048418,26.906729059315964,27.36149024963379,5400,0.0,0.0
2025-02-05 00:00:00-05:00,28.327858615756284,28.327858615756284,26.991996514240594,27.427810668945312,6100,0.0,0.0
2025-02-06 00:00:00-05:00,27.18148186868147,27.560449529056847,26.793039790914165,27.475181579589844,5900,0.0,0.0
2025-02-07 00:00:00-05:00,27.228852370394453,27.23832678786356,26.745667921832062,26.868833541870117,8000,0.0,0.0
2025-02-10 00:00:00-05:00,26.963574802284455,27.077266007804273,26.85935982154006,27.00147247314453,5100,0.0,0.0
2025-02-11 00:00:00-05:00,27.096213547959664,27.257275027294984,26.982522347874603,26.99199676513672,8900,0.0,0.0
2025-02-12 00:00:00-05:00,26.44249315692843,27.0583158211692,26.44249315692843,26.963573455810547,7600,0.0,0.0
2025-02-13 00:00:00-05:00,27.07726500005238,27.446758241884414,27.07726500005238,27.33306884765625,4300,0.0,0.0
2025-02-14 00:00:00-05:00,27.228850549844175,27.228850549844175,27.04884024408751,27.06778907775879,5900,0.0,0.0
2025-02-18 00:00:00-05:00,27.3614902209565,27.3614902209565,27.010945814768206,27.247800827026367,4500,0.0,0.0
2025-02-19 00:00:00-05:00,27.115161895751953,27.20990245255182,27.115161895751953,27.115161895751953,3500,0.0,0.0
2025-02-20 00:00:00-05:00,27.14358277595667,27.14358277595667,26.40459632873535,26.40459632873535,4200,0.0,0.0
2025-02-21 00:00:00-05:00,27.03936946913049,27.18148211718798,26.063526153564453,26.063526153564453,12900,0.0,0.0
2025-02-24 00:00:00-05:00,26.309854801896794,26.347750663620033,25.83614478446427,25.845619201660156,5900,0.0,0.0
2025-02-25 00:00:00-05:00,26.19616364848781,26.878307231303985,25.94035980493175,26.01615333557129,12800,0.0,0.0
2025-02-26 00:00:00-05:00,25.589815301322133,26.177214709671006,25.343485875960884,25.817195892333984,18600,0.0,0.0
2025-02-27 00:00:00-05:00,25.81719561973944,26.376173577722476,25.589815031128417,26.338275909423828,12600,0.0,0.0
2025-02-28 00:00:00-05:00,26.39512335771928,26.64145278930664,26.167742760960266,26.64145278930664,6400,0.0,0.0
2025-03-03 00:00:00-05:00,26.603554208990584,26.603554208990584,26.290905673266582,26.30985450744629,4900,0.0,0.0
2025-03-04 00:00:00-05:00,25.81719602267996,26.366699572164677,25.81719602267996,25.93088722229004,5000,0.0,0.0
2025-03-05 00:00:00-05:00,25.930887979524865,26.158268578324694,25.864567057030428,26.091949462890625,4700,0.0,0.0
2025-03-06 00:00:00-05:00,25.63718500109888,26.34775000960985,25.580340306394877,25.940359115600586,6200,0.0,0.0
2025-03-07 00:00:00-05:00,25.798246607487616,26.167741642607407,25.798246607487616,26.05405044555664,8400,0.0,0.0
2025-03-10 00:00:00-04:00,25.911939564603912,26.016154544663944,25.675084544465047,25.883516311645508,5400,0.0,0.0
2025-03-11 00:00:00-04:00,25.82667188387269,26.22458839416504,25.82667188387269,26.22458839416504,6700,0.0,0.0
2025-03-12 00:00:00-04:00,26.357224298458114,26.357224298458114,25.580340182058567,25.68455696105957,9200,0.0,0.0
2025-03-13 00:00:00-04:00,25.542444132519755,25.817196819269768,25.343486785888672,25.343486785888672,7300,0.0,0.0
2025-03-14 00:00:00-04:00,25.66560870093246,25.874040456533276,25.60876400523411,25.70350456237793,4300,0.0,0.0
2025-03-17 00:00:00-04:00,26.2530087946141,26.2530087946141,25.476124640479863,25.722454071044922,5200,0.0,0.0
2025-03-18 00:00:00-04:00,25.59928958810767,25.750876648010134,25.457176945331646,25.70350456237793,13000,0.0,0.0
2025-03-19 00:00:00-04:00,26.10142104638697,26.10142104638697,25.646659866679578,25.70350456237793,3500,0.0,0.0
2025-03-20 00:00:00-04:00,25.684557577542456,26.120369923715675,25.580340796040034,25.67508316040039,5300,0.0,0.0
2025-03-21 00:00:00-04:00,25.438228297538537,25.845619201660156,25.438228297538537,25.845619201660156,22500,0.0,0.0
2025-03-24 00:00:00-04:00,26.06352685071212,26.243537173498716,25.836146246326088,26.196165084838867,3100,0.0,0.0
2025-03-25 00:00:00-04:00,26.016153067578593,26.016153067578593,25.589815139770508,25.589815139770508,4900,0.0,0.0
2025-03-26 00:00:00-04:00,25.352960615732886,26.433018888547185,25.352960615732886,25.466650009155273,5800,0.0,0.0
2025-03-27 00:00:00-04:00,26.271957526424607,26.385648727416992,26.02562809682472,26.385648727416992,4700,0.0,0.0
2025-03-28 00:00:00-04:00,25.466648927993376,26.09194779351135,25.466648927993376,25.6561336517334,4000,0.0,0.0
2025-03-31 00:00:00-04:00,25.3434847425355,25.684556517329828,24.63291974975413,25.229793548583984,36700,0.0,0.0
2025-04-01 00:00:00-04:00,24.87925002532406,24.936094720737454,24.6329206024523,24.64239501953125,13700,0.0,0.0
2025-04-02 00:00:00-04:00,24.519230985323478,25.106632232666016,24.348696888088938,25.106632232666016,13900,0.0,0.0
2025-04-03 00:00:00-04:00,24.358167937204854,24.386591188452034,23.874985315424794,23.893932342529297,15100,0.0,0.0
2025-04-04 00:00:00-04:00,22.87072010269873,24.083418452976442,22.832824239253384,24.045520782470703,19600,0.0,0.0
2025-04-07 00:00:00-04:00,24.76556009029652,25.457178115844727,24.178160657931105,25.457178115844727,12200,0.0,0.0
2025-04-08 00:00:00-04:00,25.81719595913569,25.81719595913569,23.33495467181134,23.429697036743164,23700,0.0,0.0
2025-04-09 00:00:00-04:00,23.638130659176767,24.24447890493613,22.984410327304754,23.458120346069336,25800,0.0,0.0
2025-04-10 00:00:00-04:00,23.154946302307657,23.647603350140344,22.614917168200463,22.738080978393555,20700,0.0,0.0
2025-04-11 00:00:00-04:00,23.676026282572362,23.8181389253585,22.501225664714504,23.145471572875977,21800,0.0,0.0
2025-04-14 00:00:00-04:00,25.36243564232138,25.36243564232138,23.353904303984,23.56233787536621,8100,0.0,0.0
2025-04-15 00:00:00-04:00,23.647603429486043,24.34869585221866,23.524439618879697,23.685501098632812,7000,0.0,0.0
2025-04-16 00:00:00-04:00,23.732871305490693,24.054994264012688,23.221265422994797,23.60023307800293,6900,0.0,0.0
2025-04-17 00:00:00-04:00,23.600231998216362,24.054993163419336,23.600231998216362,23.789716720581055,12100,0.0,0.0
2025-04-21 00:00:00-04:00,23.761294159521395,24.310797701850078,23.742345325323093,23.865510940551758,9800,0.0,0.0
2025-04-22 00:00:00-04:00,24.159211473439807,25.049786833731744,23.97920115648434,24.9739933013916,10400,0.0,0.0
2025-04-23 00:00:00-04:00,24.936094400033653,25.476123517166286,24.13078702928312,24.244478225708008,19300,0.0,0.0
2025-04-24 00:00:00-04:00,24.4623860029429,24.708715438842773,24.396066886943007,24.708715438842773,7000,0.0,0.0
2025-04-25 00:00:00-04:00,24.595023110066883,24.595023110066883,23.685500748705536,24.121313095092773,9900,0.0,0.0
2025-04-28 00:00:00-04:00,24.007624444470153,24.632921538971527,23.81813970980777,24.22553062438965,7200,0.0,0.0
2025-04-29 00:00:00-04:00,23.979201937741294,24.85082849158123,23.979201937741294,24.386592864990234,7500,0.0,0.0
2025-04-30 00:00:00-04:00,23.988674536577776,24.708713966202954,23.827613061437138,24.415014266967773,11100,0.0,0.0
2025-05-01 00:00:00-04:00,24.16868428048467,24.16868428048467,23.685499866363624,23.704448699951172,11100,0.0,0.0
2025-05-02 00:00:00-04:00,24.01709915128412,24.85082801831118,24.01709915128412,24.62344741821289,15100,0.0,0.0
2025-05-05 00:00:00-04:00,24.879251974100814,25.419281140478937,24.63292253193422,24.756086349487305,25900,0.0,0.0
2025-05-06 00:00:00-04:00,24.310797560834345,24.746611709565848,23.83708755098635,24.500282287597656,6900,0.0,0.0
2025-05-07 00:00:00-04:00,24.822404861450195,24.860300721990505,24.396065136245113,24.822404861450195,7500,0.0,0.0
2025-05-08 00:00:00-04:00,24.869777556279743,25.106632580625263,24.63292253193422,24.756086349487305,11400,0.0,0.0
2025-05-09 00:00:00-04:00,24.898200189275656,25.22032315892304,24.632921918077695,24.765560150146484,11400,0.0,0.0
2025-05-12 00:00:00-04:00,25.352960205811357,25.99720611498942,24.907673442496073,25.67508316040039,13900,0.0,0.0
2025-05-13 00:00:00-04:00,25.930887567037338,25.930887567037338,25.29611606117094,25.63718605041504,8600,0.0,0.0
2025-05-14 00:00:00-04:00,25.26769304115273,25.324537738705345,24.964518911458292,25.087682723999023,8000,0.0,0.0
2025-05-15 00:00:00-04:00,25.56139237504748,25.56139237504748,25.466650009155273,25.466650009155273,2500,0.0,0.0
2025-05-16 00:00:00-04:00,25.390856433912063,25.63718586198137,25.106631143787652,25.29611587524414,7800,0.0,0.0
2025-05-19 00:00:00-04:00,25.343485876914023,25.343485876914023,24.860301443348053,25.01188850402832,5900,0.0,0.0
2025-05-20 00:00:00-04:00,25.144528610671486,25.286641254590712,24.907673601786005,25.097156524658203,11900,0.0,0.0
2025-05-21 00:00:00-04:00,25.116105359063514,25.31506269913837,24.86977593297538,25.097156524658203,9600,0.0,0.0
2025-05-22 00:00:00-04:00,25.523496509394697,25.523496509394697,24.6044979095459,24.6044979095459,19700,0.0,0.0
2025-05-23 00:00:00-04:00,24.519229668265307,25.381383561118916,24.519229668265307,25.06873321533203,23300,0.0,0.0
2025-05-27 00:00:00-04:00,25.185650810337627,25.79945888150684,25.06873401384712,25.205137252807617,25700,0.73,0.0
2025-05-28 00:00:00-04:00,25.205138822408053,25.487684822500167,24.162636385297002,25.097965240478516,23800,0.0,0.0
2025-05-29 00:00:00-04:00,25.04924913126984,25.477941600658433,24.844647047582054,25.097965240478516,15300,0.0,0.0
2025-05-30 00:00:00-04:00,25.06873483077008,25.68254478027115,24.864132753156053,24.961563110351562,13700,0.0,0.0
2025-06-02 00:00:00-04:00,25.312308682502028,25.75074434145448,24.51338313359259,24.717987060546875,19300,0.0,0.0
2025-06-03 00:00:00-04:00,24.834903232248525,25.15642211202409,24.71798828960078,24.844646453857422,9400,0.0,0.0
2025-06-04 00:00:00-04:00,24.756959349465696,25.16616536591676,24.669272213202646,24.805673599243164,22100,0.0,0.0
2025-06-05 00:00:00-04:00,24.990791540680828,25.643572534361855,24.80567404322006,25.51691436767578,17400,0.0,0.0
2025-06-06 00:00:00-04:00,25.838433196956238,26.306096692150945,25.477941424621026,26.198923110961914,33700,0.0,0.0
2025-06-09 00:00:00-04:00,26.013807327448394,26.413270126328392,25.809203387983537,26.315839767456055,13100,0.0,0.0
2025-06-10 00:00:00-04:00,26.559414165098044,27.036820869157502,26.364553451538086,26.364553451538086,10300,0.0,0.0
2025-06-11 00:00:00-04:00,26.80298932091331,26.80298932091331,25.53639839031081,25.906633377075195,11200,0.0,0.0
2025-06-12 00:00:00-04:00,25.818946241174658,25.96509084823239,25.322053090514775,25.906633377075195,7400,0.0,0.0
2025-06-13 00:00:00-04:00,25.896889733433223,25.896889733433223,25.19539451599121,25.19539451599121,9700,0.0,0.0
2025-06-16 00:00:00-04:00,25.234364761444667,25.399995803833008,25.088220161297166,25.399995803833008,7900,0.0,0.0
2025-06-17 00:00:00-04:00,25.18565128559692,25.263595198618265,24.854389190673828,24.854389190673828,10800,0.0,0.0
2025-06-18 00:00:00-04:00,24.86413186474991,25.263594642481983,24.84464542234117,25.244108200073242,10100,0.0,0.0
2025-06-20 00:00:00-04:00,25.429225589936248,25.72151479164207,24.104177244433757,24.640043258666992,49600,0.0,0.0
2025-06-23 00:00:00-04:00,24.99079112975906,26.004063879904674,24.99079112975906,25.789716720581055,9000,0.0,0.0
2025-06-24 00:00:00-04:00,26.159950661390592,26.189178466796875,25.945603510654184,26.189178466796875,12000,0.0,0.0
2025-06-25 00:00:00-04:00,25.81894598069928,26.023548056850064,25.57537101861721,25.760488510131836,7700,0.0,0.0
2025-06-26 00:00:00-04:00,25.94560374139859,26.851702883640392,25.94560374139859,26.374296188354492,14300,0.0,0.0
2025-06-27 00:00:00-04:00,26.793245413978504,27.163478532943067,26.374296188354492,26.374296188354492,75400,0.0,0.0
2025-06-30 00:00:00-04:00,26.452241379998146,26.910163513096354,26.315839991413768,26.500957489013672,22800,0.0,0.0
2025-07-01 00:00:00-04:00,26.471727467979616,28.05983543395996,26.471727467979616,28.05983543395996,11800,0.0,0.0
2025-07-02 00:00:00-04:00,28.25469503347911,28.46904032680345,27.718830871003526,28.196237564086914,22300,0.0,0.0
2025-07-03 00:00:00-04:00,28.38135292749461,29.131564234591266,28.38135292749461,29.07310676574707,8400,0.0,0.0
2025-07-07 00:00:00-04:00,26.919904808440126,29.219253114926357,26.919904808440126,28.205982208251953,13000,0.0,0.0
2025-07-08 00:00:00-04:00,28.654159285191863,28.956191727270202,28.29366937072116,28.84902000427246,11800,0.0,0.0
2025-07-09 00:00:00-04:00,28.790559698610256,28.790559698610256,28.274181969693092,28.52750015258789,6400,0.0,0.0
2025-07-10 00:00:00-04:00,28.44955569103778,29.190021924209805,28.07932071612232,28.917219161987305,27900,0.0,0.0
2025-07-11 00:00:00-04:00,29.004907609273122,29.004907609273122,28.089065210087053,28.663902282714844,8000,0.0,0.0
2025-07-14 00:00:00-04:00,28.722358894837882,29.02439318384119,28.41058324274496,28.605443954467773,8000,0.0,0.0
2025-07-15 00:00:00-04:00,28.118293259518985,28.176750728094966,27.777287952555156,27.787031173706055,15600,0.0,0.0
2025-07-16 00:00:00-04:00,27.484997414419208,28.079320907592773,27.484997414419208,28.079320907592773,9400,0.0,0.0
2025-07-17 00:00:00-04:00,28.059833962939884,28.25469466950965,27.290138074481092,27.748058319091797,14100,0.0,0.0
2025-07-18 00:00:00-04:00,28.137778558951613,28.137778558951613,27.533713698871576,27.621400833129883,9600,0.0,0.0
2025-07-21 00:00:00-04:00,28.352125772559905,28.605443954467773,28.20598116793253,28.605443954467773,8300,0.0,0.0
2025-07-22 00:00:00-04:00,28.546983924569645,28.81004532143333,28.264437943675986,28.771074295043945,21400,0.0,0.0
2025-07-23 00:00:00-04:00,28.64441524315284,28.81978951363751,28.64441524315284,28.751588821411133,4800,0.0,0.0
2025-07-24 00:00:00-04:00,28.878247174643114,28.878247174643114,28.293668746948242,28.293668746948242,5600,0.0,0.0
2025-07-25 00:00:00-04:00,27.90394760386359,28.605444697626776,27.864976575504258,28.05983543395996,3800,0.0,0.0
2025-07-28 00:00:00-04:00,28.10855068249935,28.147521709666584,27.358339361653076,28.00137710571289,4700,0.0,0.0
2025-07-29 00:00:00-04:00,28.37161148328331,28.37161148328331,27.94291904355299,28.08906364440918,6500,0.0,0.0
2025-07-30 00:00:00-04:00,28.079321581678922,28.430070124867754,26.99784814573302,27.611658096313477,17100,0.0,0.0
2025-07-31 00:00:00-04:00,27.523970806435376,27.523970806435376,26.81273236079913,27.04656410217285,13400,0.0,0.0
2025-08-01 00:00:00-04:00,26.666587222314977,26.861446073737838,26.403525821648188,26.41326904296875,10200,0.0,0.0
2025-08-04 00:00:00-04:00,27.251166521567264,27.514227930793115,26.335325987589826,27.153738021850586,32600,0.0,0.0
2025-08-05 00:00:00-04:00,26.793245820741312,28.13777879335354,26.68607224279291,27.8065185546875,32000,0.0,0.0
2025-08-06 00:00:00-04:00,27.39731205407189,28.020863350988982,27.39731205407189,27.475255966186523,14700,0.0,0.0
2025-08-07 00:00:00-04:00,27.621400555935626,27.640886998537354,26.939389931510767,27.13425064086914,11000,0.0,0.0
2025-08-08 00:00:00-04:00,27.4265411909421,28.527501093622522,27.416797969163653,28.205982208251953,10300,0.0,0.0
2025-08-11 00:00:00-04:00,28.60544440394004,28.644415431899265,28.059835145874892,28.293668746948242,8900,0.0,0.0
2025-08-12 00:00:00-04:00,28.508014594566117,29.521285499267883,28.040351100088376,28.887990951538086,24100,0.0,0.0
2025-08-13 00:00:00-04:00,28.926963546471804,28.926963546471804,28.09880828857422,28.09880828857422,45200,0.0,0.0
2025-08-14 00:00:00-04:00,27.864975380601383,27.97214709774096,27.42653971580034,27.894203186035156,18300,0.0,0.0
2025-08-15 00:00:00-04:00,28.24495266414001,28.24495266414001,27.37782638507126,27.57268524169922,7800,0.0,0.0
2025-08-18 00:00:00-04:00,27.84548935995255,27.972147521519812,27.562943372611972,27.962406158447266,9600,0.0,0.0
2025-08-19 00:00:00-04:00,28.244952186318397,28.26443862915039,26.744531396514862,28.26443862915039,9000,0.0,0.0
2025-08-20 00:00:00-04:00,28.108551909408664,28.48852826793973,28.108551909408664,28.46904182434082,4400,0.0,0.0
2025-08-21 00:00:00-04:00,28.38135443060878,28.595701591605323,27.972148410368458,27.981891632080078,6500,0.0,0.0
2025-08-22 00:00:00-04:00,28.352125154231896,29.98894915035192,28.352125154231896,29.755117416381836,20600,0.0,0.0
2025-08-25 00:00:00-04:00,29.4725701971412,29.97920656057873,29.4725701971412,29.62845802307129,5500,0.0,0.0
2025-08-26 00:00:00-04:00,30.008434630970715,30.135094652111178,29.77460289001465,29.77460289001465,8500,0.0,0.0
2025-08-27 00:00:00-04:00,29.31668220482119,30.427383422851562,29.31668220482119,30.427383422851562,11000,0.0,0.0
2025-08-28 00:00:00-04:00,30.446870804474372,30.78787612915039,30.105865479798357,30.78787612915039,4700,0.0,0.0
2025-08-29 00:00:00-04:00,30.972993016851465,30.982734379987974,30.495584456665338,30.534557342529297,9800,0.0,0.0
2025-09-02 00:00:00-04:00,30.437126334322397,30.437126334322397,29.979206085205078,29.979206085205078,4000,0.0,0.0
2025-09-03 00:00:00-04:00,30.193552204401534,30.193552204401534,29.735631942749023,29.735631942749023,8000,0.0,0.0
2025-09-04 00:00:00-04:00,29.959721126580256,30.300726454158458,29.794090073661103,30.252010345458984,5700,0.0,0.0
2025-09-05 00:00:00-04:00,30.593014092476263,30.593014092476263,29.87203244593869,30.359182357788086,4200,0.0,0.0
2025-09-08 00:00:00-04:00,30.300725633383994,30.49558448791504,30.22278171990568,30.49558448791504,3100,0.0,0.0
2025-09-09 00:00:00-04:00,30.661215611008807,30.661215611008807,29.852546809828603,30.11560821533203,4900,0.0,0.0
2025-09-10 00:00:00-04:00,29.93049079824117,30.35918325365108,29.238738795000383,29.735631942749023,15300,0.0,0.0
2025-09-11 00:00:00-04:00,29.48231314372742,30.135094105598196,29.082850361214053,29.141307830810547,19500,0.0,0.0
2025-09-12 00:00:00-04:00,28.995162900861374,29.375139236450195,28.80030219329666,29.375139236450195,6000,0.0,0.0
2025-09-15 00:00:00-04:00,29.365397437521462,29.501800682755086,28.57621506448706,29.04387855529785,26800,0.0,0.0
2025-09-16 00:00:00-04:00,29.40436908975621,29.52128402838565,29.04387733593497,29.258224487304688,5000,0.0,0.0
2025-09-17 00:00:00-04:00,29.579744856399753,29.70640302272769,29.45308483174228,29.531028747558594,6400,0.0,0.0
2025-09-18 00:00:00-04:00,29.472571187384677,30.651473142881887,29.472571187384677,30.593015670776367,9400,0.0,0.0
2025-09-19 00:00:00-04:00,30.65147200911746,30.65147200911746,29.725888278086536,30.047407150268555,23200,0.0,0.0
2025-09-22 00:00:00-04:00,30.19355200971891,30.19355200971891,29.647944616197588,29.85254669189453,7900,0.0,0.0
2025-09-23 00:00:00-04:00,30.183808141722135,30.290981717170297,29.47256971525392,29.638200759887695,6300,0.0,0.0
2025-09-24 00:00:00-04:00,29.72588874774288,29.813575883207893,29.355653762817383,29.355653762817383,3600,0.0,0.0
2025-09-25 00:00:00-04:00,29.384883053511903,29.384883053511903,29.287452697753906,29.287452697753906,3100,0.0,0.0
2025-09-26 00:00:00-04:00,29.589486293841272,29.79408836364746,29.589486293841272,29.79408836364746,6600,0.0,0.0
2025-09-29 00:00:00-04:00,28.91721927222949,29.32642527545272,28.839275360107422,28.839275360107422,5400,0.0,0.0
2025-09-30 00:00:00-04:00,29.102336984097715,29.102336984097715,28.449556018184023,28.683387756347656,3900,0.0,0.0
2025-10-01 00:00:00-04:00,28.459297973802027,28.683388353579694,28.26443911710647,28.595701217651367,3900,0.0,0.0
2025-10-02 00:00:00-04:00,28.011120927744898,28.459297970590654,28.011120927744898,28.254695892333984,5000,0.0,0.0
2025-10-03 00:00:00-04:00,28.790559577307913,28.790559577307913,28.26443862915039,28.26443862915039,3200,0.0,0.0
2025-10-06 00:00:00-04:00,28.585958594932098,28.72235998330949,28.508014678955078,28.508014678955078,5600,0.0,0.0
2025-10-07 00:00:00-04:00,28.624929020844412,28.693131571926138,28.069578398914018,28.254695892333984,5300,0.0,0.0
2025-10-08 00:00:00-04:00,28.274181922552117,28.546984689576693,27.884462356567383,27.884462356567383,6600,0.0,0.0
2025-10-09 00:00:00-04:00,27.484998586544418,27.99163496763185,27.484998586544418,27.903947830200195,4000,0.0,0.0
2025-10-10 00:00:00-04:00,28.517756226899735,28.517756226899735,26.949132919311523,26.949132919311523,14800,0.0,0.0
2025-10-13 00:00:00-04:00,27.309625113111665,28.00137710571289,27.309625113111665,28.00137710571289,5100,0.0,0.0
2025-10-14 00:00:00-04:00,27.670115291762375,29.1705379486084,27.670115291762375,29.1705379486084,7600,0.0,0.0
2025-10-15 00:00:00-04:00,29.258225195738547,29.326425887978647,28.63467202740871,29.092594146728516,4700,0.0,0.0
2025-10-16 00:00:00-04:00,28.634670972210763,28.634670972210763,27.787031173706055,27.787031173706055,5900,0.0,0.0
2025-10-17 00:00:00-04:00,27.787032660456074,28.05983543395996,27.787032660456074,28.05983543395996,4800,0.0,0.0
2025-10-20 00:00:00-04:00,28.176751637051876,28.615187311338833,27.85523276201793,28.14752197265625,5800,0.0,0.0
2025-10-21 00:00:00-04:00,28.21572241144837,28.342382431030273,28.128037135707117,28.342382431030273,4200,0.0,0.0
2025-10-22 00:00:00-04:00,28.264438668851263,28.615187207001927,28.264438668851263,28.566471099853516,6100,0.0,0.0
2025-10-23 00:00:00-04:00,28.49827082129606,28.722359342438796,27.95266342163086,27.95266342163086,5300,0.0,0.0
2025-10-24 00:00:00-04:00,28.167007602866725,28.576213600950986,27.90394620588482,28.391096115112305,3600,0.0,0.0
2025-10-27 00:00:00-04:00,28.391096036951712,28.595699964595283,28.128036499023438,28.128036499023438,7300,0.0,0.0
2025-10-28 00:00:00-04:00,27.523971218383387,28.283925782969234,27.08553553528972,27.757802963256836,12800,0.0,0.0
2025-10-29 00:00:00-04:00,27.757802385787404,28.478784048730382,26.30609583844322,26.481470108032227,13400,0.0,0.0
2025-10-30 00:00:00-04:00,26.539926935486157,27.611657111643023,26.539926935486157,27.290138244628906,28200,0.0,0.0
2025-10-31 00:00:00-04:00,26.98810590932874,28.128036779482006,26.98810590932874,27.894203186035156,14900,0.0,0.0
2025-11-03 00:00:00-05:00,27.991633785605885,29.10233686006106,27.991633785605885,28.420326232910156,5100,0.0,0.0
2025-11-04 00:00:00-05:00,28.19623796858546,28.926962850623813,28.186494747158747,28.225465774536133,10900,0.0,0.0
2025-11-05 00:00:00-05:00,28.62492961983091,28.995164614418137,28.51775789683317,28.84902000427246,6800,0.0,0.0
2025-11-06 00:00:00-05:00,28.8392752805842,29.22899484011991,28.615186766142347,28.878246307373047,8400,0.0,0.0
2025-11-07 00:00:00-05:00,28.946446778610692,29.31668175111063,28.644414354550854,29.034133911132812,12100,0.0,0.0
2025-11-10 00:00:00-05:00,29.228994933649105,29.32642528842716,29.180280685424805,29.180280685424805,5100,0.0,0.0
2025-11-11 00:00:00-05:00,29.024394194915658,29.267969163889454,29.024394194915658,29.22899627685547,2900,0.0,0.0
2025-11-12 00:00:00-05:00,29.131565949954844,29.326426668682117,29.131565949954844,29.19002342224121,5300,0.0,0.0
2025-11-13 00:00:00-05:00,29.31668284721755,29.57000103304937,28.624928982382677,29.2777099609375,21700,0.0,0.0
2025-11-14 00:00:00-05:00,28.54698517799111,29.209509380665118,28.54698517799111,29.199766159057617,12900,0.0,0.0
2025-11-17 00:00:00-05:00,28.878246702336703,28.985420279548364,27.62140087335316,27.923433303833008,21400,0.0,0.0
2025-11-18 00:00:00-05:00,28.556728787794977,28.556728787794977,27.933177463074504,27.942920684814453,6900,0.0,0.0
2025-11-19 00:00:00-05:00,28.51775752835356,28.51775752835356,27.767546185415185,28.09880828857422,8400,0.0,0.0
2025-11-20 00:00:00-05:00,28.108551881229108,28.946448513517335,28.108551881229108,28.167009353637695,9800,0.0,0.0
2025-11-21 00:00:00-05:00,28.108551788473992,30.05715154007247,28.108551788473992,29.57000160217285,27600,0.0,0.0
2025-11-24 00:00:00-05:00,29.34000015258789,30.139999389648438,28.549999237060547,29.079999923706055,18500,0.78,0.0
2025-11-25 00:00:00-05:00,28.829999923706055,29.829999923706055,28.799999237060547,29.520000457763672,17500,0.0,0.0
2025-11-26 00:00:00-05:00,29.25,29.510000228881836,29.25,29.3799991607666,8200,0.0,0.0
2025-11-28 00:00:00-05:00,29.559999465942383,29.639999389648438,29.270000457763672,29.530000686645508,6200,0.0,0.0
2025-12-01 00:00:00-05:00,29.579999923706055,30.84000015258789,29.3799991607666,29.510000228881836,9000,0.0,0.0
2025-12-02 00:00:00-05:00,29.700000762939453,29.700000762939453,29.270000457763672,29.270000457763672,4700,0.0,0.0
2025-12-03 00:00:00-05:00,29.760000228881836,30.549999237060547,29.760000228881836,30.540000915527344,13600,0.0,0.0
2025-12-04 00:00:00-05:00,30.719999313354492,30.719999313354492,30.229999542236328,30.229999542236328,8800,0.0,0.0
2025-12-05 00:00:00-05:00,30.459999084472656,30.670000076293945,29.790000915527344,29.790000915527344,3400,0.0,0.0
2025-12-08 00:00:00-05:00,30.020000457763672,30.979999542236328,30.020000457763672,30.549999237060547,16500,0.0,0.0
2025-12-09 00:00:00-05:00,30.549999237060547,31.100000381469727,30.549999237060547,30.860000610351562,6200,0.0,0.0
2025-12-10 00:00:00-05:00,31.290000915527344,32.65999984741211,31.280000686645508,31.860000610351562,28700,0.0,0.0
2025-12-11 00:00:00-05:00,32.029998779296875,32.779998779296875,31.670000076293945,32.66999816894531,15100,0.0,0.0
2025-12-12 00:00:00-05:00,32.66999816894531,33.91999816894531,32.31999969482422,33.54999923706055,16700,0.0,0.0
2025-12-15 00:00:00-05:00,33.619998931884766,34.2400016784668,33.279998779296875,33.41999816894531,16100,0.0,0.0
2025-12-16 00:00:00-05:00,33.56999969482422,33.97999954223633,33.56999969482422,33.709999084472656,10600,0.0,0.0
2025-12-17 00:00:00-05:00,33.65999984741211,34.06999969482422,33.36000061035156,33.86000061035156,10800,0.0,0.0
2025-12-18 00:00:00-05:00,33.93000030517578,34.88999938964844,33.90999984741211,34.86000061035156,12100,0.0,0.0
2025-12-19 00:00:00-05:00,34.79999923706055,34.900001525878906,33.97999954223633,34.5099983215332,51500,0.0,0.0
2025-12-22 00:00:00-05:00,34.45000076293945,35.0,33.86000061035156,34.02000045776367,15800,0.0,0.0
2025-12-23 00:00:00-05:00,33.88999938964844,34.5099983215332,33.56999969482422,33.779998779296875,23200,0.0,0.0
2025-12-24 00:00:00-05:00,33.95000076293945,34.119998931884766,33.400001525878906,33.66999816894531,4900,0.0,0.0
2025-12-26 00:00:00-05:00,34.0,34.0,33.38999938964844,33.869998931884766,8600,0.0,0.0
2025-12-29 00:00:00-05:00,33.79999923706055,33.9900016784668,33.5,33.66999816894531,8400,0.0,0.0
2025-12-30 00:00:00-05:00,33.599998474121094,33.81999969482422,33.40999984741211,33.61000061035156,8400,0.0,0.0
2025-12-31 00:00:00-05:00,33.400001525878906,33.70000076293945,33.400001525878906,33.529998779296875,6700,0.0,0.0
2026-01-02 00:00:00-05:00,33.119998931884766,33.95000076293945,32.470001220703125,33.0099983215332,29300,0.0,0.0
2026-01-05 00:00:00-05:00,33.5,33.709999084472656,32.90999984741211,33.0099983215332,16700,0.0,0.0
2026-01-06 00:00:00-05:00,32.900001525878906,33.060001373291016,32.38999938964844,32.81999969482422,16400,0.0,0.0
2026-01-07 00:00:00-05:00,32.75,32.970001220703125,32.2599983215332,32.63999938964844,9500,0.0,0.0
2026-01-08 00:00:00-05:00,33.0,35.0,33.0,34.0,17100,0.0,0.0
2026-01-09 00:00:00-05:00,34.27000045776367,34.349998474121094,33.790000915527344,33.86000061035156,12100,0.0,0.0
2026-01-12 00:00:00-05:00,34.5,34.5,33.5,33.540000915527344,7600,0.0,0.0
2026-01-13 00:00:00-05:00,33.83000183105469,33.869998931884766,33.40999984741211,33.630001068115234,7700,0.0,0.0
2026-01-14 00:00:00-05:00,33.810001373291016,33.939998626708984,33.56999969482422,33.849998474121094,10800,0.0,0.0
2026-01-15 00:00:00-05:00,34.20000076293945,34.70000076293945,34.20000076293945,34.41999816894531,12000,0.0,0.0
2026-01-16 00:00:00-05:00,34.34000015258789,34.849998474121094,34.2599983215332,34.31999969482422,25000,0.0,0.0
2026-01-20 00:00:00-05:00,34.0,34.38999938964844,33.720001220703125,33.720001220703125,7100,0.0,0.0
2026-01-21 00:00:00-05:00,34.29999923706055,35.709999084472656,34.29999923706055,35.61000061035156,24100,0.0,0.0
2026-01-22 00:00:00-05:00,35.970001220703125,36.400001525878906,35.939998626708984,35.939998626708984,12400,0.0,0.0
2026-01-23 00:00:00-05:00,36.20000076293945,36.529998779296875,35.79999923706055,36.11000061035156,15700,0.0,0.0
2026-01-26 00:00:00-05:00,36.189998626708984,37.650001525878906,35.709999084472656,36.150001525878906,22900,0.0,0.0
2026-01-27 00:00:00-05:00,36.2599983215332,36.849998474121094,35.79999923706055,36.04999923706055,10800,0.0,0.0
2026-01-28 00:00:00-05:00,37.04999923706055,37.04999923706055,35.65999984741211,35.93000030517578,11500,0.0,0.0
2026-01-29 00:00:00-05:00,36.5099983215332,36.5099983215332,36.04999923706055,36.209999084472656,9600,0.0,0.0
2026-01-30 00:00:00-05:00,36.099998474121094,36.56999969482422,35.95000076293945,36.40999984741211,34100,0.0,0.0
2026-02-02 00:00:00-05:00,36.38999938964844,37.41999816894531,36.38999938964844,37.36000061035156,17700,0.0,0.0
2026-02-03 00:00:00-05:00,37.5,38.15999984741211,37.5,37.849998474121094,18400,0.0,0.0
2026-02-04 00:00:00-05:00,37.970001220703125,38.61000061035156,37.970001220703125,38.380001068115234,13500,0.0,0.0
2026-02-05 00:00:00-05:00,38.400001525878906,38.90999984741211,38.09000015258789,38.459999084472656,32400,0.0,0.0
2026-02-06 00:00:00-05:00,38.72999954223633,39.65999984741211,38.40999984741211,38.939998626708984,19500,0.0,0.0
2026-02-09 00:00:00-05:00,40.0,40.0,38.63999938964844,38.689998626708984,14400,0.0,0.0
2026-02-10 00:00:00-05:00,38.93000030517578,39.150001525878906,38.119998931884766,38.220001220703125,11600,0.0,0.0
2026-02-11 00:00:00-05:00,38.54999923706055,38.54999923706055,37.70000076293945,37.77000045776367,12600,0.0,0.0
2026-02-12 00:00:00-05:00,38.060001373291016,38.060001373291016,37.31999969482422,37.939998626708984,19400,0.0,0.0
2026-02-13 00:00:00-05:00,37.84000015258789,38.459999084472656,37.79999923706055,38.13999938964844,11700,0.0,0.0
2026-02-17 00:00:00-05:00,38.08000183105469,38.5,38.08000183105469,38.209999084472656,13900,0.0,0.0
2026-02-18 00:00:00-05:00,38.439998626708984,38.720001220703125,38.0,38.09000015258789,10500,0.0,0.0
2026-02-19 00:00:00-05:00,38.16999816894531,38.20000076293945,37.540000915527344,38.11000061035156,12500,0.0,0.0
2026-02-20 00:00:00-05:00,38.0099983215332,38.65999984741211,37.619998931884766,38.40999984741211,12300,0.0,0.0
2026-02-23 00:00:00-05:00,38.52000045776367,38.68000030517578,37.130001068115234,37.56999969482422,14300,0.0,0.0
2026-02-24 00:00:00-05:00,37.72999954223633,37.83000183105469,37.5,37.650001525878906,7900,0.0,0.0
2026-02-25 00:00:00-05:00,37.93000030517578,38.18000030517578,37.650001525878906,38.0,28600,0.0,0.0
2026-02-26 00:00:00-05:00,38.220001220703125,39.0,38.220001220703125,38.310001373291016,12300,0.0,0.0
2026-02-27 00:00:00-05:00,37.790000915527344,38.310001373291016,37.220001220703125,37.54999923706055,18200,0.0,0.0
2026-03-02 00:00:00-05:00,37.0099983215332,37.90999984741211,37.0099983215332,37.790000915527344,11400,0.0,0.0
2026-03-03 00:00:00-05:00,37.349998474121094,37.790000915527344,37.0,37.5099983215332,14900,0.0,0.0
2026-03-04 00:00:00-05:00,37.849998474121094,38.310001373291016,37.75,38.06999969482422,21400,0.0,0.0
2026-03-05 00:00:00-05:00,38.0,38.0,37.34000015258789,37.41999816894531,17500,0.0,0.0
2026-03-06 00:00:00-05:00,36.63999938964844,37.290000915527344,36.5,37.0099983215332,24300,0.0,0.0
2026-03-09 00:00:00-04:00,36.5,37.630001068115234,34.31999969482422,37.189998626708984,23400,0.0,0.0
2026-03-10 00:00:00-04:00,37.0,37.81999969482422,37.0,37.279998779296875,17800,0.0,0.0
2026-03-11 00:00:00-04:00,37.08000183105469,37.45000076293945,37.08000183105469,37.22999954223633,9600,0.0,0.0
2026-03-12 00:00:00-04:00,36.75,37.459999084472656,36.27000045776367,37.0,21500,0.0,0.0
2026-03-13 00:00:00-04:00,37.5,37.70000076293945,36.86000061035156,37.09000015258789,21500,0.0,0.0
2026-03-16 00:00:00-04:00,37.290000915527344,37.95000076293945,37.290000915527344,37.7599983215332,13100,0.0,0.0
2026-03-17 00:00:00-04:00,37.9900016784668,38.5099983215332,37.61000061035156,37.7400016784668,26700,0.0,0.0
2026-03-18 00:00:00-04:00,37.70000076293945,37.70000076293945,36.529998779296875,36.529998779296875,21300,0.0,0.0
2026-03-19 00:00:00-04:00,36.2400016784668,36.96500015258789,36.18000030517578,36.5,40396,0.0,0.0
