Date,Open,High,Low,Close,Volume,Dividends,Stock Splits
2022-01-03 00:00:00-05:00,14.289999961853027,14.5649995803833,13.704999923706055,14.300000190734863,389900,0.0,0.0
2022-01-04 00:00:00-05:00,14.5,14.5,13.289999961853027,13.789999961853027,482600,0.0,0.0
2022-01-05 00:00:00-05:00,13.600000381469727,13.859999656677246,12.449999809265137,12.470000267028809,578400,0.0,0.0
2022-01-06 00:00:00-05:00,12.579999923706055,12.649999618530273,11.699999809265137,12.039999961853027,475700,0.0,0.0
2022-01-07 00:00:00-05:00,13.079999923706055,13.75,12.670000076293945,12.920000076293945,781400,0.0,0.0
2022-01-10 00:00:00-05:00,12.739999771118164,13.149999618530273,12.335000038146973,13.130000114440918,501800,0.0,0.0
2022-01-11 00:00:00-05:00,13.130000114440918,13.4399995803833,12.869999885559082,13.039999961853027,388300,0.0,0.0
2022-01-12 00:00:00-05:00,13.069999694824219,13.34000015258789,12.15999984741211,12.25,308400,0.0,0.0
2022-01-13 00:00:00-05:00,12.25,12.494999885559082,11.619999885559082,11.770000457763672,382600,0.0,0.0
2022-01-14 00:00:00-05:00,11.59000015258789,12.289999961853027,11.579999923706055,12.25,417200,0.0,0.0
2022-01-18 00:00:00-05:00,11.9399995803833,11.979999542236328,11.0600004196167,11.09000015258789,423200,0.0,0.0
2022-01-19 00:00:00-05:00,11.170000076293945,11.635000228881836,10.640000343322754,10.760000228881836,657600,0.0,0.0
2022-01-20 00:00:00-05:00,10.819999694824219,11.75,10.40999984741211,10.520000457763672,615500,0.0,0.0
2022-01-21 00:00:00-05:00,10.260000228881836,11.069999694824219,10.149999618530273,10.170000076293945,772500,0.0,0.0
2022-01-24 00:00:00-05:00,9.630000114440918,10.5600004196167,9.039999961853027,10.510000228881836,610700,0.0,0.0
2022-01-25 00:00:00-05:00,10.079999923706055,10.65999984741211,9.920000076293945,10.350000381469727,489100,0.0,0.0
2022-01-26 00:00:00-05:00,10.869999885559082,11.430000305175781,10.079999923706055,10.1899995803833,613500,0.0,0.0
2022-01-27 00:00:00-05:00,10.5600004196167,10.5600004196167,9.920000076293945,9.979999542236328,379800,0.0,0.0
2022-01-28 00:00:00-05:00,9.930000305175781,10.430000305175781,9.550000190734863,10.369999885559082,408700,0.0,0.0
2022-01-31 00:00:00-05:00,10.420000076293945,11.470000267028809,10.420000076293945,11.390000343322754,448100,0.0,0.0
2022-02-01 00:00:00-05:00,11.59000015258789,11.789999961853027,11.010000228881836,11.75,340800,0.0,0.0
2022-02-02 00:00:00-05:00,11.960000038146973,11.960000038146973,11.135000228881836,11.770000457763672,436400,0.0,0.0
2022-02-03 00:00:00-05:00,11.369999885559082,11.920000076293945,11.050000190734863,11.149999618530273,528700,0.0,0.0
2022-02-04 00:00:00-05:00,11.130000114440918,11.670000076293945,10.710000038146973,11.520000457763672,401300,0.0,0.0
2022-02-07 00:00:00-05:00,11.539999961853027,12.039999961853027,11.524999618530273,11.699999809265137,455600,0.0,0.0
2022-02-08 00:00:00-05:00,11.630000114440918,12.0,11.529999732971191,11.9399995803833,429400,0.0,0.0
2022-02-09 00:00:00-05:00,11.9399995803833,12.779999732971191,11.9399995803833,12.600000381469727,409000,0.0,0.0
2022-02-10 00:00:00-05:00,12.130000114440918,12.960000038146973,11.829999923706055,12.050000190734863,500500,0.0,0.0
2022-02-11 00:00:00-05:00,12.039999961853027,12.399999618530273,11.109999656677246,11.399999618530273,426100,0.0,0.0
2022-02-14 00:00:00-05:00,11.420000076293945,11.729999542236328,11.109999656677246,11.170000076293945,280300,0.0,0.0
2022-02-15 00:00:00-05:00,11.4399995803833,11.649999618530273,10.989999771118164,11.329999923706055,424300,0.0,0.0
2022-02-16 00:00:00-05:00,11.369999885559082,11.449999809265137,10.75,11.119999885559082,328300,0.0,0.0
2022-02-17 00:00:00-05:00,10.920000076293945,10.920000076293945,10.0,10.170000076293945,327600,0.0,0.0
2022-02-18 00:00:00-05:00,10.079999923706055,10.180000305175781,9.630000114440918,9.65999984741211,478600,0.0,0.0
2022-02-22 00:00:00-05:00,9.460000038146973,9.859999656677246,9.40999984741211,9.59000015258789,543200,0.0,0.0
2022-02-23 00:00:00-05:00,9.789999961853027,9.854999542236328,9.079999923706055,9.15999984741211,491000,0.0,0.0
2022-02-24 00:00:00-05:00,8.6899995803833,10.119999885559082,8.59000015258789,10.039999961853027,718000,0.0,0.0
2022-02-25 00:00:00-05:00,9.699999809265137,10.329999923706055,9.5,10.279999732971191,545100,0.0,0.0
2022-02-28 00:00:00-05:00,10.100000381469727,10.789999961853027,10.079999923706055,10.5,668900,0.0,0.0
2022-03-01 00:00:00-05:00,10.359999656677246,10.710000038146973,10.039999961853027,10.170000076293945,518800,0.0,0.0
2022-03-02 00:00:00-05:00,10.180000305175781,10.204999923706055,9.699999809265137,9.989999771118164,399200,0.0,0.0
2022-03-03 00:00:00-05:00,10.100000381469727,10.5,9.539999961853027,9.869999885559082,691800,0.0,0.0
2022-03-04 00:00:00-05:00,9.710000038146973,9.920000076293945,8.6899995803833,8.90999984741211,418200,0.0,0.0
2022-03-07 00:00:00-05:00,9.15999984741211,9.319999694824219,8.6899995803833,9.260000228881836,555400,0.0,0.0
2022-03-08 00:00:00-05:00,9.199999809265137,9.739999771118164,9.010000228881836,9.479999542236328,573100,0.0,0.0
2022-03-09 00:00:00-05:00,9.859999656677246,10.09000015258789,9.510000228881836,9.84000015258789,535700,0.0,0.0
2022-03-10 00:00:00-05:00,9.75,9.805000305175781,8.989999771118164,9.289999961853027,373100,0.0,0.0
2022-03-11 00:00:00-05:00,9.380000114440918,9.380000114440918,8.350000381469727,8.369999885559082,423200,0.0,0.0
2022-03-14 00:00:00-04:00,8.369999885559082,8.369999885559082,7.525000095367432,7.579999923706055,497000,0.0,0.0
2022-03-15 00:00:00-04:00,7.559999942779541,7.690000057220459,7.320000171661377,7.559999942779541,437500,0.0,0.0
2022-03-16 00:00:00-04:00,7.860000133514404,8.100000381469727,7.570000171661377,8.079999923706055,537100,0.0,0.0
2022-03-17 00:00:00-04:00,7.980000019073486,8.59000015258789,7.900000095367432,8.479999542236328,394100,0.0,0.0
2022-03-18 00:00:00-04:00,8.319999694824219,9.1899995803833,8.270000457763672,8.739999771118164,636000,0.0,0.0
2022-03-21 00:00:00-04:00,8.720000267028809,8.859999656677246,8.020000457763672,8.130000114440918,426000,0.0,0.0
2022-03-22 00:00:00-04:00,8.170000076293945,8.800000190734863,8.119999885559082,8.630000114440918,419200,0.0,0.0
2022-03-23 00:00:00-04:00,8.529999732971191,8.640000343322754,8.140000343322754,8.289999961853027,438700,0.0,0.0
2022-03-24 00:00:00-04:00,8.34000015258789,8.470000267028809,7.960000038146973,8.239999771118164,226500,0.0,0.0
2022-03-25 00:00:00-04:00,8.369999885559082,8.479999542236328,7.730000019073486,7.840000152587891,295500,0.0,0.0
2022-03-28 00:00:00-04:00,7.840000152587891,8.09000015258789,7.559999942779541,7.880000114440918,207700,0.0,0.0
2022-03-29 00:00:00-04:00,8.029999732971191,8.800000190734863,8.029999732971191,8.600000381469727,467200,0.0,0.0
2022-03-30 00:00:00-04:00,8.529999732971191,8.9399995803833,8.25,8.319999694824219,316600,0.0,0.0
2022-03-31 00:00:00-04:00,8.270000457763672,8.5,8.100000381469727,8.1899995803833,272000,0.0,0.0
2022-04-01 00:00:00-04:00,8.220000267028809,8.75,8.220000267028809,8.729999542236328,292800,0.0,0.0
2022-04-04 00:00:00-04:00,8.619999885559082,8.960000038146973,8.590999603271484,8.760000228881836,353500,0.0,0.0
2022-04-05 00:00:00-04:00,8.760000228881836,8.869999885559082,8.210000038146973,8.3100004196167,245900,0.0,0.0
2022-04-06 00:00:00-04:00,8.289999961853027,8.289999961853027,7.730000019073486,8.0,347800,0.0,0.0
2022-04-07 00:00:00-04:00,8.020000457763672,8.239999771118164,7.78000020980835,8.029999732971191,219300,0.0,0.0
2022-04-08 00:00:00-04:00,7.960000038146973,8.029999732971191,7.510000228881836,7.539999961853027,304600,0.0,0.0
2022-04-11 00:00:00-04:00,7.449999809265137,7.619999885559082,7.150000095367432,7.429999828338623,436700,0.0,0.0
2022-04-12 00:00:00-04:00,7.610000133514404,7.889999866485596,7.269999980926514,7.429999828338623,444700,0.0,0.0
2022-04-13 00:00:00-04:00,7.400000095367432,7.579999923706055,7.25,7.349999904632568,492700,0.0,0.0
2022-04-14 00:00:00-04:00,7.454999923706055,7.800000190734863,6.78000020980835,6.900000095367432,391000,0.0,0.0
2022-04-18 00:00:00-04:00,6.809999942779541,6.840000152587891,6.460000038146973,6.579999923706055,436900,0.0,0.0
2022-04-19 00:00:00-04:00,6.599999904632568,7.070000171661377,6.409999847412109,6.800000190734863,475500,0.0,0.0
2022-04-20 00:00:00-04:00,6.820000171661377,6.900000095367432,6.559999942779541,6.710000038146973,397400,0.0,0.0
2022-04-21 00:00:00-04:00,6.900000095367432,7.0,6.059999942779541,6.079999923706055,445400,0.0,0.0
2022-04-22 00:00:00-04:00,6.079999923706055,6.210000038146973,5.869999885559082,5.909999847412109,485900,0.0,0.0
2022-04-25 00:00:00-04:00,5.860000133514404,6.21999979019165,5.789999961853027,6.170000076293945,480200,0.0,0.0
2022-04-26 00:00:00-04:00,6.21999979019165,6.21999979019165,5.704999923706055,5.75,476100,0.0,0.0
2022-04-27 00:00:00-04:00,5.739999771118164,5.869999885559082,5.619999885559082,5.670000076293945,380000,0.0,0.0
2022-04-28 00:00:00-04:00,5.71999979019165,5.889999866485596,5.409999847412109,5.78000020980835,465200,0.0,0.0
2022-04-29 00:00:00-04:00,5.760000228881836,6.079999923706055,5.579999923706055,5.599999904632568,345500,0.0,0.0
2022-05-02 00:00:00-04:00,5.53000020980835,5.920000076293945,5.510000228881836,5.860000133514404,443300,0.0,0.0
2022-05-03 00:00:00-04:00,5.869999885559082,6.0,5.659999847412109,5.800000190734863,329900,0.0,0.0
2022-05-04 00:00:00-04:00,5.800000190734863,6.050000190734863,5.400000095367432,5.96999979019165,478900,0.0,0.0
2022-05-05 00:00:00-04:00,5.75,5.889999866485596,5.204999923706055,5.380000114440918,432100,0.0,0.0
2022-05-06 00:00:00-04:00,5.300000190734863,5.449999809265137,5.039999961853027,5.199999809265137,535200,0.0,0.0
2022-05-09 00:00:00-04:00,5.059999942779541,5.059999942779541,4.340000152587891,4.360000133514404,777900,0.0,0.0
2022-05-10 00:00:00-04:00,4.489999771118164,4.699999809265137,3.9700000286102295,4.400000095367432,1143900,0.0,0.0
2022-05-11 00:00:00-04:00,4.349999904632568,4.619999885559082,3.990000009536743,4.039999961853027,688700,0.0,0.0
2022-05-12 00:00:00-04:00,4.050000190734863,4.699999809265137,3.9800000190734863,4.570000171661377,920700,0.0,0.0
2022-05-13 00:00:00-04:00,4.75,5.210000038146973,4.699999809265137,5.019999980926514,846500,0.0,0.0
2022-05-16 00:00:00-04:00,4.860000133514404,5.114999771118164,4.739999771118164,4.800000190734863,595100,0.0,0.0
2022-05-17 00:00:00-04:00,4.949999809265137,5.139999866485596,4.699999809265137,4.809999942779541,404300,0.0,0.0
2022-05-18 00:00:00-04:00,4.639999866485596,4.760000228881836,4.244999885559082,4.329999923706055,447200,0.0,0.0
2022-05-19 00:00:00-04:00,4.269999980926514,4.550000190734863,4.269999980926514,4.380000114440918,631500,0.0,0.0
2022-05-20 00:00:00-04:00,4.489999771118164,4.559999942779541,4.079999923706055,4.429999828338623,455300,0.0,0.0
2022-05-23 00:00:00-04:00,4.489999771118164,4.670000076293945,4.309999942779541,4.360000133514404,458100,0.0,0.0
2022-05-24 00:00:00-04:00,4.28000020980835,4.28000020980835,3.990000009536743,4.059999942779541,439700,0.0,0.0
2022-05-25 00:00:00-04:00,4.059999942779541,4.144999980926514,3.940000057220459,4.050000190734863,511100,0.0,0.0
2022-05-26 00:00:00-04:00,4.059999942779541,4.239999771118164,4.050000190734863,4.110000133514404,407700,0.0,0.0
2022-05-27 00:00:00-04:00,4.130000114440918,4.650000095367432,4.090000152587891,4.579999923706055,597300,0.0,0.0
2022-05-31 00:00:00-04:00,4.510000228881836,4.708000183105469,3.9049999713897705,3.9600000381469727,1357200,0.0,0.0
2022-06-01 00:00:00-04:00,3.9600000381469727,3.9800000190734863,3.619999885559082,3.625,973800,0.0,0.0
2022-06-02 00:00:00-04:00,3.5899999141693115,3.859999895095825,3.509999990463257,3.8299999237060547,753400,0.0,0.0
2022-06-03 00:00:00-04:00,3.7899999618530273,3.859999895095825,3.640000104904175,3.819999933242798,710700,0.0,0.0
2022-06-06 00:00:00-04:00,3.9000000953674316,3.9519999027252197,3.4700000286102295,3.5,946200,0.0,0.0
2022-06-07 00:00:00-04:00,3.430000066757202,3.8499999046325684,3.4100000858306885,3.8399999141693115,974700,0.0,0.0
2022-06-08 00:00:00-04:00,3.7799999713897705,4.5,3.7799999713897705,4.340000152587891,820000,0.0,0.0
2022-06-09 00:00:00-04:00,4.389999866485596,4.449999809265137,4.110000133514404,4.420000076293945,730300,0.0,0.0
2022-06-10 00:00:00-04:00,4.199999809265137,4.340000152587891,3.865000009536743,3.940000057220459,613800,0.0,0.0
2022-06-13 00:00:00-04:00,3.7300000190734863,3.7899999618530273,3.569999933242798,3.640000104904175,467200,0.0,0.0
2022-06-14 00:00:00-04:00,3.680000066757202,3.7100000381469727,3.2049999237060547,3.3299999237060547,682200,0.0,0.0
2022-06-15 00:00:00-04:00,3.240000009536743,3.490000009536743,3.240000009536743,3.4000000953674316,553000,0.0,0.0
2022-06-16 00:00:00-04:00,3.2699999809265137,3.3350000381469727,3.130000114440918,3.2799999713897705,547500,0.0,0.0
2022-06-17 00:00:00-04:00,3.2899999618530273,3.559999942779541,3.259999990463257,3.2699999809265137,878900,0.0,0.0
2022-06-21 00:00:00-04:00,3.3399999141693115,3.609999895095825,3.305000066757202,3.4000000953674316,842600,0.0,0.0
2022-06-22 00:00:00-04:00,3.440000057220459,3.7200000286102295,3.259999990463257,3.5799999237060547,722700,0.0,0.0
2022-06-23 00:00:00-04:00,3.5999999046325684,3.9200000762939453,3.559999942779541,3.9100000858306885,551100,0.0,0.0
2022-06-24 00:00:00-04:00,3.9800000190734863,4.170000076293945,3.869999885559082,4.0,5081400,0.0,0.0
2022-06-27 00:00:00-04:00,4.0,4.150000095367432,3.75,3.9100000858306885,590400,0.0,0.0
2022-06-28 00:00:00-04:00,3.9700000286102295,4.050000190734863,3.640000104904175,3.680000066757202,538500,0.0,0.0
2022-06-29 00:00:00-04:00,3.680000066757202,3.680000066757202,3.450000047683716,3.490000009536743,413700,0.0,0.0
2022-06-30 00:00:00-04:00,3.4700000286102295,3.5,3.319999933242798,3.450000047683716,449700,0.0,0.0
2022-07-01 00:00:00-04:00,3.490000009536743,3.5789999961853027,3.309999942779541,3.4000000953674316,350600,0.0,0.0
2022-07-05 00:00:00-04:00,3.390000104904175,3.75,3.309999942779541,3.7300000190734863,547700,0.0,0.0
2022-07-06 00:00:00-04:00,3.700000047683716,3.9100000858306885,3.6500000953674316,3.700000047683716,513300,0.0,0.0
2022-07-07 00:00:00-04:00,3.700000047683716,4.070000171661377,3.700000047683716,4.059999942779541,609700,0.0,0.0
2022-07-08 00:00:00-04:00,3.9700000286102295,4.179999828338623,3.9070000648498535,4.03000020980835,282100,0.0,0.0
2022-07-11 00:00:00-04:00,3.9800000190734863,3.990000009536743,3.7200000286102295,3.7699999809265137,376500,0.0,0.0
2022-07-12 00:00:00-04:00,3.7899999618530273,3.9100000858306885,3.630000114440918,3.9000000953674316,355200,0.0,0.0
2022-07-13 00:00:00-04:00,3.7300000190734863,4.179999828338623,3.7300000190734863,4.170000076293945,339800,0.0,0.0
2022-07-14 00:00:00-04:00,4.090000152587891,4.184000015258789,3.9600000381469727,4.099999904632568,232900,0.0,0.0
2022-07-15 00:00:00-04:00,4.119999885559082,4.119999885559082,3.7290000915527344,4.050000190734863,323400,0.0,0.0
2022-07-18 00:00:00-04:00,4.099999904632568,4.244999885559082,3.859999895095825,3.9100000858306885,353200,0.0,0.0
2022-07-19 00:00:00-04:00,4.019999980926514,4.289999961853027,3.9800000190734863,4.159999847412109,650200,0.0,0.0
2022-07-20 00:00:00-04:00,4.170000076293945,4.610000133514404,4.119999885559082,4.449999809265137,532700,0.0,0.0
2022-07-21 00:00:00-04:00,4.440000057220459,4.559999942779541,4.309999942779541,4.309999942779541,348900,0.0,0.0
2022-07-22 00:00:00-04:00,4.329999923706055,4.329999923706055,3.734999895095825,3.75,330900,0.0,0.0
2022-07-25 00:00:00-04:00,3.700000047683716,3.7850000858306885,3.5199999809265137,3.690000057220459,770400,0.0,0.0
2022-07-26 00:00:00-04:00,3.630000114440918,3.740000009536743,3.4200000762939453,3.630000114440918,939100,0.0,0.0
2022-07-27 00:00:00-04:00,3.7300000190734863,3.9700000286102295,3.5999999046325684,3.9600000381469727,623600,0.0,0.0
2022-07-28 00:00:00-04:00,3.9100000858306885,3.990000009536743,3.549999952316284,3.7899999618530273,876600,0.0,0.0
2022-07-29 00:00:00-04:00,3.740000009536743,3.75,3.5850000381469727,3.690000057220459,351700,0.0,0.0
2022-08-01 00:00:00-04:00,3.640000104904175,3.759999990463257,3.5199999809265137,3.6500000953674316,292900,0.0,0.0
2022-08-02 00:00:00-04:00,3.609999895095825,4.070000171661377,3.5899999141693115,4.070000171661377,418000,0.0,0.0
2022-08-03 00:00:00-04:00,4.099999904632568,4.480000019073486,4.090000152587891,4.480000019073486,393100,0.0,0.0
2022-08-04 00:00:00-04:00,4.570000171661377,4.679999828338623,4.349999904632568,4.5,433500,0.0,0.0
2022-08-05 00:00:00-04:00,4.380000114440918,4.960000038146973,4.179999828338623,4.960000038146973,618500,0.0,0.0
2022-08-08 00:00:00-04:00,5.019999980926514,5.019999980926514,4.460000038146973,4.519999980926514,676100,0.0,0.0
2022-08-09 00:00:00-04:00,4.510000228881836,4.510000228881836,3.9000000953674316,4.039999961853027,605000,0.0,0.0
2022-08-10 00:00:00-04:00,4.21999979019165,4.820000171661377,4.079999923706055,4.769999980926514,938000,0.0,0.0
2022-08-11 00:00:00-04:00,4.929999828338623,5.300000190734863,4.710000038146973,4.809999942779541,957200,0.0,0.0
2022-08-12 00:00:00-04:00,4.860000133514404,5.380000114440918,4.800000190734863,5.380000114440918,630400,0.0,0.0
2022-08-15 00:00:00-04:00,5.389999866485596,5.574999809265137,5.199999809265137,5.320000171661377,569200,0.0,0.0
2022-08-16 00:00:00-04:00,5.269999980926514,5.269999980926514,4.769999980926514,4.769999980926514,360200,0.0,0.0
2022-08-17 00:00:00-04:00,4.710000038146973,4.751999855041504,4.429999828338623,4.480000019073486,335000,0.0,0.0
2022-08-18 00:00:00-04:00,4.510000228881836,4.579999923706055,4.179999828338623,4.409999847412109,337300,0.0,0.0
2022-08-19 00:00:00-04:00,4.300000190734863,4.340000152587891,4.0279998779296875,4.090000152587891,239500,0.0,0.0
2022-08-22 00:00:00-04:00,4.010000228881836,4.070000171661377,3.8399999141693115,3.8499999046325684,339300,0.0,0.0
2022-08-23 00:00:00-04:00,3.859999895095825,3.944000005722046,3.799999952316284,3.8299999237060547,197000,0.0,0.0
2022-08-24 00:00:00-04:00,3.8399999141693115,3.9600000381469727,3.7300000190734863,3.859999895095825,350000,0.0,0.0
2022-08-25 00:00:00-04:00,3.950000047683716,3.950000047683716,3.759999990463257,3.7699999809265137,326400,0.0,0.0
2022-08-26 00:00:00-04:00,3.799999952316284,3.859999895095825,3.509999990463257,3.5299999713897705,381300,0.0,0.0
2022-08-29 00:00:00-04:00,3.430000066757202,3.549999952316284,3.3399999141693115,3.490000009536743,484600,0.0,0.0
2022-08-30 00:00:00-04:00,3.5999999046325684,3.5999999046325684,3.240000009536743,3.25,448700,0.0,0.0
2022-08-31 00:00:00-04:00,3.299999952316284,3.4100000858306885,3.2200000286102295,3.309999942779541,508200,0.0,0.0
2022-09-01 00:00:00-04:00,3.25,3.319999933242798,3.140000104904175,3.319999933242798,256100,0.0,0.0
2022-09-02 00:00:00-04:00,3.3299999237060547,3.369999885559082,3.1449999809265137,3.200000047683716,297700,0.0,0.0
2022-09-06 00:00:00-04:00,3.180000066757202,3.190000057220459,3.0199999809265137,3.0399999618530273,297400,0.0,0.0
2022-09-07 00:00:00-04:00,3.0299999713897705,3.190000057220459,3.0199999809265137,3.130000114440918,262400,0.0,0.0
2022-09-08 00:00:00-04:00,3.0899999141693115,3.309999942779541,3.059999942779541,3.2899999618530273,240000,0.0,0.0
2022-09-09 00:00:00-04:00,3.319999933242798,3.5,3.2699999809265137,3.430000066757202,329600,0.0,0.0
2022-09-12 00:00:00-04:00,3.490000009536743,3.6500000953674316,3.369999885559082,3.640000104904175,390400,0.0,0.0
2022-09-13 00:00:00-04:00,3.380000114440918,3.4800000190734863,3.2699999809265137,3.4000000953674316,415300,0.0,0.0
2022-09-14 00:00:00-04:00,3.380000114440918,3.875,3.2739999294281006,3.6700000762939453,592000,0.0,0.0
2022-09-15 00:00:00-04:00,3.609999895095825,3.9600000381469727,3.609999895095825,3.890000104904175,570500,0.0,0.0
2022-09-16 00:00:00-04:00,3.7799999713897705,3.7909998893737793,3.4800000190734863,3.5299999713897705,590400,0.0,0.0
2022-09-19 00:00:00-04:00,3.4600000381469727,3.634999990463257,3.299999952316284,3.609999895095825,410100,0.0,0.0
2022-09-20 00:00:00-04:00,3.4800000190734863,3.559999942779541,3.2300000190734863,3.2699999809265137,534200,0.0,0.0
2022-09-21 00:00:00-04:00,3.2699999809265137,3.3499999046325684,3.119999885559082,3.2100000381469727,422700,0.0,0.0
2022-09-22 00:00:00-04:00,3.190000057220459,3.190000057220459,3.0,3.0799999237060547,420200,0.0,0.0
2022-09-23 00:00:00-04:00,3.0,3.0899999141693115,2.930000066757202,3.0799999237060547,328600,0.0,0.0
2022-09-26 00:00:00-04:00,3.0299999713897705,3.177999973297119,2.930000066757202,3.0,459000,0.0,0.0
2022-09-27 00:00:00-04:00,3.059999942779541,3.0899999141693115,2.8399999141693115,2.890000104904175,566000,0.0,0.0
2022-09-28 00:00:00-04:00,2.880000114440918,3.1700000762939453,2.880000114440918,3.119999885559082,350900,0.0,0.0
2022-09-29 00:00:00-04:00,3.069999933242798,3.069999933242798,2.9100000858306885,2.930000066757202,151800,0.0,0.0
2022-09-30 00:00:00-04:00,2.9700000286102295,3.0799999237060547,2.9200000762939453,2.9700000286102295,246400,0.0,0.0
2022-10-03 00:00:00-04:00,3.1600000858306885,3.490000009536743,3.049999952316284,3.359999895095825,581300,0.0,0.0
2022-10-04 00:00:00-04:00,3.450000047683716,3.75,3.440000057220459,3.640000104904175,414800,0.0,0.0
2022-10-05 00:00:00-04:00,3.5199999809265137,3.5899999141693115,3.255000114440918,3.4649999141693115,298700,0.0,0.0
2022-10-06 00:00:00-04:00,3.4000000953674316,3.569999933242798,3.319999933242798,3.430000066757202,200100,0.0,0.0
2022-10-07 00:00:00-04:00,3.359999895095825,3.359999895095825,3.0799999237060547,3.140000104904175,223200,0.0,0.0
2022-10-10 00:00:00-04:00,3.130000114440918,3.130000114440918,2.8499999046325684,2.8499999046325684,387800,0.0,0.0
2022-10-11 00:00:00-04:00,2.890000104904175,2.890000104904175,2.6449999809265137,2.740000009536743,307800,0.0,0.0
2022-10-12 00:00:00-04:00,2.759999990463257,2.7699999809265137,2.625,2.6700000762939453,217900,0.0,0.0
2022-10-13 00:00:00-04:00,2.5199999809265137,2.674999952316284,2.4600000381469727,2.569999933242798,450600,0.0,0.0
2022-10-14 00:00:00-04:00,2.640000104904175,2.6649999618530273,2.4000000953674316,2.4200000762939453,353700,0.0,0.0
2022-10-17 00:00:00-04:00,2.549999952316284,2.680000066757202,2.490000009536743,2.559999942779541,458500,0.0,0.0
2022-10-18 00:00:00-04:00,2.619999885559082,2.7170000076293945,2.5399999618530273,2.619999885559082,262900,0.0,0.0
2022-10-19 00:00:00-04:00,2.5799999237060547,2.638000011444092,2.2699999809265137,2.3499999046325684,610800,0.0,0.0
2022-10-20 00:00:00-04:00,2.3299999237060547,2.5450000762939453,2.259999990463257,2.369999885559082,222500,0.0,0.0
2022-10-21 00:00:00-04:00,2.359999895095825,2.4100000858306885,2.259999990463257,2.3299999237060547,500600,0.0,0.0
2022-10-24 00:00:00-04:00,2.3499999046325684,2.4049999713897705,2.190000057220459,2.369999885559082,381700,0.0,0.0
2022-10-25 00:00:00-04:00,2.380000114440918,2.7200000286102295,2.380000114440918,2.640000104904175,353900,0.0,0.0
2022-10-26 00:00:00-04:00,2.680000066757202,2.8919999599456787,2.552000045776367,2.740000009536743,432100,0.0,0.0
2022-10-27 00:00:00-04:00,2.759999990463257,2.765000104904175,2.5799999237060547,2.640000104904175,210600,0.0,0.0
2022-10-28 00:00:00-04:00,2.630000114440918,2.700000047683716,2.5250000953674316,2.6700000762939453,172700,0.0,0.0
2022-10-31 00:00:00-04:00,2.6500000953674316,2.7149999141693115,2.5,2.6700000762939453,221900,0.0,0.0
2022-11-01 00:00:00-04:00,2.740000009536743,2.815999984741211,2.688999891281128,2.740000009536743,248200,0.0,0.0
2022-11-02 00:00:00-04:00,2.7300000190734863,2.930000066757202,2.630000114440918,2.700000047683716,308000,0.0,0.0
2022-11-03 00:00:00-04:00,2.5199999809265137,2.805000066757202,2.5199999809265137,2.700000047683716,386400,0.0,0.0
2022-11-04 00:00:00-04:00,2.7300000190734863,2.740000009536743,2.4049999713897705,2.5299999713897705,684000,0.0,0.0
2022-11-07 00:00:00-05:00,2.549999952316284,2.625,2.319999933242798,2.319999933242798,419400,0.0,0.0
2022-11-08 00:00:00-05:00,2.380000114440918,2.450000047683716,2.25,2.3299999237060547,310800,0.0,0.0
2022-11-09 00:00:00-05:00,2.2899999618530273,2.3299999237060547,2.190000057220459,2.2699999809265137,343100,0.0,0.0
2022-11-10 00:00:00-05:00,2.4800000190734863,2.700000047683716,2.450000047683716,2.559999942779541,621900,0.0,0.0
2022-11-11 00:00:00-05:00,2.5199999809265137,2.930000066757202,2.5199999809265137,2.759999990463257,691300,0.0,0.0
2022-11-14 00:00:00-05:00,2.809999942779541,2.809999942779541,2.619999885559082,2.640000104904175,302100,0.0,0.0
2022-11-15 00:00:00-05:00,2.7100000381469727,2.869999885559082,2.609999895095825,2.809999942779541,502800,0.0,0.0
2022-11-16 00:00:00-05:00,2.7100000381469727,2.8399999141693115,2.640000104904175,2.809999942779541,408600,0.0,0.0
2022-11-17 00:00:00-05:00,2.7300000190734863,2.7300000190734863,2.4600000381469727,2.5,369800,0.0,0.0
2022-11-18 00:00:00-05:00,2.549999952316284,2.5899999141693115,2.299999952316284,2.3299999237060547,255600,0.0,0.0
2022-11-21 00:00:00-05:00,2.2899999618530273,2.4000000953674316,2.24399995803833,2.299999952316284,422000,0.0,0.0
2022-11-22 00:00:00-05:00,2.309999942779541,2.380000114440918,2.180000066757202,2.3299999237060547,341500,0.0,0.0
2022-11-23 00:00:00-05:00,2.299999952316284,2.5450000762939453,2.299999952316284,2.509999990463257,340800,0.0,0.0
2022-11-25 00:00:00-05:00,2.509999990463257,2.618000030517578,2.450000047683716,2.549999952316284,86600,0.0,0.0
2022-11-28 00:00:00-05:00,2.5799999237060547,2.5950000286102295,2.309999942779541,2.3499999046325684,269800,0.0,0.0
2022-11-29 00:00:00-05:00,2.390000104904175,2.440000057220459,2.299999952316284,2.309999942779541,235600,0.0,0.0
2022-11-30 00:00:00-05:00,2.3499999046325684,2.5399999618530273,2.2300000190734863,2.5399999618530273,351800,0.0,0.0
2022-12-01 00:00:00-05:00,2.5299999713897705,2.75,2.494999885559082,2.7300000190734863,485300,0.0,0.0
2022-12-02 00:00:00-05:00,2.5999999046325684,2.890000104904175,2.5999999046325684,2.869999885559082,338800,0.0,0.0
2022-12-05 00:00:00-05:00,2.8299999237060547,2.950000047683716,2.75,2.8299999237060547,386700,0.0,0.0
2022-12-06 00:00:00-05:00,2.8299999237060547,2.8299999237060547,2.4100000858306885,2.430000066757202,336300,0.0,0.0
2022-12-07 00:00:00-05:00,2.440000057220459,2.5320000648498535,2.319999933242798,2.380000114440918,258300,0.0,0.0
2022-12-08 00:00:00-05:00,2.3499999046325684,2.559999942779541,2.309999942779541,2.490000009536743,291700,0.0,0.0
2022-12-09 00:00:00-05:00,2.490000009536743,2.490000009536743,2.369999885559082,2.430000066757202,172400,0.0,0.0
2022-12-12 00:00:00-05:00,2.4200000762939453,2.625,2.4200000762939453,2.5799999237060547,285300,0.0,0.0
2022-12-13 00:00:00-05:00,2.7200000286102295,2.869999885559082,2.640000104904175,2.700000047683716,351900,0.0,0.0
2022-12-14 00:00:00-05:00,2.700000047683716,2.7799999713897705,2.5999999046325684,2.700000047683716,368100,0.0,0.0
2022-12-15 00:00:00-05:00,2.5,2.559999942779541,2.25,2.299999952316284,679600,0.0,0.0
2022-12-16 00:00:00-05:00,2.259999990463257,2.265000104904175,2.1500000953674316,2.1500000953674316,768300,0.0,0.0
2022-12-19 00:00:00-05:00,2.190000057220459,2.194000005722046,1.940000057220459,1.9600000381469727,618300,0.0,0.0
2022-12-20 00:00:00-05:00,1.9199999570846558,1.9199999570846558,1.7599999904632568,1.7799999713897705,529600,0.0,0.0
2022-12-21 00:00:00-05:00,1.7999999523162842,1.899999976158142,1.7400000095367432,1.809999942779541,413100,0.0,0.0
2022-12-22 00:00:00-05:00,1.7799999713897705,1.8799999952316284,1.7300000190734863,1.8600000143051147,380700,0.0,0.0
2022-12-23 00:00:00-05:00,1.840000033378601,1.9600000381469727,1.8109999895095825,1.9500000476837158,359700,0.0,0.0
2022-12-27 00:00:00-05:00,1.8200000524520874,1.9500000476837158,1.75,1.840000033378601,344800,0.0,0.0
2022-12-28 00:00:00-05:00,1.809999942779541,1.8650000095367432,1.7899999618530273,1.7999999523162842,268900,0.0,0.0
2022-12-29 00:00:00-05:00,1.809999942779541,1.975000023841858,1.7999999523162842,1.9199999570846558,262800,0.0,0.0
2022-12-30 00:00:00-05:00,1.850000023841858,1.9900000095367432,1.8300000429153442,1.9800000190734863,329300,0.0,0.0
2023-01-03 00:00:00-05:00,2.049999952316284,2.0950000286102295,1.9299999475479126,2.009999990463257,348800,0.0,0.0
2023-01-04 00:00:00-05:00,2.059999942779541,2.369999885559082,2.0299999713897705,2.180000066757202,573700,0.0,0.0
2023-01-05 00:00:00-05:00,2.240000009536743,2.490000009536743,2.1700000762939453,2.190000057220459,916900,0.0,0.0
2023-01-06 00:00:00-05:00,2.200000047683716,2.319999933242798,1.9700000286102295,2.2699999809265137,668500,0.0,0.0
2023-01-09 00:00:00-05:00,2.359999895095825,2.4000000953674316,2.259999990463257,2.359999895095825,422800,0.0,0.0
2023-01-10 00:00:00-05:00,2.359999895095825,2.5,2.2100000381469727,2.490000009536743,318000,0.0,0.0
2023-01-11 00:00:00-05:00,2.450000047683716,2.640000104904175,2.440000057220459,2.609999895095825,353800,0.0,0.0
2023-01-12 00:00:00-05:00,2.6600000858306885,2.7699999809265137,2.509999990463257,2.759999990463257,332100,0.0,0.0
2023-01-13 00:00:00-05:00,2.700000047683716,2.930000066757202,2.700000047683716,2.869999885559082,320800,0.0,0.0
2023-01-17 00:00:00-05:00,2.9100000858306885,2.9100000858306885,2.6500000953674316,2.6600000858306885,246300,0.0,0.0
2023-01-18 00:00:00-05:00,2.640000104904175,2.755000114440918,2.440000057220459,2.440000057220459,208800,0.0,0.0
2023-01-19 00:00:00-05:00,2.4200000762939453,2.444999933242798,2.200000047683716,2.2100000381469727,431600,0.0,0.0
2023-01-20 00:00:00-05:00,2.25,2.2899999618530273,2.1500000953674316,2.1500000953674316,269600,0.0,0.0
2023-01-23 00:00:00-05:00,2.200000047683716,2.4000000953674316,2.1600000858306885,2.369999885559082,421100,0.0,0.0
2023-01-24 00:00:00-05:00,2.359999895095825,2.5,2.3299999237060547,2.369999885559082,204400,0.0,0.0
2023-01-25 00:00:00-05:00,2.319999933242798,2.390000104904175,2.2300000190734863,2.3299999237060547,194100,0.0,0.0
2023-01-26 00:00:00-05:00,2.369999885559082,2.380000114440918,2.2049999237060547,2.25,176900,0.0,0.0
2023-01-27 00:00:00-05:00,2.2100000381469727,2.4070000648498535,2.190000057220459,2.380000114440918,192700,0.0,0.0
2023-01-30 00:00:00-05:00,2.319999933242798,2.4000000953674316,2.200000047683716,2.200000047683716,202900,0.0,0.0
2023-01-31 00:00:00-05:00,2.200000047683716,2.369999885559082,2.200000047683716,2.3499999046325684,162600,0.0,0.0
2023-02-01 00:00:00-05:00,2.3299999237060547,2.5899999141693115,2.309999942779541,2.5199999809265137,382500,0.0,0.0
2023-02-02 00:00:00-05:00,2.619999885559082,3.109999895095825,2.619999885559082,3.0399999618530273,823100,0.0,0.0
2023-02-03 00:00:00-05:00,3.0899999141693115,4.25,2.930000066757202,3.9000000953674316,7846400,0.0,0.0
2023-02-06 00:00:00-05:00,3.630000114440918,4.309999942779541,3.609999895095825,3.880000114440918,2589100,0.0,0.0
2023-02-07 00:00:00-05:00,3.9200000762939453,4.230000019073486,3.799999952316284,4.170000076293945,855800,0.0,0.0
2023-02-08 00:00:00-05:00,4.099999904632568,4.215000152587891,3.7100000381469727,3.7699999809265137,664600,0.0,0.0
2023-02-09 00:00:00-05:00,3.859999895095825,3.9600000381469727,3.559999942779541,3.5999999046325684,469400,0.0,0.0
2023-02-10 00:00:00-05:00,3.549999952316284,3.690000057220459,3.3919999599456787,3.5299999713897705,477000,0.0,0.0
2023-02-13 00:00:00-05:00,3.5299999713897705,3.5399999618530273,3.200000047683716,3.4700000286102295,523500,0.0,0.0
2023-02-14 00:00:00-05:00,3.450000047683716,3.569999933242798,3.2799999713897705,3.430000066757202,325000,0.0,0.0
2023-02-15 00:00:00-05:00,3.3399999141693115,3.5899999141693115,3.3399999141693115,3.490000009536743,309700,0.0,0.0
2023-02-16 00:00:00-05:00,3.5399999618530273,3.7200000286102295,3.361999988555908,3.509999990463257,519100,0.0,0.0
2023-02-17 00:00:00-05:00,3.4600000381469727,3.4800000190734863,3.2799999713897705,3.359999895095825,310200,0.0,0.0
2023-02-21 00:00:00-05:00,3.2799999713897705,3.3259999752044678,3.0,3.0,404800,0.0,0.0
2023-02-22 00:00:00-05:00,3.0199999809265137,3.25,2.9700000286102295,3.180000066757202,288000,0.0,0.0
2023-02-23 00:00:00-05:00,3.2300000190734863,3.2300000190734863,3.0199999809265137,3.180000066757202,258900,0.0,0.0
2023-02-24 00:00:00-05:00,2.940000057220459,2.9700000286102295,2.3399999141693115,2.950000047683716,1149500,0.0,0.0
2023-02-27 00:00:00-05:00,3.009999990463257,3.049999952316284,2.941999912261963,3.0199999809265137,606500,0.0,0.0
2023-02-28 00:00:00-05:00,3.009999990463257,3.109999895095825,2.9800000190734863,3.009999990463257,632300,0.0,0.0
2023-03-01 00:00:00-05:00,3.0399999618530273,3.069999933242798,2.619999885559082,2.619999885559082,586200,0.0,0.0
2023-03-02 00:00:00-05:00,2.569999933242798,2.75,2.503999948501587,2.619999885559082,765900,0.0,0.0
2023-03-03 00:00:00-05:00,2.690000057220459,2.819999933242798,2.5399999618530273,2.809999942779541,410200,0.0,0.0
2023-03-06 00:00:00-05:00,2.8399999141693115,3.049999952316284,2.7300000190734863,2.9000000953674316,480400,0.0,0.0
2023-03-07 00:00:00-05:00,2.930000066757202,3.1579999923706055,2.8550000190734863,3.0199999809265137,426800,0.0,0.0
2023-03-08 00:00:00-05:00,3.059999942779541,3.2300000190734863,2.990000009536743,3.1500000953674316,321000,0.0,0.0
2023-03-09 00:00:00-05:00,3.1600000858306885,3.2300000190734863,3.0199999809265137,3.0199999809265137,653300,0.0,0.0
2023-03-10 00:00:00-05:00,2.944999933242798,3.0199999809265137,2.5399999618530273,2.5850000381469727,447500,0.0,0.0
2023-03-13 00:00:00-04:00,2.5799999237060547,2.9000000953674316,2.5179998874664307,2.7799999713897705,398600,0.0,0.0
2023-03-14 00:00:00-04:00,2.869999885559082,2.930000066757202,2.75,2.9100000858306885,231100,0.0,0.0
2023-03-15 00:00:00-04:00,2.809999942779541,2.9100000858306885,2.7300000190734863,2.759999990463257,322100,0.0,0.0
2023-03-16 00:00:00-04:00,2.75,2.940000057220459,2.671999931335449,2.9000000953674316,226500,0.0,0.0
2023-03-17 00:00:00-04:00,2.8299999237060547,2.950000047683716,2.630000114440918,2.7300000190734863,436500,0.0,0.0
2023-03-20 00:00:00-04:00,2.7300000190734863,2.75,2.5,2.680000066757202,345200,0.0,0.0
2023-03-21 00:00:00-04:00,2.75,2.819999933242798,2.625,2.7799999713897705,292100,0.0,0.0
2023-03-22 00:00:00-04:00,2.7899999618530273,2.859999895095825,2.690000057220459,2.690000057220459,215300,0.0,0.0
2023-03-23 00:00:00-04:00,2.740000009536743,2.809999942779541,2.680000066757202,2.7100000381469727,177600,0.0,0.0
2023-03-24 00:00:00-04:00,2.7300000190734863,2.7300000190734863,2.513000011444092,2.5999999046325684,356000,0.0,0.0
2023-03-27 00:00:00-04:00,2.6600000858306885,2.740000009536743,2.559999942779541,2.609999895095825,183500,0.0,0.0
2023-03-28 00:00:00-04:00,2.5799999237060547,2.609999895095825,2.365000009536743,2.380000114440918,222000,0.0,0.0
2023-03-29 00:00:00-04:00,2.4200000762939453,2.4800000190734863,2.3499999046325684,2.4200000762939453,231200,0.0,0.0
2023-03-30 00:00:00-04:00,2.450000047683716,2.5199999809265137,2.3299999237060547,2.4800000190734863,237600,0.0,0.0
2023-03-31 00:00:00-04:00,2.5299999713897705,2.938999891281128,2.509999990463257,2.759999990463257,576800,0.0,0.0
2023-04-03 00:00:00-04:00,2.7799999713897705,2.859999895095825,2.7149999141693115,2.799999952316284,148600,0.0,0.0
2023-04-04 00:00:00-04:00,2.8299999237060547,2.8499999046325684,2.700000047683716,2.8299999237060547,141200,0.0,0.0
2023-04-05 00:00:00-04:00,2.880000114440918,2.880000114440918,2.5999999046325684,2.690000057220459,204300,0.0,0.0
2023-04-06 00:00:00-04:00,2.6700000762939453,2.7200000286102295,2.5799999237060547,2.690000057220459,168600,0.0,0.0
2023-04-10 00:00:00-04:00,2.6700000762939453,2.75,2.5999999046325684,2.700000047683716,129600,0.0,0.0
2023-04-11 00:00:00-04:00,2.6600000858306885,2.7780001163482666,2.6600000858306885,2.690000057220459,125700,0.0,0.0
2023-04-12 00:00:00-04:00,2.740000009536743,2.7950000762939453,2.5399999618530273,2.559999942779541,175900,0.0,0.0
2023-04-13 00:00:00-04:00,2.609999895095825,3.190000057220459,2.609999895095825,3.190000057220459,633100,0.0,0.0
2023-04-14 00:00:00-04:00,3.2300000190734863,3.2699999809265137,3.0,3.059999942779541,274300,0.0,0.0
2023-04-17 00:00:00-04:00,3.0399999618530273,3.140000104904175,2.799999952316284,2.799999952316284,323100,0.0,0.0
2023-04-18 00:00:00-04:00,2.8299999237060547,2.9100000858306885,2.569999933242798,2.6700000762939453,364400,0.0,0.0
2023-04-19 00:00:00-04:00,2.630000114440918,2.740000009536743,2.619999885559082,2.6500000953674316,166100,0.0,0.0
2023-04-20 00:00:00-04:00,2.609999895095825,2.6700000762939453,2.430000066757202,2.4600000381469727,241600,0.0,0.0
2023-04-21 00:00:00-04:00,2.430000066757202,2.5280001163482666,2.375,2.450000047683716,261600,0.0,0.0
2023-04-24 00:00:00-04:00,2.450000047683716,2.509999990463257,2.309999942779541,2.359999895095825,305200,0.0,0.0
2023-04-25 00:00:00-04:00,2.309999942779541,2.359999895095825,2.1500000953674316,2.200000047683716,285100,0.0,0.0
2023-04-26 00:00:00-04:00,2.2200000286102295,2.2200000286102295,2.069999933242798,2.069999933242798,257500,0.0,0.0
2023-04-27 00:00:00-04:00,2.109999895095825,2.4700000286102295,2.069999933242798,2.2799999713897705,938400,0.0,0.0
2023-04-28 00:00:00-04:00,2.2899999618530273,2.359999895095825,2.2100000381469727,2.2799999713897705,376400,0.0,0.0
2023-05-01 00:00:00-04:00,2.2799999713897705,2.431999921798706,2.240000009536743,2.319999933242798,209800,0.0,0.0
2023-05-02 00:00:00-04:00,2.2899999618530273,2.3399999141693115,2.200000047683716,2.200000047683716,261700,0.0,0.0
2023-05-03 00:00:00-04:00,2.25,2.549999952316284,2.25,2.4200000762939453,640800,0.0,0.0
2023-05-04 00:00:00-04:00,2.25,2.365000009536743,2.25,2.299999952316284,211200,0.0,0.0
2023-05-05 00:00:00-04:00,2.3399999141693115,2.450000047683716,2.1549999713897705,2.240000009536743,459600,0.0,0.0
2023-05-08 00:00:00-04:00,2.259999990463257,2.3399999141693115,2.2049999237060547,2.2699999809265137,251800,0.0,0.0
2023-05-09 00:00:00-04:00,2.25,2.2950000762939453,2.1700000762939453,2.2300000190734863,311400,0.0,0.0
2023-05-10 00:00:00-04:00,2.240000009536743,2.4000000953674316,2.065000057220459,2.130000114440918,581900,0.0,0.0
2023-05-11 00:00:00-04:00,2.140000104904175,2.1700000762939453,2.065000057220459,2.0899999141693115,466100,0.0,0.0
2023-05-12 00:00:00-04:00,2.0999999046325684,2.130000114440918,2.015000104904175,2.0799999237060547,174200,0.0,0.0
2023-05-15 00:00:00-04:00,2.049999952316284,2.2100000381469727,2.049999952316284,2.200000047683716,236200,0.0,0.0
2023-05-16 00:00:00-04:00,2.1700000762939453,2.1700000762939453,2.055000066757202,2.059999942779541,132400,0.0,0.0
2023-05-17 00:00:00-04:00,1.9800000190734863,2.0850000381469727,1.9550000429153442,2.069999933242798,337300,0.0,0.0
2023-05-18 00:00:00-04:00,2.059999942779541,2.115000009536743,2.015000104904175,2.0199999809265137,142500,0.0,0.0
2023-05-19 00:00:00-04:00,2.059999942779541,2.180000066757202,2.0199999809265137,2.1700000762939453,207200,0.0,0.0
2023-05-22 00:00:00-04:00,2.180000066757202,2.190000057220459,2.0850000381469727,2.0999999046325684,314300,0.0,0.0
2023-05-23 00:00:00-04:00,2.119999885559082,2.359999895095825,2.119999885559082,2.190000057220459,482900,0.0,0.0
2023-05-24 00:00:00-04:00,2.1500000953674316,2.1500000953674316,1.9600000381469727,2.0299999713897705,310800,0.0,0.0
2023-05-25 00:00:00-04:00,2.049999952316284,2.0799999237060547,1.9199999570846558,1.940000057220459,297700,0.0,0.0
2023-05-26 00:00:00-04:00,1.940000057220459,1.9700000286102295,1.899999976158142,1.9299999475479126,200500,0.0,0.0
2023-05-30 00:00:00-04:00,1.899999976158142,1.9900000095367432,1.809999942779541,1.809999942779541,361900,0.0,0.0
2023-05-31 00:00:00-04:00,1.8300000429153442,1.8700000047683716,1.75,1.7999999523162842,549200,0.0,0.0
2023-06-01 00:00:00-04:00,1.7999999523162842,1.9800000190734863,1.7799999713897705,1.9199999570846558,419900,0.0,0.0
2023-06-02 00:00:00-04:00,1.9600000381469727,2.065000057220459,1.9450000524520874,2.059999942779541,405500,0.0,0.0
2023-06-05 00:00:00-04:00,2.0799999237060547,2.450000047683716,2.009999990463257,2.4200000762939453,687000,0.0,0.0
2023-06-06 00:00:00-04:00,2.440000057220459,2.5999999046325684,2.390000104904175,2.5399999618530273,301800,0.0,0.0
2023-06-07 00:00:00-04:00,2.559999942779541,2.5899999141693115,2.1549999713897705,2.1700000762939453,452800,0.0,0.0
2023-06-08 00:00:00-04:00,2.1500000953674316,2.259000062942505,2.0999999046325684,2.130000114440918,224500,0.0,0.0
2023-06-09 00:00:00-04:00,2.130000114440918,2.239000082015991,2.109999895095825,2.190000057220459,175200,0.0,0.0
2023-06-12 00:00:00-04:00,2.200000047683716,2.3289999961853027,2.180000066757202,2.309999942779541,139200,0.0,0.0
2023-06-13 00:00:00-04:00,2.3399999141693115,2.380000114440918,2.2899999618530273,2.309999942779541,110400,0.0,0.0
2023-06-14 00:00:00-04:00,2.319999933242798,2.319999933242798,2.0899999141693115,2.1500000953674316,233800,0.0,0.0
2023-06-15 00:00:00-04:00,2.119999885559082,2.180000066757202,2.119999885559082,2.1500000953674316,104500,0.0,0.0
2023-06-16 00:00:00-04:00,2.069999933242798,2.1489999294281006,2.0199999809265137,2.0899999141693115,264600,0.0,0.0
2023-06-20 00:00:00-04:00,2.059999942779541,2.0950000286102295,2.015000104904175,2.069999933242798,71900,0.0,0.0
2023-06-21 00:00:00-04:00,2.0399999618530273,2.055000066757202,1.9199999570846558,2.0199999809265137,302500,0.0,0.0
2023-06-22 00:00:00-04:00,2.0299999713897705,2.059999942779541,1.975000023841858,2.049999952316284,62600,0.0,0.0
2023-06-23 00:00:00-04:00,2.0299999713897705,2.0989999771118164,1.9500000476837158,1.9800000190734863,152800,0.0,0.0
2023-06-26 00:00:00-04:00,1.9700000286102295,2.049999952316284,1.9500000476837158,1.9700000286102295,89300,0.0,0.0
2023-06-27 00:00:00-04:00,1.9800000190734863,1.9800000190734863,1.8200000524520874,1.8899999856948853,232600,0.0,0.0
2023-06-28 00:00:00-04:00,1.8700000047683716,1.9299999475479126,1.8300000429153442,1.909999966621399,213500,0.0,0.0
2023-06-29 00:00:00-04:00,1.899999976158142,1.9600000381469727,1.8799999952316284,1.8899999856948853,150600,0.0,0.0
2023-06-30 00:00:00-04:00,1.9199999570846558,2.009999990463257,1.8600000143051147,1.8799999952316284,184800,0.0,0.0
2023-07-03 00:00:00-04:00,1.8700000047683716,1.909999966621399,1.8350000381469727,1.8600000143051147,124200,0.0,0.0
2023-07-05 00:00:00-04:00,1.8700000047683716,1.9609999656677246,1.8550000190734863,1.899999976158142,149000,0.0,0.0
2023-07-06 00:00:00-04:00,1.899999976158142,1.909999966621399,1.7549999952316284,1.7999999523162842,184900,0.0,0.0
2023-07-07 00:00:00-04:00,1.809999942779541,2.0299999713897705,1.809999942779541,1.9500000476837158,385400,0.0,0.0
2023-07-10 00:00:00-04:00,1.9299999475479126,2.0799999237060547,1.8949999809265137,2.009999990463257,439100,0.0,0.0
2023-07-11 00:00:00-04:00,2.0199999809265137,2.109999895095825,2.0,2.069999933242798,107800,0.0,0.0
2023-07-12 00:00:00-04:00,2.119999885559082,2.3299999237060547,2.119999885559082,2.299999952316284,223600,0.0,0.0
2023-07-13 00:00:00-04:00,2.390000104904175,2.4140000343322754,2.1600000858306885,2.190000057220459,243900,0.0,0.0
2023-07-14 00:00:00-04:00,2.180000066757202,2.240000009536743,2.0199999809265137,2.0199999809265137,114900,0.0,0.0
2023-07-17 00:00:00-04:00,2.009999990463257,2.190000057220459,2.005000114440918,2.190000057220459,167500,0.0,0.0
2023-07-18 00:00:00-04:00,2.1500000953674316,2.319999933242798,2.1500000953674316,2.319999933242798,136300,0.0,0.0
2023-07-19 00:00:00-04:00,2.3499999046325684,2.430000066757202,2.200000047683716,2.2100000381469727,214500,0.0,0.0
2023-07-20 00:00:00-04:00,2.2300000190734863,2.240000009536743,2.119999885559082,2.1500000953674316,166300,0.0,0.0
2023-07-21 00:00:00-04:00,2.1600000858306885,2.25,2.140000104904175,2.25,134500,0.0,0.0
2023-07-24 00:00:00-04:00,2.25,2.3499999046325684,2.1549999713897705,2.1600000858306885,105300,0.0,0.0
2023-07-25 00:00:00-04:00,2.140000104904175,2.200000047683716,2.134999990463257,2.140000104904175,120500,0.0,0.0
2023-07-26 00:00:00-04:00,2.140000104904175,2.240000009536743,2.130000114440918,2.2300000190734863,98300,0.0,0.0
2023-07-27 00:00:00-04:00,2.25,2.3499999046325684,2.109999895095825,2.119999885559082,179400,0.0,0.0
2023-07-28 00:00:00-04:00,2.140000104904175,2.305000066757202,2.140000104904175,2.2799999713897705,139500,0.0,0.0
2023-07-31 00:00:00-04:00,2.259999990463257,2.38100004196167,2.259999990463257,2.359999895095825,133100,0.0,0.0
2023-08-01 00:00:00-04:00,2.3499999046325684,2.390000104904175,2.2149999141693115,2.25,76200,0.0,0.0
2023-08-02 00:00:00-04:00,2.2200000286102295,2.309999942779541,2.119999885559082,2.180000066757202,215300,0.0,0.0
2023-08-03 00:00:00-04:00,2.1700000762939453,2.200000047683716,2.0399999618530273,2.0399999618530273,123100,0.0,0.0
2023-08-04 00:00:00-04:00,1.9700000286102295,2.1050000190734863,1.9700000286102295,2.0199999809265137,152600,0.0,0.0
2023-08-07 00:00:00-04:00,2.0399999618530273,2.049999952316284,1.850000023841858,1.899999976158142,262300,0.0,0.0
2023-08-08 00:00:00-04:00,1.8899999856948853,2.0199999809265137,1.8550000190734863,1.9800000190734863,138500,0.0,0.0
2023-08-09 00:00:00-04:00,1.899999976158142,2.009999990463257,1.8849999904632568,1.9900000095367432,144800,0.0,0.0
2023-08-10 00:00:00-04:00,1.9900000095367432,2.109999895095825,1.9550000429153442,1.9600000381469727,115300,0.0,0.0
2023-08-11 00:00:00-04:00,1.9500000476837158,2.078000068664551,1.9500000476837158,2.049999952316284,177700,0.0,0.0
2023-08-14 00:00:00-04:00,2.009999990463257,2.0299999713897705,1.8799999952316284,1.8899999856948853,179100,0.0,0.0
2023-08-15 00:00:00-04:00,1.8799999952316284,1.899999976158142,1.809999942779541,1.809999942779541,181100,0.0,0.0
2023-08-16 00:00:00-04:00,1.8300000429153442,1.840000033378601,1.7300000190734863,1.7300000190734863,177800,0.0,0.0
2023-08-17 00:00:00-04:00,1.75,1.7999999523162842,1.7300000190734863,1.7599999904632568,125900,0.0,0.0
2023-08-18 00:00:00-04:00,1.7300000190734863,1.7599999904632568,1.7100000381469727,1.7400000095367432,103400,0.0,0.0
2023-08-21 00:00:00-04:00,1.75,1.8200000524520874,1.690000057220459,1.7699999809265137,83600,0.0,0.0
2023-08-22 00:00:00-04:00,1.7999999523162842,1.809999942779541,1.7549999952316284,1.7699999809265137,98400,0.0,0.0
2023-08-23 00:00:00-04:00,1.7899999618530273,1.850000023841858,1.690000057220459,1.7000000476837158,307500,0.0,0.0
2023-08-24 00:00:00-04:00,1.690000057220459,1.7400000095367432,1.5299999713897705,1.5399999618530273,254700,0.0,0.0
2023-08-25 00:00:00-04:00,1.5800000429153442,1.5800000429153442,1.4800000190734863,1.5,375100,0.0,0.0
2023-08-28 00:00:00-04:00,1.5099999904632568,1.524999976158142,1.4149999618530273,1.5099999904632568,792500,0.0,0.0
2023-08-29 00:00:00-04:00,1.5099999904632568,1.649999976158142,1.5,1.6299999952316284,448800,0.0,0.0
2023-08-30 00:00:00-04:00,1.6200000047683716,1.7599999904632568,1.6200000047683716,1.6399999856948853,282400,0.0,0.0
2023-08-31 00:00:00-04:00,1.659999966621399,1.8300000429153442,1.6299999952316284,1.8200000524520874,344500,0.0,0.0
2023-09-01 00:00:00-04:00,1.8300000429153442,1.8899999856948853,1.8200000524520874,1.850000023841858,244800,0.0,0.0
2023-09-05 00:00:00-04:00,1.7999999523162842,1.8049999475479126,1.590000033378601,1.6200000047683716,196500,0.0,0.0
2023-09-06 00:00:00-04:00,1.6100000143051147,1.649999976158142,1.5800000429153442,1.600000023841858,71500,0.0,0.0
2023-09-07 00:00:00-04:00,1.559999942779541,1.590000033378601,1.5,1.559999942779541,305000,0.0,0.0
2023-09-08 00:00:00-04:00,1.5499999523162842,1.5499999523162842,1.4950000047683716,1.5049999952316284,86700,0.0,0.0
2023-09-11 00:00:00-04:00,1.559999942779541,1.559999942779541,1.4800000190734863,1.5199999809265137,115300,0.0,0.0
2023-09-12 00:00:00-04:00,1.4900000095367432,1.524999976158142,1.4700000286102295,1.4700000286102295,91000,0.0,0.0
2023-09-13 00:00:00-04:00,1.4800000190734863,1.4980000257492065,1.3899999856948853,1.3899999856948853,225600,0.0,0.0
2023-09-14 00:00:00-04:00,1.4299999475479126,1.4900000095367432,1.375,1.3899999856948853,168100,0.0,0.0
2023-09-15 00:00:00-04:00,1.3799999952316284,1.409999966621399,1.3700000047683716,1.399999976158142,247200,0.0,0.0
2023-09-18 00:00:00-04:00,1.3799999952316284,1.409999966621399,1.3200000524520874,1.3200000524520874,255300,0.0,0.0
2023-09-19 00:00:00-04:00,1.340000033378601,1.340000033378601,1.2799999713897705,1.2999999523162842,170700,0.0,0.0
2023-09-20 00:00:00-04:00,1.3300000429153442,1.3799999952316284,1.309999942779541,1.3200000524520874,126900,0.0,0.0
2023-09-21 00:00:00-04:00,1.2899999618530273,1.3020000457763672,1.25,1.2899999618530273,201700,0.0,0.0
2023-09-22 00:00:00-04:00,1.2799999713897705,1.3200000524520874,1.2400000095367432,1.2400000095367432,110600,0.0,0.0
2023-09-25 00:00:00-04:00,1.2000000476837158,1.25,1.2000000476837158,1.2200000286102295,83900,0.0,0.0
2023-09-26 00:00:00-04:00,1.2200000286102295,1.2799999713897705,1.2200000286102295,1.2200000286102295,99700,0.0,0.0
2023-09-27 00:00:00-04:00,1.2599999904632568,1.2599999904632568,1.190000057220459,1.2300000190734863,242900,0.0,0.0
2023-09-28 00:00:00-04:00,1.2100000381469727,1.2599999904632568,1.1799999475479126,1.190000057220459,144700,0.0,0.0
2023-09-29 00:00:00-04:00,1.2100000381469727,1.2599999904632568,1.1699999570846558,1.2100000381469727,248200,0.0,0.0
2023-10-02 00:00:00-04:00,1.2200000286102295,1.2599999904632568,1.1699999570846558,1.2599999904632568,166900,0.0,0.0
2023-10-03 00:00:00-04:00,1.2400000095367432,1.2400000095367432,1.1699999570846558,1.1699999570846558,71300,0.0,0.0
2023-10-04 00:00:00-04:00,1.1699999570846558,1.2000000476837158,1.1299999952316284,1.1399999856948853,249100,0.0,0.0
2023-10-05 00:00:00-04:00,1.1299999952316284,1.2000000476837158,1.1299999952316284,1.2000000476837158,142900,0.0,0.0
2023-10-06 00:00:00-04:00,1.190000057220459,1.2089999914169312,1.149999976158142,1.1699999570846558,49100,0.0,0.0
2023-10-09 00:00:00-04:00,1.159999966621399,1.1699999570846558,1.1100000143051147,1.1399999856948853,91800,0.0,0.0
2023-10-10 00:00:00-04:00,1.149999976158142,1.2200000286102295,1.1299999952316284,1.2000000476837158,64900,0.0,0.0
2023-10-11 00:00:00-04:00,1.190000057220459,1.2350000143051147,1.0700000524520874,1.0700000524520874,293000,0.0,0.0
2023-10-12 00:00:00-04:00,1.090000033378601,1.149999976158142,1.0499999523162842,1.059999942779541,221000,0.0,0.0
2023-10-13 00:00:00-04:00,1.059999942779541,1.0950000286102295,1.0299999713897705,1.059999942779541,166800,0.0,0.0
2023-10-16 00:00:00-04:00,1.1100000143051147,1.1799999475479126,1.065000057220459,1.149999976158142,93100,0.0,0.0
2023-10-17 00:00:00-04:00,1.100000023841858,1.1799999475479126,1.0800000429153442,1.1299999952316284,124600,0.0,0.0
2023-10-18 00:00:00-04:00,1.1299999952316284,1.1299999952316284,1.059999942779541,1.0750000476837158,72900,0.0,0.0
2023-10-19 00:00:00-04:00,1.0800000429153442,1.1100000143051147,1.0499999523162842,1.0700000524520874,93900,0.0,0.0
2023-10-20 00:00:00-04:00,1.059999942779541,1.0700000524520874,0.9139999747276306,0.9480000138282776,768400,0.0,0.0
2023-10-23 00:00:00-04:00,0.9800000190734863,1.0,0.9300000071525574,0.9300000071525574,151800,0.0,0.0
2023-10-24 00:00:00-04:00,0.9300000071525574,1.100000023841858,0.9300000071525574,1.0700000524520874,227300,0.0,0.0
2023-10-25 00:00:00-04:00,1.0499999523162842,1.0499999523162842,0.9800000190734863,0.9800000190734863,67600,0.0,0.0
2023-10-26 00:00:00-04:00,0.9599999785423279,1.090000033378601,0.9599999785423279,1.0099999904632568,186900,0.0,0.0
2023-10-27 00:00:00-04:00,1.0299999713897705,1.0299999713897705,0.9700000286102295,0.9700000286102295,150400,0.0,0.0
2023-10-30 00:00:00-04:00,0.9700000286102295,1.0,0.9200000166893005,0.949999988079071,166600,0.0,0.0
2023-10-31 00:00:00-04:00,0.949999988079071,0.9959999918937683,0.9210000038146973,0.9620000123977661,79100,0.0,0.0
2023-11-01 00:00:00-04:00,0.925000011920929,1.0,0.9200000166893005,0.9539999961853027,130300,0.0,0.0
2023-11-02 00:00:00-04:00,0.9750000238418579,1.1799999475479126,0.9700000286102295,1.159999966621399,184100,0.0,0.0
2023-11-03 00:00:00-04:00,1.1799999475479126,1.2699999809265137,1.1200000047683716,1.1200000047683716,155800,0.0,0.0
2023-11-06 00:00:00-05:00,1.1699999570846558,1.1699999570846558,1.0399999618530273,1.059999942779541,167900,0.0,0.0
2023-11-07 00:00:00-05:00,1.0700000524520874,1.100000023841858,0.9629999995231628,0.9629999995231628,441200,0.0,0.0
2023-11-08 00:00:00-05:00,1.1100000143051147,1.3600000143051147,0.996999979019165,1.1699999570846558,1922500,0.0,0.0
2023-11-09 00:00:00-05:00,1.1299999952316284,1.1699999570846558,0.8999999761581421,0.9399999976158142,1611200,0.0,0.0
2023-11-10 00:00:00-05:00,0.9549999833106995,1.1050000190734863,0.890999972820282,1.0199999809265137,1926900,0.0,0.0
2023-11-13 00:00:00-05:00,1.0299999713897705,1.100000023841858,1.0,1.0700000524520874,1059300,0.0,0.0
2023-11-14 00:00:00-05:00,1.100000023841858,1.1799999475479126,1.0709999799728394,1.1799999475479126,1449500,0.0,0.0
2023-11-15 00:00:00-05:00,1.190000057220459,1.2100000381469727,1.059999942779541,1.1100000143051147,886600,0.0,0.0
2023-11-16 00:00:00-05:00,1.0399999618530273,1.0700000524520874,1.0199999809265137,1.0299999713897705,488100,0.0,0.0
2023-11-17 00:00:00-05:00,1.059999942779541,1.2000000476837158,1.0199999809265137,1.100000023841858,2127300,0.0,0.0
2023-11-20 00:00:00-05:00,1.1799999475479126,1.559999942779541,1.1399999856948853,1.350000023841858,3072100,0.0,0.0
2023-11-21 00:00:00-05:00,1.3600000143051147,1.600000023841858,1.340000033378601,1.4600000381469727,881700,0.0,0.0
2023-11-22 00:00:00-05:00,1.5399999618530273,1.5499999523162842,1.3600000143051147,1.3700000047683716,494300,0.0,0.0
2023-11-24 00:00:00-05:00,1.409999966621399,1.5800000429153442,1.3849999904632568,1.5800000429153442,353700,0.0,0.0
2023-11-27 00:00:00-05:00,1.649999976158142,1.840000033378601,1.5800000429153442,1.7999999523162842,1021200,0.0,0.0
2023-11-28 00:00:00-05:00,1.850000023841858,1.850000023841858,1.5099999904632568,1.649999976158142,926100,0.0,0.0
2023-11-29 00:00:00-05:00,1.7300000190734863,1.7300000190734863,1.4500000476837158,1.5,882800,0.0,0.0
2023-11-30 00:00:00-05:00,1.5099999904632568,1.565000057220459,1.4500000476837158,1.5299999713897705,433600,0.0,0.0
2023-12-01 00:00:00-05:00,1.559999942779541,1.559999942779541,1.399999976158142,1.4700000286102295,664200,0.0,0.0
2023-12-04 00:00:00-05:00,1.4700000286102295,1.6699999570846558,1.4700000286102295,1.5700000524520874,450300,0.0,0.0
2023-12-05 00:00:00-05:00,1.6100000143051147,1.7089999914169312,1.559999942779541,1.559999942779541,454200,0.0,0.0
2023-12-06 00:00:00-05:00,1.559999942779541,1.6200000047683716,1.4500000476837158,1.4800000190734863,553100,0.0,0.0
2023-12-07 00:00:00-05:00,1.5099999904632568,1.5099999904632568,1.340000033378601,1.4800000190734863,598500,0.0,0.0
2023-12-08 00:00:00-05:00,1.5,1.5,1.375,1.409999966621399,316700,0.0,0.0
2023-12-11 00:00:00-05:00,1.399999976158142,1.440000057220459,1.2899999618530273,1.309999942779541,399400,0.0,0.0
2023-12-12 00:00:00-05:00,1.2699999809265137,1.340000033378601,1.25,1.25,410700,0.0,0.0
2023-12-13 00:00:00-05:00,1.2599999904632568,1.4199999570846558,1.2599999904632568,1.399999976158142,372500,0.0,0.0
2023-12-14 00:00:00-05:00,1.440000057220459,1.600000023841858,1.4199999570846558,1.4900000095367432,791200,0.0,0.0
2023-12-15 00:00:00-05:00,1.5199999809265137,1.5199999809265137,1.399999976158142,1.5099999904632568,449400,0.0,0.0
2023-12-18 00:00:00-05:00,1.5099999904632568,1.5499999523162842,1.3700000047683716,1.4299999475479126,427700,0.0,0.0
2023-12-19 00:00:00-05:00,1.4500000476837158,1.5199999809265137,1.3899999856948853,1.5199999809265137,563000,0.0,0.0
2023-12-20 00:00:00-05:00,1.5199999809265137,1.6299999952316284,1.3700000047683716,1.4600000381469727,918100,0.0,0.0
2023-12-21 00:00:00-05:00,1.5,1.5800000429153442,1.440000057220459,1.5099999904632568,435300,0.0,0.0
2023-12-22 00:00:00-05:00,1.4900000095367432,1.5399999618530273,1.409999966621399,1.465000033378601,340900,0.0,0.0
2023-12-26 00:00:00-05:00,1.5199999809265137,1.8300000429153442,1.5199999809265137,1.75,959200,0.0,0.0
2023-12-27 00:00:00-05:00,1.809999942779541,2.1500000953674316,1.6799999475479126,2.0299999713897705,1500400,0.0,0.0
2023-12-28 00:00:00-05:00,2.0299999713897705,2.380000114440918,2.0,2.3499999046325684,1168400,0.0,0.0
2023-12-29 00:00:00-05:00,2.359999895095825,2.359999895095825,1.9600000381469727,2.0999999046325684,1101900,0.0,0.0
2024-01-02 00:00:00-05:00,2.130000114440918,2.3499999046325684,2.0299999713897705,2.0399999618530273,848200,0.0,0.0
2024-01-03 00:00:00-05:00,2.140000104904175,2.1500000953674316,1.8899999856948853,1.9500000476837158,645900,0.0,0.0
2024-01-04 00:00:00-05:00,1.9600000381469727,2.0899999141693115,1.9500000476837158,2.0,263100,0.0,0.0
2024-01-05 00:00:00-05:00,2.0799999237060547,2.2100000381469727,1.8799999952316284,2.140000104904175,542800,0.0,0.0
2024-01-08 00:00:00-05:00,2.1600000858306885,2.25,2.006999969482422,2.190000057220459,388800,0.0,0.0
2024-01-09 00:00:00-05:00,2.140000104904175,2.309999942779541,2.059999942779541,2.130000114440918,447200,0.0,0.0
2024-01-10 00:00:00-05:00,2.119999885559082,2.119999885559082,1.9210000038146973,1.9900000095367432,436900,0.0,0.0
2024-01-11 00:00:00-05:00,2.0,2.0,1.7899999618530273,1.809999942779541,436600,0.0,0.0
2024-01-12 00:00:00-05:00,1.7899999618530273,1.8300000429153442,1.7000000476837158,1.7400000095367432,371000,0.0,0.0
2024-01-16 00:00:00-05:00,1.75,1.7699999809265137,1.5499999523162842,1.649999976158142,993300,0.0,0.0
2024-01-17 00:00:00-05:00,1.590000033378601,1.7699999809265137,1.590000033378601,1.75,982400,0.0,0.0
2024-01-18 00:00:00-05:00,1.7899999618530273,1.809999942779541,1.6100000143051147,1.6200000047683716,327400,0.0,0.0
2024-01-19 00:00:00-05:00,1.6299999952316284,1.649999976158142,1.5,1.5,571100,0.0,0.0
2024-01-22 00:00:00-05:00,1.5,1.6699999570846558,1.5,1.6100000143051147,432000,0.0,0.0
2024-01-23 00:00:00-05:00,1.6299999952316284,1.7599999904632568,1.6059999465942383,1.6299999952316284,259100,0.0,0.0
2024-01-24 00:00:00-05:00,1.649999976158142,1.6649999618530273,1.5700000524520874,1.5700000524520874,233200,0.0,0.0
2024-01-25 00:00:00-05:00,1.6100000143051147,1.6100000143051147,1.440000057220459,1.5,423700,0.0,0.0
2024-01-26 00:00:00-05:00,1.4900000095367432,1.5399999618530273,1.3700000047683716,1.3700000047683716,530900,0.0,0.0
2024-01-29 00:00:00-05:00,1.3700000047683716,1.5499999523162842,1.3700000047683716,1.5299999713897705,469900,0.0,0.0
2024-01-30 00:00:00-05:00,1.5399999618530273,1.5399999618530273,1.3899999856948853,1.399999976158142,285100,0.0,0.0
2024-01-31 00:00:00-05:00,1.399999976158142,1.4500000476837158,1.3300000429153442,1.340000033378601,335600,0.0,0.0
2024-02-01 00:00:00-05:00,1.3600000143051147,1.399999976158142,1.2799999713897705,1.2899999618530273,378600,0.0,0.0
2024-02-02 00:00:00-05:00,1.2999999523162842,1.3300000429153442,1.2400000095367432,1.3200000524520874,431600,0.0,0.0
2024-02-05 00:00:00-05:00,1.309999942779541,1.350000023841858,1.2200000286102295,1.2400000095367432,353500,0.0,0.0
2024-02-06 00:00:00-05:00,1.2100000381469727,1.2799999713897705,1.2000000476837158,1.2400000095367432,388800,0.0,0.0
2024-02-07 00:00:00-05:00,1.2400000095367432,1.25,1.1399999856948853,1.149999976158142,321200,0.0,0.0
2024-02-08 00:00:00-05:00,1.1399999856948853,1.190000057220459,1.1200000047683716,1.1699999570846558,372400,0.0,0.0
2024-02-09 00:00:00-05:00,1.190000057220459,1.2549999952316284,1.190000057220459,1.2000000476837158,255400,0.0,0.0
2024-02-12 00:00:00-05:00,1.1799999475479126,1.3700000047683716,1.1799999475479126,1.340000033378601,590400,0.0,0.0
2024-02-13 00:00:00-05:00,1.2899999618530273,1.309999942779541,1.149999976158142,1.190000057220459,491900,0.0,0.0
2024-02-14 00:00:00-05:00,1.25,1.3040000200271606,1.1699999570846558,1.1950000524520874,367700,0.0,0.0
2024-02-15 00:00:00-05:00,1.2400000095367432,1.399999976158142,1.2400000095367432,1.3200000524520874,452900,0.0,0.0
2024-02-16 00:00:00-05:00,1.2699999809265137,1.3890000581741333,1.25,1.3600000143051147,433200,0.0,0.0
2024-02-20 00:00:00-05:00,1.3300000429153442,1.3799999952316284,1.2300000190734863,1.2599999904632568,355100,0.0,0.0
2024-02-21 00:00:00-05:00,1.2400000095367432,1.2599999904632568,1.190000057220459,1.2300000190734863,216700,0.0,0.0
2024-02-22 00:00:00-05:00,1.2400000095367432,1.309999942779541,1.2200000286102295,1.25,163900,0.0,0.0
2024-02-23 00:00:00-05:00,1.2599999904632568,1.3350000381469727,1.2100000381469727,1.2799999713897705,233400,0.0,0.0
2024-02-26 00:00:00-05:00,1.309999942779541,1.5199999809265137,1.2999999523162842,1.5,458700,0.0,0.0
2024-02-27 00:00:00-05:00,1.5499999523162842,1.600000023841858,1.3799999952316284,1.5,478400,0.0,0.0
2024-02-28 00:00:00-05:00,1.440000057220459,1.5,1.409999966621399,1.4600000381469727,311200,0.0,0.0
2024-02-29 00:00:00-05:00,1.3200000524520874,1.6299999952316284,1.309999942779541,1.5499999523162842,811900,0.0,0.0
2024-03-01 00:00:00-05:00,1.600000023841858,1.7400000095367432,1.5449999570846558,1.690000057220459,487100,0.0,0.0
2024-03-04 00:00:00-05:00,1.7300000190734863,1.7999999523162842,1.649999976158142,1.7400000095367432,564200,0.0,0.0
2024-03-05 00:00:00-05:00,1.75,1.7599999904632568,1.625,1.7000000476837158,544300,0.0,0.0
2024-03-06 00:00:00-05:00,1.7799999713897705,1.7999999523162842,1.6799999475479126,1.75,406500,0.0,0.0
2024-03-07 00:00:00-05:00,1.7400000095367432,1.7799999713897705,1.5700000524520874,1.6799999475479126,584300,0.0,0.0
2024-03-08 00:00:00-05:00,1.7200000286102295,1.7799999713897705,1.590000033378601,1.649999976158142,406200,0.0,0.0
2024-03-11 00:00:00-04:00,1.6399999856948853,1.7799999713897705,1.6399999856948853,1.7200000286102295,395100,0.0,0.0
2024-03-12 00:00:00-04:00,1.7300000190734863,1.75,1.649999976158142,1.7300000190734863,380800,0.0,0.0
2024-03-13 00:00:00-04:00,1.690000057220459,1.7999999523162842,1.6449999809265137,1.690000057220459,341000,0.0,0.0
2024-03-14 00:00:00-04:00,1.7100000381469727,1.7100000381469727,1.5199999809265137,1.5800000429153442,502800,0.0,0.0
2024-03-15 00:00:00-04:00,1.559999942779541,1.6490000486373901,1.559999942779541,1.6100000143051147,225900,0.0,0.0
2024-03-18 00:00:00-04:00,1.6200000047683716,1.659999966621399,1.590000033378601,1.6299999952316284,229800,0.0,0.0
2024-03-19 00:00:00-04:00,1.6200000047683716,1.649999976158142,1.5299999713897705,1.6200000047683716,201700,0.0,0.0
2024-03-20 00:00:00-04:00,1.590000033378601,1.600000023841858,1.309999942779541,1.5099999904632568,981300,0.0,0.0
2024-03-21 00:00:00-04:00,1.4900000095367432,1.5499999523162842,1.4600000381469727,1.4600000381469727,218300,0.0,0.0
2024-03-22 00:00:00-04:00,1.4800000190734863,1.4800000190734863,1.3899999856948853,1.4199999570846558,246600,0.0,0.0
2024-03-25 00:00:00-04:00,1.440000057220459,1.475000023841858,1.409999966621399,1.440000057220459,156600,0.0,0.0
2024-03-26 00:00:00-04:00,1.5,1.5299999713897705,1.4199999570846558,1.4299999475479126,172700,0.0,0.0
2024-03-27 00:00:00-04:00,1.4500000476837158,1.4700000286102295,1.399999976158142,1.4500000476837158,205400,0.0,0.0
2024-03-28 00:00:00-04:00,1.4800000190734863,1.534999966621399,1.4600000381469727,1.4900000095367432,266300,0.0,0.0
2024-04-01 00:00:00-04:00,1.5,1.5399999618530273,1.409999966621399,1.4299999475479126,401900,0.0,0.0
2024-04-02 00:00:00-04:00,1.4199999570846558,1.4299999475479126,1.3600000143051147,1.3700000047683716,183100,0.0,0.0
2024-04-03 00:00:00-04:00,1.3799999952316284,1.3899999856948853,1.340000033378601,1.350000023841858,190300,0.0,0.0
2024-04-04 00:00:00-04:00,1.3899999856948853,1.4700000286102295,1.3799999952316284,1.399999976158142,277800,0.0,0.0
2024-04-05 00:00:00-04:00,1.4199999570846558,1.4199999570846558,1.3700000047683716,1.3899999856948853,178600,0.0,0.0
2024-04-08 00:00:00-04:00,1.409999966621399,1.4199999570846558,1.3700000047683716,1.409999966621399,80900,0.0,0.0
2024-04-09 00:00:00-04:00,1.4500000476837158,1.4700000286102295,1.409999966621399,1.4500000476837158,126700,0.0,0.0
2024-04-10 00:00:00-04:00,1.4199999570846558,1.4199999570846558,1.350000023841858,1.3799999952316284,179700,0.0,0.0
2024-04-11 00:00:00-04:00,1.3799999952316284,1.399999976158142,1.3600000143051147,1.3700000047683716,130900,0.0,0.0
2024-04-12 00:00:00-04:00,1.3799999952316284,1.3799999952316284,1.2599999904632568,1.274999976158142,455000,0.0,0.0
2024-04-15 00:00:00-04:00,1.3200000524520874,1.3200000524520874,1.2400000095367432,1.2599999904632568,274400,0.0,0.0
2024-04-16 00:00:00-04:00,1.2699999809265137,1.2799999713897705,1.2200000286102295,1.2400000095367432,252800,0.0,0.0
2024-04-17 00:00:00-04:00,1.2799999713897705,1.3200000524520874,1.190000057220459,1.2000000476837158,359700,0.0,0.0
2024-04-18 00:00:00-04:00,1.2200000286102295,1.2699999809265137,1.1799999475479126,1.2100000381469727,288600,0.0,0.0
2024-04-19 00:00:00-04:00,1.2000000476837158,1.309999942779541,1.2000000476837158,1.2899999618530273,281000,0.0,0.0
2024-04-22 00:00:00-04:00,1.2799999713897705,1.305999994277954,1.2300000190734863,1.2599999904632568,203200,0.0,0.0
2024-04-23 00:00:00-04:00,1.2599999904632568,1.4199999570846558,1.2549999952316284,1.3799999952316284,176100,0.0,0.0
2024-04-24 00:00:00-04:00,1.3799999952316284,1.3799999952316284,1.2999999523162842,1.2999999523162842,162200,0.0,0.0
2024-04-25 00:00:00-04:00,1.2799999713897705,1.2799999713897705,1.1799999475479126,1.25,147200,0.0,0.0
2024-04-26 00:00:00-04:00,1.25,1.2799999713897705,1.2400000095367432,1.2649999856948853,49100,0.0,0.0
2024-04-29 00:00:00-04:00,1.2599999904632568,1.3700000047683716,1.2599999904632568,1.3600000143051147,149800,0.0,0.0
2024-04-30 00:00:00-04:00,1.3700000047683716,1.559999942779541,1.340000033378601,1.4700000286102295,308100,0.0,0.0
2024-05-01 00:00:00-04:00,1.440000057220459,1.590000033378601,1.4149999618530273,1.5499999523162842,237100,0.0,0.0
2024-05-02 00:00:00-04:00,1.5700000524520874,1.6200000047683716,1.5099999904632568,1.600000023841858,332800,0.0,0.0
2024-05-03 00:00:00-04:00,1.6200000047683716,1.850000023841858,1.5299999713897705,1.5399999618530273,356000,0.0,0.0
2024-05-06 00:00:00-04:00,1.5399999618530273,1.75,1.531999945640564,1.590000033378601,308000,0.0,0.0
2024-05-07 00:00:00-04:00,1.5800000429153442,1.7300000190734863,1.559999942779541,1.5800000429153442,190600,0.0,0.0
2024-05-08 00:00:00-04:00,1.5700000524520874,1.659000039100647,1.5099999904632568,1.565000057220459,189600,0.0,0.0
2024-05-09 00:00:00-04:00,1.7100000381469727,1.75,1.5700000524520874,1.649999976158142,419700,0.0,0.0
2024-05-10 00:00:00-04:00,1.6399999856948853,1.684999942779541,1.5199999809265137,1.5700000524520874,134100,0.0,0.0
2024-05-13 00:00:00-04:00,1.559999942779541,1.6299999952316284,1.5299999713897705,1.5399999618530273,260700,0.0,0.0
2024-05-14 00:00:00-04:00,1.5499999523162842,1.690000057220459,1.5,1.5199999809265137,264200,0.0,0.0
2024-05-15 00:00:00-04:00,1.5399999618530273,1.5700000524520874,1.4199999570846558,1.4299999475479126,225300,0.0,0.0
2024-05-16 00:00:00-04:00,1.4700000286102295,1.4700000286102295,1.3200000524520874,1.3949999809265137,172100,0.0,0.0
2024-05-17 00:00:00-04:00,1.3600000143051147,1.409999966621399,1.350000023841858,1.399999976158142,156700,0.0,0.0
2024-05-20 00:00:00-04:00,1.409999966621399,1.4700000286102295,1.3700000047683716,1.4600000381469727,161800,0.0,0.0
2024-05-21 00:00:00-04:00,1.4600000381469727,1.4900000095367432,1.4199999570846558,1.4500000476837158,144500,0.0,0.0
2024-05-22 00:00:00-04:00,1.4700000286102295,1.6699999570846558,1.3799999952316284,1.5549999475479126,468800,0.0,0.0
2024-05-23 00:00:00-04:00,1.559999942779541,1.559999942779541,1.3899999856948853,1.440000057220459,224200,0.0,0.0
2024-05-24 00:00:00-04:00,1.4199999570846558,1.4199999570846558,1.3200000524520874,1.340000033378601,147100,0.0,0.0
2024-05-28 00:00:00-04:00,1.350000023841858,1.350000023841858,1.2699999809265137,1.2899999618530273,242500,0.0,0.0
2024-05-29 00:00:00-04:00,1.2599999904632568,1.3200000524520874,1.2599999904632568,1.3049999475479126,98500,0.0,0.0
2024-05-30 00:00:00-04:00,1.2799999713897705,1.3799999952316284,1.2799999713897705,1.309999942779541,122800,0.0,0.0
2024-05-31 00:00:00-04:00,1.3200000524520874,1.3899999856948853,1.2899999618530273,1.2999999523162842,192500,0.0,0.0
2024-06-03 00:00:00-04:00,1.3600000143051147,1.600000023841858,1.3350000381469727,1.4500000476837158,692400,0.0,0.0
2024-06-04 00:00:00-04:00,1.4500000476837158,1.4550000429153442,1.340000033378601,1.350000023841858,187600,0.0,0.0
2024-06-05 00:00:00-04:00,1.3899999856948853,1.5099999904632568,1.3600000143051147,1.4700000286102295,199200,0.0,0.0
2024-06-06 00:00:00-04:00,1.4500000476837158,1.4700000286102295,1.3799999952316284,1.399999976158142,171400,0.0,0.0
2024-06-07 00:00:00-04:00,1.350000023841858,1.4199999570846558,1.340000033378601,1.350000023841858,214500,0.0,0.0
2024-06-10 00:00:00-04:00,1.350000023841858,1.350000023841858,1.2610000371932983,1.3200000524520874,144700,0.0,0.0
2024-06-11 00:00:00-04:00,1.309999942779541,1.350000023841858,1.3049999475479126,1.3300000429153442,77500,0.0,0.0
2024-06-12 00:00:00-04:00,1.3799999952316284,1.3899999856948853,1.2999999523162842,1.309999942779541,166700,0.0,0.0
2024-06-13 00:00:00-04:00,1.2999999523162842,1.399999976158142,1.2899999618530273,1.3600000143051147,318600,0.0,0.0
2024-06-14 00:00:00-04:00,1.3600000143051147,1.3819999694824219,1.309999942779541,1.3600000143051147,220800,0.0,0.0
2024-06-17 00:00:00-04:00,1.350000023841858,1.3600000143051147,1.2549999952316284,1.284999966621399,400000,0.0,0.0
2024-06-18 00:00:00-04:00,1.2899999618530273,1.309999942779541,1.2510000467300415,1.2599999904632568,206900,0.0,0.0
2024-06-20 00:00:00-04:00,1.2699999809265137,1.2790000438690186,1.2200000286102295,1.2300000190734863,272200,0.0,0.0
2024-06-21 00:00:00-04:00,1.2200000286102295,1.2699999809265137,1.2100000381469727,1.2200000286102295,192300,0.0,0.0
2024-06-24 00:00:00-04:00,1.25,1.309999942779541,1.2300000190734863,1.2300000190734863,139000,0.0,0.0
2024-06-25 00:00:00-04:00,1.25,1.25,1.2100000381469727,1.2100000381469727,174100,0.0,0.0
2024-06-26 00:00:00-04:00,1.2100000381469727,1.2400000095367432,1.1799999475479126,1.184999942779541,151300,0.0,0.0
2024-06-27 00:00:00-04:00,1.190000057220459,1.2200000286102295,1.159999966621399,1.2100000381469727,292800,0.0,0.0
2024-06-28 00:00:00-04:00,1.2400000095367432,1.2400000095367432,1.1699999570846558,1.1699999570846558,126500,0.0,0.0
2024-07-01 00:00:00-04:00,1.2200000286102295,1.2200000286102295,1.1349999904632568,1.1950000524520874,257500,0.0,0.0
2024-07-02 00:00:00-04:00,1.1799999475479126,1.2200000286102295,1.1699999570846558,1.2000000476837158,86300,0.0,0.0
2024-07-03 00:00:00-04:00,1.2000000476837158,1.225000023841858,1.190000057220459,1.190000057220459,74900,0.0,0.0
2024-07-05 00:00:00-04:00,1.2000000476837158,1.5399999618530273,1.2000000476837158,1.5299999713897705,1351300,0.0,0.0
2024-07-08 00:00:00-04:00,1.590000033378601,1.75,1.4900000095367432,1.5099999904632568,1873200,0.0,0.0
2024-07-09 00:00:00-04:00,1.4299999475479126,1.590000033378601,1.409999966621399,1.4900000095367432,590100,0.0,0.0
2024-07-10 00:00:00-04:00,1.5399999618530273,1.6100000143051147,1.4900000095367432,1.5499999523162842,237800,0.0,0.0
2024-07-11 00:00:00-04:00,1.590000033378601,1.7899999618530273,1.5230000019073486,1.7000000476837158,876400,0.0,0.0
2024-07-12 00:00:00-04:00,1.7000000476837158,1.7899999618530273,1.6100000143051147,1.659999966621399,427900,0.0,0.0
2024-07-15 00:00:00-04:00,1.6399999856948853,1.7300000190734863,1.6100000143051147,1.6100000143051147,255900,0.0,0.0
2024-07-16 00:00:00-04:00,1.6200000047683716,2.180000066757202,1.6200000047683716,2.009999990463257,1130100,0.0,0.0
2024-07-17 00:00:00-04:00,2.0,2.259999990463257,1.9900000095367432,2.25,952700,0.0,0.0
2024-07-18 00:00:00-04:00,2.2200000286102295,2.6600000858306885,2.2200000286102295,2.450000047683716,2009100,0.0,0.0
2024-07-19 00:00:00-04:00,2.5,4.519999980926514,2.5,3.8499999046325684,22803000,0.0,0.0
2024-07-22 00:00:00-04:00,3.4100000858306885,3.5199999809265137,2.9600000381469727,2.9800000190734863,3105600,0.0,0.0
2024-07-23 00:00:00-04:00,2.8399999141693115,3.109999895095825,2.609999895095825,2.880000114440918,1008000,0.0,0.0
2024-07-24 00:00:00-04:00,2.75,3.0799999237060547,2.640000104904175,2.8399999141693115,866100,0.0,0.0
2024-07-25 00:00:00-04:00,2.8299999237060547,3.1600000858306885,2.809999942779541,2.859999895095825,685800,0.0,0.0
2024-07-26 00:00:00-04:00,2.950000047683716,3.5,2.930000066757202,3.450000047683716,1903800,0.0,0.0
2024-07-29 00:00:00-04:00,3.549999952316284,3.680000066757202,2.9100000858306885,3.005000114440918,984800,0.0,0.0
2024-07-30 00:00:00-04:00,2.9700000286102295,3.240000009536743,2.9600000381469727,3.119999885559082,549400,0.0,0.0
2024-07-31 00:00:00-04:00,3.109999895095825,3.5399999618530273,2.9700000286102295,3.450000047683716,865400,0.0,0.0
2024-08-01 00:00:00-04:00,3.450000047683716,3.890000104904175,3.069999933242798,3.569999933242798,1447200,0.0,0.0
2024-08-02 00:00:00-04:00,3.319999933242798,3.75,3.119999885559082,3.5999999046325684,778800,0.0,0.0
2024-08-05 00:00:00-04:00,3.200000047683716,3.4700000286102295,2.9000000953674316,3.1500000953674316,1028000,0.0,0.0
2024-08-06 00:00:00-04:00,3.1600000858306885,3.5399999618530273,3.1600000858306885,3.200000047683716,534600,0.0,0.0
2024-08-07 00:00:00-04:00,3.2699999809265137,3.450000047683716,2.809999942779541,2.880000114440918,846800,0.0,0.0
2024-08-08 00:00:00-04:00,3.450000047683716,3.6700000762939453,3.1500000953674316,3.430000066757202,1305700,0.0,0.0
2024-08-09 00:00:00-04:00,3.430000066757202,3.5,3.049999952316284,3.259999990463257,714500,0.0,0.0
2024-08-12 00:00:00-04:00,3.2899999618530273,4.585000038146973,3.2699999809265137,4.309999942779541,4741500,0.0,0.0
2024-08-13 00:00:00-04:00,4.309999942779541,5.0,4.070000171661377,4.659999847412109,2413500,0.0,0.0
2024-08-14 00:00:00-04:00,4.679999828338623,4.900000095367432,4.360000133514404,4.460000038146973,1112000,0.0,0.0
2024-08-15 00:00:00-04:00,4.550000190734863,5.099999904632568,4.199999809265137,5.070000171661377,1111500,0.0,0.0
2024-08-16 00:00:00-04:00,5.159999847412109,7.199999809265137,5.159999847412109,5.989999771118164,6297100,0.0,0.0
2024-08-19 00:00:00-04:00,6.010000228881836,6.349999904632568,5.599999904632568,5.840000152587891,2719200,0.0,0.0
2024-08-20 00:00:00-04:00,5.849999904632568,6.2789998054504395,5.449999809265137,5.690000057220459,1474100,0.0,0.0
2024-08-21 00:00:00-04:00,6.03000020980835,6.440000057220459,5.697999954223633,6.340000152587891,1898900,0.0,0.0
2024-08-22 00:00:00-04:00,6.449999809265137,6.449999809265137,5.579999923706055,5.710000038146973,1971900,0.0,0.0
2024-08-23 00:00:00-04:00,5.860000133514404,6.260000228881836,5.735000133514404,5.96999979019165,1263100,0.0,0.0
2024-08-26 00:00:00-04:00,6.099999904632568,6.230000019073486,5.599999904632568,5.800000190734863,1324400,0.0,0.0
2024-08-27 00:00:00-04:00,5.840000152587891,5.840000152587891,5.340000152587891,5.760000228881836,786100,0.0,0.0
2024-08-28 00:00:00-04:00,5.519999980926514,5.769999980926514,5.369999885559082,5.53000020980835,700400,0.0,0.0
2024-08-29 00:00:00-04:00,5.619999885559082,5.864999771118164,5.5,5.800000190734863,1337800,0.0,0.0
2024-08-30 00:00:00-04:00,5.78000020980835,6.190000057220459,5.159999847412109,5.440000057220459,1341000,0.0,0.0
2024-09-03 00:00:00-04:00,5.380000114440918,5.7779998779296875,5.195000171661377,5.21999979019165,834900,0.0,0.0
2024-09-04 00:00:00-04:00,5.119999885559082,5.670000076293945,5.0,5.389999866485596,807300,0.0,0.0
2024-09-05 00:00:00-04:00,5.380000114440918,5.610000133514404,5.019999980926514,5.159999847412109,630500,0.0,0.0
2024-09-06 00:00:00-04:00,5.099999904632568,5.389999866485596,4.849999904632568,5.369999885559082,695500,0.0,0.0
2024-09-09 00:00:00-04:00,5.409999847412109,5.497000217437744,5.099999904632568,5.320000171661377,464400,0.0,0.0
2024-09-10 00:00:00-04:00,5.440000057220459,5.900000095367432,5.300000190734863,5.769999980926514,864500,0.0,0.0
2024-09-11 00:00:00-04:00,5.78000020980835,6.019999980926514,5.539999961853027,5.949999809265137,1857500,0.0,0.0
2024-09-12 00:00:00-04:00,6.0,6.050000190734863,5.550000190734863,5.730000019073486,981500,0.0,0.0
2024-09-13 00:00:00-04:00,5.760000228881836,5.909999847412109,5.460000038146973,5.690000057220459,595000,0.0,0.0
2024-09-16 00:00:00-04:00,5.659999847412109,5.679999828338623,5.389999866485596,5.519999980926514,502200,0.0,0.0
2024-09-17 00:00:00-04:00,5.46999979019165,5.934999942779541,5.340000152587891,5.670000076293945,751900,0.0,0.0
2024-09-18 00:00:00-04:00,5.760000228881836,5.925000190734863,5.360000133514404,5.519999980926514,1009900,0.0,0.0
2024-09-19 00:00:00-04:00,5.800000190734863,6.230000019073486,5.619999885559082,5.929999828338623,1699800,0.0,0.0
2024-09-20 00:00:00-04:00,6.0,6.150000095367432,5.46999979019165,5.739999771118164,1219600,0.0,0.0
2024-09-23 00:00:00-04:00,5.699999809265137,5.730000019073486,5.052999973297119,5.065000057220459,897800,0.0,0.0
2024-09-24 00:00:00-04:00,5.070000171661377,5.166999816894531,4.635000228881836,4.840000152587891,1086400,0.0,0.0
2024-09-25 00:00:00-04:00,4.840000152587891,5.059999942779541,4.659999847412109,4.659999847412109,766400,0.0,0.0
2024-09-26 00:00:00-04:00,4.679999828338623,5.170000076293945,4.679999828338623,5.159999847412109,736500,0.0,0.0
2024-09-27 00:00:00-04:00,5.409999847412109,5.46999979019165,5.130000114440918,5.21999979019165,592400,0.0,0.0
2024-09-30 00:00:00-04:00,5.179999828338623,5.550000190734863,5.059999942779541,5.380000114440918,679100,0.0,0.0
2024-10-01 00:00:00-04:00,5.329999923706055,5.409999847412109,4.829999923706055,4.929999828338623,605800,0.0,0.0
2024-10-02 00:00:00-04:00,4.900000095367432,4.900000095367432,4.710000038146973,4.820000171661377,502800,0.0,0.0
2024-10-03 00:00:00-04:00,4.820000171661377,4.920000076293945,4.739999771118164,4.829999923706055,370800,0.0,0.0
2024-10-04 00:00:00-04:00,4.849999904632568,5.199999809265137,4.809999942779541,5.190000057220459,465500,0.0,0.0
2024-10-07 00:00:00-04:00,5.139999866485596,5.190000057220459,4.949999809265137,5.110000133514404,336700,0.0,0.0
2024-10-08 00:00:00-04:00,5.110000133514404,5.519999980926514,5.110000133514404,5.210000038146973,536200,0.0,0.0
2024-10-09 00:00:00-04:00,5.199999809265137,5.318999767303467,4.940000057220459,5.050000190734863,562000,0.0,0.0
2024-10-10 00:00:00-04:00,5.010000228881836,5.050000190734863,4.829999923706055,4.940000057220459,257900,0.0,0.0
2024-10-11 00:00:00-04:00,4.940000057220459,5.159999847412109,4.704999923706055,4.730000019073486,723200,0.0,0.0
2024-10-14 00:00:00-04:00,4.730000019073486,4.789999961853027,4.519999980926514,4.570000171661377,561500,0.0,0.0
2024-10-15 00:00:00-04:00,4.5,5.079999923706055,4.5,4.869999885559082,599500,0.0,0.0
2024-10-16 00:00:00-04:00,4.860000133514404,4.920000076293945,4.729000091552734,4.78000020980835,324100,0.0,0.0
2024-10-17 00:00:00-04:00,4.789999961853027,4.789999961853027,4.550000190734863,4.619999885559082,461600,0.0,0.0
2024-10-18 00:00:00-04:00,4.690000057220459,4.925000190734863,4.650000095367432,4.869999885559082,366500,0.0,0.0
2024-10-21 00:00:00-04:00,4.889999866485596,4.922999858856201,4.684999942779541,4.769999980926514,561000,0.0,0.0
2024-10-22 00:00:00-04:00,4.690000057220459,4.824999809265137,4.690000057220459,4.699999809265137,240900,0.0,0.0
2024-10-23 00:00:00-04:00,4.670000076293945,4.769999980926514,4.539999961853027,4.690000057220459,399800,0.0,0.0
2024-10-24 00:00:00-04:00,4.760000228881836,4.848999977111816,4.690000057220459,4.699999809265137,223100,0.0,0.0
2024-10-25 00:00:00-04:00,4.710000038146973,4.948999881744385,4.699999809265137,4.710000038146973,313500,0.0,0.0
2024-10-28 00:00:00-04:00,4.760000228881836,5.349999904632568,4.760000228881836,5.170000076293945,641700,0.0,0.0
2024-10-29 00:00:00-04:00,5.199999809265137,5.289999961853027,4.961999893188477,5.130000114440918,530300,0.0,0.0
2024-10-30 00:00:00-04:00,5.059999942779541,5.340000152587891,5.0,5.190000057220459,523000,0.0,0.0
2024-10-31 00:00:00-04:00,5.170000076293945,5.25,5.019999980926514,5.050000190734863,503400,0.0,0.0
2024-11-01 00:00:00-04:00,5.059999942779541,5.599999904632568,5.050000190734863,5.090000152587891,1276000,0.0,0.0
2024-11-04 00:00:00-05:00,5.059999942779541,5.190000057220459,4.920000076293945,5.0,667000,0.0,0.0
2024-11-05 00:00:00-05:00,5.059999942779541,5.639999866485596,4.96999979019165,5.639999866485596,861100,0.0,0.0
2024-11-06 00:00:00-05:00,5.820000171661377,5.820000171661377,5.289999961853027,5.579999923706055,884100,0.0,0.0
2024-11-07 00:00:00-05:00,4.800000190734863,5.059999942779541,4.230000019073486,4.320000171661377,2472300,0.0,0.0
2024-11-08 00:00:00-05:00,4.429999828338623,4.660999774932861,4.1539998054504395,4.550000190734863,1264300,0.0,0.0
2024-11-11 00:00:00-05:00,4.71999979019165,4.980000019073486,4.519999980926514,4.920000076293945,1039700,0.0,0.0
2024-11-12 00:00:00-05:00,4.900000095367432,5.320000171661377,4.701000213623047,5.230000019073486,1542700,0.0,0.0
2024-11-13 00:00:00-05:00,5.300000190734863,5.4029998779296875,4.699999809265137,4.75,1137100,0.0,0.0
2024-11-14 00:00:00-05:00,4.760000228881836,4.769999980926514,4.289999961853027,4.300000190734863,806500,0.0,0.0
2024-11-15 00:00:00-05:00,4.239999771118164,4.348999977111816,3.8299999237060547,3.890000104904175,1015800,0.0,0.0
2024-11-18 00:00:00-05:00,3.8499999046325684,3.875,3.5799999237060547,3.5899999141693115,1074400,0.0,0.0
2024-11-19 00:00:00-05:00,3.4100000858306885,3.740000009536743,3.3399999141693115,3.690000057220459,698600,0.0,0.0
2024-11-20 00:00:00-05:00,3.759999990463257,3.7799999713897705,3.4149999618530273,3.4600000381469727,1186000,0.0,0.0
2024-11-21 00:00:00-05:00,3.5,3.5,3.2799999713897705,3.380000114440918,708800,0.0,0.0
2024-11-22 00:00:00-05:00,3.380000114440918,3.5450000762939453,3.3299999237060547,3.4700000286102295,653300,0.0,0.0
2024-11-25 00:00:00-05:00,3.549999952316284,3.7699999809265137,3.5399999618530273,3.5999999046325684,494800,0.0,0.0
2024-11-26 00:00:00-05:00,3.609999895095825,3.7799999713897705,3.569999933242798,3.7300000190734863,574300,0.0,0.0
2024-11-27 00:00:00-05:00,3.7300000190734863,4.179999828338623,3.7300000190734863,3.930000066757202,951300,0.0,0.0
2024-11-29 00:00:00-05:00,3.950000047683716,4.045000076293945,3.869999885559082,3.9700000286102295,340100,0.0,0.0
2024-12-02 00:00:00-05:00,3.890000104904175,4.010000228881836,3.799999952316284,3.9000000953674316,400100,0.0,0.0
2024-12-03 00:00:00-05:00,3.869999885559082,3.990000009536743,3.8499999046325684,3.890000104904175,551300,0.0,0.0
2024-12-04 00:00:00-05:00,3.890000104904175,4.099999904632568,3.880000114440918,3.990000009536743,585100,0.0,0.0
2024-12-05 00:00:00-05:00,3.9800000190734863,3.9800000190734863,3.75,3.7799999713897705,589900,0.0,0.0
2024-12-06 00:00:00-05:00,3.740000009536743,4.159999847412109,3.740000009536743,4.150000095367432,617800,0.0,0.0
2024-12-09 00:00:00-05:00,4.179999828338623,4.236000061035156,3.990000009536743,4.005000114440918,514400,0.0,0.0
2024-12-10 00:00:00-05:00,4.0,4.010000228881836,3.7799999713897705,3.7899999618530273,383100,0.0,0.0
2024-12-11 00:00:00-05:00,3.809999942779541,3.8350000381469727,3.5799999237060547,3.75,311800,0.0,0.0
2024-12-12 00:00:00-05:00,3.7300000190734863,3.765000104904175,3.549999952316284,3.5799999237060547,428500,0.0,0.0
2024-12-13 00:00:00-05:00,3.4700000286102295,3.930000066757202,3.359999895095825,3.819999933242798,813800,0.0,0.0
2024-12-16 00:00:00-05:00,3.819999933242798,3.930000066757202,3.6530001163482666,3.7100000381469727,478600,0.0,0.0
2024-12-17 00:00:00-05:00,3.7100000381469727,4.139999866485596,3.700000047683716,3.8399999141693115,981400,0.0,0.0
2024-12-18 00:00:00-05:00,3.8499999046325684,3.941999912261963,3.369999885559082,3.559999942779541,1154500,0.0,0.0
2024-12-19 00:00:00-05:00,3.809999942779541,5.300000190734863,3.809999942779541,5.260000228881836,4824700,0.0,0.0
2024-12-20 00:00:00-05:00,5.690000057220459,7.190000057220459,5.599999904632568,5.75,8049900,0.0,0.0
2024-12-23 00:00:00-05:00,5.860000133514404,6.559999942779541,5.739999771118164,5.949999809265137,1607700,0.0,0.0
2024-12-24 00:00:00-05:00,5.960000038146973,6.199999809265137,5.610000133514404,6.090000152587891,897800,0.0,0.0
2024-12-26 00:00:00-05:00,6.130000114440918,6.304999828338623,5.760000228881836,6.260000228881836,985300,0.0,0.0
2024-12-27 00:00:00-05:00,6.289999961853027,6.449999809265137,5.829999923706055,5.869999885559082,1022600,0.0,0.0
2024-12-30 00:00:00-05:00,5.849999904632568,6.170000076293945,5.679999828338623,5.96999979019165,802400,0.0,0.0
2024-12-31 00:00:00-05:00,5.96999979019165,6.090000152587891,5.480000019073486,5.78000020980835,1016500,0.0,0.0
2025-01-02 00:00:00-05:00,5.75,6.71999979019165,5.75,6.269999980926514,1257300,0.0,0.0
2025-01-03 00:00:00-05:00,6.309999942779541,6.730000019073486,6.25,6.639999866485596,741400,0.0,0.0
2025-01-06 00:00:00-05:00,6.800000190734863,6.980000019073486,6.369999885559082,6.409999847412109,1081800,0.0,0.0
2025-01-07 00:00:00-05:00,6.5,6.710000038146973,5.96999979019165,5.980000019073486,781400,0.0,0.0
2025-01-08 00:00:00-05:00,6.019999980926514,6.03000020980835,5.21999979019165,5.599999904632568,1703500,0.0,0.0
2025-01-10 00:00:00-05:00,5.559999942779541,5.644999980926514,5.28000020980835,5.590000152587891,1095400,0.0,0.0
2025-01-13 00:00:00-05:00,5.28000020980835,5.599999904632568,5.150000095367432,5.349999904632568,955700,0.0,0.0
2025-01-14 00:00:00-05:00,5.460000038146973,5.489999771118164,5.0,5.130000114440918,691500,0.0,0.0
2025-01-15 00:00:00-05:00,5.170000076293945,5.5,4.974999904632568,5.170000076293945,900600,0.0,0.0
2025-01-16 00:00:00-05:00,5.159999847412109,5.235000133514404,4.78000020980835,4.78000020980835,683900,0.0,0.0
2025-01-17 00:00:00-05:00,4.78000020980835,5.039999961853027,4.699999809265137,4.889999866485596,518300,0.0,0.0
2025-01-21 00:00:00-05:00,5.010000228881836,5.679999828338623,4.989999771118164,5.550000190734863,1152200,0.0,0.0
2025-01-22 00:00:00-05:00,5.820000171661377,5.820000171661377,5.300000190734863,5.599999904632568,1774000,0.0,0.0
2025-01-23 00:00:00-05:00,5.710000038146973,6.28000020980835,5.599999904632568,6.150000095367432,3980700,0.0,0.0
2025-01-24 00:00:00-05:00,6.269999980926514,6.27400016784668,5.920000076293945,6.119999885559082,1230700,0.0,0.0
2025-01-27 00:00:00-05:00,5.900000095367432,6.010000228881836,5.559999942779541,5.809999942779541,1902700,0.0,0.0
2025-01-28 00:00:00-05:00,5.789999961853027,5.913000106811523,5.420000076293945,5.440000057220459,802400,0.0,0.0
2025-01-29 00:00:00-05:00,5.489999771118164,5.690000057220459,4.989999771118164,5.010000228881836,1165800,0.0,0.0
2025-01-30 00:00:00-05:00,5.070000171661377,5.420000076293945,5.070000171661377,5.360000133514404,606400,0.0,0.0
2025-01-31 00:00:00-05:00,5.360000133514404,5.5,5.159999847412109,5.21999979019165,586700,0.0,0.0
2025-02-03 00:00:00-05:00,5.0,5.059999942779541,4.815000057220459,4.889999866485596,801600,0.0,0.0
2025-02-04 00:00:00-05:00,4.889999866485596,5.09499979019165,4.860000133514404,5.050000190734863,691200,0.0,0.0
2025-02-05 00:00:00-05:00,5.079999923706055,5.507999897003174,5.079999923706055,5.329999923706055,1213100,0.0,0.0
2025-02-06 00:00:00-05:00,5.5,5.619999885559082,5.159999847412109,5.159999847412109,505300,0.0,0.0
2025-02-07 00:00:00-05:00,5.119999885559082,5.329999923706055,4.709000110626221,4.920000076293945,972300,0.0,0.0
2025-02-10 00:00:00-05:00,4.920000076293945,5.059999942779541,4.760000228881836,5.010000228881836,576400,0.0,0.0
2025-02-11 00:00:00-05:00,4.940000057220459,4.945000171661377,4.710000038146973,4.775000095367432,910000,0.0,0.0
2025-02-12 00:00:00-05:00,4.639999866485596,4.695000171661377,4.46999979019165,4.659999847412109,637800,0.0,0.0
2025-02-13 00:00:00-05:00,4.699999809265137,5.119999885559082,4.520999908447266,4.989999771118164,1179900,0.0,0.0
2025-02-14 00:00:00-05:00,5.159999847412109,6.179999828338623,5.150000095367432,5.510000228881836,2447200,0.0,0.0
2025-02-18 00:00:00-05:00,5.809999942779541,6.429999828338623,5.699999809265137,6.039999961853027,1879100,0.0,0.0
2025-02-19 00:00:00-05:00,6.03000020980835,6.099999904632568,5.6579999923706055,5.824999809265137,1007400,0.0,0.0
2025-02-20 00:00:00-05:00,5.739999771118164,5.78000020980835,5.079999923706055,5.429999828338623,1045100,0.0,0.0
2025-02-21 00:00:00-05:00,5.539999961853027,5.590000152587891,4.710000038146973,4.715000152587891,1090700,0.0,0.0
2025-02-24 00:00:00-05:00,4.71999979019165,4.829999923706055,4.360000133514404,4.574999809265137,1653400,0.0,0.0
2025-02-25 00:00:00-05:00,4.5,4.550000190734863,4.019999980926514,4.230000019073486,1702100,0.0,0.0
2025-02-26 00:00:00-05:00,4.25,4.639999866485596,4.239999771118164,4.480000019073486,935400,0.0,0.0
2025-02-27 00:00:00-05:00,4.550000190734863,4.699999809265137,4.224999904632568,4.239999771118164,1257100,0.0,0.0
2025-02-28 00:00:00-05:00,4.010000228881836,4.579999923706055,3.9100000858306885,4.139999866485596,1363600,0.0,0.0
2025-03-03 00:00:00-05:00,4.260000228881836,4.260000228881836,3.9100000858306885,4.110000133514404,1370500,0.0,0.0
2025-03-04 00:00:00-05:00,3.950000047683716,4.210000038146973,3.690000057220459,4.110000133514404,2011200,0.0,0.0
2025-03-05 00:00:00-05:00,4.139999866485596,4.510000228881836,4.025000095367432,4.489999771118164,1066500,0.0,0.0
2025-03-06 00:00:00-05:00,4.380000114440918,4.400000095367432,4.119999885559082,4.21999979019165,1513000,0.0,0.0
2025-03-07 00:00:00-05:00,4.210000038146973,4.426000118255615,4.110000133514404,4.139999866485596,926700,0.0,0.0
2025-03-10 00:00:00-04:00,4.0,4.0370001792907715,3.4800000190734863,3.5899999141693115,1143600,0.0,0.0
2025-03-11 00:00:00-04:00,3.5399999618530273,3.7149999141693115,3.380000114440918,3.5850000381469727,1140400,0.0,0.0
2025-03-12 00:00:00-04:00,3.7100000381469727,4.010000228881836,3.7100000381469727,3.819999933242798,972000,0.0,0.0
2025-03-13 00:00:00-04:00,3.890000104904175,3.938999891281128,3.450000047683716,3.569999933242798,810600,0.0,0.0
2025-03-14 00:00:00-04:00,3.6600000858306885,3.7799999713897705,3.549999952316284,3.630000114440918,630300,0.0,0.0
2025-03-17 00:00:00-04:00,3.809999942779541,3.930000066757202,3.690000057220459,3.799999952316284,743200,0.0,0.0
2025-03-18 00:00:00-04:00,3.7200000286102295,3.7899999618530273,3.559999942779541,3.5899999141693115,623400,0.0,0.0
2025-03-19 00:00:00-04:00,3.5999999046325684,3.819999933242798,3.5999999046325684,3.6700000762939453,1008900,0.0,0.0
2025-03-20 00:00:00-04:00,3.609999895095825,3.7799999713897705,3.6050000190734863,3.609999895095825,986400,0.0,0.0
2025-03-21 00:00:00-04:00,3.5399999618530273,3.6500000953674316,3.5209999084472656,3.559999942779541,652000,0.0,0.0
2025-03-24 00:00:00-04:00,3.6500000953674316,3.9200000762939453,3.640000104904175,3.8399999141693115,847900,0.0,0.0
2025-03-25 00:00:00-04:00,3.8399999141693115,3.8580000400543213,3.5999999046325684,3.5999999046325684,1262400,0.0,0.0
2025-03-26 00:00:00-04:00,3.640000104904175,3.6500000953674316,3.384999990463257,3.4200000762939453,934600,0.0,0.0
2025-03-27 00:00:00-04:00,3.4100000858306885,3.6050000190734863,3.359999895095825,3.5799999237060547,530700,0.0,0.0
2025-03-28 00:00:00-04:00,3.559999942779541,3.6500000953674316,3.509999990463257,3.619999885559082,688800,0.0,0.0
2025-03-31 00:00:00-04:00,3.4200000762939453,3.640000104904175,3.3340001106262207,3.509999990463257,808300,0.0,0.0
2025-04-01 00:00:00-04:00,3.490000009536743,3.6500000953674316,3.369999885559082,3.450000047683716,685400,0.0,0.0
2025-04-02 00:00:00-04:00,3.359999895095825,3.7300000190734863,3.359999895095825,3.559999942779541,687100,0.0,0.0
2025-04-03 00:00:00-04:00,3.25,3.4000000953674316,3.25,3.299999952316284,770000,0.0,0.0
2025-04-04 00:00:00-04:00,3.109999895095825,3.2100000381469727,2.930000066757202,3.109999895095825,924800,0.0,0.0
2025-04-07 00:00:00-04:00,2.9000000953674316,3.4149999618530273,2.8259999752044678,3.25,711600,0.0,0.0
2025-04-08 00:00:00-04:00,3.4700000286102295,3.4800000190734863,2.950000047683716,3.0,737000,0.0,0.0
2025-04-09 00:00:00-04:00,2.9000000953674316,3.490000009536743,2.859999895095825,3.380000114440918,1071700,0.0,0.0
2025-04-10 00:00:00-04:00,3.2799999713897705,3.2799999713897705,2.940000057220459,3.0299999713897705,659200,0.0,0.0
2025-04-11 00:00:00-04:00,3.049999952316284,3.359999895095825,2.9600000381469727,3.2750000953674316,509300,0.0,0.0
2025-04-14 00:00:00-04:00,3.380000114440918,3.4000000953674316,3.130000114440918,3.240000009536743,644900,0.0,0.0
2025-04-15 00:00:00-04:00,3.2100000381469727,3.380000114440918,3.2100000381469727,3.259999990463257,341900,0.0,0.0
2025-04-16 00:00:00-04:00,3.1700000762939453,3.299999952316284,3.1600000858306885,3.2899999618530273,501900,0.0,0.0
2025-04-17 00:00:00-04:00,3.299999952316284,3.3289999961853027,3.0999999046325684,3.190000057220459,695200,0.0,0.0
2025-04-21 00:00:00-04:00,3.140000104904175,3.319999933242798,3.0899999141693115,3.1600000858306885,598300,0.0,0.0
2025-04-22 00:00:00-04:00,3.2300000190734863,3.490000009536743,3.200000047683716,3.4100000858306885,553200,0.0,0.0
2025-04-23 00:00:00-04:00,3.609999895095825,3.7799999713897705,3.569999933242798,3.680000066757202,1138100,0.0,0.0
2025-04-24 00:00:00-04:00,3.700000047683716,3.880000114440918,3.6700000762939453,3.8299999237060547,445500,0.0,0.0
2025-04-25 00:00:00-04:00,3.7899999618530273,3.878000020980835,3.6649999618530273,3.8399999141693115,366600,0.0,0.0
2025-04-28 00:00:00-04:00,3.8299999237060547,3.9000000953674316,3.630000114440918,3.75,428800,0.0,0.0
2025-04-29 00:00:00-04:00,3.75,3.859999895095825,3.700000047683716,3.799999952316284,552500,0.0,0.0
2025-04-30 00:00:00-04:00,3.7200000286102295,3.8399999141693115,3.619999885559082,3.7799999713897705,547300,0.0,0.0
2025-05-01 00:00:00-04:00,3.9000000953674316,3.934999942779541,3.7249999046325684,3.859999895095825,562500,0.0,0.0
2025-05-02 00:00:00-04:00,3.869999885559082,4.329999923706055,3.869999885559082,4.159999847412109,960200,0.0,0.0
2025-05-05 00:00:00-04:00,4.170000076293945,4.489999771118164,4.010000228881836,4.260000228881836,763500,0.0,0.0
2025-05-06 00:00:00-04:00,4.269999980926514,4.269999980926514,3.9800000190734863,4.0,1321100,0.0,0.0
2025-05-07 00:00:00-04:00,4.389999866485596,4.938000202178955,4.25,4.840000152587891,1636800,0.0,0.0
2025-05-08 00:00:00-04:00,4.840000152587891,5.610000133514404,4.789999961853027,5.159999847412109,1874600,0.0,0.0
2025-05-09 00:00:00-04:00,5.150000095367432,5.309999942779541,4.960000038146973,5.039999961853027,788400,0.0,0.0
2025-05-12 00:00:00-04:00,5.389999866485596,5.389999866485596,5.041999816894531,5.099999904632568,688400,0.0,0.0
2025-05-13 00:00:00-04:00,5.130000114440918,5.25,4.96999979019165,5.139999866485596,529100,0.0,0.0
2025-05-14 00:00:00-04:00,5.139999866485596,5.28000020980835,4.800000190734863,4.820000171661377,590000,0.0,0.0
2025-05-15 00:00:00-04:00,4.869999885559082,4.925000190734863,4.630000114440918,4.889999866485596,423100,0.0,0.0
2025-05-16 00:00:00-04:00,4.920000076293945,5.050000190734863,4.849999904632568,4.949999809265137,427800,0.0,0.0
2025-05-19 00:00:00-04:00,4.789999961853027,5.03000020980835,4.699999809265137,5.019999980926514,539100,0.0,0.0
2025-05-20 00:00:00-04:00,5.019999980926514,5.03000020980835,4.789999961853027,4.960000038146973,534300,0.0,0.0
2025-05-21 00:00:00-04:00,4.880000114440918,4.960000038146973,4.704999923706055,4.71999979019165,680600,0.0,0.0
2025-05-22 00:00:00-04:00,4.679999828338623,4.71999979019165,4.5,4.619999885559082,434200,0.0,0.0
2025-05-23 00:00:00-04:00,4.460000038146973,4.824999809265137,4.441999912261963,4.78000020980835,484300,0.0,0.0
2025-05-27 00:00:00-04:00,4.889999866485596,5.059999942779541,4.679999828338623,4.690000057220459,528800,0.0,0.0
2025-05-28 00:00:00-04:00,4.71999979019165,4.840000152587891,4.619999885559082,4.699999809265137,617700,0.0,0.0
2025-05-29 00:00:00-04:00,4.71999979019165,4.775000095367432,4.519999980926514,4.590000152587891,554700,0.0,0.0
2025-05-30 00:00:00-04:00,4.550000190734863,4.71999979019165,4.46999979019165,4.630000114440918,463300,0.0,0.0
2025-06-02 00:00:00-04:00,4.639999866485596,4.989999771118164,4.630000114440918,4.829999923706055,753200,0.0,0.0
2025-06-03 00:00:00-04:00,4.909999847412109,4.989999771118164,4.639999866485596,4.880000114440918,617200,0.0,0.0
2025-06-04 00:00:00-04:00,4.920000076293945,5.238999843597412,4.860000133514404,5.150000095367432,934100,0.0,0.0
2025-06-05 00:00:00-04:00,5.150000095367432,5.385000228881836,4.949999809265137,5.059999942779541,972300,0.0,0.0
2025-06-06 00:00:00-04:00,5.170000076293945,5.449999809265137,5.0329999923706055,5.210000038146973,741200,0.0,0.0
2025-06-09 00:00:00-04:00,5.300000190734863,5.445000171661377,5.110000133514404,5.400000095367432,775000,0.0,0.0
2025-06-10 00:00:00-04:00,5.400000095367432,5.644999980926514,5.309999942779541,5.53000020980835,951800,0.0,0.0
2025-06-11 00:00:00-04:00,5.599999904632568,6.070000171661377,5.501999855041504,5.860000133514404,1063200,0.0,0.0
2025-06-12 00:00:00-04:00,5.78000020980835,5.980000019073486,5.71999979019165,5.809999942779541,861100,0.0,0.0
2025-06-13 00:00:00-04:00,5.800000190734863,6.234000205993652,5.710000038146973,6.010000228881836,1532600,0.0,0.0
2025-06-16 00:00:00-04:00,6.119999885559082,6.659999847412109,5.980000019073486,6.449999809265137,1472200,0.0,0.0
2025-06-17 00:00:00-04:00,6.389999866485596,6.71999979019165,6.215000152587891,6.230000019073486,1380400,0.0,0.0
2025-06-18 00:00:00-04:00,6.260000228881836,6.710000038146973,6.059999942779541,6.53000020980835,1288000,0.0,0.0
2025-06-20 00:00:00-04:00,6.639999866485596,6.639999866485596,6.269999980926514,6.420000076293945,2017400,0.0,0.0
2025-06-23 00:00:00-04:00,6.320000171661377,6.389999866485596,6.010000228881836,6.210000038146973,1214400,0.0,0.0
2025-06-24 00:00:00-04:00,6.340000152587891,6.389999866485596,6.059999942779541,6.159999847412109,1206200,0.0,0.0
2025-06-25 00:00:00-04:00,6.170000076293945,6.179999828338623,5.909999847412109,6.03000020980835,853300,0.0,0.0
2025-06-26 00:00:00-04:00,6.039999961853027,6.389999866485596,5.875,6.369999885559082,1047100,0.0,0.0
2025-06-27 00:00:00-04:00,6.349999904632568,6.599999904632568,6.199999809265137,6.579999923706055,9936600,0.0,0.0
2025-06-30 00:00:00-04:00,6.650000095367432,7.03000020980835,6.53000020980835,6.559999942779541,2230600,0.0,0.0
2025-07-01 00:00:00-04:00,6.510000228881836,6.710000038146973,6.269999980926514,6.570000171661377,1222200,0.0,0.0
2025-07-02 00:00:00-04:00,6.539999961853027,7.519999980926514,6.380000114440918,7.505000114440918,2210600,0.0,0.0
2025-07-03 00:00:00-04:00,7.599999904632568,7.789999961853027,7.275000095367432,7.449999809265137,1039400,0.0,0.0
2025-07-07 00:00:00-04:00,7.329999923706055,7.380000114440918,6.550000190734863,6.679999828338623,1945300,0.0,0.0
2025-07-08 00:00:00-04:00,6.679999828338623,6.860000133514404,6.514999866485596,6.860000133514404,1446400,0.0,0.0
2025-07-09 00:00:00-04:00,6.920000076293945,7.170000076293945,6.769999980926514,7.159999847412109,2020500,0.0,0.0
2025-07-10 00:00:00-04:00,7.199999809265137,7.321000099182129,6.610000133514404,6.920000076293945,1418700,0.0,0.0
2025-07-11 00:00:00-04:00,6.829999923706055,6.857999801635742,6.349999904632568,6.369999885559082,1233200,0.0,0.0
2025-07-14 00:00:00-04:00,6.309999942779541,6.489999771118164,6.25,6.46999979019165,1030500,0.0,0.0
2025-07-15 00:00:00-04:00,6.539999961853027,6.599999904632568,6.193999767303467,6.309999942779541,990300,0.0,0.0
2025-07-16 00:00:00-04:00,6.369999885559082,6.429999828338623,6.190000057220459,6.409999847412109,916200,0.0,0.0
2025-07-17 00:00:00-04:00,6.420000076293945,6.6479997634887695,6.360000133514404,6.480000019073486,929800,0.0,0.0
2025-07-18 00:00:00-04:00,6.599999904632568,6.669000148773193,6.114999771118164,6.190000057220459,825900,0.0,0.0
2025-07-21 00:00:00-04:00,6.269999980926514,6.454999923706055,6.119999885559082,6.199999809265137,893600,0.0,0.0
2025-07-22 00:00:00-04:00,6.150000095367432,6.480000019073486,6.090000152587891,6.429999828338623,1022800,0.0,0.0
2025-07-23 00:00:00-04:00,6.550000190734863,6.78000020980835,6.460000038146973,6.760000228881836,854900,0.0,0.0
2025-07-24 00:00:00-04:00,6.760000228881836,6.940000057220459,6.691999912261963,6.710000038146973,666700,0.0,0.0
2025-07-25 00:00:00-04:00,6.699999809265137,6.699999809265137,6.400000095367432,6.489999771118164,590700,0.0,0.0
2025-07-28 00:00:00-04:00,6.570000171661377,6.570000171661377,6.150000095367432,6.150000095367432,868400,0.0,0.0
2025-07-29 00:00:00-04:00,6.239999771118164,6.320000171661377,5.570000171661377,5.579999923706055,1402100,0.0,0.0
2025-07-30 00:00:00-04:00,5.599999904632568,5.889999866485596,5.5,5.590000152587891,987800,0.0,0.0
2025-07-31 00:00:00-04:00,5.489999771118164,5.638999938964844,5.409999847412109,5.480000019073486,726600,0.0,0.0
2025-08-01 00:00:00-04:00,5.239999771118164,5.5,5.21999979019165,5.389999866485596,854000,0.0,0.0
2025-08-04 00:00:00-04:00,5.460000038146973,5.579999923706055,5.360000133514404,5.570000171661377,677200,0.0,0.0
2025-08-05 00:00:00-04:00,5.690000057220459,5.849999904632568,5.559999942779541,5.639999866485596,1027100,0.0,0.0
2025-08-06 00:00:00-04:00,4.164999961853027,4.440000057220459,3.8399999141693115,4.40500020980835,3626800,0.0,0.0
2025-08-07 00:00:00-04:00,4.46999979019165,4.610000133514404,4.284999847412109,4.545000076293945,1533500,0.0,0.0
2025-08-08 00:00:00-04:00,4.579999923706055,4.614999771118164,4.349999904632568,4.510000228881836,1154100,0.0,0.0
2025-08-11 00:00:00-04:00,4.519999980926514,4.659999847412109,4.420000076293945,4.5,958800,0.0,0.0
2025-08-12 00:00:00-04:00,4.539999961853027,4.71999979019165,4.514999866485596,4.570000171661377,1105000,0.0,0.0
2025-08-13 00:00:00-04:00,4.639999866485596,4.925000190734863,4.590000152587891,4.829999923706055,1282800,0.0,0.0
2025-08-14 00:00:00-04:00,4.730000019073486,4.829999923706055,4.570000171661377,4.659999847412109,795600,0.0,0.0
2025-08-15 00:00:00-04:00,4.690000057220459,4.78000020980835,4.599999904632568,4.599999904632568,1044200,0.0,0.0
2025-08-18 00:00:00-04:00,4.590000152587891,4.855000019073486,4.440000057220459,4.849999904632568,924800,0.0,0.0
2025-08-19 00:00:00-04:00,4.860000133514404,4.880000114440918,4.489999771118164,4.53000020980835,1216500,0.0,0.0
2025-08-20 00:00:00-04:00,4.489999771118164,4.678999900817871,4.440000057220459,4.639999866485596,635100,0.0,0.0
2025-08-21 00:00:00-04:00,4.639999866485596,4.690000057220459,4.590000152587891,4.659999847412109,480100,0.0,0.0
2025-08-22 00:00:00-04:00,4.760000228881836,5.03000020980835,4.659999847412109,4.829999923706055,1299900,0.0,0.0
2025-08-25 00:00:00-04:00,4.849999904632568,4.932000160217285,4.683000087738037,4.699999809265137,698800,0.0,0.0
2025-08-26 00:00:00-04:00,4.710000038146973,4.900000095367432,4.704999923706055,4.880000114440918,742400,0.0,0.0
2025-08-27 00:00:00-04:00,4.860000133514404,4.929999828338623,4.739999771118164,4.78000020980835,683300,0.0,0.0
2025-08-28 00:00:00-04:00,4.849999904632568,4.869999885559082,4.730000019073486,4.78000020980835,535700,0.0,0.0
2025-08-29 00:00:00-04:00,4.78000020980835,4.96999979019165,4.6519999504089355,4.889999866485596,865900,0.0,0.0
2025-09-02 00:00:00-04:00,4.800000190734863,4.909999847412109,4.671000003814697,4.809999942779541,901400,0.0,0.0
2025-09-03 00:00:00-04:00,4.800000190734863,4.909999847412109,4.789999961853027,4.849999904632568,827900,0.0,0.0
2025-09-04 00:00:00-04:00,4.889999866485596,5.114999771118164,4.730000019073486,5.090000152587891,980000,0.0,0.0
2025-09-05 00:00:00-04:00,5.119999885559082,5.269999980926514,5.039999961853027,5.239999771118164,857100,0.0,0.0
2025-09-08 00:00:00-04:00,5.28000020980835,5.400000095367432,5.210000038146973,5.320000171661377,760800,0.0,0.0
2025-09-09 00:00:00-04:00,5.340000152587891,5.454999923706055,5.255000114440918,5.389999866485596,692400,0.0,0.0
2025-09-10 00:00:00-04:00,5.440000057220459,5.565000057220459,5.320000171661377,5.389999866485596,936200,0.0,0.0
2025-09-11 00:00:00-04:00,5.389999866485596,6.255000114440918,5.369999885559082,6.099999904632568,1524400,0.0,0.0
2025-09-12 00:00:00-04:00,6.059999942779541,6.059999942779541,5.679999828338623,5.849999904632568,1006800,0.0,0.0
2025-09-15 00:00:00-04:00,5.880000114440918,5.949999809265137,5.679999828338623,5.929999828338623,634300,0.0,0.0
2025-09-16 00:00:00-04:00,5.880000114440918,5.949999809265137,5.710000038146973,5.869999885559082,717400,0.0,0.0
2025-09-17 00:00:00-04:00,5.869999885559082,6.065000057220459,5.480000019073486,5.730000019073486,952200,0.0,0.0
2025-09-18 00:00:00-04:00,5.760000228881836,6.079999923706055,5.760000228881836,5.820000171661377,639300,0.0,0.0
2025-09-19 00:00:00-04:00,5.829999923706055,6.300000190734863,5.78000020980835,6.099999904632568,1455000,0.0,0.0
2025-09-22 00:00:00-04:00,6.119999885559082,6.28000020980835,6.045000076293945,6.159999847412109,793300,0.0,0.0
2025-09-23 00:00:00-04:00,6.159999847412109,6.333000183105469,6.090000152587891,6.110000133514404,725900,0.0,0.0
2025-09-24 00:00:00-04:00,6.090000152587891,6.179999828338623,5.889999866485596,6.059999942779541,807100,0.0,0.0
2025-09-25 00:00:00-04:00,5.960000038146973,5.994999885559082,5.860000133514404,5.980000019073486,811700,0.0,0.0
2025-09-26 00:00:00-04:00,5.960000038146973,6.170000076293945,5.900000095367432,6.039999961853027,885700,0.0,0.0
2025-09-29 00:00:00-04:00,6.090000152587891,6.460000038146973,5.945000171661377,6.349999904632568,1192400,0.0,0.0
2025-09-30 00:00:00-04:00,6.289999961853027,6.53000020980835,6.190000057220459,6.519999980926514,530300,0.0,0.0
2025-10-01 00:00:00-04:00,6.360000133514404,6.945000171661377,6.360000133514404,6.909999847412109,961700,0.0,0.0
2025-10-02 00:00:00-04:00,6.980000019073486,7.065000057220459,6.570000171661377,6.769999980926514,824300,0.0,0.0
2025-10-03 00:00:00-04:00,6.769999980926514,7.400000095367432,6.769999980926514,7.340000152587891,1310900,0.0,0.0
2025-10-06 00:00:00-04:00,7.420000076293945,7.519999980926514,7.170000076293945,7.199999809265137,976800,0.0,0.0
2025-10-07 00:00:00-04:00,7.21999979019165,7.625,7.179999828338623,7.570000171661377,933700,0.0,0.0
2025-10-08 00:00:00-04:00,7.690000057220459,8.699999809265137,7.625,8.680000305175781,1654500,0.0,0.0
2025-10-09 00:00:00-04:00,8.800000190734863,8.850000381469727,8.399999618530273,8.609999656677246,980900,0.0,0.0
2025-10-10 00:00:00-04:00,8.699999809265137,8.84000015258789,8.050000190734863,8.119999885559082,1280300,0.0,0.0
2025-10-13 00:00:00-04:00,8.329999923706055,8.539999961853027,7.821000099182129,8.229999542236328,868800,0.0,0.0
2025-10-14 00:00:00-04:00,8.050000190734863,8.467000007629395,7.78000020980835,8.220000267028809,726800,0.0,0.0
2025-10-15 00:00:00-04:00,8.319999694824219,8.949999809265137,8.3100004196167,8.529999732971191,1129700,0.0,0.0
2025-10-16 00:00:00-04:00,8.579999923706055,10.345000267028809,8.5,10.279999732971191,3168300,0.0,0.0
2025-10-17 00:00:00-04:00,9.970000267028809,10.166000366210938,8.649999618530273,9.130000114440918,2055700,0.0,0.0
2025-10-20 00:00:00-04:00,9.279999732971191,10.949999809265137,9.25,10.119999885559082,2486300,0.0,0.0
2025-10-21 00:00:00-04:00,10.0,10.329999923706055,9.550000190734863,9.569999694824219,1480200,0.0,0.0
2025-10-22 00:00:00-04:00,9.470000267028809,9.76200008392334,8.531999588012695,8.925000190734863,1553300,0.0,0.0
2025-10-23 00:00:00-04:00,8.859999656677246,9.680000305175781,8.845000267028809,9.449999809265137,956600,0.0,0.0
2025-10-24 00:00:00-04:00,9.729999542236328,9.928000450134277,9.609999656677246,9.680000305175781,823300,0.0,0.0
2025-10-27 00:00:00-04:00,9.619999885559082,9.835000038146973,9.390000343322754,9.680000305175781,758300,0.0,0.0
2025-10-28 00:00:00-04:00,9.649999618530273,10.017999649047852,9.51099967956543,9.75,783000,0.0,0.0
2025-10-29 00:00:00-04:00,9.9399995803833,10.0600004196167,9.41100025177002,9.550000190734863,1237600,0.0,0.0
2025-10-30 00:00:00-04:00,9.390000343322754,10.010000228881836,9.359999656677246,9.510000228881836,853400,0.0,0.0
2025-10-31 00:00:00-04:00,9.510000228881836,9.854999542236328,9.300000190734863,9.640000343322754,726000,0.0,0.0
2025-11-03 00:00:00-05:00,9.5600004196167,9.5600004196167,8.75,9.0,1217500,0.0,0.0
2025-11-04 00:00:00-05:00,8.710000038146973,9.194999694824219,8.5,8.729999542236328,1783000,0.0,0.0
2025-11-05 00:00:00-05:00,7.949999809265137,8.670000076293945,7.340000152587891,7.659999847412109,2112200,0.0,0.0
2025-11-06 00:00:00-05:00,7.659999847412109,7.670000076293945,7.005000114440918,7.184999942779541,1608200,0.0,0.0
2025-11-07 00:00:00-05:00,7.0,7.139999866485596,6.625,6.929999828338623,1436200,0.0,0.0
2025-11-10 00:00:00-05:00,7.639999866485596,9.885000228881836,7.639999866485596,8.630000114440918,6575800,0.0,0.0
2025-11-11 00:00:00-05:00,8.630000114440918,8.699999809265137,8.0600004196167,8.4399995803833,1217200,0.0,0.0
2025-11-12 00:00:00-05:00,8.550000190734863,8.680000305175781,8.0,8.010000228881836,1302600,0.0,0.0
2025-11-13 00:00:00-05:00,7.929999828338623,8.140000343322754,7.570000171661377,7.599999904632568,1026900,0.0,0.0
2025-11-14 00:00:00-05:00,7.289999961853027,7.809999942779541,7.25,7.510000228881836,1126900,0.0,0.0
2025-11-17 00:00:00-05:00,7.409999847412109,7.769999980926514,7.2270002365112305,7.480000019073486,3028800,0.0,0.0
2025-11-18 00:00:00-05:00,7.369999885559082,7.877999782562256,7.110000133514404,7.619999885559082,1004600,0.0,0.0
2025-11-19 00:00:00-05:00,7.670000076293945,8.420000076293945,7.610000133514404,8.239999771118164,1105700,0.0,0.0
2025-11-20 00:00:00-05:00,8.350000381469727,9.140000343322754,8.180000305175781,8.279999732971191,1642400,0.0,0.0
2025-11-21 00:00:00-05:00,8.279999732971191,9.880000114440918,8.220000267028809,9.729999542236328,1951500,0.0,0.0
2025-11-24 00:00:00-05:00,9.779999732971191,10.1850004196167,9.649999618530273,9.989999771118164,2059600,0.0,0.0
2025-11-25 00:00:00-05:00,9.970000267028809,11.229999542236328,9.40999984741211,11.210000038146973,2877300,0.0,0.0
2025-11-26 00:00:00-05:00,11.25,11.399999618530273,10.510000228881836,10.720000267028809,1450800,0.0,0.0
2025-11-28 00:00:00-05:00,10.800000190734863,10.800000190734863,10.40999984741211,10.729999542236328,606000,0.0,0.0
2025-12-01 00:00:00-05:00,10.100000381469727,10.180000305175781,9.34000015258789,9.680000305175781,1848600,0.0,0.0
2025-12-02 00:00:00-05:00,9.760000228881836,10.3100004196167,9.65999984741211,10.100000381469727,1081200,0.0,0.0
2025-12-03 00:00:00-05:00,10.130000114440918,10.449999809265137,9.949999809265137,10.170000076293945,995100,0.0,0.0
2025-12-04 00:00:00-05:00,10.09000015258789,10.5,9.859999656677246,10.479999542236328,950500,0.0,0.0
2025-12-05 00:00:00-05:00,10.449999809265137,10.479999542236328,9.430000305175781,9.5600004196167,1439300,0.0,0.0
2025-12-08 00:00:00-05:00,9.680000305175781,9.829999923706055,9.425000190734863,9.819999694824219,1364000,0.0,0.0
2025-12-09 00:00:00-05:00,9.710000038146973,9.847999572753906,9.175000190734863,9.260000228881836,1040600,0.0,0.0
2025-12-10 00:00:00-05:00,9.260000228881836,9.539999961853027,9.08899974822998,9.270000457763672,1142600,0.0,0.0
2025-12-11 00:00:00-05:00,9.359999656677246,9.420000076293945,9.039999961853027,9.279999732971191,722800,0.0,0.0
2025-12-12 00:00:00-05:00,9.369999885559082,9.390000343322754,8.765000343322754,8.770000457763672,4338800,0.0,0.0
2025-12-15 00:00:00-05:00,8.779999732971191,8.925000190734863,8.414999961853027,8.479999542236328,1250700,0.0,0.0
2025-12-16 00:00:00-05:00,8.40999984741211,8.664999961853027,7.949999809265137,7.980000019073486,999300,0.0,0.0
2025-12-17 00:00:00-05:00,8.010000228881836,8.170000076293945,7.679999828338623,7.739999771118164,1019100,0.0,0.0
2025-12-18 00:00:00-05:00,8.029999732971191,8.380000114440918,7.800000190734863,7.925000190734863,1375500,0.0,0.0
2025-12-19 00:00:00-05:00,7.989999771118164,8.630000114440918,7.989999771118164,8.550000190734863,6946300,0.0,0.0
2025-12-22 00:00:00-05:00,8.800000190734863,9.095000267028809,8.699999809265137,8.720000267028809,834500,0.0,0.0
2025-12-23 00:00:00-05:00,8.699999809265137,8.90999984741211,8.369999885559082,8.420000076293945,774900,0.0,0.0
2025-12-24 00:00:00-05:00,8.4399995803833,8.760000228881836,8.229999542236328,8.40999984741211,437000,0.0,0.0
2025-12-26 00:00:00-05:00,8.420000076293945,8.420000076293945,8.140000343322754,8.140000343322754,454800,0.0,0.0
2025-12-29 00:00:00-05:00,8.010000228881836,8.270000457763672,7.885000228881836,7.929999828338623,741300,0.0,0.0
2025-12-30 00:00:00-05:00,7.989999771118164,8.140000343322754,7.881999969482422,7.96999979019165,746400,0.0,0.0
2025-12-31 00:00:00-05:00,8.0,8.109999656677246,7.909999847412109,7.960000038146973,559900,0.0,0.0
2026-01-02 00:00:00-05:00,8.119999885559082,8.145000457763672,7.71999979019165,7.849999904632568,767700,0.0,0.0
2026-01-05 00:00:00-05:00,7.900000095367432,8.09000015258789,7.730000019073486,8.020000457763672,1222800,0.0,0.0
2026-01-06 00:00:00-05:00,8.0600004196167,9.295000076293945,8.050000190734863,9.149999618530273,1269700,0.0,0.0
2026-01-07 00:00:00-05:00,9.0600004196167,9.739999771118164,9.0,9.350000381469727,1360000,0.0,0.0
2026-01-08 00:00:00-05:00,8.9399995803833,9.02400016784668,8.109999656677246,8.375,1639300,0.0,0.0
2026-01-09 00:00:00-05:00,8.529999732971191,8.539999961853027,8.020000457763672,8.100000381469727,1176200,0.0,0.0
2026-01-12 00:00:00-05:00,8.239999771118164,8.699999809265137,7.869999885559082,8.569999694824219,1156900,0.0,0.0
2026-01-13 00:00:00-05:00,8.65999984741211,9.180000305175781,8.460000038146973,8.779999732971191,1160600,0.0,0.0
2026-01-14 00:00:00-05:00,8.75,9.329999923706055,8.510000228881836,9.300000190734863,899900,0.0,0.0
2026-01-15 00:00:00-05:00,9.40999984741211,9.817999839782715,9.350000381469727,9.609999656677246,1158500,0.0,0.0
2026-01-16 00:00:00-05:00,9.680000305175781,10.479999542236328,9.390000343322754,9.890000343322754,3108100,0.0,0.0
2026-01-20 00:00:00-05:00,9.460000038146973,9.880000114440918,9.180000305175781,9.390000343322754,1525300,0.0,0.0
2026-01-21 00:00:00-05:00,9.489999771118164,9.930000305175781,9.010000228881836,9.649999618530273,1943800,0.0,0.0
2026-01-22 00:00:00-05:00,9.710000038146973,11.5,9.710000038146973,11.25,2078700,0.0,0.0
2026-01-23 00:00:00-05:00,11.199999809265137,11.418999671936035,10.0,10.170000076293945,1557900,0.0,0.0
2026-01-26 00:00:00-05:00,10.279999732971191,10.680000305175781,10.010000228881836,10.359999656677246,1065400,0.0,0.0
2026-01-27 00:00:00-05:00,10.390000343322754,10.6899995803833,10.199999809265137,10.319999694824219,1080700,0.0,0.0
2026-01-28 00:00:00-05:00,10.350000381469727,10.449999809265137,9.920000076293945,9.989999771118164,1076400,0.0,0.0
2026-01-29 00:00:00-05:00,10.0,10.180000305175781,9.630000114440918,9.970000267028809,828700,0.0,0.0
2026-01-30 00:00:00-05:00,9.75,9.9350004196167,9.210000038146973,9.369999885559082,1011800,0.0,0.0
2026-02-02 00:00:00-05:00,9.380000114440918,9.5600004196167,9.170000076293945,9.350000381469727,838200,0.0,0.0
2026-02-03 00:00:00-05:00,9.520000457763672,9.789999961853027,8.880000114440918,9.199999809265137,812200,0.0,0.0
2026-02-04 00:00:00-05:00,9.319999694824219,9.319999694824219,7.900000095367432,8.3100004196167,1592400,0.0,0.0
2026-02-05 00:00:00-05:00,8.130000114440918,8.444999694824219,7.269999980926514,7.414999961853027,1719600,0.0,0.0
2026-02-06 00:00:00-05:00,7.849999904632568,8.25,7.580999851226807,8.055000305175781,1409500,0.0,0.0
2026-02-09 00:00:00-05:00,8.010000228881836,8.069999694824219,7.670000076293945,7.829999923706055,725500,0.0,0.0
2026-02-10 00:00:00-05:00,8.529999732971191,8.989999771118164,8.350000381469727,8.619999885559082,1930100,0.0,0.0
2026-02-11 00:00:00-05:00,8.539999961853027,8.949999809265137,8.260000228881836,8.899999618530273,1683100,0.0,0.0
2026-02-12 00:00:00-05:00,8.979999542236328,9.03600025177002,7.949999809265137,8.390000343322754,1244600,0.0,0.0
2026-02-13 00:00:00-05:00,8.449999809265137,8.760000228881836,8.119999885559082,8.210000038146973,735200,0.0,0.0
2026-02-17 00:00:00-05:00,8.470000267028809,8.890000343322754,8.279999732971191,8.569999694824219,1227200,0.0,0.0
2026-02-18 00:00:00-05:00,8.520000457763672,9.557999610900879,8.5,9.0,1399900,0.0,0.0
2026-02-19 00:00:00-05:00,8.819999694824219,8.960000038146973,8.609999656677246,8.90999984741211,896800,0.0,0.0
2026-02-20 00:00:00-05:00,8.609999656677246,8.84000015258789,8.010000228881836,8.279999732971191,1392500,0.0,0.0
2026-02-23 00:00:00-05:00,8.170000076293945,8.350000381469727,7.824999809265137,8.289999961853027,1037400,0.0,0.0
2026-02-24 00:00:00-05:00,8.270000457763672,8.539999961853027,8.119999885559082,8.289999961853027,857600,0.0,0.0
2026-02-25 00:00:00-05:00,8.430000305175781,8.550000190734863,8.25,8.3100004196167,968600,0.0,0.0
2026-02-26 00:00:00-05:00,8.3100004196167,9.13700008392334,8.199999809265137,9.029999732971191,1500000,0.0,0.0
2026-02-27 00:00:00-05:00,8.609999656677246,9.5,8.210000038146973,9.0600004196167,3153000,0.0,0.0
2026-03-02 00:00:00-05:00,8.260000228881836,9.390000343322754,8.25,9.0600004196167,1953900,0.0,0.0
2026-03-03 00:00:00-05:00,8.510000228881836,8.8100004196167,8.199999809265137,8.670000076293945,1762600,0.0,0.0
2026-03-04 00:00:00-05:00,8.859999656677246,9.170000076293945,8.649999618530273,8.930000305175781,1720100,0.0,0.0
2026-03-05 00:00:00-05:00,8.550000190734863,8.979999542236328,8.25,8.5600004196167,1581200,0.0,0.0
2026-03-06 00:00:00-05:00,8.289999961853027,8.4399995803833,7.75,7.840000152587891,1680400,0.0,0.0
2026-03-09 00:00:00-04:00,7.650000095367432,8.199999809265137,7.473999977111816,8.15999984741211,1394800,0.0,0.0
2026-03-10 00:00:00-04:00,8.229999542236328,8.416000366210938,8.050000190734863,8.3100004196167,1156200,0.0,0.0
2026-03-11 00:00:00-04:00,8.279999732971191,8.34000015258789,7.800000190734863,7.949999809265137,1183200,0.0,0.0
2026-03-12 00:00:00-04:00,7.659999847412109,7.735000133514404,6.559999942779541,6.590000152587891,3395700,0.0,0.0
2026-03-13 00:00:00-04:00,6.659999847412109,7.105000019073486,6.651000022888184,6.71999979019165,1988300,0.0,0.0
2026-03-16 00:00:00-04:00,6.940000057220459,6.989999771118164,6.71999979019165,6.789999961853027,1232800,0.0,0.0
2026-03-17 00:00:00-04:00,6.829999923706055,7.150000095367432,6.769999980926514,7.119999885559082,773700,0.0,0.0
2026-03-18 00:00:00-04:00,7.0,7.190000057220459,6.829999923706055,6.960000038146973,1197700,0.0,0.0
2026-03-19 00:00:00-04:00,6.710000038146973,7.360000133514404,6.650000095367432,7.190000057220459,1217869,0.0,0.0
