Date,Open,High,Low,Close,Volume,Dividends,Stock Splits
2022-01-03 00:00:00-05:00,19.200000762939453,19.280000686645508,18.760000228881836,18.90999984741211,37800,0.0,0.0
2022-01-04 00:00:00-05:00,18.90999984741211,19.260000228881836,18.81999969482422,18.950000762939453,41200,0.0,0.0
2022-01-05 00:00:00-05:00,18.950000762939453,19.15999984741211,18.34000015258789,18.40999984741211,34400,0.0,0.0
2022-01-06 00:00:00-05:00,18.34000015258789,18.420000076293945,18.190000534057617,18.3799991607666,31500,0.0,0.0
2022-01-07 00:00:00-05:00,18.34000015258789,18.3799991607666,18.049999237060547,18.149999618530273,30900,0.0,0.0
2022-01-10 00:00:00-05:00,18.06999969482422,18.209999084472656,17.770000457763672,18.079999923706055,46000,0.0,0.0
2022-01-11 00:00:00-05:00,18.020000457763672,18.059999465942383,17.850000381469727,17.889999389648438,35900,0.0,0.0
2022-01-12 00:00:00-05:00,17.860000610351562,18.1299991607666,17.809999465942383,17.979999542236328,52100,0.0,0.0
2022-01-13 00:00:00-05:00,17.93000030517578,18.139999389648438,17.829999923706055,18.059999465942383,43400,0.0,0.0
2022-01-14 00:00:00-05:00,17.93000030517578,18.200000762939453,17.8700008392334,18.020000457763672,89400,0.0,0.0
2022-01-18 00:00:00-05:00,17.850000381469727,18.010000228881836,17.709999084472656,17.75,50900,0.0,0.0
2022-01-19 00:00:00-05:00,17.690000534057617,17.860000610351562,17.25,17.280000686645508,46900,0.0,0.0
2022-01-20 00:00:00-05:00,17.440000534057617,17.469999313354492,16.809999465942383,16.920000076293945,58200,0.0,0.0
2022-01-21 00:00:00-05:00,16.809999465942383,17.540000915527344,16.700000762939453,16.700000762939453,75200,0.0,0.0
2022-01-24 00:00:00-05:00,16.5,16.979999542236328,16.399999618530273,16.940000534057617,102500,0.0,0.0
2022-01-25 00:00:00-05:00,16.739999771118164,17.110000610351562,16.5,16.780000686645508,44400,0.0,0.0
2022-01-26 00:00:00-05:00,16.959999084472656,17.280000686645508,16.899999618530273,17.079999923706055,88600,0.0,0.0
2022-01-27 00:00:00-05:00,17.239999771118164,17.239999771118164,16.6299991607666,16.68000030517578,39800,0.0,0.0
2022-01-28 00:00:00-05:00,16.799999237060547,16.940000534057617,16.43000030517578,16.93000030517578,55800,0.0,0.0
2022-01-31 00:00:00-05:00,16.8799991607666,17.43000030517578,16.639999389648438,17.40999984741211,87700,0.0,0.0
2022-02-01 00:00:00-05:00,17.34000015258789,17.34000015258789,16.969999313354492,17.049999237060547,40500,0.0,0.0
2022-02-02 00:00:00-05:00,16.959999084472656,17.059999465942383,16.799999237060547,16.950000762939453,35100,0.0,0.0
2022-02-03 00:00:00-05:00,16.829999923706055,17.030000686645508,16.540000915527344,16.559999465942383,38500,0.0,0.0
2022-02-04 00:00:00-05:00,16.600000381469727,16.719999313354492,16.399999618530273,16.559999465942383,32800,0.0,0.0
2022-02-07 00:00:00-05:00,16.56999969482422,16.719999313354492,16.5,16.600000381469727,38200,0.0,0.0
2022-02-08 00:00:00-05:00,16.670000076293945,16.8799991607666,16.579999923706055,16.780000686645508,29600,0.0,0.0
2022-02-09 00:00:00-05:00,16.84000015258789,17.010000228881836,16.690000534057617,16.770000457763672,29900,0.0,0.0
2022-02-10 00:00:00-05:00,16.579999923706055,16.729999542236328,16.399999618530273,16.459999084472656,75400,0.0,0.0
2022-02-11 00:00:00-05:00,16.510000228881836,16.729999542236328,16.459999084472656,16.5,25900,0.0,0.0
2022-02-14 00:00:00-05:00,16.59000015258789,16.670000076293945,16.450000762939453,16.540000915527344,21100,0.0,0.0
2022-02-15 00:00:00-05:00,16.670000076293945,16.920000076293945,16.639999389648438,16.75,44400,0.0,0.0
2022-02-16 00:00:00-05:00,16.700000762939453,17.3799991607666,16.700000762939453,17.280000686645508,47000,0.0,0.0
2022-02-17 00:00:00-05:00,17.09000015258789,17.190000534057617,16.940000534057617,16.969999313354492,31300,0.0,0.0
2022-02-18 00:00:00-05:00,16.860000610351562,17.079999923706055,16.809999465942383,16.8799991607666,36400,0.0,0.0
2022-02-22 00:00:00-05:00,16.84000015258789,17.229999542236328,16.84000015258789,16.989999771118164,57600,0.0,0.0
2022-02-23 00:00:00-05:00,17.049999237060547,17.110000610351562,16.809999465942383,16.829999923706055,36400,0.0,0.0
2022-02-24 00:00:00-05:00,16.729999542236328,17.049999237060547,16.600000381469727,17.030000686645508,38200,0.0,0.0
2022-02-25 00:00:00-05:00,17.170000076293945,17.34000015258789,17.040000915527344,17.329999923706055,29300,0.0,0.0
2022-02-28 00:00:00-05:00,17.1200008392334,17.200000762939453,16.920000076293945,16.979999542236328,98600,0.0,0.0
2022-03-01 00:00:00-05:00,17.079999923706055,17.079999923706055,16.889999389648438,16.93000030517578,58500,0.0,0.0
2022-03-02 00:00:00-05:00,17.100000381469727,17.639999389648438,16.989999771118164,17.59000015258789,49800,0.0,0.0
2022-03-03 00:00:00-05:00,17.690000534057617,17.690000534057617,17.280000686645508,17.549999237060547,28700,0.0,0.0
2022-03-04 00:00:00-05:00,17.579999923706055,18.040000915527344,17.579999923706055,17.889999389648438,62200,0.0,0.0
2022-03-07 00:00:00-05:00,18.0,18.1299991607666,17.84000015258789,17.940000534057617,39500,0.0,0.0
2022-03-08 00:00:00-05:00,18.110000610351562,18.260000228881836,17.8700008392334,17.8700008392334,50800,0.0,0.0
2022-03-09 00:00:00-05:00,17.5,17.809999465942383,17.40999984741211,17.6299991607666,50900,0.0,0.0
2022-03-10 00:00:00-05:00,17.440000534057617,18.110000610351562,17.440000534057617,18.040000915527344,36400,0.0,0.0
2022-03-11 00:00:00-05:00,18.1299991607666,18.229999542236328,17.56999969482422,17.56999969482422,24400,0.0,0.0
2022-03-14 00:00:00-04:00,17.43000030517578,17.6299991607666,17.280000686645508,17.360000610351562,41900,0.0,0.0
2022-03-15 00:00:00-04:00,17.530000686645508,17.530000686645508,17.299999237060547,17.31999969482422,39600,0.0,0.0
2022-03-16 00:00:00-04:00,17.520000457763672,17.809999465942383,17.329999923706055,17.780000686645508,44500,0.0,0.0
2022-03-17 00:00:00-04:00,17.639999389648438,17.75,17.479999542236328,17.649999618530273,30100,0.0,0.0
2022-03-18 00:00:00-04:00,17.68000030517578,17.770000457763672,17.440000534057617,17.559999465942383,107200,0.0,0.0
2022-03-21 00:00:00-04:00,17.469999313354492,17.719999313354492,17.399999618530273,17.559999465942383,34300,0.0,0.0
2022-03-22 00:00:00-04:00,17.709999084472656,18.149999618530273,17.709999084472656,18.06999969482422,44100,0.0,0.0
2022-03-23 00:00:00-04:00,17.90999984741211,17.90999984741211,17.610000610351562,17.610000610351562,23000,0.0,0.0
2022-03-24 00:00:00-04:00,17.90999984741211,17.90999984741211,17.610000610351562,17.829999923706055,36700,0.0,0.0
2022-03-25 00:00:00-04:00,17.790000915527344,18.360000610351562,17.790000915527344,18.139999389648438,41600,0.0,0.0
2022-03-28 00:00:00-04:00,18.3799991607666,18.3799991607666,17.8700008392334,18.09000015258789,39800,0.0,0.0
2022-03-29 00:00:00-04:00,18.049999237060547,18.65999984741211,18.049999237060547,18.489999771118164,54800,0.0,0.0
2022-03-30 00:00:00-04:00,18.6200008392334,18.790000915527344,18.149999618530273,18.25,49100,0.0,0.0
2022-03-31 00:00:00-04:00,18.1299991607666,18.389999389648438,18.1299991607666,18.260000228881836,46300,0.0,0.0
2022-04-01 00:00:00-04:00,18.31999969482422,18.520000457763672,18.149999618530273,18.459999084472656,26500,0.0,0.0
2022-04-04 00:00:00-04:00,18.540000915527344,18.540000915527344,18.149999618530273,18.329999923706055,49600,0.0,0.0
2022-04-05 00:00:00-04:00,18.3700008392334,18.40999984741211,18.209999084472656,18.280000686645508,37200,0.0,0.0
2022-04-06 00:00:00-04:00,18.190000534057617,18.489999771118164,18.149999618530273,18.260000228881836,43900,0.0,0.0
2022-04-07 00:00:00-04:00,18.190000534057617,18.239999771118164,18.0,18.15999984741211,39700,0.0,0.0
2022-04-08 00:00:00-04:00,18.100000381469727,18.5,18.100000381469727,18.260000228881836,32200,0.0,0.0
2022-04-11 00:00:00-04:00,18.299999237060547,18.670000076293945,18.299999237060547,18.450000762939453,44400,0.0,0.0
2022-04-12 00:00:00-04:00,18.610000610351562,19.229999542236328,18.59000015258789,19.0,105000,0.0,0.0
2022-04-13 00:00:00-04:00,19.0,19.329999923706055,19.0,19.149999618530273,65100,0.0,0.0
2022-04-14 00:00:00-04:00,19.229999542236328,19.530000686645508,19.190000534057617,19.190000534057617,80100,0.0,0.0
2022-04-18 00:00:00-04:00,19.309999465942383,19.399999618530273,19.020000457763672,19.06999969482422,55700,0.0,0.0
2022-04-19 00:00:00-04:00,19.360000610351562,19.3700008392334,19.139999389648438,19.239999771118164,29700,0.0,0.0
2022-04-20 00:00:00-04:00,19.399999618530273,19.6299991607666,19.399999618530273,19.600000381469727,25600,0.0,0.0
2022-04-21 00:00:00-04:00,19.68000030517578,19.690000534057617,18.950000762939453,18.969999313354492,39500,0.0,0.0
2022-04-22 00:00:00-04:00,18.899999618530273,19.06999969482422,18.729999542236328,18.8700008392334,57000,0.0,0.0
2022-04-25 00:00:00-04:00,18.809999465942383,18.84000015258789,18.209999084472656,18.31999969482422,78900,0.0,0.0
2022-04-26 00:00:00-04:00,18.25,18.31999969482422,18.06999969482422,18.149999618530273,48500,0.0,0.0
2022-04-27 00:00:00-04:00,18.1299991607666,18.329999923706055,18.06999969482422,18.139999389648438,53500,0.0,0.0
2022-04-28 00:00:00-04:00,18.31999969482422,18.81999969482422,18.030000686645508,18.719999313354492,54500,0.0,0.0
2022-04-29 00:00:00-04:00,18.700000762939453,18.700000762939453,18.219999313354492,18.309999465942383,63700,0.0,0.0
2022-05-02 00:00:00-04:00,18.329999923706055,18.329999923706055,17.84000015258789,17.989999771118164,70000,0.0,0.0
2022-05-03 00:00:00-04:00,17.959999084472656,18.209999084472656,17.75,17.860000610351562,32600,0.0,0.0
2022-05-04 00:00:00-04:00,17.8700008392334,18.110000610351562,17.579999923706055,18.0,36800,0.0,0.0
2022-05-05 00:00:00-04:00,17.790000915527344,17.81999969482422,17.270000457763672,17.489999771118164,38200,0.0,0.0
2022-05-06 00:00:00-04:00,17.420000076293945,17.469999313354492,17.1200008392334,17.299999237060547,28000,0.0,0.0
2022-05-09 00:00:00-04:00,17.190000534057617,17.450000762939453,17.0,17.170000076293945,45700,0.0,0.0
2022-05-10 00:00:00-04:00,17.15999984741211,17.510000228881836,16.90999984741211,17.239999771118164,43800,0.0,0.0
2022-05-11 00:00:00-04:00,17.270000457763672,17.479999542236328,16.8700008392334,17.110000610351562,43100,0.0,0.0
2022-05-12 00:00:00-04:00,17.1200008392334,17.190000534057617,16.649999618530273,16.989999771118164,50900,0.0,0.0
2022-05-13 00:00:00-04:00,17.219999313354492,17.360000610351562,17.079999923706055,17.219999313354492,44100,0.0,0.0
2022-05-16 00:00:00-04:00,17.25,17.389999389648438,17.110000610351562,17.219999313354492,32800,0.0,0.0
2022-05-17 00:00:00-04:00,17.3799991607666,17.639999389648438,17.3700008392334,17.56999969482422,23300,0.0,0.0
2022-05-18 00:00:00-04:00,17.520000457763672,17.639999389648438,16.860000610351562,16.90999984741211,44300,0.0,0.0
2022-05-19 00:00:00-04:00,16.950000762939453,16.950000762939453,16.579999923706055,16.6299991607666,55000,0.0,0.0
2022-05-20 00:00:00-04:00,16.829999923706055,16.920000076293945,16.420000076293945,16.8700008392334,36900,0.0,0.0
2022-05-23 00:00:00-04:00,16.899999618530273,16.950000762939453,16.610000610351562,16.719999313354492,26700,0.0,0.0
2022-05-24 00:00:00-04:00,16.739999771118164,17.0,16.34000015258789,16.950000762939453,29400,0.0,0.0
2022-05-25 00:00:00-04:00,16.889999389648438,17.020000457763672,16.65999984741211,16.799999237060547,23000,0.0,0.0
2022-05-26 00:00:00-04:00,16.959999084472656,17.260000228881836,16.84000015258789,17.059999465942383,39400,0.0,0.0
2022-05-27 00:00:00-04:00,17.219999313354492,17.34000015258789,17.030000686645508,17.239999771118164,44500,0.0,0.0
2022-05-31 00:00:00-04:00,17.239999771118164,17.489999771118164,16.8799991607666,16.989999771118164,50600,0.0,0.0
2022-06-01 00:00:00-04:00,16.940000534057617,17.270000457763672,16.829999923706055,17.18000030517578,28100,0.0,0.0
2022-06-02 00:00:00-04:00,17.260000228881836,17.420000076293945,17.149999618530273,17.399999618530273,22000,0.0,0.0
2022-06-03 00:00:00-04:00,17.260000228881836,17.520000457763672,16.790000915527344,16.920000076293945,28000,0.0,0.0
2022-06-06 00:00:00-04:00,16.8700008392334,16.979999542236328,16.75,16.889999389648438,30200,0.0,0.0
2022-06-07 00:00:00-04:00,16.729999542236328,17.030000686645508,16.65999984741211,16.979999542236328,31900,0.0,0.0
2022-06-08 00:00:00-04:00,16.979999542236328,16.989999771118164,16.579999923706055,16.700000762939453,35800,0.0,0.0
2022-06-09 00:00:00-04:00,16.65999984741211,16.770000457763672,16.479999542236328,16.520000457763672,27400,0.0,0.0
2022-06-10 00:00:00-04:00,16.270000457763672,16.350000381469727,16.049999237060547,16.06999969482422,53700,0.0,0.0
2022-06-13 00:00:00-04:00,15.75,15.979999542236328,15.539999961853027,15.670000076293945,86200,0.0,0.0
2022-06-14 00:00:00-04:00,15.779999732971191,15.779999732971191,15.300000190734863,15.390000343322754,51800,0.0,0.0
2022-06-15 00:00:00-04:00,15.579999923706055,15.720000267028809,15.220000267028809,15.270000457763672,100900,0.0,0.0
2022-06-16 00:00:00-04:00,15.010000228881836,15.220000267028809,14.899999618530273,15.15999984741211,59900,0.0,0.0
2022-06-17 00:00:00-04:00,15.3100004196167,15.4399995803833,14.829999923706055,14.869999885559082,82500,0.0,0.0
2022-06-21 00:00:00-04:00,15.0,15.260000228881836,14.899999618530273,15.170000076293945,60400,0.0,0.0
2022-06-22 00:00:00-04:00,15.0,15.40999984741211,15.0,15.359999656677246,33300,0.0,0.0
2022-06-23 00:00:00-04:00,15.420000076293945,15.670000076293945,15.420000076293945,15.489999771118164,37900,0.0,0.0
2022-06-24 00:00:00-04:00,15.529999732971191,15.899999618530273,15.529999732971191,15.84000015258789,96800,0.0,0.0
2022-06-27 00:00:00-04:00,15.90999984741211,15.90999984741211,15.489999771118164,15.510000228881836,28600,0.0,0.0
2022-06-28 00:00:00-04:00,15.489999771118164,15.75,15.489999771118164,15.609999656677246,39100,0.0,0.0
2022-06-29 00:00:00-04:00,15.529999732971191,15.619999885559082,15.380000114440918,15.510000228881836,20500,0.0,0.0
2022-06-30 00:00:00-04:00,15.369999885559082,15.699999809265137,15.149999618530273,15.520000457763672,26200,0.0,0.0
2022-07-01 00:00:00-04:00,15.529999732971191,15.6899995803833,15.420000076293945,15.649999618530273,21900,0.0,0.0
2022-07-05 00:00:00-04:00,15.460000038146973,16.010000228881836,15.260000228881836,15.979999542236328,60000,0.0,0.0
2022-07-06 00:00:00-04:00,15.9399995803833,16.040000915527344,15.550000190734863,15.770000457763672,33000,0.0,0.0
2022-07-07 00:00:00-04:00,15.800000190734863,16.1200008392334,15.609999656677246,15.699999809265137,31500,0.0,0.0
2022-07-08 00:00:00-04:00,15.649999618530273,15.760000228881836,15.5,15.670000076293945,15000,0.0,0.0
2022-07-11 00:00:00-04:00,15.65999984741211,15.65999984741211,15.319999694824219,15.449999809265137,40700,0.0,0.0
2022-07-12 00:00:00-04:00,15.319999694824219,15.699999809265137,15.289999961853027,15.34000015258789,47900,0.0,0.0
2022-07-13 00:00:00-04:00,15.140000343322754,15.550000190734863,15.130000114440918,15.359999656677246,25500,0.0,0.0
2022-07-14 00:00:00-04:00,15.1899995803833,15.199999809265137,14.960000038146973,15.119999885559082,31000,0.0,0.0
2022-07-15 00:00:00-04:00,15.369999885559082,15.380000114440918,15.180000305175781,15.319999694824219,36600,0.0,0.0
2022-07-18 00:00:00-04:00,15.5,15.5,15.34000015258789,15.359999656677246,19900,0.0,0.0
2022-07-19 00:00:00-04:00,15.529999732971191,15.880000114440918,15.529999732971191,15.779999732971191,27500,0.0,0.0
2022-07-20 00:00:00-04:00,15.720000267028809,15.899999618530273,15.720000267028809,15.779999732971191,24100,0.0,0.0
2022-07-21 00:00:00-04:00,15.649999618530273,15.880000114440918,15.380000114440918,15.84000015258789,16300,0.0,0.0
2022-07-22 00:00:00-04:00,15.569999694824219,15.829999923706055,15.34000015258789,15.529999732971191,30300,0.0,0.0
2022-07-25 00:00:00-04:00,15.430000305175781,15.699999809265137,15.430000305175781,15.600000381469727,17100,0.0,0.0
2022-07-26 00:00:00-04:00,15.720000267028809,15.720000267028809,15.449999809265137,15.5600004196167,21700,0.0,0.0
2022-07-27 00:00:00-04:00,15.579999923706055,15.970000267028809,15.579999923706055,15.9399995803833,26000,0.0,0.0
2022-07-28 00:00:00-04:00,15.869999885559082,16.43000030517578,15.869999885559082,16.3799991607666,36200,0.0,0.0
2022-07-29 00:00:00-04:00,16.360000610351562,16.579999923706055,16.350000381469727,16.520000457763672,23500,0.0,0.0
2022-08-01 00:00:00-04:00,16.40999984741211,16.579999923706055,16.329999923706055,16.350000381469727,31000,0.0,0.0
2022-08-02 00:00:00-04:00,16.31999969482422,16.31999969482422,16.06999969482422,16.110000610351562,7600,0.0,0.0
2022-08-03 00:00:00-04:00,16.260000228881836,16.260000228881836,15.40999984741211,15.529999732971191,47900,0.0,0.0
2022-08-04 00:00:00-04:00,15.420000076293945,15.90999984741211,15.420000076293945,15.720000267028809,28400,0.0,0.0
2022-08-05 00:00:00-04:00,15.600000381469727,15.609999656677246,15.399999618530273,15.539999961853027,35000,0.0,0.0
2022-08-08 00:00:00-04:00,15.680000305175781,15.869999885559082,15.609999656677246,15.850000381469727,48700,0.0,0.0
2022-08-09 00:00:00-04:00,15.829999923706055,15.850000381469727,15.699999809265137,15.800000190734863,33000,0.0,0.0
2022-08-10 00:00:00-04:00,15.899999618530273,16.18000030517578,15.829999923706055,16.100000381469727,25100,0.0,0.0
2022-08-11 00:00:00-04:00,16.260000228881836,16.290000915527344,16.100000381469727,16.190000534057617,13600,0.0,0.0
2022-08-12 00:00:00-04:00,16.139999389648438,16.290000915527344,15.960000038146973,16.200000762939453,33900,0.0,0.0
2022-08-15 00:00:00-04:00,16.149999618530273,16.389999389648438,16.110000610351562,16.25,32100,0.0,0.0
2022-08-16 00:00:00-04:00,16.149999618530273,16.34000015258789,16.079999923706055,16.190000534057617,25800,0.0,0.0
2022-08-17 00:00:00-04:00,16.020000457763672,16.09000015258789,15.949999809265137,16.040000915527344,21000,0.0,0.0
2022-08-18 00:00:00-04:00,16.100000381469727,16.469999313354492,16.100000381469727,16.239999771118164,55400,0.0,0.0
2022-08-19 00:00:00-04:00,16.239999771118164,16.239999771118164,16.059999465942383,16.09000015258789,19500,0.0,0.0
2022-08-22 00:00:00-04:00,15.90999984741211,15.920000076293945,15.609999656677246,15.630000114440918,32000,0.0,0.0
2022-08-23 00:00:00-04:00,15.600000381469727,15.930000305175781,15.5600004196167,15.739999771118164,47700,0.0,0.0
2022-08-24 00:00:00-04:00,15.649999618530273,15.819999694824219,15.649999618530273,15.8100004196167,18600,0.0,0.0
2022-08-25 00:00:00-04:00,16.0,16.1200008392334,15.8100004196167,16.100000381469727,19800,0.0,0.0
2022-08-26 00:00:00-04:00,16.190000534057617,16.389999389648438,16.18000030517578,16.260000228881836,43400,0.0,0.0
2022-08-29 00:00:00-04:00,16.200000762939453,16.209999084472656,15.819999694824219,15.819999694824219,18300,0.0,0.0
2022-08-30 00:00:00-04:00,15.90999984741211,15.930000305175781,15.579999923706055,15.720000267028809,29500,0.0,0.0
2022-08-31 00:00:00-04:00,15.640000343322754,15.8100004196167,15.59000015258789,15.760000228881836,46700,0.0,0.0
2022-09-01 00:00:00-04:00,15.600000381469727,16.020000457763672,15.600000381469727,15.920000076293945,33300,0.0,0.0
2022-09-02 00:00:00-04:00,15.979999542236328,16.309999465942383,15.770000457763672,16.200000762939453,62100,0.0,0.0
2022-09-06 00:00:00-04:00,16.350000381469727,16.56999969482422,16.15999984741211,16.489999771118164,42800,0.0,0.0
2022-09-07 00:00:00-04:00,16.3700008392334,17.1299991607666,16.030000686645508,16.93000030517578,94600,0.0,0.0
2022-09-08 00:00:00-04:00,16.729999542236328,17.270000457763672,16.729999542236328,17.209999084472656,59900,0.0,0.0
2022-09-09 00:00:00-04:00,17.3799991607666,17.440000534057617,16.90999984741211,17.399999618530273,79500,0.0,0.0
2022-09-12 00:00:00-04:00,17.440000534057617,17.440000534057617,17.15999984741211,17.280000686645508,86600,0.0,0.0
2022-09-13 00:00:00-04:00,16.989999771118164,16.989999771118164,16.489999771118164,16.56999969482422,49700,0.0,0.0
2022-09-14 00:00:00-04:00,16.510000228881836,16.770000457763672,16.389999389648438,16.420000076293945,52400,0.0,0.0
2022-09-15 00:00:00-04:00,16.40999984741211,16.639999389648438,16.200000762939453,16.229999542236328,34400,0.0,0.0
2022-09-16 00:00:00-04:00,16.200000762939453,16.25,15.75,16.030000686645508,101800,0.0,0.0
2022-09-19 00:00:00-04:00,15.979999542236328,16.18000030517578,15.819999694824219,16.030000686645508,32100,0.0,0.0
2022-09-20 00:00:00-04:00,15.850000381469727,15.9399995803833,15.729999542236328,15.770000457763672,29800,0.0,0.0
2022-09-21 00:00:00-04:00,15.920000076293945,16.149999618530273,15.699999809265137,15.770000457763672,44500,0.0,0.0
2022-09-22 00:00:00-04:00,15.680000305175781,15.680000305175781,15.300000190734863,15.34000015258789,30700,0.0,0.0
2022-09-23 00:00:00-04:00,15.149999618530273,15.149999618530273,14.859999656677246,15.100000381469727,81500,0.0,0.0
2022-09-26 00:00:00-04:00,15.09000015258789,15.25,14.850000381469727,14.979999542236328,52700,0.0,0.0
2022-09-27 00:00:00-04:00,15.010000228881836,15.130000114440918,14.8100004196167,14.949999809265137,75500,0.0,0.0
2022-09-28 00:00:00-04:00,15.100000381469727,15.3100004196167,14.859999656677246,15.130000114440918,62600,0.0,0.0
2022-09-29 00:00:00-04:00,14.869999885559082,14.949999809265137,14.449999809265137,14.609999656677246,74600,0.0,0.0
2022-09-30 00:00:00-04:00,14.529999732971191,14.859999656677246,14.380000114440918,14.399999618530273,73800,0.0,0.0
2022-10-03 00:00:00-04:00,14.59000015258789,15.020000457763672,14.449999809265137,14.979999542236328,60300,0.0,0.0
2022-10-04 00:00:00-04:00,15.119999885559082,15.279999732971191,15.0600004196167,15.15999984741211,40200,0.0,0.0
2022-10-05 00:00:00-04:00,14.989999771118164,15.010000228881836,14.619999885559082,14.640000343322754,52200,0.0,0.0
2022-10-06 00:00:00-04:00,14.550000190734863,14.65999984741211,14.430000305175781,14.550000190734863,35800,0.0,0.0
2022-10-07 00:00:00-04:00,14.4399995803833,14.640000343322754,14.399999618530273,14.510000228881836,52600,0.0,0.0
2022-10-10 00:00:00-04:00,14.619999885559082,14.729999542236328,14.399999618530273,14.5600004196167,35900,0.0,0.0
2022-10-11 00:00:00-04:00,14.420000076293945,14.539999961853027,14.350000381469727,14.5,45700,0.0,0.0
2022-10-12 00:00:00-04:00,14.40999984741211,14.699999809265137,14.40999984741211,14.59000015258789,35800,0.0,0.0
2022-10-13 00:00:00-04:00,14.3100004196167,15.029999732971191,14.3100004196167,15.029999732971191,57600,0.0,0.0
2022-10-14 00:00:00-04:00,15.180000305175781,15.270000457763672,14.899999618530273,14.960000038146973,47200,0.0,0.0
2022-10-17 00:00:00-04:00,15.210000038146973,15.390000343322754,15.170000076293945,15.270000457763672,28600,0.0,0.0
2022-10-18 00:00:00-04:00,15.4399995803833,15.640000343322754,15.130000114440918,15.270000457763672,37100,0.0,0.0
2022-10-19 00:00:00-04:00,15.100000381469727,15.199999809265137,14.890000343322754,15.199999809265137,28700,0.0,0.0
2022-10-20 00:00:00-04:00,15.270000457763672,15.359999656677246,15.140000343322754,15.199999809265137,28800,0.0,0.0
2022-10-21 00:00:00-04:00,15.319999694824219,15.760000228881836,15.199999809265137,15.739999771118164,51500,0.0,0.0
2022-10-24 00:00:00-04:00,15.789999961853027,15.890000343322754,15.699999809265137,15.8100004196167,27600,0.0,0.0
2022-10-25 00:00:00-04:00,15.880000114440918,16.34000015258789,15.880000114440918,16.239999771118164,34700,0.0,0.0
2022-10-26 00:00:00-04:00,16.350000381469727,16.56999969482422,16.18000030517578,16.299999237060547,35400,0.0,0.0
2022-10-27 00:00:00-04:00,16.440000534057617,16.690000534057617,16.290000915527344,16.31999969482422,35000,0.0,0.0
2022-10-28 00:00:00-04:00,16.399999618530273,16.889999389648438,16.399999618530273,16.790000915527344,32200,0.0,0.0
2022-10-31 00:00:00-04:00,16.709999084472656,17.0,16.610000610351562,16.940000534057617,44600,0.0,0.0
2022-11-01 00:00:00-04:00,17.0,17.149999618530273,16.690000534057617,16.75,28700,0.0,0.0
2022-11-02 00:00:00-04:00,16.809999465942383,17.219999313354492,16.510000228881836,16.690000534057617,46900,0.0,0.0
2022-11-03 00:00:00-04:00,16.6200008392334,16.709999084472656,16.139999389648438,16.280000686645508,31300,0.0,0.0
2022-11-04 00:00:00-04:00,16.3799991607666,16.549999237060547,16.079999923706055,16.549999237060547,26700,0.0,0.0
2022-11-07 00:00:00-05:00,16.75,17.290000915527344,16.75,17.239999771118164,49800,0.0,0.0
2022-11-08 00:00:00-05:00,17.3700008392334,17.84000015258789,17.299999237060547,17.829999923706055,57300,0.0,0.0
2022-11-09 00:00:00-05:00,17.770000457763672,17.969999313354492,17.31999969482422,17.350000381469727,54500,0.0,0.0
2022-11-10 00:00:00-05:00,17.790000915527344,18.15999984741211,17.780000686645508,18.139999389648438,67200,0.0,0.0
2022-11-11 00:00:00-05:00,18.15999984741211,18.219999313354492,17.770000457763672,17.959999084472656,43800,0.0,0.0
2022-11-14 00:00:00-05:00,18.0,18.15999984741211,17.780000686645508,18.06999969482422,46700,0.0,0.0
2022-11-15 00:00:00-05:00,18.18000030517578,18.329999923706055,17.8700008392334,18.030000686645508,68100,0.0,0.0
2022-11-16 00:00:00-05:00,18.049999237060547,18.280000686645508,17.950000762939453,18.040000915527344,76800,0.0,0.0
2022-11-17 00:00:00-05:00,17.969999313354492,18.5,17.90999984741211,18.489999771118164,59800,0.0,0.0
2022-11-18 00:00:00-05:00,18.690000534057617,19.059999465942383,18.559999465942383,18.739999771118164,72300,0.0,0.0
2022-11-21 00:00:00-05:00,18.610000610351562,19.010000228881836,18.610000610351562,18.959999084472656,48100,0.0,0.0
2022-11-22 00:00:00-05:00,18.959999084472656,19.200000762939453,18.719999313354492,19.020000457763672,61500,0.0,0.0
2022-11-23 00:00:00-05:00,19.020000457763672,19.1299991607666,18.809999465942383,18.979999542236328,25700,0.0,0.0
2022-11-25 00:00:00-05:00,18.979999542236328,19.3799991607666,18.950000762939453,19.25,11300,0.0,0.0
2022-11-28 00:00:00-05:00,18.899999618530273,19.149999618530273,18.75,18.899999618530273,41300,0.0,0.0
2022-11-29 00:00:00-05:00,18.84000015258789,19.280000686645508,18.84000015258789,19.079999923706055,57400,0.0,0.0
2022-11-30 00:00:00-05:00,19.139999389648438,19.600000381469727,18.670000076293945,19.600000381469727,127000,0.0,0.0
2022-12-01 00:00:00-05:00,19.600000381469727,20.059999465942383,19.43000030517578,19.989999771118164,58000,0.0,0.0
2022-12-02 00:00:00-05:00,19.739999771118164,20.139999389648438,19.709999084472656,19.739999771118164,47300,0.0,0.0
2022-12-05 00:00:00-05:00,19.709999084472656,19.709999084472656,19.239999771118164,19.530000686645508,33100,0.0,0.0
2022-12-06 00:00:00-05:00,19.389999389648438,19.549999237060547,19.18000030517578,19.3700008392334,29500,0.0,0.0
2022-12-07 00:00:00-05:00,19.200000762939453,19.299999237060547,18.850000381469727,18.8799991607666,33600,0.0,0.0
2022-12-08 00:00:00-05:00,18.860000610351562,19.040000915527344,18.809999465942383,18.959999084472656,39300,0.0,0.0
2022-12-09 00:00:00-05:00,18.829999923706055,18.979999542236328,18.6299991607666,18.649999618530273,28100,0.0,0.0
2022-12-12 00:00:00-05:00,18.610000610351562,18.709999084472656,18.43000030517578,18.65999984741211,23800,0.0,0.0
2022-12-13 00:00:00-05:00,19.049999237060547,19.229999542236328,18.90999984741211,18.989999771118164,25600,0.0,0.0
2022-12-14 00:00:00-05:00,19.1299991607666,19.34000015258789,18.81999969482422,19.049999237060547,35700,0.0,0.0
2022-12-15 00:00:00-05:00,18.81999969482422,18.93000030517578,18.520000457763672,18.65999984741211,40800,0.0,0.0
2022-12-16 00:00:00-05:00,18.459999084472656,18.610000610351562,18.219999313354492,18.530000686645508,124700,0.0,0.0
2022-12-19 00:00:00-05:00,18.530000686645508,18.530000686645508,17.950000762939453,18.1299991607666,30900,0.0,0.0
2022-12-20 00:00:00-05:00,18.100000381469727,18.219999313354492,18.0,18.170000076293945,19900,0.0,0.0
2022-12-21 00:00:00-05:00,18.229999542236328,18.790000915527344,18.229999542236328,18.729999542236328,42500,0.0,0.0
2022-12-22 00:00:00-05:00,18.530000686645508,18.690000534057617,18.420000076293945,18.549999237060547,28800,0.0,0.0
2022-12-23 00:00:00-05:00,18.459999084472656,18.790000915527344,18.40999984741211,18.75,22800,0.0,0.0
2022-12-27 00:00:00-05:00,18.700000762939453,19.030000686645508,18.6299991607666,18.81999969482422,25400,0.0,0.0
2022-12-28 00:00:00-05:00,18.940000534057617,18.959999084472656,18.43000030517578,18.489999771118164,19600,0.0,0.0
2022-12-29 00:00:00-05:00,18.579999923706055,19.18000030517578,18.549999237060547,19.0,33900,0.0,0.0
2022-12-30 00:00:00-05:00,18.899999618530273,19.110000610351562,18.75,18.84000015258789,27100,0.0,0.0
2023-01-03 00:00:00-05:00,19.010000228881836,19.110000610351562,18.610000610351562,18.850000381469727,30100,0.0,0.0
2023-01-04 00:00:00-05:00,18.920000076293945,19.489999771118164,18.920000076293945,19.299999237060547,55600,0.0,0.0
2023-01-05 00:00:00-05:00,19.290000915527344,19.329999923706055,19.010000228881836,19.020000457763672,26000,0.0,0.0
2023-01-06 00:00:00-05:00,19.280000686645508,19.56999969482422,19.079999923706055,19.469999313354492,30200,0.0,0.0
2023-01-09 00:00:00-05:00,19.350000381469727,19.790000915527344,19.299999237060547,19.360000610351562,22100,0.0,0.0
2023-01-10 00:00:00-05:00,19.440000534057617,19.75,19.309999465942383,19.690000534057617,18500,0.0,0.0
2023-01-11 00:00:00-05:00,19.799999237060547,19.899999618530273,19.639999389648438,19.889999389648438,26300,0.0,0.0
2023-01-12 00:00:00-05:00,19.979999542236328,20.239999771118164,19.829999923706055,20.059999465942383,23500,0.0,0.0
2023-01-13 00:00:00-05:00,19.940000534057617,20.190000534057617,19.889999389648438,20.190000534057617,22200,0.0,0.0
2023-01-17 00:00:00-05:00,20.239999771118164,20.350000381469727,20.079999923706055,20.270000457763672,25500,0.0,0.0
2023-01-18 00:00:00-05:00,20.290000915527344,20.600000381469727,19.649999618530273,19.690000534057617,28400,0.0,0.0
2023-01-19 00:00:00-05:00,19.68000030517578,19.889999389648438,19.649999618530273,19.709999084472656,19000,0.0,0.0
2023-01-20 00:00:00-05:00,19.8799991607666,20.079999923706055,19.6200008392334,19.979999542236328,47900,0.0,0.0
2023-01-23 00:00:00-05:00,19.850000381469727,19.979999542236328,19.670000076293945,19.84000015258789,42300,0.0,0.0
2023-01-24 00:00:00-05:00,19.899999618530273,20.079999923706055,19.719999313354492,19.940000534057617,17200,0.0,0.0
2023-01-25 00:00:00-05:00,19.899999618530273,20.18000030517578,19.860000610351562,20.1200008392334,19900,0.0,0.0
2023-01-26 00:00:00-05:00,20.209999084472656,20.649999618530273,20.040000915527344,20.299999237060547,57500,0.0,0.0
2023-01-27 00:00:00-05:00,20.329999923706055,20.329999923706055,19.770000457763672,19.84000015258789,21100,0.0,0.0
2023-01-30 00:00:00-05:00,19.639999389648438,19.860000610351562,19.59000015258789,19.670000076293945,51100,0.0,0.0
2023-01-31 00:00:00-05:00,19.719999313354492,20.1299991607666,19.670000076293945,20.020000457763672,74700,0.0,0.0
2023-02-01 00:00:00-05:00,19.969999313354492,20.329999923706055,19.90999984741211,20.149999618530273,48000,0.0,0.0
2023-02-02 00:00:00-05:00,20.200000762939453,20.420000076293945,20.079999923706055,20.350000381469727,59600,0.0,0.0
2023-02-03 00:00:00-05:00,20.25,20.489999771118164,20.1200008392334,20.3799991607666,50200,0.0,0.0
2023-02-06 00:00:00-05:00,20.360000610351562,20.360000610351562,19.920000076293945,20.040000915527344,22100,0.0,0.0
2023-02-07 00:00:00-05:00,20.010000228881836,20.190000534057617,19.920000076293945,20.049999237060547,22600,0.0,0.0
2023-02-08 00:00:00-05:00,19.889999389648438,20.040000915527344,19.549999237060547,19.600000381469727,18200,0.0,0.0
2023-02-09 00:00:00-05:00,19.700000762939453,19.770000457763672,19.40999984741211,19.520000457763672,32700,0.0,0.0
2023-02-10 00:00:00-05:00,19.459999084472656,19.600000381469727,19.399999618530273,19.549999237060547,13700,0.0,0.0
2023-02-13 00:00:00-05:00,19.459999084472656,19.81999969482422,19.459999084472656,19.780000686645508,32300,0.0,0.0
2023-02-14 00:00:00-05:00,19.700000762939453,19.799999237060547,19.450000762939453,19.520000457763672,21300,0.0,0.0
2023-02-15 00:00:00-05:00,19.389999389648438,19.899999618530273,19.229999542236328,19.649999618530273,28500,0.0,0.0
2023-02-16 00:00:00-05:00,19.479999542236328,19.989999771118164,19.43000030517578,19.860000610351562,46300,0.0,0.0
2023-02-17 00:00:00-05:00,19.950000762939453,20.040000915527344,19.649999618530273,20.0,51000,0.0,0.0
2023-02-21 00:00:00-05:00,19.920000076293945,20.040000915527344,18.860000610351562,18.920000076293945,85200,0.0,0.0
2023-02-22 00:00:00-05:00,19.0,19.5,18.920000076293945,19.270000457763672,36900,0.0,0.0
2023-02-23 00:00:00-05:00,19.5,19.600000381469727,19.049999237060547,19.5,37100,0.0,0.0
2023-02-24 00:00:00-05:00,19.25,19.559999465942383,19.170000076293945,19.309999465942383,31500,0.0,0.0
2023-02-27 00:00:00-05:00,19.5,19.579999923706055,19.280000686645508,19.299999237060547,30100,0.0,0.0
2023-02-28 00:00:00-05:00,19.149999618530273,19.389999389648438,19.079999923706055,19.209999084472656,81200,0.0,0.0
2023-03-01 00:00:00-05:00,19.209999084472656,19.549999237060547,19.170000076293945,19.420000076293945,35500,0.0,0.0
2023-03-02 00:00:00-05:00,19.329999923706055,19.5,19.200000762939453,19.389999389648438,37400,0.0,0.0
2023-03-03 00:00:00-05:00,19.540000915527344,19.790000915527344,19.309999465942383,19.709999084472656,51900,0.0,0.0
2023-03-06 00:00:00-05:00,19.790000915527344,19.790000915527344,18.940000534057617,18.969999313354492,34500,0.0,0.0
2023-03-07 00:00:00-05:00,19.100000381469727,19.110000610351562,18.770000457763672,18.8700008392334,29700,0.0,0.0
2023-03-08 00:00:00-05:00,18.969999313354492,19.469999313354492,18.84000015258789,19.450000762939453,31500,0.0,0.0
2023-03-09 00:00:00-05:00,19.5,19.5,18.809999465942383,18.81999969482422,24500,0.0,0.0
2023-03-10 00:00:00-05:00,18.700000762939453,19.0,18.040000915527344,18.260000228881836,60300,0.0,0.0
2023-03-13 00:00:00-04:00,17.940000534057617,18.440000534057617,17.81999969482422,17.90999984741211,45500,0.0,0.0
2023-03-14 00:00:00-04:00,18.290000915527344,18.579999923706055,18.200000762939453,18.34000015258789,49400,0.0,0.0
2023-03-15 00:00:00-04:00,18.0,18.200000762939453,17.81999969482422,18.15999984741211,37600,0.0,0.0
2023-03-16 00:00:00-04:00,17.979999542236328,18.350000381469727,17.81999969482422,18.219999313354492,35100,0.0,0.0
2023-03-17 00:00:00-04:00,18.049999237060547,18.049999237060547,17.610000610351562,17.700000762939453,84300,0.0,0.0
2023-03-20 00:00:00-04:00,17.90999984741211,18.1200008392334,17.799999237060547,17.899999618530273,39600,0.0,0.0
2023-03-21 00:00:00-04:00,18.200000762939453,18.309999465942383,17.969999313354492,18.010000228881836,34800,0.0,0.0
2023-03-22 00:00:00-04:00,18.110000610351562,18.139999389648438,17.469999313354492,17.5,28000,0.0,0.0
2023-03-23 00:00:00-04:00,17.530000686645508,17.860000610351562,17.309999465942383,17.420000076293945,31800,0.0,0.0
2023-03-24 00:00:00-04:00,17.260000228881836,17.610000610351562,16.75,17.56999969482422,102100,0.0,0.0
2023-03-27 00:00:00-04:00,17.8700008392334,18.489999771118164,17.639999389648438,18.260000228881836,52300,0.0,0.0
2023-03-28 00:00:00-04:00,18.299999237060547,18.579999923706055,17.760000228881836,17.829999923706055,57000,0.0,0.0
2023-03-29 00:00:00-04:00,18.06999969482422,18.06999969482422,17.489999771118164,17.90999984741211,49300,0.0,0.0
2023-03-30 00:00:00-04:00,17.989999771118164,18.100000381469727,17.469999313354492,17.799999237060547,69300,0.0,0.0
2023-03-31 00:00:00-04:00,17.959999084472656,18.31999969482422,17.959999084472656,18.270000457763672,111300,0.0,0.0
2023-04-03 00:00:00-04:00,18.40999984741211,18.40999984741211,17.809999465942383,18.229999542236328,50100,0.0,0.0
2023-04-04 00:00:00-04:00,18.309999465942383,18.309999465942383,17.510000228881836,17.59000015258789,45400,0.0,0.0
2023-04-05 00:00:00-04:00,17.649999618530273,18.0,17.559999465942383,17.700000762939453,31100,0.0,0.0
2023-04-06 00:00:00-04:00,17.829999923706055,18.010000228881836,17.600000381469727,17.81999969482422,26800,0.0,0.0
2023-04-10 00:00:00-04:00,17.860000610351562,18.149999618530273,17.829999923706055,17.989999771118164,34900,0.0,0.0
2023-04-11 00:00:00-04:00,18.1299991607666,18.34000015258789,17.969999313354492,18.020000457763672,42300,0.0,0.0
2023-04-12 00:00:00-04:00,18.15999984741211,18.15999984741211,17.81999969482422,17.8799991607666,25200,0.0,0.0
2023-04-13 00:00:00-04:00,18.030000686645508,18.260000228881836,17.81999969482422,18.1200008392334,49100,0.0,0.0
2023-04-14 00:00:00-04:00,18.149999618530273,18.149999618530273,17.899999618530273,18.030000686645508,48700,0.0,0.0
2023-04-17 00:00:00-04:00,18.170000076293945,18.18000030517578,17.93000030517578,18.15999984741211,44600,0.0,0.0
2023-04-18 00:00:00-04:00,18.18000030517578,18.18000030517578,17.790000915527344,17.860000610351562,21200,0.0,0.0
2023-04-19 00:00:00-04:00,17.760000228881836,17.760000228881836,17.3700008392334,17.40999984741211,36400,0.0,0.0
2023-04-20 00:00:00-04:00,17.34000015258789,17.799999237060547,17.34000015258789,17.780000686645508,25800,0.0,0.0
2023-04-21 00:00:00-04:00,17.709999084472656,17.790000915527344,17.440000534057617,17.56999969482422,23600,0.0,0.0
2023-04-24 00:00:00-04:00,17.420000076293945,17.600000381469727,17.420000076293945,17.56999969482422,11700,0.0,0.0
2023-04-25 00:00:00-04:00,17.40999984741211,17.59000015258789,17.15999984741211,17.219999313354492,32600,0.0,0.0
2023-04-26 00:00:00-04:00,17.079999923706055,17.15999984741211,16.799999237060547,16.979999542236328,20200,0.0,0.0
2023-04-27 00:00:00-04:00,17.100000381469727,17.489999771118164,17.030000686645508,17.219999313354492,22300,0.0,0.0
2023-04-28 00:00:00-04:00,17.25,17.479999542236328,17.079999923706055,17.280000686645508,25600,0.0,0.0
2023-05-01 00:00:00-04:00,17.350000381469727,17.350000381469727,17.139999389648438,17.190000534057617,19300,0.0,0.0
2023-05-02 00:00:00-04:00,17.18000030517578,17.18000030517578,16.700000762939453,17.049999237060547,37300,0.0,0.0
2023-05-03 00:00:00-04:00,17.190000534057617,17.350000381469727,16.959999084472656,16.969999313354492,30300,0.0,0.0
2023-05-04 00:00:00-04:00,16.719999313354492,16.969999313354492,16.579999923706055,16.700000762939453,35700,0.0,0.0
2023-05-05 00:00:00-04:00,17.0,17.100000381469727,16.860000610351562,16.920000076293945,27900,0.0,0.0
2023-05-08 00:00:00-04:00,17.0,17.0,16.549999237060547,16.850000381469727,32100,0.0,0.0
2023-05-09 00:00:00-04:00,16.709999084472656,16.959999084472656,16.649999618530273,16.8799991607666,33800,0.0,0.0
2023-05-10 00:00:00-04:00,17.0,17.1299991607666,16.780000686645508,16.959999084472656,26200,0.0,0.0
2023-05-11 00:00:00-04:00,16.920000076293945,16.979999542236328,16.739999771118164,16.809999465942383,30100,0.0,0.0
2023-05-12 00:00:00-04:00,16.950000762939453,17.079999923706055,16.799999237060547,17.040000915527344,21900,0.0,0.0
2023-05-15 00:00:00-04:00,17.18000030517578,17.18000030517578,16.950000762939453,17.040000915527344,18400,0.0,0.0
2023-05-16 00:00:00-04:00,16.860000610351562,16.90999984741211,16.6299991607666,16.739999771118164,22400,0.0,0.0
2023-05-17 00:00:00-04:00,16.899999618530273,17.170000076293945,16.670000076293945,17.1299991607666,40100,0.0,0.0
2023-05-18 00:00:00-04:00,16.8700008392334,17.31999969482422,16.860000610351562,17.15999984741211,33600,0.0,0.0
2023-05-19 00:00:00-04:00,17.329999923706055,17.34000015258789,17.149999618530273,17.239999771118164,26100,0.0,0.0
2023-05-22 00:00:00-04:00,17.3799991607666,17.459999084472656,17.0,17.139999389648438,34800,0.0,0.0
2023-05-23 00:00:00-04:00,17.299999237060547,17.389999389648438,17.0,17.040000915527344,38000,0.0,0.0
2023-05-24 00:00:00-04:00,17.049999237060547,17.049999237060547,16.600000381469727,16.639999389648438,29500,0.0,0.0
2023-05-25 00:00:00-04:00,16.600000381469727,16.719999313354492,16.549999237060547,16.690000534057617,21500,0.0,0.0
2023-05-26 00:00:00-04:00,16.790000915527344,17.020000457763672,16.739999771118164,16.959999084472656,44700,0.0,0.0
2023-05-30 00:00:00-04:00,16.920000076293945,17.010000228881836,16.8700008392334,16.93000030517578,32700,0.0,0.0
2023-05-31 00:00:00-04:00,16.950000762939453,16.950000762939453,16.59000015258789,16.899999618530273,43400,0.0,0.0
2023-06-01 00:00:00-04:00,16.950000762939453,17.239999771118164,16.950000762939453,17.06999969482422,27400,0.0,0.0
2023-06-02 00:00:00-04:00,17.34000015258789,18.020000457763672,17.34000015258789,17.979999542236328,47100,0.0,0.0
2023-06-05 00:00:00-04:00,17.889999389648438,17.889999389648438,17.06999969482422,17.1200008392334,45600,0.0,0.0
2023-06-06 00:00:00-04:00,17.200000762939453,17.950000762939453,17.200000762939453,17.850000381469727,61700,0.0,0.0
2023-06-07 00:00:00-04:00,18.059999465942383,18.3700008392334,17.639999389648438,17.93000030517578,82100,0.0,0.0
2023-06-08 00:00:00-04:00,17.989999771118164,18.1299991607666,17.709999084472656,18.049999237060547,40600,0.0,0.0
2023-06-09 00:00:00-04:00,18.1299991607666,18.1299991607666,17.600000381469727,17.68000030517578,28200,0.0,0.0
2023-06-12 00:00:00-04:00,17.790000915527344,17.84000015258789,17.56999969482422,17.600000381469727,44700,0.0,0.0
2023-06-13 00:00:00-04:00,17.520000457763672,17.989999771118164,17.510000228881836,17.850000381469727,44400,0.0,0.0
2023-06-14 00:00:00-04:00,17.860000610351562,17.989999771118164,17.719999313354492,17.889999389648438,34900,0.0,0.0
2023-06-15 00:00:00-04:00,17.760000228881836,18.059999465942383,17.739999771118164,17.959999084472656,38100,0.0,0.0
2023-06-16 00:00:00-04:00,18.06999969482422,18.06999969482422,17.579999923706055,17.899999618530273,91500,0.0,0.0
2023-06-20 00:00:00-04:00,17.899999618530273,17.920000076293945,17.559999465942383,17.600000381469727,34700,0.0,0.0
2023-06-21 00:00:00-04:00,17.56999969482422,17.649999618530273,17.420000076293945,17.540000915527344,30500,0.0,0.0
2023-06-22 00:00:00-04:00,17.459999084472656,17.459999084472656,17.1200008392334,17.200000762939453,18800,0.0,0.0
2023-06-23 00:00:00-04:00,17.020000457763672,17.149999618530273,16.920000076293945,16.969999313354492,120300,0.0,0.0
2023-06-26 00:00:00-04:00,16.950000762939453,17.450000762939453,16.950000762939453,17.239999771118164,37300,0.0,0.0
2023-06-27 00:00:00-04:00,17.31999969482422,17.440000534057617,17.170000076293945,17.18000030517578,23800,0.0,0.0
2023-06-28 00:00:00-04:00,17.270000457763672,17.270000457763672,17.040000915527344,17.06999969482422,21200,0.0,0.0
2023-06-29 00:00:00-04:00,17.020000457763672,17.540000915527344,17.0,17.440000534057617,47000,0.0,0.0
2023-06-30 00:00:00-04:00,17.510000228881836,17.56999969482422,17.190000534057617,17.209999084472656,29700,0.0,0.0
2023-07-03 00:00:00-04:00,17.100000381469727,17.530000686645508,17.100000381469727,17.360000610351562,11300,0.0,0.0
2023-07-05 00:00:00-04:00,17.34000015258789,17.34000015258789,16.950000762939453,17.040000915527344,63000,0.0,0.0
2023-07-06 00:00:00-04:00,17.0,17.0,16.75,16.8700008392334,33300,0.0,0.0
2023-07-07 00:00:00-04:00,16.950000762939453,17.149999618530273,16.8799991607666,16.959999084472656,24800,0.0,0.0
2023-07-10 00:00:00-04:00,16.8700008392334,17.049999237060547,16.75,16.950000762939453,26600,0.0,0.0
2023-07-11 00:00:00-04:00,17.0,17.1299991607666,16.850000381469727,16.899999618530273,39500,0.0,0.0
2023-07-12 00:00:00-04:00,17.18000030517578,17.360000610351562,16.969999313354492,17.139999389648438,51500,0.0,0.0
2023-07-13 00:00:00-04:00,17.229999542236328,17.34000015258789,16.93000030517578,17.010000228881836,38200,0.0,0.0
2023-07-14 00:00:00-04:00,16.989999771118164,17.110000610351562,16.790000915527344,17.049999237060547,39400,0.0,0.0
2023-07-17 00:00:00-04:00,17.040000915527344,17.420000076293945,17.040000915527344,17.100000381469727,57100,0.0,0.0
2023-07-18 00:00:00-04:00,17.059999465942383,17.40999984741211,16.989999771118164,17.079999923706055,64600,0.0,0.0
2023-07-19 00:00:00-04:00,17.170000076293945,17.200000762939453,16.90999984741211,17.049999237060547,38300,0.0,0.0
2023-07-20 00:00:00-04:00,17.1200008392334,17.34000015258789,17.040000915527344,17.31999969482422,32800,0.0,0.0
2023-07-21 00:00:00-04:00,17.440000534057617,17.670000076293945,17.219999313354492,17.239999771118164,45900,0.0,0.0
2023-07-24 00:00:00-04:00,17.3700008392334,17.3799991607666,17.18000030517578,17.200000762939453,32200,0.0,0.0
2023-07-25 00:00:00-04:00,17.25,17.530000686645508,17.25,17.5,39900,0.0,0.0
2023-07-26 00:00:00-04:00,17.5,17.90999984741211,17.5,17.709999084472656,58600,0.0,0.0
2023-07-27 00:00:00-04:00,17.729999542236328,17.729999542236328,17.450000762939453,17.5,37400,0.0,0.0
2023-07-28 00:00:00-04:00,17.600000381469727,17.790000915527344,17.59000015258789,17.639999389648438,76700,0.0,0.0
2023-07-31 00:00:00-04:00,17.6200008392334,17.899999618530273,17.530000686645508,17.610000610351562,24700,0.0,0.0
2023-08-01 00:00:00-04:00,17.600000381469727,17.68000030517578,17.420000076293945,17.6299991607666,33400,0.0,0.0
2023-08-02 00:00:00-04:00,17.549999237060547,17.850000381469727,17.540000915527344,17.75,52600,0.0,0.0
2023-08-03 00:00:00-04:00,17.799999237060547,18.0,17.600000381469727,17.6299991607666,39100,0.0,0.0
2023-08-04 00:00:00-04:00,17.700000762939453,17.950000762939453,17.68000030517578,17.829999923706055,45200,0.0,0.0
2023-08-07 00:00:00-04:00,17.760000228881836,18.030000686645508,17.719999313354492,17.940000534057617,40600,0.0,0.0
2023-08-08 00:00:00-04:00,17.709999084472656,17.770000457763672,17.670000076293945,17.700000762939453,32300,0.0,0.0
2023-08-09 00:00:00-04:00,17.700000762939453,17.729999542236328,17.65999984741211,17.700000762939453,31000,0.0,0.0
2023-08-10 00:00:00-04:00,17.799999237060547,17.799999237060547,17.31999969482422,17.360000610351562,32100,0.0,0.0
2023-08-11 00:00:00-04:00,17.290000915527344,17.56999969482422,17.209999084472656,17.5,42100,0.0,0.0
2023-08-14 00:00:00-04:00,17.3700008392334,17.420000076293945,17.190000534057617,17.229999542236328,14800,0.0,0.0
2023-08-15 00:00:00-04:00,17.09000015258789,17.100000381469727,16.760000228881836,16.81999969482422,22600,0.0,0.0
2023-08-16 00:00:00-04:00,16.889999389648438,16.899999618530273,16.770000457763672,16.770000457763672,19400,0.0,0.0
2023-08-17 00:00:00-04:00,16.8799991607666,16.8799991607666,16.559999465942383,16.639999389648438,24600,0.0,0.0
2023-08-18 00:00:00-04:00,16.549999237060547,16.729999542236328,16.530000686645508,16.700000762939453,27900,0.0,0.0
2023-08-21 00:00:00-04:00,16.65999984741211,16.709999084472656,16.559999465942383,16.59000015258789,22800,0.0,0.0
2023-08-22 00:00:00-04:00,16.690000534057617,16.690000534057617,16.229999542236328,16.229999542236328,25800,0.0,0.0
2023-08-23 00:00:00-04:00,16.31999969482422,16.579999923706055,16.31999969482422,16.520000457763672,24000,0.0,0.0
2023-08-24 00:00:00-04:00,16.420000076293945,16.940000534057617,16.420000076293945,16.540000915527344,31900,0.0,0.0
2023-08-25 00:00:00-04:00,16.690000534057617,16.690000534057617,16.440000534057617,16.520000457763672,14100,0.0,0.0
2023-08-28 00:00:00-04:00,16.639999389648438,17.010000228881836,16.639999389648438,16.68000030517578,24700,0.0,0.0
2023-08-29 00:00:00-04:00,16.719999313354492,16.899999618530273,16.610000610351562,16.8799991607666,14000,0.0,0.0
2023-08-30 00:00:00-04:00,16.799999237060547,16.989999771118164,16.649999618530273,16.700000762939453,20700,0.0,0.0
2023-08-31 00:00:00-04:00,16.770000457763672,16.8799991607666,16.65999984741211,16.68000030517578,38800,0.0,0.0
2023-09-01 00:00:00-04:00,16.700000762939453,17.049999237060547,16.700000762939453,16.780000686645508,29900,0.0,0.0
2023-09-05 00:00:00-04:00,16.790000915527344,16.790000915527344,16.290000915527344,16.329999923706055,61600,0.0,0.0
2023-09-06 00:00:00-04:00,16.299999237060547,16.479999542236328,16.239999771118164,16.3799991607666,25900,0.0,0.0
2023-09-07 00:00:00-04:00,16.350000381469727,16.81999969482422,16.350000381469727,16.780000686645508,36400,0.0,0.0
2023-09-08 00:00:00-04:00,16.8799991607666,16.8799991607666,16.540000915527344,16.600000381469727,22300,0.0,0.0
2023-09-11 00:00:00-04:00,16.600000381469727,16.959999084472656,16.450000762939453,16.459999084472656,51100,0.0,0.0
2023-09-12 00:00:00-04:00,16.5,16.700000762939453,16.43000030517578,16.649999618530273,26200,0.0,0.0
2023-09-13 00:00:00-04:00,16.729999542236328,16.729999542236328,16.489999771118164,16.520000457763672,25200,0.0,0.0
2023-09-14 00:00:00-04:00,16.690000534057617,17.25,16.479999542236328,17.030000686645508,40400,0.0,0.0
2023-09-15 00:00:00-04:00,16.940000534057617,17.440000534057617,16.81999969482422,17.3700008392334,170400,0.0,0.0
2023-09-18 00:00:00-04:00,17.450000762939453,17.479999542236328,17.100000381469727,17.200000762939453,35100,0.0,0.0
2023-09-19 00:00:00-04:00,17.200000762939453,17.3700008392334,16.549999237060547,16.559999465942383,51000,0.0,0.0
2023-09-20 00:00:00-04:00,16.59000015258789,16.739999771118164,16.43000030517578,16.450000762939453,32100,0.0,0.0
2023-09-21 00:00:00-04:00,16.43000030517578,16.520000457763672,16.290000915527344,16.309999465942383,24400,0.0,0.0
2023-09-22 00:00:00-04:00,16.399999618530273,16.399999618530273,16.030000686645508,16.030000686645508,23500,0.0,0.0
2023-09-25 00:00:00-04:00,16.030000686645508,16.190000534057617,15.899999618530273,15.970000267028809,34000,0.0,0.0
2023-09-26 00:00:00-04:00,15.930000305175781,15.989999771118164,15.84000015258789,15.869999885559082,38400,0.0,0.0
2023-09-27 00:00:00-04:00,15.899999618530273,15.979999542236328,15.789999961853027,15.829999923706055,36900,0.0,0.0
2023-09-28 00:00:00-04:00,16.010000228881836,16.110000610351562,15.890000343322754,15.949999809265137,35900,0.0,0.0
2023-09-29 00:00:00-04:00,16.09000015258789,16.25,15.949999809265137,16.219999313354492,40900,0.0,0.0
2023-10-02 00:00:00-04:00,16.219999313354492,16.219999313354492,15.960000038146973,16.06999969482422,35500,0.0,0.0
2023-10-03 00:00:00-04:00,16.06999969482422,16.079999923706055,15.84000015258789,15.859999656677246,34500,0.0,0.0
2023-10-04 00:00:00-04:00,15.859999656677246,16.059999465942383,15.800000190734863,15.970000267028809,34300,0.0,0.0
2023-10-05 00:00:00-04:00,16.010000228881836,16.270000457763672,15.930000305175781,16.209999084472656,51600,0.0,0.0
2023-10-06 00:00:00-04:00,16.18000030517578,16.18000030517578,15.829999923706055,15.949999809265137,47800,0.0,0.0
2023-10-09 00:00:00-04:00,15.84000015258789,16.100000381469727,15.760000228881836,16.049999237060547,31500,0.0,0.0
2023-10-10 00:00:00-04:00,16.110000610351562,16.110000610351562,15.8100004196167,15.819999694824219,29500,0.0,0.0
2023-10-11 00:00:00-04:00,15.90999984741211,15.90999984741211,15.670000076293945,15.890000343322754,35900,0.0,0.0
2023-10-12 00:00:00-04:00,15.770000457763672,15.779999732971191,15.569999694824219,15.770000457763672,35100,0.0,0.0
2023-10-13 00:00:00-04:00,15.880000114440918,15.880000114440918,15.510000228881836,15.65999984741211,41100,0.0,0.0
2023-10-16 00:00:00-04:00,15.789999961853027,16.049999237060547,15.770000457763672,15.890000343322754,35300,0.0,0.0
2023-10-17 00:00:00-04:00,15.8100004196167,16.260000228881836,15.8100004196167,15.979999542236328,50300,0.0,0.0
2023-10-18 00:00:00-04:00,15.829999923706055,15.899999618530273,15.649999618530273,15.65999984741211,32400,0.0,0.0
2023-10-19 00:00:00-04:00,15.760000228881836,15.800000190734863,15.510000228881836,15.510000228881836,27400,0.0,0.0
2023-10-20 00:00:00-04:00,15.579999923706055,15.65999984741211,15.470000267028809,15.489999771118164,44100,0.0,0.0
2023-10-23 00:00:00-04:00,15.449999809265137,15.579999923706055,15.25,15.279999732971191,33000,0.0,0.0
2023-10-24 00:00:00-04:00,15.430000305175781,15.489999771118164,15.319999694824219,15.460000038146973,25500,0.0,0.0
2023-10-25 00:00:00-04:00,15.34000015258789,15.4399995803833,15.260000228881836,15.260000228881836,31400,0.0,0.0
2023-10-26 00:00:00-04:00,15.350000381469727,15.479999542236328,15.350000381469727,15.420000076293945,25200,0.0,0.0
2023-10-27 00:00:00-04:00,15.390000343322754,15.399999618530273,15.300000190734863,15.350000381469727,26000,0.0,0.0
2023-10-30 00:00:00-04:00,15.5,15.569999694824219,15.359999656677246,15.449999809265137,44000,0.0,0.0
2023-10-31 00:00:00-04:00,15.6899995803833,15.710000038146973,15.399999618530273,15.520000457763672,79100,0.0,0.0
2023-11-01 00:00:00-04:00,15.460000038146973,15.850000381469727,15.40999984741211,15.819999694824219,39600,0.0,0.0
2023-11-02 00:00:00-04:00,15.989999771118164,16.049999237060547,15.850000381469727,16.010000228881836,33700,0.0,0.0
2023-11-03 00:00:00-04:00,16.209999084472656,16.43000030517578,16.139999389648438,16.329999923706055,36100,0.0,0.0
2023-11-06 00:00:00-05:00,16.350000381469727,16.600000381469727,16.1299991607666,16.25,35700,0.0,0.0
2023-11-07 00:00:00-05:00,16.299999237060547,16.549999237060547,16.25,16.489999771118164,45000,0.0,0.0
2023-11-08 00:00:00-05:00,16.5,16.5,15.699999809265137,16.0,41100,0.0,0.0
2023-11-09 00:00:00-05:00,16.020000457763672,16.100000381469727,15.619999885559082,15.779999732971191,38900,0.0,0.0
2023-11-10 00:00:00-05:00,15.920000076293945,15.920000076293945,15.600000381469727,15.789999961853027,44400,0.0,0.0
2023-11-13 00:00:00-05:00,15.770000457763672,16.020000457763672,15.609999656677246,15.949999809265137,19400,0.0,0.0
2023-11-14 00:00:00-05:00,16.34000015258789,16.59000015258789,16.290000915527344,16.5,82500,0.0,0.0
2023-11-15 00:00:00-05:00,16.559999465942383,16.639999389648438,16.459999084472656,16.469999313354492,41000,0.0,0.0
2023-11-16 00:00:00-05:00,16.479999542236328,16.59000015258789,16.25,16.309999465942383,31700,0.0,0.0
2023-11-17 00:00:00-05:00,16.450000762939453,16.56999969482422,16.389999389648438,16.5,43900,0.0,0.0
2023-11-20 00:00:00-05:00,16.5,16.579999923706055,16.260000228881836,16.360000610351562,21500,0.0,0.0
2023-11-21 00:00:00-05:00,16.31999969482422,16.389999389648438,16.010000228881836,16.219999313354492,15300,0.0,0.0
2023-11-22 00:00:00-05:00,16.360000610351562,16.530000686645508,16.290000915527344,16.479999542236328,17500,0.0,0.0
2023-11-24 00:00:00-05:00,16.559999465942383,16.559999465942383,16.360000610351562,16.5,16600,0.0,0.0
2023-11-27 00:00:00-05:00,16.540000915527344,16.540000915527344,16.110000610351562,16.25,37800,0.0,0.0
2023-11-28 00:00:00-05:00,16.15999984741211,16.3700008392334,16.15999984741211,16.219999313354492,31200,0.0,0.0
2023-11-29 00:00:00-05:00,16.3700008392334,16.399999618530273,16.280000686645508,16.329999923706055,20600,0.0,0.0
2023-11-30 00:00:00-05:00,16.350000381469727,16.350000381469727,15.670000076293945,15.789999961853027,138700,0.0,0.0
2023-12-01 00:00:00-05:00,15.800000190734863,16.489999771118164,15.779999732971191,16.43000030517578,70700,0.0,0.0
2023-12-04 00:00:00-05:00,16.489999771118164,16.56999969482422,16.31999969482422,16.489999771118164,38200,0.0,0.0
2023-12-05 00:00:00-05:00,16.489999771118164,16.489999771118164,15.970000267028809,16.260000228881836,34200,0.0,0.0
2023-12-06 00:00:00-05:00,16.40999984741211,16.40999984741211,15.869999885559082,16.139999389648438,69500,0.0,0.0
2023-12-07 00:00:00-05:00,16.219999313354492,16.309999465942383,15.9399995803833,16.290000915527344,72700,0.0,0.0
2023-12-08 00:00:00-05:00,16.219999313354492,16.520000457763672,16.010000228881836,16.479999542236328,53300,0.0,0.0
2023-12-11 00:00:00-05:00,16.520000457763672,16.579999923706055,16.229999542236328,16.350000381469727,44700,0.0,0.0
2023-12-12 00:00:00-05:00,16.43000030517578,16.43000030517578,16.149999618530273,16.350000381469727,25200,0.0,0.0
2023-12-13 00:00:00-05:00,16.450000762939453,17.0,16.3799991607666,16.979999542236328,86500,0.0,0.0
2023-12-14 00:00:00-05:00,17.260000228881836,17.600000381469727,17.110000610351562,17.229999542236328,106300,0.0,0.0
2023-12-15 00:00:00-05:00,17.200000762939453,17.280000686645508,16.6200008392334,16.780000686645508,189700,0.0,0.0
2023-12-18 00:00:00-05:00,16.8799991607666,16.93000030517578,16.709999084472656,16.799999237060547,37700,0.0,0.0
2023-12-19 00:00:00-05:00,16.8700008392334,17.059999465942383,16.760000228881836,16.989999771118164,78100,0.0,0.0
2023-12-20 00:00:00-05:00,16.90999984741211,17.329999923706055,16.90999984741211,16.940000534057617,86300,0.0,0.0
2023-12-21 00:00:00-05:00,17.059999465942383,17.100000381469727,16.84000015258789,16.899999618530273,50600,0.0,0.0
2023-12-22 00:00:00-05:00,17.0,17.3700008392334,16.8799991607666,17.25,60600,0.0,0.0
2023-12-26 00:00:00-05:00,17.360000610351562,17.56999969482422,17.219999313354492,17.5,89800,0.0,0.0
2023-12-27 00:00:00-05:00,17.600000381469727,17.610000610351562,17.459999084472656,17.59000015258789,40100,0.0,0.0
2023-12-28 00:00:00-05:00,17.520000457763672,17.670000076293945,17.520000457763672,17.530000686645508,39100,0.0,0.0
2023-12-29 00:00:00-05:00,17.459999084472656,17.559999465942383,17.190000534057617,17.200000762939453,37300,0.0,0.0
2024-01-02 00:00:00-05:00,16.989999771118164,17.34000015258789,16.989999771118164,17.25,49700,0.0,0.0
2024-01-03 00:00:00-05:00,17.149999618530273,17.270000457763672,16.81999969482422,16.860000610351562,50800,0.0,0.0
2024-01-04 00:00:00-05:00,16.940000534057617,17.0,16.649999618530273,16.68000030517578,41600,0.0,0.0
2024-01-05 00:00:00-05:00,16.549999237060547,16.84000015258789,16.479999542236328,16.56999969482422,55000,0.0,0.0
2024-01-08 00:00:00-05:00,16.610000610351562,16.780000686645508,16.489999771118164,16.780000686645508,36000,0.0,0.0
2024-01-09 00:00:00-05:00,16.649999618530273,16.68000030517578,16.31999969482422,16.40999984741211,53800,0.0,0.0
2024-01-10 00:00:00-05:00,16.309999465942383,16.579999923706055,16.309999465942383,16.510000228881836,46700,0.0,0.0
2024-01-11 00:00:00-05:00,16.399999618530273,16.399999618530273,16.110000610351562,16.219999313354492,38500,0.0,0.0
2024-01-12 00:00:00-05:00,16.420000076293945,16.420000076293945,16.149999618530273,16.290000915527344,32200,0.0,0.0
2024-01-16 00:00:00-05:00,16.270000457763672,16.299999237060547,15.850000381469727,15.869999885559082,42800,0.0,0.0
2024-01-17 00:00:00-05:00,15.75,15.90999984741211,15.65999984741211,15.84000015258789,47300,0.0,0.0
2024-01-18 00:00:00-05:00,15.890000343322754,15.920000076293945,15.710000038146973,15.859999656677246,44800,0.0,0.0
2024-01-19 00:00:00-05:00,15.949999809265137,16.1200008392334,15.789999961853027,16.100000381469727,49200,0.0,0.0
2024-01-22 00:00:00-05:00,16.239999771118164,16.350000381469727,16.0,16.219999313354492,29000,0.0,0.0
2024-01-23 00:00:00-05:00,16.40999984741211,16.40999984741211,15.890000343322754,15.920000076293945,56400,0.0,0.0
2024-01-24 00:00:00-05:00,16.079999923706055,16.1200008392334,15.869999885559082,15.960000038146973,35900,0.0,0.0
2024-01-25 00:00:00-05:00,15.989999771118164,16.350000381469727,15.989999771118164,16.329999923706055,42400,0.0,0.0
2024-01-26 00:00:00-05:00,16.450000762939453,16.5,16.170000076293945,16.170000076293945,20500,0.0,0.0
2024-01-29 00:00:00-05:00,16.15999984741211,16.3700008392334,16.100000381469727,16.270000457763672,70600,0.0,0.0
2024-01-30 00:00:00-05:00,16.219999313354492,16.34000015258789,16.079999923706055,16.09000015258789,41500,0.0,0.0
2024-01-31 00:00:00-05:00,16.06999969482422,16.209999084472656,15.779999732971191,15.779999732971191,63800,0.0,0.0
2024-02-01 00:00:00-05:00,15.789999961853027,16.420000076293945,15.789999961853027,16.280000686645508,59100,0.0,0.0
2024-02-02 00:00:00-05:00,16.040000915527344,16.139999389648438,15.899999618530273,15.930000305175781,71200,0.0,0.0
2024-02-05 00:00:00-05:00,15.760000228881836,15.789999961853027,15.59000015258789,15.6899995803833,62900,0.0,0.0
2024-02-06 00:00:00-05:00,15.640000343322754,15.989999771118164,15.640000343322754,15.800000190734863,48400,0.0,0.0
2024-02-07 00:00:00-05:00,15.789999961853027,15.819999694824219,15.600000381469727,15.640000343322754,44800,0.0,0.0
2024-02-08 00:00:00-05:00,15.59000015258789,15.9399995803833,15.59000015258789,15.869999885559082,43700,0.0,0.0
2024-02-09 00:00:00-05:00,15.880000114440918,16.309999465942383,15.800000190734863,16.200000762939453,56600,0.0,0.0
2024-02-12 00:00:00-05:00,16.239999771118164,16.8700008392334,16.239999771118164,16.670000076293945,60500,0.0,0.0
2024-02-13 00:00:00-05:00,16.31999969482422,16.40999984741211,15.84000015258789,15.989999771118164,97300,0.0,0.0
2024-02-14 00:00:00-05:00,16.190000534057617,16.5,16.15999984741211,16.399999618530273,45700,0.0,0.0
2024-02-15 00:00:00-05:00,16.459999084472656,17.010000228881836,16.459999084472656,17.0,56700,0.0,0.0
2024-02-16 00:00:00-05:00,16.8700008392334,16.969999313354492,16.700000762939453,16.719999313354492,34600,0.0,0.0
2024-02-20 00:00:00-05:00,16.700000762939453,16.829999923706055,16.549999237060547,16.600000381469727,40700,0.0,0.0
2024-02-21 00:00:00-05:00,16.549999237060547,16.600000381469727,16.399999618530273,16.530000686645508,35900,0.0,0.0
2024-02-22 00:00:00-05:00,16.459999084472656,16.530000686645508,16.329999923706055,16.510000228881836,52600,0.0,0.0
2024-02-23 00:00:00-05:00,16.459999084472656,16.6200008392334,16.459999084472656,16.559999465942383,29800,0.0,0.0
2024-02-26 00:00:00-05:00,16.459999084472656,16.59000015258789,16.350000381469727,16.510000228881836,38300,0.0,0.0
2024-02-27 00:00:00-05:00,16.579999923706055,16.649999618530273,16.40999984741211,16.40999984741211,29400,0.0,0.0
2024-02-28 00:00:00-05:00,16.260000228881836,16.56999969482422,16.239999771118164,16.260000228881836,48000,0.0,0.0
2024-02-29 00:00:00-05:00,16.510000228881836,16.690000534057617,16.479999542236328,16.6299991607666,63600,0.0,0.0
2024-03-01 00:00:00-05:00,16.59000015258789,16.90999984741211,16.59000015258789,16.75,47700,0.0,0.0
2024-03-04 00:00:00-05:00,16.799999237060547,17.06999969482422,16.65999984741211,16.65999984741211,30500,0.0,0.0
2024-03-05 00:00:00-05:00,16.6299991607666,16.790000915527344,16.299999237060547,16.350000381469727,48800,0.0,0.0
2024-03-06 00:00:00-05:00,16.540000915527344,16.770000457763672,16.5,16.6200008392334,31600,0.0,0.0
2024-03-07 00:00:00-05:00,16.75,16.760000228881836,16.450000762939453,16.5,40800,0.0,0.0
2024-03-08 00:00:00-05:00,16.68000030517578,16.799999237060547,16.540000915527344,16.649999618530273,23700,0.0,0.0
2024-03-11 00:00:00-04:00,16.639999389648438,16.639999389648438,16.5,16.5,23100,0.0,0.0
2024-03-12 00:00:00-04:00,16.440000534057617,16.440000534057617,16.15999984741211,16.260000228881836,56000,0.0,0.0
2024-03-13 00:00:00-04:00,16.209999084472656,16.280000686645508,16.059999465942383,16.18000030517578,34800,0.0,0.0
2024-03-14 00:00:00-04:00,16.06999969482422,16.100000381469727,15.819999694824219,15.960000038146973,49700,0.0,0.0
2024-03-15 00:00:00-04:00,15.800000190734863,16.059999465942383,15.579999923706055,15.630000114440918,228300,0.0,0.0
2024-03-18 00:00:00-04:00,15.630000114440918,15.729999542236328,15.4399995803833,15.449999809265137,51600,0.0,0.0
2024-03-19 00:00:00-04:00,15.4399995803833,15.600000381469727,15.3100004196167,15.4399995803833,55800,0.0,0.0
2024-03-20 00:00:00-04:00,15.329999923706055,15.979999542236328,15.329999923706055,15.819999694824219,50700,0.0,0.0
2024-03-21 00:00:00-04:00,15.84000015258789,16.030000686645508,15.569999694824219,15.90999984741211,107700,0.0,0.0
2024-03-22 00:00:00-04:00,15.899999618530273,15.899999618530273,15.25,15.34000015258789,78000,0.0,0.0
2024-03-25 00:00:00-04:00,15.390000343322754,15.510000228881836,15.229999542236328,15.229999542236328,57100,0.0,0.0
2024-03-26 00:00:00-04:00,15.390000343322754,15.390000343322754,15.210000038146973,15.229999542236328,56300,0.0,0.0
2024-03-27 00:00:00-04:00,15.380000114440918,15.5,15.329999923706055,15.460000038146973,41700,0.0,0.0
2024-03-28 00:00:00-04:00,15.510000228881836,15.680000305175781,15.40999984741211,15.40999984741211,73300,0.0,0.0
2024-04-01 00:00:00-04:00,15.489999771118164,15.539999961853027,15.3100004196167,15.359999656677246,55700,0.0,0.0
2024-04-02 00:00:00-04:00,15.3100004196167,15.369999885559082,15.0600004196167,15.170000076293945,64300,0.0,0.0
2024-04-03 00:00:00-04:00,15.029999732971191,15.399999618530273,15.029999732971191,15.300000190734863,62100,0.0,0.0
2024-04-04 00:00:00-04:00,15.460000038146973,15.479999542236328,15.140000343322754,15.149999618530273,76100,0.0,0.0
2024-04-05 00:00:00-04:00,15.09000015258789,15.199999809265137,15.020000457763672,15.119999885559082,50300,0.0,0.0
2024-04-08 00:00:00-04:00,15.229999542236328,15.359999656677246,15.210000038146973,15.220000267028809,37500,0.0,0.0
2024-04-09 00:00:00-04:00,15.220000267028809,15.619999885559082,15.149999618530273,15.479999542236328,56800,0.0,0.0
2024-04-10 00:00:00-04:00,15.140000343322754,15.270000457763672,14.899999618530273,15.130000114440918,100700,0.0,0.0
2024-04-11 00:00:00-04:00,15.100000381469727,15.34000015258789,15.100000381469727,15.289999961853027,40400,0.0,0.0
2024-04-12 00:00:00-04:00,15.149999618530273,15.329999923706055,15.149999618530273,15.199999809265137,44500,0.0,0.0
2024-04-15 00:00:00-04:00,15.220000267028809,15.300000190734863,14.899999618530273,14.979999542236328,57800,0.0,0.0
2024-04-16 00:00:00-04:00,14.899999618530273,15.069999694824219,14.800000190734863,14.960000038146973,52200,0.0,0.0
2024-04-17 00:00:00-04:00,15.09000015258789,15.09000015258789,14.859999656677246,14.880000114440918,32400,0.0,0.0
2024-04-18 00:00:00-04:00,15.0,16.010000228881836,14.930000305175781,15.6899995803833,171600,0.0,0.0
2024-04-19 00:00:00-04:00,15.75,16.420000076293945,15.710000038146973,16.280000686645508,137000,0.0,0.0
2024-04-22 00:00:00-04:00,16.3700008392334,16.59000015258789,16.149999618530273,16.56999969482422,79600,0.0,0.0
2024-04-23 00:00:00-04:00,16.59000015258789,17.020000457763672,16.520000457763672,17.010000228881836,64400,0.0,0.0
2024-04-24 00:00:00-04:00,16.860000610351562,17.040000915527344,16.81999969482422,16.899999618530273,68200,0.0,0.0
2024-04-25 00:00:00-04:00,16.739999771118164,16.950000762939453,16.579999923706055,16.8700008392334,52200,0.0,0.0
2024-04-26 00:00:00-04:00,16.770000457763672,17.06999969482422,16.770000457763672,17.06999969482422,63700,0.0,0.0
2024-04-29 00:00:00-04:00,17.170000076293945,17.239999771118164,16.719999313354492,17.010000228881836,56800,0.0,0.0
2024-04-30 00:00:00-04:00,16.899999618530273,16.940000534057617,16.770000457763672,16.780000686645508,64600,0.0,0.0
2024-05-01 00:00:00-04:00,16.860000610351562,16.969999313354492,16.760000228881836,16.829999923706055,74800,0.0,0.0
2024-05-02 00:00:00-04:00,16.959999084472656,16.959999084472656,16.760000228881836,16.860000610351562,52300,0.0,0.0
2024-05-03 00:00:00-04:00,17.040000915527344,17.040000915527344,16.510000228881836,16.68000030517578,58700,0.0,0.0
2024-05-06 00:00:00-04:00,16.700000762939453,16.950000762939453,16.420000076293945,16.649999618530273,47500,0.0,0.0
2024-05-07 00:00:00-04:00,16.549999237060547,16.65999984741211,15.859999656677246,15.869999885559082,101400,0.0,0.0
2024-05-08 00:00:00-04:00,15.8100004196167,15.829999923706055,15.529999732971191,15.75,75100,0.0,0.0
2024-05-09 00:00:00-04:00,15.739999771118164,16.299999237060547,15.739999771118164,16.280000686645508,64300,0.0,0.0
2024-05-10 00:00:00-04:00,16.209999084472656,16.469999313354492,16.1200008392334,16.260000228881836,64000,0.0,0.0
2024-05-13 00:00:00-04:00,16.31999969482422,16.3799991607666,16.06999969482422,16.079999923706055,47100,0.0,0.0
2024-05-14 00:00:00-04:00,16.15999984741211,16.270000457763672,16.0,16.110000610351562,33600,0.0,0.0
2024-05-15 00:00:00-04:00,16.219999313354492,16.8799991607666,16.15999984741211,16.84000015258789,110200,0.0,0.0
2024-05-16 00:00:00-04:00,16.760000228881836,18.06999969482422,16.760000228881836,17.84000015258789,229700,0.0,0.0
2024-05-17 00:00:00-04:00,17.8700008392334,18.440000534057617,17.75,17.979999542236328,139700,0.0,0.0
2024-05-20 00:00:00-04:00,17.90999984741211,18.239999771118164,17.860000610351562,17.8700008392334,119300,0.0,0.0
2024-05-21 00:00:00-04:00,17.809999465942383,17.959999084472656,17.75,17.770000457763672,109300,0.0,0.0
2024-05-22 00:00:00-04:00,17.729999542236328,18.239999771118164,17.729999542236328,18.15999984741211,148800,0.0,0.0
2024-05-23 00:00:00-04:00,18.139999389648438,18.6299991607666,17.8799991607666,17.950000762939453,123200,0.0,0.0
2024-05-24 00:00:00-04:00,18.049999237060547,18.540000915527344,17.969999313354492,18.459999084472656,100600,0.0,0.0
2024-05-28 00:00:00-04:00,18.510000228881836,18.979999542236328,17.93000030517578,18.030000686645508,154500,0.0,0.0
2024-05-29 00:00:00-04:00,17.8700008392334,18.200000762939453,17.75,18.010000228881836,124500,0.0,0.0
2024-05-30 00:00:00-04:00,18.049999237060547,18.219999313354492,17.959999084472656,17.969999313354492,94000,0.0,0.0
2024-05-31 00:00:00-04:00,18.0,18.260000228881836,18.0,18.229999542236328,1210700,0.0,0.0
2024-06-03 00:00:00-04:00,18.260000228881836,18.280000686645508,17.6299991607666,17.6299991607666,112900,0.0,0.0
2024-06-04 00:00:00-04:00,17.6200008392334,17.6200008392334,17.0,17.040000915527344,104600,0.0,0.0
2024-06-05 00:00:00-04:00,17.059999465942383,17.170000076293945,16.8700008392334,17.139999389648438,63000,0.0,0.0
2024-06-06 00:00:00-04:00,17.040000915527344,17.260000228881836,16.969999313354492,17.0,50500,0.0,0.0
2024-06-07 00:00:00-04:00,16.860000610351562,16.969999313354492,16.739999771118164,16.850000381469727,62400,0.0,0.0
2024-06-10 00:00:00-04:00,16.729999542236328,16.93000030517578,16.65999984741211,16.90999984741211,60200,0.0,0.0
2024-06-11 00:00:00-04:00,16.889999389648438,16.950000762939453,16.719999313354492,16.81999969482422,55000,0.0,0.0
2024-06-12 00:00:00-04:00,17.270000457763672,17.290000915527344,16.770000457763672,16.799999237060547,67100,0.0,0.0
2024-06-13 00:00:00-04:00,16.690000534057617,16.920000076293945,16.540000915527344,16.90999984741211,60000,0.0,0.0
2024-06-14 00:00:00-04:00,16.709999084472656,16.739999771118164,16.56999969482422,16.610000610351562,55400,0.0,0.0
2024-06-17 00:00:00-04:00,16.610000610351562,16.770000457763672,16.399999618530273,16.739999771118164,44200,0.0,0.0
2024-06-18 00:00:00-04:00,16.760000228881836,16.81999969482422,16.559999465942383,16.780000686645508,57900,0.0,0.0
2024-06-20 00:00:00-04:00,16.81999969482422,16.979999542236328,16.81999969482422,16.8700008392334,41000,0.0,0.0
2024-06-21 00:00:00-04:00,16.850000381469727,16.850000381469727,16.469999313354492,16.600000381469727,131000,0.0,0.0
2024-06-24 00:00:00-04:00,16.649999618530273,16.65999984741211,16.399999618530273,16.56999969482422,59800,0.0,0.0
2024-06-25 00:00:00-04:00,16.6200008392334,16.6200008392334,16.219999313354492,16.3700008392334,74300,0.0,0.0
2024-06-26 00:00:00-04:00,16.239999771118164,16.790000915527344,16.239999771118164,16.75,57000,0.0,0.0
2024-06-27 00:00:00-04:00,16.729999542236328,16.84000015258789,16.65999984741211,16.81999969482422,37700,0.0,0.0
2024-06-28 00:00:00-04:00,16.940000534057617,17.06999969482422,16.700000762939453,17.059999465942383,289000,0.0,0.0
2024-07-01 00:00:00-04:00,17.010000228881836,17.010000228881836,16.510000228881836,16.84000015258789,70000,0.0,0.0
2024-07-02 00:00:00-04:00,16.84000015258789,16.93000030517578,16.790000915527344,16.860000610351562,34400,0.0,0.0
2024-07-03 00:00:00-04:00,16.940000534057617,17.010000228881836,16.799999237060547,16.829999923706055,18800,0.0,0.0
2024-07-05 00:00:00-04:00,16.790000915527344,16.950000762939453,16.700000762939453,16.860000610351562,35400,0.0,0.0
2024-07-08 00:00:00-04:00,16.989999771118164,17.0,16.68000030517578,16.799999237060547,41400,0.0,0.0
2024-07-09 00:00:00-04:00,16.81999969482422,16.81999969482422,16.520000457763672,16.709999084472656,32700,0.0,0.0
2024-07-10 00:00:00-04:00,16.719999313354492,16.8700008392334,16.6299991607666,16.8700008392334,32000,0.0,0.0
2024-07-11 00:00:00-04:00,17.25,17.739999771118164,17.040000915527344,17.690000534057617,106700,0.0,0.0
2024-07-12 00:00:00-04:00,17.889999389648438,18.139999389648438,17.68000030517578,17.8799991607666,70100,0.0,0.0
2024-07-15 00:00:00-04:00,18.1200008392334,18.399999618530273,18.020000457763672,18.329999923706055,129200,0.0,0.0
2024-07-16 00:00:00-04:00,18.5,19.06999969482422,18.399999618530273,19.049999237060547,126100,0.0,0.0
2024-07-17 00:00:00-04:00,19.020000457763672,19.670000076293945,18.889999389648438,19.579999923706055,190000,0.0,0.0
2024-07-18 00:00:00-04:00,19.389999389648438,19.81999969482422,19.049999237060547,19.079999923706055,78600,0.0,0.0
2024-07-19 00:00:00-04:00,19.09000015258789,19.1299991607666,18.6200008392334,18.760000228881836,52200,0.0,0.0
2024-07-22 00:00:00-04:00,18.860000610351562,18.920000076293945,18.520000457763672,18.850000381469727,55800,0.0,0.0
2024-07-23 00:00:00-04:00,18.8700008392334,19.1200008392334,18.799999237060547,19.030000686645508,80800,0.0,0.0
2024-07-24 00:00:00-04:00,18.899999618530273,19.280000686645508,18.709999084472656,18.739999771118164,85000,0.0,0.0
2024-07-25 00:00:00-04:00,18.780000686645508,19.15999984741211,18.639999389648438,18.959999084472656,120400,0.0,0.0
2024-07-26 00:00:00-04:00,19.239999771118164,19.360000610351562,18.600000381469727,19.290000915527344,69100,0.0,0.0
2024-07-29 00:00:00-04:00,19.350000381469727,19.389999389648438,18.850000381469727,19.059999465942383,64500,0.0,0.0
2024-07-30 00:00:00-04:00,19.209999084472656,19.239999771118164,18.950000762939453,19.219999313354492,49700,0.0,0.0
2024-07-31 00:00:00-04:00,19.25,19.360000610351562,18.739999771118164,19.0,94200,0.0,0.0
2024-08-01 00:00:00-04:00,19.049999237060547,19.209999084472656,18.399999618530273,18.760000228881836,86600,0.0,0.0
2024-08-02 00:00:00-04:00,18.15999984741211,18.639999389648438,17.600000381469727,17.700000762939453,87100,0.0,0.0
2024-08-05 00:00:00-04:00,16.899999618530273,17.079999923706055,16.600000381469727,16.770000457763672,98700,0.0,0.0
2024-08-06 00:00:00-04:00,16.700000762939453,16.90999984741211,16.549999237060547,16.850000381469727,78200,0.0,0.0
2024-08-07 00:00:00-04:00,17.059999465942383,17.139999389648438,16.520000457763672,16.59000015258789,51800,0.0,0.0
2024-08-08 00:00:00-04:00,16.729999542236328,16.969999313354492,16.530000686645508,16.8799991607666,47900,0.0,0.0
2024-08-09 00:00:00-04:00,17.0,17.0,16.780000686645508,16.920000076293945,46100,0.0,0.0
2024-08-12 00:00:00-04:00,16.8799991607666,16.93000030517578,16.5,16.579999923706055,43800,0.0,0.0
2024-08-13 00:00:00-04:00,16.729999542236328,16.979999542236328,16.5,16.889999389648438,32700,0.0,0.0
2024-08-14 00:00:00-04:00,16.8799991607666,16.8799991607666,16.700000762939453,16.790000915527344,26800,0.0,0.0
2024-08-15 00:00:00-04:00,17.0,17.360000610351562,16.809999465942383,17.1200008392334,60800,0.0,0.0
2024-08-16 00:00:00-04:00,17.1299991607666,17.270000457763672,17.1299991607666,17.239999771118164,31000,0.0,0.0
2024-08-19 00:00:00-04:00,17.219999313354492,17.510000228881836,17.219999313354492,17.450000762939453,25000,0.0,0.0
2024-08-20 00:00:00-04:00,17.520000457763672,17.520000457763672,17.270000457763672,17.450000762939453,49700,0.0,0.0
2024-08-21 00:00:00-04:00,17.59000015258789,17.690000534057617,17.40999984741211,17.56999969482422,42000,0.0,0.0
2024-08-22 00:00:00-04:00,17.6200008392334,17.6200008392334,17.540000915527344,17.579999923706055,36000,0.0,0.0
2024-08-23 00:00:00-04:00,17.75,18.270000457763672,17.520000457763672,18.170000076293945,64900,0.0,0.0
2024-08-26 00:00:00-04:00,18.350000381469727,18.469999313354492,18.09000015258789,18.09000015258789,92400,0.0,0.0
2024-08-27 00:00:00-04:00,18.030000686645508,18.06999969482422,17.920000076293945,17.969999313354492,70000,0.0,0.0
2024-08-28 00:00:00-04:00,17.959999084472656,18.239999771118164,17.639999389648438,17.739999771118164,45300,0.0,0.0
2024-08-29 00:00:00-04:00,17.8700008392334,17.979999542236328,17.530000686645508,17.790000915527344,63800,0.0,0.0
2024-08-30 00:00:00-04:00,17.799999237060547,17.950000762939453,17.649999618530273,17.889999389648438,119100,0.0,0.0
2024-09-03 00:00:00-04:00,17.770000457763672,17.950000762939453,17.360000610351562,17.360000610351562,58600,0.0,0.0
2024-09-04 00:00:00-04:00,17.350000381469727,17.549999237060547,17.149999618530273,17.25,57900,0.0,0.0
2024-09-05 00:00:00-04:00,17.209999084472656,17.350000381469727,17.079999923706055,17.110000610351562,42900,0.0,0.0
2024-09-06 00:00:00-04:00,17.170000076293945,17.34000015258789,16.81999969482422,16.90999984741211,45300,0.0,0.0
2024-09-09 00:00:00-04:00,16.940000534057617,17.290000915527344,16.84000015258789,17.010000228881836,55100,0.0,0.0
2024-09-10 00:00:00-04:00,16.989999771118164,17.3799991607666,16.93000030517578,17.34000015258789,36600,0.0,0.0
2024-09-11 00:00:00-04:00,17.209999084472656,17.389999389648438,16.969999313354492,17.329999923706055,45400,0.0,0.0
2024-09-12 00:00:00-04:00,17.469999313354492,17.719999313354492,17.3799991607666,17.68000030517578,45800,0.0,0.0
2024-09-13 00:00:00-04:00,17.8799991607666,18.43000030517578,17.799999237060547,18.139999389648438,65400,0.0,0.0
2024-09-16 00:00:00-04:00,18.1200008392334,18.219999313354492,17.93000030517578,18.040000915527344,43000,0.0,0.0
2024-09-17 00:00:00-04:00,18.229999542236328,18.280000686645508,17.959999084472656,18.09000015258789,54900,0.0,0.0
2024-09-18 00:00:00-04:00,18.010000228881836,18.450000762939453,17.93000030517578,18.170000076293945,69800,0.0,0.0
2024-09-19 00:00:00-04:00,18.549999237060547,18.549999237060547,18.350000381469727,18.520000457763672,46900,0.0,0.0
2024-09-20 00:00:00-04:00,18.399999618530273,18.399999618530273,18.1299991607666,18.200000762939453,158700,0.0,0.0
2024-09-23 00:00:00-04:00,18.219999313354492,18.219999313354492,17.700000762939453,17.860000610351562,52200,0.0,0.0
2024-09-24 00:00:00-04:00,17.899999618530273,17.950000762939453,17.739999771118164,17.799999237060547,45300,0.0,0.0
2024-09-25 00:00:00-04:00,17.850000381469727,17.889999389648438,17.65999984741211,17.770000457763672,78100,0.0,0.0
2024-09-26 00:00:00-04:00,17.989999771118164,17.989999771118164,17.549999237060547,17.610000610351562,53100,0.0,0.0
2024-09-27 00:00:00-04:00,17.780000686645508,17.93000030517578,17.6200008392334,17.8799991607666,63200,0.0,0.0
2024-09-30 00:00:00-04:00,17.81999969482422,17.81999969482422,17.440000534057617,17.549999237060547,74900,0.0,0.0
2024-10-01 00:00:00-04:00,17.559999465942383,17.559999465942383,17.1299991607666,17.40999984741211,63500,0.0,0.0
2024-10-02 00:00:00-04:00,17.31999969482422,17.479999542236328,17.299999237060547,17.31999969482422,40700,0.0,0.0
2024-10-03 00:00:00-04:00,17.170000076293945,17.31999969482422,17.0,17.25,53700,0.0,0.0
2024-10-04 00:00:00-04:00,17.469999313354492,17.469999313354492,17.15999984741211,17.170000076293945,70700,0.0,0.0
2024-10-07 00:00:00-04:00,17.049999237060547,17.270000457763672,16.799999237060547,16.8700008392334,80100,0.0,0.0
2024-10-08 00:00:00-04:00,16.969999313354492,16.969999313354492,16.6299991607666,16.690000534057617,103200,0.0,0.0
2024-10-09 00:00:00-04:00,16.639999389648438,16.739999771118164,16.510000228881836,16.549999237060547,82100,0.0,0.0
2024-10-10 00:00:00-04:00,16.420000076293945,16.510000228881836,16.34000015258789,16.479999542236328,129500,0.0,0.0
2024-10-11 00:00:00-04:00,16.540000915527344,16.790000915527344,16.540000915527344,16.700000762939453,113100,0.0,0.0
2024-10-14 00:00:00-04:00,16.649999618530273,16.649999618530273,16.420000076293945,16.479999542236328,64600,0.0,0.0
2024-10-15 00:00:00-04:00,16.530000686645508,16.760000228881836,16.440000534057617,16.579999923706055,108100,0.0,0.0
2024-10-16 00:00:00-04:00,16.739999771118164,16.920000076293945,16.610000610351562,16.829999923706055,89000,0.0,0.0
2024-10-17 00:00:00-04:00,16.889999389648438,16.889999389648438,16.579999923706055,16.700000762939453,79800,0.0,0.0
2024-10-18 00:00:00-04:00,16.700000762939453,16.719999313354492,16.540000915527344,16.649999618530273,80100,0.0,0.0
2024-10-21 00:00:00-04:00,16.65999984741211,16.799999237060547,16.299999237060547,16.34000015258789,77400,0.0,0.0
2024-10-22 00:00:00-04:00,16.360000610351562,16.3799991607666,16.260000228881836,16.3700008392334,48100,0.0,0.0
2024-10-23 00:00:00-04:00,16.329999923706055,16.420000076293945,16.149999618530273,16.309999465942383,63400,0.0,0.0
2024-10-24 00:00:00-04:00,16.3799991607666,16.3799991607666,16.079999923706055,16.079999923706055,83100,0.0,0.0
2024-10-25 00:00:00-04:00,16.100000381469727,16.149999618530273,15.930000305175781,15.9399995803833,75100,0.0,0.0
2024-10-28 00:00:00-04:00,16.1200008392334,16.239999771118164,16.100000381469727,16.190000534057617,100700,0.0,0.0
2024-10-29 00:00:00-04:00,16.020000457763672,16.190000534057617,15.989999771118164,16.040000915527344,77100,0.0,0.0
2024-10-30 00:00:00-04:00,16.049999237060547,16.309999465942383,16.049999237060547,16.139999389648438,61100,0.0,0.0
2024-10-31 00:00:00-04:00,16.18000030517578,16.18000030517578,15.850000381469727,15.90999984741211,82500,0.0,0.0
2024-11-01 00:00:00-04:00,15.979999542236328,16.030000686645508,15.710000038146973,15.84000015258789,109700,0.0,0.0
2024-11-04 00:00:00-05:00,15.869999885559082,15.979999542236328,15.710000038146973,15.829999923706055,77400,0.0,0.0
2024-11-05 00:00:00-05:00,15.729999542236328,16.219999313354492,15.670000076293945,16.100000381469727,128300,0.0,0.0
2024-11-06 00:00:00-05:00,16.93000030517578,17.5,16.93000030517578,17.5,180700,0.0,0.0
2024-11-07 00:00:00-05:00,17.530000686645508,17.530000686645508,16.40999984741211,16.510000228881836,111400,0.0,0.0
2024-11-08 00:00:00-05:00,16.549999237060547,16.93000030517578,16.420000076293945,16.829999923706055,82600,0.0,0.0
2024-11-11 00:00:00-05:00,17.0,17.459999084472656,16.90999984741211,17.309999465942383,112500,0.0,0.0
2024-11-12 00:00:00-05:00,17.25,17.3700008392334,16.6200008392334,16.65999984741211,100000,0.0,0.0
2024-11-13 00:00:00-05:00,16.8799991607666,16.8799991607666,16.1299991607666,16.139999389648438,74400,0.0,0.0
2024-11-14 00:00:00-05:00,16.079999923706055,16.25,15.960000038146973,16.0,63400,0.0,0.0
2024-11-15 00:00:00-05:00,16.170000076293945,16.170000076293945,15.920000076293945,16.040000915527344,68800,0.0,0.0
2024-11-18 00:00:00-05:00,16.030000686645508,16.06999969482422,15.9399995803833,15.9399995803833,66500,0.0,0.0
2024-11-19 00:00:00-05:00,15.850000381469727,15.880000114440918,15.649999618530273,15.819999694824219,74700,0.0,0.0
2024-11-20 00:00:00-05:00,15.819999694824219,15.829999923706055,15.550000190734863,15.65999984741211,93200,0.0,0.0
2024-11-21 00:00:00-05:00,15.75,15.75,15.529999732971191,15.630000114440918,107000,0.0,0.0
2024-11-22 00:00:00-05:00,15.670000076293945,15.850000381469727,15.5600004196167,15.819999694824219,77600,0.0,0.0
2024-11-25 00:00:00-05:00,15.930000305175781,16.770000457763672,15.899999618530273,16.579999923706055,241300,0.0,0.0
2024-11-26 00:00:00-05:00,16.610000610351562,16.610000610351562,15.869999885559082,15.930000305175781,98900,0.0,0.0
2024-11-27 00:00:00-05:00,16.06999969482422,16.25,16.010000228881836,16.100000381469727,59200,0.0,0.0
2024-11-29 00:00:00-05:00,16.25,16.260000228881836,16.1200008392334,16.1200008392334,32800,0.0,0.0
2024-12-02 00:00:00-05:00,16.100000381469727,16.219999313354492,16.010000228881836,16.149999618530273,72400,0.0,0.0
2024-12-03 00:00:00-05:00,16.100000381469727,16.1299991607666,15.829999923706055,16.0,48700,0.0,0.0
2024-12-04 00:00:00-05:00,15.970000267028809,16.020000457763672,15.789999961853027,16.0,97100,0.0,0.0
2024-12-05 00:00:00-05:00,15.920000076293945,15.930000305175781,15.710000038146973,15.789999961853027,97400,0.0,0.0
2024-12-06 00:00:00-05:00,15.859999656677246,15.9399995803833,15.670000076293945,15.9399995803833,84200,0.0,0.0
2024-12-09 00:00:00-05:00,16.1299991607666,16.18000030517578,15.979999542236328,16.079999923706055,73000,0.0,0.0
2024-12-10 00:00:00-05:00,16.100000381469727,16.100000381469727,15.770000457763672,15.859999656677246,91600,0.0,0.0
2024-12-11 00:00:00-05:00,15.979999542236328,15.979999542236328,15.65999984741211,15.710000038146973,85500,0.0,0.0
2024-12-12 00:00:00-05:00,15.710000038146973,15.720000267028809,15.430000305175781,15.460000038146973,105400,0.0,0.0
2024-12-13 00:00:00-05:00,15.399999618530273,15.40999984741211,15.149999618530273,15.3100004196167,85100,0.0,0.0
2024-12-16 00:00:00-05:00,15.300000190734863,15.399999618530273,15.100000381469727,15.15999984741211,106100,0.0,0.0
2024-12-17 00:00:00-05:00,15.079999923706055,15.199999809265137,15.039999961853027,15.119999885559082,124800,0.0,0.0
2024-12-18 00:00:00-05:00,15.210000038146973,15.210000038146973,14.710000038146973,14.819999694824219,222500,0.0,0.0
2024-12-19 00:00:00-05:00,14.949999809265137,15.489999771118164,14.949999809265137,15.319999694824219,164000,0.0,0.0
2024-12-20 00:00:00-05:00,15.170000076293945,15.670000076293945,15.140000343322754,15.329999923706055,329000,0.0,0.0
2024-12-23 00:00:00-05:00,15.350000381469727,15.609999656677246,15.300000190734863,15.489999771118164,155600,0.0,0.0
2024-12-24 00:00:00-05:00,15.460000038146973,15.510000228881836,15.329999923706055,15.329999923706055,35900,0.0,0.0
2024-12-26 00:00:00-05:00,15.3100004196167,15.600000381469727,15.220000267028809,15.550000190734863,53500,0.0,0.0
2024-12-27 00:00:00-05:00,15.34000015258789,15.680000305175781,15.34000015258789,15.680000305175781,105500,0.0,0.0
2024-12-30 00:00:00-05:00,15.59000015258789,15.90999984741211,15.5,15.819999694824219,59200,0.0,0.0
2024-12-31 00:00:00-05:00,15.949999809265137,16.079999923706055,15.720000267028809,15.899999618530273,67800,0.0,0.0
2025-01-02 00:00:00-05:00,15.9399995803833,15.979999542236328,15.75,15.8100004196167,69000,0.0,0.0
2025-01-03 00:00:00-05:00,15.899999618530273,16.299999237060547,15.869999885559082,16.299999237060547,74600,0.0,0.0
2025-01-06 00:00:00-05:00,16.399999618530273,16.450000762939453,15.949999809265137,15.960000038146973,74100,0.0,0.0
2025-01-07 00:00:00-05:00,15.960000038146973,16.09000015258789,15.770000457763672,15.890000343322754,93600,0.0,0.0
2025-01-08 00:00:00-05:00,15.859999656677246,15.949999809265137,15.609999656677246,15.8100004196167,87100,0.0,0.0
2025-01-10 00:00:00-05:00,15.609999656677246,15.75,15.119999885559082,15.229999542236328,144000,0.0,0.0
2025-01-13 00:00:00-05:00,15.0600004196167,15.34000015258789,15.0,15.15999984741211,84000,0.0,0.0
2025-01-14 00:00:00-05:00,15.239999771118164,15.489999771118164,15.149999618530273,15.479999542236328,92600,0.0,0.0
2025-01-15 00:00:00-05:00,15.829999923706055,15.979999542236328,15.65999984741211,15.970000267028809,65000,0.0,0.0
2025-01-16 00:00:00-05:00,16.0,16.219999313354492,15.989999771118164,16.200000762939453,69300,0.0,0.0
2025-01-17 00:00:00-05:00,16.270000457763672,16.3700008392334,16.040000915527344,16.100000381469727,63500,0.0,0.0
2025-01-21 00:00:00-05:00,16.149999618530273,16.43000030517578,16.149999618530273,16.260000228881836,92200,0.0,0.0
2025-01-22 00:00:00-05:00,16.1299991607666,16.139999389648438,15.680000305175781,15.6899995803833,62600,0.0,0.0
2025-01-23 00:00:00-05:00,15.550000190734863,15.710000038146973,15.520000457763672,15.640000343322754,69800,0.0,0.0
2025-01-24 00:00:00-05:00,15.609999656677246,15.710000038146973,15.479999542236328,15.65999984741211,64600,0.0,0.0
2025-01-27 00:00:00-05:00,15.65999984741211,16.200000762939453,15.65999984741211,16.059999465942383,99800,0.0,0.0
2025-01-28 00:00:00-05:00,15.979999542236328,16.18000030517578,15.869999885559082,16.1299991607666,58500,0.0,0.0
2025-01-29 00:00:00-05:00,16.09000015258789,16.200000762939453,15.800000190734863,16.06999969482422,61900,0.0,0.0
2025-01-30 00:00:00-05:00,16.209999084472656,16.350000381469727,16.139999389648438,16.200000762939453,77100,0.0,0.0
2025-01-31 00:00:00-05:00,16.15999984741211,16.290000915527344,16.049999237060547,16.219999313354492,101300,0.0,0.0
2025-02-03 00:00:00-05:00,15.960000038146973,16.31999969482422,15.869999885559082,16.059999465942383,61400,0.0,0.0
2025-02-04 00:00:00-05:00,15.9399995803833,16.420000076293945,15.9399995803833,16.389999389648438,61300,0.0,0.0
2025-02-05 00:00:00-05:00,16.510000228881836,16.59000015258789,16.34000015258789,16.420000076293945,55200,0.0,0.0
2025-02-06 00:00:00-05:00,16.459999084472656,16.59000015258789,16.350000381469727,16.450000762939453,47600,0.0,0.0
2025-02-07 00:00:00-05:00,16.399999618530273,16.43000030517578,16.15999984741211,16.290000915527344,50800,0.0,0.0
2025-02-10 00:00:00-05:00,16.309999465942383,16.540000915527344,16.25,16.3700008392334,70300,0.0,0.0
2025-02-11 00:00:00-05:00,16.18000030517578,16.3799991607666,15.84000015258789,15.850000381469727,116900,0.0,0.0
2025-02-12 00:00:00-05:00,15.609999656677246,15.75,15.100000381469727,15.489999771118164,111900,0.0,0.0
2025-02-13 00:00:00-05:00,15.510000228881836,15.829999923706055,15.449999809265137,15.819999694824219,60500,0.0,0.0
2025-02-14 00:00:00-05:00,15.859999656677246,16.200000762939453,15.84000015258789,16.040000915527344,63400,0.0,0.0
2025-02-18 00:00:00-05:00,15.970000267028809,16.200000762939453,15.609999656677246,15.9399995803833,65100,0.0,0.0
2025-02-19 00:00:00-05:00,15.779999732971191,15.890000343322754,15.710000038146973,15.800000190734863,51100,0.0,0.0
2025-02-20 00:00:00-05:00,15.800000190734863,16.079999923706055,15.699999809265137,16.0,55200,0.0,0.0
2025-02-21 00:00:00-05:00,16.15999984741211,16.15999984741211,15.930000305175781,15.949999809265137,104900,0.0,0.0
2025-02-24 00:00:00-05:00,15.989999771118164,16.010000228881836,15.489999771118164,15.520000457763672,116100,0.0,0.0
2025-02-25 00:00:00-05:00,15.600000381469727,15.739999771118164,15.369999885559082,15.550000190734863,105100,0.0,0.0
2025-02-26 00:00:00-05:00,15.510000228881836,15.630000114440918,15.34000015258789,15.520000457763672,59000,0.0,0.0
2025-02-27 00:00:00-05:00,15.430000305175781,15.550000190734863,15.359999656677246,15.399999618530273,64100,0.0,0.0
2025-02-28 00:00:00-05:00,15.279999732971191,15.550000190734863,15.260000228881836,15.359999656677246,599800,0.0,0.0
2025-03-03 00:00:00-05:00,15.329999923706055,15.489999771118164,15.170000076293945,15.180000305175781,160500,0.0,0.0
2025-03-04 00:00:00-05:00,15.0600004196167,15.229999542236328,14.899999618530273,15.020000457763672,136000,0.0,0.0
2025-03-05 00:00:00-05:00,15.0,15.380000114440918,14.899999618530273,15.329999923706055,131200,0.0,0.0
2025-03-06 00:00:00-05:00,15.329999923706055,16.059999465942383,15.300000190734863,16.030000686645508,109200,0.0,0.0
2025-03-07 00:00:00-05:00,16.1299991607666,16.450000762939453,15.880000114440918,16.260000228881836,99700,0.0,0.0
2025-03-10 00:00:00-04:00,16.170000076293945,16.43000030517578,15.75,15.859999656677246,156400,0.0,0.0
2025-03-11 00:00:00-04:00,16.0,16.049999237060547,15.729999542236328,15.819999694824219,167600,0.0,0.0
2025-03-12 00:00:00-04:00,15.84000015258789,16.34000015258789,15.789999961853027,16.219999313354492,206800,0.0,0.0
2025-03-13 00:00:00-04:00,16.200000762939453,16.290000915527344,15.949999809265137,16.0,145100,0.0,0.0
2025-03-14 00:00:00-04:00,16.06999969482422,16.270000457763672,16.010000228881836,16.100000381469727,175400,0.0,0.0
2025-03-17 00:00:00-04:00,16.010000228881836,16.209999084472656,15.670000076293945,16.18000030517578,244700,0.0,0.0
2025-03-18 00:00:00-04:00,16.18000030517578,16.440000534057617,16.059999465942383,16.079999923706055,132700,0.0,0.0
2025-03-19 00:00:00-04:00,16.139999389648438,16.299999237060547,15.989999771118164,16.200000762939453,135900,0.0,0.0
2025-03-20 00:00:00-04:00,16.1200008392334,16.170000076293945,15.90999984741211,16.06999969482422,72100,0.0,0.0
2025-03-21 00:00:00-04:00,15.930000305175781,16.040000915527344,15.619999885559082,15.670000076293945,203300,0.0,0.0
2025-03-24 00:00:00-04:00,15.869999885559082,15.9399995803833,15.699999809265137,15.84000015258789,79100,0.0,0.0
2025-03-25 00:00:00-04:00,15.770000457763672,15.890000343322754,15.699999809265137,15.84000015258789,131200,0.0,0.0
2025-03-26 00:00:00-04:00,15.899999618530273,16.059999465942383,15.84000015258789,15.869999885559082,86900,0.0,0.0
2025-03-27 00:00:00-04:00,15.920000076293945,16.709999084472656,15.920000076293945,16.469999313354492,133500,0.0,0.0
2025-03-28 00:00:00-04:00,16.530000686645508,16.540000915527344,16.059999465942383,16.079999923706055,82900,0.0,0.0
2025-03-31 00:00:00-04:00,15.970000267028809,16.100000381469727,15.779999732971191,15.850000381469727,118700,0.0,0.0
2025-04-01 00:00:00-04:00,15.899999618530273,16.059999465942383,15.65999984741211,15.920000076293945,132000,0.0,0.0
2025-04-02 00:00:00-04:00,15.779999732971191,16.049999237060547,15.779999732971191,15.930000305175781,98000,0.0,0.0
2025-04-03 00:00:00-04:00,15.460000038146973,15.819999694824219,15.460000038146973,15.760000228881836,109800,0.0,0.0
2025-04-04 00:00:00-04:00,15.399999618530273,15.920000076293945,15.270000457763672,15.65999984741211,112900,0.0,0.0
2025-04-07 00:00:00-04:00,15.1899995803833,15.930000305175781,15.100000381469727,15.15999984741211,161400,0.0,0.0
2025-04-08 00:00:00-04:00,15.449999809265137,15.630000114440918,15.149999618530273,15.430000305175781,226200,0.0,0.0
2025-04-09 00:00:00-04:00,15.300000190734863,16.1200008392334,15.039999961853027,15.699999809265137,171600,0.0,0.0
2025-04-10 00:00:00-04:00,15.5,15.850000381469727,15.420000076293945,15.75,159800,0.0,0.0
2025-04-11 00:00:00-04:00,15.829999923706055,16.020000457763672,15.319999694824219,15.930000305175781,139800,0.0,0.0
2025-04-14 00:00:00-04:00,16.030000686645508,16.34000015258789,15.930000305175781,16.239999771118164,123400,0.0,0.0
2025-04-15 00:00:00-04:00,16.239999771118164,16.459999084472656,16.09000015258789,16.43000030517578,102400,0.0,0.0
2025-04-16 00:00:00-04:00,16.469999313354492,16.540000915527344,16.25,16.389999389648438,154000,0.0,0.0
2025-04-17 00:00:00-04:00,16.350000381469727,16.59000015258789,16.350000381469727,16.559999465942383,147700,0.0,0.0
2025-04-21 00:00:00-04:00,16.440000534057617,16.65999984741211,16.40999984741211,16.530000686645508,186500,0.0,0.0
2025-04-22 00:00:00-04:00,16.75,17.40999984741211,16.6200008392334,17.209999084472656,256200,0.0,0.0
2025-04-23 00:00:00-04:00,17.479999542236328,17.489999771118164,17.100000381469727,17.299999237060547,157100,0.0,0.0
2025-04-24 00:00:00-04:00,17.290000915527344,17.59000015258789,17.110000610351562,17.170000076293945,110800,0.0,0.0
2025-04-25 00:00:00-04:00,17.049999237060547,17.200000762939453,16.899999618530273,17.139999389648438,114500,0.0,0.0
2025-04-28 00:00:00-04:00,17.100000381469727,17.229999542236328,17.030000686645508,17.079999923706055,114600,0.0,0.0
2025-04-29 00:00:00-04:00,17.020000457763672,17.25,17.0,17.219999313354492,97900,0.0,0.0
2025-04-30 00:00:00-04:00,17.110000610351562,17.209999084472656,16.65999984741211,16.93000030517578,148400,0.0,0.0
2025-05-01 00:00:00-04:00,16.899999618530273,17.049999237060547,16.389999389648438,17.010000228881836,148500,0.0,0.0
2025-05-02 00:00:00-04:00,17.15999984741211,17.399999618530273,16.84000015258789,17.25,88000,0.0,0.0
2025-05-05 00:00:00-04:00,17.209999084472656,17.34000015258789,16.729999542236328,17.020000457763672,133200,0.0,0.0
2025-05-06 00:00:00-04:00,16.8799991607666,17.190000534057617,16.799999237060547,17.0,107300,0.0,0.0
2025-05-07 00:00:00-04:00,17.110000610351562,17.34000015258789,16.860000610351562,17.239999771118164,107700,0.0,0.0
2025-05-08 00:00:00-04:00,17.239999771118164,17.3799991607666,17.020000457763672,17.15999984741211,132700,0.0,0.0
2025-05-09 00:00:00-04:00,15.899999618530273,16.6299991607666,15.800000190734863,16.479999542236328,168100,0.0,0.0
2025-05-12 00:00:00-04:00,16.75,16.75,16.139999389648438,16.219999313354492,175300,0.0,0.0
2025-05-13 00:00:00-04:00,16.329999923706055,16.479999542236328,16.219999313354492,16.309999465942383,120700,0.0,0.0
2025-05-14 00:00:00-04:00,16.280000686645508,16.559999465942383,16.200000762939453,16.34000015258789,131100,0.0,0.0
2025-05-15 00:00:00-04:00,16.3799991607666,16.809999465942383,16.34000015258789,16.770000457763672,116000,0.0,0.0
2025-05-16 00:00:00-04:00,16.780000686645508,16.8799991607666,16.59000015258789,16.600000381469727,132500,0.0,0.0
2025-05-19 00:00:00-04:00,16.450000762939453,16.559999465942383,16.270000457763672,16.329999923706055,102500,0.0,0.0
2025-05-20 00:00:00-04:00,16.290000915527344,16.579999923706055,16.290000915527344,16.5,103300,0.0,0.0
2025-05-21 00:00:00-04:00,16.299999237060547,16.559999465942383,16.239999771118164,16.34000015258789,109900,0.0,0.0
2025-05-22 00:00:00-04:00,16.25,16.479999542236328,16.09000015258789,16.360000610351562,152700,0.0,0.0
2025-05-23 00:00:00-04:00,16.200000762939453,16.420000076293945,16.15999984741211,16.309999465942383,104400,0.0,0.0
2025-05-27 00:00:00-04:00,16.399999618530273,16.790000915527344,16.31999969482422,16.760000228881836,103600,0.0,0.0
2025-05-28 00:00:00-04:00,16.799999237060547,16.8799991607666,16.610000610351562,16.760000228881836,82200,0.0,0.0
2025-05-29 00:00:00-04:00,16.829999923706055,16.940000534057617,16.729999542236328,16.760000228881836,97900,0.0,0.0
2025-05-30 00:00:00-04:00,16.709999084472656,16.809999465942383,16.65999984741211,16.690000534057617,93500,0.0,0.0
2025-06-02 00:00:00-04:00,16.690000534057617,16.81999969482422,15.75,15.800000190734863,240200,0.0,0.0
2025-06-03 00:00:00-04:00,15.739999771118164,16.059999465942383,15.640000343322754,15.829999923706055,149400,0.0,0.0
2025-06-04 00:00:00-04:00,15.90999984741211,16.010000228881836,15.65999984741211,15.960000038146973,91600,0.0,0.0
2025-06-05 00:00:00-04:00,16.040000915527344,16.260000228881836,15.850000381469727,16.049999237060547,107600,0.0,0.0
2025-06-06 00:00:00-04:00,16.200000762939453,16.469999313354492,16.049999237060547,16.100000381469727,92500,0.0,0.0
2025-06-09 00:00:00-04:00,16.219999313354492,16.489999771118164,16.200000762939453,16.350000381469727,104300,0.0,0.0
2025-06-10 00:00:00-04:00,16.440000534057617,16.520000457763672,16.399999618530273,16.40999984741211,64200,0.0,0.0
2025-06-11 00:00:00-04:00,16.459999084472656,16.520000457763672,16.3799991607666,16.469999313354492,71200,0.0,0.0
2025-06-12 00:00:00-04:00,16.360000610351562,16.549999237060547,16.239999771118164,16.489999771118164,108700,0.0,0.0
2025-06-13 00:00:00-04:00,16.329999923706055,16.489999771118164,16.059999465942383,16.059999465942383,86100,0.0,0.0
2025-06-16 00:00:00-04:00,16.190000534057617,16.389999389648438,16.09000015258789,16.34000015258789,64000,0.0,0.0
2025-06-17 00:00:00-04:00,16.260000228881836,16.549999237060547,16.260000228881836,16.399999618530273,86600,0.0,0.0
2025-06-18 00:00:00-04:00,16.389999389648438,16.579999923706055,16.389999389648438,16.469999313354492,72100,0.0,0.0
2025-06-20 00:00:00-04:00,16.600000381469727,16.729999542236328,16.469999313354492,16.559999465942383,115300,0.0,0.0
2025-06-23 00:00:00-04:00,16.549999237060547,16.809999465942383,16.489999771118164,16.799999237060547,122700,0.0,0.0
2025-06-24 00:00:00-04:00,16.920000076293945,16.989999771118164,16.709999084472656,16.760000228881836,81500,0.0,0.0
2025-06-25 00:00:00-04:00,16.760000228881836,16.81999969482422,16.549999237060547,16.579999923706055,90900,0.0,0.0
2025-06-26 00:00:00-04:00,16.68000030517578,17.030000686645508,16.65999984741211,17.010000228881836,135200,0.0,0.0
2025-06-27 00:00:00-04:00,17.110000610351562,17.18000030517578,16.920000076293945,17.100000381469727,220800,0.0,0.0
2025-06-30 00:00:00-04:00,17.1299991607666,17.18000030517578,16.809999465942383,16.959999084472656,94800,0.0,0.0
2025-07-01 00:00:00-04:00,16.899999618530273,17.530000686645508,16.899999618530273,17.3799991607666,111700,0.0,0.0
2025-07-02 00:00:00-04:00,17.309999465942383,17.809999465942383,17.309999465942383,17.709999084472656,118800,0.0,0.0
2025-07-03 00:00:00-04:00,17.729999542236328,18.06999969482422,17.6299991607666,18.059999465942383,77500,0.0,0.0
2025-07-07 00:00:00-04:00,17.969999313354492,17.979999542236328,17.469999313354492,17.700000762939453,109800,0.0,0.0
2025-07-08 00:00:00-04:00,17.719999313354492,18.020000457763672,17.59000015258789,17.81999969482422,97800,0.0,0.0
2025-07-09 00:00:00-04:00,17.959999084472656,17.959999084472656,17.729999542236328,17.920000076293945,63100,0.0,0.0
2025-07-10 00:00:00-04:00,17.850000381469727,18.469999313354492,17.850000381469727,18.3700008392334,90800,0.0,0.0
2025-07-11 00:00:00-04:00,18.270000457763672,18.670000076293945,18.260000228881836,18.489999771118164,79200,0.0,0.0
2025-07-14 00:00:00-04:00,18.420000076293945,19.0,18.34000015258789,18.5,82300,0.0,0.0
2025-07-15 00:00:00-04:00,18.489999771118164,18.579999923706055,18.15999984741211,18.219999313354492,125700,0.0,0.0
2025-07-16 00:00:00-04:00,18.190000534057617,18.360000610351562,18.06999969482422,18.139999389648438,73800,0.0,0.0
2025-07-17 00:00:00-04:00,18.09000015258789,18.420000076293945,18.09000015258789,18.219999313354492,87700,0.0,0.0
2025-07-18 00:00:00-04:00,18.3799991607666,18.450000762939453,18.059999465942383,18.100000381469727,77600,0.0,0.0
2025-07-21 00:00:00-04:00,18.18000030517578,18.520000457763672,18.18000030517578,18.40999984741211,73400,0.0,0.0
2025-07-22 00:00:00-04:00,18.549999237060547,19.010000228881836,18.40999984741211,18.899999618530273,118300,0.0,0.0
2025-07-23 00:00:00-04:00,18.969999313354492,19.270000457763672,18.93000030517578,19.270000457763672,100000,0.0,0.0
2025-07-24 00:00:00-04:00,19.09000015258789,19.389999389648438,19.079999923706055,19.1299991607666,115500,0.0,0.0
2025-07-25 00:00:00-04:00,19.1299991607666,19.3700008392334,18.989999771118164,18.989999771118164,118400,0.0,0.0
2025-07-28 00:00:00-04:00,18.989999771118164,19.030000686645508,18.579999923706055,18.610000610351562,139600,0.0,0.0
2025-07-29 00:00:00-04:00,18.770000457763672,18.860000610351562,18.639999389648438,18.65999984741211,120300,0.0,0.0
2025-07-30 00:00:00-04:00,18.610000610351562,18.700000762939453,18.049999237060547,18.06999969482422,129100,0.0,0.0
2025-07-31 00:00:00-04:00,17.889999389648438,18.15999984741211,17.8700008392334,17.959999084472656,116900,0.0,0.0
2025-08-01 00:00:00-04:00,17.8700008392334,18.06999969482422,17.719999313354492,17.8799991607666,165600,0.0,0.0
2025-08-04 00:00:00-04:00,17.8700008392334,18.239999771118164,17.8700008392334,18.239999771118164,104500,0.0,0.0
2025-08-05 00:00:00-04:00,18.25,18.479999542236328,18.149999618530273,18.360000610351562,115000,0.0,0.0
2025-08-06 00:00:00-04:00,18.030000686645508,18.56999969482422,17.610000610351562,18.40999984741211,119800,0.0,0.0
2025-08-07 00:00:00-04:00,18.329999923706055,18.360000610351562,17.010000228881836,17.010000228881836,201700,0.0,0.0
2025-08-08 00:00:00-04:00,17.100000381469727,17.329999923706055,16.709999084472656,17.030000686645508,138500,0.0,0.0
2025-08-11 00:00:00-04:00,17.170000076293945,17.600000381469727,17.170000076293945,17.520000457763672,77100,0.0,0.0
2025-08-12 00:00:00-04:00,17.68000030517578,17.84000015258789,17.579999923706055,17.610000610351562,90300,0.0,0.0
2025-08-13 00:00:00-04:00,17.75,17.75,17.34000015258789,17.469999313354492,114800,0.0,0.0
2025-08-14 00:00:00-04:00,17.31999969482422,17.639999389648438,17.31999969482422,17.459999084472656,109400,0.0,0.0
2025-08-15 00:00:00-04:00,17.530000686645508,17.600000381469727,17.260000228881836,17.440000534057617,115300,0.0,0.0
2025-08-18 00:00:00-04:00,17.459999084472656,17.59000015258789,17.100000381469727,17.100000381469727,119800,0.0,0.0
2025-08-19 00:00:00-04:00,17.09000015258789,17.350000381469727,16.90999984741211,17.329999923706055,164200,0.0,0.0
2025-08-20 00:00:00-04:00,17.40999984741211,17.40999984741211,17.049999237060547,17.049999237060547,110200,0.0,0.0
2025-08-21 00:00:00-04:00,16.959999084472656,17.309999465942383,16.959999084472656,17.309999465942383,119100,0.0,0.0
2025-08-22 00:00:00-04:00,17.469999313354492,17.760000228881836,17.329999923706055,17.489999771118164,134900,0.0,0.0
2025-08-25 00:00:00-04:00,17.559999465942383,17.559999465942383,17.239999771118164,17.260000228881836,86200,0.0,0.0
2025-08-26 00:00:00-04:00,17.25,17.479999542236328,17.170000076293945,17.399999618530273,112500,0.0,0.0
2025-08-27 00:00:00-04:00,17.360000610351562,17.479999542236328,17.350000381469727,17.3799991607666,63200,0.0,0.0
2025-08-28 00:00:00-04:00,17.510000228881836,17.56999969482422,17.399999618530273,17.479999542236328,73300,0.0,0.0
2025-08-29 00:00:00-04:00,17.469999313354492,17.549999237060547,17.360000610351562,17.40999984741211,90000,0.0,0.0
2025-09-02 00:00:00-04:00,17.290000915527344,17.40999984741211,17.200000762939453,17.200000762939453,84800,0.0,0.0
2025-09-03 00:00:00-04:00,17.139999389648438,17.219999313354492,16.889999389648438,16.889999389648438,112400,0.0,0.0
2025-09-04 00:00:00-04:00,16.90999984741211,17.0,16.809999465942383,16.940000534057617,115100,0.0,0.0
2025-09-05 00:00:00-04:00,17.079999923706055,17.229999542236328,16.420000076293945,16.600000381469727,144900,0.0,0.0
2025-09-08 00:00:00-04:00,16.530000686645508,17.010000228881836,16.450000762939453,16.950000762939453,155000,0.0,0.0
2025-09-09 00:00:00-04:00,16.90999984741211,16.90999984741211,16.5,16.6299991607666,96700,0.0,0.0
2025-09-10 00:00:00-04:00,16.549999237060547,16.799999237060547,16.489999771118164,16.770000457763672,75600,0.0,0.0
2025-09-11 00:00:00-04:00,16.760000228881836,16.969999313354492,16.600000381469727,16.850000381469727,107000,0.0,0.0
2025-09-12 00:00:00-04:00,16.860000610351562,16.950000762939453,16.65999984741211,16.670000076293945,101600,0.0,0.0
2025-09-15 00:00:00-04:00,16.700000762939453,16.700000762939453,16.549999237060547,16.610000610351562,85000,0.0,0.0
2025-09-16 00:00:00-04:00,16.530000686645508,16.559999465942383,16.350000381469727,16.450000762939453,97800,0.0,0.0
2025-09-17 00:00:00-04:00,16.559999465942383,16.760000228881836,16.270000457763672,16.329999923706055,224100,0.0,0.0
2025-09-18 00:00:00-04:00,16.31999969482422,16.43000030517578,16.200000762939453,16.3799991607666,125800,0.0,0.0
2025-09-19 00:00:00-04:00,16.389999389648438,16.469999313354492,16.209999084472656,16.260000228881836,178800,0.0,0.0
2025-09-22 00:00:00-04:00,16.200000762939453,16.299999237060547,15.770000457763672,15.970000267028809,164500,0.0,0.0
2025-09-23 00:00:00-04:00,15.930000305175781,16.299999237060547,15.930000305175781,16.059999465942383,91100,0.0,0.0
2025-09-24 00:00:00-04:00,15.970000267028809,16.149999618530273,15.970000267028809,16.010000228881836,97800,0.0,0.0
2025-09-25 00:00:00-04:00,15.970000267028809,16.06999969482422,15.829999923706055,15.979999542236328,95300,0.0,0.0
2025-09-26 00:00:00-04:00,15.960000038146973,16.1299991607666,15.960000038146973,16.09000015258789,81800,0.0,0.0
2025-09-29 00:00:00-04:00,16.110000610351562,16.149999618530273,15.979999542236328,16.030000686645508,81100,0.0,0.0
2025-09-30 00:00:00-04:00,15.979999542236328,16.139999389648438,15.6899995803833,15.979999542236328,99400,0.0,0.0
2025-10-01 00:00:00-04:00,15.869999885559082,15.9399995803833,15.710000038146973,15.90999984741211,74200,0.0,0.0
2025-10-02 00:00:00-04:00,15.869999885559082,15.890000343322754,15.649999618530273,15.779999732971191,106300,0.0,0.0
2025-10-03 00:00:00-04:00,15.850000381469727,16.420000076293945,15.800000190734863,16.190000534057617,132500,0.0,0.0
2025-10-06 00:00:00-04:00,16.280000686645508,16.280000686645508,15.739999771118164,15.819999694824219,89400,0.0,0.0
2025-10-07 00:00:00-04:00,15.890000343322754,15.890000343322754,15.460000038146973,15.529999732971191,151600,0.0,0.0
2025-10-08 00:00:00-04:00,15.5600004196167,15.84000015258789,15.460000038146973,15.770000457763672,109600,0.0,0.0
2025-10-09 00:00:00-04:00,15.829999923706055,15.880000114440918,15.510000228881836,15.619999885559082,71900,0.0,0.0
2025-10-10 00:00:00-04:00,15.770000457763672,15.890000343322754,15.489999771118164,15.539999961853027,102400,0.0,0.0
2025-10-13 00:00:00-04:00,15.600000381469727,15.75,15.430000305175781,15.609999656677246,102200,0.0,0.0
2025-10-14 00:00:00-04:00,15.470000267028809,15.84000015258789,15.470000267028809,15.760000228881836,101000,0.0,0.0
2025-10-15 00:00:00-04:00,15.760000228881836,16.030000686645508,15.760000228881836,15.899999618530273,99000,0.0,0.0
2025-10-16 00:00:00-04:00,15.880000114440918,15.960000038146973,15.600000381469727,15.6899995803833,113800,0.0,0.0
2025-10-17 00:00:00-04:00,15.640000343322754,15.770000457763672,15.529999732971191,15.539999961853027,89700,0.0,0.0
2025-10-20 00:00:00-04:00,15.630000114440918,15.880000114440918,15.550000190734863,15.789999961853027,89400,0.0,0.0
2025-10-21 00:00:00-04:00,15.739999771118164,15.869999885559082,15.579999923706055,15.800000190734863,67400,0.0,0.0
2025-10-22 00:00:00-04:00,15.800000190734863,16.15999984741211,15.800000190734863,15.920000076293945,92200,0.0,0.0
2025-10-23 00:00:00-04:00,16.010000228881836,16.239999771118164,15.899999618530273,16.1200008392334,64500,0.0,0.0
2025-10-24 00:00:00-04:00,16.1200008392334,16.3700008392334,16.1200008392334,16.15999984741211,58500,0.0,0.0
2025-10-27 00:00:00-04:00,16.209999084472656,16.309999465942383,16.030000686645508,16.059999465942383,68900,0.0,0.0
2025-10-28 00:00:00-04:00,16.030000686645508,16.079999923706055,15.920000076293945,15.989999771118164,45800,0.0,0.0
2025-10-29 00:00:00-04:00,15.920000076293945,16.06999969482422,15.510000228881836,15.670000076293945,85400,0.0,0.0
2025-10-30 00:00:00-04:00,15.5,15.890000343322754,15.479999542236328,15.869999885559082,109800,0.0,0.0
2025-10-31 00:00:00-04:00,15.789999961853027,16.0,15.649999618530273,15.819999694824219,164600,0.0,0.0
2025-11-03 00:00:00-05:00,15.75,15.930000305175781,15.550000190734863,15.6899995803833,78700,0.0,0.0
2025-11-04 00:00:00-05:00,15.680000305175781,15.760000228881836,15.4399995803833,15.579999923706055,89800,0.0,0.0
2025-11-05 00:00:00-05:00,15.720000267028809,15.979999542236328,15.539999961853027,15.970000267028809,96100,0.0,0.0
2025-11-06 00:00:00-05:00,16.25,16.270000457763672,15.710000038146973,15.739999771118164,87700,0.0,0.0
2025-11-07 00:00:00-05:00,15.819999694824219,16.18000030517578,15.619999885559082,16.040000915527344,102500,0.0,0.0
2025-11-10 00:00:00-05:00,16.219999313354492,16.219999313354492,15.949999809265137,16.059999465942383,85900,0.0,0.0
2025-11-11 00:00:00-05:00,16.139999389648438,16.299999237060547,16.020000457763672,16.260000228881836,92800,0.0,0.0
2025-11-12 00:00:00-05:00,16.25,16.3700008392334,16.100000381469727,16.260000228881836,86100,0.0,0.0
2025-11-13 00:00:00-05:00,16.18000030517578,16.3700008392334,16.09000015258789,16.290000915527344,95100,0.0,0.0
2025-11-14 00:00:00-05:00,16.309999465942383,16.510000228881836,16.18000030517578,16.469999313354492,106800,0.0,0.0
2025-11-17 00:00:00-05:00,16.5,16.5,15.869999885559082,15.899999618530273,92800,0.0,0.0
2025-11-18 00:00:00-05:00,15.949999809265137,16.040000915527344,15.699999809265137,15.9399995803833,82400,0.0,0.0
2025-11-19 00:00:00-05:00,15.989999771118164,16.0,15.649999618530273,15.920000076293945,128800,0.0,0.0
2025-11-20 00:00:00-05:00,16.049999237060547,16.1299991607666,15.789999961853027,15.829999923706055,65300,0.0,0.0
2025-11-21 00:00:00-05:00,15.869999885559082,16.170000076293945,15.539999961853027,16.079999923706055,123200,0.0,0.0
2025-11-24 00:00:00-05:00,16.049999237060547,16.049999237060547,15.710000038146973,15.729999542236328,87400,0.0,0.0
2025-11-25 00:00:00-05:00,15.859999656677246,16.3700008392334,15.859999656677246,16.139999389648438,110600,0.0,0.0
2025-11-26 00:00:00-05:00,16.079999923706055,16.420000076293945,16.049999237060547,16.25,98300,0.0,0.0
2025-11-28 00:00:00-05:00,16.329999923706055,16.329999923706055,16.110000610351562,16.229999542236328,39000,0.0,0.0
2025-12-01 00:00:00-05:00,16.079999923706055,16.229999542236328,15.989999771118164,16.049999237060547,75500,0.0,0.0
2025-12-02 00:00:00-05:00,16.15999984741211,16.170000076293945,15.930000305175781,16.100000381469727,47600,0.0,0.0
2025-12-03 00:00:00-05:00,16.209999084472656,16.3700008392334,16.139999389648438,16.350000381469727,56400,0.0,0.0
2025-12-04 00:00:00-05:00,16.280000686645508,16.40999984741211,16.030000686645508,16.040000915527344,72000,0.0,0.0
2025-12-05 00:00:00-05:00,15.989999771118164,16.15999984741211,15.960000038146973,16.010000228881836,52800,0.0,0.0
2025-12-08 00:00:00-05:00,16.020000457763672,16.09000015258789,15.960000038146973,15.989999771118164,79300,0.0,0.0
2025-12-09 00:00:00-05:00,15.960000038146973,16.219999313354492,15.960000038146973,16.139999389648438,64200,0.0,0.0
2025-12-10 00:00:00-05:00,16.170000076293945,16.420000076293945,16.170000076293945,16.3700008392334,115100,0.0,0.0
2025-12-11 00:00:00-05:00,16.420000076293945,16.579999923706055,16.350000381469727,16.420000076293945,104400,0.0,0.0
2025-12-12 00:00:00-05:00,16.459999084472656,16.549999237060547,16.360000610351562,16.459999084472656,123100,0.0,0.0
2025-12-15 00:00:00-05:00,16.469999313354492,16.479999542236328,16.25,16.290000915527344,97900,0.0,0.0
2025-12-16 00:00:00-05:00,16.299999237060547,16.399999618530273,15.979999542236328,15.979999542236328,76400,0.0,0.0
2025-12-17 00:00:00-05:00,15.9399995803833,16.209999084472656,15.899999618530273,15.9399995803833,88700,0.0,0.0
2025-12-18 00:00:00-05:00,16.030000686645508,16.139999389648438,15.899999618530273,16.030000686645508,72800,0.0,0.0
2025-12-19 00:00:00-05:00,16.06999969482422,16.200000762939453,15.699999809265137,15.779999732971191,172500,0.0,0.0
2025-12-22 00:00:00-05:00,15.779999732971191,15.949999809265137,15.729999542236328,15.859999656677246,121900,0.0,0.0
2025-12-23 00:00:00-05:00,15.829999923706055,15.880000114440918,15.779999732971191,15.789999961853027,102600,0.0,0.0
2025-12-24 00:00:00-05:00,15.779999732971191,16.010000228881836,15.699999809265137,15.8100004196167,35600,0.0,0.0
2025-12-26 00:00:00-05:00,15.819999694824219,15.899999618530273,15.75,15.869999885559082,76800,0.0,0.0
2025-12-29 00:00:00-05:00,15.90999984741211,15.920000076293945,15.779999732971191,15.829999923706055,147300,0.0,0.0
2025-12-30 00:00:00-05:00,15.850000381469727,15.850000381469727,15.739999771118164,15.8100004196167,87500,0.0,0.0
2025-12-31 00:00:00-05:00,15.869999885559082,15.920000076293945,15.720000267028809,15.770000457763672,63100,0.0,0.0
2026-01-02 00:00:00-05:00,15.800000190734863,15.800000190734863,15.3100004196167,15.65999984741211,196700,0.0,0.0
2026-01-05 00:00:00-05:00,15.680000305175781,15.869999885559082,15.649999618530273,15.75,118300,0.0,0.0
2026-01-06 00:00:00-05:00,15.699999809265137,15.930000305175781,15.649999618530273,15.899999618530273,76100,0.0,0.0
2026-01-07 00:00:00-05:00,15.949999809265137,15.949999809265137,15.670000076293945,15.789999961853027,71000,0.0,0.0
2026-01-08 00:00:00-05:00,15.720000267028809,15.989999771118164,15.720000267028809,15.869999885559082,135200,0.0,0.0
2026-01-09 00:00:00-05:00,15.899999618530273,16.030000686645508,15.739999771118164,15.960000038146973,139500,0.0,0.0
2026-01-12 00:00:00-05:00,15.890000343322754,16.149999618530273,15.84000015258789,16.049999237060547,202800,0.0,0.0
2026-01-13 00:00:00-05:00,16.049999237060547,16.469999313354492,16.010000228881836,16.3799991607666,205900,0.0,0.0
2026-01-14 00:00:00-05:00,16.399999618530273,16.649999618530273,16.170000076293945,16.350000381469727,152700,0.0,0.0
2026-01-15 00:00:00-05:00,16.329999923706055,16.989999771118164,16.31999969482422,16.850000381469727,133900,0.0,0.0
2026-01-16 00:00:00-05:00,16.770000457763672,16.8700008392334,16.600000381469727,16.729999542236328,94200,0.0,0.0
2026-01-20 00:00:00-05:00,16.549999237060547,16.6299991607666,16.1299991607666,16.170000076293945,73700,0.0,0.0
2026-01-21 00:00:00-05:00,16.239999771118164,16.40999984741211,16.059999465942383,16.40999984741211,111100,0.0,0.0
2026-01-22 00:00:00-05:00,16.40999984741211,16.59000015258789,16.219999313354492,16.489999771118164,65200,0.0,0.0
2026-01-23 00:00:00-05:00,16.43000030517578,16.6200008392334,16.219999313354492,16.299999237060547,91700,0.0,0.0
2026-01-26 00:00:00-05:00,16.25,16.299999237060547,16.010000228881836,16.15999984741211,71200,0.0,0.0
2026-01-27 00:00:00-05:00,16.1299991607666,16.309999465942383,16.1299991607666,16.260000228881836,51700,0.0,0.0
2026-01-28 00:00:00-05:00,16.239999771118164,16.420000076293945,16.139999389648438,16.18000030517578,84800,0.0,0.0
2026-01-29 00:00:00-05:00,16.280000686645508,16.350000381469727,16.110000610351562,16.31999969482422,83200,0.0,0.0
2026-01-30 00:00:00-05:00,16.239999771118164,16.350000381469727,15.970000267028809,16.09000015258789,100800,0.0,0.0
2026-02-02 00:00:00-05:00,16.139999389648438,16.350000381469727,16.079999923706055,16.200000762939453,108800,0.0,0.0
2026-02-03 00:00:00-05:00,16.170000076293945,16.360000610351562,16.1200008392334,16.209999084472656,96100,0.0,0.0
2026-02-04 00:00:00-05:00,16.31999969482422,16.450000762939453,16.09000015258789,16.3700008392334,135100,0.0,0.0
2026-02-05 00:00:00-05:00,16.399999618530273,16.56999969482422,16.290000915527344,16.459999084472656,86900,0.0,0.0
2026-02-06 00:00:00-05:00,16.479999542236328,16.719999313354492,16.440000534057617,16.610000610351562,102800,0.0,0.0
2026-02-09 00:00:00-05:00,16.600000381469727,16.719999313354492,16.399999618530273,16.579999923706055,70500,0.0,0.0
2026-02-10 00:00:00-05:00,16.559999465942383,16.799999237060547,16.450000762939453,16.719999313354492,73100,0.0,0.0
2026-02-11 00:00:00-05:00,16.790000915527344,16.81999969482422,16.510000228881836,16.6299991607666,50700,0.0,0.0
2026-02-12 00:00:00-05:00,16.770000457763672,16.809999465942383,16.520000457763672,16.6299991607666,69800,0.0,0.0
2026-02-13 00:00:00-05:00,16.770000457763672,16.93000030517578,16.549999237060547,16.850000381469727,75800,0.0,0.0
2026-02-17 00:00:00-05:00,16.90999984741211,17.200000762939453,16.799999237060547,17.06999969482422,104300,0.0,0.0
2026-02-18 00:00:00-05:00,17.030000686645508,17.219999313354492,16.809999465942383,16.8700008392334,75500,0.0,0.0
2026-02-19 00:00:00-05:00,16.739999771118164,17.049999237060547,16.739999771118164,16.90999984741211,78900,0.0,0.0
2026-02-20 00:00:00-05:00,16.90999984741211,17.329999923706055,16.860000610351562,17.239999771118164,93300,0.0,0.0
2026-02-23 00:00:00-05:00,17.299999237060547,17.3799991607666,17.0,17.110000610351562,104200,0.0,0.0
2026-02-24 00:00:00-05:00,17.100000381469727,17.709999084472656,17.100000381469727,17.530000686645508,129400,0.0,0.0
2026-02-25 00:00:00-05:00,17.5,18.030000686645508,17.299999237060547,17.93000030517578,78900,0.0,0.0
2026-02-26 00:00:00-05:00,18.040000915527344,18.1299991607666,17.600000381469727,17.790000915527344,81800,0.0,0.0
2026-02-27 00:00:00-05:00,17.6200008392334,17.8799991607666,17.43000030517578,17.610000610351562,62500,0.0,0.0
2026-03-02 00:00:00-05:00,17.520000457763672,17.920000076293945,17.389999389648438,17.690000534057617,67300,0.0,0.0
2026-03-03 00:00:00-05:00,17.420000076293945,17.899999618530273,17.329999923706055,17.719999313354492,87300,0.0,0.0
2026-03-04 00:00:00-05:00,17.860000610351562,18.209999084472656,17.6200008392334,18.079999923706055,71900,0.0,0.0
2026-03-05 00:00:00-05:00,17.920000076293945,17.959999084472656,17.600000381469727,17.670000076293945,84200,0.0,0.0
2026-03-06 00:00:00-05:00,17.43000030517578,17.969999313354492,17.43000030517578,17.920000076293945,108000,0.0,0.0
2026-03-09 00:00:00-04:00,17.739999771118164,17.920000076293945,17.450000762939453,17.8799991607666,128200,0.0,0.0
2026-03-10 00:00:00-04:00,17.739999771118164,18.190000534057617,17.56999969482422,17.860000610351562,145800,0.0,0.0
2026-03-11 00:00:00-04:00,17.920000076293945,19.389999389648438,17.920000076293945,19.059999465942383,374000,0.0,0.0
2026-03-12 00:00:00-04:00,18.860000610351562,19.530000686645508,18.780000686645508,19.170000076293945,150700,0.0,0.0
2026-03-13 00:00:00-04:00,19.34000015258789,19.5,18.610000610351562,18.799999237060547,141900,0.0,0.0
2026-03-16 00:00:00-04:00,19.0,19.100000381469727,18.719999313354492,18.790000915527344,82700,0.0,0.0
2026-03-17 00:00:00-04:00,18.860000610351562,19.610000610351562,18.719999313354492,18.969999313354492,129500,0.0,0.0
2026-03-18 00:00:00-04:00,18.790000915527344,18.850000381469727,18.209999084472656,18.25,119700,0.0,0.0
2026-03-19 00:00:00-04:00,18.1299991607666,18.989999771118164,18.1299991607666,18.690000534057617,111200,0.0,0.0
2026-03-20 00:00:00-04:00,18.690000534057617,18.739999771118164,18.270000457763672,18.399999618530273,165000,0.0,0.0
2026-03-23 00:00:00-04:00,18.670000076293945,19.170000076293945,18.420000076293945,18.899999618530273,134500,0.0,0.0
2026-03-24 00:00:00-04:00,18.75,19.260000228881836,18.75,19.06999969482422,80700,0.0,0.0
2026-03-25 00:00:00-04:00,19.209999084472656,19.25,18.93000030517578,18.959999084472656,99700,0.0,0.0
2026-03-26 00:00:00-04:00,18.969999313354492,19.290000915527344,18.969999313354492,19.110000610351562,58700,0.0,0.0
2026-03-27 00:00:00-04:00,18.989999771118164,19.18000030517578,18.989999771118164,19.059999465942383,60600,0.0,0.0
2026-03-30 00:00:00-04:00,19.239999771118164,19.299999237060547,19.0,19.09000015258789,90100,0.0,0.0
2026-03-31 00:00:00-04:00,19.139999389648438,19.18000030517578,18.700000762939453,18.84000015258789,120300,0.0,0.0
2026-04-01 00:00:00-04:00,18.81999969482422,19.110000610351562,18.760000228881836,18.969999313354492,79600,0.0,0.0
2026-04-02 00:00:00-04:00,18.90999984741211,19.219999313354492,18.799999237060547,19.200000762939453,57600,0.0,0.0
2026-04-06 00:00:00-04:00,19.170000076293945,19.3799991607666,19.170000076293945,19.219999313354492,67100,0.0,0.0
2026-04-07 00:00:00-04:00,19.209999084472656,19.5,19.209999084472656,19.350000381469727,144800,0.0,0.0
2026-04-08 00:00:00-04:00,19.75,19.770000457763672,19.350000381469727,19.469999313354492,85300,0.0,0.0
2026-04-09 00:00:00-04:00,19.34000015258789,19.600000381469727,19.34000015258789,19.450000762939453,62500,0.0,0.0
2026-04-10 00:00:00-04:00,19.3799991607666,19.489999771118164,19.309999465942383,19.360000610351562,57500,0.0,0.0
2026-04-13 00:00:00-04:00,19.440000534057617,19.489999771118164,19.200000762939453,19.43000030517578,76200,0.0,0.0
2026-04-14 00:00:00-04:00,19.360000610351562,19.520000457763672,19.290000915527344,19.40999984741211,104700,0.0,0.0
2026-04-15 00:00:00-04:00,19.31999969482422,19.5,19.25,19.459999084472656,91000,0.0,0.0
2026-04-16 00:00:00-04:00,19.459999084472656,19.670000076293945,19.309999465942383,19.56999969482422,100300,0.0,0.0
2026-04-17 00:00:00-04:00,19.59000015258789,19.989999771118164,19.59000015258789,19.829999923706055,73300,0.0,0.0
2026-04-20 00:00:00-04:00,19.770000457763672,19.899999618530273,19.43000030517578,19.450000762939453,72300,0.0,0.0
2026-04-21 00:00:00-04:00,19.420000076293945,19.520000457763672,19.239999771118164,19.260000228881836,76900,0.0,0.0
2026-04-22 00:00:00-04:00,19.260000228881836,19.5,19.260000228881836,19.34000015258789,68200,0.0,0.0
2026-04-23 00:00:00-04:00,19.440000534057617,19.73780059814453,19.344999313354492,19.579999923706055,41243,0.0,0.0
