Date,Open,High,Low,Close,Volume,Dividends,Stock Splits
2022-01-03 00:00:00-05:00,39.119998931884766,39.70000076293945,38.689998626708984,39.599998474121094,1179500,0.0,0.0
2022-01-04 00:00:00-05:00,39.7599983215332,40.33000183105469,39.7400016784668,40.040000915527344,121600,0.0,0.0
2022-01-05 00:00:00-05:00,39.959999084472656,40.13999938964844,39.060001373291016,39.15999984741211,102800,0.0,0.0
2022-01-06 00:00:00-05:00,39.38999938964844,39.709999084472656,39.0,39.650001525878906,173300,0.0,0.0
2022-01-07 00:00:00-05:00,39.939998626708984,39.939998626708984,38.150001525878906,38.22999954223633,148800,0.0,0.0
2022-01-10 00:00:00-05:00,38.72999954223633,38.7400016784668,37.81999969482422,38.369998931884766,145200,0.0,0.0
2022-01-11 00:00:00-05:00,38.2599983215332,38.689998626708984,37.27000045776367,38.529998779296875,214500,0.0,0.0
2022-01-12 00:00:00-05:00,38.439998626708984,38.810001373291016,38.29999923706055,38.619998931884766,305800,0.0,0.0
2022-01-13 00:00:00-05:00,39.0,40.72999954223633,38.84000015258789,40.5099983215332,361000,0.0,0.0
2022-01-14 00:00:00-05:00,40.119998931884766,41.0099983215332,40.119998931884766,40.84000015258789,548100,0.0,0.0
2022-01-18 00:00:00-05:00,40.86000061035156,40.97999954223633,40.29999923706055,40.599998474121094,461100,0.0,0.0
2022-01-19 00:00:00-05:00,40.47999954223633,40.61000061035156,39.189998626708984,39.34000015258789,275700,0.0,0.0
2022-01-20 00:00:00-05:00,39.290000915527344,39.54999923706055,38.619998931884766,38.7400016784668,242900,0.0,0.0
2022-01-21 00:00:00-05:00,38.7400016784668,39.70000076293945,38.61000061035156,39.4900016784668,297300,0.0,0.0
2022-01-24 00:00:00-05:00,39.029998779296875,39.970001220703125,38.720001220703125,39.88999938964844,288400,0.0,0.0
2022-01-25 00:00:00-05:00,39.349998474121094,39.650001525878906,37.619998931884766,38.45000076293945,337600,0.0,0.0
2022-01-26 00:00:00-05:00,38.72999954223633,39.220001220703125,37.29999923706055,37.9900016784668,211200,0.0,0.0
2022-01-27 00:00:00-05:00,38.2400016784668,38.790000915527344,37.5,37.72999954223633,278600,0.0,0.0
2022-01-28 00:00:00-05:00,37.779998779296875,37.779998779296875,36.650001525878906,37.72999954223633,156800,0.0,0.0
2022-01-31 00:00:00-05:00,37.349998474121094,38.630001068115234,37.349998474121094,38.630001068115234,211200,0.0,0.0
2022-02-01 00:00:00-05:00,38.470001220703125,38.86000061035156,37.689998626708984,38.83000183105469,336300,0.0,0.0
2022-02-02 00:00:00-05:00,38.86000061035156,39.25,38.709999084472656,38.90999984741211,228600,0.0,0.0
2022-02-03 00:00:00-05:00,38.380001068115234,38.95000076293945,38.220001220703125,38.459999084472656,164000,0.0,0.0
2022-02-04 00:00:00-05:00,38.08000183105469,38.4900016784668,37.5099983215332,37.630001068115234,154500,0.0,0.0
2022-02-07 00:00:00-05:00,37.33000183105469,37.65999984741211,36.95000076293945,37.45000076293945,154900,0.0,0.0
2022-02-08 00:00:00-05:00,37.15999984741211,38.09000015258789,36.97999954223633,37.959999084472656,148900,0.0,0.0
2022-02-09 00:00:00-05:00,38.15999984741211,38.689998626708984,38.15999984741211,38.58000183105469,181400,0.0,0.0
2022-02-10 00:00:00-05:00,37.91999816894531,38.650001525878906,37.91999816894531,38.290000915527344,213900,0.0,0.0
2022-02-11 00:00:00-05:00,38.20000076293945,38.54999923706055,37.849998474121094,38.119998931884766,166500,0.0,0.0
2022-02-14 00:00:00-05:00,38.119998931884766,38.58000183105469,38.040000915527344,38.560001373291016,186000,0.0,0.0
2022-02-15 00:00:00-05:00,38.70000076293945,39.25,38.43000030517578,39.09000015258789,174000,0.0,0.0
2022-02-16 00:00:00-05:00,39.47999954223633,39.7400016784668,39.220001220703125,39.709999084472656,168500,0.0,0.0
2022-02-17 00:00:00-05:00,37.720001220703125,38.4900016784668,35.459999084472656,38.380001068115234,736600,0.0,0.0
2022-02-18 00:00:00-05:00,38.16999816894531,38.16999816894531,37.25,37.849998474121094,362000,0.0,0.0
2022-02-22 00:00:00-05:00,37.709999084472656,38.0099983215332,37.31999969482422,37.66999816894531,238500,0.0,0.0
2022-02-23 00:00:00-05:00,37.9900016784668,38.2400016784668,37.18000030517578,37.189998626708984,222800,0.0,0.0
2022-02-24 00:00:00-05:00,36.59000015258789,38.02000045776367,36.290000915527344,37.869998931884766,178000,0.0,0.0
2022-02-25 00:00:00-05:00,38.11000061035156,38.59000015258789,37.77000045776367,38.59000015258789,158500,0.0,0.0
2022-02-28 00:00:00-05:00,38.279998779296875,39.279998779296875,38.279998779296875,38.90999984741211,224900,0.0,0.0
2022-03-01 00:00:00-05:00,38.79999923706055,39.08000183105469,37.40999984741211,37.70000076293945,186000,0.0,0.0
2022-03-02 00:00:00-05:00,37.720001220703125,38.43000030517578,37.720001220703125,38.31999969482422,214100,0.0,0.0
2022-03-03 00:00:00-05:00,38.72999954223633,38.90999984741211,38.31999969482422,38.689998626708984,154300,0.0,0.0
2022-03-04 00:00:00-05:00,38.29999923706055,39.209999084472656,38.220001220703125,39.15999984741211,176300,0.0,0.0
2022-03-07 00:00:00-05:00,39.34000015258789,39.470001220703125,38.810001373291016,39.27000045776367,298100,0.0,0.0
2022-03-08 00:00:00-05:00,39.20000076293945,39.40999984741211,38.029998779296875,38.25,189000,0.0,0.0
2022-03-09 00:00:00-05:00,38.9900016784668,39.70000076293945,38.66999816894531,39.650001525878906,199600,0.0,0.0
2022-03-10 00:00:00-05:00,39.13999938964844,39.59000015258789,38.63999938964844,39.279998779296875,105200,0.0,0.0
2022-03-11 00:00:00-05:00,39.34000015258789,39.61000061035156,38.459999084472656,38.720001220703125,190600,0.0,0.0
2022-03-14 00:00:00-04:00,39.0099983215332,39.540000915527344,38.88999938964844,39.529998779296875,138100,0.0,0.0
2022-03-15 00:00:00-04:00,39.84000015258789,40.25,39.630001068115234,40.2400016784668,182000,0.0,0.0
2022-03-16 00:00:00-04:00,40.38999938964844,40.650001525878906,40.0099983215332,40.63999938964844,177500,0.0,0.0
2022-03-17 00:00:00-04:00,40.5099983215332,41.060001373291016,40.45000076293945,40.81999969482422,130200,0.0,0.0
2022-03-18 00:00:00-04:00,40.970001220703125,41.150001525878906,40.5099983215332,41.040000915527344,312600,0.0,0.0
2022-03-21 00:00:00-04:00,41.0,41.349998474121094,40.08000183105469,40.2400016784668,141100,0.0,0.0
2022-03-22 00:00:00-04:00,40.52000045776367,40.61000061035156,39.97999954223633,40.29999923706055,133400,0.0,0.0
2022-03-23 00:00:00-04:00,39.939998626708984,40.20000076293945,39.560001373291016,39.77000045776367,94600,0.0,0.0
2022-03-24 00:00:00-04:00,39.709999084472656,40.20000076293945,39.529998779296875,40.06999969482422,86500,0.0,0.0
2022-03-25 00:00:00-04:00,40.029998779296875,40.529998779296875,39.880001068115234,40.4900016784668,99300,0.0,0.0
2022-03-28 00:00:00-04:00,40.349998474121094,40.54999923706055,39.959999084472656,40.36000061035156,136400,0.0,0.0
2022-03-29 00:00:00-04:00,40.83000183105469,42.2400016784668,40.709999084472656,41.70000076293945,306500,0.0,0.0
2022-03-30 00:00:00-04:00,41.470001220703125,41.970001220703125,41.470001220703125,41.79999923706055,211300,0.0,0.0
2022-03-31 00:00:00-04:00,41.709999084472656,42.36000061035156,41.709999084472656,41.970001220703125,231000,0.0,0.0
2022-04-01 00:00:00-04:00,41.790000915527344,42.619998931884766,41.54999923706055,42.150001525878906,255000,0.0,0.0
2022-04-04 00:00:00-04:00,42.189998626708984,42.189998626708984,41.040000915527344,41.099998474121094,233900,0.0,0.0
2022-04-05 00:00:00-04:00,41.25,42.040000915527344,41.0,41.310001373291016,243200,0.0,0.0
2022-04-06 00:00:00-04:00,41.15999984741211,41.849998474121094,40.93000030517578,41.43000030517578,169000,0.0,0.0
2022-04-07 00:00:00-04:00,41.459999084472656,41.849998474121094,41.25,41.40999984741211,337500,0.0,0.0
2022-04-08 00:00:00-04:00,41.380001068115234,41.529998779296875,40.689998626708984,40.77000045776367,213300,0.0,0.0
2022-04-11 00:00:00-04:00,40.779998779296875,41.459999084472656,40.59000015258789,40.63999938964844,162600,0.0,0.0
2022-04-12 00:00:00-04:00,40.720001220703125,41.790000915527344,40.720001220703125,41.52000045776367,218600,0.0,0.0
2022-04-13 00:00:00-04:00,41.5,41.68000030517578,41.220001220703125,41.4900016784668,144000,0.0,0.0
2022-04-14 00:00:00-04:00,41.54999923706055,41.97999954223633,41.369998931884766,41.63999938964844,123500,0.0,0.0
2022-04-18 00:00:00-04:00,41.4900016784668,42.36000061035156,41.4900016784668,42.16999816894531,150400,0.0,0.0
2022-04-19 00:00:00-04:00,42.310001373291016,43.20000076293945,42.310001373291016,43.150001525878906,148400,0.0,0.0
2022-04-20 00:00:00-04:00,43.52000045776367,44.16999816894531,43.45000076293945,43.52000045776367,179500,0.0,0.0
2022-04-21 00:00:00-04:00,43.70000076293945,44.08000183105469,43.56999969482422,43.7400016784668,168300,0.0,0.0
2022-04-22 00:00:00-04:00,43.5099983215332,43.59000015258789,42.54999923706055,42.619998931884766,175100,0.0,0.0
2022-04-25 00:00:00-04:00,42.619998931884766,42.66999816894531,41.619998931884766,42.66999816894531,207300,0.0,0.0
2022-04-26 00:00:00-04:00,42.459999084472656,42.77000045776367,41.83000183105469,41.849998474121094,280600,0.0,0.0
2022-04-27 00:00:00-04:00,41.869998931884766,42.09000015258789,40.970001220703125,41.099998474121094,392500,0.0,0.0
2022-04-28 00:00:00-04:00,42.279998779296875,43.43000030517578,41.470001220703125,42.54999923706055,393600,0.0,0.0
2022-04-29 00:00:00-04:00,42.5,42.5,41.720001220703125,41.88999938964844,309300,0.0,0.0
2022-05-02 00:00:00-04:00,41.7400016784668,42.400001525878906,39.83000183105469,40.119998931884766,333700,0.0,0.0
2022-05-03 00:00:00-04:00,40.02000045776367,40.34000015258789,39.25,40.18000030517578,187900,0.0,0.0
2022-05-04 00:00:00-04:00,40.2599983215332,41.38999938964844,40.209999084472656,41.2400016784668,163000,0.0,0.0
2022-05-05 00:00:00-04:00,41.119998931884766,41.119998931884766,39.77000045776367,40.540000915527344,174600,0.0,0.0
2022-05-06 00:00:00-04:00,40.540000915527344,40.95000076293945,40.33000183105469,40.66999816894531,254300,0.0,0.0
2022-05-09 00:00:00-04:00,40.369998931884766,40.72999954223633,39.83000183105469,39.95000076293945,198800,0.0,0.0
2022-05-10 00:00:00-04:00,40.220001220703125,40.540000915527344,38.650001525878906,38.7599983215332,262700,0.0,0.0
2022-05-11 00:00:00-04:00,38.81999969482422,39.34000015258789,38.75,38.83000183105469,277100,0.0,0.0
2022-05-12 00:00:00-04:00,38.849998474121094,39.209999084472656,38.27000045776367,38.70000076293945,235500,0.0,0.0
2022-05-13 00:00:00-04:00,38.97999954223633,39.56999969482422,38.86000061035156,38.97999954223633,340800,0.0,0.0
2022-05-16 00:00:00-04:00,38.709999084472656,39.45000076293945,38.40999984741211,39.130001068115234,181700,0.0,0.0
2022-05-17 00:00:00-04:00,39.63999938964844,39.869998931884766,39.369998931884766,39.65999984741211,242200,0.0,0.0
2022-05-18 00:00:00-04:00,39.11000061035156,39.27000045776367,37.83000183105469,38.06999969482422,204100,0.0,0.0
2022-05-19 00:00:00-04:00,37.810001373291016,38.45000076293945,37.31999969482422,37.86000061035156,259000,0.0,0.0
2022-05-20 00:00:00-04:00,37.970001220703125,38.43000030517578,37.369998931884766,38.189998626708984,314700,0.0,0.0
2022-05-23 00:00:00-04:00,38.56999969482422,38.689998626708984,38.189998626708984,38.4900016784668,267600,0.0,0.0
2022-05-24 00:00:00-04:00,38.34000015258789,38.93000030517578,37.5099983215332,38.81999969482422,176900,0.0,0.0
2022-05-25 00:00:00-04:00,38.689998626708984,39.689998626708984,38.470001220703125,39.529998779296875,230300,0.0,0.0
2022-05-26 00:00:00-04:00,39.720001220703125,41.02000045776367,39.720001220703125,40.790000915527344,223000,0.0,0.0
2022-05-27 00:00:00-04:00,40.86000061035156,41.56999969482422,40.86000061035156,41.25,229100,0.0,0.0
2022-05-31 00:00:00-04:00,40.90999984741211,41.63999938964844,40.25,40.959999084472656,193300,0.0,0.0
2022-06-01 00:00:00-04:00,41.040000915527344,42.08000183105469,40.68000030517578,41.7400016784668,243300,0.0,0.0
2022-06-02 00:00:00-04:00,41.7400016784668,42.45000076293945,41.470001220703125,42.38999938964844,218700,0.0,0.0
2022-06-03 00:00:00-04:00,42.0099983215332,42.380001068115234,41.93000030517578,42.380001068115234,121700,0.0,0.0
2022-06-06 00:00:00-04:00,42.5,42.5,41.959999084472656,42.060001373291016,160600,0.0,0.0
2022-06-07 00:00:00-04:00,41.7599983215332,42.20000076293945,41.58000183105469,42.06999969482422,174300,0.0,0.0
2022-06-08 00:00:00-04:00,41.779998779296875,41.84000015258789,41.279998779296875,41.439998626708984,136500,0.0,0.0
2022-06-09 00:00:00-04:00,41.16999816894531,41.52000045776367,40.970001220703125,41.08000183105469,123400,0.0,0.0
2022-06-10 00:00:00-04:00,40.52000045776367,40.630001068115234,39.7599983215332,39.81999969482422,178100,0.0,0.0
2022-06-13 00:00:00-04:00,39.099998474121094,39.540000915527344,38.65999984741211,39.18000030517578,221400,0.0,0.0
2022-06-14 00:00:00-04:00,39.06999969482422,39.2599983215332,38.66999816894531,39.09000015258789,193600,0.0,0.0
2022-06-15 00:00:00-04:00,39.2400016784668,39.91999816894531,38.91999816894531,39.279998779296875,235500,0.0,0.0
2022-06-16 00:00:00-04:00,38.81999969482422,38.81999969482422,37.0099983215332,37.2599983215332,182300,0.0,0.0
2022-06-17 00:00:00-04:00,37.7400016784668,38.060001373291016,37.2599983215332,37.40999984741211,295400,0.0,0.0
2022-06-21 00:00:00-04:00,37.70000076293945,38.400001525878906,37.189998626708984,38.040000915527344,266500,0.0,0.0
2022-06-22 00:00:00-04:00,37.810001373291016,38.5099983215332,37.43000030517578,38.02000045776367,220100,0.0,0.0
2022-06-23 00:00:00-04:00,38.040000915527344,38.18000030517578,37.02000045776367,37.16999816894531,401300,0.0,0.0
2022-06-24 00:00:00-04:00,37.560001373291016,39.43000030517578,37.560001373291016,39.41999816894531,1631000,0.0,0.0
2022-06-27 00:00:00-04:00,39.61000061035156,39.83000183105469,39.16999816894531,39.349998474121094,232000,0.0,0.0
2022-06-28 00:00:00-04:00,39.65999984741211,39.79999923706055,39.209999084472656,39.2400016784668,304900,0.0,0.0
2022-06-29 00:00:00-04:00,39.15999984741211,39.47999954223633,38.81999969482422,39.029998779296875,413200,0.0,0.0
2022-06-30 00:00:00-04:00,38.68000030517578,40.0,38.650001525878906,39.959999084472656,382100,0.0,0.0
2022-07-01 00:00:00-04:00,39.779998779296875,40.790000915527344,39.779998779296875,40.56999969482422,232100,0.0,0.0
2022-07-05 00:00:00-04:00,39.970001220703125,40.08000183105469,39.119998931884766,40.06999969482422,157700,0.0,0.0
2022-07-06 00:00:00-04:00,40.209999084472656,40.2599983215332,39.560001373291016,40.0099983215332,221700,0.0,0.0
2022-07-07 00:00:00-04:00,40.34000015258789,40.72999954223633,40.2599983215332,40.40999984741211,181100,0.0,0.0
2022-07-08 00:00:00-04:00,40.459999084472656,40.619998931884766,40.060001373291016,40.45000076293945,151800,0.0,0.0
2022-07-11 00:00:00-04:00,40.529998779296875,41.16999816894531,40.38999938964844,40.83000183105469,127300,0.0,0.0
2022-07-12 00:00:00-04:00,40.70000076293945,41.279998779296875,40.2599983215332,40.470001220703125,158000,0.0,0.0
2022-07-13 00:00:00-04:00,40.130001068115234,40.5,39.79999923706055,40.130001068115234,134900,0.0,0.0
2022-07-14 00:00:00-04:00,39.52000045776367,40.02000045776367,39.33000183105469,39.88999938964844,97700,0.0,0.0
2022-07-15 00:00:00-04:00,40.38999938964844,40.63999938964844,39.91999816894531,40.15999984741211,216100,0.0,0.0
2022-07-18 00:00:00-04:00,40.5,40.7400016784668,39.849998474121094,39.91999816894531,117000,0.0,0.0
2022-07-19 00:00:00-04:00,40.13999938964844,41.68000030517578,40.13999938964844,41.5,206900,0.0,0.0
2022-07-20 00:00:00-04:00,41.31999969482422,41.61000061035156,41.09000015258789,41.290000915527344,256300,0.0,0.0
2022-07-21 00:00:00-04:00,41.040000915527344,41.970001220703125,40.93000030517578,41.970001220703125,146600,0.0,0.0
2022-07-22 00:00:00-04:00,42.0,42.369998931884766,41.68000030517578,41.91999816894531,133700,0.0,0.0
2022-07-25 00:00:00-04:00,41.95000076293945,43.06999969482422,41.95000076293945,42.779998779296875,218300,0.0,0.0
2022-07-26 00:00:00-04:00,42.54999923706055,42.939998626708984,42.38999938964844,42.939998626708984,163300,0.0,0.0
2022-07-27 00:00:00-04:00,42.84000015258789,43.93000030517578,42.84000015258789,43.459999084472656,231800,0.0,0.0
2022-07-28 00:00:00-04:00,45.0,45.08000183105469,43.65999984741211,45.02000045776367,497300,0.0,0.0
2022-07-29 00:00:00-04:00,44.95000076293945,46.04999923706055,44.95000076293945,45.619998931884766,387900,0.0,0.0
2022-08-01 00:00:00-04:00,45.61000061035156,46.41999816894531,45.369998931884766,45.95000076293945,462900,0.0,0.0
2022-08-02 00:00:00-04:00,45.900001525878906,45.900001525878906,44.95000076293945,45.0,286100,0.0,0.0
2022-08-03 00:00:00-04:00,44.9900016784668,45.38999938964844,44.61000061035156,45.08000183105469,118600,0.0,0.0
2022-08-04 00:00:00-04:00,44.65999984741211,44.97999954223633,44.11000061035156,44.279998779296875,222100,0.0,0.0
2022-08-05 00:00:00-04:00,43.84000015258789,44.400001525878906,43.59000015258789,44.16999816894531,118200,0.0,0.0
2022-08-08 00:00:00-04:00,44.349998474121094,44.459999084472656,43.4900016784668,44.209999084472656,207800,0.0,0.0
2022-08-09 00:00:00-04:00,44.40999984741211,44.97999954223633,43.880001068115234,44.52000045776367,178600,0.0,0.0
2022-08-10 00:00:00-04:00,44.88999938964844,45.7599983215332,44.849998474121094,45.54999923706055,188700,0.0,0.0
2022-08-11 00:00:00-04:00,45.650001525878906,45.77000045776367,45.220001220703125,45.47999954223633,141200,0.0,0.0
2022-08-12 00:00:00-04:00,45.279998779296875,46.349998474121094,45.13999938964844,46.33000183105469,152400,0.0,0.0
2022-08-15 00:00:00-04:00,45.93000030517578,46.91999816894531,45.75,46.779998779296875,159800,0.0,0.0
2022-08-16 00:00:00-04:00,46.63999938964844,47.13999938964844,46.41999816894531,46.91999816894531,170000,0.0,0.0
2022-08-17 00:00:00-04:00,46.63999938964844,47.349998474121094,46.560001373291016,47.279998779296875,137300,0.0,0.0
2022-08-18 00:00:00-04:00,47.36000061035156,48.470001220703125,47.36000061035156,48.0099983215332,217400,0.0,0.0
2022-08-19 00:00:00-04:00,47.939998626708984,47.939998626708984,46.349998474121094,47.40999984741211,231900,0.0,0.0
2022-08-22 00:00:00-04:00,46.95000076293945,47.2599983215332,46.599998474121094,46.70000076293945,103800,0.0,0.0
2022-08-23 00:00:00-04:00,46.47999954223633,47.0099983215332,46.029998779296875,46.06999969482422,92800,0.0,0.0
2022-08-24 00:00:00-04:00,45.970001220703125,46.36000061035156,45.709999084472656,46.18000030517578,85300,0.0,0.0
2022-08-25 00:00:00-04:00,46.15999984741211,46.900001525878906,46.029998779296875,46.220001220703125,99600,0.0,0.0
2022-08-26 00:00:00-04:00,46.09000015258789,46.189998626708984,44.72999954223633,44.7599983215332,145300,0.0,0.0
2022-08-29 00:00:00-04:00,44.52000045776367,44.52000045776367,43.779998779296875,44.16999816894531,196800,0.0,0.0
2022-08-30 00:00:00-04:00,44.13999938964844,44.439998626708984,43.220001220703125,43.529998779296875,160800,0.0,0.0
2022-08-31 00:00:00-04:00,43.439998626708984,43.7599983215332,43.2400016784668,43.65999984741211,196000,0.0,0.0
2022-09-01 00:00:00-04:00,43.220001220703125,43.5099983215332,42.91999816894531,43.18000030517578,182700,0.0,0.0
2022-09-02 00:00:00-04:00,43.63999938964844,43.849998474121094,42.56999969482422,42.91999816894531,142900,0.0,0.0
2022-09-06 00:00:00-04:00,43.06999969482422,43.22999954223633,42.22999954223633,43.209999084472656,198900,0.0,0.0
2022-09-07 00:00:00-04:00,43.25,43.7400016784668,43.0099983215332,43.689998626708984,126300,0.0,0.0
2022-09-08 00:00:00-04:00,43.38999938964844,44.029998779296875,43.02000045776367,43.650001525878906,145000,0.0,0.0
2022-09-09 00:00:00-04:00,43.810001373291016,44.869998931884766,43.7400016784668,44.54999923706055,196400,0.0,0.0
2022-09-12 00:00:00-04:00,44.63999938964844,45.15999984741211,44.40999984741211,45.15999984741211,164000,0.0,0.0
2022-09-13 00:00:00-04:00,44.470001220703125,44.66999816894531,43.959999084472656,44.029998779296875,249500,0.0,0.0
2022-09-14 00:00:00-04:00,43.900001525878906,44.25,43.31999969482422,43.720001220703125,130900,0.0,0.0
2022-09-15 00:00:00-04:00,43.47999954223633,43.869998931884766,43.25,43.56999969482422,159800,0.0,0.0
2022-09-16 00:00:00-04:00,43.25,44.310001373291016,43.119998931884766,44.290000915527344,449800,0.0,0.0
2022-09-19 00:00:00-04:00,43.9900016784668,45.599998474121094,43.9900016784668,45.59000015258789,242800,0.0,0.0
2022-09-20 00:00:00-04:00,45.189998626708984,45.720001220703125,44.83000183105469,45.45000076293945,259900,0.0,0.0
2022-09-21 00:00:00-04:00,45.79999923706055,46.36000061035156,44.93000030517578,45.0,259500,0.0,0.0
2022-09-22 00:00:00-04:00,44.959999084472656,44.970001220703125,44.310001373291016,44.630001068115234,191400,0.0,0.0
2022-09-23 00:00:00-04:00,44.15999984741211,44.15999984741211,43.279998779296875,43.4900016784668,207100,0.0,0.0
2022-09-26 00:00:00-04:00,43.47999954223633,43.880001068115234,42.959999084472656,43.22999954223633,296600,0.0,0.0
2022-09-27 00:00:00-04:00,43.5,43.689998626708984,42.599998474121094,42.939998626708984,278900,0.0,0.0
2022-09-28 00:00:00-04:00,43.15999984741211,43.7400016784668,42.869998931884766,43.5,277100,0.0,0.0
2022-09-29 00:00:00-04:00,43.13999938964844,43.18000030517578,42.61000061035156,43.0,312100,0.0,0.0
2022-09-30 00:00:00-04:00,43.0,43.560001373291016,42.7599983215332,42.779998779296875,364300,0.0,0.0
2022-10-03 00:00:00-04:00,43.279998779296875,45.0099983215332,42.97999954223633,44.720001220703125,264900,0.0,0.0
2022-10-04 00:00:00-04:00,45.2599983215332,46.04999923706055,44.939998626708984,45.7599983215332,262300,0.0,0.0
2022-10-05 00:00:00-04:00,45.29999923706055,46.33000183105469,45.20000076293945,45.709999084472656,226600,0.0,0.0
2022-10-06 00:00:00-04:00,45.40999984741211,45.880001068115234,44.900001525878906,45.099998474121094,264800,0.0,0.0
2022-10-07 00:00:00-04:00,44.720001220703125,44.72999954223633,43.869998931884766,44.18000030517578,191800,0.0,0.0
2022-10-10 00:00:00-04:00,44.2400016784668,44.529998779296875,43.91999816894531,43.970001220703125,307200,0.0,0.0
2022-10-11 00:00:00-04:00,43.900001525878906,44.369998931884766,43.45000076293945,43.900001525878906,469000,0.0,0.0
2022-10-12 00:00:00-04:00,44.09000015258789,44.630001068115234,43.439998626708984,43.810001373291016,304400,0.0,0.0
2022-10-13 00:00:00-04:00,43.150001525878906,44.90999984741211,42.869998931884766,44.529998779296875,659000,0.0,0.0
2022-10-14 00:00:00-04:00,45.0,45.220001220703125,43.59000015258789,43.77000045776367,272600,0.0,0.0
2022-10-17 00:00:00-04:00,44.560001373291016,45.18000030517578,44.33000183105469,44.61000061035156,203100,0.0,0.0
2022-10-18 00:00:00-04:00,45.4900016784668,46.06999969482422,45.2400016784668,45.599998474121094,347100,0.0,0.0
2022-10-19 00:00:00-04:00,45.29999923706055,46.060001373291016,45.25,46.060001373291016,185200,0.0,0.0
2022-10-20 00:00:00-04:00,46.099998474121094,46.459999084472656,45.5,45.77000045776367,214400,0.0,0.0
2022-10-21 00:00:00-04:00,45.970001220703125,46.970001220703125,45.65999984741211,46.689998626708984,223500,0.0,0.0
2022-10-24 00:00:00-04:00,46.869998931884766,47.66999816894531,46.869998931884766,46.939998626708984,401100,0.0,0.0
2022-10-25 00:00:00-04:00,46.7599983215332,47.54999923706055,46.7599983215332,47.279998779296875,321200,0.0,0.0
2022-10-26 00:00:00-04:00,47.459999084472656,48.189998626708984,47.16999816894531,47.16999816894531,364400,0.0,0.0
2022-10-27 00:00:00-04:00,49.0,49.619998931884766,47.540000915527344,48.79999923706055,448300,0.0,0.0
2022-10-28 00:00:00-04:00,48.880001068115234,50.27000045776367,48.29999923706055,50.02000045776367,319200,0.0,0.0
2022-10-31 00:00:00-04:00,50.0,50.56999969482422,49.56999969482422,49.63999938964844,412800,0.0,0.0
2022-11-01 00:00:00-04:00,49.560001373291016,49.97999954223633,48.630001068115234,48.79999923706055,378000,0.0,0.0
2022-11-02 00:00:00-04:00,48.56999969482422,49.16999816894531,47.2599983215332,47.2599983215332,329000,0.0,0.0
2022-11-03 00:00:00-04:00,46.81999969482422,47.5,46.560001373291016,46.77000045776367,237000,0.0,0.0
2022-11-04 00:00:00-04:00,47.380001068115234,47.380001068115234,45.83000183105469,46.380001068115234,220000,0.0,0.0
2022-11-07 00:00:00-05:00,46.709999084472656,47.2400016784668,46.5,47.130001068115234,191600,0.0,0.0
2022-11-08 00:00:00-05:00,47.31999969482422,48.02000045776367,47.0,47.310001373291016,258900,0.0,0.0
2022-11-09 00:00:00-05:00,46.90999984741211,47.790000915527344,46.7400016784668,47.18000030517578,226300,0.0,0.0
2022-11-10 00:00:00-05:00,48.59000015258789,49.45000076293945,48.25,49.380001068115234,256700,0.0,0.0
2022-11-11 00:00:00-05:00,49.400001525878906,49.439998626708984,47.7400016784668,47.84000015258789,226100,0.0,0.0
2022-11-14 00:00:00-05:00,47.5099983215332,48.560001373291016,47.5099983215332,47.689998626708984,236400,0.0,0.0
2022-11-15 00:00:00-05:00,48.13999938964844,48.529998779296875,47.77000045776367,47.869998931884766,192000,0.0,0.0
2022-11-16 00:00:00-05:00,47.529998779296875,48.27000045776367,47.5,47.81999969482422,168800,0.0,0.0
2022-11-17 00:00:00-05:00,47.369998931884766,48.0,47.08000183105469,47.97999954223633,156800,0.0,0.0
2022-11-18 00:00:00-05:00,48.5099983215332,49.2599983215332,48.5099983215332,48.75,285300,0.0,0.0
2022-11-21 00:00:00-05:00,48.650001525878906,49.0099983215332,48.58000183105469,48.869998931884766,215200,0.0,0.0
2022-11-22 00:00:00-05:00,49.0,49.66999816894531,48.90999984741211,49.619998931884766,217500,0.0,0.0
2022-11-23 00:00:00-05:00,49.25,49.880001068115234,49.2400016784668,49.310001373291016,103800,0.0,0.0
2022-11-25 00:00:00-05:00,49.61000061035156,50.31999969482422,49.4900016784668,49.81999969482422,111400,0.0,0.0
2022-11-28 00:00:00-05:00,49.529998779296875,49.79999923706055,49.060001373291016,49.130001068115234,121000,0.0,0.0
2022-11-29 00:00:00-05:00,49.040000915527344,49.34000015258789,48.58000183105469,48.84000015258789,132500,0.0,0.0
2022-11-30 00:00:00-05:00,48.68000030517578,49.689998626708984,48.189998626708984,49.650001525878906,229900,0.0,0.0
2022-12-01 00:00:00-05:00,50.0,50.0,49.33000183105469,49.709999084472656,154100,0.0,0.0
2022-12-02 00:00:00-05:00,49.31999969482422,50.38999938964844,49.29999923706055,50.15999984741211,162900,0.0,0.0
2022-12-05 00:00:00-05:00,49.5,49.630001068115234,48.29999923706055,49.11000061035156,196500,0.0,0.0
2022-12-06 00:00:00-05:00,48.97999954223633,49.20000076293945,48.5099983215332,48.720001220703125,169700,0.0,0.0
2022-12-07 00:00:00-05:00,48.61000061035156,49.380001068115234,48.459999084472656,48.66999816894531,187300,0.0,0.0
2022-12-08 00:00:00-05:00,48.86000061035156,49.599998474121094,48.779998779296875,49.36000061035156,345200,0.0,0.0
2022-12-09 00:00:00-05:00,49.220001220703125,49.880001068115234,49.150001525878906,49.599998474121094,208700,0.0,0.0
2022-12-12 00:00:00-05:00,49.720001220703125,50.31999969482422,49.599998474121094,49.970001220703125,324900,0.0,0.0
2022-12-13 00:00:00-05:00,50.66999816894531,51.66999816894531,50.5099983215332,50.5099983215332,428800,0.0,0.0
2022-12-14 00:00:00-05:00,50.68000030517578,51.02000045776367,49.75,49.970001220703125,232600,0.0,0.0
2022-12-15 00:00:00-05:00,49.709999084472656,49.709999084472656,48.54999923706055,48.709999084472656,251600,0.0,0.0
2022-12-16 00:00:00-05:00,48.220001220703125,48.52000045776367,47.45000076293945,48.06999969482422,480100,0.0,0.0
2022-12-19 00:00:00-05:00,48.0099983215332,48.06999969482422,46.90999984741211,46.970001220703125,222700,0.0,0.0
2022-12-20 00:00:00-05:00,46.93000030517578,47.459999084472656,46.709999084472656,47.209999084472656,127300,0.0,0.0
2022-12-21 00:00:00-05:00,47.52000045776367,48.09000015258789,47.31999969482422,47.81999969482422,114300,0.0,0.0
2022-12-22 00:00:00-05:00,47.38999938964844,47.75,46.790000915527344,47.209999084472656,138300,0.0,0.0
2022-12-23 00:00:00-05:00,47.08000183105469,47.56999969482422,46.900001525878906,47.2599983215332,176300,0.0,0.0
2022-12-27 00:00:00-05:00,47.29999923706055,47.540000915527344,46.880001068115234,47.150001525878906,324900,0.0,0.0
2022-12-28 00:00:00-05:00,47.45000076293945,47.619998931884766,46.59000015258789,46.59000015258789,163900,0.0,0.0
2022-12-29 00:00:00-05:00,46.83000183105469,47.4900016784668,46.709999084472656,47.290000915527344,109400,0.0,0.0
2022-12-30 00:00:00-05:00,47.09000015258789,47.13999938964844,46.529998779296875,46.849998474121094,146200,0.0,0.0
2023-01-03 00:00:00-05:00,47.02000045776367,47.38999938964844,46.43000030517578,46.63999938964844,206400,0.0,0.0
2023-01-04 00:00:00-05:00,46.9900016784668,47.33000183105469,46.119998931884766,46.27000045776367,137800,0.0,0.0
2023-01-05 00:00:00-05:00,46.25,46.25,45.41999816894531,45.599998474121094,156900,0.0,0.0
2023-01-06 00:00:00-05:00,46.13999938964844,46.90999984741211,46.09000015258789,46.52000045776367,141400,0.0,0.0
2023-01-09 00:00:00-05:00,46.75,46.81999969482422,45.720001220703125,45.77000045776367,136300,0.0,0.0
2023-01-10 00:00:00-05:00,45.599998474121094,46.41999816894531,45.220001220703125,46.310001373291016,144000,0.0,0.0
2023-01-11 00:00:00-05:00,46.5099983215332,47.40999984741211,46.439998626708984,47.400001525878906,141200,0.0,0.0
2023-01-12 00:00:00-05:00,47.45000076293945,48.09000015258789,47.18000030517578,48.09000015258789,124100,0.0,0.0
2023-01-13 00:00:00-05:00,47.61000061035156,48.45000076293945,47.41999816894531,48.220001220703125,151200,0.0,0.0
2023-01-17 00:00:00-05:00,48.400001525878906,48.79999923706055,48.09000015258789,48.119998931884766,135100,0.0,0.0
2023-01-18 00:00:00-05:00,48.150001525878906,48.630001068115234,46.4900016784668,46.560001373291016,212400,0.0,0.0
2023-01-19 00:00:00-05:00,46.43000030517578,46.86000061035156,46.15999984741211,46.400001525878906,200400,0.0,0.0
2023-01-20 00:00:00-05:00,46.459999084472656,47.40999984741211,46.130001068115234,47.029998779296875,261000,0.0,0.0
2023-01-23 00:00:00-05:00,47.04999923706055,47.40999984741211,46.790000915527344,47.27000045776367,166500,0.0,0.0
2023-01-24 00:00:00-05:00,46.939998626708984,47.66999816894531,46.77000045776367,47.349998474121094,207300,0.0,0.0
2023-01-25 00:00:00-05:00,46.95000076293945,47.11000061035156,46.470001220703125,46.7599983215332,133800,0.0,0.0
2023-01-26 00:00:00-05:00,46.970001220703125,47.11000061035156,46.45000076293945,47.040000915527344,145700,0.0,0.0
2023-01-27 00:00:00-05:00,47.0,47.61000061035156,46.88999938964844,46.970001220703125,153300,0.0,0.0
2023-01-30 00:00:00-05:00,46.849998474121094,47.43000030517578,46.36000061035156,46.38999938964844,97400,0.0,0.0
2023-01-31 00:00:00-05:00,46.369998931884766,47.7400016784668,46.369998931884766,47.59000015258789,175700,0.0,0.0
2023-02-01 00:00:00-05:00,47.43000030517578,48.31999969482422,47.279998779296875,47.91999816894531,137400,0.0,0.0
2023-02-02 00:00:00-05:00,48.08000183105469,48.720001220703125,47.86000061035156,48.709999084472656,165500,0.0,0.0
2023-02-03 00:00:00-05:00,48.439998626708984,49.7599983215332,48.31999969482422,49.349998474121094,205700,0.0,0.0
2023-02-06 00:00:00-05:00,49.099998474121094,49.209999084472656,48.4900016784668,48.599998474121094,141200,0.0,0.0
2023-02-07 00:00:00-05:00,48.22999954223633,49.189998626708984,47.939998626708984,49.11000061035156,129700,0.0,0.0
2023-02-08 00:00:00-05:00,48.70000076293945,48.84000015258789,48.04999923706055,48.400001525878906,195400,0.0,0.0
2023-02-09 00:00:00-05:00,48.650001525878906,48.88999938964844,48.189998626708984,48.20000076293945,229900,0.0,0.0
2023-02-10 00:00:00-05:00,47.90999984741211,48.54999923706055,47.720001220703125,48.25,180800,0.0,0.0
2023-02-13 00:00:00-05:00,48.16999816894531,48.91999816894531,48.099998474121094,48.63999938964844,160600,0.0,0.0
2023-02-14 00:00:00-05:00,48.470001220703125,48.54999923706055,47.400001525878906,47.40999984741211,179900,0.0,0.0
2023-02-15 00:00:00-05:00,47.150001525878906,48.119998931884766,46.95000076293945,47.83000183105469,178600,0.0,0.0
2023-02-16 00:00:00-05:00,48.56999969482422,48.56999969482422,45.400001525878906,47.18000030517578,405900,0.0,0.0
2023-02-17 00:00:00-05:00,47.540000915527344,49.9900016784668,47.459999084472656,49.9900016784668,330000,0.0,0.0
2023-02-21 00:00:00-05:00,49.470001220703125,49.880001068115234,48.560001373291016,49.36000061035156,344500,0.0,0.0
2023-02-22 00:00:00-05:00,49.349998474121094,49.869998931884766,49.09000015258789,49.310001373291016,354700,0.0,0.0
2023-02-23 00:00:00-05:00,49.45000076293945,50.61000061035156,49.45000076293945,50.369998931884766,478700,0.0,0.0
2023-02-24 00:00:00-05:00,49.9900016784668,50.95000076293945,49.9900016784668,50.93000030517578,269900,0.0,0.0
2023-02-27 00:00:00-05:00,51.33000183105469,51.7400016784668,50.83000183105469,51.099998474121094,338000,0.0,0.0
2023-02-28 00:00:00-05:00,50.9900016784668,51.849998474121094,50.040000915527344,50.09000015258789,448100,0.0,0.0
2023-03-01 00:00:00-05:00,49.9900016784668,50.61000061035156,49.66999816894531,50.22999954223633,208300,0.0,0.0
2023-03-02 00:00:00-05:00,50.11000061035156,50.380001068115234,49.59000015258789,50.20000076293945,218800,0.0,0.0
2023-03-03 00:00:00-05:00,50.540000915527344,50.86000061035156,49.72999954223633,50.279998779296875,162700,0.0,0.0
2023-03-06 00:00:00-05:00,50.209999084472656,50.34000015258789,49.88999938964844,50.279998779296875,248900,0.0,0.0
2023-03-07 00:00:00-05:00,50.36000061035156,50.38999938964844,48.88999938964844,49.4900016784668,301600,0.0,0.0
2023-03-08 00:00:00-05:00,49.560001373291016,49.75,49.09000015258789,49.2599983215332,229800,0.0,0.0
2023-03-09 00:00:00-05:00,49.41999816894531,49.540000915527344,48.54999923706055,48.630001068115234,245400,0.0,0.0
2023-03-10 00:00:00-05:00,48.41999816894531,48.41999816894531,47.470001220703125,47.790000915527344,277700,0.0,0.0
2023-03-13 00:00:00-04:00,47.15999984741211,48.400001525878906,46.880001068115234,47.04999923706055,276600,0.0,0.0
2023-03-14 00:00:00-04:00,47.880001068115234,48.439998626708984,47.529998779296875,48.04999923706055,323900,0.0,0.0
2023-03-15 00:00:00-04:00,47.27000045776367,47.369998931884766,46.68000030517578,47.2400016784668,214100,0.0,0.0
2023-03-16 00:00:00-04:00,46.790000915527344,48.22999954223633,46.720001220703125,47.97999954223633,226900,0.0,0.0
2023-03-17 00:00:00-04:00,47.779998779296875,47.779998779296875,47.040000915527344,47.119998931884766,420800,0.0,0.0
2023-03-20 00:00:00-04:00,47.5,48.20000076293945,47.470001220703125,47.709999084472656,158200,0.0,0.0
2023-03-21 00:00:00-04:00,48.29999923706055,48.650001525878906,48.06999969482422,48.630001068115234,163100,0.0,0.0
2023-03-22 00:00:00-04:00,48.70000076293945,48.880001068115234,47.459999084472656,47.4900016784668,220700,0.0,0.0
2023-03-23 00:00:00-04:00,47.560001373291016,47.619998931884766,46.540000915527344,46.70000076293945,170600,0.0,0.0
2023-03-24 00:00:00-04:00,46.47999954223633,47.95000076293945,46.29999923706055,47.86000061035156,223700,0.0,0.0
2023-03-27 00:00:00-04:00,48.36000061035156,48.90999984741211,47.83000183105469,48.709999084472656,191400,0.0,0.0
2023-03-28 00:00:00-04:00,48.459999084472656,49.34000015258789,48.459999084472656,48.970001220703125,203500,0.0,0.0
2023-03-29 00:00:00-04:00,49.220001220703125,49.45000076293945,48.869998931884766,49.279998779296875,145800,0.0,0.0
2023-03-30 00:00:00-04:00,49.45000076293945,49.54999923706055,48.900001525878906,49.06999969482422,119900,0.0,0.0
2023-03-31 00:00:00-04:00,49.349998474121094,49.59000015258789,49.150001525878906,49.4900016784668,187500,0.0,0.0
2023-04-03 00:00:00-04:00,49.619998931884766,49.7599983215332,48.970001220703125,49.65999984741211,158400,0.0,0.0
2023-04-04 00:00:00-04:00,49.720001220703125,49.88999938964844,48.560001373291016,48.849998474121094,140100,0.0,0.0
2023-04-05 00:00:00-04:00,48.599998474121094,48.7599983215332,48.099998474121094,48.43000030517578,187300,0.0,0.0
2023-04-06 00:00:00-04:00,48.599998474121094,49.11000061035156,48.369998931884766,49.099998474121094,165100,0.0,0.0
2023-04-10 00:00:00-04:00,48.95000076293945,49.9900016784668,48.95000076293945,49.959999084472656,183000,0.0,0.0
2023-04-11 00:00:00-04:00,50.0,50.4900016784668,49.79999923706055,49.939998626708984,173400,0.0,0.0
2023-04-12 00:00:00-04:00,50.13999938964844,50.959999084472656,50.13999938964844,50.66999816894531,153800,0.0,0.0
2023-04-13 00:00:00-04:00,50.689998626708984,51.34000015258789,50.47999954223633,51.279998779296875,191000,0.0,0.0
2023-04-14 00:00:00-04:00,51.380001068115234,52.16999816894531,51.209999084472656,51.83000183105469,215300,0.0,0.0
2023-04-17 00:00:00-04:00,52.0,52.029998779296875,51.25,51.81999969482422,155200,0.0,0.0
2023-04-18 00:00:00-04:00,52.0,52.380001068115234,51.20000076293945,51.33000183105469,246400,0.0,0.0
2023-04-19 00:00:00-04:00,51.369998931884766,51.79999923706055,51.16999816894531,51.54999923706055,173700,0.0,0.0
2023-04-20 00:00:00-04:00,51.5099983215332,51.83000183105469,51.2599983215332,51.689998626708984,109600,0.0,0.0
2023-04-21 00:00:00-04:00,52.060001373291016,52.22999954223633,51.560001373291016,52.220001220703125,161900,0.0,0.0
2023-04-24 00:00:00-04:00,52.20000076293945,52.349998474121094,51.709999084472656,51.790000915527344,148100,0.0,0.0
2023-04-25 00:00:00-04:00,51.380001068115234,51.59000015258789,50.869998931884766,50.91999816894531,213200,0.0,0.0
2023-04-26 00:00:00-04:00,51.0,51.20000076293945,50.70000076293945,51.15999984741211,213500,0.0,0.0
2023-04-27 00:00:00-04:00,52.279998779296875,53.18000030517578,50.959999084472656,52.720001220703125,307200,0.0,0.0
2023-04-28 00:00:00-04:00,52.61000061035156,53.470001220703125,52.61000061035156,52.689998626708984,225600,0.0,0.0
2023-05-01 00:00:00-04:00,52.47999954223633,52.88999938964844,51.79999923706055,51.91999816894531,219200,0.0,0.0
2023-05-02 00:00:00-04:00,51.63999938964844,51.63999938964844,50.540000915527344,51.22999954223633,240300,0.0,0.0
2023-05-03 00:00:00-04:00,51.599998474121094,52.22999954223633,51.4900016784668,51.599998474121094,227800,0.0,0.0
2023-05-04 00:00:00-04:00,51.16999816894531,51.38999938964844,49.459999084472656,49.54999923706055,233900,0.0,0.0
2023-05-05 00:00:00-04:00,49.959999084472656,50.54999923706055,49.70000076293945,50.040000915527344,221100,0.0,0.0
2023-05-08 00:00:00-04:00,50.06999969482422,50.77000045776367,50.0,50.31999969482422,231000,0.0,0.0
2023-05-09 00:00:00-04:00,50.290000915527344,50.290000915527344,49.63999938964844,49.63999938964844,157000,0.0,0.0
2023-05-10 00:00:00-04:00,49.650001525878906,50.25,49.310001373291016,49.650001525878906,141700,0.0,0.0
2023-05-11 00:00:00-04:00,49.310001373291016,49.709999084472656,49.130001068115234,49.709999084472656,124600,0.0,0.0
2023-05-12 00:00:00-04:00,49.849998474121094,50.18000030517578,49.599998474121094,49.790000915527344,110000,0.0,0.0
2023-05-15 00:00:00-04:00,49.83000183105469,50.27000045776367,49.630001068115234,49.63999938964844,147900,0.0,0.0
2023-05-16 00:00:00-04:00,49.63999938964844,49.7599983215332,49.20000076293945,49.58000183105469,119300,0.0,0.0
2023-05-17 00:00:00-04:00,49.900001525878906,50.58000183105469,49.72999954223633,50.5,178300,0.0,0.0
2023-05-18 00:00:00-04:00,50.33000183105469,50.369998931884766,49.77000045776367,50.20000076293945,163500,0.0,0.0
2023-05-19 00:00:00-04:00,50.560001373291016,50.869998931884766,50.279998779296875,50.41999816894531,119100,0.0,0.0
2023-05-22 00:00:00-04:00,50.54999923706055,50.86000061035156,50.2599983215332,50.619998931884766,136300,0.0,0.0
2023-05-23 00:00:00-04:00,50.459999084472656,50.9900016784668,50.209999084472656,50.599998474121094,192200,0.0,0.0
2023-05-24 00:00:00-04:00,50.540000915527344,50.54999923706055,50.040000915527344,50.08000183105469,149200,0.0,0.0
2023-05-25 00:00:00-04:00,50.0,50.27000045776367,49.70000076293945,50.130001068115234,197700,0.0,0.0
2023-05-26 00:00:00-04:00,50.2400016784668,50.5,49.970001220703125,50.15999984741211,140100,0.0,0.0
2023-05-30 00:00:00-04:00,50.38999938964844,50.459999084472656,49.9900016784668,50.279998779296875,122000,0.0,0.0
2023-05-31 00:00:00-04:00,50.279998779296875,50.54999923706055,49.959999084472656,50.41999816894531,298200,0.0,0.0
2023-06-01 00:00:00-04:00,50.65999984741211,51.150001525878906,50.29999923706055,51.040000915527344,240900,0.0,0.0
2023-06-02 00:00:00-04:00,51.45000076293945,52.869998931884766,51.45000076293945,52.84000015258789,355600,0.0,0.0
2023-06-05 00:00:00-04:00,52.54999923706055,52.9900016784668,51.810001373291016,52.29999923706055,216100,0.0,0.0
2023-06-06 00:00:00-04:00,52.369998931884766,52.97999954223633,52.369998931884766,52.65999984741211,227000,0.0,0.0
2023-06-07 00:00:00-04:00,52.779998779296875,53.77000045776367,52.61000061035156,53.560001373291016,314000,0.0,0.0
2023-06-08 00:00:00-04:00,53.36000061035156,53.650001525878906,53.060001373291016,53.09000015258789,191100,0.0,0.0
2023-06-09 00:00:00-04:00,53.06999969482422,53.2599983215332,52.4900016784668,52.88999938964844,213400,0.0,0.0
2023-06-12 00:00:00-04:00,53.0099983215332,53.33000183105469,52.849998474121094,52.959999084472656,286600,0.0,0.0
2023-06-13 00:00:00-04:00,52.939998626708984,54.20000076293945,52.72999954223633,54.09000015258789,255700,0.0,0.0
2023-06-14 00:00:00-04:00,54.06999969482422,54.41999816894531,53.33000183105469,53.540000915527344,207400,0.0,0.0
2023-06-15 00:00:00-04:00,53.47999954223633,53.869998931884766,53.36000061035156,53.689998626708984,337200,0.0,0.0
2023-06-16 00:00:00-04:00,54.06999969482422,54.09000015258789,53.54999923706055,53.66999816894531,309700,0.0,0.0
2023-06-20 00:00:00-04:00,53.5,54.02000045776367,53.470001220703125,53.619998931884766,185700,0.0,0.0
2023-06-21 00:00:00-04:00,53.599998474121094,54.470001220703125,53.41999816894531,54.209999084472656,202100,0.0,0.0
2023-06-22 00:00:00-04:00,54.279998779296875,54.61000061035156,54.150001525878906,54.61000061035156,138600,0.0,0.0
2023-06-23 00:00:00-04:00,54.189998626708984,54.599998474121094,52.7599983215332,52.84000015258789,532500,0.0,0.0
2023-06-26 00:00:00-04:00,52.68000030517578,52.95000076293945,51.77000045776367,52.59000015258789,227000,0.0,0.0
2023-06-27 00:00:00-04:00,52.59000015258789,53.16999816894531,52.540000915527344,52.7400016784668,146800,0.0,0.0
2023-06-28 00:00:00-04:00,52.709999084472656,52.77000045776367,52.060001373291016,52.599998474121094,160200,0.0,0.0
2023-06-29 00:00:00-04:00,52.529998779296875,53.31999969482422,52.529998779296875,53.0,144400,0.0,0.0
2023-06-30 00:00:00-04:00,53.22999954223633,53.43000030517578,52.95000076293945,53.279998779296875,272100,0.0,0.0
2023-07-03 00:00:00-04:00,53.310001373291016,53.83000183105469,52.81999969482422,53.65999984741211,101400,0.0,0.0
2023-07-05 00:00:00-04:00,53.45000076293945,53.7400016784668,53.130001068115234,53.529998779296875,169200,0.0,0.0
2023-07-06 00:00:00-04:00,53.349998474121094,53.43000030517578,53.0,53.099998474121094,150600,0.0,0.0
2023-07-07 00:00:00-04:00,52.900001525878906,53.86000061035156,52.900001525878906,53.31999969482422,199200,0.0,0.0
2023-07-10 00:00:00-04:00,53.18000030517578,54.33000183105469,53.18000030517578,53.900001525878906,174500,0.0,0.0
2023-07-11 00:00:00-04:00,54.18000030517578,54.25,53.45000076293945,53.939998626708984,189400,0.0,0.0
2023-07-12 00:00:00-04:00,54.41999816894531,54.5099983215332,52.650001525878906,52.75,284800,0.0,0.0
2023-07-13 00:00:00-04:00,52.75,53.470001220703125,52.75,53.2400016784668,370000,0.0,0.0
2023-07-14 00:00:00-04:00,53.150001525878906,53.619998931884766,52.630001068115234,53.310001373291016,189600,0.0,0.0
2023-07-17 00:00:00-04:00,53.43000030517578,54.41999816894531,53.43000030517578,54.029998779296875,197700,0.0,0.0
2023-07-18 00:00:00-04:00,54.11000061035156,54.880001068115234,54.11000061035156,54.77000045776367,120200,0.0,0.0
2023-07-19 00:00:00-04:00,55.0,55.15999984741211,54.470001220703125,54.61000061035156,177600,0.0,0.0
2023-07-20 00:00:00-04:00,54.5,54.5,53.79999923706055,54.220001220703125,113000,0.0,0.0
2023-07-21 00:00:00-04:00,54.54999923706055,54.720001220703125,53.65999984741211,53.7400016784668,355900,0.0,0.0
2023-07-24 00:00:00-04:00,53.9900016784668,54.150001525878906,53.65999984741211,54.06999969482422,86500,0.0,0.0
2023-07-25 00:00:00-04:00,53.95000076293945,54.16999816894531,53.779998779296875,53.88999938964844,215900,0.0,0.0
2023-07-26 00:00:00-04:00,53.709999084472656,54.130001068115234,53.38999938964844,53.5,172000,0.0,0.0
2023-07-27 00:00:00-04:00,52.09000015258789,53.470001220703125,50.099998474121094,51.45000076293945,756500,0.0,0.0
2023-07-28 00:00:00-04:00,51.810001373291016,52.47999954223633,51.459999084472656,52.33000183105469,339500,0.0,0.0
2023-07-31 00:00:00-04:00,52.380001068115234,52.91999816894531,52.20000076293945,52.88999938964844,283900,0.0,0.0
2023-08-01 00:00:00-04:00,52.720001220703125,54.36000061035156,52.4900016784668,54.22999954223633,289700,0.0,0.0
2023-08-02 00:00:00-04:00,54.040000915527344,54.790000915527344,54.040000915527344,54.16999816894531,215700,0.0,0.0
2023-08-03 00:00:00-04:00,54.16999816894531,54.79999923706055,53.709999084472656,54.7400016784668,219400,0.0,0.0
2023-08-04 00:00:00-04:00,54.77000045776367,55.279998779296875,54.40999984741211,54.540000915527344,172500,0.0,0.0
2023-08-07 00:00:00-04:00,54.65999984741211,55.2599983215332,54.65999984741211,55.18000030517578,125700,0.0,0.0
2023-08-08 00:00:00-04:00,54.84000015258789,54.84000015258789,53.54999923706055,53.900001525878906,164800,0.0,0.0
2023-08-09 00:00:00-04:00,54.099998474121094,54.5,53.7599983215332,54.4900016784668,110000,0.0,0.0
2023-08-10 00:00:00-04:00,54.279998779296875,54.689998626708984,54.09000015258789,54.36000061035156,99000,0.0,0.0
2023-08-11 00:00:00-04:00,54.38999938964844,55.06999969482422,54.38999938964844,54.77000045776367,169600,0.0,0.0
2023-08-14 00:00:00-04:00,54.790000915527344,55.79999923706055,54.349998474121094,55.790000915527344,202900,0.0,0.0
2023-08-15 00:00:00-04:00,55.47999954223633,55.849998474121094,54.5099983215332,54.540000915527344,209000,0.0,0.0
2023-08-16 00:00:00-04:00,54.68000030517578,55.630001068115234,54.56999969482422,55.22999954223633,191900,0.0,0.0
2023-08-17 00:00:00-04:00,55.119998931884766,55.41999816894531,53.59000015258789,53.630001068115234,138400,0.0,0.0
2023-08-18 00:00:00-04:00,53.400001525878906,54.0,53.400001525878906,53.43000030517578,115500,0.0,0.0
2023-08-21 00:00:00-04:00,53.45000076293945,53.66999816894531,53.20000076293945,53.52000045776367,133300,0.0,0.0
2023-08-22 00:00:00-04:00,53.54999923706055,54.040000915527344,53.5,53.79999923706055,243500,0.0,0.0
2023-08-23 00:00:00-04:00,53.90999984741211,54.380001068115234,53.52000045776367,54.08000183105469,223000,0.0,0.0
2023-08-24 00:00:00-04:00,53.86000061035156,54.2599983215332,53.5,53.529998779296875,178700,0.0,0.0
2023-08-25 00:00:00-04:00,53.91999816894531,55.0099983215332,53.619998931884766,54.70000076293945,222600,0.0,0.0
2023-08-28 00:00:00-04:00,54.849998474121094,55.41999816894531,54.66999816894531,55.29999923706055,135900,0.0,0.0
2023-08-29 00:00:00-04:00,55.22999954223633,55.959999084472656,55.18000030517578,55.54999923706055,141500,0.0,0.0
2023-08-30 00:00:00-04:00,55.630001068115234,56.959999084472656,55.33000183105469,56.720001220703125,237300,0.0,0.0
2023-08-31 00:00:00-04:00,56.689998626708984,56.689998626708984,56.040000915527344,56.11000061035156,166100,0.0,0.0
2023-09-01 00:00:00-04:00,56.31999969482422,56.79999923706055,56.11000061035156,56.54999923706055,147400,0.0,0.0
2023-09-05 00:00:00-04:00,54.939998626708984,55.400001525878906,53.630001068115234,53.720001220703125,325200,0.0,0.0
2023-09-06 00:00:00-04:00,53.529998779296875,53.93000030517578,52.61000061035156,53.709999084472656,295400,0.0,0.0
2023-09-07 00:00:00-04:00,53.77000045776367,54.209999084472656,53.08000183105469,53.11000061035156,183700,0.0,0.0
2023-09-08 00:00:00-04:00,53.13999938964844,54.18000030517578,52.93000030517578,53.33000183105469,261600,0.0,0.0
2023-09-11 00:00:00-04:00,53.61000061035156,54.400001525878906,53.59000015258789,53.720001220703125,164400,0.0,0.0
2023-09-12 00:00:00-04:00,53.619998931884766,54.349998474121094,53.619998931884766,54.09000015258789,189400,0.0,0.0
2023-09-13 00:00:00-04:00,54.2400016784668,54.84000015258789,53.939998626708984,54.0,231500,0.0,0.0
2023-09-14 00:00:00-04:00,54.36000061035156,55.25,54.09000015258789,54.77000045776367,204600,0.0,0.0
2023-09-15 00:00:00-04:00,54.779998779296875,54.779998779296875,53.68000030517578,53.7400016784668,448500,0.0,0.0
2023-09-18 00:00:00-04:00,53.86000061035156,54.81999969482422,53.86000061035156,54.15999984741211,114800,0.0,0.0
2023-09-19 00:00:00-04:00,54.029998779296875,54.439998626708984,53.70000076293945,53.709999084472656,126100,0.0,0.0
2023-09-20 00:00:00-04:00,54.0,54.560001373291016,53.709999084472656,54.06999969482422,261800,0.0,0.0
2023-09-21 00:00:00-04:00,53.630001068115234,53.630001068115234,52.540000915527344,52.56999969482422,184600,0.0,0.0
2023-09-22 00:00:00-04:00,52.65999984741211,53.11000061035156,52.150001525878906,52.15999984741211,232300,0.0,0.0
2023-09-25 00:00:00-04:00,52.06999969482422,52.36000061035156,51.810001373291016,52.06999969482422,337500,0.0,0.0
2023-09-26 00:00:00-04:00,51.970001220703125,52.5099983215332,51.970001220703125,52.130001068115234,192300,0.0,0.0
2023-09-27 00:00:00-04:00,52.459999084472656,52.93000030517578,52.27000045776367,52.40999984741211,269400,0.0,0.0
2023-09-28 00:00:00-04:00,52.5,53.15999984741211,52.47999954223633,52.66999816894531,152200,0.0,0.0
2023-09-29 00:00:00-04:00,52.84000015258789,53.220001220703125,51.5,51.900001525878906,220800,0.0,0.0
2023-10-02 00:00:00-04:00,51.63999938964844,51.869998931884766,51.06999969482422,51.29999923706055,161600,0.0,0.0
2023-10-03 00:00:00-04:00,51.189998626708984,51.95000076293945,51.189998626708984,51.439998626708984,242600,0.0,0.0
2023-10-04 00:00:00-04:00,51.59000015258789,52.58000183105469,51.58000183105469,52.38999938964844,191800,0.0,0.0
2023-10-05 00:00:00-04:00,52.40999984741211,53.119998931884766,52.40999984741211,52.5099983215332,181300,0.0,0.0
2023-10-06 00:00:00-04:00,52.4900016784668,54.31999969482422,52.4900016784668,53.86000061035156,258000,0.0,0.0
2023-10-09 00:00:00-04:00,53.650001525878906,54.47999954223633,53.650001525878906,54.20000076293945,201900,0.0,0.0
2023-10-10 00:00:00-04:00,54.59000015258789,54.95000076293945,54.369998931884766,54.380001068115234,164200,0.0,0.0
2023-10-11 00:00:00-04:00,54.43000030517578,54.95000076293945,54.220001220703125,54.439998626708984,161400,0.0,0.0
2023-10-12 00:00:00-04:00,54.7400016784668,54.7400016784668,53.95000076293945,54.290000915527344,202700,0.0,0.0
2023-10-13 00:00:00-04:00,54.38999938964844,54.599998474121094,53.619998931884766,53.83000183105469,171800,0.0,0.0
2023-10-16 00:00:00-04:00,54.27000045776367,54.40999984741211,53.77000045776367,53.93000030517578,155100,0.0,0.0
2023-10-17 00:00:00-04:00,53.84000015258789,54.439998626708984,53.84000015258789,54.04999923706055,178300,0.0,0.0
2023-10-18 00:00:00-04:00,53.72999954223633,54.02000045776367,53.20000076293945,53.209999084472656,187100,0.0,0.0
2023-10-19 00:00:00-04:00,53.209999084472656,53.369998931884766,52.63999938964844,52.75,202900,0.0,0.0
2023-10-20 00:00:00-04:00,52.86000061035156,52.88999938964844,51.58000183105469,51.59000015258789,239800,0.0,0.0
2023-10-23 00:00:00-04:00,51.68000030517578,51.7599983215332,51.0,51.0099983215332,237400,0.0,0.0
2023-10-24 00:00:00-04:00,51.29999923706055,51.38999938964844,50.36000061035156,50.95000076293945,269100,0.0,0.0
2023-10-25 00:00:00-04:00,50.52000045776367,51.150001525878906,50.52000045776367,50.810001373291016,175200,0.0,0.0
2023-10-26 00:00:00-04:00,51.900001525878906,52.540000915527344,50.099998474121094,50.86000061035156,364000,0.0,0.0
2023-10-27 00:00:00-04:00,50.68000030517578,50.88999938964844,49.150001525878906,50.13999938964844,399900,0.0,0.0
2023-10-30 00:00:00-04:00,51.5,51.650001525878906,50.63999938964844,51.439998626708984,334900,0.0,0.0
2023-10-31 00:00:00-04:00,51.7400016784668,52.15999984741211,51.5,51.959999084472656,223600,0.0,0.0
2023-11-01 00:00:00-04:00,51.77000045776367,53.22999954223633,51.15999984741211,53.11000061035156,267800,0.0,0.0
2023-11-02 00:00:00-04:00,53.369998931884766,54.349998474121094,53.369998931884766,53.880001068115234,240300,0.0,0.0
2023-11-03 00:00:00-04:00,54.58000183105469,55.34000015258789,54.459999084472656,54.849998474121094,202300,0.0,0.0
2023-11-06 00:00:00-05:00,54.7400016784668,55.369998931884766,54.43000030517578,55.22999954223633,183300,0.0,0.0
2023-11-07 00:00:00-05:00,55.02000045776367,55.720001220703125,54.880001068115234,55.65999984741211,136800,0.0,0.0
2023-11-08 00:00:00-05:00,55.52000045776367,55.970001220703125,55.25,55.86000061035156,179500,0.0,0.0
2023-11-09 00:00:00-05:00,56.13999938964844,56.56999969482422,55.88999938964844,55.959999084472656,166500,0.0,0.0
2023-11-10 00:00:00-05:00,56.08000183105469,56.86000061035156,56.0,56.29999923706055,157700,0.0,0.0
2023-11-13 00:00:00-05:00,56.0,56.84000015258789,56.0,56.650001525878906,118800,0.0,0.0
2023-11-14 00:00:00-05:00,57.11000061035156,58.13999938964844,57.06999969482422,58.11000061035156,236900,0.0,0.0
2023-11-15 00:00:00-05:00,57.93000030517578,58.470001220703125,56.88999938964844,56.95000076293945,207100,0.0,0.0
2023-11-16 00:00:00-05:00,56.90999984741211,57.22999954223633,56.63999938964844,57.060001373291016,202900,0.0,0.0
2023-11-17 00:00:00-05:00,57.290000915527344,57.869998931884766,57.16999816894531,57.47999954223633,219800,0.0,0.0
2023-11-20 00:00:00-05:00,57.29999923706055,58.04999923706055,57.13999938964844,58.04999923706055,185800,0.0,0.0
2023-11-21 00:00:00-05:00,57.90999984741211,58.27000045776367,57.689998626708984,57.75,119100,0.0,0.0
2023-11-22 00:00:00-05:00,58.060001373291016,58.45000076293945,57.70000076293945,58.11000061035156,93300,0.0,0.0
2023-11-24 00:00:00-05:00,58.099998474121094,58.45000076293945,57.900001525878906,58.349998474121094,31700,0.0,0.0
2023-11-27 00:00:00-05:00,58.04999923706055,58.86000061035156,58.0,58.13999938964844,150000,0.0,0.0
2023-11-28 00:00:00-05:00,58.02000045776367,58.29999923706055,57.689998626708984,57.70000076293945,157100,0.0,0.0
2023-11-29 00:00:00-05:00,57.97999954223633,58.099998474121094,57.02000045776367,57.2400016784668,144800,0.0,0.0
2023-11-30 00:00:00-05:00,57.310001373291016,57.97999954223633,57.20000076293945,57.88999938964844,244100,0.0,0.0
2023-12-01 00:00:00-05:00,57.709999084472656,58.470001220703125,57.45000076293945,58.43000030517578,216100,0.0,0.0
2023-12-04 00:00:00-05:00,58.29999923706055,59.27000045776367,58.29999923706055,59.25,174900,0.0,0.0
2023-12-05 00:00:00-05:00,59.2599983215332,59.2599983215332,58.25,58.720001220703125,191300,0.0,0.0
2023-12-06 00:00:00-05:00,59.0,59.68000030517578,58.0099983215332,58.04999923706055,165400,0.0,0.0
2023-12-07 00:00:00-05:00,58.150001525878906,58.25,57.58000183105469,57.84000015258789,150300,0.0,0.0
2023-12-08 00:00:00-05:00,57.68000030517578,58.220001220703125,57.439998626708984,58.220001220703125,178700,0.0,0.0
2023-12-11 00:00:00-05:00,58.40999984741211,58.95000076293945,58.09000015258789,58.459999084472656,171900,0.0,0.0
2023-12-12 00:00:00-05:00,58.70000076293945,59.189998626708984,57.790000915527344,59.06999969482422,130300,0.0,0.0
2023-12-13 00:00:00-05:00,59.2400016784668,60.630001068115234,59.04999923706055,60.290000915527344,232700,0.0,0.0
2023-12-14 00:00:00-05:00,61.20000076293945,61.43000030517578,60.47999954223633,61.189998626708984,305100,0.0,0.0
2023-12-15 00:00:00-05:00,61.31999969482422,61.54999923706055,60.529998779296875,61.29999923706055,523700,0.0,0.0
2023-12-18 00:00:00-05:00,61.70000076293945,62.27000045776367,61.29999923706055,61.66999816894531,344200,0.0,0.0
2023-12-19 00:00:00-05:00,61.849998474121094,62.209999084472656,61.709999084472656,61.81999969482422,361100,0.0,0.0
2023-12-20 00:00:00-05:00,61.79999923706055,62.52000045776367,61.5,61.790000915527344,320600,0.0,0.0
2023-12-21 00:00:00-05:00,62.15999984741211,62.41999816894531,62.0099983215332,62.06999969482422,352500,0.0,0.0
2023-12-22 00:00:00-05:00,62.45000076293945,62.9900016784668,62.20000076293945,62.650001525878906,329700,0.0,0.0
2023-12-26 00:00:00-05:00,62.66999816894531,63.0,62.29999923706055,62.529998779296875,136700,0.0,0.0
2023-12-27 00:00:00-05:00,62.45000076293945,62.93000030517578,62.209999084472656,62.7599983215332,185300,0.0,0.0
2023-12-28 00:00:00-05:00,62.689998626708984,63.119998931884766,62.560001373291016,62.599998474121094,118300,0.0,0.0
2023-12-29 00:00:00-05:00,62.38999938964844,62.790000915527344,62.38999938964844,62.59000015258789,177000,0.0,0.0
2024-01-02 00:00:00-05:00,61.720001220703125,62.599998474121094,61.41999816894531,61.880001068115234,314200,0.0,0.0
2024-01-03 00:00:00-05:00,61.56999969482422,61.720001220703125,60.7599983215332,60.869998931884766,321100,0.0,0.0
2024-01-04 00:00:00-05:00,61.0,61.41999816894531,60.900001525878906,61.04999923706055,169300,0.0,0.0
2024-01-05 00:00:00-05:00,60.7400016784668,61.290000915527344,60.59000015258789,60.70000076293945,291000,0.0,0.0
2024-01-08 00:00:00-05:00,60.810001373291016,61.5,60.65999984741211,61.439998626708984,197400,0.0,0.0
2024-01-09 00:00:00-05:00,60.88999938964844,61.40999984741211,60.63999938964844,61.380001068115234,188800,0.0,0.0
2024-01-10 00:00:00-05:00,61.220001220703125,62.380001068115234,61.150001525878906,62.22999954223633,358000,0.0,0.0
2024-01-11 00:00:00-05:00,62.16999816894531,62.779998779296875,61.77000045776367,62.20000076293945,358300,0.0,0.0
2024-01-12 00:00:00-05:00,62.75,63.20000076293945,62.41999816894531,63.09000015258789,219900,0.0,0.0
2024-01-16 00:00:00-05:00,62.68000030517578,63.380001068115234,62.68000030517578,62.79999923706055,237600,0.0,0.0
2024-01-17 00:00:00-05:00,62.310001373291016,62.900001525878906,62.310001373291016,62.689998626708984,167400,0.0,0.0
2024-01-18 00:00:00-05:00,62.95000076293945,62.95000076293945,62.099998474121094,62.84000015258789,193600,0.0,0.0
2024-01-19 00:00:00-05:00,63.060001373291016,63.58000183105469,62.630001068115234,63.45000076293945,282300,0.0,0.0
2024-01-22 00:00:00-05:00,63.970001220703125,64.95999908447266,63.939998626708984,64.9000015258789,257800,0.0,0.0
2024-01-23 00:00:00-05:00,65.31999969482422,65.48999786376953,64.58999633789062,64.80999755859375,187700,0.0,0.0
2024-01-24 00:00:00-05:00,65.38999938964844,65.38999938964844,64.62999725341797,64.83999633789062,157000,0.0,0.0
2024-01-25 00:00:00-05:00,65.4000015258789,65.45999908447266,64.44000244140625,64.5999984741211,183400,0.0,0.0
2024-01-26 00:00:00-05:00,65.06999969482422,65.44000244140625,64.87000274658203,65.12999725341797,250100,0.0,0.0
2024-01-29 00:00:00-05:00,64.93000030517578,65.69000244140625,64.91000366210938,65.51000213623047,151800,0.0,0.0
2024-01-30 00:00:00-05:00,65.43000030517578,66.1500015258789,65.37999725341797,65.5999984741211,600700,0.0,0.0
2024-01-31 00:00:00-05:00,65.79000091552734,65.79000091552734,63.540000915527344,63.65999984741211,251600,0.0,0.0
2024-02-01 00:00:00-05:00,63.779998779296875,64.69000244140625,63.58000183105469,64.69000244140625,200100,0.0,0.0
2024-02-02 00:00:00-05:00,64.1500015258789,64.56999969482422,64.0199966430664,64.11000061035156,124100,0.0,0.0
2024-02-05 00:00:00-05:00,63.86000061035156,64.25,63.31999969482422,63.95000076293945,157400,0.0,0.0
2024-02-06 00:00:00-05:00,63.84000015258789,65.4800033569336,63.84000015258789,65.23999786376953,308400,0.0,0.0
2024-02-07 00:00:00-05:00,65.23999786376953,65.94000244140625,64.94000244140625,65.13999938964844,240100,0.0,0.0
2024-02-08 00:00:00-05:00,64.87999725341797,65.9000015258789,64.69000244140625,65.12999725341797,334500,0.0,0.0
2024-02-09 00:00:00-05:00,65.44999694824219,66.2300033569336,65.26000213623047,66.06999969482422,192900,0.0,0.0
2024-02-12 00:00:00-05:00,66.12999725341797,66.8499984741211,66.12000274658203,66.45999908447266,185900,0.0,0.0
2024-02-13 00:00:00-05:00,65.68000030517578,65.76000213623047,63.06999969482422,63.349998474121094,266900,0.0,0.0
2024-02-14 00:00:00-05:00,64.05999755859375,64.79000091552734,63.599998474121094,64.7300033569336,507300,0.0,0.0
2024-02-15 00:00:00-05:00,65.7699966430664,70.36000061035156,65.56999969482422,70.3499984741211,606300,0.0,0.0
2024-02-16 00:00:00-05:00,70.58999633789062,73.9800033569336,70.1500015258789,71.55000305175781,672900,0.0,0.0
2024-02-20 00:00:00-05:00,70.6500015258789,72.61000061035156,70.6500015258789,72.3499984741211,303500,0.0,0.0
2024-02-21 00:00:00-05:00,72.26000213623047,72.91000366210938,72.18000030517578,72.72000122070312,353000,0.0,0.0
2024-02-22 00:00:00-05:00,72.94000244140625,75.06999969482422,72.94000244140625,74.80000305175781,701500,0.0,0.0
2024-02-23 00:00:00-05:00,74.98999786376953,75.83000183105469,74.87000274658203,75.47000122070312,405400,0.0,0.0
2024-02-26 00:00:00-05:00,75.5,75.9000015258789,75.4000015258789,75.6500015258789,205100,0.0,0.0
2024-02-27 00:00:00-05:00,75.7300033569336,76.44000244140625,75.48999786376953,76.22000122070312,234700,0.0,0.0
2024-02-28 00:00:00-05:00,76.22000122070312,76.69000244140625,75.02999877929688,75.27999877929688,282400,0.0,0.0
2024-02-29 00:00:00-05:00,75.5199966430664,75.80999755859375,74.48999786376953,75.52999877929688,240400,0.0,0.0
2024-03-01 00:00:00-05:00,75.31999969482422,76.37000274658203,74.87999725341797,75.88999938964844,397500,0.0,0.0
2024-03-04 00:00:00-05:00,75.79000091552734,77.87000274658203,75.55999755859375,77.19999694824219,278600,0.0,0.0
2024-03-05 00:00:00-05:00,77.08000183105469,77.91000366210938,75.23999786376953,75.55999755859375,377400,0.0,0.0
2024-03-06 00:00:00-05:00,76.11000061035156,76.2699966430664,74.79000091552734,75.2300033569336,286700,0.0,0.0
2024-03-07 00:00:00-05:00,75.9000015258789,76.41000366210938,75.47000122070312,76.1500015258789,318600,0.0,0.0
2024-03-08 00:00:00-05:00,76.7300033569336,77.37000274658203,76.47000122070312,76.5999984741211,271900,0.0,0.0
2024-03-11 00:00:00-04:00,76.16000366210938,76.16000366210938,74.25,74.29000091552734,344100,0.0,0.0
2024-03-12 00:00:00-04:00,74.55000305175781,75.37000274658203,74.19000244140625,74.7300033569336,317900,0.0,0.0
2024-03-13 00:00:00-04:00,74.5999984741211,75.08000183105469,73.47000122070312,73.83000183105469,503600,0.0,0.0
2024-03-14 00:00:00-04:00,73.95999908447266,74.66000366210938,73.86000061035156,74.56999969482422,460400,0.0,0.0
2024-03-15 00:00:00-04:00,74.26000213623047,75.20999908447266,74.19000244140625,75.18000030517578,955000,0.0,0.0
2024-03-18 00:00:00-04:00,75.37999725341797,76.37000274658203,75.06999969482422,76.0,503500,0.0,0.0
2024-03-19 00:00:00-04:00,76.0,77.19999694824219,75.26000213623047,77.02999877929688,487300,0.0,0.0
2024-03-20 00:00:00-04:00,77.19000244140625,77.20999908447266,76.36000061035156,76.68000030517578,294000,0.0,0.0
2024-03-21 00:00:00-04:00,76.9800033569336,78.52999877929688,76.77999877929688,78.11000061035156,259400,0.0,0.0
2024-03-22 00:00:00-04:00,78.36000061035156,78.41999816894531,77.27999877929688,77.38999938964844,240200,0.0,0.0
2024-03-25 00:00:00-04:00,77.5199966430664,77.93000030517578,77.0999984741211,77.81999969482422,183900,0.0,0.0
2024-03-26 00:00:00-04:00,78.0199966430664,78.43000030517578,77.77999877929688,78.05000305175781,319100,0.0,0.0
2024-03-27 00:00:00-04:00,78.58999633789062,78.91000366210938,77.30000305175781,78.05000305175781,342100,0.0,0.0
2024-03-28 00:00:00-04:00,78.05000305175781,79.55000305175781,77.72000122070312,78.5,395700,0.0,0.0
2024-04-01 00:00:00-04:00,78.4800033569336,78.70999908447266,77.5199966430664,77.86000061035156,291300,0.0,0.0
2024-04-02 00:00:00-04:00,76.98999786376953,77.33999633789062,76.44000244140625,76.5,282000,0.0,0.0
2024-04-03 00:00:00-04:00,76.19000244140625,76.86000061035156,75.87999725341797,76.54000091552734,277100,0.0,0.0
2024-04-04 00:00:00-04:00,77.23999786376953,77.43000030517578,75.37999725341797,75.5999984741211,175200,0.0,0.0
2024-04-05 00:00:00-04:00,75.38999938964844,76.4000015258789,75.38999938964844,75.77999877929688,161600,0.0,0.0
2024-04-08 00:00:00-04:00,76.06999969482422,77.2300033569336,75.7699966430664,77.19999694824219,288200,0.0,0.0
2024-04-09 00:00:00-04:00,77.43000030517578,77.54000091552734,76.38999938964844,76.9800033569336,282800,0.0,0.0
2024-04-10 00:00:00-04:00,75.62000274658203,75.62000274658203,74.20999908447266,74.4800033569336,245500,0.0,0.0
2024-04-11 00:00:00-04:00,74.4800033569336,74.69000244140625,73.66000366210938,74.33000183105469,235600,0.0,0.0
2024-04-12 00:00:00-04:00,73.88999938964844,74.94999694824219,73.88999938964844,74.01000213623047,237500,0.0,0.0
2024-04-15 00:00:00-04:00,74.3499984741211,75.02999877929688,73.9000015258789,74.5,368100,0.0,0.0
2024-04-16 00:00:00-04:00,74.12999725341797,75.16000366210938,73.44000244140625,74.75,279000,0.0,0.0
2024-04-17 00:00:00-04:00,75.4000015258789,75.62000274658203,73.29000091552734,73.69000244140625,367600,0.0,0.0
2024-04-18 00:00:00-04:00,73.55999755859375,74.9000015258789,73.19999694824219,74.22000122070312,255300,0.0,0.0
2024-04-19 00:00:00-04:00,74.12000274658203,75.08999633789062,74.12000274658203,74.91999816894531,187800,0.0,0.0
2024-04-22 00:00:00-04:00,75.30000305175781,76.9000015258789,74.8499984741211,76.02999877929688,237400,0.0,0.0
2024-04-23 00:00:00-04:00,76.0,78.2300033569336,76.0,78.06999969482422,243000,0.0,0.0
2024-04-24 00:00:00-04:00,77.77999877929688,78.47000122070312,77.45999908447266,78.33000183105469,281000,0.0,0.0
2024-04-25 00:00:00-04:00,75.75,78.33000183105469,73.43000030517578,75.52999877929688,698100,0.0,0.0
2024-04-26 00:00:00-04:00,75.43000030517578,75.61000061035156,72.66999816894531,72.76000213623047,321100,0.0,0.0
2024-04-29 00:00:00-04:00,72.83999633789062,73.08000183105469,71.95999908447266,71.97000122070312,270900,0.0,0.0
2024-04-30 00:00:00-04:00,71.9000015258789,71.98999786376953,70.72000122070312,71.18000030517578,348000,0.0,0.0
2024-05-01 00:00:00-04:00,71.48999786376953,72.31999969482422,70.83999633789062,71.37000274658203,259200,0.0,0.0
2024-05-02 00:00:00-04:00,71.72000122070312,72.66999816894531,71.05000305175781,72.55000305175781,398700,0.0,0.0
2024-05-03 00:00:00-04:00,73.47000122070312,74.08999633789062,73.08999633789062,73.0999984741211,149000,0.0,0.0
2024-05-06 00:00:00-04:00,73.55000305175781,74.80999755859375,73.54000091552734,74.61000061035156,153600,0.0,0.0
2024-05-07 00:00:00-04:00,74.69999694824219,75.83999633789062,74.62999725341797,75.5999984741211,192400,0.0,0.0
2024-05-08 00:00:00-04:00,75.30999755859375,76.33000183105469,75.22000122070312,75.52999877929688,184400,0.0,0.0
2024-05-09 00:00:00-04:00,75.45999908447266,76.56999969482422,75.45999908447266,76.44999694824219,177700,0.0,0.0
2024-05-10 00:00:00-04:00,76.79000091552734,77.04000091552734,76.23999786376953,77.0,146600,0.0,0.0
2024-05-13 00:00:00-04:00,77.19000244140625,77.29000091552734,76.56999969482422,76.68000030517578,217300,0.0,0.0
2024-05-14 00:00:00-04:00,77.2699966430664,77.30999755859375,76.75,76.80999755859375,289800,0.0,0.0
2024-05-15 00:00:00-04:00,77.16000366210938,77.91999816894531,77.12000274658203,77.5,226100,0.0,0.0
2024-05-16 00:00:00-04:00,77.58999633789062,77.66999816894531,76.77999877929688,77.37000274658203,161500,0.0,0.0
2024-05-17 00:00:00-04:00,77.4800033569336,78.16999816894531,76.73999786376953,77.98999786376953,153500,0.0,0.0
2024-05-20 00:00:00-04:00,78.05999755859375,80.41999816894531,78.05999755859375,78.72000122070312,211200,0.0,0.0
2024-05-21 00:00:00-04:00,78.45999908447266,78.97000122070312,77.9000015258789,78.55999755859375,173100,0.0,0.0
2024-05-22 00:00:00-04:00,78.44000244140625,79.80000305175781,78.31999969482422,78.98999786376953,217200,0.0,0.0
2024-05-23 00:00:00-04:00,79.01000213623047,79.91999816894531,77.98999786376953,78.44999694824219,226000,0.0,0.0
2024-05-24 00:00:00-04:00,79.06999969482422,79.5199966430664,78.0999984741211,78.98999786376953,434300,0.0,0.0
2024-05-28 00:00:00-04:00,79.18000030517578,79.18000030517578,76.80000305175781,76.9800033569336,333200,0.0,0.0
2024-05-29 00:00:00-04:00,76.11000061035156,76.44000244140625,74.75,74.81999969482422,259900,0.0,0.0
2024-05-30 00:00:00-04:00,74.81999969482422,75.95999908447266,74.43000030517578,74.77999877929688,237600,0.0,0.0
2024-05-31 00:00:00-04:00,75.02999877929688,75.87000274658203,74.51000213623047,75.81999969482422,387400,0.0,0.0
2024-06-03 00:00:00-04:00,76.61000061035156,76.63999938964844,75.95999908447266,76.05999755859375,372600,0.0,0.0
2024-06-04 00:00:00-04:00,75.87999725341797,76.94999694824219,75.68000030517578,76.30999755859375,232400,0.0,0.0
2024-06-05 00:00:00-04:00,76.56999969482422,76.6500015258789,75.5,75.8499984741211,185300,0.0,0.0
2024-06-06 00:00:00-04:00,75.5999984741211,75.91000366210938,73.43000030517578,74.7699966430664,259800,0.0,0.0
2024-06-07 00:00:00-04:00,74.43000030517578,75.69999694824219,73.69000244140625,73.79000091552734,220600,0.0,0.0
2024-06-10 00:00:00-04:00,73.7300033569336,74.83000183105469,73.45999908447266,74.33999633789062,271100,0.0,0.0
2024-06-11 00:00:00-04:00,74.0,74.98999786376953,73.37999725341797,74.69999694824219,305100,0.0,0.0
2024-06-12 00:00:00-04:00,76.0199966430664,76.9800033569336,75.48999786376953,75.63999938964844,243900,0.0,0.0
2024-06-13 00:00:00-04:00,75.47000122070312,75.80000305175781,74.52999877929688,75.56999969482422,226900,0.0,0.0
2024-06-14 00:00:00-04:00,74.76000213623047,75.52999877929688,74.55999755859375,75.1500015258789,206500,0.0,0.0
2024-06-17 00:00:00-04:00,74.91999816894531,76.75,74.73999786376953,76.11000061035156,314800,0.0,0.0
2024-06-18 00:00:00-04:00,76.04000091552734,77.27999877929688,76.04000091552734,76.91999816894531,478900,0.0,0.0
2024-06-20 00:00:00-04:00,76.66000366210938,77.1500015258789,75.2699966430664,75.55999755859375,398700,0.0,0.0
2024-06-21 00:00:00-04:00,75.37999725341797,75.5,74.70999908447266,75.0199966430664,613000,0.0,0.0
2024-06-24 00:00:00-04:00,75.37000274658203,75.9800033569336,74.87000274658203,74.94999694824219,420600,0.0,0.0
2024-06-25 00:00:00-04:00,75.04000091552734,75.04000091552734,74.02999877929688,74.56999969482422,352400,0.0,0.0
2024-06-26 00:00:00-04:00,74.12000274658203,74.26000213623047,73.6500015258789,73.72000122070312,358700,0.0,0.0
2024-06-27 00:00:00-04:00,74.16000366210938,74.16000366210938,73.01000213623047,73.7300033569336,249500,0.0,0.0
2024-06-28 00:00:00-04:00,74.30000305175781,74.51000213623047,73.3499984741211,74.0999984741211,709500,0.0,0.0
2024-07-01 00:00:00-04:00,74.30999755859375,74.5999984741211,73.12000274658203,73.69000244140625,316900,0.0,0.0
2024-07-02 00:00:00-04:00,73.9000015258789,74.79000091552734,73.76000213623047,74.5199966430664,189500,0.0,0.0
2024-07-03 00:00:00-04:00,74.81999969482422,75.1500015258789,74.44000244140625,74.5199966430664,107100,0.0,0.0
2024-07-05 00:00:00-04:00,74.37000274658203,74.5999984741211,73.69999694824219,74.12999725341797,155000,0.0,0.0
2024-07-08 00:00:00-04:00,74.54000091552734,74.9000015258789,74.0,74.08000183105469,172700,0.0,0.0
2024-07-09 00:00:00-04:00,74.08000183105469,74.36000061035156,73.47000122070312,73.87999725341797,510100,0.0,0.0
2024-07-10 00:00:00-04:00,74.04000091552734,74.04000091552734,73.33000183105469,73.94999694824219,168000,0.0,0.0
2024-07-11 00:00:00-04:00,75.01000213623047,75.81999969482422,74.62000274658203,75.43000030517578,296200,0.0,0.0
2024-07-12 00:00:00-04:00,75.79000091552734,76.97000122070312,75.79000091552734,76.5199966430664,252700,0.0,0.0
2024-07-15 00:00:00-04:00,77.16000366210938,78.75,77.04000091552734,78.36000061035156,255700,0.0,0.0
2024-07-16 00:00:00-04:00,78.98999786376953,83.2699966430664,78.98999786376953,83.1500015258789,339900,0.0,0.0
2024-07-17 00:00:00-04:00,82.97000122070312,84.66999816894531,82.06999969482422,84.11000061035156,408700,0.0,0.0
2024-07-18 00:00:00-04:00,83.66000366210938,85.77999877929688,83.66000366210938,84.33999633789062,267100,0.0,0.0
2024-07-19 00:00:00-04:00,84.52999877929688,84.95999908447266,83.80000305175781,84.2300033569336,153500,0.0,0.0
2024-07-22 00:00:00-04:00,84.52999877929688,85.56999969482422,83.88999938964844,85.16000366210938,263400,0.0,0.0
2024-07-23 00:00:00-04:00,84.93000030517578,86.04000091552734,84.22000122070312,84.77999877929688,254300,0.0,0.0
2024-07-24 00:00:00-04:00,84.43000030517578,85.16000366210938,82.9800033569336,83.25,222600,0.0,0.0
2024-07-25 00:00:00-04:00,83.75,84.69000244140625,83.3499984741211,83.55000305175781,360500,0.0,0.0
2024-07-26 00:00:00-04:00,85.0199966430664,85.79000091552734,84.91999816894531,85.66000366210938,245800,0.0,0.0
2024-07-29 00:00:00-04:00,85.91999816894531,86.27999877929688,84.41000366210938,84.66999816894531,194900,0.0,0.0
2024-07-30 00:00:00-04:00,85.27999877929688,86.36000061035156,85.2300033569336,86.0199966430664,286700,0.0,0.0
2024-07-31 00:00:00-04:00,78.1500015258789,79.16999816894531,69.04000091552734,69.4000015258789,1715500,0.0,0.0
2024-08-01 00:00:00-04:00,70.18000030517578,74.9800033569336,68.97000122070312,73.05000305175781,1463900,0.0,0.0
2024-08-02 00:00:00-04:00,70.9000015258789,71.37999725341797,70.12999725341797,71.05000305175781,789100,0.0,0.0
2024-08-05 00:00:00-04:00,68.16999816894531,70.56999969482422,67.12999725341797,69.30999755859375,542600,0.0,0.0
2024-08-06 00:00:00-04:00,69.18000030517578,70.41999816894531,68.5999984741211,70.16000366210938,330000,0.0,0.0
2024-08-07 00:00:00-04:00,70.72000122070312,71.37000274658203,67.94000244140625,68.05999755859375,487900,0.0,0.0
2024-08-08 00:00:00-04:00,68.83999633789062,68.9000015258789,67.33000183105469,68.47000122070312,292400,0.0,0.0
2024-08-09 00:00:00-04:00,68.3499984741211,68.73999786376953,67.41000366210938,68.05000305175781,382200,0.0,0.0
2024-08-12 00:00:00-04:00,69.56999969482422,69.91999816894531,68.33000183105469,68.77999877929688,346200,0.0,0.0
2024-08-13 00:00:00-04:00,68.9000015258789,69.1500015258789,67.7699966430664,68.3499984741211,325100,0.0,0.0
2024-08-14 00:00:00-04:00,68.44000244140625,68.88999938964844,67.48999786376953,67.94000244140625,285300,0.0,0.0
2024-08-15 00:00:00-04:00,69.01000213623047,70.23999786376953,68.0199966430664,69.66999816894531,332500,0.0,0.0
2024-08-16 00:00:00-04:00,69.41999816894531,70.4800033569336,68.9000015258789,69.13999938964844,185500,0.0,0.0
2024-08-19 00:00:00-04:00,69.20999908447266,70.72000122070312,69.20999908447266,70.29000091552734,190600,0.0,0.0
2024-08-20 00:00:00-04:00,70.38999938964844,71.7300033569336,69.91999816894531,71.16999816894531,306000,0.0,0.0
2024-08-21 00:00:00-04:00,71.61000061035156,72.0,70.73999786376953,71.61000061035156,288600,0.0,0.0
2024-08-22 00:00:00-04:00,71.66000366210938,72.11000061035156,70.9000015258789,71.19000244140625,144000,0.0,0.0
2024-08-23 00:00:00-04:00,71.69000244140625,72.68000030517578,71.5,72.0199966430664,291500,0.0,0.0
2024-08-26 00:00:00-04:00,72.62999725341797,72.9800033569336,71.55000305175781,71.58000183105469,166100,0.0,0.0
2024-08-27 00:00:00-04:00,71.33000183105469,71.93000030517578,70.94000244140625,71.20999908447266,156400,0.0,0.0
2024-08-28 00:00:00-04:00,71.31999969482422,71.47000122070312,70.69999694824219,70.76000213623047,215000,0.0,0.0
2024-08-29 00:00:00-04:00,71.25,71.79000091552734,70.13999938964844,71.20999908447266,218600,0.0,0.0
2024-08-30 00:00:00-04:00,71.79000091552734,73.83000183105469,71.66999816894531,73.5999984741211,379400,0.0,0.0
2024-09-03 00:00:00-04:00,73.37999725341797,74.1500015258789,73.0,73.1500015258789,465300,0.0,0.0
2024-09-04 00:00:00-04:00,73.04000091552734,73.93000030517578,71.63999938964844,72.7300033569336,257100,0.0,0.0
2024-09-05 00:00:00-04:00,72.75,72.75,70.91000366210938,71.62999725341797,205600,0.0,0.0
2024-09-06 00:00:00-04:00,71.80000305175781,71.80000305175781,68.72000122070312,68.72000122070312,308500,0.0,0.0
2024-09-09 00:00:00-04:00,69.04000091552734,69.04000091552734,65.2300033569336,65.5999984741211,592100,0.0,0.0
2024-09-10 00:00:00-04:00,66.01000213623047,66.16999816894531,64.29000091552734,64.51000213623047,401400,0.0,0.0
2024-09-11 00:00:00-04:00,63.900001525878906,65.55999755859375,62.65999984741211,65.36000061035156,660500,0.0,0.0
2024-09-12 00:00:00-04:00,65.62000274658203,67.86000061035156,65.01000213623047,66.91000366210938,373400,0.0,0.0
2024-09-13 00:00:00-04:00,67.5199966430664,69.08999633789062,67.29000091552734,67.75,225100,0.0,0.0
2024-09-16 00:00:00-04:00,68.08999633789062,68.41999816894531,67.44000244140625,67.95999908447266,236000,0.0,0.0
2024-09-17 00:00:00-04:00,68.27999877929688,69.06999969482422,67.5,67.77999877929688,195000,0.0,0.0
2024-09-18 00:00:00-04:00,67.91000366210938,68.72000122070312,66.66999816894531,67.23999786376953,305100,0.0,0.0
2024-09-19 00:00:00-04:00,68.16000366210938,68.16000366210938,67.1500015258789,67.38999938964844,238400,0.0,0.0
2024-09-20 00:00:00-04:00,67.33999633789062,68.06999969482422,66.91999816894531,67.61000061035156,459400,0.0,0.0
2024-09-23 00:00:00-04:00,67.83999633789062,68.77999877929688,67.27999877929688,68.08999633789062,236200,0.0,0.0
2024-09-24 00:00:00-04:00,67.83999633789062,68.12000274658203,66.6500015258789,66.80999755859375,254800,0.0,0.0
2024-09-25 00:00:00-04:00,67.19000244140625,67.19000244140625,66.12999725341797,66.55999755859375,295400,0.0,0.0
2024-09-26 00:00:00-04:00,67.05999755859375,67.72000122070312,66.56999969482422,66.69000244140625,278600,0.0,0.0
2024-09-27 00:00:00-04:00,67.13999938964844,67.79000091552734,66.69000244140625,66.81999969482422,235400,0.0,0.0
2024-09-30 00:00:00-04:00,66.68000030517578,67.31999969482422,66.20999908447266,67.29000091552734,438100,0.0,0.0
2024-10-01 00:00:00-04:00,67.0,67.26000213623047,66.29000091552734,66.80000305175781,225500,0.0,0.0
2024-10-02 00:00:00-04:00,66.55000305175781,67.16000366210938,66.0199966430664,66.05999755859375,283400,0.0,0.0
2024-10-03 00:00:00-04:00,65.98999786376953,66.08000183105469,64.88999938964844,65.05000305175781,249300,0.0,0.0
2024-10-04 00:00:00-04:00,65.9000015258789,65.9000015258789,64.94999694824219,65.37000274658203,223100,0.0,0.0
2024-10-07 00:00:00-04:00,65.0199966430664,65.54000091552734,64.30999755859375,64.5999984741211,277400,0.0,0.0
2024-10-08 00:00:00-04:00,65.0,65.33999633789062,64.41000366210938,64.7300033569336,209900,0.0,0.0
2024-10-09 00:00:00-04:00,64.87999725341797,65.61000061035156,64.61000061035156,65.41000366210938,426000,0.0,0.0
2024-10-10 00:00:00-04:00,64.79000091552734,65.33000183105469,63.61000061035156,63.779998779296875,244500,0.0,0.0
2024-10-11 00:00:00-04:00,64.01000213623047,65.7699966430664,64.01000213623047,65.31999969482422,377300,0.0,0.0
2024-10-14 00:00:00-04:00,65.55000305175781,65.83000183105469,65.19000244140625,65.41000366210938,234600,0.0,0.0
2024-10-15 00:00:00-04:00,65.76000213623047,68.30000305175781,65.26000213623047,67.2300033569336,521100,0.0,0.0
2024-10-16 00:00:00-04:00,67.3499984741211,68.06999969482422,67.3499984741211,67.41000366210938,283300,0.0,0.0
2024-10-17 00:00:00-04:00,67.23999786376953,67.5,66.88999938964844,67.3499984741211,164800,0.0,0.0
2024-10-18 00:00:00-04:00,67.44999694824219,68.20999908447266,67.01000213623047,67.98999786376953,239700,0.0,0.0
2024-10-21 00:00:00-04:00,67.95999908447266,67.95999908447266,66.45999908447266,66.76000213623047,220700,0.0,0.0
2024-10-22 00:00:00-04:00,66.47000122070312,66.55000305175781,65.52999877929688,66.04000091552734,218600,0.0,0.0
2024-10-23 00:00:00-04:00,65.63999938964844,66.4000015258789,65.45999908447266,65.9800033569336,346400,0.0,0.0
2024-10-24 00:00:00-04:00,65.86000061035156,66.87999725341797,65.4800033569336,66.54000091552734,384300,0.0,0.0
2024-10-25 00:00:00-04:00,66.75,66.75,65.94999694824219,66.38999938964844,242500,0.0,0.0
2024-10-28 00:00:00-04:00,66.9000015258789,67.33999633789062,66.11000061035156,66.86000061035156,339400,0.0,0.0
2024-10-29 00:00:00-04:00,68.06999969482422,72.73999786376953,68.06999969482422,71.06999969482422,661000,0.0,0.0
2024-10-30 00:00:00-04:00,70.61000061035156,71.5199966430664,69.72000122070312,70.87999725341797,418600,0.0,0.0
2024-10-31 00:00:00-04:00,70.66000366210938,71.0,68.73999786376953,68.93000030517578,445500,0.0,0.0
2024-11-01 00:00:00-04:00,69.5,70.11000061035156,68.80000305175781,69.69999694824219,384900,0.0,0.0
2024-11-04 00:00:00-05:00,69.6500015258789,71.27999877929688,69.6500015258789,71.12999725341797,353800,0.0,0.0
2024-11-05 00:00:00-05:00,70.7300033569336,72.33999633789062,70.7300033569336,72.31999969482422,282400,0.0,0.0
2024-11-06 00:00:00-05:00,75.44999694824219,78.01000213623047,75.44999694824219,77.88999938964844,558800,0.0,0.0
2024-11-07 00:00:00-05:00,77.33000183105469,78.26000213623047,76.70999908447266,77.43000030517578,437600,0.0,0.0
2024-11-08 00:00:00-05:00,77.9800033569336,78.62000274658203,77.02999877929688,77.80999755859375,373900,0.0,0.0
2024-11-11 00:00:00-05:00,78.69000244140625,79.37000274658203,78.05999755859375,78.36000061035156,214400,0.0,0.0
2024-11-12 00:00:00-05:00,78.76000213623047,79.22000122070312,77.69000244140625,78.0199966430664,260200,0.0,0.0
2024-11-13 00:00:00-05:00,78.52999877929688,79.44000244140625,76.95999908447266,78.58999633789062,318600,0.0,0.0
2024-11-14 00:00:00-05:00,78.58999633789062,78.91999816894531,77.20999908447266,77.87000274658203,470800,0.0,0.0
2024-11-15 00:00:00-05:00,78.72000122070312,78.72000122070312,76.01000213623047,76.4800033569336,350500,0.0,0.0
2024-11-18 00:00:00-05:00,76.81999969482422,77.0999984741211,76.47000122070312,77.0,230700,0.0,0.0
2024-11-19 00:00:00-05:00,76.56999969482422,77.91000366210938,76.19999694824219,77.06999969482422,292300,0.0,0.0
2024-11-20 00:00:00-05:00,76.83999633789062,77.91000366210938,76.16000366210938,77.88999938964844,276900,0.0,0.0
2024-11-21 00:00:00-05:00,78.41999816894531,79.75,77.83999633789062,79.43000030517578,345300,0.0,0.0
2024-11-22 00:00:00-05:00,79.76000213623047,81.33000183105469,79.69999694824219,80.79000091552734,330800,0.0,0.0
2024-11-25 00:00:00-05:00,80.9800033569336,82.77999877929688,80.9800033569336,82.01000213623047,542800,0.0,0.0
2024-11-26 00:00:00-05:00,81.9800033569336,83.08000183105469,81.94000244140625,83.0,265500,0.0,0.0
2024-11-27 00:00:00-05:00,83.6500015258789,84.2300033569336,82.11000061035156,82.44000244140625,306800,0.0,0.0
2024-11-29 00:00:00-05:00,83.08000183105469,83.4000015258789,82.16999816894531,82.58000183105469,153600,0.0,0.0
2024-12-02 00:00:00-05:00,82.75,82.91999816894531,81.11000061035156,81.77999877929688,224800,0.0,0.0
2024-12-03 00:00:00-05:00,81.0,81.94000244140625,80.73999786376953,81.79000091552734,166000,0.0,0.0
2024-12-04 00:00:00-05:00,82.05000305175781,83.73999786376953,82.05000305175781,83.43000030517578,396300,0.0,0.0
2024-12-05 00:00:00-05:00,83.43000030517578,83.43000030517578,80.22000122070312,80.30000305175781,341400,0.0,0.0
2024-12-06 00:00:00-05:00,80.33000183105469,80.33000183105469,78.87000274658203,78.9000015258789,211400,0.0,0.0
2024-12-09 00:00:00-05:00,79.47000122070312,79.47000122070312,77.13999938964844,78.01000213623047,569500,0.0,0.0
2024-12-10 00:00:00-05:00,77.80999755859375,79.36000061035156,77.16000366210938,79.18000030517578,217000,0.0,0.0
2024-12-11 00:00:00-05:00,79.87999725341797,79.87999725341797,77.75,77.9000015258789,343300,0.0,0.0
2024-12-12 00:00:00-05:00,80.12999725341797,80.12999725341797,78.38999938964844,79.88999938964844,305300,0.0,0.0
2024-12-13 00:00:00-05:00,80.08999633789062,81.05999755859375,79.16999816894531,79.5999984741211,309500,0.0,0.0
2024-12-16 00:00:00-05:00,79.75,80.91000366210938,79.19000244140625,80.6500015258789,315100,0.0,0.0
2024-12-17 00:00:00-05:00,80.25,81.87999725341797,79.79000091552734,81.66999816894531,432100,0.0,0.0
2024-12-18 00:00:00-05:00,82.06999969482422,82.55999755859375,78.76000213623047,79.38999938964844,542900,0.0,0.0
2024-12-19 00:00:00-05:00,80.1500015258789,81.23999786376953,78.76000213623047,80.43000030517578,396600,0.0,0.0
2024-12-20 00:00:00-05:00,79.58999633789062,81.58999633789062,79.58999633789062,81.25,576900,0.0,0.0
2024-12-23 00:00:00-05:00,80.87999725341797,81.66000366210938,80.12999725341797,80.62000274658203,287700,0.0,0.0
2024-12-24 00:00:00-05:00,81.18000030517578,82.58999633789062,80.73999786376953,82.29000091552734,151100,0.0,0.0
2024-12-26 00:00:00-05:00,81.80000305175781,82.77999877929688,81.7300033569336,82.72000122070312,140200,0.0,0.0
2024-12-27 00:00:00-05:00,81.88999938964844,82.95999908447266,81.33000183105469,82.0199966430664,201900,0.0,0.0
2024-12-30 00:00:00-05:00,81.61000061035156,82.19999694824219,81.0199966430664,81.62999725341797,230600,0.0,0.0
2024-12-31 00:00:00-05:00,82.04000091552734,82.75,81.70999908447266,81.83000183105469,458500,0.0,0.0
2025-01-02 00:00:00-05:00,82.0,82.52999877929688,80.37999725341797,81.16000366210938,390300,0.0,0.0
2025-01-03 00:00:00-05:00,81.22000122070312,82.37000274658203,80.83999633789062,82.22000122070312,208000,0.0,0.0
2025-01-06 00:00:00-05:00,82.16000366210938,82.4000015258789,80.70999908447266,80.76000213623047,231800,0.0,0.0
2025-01-07 00:00:00-05:00,81.0199966430664,81.51000213623047,80.08999633789062,80.77999877929688,225100,0.0,0.0
2025-01-08 00:00:00-05:00,80.4800033569336,82.9800033569336,80.4800033569336,82.79000091552734,178900,0.0,0.0
2025-01-10 00:00:00-05:00,81.9800033569336,82.31999969482422,80.75,81.80999755859375,240300,0.0,0.0
2025-01-13 00:00:00-05:00,81.5,83.36000061035156,81.5,82.80999755859375,202800,0.0,0.0
2025-01-14 00:00:00-05:00,82.83000183105469,83.87999725341797,82.05000305175781,82.80999755859375,272500,0.0,0.0
2025-01-15 00:00:00-05:00,84.41000366210938,84.91000366210938,83.33000183105469,83.9000015258789,177900,0.0,0.0
2025-01-16 00:00:00-05:00,83.76000213623047,85.26000213623047,83.58999633789062,84.73999786376953,195700,0.0,0.0
2025-01-17 00:00:00-05:00,85.69999694824219,85.94999694824219,84.11000061035156,84.5,144700,0.0,0.0
2025-01-21 00:00:00-05:00,85.22000122070312,86.19999694824219,85.0,85.3499984741211,216200,0.0,0.0
2025-01-22 00:00:00-05:00,85.01000213623047,85.86000061035156,84.62999725341797,84.80000305175781,339800,0.0,0.0
2025-01-23 00:00:00-05:00,84.4000015258789,84.58000183105469,83.26000213623047,84.19000244140625,294900,0.0,0.0
2025-01-24 00:00:00-05:00,83.83000183105469,84.27999877929688,83.36000061035156,83.94999694824219,204300,0.0,0.0
2025-01-27 00:00:00-05:00,84.30000305175781,85.54000091552734,84.13999938964844,85.41999816894531,192100,0.0,0.0
2025-01-28 00:00:00-05:00,85.30999755859375,86.55000305175781,85.2300033569336,85.68000030517578,159200,0.0,0.0
2025-01-29 00:00:00-05:00,85.75,86.23999786376953,84.41000366210938,85.02999877929688,279300,0.0,0.0
2025-01-30 00:00:00-05:00,85.7300033569336,86.7300033569336,85.45999908447266,86.55000305175781,156800,0.0,0.0
2025-01-31 00:00:00-05:00,86.25,86.4800033569336,85.05000305175781,85.80999755859375,242000,0.0,0.0
2025-02-03 00:00:00-05:00,84.72000122070312,86.62999725341797,84.72000122070312,85.98999786376953,233600,0.0,0.0
2025-02-04 00:00:00-05:00,86.0199966430664,86.12000274658203,85.0999984741211,85.73999786376953,158400,0.0,0.0
2025-02-05 00:00:00-05:00,86.6500015258789,87.5199966430664,86.08000183105469,87.37999725341797,233700,0.0,0.0
2025-02-06 00:00:00-05:00,88.06999969482422,89.25,87.3499984741211,88.6500015258789,382100,0.0,0.0
2025-02-07 00:00:00-05:00,88.6500015258789,89.19000244140625,87.72000122070312,88.0,252100,0.0,0.0
2025-02-10 00:00:00-05:00,88.13999938964844,88.6500015258789,87.12999725341797,88.06999969482422,292100,0.0,0.0
2025-02-11 00:00:00-05:00,87.7699966430664,89.02999877929688,87.3499984741211,88.02999877929688,287000,0.0,0.0
2025-02-12 00:00:00-05:00,87.20999908447266,88.20999908447266,87.0,87.23999786376953,253900,0.0,0.0
2025-02-13 00:00:00-05:00,87.94999694824219,88.16000366210938,86.75,87.83000183105469,358600,0.0,0.0
2025-02-14 00:00:00-05:00,88.48999786376953,88.66000366210938,86.6500015258789,86.81999969482422,197400,0.0,0.0
2025-02-18 00:00:00-05:00,86.68000030517578,87.05999755859375,85.81999969482422,86.5,298700,0.0,0.0
2025-02-19 00:00:00-05:00,85.88999938964844,87.6500015258789,85.88999938964844,87.58000183105469,170200,0.0,0.0
2025-02-20 00:00:00-05:00,87.58000183105469,87.77999877929688,84.75,85.4800033569336,314300,0.0,0.0
2025-02-21 00:00:00-05:00,86.2699966430664,86.48999786376953,83.31999969482422,83.95999908447266,514100,0.0,0.0
2025-02-24 00:00:00-05:00,84.06999969482422,84.51000213623047,83.04000091552734,84.0199966430664,278200,0.0,0.0
2025-02-25 00:00:00-05:00,84.5199966430664,85.48999786376953,84.4000015258789,85.31999969482422,323700,0.0,0.0
2025-02-26 00:00:00-05:00,86.45999908447266,90.12999725341797,80.69999694824219,80.86000061035156,739100,0.0,0.0
2025-02-27 00:00:00-05:00,80.13999938964844,82.05000305175781,77.91999816894531,78.11000061035156,436900,0.0,0.0
2025-02-28 00:00:00-05:00,78.62000274658203,79.37000274658203,77.87999725341797,78.16999816894531,608000,0.0,0.0
2025-03-03 00:00:00-05:00,78.19000244140625,78.98999786376953,76.62000274658203,76.79000091552734,361300,0.0,0.0
2025-03-04 00:00:00-05:00,75.79000091552734,76.5199966430664,74.5999984741211,75.47000122070312,506100,0.0,0.0
2025-03-05 00:00:00-05:00,74.9000015258789,75.94000244140625,72.93000030517578,73.0,474700,0.0,0.0
2025-03-06 00:00:00-05:00,72.4000015258789,73.5199966430664,71.55000305175781,71.66000366210938,412000,0.0,0.0
2025-03-07 00:00:00-05:00,71.66000366210938,73.11000061035156,70.80999755859375,72.6500015258789,400700,0.0,0.0
2025-03-10 00:00:00-04:00,71.77999877929688,72.68000030517578,69.44999694824219,70.16000366210938,457000,0.0,0.0
2025-03-11 00:00:00-04:00,70.11000061035156,70.75,68.63999938964844,69.91999816894531,495400,0.0,0.0
2025-03-12 00:00:00-04:00,70.37000274658203,70.43000030517578,68.55999755859375,68.66999816894531,474900,0.0,0.0
2025-03-13 00:00:00-04:00,68.75,68.94999694824219,66.01000213623047,68.45999908447266,423800,0.0,0.0
2025-03-14 00:00:00-04:00,69.25,70.3499984741211,68.43000030517578,69.44999694824219,374600,0.0,0.0
2025-03-17 00:00:00-04:00,69.41999816894531,71.26000213623047,68.75,71.11000061035156,301100,0.0,0.0
2025-03-18 00:00:00-04:00,71.0,72.11000061035156,70.5,72.04000091552734,300800,0.0,0.0
2025-03-19 00:00:00-04:00,71.63999938964844,73.87999725341797,71.63999938964844,73.5,383600,0.0,0.0
2025-03-20 00:00:00-04:00,72.7699966430664,73.87000274658203,72.22000122070312,72.94000244140625,391900,0.0,0.0
2025-03-21 00:00:00-04:00,73.0,73.25,72.08999633789062,73.0,571600,0.0,0.0
2025-03-24 00:00:00-04:00,73.76000213623047,75.06999969482422,73.51000213623047,74.05000305175781,273500,0.0,0.0
2025-03-25 00:00:00-04:00,73.98999786376953,74.26000213623047,72.80999755859375,74.08000183105469,517300,0.0,0.0
2025-03-26 00:00:00-04:00,74.01000213623047,75.16999816894531,74.01000213623047,74.27999877929688,236500,0.0,0.0
2025-03-27 00:00:00-04:00,74.48999786376953,75.5,74.30000305175781,75.19000244140625,193900,0.0,0.0
2025-03-28 00:00:00-04:00,75.12999725341797,75.86000061035156,74.38999938964844,74.97000122070312,280800,0.0,0.0
2025-03-31 00:00:00-04:00,74.80999755859375,76.33999633789062,74.22000122070312,75.86000061035156,482000,0.0,0.0
2025-04-01 00:00:00-04:00,75.45999908447266,77.36000061035156,75.0,76.9800033569336,533800,0.0,0.0
2025-04-02 00:00:00-04:00,76.13999938964844,76.5199966430664,74.08000183105469,75.31999969482422,381200,0.0,0.0
2025-04-03 00:00:00-04:00,72.86000061035156,75.33000183105469,72.86000061035156,73.86000061035156,450500,0.0,0.0
2025-04-04 00:00:00-04:00,72.29000091552734,75.12999725341797,71.88999938964844,72.19999694824219,677700,0.0,0.0
2025-04-07 00:00:00-04:00,70.54000091552734,74.08000183105469,69.11000061035156,70.98999786376953,551100,0.0,0.0
2025-04-08 00:00:00-04:00,72.4800033569336,73.05999755859375,69.02999877929688,70.02999877929688,432200,0.0,0.0
2025-04-09 00:00:00-04:00,69.87000274658203,76.69999694824219,69.29000091552734,76.12000274658203,676800,0.0,0.0
2025-04-10 00:00:00-04:00,74.52999877929688,75.91000366210938,72.75,75.44000244140625,442200,0.0,0.0
2025-04-11 00:00:00-04:00,75.06999969482422,77.94999694824219,74.45999908447266,77.7300033569336,360700,0.0,0.0
2025-04-14 00:00:00-04:00,78.66000366210938,79.88999938964844,77.06999969482422,79.63999938964844,460800,0.0,0.0
2025-04-15 00:00:00-04:00,79.7699966430664,80.6500015258789,79.04000091552734,79.5,638200,0.0,0.0
2025-04-16 00:00:00-04:00,78.95999908447266,79.58000183105469,77.52999877929688,78.69000244140625,548600,0.0,0.0
2025-04-17 00:00:00-04:00,78.56999969482422,79.3499984741211,76.9000015258789,77.45999908447266,456400,0.0,0.0
2025-04-21 00:00:00-04:00,76.9800033569336,76.9800033569336,73.26000213623047,74.48999786376953,348500,0.0,0.0
2025-04-22 00:00:00-04:00,75.4000015258789,76.12000274658203,74.04000091552734,75.95999908447266,516100,0.0,0.0
2025-04-23 00:00:00-04:00,76.72000122070312,78.22000122070312,76.16000366210938,77.23999786376953,372000,0.0,0.0
2025-04-24 00:00:00-04:00,76.81999969482422,77.23999786376953,65.62000274658203,66.41999816894531,1090500,0.0,0.0
2025-04-25 00:00:00-04:00,65.5999984741211,67.76000213623047,65.0,66.19000244140625,1070900,0.0,0.0
2025-04-28 00:00:00-04:00,65.93000030517578,66.81999969482422,64.8499984741211,66.23999786376953,648000,0.0,0.0
2025-04-29 00:00:00-04:00,66.05999755859375,67.55999755859375,65.54000091552734,67.22000122070312,387300,0.0,0.0
2025-04-30 00:00:00-04:00,66.91000366210938,68.43000030517578,65.30999755859375,68.0999984741211,472600,0.0,0.0
2025-05-01 00:00:00-04:00,67.81999969482422,70.0999984741211,67.18000030517578,69.86000061035156,498400,0.0,0.0
2025-05-02 00:00:00-04:00,70.69999694824219,72.01000213623047,70.33000183105469,71.79000091552734,476100,0.0,0.0
2025-05-05 00:00:00-04:00,71.66999816894531,73.13999938964844,71.41000366210938,71.98999786376953,355400,0.0,0.0
2025-05-06 00:00:00-04:00,71.54000091552734,72.5199966430664,70.70999908447266,70.83000183105469,442300,0.0,0.0
2025-05-07 00:00:00-04:00,71.38999938964844,72.08000183105469,70.66000366210938,71.05999755859375,314600,0.0,0.0
2025-05-08 00:00:00-04:00,71.79000091552734,73.43000030517578,71.31999969482422,72.58999633789062,249500,0.0,0.0
2025-05-09 00:00:00-04:00,72.48999786376953,73.23999786376953,72.02999877929688,72.43000030517578,237000,0.0,0.0
2025-05-12 00:00:00-04:00,73.94999694824219,74.58000183105469,72.86000061035156,74.0199966430664,367900,0.0,0.0
2025-05-13 00:00:00-04:00,74.05000305175781,74.94000244140625,73.5199966430664,73.83000183105469,291200,0.0,0.0
2025-05-14 00:00:00-04:00,73.51000213623047,74.19000244140625,72.5199966430664,72.5999984741211,252800,0.0,0.0
2025-05-15 00:00:00-04:00,72.83000183105469,73.63999938964844,72.2300033569336,72.95999908447266,238900,0.0,0.0
2025-05-16 00:00:00-04:00,73.01000213623047,74.44000244140625,72.7300033569336,74.12999725341797,283600,0.0,0.0
2025-05-19 00:00:00-04:00,73.5199966430664,74.33999633789062,73.19999694824219,74.25,194900,0.0,0.0
2025-05-20 00:00:00-04:00,73.97000122070312,74.36000061035156,73.37000274658203,73.5999984741211,270300,0.0,0.0
2025-05-21 00:00:00-04:00,72.38999938964844,73.19000244140625,71.63999938964844,71.72000122070312,252200,0.0,0.0
2025-05-22 00:00:00-04:00,71.73999786376953,72.31999969482422,70.81999969482422,72.25,246800,0.0,0.0
2025-05-23 00:00:00-04:00,71.33000183105469,72.54000091552734,71.29000091552734,71.93000030517578,309600,0.0,0.0
2025-05-27 00:00:00-04:00,72.91999816894531,76.37000274658203,72.33999633789062,75.7300033569336,622300,0.0,0.0
2025-05-28 00:00:00-04:00,76.0,76.56999969482422,73.69000244140625,74.29000091552734,614400,0.0,0.0
2025-05-29 00:00:00-04:00,74.02999877929688,74.5199966430664,71.77999877929688,72.19000244140625,433600,0.0,0.0
2025-05-30 00:00:00-04:00,72.02999877929688,72.8499984741211,71.2699966430664,72.23999786376953,635800,0.0,0.0
2025-06-02 00:00:00-04:00,71.5,71.9800033569336,70.44999694824219,71.58999633789062,334800,0.0,0.0
2025-06-03 00:00:00-04:00,71.4800033569336,72.80999755859375,71.0199966430664,72.0,459000,0.0,0.0
2025-06-04 00:00:00-04:00,71.7300033569336,72.62999725341797,71.61000061035156,72.36000061035156,466900,0.0,0.0
2025-06-05 00:00:00-04:00,72.37999725341797,73.69999694824219,71.68000030517578,73.54000091552734,499700,0.0,0.0
2025-06-06 00:00:00-04:00,74.8499984741211,74.86000061035156,73.68000030517578,74.08999633789062,512800,0.0,0.0
2025-06-09 00:00:00-04:00,74.12000274658203,74.12000274658203,70.26000213623047,72.58000183105469,483100,0.0,0.0
2025-06-10 00:00:00-04:00,72.52999877929688,72.52999877929688,70.9000015258789,71.04000091552734,486600,0.0,0.0
2025-06-11 00:00:00-04:00,71.12000274658203,71.16000366210938,68.66999816894531,68.7699966430664,602500,0.0,0.0
2025-06-12 00:00:00-04:00,68.6500015258789,69.11000061035156,67.86000061035156,69.06999969482422,562300,0.0,0.0
2025-06-13 00:00:00-04:00,68.30999755859375,69.3499984741211,68.0199966430664,68.86000061035156,537300,0.0,0.0
2025-06-16 00:00:00-04:00,69.2300033569336,69.5199966430664,68.2300033569336,68.41000366210938,425200,0.0,0.0
2025-06-17 00:00:00-04:00,68.1500015258789,69.45999908447266,67.91000366210938,68.44000244140625,388400,0.0,0.0
2025-06-18 00:00:00-04:00,68.83000183105469,69.2699966430664,68.16999816894531,68.48999786376953,406200,0.0,0.0
2025-06-20 00:00:00-04:00,68.8499984741211,68.93000030517578,66.83000183105469,67.23999786376953,740700,0.0,0.0
2025-06-23 00:00:00-04:00,67.30000305175781,69.36000061035156,66.63999938964844,69.30999755859375,477200,0.0,0.0
2025-06-24 00:00:00-04:00,69.47000122070312,71.5999984741211,68.97000122070312,71.52999877929688,552500,0.0,0.0
2025-06-25 00:00:00-04:00,71.55999755859375,71.79000091552734,70.55000305175781,71.16999816894531,559400,0.0,0.0
2025-06-26 00:00:00-04:00,71.13999938964844,71.9800033569336,70.11000061035156,71.8499984741211,466500,0.0,0.0
2025-06-27 00:00:00-04:00,71.83999633789062,72.2699966430664,70.6500015258789,71.11000061035156,1440700,0.0,0.0
2025-06-30 00:00:00-04:00,71.2300033569336,71.80999755859375,70.2699966430664,71.70999908447266,626800,0.0,0.0
2025-07-01 00:00:00-04:00,71.18000030517578,72.55000305175781,70.04000091552734,72.4000015258789,848200,0.0,0.0
2025-07-02 00:00:00-04:00,72.23999786376953,72.5199966430664,70.69000244140625,72.44000244140625,452800,0.0,0.0
2025-07-03 00:00:00-04:00,72.5,73.88999938964844,72.05000305175781,73.76000213623047,262100,0.0,0.0
2025-07-07 00:00:00-04:00,73.3499984741211,73.9800033569336,72.66999816894531,73.72000122070312,503900,0.0,0.0
2025-07-08 00:00:00-04:00,73.48999786376953,74.36000061035156,72.36000061035156,72.66000366210938,515700,0.0,0.0
2025-07-09 00:00:00-04:00,72.73999786376953,73.66000366210938,72.20999908447266,73.19000244140625,447800,0.0,0.0
2025-07-10 00:00:00-04:00,72.75,74.04000091552734,72.12000274658203,73.19999694824219,325300,0.0,0.0
2025-07-11 00:00:00-04:00,72.9000015258789,72.9000015258789,71.54000091552734,72.25,310500,0.0,0.0
2025-07-14 00:00:00-04:00,72.05000305175781,73.05999755859375,71.7300033569336,72.80999755859375,477500,0.0,0.0
2025-07-15 00:00:00-04:00,72.81999969482422,73.29000091552734,72.04000091552734,72.48999786376953,546700,0.0,0.0
2025-07-16 00:00:00-04:00,72.75,73.9800033569336,72.41999816894531,73.93000030517578,479600,0.0,0.0
2025-07-17 00:00:00-04:00,74.0199966430664,75.22000122070312,73.79000091552734,75.19999694824219,528100,0.0,0.0
2025-07-18 00:00:00-04:00,75.61000061035156,75.61000061035156,74.19999694824219,74.69999694824219,777600,0.0,0.0
2025-07-21 00:00:00-04:00,75.0199966430664,75.30999755859375,72.0999984741211,72.68000030517578,614400,0.0,0.0
2025-07-22 00:00:00-04:00,73.20999908447266,73.87000274658203,72.63999938964844,73.2300033569336,566200,0.0,0.0
2025-07-23 00:00:00-04:00,73.45999908447266,75.47000122070312,73.0199966430664,75.30000305175781,566800,0.0,0.0
2025-07-24 00:00:00-04:00,74.95999908447266,76.62999725341797,74.36000061035156,76.55999755859375,503300,0.0,0.0
2025-07-25 00:00:00-04:00,76.73999786376953,77.83000183105469,76.16999816894531,77.80999755859375,352900,0.0,0.0
2025-07-28 00:00:00-04:00,77.58999633789062,77.91000366210938,76.4800033569336,76.75,587800,0.0,0.0
2025-07-29 00:00:00-04:00,76.98999786376953,77.02999877929688,74.81999969482422,75.72000122070312,556300,0.0,0.0
2025-07-30 00:00:00-04:00,75.77999877929688,76.69000244140625,74.63999938964844,76.1500015258789,795500,0.0,0.0
2025-07-31 00:00:00-04:00,74.38999938964844,76.69999694824219,56.83000183105469,61.119998931884766,3857700,0.0,0.0
2025-08-01 00:00:00-04:00,62.689998626708984,62.97999954223633,60.0,61.75,1903600,0.0,0.0
2025-08-04 00:00:00-04:00,61.75,63.439998626708984,61.34000015258789,63.2599983215332,806700,0.0,0.0
2025-08-05 00:00:00-04:00,63.75,64.44000244140625,62.22999954223633,62.68000030517578,752100,0.0,0.0
2025-08-06 00:00:00-04:00,63.70000076293945,63.79999923706055,61.38999938964844,61.95000076293945,541000,0.0,0.0
2025-08-07 00:00:00-04:00,62.20000076293945,62.65999984741211,61.7400016784668,61.849998474121094,412200,0.0,0.0
2025-08-08 00:00:00-04:00,61.93000030517578,64.33999633789062,61.91999816894531,63.189998626708984,601200,0.0,0.0
2025-08-11 00:00:00-04:00,63.38999938964844,63.5099983215332,61.59000015258789,61.790000915527344,509400,0.0,0.0
2025-08-12 00:00:00-04:00,61.61000061035156,63.06999969482422,61.09000015258789,62.97999954223633,526300,0.0,0.0
2025-08-13 00:00:00-04:00,63.5,65.37999725341797,63.0,65.02999877929688,605500,0.0,0.0
2025-08-14 00:00:00-04:00,64.73999786376953,64.97000122070312,62.529998779296875,62.599998474121094,379500,0.0,0.0
2025-08-15 00:00:00-04:00,62.689998626708984,63.630001068115234,62.33000183105469,62.369998931884766,366600,0.0,0.0
2025-08-18 00:00:00-04:00,62.439998626708984,62.83000183105469,62.15999984741211,62.45000076293945,412000,0.0,0.0
2025-08-19 00:00:00-04:00,62.779998779296875,63.959999084472656,62.18000030517578,63.91999816894531,380700,0.0,0.0
2025-08-20 00:00:00-04:00,64.12999725341797,65.0,63.83000183105469,64.0,448500,0.0,0.0
2025-08-21 00:00:00-04:00,63.560001373291016,64.75,63.54999923706055,64.69999694824219,377300,0.0,0.0
2025-08-22 00:00:00-04:00,64.91000366210938,67.23999786376953,64.27999877929688,66.55999755859375,508600,0.0,0.0
2025-08-25 00:00:00-04:00,66.5199966430664,66.5199966430664,64.94000244140625,65.16000366210938,330700,0.0,0.0
2025-08-26 00:00:00-04:00,65.26000213623047,65.31999969482422,64.41000366210938,65.02999877929688,338600,0.0,0.0
2025-08-27 00:00:00-04:00,65.12000274658203,66.22000122070312,64.98999786376953,65.7699966430664,397600,0.0,0.0
2025-08-28 00:00:00-04:00,65.81999969482422,65.83000183105469,64.12999725341797,64.5199966430664,492100,0.0,0.0
2025-08-29 00:00:00-04:00,64.51000213623047,64.9000015258789,63.90999984741211,64.54000091552734,349400,0.0,0.0
2025-09-02 00:00:00-04:00,63.959999084472656,64.25,63.2599983215332,64.0199966430664,615800,0.0,0.0
2025-09-03 00:00:00-04:00,63.45000076293945,64.13999938964844,60.2599983215332,60.380001068115234,773000,0.0,0.0
2025-09-04 00:00:00-04:00,60.279998779296875,60.439998626708984,58.81999969482422,59.970001220703125,793900,0.0,0.0
2025-09-05 00:00:00-04:00,59.970001220703125,60.189998626708984,58.70000076293945,59.86000061035156,731000,0.0,0.0
2025-09-08 00:00:00-04:00,59.630001068115234,59.93000030517578,57.15999984741211,57.91999816894531,527900,0.0,0.0
2025-09-09 00:00:00-04:00,57.84000015258789,57.97999954223633,56.709999084472656,57.66999816894531,566700,0.0,0.0
2025-09-10 00:00:00-04:00,57.279998779296875,57.91999816894531,55.59000015258789,55.72999954223633,733400,0.0,0.0
2025-09-11 00:00:00-04:00,55.939998626708984,58.16999816894531,55.75,57.939998626708984,867200,0.0,0.0
2025-09-12 00:00:00-04:00,57.58000183105469,57.97999954223633,55.689998626708984,55.689998626708984,455200,0.0,0.0
2025-09-15 00:00:00-04:00,55.93000030517578,56.130001068115234,53.91999816894531,54.279998779296875,666100,0.0,0.0
2025-09-16 00:00:00-04:00,54.380001068115234,56.0,54.0,55.400001525878906,772700,0.0,0.0
2025-09-17 00:00:00-04:00,55.810001373291016,57.5099983215332,55.459999084472656,56.79999923706055,1173000,0.0,0.0
2025-09-18 00:00:00-04:00,56.95000076293945,57.47999954223633,54.869998931884766,54.88999938964844,525500,0.0,0.0
2025-09-19 00:00:00-04:00,54.880001068115234,54.880001068115234,53.58000183105469,53.779998779296875,1862900,0.0,0.0
2025-09-22 00:00:00-04:00,53.5,54.20000076293945,52.790000915527344,53.790000915527344,638300,0.0,0.0
2025-09-23 00:00:00-04:00,53.81999969482422,54.15999984741211,52.369998931884766,52.900001525878906,610600,0.0,0.0
2025-09-24 00:00:00-04:00,52.9900016784668,53.439998626708984,51.849998474121094,51.9900016784668,972500,0.0,0.0
2025-09-25 00:00:00-04:00,52.2599983215332,52.2599983215332,50.5099983215332,51.189998626708984,898200,0.0,0.0
2025-09-26 00:00:00-04:00,51.459999084472656,52.63999938964844,51.15999984741211,52.59000015258789,813400,0.0,0.0
2025-09-29 00:00:00-04:00,52.540000915527344,54.2599983215332,51.7400016784668,53.810001373291016,886900,0.0,0.0
2025-09-30 00:00:00-04:00,53.54999923706055,54.130001068115234,52.13999938964844,52.959999084472656,714300,0.0,0.0
2025-10-01 00:00:00-04:00,53.040000915527344,55.20000076293945,52.709999084472656,55.130001068115234,675000,0.0,0.0
2025-10-02 00:00:00-04:00,54.709999084472656,55.08000183105469,53.65999984741211,54.849998474121094,463400,0.0,0.0
2025-10-03 00:00:00-04:00,55.099998474121094,56.93000030517578,54.810001373291016,56.720001220703125,481600,0.0,0.0
2025-10-06 00:00:00-04:00,56.54999923706055,56.619998931884766,55.36000061035156,56.08000183105469,446700,0.0,0.0
2025-10-07 00:00:00-04:00,56.2400016784668,56.7400016784668,55.560001373291016,55.77000045776367,389700,0.0,0.0
2025-10-08 00:00:00-04:00,56.369998931884766,56.83000183105469,55.400001525878906,56.79999923706055,415800,0.0,0.0
2025-10-09 00:00:00-04:00,56.72999954223633,56.79999923706055,55.060001373291016,55.47999954223633,355400,0.0,0.0
2025-10-10 00:00:00-04:00,55.709999084472656,55.84000015258789,53.16999816894531,53.38999938964844,494800,0.0,0.0
2025-10-13 00:00:00-04:00,53.369998931884766,54.0099983215332,52.689998626708984,53.279998779296875,361900,0.0,0.0
2025-10-14 00:00:00-04:00,53.189998626708984,55.56999969482422,53.060001373291016,54.38999938964844,545900,0.0,0.0
2025-10-15 00:00:00-04:00,54.08000183105469,55.0099983215332,53.79999923706055,54.18000030517578,546300,0.0,0.0
2025-10-16 00:00:00-04:00,54.16999816894531,54.16999816894531,52.119998931884766,52.2599983215332,534300,0.0,0.0
2025-10-17 00:00:00-04:00,52.04999923706055,52.439998626708984,50.779998779296875,51.27000045776367,536300,0.0,0.0
2025-10-20 00:00:00-04:00,51.529998779296875,51.90999984741211,50.939998626708984,51.84000015258789,441600,0.0,0.0
2025-10-21 00:00:00-04:00,52.599998474121094,53.91999816894531,51.380001068115234,53.540000915527344,520300,0.0,0.0
2025-10-22 00:00:00-04:00,53.38999938964844,54.09000015258789,52.689998626708984,53.790000915527344,493500,0.0,0.0
2025-10-23 00:00:00-04:00,53.61000061035156,54.04999923706055,52.86000061035156,53.20000076293945,363900,0.0,0.0
2025-10-24 00:00:00-04:00,53.779998779296875,53.880001068115234,52.7599983215332,53.290000915527344,484100,0.0,0.0
2025-10-27 00:00:00-04:00,53.79999923706055,53.91999816894531,52.439998626708984,52.77000045776367,837700,0.0,0.0
2025-10-28 00:00:00-04:00,52.47999954223633,52.70000076293945,51.93000030517578,52.25,388600,0.0,0.0
2025-10-29 00:00:00-04:00,51.68000030517578,52.599998474121094,50.79999923706055,51.310001373291016,972000,0.0,0.0
2025-10-30 00:00:00-04:00,53.08000183105469,56.40999984741211,52.22999954223633,52.91999816894531,1605600,0.0,0.0
2025-10-31 00:00:00-04:00,52.20000076293945,55.27000045776367,51.959999084472656,55.0,955600,0.0,0.0
2025-11-03 00:00:00-05:00,54.7400016784668,55.349998474121094,53.90999984741211,55.09000015258789,589400,0.0,0.0
2025-11-04 00:00:00-05:00,55.33000183105469,55.369998931884766,53.779998779296875,55.060001373291016,691600,0.0,0.0
2025-11-05 00:00:00-05:00,54.880001068115234,55.849998474121094,54.7599983215332,55.5,587800,0.0,0.0
2025-11-06 00:00:00-05:00,55.5,55.5,53.41999816894531,53.58000183105469,695100,0.0,0.0
2025-11-07 00:00:00-05:00,53.66999816894531,54.099998474121094,51.9900016784668,53.099998474121094,596400,0.0,0.0
2025-11-10 00:00:00-05:00,52.97999954223633,53.25,50.810001373291016,51.75,633400,0.0,0.0
2025-11-11 00:00:00-05:00,52.04999923706055,53.09000015258789,51.77000045776367,52.40999984741211,505800,0.0,0.0
2025-11-12 00:00:00-05:00,52.16999816894531,53.13999938964844,51.97999954223633,52.0099983215332,497300,0.0,0.0
2025-11-13 00:00:00-05:00,51.90999984741211,52.470001220703125,51.54999923706055,52.0,416200,0.0,0.0
2025-11-14 00:00:00-05:00,51.630001068115234,51.95000076293945,50.470001220703125,51.130001068115234,432400,0.0,0.0
2025-11-17 00:00:00-05:00,50.97999954223633,50.97999954223633,49.41999816894531,49.79999923706055,609100,0.0,0.0
2025-11-18 00:00:00-05:00,49.77000045776367,50.209999084472656,49.279998779296875,50.099998474121094,408300,0.0,0.0
2025-11-19 00:00:00-05:00,50.18000030517578,50.5,49.880001068115234,50.41999816894531,421300,0.0,0.0
2025-11-20 00:00:00-05:00,51.22999954223633,51.22999954223633,49.77000045776367,50.0,774800,0.0,0.0
2025-11-21 00:00:00-05:00,50.40999984741211,52.40999984741211,49.880001068115234,51.13999938964844,1184200,0.0,0.0
2025-11-24 00:00:00-05:00,50.810001373291016,51.06999969482422,50.15999984741211,50.220001220703125,519900,0.0,0.0
2025-11-25 00:00:00-05:00,50.630001068115234,51.16999816894531,48.18000030517578,49.220001220703125,1256600,0.0,0.0
2025-11-26 00:00:00-05:00,48.9900016784668,49.16999816894531,48.150001525878906,49.0,936900,0.0,0.0
2025-11-28 00:00:00-05:00,49.0,49.459999084472656,48.59000015258789,48.70000076293945,816700,0.0,0.0
2025-12-01 00:00:00-05:00,48.06999969482422,48.709999084472656,47.88999938964844,48.61000061035156,802600,0.0,0.0
2025-12-02 00:00:00-05:00,49.58000183105469,51.099998474121094,48.84000015258789,49.7599983215332,643200,0.0,0.0
2025-12-03 00:00:00-05:00,49.72999954223633,52.060001373291016,49.689998626708984,51.41999816894531,827400,0.0,0.0
2025-12-04 00:00:00-05:00,50.939998626708984,53.65999984741211,50.290000915527344,53.56999969482422,989300,0.0,0.0
2025-12-05 00:00:00-05:00,52.47999954223633,53.380001068115234,51.90999984741211,52.439998626708984,666000,0.0,0.0
2025-12-08 00:00:00-05:00,52.31999969482422,53.040000915527344,50.939998626708984,51.04999923706055,582800,0.0,0.0
2025-12-09 00:00:00-05:00,50.959999084472656,51.04999923706055,50.41999816894531,50.65999984741211,302100,0.0,0.0
2025-12-10 00:00:00-05:00,50.38999938964844,51.93000030517578,49.88999938964844,51.7599983215332,669200,0.0,0.0
2025-12-11 00:00:00-05:00,52.70000076293945,54.5,51.40999984741211,53.75,455600,0.0,0.0
2025-12-12 00:00:00-05:00,53.95000076293945,54.40999984741211,52.869998931884766,53.45000076293945,378000,0.0,0.0
2025-12-15 00:00:00-05:00,53.63999938964844,54.33000183105469,52.93000030517578,53.380001068115234,518100,0.0,0.0
2025-12-16 00:00:00-05:00,53.63999938964844,54.31999969482422,53.150001525878906,53.4900016784668,418100,0.0,0.0
2025-12-17 00:00:00-05:00,52.81999969482422,54.16999816894531,52.41999816894531,52.65999984741211,483300,0.0,0.0
2025-12-18 00:00:00-05:00,52.709999084472656,53.400001525878906,51.900001525878906,52.29999923706055,682800,0.0,0.0
2025-12-19 00:00:00-05:00,52.0,53.09000015258789,51.41999816894531,52.33000183105469,1425100,0.0,0.0
2025-12-22 00:00:00-05:00,52.31999969482422,53.36000061035156,51.959999084472656,52.15999984741211,444000,0.0,0.0
2025-12-23 00:00:00-05:00,52.119998931884766,52.70000076293945,50.83000183105469,52.22999954223633,344300,0.0,0.0
2025-12-24 00:00:00-05:00,51.939998626708984,52.779998779296875,51.7400016784668,52.5099983215332,181000,0.0,0.0
2025-12-26 00:00:00-05:00,52.5,53.18000030517578,51.939998626708984,52.93000030517578,273300,0.0,0.0
2025-12-29 00:00:00-05:00,53.099998474121094,53.56999969482422,52.38999938964844,52.91999816894531,334300,0.0,0.0
2025-12-30 00:00:00-05:00,52.4900016784668,53.11000061035156,51.22999954223633,51.290000915527344,256300,0.0,0.0
2025-12-31 00:00:00-05:00,50.95000076293945,51.18000030517578,50.31999969482422,50.45000076293945,305900,0.0,0.0
2026-01-02 00:00:00-05:00,50.95000076293945,50.95000076293945,49.790000915527344,50.79999923706055,1001500,0.0,0.0
2026-01-05 00:00:00-05:00,50.619998931884766,54.41999816894531,50.619998931884766,53.650001525878906,426800,0.0,0.0
2026-01-06 00:00:00-05:00,53.459999084472656,53.79999923706055,52.959999084472656,53.650001525878906,735000,0.0,0.0
2026-01-07 00:00:00-05:00,54.0,54.25,52.459999084472656,53.08000183105469,552800,0.0,0.0
2026-01-08 00:00:00-05:00,52.900001525878906,54.59000015258789,52.540000915527344,54.27000045776367,291900,0.0,0.0
2026-01-09 00:00:00-05:00,54.380001068115234,55.08000183105469,53.68000030517578,54.75,279700,0.0,0.0
2026-01-12 00:00:00-05:00,53.599998474121094,54.7400016784668,53.25,54.2400016784668,463800,0.0,0.0
2026-01-13 00:00:00-05:00,54.25,54.369998931884766,53.33000183105469,53.63999938964844,335700,0.0,0.0
2026-01-14 00:00:00-05:00,53.45000076293945,54.45000076293945,50.869998931884766,51.150001525878906,741200,0.0,0.0
2026-01-15 00:00:00-05:00,52.400001525878906,52.5,50.84000015258789,51.5099983215332,409400,0.0,0.0
2026-01-16 00:00:00-05:00,51.119998931884766,51.31999969482422,50.5,50.790000915527344,336500,0.0,0.0
2026-01-20 00:00:00-05:00,49.849998474121094,50.41999816894531,46.060001373291016,46.16999816894531,606200,0.0,0.0
2026-01-21 00:00:00-05:00,46.630001068115234,47.09000015258789,44.810001373291016,44.970001220703125,927800,0.0,0.0
2026-01-22 00:00:00-05:00,45.0,45.560001373291016,42.959999084472656,43.08000183105469,811900,0.0,0.0
2026-01-23 00:00:00-05:00,42.61000061035156,43.04999923706055,40.40999984741211,40.93000030517578,985800,0.0,0.0
2026-01-26 00:00:00-05:00,40.68000030517578,41.4900016784668,38.40999984741211,38.40999984741211,1137500,0.0,0.0
2026-01-27 00:00:00-05:00,37.689998626708984,39.84000015258789,36.81999969482422,39.720001220703125,4290500,0.0,0.0
2026-01-28 00:00:00-05:00,39.81999969482422,39.81999969482422,37.959999084472656,38.54999923706055,1204200,0.0,0.0
2026-01-29 00:00:00-05:00,38.4900016784668,38.790000915527344,37.63999938964844,38.56999969482422,853700,0.0,0.0
2026-01-30 00:00:00-05:00,38.43000030517578,39.88999938964844,38.25,39.349998474121094,814800,0.0,0.0
2026-02-02 00:00:00-05:00,39.4900016784668,40.790000915527344,39.29999923706055,40.59000015258789,924300,0.0,0.0
2026-02-03 00:00:00-05:00,39.790000915527344,40.09000015258789,36.0099983215332,36.9900016784668,1281900,0.0,0.0
2026-02-04 00:00:00-05:00,37.099998474121094,37.93000030517578,35.880001068115234,37.5099983215332,1501100,0.0,0.0
2026-02-05 00:00:00-05:00,37.650001525878906,39.75,37.29999923706055,38.209999084472656,919400,0.0,0.0
2026-02-06 00:00:00-05:00,38.529998779296875,38.56999969482422,37.02000045776367,38.27000045776367,876800,0.0,0.0
2026-02-09 00:00:00-05:00,38.25,38.27000045776367,33.599998474121094,34.290000915527344,1790800,0.0,0.0
2026-02-10 00:00:00-05:00,34.279998779296875,35.099998474121094,33.38999938964844,33.97999954223633,1230500,0.0,0.0
2026-02-11 00:00:00-05:00,33.720001220703125,33.959999084472656,29.790000915527344,30.469999313354492,1513600,0.0,0.0
2026-02-12 00:00:00-05:00,30.100000381469727,30.549999237060547,28.030000686645508,28.040000915527344,1204100,0.0,0.0
2026-02-13 00:00:00-05:00,28.360000610351562,28.600000381469727,27.170000076293945,27.84000015258789,1736100,0.0,0.0
2026-02-17 00:00:00-05:00,27.770000457763672,28.829999923706055,27.579999923706055,28.020000457763672,1266000,0.0,0.0
2026-02-18 00:00:00-05:00,28.559999465942383,30.469999313354492,28.1200008392334,29.8700008392334,1312800,0.0,0.0
2026-02-19 00:00:00-05:00,29.280000686645508,29.969999313354492,28.899999618530273,29.8799991607666,606900,0.0,0.0
2026-02-20 00:00:00-05:00,29.600000381469727,30.270000457763672,28.770000457763672,29.149999618530273,641800,0.0,0.0
2026-02-23 00:00:00-05:00,28.6299991607666,28.850000381469727,27.059999465942383,27.68000030517578,1620100,0.0,0.0
2026-02-24 00:00:00-05:00,27.65999984741211,28.549999237060547,27.600000381469727,27.780000686645508,996800,0.0,0.0
2026-02-25 00:00:00-05:00,27.93000030517578,29.06999969482422,26.969999313354492,27.280000686645508,2604800,0.0,0.0
2026-02-26 00:00:00-05:00,29.809999465942383,32.09000015258789,29.06999969482422,31.799999237060547,7094600,0.0,0.0
2026-02-27 00:00:00-05:00,31.260000228881836,31.729999542236328,28.469999313354492,28.639999389648438,1599900,0.0,0.0
2026-03-02 00:00:00-05:00,28.579999923706055,29.700000762939453,28.0,28.799999237060547,1510600,0.0,0.0
2026-03-03 00:00:00-05:00,28.459999084472656,30.0,28.06999969482422,29.860000610351562,1466200,0.0,0.0
2026-03-04 00:00:00-05:00,30.0,30.020000457763672,28.559999465942383,28.670000076293945,1514000,0.0,0.0
2026-03-05 00:00:00-05:00,28.559999465942383,30.239999771118164,28.510000228881836,29.190000534057617,1655900,0.0,0.0
2026-03-06 00:00:00-05:00,28.59000015258789,29.299999237060547,27.31999969482422,29.15999984741211,1565400,0.0,0.0
2026-03-09 00:00:00-04:00,28.549999237060547,28.889999389648438,26.559999465942383,27.540000915527344,1888400,0.0,0.0
2026-03-10 00:00:00-04:00,27.209999084472656,27.209999084472656,25.780000686645508,26.040000915527344,1299900,0.0,0.0
2026-03-11 00:00:00-04:00,26.1299991607666,26.700000762939453,25.450000762939453,26.5,1319200,0.0,0.0
2026-03-12 00:00:00-04:00,26.239999771118164,27.1299991607666,25.530000686645508,25.610000610351562,1546000,0.0,0.0
2026-03-13 00:00:00-04:00,25.889999389648438,26.309999465942383,25.479999542236328,26.1200008392334,1025400,0.0,0.0
2026-03-16 00:00:00-04:00,25.850000381469727,26.469999313354492,25.6299991607666,25.709999084472656,849500,0.0,0.0
2026-03-17 00:00:00-04:00,25.93000030517578,27.020000457763672,25.93000030517578,26.489999771118164,764300,0.0,0.0
2026-03-18 00:00:00-04:00,27.18000030517578,27.40999984741211,26.290000915527344,26.3799991607666,1518300,0.0,0.0
2026-03-19 00:00:00-04:00,26.3700008392334,27.3799991607666,26.040000915527344,26.610000610351562,889200,0.0,0.0
2026-03-20 00:00:00-04:00,26.700000762939453,27.510000228881836,26.25,27.020000457763672,1364800,0.0,0.0
2026-03-23 00:00:00-04:00,27.5,27.5,26.040000915527344,26.690000534057617,1161300,0.0,0.0
2026-03-24 00:00:00-04:00,26.229999542236328,26.459999084472656,24.290000915527344,25.139999389648438,2256200,0.0,0.0
2026-03-25 00:00:00-04:00,25.530000686645508,26.18000030517578,24.829999923706055,25.59000015258789,1581600,0.0,0.0
2026-03-26 00:00:00-04:00,25.270000457763672,26.889999389648438,25.270000457763672,26.8799991607666,1214700,0.0,0.0
2026-03-27 00:00:00-04:00,26.899999618530273,26.93000030517578,26.110000610351562,26.1299991607666,1112900,0.0,0.0
2026-03-30 00:00:00-04:00,26.43000030517578,27.389999389648438,26.25,27.010000228881836,1489200,0.0,0.0
2026-03-31 00:00:00-04:00,27.059999465942383,27.479999542236328,26.06999969482422,26.850000381469727,891800,0.0,0.0
2026-04-01 00:00:00-04:00,26.84000015258789,27.290000915527344,25.770000457763672,26.440000534057617,1087900,0.0,0.0
2026-04-02 00:00:00-04:00,26.399999618530273,27.700000762939453,26.030000686645508,27.610000610351562,1045200,0.0,0.0
2026-04-06 00:00:00-04:00,27.559999465942383,28.809999465942383,27.34000015258789,28.280000686645508,1735300,0.0,0.0
2026-04-07 00:00:00-04:00,28.229999542236328,28.56999969482422,27.610000610351562,28.200000762939453,880800,0.0,0.0
2026-04-08 00:00:00-04:00,28.809999465942383,29.709999084472656,27.420000076293945,27.59000015258789,1002700,0.0,0.0
2026-04-09 00:00:00-04:00,27.31999969482422,27.719999313354492,26.149999618530273,27.600000381469727,702700,0.0,0.0
2026-04-10 00:00:00-04:00,27.440000534057617,27.540000915527344,26.75,27.030000686645508,759200,0.0,0.0
2026-04-13 00:00:00-04:00,27.780000686645508,29.100000381469727,26.889999389648438,28.81999969482422,776700,0.0,0.0
2026-04-14 00:00:00-04:00,28.8799991607666,29.600000381469727,28.700000762939453,29.09000015258789,552400,0.0,0.0
2026-04-15 00:00:00-04:00,29.3700008392334,30.989999771118164,29.1200008392334,30.350000381469727,1038900,0.0,0.0
2026-04-16 00:00:00-04:00,30.649999618530273,31.100000381469727,30.100000381469727,30.329999923706055,846700,0.0,0.0
2026-04-17 00:00:00-04:00,30.649999618530273,31.040000915527344,29.520000457763672,30.0,653800,0.0,0.0
2026-04-20 00:00:00-04:00,29.899999618530273,30.889999389648438,29.790000915527344,30.56999969482422,695300,0.0,0.0
2026-04-21 00:00:00-04:00,30.600000381469727,31.649999618530273,30.389999389648438,30.959999084472656,651500,0.0,0.0
2026-04-22 00:00:00-04:00,31.020000457763672,31.34000015258789,30.420000076293945,30.549999237060547,666400,0.0,0.0
2026-04-23 00:00:00-04:00,30.100000381469727,30.649999618530273,29.06999969482422,29.709999084472656,599800,0.0,0.0
2026-04-24 00:00:00-04:00,29.579999923706055,30.8799991607666,29.139999389648438,30.670000076293945,763300,0.0,0.0
2026-04-27 00:00:00-04:00,30.510000228881836,31.329999923706055,30.40999984741211,30.65999984741211,1180400,0.0,0.0
2026-04-28 00:00:00-04:00,31.239999771118164,32.619998931884766,31.239999771118164,32.47999954223633,1448500,0.0,0.0
2026-04-29 00:00:00-04:00,32.68000030517578,34.0,32.369998931884766,33.16999816894531,1411200,0.0,0.0
2026-04-30 00:00:00-04:00,35.970001220703125,36.41999816894531,28.6299991607666,30.5,3316600,0.0,0.0
2026-05-01 00:00:00-04:00,31.3700008392334,33.16999816894531,30.969999313354492,32.15999984741211,1474000,0.0,0.0
2026-05-04 00:00:00-04:00,32.13999938964844,32.81999969482422,31.280000686645508,32.25,1167100,0.0,0.0
2026-05-05 00:00:00-04:00,32.150001525878906,32.95000076293945,30.520000457763672,31.299999237060547,1180600,0.0,0.0
2026-05-06 00:00:00-04:00,30.729999542236328,31.559999465942383,29.190000534057617,29.670000076293945,837300,0.0,0.0
2026-05-07 00:00:00-04:00,29.530000686645508,32.47999954223633,29.530000686645508,31.670000076293945,874300,0.0,0.0
2026-05-08 00:00:00-04:00,31.209999084472656,31.43000030517578,30.479999542236328,30.920000076293945,560400,0.0,0.0
2026-05-11 00:00:00-04:00,30.709999084472656,31.219999313354492,30.190000534057617,30.280000686645508,512900,0.0,0.0
2026-05-12 00:00:00-04:00,30.729999542236328,31.06999969482422,29.34000015258789,29.65999984741211,474000,0.0,0.0
2026-05-13 00:00:00-04:00,29.100000381469727,29.100000381469727,27.90999984741211,28.549999237060547,628000,0.0,0.0
2026-05-14 00:00:00-04:00,28.979999542236328,29.780000686645508,28.329999923706055,28.440000534057617,539100,0.0,0.0
2026-05-15 00:00:00-04:00,29.15999984741211,30.0,28.25,28.920000076293945,655700,0.0,0.0
2026-05-18 00:00:00-04:00,28.75,31.540000915527344,28.75,30.8700008392334,589300,0.0,0.0
2026-05-19 00:00:00-04:00,31.489999771118164,31.90999984741211,30.530000686645508,30.90999984741211,641300,0.0,0.0
2026-05-20 00:00:00-04:00,30.40999984741211,31.719999313354492,29.43000030517578,31.59000015258789,668700,0.0,0.0
2026-05-21 00:00:00-04:00,31.270000457763672,32.15999984741211,30.729999542236328,32.060001373291016,712600,0.0,0.0
2026-05-22 00:00:00-04:00,32.2599983215332,32.9900016784668,31.690000534057617,32.22999954223633,620300,0.0,0.0
2026-05-26 00:00:00-04:00,31.610000610351562,32.45000076293945,31.270000457763672,31.450000762939453,492900,0.0,0.0
2026-05-27 00:00:00-04:00,31.450000762939453,32.2599983215332,31.280000686645508,31.920000076293945,408300,0.0,0.0
2026-05-28 00:00:00-04:00,31.969999313354492,32.68000030517578,31.81999969482422,32.31999969482422,665300,0.0,0.0
2026-05-29 00:00:00-04:00,32.43000030517578,33.869998931884766,32.15999984741211,33.20000076293945,1044300,0.0,0.0
2026-06-01 00:00:00-04:00,33.2599983215332,34.95000076293945,33.2599983215332,34.68000030517578,687800,0.0,0.0
2026-06-02 00:00:00-04:00,33.88999938964844,34.20000076293945,33.02000045776367,33.7599983215332,573600,0.0,0.0
2026-06-03 00:00:00-04:00,33.060001373291016,33.349998474121094,31.59000015258789,32.25,594900,0.0,0.0
2026-06-04 00:00:00-04:00,33.2400016784668,34.25,32.93000030517578,33.349998474121094,478900,0.0,0.0
2026-06-05 00:00:00-04:00,33.90999984741211,34.220001220703125,33.529998779296875,33.93000030517578,366800,0.0,0.0
2026-06-08 00:00:00-04:00,33.5099983215332,34.09000015258789,33.150001525878906,33.58000183105469,471600,0.0,0.0
2026-06-09 00:00:00-04:00,33.130001068115234,34.34000015258789,32.93000030517578,33.7400016784668,602000,0.0,0.0
2026-06-10 00:00:00-04:00,33.209999084472656,34.66999816894531,33.209999084472656,34.20000076293945,371400,0.0,0.0
2026-06-11 00:00:00-04:00,33.79999923706055,34.25,32.93000030517578,33.939998626708984,758100,0.0,0.0
2026-06-12 00:00:00-04:00,33.900001525878906,35.66999816894531,33.20000076293945,35.2599983215332,660200,0.0,0.0
2026-06-15 00:00:00-04:00,34.70000076293945,35.209999084472656,33.630001068115234,33.900001525878906,535200,0.0,0.0
2026-06-16 00:00:00-04:00,34.2599983215332,34.689998626708984,33.38999938964844,34.08000183105469,441300,0.0,0.0
2026-06-17 00:00:00-04:00,33.599998474121094,34.40999984741211,32.400001525878906,32.83000183105469,650200,0.0,0.0
2026-06-18 00:00:00-04:00,32.61000061035156,33.130001068115234,30.81999969482422,31.100000381469727,1150000,0.0,0.0
2026-06-22 00:00:00-04:00,31.450000762939453,31.450000762939453,27.850000381469727,28.65999984741211,1137800,0.0,0.0
2026-06-23 00:00:00-04:00,29.75,31.049999237060547,29.610000610351562,30.399999618530273,960000,0.0,0.0
2026-06-24 00:00:00-04:00,31.1299991607666,31.5,30.219999313354492,31.219999313354492,1398500,0.0,0.0
2026-06-25 00:00:00-04:00,31.100000381469727,31.81999969482422,29.3799991607666,30.399999618530273,912400,0.0,0.0
2026-06-26 00:00:00-04:00,30.540000915527344,32.02000045776367,30.360000610351562,31.559999465942383,2448900,0.0,0.0
2026-06-29 00:00:00-04:00,31.719999313354492,32.439998626708984,30.809999465942383,32.33000183105469,1053200,0.0,0.0
2026-06-30 00:00:00-04:00,31.760000228881836,32.72999954223633,31.520000457763672,32.08000183105469,780900,0.0,0.0
2026-07-01 00:00:00-04:00,32.84000015258789,34.849998474121094,32.84000015258789,34.27000045776367,610100,0.0,0.0
2026-07-02 00:00:00-04:00,34.540000915527344,35.779998779296875,33.86000061035156,35.119998931884766,502800,0.0,0.0
2026-07-06 00:00:00-04:00,34.869998931884766,35.560001373291016,33.90999984741211,35.36000061035156,446400,0.0,0.0
2026-07-07 00:00:00-04:00,35.900001525878906,37.720001220703125,35.68000030517578,37.0,827300,0.0,0.0
2026-07-08 00:00:00-04:00,37.36000061035156,37.36000061035156,36.0,36.88999938964844,833900,0.0,0.0
2026-07-09 00:00:00-04:00,36.04999923706055,37.04999923706055,35.40999984741211,36.83000183105469,544000,0.0,0.0
2026-07-10 00:00:00-04:00,37.599998474121094,37.959999084472656,37.08000183105469,37.790000915527344,410336,0.0,0.0
