Date,Open,High,Low,Close,Volume,Dividends,Stock Splits
2022-01-03 00:00:00-05:00,6.918179525182538,6.97270699858155,6.863652051783526,6.9113640785217285,892900,0.0,0.0
2022-01-04 00:00:00-05:00,6.959075741114165,7.054499148491728,6.9249959063351225,6.9658918380737305,691500,0.0,0.0
2022-01-05 00:00:00-05:00,6.986338603483418,7.03404997618415,6.897731304168701,6.897731304168701,592200,0.0,0.0
2022-01-06 00:00:00-05:00,6.897731885162598,6.945443261882044,6.856836605122717,6.9113640785217285,584500,0.0,0.0
2022-01-07 00:00:00-05:00,6.938627230782687,6.97952250737797,6.897731304168701,6.897731304168701,467800,0.0,0.0
2022-01-10 00:00:00-05:00,6.897733686489268,6.965893371047151,6.863653844210327,6.938629627227783,554500,0.0,0.0
2022-01-11 00:00:00-05:00,6.96589135821933,7.0272349265921195,6.93862762227795,7.0136027336120605,591400,0.0,0.0
2022-01-12 00:00:00-05:00,7.054500850590724,7.122659886575333,7.034052554778295,7.109028339385986,550600,0.0,0.0
2022-01-13 00:00:00-05:00,7.102179486592879,7.1227256283925495,6.972053050994873,6.972053050994873,525800,0.05,0.0
2022-01-14 00:00:00-05:00,6.951505661010741,7.006295803219988,6.883018309824192,6.951505661010742,796100,0.0,0.0
2022-01-18 00:00:00-05:00,6.917259855694449,6.9241081311762915,6.835074018414507,6.869318008422852,633400,0.0,0.0
2022-01-19 00:00:00-05:00,6.889864605970786,6.9172596665986115,6.81452769938194,6.841922760009766,583900,0.0,0.0
2022-01-20 00:00:00-05:00,6.8556213190595825,6.896713587635158,6.739192136179063,6.780284404754639,800500,0.0,0.0
2022-01-21 00:00:00-05:00,6.739191548977219,6.746040477526329,6.513182132054793,6.6022162437438965,2113600,0.0,0.0
2022-01-24 00:00:00-05:00,6.513181588866455,6.574820634368302,6.157045171811216,6.567971706390381,1805200,0.0,0.0
2022-01-25 00:00:00-05:00,6.451541977415228,6.561122202850361,6.3419617519800955,6.485785961151123,990400,0.0,0.0
2022-01-26 00:00:00-05:00,6.595367653351124,6.636459920453107,6.4378455543940305,6.53372859954834,616500,0.0,0.0
2022-01-27 00:00:00-05:00,6.567971748753605,6.67070305648615,6.4994837748320915,6.526878833770752,574000,0.0,0.0
2022-01-28 00:00:00-05:00,6.554274582287148,6.629611492156982,6.465240468081758,6.629611492156982,660700,0.0,0.0
2022-01-31 00:00:00-05:00,6.657008763903318,6.698101043701171,6.60906689993914,6.698101043701172,585100,0.0,0.0
2022-02-01 00:00:00-05:00,6.7117970727454015,6.793982263046385,6.691250938457613,6.780284404754639,500200,0.0,0.0
2022-02-02 00:00:00-05:00,6.807679895060761,6.828226683786759,6.773436553483846,6.821377754211426,359300,0.0,0.0
2022-02-03 00:00:00-05:00,6.787133619046781,6.787133619046781,6.698099495859353,6.704948425292969,401100,0.0,0.0
2022-02-04 00:00:00-05:00,6.718646708435185,6.7871340476466635,6.684402712254495,6.746041774749756,440800,0.0,0.0
2022-02-07 00:00:00-05:00,6.787134765806968,6.7939836963977855,6.704949558167073,6.732344627380371,394900,0.0,0.0
2022-02-08 00:00:00-05:00,6.746039790106624,6.848771095275879,6.732341934404212,6.848771095275879,665900,0.0,0.0
2022-02-09 00:00:00-05:00,6.883017542065732,6.944656608463177,6.876168611766028,6.9309587478637695,419600,0.0,0.0
2022-02-10 00:00:00-05:00,6.889863776813402,6.944653891475364,6.8145268792909395,6.862468719482422,698500,0.0,0.0
2022-02-11 00:00:00-05:00,6.883016441259836,6.896713646518696,6.739192193717696,6.766587257385254,562200,0.0,0.0
2022-02-14 00:00:00-05:00,6.780353526607453,6.7941203999913125,6.697749660416473,6.718400955200195,610900,0.05,0.0
2022-02-15 00:00:00-05:00,6.780354976654052,6.8147724957102085,6.759703677453843,6.780354976654053,361900,0.0,0.0
2022-02-16 00:00:00-05:00,6.780355526991439,6.828540582758745,6.739053581710784,6.807889938354492,393600,0.0,0.0
2022-02-17 00:00:00-05:00,6.794121510883997,6.8078890429909125,6.677100113863465,6.711518287658691,387900,0.0,0.0
2022-02-18 00:00:00-05:00,6.71151762229477,6.752819558048878,6.677099451911679,6.697750091552734,402600,0.0,0.0
2022-02-22 00:00:00-05:00,6.628915520152841,6.670216806368811,6.456825295818049,6.525660991668701,980300,0.0,0.0
2022-02-23 00:00:00-05:00,6.56696371553243,6.6013818957880375,6.456826063892235,6.463709831237793,600100,0.0,0.0
2022-02-24 00:00:00-05:00,6.29850137908612,6.4981259950224,6.236549455358626,6.4912428855896,1366500,0.0,0.0
2022-02-25 00:00:00-05:00,6.525662144829015,6.732170581817627,6.525662144829015,6.732170581817627,772500,0.0,0.0
2022-02-28 00:00:00-05:00,6.677101281295109,6.711519461108048,6.560079863814425,6.670217514038086,692400,0.0,0.0
2022-03-01 00:00:00-05:00,6.622031390278218,6.663333330700077,6.511893757782691,6.573846340179443,757600,0.0,0.0
2022-03-02 00:00:00-05:00,6.573845704119221,6.7115177314180094,6.573845704119221,6.683983325958252,515800,0.0,0.0
2022-03-03 00:00:00-05:00,6.711519461108048,6.711519461108048,6.615148688926256,6.670217514038086,453000,0.0,0.0
2022-03-04 00:00:00-05:00,6.560076850580303,6.587611250488867,6.443055486850935,6.449939250946045,1926900,0.0,0.0
2022-03-07 00:00:00-05:00,6.429291244942899,6.449941889203206,6.29850229952595,6.305386066436768,838000,0.0,0.0
2022-03-08 00:00:00-05:00,6.319154703232288,6.415524830916029,6.264085871278076,6.298503398895264,1014500,0.0,0.0
2022-03-09 00:00:00-05:00,6.408640677178231,6.498127022198414,6.408640677178231,6.4568257331848145,418600,0.0,0.0
2022-03-10 00:00:00-05:00,6.408639797806624,6.4430573151045865,6.346687216314993,6.4224066734313965,571000,0.0,0.0
2022-03-11 00:00:00-05:00,6.477473051199279,6.484356814657121,6.360451698303223,6.360451698303223,461200,0.0,0.0
2022-03-14 00:00:00-04:00,6.378459093800455,6.48234252777637,6.323054507616664,6.3438310623168945,642000,0.056,0.0
2022-03-15 00:00:00-04:00,6.413087123595153,6.475417448154194,6.39923564681547,6.461565971374512,577200,0.0,0.0
2022-03-16 00:00:00-04:00,6.510048301150505,6.613932451137819,6.468495169535674,6.600080966949463,873600,0.0,0.0
2022-03-17 00:00:00-04:00,6.600079966479018,6.717814922332764,6.558526841163001,6.717814922332764,379100,0.0,0.0
2022-03-18 00:00:00-04:00,6.717816035313109,6.717816035313109,6.648560594820782,6.710890293121338,369400,0.0,0.0
2022-03-21 00:00:00-04:00,6.710888196725331,6.731665416810105,6.662409337477367,6.6901116371154785,314600,0.0,0.0
2022-03-22 00:00:00-04:00,6.731666933672887,6.8286246740165355,6.731666933672887,6.773220062255859,467100,0.0,0.0
2022-03-23 00:00:00-04:00,6.77322035562718,6.78707183940484,6.7385923066581315,6.752443790435791,278100,0.0,0.0
2022-03-24 00:00:00-04:00,6.7870677641157116,6.807844316831838,6.759365473669309,6.8009185791015625,285500,0.0,0.0
2022-03-25 00:00:00-04:00,6.814771774710271,6.849399811627574,6.738589961397231,6.780143737792969,361400,0.0,0.0
2022-03-28 00:00:00-04:00,6.780144057710647,6.7939955373210905,6.71781372041345,6.787069797515869,309400,0.0,0.0
2022-03-29 00:00:00-04:00,6.807846453954918,6.890953351383091,6.800920714050509,6.870176792144775,541200,0.0,0.0
2022-03-30 00:00:00-04:00,6.877104148723508,6.890954971313477,6.835550360003474,6.890954971313477,349900,0.0,0.0
2022-03-31 00:00:00-04:00,6.93250696572591,6.939432705465871,6.842474330531106,6.856325149536133,858600,0.0,0.0
2022-04-01 00:00:00-04:00,6.89095481282599,6.911731376470628,6.81477363914562,6.897880554199219,402200,0.0,0.0
2022-04-04 00:00:00-04:00,6.897880151011749,6.92558245441039,6.787070937417184,6.807847499847412,424000,0.0,0.0
2022-04-05 00:00:00-04:00,6.787070937417184,6.842475544214466,6.7662943749869555,6.807847499847412,514600,0.0,0.0
2022-04-06 00:00:00-04:00,6.759368894696513,6.780145457927997,6.69703854452702,6.73859167098999,463500,0.0,0.0
2022-04-07 00:00:00-04:00,6.745518048546961,6.78707183940484,6.655485385417472,6.752443790435791,350200,0.0,0.0
2022-04-08 00:00:00-04:00,6.752439735939033,6.807844316831838,6.745513998208756,6.8009185791015625,301100,0.0,0.0
2022-04-11 00:00:00-04:00,6.800922662707401,6.83555071167645,6.7385923066581315,6.752443790435791,339900,0.0,0.0
2022-04-12 00:00:00-04:00,6.78707183940484,6.82169988837389,6.717815741466741,6.752443790435791,413400,0.0,0.0
2022-04-13 00:00:00-04:00,6.7496562004089355,6.819312363882546,6.7496562004089355,6.7496562004089355,276800,0.056,0.0
2022-04-14 00:00:00-04:00,6.784483508549102,6.8471739156690345,6.673034191131592,6.673034191131592,493100,0.0,0.0
2022-04-18 00:00:00-04:00,6.6869649569108525,6.7635861881862995,6.6869649569108525,6.742689609527588,411100,0.0,0.0
2022-04-19 00:00:00-04:00,6.742692848695613,6.826279867775653,6.742692848695613,6.812348365783691,426000,0.0,0.0
2022-04-20 00:00:00-04:00,6.854140870945067,6.875037455567701,6.812347037409352,6.847175121307373,490600,0.0,0.0
2022-04-21 00:00:00-04:00,6.888968185484461,6.9307613500622764,6.756621614310508,6.770553112030029,406400,0.0,0.0
2022-04-22 00:00:00-04:00,6.784482831909932,6.791448579626392,6.624274620172944,6.631240367889404,463300,0.0,0.0
2022-04-25 00:00:00-04:00,6.617308249654859,6.624273996715723,6.491927459720112,6.610342502593994,663200,0.0,0.0
2022-04-26 00:00:00-04:00,6.59641299270479,6.610343825323876,6.457101345062255,6.457101345062256,453200,0.0,0.0
2022-04-27 00:00:00-04:00,6.471031555224367,6.561584283554213,6.464065807439701,6.477997303009033,507200,0.0,0.0
2022-04-28 00:00:00-04:00,6.533723671270355,6.603379174525037,6.477999002950431,6.596414089202881,386600,0.0,0.0
2022-04-29 00:00:00-04:00,6.589447097748953,6.596412846048796,6.429238208304161,6.436203956604004,578300,0.0,0.0
2022-05-02 00:00:00-04:00,6.422272538271451,6.484962938668989,6.310823232804831,6.443169116973877,860800,0.0,0.0
2022-05-03 00:00:00-04:00,6.484963237687545,6.631240623929829,6.471031741716713,6.56158447265625,847600,0.0,0.0
2022-05-04 00:00:00-04:00,6.603376982936543,6.693929704975575,6.512824925187736,6.679998874664307,726300,0.0,0.0
2022-05-05 00:00:00-04:00,6.652139035065968,6.652139035065968,6.464067773421606,6.526758193969727,563400,0.0,0.0
2022-05-06 00:00:00-04:00,6.512824645164091,6.568549292593692,6.45013425073324,6.505858898162842,700100,0.0,0.0
2022-05-09 00:00:00-04:00,6.443170152386452,6.464066734446943,6.3247550802263905,6.33172082901001,716400,0.0,0.0
2022-05-10 00:00:00-04:00,6.415307749345483,6.45710157728649,6.262064599282265,6.282961845397949,632200,0.0,0.0
2022-05-11 00:00:00-04:00,6.275996544175496,6.408342457559382,6.23420271325456,6.255099296569824,592700,0.0,0.0
2022-05-12 00:00:00-04:00,6.24116861115374,6.262065194966871,6.136685027797664,6.234202861785889,776800,0.0,0.0
2022-05-13 00:00:00-04:00,6.287475292037425,6.420654515180657,6.287475292037425,6.3926167488098145,534600,0.056,0.0
2022-05-16 00:00:00-04:00,6.3926167488098145,6.434673732602619,6.34355082477911,6.3926167488098145,437400,0.0,0.0
2022-05-17 00:00:00-04:00,6.448689223402205,6.546821693399524,6.448689223402205,6.539812088012695,358900,0.0,0.0
2022-05-18 00:00:00-04:00,6.511776949824376,6.511776949824376,6.35055997202517,6.378597736358643,467700,0.0,0.0
2022-05-19 00:00:00-04:00,6.350557804107666,6.3856044962056915,6.273453477157284,6.350557804107666,700400,0.0,0.0
2022-05-20 00:00:00-04:00,6.413644969556596,6.420654578336525,6.259437587236662,6.329531669616699,498300,0.0,0.0
2022-05-23 00:00:00-04:00,6.385605863509037,6.483738360425192,6.3785969246723395,6.441681385040283,441500,0.0,0.0
2022-05-24 00:00:00-04:00,6.43467378616333,6.455701943998226,6.357569426646905,6.43467378616333,326400,0.0,0.0
2022-05-25 00:00:00-04:00,6.434672397090807,6.518785678745681,6.4206531825785245,6.504766464233398,326300,0.0,0.0
2022-05-26 00:00:00-04:00,6.532804387657578,6.6940220162035216,6.518785841268732,6.658974647521973,377600,0.0,0.0
2022-05-27 00:00:00-04:00,6.694025519517704,6.77112923619093,6.687015908418328,6.764119625091553,416500,0.0,0.0
2022-05-31 00:00:00-04:00,6.820195176939955,6.8412240102380855,6.736081849167352,6.764119625091553,863100,0.0,0.0
2022-06-01 00:00:00-04:00,6.813180958365119,6.827199501234973,6.687010730172479,6.750095844268799,620500,0.0,0.0
2022-06-02 00:00:00-04:00,6.750098013297818,6.806173539741732,6.729069857999602,6.778135776519775,720300,0.0,0.0
2022-06-03 00:00:00-04:00,6.757106717094394,6.7711252625931335,6.701031198153603,6.715049743652344,413900,0.0,0.0
2022-06-06 00:00:00-04:00,6.771123992809976,6.799161747022475,6.7220580900563,6.750095844268799,372300,0.0,0.0
2022-06-07 00:00:00-04:00,6.729068594141088,6.827200412750244,6.715049380926706,6.827200412750244,279300,0.0,0.0
2022-06-08 00:00:00-04:00,6.806173903494899,6.848230884812054,6.778136138774475,6.799164295196533,409000,0.0,0.0
2022-06-09 00:00:00-04:00,6.799162818443886,6.827200577074613,6.7080399357757985,6.729068756103516,373800,0.0,0.0
2022-06-10 00:00:00-04:00,6.680000987585581,6.701029804168534,6.5608403675066205,6.651963233947754,538000,0.0,0.0
2022-06-13 00:00:00-04:00,6.546824322359473,6.546824322359473,6.3575689117537655,6.378597736358643,645200,0.0,0.0
2022-06-14 00:00:00-04:00,6.403985507091845,6.425143861362593,6.241770336662854,6.305245399475098,593500,0.056,0.0
2022-06-15 00:00:00-04:00,6.347565249410552,6.425146360318505,6.284089489298491,6.396934986114502,562100,0.0,0.0
2022-06-16 00:00:00-04:00,6.305247404617821,6.312300415821662,6.107767799195447,6.1782965660095215,714600,0.0,0.0
2022-06-17 00:00:00-04:00,6.192400848117904,6.262929602771487,6.135978113439859,6.1853485107421875,410200,0.0,0.0
2022-06-21 00:00:00-04:00,6.234717845916748,6.319351942646278,6.227664836369618,6.234717845916748,533600,0.0,0.0
2022-06-22 00:00:00-04:00,6.192400709466281,6.27703480958834,6.1853483722484714,6.206506729125977,384500,0.0,0.0
2022-06-23 00:00:00-04:00,6.220611572265625,6.241770600041156,6.1571358341629985,6.220611572265625,345100,0.0,0.0
2022-06-24 00:00:00-04:00,6.24882442023726,6.3969342867692065,6.24882442023726,6.368722915649414,350900,0.0,0.0
2022-06-27 00:00:00-04:00,6.389883165857824,6.432199894293683,6.31935438831503,6.340512752532959,325400,0.0,0.0
2022-06-28 00:00:00-04:00,6.382829332412597,6.453357428269487,6.319353575312867,6.361670970916748,479300,0.0,0.0
2022-06-29 00:00:00-04:00,6.375777141304356,6.396935505522286,6.305248363761562,6.340512752532959,430900,0.0,0.0
2022-06-30 00:00:00-04:00,6.326407002685486,6.347565365572637,6.220613843025272,6.227666854858398,1174600,0.0,0.0
2022-07-01 00:00:00-04:00,6.21356189461311,6.347565764809693,6.21356189461311,6.340512752532959,312500,0.0,0.0
2022-07-05 00:00:00-04:00,6.277036327484899,6.31935372408503,6.213561241503003,6.2981953620910645,420200,0.0,0.0
2022-07-06 00:00:00-04:00,6.284087532416146,6.396932994091766,6.284087532416146,6.389880657196045,424900,0.0,0.0
2022-07-07 00:00:00-04:00,6.389882752451321,6.432199478149414,6.3616713777818505,6.432199478149414,363400,0.0,0.0
2022-07-08 00:00:00-04:00,6.418092811468427,6.467462538866586,6.403986790719188,6.425145149230957,242900,0.0,0.0
2022-07-11 00:00:00-04:00,6.432197908336494,6.467462286219927,6.389881192966027,6.4533562660217285,360500,0.0,0.0
2022-07-12 00:00:00-04:00,6.439251169980197,6.495673907752975,6.382828432207418,6.425145149230957,387400,0.0,0.0
2022-07-13 00:00:00-04:00,6.354620190715846,6.42514831133584,6.326408807945365,6.382831573486328,426900,0.0,0.0
2022-07-14 00:00:00-04:00,6.32321659715926,6.3374104499816895,6.273539465881066,6.3374104499816895,333500,0.056,0.0
2022-07-15 00:00:00-04:00,6.36579835037179,6.465152626530834,6.351604495606072,6.40128231048584,506200,0.0,0.0
2022-07-18 00:00:00-04:00,6.415474213666717,6.479345193820496,6.387087186576161,6.394184112548828,452000,0.0,0.0
2022-07-19 00:00:00-04:00,6.43676425331624,6.5574092864990225,6.43676425331624,6.557409286499023,299400,0.0,0.0
2022-07-20 00:00:00-04:00,6.571603349335575,6.734828589588989,6.543216321604541,6.720635414123535,800700,0.0,0.0
2022-07-21 00:00:00-04:00,6.71353816986084,6.777409148429087,6.656764117089086,6.71353816986084,552000,0.0,0.0
2022-07-22 00:00:00-04:00,6.734828826051302,6.749022678815234,6.621280711140451,6.649667739868164,366500,0.0,0.0
2022-07-25 00:00:00-04:00,6.6638608420538645,6.720634893114593,6.6638608420538645,6.6922478675842285,273900,0.0,0.0
2022-07-26 00:00:00-04:00,6.670957682918564,6.692248461556061,6.621280553031341,6.656764507293701,312600,0.0,0.0
2022-07-27 00:00:00-04:00,6.713537871337778,6.84127982279412,6.699344020375933,6.827085971832275,399700,0.0,0.0
2022-07-28 00:00:00-04:00,6.8483755291117125,6.890956401824951,6.756118212366383,6.890956401824951,476200,0.0,0.0
2022-07-29 00:00:00-04:00,6.919342637783581,6.983213601189573,6.791600710971598,6.812891483306885,699300,0.0,0.0
2022-08-01 00:00:00-04:00,6.791601228920424,6.819988250732422,6.763214207108425,6.819988250732422,469600,0.0,0.0
2022-08-02 00:00:00-04:00,6.8128923399079255,6.8341824381201315,6.727730593459059,6.734827518463135,515600,0.0,0.0
2022-08-03 00:00:00-04:00,6.777407539548007,6.819987730618712,6.734826671677368,6.812891483306885,343600,0.0,0.0
2022-08-04 00:00:00-04:00,6.83418147757544,6.83418147757544,6.741923495889384,6.756117343902588,449000,0.0,0.0
2022-08-05 00:00:00-04:00,6.692248069271456,6.770312222632595,6.670957291881977,6.71353816986084,477500,0.0,0.0
2022-08-08 00:00:00-04:00,6.749022208403326,6.798699336014253,6.72063518165421,6.770312309265137,296800,0.0,0.0
2022-08-09 00:00:00-04:00,6.770312309265137,6.784506161039746,6.685151229017789,6.770312309265137,443300,0.0,0.0
2022-08-10 00:00:00-04:00,6.84127823257762,6.855471403440277,6.798697366389833,6.834181308746338,448900,0.0,0.0
2022-08-11 00:00:00-04:00,6.84127982279412,6.912247047203148,6.791602021227728,6.827085971832275,452300,0.0,0.0
2022-08-12 00:00:00-04:00,6.8385058001269226,6.931303977966309,6.8385058001269226,6.931303977966309,350300,0.056,0.0
2022-08-15 00:00:00-04:00,6.924165722842345,6.931304201543968,6.881336212158203,6.881336212158203,441700,0.0,0.0
2022-08-16 00:00:00-04:00,6.852783227859967,6.945580731311821,6.838506269936406,6.9098896980285645,383700,0.0,0.0
2022-08-17 00:00:00-04:00,6.888476153562018,6.909891596330661,6.824231867545118,6.852785110473633,330700,0.0,0.0
2022-08-18 00:00:00-04:00,6.874199373543573,6.88847565359014,6.8313691718779515,6.838507652282715,242500,0.0,0.0
2022-08-19 00:00:00-04:00,6.788539658320423,6.8099544187949235,6.759986417433434,6.79567813873291,301600,0.0,0.0
2022-08-22 00:00:00-04:00,6.767122768214067,6.774261247098177,6.72429325643504,6.759984970092773,274800,0.0,0.0
2022-08-23 00:00:00-04:00,6.7599863835964085,6.767124183210206,6.702879902108276,6.724294662475586,317900,0.0,0.0
2022-08-24 00:00:00-04:00,6.7457099105152,6.781401634216309,6.731433629492561,6.781401634216309,241800,0.0,0.0
2022-08-25 00:00:00-04:00,6.79567765970568,6.817092418670654,6.767123740068495,6.817092418670654,244200,0.0,0.0
2022-08-26 00:00:00-04:00,6.831367945737225,6.859921181468389,6.731431961059569,6.73143196105957,323300,0.0,0.0
2022-08-29 00:00:00-04:00,6.688601993296505,6.788538662116955,6.674325715329505,6.702878952026367,521400,0.0,0.0
2022-08-30 00:00:00-04:00,6.74570846669023,6.759985425420092,6.652910277234712,6.702878952026367,447700,0.0,0.0
2022-08-31 00:00:00-04:00,6.759988043893704,6.774264327390607,6.710019349746732,6.738572597503662,436400,0.0,0.0
2022-09-01 00:00:00-04:00,6.7028787253284055,6.745708238543733,6.645772253866078,6.73143196105957,287200,0.0,0.0
2022-09-02 00:00:00-04:00,6.752848623738176,6.79567882980567,6.652911930089376,6.674327373504639,220300,0.0,0.0
2022-09-06 00:00:00-04:00,6.688602429726109,6.688602429726109,6.610081193876962,6.631495952606201,489000,0.0,0.0
2022-09-07 00:00:00-04:00,6.638634432436916,6.710017188455348,6.595804234215532,6.631495952606201,369500,0.0,0.0
2022-09-08 00:00:00-04:00,6.631495497954043,6.667187213897705,6.588665302669076,6.667187213897705,475300,0.0,0.0
2022-09-09 00:00:00-04:00,6.68860342489863,6.788540115109131,6.68860342489863,6.781401634216309,312400,0.0,0.0
2022-09-12 00:00:00-04:00,6.795677411041907,6.845645407052751,6.774261972097641,6.809953689575195,303500,0.0,0.0
2022-09-13 00:00:00-04:00,6.717155375450061,6.724293854969573,6.488729476928711,6.488729476928711,947400,0.0,0.0
2022-09-14 00:00:00-04:00,6.5074057202471876,6.579230976132201,6.4786754808965945,6.55768346786499,490700,0.056,0.0
2022-09-15 00:00:00-04:00,6.557684910611398,6.6079626692907345,6.528954664939906,6.593597888946533,335600,0.0,0.0
2022-09-16 00:00:00-04:00,6.478674832256073,6.514587114111597,6.442761865417679,6.493039608001709,322500,0.0,0.0
2022-09-19 00:00:00-04:00,6.435578401898357,6.521769101501748,6.414030898243206,6.507404327392578,329000,0.0,0.0
2022-09-20 00:00:00-04:00,6.464308739168467,6.471491468830082,6.3637525788542595,6.37811803817749,366800,0.0,0.0
2022-09-21 00:00:00-04:00,6.414029321974564,6.4355768203343455,6.2631954634908436,6.277560234069824,511600,0.0,0.0
2022-09-22 00:00:00-04:00,6.27037850389767,6.284743961744798,6.162640309975138,6.177005767822266,358400,0.0,0.0
2022-09-23 00:00:00-04:00,6.169825274049256,6.169825274049256,5.954348123160274,6.026174068450928,698900,0.0,0.0
2022-09-26 00:00:00-04:00,5.975894954056701,5.990260415476501,5.767600558349904,5.803513526916504,909500,0.0,0.0
2022-09-27 00:00:00-04:00,5.8322433351177985,5.904069266959655,5.789148323998965,5.875339031219482,856700,0.0,0.0
2022-09-28 00:00:00-04:00,5.860975117283432,6.011809065962772,5.825062141886821,5.990261554718018,472800,0.0,0.0
2022-09-29 00:00:00-04:00,5.918435407119475,5.939983602630719,5.781966927129969,5.853792190551758,605000,0.0,0.0
2022-09-30 00:00:00-04:00,5.846609035849561,5.968712714011025,5.825060844421387,5.825060844421387,1048400,0.0,0.0
2022-10-03 00:00:00-04:00,5.896885244239425,5.968711160337745,5.832242056747478,5.954345703125,628300,0.0,0.0
2022-10-04 00:00:00-04:00,6.026171885341081,6.191370540686662,6.0189891564175175,6.177005767822266,362200,0.0,0.0
2022-10-05 00:00:00-04:00,6.133910655975342,6.169823618986975,6.062084729952075,6.133910655975342,477500,0.0,0.0
2022-10-06 00:00:00-04:00,6.090815767181991,6.112363958822406,6.018990516662598,6.018990516662598,337800,0.0,0.0
2022-10-07 00:00:00-04:00,5.954348397869189,6.004626150902466,5.853792206819624,5.889705181121826,498700,0.0,0.0
2022-10-10 00:00:00-04:00,5.889702688023323,5.918432918307038,5.839424956272502,5.846607685089111,278800,0.0,0.0
2022-10-11 00:00:00-04:00,5.853790972420653,5.9471644119233575,5.810695960331938,5.868156433105469,447800,0.0,0.0
2022-10-12 00:00:00-04:00,5.889704249396648,5.975894963097137,5.875339472938018,5.925617218017578,514100,0.0,0.0
2022-10-13 00:00:00-04:00,5.8504076402491725,6.154137134552002,5.785322650089395,6.154137134552002,917500,0.056,0.0
2022-10-14 00:00:00-04:00,6.233685299630938,6.233685299630938,5.980577838274402,6.002272605895996,368300,0.0,0.0
2022-10-17 00:00:00-04:00,6.081821773482907,6.1324431380302675,6.031200408935547,6.031200408935547,423200,0.0,0.0
2022-10-18 00:00:00-04:00,6.1396738176478936,6.168600404823007,6.0673576945422285,6.117979049682617,310300,0.0,0.0
2022-10-19 00:00:00-04:00,6.117978679310602,6.183063668930534,6.081820275114619,6.096283912658691,352400,0.0,0.0
2022-10-20 00:00:00-04:00,6.081820810485628,6.139673986426228,6.01673581513639,6.0456624031066895,291000,0.0,0.0
2022-10-21 00:00:00-04:00,6.0673573775603655,6.154137134552002,6.031198973064466,6.154137134552002,285000,0.0,0.0
2022-10-24 00:00:00-04:00,6.197527453819603,6.255380632480879,6.1686008644889645,6.240917682647705,357600,0.0,0.0
2022-10-25 00:00:00-04:00,6.262610658275104,6.356622219085693,6.2553788405979605,6.356622219085693,218800,0.0,0.0
2022-10-26 00:00:00-04:00,6.3349289894103995,6.385550346077697,6.320465350554453,6.3349289894104,347400,0.0,0.0
2022-10-27 00:00:00-04:00,6.378318369468669,6.428940414552745,6.29877042671404,6.313233375549316,379800,0.0,0.0
2022-10-28 00:00:00-04:00,6.327696954837789,6.392781948148112,6.298770367773671,6.3783183097839355,357500,0.0,0.0
2022-10-31 00:00:00-04:00,6.392780366037879,6.465096470968983,6.356621968740295,6.450633525848389,519000,0.0,0.0
2022-11-01 00:00:00-04:00,6.501257461635638,6.559110644523938,6.457867919301584,6.544647693634033,652600,0.0,0.0
2022-11-02 00:00:00-04:00,6.544647128800862,6.56634189809553,6.414477133704287,6.428940773010254,425400,0.0,0.0
2022-11-03 00:00:00-04:00,6.371086703742505,6.421708054902442,6.291538078017821,6.363854885101318,477300,0.0,0.0
2022-11-04 00:00:00-04:00,6.45063627873405,6.53018423500552,6.371088322462581,6.4578680992126465,437700,0.0,0.0
2022-11-07 00:00:00-05:00,6.501257136441779,6.616963496430728,6.457867596278075,6.595268726348877,592000,0.0,0.0
2022-11-08 00:00:00-05:00,6.624195944291647,6.667586178232865,6.551879807275445,6.631427764892578,405700,0.0,0.0
2022-11-09 00:00:00-05:00,6.5735727961372,6.602499381029361,6.46509758554346,6.501255989074707,423600,0.0,0.0
2022-11-10 00:00:00-05:00,6.667583789703768,6.7688264831911455,6.6169617532959535,6.754363536834717,501300,0.0,0.0
2022-11-11 00:00:00-05:00,6.754364226486616,6.783290811817138,6.696511055825574,6.739900588989258,352200,0.0,0.0
2022-11-14 00:00:00-05:00,6.700614406011046,6.758817298415423,6.693338871002197,6.693338871002197,301600,0.056,0.0
2022-11-15 00:00:00-05:00,6.751540389567001,6.758815923095385,6.606033188164643,6.664236068725586,580900,0.0,0.0
2022-11-16 00:00:00-05:00,6.635137195680029,6.642412732023429,6.533281768372441,6.5696587562561035,486300,0.0,0.0
2022-11-17 00:00:00-05:00,6.5405560746663935,6.591484125659073,6.453251736464491,6.518730163574219,630000,0.0,0.0
2022-11-18 00:00:00-05:00,6.598758763927553,6.656961654272755,6.584208388257845,6.649686813354492,408200,0.0,0.0
2022-11-21 00:00:00-05:00,6.6424108265845705,6.6424108265845705,6.562382031264203,6.613309383392334,273000,0.0,0.0
2022-11-22 00:00:00-05:00,6.6569619358402115,6.707889987421237,6.642411559555069,6.7006144523620605,290400,0.0,0.0
2022-11-23 00:00:00-05:00,6.722441118535635,6.773369175835119,6.700615204740594,6.751542568206787,352100,0.0,0.0
2022-11-25 00:00:00-05:00,6.722439906317298,6.7733679544332235,6.722439906317298,6.744266510009766,123700,0.0,0.0
2022-11-28 00:00:00-05:00,6.7297139167785645,6.766090887527752,6.715162850945686,6.7297139167785645,279100,0.0,0.0
2022-11-29 00:00:00-05:00,6.729716654411746,6.780644017877939,6.686064132988374,6.751542568206787,378400,0.0,0.0
2022-11-30 00:00:00-05:00,6.758817797410479,6.875223590813326,6.722440813513774,6.867948055267334,599100,0.0,0.0
2022-12-01 00:00:00-05:00,6.8606722818386565,6.947976615034397,6.8315708374400765,6.911599636077881,510400,0.0,0.0
2022-12-02 00:00:00-05:00,6.838846606916622,6.897049503618046,6.831571765203887,6.867948055267334,248100,0.0,0.0
2022-12-05 00:00:00-05:00,6.817021003425201,6.853397988972463,6.722441118535635,6.751542568206787,367800,0.0,0.0
2022-12-06 00:00:00-05:00,6.7660928802282285,6.795194326631724,6.649687094614246,6.7006144523620605,349900,0.0,0.0
2022-12-07 00:00:00-05:00,6.69333808275342,6.773367570759577,6.65696110582636,6.678787708282471,378800,0.0,0.0
2022-12-08 00:00:00-05:00,6.715164828647202,6.751541810109875,6.678788541017742,6.7006144523620605,309100,0.0,0.0
2022-12-09 00:00:00-05:00,6.693338178712701,6.700613712969044,6.613309383392334,6.613309383392334,316300,0.0,0.0
2022-12-12 00:00:00-05:00,6.6496856955018835,6.686061975477673,6.606033188164643,6.664236068725586,547900,0.0,0.0
2022-12-13 00:00:00-05:00,6.773368415287405,6.795194326631724,6.635136024495893,6.7006144523620605,572900,0.0,0.0
2022-12-14 00:00:00-05:00,6.686062548601383,6.795193479382563,6.664236639978397,6.678787708282471,561900,0.0,0.0
2022-12-15 00:00:00-05:00,6.576799547272969,6.584298204653272,6.479309849533719,6.569300174713135,650800,0.274,0.0
2022-12-16 00:00:00-05:00,6.501806974404912,6.509306346644521,6.344323733270625,6.3743205070495605,510500,0.0,0.0
2022-12-19 00:00:00-05:00,6.366820936839076,6.419315825704555,6.284329990306865,6.314326763153076,553200,0.0,0.0
2022-12-20 00:00:00-05:00,6.3368235145141885,6.366820284285947,6.27682997497067,6.299327373504639,443500,0.0,0.0
2022-12-21 00:00:00-05:00,6.30682758725208,6.389319251528778,6.30682758725208,6.3743205070495605,451400,0.0,0.0
2022-12-22 00:00:00-05:00,6.336824361031016,6.389319251528778,6.291829557952362,6.3743205070495605,432600,0.0,0.0
2022-12-23 00:00:00-05:00,6.404317100191407,6.471810018085215,6.381819699286631,6.464310646057129,343300,0.0,0.0
2022-12-27 00:00:00-05:00,6.494309711953276,6.539305244829,6.359323828505834,6.389321327209473,558800,0.0,0.0
2022-12-28 00:00:00-05:00,6.3668209662793815,6.494307430260149,6.359321594238281,6.359321594238281,886200,0.0,0.0
2022-12-29 00:00:00-05:00,6.441814968548977,6.621795654296875,6.434315594514564,6.621795654296875,778000,0.0,0.0
2022-12-30 00:00:00-05:00,6.681788795958688,6.854270812003509,6.644292643324629,6.756781101226807,2332700,0.0,0.0
2023-01-03 00:00:00-05:00,6.7942758707823225,6.854269416712365,6.651790662813862,6.719283580780029,844600,0.0,0.0
2023-01-04 00:00:00-05:00,6.764280152814131,6.786777557251854,6.70428588234755,6.749281406402588,361600,0.0,0.0
2023-01-05 00:00:00-05:00,6.6817863171319924,6.749279223798677,6.64429017840835,6.704283714294434,476500,0.0,0.0
2023-01-06 00:00:00-05:00,6.749280175442466,6.824272463463611,6.7192834032699,6.809273719787598,295600,0.0,0.0
2023-01-09 00:00:00-05:00,6.84676986379817,6.899264036305295,6.809273719787598,6.809273719787598,385800,0.0,0.0
2023-01-10 00:00:00-05:00,6.816773289652008,6.869267463684082,6.794275888663902,6.869267463684082,359900,0.0,0.0
2023-01-11 00:00:00-05:00,6.869267659780003,6.936760579850512,6.869267659780003,6.929261207580566,236700,0.0,0.0
2023-01-12 00:00:00-05:00,6.918697286589872,6.994146835354998,6.888517610991866,6.94133186340332,412900,0.056,0.0
2023-01-13 00:00:00-05:00,6.888518810272217,6.918698491124458,6.850794029321828,6.888518810272217,538000,0.0,0.0
2023-01-17 00:00:00-05:00,6.903608845323264,6.926244147435437,6.850794579475674,6.865884780883789,420400,0.0,0.0
2023-01-18 00:00:00-05:00,6.888519466172561,6.918699149898404,6.782890213361902,6.790435314178467,438100,0.0,0.0
2023-01-19 00:00:00-05:00,6.775342224930414,6.782887322531298,6.714982883203558,6.722527980804443,403700,0.0,0.0
2023-01-20 00:00:00-05:00,6.767800731269189,6.805525515811596,6.722530845910215,6.790435314178467,342800,0.0,0.0
2023-01-23 00:00:00-05:00,6.80552599302814,6.918699635050901,6.782890688991214,6.858340263366699,323800,0.0,0.0
2023-01-24 00:00:00-05:00,6.911153305105153,7.129956168448776,6.813069163669689,6.8432488441467285,917300,0.0,0.0
2023-01-25 00:00:00-05:00,6.813069027070433,6.85833890664852,6.782889347198483,6.835704326629639,465000,0.0,0.0
2023-01-26 00:00:00-05:00,6.896063538463285,6.918698117996688,6.82061398063153,6.8809733390808105,591800,0.0,0.0
2023-01-27 00:00:00-05:00,6.880974847863158,6.941334219547359,6.835705678870241,6.858340263366699,515700,0.0,0.0
2023-01-30 00:00:00-05:00,6.858339680179732,6.933788528599088,6.828159996903908,6.865884780883789,497200,0.0,0.0
2023-01-31 00:00:00-05:00,6.9337876259238,7.016782283782958,6.9111530462987165,7.016782283782959,551000,0.0,0.0
2023-02-01 00:00:00-05:00,7.024328050180137,7.092231795500096,6.956423585319797,7.054507732391357,313900,0.0,0.0
2023-02-02 00:00:00-05:00,7.107320694189756,7.107320694189756,7.024326763199944,7.062050819396973,281800,0.0,0.0
2023-02-03 00:00:00-05:00,7.024329001472721,7.054508687771123,6.963968909335438,6.9866042137146,276800,0.0,0.0
2023-02-06 00:00:00-05:00,6.9488777972213285,6.963967277063494,6.88097333908081,6.8809733390808105,360200,0.0,0.0
2023-02-07 00:00:00-05:00,6.865884554088261,6.948878500470199,6.858339453633435,6.933788299560547,449900,0.0,0.0
2023-02-08 00:00:00-05:00,6.933789117522208,6.963968803361351,6.880974847188824,6.926244735717773,309200,0.0,0.0
2023-02-09 00:00:00-05:00,6.986604108080744,6.994149209426387,6.858340263366699,6.858340263366699,338400,0.0,0.0
2023-02-10 00:00:00-05:00,6.858339972711806,6.896064758300781,6.843249770660042,6.896064758300781,220500,0.0,0.0
2023-02-13 00:00:00-05:00,6.918699952246216,6.986604428389214,6.91115485055466,6.9715142250061035,251100,0.0,0.0
2023-02-14 00:00:00-05:00,6.968476683423745,6.99124927958595,6.884975957616027,6.976067066192627,347900,0.056,0.0
2023-02-15 00:00:00-05:00,6.938112366636943,7.006430149078369,6.915339048562085,7.006430149078369,248300,0.0,0.0
2023-02-16 00:00:00-05:00,6.9381140185810635,7.021614032953498,6.9381140185810635,6.968477725982666,227200,0.0,0.0
2023-02-17 00:00:00-05:00,6.968477445920051,6.983658937046766,6.922931524684191,6.9532952308654785,306300,0.0,0.0
2023-02-21 00:00:00-05:00,6.884976004184211,6.945703410312689,6.801476001739502,6.801476001739502,352700,0.0,0.0
2023-02-22 00:00:00-05:00,6.847021918299752,6.869794514615984,6.778703405423268,6.801476001739502,369900,0.0,0.0
2023-02-23 00:00:00-05:00,6.847023546913257,6.862205040092511,6.763522800679513,6.824250221252441,332300,0.0,0.0
2023-02-24 00:00:00-05:00,6.793886510965978,6.847023546913257,6.763522800679513,6.824250221252441,298200,0.0,0.0
2023-02-27 00:00:00-05:00,6.86979499102808,6.8773860983025195,6.7938853661393495,6.839431285858154,301000,0.0,0.0
2023-02-28 00:00:00-05:00,6.862203738467334,6.907749657221842,6.839431141053988,6.869794845581055,423700,0.0,0.0
2023-03-01 00:00:00-05:00,6.892568750378975,6.9077509674861854,6.8014776195195825,6.824250221252441,363600,0.0,0.0
2023-03-02 00:00:00-05:00,6.816657680200114,6.862203598022461,6.7787035932639315,6.862203598022461,290000,0.0,0.0
2023-03-03 00:00:00-05:00,6.900157170932295,6.922929763793945,6.869793472474203,6.922929763793945,311300,0.0,0.0
2023-03-06 00:00:00-05:00,6.930521967815388,6.945703457486726,6.869794561274461,6.892567157745361,272800,0.0,0.0
2023-03-07 00:00:00-05:00,6.862205192170124,6.892568903129497,6.778705168013841,6.793886661529541,451500,0.0,0.0
2023-03-08 00:00:00-05:00,6.79388346060009,6.801474565745387,6.725564962147679,6.763519763946533,361100,0.0,0.0
2023-03-09 00:00:00-05:00,6.755928725707575,6.778702041368998,6.604110240936279,6.604110240936279,532600,0.0,0.0
2023-03-10 00:00:00-05:00,6.604113732078961,6.672432267323285,6.52061370229591,6.573750019073486,566600,0.0,0.0
2023-03-13 00:00:00-04:00,6.490247107907937,6.558565612821868,6.459883408382601,6.482656002044678,463400,0.0,0.0
2023-03-14 00:00:00-04:00,6.578933530854872,6.601857169785302,6.494882374228491,6.548369407653809,413200,0.056,0.0
2023-03-15 00:00:00-04:00,6.426112174987793,6.471958718863997,6.334419815941479,6.426112174987793,1035200,0.0,0.0
2023-03-16 00:00:00-04:00,6.349703202784437,6.441395575731804,6.288574225446656,6.410831451416016,534000,0.0,0.0
2023-03-17 00:00:00-04:00,6.418470301289665,6.426111512599077,6.288572623853749,6.311496257781982,307700,0.0,0.0
2023-03-20 00:00:00-04:00,6.319138237995224,6.364984054018109,6.296214601277675,6.34970235824585,209300,0.0,0.0
2023-03-21 00:00:00-04:00,6.433753387084843,6.441394599181892,6.372625147720633,6.426112174987793,308500,0.0,0.0
2023-03-22 00:00:00-04:00,6.441394889200346,6.449035372935309,6.326778888702393,6.326778888702393,385600,0.0,0.0
2023-03-23 00:00:00-04:00,6.34206131358457,6.410830768142117,6.296214767644164,6.326778888702393,324700,0.0,0.0
2023-03-24 00:00:00-04:00,6.31913840496743,6.326778888702393,6.250368950409884,6.326778888702393,353500,0.0,0.0
2023-03-27 00:00:00-04:00,6.357344929515369,6.380268573760986,6.342063228724637,6.380268573760986,274700,0.0,0.0
2023-03-28 00:00:00-04:00,6.372625641673986,6.387907338346502,6.311497397571619,6.342061519622803,384900,0.0,0.0
2023-03-29 00:00:00-04:00,6.380266359817683,6.433753387084843,6.380266359817683,6.426112174987793,325800,0.0,0.0
2023-03-30 00:00:00-04:00,6.456677529078127,6.533088207244873,6.449036315520206,6.533088207244873,459300,0.0,0.0
2023-03-31 00:00:00-04:00,6.548369612143365,6.586574949514298,6.540729127634139,6.563652038574219,742900,0.0,0.0
2023-04-03 00:00:00-04:00,6.563652913538041,6.617139955763685,6.510165871312397,6.540729999542236,536000,0.0,0.0
2023-04-04 00:00:00-04:00,6.540730776912456,6.571294908774862,6.464320082903248,6.510166645050049,352300,0.0,0.0
2023-04-05 00:00:00-04:00,6.449037376976541,6.487242722348187,6.433755676051694,6.47196102142334,435000,0.0,0.0
2023-04-06 00:00:00-04:00,6.487242221832275,6.502524650284377,6.464319307860421,6.487242221832275,346700,0.0,0.0
2023-04-10 00:00:00-04:00,6.494882766736509,6.533088105223263,6.487241553297915,6.525446891784668,329700,0.0,0.0
2023-04-11 00:00:00-04:00,6.540729025627687,6.586574846792855,6.533087812531431,6.556010723114014,291800,0.0,0.0
2023-04-12 00:00:00-04:00,6.571293046584239,6.601857169785302,6.533087710406366,6.548369407653809,289900,0.0,0.0
2023-04-13 00:00:00-04:00,6.56836436161593,6.6145124435424805,6.560672892378359,6.6145124435424805,184200,0.056,0.0
2023-04-14 00:00:00-04:00,6.614515585076068,6.637589270248644,6.5683674812316895,6.5683674812316895,308700,0.0,0.0
2023-04-17 00:00:00-04:00,6.58374995936844,6.591440698213541,6.514528175268316,6.54529333114624,427000,0.0,0.0
2023-04-18 00:00:00-04:00,6.560675144195557,6.5914402982064715,6.522218518307129,6.560675144195557,409700,0.0,0.0
2023-04-19 00:00:00-04:00,6.5068367029240415,6.560675542335615,6.5068367029240415,6.54529333114624,277200,0.0,0.0
2023-04-20 00:00:00-04:00,6.529908744121953,6.545291684941543,6.476069918251368,6.522217273712158,274700,0.0,0.0
2023-04-21 00:00:00-04:00,6.537602227620601,6.537602227620601,6.468380439615332,6.491454124450684,271200,0.0,0.0
2023-04-24 00:00:00-04:00,6.51452893112303,6.537602617333827,6.483763771675547,6.499145984649658,310900,0.0,0.0
2023-04-25 00:00:00-04:00,6.499147265018842,6.499147265018842,6.406851768493652,6.406851768493652,319100,0.0,0.0
2023-04-26 00:00:00-04:00,6.414541721343994,6.4683805648351385,6.399158775489822,6.414541721343994,322900,0.0,0.0
2023-04-27 00:00:00-04:00,6.452997763414467,6.483762918815167,6.399158191338869,6.468379974365234,437600,0.0,0.0
2023-04-28 00:00:00-04:00,6.499144836173725,6.560675144195557,6.4683796821628095,6.560675144195557,320600,0.0,0.0
2023-05-01 00:00:00-04:00,6.576056178319584,6.591438384108615,6.537599563598633,6.537599563598633,410300,0.0,0.0
2023-05-02 00:00:00-04:00,6.506835737914862,6.5376008892301005,6.399157341561997,6.4376139640808105,322800,0.0,0.0
2023-05-03 00:00:00-04:00,6.4453064108343945,6.468380094438448,6.383776098890801,6.391467571258545,250200,0.0,0.0
2023-05-04 00:00:00-04:00,6.399157806389093,6.414540749913644,6.306862345739149,6.3299360275268555,484800,0.0,0.0
2023-05-05 00:00:00-04:00,6.383777789187507,6.460690332732314,6.383777789187507,6.452999591827393,218700,0.0,0.0
2023-05-08 00:00:00-04:00,6.452996906487963,6.468379115396049,6.429922492877235,6.4376139640808105,237300,0.0,0.0
2023-05-09 00:00:00-04:00,6.460690624758495,6.460690624758495,6.399160293741702,6.406851768493652,240100,0.0,0.0
2023-05-10 00:00:00-04:00,6.437616934002049,6.445308408753999,6.383778077737206,6.406851768493652,358400,0.0,0.0
2023-05-11 00:00:00-04:00,6.3991583101271114,6.3991583101271114,6.360702415286748,6.391467571258545,241400,0.0,0.0
2023-05-12 00:00:00-04:00,6.388370513916016,6.419344402020215,6.372883200626044,6.388370513916016,289400,0.056,0.0
2023-05-15 00:00:00-04:00,6.396111488342285,6.4038551417399585,6.357393959829352,6.396111488342285,326500,0.0,0.0
2023-05-16 00:00:00-04:00,6.365140235810664,6.388370467099637,6.326422691345215,6.326422691345215,291700,0.0,0.0
2023-05-17 00:00:00-04:00,6.334166074701561,6.388370191529586,6.334166074701561,6.365139961242676,394100,0.0,0.0
2023-05-18 00:00:00-04:00,6.365138677047104,6.396112557339098,6.318677487371334,6.380625247955322,392200,0.0,0.0
2023-05-19 00:00:00-04:00,6.403857827205987,6.4270880586652,6.38062685727103,6.388370513916016,237200,0.0,0.0
2023-05-22 00:00:00-04:00,6.380626535275381,6.419344078070701,6.365139961242676,6.365139961242676,490100,0.0,0.0
2023-05-23 00:00:00-04:00,6.357395919506512,6.372882492600185,6.303191805965165,6.318678379058838,330800,0.0,0.0
2023-05-24 00:00:00-04:00,6.202525761656585,6.264473523646429,6.202525761656585,6.21801233291626,1041600,0.0,0.0
2023-05-25 00:00:00-04:00,6.233499642651507,6.233499642651507,6.1792951662915,6.21801233291626,657200,0.0,0.0
2023-05-26 00:00:00-04:00,6.218012900007962,6.295447978795244,6.210269982909748,6.272217750549316,683700,0.0,0.0
2023-05-30 00:00:00-04:00,6.2799601554870605,6.318677691723103,6.256729929135667,6.2799601554870605,662800,0.0,0.0
2023-05-31 00:00:00-04:00,6.272215955855673,6.272215955855673,6.210268205941456,6.256728649139404,548500,0.0,0.0
2023-06-01 00:00:00-04:00,6.256730439401603,6.279960667647532,6.218012900007962,6.272217750549316,434400,0.0,0.0
2023-06-02 00:00:00-04:00,6.326422691345215,6.349652922634189,6.279961490291529,6.326422691345215,444600,0.0,0.0
2023-06-05 00:00:00-04:00,6.318678676596082,6.3419089065683,6.303192102773169,6.310935020446777,317300,0.0,0.0
2023-06-06 00:00:00-04:00,6.326422418447356,6.380626535275381,6.3109351059389445,6.365139961242676,396200,0.0,0.0
2023-06-07 00:00:00-04:00,6.372881743392184,6.396112708015109,6.357395172119141,6.357395172119141,301600,0.0,0.0
2023-06-08 00:00:00-04:00,6.380626535275381,6.388370191529586,6.3573963049884705,6.365139961242676,334700,0.0,0.0
2023-06-09 00:00:00-04:00,6.4038551417399585,6.411598056662198,6.3806241815469384,6.396111488342285,252800,0.0,0.0
2023-06-12 00:00:00-04:00,6.396112557339098,6.411599128247317,6.365138677047104,6.380625247955322,372500,0.0,0.0
2023-06-13 00:00:00-04:00,6.419343948364258,6.442574178181788,6.403857374644468,6.419343948364258,286000,0.0,0.0
2023-06-14 00:00:00-04:00,6.447410106272318,6.45520568359515,6.377244705880292,6.385040283203125,422800,0.056,0.0
2023-06-15 00:00:00-04:00,6.377244400714562,6.470798015594482,6.377244400714562,6.470798015594482,424200,0.0,0.0
2023-06-16 00:00:00-04:00,6.470798081575908,6.494186299659863,6.45520544052124,6.45520544052124,311300,0.0,0.0
2023-06-20 00:00:00-04:00,6.447409249730244,6.447409249730244,6.385039434946918,6.424020290374756,506500,0.0,0.0
2023-06-21 00:00:00-04:00,6.439614164270177,6.439614164270177,6.4084296226501465,6.4084296226501465,307200,0.0,0.0
2023-06-22 00:00:00-04:00,6.3850392654456565,6.416223800260487,6.377243689365417,6.400631904602051,372000,0.0,0.0
2023-06-23 00:00:00-04:00,6.385040427481145,6.392836748478221,6.330467667497797,6.338263988494873,520800,0.0,0.0
2023-06-26 00:00:00-04:00,6.3538568083351965,6.385041353347339,6.322672263323053,6.3460612297058105,417700,0.0,0.0
2023-06-27 00:00:00-04:00,6.346059154550587,6.4084282241802475,6.3304665153941935,6.400631904602051,498600,0.0,0.0
2023-06-28 00:00:00-04:00,6.400631904602051,6.431816439416881,6.377243689365417,6.400631904602051,456900,0.0,0.0
2023-06-29 00:00:00-04:00,6.400632010410581,6.439612865447998,6.400632010410581,6.439612865447998,419400,0.0,0.0
2023-06-30 00:00:00-04:00,6.501981258392334,6.509777577286783,6.463000407417979,6.501981258392334,1125900,0.0,0.0
2023-07-03 00:00:00-04:00,6.4629994294639594,6.517572166471603,6.4629994294639594,6.509776592254639,263300,0.0,0.0
2023-07-05 00:00:00-04:00,6.478594503566377,6.517574619817432,6.478594503566377,6.4941864013671875,360900,0.0,0.0
2023-07-06 00:00:00-04:00,6.431816610159919,6.470797465587756,6.400632074517245,6.424020290374756,413500,0.0,0.0
2023-07-07 00:00:00-04:00,6.4396133750726055,6.486389810020972,6.431817054748535,6.431817054748535,490900,0.0,0.0
2023-07-10 00:00:00-04:00,6.4785943360423195,6.509778874335626,6.439613477301176,6.470798015594482,537300,0.0,0.0
2023-07-11 00:00:00-04:00,6.463000407417979,6.509777577286783,6.463000407417979,6.501981258392334,410600,0.0,0.0
2023-07-12 00:00:00-04:00,6.564350496170384,6.572146815271036,6.525369644165039,6.525369644165039,457100,0.0,0.0
2023-07-13 00:00:00-04:00,6.561473190411058,6.577170854621781,6.530078610495439,6.553625106811523,442100,0.056,0.0
2023-07-14 00:00:00-04:00,6.577171622929832,6.577171622929832,6.506533622741699,6.506533622741699,446500,0.0,0.0
2023-07-17 00:00:00-04:00,6.482988916724373,6.522232339652474,6.482988916724373,6.498685836791992,472600,0.0,0.0
2023-07-18 00:00:00-04:00,6.498684680326567,6.561473846435547,6.498684680326567,6.561473846435547,441500,0.0,0.0
2023-07-19 00:00:00-04:00,6.585020065307617,6.600716981914948,6.561473567637817,6.585020065307617,438100,0.0,0.0
2023-07-20 00:00:00-04:00,6.553625676812672,6.577171426670819,6.537928011236645,6.545776844024658,428800,0.0,0.0
2023-07-21 00:00:00-04:00,6.585021313837444,6.585021313837444,6.537929058074951,6.537929058074951,292800,0.0,0.0
2023-07-24 00:00:00-04:00,6.5614742295483515,6.600717647784292,6.545777311357543,6.5693230628967285,372000,0.0,0.0
2023-07-25 00:00:00-04:00,6.577171426670819,6.577171426670819,6.545776844024658,6.545776844024658,440600,0.0,0.0
2023-07-26 00:00:00-04:00,6.545776929161253,6.592868429490037,6.545776929161253,6.561473846435547,282100,0.0,0.0
2023-07-27 00:00:00-04:00,6.608567067465684,6.608567067465684,6.537929058074951,6.537929058074951,405500,0.0,0.0
2023-07-28 00:00:00-04:00,6.569323645747942,6.577172479792693,6.5300802240302005,6.537929058074951,496400,0.0,0.0
2023-07-31 00:00:00-04:00,6.5771718962451065,6.592868814435915,6.530079644660788,6.5693230628967285,675500,0.0,0.0
2023-08-01 00:00:00-04:00,6.561473956885395,6.5850204559520495,6.498684789719481,6.506533622741699,802300,0.0,0.0
2023-08-02 00:00:00-04:00,6.482988077270471,6.498684995305564,6.420198908118219,6.443744659423828,589300,0.0,0.0
2023-08-03 00:00:00-04:00,6.420198908118219,6.482988077270471,6.412350074847702,6.443744659423828,518400,0.0,0.0
2023-08-04 00:00:00-04:00,6.490836910540986,6.490836910540986,6.428046992882797,6.443744659423828,424000,0.0,0.0
2023-08-07 00:00:00-04:00,6.443745518405365,6.48298894148334,6.443745518405365,6.451594352722168,564900,0.0,0.0
2023-08-08 00:00:00-04:00,6.435895826153312,6.443744659423828,6.388804323542093,6.443744659423828,462200,0.0,0.0
2023-08-09 00:00:00-04:00,6.44374485719195,6.459441775708806,6.396652604629461,6.404501438140869,383300,0.0,0.0
2023-08-10 00:00:00-04:00,6.451593502010375,6.475139253349985,6.404501250825217,6.420198917388916,406700,0.0,0.0
2023-08-11 00:00:00-04:00,6.420198917388916,6.428047002164827,6.404501250825217,6.420198917388916,490100,0.0,0.0
2023-08-14 00:00:00-04:00,6.4249407386162245,6.440745858759776,6.3933297446635775,6.409134864807129,346200,0.056,0.0
2023-08-15 00:00:00-04:00,6.4012308337978405,6.4012308337978405,6.306397502481583,6.314300060272217,679000,0.0,0.0
2023-08-16 00:00:00-04:00,6.322204617053638,6.345912673341243,6.2826906874639485,6.29059362411499,456300,0.0,0.0
2023-08-17 00:00:00-04:00,6.306399628449894,6.322205126192062,6.2510801979359085,6.258983135223389,338100,0.0,0.0
2023-08-18 00:00:00-04:00,6.243176999678808,6.282690551581132,6.219468567071211,6.251079559326172,388600,0.0,0.0
2023-08-21 00:00:00-04:00,6.2747886329655564,6.282691193420246,6.219469202451571,6.258983135223389,526800,0.0,0.0
2023-08-22 00:00:00-04:00,6.306397727029538,6.314300285101554,6.219467327241303,6.227370262145996,338000,0.0,0.0
2023-08-23 00:00:00-04:00,6.243175755122705,6.266883806171428,6.195759276192579,6.227370262145996,712100,0.0,0.0
2023-08-24 00:00:00-04:00,6.251079385019474,6.251079385019474,6.164149347158687,6.172051906585693,502600,0.0,0.0
2023-08-25 00:00:00-04:00,6.203662558709779,6.22737098935978,6.140440579420071,6.2115654945373535,526200,0.0,0.0
2023-08-28 00:00:00-04:00,6.219468053532206,6.266884537999488,6.195759999714927,6.2115654945373535,605300,0.0,0.0
2023-08-29 00:00:00-04:00,6.227371415122902,6.28269046236718,6.219468478755007,6.274787902832031,439200,0.0,0.0
2023-08-30 00:00:00-04:00,6.2984966911624145,6.306399628449894,6.24317763748122,6.258983135223389,533200,0.0,0.0
2023-08-31 00:00:00-04:00,6.30639825625338,6.322203750556463,6.156245871957739,6.164148807525635,1158600,0.0,0.0
2023-09-01 00:00:00-04:00,6.179954868655219,6.195760364407985,6.116732508811414,6.140440940856934,1146100,0.0,0.0
2023-09-05 00:00:00-04:00,6.1483447703572764,6.164150268406203,6.116733397426625,6.13253927230835,491000,0.0,0.0
2023-09-06 00:00:00-04:00,6.116732333246977,6.132538205378822,6.037704856751422,6.061413288116455,774000,0.0,0.0
2023-09-07 00:00:00-04:00,6.053510149614773,6.077218580186971,5.990288170532538,6.013996601104736,809300,0.0,0.0
2023-09-08 00:00:00-04:00,6.006093665303097,6.0298020958752945,5.998191106334177,6.013996601104736,357900,0.0,0.0
2023-09-11 00:00:00-04:00,6.0456083862618755,6.061413883112474,5.9823863988594805,6.006094455718994,540000,0.0,0.0
2023-09-12 00:00:00-04:00,6.0218989734925925,6.0377044677734375,5.950774437645144,6.0377044677734375,875700,0.0,0.0
2023-09-13 00:00:00-04:00,6.0377044677734375,6.09302388617275,6.0377044677734375,6.0377044677734375,724200,0.0,0.0
2023-09-14 00:00:00-04:00,6.082287994378967,6.130054609301605,6.074327081699516,6.114132404327393,843200,0.056,0.0
2023-09-15 00:00:00-04:00,6.090247912039131,6.106170113419531,6.050442218780518,6.050442218780518,564100,0.0,0.0
2023-09-18 00:00:00-04:00,6.050442218780518,6.082286621541318,6.02655910651753,6.050442218780518,661700,0.0,0.0
2023-09-19 00:00:00-04:00,6.050443495118487,6.074326992034912,6.0265603778173675,6.074326992034912,408500,0.0,0.0
2023-09-20 00:00:00-04:00,6.098209514740669,6.1539374157018045,6.082287311553955,6.082287311553955,659600,0.0,0.0
2023-09-21 00:00:00-04:00,6.058404389706579,6.0743265934008495,5.994715574929499,6.002676486968994,594700,0.0,0.0
2023-09-22 00:00:00-04:00,6.026560802931705,6.050443921917542,5.994716391207033,6.018599510192871,738300,0.0,0.0
2023-09-25 00:00:00-04:00,5.978794502940433,6.050444243319338,5.978794502940433,6.042483329772949,507700,0.0,0.0
2023-09-26 00:00:00-04:00,6.002675949197637,6.01859815146546,5.938987140126349,5.946948051452637,626500,0.0,0.0
2023-09-27 00:00:00-04:00,5.954909801483154,5.986754208473818,5.9310263064325195,5.954909801483154,808300,0.0,0.0
2023-09-28 00:00:00-04:00,5.954909385179794,6.034520397090904,5.954909385179794,6.010637283325195,528300,0.0,0.0
2023-09-29 00:00:00-04:00,6.074326171399142,6.074326171399142,6.010637361046715,6.058403968811035,1676000,0.0,0.0
2023-10-02 00:00:00-04:00,6.026559982318039,6.058404389706579,5.986754283274724,6.002676486968994,714600,0.0,0.0
2023-10-03 00:00:00-04:00,5.962870521300478,5.962870521300478,5.907143000669987,5.915103912353516,679100,0.0,0.0
2023-10-04 00:00:00-04:00,5.899181691338768,5.931026097206069,5.867337285471467,5.923065185546875,437800,0.0,0.0
2023-10-05 00:00:00-04:00,5.8991830506686656,5.9310274638737726,5.851416430861005,5.87529993057251,743900,0.0,0.0
2023-10-06 00:00:00-04:00,5.859376449065713,5.986754074170858,5.827532042789426,5.970831871032715,564200,0.0,0.0
2023-10-09 00:00:00-04:00,5.970830900469167,6.010636591651711,5.954908699919191,5.978792190551758,429800,0.0,0.0
2023-10-10 00:00:00-04:00,6.010637150843478,6.05840375693731,5.9947149488122005,6.026559352874756,378600,0.0,0.0
2023-10-11 00:00:00-04:00,6.034522036611209,6.058405536481079,6.002677623194951,6.042483329772949,494900,0.0,0.0
2023-10-12 00:00:00-04:00,6.034521990855959,6.050444197443362,5.970833164506347,5.98675537109375,378400,0.0,0.0
2023-10-13 00:00:00-04:00,5.991566712175464,6.039692083927684,5.951462745666504,5.951462745666504,414800,0.056,0.0
2023-10-16 00:00:00-04:00,5.951463494190916,6.023651178434981,5.951463494190916,5.999588489532471,665300,0.0,0.0
2023-10-17 00:00:00-04:00,5.991566565046098,6.0236502729142,5.959483239641403,5.97552490234375,494700,0.0,0.0
2023-10-18 00:00:00-04:00,5.983547087424519,5.983547087424519,5.9193804241486765,5.927401065826416,435900,0.0,0.0
2023-10-19 00:00:00-04:00,5.935419697772764,5.951461357126339,5.8471903800964355,5.8471903800964355,557300,0.0,0.0
2023-10-20 00:00:00-04:00,5.847191436914578,5.847191436914578,5.783024787902832,5.783024787902832,478500,0.0,0.0
2023-10-23 00:00:00-04:00,5.775003483314747,5.807086806252677,5.718857859405058,5.734899520874023,568000,0.0,0.0
2023-10-24 00:00:00-04:00,5.775003099083946,5.815107441319768,5.7108364574773125,5.750940799713135,598200,0.0,0.0
2023-10-25 00:00:00-04:00,5.726879081464263,5.742920744565038,5.670733451843262,5.670733451843262,465800,0.0,0.0
2023-10-26 00:00:00-04:00,5.678753577445434,5.686774599500513,5.542399262216162,5.55042028427124,1123400,0.0,0.0
2023-10-27 00:00:00-04:00,5.598545843368512,5.638650192830026,5.550420853492747,5.566462516784668,567200,0.0,0.0
2023-10-30 00:00:00-04:00,5.598546862827425,5.662713527679443,5.590525838489178,5.662713527679443,453300,0.0,0.0
2023-10-31 00:00:00-04:00,5.710836981163204,5.750941327076609,5.694795319290519,5.726878643035889,659700,0.0,0.0
2023-11-01 00:00:00-04:00,5.742919403066533,5.855211401004888,5.726877743712957,5.8471903800964355,615400,0.0,0.0
2023-11-02 00:00:00-04:00,5.887295948712544,5.983545924926628,5.887295948712544,5.97552490234375,360600,0.0,0.0
2023-11-03 00:00:00-04:00,6.015630279550355,6.079796941338071,6.015630279550355,6.055734634399414,341600,0.0,0.0
2023-11-06 00:00:00-05:00,6.0878170732164865,6.0878170732164865,5.935421082570237,5.951462745666504,541300,0.0,0.0
2023-11-07 00:00:00-05:00,5.927399396896239,6.015628725290241,5.911357735594,5.919378757476807,447200,0.0,0.0
2023-11-08 00:00:00-05:00,5.919379433525356,5.95146275979405,5.863233421323432,5.8712544441223145,570100,0.0,0.0
2023-11-09 00:00:00-05:00,5.8953171513239315,5.8953171513239315,5.775004478345189,5.791046142578125,564500,0.0,0.0
2023-11-10 00:00:00-05:00,5.823128838725804,5.90333714591279,5.80708679482503,5.895316123962402,550400,0.0,0.0
2023-11-13 00:00:00-05:00,5.8953169324244925,5.951462946386729,5.887296291837562,5.9033379554748535,334600,0.0,0.0
2023-11-14 00:00:00-05:00,5.980928096688844,6.069833891377642,5.980928096688844,6.037504196166992,443300,0.056,0.0
2023-11-15 00:00:00-05:00,6.053669452667236,6.110245943163534,6.03750479615341,6.053669452667236,544300,0.0,0.0
2023-11-16 00:00:00-05:00,6.053669444725032,6.0940812786544845,6.037504788232413,6.077916622161865,598400,0.0,0.0
2023-11-17 00:00:00-05:00,6.110245102440327,6.110245102440327,6.085998313703667,6.094080448150635,410400,0.0,0.0
2023-11-20 00:00:00-05:00,6.09407974893248,6.150656225152854,6.085997615412835,6.12640905380249,636200,0.0,0.0
2023-11-21 00:00:00-05:00,6.110243669186945,6.142572970182987,6.094079018688924,6.118326187133789,534400,0.0,0.0
2023-11-22 00:00:00-05:00,6.158739436304915,6.191068746831782,6.150657301371088,6.1668219566345215,948800,0.0,0.0
2023-11-24 00:00:00-05:00,6.158739806106733,6.215316295623779,6.158739806106733,6.215316295623779,251600,0.0,0.0
2023-11-27 00:00:00-05:00,6.207232598811732,6.255726558326386,6.1991504649238225,6.247644424438477,634500,0.0,0.0
2023-11-28 00:00:00-05:00,6.247645501816805,6.263810157775879,6.2233983251802965,6.263810157775879,385200,0.0,0.0
2023-11-29 00:00:00-05:00,6.296138159522841,6.320385331113727,6.239561682741254,6.27997350692749,624500,0.0,0.0
2023-11-30 00:00:00-05:00,6.304222583770752,6.328469377293748,6.271893268809535,6.304222583770752,812600,0.0,0.0
2023-12-01 00:00:00-05:00,6.3042210854170655,6.4092911413706135,6.3042210854170655,6.393126487731934,735000,0.0,0.0
2023-12-04 00:00:00-05:00,6.304221990371462,6.336551302289609,6.263810157775879,6.263810157775879,889400,0.0,0.0
2023-12-05 00:00:00-05:00,6.239563442988873,6.247645964264573,6.150658021331131,6.199151992797852,690500,0.0,0.0
2023-12-06 00:00:00-05:00,6.199151267161389,6.215315922424822,6.150657301371088,6.1668219566345215,693400,0.0,0.0
2023-12-07 00:00:00-05:00,6.16682173498557,6.191068524311347,6.150657080303128,6.174903869628906,633700,0.0,0.0
2023-12-08 00:00:00-05:00,6.1668219566345215,6.182986611897955,6.142574781041481,6.1668219566345215,489100,0.0,0.0
2023-12-11 00:00:00-05:00,6.166822678486704,6.239563442988873,6.150658021331131,6.199151992797852,668800,0.0,0.0
2023-12-12 00:00:00-05:00,6.239562850967947,6.271892547607422,6.2153160602330795,6.271892547607422,621200,0.0,0.0
2023-12-13 00:00:00-05:00,6.28805687315524,6.376962281710635,6.2557271782128225,6.352715492248535,712700,0.0,0.0
2023-12-14 00:00:00-05:00,6.419119011072573,6.468307616067747,6.410921105698185,6.460109710693359,625200,0.111,0.0
2023-12-15 00:00:00-05:00,6.435516357273484,6.4437146550221955,6.386327743530273,6.386327743530273,549000,0.0,0.0
2023-12-18 00:00:00-05:00,6.435516320980384,6.451912525468988,6.419120116491781,6.443714618682861,871600,0.0,0.0
2023-12-19 00:00:00-05:00,6.460112447292993,6.484706564750872,6.443716238682257,6.468310356140137,785200,0.0,0.0
2023-12-20 00:00:00-05:00,6.5092986249852665,6.5092986249852665,6.361732802987986,6.378129005432129,1057400,0.0,0.0
2023-12-21 00:00:00-05:00,6.386327230863515,6.419119637393222,6.361733121424394,6.394525527954102,798300,0.0,0.0
2023-12-22 00:00:00-05:00,6.419118881225586,6.492901982683992,6.3863264785588,6.419118881225586,808000,0.0,0.0
2023-12-26 00:00:00-05:00,6.451912525468988,6.476507027660069,6.435516320980384,6.443714618682861,678400,0.0,0.0
2023-12-27 00:00:00-05:00,6.468310012619198,6.468310012619198,6.386328973919393,6.410923480987549,735100,0.0,0.0
2023-12-28 00:00:00-05:00,6.435517597139276,6.44371589646747,6.386328973919393,6.410923480987549,735300,0.0,0.0
2023-12-29 00:00:00-05:00,6.394527814440736,6.410924023568371,6.304348468780518,6.304348468780518,1272100,0.0,0.0
2024-01-02 00:00:00-05:00,6.296147828128593,6.378129234206156,6.271553719038376,6.345336437225342,505300,0.0,0.0
2024-01-03 00:00:00-05:00,6.35353549285539,6.394526200788744,6.337139287865321,6.369931697845459,464900,0.0,0.0
2024-01-04 00:00:00-05:00,6.328940323978365,6.410921731218956,6.328940323978365,6.394525527954102,646400,0.0,0.0
2024-01-05 00:00:00-05:00,6.386327707514574,6.468308729957592,6.386327707514574,6.443714618682861,511200,0.0,0.0
2024-01-08 00:00:00-05:00,6.460110823595104,6.492903232574463,6.419120116912732,6.492903232574463,758200,0.0,0.0
2024-01-09 00:00:00-05:00,6.435515212737632,6.501100019397863,6.435515212737632,6.460109710693359,662900,0.0,0.0
2024-01-10 00:00:00-05:00,6.45191252589209,6.501101139361126,6.4437146191054255,6.492903232574463,671900,0.0,0.0
2024-01-11 00:00:00-05:00,6.506113913343386,6.522626876831055,6.481344271261829,6.522626876831055,940900,0.056,0.0
2024-01-12 00:00:00-05:00,6.522626491718023,6.530882776124333,6.481343888586231,6.506113529205322,400600,0.0,0.0
2024-01-16 00:00:00-05:00,6.4978574092449435,6.506114088060557,6.390522946842648,6.407036304473877,856400,0.0,0.0
2024-01-17 00:00:00-05:00,6.4070355021122944,6.440061425838641,6.382265862467501,6.415291786193848,477300,0.0,0.0
2024-01-18 00:00:00-05:00,6.423548463975467,6.456574387701814,6.398778824330675,6.415291786193848,537800,0.0,0.0
2024-01-19 00:00:00-05:00,6.440060647326861,6.440060647326861,6.365752131075392,6.382265090942383,481200,0.0,0.0
2024-01-22 00:00:00-05:00,6.423549034085608,6.440061997414358,6.382266428913681,6.398779392242432,485900,0.0,0.0
2024-01-23 00:00:00-05:00,6.423549325467896,6.431805610656738,6.39877968250113,6.431805610656738,400800,0.0,0.0
2024-01-24 00:00:00-05:00,6.448316421133812,6.464829379696639,6.4318034625709855,6.440060138702393,358600,0.0,0.0
2024-01-25 00:00:00-05:00,6.448317527770996,6.473087166716107,6.42354828252594,6.448317527770996,621400,0.0,0.0
2024-01-26 00:00:00-05:00,6.448316421133812,6.464829379696639,6.423547180139566,6.440060138702393,568100,0.0,0.0
2024-01-29 00:00:00-05:00,6.464831735279982,6.481344699859619,6.431805806120708,6.481344699859619,614500,0.0,0.0
2024-01-30 00:00:00-05:00,6.489600566692622,6.506113529205322,6.46483092607353,6.506113529205322,875800,0.0,0.0
2024-01-31 00:00:00-05:00,6.50611434357914,6.563909522757805,6.481344699859619,6.481344699859619,740100,0.0,0.0
2024-02-01 00:00:00-05:00,6.5143703952293235,6.5969352151644,6.5143703952293235,6.5721659660339355,934000,0.0,0.0
2024-02-02 00:00:00-05:00,6.5556522328319184,6.563908517006607,6.497856668808816,6.539139270782471,672900,0.0,0.0
2024-02-05 00:00:00-05:00,6.530883348302399,6.5391400271321665,6.464831492464718,6.489601135253906,563800,0.0,0.0
2024-02-06 00:00:00-05:00,6.514370198237168,6.539139840318724,6.489600949855716,6.522626876831055,436900,0.0,0.0
2024-02-07 00:00:00-05:00,6.563910484313965,6.580423451312609,6.539141230666093,6.563910484313965,620500,0.0,0.0
2024-02-08 00:00:00-05:00,6.530882268111381,6.563908190567819,6.522625984347297,6.5473952293396,443800,0.0,0.0
2024-02-09 00:00:00-05:00,6.572167164663381,6.580423451312609,6.539141230666093,6.563910484313965,415500,0.0,0.0
2024-02-12 00:00:00-05:00,6.596933841705322,6.61344719595443,6.588677558280803,6.596933841705322,453700,0.0,0.0
2024-02-13 00:00:00-05:00,6.5556522328319184,6.580421479056055,6.522626308733022,6.539139270782471,589500,0.0,0.0
2024-02-14 00:00:00-05:00,6.569074260552366,6.627280993206198,6.560758786456889,6.594019889831543,584200,0.056,0.0
2024-02-15 00:00:00-05:00,6.5857059471678046,6.627282135299218,6.5857059471678046,6.618967056274414,305900,0.0,0.0
2024-02-16 00:00:00-05:00,6.618966865287993,6.643912498146309,6.585705757141113,6.585705757141113,494400,0.0,0.0
2024-02-20 00:00:00-05:00,6.594021130844203,6.618967161321918,6.535814387235704,6.560760021209717,593100,0.0,0.0
2024-02-21 00:00:00-05:00,6.585706051687432,6.594021130844203,6.527498911575231,6.560760021209717,537700,0.0,0.0
2024-02-22 00:00:00-05:00,6.6189661111273805,6.635596663305947,6.594020084607712,6.627281188964844,548100,0.0,0.0
2024-02-23 00:00:00-05:00,6.643911838531494,6.66054278745748,6.627281286109153,6.643911838531494,385700,0.0,0.0
2024-02-26 00:00:00-05:00,6.66054210193546,6.677172256142531,6.594019502589148,6.602334976196289,477800,0.0,0.0
2024-02-27 00:00:00-05:00,6.627281277714288,6.643911830115562,6.618966199765474,6.635596752166748,285600,0.0,0.0
2024-02-28 00:00:00-05:00,6.594020181264473,6.652227312994487,6.594020181264473,6.643911838531494,413900,0.0,0.0
2024-02-29 00:00:00-05:00,6.677174164788175,6.693805116756353,6.643913053859256,6.668859481811523,450000,0.0,0.0
2024-03-01 00:00:00-05:00,6.6688577003245655,6.735379904411978,6.652226752799099,6.710433483123779,838800,0.0,0.0
2024-03-04 00:00:00-05:00,6.743695808667839,6.7603267592106375,6.727065651132409,6.735381126403809,429100,0.0,0.0
2024-03-05 00:00:00-05:00,6.752011211113106,6.785272318832585,6.7270655785753375,6.7436957359313965,995100,0.0,0.0
2024-03-06 00:00:00-05:00,6.793586254119873,6.801901727416724,6.752009680642798,6.793586254119873,472400,0.0,0.0
2024-03-07 00:00:00-05:00,6.818532943725586,6.843478574496933,6.79358731295424,6.818532943725586,391700,0.0,0.0
2024-03-08 00:00:00-05:00,6.810216975141395,6.843478078092971,6.776955872189818,6.8019022941589355,440700,0.0,0.0
2024-03-11 00:00:00-04:00,6.810216796061032,6.818532269832075,6.768641013220266,6.785271167755127,392100,0.0,0.0
2024-03-12 00:00:00-04:00,6.810217469132703,6.835163892911353,6.785271838361356,6.818532943725586,481200,0.0,0.0
2024-03-13 00:00:00-04:00,6.826847923120806,6.835163397110512,6.776955872189818,6.8019022941589355,433100,0.0,0.0
2024-03-14 00:00:00-04:00,6.823671431844004,6.823671431844004,6.714828290616137,6.748318672180176,407600,0.056,0.0
2024-03-15 00:00:00-04:00,6.73157197696529,6.765062353030846,6.672963619232178,6.672963619232178,426100,0.0,0.0
2024-03-18 00:00:00-04:00,6.723200487996787,6.723200487996787,6.672964914150021,6.7148284912109375,485400,0.0,0.0
2024-03-19 00:00:00-04:00,6.714828858714454,6.806927216188989,6.706456062996656,6.798554420471191,506400,0.0,0.0
2024-03-20 00:00:00-04:00,6.773435970797518,6.8655343165651255,6.773435970797518,6.857161521911621,559100,0.0,0.0
2024-03-21 00:00:00-04:00,6.848788813588342,6.924142360687256,6.848788813588342,6.924142360687256,486900,0.0,0.0
2024-03-22 00:00:00-04:00,6.9241419125905725,6.932513907358108,6.873905951617802,6.899023532867432,306800,0.0,0.0
2024-03-25 00:00:00-04:00,6.899023532867432,6.915769119349526,6.865533158376755,6.899023532867432,372500,0.0,0.0
2024-03-26 00:00:00-04:00,6.899024185650096,6.957632945409449,6.873906602023852,6.882279396057129,684800,0.0,0.0
2024-03-27 00:00:00-04:00,6.8906516707461885,6.932514844134798,6.857161291730025,6.915770053863525,911000,0.0,0.0
2024-03-28 00:00:00-04:00,6.907397270202637,6.957633238041594,6.8739068911345385,6.907397270202637,1314000,0.0,0.0
2024-04-01 00:00:00-04:00,6.9241425886717956,6.932514584256782,6.857161034676776,6.865533828735352,460200,0.0,0.0
2024-04-02 00:00:00-04:00,6.823670842853551,6.840416431427002,6.79018046418026,6.840416431427002,428700,0.0,0.0
2024-04-03 00:00:00-04:00,6.798553556284385,6.8655343165651255,6.7901807616308805,6.857161521911621,389000,0.0,0.0
2024-04-04 00:00:00-04:00,6.8655347193279646,6.882280309617344,6.765063573012768,6.7901811599731445,588200,0.0,0.0
2024-04-05 00:00:00-04:00,6.790181125648715,6.8236715075844865,6.765063538815309,6.8152995109558105,505100,0.0,0.0
2024-04-08 00:00:00-04:00,6.815299310971998,6.873907278021421,6.815299310971998,6.848789691925049,489600,0.0,0.0
2024-04-09 00:00:00-04:00,6.8822796150909875,6.8822796150909875,6.823670853466366,6.832043647766113,333800,0.0,0.0
2024-04-10 00:00:00-04:00,6.806926750262524,6.82367154207821,6.781809163302148,6.7901811599731445,494200,0.0,0.0
2024-04-11 00:00:00-04:00,6.815300011906787,6.823672009150838,6.781809627509343,6.798554420471191,258700,0.0,0.0
2024-04-12 00:00:00-04:00,6.778318681192239,6.795180556457802,6.634995957508821,6.643426895141602,705500,0.056,0.0
2024-04-15 00:00:00-04:00,6.67714992618218,6.744595820061315,6.575981085363478,6.58441162109375,621500,0.0,0.0
2024-04-16 00:00:00-04:00,6.618136502830693,6.618136502830693,6.575983007837373,6.592844486236572,388900,0.0,0.0
2024-04-17 00:00:00-04:00,6.618135947405143,6.643428363885959,6.601274470421039,6.6265668869018555,281000,0.0,0.0
2024-04-18 00:00:00-04:00,6.643428745475636,6.66029022342824,6.618136327542056,6.651859283447266,269600,0.0,0.0
2024-04-19 00:00:00-04:00,6.660288368397931,6.702441850534139,6.634995957508821,6.643426895141602,325000,0.0,0.0
2024-04-22 00:00:00-04:00,6.685581117388324,6.744596481323242,6.65185816714245,6.744596481323242,293000,0.0,0.0
2024-04-23 00:00:00-04:00,6.7783208243286674,6.812043781503687,6.761459747750518,6.795182704925537,216900,0.0,0.0
2024-04-24 00:00:00-04:00,6.820472767382704,6.820472767382704,6.761457810241947,6.778318881988525,234500,0.0,0.0
2024-04-25 00:00:00-04:00,6.727734565734863,6.753026977768011,6.702442153701716,6.727734565734863,344200,0.0,0.0
2024-04-26 00:00:00-04:00,6.753028887025317,6.795182784995484,6.753028887025317,6.761459827423096,452500,0.0,0.0
2024-04-29 00:00:00-04:00,6.769889963802146,6.786751844597705,6.736167006229757,6.761459827423096,464700,0.0,0.0
2024-04-30 00:00:00-04:00,6.7783209041999255,6.820474802170094,6.736167006229757,6.761459827423096,660800,0.0,0.0
2024-05-01 00:00:00-04:00,6.761458780199682,6.7951817325490165,6.753027841107698,6.786750793457031,463000,0.0,0.0
2024-05-02 00:00:00-04:00,6.820473745806366,6.828904684898351,6.769888915273062,6.786750793457031,259700,0.0,0.0
2024-05-03 00:00:00-04:00,6.854196567325046,6.8626275062561035,6.803611737757288,6.8626275062561035,323300,0.0,0.0
2024-05-06 00:00:00-04:00,6.879488487147213,6.896350364781498,6.862627413531506,6.8879194259643555,300700,0.0,0.0
2024-05-07 00:00:00-04:00,6.87948898174913,6.91321193542364,6.862627906921193,6.896350860595703,420400,0.0,0.0
2024-05-08 00:00:00-04:00,6.904781264071407,6.946935158805785,6.896351128339465,6.938504219055176,651300,0.0,0.0
2024-05-09 00:00:00-04:00,6.9637956619262695,6.9637956619262695,6.930072713607776,6.9637956619262695,407200,0.0,0.0
2024-05-10 00:00:00-04:00,6.96379564219244,6.980656714294652,6.938502828011362,6.95536470413208,304000,0.0,0.0
2024-05-13 00:00:00-04:00,6.989089471443691,7.005951351953144,6.963797454698228,6.980658531188965,287300,0.0,0.0
2024-05-14 00:00:00-04:00,7.002727330106889,7.028191566467285,6.99423898148893,7.028191566467285,369600,0.056,0.0
2024-05-15 00:00:00-04:00,7.036681003554129,7.0536577034160866,7.011216763254797,7.045169353485107,437800,0.0,0.0
2024-05-16 00:00:00-04:00,7.028191396308012,7.053656441545354,7.011215508976576,7.036679744720459,300800,0.0,0.0
2024-05-17 00:00:00-04:00,7.053656441545354,7.053656441545354,7.036679744720459,7.036679744720459,200300,0.0,0.0
2024-05-20 00:00:00-04:00,7.028191396308012,7.062143980464342,7.019703857389024,7.036679744720459,270800,0.0,0.0
2024-05-21 00:00:00-04:00,7.045167915738832,7.062143802642822,7.0281912193414025,7.062143802642822,317800,0.0,0.0
2024-05-22 00:00:00-04:00,7.06214415144564,7.06214415144564,7.019704027342805,7.028191566467285,262500,0.0,0.0
2024-05-23 00:00:00-04:00,7.028191315440141,7.028191315440141,6.926333564143148,6.943310260772705,309900,0.0,0.0
2024-05-24 00:00:00-04:00,6.960286099919937,7.0112153799640184,6.960286099919937,7.002727031707764,238700,0.0,0.0
2024-05-28 00:00:00-04:00,7.03667966375492,7.03667966375492,6.943310260772705,6.943310260772705,476800,0.0,0.0
2024-05-29 00:00:00-04:00,6.943309377934857,6.943309377934857,6.84993917733116,6.85842752456665,492600,0.0,0.0
2024-05-30 00:00:00-04:00,6.858427794995112,6.934821304140032,6.858427794995112,6.909357070922852,540700,0.0,0.0
2024-05-31 00:00:00-04:00,6.968774448176191,7.002727031707764,6.917845168132111,7.002727031707764,558400,0.0,0.0
2024-06-03 00:00:00-04:00,7.036679274410932,7.045167622256044,6.977262458481952,7.019703388214111,446900,0.0,0.0
2024-06-04 00:00:00-04:00,7.0281896901184435,7.0281896901184435,6.951796191938907,6.985748767852783,287600,0.0,0.0
2024-06-05 00:00:00-04:00,7.019703388214111,7.045167622256044,6.994238344678773,7.019703388214111,252700,0.0,0.0
2024-06-06 00:00:00-04:00,7.028191566467285,7.045168263703202,6.99423898148893,7.028191566467285,263500,0.0,0.0
2024-06-07 00:00:00-04:00,7.028191266983082,7.028191266983082,6.977262796432446,7.002727031707764,464900,0.0,0.0
2024-06-10 00:00:00-04:00,6.985750375865463,7.002727072476808,6.951797792136222,6.9602861404418945,427300,0.0,0.0
2024-06-11 00:00:00-04:00,6.926332956569846,6.926332956569846,6.875404490135485,6.909357070922852,728500,0.0,0.0
2024-06-12 00:00:00-04:00,6.951797799594034,6.9772628445383695,6.917845215828369,6.943310260772705,575600,0.0,0.0
2024-06-13 00:00:00-04:00,6.934821775576432,6.934821775576432,6.900869192480934,6.926333427429199,345000,0.0,0.0
2024-06-14 00:00:00-04:00,6.92291504018669,6.940008232919522,6.880180835723877,6.880180835723877,349300,0.056,0.0
2024-06-17 00:00:00-04:00,6.914368704706609,6.948555908564394,6.786166486468109,6.854541301727295,887100,0.0,0.0
2024-06-18 00:00:00-04:00,6.871633473546477,6.91436767578125,6.8630864700820995,6.91436767578125,353900,0.0,0.0
2024-06-20 00:00:00-04:00,6.931462492625,6.931462492625,6.863088079054609,6.888729095458984,372500,0.0,0.0
2024-06-21 00:00:00-04:00,6.9143676655749475,6.931460857391357,6.888727470306776,6.931460857391357,312800,0.0,0.0
2024-06-24 00:00:00-04:00,6.948555294755328,6.9741954916119,6.914368093917512,6.957102298736572,524900,0.0,0.0
2024-06-25 00:00:00-04:00,6.9912893713116455,6.9912893713116455,6.905820963241533,6.940008163452148,424600,0.0,0.0
2024-06-26 00:00:00-04:00,6.931461159627707,6.940008163452148,6.871633763030917,6.940008163452148,495300,0.0,0.0
2024-06-27 00:00:00-04:00,6.948556423187256,6.957103428556517,6.931462412448733,6.948556423187256,368800,0.0,0.0
2024-06-28 00:00:00-04:00,6.991288835903046,7.025476033495529,6.96564782639337,6.982741832733154,431400,0.0,0.0
2024-07-01 00:00:00-04:00,6.999835198571615,7.0083822019546815,6.965648000126455,6.9741950035095215,318000,0.0,0.0
2024-07-02 00:00:00-04:00,6.965647471471202,7.016928672790527,6.965647471471202,7.016928672790527,320200,0.0,0.0
2024-07-03 00:00:00-04:00,7.008382738260976,7.051116943359375,7.008382738260976,7.051116943359375,349500,0.0,0.0
2024-07-05 00:00:00-04:00,7.051117130229328,7.051117130229328,7.008382923998379,7.025476932525635,269300,0.0,0.0
2024-07-08 00:00:00-04:00,7.025476619279563,7.042569811957492,7.0169296153970215,7.034022808074951,303200,0.0,0.0
2024-07-09 00:00:00-04:00,7.051116815840033,7.051116815840033,7.008382611514481,7.034022808074951,369000,0.0,0.0
2024-07-10 00:00:00-04:00,7.0682110669874,7.085304260253905,7.0425700544568715,7.085304260253906,333200,0.0,0.0
2024-07-11 00:00:00-04:00,7.085304271938493,7.085304271938493,7.0596640744528605,7.068211078643799,479000,0.0,0.0
2024-07-12 00:00:00-04:00,7.085304027307816,7.162225432196069,7.085304027307816,7.136585235595703,659300,0.0,0.0
2024-07-15 00:00:00-04:00,7.1503523994780185,7.184770427007796,7.107329659918172,7.115934371948242,579700,0.056,0.0
2024-07-16 00:00:00-04:00,7.141748718429415,7.15035343170166,7.13314400515717,7.15035343170166,645600,0.0,0.0
2024-07-17 00:00:00-04:00,7.133143133852049,7.176165874367474,7.107329817779004,7.124538421630859,673200,0.0,0.0
2024-07-18 00:00:00-04:00,7.098724735740657,7.133142762241841,7.04709728569364,7.081515312194824,1145900,0.0,0.0
2024-07-19 00:00:00-04:00,7.090120157694237,7.0987248696294465,6.952448049092872,7.021284103393555,647000,0.0,0.0
2024-07-22 00:00:00-04:00,7.021284076136274,7.098724842071533,7.012679364234469,7.098724842071533,465600,0.0,0.0
2024-07-23 00:00:00-04:00,7.115935296120371,7.133143901824951,7.081516443529989,7.133143901824951,680600,0.0,0.0
2024-07-24 00:00:00-04:00,7.098725163904747,7.107329876196661,7.012679682166659,7.029889106750488,700300,0.0,0.0
2024-07-25 00:00:00-04:00,7.064306815054806,7.141747580990065,7.055702103153001,7.098724842071533,528800,0.0,0.0
2024-07-26 00:00:00-04:00,7.124537549952413,7.176164996372472,7.124537549952413,7.1589555740356445,293100,0.0,0.0
2024-07-29 00:00:00-04:00,7.176166348154311,7.1847710609436035,7.124538892009135,7.1847710609436035,485900,0.0,0.0
2024-07-30 00:00:00-04:00,7.2105842115893015,7.270815558537112,7.201979498999455,7.262210845947266,726200,0.0,0.0
2024-07-31 00:00:00-04:00,7.322443298854597,7.348256617039571,7.296629160079033,7.331048011779785,594900,0.0,0.0
2024-08-01 00:00:00-04:00,7.331048615973384,7.348257222651429,7.193375659595731,7.2277936935424805,493000,0.0,0.0
2024-08-02 00:00:00-04:00,7.141747394710303,7.150352106387669,7.047097207440216,7.107329368591309,575300,0.0,0.0
2024-08-05 00:00:00-04:00,6.952447811128551,7.055701889045454,6.840589021570955,6.91802978515625,958100,0.0,0.0
2024-08-06 00:00:00-04:00,6.943844206516834,7.04709830089512,6.9266356010824195,6.9868669509887695,540100,0.0,0.0
2024-08-07 00:00:00-04:00,7.021284608546332,7.133143409980349,6.995471291474037,7.00407600402832,590400,0.0,0.0
2024-08-08 00:00:00-04:00,7.029888892828548,7.124538263387808,7.029888892828548,7.115934371948242,486000,0.0,0.0
2024-08-09 00:00:00-04:00,7.133143133852049,7.150352558294428,7.090120393336624,7.124538421630859,340300,0.0,0.0
2024-08-12 00:00:00-04:00,7.150352106387669,7.158955997474565,7.107329368591309,7.107329368591309,246800,0.0,0.0
2024-08-13 00:00:00-04:00,7.124539188677355,7.1589572206771255,7.115935296120371,7.133143901824951,260400,0.0,0.0
2024-08-14 00:00:00-04:00,7.150353030377012,7.236397696498202,7.150353030377012,7.1847710609436035,443000,0.0,0.0
2024-08-15 00:00:00-04:00,7.23328270843496,7.311245537121677,7.23328270843496,7.276595115661621,347800,0.056,0.0
2024-08-16 00:00:00-04:00,7.241944167535042,7.267932601338499,7.198631763458252,7.198631763458252,475000,0.0,0.0
2024-08-19 00:00:00-04:00,7.233280573265361,7.30258139572878,7.233280573265361,7.26793098449707,418600,0.0,0.0
2024-08-20 00:00:00-04:00,7.285255863118057,7.285255863118057,7.215955039835893,7.233280658721924,366400,0.0,0.0
2024-08-21 00:00:00-04:00,7.241943249857981,7.267931680368264,7.215955645478748,7.250606060028076,494900,0.0,0.0
2024-08-22 00:00:00-04:00,7.2765929677067716,7.285255777047441,7.2419425564750615,7.26793098449707,428400,0.0,0.0
2024-08-23 00:00:00-04:00,7.267931245820165,7.432520498555955,7.259268436168019,7.423857688903809,1027900,0.0,0.0
2024-08-26 00:00:00-04:00,7.4498459226127896,7.48449633418225,7.441183113187679,7.467170715332031,788200,0.0,0.0
2024-08-27 00:00:00-04:00,7.467170911033542,7.467170911033542,7.397870086078368,7.423857688903809,551000,0.0,0.0
2024-08-28 00:00:00-04:00,7.441184134434099,7.467171740145053,7.363220491170147,7.406533718109131,478200,0.0,0.0
2024-08-29 00:00:00-04:00,7.415194671047488,7.467169869448422,7.406531862603705,7.458507061004639,692200,0.0,0.0
2024-08-30 00:00:00-04:00,7.493159164336675,7.501821974740836,7.44118395417385,7.475834369659424,562800,0.0,0.0
2024-09-03 00:00:00-04:00,7.475834048103853,7.493158842035919,7.3632199960868014,7.380545616149902,648500,0.0,0.0
2024-09-04 00:00:00-04:00,7.397870150787265,7.449846183023777,7.3372321349538385,7.363219738006592,767400,0.0,0.0
2024-09-05 00:00:00-04:00,7.363219738006592,7.389207341059345,7.293918912445245,7.363219738006592,533000,0.0,0.0
2024-09-06 00:00:00-04:00,7.363221582377369,7.4411852371953,7.23328270843496,7.276595115661621,787300,0.0,0.0
2024-09-09 00:00:00-04:00,7.28525759461701,7.319908014493514,7.259269986242427,7.30258321762085,434000,0.0,0.0
2024-09-10 00:00:00-04:00,7.31990860427339,7.32857141647329,7.2592705711365735,7.293920993804932,454800,0.0,0.0
2024-09-11 00:00:00-04:00,7.319906188279151,7.32856899761982,7.189967352692982,7.26793098449707,480800,0.0,0.0
2024-09-12 00:00:00-04:00,7.26793098449707,7.30258139572878,7.233280573265361,7.26793098449707,416700,0.0,0.0
2024-09-13 00:00:00-04:00,7.30258321762085,7.345895622868097,7.28525759461701,7.30258321762085,289300,0.0,0.0
2024-09-16 00:00:00-04:00,7.351417075951217,7.386299210228627,7.342696334467945,7.360136985778809,391600,0.056,0.0
2024-09-17 00:00:00-04:00,7.4037406773525785,7.4211821622409895,7.3426971435546875,7.3426971435546875,383600,0.0,0.0
2024-09-18 00:00:00-04:00,7.368859767913818,7.3863012557104195,7.342698367874829,7.368859767913818,452000,0.0,0.0
2024-09-19 00:00:00-04:00,7.421180395079337,7.447341784526523,7.395018173976575,7.4386210441589355,524400,0.0,0.0
2024-09-20 00:00:00-04:00,7.464786127258401,7.464786127258401,7.395021009225354,7.429903984069824,334200,0.0,0.0
2024-09-23 00:00:00-04:00,7.447342186840682,7.464783668518066,7.421180795980227,7.464783668518066,518200,0.0,0.0
2024-09-24 00:00:00-04:00,7.464785029604218,7.508387078436584,7.447343544746654,7.499667167663574,369200,0.0,0.0
2024-09-25 00:00:00-04:00,7.499667583988966,7.5083874952460405,7.403741075258786,7.456064701080322,536400,0.0,0.0
2024-09-26 00:00:00-04:00,7.473503308864691,7.482224049389681,7.438621178420322,7.4473419189453125,313900,0.0,0.0
2024-09-27 00:00:00-04:00,7.44734207409171,7.543267726898193,7.44734207409171,7.543267726898193,610000,0.0,0.0
2024-09-30 00:00:00-04:00,7.543267726898193,7.560709208311522,7.473503464556095,7.543267726898193,638400,0.0,0.0
2024-10-01 00:00:00-04:00,7.54326738453655,7.569429605469135,7.456062476394647,7.551988124847412,359700,0.0,0.0
2024-10-02 00:00:00-04:00,7.543267714823231,7.543267714823231,7.490944933978217,7.534547805786133,444800,0.0,0.0
2024-10-03 00:00:00-04:00,7.499665800217214,7.499665800217214,7.456062927679374,7.464783668518066,377900,0.0,0.0
2024-10-04 00:00:00-04:00,7.482224267581878,7.517106399043459,7.464783617678894,7.50838565826416,273000,0.0,0.0
2024-10-07 00:00:00-04:00,7.5083881825022,7.525829669924436,7.4037417529364715,7.429903984069824,649100,0.0,0.0
2024-10-08 00:00:00-04:00,7.473503125360799,7.5781495141244255,7.464783216705508,7.551988124847412,676100,0.0,0.0
2024-10-09 00:00:00-04:00,7.578150682872965,7.621753559496404,7.5694307728728365,7.613032817840576,775900,0.0,0.0
2024-10-10 00:00:00-04:00,7.613033352964188,7.621754095233,7.543269078125204,7.569431304931641,303600,0.0,0.0
2024-10-11 00:00:00-04:00,7.569430292580466,7.682797431945802,7.569430292580466,7.682797431945801,554500,0.0,0.0
2024-10-14 00:00:00-04:00,7.656636094767494,7.682798321102787,7.613033215864414,7.639195442199707,447100,0.0,0.0
2024-10-15 00:00:00-04:00,7.653236172510796,7.670789030703664,7.5917990763201155,7.600575923919678,449700,0.056,0.0
2024-10-16 00:00:00-04:00,7.5917990763201155,7.626905629712109,7.583023065726809,7.600575923919678,691400,0.0,0.0
2024-10-17 00:00:00-04:00,7.626905629712109,7.626905629712109,7.600575923919678,7.600575923919678,307500,0.0,0.0
2024-10-18 00:00:00-04:00,7.62690811657963,7.705898096719044,7.583025538285759,7.635684967041016,347400,0.0,0.0
2024-10-21 00:00:00-04:00,7.635682693464118,7.6795660956979335,7.626905845616099,7.653236389160156,383400,0.0,0.0
2024-10-22 00:00:00-04:00,7.6532384711763175,7.662014484405518,7.626907920469198,7.662014484405518,402300,0.0,0.0
2024-10-23 00:00:00-04:00,7.653236172510796,7.653236172510796,7.5917990763201155,7.600575923919678,243700,0.0,0.0
2024-10-24 00:00:00-04:00,7.635684967041016,7.635684967041016,7.609355252663388,7.635684967041016,288100,0.0,0.0
2024-10-25 00:00:00-04:00,7.670790779406353,7.705897340801554,7.6532379172119755,7.688344478607178,408300,0.0,0.0
2024-10-28 00:00:00-04:00,7.705897428379152,7.74100399017334,7.653238004191097,7.74100399017334,353300,0.0,0.0
2024-10-29 00:00:00-04:00,7.73222835847283,7.73222835847283,7.67956809468357,7.705897808074951,188200,0.0,0.0
2024-10-30 00:00:00-04:00,7.732228755950928,7.758558470695798,7.697122190622254,7.732228755950928,364200,0.0,0.0
2024-10-31 00:00:00-04:00,7.732226345779768,7.732226345779768,7.653236389160156,7.653236389160156,395600,0.0,0.0
2024-11-01 00:00:00-04:00,7.662012472840876,7.688343016635244,7.609353059264714,7.626905918121338,315800,0.0,0.0
2024-11-04 00:00:00-05:00,7.609355067788827,7.653238482023049,7.591801367292535,7.644461631774902,258400,0.0,0.0
2024-11-05 00:00:00-05:00,7.644459827660986,7.723449787239432,7.609353271960156,7.679566383361816,308700,0.0,0.0
2024-11-06 00:00:00-05:00,7.767336368560791,7.793666086855735,7.723452946731448,7.767336368560791,709200,0.0,0.0
2024-11-07 00:00:00-05:00,7.767334735332569,7.776110748247793,7.705897622887136,7.714674472808838,547800,0.0,0.0
2024-11-08 00:00:00-05:00,7.70589924319705,7.776112383321337,7.70589924319705,7.767336368560791,310200,0.0,0.0
2024-11-11 00:00:00-05:00,7.793663310189605,7.846322728018403,7.776109612909102,7.819993019104004,434500,0.0,0.0
2024-11-12 00:00:00-05:00,7.776111334856865,7.784888185440669,7.68834534003845,7.732228755950928,410000,0.0,0.0
2024-11-13 00:00:00-05:00,7.732226943025431,7.802440057220362,7.670789840350109,7.784886360168457,629900,0.0,0.0
2024-11-14 00:00:00-05:00,7.819992176345872,7.872652425505847,7.793662470269017,7.837545871734619,656100,0.0,0.0
2024-11-15 00:00:00-05:00,7.834014745972327,7.975327167635428,7.798686640556552,7.957663536071777,548200,0.056,0.0
2024-11-18 00:00:00-05:00,7.95766360089893,8.010655338310054,7.939999126902903,7.984159469604492,509700,0.0,0.0
2024-11-19 00:00:00-05:00,7.957664148717535,7.957664148717535,7.728031024691731,7.789855003356934,613800,0.0,0.0
2024-11-20 00:00:00-05:00,7.816351610630378,7.825183005828629,7.639710230048936,7.6750383377075195,540000,0.0,0.0
2024-11-21 00:00:00-05:00,7.728030725660993,7.825182808702584,7.657374512123744,7.816351413726807,513500,0.0,0.0
2024-11-22 00:00:00-05:00,7.816351933742097,7.834015567157303,7.754527111067472,7.79868745803833,394000,0.0,0.0
2024-11-25 00:00:00-05:00,7.860509575530307,7.931165777023154,7.825181474783884,7.8870062828063965,703500,0.0,0.0
2024-11-26 00:00:00-05:00,7.887007277700729,7.904670909157911,7.825182461879421,7.869342803955078,355900,0.0,0.0
2024-11-27 00:00:00-05:00,7.887008942546159,7.93116845165485,7.8516808298860195,7.922337055206299,353000,0.0,0.0
2024-11-29 00:00:00-05:00,7.957663577490208,7.957663577490208,7.895838760974458,7.939999103546143,357100,0.0,0.0
2024-12-02 00:00:00-05:00,7.904669912035428,7.931165777023154,7.860509575530307,7.8870062828063965,514100,0.0,0.0
2024-12-03 00:00:00-05:00,7.878173828125,7.895837456863186,7.798685393082322,7.878173828125,465500,0.0,0.0
2024-12-04 00:00:00-05:00,7.90467084344122,7.913503080240617,7.816351002312633,7.842846870422363,401500,0.0,0.0
2024-12-05 00:00:00-05:00,7.842846652294719,7.851678888848471,7.789854075260644,7.834014415740967,471800,0.0,0.0
2024-12-06 00:00:00-05:00,7.842848501814618,7.8605121367991675,7.7898559122837,7.807520389556885,428500,0.0,0.0
2024-12-09 00:00:00-05:00,7.842846230461998,7.851678466540703,7.736861924382721,7.745694160461426,508200,0.0,0.0
2024-12-10 00:00:00-05:00,7.772190586968892,7.781022823684611,7.701534377820049,7.7103657722473145,332500,0.0,0.0
2024-12-11 00:00:00-05:00,7.745693652776597,7.763357281487867,7.666205217855043,7.701533317565918,539500,0.0,0.0
2024-12-12 00:00:00-05:00,7.666205376253733,7.675036769647672,7.604380568766027,7.622045040130615,350800,0.0,0.0
2024-12-13 00:00:00-05:00,7.648541315799042,7.692701654294627,7.577885111121465,7.595549583435059,359500,0.0,0.0
2024-12-16 00:00:00-05:00,7.606224729494716,7.624016626475833,7.5528473417417725,7.5706400871276855,406000,0.062,0.0
2024-12-17 00:00:00-05:00,7.579537354185367,7.579537354185367,7.472782566082706,7.490575313568115,557800,0.0,0.0
2024-12-18 00:00:00-05:00,7.472782644017472,7.508367290954511,7.25037838855975,7.294859409332275,783000,0.0,0.0
2024-12-19 00:00:00-05:00,7.339339528762463,7.366027798586437,7.1703126886708946,7.205897331237793,813100,0.0,0.0
2024-12-20 00:00:00-05:00,7.232586317216163,7.3304438818635695,7.214793569968515,7.321547508239746,777600,0.0,0.0
2024-12-23 00:00:00-05:00,7.37492556627322,7.446094864868465,7.339340916975597,7.392718315124512,726300,0.0,0.0
2024-12-24 00:00:00-05:00,7.437198439629585,7.490575837413808,7.401613790575087,7.472783088684082,359000,0.0,0.0
2024-12-26 00:00:00-05:00,7.472781875321977,7.543951161875152,7.428301707529855,7.535055637359619,471000,0.0,0.0
2024-12-27 00:00:00-05:00,7.490574553078882,7.561743838985181,7.383820624219433,7.454989910125732,550700,0.0,0.0
2024-12-30 00:00:00-05:00,7.401613841145196,7.428302964422135,7.339340916975597,7.392718315124512,614600,0.0,0.0
2024-12-31 00:00:00-05:00,7.392717907510942,7.437198080376739,7.348236886240231,7.366028785705566,1117600,0.0,0.0
2025-01-02 00:00:00-05:00,7.383821033061086,7.446093949575942,7.348236388137617,7.374924659729004,415000,0.0,0.0
2025-01-03 00:00:00-05:00,7.37492394794514,7.4283013343811035,7.33933930645609,7.4283013343811035,429300,0.0,0.0
2025-01-06 00:00:00-05:00,7.463888312643006,7.606226923162174,7.446095562125588,7.508368492126465,737400,0.0,0.0
2025-01-07 00:00:00-05:00,7.517264867385173,7.5528495200149655,7.472783839496673,7.508368492126465,376000,0.0,0.0
2025-01-08 00:00:00-05:00,7.517264867385173,7.526161242643881,7.4816802147553805,7.508368492126465,690900,0.0,0.0
2025-01-10 00:00:00-05:00,7.490575054874731,7.490575054874731,7.392717492299265,7.446094036102295,724600,0.0,0.0
2025-01-13 00:00:00-05:00,7.437199186866881,7.508368492126465,7.419407284754505,7.508368492126465,510300,0.0,0.0
2025-01-14 00:00:00-05:00,7.561743997010705,7.60622501373291,7.543951250959892,7.60622501373291,421000,0.0,0.0
2025-01-15 00:00:00-05:00,7.688667442383007,7.832045720765597,7.652822872787359,7.751395225524902,597100,0.062,0.0
2025-01-16 00:00:00-05:00,7.77827979628952,7.77827979628952,7.643862010668578,7.70659065246582,546700,0.0,0.0
2025-01-17 00:00:00-05:00,7.769316827333456,7.7782781821022144,7.724510908091491,7.760355472564697,1136200,0.0,0.0
2025-01-21 00:00:00-05:00,7.7693177062131875,7.814123630523682,7.7693177062131875,7.814123630523682,455800,0.0,0.0
2025-01-22 00:00:00-05:00,7.832045233054842,7.832045233054842,7.7872393101999124,7.823083877563477,303600,0.0,0.0
2025-01-23 00:00:00-05:00,7.823084277589668,7.876851558685303,7.796201064342822,7.876851558685303,429900,0.0,0.0
2025-01-24 00:00:00-05:00,7.876851236717331,7.921657160031919,7.849968024569342,7.867889881134033,321900,0.0,0.0
2025-01-27 00:00:00-05:00,7.858930816343247,7.930619964906752,7.849969459122294,7.894775390625,520100,0.0,0.0
2025-01-28 00:00:00-05:00,7.90373477193215,7.912696127881746,7.796201064342822,7.876851558685303,419000,0.0,0.0
2025-01-29 00:00:00-05:00,7.885814369543297,7.894775727146236,7.751396569305512,7.805163860321045,584200,0.0,0.0
2025-01-30 00:00:00-05:00,7.832047912234696,7.930621147155762,7.832047912234696,7.930621147155762,432500,0.0,0.0
2025-01-31 00:00:00-05:00,7.912696127881746,7.957502053027785,7.876851558685303,7.876851558685303,590600,0.0,0.0
2025-02-03 00:00:00-05:00,7.81412370933186,7.867890135365167,7.778279140442344,7.858929634094238,442700,0.0,0.0
2025-02-04 00:00:00-05:00,7.86789131896214,7.9037358932438915,7.84100810190134,7.894775390625,313900,0.0,0.0
2025-02-05 00:00:00-05:00,7.912696272914128,8.047113196214042,7.894774415288386,8.038152694702148,572700,0.0,0.0
2025-02-06 00:00:00-05:00,8.047114393753056,8.056075751200497,7.957503383084885,7.9754252433776855,421000,0.0,0.0
2025-02-07 00:00:00-05:00,8.002310240051832,8.011270743932203,7.814125984929154,7.885815143585205,506600,0.0,0.0
2025-02-10 00:00:00-05:00,7.8947765020677565,7.921659722913231,7.8499705642571795,7.885815143585205,359900,0.0,0.0
2025-02-11 00:00:00-05:00,7.885813532974473,7.939579963684082,7.8768521763222035,7.939579963684082,250800,0.0,0.0
2025-02-12 00:00:00-05:00,7.930618521232581,7.984384945566644,7.876851242296611,7.966463088989258,444200,0.0,0.0
2025-02-13 00:00:00-05:00,8.002308124848708,8.05607455232789,7.984385412621009,8.038152694702148,351100,0.0,0.0
2025-02-14 00:00:00-05:00,8.058003425598145,8.08507374393943,8.012885654662732,8.058003425598145,307100,0.062,0.0
2025-02-18 00:00:00-05:00,8.039956092834473,8.039956092834473,7.958744276050299,8.039956092834473,447900,0.0,0.0
2025-02-19 00:00:00-05:00,8.012886047363281,8.030932640291942,7.967768274216708,8.012886047363281,325200,0.0,0.0
2025-02-20 00:00:00-05:00,8.030932640291942,8.04898009377055,7.967768274216708,8.012886047363281,384200,0.0,0.0
2025-02-21 00:00:00-05:00,8.021910651775043,8.030933518951587,7.931675095609278,7.967769145965576,365500,0.0,0.0
2025-02-24 00:00:00-05:00,7.976793413094462,8.012887465891493,7.931675631960651,7.958745956420898,290900,0.0,0.0
2025-02-25 00:00:00-05:00,7.994841255270843,8.030935313693389,7.9497243276553355,7.985818386077881,468000,0.0,0.0
2025-02-26 00:00:00-05:00,7.9587452794329785,7.994839329159771,7.904604635117803,7.931674957275391,302800,0.0,0.0
2025-02-27 00:00:00-05:00,7.96776968475768,7.994840009217929,7.913629035837186,7.958745956420898,415800,0.0,0.0
2025-02-28 00:00:00-05:00,7.994838050398446,8.094097316683287,7.958744006444837,8.067026138305664,673800,0.0,0.0
2025-03-03 00:00:00-05:00,8.08507414017782,8.103120733106481,7.976792000956012,8.012886047363281,354000,0.0,0.0
2025-03-04 00:00:00-05:00,7.95874471974325,7.976792173612492,7.778274483800653,7.886556625366211,574800,0.0,0.0
2025-03-05 00:00:00-05:00,7.904604970404506,8.003863396225887,7.859487191194765,7.994839668273926,413500,0.0,0.0
2025-03-06 00:00:00-05:00,7.940698342619305,7.958744936429922,7.805345016564721,7.8685102462768555,410800,0.0,0.0
2025-03-07 00:00:00-05:00,7.841438258078467,7.913627207544748,7.805344213620277,7.904603481292725,301400,0.0,0.0
2025-03-10 00:00:00-04:00,7.8775346076413895,7.895582065426438,7.778276171474084,7.859488010406494,512500,0.0,0.0
2025-03-11 00:00:00-04:00,7.85948760379376,7.868511332219439,7.724135119609009,7.7512054443359375,549400,0.0,0.0
2025-03-12 00:00:00-04:00,7.805344991838654,7.823392446142089,7.669992526762833,7.7151103019714355,470400,0.0,0.0
2025-03-13 00:00:00-04:00,7.7421802654965655,7.778274311887344,7.688039626185371,7.6970624923706055,462100,0.0,0.0
2025-03-14 00:00:00-04:00,7.744330001925356,7.835225368972629,7.735240205165409,7.817046642303467,225300,0.062,0.0
2025-03-17 00:00:00-04:00,7.807955459387281,7.953388714324552,7.807955459387281,7.853403568267822,641100,0.0,0.0
2025-03-18 00:00:00-04:00,7.880672931671143,7.898851657061789,7.826135021797865,7.880672931671143,304800,0.0,0.0
2025-03-19 00:00:00-04:00,7.907942560027339,7.917032357420262,7.817047186650487,7.889763832092285,436100,0.0,0.0
2025-03-20 00:00:00-04:00,7.871583788726727,7.9261217031255065,7.835225468077787,7.862493991851807,245200,0.0,0.0
2025-03-21 00:00:00-04:00,7.844315973162441,7.862494701702774,7.771599325299473,7.807957649230957,445000,0.0,0.0
2025-03-24 00:00:00-04:00,7.871584237306441,7.898852762634417,7.844315711978464,7.889763832092285,398700,0.0,0.0
2025-03-25 00:00:00-04:00,7.944299960718999,7.980658279220088,7.917031438555854,7.926121234893799,392000,0.0,0.0
2025-03-26 00:00:00-04:00,7.880673585601647,7.9261217031255065,7.862493991851807,7.862493991851807,352800,0.0,0.0
2025-03-27 00:00:00-04:00,7.862493339429827,7.880672931671143,7.798866500286561,7.880672931671143,366000,0.0,0.0
2025-03-28 00:00:00-04:00,7.86249249656347,7.889761882002141,7.789775869094834,7.853403568267822,439000,0.0,0.0
2025-03-31 00:00:00-04:00,7.817046642303467,7.8534049624925215,7.7625087285945185,7.817046642303467,822800,0.0,0.0
2025-04-01 00:00:00-04:00,7.844314098358155,7.871582618076841,7.789776192070169,7.844314098358154,387000,0.0,0.0
2025-04-02 00:00:00-04:00,7.81704637922827,7.880673220705133,7.780688060262818,7.8352251052856445,310600,0.0,0.0
2025-04-03 00:00:00-04:00,7.662523409121999,7.707970658297002,7.59889569994571,7.607985496520996,490200,0.0,0.0
2025-04-04 00:00:00-04:00,7.471641339172218,7.498909859579785,7.026251316070557,7.026251316070557,1207700,0.0,0.0
2025-04-07 00:00:00-04:00,6.589951739059646,6.99898305294148,6.508145302913134,6.908087253570557,1203200,0.0,0.0
2025-04-08 00:00:00-04:00,7.226223302484438,7.289851016887603,6.8989984005497575,6.944446086883545,881600,0.0,0.0
2025-04-09 00:00:00-04:00,6.980802459972402,7.471640542661538,6.908085835403721,7.435282230377197,824400,0.0,0.0
2025-04-10 00:00:00-04:00,7.426193251423938,7.426193251423938,7.089878609134132,7.262580394744873,391900,0.0,0.0
2025-04-11 00:00:00-04:00,7.217133164485149,7.344387279366149,7.153505890331975,7.289850234985352,342300,0.0,0.0
2025-04-14 00:00:00-04:00,7.444372579459993,7.444372579459993,7.317118895597022,7.3716559410095215,374800,0.0,0.0
2025-04-15 00:00:00-04:00,7.400966541210631,7.465083546678544,7.336849535742718,7.373487949371338,356500,0.062,0.0
2025-04-16 00:00:00-04:00,7.31853071741212,7.373488780816542,7.226934673012069,7.2818922996521,433200,0.0,0.0
2025-04-17 00:00:00-04:00,7.309370774883642,7.364328397339686,7.28189174527344,7.300210952758789,452100,0.0,0.0
2025-04-21 00:00:00-04:00,7.263572683487722,7.300211099193347,7.107859635121002,7.15365743637085,503800,0.0,0.0
2025-04-22 00:00:00-04:00,7.254413255796458,7.346009731292725,7.245253433541086,7.346009731292725,627300,0.0,0.0
2025-04-23 00:00:00-04:00,7.483403516548446,7.510882109585861,7.391807041718767,7.410126686096191,453600,0.0,0.0
2025-04-24 00:00:00-04:00,7.465084138575284,7.510882377624512,7.428445722041652,7.510882377624512,268800,0.0,0.0
2025-04-25 00:00:00-04:00,7.547519427952273,7.602477479568926,7.474242608149132,7.5566792488098145,351500,0.0,0.0
2025-04-28 00:00:00-04:00,7.593319134840698,7.602478957478895,7.520042300792656,7.538361072540283,360600,0.0,0.0
2025-04-29 00:00:00-04:00,7.556680997665281,7.611639062000973,7.538361351710451,7.593319416046143,342300,0.0,0.0
2025-04-30 00:00:00-04:00,7.565839069667356,7.5841578378538435,7.455923839962645,7.5566792488098145,1475300,0.0,0.0
2025-05-01 00:00:00-04:00,7.602479676160209,7.629958273143654,7.520043011681027,7.611639499664307,648100,0.0,0.0
2025-05-02 00:00:00-04:00,7.684916019439697,7.694074969032138,7.6207981311197415,7.684916019439697,352900,0.0,0.0
2025-05-05 00:00:00-04:00,7.629957518955539,7.703234352687527,7.62079769635685,7.666595935821533,413600,0.0,0.0
2025-05-06 00:00:00-04:00,7.657434940338135,7.730711762846355,7.620796529084024,7.657434940338135,503500,0.0,0.0
2025-05-07 00:00:00-04:00,7.694074530088838,7.730712946954832,7.657436113222844,7.666595935821533,372900,0.0,0.0
2025-05-08 00:00:00-04:00,7.758193176628547,7.8223101940583275,7.694075285669919,7.721554756164551,483800,0.0,0.0
2025-05-09 00:00:00-04:00,7.739871790318293,7.803989666868271,7.712393199527532,7.794829845428467,315600,0.0,0.0
2025-05-12 00:00:00-04:00,7.932223588006212,7.950543230689731,7.840627995174543,7.8772664070129395,426700,0.0,0.0
2025-05-13 00:00:00-04:00,7.923065839758755,7.950545310974121,7.89558724207226,7.950545310974121,447000,0.0,0.0
2025-05-14 00:00:00-04:00,7.968862141633036,7.987181784642513,7.886425495147705,7.886425495147705,330100,0.0,0.0
2025-05-15 00:00:00-04:00,7.906723271800133,7.906723271800133,7.823688694638828,7.851367473602295,308000,0.062,0.0
2025-05-16 00:00:00-04:00,7.869819814094404,7.934402757564362,7.851368173006293,7.906723976135254,330500,0.0,0.0
2025-05-19 00:00:00-04:00,7.842141501261229,7.915949821472168,7.832915241268716,7.915949821472168,298800,0.0,0.0
2025-05-20 00:00:00-04:00,7.9344011521923425,7.962079048156738,7.897496997618331,7.962079048156738,352400,0.0,0.0
2025-05-21 00:00:00-04:00,7.915950368873905,7.9251766295044295,7.805237880901535,7.832915782928467,425100,0.0,0.0
2025-05-22 00:00:00-04:00,7.842142411305752,7.925177001144986,7.768334082529696,7.805238246917725,363200,0.0,0.0
2025-05-23 00:00:00-04:00,7.759108066558838,7.7960122321125835,7.731430162359707,7.759108066558838,300000,0.0,0.0
2025-05-27 00:00:00-04:00,7.842140377956544,7.897497050117774,7.842140377956544,7.879044532775879,282000,0.0,0.0
2025-05-28 00:00:00-04:00,7.879046156531778,7.91595031895652,7.814464092254639,7.814464092254639,316900,0.0,0.0
2025-05-29 00:00:00-04:00,7.842142978314845,7.925177574157714,7.82369045485432,7.925177574157715,425300,0.0,0.0
2025-05-30 00:00:00-04:00,7.906723510867218,7.925176030734126,7.851367710995648,7.89749813079834,468500,0.0,0.0
2025-06-02 00:00:00-04:00,7.906722735061471,7.934401512145996,7.869818578813259,7.934401512145996,554300,0.0,0.0
2025-06-03 00:00:00-04:00,7.897497819363891,7.98053151589685,7.879045300224651,7.94362735748291,374200,0.0,0.0
2025-06-04 00:00:00-04:00,7.943628138176104,7.952854398652473,7.906723976135254,7.906723976135254,344600,0.0,0.0
2025-06-05 00:00:00-04:00,7.90672429395752,7.925176815651985,7.851368488603452,7.860594749450684,490000,0.0,0.0
2025-06-06 00:00:00-04:00,7.897497355897785,7.952853150337858,7.897497355897785,7.934401512145996,363500,0.0,0.0
2025-06-09 00:00:00-04:00,7.9344019777778305,7.96207987662215,7.906723199068971,7.94362735748291,306200,0.0,0.0
2025-06-10 00:00:00-04:00,7.962080177046624,7.998984336853027,7.952853917128879,7.998984336853027,279000,0.0,0.0
2025-06-11 00:00:00-04:00,8.026662591102754,8.026662591102754,7.971306788881588,7.980532169342041,342400,0.0,0.0
2025-06-12 00:00:00-04:00,7.9989843874392506,8.017436027526855,7.980531867487066,8.017436027526855,253700,0.0,0.0
2025-06-13 00:00:00-04:00,7.982125715689599,8.000709947710199,7.944956365461187,7.972833156585693,355400,0.062,0.0
2025-06-16 00:00:00-04:00,8.010003507405886,8.019296067670597,7.982126712799072,7.982126712799072,259200,0.0,0.0
2025-06-17 00:00:00-04:00,7.991417643126144,7.991417643126144,7.926370620727539,7.926370620727539,229100,0.0,0.0
2025-06-18 00:00:00-04:00,7.9263720762627665,7.954249756490176,7.917080402374268,7.917080402374268,213000,0.0,0.0
2025-06-20 00:00:00-04:00,7.935663179096932,7.963539968017967,7.917078948545289,7.926370620727539,227800,0.0,0.0
2025-06-23 00:00:00-04:00,7.95424840489982,7.991417752699893,7.907786498602942,7.963540077209473,451200,0.0,0.0
2025-06-24 00:00:00-04:00,7.963539436460076,8.065755799326272,7.963539436460076,8.056463241577148,404000,0.0,0.0
2025-06-25 00:00:00-04:00,8.07505043675769,8.093635559082031,8.047173639458588,8.093635559082031,398600,0.0,0.0
2025-06-26 00:00:00-04:00,8.075048553345258,8.130803021126782,8.075048553345258,8.112217903137207,272900,0.0,0.0
2025-06-27 00:00:00-04:00,8.13080422211746,8.205142932681833,8.1122191013827,8.195850372314453,426600,0.0,0.0
2025-06-30 00:00:00-04:00,8.260895729064941,8.260895729064941,8.1958487059062,8.260895729064941,590600,0.0,0.0
2025-07-01 00:00:00-04:00,8.214432941856815,8.307355858109137,8.214432941856815,8.288771629333496,550500,0.0,0.0
2025-07-02 00:00:00-04:00,8.307355880737305,8.353817782083551,8.260894865578118,8.307355880737305,499300,0.0,0.0
2025-07-03 00:00:00-04:00,8.279480195863808,8.353818893432617,8.270187637120912,8.353818893432617,244300,0.0,0.0
2025-07-07 00:00:00-04:00,8.316650224342126,8.325942783844475,8.223727287880404,8.251604080200195,376400,0.0,0.0
2025-07-08 00:00:00-04:00,8.288773432022335,8.298065991524682,8.214434728378055,8.251604080200195,326800,0.0,0.0
2025-07-09 00:00:00-04:00,8.288771674340753,8.335233575812726,8.251602330400585,8.298064231872559,442600,0.0,0.0
2025-07-10 00:00:00-04:00,8.316649480818171,8.325942039489746,8.270187573647465,8.325942039489746,320700,0.0,0.0
2025-07-11 00:00:00-04:00,8.316650243032909,8.316650243032909,8.251604098744792,8.270188331604004,222600,0.0,0.0
2025-07-14 00:00:00-04:00,8.270187421967606,8.307356769785029,8.242310632651325,8.27947998046875,401100,0.0,0.0
2025-07-15 00:00:00-04:00,8.290709776372331,8.290709776372331,8.206493380524492,8.24392318725586,329600,0.062,0.0
2025-07-16 00:00:00-04:00,8.27199599073194,8.27199599073194,8.178421020108543,8.253280639648438,439800,0.0,0.0
2025-07-17 00:00:00-04:00,8.25327969008091,8.290709495544434,8.225207559082508,8.290709495544434,336300,0.0,0.0
2025-07-18 00:00:00-04:00,8.290709027577718,8.290709027577718,8.150347488111413,8.15970516204834,1207200,0.0,0.0
2025-07-21 00:00:00-04:00,8.169062678570143,8.225207834846264,8.169062678570143,8.206493377685547,425200,0.0,0.0
2025-07-22 00:00:00-04:00,8.20649265173268,8.234564781188965,8.187777303830552,8.234564781188965,231100,0.0,0.0
2025-07-23 00:00:00-04:00,8.234566683569176,8.309426307678223,8.215851331343357,8.309426307678223,271800,0.0,0.0
2025-07-24 00:00:00-04:00,8.309425576089124,8.337497709559177,8.262638092041016,8.262638092041016,484400,0.0,0.0
2025-07-25 00:00:00-04:00,8.290708550244622,8.32813835144043,8.253278749048814,8.32813835144043,327300,0.0,0.0
2025-07-28 00:00:00-04:00,8.300067677147217,8.300067677147217,8.25328019435984,8.271995544433594,325100,0.0,0.0
2025-07-29 00:00:00-04:00,8.262637869396716,8.281353219470471,8.234565736683095,8.271995544433594,362400,0.0,0.0
2025-07-30 00:00:00-04:00,8.281353219470471,8.309425352184094,8.234565736683095,8.271995544433594,519200,0.0,0.0
2025-07-31 00:00:00-04:00,8.318783251378154,8.318783251378154,8.206493825100912,8.262638092041016,619900,0.0,0.0
2025-08-01 00:00:00-04:00,8.206495008685149,8.225209469565272,8.084847889574286,8.140992164611816,576600,0.0,0.0
2025-08-04 00:00:00-04:00,8.140990482721723,8.1877779638517,8.112918351002529,8.169062614440918,350900,0.0,0.0
2025-08-05 00:00:00-04:00,8.169061943588364,8.206492639336076,8.140989814174484,8.15970516204834,229200,0.0,0.0
2025-08-06 00:00:00-04:00,8.197135705742404,8.253279969640962,8.16906268139614,8.24392318725586,448100,0.0,0.0
2025-08-07 00:00:00-04:00,8.253279459008837,8.262637133211964,8.197135198583934,8.225207328796387,303400,0.0,0.0
2025-08-08 00:00:00-04:00,8.253281143397881,8.328140767506929,8.197136871514651,8.309426307678223,378000,0.0,0.0
2025-08-11 00:00:00-04:00,8.300067170009553,8.318782518939791,8.290709495544434,8.290709495544434,316300,0.0,0.0
2025-08-12 00:00:00-04:00,8.318781129914516,8.346853256225586,8.300065784109265,8.346853256225586,314100,0.0,0.0
2025-08-13 00:00:00-04:00,8.34685422195192,8.421713829040527,8.337496547966616,8.421713829040527,393900,0.0,0.0
2025-08-14 00:00:00-04:00,8.42171427321305,8.42171427321305,8.356212336655085,8.402998924255371,257600,0.0,0.0
2025-08-15 00:00:00-04:00,8.433151797085715,8.442574528925197,8.32008171081543,8.32008171081543,360400,0.062,0.0
2025-08-18 00:00:00-04:00,8.310658163824618,8.357770919799805,8.301236331510443,8.357770919799805,408900,0.0,0.0
2025-08-19 00:00:00-04:00,8.376617861975003,8.395462428534707,8.338927830254356,8.367195129394531,305300,0.0,0.0
2025-08-20 00:00:00-04:00,8.386038644548945,8.395461375948035,8.329504053356658,8.348348617553711,229100,0.0,0.0
2025-08-21 00:00:00-04:00,8.310658550354512,8.348348577167414,8.291813986248622,8.329504013061523,338000,0.0,0.0
2025-08-22 00:00:00-04:00,8.348348173258577,8.499109171817206,8.348348173258577,8.480263710021973,648300,0.0,0.0
2025-08-25 00:00:00-04:00,8.480264139150316,8.508531434672502,8.451996843628129,8.470841407775879,391000,0.0,0.0
2025-08-26 00:00:00-04:00,8.451995606243784,8.527375649001284,8.433150146253913,8.517952919006348,422700,0.0,0.0
2025-08-27 00:00:00-04:00,8.51795478738515,8.51795478738515,8.48968748980102,8.499110221862793,267800,0.0,0.0
2025-08-28 00:00:00-04:00,8.527377168346796,8.546221733093262,8.499109871926523,8.546221733093262,419700,0.0,0.0
2025-08-29 00:00:00-04:00,8.555642511218316,8.56506524074059,8.517952491730167,8.527375221252441,444300,0.0,0.0
2025-09-02 00:00:00-04:00,8.480264757739246,8.508532055323377,8.433151996031569,8.499110221862793,389600,0.0,0.0
2025-09-03 00:00:00-04:00,8.527377519446924,8.546222084969282,8.4614192936157,8.499110221862793,432900,0.0,0.0
2025-09-04 00:00:00-04:00,8.527376699691223,8.54622126340201,8.480263942512599,8.536799430847168,277800,0.0,0.0
2025-09-05 00:00:00-04:00,8.55564241154751,8.565065140960012,8.470839644036866,8.508529663085938,292100,0.0,0.0
2025-09-08 00:00:00-04:00,8.51795478738515,8.51795478738515,8.470842025677472,8.499110221862793,345500,0.0,0.0
2025-09-09 00:00:00-04:00,8.517954436672987,8.546221733093262,8.489687140252714,8.546221733093262,287100,0.0,0.0
2025-09-10 00:00:00-04:00,8.574488639831543,8.574488639831543,8.536798617400239,8.574488639831543,267500,0.0,0.0
2025-09-11 00:00:00-04:00,8.555644559481644,8.583911856214849,8.546221827703521,8.565067291259766,351600,0.0,0.0
2025-09-12 00:00:00-04:00,8.546219781696042,8.555642511218316,8.527375221252441,8.527375221252441,451500,0.0,0.0
2025-09-15 00:00:00-04:00,8.538760314178138,8.586198052439048,8.529272585566037,8.567222595214844,299300,0.062,0.0
2025-09-16 00:00:00-04:00,8.548250402954034,8.567224960617494,8.529274940490723,8.529274940490723,292600,0.0,0.0
2025-09-17 00:00:00-04:00,8.548250027160481,8.557737757975042,8.519786834716797,8.519786834716797,435700,0.0,0.0
2025-09-18 00:00:00-04:00,8.538762671722377,8.548250402954034,8.519787209259068,8.529274940490723,319500,0.0,0.0
2025-09-19 00:00:00-04:00,8.557736974636036,8.567223799782402,8.519786054851659,8.548249244689941,365900,0.0,0.0
2025-09-22 00:00:00-04:00,8.538760314178138,8.576710323826946,8.529272585566037,8.567222595214844,354000,0.0,0.0
2025-09-23 00:00:00-04:00,8.576711906389628,8.595687367115158,8.548249620101103,8.557737350463867,298400,0.0,0.0
2025-09-24 00:00:00-04:00,8.576710194317457,8.576710194317457,8.529272456772862,8.5387601852417,283400,0.0,0.0
2025-09-25 00:00:00-04:00,8.52927296064178,8.57671070098877,8.472348396065104,8.57671070098877,507400,0.0,0.0
2025-09-26 00:00:00-04:00,8.548250027160481,8.548250027160481,8.491324547072924,8.519786834716797,273800,0.0,0.0
2025-09-29 00:00:00-04:00,8.548249168031287,8.595686912536621,8.538761438170276,8.595686912536621,607600,0.0,0.0
2025-09-30 00:00:00-04:00,8.60517361261585,8.643123626708984,8.576711328245924,8.643123626708984,472700,0.0,0.0
2025-10-01 00:00:00-04:00,8.61466171674043,8.65261173248291,8.576711700997953,8.65261173248291,415300,0.0,0.0
2025-10-02 00:00:00-04:00,8.65261248211568,8.671587944030762,8.6051747321278,8.671587944030762,269000,0.0,0.0
2025-10-03 00:00:00-04:00,8.643123626708984,8.68107364080212,8.62414907206227,8.643123626708984,297100,0.0,0.0
2025-10-06 00:00:00-04:00,8.643123551154002,8.690561294555664,8.576711253271492,8.690561294555664,407000,0.0,0.0
2025-10-07 00:00:00-04:00,8.719023704528809,8.766461448615196,8.662099135464912,8.719023704528809,577000,0.0,0.0
2025-10-08 00:00:00-04:00,8.73799883589213,8.756973389934192,8.69056109358746,8.7095365524292,522400,0.0,0.0
2025-10-09 00:00:00-04:00,8.737999114341676,8.747486844064886,8.60517361261585,8.643123626708984,572700,0.0,0.0
2025-10-10 00:00:00-04:00,8.671586329927244,8.68107315431911,8.443885353328975,8.48183536529541,603100,0.0,0.0
2025-10-13 00:00:00-04:00,8.557736523225492,8.586198806762695,8.51978560544298,8.586198806762695,317000,0.0,0.0
2025-10-14 00:00:00-04:00,8.576710881659652,8.728510930128019,8.510298586654656,8.681073188781738,832800,0.0,0.0
2025-10-15 00:00:00-04:00,8.740298688133443,8.740298688133443,8.644776840700327,8.673433303833008,592500,0.062,0.0
2025-10-16 00:00:00-04:00,8.692538599940864,8.692538599940864,8.558806914520709,8.58746337890625,386700,0.0,0.0
2025-10-17 00:00:00-04:00,8.606567296836287,8.616119754180227,8.539701006401177,8.549253463745117,190700,0.0,0.0
2025-10-20 00:00:00-04:00,8.597015339076902,8.635224259700566,8.568358876352287,8.577910423278809,451100,0.0,0.0
2025-10-21 00:00:00-04:00,8.587462013962483,8.625670930727571,8.568358011066156,8.616119384765625,273700,0.0,0.0
2025-10-22 00:00:00-04:00,8.654329677102616,8.663881224582745,8.549254456068002,8.58746337890625,350100,0.0,0.0
2025-10-23 00:00:00-04:00,8.558806914520709,8.616120754264369,8.549254456068002,8.58746337890625,399100,0.0,0.0
2025-10-24 00:00:00-04:00,8.625671471558695,8.682985305786133,8.616119924997864,8.682985305786133,310100,0.0,0.0
2025-10-27 00:00:00-04:00,8.721193812858907,8.788059190487697,8.702088898694997,8.749850273132324,490700,0.0,0.0
2025-10-28 00:00:00-04:00,8.778506732687044,8.778506732687044,8.702088897982556,8.730746269226074,272000,0.0,0.0
2025-10-29 00:00:00-04:00,8.721193767864833,8.730746224897503,8.635223476515668,8.692537307739258,292900,0.0,0.0
2025-10-30 00:00:00-04:00,8.663879892263747,8.72119372319377,8.635223432284954,8.654328346252441,516100,0.0,0.0
2025-10-31 00:00:00-04:00,8.711641767225498,8.721194224758614,8.654328843971788,8.702089309692383,440400,0.0,0.0
2025-11-03 00:00:00-05:00,8.711642225000762,8.711642225000762,8.644776840700327,8.673433303833008,305600,0.0,0.0
2025-11-04 00:00:00-05:00,8.60656592933689,8.625669930016858,8.568357017004624,8.597013473510742,352600,0.0,0.0
2025-11-05 00:00:00-05:00,8.616119384765625,8.654328301530713,8.577909557028102,8.616119384765625,433700,0.0,0.0
2025-11-06 00:00:00-05:00,8.625669930016858,8.625669930016858,8.568357017004624,8.597013473510742,310400,0.0,0.0
2025-11-07 00:00:00-05:00,8.587461881078074,8.587461881078074,8.511044048730405,8.539700508117676,374800,0.0,0.0
2025-11-10 00:00:00-05:00,8.587462058338675,8.654328346252441,8.558805598359884,8.654328346252441,328300,0.0,0.0
2025-11-11 00:00:00-05:00,8.644775889268697,8.72119372319377,8.625670975301212,8.654328346252441,506000,0.0,0.0
2025-11-12 00:00:00-05:00,8.673432848065529,8.721194224758614,8.644776386438673,8.702089309692383,398600,0.0,0.0
2025-11-13 00:00:00-05:00,8.692537218295803,8.692537218295803,8.597014470896864,8.616119384765625,439300,0.0,0.0
2025-11-14 00:00:00-05:00,8.598805802646373,8.637279171799785,8.56033243349296,8.618042945861816,421500,0.062,0.0
2025-11-17 00:00:00-05:00,8.598806285649882,8.64689822911239,8.531478115168888,8.541096687316895,507400,0.0,0.0
2025-11-18 00:00:00-05:00,8.512241415892026,8.53147764184329,8.454530903483287,8.464149475097656,493600,0.0,0.0
2025-11-19 00:00:00-05:00,8.483386715138165,8.531478661681364,8.416058540344238,8.416058540344238,471500,0.0,0.0
2025-11-20 00:00:00-05:00,8.473768777213913,8.541096949763736,8.348730087280273,8.348730087280273,637200,0.0,0.0
2025-11-21 00:00:00-05:00,8.367965593508913,8.502622844277658,8.367965593508913,8.464149475097656,391600,0.0,0.0
2025-11-24 00:00:00-05:00,8.521858778941068,8.589187860662786,8.502622553647324,8.550714492797852,407600,0.0,0.0
2025-11-25 00:00:00-05:00,8.589188096447394,8.66613483428955,8.569950953348119,8.66613483428955,414900,0.0,0.0
2025-11-26 00:00:00-05:00,8.656516309242704,8.800791214152426,8.656516309242704,8.771936416625977,461100,0.0,0.0
2025-11-28 00:00:00-05:00,8.82964645028858,8.848882675170898,8.810409308128836,8.848882675170898,375800,0.0,0.0
2025-12-01 00:00:00-05:00,8.7911743284719,8.87773872861988,8.76231861114502,8.76231861114502,507100,0.0,0.0
2025-12-02 00:00:00-05:00,8.771936790913083,8.800791589670728,8.733463420143718,8.791173934936523,428400,0.0,0.0
2025-12-03 00:00:00-05:00,8.72384371481134,8.810409017116033,8.72384371481134,8.781554222106934,345700,0.0,0.0
2025-12-04 00:00:00-05:00,8.762318368989112,8.820028884770428,8.762318368989112,8.80079174041748,195800,0.0,0.0
2025-12-05 00:00:00-05:00,8.781553986639748,8.858500716119039,8.781553986639748,8.820027351379395,275300,0.0,0.0
2025-12-08 00:00:00-05:00,8.800791589670728,8.858502104463534,8.762318218901363,8.791173934936523,337000,0.0,0.0
2025-12-09 00:00:00-05:00,8.800790446353867,8.839263812125132,8.781554222106934,8.781554222106934,316900,0.0,0.0
2025-12-10 00:00:00-05:00,8.800790923899113,8.896974802185063,8.791173269892473,8.858501434326172,556800,0.0,0.0
2025-12-11 00:00:00-05:00,8.83926542958907,8.906594519967124,8.8296477743444,8.868121147155762,504300,0.0,0.0
2025-12-12 00:00:00-05:00,8.85850124625077,8.906593184372703,8.82964645028858,8.848882675170898,428500,0.0,0.0
2025-12-15 00:00:00-05:00,8.87773802829685,9.031632423400879,8.858501802207273,9.031632423400879,708900,0.0,0.0
2025-12-16 00:00:00-05:00,8.983541115059033,9.012395914864664,8.925830598170222,8.964303970336914,863500,0.0,0.0
2025-12-17 00:00:00-05:00,8.964303104514483,8.973921675946528,8.91621208190918,8.91621208190918,479700,0.0,0.0
2025-12-18 00:00:00-05:00,8.935448833702203,8.993159348415569,8.935448833702203,8.945067405700684,406600,0.0,0.0
2025-12-19 00:00:00-05:00,8.973921724104759,9.022013664245605,8.973921724104759,9.022013664245605,528900,0.0,0.0
2025-12-22 00:00:00-05:00,9.085721655416474,9.154329822809206,9.05631735392001,9.14452838897705,291900,0.175,0.0
2025-12-23 00:00:00-05:00,9.124926885437098,9.164131687894473,9.124926885437098,9.154330253601074,414000,0.0,0.0
2025-12-24 00:00:00-05:00,9.1641327379511,9.1641327379511,9.124927931001508,9.13472843170166,268800,0.0,0.0
2025-12-26 00:00:00-05:00,9.15433130253462,9.15433130253462,9.124927931001508,9.13472843170166,236100,0.0,0.0
2025-12-29 00:00:00-05:00,9.124927184397771,9.124927184397771,9.075920946041403,9.0955228805542,420900,0.0,0.0
2025-12-30 00:00:00-05:00,9.124926571516358,9.213136672973633,9.124926571516358,9.213136672973633,646400,0.0,0.0
2025-12-31 00:00:00-05:00,9.30134825612683,9.311149690659423,9.222938649298579,9.291546821594238,1227500,0.0,0.0
2026-01-02 00:00:00-05:00,9.30134825688341,9.30134825688341,9.183733846631462,9.203336715698242,679100,0.0,0.0
2026-01-05 00:00:00-05:00,9.232740195805224,9.281746434346289,9.183733957264161,9.271944999694824,595500,0.0,0.0
2026-01-06 00:00:00-05:00,9.252341832768504,9.35035430669783,9.252341832768504,9.3307523727417,453900,0.0,0.0
2026-01-07 00:00:00-05:00,9.330752767410873,9.35035470219612,9.252342224121094,9.252342224121094,404200,0.0,0.0
2026-01-08 00:00:00-05:00,9.252341832768504,9.35035430669783,9.21313703014002,9.3307523727417,492800,0.0,0.0
2026-01-09 00:00:00-05:00,9.34055203702238,9.428763068726687,9.311148671359659,9.399359703063965,433000,0.0,0.0
2026-01-12 00:00:00-05:00,9.340552127986093,9.39935979460038,9.340552127986093,9.379756927490234,421300,0.0,0.0
2026-01-13 00:00:00-05:00,9.360155536093268,9.38955890374179,9.340552667850119,9.369956970214844,314300,0.0,0.0
2026-01-14 00:00:00-05:00,9.340552872361652,9.360155741034006,9.281746135777038,9.3307523727417,335600,0.0,0.0
2026-01-15 00:00:00-05:00,9.330752559724608,9.360155928606144,9.291546821594238,9.291546821594238,434700,0.0,0.0
2026-01-16 00:00:00-05:00,9.311149690659423,9.369957363138736,9.28174632177789,9.291546821594238,311000,0.0,0.0
2026-01-20 00:00:00-05:00,9.234324664912979,9.283653512294284,9.204727732832,9.224459648132324,579400,0.062,0.0
2026-01-21 00:00:00-05:00,9.204728918241823,9.362580497494946,9.204728918241823,9.352714538574219,510400,0.0,0.0
2026-01-22 00:00:00-05:00,9.402042388916016,9.441505279517791,9.382311414049893,9.402042388916016,404400,0.0,0.0
2026-01-23 00:00:00-05:00,9.392177021505823,9.411907995635804,9.352713191506872,9.372445106506348,311200,0.0,0.0
2026-01-26 00:00:00-05:00,9.392178374257128,9.392178374257128,9.342849520523119,9.352714538574219,415800,0.0,0.0
2026-01-27 00:00:00-05:00,9.382311064006085,9.392177021505823,9.33298221737689,9.372445106506348,369800,0.0,0.0
2026-01-28 00:00:00-05:00,9.392177021505823,9.392177021505823,9.36257914900661,9.372445106506348,425900,0.0,0.0
2026-01-29 00:00:00-05:00,9.402042496061773,9.49083423614502,9.372445562990537,9.49083423614502,558400,0.0,0.0
2026-01-30 00:00:00-05:00,9.480968475341797,9.490834433527239,9.421774607968262,9.480968475341797,465600,0.0,0.0
2026-02-02 00:00:00-05:00,9.471103562239504,9.5697603225708,9.451371645651504,9.5697603225708,472300,0.0,0.0
2026-02-03 00:00:00-05:00,9.579626888645612,9.579626888645612,9.471104163135074,9.54016399383545,473200,0.0,0.0
2026-02-04 00:00:00-05:00,9.540163237495689,9.569760171039471,9.500700345814128,9.53029727935791,412600,0.0,0.0
2026-02-05 00:00:00-05:00,9.500700041169717,9.510565998991138,9.421774260337385,9.451371192932129,422300,0.0,0.0
2026-02-06 00:00:00-05:00,9.451371645651504,9.579626280864801,9.451371645651504,9.5697603225708,325800,0.0,0.0
2026-02-09 00:00:00-05:00,9.569759523099727,9.61908836957916,9.540162591559865,9.609222412109375,342700,0.0,0.0
2026-02-10 00:00:00-05:00,9.61908963320379,9.62895559196963,9.480969033090881,9.500700950622559,443500,0.0,0.0
2026-02-11 00:00:00-05:00,9.559894471243679,9.579626388052462,9.47110366821289,9.47110366821289,247800,0.0,0.0
2026-02-12 00:00:00-05:00,9.520431060721341,9.550028934324818,9.372445456182067,9.402042388916016,453200,0.0,0.0
2026-02-13 00:00:00-05:00,9.364308573257587,9.473541944916414,9.314656696310562,9.413959503173828,389300,0.062,0.0
2026-02-17 00:00:00-05:00,9.394098462290794,9.46361051544696,9.394098462290794,9.433819770812988,287200,0.0,0.0
2026-02-18 00:00:00-05:00,9.44375073893016,9.57284523391071,9.44375073893016,9.523193359375,285600,0.0,0.0
2026-02-19 00:00:00-05:00,9.503332230748422,9.57284523391071,9.47354148483929,9.523193359375,204100,0.0,0.0
2026-02-20 00:00:00-05:00,9.523193312983175,9.552984058747182,9.483472002954255,9.513262748718262,477600,0.0,0.0
2026-02-23 00:00:00-05:00,9.533123562844946,9.572844871563852,9.433819817532324,9.443750381469727,270100,0.0,0.0
2026-02-24 00:00:00-05:00,9.43382008260793,9.503332138061523,9.404029336989352,9.503332138061523,345400,0.0,0.0
2026-02-25 00:00:00-05:00,9.552984191416986,9.58277493759472,9.513262880836425,9.54305362701416,268000,0.0,0.0
2026-02-26 00:00:00-05:00,9.572845720727955,9.64235778039447,9.552984591091358,9.632427215576172,431400,0.0,0.0
2026-02-27 00:00:00-05:00,9.622496519615416,9.622496519615416,9.562915025579217,9.602636337280273,517800,0.0,0.0
2026-03-02 00:00:00-05:00,9.533124187089962,9.612566809729813,9.493402875770036,9.582775115966797,393700,0.0,0.0
2026-03-03 00:00:00-05:00,9.49340238792034,9.513262569044342,9.344446767852117,9.473541259765625,384100,0.0,0.0
2026-03-04 00:00:00-05:00,9.483471870422363,9.513262615770044,9.433819996822418,9.483471870422363,207200,0.0,0.0
2026-03-05 00:00:00-05:00,9.483472197392286,9.483472197392286,9.294795260613457,9.344447135925293,467600,0.0,0.0
2026-03-06 00:00:00-05:00,9.28486601914863,9.28486601914863,9.175631699633204,9.215353012084961,467000,0.0,0.0
2026-03-09 00:00:00-04:00,9.125979157754655,9.155770850197127,8.937303174105937,9.066397666931152,686300,0.0,0.0
2026-03-10 00:00:00-04:00,9.096189060819071,9.135910373210084,8.977025123646033,8.996886253356934,877600,0.0,0.0
2026-03-11 00:00:00-04:00,9.036607565747946,9.056467748428059,8.977025123646033,8.996886253356934,477800,0.0,0.0
2026-03-12 00:00:00-04:00,8.937303090354966,8.96709383548755,8.83799934387207,8.83799934387207,626900,0.0,0.0
2026-03-13 00:00:00-04:00,8.869999885559082,8.930000305175781,8.789999961853027,8.800000190734863,483100,0.062,0.0
2026-03-16 00:00:00-04:00,8.850000381469727,8.9399995803833,8.850000381469727,8.880000114440918,433600,0.0,0.0
2026-03-17 00:00:00-04:00,8.9399995803833,8.970000267028809,8.920000076293945,8.920000076293945,295600,0.0,0.0
2026-03-18 00:00:00-04:00,8.90999984741211,8.930000305175781,8.819999694824219,8.84000015258789,447600,0.0,0.0
2026-03-19 00:00:00-04:00,8.789999961853027,8.8100004196167,8.729999542236328,8.75,435400,0.0,0.0
2026-03-20 00:00:00-04:00,8.720000267028809,8.760000228881836,8.579999923706055,8.59000015258789,560900,0.0,0.0
2026-03-23 00:00:00-04:00,8.699999809265137,8.739999771118164,8.630000114440918,8.65999984741211,493100,0.0,0.0
2026-03-24 00:00:00-04:00,8.649999618530273,8.739999771118164,8.619999885559082,8.699999809265137,251400,0.0,0.0
2026-03-25 00:00:00-04:00,8.800000190734863,8.829999923706055,8.720000267028809,8.800000190734863,311000,0.0,0.0
2026-03-26 00:00:00-04:00,8.720000267028809,8.770000457763672,8.670000076293945,8.670000076293945,362700,0.0,0.0
2026-03-27 00:00:00-04:00,8.630000114440918,8.649999618530273,8.470000267028809,8.470000267028809,449300,0.0,0.0
2026-03-30 00:00:00-04:00,8.510000228881836,8.579999923706055,8.420000076293945,8.449999809265137,562100,0.0,0.0
2026-03-31 00:00:00-04:00,8.579999923706055,8.729999542236328,8.550000190734863,8.619999885559082,989500,0.0,0.0
2026-04-01 00:00:00-04:00,8.619999885559082,8.800000190734863,8.619999885559082,8.75,432700,0.0,0.0
2026-04-02 00:00:00-04:00,8.630000114440918,8.8100004196167,8.630000114440918,8.770000457763672,377300,0.0,0.0
2026-04-06 00:00:00-04:00,8.729999542236328,8.819999694824219,8.729999542236328,8.8100004196167,383410,0.0,0.0
