Date,Open,High,Low,Close,Volume,Dividends,Stock Splits
2022-01-03 00:00:00-05:00,8.706084608306899,8.719020520211256,8.602594845681475,8.641403198242188,248100,0.0,0.0
2022-01-04 00:00:00-05:00,8.67374544796061,8.706086158752441,8.647873002696693,8.706086158752441,129700,0.0,0.0
2022-01-05 00:00:00-05:00,8.6996169183556,8.71902109591719,8.65434029842933,8.660808563232422,85000,0.0,0.0
2022-01-06 00:00:00-05:00,8.660809978075601,8.712554871258087,8.660809978075601,8.699618339538574,84500,0.0,0.0
2022-01-07 00:00:00-05:00,8.699619521161756,8.744896771482036,8.699619521161756,8.719023704528809,79400,0.0,0.0
2022-01-10 00:00:00-05:00,8.71255168846082,8.848382137656337,8.699615161467172,8.80957317352295,178900,0.0,0.0
2022-01-11 00:00:00-05:00,8.816043366935938,8.874256517455654,8.790170924132473,8.854851722717285,122900,0.0,0.0
2022-01-12 00:00:00-05:00,8.861318652482472,8.880722827449492,8.822510302548434,8.874255180358887,241900,0.0,0.0
2022-01-13 00:00:00-05:00,8.893658703174731,8.938935313726947,8.887190439710826,8.906595230102539,214600,0.0,0.0
2022-01-14 00:00:00-05:00,8.893660840522921,8.92600154876709,8.887192575504546,8.92600154876709,229100,0.0,0.0
2022-01-18 00:00:00-05:00,8.990680730412855,9.352895487236232,8.913063414703759,8.958340644836426,318000,0.0,0.0
2022-01-19 00:00:00-05:00,8.977745947057942,8.977745947057942,8.893660356934296,8.96480941772461,242200,0.0,0.0
2022-01-20 00:00:00-05:00,8.997152316649906,9.068302011625754,8.938939154159783,8.951875686645508,332800,0.0,0.0
2022-01-21 00:00:00-05:00,8.951875247378801,8.990683609236017,8.764299853474814,8.803108215332031,279600,0.0,0.0
2022-01-24 00:00:00-05:00,8.790169309943172,8.790169309943172,8.408550386035193,8.512040138244629,419000,0.0,0.0
2022-01-25 00:00:00-05:00,8.524980038439793,8.615533299024923,8.447362693574899,8.518511772155762,237900,0.0,0.0
2022-01-26 00:00:00-05:00,8.583189281027112,8.667274236923372,8.537912054566576,8.647870063781738,157300,0.0,0.0
2022-01-27 00:00:00-05:00,8.706085731821656,8.78370306380719,8.660809109042024,8.757830619812012,256100,0.0,0.0
2022-01-28 00:00:00-05:00,8.777236421299438,8.783704687705992,8.686683158999024,8.725491523742676,114500,0.0,0.0
2022-01-31 00:00:00-05:00,8.738421993205968,8.796635116776804,8.725485469369158,8.790166854858398,118200,0.0,0.0
2022-02-01 00:00:00-05:00,8.803104193447018,8.971275329589844,8.796636547324225,8.971275329589844,232600,0.0,0.0
2022-02-02 00:00:00-05:00,8.971275329589844,8.977743592560147,8.90659455042934,8.971275329589844,165900,0.0,0.0
2022-02-03 00:00:00-05:00,8.92600140306258,9.32702457494011,8.84838407465219,8.854851722717285,289300,0.0,0.0
2022-02-04 00:00:00-05:00,8.861318002702767,8.945403577190852,8.835445565694705,8.906595230102539,238300,0.0,0.0
2022-02-07 00:00:00-05:00,8.984214211724607,9.165321304457558,8.893660356934296,8.96480941772461,336700,0.0,0.0
2022-02-08 00:00:00-05:00,8.96480706661954,8.98421185553045,8.94540289455614,8.971275329589844,278000,0.0,0.0
2022-02-09 00:00:00-05:00,9.061830362998874,9.204128466141286,8.938935817646913,8.990680694580078,221800,0.0,0.0
2022-02-10 00:00:00-05:00,8.958339486467663,8.997147830880255,8.919530525207557,8.984211921691895,291400,0.0,0.0
2022-02-11 00:00:00-05:00,9.003616714670876,9.003616714670876,8.880722176246923,8.906595230102539,187000,0.0,0.0
2022-02-14 00:00:00-05:00,8.924145544176419,8.943645216643716,8.755152721839124,8.761651992797852,183400,0.067,0.0
2022-02-15 00:00:00-05:00,8.813647780845654,8.891644587064738,8.787648845439293,8.852645874023438,118700,0.0,0.0
2022-02-16 00:00:00-05:00,8.82015039429545,8.976144685748306,8.807151231594899,8.956645011901855,159200,0.0,0.0
2022-02-17 00:00:00-05:00,8.937146416739125,8.989144309938322,8.839650521956575,8.917647361755371,233900,0.0,0.0
2022-02-18 00:00:00-05:00,8.917648092644457,8.93714714922635,8.852650410886367,8.872149467468262,135900,0.0,0.0
2022-02-22 00:00:00-05:00,8.865648130284113,8.865648130284113,8.657655969020015,8.709653854370117,241800,0.0,0.0
2022-02-23 00:00:00-05:00,8.768152662548713,8.768152662548713,8.430166367985036,8.456165313720703,256100,0.0,0.0
2022-02-24 00:00:00-05:00,8.332667591164997,8.436663345834202,8.124676081826586,8.378166198730469,299000,0.0,0.0
2022-02-25 00:00:00-05:00,8.391163553011939,8.586155861001442,8.36516461993757,8.521158218383789,173900,0.0,0.0
2022-02-28 00:00:00-05:00,8.495162019688768,8.573158844017097,8.469163078245993,8.560159683227539,111700,0.0,0.0
2022-03-01 00:00:00-05:00,8.573161227529534,8.592660903930664,8.508164165783922,8.592660903930664,185500,0.0,0.0
2022-03-02 00:00:00-05:00,8.560159373118005,8.716153016123469,8.547159592935731,8.690154075622559,114100,0.0,0.0
2022-03-03 00:00:00-05:00,8.729150793824477,8.74864983976114,8.625155055677626,8.735650062561035,150100,0.0,0.0
2022-03-04 00:00:00-05:00,8.716153341480277,8.729153122147807,8.618657465928441,8.625157356262207,51000,0.0,0.0
2022-03-07 00:00:00-05:00,8.651157970976948,8.670657025885946,8.436665887522844,8.44316577911377,143000,0.0,0.0
2022-03-08 00:00:00-05:00,8.48216217130491,8.625156647580367,8.423664402834786,8.612156867980957,168600,0.0,0.0
2022-03-09 00:00:00-05:00,8.677154526250785,8.677154526250785,8.579658038846043,8.612156867980957,49900,0.0,0.0
2022-03-10 00:00:00-05:00,8.475661876794025,8.592657408147756,8.469161987304688,8.469161987304688,93900,0.0,0.0
2022-03-11 00:00:00-05:00,8.508163205192039,8.573160259599327,8.456165313720703,8.456165313720703,117000,0.0,0.0
2022-03-14 00:00:00-04:00,8.460736164052097,8.532603820868848,8.245134439746536,8.251667976379395,177200,0.067,0.0
2022-03-15 00:00:00-04:00,8.26473722309084,8.336604904225277,8.219003697330788,8.323537826538086,196700,0.0,0.0
2022-03-16 00:00:00-04:00,8.375802297863062,8.4542028704945,8.349668773652583,8.395402908325195,81800,0.0,0.0
2022-03-17 00:00:00-04:00,8.415002888399577,8.545670509338379,8.362735840024056,8.545670509338379,155400,0.0,0.0
2022-03-18 00:00:00-04:00,8.578338420949096,8.591404872802434,8.486870765686035,8.486870765686035,153000,0.0,0.0
2022-03-21 00:00:00-04:00,8.499938780483607,8.513005233781753,8.395404661808458,8.43460464477539,172700,0.0,0.0
2022-03-22 00:00:00-04:00,8.454204806256366,8.780874245221137,8.454204806256366,8.754740715026855,336600,0.0,0.0
2022-03-23 00:00:00-04:00,8.741671253908077,8.741671253908077,8.637137169095734,8.643670082092285,155800,0.0,0.0
2022-03-24 00:00:00-04:00,8.64367205437027,8.682872656655679,8.565271472871888,8.597938537597656,90300,0.0,0.0
2022-03-25 00:00:00-04:00,8.650206428105426,8.650206428105426,8.428071114184329,8.460738182067871,149700,0.0,0.0
2022-03-28 00:00:00-04:00,8.486871711760207,8.526072317834958,8.441138190566743,8.460738182067871,168900,0.0,0.0
2022-03-29 00:00:00-04:00,8.558737383074563,8.61100443022936,8.4150026918627,8.48033618927002,231400,0.0,0.0
2022-03-30 00:00:00-04:00,8.460736301536699,8.5130033493042,8.447669851131002,8.5130033493042,78100,0.0,0.0
2022-03-31 00:00:00-04:00,8.55873772950723,8.55873772950723,8.486870069456131,8.506470680236816,263700,0.0,0.0
2022-04-01 00:00:00-04:00,9.244743699394533,9.244743699394533,8.558738463148964,8.565271377563477,101500,0.0,0.0
2022-04-04 00:00:00-04:00,8.578339506680797,8.630606566854263,8.539138900014445,8.624073028564453,98600,0.0,0.0
2022-04-05 00:00:00-04:00,8.650204718821541,8.650204718821541,8.578337682136699,8.604471206665039,39500,0.0,0.0
2022-04-06 00:00:00-04:00,8.532604118727415,8.558737643098778,8.460736459401886,8.499937057495117,120600,0.0,0.0
2022-04-07 00:00:00-04:00,8.52606858874396,8.617535591125488,8.52606858874396,8.617535591125488,68600,0.0,0.0
2022-04-08 00:00:00-04:00,8.624073098978252,8.630606637321408,8.558739584764238,8.578339576721191,75200,0.0,0.0
2022-04-11 00:00:00-04:00,8.56527048353604,8.591404007683602,8.519536972045898,8.519536972045898,121100,0.0,0.0
2022-04-12 00:00:00-04:00,8.571804033526139,8.611004631343961,8.513003448335587,8.545670509338379,54600,0.0,0.0
2022-04-13 00:00:00-04:00,8.510866440402408,8.537134521571408,8.491165536095771,8.52400016784668,67000,0.067,0.0
2022-04-14 00:00:00-04:00,8.524001083550019,8.55026979382143,8.432063102722168,8.432063102722168,104900,0.0,0.0
2022-04-18 00:00:00-04:00,8.405793438675198,8.471463323168042,8.353257280568762,8.372958183288574,193200,0.0,0.0
2022-04-19 00:00:00-04:00,8.34669005871681,8.464896726951858,8.34669005871681,8.445195198059082,137300,0.0,0.0
2022-04-20 00:00:00-04:00,8.425492073459116,8.4320592480248,8.346687857511624,8.386090278625488,272000,0.0,0.0
2022-04-21 00:00:00-04:00,8.418927062956651,8.42549423921041,8.313854748018096,8.353257179260254,130600,0.0,0.0
2022-04-22 00:00:00-04:00,8.353256791227734,8.35982334089606,8.26131820678711,8.26131820678711,148500,0.0,0.0
2022-04-25 00:00:00-04:00,8.261319135308772,8.274453488682383,8.136545909661663,8.215350151062012,192400,0.0,0.0
2022-04-26 00:00:00-04:00,8.143111300297369,8.19564745374855,8.103709498349158,8.116843223571777,132500,0.0,0.0
2022-04-27 00:00:00-04:00,8.097144824656933,8.175949079184624,8.097144824656933,8.129980087280273,96300,0.0,0.0
2022-04-28 00:00:00-04:00,8.162812163752811,8.208781137714317,8.110276014573865,8.189080238342285,109200,0.0,0.0
2022-04-29 00:00:00-04:00,8.136544750826234,8.189080904277414,8.116843223571777,8.116843223571777,75000,0.0,0.0
2022-05-02 00:00:00-04:00,8.097144824648463,8.11684573171023,7.9592372226550125,7.972371578216553,205600,0.0,0.0
2022-05-03 00:00:00-04:00,7.978934720802494,8.03147086804206,7.946100098487971,7.998636245727539,90500,0.0,0.0
2022-05-04 00:00:00-04:00,7.985501932639543,8.057739605137613,7.959233858898503,8.044605255126953,100300,0.0,0.0
2022-05-05 00:00:00-04:00,8.011771725875438,8.03803980525416,7.939534664154053,7.939534664154053,114500,0.0,0.0
2022-05-06 00:00:00-04:00,7.939534636939733,7.9855036191248265,7.873864125577818,7.893565654754639,147300,0.0,0.0
2022-05-09 00:00:00-04:00,7.873864929321691,7.880432106384325,7.78849350634887,7.834463119506836,281700,0.0,0.0
2022-05-10 00:00:00-04:00,7.886999547643791,7.9001332759285345,7.624318092863454,7.689988613128662,874000,0.0,0.0
2022-05-11 00:00:00-04:00,7.729389186941895,7.729389186941895,7.545512025045395,7.552079200744629,178000,0.0,0.0
2022-05-12 00:00:00-04:00,7.53894314054912,7.545510314759821,7.414169961946809,7.473273277282715,251700,0.0,0.0
2022-05-13 00:00:00-04:00,7.497719746839576,7.576990714358108,7.484507603924996,7.5307488441467285,210600,0.067,0.0
2022-05-16 00:00:00-04:00,7.543961964597397,7.5505680369106924,7.484508573757198,7.497720718383789,207100,0.0,0.0
2022-05-17 00:00:00-04:00,7.583594862360137,7.6100191436823446,7.5439597003559085,7.59680700302124,139800,0.0,0.0
2022-05-18 00:00:00-04:00,7.596806722255504,7.6100188624283085,7.543959421543323,7.570383071899414,104200,0.0,0.0
2022-05-19 00:00:00-04:00,7.557172664305621,7.6430497051487105,7.5505672226943545,7.603414535522461,273700,0.0,0.0
2022-05-20 00:00:00-04:00,7.563777085846796,7.649654107955566,7.392023041629256,7.623230457305908,133100,0.0,0.0
2022-05-23 00:00:00-04:00,7.676077343283468,7.676077343283468,7.610018535228262,7.636442184448242,100000,0.0,0.0
2022-05-24 00:00:00-04:00,7.643049909040329,7.656262052594644,7.524143766999892,7.576991081237793,155200,0.0,0.0
2022-05-25 00:00:00-04:00,7.557171605813636,7.563777676489289,7.497718859701485,7.543960094451904,230000,0.0,0.0
2022-05-26 00:00:00-04:00,7.557172006908842,7.709108490564975,7.557172006908842,7.669472694396973,192700,0.0,0.0
2022-05-27 00:00:00-04:00,7.702501381296075,7.80159054336476,7.702501381296075,7.7553486824035645,130200,0.0,0.0
2022-05-31 00:00:00-04:00,7.755349898125841,7.755349898125841,7.669472862866777,7.742138385772705,124300,0.0,0.0
2022-06-01 00:00:00-04:00,7.8148018886739115,7.8148018886739115,7.748742448689324,7.7883782386779785,99300,0.0,0.0
2022-06-02 00:00:00-04:00,7.814801920748636,7.814801920748636,7.722318830388532,7.794984340667725,105600,0.0,0.0
2022-06-03 00:00:00-04:00,7.768562040468599,7.788379623993116,7.676078934038156,7.742138385772705,248700,0.0,0.0
2022-06-06 00:00:00-04:00,7.79498540055044,7.814802983325944,7.72231988039093,7.748743534088135,125200,0.0,0.0
2022-06-07 00:00:00-04:00,7.755348269976881,7.7949840586944426,7.735530690612846,7.768560409545898,125500,0.0,0.0
2022-06-08 00:00:00-04:00,7.755349253343517,7.794985047086836,7.735531671466641,7.775167465209961,55100,0.0,0.0
2022-06-09 00:00:00-04:00,7.761954620539865,7.808195850725161,7.722318830388532,7.794984340667725,115100,0.0,0.0
2022-06-10 00:00:00-04:00,7.775163838114125,7.801587478286582,7.695892287607479,7.781769275665283,505800,0.0,0.0
2022-06-13 00:00:00-04:00,7.735533023951495,7.735533023951495,7.563778937683478,7.576991081237793,109500,0.0,0.0
2022-06-14 00:00:00-04:00,7.601574253914696,7.714534765323761,7.588285117467751,7.68131160736084,93800,0.067,0.0
2022-06-15 00:00:00-04:00,7.71453364660619,7.780981220278424,7.608218035683439,7.668020725250244,115500,0.0,0.0
2022-06-16 00:00:00-04:00,7.608219185781276,7.608219185781276,7.289272304799359,7.315851211547852,224200,0.0,0.0
2022-06-17 00:00:00-04:00,7.369008381149639,7.428811074531041,7.315850572297519,7.4022321701049805,161200,0.0,0.0
2022-06-21 00:00:00-04:00,7.408877535346113,7.4952591461466245,7.395588397979736,7.395588397979736,109600,0.0,0.0
2022-06-22 00:00:00-04:00,7.395587285575699,7.422166190001759,7.382297516517136,7.4022321701049805,91800,0.0,0.0
2022-06-23 00:00:00-04:00,7.4221673011779785,7.475325117988381,7.388943507248687,7.4221673011779785,82500,0.0,0.0
2022-06-24 00:00:00-04:00,7.4686778399931635,7.475322723388672,7.422164923606518,7.475322723388672,76900,0.0,0.0
2022-06-27 00:00:00-04:00,7.468677373505563,7.541769818908948,7.462032490525088,7.528480052947998,163500,0.0,0.0
2022-06-28 00:00:00-04:00,7.535128585538694,7.608220432652912,7.508549674434321,7.561707496643066,181700,0.0,0.0
2022-06-29 00:00:00-04:00,7.568351742622246,7.601574903423888,7.555061971348651,7.574995994567871,186500,0.0,0.0
2022-06-30 00:00:00-04:00,7.594926826378056,7.608215957267556,7.455387466738614,7.568347930908203,272400,0.0,0.0
2022-07-01 00:00:00-04:00,7.5617054269266,7.727823734283447,7.5617054269266,7.727823734283447,180900,0.0,0.0
2022-07-05 00:00:00-04:00,7.68131160736084,7.741113671908769,7.61486402405276,7.68131160736084,156600,0.0,0.0
2022-07-06 00:00:00-04:00,7.7078906778739436,7.73446958502422,7.608219300792055,7.648087978363037,83000,0.0,0.0
2022-07-07 00:00:00-04:00,7.654733329674279,7.734470055980323,7.654733329674279,7.70124626159668,86800,0.0,0.0
2022-07-08 00:00:00-04:00,7.694598197937012,7.774334891309981,7.654730168095981,7.694598197937012,111600,0.0,0.0
2022-07-11 00:00:00-04:00,7.687954743875503,7.687954743875503,7.614862919788868,7.668020725250244,45400,0.0,0.0
2022-07-12 00:00:00-04:00,7.681311437571819,7.800916197715034,7.681311437571819,7.774337291717529,96900,0.0,0.0
2022-07-13 00:00:00-04:00,7.741114414921612,8.04012793481697,7.72782527719914,7.933811664581299,376600,0.0,0.0
2022-07-14 00:00:00-04:00,7.905078798269638,8.078816947900597,7.77811669647297,8.025359153747559,407600,0.067,0.0
2022-07-15 00:00:00-04:00,8.025359211315065,8.105545903119815,7.9384901358764575,7.9719014167785645,120100,0.0,0.0
2022-07-18 00:00:00-04:00,7.971900348307329,8.005310987464242,7.738022050606389,7.758068561553955,159100,0.0,0.0
2022-07-19 00:00:00-04:00,7.811525372912175,7.8449366451615985,7.717974575334206,7.82489013671875,143800,0.0,0.0
2022-07-20 00:00:00-04:00,7.8182096357081905,7.871667429261255,7.798163122442583,7.811527252197266,117400,0.0,0.0
2022-07-21 00:00:00-04:00,7.824892163169599,7.9719014167785645,7.824892163169599,7.9719014167785645,54200,0.0,0.0
2022-07-22 00:00:00-04:00,7.985265323535375,8.105545676513417,7.925125147046354,7.93848991394043,113000,0.0,0.0
2022-07-25 00:00:00-04:00,7.998625782592184,8.018672284869648,7.911756756367411,7.9451680183410645,81200,0.0,0.0
2022-07-26 00:00:00-04:00,7.938487816846664,7.938487816846664,7.8449363851029,7.851618766784668,72600,0.0,0.0
2022-07-27 00:00:00-04:00,7.91176005369894,7.951853074963171,7.871666395167624,7.931806564331055,104200,0.0,0.0
2022-07-28 00:00:00-04:00,7.951852757876353,8.232506444603008,7.88503084601152,8.085497856140137,250500,0.0,0.0
2022-07-29 00:00:00-04:00,8.132274085093927,8.1990966410206,8.078816295259438,8.179049491882324,105900,0.0,0.0
2022-08-01 00:00:00-04:00,8.152318644865234,8.359468008821617,8.118907374902337,8.299327850341797,180700,0.0,0.0
2022-08-02 00:00:00-04:00,8.265918887628404,8.432974646805858,8.232507608339482,8.346105575561523,335700,0.0,0.0
2022-08-03 00:00:00-04:00,8.412925950472196,8.45970134697533,8.352785790815606,8.372832298278809,196900,0.0,0.0
2022-08-04 00:00:00-04:00,8.352785790815606,8.47974785443853,8.332739283352403,8.372832298278809,326400,0.0,0.0
2022-08-05 00:00:00-04:00,8.372834764099624,8.419610811645402,8.292648073364651,8.332741737365723,95700,0.0,0.0
2022-08-08 00:00:00-04:00,8.386198182922731,8.46638486076593,8.326058015223568,8.453020095825195,92800,0.0,0.0
2022-08-09 00:00:00-04:00,8.446339582258222,8.533208655238942,8.379517022344697,8.432974815368652,146300,0.0,0.0
2022-08-10 00:00:00-04:00,8.499794931198439,8.539887945804232,8.412925883196584,8.486430168151855,203200,0.0,0.0
2022-08-11 00:00:00-04:00,8.506476964172544,8.54657061740613,8.473066329956055,8.473066329956055,75900,0.0,0.0
2022-08-12 00:00:00-04:00,8.524791664943548,8.571816169639625,8.484485678806452,8.504638671875,78400,0.067,0.0
2022-08-15 00:00:00-04:00,8.491204852922651,8.491204852922651,8.437463102767943,8.471051216125488,85000,0.0,0.0
2022-08-16 00:00:00-04:00,8.471052925071238,8.477770805358887,8.41059392443937,8.477770805358887,70000,0.0,0.0
2022-08-17 00:00:00-04:00,8.464334424358324,8.464334424358324,8.356850277726673,8.3904390335083,80500,0.0,0.0
2022-08-18 00:00:00-04:00,8.3904390335083,8.410592671368613,8.370286036300216,8.3904390335083,34100,0.0,0.0
2022-08-19 00:00:00-04:00,8.390436650628441,8.390436650628441,8.29638892993207,8.329977035522461,39500,0.0,0.0
2022-08-22 00:00:00-04:00,8.282955070561643,8.282955070561643,8.135164937667346,8.24264907836914,64100,0.0,0.0
2022-08-23 00:00:00-04:00,8.22921219948341,8.269518826837196,8.195623450130608,8.215776443481445,45800,0.0,0.0
2022-08-24 00:00:00-04:00,8.249364321119305,8.32997692665639,8.242647084480245,8.289670944213867,43400,0.0,0.0
2022-08-25 00:00:00-04:00,8.30310653978338,8.31654229514495,8.229211807250977,8.229211807250977,46500,0.0,0.0
2022-08-26 00:00:00-04:00,8.202338547230093,8.249362395989898,8.148596822746919,8.168749809265137,29100,0.0,0.0
2022-08-29 00:00:00-04:00,8.16203498840332,8.202341617177488,8.135164116104585,8.16203498840332,55900,0.0,0.0
2022-08-30 00:00:00-04:00,8.175473721077823,8.175473721077823,8.081425313468808,8.11501407623291,94400,0.0,0.0
2022-08-31 00:00:00-04:00,8.101576805114746,8.162035793259648,8.088141047314416,8.101576805114746,80500,0.0,0.0
2022-09-01 00:00:00-04:00,8.074707020302244,8.074707020302244,8.000811623728477,8.020964622497559,81400,0.0,0.0
2022-09-02 00:00:00-04:00,8.0344003821118,8.074707020302244,8.014247383342719,8.020964622497559,40500,0.0,0.0
2022-09-06 00:00:00-04:00,7.980658005903333,8.000811003109154,7.953787129411492,7.96050500869751,73900,0.0,0.0
2022-09-07 00:00:00-04:00,7.947069298370041,8.027681928334939,7.947069298370041,7.980658054351807,107600,0.0,0.0
2022-09-08 00:00:00-04:00,7.940351337366553,8.027681845759945,7.940351337366553,7.967222213745117,77400,0.0,0.0
2022-09-09 00:00:00-04:00,7.9806572344076665,8.041116860832691,7.9806572344076665,8.014245986938477,67800,0.0,0.0
2022-09-12 00:00:00-04:00,8.054551830854031,8.088140582773498,8.020963078934566,8.041116714477539,63400,0.0,0.0
2022-09-13 00:00:00-04:00,7.98737560457339,8.03439947661899,7.926915974427786,7.953786849975586,55900,0.0,0.0
2022-09-14 00:00:00-04:00,7.958515558091593,7.999051575395142,7.945003981855834,7.972027778625488,108400,0.067,0.0
2022-09-15 00:00:00-04:00,7.9314915744223295,7.965271480662933,7.870687872048868,7.911223888397217,221400,0.0,0.0
2022-09-16 00:00:00-04:00,7.870688161777292,7.870688161777292,7.816640567522025,7.8504204750061035,97400,0.0,0.0
2022-09-19 00:00:00-04:00,7.830152119766858,7.836908229546526,7.789616105386936,7.8166399002075195,92400,0.0,0.0
2022-09-20 00:00:00-04:00,7.73557186126709,7.769351780476662,7.539649103009613,7.73557186126709,162100,0.0,0.0
2022-09-21 00:00:00-04:00,7.769351276472011,7.843666578473475,7.755839051945384,7.789618968963623,92500,0.0,0.0
2022-09-22 00:00:00-04:00,7.776107634899219,7.776107634899219,7.668012412457605,7.68828010559082,102200,0.0,0.0
2022-09-23 00:00:00-04:00,7.634231677241044,7.668011591713007,7.55991573654307,7.566671848297119,133800,0.0,0.0
2022-09-26 00:00:00-04:00,7.519377904576933,7.57342549240244,7.499110220216885,7.526134014129639,109800,0.0,0.0
2022-09-27 00:00:00-04:00,7.53289099144711,7.573427012601994,7.53289099144711,7.539647102355957,124600,0.0,0.0
2022-09-28 00:00:00-04:00,7.532889363688193,7.634229072528115,7.532889363688193,7.586936950683594,128200,0.0,0.0
2022-09-29 00:00:00-04:00,7.546404178329376,7.559915757576786,7.492356572743172,7.512624263763428,78400,0.0,0.0
2022-09-30 00:00:00-04:00,7.512621120308593,7.546401020740247,7.43154974585143,7.438305854797363,268000,0.0,0.0
2022-10-03 00:00:00-04:00,7.45857420719872,7.553157808042392,7.451818097646014,7.526134014129639,124400,0.0,0.0
2022-10-04 00:00:00-04:00,7.593695609652352,7.7085469316524655,7.593695609652352,7.674767017364502,96200,0.0,0.0
2022-10-05 00:00:00-04:00,7.6544979050488005,7.688277813063739,7.566670401929223,7.647741794586182,67600,0.0,0.0
2022-10-06 00:00:00-04:00,7.6477438953109695,7.668012232266245,7.627476202654026,7.6545000076293945,135800,0.0,0.0
2022-10-07 00:00:00-04:00,7.600449843263114,7.6544974350491355,7.580182157417885,7.593693733215332,136700,0.0,0.0
2022-10-10 00:00:00-04:00,7.573425857961846,7.6072057630578165,7.5126221576487175,7.5328898429870605,111500,0.0,0.0
2022-10-11 00:00:00-04:00,7.53964558893698,7.553157808042392,7.499110220216885,7.526134014129639,128800,0.0,0.0
2022-10-12 00:00:00-04:00,7.499111926811268,7.539647304756115,7.478843593540628,7.519379615783691,207700,0.0,0.0
2022-10-13 00:00:00-04:00,7.437721204047752,7.5670134152389865,7.430916180047474,7.539793968200684,173000,0.08,0.0
2022-10-14 00:00:00-04:00,7.546598595564042,7.587427439494195,7.519379149956349,7.532988548278809,135100,0.0,0.0
2022-10-17 00:00:00-04:00,7.55340370395872,7.60103757206596,7.539793656520777,7.580623149871826,122200,0.0,0.0
2022-10-18 00:00:00-04:00,7.601038859565262,7.669087810355863,7.594233834693623,7.621453285217285,107400,0.0,0.0
2022-10-19 00:00:00-04:00,7.594231561988351,7.682694911956788,7.594231561988351,7.682694911956787,107300,0.0,0.0
2022-10-20 00:00:00-04:00,7.696306088387692,7.750744981141537,7.675891016882906,7.73713493347168,184200,0.0,0.0
2022-10-21 00:00:00-04:00,7.696305207175788,7.743939070640721,7.641865671692372,7.716719627380371,130000,0.0,0.0
2022-10-24 00:00:00-04:00,7.6554765701293945,7.709915462711069,7.648671546315987,7.6554765701293945,102900,0.0,0.0
2022-10-25 00:00:00-04:00,7.635061129362558,7.696305037589529,7.621451083550919,7.67588996887207,145800,0.0,0.0
2022-10-26 00:00:00-04:00,7.6554765701293945,7.716720486524475,7.628257123838557,7.6554765701293945,93600,0.0,0.0
2022-10-27 00:00:00-04:00,7.641865240497111,7.682694727565174,7.61464579877263,7.628255844116211,140500,0.0,0.0
2022-10-28 00:00:00-04:00,7.621454158736902,7.723527596621772,7.607844756396698,7.7099175453186035,178100,0.0,0.0
2022-10-31 00:00:00-04:00,7.675894245371341,7.764357645544827,7.635065383114694,7.743943214416504,131400,0.0,0.0
2022-11-01 00:00:00-04:00,7.757548093286762,7.798377580687564,7.723524277575894,7.777963161468506,147900,0.0,0.0
2022-11-02 00:00:00-04:00,7.743940050984584,7.846012813892114,7.723525628195637,7.798378944396973,118700,0.0,0.0
2022-11-03 00:00:00-04:00,7.771158097112431,7.873230841623619,7.757548051730842,7.866426467895508,92200,0.0,0.0
2022-11-04 00:00:00-04:00,7.920866917317592,8.084183600405506,7.920866917317592,8.022939682006836,94100,0.0,0.0
2022-11-07 00:00:00-05:00,8.056962966918945,8.056962966918945,8.016133477677286,8.056962966918945,59200,0.0,0.0
2022-11-08 00:00:00-05:00,8.090987169018176,8.097791542867412,7.9684993542541935,8.009328842163086,80900,0.0,0.0
2022-11-09 00:00:00-05:00,8.009330282897581,8.036549730078901,7.961695763608165,8.022939682006836,136700,0.0,0.0
2022-11-10 00:00:00-05:00,8.131816960383928,8.220280320412007,8.097792491301933,8.193060874938965,162500,0.0,0.0
2022-11-11 00:00:00-05:00,8.165839145488555,8.18625356164275,8.070570788497989,8.08418083190918,83000,0.0,0.0
2022-11-14 00:00:00-05:00,8.08418281633315,8.118437958385568,8.036225356114771,8.043076515197754,79400,0.08,0.0
2022-11-15 00:00:00-05:00,8.049927785709308,8.08418292823589,8.04307662653149,8.063630104064941,109500,0.0,0.0
2022-11-16 00:00:00-05:00,8.043077624137899,8.084183930940833,8.00882247736255,8.015673637390137,94400,0.0,0.0
2022-11-17 00:00:00-05:00,8.001970554495342,8.029374536393101,7.919758608802063,7.940311431884766,97700,0.0,0.0
2022-11-18 00:00:00-05:00,7.940311394378398,7.988268199132335,7.919758571392777,7.933460235595703,143200,0.0,0.0
2022-11-21 00:00:00-05:00,7.926609076813009,7.960864217364019,7.892354589624461,7.933460235595703,113500,0.0,0.0
2022-11-22 00:00:00-05:00,7.91975997459603,8.022524761094205,7.91975997459603,8.008822441101074,111300,0.0,0.0
2022-11-23 00:00:00-05:00,7.981414410910504,8.077328642182351,7.981414410910504,8.070477485656738,132500,0.0,0.0
2022-11-25 00:00:00-05:00,8.043077587721324,8.056779907714457,8.008822441101074,8.008822441101074,22900,0.0,0.0
2022-11-28 00:00:00-05:00,7.960865627850269,8.056779907714457,7.960865627850269,8.008822441101074,75500,0.0,0.0
2022-11-29 00:00:00-05:00,8.015672532228319,8.063629992446698,8.001970867424847,8.043076515197754,78400,0.0,0.0
2022-11-30 00:00:00-05:00,8.029376203121021,8.180097808164067,7.974568227948531,8.166396141052246,145300,0.0,0.0
2022-12-01 00:00:00-05:00,8.13899085744349,8.214351647964843,8.056778907775879,8.056778907775879,115200,0.0,0.0
2022-12-02 00:00:00-05:00,7.995121158655846,8.029376306922142,7.9540148500637695,7.967717170715332,181400,0.0,0.0
2022-12-05 00:00:00-05:00,7.967717170715331,8.008822825944799,7.912909194834302,7.967717170715332,219800,0.0,0.0
2022-12-06 00:00:00-05:00,7.933462014942244,7.981418830452115,7.878654039113075,7.885505199432373,109500,0.0,0.0
2022-12-07 00:00:00-05:00,7.878653975322916,7.9951210863575675,7.878653975322916,7.954014778137207,72600,0.0,0.0
2022-12-08 00:00:00-05:00,7.9334587638550325,7.9608627405396195,7.830694014628414,7.8512468338012695,121600,0.0,0.0
2022-12-09 00:00:00-05:00,7.830696737525783,7.864951230270767,7.803292751312256,7.803292751312256,89500,0.0,0.0
2022-12-12 00:00:00-05:00,7.803289971059223,7.90605471940501,7.755332522250498,7.892353057861328,225900,0.0,0.0
2022-12-13 00:00:00-05:00,8.008821022117957,8.008821022117957,7.864949954493683,7.933460235595703,130900,0.0,0.0
2022-12-14 00:00:00-05:00,7.898969650268555,7.954158906155405,7.87137502232513,7.898969650268555,155700,0.08,0.0
2022-12-15 00:00:00-05:00,7.892068022020617,7.933460278168664,7.829980624659935,7.871372222900391,193900,0.0,0.0
2022-12-16 00:00:00-05:00,7.850676536560058,7.885169974194351,7.795487299508229,7.850676536560059,213500,0.0,0.0
2022-12-19 00:00:00-05:00,7.836879897319261,7.864474519362694,7.754096031188965,7.754096031188965,201700,0.0,0.0
2022-12-20 00:00:00-05:00,7.774792551276106,7.82308297574863,7.74719727111159,7.760994911193848,134700,0.0,0.0
2022-12-21 00:00:00-05:00,7.760995923931685,7.7954893707307145,7.726502477132656,7.767894744873047,235900,0.0,0.0
2022-12-22 00:00:00-05:00,7.774791439729777,7.850676475609994,7.740298002363279,7.843777656555176,204600,0.0,0.0
2022-12-23 00:00:00-05:00,7.829981272987746,7.892068675489307,7.816183633826745,7.8575758934021,126600,0.0,0.0
2022-12-27 00:00:00-05:00,7.836880321445001,7.8713737653429705,7.760995271195645,7.781691074371338,133800,0.0,0.0
2022-12-28 00:00:00-05:00,7.767893727161126,7.816184151608324,7.719602644806239,7.72650146484375,253500,0.0,0.0
2022-12-29 00:00:00-05:00,7.767894744873047,7.823083996588383,7.740300119015378,7.767894744873047,156400,0.0,0.0
2022-12-30 00:00:00-05:00,7.760995923931685,7.857577443387412,7.71270549315771,7.767894744873047,300200,0.0,0.0
2023-01-03 00:00:00-05:00,7.795487299508229,7.857575355668437,7.774791500090694,7.850676536560059,90500,0.0,0.0
2023-01-04 00:00:00-05:00,7.864474055074953,7.878271694235954,7.823082453407245,7.8575758934021,124400,0.0,0.0
2023-01-05 00:00:00-05:00,7.843777674365731,7.912764549255371,7.788588437617057,7.912764549255371,192500,0.0,0.0
2023-01-06 00:00:00-05:00,7.940361322144822,7.988651752926001,7.912766696283038,7.954158306121826,114100,0.0,0.0
2023-01-09 00:00:00-05:00,7.988651931647907,8.036942363509437,7.926563857592916,7.940361499786377,144500,0.0,0.0
2023-01-10 00:00:00-05:00,7.954153494924715,7.988646920864989,7.926558885753972,7.981748104095459,100900,0.0,0.0
2023-01-11 00:00:00-05:00,7.9817514538232635,8.071434135742448,7.9817514538232635,8.050738334655762,105400,0.0,0.0
2023-01-12 00:00:00-05:00,8.085468127488578,8.092413902282715,8.050736603723033,8.092413902282715,107300,0.08,0.0
2023-01-13 00:00:00-05:00,8.05073845953236,8.099362206543358,8.043792020688254,8.057684898376465,192800,0.0,0.0
2023-01-17 00:00:00-05:00,8.085469991304016,8.106308645387463,8.029899805448913,8.057684898376465,111600,0.0,0.0
2023-01-18 00:00:00-05:00,8.050741708136629,8.07852681227592,8.002117941505155,8.009063720703125,167600,0.0,0.0
2023-01-19 00:00:00-05:00,7.9604372554525735,8.029900323477117,7.9604372554525735,7.974329471588135,186500,0.0,0.0
2023-01-20 00:00:00-05:00,8.002115412795256,8.057685603513367,7.981276094439268,8.043792724609375,111800,0.0,0.0
2023-01-23 00:00:00-05:00,8.06462881576002,8.127145426048262,8.06462881576002,8.092413902282715,111400,0.0,0.0
2023-01-24 00:00:00-05:00,8.092416593030162,8.210503415627937,7.807619195864568,8.16882610321045,131100,0.0,0.0
2023-01-25 00:00:00-05:00,8.16188104535126,8.16188104535126,8.106310844421387,8.106310844421387,75100,0.0,0.0
2023-01-26 00:00:00-05:00,8.14104175567627,8.168826853991247,8.113256657361292,8.14104175567627,85000,0.0,0.0
2023-01-27 00:00:00-05:00,8.168824773639864,8.196609864878823,8.147985458374023,8.147985458374023,94600,0.0,0.0
2023-01-30 00:00:00-05:00,8.161878178578736,8.224394798278809,8.161878178578736,8.224394798278809,64100,0.0,0.0
2023-01-31 00:00:00-05:00,8.286910971129926,8.328588273716763,8.25912588192244,8.300803184509277,143600,0.0,0.0
2023-02-01 00:00:00-05:00,8.300804885550756,8.335536419789664,8.224396040184294,8.273019790649414,107500,0.0,0.0
2023-02-02 00:00:00-05:00,8.307750252630179,8.39805196501678,8.273018722873973,8.384159088134766,133500,0.0,0.0
2023-02-03 00:00:00-05:00,8.370268741753417,8.405000279260904,8.31469854672103,8.349430084228516,67400,0.0,0.0
2023-02-06 00:00:00-05:00,8.307751574280157,8.342483109561675,8.266073599452547,8.28691291809082,67400,0.0,0.0
2023-02-07 00:00:00-05:00,8.307750292992543,8.377213352842432,8.307750292992543,8.370266914367676,36900,0.0,0.0
2023-02-08 00:00:00-05:00,8.384160959287025,8.398053839269611,8.342483644237223,8.349430084228516,38500,0.0,0.0
2023-02-09 00:00:00-05:00,8.356372491823757,8.398050452514703,8.321640968322754,8.321640968322754,66800,0.0,0.0
2023-02-10 00:00:00-05:00,8.342481782386384,8.39805196501678,8.342481782386384,8.384159088134766,62200,0.0,0.0
2023-02-13 00:00:00-05:00,8.411943647319896,8.439728736877441,8.36331990620639,8.439728736877441,86600,0.0,0.0
2023-02-14 00:00:00-05:00,8.446722030639648,8.467698802742419,8.425745258536878,8.446722030639648,64000,0.08,0.0
2023-02-15 00:00:00-05:00,8.446721751981906,8.488675961642937,8.446721751981906,8.46070671081543,68800,0.0,0.0
2023-02-16 00:00:00-05:00,8.439730010247153,8.460707450330991,8.397776463758676,8.404768943786621,80400,0.0,0.0
2023-02-17 00:00:00-05:00,8.404765677981423,8.4537116854791,8.362811480955317,8.376795768737793,38100,0.0,0.0
2023-02-21 00:00:00-05:00,8.341838699431118,8.36281547454177,8.21597671508789,8.21597671508789,145100,0.0,0.0
2023-02-22 00:00:00-05:00,8.22996096846822,8.264922035032159,8.208983528322333,8.236952781677246,83000,0.0,0.0
2023-02-23 00:00:00-05:00,8.250936757638119,8.285898486871574,8.243944278423523,8.271913528442383,63800,0.0,0.0
2023-02-24 00:00:00-05:00,8.264922353864193,8.327853343050307,8.14605285581034,8.320860862731934,83600,0.0,0.0
2023-02-27 00:00:00-05:00,8.320861534815705,8.355823272391842,8.28590046407925,8.334846496582031,60800,0.0,0.0
2023-02-28 00:00:00-05:00,8.362816100516458,8.404770320717782,8.348831138169446,8.383792877197266,86200,0.0,0.0
2023-03-01 00:00:00-05:00,8.362811480955317,8.425742443074808,8.362811480955317,8.376795768737793,90000,0.0,0.0
2023-03-02 00:00:00-05:00,8.390783309936523,8.4397293325225,8.376798351003648,8.390783309936523,202200,0.0,0.0
2023-03-03 00:00:00-05:00,8.446721781860925,8.446721781860925,8.383790800566539,8.425745010375977,195400,0.0,0.0
2023-03-06 00:00:00-05:00,8.425742965370876,8.474688975902623,8.425742965370876,8.432735443115234,200400,0.0,0.0
2023-03-07 00:00:00-05:00,8.432737489817473,8.467698553345873,8.397775759449532,8.425745010375977,160600,0.0,0.0
2023-03-08 00:00:00-05:00,8.418751966798137,8.460706173796245,8.418751966798137,8.439728736877441,277800,0.0,0.0
2023-03-09 00:00:00-05:00,8.446718811837835,8.453711288820646,8.33484184747007,8.362811088562012,232200,0.0,0.0
2023-03-10 00:00:00-05:00,8.369804947660127,8.369804947660127,8.125073547563392,8.153042793273926,294500,0.0,0.0
2023-03-13 00:00:00-04:00,8.013199152862121,8.111091877886555,7.922298908233643,7.922298908233643,309200,0.0,0.0
2023-03-14 00:00:00-04:00,7.9660834007677614,8.114388175381665,7.959021781784075,8.086139678955078,162600,0.112,0.0
2023-03-15 00:00:00-04:00,8.043765102201554,8.043765102201554,7.92370885638533,8.008454322814941,143100,0.0,0.0
2023-03-16 00:00:00-04:00,8.00139269735276,8.057889679668804,7.959020297364304,7.994330406188965,144100,0.0,0.0
2023-03-17 00:00:00-04:00,7.994330948304738,7.994330948304738,7.8813369760102425,7.895461559295654,159300,0.0,0.0
2023-03-20 00:00:00-04:00,7.8742741427010206,8.043765762980739,7.846025651570593,7.980206489562988,292900,0.0,0.0
2023-03-21 00:00:00-04:00,8.043766975402832,8.064953178569722,8.001393895571798,8.043766975402832,115200,0.0,0.0
2023-03-22 00:00:00-04:00,8.072015470791102,8.093201673957992,8.029642390960069,8.043766975402832,127000,0.0,0.0
2023-03-23 00:00:00-04:00,8.043765102201554,8.114385987477682,8.008454322814941,8.008454322814941,170800,0.0,0.0
2023-03-24 00:00:00-04:00,8.015518901261768,8.07201589500745,7.9519596149235525,7.966083526611328,117300,0.0,0.0
2023-03-27 00:00:00-04:00,8.0225830078125,8.043769892159235,8.001396796963267,8.0225830078125,66100,0.0,0.0
2023-03-28 00:00:00-04:00,8.050832750023483,8.072019637624448,8.015522617683748,8.03670883178711,113600,0.0,0.0
2023-03-29 00:00:00-04:00,8.107327077164559,8.170886371861414,8.057892369510286,8.149700164794922,160300,0.0,0.0
2023-03-30 00:00:00-04:00,8.177947668501918,8.206196165646247,8.156761464017997,8.19913387298584,114000,0.0,0.0
2023-03-31 00:00:00-04:00,8.269756652510805,8.326253654996998,8.234445857582587,8.262694358825684,226700,0.0,0.0
2023-04-03 00:00:00-04:00,8.375688214605399,8.418061302463967,8.340378093803539,8.368626594543457,298300,0.0,0.0
2023-04-04 00:00:00-04:00,8.410997470360641,8.446308258200817,8.290941195802404,8.326251983642578,185600,0.0,0.0
2023-04-05 00:00:00-04:00,8.3403752794575,8.354499188312847,8.269753714689301,8.33331298828125,160600,0.0,0.0
2023-04-06 00:00:00-04:00,8.361562771482753,8.36862506375024,8.290941195802404,8.326251983642578,163900,0.0,0.0
2023-04-10 00:00:00-04:00,8.340378476400993,8.37568859882263,8.290943092715356,8.312129974365234,209900,0.0,0.0
2023-04-11 00:00:00-04:00,8.361561450189125,8.43924463236421,8.3050644679714,8.382747650146484,311200,0.0,0.0
2023-04-12 00:00:00-04:00,8.432182630421062,8.432182630421062,8.354499445581588,8.396872520446777,175600,0.0,0.0
2023-04-13 00:00:00-04:00,8.412556205838175,8.433943869880625,8.391168541795725,8.398297309875488,157300,0.112,0.0
2023-04-14 00:00:00-04:00,8.384039093814382,8.433943869880625,8.384039093814382,8.398297309875488,144500,0.0,0.0
2023-04-17 00:00:00-04:00,8.4196859211329,8.476720146991246,8.412556472925205,8.455331802368164,93300,0.0,0.0
2023-04-18 00:00:00-04:00,8.48385258028255,8.48385258028255,8.419689558399984,8.44107723236084,114700,0.0,0.0
2023-04-19 00:00:00-04:00,8.405429269873325,8.476722411190012,8.384041599439032,8.426816940307617,125500,0.0,0.0
2023-04-20 00:00:00-04:00,8.43394518182067,8.526625980290332,8.405428065360905,8.498108863830566,158900,0.0,0.0
2023-04-21 00:00:00-04:00,8.498106458649747,8.512364672893348,8.419684580556202,8.433942794799805,87100,0.0,0.0
2023-04-24 00:00:00-04:00,8.433944357883771,8.483849136837595,8.433944357883771,8.462461471557617,104900,0.0,0.0
2023-04-25 00:00:00-04:00,8.419688170097375,8.49098063151228,8.398299819761299,8.426816940307617,168000,0.0,0.0
2023-04-26 00:00:00-04:00,8.398298096241374,8.433944659584242,8.369780981547411,8.384039878845215,240400,0.0,0.0
2023-04-27 00:00:00-04:00,8.369779130949862,8.4482016889449,8.334132575488615,8.433942794799805,126500,0.0,0.0
2023-04-28 00:00:00-04:00,8.433944357883771,8.462461471557617,8.405427244209926,8.462461471557617,110000,0.0,0.0
2023-05-01 00:00:00-04:00,8.433946857736894,8.498110552496808,8.433946857736894,8.490981101989746,119000,0.0,0.0
2023-05-02 00:00:00-04:00,8.455334060853936,8.469592961077987,8.384041599439032,8.426816940307617,111400,0.0,0.0
2023-05-03 00:00:00-04:00,8.419685653819519,8.476719877867108,8.398297309875488,8.398297309875488,82900,0.0,0.0
2023-05-04 00:00:00-04:00,8.398298096241374,8.441074108233144,8.34839331550235,8.384039878845215,131000,0.0,0.0
2023-05-05 00:00:00-04:00,8.433946390419642,8.448205290643694,8.376912149327007,8.426816940307617,155100,0.0,0.0
2023-05-08 00:00:00-04:00,8.455332843461965,8.455332843461965,8.327006159430798,8.369781494140625,133400,0.0,0.0
2023-05-09 00:00:00-04:00,8.376911863659386,8.384041313528286,8.305618724773922,8.319877624511719,144700,0.0,0.0
2023-05-10 00:00:00-04:00,8.362652963921589,8.362652963921589,8.298489954806783,8.319877624511719,242200,0.0,0.0
2023-05-11 00:00:00-04:00,8.327007074380617,8.334135844347754,8.277101605200087,8.319877624511719,110900,0.0,0.0
2023-05-12 00:00:00-04:00,8.321316800473,8.35011025570688,8.285324809808118,8.342911720275879,156200,0.112,0.0
2023-05-15 00:00:00-04:00,8.35011025570688,8.35011025570688,8.328514649413878,8.342911720275879,86700,0.0,0.0
2023-05-16 00:00:00-04:00,8.335714182543693,8.350111255128875,8.292524337768555,8.292524337768555,138100,0.0,0.0
2023-05-17 00:00:00-04:00,8.278128293221076,8.328516680546398,8.27092975603452,8.314120292663574,140900,0.0,0.0
2023-05-18 00:00:00-04:00,8.306921005249023,8.35730938802359,8.285326082129956,8.306921005249023,99300,0.0,0.0
2023-05-19 00:00:00-04:00,8.364508050555742,8.364508050555742,8.263730596998357,8.278127670288086,150700,0.0,0.0
2023-05-22 00:00:00-04:00,8.321318156356025,8.364508002999177,8.292524696430512,8.328516006469727,97000,0.0,0.0
2023-05-23 00:00:00-04:00,8.328516006469727,8.371706539603114,8.314119619752088,8.328516006469727,143400,0.0,0.0
2023-05-24 00:00:00-04:00,8.328515975367228,8.335714511944284,8.23493705933622,8.256532669067383,124200,0.0,0.0
2023-05-25 00:00:00-04:00,8.29972143514385,8.29972143514385,8.227738138214335,8.285325050354004,128100,0.0,0.0
2023-05-26 00:00:00-04:00,8.278127623222638,8.350111616281538,8.242135626693187,8.328516006469727,119300,0.0,0.0
2023-05-30 00:00:00-04:00,8.328516476924097,8.364508475486634,8.292525164851835,8.321318626403809,63000,0.0,0.0
2023-05-31 00:00:00-04:00,8.342913452060237,8.479682221188485,8.26373091886312,8.42209529876709,209500,0.0,0.0
2023-06-01 00:00:00-04:00,8.450886173090394,8.544465065002441,8.357307281178347,8.544465065002441,141600,0.0,0.0
2023-06-02 00:00:00-04:00,8.551664314316241,8.630846143401444,8.472482485231039,8.602052688598633,124600,0.0,0.0
2023-06-05 00:00:00-04:00,8.630847728003573,8.638046264648438,8.566062271180272,8.638046264648438,128000,0.0,0.0
2023-06-06 00:00:00-04:00,8.616449237979134,8.68843252738636,8.616449237979134,8.645242691040039,147300,0.0,0.0
2023-06-07 00:00:00-04:00,8.652440588318179,8.70282895583906,8.60925006866455,8.60925006866455,132400,0.0,0.0
2023-06-08 00:00:00-04:00,8.630847269101332,8.630847269101332,8.515673434868253,8.522871971130371,140500,0.0,0.0
2023-06-09 00:00:00-04:00,8.566059982677512,8.602051969796,8.530068682049079,8.544465065002441,115700,0.0,0.0
2023-06-12 00:00:00-04:00,8.587656812168406,8.681235717432715,8.56606120492192,8.666838645935059,132900,0.0,0.0
2023-06-13 00:00:00-04:00,8.688432207874186,8.70282927712023,8.681234359741211,8.681234359741211,122600,0.0,0.0
2023-06-14 00:00:00-04:00,8.708130508812136,8.73720673637425,8.657248497009277,8.657248497009277,101600,0.117,0.0
2023-06-15 00:00:00-04:00,8.649979351683905,8.700862056181975,8.628172874450684,8.628172874450684,108900,0.0,0.0
2023-06-16 00:00:00-04:00,8.671786850052573,8.708130749077135,8.642711314903659,8.679055213928223,80600,0.0,0.0
2023-06-20 00:00:00-04:00,8.671787088744143,8.715400046060244,8.606366959554535,8.613636016845703,120500,0.0,0.0
2023-06-21 00:00:00-04:00,8.628172962662584,8.679054974465442,8.606366485206417,8.657248497009277,136100,0.0,0.0
2023-06-22 00:00:00-04:00,8.664516663273224,8.788087844848633,8.628172075771866,8.788087844848633,140300,0.0,0.0
2023-06-23 00:00:00-04:00,8.75174331665039,8.773549792012831,8.73720589748055,8.75174331665039,217800,0.0,0.0
2023-06-26 00:00:00-04:00,8.722668054513782,8.875314773196388,8.722668054513782,8.838970184326172,149000,0.0,0.0
2023-06-27 00:00:00-04:00,8.81716313309946,8.87531419421215,8.766281127929688,8.766281127929688,133800,0.0,0.0
2023-06-28 00:00:00-04:00,8.795357261327327,8.904390335083008,8.76628172877812,8.904390335083008,156000,0.0,0.0
2023-06-29 00:00:00-04:00,8.897124065212942,8.977082324677648,8.882586640992919,8.9407377243042,131400,0.0,0.0
2023-06-30 00:00:00-04:00,8.97708038663146,8.97708038663146,8.831702016523149,8.87531566619873,245500,0.0,0.0
2023-07-03 00:00:00-04:00,8.904391546914493,9.035231807800146,8.882585067838708,8.991618156433105,95300,0.0,0.0
2023-07-05 00:00:00-04:00,8.98434586327539,8.991614918087846,8.7444726001861,8.773548126220703,295600,0.0,0.0
2023-07-06 00:00:00-04:00,8.722667935272861,8.788088055701866,8.693592403217233,8.744474411010742,120000,0.0,0.0
2023-07-07 00:00:00-04:00,8.766281519888478,8.809894471065357,8.759012463620545,8.780818939208984,141900,0.0,0.0
2023-07-10 00:00:00-04:00,8.860777551901721,8.8971221444288,8.780820002914506,8.87531566619873,130000,0.0,0.0
2023-07-11 00:00:00-04:00,8.853506578489053,8.926195048903589,8.846237523483026,8.897119522094727,107100,0.0,0.0
2023-07-12 00:00:00-04:00,8.933464946920964,8.991616006026144,8.911658473060346,8.969809532165527,90500,0.0,0.0
2023-07-13 00:00:00-04:00,8.989623773530703,9.01897761908289,8.952931291627747,8.960269927978516,126700,0.117,0.0
2023-07-14 00:00:00-04:00,8.960271014623773,8.996963500976562,8.916239891030234,8.996963500976562,81100,0.0,0.0
2023-07-17 00:00:00-04:00,9.011641502380371,9.018980140783016,8.960272433264011,9.011641502380371,76600,0.0,0.0
2023-07-18 00:00:00-04:00,8.98228488583572,9.018977366711937,8.916238560228699,8.930915832519531,161300,0.0,0.0
2023-07-19 00:00:00-04:00,8.974949843040662,9.004304399375172,8.872211695274444,8.901565551757812,140000,0.0,0.0
2023-07-20 00:00:00-04:00,8.908899340891208,8.982283592224121,8.879545500387893,8.982283592224121,76400,0.0,0.0
2023-07-21 00:00:00-04:00,9.0263173500886,9.0263173500886,8.945593740142272,8.996963500976562,70300,0.0,0.0
2023-07-24 00:00:00-04:00,9.026314702904477,9.055668543407794,8.945591116632285,8.982283592224121,92100,0.0,0.0
2023-07-25 00:00:00-04:00,8.982284405488715,8.99696167699465,8.92357671916663,8.945591926574707,81900,0.0,0.0
2023-07-26 00:00:00-04:00,8.90890419084144,8.960273264724549,8.901565551757812,8.901565551757812,146800,0.0,0.0
2023-07-27 00:00:00-04:00,8.901563051113916,8.974947321781517,8.901563051113916,8.923578262329102,135100,0.0,0.0
2023-07-28 00:00:00-04:00,8.974947601245384,9.070347785949707,8.96027102659524,9.070347785949707,118600,0.0,0.0
2023-07-31 00:00:00-04:00,9.114380239294249,9.143734092727923,9.048333894105715,9.136395454406738,105600,0.0,0.0
2023-08-01 00:00:00-04:00,9.12171624884387,9.158408030173518,9.063008558895387,9.092362403869629,83500,0.0,0.0
2023-08-02 00:00:00-04:00,9.077685835785386,9.129054893513263,9.018978141281837,9.063009262084961,109600,0.0,0.0
2023-08-03 00:00:00-04:00,9.06300984855012,9.121717546852631,9.026317362148308,9.070347785949707,67100,0.0,0.0
2023-08-04 00:00:00-04:00,9.055671941933582,9.165748710169316,9.055671941933582,9.15841007232666,81400,0.0,0.0
2023-08-07 00:00:00-04:00,9.165746576573147,9.17308521270752,9.129054095752144,9.17308521270752,106200,0.0,0.0
2023-08-08 00:00:00-04:00,9.165746550234607,9.165746550234607,9.099700224916765,9.129054069519043,83100,0.0,0.0
2023-08-09 00:00:00-04:00,9.158409599674018,9.20977936207046,9.114379174592482,9.143733024597168,81500,0.0,0.0
2023-08-10 00:00:00-04:00,9.1657490785604,9.173087716698012,9.099702735024007,9.15107250213623,125900,0.0,0.0
2023-08-11 00:00:00-04:00,9.151071662061087,9.173086874601854,9.107040537128563,9.143733024597168,96500,0.0,0.0
2023-08-14 00:00:00-04:00,9.171142920201127,9.274855613708496,9.141510822982584,9.274855613708496,138500,0.117,0.0
2023-08-15 00:00:00-04:00,9.252628859171564,9.252628859171564,9.193364678516748,9.215588569641113,69400,0.0,0.0
2023-08-16 00:00:00-04:00,9.215589834378516,9.215589834378516,9.148918151855469,9.148918151855469,78100,0.0,0.0
2023-08-17 00:00:00-04:00,9.156327084795628,9.18595918384733,9.10447108807639,9.119287490844727,106000,0.0,0.0
2023-08-18 00:00:00-04:00,9.111877862999426,9.126693556963403,9.074837568362202,9.089653968811035,127800,0.0,0.0
2023-08-21 00:00:00-04:00,9.119287079159212,9.141510975823461,9.07483857934578,9.082246780395508,131500,0.0,0.0
2023-08-22 00:00:00-04:00,9.097061579104476,9.119286180062474,9.037797389519552,9.074837684631348,94300,0.0,0.0
2023-08-23 00:00:00-04:00,9.074838625619947,9.15632671812767,9.074838625619947,9.134102821350098,98900,0.0,0.0
2023-08-24 00:00:00-04:00,9.185957908630371,9.215590003568474,9.134101919109908,9.185957908630371,89000,0.0,0.0
2023-08-25 00:00:00-04:00,9.185955481378045,9.297076337897549,9.141507703957991,9.282259941101074,126700,0.0,0.0
2023-08-28 00:00:00-04:00,9.304486922995428,9.334119017704639,9.274854828286218,9.311894416809082,114400,0.0,0.0
2023-08-29 00:00:00-04:00,9.311895194002453,9.34152729118483,9.304487699570553,9.33411979675293,116300,0.0,0.0
2023-08-30 00:00:00-04:00,9.474872693864013,9.474872693864013,9.245223396000599,9.289671897888184,128900,0.0,0.0
2023-08-31 00:00:00-04:00,9.311895795589491,9.363752498872504,9.245223396000599,9.289671897888184,144600,0.0,0.0
2023-09-01 00:00:00-04:00,9.326711595836104,9.35634369301848,9.2896712977369,9.33411979675293,134700,0.0,0.0
2023-09-05 00:00:00-04:00,9.304487699570553,9.348935492101656,9.2896712977369,9.33411979675293,72500,0.0,0.0
2023-09-06 00:00:00-04:00,9.326711123533695,9.363751419757186,9.29707902785188,9.304487228393555,142000,0.0,0.0
2023-09-07 00:00:00-04:00,9.289668139499312,9.356340512114077,9.260036052391047,9.282259941101074,143700,0.0,0.0
2023-09-08 00:00:00-04:00,9.2896712977369,9.371159388367207,9.245222798720873,9.33411979675293,84500,0.0,0.0
2023-09-11 00:00:00-04:00,9.334119374088926,9.408199260447951,9.334119374088926,9.356343269348145,118700,0.0,0.0
2023-09-12 00:00:00-04:00,9.356344208437415,9.430424102231783,9.356344208437415,9.415608406066895,142800,0.0,0.0
2023-09-13 00:00:00-04:00,9.445238649492017,9.489687142225304,9.393382663373872,9.408198356628418,229300,0.0,0.0
2023-09-14 00:00:00-04:00,9.450817378833458,9.480724999431978,9.376047970810195,9.398478507995605,160300,0.117,0.0
2023-09-15 00:00:00-04:00,9.3610931058784,9.405954173486537,9.271369544554503,9.301277160644531,148500,0.0,0.0
2023-09-18 00:00:00-04:00,9.301277060344104,9.368569374084473,9.278846526781916,9.368569374084473,99900,0.0,0.0
2023-09-19 00:00:00-04:00,9.361094125814162,9.443339900759355,9.346139959612913,9.428385734558105,97800,0.0,0.0
2023-09-20 00:00:00-04:00,9.450817218180616,9.503155375074858,9.361094357910238,9.383524894714355,132000,0.0,0.0
2023-09-21 00:00:00-04:00,9.36857072126446,9.495678284817656,9.3012783978476,9.338663101196289,458100,0.0,0.0
2023-09-22 00:00:00-04:00,9.383525732355356,9.458294432728108,9.35361810959546,9.450818061828613,215000,0.0,0.0
2023-09-25 00:00:00-04:00,9.405955597477918,9.47324792213149,9.3760479768601,9.443340301513672,253900,0.0,0.0
2023-09-26 00:00:00-04:00,9.420909591174187,9.428385961400798,9.30875548112812,9.338663101196289,202700,0.0,0.0
2023-09-27 00:00:00-04:00,9.376047419463585,9.413432121276855,9.323709264757333,9.413432121276855,170500,0.0,0.0
2023-09-28 00:00:00-04:00,9.383524502437014,9.443339740116697,9.331185634676885,9.413432121276855,141400,0.0,0.0
2023-09-29 00:00:00-04:00,9.480728158268015,9.48820453111822,9.405958725332702,9.435866355895996,207900,0.0,0.0
2023-10-02 00:00:00-04:00,9.435863044681318,9.473247748030007,9.31623256440864,9.338663101196289,199900,0.0,0.0
2023-10-03 00:00:00-04:00,9.316231669906028,9.346139287102602,9.189124118557125,9.233985900878906,148100,0.0,0.0
2023-10-04 00:00:00-04:00,9.256416435512877,9.256416435512877,9.129308884163976,9.233985900878906,152900,0.0,0.0
2023-10-05 00:00:00-04:00,9.233986337657127,9.256416873352087,9.181647470297053,9.241462707519531,77200,0.0,0.0
2023-10-06 00:00:00-04:00,9.219034778662342,9.353619456995949,9.219034778662342,9.331188201904297,125100,0.0,0.0
2023-10-09 00:00:00-04:00,9.33118929239739,9.450820527704723,9.33118929239739,9.435866355895996,108100,0.0,0.0
2023-10-10 00:00:00-04:00,9.413435811237067,9.46577398645929,9.35362055011048,9.435866355895996,76500,0.0,0.0
2023-10-11 00:00:00-04:00,9.43586413071588,9.48072592250852,9.35361834432569,9.361095428466797,83500,0.0,0.0
2023-10-12 00:00:00-04:00,9.398479981173296,9.45829523174616,9.331187646015314,9.346141815185547,137500,0.0,0.0
2023-10-13 00:00:00-04:00,9.404255931546732,9.411803661200898,9.321233064724257,9.351423263549805,109900,0.117,0.0
2023-10-16 00:00:00-04:00,9.381611899855544,9.404254365255794,9.321231512260885,9.343873977661133,99100,0.0,0.0
2023-10-17 00:00:00-04:00,9.29858832706964,9.381611899855544,9.291041318463554,9.343873977661133,181900,0.0,0.0
2023-10-18 00:00:00-04:00,9.306138005187835,9.321233465144635,9.140091544618768,9.147639274597168,216100,0.0,0.0
2023-10-19 00:00:00-04:00,9.16273567255187,9.208020617475839,8.966498991771413,8.989141464233398,209200,0.0,0.0
2023-10-20 00:00:00-04:00,9.019331560851068,9.057069494369182,8.860832815907958,8.868380546569824,187900,0.0,0.0
2023-10-23 00:00:00-04:00,8.875927771530431,8.966498374938965,8.875927771530431,8.966498374938965,100700,0.0,0.0
2023-10-24 00:00:00-04:00,8.96650054169044,9.041975702873843,8.96650054169044,8.99669075012207,143300,0.0,0.0
2023-10-25 00:00:00-04:00,8.966497732942248,8.996687931916822,8.770261079711949,8.800451278686523,226500,0.0,0.0
2023-10-26 00:00:00-04:00,8.785358967639732,8.823096186946344,8.641954943025851,8.702335357666016,293200,0.0,0.0
2023-10-27 00:00:00-04:00,8.702332605132613,8.815546386617077,8.649499938981183,8.807998657226562,145800,0.0,0.0
2023-10-30 00:00:00-04:00,8.800450927836046,8.823093396216501,8.732522802903585,8.807998657226562,287800,0.0,0.0
2023-10-31 00:00:00-04:00,8.845737987822643,8.921213134329157,8.823094796058603,8.906118392944336,176900,0.0,0.0
2023-11-01 00:00:00-04:00,8.943856939564517,9.072165489196777,8.936309208458795,9.072165489196777,128600,0.0,0.0
2023-11-02 00:00:00-04:00,9.117448724484992,9.170281392723421,9.087258525521444,9.155186653137207,94400,0.0,0.0
2023-11-03 00:00:00-04:00,9.21556570116247,9.275946090245009,9.200470243996328,9.230660438537598,160900,0.0,0.0
2023-11-06 00:00:00-05:00,9.230663091810316,9.253306284068115,9.109902278933607,9.132545471191406,114700,0.0,0.0
2023-11-07 00:00:00-05:00,9.162735086862966,9.192925288146238,9.11744942504247,9.140091896057129,108800,0.0,0.0
2023-11-08 00:00:00-05:00,9.170282522107545,9.177830252725768,9.072164903235485,9.0797119140625,130200,0.0,0.0
2023-11-09 00:00:00-05:00,9.094806132586632,9.094806132586632,9.02687800588673,9.034425735473633,108900,0.0,0.0
2023-11-10 00:00:00-05:00,9.064615249633789,9.102353174927904,9.03442505335671,9.064615249633789,110800,0.0,0.0
2023-11-13 00:00:00-05:00,9.079709928042952,9.124995582055675,9.079709928042952,9.117447853088379,70700,0.0,0.0
2023-11-14 00:00:00-05:00,9.183757032471023,9.214242503437966,9.099921442188707,9.107542991638184,129700,0.117,0.0
2023-11-15 00:00:00-05:00,9.10754128388876,9.115162831909124,9.008463340116498,9.023706436157227,213400,0.0,0.0
2023-11-16 00:00:00-05:00,9.023705691130587,9.061812701255345,9.008462596348378,9.038948059082031,75400,0.0,0.0
2023-11-17 00:00:00-05:00,9.09991996002382,9.145648522441597,9.054192124436883,9.13040542602539,94700,0.0,0.0
2023-11-20 00:00:00-05:00,9.145650012054602,9.145650012054602,9.107542991638184,9.107542991638184,96100,0.0,0.0
2023-11-21 00:00:00-05:00,9.107543526436706,9.12278662623074,9.061815680716615,9.08467960357666,119400,0.0,0.0
2023-11-22 00:00:00-05:00,9.084679070120716,9.130406913155651,9.061815148603248,9.107542991638184,92000,0.0,0.0
2023-11-24 00:00:00-05:00,9.107541518130216,9.130405435948532,9.084677600311897,9.122784614562988,52000,0.0,0.0
2023-11-27 00:00:00-05:00,9.138026454849598,9.145648002624512,9.084677074086812,9.145648002624512,176900,0.0,0.0
2023-11-28 00:00:00-05:00,9.145648002624512,9.153269550399424,9.107540990580748,9.145648002624512,143100,0.0,0.0
2023-11-29 00:00:00-05:00,9.145649694020868,9.145649694020868,9.06943565583832,9.138028144836426,187200,0.0,0.0
2023-11-30 00:00:00-05:00,9.145647266925097,9.160890361248729,9.115161805108578,9.153268814086914,217300,0.0,0.0
2023-12-01 00:00:00-05:00,9.122783352270392,9.176132728741619,9.115161805108578,9.153268814086914,273400,0.0,0.0
2023-12-04 00:00:00-05:00,9.153271243205308,9.191378262296583,9.130406595651984,9.138028144836426,133200,0.0,0.0
2023-12-05 00:00:00-05:00,9.138025629646036,9.191375732421875,9.099918621043502,9.191375732421875,114800,0.0,0.0
2023-12-06 00:00:00-05:00,9.229483614546087,9.259969081348014,9.19899814774416,9.22186279296875,106800,0.0,0.0
2023-12-07 00:00:00-05:00,9.221861645857425,9.381910508366712,9.214240098397275,9.305696487426758,147500,0.0,0.0
2023-12-08 00:00:00-05:00,9.305696151172473,9.35904552780424,9.229482132986455,9.244725227355957,149600,0.0,0.0
2023-12-11 00:00:00-05:00,9.259968136642303,9.366667622978955,9.259968136642303,9.320939064025879,123700,0.0,0.0
2023-12-12 00:00:00-05:00,9.35904800480072,9.404776573181152,9.336184084025971,9.404776573181152,134700,0.0,0.0
2023-12-13 00:00:00-05:00,9.442883595680044,9.511475358028408,9.427640497270895,9.496232986450195,231900,0.0,0.0
2023-12-14 00:00:00-05:00,9.522405664216707,9.622479539524189,9.522405664216707,9.614781379699707,150600,0.124,0.0
2023-12-15 00:00:00-05:00,9.653271969799942,9.684063876635948,9.545499928805437,9.59168815612793,123700,0.0,0.0
2023-12-18 00:00:00-05:00,9.591685573211342,9.614779313585258,9.476216137204982,9.530101776123047,139700,0.0,0.0
2023-12-19 00:00:00-05:00,9.583990621574557,9.637877012658262,9.522406803882053,9.560896873474121,114000,0.0,0.0
2023-12-20 00:00:00-05:00,9.583988424339623,9.607082167145563,9.399237013618404,9.430028915405273,244800,0.0,0.0
2023-12-21 00:00:00-05:00,9.491612197630696,9.507008514746877,9.376142755806566,9.45312213897705,184300,0.0,0.0
2023-12-22 00:00:00-05:00,9.483916633525881,9.591688680411224,9.483916633525881,9.568594932556152,110100,0.0,0.0
2023-12-26 00:00:00-05:00,9.537803552451189,9.591689211810735,9.499313481135637,9.583991050720215,102900,0.0,0.0
2023-12-27 00:00:00-05:00,9.614782130686555,9.645574038252635,9.59168838354624,9.630178451538086,103400,0.0,0.0
2023-12-28 00:00:00-05:00,9.66096964414723,9.707157135009766,9.63787589871596,9.707157135009766,108600,0.0,0.0
2023-12-29 00:00:00-05:00,9.707157364367092,9.807231242449673,9.660969872413252,9.745647430419922,167000,0.0,0.0
2024-01-02 00:00:00-05:00,9.684064037838825,9.80723166723312,9.676365877467436,9.730252265930176,166300,0.0,0.0
2024-01-03 00:00:00-05:00,9.707158153823583,9.745648223006707,9.545500450564074,9.568594932556152,176900,0.0,0.0
2024-01-04 00:00:00-05:00,9.545500551982487,9.622480691166627,9.537803125373687,9.560896873474121,159500,0.0,0.0
2024-01-05 00:00:00-05:00,9.537801322598815,9.645572616121942,9.514706844726536,9.553196907043457,181700,0.0,0.0
2024-01-08 00:00:00-05:00,9.553197569377707,9.637875859173153,9.553197569377707,9.614781379699707,152000,0.0,0.0
2024-01-09 00:00:00-05:00,9.607081694833209,9.62247801203814,9.537800469821455,9.54549789428711,191100,0.0,0.0
2024-01-10 00:00:00-05:00,9.545496501668074,9.576288397448808,9.507007182544683,9.5224027633667,193200,0.0,0.0
2024-01-11 00:00:00-05:00,9.478859238189944,9.5643949508667,9.478859238189944,9.5643949508667,192600,0.124,0.0
2024-01-12 00:00:00-05:00,9.533291422692802,9.556619007658385,9.44775570853473,9.502187728881836,222600,0.0,0.0
2024-01-16 00:00:00-05:00,9.51773974921737,9.572171772676846,9.471084576618502,9.541068077087402,140400,0.0,0.0
2024-01-17 00:00:00-05:00,9.564397275115304,9.611052455576193,9.494413762853249,9.525517463684082,195900,0.0,0.0
2024-01-18 00:00:00-05:00,9.517738342285156,9.541066666706746,9.502186867574585,9.517738342285156,92300,0.0,0.0
2024-01-19 00:00:00-05:00,9.517741353083693,9.603277086546527,9.455533951422026,9.525517463684082,147400,0.0,0.0
2024-01-22 00:00:00-05:00,9.59549943070393,9.626603126525879,9.556619625533843,9.626603126525879,122000,0.0,0.0
2024-01-23 00:00:00-05:00,9.626602957956147,9.688810348510742,9.626602957956147,9.688810348510742,124200,0.0,0.0
2024-01-24 00:00:00-05:00,9.735466655392374,9.758794242399818,9.696586849332888,9.719914436340332,107200,0.0,0.0
2024-01-25 00:00:00-05:00,9.76656969786845,9.789897283313667,9.719913785407442,9.735466003417969,191400,0.0,0.0
2024-01-26 00:00:00-05:00,9.751017479857923,9.758793588863186,9.688810090956961,9.735466003417969,112000,0.0,0.0
2024-01-29 00:00:00-05:00,9.766568521229006,9.813223686498603,9.766568521229006,9.805447578430176,152000,0.0,0.0
2024-01-30 00:00:00-05:00,9.813223686498603,9.844327377201829,9.743240197023725,9.805447578430176,194400,0.0,0.0
2024-01-31 00:00:00-05:00,9.852102123723306,9.852102123723306,9.751014957515311,9.77434253692627,180200,0.0,0.0
2024-02-01 00:00:00-05:00,9.79767339231893,9.821000977764148,9.719913785407442,9.735466003417969,206000,0.0,0.0
2024-02-02 00:00:00-05:00,9.789896721680188,9.789896721680188,9.72768933634798,9.766569137573242,108100,0.0,0.0
2024-02-05 00:00:00-05:00,9.782122199002293,9.859881814059232,9.75879461111347,9.821002006530762,214900,0.0,0.0
2024-02-06 00:00:00-05:00,9.852105793388773,9.875433381488682,9.81322598550849,9.836553573608398,210400,0.0,0.0
2024-02-07 00:00:00-05:00,9.883209943904344,9.890986054150579,9.813226434829607,9.859882354736328,198200,0.0,0.0
2024-02-08 00:00:00-05:00,9.883208365480852,9.92986427793627,9.836552453025437,9.898759841918945,200000,0.0,0.0
2024-02-09 00:00:00-05:00,9.890984625619204,9.92208832054122,9.867656298249754,9.906536102294922,110600,0.0,0.0
2024-02-12 00:00:00-05:00,9.937639690459285,9.960968017578125,9.91431210491102,9.960968017578125,135800,0.0,0.0
2024-02-13 00:00:00-05:00,9.929863312504972,9.984294587102065,9.890983512833976,9.968742370605469,149100,0.0,0.0
2024-02-14 00:00:00-05:00,10.00329080963971,10.1132173538208,9.995438753166777,10.1132173538208,171300,0.124,0.0
2024-02-15 00:00:00-05:00,10.113217810000945,10.121069866828062,10.05825490983783,10.105365753173828,160400,0.0,0.0
2024-02-16 00:00:00-05:00,10.10536620970871,10.136773689622736,10.05040330706251,10.097514152526855,134800,0.0,0.0
2024-02-20 00:00:00-05:00,10.058255195617676,10.113218097342422,10.034699024467034,10.058255195617676,134700,0.0,0.0
2024-02-21 00:00:00-05:00,10.073958396911621,10.176032890462613,10.050402974957812,10.073958396911621,298800,0.0,0.0
2024-02-22 00:00:00-05:00,10.105366584449431,10.144626123001185,9.979736660134549,10.003292083740234,179200,0.0,0.0
2024-02-23 00:00:00-05:00,10.042551498146105,10.0661069214606,9.869809979941863,9.901217460632324,297400,0.0,0.0
2024-02-26 00:00:00-05:00,9.924773339748564,9.948328762367625,9.885513802841203,9.893365859985352,127800,0.0,0.0
2024-02-27 00:00:00-05:00,9.901217460632324,9.932624941322786,9.87766203731783,9.901217460632324,170500,0.0,0.0
2024-02-28 00:00:00-05:00,9.948329886631873,9.948329886631873,9.893366978038221,9.932625770568848,154800,0.0,0.0
2024-02-29 00:00:00-05:00,10.003292454317585,10.04255199432373,9.979737029839274,10.04255199432373,150700,0.0,0.0
2024-03-01 00:00:00-05:00,10.07395748578113,10.152476550276722,10.050402065957769,10.089661598205566,226800,0.0,0.0
2024-03-04 00:00:00-05:00,10.113218097342422,10.1446255767299,10.058255195617676,10.058255195617676,248600,0.0,0.0
2024-03-05 00:00:00-05:00,10.097514979975642,10.160329944951116,10.0739595553132,10.128922462463379,160600,0.0,0.0
2024-03-06 00:00:00-05:00,10.16818050732554,10.183884620666504,10.152477142797915,10.183884620666504,106200,0.0,0.0
2024-03-07 00:00:00-05:00,10.207441329956055,10.238848811787998,10.19958927229471,10.207441329956055,149600,0.0,0.0
2024-03-08 00:00:00-05:00,10.207441248965589,10.254552845746415,10.121070861816406,10.121070861816406,229300,0.0,0.0
2024-03-11 00:00:00-04:00,10.06610420241898,10.152475312597366,10.058252895977203,10.136771202087402,309500,0.0,0.0
2024-03-12 00:00:00-04:00,10.144625912439317,10.215292930603027,10.13677385512926,10.215292930603027,181500,0.0,0.0
2024-03-13 00:00:00-04:00,10.246700286865234,10.28595982412639,10.19958869238917,10.246700286865234,128400,0.0,0.0
2024-03-14 00:00:00-04:00,10.257797809890436,10.281579957320643,10.186453635590222,10.234016418457031,98600,0.124,0.0
2024-03-15 00:00:00-04:00,10.234016418457031,10.249871183410502,10.210235027023627,10.234016418457031,85100,0.0,0.0
2024-03-18 00:00:00-04:00,10.249872020074523,10.313289573071375,10.249872020074523,10.29743480682373,164400,0.0,0.0
2024-03-19 00:00:00-04:00,10.305360442581952,10.305360442581952,10.178525358094268,10.202306747436523,152400,0.0,0.0
2024-03-20 00:00:00-04:00,10.22608573851105,10.24194049835205,10.170595591060673,10.24194049835205,151500,0.0,0.0
2024-03-21 00:00:00-04:00,10.265724289680367,10.273651671460032,10.194379365656859,10.202306747436523,161300,0.0,0.0
2024-03-22 00:00:00-04:00,10.249872327850328,10.2577989552153,10.091327684600671,10.186454772949219,145900,0.0,0.0
2024-03-25 00:00:00-04:00,10.18645330690356,10.23401608823566,10.154744534016567,10.178525924682617,107600,0.0,0.0
2024-03-26 00:00:00-04:00,10.210235410233324,10.297434352759751,10.210235410233324,10.257798194885254,108400,0.0,0.0
2024-03-27 00:00:00-04:00,10.329143583322155,10.344998349569801,10.249872020074523,10.29743480682373,126900,0.0,0.0
2024-03-28 00:00:00-04:00,10.329139409487867,10.344994169328867,10.24194049835205,10.24194049835205,305000,0.0,0.0
2024-04-01 00:00:00-04:00,10.297432459076635,10.321214603025929,10.25779630849117,10.305359840393066,128700,0.0,0.0
2024-04-02 00:00:00-04:00,10.297434758156523,10.39256108720222,10.249871971632107,10.376707077026367,213400,0.0,0.0
2024-04-03 00:00:00-04:00,10.321214038260969,10.368776811563594,10.305359276495661,10.329140663146973,152000,0.0,0.0
2024-04-04 00:00:00-04:00,10.344996613827412,10.368778003211837,10.226088154911805,10.249870300292969,131800,0.0,0.0
2024-04-05 00:00:00-04:00,10.265724289680367,10.265724289680367,10.202306747436523,10.202306747436523,130900,0.0,0.0
2024-04-08 00:00:00-04:00,10.24987208891123,10.329143652691238,10.210235929022792,10.313289642333984,134400,0.0,0.0
2024-04-09 00:00:00-04:00,10.337071548069087,10.352926315208812,10.273653991504,10.32121753692627,96600,0.0,0.0
2024-04-10 00:00:00-04:00,10.305362072276694,10.384634390616027,10.289507306210085,10.360852241516113,124400,0.0,0.0
2024-04-11 00:00:00-04:00,10.384635230312613,10.479761566413567,10.368780462963995,10.471834182739258,180400,0.0,0.0
2024-04-12 00:00:00-04:00,10.459028924916508,10.515045667418729,10.194952503504755,10.322989463806152,187800,0.124,0.0
2024-04-15 00:00:00-04:00,10.363000037206607,10.371002537114013,10.194951354953076,10.218958854675293,137400,0.0,0.0
2024-04-16 00:00:00-04:00,10.218959067684624,10.266972541809082,10.170944830399755,10.266972541809082,147700,0.0,0.0
2024-04-17 00:00:00-04:00,10.298984427256388,10.338996174755781,10.258972679756996,10.274977684020996,104600,0.0,0.0
2024-04-18 00:00:00-04:00,10.314987506877907,10.354998483751164,10.306985006239069,10.330991744995117,72400,0.0,0.0
2024-04-19 00:00:00-04:00,10.362999587381637,10.43502055710129,10.354997087821594,10.403011322021484,106800,0.0,0.0
2024-04-22 00:00:00-04:00,10.45102585160096,10.531048559981992,10.427018352242305,10.48303508758545,101700,0.0,0.0
2024-04-23 00:00:00-04:00,10.491037144363519,10.57106061834699,10.491037144363519,10.555055618286133,86200,0.0,0.0
2024-04-24 00:00:00-04:00,10.563057903907517,10.563057903907517,10.49903943128435,10.507041931152344,142900,0.0,0.0
2024-04-25 00:00:00-04:00,10.467032330330413,10.47503483183098,10.3950113431464,10.443025588989258,89100,0.0,0.0
2024-04-26 00:00:00-04:00,10.49904135184839,10.49904135184839,10.451027870178223,10.451027870178223,81800,0.0,0.0
2024-04-29 00:00:00-04:00,10.443023056661332,10.491036527700858,10.371002086941678,10.403011322021484,179900,0.0,0.0
2024-04-30 00:00:00-04:00,10.403011322021484,10.427018057541247,10.354997087821594,10.403011322021484,142100,0.0,0.0
2024-05-01 00:00:00-04:00,10.443023893885615,10.499039868976022,10.411014656239606,10.491037368774414,145500,0.0,0.0
2024-05-02 00:00:00-04:00,10.49103810287612,10.499040603637695,10.371003644094385,10.499040603637695,119500,0.0,0.0
2024-05-03 00:00:00-04:00,10.49103810287612,10.499040603637695,10.467031363751868,10.499040603637695,84200,0.0,0.0
2024-05-06 00:00:00-04:00,10.539053420443555,10.539053420443555,10.411016447826198,10.467032432556152,152300,0.0,0.0
2024-05-07 00:00:00-04:00,10.515044644454806,10.58706485524744,10.475032907463069,10.555055618286133,139100,0.0,0.0
2024-05-08 00:00:00-04:00,10.579064472764209,10.611073713823505,10.547055231704912,10.603071212768555,126900,0.0,0.0
2024-05-09 00:00:00-04:00,10.627077110964798,10.635079611385843,10.54705439623569,10.571061134338379,110700,0.0,0.0
2024-05-10 00:00:00-04:00,10.571063142590505,10.603072387195237,10.571063142590505,10.595069885253906,57000,0.0,0.0
2024-05-13 00:00:00-04:00,10.579064460118973,10.675092183182079,10.579064460118973,10.659087181091309,135900,0.0,0.0
2024-05-14 00:00:00-04:00,10.694628560359732,10.726938586178605,10.670396233578524,10.710783958435059,111900,0.124,0.0
2024-05-15 00:00:00-04:00,10.759248611997476,10.759248611997476,10.63808620775965,10.710783958435059,122600,0.0,0.0
2024-05-16 00:00:00-04:00,10.735012547984352,10.735012547984352,10.613850185927367,10.638082504272461,82900,0.0,0.0
2024-05-17 00:00:00-04:00,10.68655086132207,10.726938586178605,10.66231853454086,10.710783958435059,156100,0.0,0.0
2024-05-20 00:00:00-04:00,10.70270253341372,10.70270253341372,10.62192711182139,10.638082504272461,105400,0.0,0.0
2024-05-21 00:00:00-04:00,10.670396465959813,10.72693881979128,10.621931041010129,10.686551094055176,238000,0.0,0.0
2024-05-22 00:00:00-04:00,10.718861273292378,10.735015900456917,10.630008127726278,10.670395851135254,102400,0.0,0.0
2024-05-23 00:00:00-04:00,10.678474122264705,10.694628750295156,10.621930998328644,10.630008697509766,75400,0.0,0.0
2024-05-24 00:00:00-04:00,10.670394923157383,10.670394923157383,10.565387159559009,10.605774879455566,82900,0.0,0.0
2024-05-28 00:00:00-04:00,10.61385265420365,10.630007280080006,10.541154911930827,10.597697257995605,83400,0.0,0.0
2024-05-29 00:00:00-04:00,10.581543103842527,10.581543103842527,10.428069914351047,10.444225311279297,180700,0.0,0.0
2024-05-30 00:00:00-04:00,10.484614372253418,10.525002102367608,10.403839682356917,10.484614372253418,174600,0.0,0.0
2024-05-31 00:00:00-04:00,10.549235343933105,10.57346767419344,10.468459882622806,10.549235343933105,120200,0.0,0.0
2024-06-03 00:00:00-04:00,10.549235343933105,10.557312273798624,10.476537582820216,10.549235343933105,141900,0.0,0.0
2024-06-04 00:00:00-04:00,10.5088472366333,10.516924936541198,10.452304107609882,10.5088472366333,88800,0.0,0.0
2024-06-05 00:00:00-04:00,10.500766655058408,10.573464393615723,10.46037893693416,10.573464393615723,106100,0.0,0.0
2024-06-06 00:00:00-04:00,10.541154886064705,10.662317276000977,10.541154886064705,10.662317276000977,120500,0.0,0.0
2024-06-07 00:00:00-04:00,10.630006637849066,10.702704375729727,10.589618920100738,10.646162033081055,134500,0.0,0.0
2024-06-10 00:00:00-04:00,10.67039458510794,10.67039458510794,10.58961914787388,10.621929168701172,109500,0.0,0.0
2024-06-11 00:00:00-04:00,10.646162599352122,10.646162599352122,10.54115483575375,10.605774879455566,150500,0.0,0.0
2024-06-12 00:00:00-04:00,10.710782303724972,10.710782303724972,10.54115450179877,10.621929168701172,226900,0.0,0.0
2024-06-13 00:00:00-04:00,10.662316757223746,10.662316757223746,10.549232070873835,10.573464393615723,239700,0.0,0.0
2024-06-14 00:00:00-04:00,10.617503009237964,10.625657182116102,10.462562059069974,10.4951810836792,122100,0.124,0.0
2024-06-17 00:00:00-04:00,10.51964436834088,10.617502212524414,10.487025346179312,10.617502212524414,106200,0.0,0.0
2024-06-18 00:00:00-04:00,10.64196599030465,10.64196599030465,10.519644077308755,10.568572998046875,89600,0.0,0.0
2024-06-20 00:00:00-04:00,10.576729516630188,10.658276693024513,10.503336513486046,10.584883689880371,128100,0.0,0.0
2024-06-21 00:00:00-04:00,10.609347050079121,10.609347050079121,10.527799107459,10.560418128967285,81500,0.0,0.0
2024-06-24 00:00:00-04:00,10.576729638527093,10.65012264251709,10.576729638527093,10.65012264251709,107000,0.0,0.0
2024-06-25 00:00:00-04:00,10.674585469773424,10.674585469773424,10.58488257418615,10.601192474365234,92600,0.0,0.0
2024-06-26 00:00:00-04:00,10.60934688813685,10.617501837814148,10.535953896438782,10.576727867126465,93500,0.0,0.0
2024-06-27 00:00:00-04:00,10.601193007803221,10.625657081604004,10.54410990970177,10.625657081604004,156500,0.0,0.0
2024-06-28 00:00:00-04:00,10.674586139482926,10.674586139482926,10.53595509005856,10.552264213562012,273100,0.0,0.0
2024-07-01 00:00:00-04:00,10.576729638527093,10.666431766904347,10.576729638527093,10.65012264251709,197400,0.0,0.0
2024-07-02 00:00:00-04:00,10.674584924651214,10.74797791631142,10.666429974978122,10.69904899597168,235900,0.0,0.0
2024-07-03 00:00:00-04:00,10.699049772935693,10.845835766915695,10.6501216267416,10.83768081665039,123000,0.0,0.0
2024-07-05 00:00:00-04:00,10.813217378004376,10.837681452536819,10.69905040068813,10.731669425964355,181300,0.0,0.0
2024-07-08 00:00:00-04:00,10.731666072502108,10.772440035780951,10.731666072502108,10.76428508758545,131100,0.0,0.0
2024-07-09 00:00:00-04:00,10.780594983976453,10.829523117752133,10.723511124306606,10.76428508758545,140800,0.0,0.0
2024-07-10 00:00:00-04:00,10.796904102668792,10.796904102668792,10.707202005614267,10.76428508758545,158500,0.0,0.0
2024-07-11 00:00:00-04:00,10.796907424926758,10.845836351456757,10.764288399806391,10.796907424926758,120900,0.0,0.0
2024-07-12 00:00:00-04:00,10.796904979213306,10.837678945802375,10.764285961481797,10.772440910339355,107600,0.0,0.0
2024-07-15 00:00:00-04:00,10.833358558309994,10.997999110778458,10.833358558309994,10.956839561462402,315000,0.124,0.0
2024-07-16 00:00:00-04:00,10.948608045388578,11.047392383255966,10.932143596543282,11.022696495056152,241700,0.0,0.0
2024-07-17 00:00:00-04:00,10.99799930477691,11.113248086071799,10.948607530699169,11.096783638000488,247200,0.0,0.0
2024-07-18 00:00:00-04:00,11.12971316619677,11.195569392085782,10.99799992935061,11.014464378356934,238300,0.0,0.0
2024-07-19 00:00:00-04:00,11.05562433450851,11.162640894154306,11.014463998480416,11.137944221496582,1159400,0.0,0.0
2024-07-22 00:00:00-04:00,11.146175025337369,11.170870909779936,11.08031881011185,11.11324691772461,100900,0.0,0.0
2024-07-23 00:00:00-04:00,11.12971089668141,11.12971089668141,11.047390238572495,11.088550567626953,141900,0.0,0.0
2024-07-24 00:00:00-04:00,11.0720883493585,11.129713135654354,11.030928012023788,11.06385612487793,124300,0.0,0.0
2024-07-25 00:00:00-04:00,11.088553288097168,11.187337631022867,11.0720888384088,11.146177291870117,115700,0.0,0.0
2024-07-26 00:00:00-04:00,11.162641985362445,11.269657770401496,11.146177535314475,11.187337875366211,152200,0.0,0.0
2024-07-29 00:00:00-04:00,11.195569855867053,11.236729409951632,11.146177291870117,11.146177291870117,237800,0.0,0.0
2024-07-30 00:00:00-04:00,11.187338938147343,11.24496294865306,11.154410819991467,11.179106712341309,241300,0.0,0.0
2024-07-31 00:00:00-04:00,11.236727272218248,11.253191718774335,11.137942948085792,11.162639617919922,198200,0.0,0.0
2024-08-01 00:00:00-04:00,11.195569855867053,11.228497970175619,11.0556251737886,11.146177291870117,196900,0.0,0.0
2024-08-02 00:00:00-04:00,11.08855293834556,11.08855293834556,10.882752034141282,10.899215698242188,325200,0.0,0.0
2024-08-05 00:00:00-04:00,10.75103964907216,10.75103964907216,10.010155918209067,10.372365951538086,519600,0.0,0.0
2024-08-06 00:00:00-04:00,10.413525258998103,10.56993438313229,10.413525258998103,10.545238494873047,145900,0.0,0.0
2024-08-07 00:00:00-04:00,10.58639600503539,10.709876992650749,10.58639600503539,10.602860450744629,107000,0.0,0.0
2024-08-08 00:00:00-04:00,10.602862331389536,10.759270668029785,10.602862331389536,10.759270668029785,148600,0.0,0.0
2024-08-09 00:00:00-04:00,10.718110762258375,10.775734760420594,10.693414090130485,10.72634220123291,130300,0.0,0.0
2024-08-12 00:00:00-04:00,10.75927094446303,10.808663506552621,10.701646942915291,10.751039505004883,92700,0.0,0.0
2024-08-13 00:00:00-04:00,10.75927020474497,10.783966876625898,10.69341398319867,10.734574317932129,193200,0.0,0.0
2024-08-14 00:00:00-04:00,10.709879245169237,10.759271022549152,10.66871890730721,10.685182571411133,178300,0.0,0.0
2024-08-15 00:00:00-04:00,10.738374649156631,10.779931984874098,10.646949144690405,10.680194854736328,162800,0.124,0.0
2024-08-16 00:00:00-04:00,10.663572341716407,10.763309478759766,10.663572341716407,10.763309478759766,91400,0.0,0.0
2024-08-19 00:00:00-04:00,10.74668731797524,10.779933031248222,10.68019589142928,10.696818351745605,155000,0.0,0.0
2024-08-20 00:00:00-04:00,10.688505796443522,10.721751506827472,10.646949252943777,10.65526008605957,229900,0.0,0.0
2024-08-21 00:00:00-04:00,10.663572341716407,10.763309478759766,10.663572341716407,10.763309478759766,117600,0.0,0.0
2024-08-22 00:00:00-04:00,10.788243481056494,10.80486673342141,10.721752056877433,10.746686935424805,86900,0.0,0.0
2024-08-23 00:00:00-04:00,10.771621704101562,10.804867418298405,10.754998450682967,10.771621704101562,72600,0.0,0.0
2024-08-26 00:00:00-04:00,10.804866215481908,10.83811192597778,10.73006316870613,10.754997253417969,115100,0.0,0.0
2024-08-27 00:00:00-04:00,10.788243507520646,10.813178386129186,10.696817997210239,10.705129623413086,150400,0.0,0.0
2024-08-28 00:00:00-04:00,10.730063354295877,10.754997439438982,10.688506017297186,10.713440895080566,108900,0.0,0.0
2024-08-29 00:00:00-04:00,10.73006400979606,10.78824380956427,10.72175238336051,10.779932975769043,95200,0.0,0.0
2024-08-30 00:00:00-04:00,10.796554188896238,10.879668858370575,10.77993173058551,10.846423149108887,163400,0.0,0.0
2024-09-03 00:00:00-04:00,10.82980090345534,10.871358242050148,10.763309478759766,10.763309478759766,150400,0.0,0.0
2024-09-04 00:00:00-04:00,10.738375309242347,10.796555107238952,10.730063683059889,10.746686935424805,97400,0.0,0.0
2024-09-05 00:00:00-04:00,10.746686420274196,10.779932130770069,10.746686420274196,10.754997253417969,83000,0.0,0.0
2024-09-06 00:00:00-04:00,10.779932647514336,10.80486673342141,10.721752056877433,10.746686935424805,118000,0.0,0.0
2024-09-09 00:00:00-04:00,10.78824283137875,10.821489334106445,10.730063036885786,10.821489334106445,68100,0.0,0.0
2024-09-10 00:00:00-04:00,10.846421947534719,10.854733572089431,10.796552992846587,10.829798698425293,66200,0.0,0.0
2024-09-11 00:00:00-04:00,10.86304759979248,10.879670853792284,10.804867796073927,10.86304759979248,121300,0.0,0.0
2024-09-12 00:00:00-04:00,10.879670741555081,10.929538917759283,10.846425026538824,10.887982368469238,108800,0.0,0.0
2024-09-13 00:00:00-04:00,10.929536775908518,11.037585526697237,10.929536775908518,11.012651443481445,161100,0.0,0.0
2024-09-16 00:00:00-04:00,11.057960216682595,11.091520002463929,10.990840645119931,11.016010284423828,89600,0.124,0.0
2024-09-17 00:00:00-04:00,11.041178348744413,11.133468346574556,10.965668641475494,11.125078201293945,129600,0.0,0.0
2024-09-18 00:00:00-04:00,11.125077617742981,11.141857107295767,11.049567914434823,11.074737548828125,75500,0.0,0.0
2024-09-19 00:00:00-04:00,11.141859281071724,11.141859281071724,10.999229991468958,11.016010284423828,123600,0.0,0.0
2024-09-20 00:00:00-04:00,11.074736572233919,11.09990620440771,10.999226875584368,11.041176795959473,83100,0.0,0.0
2024-09-23 00:00:00-04:00,11.032785931593455,11.049566218699283,10.965666383426399,10.982446670532227,108500,0.0,0.0
2024-09-24 00:00:00-04:00,10.948889096815996,11.032788148821707,10.923719461227112,11.024398803710938,84300,0.0,0.0
2024-09-25 00:00:00-04:00,11.041178668853693,11.057958959901416,10.948889468476166,10.974059104919434,106600,0.0,0.0
2024-09-26 00:00:00-04:00,10.974060352165061,11.03278977725029,10.974060352165061,11.016010284423828,118200,0.0,0.0
2024-09-27 00:00:00-04:00,11.016010284423828,11.03278977725029,10.932110419906293,11.016010284423828,121400,0.0,0.0
2024-09-30 00:00:00-04:00,11.024398280041519,11.09151783850916,11.016008135201002,11.074737548828125,148600,0.0,0.0
2024-10-01 00:00:00-04:00,11.091517858439525,11.133467782589245,11.074737568728336,11.108297348022461,150300,0.0,0.0
2024-10-02 00:00:00-04:00,11.116686864577817,11.200586708135347,11.049567309783075,11.183806419372559,134300,0.0,0.0
2024-10-03 00:00:00-04:00,11.175415863719838,11.183806007792464,11.09151682337812,11.16702651977539,107700,0.0,0.0
2024-10-04 00:00:00-04:00,11.234148449471999,11.326437653416596,11.20058866620775,11.2844877243042,195800,0.0,0.0
2024-10-07 00:00:00-04:00,11.33482525653584,11.544574054916763,11.30965482463785,11.359994888305664,250400,0.0,0.0
2024-10-08 00:00:00-04:00,11.43550816794726,11.477458100797346,11.376778742034192,11.41872787475586,69100,0.0,0.0
2024-10-09 00:00:00-04:00,11.469067967160557,11.527797393139982,11.318048528780979,11.452287673950195,134300,0.0,0.0
2024-10-10 00:00:00-04:00,11.485846127803654,11.519405910202787,11.45228634540452,11.502626419067383,176200,0.0,0.0
2024-10-11 00:00:00-04:00,11.527796305061996,11.56135608818668,11.41033746418977,11.443897247314453,121500,0.0,0.0
2024-10-14 00:00:00-04:00,11.469067601491407,11.55296746461139,11.427117669931414,11.536187171936035,146600,0.0,0.0
2024-10-15 00:00:00-04:00,11.573437467811583,11.607302651033029,11.522639289274588,11.564970970153809,164500,0.124,0.0
2024-10-16 00:00:00-04:00,11.581903407491136,11.581903407491136,11.421043189381749,11.45490837097168,102900,0.0,0.0
2024-10-17 00:00:00-04:00,11.514173284535902,11.514173284535902,11.429509925089901,11.505706787109375,77600,0.0,0.0
2024-10-18 00:00:00-04:00,11.514174980821872,11.573438856719138,11.4887754848004,11.539573669433594,51500,0.0,0.0
2024-10-21 00:00:00-04:00,11.556504487109219,11.632701351306235,11.522639303844953,11.60730266571045,149800,0.0,0.0
2024-10-22 00:00:00-04:00,11.607302680281203,11.708898230201537,11.564970999295314,11.64963436126709,130500,0.0,0.0
2024-10-23 00:00:00-04:00,11.658099153736982,11.675031339208902,11.573435804148762,11.615767478942871,87500,0.0,0.0
2024-10-24 00:00:00-04:00,11.649635632535512,11.75123119354248,11.564972261324831,11.75123119354248,95400,0.0,0.0
2024-10-25 00:00:00-04:00,11.751231620054233,11.785096808285696,11.641169556449537,11.683501243591309,96500,0.0,0.0
2024-10-28 00:00:00-04:00,11.725831316965792,11.77662868861711,11.64963445207915,11.700431823730469,139000,0.0,0.0
2024-10-29 00:00:00-04:00,11.691967716961102,11.700433408443143,11.488775780606415,11.556506156921387,143500,0.0,0.0
2024-10-30 00:00:00-04:00,11.590370203575596,11.675033569335938,11.539572830047147,11.675033569335938,135000,0.0,0.0
2024-10-31 00:00:00-04:00,11.658100858946199,11.691966042252979,11.581903994653533,11.64963436126709,119800,0.0,0.0
2024-11-01 00:00:00-04:00,11.700430683129685,11.785094037508141,11.64963331643028,11.776627540588379,120200,0.0,0.0
2024-11-04 00:00:00-05:00,11.793561188923752,11.844358558442208,11.708897829846814,11.759696006774902,123300,0.0,0.0
2024-11-05 00:00:00-05:00,11.7850950215549,11.88669057084645,11.751229838457718,11.861291885375977,122200,0.0,0.0
2024-11-06 00:00:00-05:00,11.945955623595953,11.945955623595953,11.768163192859072,11.869759559631348,158400,0.0,0.0
2024-11-07 00:00:00-05:00,11.903621975490559,11.945952843148378,11.85282380392781,11.920554161071777,117000,0.0,0.0
2024-11-08 00:00:00-05:00,11.954417852605225,11.996749522406853,11.861288824969199,11.895153999328613,131000,0.0,0.0
2024-11-11 00:00:00-05:00,11.929020051509418,12.039082078129015,11.929020051509418,12.022149085998535,198800,0.0,0.0
2024-11-12 00:00:00-05:00,11.962884855032092,11.996750030826705,11.87822151184082,11.87822151184082,144500,0.0,0.0
2024-11-13 00:00:00-05:00,11.945951863430045,11.996750030826705,11.844356336046207,11.87822151184082,164100,0.0,0.0
2024-11-14 00:00:00-05:00,11.85282589587785,11.954421449524784,11.79356202476956,11.844359397888184,151300,0.0,0.0
2024-11-15 00:00:00-05:00,11.873400389047466,11.916110626487498,11.805064334995425,11.890484809875488,116200,0.124,0.0
2024-11-18 00:00:00-05:00,11.916110687380066,12.06132500664022,11.890484870637104,12.018614768981934,220900,0.0,0.0
2024-11-19 00:00:00-05:00,12.018613446675031,12.027155656192868,11.933193795386494,11.992987632751465,78100,0.0,0.0
2024-11-20 00:00:00-05:00,12.035699128393581,12.035699128393581,11.873400389047466,11.890484809875488,125800,0.0,0.0
2024-11-21 00:00:00-05:00,11.916112174550262,11.916112174550262,11.839233900096692,11.864860534667969,104600,0.0,0.0
2024-11-22 00:00:00-05:00,11.916110626487498,11.95882086392753,11.856316782849468,11.890484809875488,104800,0.0,0.0
2024-11-25 00:00:00-05:00,11.933194829530281,11.933194829530281,11.839232145951062,11.856316566467285,164100,0.0,0.0
2024-11-26 00:00:00-05:00,11.873399954406972,11.873399954406972,11.805063902856457,11.822148323059082,70000,0.0,0.0
2024-11-27 00:00:00-05:00,11.873400389047466,11.975905284755552,11.796522939211437,11.890484809875488,140100,0.0,0.0
2024-11-29 00:00:00-05:00,11.950280340281843,11.967364763521312,11.907570096813311,11.94173812866211,105400,0.0,0.0
2024-12-02 00:00:00-05:00,11.941736940195039,12.010073811721744,11.873400883298391,12.001531600952148,202500,0.0,0.0
2024-12-03 00:00:00-05:00,11.967364420241458,12.138204574584961,11.916111966623351,12.138204574584961,172000,0.0,0.0
2024-12-04 00:00:00-05:00,12.104036481655612,12.121120089687313,12.03570042026859,12.095494270324707,106600,0.0,0.0
2024-12-05 00:00:00-05:00,12.061325223001031,12.086951040203678,12.01007358859574,12.052783012390137,73400,0.0,0.0
2024-12-06 00:00:00-05:00,12.11257793298727,12.2748758649406,12.044241875887968,12.223624229431152,355000,0.0,0.0
2024-12-09 00:00:00-05:00,12.146747148511915,12.20654100065932,12.138204936882246,12.163830757141113,157900,0.0,0.0
2024-12-10 00:00:00-05:00,12.14674604638512,12.215082103961768,12.14674604638512,12.172371864318848,107700,0.0,0.0
2024-12-11 00:00:00-05:00,12.20653907211468,12.283417335375216,12.172371045624443,12.257791519165039,122100,0.0,0.0
2024-12-12 00:00:00-05:00,12.215083483980724,12.28341954927775,12.163831027692876,12.24070930480957,146800,0.0,0.0
2024-12-13 00:00:00-05:00,12.27487535791941,12.385921649776456,12.197997093200684,12.197997093200684,238000,0.0,0.0
2024-12-16 00:00:00-05:00,12.26176312606973,12.425483548935963,12.23591283574145,12.322081565856934,208300,0.124,0.0
2024-12-17 00:00:00-05:00,12.296231341968625,12.296231341968625,12.16697824609701,12.1755952835083,166300,0.0,0.0
2024-12-18 00:00:00-05:00,12.175593410678223,12.253145091919134,12.003256797790527,12.003256797790527,152900,0.0,0.0
2024-12-19 00:00:00-05:00,12.063575577620204,12.089425866620662,11.917089237007833,11.93432331085205,209900,0.0,0.0
2024-12-20 00:00:00-05:00,11.934324419527782,12.132511356552252,11.908473306359936,12.063576698303223,175300,0.0,0.0
2024-12-23 00:00:00-05:00,12.106658157092841,12.210060119628906,12.072190836247486,12.210060119628906,130100,0.0,0.0
2024-12-24 00:00:00-05:00,12.210061082093489,12.296229801882047,12.192827009429452,12.23591136932373,85000,0.0,0.0
2024-12-26 00:00:00-05:00,12.270380008102663,12.322081409870643,12.175595063588254,12.218679428100586,142800,0.0,0.0
2024-12-27 00:00:00-05:00,12.227297044910783,12.253148159640416,12.063577427119768,12.106661796569824,164600,0.0,0.0
2024-12-30 00:00:00-05:00,12.089425513184937,12.089425513184937,11.934322961950768,11.97740650177002,195400,0.0,0.0
2024-12-31 00:00:00-05:00,11.960172115102482,12.003256472598613,11.805068756822717,11.848153114318848,273600,0.0,0.0
2025-01-02 00:00:00-05:00,11.908472632700787,11.934323744406244,11.76198628676681,11.822304725646973,191100,0.0,0.0
2025-01-03 00:00:00-05:00,11.822303665312916,11.848153952933975,11.555181287342531,11.598265647888184,367500,0.0,0.0
2025-01-06 00:00:00-05:00,11.658584072368921,11.839537741863158,11.53794884055002,11.546565055847168,196900,0.0,0.0
2025-01-07 00:00:00-05:00,11.529332524470858,11.658584801435548,11.520715486868962,11.537949562072754,150100,0.0,0.0
2025-01-08 00:00:00-05:00,11.537949209828422,11.59826682766837,11.512098097811949,11.581032752990723,187000,0.0,0.0
2025-01-10 00:00:00-05:00,11.477632384270514,11.54656704914326,11.348380093075622,11.400080680847168,305900,0.0,0.0
2025-01-13 00:00:00-05:00,11.279444840355245,11.44316445545398,11.270827802253736,11.38284683227539,393000,0.0,0.0
2025-01-14 00:00:00-05:00,11.460398896875336,11.48624919023767,11.331145786531646,11.391464233398438,297900,0.0,0.0
2025-01-15 00:00:00-05:00,11.51671993067233,11.551513613894576,11.360148770945646,11.429736137390137,261900,0.124,0.0
2025-01-16 00:00:00-05:00,11.412338074984108,11.48192543651384,11.264464724346734,11.334052085876465,340800,0.0,0.0
2025-01-17 00:00:00-05:00,11.342751338373509,11.394942277169614,11.21227523570349,11.351449966430664,1626900,0.0,0.0
2025-01-21 00:00:00-05:00,11.351449966430664,11.412338703737095,11.325354911806027,11.351449966430664,216000,0.0,0.0
2025-01-22 00:00:00-05:00,11.394940526419436,11.46452788109143,11.307955918306092,11.34274959564209,291200,0.0,0.0
2025-01-23 00:00:00-05:00,11.351449953409368,11.386243636051251,11.212275222841843,11.26446533203125,341100,0.0,0.0
2025-01-24 00:00:00-05:00,11.264465351339544,11.394942283630371,11.255766723277457,11.394942283630371,138200,0.0,0.0
2025-01-27 00:00:00-05:00,11.394941939411787,11.42973562106226,11.290560064913562,11.32535457611084,192700,0.0,0.0
2025-01-28 00:00:00-05:00,11.351449959945057,11.3688463865026,11.255766710464671,11.307957649230957,111300,0.0,0.0
2025-01-29 00:00:00-05:00,11.281862758980035,11.342751497138728,11.273164130801122,11.299259185791016,94600,0.0,0.0
2025-01-30 00:00:00-05:00,11.325355698446417,11.403640867757888,11.281863384686563,11.360149383544922,135100,0.0,0.0
2025-01-31 00:00:00-05:00,11.394942454167891,11.49932350383463,11.394942454167891,11.429736137390137,185900,0.0,0.0
2025-02-03 00:00:00-05:00,11.421036702562022,11.421036702562022,11.307957032689512,11.334052085876465,188100,0.0,0.0
2025-02-04 00:00:00-05:00,11.360147968610201,11.394941649375069,11.316655660267424,11.334052085876465,150300,0.0,0.0
2025-02-05 00:00:00-05:00,11.368846056013828,11.368846056013828,11.307957320512202,11.32535457611084,171900,0.0,0.0
2025-02-06 00:00:00-05:00,11.342751497138728,11.342751497138728,11.281862758980035,11.299259185791016,161200,0.0,0.0
2025-02-07 00:00:00-05:00,11.316656442148837,11.334052868959818,11.273164130801122,11.299259185791016,192700,0.0,0.0
2025-02-10 00:00:00-05:00,11.307955918306092,11.36014684908344,11.299257291585418,11.34274959564209,93400,0.0,0.0
2025-02-11 00:00:00-05:00,11.351450142753373,11.438433936035567,11.351450142753373,11.429736137390137,138100,0.0,0.0
2025-02-12 00:00:00-05:00,11.429738083603892,11.516721891697369,11.429738083603892,11.508023262023926,210000,0.0,0.0
2025-02-13 00:00:00-05:00,11.516721891697369,11.551515580844155,11.455833143077236,11.508023262023926,131100,0.0,0.0
2025-02-14 00:00:00-05:00,11.555437088012695,11.643244696694236,11.511533283671925,11.555437088012695,148100,0.124,0.0
2025-02-18 00:00:00-05:00,11.555438103667274,11.581780053628872,11.485192345506023,11.537877082824707,96400,0.0,0.0
2025-02-19 00:00:00-05:00,11.572999019839823,11.572999019839823,11.406164729740881,11.432507514953613,227000,0.0,0.0
2025-02-20 00:00:00-05:00,11.450068422395201,11.493972226591657,11.353480723079329,11.397383689880371,149000,0.0,0.0
2025-02-21 00:00:00-05:00,11.4412894724326,11.4412894724326,11.353482686252105,11.3798246383667,101400,0.0,0.0
2025-02-24 00:00:00-05:00,11.441288006489122,11.450068935200761,11.309577425396347,11.371042251586914,137300,0.0,0.0
2025-02-25 00:00:00-05:00,11.388603598957411,11.406164618198744,11.309576918882872,11.397383689880371,174700,0.0,0.0
2025-02-26 00:00:00-05:00,11.388603210449219,11.450068031790211,11.362260426392748,11.388603210449219,99400,0.0,0.0
2025-02-27 00:00:00-05:00,11.388603654728286,11.441287550105699,11.36226086964416,11.414945602416992,111200,0.0,0.0
2025-02-28 00:00:00-05:00,11.432506502284058,11.450067520141602,11.37982177392073,11.450067520141602,170700,0.0,0.0
2025-03-03 00:00:00-05:00,11.450067965600566,11.476409912109375,11.414945091123693,11.476409912109375,156600,0.0,0.0
2025-03-04 00:00:00-05:00,11.432507976764203,11.476410945768015,11.35348129272461,11.35348129272461,198000,0.0,0.0
2025-03-05 00:00:00-05:00,11.335920826578672,11.458851332106036,11.335920826578672,11.3798246383667,107600,0.0,0.0
2025-03-06 00:00:00-05:00,11.379822282430395,11.432507013147951,11.344699407750486,11.388603210449219,91700,0.0,0.0
2025-03-07 00:00:00-05:00,11.353479384698435,11.432506055457083,11.344698457415182,11.423725128173828,135700,0.0,0.0
2025-03-10 00:00:00-04:00,11.371041798005535,11.414945602416992,11.309576974266747,11.414945602416992,81100,0.0,0.0
2025-03-11 00:00:00-04:00,11.414945555544877,11.414945555544877,11.32713794708252,11.32713794708252,160400,0.0,0.0
2025-03-12 00:00:00-04:00,11.388603598957411,11.414945546517119,11.318357847201247,11.397383689880371,108500,0.0,0.0
2025-03-13 00:00:00-04:00,11.406164627219558,11.441287503125418,11.32713794708252,11.32713794708252,114200,0.0,0.0
2025-03-14 00:00:00-04:00,11.357284030608458,11.410479265118282,11.295221796316318,11.321820259094238,105100,0.124,0.0
2025-03-17 00:00:00-04:00,11.348417924132828,11.366149387203093,11.268624226509104,11.33068561553955,150300,0.0,0.0
2025-03-18 00:00:00-04:00,11.357282443581568,11.357282443581568,11.286354064941406,11.286354064941406,73300,0.0,0.0
2025-03-19 00:00:00-04:00,11.339551722089844,11.375015493604062,11.295221796316318,11.321820259094238,140400,0.0,0.0
2025-03-20 00:00:00-04:00,11.348415532447397,11.392745449065021,11.321817920685955,11.357281684875488,109800,0.0,0.0
2025-03-21 00:00:00-04:00,11.339550732253658,11.348416885739033,11.259757041931152,11.259757041931152,127100,0.0,0.0
2025-03-24 00:00:00-04:00,11.304088077637942,11.330685695191821,11.250891997007166,11.268624305725098,138500,0.0,0.0
2025-03-25 00:00:00-04:00,11.32181880064387,11.419343948364258,11.31295264752668,11.419343948364258,105400,0.0,0.0
2025-03-26 00:00:00-04:00,11.4370756149292,11.463674074759506,11.383880386314411,11.4370756149292,99200,0.0,0.0
2025-03-27 00:00:00-04:00,11.437074520159813,11.445940672587906,11.312951768257864,11.357281684875488,109900,0.0,0.0
2025-03-28 00:00:00-04:00,11.375014028301209,11.437075409075739,11.35728256758973,11.419343948364258,97600,0.0,0.0
2025-03-31 00:00:00-04:00,11.428209668672775,11.46367343427555,11.383879750288587,11.45480728149414,167000,0.0,0.0
2025-04-01 00:00:00-04:00,11.481406130762776,11.481406130762776,11.392747129969466,11.410478591918945,127100,0.0,0.0
2025-04-02 00:00:00-04:00,11.410478230076624,11.410478230076624,11.348416846937065,11.383880615234375,135700,0.0,0.0
2025-04-03 00:00:00-04:00,11.304088077637942,11.330685695191821,11.242026688171217,11.268624305725098,124700,0.0,0.0
2025-04-04 00:00:00-04:00,11.206561817436793,11.206561817436793,10.319966761024725,10.417491912841797,761700,0.0,0.0
2025-04-07 00:00:00-04:00,10.107183971728032,10.399760292005428,9.663886414274645,10.009658813476562,469000,0.0,0.0
2025-04-08 00:00:00-04:00,10.142646909348104,10.559346815871423,10.071719373623656,10.275636672973633,293000,0.0,0.0
2025-04-09 00:00:00-04:00,10.328831505839489,11.268622586426774,10.319966198356155,10.763263702392578,385300,0.0,0.0
2025-04-10 00:00:00-04:00,10.710067783013404,10.710067783013404,10.497285180958995,10.585944175720215,244300,0.0,0.0
2025-04-11 00:00:00-04:00,10.674605445982312,10.798729069903192,10.488420432862497,10.745532989501953,135100,0.0,0.0
2025-04-14 00:00:00-04:00,10.949448338923546,10.949448338923546,10.798727124713178,10.869654655456543,109800,0.0,0.0
2025-04-15 00:00:00-04:00,10.92697636995107,10.971759231524395,10.882193508377748,10.935933113098145,118800,0.124,0.0
2025-04-16 00:00:00-04:00,10.926977780074997,10.953847158821663,10.783673287876582,10.846368789672852,65700,0.0,0.0
2025-04-17 00:00:00-04:00,10.882193889472717,10.918020009153599,10.828455137032426,10.837411880493164,81300,0.0,0.0
2025-04-21 00:00:00-04:00,10.84636766223522,10.87323789235098,10.703063184932747,10.774715423583984,95000,0.0,0.0
2025-04-22 00:00:00-04:00,10.873239187730496,10.89115182244629,10.819499575258787,10.855325698852539,50100,0.0,0.0
2025-04-23 00:00:00-04:00,10.971761634729424,11.088196758658672,10.971761634729424,11.025501251220703,144600,0.0,0.0
2025-04-24 00:00:00-04:00,11.115065344735212,11.12402208920343,11.034456352845567,11.097152709960938,186200,0.0,0.0
2025-04-25 00:00:00-04:00,11.141935916870262,11.168806153151738,11.034457534231132,11.05237102508545,126300,0.0,0.0
2025-04-28 00:00:00-04:00,11.088193546139808,11.088193546139808,10.953844970916768,11.007584571838379,138500,0.0,0.0
2025-04-29 00:00:00-04:00,11.052370632385228,11.070283268440837,11.007587761002867,11.025501251220703,106300,0.0,0.0
2025-04-30 00:00:00-04:00,11.025498808229083,11.177759170532227,10.99862857885614,11.177759170532227,121800,0.0,0.0
2025-05-01 00:00:00-04:00,11.231498884230078,11.276281746124674,11.159846646863542,11.240455627441406,105600,0.0,0.0
2025-05-02 00:00:00-04:00,11.2852388883622,11.303151521256169,11.213586648462165,11.267325401306152,85700,0.0,0.0
2025-05-05 00:00:00-04:00,11.25837033466962,11.32106669454209,11.222544209383438,11.249414443969727,59800,0.0,0.0
2025-05-06 00:00:00-04:00,11.231500460899333,11.285240073549183,11.186717592718152,11.222543716430664,83100,0.0,0.0
2025-05-07 00:00:00-04:00,11.25836865777813,11.267325401306152,11.19567316140612,11.267325401306152,71200,0.0,0.0
2025-05-08 00:00:00-04:00,11.294194611549347,11.303151354945584,11.150890133857812,11.258368492126465,111800,0.0,0.0
2025-05-09 00:00:00-04:00,11.285239285489794,11.330021296381636,11.231499676592634,11.294195175170898,50200,0.0,0.0
2025-05-12 00:00:00-04:00,11.392718152072248,11.46437039765693,11.330021796564044,11.446456909179688,126300,0.0,0.0
2025-05-13 00:00:00-04:00,11.446458190730533,11.473328426454803,11.40167531868566,11.464371681213379,69700,0.0,0.0
2025-05-14 00:00:00-04:00,11.50915241241455,11.536021788978545,11.464369548699839,11.50915241241455,80000,0.0,0.0
2025-05-15 00:00:00-04:00,11.494682419593678,11.576076846706805,11.349981599163645,11.467551231384277,167000,0.124,0.0
2025-05-16 00:00:00-04:00,11.44041919708252,11.485638419152929,11.386156820585967,11.44041919708252,87600,0.0,0.0
2025-05-19 00:00:00-04:00,11.349981756189399,11.422332167405377,11.241456139365432,11.286674499511719,216000,0.0,0.0
2025-05-20 00:00:00-04:00,11.30476251680365,11.368068910902572,11.277631328259103,11.313806533813477,100700,0.0,0.0
2025-05-21 00:00:00-04:00,11.322848111442836,11.35902330920367,11.277628898620605,11.277628898620605,97300,0.0,0.0
2025-05-22 00:00:00-04:00,11.331893474078285,11.395200729370117,11.223367859630034,11.395200729370117,154600,0.0,0.0
2025-05-23 00:00:00-04:00,11.36806995382288,11.386157989501953,11.286675518237082,11.386157989501953,64800,0.0,0.0
2025-05-27 00:00:00-04:00,11.458507122177034,11.467551139002284,11.331893474078285,11.395200729370117,88500,0.0,0.0
2025-05-28 00:00:00-04:00,11.431376042656376,11.44041919708252,11.33189358160449,11.44041919708252,97800,0.0,0.0
2025-05-29 00:00:00-04:00,11.467549107553692,11.548943519592285,11.349979497107364,11.548943519592285,134100,0.0,0.0
2025-05-30 00:00:00-04:00,11.548944592231228,11.557987745809497,11.395199769097706,11.494681358337402,95700,0.0,0.0
2025-06-02 00:00:00-04:00,11.485638494063052,11.557988904853612,11.395200911817316,11.539901733398438,100200,0.0,0.0
2025-06-03 00:00:00-04:00,11.539900569600901,11.594162940979004,11.467550166106872,11.594162940979004,102400,0.0,0.0
2025-06-04 00:00:00-04:00,11.557990296285775,11.59416550603608,11.476595858726327,11.503727912902832,78800,0.0,0.0
2025-06-05 00:00:00-04:00,11.521812537484973,11.594162940979004,11.512768521427008,11.594162940979004,180700,0.0,0.0
2025-06-06 00:00:00-04:00,11.612253299584198,11.612253299584198,11.557990054849732,11.585122108459473,74700,0.0,0.0
2025-06-09 00:00:00-04:00,11.612250854530547,11.666513225354615,11.603206838564924,11.648426055908203,95700,0.0,0.0
2025-06-10 00:00:00-04:00,11.648427225405124,11.702689601677111,11.612252020395493,11.66651439666748,72600,0.0,0.0
2025-06-11 00:00:00-04:00,11.693647275214078,11.738865637813946,11.66651522267218,11.720778465270996,101300,0.0,0.0
2025-06-12 00:00:00-04:00,11.729821942454105,11.802172354263071,11.72077792535675,11.78408432006836,128500,0.0,0.0
2025-06-13 00:00:00-04:00,11.787736459374967,11.824259233525353,11.732952733535202,11.796867370605469,82100,0.124,0.0
2025-06-16 00:00:00-04:00,11.815127087859008,11.83338890841203,11.69642873735049,11.705558776855469,67500,0.0,0.0
2025-06-17 00:00:00-04:00,11.705560770026402,11.760345370242414,11.687299817135516,11.723822593688965,64900,0.0,0.0
2025-06-18 00:00:00-04:00,11.751213068651172,11.751213068651172,11.687298434934434,11.732952117919922,44800,0.0,0.0
2025-06-20 00:00:00-04:00,11.778604068853241,11.805996799104456,11.732951259977575,11.769474029541016,79200,0.0,0.0
2025-06-23 00:00:00-04:00,11.805996805528975,11.824257754934877,11.72382035627364,11.787734985351562,109700,0.0,0.0
2025-06-24 00:00:00-04:00,11.824259324600048,11.833390235900879,11.77860563886752,11.833390235900879,74000,0.0,0.0
2025-06-25 00:00:00-04:00,11.869911428147597,11.869911428147597,11.732951259977575,11.769474029541016,247200,0.0,0.0
2025-06-26 00:00:00-04:00,11.805996989977915,11.869911620054395,11.751212399361268,11.842519760131836,157700,0.0,0.0
2025-06-27 00:00:00-04:00,11.879044102942753,11.9064359664917,11.860782280062361,11.9064359664917,115600,0.0,0.0
2025-06-30 00:00:00-04:00,11.952088969075827,12.00687269303924,11.897304374340823,11.997742652893066,245400,0.0,0.0
2025-07-01 00:00:00-04:00,12.043395563007662,12.061657384990385,11.970350016619976,12.052526473999023,166600,0.0,0.0
2025-07-02 00:00:00-04:00,12.070786908171536,12.070786908171536,12.006871409352144,12.06165599822998,61700,0.0,0.0
2025-07-03 00:00:00-04:00,12.089048906465699,12.171225361528622,12.052526134301242,12.098179817199707,52300,0.0,0.0
2025-07-07 00:00:00-04:00,12.098180684165834,12.098180684165834,12.03426604599075,12.07991886138916,83000,0.0,0.0
2025-07-08 00:00:00-04:00,12.098181293491194,12.134704070112376,12.070789428718228,12.12557315826416,113600,0.0,0.0
2025-07-09 00:00:00-04:00,12.162094450794614,12.162094450794614,12.079917995731691,12.098179817199707,169700,0.0,0.0
2025-07-10 00:00:00-04:00,12.125571678630157,12.171225361528622,12.079917995731691,12.098179817199707,90700,0.0,0.0
2025-07-11 00:00:00-04:00,12.125572547559207,12.125572547559207,12.061657909384124,12.07991886138916,113400,0.0,0.0
2025-07-14 00:00:00-04:00,12.09817947877899,12.15296407087898,12.03426484697196,12.14383316040039,118400,0.0,0.0
2025-07-15 00:00:00-04:00,12.165952569717431,12.184386253356934,12.138302923224595,12.184386253356934,105800,0.124,0.0
2025-07-16 00:00:00-04:00,12.184386900829955,12.184386900829955,12.073787430014983,12.156736373901367,145900,0.0,0.0
2025-07-17 00:00:00-04:00,12.119870071808597,12.156736562652661,12.101437265869803,12.138303756713867,75400,0.0,0.0
2025-07-18 00:00:00-04:00,12.165954055492136,12.184387741382864,12.092221069862275,12.1751708984375,112600,0.0,0.0
2025-07-21 00:00:00-04:00,12.184385411186186,12.184385411186186,12.138302084239074,12.1659517288208,73300,0.0,0.0
2025-07-22 00:00:00-04:00,12.184386253356934,12.184386253356934,12.138302923224595,12.184386253356934,63700,0.0,0.0
2025-07-23 00:00:00-04:00,12.20281821458522,12.212035055767913,12.147518925421767,12.1659517288208,52800,0.0,0.0
2025-07-24 00:00:00-04:00,12.184386253356934,12.184386253356934,12.138302923224595,12.184386253356934,62100,0.0,0.0
2025-07-25 00:00:00-04:00,12.175169411537182,12.21203589984977,12.147519765044345,12.184386253356934,91600,0.0,0.0
2025-07-28 00:00:00-04:00,12.193602028866293,12.212035712222576,12.138302736730243,12.202818870544434,98200,0.0,0.0
2025-07-29 00:00:00-04:00,12.193603053496725,12.212036738401995,12.110654108322437,12.138303756713867,70900,0.0,0.0
2025-07-30 00:00:00-04:00,12.184385411186186,12.184385411186186,12.129085243056382,12.1659517288208,119400,0.0,0.0
2025-07-31 00:00:00-04:00,12.20281905803002,12.21203589984977,12.110653276731757,12.184386253356934,116900,0.0,0.0
2025-08-01 00:00:00-04:00,12.184385411186186,12.184385411186186,12.110652439657349,12.1659517288208,99400,0.0,0.0
2025-08-04 00:00:00-04:00,12.184386253356934,12.20281905803002,12.147519765044345,12.184386253356934,128700,0.0,0.0
2025-08-05 00:00:00-04:00,12.184385411186186,12.20281821458522,12.138302084239074,12.1659517288208,56200,0.0,0.0
2025-08-06 00:00:00-04:00,12.202821424155703,12.2396879196167,12.147522120447498,12.2396879196167,83000,0.0,0.0
2025-08-07 00:00:00-04:00,12.230468738133299,12.230468738133299,12.156734887638107,12.1659517288208,72700,0.0,0.0
2025-08-08 00:00:00-04:00,12.147519996776333,12.221252974808076,12.147519996776333,12.2120361328125,57000,0.0,0.0
2025-08-11 00:00:00-04:00,12.23046939557886,12.23046939557886,12.202818870544434,12.202818870544434,81000,0.0,0.0
2025-08-12 00:00:00-04:00,12.202818758219644,12.22125244140625,12.165952270812827,12.22125244140625,87300,0.0,0.0
2025-08-13 00:00:00-04:00,12.230470657348633,12.239686621011149,12.20282012946161,12.230470657348633,64200,0.0,0.0
2025-08-14 00:00:00-04:00,12.23046939557886,12.2396853582906,12.184386066154552,12.202818870544434,68700,0.0,0.0
2025-08-15 00:00:00-04:00,12.243756361594945,12.262364320167752,12.225149290298441,12.253060340881348,41200,0.124,0.0
2025-08-18 00:00:00-04:00,12.243756361594945,12.271667412177854,12.141415251273418,12.253060340881348,94500,0.0,0.0
2025-08-19 00:00:00-04:00,12.271667412177854,12.280971391464256,12.234452382308543,12.253060340881348,115400,0.0,0.0
2025-08-20 00:00:00-04:00,12.27166727602639,12.280971255209566,12.225149154663086,12.225149154663086,71300,0.0,0.0
2025-08-21 00:00:00-04:00,12.243756428837207,12.271667479573402,12.178630348027319,12.262364387512207,44300,0.0,0.0
2025-08-22 00:00:00-04:00,12.28097261363165,12.327491627416803,12.28097261363165,12.308883666992188,69900,0.0,0.0
2025-08-25 00:00:00-04:00,12.308882645334277,12.346098563094527,12.290275573730469,12.290275573730469,96100,0.0,0.0
2025-08-26 00:00:00-04:00,12.290275909490854,12.355401992797852,12.280971929796614,12.355401992797852,61800,0.0,0.0
2025-08-27 00:00:00-04:00,12.355401241630348,12.383313179016113,12.32749019152087,12.383313179016113,42700,0.0,0.0
2025-08-28 00:00:00-04:00,12.411223686219458,12.467045783996582,12.383312637330896,12.467045783996582,161200,0.0,0.0
2025-08-29 00:00:00-04:00,12.374008110389477,12.43913418400285,12.346097062737488,12.364704132080078,197300,0.0,0.0
2025-09-02 00:00:00-04:00,12.355401992797852,12.40192100399271,12.327490940991472,12.355401992797852,113000,0.0,0.0
2025-09-03 00:00:00-04:00,12.336794170649457,12.383313179016113,12.32749019152087,12.383313179016113,68000,0.0,0.0
2025-09-04 00:00:00-04:00,12.355401174229586,12.374009132385254,12.3088821661167,12.374009132385254,78800,0.0,0.0
2025-09-05 00:00:00-04:00,12.374008452633497,12.476349555038837,12.327489447076077,12.420527458190918,119000,0.0,0.0
2025-09-08 00:00:00-04:00,12.448439258363662,12.448439258363662,12.355401241630348,12.383313179016113,106800,0.0,0.0
2025-09-09 00:00:00-04:00,12.364704132080078,12.374008110389477,12.299578058466706,12.364704132080078,144400,0.0,0.0
2025-09-10 00:00:00-04:00,12.355399877730036,12.355399877730036,12.299577783673222,12.318184852600098,100300,0.0,0.0
2025-09-11 00:00:00-04:00,12.346097673258184,12.346097673258184,12.280970709148042,12.299578666687012,110200,0.0,0.0
2025-09-12 00:00:00-04:00,12.308882847394,12.32749080657959,12.280971795891949,12.32749080657959,68600,0.0,0.0
2025-09-15 00:00:00-04:00,12.303071963300127,12.48151306577209,12.303071963300127,12.387596130371094,128400,0.124,0.0
2025-09-16 00:00:00-04:00,12.38759654164952,12.425163137925505,12.340638968048268,12.350029945373535,85700,0.0,0.0
2025-09-17 00:00:00-04:00,12.36881305822555,12.378204930728387,12.284287997016541,12.321854591369629,88800,0.0,0.0
2025-09-18 00:00:00-04:00,12.340639202874202,12.359422053540454,12.303072605883374,12.331247329711914,61100,0.0,0.0
2025-09-19 00:00:00-04:00,12.331246288336425,12.350029137416463,12.2936796945181,12.340638160705566,60800,0.0,0.0
2025-09-22 00:00:00-04:00,12.350029137416463,12.359421009785605,12.303071566887244,12.340638160705566,77000,0.0,0.0
2025-09-23 00:00:00-04:00,12.359421273892575,12.368813146462411,12.26550523516901,12.31246280670166,98500,0.0,0.0
2025-09-24 00:00:00-04:00,12.34063916136484,12.34063916136484,12.227939370771438,12.246722221374512,90400,0.0,0.0
2025-09-25 00:00:00-04:00,12.274896223615352,12.293679968772675,12.19976303430259,12.227938652038574,134500,0.0,0.0
2025-09-26 00:00:00-04:00,12.190372072460441,12.199763945740765,12.134022624095165,12.143414497375488,143800,0.0,0.0
2025-09-29 00:00:00-04:00,12.124631143267486,12.246722812888585,12.124631143267486,12.190372467041016,104900,0.0,0.0
2025-09-30 00:00:00-04:00,12.152805868362089,12.20915621420966,12.152805868362089,12.190372467041016,188500,0.0,0.0
2025-10-01 00:00:00-04:00,12.19037070526749,12.218546321948468,12.162195984244745,12.18097972869873,141000,0.0,0.0
2025-10-02 00:00:00-04:00,12.171589221558127,12.199763945740765,12.143414497375488,12.143414497375488,65700,0.0,0.0
2025-10-03 00:00:00-04:00,12.115239468599187,12.134023216076235,12.087064743041992,12.087064743041992,114400,0.0,0.0
2025-10-06 00:00:00-04:00,12.08706278600029,12.08706278600029,11.842879482285158,12.002537727355957,181000,0.0,0.0
2025-10-07 00:00:00-04:00,12.058889195926723,12.190371836674792,12.03071447228904,12.16219711303711,199900,0.0,0.0
2025-10-08 00:00:00-04:00,12.237328936892201,12.246720808939717,12.143412903391685,12.199762344360352,216500,0.0,0.0
2025-10-09 00:00:00-04:00,12.152805474997479,12.209155819021088,12.087064153351879,12.143414497375488,174100,0.0,0.0
2025-10-10 00:00:00-04:00,12.171588543760848,12.171588543760848,12.03071403503418,12.03071403503418,97700,0.0,0.0
2025-10-13 00:00:00-04:00,12.124629653063097,12.162196247124818,11.96497140438622,12.152804374694824,103500,0.0,0.0
2025-10-14 00:00:00-04:00,12.087062288689076,12.115237008525218,11.927404050187269,12.049495697021484,66100,0.0,0.0
2025-10-15 00:00:00-04:00,12.072256657186218,12.129156931435906,12.034323442486151,12.09122371673584,108900,0.124,0.0
2025-10-16 00:00:00-04:00,12.091223941039313,12.091223941039313,11.948974609375,11.948974609375,127600,0.0,0.0
2025-10-17 00:00:00-04:00,11.939491256420808,11.967940942295584,11.797241018248517,11.806724548339844,204200,0.0,0.0
2025-10-20 00:00:00-04:00,11.854139187617971,11.930005606066802,11.80672244998769,11.816205978393555,218000,0.0,0.0
2025-10-21 00:00:00-04:00,11.759307743709067,11.90155798117281,11.749825118064182,11.854141235351562,94100,0.0,0.0
2025-10-22 00:00:00-04:00,11.854140666049835,11.892073880005228,11.816207452094442,11.835173606872559,89700,0.0,0.0
2025-10-23 00:00:00-04:00,11.82569098168308,11.930007093960622,11.806723922505803,11.835173606872559,132600,0.0,0.0
2025-10-24 00:00:00-04:00,11.844656560824092,11.911040360319221,11.82569040696771,11.86362361907959,94600,0.0,0.0
2025-10-27 00:00:00-04:00,11.920522985047855,11.986906784542983,11.844656560824092,11.86362361907959,134700,0.0,0.0
2025-10-28 00:00:00-04:00,11.901557160676914,11.939490373838948,11.844656888734296,11.892073631286621,122900,0.0,0.0
2025-10-29 00:00:00-04:00,11.90155683119147,11.920522985047855,11.81620687783996,11.86362361907959,140400,0.0,0.0
2025-10-30 00:00:00-04:00,11.806724813919852,11.901558308167894,11.78775865770978,11.882591247558594,107600,0.0,0.0
2025-10-31 00:00:00-04:00,11.96793889449088,12.034321784973145,11.901556004008615,12.034321784973145,151200,0.0,0.0
2025-11-03 00:00:00-05:00,12.005874039135202,12.053290784722147,11.901557922363281,11.901557922363281,77900,0.0,0.0
2025-11-04 00:00:00-05:00,11.90155683119147,11.977423255415234,11.85414008995184,11.86362361907959,310600,0.0,0.0
2025-11-05 00:00:00-05:00,11.854140666049835,11.88259035041659,11.82569098168308,11.835173606872559,104900,0.0,0.0
2025-11-06 00:00:00-05:00,11.873106244429701,11.901555925248251,11.797238921581824,11.816205978393555,160000,0.0,0.0
2025-11-07 00:00:00-05:00,11.844657688923784,11.844657688923784,11.683441295994063,11.72137451171875,186200,0.0,0.0
2025-11-10 00:00:00-05:00,11.778274787505381,11.8731082790167,11.692924826025035,11.72137451171875,149400,0.0,0.0
2025-11-11 00:00:00-05:00,11.740341571780695,11.787758317536353,11.692924826025035,11.72137451171875,88500,0.0,0.0
2025-11-12 00:00:00-05:00,11.740340147353066,11.759306300714691,11.607573456225328,11.654990196228027,100000,0.0,0.0
2025-11-13 00:00:00-05:00,11.664473586056095,11.664473586056095,11.58860716471582,11.617056846618652,129300,0.0,0.0
2025-11-14 00:00:00-05:00,11.592150751476652,11.601730346679688,11.572989733775355,11.601730346679688,192800,0.124,0.0
2025-11-17 00:00:00-05:00,11.58256997243331,11.620891093294354,11.544248851572268,11.572989463806152,85400,0.0,0.0
2025-11-18 00:00:00-05:00,11.54424761517085,11.62088984868447,11.381382640542533,11.448444366455078,268500,0.0,0.0
2025-11-19 00:00:00-05:00,11.486766062451679,11.486766062451679,11.352642603863185,11.410123825073242,140100,0.0,0.0
2025-11-20 00:00:00-05:00,11.477186175330184,11.477186175330184,11.266420467959966,11.2760009765625,265600,0.0,0.0
2025-11-21 00:00:00-05:00,11.256838524145088,11.314320654783907,11.189776799772691,11.228097915649414,274500,0.0,0.0
2025-11-24 00:00:00-05:00,11.275998878387917,11.352641105651855,11.15145503067216,11.352641105651855,239000,0.0,0.0
2025-11-25 00:00:00-05:00,11.343060873963921,11.41012259603463,11.314320266454681,11.38138198852539,166800,0.0,0.0
2025-11-26 00:00:00-05:00,11.343062199178776,11.4580255562944,11.343062199178776,11.41970443725586,222200,0.0,0.0
2025-11-28 00:00:00-05:00,11.410123080845564,11.448444197035279,11.381382472115147,11.42928409576416,139600,0.0,0.0
2025-12-01 00:00:00-05:00,11.38138341062904,11.4388646328298,11.218518424980962,11.237678527832031,359700,0.0,0.0
2025-12-02 00:00:00-05:00,11.266419884023462,11.266419884023462,11.103554900812,11.218518257141113,259300,0.0,0.0
2025-12-03 00:00:00-05:00,11.237677106183073,11.295159234759476,11.151455283789629,11.285578727722168,279600,0.0,0.0
2025-12-04 00:00:00-05:00,11.333480366911695,11.38138198852539,11.237677123684303,11.38138198852539,216600,0.0,0.0
2025-12-05 00:00:00-05:00,11.381383998656876,11.381383998656876,11.276001143412428,11.295161247253418,207200,0.0,0.0
2025-12-08 00:00:00-05:00,11.295161078025602,11.295161078025602,11.113135982849151,11.180197715759277,691000,0.0,0.0
2025-12-09 00:00:00-05:00,11.141875739140993,11.18977736481763,11.06523350351738,11.093974113464355,269800,0.0,0.0
2025-12-10 00:00:00-05:00,11.093973811784563,11.189777060532649,11.074813710223442,11.161035537719727,265800,0.0,0.0
2025-12-11 00:00:00-05:00,11.103554423339354,11.180196657596342,11.084393407951357,11.170616149902344,256000,0.0,0.0
2025-12-12 00:00:00-05:00,11.17061577067373,11.17061577067373,11.084393031649899,11.132294654846191,148600,0.0,0.0
2025-12-15 00:00:00-05:00,11.161036698557764,11.208938327913962,11.132296086403079,11.180197715759277,292800,0.0,0.0
2025-12-16 00:00:00-05:00,11.18977743849549,11.218518048631704,11.161035914711752,11.199357032775879,295200,0.0,0.0
2025-12-17 00:00:00-05:00,11.18977764647072,11.237678359705528,11.180197138364742,11.218518257141113,145900,0.0,0.0
2025-12-18 00:00:00-05:00,11.218518152975518,11.256839271396071,11.199357136941474,11.208937644958496,279100,0.0,0.0
2025-12-19 00:00:00-05:00,11.237678263243069,11.333481516185406,11.208937652819381,11.304740905761719,335700,0.0,0.0
2025-12-22 00:00:00-05:00,11.308613997516142,11.424798274063843,11.308613997516142,11.33765983581543,434900,0.124,0.0
2025-12-23 00:00:00-05:00,11.347341687561258,11.405433362101128,11.318294926940805,11.327977180480957,234300,0.0,0.0
2025-12-24 00:00:00-05:00,11.318295147570723,11.38607000032241,11.318295147570723,11.357023239135742,104100,0.0,0.0
2025-12-26 00:00:00-05:00,11.405432626694374,11.50225330915198,11.39575129712898,11.473207473754883,203500,0.0,0.0
2025-12-29 00:00:00-05:00,11.49257164525489,11.502253898666979,11.347341537475586,11.347341537475586,403400,0.0,0.0
2025-12-30 00:00:00-05:00,11.376387374361345,11.444161301544952,11.250520850055711,11.347341537475586,589900,0.0,0.0
2025-12-31 00:00:00-05:00,11.33765877695859,11.444160789676479,11.308612941371976,11.40543270111084,619400,0.0,0.0
2026-01-02 00:00:00-05:00,11.366706143948852,11.405434237732216,11.357023889665363,11.395752906799316,326200,0.0,0.0
2026-01-05 00:00:00-05:00,11.415116378184937,11.463526725769043,11.347342445577535,11.463526725769043,281800,0.0,0.0
2026-01-06 00:00:00-05:00,11.492571056236129,11.511935562067833,11.46352522083903,11.473207473754883,302300,0.0,0.0
2026-01-07 00:00:00-05:00,11.482889647981082,11.550664500026988,11.482889647981082,11.540982246398926,311300,0.0,0.0
2026-01-08 00:00:00-05:00,11.492571792981662,11.608756065368652,11.492571792981662,11.608756065368652,207400,0.0,0.0
2026-01-09 00:00:00-05:00,11.61843849975959,11.61843849975959,11.540982316962568,11.58939266204834,114600,0.0,0.0
2026-01-12 00:00:00-05:00,11.599073228998957,11.73462200164795,11.540981557399727,11.73462200164795,335600,0.0,0.0
2026-01-13 00:00:00-05:00,11.744305678537373,11.812079611403313,11.666849491447561,11.792716026306152,318100,0.0,0.0
2026-01-14 00:00:00-05:00,11.792715624865954,11.792715624865954,11.686212678730032,11.78303337097168,296600,0.0,0.0
2026-01-15 00:00:00-05:00,11.802397220181936,11.841125313277303,11.676531610134928,11.695895195007324,284000,0.0,0.0
2026-01-16 00:00:00-05:00,11.73462328810269,11.76366912708657,11.647484847800474,11.695895195007324,1250000,0.0,0.0
2026-01-20 00:00:00-05:00,11.641111734160061,11.690024156490521,11.621547324983993,11.670459747314453,134700,0.124,0.0
2026-01-21 00:00:00-05:00,11.699807385545137,11.768284220317554,11.670460303917944,11.719371795654297,154300,0.0,0.0
2026-01-22 00:00:00-05:00,11.768284719998903,11.768284719998903,11.680242538452148,11.680242538452148,94600,0.0,0.0
2026-01-23 00:00:00-05:00,11.719372532066071,11.729155204198818,11.67046103725626,11.699808120727539,132300,0.0,0.0
2026-01-26 00:00:00-05:00,11.719371492975377,11.719371492975377,11.56285248443693,11.611764907836914,234600,0.0,0.0
2026-01-27 00:00:00-05:00,11.64111222865242,11.660677571586445,11.572635394237125,11.631330490112305,132200,0.0,0.0
2026-01-28 00:00:00-05:00,11.660677331236899,11.670460002502272,11.582417826967676,11.611764907836914,74500,0.0,0.0
2026-01-29 00:00:00-05:00,11.631330407620904,11.631330407620904,11.474810464039459,11.543288230895996,272900,0.0,0.0
2026-01-30 00:00:00-05:00,11.55307139986168,11.55307139986168,11.455246547526015,11.504158973693848,190400,0.0,0.0
2026-02-02 00:00:00-05:00,11.562852214754423,11.572634885791635,11.396550538829288,11.425898551940918,293000,0.0,0.0
2026-02-03 00:00:00-05:00,11.455246925354004,11.465029597495619,11.376987414075014,11.455246925354004,143900,0.0,0.0
2026-02-04 00:00:00-05:00,11.465028522991556,11.474810261289461,11.376986347822276,11.445463180541992,159200,0.0,0.0
2026-02-05 00:00:00-05:00,11.435681005360294,11.445463677009416,11.376986841319393,11.406333923339844,136000,0.0,0.0
2026-02-06 00:00:00-05:00,11.396551588253462,11.455246686954661,11.396551588253462,11.435681343078613,152400,0.0,0.0
2026-02-09 00:00:00-05:00,11.47481133671027,11.484594008851884,11.347640330577134,11.455246925354004,149200,0.0,0.0
2026-02-10 00:00:00-05:00,11.47481133671027,11.47481133671027,11.425899841856124,11.455246925354004,98400,0.0,0.0
2026-02-11 00:00:00-05:00,11.50415823915881,11.523722648620605,11.455245816114012,11.523722648620605,131400,0.0,0.0
2026-02-12 00:00:00-05:00,11.523723024922774,11.54328836795034,11.445463518666317,11.474810600280762,119800,0.0,0.0
2026-02-13 00:00:00-05:00,11.51831336348497,11.51831336348497,11.439217722242581,11.498539924621582,136000,0.124,0.0
2026-02-17 00:00:00-05:00,11.409556736949321,11.449104556338105,11.350234536418952,11.360121726989746,296400,0.0,0.0
2026-02-18 00:00:00-05:00,11.379896613311955,11.389783804321663,11.320574410148133,11.370009422302246,131200,0.0,0.0
2026-02-19 00:00:00-05:00,11.330461853464895,11.379896866719829,11.271139648980084,11.281026840209961,237900,0.0,0.0
2026-02-20 00:00:00-05:00,11.241478415370095,11.330461245878457,11.23159122467041,11.23159122467041,132900,0.0,0.0
2026-02-23 00:00:00-05:00,11.221704774974551,11.221704774974551,11.112947565023479,11.152495384216309,279600,0.0,0.0
2026-02-24 00:00:00-05:00,11.152495888559882,11.162383079528809,11.1129480675786,11.162383079528809,236500,0.0,0.0
2026-02-25 00:00:00-05:00,11.221705282447944,11.221705282447944,11.132722449516455,11.162383079528809,175700,0.0,0.0
2026-02-26 00:00:00-05:00,11.211817991439279,11.221705182319985,11.093174529554057,11.122835159301758,184800,0.0,0.0
2026-02-27 00:00:00-05:00,11.093174780943633,11.132722602468258,11.014079137894381,11.033852577209473,143000,0.0,0.0
2026-03-02 00:00:00-05:00,11.033852631852694,11.073400453573173,10.984417618978483,11.053627014160156,222400,0.0,0.0
2026-03-03 00:00:00-05:00,11.033852533169275,11.053626915299882,10.954756890435723,11.014079093933105,233600,0.0,0.0
2026-03-04 00:00:00-05:00,11.033852381814834,11.142609596252441,11.014078942849903,11.142609596252441,142000,0.0,0.0
2026-03-05 00:00:00-05:00,11.172269969295263,11.172269969295263,11.033852128145286,11.043739318847656,223100,0.0,0.0
2026-03-06 00:00:00-05:00,11.043739468720192,11.043739468720192,10.875660996076546,10.91520881652832,237100,0.0,0.0
2026-03-09 00:00:00-04:00,10.875660739850801,10.88554793045441,10.687808832854182,10.816338539123535,304900,0.0,0.0
2026-03-10 00:00:00-04:00,10.836113480272202,10.915209123399453,10.806452849823094,10.846000671386719,136200,0.0,0.0
2026-03-11 00:00:00-04:00,10.875660996076546,10.91520881652832,10.836113175624773,10.91520881652832,234500,0.0,0.0
2026-03-12 00:00:00-04:00,10.934983505628486,11.023965396975813,10.796565658708577,10.846000671386719,211400,0.0,0.0
2026-03-13 00:00:00-04:00,10.9399995803833,10.960000038146973,10.569999694824219,10.649999618530273,378000,0.124,0.0
2026-03-16 00:00:00-04:00,10.75,10.819999694824219,10.6899995803833,10.800000190734863,298600,0.0,0.0
2026-03-17 00:00:00-04:00,10.859999656677246,10.880000114440918,10.819999694824219,10.850000381469727,155200,0.0,0.0
2026-03-18 00:00:00-04:00,10.869999885559082,10.930000305175781,10.84000015258789,10.899999618530273,115700,0.0,0.0
2026-03-19 00:00:00-04:00,10.859999656677246,10.930000305175781,10.819999694824219,10.920000076293945,104500,0.0,0.0
2026-03-20 00:00:00-04:00,10.920000076293945,10.930000305175781,10.84000015258789,10.84000015258789,146300,0.0,0.0
2026-03-23 00:00:00-04:00,10.970000267028809,10.970000267028809,10.8100004196167,10.84000015258789,171700,0.0,0.0
2026-03-24 00:00:00-04:00,10.850000381469727,10.869999885559082,10.6899995803833,10.829999923706055,161500,0.0,0.0
2026-03-25 00:00:00-04:00,10.899999618530273,10.899999618530273,10.779999732971191,10.84000015258789,133500,0.0,0.0
2026-03-26 00:00:00-04:00,10.84000015258789,10.84000015258789,10.65999984741211,10.6899995803833,99600,0.0,0.0
2026-03-27 00:00:00-04:00,10.699999809265137,10.699999809265137,10.5,10.539999961853027,137800,0.0,0.0
2026-03-30 00:00:00-04:00,10.569999694824219,10.640000343322754,10.539999961853027,10.609999656677246,184700,0.0,0.0
2026-03-31 00:00:00-04:00,10.640000343322754,11.029999732971191,10.619999885559082,11.020000457763672,277100,0.0,0.0
2026-04-01 00:00:00-04:00,11.050000190734863,11.069999694824219,10.979999542236328,11.0,158600,0.0,0.0
2026-04-02 00:00:00-04:00,10.930000305175781,10.9399995803833,10.770000457763672,10.800000190734863,208900,0.0,0.0
2026-04-06 00:00:00-04:00,10.84000015258789,10.925000190734863,10.75,10.920000076293945,150844,0.0,0.0
