Date,Open,High,Low,Close,Volume,Dividends,Stock Splits
2022-01-03 00:00:00-05:00,4.050000190734863,4.349999904632568,3.9100000858306885,4.289999961853027,273100,0.0,0.0
2022-01-04 00:00:00-05:00,4.289999961853027,4.289999961853027,4.085000038146973,4.239999771118164,126300,0.0,0.0
2022-01-05 00:00:00-05:00,4.190000057220459,4.340000152587891,4.050000190734863,4.119999885559082,296600,0.0,0.0
2022-01-06 00:00:00-05:00,4.099999904632568,4.150000095367432,3.9700000286102295,4.059999942779541,179400,0.0,0.0
2022-01-07 00:00:00-05:00,4.039999961853027,4.119999885559082,3.934999942779541,3.990000009536743,188600,0.0,0.0
2022-01-10 00:00:00-05:00,4.010000228881836,4.199999809265137,3.990000009536743,4.199999809265137,361100,0.0,0.0
2022-01-11 00:00:00-05:00,4.210000038146973,4.579999923706055,4.210000038146973,4.539999961853027,452800,0.0,0.0
2022-01-12 00:00:00-05:00,4.590000152587891,4.599999904632568,4.300000190734863,4.349999904632568,240900,0.0,0.0
2022-01-13 00:00:00-05:00,4.349999904632568,4.420000076293945,4.159999847412109,4.210000038146973,125200,0.0,0.0
2022-01-14 00:00:00-05:00,4.199999809265137,4.519999980926514,4.130000114440918,4.460000038146973,269900,0.0,0.0
2022-01-18 00:00:00-05:00,4.429999828338623,4.75,4.429999828338623,4.519999980926514,561400,0.0,0.0
2022-01-19 00:00:00-05:00,4.510000228881836,4.877999782562256,4.480000019073486,4.579999923706055,288800,0.0,0.0
2022-01-20 00:00:00-05:00,4.619999885559082,4.849999904632568,4.5,4.539999961853027,368000,0.0,0.0
2022-01-21 00:00:00-05:00,4.5,4.590000152587891,4.110000133514404,4.130000114440918,538200,0.0,0.0
2022-01-24 00:00:00-05:00,3.9059998989105225,4.099999904632568,3.5959999561309814,3.809999942779541,871800,0.0,0.0
2022-01-25 00:00:00-05:00,3.930000066757202,4.224999904632568,3.930000066757202,4.110000133514404,491000,0.0,0.0
2022-01-26 00:00:00-05:00,4.159999847412109,4.21999979019165,4.019999980926514,4.139999866485596,276800,0.0,0.0
2022-01-27 00:00:00-05:00,4.090000152587891,4.21999979019165,4.010000228881836,4.050000190734863,292400,0.0,0.0
2022-01-28 00:00:00-05:00,4.019999980926514,4.139999866485596,3.8949999809265137,4.119999885559082,310500,0.0,0.0
2022-01-31 00:00:00-05:00,4.159999847412109,4.650000095367432,4.150000095367432,4.639999866485596,1204900,0.0,0.0
2022-02-01 00:00:00-05:00,4.690000057220459,4.690000057220459,4.230000019073486,4.440000057220459,433100,0.0,0.0
2022-02-02 00:00:00-05:00,4.420000076293945,4.480000019073486,4.079999923706055,4.21999979019165,409100,0.0,0.0
2022-02-03 00:00:00-05:00,4.110000133514404,4.360000133514404,4.090000152587891,4.150000095367432,427000,0.0,0.0
2022-02-04 00:00:00-05:00,4.21999979019165,4.699999809265137,4.159999847412109,4.659999847412109,483100,0.0,0.0
2022-02-07 00:00:00-05:00,4.639999866485596,4.730000019073486,4.579999923706055,4.610000133514404,218000,0.0,0.0
2022-02-08 00:00:00-05:00,4.590000152587891,4.96999979019165,4.510000228881836,4.789999961853027,419900,0.0,0.0
2022-02-09 00:00:00-05:00,4.829999923706055,4.909999847412109,4.679999828338623,4.71999979019165,385700,0.0,0.0
2022-02-10 00:00:00-05:00,4.71999979019165,4.800000190734863,4.550000190734863,4.690000057220459,676500,0.0,0.0
2022-02-11 00:00:00-05:00,4.670000076293945,4.960000038146973,4.559999942779541,4.809999942779541,443200,0.0,0.0
2022-02-14 00:00:00-05:00,4.769999980926514,4.96999979019165,4.644999980926514,4.690000057220459,332700,0.0,0.0
2022-02-15 00:00:00-05:00,4.760000228881836,5.0,4.650000095367432,4.96999979019165,735000,0.0,0.0
2022-02-16 00:00:00-05:00,4.909999847412109,5.119999885559082,4.639999866485596,5.0,720000,0.0,0.0
2022-02-17 00:00:00-05:00,4.880000114440918,5.130000114440918,4.797999858856201,4.929999828338623,266900,0.0,0.0
2022-02-18 00:00:00-05:00,4.869999885559082,5.079999923706055,4.7729997634887695,4.929999828338623,273300,0.0,0.0
2022-02-22 00:00:00-05:00,4.96999979019165,5.320000171661377,4.929999828338623,5.090000152587891,312600,0.0,0.0
2022-02-23 00:00:00-05:00,5.199999809265137,5.230000019073486,4.940000057220459,4.980000019073486,226500,0.0,0.0
2022-02-24 00:00:00-05:00,4.730000019073486,5.1479997634887695,4.599999904632568,5.099999904632568,282200,0.0,0.0
2022-02-25 00:00:00-05:00,5.199999809265137,5.199999809265137,4.739999771118164,4.860000133514404,548600,0.0,0.0
2022-02-28 00:00:00-05:00,4.789999961853027,4.940000057220459,4.53000020980835,4.559999942779541,346900,0.0,0.0
2022-03-01 00:00:00-05:00,4.630000114440918,4.659999847412109,3.809999942779541,3.9000000953674316,1126600,0.0,0.0
2022-03-02 00:00:00-05:00,3.880000114440918,4.130000114440918,3.880000114440918,4.019999980926514,303100,0.0,0.0
2022-03-03 00:00:00-05:00,4.010000228881836,4.125,3.8399999141693115,3.8499999046325684,364800,0.0,0.0
2022-03-04 00:00:00-05:00,3.950000047683716,3.950000047683716,3.700000047683716,3.740000009536743,272500,0.0,0.0
2022-03-07 00:00:00-05:00,3.7899999618530273,4.09499979019165,3.7899999618530273,3.8399999141693115,513700,0.0,0.0
2022-03-08 00:00:00-05:00,3.890000104904175,4.150000095367432,3.7799999713897705,3.869999885559082,303500,0.0,0.0
2022-03-09 00:00:00-05:00,3.9700000286102295,4.199999809265137,3.940000057220459,4.070000171661377,310800,0.0,0.0
2022-03-10 00:00:00-05:00,3.9600000381469727,4.150000095367432,3.759999990463257,4.039999961853027,257000,0.0,0.0
2022-03-11 00:00:00-05:00,4.139999866485596,4.320000171661377,4.019999980926514,4.039999961853027,312900,0.0,0.0
2022-03-14 00:00:00-04:00,4.090000152587891,4.329999923706055,4.0,4.059999942779541,440800,0.0,0.0
2022-03-15 00:00:00-04:00,4.090000152587891,4.239999771118164,3.9000000953674316,3.940000057220459,319800,0.0,0.0
2022-03-16 00:00:00-04:00,3.940000057220459,4.300000190734863,3.930000066757202,4.260000228881836,836200,0.0,0.0
2022-03-17 00:00:00-04:00,4.260000228881836,4.610000133514404,4.260000228881836,4.599999904632568,954800,0.0,0.0
2022-03-18 00:00:00-04:00,4.519999980926514,4.619999885559082,4.360000133514404,4.449999809265137,789700,0.0,0.0
2022-03-21 00:00:00-04:00,4.349999904632568,4.650000095367432,4.349999904632568,4.570000171661377,774400,0.0,0.0
2022-03-22 00:00:00-04:00,4.610000133514404,4.840000152587891,4.570000171661377,4.710000038146973,658900,0.0,0.0
2022-03-23 00:00:00-04:00,4.650000095367432,4.900000095367432,4.650000095367432,4.659999847412109,234500,0.0,0.0
2022-03-24 00:00:00-04:00,4.71999979019165,4.75,4.489999771118164,4.53000020980835,443800,0.0,0.0
2022-03-25 00:00:00-04:00,4.550000190734863,4.550000190734863,4.170000076293945,4.369999885559082,532700,0.0,0.0
2022-03-28 00:00:00-04:00,4.429999828338623,4.710000038146973,4.429999828338623,4.639999866485596,406400,0.0,0.0
2022-03-29 00:00:00-04:00,4.659999847412109,4.739999771118164,4.579999923706055,4.670000076293945,264800,0.0,0.0
2022-03-30 00:00:00-04:00,4.650000095367432,4.849999904632568,4.519999980926514,4.78000020980835,196000,0.0,0.0
2022-03-31 00:00:00-04:00,4.760000228881836,4.900000095367432,4.760000228881836,4.849999904632568,219300,0.0,0.0
2022-04-01 00:00:00-04:00,4.889999866485596,5.119999885559082,4.867000102996826,4.889999866485596,403900,0.0,0.0
2022-04-04 00:00:00-04:00,4.909999847412109,5.150000095367432,4.860000133514404,5.059999942779541,284900,0.0,0.0
2022-04-05 00:00:00-04:00,5.059999942779541,5.150000095367432,4.739999771118164,4.840000152587891,368800,0.0,0.0
2022-04-06 00:00:00-04:00,4.769999980926514,4.849999904632568,4.610000133514404,4.840000152587891,234600,0.0,0.0
2022-04-07 00:00:00-04:00,4.909999847412109,5.150000095367432,4.690000057220459,4.96999979019165,293100,0.0,0.0
2022-04-08 00:00:00-04:00,4.889999866485596,5.119999885559082,4.78000020980835,5.059999942779541,302700,0.0,0.0
2022-04-11 00:00:00-04:00,4.960000038146973,5.050000190734863,4.739999771118164,4.980000019073486,201800,0.0,0.0
2022-04-12 00:00:00-04:00,5.019999980926514,5.28000020980835,4.940000057220459,5.21999979019165,365200,0.0,0.0
2022-04-13 00:00:00-04:00,5.21999979019165,5.559999942779541,5.170000076293945,5.489999771118164,453900,0.0,0.0
2022-04-14 00:00:00-04:00,5.489999771118164,5.639999866485596,5.400000095367432,5.570000171661377,351300,0.0,0.0
2022-04-18 00:00:00-04:00,5.5,5.664999961853027,5.38100004196167,5.639999866485596,262800,0.0,0.0
2022-04-19 00:00:00-04:00,5.630000114440918,5.769999980926514,5.429999828338623,5.75,323800,0.0,0.0
2022-04-20 00:00:00-04:00,5.679999828338623,5.960000038146973,5.630000114440918,5.769999980926514,555500,0.0,0.0
2022-04-21 00:00:00-04:00,5.699999809265137,5.860000133514404,5.380000114440918,5.570000171661377,314900,0.0,0.0
2022-04-22 00:00:00-04:00,5.460000038146973,5.664999961853027,5.333000183105469,5.400000095367432,252900,0.0,0.0
2022-04-25 00:00:00-04:00,5.239999771118164,5.769999980926514,4.71999979019165,5.730000019073486,373200,0.0,0.0
2022-04-26 00:00:00-04:00,5.75,5.75,5.400000095367432,5.5,320400,0.0,0.0
2022-04-27 00:00:00-04:00,5.5,5.659999847412109,5.429999828338623,5.5,282800,0.0,0.0
2022-04-28 00:00:00-04:00,5.519999980926514,5.739999771118164,5.260000228881836,5.699999809265137,365900,0.0,0.0
2022-04-29 00:00:00-04:00,5.630000114440918,5.849999904632568,5.493000030517578,5.789999961853027,255200,0.0,0.0
2022-05-02 00:00:00-04:00,5.789999961853027,5.980000019073486,5.690000057220459,5.980000019073486,403800,0.0,0.0
2022-05-03 00:00:00-04:00,5.989999771118164,6.159999847412109,5.860000133514404,6.010000228881836,515600,0.0,0.0
2022-05-04 00:00:00-04:00,5.889999866485596,6.019999980926514,5.409999847412109,5.75,506600,0.0,0.0
2022-05-05 00:00:00-04:00,5.590000152587891,5.849999904632568,5.590000152587891,5.769999980926514,359500,0.0,0.0
2022-05-06 00:00:00-04:00,5.5,5.5,4.659999847412109,4.769999980926514,594400,0.0,0.0
2022-05-09 00:00:00-04:00,4.579999923706055,4.599999904632568,3.9800000190734863,4.199999809265137,902700,0.0,0.0
2022-05-10 00:00:00-04:00,4.199999809265137,4.329999923706055,3.809999942779541,4.130000114440918,1022400,0.0,0.0
2022-05-11 00:00:00-04:00,4.110000133514404,4.559999942779541,4.020999908447266,4.369999885559082,438800,0.0,0.0
2022-05-12 00:00:00-04:00,4.309999942779541,4.71999979019165,4.230000019073486,4.639999866485596,515800,0.0,0.0
2022-05-13 00:00:00-04:00,4.699999809265137,5.175000190734863,4.650000095367432,4.989999771118164,638600,0.0,0.0
2022-05-16 00:00:00-04:00,4.960000038146973,5.53000020980835,4.960000038146973,5.329999923706055,466900,0.0,0.0
2022-05-17 00:00:00-04:00,5.380000114440918,5.579999923706055,5.230000019073486,5.449999809265137,541100,0.0,0.0
2022-05-18 00:00:00-04:00,5.380000114440918,5.545000076293945,4.980000019073486,5.019999980926514,590500,0.0,0.0
2022-05-19 00:00:00-04:00,5.019999980926514,5.494999885559082,5.019999980926514,5.360000133514404,450800,0.0,0.0
2022-05-20 00:00:00-04:00,5.480000019073486,5.585000038146973,5.215000152587891,5.360000133514404,310600,0.0,0.0
2022-05-23 00:00:00-04:00,5.46999979019165,5.699999809265137,5.320000171661377,5.619999885559082,307500,0.0,0.0
2022-05-24 00:00:00-04:00,5.380000114440918,5.795000076293945,5.380000114440918,5.730000019073486,503300,0.0,0.0
2022-05-25 00:00:00-04:00,5.710000038146973,6.079999923706055,5.710000038146973,6.019999980926514,544400,0.0,0.0
2022-05-26 00:00:00-04:00,5.960000038146973,6.190000057220459,5.71999979019165,5.75,404700,0.0,0.0
2022-05-27 00:00:00-04:00,5.849999904632568,6.0,5.710000038146973,5.800000190734863,508800,0.0,0.0
2022-05-31 00:00:00-04:00,5.769999980926514,6.360000133514404,5.769999980926514,6.269999980926514,2004600,0.0,0.0
2022-06-01 00:00:00-04:00,6.25,6.599999904632568,6.239999771118164,6.480000019073486,797300,0.0,0.0
2022-06-02 00:00:00-04:00,6.5,6.5,6.150000095367432,6.449999809265137,446800,0.0,0.0
2022-06-03 00:00:00-04:00,6.5,6.510000228881836,6.010000228881836,6.079999923706055,641500,0.0,0.0
2022-06-06 00:00:00-04:00,6.25,6.5,5.619999885559082,5.820000171661377,875100,0.0,0.0
2022-06-07 00:00:00-04:00,5.820000171661377,5.929999828338623,5.489999771118164,5.880000114440918,645900,0.0,0.0
2022-06-08 00:00:00-04:00,5.880000114440918,6.519999980926514,5.75,6.28000020980835,636200,0.0,0.0
2022-06-09 00:00:00-04:00,6.269999980926514,6.349999904632568,5.929999828338623,6.03000020980835,420300,0.0,0.0
2022-06-10 00:00:00-04:00,5.920000076293945,6.0,5.699999809265137,5.710000038146973,235400,0.0,0.0
2022-06-13 00:00:00-04:00,5.519999980926514,5.605000019073486,5.179999828338623,5.230000019073486,531300,0.0,0.0
2022-06-14 00:00:00-04:00,5.300000190734863,5.574999809265137,5.210000038146973,5.539999961853027,422700,0.0,0.0
2022-06-15 00:00:00-04:00,5.539999961853027,6.159999847412109,5.300000190734863,6.0,548500,0.0,0.0
2022-06-16 00:00:00-04:00,5.78000020980835,5.96999979019165,5.690000057220459,5.96999979019165,436500,0.0,0.0
2022-06-17 00:00:00-04:00,6.159999847412109,6.400000095367432,5.989999771118164,6.019999980926514,1052900,0.0,0.0
2022-06-21 00:00:00-04:00,6.03000020980835,6.420000076293945,5.980000019073486,6.079999923706055,625700,0.0,0.0
2022-06-22 00:00:00-04:00,5.980000019073486,5.989999771118164,5.389999866485596,5.510000228881836,705300,0.0,0.0
2022-06-23 00:00:00-04:00,5.449999809265137,5.635000228881836,5.309999942779541,5.489999771118164,537700,0.0,0.0
2022-06-24 00:00:00-04:00,5.590000152587891,5.989999771118164,5.34499979019165,5.420000076293945,9340000,0.0,0.0
2022-06-27 00:00:00-04:00,5.300000190734863,5.389999866485596,4.300000190734863,4.440000057220459,2395700,0.0,0.0
2022-06-28 00:00:00-04:00,4.400000095367432,4.519999980926514,4.300000190734863,4.369999885559082,654200,0.0,0.0
2022-06-29 00:00:00-04:00,4.239999771118164,4.349999904632568,4.019999980926514,4.09499979019165,936900,0.0,0.0
2022-06-30 00:00:00-04:00,4.0,4.320000171661377,4.0,4.28000020980835,1042300,0.0,0.0
2022-07-01 00:00:00-04:00,4.150000095367432,4.329999923706055,3.940000057220459,4.159999847412109,708300,0.0,0.0
2022-07-05 00:00:00-04:00,4.21999979019165,4.420000076293945,3.990000009536743,4.400000095367432,588000,0.0,0.0
2022-07-06 00:00:00-04:00,4.429999828338623,4.460000038146973,4.28000020980835,4.340000152587891,341800,0.0,0.0
2022-07-07 00:00:00-04:00,4.369999885559082,4.559999942779541,4.369999885559082,4.519999980926514,370100,0.0,0.0
2022-07-08 00:00:00-04:00,4.420000076293945,4.630000114440918,4.400000095367432,4.489999771118164,281300,0.0,0.0
2022-07-11 00:00:00-04:00,4.21999979019165,4.320000171661377,3.9600000381469727,3.990000009536743,663000,0.0,0.0
2022-07-12 00:00:00-04:00,3.990000009536743,4.119999885559082,3.9000000953674316,3.990000009536743,337300,0.0,0.0
2022-07-13 00:00:00-04:00,3.9200000762939453,4.130000114440918,3.880000114440918,3.9700000286102295,353400,0.0,0.0
2022-07-14 00:00:00-04:00,3.9000000953674316,3.9600000381469727,3.7300000190734863,3.7899999618530273,346600,0.0,0.0
2022-07-15 00:00:00-04:00,3.890000104904175,3.9800000190734863,3.75,3.9200000762939453,388800,0.0,0.0
2022-07-18 00:00:00-04:00,3.9800000190734863,4.039999961853027,3.875999927520752,3.9000000953674316,286600,0.0,0.0
2022-07-19 00:00:00-04:00,3.9100000858306885,4.070000171661377,3.9100000858306885,4.03000020980835,290300,0.0,0.0
2022-07-20 00:00:00-04:00,4.110000133514404,4.110000133514404,3.9700000286102295,4.050000190734863,415300,0.0,0.0
2022-07-21 00:00:00-04:00,3.9800000190734863,4.079999923706055,3.9800000190734863,4.070000171661377,183900,0.0,0.0
2022-07-22 00:00:00-04:00,4.110000133514404,4.110000133514404,3.9000000953674316,3.940000057220459,258700,0.0,0.0
2022-07-25 00:00:00-04:00,3.9600000381469727,3.9700000286102295,3.880000114440918,3.930000066757202,203300,0.0,0.0
2022-07-26 00:00:00-04:00,3.930000066757202,3.9700000286102295,3.8450000286102295,3.9100000858306885,142700,0.0,0.0
2022-07-27 00:00:00-04:00,3.9700000286102295,4.065000057220459,3.9200000762939453,4.050000190734863,215500,0.0,0.0
2022-07-28 00:00:00-04:00,4.019999980926514,4.139999866485596,3.994999885559082,4.130000114440918,179000,0.0,0.0
2022-07-29 00:00:00-04:00,4.090000152587891,4.090000152587891,3.940000057220459,4.019999980926514,256900,0.0,0.0
2022-08-01 00:00:00-04:00,4.010000228881836,4.010000228881836,3.869999885559082,3.940000057220459,213200,0.0,0.0
2022-08-02 00:00:00-04:00,3.9100000858306885,4.039999961853027,3.9100000858306885,3.9700000286102295,240600,0.0,0.0
2022-08-03 00:00:00-04:00,4.0,4.005000114440918,3.869999885559082,3.890000104904175,254200,0.0,0.0
2022-08-04 00:00:00-04:00,3.9000000953674316,3.9700000286102295,3.7200000286102295,3.740000009536743,427100,0.0,0.0
2022-08-05 00:00:00-04:00,3.7300000190734863,3.819999933242798,3.6570000648498535,3.7899999618530273,263800,0.0,0.0
2022-08-08 00:00:00-04:00,3.7899999618530273,3.859999895095825,3.700000047683716,3.7300000190734863,468100,0.0,0.0
2022-08-09 00:00:00-04:00,3.700000047683716,3.7799999713897705,3.490000009536743,3.569999933242798,562400,0.0,0.0
2022-08-10 00:00:00-04:00,3.569999933242798,4.0,3.490000009536743,3.9600000381469727,593500,0.0,0.0
2022-08-11 00:00:00-04:00,3.9700000286102295,4.329999923706055,3.950000047683716,4.0,631300,0.0,0.0
2022-08-12 00:00:00-04:00,4.039999961853027,4.230000019073486,3.9700000286102295,4.159999847412109,385700,0.0,0.0
2022-08-15 00:00:00-04:00,4.090000152587891,4.199999809265137,3.9700000286102295,4.010000228881836,340700,0.0,0.0
2022-08-16 00:00:00-04:00,4.0,4.215000152587891,3.9000000953674316,4.179999828338623,393000,0.0,0.0
2022-08-17 00:00:00-04:00,4.119999885559082,4.210000038146973,4.03000020980835,4.150000095367432,300500,0.0,0.0
2022-08-18 00:00:00-04:00,4.099999904632568,4.269999980926514,4.059999942779541,4.260000228881836,241100,0.0,0.0
2022-08-19 00:00:00-04:00,4.190000057220459,4.21999979019165,4.039999961853027,4.119999885559082,294000,0.0,0.0
2022-08-22 00:00:00-04:00,4.03000020980835,4.079999923706055,3.9100000858306885,3.9700000286102295,183800,0.0,0.0
2022-08-23 00:00:00-04:00,3.75,3.8299999237060547,3.380000114440918,3.450000047683716,603100,0.0,0.0
2022-08-24 00:00:00-04:00,3.3299999237060547,3.609999895095825,3.3299999237060547,3.609999895095825,199900,0.0,0.0
2022-08-25 00:00:00-04:00,3.5899999141693115,3.8499999046325684,3.5899999141693115,3.8299999237060547,265700,0.0,0.0
2022-08-26 00:00:00-04:00,3.8499999046325684,3.8499999046325684,3.640000104904175,3.7200000286102295,184700,0.0,0.0
2022-08-29 00:00:00-04:00,3.6500000953674316,3.799999952316284,3.6500000953674316,3.700000047683716,134300,0.0,0.0
2022-08-30 00:00:00-04:00,3.7100000381469727,3.7799999713897705,3.5299999713897705,3.619999885559082,233600,0.0,0.0
2022-08-31 00:00:00-04:00,3.640000104904175,3.690000057220459,3.5799999237060547,3.619999885559082,192300,0.0,0.0
2022-09-01 00:00:00-04:00,3.6700000762939453,3.6700000762939453,3.240000009536743,3.5199999809265137,404000,0.0,0.0
2022-09-02 00:00:00-04:00,3.549999952316284,3.559999942779541,3.440000057220459,3.5,74200,0.0,0.0
2022-09-06 00:00:00-04:00,3.4800000190734863,3.490000009536743,3.319999933242798,3.390000104904175,218400,0.0,0.0
2022-09-07 00:00:00-04:00,3.369999885559082,3.4200000762939453,3.299999952316284,3.4100000858306885,256500,0.0,0.0
2022-09-08 00:00:00-04:00,3.3499999046325684,3.4600000381469727,3.2699999809265137,3.440000057220459,244100,0.0,0.0
2022-09-09 00:00:00-04:00,3.4800000190734863,3.5999999046325684,3.4800000190734863,3.5799999237060547,220500,0.0,0.0
2022-09-12 00:00:00-04:00,3.5899999141693115,3.6500000953674316,3.505000114440918,3.630000114440918,248500,0.0,0.0
2022-09-13 00:00:00-04:00,3.5,3.559999942779541,3.4200000762939453,3.5,285400,0.0,0.0
2022-09-14 00:00:00-04:00,3.4700000286102295,3.5299999713897705,3.4000000953674316,3.4800000190734863,251900,0.0,0.0
2022-09-15 00:00:00-04:00,3.430000066757202,3.5299999713897705,3.3299999237060547,3.359999895095825,303500,0.0,0.0
2022-09-16 00:00:00-04:00,3.3499999046325684,3.4100000858306885,3.244999885559082,3.390000104904175,615400,0.0,0.0
2022-09-19 00:00:00-04:00,3.430000066757202,3.509999990463257,3.319999933242798,3.4800000190734863,237000,0.0,0.0
2022-09-20 00:00:00-04:00,3.384999990463257,3.5799999237060547,3.380000114440918,3.509999990463257,225400,0.0,0.0
2022-09-21 00:00:00-04:00,3.5,3.609999895095825,3.390000104904175,3.5299999713897705,221300,0.0,0.0
2022-09-22 00:00:00-04:00,3.509999990463257,3.6600000858306885,3.5,3.619999885559082,296400,0.0,0.0
2022-09-23 00:00:00-04:00,3.549999952316284,3.6449999809265137,3.4700000286102295,3.559999942779541,209300,0.0,0.0
2022-09-26 00:00:00-04:00,3.5299999713897705,3.619999885559082,3.3499999046325684,3.390000104904175,243500,0.0,0.0
2022-09-27 00:00:00-04:00,3.5,3.5,3.380000114440918,3.4600000381469727,205000,0.0,0.0
2022-09-28 00:00:00-04:00,3.4700000286102295,3.680000066757202,3.4200000762939453,3.5999999046325684,265300,0.0,0.0
2022-09-29 00:00:00-04:00,3.5199999809265137,3.5250000953674316,3.4000000953674316,3.4800000190734863,181700,0.0,0.0
2022-09-30 00:00:00-04:00,3.4700000286102295,3.640000104904175,3.4100000858306885,3.490000009536743,642800,0.0,0.0
2022-10-03 00:00:00-04:00,3.509999990463257,3.5799999237060547,3.390000104904175,3.509999990463257,193500,0.0,0.0
2022-10-04 00:00:00-04:00,3.5899999141693115,3.740000009536743,3.5899999141693115,3.7300000190734863,162700,0.0,0.0
2022-10-05 00:00:00-04:00,3.680000066757202,3.7699999809265137,3.5399999618530273,3.5999999046325684,138500,0.0,0.0
2022-10-06 00:00:00-04:00,3.5899999141693115,3.740000009536743,3.5899999141693115,3.680000066757202,109900,0.0,0.0
2022-10-07 00:00:00-04:00,3.640000104904175,3.75,3.609999895095825,3.7300000190734863,118200,0.0,0.0
2022-10-10 00:00:00-04:00,3.7300000190734863,3.8399999141693115,3.680000066757202,3.799999952316284,169600,0.0,0.0
2022-10-11 00:00:00-04:00,3.7899999618530273,3.8499999046325684,3.609999895095825,3.7200000286102295,205800,0.0,0.0
2022-10-12 00:00:00-04:00,3.7200000286102295,3.759999990463257,3.6700000762939453,3.700000047683716,187000,0.0,0.0
2022-10-13 00:00:00-04:00,3.619999885559082,3.759999990463257,3.5450000762939453,3.680000066757202,499100,0.0,0.0
2022-10-14 00:00:00-04:00,3.680000066757202,3.7300000190734863,3.3399999141693115,3.430000066757202,357000,0.0,0.0
2022-10-17 00:00:00-04:00,3.559999942779541,3.9210000038146973,3.4700000286102295,3.880000114440918,214200,0.0,0.0
2022-10-18 00:00:00-04:00,4.0,4.039999961853027,3.8399999141693115,3.940000057220459,283600,0.0,0.0
2022-10-19 00:00:00-04:00,3.990000009536743,4.010000228881836,3.759999990463257,3.990000009536743,209200,0.0,0.0
2022-10-20 00:00:00-04:00,4.050000190734863,4.054999828338623,3.819999933242798,3.9100000858306885,209300,0.0,0.0
2022-10-21 00:00:00-04:00,3.9700000286102295,4.050000190734863,3.890000104904175,4.039999961853027,236300,0.0,0.0
2022-10-24 00:00:00-04:00,4.0,4.079999923706055,3.890000104904175,4.010000228881836,120100,0.0,0.0
2022-10-25 00:00:00-04:00,4.010000228881836,4.21999979019165,4.010000228881836,4.139999866485596,193300,0.0,0.0
2022-10-26 00:00:00-04:00,4.190000057220459,4.309999942779541,4.070000171661377,4.230000019073486,204100,0.0,0.0
2022-10-27 00:00:00-04:00,4.239999771118164,4.53000020980835,4.239999771118164,4.400000095367432,331200,0.0,0.0
2022-10-28 00:00:00-04:00,4.389999866485596,4.585000038146973,4.300000190734863,4.429999828338623,262300,0.0,0.0
2022-10-31 00:00:00-04:00,4.400000095367432,4.539999961853027,4.380000114440918,4.510000228881836,276200,0.0,0.0
2022-11-01 00:00:00-04:00,4.5,4.789999961853027,4.46999979019165,4.699999809265137,276700,0.0,0.0
2022-11-02 00:00:00-04:00,4.659999847412109,4.78000020980835,4.46999979019165,4.480000019073486,376500,0.0,0.0
2022-11-03 00:00:00-04:00,4.400000095367432,4.670000076293945,4.400000095367432,4.550000190734863,146000,0.0,0.0
2022-11-04 00:00:00-04:00,4.659999847412109,4.75,4.46999979019165,4.699999809265137,284400,0.0,0.0
2022-11-07 00:00:00-05:00,4.659999847412109,4.730000019073486,4.559999942779541,4.650000095367432,178900,0.0,0.0
2022-11-08 00:00:00-05:00,4.650000095367432,4.71999979019165,4.5,4.550000190734863,132800,0.0,0.0
2022-11-09 00:00:00-05:00,4.75,4.75,3.700000047683716,3.7100000381469727,392400,0.0,0.0
2022-11-10 00:00:00-05:00,3.859999895095825,3.990000009536743,3.765000104904175,3.9100000858306885,235300,0.0,0.0
2022-11-11 00:00:00-05:00,3.8499999046325684,4.320000171661377,3.6530001163482666,4.070000171661377,428400,0.0,0.0
2022-11-14 00:00:00-05:00,4.090000152587891,4.349999904632568,3.9210000038146973,4.230000019073486,337600,0.0,0.0
2022-11-15 00:00:00-05:00,4.230000019073486,4.320000171661377,4.039999961853027,4.25,237900,0.0,0.0
2022-11-16 00:00:00-05:00,4.110000133514404,4.300000190734863,4.019999980926514,4.150000095367432,235500,0.0,0.0
2022-11-17 00:00:00-05:00,4.050000190734863,4.309999942779541,4.039999961853027,4.210000038146973,246700,0.0,0.0
2022-11-18 00:00:00-05:00,4.300000190734863,4.300000190734863,4.050000190734863,4.090000152587891,259900,0.0,0.0
2022-11-21 00:00:00-05:00,4.03000020980835,4.119999885559082,3.930000066757202,4.079999923706055,153600,0.0,0.0
2022-11-22 00:00:00-05:00,4.090000152587891,4.210000038146973,4.0,4.190000057220459,198200,0.0,0.0
2022-11-23 00:00:00-05:00,4.179999828338623,4.289999961853027,4.099999904632568,4.260000228881836,181800,0.0,0.0
2022-11-25 00:00:00-05:00,4.260000228881836,4.364999771118164,4.239999771118164,4.25,89700,0.0,0.0
2022-11-28 00:00:00-05:00,4.25,4.289999961853027,3.9800000190734863,3.990000009536743,168100,0.0,0.0
2022-11-29 00:00:00-05:00,4.019999980926514,4.079999923706055,3.940000057220459,3.9800000190734863,118300,0.0,0.0
2022-11-30 00:00:00-05:00,4.03000020980835,4.269999980926514,3.990000009536743,4.179999828338623,386000,0.0,0.0
2022-12-01 00:00:00-05:00,4.199999809265137,4.269999980926514,4.0,4.079999923706055,142500,0.0,0.0
2022-12-02 00:00:00-05:00,4.019999980926514,4.150000095367432,3.9000000953674316,4.139999866485596,118700,0.0,0.0
2022-12-05 00:00:00-05:00,4.110000133514404,4.190000057220459,3.9800000190734863,4.010000228881836,167600,0.0,0.0
2022-12-06 00:00:00-05:00,4.010000228881836,4.144999980926514,3.984999895095825,4.079999923706055,208800,0.0,0.0
2022-12-07 00:00:00-05:00,4.03000020980835,4.230000019073486,4.019999980926514,4.079999923706055,212900,0.0,0.0
2022-12-08 00:00:00-05:00,4.130000114440918,4.295000076293945,4.051000118255615,4.099999904632568,207000,0.0,0.0
2022-12-09 00:00:00-05:00,4.079999923706055,4.159999847412109,3.9749999046325684,4.0,171400,0.0,0.0
2022-12-12 00:00:00-05:00,4.0,4.135000228881836,3.9100000858306885,4.099999904632568,141300,0.0,0.0
2022-12-13 00:00:00-05:00,4.199999809265137,4.289999961853027,3.930000066757202,3.950000047683716,224500,0.0,0.0
2022-12-14 00:00:00-05:00,3.950000047683716,4.059999942779541,3.700000047683716,3.869999885559082,219300,0.0,0.0
2022-12-15 00:00:00-05:00,3.7799999713897705,3.9000000953674316,3.700000047683716,3.740000009536743,184900,0.0,0.0
2022-12-16 00:00:00-05:00,3.680000066757202,3.7799999713897705,3.640000104904175,3.6500000953674316,540600,0.0,0.0
2022-12-19 00:00:00-05:00,3.6600000858306885,3.7899999618530273,3.609999895095825,3.6500000953674316,182700,0.0,0.0
2022-12-20 00:00:00-05:00,3.6500000953674316,3.825000047683716,3.619999885559082,3.740000009536743,176600,0.0,0.0
2022-12-21 00:00:00-05:00,3.740000009536743,3.940000057220459,3.7130000591278076,3.7799999713897705,194200,0.0,0.0
2022-12-22 00:00:00-05:00,3.759999990463257,3.890000104904175,3.6600000858306885,3.809999942779541,241000,0.0,0.0
2022-12-23 00:00:00-05:00,3.825000047683716,3.8499999046325684,3.7300000190734863,3.7699999809265137,151200,0.0,0.0
2022-12-27 00:00:00-05:00,3.7699999809265137,3.8399999141693115,3.6649999618530273,3.690000057220459,156000,0.0,0.0
2022-12-28 00:00:00-05:00,3.640000104904175,3.7939999103546143,3.559999942779541,3.569999933242798,257700,0.0,0.0
2022-12-29 00:00:00-05:00,3.609999895095825,3.799999952316284,3.5799999237060547,3.759999990463257,225200,0.0,0.0
2022-12-30 00:00:00-05:00,3.7200000286102295,3.9549999237060547,3.7200000286102295,3.880000114440918,201800,0.0,0.0
2023-01-03 00:00:00-05:00,3.8299999237060547,4.159999847412109,3.8299999237060547,3.890000104904175,274600,0.0,0.0
2023-01-04 00:00:00-05:00,3.930000066757202,3.990000009536743,3.484999895095825,3.5,235000,0.0,0.0
2023-01-05 00:00:00-05:00,3.4600000381469727,3.5799999237060547,3.4600000381469727,3.5,152200,0.0,0.0
2023-01-06 00:00:00-05:00,3.490000009536743,3.7799999713897705,3.4700000286102295,3.700000047683716,271700,0.0,0.0
2023-01-09 00:00:00-05:00,3.7200000286102295,3.809999942779541,3.694999933242798,3.740000009536743,179900,0.0,0.0
2023-01-10 00:00:00-05:00,3.740000009536743,4.074999809265137,3.740000009536743,4.019999980926514,181800,0.0,0.0
2023-01-11 00:00:00-05:00,3.9100000858306885,4.159999847412109,3.9100000858306885,4.039999961853027,223700,0.0,0.0
2023-01-12 00:00:00-05:00,4.070000171661377,4.199999809265137,4.0,4.159999847412109,239600,0.0,0.0
2023-01-13 00:00:00-05:00,4.159999847412109,4.269999980926514,4.139999866485596,4.239999771118164,173800,0.0,0.0
2023-01-17 00:00:00-05:00,4.190000057220459,4.360000133514404,4.159999847412109,4.289999961853027,189400,0.0,0.0
2023-01-18 00:00:00-05:00,4.309999942779541,4.46999979019165,4.230000019073486,4.260000228881836,221500,0.0,0.0
2023-01-19 00:00:00-05:00,4.179999828338623,4.394999980926514,4.170000076293945,4.340000152587891,197600,0.0,0.0
2023-01-20 00:00:00-05:00,4.400000095367432,4.489999771118164,4.320000171661377,4.440000057220459,226400,0.0,0.0
2023-01-23 00:00:00-05:00,4.429999828338623,4.565000057220459,4.429999828338623,4.489999771118164,212200,0.0,0.0
2023-01-24 00:00:00-05:00,4.480000019073486,4.505000114440918,4.289999961853027,4.400000095367432,187400,0.0,0.0
2023-01-25 00:00:00-05:00,4.360000133514404,4.53000020980835,4.309999942779541,4.510000228881836,269200,0.0,0.0
2023-01-26 00:00:00-05:00,4.510000228881836,4.730000019073486,4.510000228881836,4.619999885559082,312800,0.0,0.0
2023-01-27 00:00:00-05:00,4.599999904632568,4.670000076293945,4.53000020980835,4.590000152587891,308700,0.0,0.0
2023-01-30 00:00:00-05:00,4.539999961853027,4.7179999351501465,4.480000019073486,4.650000095367432,276000,0.0,0.0
2023-01-31 00:00:00-05:00,4.639999866485596,4.71999979019165,4.574999809265137,4.619999885559082,378200,0.0,0.0
2023-02-01 00:00:00-05:00,4.599999904632568,4.639999866485596,4.380000114440918,4.420000076293945,371800,0.0,0.0
2023-02-02 00:00:00-05:00,4.440000057220459,4.494999885559082,4.295000076293945,4.400000095367432,348200,0.0,0.0
2023-02-03 00:00:00-05:00,4.349999904632568,4.644999980926514,4.300000190734863,4.550000190734863,283200,0.0,0.0
2023-02-06 00:00:00-05:00,4.5,4.650000095367432,4.320000171661377,4.460000038146973,356800,0.0,0.0
2023-02-07 00:00:00-05:00,4.46999979019165,4.639999866485596,4.449999809265137,4.610000133514404,210500,0.0,0.0
2023-02-08 00:00:00-05:00,4.650000095367432,4.650000095367432,4.429999828338623,4.480000019073486,116400,0.0,0.0
2023-02-09 00:00:00-05:00,4.539999961853027,4.599999904632568,4.349999904632568,4.380000114440918,148000,0.0,0.0
2023-02-10 00:00:00-05:00,4.360000133514404,4.425000190734863,4.309999942779541,4.400000095367432,117500,0.0,0.0
2023-02-13 00:00:00-05:00,4.409999847412109,4.460000038146973,4.360000133514404,4.409999847412109,92700,0.0,0.0
2023-02-14 00:00:00-05:00,4.369999885559082,4.409999847412109,4.260000228881836,4.300000190734863,121400,0.0,0.0
2023-02-15 00:00:00-05:00,4.300000190734863,4.409999847412109,4.159999847412109,4.400000095367432,84600,0.0,0.0
2023-02-16 00:00:00-05:00,4.320000171661377,4.349999904632568,4.204999923706055,4.230000019073486,147600,0.0,0.0
2023-02-17 00:00:00-05:00,4.269999980926514,4.309999942779541,4.150000095367432,4.289999961853027,156200,0.0,0.0
2023-02-21 00:00:00-05:00,4.21999979019165,4.269999980926514,4.090000152587891,4.150000095367432,167700,0.0,0.0
2023-02-22 00:00:00-05:00,4.190000057220459,4.289999961853027,4.125,4.239999771118164,223500,0.0,0.0
2023-02-23 00:00:00-05:00,4.239999771118164,4.300000190734863,4.130000114440918,4.179999828338623,142300,0.0,0.0
2023-02-24 00:00:00-05:00,4.230000019073486,4.230000019073486,3.7300000190734863,3.869999885559082,146400,0.0,0.0
2023-02-27 00:00:00-05:00,3.880000114440918,3.9549999237060547,3.8350000381469727,3.8949999809265137,95600,0.0,0.0
2023-02-28 00:00:00-05:00,3.8399999141693115,3.9149999618530273,3.680000066757202,3.7200000286102295,464900,0.0,0.0
2023-03-01 00:00:00-05:00,3.7200000286102295,3.7799999713897705,3.5999999046325684,3.740000009536743,212900,0.0,0.0
2023-03-02 00:00:00-05:00,3.700000047683716,3.805000066757202,3.630000114440918,3.765000104904175,211300,0.0,0.0
2023-03-03 00:00:00-05:00,3.7799999713897705,3.8949999809265137,3.6600000858306885,3.8499999046325684,179800,0.0,0.0
2023-03-06 00:00:00-05:00,3.8399999141693115,3.930000066757202,3.6500000953674316,3.680000066757202,194600,0.0,0.0
2023-03-07 00:00:00-05:00,3.690000057220459,3.759999990463257,3.619999885559082,3.680000066757202,163100,0.0,0.0
2023-03-08 00:00:00-05:00,3.690000057220459,3.690000057220459,3.5299999713897705,3.609999895095825,113200,0.0,0.0
2023-03-09 00:00:00-05:00,3.6500000953674316,3.6500000953674316,3.440000057220459,3.4700000286102295,259900,0.0,0.0
2023-03-10 00:00:00-05:00,4.199999809265137,4.340000152587891,3.9100000858306885,3.9700000286102295,1262600,0.0,0.0
2023-03-13 00:00:00-04:00,4.0,4.03000020980835,3.630000114440918,3.6549999713897705,502700,0.0,0.0
2023-03-14 00:00:00-04:00,3.819999933242798,4.0,3.6500000953674316,3.809999942779541,609200,0.0,0.0
2023-03-15 00:00:00-04:00,3.609999895095825,3.7899999618530273,3.5999999046325684,3.674999952316284,494600,0.0,0.0
2023-03-16 00:00:00-04:00,3.619999885559082,3.940000057220459,3.619999885559082,3.9000000953674316,271900,0.0,0.0
2023-03-17 00:00:00-04:00,3.8499999046325684,3.940000057220459,3.75,3.7899999618530273,665300,0.0,0.0
2023-03-20 00:00:00-04:00,3.7699999809265137,3.7850000858306885,3.7200000286102295,3.7799999713897705,187100,0.0,0.0
2023-03-21 00:00:00-04:00,3.809999942779541,3.8949999809265137,3.75,3.8399999141693115,173800,0.0,0.0
2023-03-22 00:00:00-04:00,3.799999952316284,3.799999952316284,3.609999895095825,3.619999885559082,137100,0.0,0.0
2023-03-23 00:00:00-04:00,3.640000104904175,3.690000057220459,3.549999952316284,3.640000104904175,162400,0.0,0.0
2023-03-24 00:00:00-04:00,3.5999999046325684,3.6700000762939453,3.549999952316284,3.6600000858306885,216700,0.0,0.0
2023-03-27 00:00:00-04:00,3.680000066757202,3.7750000953674316,3.615000009536743,3.75,131800,0.0,0.0
2023-03-28 00:00:00-04:00,3.700000047683716,3.75,3.5799999237060547,3.619999885559082,183900,0.0,0.0
2023-03-29 00:00:00-04:00,3.640000104904175,3.75,3.559999942779541,3.740000009536743,148600,0.0,0.0
2023-03-30 00:00:00-04:00,3.700000047683716,3.7899999618530273,3.559999942779541,3.7200000286102295,133300,0.0,0.0
2023-03-31 00:00:00-04:00,3.700000047683716,3.740000009536743,3.559999942779541,3.690000057220459,260300,0.0,0.0
2023-04-03 00:00:00-04:00,3.700000047683716,3.759999990463257,3.569999933242798,3.7300000190734863,154000,0.0,0.0
2023-04-04 00:00:00-04:00,3.7200000286102295,3.75,3.609999895095825,3.6600000858306885,221300,0.0,0.0
2023-04-05 00:00:00-04:00,3.640000104904175,3.700000047683716,3.559999942779541,3.6600000858306885,204700,0.0,0.0
2023-04-06 00:00:00-04:00,3.680000066757202,3.7699999809265137,3.609999895095825,3.740000009536743,194600,0.0,0.0
2023-04-10 00:00:00-04:00,3.690000057220459,4.005000114440918,3.6600000858306885,3.9200000762939453,400700,0.0,0.0
2023-04-11 00:00:00-04:00,3.9100000858306885,4.159999847412109,3.869999885559082,4.110000133514404,359000,0.0,0.0
2023-04-12 00:00:00-04:00,4.110000133514404,4.190000057220459,4.001999855041504,4.090000152587891,225600,0.0,0.0
2023-04-13 00:00:00-04:00,4.159999847412109,4.289999961853027,4.059999942779541,4.179999828338623,366100,0.0,0.0
2023-04-14 00:00:00-04:00,4.199999809265137,4.21999979019165,4.059999942779541,4.110000133514404,278300,0.0,0.0
2023-04-17 00:00:00-04:00,4.090000152587891,4.125,3.9200000762939453,4.019999980926514,239700,0.0,0.0
2023-04-18 00:00:00-04:00,4.019999980926514,4.03000020980835,3.8399999141693115,3.9700000286102295,197000,0.0,0.0
2023-04-19 00:00:00-04:00,4.039999961853027,4.228000164031982,3.9800000190734863,4.170000076293945,511700,0.0,0.0
2023-04-20 00:00:00-04:00,4.119999885559082,4.300000190734863,4.039999961853027,4.21999979019165,400700,0.0,0.0
2023-04-21 00:00:00-04:00,4.199999809265137,4.28000020980835,4.099999904632568,4.190000057220459,357600,0.0,0.0
2023-04-24 00:00:00-04:00,4.190000057220459,4.449999809265137,4.130000114440918,4.340000152587891,384300,0.0,0.0
2023-04-25 00:00:00-04:00,4.289999961853027,4.429999828338623,4.230000019073486,4.289999961853027,246600,0.0,0.0
2023-04-26 00:00:00-04:00,4.269999980926514,4.329999923706055,4.139999866485596,4.269999980926514,257600,0.0,0.0
2023-04-27 00:00:00-04:00,4.289999961853027,4.434000015258789,4.244999885559082,4.289999961853027,228900,0.0,0.0
2023-04-28 00:00:00-04:00,4.28000020980835,4.420000076293945,4.230000019073486,4.380000114440918,246300,0.0,0.0
2023-05-01 00:00:00-04:00,4.380000114440918,4.489999771118164,4.309999942779541,4.46999979019165,293900,0.0,0.0
2023-05-02 00:00:00-04:00,4.449999809265137,4.480000019073486,4.239999771118164,4.300000190734863,346100,0.0,0.0
2023-05-03 00:00:00-04:00,4.320000171661377,4.389999866485596,4.25,4.25,325500,0.0,0.0
2023-05-04 00:00:00-04:00,4.21999979019165,4.315000057220459,4.179999828338623,4.28000020980835,325800,0.0,0.0
2023-05-05 00:00:00-04:00,4.329999923706055,4.465000152587891,4.230000019073486,4.420000076293945,342300,0.0,0.0
2023-05-08 00:00:00-04:00,4.429999828338623,4.489999771118164,4.400000095367432,4.429999828338623,401600,0.0,0.0
2023-05-09 00:00:00-04:00,4.369999885559082,4.440000057220459,4.0,4.309999942779541,338700,0.0,0.0
2023-05-10 00:00:00-04:00,4.5,4.599999904632568,4.360000133514404,4.480000019073486,469500,0.0,0.0
2023-05-11 00:00:00-04:00,4.46999979019165,4.659999847412109,4.409999847412109,4.460000038146973,566800,0.0,0.0
2023-05-12 00:00:00-04:00,4.460000038146973,4.670000076293945,4.409999847412109,4.53000020980835,620500,0.0,0.0
2023-05-15 00:00:00-04:00,4.510000228881836,4.510000228881836,4.204999923706055,4.21999979019165,396400,0.0,0.0
2023-05-16 00:00:00-04:00,4.159999847412109,4.315000057220459,4.119999885559082,4.25,409600,0.0,0.0
2023-05-17 00:00:00-04:00,4.25,4.445000171661377,4.215000152587891,4.429999828338623,685100,0.0,0.0
2023-05-18 00:00:00-04:00,4.369999885559082,4.409999847412109,4.230000019073486,4.260000228881836,361400,0.0,0.0
2023-05-19 00:00:00-04:00,4.349999904632568,4.480000019073486,4.329999923706055,4.460000038146973,350300,0.0,0.0
2023-05-22 00:00:00-04:00,4.440000057220459,4.664999961853027,4.400000095367432,4.599999904632568,620000,0.0,0.0
2023-05-23 00:00:00-04:00,4.590000152587891,4.835000038146973,4.590000152587891,4.639999866485596,496300,0.0,0.0
2023-05-24 00:00:00-04:00,4.610000133514404,4.710000038146973,4.519999980926514,4.579999923706055,803100,0.0,0.0
2023-05-25 00:00:00-04:00,4.570000171661377,4.690000057220459,4.454999923706055,4.46999979019165,284300,0.0,0.0
2023-05-26 00:00:00-04:00,4.480000019073486,4.514999866485596,4.389999866485596,4.5,279600,0.0,0.0
2023-05-30 00:00:00-04:00,4.46999979019165,4.53000020980835,4.400000095367432,4.400000095367432,305100,0.0,0.0
2023-05-31 00:00:00-04:00,4.400000095367432,4.550000190734863,4.320000171661377,4.53000020980835,561200,0.0,0.0
2023-06-01 00:00:00-04:00,4.579999923706055,4.630000114440918,4.409999847412109,4.449999809265137,777600,0.0,0.0
2023-06-02 00:00:00-04:00,4.510000228881836,4.53000020980835,4.380000114440918,4.46999979019165,338100,0.0,0.0
2023-06-05 00:00:00-04:00,4.409999847412109,4.554999828338623,4.409999847412109,4.5,284900,0.0,0.0
2023-06-06 00:00:00-04:00,4.550000190734863,4.710000038146973,4.46999979019165,4.699999809265137,487300,0.0,0.0
2023-06-07 00:00:00-04:00,4.699999809265137,4.699999809265137,4.230999946594238,4.590000152587891,478100,0.0,0.0
2023-06-08 00:00:00-04:00,4.579999923706055,4.579999923706055,4.429999828338623,4.519999980926514,354100,0.0,0.0
2023-06-09 00:00:00-04:00,4.510000228881836,4.570000171661377,4.420000076293945,4.480000019073486,226200,0.0,0.0
2023-06-12 00:00:00-04:00,4.46999979019165,4.559999942779541,4.420000076293945,4.480000019073486,408300,0.0,0.0
2023-06-13 00:00:00-04:00,4.429999828338623,4.590000152587891,4.380000114440918,4.570000171661377,432900,0.0,0.0
2023-06-14 00:00:00-04:00,4.590000152587891,4.599999904632568,4.460000038146973,4.46999979019165,264600,0.0,0.0
2023-06-15 00:00:00-04:00,4.460000038146973,4.460000038146973,4.309999942779541,4.329999923706055,238800,0.0,0.0
2023-06-16 00:00:00-04:00,4.389999866485596,4.699999809265137,4.309999942779541,4.679999828338623,1840300,0.0,0.0
2023-06-20 00:00:00-04:00,4.510000228881836,4.565000057220459,4.313000202178955,4.550000190734863,483700,0.0,0.0
2023-06-21 00:00:00-04:00,4.539999961853027,4.820000171661377,4.519999980926514,4.739999771118164,676200,0.0,0.0
2023-06-22 00:00:00-04:00,4.739999771118164,4.800000190734863,4.659999847412109,4.730000019073486,506400,0.0,0.0
2023-06-23 00:00:00-04:00,4.670000076293945,4.724999904632568,4.4039998054504395,4.690000057220459,2456500,0.0,0.0
2023-06-26 00:00:00-04:00,4.650000095367432,4.71999979019165,4.550000190734863,4.679999828338623,360200,0.0,0.0
2023-06-27 00:00:00-04:00,4.679999828338623,4.739999771118164,4.619999885559082,4.699999809265137,439000,0.0,0.0
2023-06-28 00:00:00-04:00,4.71999979019165,4.820000171661377,4.670000076293945,4.78000020980835,358800,0.0,0.0
2023-06-29 00:00:00-04:00,4.789999961853027,4.880000114440918,4.760000228881836,4.880000114440918,503700,0.0,0.0
2023-06-30 00:00:00-04:00,4.800000190734863,4.940000057220459,4.789999961853027,4.909999847412109,405600,0.0,0.0
2023-07-03 00:00:00-04:00,4.909999847412109,4.949999809265137,4.880000114440918,4.909999847412109,193400,0.0,0.0
2023-07-05 00:00:00-04:00,4.900000095367432,4.900000095367432,4.590000152587891,4.599999904632568,239700,0.0,0.0
2023-07-06 00:00:00-04:00,4.5,4.5,4.130000114440918,4.179999828338623,322100,0.0,0.0
2023-07-07 00:00:00-04:00,4.28000020980835,4.570000171661377,4.25,4.559999942779541,911800,0.0,0.0
2023-07-10 00:00:00-04:00,4.53000020980835,4.860000133514404,4.510000228881836,4.78000020980835,410300,0.0,0.0
2023-07-11 00:00:00-04:00,4.75,4.994999885559082,4.75,4.909999847412109,562000,0.0,0.0
2023-07-12 00:00:00-04:00,4.809999942779541,5.0,4.809999942779541,4.849999904632568,343200,0.0,0.0
2023-07-13 00:00:00-04:00,4.880000114440918,4.940000057220459,4.704999923706055,4.71999979019165,183400,0.0,0.0
2023-07-14 00:00:00-04:00,4.71999979019165,4.78000020980835,4.695000171661377,4.75,280600,0.0,0.0
2023-07-17 00:00:00-04:00,4.739999771118164,4.849999904632568,4.699999809265137,4.789999961853027,195400,0.0,0.0
2023-07-18 00:00:00-04:00,4.789999961853027,4.829999923706055,4.710000038146973,4.730000019073486,197200,0.0,0.0
2023-07-19 00:00:00-04:00,4.679999828338623,4.829999923706055,4.670000076293945,4.789999961853027,252600,0.0,0.0
2023-07-20 00:00:00-04:00,4.800000190734863,4.894999980926514,4.78000020980835,4.889999866485596,204600,0.0,0.0
2023-07-21 00:00:00-04:00,4.920000076293945,5.0,4.900000095367432,4.929999828338623,445600,0.0,0.0
2023-07-24 00:00:00-04:00,4.920000076293945,4.980000019073486,4.824999809265137,4.849999904632568,168300,0.0,0.0
2023-07-25 00:00:00-04:00,4.840000152587891,4.869999885559082,4.730000019073486,4.739999771118164,157300,0.0,0.0
2023-07-26 00:00:00-04:00,4.739999771118164,4.809999942779541,4.699999809265137,4.800000190734863,149300,0.0,0.0
2023-07-27 00:00:00-04:00,4.789999961853027,4.860000133514404,4.635000228881836,4.71999979019165,359200,0.0,0.0
2023-07-28 00:00:00-04:00,4.71999979019165,4.849999904632568,4.71999979019165,4.800000190734863,265100,0.0,0.0
2023-07-31 00:00:00-04:00,4.800000190734863,4.949999809265137,4.800000190734863,4.929999828338623,229500,0.0,0.0
2023-08-01 00:00:00-04:00,4.929999828338623,5.005000114440918,4.900000095367432,4.960000038146973,373600,0.0,0.0
2023-08-02 00:00:00-04:00,4.949999809265137,4.949999809265137,4.739999771118164,4.739999771118164,307600,0.0,0.0
2023-08-03 00:00:00-04:00,4.71999979019165,4.730000019073486,4.59499979019165,4.610000133514404,295200,0.0,0.0
2023-08-04 00:00:00-04:00,4.349999904632568,4.35099983215332,3.9000000953674316,3.9600000381469727,763800,0.0,0.0
2023-08-07 00:00:00-04:00,3.9600000381469727,4.0,3.8499999046325684,3.9100000858306885,268100,0.0,0.0
2023-08-08 00:00:00-04:00,3.8499999046325684,3.990000009536743,3.7799999713897705,3.9800000190734863,315300,0.0,0.0
2023-08-09 00:00:00-04:00,3.9700000286102295,4.010000228881836,3.9000000953674316,3.940000057220459,313300,0.0,0.0
2023-08-10 00:00:00-04:00,3.950000047683716,3.9749999046325684,3.890000104904175,3.9200000762939453,327600,0.0,0.0
2023-08-11 00:00:00-04:00,3.9100000858306885,3.9100000858306885,3.7799999713897705,3.819999933242798,278800,0.0,0.0
2023-08-14 00:00:00-04:00,3.7300000190734863,3.799999952316284,3.7049999237060547,3.759999990463257,335000,0.0,0.0
2023-08-15 00:00:00-04:00,3.740000009536743,3.8299999237060547,3.7300000190734863,3.799999952316284,253800,0.0,0.0
2023-08-16 00:00:00-04:00,3.809999942779541,3.859999895095825,3.7249999046325684,3.75,218500,0.0,0.0
2023-08-17 00:00:00-04:00,3.75,3.7799999713897705,3.674999952316284,3.680000066757202,222000,0.0,0.0
2023-08-18 00:00:00-04:00,3.7200000286102295,3.7200000286102295,3.565000057220459,3.619999885559082,412900,0.0,0.0
2023-08-21 00:00:00-04:00,3.680000066757202,3.680000066757202,3.4000000953674316,3.4600000381469727,406300,0.0,0.0
2023-08-22 00:00:00-04:00,3.490000009536743,3.6500000953674316,3.4549999237060547,3.5799999237060547,343100,0.0,0.0
2023-08-23 00:00:00-04:00,3.5799999237060547,3.700000047683716,3.559999942779541,3.6600000858306885,253100,0.0,0.0
2023-08-24 00:00:00-04:00,3.630000114440918,3.630000114440918,3.4600000381469727,3.4700000286102295,218200,0.0,0.0
2023-08-25 00:00:00-04:00,3.4800000190734863,3.5299999713897705,3.450000047683716,3.490000009536743,207400,0.0,0.0
2023-08-28 00:00:00-04:00,3.490000009536743,3.5299999713897705,3.4549999237060547,3.4800000190734863,193700,0.0,0.0
2023-08-29 00:00:00-04:00,3.4600000381469727,3.619999885559082,3.4600000381469727,3.5799999237060547,180800,0.0,0.0
2023-08-30 00:00:00-04:00,3.559999942779541,3.609999895095825,3.5450000762939453,3.559999942779541,115300,0.0,0.0
2023-08-31 00:00:00-04:00,3.5399999618530273,3.5899999141693115,3.5339999198913574,3.559999942779541,195700,0.0,0.0
2023-09-01 00:00:00-04:00,3.5899999141693115,3.690000057220459,3.5799999237060547,3.640000104904175,220900,0.0,0.0
2023-09-05 00:00:00-04:00,3.5899999141693115,3.6050000190734863,3.509999990463257,3.5199999809265137,214500,0.0,0.0
2023-09-06 00:00:00-04:00,3.299999952316284,3.4700000286102295,3.2980000972747803,3.430000066757202,407400,0.0,0.0
2023-09-07 00:00:00-04:00,3.4200000762939453,3.430000066757202,3.359999895095825,3.369999885559082,240300,0.0,0.0
2023-09-08 00:00:00-04:00,3.390000104904175,3.4700000286102295,3.359999895095825,3.4000000953674316,160800,0.0,0.0
2023-09-11 00:00:00-04:00,3.434999942779541,3.490000009536743,3.3399999141693115,3.4100000858306885,197300,0.0,0.0
2023-09-12 00:00:00-04:00,3.4000000953674316,3.444999933242798,3.375,3.390000104904175,106200,0.0,0.0
2023-09-13 00:00:00-04:00,3.390000104904175,3.390000104904175,3.3350000381469727,3.3399999141693115,180100,0.0,0.0
2023-09-14 00:00:00-04:00,3.299999952316284,3.3399999141693115,3.2899999618530273,3.309999942779541,366100,0.0,0.0
2023-09-15 00:00:00-04:00,3.319999933242798,3.430000066757202,3.309999942779541,3.359999895095825,554300,0.0,0.0
2023-09-18 00:00:00-04:00,3.3499999046325684,3.375,3.2899999618530273,3.319999933242798,175400,0.0,0.0
2023-09-19 00:00:00-04:00,3.3299999237060547,3.369999885559082,3.25,3.2699999809265137,218300,0.0,0.0
2023-09-20 00:00:00-04:00,3.299999952316284,3.4100000858306885,3.25,3.259999990463257,132300,0.0,0.0
2023-09-21 00:00:00-04:00,3.2300000190734863,3.25,3.184999942779541,3.200000047683716,156400,0.0,0.0
2023-09-22 00:00:00-04:00,3.2100000381469727,3.2300000190734863,3.1500000953674316,3.200000047683716,180900,0.0,0.0
2023-09-25 00:00:00-04:00,3.1600000858306885,3.2690000534057617,3.130000114440918,3.240000009536743,210200,0.0,0.0
2023-09-26 00:00:00-04:00,3.2200000286102295,3.2799999713897705,3.1700000762939453,3.180000066757202,219400,0.0,0.0
2023-09-27 00:00:00-04:00,3.2100000381469727,3.25,3.190000057220459,3.240000009536743,164900,0.0,0.0
2023-09-28 00:00:00-04:00,3.2300000190734863,3.2309999465942383,3.1600000858306885,3.180000066757202,185400,0.0,0.0
2023-09-29 00:00:00-04:00,3.2100000381469727,3.25,3.1500000953674316,3.180000066757202,224800,0.0,0.0
2023-10-02 00:00:00-04:00,3.180000066757202,3.190000057220459,3.0899999141693115,3.119999885559082,405000,0.0,0.0
2023-10-03 00:00:00-04:00,3.130000114440918,3.140000104904175,3.069999933242798,3.0899999141693115,235600,0.0,0.0
2023-10-04 00:00:00-04:00,3.0899999141693115,3.2190001010894775,3.0399999618530273,3.0799999237060547,272900,0.0,0.0
2023-10-05 00:00:00-04:00,3.0799999237060547,3.2190001010894775,3.0299999713897705,3.0799999237060547,217500,0.0,0.0
2023-10-06 00:00:00-04:00,3.069999933242798,3.1500000953674316,3.062000036239624,3.0999999046325684,220800,0.0,0.0
2023-10-09 00:00:00-04:00,3.0799999237060547,3.140000104904175,3.0299999713897705,3.0899999141693115,145700,0.0,0.0
2023-10-10 00:00:00-04:00,3.130000114440918,3.1449999809265137,3.075000047683716,3.0899999141693115,206300,0.0,0.0
2023-10-11 00:00:00-04:00,3.0899999141693115,3.109999895095825,2.9600000381469727,2.990000009536743,216700,0.0,0.0
2023-10-12 00:00:00-04:00,3.0,3.0,2.8949999809265137,2.9100000858306885,308500,0.0,0.0
2023-10-13 00:00:00-04:00,2.9200000762939453,2.940000057220459,2.8399999141693115,2.859999895095825,233600,0.0,0.0
2023-10-16 00:00:00-04:00,2.890000104904175,2.9700000286102295,2.8550000190734863,2.869999885559082,303900,0.0,0.0
2023-10-17 00:00:00-04:00,2.8299999237060547,2.9600000381469727,2.8299999237060547,2.940000057220459,281600,0.0,0.0
2023-10-18 00:00:00-04:00,2.9200000762939453,2.940000057220459,2.8499999046325684,2.859999895095825,144600,0.0,0.0
2023-10-19 00:00:00-04:00,2.859999895095825,2.865000009536743,2.7899999618530273,2.7899999618530273,144200,0.0,0.0
2023-10-20 00:00:00-04:00,2.8299999237060547,2.8450000286102295,2.75,2.809999942779541,231000,0.0,0.0
2023-10-23 00:00:00-04:00,2.7699999809265137,2.9049999713897705,2.759999990463257,2.890000104904175,198200,0.0,0.0
2023-10-24 00:00:00-04:00,2.9000000953674316,2.994999885559082,2.9000000953674316,2.9700000286102295,230300,0.0,0.0
2023-10-25 00:00:00-04:00,2.940000057220459,2.9549999237060547,2.819999933242798,2.859999895095825,206800,0.0,0.0
2023-10-26 00:00:00-04:00,2.869999885559082,2.869999885559082,2.7200000286102295,2.7300000190734863,171700,0.0,0.0
2023-10-27 00:00:00-04:00,2.7300000190734863,2.740000009536743,2.680000066757202,2.7300000190734863,204200,0.0,0.0
2023-10-30 00:00:00-04:00,2.740000009536743,2.815000057220459,2.7100000381469727,2.799999952316284,145600,0.0,0.0
2023-10-31 00:00:00-04:00,2.8499999046325684,2.8550000190734863,2.7750000953674316,2.8299999237060547,183500,0.0,0.0
2023-11-01 00:00:00-04:00,2.8399999141693115,2.8399999141693115,2.75,2.7699999809265137,131600,0.0,0.0
2023-11-02 00:00:00-04:00,2.8299999237060547,2.9100000858306885,2.799999952316284,2.9000000953674316,179500,0.0,0.0
2023-11-03 00:00:00-04:00,2.7799999713897705,2.8499999046325684,2.5999999046325684,2.619999885559082,349600,0.0,0.0
2023-11-06 00:00:00-05:00,2.640000104904175,2.6700000762939453,2.5199999809265137,2.5299999713897705,284100,0.0,0.0
2023-11-07 00:00:00-05:00,2.569999933242798,2.6700000762939453,2.555000066757202,2.619999885559082,340800,0.0,0.0
2023-11-08 00:00:00-05:00,2.7200000286102295,2.7300000190734863,2.6500000953674316,2.680000066757202,246000,0.0,0.0
2023-11-09 00:00:00-05:00,2.700000047683716,2.700000047683716,2.4700000286102295,2.4800000190734863,241700,0.0,0.0
2023-11-10 00:00:00-05:00,2.490000009536743,2.490000009536743,2.380000114440918,2.430000066757202,610000,0.0,0.0
2023-11-13 00:00:00-05:00,2.4200000762939453,2.4800000190734863,2.390000104904175,2.440000057220459,345800,0.0,0.0
2023-11-14 00:00:00-05:00,2.5199999809265137,2.5399999618530273,2.4549999237060547,2.509999990463257,623700,0.0,0.0
2023-11-15 00:00:00-05:00,2.4700000286102295,2.555000066757202,2.4700000286102295,2.4800000190734863,487000,0.0,0.0
2023-11-16 00:00:00-05:00,2.440000057220459,2.549999952316284,2.384999990463257,2.440000057220459,471900,0.0,0.0
2023-11-17 00:00:00-05:00,2.450000047683716,2.634999990463257,2.430000066757202,2.5899999141693115,628800,0.0,0.0
2023-11-20 00:00:00-05:00,2.569999933242798,2.640000104904175,2.5450000762939453,2.619999885559082,345100,0.0,0.0
2023-11-21 00:00:00-05:00,2.5999999046325684,2.690000057220459,2.5799999237060547,2.6700000762939453,343500,0.0,0.0
2023-11-22 00:00:00-05:00,2.690000057220459,2.700000047683716,2.569999933242798,2.5799999237060547,291900,0.0,0.0
2023-11-24 00:00:00-05:00,2.5799999237060547,2.6700000762939453,2.5399999618530273,2.640000104904175,196600,0.0,0.0
2023-11-27 00:00:00-05:00,2.5999999046325684,2.6700000762939453,2.5850000381469727,2.5899999141693115,289200,0.0,0.0
2023-11-28 00:00:00-05:00,2.569999933242798,2.615000009536743,2.4800000190734863,2.5,232000,0.0,0.0
2023-11-29 00:00:00-05:00,2.5,2.549999952316284,2.4549999237060547,2.4800000190734863,235900,0.0,0.0
2023-11-30 00:00:00-05:00,2.5,2.5,2.380000114440918,2.390000104904175,640400,0.0,0.0
2023-12-01 00:00:00-05:00,2.4100000858306885,2.5799999237060547,2.380000114440918,2.559999942779541,408200,0.0,0.0
2023-12-04 00:00:00-05:00,2.559999942779541,2.630000114440918,2.549999952316284,2.5799999237060547,290200,0.0,0.0
2023-12-05 00:00:00-05:00,2.559999942779541,2.609999895095825,2.5299999713897705,2.5799999237060547,269300,0.0,0.0
2023-12-06 00:00:00-05:00,2.5899999141693115,2.6500000953674316,2.549999952316284,2.549999952316284,254800,0.0,0.0
2023-12-07 00:00:00-05:00,2.5299999713897705,2.549999952316284,2.5,2.5299999713897705,243100,0.0,0.0
2023-12-08 00:00:00-05:00,2.549999952316284,2.619999885559082,2.5399999618530273,2.5999999046325684,307000,0.0,0.0
2023-12-11 00:00:00-05:00,2.5399999618530273,2.559999942779541,2.450000047683716,2.5,900200,0.0,0.0
2023-12-12 00:00:00-05:00,2.509999990463257,2.619999885559082,2.4100000858306885,2.5799999237060547,349500,0.0,0.0
2023-12-13 00:00:00-05:00,2.559999942779541,2.7200000286102295,2.549999952316284,2.7100000381469727,951000,0.0,0.0
2023-12-14 00:00:00-05:00,2.740000009536743,2.7699999809265137,2.5799999237060547,2.680000066757202,631500,0.0,0.0
2023-12-15 00:00:00-05:00,2.75,2.75,2.5999999046325684,2.6500000953674316,1124600,0.0,0.0
2023-12-18 00:00:00-05:00,2.6700000762939453,2.7100000381469727,2.630000114440918,2.6600000858306885,296800,0.0,0.0
2023-12-19 00:00:00-05:00,2.7100000381469727,2.759999990463257,2.6600000858306885,2.75,369300,0.0,0.0
2023-12-20 00:00:00-05:00,2.759999990463257,2.890000104904175,2.7100000381469727,2.7100000381469727,453600,0.0,0.0
2023-12-21 00:00:00-05:00,2.740000009536743,2.8299999237060547,2.7200000286102295,2.75,228800,0.0,0.0
2023-12-22 00:00:00-05:00,2.75,2.819999933242798,2.740000009536743,2.7899999618530273,256200,0.0,0.0
2023-12-26 00:00:00-05:00,2.819999933242798,2.8399999141693115,2.7699999809265137,2.8299999237060547,254700,0.0,0.0
2023-12-27 00:00:00-05:00,2.8399999141693115,2.8499999046325684,2.7950000762939453,2.8299999237060547,261300,0.0,0.0
2023-12-28 00:00:00-05:00,2.819999933242798,2.8450000286102295,2.7899999618530273,2.809999942779541,261100,0.0,0.0
2023-12-29 00:00:00-05:00,2.8299999237060547,2.8299999237060547,2.6500000953674316,2.7100000381469727,399500,0.0,0.0
2024-01-02 00:00:00-05:00,2.690000057220459,2.690000057220459,2.609999895095825,2.609999895095825,261800,0.0,0.0
2024-01-03 00:00:00-05:00,2.5999999046325684,2.5999999046325684,2.509999990463257,2.5299999713897705,235700,0.0,0.0
2024-01-04 00:00:00-05:00,2.549999952316284,2.568000078201294,2.5,2.549999952316284,193500,0.0,0.0
2024-01-05 00:00:00-05:00,2.5,2.5,2.4049999713897705,2.4100000858306885,282000,0.0,0.0
2024-01-08 00:00:00-05:00,2.440000057220459,2.5,2.4000000953674316,2.4800000190734863,238600,0.0,0.0
2024-01-09 00:00:00-05:00,2.4600000381469727,2.4600000381469727,2.369999885559082,2.380000114440918,182900,0.0,0.0
2024-01-10 00:00:00-05:00,2.380000114440918,2.430000066757202,2.3399999141693115,2.4100000858306885,240900,0.0,0.0
2024-01-11 00:00:00-05:00,2.4100000858306885,2.4100000858306885,2.3550000190734863,2.369999885559082,318900,0.0,0.0
2024-01-12 00:00:00-05:00,2.4000000953674316,2.4800000190734863,2.390000104904175,2.4100000858306885,238700,0.0,0.0
2024-01-16 00:00:00-05:00,2.4000000953674316,2.4100000858306885,2.299999952316284,2.309999942779541,289200,0.0,0.0
2024-01-17 00:00:00-05:00,2.2799999713897705,2.2799999713897705,2.2100000381469727,2.259999990463257,314700,0.0,0.0
2024-01-18 00:00:00-05:00,2.2799999713897705,2.2899999618530273,2.2200000286102295,2.2799999713897705,272300,0.0,0.0
2024-01-19 00:00:00-05:00,2.299999952316284,2.299999952316284,2.2200000286102295,2.2799999713897705,207700,0.0,0.0
2024-01-22 00:00:00-05:00,2.2799999713897705,2.380000114440918,2.25,2.369999885559082,314300,0.0,0.0
2024-01-23 00:00:00-05:00,2.359999895095825,2.4000000953674316,2.3399999141693115,2.3499999046325684,199700,0.0,0.0
2024-01-24 00:00:00-05:00,2.380000114440918,2.380000114440918,2.2899999618530273,2.2899999618530273,187700,0.0,0.0
2024-01-25 00:00:00-05:00,2.3399999141693115,2.359999895095825,2.2799999713897705,2.309999942779541,208700,0.0,0.0
2024-01-26 00:00:00-05:00,2.3399999141693115,2.3399999141693115,2.255000114440918,2.259999990463257,205900,0.0,0.0
2024-01-29 00:00:00-05:00,2.2699999809265137,2.359999895095825,2.2300000190734863,2.3399999141693115,164500,0.0,0.0
2024-01-30 00:00:00-05:00,2.3299999237060547,2.3299999237060547,2.25,2.2799999713897705,160300,0.0,0.0
2024-01-31 00:00:00-05:00,2.2799999713897705,2.299999952316284,2.200000047683716,2.200000047683716,242500,0.0,0.0
2024-02-01 00:00:00-05:00,2.190000057220459,2.2950000762939453,2.174999952316284,2.2799999713897705,369700,0.0,0.0
2024-02-02 00:00:00-05:00,2.240000009536743,2.25,2.200000047683716,2.2100000381469727,164900,0.0,0.0
2024-02-05 00:00:00-05:00,2.2100000381469727,2.240000009536743,2.130000114440918,2.1600000858306885,236700,0.0,0.0
2024-02-06 00:00:00-05:00,2.1700000762939453,2.200000047683716,2.134999990463257,2.200000047683716,232000,0.0,0.0
2024-02-07 00:00:00-05:00,2.190000057220459,2.190000057220459,2.119999885559082,2.1600000858306885,261300,0.0,0.0
2024-02-08 00:00:00-05:00,2.1700000762939453,2.180000066757202,2.140000104904175,2.1700000762939453,173800,0.0,0.0
2024-02-09 00:00:00-05:00,2.1700000762939453,2.259999990463257,2.1500000953674316,2.240000009536743,299600,0.0,0.0
2024-02-12 00:00:00-05:00,2.200000047683716,2.365000009536743,2.200000047683716,2.319999933242798,423700,0.0,0.0
2024-02-13 00:00:00-05:00,2.25,2.259999990463257,2.130000114440918,2.1500000953674316,408800,0.0,0.0
2024-02-14 00:00:00-05:00,2.200000047683716,2.2899999618530273,2.1600000858306885,2.2899999618530273,332900,0.0,0.0
2024-02-15 00:00:00-05:00,2.299999952316284,2.380000114440918,2.25,2.380000114440918,331100,0.0,0.0
2024-02-16 00:00:00-05:00,2.369999885559082,2.378000020980835,2.2799999713897705,2.299999952316284,373100,0.0,0.0
2024-02-20 00:00:00-05:00,2.259999990463257,2.2950000762939453,2.25,2.2699999809265137,301600,0.0,0.0
2024-02-21 00:00:00-05:00,2.2899999618530273,2.2899999618530273,2.2300000190734863,2.259999990463257,298200,0.0,0.0
2024-02-22 00:00:00-05:00,2.25,2.25,2.1700000762939453,2.190000057220459,293000,0.0,0.0
2024-02-23 00:00:00-05:00,2.1600000858306885,2.200000047683716,2.140000104904175,2.190000057220459,287600,0.0,0.0
2024-02-26 00:00:00-05:00,2.190000057220459,2.2799999713897705,2.1500000953674316,2.2699999809265137,353600,0.0,0.0
2024-02-27 00:00:00-05:00,2.299999952316284,2.3299999237060547,2.259999990463257,2.319999933242798,471000,0.0,0.0
2024-02-28 00:00:00-05:00,2.299999952316284,2.3399999141693115,2.265000104904175,2.299999952316284,210000,0.0,0.0
2024-02-29 00:00:00-05:00,2.3499999046325684,2.380000114440918,2.2899999618530273,2.369999885559082,1937100,0.0,0.0
2024-03-01 00:00:00-05:00,2.369999885559082,2.4100000858306885,2.299999952316284,2.3399999141693115,418300,0.0,0.0
2024-03-04 00:00:00-05:00,2.369999885559082,2.390000104904175,2.190000057220459,2.190000057220459,370900,0.0,0.0
2024-03-05 00:00:00-05:00,2.180000066757202,2.180000066757202,2.1050000190734863,2.119999885559082,293100,0.0,0.0
2024-03-06 00:00:00-05:00,2.1600000858306885,2.1700000762939453,2.0950000286102295,2.109999895095825,261000,0.0,0.0
2024-03-07 00:00:00-05:00,2.140000104904175,2.140000104904175,1.9950000047683716,2.130000114440918,455300,0.0,0.0
2024-03-08 00:00:00-05:00,2.1700000762939453,2.180000066757202,2.0999999046325684,2.140000104904175,272100,0.0,0.0
2024-03-11 00:00:00-04:00,2.1600000858306885,2.200000047683716,2.130000114440918,2.200000047683716,388000,0.0,0.0
2024-03-12 00:00:00-04:00,2.180000066757202,2.369999885559082,2.1549999713897705,2.3299999237060547,615600,0.0,0.0
2024-03-13 00:00:00-04:00,2.3399999141693115,2.3399999141693115,2.130000114440918,2.1500000953674316,404500,0.0,0.0
2024-03-14 00:00:00-04:00,2.140000104904175,2.1500000953674316,1.899999976158142,2.0,554400,0.0,0.0
2024-03-15 00:00:00-04:00,1.9600000381469727,2.0999999046325684,1.9500000476837158,2.0999999046325684,891800,0.0,0.0
2024-03-18 00:00:00-04:00,2.0899999141693115,2.319999933242798,2.069999933242798,2.319999933242798,713100,0.0,0.0
2024-03-19 00:00:00-04:00,2.309999942779541,2.430000066757202,2.2699999809265137,2.384999990463257,639800,0.0,0.0
2024-03-20 00:00:00-04:00,2.380000114440918,2.569999933242798,2.380000114440918,2.5299999713897705,795600,0.0,0.0
2024-03-21 00:00:00-04:00,2.549999952316284,2.5899999141693115,2.4600000381469727,2.549999952316284,487100,0.0,0.0
2024-03-22 00:00:00-04:00,2.549999952316284,2.565000057220459,2.490000009536743,2.5299999713897705,353100,0.0,0.0
2024-03-25 00:00:00-04:00,2.5,2.5899999141693115,2.5,2.5799999237060547,375200,0.0,0.0
2024-03-26 00:00:00-04:00,2.5999999046325684,2.700000047683716,2.4800000190734863,2.6500000953674316,387700,0.0,0.0
2024-03-27 00:00:00-04:00,2.6600000858306885,2.700000047683716,2.6050000190734863,2.690000057220459,343700,0.0,0.0
2024-03-28 00:00:00-04:00,2.690000057220459,2.7850000858306885,2.690000057220459,2.7799999713897705,461400,0.0,0.0
2024-04-01 00:00:00-04:00,2.7799999713897705,2.869999885559082,2.740000009536743,2.819999933242798,404500,0.0,0.0
2024-04-02 00:00:00-04:00,2.7200000286102295,2.7899999618530273,2.559999942779541,2.759999990463257,428800,0.0,0.0
2024-04-03 00:00:00-04:00,2.740000009536743,2.9800000190734863,2.740000009536743,2.9100000858306885,490800,0.0,0.0
2024-04-04 00:00:00-04:00,2.9100000858306885,3.0350000858306885,2.8399999141693115,2.9100000858306885,562700,0.0,0.0
2024-04-05 00:00:00-04:00,2.9100000858306885,2.9100000858306885,2.765000104904175,2.8399999141693115,267700,0.0,0.0
2024-04-08 00:00:00-04:00,2.890000104904175,2.9000000953674316,2.799999952316284,2.809999942779541,179000,0.0,0.0
2024-04-09 00:00:00-04:00,2.7799999713897705,2.869999885559082,2.744999885559082,2.799999952316284,228500,0.0,0.0
2024-04-10 00:00:00-04:00,2.690000057220459,2.755000114440918,2.559999942779541,2.75,386100,0.0,0.0
2024-04-11 00:00:00-04:00,2.7300000190734863,2.809999942779541,2.680000066757202,2.7300000190734863,181200,0.0,0.0
2024-04-12 00:00:00-04:00,2.7200000286102295,2.7200000286102295,2.609999895095825,2.609999895095825,223100,0.0,0.0
2024-04-15 00:00:00-04:00,2.619999885559082,2.619999885559082,2.509999990463257,2.5199999809265137,201000,0.0,0.0
2024-04-16 00:00:00-04:00,2.490000009536743,2.509999990463257,2.4200000762939453,2.430000066757202,214900,0.0,0.0
2024-04-17 00:00:00-04:00,2.450000047683716,2.4700000286102295,2.319999933242798,2.359999895095825,262000,0.0,0.0
2024-04-18 00:00:00-04:00,2.359999895095825,2.4200000762939453,2.25,2.299999952316284,362000,0.0,0.0
2024-04-19 00:00:00-04:00,2.2699999809265137,2.309999942779541,2.2699999809265137,2.309999942779541,274700,0.0,0.0
2024-04-22 00:00:00-04:00,2.319999933242798,2.375,2.299999952316284,2.3499999046325684,200200,0.0,0.0
2024-04-23 00:00:00-04:00,2.3499999046325684,2.369999885559082,2.2799999713897705,2.2899999618530273,140300,0.0,0.0
2024-04-24 00:00:00-04:00,2.299999952316284,2.299999952316284,2.184999942779541,2.2300000190734863,182000,0.0,0.0
2024-04-25 00:00:00-04:00,2.180000066757202,2.2200000286102295,2.140000104904175,2.2100000381469727,247000,0.0,0.0
2024-04-26 00:00:00-04:00,2.2100000381469727,2.25,2.180000066757202,2.240000009536743,150400,0.0,0.0
2024-04-29 00:00:00-04:00,2.240000009536743,2.259999990463257,2.200000047683716,2.240000009536743,130800,0.0,0.0
2024-04-30 00:00:00-04:00,2.2200000286102295,2.2200000286102295,2.140000104904175,2.1600000858306885,196200,0.0,0.0
2024-05-01 00:00:00-04:00,2.190000057220459,2.259999990463257,2.1700000762939453,2.25,184600,0.0,0.0
2024-05-02 00:00:00-04:00,2.2799999713897705,2.299999952316284,2.200000047683716,2.2899999618530273,178700,0.0,0.0
2024-05-03 00:00:00-04:00,2.309999942779541,2.3499999046325684,2.2799999713897705,2.3499999046325684,179600,0.0,0.0
2024-05-06 00:00:00-04:00,2.390000104904175,2.390000104904175,2.2799999713897705,2.3299999237060547,186400,0.0,0.0
2024-05-07 00:00:00-04:00,2.319999933242798,2.430000066757202,2.2799999713897705,2.4200000762939453,209600,0.0,0.0
2024-05-08 00:00:00-04:00,2.4600000381469727,2.4800000190734863,2.369999885559082,2.450000047683716,247700,0.0,0.0
2024-05-09 00:00:00-04:00,2.4600000381469727,2.5,2.4149999618530273,2.440000057220459,159600,0.0,0.0
2024-05-10 00:00:00-04:00,2.4000000953674316,2.4000000953674316,2.2249999046325684,2.2899999618530273,200800,0.0,0.0
2024-05-13 00:00:00-04:00,2.309999942779541,2.380000114440918,2.2899999618530273,2.369999885559082,199200,0.0,0.0
2024-05-14 00:00:00-04:00,2.4200000762939453,2.490000009536743,2.390000104904175,2.4800000190734863,243300,0.0,0.0
2024-05-15 00:00:00-04:00,2.549999952316284,2.549999952316284,2.359999895095825,2.380000114440918,181000,0.0,0.0
2024-05-16 00:00:00-04:00,2.3499999046325684,2.380000114440918,2.305000066757202,2.369999885559082,183300,0.0,0.0
2024-05-17 00:00:00-04:00,2.359999895095825,2.430000066757202,2.3350000381469727,2.4100000858306885,165200,0.0,0.0
2024-05-20 00:00:00-04:00,2.380000114440918,2.390000104904175,2.240000009536743,2.25,219600,0.0,0.0
2024-05-21 00:00:00-04:00,2.2300000190734863,2.2300000190734863,2.140000104904175,2.190000057220459,200800,0.0,0.0
2024-05-22 00:00:00-04:00,2.190000057220459,2.2300000190734863,2.1700000762939453,2.2200000286102295,361700,0.0,0.0
2024-05-23 00:00:00-04:00,2.2200000286102295,2.255000114440918,2.180000066757202,2.240000009536743,294400,0.0,0.0
2024-05-24 00:00:00-04:00,2.240000009536743,2.309999942779541,2.180000066757202,2.309999942779541,136900,0.0,0.0
2024-05-28 00:00:00-04:00,2.3399999141693115,2.359999895095825,2.2750000953674316,2.2899999618530273,170300,0.0,0.0
2024-05-29 00:00:00-04:00,2.2300000190734863,2.259999990463257,2.184999942779541,2.2300000190734863,179800,0.0,0.0
2024-05-30 00:00:00-04:00,2.2300000190734863,2.2699999809265137,2.2249999046325684,2.2699999809265137,147200,0.0,0.0
2024-05-31 00:00:00-04:00,2.259999990463257,2.309999942779541,2.2249999046325684,2.2699999809265137,144900,0.0,0.0
2024-06-03 00:00:00-04:00,2.2799999713897705,2.2850000858306885,2.234999895095825,2.2699999809265137,119800,0.0,0.0
2024-06-04 00:00:00-04:00,2.2300000190734863,2.234999895095825,2.140000104904175,2.2200000286102295,206200,0.0,0.0
2024-06-05 00:00:00-04:00,2.2200000286102295,2.359999895095825,2.2149999141693115,2.319999933242798,152000,0.0,0.0
2024-06-06 00:00:00-04:00,2.3299999237060547,2.430000066757202,2.299999952316284,2.369999885559082,187600,0.0,0.0
2024-06-07 00:00:00-04:00,2.319999933242798,2.325000047683716,2.2230000495910645,2.240000009536743,115800,0.0,0.0
2024-06-10 00:00:00-04:00,2.190000057220459,2.25,2.190000057220459,2.2100000381469727,117300,0.0,0.0
2024-06-11 00:00:00-04:00,2.190000057220459,2.319999933242798,2.190000057220459,2.2899999618530273,147800,0.0,0.0
2024-06-12 00:00:00-04:00,2.390000104904175,2.4549999237060547,2.3499999046325684,2.380000114440918,256500,0.0,0.0
2024-06-13 00:00:00-04:00,2.359999895095825,2.359999895095825,2.2300000190734863,2.2799999713897705,206000,0.0,0.0
2024-06-14 00:00:00-04:00,2.2300000190734863,2.24399995803833,2.1549999713897705,2.200000047683716,146500,0.0,0.0
2024-06-17 00:00:00-04:00,2.180000066757202,2.190000057220459,2.1600000858306885,2.180000066757202,94700,0.0,0.0
2024-06-18 00:00:00-04:00,2.1500000953674316,2.184999942779541,2.0799999237060547,2.0899999141693115,162900,0.0,0.0
2024-06-20 00:00:00-04:00,2.0899999141693115,2.130000114440918,2.0299999713897705,2.069999933242798,175300,0.0,0.0
2024-06-21 00:00:00-04:00,2.059999942779541,2.130000114440918,2.055000066757202,2.0899999141693115,337300,0.0,0.0
2024-06-24 00:00:00-04:00,2.119999885559082,2.130000114440918,2.0299999713897705,2.0899999141693115,113800,0.0,0.0
2024-06-25 00:00:00-04:00,2.059999942779541,2.0899999141693115,2.0299999713897705,2.0299999713897705,107300,0.0,0.0
2024-06-26 00:00:00-04:00,2.049999952316284,2.0799999237060547,2.0,2.0399999618530273,189000,0.0,0.0
2024-06-27 00:00:00-04:00,2.0399999618530273,2.0999999046325684,2.0299999713897705,2.069999933242798,117700,0.0,0.0
2024-06-28 00:00:00-04:00,2.0999999046325684,2.130000114440918,2.0299999713897705,2.069999933242798,1129800,0.0,0.0
2024-07-01 00:00:00-04:00,2.049999952316284,2.122999906539917,2.0,2.049999952316284,275900,0.0,0.0
2024-07-02 00:00:00-04:00,2.049999952316284,2.1600000858306885,2.0199999809265137,2.119999885559082,170000,0.0,0.0
2024-07-03 00:00:00-04:00,2.119999885559082,2.119999885559082,2.075000047683716,2.0799999237060547,75300,0.0,0.0
2024-07-05 00:00:00-04:00,2.049999952316284,2.0799999237060547,2.0399999618530273,2.069999933242798,266700,0.0,0.0
2024-07-08 00:00:00-04:00,2.0999999046325684,2.1549999713897705,2.062000036239624,2.1500000953674316,231400,0.0,0.0
2024-07-09 00:00:00-04:00,2.119999885559082,2.130000114440918,1.9500000476837158,1.9500000476837158,276400,0.0,0.0
2024-07-10 00:00:00-04:00,1.9700000286102295,2.0,1.8799999952316284,1.9700000286102295,185600,0.0,0.0
2024-07-11 00:00:00-04:00,2.0299999713897705,2.109999895095825,2.009999990463257,2.109999895095825,219600,0.0,0.0
2024-07-12 00:00:00-04:00,2.109999895095825,2.1549999713897705,2.069999933242798,2.109999895095825,226200,0.0,0.0
2024-07-15 00:00:00-04:00,2.140000104904175,2.1500000953674316,2.109999895095825,2.140000104904175,196500,0.0,0.0
2024-07-16 00:00:00-04:00,2.140000104904175,2.2100000381469727,2.130000114440918,2.200000047683716,199800,0.0,0.0
2024-07-17 00:00:00-04:00,2.1600000858306885,2.2190001010894775,2.119999885559082,2.140000104904175,163900,0.0,0.0
2024-07-18 00:00:00-04:00,2.140000104904175,2.1500000953674316,2.0420000553131104,2.059999942779541,139300,0.0,0.0
2024-07-19 00:00:00-04:00,2.049999952316284,2.049999952316284,2.003999948501587,2.0399999618530273,157700,0.0,0.0
2024-07-22 00:00:00-04:00,2.049999952316284,2.119999885559082,1.9850000143051147,2.119999885559082,157600,0.0,0.0
2024-07-23 00:00:00-04:00,2.0999999046325684,2.190000057220459,2.0989999771118164,2.1700000762939453,201100,0.0,0.0
2024-07-24 00:00:00-04:00,2.1700000762939453,2.2200000286102295,2.0450000762939453,2.0899999141693115,300100,0.0,0.0
2024-07-25 00:00:00-04:00,2.109999895095825,2.200000047683716,2.069999933242798,2.119999885559082,249600,0.0,0.0
2024-07-26 00:00:00-04:00,2.130000114440918,2.180000066757202,2.0799999237060547,2.1700000762939453,142600,0.0,0.0
2024-07-29 00:00:00-04:00,2.1700000762939453,2.200000047683716,2.069999933242798,2.069999933242798,98200,0.0,0.0
2024-07-30 00:00:00-04:00,2.049999952316284,2.1700000762939453,2.049999952316284,2.1700000762939453,281400,0.0,0.0
2024-07-31 00:00:00-04:00,2.1700000762939453,2.234999895095825,2.115000009536743,2.1700000762939453,217800,0.0,0.0
2024-08-01 00:00:00-04:00,2.1700000762939453,2.1700000762939453,2.0850000381469727,2.119999885559082,233600,0.0,0.0
2024-08-02 00:00:00-04:00,2.009999990463257,2.119999885559082,2.009999990463257,2.0999999046325684,213600,0.0,0.0
2024-08-05 00:00:00-04:00,2.0,2.071000099182129,1.909999966621399,1.940000057220459,339500,0.0,0.0
2024-08-06 00:00:00-04:00,1.75,1.8279999494552612,1.5800000429153442,1.7100000381469727,489600,0.0,0.0
2024-08-07 00:00:00-04:00,1.7200000286102295,1.7200000286102295,1.5199999809265137,1.5299999713897705,349200,0.0,0.0
2024-08-08 00:00:00-04:00,1.559999942779541,1.6299999952316284,1.5299999713897705,1.5800000429153442,184000,0.0,0.0
2024-08-09 00:00:00-04:00,1.5700000524520874,1.625,1.5,1.5399999618530273,229600,0.0,0.0
2024-08-12 00:00:00-04:00,1.5199999809265137,1.5299999713897705,1.440000057220459,1.5099999904632568,479400,0.0,0.0
2024-08-13 00:00:00-04:00,1.5199999809265137,1.5700000524520874,1.5049999952316284,1.559999942779541,176800,0.0,0.0
2024-08-14 00:00:00-04:00,1.559999942779541,1.600000023841858,1.5,1.5199999809265137,118500,0.0,0.0
2024-08-15 00:00:00-04:00,1.5800000429153442,1.659999966621399,1.559999942779541,1.5800000429153442,228200,0.0,0.0
2024-08-16 00:00:00-04:00,1.5800000429153442,1.6399999856948853,1.5099999904632568,1.559999942779541,438600,0.0,0.0
2024-08-19 00:00:00-04:00,1.559999942779541,1.6299999952316284,1.559999942779541,1.600000023841858,62300,0.0,0.0
2024-08-20 00:00:00-04:00,1.5800000429153442,1.6200000047683716,1.5,1.5,180800,0.0,0.0
2024-08-21 00:00:00-04:00,1.5199999809265137,1.5499999523162842,1.4900000095367432,1.5299999713897705,127800,0.0,0.0
2024-08-22 00:00:00-04:00,1.5199999809265137,1.5299999713897705,1.5,1.524999976158142,89700,0.0,0.0
2024-08-23 00:00:00-04:00,1.5299999713897705,1.6299999952316284,1.4919999837875366,1.590000033378601,294700,0.0,0.0
2024-08-26 00:00:00-04:00,1.600000023841858,1.659999966621399,1.5499999523162842,1.649999976158142,425700,0.0,0.0
2024-08-27 00:00:00-04:00,1.6200000047683716,1.6200000047683716,1.559999942779541,1.559999942779541,94800,0.0,0.0
2024-08-28 00:00:00-04:00,1.5499999523162842,1.5700000524520874,1.5099999904632568,1.5099999904632568,137900,0.0,0.0
2024-08-29 00:00:00-04:00,1.5399999618530273,1.5399999618530273,1.4800000190734863,1.5,224800,0.0,0.0
2024-08-30 00:00:00-04:00,1.4900000095367432,1.5299999713897705,1.4850000143051147,1.5199999809265137,164600,0.0,0.0
2024-09-03 00:00:00-04:00,1.5099999904632568,1.5299999713897705,1.4700000286102295,1.4800000190734863,124400,0.0,0.0
2024-09-04 00:00:00-04:00,1.4700000286102295,1.4950000047683716,1.4600000381469727,1.4700000286102295,88600,0.0,0.0
2024-09-05 00:00:00-04:00,1.4900000095367432,1.5199999809265137,1.4800000190734863,1.5,82700,0.0,0.0
2024-09-06 00:00:00-04:00,1.4500000476837158,1.4700000286102295,1.4500000476837158,1.4500000476837158,193000,0.0,0.0
2024-09-09 00:00:00-04:00,1.4299999475479126,1.5750000476837158,1.4299999475479126,1.5099999904632568,182200,0.0,0.0
2024-09-10 00:00:00-04:00,1.5199999809265137,1.5700000524520874,1.5,1.5299999713897705,106800,0.0,0.0
2024-09-11 00:00:00-04:00,1.5199999809265137,1.6050000190734863,1.5,1.559999942779541,161500,0.0,0.0
2024-09-12 00:00:00-04:00,1.5800000429153442,1.6299999952316284,1.559999942779541,1.600000023841858,111800,0.0,0.0
2024-09-13 00:00:00-04:00,1.6299999952316284,1.7100000381469727,1.590000033378601,1.6299999952316284,149900,0.0,0.0
2024-09-16 00:00:00-04:00,1.6399999856948853,1.649999976158142,1.5499999523162842,1.600000023841858,135800,0.0,0.0
2024-09-17 00:00:00-04:00,1.6200000047683716,1.7200000286102295,1.5800000429153442,1.6799999475479126,223500,0.0,0.0
2024-09-18 00:00:00-04:00,1.6699999570846558,1.7899999618530273,1.6399999856948853,1.6399999856948853,1725900,0.0,0.0
2024-09-19 00:00:00-04:00,1.649999976158142,1.659999966621399,1.4800000190734863,1.5,506600,0.0,0.0
2024-09-20 00:00:00-04:00,1.5,1.565000057220459,1.4900000095367432,1.4900000095367432,1991000,0.0,0.0
2024-09-23 00:00:00-04:00,1.4700000286102295,1.5700000524520874,1.4700000286102295,1.4700000286102295,327300,0.0,0.0
2024-09-24 00:00:00-04:00,1.4800000190734863,1.5299999713897705,1.4800000190734863,1.4900000095367432,138600,0.0,0.0
2024-09-25 00:00:00-04:00,1.4800000190734863,1.4900000095367432,1.4600000381469727,1.475000023841858,149100,0.0,0.0
2024-09-26 00:00:00-04:00,1.5,1.5449999570846558,1.5,1.5,318400,0.0,0.0
2024-09-27 00:00:00-04:00,1.5299999713897705,1.590000033378601,1.5,1.5499999523162842,349100,0.0,0.0
2024-09-30 00:00:00-04:00,1.5399999618530273,1.593999981880188,1.5,1.5099999904632568,183500,0.0,0.0
2024-10-01 00:00:00-04:00,1.5,1.534999966621399,1.5,1.5,195800,0.0,0.0
2024-10-02 00:00:00-04:00,1.5,1.5299999713897705,1.5,1.5099999904632568,178800,0.0,0.0
2024-10-03 00:00:00-04:00,1.5,1.5299999713897705,1.4950000047683716,1.5099999904632568,114300,0.0,0.0
2024-10-04 00:00:00-04:00,1.5399999618530273,1.5399999618530273,1.4950000047683716,1.5,144700,0.0,0.0
2024-10-07 00:00:00-04:00,1.5,1.5149999856948853,1.4950000047683716,1.5,146600,0.0,0.0
2024-10-08 00:00:00-04:00,1.5099999904632568,1.5199999809265137,1.5,1.5099999904632568,122900,0.0,0.0
2024-10-09 00:00:00-04:00,1.5,1.524999976158142,1.5,1.5,80100,0.0,0.0
2024-10-10 00:00:00-04:00,1.5,1.5210000276565552,1.5,1.5,132200,0.0,0.0
2024-10-11 00:00:00-04:00,1.5,1.5299999713897705,1.475000023841858,1.4900000095367432,196000,0.0,0.0
2024-10-14 00:00:00-04:00,1.4800000190734863,1.5149999856948853,1.4700000286102295,1.4900000095367432,111200,0.0,0.0
2024-10-15 00:00:00-04:00,1.4800000190734863,1.5199999809265137,1.4700000286102295,1.4700000286102295,148300,0.0,0.0
2024-10-16 00:00:00-04:00,1.4900000095367432,1.5299999713897705,1.4800000190734863,1.5099999904632568,156600,0.0,0.0
2024-10-17 00:00:00-04:00,1.5,1.50600004196167,1.4700000286102295,1.4800000190734863,92100,0.0,0.0
2024-10-18 00:00:00-04:00,1.4800000190734863,1.5099999904632568,1.399999976158142,1.409999966621399,268200,0.0,0.0
2024-10-21 00:00:00-04:00,1.409999966621399,1.4700000286102295,1.399999976158142,1.4299999475479126,168100,0.0,0.0
2024-10-22 00:00:00-04:00,1.4299999475479126,1.4950000047683716,1.4199999570846558,1.4600000381469727,99100,0.0,0.0
2024-10-23 00:00:00-04:00,1.4500000476837158,1.465000033378601,1.4199999570846558,1.4299999475479126,41100,0.0,0.0
2024-10-24 00:00:00-04:00,1.440000057220459,1.4500000476837158,1.399999976158142,1.399999976158142,71600,0.0,0.0
2024-10-25 00:00:00-04:00,1.3899999856948853,1.4500000476837158,1.3899999856948853,1.399999976158142,114900,0.0,0.0
2024-10-28 00:00:00-04:00,1.3899999856948853,1.4800000190734863,1.3849999904632568,1.3899999856948853,479200,0.0,0.0
2024-10-29 00:00:00-04:00,1.3600000143051147,1.409999966621399,1.350000023841858,1.409999966621399,259900,0.0,0.0
2024-10-30 00:00:00-04:00,1.409999966621399,1.4500000476837158,1.3949999809265137,1.399999976158142,166400,0.0,0.0
2024-10-31 00:00:00-04:00,1.399999976158142,1.440000057220459,1.3200000524520874,1.3300000429153442,131800,0.0,0.0
2024-11-01 00:00:00-04:00,1.3300000429153442,1.399999976158142,1.3300000429153442,1.3700000047683716,190900,0.0,0.0
2024-11-04 00:00:00-05:00,1.350000023841858,1.4299999475479126,1.350000023841858,1.3799999952316284,208000,0.0,0.0
2024-11-05 00:00:00-05:00,1.3300000429153442,1.5299999713897705,1.1950000524520874,1.4600000381469727,341900,0.0,0.0
2024-11-06 00:00:00-05:00,1.5800000429153442,1.6699999570846558,1.4800000190734863,1.5800000429153442,422500,0.0,0.0
2024-11-07 00:00:00-05:00,1.590000033378601,1.6449999809265137,1.5399999618530273,1.5800000429153442,241200,0.0,0.0
2024-11-08 00:00:00-05:00,1.5700000524520874,1.5950000286102295,1.5099999904632568,1.5499999523162842,200200,0.0,0.0
2024-11-11 00:00:00-05:00,1.5399999618530273,1.6699999570846558,1.5299999713897705,1.649999976158142,493300,0.0,0.0
2024-11-12 00:00:00-05:00,1.6200000047683716,1.75,1.6200000047683716,1.6799999475479126,339100,0.0,0.0
2024-11-13 00:00:00-05:00,1.659999966621399,1.75,1.6200000047683716,1.7100000381469727,376100,0.0,0.0
2024-11-14 00:00:00-05:00,1.7100000381469727,1.8250000476837158,1.6929999589920044,1.7899999618530273,454400,0.0,0.0
2024-11-15 00:00:00-05:00,1.8300000429153442,1.840000033378601,1.7009999752044678,1.7200000286102295,210500,0.0,0.0
2024-11-18 00:00:00-05:00,1.7100000381469727,1.7999999523162842,1.7020000219345093,1.7300000190734863,202100,0.0,0.0
2024-11-19 00:00:00-05:00,1.7000000476837158,1.7000000476837158,1.5850000381469727,1.6200000047683716,196300,0.0,0.0
2024-11-20 00:00:00-05:00,1.590000033378601,1.7200000286102295,1.590000033378601,1.7200000286102295,179000,0.0,0.0
2024-11-21 00:00:00-05:00,1.7300000190734863,1.8600000143051147,1.7200000286102295,1.850000023841858,202600,0.0,0.0
2024-11-22 00:00:00-05:00,1.850000023841858,1.899999976158142,1.75,1.8799999952316284,242700,0.0,0.0
2024-11-25 00:00:00-05:00,1.8700000047683716,1.9199999570846558,1.809999942779541,1.809999942779541,283300,0.0,0.0
2024-11-26 00:00:00-05:00,1.8300000429153442,1.8700000047683716,1.812000036239624,1.840000033378601,113000,0.0,0.0
2024-11-27 00:00:00-05:00,1.850000023841858,1.9199999570846558,1.7999999523162842,1.850000023841858,120400,0.0,0.0
2024-11-29 00:00:00-05:00,1.8600000143051147,1.934999942779541,1.8450000286102295,1.9199999570846558,97800,0.0,0.0
2024-12-02 00:00:00-05:00,1.8899999856948853,1.9049999713897705,1.784999966621399,1.7899999618530273,224800,0.0,0.0
2024-12-03 00:00:00-05:00,1.7599999904632568,1.9450000524520874,1.7100000381469727,1.9299999475479126,226300,0.0,0.0
2024-12-04 00:00:00-05:00,1.9299999475479126,2.0799999237060547,1.9299999475479126,2.059999942779541,319600,0.0,0.0
2024-12-05 00:00:00-05:00,2.0399999618530273,2.049999952316284,1.9700000286102295,2.0,254400,0.0,0.0
2024-12-06 00:00:00-05:00,2.0299999713897705,2.0299999713897705,1.9950000047683716,2.0199999809265137,183300,0.0,0.0
2024-12-09 00:00:00-05:00,2.0,2.190000057220459,2.0,2.1600000858306885,369100,0.0,0.0
2024-12-10 00:00:00-05:00,2.1500000953674316,2.2100000381469727,2.069999933242798,2.180000066757202,305500,0.0,0.0
2024-12-11 00:00:00-05:00,2.190000057220459,2.2899999618530273,2.1600000858306885,2.2300000190734863,619100,0.0,0.0
2024-12-12 00:00:00-05:00,2.2100000381469727,2.2200000286102295,2.0899999141693115,2.119999885559082,168900,0.0,0.0
2024-12-13 00:00:00-05:00,2.0999999046325684,2.140000104904175,2.055000066757202,2.109999895095825,169300,0.0,0.0
2024-12-16 00:00:00-05:00,2.0799999237060547,2.109999895095825,2.059999942779541,2.0999999046325684,164900,0.0,0.0
2024-12-17 00:00:00-05:00,2.0999999046325684,2.1050000190734863,2.009999990463257,2.0999999046325684,159700,0.0,0.0
2024-12-18 00:00:00-05:00,2.0,2.0299999713897705,1.9149999618530273,1.9800000190734863,463900,0.0,0.0
2024-12-19 00:00:00-05:00,1.9900000095367432,2.0,1.9149999618530273,1.9500000476837158,211300,0.0,0.0
2024-12-20 00:00:00-05:00,1.9299999475479126,2.140000104904175,1.9199999570846558,2.119999885559082,955500,0.0,0.0
2024-12-23 00:00:00-05:00,2.140000104904175,2.1449999809265137,1.9830000400543213,2.0,171900,0.0,0.0
2024-12-24 00:00:00-05:00,2.009999990463257,2.009999990463257,1.9800000190734863,2.0,55400,0.0,0.0
2024-12-26 00:00:00-05:00,2.0199999809265137,2.0199999809265137,1.9500000476837158,1.9700000286102295,99700,0.0,0.0
2024-12-27 00:00:00-05:00,1.9500000476837158,1.9670000076293945,1.8799999952316284,1.909999966621399,169500,0.0,0.0
2024-12-30 00:00:00-05:00,1.899999976158142,1.899999976158142,1.8350000381469727,1.840000033378601,170400,0.0,0.0
2024-12-31 00:00:00-05:00,1.8600000143051147,1.9500000476837158,1.850000023841858,1.8600000143051147,197500,0.0,0.0
2025-01-02 00:00:00-05:00,1.8799999952316284,1.965000033378601,1.8700000047683716,1.8899999856948853,230400,0.0,0.0
2025-01-03 00:00:00-05:00,1.8899999856948853,2.0,1.8200000524520874,1.9500000476837158,206300,0.0,0.0
2025-01-06 00:00:00-05:00,1.9199999570846558,1.9850000143051147,1.8600000143051147,1.8600000143051147,260900,0.0,0.0
2025-01-07 00:00:00-05:00,1.8600000143051147,1.909999966621399,1.7699999809265137,1.7799999713897705,186400,0.0,0.0
2025-01-08 00:00:00-05:00,1.7799999713897705,1.8179999589920044,1.7599999904632568,1.7699999809265137,152500,0.0,0.0
2025-01-10 00:00:00-05:00,1.7200000286102295,1.8600000143051147,1.659999966621399,1.7300000190734863,199700,0.0,0.0
2025-01-13 00:00:00-05:00,1.7699999809265137,1.7799999713897705,1.7100000381469727,1.7200000286102295,97800,0.0,0.0
2025-01-14 00:00:00-05:00,1.7699999809265137,1.7899999618530273,1.7100000381469727,1.7300000190734863,143300,0.0,0.0
2025-01-15 00:00:00-05:00,1.7899999618530273,1.8200000524520874,1.7799999713897705,1.7999999523162842,210800,0.0,0.0
2025-01-16 00:00:00-05:00,1.8300000429153442,1.8300000429153442,1.7699999809265137,1.7699999809265137,214100,0.0,0.0
2025-01-17 00:00:00-05:00,1.7899999618530273,1.8650000095367432,1.7599999904632568,1.7699999809265137,205900,0.0,0.0
2025-01-21 00:00:00-05:00,1.7699999809265137,1.8700000047683716,1.7599999904632568,1.8700000047683716,217600,0.0,0.0
2025-01-22 00:00:00-05:00,1.8600000143051147,1.8899999856948853,1.809999942779541,1.8200000524520874,144800,0.0,0.0
2025-01-23 00:00:00-05:00,1.8600000143051147,1.8600000143051147,1.7999999523162842,1.8300000429153442,177900,0.0,0.0
2025-01-24 00:00:00-05:00,1.850000023841858,1.909999966621399,1.8300000429153442,1.8700000047683716,215600,0.0,0.0
2025-01-27 00:00:00-05:00,1.8200000524520874,1.899999976158142,1.7899999618530273,1.809999942779541,138200,0.0,0.0
2025-01-28 00:00:00-05:00,1.7999999523162842,1.9049999713897705,1.7699999809265137,1.8899999856948853,167100,0.0,0.0
2025-01-29 00:00:00-05:00,1.8899999856948853,1.899999976158142,1.774999976158142,1.8600000143051147,114900,0.0,0.0
2025-01-30 00:00:00-05:00,1.8899999856948853,1.8949999809265137,1.840000033378601,1.8600000143051147,92000,0.0,0.0
2025-01-31 00:00:00-05:00,1.8300000429153442,1.8450000286102295,1.75,1.75,120100,0.0,0.0
2025-02-03 00:00:00-05:00,1.7000000476837158,1.75,1.6399999856948853,1.649999976158142,186200,0.0,0.0
2025-02-04 00:00:00-05:00,1.649999976158142,1.7400000095367432,1.649999976158142,1.7300000190734863,113900,0.0,0.0
2025-02-05 00:00:00-05:00,1.7400000095367432,1.7799999713897705,1.6100000143051147,1.7699999809265137,75500,0.0,0.0
2025-02-06 00:00:00-05:00,1.75,1.7899999618530273,1.7400000095367432,1.7699999809265137,108900,0.0,0.0
2025-02-07 00:00:00-05:00,1.7999999523162842,1.809999942779541,1.725000023841858,1.7300000190734863,118400,0.0,0.0
2025-02-10 00:00:00-05:00,1.7400000095367432,1.7999999523162842,1.7380000352859497,1.7599999904632568,93500,0.0,0.0
2025-02-11 00:00:00-05:00,1.7200000286102295,1.7799999713897705,1.7200000286102295,1.7300000190734863,102900,0.0,0.0
2025-02-12 00:00:00-05:00,1.7300000190734863,1.7549999952316284,1.7100000381469727,1.7100000381469727,112600,0.0,0.0
2025-02-13 00:00:00-05:00,1.690000057220459,1.809999942779541,1.690000057220459,1.809999942779541,141100,0.0,0.0
2025-02-14 00:00:00-05:00,1.8200000524520874,1.850000023841858,1.75,1.7799999713897705,74900,0.0,0.0
2025-02-18 00:00:00-05:00,1.7899999618530273,1.899999976158142,1.7699999809265137,1.7899999618530273,112000,0.0,0.0
2025-02-19 00:00:00-05:00,1.7899999618530273,1.8899999856948853,1.7200000286102295,1.7400000095367432,149800,0.0,0.0
2025-02-20 00:00:00-05:00,1.7200000286102295,1.7649999856948853,1.7100000381469727,1.7599999904632568,77600,0.0,0.0
2025-02-21 00:00:00-05:00,1.7799999713897705,1.809999942779541,1.7000000476837158,1.7000000476837158,105200,0.0,0.0
2025-02-24 00:00:00-05:00,1.7100000381469727,1.7899999618530273,1.690000057220459,1.75,112400,0.0,0.0
2025-02-25 00:00:00-05:00,1.7300000190734863,1.7549999952316284,1.7089999914169312,1.7100000381469727,143200,0.0,0.0
2025-02-26 00:00:00-05:00,1.7200000286102295,1.7410000562667847,1.649999976158142,1.6699999570846558,94300,0.0,0.0
2025-02-27 00:00:00-05:00,1.6699999570846558,1.6799999475479126,1.590000033378601,1.590000033378601,76700,0.0,0.0
2025-02-28 00:00:00-05:00,1.590000033378601,1.6339999437332153,1.5700000524520874,1.6299999952316284,155600,0.0,0.0
2025-03-03 00:00:00-05:00,1.6200000047683716,1.6699999570846558,1.5,1.5099999904632568,155700,0.0,0.0
2025-03-04 00:00:00-05:00,1.5099999904632568,1.5950000286102295,1.5099999904632568,1.5700000524520874,118900,0.0,0.0
2025-03-05 00:00:00-05:00,1.5399999618530273,1.6349999904632568,1.5399999618530273,1.559999942779541,248200,0.0,0.0
2025-03-06 00:00:00-05:00,1.5299999713897705,1.600000023841858,1.5299999713897705,1.5299999713897705,88700,0.0,0.0
2025-03-07 00:00:00-05:00,1.5299999713897705,1.590000033378601,1.5199999809265137,1.559999942779541,100400,0.0,0.0
2025-03-10 00:00:00-04:00,1.5399999618530273,1.5800000429153442,1.4850000143051147,1.5,391300,0.0,0.0
2025-03-11 00:00:00-04:00,1.5,1.5199999809265137,1.3200000524520874,1.3200000524520874,225400,0.0,0.0
2025-03-12 00:00:00-04:00,1.340000033378601,1.340000033378601,1.2000000476837158,1.2000000476837158,194500,0.0,0.0
2025-03-13 00:00:00-04:00,1.2100000381469727,1.2300000190734863,1.1399999856948853,1.149999976158142,210500,0.0,0.0
2025-03-14 00:00:00-04:00,1.159999966621399,1.25,1.159999966621399,1.2400000095367432,184400,0.0,0.0
2025-03-17 00:00:00-04:00,1.2100000381469727,1.2599999904632568,1.190000057220459,1.2000000476837158,188300,0.0,0.0
2025-03-18 00:00:00-04:00,1.1799999475479126,1.3300000429153442,1.152999997138977,1.25,542400,0.0,0.0
2025-03-19 00:00:00-04:00,1.25,1.2999999523162842,1.2400000095367432,1.2999999523162842,138000,0.0,0.0
2025-03-20 00:00:00-04:00,1.2699999809265137,1.3200000524520874,1.2699999809265137,1.2999999523162842,146300,0.0,0.0
2025-03-21 00:00:00-04:00,1.2699999809265137,1.3600000143051147,1.25,1.2799999713897705,620700,0.0,0.0
2025-03-24 00:00:00-04:00,1.309999942779541,1.340000033378601,1.2999999523162842,1.3200000524520874,179400,0.0,0.0
2025-03-25 00:00:00-04:00,1.3200000524520874,1.3650000095367432,1.2699999809265137,1.3200000524520874,192200,0.0,0.0
2025-03-26 00:00:00-04:00,1.3200000524520874,1.4600000381469727,1.3200000524520874,1.4299999475479126,136500,0.0,0.0
2025-03-27 00:00:00-04:00,1.4199999570846558,1.475000023841858,1.3799999952316284,1.3849999904632568,186600,0.0,0.0
2025-03-28 00:00:00-04:00,1.3899999856948853,1.409999966621399,1.3049999475479126,1.309999942779541,95400,0.0,0.0
2025-03-31 00:00:00-04:00,1.2899999618530273,1.340000033378601,1.2699999809265137,1.2699999809265137,159200,0.0,0.0
2025-04-01 00:00:00-04:00,1.2599999904632568,1.2899999618530273,1.2200000286102295,1.2200000286102295,227200,0.0,0.0
2025-04-02 00:00:00-04:00,1.190000057220459,1.2599999904632568,1.190000057220459,1.25,151900,0.0,0.0
2025-04-03 00:00:00-04:00,1.149999976158142,1.2100000381469727,1.149999976158142,1.1699999570846558,280500,0.0,0.0
2025-04-04 00:00:00-04:00,1.149999976158142,1.2699999809265137,1.149999976158142,1.2599999904632568,412900,0.0,0.0
2025-04-07 00:00:00-04:00,1.25,1.3899999856948853,1.1799999475479126,1.340000033378601,441200,0.0,0.0
2025-04-08 00:00:00-04:00,1.409999966621399,1.4299999475479126,1.2599999904632568,1.2799999713897705,255400,0.0,0.0
2025-04-09 00:00:00-04:00,1.2799999713897705,1.3899999856948853,1.2450000047683716,1.309999942779541,220600,0.0,0.0
2025-04-10 00:00:00-04:00,1.3300000429153442,1.3300000429153442,1.2300000190734863,1.25,189900,0.0,0.0
2025-04-11 00:00:00-04:00,1.2400000095367432,1.350000023841858,1.2400000095367432,1.340000033378601,137800,0.0,0.0
2025-04-14 00:00:00-04:00,1.350000023841858,1.350000023841858,1.2200000286102295,1.2400000095367432,257600,0.0,0.0
2025-04-15 00:00:00-04:00,1.2200000286102295,1.309999942779541,1.2200000286102295,1.2699999809265137,138900,0.0,0.0
2025-04-16 00:00:00-04:00,1.2699999809265137,1.309999942779541,1.2649999856948853,1.2999999523162842,118000,0.0,0.0
2025-04-17 00:00:00-04:00,1.2899999618530273,1.3200000524520874,1.2699999809265137,1.2799999713897705,240600,0.0,0.0
2025-04-21 00:00:00-04:00,1.25,1.315000057220459,1.25,1.2599999904632568,105500,0.0,0.0
2025-04-22 00:00:00-04:00,1.2699999809265137,1.2999999523162842,1.2100000381469727,1.2599999904632568,163200,0.0,0.0
2025-04-23 00:00:00-04:00,1.2599999904632568,1.3200000524520874,1.2300000190734863,1.2400000095367432,140700,0.0,0.0
2025-04-24 00:00:00-04:00,1.2300000190734863,1.2799999713897705,1.2300000190734863,1.2400000095367432,149600,0.0,0.0
2025-04-25 00:00:00-04:00,1.2200000286102295,1.2799999713897705,1.2200000286102295,1.2699999809265137,154200,0.0,0.0
2025-04-28 00:00:00-04:00,1.25,1.274999976158142,1.2400000095367432,1.2400000095367432,108800,0.0,0.0
2025-04-29 00:00:00-04:00,1.2200000286102295,1.2699999809265137,1.2200000286102295,1.25,105600,0.0,0.0
2025-04-30 00:00:00-04:00,1.2300000190734863,1.2899999618530273,1.2300000190734863,1.2699999809265137,169600,0.0,0.0
2025-05-01 00:00:00-04:00,1.2599999904632568,1.2899999618530273,1.25,1.2799999713897705,80100,0.0,0.0
2025-05-02 00:00:00-04:00,1.2699999809265137,1.375,1.2649999856948853,1.350000023841858,116400,0.0,0.0
2025-05-05 00:00:00-04:00,1.350000023841858,1.399999976158142,1.3079999685287476,1.399999976158142,280700,0.0,0.0
2025-05-06 00:00:00-04:00,1.3990000486373901,1.434999942779541,1.309999942779541,1.309999942779541,270300,0.0,0.0
2025-05-07 00:00:00-04:00,1.3200000524520874,1.3650000095367432,1.2740000486373901,1.3600000143051147,162600,0.0,0.0
2025-05-08 00:00:00-04:00,1.3600000143051147,1.4500000476837158,1.312000036239624,1.440000057220459,236200,0.0,0.0
2025-05-09 00:00:00-04:00,1.4500000476837158,1.6100000143051147,1.440000057220459,1.5499999523162842,386800,0.0,0.0
2025-05-12 00:00:00-04:00,1.559999942779541,1.6749999523162842,1.5399999618530273,1.659999966621399,348400,0.0,0.0
2025-05-13 00:00:00-04:00,1.6799999475479126,1.690000057220459,1.5700000524520874,1.600000023841858,212000,0.0,0.0
2025-05-14 00:00:00-04:00,1.5800000429153442,1.600000023841858,1.5,1.5299999713897705,147500,0.0,0.0
2025-05-15 00:00:00-04:00,1.5299999713897705,1.5950000286102295,1.5299999713897705,1.5499999523162842,84100,0.0,0.0
2025-05-16 00:00:00-04:00,1.5299999713897705,1.5449999570846558,1.4479999542236328,1.4900000095367432,180600,0.0,0.0
2025-05-19 00:00:00-04:00,1.4600000381469727,1.5149999856948853,1.4600000381469727,1.5,88300,0.0,0.0
2025-05-20 00:00:00-04:00,1.4800000190734863,1.5199999809265137,1.4700000286102295,1.4800000190734863,50300,0.0,0.0
2025-05-21 00:00:00-04:00,1.4500000476837158,1.4900000095367432,1.3899999856948853,1.399999976158142,211200,0.0,0.0
2025-05-22 00:00:00-04:00,1.3799999952316284,1.4299999475479126,1.340000033378601,1.350000023841858,183300,0.0,0.0
2025-05-23 00:00:00-04:00,1.3799999952316284,1.5989999771118164,1.3799999952316284,1.409999966621399,579800,0.0,0.0
2025-05-27 00:00:00-04:00,1.4199999570846558,1.5499999523162842,1.409000039100647,1.409999966621399,525900,0.0,0.0
2025-05-28 00:00:00-04:00,1.399999976158142,1.4700000286102295,1.3200000524520874,1.340000033378601,344300,0.0,0.0
2025-05-29 00:00:00-04:00,1.350000023841858,1.4809999465942383,1.340000033378601,1.350000023841858,242700,0.0,0.0
2025-05-30 00:00:00-04:00,1.350000023841858,1.4299999475479126,1.340000033378601,1.340000033378601,517400,0.0,0.0
2025-06-02 00:00:00-04:00,1.3700000047683716,1.440000057220459,1.340000033378601,1.350000023841858,380100,0.0,0.0
2025-06-03 00:00:00-04:00,1.340000033378601,1.565000057220459,1.25,1.559999942779541,1949600,0.0,0.0
2025-06-04 00:00:00-04:00,1.5399999618530273,1.5839999914169312,1.4299999475479126,1.4700000286102295,205600,0.0,0.0
2025-06-05 00:00:00-04:00,1.4700000286102295,1.5199999809265137,1.440000057220459,1.4700000286102295,191500,0.0,0.0
2025-06-06 00:00:00-04:00,1.4800000190734863,1.5199999809265137,1.4600000381469727,1.4700000286102295,142300,0.0,0.0
2025-06-09 00:00:00-04:00,1.4700000286102295,1.5199999809265137,1.4600000381469727,1.5,259300,0.0,0.0
2025-06-10 00:00:00-04:00,1.5099999904632568,1.534999966621399,1.4800000190734863,1.5,164900,0.0,0.0
2025-06-11 00:00:00-04:00,1.4900000095367432,1.5499999523162842,1.4700000286102295,1.5,301400,0.0,0.0
2025-06-12 00:00:00-04:00,1.4700000286102295,1.5800000429153442,1.4700000286102295,1.5,449100,0.0,0.0
2025-06-13 00:00:00-04:00,1.4500000476837158,1.5190000534057617,1.4500000476837158,1.4600000381469727,188200,0.0,0.0
2025-06-16 00:00:00-04:00,1.4500000476837158,1.4800000190734863,1.3899999856948853,1.4199999570846558,408100,0.0,0.0
2025-06-17 00:00:00-04:00,1.399999976158142,1.4600000381469727,1.3899999856948853,1.399999976158142,166400,0.0,0.0
2025-06-18 00:00:00-04:00,1.399999976158142,1.4450000524520874,1.399999976158142,1.4299999475479126,168500,0.0,0.0
2025-06-20 00:00:00-04:00,1.4500000476837158,1.4500000476837158,1.3799999952316284,1.399999976158142,346500,0.0,0.0
2025-06-23 00:00:00-04:00,1.3899999856948853,1.4299999475479126,1.3200000524520874,1.3700000047683716,195400,0.0,0.0
2025-06-24 00:00:00-04:00,1.399999976158142,1.399999976158142,1.2949999570846558,1.3799999952316284,491400,0.0,0.0
2025-06-25 00:00:00-04:00,1.3799999952316284,1.399999976158142,1.3300000429153442,1.3799999952316284,208000,0.0,0.0
2025-06-26 00:00:00-04:00,1.3700000047683716,1.378999948501587,1.2949999570846558,1.3300000429153442,449000,0.0,0.0
2025-06-27 00:00:00-04:00,1.3300000429153442,1.3600000143051147,1.2899999618530273,1.2999999523162842,640500,0.0,0.0
2025-06-30 00:00:00-04:00,1.3200000524520874,1.3550000190734863,1.2899999618530273,1.309999942779541,485200,0.0,0.0
2025-07-01 00:00:00-04:00,1.3200000524520874,1.375,1.2999999523162842,1.3700000047683716,608400,0.0,0.0
2025-07-02 00:00:00-04:00,1.3600000143051147,1.375,1.3300000429153442,1.340000033378601,137000,0.0,0.0
2025-07-03 00:00:00-04:00,1.340000033378601,1.340000033378601,1.2799999713897705,1.2999999523162842,118300,0.0,0.0
2025-07-07 00:00:00-04:00,1.3200000524520874,1.3200000524520874,1.190000057220459,1.2200000286102295,469600,0.0,0.0
2025-07-08 00:00:00-04:00,1.2300000190734863,1.25,1.190000057220459,1.190000057220459,275800,0.0,0.0
2025-07-09 00:00:00-04:00,1.2100000381469727,1.2699999809265137,1.190000057220459,1.2599999904632568,273600,0.0,0.0
2025-07-10 00:00:00-04:00,1.25,1.2799999713897705,1.2000000476837158,1.2400000095367432,295600,0.0,0.0
2025-07-11 00:00:00-04:00,1.2300000190734863,1.2799999713897705,1.2100000381469727,1.2400000095367432,299200,0.0,0.0
2025-07-14 00:00:00-04:00,1.2200000286102295,1.2599999904632568,1.2100000381469727,1.2300000190734863,204600,0.0,0.0
2025-07-15 00:00:00-04:00,1.2300000190734863,1.2300000190734863,1.1699999570846558,1.190000057220459,225200,0.0,0.0
2025-07-16 00:00:00-04:00,1.190000057220459,1.2200000286102295,1.1640000343322754,1.2100000381469727,143800,0.0,0.0
2025-07-17 00:00:00-04:00,1.2100000381469727,1.2400000095367432,1.1699999570846558,1.190000057220459,235000,0.0,0.0
2025-07-18 00:00:00-04:00,1.2100000381469727,1.2100000381469727,1.1699999570846558,1.1699999570846558,193300,0.0,0.0
2025-07-21 00:00:00-04:00,1.1699999570846558,1.2599999904632568,1.1699999570846558,1.2300000190734863,386500,0.0,0.0
2025-07-22 00:00:00-04:00,1.2200000286102295,1.309999942779541,1.2200000286102295,1.25,614000,0.0,0.0
2025-07-23 00:00:00-04:00,1.2699999809265137,1.2899999618530273,1.2000000476837158,1.2799999713897705,234000,0.0,0.0
2025-07-24 00:00:00-04:00,1.2799999713897705,1.2899999618530273,1.2300000190734863,1.25,145700,0.0,0.0
2025-07-25 00:00:00-04:00,1.25,1.25,1.1799999475479126,1.2200000286102295,170300,0.0,0.0
2025-07-28 00:00:00-04:00,1.2200000286102295,1.25,1.2079999446868896,1.2200000286102295,122700,0.0,0.0
2025-07-29 00:00:00-04:00,1.2300000190734863,1.25,1.1749999523162842,1.190000057220459,133100,0.0,0.0
2025-07-30 00:00:00-04:00,1.190000057220459,1.2100000381469727,1.149999976158142,1.159999966621399,163100,0.0,0.0
2025-07-31 00:00:00-04:00,1.159999966621399,1.2400000095367432,1.149999976158142,1.149999976158142,265000,0.0,0.0
2025-08-01 00:00:00-04:00,1.149999976158142,1.184999942779541,1.0800000429153442,1.090000033378601,296500,0.0,0.0
2025-08-04 00:00:00-04:00,1.1100000143051147,1.1299999952316284,1.090000033378601,1.100000023841858,320700,0.0,0.0
2025-08-05 00:00:00-04:00,1.0800000429153442,1.100000023841858,1.0499999523162842,1.0800000429153442,361800,0.0,0.0
2025-08-06 00:00:00-04:00,1.0800000429153442,1.1299999952316284,1.0499999523162842,1.090000033378601,198700,0.0,0.0
2025-08-07 00:00:00-04:00,1.090000033378601,1.125,1.0549999475479126,1.0700000524520874,194500,0.0,0.0
2025-08-08 00:00:00-04:00,1.090000033378601,1.100000023841858,1.0499999523162842,1.0499999523162842,84400,0.0,0.0
2025-08-11 00:00:00-04:00,1.0499999523162842,1.0549999475479126,1.0,1.0299999713897705,751000,0.0,0.0
2025-08-12 00:00:00-04:00,1.0399999618530273,1.059999942779541,1.0199999809265137,1.0399999618530273,171700,0.0,0.0
2025-08-13 00:00:00-04:00,1.0499999523162842,1.0740000009536743,1.0299999713897705,1.0499999523162842,265100,0.0,0.0
2025-08-14 00:00:00-04:00,1.0299999713897705,1.0399999618530273,1.0299999713897705,1.0399999618530273,130900,0.0,0.0
2025-08-15 00:00:00-04:00,1.0499999523162842,1.0499999523162842,1.0099999904632568,1.0199999809265137,116600,0.0,0.0
2025-08-18 00:00:00-04:00,1.0099999904632568,1.0299999713897705,0.9110000133514404,0.9179999828338623,676000,0.0,0.0
2025-08-19 00:00:00-04:00,0.9100000262260437,0.9599999785423279,0.8999999761581421,0.9580000042915344,268600,0.0,0.0
2025-08-20 00:00:00-04:00,0.9539999961853027,0.968999981880188,0.9319999814033508,0.9490000009536743,181900,0.0,0.0
2025-08-21 00:00:00-04:00,0.9350000023841858,0.9649999737739563,0.9350000023841858,0.9399999976158142,156600,0.0,0.0
2025-08-22 00:00:00-04:00,0.949999988079071,1.0,0.949999988079071,0.9940000176429749,369900,0.0,0.0
2025-08-25 00:00:00-04:00,1.0,1.024999976158142,0.9819999933242798,1.0199999809265137,196200,0.0,0.0
2025-08-26 00:00:00-04:00,1.0199999809265137,1.0499999523162842,1.0049999952316284,1.0299999713897705,148900,0.0,0.0
2025-08-27 00:00:00-04:00,1.0199999809265137,1.059999942779541,1.0,1.0049999952316284,143100,0.0,0.0
2025-08-28 00:00:00-04:00,1.0199999809265137,1.0199999809265137,0.9520000219345093,0.953000009059906,248500,0.0,0.0
2025-08-29 00:00:00-04:00,0.9710000157356262,0.9860000014305115,0.9599999785423279,0.9670000076293945,196000,0.0,0.0
2025-09-02 00:00:00-04:00,0.949999988079071,0.9700000286102295,0.9480000138282776,0.9620000123977661,110900,0.0,0.0
2025-09-03 00:00:00-04:00,0.949999988079071,0.9800000190734863,0.9390000104904175,0.9430000185966492,290400,0.0,0.0
2025-09-04 00:00:00-04:00,0.9449999928474426,0.9739999771118164,0.9449999928474426,0.9660000205039978,150100,0.0,0.0
2025-09-05 00:00:00-04:00,0.9679999947547913,0.9779999852180481,0.9470000267028809,0.9700000286102295,189400,0.0,0.0
2025-09-08 00:00:00-04:00,0.9700000286102295,0.9789999723434448,0.9459999799728394,0.968999981880188,204400,0.0,0.0
2025-09-09 00:00:00-04:00,0.9639999866485596,0.9639999866485596,0.9520000219345093,0.9570000171661377,159600,0.0,0.0
2025-09-10 00:00:00-04:00,0.9589999914169312,0.9589999914169312,0.949999988079071,0.9549999833106995,201300,0.0,0.0
2025-09-11 00:00:00-04:00,0.9449999928474426,0.9589999914169312,0.9430000185966492,0.9559999704360962,273300,0.0,0.0
2025-09-12 00:00:00-04:00,0.9470000267028809,0.9729999899864197,0.9470000267028809,0.9649999737739563,303900,0.0,0.0
2025-09-15 00:00:00-04:00,0.9599999785423279,0.9710000157356262,0.9440000057220459,0.9589999914169312,153100,0.0,0.0
2025-09-16 00:00:00-04:00,0.949999988079071,0.9649999737739563,0.949999988079071,0.9580000042915344,298300,0.0,0.0
2025-09-17 00:00:00-04:00,0.9539999961853027,0.9570000171661377,0.9399999976158142,0.9520000219345093,392500,0.0,0.0
2025-09-18 00:00:00-04:00,0.949999988079071,0.9900000095367432,0.925000011920929,0.9900000095367432,250100,0.0,0.0
2025-09-19 00:00:00-04:00,0.9929999709129333,1.0099999904632568,0.9509999752044678,0.9950000047683716,849400,0.0,0.0
2025-09-22 00:00:00-04:00,0.9750000238418579,1.0199999809265137,0.9649999737739563,1.0199999809265137,276100,0.0,0.0
2025-09-23 00:00:00-04:00,1.0099999904632568,1.0800000429153442,1.0010000467300415,1.059999942779541,328600,0.0,0.0
2025-09-24 00:00:00-04:00,1.0499999523162842,1.0700000524520874,0.9700000286102295,0.9760000109672546,198000,0.0,0.0
2025-09-25 00:00:00-04:00,0.9649999737739563,0.9860000014305115,0.9549999833106995,0.9580000042915344,160800,0.0,0.0
2025-09-26 00:00:00-04:00,0.949999988079071,0.9850000143051147,0.949999988079071,0.9679999947547913,150600,0.0,0.0
2025-09-29 00:00:00-04:00,0.949999988079071,0.9819999933242798,0.949999988079071,0.9660000205039978,164800,0.0,0.0
2025-09-30 00:00:00-04:00,0.9649999737739563,1.0089999437332153,0.949999988079071,0.9629999995231628,176500,0.0,0.0
2025-10-01 00:00:00-04:00,0.949999988079071,1.0,0.949999988079071,0.949999988079071,203900,0.0,0.0
2025-10-02 00:00:00-04:00,0.9350000023841858,0.9589999914169312,0.9200000166893005,0.9430000185966492,151300,0.0,0.0
2025-10-03 00:00:00-04:00,0.9399999976158142,0.9649999737739563,0.9319999814033508,0.949999988079071,175700,0.0,0.0
2025-10-06 00:00:00-04:00,0.9300000071525574,0.9909999966621399,0.9300000071525574,0.9409999847412109,253000,0.0,0.0
2025-10-07 00:00:00-04:00,0.9300000071525574,0.9599999785423279,0.9300000071525574,0.9409999847412109,297300,0.0,0.0
2025-10-08 00:00:00-04:00,0.9399999976158142,0.9900000095367432,0.9399999976158142,0.9559999704360962,155300,0.0,0.0
2025-10-09 00:00:00-04:00,0.9509999752044678,0.9750000238418579,0.9509999752044678,0.9539999961853027,123200,0.0,0.0
2025-10-10 00:00:00-04:00,0.9399999976158142,0.9570000171661377,0.921999990940094,0.9449999928474426,283800,0.0,0.0
2025-10-13 00:00:00-04:00,0.949999988079071,0.9580000042915344,0.9309999942779541,0.953000009059906,106500,0.0,0.0
2025-10-14 00:00:00-04:00,0.949999988079071,0.9610000252723694,0.9309999942779541,0.9549999833106995,131100,0.0,0.0
2025-10-15 00:00:00-04:00,0.9649999737739563,0.9800000190734863,0.9399999976158142,0.949999988079071,106300,0.0,0.0
2025-10-16 00:00:00-04:00,0.9509999752044678,0.9629999995231628,0.9309999942779541,0.9409999847412109,154300,0.0,0.0
2025-10-17 00:00:00-04:00,0.9259999990463257,0.9599999785423279,0.925000011920929,0.949999988079071,252500,0.0,0.0
2025-10-20 00:00:00-04:00,0.9399999976158142,0.9789999723434448,0.9350000023841858,0.9580000042915344,140600,0.0,0.0
2025-10-21 00:00:00-04:00,0.9300000071525574,0.9760000109672546,0.9300000071525574,0.9399999976158142,254800,0.0,0.0
2025-10-22 00:00:00-04:00,0.949999988079071,0.9900000095367432,0.9350000023841858,0.9670000076293945,190900,0.0,0.0
2025-10-23 00:00:00-04:00,0.9599999785423279,0.9700000286102295,0.9399999976158142,0.9480000138282776,238700,0.0,0.0
2025-10-24 00:00:00-04:00,0.9520000219345093,0.9599999785423279,0.9380000233650208,0.949999988079071,146000,0.0,0.0
2025-10-27 00:00:00-04:00,0.9449999928474426,0.9660000205039978,0.9380000233650208,0.9490000009536743,139400,0.0,0.0
2025-10-28 00:00:00-04:00,0.949999988079071,0.949999988079071,0.9399999976158142,0.949999988079071,181800,0.0,0.0
2025-10-29 00:00:00-04:00,0.9449999928474426,0.9549999833106995,0.9350000023841858,0.9350000023841858,169100,0.0,0.0
2025-10-30 00:00:00-04:00,0.9350000023841858,0.949999988079071,0.9200000166893005,0.9399999976158142,238600,0.0,0.0
2025-10-31 00:00:00-04:00,0.9390000104904175,0.9390000104904175,0.9100000262260437,0.9300000071525574,190700,0.0,0.0
2025-11-03 00:00:00-05:00,0.8999999761581421,0.9200000166893005,0.8899999856948853,0.9129999876022339,395100,0.0,0.0
2025-11-04 00:00:00-05:00,0.8159999847412109,0.8240000009536743,0.7900000214576721,0.8230000138282776,590400,0.0,0.0
2025-11-05 00:00:00-05:00,0.8399999737739563,0.8700000047683716,0.8399999737739563,0.8510000109672546,155600,0.0,0.0
2025-11-06 00:00:00-05:00,0.8460000157356262,0.8799999952316284,0.7450000047683716,0.7570000290870667,530700,0.0,0.0
2025-11-07 00:00:00-05:00,0.7649999856948853,0.8130000233650208,0.7429999709129333,0.800000011920929,248200,0.0,0.0
2025-11-10 00:00:00-05:00,0.8119999766349792,0.8199999928474426,0.7770000100135803,0.8040000200271606,221700,0.0,0.0
2025-11-11 00:00:00-05:00,0.7900000214576721,0.7900000214576721,0.7099999785423279,0.7129999995231628,395800,0.0,0.0
2025-11-12 00:00:00-05:00,0.699999988079071,0.7519999742507935,0.699999988079071,0.734000027179718,270200,0.0,0.0
2025-11-13 00:00:00-05:00,0.7250000238418579,0.7400000095367432,0.703000009059906,0.7149999737739563,173300,0.0,0.0
2025-11-14 00:00:00-05:00,0.7149999737739563,0.7369999885559082,0.6729999780654907,0.675000011920929,361800,0.0,0.0
2025-11-17 00:00:00-05:00,0.6710000038146973,0.7039999961853027,0.6650000214576721,0.6859999895095825,248000,0.0,0.0
2025-11-18 00:00:00-05:00,0.6759999990463257,0.6830000281333923,0.6600000262260437,0.671999990940094,264700,0.0,0.0
2025-11-19 00:00:00-05:00,0.675000011920929,0.6800000071525574,0.625,0.625,404900,0.0,0.0
2025-11-20 00:00:00-05:00,0.6330000162124634,0.6430000066757202,0.5799999833106995,0.5809999704360962,490900,0.0,0.0
2025-11-21 00:00:00-05:00,0.5770000219345093,0.6269999742507935,0.5720000267028809,0.6110000014305115,431000,0.0,0.0
2025-11-24 00:00:00-05:00,0.5899999737739563,0.6209999918937683,0.5889999866485596,0.5910000205039978,562600,0.0,0.0
2025-11-25 00:00:00-05:00,0.5920000076293945,0.6499999761581421,0.5870000123977661,0.6499999761581421,356100,0.0,0.0
2025-11-26 00:00:00-05:00,0.6370000243186951,0.6600000262260437,0.6259999871253967,0.6520000100135803,483100,0.0,0.0
2025-11-28 00:00:00-05:00,0.6460000276565552,0.6579999923706055,0.6309999823570251,0.6420000195503235,212100,0.0,0.0
2025-12-01 00:00:00-05:00,0.6460000276565552,0.6600000262260437,0.6349999904632568,0.6349999904632568,263600,0.0,0.0
2025-12-02 00:00:00-05:00,0.6389999985694885,0.6499999761581421,0.6230000257492065,0.6370000243186951,241200,0.0,0.0
2025-12-03 00:00:00-05:00,0.6389999985694885,0.6710000038146973,0.6380000114440918,0.6639999747276306,217300,0.0,0.0
2025-12-04 00:00:00-05:00,0.6700000166893005,0.6700000166893005,0.625,0.6439999938011169,340500,0.0,0.0
2025-12-05 00:00:00-05:00,0.6439999938011169,0.6700000166893005,0.6430000066757202,0.6510000228881836,131600,0.0,0.0
2025-12-08 00:00:00-05:00,0.6589999794960022,0.6700000166893005,0.6309999823570251,0.6499999761581421,80000,0.0,0.0
2025-12-09 00:00:00-05:00,0.6309999823570251,0.6660000085830688,0.6309999823570251,0.656000018119812,159500,0.0,0.0
2025-12-10 00:00:00-05:00,0.6480000019073486,0.6779999732971191,0.6449999809265137,0.6639999747276306,243100,0.0,0.0
2025-12-11 00:00:00-05:00,0.6729999780654907,0.7120000123977661,0.6570000052452087,0.7099999785423279,191400,0.0,0.0
2025-12-12 00:00:00-05:00,0.7049999833106995,0.7139999866485596,0.6809999942779541,0.7059999704360962,139800,0.0,0.0
2025-12-15 00:00:00-05:00,0.6800000071525574,0.7049999833106995,0.6549999713897705,0.6660000085830688,206300,0.0,0.0
2025-12-16 00:00:00-05:00,0.6600000262260437,0.6650000214576721,0.6499999761581421,0.6549999713897705,152900,0.0,0.0
2025-12-17 00:00:00-05:00,0.6510000228881836,0.6679999828338623,0.640999972820282,0.6669999957084656,148000,0.0,0.0
2025-12-18 00:00:00-05:00,0.6850000023841858,0.699999988079071,0.6639999747276306,0.699999988079071,208900,0.0,0.0
2025-12-19 00:00:00-05:00,0.6959999799728394,0.7250000238418579,0.6389999985694885,0.6579999923706055,447700,0.0,0.0
2025-12-22 00:00:00-05:00,0.6600000262260437,0.6700000166893005,0.6200000047683716,0.628000020980835,204200,0.0,0.0
2025-12-23 00:00:00-05:00,0.6200000047683716,0.6489999890327454,0.6200000047683716,0.6449999809265137,155400,0.0,0.0
2025-12-24 00:00:00-05:00,0.6399999856948853,0.6840000152587891,0.6399999856948853,0.6779999732971191,128000,0.0,0.0
2025-12-26 00:00:00-05:00,0.6790000200271606,0.699999988079071,0.6700000166893005,0.6759999990463257,145400,0.0,0.0
2025-12-29 00:00:00-05:00,0.675000011920929,0.6800000071525574,0.6499999761581421,0.656000018119812,223300,0.0,0.0
2025-12-30 00:00:00-05:00,0.6520000100135803,0.6620000004768372,0.6499999761581421,0.6549999713897705,232800,0.0,0.0
2025-12-31 00:00:00-05:00,0.6399999856948853,0.6600000262260437,0.6399999856948853,0.6520000100135803,200600,0.0,0.0
2026-01-02 00:00:00-05:00,0.6499999761581421,0.6679999828338623,0.6470000147819519,0.6570000052452087,181900,0.0,0.0
2026-01-05 00:00:00-05:00,0.6470000147819519,0.6589999794960022,0.6399999856948853,0.6570000052452087,277300,0.0,0.0
2026-01-06 00:00:00-05:00,0.640999972820282,0.6589999794960022,0.6330000162124634,0.6439999938011169,165600,0.0,0.0
2026-01-07 00:00:00-05:00,0.6370000243186951,0.6489999890327454,0.6309999823570251,0.6330000162124634,117000,0.0,0.0
2026-01-08 00:00:00-05:00,0.6269999742507935,0.6430000066757202,0.6140000224113464,0.621999979019165,287700,0.0,0.0
2026-01-09 00:00:00-05:00,0.625,0.6290000081062317,0.6100000143051147,0.621999979019165,208400,0.0,0.0
2026-01-12 00:00:00-05:00,0.6179999709129333,0.6299999952316284,0.6110000014305115,0.6259999871253967,70900,0.0,0.0
2026-01-13 00:00:00-05:00,0.6010000109672546,0.628000020980835,0.5950000286102295,0.6000000238418579,190100,0.0,0.0
2026-01-14 00:00:00-05:00,0.6000000238418579,0.6240000128746033,0.5929999947547913,0.621999979019165,367900,0.0,0.0
2026-01-15 00:00:00-05:00,0.6100000143051147,0.6449999809265137,0.6060000061988831,0.640999972820282,370100,0.0,0.0
2026-01-16 00:00:00-05:00,0.6299999952316284,0.6510000228881836,0.6159999966621399,0.6200000047683716,302400,0.0,0.0
2026-01-20 00:00:00-05:00,0.6119999885559082,0.625,0.6069999933242798,0.609000027179718,241600,0.0,0.0
2026-01-21 00:00:00-05:00,0.6230000257492065,0.6349999904632568,0.609000027179718,0.6299999952316284,270900,0.0,0.0
2026-01-22 00:00:00-05:00,0.6209999918937683,0.6480000019073486,0.6209999918937683,0.6480000019073486,209600,0.0,0.0
2026-01-23 00:00:00-05:00,0.6299999952316284,0.6370000243186951,0.6200000047683716,0.6209999918937683,196200,0.0,0.0
2026-01-26 00:00:00-05:00,0.6110000014305115,0.6359999775886536,0.6110000014305115,0.628000020980835,248900,0.0,0.0
2026-01-27 00:00:00-05:00,0.625,0.6499999761581421,0.6200000047683716,0.6499999761581421,275500,0.0,0.0
2026-01-28 00:00:00-05:00,0.6499999761581421,0.6499999761581421,0.574999988079071,0.5789999961853027,286400,0.0,0.0
2026-01-29 00:00:00-05:00,0.5799999833106995,0.6110000014305115,0.5799999833106995,0.6029999852180481,209000,0.0,0.0
2026-01-30 00:00:00-05:00,0.6069999933242798,0.6499999761581421,0.5929999947547913,0.6349999904632568,503000,0.0,0.0
2026-02-02 00:00:00-05:00,0.6200000047683716,0.628000020980835,0.5839999914169312,0.5899999737739563,305300,0.0,0.0
2026-02-03 00:00:00-05:00,0.5899999737739563,0.6029999852180481,0.5569999814033508,0.5950000286102295,525500,0.0,0.0
2026-02-04 00:00:00-05:00,0.5950000286102295,0.6230000257492065,0.5809999704360962,0.6000000238418579,233600,0.0,0.0
2026-02-05 00:00:00-05:00,0.5989999771118164,0.5989999771118164,0.5440000295639038,0.5569999814033508,334800,0.0,0.0
2026-02-06 00:00:00-05:00,0.5789999961853027,0.5789999961853027,0.5580000281333923,0.5669999718666077,236400,0.0,0.0
2026-02-09 00:00:00-05:00,0.5709999799728394,0.5789999961853027,0.5,0.5009999871253967,1036700,0.0,0.0
2026-02-10 00:00:00-05:00,0.5009999871253967,0.5239999890327454,0.5009999871253967,0.5049999952316284,167700,0.0,0.0
2026-02-11 00:00:00-05:00,0.5189999938011169,0.5189999938011169,0.47200000286102295,0.47999998927116394,394200,0.0,0.0
2026-02-12 00:00:00-05:00,0.48899999260902405,0.49000000953674316,0.4350000023841858,0.4359999895095825,633700,0.0,0.0
2026-02-13 00:00:00-05:00,0.43299999833106995,0.4790000021457672,0.4300000071525574,0.46700000762939453,303400,0.0,0.0
2026-02-17 00:00:00-05:00,0.4699999988079071,0.4950000047683716,0.46000000834465027,0.4869999885559082,495900,0.0,0.0
2026-02-18 00:00:00-05:00,0.49000000953674316,0.4970000088214874,0.47999998927116394,0.49399998784065247,121900,0.0,0.0
2026-02-19 00:00:00-05:00,0.4869999885559082,0.49300000071525574,0.47600001096725464,0.49300000071525574,89500,0.0,0.0
2026-02-20 00:00:00-05:00,0.49300000071525574,0.49300000071525574,0.4659999907016754,0.47600001096725464,292900,0.0,0.0
2026-02-23 00:00:00-05:00,0.46000000834465027,0.48100000619888306,0.44699999690055847,0.4650000035762787,562800,0.0,0.0
2026-02-24 00:00:00-05:00,0.47099998593330383,0.48100000619888306,0.460999995470047,0.4690000116825104,135900,0.0,0.0
2026-02-25 00:00:00-05:00,0.4790000021457672,0.5180000066757202,0.4729999899864197,0.5130000114440918,350900,0.0,0.0
2026-02-26 00:00:00-05:00,0.5170000195503235,0.5189999938011169,0.4880000054836273,0.5090000033378601,115100,0.0,0.0
2026-02-27 00:00:00-05:00,0.5,0.5350000262260437,0.4909999966621399,0.5109999775886536,299800,0.0,0.0
2026-03-02 00:00:00-05:00,0.5099999904632568,0.5170000195503235,0.4869999885559082,0.49900001287460327,111400,0.0,0.0
2026-03-03 00:00:00-05:00,0.4959999918937683,0.5199999809265137,0.4830000102519989,0.5090000033378601,326100,0.0,0.0
2026-03-04 00:00:00-05:00,0.5080000162124634,0.5249999761581421,0.4959999918937683,0.5180000066757202,176800,0.0,0.0
2026-03-05 00:00:00-05:00,0.5260000228881836,0.5289999842643738,0.5,0.5090000033378601,392700,0.0,0.0
2026-03-06 00:00:00-05:00,0.5,0.5289999842643738,0.4950000047683716,0.5040000081062317,391000,0.0,0.0
2026-03-09 00:00:00-04:00,0.49399998784065247,0.5099999904632568,0.47099998593330383,0.48899999260902405,201500,0.0,0.0
2026-03-10 00:00:00-04:00,0.47999998927116394,0.5170000195503235,0.4699999988079071,0.5,388000,0.0,0.0
2026-03-11 00:00:00-04:00,0.4909999966621399,0.5149999856948853,0.48100000619888306,0.5,194800,0.0,0.0
2026-03-12 00:00:00-04:00,0.4909999966621399,0.5370000004768372,0.4909999966621399,0.5170000195503235,250800,0.0,0.0
2026-03-13 00:00:00-04:00,0.5189999938011169,0.5189999938011169,0.49000000953674316,0.5099999904632568,280200,0.0,0.0
2026-03-16 00:00:00-04:00,0.5189999938011169,0.5189999938011169,0.4970000088214874,0.5,96900,0.0,0.0
2026-03-17 00:00:00-04:00,0.4830000102519989,0.5230000019073486,0.453000009059906,0.5199999809265137,494600,0.0,0.0
2026-03-18 00:00:00-04:00,0.5070000290870667,0.5199999809265137,0.4650000035762787,0.4860000014305115,454500,0.0,0.0
2026-03-19 00:00:00-04:00,0.47699999809265137,0.48500001430511475,0.4560000002384186,0.46799999475479126,297600,0.0,0.0
2026-03-20 00:00:00-04:00,0.4729999899864197,0.5189999938011169,0.44200000166893005,0.48399999737739563,1193500,0.0,0.0
2026-03-23 00:00:00-04:00,0.49900001287460327,0.49900001287460327,0.46700000762939453,0.47999998927116394,228500,0.0,0.0
2026-03-24 00:00:00-04:00,0.4830000102519989,0.4860000014305115,0.46399998664855957,0.4740000069141388,275200,0.0,0.0
2026-03-25 00:00:00-04:00,0.4860000014305115,0.4860000014305115,0.4490000009536743,0.453000009059906,86200,0.0,0.0
2026-03-26 00:00:00-04:00,0.45500001311302185,0.4560000002384186,0.4300000071525574,0.4300000071525574,197100,0.0,0.0
2026-03-27 00:00:00-04:00,0.421999990940094,0.47200000286102295,0.41100001335144043,0.4490000009536743,646200,0.0,0.0
2026-03-30 00:00:00-04:00,0.4480000138282776,0.5040000081062317,0.4350000023841858,0.5,210900,0.0,0.0
2026-03-31 00:00:00-04:00,0.503000020980835,0.503000020980835,0.46000000834465027,0.4690000116825104,453700,0.0,0.0
2026-04-01 00:00:00-04:00,0.4790000021457672,0.4819999933242798,0.453000009059906,0.4699999988079071,234600,0.0,0.0
2026-04-02 00:00:00-04:00,0.46399998664855957,0.48500001430511475,0.44600000977516174,0.47999998927116394,105400,0.0,0.0
2026-04-06 00:00:00-04:00,0.48249998688697815,0.48249998688697815,0.45570001006126404,0.45649999380111694,83323,0.0,0.0
