Date,Open,High,Low,Close,Volume,Dividends,Stock Splits
2022-01-03 00:00:00-05:00,58.050551249796655,58.050551249796655,56.71465907230643,57.39128494262695,1134700,0.0,0.0
2022-01-04 00:00:00-05:00,57.365260528076455,58.267421815639196,57.19177077278782,57.24381637573242,1846400,0.0,0.0
2022-01-05 00:00:00-05:00,57.157064212032786,57.946457719851544,57.03562007516976,57.105018615722656,2037400,0.0,0.0
2022-01-06 00:00:00-05:00,57.44333037202251,57.91176061092341,57.1050207469623,57.157066345214844,1570400,0.0,0.0
2022-01-07 00:00:00-05:00,57.57345826484162,58.65778582025607,56.89683231096645,58.119956970214844,2098500,0.0,0.0
2022-01-10 00:00:00-05:00,58.03320628180401,58.059229081616124,57.191767124095016,57.478031158447266,1521300,0.0,0.0
2022-01-11 00:00:00-05:00,57.51272970577499,57.70356577472745,56.66261408611093,57.12236785888672,1668600,0.0,0.0
2022-01-12 00:00:00-05:00,56.94019578766224,57.42597230995712,56.73200679499426,57.28718185424805,1467900,0.0,0.0
2022-01-13 00:00:00-05:00,56.86213318552775,57.84236280157214,56.69731329802467,57.51272964477539,1403900,0.0,0.0
2022-01-14 00:00:00-05:00,57.36525854098359,57.44333356090596,56.515149504022574,56.60189437866211,2630900,0.0,0.0
2022-01-18 00:00:00-05:00,56.29828674534561,56.91418398890169,55.67371302844084,56.57587432861328,1973900,0.0,0.0
2022-01-19 00:00:00-05:00,56.66261386716761,57.478030211632436,56.58454546901727,56.86213302612305,1610900,0.0,0.0
2022-01-20 00:00:00-05:00,57.00959816776943,57.80766154196994,56.81875548737166,56.89682388305664,1608400,0.0,0.0
2022-01-21 00:00:00-05:00,57.17441268039579,57.56476785858111,56.60188469296818,56.76670455932617,2197800,0.0,0.0
2022-01-24 00:00:00-05:00,56.714667114080896,56.8361112730537,54.48529319317056,55.82118225097656,2582200,0.0,0.0
2022-01-25 00:00:00-05:00,55.569611361162636,56.61923954464807,55.274677469797446,56.14213943481445,2869900,0.0,0.0
2022-01-26 00:00:00-05:00,56.18551895435716,56.95756633477497,55.829862924386106,56.116127014160156,2358100,0.0,0.0
2022-01-27 00:00:00-05:00,56.653942493703056,57.56478026335892,56.35900858319963,56.732017517089844,2698500,0.0,0.0
2022-01-28 00:00:00-05:00,56.62791458999984,57.3218867918046,56.24622921718628,57.27851104736328,1978000,0.0,0.0
2022-01-31 00:00:00-05:00,56.983584802667814,57.83369391472464,56.74936634042032,57.712249755859375,2382800,0.0,0.0
2022-02-01 00:00:00-05:00,57.972484209505915,58.09392835410211,56.758036145334465,57.478031158447266,1888500,0.0,0.0
2022-02-02 00:00:00-05:00,57.49537679797048,58.52765863290208,57.330556910185585,58.36283874511719,2605000,0.0,0.0
2022-02-03 00:00:00-05:00,58.29343081925262,58.69246907474334,58.05054257205539,58.1980094909668,2232000,0.0,0.0
2022-02-04 00:00:00-05:00,57.738272040758346,58.31080017159581,56.95756148883124,57.80767059326172,1983600,0.0,0.0
2022-02-07 00:00:00-05:00,57.85104122844005,58.18935086922079,57.52140144229806,57.93778610229492,1819100,0.0,0.0
2022-02-08 00:00:00-05:00,58.241397346928196,58.58838346578245,57.92911050178034,58.33681869506836,1869200,0.0,0.0
2022-02-09 00:00:00-05:00,58.84862169363692,59.03946440159953,58.310799463789735,58.49296569824219,1698600,0.0,0.0
2022-02-10 00:00:00-05:00,57.98982980547029,58.27609383621314,56.940201644289296,57.12236785888672,3010300,0.0,0.0
2022-02-11 00:00:00-05:00,57.33923469339518,57.87706349547503,57.009601528500184,57.20911407470703,2083100,0.0,0.0
2022-02-14 00:00:00-05:00,57.44332475174785,57.56476888126121,55.54358118288955,56.18550109863281,3337900,0.0,0.0
2022-02-15 00:00:00-05:00,56.48044981766612,56.88815800552236,55.673709914817096,55.89057540893555,2434600,0.0,0.0
2022-02-16 00:00:00-05:00,55.86455593904881,56.4023781608719,55.32672709901568,56.20286560058594,2391800,0.0,0.0
2022-02-17 00:00:00-05:00,56.133464924989234,56.32430762288006,55.56961330436901,56.15081787109375,1751200,0.0,0.0
2022-02-18 00:00:00-05:00,55.81250043477739,56.810083032171974,55.81250043477739,56.10744094848633,3219900,0.0,0.0
2022-02-22 00:00:00-05:00,56.20286229543249,56.419727789726544,55.7257555607017,56.10744094848633,1841400,0.0,0.0
2022-02-23 00:00:00-05:00,56.159486883853035,56.33298325124766,55.0578130782884,55.14455795288086,2282700,0.0,0.0
2022-02-24 00:00:00-05:00,54.82360159159839,55.06648990389264,52.94988371750185,54.06023406982422,4986400,0.0,0.0
2022-02-25 00:00:00-05:00,54.69347868183236,56.40237657925396,54.476613180866245,56.27226257324219,2819100,0.0,0.0
2022-02-28 00:00:00-05:00,55.8211756207592,56.51514783378536,55.725754276012864,56.2375602722168,3555400,0.0,0.0
2022-03-01 00:00:00-05:00,56.12479212779967,56.7493658642722,55.517571338568175,55.916603088378906,2237100,0.0,0.0
2022-03-02 00:00:00-05:00,55.85587139904961,56.87080023708651,55.838525073003375,56.714656829833984,2108500,0.0,0.0
2022-03-03 00:00:00-05:00,56.758037196452726,57.660198443167204,56.758037196452726,57.50405502319336,2795200,0.0,0.0
2022-03-04 00:00:00-05:00,57.26984261418828,58.72717914798693,57.13972859901813,58.64043426513672,1910600,0.0,0.0
2022-03-07 00:00:00-05:00,58.744527760949715,58.98741606229264,58.11127758826865,58.7358512878418,2102100,0.0,0.0
2022-03-08 00:00:00-05:00,58.996095180914175,59.256329821932574,57.83369260609285,57.842369079589844,2193300,0.0,0.0
2022-03-09 00:00:00-05:00,58.594462441227755,58.690662838716655,57.50128217180186,57.5625,2170200,0.54,0.0
2022-03-10 00:00:00-05:00,57.23892890558411,57.75491357651013,56.740438859296574,57.19520568847656,3985400,0.0,0.0
2022-03-11 00:00:00-05:00,57.195213158106476,57.79864434205502,57.133995308365456,57.475067138671875,1940000,0.0,0.0
2022-03-14 00:00:00-04:00,57.75491625005022,58.681931231472575,57.75491625005022,58.183441162109375,2883000,0.0,0.0
2022-03-15 00:00:00-04:00,58.81310823041427,59.20665052365329,58.620707403588455,59.057979583740234,2980800,0.0,0.0
2022-03-16 00:00:00-04:00,59.014255417932134,59.232891504484236,58.19218159737817,59.215396881103516,2622100,0.0,0.0
2022-03-17 00:00:00-04:00,59.259128781714274,59.79260138481533,58.93554496060975,59.25038146972656,3415800,0.0,0.0
2022-03-18 00:00:00-04:00,57.95605676764826,59.04923731132255,57.61498497180145,58.41957092285156,6449600,0.0,0.0
2022-03-21 00:00:00-04:00,58.53325409125826,59.27661546039102,58.419565726835955,58.988014221191406,1726100,0.0,0.0
2022-03-22 00:00:00-04:00,59.215395484986665,59.215395484986665,58.463286831200314,58.681922912597656,2073500,0.0,0.0
2022-03-23 00:00:00-04:00,58.62945971900856,58.909313671299394,58.04351654893783,58.41957092285156,2297700,0.0,0.0
2022-03-24 00:00:00-04:00,58.55074204426759,59.189162360795926,58.54200140471142,59.06672668457031,1953600,0.0,0.0
2022-03-25 00:00:00-04:00,59.35532497317741,59.85381496509961,59.18041210709021,59.74011993408203,1731600,0.0,0.0
2022-03-28 00:00:00-04:00,59.67890717283842,59.958761110127156,59.38156528357596,59.92377853393555,2438500,0.0,0.0
2022-03-29 00:00:00-04:00,60.054956875322034,60.448505822814106,59.845068106672464,60.43101119995117,2339000,0.0,0.0
2022-03-30 00:00:00-04:00,60.58843167988687,61.209357369556606,60.369795591739326,61.16563415527344,2304100,0.0,0.0
2022-03-31 00:00:00-04:00,61.3580394401215,62.101400859404485,61.174379241153865,61.218109130859375,3043200,0.0,0.0
2022-04-01 00:00:00-04:00,61.54169521075054,62.171361608655566,60.763351185772386,62.14512634277344,2139200,0.0,0.0
2022-04-04 00:00:00-04:00,61.786561975435184,62.145121702793986,60.973235432591885,61.47172546386719,1692800,0.0,0.0
2022-04-05 00:00:00-04:00,61.58540049782658,62.46869200138763,61.41924163820578,61.70783615112305,1754100,0.0,0.0
2022-04-06 00:00:00-04:00,61.96147021885475,63.168345776932476,61.856529159713624,63.03716278076172,2939600,0.0,0.0
2022-04-07 00:00:00-04:00,63.037158433604574,63.13335884601268,62.47745058263588,62.626121520996094,2302000,0.0,0.0
2022-04-08 00:00:00-04:00,62.93221007500198,63.22955862096855,62.06641304430148,63.0458984375,3573800,0.0,0.0
2022-04-11 00:00:00-04:00,63.3432306112016,63.526884074957586,62.51241636960422,62.73105239868164,3038200,0.0,0.0
2022-04-12 00:00:00-04:00,62.62611782850983,63.1071198621901,62.25881082401407,62.89722442626953,4185000,0.0,0.0
2022-04-13 00:00:00-04:00,62.96718880655375,63.05464190100306,62.18009761202315,62.573646545410156,2250000,0.0,0.0
2022-04-14 00:00:00-04:00,63.09838436399336,64.09536451841448,62.923471467979724,63.666839599609375,4180900,0.0,0.0
2022-04-18 00:00:00-04:00,63.8329968408944,64.18281595152703,63.255800979758455,63.34325408935547,2608900,0.0,0.0
2022-04-19 00:00:00-04:00,63.430699152261106,64.07786008787495,63.430699152261106,63.91170120239258,1793800,0.0,0.0
2022-04-20 00:00:00-04:00,64.58508739082191,65.48586684306035,64.41018122092339,65.35469055175781,2461100,0.0,0.0
2022-04-21 00:00:00-04:00,65.2847276274864,66.12428928148995,64.9786384836689,65.30221557617188,2812900,0.0,0.0
2022-04-22 00:00:00-04:00,65.31098163239243,65.38094679170173,64.57636080413441,64.61134338378906,2399400,0.0,0.0
2022-04-25 00:00:00-04:00,64.69005460460909,64.8387255610816,63.11587191182733,63.52690887451172,3894200,0.0,0.0
2022-04-26 00:00:00-04:00,63.25580011338195,63.77177812350849,62.23258473339765,62.320037841796875,5111900,0.0,0.0
2022-04-27 00:00:00-04:00,62.50368755866769,62.87974190686677,61.55043072020042,61.61164855957031,5887300,0.0,0.0
2022-04-28 00:00:00-04:00,61.8565165706352,62.24131149624619,61.4367324027724,62.22382354736328,3705200,0.0,0.0
2022-04-29 00:00:00-04:00,61.900254237859784,62.0401845505805,60.84205626882643,60.92076873779297,2958200,0.0,0.0
2022-05-02 00:00:00-04:00,61.19185218310699,61.54167116006246,59.47774653549141,60.21236038208008,3059900,0.0,0.0
2022-05-03 00:00:00-04:00,60.387278673771846,61.31429337522433,59.39903947398539,59.90627670288086,3187600,0.0,0.0
2022-05-04 00:00:00-04:00,60.2648629680772,60.772093692613474,59.51275418588311,60.57969284057617,2939900,0.0,0.0
2022-05-05 00:00:00-04:00,60.32607651088262,61.00822008508308,59.72263873113098,60.24736404418945,3500000,0.0,0.0
2022-05-06 00:00:00-04:00,59.88005790286694,60.91202059221418,59.88005790286694,60.71961975097656,4054400,0.0,0.0
2022-05-09 00:00:00-04:00,60.27360617220359,61.02571498638434,59.6614276826356,60.39604187011719,3174900,0.0,0.0
2022-05-10 00:00:00-04:00,60.229861172796156,61.2880588491512,59.26785721952548,59.757606506347656,2435300,0.0,0.0
2022-05-11 00:00:00-04:00,59.76635879313274,61.25308821926048,59.76635879313274,60.29983139038086,2394600,0.0,0.0
2022-05-12 00:00:00-04:00,60.308588020552854,60.50098887843498,59.154189545505105,59.7226448059082,4390600,0.0,0.0
2022-05-13 00:00:00-04:00,60.08993805181558,60.15990319715342,59.30284684737363,59.97624969482422,2760100,0.0,0.0
2022-05-16 00:00:00-04:00,60.08994336944625,60.151161208973434,59.364069934878216,59.521488189697266,2315500,0.0,0.0
2022-05-17 00:00:00-04:00,59.95002247865078,60.177399223147376,59.19791374594508,60.0374755859375,2357200,0.0,0.0
2022-05-18 00:00:00-04:00,60.22986830129021,60.273591512913825,59.206646400093874,59.34657669067383,3000800,0.0,0.0
2022-05-19 00:00:00-04:00,59.17167546746529,59.512747239084334,58.305871734360885,59.180416107177734,2471300,0.0,0.0
2022-05-20 00:00:00-04:00,59.42528618922778,59.51274596242854,58.38458294502665,59.07547378540039,2223300,0.0,0.0
2022-05-23 00:00:00-04:00,59.8625571969333,60.02872275607626,59.12794315655264,59.71388626098633,2329800,0.0,0.0
2022-05-24 00:00:00-04:00,59.731387211943684,60.27360048807161,59.23289715395006,60.081199645996094,2538200,0.0,0.0
2022-05-25 00:00:00-04:00,60.221122931646896,60.221122931646896,59.276613456510894,59.58270263671875,3153900,0.0,0.0
2022-05-26 00:00:00-04:00,60.00249101920227,60.17739722797672,59.38156530413552,59.45153045654297,2263300,0.0,0.0
2022-05-27 00:00:00-04:00,59.18040819184692,60.38728353515179,59.18040819184692,60.378536224365234,1802200,0.0,0.0
2022-05-31 00:00:00-04:00,59.89753141186061,60.36103877821104,59.36405890697804,59.941261291503906,3606100,0.0,0.0
2022-06-01 00:00:00-04:00,59.906284201338494,60.38728623243641,59.10170505135968,59.55646514892578,2401300,0.0,0.0
2022-06-02 00:00:00-04:00,59.8363135837057,60.002479119658815,58.690662797274044,59.941261291503906,2438700,0.0,0.0
2022-06-03 00:00:00-04:00,59.757605792693695,60.081182871072514,59.42527473198987,59.90627670288086,1864300,0.0,0.0
2022-06-06 00:00:00-04:00,60.20363908971512,60.29983951675681,59.6964083597847,59.810096740722656,2210000,0.0,0.0
2022-06-07 00:00:00-04:00,59.4690169112536,60.4397616916727,58.961779577436694,60.29983139038086,2248400,0.0,0.0
2022-06-08 00:00:00-04:00,59.89436038569649,60.07065393668645,59.04817151567872,59.171573638916016,2289700,0.54,0.0
2022-06-09 00:00:00-04:00,59.05699541440162,59.13632247879146,57.41750216788943,57.43513488769531,2673800,0.0,0.0
2022-06-10 00:00:00-04:00,56.8621964316002,58.15792570455536,56.76523664077277,57.7083854675293,4033900,0.0,0.0
2022-06-13 00:00:00-04:00,56.85336690267008,57.21476362566764,55.363721755549236,55.61933898925781,3225900,0.0,0.0
2022-06-14 00:00:00-04:00,55.610527343543886,55.73392946539036,53.265876941093914,53.741859436035156,2699500,0.0,0.0
2022-06-15 00:00:00-04:00,54.19139607257475,54.200212431229154,52.72819324431638,53.34520721435547,2672900,0.0,0.0
2022-06-16 00:00:00-04:00,52.55191352963744,52.59598524432424,51.43247449181982,52.00541687011719,4270300,0.0,0.0
2022-06-17 00:00:00-04:00,52.03184947196424,52.578349391487784,51.291433371681194,52.14643859863281,5865800,0.0,0.0
2022-06-21 00:00:00-04:00,52.29628986109857,53.00144729745108,51.978968174125974,52.58716583251953,2165200,0.0,0.0
2022-06-22 00:00:00-04:00,52.278654611501516,53.054326022819765,52.1993241987013,52.72819137573242,2699400,0.0,0.0
2022-06-23 00:00:00-04:00,52.89566704321347,53.36283654043197,52.72819321588194,53.26587677001953,2661800,0.0,0.0
2022-06-24 00:00:00-04:00,53.50387090907014,55.13454765202309,53.46861219747674,55.09928894042969,3563800,0.0,0.0
2022-06-27 00:00:00-04:00,54.817225987365546,55.628159541953224,54.7290825708141,55.38135528564453,2007900,0.0,0.0
2022-06-28 00:00:00-04:00,55.70749156713239,56.07769796226351,55.143365615053014,55.2050666809082,2078300,0.0,0.0
2022-06-29 00:00:00-04:00,55.31084492344894,55.434247067356864,54.993523203425,55.187442779541016,1542600,0.0,0.0
2022-06-30 00:00:00-04:00,54.94063866783182,55.839712394173226,54.58805823057367,55.778011322021484,4529100,0.0,0.0
2022-07-01 00:00:00-04:00,56.02480426073176,57.1178006392415,55.75155432549048,57.00320816040039,2130800,0.0,0.0
2022-07-05 00:00:00-04:00,56.809299972902345,56.88863376061935,54.358876511995014,55.143367767333984,2115400,0.0,0.0
2022-07-06 00:00:00-04:00,55.2843977829415,55.93666716213369,55.002334803433094,55.513572692871094,1796700,0.0,0.0
2022-07-07 00:00:00-04:00,55.61053242995043,55.839707339704525,55.25795202460697,55.35491180419922,2185400,0.0,0.0
2022-07-08 00:00:00-04:00,55.34610090743216,55.5135747569748,54.95826177434553,55.05522155761719,1509500,0.0,0.0
2022-07-11 00:00:00-04:00,54.737898222121515,55.26676883444634,54.41176353011758,55.07284927368164,1925000,0.0,0.0
2022-07-12 00:00:00-04:00,54.649749075844205,55.17861627030561,54.1561372285461,54.42057418823242,2415700,0.0,0.0
2022-07-13 00:00:00-04:00,54.03273268817465,54.50871515935253,53.68015569513788,53.7682991027832,4003800,0.0,0.0
2022-07-14 00:00:00-04:00,53.04552245863018,53.34521480888907,52.68412903882883,53.186553955078125,5241100,0.0,0.0
2022-07-15 00:00:00-04:00,53.48624364643309,53.66253384884332,52.63123835033984,53.37165451049805,3829400,0.0,0.0
2022-07-18 00:00:00-04:00,53.30114025723857,53.539131525276666,52.90448814384175,52.93974685668945,2850000,0.0,0.0
2022-07-19 00:00:00-04:00,53.13366373166046,53.415726713135896,53.001448600475335,53.248252868652344,2949800,0.0,0.0
2022-07-20 00:00:00-04:00,53.32758364510574,53.406914069323975,52.4020642708637,52.56953811645508,2954300,0.0,0.0
2022-07-21 00:00:00-04:00,52.39324737938993,52.77227013986767,51.943710555020694,52.534278869628906,2308400,0.0,0.0
2022-07-22 00:00:00-04:00,52.7281980234155,53.08077842752467,52.53427846490987,52.97500228881836,1468800,0.0,0.0
2022-07-25 00:00:00-04:00,52.97500190935864,53.53913122438364,52.97500190935864,53.49505615234375,1658000,0.0,0.0
2022-07-26 00:00:00-04:00,53.30995365439023,54.25310237418239,53.30995365439023,54.16495895385742,1815500,0.0,0.0
2022-07-27 00:00:00-04:00,54.15614648522298,54.720275848183135,53.90052920293326,54.561614990234375,2154500,0.0,0.0
2022-07-28 00:00:00-04:00,56.41264390222064,57.770073953107165,56.26279943083405,57.68193054199219,3961900,0.0,0.0
2022-07-29 00:00:00-04:00,57.532078449597094,58.26368152778755,57.532078449597094,57.88465881347656,4391200,0.0,0.0
2022-08-01 00:00:00-04:00,57.60260666386056,58.02570452479973,57.426319811334785,57.89348602294922,2546100,0.0,0.0
2022-08-02 00:00:00-04:00,57.39987676724409,57.81415153820029,55.971929069233795,57.42631912231445,3559500,0.0,0.0
2022-08-03 00:00:00-04:00,57.36460952808138,57.96399414528911,57.108988925531335,57.6290397644043,2553100,0.0,0.0
2022-08-04 00:00:00-04:00,57.743642346274065,57.91111284107939,57.003222760338204,57.056114196777344,1983200,0.0,0.0
2022-08-05 00:00:00-04:00,57.13543212406562,57.26765060664369,56.28924325044191,57.06491470336914,2499100,0.0,0.0
2022-08-08 00:00:00-04:00,57.637855473979094,57.91110206590889,57.364608882049296,57.68193054199219,1945500,0.0,0.0
2022-08-09 00:00:00-04:00,57.93755415840407,58.263685469001885,57.68193354542292,58.20198440551758,2086700,0.0,0.0
2022-08-10 00:00:00-04:00,58.61627534748749,58.854263280914225,58.29013725917201,58.69560241699219,2264900,0.0,0.0
2022-08-11 00:00:00-04:00,58.88952186717775,59.506539325466214,58.66915993027029,58.78375244140625,1867300,0.0,0.0
2022-08-12 00:00:00-04:00,59.10987806732501,59.63875204450449,58.81018909017449,59.59467697143555,2537200,0.0,0.0
2022-08-15 00:00:00-04:00,59.58586411298182,60.75819118641481,59.41839362028593,60.670047760009766,3409300,0.0,0.0
2022-08-16 00:00:00-04:00,60.46730368872113,60.92566020419817,60.43204497792202,60.63478088378906,2333200,0.0,0.0
2022-08-17 00:00:00-04:00,60.39678798298141,60.96092064688266,60.31746092511333,60.652408599853516,1892800,0.0,0.0
2022-08-18 00:00:00-04:00,60.82869524662219,61.27822863994877,60.79343653882798,61.16364288330078,2246100,0.0,0.0
2022-08-19 00:00:00-04:00,61.33993675322396,61.648448800683305,60.846328237147674,61.17246627807617,2664400,0.0,0.0
2022-08-22 00:00:00-04:00,60.7758159435245,60.87277572806837,59.709265038454184,59.80622482299805,2179300,0.0,0.0
2022-08-23 00:00:00-04:00,59.77976867515443,59.77976867515443,59.07460799115712,59.391929626464844,1842000,0.0,0.0
2022-08-24 00:00:00-04:00,59.418386819153625,59.62111600418926,58.960030294451876,59.26853561401367,1771600,0.0,0.0
2022-08-25 00:00:00-04:00,59.2861673010694,59.77095944483128,58.977661986873386,59.762149810791016,1521400,0.0,0.0
2022-08-26 00:00:00-04:00,59.9384468388293,60.04422298951343,58.66915993027029,58.78375244140625,1652100,0.0,0.0
2022-08-29 00:00:00-04:00,58.422339921431856,59.07460919624332,58.04331722291084,58.54574203491211,2942900,0.0,0.0
2022-08-30 00:00:00-04:00,58.35182911335656,58.589823734094,57.26765231861089,57.488014221191406,1484900,0.0,0.0
2022-08-31 00:00:00-04:00,57.51446073126015,57.69956393581959,56.68589776568853,56.72997283935547,3011100,0.0,0.0
2022-09-01 00:00:00-04:00,56.81811851847933,57.161882587016486,56.289251238030815,57.144256591796875,2300400,0.0,0.0
2022-09-02 00:00:00-04:00,57.188321990745315,57.90229917116832,56.192288551891856,56.42146682739258,2289100,0.0,0.0
2022-09-06 00:00:00-04:00,56.68589539052971,56.94151601228083,55.84852282524055,55.99836730957031,2146100,0.0,0.0
2022-09-07 00:00:00-04:00,56.544863507488245,59.55941261207181,56.2363548375304,59.25972366333008,4743200,0.0,0.0
2022-09-08 00:00:00-04:00,59.0020443207854,60.334921797402394,58.80655453951644,60.31714630126953,5641900,0.54,0.0
2022-09-09 00:00:00-04:00,60.53041117191991,60.734781920516554,59.95282958006069,60.42377853393555,3301000,0.0,0.0
2022-09-12 00:00:00-04:00,60.477091495591935,61.552278506555844,60.37046563691592,61.47230911254883,4444200,0.0,0.0
2022-09-13 00:00:00-04:00,60.96581602639119,61.18796227141394,59.15310185348175,59.39301681518555,2826100,0.0,0.0
2022-09-14 00:00:00-04:00,59.490757619778286,60.69923365205837,59.47298890431752,59.77510452270508,2487400,0.0,0.0
2022-09-15 00:00:00-04:00,59.46410383650319,59.50853579620472,58.8598657931347,59.06424331665039,2854100,0.0,0.0
2022-09-16 00:00:00-04:00,58.81543009553254,59.31303541425566,58.81543009553254,58.966487884521484,3872700,0.0,0.0
2022-09-19 00:00:00-04:00,58.72656557587895,59.24194638164297,58.40668128817309,59.1975212097168,1892100,0.0,0.0
2022-09-20 00:00:00-04:00,58.744346360832814,58.77989056919455,57.7135846564362,58.09567642211914,1815100,0.0,0.0
2022-09-21 00:00:00-04:00,58.513320388030344,58.93095641911659,57.295963287353516,57.295963287353516,1426200,0.0,0.0
2022-09-22 00:00:00-04:00,57.20708969751503,57.224865190802205,56.46956604115921,56.8427734375,1724600,0.0,0.0
2022-09-23 00:00:00-04:00,56.20299473439639,56.52288583966072,55.172236389479345,55.92753219604492,1925500,0.0,0.0
2022-09-26 00:00:00-04:00,55.66095136893658,55.8564411097728,53.47503357291743,54.02595520019531,2926900,0.0,0.0
2022-09-27 00:00:00-04:00,54.35473688846266,54.49691372703515,52.657539859351175,52.92411804199219,2754900,0.0,0.0
2022-09-28 00:00:00-04:00,53.75050291582412,53.75050291582412,52.72862890929784,53.208465576171875,2504900,0.0,0.0
2022-09-29 00:00:00-04:00,52.86191719670076,52.95077433083493,50.48939375087559,50.578250885009766,2772000,0.0,0.0
2022-09-30 00:00:00-04:00,50.91590767489387,51.05808110538779,49.80517668988448,49.96512222290039,4775300,0.0,0.0
2022-10-03 00:00:00-04:00,51.22692381080431,51.99999176951261,50.25836607806392,51.45795440673828,3027300,0.0,0.0
2022-10-04 00:00:00-04:00,51.70675688154494,53.172923400985944,51.50238275035495,53.14626693725586,2327600,0.0,0.0
2022-10-05 00:00:00-04:00,52.36430700623222,52.42650767636858,51.2535759113939,51.95555877685547,1965600,0.0,0.0
2022-10-06 00:00:00-04:00,51.591241616973804,51.80450009930976,50.133959502493305,50.34722137451172,2150600,0.0,0.0
2022-10-07 00:00:00-04:00,50.240591705444416,50.50716650093517,48.738881035740874,49.156517028808594,2073400,0.0,0.0
2022-10-10 00:00:00-04:00,49.33423322198437,49.86738279711168,49.165403314119935,49.236488342285156,2207800,0.0,0.0
2022-10-11 00:00:00-04:00,48.934369843298846,49.57415205170196,48.498965143444124,48.98768615722656,2082700,0.0,0.0
2022-10-12 00:00:00-04:00,48.809963535810766,48.91659276313811,47.50374278974323,47.521514892578125,2773800,0.0,0.0
2022-10-13 00:00:00-04:00,46.87285285359058,48.96991373213831,46.65959098895761,48.84551239013672,3305300,0.0,0.0
2022-10-14 00:00:00-04:00,49.423098864875335,49.467527438839134,47.58372810737409,47.814762115478516,2095200,0.0,0.0
2022-10-17 00:00:00-04:00,48.80997204296723,49.75187331928975,48.70334279705533,49.112091064453125,2626100,0.0,0.0
2022-10-18 00:00:00-04:00,49.805173946359794,50.22280985841602,49.3075686618827,49.48528289794922,3181600,0.0,0.0
2022-10-19 00:00:00-04:00,48.87216803101265,49.22760333620202,48.481191907050174,48.69445037841797,1931000,0.0,0.0
2022-10-20 00:00:00-04:00,48.41009971964036,48.68556222919139,47.53928701840157,47.779205322265625,3437200,0.0,0.0
2022-10-21 00:00:00-04:00,48.0191220379305,48.71221707749279,47.35268345691079,48.250152587890625,5527500,0.0,0.0
2022-10-24 00:00:00-04:00,49.0054606110109,49.520838111621316,48.64114092257995,49.06766128540039,4378700,0.0,0.0
2022-10-25 00:00:00-04:00,49.29868756597693,50.1339561130737,49.07654135124757,49.83184051513672,4305300,0.0,0.0
2022-10-26 00:00:00-04:00,50.24058665684364,50.444960759172055,49.26314131868964,49.378658294677734,3598700,0.0,0.0
2022-10-27 00:00:00-04:00,49.760752011618564,49.90292545320733,49.07654126469694,49.30757522583008,3484300,0.0,0.0
2022-10-28 00:00:00-04:00,49.35200443094342,51.0669734990503,49.21871534473898,51.031429290771484,4898600,0.0,0.0
2022-10-31 00:00:00-04:00,51.09363278922474,51.19137767256201,48.98768748250169,49.82295608520508,4165700,0.0,0.0
2022-11-01 00:00:00-04:00,50.11619008268106,50.32944856201979,49.2098330712854,50.05398941040039,3098700,0.0,0.0
2022-11-02 00:00:00-04:00,50.05399270465886,51.34243819214116,49.81407435735096,50.30279541015625,3689500,0.0,0.0
2022-11-03 00:00:00-04:00,49.7518664739106,50.969226750481994,49.44974749399338,50.70265197753906,4131800,0.0,0.0
2022-11-04 00:00:00-04:00,50.77373926063348,51.564579257742736,50.276133899584394,51.44017791748047,3259500,0.0,0.0
2022-11-07 00:00:00-05:00,51.48461076523852,51.7689576779674,50.22282176371446,50.9248046875,3265600,0.0,0.0
2022-11-08 00:00:00-05:00,51.06697655325994,51.75118734997821,50.667112660413885,51.40463638305664,5497800,0.0,0.0
2022-11-09 00:00:00-05:00,51.14694211352682,51.18248292923316,50.61378920174777,50.889251708984375,5133100,0.0,0.0
2022-11-10 00:00:00-05:00,52.34653537138001,52.98631757244258,51.635668142245116,52.888572692871094,4473200,0.0,0.0
2022-11-11 00:00:00-05:00,52.72862576085013,52.73751011799548,51.244687281090506,51.79561233520508,4936000,0.0,0.0
2022-11-14 00:00:00-05:00,50.64933575320984,51.31577438154155,49.81406722598634,50.9692268371582,7448200,0.0,0.0
2022-11-15 00:00:00-05:00,51.2269260947223,51.52015737916135,50.18727989246102,50.74708938598633,3622400,0.0,0.0
2022-11-16 00:00:00-05:00,50.89814197694236,51.97333228188214,50.844829052349944,51.351322174072266,3418600,0.0,0.0
2022-11-17 00:00:00-05:00,50.50716151804125,50.75596418399546,49.44085905159419,49.645233154296875,3139700,0.0,0.0
2022-11-18 00:00:00-05:00,50.2939086639529,51.2713541787132,50.2939086639529,51.26246643066406,3487600,0.0,0.0
2022-11-21 00:00:00-05:00,51.29800714152518,51.74229960253581,51.11140512142451,51.40463638305664,2140400,0.0,0.0
2022-11-22 00:00:00-05:00,51.724529008518424,52.195481335933124,51.60012765815013,51.84893035888672,2646200,0.0,0.0
2022-11-23 00:00:00-05:00,51.79561922212467,52.45317020814262,51.671217867455475,52.43539810180664,2166600,0.0,0.0
2022-11-25 00:00:00-05:00,52.59533798178948,52.861916158320305,52.46205228320638,52.62199783325195,1123100,0.0,0.0
2022-11-28 00:00:00-05:00,52.17770923021157,52.4887126061323,51.60012765815013,51.84893035888672,2738800,0.0,0.0
2022-11-29 00:00:00-05:00,51.609010328012516,51.83115654315097,51.10251383898919,51.79561233520508,2410000,0.0,0.0
2022-11-30 00:00:00-05:00,51.71563715057559,54.04372842755249,51.71563715057559,53.803810119628906,10096100,0.0,0.0
2022-12-01 00:00:00-05:00,54.203681839603604,54.82569198127327,53.54612748648251,53.6705322265625,2412900,0.0,0.0
2022-12-02 00:00:00-05:00,53.03962473648844,54.14147136425944,53.03074038007503,54.13258361816406,3755700,0.0,0.0
2022-12-05 00:00:00-05:00,53.71495730070849,53.963759985313295,53.29732131753697,53.55501174926758,2970900,0.0,0.0
2022-12-06 00:00:00-05:00,53.60832117732094,53.86600818627091,52.915222746873724,53.848236083984375,3143200,0.0,0.0
2022-12-07 00:00:00-05:00,53.56388779135839,53.8926665903258,53.12848316089296,53.27065658569336,2314500,0.0,0.0
2022-12-08 00:00:00-05:00,53.25272618179636,53.83555752766454,52.98372841466189,53.79969024658203,2050800,0.54,0.0
2022-12-09 00:00:00-05:00,53.57552644194055,54.140424163836094,53.49482676738405,53.59346008300781,2021000,0.0,0.0
2022-12-12 00:00:00-05:00,53.90729435326155,54.3825273264824,53.54863176609601,54.35562515258789,2869000,0.0,0.0
2022-12-13 00:00:00-05:00,55.15365254874519,55.92478205857049,54.203193458442605,54.803955078125,2884800,0.0,0.0
2022-12-14 00:00:00-05:00,54.956383249617,55.70061050368781,54.39148555619508,54.857749938964844,1984900,0.0,0.0
2022-12-15 00:00:00-05:00,54.67841987118747,54.875686503002505,53.64726116054592,54.104557037353516,2469900,0.0,0.0
2022-12-16 00:00:00-05:00,53.37826198187204,53.503794053956604,52.30227083800871,53.11823272705078,5284000,0.0,0.0
2022-12-19 00:00:00-05:00,53.10926692539902,53.62933230275459,52.71473704707219,53.225833892822266,1995100,0.0,0.0
2022-12-20 00:00:00-05:00,53.15410133827988,53.53070100866673,52.75060633353411,53.09133529663086,1903300,0.0,0.0
2022-12-21 00:00:00-05:00,53.261697646162155,54.26595762834552,53.22583036310394,54.248023986816406,1692400,0.0,0.0
2022-12-22 00:00:00-05:00,54.03282330395192,54.158358793714704,52.96579729466085,53.916259765625,1787100,0.0,0.0
2022-12-23 00:00:00-05:00,53.78175578792418,54.803949339781106,53.78175578792418,54.76808547973633,1341400,0.0,0.0
2022-12-27 00:00:00-05:00,54.89361895373415,55.55714655828122,54.64255140400706,55.42264938354492,1792000,0.0,0.0
2022-12-28 00:00:00-05:00,55.52128472709091,55.91581802089491,54.90258945338813,54.956390380859375,1819200,0.0,0.0
2022-12-29 00:00:00-05:00,55.27918293149345,55.65577912025874,55.171581088567216,55.440582275390625,1353400,0.0,0.0
2022-12-30 00:00:00-05:00,55.467484126554346,55.49438287854348,54.40942322207847,54.938453674316406,1815300,0.0,0.0
2023-01-03 00:00:00-05:00,55.11778220654942,55.66474625599694,54.10455377758094,55.63784408569336,2220400,0.0,0.0
2023-01-04 00:00:00-05:00,55.96064725534249,56.588311025076486,55.74544697810794,56.05031204223633,1960500,0.0,0.0
2023-01-05 00:00:00-05:00,55.61095187224275,55.80821851535875,54.53495728691658,54.803955078125,2379500,0.0,0.0
2023-01-06 00:00:00-05:00,55.50335012921198,56.364144377931545,55.332982249231115,56.16687774658203,2248400,0.0,0.0
2023-01-09 00:00:00-05:00,56.04134262920176,57.17113459158994,56.00547534900097,56.929039001464844,2308300,0.0,0.0
2023-01-10 00:00:00-05:00,56.78557720160288,57.17113851852222,56.50761089169212,57.09043884277344,1416400,0.0,0.0
2023-01-11 00:00:00-05:00,57.1173408234193,57.6105039866776,57.02767261705903,57.359439849853516,1665800,0.0,0.0
2023-01-12 00:00:00-05:00,57.56567329976186,57.61947764886189,56.17585189257667,56.30138397216797,2546100,0.0,0.0
2023-01-13 00:00:00-05:00,56.03237982204837,56.49864080185127,55.80821444231949,56.184810638427734,2031800,0.0,0.0
2023-01-17 00:00:00-05:00,56.28344601051216,56.66901075138148,56.238613617025756,56.4000129699707,2883600,0.0,0.0
2023-01-18 00:00:00-05:00,56.355183584725914,56.453816913943044,54.48116059107869,54.54393005371094,2447200,0.0,0.0
2023-01-19 00:00:00-05:00,54.51702187161774,54.570822796306565,53.656227599550924,53.817626953125,1959000,0.0,0.0
2023-01-20 00:00:00-05:00,53.71002743792502,54.22112424040826,52.87613193482241,54.18525695800781,2210600,0.0,0.0
2023-01-23 00:00:00-05:00,54.095592822186,55.180552474137436,53.87142743522947,54.597721099853516,2013300,0.0,0.0
2023-01-24 00:00:00-05:00,54.17629063018789,54.794989305031244,53.6651938069214,54.65152359008789,1481500,0.0,0.0
2023-01-25 00:00:00-05:00,54.167333029883125,54.61566387880468,53.7728031142096,54.56186294555664,1358400,0.0,0.0
2023-01-26 00:00:00-05:00,54.36459257760477,54.857755762728225,54.230091972347246,54.7232551574707,1635100,0.0,0.0
2023-01-27 00:00:00-05:00,54.66048238286884,54.884647750338445,54.292851317038384,54.364585876464844,2075000,0.0,0.0
2023-01-30 00:00:00-05:00,54.095595766902804,55.22538787364779,54.01489608638584,54.7860221862793,2231000,0.0,0.0
2023-01-31 00:00:00-05:00,55.09985719715356,55.557153118038485,54.36459494287263,55.53025436401367,3245300,0.0,0.0
2023-02-01 00:00:00-05:00,55.15364819308788,55.84407796897599,54.69635232619691,55.42264938354492,2647100,0.0,0.0
2023-02-02 00:00:00-05:00,55.575082681234804,55.942713781388235,54.96535255115217,55.7095832824707,2533500,0.0,0.0
2023-02-03 00:00:00-05:00,55.24332775139345,55.38679348622863,53.48587164453924,54.56186294555664,2121700,0.0,0.0
2023-02-06 00:00:00-05:00,54.33769563527345,55.02812552911002,54.14043239452929,54.947425842285156,1798600,0.0,0.0
2023-02-07 00:00:00-05:00,54.63358730716977,54.90258508212365,53.808656920753265,54.705318450927734,1392000,0.0,0.0
2023-02-08 00:00:00-05:00,54.36458996247863,54.4542547480088,53.65622652711638,53.92522430419922,1577900,0.0,0.0
2023-02-09 00:00:00-05:00,54.1045499919848,54.40941501032181,53.33342062675048,53.405155181884766,2107000,0.0,0.0
2023-02-10 00:00:00-05:00,53.584490956600895,54.45425372598721,53.38722774803837,54.38252258300781,2335400,0.0,0.0
2023-02-13 00:00:00-05:00,54.58875851565724,55.01915566807267,54.391491871448814,54.97432327270508,1281800,0.0,0.0
2023-02-14 00:00:00-05:00,54.91155160875124,55.252280515027245,54.44528721961906,54.83981704711914,1800700,0.0,0.0
2023-02-15 00:00:00-05:00,54.597720663939526,55.51231584587902,54.5439231606146,55.37781524658203,1939800,0.0,0.0
2023-02-16 00:00:00-05:00,54.73222108772464,55.476448385435766,54.15835825081671,55.386783599853516,1859200,0.0,0.0
2023-02-17 00:00:00-05:00,55.48541377474064,56.077210219356346,54.884648799779114,55.79924392700195,2762100,0.0,0.0
2023-02-21 00:00:00-05:00,54.983290973467746,55.69165448331643,54.4542604740291,54.83086013793945,3013600,0.0,0.0
2023-02-22 00:00:00-05:00,54.91154676298062,55.18054450437848,54.18524978276373,54.51701354980469,2543800,0.0,0.0
2023-02-23 00:00:00-05:00,54.89362374123158,55.06398821228596,53.89832882711501,54.28389358520508,2813900,0.0,0.0
2023-02-24 00:00:00-05:00,54.01489819004181,54.96535733037747,53.70106456670108,54.83086013793945,3010200,0.0,0.0
2023-02-27 00:00:00-05:00,55.072948526076765,56.38207693556868,54.902584069861916,55.16261672973633,3602000,0.0,0.0
2023-02-28 00:00:00-05:00,54.84878457995447,55.315048989683305,54.12249092405319,54.18525695800781,3077200,0.0,0.0
2023-03-01 00:00:00-05:00,54.30182293631358,54.30182293631358,52.4726326127853,52.49056625366211,2830700,0.0,0.0
2023-03-02 00:00:00-05:00,52.347108225026304,53.70106581513805,52.25744000749035,53.68313217163086,2480900,0.0,0.0
2023-03-03 00:00:00-05:00,53.8624604942806,54.1493919244157,53.27066399206538,54.1314582824707,3152900,0.0,0.0
2023-03-06 00:00:00-05:00,54.11352391105983,54.83085589722021,53.68312677165905,53.88935852050781,2479200,0.0,0.0
2023-03-07 00:00:00-05:00,53.9790236537885,54.02385604524628,52.21259938231589,52.49953079223633,2951100,0.0,0.0
2023-03-08 00:00:00-05:00,52.49056938465847,53.09133099765137,52.17673578133277,52.929931640625,2637400,0.0,0.0
2023-03-09 00:00:00-05:00,53.092906948832926,53.64520411768051,52.1512856594483,52.29615020751953,2134400,0.57,0.0
2023-03-10 00:00:00-05:00,52.48628882951254,52.48628882951254,50.86561428959366,51.028587341308594,2767500,0.0,0.0
2023-03-13 00:00:00-04:00,50.87466057604869,52.785063983958125,50.77506901562631,51.671417236328125,4790300,0.0,0.0
2023-03-14 00:00:00-04:00,52.29614758516869,53.292094325330254,51.97925748147911,52.984256744384766,3673200,0.0,0.0
2023-03-15 00:00:00-04:00,52.58588289164882,53.48223120580007,52.14223326926212,53.074798583984375,3621600,0.0,0.0
2023-03-16 00:00:00-04:00,52.54060895884136,53.654255802329644,52.43196141294678,53.581825256347656,3150500,0.0,0.0
2023-03-17 00:00:00-04:00,53.3916929401221,53.58182701513945,52.540610683455846,52.99331283569336,6263400,0.0,0.0
2023-03-20 00:00:00-04:00,53.219660891497995,53.835336059907775,53.08385232584013,53.708580017089844,2959300,0.0,0.0
2023-03-21 00:00:00-04:00,53.8534476157133,54.00736814347258,52.11507300896604,52.99331283569336,2849600,0.0,0.0
2023-03-22 00:00:00-04:00,52.902774899283116,53.14723448109335,51.69858549116347,51.72574996948242,2195600,0.0,0.0
2023-03-23 00:00:00-04:00,51.62615845439266,52.314264267397846,51.09196972901409,51.37264633178711,2032400,0.0,0.0
2023-03-24 00:00:00-04:00,51.53560552930997,53.264930871131746,51.21871544008987,53.21965789794922,1906200,0.0,0.0
2023-03-27 00:00:00-04:00,53.6723602193836,54.3151998304796,53.50938718601762,53.618038177490234,2200200,0.0,0.0
2023-03-28 00:00:00-04:00,53.464127038391354,54.731694530357636,53.44601853663829,54.215614318847656,2047500,0.0,0.0
2023-03-29 00:00:00-04:00,54.69547222043428,55.6189849971825,54.58682467430014,55.537498474121094,3131100,0.0,0.0
2023-03-30 00:00:00-04:00,55.90871695025954,56.16222905549237,55.51939281502719,56.017364501953125,2277600,0.0,0.0
2023-03-31 00:00:00-04:00,56.28898778579754,56.642098389825236,55.899667085888446,56.542503356933594,3131600,0.0,0.0
2023-04-03 00:00:00-04:00,56.09884854118594,56.51533368240962,55.46506485236894,55.510337829589844,3470000,0.0,0.0
2023-04-04 00:00:00-04:00,55.51033667779143,55.8091182889591,55.057634545721555,55.61898422241211,1938400,0.0,0.0
2023-04-05 00:00:00-04:00,55.76384859170669,57.4207365938898,55.69141459295786,57.19438552856445,3073900,0.0,0.0
2023-04-06 00:00:00-04:00,57.5565515188266,57.86438912135576,56.91371528978856,57.32114791870117,3869100,0.0,0.0
2023-04-10 00:00:00-04:00,57.00424727059165,57.275867838238796,56.43384511468551,57.24870681762695,4334800,0.0,0.0
2023-04-11 00:00:00-04:00,57.167224437085714,57.737630088094505,57.049520916182246,57.62898254394531,2916200,0.0,0.0
2023-04-12 00:00:00-04:00,57.945873051266496,57.945873051266496,57.348306373579035,57.57465744018555,3415700,0.0,0.0
2023-04-13 00:00:00-04:00,57.14911723030996,57.71047037110718,56.59682006647189,57.47506332397461,1885600,0.0,0.0
2023-04-14 00:00:00-04:00,57.04951450516154,57.65613708733104,56.886544934173266,57.4931640625,2763600,0.0,0.0
2023-04-17 00:00:00-04:00,57.62898203455473,57.82816862142709,57.13100693276602,57.674251556396484,1730800,0.0,0.0
2023-04-18 00:00:00-04:00,57.628984937807154,57.91871403680222,57.312091361264024,57.77384948730469,2202200,0.0,0.0
2023-04-19 00:00:00-04:00,57.94587692292299,58.3714180618056,57.67425631561547,57.99114990234375,1485300,0.0,0.0
2023-04-20 00:00:00-04:00,57.95492186606472,58.217489899802715,57.63802833967113,57.90964889526367,1733600,0.0,0.0
2023-04-21 00:00:00-04:00,58.33519239682925,58.50722140385706,57.683300273024706,58.02735137939453,1163900,0.0,0.0
2023-04-24 00:00:00-04:00,57.94587502861023,58.20844310375601,57.55655090445429,58.126953125,1855600,0.0,0.0
2023-04-25 00:00:00-04:00,57.99114725998291,58.28992542441095,57.80100973507217,57.8553352355957,1623100,0.0,0.0
2023-04-26 00:00:00-04:00,57.511273847546356,57.91870641874453,56.551544174706535,56.57870864868164,2965900,0.0,0.0
2023-04-27 00:00:00-04:00,56.587767916346245,57.475063702813365,56.587767916346245,57.44790267944336,1843100,0.0,0.0
2023-04-28 00:00:00-04:00,57.40263535753651,57.76479501378568,56.85033816887489,57.221553802490234,1846500,0.0,0.0
2023-05-01 00:00:00-04:00,57.06762605396505,57.84627422449056,57.01330401201217,57.16722106933594,2289200,0.0,0.0
2023-05-02 00:00:00-04:00,57.97303726736844,58.389522423943376,56.56060874440241,56.868446350097656,2923500,0.0,0.0
2023-05-03 00:00:00-04:00,57.43884865766117,57.97303734312916,56.93182445033113,57.23060607910156,2565600,0.0,0.0
2023-05-04 00:00:00-04:00,57.74668353714455,57.85533453687944,57.022360808128,57.50222396850586,1923100,0.0,0.0
2023-05-05 00:00:00-04:00,57.56561426822286,58.02736554557326,57.50223278174157,57.78290939331055,1739700,0.0,0.0
2023-05-08 00:00:00-04:00,57.737627677631345,58.06357029647129,57.19438307187874,57.48411560058594,1468300,0.0,0.0
2023-05-09 00:00:00-04:00,57.23965390011373,57.710464492577714,56.99519435476649,57.68330001831055,2091300,0.0,0.0
2023-05-10 00:00:00-04:00,57.936827067648,58.20844768746511,57.45696040366607,58.072635650634766,1977900,0.0,0.0
2023-05-11 00:00:00-04:00,58.09073451632358,58.15411253153805,57.2758659328051,57.438838958740234,1961500,0.0,0.0
2023-05-12 00:00:00-04:00,57.764793510174236,58.0545260630126,57.402633863352044,57.77384948730469,1726900,0.0,0.0
2023-05-15 00:00:00-04:00,57.909649674669616,57.99113964167118,56.46100438945022,56.63302993774414,1439000,0.0,0.0
2023-05-16 00:00:00-04:00,56.65114141332555,56.89560096565151,55.763845697758896,55.917762756347656,2079900,0.0,0.0
2023-05-17 00:00:00-04:00,56.11695869208249,56.16222821679184,55.42885293650778,55.70952606201172,1746400,0.0,0.0
2023-05-18 00:00:00-04:00,55.29303067864716,55.71857173064003,55.021410126800895,55.600868225097656,2067000,0.0,0.0
2023-05-19 00:00:00-04:00,55.899663440142675,56.46101314346952,55.6099308843343,55.754798889160156,2119900,0.0,0.0
2023-05-22 00:00:00-04:00,55.75479678996488,56.50628054056693,55.75479678996488,56.34330749511719,2113000,0.0,0.0
2023-05-23 00:00:00-04:00,56.288982611678065,56.56060665963052,55.47412082935042,55.510337829589844,2056200,0.0,0.0
2023-05-24 00:00:00-04:00,55.46505762725376,55.69140866849986,54.92181650980024,55.0485725402832,1934800,0.0,0.0
2023-05-25 00:00:00-04:00,54.912765015174216,54.930870059430966,53.925874318724304,54.17033386230469,1936000,0.0,0.0
2023-05-26 00:00:00-04:00,54.1431752787773,54.1431752787773,53.43696104527393,53.934932708740234,1799300,0.0,0.0
2023-05-30 00:00:00-04:00,53.88966420794951,54.260879831814094,53.70858265765972,53.84439468383789,2262600,0.0,0.0
2023-05-31 00:00:00-04:00,53.762913180389745,54.62304803422091,53.56372311108217,54.0979118347168,5032400,0.0,0.0
2023-06-01 00:00:00-04:00,54.27898839623531,54.288040919531,53.31925859625799,54.23371887207031,3059500,0.0,0.0
2023-06-02 00:00:00-04:00,54.23372021135524,55.55560969113957,54.179394708709694,55.2658805847168,3150700,0.0,0.0
2023-06-05 00:00:00-04:00,55.121020774406674,56.01736919520258,55.121020774406674,55.55561447143555,2445200,0.0,0.0
2023-06-06 00:00:00-04:00,55.917768372465204,56.062632923151256,55.55560872267174,55.74574279785156,2199300,0.0,0.0
2023-06-07 00:00:00-04:00,55.836275791918396,56.904653032563765,55.5103331786027,56.78695297241211,2093700,0.0,0.0
2023-06-08 00:00:00-04:00,56.58594652512789,56.987976860012346,56.266150063915255,56.77782440185547,3237900,0.57,0.0
2023-06-09 00:00:00-04:00,56.86004888517898,56.89659804200154,56.44887958472384,56.7138557434082,2576000,0.0,0.0
2023-06-12 00:00:00-04:00,56.86919371499573,56.86919371499573,56.34837689097531,56.604217529296875,2490200,0.0,0.0
2023-06-13 00:00:00-04:00,56.083409587940025,56.83265002369332,56.083409587940025,56.62249755859375,2126900,0.0,0.0
2023-06-14 00:00:00-04:00,56.814372163346384,57.41741939355848,56.521985838729606,56.58594512939453,3889800,0.0,0.0
2023-06-15 00:00:00-04:00,56.62248612907701,56.960557114646384,56.2570015332316,56.88745880126953,4529200,0.0,0.0
2023-06-16 00:00:00-04:00,57.16158512878,57.51793076212711,57.04280208915759,57.143310546875,5333000,0.0,0.0
2023-06-20 00:00:00-04:00,56.4488832739048,57.1981236101361,56.22959528967692,56.668174743652344,4075300,0.0,0.0
2023-06-21 00:00:00-04:00,56.52198061958144,57.46309879719537,55.93720802434484,57.17985153198242,4664800,0.0,0.0
2023-06-22 00:00:00-04:00,57.32604522643736,57.49050947058342,56.42147271327603,56.75040817260742,1798400,0.0,0.0
2023-06-23 00:00:00-04:00,56.92400846784585,57.31690319196716,56.09253431609321,56.19304275512695,3000200,0.0,0.0
2023-06-26 00:00:00-04:00,56.33010276142232,57.01538379995291,55.97375369354994,56.786956787109375,1786900,0.0,0.0
2023-06-27 00:00:00-04:00,57.04279360545701,57.54533233378379,56.96055974187484,57.307769775390625,2159400,0.0,0.0
2023-06-28 00:00:00-04:00,57.28949306696503,57.390001505998775,56.00116490907314,56.19304275512695,2493600,0.0,0.0
2023-06-29 00:00:00-04:00,55.827569910064916,56.80523741020157,55.644831057550554,56.50371551513672,1887200,0.0,0.0
2023-06-30 00:00:00-04:00,56.604216747882745,57.2894978138728,56.549393007816434,57.2072639465332,2626500,0.0,0.0
2023-07-03 00:00:00-04:00,57.02451177803469,57.60014874994219,56.89659322550395,57.44481658935547,899600,0.0,0.0
2023-07-05 00:00:00-04:00,57.27121859063459,58.53213314025449,57.125025447829984,58.15751647949219,2469000,0.0,0.0
2023-07-06 00:00:00-04:00,57.64584219943732,57.76462522432564,57.21639829173931,57.49964904785156,2097400,0.0,0.0
2023-07-07 00:00:00-04:00,57.097625834872574,57.463107016412124,57.0245275072526,57.143310546875,2002000,0.0,0.0
2023-07-10 00:00:00-04:00,56.99711053120714,57.25294767610813,56.40319888995021,56.80522918701172,2183700,0.0,0.0
2023-07-11 00:00:00-04:00,56.887468863992794,57.52706527709961,56.71386556729353,57.52706527709961,1491000,0.0,0.0
2023-07-12 00:00:00-04:00,57.892541079037464,58.49558475119461,57.70979877675252,58.212337493896484,1586400,0.0,0.0
2023-07-13 00:00:00-04:00,58.09356533054123,58.57782953034425,58.066151716132794,58.51387023925781,1344500,0.0,0.0
2023-07-14 00:00:00-04:00,58.44077498828543,58.495595248945435,57.99305992713486,58.33113098144531,1402000,0.0,0.0
2023-07-17 00:00:00-04:00,58.13924825770086,58.30371599702831,57.48137730039102,57.49051284790039,1636200,0.0,0.0
2023-07-18 00:00:00-04:00,57.49050684404604,57.85599144560981,56.640761593621306,57.24380874633789,1883500,0.0,0.0
2023-07-19 00:00:00-04:00,57.490513256917076,58.19406892781891,57.45396758109974,57.92909622192383,2256900,0.0,0.0
2023-07-20 00:00:00-04:00,58.18493374651982,59.02554354944803,57.79203897347123,58.89762496948242,1501300,0.0,0.0
2023-07-21 00:00:00-04:00,59.06208498595491,59.81132527248748,58.89761726593367,59.50979995727539,2031900,0.0,0.0
2023-07-24 00:00:00-04:00,59.56463132940516,59.58290242355256,58.94330956280323,58.988990783691406,2049600,0.0,0.0
2023-07-25 00:00:00-04:00,58.988989587305916,59.59204024752967,58.80625076538071,59.281375885009766,2107600,0.0,0.0
2023-07-26 00:00:00-04:00,59.10779075806013,59.73824472982302,58.96159408742234,59.31793975830078,1585200,0.0,0.0
2023-07-27 00:00:00-04:00,58.97986529358744,59.32707188938813,57.70980800661521,57.83772659301758,2060300,0.0,0.0
2023-07-28 00:00:00-04:00,58.276304241065084,58.37681269447119,57.344321517008396,57.72808074951172,2383600,0.0,0.0
2023-07-31 00:00:00-04:00,57.94736382819859,58.12097059133794,57.45396412193219,57.67325210571289,5086600,0.0,0.0
2023-08-01 00:00:00-04:00,58.67833583826752,59.665142268413476,57.69152940812157,57.74635314941406,3966400,0.0,0.0
2023-08-02 00:00:00-04:00,57.59101987259799,57.86513508837203,56.83264396937716,57.6915283203125,2686900,0.0,0.0
2023-08-03 00:00:00-04:00,57.33518356649079,57.38086827461909,55.653960514522694,55.90979766845703,2463300,0.0,0.0
2023-08-04 00:00:00-04:00,56.019443853852465,56.29355558179695,55.03263745062862,55.37070846557617,1894500,0.0,0.0
2023-08-07 00:00:00-04:00,55.516901403826935,55.92807073690611,55.27020328949915,55.27933883666992,1988700,0.0,0.0
2023-08-08 00:00:00-04:00,55.16969820835407,55.60827769521848,54.75852885019371,55.361576080322266,2548800,0.0,0.0
2023-08-09 00:00:00-04:00,55.133154669787025,55.99203915014298,55.133154669787025,55.47122573852539,2494900,0.0,0.0
2023-08-10 00:00:00-04:00,55.59913307859716,55.955482143564154,55.1879672472468,55.297611236572266,1616600,0.0,0.0
2023-08-11 00:00:00-04:00,55.39812456913101,55.82756501752931,55.197107666357404,55.61741256713867,1657000,0.0,0.0
2023-08-14 00:00:00-04:00,54.977811213129925,55.315885698238105,54.72197407674066,54.859031677246094,2237700,0.0,0.0
2023-08-15 00:00:00-04:00,54.639744917855644,54.67629407920647,54.23771459955614,54.301673889160156,2499500,0.0,0.0
2023-08-16 00:00:00-04:00,54.5483717790182,55.27020198161849,54.37476501720416,55.13314437866211,2289900,0.0,0.0
2023-08-17 00:00:00-04:00,55.22450724737729,55.681361222411745,55.151412423841776,55.18796157836914,2317200,0.0,0.0
2023-08-18 00:00:00-04:00,55.11486990792555,55.71791708818757,55.11486990792555,55.57172393798828,1977300,0.0,0.0
2023-08-21 00:00:00-04:00,55.51690756620331,55.60828047565203,54.594063836651934,55.04178237915039,1448200,0.0,0.0
2023-08-22 00:00:00-04:00,54.97781285162284,55.11487045621298,54.63974184195877,54.8773078918457,2482400,0.0,0.0
2023-08-23 00:00:00-04:00,55.37071292057065,55.553455249076556,54.76766567636514,55.50777053833008,1879100,0.0,0.0
2023-08-24 00:00:00-04:00,55.44380133811109,56.19304161412453,55.37984205739185,55.480350494384766,1831000,0.0,0.0
2023-08-25 00:00:00-04:00,55.63568800049041,56.11995219857176,55.39812541808823,55.84584045410156,1942000,0.0,0.0
2023-08-28 00:00:00-04:00,56.019444496668726,56.293556227758614,55.73619373274797,55.90066146850586,1249400,0.0,0.0
2023-08-29 00:00:00-04:00,56.25700563551227,56.54939193930174,55.80929063274951,56.494571685791016,1913100,0.0,0.0
2023-08-30 00:00:00-04:00,56.43061044317205,56.73213578772971,55.955485300780225,56.33924102783203,1890800,0.0,0.0
2023-08-31 00:00:00-04:00,56.55852832904244,56.62248761216272,55.791013446079475,55.809288024902344,2932300,0.0,0.0
2023-09-01 00:00:00-04:00,56.119948597169824,56.119948597169824,54.78593563697491,55.27933883666992,2235600,0.0,0.0
2023-09-05 00:00:00-04:00,55.26107268689785,55.370716697271945,53.60725955512081,53.79914093017578,3069100,0.0,0.0
2023-09-06 00:00:00-04:00,53.9087793477808,54.192030121174945,53.579843865263705,54.12807083129883,2504500,0.0,0.0
2023-09-07 00:00:00-04:00,54.61703151370767,55.74258279600051,54.47864235897034,55.50271224975586,2599900,0.57,0.0
2023-09-08 00:00:00-04:00,55.696462463950134,56.277692072420386,55.456591882333875,56.08395004272461,2143900,0.0,0.0
2023-09-11 00:00:00-04:00,55.90865245269866,56.489882017863174,55.84407178094512,56.093170166015625,1778900,0.0,0.0
2023-09-12 00:00:00-04:00,56.10239446756777,56.10239446756777,55.60419772868282,55.93632888793945,2244000,0.0,0.0
2023-09-13 00:00:00-04:00,56.08394377317156,56.84046320212246,55.991683160261374,56.17620086669922,4304100,0.0,0.0
2023-09-14 00:00:00-04:00,56.53600821946423,56.905043630779026,56.25000911910865,56.63749313354492,3745100,0.0,0.0
2023-09-15 00:00:00-04:00,56.517564577555824,57.19105483217153,56.39763104235734,56.6005973815918,5387000,0.0,0.0
2023-09-18 00:00:00-04:00,56.7113032179975,56.77588388888589,56.09316941457377,56.5821418762207,3329200,0.0,0.0
2023-09-19 00:00:00-04:00,56.47143797586528,56.86814988448377,55.9271125793457,55.9271125793457,3164200,0.0,0.0
2023-09-20 00:00:00-04:00,56.1669772986712,56.60981768827626,55.761037635329636,56.000911712646484,2562100,0.0,0.0
2023-09-21 00:00:00-04:00,55.93633697430073,56.51756306764157,55.392011611136574,55.761043548583984,2069700,0.0,0.0
2023-09-22 00:00:00-04:00,55.567295992949134,56.093169179050975,55.299745489316244,55.83484649658203,2077700,0.0,0.0
2023-09-25 00:00:00-04:00,55.49349642207237,55.69646275546138,55.10600884126981,55.622657775878906,1286600,0.0,0.0
2023-09-26 00:00:00-04:00,55.51194583724312,55.61343076510956,53.71290764100335,53.94355392456055,1722200,0.0,0.0
2023-09-27 00:00:00-04:00,53.91587211353827,54.09116553538715,53.2608375355316,53.41767883300781,2358200,0.0,0.0
2023-09-28 00:00:00-04:00,53.56528680003115,53.712900260449246,52.16295716636799,52.27366638183594,2788200,0.0,0.0
2023-09-29 00:00:00-04:00,52.80876917474567,52.901026270881886,52.043021903161076,52.50431442260742,2980300,0.0,0.0
2023-10-02 00:00:00-04:00,52.20908981755138,52.467412513746794,49.95798348934746,50.4561767578125,4150800,0.0,0.0
2023-10-03 00:00:00-04:00,50.10559264398932,51.4802423238762,49.55203953206142,51.231143951416016,3467200,0.0,0.0
2023-10-04 00:00:00-04:00,51.43411904860143,51.89541159612252,50.557662504434795,51.775474548339844,3469500,0.0,0.0
2023-10-05 00:00:00-04:00,51.67398714968935,52.29212096383915,51.29572741961536,52.18141174316406,3785900,0.0,0.0
2023-10-06 00:00:00-04:00,51.42488969710504,53.07631418035698,50.80675591403822,52.882572174072266,3146500,0.0,0.0
2023-10-09 00:00:00-04:00,52.836452337188405,53.89742315557588,52.82722451476852,53.88819885253906,2469900,0.0,0.0
2023-10-10 00:00:00-04:00,53.897419544302814,54.727747537304936,53.86051881524492,54.4786491394043,2388800,0.0,0.0
2023-10-11 00:00:00-04:00,54.64470898179731,56.12084708948617,54.50632334379622,56.06549072265625,2594100,0.0,0.0
2023-10-12 00:00:00-04:00,55.8163931467203,56.67439748821222,55.30897209471753,55.88097381591797,3886100,0.0,0.0
2023-10-13 00:00:00-04:00,56.27768787933259,56.55446268961671,55.78871893051789,56.093170166015625,2859700,0.0,0.0
2023-10-16 00:00:00-04:00,56.38839499731886,56.58214052473899,55.80716897320605,56.17620086669922,1976200,0.0,0.0
2023-10-17 00:00:00-04:00,55.871755456197235,56.36072443766126,55.733366282123356,56.10240173339844,1730200,0.0,0.0
2023-10-18 00:00:00-04:00,55.927103537597226,56.1392976721881,55.152131971560614,55.530391693115234,2330600,0.0,0.0
2023-10-19 00:00:00-04:00,55.308974295945326,56.04704162999465,55.1429087058614,55.198265075683594,1937600,0.0,0.0
2023-10-20 00:00:00-04:00,55.142913314902856,55.77027148112728,54.69084505535942,54.70929718017578,3233400,0.0,0.0
2023-10-23 00:00:00-04:00,53.91586916717747,55.253618196336774,53.72212715092629,54.58013153076172,2581100,0.0,0.0
2023-10-24 00:00:00-04:00,55.10600433128646,56.194654966248464,54.949166562895265,55.797943115234375,2782500,0.0,0.0
2023-10-25 00:00:00-04:00,55.52117337367473,56.06549874084342,55.46581699892804,55.89943313598633,2295200,0.0,0.0
2023-10-26 00:00:00-04:00,56.11162447715575,56.812791111223156,55.927106756644186,56.46220779418945,2576000,0.0,0.0
2023-10-27 00:00:00-04:00,56.27769275993186,56.43453054225408,55.198269850397644,55.45659255981445,2199100,0.0,0.0
2023-10-30 00:00:00-04:00,55.83484340561953,56.35149226133884,55.15212897196839,55.50271224975586,2451100,0.0,0.0
2023-10-31 00:00:00-04:00,56.67439529161731,57.080331413609684,55.75181031668541,56.87736511230469,3948100,0.0,0.0
2023-11-01 00:00:00-04:00,56.58214392614113,57.99369795438771,56.43452693661092,57.55085754394531,3482200,0.0,0.0
2023-11-02 00:00:00-04:00,57.37556994696201,58.76867551217334,57.37556994696201,58.51034927368164,3079200,0.0,0.0
2023-11-03 00:00:00-04:00,59.2760889089012,59.33144175897933,58.62105437417062,58.66718292236328,2538000,0.0,0.0
2023-11-06 00:00:00-05:00,58.685633128218754,58.88860295689445,57.91988587958411,58.14130783081055,3178900,0.0,0.0
2023-11-07 00:00:00-05:00,58.270470659614936,58.270470659614936,57.20949646179779,57.477046966552734,2170300,0.0,0.0
2023-11-08 00:00:00-05:00,57.13569427603962,57.4585976462305,56.26846556796786,56.91427230834961,2613800,0.0,0.0
2023-11-09 00:00:00-05:00,57.06188600298309,57.35711294813312,56.21310941552244,56.30536651611328,1814700,0.0,0.0
2023-11-10 00:00:00-05:00,56.63749950934145,56.87737360951393,56.28691618106478,56.84046936035156,1826400,0.0,0.0
2023-11-13 00:00:00-05:00,56.738986927354645,56.89582471411013,56.157757295354486,56.591373443603516,1935600,0.0,0.0
2023-11-14 00:00:00-05:00,57.64311704115911,58.4088643689823,57.4032464619586,58.35350799560547,3442100,0.0,0.0
2023-11-15 00:00:00-05:00,58.215116131694415,58.777893583845774,57.68924292675557,58.012149810791016,2573600,0.0,0.0
2023-11-16 00:00:00-05:00,58.37195133403614,58.83324381792827,58.3258227895234,58.5472412109375,2766000,0.0,0.0
2023-11-17 00:00:00-05:00,58.80557595995807,59.05467435986616,58.436540511342486,58.81480026245117,2106000,0.0,0.0
2023-11-20 00:00:00-05:00,58.50111908814693,59.08234866708018,58.012150127749045,59.05467224121094,3404000,0.0,0.0
2023-11-21 00:00:00-05:00,59.26686724390786,59.47906492252461,58.740993997245326,59.17461013793945,2815600,0.0,0.0
2023-11-22 00:00:00-05:00,59.414487674548425,59.67281040167969,58.94396725654995,59.64513397216797,2003400,0.0,0.0
2023-11-24 00:00:00-05:00,59.85731769996405,60.1433238622882,59.57131857640549,60.05105972290039,1199700,0.0,0.0
2023-11-27 00:00:00-05:00,60.14332045698723,60.17099688173031,59.37757319152462,59.45138168334961,3378900,0.0,0.0
2023-11-28 00:00:00-05:00,59.6174519658205,60.12486954985795,59.40525429480305,59.41448211669922,2738300,0.0,0.0
2023-11-29 00:00:00-05:00,59.41447751161937,59.58054309905035,58.32582689151966,58.39040756225586,3874200,0.0,0.0
2023-11-30 00:00:00-05:00,58.28891592865289,58.50111003938865,57.46781590729818,57.59697723388672,18266200,0.0,0.0
2023-12-01 00:00:00-05:00,57.57853980876625,58.685642706833704,57.440150626739154,58.51034927368164,3563900,0.0,0.0
2023-12-04 00:00:00-05:00,57.99369957407707,59.01776959155604,57.799957548981816,58.38118362426758,2563200,0.0,0.0
2023-12-05 00:00:00-05:00,58.362732169630235,58.362732169630235,57.477051313848484,57.75382614135742,3434900,0.0,0.0
2023-12-06 00:00:00-05:00,58.07673446389983,58.4365421004238,57.79995962960316,58.298152923583984,3935200,0.0,0.0
2023-12-07 00:00:00-05:00,58.52158082097711,58.92190371897347,57.99092089598985,58.11194610595703,3237800,0.57,0.0
2023-12-08 00:00:00-05:00,58.074716693062186,58.26091399102988,57.544056702276,58.25160217285156,2835000,0.0,0.0
2023-12-11 00:00:00-05:00,58.056096172851255,58.735713286632595,57.88851896107854,58.633304595947266,2563200,0.0,0.0
2023-12-12 00:00:00-05:00,58.76363299758875,58.76363299758875,58.037467554293485,58.17711639404297,1612200,0.0,0.0
2023-12-13 00:00:00-05:00,58.40055982588839,60.27183398630982,57.95368843759996,60.0670166015625,3094600,0.0,0.0
2023-12-14 00:00:00-05:00,60.3835535014523,60.46733855592061,58.44710729937557,58.633304595947266,4457900,0.0,0.0
2023-12-15 00:00:00-05:00,58.03747204539226,58.270217762040225,56.71547452809459,57.292686462402344,6826900,0.0,0.0
2023-12-18 00:00:00-05:00,57.33924169492908,57.4975070963368,56.95753881641952,57.441650390625,3116700,0.0,0.0
2023-12-19 00:00:00-05:00,57.55336500301171,57.8885194292678,57.18097040685648,57.879207611083984,2165000,0.0,0.0
2023-12-20 00:00:00-05:00,57.69301744274552,57.9723116314757,56.529288696854536,56.547908782958984,2762800,0.0,0.0
2023-12-21 00:00:00-05:00,56.6037612955835,56.892367281689694,55.88690401506272,56.184818267822266,2191100,0.0,0.0
2023-12-22 00:00:00-05:00,56.51996802627212,57.022699618102585,56.44549124493672,56.464111328125,2063400,0.0,0.0
2023-12-26 00:00:00-05:00,56.324464246134916,56.78064742000846,56.324464246134916,56.52928161621094,1217200,0.0,0.0
2023-12-27 00:00:00-05:00,56.45480291983773,56.6968604644843,56.24998554381647,56.47342300415039,1592400,0.0,0.0
2023-12-28 00:00:00-05:00,56.27791621320795,56.8737446924893,56.27791621320795,56.762027740478516,1324300,0.0,0.0
2023-12-29 00:00:00-05:00,56.482732461269336,56.966844009349735,56.41756394051025,56.92960739135742,1981900,0.0,0.0
2024-01-02 00:00:00-05:00,56.65961782900647,57.54405226255228,56.53858906195255,57.292686462402344,2341500,0.0,0.0
2024-01-03 00:00:00-05:00,57.35785484086975,57.57198047350026,56.966840191105234,57.54405212402344,2830600,0.0,0.0
2024-01-04 00:00:00-05:00,57.506808689573504,57.91643984810215,57.1251058789348,57.525428771972656,2649200,0.0,0.0
2024-01-05 00:00:00-05:00,57.32062065751797,57.62784673950482,56.98546622313893,57.46957778930664,2706000,0.0,0.0
2024-01-08 00:00:00-05:00,57.50681642512576,58.009548063275325,57.2182104362433,57.888519287109375,2010800,0.0,0.0
2024-01-09 00:00:00-05:00,57.61853232030115,57.74886936080579,57.21820938079804,57.55336380004883,1657300,0.0,0.0
2024-01-10 00:00:00-05:00,57.469565829635854,57.90712886695171,57.106483118423725,57.73023986816406,1976100,0.0,0.0
2024-01-11 00:00:00-05:00,57.50681726283048,57.534745614884045,55.74726005509351,56.1475830078125,2635400,0.0,0.0
2024-01-12 00:00:00-05:00,56.603758410808155,56.762027347193225,55.94276141814885,56.15688705444336,4836300,0.0,0.0
2024-01-16 00:00:00-05:00,55.93345386055643,56.063790897220095,55.086256019406854,55.27245330810547,2842100,0.0,0.0
2024-01-17 00:00:00-05:00,54.92799173674711,55.64484900422735,54.30423489119688,54.75110626220703,2479800,0.0,0.0
2024-01-18 00:00:00-05:00,54.40663486360331,54.5555919731335,53.8201182425006,54.304229736328125,2698300,0.0,0.0
2024-01-19 00:00:00-05:00,54.57421316199365,54.59283324498956,53.96907644600609,54.5090446472168,2802600,0.0,0.0
2024-01-22 00:00:00-05:00,54.19251388252804,54.741793936860525,53.97838824120086,54.02493667602539,2285200,0.0,0.0
2024-01-23 00:00:00-05:00,53.894600169101935,54.22044631892084,53.74564304534465,54.13665771484375,2034700,0.0,0.0
2024-01-24 00:00:00-05:00,54.39733507066481,54.44388350875234,52.92638027745505,53.04740905761719,2664000,0.0,0.0
2024-01-25 00:00:00-05:00,53.391869122536285,53.61530658629961,52.98223791562452,53.50358963012695,3079300,0.0,0.0
2024-01-26 00:00:00-05:00,53.72702517398986,53.87598230388276,53.39187074387631,53.68978500366211,1678000,0.0,0.0
2024-01-29 00:00:00-05:00,53.652546048358026,54.19251428892413,53.29877154848633,54.015628814697266,1992700,0.0,0.0
2024-01-30 00:00:00-05:00,53.894604771380024,54.481125050005026,53.624618851696646,54.229759216308594,1874800,0.0,0.0
2024-01-31 00:00:00-05:00,54.648706163629775,54.91869210253701,53.70841128713729,53.987709045410156,2787200,0.0,0.0
2024-02-01 00:00:00-05:00,53.699095639268684,54.9559211730957,53.38256130129045,54.9559211730957,2304100,0.0,0.0
2024-02-02 00:00:00-05:00,54.453190540036594,54.65800435989944,53.63392460633162,54.183204650878906,3219500,0.0,0.0
2024-02-05 00:00:00-05:00,53.70840139044051,54.79765321330317,53.28946193306505,54.183204650878906,4118300,0.0,0.0
2024-02-06 00:00:00-05:00,54.05287162349485,55.17936014623943,53.931842844997746,54.90937423706055,3858200,0.0,0.0
2024-02-07 00:00:00-05:00,55.049022145378075,55.17935918853521,54.51836215457085,54.93730163574219,3738800,0.0,0.0
2024-02-08 00:00:00-05:00,54.62076419213606,54.732484695426194,53.55944427080487,54.183204650878906,2792900,0.0,0.0
2024-02-09 00:00:00-05:00,54.024933008104696,54.57421302514485,53.83873928144784,54.38801574707031,1436500,0.0,0.0
2024-02-12 00:00:00-05:00,54.37870816406859,55.27245084834673,54.19251088365621,55.23521423339844,1975400,0.0,0.0
2024-02-13 00:00:00-05:00,54.927987636080616,55.25383020996486,53.43841651058449,54.5090446472168,2325600,0.0,0.0
2024-02-14 00:00:00-05:00,54.555594439100574,55.09556620519079,54.41594914027633,54.713863372802734,2788300,0.0,0.0
2024-02-15 00:00:00-05:00,54.99316009024406,55.72863743988829,54.89075140213943,55.48657989501953,2639700,0.0,0.0
2024-02-16 00:00:00-05:00,55.20728044865964,55.95206599347147,54.9466063958299,55.6634635925293,2411600,0.0,0.0
2024-02-20 00:00:00-05:00,55.73795015590132,56.40825903961113,55.4679677901122,55.961387634277344,2225300,0.0,0.0
2024-02-21 00:00:00-05:00,56.34308351768968,56.938911984138514,56.04516928446526,56.920291900634766,2725900,0.0,0.0
2024-02-22 00:00:00-05:00,56.37101501464823,56.473423703927836,55.94276372440442,56.20343780517578,3221200,0.0,0.0
2024-02-23 00:00:00-05:00,56.43618786118617,56.78996239179446,56.20344211367882,56.55721664428711,2624900,0.0,0.0
2024-02-26 00:00:00-05:00,56.38962946702045,56.38962946702045,55.197972586610106,55.5238151550293,3174800,0.0,0.0
2024-02-27 00:00:00-05:00,55.849670097777825,57.80473291998138,55.55175227919371,57.329933166503906,4075600,0.0,0.0
2024-02-28 00:00:00-05:00,57.33923770389328,58.363317486736065,57.12511206025953,58.30746078491211,3925500,0.0,0.0
2024-02-29 00:00:00-05:00,58.530889901229145,58.76363561021446,57.841964591426525,58.09333038330078,4493900,0.0,0.0
2024-03-01 00:00:00-05:00,57.944374084472656,58.20504814573938,57.23682513043764,57.944374084472656,4148200,0.0,0.0
2024-03-04 00:00:00-05:00,57.74886687140977,59.13603292430795,57.71163025531218,58.98707580566406,3236800,0.0,0.0
2024-03-05 00:00:00-05:00,59.34085988556173,60.76525923336708,59.19190274284172,59.778419494628906,3883600,0.0,0.0
2024-03-06 00:00:00-05:00,60.17873422442267,60.485960286800896,59.79703492803057,60.41147994995117,3038800,0.0,0.0
2024-03-07 00:00:00-05:00,61.294778529779215,61.43572352736753,60.64640286437297,61.322967529296875,3531200,0.6,0.0
2024-03-08 00:00:00-05:00,61.54848381520054,61.63305080979731,60.26113126749391,60.38329315185547,3429800,0.0,0.0
2024-03-11 00:00:00-04:00,60.43967151416924,61.30416758675188,60.0732001971152,61.03166198730469,2571500,0.0,0.0
2024-03-12 00:00:00-04:00,60.627599936866616,60.8437275288355,59.772502629270896,60.148372650146484,2146300,0.0,0.0
2024-03-13 00:00:00-04:00,60.373887156207346,60.721568153400035,60.00741588552058,60.07319259643555,2515800,0.0,0.0
2024-03-14 00:00:00-04:00,60.308121573746895,60.308121573746895,59.57517889712593,60.12958526611328,2298900,0.0,0.0
2024-03-15 00:00:00-04:00,59.95104483791842,60.712180092301566,59.753714670525106,59.9322509765625,5536400,0.0,0.0
2024-03-18 00:00:00-04:00,59.65974397283493,60.18596129322774,59.49060281930018,60.16716384887695,2856400,0.0,0.0
2024-03-19 00:00:00-04:00,60.43027686169999,60.54304003189774,59.85708021039312,60.20475769042969,2319000,0.0,0.0
2024-03-20 00:00:00-04:00,59.96044215457382,60.63700322470612,59.70673040906328,60.035614013671875,3396000,0.0,0.0
2024-03-21 00:00:00-04:00,60.32690711463729,60.58062243301087,59.838281091625475,59.98862838745117,2588300,0.0,0.0
2024-03-22 00:00:00-04:00,60.44906725172852,61.41692771662374,60.392682088648904,61.106834411621094,3913500,0.0,0.0
2024-03-25 00:00:00-04:00,61.19141349911858,61.41693266222392,60.637003560458666,61.37934494018555,3792300,0.0,0.0
2024-03-26 00:00:00-04:00,61.43572232861571,62.18746242366854,61.20080444505231,61.557884216308594,3871700,0.0,0.0
2024-03-27 00:00:00-04:00,62.215639296258296,62.62909698486328,61.886755757196816,62.62909698486328,3376600,0.0,0.0
2024-03-28 00:00:00-04:00,62.65729313807472,62.97677799277756,62.42237527345523,62.751258850097656,3051400,0.0,0.0
2024-04-01 00:00:00-04:00,62.51634838339562,62.704286998805635,61.81159470613962,62.619712829589844,2973200,0.0,0.0
2024-04-02 00:00:00-04:00,62.46936810895912,63.43722866321049,62.347206218611845,62.41298294067383,3831800,0.0,0.0
2024-04-03 00:00:00-04:00,62.412983937201396,62.83584044503008,62.0371138755065,62.619712829589844,3777000,0.0,0.0
2024-04-04 00:00:00-04:00,63.098944273376866,63.18351126936093,61.820990427147095,62.12168502807617,2550400,0.0,0.0
2024-04-05 00:00:00-04:00,61.83038531572896,62.63850334982651,61.49210301451956,62.50694274902344,1892500,0.0,0.0
2024-04-08 00:00:00-04:00,62.469369996923,63.089549513804215,62.18746565435184,62.76066589355469,1852100,0.0,0.0
2024-04-09 00:00:00-04:00,63.03316000396681,63.34325329035135,62.619702288787444,63.14591598510742,2886600,0.0,0.0
2024-04-10 00:00:00-04:00,62.1498807336281,62.66670299527495,61.87737510195299,62.55393981933594,3182100,0.0,0.0
2024-04-11 00:00:00-04:00,62.94859706639392,62.94859706639392,62.01832421059013,62.4411735534668,1883600,0.0,0.0
2024-04-12 00:00:00-04:00,62.45996155401339,62.82643284085223,61.830383411918376,61.89616012573242,2017000,0.0,0.0
2024-04-15 00:00:00-04:00,62.412975160471454,62.525738313860316,61.04105572196555,61.26657485961914,1734900,0.0,0.0
2024-04-16 00:00:00-04:00,61.10683027441463,61.144417990881394,60.167158870117,60.402076721191406,2226200,0.0,0.0
2024-04-17 00:00:00-04:00,60.843727547664066,61.35115100063449,60.51484396771778,61.106834411621094,2147300,0.0,0.0
2024-04-18 00:00:00-04:00,61.29476929354351,61.54847742009733,60.90010185239191,61.172607421875,2150600,0.0,0.0
2024-04-19 00:00:00-04:00,61.33235911290093,61.943147056205866,61.32296755914048,61.77400588989258,2954800,0.0,0.0
2024-04-22 00:00:00-04:00,61.811583522008476,63.02376048785363,61.670631378236,62.68547821044922,2685100,0.0,0.0
2024-04-23 00:00:00-04:00,62.51634748816875,63.164723156079646,62.290828322031274,62.478759765625,2178800,0.0,0.0
2024-04-24 00:00:00-04:00,61.94314724347263,63.277479132241986,61.416933466295994,63.17412185668945,3465800,0.0,0.0
2024-04-25 00:00:00-04:00,62.9673875804368,64.1889561971088,62.58211883430314,63.98222732543945,2527200,0.0,0.0
2024-04-26 00:00:00-04:00,64.01981147202817,64.26412804937786,63.578171925255276,63.728515625,2973100,0.0,0.0
2024-04-29 00:00:00-04:00,64.00102161527573,64.71517390881058,63.96343389781347,64.4990463256836,2912300,0.0,0.0
2024-04-30 00:00:00-04:00,63.465411196467585,65.57967197906143,62.55392873424502,64.91250610351562,4890600,0.0,0.0
2024-05-01 00:00:00-04:00,64.71517110624855,66.20924517276958,64.17015998033416,65.59845733642578,4809900,0.0,0.0
2024-05-02 00:00:00-04:00,65.69244197971396,65.9743391452903,65.2789842005853,65.7957992553711,3572800,0.0,0.0
2024-05-03 00:00:00-04:00,66.22805578846771,66.28443378887154,65.50450466070114,66.19985961914062,2393500,0.0,0.0
2024-05-06 00:00:00-04:00,66.38779485111372,67.10194721936237,66.04011380505686,67.03616333007812,2064500,0.0,0.0
2024-05-07 00:00:00-04:00,67.6469419062108,67.86306948207437,67.19590365006987,67.6375503540039,3912900,0.0,0.0
2024-05-08 00:00:00-04:00,67.46840348321611,68.53022949140683,67.177100499705,68.18254852294922,3921700,0.0,0.0
2024-05-09 00:00:00-04:00,68.18255382054481,69.20679936443437,68.01341268344028,69.1598129272461,2294400,0.0,0.0
2024-05-10 00:00:00-04:00,69.2913668004115,69.8739656473771,69.04705739898537,69.54508209228516,3060700,0.0,0.0
2024-05-13 00:00:00-04:00,69.55448995904122,69.99613676623808,68.96249942101964,69.05646514892578,2838600,0.0,0.0
2024-05-14 00:00:00-04:00,69.36654964692012,69.48870436068955,68.7557617398238,69.29137420654297,1880000,0.0,0.0
2024-05-15 00:00:00-04:00,69.96794822310154,70.21226485255828,69.62966586512317,69.95854949951172,2344000,0.0,0.0
2024-05-16 00:00:00-04:00,70.02431351623356,70.58812212327732,69.601464230075,69.74241638183594,2090000,0.0,0.0
2024-05-17 00:00:00-04:00,69.90216916524561,70.23105278866711,69.35715792121839,70.04312133789062,1906700,0.0,0.0
2024-05-20 00:00:00-04:00,70.04312347681504,70.09950147994456,69.61087539152922,69.82699584960938,2125400,0.0,0.0
2024-05-21 00:00:00-04:00,69.83639619443443,70.63511565685552,69.77061946621447,70.61632537841797,1640300,0.0,0.0
2024-05-22 00:00:00-04:00,70.13708293061705,70.52235170187069,69.67664588495713,69.84578704833984,2520100,0.0,0.0
2024-05-23 00:00:00-04:00,69.67664787887999,69.8363903241114,68.87792848359784,69.11284637451172,2147400,0.0,0.0
2024-05-24 00:00:00-04:00,69.44172970720784,70.54114371164974,69.03767064970462,70.51295471191406,3021600,0.0,0.0
2024-05-28 00:00:00-04:00,70.54114613466108,70.83244203410221,69.92096661179845,70.04312133789062,2042400,0.0,0.0
2024-05-29 00:00:00-04:00,69.47931287615306,69.85517574016112,68.74637025456292,68.78395080566406,2268300,0.0,0.0
2024-05-30 00:00:00-04:00,69.02826960941805,69.72362453301311,68.79335172734034,69.45112609863281,2422500,0.0,0.0
2024-05-31 00:00:00-04:00,69.73302048156607,71.24589215549216,69.56387932643382,71.18951416015625,6511800,0.0,0.0
2024-06-03 00:00:00-04:00,70.95460392931972,71.21771082805691,69.96794588992991,70.04312133789062,2980400,0.0,0.0
2024-06-04 00:00:00-04:00,69.90215764312518,70.37199336174768,69.22559306124893,69.85517120361328,2758000,0.0,0.0
2024-06-05 00:00:00-04:00,69.63905739040312,70.68209335816775,69.37595051008859,70.34381103515625,2424400,0.0,0.0
2024-06-06 00:00:00-04:00,70.18406796492037,70.28743240541765,69.5075033249835,69.94915008544922,1596800,0.0,0.0
2024-06-07 00:00:00-04:00,69.33339631939405,69.68389525696055,68.71764537119519,69.03972625732422,1929600,0.6,0.0
2024-06-10 00:00:00-04:00,69.00183859325463,69.77863727359167,68.81238008370536,69.57022857666016,1853400,0.0,0.0
2024-06-11 00:00:00-04:00,68.96394877620453,69.8828304457107,68.67975380056117,69.78810119628906,2687700,0.0,0.0
2024-06-12 00:00:00-04:00,70.5933096557307,70.5933096557307,68.97341566325794,69.19129943847656,2121200,0.0,0.0
2024-06-13 00:00:00-04:00,69.16288219986006,69.62706058006117,68.6513355813742,69.35234069824219,2397300,0.0,0.0
2024-06-14 00:00:00-04:00,69.02078662009525,69.19130216430352,68.10189770004945,68.8123779296875,2507100,0.0,0.0
2024-06-17 00:00:00-04:00,68.94499904878928,70.17650098160274,68.67975425769185,69.21971893310547,3219900,0.0,0.0
2024-06-18 00:00:00-04:00,68.82184763713362,69.51337762586398,68.44292343217194,69.4281234741211,2546300,0.0,0.0
2024-06-20 00:00:00-04:00,69.54180227564619,70.04387377104949,69.06814883056715,69.70284271240234,1895000,0.0,0.0
2024-06-21 00:00:00-04:00,69.949131475,70.17649031341641,69.12497917471705,69.16287231445312,4594000,0.0,0.0
2024-06-24 00:00:00-04:00,69.19129388176067,71.02907150186113,69.19129388176067,70.81118774414062,2183400,0.0,0.0
2024-06-25 00:00:00-04:00,70.66909193626054,70.66909193626054,69.61758071928041,69.69336700439453,1485600,0.0,0.0
2024-06-26 00:00:00-04:00,69.5323340282183,70.11965973241391,69.10604154925382,69.25761413574219,5257200,0.0,0.0
2024-06-27 00:00:00-04:00,69.352344003872,69.58917075182706,68.98289485525243,69.26708984375,4359500,0.0,0.0
2024-06-28 00:00:00-04:00,69.43759609741498,69.91124952992837,69.15340114695582,69.81651306152344,5941300,0.0,0.0
2024-07-01 00:00:00-04:00,70.42280074326216,71.10486295739005,69.6839024204166,69.75021362304688,4075400,0.0,0.0
2024-07-02 00:00:00-04:00,69.54180227564619,69.99650553559039,69.25760731764757,69.70284271240234,2209000,0.0,0.0
2024-07-03 00:00:00-04:00,69.88282363496143,70.36595215551827,69.532324723523,70.09123229980469,1687100,0.0,0.0
2024-07-05 00:00:00-04:00,70.2143833070995,70.29963745079527,69.85440209404435,70.1670150756836,2004200,0.0,0.0
2024-07-08 00:00:00-04:00,70.1670333328166,70.92488186839542,70.10072212800691,70.65962982177734,1874500,0.0,0.0
2024-07-09 00:00:00-04:00,70.73540512978451,71.92901385827278,70.7164621716591,71.59745788574219,2918900,0.0,0.0
2024-07-10 00:00:00-04:00,71.99532255817626,72.38372184638149,71.33221063609159,72.2700424194336,2461900,0.0,0.0
2024-07-11 00:00:00-04:00,72.6110778102032,73.37839411264669,72.27004673636647,72.49739837646484,2567500,0.0,0.0
2024-07-12 00:00:00-04:00,72.83843216931595,73.13209501654605,72.17532018286781,72.26057434082031,3037400,0.0,0.0
2024-07-15 00:00:00-04:00,71.87218661887898,71.9953339303244,70.45122608078049,70.61226654052734,2434900,0.0,0.0
2024-07-16 00:00:00-04:00,70.94382255394119,71.18064931029095,70.52700515000433,70.61226654052734,2488600,0.0,0.0
2024-07-17 00:00:00-04:00,70.6975208104351,72.36478320132129,70.36596479652056,71.19012451171875,3060900,0.0,0.0
2024-07-18 00:00:00-04:00,70.81119232585904,71.7963923907216,69.83546735386986,70.0344009399414,2814800,0.0,0.0
2024-07-19 00:00:00-04:00,70.54593742538152,70.73539589140393,69.88281833954872,70.70697784423828,2242400,0.0,0.0
2024-07-22 00:00:00-04:00,70.75435957350058,71.95743623976729,70.75435957350058,71.82481384277344,1696700,0.0,0.0
2024-07-23 00:00:00-04:00,71.8248097340262,72.07111155465874,71.01012521202318,71.60692596435547,2136500,0.0,0.0
2024-07-24 00:00:00-04:00,71.98586067856803,72.5637185570395,71.34169159571685,71.94796752929688,2485000,0.0,0.0
2024-07-25 00:00:00-04:00,72.23215290441624,72.39319334681268,69.93967188451244,70.32806396484375,3312600,0.0,0.0
2024-07-26 00:00:00-04:00,70.60278150886477,72.18478228403454,70.29016849991417,72.00479888916016,2624600,0.0,0.0
2024-07-29 00:00:00-04:00,72.13742227092571,73.245769615354,71.72060491990867,72.88579559326172,3690400,0.0,0.0
2024-07-30 00:00:00-04:00,72.93316389042928,74.20255902838947,72.34583817607982,73.88994598388672,2767100,0.0,0.0
2024-07-31 00:00:00-04:00,76.25821054203135,76.73186402365887,75.09301979718107,75.5666732788086,6495700,0.0,0.0
2024-08-01 00:00:00-04:00,75.78455623040752,76.2392667478365,74.96987167274037,75.5477294921875,2676000,0.0,0.0
2024-08-02 00:00:00-04:00,76.5234541549961,77.57496544618004,73.52996795552122,74.67620849609375,5215400,0.0,0.0
2024-08-05 00:00:00-04:00,74.69514317053104,74.69514317053104,72.82894753230492,73.22682189941406,2944600,0.0,0.0
2024-08-06 00:00:00-04:00,73.32155381423628,74.96986575855036,73.30260362934166,74.28780364990234,3670100,0.0,0.0
2024-08-07 00:00:00-04:00,74.60042918604206,75.75614492790808,73.93731715089557,74.808837890625,2616500,0.0,0.0
2024-08-08 00:00:00-04:00,74.48675396431597,75.68036292265573,74.20256617344047,75.17829132080078,2769400,0.0,0.0
2024-08-09 00:00:00-04:00,75.17828588085833,75.7182505945671,73.96573404848625,75.65193939208984,2090400,0.0,0.0
2024-08-12 00:00:00-04:00,75.77508127281232,76.2866278955684,75.31090288873641,76.26768493652344,2974600,0.0,0.0
2024-08-13 00:00:00-04:00,76.63712994807764,76.65607290610362,75.61403675760072,75.90769958496094,3837400,0.0,0.0
2024-08-14 00:00:00-04:00,75.73718812734388,76.60871601836082,75.5382545341685,76.26768493652344,1821800,0.0,0.0
2024-08-15 00:00:00-04:00,76.03085265084665,76.43819490069043,75.32037248675014,76.1634750366211,2153800,0.0,0.0
2024-08-16 00:00:00-04:00,76.4003040276471,76.64660584885006,75.77507799552686,76.35293579101562,2132300,0.0,0.0
2024-08-19 00:00:00-04:00,76.46661397582014,76.66554755714827,75.96454247617606,76.61817932128906,2115600,0.0,0.0
2024-08-20 00:00:00-04:00,76.74133780960993,76.83606705884594,75.96454640206917,76.1161117553711,1998100,0.0,0.0
2024-08-21 00:00:00-04:00,76.08769384282726,77.04447588483538,75.91717830293847,76.83606719970703,1714600,0.0,0.0
2024-08-22 00:00:00-04:00,76.90237839703165,77.24340947680922,76.4571429746899,76.83606719970703,1282500,0.0,0.0
2024-08-23 00:00:00-04:00,77.14867671018335,77.27182400606377,76.46661458172348,76.7697525024414,1315000,0.0,0.0
2024-08-26 00:00:00-04:00,77.02552218692479,77.2434059552743,76.57081891953696,76.7697525024414,1981000,0.0,0.0
2024-08-27 00:00:00-04:00,76.57081894415295,77.15814460033255,76.21083769436221,76.34346008300781,2201900,0.0,0.0
2024-08-28 00:00:00-04:00,76.4666187430074,77.12026285624886,76.10663747374235,76.27715301513672,2001200,0.0,0.0
2024-08-29 00:00:00-04:00,76.43820317428215,76.50451437434683,75.68035469293262,76.17295837402344,2149000,0.0,0.0
2024-08-30 00:00:00-04:00,76.12559173863681,76.60872033636745,75.73719239622734,76.49504089355469,4437700,0.0,0.0
2024-09-03 00:00:00-04:00,76.46662001192003,76.81711896638468,75.82245098122718,76.01190948486328,3984600,0.0,0.0
2024-09-04 00:00:00-04:00,76.22031010567585,77.01605163693357,76.11610577149474,76.72238159179688,2787000,0.0,0.0
2024-09-05 00:00:00-04:00,77.32866073673478,77.347610922334,76.46661520380252,76.63713073730469,1871000,0.0,0.0
2024-09-06 00:00:00-04:00,76.83607733921184,77.02553586303266,75.68036155271837,75.72772979736328,2197200,0.0,0.0
2024-09-09 00:00:00-04:00,75.91861318542175,76.78717788258986,75.3268386298538,76.758544921875,3383700,0.6,0.0
2024-09-10 00:00:00-04:00,76.95897962577027,77.36940236981539,76.43402504378152,76.97807312011719,1936400,0.0,0.0
2024-09-11 00:00:00-04:00,76.87308638116832,78.5911296145446,76.15723321341947,78.45750427246094,4477800,0.0,0.0
2024-09-12 00:00:00-04:00,78.61977762902397,79.65060075812335,78.43842581168472,79.51697540283203,2950700,0.0,0.0
2024-09-13 00:00:00-04:00,79.24015896767158,80.34734854012869,78.90609565944192,80.32826232910156,2694800,0.0,0.0
2024-09-16 00:00:00-04:00,80.73868689654488,81.2445625714127,80.48098296734051,80.91049194335938,2081100,0.0,0.0
2024-09-17 00:00:00-04:00,80.88186154839784,81.22547165292727,80.36644639160367,80.87232208251953,2768300,0.0,0.0
2024-09-18 00:00:00-04:00,81.08229839031455,81.42590848987706,80.02283513033595,80.40462493896484,2359900,0.0,0.0
2024-09-19 00:00:00-04:00,80.1469283232458,80.73869566271962,78.61022948267923,79.64105987548828,3235400,0.0,0.0
2024-09-20 00:00:00-04:00,80.49052635296869,82.87670341348334,80.34735427293091,82.80989074707031,6091700,0.0,0.0
2024-09-23 00:00:00-04:00,83.19168099089376,84.4515821944963,82.9053368292427,83.89798736572266,4008800,0.0,0.0
2024-09-24 00:00:00-04:00,83.51619628591477,84.82382392358092,83.12485975651283,83.72618103027344,2848600,0.0,0.0
2024-09-25 00:00:00-04:00,84.30840218594601,84.52792637813951,83.30620499644085,84.22249603271484,2648000,0.0,0.0
2024-09-26 00:00:00-04:00,83.92661673589967,84.48975100581751,83.26802956149102,83.43983459472656,2910800,0.0,0.0
2024-09-27 00:00:00-04:00,83.72618725976086,84.47067338549044,83.53528871339755,84.2320556640625,1963800,0.0,0.0
2024-09-30 00:00:00-04:00,84.45157871898084,85.34877630996421,83.59255355141444,85.1483383178711,2827800,0.0,0.0
2024-10-01 00:00:00-04:00,85.18653141568947,86.89503527254867,84.83337454627097,86.59915161132812,2926200,0.0,0.0
2024-10-02 00:00:00-04:00,85.89283220193438,87.04774108952473,85.74966011394461,86.88548278808594,1885000,0.0,0.0
2024-10-03 00:00:00-04:00,87.30545631390508,88.00221600833453,87.05729183546126,87.42953491210938,1935100,0.0,0.0
2024-10-04 00:00:00-04:00,86.64686200715735,87.97357589704967,86.64686200715735,87.83995056152344,1904900,0.0,0.0
2024-10-07 00:00:00-04:00,87.6681490403897,87.70632874950739,85.78784023804376,85.88329315185547,3449700,0.0,0.0
2024-10-08 00:00:00-04:00,86.51323433865005,87.47725190355112,86.01691271751318,86.84729766845703,3368100,0.0,0.0
2024-10-09 00:00:00-04:00,86.57049869953559,87.08591380569138,85.42513665165671,85.9405517578125,2359400,0.0,0.0
2024-10-10 00:00:00-04:00,86.10281305682865,86.61822818100606,84.56611443160561,84.66156005859375,2488600,0.0,0.0
2024-10-11 00:00:00-04:00,83.06759352343751,84.3084084906593,81.32091019146716,83.66891479492188,3781500,0.0,0.0
2024-10-14 00:00:00-04:00,83.97434819544415,85.21515592543629,83.5352851983014,85.10062408447266,2304600,0.0,0.0
2024-10-15 00:00:00-04:00,85.78783733302862,85.93100941686305,83.97434854457462,84.15569305419922,3724200,0.0,0.0
2024-10-16 00:00:00-04:00,84.58520857839733,86.2555325506893,84.32749737330433,86.10281372070312,2174500,0.0,0.0
2024-10-17 00:00:00-04:00,85.88329342610311,86.34143537290863,85.57786303422111,85.61603546142578,1655800,0.0,0.0
2024-10-18 00:00:00-04:00,85.71148903570557,85.98827918626351,85.04335504191859,85.67330932617188,1581100,0.0,0.0
2024-10-21 00:00:00-04:00,86.01691705639466,86.52278545019583,85.60649429277649,86.06463623046875,1772600,0.0,0.0
2024-10-22 00:00:00-04:00,85.50150155735717,86.26507387766226,85.01471937881463,85.68284606933594,2405700,0.0,0.0
2024-10-23 00:00:00-04:00,85.61604042597965,86.71368346365331,85.61604042597965,86.59915161132812,1838400,0.0,0.0
2024-10-24 00:00:00-04:00,86.8568459463413,87.11454986758139,86.08372690058647,86.37006378173828,1466300,0.0,0.0
2024-10-25 00:00:00-04:00,86.847305870822,86.8854855809822,85.49195892929289,85.54922485351562,1951700,0.0,0.0
2024-10-28 00:00:00-04:00,86.0169162858442,86.71367593376968,85.86419745329165,86.30325317382812,1574700,0.0,0.0
2024-10-29 00:00:00-04:00,85.42513605002999,85.82601203576091,84.09842222913417,84.14614868164062,2969600,0.0,0.0
2024-10-30 00:00:00-04:00,84.85245888816762,84.92881830283612,84.0602463455596,84.33704376220703,2399200,0.0,0.0
2024-10-31 00:00:00-04:00,84.68066139059596,85.71149173435641,84.27023860273032,85.33924865722656,2940500,0.0,0.0
2024-11-01 00:00:00-04:00,85.33924889397196,85.47287424090027,83.25850198632843,83.33485412597656,2517400,0.0,0.0
2024-11-04 00:00:00-05:00,80.36645177653284,81.15866441961516,77.31214762276853,78.14253997802734,5443900,0.0,0.0
2024-11-05 00:00:00-05:00,78.44796335040084,80.14692033852829,78.3429709718505,79.96556854248047,2693100,0.0,0.0
2024-11-06 00:00:00-05:00,80.25192052817972,80.7005230470974,78.62931551758308,79.99420928955078,2757400,0.0,0.0
2024-11-07 00:00:00-05:00,80.0896501945517,81.07275397639496,79.8414857417841,80.39508056640625,2625700,0.0,0.0
2024-11-08 00:00:00-05:00,80.8914132106585,82.52355766531248,80.83414728376955,81.9126968383789,2639200,0.0,0.0
2024-11-11 00:00:00-05:00,82.15130183047799,84.0125169859509,81.88405117041361,83.93616485595703,2452000,0.0,0.0
2024-11-12 00:00:00-05:00,83.77391631824241,84.15570617397663,82.35175656971917,82.7812728881836,2528900,0.0,0.0
2024-11-13 00:00:00-05:00,83.3539380600892,83.9838850116219,82.71444436143247,83.04850769042969,2372200,0.0,0.0
2024-11-14 00:00:00-05:00,83.62119879738974,83.81209007066128,82.49492280820289,83.03897094726562,1669500,0.0,0.0
2024-11-15 00:00:00-05:00,82.98169372050604,84.99562769199723,82.63808364978489,84.9383544921875,2473600,0.0,0.0
2024-11-18 00:00:00-05:00,84.6329223118117,86.10280818680195,84.48975023841011,85.35832214355469,2444700,0.0,0.0
2024-11-19 00:00:00-05:00,84.95745819599057,86.00737474624259,84.50885570074698,85.98828125,2318800,0.0,0.0
2024-11-20 00:00:00-05:00,86.08372690058647,86.69458765215181,85.35832702733966,86.37006378173828,1641000,0.0,0.0
2024-11-21 00:00:00-05:00,86.6182337658089,88.20265894770078,86.2459906991302,88.1453857421875,2162800,0.0,0.0
2024-11-22 00:00:00-05:00,88.55580390483824,88.76578865603182,87.71587218209858,88.19310760498047,1784900,0.0,0.0
2024-11-25 00:00:00-05:00,88.56534974805732,88.87078012430204,87.22908912122364,88.78487396240234,5326600,0.0,0.0
2024-11-26 00:00:00-05:00,88.8230443143212,90.3597427810206,88.7466921898278,90.20703125,2657700,0.0,0.0
2024-11-27 00:00:00-05:00,90.38839114979983,90.88472009482034,89.72981118180327,89.9111557006836,2502000,0.0,0.0
2024-11-29 00:00:00-05:00,90.22613892851442,90.5983820213617,89.64391105877162,90.0066146850586,1190100,0.0,0.0
2024-12-02 00:00:00-05:00,90.56973156341728,90.66517718483317,87.99266337501746,88.06901550292969,2078900,0.0,0.0
2024-12-03 00:00:00-05:00,88.95667361057953,89.1093924304596,87.00001288459661,87.00955963134766,2458400,0.0,0.0
2024-12-04 00:00:00-05:00,87.114546722312,87.67768828103712,86.66595156316723,87.62042236328125,1725800,0.0,0.0
2024-12-05 00:00:00-05:00,87.55360994964053,88.04993156302808,87.27681254296954,87.35316467285156,2066500,0.0,0.0
2024-12-06 00:00:00-05:00,87.14319699274299,87.44862739265082,85.57786528296096,85.90238189697266,1646800,0.0,0.0
2024-12-09 00:00:00-05:00,85.7305696105928,85.89282790391229,83.86935440596446,83.89798736572266,2639300,0.0,0.0
2024-12-10 00:00:00-05:00,83.72500780869018,83.72500780869018,82.01436678746897,83.01383972167969,3115500,0.6,0.0
2024-12-11 00:00:00-05:00,83.28293166434052,83.28293166434052,81.97592920520154,82.22579193115234,3585600,0.0,0.0
2024-12-12 00:00:00-05:00,82.97538732486511,83.57122899989594,82.21617952221033,82.6005859375,2129700,0.0,0.0
2024-12-13 00:00:00-05:00,82.80241411635751,83.66733593798534,82.64864567477211,83.42707824707031,2143200,0.0,0.0
2024-12-16 00:00:00-05:00,83.48474599133736,83.59045996306224,82.57176235663005,82.69670104980469,1984900,0.0,0.0
2024-12-17 00:00:00-05:00,82.12007904052734,82.92734872632495,81.65878836185712,82.12007904052734,1810800,0.0,0.0
2024-12-18 00:00:00-05:00,82.00475877250432,82.17774460735923,79.69828341846635,79.746337890625,2963200,0.0,0.0
2024-12-19 00:00:00-05:00,79.75594008504476,80.91878641554564,79.75594008504476,79.94815063476562,2844400,0.0,0.0
2024-12-20 00:00:00-05:00,79.16010954166764,81.8606037401983,78.92945687084134,81.74527740478516,5833000,0.0,0.0
2024-12-23 00:00:00-05:00,81.73566743266106,81.94708803667413,80.53437900673767,81.90865325927734,1953600,0.0,0.0
2024-12-24 00:00:00-05:00,81.77411237749571,82.49488552266756,81.62996361412821,82.44683837890625,600800,0.0,0.0
2024-12-26 00:00:00-05:00,82.15851836355313,82.38917102714187,81.49541211896349,82.07202911376953,943300,0.0,0.0
2024-12-27 00:00:00-05:00,81.41853048135393,81.82216165731796,80.92840272077866,81.62034606933594,1356000,0.0,0.0
2024-12-30 00:00:00-05:00,80.98606549515452,81.43775116216466,80.3421765933706,81.17827606201172,1247000,0.0,0.0
2024-12-31 00:00:00-05:00,81.2455413482852,81.6395601472896,80.72658385792006,81.1974868774414,1784600,0.0,0.0
2025-01-02 00:00:00-05:00,81.83176876414142,82.01435961844932,81.11099571101994,81.7837142944336,1860900,0.0,0.0
2025-01-03 00:00:00-05:00,82.0431963509826,83.3790284838595,81.51462651477263,82.88890075683594,1685000,0.0,0.0
2025-01-06 00:00:00-05:00,82.22578496187482,82.61019871117182,81.09176843409402,82.3603286743164,2532900,0.0,0.0
2025-01-07 00:00:00-05:00,82.96578870567332,83.17721664966393,81.78371762430898,82.0816421508789,1439800,0.0,0.0
2025-01-08 00:00:00-05:00,81.97592790747045,82.389171433334,80.80346919073745,81.95670318603516,2174600,0.0,0.0
2025-01-10 00:00:00-05:00,81.6107381375572,82.23540965735612,80.77464598940986,80.9476318359375,2524900,0.0,0.0
2025-01-13 00:00:00-05:00,80.86113566075812,81.2071073555853,80.0058187852364,80.83230590820312,1984500,0.0,0.0
2025-01-14 00:00:00-05:00,81.13021828008125,82.29306466685216,80.95723244300308,81.74527740478516,1497200,0.0,0.0
2025-01-15 00:00:00-05:00,83.15799690090212,83.79228077080329,82.65826409329065,82.90812683105469,1834800,0.0,0.0
2025-01-16 00:00:00-05:00,82.85046136762577,85.04161033860856,82.68708789728191,85.0320053100586,1820800,0.0,0.0
2025-01-17 00:00:00-05:00,84.85902969076668,85.32993276928252,84.07098466194917,84.70526123046875,2714200,0.0,0.0
2025-01-21 00:00:00-05:00,85.43564270778897,87.0982219465644,85.24343214151673,86.8675765991211,2396000,0.0,0.0
2025-01-22 00:00:00-05:00,87.05977252876414,87.43458126852673,84.63797825359595,84.77252197265625,2388700,0.0,0.0
2025-01-23 00:00:00-05:00,85.1281112360191,85.4836879445497,84.2631820372849,84.73408508300781,1593200,0.0,0.0
2025-01-24 00:00:00-05:00,84.25357797635141,84.89746692525345,83.74423276805325,84.6187744140625,2211300,0.0,0.0
2025-01-27 00:00:00-05:00,81.92787491751628,82.25462186699566,77.07466649103547,78.8910140991211,5554800,0.0,0.0
2025-01-28 00:00:00-05:00,79.55411445970579,79.94814053780843,77.5167342145525,78.55464172363281,3509500,0.0,0.0
2025-01-29 00:00:00-05:00,78.26634973754582,79.5349100846909,77.99726228998219,78.5162124633789,2915600,0.0,0.0
2025-01-30 00:00:00-05:00,79.47724009363834,81.09177204695153,78.63153567317246,80.5632095336914,2923200,0.0,0.0
2025-01-31 00:00:00-05:00,80.68814656454488,81.32243042355063,79.90010158740893,80.28451538085938,1854400,0.0,0.0
2025-02-03 00:00:00-05:00,79.29465072243218,80.49593918245898,78.79491061709462,80.21723937988281,2065500,0.0,0.0
2025-02-04 00:00:00-05:00,79.76555721794224,80.71697566671513,79.16971547628236,80.14997100830078,1574300,0.0,0.0
2025-02-05 00:00:00-05:00,80.67853677744012,81.49541886411623,80.25568819002854,80.82269287109375,1572300,0.0,0.0
2025-02-06 00:00:00-05:00,81.42814460544173,81.53385125012605,80.05387023954616,80.65931701660156,1607800,0.0,0.0
2025-02-07 00:00:00-05:00,80.64971033920253,81.41853798222577,80.29413360327341,80.38062286376953,1545100,0.0,0.0
2025-02-10 00:00:00-05:00,80.3806071930695,80.86112254325862,79.68866391566398,80.62086486816406,1536500,0.0,0.0
2025-02-11 00:00:00-05:00,80.28450598422195,80.59203551657188,79.43880160328027,80.50553894042969,2341500,0.0,0.0
2025-02-12 00:00:00-05:00,79.13126673468467,80.97645130740558,79.13126673468467,80.53437805175781,1704700,0.0,0.0
2025-02-13 00:00:00-05:00,80.9764635145801,81.14944936522267,79.87127654281282,80.61126708984375,2132600,0.0,0.0
2025-02-14 00:00:00-05:00,80.92839830266544,81.20709809906838,80.41905318002937,80.43827056884766,1665300,0.0,0.0
2025-02-18 00:00:00-05:00,80.90918600107524,81.91826394934343,80.43827562646689,81.62995910644531,2637600,0.0,0.0
2025-02-19 00:00:00-05:00,81.46657592511427,82.89851706519471,81.40891642462992,82.4564437866211,2514300,0.0,0.0
2025-02-20 00:00:00-05:00,82.31228917560324,82.82163432454664,81.05333384654055,81.37047576904297,2213100,0.0,0.0
2025-02-21 00:00:00-05:00,81.11100441467428,81.54346536011954,80.09230673780124,80.68814849853516,4699100,0.0,0.0
2025-02-24 00:00:00-05:00,80.40944197098358,81.38008509206753,79.96736870100546,81.07255554199219,2279800,0.0,0.0
2025-02-25 00:00:00-05:00,81.98553360653185,82.67747694220193,77.38219528424953,79.9865951538086,3853400,0.0,0.0
2025-02-26 00:00:00-05:00,79.5348992530329,81.58189191358132,79.37151846890565,79.69827270507812,3602300,0.0,0.0
2025-02-27 00:00:00-05:00,79.68866514205685,80.17879285977578,77.45907417614966,77.55517578125,4382800,0.0,0.0
2025-02-28 00:00:00-05:00,78.60269942343936,79.0159429050555,76.74790993601098,77.98764038085938,6051800,0.0,0.0
2025-03-03 00:00:00-05:00,78.13180216629169,79.49646405863996,77.55517785609818,78.5738754272461,3706000,0.0,0.0
2025-03-04 00:00:00-05:00,78.50660575234447,79.36192254895093,77.3053172928317,78.23751831054688,3373600,0.0,0.0
2025-03-05 00:00:00-05:00,77.81466200143545,79.40036422574629,77.68011828127166,78.47777557373047,4955900,0.0,0.0
2025-03-06 00:00:00-05:00,77.35337234151874,77.63207217247333,74.46067471432684,75.1526107788086,3705100,0.0,0.0
2025-03-07 00:00:00-05:00,74.89312744227617,76.12324564230742,74.52793839291776,76.00791931152344,4392000,0.0,0.0
2025-03-10 00:00:00-04:00,75.67855263886283,76.2113592960448,74.49667958005142,76.13385772705078,6025300,0.63,0.0
2025-03-11 00:00:00-04:00,76.21136062618457,77.34479337641775,75.58167330129173,76.0951156616211,3927700,0.0,0.0
2025-03-12 00:00:00-04:00,76.6279241961452,78.01323338829803,75.97886515832116,77.08323669433594,3191300,0.0,0.0
2025-03-13 00:00:00-04:00,77.0735423441135,77.98416728371255,76.48260582683619,77.24791717529297,2395100,0.0,0.0
2025-03-14 00:00:00-04:00,77.7032330163071,79.08854218218109,77.33511164160421,78.98197937011719,2287000,0.0,0.0
2025-03-17 00:00:00-04:00,78.81730503342482,80.25104733714318,78.37168202600114,79.66011810302734,2031000,0.0,0.0
2025-03-18 00:00:00-04:00,78.98197672386384,79.79572840772767,78.87541391537027,79.60197448730469,3348600,0.0,0.0
2025-03-19 00:00:00-04:00,79.46635405007098,80.89041401833606,79.37917032513556,80.53197479248047,3738400,0.0,0.0
2025-03-20 00:00:00-04:00,80.36729253555815,81.0744814698165,80.12510565807963,80.69667053222656,3100300,0.0,0.0
2025-03-21 00:00:00-04:00,80.30916377567054,80.60947311517509,79.73759894617885,80.38666534423828,5339700,0.0,0.0
2025-03-24 00:00:00-04:00,80.86134731241842,81.91727843927188,80.64822170014732,80.72572326660156,2446300,0.0,0.0
2025-03-25 00:00:00-04:00,80.67729055661718,81.16166430625198,78.20698886805388,78.87541961669922,2615200,0.0,0.0
2025-03-26 00:00:00-04:00,78.89479564622306,79.31135735039373,78.52666688056358,78.98197937011719,2168500,0.0,0.0
2025-03-27 00:00:00-04:00,79.21447675666815,79.21447675666815,78.00354242854218,78.18760681152344,2519300,0.0,0.0
2025-03-28 00:00:00-04:00,78.7204255695741,79.82479715144694,78.23605180942084,79.078857421875,1907300,0.0,0.0
2025-03-31 00:00:00-04:00,78.85604632234312,80.1251031555888,78.56541912206306,79.72792053222656,3169900,0.0,0.0
2025-04-01 00:00:00-04:00,79.66011207122892,80.77416580995408,79.51479846458219,80.65792083740234,2208200,0.0,0.0
2025-04-02 00:00:00-04:00,80.00884721368237,81.34572340594376,79.698848329715,81.17134857177734,2352100,0.0,0.0
2025-04-03 00:00:00-04:00,80.16385202361847,80.91947385711886,78.80760410635688,79.00135803222656,2666600,0.0,0.0
2025-04-04 00:00:00-04:00,78.76886136358758,79.78604925312914,74.50637803264104,75.30075073242188,4819800,0.0,0.0
2025-04-07 00:00:00-04:00,74.21574461652466,76.53105048942177,72.33637215079222,74.71949005126953,4481400,0.0,0.0
2025-04-08 00:00:00-04:00,76.7247885313732,77.43197736150063,74.19635731152297,75.27166748046875,4259900,0.0,0.0
2025-04-09 00:00:00-04:00,75.08761719239496,79.56322569748048,72.8207443078429,79.2726058959961,5342700,0.0,0.0
2025-04-10 00:00:00-04:00,78.62354082334993,79.36947305312184,76.81198056396677,78.69135284423828,4349100,0.0,0.0
2025-04-11 00:00:00-04:00,78.53635465846185,79.89260255253743,77.49010564952155,79.57291412353516,2495300,0.0,0.0
2025-04-14 00:00:00-04:00,80.406040452661,81.4135387139224,79.92166671499437,81.05509948730469,2202400,0.0,0.0
2025-04-15 00:00:00-04:00,81.52978735255407,81.85915793148322,80.78384769163931,80.91947174072266,1651100,0.0,0.0
2025-04-16 00:00:00-04:00,81.00666924287493,81.39416233313321,79.97979185901109,80.43510437011719,1989600,0.0,0.0
2025-04-17 00:00:00-04:00,80.91946891408297,82.11103146478511,80.65791036883212,80.7547836303711,2125200,0.0,0.0
2025-04-21 00:00:00-04:00,80.40603694737514,80.62885210900916,76.79260576988797,77.74198150634766,1985000,0.0,0.0
2025-04-22 00:00:00-04:00,78.80759909211532,80.03791242249866,78.35228663398713,79.43728637695312,1839900,0.0,0.0
2025-04-23 00:00:00-04:00,80.63853550306457,81.30697360729904,78.6429181252656,79.28228759765625,2946600,0.0,0.0
2025-04-24 00:00:00-04:00,79.30167020003388,79.9507292451374,78.54604833964987,79.16604614257812,2634500,0.0,0.0
2025-04-25 00:00:00-04:00,79.04979011872207,79.4276010314014,77.95510816544052,78.49760437011719,2886100,0.0,0.0
2025-04-28 00:00:00-04:00,78.29416438894194,78.79790978374113,77.76135036380772,78.37166595458984,3615000,0.0,0.0
2025-04-29 00:00:00-04:00,77.88729525035798,79.13698032839334,77.88729525035798,79.05947875976562,3076500,0.0,0.0
2025-04-30 00:00:00-04:00,78.13916513895975,78.18759807209723,75.32010679052382,77.43197631835938,4465600,0.0,0.0
2025-05-01 00:00:00-04:00,77.15105146978497,78.0713586522521,76.03699034982787,76.2016830444336,4684500,0.0,0.0
2025-05-02 00:00:00-04:00,76.95729719002878,77.34479024415664,75.83354663838047,76.99604797363281,2203300,0.0,0.0
2025-05-05 00:00:00-04:00,76.56979764899381,76.67636045742402,75.68823394124504,75.90135955810547,3537900,0.0,0.0
2025-05-06 00:00:00-04:00,75.57198934398184,77.96479668687391,75.51385947213136,77.20916748046875,2910400,0.0,0.0
2025-05-07 00:00:00-04:00,76.8991662181345,77.97447642714285,76.31791925430849,77.29635620117188,2510400,0.0,0.0
2025-05-08 00:00:00-04:00,77.0347913662806,77.80010271280875,76.39542191420462,76.99604797363281,3549400,0.0,0.0
2025-05-09 00:00:00-04:00,77.22856048925449,77.49980863693052,76.19200084437387,76.47293853759766,1793000,0.0,0.0
2025-05-12 00:00:00-04:00,76.54073333740234,77.05416827144228,75.9982297732654,76.54073333740234,3377800,0.0,0.0
2025-05-13 00:00:00-04:00,76.41480052466308,76.97667585132662,74.96167926733408,75.16511535644531,2767500,0.0,0.0
2025-05-14 00:00:00-04:00,75.22324615728351,75.22324615728351,73.62481127638121,74.87449645996094,3171100,0.0,0.0
2025-05-15 00:00:00-04:00,75.223236947327,76.22104558490551,75.15542492509223,75.9885482788086,3689500,0.0,0.0
2025-05-16 00:00:00-04:00,76.20168057688909,76.86042177015281,75.67855604904135,76.8119888305664,3990100,0.0,0.0
2025-05-19 00:00:00-04:00,76.2598047234837,77.30605380199076,75.93042672871358,77.27698516845703,3011700,0.0,0.0
2025-05-20 00:00:00-04:00,76.7151133825493,77.35448286001858,76.36636370721824,76.88948822021484,2810500,0.0,0.0
2025-05-21 00:00:00-04:00,76.52136264987634,76.87011233975986,75.31042827971328,75.45574188232422,3480200,0.0,0.0
2025-05-22 00:00:00-04:00,75.13604519845288,75.61073674101064,74.3416726343423,74.95198822021484,3150500,0.0,0.0
2025-05-23 00:00:00-04:00,75.34917207649617,76.63760790065396,74.80667589409549,76.49229431152344,2572100,0.0,0.0
2025-05-27 00:00:00-04:00,77.22854941513573,77.31573313969095,76.54073959902577,77.11229705810547,2953100,0.0,0.0
2025-05-28 00:00:00-04:00,76.90886508994858,77.35448806263021,75.37824223315711,75.64949035644531,2192900,0.0,0.0
2025-05-29 00:00:00-04:00,75.64948033508992,77.09291927144952,75.34917100851123,77.06385803222656,2544000,0.0,0.0
2025-05-30 00:00:00-04:00,77.14135646746905,78.83666449804011,76.82167542740257,78.49760437011719,12247500,0.0,0.0
2025-06-02 00:00:00-04:00,78.22635493246868,80.11540946361944,77.81948278590642,79.34041595458984,3701800,0.0,0.0
2025-06-03 00:00:00-04:00,80.64821950818906,80.78384355031974,79.64072134453541,79.73759460449219,4132600,0.0,0.0
2025-06-04 00:00:00-04:00,79.21447035296939,79.72791267499166,77.80978960228029,77.87760162353516,3314900,0.0,0.0
2025-06-05 00:00:00-04:00,77.8776020691391,77.97447532992092,77.22854309184929,77.3351058959961,2112700,0.0,0.0
2025-06-06 00:00:00-04:00,77.94541888676427,77.94541888676427,76.90885941161162,77.69354248046875,2017400,0.0,0.0
2025-06-09 00:00:00-04:00,77.70330819828838,78.50397026844888,76.80500586581064,77.81071472167969,2671500,0.63,0.0
2025-06-10 00:00:00-04:00,77.7911847457789,77.98647272628001,76.8245334530914,77.55684661865234,2346400,0.0,0.0
2025-06-11 00:00:00-04:00,78.25987275695802,79.02147729914442,77.89859556025223,78.90430450439453,3647500,0.0,0.0
2025-06-12 00:00:00-04:00,78.73831713559355,79.79284996451518,78.61138552542671,79.6366195678711,3360100,0.0,0.0
2025-06-13 00:00:00-04:00,79.36321658152156,79.4217992501799,78.60161209106445,79.0898208618164,2451100,0.0,0.0
2025-06-16 00:00:00-04:00,79.34368823385854,80.04671002664281,78.88477081637579,79.24604797363281,2525900,0.0,0.0
2025-06-17 00:00:00-04:00,78.89454522318411,79.6366172370989,78.1134081617763,79.1288833618164,2946300,0.0,0.0
2025-06-18 00:00:00-04:00,79.26558457997632,80.50563170918097,79.00195509405815,80.16388702392578,3579700,0.0,0.0
2025-06-20 00:00:00-04:00,80.28105982293131,80.6228045081865,79.79285100128807,80.16388702392578,5286100,0.0,0.0
2025-06-23 00:00:00-04:00,80.40799005405498,81.4820479533323,80.40799005405498,81.37464141845703,2569000,0.0,0.0
2025-06-24 00:00:00-04:00,81.08171980126232,81.78474167734592,80.82784913501541,81.16959381103516,1982900,0.0,0.0
2025-06-25 00:00:00-04:00,80.95478385287333,81.48204278219434,80.14435548642003,80.79855346679688,2787900,0.0,0.0
2025-06-26 00:00:00-04:00,80.671625474175,81.13053549248626,80.17365040812219,81.07195281982422,2388100,0.0,0.0
2025-06-27 00:00:00-04:00,81.07194962753601,82.17530624905976,81.0036006956299,81.5503921508789,2756000,0.0,0.0
2025-06-30 00:00:00-04:00,81.53086759846545,82.37058730980884,81.25747186909317,82.19483184814453,2842800,0.0,0.0
2025-07-01 00:00:00-04:00,81.96049219702086,82.60492391153205,80.70091265334581,80.91572570800781,2667900,0.0,0.0
2025-07-02 00:00:00-04:00,80.72043655286713,80.79855174424002,79.21675264157513,79.30463409423828,2221900,0.0,0.0
2025-07-03 00:00:00-04:00,79.18746466565142,79.89048651887435,78.69925587307715,79.25581359863281,2018400,0.0,0.0
2025-07-07 00:00:00-04:00,80.55445017877483,80.67162296993675,79.73426298906617,80.34940338134766,2275600,0.0,0.0
2025-07-08 00:00:00-04:00,79.77330706955355,80.11505915541542,78.88477101494604,79.67566680908203,2070100,0.0,0.0
2025-07-09 00:00:00-04:00,79.76355034879819,80.00765473111232,78.75784148557989,79.64637756347656,1848400,0.0,0.0
2025-07-10 00:00:00-04:00,78.76760556501964,80.40798742185399,78.76760556501964,80.22247314453125,1791800,0.0,0.0
2025-07-11 00:00:00-04:00,79.31440062031822,80.77902694081341,79.27534302450138,80.603271484375,1870700,0.0,0.0
2025-07-14 00:00:00-04:00,80.08577101569377,81.33559184403619,79.92954806807305,81.04266357421875,2358700,0.0,0.0
2025-07-15 00:00:00-04:00,80.7692628874238,81.02313354243577,79.6073235909026,79.9197769165039,3581800,0.0,0.0
2025-07-16 00:00:00-04:00,79.32415494541853,80.4665690723881,79.32415494541853,80.23222351074219,2520300,0.0,0.0
2025-07-17 00:00:00-04:00,79.99789136184205,81.44299263515006,79.89048483378319,80.79855346679688,2510000,0.0,0.0
2025-07-18 00:00:00-04:00,81.23793799759791,82.78067952999436,81.17935532784037,82.32176208496094,3009300,0.0,0.0
2025-07-21 00:00:00-04:00,82.4682271144088,83.40558708819633,82.28270539217303,82.4194107055664,2445900,0.0,0.0
2025-07-22 00:00:00-04:00,82.59516297653839,83.7668685913086,82.46823136763194,83.7668685913086,2769100,0.0,0.0
2025-07-23 00:00:00-04:00,84.8018693623313,85.95404245945397,84.11838000364637,84.62611389160156,3649600,0.0,0.0
2025-07-24 00:00:00-04:00,84.78234172483607,85.06550372186784,83.80592412795754,84.8799819946289,2004400,0.0,0.0
2025-07-25 00:00:00-04:00,84.91903315261452,85.67087136742637,84.69445384459438,85.5146484375,1918000,0.0,0.0
2025-07-28 00:00:00-04:00,85.49512175748818,85.49512175748818,84.43083016062268,84.8897476196289,1866000,0.0,0.0
2025-07-29 00:00:00-04:00,85.30959961111078,86.5789378907462,84.95808871534113,86.52035522460938,2072000,0.0,0.0
2025-07-30 00:00:00-04:00,86.491075761672,87.58465874350713,86.29578776529047,86.78399658203125,2682700,0.0,0.0
2025-07-31 00:00:00-04:00,86.19814606924692,87.9654595728492,86.06144819877355,87.67253875732422,2448400,0.0,0.0
2025-08-01 00:00:00-04:00,87.6725340535473,87.77994058165315,86.53988610242186,86.87187194824219,2460300,0.0,0.0
2025-08-04 00:00:00-04:00,87.29172771871072,88.52201587892944,87.15502986196137,88.01427459716797,2475800,0.0,0.0
2025-08-05 00:00:00-04:00,87.36984848680851,89.10787059028915,85.1826677402155,86.09073638916016,3576800,0.0,0.0
2025-08-06 00:00:00-04:00,86.12002557957308,86.53012661526611,83.8254458096664,83.84497833251953,4032400,0.0,0.0
2025-08-07 00:00:00-04:00,83.56181330109845,85.67087127439865,83.56181330109845,85.40724182128906,2691700,0.0,0.0
2025-08-08 00:00:00-04:00,85.89545906130843,86.11027212921931,85.0362067896649,85.61229705810547,2400800,0.0,0.0
2025-08-11 00:00:00-04:00,85.6122914411019,85.89545342572666,84.20624777937198,84.49917602539062,3115000,0.0,0.0
2025-08-12 00:00:00-04:00,84.66516816451251,86.1102694725722,84.46988762669567,85.75875854492188,2214900,0.0,0.0
2025-08-13 00:00:00-04:00,86.08098143318576,86.55942398379075,84.73352034243555,85.60253143310547,2343300,0.0,0.0
2025-08-14 00:00:00-04:00,85.50489004178394,85.50489004178394,84.59682136404041,84.7530517578125,1452800,0.0,0.0
2025-08-15 00:00:00-04:00,84.72374772229254,84.72374772229254,83.11266472082472,83.30794525146484,2922500,0.0,0.0
2025-08-18 00:00:00-04:00,83.28841098042298,83.52274908120748,81.98977399160151,82.13623809814453,2494200,0.0,0.0
2025-08-19 00:00:00-04:00,82.21435157466763,82.64397766400968,82.09718624082848,82.59515380859375,1780000,0.0,0.0
2025-08-20 00:00:00-04:00,82.65374312721518,83.55204544219231,82.57562793909342,83.15171813964844,2540900,0.0,0.0
2025-08-21 00:00:00-04:00,83.10290061589939,83.63016700167951,81.23793946715074,81.32582092285156,2507900,0.0,0.0
2025-08-22 00:00:00-04:00,81.70662543837537,82.0093125119229,81.05242743126773,81.72615051269531,3117000,0.0,0.0
2025-08-25 00:00:00-04:00,81.4625203729392,81.82379756545063,80.31034731110482,80.65209197998047,2457500,0.0,0.0
2025-08-26 00:00:00-04:00,80.661851991405,81.51133791633455,80.4372726838462,81.50157165527344,6505500,0.0,0.0
2025-08-27 00:00:00-04:00,81.52110943980108,81.76521385807169,80.75950484671286,80.88643646240234,2546900,0.0,0.0
2025-08-28 00:00:00-04:00,80.7594991492953,81.16959275518451,80.21270767477635,80.64232635498047,2046100,0.0,0.0
2025-08-29 00:00:00-04:00,80.65208771128255,81.14029648368677,80.07600493559342,80.38845825195312,2254600,0.0,0.0
2025-09-02 00:00:00-04:00,79.99788719996536,80.07600238893967,79.36321432612941,79.8807144165039,2395300,0.0,0.0
2025-09-03 00:00:00-04:00,79.39250673603799,79.9490644284455,79.10934475927283,79.43156433105469,1589100,0.0,0.0
2025-09-04 00:00:00-04:00,79.92954390861614,80.51539296828864,78.97265139988691,79.8026123046875,2478700,0.0,0.0
2025-09-05 00:00:00-04:00,79.6952095468364,79.91978142976089,78.61138538287814,79.20700073242188,1798500,0.0,0.0
2025-09-08 00:00:00-04:00,79.25581235383963,79.26557861539072,77.86930119257927,78.2989273071289,3007500,0.0,0.0
2025-09-09 00:00:00-04:00,78.3284532704947,78.91894896346739,78.00368964951731,78.72211456298828,3116500,0.63,0.0
2025-09-10 00:00:00-04:00,78.9386225487851,80.64120431614418,78.73195207560232,80.42469024658203,4372900,0.0,0.0
2025-09-11 00:00:00-04:00,80.52310400110353,81.1431154230859,79.99166242149118,80.72977447509766,2229300,0.0,0.0
2025-09-12 00:00:00-04:00,80.56247241371426,81.60566839998468,80.54278522050299,81.37931823730469,1703000,0.0,0.0
2025-09-15 00:00:00-04:00,81.44821384661685,82.33394988878615,81.43837024935254,81.6548843383789,2281600,0.0,0.0
2025-09-16 00:00:00-04:00,81.27106100094689,81.61551179665801,79.84403983519474,79.9326171875,1707300,0.0,0.0
2025-09-17 00:00:00-04:00,80.30658909805463,80.6805706734214,78.94846563654713,79.15513610839844,3405500,0.0,0.0
2025-09-18 00:00:00-04:00,79.33229055693995,80.61168789034868,78.87958269502455,79.9030990600586,2426300,0.0,0.0
2025-09-19 00:00:00-04:00,80.08023706851462,80.6116786301835,79.53895191076006,80.30658721923828,4629400,0.0,0.0
2025-09-22 00:00:00-04:00,80.35579841306233,80.74945966692349,79.4110159088739,80.43453216552734,2331400,0.0,0.0
2025-09-23 00:00:00-04:00,80.62151715930186,80.99549873724457,80.15896573929739,80.90692138671875,1894200,0.0,0.0
2025-09-24 00:00:00-04:00,81.01517646504452,81.4875714700245,80.78881880446863,81.09391021728516,2460300,0.0,0.0
2025-09-25 00:00:00-04:00,80.72978060531237,80.97581797519737,79.49959375588736,79.59800720214844,2627600,0.0,0.0
2025-09-26 00:00:00-04:00,79.90309222209302,81.02502193788465,79.67673455627425,80.99549865722656,2326300,0.0,0.0
2025-09-29 00:00:00-04:00,81.00533018661201,81.91075329047086,80.21801521566715,81.72376251220703,2906800,0.0,0.0
2025-09-30 00:00:00-04:00,81.70408730050146,82.16663876184118,81.29074631701414,82.13711547851562,2568800,0.0,0.0
2025-10-01 00:00:00-04:00,82.12725977513365,82.59965476410257,81.1529540266858,81.24153137207031,2213500,0.0,0.0
2025-10-02 00:00:00-04:00,81.08406963351852,81.40884074222895,79.8440392692832,80.28691101074219,3159100,0.0,0.0
2025-10-03 00:00:00-04:00,80.57231200260902,81.04469949768348,80.22785371472341,80.70024871826172,3053000,0.0,0.0
2025-10-06 00:00:00-04:00,81.19232018064439,81.27105392951748,78.85004746514662,80.54277801513672,3741500,0.0,0.0
2025-10-07 00:00:00-04:00,80.29674529873802,80.94628750159775,78.88941887613659,79.24370574951172,3351500,0.0,0.0
2025-10-08 00:00:00-04:00,79.49958898452128,81.35963078853968,78.97799099302442,80.50342559814453,3850700,0.0,0.0
2025-10-09 00:00:00-04:00,80.97581288361376,81.22185023802845,79.80467267389122,80.1097640991211,2471600,0.0,0.0
2025-10-10 00:00:00-04:00,80.39516697390107,81.02502198989139,78.91894287233674,79.37165069580078,2713200,0.0,0.0
2025-10-13 00:00:00-04:00,79.47006822960054,81.07422913292174,79.23387446354825,80.44437408447266,2235500,0.0,0.0
2025-10-14 00:00:00-04:00,80.21801866252366,81.99932665085775,80.19833147003752,81.1332778930664,2588800,0.0,0.0
2025-10-15 00:00:00-04:00,81.8713872417613,83.85936563505479,81.56629583596865,83.38697814941406,3361000,0.0,0.0
2025-10-16 00:00:00-04:00,83.85937126871761,84.56796005324532,82.61934089579414,83.00315856933594,2713700,0.0,0.0
2025-10-17 00:00:00-04:00,82.80633025019976,83.45587246088931,82.18631882873943,83.40666198730469,2546800,0.0,0.0
2025-10-20 00:00:00-04:00,83.64285734211514,84.72542020551151,83.18030591204091,83.48539733886719,2151800,0.0,0.0
2025-10-21 00:00:00-04:00,83.6231804852358,83.72159392915181,81.32026685358603,81.80250549316406,1959000,0.0,0.0
2025-10-22 00:00:00-04:00,82.68823371430875,82.75712387566098,81.79266161672966,82.46188354492188,2024700,0.0,0.0
2025-10-23 00:00:00-04:00,82.88505869939426,82.91458197826974,81.0742200075746,81.4186782836914,1838700,0.0,0.0
2025-10-24 00:00:00-04:00,82.17647360409437,82.17647360409437,81.35962781294448,81.79265594482422,3082000,0.0,0.0
2025-10-27 00:00:00-04:00,81.9009157687717,82.29457703767154,81.37931777857669,82.12726593017578,1847100,0.0,0.0
2025-10-28 00:00:00-04:00,81.84186844332963,82.14695235736201,79.9621394683794,79.98181915283203,2156700,0.0,0.0
2025-10-29 00:00:00-04:00,80.08024003527333,80.44437051083115,78.86973295965974,79.0173568725586,2535400,0.0,0.0
2025-10-30 00:00:00-04:00,78.88941772703093,80.11960444925785,78.73195022252321,79.47006225585938,2527000,0.0,0.0
2025-10-31 00:00:00-04:00,78.81068591705568,80.0802395466975,78.3087676196475,79.28307342529297,3539500,0.0,0.0
2025-11-03 00:00:00-05:00,79.53895484208525,80.57231472371322,78.2989244858245,80.07039642333984,3974500,0.0,0.0
2025-11-04 00:00:00-05:00,79.44053899254659,80.85771649955777,78.74179383519076,80.52310180664062,2344600,0.0,0.0
2025-11-05 00:00:00-05:00,80.9561296162439,80.9561296162439,78.03320477379795,78.59416961669922,3629000,0.0,0.0
2025-11-06 00:00:00-05:00,79.02719802598347,81.47772787387845,79.02719802598347,81.09391021728516,4687100,0.0,0.0
2025-11-07 00:00:00-05:00,80.91675988902868,81.9894790649414,80.39516194048663,81.9894790649414,3764100,0.0,0.0
2025-11-10 00:00:00-05:00,81.70407919419321,82.49140171092901,81.46788544255806,81.92059326171875,2173400,0.0,0.0
2025-11-11 00:00:00-05:00,81.85170739004528,82.4618827478849,81.51710018341555,82.42251586914062,1319900,0.0,0.0
2025-11-12 00:00:00-05:00,82.3732972390965,82.52092114265747,81.59582586337173,82.20599365234375,2209200,0.0,0.0
2025-11-13 00:00:00-05:00,81.98948394244388,82.31425504580642,80.87739782578115,81.08406829833984,2268200,0.0,0.0
2025-11-14 00:00:00-05:00,81.07422394487095,82.1174274027361,80.64120331956207,81.52693176269531,2378400,0.0,0.0
2025-11-17 00:00:00-05:00,81.65487835857549,81.65487835857549,80.41484799034919,81.16280364990234,2567500,0.0,0.0
2025-11-18 00:00:00-05:00,80.98565238608897,81.78281097138527,80.84787207525908,81.0545425415039,1857400,0.0,0.0
2025-11-19 00:00:00-05:00,81.09390966865338,81.48757091872945,79.73577873131413,79.82435607910156,2118000,0.0,0.0
2025-11-20 00:00:00-05:00,81.01518254580527,81.6942480700377,79.41102164293393,79.47991180419922,2962300,0.0,0.0
2025-11-21 00:00:00-05:00,79.87356962564644,80.26722338241179,79.05672381427654,79.98181915283203,2581500,0.0,0.0
2025-11-24 00:00:00-05:00,80.11961068652636,81.07422935018134,79.56848188630818,80.8380355834961,3715100,0.0,0.0
2025-11-25 00:00:00-05:00,81.13328005582665,81.25137318003567,80.21802080088594,80.85771942138672,1304600,0.0,0.0
2025-11-26 00:00:00-05:00,80.96596549283126,82.34377611467933,80.93644221303929,81.93043518066406,1529200,0.0,0.0
2025-11-28 00:00:00-05:00,81.93044231306955,82.47172751792307,81.66472526334613,82.19615936279297,1335000,0.0,0.0
2025-12-01 00:00:00-05:00,81.58598964203892,81.87139387913065,80.1491323683272,80.27706909179688,2889900,0.0,0.0
2025-12-02 00:00:00-05:00,80.46405964094086,80.50342651922593,78.82052438351224,79.40117645263672,2878600,0.0,0.0
2025-12-03 00:00:00-05:00,79.450388014092,79.96214242186763,78.76147889737882,79.26339721679688,3278200,0.0,0.0
2025-12-04 00:00:00-05:00,79.34212968613957,80.19833488413711,79.19450577006488,79.48974609375,2066500,0.0,0.0
2025-12-05 00:00:00-05:00,79.09608406113853,79.43069122803227,78.27923831824359,78.30876159667969,4567700,0.0,0.0
2025-12-08 00:00:00-05:00,78.30876456801927,78.55480190894033,77.46239551457369,77.50176239013672,3340100,0.0,0.0
2025-12-09 00:00:00-05:00,78.04304752123338,79.2437034374753,77.728120025283,78.07257080078125,4204900,0.0,0.0
2025-12-10 00:00:00-05:00,78.39993833172669,78.44954273808835,77.27894989250888,78.06265258789062,2554600,0.63,0.0
2025-12-11 00:00:00-05:00,77.97336720315924,79.06459604044477,77.95352998149365,78.33049774169922,3297200,0.0,0.0
2025-12-12 00:00:00-05:00,78.53882150343722,78.91579682681613,77.90392445924827,78.26105499267578,3859100,0.0,0.0
2025-12-15 00:00:00-05:00,79.09436121011902,80.13598561384043,78.2511317237073,79.9574203491211,3003600,0.0,0.0
2025-12-16 00:00:00-05:00,80.08638782759989,80.44351078423684,79.08443787807211,79.29276275634766,3217000,0.0,0.0
2025-12-17 00:00:00-05:00,79.29276355169037,79.60028967481468,78.73723053738331,79.2729263305664,3462900,0.0,0.0
2025-12-18 00:00:00-05:00,79.94749569173487,80.61215989461718,79.57052795180435,80.0169448852539,3904100,0.0,0.0
2025-12-19 00:00:00-05:00,79.89790477099427,80.68160749262702,79.35228655701894,79.37213134765625,6336000,0.0,0.0
2025-12-22 00:00:00-05:00,79.43164996494762,80.44351479105315,78.87611692854223,80.07646942138672,2982900,0.0,0.0
2025-12-23 00:00:00-05:00,80.00702749548748,80.37407286379437,78.8761166363826,79.78878021240234,2571600,0.0,0.0
2025-12-24 00:00:00-05:00,79.79870290318402,80.21535268048807,78.985240570489,80.07646942138672,749900,0.0,0.0
2025-12-26 00:00:00-05:00,80.06654826696371,80.16574951520631,79.51101522194904,79.74909973144531,910300,0.0,0.0
2025-12-29 00:00:00-05:00,79.8383822715674,80.39391528957516,79.6697318323267,80.04670715332031,2069400,0.0,0.0
2025-12-30 00:00:00-05:00,79.99710193334597,80.44351130847856,79.85821868025718,80.26495361328125,1269100,0.0,0.0
2025-12-31 00:00:00-05:00,80.29471762511139,80.39391887295305,79.63005337057507,79.65982055664062,1606200,0.0,0.0
2026-01-02 00:00:00-05:00,80.14591207923924,80.75104953104638,79.22332609276033,80.34431457519531,1782700,0.0,0.0
2026-01-05 00:00:00-05:00,80.14591068616242,80.28479394463166,77.5964000577344,78.70746612548828,3698400,0.0,0.0
2026-01-06 00:00:00-05:00,78.70746406907304,79.31260149455122,77.83448252885081,77.9733657836914,2778300,0.0,0.0
2026-01-07 00:00:00-05:00,78.57850431856563,78.60826393522738,76.77301441157778,76.96150207519531,3075400,0.0,0.0
2026-01-08 00:00:00-05:00,77.0607052674656,78.34042179624618,76.69365232603286,76.81269836425781,2988900,0.0,0.0
2026-01-09 00:00:00-05:00,77.3483881040825,79.1935599244095,77.2591016902889,78.05272674560547,3737700,0.0,0.0
2026-01-12 00:00:00-05:00,77.73528128518893,78.61818522034827,77.34839113690876,77.9733657836914,2790900,0.0,0.0
2026-01-13 00:00:00-05:00,77.55671488383982,78.83643134348304,77.4178316310323,78.10233306884766,2292700,0.0,0.0
2026-01-14 00:00:00-05:00,78.06265177185334,78.54874316112321,77.6757616257,78.28089904785156,3501100,0.0,0.0
2026-01-15 00:00:00-05:00,78.61818845266548,79.12412465528288,78.43962317930463,78.77691650390625,2468300,0.0,0.0
2026-01-16 00:00:00-05:00,78.3106580964655,78.96539235114606,77.72535789975065,78.78682708740234,3469500,0.0,0.0
2026-01-20 00:00:00-05:00,79.32252100789638,79.6201322966403,78.0725641911692,78.73722839355469,4487400,0.0,0.0
2026-01-21 00:00:00-05:00,79.33244325143302,79.45148171184837,77.7352783132584,79.134033203125,4529100,0.0,0.0
2026-01-22 00:00:00-05:00,78.70746386072574,79.24315965736557,77.99321036710903,78.7669906616211,4448900,0.0,0.0
2026-01-23 00:00:00-05:00,78.61818222752593,79.07451398585485,77.2789465676479,77.65591430664062,3367000,0.0,0.0
2026-01-26 00:00:00-05:00,77.59639982418764,78.70746588859747,77.49719857823246,78.41978454589844,2325200,0.0,0.0
2026-01-27 00:00:00-05:00,78.24121619689451,79.8383811702038,77.84440366011879,79.77885437011719,2534400,0.0,0.0
2026-01-28 00:00:00-05:00,79.78877911248976,81.24706087611949,79.49116780900906,80.80064392089844,3638000,0.0,0.0
2026-01-29 00:00:00-05:00,81.15777241210908,81.82243663065417,80.24510887167388,81.34626007080078,4253900,0.0,0.0
2026-01-30 00:00:00-05:00,80.94944894941327,81.76291126161856,80.32447429919924,81.7033920288086,4723000,0.0,0.0
2026-02-02 00:00:00-05:00,81.44546138563467,81.73315028705197,79.31260061207179,79.66973114013672,4488000,0.0,0.0
2026-02-03 00:00:00-05:00,79.89790234759845,81.96132153423014,79.8086159295788,80.9097671508789,2641800,0.0,0.0
2026-02-04 00:00:00-05:00,81.33634054381518,81.37602255591625,79.10427845097723,79.50109100341797,4319200,0.0,0.0
2026-02-05 00:00:00-05:00,79.96734723519894,80.00702924831742,78.87611836443605,79.15388488769531,3113300,0.0,0.0
2026-02-06 00:00:00-05:00,80.24511117483856,80.92961263409609,79.36220722494662,80.00702667236328,1715700,0.0,0.0
2026-02-09 00:00:00-05:00,79.80861530783596,80.64192240572494,79.41181033305713,80.53279876708984,1635100,0.0,0.0
2026-02-10 00:00:00-05:00,80.70144029060127,82.69541780041752,80.6022390485631,82.53668975830078,1481900,0.0,0.0
2026-02-11 00:00:00-05:00,82.53669519371269,83.53864521199108,81.9514025291447,83.4791259765625,1801200,0.0,0.0
2026-02-12 00:00:00-05:00,83.47912242228874,85.02668302610252,83.43944041083586,83.86601257324219,2201300,0.0,0.0
2026-02-13 00:00:00-05:00,83.86601466763827,86.54448617475495,83.6973717911793,85.68142700195312,3467500,0.0,0.0
2026-02-17 00:00:00-05:00,86.52464948402545,86.83217562164101,85.77070638010305,86.25679779052734,2798800,0.0,0.0
2026-02-18 00:00:00-05:00,86.13775590848373,86.44528203391592,83.58824535073465,83.68744659423828,2403400,0.0,0.0
2026-02-19 00:00:00-05:00,84.04457976305851,85.05644458825988,83.70728644227808,84.9969253540039,1672800,0.0,0.0
2026-02-20 00:00:00-05:00,85.26476989042357,85.31437429825753,84.14378141793398,84.88780212402344,2663300,0.0,0.0
2026-02-23 00:00:00-05:00,85.3441283352854,85.97902535748327,84.74891332304611,85.62189483642578,1946900,0.0,0.0
2026-02-24 00:00:00-05:00,85.57230450756997,85.78062939926687,84.31242519343189,85.55245971679688,1773000,0.0,0.0
2026-02-25 00:00:00-05:00,85.81038798359285,86.12783651500901,84.23306772177914,85.28461456298828,3092400,0.0,0.0
2026-02-26 00:00:00-05:00,85.81038492584469,86.93137335683825,84.41162241726137,85.16556549072266,4046200,0.0,0.0
2026-02-27 00:00:00-05:00,85.24492869750203,85.77070209434216,84.5306676419571,85.3838119506836,3866100,0.0,0.0
2026-03-02 00:00:00-05:00,85.27469147819566,85.64174441440919,83.65768921695864,83.82633209228516,3691100,0.0,0.0
2026-03-03 00:00:00-05:00,82.53669108028232,84.04457723026455,80.6816043618903,83.29063415527344,3399600,0.0,0.0
2026-03-04 00:00:00-05:00,83.15174904615375,83.65768521650973,82.45733278768051,83.24103546142578,3386800,0.0,0.0
2026-03-05 00:00:00-05:00,82.71525786660021,83.59816181767788,82.22916646589417,83.2509536743164,3249400,0.0,0.0
2026-03-06 00:00:00-05:00,82.78470234750108,83.03270925395684,81.74307788152902,82.68550109863281,2160100,0.0,0.0
2026-03-09 00:00:00-04:00,82.62597446444215,83.48904114631176,81.29665362921433,83.3699951171875,3023700,0.0,0.0
2026-03-10 00:00:00-04:00,83.19999694824219,83.83000183105469,82.44999694824219,83.2699966430664,2541100,0.67,0.0
2026-03-11 00:00:00-04:00,83.0,83.31999969482422,82.16000366210938,82.30999755859375,2564300,0.0,0.0
2026-03-12 00:00:00-04:00,82.44000244140625,83.5199966430664,82.05999755859375,82.47000122070312,2597700,0.0,0.0
2026-03-13 00:00:00-04:00,83.31999969482422,84.43000030517578,82.94999694824219,83.7300033569336,2396800,0.0,0.0
2026-03-16 00:00:00-04:00,84.75,85.0,83.86000061035156,84.87999725341797,2216400,0.0,0.0
2026-03-17 00:00:00-04:00,85.5,85.80000305175781,84.55999755859375,84.73999786376953,2239500,0.0,0.0
2026-03-18 00:00:00-04:00,84.44000244140625,84.70999908447266,83.93000030517578,84.20999908447266,2201400,0.0,0.0
2026-03-19 00:00:00-04:00,83.66999816894531,84.18000030517578,82.16000366210938,82.77999877929688,3286200,0.0,0.0
2026-03-20 00:00:00-04:00,82.70999908447266,83.02999877929688,79.12000274658203,79.44000244140625,7033100,0.0,0.0
2026-03-23 00:00:00-04:00,80.6500015258789,80.7300033569336,79.45999908447266,79.81999969482422,2329000,0.0,0.0
2026-03-24 00:00:00-04:00,79.20999908447266,80.9000015258789,79.1500015258789,80.19000244140625,4807300,0.0,0.0
2026-03-25 00:00:00-04:00,81.0,81.63999938964844,80.48999786376953,81.06999969482422,3752500,0.0,0.0
2026-03-26 00:00:00-04:00,80.62000274658203,81.2300033569336,80.30000305175781,80.5,1853000,0.0,0.0
2026-03-27 00:00:00-04:00,80.58000183105469,81.58000183105469,80.12000274658203,80.70999908447266,2188400,0.0,0.0
2026-03-30 00:00:00-04:00,81.86000061035156,82.16000366210938,81.05999755859375,81.38999938964844,2650100,0.0,0.0
2026-03-31 00:00:00-04:00,81.7300033569336,81.7300033569336,80.19000244140625,80.94999694824219,3464700,0.0,0.0
2026-04-01 00:00:00-04:00,80.44999694824219,81.66000366210938,80.44000244140625,81.2300033569336,2441200,0.0,0.0
2026-04-02 00:00:00-04:00,81.2300033569336,82.19000244140625,80.83000183105469,81.81999969482422,1984600,0.0,0.0
2026-04-06 00:00:00-04:00,81.58000183105469,82.05000305175781,80.94000244140625,81.05000305175781,1573187,0.0,0.0
