Date,Open,High,Low,Close,Volume,Dividends,Stock Splits
2022-01-03 00:00:00-05:00,41.62399415343815,41.62399415343815,40.97650909423828,40.97650909423828,700,0.0,0.0
2022-01-04 00:00:00-05:00,40.97650909423828,40.97650909423828,40.97650909423828,40.97650909423828,300,0.0,0.0
2022-01-05 00:00:00-05:00,40.97650909423828,40.97650909423828,40.97650909423828,40.97650909423828,0,0.0,0.0
2022-01-06 00:00:00-05:00,40.97650909423828,40.97650909423828,40.97650909423828,40.97650909423828,0,0.0,0.0
2022-01-07 00:00:00-05:00,40.97650909423828,40.97650909423828,40.97650909423828,40.97650909423828,0,0.0,0.0
2022-01-10 00:00:00-05:00,40.97650909423828,40.97650909423828,40.97650909423828,40.97650909423828,0,0.0,0.0
2022-01-11 00:00:00-05:00,40.83776208492062,40.93950665605955,40.541769537857654,40.55101776123047,1700,0.0,0.0
2022-01-12 00:00:00-05:00,40.52326940026746,40.69901387172285,39.92203255666776,40.16252517700195,900,0.0,0.0
2022-01-13 00:00:00-05:00,40.16252517700195,40.16252517700195,40.16252517700195,40.16252517700195,0,0.0,0.0
2022-01-14 00:00:00-05:00,40.16252517700195,40.16252517700195,40.16252517700195,40.16252517700195,0,0.0,0.0
2022-01-18 00:00:00-05:00,40.16252517700195,40.16252517700195,40.16252517700195,40.16252517700195,0,0.0,0.0
2022-01-19 00:00:00-05:00,39.98678473125876,40.68976974487305,39.80178848933343,40.68976974487305,1500,0.0,0.0
2022-01-20 00:00:00-05:00,40.68976974487305,40.68976974487305,40.68976974487305,40.68976974487305,0,0.0,0.0
2022-01-21 00:00:00-05:00,40.68976974487305,40.68976974487305,40.68976974487305,40.68976974487305,0,0.0,0.0
2022-01-24 00:00:00-05:00,40.68976974487305,40.68976974487305,40.68976974487305,40.68976974487305,0,0.0,0.0
2022-01-25 00:00:00-05:00,40.467773548860684,40.68976974487305,40.467773548860684,40.68976974487305,600,0.0,0.0
2022-01-26 00:00:00-05:00,40.68976974487305,40.68976974487305,40.68976974487305,40.68976974487305,0,0.0,0.0
2022-01-27 00:00:00-05:00,40.68976974487305,40.68976974487305,40.68976974487305,40.68976974487305,0,0.0,0.0
2022-01-28 00:00:00-05:00,40.2365328273184,40.91176617318321,39.63529586791992,39.63529586791992,4600,0.0,0.0
2022-01-31 00:00:00-05:00,39.93128606679175,40.37527847290039,39.774041549698644,40.37527847290039,1000,0.0,0.0
2022-02-01 00:00:00-05:00,40.37527847290039,40.37527847290039,40.37527847290039,40.37527847290039,0,0.0,0.0
2022-02-02 00:00:00-05:00,40.37527847290039,40.37527847290039,40.37527847290039,40.37527847290039,0,0.0,0.0
2022-02-03 00:00:00-05:00,40.67127227783203,40.67127227783203,40.67127227783203,40.67127227783203,400,0.0,0.0
2022-02-04 00:00:00-05:00,39.08955383300781,39.08955383300781,39.08955383300781,39.08955383300781,100,0.0,0.0
2022-02-07 00:00:00-05:00,39.3115501983715,39.3115501983715,38.950809478759766,38.950809478759766,600,0.0,0.0
2022-02-08 00:00:00-05:00,38.50681298745769,38.64555749057619,38.38656492861445,38.6178092956543,3400,0.0,0.0
2022-02-09 00:00:00-05:00,39.10193264083043,39.97706985473633,39.10193264083043,39.97706985473633,300,0.27,0.0
2022-02-10 00:00:00-05:00,39.56743379722066,39.93983459472656,39.56743379722066,39.93983459472656,1800,0.0,0.0
2022-02-11 00:00:00-05:00,39.93983459472656,39.93983459472656,39.93983459472656,39.93983459472656,0,0.0,0.0
2022-02-14 00:00:00-05:00,39.14849002442374,39.297449656860586,38.69230270385742,38.69230270385742,1900,0.0,0.0
2022-02-15 00:00:00-05:00,38.645755767822266,38.645755767822266,38.645755767822266,38.645755767822266,200,0.0,0.0
2022-02-16 00:00:00-05:00,38.17094421386719,38.17094421386719,38.17094421386719,38.17094421386719,300,0.0,0.0
2022-02-17 00:00:00-05:00,38.17094421386719,38.17094421386719,38.17094421386719,38.17094421386719,0,0.0,0.0
2022-02-18 00:00:00-05:00,37.80784396668496,37.80784396668496,37.77060317993164,37.77060317993164,500,0.0,0.0
2022-02-22 00:00:00-05:00,37.93819046020508,37.93819046020508,37.761302016345866,37.93819046020508,5000,0.0,0.0
2022-02-23 00:00:00-05:00,37.75198804414886,37.75198804414886,37.10028839111328,37.10028839111328,3500,0.0,0.0
2022-02-24 00:00:00-05:00,36.36480447646957,37.156151819786544,36.36480447646957,36.57893371582031,2200,0.0,0.0
2022-02-25 00:00:00-05:00,36.57893371582031,36.57893371582031,36.57893371582031,36.57893371582031,0,0.0,0.0
2022-02-28 00:00:00-05:00,36.31824833702097,36.31824833702097,35.564141857884046,35.61069107055664,8500,0.0,0.0
2022-03-01 00:00:00-05:00,35.38725576612987,35.38725576612987,34.67969838192739,34.68900680541992,6300,0.0,0.0
2022-03-02 00:00:00-05:00,35.10795593261719,35.135888305287125,35.10795593261719,35.10795593261719,2400,0.0,0.0
2022-03-03 00:00:00-05:00,35.154513356103955,35.154513356103955,35.098655700683594,35.098655700683594,3500,0.0,0.0
2022-03-04 00:00:00-05:00,35.098655700683594,35.098655700683594,35.098655700683594,35.098655700683594,0,0.0,0.0
2022-03-07 00:00:00-05:00,34.958988189697266,34.958988189697266,34.958988189697266,34.958988189697266,400,0.0,0.0
2022-03-08 00:00:00-05:00,34.958988189697266,34.958988189697266,34.958988189697266,34.958988189697266,0,0.0,0.0
2022-03-09 00:00:00-05:00,34.958988189697266,34.958988189697266,34.958988189697266,34.958988189697266,0,0.0,0.0
2022-03-10 00:00:00-05:00,35.76896485852299,35.76896485852299,34.772796630859375,34.772796630859375,3000,0.0,0.0
2022-03-11 00:00:00-05:00,34.68900661397749,34.8472782243001,34.68900661397749,34.772796630859375,6600,0.0,0.0
2022-03-14 00:00:00-04:00,34.77279251836979,34.81934528450349,34.77279251836979,34.7821044921875,1300,0.0,0.0
2022-03-15 00:00:00-04:00,34.79141370509726,34.9217529296875,34.79141370509726,34.9217529296875,2200,0.0,0.0
2022-03-16 00:00:00-04:00,35.18243142177994,35.18243142177994,35.15449905395508,35.15449905395508,700,0.0,0.0
2022-03-17 00:00:00-04:00,36.467205656218205,36.467205656218205,36.07618803257413,36.29962921142578,1700,0.0,0.0
2022-03-18 00:00:00-04:00,36.21583610853692,37.882320404052734,36.21583610853692,37.882320404052734,4300,0.0,0.0
2022-03-21 00:00:00-04:00,37.593717788591384,37.89163700358507,37.230628967285156,37.230628967285156,1600,0.0,0.0
2022-03-22 00:00:00-04:00,37.07235529378555,37.19338607788086,36.094807702805234,37.19338607788086,3300,0.0,0.0
2022-03-23 00:00:00-04:00,37.19338607788086,37.19338607788086,37.19338607788086,37.19338607788086,0,0.0,0.0
2022-03-24 00:00:00-04:00,37.19338607788086,37.19338607788086,37.19338607788086,37.19338607788086,0,0.0,0.0
2022-03-25 00:00:00-04:00,37.19338607788086,37.19338607788086,37.19338607788086,37.19338607788086,300,0.0,0.0
2022-03-28 00:00:00-04:00,37.239938127947084,37.239938127947084,36.495140075683594,36.495140075683594,16900,0.0,0.0
2022-03-29 00:00:00-04:00,36.85822841824277,36.85822841824277,35.94585037231445,35.94585037231445,3600,0.0,0.0
2022-03-30 00:00:00-04:00,35.98309823302177,35.98309823302177,35.24760846781273,35.4803581237793,27700,0.0,0.0
2022-03-31 00:00:00-04:00,35.50827960797264,36.05756882459814,35.46173039669465,35.471038818359375,1900,0.0,0.0
2022-04-01 00:00:00-04:00,35.592071533203125,35.592071533203125,35.592071533203125,35.592071533203125,400,0.0,0.0
2022-04-04 00:00:00-04:00,35.592071533203125,35.592071533203125,35.592071533203125,35.592071533203125,0,0.0,0.0
2022-04-05 00:00:00-04:00,35.64793341511778,36.23445991301722,35.424492212481724,35.8993034362793,18600,0.0,0.0
2022-04-06 00:00:00-04:00,36.076181054384314,36.12273025512695,36.076181054384314,36.12273025512695,500,0.0,0.0
2022-04-07 00:00:00-04:00,36.12273025512695,36.12273025512695,36.12273025512695,36.12273025512695,0,0.0,0.0
2022-04-08 00:00:00-04:00,36.12273025512695,36.12273025512695,36.12273025512695,36.12273025512695,0,0.0,0.0
2022-04-11 00:00:00-04:00,36.12273025512695,36.12273025512695,36.12273025512695,36.12273025512695,100,0.0,0.0
2022-04-12 00:00:00-04:00,36.12273025512695,36.12273025512695,36.12273025512695,36.12273025512695,0,0.0,0.0
2022-04-13 00:00:00-04:00,36.215843200683594,36.215843200683594,36.215843200683594,36.215843200683594,100,0.0,0.0
2022-04-14 00:00:00-04:00,36.215843200683594,36.215843200683594,36.215843200683594,36.215843200683594,0,0.0,0.0
2022-04-18 00:00:00-04:00,35.84344365312528,35.84344365312528,35.38725280761719,35.38725280761719,3200,0.0,0.0
2022-04-19 00:00:00-04:00,35.38725280761719,35.38725280761719,35.38725280761719,35.38725280761719,0,0.0,0.0
2022-04-20 00:00:00-04:00,36.457900502879056,36.457900502879056,36.27170009572485,36.30894088745117,1200,0.0,0.0
2022-04-21 00:00:00-04:00,36.30894088745117,36.30894088745117,36.30894088745117,36.30894088745117,0,0.0,0.0
2022-04-22 00:00:00-04:00,35.84344482421875,35.84344482421875,35.84344482421875,35.84344482421875,200,0.0,0.0
2022-04-25 00:00:00-04:00,35.84344482421875,35.84344482421875,35.84344482421875,35.84344482421875,0,0.0,0.0
2022-04-26 00:00:00-04:00,35.48034770367973,35.48034770367973,35.37793731689453,35.37793731689453,2600,0.0,0.0
2022-04-27 00:00:00-04:00,34.96830368041992,34.96830368041992,34.96830368041992,34.96830368041992,200,0.0,0.0
2022-04-28 00:00:00-04:00,35.014854431152344,35.014854431152344,35.014854431152344,35.014854431152344,700,0.0,0.0
2022-04-29 00:00:00-04:00,35.61069000367052,35.61069000367052,35.471038818359375,35.471038818359375,1800,0.0,0.0
2022-05-02 00:00:00-04:00,35.471038818359375,35.471038818359375,35.471038818359375,35.471038818359375,0,0.0,0.0
2022-05-03 00:00:00-04:00,35.471038818359375,35.471038818359375,35.471038818359375,35.471038818359375,0,0.0,0.0
2022-05-04 00:00:00-04:00,35.28483963012695,35.28483963012695,35.28483963012695,35.28483963012695,16400,0.0,0.0
2022-05-05 00:00:00-04:00,35.41517883364091,35.424487254687506,35.28483963012695,35.28483963012695,2000,0.0,0.0
2022-05-06 00:00:00-04:00,35.443102556752656,35.443102556752656,35.228973388671875,35.228973388671875,1200,0.0,0.0
2022-05-09 00:00:00-04:00,35.387969970703125,35.387969970703125,35.387969970703125,35.387969970703125,0,0.17,0.0
2022-05-10 00:00:00-04:00,35.444081118570956,35.444081118570956,34.892312980672195,35.06999969482422,5100,0.0,0.0
2022-05-11 00:00:00-04:00,35.06999969482422,35.06999969482422,35.06999969482422,35.06999969482422,0,0.0,0.0
2022-05-12 00:00:00-04:00,35.06999969482422,35.06999969482422,35.06999969482422,35.06999969482422,0,0.0,0.0
2022-05-13 00:00:00-04:00,34.939064347717974,34.939064347717974,34.789432525634766,34.789432525634766,400,0.0,0.0
2022-05-16 00:00:00-04:00,34.658515825519366,34.658515825519366,34.088043212890625,34.088043212890625,2500,0.0,0.0
2022-05-17 00:00:00-04:00,35.06999969482422,35.06999969482422,35.06999969482422,35.06999969482422,1900,0.0,0.0
2022-05-18 00:00:00-04:00,34.49017333984375,34.49017333984375,34.49017333984375,34.49017333984375,500,0.0,0.0
2022-05-19 00:00:00-04:00,34.181553190295894,34.49017084765698,34.181553190295894,34.46211242675781,3200,0.0,0.0
2022-05-20 00:00:00-04:00,34.368597932764004,34.78943862095184,34.368597932764004,34.60239791870117,500,0.0,0.0
2022-05-23 00:00:00-04:00,34.60239791870117,34.60239791870117,34.60239791870117,34.60239791870117,0,0.0,0.0
2022-05-24 00:00:00-04:00,34.1909065246582,34.1909065246582,34.1909065246582,34.1909065246582,83600,0.0,0.0
2022-05-25 00:00:00-04:00,34.48082092711254,34.63980677265224,34.48082092711254,34.60239791870117,3600,0.0,0.0
2022-05-26 00:00:00-04:00,34.60239791870117,34.60239791870117,34.60239791870117,34.60239791870117,0,0.0,0.0
2022-05-27 00:00:00-04:00,34.60239791870117,34.60239791870117,34.60239791870117,34.60239791870117,0,0.0,0.0
2022-05-31 00:00:00-04:00,34.49017333984375,34.49017333984375,34.49017333984375,34.49017333984375,300,0.0,0.0
2022-06-01 00:00:00-04:00,34.49017333984375,34.49017333984375,34.49017333984375,34.49017333984375,0,0.0,0.0
2022-06-02 00:00:00-04:00,34.62110744079581,34.630457871907325,34.50888442993164,34.50888442993164,1900,0.0,0.0
2022-06-03 00:00:00-04:00,34.50888254975373,34.611751556396484,34.50888254975373,34.611751556396484,900,0.0,0.0
2022-06-06 00:00:00-04:00,34.60239791870117,34.761380196736205,34.4247112136906,34.60239791870117,10200,0.0,0.0
2022-06-07 00:00:00-04:00,34.55563455058128,34.602393828740894,34.46211242675781,34.46211242675781,2200,0.0,0.0
2022-06-08 00:00:00-04:00,34.46211242675781,34.46211242675781,34.46211242675781,34.46211242675781,1300,0.0,0.0
2022-06-09 00:00:00-04:00,34.602393159004315,34.602393159004315,34.1909065246582,34.1909065246582,5600,0.0,0.0
2022-06-10 00:00:00-04:00,34.40601070142681,34.40601070142681,34.1722106888879,34.3124885559082,7600,0.0,0.0
2022-06-13 00:00:00-04:00,34.3124885559082,34.3124885559082,34.3124885559082,34.3124885559082,0,0.0,0.0
2022-06-14 00:00:00-04:00,34.05998229980469,34.05998229980469,34.05998229980469,34.05998229980469,200,0.0,0.0
2022-06-15 00:00:00-04:00,34.04128143920228,34.05998229980469,34.04128143920228,34.05998229980469,300,0.0,0.0
2022-06-16 00:00:00-04:00,34.0693359375,34.0693359375,34.0693359375,34.0693359375,200,0.0,0.0
2022-06-17 00:00:00-04:00,34.0693359375,34.0693359375,34.0693359375,34.0693359375,0,0.0,0.0
2022-06-21 00:00:00-04:00,34.0693359375,34.0693359375,34.0693359375,34.0693359375,0,0.0,0.0
2022-06-22 00:00:00-04:00,34.43406654220358,34.46212140290579,33.807484203153194,34.153507232666016,8200,0.0,0.0
2022-06-23 00:00:00-04:00,34.153507232666016,34.153507232666016,34.153507232666016,34.153507232666016,1500,0.0,0.0
2022-06-24 00:00:00-04:00,33.95711426248067,33.95711426248067,33.816832831437736,33.9010009765625,13700,0.0,0.0
2022-06-27 00:00:00-04:00,34.01322501746108,34.01322501746108,33.66720199584961,33.66720199584961,8900,0.0,0.0
2022-06-28 00:00:00-04:00,33.676541589036006,35.21027218308256,33.66719116119297,33.8729362487793,31600,0.0,0.0
2022-06-29 00:00:00-04:00,34.60239791870117,34.60239791870117,34.60239791870117,34.60239791870117,100,0.0,0.0
2022-06-30 00:00:00-04:00,34.54627948243757,35.4908332824707,34.50887420157316,35.4908332824707,1200,0.0,0.0
2022-07-01 00:00:00-04:00,35.500186920166016,35.500186920166016,35.500186920166016,35.500186920166016,300,0.0,0.0
2022-07-05 00:00:00-04:00,35.4908332824707,35.4908332824707,35.4908332824707,35.4908332824707,300,0.0,0.0
2022-07-06 00:00:00-04:00,35.01388518080028,35.060648032754244,34.44341620251193,34.808143615722656,1800,0.0,0.0
2022-07-07 00:00:00-04:00,34.808143615722656,34.808143615722656,34.808143615722656,34.808143615722656,0,0.0,0.0
2022-07-08 00:00:00-04:00,34.808143615722656,34.808143615722656,34.808143615722656,34.808143615722656,0,0.0,0.0
2022-07-11 00:00:00-04:00,34.808143615722656,34.808143615722656,34.808143615722656,34.808143615722656,0,0.0,0.0
2022-07-12 00:00:00-04:00,34.808143615722656,34.808143615722656,34.808143615722656,34.808143615722656,0,0.0,0.0
2022-07-13 00:00:00-04:00,34.808143615722656,34.808143615722656,34.808143615722656,34.808143615722656,0,0.0,0.0
2022-07-14 00:00:00-04:00,35.58435733990018,35.58435733990018,35.313148498535156,35.313148498535156,500,0.0,0.0
2022-07-15 00:00:00-04:00,36.136124464034374,36.136124464034374,35.331851959228516,35.331851959228516,600,0.0,0.0
2022-07-18 00:00:00-04:00,35.331851959228516,35.331851959228516,35.331851959228516,35.331851959228516,0,0.0,0.0
2022-07-19 00:00:00-04:00,35.331851959228516,35.331851959228516,35.331851959228516,35.331851959228516,0,0.0,0.0
2022-07-20 00:00:00-04:00,35.74333953857422,35.74333953857422,35.74333953857422,35.74333953857422,1200,0.0,0.0
2022-07-21 00:00:00-04:00,35.74333953857422,35.74333953857422,35.74333953857422,35.74333953857422,400,0.0,0.0
2022-07-22 00:00:00-04:00,34.817495981384894,34.817495981384894,34.77073669433594,34.77073669433594,400,0.0,0.0
2022-07-25 00:00:00-04:00,35.0325927734375,35.0325927734375,35.0325927734375,35.0325927734375,200,0.0,0.0
2022-07-26 00:00:00-04:00,35.0325927734375,35.0325927734375,35.0325927734375,35.0325927734375,0,0.0,0.0
2022-07-27 00:00:00-04:00,35.303794860839844,35.303794860839844,35.303794860839844,35.303794860839844,500,0.0,0.0
2022-07-28 00:00:00-04:00,35.303794860839844,35.303794860839844,35.303794860839844,35.303794860839844,0,0.0,0.0
2022-07-29 00:00:00-04:00,35.303794860839844,35.303794860839844,35.303794860839844,35.303794860839844,0,0.0,0.0
2022-08-01 00:00:00-04:00,35.303794860839844,35.303794860839844,35.303794860839844,35.303794860839844,0,0.0,0.0
2022-08-02 00:00:00-04:00,35.1261100769043,35.1261100769043,35.1261100769043,35.1261100769043,300,0.0,0.0
2022-08-03 00:00:00-04:00,35.1261100769043,35.1261100769043,35.1261100769043,35.1261100769043,0,0.0,0.0
2022-08-04 00:00:00-04:00,35.59371566772461,35.59371566772461,35.59371566772461,35.59371566772461,400,0.0,0.0
2022-08-05 00:00:00-04:00,35.27574920654297,35.27574920654297,35.27574920654297,35.27574920654297,500,0.0,0.0
2022-08-08 00:00:00-04:00,35.482418060302734,35.482418060302734,35.482418060302734,35.482418060302734,100,0.17,0.0
2022-08-09 00:00:00-04:00,35.69847869873047,35.69847869873047,35.69847869873047,35.69847869873047,700,0.0,0.0
2022-08-10 00:00:00-04:00,35.69847869873047,35.69847869873047,35.69847869873047,35.69847869873047,100,0.0,0.0
2022-08-11 00:00:00-04:00,35.69847869873047,35.69847869873047,35.69847869873047,35.69847869873047,100,0.0,0.0
2022-08-12 00:00:00-04:00,35.69847869873047,35.69847869873047,35.69847869873047,35.69847869873047,100,0.0,0.0
2022-08-15 00:00:00-04:00,35.69847869873047,35.69847869873047,35.69847869873047,35.69847869873047,0,0.0,0.0
2022-08-16 00:00:00-04:00,35.867591857910156,35.867591857910156,35.867591857910156,35.867591857910156,300,0.0,0.0
2022-08-17 00:00:00-04:00,36.93854407842621,37.48341751098633,36.91036220558905,37.48341751098633,4000,0.0,0.0
2022-08-18 00:00:00-04:00,36.68489632753974,37.93434524536133,36.03668816924249,37.93434524536133,3500,0.0,0.0
2022-08-19 00:00:00-04:00,37.93434524536133,37.93434524536133,37.93434524536133,37.93434524536133,300,0.0,0.0
2022-08-22 00:00:00-04:00,36.66609654572115,36.985504150390625,36.66609654572115,36.985504150390625,1600,0.0,0.0
2022-08-23 00:00:00-04:00,38.0001017756366,38.09404373168945,37.95313079761017,38.09404373168945,3600,0.0,0.0
2022-08-24 00:00:00-04:00,38.09404373168945,38.09404373168945,38.09404373168945,38.09404373168945,300,0.0,0.0
2022-08-25 00:00:00-04:00,39.44682824382323,40.08563995361328,39.41864279193355,40.08563995361328,800,0.0,0.0
2022-08-26 00:00:00-04:00,39.738062028170546,41.926945218671435,39.738062028170546,40.696285247802734,3700,0.0,0.0
2022-08-29 00:00:00-04:00,40.395654787962464,42.02087488776507,40.395654787962464,40.86537170410156,10300,0.0,0.0
2022-08-30 00:00:00-04:00,41.93632789915116,42.0302734375,41.748440406109346,42.0302734375,3100,0.0,0.0
2022-08-31 00:00:00-04:00,40.50838851928711,40.50838851928711,40.50838851928711,40.50838851928711,900,0.0,0.0
2022-09-01 00:00:00-04:00,40.58354187011719,40.58354187011719,40.58354187011719,40.58354187011719,600,0.0,0.0
2022-09-02 00:00:00-04:00,38.554357393586415,40.874756044365974,38.554357393586415,39.88835144042969,500,0.0,0.0
2022-09-06 00:00:00-04:00,39.23075485229492,39.23075485229492,39.23075485229492,39.23075485229492,400,0.0,0.0
2022-09-07 00:00:00-04:00,39.17439327918707,39.17439327918707,38.55436706542969,38.55436706542969,600,0.0,0.0
2022-09-08 00:00:00-04:00,39.92594184030447,40.20777130126953,39.92594184030447,40.20777130126953,2300,0.0,0.0
2022-09-09 00:00:00-04:00,41.17538833618164,41.17538833618164,41.17538833618164,41.17538833618164,200,0.0,0.0
2022-09-12 00:00:00-04:00,40.85598059958346,40.85598059958346,39.70047378540039,39.70047378540039,500,0.0,0.0
2022-09-13 00:00:00-04:00,39.70047378540039,39.70047378540039,39.70047378540039,39.70047378540039,0,0.0,0.0
2022-09-14 00:00:00-04:00,38.357085386975896,39.93533094037414,38.357085386975896,39.06166076660156,2400,0.0,0.0
2022-09-15 00:00:00-04:00,39.06166076660156,39.06166076660156,39.06166076660156,39.06166076660156,0,0.0,0.0
2022-09-16 00:00:00-04:00,38.986510522128505,42.26513671875,38.986510522128505,42.26513671875,34000,0.0,0.0
2022-09-19 00:00:00-04:00,41.05325370648906,41.05325370648906,40.41443849913222,40.6774787902832,3100,0.0,0.0
2022-09-20 00:00:00-04:00,40.25473469646706,40.53656768798828,40.25473469646706,40.53656768798828,1500,0.0,0.0
2022-09-21 00:00:00-04:00,38.55436928062284,40.9029541015625,38.55436928062284,40.9029541015625,700,0.0,0.0
2022-09-22 00:00:00-04:00,40.771431385448004,40.771431385448004,39.45622253417969,39.45622253417969,2600,0.0,0.0
2022-09-23 00:00:00-04:00,40.142012800395946,40.395660400390625,37.96252629339294,40.395660400390625,1100,0.0,0.0
2022-09-26 00:00:00-04:00,39.40925216674805,39.40925216674805,37.29552592687825,39.40925216674805,2100,0.0,0.0
2022-09-27 00:00:00-04:00,39.40925216674805,39.40925216674805,39.40925216674805,39.40925216674805,0,0.0,0.0
2022-09-28 00:00:00-04:00,37.962519993183356,38.89256103881547,37.962519993183356,38.009490966796875,2300,0.0,0.0
2022-09-29 00:00:00-04:00,38.892565457870575,39.766239284241784,38.704677958412766,38.986507415771484,3400,0.0,0.0
2022-09-30 00:00:00-04:00,38.89256745281368,38.89256745281368,37.58675123561259,38.06586456298828,5000,0.0,0.0
2022-10-03 00:00:00-04:00,38.06586456298828,38.06586456298828,38.06586456298828,38.06586456298828,400,0.0,0.0
2022-10-04 00:00:00-04:00,38.82680371783711,38.82680371783711,37.9813117980957,37.9813117980957,1200,0.0,0.0
2022-10-05 00:00:00-04:00,37.64310962940604,38.00948821417638,37.64310962940604,37.793418884277344,600,0.0,0.0
2022-10-06 00:00:00-04:00,37.793418884277344,37.793418884277344,37.793418884277344,37.793418884277344,0,0.0,0.0
2022-10-07 00:00:00-04:00,38.056461334228516,38.056461334228516,38.056461334228516,38.056461334228516,300,0.0,0.0
2022-10-10 00:00:00-04:00,38.056461334228516,38.056461334228516,38.056461334228516,38.056461334228516,0,0.0,0.0
2022-10-11 00:00:00-04:00,38.51678831660321,38.82680321101357,37.82160568237305,37.82160568237305,1800,0.0,0.0
2022-10-12 00:00:00-04:00,37.82160568237305,37.82160568237305,37.82160568237305,37.82160568237305,100,0.0,0.0
2022-10-13 00:00:00-04:00,37.887364293659466,38.45102310180664,37.887364293659466,38.45102310180664,500,0.0,0.0
2022-10-14 00:00:00-04:00,38.45102310180664,38.45102310180664,38.45102310180664,38.45102310180664,0,0.0,0.0
2022-10-17 00:00:00-04:00,39.15560938396123,39.15560938396123,39.07106018066406,39.07106018066406,800,0.0,0.0
2022-10-18 00:00:00-04:00,40.00109609208219,41.05326102798592,38.094042890165404,38.55436706542969,5300,0.0,0.0
2022-10-19 00:00:00-04:00,38.09404373168945,38.09404373168945,38.09404373168945,38.09404373168945,400,0.0,0.0
2022-10-20 00:00:00-04:00,38.87377558482059,38.87377558482059,38.09404373168945,38.09404373168945,700,0.0,0.0
2022-10-21 00:00:00-04:00,38.09404373168945,38.09404373168945,38.09404373168945,38.09404373168945,0,0.0,0.0
2022-10-24 00:00:00-04:00,38.09404373168945,38.09404373168945,38.09404373168945,38.09404373168945,0,0.0,0.0
2022-10-25 00:00:00-04:00,39.550167083740234,39.550167083740234,39.550167083740234,39.550167083740234,200,0.0,0.0
2022-10-26 00:00:00-04:00,39.550167083740234,39.550167083740234,39.550167083740234,39.550167083740234,0,0.0,0.0
2022-10-27 00:00:00-04:00,40.066855794089285,40.066855794089285,38.04707154995058,38.516788482666016,3400,0.0,0.0
2022-10-28 00:00:00-04:00,38.516788482666016,38.516788482666016,38.516788482666016,38.516788482666016,0,0.0,0.0
2022-10-31 00:00:00-04:00,38.11283345128133,38.11283345128133,38.04707336425781,38.04707336425781,700,0.0,0.0
2022-11-01 00:00:00-04:00,38.04707336425781,38.04707336425781,38.04707336425781,38.04707336425781,400,0.0,0.0
2022-11-02 00:00:00-04:00,38.10343933105469,38.10343933105469,38.10343933105469,38.10343933105469,300,0.0,0.0
2022-11-03 00:00:00-04:00,38.10343933105469,38.10343933105469,38.10343933105469,38.10343933105469,0,0.0,0.0
2022-11-04 00:00:00-04:00,38.10343933105469,38.10343933105469,38.10343933105469,38.10343933105469,0,0.0,0.0
2022-11-07 00:00:00-05:00,37.73705832095371,37.73705832095371,37.57735627693161,37.680694580078125,5300,0.0,0.0
2022-11-08 00:00:00-05:00,37.61465385573275,37.61465385573275,37.5108757019043,37.5108757019043,1400,0.17,0.0
2022-11-09 00:00:00-05:00,37.303322993156875,37.73730109197633,37.27501757007945,37.5108757019043,1300,0.0,0.0
2022-11-10 00:00:00-05:00,38.20901870727539,38.20901870727539,38.20901870727539,38.20901870727539,1300,0.0,0.0
2022-11-11 00:00:00-05:00,38.20901870727539,38.20901870727539,38.20901870727539,38.20901870727539,0,0.0,0.0
2022-11-14 00:00:00-05:00,38.20901870727539,38.20901870727539,38.20901870727539,38.20901870727539,100,0.0,0.0
2022-11-15 00:00:00-05:00,37.84108352661133,37.84108352661133,37.84108352661133,37.84108352661133,300,0.0,0.0
2022-11-16 00:00:00-05:00,37.84108352661133,37.84108352661133,37.84108352661133,37.84108352661133,0,0.0,0.0
2022-11-17 00:00:00-05:00,37.84108352661133,37.84108352661133,37.84108352661133,37.84108352661133,0,0.0,0.0
2022-11-18 00:00:00-05:00,37.84108352661133,37.84108352661133,37.84108352661133,37.84108352661133,100,0.0,0.0
2022-11-21 00:00:00-05:00,37.84108352661133,37.84108352661133,37.84108352661133,37.84108352661133,500,0.0,0.0
2022-11-22 00:00:00-05:00,37.73730479478471,38.49205017089844,37.73730479478471,38.49205017089844,2600,0.0,0.0
2022-11-23 00:00:00-05:00,38.49205017089844,38.49205017089844,38.49205017089844,38.49205017089844,100,0.0,0.0
2022-11-25 00:00:00-05:00,38.49205017089844,38.49205017089844,38.49205017089844,38.49205017089844,0,0.0,0.0
2022-11-28 00:00:00-05:00,38.49205017089844,38.49205017089844,38.49205017089844,38.49205017089844,0,0.0,0.0
2022-11-29 00:00:00-05:00,37.048594780831415,37.992027282714844,37.048594780831415,37.992027282714844,600,0.0,0.0
2022-11-30 00:00:00-05:00,37.58635484803953,37.68069666827503,37.31275853088291,37.50144577026367,4300,0.0,0.0
2022-12-01 00:00:00-05:00,37.973153446958634,37.973153446958634,37.26557915912711,37.62408447265625,1200,0.0,0.0
2022-12-02 00:00:00-05:00,37.62408447265625,37.62408447265625,37.62408447265625,37.62408447265625,0,0.0,0.0
2022-12-05 00:00:00-05:00,37.62408447265625,37.62408447265625,37.62408447265625,37.62408447265625,0,0.0,0.0
2022-12-06 00:00:00-05:00,37.62408447265625,37.62408447265625,37.62408447265625,37.62408447265625,200,0.0,0.0
2022-12-07 00:00:00-05:00,37.62408447265625,37.62408447265625,37.62408447265625,37.62408447265625,0,0.0,0.0
2022-12-08 00:00:00-05:00,37.029721007622804,37.13349914550781,37.029721007622804,37.13349914550781,600,0.0,0.0
2022-12-09 00:00:00-05:00,37.12406539916992,37.12406539916992,37.12406539916992,37.12406539916992,700,0.0,0.0
2022-12-12 00:00:00-05:00,37.12406539916992,37.12406539916992,37.12406539916992,37.12406539916992,0,0.0,0.0
2022-12-13 00:00:00-05:00,37.12406539916992,37.12406539916992,37.12406539916992,37.12406539916992,0,0.0,0.0
2022-12-14 00:00:00-05:00,36.87877215464804,36.963681213440985,36.87877215464804,36.907073974609375,1000,0.0,0.0
2022-12-15 00:00:00-05:00,36.907073974609375,36.907073974609375,36.907073974609375,36.907073974609375,200,0.0,0.0
2022-12-16 00:00:00-05:00,37.72787281380216,37.72787281380216,36.92595291137695,36.92595291137695,1100,0.0,0.0
2022-12-19 00:00:00-05:00,36.92595291137695,36.92595291137695,36.92595291137695,36.92595291137695,0,0.0,0.0
2022-12-20 00:00:00-05:00,36.92595291137695,36.92595291137695,36.92595291137695,36.92595291137695,0,0.0,0.0
2022-12-21 00:00:00-05:00,36.954246520996094,36.954246520996094,36.954246520996094,36.954246520996094,400,0.0,0.0
2022-12-22 00:00:00-05:00,37.1712412296955,37.26558303833008,37.1712412296955,37.26558303833008,700,0.0,0.0
2022-12-23 00:00:00-05:00,37.26558303833008,37.26558303833008,37.26558303833008,37.26558303833008,0,0.0,0.0
2022-12-27 00:00:00-05:00,37.26558303833008,37.26558303833008,37.26558303833008,37.26558303833008,0,0.0,0.0
2022-12-28 00:00:00-05:00,37.04859161376953,37.04859161376953,37.04859161376953,37.04859161376953,200,0.0,0.0
2022-12-29 00:00:00-05:00,37.04859161376953,37.04859161376953,37.04859161376953,37.04859161376953,0,0.0,0.0
2022-12-30 00:00:00-05:00,37.04859161376953,37.04859161376953,37.04859161376953,37.04859161376953,200,0.0,0.0
2023-01-03 00:00:00-05:00,37.04859161376953,37.04859161376953,37.04859161376953,37.04859161376953,0,0.0,0.0
2023-01-04 00:00:00-05:00,37.114634514919594,37.171241760253906,37.114634514919594,37.171241760253906,800,0.0,0.0
2023-01-05 00:00:00-05:00,37.171241760253906,37.171241760253906,37.171241760253906,37.171241760253906,0,0.0,0.0
2023-01-06 00:00:00-05:00,37.61464983497208,37.73729705810547,37.61464983497208,37.73729705810547,600,0.0,0.0
2023-01-09 00:00:00-05:00,38.19014862018946,38.1995849609375,38.19014862018946,38.1995849609375,500,0.0,0.0
2023-01-10 00:00:00-05:00,38.1995849609375,38.1995849609375,38.1995849609375,38.1995849609375,0,0.0,0.0
2023-01-11 00:00:00-05:00,37.42595672607422,37.42595672607422,37.42595672607422,37.42595672607422,200,0.0,0.0
2023-01-12 00:00:00-05:00,37.42595672607422,37.42595672607422,37.42595672607422,37.42595672607422,0,0.0,0.0
2023-01-13 00:00:00-05:00,37.41652398681768,37.42595672607422,37.41652398681768,37.42595672607422,1500,0.0,0.0
2023-01-17 00:00:00-05:00,37.42595672607422,37.42595672607422,37.42595672607422,37.42595672607422,0,0.0,0.0
2023-01-18 00:00:00-05:00,37.42595672607422,37.42595672607422,37.42595672607422,37.42595672607422,0,0.0,0.0
2023-01-19 00:00:00-05:00,37.925987243652344,37.925987243652344,37.925987243652344,37.925987243652344,200,0.0,0.0
2023-01-20 00:00:00-05:00,37.925987243652344,37.925987243652344,37.925987243652344,37.925987243652344,0,0.0,0.0
2023-01-23 00:00:00-05:00,38.63356018066406,38.63356018066406,38.63356018066406,38.63356018066406,400,0.0,0.0
2023-01-24 00:00:00-05:00,38.63356018066406,38.63356018066406,38.63356018066406,38.63356018066406,0,0.0,0.0
2023-01-25 00:00:00-05:00,38.63356018066406,38.63356018066406,38.63356018066406,38.63356018066406,0,0.0,0.0
2023-01-26 00:00:00-05:00,38.20901870727539,38.20901870727539,38.20901870727539,38.20901870727539,200,0.0,0.0
2023-01-27 00:00:00-05:00,37.85995101928711,37.85995101928711,37.85995101928711,37.85995101928711,400,0.0,0.0
2023-01-30 00:00:00-05:00,37.85995101928711,37.85995101928711,37.85995101928711,37.85995101928711,100,0.0,0.0
2023-01-31 00:00:00-05:00,37.312750420846235,37.59577941894531,37.312750420846235,37.59577941894531,500,0.0,0.0
2023-02-01 00:00:00-05:00,37.54861068725586,37.54861068725586,37.54861068725586,37.54861068725586,200,0.0,0.0
2023-02-02 00:00:00-05:00,37.54861068725586,37.54861068725586,37.54861068725586,37.54861068725586,0,0.0,0.0
2023-02-03 00:00:00-05:00,37.4448356628418,37.4448356628418,37.4448356628418,37.4448356628418,200,0.0,0.0
2023-02-06 00:00:00-05:00,37.680694580078125,37.680694580078125,37.680694580078125,37.680694580078125,100,0.0,0.0
2023-02-07 00:00:00-05:00,37.680694580078125,37.680694580078125,37.680694580078125,37.680694580078125,0,0.0,0.0
2023-02-08 00:00:00-05:00,37.84176254272461,37.84176254272461,37.84176254272461,37.84176254272461,0,0.17,0.0
2023-02-09 00:00:00-05:00,37.84176254272461,37.84176254272461,37.84176254272461,37.84176254272461,0,0.0,0.0
2023-02-10 00:00:00-05:00,37.84176254272461,37.84176254272461,37.84176254272461,37.84176254272461,0,0.0,0.0
2023-02-13 00:00:00-05:00,37.84176254272461,37.84176254272461,37.84176254272461,37.84176254272461,0,0.0,0.0
2023-02-14 00:00:00-05:00,38.36287572166852,38.37234878540039,38.36287572166852,38.37234878540039,200,0.0,0.0
2023-02-15 00:00:00-05:00,37.48173168976763,37.945987701416016,37.48173168976763,37.945987701416016,800,0.0,0.0
2023-02-16 00:00:00-05:00,38.36287572166852,38.37234878540039,38.36287572166852,38.37234878540039,1000,0.0,0.0
2023-02-17 00:00:00-05:00,37.75648328285801,38.04072570800781,37.75648328285801,38.04072570800781,300,0.0,0.0
2023-02-21 00:00:00-05:00,38.04072570800781,38.04072570800781,38.04072570800781,38.04072570800781,0,0.0,0.0
2023-02-22 00:00:00-05:00,38.04072570800781,38.04072570800781,38.04072570800781,38.04072570800781,0,0.0,0.0
2023-02-23 00:00:00-05:00,38.04072570800781,38.04072570800781,38.04072570800781,38.04072570800781,0,0.0,0.0
2023-02-24 00:00:00-05:00,37.642798872759364,37.88914189398711,37.576476585727335,37.614376068115234,2100,0.0,0.0
2023-02-27 00:00:00-05:00,37.59542178413335,37.95545959472656,37.59542178413335,37.95545959472656,300,0.0,0.0
2023-02-28 00:00:00-05:00,37.95545959472656,37.95545959472656,37.95545959472656,37.95545959472656,300,0.0,0.0
2023-03-01 00:00:00-05:00,37.7375373840332,37.7375373840332,37.7375373840332,37.7375373840332,300,0.0,0.0
2023-03-02 00:00:00-05:00,37.7375373840332,37.7375373840332,37.7375373840332,37.7375373840332,0,0.0,0.0
2023-03-03 00:00:00-05:00,37.51015090942383,37.51015090942383,37.51015090942383,37.51015090942383,500,0.0,0.0
2023-03-06 00:00:00-05:00,37.51015090942383,37.51015090942383,37.51015090942383,37.51015090942383,100,0.0,0.0
2023-03-07 00:00:00-05:00,37.51015090942383,37.51015090942383,37.51015090942383,37.51015090942383,100,0.0,0.0
2023-03-08 00:00:00-05:00,37.51015090942383,37.51015090942383,37.51015090942383,37.51015090942383,100,0.0,0.0
2023-03-09 00:00:00-05:00,37.472251892089844,37.472251892089844,37.472251892089844,37.472251892089844,1300,0.0,0.0
2023-03-10 00:00:00-05:00,37.472251892089844,37.472251892089844,37.472251892089844,37.472251892089844,0,0.0,0.0
2023-03-13 00:00:00-04:00,35.11306497438703,35.80471420288086,35.05621575579962,35.80471420288086,4400,0.0,0.0
2023-03-14 00:00:00-04:00,36.951150033988206,36.951150033988206,36.24055099487305,36.24055099487305,2400,0.0,0.0
2023-03-15 00:00:00-04:00,35.302558511827336,36.13632905925258,35.302558511827336,35.47310256958008,800,0.0,0.0
2023-03-16 00:00:00-04:00,35.226763160767,35.47310256958008,35.226763160767,35.47310256958008,1700,0.0,0.0
2023-03-17 00:00:00-04:00,36.5532112121582,36.5532112121582,36.5532112121582,36.5532112121582,1100,0.0,0.0
2023-03-20 00:00:00-04:00,36.44898986816406,36.44898986816406,36.44898986816406,36.44898986816406,900,0.0,0.0
2023-03-21 00:00:00-04:00,35.0562147732997,36.47741266951455,35.0562147732997,36.44898986816406,1000,0.0,0.0
2023-03-22 00:00:00-04:00,36.44898986816406,36.44898986816406,36.44898986816406,36.44898986816406,100,0.0,0.0
2023-03-23 00:00:00-04:00,35.056217193603516,35.056217193603516,35.056217193603516,35.056217193603516,1200,0.0,0.0
2023-03-24 00:00:00-04:00,35.283604828481316,36.47740936279297,35.283604828481316,36.47740936279297,600,0.0,0.0
2023-03-27 00:00:00-04:00,35.065687504492104,36.25001907348633,35.065687504492104,36.25001907348633,1300,0.0,0.0
2023-03-28 00:00:00-04:00,35.54889424210082,35.54889424210082,35.056211911254536,35.30255126953125,3700,0.0,0.0
2023-03-29 00:00:00-04:00,35.321510314941406,35.321510314941406,35.321510314941406,35.321510314941406,200,0.0,0.0
2023-03-30 00:00:00-04:00,35.321510314941406,35.321510314941406,35.321510314941406,35.321510314941406,0,0.0,0.0
2023-03-31 00:00:00-04:00,35.0656852722168,35.0656852722168,35.0656852722168,35.0656852722168,400,0.0,0.0
2023-04-03 00:00:00-04:00,35.0656852722168,35.0656852722168,35.0656852722168,35.0656852722168,0,0.0,0.0
2023-04-04 00:00:00-04:00,35.056217193603516,35.056217193603516,35.056217193603516,35.056217193603516,1000,0.0,0.0
2023-04-05 00:00:00-04:00,35.169912021148185,35.728916710158465,35.056217193603516,35.056217193603516,3700,0.0,0.0
2023-04-06 00:00:00-04:00,34.68670369685416,34.68670369685416,34.64880421907847,34.67722702026367,700,0.0,0.0
2023-04-10 00:00:00-04:00,34.79092025756836,34.79092025756836,34.79092025756836,34.79092025756836,1500,0.0,0.0
2023-04-11 00:00:00-04:00,34.79092025756836,34.79092025756836,34.79092025756836,34.79092025756836,0,0.0,0.0
2023-04-12 00:00:00-04:00,34.79092025756836,34.79092025756836,34.79092025756836,34.79092025756836,100,0.0,0.0
2023-04-13 00:00:00-04:00,34.6961775311218,35.908935546875,34.629855250685274,35.908935546875,1100,0.0,0.0
2023-04-14 00:00:00-04:00,35.908935546875,35.908935546875,35.908935546875,35.908935546875,0,0.0,0.0
2023-04-17 00:00:00-04:00,35.908935546875,35.908935546875,35.908935546875,35.908935546875,0,0.0,0.0
2023-04-18 00:00:00-04:00,35.056217193603516,35.056217193603516,35.056217193603516,35.056217193603516,200,0.0,0.0
2023-04-19 00:00:00-04:00,35.056217193603516,35.056217193603516,35.056217193603516,35.056217193603516,0,0.0,0.0
2023-04-20 00:00:00-04:00,35.056217193603516,35.056217193603516,35.056217193603516,35.056217193603516,0,0.0,0.0
2023-04-21 00:00:00-04:00,35.056217193603516,35.056217193603516,35.056217193603516,35.056217193603516,300,0.0,0.0
2023-04-24 00:00:00-04:00,34.847770182064224,34.847770182064224,34.8193473815918,34.8193473815918,2200,0.0,0.0
2023-04-25 00:00:00-04:00,34.8193473815918,34.8193473815918,34.8193473815918,34.8193473815918,0,0.0,0.0
2023-04-26 00:00:00-04:00,35.88050842285156,35.88050842285156,35.88050842285156,35.88050842285156,200,0.0,0.0
2023-04-27 00:00:00-04:00,35.3404541015625,35.3404541015625,35.3404541015625,35.3404541015625,100,0.0,0.0
2023-04-28 00:00:00-04:00,35.3404541015625,35.3404541015625,35.3404541015625,35.3404541015625,200,0.0,0.0
2023-05-01 00:00:00-04:00,35.3404541015625,35.3404541015625,35.3404541015625,35.3404541015625,300,0.0,0.0
2023-05-02 00:00:00-04:00,34.82882049293362,34.88566970825195,34.819347430860425,34.88566970825195,3800,0.0,0.0
2023-05-03 00:00:00-04:00,34.34561538696289,34.34561538696289,34.34561538696289,34.34561538696289,300,0.0,0.0
2023-05-04 00:00:00-04:00,34.34561688230817,34.34561688230817,34.09927749633789,34.09927749633789,3900,0.0,0.0
2023-05-05 00:00:00-04:00,34.13717219089934,34.13717219089934,34.10874938964844,34.10874938964844,2400,0.0,0.0
2023-05-08 00:00:00-04:00,34.1087505589819,34.1087505589819,34.09927749633789,34.09927749633789,2900,0.0,0.0
2023-05-09 00:00:00-04:00,33.95640166112448,33.95640166112448,33.81352615356445,33.81352615356445,3100,0.19,0.0
2023-05-10 00:00:00-04:00,33.81352615356445,33.81352615356445,33.81352615356445,33.81352615356445,0,0.0,0.0
2023-05-11 00:00:00-04:00,33.34680013215789,35.11843885174435,33.34680013215789,33.90877151489258,900,0.0,0.0
2023-05-12 00:00:00-04:00,34.24214548873369,34.91841506958008,34.24214548873369,34.91841506958008,1300,0.0,0.0
2023-05-15 00:00:00-04:00,34.91841506958008,34.91841506958008,34.91841506958008,34.91841506958008,0,0.0,0.0
2023-05-16 00:00:00-04:00,34.89937255290288,34.89937255290288,34.38502502441406,34.38502502441406,700,0.0,0.0
2023-05-17 00:00:00-04:00,34.88984298706055,34.88984298706055,34.88984298706055,34.88984298706055,500,0.0,0.0
2023-05-18 00:00:00-04:00,33.57540074888035,34.88984298706055,33.57540074888035,34.88984298706055,400,0.0,0.0
2023-05-19 00:00:00-04:00,34.88984298706055,34.88984298706055,34.88984298706055,34.88984298706055,100,0.0,0.0
2023-05-22 00:00:00-04:00,34.766025446325976,34.766025446325976,34.21357727050781,34.21357727050781,400,0.0,0.0
2023-05-23 00:00:00-04:00,34.365970518481916,35.718509674072266,34.365970518481916,35.718509674072266,6400,0.0,0.0
2023-05-24 00:00:00-04:00,35.623268127441406,35.623268127441406,35.623268127441406,35.623268127441406,28400,0.0,0.0
2023-05-25 00:00:00-04:00,36.09951440063186,36.11856107807981,35.6137405557777,35.7280387878418,5400,0.0,0.0
2023-05-26 00:00:00-04:00,35.737560851892084,36.29953222978349,35.72803388100125,35.77566146850586,1200,0.0,0.0
2023-05-30 00:00:00-04:00,35.77566146850586,35.77566146850586,35.77566146850586,35.77566146850586,100,0.0,0.0
2023-05-31 00:00:00-04:00,35.1184435561939,35.68041501421001,33.899252718521794,34.499324798583984,1700,0.0,0.0
2023-06-01 00:00:00-04:00,34.56599172263068,34.9279366547028,34.56599172263068,34.66123962402344,1300,0.0,0.0
2023-06-02 00:00:00-04:00,34.66123962402344,34.66123962402344,34.66123962402344,34.66123962402344,0,0.0,0.0
2023-06-05 00:00:00-04:00,34.66123962402344,34.66123962402344,34.66123962402344,34.66123962402344,800,0.0,0.0
2023-06-06 00:00:00-04:00,34.184999412796465,34.184999412796465,34.17547607421875,34.17547607421875,1000,0.0,0.0
2023-06-07 00:00:00-04:00,34.27072095286999,35.137490025537865,33.87067536555016,34.90889358520508,1800,0.0,0.0
2023-06-08 00:00:00-04:00,34.70886993408203,34.70886993408203,34.70886993408203,34.70886993408203,700,0.0,0.0
2023-06-09 00:00:00-04:00,34.28977232230654,34.30882263183594,34.28977232230654,34.30882263183594,1000,0.0,0.0
2023-06-12 00:00:00-04:00,35.223215391924896,35.223215391924896,34.289772033691406,34.289772033691406,1400,0.0,0.0
2023-06-13 00:00:00-04:00,34.28976359253342,36.1471265138238,33.96591567993164,33.96591567993164,2100,0.0,0.0
2023-06-14 00:00:00-04:00,34.3373966397163,35.242266367745316,33.38490295410156,33.38490295410156,19000,0.0,0.0
2023-06-15 00:00:00-04:00,33.81352380146204,34.38501852499822,32.96580505371094,32.96580505371094,22100,0.0,0.0
2023-06-16 00:00:00-04:00,33.09914762344705,33.337270987644516,31.689457743414987,32.0133056640625,28200,0.0,0.0
2023-06-20 00:00:00-04:00,32.022829585362956,33.14677217560152,32.01330624934958,32.05140686035156,19600,0.0,0.0
2023-06-21 00:00:00-04:00,32.1085661261533,32.79436284622815,31.813295364379883,31.813295364379883,20700,0.0,0.0
2023-06-22 00:00:00-04:00,32.14666312206975,32.53718540280625,31.96569062291509,32.37526321411133,12000,0.0,0.0
2023-06-23 00:00:00-04:00,32.56575159765863,33.33727264404297,32.432403088438356,33.33727264404297,4000,0.0,0.0
2023-06-26 00:00:00-04:00,33.403953574265806,34.76601984803106,33.403953574265806,33.81352615356445,4500,0.0,0.0
2023-06-27 00:00:00-04:00,36.185237952933825,36.19476129138669,33.74685272630513,34.0135498046875,6800,0.0,0.0
2023-06-28 00:00:00-04:00,33.813524589283894,33.908772500934155,33.813524589283894,33.842098236083984,1300,0.0,0.0
2023-06-29 00:00:00-04:00,33.842098236083984,33.842098236083984,33.842098236083984,33.842098236083984,0,0.0,0.0
2023-06-30 00:00:00-04:00,33.81352615356445,33.81352615356445,33.81352615356445,33.81352615356445,200,0.0,0.0
2023-07-03 00:00:00-04:00,33.746849060058594,33.746849060058594,33.746849060058594,33.746849060058594,600,0.0,0.0
2023-07-05 00:00:00-04:00,34.289772033691406,34.289772033691406,34.289772033691406,34.289772033691406,800,0.0,0.0
2023-07-06 00:00:00-04:00,33.81352979771229,34.08022689819336,33.0991594498733,34.08022689819336,600,0.0,0.0
2023-07-07 00:00:00-04:00,33.765902464708404,33.97544860839844,33.1277297949214,33.97544860839844,800,0.0,0.0
2023-07-10 00:00:00-04:00,33.35632935661702,34.20404815673828,33.35632935661702,34.20404815673828,1100,0.0,0.0
2023-07-11 00:00:00-04:00,34.05164337158203,34.05164337158203,34.05164337158203,34.05164337158203,300,0.0,0.0
2023-07-12 00:00:00-04:00,34.05164337158203,34.05164337158203,34.05164337158203,34.05164337158203,200,0.0,0.0
2023-07-13 00:00:00-04:00,34.05164337158203,34.05164337158203,34.05164337158203,34.05164337158203,0,0.0,0.0
2023-07-14 00:00:00-04:00,34.05164337158203,34.05164337158203,34.05164337158203,34.05164337158203,100,0.0,0.0
2023-07-17 00:00:00-04:00,34.05164337158203,34.05164337158203,34.05164337158203,34.05164337158203,0,0.0,0.0
2023-07-18 00:00:00-04:00,33.58492523979934,34.16594696044922,33.5754019018186,34.16594696044922,700,0.0,0.0
2023-07-19 00:00:00-04:00,34.05165128825748,34.070701599121094,34.05165128825748,34.070701599121094,800,0.0,0.0
2023-07-20 00:00:00-04:00,34.05164861679077,34.385019947061664,34.05164861679077,34.289772033691406,4900,0.0,0.0
2023-07-21 00:00:00-04:00,34.48026853408933,34.48026853408933,34.346920013427734,34.346920013427734,800,0.0,0.0
2023-07-24 00:00:00-04:00,34.35644507125972,34.75649428675519,34.28977080758962,34.74696731567383,3100,0.0,0.0
2023-07-25 00:00:00-04:00,34.28977001117904,34.95651626586914,34.28977001117904,34.95651626586914,3600,0.0,0.0
2023-07-26 00:00:00-04:00,34.527893986099926,35.004140799701304,34.527893986099926,34.9946174621582,1500,0.0,0.0
2023-07-27 00:00:00-04:00,34.53742064643256,35.24226759710371,34.53742064643256,34.83269500732422,9600,0.0,0.0
2023-07-28 00:00:00-04:00,34.5278973192782,35.24226760864258,34.5278973192782,35.24226760864258,4100,0.0,0.0
2023-07-31 00:00:00-04:00,34.83269501872899,35.24226760864258,34.83269501872899,35.24226760864258,800,0.0,0.0
2023-08-01 00:00:00-04:00,34.9088902532143,35.35655975341797,34.9088902532143,35.35655975341797,9600,0.0,0.0
2023-08-02 00:00:00-04:00,34.91842154086032,35.40419176591625,34.91842154086032,35.251792907714844,1200,0.0,0.0
2023-08-03 00:00:00-04:00,34.98508813603728,35.432761273398356,34.98508813603728,35.3756103515625,3900,0.0,0.0
2023-08-04 00:00:00-04:00,35.108919206702744,35.52801513671875,34.9660436948807,35.52801513671875,4900,0.0,0.0
2023-08-07 00:00:00-04:00,35.19463719874643,36.19475469385543,35.19463719874643,35.461334228515625,6200,0.0,0.0
2023-08-08 00:00:00-04:00,35.24114213797716,36.47615896742279,35.24114213797716,35.45176315307617,5700,0.19,0.0
2023-08-09 00:00:00-04:00,35.42305258121888,35.74856185913086,35.42305258121888,35.74856185913086,1400,0.0,0.0
2023-08-10 00:00:00-04:00,35.423041986180166,35.844287657201086,35.423041986180166,35.46133804321289,1000,0.0,0.0
2023-08-11 00:00:00-04:00,35.45176350395592,35.84428897266424,35.44219131540295,35.72940444946289,1300,0.0,0.0
2023-08-14 00:00:00-04:00,36.026187896728516,36.026187896728516,36.026187896728516,36.026187896728516,500,0.0,0.0
2023-08-15 00:00:00-04:00,35.949595762658824,36.10277632067267,35.66238267289693,35.920875549316406,2500,0.0,0.0
2023-08-16 00:00:00-04:00,35.44219541506027,35.92088524456874,35.44219541506027,35.901737213134766,2100,0.0,0.0
2023-08-17 00:00:00-04:00,35.528358459472656,35.528358459472656,35.528358459472656,35.528358459472656,600,0.0,0.0
2023-08-18 00:00:00-04:00,35.93045225411326,36.370849609375,35.65281496863181,36.370849609375,1200,0.0,0.0
2023-08-21 00:00:00-04:00,36.370849609375,36.370849609375,36.370849609375,36.370849609375,500,0.0,0.0
2023-08-22 00:00:00-04:00,36.0453446642485,36.0453446642485,35.805999755859375,35.805999755859375,700,0.0,0.0
2023-08-23 00:00:00-04:00,35.805999755859375,35.805999755859375,35.805999755859375,35.805999755859375,300,0.0,0.0
2023-08-24 00:00:00-04:00,35.81557559101598,36.217676977139554,35.81557559101598,35.911312103271484,2500,0.0,0.0
2023-08-25 00:00:00-04:00,35.95917510986328,35.95917510986328,35.911303213472316,35.95917510986328,900,0.0,0.0
2023-08-28 00:00:00-04:00,35.959177811270465,36.074062336590934,35.959177811270465,35.96875,1600,0.0,0.0
2023-08-29 00:00:00-04:00,35.96875,35.96875,35.96875,35.96875,200,0.0,0.0
2023-08-30 00:00:00-04:00,35.96875,35.96875,35.96875,35.96875,100,0.0,0.0
2023-08-31 00:00:00-04:00,35.96875,36.08363452532047,35.96875,35.96875,1600,0.0,0.0
2023-09-01 00:00:00-04:00,35.97833251953125,35.97833251953125,35.97833251953125,35.97833251953125,500,0.0,0.0
2023-09-05 00:00:00-04:00,35.96874682524877,36.026190908895366,35.96874682524877,35.997467041015625,2300,0.0,0.0
2023-09-06 00:00:00-04:00,35.76770496000713,36.303835236422486,35.758129118149085,36.284690856933594,1200,0.0,0.0
2023-09-07 00:00:00-04:00,36.19852828979492,36.19852828979492,36.19852828979492,36.19852828979492,400,0.0,0.0
2023-09-08 00:00:00-04:00,35.81556701660156,35.81556701660156,35.81556701660156,35.81556701660156,200,0.0,0.0
2023-09-11 00:00:00-04:00,35.671958923339844,35.671958923339844,35.671958923339844,35.671958923339844,200,0.0,0.0
2023-09-12 00:00:00-04:00,35.7198371887207,35.7198371887207,35.7198371887207,35.7198371887207,200,0.0,0.0
2023-09-13 00:00:00-04:00,36.380432380711284,36.380432380711284,35.719841633822604,35.74856185913086,700,0.0,0.0
2023-09-14 00:00:00-04:00,35.71983271358836,35.79642117932215,35.42304373510109,35.48048782348633,11000,0.0,0.0
2023-09-15 00:00:00-04:00,35.42304341051039,35.68153632770553,35.2411426104604,35.41347122192383,5700,0.0,0.0
2023-09-18 00:00:00-04:00,35.26986456409925,35.327308654785156,34.94435535443912,35.327308654785156,4300,0.0,0.0
2023-09-19 00:00:00-04:00,35.08796230404965,35.49005996588241,35.05923843383789,35.05923843383789,700,0.0,0.0
2023-09-20 00:00:00-04:00,35.18369674682617,35.23156499156933,35.18369674682617,35.18369674682617,1200,0.0,0.0
2023-09-21 00:00:00-04:00,35.71982713558786,35.71982713558786,35.566646575927734,35.566646575927734,400,0.0,0.0
2023-09-22 00:00:00-04:00,35.43261689049296,35.68153762817383,35.43261689049296,35.68153762817383,600,0.0,0.0
2023-09-25 00:00:00-04:00,35.68153762817383,35.68153762817383,35.68153762817383,35.68153762817383,0,0.0,0.0
2023-09-26 00:00:00-04:00,35.36559753769535,35.36559753769535,35.18369674682617,35.18369674682617,1700,0.0,0.0
2023-09-27 00:00:00-04:00,35.24114083178574,35.24114083178574,35.18369674682617,35.18369674682617,2200,0.0,0.0
2023-09-28 00:00:00-04:00,35.490055084228516,35.490055084228516,35.490055084228516,35.490055084228516,400,0.0,0.0
2023-09-29 00:00:00-04:00,35.18370057403092,35.394325256347656,35.18370057403092,35.394325256347656,700,0.0,0.0
2023-10-02 00:00:00-04:00,35.18369674682617,35.18369674682617,35.18369674682617,35.18369674682617,300,0.0,0.0
2023-10-03 00:00:00-04:00,35.18369674682617,35.18369674682617,35.18369674682617,35.18369674682617,800,0.0,0.0
2023-10-04 00:00:00-04:00,35.327308654785156,35.327308654785156,35.327308654785156,35.327308654785156,500,0.0,0.0
2023-10-05 00:00:00-04:00,35.18369674682617,35.18369674682617,35.18369674682617,35.18369674682617,700,0.0,0.0
2023-10-06 00:00:00-04:00,35.18370593124784,35.5187873840332,35.18370593124784,35.5187873840332,2600,0.0,0.0
2023-10-09 00:00:00-04:00,35.57622528076172,35.57622528076172,35.57622528076172,35.57622528076172,200,0.0,0.0
2023-10-10 00:00:00-04:00,35.57622528076172,35.57622528076172,35.57622528076172,35.57622528076172,0,0.0,0.0
2023-10-11 00:00:00-04:00,35.20284366217929,35.3943202872112,35.193267822265625,35.193267822265625,700,0.0,0.0
2023-10-12 00:00:00-04:00,35.18369674682617,35.18369674682617,35.18369674682617,35.18369674682617,2400,0.0,0.0
2023-10-13 00:00:00-04:00,35.24114227294922,35.24114227294922,35.24114227294922,35.24114227294922,100,0.0,0.0
2023-10-16 00:00:00-04:00,35.10710906982422,35.10710906982422,35.10710906982422,35.10710906982422,900,0.0,0.0
2023-10-17 00:00:00-04:00,35.23157168273966,35.23157168273966,34.9826545715332,34.9826545715332,3800,0.0,0.0
2023-10-18 00:00:00-04:00,35.356028534890925,35.356028534890925,35.04966735839844,35.04966735839844,1700,0.0,0.0
2023-10-19 00:00:00-04:00,35.18369674682617,35.18369674682617,35.18369674682617,35.18369674682617,200,0.0,0.0
2023-10-20 00:00:00-04:00,35.18369674682617,35.18369674682617,35.18369674682617,35.18369674682617,0,0.0,0.0
2023-10-23 00:00:00-04:00,35.18369674682617,35.18369674682617,35.18369674682617,35.18369674682617,0,0.0,0.0
2023-10-24 00:00:00-04:00,35.18369674682617,35.18369674682617,35.18369674682617,35.18369674682617,0,0.0,0.0
2023-10-25 00:00:00-04:00,34.96350304102677,34.96350304102677,34.94435501098633,34.94435501098633,3100,0.0,0.0
2023-10-26 00:00:00-04:00,34.94435501098633,34.94435501098633,34.94435501098633,34.94435501098633,0,0.0,0.0
2023-10-27 00:00:00-04:00,34.59012193986894,35.11667992808744,32.282837518817054,33.8912353515625,9700,0.0,0.0
2023-10-30 00:00:00-04:00,34.00612258911133,34.00612258911133,34.00612258911133,34.00612258911133,1000,0.0,0.0
2023-10-31 00:00:00-04:00,34.27418856802421,35.423044805657376,34.22632031897976,34.94435501098633,3900,0.0,0.0
2023-11-01 00:00:00-04:00,35.04009246826172,35.04009246826172,35.04009246826172,35.04009246826172,200,0.0,0.0
2023-11-02 00:00:00-04:00,35.04009246826172,35.04009246826172,35.04009246826172,35.04009246826172,0,0.0,0.0
2023-11-03 00:00:00-04:00,35.42304259438348,35.5570751441863,34.475235253171576,35.27943420410156,10400,0.0,0.0
2023-11-06 00:00:00-05:00,35.46133767929464,35.46133767929464,35.135828502083015,35.18369674682617,1100,0.0,0.0
2023-11-07 00:00:00-05:00,34.90461730957031,34.90461730957031,34.90461730957031,34.90461730957031,1300,0.19,0.0
2023-11-08 00:00:00-05:00,34.673652276517124,34.69289981860328,34.40419402949748,34.43306350708008,6600,0.0,0.0
2023-11-09 00:00:00-05:00,34.43306350708008,34.43306350708008,34.43306350708008,34.43306350708008,0,0.0,0.0
2023-11-10 00:00:00-05:00,35.337677001953125,35.337677001953125,35.337677001953125,35.337677001953125,200,0.0,0.0
2023-11-13 00:00:00-05:00,34.471558591252396,34.471558591252396,34.43306350708008,34.43306350708008,800,0.0,0.0
2023-11-14 00:00:00-05:00,35.18369944770151,35.24143839709609,35.18369944770151,35.222190856933594,20400,0.0,0.0
2023-11-15 00:00:00-05:00,35.31842803955078,35.31842803955078,35.31842803955078,35.31842803955078,400,0.0,0.0
2023-11-16 00:00:00-05:00,35.953582763671875,35.953582763671875,35.953582763671875,35.953582763671875,100,0.0,0.0
2023-11-17 00:00:00-05:00,34.914239397299276,34.93348693847656,34.914239397299276,34.93348693847656,400,0.0,0.0
2023-11-20 00:00:00-05:00,35.10671174113185,35.10671174113185,34.94311314495387,35.02009963989258,600,0.0,0.0
2023-11-21 00:00:00-05:00,34.8853657564797,35.058589935302734,34.8853657564797,35.058589935302734,700,0.0,0.0
2023-11-22 00:00:00-05:00,34.885364108615455,34.885364108615455,34.644775390625,34.644775390625,4000,0.0,0.0
2023-11-24 00:00:00-05:00,34.644775390625,34.644775390625,34.644775390625,34.644775390625,600,0.0,0.0
2023-11-27 00:00:00-05:00,35.04896525149493,35.04896525149493,34.65439987182617,34.65439987182617,1600,0.0,0.0
2023-11-28 00:00:00-05:00,34.69289285847615,34.702518463134766,34.69289285847615,34.702518463134766,600,0.0,0.0
2023-11-29 00:00:00-05:00,34.64477998916417,35.31842922317207,34.64477998916417,35.12595748901367,4200,0.0,0.0
2023-11-30 00:00:00-05:00,34.702523466197974,34.702523466197974,34.452309104296084,34.51005172729492,3800,0.0,0.0
2023-12-01 00:00:00-05:00,34.51005212289763,35.116336822509766,34.51005212289763,35.116336822509766,2600,0.0,0.0
2023-12-04 00:00:00-05:00,35.116336822509766,35.116336822509766,35.116336822509766,35.116336822509766,0,0.0,0.0
2023-12-05 00:00:00-05:00,34.644775390625,34.644775390625,34.644775390625,34.644775390625,1500,0.0,0.0
2023-12-06 00:00:00-05:00,34.64478101145325,34.90461730957031,34.64478101145325,34.90461730957031,800,0.0,0.0
2023-12-07 00:00:00-05:00,34.90461730957031,34.90461730957031,34.90461730957031,34.90461730957031,0,0.0,0.0
2023-12-08 00:00:00-05:00,34.74100881023379,35.99207305908203,34.74100881023379,35.99207305908203,8400,0.0,0.0
2023-12-11 00:00:00-05:00,36.5213737487793,36.5213737487793,36.5213737487793,36.5213737487793,400,0.0,0.0
2023-12-12 00:00:00-05:00,35.4627799987793,35.4627799987793,35.4627799987793,35.4627799987793,200,0.0,0.0
2023-12-13 00:00:00-05:00,37.04104232788086,37.04104232788086,37.04104232788086,37.04104232788086,500,0.0,0.0
2023-12-14 00:00:00-05:00,37.04104232788086,37.04104232788086,37.04104232788086,37.04104232788086,0,0.0,0.0
2023-12-15 00:00:00-05:00,36.84858452558272,37.05067825317383,36.84858452558272,37.05067825317383,400,0.0,0.0
2023-12-18 00:00:00-05:00,37.05067825317383,37.05067825317383,37.05067825317383,37.05067825317383,0,0.0,0.0
2023-12-19 00:00:00-05:00,37.060288932385596,38.49419947823058,37.060288932385596,38.35947036743164,2600,0.0,0.0
2023-12-20 00:00:00-05:00,38.34022903442383,38.34022903442383,38.34022903442383,38.34022903442383,200,0.0,0.0
2023-12-21 00:00:00-05:00,38.917640686035156,38.917640686035156,38.917640686035156,38.917640686035156,200,0.0,0.0
2023-12-22 00:00:00-05:00,38.90801239013672,38.90801239013672,38.90801239013672,38.90801239013672,1200,0.0,0.0
2023-12-26 00:00:00-05:00,37.079537450979544,37.77243423461914,37.06028991020144,37.77243423461914,1300,0.0,0.0
2023-12-27 00:00:00-05:00,37.089173345408526,37.24315004325328,37.05067825317383,37.05067825317383,1900,0.0,0.0
2023-12-28 00:00:00-05:00,37.15652923426253,38.00340270996094,37.15652923426253,38.00340270996094,400,0.0,0.0
2023-12-29 00:00:00-05:00,37.5318489074707,37.5318489074707,37.5318489074707,37.5318489074707,500,0.0,0.0
2024-01-02 00:00:00-05:00,37.531850242045024,37.733943939208984,37.531850242045024,37.733943939208984,600,0.0,0.0
2024-01-03 00:00:00-05:00,38.29211031768444,38.29211031768444,37.5318489074707,37.5318489074707,600,0.0,0.0
2024-01-04 00:00:00-05:00,37.5318489074707,37.5318489074707,37.5318489074707,37.5318489074707,0,0.0,0.0
2024-01-05 00:00:00-05:00,37.5318489074707,37.5318489074707,37.5318489074707,37.5318489074707,0,0.0,0.0
2024-01-08 00:00:00-05:00,37.5318489074707,37.5318489074707,37.5318489074707,37.5318489074707,0,0.0,0.0
2024-01-09 00:00:00-05:00,37.5318489074707,37.5318489074707,37.5318489074707,37.5318489074707,0,0.0,0.0
2024-01-10 00:00:00-05:00,37.5318489074707,37.5318489074707,37.5318489074707,37.5318489074707,0,0.0,0.0
2024-01-11 00:00:00-05:00,37.830177307128906,37.830177307128906,37.830177307128906,37.830177307128906,400,0.0,0.0
2024-01-12 00:00:00-05:00,38.25360870361328,38.25360870361328,38.25360870361328,38.25360870361328,500,0.0,0.0
2024-01-16 00:00:00-05:00,38.25360870361328,38.25360870361328,38.25360870361328,38.25360870361328,0,0.0,0.0
2024-01-17 00:00:00-05:00,38.25360870361328,38.25360870361328,38.25360870361328,38.25360870361328,0,0.0,0.0
2024-01-18 00:00:00-05:00,38.25360870361328,38.25360870361328,38.25360870361328,38.25360870361328,0,0.0,0.0
2024-01-19 00:00:00-05:00,38.013023376464844,38.013023376464844,38.013023376464844,38.013023376464844,200,0.0,0.0
2024-01-22 00:00:00-05:00,38.013023376464844,38.013023376464844,38.013023376464844,38.013023376464844,300,0.0,0.0
2024-01-23 00:00:00-05:00,38.013023376464844,38.013023376464844,38.013023376464844,38.013023376464844,0,0.0,0.0
2024-01-24 00:00:00-05:00,37.82055424602776,37.83980178833008,37.82055424602776,37.83980178833008,800,0.0,0.0
2024-01-25 00:00:00-05:00,38.013026810592635,38.50382630096729,38.013026810592635,38.13813400268555,2300,0.0,0.0
2024-01-26 00:00:00-05:00,38.59043749812684,38.59043749812684,38.388343811035156,38.388343811035156,2100,0.0,0.0
2024-01-29 00:00:00-05:00,37.92641067504883,37.92641067504883,37.92641067504883,37.92641067504883,200,0.0,0.0
2024-01-30 00:00:00-05:00,37.878292083740234,37.878292083740234,37.878292083740234,37.878292083740234,200,0.0,0.0
2024-01-31 00:00:00-05:00,37.887916564941406,37.92641164726649,37.87829462990669,37.887916564941406,800,0.0,0.0
2024-02-01 00:00:00-05:00,37.5318489074707,37.5318489074707,37.5318489074707,37.5318489074707,1700,0.0,0.0
2024-02-02 00:00:00-05:00,37.5318489074707,37.5318489074707,37.5318489074707,37.5318489074707,0,0.0,0.0
2024-02-05 00:00:00-05:00,37.5318489074707,37.5318489074707,37.5318489074707,37.5318489074707,0,0.0,0.0
2024-02-06 00:00:00-05:00,37.71559143066406,37.71559143066406,37.71559143066406,37.71559143066406,0,0.19,0.0
2024-02-07 00:00:00-05:00,37.71559143066406,37.71559143066406,37.71559143066406,37.71559143066406,0,0.0,0.0
2024-02-08 00:00:00-05:00,37.71559143066406,37.71559143066406,37.71559143066406,37.71559143066406,0,0.0,0.0
2024-02-09 00:00:00-05:00,37.812286376953125,37.812286376953125,37.812286376953125,37.812286376953125,200,0.0,0.0
2024-02-12 00:00:00-05:00,37.83162814335065,37.83162814335065,37.812286376953125,37.812286376953125,300,0.0,0.0
2024-02-13 00:00:00-05:00,37.812286376953125,37.812286376953125,37.812286376953125,37.812286376953125,400,0.0,0.0
2024-02-14 00:00:00-05:00,37.812286376953125,37.812286376953125,37.812286376953125,37.812286376953125,0,0.0,0.0
2024-02-15 00:00:00-05:00,38.199119567871094,38.199119567871094,38.199119567871094,38.199119567871094,400,0.0,0.0
2024-02-16 00:00:00-05:00,38.15076571860216,38.15076571860216,38.13142395019531,38.13142395019531,900,0.0,0.0
2024-02-20 00:00:00-05:00,38.15076446533203,38.15076446533203,38.15076446533203,38.15076446533203,400,0.0,0.0
2024-02-21 00:00:00-05:00,38.392531061537326,38.44088363647461,38.392531061537326,38.44088363647461,1100,0.0,0.0
2024-02-22 00:00:00-05:00,38.44088363647461,38.44088363647461,38.44088363647461,38.44088363647461,0,0.0,0.0
2024-02-23 00:00:00-05:00,38.44088363647461,38.44088363647461,38.44088363647461,38.44088363647461,200,0.0,0.0
2024-02-26 00:00:00-05:00,38.84705352783203,38.84705352783203,38.84705352783203,38.84705352783203,600,0.0,0.0
2024-02-27 00:00:00-05:00,38.982445990702026,38.982445990702026,38.789031982421875,38.789031982421875,600,0.0,0.0
2024-02-28 00:00:00-05:00,38.789031982421875,38.789031982421875,38.789031982421875,38.789031982421875,300,0.0,0.0
2024-02-29 00:00:00-05:00,38.789031982421875,38.789031982421875,38.789031982421875,38.789031982421875,0,0.0,0.0
2024-03-01 00:00:00-05:00,38.789031982421875,38.789031982421875,38.789031982421875,38.789031982421875,0,0.0,0.0
2024-03-04 00:00:00-05:00,38.44088363647461,38.44088363647461,38.44088363647461,38.44088363647461,300,0.0,0.0
2024-03-05 00:00:00-05:00,38.44088363647461,38.44088363647461,38.44088363647461,38.44088363647461,0,0.0,0.0
2024-03-06 00:00:00-05:00,38.44088363647461,38.44088363647461,38.44088363647461,38.44088363647461,0,0.0,0.0
2024-03-07 00:00:00-05:00,38.33451214545016,38.34418487548828,38.33451214545016,38.34418487548828,400,0.0,0.0
2024-03-08 00:00:00-05:00,38.34418487548828,38.34418487548828,38.34418487548828,38.34418487548828,200,0.0,0.0
2024-03-11 00:00:00-04:00,38.34418487548828,38.34418487548828,38.34418487548828,38.34418487548828,0,0.0,0.0
2024-03-12 00:00:00-04:00,38.34418487548828,38.34418487548828,38.34418487548828,38.34418487548828,0,0.0,0.0
2024-03-13 00:00:00-04:00,38.35384881176014,38.39253234863281,38.35384881176014,38.39253234863281,1300,0.0,0.0
2024-03-14 00:00:00-04:00,38.39253234863281,38.39253234863281,38.39253234863281,38.39253234863281,0,0.0,0.0
2024-03-15 00:00:00-04:00,39.582027435302734,39.582027435302734,39.582027435302734,39.582027435302734,500,0.0,0.0
2024-03-18 00:00:00-04:00,39.582027435302734,39.582027435302734,39.582027435302734,39.582027435302734,400,0.0,0.0
2024-03-19 00:00:00-04:00,40.04621887207031,40.04621887207031,40.04621887207031,40.04621887207031,300,0.0,0.0
2024-03-20 00:00:00-04:00,40.04621887207031,40.04621887207031,40.04621887207031,40.04621887207031,0,0.0,0.0
2024-03-21 00:00:00-04:00,39.18552780151367,39.18552780151367,39.18552780151367,39.18552780151367,600,0.0,0.0
2024-03-22 00:00:00-04:00,39.64972172727402,39.64972172727402,39.43696594238281,39.43696594238281,400,0.0,0.0
2024-03-25 00:00:00-04:00,39.43696594238281,39.43696594238281,39.43696594238281,39.43696594238281,0,0.0,0.0
2024-03-26 00:00:00-04:00,39.43696594238281,39.43696594238281,39.43696594238281,39.43696594238281,0,0.0,0.0
2024-03-27 00:00:00-04:00,39.64971923828125,39.64971923828125,39.64971923828125,39.64971923828125,300,0.0,0.0
2024-03-28 00:00:00-04:00,39.34992980957031,39.34992980957031,39.34992980957031,39.34992980957031,300,0.0,0.0
2024-04-01 00:00:00-04:00,38.827712983215136,39.26288986206055,38.827712983215136,39.26288986206055,600,0.0,0.0
2024-04-02 00:00:00-04:00,39.52399826049805,39.52399826049805,39.52399826049805,39.52399826049805,500,0.0,0.0
2024-04-03 00:00:00-04:00,39.52399826049805,39.52399826049805,39.52399826049805,39.52399826049805,300,0.0,0.0
2024-04-04 00:00:00-04:00,38.87606933216211,38.885738372802734,38.87606933216211,38.885738372802734,700,0.0,0.0
2024-04-05 00:00:00-04:00,38.92442192896938,39.34992980957031,38.87606934761605,39.34992980957031,700,0.0,0.0
2024-04-08 00:00:00-04:00,39.34025573730469,39.34025573730469,39.34025573730469,39.34025573730469,700,0.0,0.0
2024-04-09 00:00:00-04:00,39.34025573730469,39.34025573730469,39.34025573730469,39.34025573730469,0,0.0,0.0
2024-04-10 00:00:00-04:00,39.17584991455078,39.17584991455078,39.17584991455078,39.17584991455078,500,0.0,0.0
2024-04-11 00:00:00-04:00,39.224212646484375,39.224212646484375,39.224212646484375,39.224212646484375,200,0.0,0.0
2024-04-12 00:00:00-04:00,39.224212646484375,39.224212646484375,39.224212646484375,39.224212646484375,0,0.0,0.0
2024-04-15 00:00:00-04:00,38.92441940307617,38.92441940307617,38.92441940307617,38.92441940307617,1100,0.0,0.0
2024-04-16 00:00:00-04:00,38.92441940307617,38.92441940307617,38.92441940307617,38.92441940307617,500,0.0,0.0
2024-04-17 00:00:00-04:00,38.92441940307617,38.934088443093195,38.92441940307617,38.92441940307617,1200,0.0,0.0
2024-04-18 00:00:00-04:00,38.924418185222315,38.924418185222315,38.402201503076,38.91474914550781,700,0.0,0.0
2024-04-19 00:00:00-04:00,38.305498687621956,38.33450949760125,38.29582595825195,38.29582595825195,1500,0.0,0.0
2024-04-22 00:00:00-04:00,38.29582595825195,38.29582595825195,38.29582595825195,38.29582595825195,400,0.0,0.0
2024-04-23 00:00:00-04:00,38.29582595825195,38.29582595825195,38.29582595825195,38.29582595825195,100,0.0,0.0
2024-04-24 00:00:00-04:00,38.295826015488,38.295826015488,37.86064910888672,37.86064910888672,4200,0.0,0.0
2024-04-25 00:00:00-04:00,37.86064910888672,37.86064910888672,37.86064910888672,37.86064910888672,0,0.0,0.0
2024-04-26 00:00:00-04:00,37.86064910888672,37.86064910888672,37.86064910888672,37.86064910888672,0,0.0,0.0
2024-04-29 00:00:00-04:00,37.90899658203125,37.90899658203125,37.90899658203125,37.90899658203125,700,0.0,0.0
2024-04-30 00:00:00-04:00,37.90899803337495,38.67298126220703,37.90899803337495,38.67298126220703,400,0.0,0.0
2024-05-01 00:00:00-04:00,38.67298126220703,38.67298126220703,38.67298126220703,38.67298126220703,0,0.0,0.0
2024-05-02 00:00:00-04:00,37.94768011622745,37.95734915524407,37.90899658203125,37.90899658203125,2200,0.0,0.0
2024-05-03 00:00:00-04:00,37.928340911865234,37.928340911865234,37.90899914346026,37.928340911865234,800,0.0,0.0
2024-05-06 00:00:00-04:00,37.94768524169922,37.94768524169922,37.94768524169922,37.94768524169922,500,0.0,0.0
2024-05-07 00:00:00-04:00,38.15175247192383,38.15175247192383,38.15175247192383,38.15175247192383,400,0.19,0.0
2024-05-08 00:00:00-04:00,38.15175247192383,38.15175247192383,38.15175247192383,38.15175247192383,0,0.0,0.0
2024-05-09 00:00:00-04:00,38.57933811608855,38.57933811608855,38.511314392089844,38.511314392089844,600,0.0,0.0
2024-05-10 00:00:00-04:00,38.19062427803503,38.19062427803503,38.14203643798828,38.14203643798828,1400,0.0,0.0
2024-05-13 00:00:00-04:00,38.14203643798828,38.14203643798828,38.14203643798828,38.14203643798828,0,0.0,0.0
2024-05-14 00:00:00-04:00,38.19063186645508,38.19063186645508,38.19063186645508,38.19063186645508,700,0.0,0.0
2024-05-15 00:00:00-04:00,38.19063186645508,38.19063186645508,38.19063186645508,38.19063186645508,200,0.0,0.0
2024-05-16 00:00:00-04:00,38.19063186645508,38.19063186645508,38.19063186645508,38.19063186645508,0,0.0,0.0
2024-05-17 00:00:00-04:00,38.239219665527344,38.239219665527344,38.239219665527344,38.239219665527344,1200,0.0,0.0
2024-05-20 00:00:00-04:00,38.239219665527344,38.239219665527344,38.239219665527344,38.239219665527344,500,0.0,0.0
2024-05-21 00:00:00-04:00,38.239219665527344,38.239219665527344,38.239219665527344,38.239219665527344,0,0.0,0.0
2024-05-22 00:00:00-04:00,38.24893569946289,38.24893569946289,38.24893569946289,38.24893569946289,300,0.0,0.0
2024-05-23 00:00:00-04:00,38.25865554678511,38.25865554678511,38.239219665527344,38.239219665527344,1200,0.0,0.0
2024-05-24 00:00:00-04:00,38.812557220458984,38.812557220458984,38.812557220458984,38.812557220458984,300,0.0,0.0
2024-05-28 00:00:00-04:00,38.812557220458984,38.812557220458984,38.812557220458984,38.812557220458984,100,0.0,0.0
2024-05-29 00:00:00-04:00,38.812557220458984,38.812557220458984,38.812557220458984,38.812557220458984,1300,0.0,0.0
2024-05-30 00:00:00-04:00,38.812557220458984,38.812557220458984,38.812557220458984,38.812557220458984,0,0.0,0.0
2024-05-31 00:00:00-04:00,38.812557220458984,38.812557220458984,38.812557220458984,38.812557220458984,300,0.0,0.0
2024-06-03 00:00:00-04:00,38.812557220458984,38.812557220458984,38.812557220458984,38.812557220458984,0,0.0,0.0
2024-06-04 00:00:00-04:00,38.54045867919922,38.54045867919922,38.54045867919922,38.54045867919922,300,0.0,0.0
2024-06-05 00:00:00-04:00,38.96804036933411,39.39562225341797,38.96804036933411,39.39562225341797,4100,0.0,0.0
2024-06-06 00:00:00-04:00,39.82320337129161,41.300296783447266,38.7445362033545,41.300296783447266,2200,0.0,0.0
2024-06-07 00:00:00-04:00,42.87456512879916,42.89400100708008,42.855129250518246,42.89400100708008,1100,0.0,0.0
2024-06-10 00:00:00-04:00,43.68113320719544,43.68113320719544,43.6519775390625,43.6519775390625,900,0.0,0.0
2024-06-11 00:00:00-04:00,40.78525924682617,40.78525924682617,40.78525924682617,40.78525924682617,500,0.0,0.0
2024-06-12 00:00:00-04:00,39.68714904785156,39.68714904785156,39.68714904785156,39.68714904785156,400,0.0,0.0
2024-06-13 00:00:00-04:00,39.68714904785156,39.68714904785156,39.68714904785156,39.68714904785156,0,0.0,0.0
2024-06-14 00:00:00-04:00,38.64735408290801,38.67650604248047,38.598766247949186,38.67650604248047,900,0.0,0.0
2024-06-17 00:00:00-04:00,38.67650604248047,38.67650604248047,38.67650604248047,38.67650604248047,300,0.0,0.0
2024-06-18 00:00:00-04:00,38.67650604248047,38.67650604248047,38.67650604248047,38.67650604248047,0,0.0,0.0
2024-06-20 00:00:00-04:00,39.73573684692383,39.73573684692383,39.73573684692383,39.73573684692383,500,0.0,0.0
2024-06-21 00:00:00-04:00,38.773691295878784,42.670494079589844,38.773691295878784,42.670494079589844,3400,0.0,0.0
2024-06-24 00:00:00-04:00,42.009686165368635,42.009686165368635,40.328521728515625,40.328521728515625,900,0.0,0.0
2024-06-25 00:00:00-04:00,41.40718839824767,41.40718839824767,41.348880767822266,41.348880767822266,400,0.0,0.0
2024-06-26 00:00:00-04:00,41.7667465250466,41.78618240356445,41.7667465250466,41.78618240356445,500,0.0,0.0
2024-06-27 00:00:00-04:00,41.78618240356445,41.78618240356445,41.78618240356445,41.78618240356445,0,0.0,0.0
2024-06-28 00:00:00-04:00,41.78618240356445,41.78618240356445,41.78618240356445,41.78618240356445,0,0.0,0.0
2024-07-01 00:00:00-04:00,41.83476638209366,41.83476638209366,41.815330505371094,41.815330505371094,600,0.0,0.0
2024-07-02 00:00:00-04:00,40.82412345052919,40.87271499633789,40.82412345052919,40.87271499633789,300,0.0,0.0
2024-07-03 00:00:00-04:00,40.86299514770508,40.86299514770508,40.86299514770508,40.86299514770508,200,0.0,0.0
2024-07-05 00:00:00-04:00,40.86299514770508,40.86299514770508,40.86299514770508,40.86299514770508,0,0.0,0.0
2024-07-08 00:00:00-04:00,40.86299514770508,40.86299514770508,40.86299514770508,40.86299514770508,0,0.0,0.0
2024-07-09 00:00:00-04:00,40.86299514770508,40.86299514770508,40.86299514770508,40.86299514770508,0,0.0,0.0
2024-07-10 00:00:00-04:00,40.86299514770508,40.86299514770508,40.86299514770508,40.86299514770508,0,0.0,0.0
2024-07-11 00:00:00-04:00,41.45577988279056,41.78618240356445,41.45577988279056,41.78618240356445,600,0.0,0.0
2024-07-12 00:00:00-04:00,40.96989059448242,40.96989059448242,40.96989059448242,40.96989059448242,1300,0.0,0.0
2024-07-15 00:00:00-04:00,41.776466369628906,41.776466369628906,41.776466369628906,41.776466369628906,200,0.0,0.0
2024-07-16 00:00:00-04:00,41.115665113697965,41.59183120727539,41.115665113697965,41.59183120727539,1000,0.0,0.0
2024-07-17 00:00:00-04:00,41.59183120727539,41.59183120727539,41.59183120727539,41.59183120727539,0,0.0,0.0
2024-07-18 00:00:00-04:00,41.59183120727539,41.59183120727539,41.59183120727539,41.59183120727539,0,0.0,0.0
2024-07-19 00:00:00-04:00,41.59183120727539,41.59183120727539,41.59183120727539,41.59183120727539,0,0.0,0.0
2024-07-22 00:00:00-04:00,41.59183120727539,41.59183120727539,41.59183120727539,41.59183120727539,0,0.0,0.0
2024-07-23 00:00:00-04:00,41.59183120727539,41.59183120727539,41.59183120727539,41.59183120727539,300,0.0,0.0
2024-07-24 00:00:00-04:00,41.59183120727539,41.59183120727539,41.59183120727539,41.59183120727539,0,0.0,0.0
2024-07-25 00:00:00-04:00,41.59183120727539,41.59183120727539,41.59183120727539,41.59183120727539,300,0.0,0.0
2024-07-26 00:00:00-04:00,41.59183120727539,41.59183120727539,41.59183120727539,41.59183120727539,0,0.0,0.0
2024-07-29 00:00:00-04:00,41.59183120727539,41.59183120727539,41.59183120727539,41.59183120727539,0,0.0,0.0
2024-07-30 00:00:00-04:00,41.494651794433594,41.591827480370135,41.44606395146532,41.494651794433594,2400,0.0,0.0
2024-07-31 00:00:00-04:00,41.78617853795003,41.795894622802734,41.77646245309733,41.795894622802734,7600,0.0,0.0
2024-08-01 00:00:00-04:00,41.83477025040502,41.84449004317228,41.80561828613281,41.80561828613281,5000,0.0,0.0
2024-08-02 00:00:00-04:00,41.80561828613281,41.80561828613281,41.80561828613281,41.80561828613281,0,0.0,0.0
2024-08-05 00:00:00-04:00,41.80561828613281,41.80561828613281,41.80561828613281,41.80561828613281,300,0.0,0.0
2024-08-06 00:00:00-04:00,41.78618240356445,41.78618240356445,41.78618240356445,41.78618240356445,3400,0.0,0.0
2024-08-07 00:00:00-04:00,42.75795794860432,42.75795794860432,41.84449381786413,41.89308166503906,61000,0.0,0.0
2024-08-08 00:00:00-04:00,42.75795400228723,42.75795400228723,41.902793884277344,41.902793884277344,4800,0.0,0.0
2024-08-09 00:00:00-04:00,42.849586328393634,43.91350555419922,42.45915581999073,43.91350555419922,126600,0.19,0.0
2024-08-12 00:00:00-04:00,43.90374249054994,44.41130065917969,43.60115866211069,44.41130065917969,30000,0.0,0.0
2024-08-13 00:00:00-04:00,44.547950944112905,45.87541021852399,44.421060469035616,45.00670623779297,2000,0.0,0.0
2024-08-14 00:00:00-04:00,45.87541202198311,46.15847396850586,45.87541202198311,46.15847396850586,1000,0.0,0.0
2024-08-15 00:00:00-04:00,45.15311323591121,45.87540854060045,45.045748386149555,45.83636474609375,4000,0.0,0.0
2024-08-16 00:00:00-04:00,44.89933395385742,44.89933395385742,44.89933395385742,44.89933395385742,500,0.0,0.0
2024-08-19 00:00:00-04:00,45.83636474609375,45.83636474609375,45.83636474609375,45.83636474609375,800,0.0,0.0
2024-08-20 00:00:00-04:00,45.83636474609375,45.83636474609375,45.83636474609375,45.83636474609375,0,0.0,0.0
2024-08-21 00:00:00-04:00,45.680191597824404,45.680191597824404,45.533782958984375,45.533782958984375,1800,0.0,0.0
2024-08-22 00:00:00-04:00,45.53378300050063,46.10966591667365,45.53378300050063,46.09990310668945,800,0.0,0.0
2024-08-23 00:00:00-04:00,46.11942923033501,46.36344737441085,45.93397678126907,46.34392547607422,7200,0.0,0.0
2024-08-26 00:00:00-04:00,45.38736528095446,46.36343765258789,45.38736528095446,46.36343765258789,3500,0.0,0.0
2024-08-27 00:00:00-04:00,46.851483217219716,47.33951950073242,46.783158435401646,47.33951950073242,2400,0.0,0.0
2024-08-28 00:00:00-04:00,49.37951358928435,50.72649483638239,49.164776423152645,50.716732025146484,3200,0.0,0.0
2024-08-29 00:00:00-04:00,50.716733859930656,53.17643737792969,50.716733859930656,53.17643737792969,4200,0.0,0.0
2024-08-30 00:00:00-04:00,54.65030853922234,54.65030853922234,53.176436773442106,54.562461853027344,3900,0.0,0.0
2024-09-03 00:00:00-04:00,54.172024099107276,54.52341079711914,54.172024099107276,54.52341079711914,1000,0.0,0.0
2024-09-04 00:00:00-04:00,53.97681345540118,53.97681345540118,51.35117953004212,53.48877716064453,4400,0.0,0.0
2024-09-05 00:00:00-04:00,53.488772278216615,54.416041898297834,53.488772278216615,54.17202377319336,1100,0.0,0.0
2024-09-06 00:00:00-04:00,54.464848656485536,54.464848656485536,52.61031300770282,54.4550895690918,1300,0.0,0.0
2024-09-09 00:00:00-04:00,51.351172895378866,52.69815393743286,50.755768096955684,52.17107391357422,2600,0.0,0.0
2024-09-10 00:00:00-04:00,51.8782580561325,53.36188507080078,51.8782580561325,53.36188507080078,1300,0.0,0.0
2024-09-11 00:00:00-04:00,51.82945237480642,52.610313415527344,51.82945237480642,52.610313415527344,700,0.0,0.0
2024-09-12 00:00:00-04:00,52.210123050042796,53.430213754186966,51.73184585571289,51.73184585571289,4800,0.0,0.0
2024-09-13 00:00:00-04:00,53.5863825872064,53.5863825872064,52.463897705078125,52.463897705078125,1200,0.0,0.0
2024-09-16 00:00:00-04:00,53.62542394581764,53.62542394581764,53.195953369140625,53.195953369140625,400,0.0,0.0
2024-09-17 00:00:00-04:00,52.317485396021624,53.2252331342575,52.317485396021624,52.7469596862793,1000,0.0,0.0
2024-09-18 00:00:00-04:00,53.22523564034512,53.22523564034512,51.263331428072874,51.44878387451172,3000,0.0,0.0
2024-09-19 00:00:00-04:00,51.7318486073313,52.0246696472168,51.7318486073313,52.0246696472168,900,0.0,0.0
2024-09-20 00:00:00-04:00,51.49758829184215,53.38140869140625,51.49758829184215,53.38140869140625,2400,0.0,0.0
2024-09-23 00:00:00-04:00,51.91729473929467,52.80552056201699,51.91729473929467,52.756717681884766,1100,0.0,0.0
2024-09-24 00:00:00-04:00,51.751365661621094,51.751365661621094,51.751365661621094,51.751365661621094,300,0.0,0.0
2024-09-25 00:00:00-04:00,51.79041222167685,53.18619630319513,51.79041222167685,52.044189453125,1700,0.0,0.0
2024-09-26 00:00:00-04:00,50.44342768287341,53.63518524169922,50.44342768287341,53.63518524169922,1400,0.0,0.0
2024-09-27 00:00:00-04:00,53.58637619018555,53.58637619018555,53.58637619018555,53.58637619018555,600,0.0,0.0
2024-09-30 00:00:00-04:00,51.25356572967623,53.58638215023659,51.25356572967623,52.219879150390625,1100,0.0,0.0
2024-10-01 00:00:00-04:00,52.219879150390625,52.219879150390625,52.219879150390625,52.219879150390625,100,0.0,0.0
2024-10-02 00:00:00-04:00,52.219879150390625,52.219879150390625,52.219879150390625,52.219879150390625,0,0.0,0.0
2024-10-03 00:00:00-04:00,52.219879150390625,52.219879150390625,52.219879150390625,52.219879150390625,0,0.0,0.0
2024-10-04 00:00:00-04:00,52.219879150390625,52.219879150390625,52.219879150390625,52.219879150390625,500,0.0,0.0
2024-10-07 00:00:00-04:00,52.219879150390625,52.219879150390625,52.219879150390625,52.219879150390625,1400,0.0,0.0
2024-10-08 00:00:00-04:00,52.590786446346044,52.590786446346044,52.444374084472656,52.444374084472656,700,0.0,0.0
2024-10-09 00:00:00-04:00,52.37605567797465,53.23500061035156,52.2198842105808,53.23500061035156,1600,0.0,0.0
2024-10-10 00:00:00-04:00,53.23500061035156,53.23500061035156,53.23500061035156,53.23500061035156,0,0.0,0.0
2024-10-11 00:00:00-04:00,53.34236488929795,53.34236488929795,52.707916259765625,52.707916259765625,2400,0.0,0.0
2024-10-14 00:00:00-04:00,52.707916259765625,52.707916259765625,52.707916259765625,52.707916259765625,300,0.0,0.0
2024-10-15 00:00:00-04:00,52.25892575974175,52.7957649230957,52.25892575974175,52.7957649230957,1000,0.0,0.0
2024-10-16 00:00:00-04:00,52.95193439059788,52.95193439059788,52.707916259765625,52.707916259765625,600,0.0,0.0
2024-10-17 00:00:00-04:00,52.707916259765625,52.707916259765625,52.21987999810113,52.707916259765625,1100,0.0,0.0
2024-10-18 00:00:00-04:00,52.707916259765625,52.707916259765625,52.707916259765625,52.707916259765625,0,0.0,0.0
2024-10-21 00:00:00-04:00,52.502940735378786,52.825042724609375,52.502940735378786,52.825042724609375,800,0.0,0.0
2024-10-22 00:00:00-04:00,52.825042724609375,52.825042724609375,52.825042724609375,52.825042724609375,0,0.0,0.0
2024-10-23 00:00:00-04:00,52.43461849149224,52.766483306884766,52.43461849149224,52.766483306884766,700,0.0,0.0
2024-10-24 00:00:00-04:00,52.90313720703125,52.90313720703125,52.90313720703125,52.90313720703125,700,0.0,0.0
2024-10-25 00:00:00-04:00,52.90313720703125,52.90313720703125,52.90313720703125,52.90313720703125,0,0.0,0.0
2024-10-28 00:00:00-04:00,52.72743606567383,52.72743606567383,52.72743606567383,52.72743606567383,600,0.0,0.0
2024-10-29 00:00:00-04:00,52.49318051457458,52.49318051457458,51.809932708740234,51.809932708740234,700,0.0,0.0
2024-10-30 00:00:00-04:00,51.780649779349744,52.00514602661133,51.09739822661977,52.00514602661133,1500,0.0,0.0
2024-10-31 00:00:00-04:00,51.614715576171875,51.614715576171875,51.614715576171875,51.614715576171875,1100,0.0,0.0
2024-11-01 00:00:00-04:00,52.83480539495772,53.32284164428711,50.75576993025661,53.32284164428711,2000,0.0,0.0
2024-11-04 00:00:00-05:00,51.78064577733863,52.70791540413259,51.78064577733863,52.219879150390625,2000,0.0,0.0
2024-11-05 00:00:00-05:00,51.526874026499,52.366297067676925,51.39022445671125,52.23940658569336,3600,0.0,0.0
2024-11-06 00:00:00-05:00,52.26868480255921,52.26868480255921,51.94658279418945,51.94658279418945,1400,0.0,0.0
2024-11-07 00:00:00-05:00,51.94658279418945,51.94658279418945,51.94658279418945,51.94658279418945,0,0.0,0.0
2024-11-08 00:00:00-05:00,51.48782751714835,51.76112664233222,51.27309036254883,51.27309036254883,1600,0.0,0.0
2024-11-11 00:00:00-05:00,51.73184585571289,51.73184585571289,51.73184585571289,51.73184585571289,1600,0.0,0.0
2024-11-12 00:00:00-05:00,53.5832633972168,53.5832633972168,53.5832633972168,53.5832633972168,900,0.19,0.0
2024-11-13 00:00:00-05:00,53.38734623161618,53.38734623161618,53.3775520324707,53.3775520324707,1700,0.0,0.0
2024-11-14 00:00:00-05:00,52.897554061400996,52.897554061400996,52.848575592041016,52.848575592041016,1100,0.0,0.0
2024-11-15 00:00:00-05:00,53.632240295410156,53.632240295410156,53.632240295410156,53.632240295410156,900,0.0,0.0
2024-11-18 00:00:00-05:00,53.44611719224135,53.583258387213085,52.89754867553711,52.89754867553711,1600,0.0,0.0
2024-11-19 00:00:00-05:00,53.064076201769275,53.397134991050905,51.92775863895265,52.89754867553711,4400,0.0,0.0
2024-11-20 00:00:00-05:00,53.62244376695113,53.62244376695113,51.73184585571289,51.73184585571289,1900,0.0,0.0
2024-11-21 00:00:00-05:00,51.73184478146006,52.89754867553711,51.70245471338233,52.89754867553711,2600,0.0,0.0
2024-11-22 00:00:00-05:00,52.89754867553711,52.89754867553711,52.89754867553711,52.89754867553711,0,0.0,0.0
2024-11-25 00:00:00-05:00,51.91797083454924,52.47633361816406,51.91797083454924,52.47633361816406,800,0.0,0.0
2024-11-26 00:00:00-05:00,52.87795679189159,52.89754892509674,51.379194101462055,52.40775680541992,1600,0.0,0.0
2024-11-27 00:00:00-05:00,52.40775680541992,52.40775680541992,52.40775680541992,52.40775680541992,0,0.0,0.0
2024-11-29 00:00:00-05:00,53.602854102174966,53.602854102174966,53.38734436035156,53.38734436035156,500,0.0,0.0
2024-12-02 00:00:00-05:00,53.38734802565958,53.38734802565958,53.36775588989258,53.36775588989258,600,0.0,0.0
2024-12-03 00:00:00-05:00,53.36775588989258,53.36775588989258,53.36775588989258,53.36775588989258,0,0.0,0.0
2024-12-04 00:00:00-05:00,53.38734436035156,53.38734436035156,53.38734436035156,53.38734436035156,1100,0.0,0.0
2024-12-05 00:00:00-05:00,53.38734436035156,53.38734436035156,53.38734436035156,53.38734436035156,0,0.0,0.0
2024-12-06 00:00:00-05:00,53.28938442338416,53.38734135315844,53.17183162347423,53.24040222167969,2000,0.0,0.0
2024-12-09 00:00:00-05:00,52.691841561594686,52.691841561594686,51.9571533203125,51.9571533203125,2000,0.0,0.0
2024-12-10 00:00:00-05:00,53.38734436035156,53.38734436035156,53.38734436035156,53.38734436035156,500,0.0,0.0
2024-12-11 00:00:00-05:00,52.98571494674639,53.38734436035156,52.98571494674639,53.38734436035156,500,0.0,0.0
2024-12-12 00:00:00-05:00,52.54489890309384,53.31877136230469,52.54489890309384,53.31877136230469,800,0.0,0.0
2024-12-13 00:00:00-05:00,53.27958679199219,53.27958679199219,53.27958679199219,53.27958679199219,500,0.0,0.0
2024-12-16 00:00:00-05:00,52.1922492980957,52.1922492980957,52.1922492980957,52.1922492980957,700,0.0,0.0
2024-12-17 00:00:00-05:00,51.663272857666016,51.663272857666016,51.663272857666016,51.663272857666016,700,0.0,0.0
2024-12-18 00:00:00-05:00,52.42734856695465,53.14244460819524,51.04613494873047,51.04613494873047,3200,0.0,0.0
2024-12-19 00:00:00-05:00,51.055934608279834,53.20122669829959,50.75226585531279,51.81021499633789,9000,0.0,0.0
2024-12-20 00:00:00-05:00,51.42817549272017,54.70978138657625,50.93838334517045,53.87713623046875,28700,0.0,0.0
2024-12-23 00:00:00-05:00,53.593055725097656,53.593055725097656,53.593055725097656,53.593055725097656,600,0.0,0.0
2024-12-24 00:00:00-05:00,53.593055725097656,53.593055725097656,53.593055725097656,53.593055725097656,0,0.0,0.0
2024-12-26 00:00:00-05:00,53.87714000564629,53.87714000564629,51.94735761329872,52.53511047363281,2400,0.0,0.0
2024-12-27 00:00:00-05:00,51.03633884526228,52.89755044835738,50.95797404700237,51.56531524658203,2900,0.0,0.0
2024-12-30 00:00:00-05:00,51.25185028963896,53.82815804558046,51.25185028963896,51.53593063354492,4600,0.0,0.0
2024-12-31 00:00:00-05:00,51.24205260029321,53.65182891789782,51.24205260029321,51.575111389160156,8400,0.0,0.0
2025-01-02 00:00:00-05:00,51.34980681162694,53.8575439453125,51.28123621010742,53.8575439453125,1300,0.0,0.0
2025-01-03 00:00:00-05:00,52.88775357530961,53.103259562239145,52.16285960977235,52.25102233886719,900,0.0,0.0
2025-01-06 00:00:00-05:00,52.42735290527344,52.42735290527344,52.42735290527344,52.42735290527344,600,0.0,0.0
2025-01-07 00:00:00-05:00,52.21184285190988,53.63224084540747,51.26164861449752,52.123680114746094,2800,0.0,0.0
2025-01-08 00:00:00-05:00,52.015924430086855,53.87713608031568,52.015924430086855,52.2706184387207,3000,0.0,0.0
2025-01-10 00:00:00-05:00,52.2314338684082,52.2314338684082,52.2314338684082,52.2314338684082,300,0.0,0.0
2025-01-13 00:00:00-05:00,52.89755079525183,52.89755079525183,52.13347625732422,52.13347625732422,500,0.0,0.0
2025-01-14 00:00:00-05:00,52.79959681963203,53.15224403909046,52.54490280151367,52.54490280151367,1100,0.0,0.0
2025-01-15 00:00:00-05:00,52.397965745327774,52.397965745327774,52.3098030090332,52.3098030090332,2100,0.0,0.0
2025-01-16 00:00:00-05:00,52.877960205078125,52.877960205078125,52.877960205078125,52.877960205078125,400,0.0,0.0
2025-01-17 00:00:00-05:00,52.11388681717399,52.241233825683594,52.11388681717399,52.241233825683594,2300,0.0,0.0
2025-01-21 00:00:00-05:00,51.976743073706174,52.15306854248047,51.976743073706174,52.15306854248047,2700,0.0,0.0
2025-01-22 00:00:00-05:00,51.30082523399799,51.6240898245483,51.30082523399799,51.31062316894531,3600,0.0,0.0
2025-01-23 00:00:00-05:00,53.57346296847115,53.57346296847115,51.92776107788086,51.92776107788086,2100,0.0,0.0
2025-01-24 00:00:00-05:00,51.545719146728516,51.545719146728516,51.545719146728516,51.545719146728516,600,0.0,0.0
2025-01-27 00:00:00-05:00,51.58490432722703,53.0934649068227,51.58490432722703,51.663272857666016,2700,0.0,0.0
2025-01-28 00:00:00-05:00,51.70246124267578,51.70246124267578,51.70246124267578,51.70246124267578,600,0.0,0.0
2025-01-29 00:00:00-05:00,51.722049713134766,51.722049713134766,51.722049713134766,51.722049713134766,1100,0.0,0.0
2025-01-30 00:00:00-05:00,51.722049713134766,51.722049713134766,51.722049713134766,51.722049713134766,0,0.0,0.0
2025-01-31 00:00:00-05:00,51.036336649964866,51.78082275390625,51.036336649964866,51.78082275390625,700,0.0,0.0
2025-02-03 00:00:00-05:00,51.006950226152654,51.428171741264585,50.98735809326172,50.98735809326172,1400,0.0,0.0
2025-02-04 00:00:00-05:00,50.997163204558056,51.193077087402344,50.98736526832517,51.193077087402344,1700,0.0,0.0
2025-02-05 00:00:00-05:00,51.673065981144724,51.673065981144724,50.997154235839844,50.997154235839844,900,0.0,0.0
2025-02-06 00:00:00-05:00,50.99715602811582,50.99715602811582,50.98735809326172,50.98735809326172,2700,0.0,0.0
2025-02-07 00:00:00-05:00,50.93838206550984,50.93838206550984,50.20369386264191,50.52695846557617,1200,0.0,0.0
2025-02-10 00:00:00-05:00,50.26247024536133,50.26247024536133,50.26247024536133,50.26247024536133,500,0.0,0.0
2025-02-11 00:00:00-05:00,50.262473760127364,50.49757190877956,50.223289489746094,50.223289489746094,1200,0.0,0.0
2025-02-12 00:00:00-05:00,50.351104736328125,50.351104736328125,50.351104736328125,50.351104736328125,400,0.19,0.0
2025-02-13 00:00:00-05:00,50.341270446777344,50.341270446777344,50.341270446777344,50.341270446777344,300,0.0,0.0
2025-02-14 00:00:00-05:00,50.34127064729902,51.25567292009767,50.34127064729902,50.9213752746582,1400,0.0,0.0
2025-02-18 00:00:00-05:00,50.88204875094703,51.11802512010754,50.05613708496094,50.05613708496094,2100,0.0,0.0
2025-02-19 00:00:00-05:00,50.03646759110059,50.03646759110059,49.810325622558594,49.810325622558594,1900,0.0,0.0
2025-02-20 00:00:00-05:00,49.712005615234375,49.712005615234375,49.712005615234375,49.712005615234375,1100,0.0,0.0
2025-02-21 00:00:00-05:00,49.712005615234375,49.712005615234375,49.712005615234375,49.712005615234375,0,0.0,0.0
2025-02-24 00:00:00-05:00,49.40720873862087,49.40720873862087,48.71894836425781,48.71894836425781,1600,0.0,0.0
2025-02-25 00:00:00-05:00,48.95492004989004,49.17122764627816,47.89303207397461,47.89303207397461,2900,0.0,0.0
2025-02-26 00:00:00-05:00,49.16139602661133,50.046302655377076,47.932361125946045,49.16139602661133,3400,0.0,0.0
2025-02-27 00:00:00-05:00,49.84965839920531,49.84965839920531,49.594017028808594,49.594017028808594,900,0.0,0.0
2025-02-28 00:00:00-05:00,49.62351989746094,49.62351989746094,49.62351989746094,49.62351989746094,800,0.0,0.0
2025-03-03 00:00:00-05:00,48.62062454223633,48.62062454223633,48.62062454223633,48.62062454223633,600,0.0,0.0
2025-03-04 00:00:00-05:00,48.856592646943746,49.02374333910604,48.28632241944612,48.374813079833984,2400,0.0,0.0
2025-03-05 00:00:00-05:00,50.9607048034668,50.9607048034668,50.9607048034668,50.9607048034668,1200,0.0,0.0
2025-03-06 00:00:00-05:00,47.96185719627613,49.72183609008789,47.96185719627613,49.72183609008789,1300,0.0,0.0
2025-03-07 00:00:00-05:00,49.269555115115445,49.269555115115445,48.89592742919922,48.89592742919922,1300,0.0,0.0
2025-03-10 00:00:00-04:00,49.25971958002127,49.82999360045683,48.532132985823445,48.689449310302734,2400,0.0,0.0
2025-03-11 00:00:00-04:00,48.66978250506901,48.846763832417516,48.53213119506836,48.53213119506836,2000,0.0,0.0
2025-03-12 00:00:00-04:00,48.23716735839844,48.23716735839844,48.23716735839844,48.23716735839844,400,0.0,0.0
2025-03-13 00:00:00-04:00,48.83693225304808,50.685401916503906,48.72878032521532,50.685401916503906,3700,0.0,0.0
2025-03-14 00:00:00-04:00,50.439595652043266,50.439595652043266,50.33143997192383,50.33143997192383,900,0.0,0.0
2025-03-17 00:00:00-04:00,50.508415118215964,51.118019104003906,50.508415118215964,51.118019104003906,1200,0.0,0.0
2025-03-18 00:00:00-04:00,50.14462413602662,50.63623809814453,50.14462413602662,50.63623809814453,800,0.0,0.0
2025-03-19 00:00:00-04:00,49.712005615234375,49.712005615234375,49.712005615234375,49.712005615234375,700,0.0,0.0
2025-03-20 00:00:00-04:00,50.046307749520636,50.34127540556128,49.71201007248331,49.95781707763672,2900,0.0,0.0
2025-03-21 00:00:00-04:00,49.682508279442104,50.43959426879883,49.377710008246595,50.43959426879883,1800,0.0,0.0
2025-03-24 00:00:00-04:00,50.33144241093154,50.43959809629208,50.144630432128906,50.144630432128906,1000,0.0,0.0
2025-03-25 00:00:00-04:00,50.144630432128906,50.144630432128906,50.144630432128906,50.144630432128906,0,0.0,0.0
2025-03-26 00:00:00-04:00,50.1151309880557,50.43959426879883,50.08563159837573,50.43959426879883,10700,0.0,0.0
2025-03-27 00:00:00-04:00,50.24294742357844,50.24294742357844,50.183956146240234,50.183956146240234,600,0.0,0.0
2025-03-28 00:00:00-04:00,50.15445742722319,51.01969909667969,49.36787579622505,51.01969909667969,2400,0.0,0.0
2025-03-31 00:00:00-04:00,49.97748284590145,50.1544604416354,49.30888748168945,49.30888748168945,1800,0.0,0.0
2025-04-01 00:00:00-04:00,49.879151430141675,49.879151430141675,49.80049514770508,49.80049514770508,2900,0.0,0.0
2025-04-02 00:00:00-04:00,49.957815065652,51.029533714987494,49.957815065652,50.7050666809082,2200,0.0,0.0
2025-04-03 00:00:00-04:00,49.6136803508387,50.02663803100586,49.249887067649134,50.02663803100586,1900,0.0,0.0
2025-04-04 00:00:00-04:00,48.42397436647698,48.42397436647698,47.489907105711225,48.325653076171875,4200,0.0,0.0
2025-04-07 00:00:00-04:00,46.388696655779135,48.61079025268555,46.388696655779135,48.61079025268555,2600,0.0,0.0
2025-04-08 00:00:00-04:00,49.338381270022296,49.338381270022296,48.856597900390625,48.856597900390625,2100,0.0,0.0
2025-04-09 00:00:00-04:00,48.85659725157857,50.09546661376953,48.71894593371671,50.09546661376953,7800,0.0,0.0
2025-04-10 00:00:00-04:00,47.19493989104504,50.036467963537014,47.19493989104504,49.485862731933594,1800,0.0,0.0
2025-04-11 00:00:00-04:00,49.16140073133132,49.387542724609375,49.16140073133132,49.387542724609375,1500,0.0,0.0
2025-04-14 00:00:00-04:00,49.1613978042156,49.417035422482044,49.023746490478516,49.023746490478516,2200,0.0,0.0
2025-04-15 00:00:00-04:00,48.895925390937784,49.10240235979075,48.75827407836914,48.75827407836914,2600,0.0,0.0
2025-04-16 00:00:00-04:00,48.83692791725039,48.83692791725039,48.650115966796875,48.650115966796875,1900,0.0,0.0
2025-04-17 00:00:00-04:00,48.86643292571791,49.1024055480957,48.86643292571791,49.1024055480957,3400,0.0,0.0
2025-04-21 00:00:00-04:00,49.1024055480957,49.1024055480957,49.1024055480957,49.1024055480957,0,0.0,0.0
2025-04-22 00:00:00-04:00,49.09257083765072,50.07579876750438,49.09257083765072,50.01680374145508,8700,0.0,0.0
2025-04-23 00:00:00-04:00,50.07579781890381,51.11802075506364,49.731669550260705,50.39043045043945,16700,0.0,0.0
2025-04-24 00:00:00-04:00,50.37076299661013,50.37076299661013,49.95780909428748,50.28227233886719,4900,0.0,0.0
2025-04-25 00:00:00-04:00,50.2724437240476,50.28227435276093,50.12495803833008,50.12495803833008,4600,0.0,0.0
2025-04-28 00:00:00-04:00,49.68251027816076,50.577247619628906,49.68251027816076,50.577247619628906,2900,0.0,0.0
2025-04-29 00:00:00-04:00,50.528083312247084,50.675569003755,50.075799359341,50.567413330078125,7300,0.0,0.0
2025-04-30 00:00:00-04:00,50.44942773009542,50.44942773009542,49.71200676371697,49.91848373413086,4600,0.0,0.0
2025-05-01 00:00:00-04:00,49.91848373413086,49.91848373413086,49.91848373413086,49.91848373413086,1900,0.0,0.0
2025-05-02 00:00:00-04:00,50.124965072721395,50.46909713745117,49.761171747805754,50.46909713745117,4300,0.0,0.0
2025-05-05 00:00:00-04:00,50.360939025878906,50.360939025878906,50.360939025878906,50.360939025878906,1500,0.0,0.0
2025-05-06 00:00:00-04:00,49.41704177856445,49.41704177856445,49.41704177856445,49.41704177856445,500,0.0,0.0
2025-05-07 00:00:00-04:00,49.82999176243744,49.82999176243744,49.72183609008789,49.72183609008789,1400,0.0,0.0
2025-05-08 00:00:00-04:00,49.96764141632023,50.08562771373789,49.34820679112311,49.5546875,5200,0.0,0.0
2025-05-09 00:00:00-04:00,49.74220657348633,49.74220657348633,49.74220657348633,49.74220657348633,0,0.19,0.0
2025-05-12 00:00:00-04:00,49.83103561401367,49.840903443283594,49.54481962135501,49.83103561401367,2900,0.0,0.0
2025-05-13 00:00:00-04:00,49.89025321238429,50.12712254355784,49.544822692871094,49.544822692871094,4800,0.0,0.0
2025-05-14 00:00:00-04:00,49.97907671825723,51.02524359415967,49.78168624441959,50.630462646484375,21000,0.0,0.0
2025-05-15 00:00:00-04:00,50.77850278087812,50.77850278087812,49.93959426879883,49.93959426879883,1900,0.0,0.0
2025-05-16 00:00:00-04:00,50.75876778606814,50.75876778606814,50.02842415130801,50.03829574584961,2900,0.0,0.0
2025-05-19 00:00:00-04:00,50.166599080577434,50.166599080577434,48.36048133774559,49.840904235839844,7000,0.0,0.0
2025-05-20 00:00:00-04:00,49.929727033067586,49.93959486195543,49.86064093612294,49.90011978149414,1700,0.0,0.0
2025-05-21 00:00:00-04:00,49.37703713851114,50.18633468743809,49.37703713851114,49.97907638549805,3300,0.0,0.0
2025-05-22 00:00:00-04:00,49.75207944446135,50.12712097167969,49.75207944446135,50.12712097167969,2800,0.0,0.0
2025-05-23 00:00:00-04:00,49.988950582298756,49.988950582298756,49.59416961669922,49.59416961669922,3800,0.0,0.0
2025-05-27 00:00:00-04:00,49.81129485051393,49.81129485051393,49.50533944263634,49.722469329833984,6400,0.0,0.0
2025-05-28 00:00:00-04:00,49.781683373636334,49.781683373636334,49.34742736816406,49.34742736816406,3100,0.0,0.0
2025-05-29 00:00:00-04:00,49.564558348988015,49.8902494190642,49.35729628812862,49.406646728515625,5700,0.0,0.0
2025-05-30 00:00:00-04:00,49.72246807123803,49.72246807123803,49.199382789403344,49.33755874633789,4100,0.0,0.0
2025-06-02 00:00:00-04:00,50.028423271457775,50.028423271457775,49.347430091561876,49.426387786865234,4700,0.0,0.0
2025-06-03 00:00:00-04:00,49.377034619813784,49.59416450500488,49.30794852269115,49.34742736816406,5600,0.0,0.0
2025-06-04 00:00:00-04:00,49.54482116636677,49.633646692206305,49.19938689258631,49.24873733520508,5700,0.0,0.0
2025-06-05 00:00:00-04:00,49.52507840788225,49.52507840788225,49.34742736816406,49.34742736816406,4100,0.0,0.0
2025-06-06 00:00:00-04:00,49.72247252650521,49.72247252650521,49.02173614501953,49.02173614501953,5200,0.0,0.0
2025-06-09 00:00:00-04:00,49.51520800273232,49.51520800273232,48.99212646484375,48.99212646484375,3800,0.0,0.0
2025-06-10 00:00:00-04:00,49.39677736833084,49.54482116636677,49.24873733520508,49.24873733520508,3800,0.0,0.0
2025-06-11 00:00:00-04:00,49.83103844954617,49.83103844954617,47.867009000986414,48.75526428222656,8300,0.0,0.0
2025-06-12 00:00:00-04:00,48.81447849574159,48.81447849574159,48.56774133743528,48.70591354370117,2700,0.0,0.0
2025-06-13 00:00:00-04:00,48.7157830594252,48.76512973599853,48.06439713989101,48.44930648803711,4900,0.0,0.0
2025-06-16 00:00:00-04:00,48.58747839013759,48.58747839013759,48.25191572062477,48.53813171386719,2900,0.0,0.0
2025-06-17 00:00:00-04:00,48.38022069881603,48.38022069881603,47.48209762573242,47.48209762573242,4300,0.0,0.0
2025-06-18 00:00:00-04:00,47.49196843662463,47.551186711556944,46.732017517089844,46.732017517089844,3800,0.0,0.0
2025-06-20 00:00:00-04:00,46.88005458096404,46.88005458096404,44.01790237426758,44.01790237426758,17100,0.0,0.0
2025-06-23 00:00:00-04:00,44.4521678863602,46.05102363751627,44.4521678863602,45.56741714477539,7800,0.0,0.0
2025-06-24 00:00:00-04:00,45.30093887147799,45.87336705908431,45.30093887147799,45.82402038574219,4900,0.0,0.0
2025-06-25 00:00:00-04:00,45.76480871636812,45.76480871636812,44.93577168401074,45.62663650512695,3800,0.0,0.0
2025-06-26 00:00:00-04:00,47.16627925048224,47.16627925048224,46.13985169947163,46.19906997680664,61000,0.0,0.0
2025-06-27 00:00:00-04:00,46.36684058911234,46.36684058911234,45.39963150024414,45.39963150024414,265100,0.0,0.0
2025-06-30 00:00:00-04:00,46.801096578529766,46.801096578529766,45.21211263854544,45.39963150024414,23400,0.0,0.0
2025-07-01 00:00:00-04:00,45.4095044432216,46.3865852355957,45.39963661356175,46.3865852355957,16800,0.0,0.0
2025-07-02 00:00:00-04:00,46.00167719460675,47.81766286182377,46.00167719460675,46.49515151977539,21200,0.0,0.0
2025-07-03 00:00:00-04:00,46.60371071727419,46.60371071727419,46.564231872558594,46.564231872558594,2200,0.0,0.0
2025-07-07 00:00:00-04:00,46.52475525415225,46.74188514556831,46.40632247924805,46.40632247924805,4400,0.0,0.0
2025-07-08 00:00:00-04:00,46.465540548611415,46.524755053352926,46.21880340576172,46.21880340576172,3500,0.0,0.0
2025-07-09 00:00:00-04:00,46.54449562680141,46.54449562680141,45.695719232037455,46.00167465209961,3700,0.0,0.0
2025-07-10 00:00:00-04:00,46.24841276109718,46.24841276109718,45.34041807636961,45.59702682495117,7700,0.0,0.0
2025-07-11 00:00:00-04:00,45.69571809049838,45.69571809049838,45.20224380493164,45.20224380493164,4000,0.0,0.0
2025-07-14 00:00:00-04:00,45.37989128513227,45.41937012845564,45.21211184837252,45.38976287841797,3000,0.0,0.0
2025-07-15 00:00:00-04:00,45.47859040605784,45.47859040605784,44.58046362279904,44.906158447265625,6400,0.0,0.0
2025-07-16 00:00:00-04:00,45.429241416144535,45.429241416144535,44.17581628200549,44.60020446777344,8200,0.0,0.0
2025-07-17 00:00:00-04:00,44.41268844246876,45.883243560791016,44.41268844246876,45.883243560791016,24200,0.0,0.0
2025-07-18 00:00:00-04:00,45.91285198355165,45.91285198355165,43.88960798932578,44.185691833496094,9500,0.0,0.0
2025-07-21 00:00:00-04:00,43.69221224380705,44.64955353076157,43.42573568666785,43.75143051147461,7200,0.0,0.0
2025-07-22 00:00:00-04:00,43.66261013219987,44.82720608080729,43.66261013219987,44.4620361328125,7400,0.0,0.0
2025-07-23 00:00:00-04:00,45.00485392881511,46.189192982712356,45.00485392881511,45.902976989746094,3800,0.0,0.0
2025-07-24 00:00:00-04:00,45.705587398804774,45.873366840349945,45.49832534790039,45.49832534790039,2400,0.0,0.0
2025-07-25 00:00:00-04:00,45.58715158416053,47.07744598388672,45.58715158416053,47.07744598388672,1900,0.0,0.0
2025-07-28 00:00:00-04:00,46.62344994107859,47.39326858520508,46.62344994107859,47.39326858520508,4300,0.0,0.0
2025-07-29 00:00:00-04:00,46.258280561212125,47.37353355106838,46.258280561212125,46.47541046142578,3600,0.0,0.0
2025-07-30 00:00:00-04:00,47.57092419996652,47.86700803275409,45.64637363948199,45.9227180480957,5000,0.0,0.0
2025-07-31 00:00:00-04:00,47.294571095436964,47.294571095436964,45.370024500518866,45.448978424072266,2200,0.0,0.0
2025-08-01 00:00:00-04:00,45.35028734722695,45.68585001016379,45.152896881103516,45.152896881103516,12800,0.0,0.0
2025-08-04 00:00:00-04:00,45.3897636716957,45.45884976626416,45.3897636716957,45.39963150024414,3000,0.0,0.0
2025-08-05 00:00:00-04:00,45.15289496448545,46.53462440378883,45.15289496448545,46.2385368347168,4000,0.0,0.0
2025-08-06 00:00:00-04:00,46.21880340576172,46.21880340576172,46.21880340576172,46.21880340576172,1500,0.0,0.0
2025-08-07 00:00:00-04:00,45.794412663734086,45.794412663734086,45.448978424072266,45.448978424072266,2900,0.0,0.0
2025-08-08 00:00:00-04:00,46.00167566191056,46.258280645888085,45.39963640287807,45.45885467529297,6500,0.0,0.0
2025-08-11 00:00:00-04:00,45.45884855040686,45.82553482055664,45.39938877292665,45.82553482055664,6100,0.19,0.0
2025-08-12 00:00:00-04:00,45.87508703589492,46.449886322021484,45.85526584940714,46.449886322021484,10500,0.0,0.0
2025-08-13 00:00:00-04:00,46.28141399120655,46.33096506940439,46.28141399120655,46.3210563659668,3300,0.0,0.0
2025-08-14 00:00:00-04:00,46.90576800382334,46.90576800382334,45.934548727995335,46.439979553222656,4200,0.0,0.0
2025-08-15 00:00:00-04:00,45.924642287948956,46.91567901942778,45.825540127003116,46.13275909423828,6100,0.0,0.0
2025-08-18 00:00:00-04:00,46.3904251101411,46.3904251101411,45.99400895363966,46.04356002807617,7100,0.0,0.0
2025-08-19 00:00:00-04:00,46.33096672540309,46.68774054998754,46.33096672540309,46.50935363769531,1900,0.0,0.0
2025-08-20 00:00:00-04:00,46.33096513107238,47.797698974609375,46.33096513107238,47.797698974609375,2900,0.0,0.0
2025-08-21 00:00:00-04:00,47.282356808911246,47.282356808911246,46.69764504476762,46.826480865478516,2800,0.0,0.0
2025-08-22 00:00:00-04:00,47.66886451376379,48.4121420505512,47.66886451376379,48.223846435546875,9100,0.0,0.0
2025-08-25 00:00:00-04:00,48.14456562437282,48.17429551618163,48.104923248291016,48.104923248291016,3600,0.0,0.0
2025-08-26 00:00:00-04:00,48.085100679259774,48.114830570214764,47.678775787353516,47.678775787353516,2400,0.0,0.0
2025-08-27 00:00:00-04:00,47.41119558382188,48.08510083806347,47.41119558382188,47.559852600097656,5000,0.0,0.0
2025-08-28 00:00:00-04:00,47.27244994331732,47.27244994331732,46.89585494995117,46.89585494995117,5200,0.0,0.0
2025-08-29 00:00:00-04:00,47.07424383735138,47.07424383735138,46.81657595555862,46.84630584716797,2400,0.0,0.0
2025-09-02 00:00:00-04:00,46.72738086065072,46.72738086065072,46.638187408447266,46.638187408447266,2800,0.0,0.0
2025-09-03 00:00:00-04:00,46.66791749576153,46.7075598703535,46.47962188720703,46.47962188720703,2800,0.0,0.0
2025-09-04 00:00:00-04:00,46.77693154800973,46.96522715419879,46.59854464509172,46.955318450927734,3300,0.0,0.0
2025-09-05 00:00:00-04:00,47.07424379535194,47.07424379535194,46.82648461748167,46.885948181152344,3100,0.0,0.0
2025-09-08 00:00:00-04:00,46.578722046399456,46.578722046399456,46.54899215698242,46.54899215698242,2600,0.0,0.0
2025-09-09 00:00:00-04:00,46.430064700447176,47.33190788441398,46.430064700447176,46.826480865478516,3000,0.0,0.0
2025-09-10 00:00:00-04:00,46.757110595703125,46.757110595703125,46.628274769503335,46.757110595703125,2100,0.0,0.0
2025-09-11 00:00:00-04:00,46.50935028473192,46.50935028473192,45.97418958643618,46.11293411254883,5700,0.0,0.0
2025-09-12 00:00:00-04:00,45.93454695659515,45.94445944012201,44.715572337620976,44.73539352416992,11800,0.0,0.0
2025-09-15 00:00:00-04:00,45.29037679120054,45.46876369509209,45.092168700153834,45.18136215209961,3000,0.0,0.0
2025-09-16 00:00:00-04:00,44.82459041039102,45.7958059427302,44.82459041039102,45.03270721435547,4400,0.0,0.0
2025-09-17 00:00:00-04:00,44.85431663360417,46.14266728916427,44.85431663360417,44.93360137939453,4600,0.0,0.0
2025-09-18 00:00:00-04:00,45.141716863514795,46.04356002807617,45.141716863514795,46.04356002807617,3100,0.0,0.0
2025-09-19 00:00:00-04:00,45.68678938427462,46.62827498531384,45.68678938427462,46.5787239074707,22400,0.0,0.0
2025-09-22 00:00:00-04:00,45.29037634237105,45.73634359768037,45.29037634237105,45.55795669555664,4100,0.0,0.0
2025-09-23 00:00:00-04:00,45.68678847238725,45.90481774715118,45.58768631867901,45.756160736083984,3800,0.0,0.0
2025-09-24 00:00:00-04:00,45.58768608783906,45.954368591308594,45.58768608783906,45.954368591308594,2400,0.0,0.0
2025-09-25 00:00:00-04:00,46.4300651550293,46.4300651550293,46.4300651550293,46.4300651550293,1100,0.0,0.0
2025-09-26 00:00:00-04:00,46.89585446419308,47.31209182739258,46.747197452942224,47.31209182739258,2000,0.0,0.0
2025-09-29 00:00:00-04:00,47.47065531953562,47.47065531953562,45.92463684082031,45.92463684082031,2700,0.0,0.0
2025-09-30 00:00:00-04:00,46.57872508779559,46.57872508779559,45.61741827515821,45.647151947021484,4400,0.0,0.0
2025-10-01 00:00:00-04:00,45.6174185596282,45.6174185596282,45.4093017578125,45.4093017578125,3500,0.0,0.0
2025-10-02 00:00:00-04:00,45.58768479987064,45.5975935027094,45.40929790473511,45.44894027709961,14700,0.0,0.0
2025-10-03 00:00:00-04:00,45.58768980850598,46.04356579926981,45.58768980850598,46.01383590698242,1800,0.0,0.0
2025-10-06 00:00:00-04:00,46.083202865393844,46.083202865393844,45.666969299316406,45.666969299316406,2400,0.0,0.0
2025-10-07 00:00:00-04:00,45.73634163691262,45.73634163691262,45.587684631347656,45.587684631347656,6100,0.0,0.0
2025-10-08 00:00:00-04:00,45.5975970874177,45.83544755979886,45.5975970874177,45.647151947021484,3400,0.0,0.0
2025-10-09 00:00:00-04:00,46.003919900859415,46.003919900859415,45.637237395533134,45.756160736083984,2100,0.0,0.0
2025-10-10 00:00:00-04:00,45.61741872020322,45.62733120442268,45.25073619468886,45.29037857055664,15100,0.0,0.0
2025-10-13 00:00:00-04:00,45.57777980480765,45.587688508452494,45.19127231356829,45.52822494506836,2400,0.0,0.0
2025-10-14 00:00:00-04:00,45.44894233210531,45.44894233210531,45.320106506347656,45.320106506347656,1600,0.0,0.0
2025-10-15 00:00:00-04:00,45.56786923595087,45.56786923595087,45.39939480337209,45.53813934326172,2000,0.0,0.0
2025-10-16 00:00:00-04:00,45.26064043636603,45.38947625498247,44.21014404296875,44.21014404296875,18900,0.0,0.0
2025-10-17 00:00:00-04:00,44.21014765860446,44.57683017795766,44.21014765860446,44.36871337890625,1600,0.0,0.0
2025-10-20 00:00:00-04:00,44.210147029787684,44.88405227661133,44.210147029787684,44.88405227661133,2200,0.0,0.0
2025-10-21 00:00:00-04:00,45.181360387875756,45.181360387875756,45.05252456665039,45.05252456665039,1400,0.0,0.0
2025-10-22 00:00:00-04:00,44.59665055643527,45.022796630859375,44.59665055643527,45.022796630859375,2700,0.0,0.0
2025-10-23 00:00:00-04:00,44.903873443603516,44.903873443603516,44.903873443603516,44.903873443603516,500,0.0,0.0
2025-10-24 00:00:00-04:00,44.87413981303063,44.89396100035853,44.86423110961914,44.86423110961914,1200,0.0,0.0
2025-10-27 00:00:00-04:00,44.26960754394531,44.26960754394531,44.26960754394531,44.26960754394531,1600,0.0,0.0
2025-10-28 00:00:00-04:00,44.299339467734946,44.299339467734946,44.08131019272599,44.16059494018555,9100,0.0,0.0
2025-10-29 00:00:00-04:00,44.00203174521551,44.00203174521551,43.65516662597656,43.65516662597656,22100,0.0,0.0
2025-10-30 00:00:00-04:00,43.7542704863289,43.8038215637207,43.605613473648596,43.8038215637207,9700,0.0,0.0
2025-10-31 00:00:00-04:00,43.85337210184695,44.23987579345703,43.80382102506447,44.23987579345703,2500,0.0,0.0
2025-11-03 00:00:00-05:00,44.06148943446103,44.06148943446103,43.8038215637207,43.8038215637207,1100,0.0,0.0
2025-11-04 00:00:00-05:00,44.5966506260676,44.5966506260676,43.407405853271484,43.407405853271484,10000,0.0,0.0
2025-11-05 00:00:00-05:00,44.57682798329689,44.596649169921875,44.18041559231157,44.596649169921875,3300,0.0,0.0
2025-11-06 00:00:00-05:00,44.48763650462936,44.715574490157614,44.48763650462936,44.54710006713867,2400,0.0,0.0
2025-11-07 00:00:00-05:00,45.16415140283638,45.3134356509288,44.68643497514583,44.74614715576172,3000,0.19,0.0
2025-11-10 00:00:00-05:00,45.263674234898,45.78120131403427,44.74614715576172,44.74614715576172,2000,0.0,0.0
2025-11-11 00:00:00-05:00,44.48738552646909,45.06462478637695,44.48738552646909,45.06462478637695,2400,0.0,0.0
2025-11-12 00:00:00-05:00,45.233818028251285,45.26367411848244,44.59686279296875,44.59686279296875,5300,0.0,0.0
2025-11-13 00:00:00-05:00,44.7760058468688,45.18405552190863,44.447573676041515,44.52719497680664,6000,0.0,0.0
2025-11-14 00:00:00-05:00,44.845674142763656,44.845674142763656,44.55705261230469,44.55705261230469,1600,0.0,0.0
2025-11-17 00:00:00-05:00,44.646622642666976,44.68643329261374,44.447573189485674,44.56700134277344,4800,0.0,0.0
2025-11-18 00:00:00-05:00,44.52719497680664,44.52719497680664,44.52719497680664,44.52719497680664,1200,0.0,0.0
2025-11-19 00:00:00-05:00,44.44757290334847,44.44757290334847,43.90018975803816,43.949951171875,4500,0.0,0.0
2025-11-20 00:00:00-05:00,44.22861920919912,44.22861920919912,43.989762898314716,44.01961898803711,2100,0.0,0.0
2025-11-21 00:00:00-05:00,44.03952612332335,44.78595876948137,44.03952612332335,44.66653060913086,6700,0.0,0.0
2025-11-24 00:00:00-05:00,44.35800157202143,44.76605124670309,44.03952396234562,44.20871353149414,5300,0.0,0.0
2025-11-25 00:00:00-05:00,43.98976470095425,44.37790906946149,43.98976470095425,44.348052978515625,4900,0.0,0.0
2025-11-26 00:00:00-05:00,43.9599030120397,44.308240510529,43.9599030120397,44.01961898803711,3900,0.0,0.0
2025-11-28 00:00:00-05:00,43.96985663573836,44.099239349365234,43.80066327229514,44.099239349365234,3900,0.0,0.0
2025-12-01 00:00:00-05:00,43.850430005446725,44.149002296331524,43.81061935424805,43.81061935424805,2700,0.0,0.0
2025-12-02 00:00:00-05:00,43.800663107513955,43.800663107513955,43.631473541259766,43.631473541259766,3100,0.0,0.0
2025-12-03 00:00:00-05:00,43.78076171875,43.78076171875,43.78076171875,43.78076171875,2000,0.0,0.0
2025-12-04 00:00:00-05:00,44.079334964034516,44.149001704421856,43.89023627165237,44.01961898803711,2100,0.0,0.0
2025-12-05 00:00:00-05:00,43.68123747151467,44.119147049969705,43.68123747151467,43.90019226074219,6300,0.0,0.0
2025-12-08 00:00:00-05:00,44.04947449276567,44.22861862182617,43.93004633890951,44.22861862182617,26700,0.0,0.0
2025-12-09 00:00:00-05:00,44.09924112995164,44.17885863624652,43.7907142762464,44.10919189453125,22500,0.0,0.0
2025-12-10 00:00:00-05:00,44.188812255859375,44.487384542070735,44.188812255859375,44.188812255859375,6600,0.0,0.0
2025-12-11 00:00:00-05:00,44.338095680302615,44.41771697998047,44.2485236164413,44.41771697998047,3600,0.0,0.0
2025-12-12 00:00:00-05:00,44.33809792793747,44.48738597412505,44.26843118546399,44.38785934448242,5400,0.0,0.0
2025-12-15 00:00:00-05:00,44.28833520357682,44.48738466043151,43.989762916571095,44.338096618652344,5000,0.0,0.0
2025-12-16 00:00:00-05:00,44.48738623556062,44.68643569946289,44.48738623556062,44.68643569946289,5200,0.0,0.0
2025-12-17 00:00:00-05:00,44.54709545523292,44.776004791259766,44.54709545523292,44.776004791259766,5700,0.0,0.0
2025-12-18 00:00:00-05:00,44.447572721878224,44.73619423612706,44.447572721878224,44.6068115234375,4100,0.0,0.0
2025-12-19 00:00:00-05:00,44.6764802128607,44.6764802128607,42.546659725288826,43.00447082519531,40000,0.0,0.0
2025-12-22 00:00:00-05:00,43.05423048452193,43.63147351467811,43.00446907074528,43.31299591064453,6900,0.0,0.0
2025-12-23 00:00:00-05:00,43.78076250239277,43.78076250239277,43.0741367438449,43.233375549316406,7100,0.0,0.0
2025-12-24 00:00:00-05:00,43.263237475883216,43.54190444946289,43.263237475883216,43.54190444946289,1300,0.0,0.0
2025-12-26 00:00:00-05:00,43.253280776356355,43.40256881713867,43.253280776356355,43.40256881713867,2400,0.0,0.0
2025-12-29 00:00:00-05:00,43.41252172282026,43.41252172282026,43.21347225747644,43.223426818847656,2900,0.0,0.0
2025-12-30 00:00:00-05:00,43.06418443858545,43.253279326894045,43.06418443858545,43.20351791381836,3500,0.0,0.0
2025-12-31 00:00:00-05:00,43.29309119259604,43.541902061519004,43.29309119259604,43.4224739074707,5600,0.0,0.0
2026-01-02 00:00:00-05:00,43.412518973333825,43.412518973333825,43.24332940626633,43.2930908203125,2900,0.0,0.0
2026-01-05 00:00:00-05:00,43.29309369134181,43.49214315727922,43.29309369134181,43.37271499633789,2600,0.0,0.0
2026-01-06 00:00:00-05:00,43.36275934272146,43.36275934272146,43.103997701107424,43.303043365478516,3400,0.0,0.0
2026-01-07 00:00:00-05:00,43.15376007074683,43.15376007074683,42.90494918823242,42.90494918823242,1900,0.0,0.0
2026-01-08 00:00:00-05:00,42.95471073821404,43.37271499633789,42.95471073821404,43.37271499633789,8900,0.0,0.0
2026-01-09 00:00:00-05:00,43.46228183696717,43.49214172363281,43.452331072447066,43.49214172363281,3100,0.0,0.0
2026-01-12 00:00:00-05:00,43.53195249020379,43.66133141207142,43.53195249020379,43.64142608642578,2800,0.0,0.0
2026-01-13 00:00:00-05:00,43.293092630558725,43.631475575395314,43.293092630558725,43.621524810791016,9500,0.0,0.0
2026-01-14 00:00:00-05:00,43.551854742886064,43.62152528207965,43.541903978174254,43.58171463012695,10800,0.0,0.0
2026-01-15 00:00:00-05:00,43.531950012706076,43.69118881225586,43.531950012706076,43.69118881225586,6700,0.0,0.0
2026-01-16 00:00:00-05:00,43.740951068956555,44.02957258513024,43.740951068956555,43.78076171875,14200,0.0,0.0
2026-01-20 00:00:00-05:00,43.870334724400315,43.90019081411014,43.701141357421875,43.701141357421875,2700,0.0,0.0
2026-01-21 00:00:00-05:00,44.04947591739558,44.13904798482274,43.9897637368126,44.10919189453125,6300,0.0,0.0
2026-01-22 00:00:00-05:00,44.12909579303814,44.22861862182617,43.92009557465173,44.22861862182617,2200,0.0,0.0
2026-01-23 00:00:00-05:00,44.288337106494936,44.288337106494936,44.06938231489178,44.17885971069336,2400,0.0,0.0
2026-01-26 00:00:00-05:00,43.81061935424805,43.81061935424805,43.81061935424805,43.81061935424805,1400,0.0,0.0
2026-01-27 00:00:00-05:00,43.97980761035047,43.97980761035047,43.611568589168606,43.76085662841797,3300,0.0,0.0
2026-01-28 00:00:00-05:00,43.890235310853186,43.890235310853186,43.611568355404124,43.78076171875,2900,0.0,0.0
2026-01-29 00:00:00-05:00,43.770809173583984,43.770809173583984,43.770809173583984,43.770809173583984,2300,0.0,0.0
2026-01-30 00:00:00-05:00,43.66132892721046,43.80066240224747,43.66132892721046,43.69118881225586,9300,0.0,0.0
2026-02-02 00:00:00-05:00,43.691189402913196,43.800662994384766,43.691189402913196,43.800662994384766,6300,0.0,0.0
2026-02-03 00:00:00-05:00,43.70114114262804,44.03952407836914,43.69119037829121,44.03952407836914,7200,0.0,0.0
2026-02-04 00:00:00-05:00,43.910140968249806,44.23857313670392,43.5916633605957,43.5916633605957,5900,0.0,0.0
2026-02-05 00:00:00-05:00,43.89023472937403,43.98976135253906,43.770806578128465,43.98976135253906,2000,0.0,0.0
2026-02-06 00:00:00-05:00,44.23857473479867,44.23857473479867,43.94000244140625,43.94000244140625,4000,0.0,0.0
2026-02-09 00:00:00-05:00,44.06999969482422,44.209999084472656,43.939998626708984,44.08000183105469,4100,0.21,0.0
2026-02-10 00:00:00-05:00,43.959999084472656,44.380001068115234,43.959999084472656,44.369998931884766,5300,0.0,0.0
2026-02-11 00:00:00-05:00,44.369998931884766,44.369998931884766,43.7599983215332,43.7599983215332,5500,0.0,0.0
2026-02-12 00:00:00-05:00,44.290000915527344,44.290000915527344,43.709999084472656,43.709999084472656,4100,0.0,0.0
2026-02-13 00:00:00-05:00,43.849998474121094,44.369998931884766,43.790000915527344,44.29999923706055,9500,0.0,0.0
2026-02-17 00:00:00-05:00,43.84000015258789,44.150001525878906,43.84000015258789,43.88999938964844,2700,0.0,0.0
2026-02-18 00:00:00-05:00,43.7400016784668,43.81999969482422,43.7400016784668,43.810001373291016,2900,0.0,0.0
2026-02-19 00:00:00-05:00,43.630001068115234,43.66999816894531,43.52000045776367,43.65999984741211,2200,0.0,0.0
2026-02-20 00:00:00-05:00,43.5,43.939998626708984,43.400001525878906,43.560001373291016,7200,0.0,0.0
2026-02-23 00:00:00-05:00,43.290000915527344,43.310001373291016,42.400001525878906,42.7400016784668,17700,0.0,0.0
2026-02-24 00:00:00-05:00,43.040000915527344,43.040000915527344,42.689998626708984,42.709999084472656,2100,0.0,0.0
2026-02-25 00:00:00-05:00,42.720001220703125,42.83000183105469,42.68000030517578,42.77000045776367,5600,0.0,0.0
2026-02-26 00:00:00-05:00,43.130001068115234,43.130001068115234,42.599998474121094,42.7400016784668,3400,0.0,0.0
2026-02-27 00:00:00-05:00,42.5,42.790000915527344,42.400001525878906,42.470001220703125,6500,0.0,0.0
2026-03-02 00:00:00-05:00,42.529998779296875,42.68000030517578,42.40999984741211,42.68000030517578,3500,0.0,0.0
2026-03-03 00:00:00-05:00,42.599998474121094,42.65999984741211,42.400001525878906,42.400001525878906,2500,0.0,0.0
2026-03-04 00:00:00-05:00,42.599998474121094,42.779998779296875,42.599998474121094,42.720001220703125,5100,0.0,0.0
2026-03-05 00:00:00-05:00,42.70000076293945,42.849998474121094,42.0,42.02000045776367,5600,0.0,0.0
2026-03-06 00:00:00-05:00,42.02000045776367,42.31999969482422,41.75,41.77000045776367,6400,0.0,0.0
2026-03-09 00:00:00-04:00,42.099998474121094,42.11000061035156,41.75,42.11000061035156,7900,0.0,0.0
2026-03-10 00:00:00-04:00,41.95000076293945,42.08000183105469,41.349998474121094,41.45000076293945,8700,0.0,0.0
2026-03-11 00:00:00-04:00,42.02000045776367,42.02000045776367,41.369998931884766,41.369998931884766,3300,0.0,0.0
2026-03-12 00:00:00-04:00,41.349998474121094,41.650001525878906,41.349998474121094,41.349998474121094,3700,0.0,0.0
2026-03-13 00:00:00-04:00,41.36000061035156,41.52000045776367,41.060001373291016,41.060001373291016,4100,0.0,0.0
2026-03-16 00:00:00-04:00,41.2599983215332,41.36000061035156,41.20000076293945,41.20000076293945,2000,0.0,0.0
2026-03-17 00:00:00-04:00,41.41999816894531,41.41999816894531,41.25,41.290000915527344,3300,0.0,0.0
2026-03-18 00:00:00-04:00,41.0099983215332,41.4900016784668,40.68000030517578,41.4900016784668,24600,0.0,0.0
2026-03-19 00:00:00-04:00,41.81999969482422,42.20000076293945,41.34000015258789,42.189998626708984,31500,0.0,0.0
2026-03-20 00:00:00-04:00,42.04999923706055,44.18000030517578,41.86000061035156,43.880001068115234,42900,0.0,0.0
2026-03-23 00:00:00-04:00,43.95000076293945,45.099998474121094,43.400001525878906,44.9900016784668,27500,0.0,0.0
2026-03-24 00:00:00-04:00,44.77000045776367,46.099998474121094,44.75,45.63999938964844,26300,0.0,0.0
2026-03-25 00:00:00-04:00,44.939998626708984,44.9900016784668,43.7400016784668,43.7400016784668,7900,0.0,0.0
2026-03-26 00:00:00-04:00,43.58000183105469,44.290000915527344,43.08000183105469,43.88999938964844,5600,0.0,0.0
2026-03-27 00:00:00-04:00,43.779998779296875,44.290000915527344,42.86000061035156,43.31999969482422,4100,0.0,0.0
2026-03-30 00:00:00-04:00,43.619998931884766,44.349998474121094,43.619998931884766,44.33000183105469,6000,0.0,0.0
2026-03-31 00:00:00-04:00,44.130001068115234,44.349998474121094,43.709999084472656,43.709999084472656,4500,0.0,0.0
2026-04-01 00:00:00-04:00,43.95000076293945,44.099998474121094,41.86000061035156,41.86000061035156,8100,0.0,0.0
2026-04-02 00:00:00-04:00,42.04999923706055,42.04999923706055,41.81999969482422,41.81999969482422,3500,0.0,0.0
2026-04-06 00:00:00-04:00,41.95000076293945,42.779998779296875,41.95000076293945,42.779998779296875,4635,0.0,0.0
