Date,Open,High,Low,Close,Volume,Dividends,Stock Splits
2022-01-03 00:00:00-05:00,33.68000030517578,34.189998626708984,32.349998474121094,32.88999938964844,6798800,0.0,0.0
2022-01-04 00:00:00-05:00,33.599998474121094,35.47999954223633,32.63999938964844,34.130001068115234,10570500,0.0,0.0
2022-01-05 00:00:00-05:00,33.29999923706055,33.900001525878906,29.209999084472656,29.6200008392334,15872200,0.0,0.0
2022-01-06 00:00:00-05:00,29.709999084472656,30.40999984741211,27.0,29.299999237060547,10608000,0.0,0.0
2022-01-07 00:00:00-05:00,28.479999542236328,29.40999984741211,27.200000762939453,28.489999771118164,9316400,0.0,0.0
2022-01-10 00:00:00-05:00,26.8799991607666,29.219999313354492,26.270000457763672,28.93000030517578,11521500,0.0,0.0
2022-01-11 00:00:00-05:00,28.610000610351562,30.3799991607666,28.059999465942383,29.579999923706055,11142700,0.0,0.0
2022-01-12 00:00:00-05:00,31.360000610351562,31.790000915527344,29.799999237060547,30.360000610351562,14678500,0.0,0.0
2022-01-13 00:00:00-05:00,30.940000534057617,31.389999389648438,27.860000610351562,28.100000381469727,12245300,0.0,0.0
2022-01-14 00:00:00-05:00,27.579999923706055,29.09000015258789,27.420000076293945,28.59000015258789,9692000,0.0,0.0
2022-01-18 00:00:00-05:00,27.579999923706055,28.09000015258789,25.950000762939453,26.06999969482422,9234500,0.0,0.0
2022-01-19 00:00:00-05:00,26.350000381469727,27.020000457763672,24.780000686645508,24.850000381469727,9449800,0.0,0.0
2022-01-20 00:00:00-05:00,25.3799991607666,27.34000015258789,24.739999771118164,24.829999923706055,12531600,0.0,0.0
2022-01-21 00:00:00-05:00,23.0,24.309999465942383,21.920000076293945,22.059999465942383,17539900,0.0,0.0
2022-01-24 00:00:00-05:00,19.81999969482422,23.020000457763672,19.43000030517578,22.899999618530273,22122500,0.0,0.0
2022-01-25 00:00:00-05:00,22.56999969482422,23.43000030517578,21.43000030517578,22.18000030517578,14056100,0.0,0.0
2022-01-26 00:00:00-05:00,24.0,24.219999313354492,20.950000762939453,21.459999084472656,17840600,0.0,0.0
2022-01-27 00:00:00-05:00,21.5,21.920000076293945,19.600000381469727,19.790000915527344,12599000,0.0,0.0
2022-01-28 00:00:00-05:00,20.56999969482422,22.0,19.43000030517578,21.969999313354492,13896100,0.0,0.0
2022-01-31 00:00:00-05:00,22.059999465942383,23.600000381469727,21.280000686645508,23.540000915527344,12131500,0.0,0.0
2022-02-01 00:00:00-05:00,24.09000015258789,25.219999313354492,23.190000534057617,25.030000686645508,13900700,0.0,0.0
2022-02-02 00:00:00-05:00,24.450000762939453,24.75,22.40999984741211,23.020000457763672,11073700,0.0,0.0
2022-02-03 00:00:00-05:00,21.979999542236328,22.649999618530273,21.010000228881836,21.209999084472656,8835300,0.0,0.0
2022-02-04 00:00:00-05:00,22.110000610351562,23.84000015258789,21.079999923706055,23.510000228881836,19894200,0.0,0.0
2022-02-07 00:00:00-05:00,25.0,26.540000915527344,24.969999313354492,25.579999923706055,22861600,0.0,0.0
2022-02-08 00:00:00-05:00,25.0,26.399999618530273,24.6200008392334,26.329999923706055,12740300,0.0,0.0
2022-02-09 00:00:00-05:00,26.799999237060547,29.040000915527344,26.350000381469727,28.989999771118164,14937600,0.0,0.0
2022-02-10 00:00:00-05:00,27.8799991607666,31.440000534057617,27.65999984741211,28.81999969482422,20081600,0.0,0.0
2022-02-11 00:00:00-05:00,28.780000686645508,29.739999771118164,26.459999084472656,26.93000030517578,15399100,0.0,0.0
2022-02-14 00:00:00-05:00,26.850000381469727,27.899999618530273,25.270000457763672,25.549999237060547,12765700,0.0,0.0
2022-02-15 00:00:00-05:00,27.549999237060547,28.93000030517578,27.440000534057617,28.6299991607666,15775800,0.0,0.0
2022-02-16 00:00:00-05:00,27.56999969482422,28.93000030517578,27.110000610351562,28.399999618530273,10612800,0.0,0.0
2022-02-17 00:00:00-05:00,27.139999389648438,27.8799991607666,25.5,25.719999313354492,10745900,0.0,0.0
2022-02-18 00:00:00-05:00,25.6200008392334,25.760000228881836,23.829999923706055,23.889999389648438,10793200,0.0,0.0
2022-02-22 00:00:00-05:00,22.899999618530273,24.100000381469727,22.010000228881836,22.530000686645508,12002300,0.0,0.0
2022-02-23 00:00:00-05:00,23.40999984741211,23.899999618530273,20.940000534057617,21.040000915527344,11574400,0.0,0.0
2022-02-24 00:00:00-05:00,19.559999465942383,23.020000457763672,19.510000228881836,22.959999084472656,16630200,0.0,0.0
2022-02-25 00:00:00-05:00,23.389999389648438,23.729999542236328,22.010000228881836,23.06999969482422,12124700,0.0,0.0
2022-02-28 00:00:00-05:00,23.200000762939453,25.979999542236328,23.1299991607666,25.350000381469727,20632400,0.0,0.0
2022-03-01 00:00:00-05:00,27.3700008392334,27.489999771118164,24.959999084472656,26.079999923706055,21748400,0.0,0.0
2022-03-02 00:00:00-05:00,25.549999237060547,27.100000381469727,25.329999923706055,26.8799991607666,13294100,0.0,0.0
2022-03-03 00:00:00-05:00,26.600000381469727,27.25,24.520000457763672,24.65999984741211,9503000,0.0,0.0
2022-03-04 00:00:00-05:00,24.729999542236328,25.18000030517578,22.459999084472656,22.81999969482422,10856100,0.0,0.0
2022-03-07 00:00:00-05:00,23.1200008392334,23.8799991607666,21.450000762939453,21.479999542236328,10943700,0.0,0.0
2022-03-08 00:00:00-05:00,21.75,23.489999771118164,21.280000686645508,22.350000381469727,10851600,0.0,0.0
2022-03-09 00:00:00-05:00,24.399999618530273,26.190000534057617,24.030000686645508,25.68000030517578,15228000,0.0,0.0
2022-03-10 00:00:00-05:00,24.010000228881836,24.850000381469727,23.290000915527344,24.75,9376100,0.0,0.0
2022-03-11 00:00:00-05:00,25.139999389648438,25.209999084472656,22.440000534057617,22.489999771118164,8914600,0.0,0.0
2022-03-14 00:00:00-04:00,22.299999237060547,22.43000030517578,20.950000762939453,21.40999984741211,8346700,0.0,0.0
2022-03-15 00:00:00-04:00,21.329999923706055,22.469999313354492,20.31999969482422,22.40999984741211,8796100,0.0,0.0
2022-03-16 00:00:00-04:00,23.309999465942383,24.270000457763672,22.190000534057617,24.229999542236328,11982600,0.0,0.0
2022-03-17 00:00:00-04:00,24.049999237060547,26.700000762939453,24.0,26.65999984741211,11090600,0.0,0.0
2022-03-18 00:00:00-04:00,26.100000381469727,28.030000686645508,26.040000915527344,27.920000076293945,10161500,0.0,0.0
2022-03-21 00:00:00-04:00,27.940000534057617,28.790000915527344,26.559999465942383,27.6299991607666,8684300,0.0,0.0
2022-03-22 00:00:00-04:00,28.93000030517578,30.959999084472656,28.799999237060547,29.440000534057617,13227200,0.0,0.0
2022-03-23 00:00:00-04:00,29.149999618530273,30.299999237060547,28.510000228881836,29.25,8156700,0.0,0.0
2022-03-24 00:00:00-04:00,30.040000915527344,30.469999313354492,28.31999969482422,30.329999923706055,11874000,0.0,0.0
2022-03-25 00:00:00-04:00,31.280000686645508,31.489999771118164,28.219999313354492,28.889999389648438,12140800,0.0,0.0
2022-03-28 00:00:00-04:00,31.059999465942383,32.7400016784668,30.100000381469727,31.270000457763672,19226400,0.0,0.0
2022-03-29 00:00:00-04:00,31.350000381469727,31.649999618530273,29.309999465942383,31.139999389648438,11228200,0.0,0.0
2022-03-30 00:00:00-04:00,30.489999771118164,31.3799991607666,29.280000686645508,29.559999465942383,8076200,0.0,0.0
2022-03-31 00:00:00-04:00,29.8700008392334,30.190000534057617,27.920000076293945,27.950000762939453,8306200,0.0,0.0
2022-04-01 00:00:00-04:00,27.860000610351562,29.059999465942383,27.3700008392334,28.540000915527344,9201800,0.0,0.0
2022-04-04 00:00:00-04:00,28.540000915527344,28.950000762939453,27.600000381469727,28.920000076293945,8319500,0.0,0.0
2022-04-05 00:00:00-04:00,29.350000381469727,29.489999771118164,26.020000457763672,26.260000228881836,11188600,0.0,0.0
2022-04-06 00:00:00-04:00,25.200000762939453,25.6200008392334,23.84000015258789,24.190000534057617,10107300,0.0,0.0
2022-04-07 00:00:00-04:00,24.049999237060547,24.610000610351562,22.81999969482422,23.770000457763672,9526000,0.0,0.0
2022-04-08 00:00:00-04:00,23.559999465942383,23.809999465942383,22.610000610351562,22.68000030517578,9102800,0.0,0.0
2022-04-11 00:00:00-04:00,22.049999237060547,22.8700008392334,21.399999618530273,21.920000076293945,6768500,0.0,0.0
2022-04-12 00:00:00-04:00,22.549999237060547,23.350000381469727,20.850000381469727,21.15999984741211,10968500,0.0,0.0
2022-04-13 00:00:00-04:00,21.020000457763672,22.579999923706055,20.940000534057617,22.299999237060547,8389000,0.0,0.0
2022-04-14 00:00:00-04:00,22.299999237060547,22.3700008392334,20.93000030517578,21.229999542236328,8928500,0.0,0.0
2022-04-18 00:00:00-04:00,20.90999984741211,21.260000228881836,19.790000915527344,20.899999618530273,9628200,0.0,0.0
2022-04-19 00:00:00-04:00,21.100000381469727,21.93000030517578,20.40999984741211,21.5,8523000,0.0,0.0
2022-04-20 00:00:00-04:00,21.700000762939453,22.09000015258789,20.25,20.719999313354492,8875000,0.0,0.0
2022-04-21 00:00:00-04:00,21.299999237060547,21.989999771118164,19.1200008392334,19.31999969482422,12743700,0.0,0.0
2022-04-22 00:00:00-04:00,19.079999923706055,19.770000457763672,18.09000015258789,18.149999618530273,9866700,0.0,0.0
2022-04-25 00:00:00-04:00,17.780000686645508,18.780000686645508,17.600000381469727,18.719999313354492,11327400,0.0,0.0
2022-04-26 00:00:00-04:00,18.5,18.56999969482422,17.020000457763672,17.100000381469727,8916400,0.0,0.0
2022-04-27 00:00:00-04:00,17.0,18.149999618530273,16.639999389648438,16.719999313354492,11128700,0.0,0.0
2022-04-28 00:00:00-04:00,16.8700008392334,17.260000228881836,15.59000015258789,16.860000610351562,13725900,0.0,0.0
2022-04-29 00:00:00-04:00,16.6299991607666,17.479999542236328,15.529999732971191,15.600000381469727,10525700,0.0,0.0
2022-05-02 00:00:00-04:00,15.5600004196167,16.920000076293945,15.050000190734863,16.65999984741211,13859700,0.0,0.0
2022-05-03 00:00:00-04:00,16.350000381469727,17.31999969482422,16.229999542236328,16.780000686645508,7599000,0.0,0.0
2022-05-04 00:00:00-04:00,16.8799991607666,17.829999923706055,15.609999656677246,17.760000228881836,11809900,0.0,0.0
2022-05-05 00:00:00-04:00,17.270000457763672,17.399999618530273,15.539999961853027,15.899999618530273,9300500,0.0,0.0
2022-05-06 00:00:00-04:00,15.470000267028809,15.8100004196167,14.449999809265137,14.949999809265137,8417600,0.0,0.0
2022-05-09 00:00:00-04:00,13.9399995803833,14.029999732971191,11.770000457763672,12.079999923706055,15825000,0.0,0.0
2022-05-10 00:00:00-04:00,12.859999656677246,13.1899995803833,11.539999961853027,11.800000190734863,12884500,0.0,0.0
2022-05-11 00:00:00-04:00,11.0,12.170000076293945,9.90999984741211,9.979999542236328,17834900,0.0,0.0
2022-05-12 00:00:00-04:00,9.489999771118164,10.600000381469727,8.800000190734863,10.149999618530273,20886700,0.0,0.0
2022-05-13 00:00:00-04:00,11.170000076293945,12.0,10.920000076293945,11.390000343322754,15326200,0.0,0.0
2022-05-16 00:00:00-04:00,11.180000305175781,11.199999809265137,10.130000114440918,10.319999694824219,11021300,0.0,0.0
2022-05-17 00:00:00-04:00,10.779999732971191,11.260000228881836,10.510000228881836,11.09000015258789,10896800,0.0,0.0
2022-05-18 00:00:00-04:00,10.609999656677246,10.989999771118164,9.930000305175781,10.15999984741211,9931700,0.0,0.0
2022-05-19 00:00:00-04:00,10.1899995803833,10.930000305175781,10.119999885559082,10.350000381469727,10241700,0.0,0.0
2022-05-20 00:00:00-04:00,10.649999618530273,10.699999809265137,9.210000038146973,9.770000457763672,12378000,0.0,0.0
2022-05-23 00:00:00-04:00,9.880000114440918,10.260000228881836,9.520000457763672,9.930000305175781,9389500,0.0,0.0
2022-05-24 00:00:00-04:00,9.609999656677246,9.800000190734863,8.739999771118164,9.0,11216500,0.0,0.0
2022-05-25 00:00:00-04:00,8.890000343322754,9.4399995803833,8.84000015258789,9.270000457763672,6868700,0.0,0.0
2022-05-26 00:00:00-04:00,8.8100004196167,9.960000038146973,8.529999732971191,9.850000381469727,15650000,0.0,0.0
2022-05-27 00:00:00-04:00,9.970000267028809,10.479999542236328,9.8100004196167,10.270000457763672,13974000,0.0,0.0
2022-05-31 00:00:00-04:00,11.039999961853027,11.170000076293945,10.020000457763672,10.229999542236328,19496600,0.0,0.0
2022-06-01 00:00:00-04:00,10.300000190734863,10.350000381469727,9.109999656677246,9.220000267028809,14993800,0.0,0.0
2022-06-02 00:00:00-04:00,9.140000343322754,9.600000381469727,9.100000381469727,9.34000015258789,11644100,0.0,0.0
2022-06-03 00:00:00-04:00,9.069999694824219,9.109999656677246,8.399999618530273,8.800000190734863,11020700,0.0,0.0
2022-06-06 00:00:00-04:00,9.229999542236328,9.260000228881836,8.699999809265137,8.930000305175781,10203500,0.0,0.0
2022-06-07 00:00:00-04:00,8.649999618530273,8.880000114440918,8.319999694824219,8.6899995803833,10773200,0.0,0.0
2022-06-08 00:00:00-04:00,8.640000343322754,9.140000343322754,8.390000343322754,8.529999732971191,11217000,0.0,0.0
2022-06-09 00:00:00-04:00,8.399999618530273,8.4399995803833,7.650000095367432,7.659999847412109,13904900,0.0,0.0
2022-06-10 00:00:00-04:00,7.349999904632568,7.690000057220459,7.25,7.539999961853027,10500400,0.0,0.0
2022-06-13 00:00:00-04:00,6.150000095367432,7.0,6.119999885559082,6.650000095367432,18789100,0.0,0.0
2022-06-14 00:00:00-04:00,6.539999961853027,7.070000171661377,6.409999847412109,6.940000057220459,10702200,0.0,0.0
2022-06-15 00:00:00-04:00,6.710000038146973,7.170000076293945,6.550000190734863,6.869999885559082,18151300,0.0,0.0
2022-06-16 00:00:00-04:00,6.730000019073486,6.820000171661377,6.269999980926514,6.570000171661377,12253800,0.0,0.0
2022-06-17 00:00:00-04:00,6.460000038146973,6.840000152587891,6.440000057220459,6.610000133514404,10248600,0.0,0.0
2022-06-21 00:00:00-04:00,6.940000057220459,7.789999961853027,6.889999866485596,7.21999979019165,16390900,0.0,0.0
2022-06-22 00:00:00-04:00,7.070000171661377,7.329999923706055,6.71999979019165,6.75,10511200,0.0,0.0
2022-06-23 00:00:00-04:00,6.769999980926514,7.099999904632568,6.510000228881836,7.050000190734863,13282100,0.0,0.0
2022-06-24 00:00:00-04:00,7.170000076293945,7.760000228881836,7.119999885559082,7.420000076293945,13665900,0.0,0.0
2022-06-27 00:00:00-04:00,7.480000019073486,7.5,6.809999942779541,6.849999904632568,9098200,0.0,0.0
2022-06-28 00:00:00-04:00,6.949999809265137,7.150000095367432,6.320000171661377,6.429999828338623,10430900,0.0,0.0
2022-06-29 00:00:00-04:00,6.25,6.269999980926514,5.650000095367432,5.800000190734863,12163900,0.0,0.0
2022-06-30 00:00:00-04:00,5.53000020980835,5.769999980926514,5.269999980926514,5.340000152587891,10706100,0.0,0.0
2022-07-01 00:00:00-04:00,5.409999847412109,5.699999809265137,5.28000020980835,5.539999961853027,11547900,0.0,0.0
2022-07-05 00:00:00-04:00,5.400000095367432,6.079999923706055,5.199999809265137,6.070000171661377,12317300,0.0,0.0
2022-07-06 00:00:00-04:00,5.940000057220459,6.070000171661377,5.610000133514404,5.650000095367432,11174600,0.0,0.0
2022-07-07 00:00:00-04:00,5.769999980926514,7.090000152587891,5.710000038146973,7.010000228881836,20439600,0.0,0.0
2022-07-08 00:00:00-04:00,6.650000095367432,8.899999618530273,6.599999904632568,8.510000228881836,49125100,0.0,0.0
2022-07-11 00:00:00-04:00,7.900000095367432,8.289999961853027,7.670000076293945,7.809999942779541,14270700,0.0,0.0
2022-07-12 00:00:00-04:00,7.75,7.989999771118164,7.360000133514404,7.670000076293945,10812500,0.0,0.0
2022-07-13 00:00:00-04:00,7.5,7.900000095367432,7.050000190734863,7.760000228881836,12906700,0.0,0.0
2022-07-14 00:00:00-04:00,7.590000152587891,8.100000381469727,7.260000228881836,8.0,15079800,0.0,0.0
2022-07-15 00:00:00-04:00,8.260000228881836,8.5600004196167,7.670000076293945,8.039999961853027,13282100,0.0,0.0
2022-07-18 00:00:00-04:00,8.829999923706055,10.970000267028809,8.699999809265137,9.760000228881836,43749500,0.0,0.0
2022-07-19 00:00:00-04:00,10.369999885559082,13.0,9.850000381469727,12.899999618530273,58076500,0.0,0.0
2022-07-20 00:00:00-04:00,13.550000190734863,14.199999809265137,11.859999656677246,12.470000267028809,70804300,0.0,0.0
2022-07-21 00:00:00-04:00,11.760000228881836,13.510000228881836,11.670000076293945,13.489999771118164,31470900,0.0,0.0
2022-07-22 00:00:00-04:00,13.890000343322754,13.920000076293945,12.0600004196167,12.420000076293945,29213400,0.0,0.0
2022-07-25 00:00:00-04:00,11.699999809265137,12.479999542236328,11.510000228881836,11.569999694824219,16546800,0.0,0.0
2022-07-26 00:00:00-04:00,11.1899995803833,11.289999961853027,10.079999923706055,10.109999656677246,13455500,0.0,0.0
2022-07-27 00:00:00-04:00,10.869999885559082,12.649999618530273,10.579999923706055,12.319999694824219,31321000,0.0,0.0
2022-07-28 00:00:00-04:00,12.319999694824219,13.720000267028809,11.84000015258789,13.199999809265137,36781000,0.0,0.0
2022-07-29 00:00:00-04:00,12.819999694824219,14.170000076293945,12.579999923706055,12.989999771118164,31918900,0.0,0.0
2022-08-01 00:00:00-04:00,12.5,13.1899995803833,11.829999923706055,12.270000457763672,20688000,0.0,0.0
2022-08-02 00:00:00-04:00,11.899999618530273,13.640000343322754,11.8100004196167,12.960000038146973,23868600,0.0,0.0
2022-08-03 00:00:00-04:00,13.170000076293945,13.770000457763672,12.930000305175781,13.279999732971191,24463900,0.0,0.0
2022-08-04 00:00:00-04:00,13.5,15.029999732971191,13.300000190734863,13.420000076293945,27091800,0.0,0.0
2022-08-05 00:00:00-04:00,13.229999542236328,14.390000343322754,13.130000114440918,14.170000076293945,17207100,0.0,0.0
2022-08-08 00:00:00-04:00,15.279999732971191,15.779999732971191,14.25,14.430000305175781,19936600,0.0,0.0
2022-08-09 00:00:00-04:00,14.010000228881836,14.949999809265137,13.34000015258789,14.109999656677246,16261100,0.0,0.0
2022-08-10 00:00:00-04:00,15.359999656677246,16.989999771118164,14.65999984741211,16.360000610351562,32584700,0.0,0.0
2022-08-11 00:00:00-04:00,17.719999313354492,18.8799991607666,16.809999465942383,17.190000534057617,29953900,0.0,0.0
2022-08-12 00:00:00-04:00,17.25,18.299999237060547,16.389999389648438,18.239999771118164,17649100,0.0,0.0
2022-08-15 00:00:00-04:00,17.979999542236328,18.469999313354492,17.3799991607666,17.649999618530273,14104800,0.0,0.0
2022-08-16 00:00:00-04:00,17.549999237060547,17.809999465942383,16.270000457763672,16.8799991607666,17057400,0.0,0.0
2022-08-17 00:00:00-04:00,16.299999237060547,16.670000076293945,15.300000190734863,15.449999809265137,17188500,0.0,0.0
2022-08-18 00:00:00-04:00,15.75,15.819999694824219,15.050000190734863,15.59000015258789,10602400,0.0,0.0
2022-08-19 00:00:00-04:00,13.880000114440918,14.359999656677246,13.050000190734863,13.180000305175781,16042600,0.0,0.0
2022-08-22 00:00:00-04:00,12.619999885559082,13.470000267028809,12.529999732971191,12.930000305175781,11300100,0.0,0.0
2022-08-23 00:00:00-04:00,13.1899995803833,14.380000114440918,13.029999732971191,13.710000038146973,15897400,0.0,0.0
2022-08-24 00:00:00-04:00,13.579999923706055,14.350000381469727,13.40999984741211,13.779999732971191,12283100,0.0,0.0
2022-08-25 00:00:00-04:00,13.829999923706055,14.239999771118164,12.59000015258789,12.880000114440918,17280700,0.0,0.0
2022-08-26 00:00:00-04:00,13.210000038146973,13.279999732971191,11.25,11.350000381469727,20712100,0.0,0.0
2022-08-29 00:00:00-04:00,11.130000114440918,12.380000114440918,11.09000015258789,11.8100004196167,14423400,0.0,0.0
2022-08-30 00:00:00-04:00,11.989999771118164,12.170000076293945,11.020000457763672,11.529999732971191,12817200,0.0,0.0
2022-08-31 00:00:00-04:00,11.680000305175781,12.239999771118164,11.420000076293945,11.850000381469727,11566000,0.0,0.0
2022-09-01 00:00:00-04:00,11.479999542236328,11.6899995803833,10.720000267028809,11.510000228881836,10899800,0.0,0.0
2022-09-02 00:00:00-04:00,11.8100004196167,11.899999618530273,10.989999771118164,11.380000114440918,13466200,0.0,0.0
2022-09-06 00:00:00-04:00,11.399999618530273,12.100000381469727,10.729999542236328,11.119999885559082,18766000,0.0,0.0
2022-09-07 00:00:00-04:00,10.949999809265137,11.699999809265137,10.819999694824219,11.680000305175781,12185500,0.0,0.0
2022-09-08 00:00:00-04:00,11.4399995803833,13.279999732971191,11.300000190734863,13.260000228881836,19147800,0.0,0.0
2022-09-09 00:00:00-04:00,14.079999923706055,14.550000190734863,13.670000076293945,14.15999984741211,22814400,0.0,0.0
2022-09-12 00:00:00-04:00,14.670000076293945,15.149999618530273,13.880000114440918,14.430000305175781,19467800,0.0,0.0
2022-09-13 00:00:00-04:00,13.050000190734863,13.649999618530273,12.800000190734863,12.819999694824219,14978700,0.0,0.0
2022-09-14 00:00:00-04:00,12.880000114440918,13.050000190734863,12.40999984741211,12.600000381469727,9742100,0.0,0.0
2022-09-15 00:00:00-04:00,12.399999618530273,13.170000076293945,12.050000190734863,12.069999694824219,13775000,0.0,0.0
2022-09-16 00:00:00-04:00,11.699999809265137,11.720000267028809,10.90999984741211,10.920000076293945,14387900,0.0,0.0
2022-09-19 00:00:00-04:00,10.4399995803833,11.050000190734863,10.390000343322754,10.869999885559082,13102600,0.0,0.0
2022-09-20 00:00:00-04:00,10.59000015258789,10.850000381469727,10.229999542236328,10.260000228881836,10026000,0.0,0.0
2022-09-21 00:00:00-04:00,10.399999618530273,11.569999694824219,10.220000267028809,10.850000381469727,21457100,0.0,0.0
2022-09-22 00:00:00-04:00,10.630000114440918,10.960000038146973,10.079999923706055,10.520000457763672,10893900,0.0,0.0
2022-09-23 00:00:00-04:00,9.989999771118164,10.140000343322754,9.359999656677246,9.470000267028809,16445100,0.0,0.0
2022-09-26 00:00:00-04:00,9.619999885559082,10.220000267028809,9.520000457763672,9.609999656677246,13707100,0.0,0.0
2022-09-27 00:00:00-04:00,10.369999885559082,10.640000343322754,9.600000381469727,9.869999885559082,19299400,0.0,0.0
2022-09-28 00:00:00-04:00,9.8100004196167,11.020000457763672,9.770000457763672,10.949999809265137,19269000,0.0,0.0
2022-09-29 00:00:00-04:00,10.510000228881836,10.800000190734863,10.050000190734863,10.770000457763672,12878300,0.0,0.0
2022-09-30 00:00:00-04:00,10.770000457763672,11.829999923706055,10.470000267028809,10.710000038146973,20135100,0.0,0.0
2022-10-03 00:00:00-04:00,10.949999809265137,11.329999923706055,10.390000343322754,11.079999923706055,16559000,0.0,0.0
2022-10-04 00:00:00-04:00,11.789999961853027,12.989999771118164,11.779999732971191,12.880000114440918,22364700,0.0,0.0
2022-10-05 00:00:00-04:00,12.289999961853027,12.920000076293945,11.960000038146973,12.84000015258789,16236100,0.0,0.0
2022-10-06 00:00:00-04:00,12.869999885559082,13.789999961853027,12.789999961853027,13.100000381469727,16076200,0.0,0.0
2022-10-07 00:00:00-04:00,12.5,12.800000190734863,11.010000228881836,11.210000038146973,14869400,0.0,0.0
2022-10-10 00:00:00-04:00,11.050000190734863,11.3100004196167,10.329999923706055,10.760000228881836,9728000,0.0,0.0
2022-10-11 00:00:00-04:00,10.739999771118164,10.949999809265137,10.039999961853027,10.460000038146973,12125900,0.0,0.0
2022-10-12 00:00:00-04:00,10.329999923706055,10.619999885559082,9.90999984741211,10.420000076293945,10334500,0.0,0.0
2022-10-13 00:00:00-04:00,9.59000015258789,11.289999961853027,9.460000038146973,11.220000267028809,19672200,0.0,0.0
2022-10-14 00:00:00-04:00,11.479999542236328,11.75,10.260000228881836,10.300000190734863,15612000,0.0,0.0
2022-10-17 00:00:00-04:00,10.850000381469727,11.9399995803833,10.84000015258789,11.6899995803833,19014800,0.0,0.0
2022-10-18 00:00:00-04:00,12.34000015258789,12.520000457763672,11.109999656677246,11.380000114440918,16526600,0.0,0.0
2022-10-19 00:00:00-04:00,11.25,11.65999984741211,10.84000015258789,11.069999694824219,13156300,0.0,0.0
2022-10-20 00:00:00-04:00,10.699999809265137,11.65999984741211,10.600000381469727,10.920000076293945,11439800,0.0,0.0
2022-10-21 00:00:00-04:00,10.789999961853027,11.739999771118164,10.5600004196167,11.699999809265137,14830700,0.0,0.0
2022-10-24 00:00:00-04:00,11.720000267028809,12.989999771118164,11.449999809265137,12.899999618530273,17318000,0.0,0.0
2022-10-25 00:00:00-04:00,12.949999809265137,14.9399995803833,12.779999732971191,14.760000228881836,24644600,0.0,0.0
2022-10-26 00:00:00-04:00,14.489999771118164,15.619999885559082,13.75,13.789999961853027,28316200,0.0,0.0
2022-10-27 00:00:00-04:00,14.220000267028809,14.550000190734863,13.5,13.649999618530273,17465400,0.0,0.0
2022-10-28 00:00:00-04:00,13.770000457763672,14.239999771118164,13.109999656677246,13.850000381469727,17732600,0.0,0.0
2022-10-31 00:00:00-04:00,13.869999885559082,14.119999885559082,13.020000457763672,13.109999656677246,14695100,0.0,0.0
2022-11-01 00:00:00-04:00,13.449999809265137,13.579999923706055,12.1899995803833,12.220000267028809,14802500,0.0,0.0
2022-11-02 00:00:00-04:00,12.149999618530273,12.279999732971191,10.850000381469727,10.920000076293945,22105700,0.0,0.0
2022-11-03 00:00:00-04:00,10.899999618530273,11.529999732971191,10.5,10.510000228881836,16103400,0.0,0.0
2022-11-04 00:00:00-04:00,11.279999732971191,11.449999809265137,10.300000190734863,10.84000015258789,25150800,0.0,0.0
2022-11-07 00:00:00-05:00,10.930000305175781,10.970000267028809,10.050000190734863,10.5,14330300,0.0,0.0
2022-11-08 00:00:00-05:00,9.979999542236328,10.649999618530273,9.199999809265137,9.960000038146973,32449600,0.0,0.0
2022-11-09 00:00:00-05:00,9.390000343322754,10.630000114440918,9.300000190734863,9.609999656677246,25489200,0.0,0.0
2022-11-10 00:00:00-05:00,10.029999732971191,10.229999542236328,9.420000076293945,9.979999542236328,28321000,0.0,0.0
2022-11-11 00:00:00-05:00,9.449999809265137,9.949999809265137,8.890000343322754,9.770000457763672,21901900,0.0,0.0
2022-11-14 00:00:00-05:00,9.579999923706055,10.029999732971191,9.510000228881836,9.520000457763672,12472600,0.0,0.0
2022-11-15 00:00:00-05:00,9.920000076293945,10.140000343322754,9.40999984741211,9.5,14864500,0.0,0.0
2022-11-16 00:00:00-05:00,9.350000381469727,9.5,8.199999809265137,8.3100004196167,18481400,0.0,0.0
2022-11-17 00:00:00-05:00,8.270000457763672,8.300000190734863,7.909999847412109,8.029999732971191,16515600,0.0,0.0
2022-11-18 00:00:00-05:00,8.380000114440918,8.399999618530273,7.449999809265137,7.46999979019165,23126700,0.0,0.0
2022-11-21 00:00:00-05:00,7.099999904632568,7.289999961853027,6.159999847412109,6.190000057220459,25771800,0.0,0.0
2022-11-22 00:00:00-05:00,6.46999979019165,6.550000190734863,6.110000133514404,6.420000076293945,23179200,0.0,0.0
2022-11-23 00:00:00-05:00,6.460000038146973,6.75,6.309999942779541,6.480000019073486,18227800,0.0,0.0
2022-11-25 00:00:00-05:00,6.349999904632568,6.409999847412109,6.130000114440918,6.21999979019165,7127000,0.0,0.0
2022-11-28 00:00:00-05:00,6.019999980926514,6.179999828338623,5.829999923706055,5.980000019073486,14251400,0.0,0.0
2022-11-29 00:00:00-05:00,5.900000095367432,6.110000133514404,5.75,5.889999866485596,12013000,0.0,0.0
2022-11-30 00:00:00-05:00,6.050000190734863,6.349999904632568,5.78000020980835,6.320000171661377,23052500,0.0,0.0
2022-12-01 00:00:00-05:00,6.349999904632568,6.639999866485596,6.119999885559082,6.210000038146973,16155000,0.0,0.0
2022-12-02 00:00:00-05:00,6.230000019073486,6.940000057220459,6.059999942779541,6.909999847412109,21987600,0.0,0.0
2022-12-05 00:00:00-05:00,6.989999771118164,7.150000095367432,6.010000228881836,6.139999866485596,24158600,0.0,0.0
2022-12-06 00:00:00-05:00,6.119999885559082,6.159999847412109,5.570000171661377,5.789999961853027,15676100,0.0,0.0
2022-12-07 00:00:00-05:00,5.690000057220459,5.710000038146973,5.210000038146973,5.369999885559082,16775100,0.0,0.0
2022-12-08 00:00:00-05:00,5.409999847412109,5.519999980926514,5.21999979019165,5.389999866485596,16147900,0.0,0.0
2022-12-09 00:00:00-05:00,5.369999885559082,5.400000095367432,4.989999771118164,5.0,21330300,0.0,0.0
2022-12-12 00:00:00-05:00,4.920000076293945,5.130000114440918,4.789999961853027,5.070000171661377,14076600,0.0,0.0
2022-12-13 00:00:00-05:00,5.550000190734863,5.619999885559082,4.650000095367432,4.659999847412109,32685400,0.0,0.0
2022-12-14 00:00:00-05:00,4.739999771118164,4.840000152587891,4.570000171661377,4.71999979019165,24054100,0.0,0.0
2022-12-15 00:00:00-05:00,4.599999904632568,4.630000114440918,4.309999942779541,4.340000152587891,16927400,0.0,0.0
2022-12-16 00:00:00-05:00,4.130000114440918,4.239999771118164,3.75,3.880000114440918,21250200,0.0,0.0
2022-12-19 00:00:00-05:00,3.880000114440918,3.950000047683716,3.690000057220459,3.869999885559082,11155200,0.0,0.0
2022-12-20 00:00:00-05:00,3.869999885559082,4.070000171661377,3.7300000190734863,3.9100000858306885,12919700,0.0,0.0
2022-12-21 00:00:00-05:00,3.9000000953674316,3.9600000381469727,3.640000104904175,3.6500000953674316,14757200,0.0,0.0
2022-12-22 00:00:00-05:00,3.549999952316284,3.690000057220459,3.4800000190734863,3.6700000762939453,14615700,0.0,0.0
2022-12-23 00:00:00-05:00,3.690000057220459,3.8299999237060547,3.549999952316284,3.619999885559082,8600300,0.0,0.0
2022-12-27 00:00:00-05:00,3.559999942779541,3.5899999141693115,3.2200000286102295,3.240000009536743,12099400,0.0,0.0
2022-12-28 00:00:00-05:00,3.200000047683716,3.359999895095825,3.109999895095825,3.1500000953674316,9560500,0.0,0.0
2022-12-29 00:00:00-05:00,3.180000066757202,3.440000057220459,3.130000114440918,3.4100000858306885,11226200,0.0,0.0
2022-12-30 00:00:00-05:00,3.2899999618530273,3.4700000286102295,3.25,3.4200000762939453,9615000,0.0,0.0
2023-01-03 00:00:00-05:00,3.5799999237060547,3.7699999809265137,3.2799999713897705,3.4000000953674316,13014400,0.0,0.0
2023-01-04 00:00:00-05:00,3.5,4.329999923706055,3.4800000190734863,4.21999979019165,32367400,0.0,0.0
2023-01-05 00:00:00-05:00,4.110000133514404,4.300000190734863,3.890000104904175,3.9100000858306885,24923800,0.0,0.0
2023-01-06 00:00:00-05:00,3.940000057220459,4.21999979019165,3.7100000381469727,4.090000152587891,19314200,0.0,0.0
2023-01-09 00:00:00-05:00,4.260000228881836,5.300000190734863,4.199999809265137,4.900000095367432,44884600,0.0,0.0
2023-01-10 00:00:00-05:00,4.909999847412109,5.820000171661377,4.760000228881836,5.75,42394300,0.0,0.0
2023-01-11 00:00:00-05:00,5.699999809265137,6.150000095367432,5.199999809265137,5.369999885559082,43071900,0.0,0.0
2023-01-12 00:00:00-05:00,5.960000038146973,7.090000152587891,5.389999866485596,7.03000020980835,67400000,0.0,0.0
2023-01-13 00:00:00-05:00,6.650000095367432,8.119999885559082,6.559999942779541,7.679999828338623,78829700,0.0,0.0
2023-01-17 00:00:00-05:00,8.399999618530273,8.859999656677246,7.900000095367432,8.369999885559082,59317600,0.0,0.0
2023-01-18 00:00:00-05:00,8.510000228881836,8.529999732971191,6.820000171661377,6.909999847412109,58413500,0.0,0.0
2023-01-19 00:00:00-05:00,6.71999979019165,7.449999809265137,6.519999980926514,7.340000152587891,35227300,0.0,0.0
2023-01-20 00:00:00-05:00,7.519999980926514,8.09000015258789,7.03000020980835,8.069999694824219,48773100,0.0,0.0
2023-01-23 00:00:00-05:00,8.050000190734863,9.119999885559082,7.809999942779541,9.0,47089200,0.0,0.0
2023-01-24 00:00:00-05:00,8.739999771118164,9.569999694824219,8.579999923706055,8.800000190734863,39398800,0.0,0.0
2023-01-25 00:00:00-05:00,8.3100004196167,8.9399995803833,7.900000095367432,8.75,34985400,0.0,0.0
2023-01-26 00:00:00-05:00,9.170000076293945,9.359999656677246,8.5,8.75,30466600,0.0,0.0
2023-01-27 00:00:00-05:00,8.550000190734863,8.859999656677246,7.980000019073486,8.020000457763672,48107300,0.0,0.0
2023-01-30 00:00:00-05:00,7.789999961853027,8.170000076293945,7.090000152587891,7.170000076293945,36748000,0.0,0.0
2023-01-31 00:00:00-05:00,7.409999847412109,7.5,7.099999904632568,7.210000038146973,24173200,0.0,0.0
2023-02-01 00:00:00-05:00,7.170000076293945,7.869999885559082,6.829999923706055,7.519999980926514,43280700,0.0,0.0
2023-02-02 00:00:00-05:00,8.0,8.5600004196167,7.739999771118164,8.0,60716900,0.0,0.0
2023-02-03 00:00:00-05:00,7.510000228881836,7.920000076293945,6.980000019073486,7.070000171661377,34183100,0.0,0.0
2023-02-06 00:00:00-05:00,6.920000076293945,7.269999980926514,6.650000095367432,7.079999923706055,23094600,0.0,0.0
2023-02-07 00:00:00-05:00,7.079999923706055,7.239999771118164,6.510000228881836,7.099999904632568,32060600,0.0,0.0
2023-02-08 00:00:00-05:00,6.909999847412109,7.400000095367432,6.71999979019165,6.809999942779541,23079400,0.0,0.0
2023-02-09 00:00:00-05:00,6.889999866485596,6.900000095367432,5.829999923706055,5.949999809265137,27776800,0.0,0.0
2023-02-10 00:00:00-05:00,5.840000152587891,5.940000057220459,5.510000228881836,5.920000076293945,20107400,0.0,0.0
2023-02-13 00:00:00-05:00,5.760000228881836,6.03000020980835,5.579999923706055,5.849999904632568,14942300,0.0,0.0
2023-02-14 00:00:00-05:00,5.820000171661377,6.829999923706055,5.690000057220459,6.71999979019165,36350700,0.0,0.0
2023-02-15 00:00:00-05:00,7.019999980926514,8.020000457763672,6.860000133514404,7.949999809265137,50585400,0.0,0.0
2023-02-16 00:00:00-05:00,7.679999828338623,8.65999984741211,7.150000095367432,7.210000038146973,66418700,0.0,0.0
2023-02-17 00:00:00-05:00,7.449999809265137,7.869999885559082,7.050000190734863,7.699999809265137,44076900,0.0,0.0
2023-02-21 00:00:00-05:00,7.380000114440918,7.75,7.03000020980835,7.130000114440918,29693300,0.0,0.0
2023-02-22 00:00:00-05:00,7.019999980926514,7.429999828338623,6.840000152587891,7.190000057220459,28798700,0.0,0.0
2023-02-23 00:00:00-05:00,7.269999980926514,7.420000076293945,7.010000228881836,7.28000020980835,18858900,0.0,0.0
2023-02-24 00:00:00-05:00,6.980000019073486,7.170000076293945,6.510000228881836,6.670000076293945,25465500,0.0,0.0
2023-02-27 00:00:00-05:00,6.96999979019165,7.139999866485596,6.800000190734863,7.110000133514404,25241200,0.0,0.0
2023-02-28 00:00:00-05:00,7.050000190734863,7.789999961853027,7.03000020980835,7.099999904632568,38171800,0.0,0.0
2023-03-01 00:00:00-05:00,7.179999828338623,7.25,6.380000114440918,6.510000228881836,26686600,0.0,0.0
2023-03-02 00:00:00-05:00,6.25,6.420000076293945,5.980000019073486,6.260000228881836,22430900,0.0,0.0
2023-03-03 00:00:00-05:00,6.019999980926514,6.619999885559082,5.940000057220459,6.380000114440918,20930000,0.0,0.0
2023-03-06 00:00:00-05:00,6.400000095367432,6.849999904632568,6.179999828338623,6.320000171661377,19853800,0.0,0.0
2023-03-07 00:00:00-05:00,6.289999961853027,6.420000076293945,6.039999961853027,6.090000152587891,17933100,0.0,0.0
2023-03-08 00:00:00-05:00,6.010000228881836,6.21999979019165,5.880000114440918,6.179999828338623,14775300,0.0,0.0
2023-03-09 00:00:00-05:00,6.03000020980835,6.230000019073486,5.5,5.510000228881836,19083200,0.0,0.0
2023-03-10 00:00:00-05:00,5.480000019073486,5.659999847412109,5.130000114440918,5.329999923706055,20766700,0.0,0.0
2023-03-13 00:00:00-04:00,5.699999809265137,6.960000038146973,5.349999904632568,6.699999809265137,66973000,0.0,0.0
2023-03-14 00:00:00-04:00,7.449999809265137,7.829999923706055,6.739999771118164,7.130000114440918,64006900,0.0,0.0
2023-03-15 00:00:00-04:00,7.130000114440918,7.480000019073486,6.610000133514404,7.090000152587891,38441500,0.0,0.0
2023-03-16 00:00:00-04:00,7.059999942779541,7.739999771118164,7.0,7.630000114440918,35334500,0.0,0.0
2023-03-17 00:00:00-04:00,8.399999618530273,8.510000228881836,7.659999847412109,8.170000076293945,61120200,0.0,0.0
2023-03-20 00:00:00-04:00,8.479999542236328,8.5,7.610000133514404,7.849999904632568,39108100,0.0,0.0
2023-03-21 00:00:00-04:00,7.880000114440918,8.920000076293945,7.730000019073486,8.869999885559082,46252300,0.0,0.0
2023-03-22 00:00:00-04:00,8.880000114440918,9.119999885559082,7.75,7.78000020980835,48722800,0.0,0.0
2023-03-23 00:00:00-04:00,8.029999732971191,8.930000305175781,7.900000095367432,8.460000038146973,45826800,0.0,0.0
2023-03-24 00:00:00-04:00,8.229999542236328,8.300000190734863,7.570000171661377,7.809999942779541,28289400,0.0,0.0
2023-03-27 00:00:00-04:00,8.039999961853027,8.039999961853027,7.099999904632568,7.110000133514404,23372100,0.0,0.0
2023-03-28 00:00:00-04:00,7.010000228881836,7.210000038146973,6.869999885559082,7.199999809265137,18648200,0.0,0.0
2023-03-29 00:00:00-04:00,7.570000171661377,8.140000343322754,7.489999771118164,7.949999809265137,36010000,0.0,0.0
2023-03-30 00:00:00-04:00,8.100000381469727,8.149999618530273,7.599999904632568,7.829999923706055,25958500,0.0,0.0
2023-03-31 00:00:00-04:00,7.920000076293945,8.739999771118164,7.829999923706055,8.720000267028809,36159700,0.0,0.0
2023-04-03 00:00:00-04:00,8.539999961853027,8.899999618530273,8.119999885559082,8.430000305175781,25824800,0.0,0.0
2023-04-04 00:00:00-04:00,8.600000381469727,8.649999618530273,8.010000228881836,8.510000228881836,23882300,0.0,0.0
2023-04-05 00:00:00-04:00,8.619999885559082,8.630000114440918,7.650000095367432,7.929999828338623,27754500,0.0,0.0
2023-04-06 00:00:00-04:00,7.820000171661377,8.289999961853027,7.650000095367432,7.980000019073486,15392500,0.0,0.0
2023-04-10 00:00:00-04:00,7.96999979019165,9.140000343322754,7.659999847412109,9.100000381469727,42370900,0.0,0.0
2023-04-11 00:00:00-04:00,9.460000038146973,10.640000343322754,9.270000457763672,10.229999542236328,63439500,0.0,0.0
2023-04-12 00:00:00-04:00,10.050000190734863,10.579999923706055,9.6899995803833,9.949999809265137,43348600,0.0,0.0
2023-04-13 00:00:00-04:00,10.420000076293945,11.6899995803833,10.369999885559082,11.520000457763672,57539100,0.0,0.0
2023-04-14 00:00:00-04:00,12.270000457763672,12.279999732971191,10.979999542236328,11.970000267028809,54369900,0.0,0.0
2023-04-17 00:00:00-04:00,11.050000190734863,11.649999618530273,10.930000305175781,11.449999809265137,29146900,0.0,0.0
2023-04-18 00:00:00-04:00,12.020000457763672,12.829999923706055,11.449999809265137,11.680000305175781,41896300,0.0,0.0
2023-04-19 00:00:00-04:00,10.920000076293945,11.329999923706055,10.649999618530273,10.65999984741211,28329900,0.0,0.0
2023-04-20 00:00:00-04:00,10.399999618530273,10.649999618530273,9.449999809265137,9.520000457763672,27389800,0.0,0.0
2023-04-21 00:00:00-04:00,9.869999885559082,9.949999809265137,8.869999885559082,8.930000305175781,28395200,0.0,0.0
2023-04-24 00:00:00-04:00,9.020000457763672,9.350000381469727,8.6899995803833,8.890000343322754,26335000,0.0,0.0
2023-04-25 00:00:00-04:00,8.770000457763672,9.4399995803833,8.5600004196167,8.989999771118164,35069100,0.0,0.0
2023-04-26 00:00:00-04:00,10.100000381469727,10.649999618530273,9.399999618530273,9.460000038146973,65526200,0.0,0.0
2023-04-27 00:00:00-04:00,9.869999885559082,10.079999923706055,9.270000457763672,10.0600004196167,46101800,0.0,0.0
2023-04-28 00:00:00-04:00,9.850000381469727,10.329999923706055,9.510000228881836,10.069999694824219,28853100,0.0,0.0
2023-05-01 00:00:00-04:00,9.760000228881836,9.930000305175781,8.640000343322754,8.779999732971191,28506300,0.0,0.0
2023-05-02 00:00:00-04:00,8.869999885559082,9.720000267028809,8.649999618530273,9.550000190734863,32177300,0.0,0.0
2023-05-03 00:00:00-04:00,9.170000076293945,9.970000267028809,9.09000015258789,9.550000190734863,26882400,0.0,0.0
2023-05-04 00:00:00-04:00,9.739999771118164,10.539999961853027,9.59000015258789,10.270000457763672,35765100,0.0,0.0
2023-05-05 00:00:00-04:00,10.380000114440918,10.649999618530273,10.0,10.489999771118164,37753400,0.0,0.0
2023-05-08 00:00:00-04:00,9.979999542236328,10.0,9.25,9.329999923706055,30157200,0.0,0.0
2023-05-09 00:00:00-04:00,9.470000267028809,9.800000190734863,9.3100004196167,9.380000114440918,23038000,0.0,0.0
2023-05-10 00:00:00-04:00,9.789999961853027,10.720000267028809,9.65999984741211,10.220000267028809,51276900,0.0,0.0
2023-05-11 00:00:00-04:00,9.84000015258789,9.930000305175781,8.649999618530273,8.729999542236328,39314900,0.0,0.0
2023-05-12 00:00:00-04:00,8.710000038146973,8.930000305175781,8.520000457763672,8.920000076293945,23041800,0.0,0.0
2023-05-15 00:00:00-04:00,9.1899995803833,9.609999656677246,8.899999618530273,9.539999961853027,26855000,0.0,0.0
2023-05-16 00:00:00-04:00,9.199999809265137,9.539999961853027,9.0,9.25,18095000,0.0,0.0
2023-05-17 00:00:00-04:00,9.069999694824219,10.199999809265137,9.039999961853027,10.09000015258789,30436800,0.0,0.0
2023-05-18 00:00:00-04:00,9.920000076293945,10.40999984741211,9.029999732971191,9.380000114440918,37908600,0.0,0.0
2023-05-19 00:00:00-04:00,9.520000457763672,9.729999542236328,9.170000076293945,9.180000305175781,19235400,0.0,0.0
2023-05-22 00:00:00-04:00,9.170000076293945,9.720000267028809,8.949999809265137,9.670000076293945,25877200,0.0,0.0
2023-05-23 00:00:00-04:00,9.75,10.359999656677246,9.260000228881836,9.319999694824219,30437700,0.0,0.0
2023-05-24 00:00:00-04:00,9.149999618530273,9.609999656677246,8.859999656677246,9.430000305175781,28986400,0.0,0.0
2023-05-25 00:00:00-04:00,9.489999771118164,9.569999694824219,8.779999732971191,9.109999656677246,28309500,0.0,0.0
2023-05-26 00:00:00-04:00,9.15999984741211,9.6899995803833,8.850000381469727,8.930000305175781,31666500,0.0,0.0
2023-05-30 00:00:00-04:00,9.4399995803833,10.199999809265137,9.140000343322754,9.420000076293945,42716700,0.0,0.0
2023-05-31 00:00:00-04:00,9.180000305175781,9.84000015258789,9.010000228881836,9.789999961853027,28923900,0.0,0.0
2023-06-01 00:00:00-04:00,9.65999984741211,10.380000114440918,9.529999732971191,9.989999771118164,30340000,0.0,0.0
2023-06-02 00:00:00-04:00,10.319999694824219,10.390000343322754,9.569999694824219,10.029999732971191,32655300,0.0,0.0
2023-06-05 00:00:00-04:00,9.729999542236328,9.979999542236328,9.0600004196167,9.1899995803833,35660400,0.0,0.0
2023-06-06 00:00:00-04:00,8.949999809265137,10.130000114440918,8.470000267028809,10.079999923706055,53229200,0.0,0.0
2023-06-07 00:00:00-04:00,10.0,10.579999923706055,9.430000305175781,9.550000190734863,39054100,0.0,0.0
2023-06-08 00:00:00-04:00,9.609999656677246,9.890000343322754,9.529999732971191,9.569999694824219,19797200,0.0,0.0
2023-06-09 00:00:00-04:00,9.779999732971191,9.819999694824219,9.199999809265137,9.380000114440918,20588600,0.0,0.0
2023-06-12 00:00:00-04:00,9.270000457763672,9.489999771118164,9.170000076293945,9.329999923706055,14514900,0.0,0.0
2023-06-13 00:00:00-04:00,9.5,9.949999809265137,9.289999961853027,9.680000305175781,25412200,0.0,0.0
2023-06-14 00:00:00-04:00,9.729999542236328,10.029999732971191,9.510000228881836,9.6899995803833,30560400,0.0,0.0
2023-06-15 00:00:00-04:00,9.329999923706055,9.539999961853027,9.109999656677246,9.359999656677246,30601500,0.0,0.0
2023-06-16 00:00:00-04:00,9.479999542236328,10.0600004196167,9.15999984741211,9.979999542236328,50994800,0.0,0.0
2023-06-20 00:00:00-04:00,10.210000038146973,11.729999542236328,9.8100004196167,11.720000267028809,81874000,0.0,0.0
2023-06-21 00:00:00-04:00,12.25,12.899999618530273,12.010000228881836,12.210000038146973,88558500,0.0,0.0
2023-06-22 00:00:00-04:00,12.25,12.680000305175781,11.140000343322754,11.829999923706055,55820500,0.0,0.0
2023-06-23 00:00:00-04:00,11.779999732971191,13.100000381469727,11.5,12.710000038146973,87494200,0.0,0.0
2023-06-26 00:00:00-04:00,12.550000190734863,13.050000190734863,11.420000076293945,11.789999961853027,51715200,0.0,0.0
2023-06-27 00:00:00-04:00,12.180000305175781,13.5,12.050000190734863,13.380000114440918,64774800,0.0,0.0
2023-06-28 00:00:00-04:00,13.020000457763672,13.699999809265137,12.579999923706055,13.15999984741211,52768500,0.0,0.0
2023-06-29 00:00:00-04:00,13.630000114440918,14.3100004196167,13.180000305175781,13.819999694824219,50628000,0.0,0.0
2023-06-30 00:00:00-04:00,14.4399995803833,14.619999885559082,13.149999618530273,13.859999656677246,63953200,0.0,0.0
2023-07-03 00:00:00-04:00,14.050000190734863,15.640000343322754,13.949999809265137,15.319999694824219,43137000,0.0,0.0
2023-07-05 00:00:00-04:00,14.680000305175781,15.84000015258789,14.569999694824219,15.5600004196167,47454800,0.0,0.0
2023-07-06 00:00:00-04:00,15.75,15.970000267028809,14.510000228881836,15.319999694824219,47358800,0.0,0.0
2023-07-07 00:00:00-04:00,15.279999732971191,16.739999771118164,15.239999771118164,15.670000076293945,60526200,0.0,0.0
2023-07-10 00:00:00-04:00,15.800000190734863,16.979999542236328,15.239999771118164,16.920000076293945,51905200,0.0,0.0
2023-07-11 00:00:00-04:00,16.770000457763672,17.579999923706055,16.559999465942383,17.389999389648438,47291800,0.0,0.0
2023-07-12 00:00:00-04:00,17.940000534057617,18.260000228881836,16.780000686645508,16.860000610351562,54020300,0.0,0.0
2023-07-13 00:00:00-04:00,17.190000534057617,19.479999542236328,17.030000686645508,19.299999237060547,71665800,0.0,0.0
2023-07-14 00:00:00-04:00,19.1299991607666,19.8799991607666,17.8700008392334,18.06999969482422,53399300,0.0,0.0
2023-07-17 00:00:00-04:00,18.18000030517578,18.690000534057617,16.950000762939453,17.260000228881836,42105700,0.0,0.0
2023-07-18 00:00:00-04:00,17.010000228881836,17.790000915527344,16.549999237060547,16.809999465942383,33502000,0.0,0.0
2023-07-19 00:00:00-04:00,17.149999618530273,18.030000686645508,17.1299991607666,17.59000015258789,37645700,0.0,0.0
2023-07-20 00:00:00-04:00,17.8700008392334,18.100000381469727,16.81999969482422,17.059999465942383,31582400,0.0,0.0
2023-07-21 00:00:00-04:00,17.299999237060547,17.399999618530273,16.239999771118164,16.8799991607666,26577300,0.0,0.0
2023-07-24 00:00:00-04:00,16.149999618530273,16.6200008392334,15.760000228881836,16.420000076293945,26345500,0.0,0.0
2023-07-25 00:00:00-04:00,16.600000381469727,17.34000015258789,16.15999984741211,16.18000030517578,26409900,0.0,0.0
2023-07-26 00:00:00-04:00,16.459999084472656,17.040000915527344,16.209999084472656,16.81999969482422,24164600,0.0,0.0
2023-07-27 00:00:00-04:00,17.309999465942383,17.329999923706055,15.880000114440918,15.970000267028809,23067400,0.0,0.0
2023-07-28 00:00:00-04:00,16.299999237060547,16.790000915527344,16.1200008392334,16.700000762939453,21420600,0.0,0.0
2023-07-31 00:00:00-04:00,17.0,17.790000915527344,16.579999923706055,17.3700008392334,27394300,0.0,0.0
2023-08-01 00:00:00-04:00,16.860000610351562,16.920000076293945,15.859999656677246,16.829999923706055,31288400,0.0,0.0
2023-08-02 00:00:00-04:00,16.719999313354492,17.399999618530273,16.290000915527344,16.479999542236328,26715600,0.0,0.0
2023-08-03 00:00:00-04:00,16.270000457763672,17.200000762939453,16.15999984741211,16.559999465942383,25002400,0.0,0.0
2023-08-04 00:00:00-04:00,16.739999771118164,16.84000015258789,15.8100004196167,15.829999923706055,21965100,0.0,0.0
2023-08-07 00:00:00-04:00,15.850000381469727,15.859999656677246,14.149999618530273,15.069999694824219,29981200,0.0,0.0
2023-08-08 00:00:00-04:00,15.550000190734863,15.960000038146973,14.859999656677246,15.720000267028809,27403300,0.0,0.0
2023-08-09 00:00:00-04:00,15.850000381469727,16.420000076293945,15.430000305175781,15.510000228881836,26381900,0.0,0.0
2023-08-10 00:00:00-04:00,15.65999984741211,16.030000686645508,14.40999984741211,14.550000190734863,25847100,0.0,0.0
2023-08-11 00:00:00-04:00,14.40999984741211,15.270000457763672,14.220000267028809,14.880000114440918,21862700,0.0,0.0
2023-08-14 00:00:00-04:00,14.649999618530273,15.220000267028809,14.109999656677246,14.989999771118164,20920200,0.0,0.0
2023-08-15 00:00:00-04:00,14.739999771118164,15.100000381469727,13.899999618530273,13.930000305175781,24409000,0.0,0.0
2023-08-16 00:00:00-04:00,13.670000076293945,13.880000114440918,13.1899995803833,13.5,23097200,0.0,0.0
2023-08-17 00:00:00-04:00,13.0600004196167,13.220000267028809,12.199999809265137,12.25,35069700,0.0,0.0
2023-08-18 00:00:00-04:00,11.470000267028809,11.979999542236328,11.149999618530273,11.279999732971191,33316200,0.0,0.0
2023-08-21 00:00:00-04:00,11.369999885559082,11.579999923706055,10.84000015258789,11.050000190734863,22828400,0.0,0.0
2023-08-22 00:00:00-04:00,11.210000038146973,11.34000015258789,10.880000114440918,10.949999809265137,19704200,0.0,0.0
2023-08-23 00:00:00-04:00,10.920000076293945,11.880000114440918,10.869999885559082,11.75,24746800,0.0,0.0
2023-08-24 00:00:00-04:00,11.789999961853027,11.800000190734863,10.369999885559082,10.550000190734863,25292500,0.0,0.0
2023-08-25 00:00:00-04:00,10.680000305175781,10.9399995803833,10.260000228881836,10.550000190734863,19391200,0.0,0.0
2023-08-28 00:00:00-04:00,10.619999885559082,10.9399995803833,10.520000457763672,10.619999885559082,13672800,0.0,0.0
2023-08-29 00:00:00-04:00,10.600000381469727,13.869999885559082,10.539999961853027,13.680000305175781,74154500,0.0,0.0
2023-08-30 00:00:00-04:00,13.369999885559082,13.539999961853027,12.470000267028809,13.470000267028809,38207000,0.0,0.0
2023-08-31 00:00:00-04:00,13.5600004196167,13.920000076293945,12.449999809265137,12.569999694824219,33448800,0.0,0.0
2023-09-01 00:00:00-04:00,12.529999732971191,12.739999771118164,11.739999771118164,12.0,25287900,0.0,0.0
2023-09-05 00:00:00-04:00,11.850000381469727,12.199999809265137,11.640000343322754,12.0,14834100,0.0,0.0
2023-09-06 00:00:00-04:00,11.869999885559082,12.59000015258789,11.829999923706055,12.0600004196167,23218900,0.0,0.0
2023-09-07 00:00:00-04:00,11.899999618530273,12.449999809265137,11.319999694824219,12.359999656677246,20436200,0.0,0.0
2023-09-08 00:00:00-04:00,11.850000381469727,11.899999618530273,10.430000305175781,10.90999984741211,43533200,0.0,0.0
2023-09-11 00:00:00-04:00,10.550000190734863,10.640000343322754,9.960000038146973,10.069999694824219,30366000,0.0,0.0
2023-09-12 00:00:00-04:00,10.510000228881836,10.899999618530273,10.0600004196167,10.15999984741211,36784700,0.0,0.0
2023-09-13 00:00:00-04:00,10.100000381469727,10.180000305175781,9.699999809265137,9.890000343322754,29524400,0.0,0.0
2023-09-14 00:00:00-04:00,10.149999618530273,10.460000038146973,9.899999618530273,10.0,35131000,0.0,0.0
2023-09-15 00:00:00-04:00,9.949999809265137,9.949999809265137,9.529999732971191,9.800000190734863,26199700,0.0,0.0
2023-09-18 00:00:00-04:00,10.319999694824219,10.350000381469727,9.470000267028809,9.789999961853027,37718900,0.0,0.0
2023-09-19 00:00:00-04:00,9.710000038146973,9.979999542236328,9.3100004196167,9.5600004196167,23670200,0.0,0.0
2023-09-20 00:00:00-04:00,9.569999694824219,9.84000015258789,9.279999732971191,9.289999961853027,17914000,0.0,0.0
2023-09-21 00:00:00-04:00,8.850000381469727,9.300000190734863,8.770000457763672,9.15999984741211,16611200,0.0,0.0
2023-09-22 00:00:00-04:00,9.170000076293945,9.279999732971191,8.649999618530273,8.670000076293945,17195700,0.0,0.0
2023-09-25 00:00:00-04:00,8.479999542236328,8.890000343322754,8.420000076293945,8.5600004196167,19232000,0.0,0.0
2023-09-26 00:00:00-04:00,8.460000038146973,8.680000305175781,8.220000267028809,8.25,16815800,0.0,0.0
2023-09-27 00:00:00-04:00,8.390000343322754,8.550000190734863,7.909999847412109,8.010000228881836,22627000,0.0,0.0
2023-09-28 00:00:00-04:00,8.0600004196167,8.890000343322754,7.929999828338623,8.569999694824219,24186700,0.0,0.0
2023-09-29 00:00:00-04:00,8.710000038146973,8.880000114440918,8.390000343322754,8.5,20212700,0.0,0.0
2023-10-02 00:00:00-04:00,9.199999809265137,9.6899995803833,8.510000228881836,8.529999732971191,42145500,0.0,0.0
2023-10-03 00:00:00-04:00,8.300000190734863,8.40999984741211,7.21999979019165,7.300000190734863,33702900,0.0,0.0
2023-10-04 00:00:00-04:00,7.46999979019165,7.579999923706055,7.179999828338623,7.539999961853027,25114400,0.0,0.0
2023-10-05 00:00:00-04:00,7.599999904632568,7.880000114440918,7.329999923706055,7.420000076293945,25669000,0.0,0.0
2023-10-06 00:00:00-04:00,7.199999809265137,8.180000305175781,7.159999847412109,8.079999923706055,30916900,0.0,0.0
2023-10-09 00:00:00-04:00,7.610000133514404,8.380000114440918,7.599999904632568,8.359999656677246,27156300,0.0,0.0
2023-10-10 00:00:00-04:00,8.260000228881836,8.850000381469727,8.229999542236328,8.460000038146973,25100600,0.0,0.0
2023-10-11 00:00:00-04:00,8.180000305175781,8.300000190734863,7.730000019073486,7.900000095367432,28534800,0.0,0.0
2023-10-12 00:00:00-04:00,7.849999904632568,8.130000114440918,7.670000076293945,7.78000020980835,17753900,0.0,0.0
2023-10-13 00:00:00-04:00,8.039999961853027,8.069999694824219,7.550000190734863,7.710000038146973,18261800,0.0,0.0
2023-10-16 00:00:00-04:00,8.539999961853027,8.9399995803833,7.869999885559082,8.100000381469727,52441600,0.0,0.0
2023-10-17 00:00:00-04:00,7.980000019073486,8.739999771118164,7.909999847412109,8.449999809265137,30035000,0.0,0.0
2023-10-18 00:00:00-04:00,8.380000114440918,8.649999618530273,7.650000095367432,7.739999771118164,28487000,0.0,0.0
2023-10-19 00:00:00-04:00,8.0,8.079999923706055,7.630000114440918,7.710000038146973,31017200,0.0,0.0
2023-10-20 00:00:00-04:00,7.949999809265137,8.380000114440918,7.690000057220459,7.760000228881836,36236400,0.0,0.0
2023-10-23 00:00:00-04:00,8.0600004196167,9.020000457763672,7.739999771118164,8.75,63932600,0.0,0.0
2023-10-24 00:00:00-04:00,9.890000343322754,10.720000267028809,9.350000381469727,9.760000228881836,95449800,0.0,0.0
2023-10-25 00:00:00-04:00,9.699999809265137,10.079999923706055,9.279999732971191,9.470000267028809,53992900,0.0,0.0
2023-10-26 00:00:00-04:00,9.199999809265137,9.520000457763672,8.779999732971191,8.989999771118164,32254600,0.0,0.0
2023-10-27 00:00:00-04:00,9.199999809265137,9.399999618530273,8.819999694824219,8.859999656677246,27482800,0.0,0.0
2023-10-30 00:00:00-04:00,9.199999809265137,9.569999694824219,8.609999656677246,8.850000381469727,31761800,0.0,0.0
2023-10-31 00:00:00-04:00,8.710000038146973,8.979999542236328,8.420000076293945,8.8100004196167,22365600,0.0,0.0
2023-11-01 00:00:00-04:00,9.0,9.050000190734863,8.510000228881836,8.920000076293945,31215300,0.0,0.0
2023-11-02 00:00:00-04:00,9.350000381469727,9.869999885559082,9.09000015258789,9.859999656677246,41686700,0.0,0.0
2023-11-03 00:00:00-04:00,9.619999885559082,9.960000038146973,9.289999961853027,9.40999984741211,43816500,0.0,0.0
2023-11-06 00:00:00-05:00,9.649999618530273,10.0600004196167,9.020000457763672,9.239999771118164,30637700,0.0,0.0
2023-11-07 00:00:00-05:00,9.149999618530273,9.25,8.65999984741211,9.180000305175781,32002200,0.0,0.0
2023-11-08 00:00:00-05:00,9.029999732971191,9.050000190734863,8.390000343322754,8.550000190734863,32485800,0.0,0.0
2023-11-09 00:00:00-05:00,9.670000076293945,10.479999542236328,9.15999984741211,9.229999542236328,90786600,0.0,0.0
2023-11-10 00:00:00-05:00,9.40999984741211,9.65999984741211,8.880000114440918,9.609999656677246,42279700,0.0,0.0
2023-11-13 00:00:00-05:00,9.420000076293945,9.460000038146973,8.84000015258789,9.180000305175781,31332300,0.0,0.0
2023-11-14 00:00:00-05:00,9.380000114440918,9.600000381469727,8.880000114440918,9.170000076293945,37575400,0.0,0.0
2023-11-15 00:00:00-05:00,9.34000015258789,10.430000305175781,9.15999984741211,10.239999771118164,64345300,0.0,0.0
2023-11-16 00:00:00-05:00,9.819999694824219,9.9399995803833,9.210000038146973,9.760000228881836,39678400,0.0,0.0
2023-11-17 00:00:00-05:00,9.8100004196167,10.109999656677246,9.510000228881836,10.0,27601800,0.0,0.0
2023-11-20 00:00:00-05:00,10.199999809265137,10.829999923706055,10.130000114440918,10.640000343322754,55707400,0.0,0.0
2023-11-21 00:00:00-05:00,10.350000381469727,10.5600004196167,9.960000038146973,10.3100004196167,42923500,0.0,0.0
2023-11-22 00:00:00-05:00,10.319999694824219,10.979999542236328,9.880000114440918,10.920000076293945,49753100,0.0,0.0
2023-11-24 00:00:00-05:00,11.039999961853027,11.600000381469727,10.850000381469727,11.40999984741211,42385900,0.0,0.0
2023-11-27 00:00:00-05:00,10.9399995803833,11.649999618530273,10.760000228881836,11.279999732971191,38413400,0.0,0.0
2023-11-28 00:00:00-05:00,11.65999984741211,12.399999618530273,11.550000190734863,12.380000114440918,62545100,0.0,0.0
2023-11-29 00:00:00-05:00,12.420000076293945,12.630000114440918,12.039999961853027,12.399999618530273,42596300,0.0,0.0
2023-11-30 00:00:00-05:00,12.3100004196167,12.430000305175781,11.90999984741211,11.970000267028809,29942500,0.0,0.0
2023-12-01 00:00:00-05:00,12.199999809265137,13.699999809265137,12.180000305175781,13.699999809265137,57061500,0.0,0.0
2023-12-04 00:00:00-05:00,15.329999923706055,15.529999732971191,14.069999694824219,14.859999656677246,81617900,0.0,0.0
2023-12-05 00:00:00-05:00,14.819999694824219,16.06999969482422,14.8100004196167,15.279999732971191,77635500,0.0,0.0
2023-12-06 00:00:00-05:00,15.649999618530273,16.170000076293945,15.300000190734863,15.539999961853027,56390700,0.0,0.0
2023-12-07 00:00:00-05:00,14.899999618530273,15.680000305175781,14.710000038146973,15.510000228881836,41151900,0.0,0.0
2023-12-08 00:00:00-05:00,15.600000381469727,16.790000915527344,15.5600004196167,16.780000686645508,53071200,0.0,0.0
2023-12-11 00:00:00-05:00,15.670000076293945,15.680000305175781,14.229999542236328,14.649999618530273,59302900,0.0,0.0
2023-12-12 00:00:00-05:00,14.75,15.109999656677246,14.449999809265137,14.890000343322754,35579500,0.0,0.0
2023-12-13 00:00:00-05:00,14.739999771118164,16.860000610351562,14.479999542236328,16.760000228881836,63715300,0.0,0.0
2023-12-14 00:00:00-05:00,16.739999771118164,17.989999771118164,16.420000076293945,17.81999969482422,60551500,0.0,0.0
2023-12-15 00:00:00-05:00,17.350000381469727,18.31999969482422,17.049999237060547,18.290000915527344,53947900,0.0,0.0
2023-12-18 00:00:00-05:00,17.690000534057617,20.09000015258789,17.65999984741211,19.8799991607666,60344600,0.0,0.0
2023-12-19 00:00:00-05:00,20.600000381469727,22.489999771118164,20.329999923706055,21.969999313354492,91857600,0.0,0.0
2023-12-20 00:00:00-05:00,23.6200008392334,24.329999923706055,22.040000915527344,22.100000381469727,117235300,0.0,0.0
2023-12-21 00:00:00-05:00,23.239999771118164,25.100000381469727,22.420000076293945,24.780000686645508,104432700,0.0,0.0
2023-12-22 00:00:00-05:00,25.520000457763672,27.729999542236328,24.65999984741211,26.709999084472656,118601900,0.0,0.0
2023-12-26 00:00:00-05:00,26.149999618530273,27.049999237060547,25.219999313354492,26.959999084472656,79566200,0.0,0.0
2023-12-27 00:00:00-05:00,28.149999618530273,31.299999237060547,28.149999618530273,31.06999969482422,106789700,0.0,0.0
2023-12-28 00:00:00-05:00,28.989999771118164,30.229999542236328,27.559999465942383,28.110000610351562,119982200,0.0,0.0
2023-12-29 00:00:00-05:00,28.950000762939453,29.670000076293945,23.049999237060547,23.489999771118164,144949700,0.0,0.0
2024-01-02 00:00:00-05:00,26.639999389648438,26.690000534057617,22.770000457763672,22.93000030517578,102571800,0.0,0.0
2024-01-03 00:00:00-05:00,20.700000762939453,23.75,20.389999389648438,23.440000534057617,96670300,0.0,0.0
2024-01-04 00:00:00-05:00,24.15999984741211,26.8799991607666,23.0,26.270000457763672,97753600,0.0,0.0
2024-01-05 00:00:00-05:00,25.479999542236328,25.600000381469727,23.31999969482422,24.1200008392334,92250600,0.0,0.0
2024-01-08 00:00:00-05:00,24.770000457763672,26.649999618530273,22.6200008392334,25.979999542236328,113019100,0.0,0.0
2024-01-09 00:00:00-05:00,25.479999542236328,26.670000076293945,24.75,25.729999542236328,84955900,0.0,0.0
2024-01-10 00:00:00-05:00,24.790000915527344,27.68000030517578,23.780000686645508,25.6299991607666,140233400,0.0,0.0
2024-01-11 00:00:00-05:00,27.290000915527344,29.18000030517578,20.75,22.399999618530273,213408200,0.0,0.0
2024-01-12 00:00:00-05:00,21.5,22.06999969482422,18.760000228881836,18.979999542236328,138255700,0.0,0.0
2024-01-16 00:00:00-05:00,18.649999618530273,19.040000915527344,17.18000030517578,17.780000686645508,106408800,0.0,0.0
2024-01-17 00:00:00-05:00,17.5,17.979999542236328,16.6200008392334,17.260000228881836,76361100,0.0,0.0
2024-01-18 00:00:00-05:00,17.219999313354492,18.149999618530273,15.960000038146973,16.06999969482422,91998300,0.0,0.0
2024-01-19 00:00:00-05:00,15.979999542236328,16.479999542236328,14.619999885559082,16.1299991607666,110136400,0.0,0.0
2024-01-22 00:00:00-05:00,15.520000457763672,17.139999389648438,15.210000038146973,16.610000610351562,82482700,0.0,0.0
2024-01-23 00:00:00-05:00,15.789999961853027,16.649999618530273,15.449999809265137,16.110000610351562,56602600,0.0,0.0
2024-01-24 00:00:00-05:00,16.600000381469727,17.190000534057617,15.539999961853027,15.649999618530273,68891600,0.0,0.0
2024-01-25 00:00:00-05:00,15.760000228881836,16.56999969482422,15.569999694824219,16.270000457763672,56469200,0.0,0.0
2024-01-26 00:00:00-05:00,17.229999542236328,18.450000762939453,16.889999389648438,17.850000381469727,87559400,0.0,0.0
2024-01-29 00:00:00-05:00,17.959999084472656,19.729999542236328,17.530000686645508,18.520000457763672,92576900,0.0,0.0
2024-01-30 00:00:00-05:00,18.440000534057617,19.079999923706055,17.829999923706055,18.110000610351562,56458800,0.0,0.0
2024-01-31 00:00:00-05:00,17.459999084472656,19.18000030517578,17.270000457763672,17.729999542236328,75527900,0.0,0.0
2024-02-01 00:00:00-05:00,17.760000228881836,18.8700008392334,17.139999389648438,18.600000381469727,64373700,0.0,0.0
2024-02-02 00:00:00-05:00,17.940000534057617,19.079999923706055,17.829999923706055,18.200000762939453,52991500,0.0,0.0
2024-02-05 00:00:00-05:00,18.1200008392334,18.260000228881836,16.6200008392334,16.639999389648438,50371800,0.0,0.0
2024-02-06 00:00:00-05:00,16.65999984741211,17.5,16.399999618530273,17.059999465942383,39214200,0.0,0.0
2024-02-07 00:00:00-05:00,16.850000381469727,17.600000381469727,16.139999389648438,17.540000915527344,53166200,0.0,0.0
2024-02-08 00:00:00-05:00,18.65999984741211,21.6200008392334,18.260000228881836,21.579999923706055,106855900,0.0,0.0
2024-02-09 00:00:00-05:00,23.68000030517578,24.360000610351562,22.5,23.889999389648438,117143200,0.0,0.0
2024-02-12 00:00:00-05:00,23.600000381469727,27.549999237060547,23.600000381469727,27.280000686645508,102363900,0.0,0.0
2024-02-13 00:00:00-05:00,24.399999618530273,26.399999618530273,24.100000381469727,25.719999313354492,77122100,0.0,0.0
2024-02-14 00:00:00-05:00,29.030000686645508,29.729999542236328,28.110000610351562,29.40999984741211,79211200,0.0,0.0
2024-02-15 00:00:00-05:00,30.0,30.450000762939453,26.15999984741211,27.020000457763672,97860300,0.0,0.0
2024-02-16 00:00:00-05:00,28.059999465942383,28.639999389648438,26.25,26.940000534057617,58428600,0.0,0.0
2024-02-20 00:00:00-05:00,26.950000762939453,27.399999618530273,22.889999389648438,24.510000228881836,72618000,0.0,0.0
2024-02-21 00:00:00-05:00,22.90999984741211,23.940000534057617,22.760000228881836,22.899999618530273,44428800,0.0,0.0
2024-02-22 00:00:00-05:00,23.260000228881836,25.110000610351562,22.670000076293945,24.559999465942383,53000400,0.0,0.0
2024-02-23 00:00:00-05:00,23.6299991607666,24.6299991607666,23.049999237060547,23.989999771118164,42059100,0.0,0.0
2024-02-26 00:00:00-05:00,24.40999984741211,29.81999969482422,24.40999984741211,29.190000534057617,106547600,0.0,0.0
2024-02-27 00:00:00-05:00,31.739999771118164,32.869998931884766,28.219999313354492,30.309999465942383,116889400,0.0,0.0
2024-02-28 00:00:00-05:00,32.29999923706055,34.09000015258789,29.469999313354492,31.030000686645508,179649700,0.0,0.0
2024-02-29 00:00:00-05:00,29.770000457763672,30.709999084472656,25.059999465942383,25.899999618530273,133154400,0.0,0.0
2024-03-01 00:00:00-05:00,26.530000686645508,27.0,24.520000457763672,27.0,78532500,0.0,0.0
2024-03-04 00:00:00-05:00,27.8700008392334,29.3799991607666,24.459999084472656,25.709999084472656,119395500,0.0,0.0
2024-03-05 00:00:00-05:00,24.709999084472656,26.65999984741211,22.010000228881836,22.260000228881836,100790300,0.0,0.0
2024-03-06 00:00:00-05:00,23.479999542236328,23.940000534057617,21.6299991607666,22.6200008392334,66880700,0.0,0.0
2024-03-07 00:00:00-05:00,22.0,22.940000534057617,21.450000762939453,21.799999237060547,58499200,0.0,0.0
2024-03-08 00:00:00-05:00,22.100000381469727,25.280000686645508,22.020000457763672,23.479999542236328,94269600,0.0,0.0
2024-03-11 00:00:00-04:00,24.670000076293945,24.889999389648438,20.600000381469727,20.639999389648438,82992200,0.0,0.0
2024-03-12 00:00:00-04:00,20.889999389648438,20.950000762939453,19.25,20.190000534057617,65064400,0.0,0.0
2024-03-13 00:00:00-04:00,20.06999969482422,21.3799991607666,19.6299991607666,19.700000762939453,49994400,0.0,0.0
2024-03-14 00:00:00-04:00,19.200000762939453,19.200000762939453,17.520000457763672,18.229999542236328,61409600,0.0,0.0
2024-03-15 00:00:00-04:00,17.770000457763672,19.84000015258789,17.479999542236328,19.31999969482422,58173500,0.0,0.0
2024-03-18 00:00:00-04:00,18.979999542236328,20.110000610351562,18.209999084472656,19.40999984741211,51913100,0.0,0.0
2024-03-19 00:00:00-04:00,18.3799991607666,19.43000030517578,17.399999618530273,19.31999969482422,47831700,0.0,0.0
2024-03-20 00:00:00-04:00,19.559999465942383,22.43000030517578,19.020000457763672,22.43000030517578,74376900,0.0,0.0
2024-03-21 00:00:00-04:00,22.399999618530273,23.079999923706055,21.309999465942383,21.780000686645508,64872600,0.0,0.0
2024-03-22 00:00:00-04:00,21.170000076293945,21.559999465942383,20.600000381469727,20.8700008392334,37475300,0.0,0.0
2024-03-25 00:00:00-04:00,21.229999542236328,22.520000457763672,20.709999084472656,20.950000762939453,64877100,0.0,0.0
2024-03-26 00:00:00-04:00,20.75,21.489999771118164,19.81999969482422,20.3799991607666,42142100,0.0,0.0
2024-03-27 00:00:00-04:00,21.049999237060547,22.579999923706055,20.0,22.06999969482422,58349700,0.0,0.0
2024-03-28 00:00:00-04:00,22.440000534057617,24.649999618530273,22.190000534057617,22.579999923706055,86137100,0.0,0.0
2024-04-01 00:00:00-04:00,22.020000457763672,22.5,21.06999969482422,21.6299991607666,37253800,0.0,0.0
2024-04-02 00:00:00-04:00,20.420000076293945,20.56999969482422,19.459999084472656,19.729999542236328,35079600,0.0,0.0
2024-04-03 00:00:00-04:00,19.649999618530273,20.31999969482422,19.420000076293945,19.43000030517578,31025500,0.0,0.0
2024-04-04 00:00:00-04:00,20.020000457763672,20.459999084472656,18.329999923706055,18.469999313354492,56690100,0.0,0.0
2024-04-05 00:00:00-04:00,18.100000381469727,19.260000228881836,18.06999969482422,18.43000030517578,31600100,0.0,0.0
2024-04-08 00:00:00-04:00,19.43000030517578,19.729999542236328,17.610000610351562,17.950000762939453,44457600,0.0,0.0
2024-04-09 00:00:00-04:00,17.829999923706055,18.549999237060547,17.6200008392334,17.979999542236328,34593300,0.0,0.0
2024-04-10 00:00:00-04:00,17.299999237060547,18.06999969482422,17.110000610351562,17.3799991607666,34618400,0.0,0.0
2024-04-11 00:00:00-04:00,17.280000686645508,17.829999923706055,17.049999237060547,17.600000381469727,30602000,0.0,0.0
2024-04-12 00:00:00-04:00,17.450000762939453,17.469999313354492,15.800000190734863,16.110000610351562,39158500,0.0,0.0
2024-04-15 00:00:00-04:00,16.170000076293945,16.350000381469727,15.109999656677246,15.149999618530273,33790100,0.0,0.0
2024-04-16 00:00:00-04:00,14.819999694824219,14.989999771118164,14.229999542236328,14.600000381469727,35943500,0.0,0.0
2024-04-17 00:00:00-04:00,14.579999923706055,15.130000114440918,14.180000305175781,14.630000114440918,37799800,0.0,0.0
2024-04-18 00:00:00-04:00,14.609999656677246,15.819999694824219,14.460000038146973,15.029999732971191,39146100,0.0,0.0
2024-04-19 00:00:00-04:00,15.15999984741211,16.850000381469727,15.100000381469727,16.5,50053000,0.0,0.0
2024-04-22 00:00:00-04:00,17.149999618530273,17.579999923706055,15.539999961853027,17.549999237060547,66955500,0.0,0.0
2024-04-23 00:00:00-04:00,17.309999465942383,19.889999389648438,17.25,19.440000534057617,61140900,0.0,0.0
2024-04-24 00:00:00-04:00,19.110000610351562,20.040000915527344,18.670000076293945,19.09000015258789,45467000,0.0,0.0
2024-04-25 00:00:00-04:00,17.920000076293945,19.1200008392334,17.510000228881836,19.010000228881836,37047300,0.0,0.0
2024-04-26 00:00:00-04:00,19.049999237060547,19.809999465942383,18.6200008392334,19.43000030517578,39397300,0.0,0.0
2024-04-29 00:00:00-04:00,18.43000030517578,18.889999389648438,17.700000762939453,18.030000686645508,40382700,0.0,0.0
2024-04-30 00:00:00-04:00,17.18000030517578,17.510000228881836,16.010000228881836,16.059999465942383,42087000,0.0,0.0
2024-05-01 00:00:00-04:00,15.739999771118164,17.209999084472656,15.630000114440918,16.06999969482422,38827800,0.0,0.0
2024-05-02 00:00:00-04:00,16.600000381469727,17.139999389648438,15.90999984741211,17.06999969482422,35299800,0.0,0.0
2024-05-03 00:00:00-04:00,17.920000076293945,18.209999084472656,17.1299991607666,17.520000457763672,38631100,0.0,0.0
2024-05-06 00:00:00-04:00,18.440000534057617,21.030000686645508,18.229999542236328,20.670000076293945,87046900,0.0,0.0
2024-05-07 00:00:00-04:00,20.09000015258789,20.68000030517578,19.700000762939453,20.209999084472656,88992700,0.0,0.0
2024-05-08 00:00:00-04:00,19.59000015258789,20.280000686645508,18.770000457763672,20.09000015258789,39681100,0.0,0.0
2024-05-09 00:00:00-04:00,19.709999084472656,20.65999984741211,19.479999542236328,19.649999618530273,45293500,0.0,0.0
2024-05-10 00:00:00-04:00,19.780000686645508,19.81999969482422,17.09000015258789,17.15999984741211,56095700,0.0,0.0
2024-05-13 00:00:00-04:00,17.65999984741211,18.40999984741211,17.0,17.260000228881836,31441600,0.0,0.0
2024-05-14 00:00:00-04:00,16.899999618530273,18.229999542236328,16.799999237060547,18.06999969482422,30169200,0.0,0.0
2024-05-15 00:00:00-04:00,18.8700008392334,20.229999542236328,17.979999542236328,20.200000762939453,53512000,0.0,0.0
2024-05-16 00:00:00-04:00,19.850000381469727,20.440000534057617,19.329999923706055,19.649999618530273,32569100,0.0,0.0
2024-05-17 00:00:00-04:00,20.190000534057617,20.8799991607666,19.260000228881836,19.450000762939453,48373500,0.0,0.0
2024-05-20 00:00:00-04:00,19.68000030517578,22.81999969482422,18.8700008392334,22.31999969482422,66423200,0.0,0.0
2024-05-21 00:00:00-04:00,22.229999542236328,22.549999237060547,21.1200008392334,21.350000381469727,45259500,0.0,0.0
2024-05-22 00:00:00-04:00,21.5,22.860000610351562,20.899999618530273,21.239999771118164,47596700,0.0,0.0
2024-05-23 00:00:00-04:00,21.459999084472656,21.59000015258789,19.84000015258789,20.079999923706055,43108400,0.0,0.0
2024-05-24 00:00:00-04:00,20.260000228881836,21.729999542236328,19.860000610351562,21.209999084472656,46639900,0.0,0.0
2024-05-28 00:00:00-04:00,21.149999618530273,22.270000457763672,20.149999618530273,20.729999542236328,49579900,0.0,0.0
2024-05-29 00:00:00-04:00,20.350000381469727,21.100000381469727,20.110000610351562,20.239999771118164,31746400,0.0,0.0
2024-05-30 00:00:00-04:00,20.540000915527344,21.18000030517578,19.760000228881836,20.040000915527344,47470000,0.0,0.0
2024-05-31 00:00:00-04:00,20.34000015258789,20.649999618530273,18.899999618530273,19.520000457763672,39494900,0.0,0.0
2024-06-03 00:00:00-04:00,20.209999084472656,21.389999389648438,19.1200008392334,19.579999923706055,47885300,0.0,0.0
2024-06-04 00:00:00-04:00,19.600000381469727,21.309999465942383,19.56999969482422,20.520000457763672,62277800,0.0,0.0
2024-06-05 00:00:00-04:00,20.93000030517578,21.149999618530273,19.40999984741211,21.06999969482422,62964700,0.0,0.0
2024-06-06 00:00:00-04:00,20.93000030517578,22.049999237060547,20.579999923706055,20.799999237060547,57567500,0.0,0.0
2024-06-07 00:00:00-04:00,20.770000457763672,21.440000534057617,19.059999465942383,19.270000457763672,59027900,0.0,0.0
2024-06-10 00:00:00-04:00,19.170000076293945,19.920000076293945,18.780000686645508,19.459999084472656,37604700,0.0,0.0
2024-06-11 00:00:00-04:00,18.850000381469727,19.8799991607666,17.600000381469727,19.829999923706055,44635800,0.0,0.0
2024-06-12 00:00:00-04:00,20.309999465942383,21.0,19.969999313354492,20.309999465942383,52223000,0.0,0.0
2024-06-13 00:00:00-04:00,20.34000015258789,21.079999923706055,19.360000610351562,20.0,40912400,0.0,0.0
2024-06-14 00:00:00-04:00,20.0,20.360000610351562,18.950000762939453,19.469999313354492,36095200,0.0,0.0
2024-06-17 00:00:00-04:00,19.15999984741211,20.530000686645508,18.479999542236328,20.020000457763672,43085300,0.0,0.0
2024-06-18 00:00:00-04:00,19.479999542236328,20.389999389648438,19.149999618530273,20.280000686645508,36053200,0.0,0.0
2024-06-20 00:00:00-04:00,20.670000076293945,21.3700008392334,20.079999923706055,20.65999984741211,50043000,0.0,0.0
2024-06-21 00:00:00-04:00,19.93000030517578,19.979999542236328,18.579999923706055,19.209999084472656,66858300,0.0,0.0
2024-06-24 00:00:00-04:00,18.469999313354492,19.149999618530273,18.3700008392334,18.690000534057617,33442800,0.0,0.0
2024-06-25 00:00:00-04:00,18.989999771118164,19.81999969482422,18.549999237060547,19.25,40442000,0.0,0.0
2024-06-26 00:00:00-04:00,19.09000015258789,20.270000457763672,19.030000686645508,19.3700008392334,38602800,0.0,0.0
2024-06-27 00:00:00-04:00,19.700000762939453,20.229999542236328,19.280000686645508,19.65999984741211,34565000,0.0,0.0
2024-06-28 00:00:00-04:00,19.850000381469727,20.809999465942383,19.469999313354492,19.850000381469727,49591000,0.0,0.0
2024-07-01 00:00:00-04:00,20.329999923706055,22.84000015258789,20.31999969482422,22.559999465942383,74453700,0.0,0.0
2024-07-02 00:00:00-04:00,22.479999542236328,22.979999542236328,21.540000915527344,22.1200008392334,47465100,0.0,0.0
2024-07-03 00:00:00-04:00,21.5,21.579999923706055,20.639999389648438,20.979999542236328,30989000,0.0,0.0
2024-07-05 00:00:00-04:00,19.649999618530273,20.239999771118164,19.420000076293945,20.170000076293945,40044600,0.0,0.0
2024-07-08 00:00:00-04:00,20.56999969482422,21.049999237060547,19.209999084472656,19.5,41156600,0.0,0.0
2024-07-09 00:00:00-04:00,19.709999084472656,19.850000381469727,18.850000381469727,19.030000686645508,38784300,0.0,0.0
2024-07-10 00:00:00-04:00,19.209999084472656,19.309999465942383,18.780000686645508,18.889999389648438,27531600,0.0,0.0
2024-07-11 00:00:00-04:00,19.520000457763672,19.889999389648438,18.84000015258789,19.020000457763672,40818900,0.0,0.0
2024-07-12 00:00:00-04:00,19.15999984741211,20.920000076293945,19.1200008392334,20.770000457763672,53885700,0.0,0.0
2024-07-15 00:00:00-04:00,21.90999984741211,24.979999542236328,21.559999465942383,24.579999923706055,96172800,0.0,0.0
2024-07-16 00:00:00-04:00,24.25,26.790000915527344,24.18000030517578,26.719999313354492,67641700,0.0,0.0
2024-07-17 00:00:00-04:00,25.799999237060547,27.299999237060547,24.309999465942383,25.549999237060547,62374800,0.0,0.0
2024-07-18 00:00:00-04:00,25.989999771118164,26.170000076293945,23.360000610351562,23.649999618530273,44289800,0.0,0.0
2024-07-19 00:00:00-04:00,23.709999084472656,25.5,23.3799991607666,24.729999542236328,61002900,0.0,0.0
2024-07-22 00:00:00-04:00,25.030000686645508,25.559999465942383,23.299999237060547,23.950000762939453,48793600,0.0,0.0
2024-07-23 00:00:00-04:00,23.5,23.56999969482422,21.5,21.649999618530273,54378400,0.0,0.0
2024-07-24 00:00:00-04:00,22.030000686645508,22.59000015258789,20.610000610351562,20.670000076293945,36964200,0.0,0.0
2024-07-25 00:00:00-04:00,20.25,21.270000457763672,19.90999984741211,20.280000686645508,37320600,0.0,0.0
2024-07-26 00:00:00-04:00,21.56999969482422,22.139999389648438,20.829999923706055,21.56999969482422,43781900,0.0,0.0
2024-07-29 00:00:00-04:00,22.530000686645508,22.899999618530273,20.420000076293945,20.450000762939453,45269200,0.0,0.0
2024-07-30 00:00:00-04:00,20.59000015258789,20.959999084472656,19.6200008392334,19.729999542236328,27107900,0.0,0.0
2024-07-31 00:00:00-04:00,20.260000228881836,20.670000076293945,19.579999923706055,19.670000076293945,31839900,0.0,0.0
2024-08-01 00:00:00-04:00,19.719999313354492,19.979999542236328,17.850000381469727,18.139999389648438,38813800,0.0,0.0
2024-08-02 00:00:00-04:00,17.709999084472656,18.469999313354492,17.09000015258789,17.190000534057617,38866900,0.0,0.0
2024-08-05 00:00:00-04:00,13.930000305175781,16.950000762939453,13.65999984741211,16.950000762939453,45550600,0.0,0.0
2024-08-06 00:00:00-04:00,17.3799991607666,17.579999923706055,16.059999465942383,17.25,29049100,0.0,0.0
2024-08-07 00:00:00-04:00,17.739999771118164,17.799999237060547,15.739999771118164,15.84000015258789,28804000,0.0,0.0
2024-08-08 00:00:00-04:00,16.549999237060547,17.670000076293945,16.100000381469727,17.389999389648438,34023100,0.0,0.0
2024-08-09 00:00:00-04:00,17.389999389648438,17.459999084472656,16.709999084472656,17.030000686645508,22114100,0.0,0.0
2024-08-12 00:00:00-04:00,16.030000686645508,16.200000762939453,15.0,15.109999656677246,52147500,0.0,0.0
2024-08-13 00:00:00-04:00,15.010000228881836,15.979999542236328,14.75,15.489999771118164,41943400,0.0,0.0
2024-08-14 00:00:00-04:00,15.779999732971191,15.800000190734863,14.90999984741211,15.140000343322754,29611400,0.0,0.0
2024-08-15 00:00:00-04:00,15.199999809265137,16.280000686645508,15.1899995803833,15.460000038146973,34757600,0.0,0.0
2024-08-16 00:00:00-04:00,15.569999694824219,16.489999771118164,15.390000343322754,16.239999771118164,36335500,0.0,0.0
2024-08-19 00:00:00-04:00,16.389999389648438,16.799999237060547,15.960000038146973,16.440000534057617,25446300,0.0,0.0
2024-08-20 00:00:00-04:00,16.84000015258789,17.1200008392334,16.030000686645508,16.420000076293945,34991500,0.0,0.0
2024-08-21 00:00:00-04:00,16.549999237060547,17.649999618530273,16.399999618530273,17.6299991607666,38065400,0.0,0.0
2024-08-22 00:00:00-04:00,17.610000610351562,17.729999542236328,16.75,16.860000610351562,30867700,0.0,0.0
2024-08-23 00:00:00-04:00,17.15999984741211,18.729999542236328,16.81999969482422,18.690000534057617,46172400,0.0,0.0
2024-08-26 00:00:00-04:00,18.56999969482422,18.84000015258789,17.829999923706055,18.559999465942383,29703600,0.0,0.0
2024-08-27 00:00:00-04:00,18.079999923706055,18.170000076293945,17.1299991607666,17.75,33185200,0.0,0.0
2024-08-28 00:00:00-04:00,17.209999084472656,17.549999237060547,16.700000762939453,17.1299991607666,24596600,0.0,0.0
2024-08-29 00:00:00-04:00,17.549999237060547,18.450000762939453,16.860000610351562,16.989999771118164,41675100,0.0,0.0
2024-08-30 00:00:00-04:00,17.229999542236328,17.280000686645508,16.489999771118164,16.700000762939453,31089300,0.0,0.0
2024-09-03 00:00:00-04:00,16.5,16.520000457763672,15.029999732971191,15.260000228881836,30074500,0.0,0.0
2024-09-04 00:00:00-04:00,14.930000305175781,15.449999809265137,14.720000267028809,14.880000114440918,24013000,0.0,0.0
2024-09-05 00:00:00-04:00,14.84000015258789,15.09000015258789,13.739999771118164,13.84000015258789,31903200,0.0,0.0
2024-09-06 00:00:00-04:00,14.300000190734863,14.359999656677246,13.170000076293945,13.369999885559082,29409800,0.0,0.0
2024-09-09 00:00:00-04:00,13.800000190734863,14.75,13.670000076293945,14.619999885559082,30047100,0.0,0.0
2024-09-10 00:00:00-04:00,14.75,15.960000038146973,14.359999656677246,15.9399995803833,35512300,0.0,0.0
2024-09-11 00:00:00-04:00,15.4399995803833,16.200000762939453,14.880000114440918,15.789999961853027,35427800,0.0,0.0
2024-09-12 00:00:00-04:00,15.8100004196167,16.049999237060547,15.380000114440918,15.800000190734863,27200600,0.0,0.0
2024-09-13 00:00:00-04:00,15.850000381469727,16.719999313354492,15.65999984741211,16.1200008392334,34828700,0.0,0.0
2024-09-16 00:00:00-04:00,15.699999809265137,16.209999084472656,15.359999656677246,15.869999885559082,23786900,0.0,0.0
2024-09-17 00:00:00-04:00,16.229999542236328,16.59000015258789,15.5600004196167,15.869999885559082,33344300,0.0,0.0
2024-09-18 00:00:00-04:00,15.829999923706055,16.579999923706055,15.170000076293945,15.34000015258789,35338500,0.0,0.0
2024-09-19 00:00:00-04:00,16.3799991607666,16.510000228881836,15.430000305175781,15.449999809265137,42715700,0.0,0.0
2024-09-20 00:00:00-04:00,15.420000076293945,15.609999656677246,14.970000267028809,15.539999961853027,30712900,0.0,0.0
2024-09-23 00:00:00-04:00,15.550000190734863,16.299999237060547,15.359999656677246,16.06999969482422,24601500,0.0,0.0
2024-09-24 00:00:00-04:00,16.1299991607666,16.549999237060547,15.619999885559082,16.40999984741211,36047300,0.0,0.0
2024-09-25 00:00:00-04:00,16.350000381469727,16.860000610351562,16.020000457763672,16.139999389648438,32695400,0.0,0.0
2024-09-26 00:00:00-04:00,16.700000762939453,18.25,16.5,17.520000457763672,60450700,0.0,0.0
2024-09-27 00:00:00-04:00,17.920000076293945,17.920000076293945,16.850000381469727,17.290000915527344,41237600,0.0,0.0
2024-09-30 00:00:00-04:00,16.610000610351562,16.709999084472656,16.079999923706055,16.219999313354492,30746400,0.0,0.0
2024-10-01 00:00:00-04:00,16.1299991607666,16.190000534057617,14.670000076293945,15.069999694824219,36592300,0.0,0.0
2024-10-02 00:00:00-04:00,15.020000457763672,15.529999732971191,14.850000381469727,15.210000038146973,26569600,0.0,0.0
2024-10-03 00:00:00-04:00,15.039999961853027,15.479999542236328,14.789999961853027,15.470000267028809,26987000,0.0,0.0
2024-10-04 00:00:00-04:00,15.8100004196167,16.639999389648438,15.550000190734863,16.309999465942383,32244300,0.0,0.0
2024-10-07 00:00:00-04:00,16.43000030517578,16.719999313354492,15.520000457763672,15.989999771118164,30754000,0.0,0.0
2024-10-08 00:00:00-04:00,15.75,16.3700008392334,15.649999618530273,15.829999923706055,25109200,0.0,0.0
2024-10-09 00:00:00-04:00,15.779999732971191,16.149999618530273,15.350000381469727,15.4399995803833,26085300,0.0,0.0
2024-10-10 00:00:00-04:00,15.390000343322754,15.5,15.0600004196167,15.229999542236328,20941200,0.0,0.0
2024-10-11 00:00:00-04:00,15.430000305175781,16.229999542236328,15.3100004196167,16.079999923706055,36454600,0.0,0.0
2024-10-14 00:00:00-04:00,16.790000915527344,17.959999084472656,16.34000015258789,16.979999542236328,65860600,0.0,0.0
2024-10-15 00:00:00-04:00,17.049999237060547,17.940000534057617,16.6299991607666,16.920000076293945,50534300,0.0,0.0
2024-10-16 00:00:00-04:00,17.5,18.190000534057617,16.959999084472656,18.079999923706055,53156500,0.0,0.0
2024-10-17 00:00:00-04:00,17.969999313354492,18.489999771118164,17.100000381469727,18.010000228881836,43533700,0.0,0.0
2024-10-18 00:00:00-04:00,18.3700008392334,19.100000381469727,18.260000228881836,18.8799991607666,47505600,0.0,0.0
2024-10-21 00:00:00-04:00,18.700000762939453,18.770000457763672,17.860000610351562,18.709999084472656,42646400,0.0,0.0
2024-10-22 00:00:00-04:00,18.34000015258789,19.139999389648438,18.110000610351562,18.969999313354492,32373000,0.0,0.0
2024-10-23 00:00:00-04:00,18.600000381469727,18.75,17.329999923706055,18.06999969482422,44412100,0.0,0.0
2024-10-24 00:00:00-04:00,18.479999542236328,18.989999771118164,17.729999542236328,18.219999313354492,48745900,0.0,0.0
2024-10-25 00:00:00-04:00,18.200000762939453,18.31999969482422,16.950000762939453,17.059999465942383,56106500,0.0,0.0
2024-10-28 00:00:00-04:00,17.719999313354492,19.190000534057617,17.6200008392334,18.940000534057617,60624100,0.0,0.0
2024-10-29 00:00:00-04:00,19.389999389648438,19.940000534057617,18.709999084472656,18.940000534057617,65540400,0.0,0.0
2024-10-30 00:00:00-04:00,18.350000381469727,19.1200008392334,18.010000228881836,18.280000686645508,33488500,0.0,0.0
2024-10-31 00:00:00-04:00,18.149999618530273,18.239999771118164,16.450000762939453,16.770000457763672,39713000,0.0,0.0
2024-11-01 00:00:00-04:00,16.93000030517578,17.3700008392334,16.100000381469727,16.110000610351562,32711000,0.0,0.0
2024-11-04 00:00:00-05:00,15.869999885559082,15.9399995803833,15.3100004196167,15.5,29692100,0.0,0.0
2024-11-05 00:00:00-05:00,15.960000038146973,16.360000610351562,15.699999809265137,16.239999771118164,32554800,0.0,0.0
2024-11-06 00:00:00-05:00,17.610000610351562,19.600000381469727,17.239999771118164,19.31999969482422,85571500,0.0,0.0
2024-11-07 00:00:00-05:00,18.899999618530273,19.549999237060547,18.75,19.309999465942383,49751200,0.0,0.0
2024-11-08 00:00:00-05:00,19.110000610351562,19.43000030517578,18.56999969482422,19.25,47164400,0.0,0.0
2024-11-11 00:00:00-05:00,22.299999237060547,25.469999313354492,21.799999237060547,25.010000228881836,125540700,0.0,0.0
2024-11-12 00:00:00-05:00,24.100000381469727,25.3799991607666,23.459999084472656,25.229999542236328,87663900,0.0,0.0
2024-11-13 00:00:00-05:00,24.31999969482422,26.190000534057617,21.43000030517578,21.700000762939453,94879700,0.0,0.0
2024-11-14 00:00:00-05:00,22.479999542236328,22.899999618530273,20.18000030517578,20.790000915527344,46983000,0.0,0.0
2024-11-15 00:00:00-05:00,21.270000457763672,21.299999237060547,20.010000228881836,21.06999969482422,42768800,0.0,0.0
2024-11-18 00:00:00-05:00,19.829999923706055,21.15999984741211,17.719999313354492,18.110000610351562,121617100,0.0,0.0
2024-11-19 00:00:00-05:00,18.299999237060547,20.649999618530273,18.270000457763672,19.860000610351562,88677400,0.0,0.0
2024-11-20 00:00:00-05:00,20.739999771118164,23.5,20.510000228881836,22.6299991607666,124501400,0.0,0.0
2024-11-21 00:00:00-05:00,25.209999084472656,25.75,22.5,24.18000030517578,166260600,0.0,0.0
2024-11-22 00:00:00-05:00,23.639999389648438,26.709999084472656,23.110000610351562,26.030000686645508,105262400,0.0,0.0
2024-11-25 00:00:00-05:00,27.06999969482422,28.889999389648438,24.860000610351562,26.420000076293945,123760600,0.0,0.0
2024-11-26 00:00:00-05:00,25.100000381469727,27.90999984741211,24.649999618530273,24.969999313354492,91188100,0.0,0.0
2024-11-27 00:00:00-05:00,26.030000686645508,27.31999969482422,25.0,26.920000076293945,87941700,0.0,0.0
2024-11-29 00:00:00-05:00,27.520000457763672,30.280000686645508,27.139999389648438,27.420000076293945,89541900,0.0,0.0
2024-12-02 00:00:00-05:00,26.84000015258789,26.90999984741211,23.81999969482422,25.6299991607666,125972900,0.0,0.0
2024-12-03 00:00:00-05:00,24.489999771118164,25.729999542236328,24.149999618530273,25.1299991607666,60750200,0.0,0.0
2024-12-04 00:00:00-05:00,25.139999389648438,26.100000381469727,24.579999923706055,25.959999084472656,69104600,0.0,0.0
2024-12-05 00:00:00-05:00,27.15999984741211,28.06999969482422,24.780000686645508,24.790000915527344,97084600,0.0,0.0
2024-12-06 00:00:00-05:00,25.479999542236328,26.90999984741211,25.0,26.43000030517578,72455800,0.0,0.0
2024-12-09 00:00:00-05:00,25.479999542236328,26.209999084472656,23.780000686645508,23.860000610351562,68522400,0.0,0.0
2024-12-10 00:00:00-05:00,24.3700008392334,24.549999237060547,22.549999237060547,22.809999465942383,43813100,0.0,0.0
2024-12-11 00:00:00-05:00,23.5,24.610000610351562,22.920000076293945,23.270000457763672,57624000,0.0,0.0
2024-12-12 00:00:00-05:00,23.799999237060547,24.309999465942383,22.559999465942383,22.579999923706055,50696200,0.0,0.0
2024-12-13 00:00:00-05:00,22.8700008392334,23.299999237060547,22.299999237060547,22.729999542236328,40491700,0.0,0.0
2024-12-16 00:00:00-05:00,23.479999542236328,25.450000762939453,23.270000457763672,24.559999465942383,65027700,0.0,0.0
2024-12-17 00:00:00-05:00,25.399999618530273,25.579999923706055,24.280000686645508,24.600000381469727,62399800,0.0,0.0
2024-12-18 00:00:00-05:00,24.049999237060547,24.850000381469727,21.31999969482422,21.610000610351562,54388400,0.0,0.0
2024-12-19 00:00:00-05:00,22.559999465942383,22.90999984741211,19.8700008392334,20.3700008392334,47800000,0.0,0.0
2024-12-20 00:00:00-05:00,19.8799991607666,20.68000030517578,19.75,19.959999084472656,55121700,0.0,0.0
2024-12-23 00:00:00-05:00,19.979999542236328,20.06999969482422,19.020000457763672,19.25,28961000,0.0,0.0
2024-12-24 00:00:00-05:00,19.809999465942383,20.270000457763672,19.559999465942383,20.149999618530273,20546500,0.0,0.0
2024-12-26 00:00:00-05:00,19.860000610351562,20.0,19.260000228881836,19.299999237060547,22621200,0.0,0.0
2024-12-27 00:00:00-05:00,19.399999618530273,19.40999984741211,18.350000381469727,18.440000534057617,26370200,0.0,0.0
2024-12-30 00:00:00-05:00,18.09000015258789,18.149999618530273,16.84000015258789,17.290000915527344,39377100,0.0,0.0
2024-12-31 00:00:00-05:00,17.979999542236328,18.219999313354492,16.639999389648438,16.770000457763672,33064600,0.0,0.0
2025-01-02 00:00:00-05:00,17.469999313354492,18.219999313354492,16.969999313354492,17.209999084472656,39560100,0.0,0.0
2025-01-03 00:00:00-05:00,17.329999923706055,19.729999542236328,17.190000534057617,19.639999389648438,46612500,0.0,0.0
2025-01-06 00:00:00-05:00,20.0,20.59000015258789,19.610000610351562,20.549999237060547,46138400,0.0,0.0
2025-01-07 00:00:00-05:00,20.049999237060547,20.530000686645508,19.020000457763672,19.06999969482422,33898900,0.0,0.0
2025-01-08 00:00:00-05:00,18.56999969482422,18.8799991607666,17.65999984741211,18.34000015258789,29108200,0.0,0.0
2025-01-10 00:00:00-05:00,18.040000915527344,18.170000076293945,17.420000076293945,17.860000610351562,27905400,0.0,0.0
2025-01-13 00:00:00-05:00,16.969999313354492,17.469999313354492,16.399999618530273,17.190000534057617,32866500,0.0,0.0
2025-01-14 00:00:00-05:00,17.940000534057617,18.1299991607666,16.940000534057617,17.360000610351562,31584000,0.0,0.0
2025-01-15 00:00:00-05:00,18.1299991607666,18.6200008392334,17.850000381469727,18.149999618530273,38818600,0.0,0.0
2025-01-16 00:00:00-05:00,18.059999465942383,18.559999465942383,17.75,18.299999237060547,29327600,0.0,0.0
2025-01-17 00:00:00-05:00,19.229999542236328,20.979999542236328,18.959999084472656,19.90999984741211,88413300,0.0,0.0
2025-01-21 00:00:00-05:00,20.25,20.579999923706055,18.65999984741211,19.559999465942383,55287700,0.0,0.0
2025-01-22 00:00:00-05:00,19.239999771118164,20.100000381469727,18.93000030517578,19.690000534057617,35787000,0.0,0.0
2025-01-23 00:00:00-05:00,19.219999313354492,20.84000015258789,19.059999465942383,19.950000762939453,49812400,0.0,0.0
2025-01-24 00:00:00-05:00,20.219999313354492,21.18000030517578,19.829999923706055,19.989999771118164,46490600,0.0,0.0
2025-01-27 00:00:00-05:00,18.84000015258789,19.280000686645508,17.5,18.290000915527344,40307700,0.0,0.0
2025-01-28 00:00:00-05:00,18.5,18.579999923706055,17.860000610351562,18.260000228881836,23062100,0.0,0.0
2025-01-29 00:00:00-05:00,18.280000686645508,18.860000610351562,17.770000457763672,18.420000076293945,24935700,0.0,0.0
2025-01-30 00:00:00-05:00,18.719999313354492,19.579999923706055,18.700000762939453,19.18000030517578,33297200,0.0,0.0
2025-01-31 00:00:00-05:00,19.15999984741211,19.40999984741211,18.030000686645508,18.34000015258789,33483100,0.0,0.0
2025-02-03 00:00:00-05:00,16.920000076293945,18.299999237060547,16.8700008392334,17.950000762939453,39377800,0.0,0.0
2025-02-04 00:00:00-05:00,17.649999618530273,18.049999237060547,17.440000534057617,17.649999618530273,23501600,0.0,0.0
2025-02-05 00:00:00-05:00,17.84000015258789,17.940000534057617,17.020000457763672,17.030000686645508,24320000,0.0,0.0
2025-02-06 00:00:00-05:00,17.25,17.549999237060547,16.540000915527344,16.799999237060547,27578500,0.0,0.0
2025-02-07 00:00:00-05:00,17.31999969482422,17.860000610351562,16.510000228881836,16.770000457763672,34042500,0.0,0.0
2025-02-10 00:00:00-05:00,17.06999969482422,17.18000030517578,16.700000762939453,16.760000228881836,22214000,0.0,0.0
2025-02-11 00:00:00-05:00,16.639999389648438,16.809999465942383,16.010000228881836,16.020000457763672,22148400,0.0,0.0
2025-02-12 00:00:00-05:00,15.899999618530273,16.3700008392334,15.680000305175781,16.239999771118164,23647000,0.0,0.0
2025-02-13 00:00:00-05:00,16.170000076293945,16.950000762939453,15.880000114440918,16.90999984741211,26889700,0.0,0.0
2025-02-14 00:00:00-05:00,16.989999771118164,17.299999237060547,16.649999618530273,16.899999618530273,25267900,0.0,0.0
2025-02-18 00:00:00-05:00,16.739999771118164,16.790000915527344,15.920000076293945,16.049999237060547,26269900,0.0,0.0
2025-02-19 00:00:00-05:00,16.18000030517578,16.40999984741211,15.760000228881836,15.779999732971191,20778000,0.0,0.0
2025-02-20 00:00:00-05:00,16.040000915527344,16.200000762939453,15.5600004196167,15.949999809265137,21087400,0.0,0.0
2025-02-21 00:00:00-05:00,16.270000457763672,16.34000015258789,14.649999618530273,14.65999984741211,36080800,0.0,0.0
2025-02-24 00:00:00-05:00,14.600000381469727,14.649999618530273,13.680000305175781,13.890000343322754,38059000,0.0,0.0
2025-02-25 00:00:00-05:00,13.220000267028809,13.489999771118164,12.050000190734863,12.420000076293945,51032900,0.0,0.0
2025-02-26 00:00:00-05:00,12.260000228881836,12.869999885559082,12.210000038146973,12.449999809265137,41577400,0.0,0.0
2025-02-27 00:00:00-05:00,14.210000038146973,14.850000381469727,13.0600004196167,13.130000114440918,90411900,0.0,0.0
2025-02-28 00:00:00-05:00,12.970000267028809,14.550000190734863,12.920000076293945,13.920000076293945,63390300,0.0,0.0
2025-03-03 00:00:00-05:00,15.319999694824219,15.59000015258789,13.520000457763672,13.789999961853027,70463900,0.0,0.0
2025-03-04 00:00:00-05:00,13.239999771118164,14.819999694824219,13.119999885559082,13.970000267028809,59643700,0.0,0.0
2025-03-05 00:00:00-05:00,14.270000457763672,15.239999771118164,13.770000457763672,15.119999885559082,49178600,0.0,0.0
2025-03-06 00:00:00-05:00,14.890000343322754,15.699999809265137,14.569999694824219,15.09000015258789,48365400,0.0,0.0
2025-03-07 00:00:00-05:00,14.859999656677246,16.239999771118164,14.420000076293945,16.020000457763672,59542800,0.0,0.0
2025-03-10 00:00:00-04:00,15.270000457763672,15.380000114440918,13.149999618530273,13.40999984741211,52093500,0.0,0.0
2025-03-11 00:00:00-04:00,13.529999732971191,13.640000343322754,12.710000038146973,13.319999694824219,39338900,0.0,0.0
2025-03-12 00:00:00-04:00,13.550000190734863,13.84000015258789,12.84000015258789,13.109999656677246,32587900,0.0,0.0
2025-03-13 00:00:00-04:00,13.239999771118164,13.270000457763672,12.130000114440918,12.15999984741211,30067900,0.0,0.0
2025-03-14 00:00:00-04:00,12.510000228881836,13.34000015258789,12.390000343322754,13.180000305175781,42035500,0.0,0.0
2025-03-17 00:00:00-04:00,13.119999885559082,13.319999694824219,12.569999694824219,12.970000267028809,31566300,0.0,0.0
2025-03-18 00:00:00-04:00,12.609999656677246,12.630000114440918,12.029999732971191,12.069999694824219,29973100,0.0,0.0
2025-03-19 00:00:00-04:00,12.289999961853027,12.859999656677246,12.149999618530273,12.529999732971191,38724800,0.0,0.0
2025-03-20 00:00:00-04:00,12.369999885559082,13.109999656677246,12.329999923706055,12.5,31171800,0.0,0.0
2025-03-21 00:00:00-04:00,12.260000228881836,12.479999542236328,12.079999923706055,12.380000114440918,43101600,0.0,0.0
2025-03-24 00:00:00-04:00,12.84000015258789,14.640000343322754,12.8100004196167,14.609999656677246,52289300,0.0,0.0
2025-03-25 00:00:00-04:00,14.539999961853027,14.6899995803833,13.920000076293945,14.25,38228200,0.0,0.0
2025-03-26 00:00:00-04:00,14.199999809265137,14.260000228881836,13.470000267028809,13.789999961853027,29926200,0.0,0.0
2025-03-27 00:00:00-04:00,13.520000457763672,14.09000015258789,13.260000228881836,13.640000343322754,22451800,0.0,0.0
2025-03-28 00:00:00-04:00,13.4399995803833,13.4399995803833,12.350000381469727,12.470000267028809,35038100,0.0,0.0
2025-03-31 00:00:00-04:00,11.949999809265137,11.960000038146973,11.289999961853027,11.5,33298300,0.0,0.0
2025-04-01 00:00:00-04:00,11.649999618530273,11.920000076293945,11.050000190734863,11.84000015258789,35567800,0.0,0.0
2025-04-02 00:00:00-04:00,11.529999732971191,12.65999984741211,11.5,12.420000076293945,42127900,0.0,0.0
2025-04-03 00:00:00-04:00,11.350000381469727,11.600000381469727,11.170000076293945,11.229999542236328,26360300,0.0,0.0
2025-04-04 00:00:00-04:00,10.979999542236328,11.359999656677246,9.8100004196167,11.300000190734863,44968400,0.0,0.0
2025-04-07 00:00:00-04:00,10.119999885559082,12.270000457763672,9.850000381469727,11.260000228881836,44828000,0.0,0.0
2025-04-08 00:00:00-04:00,11.859999656677246,11.920000076293945,10.1899995803833,10.520000457763672,34841600,0.0,0.0
2025-04-09 00:00:00-04:00,10.449999809265137,12.75,10.3100004196167,12.3100004196167,56429500,0.0,0.0
2025-04-10 00:00:00-04:00,11.770000457763672,11.970000267028809,11.0,11.739999771118164,33703600,0.0,0.0
2025-04-11 00:00:00-04:00,11.890000343322754,12.619999885559082,11.729999542236328,12.510000228881836,34927200,0.0,0.0
2025-04-14 00:00:00-04:00,12.899999618530273,13.449999809265137,12.600000381469727,12.949999809265137,35548900,0.0,0.0
2025-04-15 00:00:00-04:00,13.0600004196167,13.15999984741211,12.180000305175781,12.579999923706055,31020400,0.0,0.0
2025-04-16 00:00:00-04:00,12.260000228881836,12.6899995803833,12.050000190734863,12.319999694824219,24621400,0.0,0.0
2025-04-17 00:00:00-04:00,12.34000015258789,12.670000076293945,12.029999732971191,12.65999984741211,19415500,0.0,0.0
2025-04-21 00:00:00-04:00,12.869999885559082,13.109999656677246,12.180000305175781,12.289999961853027,32418000,0.0,0.0
2025-04-22 00:00:00-04:00,12.760000228881836,14.079999923706055,12.699999809265137,14.0600004196167,62449200,0.0,0.0
2025-04-23 00:00:00-04:00,14.600000381469727,14.770000457763672,13.949999809265137,14.130000114440918,42139200,0.0,0.0
2025-04-24 00:00:00-04:00,13.90999984741211,14.3100004196167,13.859999656677246,14.010000228881836,29150200,0.0,0.0
2025-04-25 00:00:00-04:00,14.279999732971191,14.600000381469727,14.020000457763672,14.300000190734863,31608600,0.0,0.0
2025-04-28 00:00:00-04:00,14.399999618530273,14.489999771118164,13.449999809265137,14.010000228881836,30247100,0.0,0.0
2025-04-29 00:00:00-04:00,14.010000228881836,14.479999542236328,13.960000038146973,14.220000267028809,37502700,0.0,0.0
2025-04-30 00:00:00-04:00,13.850000381469727,13.960000038146973,13.050000190734863,13.369999885559082,34872300,0.0,0.0
2025-05-01 00:00:00-04:00,13.930000305175781,14.65999984741211,13.600000381469727,14.050000190734863,61180700,0.0,0.0
2025-05-02 00:00:00-04:00,14.119999885559082,14.960000038146973,14.0600004196167,14.479999542236328,56634900,0.0,0.0
2025-05-05 00:00:00-04:00,13.970000267028809,14.0600004196167,12.739999771118164,13.09000015258789,51812500,0.0,0.0
2025-05-06 00:00:00-04:00,12.739999771118164,13.329999923706055,12.630000114440918,13.149999618530273,23009500,0.0,0.0
2025-05-07 00:00:00-04:00,13.319999694824219,13.59000015258789,13.050000190734863,13.329999923706055,31516700,0.0,0.0
2025-05-08 00:00:00-04:00,13.989999771118164,14.5,13.760000228881836,14.289999961853027,49215700,0.0,0.0
2025-05-09 00:00:00-04:00,14.130000114440918,16.149999618530273,14.069999694824219,15.760000228881836,86525400,0.0,0.0
2025-05-12 00:00:00-04:00,16.440000534057617,16.690000534057617,15.579999923706055,15.949999809265137,58400300,0.0,0.0
2025-05-13 00:00:00-04:00,16.309999465942383,16.6299991607666,15.800000190734863,16.3700008392334,48425700,0.0,0.0
2025-05-14 00:00:00-04:00,16.34000015258789,16.43000030517578,15.770000457763672,15.869999885559082,30663200,0.0,0.0
2025-05-15 00:00:00-04:00,15.5600004196167,15.890000343322754,15.25,15.680000305175781,28710300,0.0,0.0
2025-05-16 00:00:00-04:00,15.75,16.59000015258789,15.680000305175781,16.209999084472656,40908200,0.0,0.0
2025-05-19 00:00:00-04:00,15.720000267028809,16.389999389648438,15.5600004196167,16.31999969482422,35229100,0.0,0.0
2025-05-20 00:00:00-04:00,16.229999542236328,16.299999237060547,15.720000267028809,16.190000534057617,34242600,0.0,0.0
2025-05-21 00:00:00-04:00,16.15999984741211,17.219999313354492,15.65999984741211,15.84000015258789,75135700,0.0,0.0
2025-05-22 00:00:00-04:00,16.690000534057617,17.239999771118164,15.640000343322754,15.649999618530273,84449400,0.0,0.0
2025-05-23 00:00:00-04:00,15.029999732971191,15.279999732971191,14.579999923706055,14.729999542236328,47232700,0.0,0.0
2025-05-27 00:00:00-04:00,15.220000267028809,16.600000381469727,15.199999809265137,16.440000534057617,66177800,0.0,0.0
2025-05-28 00:00:00-04:00,16.309999465942383,16.309999465942383,14.789999961853027,14.859999656677246,57658100,0.0,0.0
2025-05-29 00:00:00-04:00,15.210000038146973,15.229999542236328,14.510000228881836,14.609999656677246,26868600,0.0,0.0
2025-05-30 00:00:00-04:00,14.4399995803833,14.6899995803833,14.09000015258789,14.119999885559082,35164200,0.0,0.0
2025-06-02 00:00:00-04:00,14.020000457763672,14.430000305175781,13.930000305175781,14.359999656677246,36748700,0.0,0.0
2025-06-03 00:00:00-04:00,14.470000267028809,15.550000190734863,14.279999732971191,15.329999923706055,49904400,0.0,0.0
2025-06-04 00:00:00-04:00,15.020000457763672,15.789999961853027,14.920000076293945,15.670000076293945,50856400,0.0,0.0
2025-06-05 00:00:00-04:00,15.75,15.850000381469727,14.649999618530273,14.880000114440918,41371200,0.0,0.0
2025-06-06 00:00:00-04:00,15.199999809265137,16.110000610351562,15.119999885559082,15.779999732971191,61255200,0.0,0.0
2025-06-09 00:00:00-04:00,16.219999313354492,16.299999237060547,15.470000267028809,16.270000457763672,64736500,0.0,0.0
2025-06-10 00:00:00-04:00,16.31999969482422,16.68000030517578,16.030000686645508,16.489999771118164,49306100,0.0,0.0
2025-06-11 00:00:00-04:00,16.559999465942383,16.729999542236328,15.960000038146973,16.350000381469727,40761400,0.0,0.0
2025-06-12 00:00:00-04:00,15.850000381469727,16.479999542236328,15.609999656677246,15.819999694824219,42679700,0.0,0.0
2025-06-13 00:00:00-04:00,15.369999885559082,15.720000267028809,14.569999694824219,15.039999961853027,55022500,0.0,0.0
2025-06-16 00:00:00-04:00,15.329999923706055,15.539999961853027,15.050000190734863,15.319999694824219,39214900,0.0,0.0
2025-06-17 00:00:00-04:00,15.119999885559082,15.1899995803833,14.289999961853027,14.670000076293945,54622000,0.0,0.0
2025-06-18 00:00:00-04:00,14.520000457763672,14.920000076293945,14.430000305175781,14.489999771118164,37451000,0.0,0.0
2025-06-20 00:00:00-04:00,14.789999961853027,14.90999984741211,14.109999656677246,14.319999694824219,49493000,0.0,0.0
2025-06-23 00:00:00-04:00,13.949999809265137,14.449999809265137,13.489999771118164,14.180000305175781,48736200,0.0,0.0
2025-06-24 00:00:00-04:00,14.520000457763672,15.050000190734863,14.369999885559082,14.880000114440918,43803800,0.0,0.0
2025-06-25 00:00:00-04:00,15.369999885559082,15.40999984741211,14.819999694824219,14.979999542236328,37555000,0.0,0.0
2025-06-26 00:00:00-04:00,14.880000114440918,15.399999618530273,14.579999923706055,15.270000457763672,39641200,0.0,0.0
2025-06-27 00:00:00-04:00,15.140000343322754,15.5,14.850000381469727,15.029999732971191,39794000,0.0,0.0
2025-06-30 00:00:00-04:00,15.220000267028809,15.800000190734863,15.069999694824219,15.680000305175781,46603100,0.0,0.0
2025-07-01 00:00:00-04:00,15.359999656677246,16.15999984741211,15.289999961853027,15.699999809265137,41974200,0.0,0.0
2025-07-02 00:00:00-04:00,15.949999809265137,17.84000015258789,15.869999885559082,17.799999237060547,82124900,0.0,0.0
2025-07-03 00:00:00-04:00,17.579999923706055,18.219999313354492,17.3799991607666,17.65999984741211,32142500,0.0,0.0
2025-07-07 00:00:00-04:00,17.420000076293945,17.489999771118164,16.239999771118164,16.75,42431700,0.0,0.0
2025-07-08 00:00:00-04:00,17.110000610351562,17.670000076293945,16.959999084472656,17.520000457763672,33898500,0.0,0.0
2025-07-09 00:00:00-04:00,17.979999542236328,18.530000686645508,17.399999618530273,18.459999084472656,42743100,0.0,0.0
2025-07-10 00:00:00-04:00,18.479999542236328,19.190000534057617,17.950000762939453,19.0,46005300,0.0,0.0
2025-07-11 00:00:00-04:00,19.5,19.799999237060547,19.0,19.139999389648438,54864100,0.0,0.0
2025-07-14 00:00:00-04:00,19.790000915527344,21.5,18.979999542236328,19.209999084472656,86813200,0.0,0.0
2025-07-15 00:00:00-04:00,19.040000915527344,19.360000610351562,18.579999923706055,18.760000228881836,39532000,0.0,0.0
2025-07-16 00:00:00-04:00,19.489999771118164,20.190000534057617,19.399999618530273,19.440000534057617,49524200,0.0,0.0
2025-07-17 00:00:00-04:00,19.479999542236328,20.200000762939453,19.170000076293945,19.969999313354492,37813600,0.0,0.0
2025-07-18 00:00:00-04:00,20.25,20.989999771118164,19.270000457763672,19.510000228881836,41471900,0.0,0.0
2025-07-21 00:00:00-04:00,19.559999465942383,19.989999771118164,18.670000076293945,18.829999923706055,39987100,0.0,0.0
2025-07-22 00:00:00-04:00,19.170000076293945,19.989999771118164,18.690000534057617,19.8799991607666,36111100,0.0,0.0
2025-07-23 00:00:00-04:00,18.719999313354492,18.75,16.93000030517578,17.56999969482422,138542800,0.0,0.0
2025-07-24 00:00:00-04:00,17.549999237060547,17.68000030517578,17.1299991607666,17.260000228881836,59837900,0.0,0.0
2025-07-25 00:00:00-04:00,17.209999084472656,17.260000228881836,16.6299991607666,17.25,39143600,0.0,0.0
2025-07-28 00:00:00-04:00,17.639999389648438,17.649999618530273,16.950000762939453,17.15999984741211,40821700,0.0,0.0
2025-07-29 00:00:00-04:00,17.170000076293945,17.399999618530273,16.469999313354492,16.610000610351562,41980500,0.0,0.0
2025-07-30 00:00:00-04:00,17.420000076293945,17.920000076293945,16.299999237060547,16.549999237060547,58937300,0.0,0.0
2025-07-31 00:00:00-04:00,16.420000076293945,16.65999984741211,16.06999969482422,16.079999923706055,40020400,0.0,0.0
2025-08-01 00:00:00-04:00,15.470000267028809,15.9399995803833,15.010000228881836,15.5,43231700,0.0,0.0
2025-08-04 00:00:00-04:00,15.609999656677246,16.209999084472656,15.3100004196167,16.040000915527344,29808000,0.0,0.0
2025-08-05 00:00:00-04:00,15.899999618530273,15.989999771118164,15.329999923706055,15.619999885559082,28810500,0.0,0.0
2025-08-06 00:00:00-04:00,15.6899995803833,16.110000610351562,15.4399995803833,15.890000343322754,21598700,0.0,0.0
2025-08-07 00:00:00-04:00,16.200000762939453,16.5,15.600000381469727,15.949999809265137,26323600,0.0,0.0
2025-08-08 00:00:00-04:00,16.040000915527344,16.18000030517578,15.289999961853027,15.380000114440918,25638900,0.0,0.0
2025-08-11 00:00:00-04:00,15.899999618530273,16.209999084472656,15.569999694824219,15.65999984741211,32497200,0.0,0.0
2025-08-12 00:00:00-04:00,15.680000305175781,15.979999542236328,15.569999694824219,15.720000267028809,26799400,0.0,0.0
2025-08-13 00:00:00-04:00,15.800000190734863,16.31999969482422,15.609999656677246,15.859999656677246,46169200,0.0,0.0
2025-08-14 00:00:00-04:00,15.520000457763672,15.779999732971191,14.869999885559082,15.75,45222400,0.0,0.0
2025-08-15 00:00:00-04:00,15.6899995803833,15.920000076293945,15.359999656677246,15.670000076293945,37126700,0.0,0.0
2025-08-18 00:00:00-04:00,15.260000228881836,16.350000381469727,15.260000228881836,16.09000015258789,50673500,0.0,0.0
2025-08-19 00:00:00-04:00,16.149999618530273,16.25,15.020000457763672,15.170000076293945,40759700,0.0,0.0
2025-08-20 00:00:00-04:00,15.069999694824219,15.460000038146973,14.479999542236328,15.449999809265137,40586200,0.0,0.0
2025-08-21 00:00:00-04:00,15.130000114440918,15.579999923706055,15.020000457763672,15.510000228881836,47738600,0.0,0.0
2025-08-22 00:00:00-04:00,15.40999984741211,16.6299991607666,15.270000457763672,16.290000915527344,79096900,0.0,0.0
2025-08-25 00:00:00-04:00,15.850000381469727,15.920000076293945,15.020000457763672,15.399999618530273,75372600,0.0,0.0
2025-08-26 00:00:00-04:00,15.329999923706055,15.970000267028809,15.210000038146973,15.84000015258789,50801000,0.0,0.0
2025-08-27 00:00:00-04:00,15.779999732971191,16.139999389648438,15.550000190734863,15.850000381469727,49786300,0.0,0.0
2025-08-28 00:00:00-04:00,16.100000381469727,16.309999465942383,15.84000015258789,15.960000038146973,38340800,0.0,0.0
2025-08-29 00:00:00-04:00,15.859999656677246,16.100000381469727,15.539999961853027,15.979999542236328,66806700,0.0,0.0
2025-09-02 00:00:00-04:00,15.65999984741211,16.549999237060547,15.380000114440918,16.059999465942383,56252800,0.0,0.0
2025-09-03 00:00:00-04:00,16.149999618530273,16.68000030517578,15.649999618530273,15.890000343322754,56723900,0.0,0.0
2025-09-04 00:00:00-04:00,15.729999542236328,15.869999885559082,15.039999961853027,15.109999656677246,53255600,0.0,0.0
2025-09-05 00:00:00-04:00,15.5,15.720000267028809,14.609999656677246,15.1899995803833,62432000,0.0,0.0
2025-09-08 00:00:00-04:00,15.199999809265137,15.350000381469727,14.979999542236328,15.199999809265137,59266800,0.0,0.0
2025-09-09 00:00:00-04:00,15.40999984741211,16.0,15.350000381469727,15.930000305175781,71693300,0.0,0.0
2025-09-10 00:00:00-04:00,16.09000015258789,16.440000534057617,15.760000228881836,15.859999656677246,59254500,0.0,0.0
2025-09-11 00:00:00-04:00,15.859999656677246,16.389999389648438,15.670000076293945,15.710000038146973,53841900,0.0,0.0
2025-09-12 00:00:00-04:00,15.84000015258789,16.639999389648438,15.579999923706055,16.309999465942383,70580400,0.0,0.0
2025-09-15 00:00:00-04:00,16.239999771118164,16.350000381469727,15.569999694824219,16.239999771118164,76839500,0.0,0.0
2025-09-16 00:00:00-04:00,16.309999465942383,17.6200008392334,16.170000076293945,17.530000686645508,112743500,0.0,0.0
2025-09-17 00:00:00-04:00,17.3700008392334,17.81999969482422,16.75,17.34000015258789,79415800,0.0,0.0
2025-09-18 00:00:00-04:00,17.75,19.219999313354492,17.3799991607666,18.5,83114700,0.0,0.0
2025-09-19 00:00:00-04:00,18.5,18.709999084472656,18.260000228881836,18.290000915527344,62943800,0.0,0.0
2025-09-22 00:00:00-04:00,17.68000030517578,18.43000030517578,17.0,18.350000381469727,84866900,0.0,0.0
2025-09-23 00:00:00-04:00,18.639999389648438,19.170000076293945,17.6299991607666,17.709999084472656,66847700,0.0,0.0
2025-09-24 00:00:00-04:00,18.1299991607666,19.290000915527344,17.549999237060547,17.639999389648438,71463000,0.0,0.0
2025-09-25 00:00:00-04:00,17.270000457763672,17.280000686645508,15.729999542236328,16.06999969482422,85062100,0.0,0.0
2025-09-26 00:00:00-04:00,16.209999084472656,16.3700008392334,15.729999542236328,16.1299991607666,51924400,0.0,0.0
2025-09-29 00:00:00-04:00,16.489999771118164,18.729999542236328,16.3799991607666,18.65999984741211,104494800,0.0,0.0
2025-09-30 00:00:00-04:00,18.270000457763672,18.610000610351562,18.040000915527344,18.260000228881836,57430600,0.0,0.0
2025-10-01 00:00:00-04:00,18.860000610351562,19.40999984741211,18.200000762939453,18.610000610351562,65823400,0.0,0.0
2025-10-02 00:00:00-04:00,19.170000076293945,19.75,18.6299991607666,18.790000915527344,58147400,0.0,0.0
2025-10-03 00:00:00-04:00,19.030000686645508,19.610000610351562,18.450000762939453,18.81999969482422,60740800,0.0,0.0
2025-10-06 00:00:00-04:00,19.670000076293945,20.600000381469727,19.239999771118164,20.56999969482422,73382800,0.0,0.0
2025-10-07 00:00:00-04:00,20.700000762939453,20.93000030517578,19.1200008392334,20.25,56239900,0.0,0.0
2025-10-08 00:00:00-04:00,20.420000076293945,20.969999313354492,20.030000686645508,20.200000762939453,50170500,0.0,0.0
2025-10-09 00:00:00-04:00,20.329999923706055,20.65999984741211,19.43000030517578,20.200000762939453,49472600,0.0,0.0
2025-10-10 00:00:00-04:00,20.760000228881836,22.059999465942383,18.18000030517578,18.649999618530273,80366600,0.0,0.0
2025-10-13 00:00:00-04:00,19.34000015258789,20.600000381469727,18.979999542236328,20.239999771118164,42343600,0.0,0.0
2025-10-14 00:00:00-04:00,19.3700008392334,22.979999542236328,19.0,22.239999771118164,72225900,0.0,0.0
2025-10-15 00:00:00-04:00,22.700000762939453,23.450000762939453,22.219999313354492,22.84000015258789,58503700,0.0,0.0
2025-10-16 00:00:00-04:00,23.15999984741211,23.15999984741211,19.899999618530273,20.270000457763672,63827700,0.0,0.0
2025-10-17 00:00:00-04:00,19.56999969482422,20.18000030517578,19.0,19.56999969482422,49863700,0.0,0.0
2025-10-20 00:00:00-04:00,20.549999237060547,22.09000015258789,20.110000610351562,20.729999542236328,49220200,0.0,0.0
2025-10-21 00:00:00-04:00,20.3700008392334,21.040000915527344,19.65999984741211,20.06999969482422,40022600,0.0,0.0
2025-10-22 00:00:00-04:00,19.56999969482422,20.020000457763672,18.389999389648438,19.149999618530273,41372900,0.0,0.0
2025-10-23 00:00:00-04:00,19.329999923706055,19.920000076293945,19.1299991607666,19.219999313354492,32710100,0.0,0.0
2025-10-24 00:00:00-04:00,19.780000686645508,20.040000915527344,19.200000762939453,19.540000915527344,30810100,0.0,0.0
2025-10-27 00:00:00-04:00,20.3700008392334,20.469999313354492,19.540000915527344,19.559999465942383,34113000,0.0,0.0
2025-10-28 00:00:00-04:00,19.6299991607666,20.290000915527344,18.670000076293945,18.8799991607666,40462100,0.0,0.0
2025-10-29 00:00:00-04:00,19.040000915527344,19.270000457763672,18.149999618530273,18.8799991607666,33793300,0.0,0.0
2025-10-30 00:00:00-04:00,18.469999313354492,18.68000030517578,17.760000228881836,17.760000228881836,34392400,0.0,0.0
2025-10-31 00:00:00-04:00,18.299999237060547,18.389999389648438,17.649999618530273,18.270000457763672,33419500,0.0,0.0
2025-11-03 00:00:00-05:00,18.610000610351562,18.690000534057617,17.40999984741211,17.809999465942383,38632000,0.0,0.0
2025-11-04 00:00:00-05:00,17.479999542236328,17.90999984741211,16.540000915527344,16.6200008392334,51710300,0.0,0.0
2025-11-05 00:00:00-05:00,17.219999313354492,18.040000915527344,17.06999969482422,17.1299991607666,43786400,0.0,0.0
2025-11-06 00:00:00-05:00,17.0,17.059999465942383,15.930000305175781,15.960000038146973,40692300,0.0,0.0
2025-11-07 00:00:00-05:00,15.390000343322754,15.890000343322754,14.8100004196167,15.869999885559082,51496900,0.0,0.0
2025-11-10 00:00:00-05:00,16.559999465942383,16.6200008392334,15.5600004196167,15.579999923706055,37135400,0.0,0.0
2025-11-11 00:00:00-05:00,15.270000457763672,15.319999694824219,14.489999771118164,14.630000114440918,50681700,0.0,0.0
2025-11-12 00:00:00-05:00,14.960000038146973,14.979999542236328,13.979999542236328,14.40999984741211,41649900,0.0,0.0
2025-11-13 00:00:00-05:00,14.25,14.279999732971191,12.680000305175781,12.779999732971191,53568200,0.0,0.0
2025-11-14 00:00:00-05:00,12.390000343322754,12.6899995803833,11.960000038146973,11.989999771118164,49802900,0.0,0.0
2025-11-17 00:00:00-05:00,12.020000457763672,12.270000457763672,11.100000381469727,11.510000228881836,53541900,0.0,0.0
2025-11-18 00:00:00-05:00,11.40999984741211,12.119999885559082,11.359999656677246,11.880000114440918,49781500,0.0,0.0
2025-11-19 00:00:00-05:00,11.869999885559082,11.890000343322754,10.84000015258789,11.100000381469727,51758900,0.0,0.0
2025-11-20 00:00:00-05:00,11.479999542236328,11.739999771118164,10.210000038146973,10.239999771118164,55553200,0.0,0.0
2025-11-21 00:00:00-05:00,10.119999885559082,10.479999542236328,9.710000038146973,10.069999694824219,56525100,0.0,0.0
2025-11-24 00:00:00-05:00,10.380000114440918,11.279999732971191,10.119999885559082,11.210000038146973,53592200,0.0,0.0
2025-11-25 00:00:00-05:00,10.899999618530273,11.239999771118164,10.630000114440918,11.170000076293945,39384500,0.0,0.0
2025-11-26 00:00:00-05:00,11.319999694824219,11.520000457763672,10.899999618530273,11.109999656677246,49739500,0.0,0.0
2025-11-28 00:00:00-05:00,11.739999771118164,11.979999542236328,11.539999961853027,11.8100004196167,31835100,0.0,0.0
2025-12-01 00:00:00-05:00,11.079999923706055,11.649999618530273,10.619999885559082,11.520000457763672,47151600,0.0,0.0
2025-12-02 00:00:00-05:00,11.979999542236328,12.420000076293945,11.699999809265137,11.90999984741211,46125200,0.0,0.0
2025-12-03 00:00:00-05:00,12.0600004196167,12.539999961853027,11.800000190734863,12.470000267028809,42574500,0.0,0.0
2025-12-04 00:00:00-05:00,12.329999923706055,12.59000015258789,12.119999885559082,12.4399995803833,32405800,0.0,0.0
2025-12-05 00:00:00-05:00,12.199999809265137,12.199999809265137,11.630000114440918,11.739999771118164,37605500,0.0,0.0
2025-12-08 00:00:00-05:00,12.029999732971191,12.119999885559082,11.5600004196167,12.050000190734863,33653800,0.0,0.0
2025-12-09 00:00:00-05:00,11.869999885559082,12.869999885559082,11.760000228881836,12.25,42518200,0.0,0.0
2025-12-10 00:00:00-05:00,12.0600004196167,12.34000015258789,11.770000457763672,11.920000076293945,37825600,0.0,0.0
2025-12-11 00:00:00-05:00,11.59000015258789,11.859999656677246,11.170000076293945,11.84000015258789,44290800,0.0,0.0
2025-12-12 00:00:00-05:00,11.8100004196167,12.260000228881836,11.359999656677246,11.520000457763672,42717300,0.0,0.0
2025-12-15 00:00:00-05:00,11.479999542236328,11.510000228881836,10.579999923706055,10.699999809265137,44712700,0.0,0.0
2025-12-16 00:00:00-05:00,10.770000457763672,11.050000190734863,10.5,10.6899995803833,39827400,0.0,0.0
2025-12-17 00:00:00-05:00,10.779999732971191,10.949999809265137,9.920000076293945,9.930000305175781,49404000,0.0,0.0
2025-12-18 00:00:00-05:00,10.199999809265137,10.369999885559082,9.609999656677246,9.6899995803833,46078300,0.0,0.0
2025-12-19 00:00:00-05:00,9.899999618530273,10.220000267028809,9.890000343322754,10.180000305175781,57068100,0.0,0.0
2025-12-22 00:00:00-05:00,10.40999984741211,10.6899995803833,10.0,10.130000114440918,35379800,0.0,0.0
2025-12-23 00:00:00-05:00,9.989999771118164,10.0600004196167,9.6899995803833,9.859999656677246,32302300,0.0,0.0
2025-12-24 00:00:00-05:00,9.8100004196167,9.9399995803833,9.6899995803833,9.9399995803833,13168600,0.0,0.0
2025-12-26 00:00:00-05:00,9.970000267028809,9.970000267028809,9.430000305175781,9.59000015258789,28503100,0.0,0.0
2025-12-29 00:00:00-05:00,9.470000267028809,9.850000381469727,9.369999885559082,9.489999771118164,29561200,0.0,0.0
2025-12-30 00:00:00-05:00,9.520000457763672,9.670000076293945,9.3100004196167,9.329999923706055,28454800,0.0,0.0
2025-12-31 00:00:00-05:00,9.350000381469727,9.380000114440918,8.949999809265137,8.979999542236328,30543600,0.0,0.0
2026-01-02 00:00:00-05:00,9.1899995803833,9.989999771118164,9.029999732971191,9.90999984741211,45408000,0.0,0.0
2026-01-05 00:00:00-05:00,10.369999885559082,10.729999542236328,10.210000038146973,10.59000015258789,40202100,0.0,0.0
2026-01-06 00:00:00-05:00,10.630000114440918,10.6899995803833,9.970000267028809,10.3100004196167,34062500,0.0,0.0
2026-01-07 00:00:00-05:00,10.289999961853027,10.319999694824219,9.819999694824219,10.079999923706055,32215400,0.0,0.0
2026-01-08 00:00:00-05:00,9.899999618530273,10.680000305175781,9.829999923706055,10.4399995803833,31093100,0.0,0.0
2026-01-09 00:00:00-05:00,10.529999732971191,10.579999923706055,10.069999694824219,10.220000267028809,32172700,0.0,0.0
2026-01-12 00:00:00-05:00,10.220000267028809,10.850000381469727,10.15999984741211,10.649999618530273,38514000,0.0,0.0
2026-01-13 00:00:00-05:00,10.899999618530273,11.069999694824219,10.609999656677246,10.949999809265137,43133400,0.0,0.0
2026-01-14 00:00:00-05:00,11.180000305175781,11.460000038146973,10.890000343322754,11.109999656677246,56484300,0.0,0.0
2026-01-15 00:00:00-05:00,11.119999885559082,11.25,10.640000343322754,10.65999984741211,47808200,0.0,0.0
2026-01-16 00:00:00-05:00,10.6899995803833,11.569999694824219,10.59000015258789,11.359999656677246,51948100,0.0,0.0
2026-01-20 00:00:00-05:00,10.8100004196167,10.949999809265137,10.220000267028809,10.369999885559082,45896100,0.0,0.0
2026-01-21 00:00:00-05:00,10.510000228881836,11.220000267028809,10.229999542236328,10.5600004196167,43023400,0.0,0.0
2026-01-22 00:00:00-05:00,10.609999656677246,10.8100004196167,10.140000343322754,10.289999961853027,42011200,0.0,0.0
2026-01-23 00:00:00-05:00,10.260000228881836,10.989999771118164,9.989999771118164,10.5,46881200,0.0,0.0
2026-01-26 00:00:00-05:00,10.380000114440918,10.390000343322754,9.880000114440918,9.979999542236328,39545100,0.0,0.0
2026-01-27 00:00:00-05:00,10.050000190734863,10.600000381469727,9.899999618530273,10.520000457763672,38581200,0.0,0.0
2026-01-28 00:00:00-05:00,10.710000038146973,10.789999961853027,10.239999771118164,10.369999885559082,36791300,0.0,0.0
2026-01-29 00:00:00-05:00,10.109999656677246,10.270000457763672,9.600000381469727,9.859999656677246,39218800,0.0,0.0
2026-01-30 00:00:00-05:00,9.75,9.829999923706055,9.319999694824219,9.5,37390600,0.0,0.0
2026-02-02 00:00:00-05:00,9.180000305175781,9.4399995803833,8.90999984741211,9.119999885559082,48414800,0.0,0.0
2026-02-03 00:00:00-05:00,9.229999542236328,9.550000190734863,8.510000228881836,9.050000190734863,53722600,0.0,0.0
2026-02-04 00:00:00-05:00,8.920000076293945,8.989999771118164,7.900000095367432,8.279999732971191,54008100,0.0,0.0
2026-02-05 00:00:00-05:00,7.800000190734863,8.039999961853027,6.659999847412109,6.730000019073486,80158300,0.0,0.0
2026-02-06 00:00:00-05:00,7.230000019073486,8.390000343322754,7.119999885559082,8.239999771118164,82353100,0.0,0.0
2026-02-09 00:00:00-05:00,7.849999904632568,8.470000267028809,7.78000020980835,8.0600004196167,67741600,0.0,0.0
2026-02-10 00:00:00-05:00,8.0,8.149999618530273,7.639999866485596,7.659999847412109,45953200,0.0,0.0
2026-02-11 00:00:00-05:00,7.630000114440918,7.900000095367432,7.28000020980835,7.559999942779541,49265200,0.0,0.0
2026-02-12 00:00:00-05:00,7.559999942779541,7.670000076293945,7.139999866485596,7.25,38590500,0.0,0.0
2026-02-13 00:00:00-05:00,7.5,8.079999923706055,7.320000171661377,7.920000076293945,50848000,0.0,0.0
2026-02-17 00:00:00-05:00,7.679999828338623,7.880000114440918,7.329999923706055,7.510000228881836,41177900,0.0,0.0
2026-02-18 00:00:00-05:00,7.480000019073486,7.78000020980835,7.329999923706055,7.5,31304600,0.0,0.0
2026-02-19 00:00:00-05:00,7.420000076293945,8.079999923706055,7.309999942779541,7.960000038146973,35721826,0.0,0.0
