Date,Open,High,Low,Close,Volume,Dividends,Stock Splits
2022-04-22 00:00:00-04:00,419688.0,476128.8125,312595.1875,393638.40625,12,0.0,0.0
2022-04-25 00:00:00-04:00,371930.40625,473234.40625,341539.1875,369036.0,20,0.0,0.0
2022-04-26 00:00:00-04:00,325620.0,370483.1875,309700.8125,354564.0,6,0.0,0.0
2022-04-27 00:00:00-04:00,311148.0,586116.0,303912.0,338644.8125,110,0.0,0.0
2022-04-28 00:00:00-04:00,327067.1875,397980.0,312595.1875,314042.40625,13,0.0,0.0
2022-04-29 00:00:00-04:00,295228.8125,338644.8125,261943.203125,299570.40625,6,0.0,0.0
2022-05-02 00:00:00-04:00,290887.1875,322725.59375,261943.203125,263390.40625,4,0.0,0.0
2022-05-03 00:00:00-04:00,263390.40625,296676.0,237340.796875,248918.40625,5,0.0,0.0
2022-05-04 00:00:00-04:00,293781.59375,363247.1875,279309.59375,340092.0,221,0.0,0.0
2022-05-05 00:00:00-04:00,314042.40625,331987.6875,289440.0,306806.40625,8,0.0,0.0
2022-05-06 00:00:00-04:00,298123.1875,350222.40625,290887.1875,290887.1875,9,0.0,0.0
2022-05-09 00:00:00-04:00,277862.40625,290163.59375,257601.59375,277862.40625,2,0.0,0.0
2022-05-10 00:00:00-04:00,267732.0,279309.59375,231552.0,253260.0,3,0.0,0.0
2022-05-11 00:00:00-04:00,248918.40625,266284.8125,212738.40625,214185.59375,3,0.0,0.0
2022-05-12 00:00:00-04:00,209844.0,212738.40625,182347.203125,193924.796875,1,0.0,0.0
2022-05-13 00:00:00-04:00,182347.203125,224316.0,182347.203125,211291.203125,1,0.0,0.0
2022-05-16 00:00:00-04:00,208396.796875,214185.59375,197398.078125,199713.59375,0,0.0,0.0
2022-05-17 00:00:00-04:00,196819.203125,209844.0,192477.59375,204055.203125,1,0.0,0.0
2022-05-18 00:00:00-04:00,195372.0,219974.40625,195372.0,217080.0,1,0.0,0.0
2022-05-19 00:00:00-04:00,224316.0,253260.0,211291.203125,253260.0,2,0.0,0.0
2022-05-20 00:00:00-04:00,238788.0,287992.8125,238788.0,257601.59375,1,0.0,0.0
2022-05-23 00:00:00-04:00,259048.796875,279309.59375,232999.203125,237485.515625,0,0.0,0.0
2022-05-24 00:00:00-04:00,241682.40625,253983.59375,195372.0,199713.59375,1,0.0,0.0
2022-05-25 00:00:00-04:00,192477.59375,219974.40625,189583.203125,218527.203125,0,0.0,0.0
2022-05-26 00:00:00-04:00,204055.203125,217080.0,195372.0,201160.796875,1,0.0,0.0
2022-05-27 00:00:00-04:00,204055.203125,209265.125,167151.59375,180900.0,1,0.0,0.0
2022-05-31 00:00:00-04:00,175111.203125,183794.40625,175111.203125,182347.203125,0,0.0,0.0
2022-06-01 00:00:00-04:00,193924.796875,196819.203125,180176.40625,184518.0,1,0.0,0.0
2022-06-02 00:00:00-04:00,175111.203125,199713.59375,169322.40625,176558.40625,1,0.0,0.0
2022-06-03 00:00:00-04:00,173664.0,176558.40625,154850.40625,155284.5625,1,0.0,0.0
2022-06-06 00:00:00-04:00,150508.796875,155574.0,142549.203125,150508.796875,0,0.0,0.0
2022-06-07 00:00:00-04:00,146167.203125,159192.0,143272.796875,147614.40625,0,0.0,0.0
2022-06-08 00:00:00-04:00,143128.078125,154271.515625,143128.078125,151956.0,0,0.0,0.0
2022-06-09 00:00:00-04:00,151087.6875,156297.59375,147614.40625,147614.40625,0,0.0,0.0
2022-06-10 00:00:00-04:00,154850.40625,154850.40625,141970.3125,145443.59375,1,0.0,0.0
2022-06-13 00:00:00-04:00,133142.40625,153403.203125,127353.6015625,150074.640625,1,0.0,0.0
2022-06-14 00:00:00-04:00,146167.203125,151956.0,136181.515625,151956.0,0,0.0,0.0
2022-06-15 00:00:00-04:00,147614.40625,179452.796875,139075.921875,157744.796875,4,0.0,0.0
2022-06-16 00:00:00-04:00,142115.046875,157021.203125,140667.84375,144720.0,1,0.0,0.0
2022-06-17 00:00:00-04:00,144720.0,150508.796875,127353.6015625,127353.6015625,0,0.0,0.0
2022-06-21 00:00:00-04:00,132852.953125,136470.953125,113315.7578125,117802.078125,1,0.0,0.0
2022-06-22 00:00:00-04:00,143272.796875,159192.0,117223.203125,120841.203125,2,0.0,0.0
2022-06-23 00:00:00-04:00,121564.796875,135313.203125,121564.796875,128077.203125,1,0.0,0.0
2022-06-24 00:00:00-04:00,127353.6015625,138931.203125,127353.6015625,130248.0,0,0.0,0.0
2022-06-27 00:00:00-04:00,133721.28125,133721.28125,125906.3984375,127787.7578125,0,0.0,0.0
2022-06-28 00:00:00-04:00,136760.40625,136760.40625,121564.796875,127353.6015625,0,0.0,0.0
2022-06-29 00:00:00-04:00,135313.203125,135313.203125,123012.0,124603.921875,0,0.0,0.0
2022-06-30 00:00:00-04:00,118670.3984375,149061.59375,115776.0,132274.078125,3,0.0,0.0
2022-07-01 00:00:00-04:00,133142.40625,134589.59375,124459.203125,133142.40625,0,0.0,0.0
2022-07-05 00:00:00-04:00,137484.0,137484.0,123446.15625,128221.921875,1,0.0,0.0
2022-07-06 00:00:00-04:00,126919.4375,134444.875,123880.3203125,127353.6015625,0,0.0,0.0
2022-07-07 00:00:00-04:00,130682.15625,131984.640625,119249.28125,122867.28125,1,0.0,0.0
2022-07-08 00:00:00-04:00,124459.203125,125616.9609375,120407.0390625,122722.5625,0,0.0,0.0
2022-07-11 00:00:00-04:00,125906.3984375,127353.6015625,118091.5234375,118959.84375,0,0.0,0.0
2022-07-12 00:00:00-04:00,123301.4375,156297.59375,119104.5625,146167.203125,14,0.0,0.0
2022-07-13 00:00:00-04:00,134589.59375,141102.0,124459.203125,133142.40625,3,0.0,0.0
2022-07-14 00:00:00-04:00,133142.40625,133142.40625,123880.3203125,129379.6796875,1,0.0,0.0
2022-07-15 00:00:00-04:00,126340.5625,127353.6015625,113315.7578125,124314.4765625,1,0.0,0.0
2022-07-18 00:00:00-04:00,121564.796875,128800.796875,118815.1171875,125906.3984375,0,0.0,0.0
2022-07-19 00:00:00-04:00,128800.796875,134010.71875,122577.84375,125182.796875,1,0.0,0.0
2022-07-20 00:00:00-04:00,123735.6015625,127353.6015625,120117.6015625,121564.796875,0,0.0,0.0
2022-07-21 00:00:00-04:00,119249.28125,123012.0,119249.28125,121564.796875,0,0.0,0.0
2022-07-22 00:00:00-04:00,123012.0,128800.796875,116065.4375,121564.796875,0,0.0,0.0
2022-07-25 00:00:00-04:00,121564.796875,124603.921875,117512.640625,123880.3203125,0,0.0,0.0
2022-07-26 00:00:00-04:00,123012.0,125906.3984375,121564.796875,121854.2421875,1,0.0,0.0
2022-07-27 00:00:00-04:00,124459.203125,132708.234375,124459.203125,130248.0,1,0.0,0.0
2022-07-28 00:00:00-04:00,126340.5625,146167.203125,125906.3984375,137339.28125,2,0.0,0.0
2022-07-29 00:00:00-04:00,133142.40625,151956.0,130248.0,140378.40625,2,0.0,0.0
2022-08-01 00:00:00-04:00,144720.0,147614.40625,133142.40625,138207.59375,2,0.0,0.0
2022-08-02 00:00:00-04:00,151956.0,230104.796875,151956.0,188136.0,34,0.0,0.0
2022-08-03 00:00:00-04:00,182347.203125,241682.40625,150508.796875,162086.40625,12,0.0,0.0
2022-08-04 00:00:00-04:00,162086.40625,179452.796875,146167.203125,160639.203125,5,0.0,0.0
2022-08-05 00:00:00-04:00,154850.40625,163533.59375,143272.796875,156297.59375,3,0.0,0.0
2022-08-08 00:00:00-04:00,153403.203125,176558.40625,147614.40625,166428.0,5,0.0,0.0
2022-08-09 00:00:00-04:00,169322.40625,169322.40625,154850.40625,157744.796875,1,0.0,0.0
2022-08-10 00:00:00-04:00,163533.59375,166428.0,137484.0,144720.0,2,0.0,0.0
2022-08-11 00:00:00-04:00,140378.40625,147614.40625,125906.3984375,131839.921875,2,0.0,0.0
2022-08-12 00:00:00-04:00,131695.203125,137484.0,126340.5625,130537.4375,0,0.0,0.0
2022-08-15 00:00:00-04:00,132563.515625,136036.796875,126630.0,133576.5625,0,0.0,0.0
2022-08-16 00:00:00-04:00,132418.796875,136760.40625,124459.203125,129090.2421875,1,0.0,0.0
2022-08-17 00:00:00-04:00,127353.6015625,132274.078125,124459.203125,127643.0390625,0,0.0,0.0
2022-08-18 00:00:00-04:00,130682.15625,256154.40625,127787.7578125,154850.40625,42,0.0,0.0
2022-08-19 00:00:00-04:00,147614.40625,150508.796875,138786.484375,142693.921875,2,0.0,0.0
2022-08-22 00:00:00-04:00,149061.59375,246024.0,141536.15625,175111.203125,34,0.0,0.0
2022-08-23 00:00:00-04:00,160639.203125,225763.203125,151232.40625,180900.0,14,0.0,0.0
2022-08-24 00:00:00-04:00,178005.59375,221421.59375,175111.203125,182347.203125,7,0.0,0.0
2022-08-25 00:00:00-04:00,182347.203125,188136.0,164980.796875,180176.40625,2,0.0,0.0
2022-08-26 00:00:00-04:00,175111.203125,178005.59375,147614.40625,153403.203125,3,0.0,0.0
2022-08-29 00:00:00-04:00,154850.40625,170769.59375,150508.796875,156297.59375,1,0.0,0.0
2022-08-30 00:00:00-04:00,163533.59375,163533.59375,146167.203125,149061.59375,1,0.0,0.0
2022-08-31 00:00:00-04:00,149061.59375,160639.203125,146167.203125,160639.203125,1,0.0,0.0
2022-09-01 00:00:00-04:00,154850.40625,160639.203125,149206.3125,153403.203125,1,0.0,0.0
2022-09-02 00:00:00-04:00,157165.921875,179452.796875,154850.40625,170769.59375,1,0.0,0.0
2022-09-06 00:00:00-04:00,176558.40625,178005.59375,160639.203125,166428.0,1,0.0,0.0
2022-09-07 00:00:00-04:00,163533.59375,173664.0,154850.40625,166428.0,0,0.0,0.0
2022-09-08 00:00:00-04:00,167875.203125,169322.40625,156297.59375,169322.40625,0,0.0,0.0
2022-09-09 00:00:00-04:00,173664.0,188136.0,159192.0,178005.59375,2,0.0,0.0
2022-09-12 00:00:00-04:00,172216.796875,204055.203125,172216.796875,196819.203125,1,0.0,0.0
2022-09-13 00:00:00-04:00,191030.40625,195372.0,169322.40625,179452.796875,1,0.0,0.0
2022-09-14 00:00:00-04:00,186688.796875,196819.203125,176558.40625,178005.59375,1,0.0,0.0
2022-09-15 00:00:00-04:00,178005.59375,178005.59375,160639.203125,166428.0,1,0.0,0.0
2022-09-16 00:00:00-04:00,162086.40625,169322.40625,160639.203125,162086.40625,0,0.0,0.0
2022-09-19 00:00:00-04:00,160639.203125,170769.59375,146167.203125,147614.40625,0,0.0,0.0
2022-09-20 00:00:00-04:00,146167.203125,153403.203125,144720.0,146167.203125,0,0.0,0.0
2022-09-21 00:00:00-04:00,144864.71875,153403.203125,141825.59375,149640.484375,0,0.0,0.0
2022-09-22 00:00:00-04:00,144720.0,147614.40625,137484.0,141391.4375,0,0.0,0.0
2022-09-23 00:00:00-04:00,137484.0,157744.796875,119249.28125,131116.3125,1,0.0,0.0
2022-09-26 00:00:00-04:00,131116.3125,131116.3125,118670.3984375,120117.6015625,0,0.0,0.0
2022-09-27 00:00:00-04:00,118670.3984375,124603.921875,118670.3984375,119394.0,0,0.0,0.0
2022-09-28 00:00:00-04:00,118670.3984375,127643.0390625,118670.3984375,121564.796875,0,0.0,0.0
2022-09-29 00:00:00-04:00,121564.796875,125906.3984375,117078.4765625,118670.3984375,0,0.0,0.0
2022-09-30 00:00:00-04:00,123012.0,124459.203125,112592.15625,112592.15625,0,0.0,0.0
2022-10-03 00:00:00-04:00,125906.3984375,134734.3125,111434.3984375,123735.6015625,3,0.0,0.0
2022-10-04 00:00:00-04:00,117946.796875,123012.0,114328.796875,119683.4375,1,0.0,0.0
2022-10-05 00:00:00-04:00,121998.9609375,125182.796875,119394.0,119538.71875,0,0.0,0.0
2022-10-06 00:00:00-04:00,123012.0,123156.71875,115776.0,115776.0,0,0.0,0.0
2022-10-07 00:00:00-04:00,112158.0,133142.40625,112158.0,127353.6015625,1,0.0,0.0
2022-10-10 00:00:00-04:00,137628.71875,138641.765625,130248.0,138497.046875,0,0.0,0.0
2022-10-11 00:00:00-04:00,144720.0,144720.0,130248.0,138497.046875,0,0.0,0.0
2022-10-12 00:00:00-04:00,136326.234375,149061.59375,132418.796875,144720.0,0,0.0,0.0
2022-10-13 00:00:00-04:00,136036.796875,144720.0,136036.796875,143272.796875,0,0.0,0.0
2022-10-14 00:00:00-04:00,143417.515625,143417.515625,131984.640625,131984.640625,0,0.0,0.0
2022-10-17 00:00:00-04:00,136036.796875,137628.71875,116499.6015625,116499.6015625,0,0.0,0.0
2022-10-18 00:00:00-04:00,122143.6796875,130248.0,118670.3984375,124169.7578125,0,0.0,0.0
2022-10-19 00:00:00-04:00,115341.84375,124459.203125,113749.921875,115920.71875,0,0.0,0.0
2022-10-20 00:00:00-04:00,115776.0,123012.0,112881.6015625,117946.796875,0,0.0,0.0
2022-10-21 00:00:00-04:00,123012.0,123012.0,118670.3984375,119394.0,0,0.0,0.0
2022-10-24 00:00:00-04:00,118670.3984375,123012.0,114328.796875,117802.078125,0,0.0,0.0
2022-10-25 00:00:00-04:00,117802.078125,128221.921875,117802.078125,128221.921875,1,0.0,0.0
2022-10-26 00:00:00-04:00,130103.28125,146890.796875,123012.0,144720.0,1,0.0,0.0
2022-10-27 00:00:00-04:00,147614.40625,147614.40625,137484.0,137484.0,0,0.0,0.0
2022-10-28 00:00:00-04:00,150508.796875,150508.796875,137484.0,146167.203125,0,0.0,0.0
2022-10-31 00:00:00-04:00,149061.59375,162231.125,140812.5625,154850.40625,0,0.0,0.0
2022-11-01 00:00:00-04:00,164980.796875,164980.796875,147614.40625,154850.40625,0,0.0,0.0
2022-11-02 00:00:00-04:00,146311.921875,162086.40625,146311.921875,152679.59375,0,0.0,0.0
2022-11-03 00:00:00-04:00,156297.59375,156297.59375,149061.59375,149061.59375,0,0.0,0.0
2022-11-04 00:00:00-04:00,157744.796875,157744.796875,130248.0,137484.0,0,0.0,0.0
2022-11-07 00:00:00-05:00,149061.59375,149061.59375,136036.796875,136036.796875,0,0.0,0.0
2022-11-08 00:00:00-05:00,134589.59375,141825.59375,133866.0,141825.59375,0,0.0,0.0
2022-11-09 00:00:00-05:00,134589.59375,141825.59375,132563.515625,141825.59375,0,0.0,0.0
2022-11-10 00:00:00-05:00,137194.5625,149061.59375,132563.515625,144720.0,0,0.0,0.0
2022-11-11 00:00:00-05:00,115776.0,143272.796875,115776.0,143272.796875,0,0.0,0.0
2022-11-14 00:00:00-05:00,144720.0,149061.59375,122143.6796875,138931.203125,0,0.0,0.0
2022-11-15 00:00:00-05:00,144720.0,144720.0,125327.5234375,142983.359375,0,0.0,0.0
2022-11-16 00:00:00-05:00,137484.0,137484.0,126051.1171875,130248.0,0,0.0,0.0
2022-11-17 00:00:00-05:00,133142.40625,133142.40625,114328.796875,115776.0,1,0.0,0.0
2022-11-18 00:00:00-05:00,112302.71875,127208.8828125,109263.6015625,118670.3984375,0,0.0,0.0
2022-11-21 00:00:00-05:00,135313.203125,144720.0,118670.3984375,123012.0,0,0.0,0.0
2022-11-22 00:00:00-05:00,122867.28125,137484.0,118091.5234375,121564.796875,0,0.0,0.0
2022-11-23 00:00:00-05:00,123012.0,123012.0,109842.4765625,118670.3984375,0,0.0,0.0
2022-11-25 00:00:00-05:00,118670.3984375,118670.3984375,114328.796875,118670.3984375,0,0.0,0.0
2022-11-28 00:00:00-05:00,114328.796875,117223.203125,110710.796875,110710.796875,0,0.0,0.0
2022-11-29 00:00:00-05:00,113605.203125,115776.0,108684.71875,115486.5625,0,0.0,0.0
2022-11-30 00:00:00-05:00,111579.1171875,113749.921875,111434.3984375,111434.3984375,0,0.0,0.0
2022-12-01 00:00:00-05:00,115776.0,129234.9609375,114907.6796875,121564.796875,0,0.0,0.0
2022-12-02 00:00:00-05:00,123156.71875,127353.6015625,115776.0,127353.6015625,0,0.0,0.0
2022-12-05 00:00:00-05:00,123012.0,123012.0,118670.3984375,120841.203125,0,0.0,0.0
2022-12-06 00:00:00-05:00,118670.3984375,118670.3984375,81043.203125,91173.6015625,1,0.0,0.0
2022-12-07 00:00:00-05:00,99856.796875,99856.796875,86832.0,88279.203125,0,0.0,0.0
2022-12-08 00:00:00-05:00,89726.3984375,95515.203125,87555.6015625,88279.203125,0,0.0,0.0
2022-12-09 00:00:00-05:00,95370.4765625,107092.796875,89726.3984375,103474.796875,1,0.0,0.0
2022-12-12 00:00:00-05:00,108540.0,108540.0,86832.0,88279.203125,0,0.0,0.0
2022-12-13 00:00:00-05:00,95515.203125,102751.203125,88279.203125,102751.203125,0,0.0,0.0
2022-12-14 00:00:00-05:00,85384.796875,103764.2421875,81187.921875,82490.3984375,0,0.0,0.0
2022-12-15 00:00:00-05:00,76701.6015625,86832.0,76701.6015625,84805.921875,0,0.0,0.0
2022-12-16 00:00:00-05:00,91318.3203125,91897.203125,81187.921875,88279.203125,0,0.0,0.0
2022-12-19 00:00:00-05:00,86832.0,88279.203125,76701.6015625,76701.6015625,0,0.0,0.0
2022-12-20 00:00:00-05:00,79596.0,79596.0,59335.19921875,62229.6015625,1,0.0,0.0
2022-12-21 00:00:00-05:00,70912.796875,70912.796875,62229.6015625,65124.0,0,0.0,0.0
2022-12-22 00:00:00-05:00,65124.0,65124.0,59335.19921875,59335.19921875,0,0.0,0.0
2022-12-23 00:00:00-05:00,60782.3984375,79596.0,60782.3984375,69465.6015625,0,0.0,0.0
2022-12-27 00:00:00-05:00,68018.3984375,68018.3984375,54993.6015625,56440.80078125,1,0.0,0.0
2022-12-28 00:00:00-05:00,57888.0,65268.71875,57888.0,60782.3984375,0,0.0,0.0
2022-12-29 00:00:00-05:00,62229.6015625,83214.0,59335.19921875,79596.0,1,0.0,0.0
2022-12-30 00:00:00-05:00,102895.921875,102895.921875,76701.6015625,83937.6015625,0,0.0,0.0
2023-01-03 00:00:00-05:00,89726.3984375,92620.796875,79596.0,82490.3984375,0,0.0,0.0
2023-01-04 00:00:00-05:00,79596.0,84371.7578125,72360.0,73373.0390625,0,0.0,0.0
2023-01-05 00:00:00-05:00,60782.3984375,86687.28125,60782.3984375,75978.0,0,0.0,0.0
2023-01-06 00:00:00-05:00,87121.4375,87121.4375,69465.6015625,83937.6015625,0,0.0,0.0
2023-01-09 00:00:00-05:00,83937.6015625,85384.796875,65124.0,72360.0,0,0.0,0.0
2023-01-10 00:00:00-05:00,72360.0,80319.6015625,72360.0,73807.203125,0,0.0,0.0
2023-01-11 00:00:00-05:00,72360.0,123012.0,69465.6015625,85384.796875,4,0.0,0.0
2023-01-12 00:00:00-05:00,79596.0,91897.203125,79596.0,88279.203125,0,0.0,0.0
2023-01-13 00:00:00-05:00,93199.6796875,93199.6796875,79596.0,79596.0,0,0.0,0.0
2023-01-17 00:00:00-05:00,81043.203125,90305.28125,81043.203125,85963.6796875,0,0.0,0.0
2023-01-18 00:00:00-05:00,85963.6796875,91897.203125,85384.796875,91173.6015625,0,0.0,0.0
2023-01-19 00:00:00-05:00,83937.6015625,91173.6015625,83937.6015625,89292.2421875,0,0.0,0.0
2023-01-20 00:00:00-05:00,86832.0,91173.6015625,80174.8828125,90739.4375,0,0.0,0.0
2023-01-23 00:00:00-05:00,91173.6015625,91173.6015625,79596.0,90015.84375,0,0.0,0.0
2023-01-24 00:00:00-05:00,91173.6015625,98409.6015625,84805.921875,86832.0,0,0.0,0.0
2023-01-25 00:00:00-05:00,81043.203125,101304.0,81043.203125,97541.28125,0,0.0,0.0
2023-01-26 00:00:00-05:00,101304.0,114328.796875,88279.203125,106369.203125,0,0.0,0.0
2023-01-27 00:00:00-05:00,106224.4765625,107671.6796875,98843.7578125,100580.3984375,0,0.0,0.0
2023-01-30 00:00:00-05:00,99856.796875,106948.078125,86832.0,94068.0,0,0.0,0.0
2023-01-31 00:00:00-05:00,94068.0,100580.3984375,86832.0,93923.28125,0,0.0,0.0
2023-02-01 00:00:00-05:00,92620.796875,121564.796875,88279.203125,106079.7578125,0,0.0,0.0
2023-02-02 00:00:00-05:00,105790.3203125,118815.1171875,102751.203125,108540.0,0,0.0,0.0
2023-02-03 00:00:00-05:00,102751.203125,112881.6015625,86832.0,86832.0,0,0.0,0.0
2023-02-06 00:00:00-05:00,104198.3984375,122577.84375,91173.6015625,115776.0,1,0.0,0.0
2023-02-07 00:00:00-05:00,115776.0,120117.6015625,108540.0,120117.6015625,0,0.0,0.0
2023-02-08 00:00:00-05:00,125472.2421875,125472.2421875,108540.0,120117.6015625,0,0.0,0.0
2023-02-09 00:00:00-05:00,115776.0,115776.0,111434.3984375,114328.796875,0,0.0,0.0
2023-02-10 00:00:00-05:00,104198.3984375,114328.796875,101448.71875,113171.0390625,0,0.0,0.0
2023-02-13 00:00:00-05:00,111434.3984375,141825.59375,95515.203125,116933.7578125,1,0.0,0.0
2023-02-14 00:00:00-05:00,116210.15625,124459.203125,112881.6015625,115486.5625,0,0.0,0.0
2023-02-15 00:00:00-05:00,112881.6015625,112881.6015625,101593.4375,108395.28125,0,0.0,0.0
2023-02-16 00:00:00-05:00,105935.0390625,105935.0390625,98409.6015625,104922.0,0,0.0,0.0
2023-02-17 00:00:00-05:00,102751.203125,125906.3984375,95515.203125,107237.5234375,1,0.0,0.0
2023-02-21 00:00:00-05:00,106369.203125,117223.203125,101304.0,111434.3984375,0,0.0,0.0
2023-02-22 00:00:00-05:00,111434.3984375,117078.4765625,101304.0,108540.0,0,0.0,0.0
2023-02-23 00:00:00-05:00,115776.0,116933.7578125,101304.0,106369.203125,0,0.0,0.0
2023-02-24 00:00:00-05:00,105356.15625,105356.15625,94068.0,102027.6015625,0,0.0,0.0
2023-02-27 00:00:00-05:00,115776.0,115776.0,105356.15625,105356.15625,0,0.0,0.0
2023-02-28 00:00:00-05:00,95370.4765625,108540.0,95370.4765625,105500.8828125,0,0.0,0.0
2023-03-01 00:00:00-05:00,98409.6015625,105500.8828125,96383.5234375,96962.3984375,0,0.0,0.0
2023-03-02 00:00:00-05:00,98409.6015625,107092.796875,98409.6015625,105211.4375,0,0.0,0.0
2023-03-03 00:00:00-05:00,102172.3203125,106513.921875,96383.5234375,103619.5234375,0,0.0,0.0
2023-03-06 00:00:00-05:00,99133.203125,105645.6015625,98409.6015625,104198.3984375,0,0.0,0.0
2023-03-07 00:00:00-05:00,104198.3984375,104198.3984375,98988.4765625,101593.4375,0,0.0,0.0
2023-03-08 00:00:00-05:00,98264.8828125,104777.28125,96962.3984375,99856.796875,0,0.0,0.0
2023-03-09 00:00:00-05:00,96962.3984375,104487.84375,94068.0,98409.6015625,0,0.0,0.0
2023-03-10 00:00:00-05:00,103474.796875,103474.796875,95515.203125,95659.921875,0,0.0,0.0
2023-03-13 00:00:00-04:00,96962.3984375,102751.203125,94068.0,99133.203125,0,0.0,0.0
2023-03-14 00:00:00-04:00,98409.6015625,102751.203125,94068.0,94068.0,0,0.0,0.0
2023-03-15 00:00:00-04:00,95515.203125,100290.9609375,95515.203125,96962.3984375,0,0.0,0.0
2023-03-16 00:00:00-04:00,102751.203125,102751.203125,98409.6015625,99422.640625,0,0.0,0.0
2023-03-17 00:00:00-04:00,112881.6015625,138931.203125,107092.796875,115776.0,1,0.0,0.0
2023-03-20 00:00:00-04:00,108540.0,119538.71875,96962.3984375,110276.640625,0,0.0,0.0
2023-03-21 00:00:00-04:00,111434.3984375,125327.5234375,111434.3984375,119394.0,0,0.0,0.0
2023-03-22 00:00:00-04:00,118670.3984375,119394.0,108540.0,118380.9609375,0,0.0,0.0
2023-03-23 00:00:00-04:00,112881.6015625,119394.0,108540.0,119249.28125,0,0.0,0.0
2023-03-24 00:00:00-04:00,119249.28125,120117.6015625,115776.0,120117.6015625,0,0.0,0.0
2023-03-27 00:00:00-04:00,114618.2421875,115052.3984375,111434.3984375,114762.9609375,0,0.0,0.0
2023-03-28 00:00:00-04:00,108540.0,108540.0,101304.0,108540.0,0,0.0,0.0
2023-03-29 00:00:00-04:00,108540.0,113315.7578125,101304.0,105645.6015625,0,0.0,0.0
2023-03-30 00:00:00-04:00,111000.2421875,111000.2421875,99856.796875,99856.796875,0,0.0,0.0
2023-03-31 00:00:00-04:00,99856.796875,109697.7578125,94068.0,94068.0,0,0.0,0.0
2023-04-03 00:00:00-04:00,94068.0,94791.6015625,86832.0,86832.0,0,0.0,0.0
2023-04-04 00:00:00-04:00,86832.0,98409.6015625,79596.0,94068.0,0,0.0,0.0
2023-04-05 00:00:00-04:00,107382.2421875,107382.2421875,102317.0390625,102317.0390625,0,0.0,0.0
2023-04-06 00:00:00-04:00,94068.0,95515.203125,94068.0,95515.203125,0,0.0,0.0
2023-04-10 00:00:00-04:00,94068.0,115776.0,94068.0,114618.2421875,0,0.0,0.0
2023-04-11 00:00:00-04:00,114184.078125,114618.2421875,104198.3984375,114184.078125,0,0.0,0.0
2023-04-12 00:00:00-04:00,113894.640625,114039.359375,104198.3984375,112158.0,0,0.0,0.0
2023-04-13 00:00:00-04:00,104198.3984375,115776.0,104198.3984375,114907.6796875,0,0.0,0.0
2023-04-14 00:00:00-04:00,115776.0,115776.0,104198.3984375,115776.0,0,0.0,0.0
2023-04-17 00:00:00-04:00,115776.0,115776.0,115776.0,115776.0,0,0.0,0.0
2023-04-18 00:00:00-04:00,107671.6796875,114328.796875,104198.3984375,114328.796875,0,0.0,0.0
2023-04-19 00:00:00-04:00,107961.1171875,116499.6015625,99856.796875,108974.15625,0,0.0,0.0
2023-04-20 00:00:00-04:00,104487.84375,114328.796875,97396.5625,114039.359375,1,0.0,0.0
2023-04-21 00:00:00-04:00,98409.6015625,108540.0,96962.3984375,107092.796875,0,0.0,0.0
2023-04-24 00:00:00-04:00,185241.59375,342986.40625,163533.59375,185241.59375,538,0.0,0.0
2023-04-25 00:00:00-04:00,170769.59375,173664.0,125906.3984375,130103.28125,16,0.0,0.0
2023-04-26 00:00:00-04:00,109987.203125,124459.203125,102751.203125,120551.7578125,6,0.0,0.0
2023-04-27 00:00:00-04:00,117223.203125,118670.3984375,101593.4375,109263.6015625,2,0.0,0.0
2023-04-28 00:00:00-04:00,96962.3984375,101304.0,89726.3984375,91607.7578125,2,0.0,0.0
2023-05-01 00:00:00-04:00,86832.0,105645.6015625,85384.796875,101304.0,1,0.0,0.0
2023-05-02 00:00:00-04:00,102751.203125,102751.203125,91173.6015625,95370.4765625,1,0.0,0.0
2023-05-03 00:00:00-04:00,95515.203125,123012.0,95515.203125,123012.0,3,0.0,0.0
2023-05-04 00:00:00-04:00,118670.3984375,118670.3984375,108540.0,109987.203125,1,0.0,0.0
2023-05-05 00:00:00-04:00,113894.640625,117223.203125,102751.203125,111434.3984375,0,0.0,0.0
2023-05-08 00:00:00-04:00,105645.6015625,109263.6015625,104198.3984375,104198.3984375,0,0.0,0.0
2023-05-09 00:00:00-04:00,106224.4765625,111434.3984375,95515.203125,108540.0,0,0.0,0.0
2023-05-10 00:00:00-04:00,105645.6015625,112881.6015625,105645.6015625,107092.796875,0,0.0,0.0
2023-05-11 00:00:00-04:00,104198.3984375,111144.9609375,102751.203125,108540.0,0,0.0,0.0
2023-05-12 00:00:00-04:00,109987.203125,110710.796875,103330.078125,103330.078125,0,0.0,0.0
2023-05-15 00:00:00-04:00,102751.203125,110710.796875,102751.203125,107092.796875,0,0.0,0.0
2023-05-16 00:00:00-04:00,107816.3984375,107816.3984375,99856.796875,99856.796875,0,0.0,0.0
2023-05-17 00:00:00-04:00,101304.0,104632.5625,101304.0,104632.5625,0,0.0,0.0
2023-05-18 00:00:00-04:00,102317.0390625,107671.6796875,95515.203125,99856.796875,0,0.0,0.0
2023-05-19 00:00:00-04:00,99133.203125,101304.0,95515.203125,101304.0,0,0.0,0.0
2023-05-22 00:00:00-04:00,96962.3984375,101304.0,95515.203125,97686.0,1,0.0,0.0
2023-05-23 00:00:00-04:00,96817.6796875,97396.5625,85240.078125,87989.7578125,1,0.0,0.0
2023-05-24 00:00:00-04:00,89292.2421875,91463.0390625,86832.0,87555.6015625,0,0.0,0.0
2023-05-25 00:00:00-04:00,89726.3984375,98409.6015625,85384.796875,91173.6015625,0,0.0,0.0
2023-05-26 00:00:00-04:00,92620.796875,94068.0,85384.796875,85384.796875,0,0.0,0.0
2023-05-30 00:00:00-04:00,215632.796875,219974.40625,133142.40625,151956.0,283,0.0,0.0
2023-05-31 00:00:00-04:00,128656.078125,154850.40625,125906.3984375,142693.921875,10,0.0,0.0
2023-06-01 00:00:00-04:00,133142.40625,154850.40625,128800.796875,149061.59375,2,0.0,0.0
2023-06-02 00:00:00-04:00,137484.0,160639.203125,137484.0,147614.40625,2,0.0,0.0
2023-06-05 00:00:00-04:00,154850.40625,154850.40625,146167.203125,151956.0,0,0.0,0.0
2023-06-06 00:00:00-04:00,147614.40625,162086.40625,147614.40625,151956.0,1,0.0,0.0
2023-06-07 00:00:00-04:00,147614.40625,155863.4375,144720.0,150508.796875,0,0.0,0.0
2023-06-08 00:00:00-04:00,206949.59375,231552.0,166428.0,185241.59375,211,0.0,0.0
2023-06-09 00:00:00-04:00,172216.796875,193924.796875,167875.203125,180900.0,8,0.0,0.0
2023-06-12 00:00:00-04:00,173664.0,198266.40625,172216.796875,191030.40625,3,0.0,0.0
2023-06-13 00:00:00-04:00,195372.0,195372.0,180900.0,182347.203125,1,0.0,0.0
2023-06-14 00:00:00-04:00,186688.796875,195372.0,173953.4375,186688.796875,1,0.0,0.0
2023-06-15 00:00:00-04:00,185241.59375,188136.0,170769.59375,176558.40625,1,0.0,0.0
2023-06-16 00:00:00-04:00,183794.40625,183794.40625,146167.203125,146167.203125,2,0.0,0.0
2023-06-20 00:00:00-04:00,156297.59375,163533.59375,144720.0,150508.796875,2,0.0,0.0
2023-06-21 00:00:00-04:00,146167.203125,150508.796875,140378.40625,146167.203125,1,0.0,0.0
2023-06-22 00:00:00-04:00,146167.203125,150508.796875,136036.796875,143128.078125,0,0.0,0.0
2023-06-23 00:00:00-04:00,139510.078125,141970.3125,130248.0,134589.59375,0,0.0,0.0
2023-06-26 00:00:00-04:00,130248.0,150508.796875,125906.3984375,125906.3984375,1,0.0,0.0
2023-06-27 00:00:00-04:00,123590.8828125,124169.7578125,112881.6015625,112881.6015625,1,0.0,0.0
2023-06-28 00:00:00-04:00,105645.6015625,112881.6015625,99133.203125,99133.203125,1,0.0,0.0
2023-06-29 00:00:00-04:00,100580.3984375,112158.0,99277.921875,99856.796875,0,0.0,0.0
2023-06-30 00:00:00-04:00,108540.0,108540.0,99856.796875,99856.796875,0,0.0,0.0
2023-07-03 00:00:00-04:00,107092.796875,107092.796875,99856.796875,102317.0390625,0,0.0,0.0
2023-07-05 00:00:00-04:00,108540.0,108540.0,103185.359375,103619.5234375,1,0.0,0.0
2023-07-06 00:00:00-04:00,105790.3203125,108540.0,102751.203125,105645.6015625,0,0.0,0.0
2023-07-07 00:00:00-04:00,107092.796875,108540.0,99856.796875,99856.796875,0,0.0,0.0
2023-07-10 00:00:00-04:00,101304.0,107092.796875,101304.0,102751.203125,0,0.0,0.0
2023-07-11 00:00:00-04:00,104198.3984375,112881.6015625,99856.796875,100290.9609375,0,0.0,0.0
2023-07-12 00:00:00-04:00,99856.796875,103619.5234375,96962.3984375,96962.3984375,0,0.0,0.0
2023-07-13 00:00:00-04:00,100146.2421875,102751.203125,92620.796875,94068.0,0,0.0,0.0
2023-07-14 00:00:00-04:00,96962.3984375,101304.0,92620.796875,92620.796875,0,0.0,0.0
2023-07-17 00:00:00-04:00,96962.3984375,101304.0,94068.0,95515.203125,0,0.0,0.0
2023-07-18 00:00:00-04:00,95515.203125,98409.6015625,91173.6015625,94068.0,0,0.0,0.0
2023-07-19 00:00:00-04:00,91318.3203125,101304.0,91173.6015625,94068.0,0,0.0,0.0
2023-07-20 00:00:00-04:00,98409.6015625,98409.6015625,92620.796875,93923.28125,0,0.0,0.0
2023-07-21 00:00:00-04:00,93923.28125,93923.28125,91173.6015625,91897.203125,0,0.0,0.0
2023-07-24 00:00:00-04:00,88279.203125,94068.0,79740.71875,89726.3984375,1,0.0,0.0
2023-07-25 00:00:00-04:00,89726.3984375,89726.3984375,81187.921875,85384.796875,1,0.0,0.0
2023-07-26 00:00:00-04:00,85384.796875,86108.3984375,82490.3984375,85384.796875,0,0.0,0.0
2023-07-27 00:00:00-04:00,82490.3984375,86832.0,82200.9609375,82490.3984375,0,0.0,0.0
2023-07-28 00:00:00-04:00,81332.640625,86832.0,81332.640625,84661.203125,0,0.0,0.0
2023-07-31 00:00:00-04:00,79740.71875,83937.6015625,75688.5625,82490.3984375,0,0.0,0.0
2023-08-01 00:00:00-04:00,104053.6796875,104053.6796875,83503.4375,87266.15625,1,0.0,0.0
2023-08-02 00:00:00-04:00,89581.6796875,92620.796875,79596.0,88279.203125,1,0.0,0.0
2023-08-03 00:00:00-04:00,86687.28125,91173.6015625,85384.796875,86832.0,0,0.0,0.0
2023-08-04 00:00:00-04:00,88423.921875,89726.3984375,84082.3203125,86832.0,0,0.0,0.0
2023-08-07 00:00:00-04:00,83937.6015625,86832.0,79596.0,81043.203125,0,0.0,0.0
2023-08-08 00:00:00-04:00,81043.203125,85095.359375,81043.203125,84661.203125,0,0.0,0.0
2023-08-09 00:00:00-04:00,82490.3984375,84661.203125,81043.203125,84661.203125,0,0.0,0.0
2023-08-10 00:00:00-04:00,84516.4765625,84516.4765625,79596.0,79596.0,0,0.0,0.0
2023-08-11 00:00:00-04:00,79596.0,82490.3984375,75254.3984375,81043.203125,0,0.0,0.0
2023-08-14 00:00:00-04:00,81043.203125,81043.203125,68163.1171875,76701.6015625,0,0.0,0.0
2023-08-15 00:00:00-04:00,80030.15625,80030.15625,70912.796875,75978.0,0,0.0,0.0
2023-08-16 00:00:00-04:00,70912.796875,75254.3984375,65124.0,69899.7578125,1,0.0,0.0
2023-08-17 00:00:00-04:00,72360.0,73807.203125,66571.203125,68597.28125,0,0.0,0.0
2023-08-18 00:00:00-04:00,66571.203125,69899.7578125,66571.203125,67439.5234375,0,0.0,0.0
2023-08-21 00:00:00-04:00,68452.5625,72360.0,66571.203125,68018.3984375,0,0.0,0.0
2023-08-22 00:00:00-04:00,67873.6796875,69465.6015625,66571.203125,69465.6015625,0,0.0,0.0
2023-08-23 00:00:00-04:00,72360.0,72360.0,65124.0,66571.203125,0,0.0,0.0
2023-08-24 00:00:00-04:00,66715.921875,66715.921875,65124.0,66571.203125,0,0.0,0.0
2023-08-25 00:00:00-04:00,69465.6015625,69465.6015625,59479.921875,65124.0,0,0.0,0.0
2023-08-28 00:00:00-04:00,66426.4765625,66426.4765625,60058.80078125,65124.0,0,0.0,0.0
2023-08-29 00:00:00-04:00,62953.19921875,62953.19921875,59914.078125,61650.71875,0,0.0,0.0
2023-08-30 00:00:00-04:00,62229.6015625,73807.203125,62229.6015625,68163.1171875,0,0.0,0.0
2023-08-31 00:00:00-04:00,68742.0,73807.203125,66860.640625,73807.203125,0,0.0,0.0
2023-09-01 00:00:00-04:00,70189.203125,72360.0,68018.3984375,69899.7578125,0,0.0,0.0
2023-09-05 00:00:00-04:00,72360.0,72360.0,61361.28125,67294.796875,0,0.0,0.0
2023-09-06 00:00:00-04:00,64110.9609375,69465.6015625,61071.83984375,69465.6015625,0,0.0,0.0
2023-09-07 00:00:00-04:00,65124.0,68018.3984375,65124.0,66571.203125,0,0.0,0.0
2023-09-08 00:00:00-04:00,63532.078125,65124.0,60782.3984375,60782.3984375,0,0.0,0.0
2023-09-11 00:00:00-04:00,60782.3984375,62229.6015625,59335.19921875,60782.3984375,0,0.0,0.0
2023-09-12 00:00:00-04:00,54993.6015625,60637.6796875,52243.921875,59335.19921875,0,0.0,0.0
2023-09-13 00:00:00-04:00,60782.3984375,66426.4765625,57888.0,57888.0,0,0.0,0.0
2023-09-14 00:00:00-04:00,57888.0,65992.3203125,57888.0,62229.6015625,0,0.0,0.0
2023-09-15 00:00:00-04:00,58322.16015625,72360.0,58322.16015625,72360.0,1,0.0,0.0
2023-09-18 00:00:00-04:00,72360.0,72360.0,59335.19921875,63676.80078125,2,0.0,0.0
2023-09-19 00:00:00-04:00,64545.12109375,65124.0,62229.6015625,63097.921875,1,0.0,0.0
2023-09-20 00:00:00-04:00,60058.80078125,66426.4765625,60058.80078125,62229.6015625,0,0.0,0.0
2023-09-21 00:00:00-04:00,62229.6015625,64545.12109375,57888.0,57888.0,0,0.0,0.0
2023-09-22 00:00:00-04:00,57888.0,59624.640625,52243.921875,53546.3984375,0,0.0,0.0
2023-09-25 00:00:00-04:00,59335.19921875,60637.6796875,46310.3984375,50652.0,0,0.0,0.0
2023-09-26 00:00:00-04:00,53546.3984375,60782.3984375,52099.19921875,52099.19921875,0,0.0,0.0
2023-09-27 00:00:00-04:00,50652.0,53401.6796875,38206.078125,49349.51953125,2,0.0,0.0
2023-09-28 00:00:00-04:00,53546.3984375,53546.3984375,44863.19921875,47178.71875,0,0.0,0.0
2023-09-29 00:00:00-04:00,45007.921875,49204.80078125,45007.921875,47178.71875,0,0.0,0.0
2023-10-02 00:00:00-04:00,50652.0,65124.0,50507.28125,59335.19921875,1,0.0,0.0
2023-10-03 00:00:00-04:00,60348.23828125,70768.078125,53546.3984375,54993.6015625,0,0.0,0.0
2023-10-04 00:00:00-04:00,57888.0,66715.921875,57888.0,63532.078125,0,0.0,0.0
2023-10-05 00:00:00-04:00,63676.80078125,70478.640625,57888.0,61795.44140625,0,0.0,0.0
2023-10-06 00:00:00-04:00,57888.0,62229.6015625,57888.0,57888.0,0,0.0,0.0
2023-10-09 00:00:00-04:00,57888.0,60927.12109375,57888.0,57888.0,0,0.0,0.0
2023-10-10 00:00:00-04:00,57888.0,60782.3984375,55427.76171875,55427.76171875,0,0.0,0.0
2023-10-11 00:00:00-04:00,54993.6015625,57888.0,54993.6015625,57888.0,0,0.0,0.0
2023-10-12 00:00:00-04:00,57309.12109375,74964.9609375,53835.83984375,72794.15625,1,0.0,0.0
2023-10-13 00:00:00-04:00,72938.8828125,77714.640625,63676.80078125,77425.203125,0,0.0,0.0
2023-10-16 00:00:00-04:00,74530.796875,78004.078125,70912.796875,73517.7578125,0,0.0,0.0
2023-10-17 00:00:00-04:00,72360.0,89581.6796875,72360.0,82779.84375,1,0.0,0.0
2023-10-18 00:00:00-04:00,79596.0,81766.796875,79451.28125,79451.28125,0,0.0,0.0
2023-10-19 00:00:00-04:00,82490.3984375,86832.0,78148.796875,82345.6796875,0,0.0,0.0
2023-10-20 00:00:00-04:00,82490.3984375,86542.5625,72360.0,81766.796875,0,0.0,0.0
2023-10-23 00:00:00-04:00,73807.203125,78004.078125,47757.6015625,52099.19921875,13,0.0,0.0
2023-10-24 00:00:00-04:00,54559.44140625,54559.44140625,46165.6796875,46599.83984375,2,0.0,0.0
2023-10-25 00:00:00-04:00,47902.3203125,70912.796875,47757.6015625,66571.203125,10,0.0,0.0
2023-10-26 00:00:00-04:00,59335.19921875,61361.28125,52099.19921875,53401.6796875,2,0.0,0.0
2023-10-27 00:00:00-04:00,51809.76171875,55283.0390625,47034.0,47034.0,0,0.0,0.0
2023-10-30 00:00:00-04:00,46889.28125,50217.83984375,46889.28125,47612.87890625,0,0.0,0.0
2023-10-31 00:00:00-04:00,47757.6015625,50652.0,43705.44140625,48481.19921875,1,0.0,0.0
2023-11-01 00:00:00-04:00,49349.51953125,49349.51953125,43416.0,45152.640625,1,0.0,0.0
2023-11-02 00:00:00-04:00,43850.16015625,47757.6015625,40955.76171875,44573.76171875,0,0.0,0.0
2023-11-03 00:00:00-04:00,46310.3984375,49060.078125,43416.0,48047.0390625,0,0.0,0.0
2023-11-06 00:00:00-05:00,46310.3984375,50652.0,46310.3984375,49204.80078125,0,0.0,0.0
2023-11-07 00:00:00-05:00,49349.51953125,49928.3984375,44718.48046875,47034.0,0,0.0,0.0
2023-11-08 00:00:00-05:00,49204.80078125,50652.0,46310.3984375,50652.0,0,0.0,0.0
2023-11-09 00:00:00-05:00,51375.6015625,51375.6015625,45731.51953125,50652.0,0,0.0,0.0
2023-11-10 00:00:00-05:00,51230.87890625,51230.87890625,42258.23828125,49204.80078125,0,0.0,0.0
2023-11-13 00:00:00-05:00,47757.6015625,51375.6015625,44863.19921875,48481.19921875,0,0.0,0.0
2023-11-14 00:00:00-05:00,48481.19921875,49204.80078125,43416.0,49204.80078125,0,0.0,0.0
2023-11-15 00:00:00-05:00,50652.0,50652.0,45007.921875,45586.80078125,0,0.0,0.0
2023-11-16 00:00:00-05:00,49204.80078125,50652.0,44573.76171875,50652.0,25,0.0,0.0
2023-11-17 00:00:00-05:00,42837.12109375,47178.71875,39074.3984375,39798.0,4,0.0,0.0
2023-11-20 00:00:00-05:00,43416.0,43416.0,37627.19921875,38495.51953125,1,0.0,0.0
2023-11-21 00:00:00-05:00,39508.55859375,47757.6015625,36324.71875,43126.55859375,3,0.0,0.0
2023-11-22 00:00:00-05:00,41968.80078125,41968.80078125,39074.3984375,39074.3984375,0,0.0,0.0
2023-11-24 00:00:00-05:00,41100.48046875,44863.19921875,39074.3984375,39074.3984375,0,0.0,0.0
2023-11-27 00:00:00-05:00,44284.3203125,44284.3203125,37771.921875,39074.3984375,1,0.0,0.0
2023-11-28 00:00:00-05:00,37771.921875,40955.76171875,37627.19921875,39074.3984375,0,0.0,0.0
2023-11-29 00:00:00-05:00,37916.640625,42692.3984375,37916.640625,37916.640625,0,0.0,0.0
2023-11-30 00:00:00-05:00,39798.0,40521.6015625,36758.87890625,39074.3984375,1,0.0,0.0
2023-12-01 00:00:00-05:00,39798.0,39798.0,37627.19921875,39074.3984375,0,0.0,0.0
2023-12-04 00:00:00-05:00,38061.359375,39798.0,37916.640625,37916.640625,0,0.0,0.0
2023-12-05 00:00:00-05:00,39798.0,39798.0,34877.51953125,36180.0,0,0.0,0.0
2023-12-06 00:00:00-05:00,37337.76171875,38061.359375,34732.80078125,35456.3984375,1,0.0,0.0
2023-12-07 00:00:00-05:00,35022.23828125,35601.12109375,33285.6015625,33285.6015625,0,0.0,0.0
2023-12-08 00:00:00-05:00,35311.6796875,35311.6796875,30535.919921875,31838.400390625,0,0.0,0.0
2023-12-11 00:00:00-05:00,32562.0,36180.0,31838.400390625,36035.28125,1,0.0,0.0
2023-12-12 00:00:00-05:00,36180.0,36180.0,30391.19921875,33285.6015625,1,0.0,0.0
2023-12-13 00:00:00-05:00,34732.80078125,34732.80078125,31404.240234375,33864.48046875,0,0.0,0.0
2023-12-14 00:00:00-05:00,35311.6796875,35890.55859375,30391.19921875,31838.400390625,0,0.0,0.0
2023-12-15 00:00:00-05:00,32851.44140625,35456.3984375,30391.19921875,30535.919921875,1,0.0,0.0
2023-12-18 00:00:00-05:00,31838.400390625,34732.80078125,30825.359375,34732.80078125,1,0.0,0.0
2023-12-19 00:00:00-05:00,35601.12109375,45442.078125,33864.48046875,41968.80078125,58,0.0,0.0
2023-12-20 00:00:00-05:00,65124.0,66860.640625,43416.0,50507.28125,360,0.0,0.0
2023-12-21 00:00:00-05:00,39798.0,44429.0390625,32706.720703125,38206.078125,23,0.0,0.0
2023-12-22 00:00:00-05:00,34009.19921875,39074.3984375,33285.6015625,37627.19921875,8,0.0,0.0
2023-12-26 00:00:00-05:00,34732.80078125,37193.0390625,30680.640625,31983.119140625,7,0.0,0.0
2023-12-27 00:00:00-05:00,31693.6796875,33140.87890625,31693.6796875,32127.83984375,4,0.0,0.0
2023-12-28 00:00:00-05:00,31404.240234375,32851.44140625,26194.3203125,31838.400390625,10,0.0,0.0
2023-12-29 00:00:00-05:00,31838.400390625,31838.400390625,28220.400390625,28944.0,5,0.0,0.0
2024-01-02 00:00:00-05:00,28944.0,32562.0,28944.0,29957.0390625,6,0.0,0.0
2024-01-03 00:00:00-05:00,29378.16015625,32851.44140625,27207.359375,30246.48046875,58,0.0,0.0
2024-01-04 00:00:00-05:00,40431.1484375,44230.05078125,24964.19921875,27949.05078125,172,0.0,0.0625
2024-01-05 00:00:00-05:00,25687.80078125,39255.30078125,24873.75,27677.69921875,438,0.0,0.0
2024-01-08 00:00:00-05:00,59425.6484375,61053.75,29124.900390625,32562.0,2857,0.0,0.0
2024-01-09 00:00:00-05:00,33014.25,33918.75,28491.75,31567.05078125,105,0.0,0.0
2024-01-10 00:00:00-05:00,29305.80078125,35727.75,29034.44921875,33376.05078125,72,0.0,0.0
2024-01-11 00:00:00-05:00,32019.30078125,34271.50390625,30753.0,31657.5,19,0.0,0.0
2024-01-12 00:00:00-05:00,30119.849609375,31657.5,27225.44921875,28401.30078125,58,0.0,0.0
2024-01-16 00:00:00-05:00,28763.099609375,33376.05078125,27587.25,28582.19921875,27,0.0,0.0
2024-01-17 00:00:00-05:00,28672.650390625,32381.099609375,27406.349609375,30210.30078125,19,0.0,0.0
2024-01-18 00:00:00-05:00,29215.349609375,30843.44921875,28129.94921875,28129.94921875,24,0.0,0.0
2024-01-19 00:00:00-05:00,27768.150390625,29396.25,25326.0,25416.44921875,14,0.0,0.0
2024-01-22 00:00:00-05:00,24873.75,26320.94921875,23517.0,23607.44921875,12,0.0,0.0
2024-01-23 00:00:00-05:00,20532.150390625,22069.80078125,19265.849609375,19446.75,15,0.0,0.0
2024-01-24 00:00:00-05:00,19537.19921875,21436.650390625,19093.994140625,19356.30078125,6,0.0,0.0
2024-01-25 00:00:00-05:00,18994.5,19899.0,16552.349609375,16868.92578125,9,0.0,0.0
2024-01-26 00:00:00-05:00,28491.75,34823.25,24331.05078125,25687.80078125,3726,0.0,0.0
2024-01-29 00:00:00-05:00,22522.05078125,25054.650390625,19989.44921875,22612.5,156,0.0,0.0
2024-01-30 00:00:00-05:00,20984.400390625,28944.0,20532.150390625,21979.349609375,195,0.0,0.0
2024-01-31 00:00:00-05:00,23969.25,23969.25,20441.69921875,21708.0,29,0.0,0.0
2024-02-01 00:00:00-05:00,21436.650390625,22431.599609375,21346.19921875,22069.80078125,14,0.0,0.0
2024-02-02 00:00:00-05:00,20893.94921875,22612.5,20360.294921875,21527.099609375,24,0.0,0.0
2024-02-05 00:00:00-05:00,20713.05078125,21255.75,19899.0,20803.5,39,0.0,0.0
2024-02-06 00:00:00-05:00,20351.25,20803.5,17366.400390625,18270.900390625,34,0.0,0.0
2024-02-07 00:00:00-05:00,17456.849609375,18270.900390625,16281.0,17275.94921875,24,0.0,0.0
2024-02-08 00:00:00-05:00,18090.0,18270.900390625,16642.80078125,17366.400390625,11,0.0,0.0
2024-02-09 00:00:00-05:00,17909.099609375,17909.099609375,16281.0,16733.25,11,0.0,0.0
2024-02-12 00:00:00-05:00,16733.25,17909.099609375,16552.349609375,17185.5,9,0.0,0.0
2024-02-13 00:00:00-05:00,17547.30078125,17863.875,16281.0,16733.25,10,0.0,0.0
2024-02-14 00:00:00-05:00,16461.900390625,16914.150390625,15919.2001953125,16281.0,6,0.0,0.0
2024-02-15 00:00:00-05:00,16642.80078125,16642.80078125,15376.5,15828.75,6,0.0,0.0
2024-02-16 00:00:00-05:00,15466.9501953125,16371.4501953125,15376.5,15647.849609375,7,0.0,0.0
2024-02-20 00:00:00-05:00,15557.400390625,16009.650390625,15105.150390625,15105.150390625,4,0.0,0.0
2024-02-21 00:00:00-05:00,15195.599609375,15647.849609375,13567.5,14019.75,10,0.0,0.0
2024-02-22 00:00:00-05:00,14110.2001953125,14562.4501953125,10401.75,11034.900390625,58,0.0,0.0
2024-02-23 00:00:00-05:00,10854.0,11034.900390625,7869.14990234375,8185.72509765625,69,0.0,0.0
2024-02-26 00:00:00-05:00,2912.489990234375,3256.199951171875,2415.014892578125,3229.06494140625,1284,0.0,0.0
2024-02-27 00:00:00-05:00,3210.97509765625,3346.64990234375,2849.175048828125,3183.840087890625,273,0.0,0.0
2024-02-28 00:00:00-05:00,3328.56005859375,3509.4599609375,3084.344970703125,3310.469970703125,154,0.0,0.0
2024-02-29 00:00:00-05:00,3400.919921875,3952.6650390625,3400.919921875,3599.909912109375,232,0.0,0.0
2024-03-01 00:00:00-05:00,3527.550048828125,3708.449951171875,3346.64990234375,3572.77490234375,89,0.0,0.0
2024-03-04 00:00:00-05:00,3744.6298828125,4432.0498046875,3627.044921875,3934.574951171875,285,0.0,0.0
2024-03-05 00:00:00-05:00,3735.5849609375,3798.89990234375,3002.93994140625,3391.875,172,0.0,0.0
2024-03-06 00:00:00-05:00,3256.199951171875,3346.64990234375,3165.75,3265.2451171875,52,0.0,0.0
2024-03-07 00:00:00-05:00,3346.64990234375,3364.739990234375,2966.760009765625,3048.1650390625,67,0.0,0.0
2024-03-08 00:00:00-05:00,3093.389892578125,3165.75,3002.93994140625,3057.2099609375,35,0.0,0.0
2024-03-11 00:00:00-04:00,3075.300048828125,3437.10009765625,3066.2548828125,3337.60498046875,68,0.0,0.0
2024-03-12 00:00:00-04:00,3283.3349609375,3346.64990234375,3030.074951171875,3102.43505859375,45,0.0,0.0
2024-03-13 00:00:00-04:00,3156.705078125,3391.875,3075.300048828125,3247.155029296875,62,0.0,0.0
2024-03-14 00:00:00-04:00,3147.659912109375,3247.155029296875,3084.344970703125,3165.75,43,0.0,0.0
2024-03-15 00:00:00-04:00,3210.97509765625,4160.7001953125,3039.1201171875,3618.0,1396,0.0,0.0
2024-03-18 00:00:00-04:00,3428.054931640625,3618.0,3075.300048828125,3102.43505859375,263,0.0,0.0
2024-03-19 00:00:00-04:00,3075.300048828125,3346.64990234375,2894.39990234375,3265.2451171875,92,0.0,0.0
2024-03-20 00:00:00-04:00,3147.659912109375,3355.695068359375,3002.93994140625,3310.469970703125,55,0.0,0.0
2024-03-21 00:00:00-04:00,3364.739990234375,3391.875,3229.06494140625,3265.2451171875,30,0.0,0.0
2024-03-22 00:00:00-04:00,3238.110107421875,3337.60498046875,3057.2099609375,3183.840087890625,63,0.0,0.0
2024-03-25 00:00:00-04:00,3147.659912109375,3256.199951171875,3039.1201171875,3093.389892578125,30,0.0,0.0
2024-03-26 00:00:00-04:00,3011.985107421875,3156.705078125,2903.445068359375,2930.580078125,26,0.0,0.0
2024-03-27 00:00:00-04:00,2957.715087890625,3021.030029296875,2803.949951171875,2948.669921875,30,0.0,0.0
2024-03-28 00:00:00-04:00,2975.804931640625,3156.705078125,2849.175048828125,2984.85009765625,38,0.0,0.0
2024-04-01 00:00:00-04:00,3030.074951171875,3835.080078125,2867.264892578125,3708.449951171875,380,0.0,0.0
2024-04-02 00:00:00-04:00,3165.75,3165.75,2894.39990234375,3030.074951171875,61,0.0,0.0
2024-04-03 00:00:00-04:00,2939.625,3066.2548828125,2894.39990234375,2921.534912109375,18,0.0,0.0
2024-04-04 00:00:00-04:00,2894.39990234375,3011.985107421875,2812.9951171875,2894.39990234375,31,0.0,0.0
2024-04-05 00:00:00-04:00,2975.804931640625,3138.614990234375,2803.949951171875,2930.580078125,31,0.0,0.0
2024-04-08 00:00:00-04:00,2984.85009765625,2984.85009765625,2822.0400390625,2831.0849609375,28,0.0,0.0
2024-04-09 00:00:00-04:00,2966.760009765625,2975.804931640625,2722.544921875,2776.81494140625,24,0.0,0.0
2024-04-10 00:00:00-04:00,2785.860107421875,2867.264892578125,2713.5,2776.81494140625,18,0.0,0.0
2024-04-11 00:00:00-04:00,2776.81494140625,2921.534912109375,2713.5,2803.949951171875,23,0.0,0.0
2024-04-12 00:00:00-04:00,2803.949951171875,2912.489990234375,2803.949951171875,2812.9951171875,20,0.0,0.0
2024-04-15 00:00:00-04:00,2885.35498046875,2885.35498046875,2713.5,2767.77001953125,21,0.0,0.0
2024-04-16 00:00:00-04:00,2713.5,2713.5,2550.68994140625,2623.050048828125,14,0.0,0.0
2024-04-17 00:00:00-04:00,2604.9599609375,2695.409912109375,2532.60009765625,2686.364990234375,15,0.0,0.0
2024-04-18 00:00:00-04:00,2595.9150390625,2695.409912109375,2541.64501953125,2686.364990234375,6,0.0,0.0
2024-04-19 00:00:00-04:00,2677.320068359375,2713.5,2632.094970703125,2713.5,3,0.0,0.0
2024-04-22 00:00:00-04:00,2641.139892578125,2713.5,2451.195068359375,2487.375,16,0.0,0.0
2024-04-23 00:00:00-04:00,2641.139892578125,2641.139892578125,2487.375,2550.68994140625,5,0.0,0.0
2024-04-24 00:00:00-04:00,2478.330078125,2614.0048828125,2451.195068359375,2604.9599609375,6,0.0,0.0
2024-04-25 00:00:00-04:00,2623.050048828125,6241.0498046875,2623.050048828125,3554.68505859375,12777,0.0,0.0
2024-04-26 00:00:00-04:00,2939.625,3292.3798828125,2894.39990234375,3048.1650390625,406,0.0,0.0
2024-04-29 00:00:00-04:00,2984.85009765625,3256.199951171875,2568.780029296875,2695.409912109375,318,0.0,0.0
2024-04-30 00:00:00-04:00,2713.5,2876.31005859375,2668.27490234375,2713.5,65,0.0,0.0
2024-05-01 00:00:00-04:00,2677.320068359375,2803.949951171875,2532.60009765625,2650.18505859375,86,0.0,0.0
2024-05-02 00:00:00-04:00,2650.18505859375,2713.5,2541.64501953125,2559.735107421875,48,0.0,0.0
2024-05-03 00:00:00-04:00,2713.5,2713.5,2577.824951171875,2641.139892578125,38,0.0,0.0
2024-05-06 00:00:00-04:00,2623.050048828125,2704.455078125,2541.64501953125,2577.824951171875,29,0.0,0.0
2024-05-07 00:00:00-04:00,2568.780029296875,2704.455078125,2532.60009765625,2577.824951171875,30,0.0,0.0
2024-05-08 00:00:00-04:00,2614.0048828125,2840.1298828125,2586.8701171875,2758.72509765625,75,0.0,0.0
2024-05-09 00:00:00-04:00,2677.320068359375,2758.72509765625,2623.050048828125,2713.5,13,0.0,0.0
2024-05-10 00:00:00-04:00,2749.679931640625,2758.72509765625,2451.195068359375,2505.465087890625,43,0.0,0.0
2024-05-13 00:00:00-04:00,2532.60009765625,2595.9150390625,2505.465087890625,2568.780029296875,22,0.0,0.0
2024-05-14 00:00:00-04:00,2541.64501953125,2623.050048828125,2487.375,2595.9150390625,38,0.0,0.0
2024-05-15 00:00:00-04:00,2451.195068359375,2577.824951171875,2451.195068359375,2514.510009765625,51,0.0,0.0
2024-05-16 00:00:00-04:00,2532.60009765625,3210.97509765625,2514.510009765625,2966.760009765625,154,0.0,0.0
2024-05-17 00:00:00-04:00,2939.625,3165.75,2803.949951171875,2939.625,75,0.0,0.0
2024-05-20 00:00:00-04:00,2831.0849609375,2948.669921875,2831.0849609375,2939.625,40,0.0,0.0
2024-05-21 00:00:00-04:00,2903.445068359375,2903.445068359375,2713.5,2803.949951171875,24,0.0,0.0
2024-05-22 00:00:00-04:00,2785.860107421875,3156.705078125,2758.72509765625,3021.030029296875,109,0.0,0.0
2024-05-23 00:00:00-04:00,3039.1201171875,3102.43505859375,2812.9951171875,2930.580078125,43,0.0,0.0
2024-05-24 00:00:00-04:00,2894.39990234375,2984.85009765625,2812.9951171875,2831.0849609375,31,0.0,0.0
2024-05-28 00:00:00-04:00,2831.0849609375,3120.52490234375,2713.5,2939.625,80,0.0,0.0
2024-05-29 00:00:00-04:00,2849.175048828125,3030.074951171875,2713.5,2740.635009765625,66,0.0,0.0
2024-05-30 00:00:00-04:00,2840.1298828125,2930.580078125,2677.320068359375,2812.9951171875,60,0.0,0.0
2024-05-31 00:00:00-04:00,2767.77001953125,2803.949951171875,2668.27490234375,2713.5,121,0.0,0.0
2024-06-03 00:00:00-04:00,2894.39990234375,3346.64990234375,2623.050048828125,2849.175048828125,460,0.0,0.0
2024-06-04 00:00:00-04:00,2668.27490234375,2849.175048828125,2659.22998046875,2794.905029296875,55,0.0,0.0
2024-06-05 00:00:00-04:00,2713.5,2894.39990234375,2577.824951171875,2659.22998046875,116,0.0,0.0
2024-06-06 00:00:00-04:00,2623.050048828125,2794.905029296875,2614.0048828125,2785.860107421875,57,0.0,0.0
2024-06-07 00:00:00-04:00,2704.455078125,2794.905029296875,2604.9599609375,2686.364990234375,35,0.0,0.0
2024-06-10 00:00:00-04:00,2632.094970703125,2731.590087890625,2577.824951171875,2659.22998046875,18,0.0,0.0
2024-06-11 00:00:00-04:00,2641.139892578125,2794.905029296875,2623.050048828125,2713.5,35,0.0,0.0
2024-06-12 00:00:00-04:00,2740.635009765625,2758.72509765625,2650.18505859375,2731.590087890625,14,0.0,0.0
2024-06-13 00:00:00-04:00,2704.455078125,2731.590087890625,2623.050048828125,2641.139892578125,12,0.0,0.0
2024-06-14 00:00:00-04:00,2668.27490234375,2794.905029296875,2632.094970703125,2713.5,15,0.0,0.0
2024-06-17 00:00:00-04:00,2659.22998046875,2713.5,2595.9150390625,2668.27490234375,14,0.0,0.0
2024-06-18 00:00:00-04:00,2713.5,2740.635009765625,2604.9599609375,2668.27490234375,26,0.0,0.0
2024-06-20 00:00:00-04:00,2713.5,2713.5,2577.824951171875,2604.9599609375,26,0.0,0.0
2024-06-21 00:00:00-04:00,2614.0048828125,2713.5,2550.68994140625,2550.68994140625,25,0.0,0.0
2024-06-24 00:00:00-04:00,2577.824951171875,2623.050048828125,2550.68994140625,2577.824951171875,18,0.0,0.0
2024-06-25 00:00:00-04:00,2424.06005859375,2713.5,2424.06005859375,2623.050048828125,441,0.0,0.0
2024-06-26 00:00:00-04:00,2677.320068359375,2876.31005859375,2487.375,2785.860107421875,182,0.0,0.0
2024-06-27 00:00:00-04:00,2794.905029296875,2794.905029296875,2577.824951171875,2704.455078125,39,0.0,0.0
2024-06-28 00:00:00-04:00,2623.050048828125,2758.72509765625,2550.68994140625,2586.8701171875,31,0.0,0.0
2024-07-01 00:00:00-04:00,2586.8701171875,2659.22998046875,2577.824951171875,2632.094970703125,8,0.0,0.0
2024-07-02 00:00:00-04:00,2586.8701171875,2704.455078125,2586.8701171875,2632.094970703125,13,0.0,0.0
2024-07-03 00:00:00-04:00,2632.094970703125,2668.27490234375,2586.8701171875,2659.22998046875,6,0.0,0.0
2024-07-05 00:00:00-04:00,2595.9150390625,2695.409912109375,2586.8701171875,2632.094970703125,7,0.0,0.0
2024-07-08 00:00:00-04:00,2604.9599609375,2704.455078125,2604.9599609375,2668.27490234375,13,0.0,0.0
2024-07-09 00:00:00-04:00,2713.5,2758.72509765625,2614.0048828125,2713.5,75,0.0,0.0
2024-07-10 00:00:00-04:00,2785.860107421875,2785.860107421875,2677.320068359375,2749.679931640625,27,0.0,0.0
2024-07-11 00:00:00-04:00,2740.635009765625,2894.39990234375,2668.27490234375,2831.0849609375,21,0.0,0.0
2024-07-12 00:00:00-04:00,2831.0849609375,2894.39990234375,2632.094970703125,2704.455078125,15,0.0,0.0
2024-07-15 00:00:00-04:00,2704.455078125,2704.455078125,2577.824951171875,2641.139892578125,12,0.0,0.0
2024-07-16 00:00:00-04:00,2641.139892578125,2731.590087890625,2623.050048828125,2722.544921875,16,0.0,0.0
2024-07-17 00:00:00-04:00,2604.9599609375,2713.5,2604.9599609375,2659.22998046875,34,0.0,0.0
2024-07-18 00:00:00-04:00,2659.22998046875,2704.455078125,2586.8701171875,2632.094970703125,14,0.0,0.0
2024-07-19 00:00:00-04:00,2650.18505859375,2713.5,2586.8701171875,2623.050048828125,16,0.0,0.0
2024-07-22 00:00:00-04:00,2623.050048828125,3129.570068359375,2623.050048828125,2767.77001953125,194,0.0,0.0
2024-07-23 00:00:00-04:00,2686.364990234375,3066.2548828125,2632.094970703125,2948.669921875,158,0.0,0.0
2024-07-24 00:00:00-04:00,2812.9951171875,2984.85009765625,2731.590087890625,2758.72509765625,60,0.0,0.0
2024-07-25 00:00:00-04:00,2740.635009765625,2849.175048828125,2740.635009765625,2767.77001953125,9,0.0,0.0
2024-07-26 00:00:00-04:00,2822.0400390625,2984.85009765625,2740.635009765625,2930.580078125,26,0.0,0.0
2024-07-29 00:00:00-04:00,3002.93994140625,3057.2099609375,2894.39990234375,2894.39990234375,24,0.0,0.0
2024-07-30 00:00:00-04:00,2957.715087890625,2957.715087890625,2713.5,2831.0849609375,17,0.0,0.0
2024-07-31 00:00:00-04:00,2867.264892578125,2957.715087890625,2803.949951171875,2849.175048828125,7,0.0,0.0
2024-08-01 00:00:00-04:00,2849.175048828125,2894.39990234375,2704.455078125,2794.905029296875,9,0.0,0.0
2024-08-02 00:00:00-04:00,2713.5,2803.949951171875,2623.050048828125,2623.050048828125,13,0.0,0.0
2024-08-05 00:00:00-04:00,2577.824951171875,2614.0048828125,2360.7451171875,2541.64501953125,23,0.0,0.0
2024-08-06 00:00:00-04:00,2614.0048828125,2623.050048828125,2532.60009765625,2577.824951171875,13,0.0,0.0
2024-08-07 00:00:00-04:00,2623.050048828125,2623.050048828125,2487.375,2541.64501953125,14,0.0,0.0
2024-08-08 00:00:00-04:00,2469.284912109375,2623.050048828125,2442.14990234375,2559.735107421875,13,0.0,0.0
2024-08-09 00:00:00-04:00,2623.050048828125,2623.050048828125,2460.239990234375,2541.64501953125,6,0.0,0.0
2024-08-12 00:00:00-04:00,2523.554931640625,2586.8701171875,2324.56494140625,2523.554931640625,43,0.0,0.0
2024-08-13 00:00:00-04:00,2270.294921875,2442.14990234375,1908.4949951171875,2098.43994140625,145,0.0,0.0
2024-08-14 00:00:00-04:00,2080.35009765625,2216.02490234375,1836.135009765625,1881.3599853515625,141,0.0,0.0
2024-08-15 00:00:00-04:00,1872.31494140625,2143.6650390625,1872.31494140625,2080.35009765625,30,0.0,0.0
2024-08-16 00:00:00-04:00,2080.35009765625,2080.35009765625,1944.675048828125,2007.989990234375,16,0.0,0.0
2024-08-19 00:00:00-04:00,2080.35009765625,2261.25,2007.989990234375,2197.93505859375,42,0.0,0.0
2024-08-20 00:00:00-04:00,2170.800048828125,2252.205078125,2080.35009765625,2098.43994140625,14,0.0,0.0
2024-08-21 00:00:00-04:00,2080.35009765625,2170.800048828125,1908.4949951171875,2089.39501953125,626,0.0,0.0
2024-08-22 00:00:00-04:00,2053.215087890625,2080.35009765625,2035.125,2071.304931640625,52,0.0,0.0
2024-08-23 00:00:00-04:00,2080.35009765625,2351.699951171875,2035.125,2170.800048828125,61,0.0,0.0
2024-08-26 00:00:00-04:00,2152.7099609375,2261.25,2080.35009765625,2234.114990234375,20,0.0,0.0
2024-08-27 00:00:00-04:00,2261.25,2261.25,2080.35009765625,2170.800048828125,13,0.0,0.0
2024-08-28 00:00:00-04:00,2125.574951171875,2306.47509765625,1899.449951171875,2071.304931640625,65,0.0,0.0
2024-08-29 00:00:00-04:00,2071.304931640625,2107.485107421875,1917.5400390625,1962.7650146484375,77,0.0,0.0
2024-08-30 00:00:00-04:00,1989.9000244140625,2007.989990234375,1854.2249755859375,1890.405029296875,28,0.0,0.0
2024-09-03 00:00:00-04:00,1836.135009765625,1890.405029296875,1664.280029296875,1709.5050048828125,67,0.0,0.0
2024-09-04 00:00:00-04:00,1772.8199462890625,1890.405029296875,1718.550048828125,1745.68505859375,21,0.0,0.0
2024-09-05 00:00:00-04:00,1664.280029296875,1799.9549560546875,1628.0999755859375,1628.0999755859375,141,0.0,0.0
2024-09-06 00:00:00-04:00,1646.18994140625,1763.7750244140625,1582.875,1664.280029296875,121,0.0,0.0
2024-09-09 00:00:00-04:00,1646.18994140625,1709.5050048828125,1591.9200439453125,1619.0550537109375,32,0.0,0.0
2024-09-10 00:00:00-04:00,1673.324951171875,1673.324951171875,1465.2900390625,1537.6500244140625,342,0.0,0.0
2024-09-11 00:00:00-04:00,1573.8299560546875,1582.875,1447.199951171875,1528.60498046875,45,0.0,0.0
2024-09-12 00:00:00-04:00,1519.56005859375,1763.7750244140625,1447.199951171875,1763.7750244140625,185,0.0,0.0
2024-09-13 00:00:00-04:00,1718.550048828125,1763.7750244140625,1628.0999755859375,1718.550048828125,49,0.0,0.0
2024-09-16 00:00:00-04:00,1836.135009765625,1836.135009765625,1546.6949462890625,1664.280029296875,59,0.0,0.0
2024-09-17 00:00:00-04:00,1682.3699951171875,1718.550048828125,1628.0999755859375,1655.2349853515625,21,0.0,0.0
2024-09-18 00:00:00-04:00,1700.4599609375,1700.4599609375,1564.7850341796875,1591.9200439453125,11,0.0,0.0
2024-09-19 00:00:00-04:00,1591.9200439453125,1709.5050048828125,1582.875,1673.324951171875,20,0.0,0.0
2024-09-20 00:00:00-04:00,1691.4150390625,1709.5050048828125,1600.9649658203125,1600.9649658203125,24,0.0,0.0
2024-09-23 00:00:00-04:00,1619.0550537109375,1619.0550537109375,1582.875,1591.9200439453125,11,0.0,0.0
2024-09-24 00:00:00-04:00,1564.7850341796875,1628.0999755859375,1564.7850341796875,1600.9649658203125,11,0.0,0.0
2024-09-25 00:00:00-04:00,1709.5050048828125,1718.550048828125,1591.9200439453125,1600.9649658203125,27,0.0,0.0
2024-09-26 00:00:00-04:00,1582.875,1673.324951171875,1582.875,1582.875,12,0.0,0.0
2024-09-27 00:00:00-04:00,1673.324951171875,1673.324951171875,1582.875,1591.9200439453125,13,0.0,0.0
2024-09-30 00:00:00-04:00,1718.550048828125,1718.550048828125,1628.0999755859375,1655.2349853515625,35,0.0,0.0
2024-10-01 00:00:00-04:00,1691.4150390625,1700.4599609375,1582.875,1619.0550537109375,28,0.0,0.0
2024-10-02 00:00:00-04:00,1637.14501953125,1637.14501953125,1582.875,1582.875,6,0.0,0.0
2024-10-03 00:00:00-04:00,1600.9649658203125,1600.9649658203125,1555.739990234375,1564.7850341796875,12,0.0,0.0
2024-10-04 00:00:00-04:00,1582.875,1610.010009765625,1555.739990234375,1555.739990234375,8,0.0,0.0
2024-10-07 00:00:00-04:00,1546.6949462890625,1628.0999755859375,1546.6949462890625,1591.9200439453125,8,0.0,0.0
2024-10-08 00:00:00-04:00,1619.0550537109375,1664.280029296875,1591.9200439453125,1600.9649658203125,11,0.0,0.0
2024-10-09 00:00:00-04:00,1600.9649658203125,1610.010009765625,1564.7850341796875,1582.875,3,0.0,0.0
2024-10-10 00:00:00-04:00,1600.9649658203125,1655.2349853515625,1546.6949462890625,1655.2349853515625,20,0.0,0.0
2024-10-11 00:00:00-04:00,1646.18994140625,1646.18994140625,1555.739990234375,1591.9200439453125,12,0.0,0.0
2024-10-14 00:00:00-04:00,1537.6500244140625,1600.9649658203125,1537.6500244140625,1573.8299560546875,16,0.0,0.0
2024-10-15 00:00:00-04:00,1582.875,1582.875,1510.5150146484375,1519.56005859375,18,0.0,0.0
2024-10-16 00:00:00-04:00,1501.469970703125,1537.6500244140625,1501.469970703125,1537.6500244140625,16,0.0,0.0
2024-10-17 00:00:00-04:00,1546.6949462890625,1610.010009765625,1510.5150146484375,1537.6500244140625,23,0.0,0.0
2024-10-18 00:00:00-04:00,1628.0999755859375,1628.0999755859375,1555.739990234375,1610.010009765625,12,0.0,0.0
2024-10-21 00:00:00-04:00,1628.0999755859375,1809.0,1628.0999755859375,1763.7750244140625,64,0.0,0.0
2024-10-22 00:00:00-04:00,1763.7750244140625,2161.7548828125,1754.72998046875,2080.35009765625,511,0.0,0.0
2024-10-23 00:00:00-04:00,2035.125,2035.125,1673.324951171875,1709.5050048828125,325,0.0,0.0
2024-10-24 00:00:00-04:00,1718.550048828125,1962.7650146484375,1673.324951171875,1953.719970703125,138,0.0,0.0
2024-10-25 00:00:00-04:00,1944.675048828125,1980.85498046875,1646.18994140625,1673.324951171875,57,0.0,0.0
2024-10-28 00:00:00-04:00,1673.324951171875,1754.72998046875,1628.0999755859375,1754.72998046875,48,0.0,0.0
2024-10-29 00:00:00-04:00,1745.68505859375,1854.2249755859375,1682.3699951171875,1799.9549560546875,39,0.0,0.0
2024-10-30 00:00:00-04:00,1854.2249755859375,1854.2249755859375,1655.2349853515625,1790.9100341796875,20,0.0,0.0
2024-10-31 00:00:00-04:00,1790.9100341796875,1790.9100341796875,1600.9649658203125,1664.280029296875,39,0.0,0.0
2024-11-01 00:00:00-04:00,1655.2349853515625,1718.550048828125,1628.0999755859375,1673.324951171875,25,0.0,0.0
2024-11-04 00:00:00-05:00,1727.594970703125,1799.9549560546875,1600.9649658203125,1664.280029296875,32,0.0,0.0
2024-11-05 00:00:00-05:00,1610.010009765625,1718.550048828125,1610.010009765625,1655.2349853515625,17,0.0,0.0
2024-11-06 00:00:00-05:00,1736.6400146484375,1881.3599853515625,1646.18994140625,1772.8199462890625,95,0.0,0.0
2024-11-07 00:00:00-05:00,1772.8199462890625,1799.9549560546875,1646.18994140625,1664.280029296875,98,0.0,0.0
2024-11-08 00:00:00-05:00,1727.594970703125,1745.68505859375,1610.010009765625,1709.5050048828125,20,0.0,0.0
2024-11-11 00:00:00-05:00,1718.550048828125,1718.550048828125,1591.9200439453125,1664.280029296875,24,0.0,0.0
2024-11-12 00:00:00-05:00,1709.5050048828125,1718.550048828125,1600.9649658203125,1646.18994140625,18,0.0,0.0
2024-11-13 00:00:00-05:00,1582.875,1646.18994140625,1537.6500244140625,1573.8299560546875,34,0.0,0.0
2024-11-14 00:00:00-05:00,1546.6949462890625,1573.8299560546875,1474.3349609375,1537.6500244140625,28,0.0,0.0
2024-11-15 00:00:00-05:00,1447.199951171875,1573.8299560546875,1447.199951171875,1474.3349609375,24,0.0,0.0
2024-11-18 00:00:00-05:00,1492.425048828125,1655.2349853515625,1474.3349609375,1582.875,37,0.0,0.0
2024-11-19 00:00:00-05:00,1537.6500244140625,1600.9649658203125,1492.425048828125,1600.9649658203125,43,0.0,0.0
2024-11-20 00:00:00-05:00,1582.875,1628.0999755859375,1519.56005859375,1591.9200439453125,15,0.0,0.0
2024-11-21 00:00:00-05:00,1582.875,1628.0999755859375,1546.6949462890625,1619.0550537109375,9,0.0,0.0
2024-11-22 00:00:00-05:00,1582.875,1637.14501953125,1582.875,1591.9200439453125,14,0.0,0.0
2024-11-25 00:00:00-05:00,1646.18994140625,1646.18994140625,1591.9200439453125,1600.9649658203125,10,0.0,0.0
2024-11-26 00:00:00-05:00,1600.9649658203125,1682.3699951171875,1600.9649658203125,1637.14501953125,29,0.0,0.0
2024-11-27 00:00:00-05:00,1655.2349853515625,1682.3699951171875,1600.9649658203125,1600.9649658203125,28,0.0,0.0
2024-11-29 00:00:00-05:00,1573.8299560546875,1664.280029296875,1555.739990234375,1628.0999755859375,16,0.0,0.0
2024-12-02 00:00:00-05:00,1628.0999755859375,1673.324951171875,1600.9649658203125,1628.0999755859375,17,0.0,0.0
2024-12-03 00:00:00-05:00,1628.0999755859375,1628.0999755859375,1582.875,1619.0550537109375,17,0.0,0.0
2024-12-04 00:00:00-05:00,1628.0999755859375,1682.3699951171875,1537.6500244140625,1628.0999755859375,51,0.0,0.0
2024-12-05 00:00:00-05:00,1582.875,1628.0999755859375,1492.425048828125,1519.56005859375,46,0.0,0.0
2024-12-06 00:00:00-05:00,1537.6500244140625,1537.6500244140625,1474.3349609375,1483.3800048828125,20,0.0,0.0
2024-12-09 00:00:00-05:00,1628.0999755859375,1628.0999755859375,1501.469970703125,1573.8299560546875,23,0.0,0.0
2024-12-10 00:00:00-05:00,1546.6949462890625,1845.1800537109375,1546.6949462890625,1628.0999755859375,800,0.0,0.0
2024-12-11 00:00:00-05:00,1438.155029296875,1438.155029296875,1085.4000244140625,1103.489990234375,549,0.0,0.0
2024-12-12 00:00:00-05:00,1148.7149658203125,1175.8499755859375,994.9500122070312,1031.1300048828125,159,0.0,0.0
2024-12-13 00:00:00-05:00,1040.175048828125,1067.31005859375,931.635009765625,949.7249755859375,130,0.0,0.0
2024-12-16 00:00:00-05:00,994.9500122070312,994.9500122070312,904.5,940.6799926757812,65,0.0,0.0
2024-12-17 00:00:00-05:00,904.5,1031.1300048828125,904.5,1022.0850219726562,95,0.0,0.0
2024-12-18 00:00:00-05:00,994.9500122070312,1058.2650146484375,976.8599853515625,1022.0850219726562,149,0.0,0.0
2024-12-19 00:00:00-05:00,1076.35498046875,1076.35498046875,994.9500122070312,1040.175048828125,49,0.0,0.0
2024-12-20 00:00:00-05:00,904.5,1221.074951171875,904.5,1130.625,240,0.0,0.0
2024-12-23 00:00:00-05:00,1166.8050537109375,1221.074951171875,1094.4449462890625,1148.7149658203125,74,0.0,0.0
2024-12-24 00:00:00-05:00,1184.89501953125,1184.89501953125,1085.4000244140625,1157.760009765625,38,0.0,0.0
2024-12-26 00:00:00-05:00,1166.8050537109375,1293.43505859375,1112.5350341796875,1284.3900146484375,154,0.0,0.0
2024-12-27 00:00:00-05:00,1365.7950439453125,1365.7950439453125,1212.030029296875,1284.3900146484375,119,0.0,0.0
2024-12-30 00:00:00-05:00,1293.43505859375,1311.5250244140625,1166.8050537109375,1311.5250244140625,113,0.0,0.0
2024-12-31 00:00:00-05:00,1356.75,1401.9749755859375,1184.89501953125,1302.47998046875,173,0.0,0.0
2025-01-02 00:00:00-05:00,1320.5699462890625,1356.75,1184.89501953125,1284.3900146484375,124,0.0,0.0
2025-01-03 00:00:00-05:00,1338.6600341796875,3500.4150390625,1266.300048828125,2695.409912109375,33808,0.0,0.0
2025-01-06 00:00:00-05:00,2035.125,2152.7099609375,1519.56005859375,1537.6500244140625,3879,0.0,0.0
2025-01-07 00:00:00-05:00,1456.2449951171875,1628.0999755859375,1365.7950439453125,1438.155029296875,1557,0.0,0.0
2025-01-08 00:00:00-05:00,1429.1099853515625,1429.1099853515625,1221.074951171875,1248.2099609375,704,0.0,0.0
2025-01-10 00:00:00-05:00,1221.074951171875,1239.1650390625,1040.175048828125,1058.2650146484375,631,0.0,0.0
2025-01-13 00:00:00-05:00,1067.31005859375,1067.31005859375,958.77001953125,985.905029296875,449,0.0,0.0
2025-01-14 00:00:00-05:00,985.905029296875,985.905029296875,859.2750244140625,868.3200073242188,564,0.0,0.0
2025-01-15 00:00:00-05:00,416.07000732421875,416.07000732421875,298.4849853515625,388.93499755859375,18642,0.0,0.0
2025-01-16 00:00:00-05:00,434.1600036621094,488.42999267578125,388.93499755859375,407.0249938964844,29959,0.0,0.0
2025-01-17 00:00:00-05:00,425.114990234375,434.1600036621094,370.8450012207031,379.8900146484375,10664,0.0,0.0
2025-01-21 00:00:00-05:00,379.8900146484375,407.0249938964844,343.7099914550781,388.93499755859375,12548,0.0,0.0
2025-01-22 00:00:00-05:00,407.0249938964844,416.07000732421875,370.8450012207031,379.8900146484375,9232,0.0,0.0
2025-01-23 00:00:00-05:00,361.79998779296875,407.0249938964844,352.7550048828125,388.93499755859375,10013,0.0,0.0
2025-01-24 00:00:00-05:00,633.1500244140625,696.4650268554688,479.385009765625,497.4750061035156,90358,0.0,0.0
2025-01-27 00:00:00-05:00,397.9800109863281,397.9800109863281,343.7099914550781,343.7099914550781,13009,0.0,0.0
2025-01-28 00:00:00-05:00,307.5299987792969,307.5299987792969,253.25999450683594,289.44000244140625,7703,0.0,0.0
2025-01-29 00:00:00-05:00,289.44000244140625,289.44000244140625,253.25999450683594,253.25999450683594,5587,0.0,0.0
2025-01-30 00:00:00-05:00,222.75,562.6799926757812,202.5,226.8000030517578,122956,0.0,0.0029850746268656717
2025-01-31 00:00:00-05:00,210.8699951171875,227.8800048828125,169.2899932861328,191.6999969482422,25856,0.0,0.0
2025-02-03 00:00:00-05:00,189.0,211.67999267578125,176.85000610351562,179.5500030517578,10393,0.0,0.0
2025-02-04 00:00:00-05:00,214.3800048828125,236.7899932861328,182.25,184.13999938964844,255585,0.0,0.0
2025-02-05 00:00:00-05:00,183.60000610351562,206.27999877929688,164.6999969482422,175.77000427246094,23863,0.0,0.0
2025-02-06 00:00:00-05:00,176.85000610351562,188.4600067138672,168.47999572753906,169.2899932861328,12081,0.0,0.0
2025-02-07 00:00:00-05:00,166.32000732421875,172.8000030517578,126.36000061035156,144.72000122070312,15481,0.0,0.0
2025-02-10 00:00:00-05:00,136.88999938964844,140.1300048828125,121.7969970703125,126.08999633789062,10022,0.0,0.0
2025-02-11 00:00:00-05:00,128.7899932861328,136.0800018310547,110.43000030517578,113.12999725341797,77944,0.0,0.0
2025-02-12 00:00:00-05:00,113.66999816894531,144.17999267578125,104.22000122070312,126.36000061035156,26196,0.0,0.0
2025-02-13 00:00:00-05:00,116.63999938964844,131.75999450683594,115.0199966430664,127.70999908447266,7274,0.0,0.0
2025-02-14 00:00:00-05:00,128.52000427246094,128.52000427246094,115.55999755859375,121.5,4196,0.0,0.0
2025-02-18 00:00:00-05:00,121.5,123.66000366210938,115.0469970703125,122.04000091552734,4863,0.0,0.0
2025-02-19 00:00:00-05:00,124.19999694824219,126.62999725341797,117.90899658203125,121.7699966430664,3415,0.0,0.0
2025-02-20 00:00:00-05:00,131.49000549316406,155.25,125.55000305175781,142.2899932861328,20585,0.0,0.0
2025-02-21 00:00:00-05:00,136.6199951171875,145.52999877929688,125.55000305175781,137.97000122070312,8133,0.0,0.0
2025-02-24 00:00:00-05:00,135.0,136.35000610351562,124.6050033569336,125.81999969482422,4648,0.0,0.0
2025-02-25 00:00:00-05:00,117.98999786376953,127.16999816894531,82.62000274658203,87.20999908447266,15463,0.0,0.0
2025-02-26 00:00:00-05:00,86.4000015258789,95.30999755859375,81.80999755859375,89.0999984741211,10204,0.0,0.0
2025-02-27 00:00:00-05:00,89.37000274658203,93.28500366210938,65.69100189208984,71.01000213623047,18874,0.0,0.0
2025-02-28 00:00:00-05:00,71.01000213623047,148.5,69.79499816894531,90.44999694824219,460785,0.0,0.0
2025-03-03 00:00:00-05:00,194.6699981689453,229.5,133.3800048828125,205.1999969482422,3352415,0.0,0.0
2025-03-04 00:00:00-05:00,172.8000030517578,202.5,150.41700744628906,155.25,218441,0.0,0.0
2025-03-05 00:00:00-05:00,149.0399932861328,224.3699951171875,149.0399932861328,189.0,207948,0.0,0.0
2025-03-06 00:00:00-05:00,57.2400016784668,61.02000045776367,28.350000381469727,43.20000076293945,1908359,0.0,0.0
2025-03-07 00:00:00-05:00,47.25,48.33000183105469,34.83000183105469,37.2599983215332,868185,0.0,0.0
2025-03-10 00:00:00-04:00,35.63999938964844,37.2599983215332,31.860000610351562,32.130001068115234,160785,0.0,0.0
2025-03-11 00:00:00-04:00,32.130001068115234,32.939998626708984,24.32699966430664,25.3799991607666,210996,0.0,0.0
2025-03-12 00:00:00-04:00,25.110000610351562,25.3799991607666,21.518999099731445,22.0049991607666,144519,0.0,0.0
2025-03-13 00:00:00-04:00,20.16900062561035,20.790000915527344,17.4689998626709,18.4950008392334,134589,0.0,0.0
2025-03-14 00:00:00-04:00,18.468000411987305,25.3799991607666,16.469999313354492,20.8439998626709,515959,0.0,0.0
2025-03-17 00:00:00-04:00,26.81100082397461,31.049999237060547,23.219999313354492,23.597999572753906,2154330,0.0,0.0
2025-03-18 00:00:00-04:00,24.381000518798828,24.92099952697754,20.25,21.167999267578125,223141,0.0,0.0
2025-03-19 00:00:00-04:00,20.898000717163086,21.275999069213867,18.899999618530273,20.41200065612793,104652,0.0,0.0
2025-03-20 00:00:00-04:00,20.25,21.600000381469727,19.709999084472656,21.600000381469727,64696,0.0,0.0
2025-03-21 00:00:00-04:00,21.033000946044922,21.033000946044922,19.81800079345703,20.25,59456,0.0,0.0
2025-03-24 00:00:00-04:00,20.277000427246094,21.329999923706055,20.25,20.790000915527344,59111,0.0,0.0
2025-03-25 00:00:00-04:00,20.25,20.573999404907227,19.709999084472656,20.16900062561035,59156,0.0,0.0
2025-03-26 00:00:00-04:00,13.310999870300293,18.360000610351562,13.095000267028809,15.524999618530273,236400,0.0,0.0
2025-03-27 00:00:00-04:00,14.3100004196167,14.579999923706055,14.039999961853027,14.093999862670898,55485,0.0,0.0
2025-03-28 00:00:00-04:00,13.180000305175781,15.079999923706055,11.359999656677246,12.119999885559082,146800,0.0,0.037037037037037035
2025-03-31 00:00:00-04:00,11.819999694824219,11.829999923706055,9.75,10.800000190734863,164300,0.0,0.0
2025-04-01 00:00:00-04:00,10.670000076293945,11.510000228881836,10.609999656677246,11.3100004196167,64400,0.0,0.0
2025-04-02 00:00:00-04:00,11.0600004196167,13.692000389099121,11.0600004196167,12.609999656677246,140000,0.0,0.0
2025-04-03 00:00:00-04:00,11.880000114440918,12.989999771118164,11.5,12.119999885559082,55000,0.0,0.0
2025-04-04 00:00:00-04:00,12.0,12.734999656677246,10.819999694824219,10.819999694824219,48200,0.0,0.0
2025-04-07 00:00:00-04:00,10.470000267028809,10.470000267028809,8.880000114440918,8.970000267028809,68100,0.0,0.0
2025-04-08 00:00:00-04:00,8.970000267028809,9.663000106811523,8.020000457763672,8.020000457763672,58300,0.0,0.0
2025-04-09 00:00:00-04:00,8.40999984741211,9.09000015258789,7.260000228881836,8.8100004196167,67100,0.0,0.0
2025-04-10 00:00:00-04:00,8.15999984741211,9.491999626159668,8.15999984741211,8.579999923706055,28800,0.0,0.0
2025-04-11 00:00:00-04:00,8.699999809265137,9.032999992370605,8.149999618530273,8.329999923706055,45400,0.0,0.0
2025-04-14 00:00:00-04:00,8.15999984741211,10.25,8.15999984741211,10.0,143000,0.0,0.0
2025-04-15 00:00:00-04:00,10.180000305175781,10.515999794006348,8.649999618530273,9.140000343322754,171500,0.0,0.0
2025-04-16 00:00:00-04:00,9.550000190734863,9.550000190734863,8.890000343322754,9.100000381469727,50900,0.0,0.0
2025-04-17 00:00:00-04:00,8.890000343322754,9.09000015258789,8.6899995803833,8.979999542236328,18000,0.0,0.0
2025-04-21 00:00:00-04:00,8.739999771118164,9.0,7.849999904632568,7.929999828338623,61200,0.0,0.0
2025-04-22 00:00:00-04:00,8.149999618530273,8.149999618530273,7.5,7.510000228881836,46000,0.0,0.0
2025-04-23 00:00:00-04:00,8.225000381469727,8.300000190734863,7.369999885559082,7.699999809265137,40400,0.0,0.0
2025-04-24 00:00:00-04:00,7.75,7.804999828338623,7.260000228881836,7.639999866485596,34800,0.0,0.0
2025-04-25 00:00:00-04:00,7.420000076293945,7.7789998054504395,7.320000171661377,7.510000228881836,32400,0.0,0.0
2025-04-28 00:00:00-04:00,7.449999809265137,7.676000118255615,6.800000190734863,6.84499979019165,60500,0.0,0.0
2025-04-29 00:00:00-04:00,6.920000076293945,6.989999771118164,6.599999904632568,6.699999809265137,52000,0.0,0.0
2025-04-30 00:00:00-04:00,6.71999979019165,6.999000072479248,6.199999809265137,6.389999866485596,84900,0.0,0.0
2025-05-01 00:00:00-04:00,6.260000228881836,6.882999897003174,6.25,6.789999961853027,45400,0.0,0.0
2025-05-02 00:00:00-04:00,6.789999961853027,7.235000133514404,6.510000228881836,7.019999980926514,45100,0.0,0.0
2025-05-05 00:00:00-04:00,6.900000095367432,7.150000095367432,6.78000020980835,7.150000095367432,12300,0.0,0.0
2025-05-06 00:00:00-04:00,6.960000038146973,7.440000057220459,6.960000038146973,7.400000095367432,17300,0.0,0.0
2025-05-07 00:00:00-04:00,7.539999961853027,7.539999961853027,6.98199987411499,7.210000038146973,10900,0.0,0.0
2025-05-08 00:00:00-04:00,7.150000095367432,7.300000190734863,6.800000190734863,6.849999904632568,21700,0.0,0.0
2025-05-09 00:00:00-04:00,6.849999904632568,7.099999904632568,6.849999904632568,7.099999904632568,10100,0.0,0.0
2025-05-12 00:00:00-04:00,7.360000133514404,7.599999904632568,7.179999828338623,7.599999904632568,34100,0.0,0.0
2025-05-13 00:00:00-04:00,7.229000091552734,7.590000152587891,7.199999809265137,7.320000171661377,16100,0.0,0.0
2025-05-14 00:00:00-04:00,7.5,7.559999942779541,7.130000114440918,7.159999847412109,14700,0.0,0.0
2025-05-15 00:00:00-04:00,7.25,7.25,6.5980000495910645,6.900000095367432,28600,0.0,0.0
2025-05-16 00:00:00-04:00,6.989999771118164,7.0,6.60099983215332,6.940000057220459,12300,0.0,0.0
2025-05-19 00:00:00-04:00,6.889999866485596,7.170000076293945,6.8480000495910645,7.170000076293945,15200,0.0,0.0
2025-05-20 00:00:00-04:00,7.105000019073486,7.179999828338623,6.949999809265137,6.949999809265137,11100,0.0,0.0
2025-05-21 00:00:00-04:00,7.059999942779541,7.150000095367432,6.849999904632568,6.869999885559082,11400,0.0,0.0
2025-05-22 00:00:00-04:00,6.989999771118164,6.989999771118164,6.710000038146973,6.980000019073486,8000,0.0,0.0
2025-05-23 00:00:00-04:00,6.809999942779541,6.866000175476074,6.5,6.699999809265137,19700,0.0,0.0
2025-05-27 00:00:00-04:00,6.730000019073486,7.0,6.724999904632568,6.880000114440918,26700,0.0,0.0
2025-05-28 00:00:00-04:00,7.0,7.0,6.760000228881836,6.889999866485596,13600,0.0,0.0
2025-05-29 00:00:00-04:00,6.800000190734863,6.949999809265137,6.380000114440918,6.590000152587891,30300,0.0,0.0
2025-05-30 00:00:00-04:00,6.630000114440918,6.630000114440918,6.289999961853027,6.480000019073486,7400,0.0,0.0
2025-06-02 00:00:00-04:00,6.340000152587891,6.65500020980835,6.300000190734863,6.65500020980835,17000,0.0,0.0
2025-06-03 00:00:00-04:00,6.670000076293945,6.800000190734863,6.449999809265137,6.449999809265137,28000,0.0,0.0
2025-06-04 00:00:00-04:00,6.510000228881836,6.789999961853027,6.480999946594238,6.659999847412109,22200,0.0,0.0
2025-06-05 00:00:00-04:00,6.639999866485596,6.869999885559082,6.550000190734863,6.754000186920166,14700,0.0,0.0
2025-06-06 00:00:00-04:00,6.75,7.0,6.519999980926514,6.869999885559082,17800,0.0,0.0
2025-06-09 00:00:00-04:00,6.920000076293945,7.185999870300293,6.920000076293945,7.130000114440918,18500,0.0,0.0
2025-06-10 00:00:00-04:00,7.210000038146973,7.239999771118164,7.0,7.239999771118164,23500,0.0,0.0
2025-06-11 00:00:00-04:00,7.239999771118164,7.860000133514404,7.210000038146973,7.690000057220459,33000,0.0,0.0
2025-06-12 00:00:00-04:00,7.75,7.75,7.300000190734863,7.409999847412109,14700,0.0,0.0
2025-06-13 00:00:00-04:00,7.5,7.599999904632568,7.170000076293945,7.440000057220459,18500,0.0,0.0
2025-06-16 00:00:00-04:00,7.099999904632568,7.599999904632568,7.099999904632568,7.300000190734863,7700,0.0,0.0
2025-06-17 00:00:00-04:00,7.309999942779541,7.599999904632568,7.179999828338623,7.349999904632568,10900,0.0,0.0
2025-06-18 00:00:00-04:00,7.224999904632568,7.383999824523926,7.2210001945495605,7.329999923706055,5400,0.0,0.0
2025-06-20 00:00:00-04:00,7.400000095367432,7.625,7.21999979019165,7.21999979019165,18500,0.0,0.0
2025-06-23 00:00:00-04:00,7.25,7.388999938964844,6.989999771118164,7.110000133514404,10100,0.0,0.0
2025-06-24 00:00:00-04:00,7.119999885559082,7.138000011444092,6.789999961853027,6.800000190734863,13500,0.0,0.0
2025-06-25 00:00:00-04:00,7.291999816894531,7.291999816894531,7.0,7.083000183105469,8300,0.0,0.0
2025-06-26 00:00:00-04:00,7.211999893188477,7.269999980926514,7.0,7.179999828338623,9300,0.0,0.0
2025-06-27 00:00:00-04:00,7.329999923706055,7.389999866485596,7.090000152587891,7.269999980926514,9400,0.0,0.0
2025-06-30 00:00:00-04:00,7.360000133514404,8.1899995803833,7.201000213623047,7.525000095367432,57700,0.0,0.0
2025-07-01 00:00:00-04:00,7.570000171661377,7.730000019073486,7.400000095367432,7.610000133514404,12900,0.0,0.0
2025-07-02 00:00:00-04:00,7.300000190734863,7.684999942779541,7.300000190734863,7.684999942779541,8500,0.0,0.0
2025-07-03 00:00:00-04:00,7.659999847412109,7.659999847412109,7.449999809265137,7.449999809265137,3600,0.0,0.0
2025-07-07 00:00:00-04:00,7.46999979019165,7.960000038146973,7.460000038146973,7.75,12800,0.0,0.0
2025-07-08 00:00:00-04:00,7.769999980926514,7.820000171661377,7.489999771118164,7.610000133514404,9300,0.0,0.0
2025-07-09 00:00:00-04:00,7.730000019073486,7.730000019073486,7.210000038146973,7.320000171661377,10400,0.0,0.0
2025-07-10 00:00:00-04:00,7.534999847412109,7.534999847412109,7.039999961853027,7.388999938964844,18600,0.0,0.0
2025-07-11 00:00:00-04:00,7.26200008392334,7.48199987411499,7.110000133514404,7.199999809265137,9300,0.0,0.0
2025-07-14 00:00:00-04:00,7.099999904632568,7.46999979019165,7.060999870300293,7.329999923706055,14000,0.0,0.0
2025-07-15 00:00:00-04:00,7.070000171661377,7.335000038146973,7.070000171661377,7.335000038146973,8500,0.0,0.0
2025-07-16 00:00:00-04:00,7.199999809265137,7.400000095367432,7.199999809265137,7.39900016784668,8200,0.0,0.0
2025-07-17 00:00:00-04:00,7.480000019073486,7.684999942779541,7.360000133514404,7.409999847412109,16700,0.0,0.0
2025-07-18 00:00:00-04:00,7.420000076293945,7.493000030517578,7.119999885559082,7.119999885559082,11300,0.0,0.0
2025-07-21 00:00:00-04:00,7.139999866485596,7.5,7.139999866485596,7.323999881744385,13900,0.0,0.0
2025-07-22 00:00:00-04:00,7.355000019073486,7.691999912261963,7.159999847412109,7.440000057220459,12100,0.0,0.0
2025-07-23 00:00:00-04:00,7.380000114440918,7.590000152587891,7.320000171661377,7.429999828338623,14800,0.0,0.0
2025-07-24 00:00:00-04:00,7.429999828338623,7.5980000495910645,7.300000190734863,7.329999923706055,5700,0.0,0.0
2025-07-25 00:00:00-04:00,7.288000106811523,7.480000019073486,7.28000020980835,7.474999904632568,5300,0.0,0.0
2025-07-28 00:00:00-04:00,7.400000095367432,7.900000095367432,7.400000095367432,7.840000152587891,24200,0.0,0.0
2025-07-29 00:00:00-04:00,7.949999809265137,7.98799991607666,7.300000190734863,7.703999996185303,16600,0.0,0.0
2025-07-30 00:00:00-04:00,7.4079999923706055,7.510000228881836,7.019999980926514,7.135000228881836,19700,0.0,0.0
2025-07-31 00:00:00-04:00,7.230000019073486,7.329999923706055,6.860000133514404,6.949999809265137,10300,0.0,0.0
2025-08-01 00:00:00-04:00,7.065000057220459,7.065000057220459,6.510000228881836,6.994999885559082,29600,0.0,0.0
2025-08-04 00:00:00-04:00,6.980000019073486,7.131999969482422,6.815999984741211,7.0,12400,0.0,0.0
2025-08-05 00:00:00-04:00,7.260000228881836,7.420000076293945,7.0,7.400000095367432,16000,0.0,0.0
2025-08-06 00:00:00-04:00,7.099999904632568,7.679999828338623,7.010000228881836,7.650000095367432,17800,0.0,0.0
2025-08-07 00:00:00-04:00,7.400000095367432,7.5,7.260000228881836,7.309999942779541,4300,0.0,0.0
2025-08-08 00:00:00-04:00,7.304999828338623,7.650000095367432,7.165999889373779,7.165999889373779,14500,0.0,0.0
2025-08-11 00:00:00-04:00,7.360000133514404,7.409999847412109,7.139999866485596,7.288000106811523,3500,0.0,0.0
2025-08-12 00:00:00-04:00,7.25,7.5,7.050000190734863,7.28000020980835,5900,0.0,0.0
2025-08-13 00:00:00-04:00,7.52400016784668,7.52400016784668,7.059999942779541,7.090000152587891,6700,0.0,0.0
2025-08-14 00:00:00-04:00,7.099999904632568,7.175000190734863,7.0,7.163000106811523,6200,0.0,0.0
2025-08-15 00:00:00-04:00,7.050000190734863,7.489999771118164,7.050000190734863,7.317999839782715,6400,0.0,0.0
2025-08-18 00:00:00-04:00,7.039999961853027,7.455999851226807,7.039999961853027,7.2779998779296875,5700,0.0,0.0
2025-08-19 00:00:00-04:00,7.050000190734863,7.75,6.900000095367432,7.019999980926514,24100,0.0,0.0
2025-08-20 00:00:00-04:00,7.199999809265137,7.465000152587891,7.019999980926514,7.050000190734863,1900,0.0,0.0
2025-08-21 00:00:00-04:00,7.0,7.550000190734863,7.0,7.269999980926514,22500,0.0,0.0
2025-08-22 00:00:00-04:00,7.400000095367432,7.599999904632568,7.300000190734863,7.300000190734863,6400,0.0,0.0
2025-08-25 00:00:00-04:00,7.349999904632568,7.416999816894531,7.199999809265137,7.300000190734863,5000,0.0,0.0
2025-08-26 00:00:00-04:00,7.2870001792907715,7.318999767303467,7.170000076293945,7.208000183105469,7500,0.0,0.0
2025-08-27 00:00:00-04:00,7.296999931335449,7.296999931335449,7.050000190734863,7.050000190734863,3300,0.0,0.0
2025-08-28 00:00:00-04:00,7.051000118255615,7.340000152587891,7.0,7.039999961853027,17500,0.0,0.0
2025-08-29 00:00:00-04:00,7.059999942779541,7.172999858856201,6.815000057220459,7.168000221252441,11000,0.0,0.0
2025-09-02 00:00:00-04:00,6.914999961853027,7.179999828338623,6.914999961853027,7.150000095367432,10200,0.0,0.0
2025-09-03 00:00:00-04:00,7.034999847412109,7.199999809265137,6.929999828338623,7.199999809265137,9800,0.0,0.0
2025-09-04 00:00:00-04:00,7.199999809265137,7.359000205993652,7.019999980926514,7.300000190734863,6800,0.0,0.0
2025-09-05 00:00:00-04:00,7.320000171661377,7.320000171661377,7.0,7.144999980926514,3800,0.0,0.0
2025-09-08 00:00:00-04:00,7.349999904632568,7.349999904632568,7.099999904632568,7.099999904632568,3100,0.0,0.0
2025-09-09 00:00:00-04:00,7.099999904632568,7.099999904632568,7.0,7.099999904632568,6900,0.0,0.0
2025-09-10 00:00:00-04:00,7.139999866485596,7.229000091552734,7.099999904632568,7.110000133514404,3300,0.0,0.0
2025-09-11 00:00:00-04:00,7.298999786376953,7.5,7.163000106811523,7.449999809265137,16800,0.0,0.0
2025-09-12 00:00:00-04:00,7.5,7.728000164031982,7.28000020980835,7.71999979019165,11200,0.0,0.0
2025-09-15 00:00:00-04:00,7.809999942779541,7.809999942779541,7.550000190734863,7.769999980926514,8900,0.0,0.0
2025-09-16 00:00:00-04:00,7.78000020980835,7.840000152587891,7.639999866485596,7.670000076293945,5000,0.0,0.0
2025-09-17 00:00:00-04:00,7.730000019073486,7.739999771118164,7.510000228881836,7.626999855041504,2100,0.0,0.0
2025-09-18 00:00:00-04:00,7.809999942779541,8.399999618530273,7.409999847412109,8.199999809265137,43400,0.0,0.0
2025-09-19 00:00:00-04:00,8.5,9.569999694824219,8.5,9.399999618530273,100600,0.0,0.0
2025-09-22 00:00:00-04:00,9.1899995803833,9.1899995803833,8.022000312805176,8.890000343322754,33400,0.0,0.0
2025-09-23 00:00:00-04:00,8.619999885559082,8.6899995803833,7.909999847412109,8.050000190734863,19200,0.0,0.0
2025-09-24 00:00:00-04:00,8.210000038146973,8.210000038146973,7.559999942779541,7.699999809265137,11900,0.0,0.0
2025-09-25 00:00:00-04:00,8.0,8.1899995803833,7.679999828338623,8.029999732971191,21500,0.0,0.0
2025-09-26 00:00:00-04:00,8.029999732971191,8.109999656677246,7.599999904632568,7.619999885559082,13200,0.0,0.0
2025-09-29 00:00:00-04:00,7.849999904632568,7.849999904632568,7.533999919891357,7.630000114440918,14500,0.0,0.0
2025-09-30 00:00:00-04:00,7.78000020980835,7.78000020980835,7.389999866485596,7.5,9400,0.0,0.0
2025-10-01 00:00:00-04:00,7.690000057220459,7.690000057220459,7.400000095367432,7.570000171661377,5200,0.0,0.0
2025-10-02 00:00:00-04:00,7.250999927520752,7.53000020980835,7.250999927520752,7.480000019073486,7400,0.0,0.0
2025-10-03 00:00:00-04:00,7.46999979019165,7.626999855041504,7.349999904632568,7.349999904632568,13800,0.0,0.0
2025-10-06 00:00:00-04:00,7.739999771118164,7.739999771118164,7.442999839782715,7.650000095367432,24800,0.0,0.0
2025-10-07 00:00:00-04:00,7.699999809265137,8.149999618530273,7.699999809265137,7.894999980926514,53900,0.0,0.0
2025-10-08 00:00:00-04:00,8.140000343322754,9.0,8.0,8.90999984741211,54800,0.0,0.0
2025-10-09 00:00:00-04:00,8.989999771118164,8.989999771118164,8.430000305175781,8.430000305175781,24000,0.0,0.0
2025-10-10 00:00:00-04:00,8.789999961853027,8.795999526977539,7.599999904632568,8.597000122070312,3433900,0.0,0.0
2025-10-13 00:00:00-04:00,10.8149995803833,12.029999732971191,9.460000038146973,9.6899995803833,3838100,0.0,0.0
2025-10-14 00:00:00-04:00,8.899999618530273,9.774999618530273,8.5,8.949999809265137,170200,0.0,0.0
2025-10-15 00:00:00-04:00,8.770000457763672,9.380000114440918,8.180000305175781,9.100000381469727,115300,0.0,0.0
2025-10-16 00:00:00-04:00,9.069999694824219,9.100000381469727,8.529999732971191,8.699999809265137,59900,0.0,0.0
2025-10-17 00:00:00-04:00,8.369999885559082,8.369999885559082,8.0,8.039999961853027,43000,0.0,0.0
2025-10-20 00:00:00-04:00,7.989999771118164,8.319999694824219,7.789999961853027,8.180000305175781,33700,0.0,0.0
2025-10-21 00:00:00-04:00,8.279999732971191,8.279999732971191,7.800000190734863,7.840000152587891,26800,0.0,0.0
2025-10-22 00:00:00-04:00,7.769999980926514,7.769999980926514,7.400000095367432,7.46999979019165,34800,0.0,0.0
2025-10-23 00:00:00-04:00,7.229000091552734,7.692999839782715,7.070000171661377,7.618000030517578,82900,0.0,0.0
2025-10-24 00:00:00-04:00,7.489999771118164,7.75,7.320000171661377,7.550000190734863,42400,0.0,0.0
2025-10-27 00:00:00-04:00,7.5,7.829999923706055,7.5,7.650000095367432,15300,0.0,0.0
2025-10-28 00:00:00-04:00,7.673999786376953,7.889999866485596,7.650000095367432,7.710000038146973,25400,0.0,0.0
2025-10-29 00:00:00-04:00,7.75,8.0,7.699999809265137,7.880000114440918,31600,0.0,0.0
2025-10-30 00:00:00-04:00,7.989999771118164,7.989999771118164,7.730000019073486,7.730000019073486,10600,0.0,0.0
2025-10-31 00:00:00-04:00,7.888000011444092,7.888000011444092,7.730000019073486,7.760000228881836,14700,0.0,0.0
2025-11-03 00:00:00-05:00,7.539999961853027,7.860000133514404,7.539999961853027,7.829999923706055,14200,0.0,0.0
2025-11-04 00:00:00-05:00,7.760000228881836,7.829999923706055,7.429999828338623,7.5,11900,0.0,0.0
2025-11-05 00:00:00-05:00,7.5,7.598999977111816,7.0,7.5,9600,0.0,0.0
2025-11-06 00:00:00-05:00,7.590000152587891,7.590000152587891,7.489999771118164,7.510000228881836,12200,0.0,0.0
2025-11-07 00:00:00-05:00,7.5,7.5,7.199999809265137,7.230000019073486,14700,0.0,0.0
2025-11-10 00:00:00-05:00,7.239999771118164,7.284999847412109,7.230000019073486,7.239999771118164,20600,0.0,0.0
2025-11-11 00:00:00-05:00,7.239999771118164,7.327000141143799,7.139999866485596,7.139999866485596,8200,0.0,0.0
2025-11-12 00:00:00-05:00,7.050000190734863,7.320000171661377,6.639999866485596,6.894999980926514,14900,0.0,0.0
2025-11-13 00:00:00-05:00,6.679999828338623,7.139999866485596,6.150000095367432,6.150000095367432,31900,0.0,0.0
2025-11-14 00:00:00-05:00,6.285999774932861,6.290999889373779,6.050000190734863,6.159999847412109,29500,0.0,0.0
2025-11-17 00:00:00-05:00,6.099999904632568,6.21999979019165,6.010000228881836,6.019999980926514,15700,0.0,0.0
2025-11-18 00:00:00-05:00,5.980000019073486,6.150000095367432,5.909999847412109,6.110000133514404,7200,0.0,0.0
2025-11-19 00:00:00-05:00,6.0,6.205999851226807,5.869999885559082,5.869999885559082,9100,0.0,0.0
2025-11-20 00:00:00-05:00,6.210000038146973,6.248000144958496,6.0,6.119999885559082,11200,0.0,0.0
2025-11-21 00:00:00-05:00,6.130000114440918,6.132999897003174,5.982999801635742,6.063000202178955,2900,0.0,0.0
2025-11-24 00:00:00-05:00,5.960000038146973,6.164999961853027,5.960000038146973,6.164999961853027,2400,0.0,0.0
2025-11-25 00:00:00-05:00,6.079999923706055,6.203999996185303,6.079999923706055,6.150000095367432,4900,0.0,0.0
2025-11-26 00:00:00-05:00,6.090000152587891,6.25600004196167,5.550000190734863,6.199999809265137,11600,0.0,0.0
2025-11-28 00:00:00-05:00,6.300000190734863,6.495999813079834,6.090000152587891,6.260000228881836,6800,0.0,0.0
2025-12-01 00:00:00-05:00,6.380000114440918,6.510000228881836,6.349999904632568,6.5,9900,0.0,0.0
2025-12-02 00:00:00-05:00,7.079999923706055,7.699999809265137,6.809999942779541,7.170000076293945,177200,0.0,0.0
2025-12-03 00:00:00-05:00,6.860000133514404,6.860000133514404,6.340000152587891,6.579999923706055,29800,0.0,0.0
2025-12-04 00:00:00-05:00,7.179999828338623,8.09000015258789,6.900000095367432,6.945000171661377,190000,0.0,0.0
2025-12-05 00:00:00-05:00,6.900000095367432,7.150000095367432,6.050000190734863,6.139999866485596,69300,0.0,0.0
2025-12-08 00:00:00-05:00,6.21999979019165,6.396999835968018,5.849999904632568,5.880000114440918,34700,0.0,0.0
2025-12-09 00:00:00-05:00,5.869999885559082,6.323999881744385,5.710000038146973,6.105000019073486,114400,0.0,0.0
2025-12-10 00:00:00-05:00,6.099999904632568,6.760000228881836,5.900000095367432,6.760000228881836,272700,0.0,0.0
2025-12-11 00:00:00-05:00,6.559999942779541,6.679999828338623,5.929999828338623,6.110000133514404,146400,0.0,0.0
2025-12-12 00:00:00-05:00,6.46999979019165,6.53000020980835,6.150000095367432,6.440000057220459,110400,0.0,0.0
2025-12-15 00:00:00-05:00,6.239999771118164,6.329999923706055,5.75,6.110000133514404,117700,0.0,0.0
2025-12-16 00:00:00-05:00,6.03000020980835,6.203000068664551,6.0,6.039999961853027,20600,0.0,0.0
2025-12-17 00:00:00-05:00,6.070000171661377,6.158999919891357,5.809999942779541,5.900000095367432,57600,0.0,0.0
2025-12-18 00:00:00-05:00,6.0,6.369999885559082,5.900000095367432,6.340000152587891,211900,0.0,0.0
2025-12-19 00:00:00-05:00,6.300000190734863,6.349999904632568,5.909999847412109,6.199999809265137,184800,0.0,0.0
2025-12-22 00:00:00-05:00,6.300000190734863,6.400000095367432,5.96999979019165,6.195000171661377,306300,0.0,0.0
2025-12-23 00:00:00-05:00,6.119999885559082,6.145999908447266,5.900000095367432,5.989999771118164,74300,0.0,0.0
2025-12-24 00:00:00-05:00,5.949999809265137,5.960000038146973,5.801000118255615,5.880000114440918,20100,0.0,0.0
2025-12-26 00:00:00-05:00,5.920000076293945,5.934999942779541,5.019999980926514,5.389999866485596,96300,0.0,0.0
2025-12-29 00:00:00-05:00,5.409999847412109,5.466000080108643,4.800000190734863,4.940000057220459,76900,0.0,0.0
2025-12-30 00:00:00-05:00,4.889999866485596,4.889999866485596,4.320000171661377,4.460000038146973,69900,0.0,0.0
2025-12-31 00:00:00-05:00,4.449999809265137,4.679999828338623,4.420000076293945,4.599999904632568,53600,0.0,0.0
2026-01-02 00:00:00-05:00,4.671999931335449,4.980000019073486,4.599999904632568,4.980000019073486,53500,0.0,0.0
2026-01-05 00:00:00-05:00,5.03000020980835,5.300000190734863,4.949999809265137,5.179999828338623,31000,0.0,0.0
2026-01-06 00:00:00-05:00,5.25,5.389999866485596,5.050000190734863,5.369999885559082,24900,0.0,0.0
2026-01-07 00:00:00-05:00,5.445000171661377,6.010000228881836,5.400000095367432,5.75,89300,0.0,0.0
2026-01-08 00:00:00-05:00,8.164999961853027,9.359999656677246,7.289999961853027,8.170000076293945,43400400,0.0,0.0
2026-01-09 00:00:00-05:00,5.880000114440918,5.960000038146973,4.670000076293945,4.78000020980835,2435900,0.0,0.0
2026-01-12 00:00:00-05:00,4.710000038146973,4.869999885559082,4.440000057220459,4.510000228881836,435600,0.0,0.0
2026-01-13 00:00:00-05:00,4.650000095367432,4.699999809265137,4.052000045776367,4.199999809265137,722900,0.0,0.0
2026-01-14 00:00:00-05:00,4.179999828338623,4.309999942779541,4.0,4.179999828338623,250900,0.0,0.0
2026-01-15 00:00:00-05:00,4.150000095367432,4.239999771118164,3.950000047683716,4.0,252700,0.0,0.0
2026-01-16 00:00:00-05:00,4.0,4.0,3.680000066757202,3.7899999618530273,327000,0.0,0.0
2026-01-20 00:00:00-05:00,3.799999952316284,4.228000164031982,3.75,3.8499999046325684,357200,0.0,0.0
2026-01-21 00:00:00-05:00,3.8299999237060547,4.0,3.809999942779541,3.8499999046325684,96100,0.0,0.0
2026-01-22 00:00:00-05:00,3.859999895095825,3.9700000286102295,3.8499999046325684,3.890000104904175,54500,0.0,0.0
2026-01-23 00:00:00-05:00,3.9000000953674316,3.9000000953674316,3.759999990463257,3.799999952316284,126200,0.0,0.0
2026-01-26 00:00:00-05:00,3.759999990463257,3.865999937057495,3.6700000762939453,3.680000066757202,130400,0.0,0.0
2026-01-27 00:00:00-05:00,3.700000047683716,3.759999990463257,3.609999895095825,3.640000104904175,100400,0.0,0.0
2026-01-28 00:00:00-05:00,3.680000066757202,3.7209999561309814,3.609999895095825,3.680000066757202,112200,0.0,0.0
2026-01-29 00:00:00-05:00,3.700000047683716,3.75,3.549999952316284,3.619999885559082,123600,0.0,0.0
2026-01-30 00:00:00-05:00,3.5799999237060547,3.5999999046325684,3.2750000953674316,3.309999942779541,181900,0.0,0.0
2026-02-02 00:00:00-05:00,3.2799999713897705,3.2799999713897705,2.7300000190734863,2.880000114440918,238500,0.0,0.0
2026-02-03 00:00:00-05:00,2.869999885559082,2.9670000076293945,2.799999952316284,2.819999933242798,195900,0.0,0.0
2026-02-04 00:00:00-05:00,2.8299999237060547,2.8299999237060547,2.5199999809265137,2.700000047683716,259300,0.0,0.0
2026-02-05 00:00:00-05:00,2.700000047683716,2.740000009536743,2.3399999141693115,2.359999895095825,208800,0.0,0.0
2026-02-06 00:00:00-05:00,2.430000066757202,2.815000057220459,2.4100000858306885,2.75,185600,0.0,0.0
2026-02-09 00:00:00-05:00,2.6700000762939453,2.799999952316284,2.5799999237060547,2.759999990463257,50400,0.0,0.0
2026-02-10 00:00:00-05:00,2.7899999618530273,2.8499999046325684,2.7300000190734863,2.7300000190734863,28800,0.0,0.0
2026-02-11 00:00:00-05:00,2.690000057220459,2.799999952316284,2.5999999046325684,2.7100000381469727,55300,0.0,0.0
2026-02-12 00:00:00-05:00,2.680000066757202,2.700000047683716,2.5,2.5899999141693115,32800,0.0,0.0
2026-02-13 00:00:00-05:00,2.5899999141693115,2.690000057220459,2.549999952316284,2.5799999237060547,32400,0.0,0.0
2026-02-17 00:00:00-05:00,2.619999885559082,2.630000114440918,2.4100000858306885,2.5899999141693115,79200,0.0,0.0
2026-02-18 00:00:00-05:00,2.549999952316284,2.5899999141693115,2.490000009536743,2.490000009536743,29900,0.0,0.0
2026-02-19 00:00:00-05:00,2.5399999618530273,2.569999933242798,2.450000047683716,2.559999942779541,39100,0.0,0.0
2026-02-20 00:00:00-05:00,2.549999952316284,2.674999952316284,2.490000009536743,2.5399999618530273,31200,0.0,0.0
2026-02-23 00:00:00-05:00,2.5299999713897705,2.5299999713897705,2.4600000381469727,2.490000009536743,42000,0.0,0.0
2026-02-24 00:00:00-05:00,2.5,2.5799999237060547,2.4600000381469727,2.5199999809265137,42900,0.0,0.0
2026-02-25 00:00:00-05:00,2.5199999809265137,2.7300000190734863,2.509999990463257,2.680000066757202,54000,0.0,0.0
2026-02-26 00:00:00-05:00,2.680000066757202,2.7249999046325684,2.549999952316284,2.680000066757202,63600,0.0,0.0
2026-02-27 00:00:00-05:00,2.680000066757202,2.7699999809265137,2.619999885559082,2.740000009536743,99600,0.0,0.0
2026-03-02 00:00:00-05:00,2.6600000858306885,2.930000066757202,2.6600000858306885,2.859999895095825,111600,0.0,0.0
2026-03-03 00:00:00-05:00,2.799999952316284,2.809999942779541,2.6449999809265137,2.680000066757202,203400,0.0,0.0
2026-03-04 00:00:00-05:00,2.680000066757202,3.0999999046325684,2.630000114440918,3.0999999046325684,120800,0.0,0.0
2026-03-05 00:00:00-05:00,2.9200000762939453,3.059999942779541,2.9200000762939453,3.059999942779541,28500,0.0,0.0
2026-03-06 00:00:00-05:00,2.9800000190734863,3.305000066757202,2.9800000190734863,3.2699999809265137,118500,0.0,0.0
2026-03-09 00:00:00-04:00,3.319999933242798,3.319999933242798,3.1649999618530273,3.259999990463257,23100,0.0,0.0
2026-03-10 00:00:00-04:00,3.2100000381469727,3.5199999809265137,3.2100000381469727,3.2799999713897705,161500,0.0,0.0
2026-03-11 00:00:00-04:00,3.369999885559082,3.5,3.190000057220459,3.440000057220459,94200,0.0,0.0
2026-03-12 00:00:00-04:00,3.450000047683716,3.450000047683716,3.309999942779541,3.3299999237060547,44400,0.0,0.0
2026-03-13 00:00:00-04:00,3.4000000953674316,3.4240000247955322,3.2799999713897705,3.3299999237060547,40500,0.0,0.0
2026-03-16 00:00:00-04:00,3.25,3.319999933242798,3.200000047683716,3.2200000286102295,33900,0.0,0.0
2026-03-17 00:00:00-04:00,3.2200000286102295,3.311000108718872,3.200000047683716,3.240000009536743,25800,0.0,0.0
2026-03-18 00:00:00-04:00,3.25,3.375,3.200000047683716,3.319999933242798,118100,0.0,0.0
2026-03-19 00:00:00-04:00,3.200000047683716,3.305000066757202,3.200000047683716,3.259999990463257,31000,0.0,0.0
2026-03-20 00:00:00-04:00,3.2100000381469727,3.2300000190734863,3.049999952316284,3.200000047683716,79100,0.0,0.0
2026-03-23 00:00:00-04:00,3.2300000190734863,3.240000009536743,3.059999942779541,3.119999885559082,19400,0.0,0.0
2026-03-24 00:00:00-04:00,3.2200000286102295,3.5950000286102295,3.2100000381469727,3.450000047683716,106500,0.0,0.0
2026-03-25 00:00:00-04:00,3.450000047683716,3.450000047683716,3.0299999713897705,3.2300000190734863,45300,0.0,0.0
2026-03-26 00:00:00-04:00,3.200000047683716,3.3299999237060547,3.140000104904175,3.2799999713897705,28600,0.0,0.0
2026-03-27 00:00:00-04:00,3.2100000381469727,3.240000009536743,3.049999952316284,3.059999942779541,26500,0.0,0.0
2026-03-30 00:00:00-04:00,3.0799999237060547,3.1700000762939453,3.0799999237060547,3.0799999237060547,22500,0.0,0.0
2026-03-31 00:00:00-04:00,3.0799999237060547,3.3399999141693115,3.0799999237060547,3.2699999809265137,23600,0.0,0.0
2026-04-01 00:00:00-04:00,3.2300000190734863,3.565999984741211,3.197000026702881,3.4100000858306885,62500,0.0,0.0
2026-04-02 00:00:00-04:00,3.322999954223633,3.609999895095825,3.299999952316284,3.569999933242798,56200,0.0,0.0
2026-04-06 00:00:00-04:00,3.630000114440918,3.630000114440918,3.369999885559082,3.4100000858306885,48500,0.0,0.0
2026-04-07 00:00:00-04:00,3.3399999141693115,3.569999933242798,3.299999952316284,3.559999942779541,31700,0.0,0.0
2026-04-08 00:00:00-04:00,3.690000057220459,3.740000009536743,3.3469998836517334,3.569999933242798,268700,0.0,0.0
2026-04-09 00:00:00-04:00,3.700000047683716,3.940000057220459,3.490000009536743,3.5,485400,0.0,0.0
2026-04-10 00:00:00-04:00,3.509999990463257,3.690000057220459,3.2200000286102295,3.2300000190734863,139200,0.0,0.0
2026-04-13 00:00:00-04:00,3.200000047683716,3.240000009536743,2.9700000286102295,3.2100000381469727,108400,0.0,0.0
2026-04-14 00:00:00-04:00,3.2100000381469727,3.4200000762939453,3.0399999618530273,3.1700000762939453,83700,0.0,0.0
2026-04-15 00:00:00-04:00,3.0999999046325684,3.2699999809265137,3.059999942779541,3.200000047683716,39400,0.0,0.0
2026-04-16 00:00:00-04:00,3.2249999046325684,3.319999933242798,3.059999942779541,3.319999933242798,233000,0.0,0.0
2026-04-17 00:00:00-04:00,3.3299999237060547,3.430000066757202,3.2009999752044678,3.390000104904175,69000,0.0,0.0
2026-04-20 00:00:00-04:00,3.4000000953674316,3.559999942779541,3.2850000858306885,3.549999952316284,59300,0.0,0.0
2026-04-21 00:00:00-04:00,3.5,3.549999952316284,3.380000114440918,3.5299999713897705,66700,0.0,0.0
2026-04-22 00:00:00-04:00,3.7200000286102295,3.9200000762939453,3.559999942779541,3.7300000190734863,888900,0.0,0.0
2026-04-23 00:00:00-04:00,3.6600000858306885,3.7300000190734863,3.2300000190734863,3.259999990463257,353600,0.0,0.0
2026-04-24 00:00:00-04:00,3.3399999141693115,3.3499999046325684,3.259999990463257,3.299999952316284,103100,0.0,0.0
2026-04-27 00:00:00-04:00,3.2899999618530273,3.4100000858306885,3.2049999237060547,3.369999885559082,57800,0.0,0.0
2026-04-28 00:00:00-04:00,3.2799999713897705,3.4200000762939453,3.240000009536743,3.369999885559082,35500,0.0,0.0
2026-04-29 00:00:00-04:00,3.369999885559082,3.369999885559082,3.25,3.259999990463257,36800,0.0,0.0
2026-04-30 00:00:00-04:00,3.299999952316284,3.450000047683716,3.240000009536743,3.319999933242798,62500,0.0,0.0
2026-05-01 00:00:00-04:00,3.359999895095825,3.434999942779541,3.299999952316284,3.4200000762939453,59200,0.0,0.0
2026-05-04 00:00:00-04:00,3.4200000762939453,3.4600000381469727,3.2750000953674316,3.309999942779541,59100,0.0,0.0
2026-05-05 00:00:00-04:00,3.2699999809265137,3.299999952316284,3.200000047683716,3.200000047683716,68300,0.0,0.0
2026-05-06 00:00:00-04:00,3.2100000381469727,3.3499999046325684,3.200000047683716,3.2799999713897705,32400,0.0,0.0
2026-05-07 00:00:00-04:00,3.309999942779541,3.309999942779541,3.1449999809265137,3.1600000858306885,45900,0.0,0.0
2026-05-08 00:00:00-04:00,3.25,3.25,3.130000114440918,3.184999942779541,30000,0.0,0.0
2026-05-11 00:00:00-04:00,3.2100000381469727,3.23799991607666,3.069999933242798,3.0999999046325684,59200,0.0,0.0
2026-05-12 00:00:00-04:00,3.1600000858306885,3.190000057220459,3.0299999713897705,3.1500000953674316,81100,0.0,0.0
2026-05-13 00:00:00-04:00,3.1700000762939453,3.3399999141693115,3.121999979019165,3.2799999713897705,50800,0.0,0.0
2026-05-14 00:00:00-04:00,3.319999933242798,3.319999933242798,3.200000047683716,3.2200000286102295,33700,0.0,0.0
2026-05-15 00:00:00-04:00,3.109999895095825,3.2039999961853027,3.109999895095825,3.1600000858306885,32100,0.0,0.0
2026-05-18 00:00:00-04:00,3.200000047683716,3.25,3.1500000953674316,3.200000047683716,16700,0.0,0.0
2026-05-19 00:00:00-04:00,3.2200000286102295,3.2200000286102295,3.1500000953674316,3.200000047683716,9000,0.0,0.0
2026-05-20 00:00:00-04:00,3.184999942779541,3.2850000858306885,3.184999942779541,3.190000057220459,23000,0.0,0.0
2026-05-21 00:00:00-04:00,3.180000066757202,3.2799999713897705,3.180000066757202,3.259999990463257,15900,0.0,0.0
2026-05-22 00:00:00-04:00,3.190000057220459,3.309000015258789,3.1700000762939453,3.2100000381469727,25100,0.0,0.0
2026-05-26 00:00:00-04:00,3.200000047683716,3.299999952316284,3.134999990463257,3.1600000858306885,63800,0.0,0.0
2026-05-27 00:00:00-04:00,3.299999952316284,3.299999952316284,3.109999895095825,3.119999885559082,20100,0.0,0.0
2026-05-28 00:00:00-04:00,3.194999933242798,3.4800000190734863,2.880000114440918,3.1500000953674316,825500,0.0,0.0
2026-05-29 00:00:00-04:00,3.240000009536743,3.359999895095825,3.200000047683716,3.2799999713897705,133700,0.0,0.0
2026-06-01 00:00:00-04:00,3.359999895095825,3.390000104904175,3.2799999713897705,3.369999885559082,74700,0.0,0.0
2026-06-02 00:00:00-04:00,3.369999885559082,3.5,3.319999933242798,3.5,63600,0.0,0.0
2026-06-03 00:00:00-04:00,3.430000066757202,3.490000009536743,3.380000114440918,3.490000009536743,55500,0.0,0.0
2026-06-04 00:00:00-04:00,3.490000009536743,3.611999988555908,3.4749999046325684,3.5299999713897705,47700,0.0,0.0
2026-06-05 00:00:00-04:00,3.490000009536743,3.5899999141693115,3.4200000762939453,3.569999933242798,74700,0.0,0.0
2026-06-08 00:00:00-04:00,3.509999990463257,3.5399999618530273,3.3299999237060547,3.359999895095825,28500,0.0,0.0
2026-06-09 00:00:00-04:00,3.2699999809265137,3.430000066757202,3.200000047683716,3.259999990463257,83700,0.0,0.0
2026-06-10 00:00:00-04:00,3.2699999809265137,3.299999952316284,3.109999895095825,3.1649999618530273,21000,0.0,0.0
2026-06-11 00:00:00-04:00,3.1500000953674316,3.25,3.138000011444092,3.2100000381469727,16500,0.0,0.0
2026-06-12 00:00:00-04:00,3.1730000972747803,3.299999952316284,3.119999885559082,3.119999885559082,25200,0.0,0.0
2026-06-15 00:00:00-04:00,3.200000047683716,3.2300000190734863,2.930000066757202,3.0299999713897705,58300,0.0,0.0
2026-06-16 00:00:00-04:00,2.9800000190734863,2.9800000190734863,2.880000114440918,2.940000057220459,22200,0.0,0.0
2026-06-17 00:00:00-04:00,3.4000000953674316,3.490000009536743,3.0999999046325684,3.109999895095825,341200,0.0,0.0
2026-06-18 00:00:00-04:00,3.2100000381469727,3.244999885559082,3.0899999141693115,3.119999885559082,227800,0.0,0.0
2026-06-22 00:00:00-04:00,3.2200000286102295,3.2249999046325684,2.9600000381469727,3.0399999618530273,103500,0.0,0.0
2026-06-23 00:00:00-04:00,2.9700000286102295,3.049999952316284,2.819999933242798,2.890000104904175,57900,0.0,0.0
2026-06-24 00:00:00-04:00,2.890000104904175,2.9200000762939453,2.7239999771118164,2.740000009536743,151500,0.0,0.0
2026-06-25 00:00:00-04:00,2.7200000286102295,2.7799999713897705,2.619999885559082,2.7100000381469727,83800,0.0,0.0
2026-06-26 00:00:00-04:00,2.6600000858306885,2.859999895095825,2.640000104904175,2.8499999046325684,40800,0.0,0.0
2026-06-29 00:00:00-04:00,2.890000104904175,2.9000000953674316,2.6500000953674316,2.890000104904175,33900,0.0,0.0
2026-06-30 00:00:00-04:00,2.869999885559082,2.930000066757202,2.8399999141693115,2.880000114440918,34500,0.0,0.0
2026-07-01 00:00:00-04:00,2.880000114440918,3.049999952316284,2.880000114440918,3.0199999809265137,27300,0.0,0.0
2026-07-02 00:00:00-04:00,3.0450000762939453,3.109999895095825,3.0199999809265137,3.0899999141693115,21300,0.0,0.0
2026-07-06 00:00:00-04:00,3.119999885559082,3.140000104904175,3.0299999713897705,3.069999933242798,20300,0.0,0.0
2026-07-07 00:00:00-04:00,3.0899999141693115,3.1700000762939453,2.9000000953674316,2.990000009536743,55700,0.0,0.0
2026-07-08 00:00:00-04:00,3.009999990463257,3.0439999103546143,2.9000000953674316,2.950000047683716,31100,0.0,0.0
2026-07-09 00:00:00-04:00,2.940000057220459,3.0399999618530273,2.8399999141693115,2.9100000858306885,43300,0.0,0.0
2026-07-10 00:00:00-04:00,2.9100000858306885,2.9100000858306885,2.809999942779541,2.8440001010894775,19900,0.0,0.0
2026-07-13 00:00:00-04:00,2.809999942779541,2.880000114440918,2.630000114440918,2.690000057220459,61000,0.0,0.0
2026-07-14 00:00:00-04:00,2.700000047683716,2.805000066757202,2.640000104904175,2.6700000762939453,36300,0.0,0.0
2026-07-15 00:00:00-04:00,2.680000066757202,2.690000057220459,2.609999895095825,2.6600000858306885,24900,0.0,0.0
2026-07-16 00:00:00-04:00,2.6010000705718994,2.6700000762939453,2.5899999141693115,2.640000104904175,34200,0.0,0.0
2026-07-17 00:00:00-04:00,2.609999895095825,2.619999885559082,2.5209999084472656,2.5799999237060547,27100,0.0,0.0
2026-07-20 00:00:00-04:00,2.5399999618530273,2.630000114440918,2.500999927520752,2.630000114440918,19600,0.0,0.0
2026-07-21 00:00:00-04:00,2.5510001182556152,2.5999999046325684,2.5,2.5399999618530273,40500,0.0,0.0
2026-07-22 00:00:00-04:00,2.5199999809265137,2.5799999237060547,2.4600000381469727,2.549999952316284,54900,0.0,0.0
2026-07-23 00:00:00-04:00,2.609999895095825,2.6489999294281006,2.3499999046325684,2.450000047683716,42200,0.0,0.0
2026-07-24 00:00:00-04:00,2.4600000381469727,2.509999990463257,2.3949999809265137,2.4200000762939453,22100,0.0,0.0
2026-07-27 00:00:00-04:00,2.4110000133514404,2.440000057220459,2.134999990463257,2.2200000286102295,57200,0.0,0.0
2026-07-28 00:00:00-04:00,2.25,2.25,2.069999933242798,2.130000114440918,56400,0.0,0.0
2026-07-29 00:00:00-04:00,2.1530001163482666,2.1530001163482666,2.0,2.015000104904175,79400,0.0,0.0
2026-07-30 00:00:00-04:00,2.0999999046325684,2.0999999046325684,1.9500000476837158,2.0199999809265137,78200,0.0,0.0
2026-07-31 00:00:00-04:00,2.0199999809265137,2.2730000019073486,1.9900000095367432,2.25,50800,0.0,0.0
2026-08-03 00:00:00-04:00,2.3499999046325684,2.4800000190734863,2.2699999809265137,2.359999895095825,57800,0.0,0.0
2026-08-04 00:00:00-04:00,2.390000104904175,2.450000047683716,2.2799999713897705,2.380000114440918,38500,0.0,0.0
2026-08-05 00:00:00-04:00,2.4600000381469727,2.4600000381469727,2.2799999713897705,2.359999895095825,23300,0.0,0.0
2026-08-06 00:00:00-04:00,2.3399999141693115,2.5,2.299999952316284,2.3499999046325684,44100,0.0,0.0
2026-08-07 00:00:00-04:00,2.319999933242798,2.359999895095825,2.2300000190734863,2.2899999618530273,58200,0.0,0.0
2026-08-10 00:00:00-04:00,2.2799999713897705,2.4000000953674316,2.2699999809265137,2.359999895095825,43500,0.0,0.0
2026-08-11 00:00:00-04:00,2.3299999237060547,2.3698999881744385,2.2799999713897705,2.2799999713897705,34284,0.0,0.0
