Date,Open,High,Low,Close,Volume,Dividends,Stock Splits
2022-01-03 00:00:00-05:00,93.44999694824219,94.2300033569336,92.22000122070312,93.70999908447266,71300,0.0,0.0
2022-01-04 00:00:00-05:00,93.98999786376953,95.0,93.8499984741211,94.4000015258789,56100,0.0,0.0
2022-01-05 00:00:00-05:00,94.51000213623047,95.62999725341797,94.02999877929688,94.12000274658203,61600,0.0,0.0
2022-01-06 00:00:00-05:00,94.12000274658203,94.66999816894531,93.6500015258789,93.66000366210938,52100,0.0,0.0
2022-01-07 00:00:00-05:00,93.19999694824219,93.77999877929688,90.87999725341797,91.25,109000,0.0,0.0
2022-01-10 00:00:00-05:00,91.13999938964844,92.12000274658203,90.98999786376953,91.4800033569336,79900,0.0,0.0
2022-01-11 00:00:00-05:00,91.63999938964844,91.63999938964844,89.5,90.69999694824219,88600,0.0,0.0
2022-01-12 00:00:00-05:00,91.08000183105469,91.56999969482422,89.0,89.19999694824219,73300,0.0,0.0
2022-01-13 00:00:00-05:00,89.58000183105469,89.94999694824219,88.48999786376953,88.80000305175781,37600,0.0,0.0
2022-01-14 00:00:00-05:00,88.75,90.05999755859375,88.75,89.66999816894531,84600,0.0,0.0
2022-01-18 00:00:00-05:00,89.9800033569336,89.9800033569336,87.69999694824219,88.16000366210938,80800,0.0,0.0
2022-01-19 00:00:00-05:00,88.44999694824219,89.12000274658203,87.62000274658203,87.66999816894531,95700,0.0,0.0
2022-01-20 00:00:00-05:00,88.11000061035156,88.56999969482422,86.16000366210938,86.51000213623047,136700,0.0,0.0
2022-01-21 00:00:00-05:00,86.1500015258789,88.13999938964844,86.1500015258789,86.58999633789062,99200,0.0,0.0
2022-01-24 00:00:00-05:00,85.93000030517578,88.22000122070312,85.02999877929688,88.0199966430664,122700,0.0,0.0
2022-01-25 00:00:00-05:00,87.58000183105469,87.58000183105469,83.68000030517578,85.26000213623047,144100,0.0,0.0
2022-01-26 00:00:00-05:00,85.45999908447266,87.33999633789062,83.2300033569336,83.6500015258789,163300,0.0,0.0
2022-01-27 00:00:00-05:00,83.58999633789062,85.87000274658203,79.72000122070312,81.83999633789062,170300,0.0,0.0
2022-01-28 00:00:00-05:00,82.41999816894531,84.01000213623047,81.23999786376953,81.91000366210938,130600,0.0,0.0
2022-01-31 00:00:00-05:00,81.37000274658203,83.19999694824219,81.29000091552734,82.94000244140625,121900,0.0,0.0
2022-02-01 00:00:00-05:00,82.26000213623047,83.38999938964844,81.01000213623047,83.12000274658203,117400,0.0,0.0
2022-02-02 00:00:00-05:00,82.87999725341797,82.87999725341797,81.93000030517578,82.55000305175781,166400,0.0,0.0
2022-02-03 00:00:00-05:00,82.4000015258789,82.93000030517578,80.05000305175781,80.0999984741211,108100,0.0,0.0
2022-02-04 00:00:00-05:00,80.0,80.44000244140625,78.62999725341797,79.02999877929688,166200,0.0,0.0
2022-02-07 00:00:00-05:00,79.0199966430664,80.4000015258789,78.66999816894531,79.63999938964844,149900,0.0,0.0
2022-02-08 00:00:00-05:00,79.54000091552734,82.23999786376953,79.02999877929688,82.05000305175781,132600,0.0,0.0
2022-02-09 00:00:00-05:00,82.3499984741211,83.36000061035156,82.1500015258789,83.06999969482422,120700,0.0,0.0
2022-02-10 00:00:00-05:00,82.05999755859375,83.04000091552734,80.7699966430664,80.94000244140625,122300,0.0,0.0
2022-02-11 00:00:00-05:00,80.8499984741211,81.4800033569336,79.5,80.08000183105469,137200,0.0,0.0
2022-02-14 00:00:00-05:00,80.18000030517578,81.19000244140625,79.47000122070312,80.2699966430664,121000,0.0,0.0
2022-02-15 00:00:00-05:00,80.70999908447266,82.08000183105469,80.70999908447266,81.94999694824219,110800,0.0,0.0
2022-02-16 00:00:00-05:00,82.30000305175781,82.30000305175781,80.0,81.05000305175781,141700,0.0,0.0
2022-02-17 00:00:00-05:00,80.23999786376953,80.69999694824219,79.30999755859375,80.36000061035156,96100,0.0,0.0
2022-02-18 00:00:00-05:00,80.08000183105469,80.98999786376953,80.08000183105469,80.73999786376953,149100,0.0,0.0
2022-02-22 00:00:00-05:00,80.55999755859375,81.0199966430664,79.55999755859375,80.37000274658203,114900,0.0,0.0
2022-02-23 00:00:00-05:00,80.58000183105469,80.58000183105469,78.08000183105469,78.23999786376953,88100,0.0,0.0
2022-02-24 00:00:00-05:00,77.04000091552734,79.80000305175781,76.3499984741211,79.62999725341797,130300,0.0,0.0
2022-02-25 00:00:00-05:00,79.6500015258789,80.70999908447266,79.36000061035156,80.37000274658203,76800,0.0,0.0
2022-02-28 00:00:00-05:00,79.93000030517578,80.86000061035156,79.79000091552734,80.66999816894531,84300,0.0,0.0
2022-03-01 00:00:00-05:00,80.37999725341797,81.01000213623047,78.63999938964844,79.66999816894531,132100,0.0,0.0
2022-03-02 00:00:00-05:00,79.73999786376953,81.37000274658203,79.30999755859375,81.2300033569336,80200,0.0,0.0
2022-03-03 00:00:00-05:00,81.4000015258789,81.55999755859375,80.83999633789062,81.48999786376953,101000,0.0,0.0
2022-03-04 00:00:00-05:00,80.88999938964844,82.08000183105469,80.87000274658203,81.73999786376953,85200,0.0,0.0
2022-03-07 00:00:00-05:00,81.94999694824219,83.3499984741211,81.23999786376953,82.18000030517578,127700,0.0,0.0
2022-03-08 00:00:00-05:00,82.83000183105469,83.37000274658203,79.95999908447266,80.06999969482422,134100,0.0,0.0
2022-03-09 00:00:00-05:00,81.13999938964844,81.83999633789062,79.11000061035156,80.5,128300,0.0,0.0
2022-03-10 00:00:00-05:00,79.68000030517578,80.43000030517578,78.7699966430664,80.41999816894531,109100,0.0,0.0
2022-03-11 00:00:00-05:00,80.62000274658203,80.9800033569336,79.83000183105469,80.33999633789062,78600,0.0,0.0
2022-03-14 00:00:00-04:00,80.94000244140625,81.56999969482422,80.16999816894531,80.91000366210938,108700,0.0,0.0
2022-03-15 00:00:00-04:00,81.37999725341797,83.56999969482422,81.37999725341797,83.48999786376953,128500,0.0,0.0
2022-03-16 00:00:00-04:00,83.75,84.41000366210938,82.1500015258789,82.91999816894531,104100,0.0,0.0
2022-03-17 00:00:00-04:00,82.95999908447266,84.44999694824219,82.95999908447266,84.02999877929688,72600,0.0,0.0
2022-03-18 00:00:00-04:00,83.5999984741211,85.23999786376953,83.22000122070312,85.23999786376953,208400,0.0,0.0
2022-03-21 00:00:00-04:00,85.31999969482422,86.20999908447266,84.66999816894531,85.33000183105469,101500,0.0,0.0
2022-03-22 00:00:00-04:00,85.33999633789062,86.68000030517578,85.33999633789062,86.30000305175781,98800,0.0,0.0
2022-03-23 00:00:00-04:00,85.91999816894531,86.30000305175781,83.81999969482422,83.97000122070312,69300,0.0,0.0
2022-03-24 00:00:00-04:00,84.20999908447266,84.45999908447266,83.11000061035156,83.30999755859375,89200,0.0,0.0
2022-03-25 00:00:00-04:00,83.41000366210938,84.38999938964844,83.26000213623047,84.31999969482422,52500,0.0,0.0
2022-03-28 00:00:00-04:00,84.0,84.36000061035156,83.0,83.31999969482422,56800,0.0,0.0
2022-03-29 00:00:00-04:00,84.31999969482422,86.44999694824219,83.81999969482422,86.08999633789062,120200,0.0,0.0
2022-03-30 00:00:00-04:00,85.94000244140625,86.62999725341797,85.4000015258789,85.55000305175781,53400,0.0,0.0
2022-03-31 00:00:00-04:00,85.2699966430664,85.9000015258789,84.6500015258789,85.12000274658203,90800,0.0,0.0
2022-04-01 00:00:00-04:00,85.45999908447266,86.44999694824219,83.83999633789062,85.20999908447266,116200,0.0,0.0
2022-04-04 00:00:00-04:00,85.16000366210938,85.22000122070312,83.54000091552734,83.79000091552734,87000,0.0,0.0
2022-04-05 00:00:00-04:00,83.93000030517578,84.12999725341797,81.48999786376953,81.66000366210938,96300,0.0,0.0
2022-04-06 00:00:00-04:00,81.55000305175781,82.31999969482422,80.86000061035156,81.55000305175781,64300,0.0,0.0
2022-04-07 00:00:00-04:00,81.55000305175781,82.4000015258789,81.08999633789062,82.01000213623047,59300,0.0,0.0
2022-04-08 00:00:00-04:00,82.06999969482422,82.2699966430664,80.43000030517578,80.63999938964844,57800,0.0,0.0
2022-04-11 00:00:00-04:00,80.72000122070312,81.41000366210938,79.93000030517578,80.58000183105469,69200,0.0,0.0
2022-04-12 00:00:00-04:00,81.13999938964844,82.58999633789062,80.69999694824219,81.08000183105469,58300,0.0,0.0
2022-04-13 00:00:00-04:00,80.87999725341797,81.94999694824219,80.87999725341797,81.26000213623047,58200,0.0,0.0
2022-04-14 00:00:00-04:00,81.5199966430664,81.69000244140625,80.33000183105469,80.77999877929688,55400,0.0,0.0
2022-04-18 00:00:00-04:00,80.56999969482422,81.08999633789062,79.5,79.9800033569336,55500,0.0,0.0
2022-04-19 00:00:00-04:00,79.97000122070312,81.5199966430664,79.97000122070312,80.77999877929688,49200,0.0,0.0
2022-04-20 00:00:00-04:00,81.38999938964844,82.5,81.23999786376953,81.30999755859375,34000,0.0,0.0
2022-04-21 00:00:00-04:00,82.05999755859375,82.9800033569336,81.0199966430664,81.13999938964844,53900,0.0,0.0
2022-04-22 00:00:00-04:00,81.13999938964844,81.47000122070312,79.48999786376953,79.48999786376953,42700,0.0,0.0
2022-04-25 00:00:00-04:00,79.2699966430664,80.51000213623047,78.36000061035156,79.52999877929688,91900,0.0,0.0
2022-04-26 00:00:00-04:00,78.98999786376953,79.76000213623047,77.44000244140625,77.55000305175781,67600,0.0,0.0
2022-04-27 00:00:00-04:00,77.01000213623047,78.18000030517578,76.55000305175781,77.38999938964844,112700,0.0,0.0
2022-04-28 00:00:00-04:00,78.0999984741211,79.01000213623047,76.08999633789062,76.87999725341797,88900,0.0,0.0
2022-04-29 00:00:00-04:00,78.4800033569336,81.12000274658203,78.41000366210938,79.0999984741211,125300,0.0,0.0
2022-05-02 00:00:00-04:00,78.86000061035156,79.58000183105469,77.29000091552734,78.29000091552734,111500,0.0,0.0
2022-05-03 00:00:00-04:00,78.0999984741211,79.30999755859375,77.0199966430664,78.62000274658203,87200,0.0,0.0
2022-05-04 00:00:00-04:00,79.08000183105469,81.47000122070312,78.81999969482422,81.18000030517578,108700,0.0,0.0
2022-05-05 00:00:00-04:00,80.91999816894531,81.05999755859375,78.56999969482422,79.33999633789062,88500,0.0,0.0
2022-05-06 00:00:00-04:00,79.08000183105469,80.79000091552734,78.01000213623047,80.76000213623047,93200,0.0,0.0
2022-05-09 00:00:00-04:00,80.13999938964844,80.80999755859375,79.04000091552734,79.2699966430664,121400,0.0,0.0
2022-05-10 00:00:00-04:00,79.63999938964844,80.45999908447266,77.41000366210938,78.44999694824219,114500,0.0,0.0
2022-05-11 00:00:00-04:00,78.45999908447266,80.19000244140625,78.05999755859375,78.55000305175781,84000,0.0,0.0
2022-05-12 00:00:00-04:00,77.83000183105469,80.0,77.12999725341797,79.87999725341797,89300,0.0,0.0
2022-05-13 00:00:00-04:00,80.19999694824219,81.43000030517578,80.04000091552734,81.20999908447266,111900,0.0,0.0
2022-05-16 00:00:00-04:00,81.20999908447266,82.66000366210938,81.12000274658203,81.5999984741211,102200,0.0,0.0
2022-05-17 00:00:00-04:00,82.38999938964844,83.87000274658203,81.73999786376953,83.86000061035156,50800,0.0,0.0
2022-05-18 00:00:00-04:00,83.05000305175781,83.76000213623047,82.1500015258789,82.58999633789062,96600,0.0,0.0
2022-05-19 00:00:00-04:00,82.02999877929688,82.02999877929688,80.41999816894531,80.94000244140625,82200,0.0,0.0
2022-05-20 00:00:00-04:00,81.25,81.25,79.55999755859375,80.30000305175781,162900,0.0,0.0
2022-05-23 00:00:00-04:00,80.9000015258789,82.5999984741211,80.36000061035156,82.5999984741211,118800,0.0,0.0
2022-05-24 00:00:00-04:00,82.69999694824219,82.80000305175781,79.7699966430664,82.16000366210938,108700,0.0,0.0
2022-05-25 00:00:00-04:00,81.72000122070312,82.44999694824219,80.87999725341797,81.43000030517578,62900,0.0,0.0
2022-05-26 00:00:00-04:00,81.9000015258789,83.95999908447266,81.9000015258789,82.8499984741211,67500,0.0,0.0
2022-05-27 00:00:00-04:00,83.18000030517578,84.5199966430664,82.33000183105469,84.5199966430664,63900,0.0,0.0
2022-05-31 00:00:00-04:00,84.37999725341797,84.45999908447266,82.80999755859375,83.91999816894531,112400,0.0,0.0
2022-06-01 00:00:00-04:00,84.02999877929688,84.2699966430664,82.5,83.37000274658203,102400,0.0,0.0
2022-06-02 00:00:00-04:00,83.52999877929688,85.11000061035156,83.5199966430664,85.04000091552734,102000,0.0,0.0
2022-06-03 00:00:00-04:00,84.37999725341797,84.94000244140625,83.77999877929688,84.52999877929688,105300,0.0,0.0
2022-06-06 00:00:00-04:00,84.80999755859375,86.18000030517578,84.29000091552734,85.9800033569336,107600,0.0,0.0
2022-06-07 00:00:00-04:00,85.29000091552734,86.98999786376953,85.29000091552734,86.7300033569336,78700,0.0,0.0
2022-06-08 00:00:00-04:00,86.20999908447266,87.27999877929688,85.97000122070312,86.23999786376953,80900,0.0,0.0
2022-06-09 00:00:00-04:00,86.81999969482422,86.81999969482422,85.6500015258789,85.73999786376953,69400,0.0,0.0
2022-06-10 00:00:00-04:00,84.69000244140625,86.4800033569336,84.48999786376953,85.98999786376953,75300,0.0,0.0
2022-06-13 00:00:00-04:00,84.80999755859375,85.83999633789062,84.0999984741211,84.97000122070312,148400,0.0,0.0
2022-06-14 00:00:00-04:00,84.9000015258789,85.02999877929688,82.06999969482422,82.37000274658203,131200,0.0,0.0
2022-06-15 00:00:00-04:00,83.12999725341797,84.69999694824219,82.55999755859375,84.26000213623047,166500,0.0,0.0
2022-06-16 00:00:00-04:00,83.33000183105469,84.08000183105469,80.80000305175781,81.06999969482422,182200,0.0,0.0
2022-06-17 00:00:00-04:00,82.0199966430664,83.3499984741211,80.31999969482422,80.83999633789062,334500,0.0,0.0
2022-06-21 00:00:00-04:00,81.80000305175781,82.8499984741211,80.83000183105469,82.23999786376953,97400,0.0,0.0
2022-06-22 00:00:00-04:00,81.79000091552734,84.11000061035156,81.68000030517578,83.77999877929688,121000,0.0,0.0
2022-06-23 00:00:00-04:00,84.27999877929688,86.16999816894531,82.55999755859375,83.5199966430664,62900,0.0,0.0
2022-06-24 00:00:00-04:00,83.52999877929688,85.27999877929688,83.41999816894531,84.9000015258789,162600,0.0,0.0
2022-06-27 00:00:00-04:00,85.27999877929688,86.3499984741211,84.98999786376953,86.3499984741211,60800,0.0,0.0
2022-06-28 00:00:00-04:00,86.61000061035156,87.37999725341797,85.12999725341797,85.23999786376953,56400,0.0,0.0
2022-06-29 00:00:00-04:00,85.2300033569336,85.25,84.26000213623047,84.9800033569336,73300,0.0,0.0
2022-06-30 00:00:00-04:00,84.43000030517578,86.3499984741211,84.20999908447266,85.44000244140625,94400,0.0,0.0
2022-07-01 00:00:00-04:00,85.30000305175781,86.5,84.29000091552734,86.48999786376953,84200,0.0,0.0
2022-07-05 00:00:00-04:00,85.55000305175781,86.77999877929688,84.30999755859375,86.68000030517578,97600,0.0,0.0
2022-07-06 00:00:00-04:00,86.61000061035156,87.70999908447266,85.5999984741211,86.87999725341797,85300,0.0,0.0
2022-07-07 00:00:00-04:00,87.12999725341797,88.0,86.48999786376953,87.4800033569336,70400,0.0,0.0
2022-07-08 00:00:00-04:00,87.44999694824219,88.12000274658203,86.9800033569336,87.94000244140625,85600,0.0,0.0
2022-07-11 00:00:00-04:00,87.77999877929688,89.26000213623047,87.30000305175781,88.63999938964844,146500,0.0,0.0
2022-07-12 00:00:00-04:00,88.16000366210938,89.80999755859375,87.19999694824219,87.22000122070312,93400,0.0,0.0
2022-07-13 00:00:00-04:00,86.27999877929688,88.66999816894531,86.27999877929688,87.7699966430664,75700,0.0,0.0
2022-07-14 00:00:00-04:00,87.11000061035156,87.73999786376953,86.01000213623047,87.73999786376953,51000,0.0,0.0
2022-07-15 00:00:00-04:00,88.37000274658203,89.37999725341797,87.80000305175781,89.12999725341797,61100,0.0,0.0
2022-07-18 00:00:00-04:00,89.44999694824219,90.58000183105469,88.05999755859375,88.26000213623047,59100,0.0,0.0
2022-07-19 00:00:00-04:00,88.91999816894531,91.2300033569336,88.91999816894531,90.94000244140625,69400,0.0,0.0
2022-07-20 00:00:00-04:00,90.7300033569336,92.2699966430664,90.7300033569336,92.19999694824219,58300,0.0,0.0
2022-07-21 00:00:00-04:00,91.69999694824219,93.6500015258789,91.69999694824219,93.58000183105469,54600,0.0,0.0
2022-07-22 00:00:00-04:00,93.47000122070312,93.94000244140625,92.36000061035156,93.12999725341797,71900,0.0,0.0
2022-07-25 00:00:00-04:00,93.4800033569336,93.4800033569336,91.6500015258789,92.04000091552734,80300,0.0,0.0
2022-07-26 00:00:00-04:00,92.18000030517578,92.38999938964844,91.04000091552734,92.31999969482422,81800,0.0,0.0
2022-07-27 00:00:00-04:00,92.87000274658203,93.80999755859375,92.5199966430664,93.76000213623047,87100,0.0,0.0
2022-07-28 00:00:00-04:00,93.88999938964844,95.62999725341797,93.55999755859375,95.41000366210938,63900,0.0,0.0
2022-07-29 00:00:00-04:00,95.4000015258789,96.88999938964844,95.19999694824219,96.66999816894531,62800,0.0,0.0
2022-08-01 00:00:00-04:00,96.2300033569336,97.02999877929688,95.7699966430664,96.44000244140625,73400,0.0,0.0
2022-08-02 00:00:00-04:00,96.06999969482422,96.76000213623047,95.25,95.41999816894531,76300,0.0,0.0
2022-08-03 00:00:00-04:00,95.70999908447266,96.44000244140625,94.48999786376953,95.75,75200,0.0,0.0
2022-08-04 00:00:00-04:00,95.48999786376953,96.33000183105469,94.62000274658203,95.13999938964844,80300,0.0,0.0
2022-08-05 00:00:00-04:00,94.80000305175781,95.3499984741211,93.88999938964844,94.97000122070312,96000,0.0,0.0
2022-08-08 00:00:00-04:00,95.63999938964844,96.31999969482422,95.0199966430664,96.13999938964844,124000,0.0,0.0
2022-08-09 00:00:00-04:00,96.2300033569336,98.55999755859375,95.87999725341797,97.7300033569336,110100,0.0,0.0
2022-08-10 00:00:00-04:00,98.83999633789062,98.83999633789062,96.91000366210938,97.55000305175781,60000,0.0,0.0
2022-08-11 00:00:00-04:00,98.33999633789062,98.80999755859375,97.58000183105469,98.66999816894531,51800,0.0,0.0
2022-08-12 00:00:00-04:00,98.44000244140625,100.0,98.44000244140625,99.6500015258789,50300,0.0,0.0
2022-08-15 00:00:00-04:00,99.27999877929688,100.04000091552734,97.30000305175781,99.81999969482422,49200,0.0,0.0
2022-08-16 00:00:00-04:00,99.5,101.30000305175781,99.5,100.91000366210938,64000,0.0,0.0
2022-08-17 00:00:00-04:00,100.12999725341797,101.80000305175781,99.58000183105469,100.98999786376953,78800,0.0,0.0
2022-08-18 00:00:00-04:00,101.01000213623047,103.16999816894531,100.08999633789062,102.1500015258789,108200,0.0,0.0
2022-08-19 00:00:00-04:00,97.04000091552734,98.86000061035156,94.05999755859375,94.80000305175781,177600,0.0,0.0
2022-08-22 00:00:00-04:00,93.9000015258789,94.41000366210938,91.97000122070312,92.20999908447266,113700,0.0,0.0
2022-08-23 00:00:00-04:00,91.87999725341797,92.38999938964844,88.83999633789062,89.13999938964844,138300,0.0,0.0
2022-08-24 00:00:00-04:00,89.16000366210938,89.16000366210938,87.80999755859375,88.48999786376953,117600,0.0,0.0
2022-08-25 00:00:00-04:00,89.04000091552734,91.37000274658203,89.04000091552734,89.72000122070312,80800,0.0,0.0
2022-08-26 00:00:00-04:00,90.11000061035156,90.11000061035156,86.95999908447266,87.05000305175781,95600,0.0,0.0
2022-08-29 00:00:00-04:00,86.7699966430664,87.1500015258789,84.36000061035156,85.05999755859375,97800,0.0,0.0
2022-08-30 00:00:00-04:00,85.06999969482422,85.06999969482422,83.05999755859375,83.44999694824219,99100,0.0,0.0
2022-08-31 00:00:00-04:00,83.31999969482422,84.12000274658203,82.23999786376953,83.31999969482422,157300,0.0,0.0
2022-09-01 00:00:00-04:00,82.66000366210938,82.86000061035156,81.80000305175781,82.27999877929688,118400,0.0,0.0
2022-09-02 00:00:00-04:00,83.2300033569336,83.62000274658203,80.73999786376953,81.20999908447266,97400,0.0,0.0
2022-09-06 00:00:00-04:00,81.58000183105469,81.58000183105469,78.25,79.6500015258789,150700,0.0,0.0
2022-09-07 00:00:00-04:00,79.95999908447266,80.36000061035156,78.5199966430664,78.97000122070312,114400,0.0,0.0
2022-09-08 00:00:00-04:00,78.58000183105469,78.58000183105469,75.66999816894531,77.26000213623047,128500,0.0,0.0
2022-09-09 00:00:00-04:00,77.63999938964844,79.68000030517578,77.63999938964844,79.2699966430664,149700,0.0,0.0
2022-09-12 00:00:00-04:00,79.97000122070312,83.37000274658203,79.87000274658203,81.79000091552734,175900,0.0,0.0
2022-09-13 00:00:00-04:00,80.54000091552734,81.45999908447266,80.5,81.05999755859375,181700,0.0,0.0
2022-09-14 00:00:00-04:00,81.5199966430664,82.05000305175781,80.91999816894531,81.41999816894531,110100,0.0,0.0
2022-09-15 00:00:00-04:00,81.01000213623047,82.33999633789062,81.01000213623047,82.12999725341797,117300,0.0,0.0
2022-09-16 00:00:00-04:00,81.31999969482422,81.81999969482422,76.05999755859375,77.54000091552734,188400,0.0,0.0
2022-09-19 00:00:00-04:00,79.19999694824219,80.66999816894531,78.25,80.08999633789062,145100,0.0,0.0
2022-09-20 00:00:00-04:00,80.05000305175781,80.05000305175781,77.76000213623047,79.08000183105469,102400,0.0,0.0
2022-09-21 00:00:00-04:00,79.30000305175781,80.08000183105469,78.37000274658203,78.41999816894531,76600,0.0,0.0
2022-09-22 00:00:00-04:00,78.16000366210938,78.66000366210938,76.20999908447266,76.20999908447266,58200,0.0,0.0
2022-09-23 00:00:00-04:00,75.43000030517578,75.43000030517578,73.37000274658203,74.48999786376953,80000,0.0,0.0
2022-09-26 00:00:00-04:00,74.43000030517578,75.02999877929688,73.45999908447266,73.79000091552734,66300,0.0,0.0
2022-09-27 00:00:00-04:00,74.30999755859375,77.4000015258789,72.63999938964844,73.06999969482422,77500,0.0,0.0
2022-09-28 00:00:00-04:00,73.6500015258789,74.2699966430664,72.81999969482422,73.93000030517578,80500,0.0,0.0
2022-09-29 00:00:00-04:00,73.02999877929688,73.76000213623047,72.0199966430664,73.76000213623047,74400,0.0,0.0
2022-09-30 00:00:00-04:00,73.80000305175781,74.55000305175781,72.0199966430664,72.05999755859375,105900,0.0,0.0
2022-10-03 00:00:00-04:00,72.77999877929688,74.16999816894531,72.4800033569336,73.73999786376953,66800,0.0,0.0
2022-10-04 00:00:00-04:00,74.76000213623047,76.98999786376953,74.08999633789062,75.4800033569336,86000,0.0,0.0
2022-10-05 00:00:00-04:00,74.68000030517578,75.54000091552734,74.36000061035156,74.79000091552734,55400,0.0,0.0
2022-10-06 00:00:00-04:00,74.79000091552734,75.36000061035156,74.06999969482422,74.19000244140625,63000,0.0,0.0
2022-10-07 00:00:00-04:00,73.33999633789062,73.61000061035156,71.27999877929688,71.75,77300,0.0,0.0
2022-10-10 00:00:00-04:00,72.0999984741211,72.5,70.97000122070312,71.30000305175781,66700,0.0,0.0
2022-10-11 00:00:00-04:00,71.41000366210938,72.22000122070312,70.80000305175781,71.6500015258789,87600,0.0,0.0
2022-10-12 00:00:00-04:00,71.3499984741211,72.20999908447266,70.69000244140625,71.11000061035156,60100,0.0,0.0
2022-10-13 00:00:00-04:00,70.22000122070312,73.06999969482422,69.30999755859375,72.16000366210938,84500,0.0,0.0
2022-10-14 00:00:00-04:00,72.68000030517578,73.0199966430664,70.62000274658203,70.83000183105469,54100,0.0,0.0
2022-10-17 00:00:00-04:00,71.48999786376953,73.02999877929688,71.44999694824219,72.11000061035156,75000,0.0,0.0
2022-10-18 00:00:00-04:00,72.83999633789062,73.69000244140625,72.58999633789062,72.79000091552734,71200,0.0,0.0
2022-10-19 00:00:00-04:00,72.19999694824219,72.19999694824219,70.45999908447266,71.7300033569336,63800,0.0,0.0
2022-10-20 00:00:00-04:00,71.5199966430664,72.31999969482422,70.86000061035156,71.69000244140625,59200,0.0,0.0
2022-10-21 00:00:00-04:00,72.11000061035156,74.66000366210938,72.0999984741211,74.38999938964844,77700,0.0,0.0
2022-10-24 00:00:00-04:00,75.0,75.76000213623047,74.83000183105469,75.5199966430664,57300,0.0,0.0
2022-10-25 00:00:00-04:00,75.87999725341797,77.86000061035156,75.87999725341797,77.5,70200,0.0,0.0
2022-10-26 00:00:00-04:00,77.66999816894531,79.33999633789062,77.23999786376953,78.41999816894531,67700,0.0,0.0
2022-10-27 00:00:00-04:00,79.19000244140625,82.37000274658203,79.19000244140625,80.41000366210938,91500,0.0,0.0
2022-10-28 00:00:00-04:00,80.31999969482422,83.47000122070312,79.98999786376953,81.83999633789062,103200,0.0,0.0
2022-10-31 00:00:00-04:00,81.19000244140625,82.62999725341797,80.9800033569336,82.18000030517578,142700,0.0,0.0
2022-11-01 00:00:00-04:00,82.66000366210938,83.37000274658203,81.37000274658203,83.25,145800,0.0,0.0
2022-11-02 00:00:00-04:00,83.25,85.0,82.69000244140625,83.66999816894531,151500,0.0,0.0
2022-11-03 00:00:00-04:00,82.79000091552734,83.80999755859375,82.30000305175781,83.62999725341797,96100,0.0,0.0
2022-11-04 00:00:00-04:00,84.05999755859375,85.37999725341797,83.81999969482422,85.05999755859375,91200,0.0,0.0
2022-11-07 00:00:00-05:00,84.7699966430664,85.5199966430664,84.05999755859375,84.9800033569336,123900,0.0,0.0
2022-11-08 00:00:00-05:00,85.52999877929688,88.12000274658203,84.73999786376953,85.2300033569336,88600,0.0,0.0
2022-11-09 00:00:00-05:00,84.91000366210938,87.29000091552734,83.61000061035156,84.56999969482422,84300,0.0,0.0
2022-11-10 00:00:00-05:00,86.91999816894531,88.18000030517578,84.7699966430664,87.45999908447266,65900,0.0,0.0
2022-11-11 00:00:00-05:00,87.93000030517578,89.44000244140625,87.62999725341797,88.05999755859375,57900,0.0,0.0
2022-11-14 00:00:00-05:00,88.08999633789062,88.62000274658203,85.79000091552734,85.81999969482422,82500,0.0,0.0
2022-11-15 00:00:00-05:00,86.95999908447266,88.33999633789062,85.91000366210938,88.1500015258789,59000,0.0,0.0
2022-11-16 00:00:00-05:00,87.5999984741211,88.11000061035156,87.12000274658203,87.77999877929688,52100,0.0,0.0
2022-11-17 00:00:00-05:00,87.0199966430664,88.20999908447266,86.61000061035156,88.16999816894531,47000,0.0,0.0
2022-11-18 00:00:00-05:00,89.2699966430664,89.2699966430664,87.83999633789062,88.12999725341797,55800,0.0,0.0
2022-11-21 00:00:00-05:00,88.0,88.7300033569336,87.70999908447266,88.41999816894531,55000,0.0,0.0
2022-11-22 00:00:00-05:00,89.08000183105469,89.5199966430664,88.12999725341797,88.66999816894531,50400,0.0,0.0
2022-11-23 00:00:00-05:00,88.98999786376953,89.66000366210938,88.58000183105469,88.94999694824219,33400,0.0,0.0
2022-11-25 00:00:00-05:00,89.27999877929688,90.0,88.69999694824219,89.36000061035156,19800,0.0,0.0
2022-11-28 00:00:00-05:00,89.04000091552734,89.4000015258789,88.18000030517578,88.69000244140625,63900,0.0,0.0
2022-11-29 00:00:00-05:00,88.7300033569336,89.20999908447266,87.20999908447266,87.8499984741211,33500,0.0,0.0
2022-11-30 00:00:00-05:00,87.43000030517578,88.68000030517578,85.9000015258789,88.4800033569336,129800,0.0,0.0
2022-12-01 00:00:00-05:00,89.18000030517578,90.70999908447266,89.13999938964844,90.5199966430664,115900,0.0,0.0
2022-12-02 00:00:00-05:00,89.55000305175781,90.37000274658203,89.05999755859375,90.20999908447266,59000,0.0,0.0
2022-12-05 00:00:00-05:00,89.63999938964844,90.12000274658203,87.4000015258789,87.9000015258789,42800,0.0,0.0
2022-12-06 00:00:00-05:00,88.06999969482422,88.06999969482422,85.48999786376953,85.83000183105469,45300,0.0,0.0
2022-12-07 00:00:00-05:00,85.44999694824219,86.47000122070312,83.91000366210938,83.91000366210938,49800,0.0,0.0
2022-12-08 00:00:00-05:00,84.19999694824219,85.02999877929688,83.43000030517578,84.87000274658203,54600,0.0,0.0
2022-12-09 00:00:00-05:00,84.6500015258789,85.38999938964844,84.4800033569336,84.94000244140625,119200,0.0,0.0
2022-12-12 00:00:00-05:00,84.97000122070312,85.30000305175781,84.01000213623047,84.75,82500,0.0,0.0
2022-12-13 00:00:00-05:00,86.33000183105469,87.37000274658203,84.7300033569336,84.79000091552734,83000,0.0,0.0
2022-12-14 00:00:00-05:00,84.98999786376953,85.41000366210938,83.31999969482422,83.51000213623047,62200,0.0,0.0
2022-12-15 00:00:00-05:00,82.45999908447266,83.12999725341797,79.91999816894531,80.37999725341797,80400,0.0,0.0
2022-12-16 00:00:00-05:00,80.20999908447266,80.20999908447266,78.3499984741211,79.58999633789062,237300,0.0,0.0
2022-12-19 00:00:00-05:00,79.68000030517578,80.30000305175781,78.5,79.19000244140625,69600,0.0,0.0
2022-12-20 00:00:00-05:00,79.55000305175781,79.95999908447266,78.05999755859375,79.93000030517578,54400,0.0,0.0
2022-12-21 00:00:00-05:00,80.5,81.47000122070312,80.41999816894531,81.05999755859375,51700,0.0,0.0
2022-12-22 00:00:00-05:00,80.9000015258789,80.9000015258789,78.0199966430664,79.41000366210938,81300,0.0,0.0
2022-12-23 00:00:00-05:00,79.4000015258789,79.93000030517578,78.9800033569336,79.63999938964844,21800,0.0,0.0
2022-12-27 00:00:00-05:00,79.95999908447266,80.54000091552734,78.80999755859375,79.86000061035156,31400,0.0,0.0
2022-12-28 00:00:00-05:00,80.08999633789062,80.1500015258789,77.7699966430664,77.94999694824219,42000,0.0,0.0
2022-12-29 00:00:00-05:00,78.69000244140625,80.2699966430664,78.0,80.2699966430664,44100,0.0,0.0
2022-12-30 00:00:00-05:00,79.58000183105469,80.05000305175781,79.13999938964844,79.5199966430664,45000,0.0,0.0
2023-01-03 00:00:00-05:00,80.12000274658203,80.66000366210938,79.47000122070312,80.12999725341797,97800,0.0,0.0
2023-01-04 00:00:00-05:00,80.55000305175781,80.8499984741211,79.27999877929688,79.5199966430664,48500,0.0,0.0
2023-01-05 00:00:00-05:00,79.5199966430664,79.8499984741211,78.3499984741211,78.98999786376953,40600,0.0,0.0
2023-01-06 00:00:00-05:00,79.81999969482422,80.98999786376953,78.94000244140625,80.76000213623047,45700,0.0,0.0
2023-01-09 00:00:00-05:00,81.2300033569336,82.18000030517578,80.95999908447266,81.12999725341797,62800,0.0,0.0
2023-01-10 00:00:00-05:00,81.41000366210938,83.2300033569336,81.06999969482422,82.88999938964844,117800,0.0,0.0
2023-01-11 00:00:00-05:00,83.55999755859375,84.29000091552734,82.5199966430664,84.2699966430664,51700,0.0,0.0
2023-01-12 00:00:00-05:00,84.41999816894531,86.22000122070312,84.2300033569336,86.19999694824219,37200,0.0,0.0
2023-01-13 00:00:00-05:00,85.69000244140625,87.9800033569336,85.55999755859375,87.94999694824219,57300,0.0,0.0
2023-01-17 00:00:00-05:00,87.9000015258789,89.80999755859375,87.9000015258789,88.8499984741211,50500,0.0,0.0
2023-01-18 00:00:00-05:00,89.08999633789062,90.08999633789062,87.76000213623047,88.80000305175781,48800,0.0,0.0
2023-01-19 00:00:00-05:00,88.16999816894531,90.41999816894531,88.1500015258789,90.12000274658203,61500,0.0,0.0
2023-01-20 00:00:00-05:00,90.69999694824219,91.43000030517578,89.44999694824219,89.62999725341797,94800,0.0,0.0
2023-01-23 00:00:00-05:00,89.9000015258789,90.0,88.0199966430664,88.56999969482422,44300,0.0,0.0
2023-01-24 00:00:00-05:00,88.51000213623047,89.7699966430664,88.41000366210938,89.27999877929688,39800,0.0,0.0
2023-01-25 00:00:00-05:00,88.94999694824219,90.62000274658203,87.6500015258789,89.31999969482422,53400,0.0,0.0
2023-01-26 00:00:00-05:00,92.2699966430664,96.47000122070312,89.62000274658203,95.69000244140625,102300,0.0,0.0
2023-01-27 00:00:00-05:00,96.25,96.25,92.45999908447266,94.23999786376953,51800,0.0,0.0
2023-01-30 00:00:00-05:00,93.2300033569336,94.0,92.58999633789062,92.9000015258789,85400,0.0,0.0
2023-01-31 00:00:00-05:00,93.58999633789062,97.44000244140625,92.48999786376953,94.70999908447266,162600,0.0,0.0
2023-02-01 00:00:00-05:00,94.0,95.75,93.16000366210938,94.66000366210938,97800,0.0,0.0
2023-02-02 00:00:00-05:00,94.6500015258789,97.20999908447266,93.94999694824219,96.02999877929688,106600,0.0,0.0
2023-02-03 00:00:00-05:00,95.43000030517578,97.75,95.43000030517578,96.69999694824219,94100,0.0,0.0
2023-02-06 00:00:00-05:00,95.77999877929688,96.23999786376953,94.2699966430664,94.63999938964844,100800,0.0,0.0
2023-02-07 00:00:00-05:00,94.75,95.37000274658203,93.6500015258789,94.66999816894531,95500,0.0,0.0
2023-02-08 00:00:00-05:00,94.01000213623047,95.51000213623047,92.47000122070312,92.87000274658203,135400,0.0,0.0
2023-02-09 00:00:00-05:00,93.5199966430664,94.12000274658203,92.41000366210938,92.5,80000,0.0,0.0
2023-02-10 00:00:00-05:00,92.0199966430664,94.45999908447266,92.0199966430664,94.08999633789062,60300,0.0,0.0
2023-02-13 00:00:00-05:00,93.95999908447266,96.97000122070312,93.95999908447266,94.9800033569336,72300,0.0,0.0
2023-02-14 00:00:00-05:00,94.19000244140625,95.30999755859375,93.37999725341797,93.66999816894531,73700,0.0,0.0
2023-02-15 00:00:00-05:00,93.0,94.80999755859375,92.62999725341797,94.5,68500,0.0,0.0
2023-02-16 00:00:00-05:00,93.69999694824219,95.48999786376953,92.94000244140625,94.58000183105469,92700,0.0,0.0
2023-02-17 00:00:00-05:00,94.79000091552734,96.01000213623047,94.30000305175781,96.01000213623047,79000,0.0,0.0
2023-02-21 00:00:00-05:00,95.1500015258789,96.87999725341797,93.16999816894531,93.43000030517578,100500,0.0,0.0
2023-02-22 00:00:00-05:00,93.4800033569336,93.88999938964844,92.04000091552734,93.55999755859375,105100,0.0,0.0
2023-02-23 00:00:00-05:00,93.75,94.58999633789062,92.81999969482422,93.94999694824219,78400,0.0,0.0
2023-02-24 00:00:00-05:00,93.0199966430664,94.43000030517578,93.0199966430664,94.01000213623047,75700,0.0,0.0
2023-02-27 00:00:00-05:00,94.44000244140625,94.95999908447266,93.45999908447266,93.72000122070312,90400,0.0,0.0
2023-02-28 00:00:00-05:00,93.55999755859375,94.58000183105469,92.31999969482422,92.55000305175781,179800,0.0,0.0
2023-03-01 00:00:00-05:00,92.61000061035156,93.87999725341797,92.05999755859375,92.93000030517578,77700,0.0,0.0
2023-03-02 00:00:00-05:00,92.2699966430664,94.98999786376953,92.25,94.98999786376953,79800,0.0,0.0
2023-03-03 00:00:00-05:00,94.94000244140625,96.13999938964844,94.55000305175781,95.63999938964844,66500,0.0,0.0
2023-03-06 00:00:00-05:00,95.61000061035156,95.80000305175781,92.19000244140625,92.45999908447266,98000,0.0,0.0
2023-03-07 00:00:00-05:00,92.5199966430664,93.11000061035156,91.05000305175781,92.69000244140625,99600,0.0,0.0
2023-03-08 00:00:00-05:00,93.0199966430664,95.44999694824219,92.16000366210938,94.63999938964844,96900,0.0,0.0
2023-03-09 00:00:00-05:00,94.91000366210938,95.69999694824219,93.98999786376953,94.95999908447266,84200,0.0,0.0
2023-03-10 00:00:00-05:00,94.7699966430664,95.16000366210938,91.16000366210938,91.41000366210938,107000,0.0,0.0
2023-03-13 00:00:00-04:00,90.55000305175781,92.30999755859375,90.44000244140625,91.62999725341797,105500,0.0,0.0
2023-03-14 00:00:00-04:00,93.56999969482422,93.70999908447266,92.25,93.56999969482422,89500,0.0,0.0
2023-03-15 00:00:00-04:00,92.12000274658203,92.18000030517578,89.72000122070312,91.44999694824219,146700,0.0,0.0
2023-03-16 00:00:00-04:00,90.44000244140625,94.98999786376953,90.44000244140625,92.55999755859375,96600,0.0,0.0
2023-03-17 00:00:00-04:00,92.45999908447266,92.97000122070312,90.66999816894531,91.13999938964844,246900,0.0,0.0
2023-03-20 00:00:00-04:00,92.16999816894531,102.88999938964844,92.16999816894531,98.2300033569336,346000,0.0,0.0
2023-03-21 00:00:00-04:00,98.77999877929688,100.29000091552734,97.73999786376953,98.75,116400,0.0,0.0
2023-03-22 00:00:00-04:00,99.2699966430664,99.97000122070312,98.0199966430664,98.0199966430664,111800,0.0,0.0
2023-03-23 00:00:00-04:00,98.05000305175781,99.4000015258789,98.0,98.5,93700,0.0,0.0
2023-03-24 00:00:00-04:00,98.0,99.5,97.97000122070312,99.1500015258789,77500,0.0,0.0
2023-03-27 00:00:00-04:00,99.9800033569336,101.12999725341797,99.08000183105469,99.54000091552734,58600,0.0,0.0
2023-03-28 00:00:00-04:00,99.75,100.93000030517578,99.75,100.80000305175781,55000,0.0,0.0
2023-03-29 00:00:00-04:00,101.33000183105469,101.87999725341797,100.52999877929688,101.08000183105469,99800,0.0,0.0
2023-03-30 00:00:00-04:00,101.33000183105469,101.91999816894531,100.69999694824219,100.83000183105469,56800,0.0,0.0
2023-03-31 00:00:00-04:00,101.18000030517578,102.5199966430664,100.72000122070312,102.36000061035156,143200,0.0,0.0
2023-04-03 00:00:00-04:00,102.08999633789062,105.62999725341797,101.3499984741211,105.55000305175781,197200,0.0,0.0
2023-04-04 00:00:00-04:00,105.1500015258789,105.16000366210938,101.55999755859375,101.8499984741211,126600,0.0,0.0
2023-04-05 00:00:00-04:00,101.26000213623047,103.18000030517578,100.36000061035156,101.2699966430664,71000,0.0,0.0
2023-04-06 00:00:00-04:00,101.11000061035156,102.08999633789062,100.87000274658203,101.43000030517578,50500,0.0,0.0
2023-04-10 00:00:00-04:00,101.3499984741211,103.0999984741211,101.33000183105469,102.69000244140625,123200,0.0,0.0
2023-04-11 00:00:00-04:00,102.66999816894531,104.0,102.41000366210938,102.4800033569336,87400,0.0,0.0
2023-04-12 00:00:00-04:00,102.94999694824219,103.6500015258789,102.66000366210938,102.80999755859375,46500,0.0,0.0
2023-04-13 00:00:00-04:00,102.79000091552734,103.44000244140625,102.26000213623047,103.37000274658203,48600,0.0,0.0
2023-04-14 00:00:00-04:00,103.02999877929688,103.88999938964844,100.9000015258789,101.94999694824219,77100,0.0,0.0
2023-04-17 00:00:00-04:00,101.94000244140625,102.58999633789062,100.94999694824219,101.30999755859375,74900,0.0,0.0
2023-04-18 00:00:00-04:00,101.47000122070312,102.55999755859375,99.95999908447266,100.98999786376953,58200,0.0,0.0
2023-04-19 00:00:00-04:00,100.93000030517578,101.43000030517578,100.44000244140625,100.98999786376953,49400,0.0,0.0
2023-04-20 00:00:00-04:00,100.62000274658203,100.72000122070312,99.77999877929688,100.19000244140625,86200,0.0,0.0
2023-04-21 00:00:00-04:00,100.25,100.25,99.11000061035156,99.94000244140625,58200,0.0,0.0
2023-04-24 00:00:00-04:00,99.91000366210938,102.51000213623047,99.91000366210938,102.51000213623047,100800,0.0,0.0
2023-04-25 00:00:00-04:00,101.94999694824219,102.88999938964844,101.18000030517578,102.0999984741211,95100,0.0,0.0
2023-04-26 00:00:00-04:00,101.62000274658203,103.01000213623047,99.69999694824219,102.47000122070312,123700,0.0,0.0
2023-04-27 00:00:00-04:00,102.66000366210938,108.5199966430664,102.0199966430664,107.77999877929688,135100,0.0,0.0
2023-04-28 00:00:00-04:00,111.12000274658203,115.44999694824219,109.9800033569336,112.95999908447266,251500,0.0,0.0
2023-05-01 00:00:00-04:00,112.26000213623047,118.95999908447266,109.75,118.01000213623047,255400,0.0,0.0
2023-05-02 00:00:00-04:00,118.01000213623047,118.30000305175781,115.95999908447266,117.4800033569336,123000,0.0,0.0
2023-05-03 00:00:00-04:00,117.26000213623047,120.0,116.5,118.44000244140625,114200,0.0,0.0
2023-05-04 00:00:00-04:00,118.29000091552734,118.37999725341797,115.5,116.98999786376953,108400,0.0,0.0
2023-05-05 00:00:00-04:00,117.5999984741211,119.54000091552734,117.44999694824219,117.87999725341797,110600,0.0,0.0
2023-05-08 00:00:00-04:00,117.37000274658203,118.5,116.75,118.2699966430664,129000,0.0,0.0
2023-05-09 00:00:00-04:00,117.80999755859375,119.93000030517578,116.58999633789062,118.22000122070312,82400,0.0,0.0
2023-05-10 00:00:00-04:00,119.05999755859375,121.04000091552734,118.5,120.77999877929688,96100,0.0,0.0
2023-05-11 00:00:00-04:00,120.11000061035156,120.2699966430664,118.61000061035156,119.47000122070312,73100,0.0,0.0
2023-05-12 00:00:00-04:00,119.19999694824219,120.19000244140625,118.06999969482422,119.11000061035156,89400,0.0,0.0
2023-05-15 00:00:00-04:00,119.29000091552734,119.33999633789062,118.01000213623047,119.0,87900,0.0,0.0
2023-05-16 00:00:00-04:00,118.80000305175781,119.13999938964844,117.37000274658203,117.54000091552734,78900,0.0,0.0
2023-05-17 00:00:00-04:00,117.87000274658203,118.16999816894531,117.01000213623047,117.80999755859375,83700,0.0,0.0
2023-05-18 00:00:00-04:00,117.43000030517578,118.58999633789062,116.41999816894531,117.30999755859375,105100,0.0,0.0
2023-05-19 00:00:00-04:00,118.29000091552734,118.93000030517578,116.38999938964844,116.76000213623047,100700,0.0,0.0
2023-05-22 00:00:00-04:00,117.06999969482422,118.5999984741211,115.5199966430664,117.7699966430664,111800,0.0,0.0
2023-05-23 00:00:00-04:00,117.19999694824219,118.16000366210938,115.58999633789062,115.88999938964844,130500,0.0,0.0
2023-05-24 00:00:00-04:00,115.63999938964844,117.80000305175781,114.66000366210938,117.58000183105469,105700,0.0,0.0
2023-05-25 00:00:00-04:00,117.98999786376953,120.44999694824219,117.94999694824219,120.33000183105469,92400,0.0,0.0
2023-05-26 00:00:00-04:00,120.33000183105469,121.37999725341797,120.2699966430664,120.27999877929688,84700,0.0,0.0
2023-05-30 00:00:00-04:00,120.18000030517578,121.0199966430664,118.7300033569336,119.41999816894531,67400,0.0,0.0
2023-05-31 00:00:00-04:00,119.04000091552734,119.72000122070312,117.48999786376953,119.01000213623047,278600,0.0,0.0
2023-06-01 00:00:00-04:00,119.11000061035156,121.44000244140625,118.70999908447266,120.33999633789062,119900,0.0,0.0
2023-06-02 00:00:00-04:00,121.12999725341797,122.62000274658203,120.18000030517578,121.48999786376953,118700,0.0,0.0
2023-06-05 00:00:00-04:00,120.48999786376953,121.20999908447266,117.25,120.87000274658203,113200,0.0,0.0
2023-06-06 00:00:00-04:00,120.58000183105469,123.6500015258789,120.04000091552734,123.29000091552734,127900,0.0,0.0
2023-06-07 00:00:00-04:00,123.33000183105469,126.02999877929688,123.22000122070312,125.94000244140625,169400,0.0,0.0
2023-06-08 00:00:00-04:00,125.76000213623047,126.66999816894531,121.55000305175781,125.6500015258789,82400,0.0,0.0
2023-06-09 00:00:00-04:00,125.19000244140625,126.62000274658203,122.08000183105469,126.25,113800,0.0,0.0
2023-06-12 00:00:00-04:00,126.05000305175781,127.06999969482422,124.9000015258789,125.0999984741211,91100,0.0,0.0
2023-06-13 00:00:00-04:00,124.62999725341797,126.9000015258789,124.4000015258789,125.23999786376953,206300,0.0,0.0
2023-06-14 00:00:00-04:00,125.5,126.4000015258789,123.52999877929688,123.91999816894531,157700,0.0,0.0
2023-06-15 00:00:00-04:00,123.94999694824219,124.51000213623047,121.95999908447266,122.6500015258789,115500,0.0,0.0
2023-06-16 00:00:00-04:00,123.72000122070312,123.97000122070312,121.37000274658203,122.33000183105469,289400,0.0,0.0
2023-06-20 00:00:00-04:00,122.27999877929688,122.97000122070312,120.97000122070312,122.37999725341797,103700,0.0,0.0
2023-06-21 00:00:00-04:00,122.02999877929688,124.30000305175781,121.47000122070312,122.61000061035156,102500,0.0,0.0
2023-06-22 00:00:00-04:00,122.80000305175781,122.80000305175781,118.58000183105469,119.72000122070312,142400,0.0,0.0
2023-06-23 00:00:00-04:00,118.37000274658203,119.8499984741211,116.4800033569336,116.94000244140625,743600,0.0,0.0
2023-06-26 00:00:00-04:00,117.41999816894531,119.87999725341797,116.75,118.69999694824219,105000,0.0,0.0
2023-06-27 00:00:00-04:00,118.88999938964844,121.9000015258789,118.30999755859375,118.55000305175781,140100,0.0,0.0
2023-06-28 00:00:00-04:00,118.72000122070312,119.06999969482422,116.41999816894531,117.5999984741211,82700,0.0,0.0
2023-06-29 00:00:00-04:00,117.2300033569336,118.98999786376953,117.2300033569336,118.25,139400,0.0,0.0
2023-06-30 00:00:00-04:00,119.27999877929688,120.51000213623047,117.73999786376953,117.83000183105469,112800,0.0,0.0
2023-07-03 00:00:00-04:00,117.3499984741211,119.23999786376953,117.05000305175781,118.04000091552734,76500,0.0,0.0
2023-07-05 00:00:00-04:00,117.16000366210938,117.16000366210938,114.4800033569336,115.5199966430664,165700,0.0,0.0
2023-07-06 00:00:00-04:00,115.20999908447266,115.33999633789062,113.22000122070312,113.6500015258789,79100,0.0,0.0
2023-07-07 00:00:00-04:00,114.08999633789062,114.44999694824219,113.22000122070312,113.37000274658203,83300,0.0,0.0
2023-07-10 00:00:00-04:00,113.29000091552734,115.33999633789062,113.29000091552734,115.11000061035156,60300,0.0,0.0
2023-07-11 00:00:00-04:00,115.47000122070312,115.73999786376953,115.19999694824219,115.4000015258789,54600,0.0,0.0
2023-07-12 00:00:00-04:00,116.5199966430664,118.12999725341797,116.0999984741211,117.69000244140625,83100,0.0,0.0
2023-07-13 00:00:00-04:00,117.87000274658203,119.5,117.5199966430664,118.8499984741211,75500,0.0,0.0
2023-07-14 00:00:00-04:00,118.25,119.76000213623047,117.70999908447266,119.69000244140625,58000,0.0,0.0
2023-07-17 00:00:00-04:00,119.9800033569336,122.47000122070312,119.9800033569336,121.26000213623047,63700,0.0,0.0
2023-07-18 00:00:00-04:00,121.33999633789062,122.69000244140625,120.37999725341797,122.56999969482422,54300,0.0,0.0
2023-07-19 00:00:00-04:00,122.2699966430664,122.2699966430664,119.38999938964844,120.69999694824219,119200,0.0,0.0
2023-07-20 00:00:00-04:00,120.69999694824219,122.20999908447266,120.4800033569336,121.5,74100,0.0,0.0
2023-07-21 00:00:00-04:00,122.30999755859375,122.88999938964844,121.04000091552734,121.51000213623047,82800,0.0,0.0
2023-07-24 00:00:00-04:00,121.69000244140625,121.83999633789062,120.13999938964844,120.1500015258789,96000,0.0,0.0
2023-07-25 00:00:00-04:00,120.0,120.91999816894531,119.81999969482422,119.98999786376953,45200,0.0,0.0
2023-07-26 00:00:00-04:00,119.4800033569336,120.54000091552734,118.54000091552734,119.77999877929688,62800,0.0,0.0
2023-07-27 00:00:00-04:00,120.2699966430664,120.37000274658203,116.19999694824219,118.01000213623047,86800,0.0,0.0
2023-07-28 00:00:00-04:00,118.27999877929688,118.88999938964844,117.16000366210938,117.62999725341797,43900,0.0,0.0
2023-07-31 00:00:00-04:00,117.72000122070312,119.5,116.55999755859375,119.2300033569336,62600,0.0,0.0
2023-08-01 00:00:00-04:00,118.62000274658203,120.44999694824219,116.61000061035156,120.44999694824219,51300,0.0,0.0
2023-08-02 00:00:00-04:00,119.5199966430664,120.31999969482422,118.6500015258789,119.11000061035156,39900,0.0,0.0
2023-08-03 00:00:00-04:00,119.11000061035156,119.20999908447266,117.81999969482422,118.91999816894531,39300,0.0,0.0
2023-08-04 00:00:00-04:00,118.41000366210938,119.48999786376953,118.05000305175781,118.55999755859375,40000,0.0,0.0
2023-08-07 00:00:00-04:00,118.66000366210938,121.8499984741211,118.66000366210938,121.7300033569336,59200,0.0,0.0
2023-08-08 00:00:00-04:00,120.70999908447266,121.05000305175781,119.33999633789062,120.9800033569336,53700,0.0,0.0
2023-08-09 00:00:00-04:00,119.97000122070312,121.02999877929688,116.97000122070312,117.05000305175781,126700,0.0,0.0
2023-08-10 00:00:00-04:00,117.11000061035156,118.69999694824219,115.94000244140625,115.98999786376953,70400,0.0,0.0
2023-08-11 00:00:00-04:00,116.05999755859375,116.72000122070312,116.04000091552734,116.2699966430664,44000,0.0,0.0
2023-08-14 00:00:00-04:00,116.55999755859375,117.31999969482422,115.9000015258789,116.9000015258789,92900,0.0,0.0
2023-08-15 00:00:00-04:00,117.29000091552734,119.2699966430664,115.87999725341797,118.66000366210938,75000,0.0,0.0
2023-08-16 00:00:00-04:00,118.4800033569336,118.9000015258789,116.02999877929688,116.22000122070312,71300,0.0,0.0
2023-08-17 00:00:00-04:00,116.26000213623047,116.58000183105469,114.97000122070312,115.66999816894531,60200,0.0,0.0
2023-08-18 00:00:00-04:00,115.0999984741211,116.55000305175781,115.0999984741211,116.55000305175781,98400,0.0,0.0
2023-08-21 00:00:00-04:00,117.04000091552734,118.54000091552734,117.04000091552734,117.7300033569336,91100,0.0,0.0
2023-08-22 00:00:00-04:00,118.2699966430664,119.0199966430664,117.86000061035156,118.62999725341797,78200,0.0,0.0
2023-08-23 00:00:00-04:00,119.30000305175781,121.41000366210938,119.30000305175781,120.16999816894531,99500,0.0,0.0
2023-08-24 00:00:00-04:00,133.8000030517578,139.89999389648438,132.30999755859375,136.69000244140625,342400,0.0,0.0
2023-08-25 00:00:00-04:00,138.86000061035156,139.27999877929688,132.75999450683594,134.02999877929688,159500,0.0,0.0
2023-08-28 00:00:00-04:00,134.1999969482422,136.1699981689453,133.42999267578125,133.97000122070312,111000,0.0,0.0
2023-08-29 00:00:00-04:00,133.7100067138672,136.1300048828125,133.35000610351562,135.17999267578125,146500,0.0,0.0
2023-08-30 00:00:00-04:00,135.2899932861328,137.47999572753906,134.67999267578125,135.0500030517578,132800,0.0,0.0
2023-08-31 00:00:00-04:00,135.5,137.47000122070312,135.3699951171875,136.35000610351562,155900,0.0,0.0
2023-09-01 00:00:00-04:00,136.77999877929688,137.44000244140625,133.55999755859375,133.85000610351562,79700,0.0,0.0
2023-09-05 00:00:00-04:00,133.2100067138672,133.2100067138672,127.72000122070312,128.92999267578125,127400,0.0,0.0
2023-09-06 00:00:00-04:00,129.1999969482422,133.1999969482422,127.75,127.91000366210938,88700,0.0,0.0
2023-09-07 00:00:00-04:00,127.43000030517578,127.43000030517578,123.22000122070312,124.79000091552734,124900,0.0,0.0
2023-09-08 00:00:00-04:00,124.61000061035156,125.38999938964844,123.77999877929688,124.88999938964844,91600,0.0,0.0
2023-09-11 00:00:00-04:00,125.80000305175781,125.80000305175781,121.48999786376953,122.25,79900,0.0,0.0
2023-09-12 00:00:00-04:00,122.16000366210938,123.05999755859375,121.01000213623047,121.69999694824219,85000,0.0,0.0
2023-09-13 00:00:00-04:00,121.56999969482422,122.56999969482422,118.47000122070312,119.91000366210938,98500,0.0,0.0
2023-09-14 00:00:00-04:00,120.79000091552734,121.94999694824219,120.41999816894531,121.0199966430664,82200,0.0,0.0
2023-09-15 00:00:00-04:00,121.44000244140625,121.44000244140625,117.36000061035156,118.36000061035156,350900,0.0,0.0
2023-09-18 00:00:00-04:00,118.08999633789062,119.19999694824219,116.91000366210938,117.05000305175781,68400,0.0,0.0
2023-09-19 00:00:00-04:00,117.22000122070312,117.7699966430664,115.19999694824219,117.58000183105469,71700,0.0,0.0
2023-09-20 00:00:00-04:00,117.55000305175781,119.55000305175781,115.88999938964844,115.97000122070312,49500,0.0,0.0
2023-09-21 00:00:00-04:00,116.12999725341797,116.12999725341797,114.16000366210938,114.22000122070312,55500,0.0,0.0
2023-09-22 00:00:00-04:00,113.7699966430664,114.55000305175781,113.3499984741211,113.5199966430664,55300,0.0,0.0
2023-09-25 00:00:00-04:00,113.05999755859375,114.3499984741211,112.19000244140625,113.77999877929688,44100,0.0,0.0
2023-09-26 00:00:00-04:00,113.55000305175781,114.0199966430664,112.51000213623047,113.01000213623047,79500,0.0,0.0
2023-09-27 00:00:00-04:00,112.95999908447266,118.19000244140625,112.95999908447266,117.16000366210938,172100,0.0,0.0
2023-09-28 00:00:00-04:00,117.0199966430664,122.55000305175781,117.0199966430664,121.29000091552734,146800,0.0,0.0
2023-09-29 00:00:00-04:00,121.2300033569336,121.2300033569336,117.25,118.04000091552734,90000,0.0,0.0
2023-10-02 00:00:00-04:00,118.18000030517578,119.52999877929688,117.02999877929688,119.1500015258789,90200,0.0,0.0
2023-10-03 00:00:00-04:00,120.01000213623047,120.01000213623047,117.0,117.04000091552734,66900,0.0,0.0
2023-10-04 00:00:00-04:00,117.37999725341797,118.6500015258789,116.01000213623047,118.20999908447266,92500,0.0,0.0
2023-10-05 00:00:00-04:00,118.66999816894531,119.04000091552734,116.43000030517578,116.6500015258789,85400,0.0,0.0
2023-10-06 00:00:00-04:00,116.08999633789062,119.11000061035156,116.08999633789062,118.04000091552734,88700,0.0,0.0
2023-10-09 00:00:00-04:00,117.06999969482422,122.63999938964844,117.06999969482422,121.44999694824219,81700,0.0,0.0
2023-10-10 00:00:00-04:00,121.75,122.91999816894531,120.81999969482422,120.8499984741211,54500,0.0,0.0
2023-10-11 00:00:00-04:00,121.08999633789062,122.31999969482422,120.68000030517578,121.16999816894531,36900,0.0,0.0
2023-10-12 00:00:00-04:00,121.23999786376953,121.31999969482422,117.08000183105469,119.0199966430664,62600,0.0,0.0
2023-10-13 00:00:00-04:00,119.1500015258789,119.1500015258789,116.37999725341797,117.3499984741211,110000,0.0,0.0
2023-10-16 00:00:00-04:00,118.69000244140625,119.37999725341797,117.95999908447266,118.16000366210938,60300,0.0,0.0
2023-10-17 00:00:00-04:00,118.36000061035156,121.5,118.36000061035156,119.43000030517578,83700,0.0,0.0
2023-10-18 00:00:00-04:00,118.63999938964844,121.02999877929688,118.0,119.73999786376953,97300,0.0,0.0
2023-10-19 00:00:00-04:00,119.41000366210938,121.26000213623047,116.58000183105469,116.80000305175781,131100,0.0,0.0
2023-10-20 00:00:00-04:00,116.87999725341797,117.22000122070312,114.26000213623047,114.91999816894531,140200,0.0,0.0
2023-10-23 00:00:00-04:00,114.93000030517578,116.62000274658203,114.0,114.52999877929688,96400,0.0,0.0
2023-10-24 00:00:00-04:00,115.05999755859375,115.3499984741211,113.62999725341797,113.76000213623047,68200,0.0,0.0
2023-10-25 00:00:00-04:00,113.76000213623047,114.11000061035156,111.69000244140625,112.47000122070312,160700,0.0,0.0
2023-10-26 00:00:00-04:00,114.33999633789062,114.51000213623047,109.33999633789062,114.01000213623047,148300,0.0,0.0
2023-10-27 00:00:00-04:00,113.37000274658203,114.23999786376953,105.73999786376953,106.38999938964844,131300,0.0,0.0
2023-10-30 00:00:00-04:00,107.93000030517578,108.83000183105469,104.33999633789062,104.98999786376953,126600,0.0,0.0
2023-10-31 00:00:00-04:00,104.97000122070312,105.66999816894531,103.56999969482422,104.2699966430664,120100,0.0,0.0
2023-11-01 00:00:00-04:00,104.66000366210938,105.4800033569336,103.04000091552734,104.97000122070312,91600,0.0,0.0
2023-11-02 00:00:00-04:00,106.41000366210938,107.16000366210938,104.51000213623047,106.41000366210938,74400,0.0,0.0
2023-11-03 00:00:00-04:00,107.81999969482422,110.16999816894531,107.81999969482422,108.45999908447266,81700,0.0,0.0
2023-11-06 00:00:00-05:00,108.05000305175781,109.45999908447266,107.77999877929688,109.0,85900,0.0,0.0
2023-11-07 00:00:00-05:00,109.48999786376953,109.48999786376953,108.51000213623047,109.11000061035156,70600,0.0,0.0
2023-11-08 00:00:00-05:00,109.62999725341797,110.01000213623047,108.1500015258789,108.43000030517578,56700,0.0,0.0
2023-11-09 00:00:00-05:00,108.93000030517578,110.69000244140625,108.55000305175781,110.12000274658203,64900,0.0,0.0
2023-11-10 00:00:00-05:00,110.30999755859375,112.08999633789062,109.62999725341797,111.36000061035156,62000,0.0,0.0
2023-11-13 00:00:00-05:00,110.37999725341797,113.69999694824219,110.37999725341797,112.86000061035156,54600,0.0,0.0
2023-11-14 00:00:00-05:00,115.5199966430664,118.81999969482422,114.16999816894531,118.75,159900,0.0,0.0
2023-11-15 00:00:00-05:00,118.3499984741211,120.12999725341797,116.77999877929688,118.05999755859375,78000,0.0,0.0
2023-11-16 00:00:00-05:00,117.80999755859375,118.76000213623047,115.33999633789062,115.41000366210938,62900,0.0,0.0
2023-11-17 00:00:00-05:00,116.37999725341797,118.91000366210938,116.37999725341797,118.61000061035156,121600,0.0,0.0
2023-11-20 00:00:00-05:00,118.58999633789062,120.1500015258789,118.25,118.98999786376953,66600,0.0,0.0
2023-11-21 00:00:00-05:00,118.51000213623047,119.83999633789062,118.5,118.8499984741211,66600,0.0,0.0
2023-11-22 00:00:00-05:00,119.95999908447266,121.12000274658203,119.30000305175781,119.44999694824219,43300,0.0,0.0
2023-11-24 00:00:00-05:00,118.5,120.5199966430664,117.06999969482422,120.48999786376953,28000,0.0,0.0
2023-11-27 00:00:00-05:00,120.63999938964844,121.98999786376953,119.58000183105469,121.75,67300,0.0,0.0
2023-11-28 00:00:00-05:00,121.3499984741211,122.62000274658203,120.94999694824219,121.33999633789062,80700,0.0,0.0
2023-11-29 00:00:00-05:00,122.12999725341797,123.58999633789062,121.33999633789062,122.81999969482422,105000,0.0,0.0
2023-11-30 00:00:00-05:00,123.88999938964844,123.88999938964844,121.80000305175781,123.29000091552734,152900,0.0,0.0
2023-12-01 00:00:00-05:00,123.26000213623047,125.11000061035156,123.26000213623047,123.37999725341797,102400,0.0,0.0
2023-12-04 00:00:00-05:00,123.08999633789062,124.98999786376953,123.08000183105469,124.79000091552734,75600,0.0,0.0
2023-12-05 00:00:00-05:00,124.06999969482422,125.37999725341797,122.55999755859375,122.98999786376953,93400,0.0,0.0
2023-12-06 00:00:00-05:00,123.4000015258789,125.54000091552734,122.91999816894531,123.27999877929688,77100,0.0,0.0
2023-12-07 00:00:00-05:00,123.87999725341797,124.30000305175781,122.2699966430664,122.47000122070312,62600,0.0,0.0
2023-12-08 00:00:00-05:00,122.25,123.66000366210938,121.44999694824219,122.38999938964844,76000,0.0,0.0
2023-12-11 00:00:00-05:00,122.72000122070312,123.51000213623047,121.94999694824219,123.05000305175781,70000,0.0,0.0
2023-12-12 00:00:00-05:00,123.16000366210938,125.58000183105469,122.5999984741211,123.76000213623047,52700,0.0,0.0
2023-12-13 00:00:00-05:00,123.5999984741211,128.16000366210938,123.5999984741211,127.3499984741211,130000,0.0,0.0
2023-12-14 00:00:00-05:00,129.0399932861328,131.3800048828125,128.50999450683594,130.32000732421875,113300,0.0,0.0
2023-12-15 00:00:00-05:00,131.24000549316406,131.24000549316406,128.0399932861328,128.72000122070312,331500,0.0,0.0
2023-12-18 00:00:00-05:00,129.4199981689453,129.8699951171875,127.91999816894531,128.86000061035156,75900,0.0,0.0
2023-12-19 00:00:00-05:00,129.6199951171875,131.0500030517578,128.72000122070312,129.5,116900,0.0,0.0
2023-12-20 00:00:00-05:00,129.67999267578125,129.67999267578125,126.83999633789062,127.01000213623047,97100,0.0,0.0
2023-12-21 00:00:00-05:00,128.24000549316406,128.24000549316406,124.88999938964844,126.20999908447266,87000,0.0,0.0
2023-12-22 00:00:00-05:00,127.08000183105469,130.4600067138672,127.08000183105469,129.42999267578125,70900,0.0,0.0
2023-12-26 00:00:00-05:00,130.39999389648438,131.0500030517578,129.3000030517578,130.72999572753906,58600,0.0,0.0
2023-12-27 00:00:00-05:00,131.2899932861328,132.52999877929688,130.61000061035156,131.3800048828125,52900,0.0,0.0
2023-12-28 00:00:00-05:00,131.3800048828125,132.60000610351562,129.58999633789062,130.42999267578125,57900,0.0,0.0
2023-12-29 00:00:00-05:00,130.74000549316406,130.74000549316406,129.0,129.0500030517578,57700,0.0,0.0
2024-01-02 00:00:00-05:00,129.0,129.42999267578125,127.52999877929688,128.9499969482422,81700,0.0,0.0
2024-01-03 00:00:00-05:00,128.52999877929688,128.52999877929688,125.8499984741211,127.0,105100,0.0,0.0
2024-01-04 00:00:00-05:00,127.7699966430664,131.0,125.30999755859375,125.4800033569336,80100,0.0,0.0
2024-01-05 00:00:00-05:00,124.33999633789062,125.2300033569336,123.36000061035156,123.4000015258789,116400,0.0,0.0
2024-01-08 00:00:00-05:00,124.1500015258789,126.12000274658203,123.27999877929688,125.0999984741211,66600,0.0,0.0
2024-01-09 00:00:00-05:00,123.70999908447266,124.56999969482422,122.80000305175781,124.0999984741211,44300,0.0,0.0
2024-01-10 00:00:00-05:00,123.26000213623047,125.62999725341797,123.05999755859375,125.3499984741211,58700,0.0,0.0
2024-01-11 00:00:00-05:00,124.79000091552734,125.19000244140625,122.45999908447266,123.30000305175781,93100,0.0,0.0
2024-01-12 00:00:00-05:00,124.77999877929688,125.4000015258789,123.44999694824219,124.36000061035156,62000,0.0,0.0
2024-01-16 00:00:00-05:00,123.30000305175781,124.16000366210938,122.0999984741211,122.56999969482422,130000,0.0,0.0
2024-01-17 00:00:00-05:00,121.38999938964844,122.5999984741211,120.41999816894531,121.7699966430664,96900,0.0,0.0
2024-01-18 00:00:00-05:00,122.79000091552734,125.5999984741211,121.30000305175781,125.5999984741211,71000,0.0,0.0
2024-01-19 00:00:00-05:00,126.55000305175781,129.08999633789062,126.25,127.98999786376953,80000,0.0,0.0
2024-01-22 00:00:00-05:00,129.1300048828125,131.39999389648438,129.1300048828125,131.14999389648438,78700,0.0,0.0
2024-01-23 00:00:00-05:00,132.08999633789062,132.85000610351562,130.22999572753906,130.27000427246094,82600,0.0,0.0
2024-01-24 00:00:00-05:00,132.22000122070312,132.22000122070312,128.1300048828125,128.69000244140625,137600,0.0,0.0
2024-01-25 00:00:00-05:00,136.8800048828125,139.60000610351562,127.87000274658203,134.38999938964844,244300,0.0,0.0
2024-01-26 00:00:00-05:00,136.0,136.0,130.8000030517578,132.58999633789062,263800,0.0,0.0
2024-01-29 00:00:00-05:00,132.08999633789062,133.7899932861328,129.6300048828125,130.3000030517578,166300,0.0,0.0
2024-01-30 00:00:00-05:00,129.33999633789062,133.38999938964844,129.33999633789062,130.75,111000,0.0,0.0
2024-01-31 00:00:00-05:00,130.02000427246094,131.6300048828125,127.41999816894531,128.02999877929688,195500,0.0,0.0
2024-02-01 00:00:00-05:00,128.3800048828125,131.4199981689453,127.79000091552734,130.27000427246094,104900,0.0,0.0
2024-02-02 00:00:00-05:00,129.0399932861328,130.02000427246094,128.0,129.08999633789062,149300,0.0,0.0
2024-02-05 00:00:00-05:00,127.81999969482422,129.0500030517578,126.58999633789062,128.25999450683594,123400,0.0,0.0
2024-02-06 00:00:00-05:00,128.25999450683594,129.69000244140625,128.05999755859375,129.64999389648438,61700,0.0,0.0
2024-02-07 00:00:00-05:00,130.19000244140625,132.0,130.16000366210938,131.1199951171875,65700,0.0,0.0
2024-02-08 00:00:00-05:00,130.72000122070312,133.89999389648438,130.5399932861328,133.89999389648438,63400,0.0,0.0
2024-02-09 00:00:00-05:00,134.85000610351562,137.24000549316406,133.77999877929688,137.10000610351562,99000,0.0,0.0
2024-02-12 00:00:00-05:00,137.08999633789062,139.35000610351562,136.4600067138672,138.8300018310547,75200,0.0,0.0
2024-02-13 00:00:00-05:00,135.42999267578125,137.89999389648438,131.05999755859375,131.92999267578125,77900,0.0,0.0
2024-02-14 00:00:00-05:00,133.4600067138672,135.72000122070312,132.5,134.72000122070312,65700,0.0,0.0
2024-02-15 00:00:00-05:00,135.38999938964844,137.00999450683594,134.6699981689453,136.89999389648438,91700,0.0,0.0
2024-02-16 00:00:00-05:00,136.7899932861328,136.7899932861328,134.30999755859375,134.6300048828125,63300,0.0,0.0
2024-02-20 00:00:00-05:00,133.0,134.72999572753906,132.22999572753906,132.7899932861328,76600,0.0,0.0
2024-02-21 00:00:00-05:00,131.55999755859375,131.55999755859375,129.1999969482422,130.63999938964844,57900,0.0,0.0
2024-02-22 00:00:00-05:00,130.92999267578125,132.1199951171875,129.94000244140625,131.1699981689453,70200,0.0,0.0
2024-02-23 00:00:00-05:00,131.38999938964844,132.32000732421875,130.52999877929688,131.7899932861328,130400,0.0,0.0
2024-02-26 00:00:00-05:00,131.49000549316406,132.52000427246094,129.82000732421875,131.0,92100,0.0,0.0
2024-02-27 00:00:00-05:00,131.42999267578125,133.50999450683594,129.8300018310547,132.30999755859375,81500,0.0,0.0
2024-02-28 00:00:00-05:00,131.22000122070312,131.8800048828125,130.22000122070312,130.25,37000,0.0,0.0
2024-02-29 00:00:00-05:00,131.38999938964844,132.47999572753906,130.05999755859375,131.17999267578125,147000,0.0,0.0
2024-03-01 00:00:00-05:00,131.35000610351562,132.75,130.3699951171875,132.4199981689453,72400,0.0,0.0
2024-03-04 00:00:00-05:00,132.52000427246094,135.7899932861328,132.52000427246094,135.22999572753906,65000,0.0,0.0
2024-03-05 00:00:00-05:00,134.91000366210938,135.25,131.85000610351562,132.3800048828125,67400,0.0,0.0
2024-03-06 00:00:00-05:00,132.99000549316406,133.2899932861328,132.0800018310547,132.4600067138672,50900,0.0,0.0
2024-03-07 00:00:00-05:00,133.05999755859375,133.57000732421875,132.08999633789062,132.25999450683594,91700,0.0,0.0
2024-03-08 00:00:00-05:00,132.7899932861328,134.89999389648438,132.10000610351562,132.52000427246094,132000,0.0,0.0
2024-03-11 00:00:00-04:00,132.35000610351562,132.5500030517578,129.16000366210938,129.36000061035156,109500,0.0,0.0
2024-03-12 00:00:00-04:00,129.36000061035156,131.5800018310547,129.0,131.3300018310547,53700,0.0,0.0
2024-03-13 00:00:00-04:00,130.97999572753906,131.35000610351562,129.4199981689453,129.6999969482422,78500,0.0,0.0
2024-03-14 00:00:00-04:00,129.22999572753906,131.88999938964844,128.4600067138672,131.19000244140625,144500,0.0,0.0
2024-03-15 00:00:00-04:00,130.1999969482422,132.27999877929688,130.1999969482422,130.6999969482422,157800,0.0,0.0
2024-03-18 00:00:00-04:00,130.6999969482422,132.77000427246094,130.6999969482422,132.0800018310547,82900,0.0,0.0
2024-03-19 00:00:00-04:00,132.0800018310547,135.27999877929688,131.75,135.00999450683594,71100,0.0,0.0
2024-03-20 00:00:00-04:00,134.6199951171875,137.3800048828125,133.35000610351562,136.6699981689453,64800,0.0,0.0
2024-03-21 00:00:00-04:00,137.6699981689453,138.91000366210938,136.86000061035156,137.2100067138672,121000,0.0,0.0
2024-03-22 00:00:00-04:00,137.55999755859375,138.1699981689453,137.0,137.30999755859375,50000,0.0,0.0
2024-03-25 00:00:00-04:00,137.25,138.27000427246094,135.6999969482422,136.25,46300,0.0,0.0
2024-03-26 00:00:00-04:00,137.35000610351562,140.97000122070312,137.3000030517578,139.83999633789062,75700,0.0,0.0
2024-03-27 00:00:00-04:00,140.27999877929688,142.10000610351562,140.27999877929688,141.44000244140625,91100,0.0,0.0
2024-03-28 00:00:00-04:00,141.6300048828125,144.02999877929688,140.97000122070312,142.82000732421875,100900,0.0,0.0
2024-04-01 00:00:00-04:00,143.75,143.75,139.1999969482422,140.6699981689453,82300,0.0,0.0
2024-04-02 00:00:00-04:00,140.24000549316406,140.24000549316406,137.10000610351562,138.25999450683594,90200,0.0,0.0
2024-04-03 00:00:00-04:00,138.25,140.89999389648438,137.6199951171875,139.80999755859375,64300,0.0,0.0
2024-04-04 00:00:00-04:00,140.4199981689453,143.88999938964844,139.67999267578125,140.32000732421875,78200,0.0,0.0
2024-04-05 00:00:00-04:00,140.50999450683594,142.83999633789062,139.22999572753906,142.3699951171875,65600,0.0,0.0
2024-04-08 00:00:00-04:00,143.32000732421875,144.11000061035156,141.07000732421875,142.32000732421875,59200,0.0,0.0
2024-04-09 00:00:00-04:00,143.3000030517578,143.6300048828125,141.39999389648438,142.02999877929688,60200,0.0,0.0
2024-04-10 00:00:00-04:00,138.9499969482422,139.9199981689453,133.50999450683594,136.49000549316406,80800,0.0,0.0
2024-04-11 00:00:00-04:00,137.41000366210938,138.5,135.97999572753906,138.00999450683594,54100,0.0,0.0
2024-04-12 00:00:00-04:00,137.44000244140625,139.2899932861328,137.44000244140625,139.00999450683594,82600,0.0,0.0
2024-04-15 00:00:00-04:00,139.0,140.33999633789062,136.5,137.30999755859375,97400,0.0,0.0
2024-04-16 00:00:00-04:00,137.30999755859375,138.08999633789062,135.75,137.30999755859375,92400,0.0,0.0
2024-04-17 00:00:00-04:00,138.5,138.5,134.6699981689453,134.75,73400,0.0,0.0
2024-04-18 00:00:00-04:00,134.75999450683594,136.8800048828125,133.25,133.85000610351562,82700,0.0,0.0
2024-04-19 00:00:00-04:00,133.25999450683594,136.52000427246094,132.6999969482422,135.5399932861328,95200,0.0,0.0
2024-04-22 00:00:00-04:00,136.1300048828125,140.44000244140625,135.7899932861328,139.44000244140625,86500,0.0,0.0
2024-04-23 00:00:00-04:00,139.63999938964844,142.00999450683594,139.14999389648438,140.82000732421875,81700,0.0,0.0
2024-04-24 00:00:00-04:00,140.4600067138672,142.17999267578125,138.86000061035156,139.7100067138672,112700,0.0,0.0
2024-04-25 00:00:00-04:00,134.39999389648438,137.85000610351562,126.56999969482422,134.14999389648438,231700,0.0,0.0
2024-04-26 00:00:00-04:00,134.99000549316406,136.64999389648438,132.41000366210938,134.82000732421875,103500,0.0,0.0
2024-04-29 00:00:00-04:00,133.52999877929688,138.0,133.52999877929688,136.1300048828125,267200,0.0,0.0
2024-04-30 00:00:00-04:00,135.60000610351562,135.67999267578125,130.64999389648438,131.44000244140625,197300,0.0,0.0
2024-05-01 00:00:00-04:00,130.86000061035156,133.5500030517578,130.86000061035156,131.07000732421875,71300,0.0,0.0
2024-05-02 00:00:00-04:00,131.77000427246094,136.0,131.77000427246094,135.74000549316406,134600,0.0,0.0
2024-05-03 00:00:00-04:00,136.0,136.25999450683594,132.14999389648438,135.55999755859375,124000,0.0,0.0
2024-05-06 00:00:00-04:00,134.5500030517578,136.5800018310547,130.67999267578125,132.33999633789062,104200,0.0,0.0
2024-05-07 00:00:00-04:00,133.0,135.86000061035156,133.0,134.86000061035156,112200,0.0,0.0
2024-05-08 00:00:00-04:00,134.02999877929688,135.67999267578125,133.44000244140625,134.25999450683594,87000,0.0,0.0
2024-05-09 00:00:00-04:00,134.0800018310547,137.0399932861328,132.30999755859375,135.52000427246094,73600,0.0,0.0
2024-05-10 00:00:00-04:00,135.52000427246094,136.64999389648438,134.44000244140625,135.99000549316406,80200,0.0,0.0
2024-05-13 00:00:00-04:00,137.60000610351562,138.97999572753906,135.86000061035156,136.19000244140625,69400,0.0,0.0
2024-05-14 00:00:00-04:00,137.83999633789062,138.3699951171875,136.80999755859375,138.3699951171875,72600,0.0,0.0
2024-05-15 00:00:00-04:00,139.02999877929688,140.47000122070312,137.77999877929688,139.9499969482422,113500,0.0,0.0
2024-05-16 00:00:00-04:00,140.25999450683594,141.36000061035156,137.1699981689453,137.4199981689453,74100,0.0,0.0
2024-05-17 00:00:00-04:00,138.00999450683594,139.41000366210938,137.0,139.27000427246094,58600,0.0,0.0
2024-05-20 00:00:00-04:00,138.75999450683594,140.64999389648438,138.00999450683594,140.57000732421875,83700,0.0,0.0
2024-05-21 00:00:00-04:00,140.42999267578125,145.25,140.42999267578125,144.52000427246094,93800,0.0,0.0
2024-05-22 00:00:00-04:00,143.64999389648438,144.8300018310547,139.7100067138672,140.02999877929688,114500,0.0,0.0
2024-05-23 00:00:00-04:00,140.57000732421875,141.44000244140625,138.97000122070312,139.24000549316406,80300,0.0,0.0
2024-05-24 00:00:00-04:00,140.4600067138672,143.42999267578125,139.30999755859375,142.83999633789062,113300,0.0,0.0
2024-05-28 00:00:00-04:00,142.60000610351562,142.60000610351562,138.50999450683594,139.69000244140625,135700,0.0,0.0
2024-05-29 00:00:00-04:00,137.8800048828125,139.5399932861328,134.5500030517578,134.72999572753906,77400,0.0,0.0
2024-05-30 00:00:00-04:00,136.0800018310547,137.8699951171875,135.17999267578125,137.80999755859375,68400,0.0,0.0
2024-05-31 00:00:00-04:00,137.74000549316406,144.25999450683594,136.5,143.74000549316406,204900,0.0,0.0
2024-06-03 00:00:00-04:00,143.6999969482422,144.57000732421875,140.57000732421875,141.08999633789062,149700,0.0,0.0
2024-06-04 00:00:00-04:00,139.75,140.92999267578125,138.6300048828125,139.85000610351562,70900,0.0,0.0
2024-06-05 00:00:00-04:00,140.36000061035156,142.6999969482422,139.25,142.6999969482422,66800,0.0,0.0
2024-06-06 00:00:00-04:00,141.77999877929688,142.5500030517578,138.44000244140625,138.92999267578125,47200,0.0,0.0
2024-06-07 00:00:00-04:00,137.36000061035156,139.82000732421875,137.3300018310547,138.5800018310547,55100,0.0,0.0
2024-06-10 00:00:00-04:00,137.1300048828125,138.97000122070312,136.35000610351562,137.5399932861328,120300,0.0,0.0
2024-06-11 00:00:00-04:00,136.57000732421875,136.97000122070312,135.27000427246094,136.27999877929688,61700,0.0,0.0
2024-06-12 00:00:00-04:00,138.89999389648438,141.14999389648438,134.5,139.4600067138672,112800,0.0,0.0
2024-06-13 00:00:00-04:00,138.8699951171875,139.14999389648438,136.08999633789062,136.83999633789062,58800,0.0,0.0
2024-06-14 00:00:00-04:00,135.5500030517578,135.92999267578125,134.5,134.58999633789062,83400,0.0,0.0
2024-06-17 00:00:00-04:00,134.5,137.6999969482422,134.5,136.22999572753906,131000,0.0,0.0
2024-06-18 00:00:00-04:00,136.4499969482422,137.1199951171875,135.5399932861328,135.89999389648438,80500,0.0,0.0
2024-06-20 00:00:00-04:00,136.32000732421875,137.50999450683594,135.49000549316406,136.85000610351562,129500,0.0,0.0
2024-06-21 00:00:00-04:00,137.0,137.0,135.3699951171875,136.19000244140625,197700,0.0,0.0
2024-06-24 00:00:00-04:00,136.22999572753906,138.3000030517578,135.89999389648438,136.88999938964844,95800,0.0,0.0
2024-06-25 00:00:00-04:00,137.22000122070312,137.7100067138672,135.6199951171875,136.5500030517578,53700,0.0,0.0
2024-06-26 00:00:00-04:00,135.6199951171875,136.72999572753906,135.5,136.6199951171875,57600,0.0,0.0
2024-06-27 00:00:00-04:00,137.39999389648438,140.19000244140625,137.3699951171875,140.1699981689453,103400,0.0,0.0
2024-06-28 00:00:00-04:00,140.8800048828125,141.1699981689453,137.07000732421875,137.52000427246094,178600,0.0,0.0
2024-07-01 00:00:00-04:00,137.66000366210938,138.17999267578125,136.0,136.8800048828125,90100,0.0,0.0
2024-07-02 00:00:00-04:00,136.6300048828125,137.82000732421875,135.82000732421875,137.16000366210938,84600,0.0,0.0
2024-07-03 00:00:00-04:00,137.88999938964844,138.27000427246094,136.8000030517578,137.19000244140625,25000,0.0,0.0
2024-07-05 00:00:00-04:00,136.77999877929688,137.77999877929688,135.5,137.6199951171875,51200,0.0,0.0
2024-07-08 00:00:00-04:00,139.05999755859375,139.64999389648438,136.94000244140625,137.94000244140625,66500,0.0,0.0
2024-07-09 00:00:00-04:00,137.49000549316406,137.69000244140625,135.5,135.60000610351562,84900,0.0,0.0
2024-07-10 00:00:00-04:00,136.61000061035156,139.80999755859375,136.39999389648438,139.1199951171875,55200,0.0,0.0
2024-07-11 00:00:00-04:00,141.19000244140625,142.8300018310547,141.19000244140625,142.36000061035156,95800,0.0,0.0
2024-07-12 00:00:00-04:00,144.3300018310547,146.0500030517578,143.25999450683594,143.35000610351562,81500,0.0,0.0
2024-07-15 00:00:00-04:00,144.80999755859375,147.24000549316406,144.02999877929688,145.9499969482422,96500,0.0,0.0
2024-07-16 00:00:00-04:00,141.6999969482422,151.0,141.57000732421875,150.57000732421875,194900,0.0,0.0
2024-07-17 00:00:00-04:00,149.55999755859375,153.41000366210938,147.8000030517578,149.19000244140625,1285400,0.0,0.0
2024-07-18 00:00:00-04:00,149.19000244140625,149.5,145.02000427246094,146.8000030517578,212100,0.0,0.0
2024-07-19 00:00:00-04:00,147.30999755859375,147.30999755859375,144.38999938964844,145.32000732421875,79600,0.0,0.0
2024-07-22 00:00:00-04:00,145.49000549316406,148.8300018310547,144.4600067138672,148.57000732421875,124600,0.0,0.0
2024-07-23 00:00:00-04:00,147.80999755859375,151.64999389648438,147.02000427246094,149.89999389648438,160000,0.0,0.0
2024-07-24 00:00:00-04:00,149.08999633789062,150.4600067138672,147.00999450683594,147.25,78200,0.0,0.0
2024-07-25 00:00:00-04:00,147.39999389648438,150.14999389648438,145.8699951171875,147.4199981689453,73100,0.0,0.0
2024-07-26 00:00:00-04:00,149.6699981689453,150.5,148.6300048828125,150.3300018310547,62100,0.0,0.0
2024-07-29 00:00:00-04:00,151.0800018310547,151.1300048828125,148.69000244140625,148.8699951171875,101300,0.0,0.0
2024-07-30 00:00:00-04:00,149.3699951171875,149.3699951171875,146.44000244140625,147.75999450683594,93400,0.0,0.0
2024-07-31 00:00:00-04:00,148.6300048828125,150.82000732421875,147.10000610351562,147.97999572753906,95600,0.0,0.0
2024-08-01 00:00:00-04:00,148.13999938964844,148.13999938964844,142.66000366210938,144.67999267578125,185700,0.0,0.0
2024-08-02 00:00:00-04:00,139.5,139.6699981689453,136.88999938964844,139.36000061035156,93500,0.0,0.0
2024-08-05 00:00:00-04:00,131.0399932861328,135.19000244140625,129.17999267578125,134.77999877929688,196600,0.0,0.0
2024-08-06 00:00:00-04:00,135.10000610351562,138.38999938964844,134.85000610351562,137.57000732421875,84600,0.0,0.0
2024-08-07 00:00:00-04:00,138.89999389648438,139.5800018310547,136.47000122070312,136.47000122070312,78400,0.0,0.0
2024-08-08 00:00:00-04:00,138.11000061035156,140.2899932861328,137.47999572753906,139.6300048828125,141700,0.0,0.0
2024-08-09 00:00:00-04:00,139.74000549316406,141.35000610351562,138.2899932861328,139.72999572753906,49500,0.0,0.0
2024-08-12 00:00:00-04:00,139.64999389648438,139.64999389648438,138.33999633789062,138.50999450683594,64100,0.0,0.0
2024-08-13 00:00:00-04:00,139.17999267578125,140.99000549316406,138.5,139.4600067138672,216200,0.0,0.0
2024-08-14 00:00:00-04:00,140.1300048828125,140.1300048828125,138.2899932861328,139.02000427246094,68600,0.0,0.0
2024-08-15 00:00:00-04:00,142.2100067138672,145.94000244140625,142.07000732421875,145.5800018310547,118400,0.0,0.0
2024-08-16 00:00:00-04:00,145.5800018310547,149.4499969482422,143.66000366210938,144.02000427246094,103200,0.0,0.0
2024-08-19 00:00:00-04:00,144.35000610351562,144.9600067138672,143.10000610351562,143.69000244140625,79600,0.0,0.0
2024-08-20 00:00:00-04:00,143.77999877929688,144.27000427246094,142.8300018310547,142.91000366210938,81900,0.0,0.0
2024-08-21 00:00:00-04:00,143.72000122070312,145.07000732421875,142.89999389648438,144.6199951171875,328500,0.0,0.0
2024-08-22 00:00:00-04:00,147.0,158.69000244140625,147.0,154.27999877929688,620000,0.0,0.0
2024-08-23 00:00:00-04:00,157.14999389648438,157.47999572753906,148.5,150.0,219500,0.0,0.0
2024-08-26 00:00:00-04:00,149.72999572753906,150.92999267578125,145.25999450683594,146.63999938964844,176300,0.0,0.0
2024-08-27 00:00:00-04:00,146.55999755859375,149.36000061035156,145.8800048828125,146.85000610351562,107600,0.0,0.0
2024-08-28 00:00:00-04:00,146.13999938964844,147.22999572753906,144.69000244140625,146.13999938964844,94000,0.0,0.0
2024-08-29 00:00:00-04:00,147.3699951171875,149.6699981689453,146.55999755859375,148.8300018310547,163300,0.0,0.0
2024-08-30 00:00:00-04:00,149.6699981689453,151.07000732421875,147.4600067138672,149.8699951171875,142400,0.0,0.0
2024-09-03 00:00:00-04:00,148.8300018310547,149.6999969482422,141.60000610351562,141.72999572753906,133700,0.0,0.0
2024-09-04 00:00:00-04:00,141.19000244140625,142.16000366210938,139.07000732421875,142.0,105600,0.0,0.0
2024-09-05 00:00:00-04:00,142.02000427246094,142.80999755859375,140.97000122070312,141.8699951171875,96200,0.0,0.0
2024-09-06 00:00:00-04:00,141.8699951171875,143.47999572753906,138.6300048828125,139.75999450683594,162800,0.0,0.0
2024-09-09 00:00:00-04:00,139.9199981689453,140.75999450683594,137.24000549316406,138.80999755859375,191400,0.0,0.0
2024-09-10 00:00:00-04:00,138.3800048828125,139.05999755859375,135.92999267578125,138.0,97800,0.0,0.0
2024-09-11 00:00:00-04:00,138.0,140.25,135.38999938964844,140.08999633789062,88100,0.0,0.0
2024-09-12 00:00:00-04:00,140.6999969482422,142.25999450683594,139.83999633789062,141.94000244140625,161300,0.0,0.0
2024-09-13 00:00:00-04:00,143.60000610351562,146.77000427246094,143.0,145.38999938964844,146100,0.0,0.0
2024-09-16 00:00:00-04:00,145.0,146.33999633789062,143.4499969482422,144.8699951171875,261300,0.0,0.0
2024-09-17 00:00:00-04:00,144.9499969482422,145.32000732421875,141.8800048828125,144.2899932861328,249200,0.0,0.0
2024-09-18 00:00:00-04:00,145.6699981689453,147.72000122070312,142.83999633789062,145.19000244140625,309100,0.0,0.0
2024-09-19 00:00:00-04:00,149.0500030517578,149.0500030517578,145.25,147.13999938964844,106200,0.0,0.0
2024-09-20 00:00:00-04:00,146.3800048828125,147.14999389648438,144.86000061035156,145.52000427246094,312500,0.0,0.0
2024-09-23 00:00:00-04:00,146.85000610351562,147.66000366210938,145.25999450683594,145.86000061035156,75600,0.0,0.0
2024-09-24 00:00:00-04:00,146.58999633789062,148.66000366210938,145.66000366210938,146.9199981689453,97300,0.0,0.0
2024-09-25 00:00:00-04:00,147.49000549316406,147.49000549316406,144.55999755859375,144.91000366210938,71900,0.0,0.0
2024-09-26 00:00:00-04:00,147.05999755859375,147.86000061035156,143.97000122070312,144.86000061035156,117700,0.0,0.0
2024-09-27 00:00:00-04:00,145.49000549316406,146.52000427246094,144.30999755859375,145.38999938964844,94600,0.0,0.0
2024-09-30 00:00:00-04:00,146.5399932861328,152.25999450683594,146.0399932861328,151.8300018310547,171500,0.0,0.0
2024-10-01 00:00:00-04:00,152.24000549316406,152.24000549316406,147.05999755859375,147.41000366210938,127400,0.0,0.0
2024-10-02 00:00:00-04:00,146.6999969482422,148.7100067138672,146.5399932861328,147.77000427246094,89900,0.0,0.0
2024-10-03 00:00:00-04:00,146.9499969482422,146.9499969482422,144.27999877929688,144.72000122070312,69300,0.0,0.0
2024-10-04 00:00:00-04:00,146.16000366210938,147.39999389648438,144.1199951171875,145.47999572753906,133400,0.0,0.0
2024-10-07 00:00:00-04:00,144.58999633789062,146.0,142.47999572753906,145.72999572753906,88200,0.0,0.0
2024-10-08 00:00:00-04:00,146.57000732421875,147.22000122070312,145.52999877929688,146.88999938964844,109500,0.0,0.0
2024-10-09 00:00:00-04:00,146.88999938964844,149.0800018310547,145.9499969482422,147.9199981689453,117300,0.0,0.0
2024-10-10 00:00:00-04:00,146.35000610351562,147.02999877929688,145.32000732421875,146.47999572753906,101400,0.0,0.0
2024-10-11 00:00:00-04:00,146.2899932861328,148.3300018310547,146.2899932861328,148.02999877929688,96700,0.0,0.0
2024-10-14 00:00:00-04:00,147.91000366210938,149.47999572753906,147.00999450683594,149.44000244140625,78200,0.0,0.0
2024-10-15 00:00:00-04:00,149.44000244140625,150.02999877929688,146.9600067138672,147.13999938964844,167100,0.0,0.0
2024-10-16 00:00:00-04:00,148.5,150.10000610351562,148.07000732421875,149.2100067138672,139000,0.0,0.0
2024-10-17 00:00:00-04:00,149.1999969482422,149.5399932861328,148.47000122070312,148.77000427246094,81200,0.0,0.0
2024-10-18 00:00:00-04:00,149.8300018310547,149.8300018310547,144.67999267578125,144.85000610351562,222500,0.0,0.0
2024-10-21 00:00:00-04:00,144.4499969482422,146.32000732421875,143.07000732421875,144.8699951171875,130200,0.0,0.0
2024-10-22 00:00:00-04:00,143.8699951171875,143.8699951171875,140.1999969482422,140.58999633789062,134600,0.0,0.0
2024-10-23 00:00:00-04:00,139.74000549316406,142.4499969482422,139.60000610351562,142.14999389648438,170800,0.0,0.0
2024-10-24 00:00:00-04:00,152.14999389648438,153.07000732421875,137.24000549316406,137.64999389648438,400900,0.0,0.0
2024-10-25 00:00:00-04:00,137.97000122070312,141.9199981689453,134.05999755859375,134.36000061035156,388200,0.0,0.0
2024-10-28 00:00:00-04:00,135.08999633789062,135.3300018310547,129.83999633789062,131.41000366210938,297500,0.0,0.0
2024-10-29 00:00:00-04:00,131.3699951171875,133.5800018310547,130.0500030517578,133.55999755859375,255900,0.0,0.0
2024-10-30 00:00:00-04:00,132.8300018310547,137.14999389648438,132.8300018310547,135.97000122070312,193600,0.0,0.0
2024-10-31 00:00:00-04:00,136.72000122070312,137.08999633789062,131.7899932861328,132.2100067138672,198500,0.0,0.0
2024-11-01 00:00:00-04:00,133.11000061035156,135.25999450683594,131.60000610351562,132.16000366210938,148900,0.0,0.0
2024-11-04 00:00:00-05:00,132.14999389648438,133.88999938964844,131.33999633789062,132.64999389648438,97800,0.0,0.0
2024-11-05 00:00:00-05:00,132.44000244140625,136.4499969482422,131.77999877929688,136.4499969482422,106000,0.0,0.0
2024-11-06 00:00:00-05:00,143.7899932861328,149.35000610351562,142.66000366210938,148.19000244140625,268600,0.0,0.0
2024-11-07 00:00:00-05:00,148.1199951171875,149.22000122070312,146.32000732421875,149.02999877929688,163400,0.0,0.0
2024-11-08 00:00:00-05:00,149.6699981689453,151.97000122070312,148.3800048828125,151.2100067138672,148500,0.0,0.0
2024-11-11 00:00:00-05:00,152.08999633789062,154.1199951171875,151.27999877929688,153.75999450683594,126800,0.0,0.0
2024-11-12 00:00:00-05:00,153.3800048828125,156.02999877929688,152.30999755859375,153.14999389648438,319600,0.0,0.0
2024-11-13 00:00:00-05:00,154.39999389648438,156.05999755859375,151.97000122070312,152.85000610351562,213900,0.0,0.0
2024-11-14 00:00:00-05:00,152.17999267578125,153.08999633789062,150.36000061035156,151.97000122070312,140200,0.0,0.0
2024-11-15 00:00:00-05:00,152.64999389648438,152.6699981689453,149.67999267578125,150.6999969482422,151700,0.0,0.0
2024-11-18 00:00:00-05:00,150.58999633789062,153.1699981689453,150.0,152.22000122070312,371000,0.0,0.0
2024-11-19 00:00:00-05:00,150.3000030517578,154.2100067138672,150.24000549316406,153.7899932861328,208400,0.0,0.0
2024-11-20 00:00:00-05:00,154.39999389648438,159.25,152.25999450683594,159.19000244140625,128800,0.0,0.0
2024-11-21 00:00:00-05:00,159.1999969482422,165.75,158.6699981689453,165.3300018310547,332500,0.0,0.0
2024-11-22 00:00:00-05:00,166.22999572753906,168.67999267578125,163.5399932861328,164.91000366210938,174500,0.0,0.0
2024-11-25 00:00:00-05:00,166.02000427246094,170.49000549316406,165.83999633789062,168.99000549316406,244700,0.0,0.0
2024-11-26 00:00:00-05:00,167.97999572753906,171.1999969482422,167.8300018310547,170.5,321400,0.0,0.0
2024-11-27 00:00:00-05:00,170.69000244140625,174.64999389648438,170.69000244140625,174.50999450683594,359200,0.0,0.0
2024-11-29 00:00:00-05:00,175.0,177.55999755859375,174.33999633789062,177.39999389648438,186200,0.0,0.0
2024-12-02 00:00:00-05:00,176.8699951171875,180.22999572753906,175.0,179.7100067138672,271900,0.0,0.0
2024-12-03 00:00:00-05:00,180.67999267578125,182.10000610351562,179.17999267578125,180.08999633789062,661600,0.0,0.0
2024-12-04 00:00:00-05:00,180.72999572753906,183.22000122070312,178.8800048828125,180.55999755859375,269100,0.0,0.0
2024-12-05 00:00:00-05:00,180.27999877929688,182.3699951171875,177.42999267578125,180.02000427246094,189000,0.0,0.0
2024-12-06 00:00:00-05:00,180.5500030517578,182.1199951171875,179.22000122070312,181.33999633789062,152600,0.0,0.0
2024-12-09 00:00:00-05:00,182.89999389648438,183.6300048828125,181.5399932861328,183.0,113100,0.0,0.0
2024-12-10 00:00:00-05:00,182.85000610351562,184.42999267578125,181.5,184.0,243900,0.0,0.0
2024-12-11 00:00:00-05:00,185.0,188.44000244140625,183.6699981689453,186.99000549316406,256500,0.0,0.0
2024-12-12 00:00:00-05:00,186.5,189.02000427246094,184.7899932861328,187.75,230700,0.0,0.0
2024-12-13 00:00:00-05:00,187.25999450683594,189.1300048828125,179.88999938964844,181.7899932861328,299300,0.0,0.0
2024-12-16 00:00:00-05:00,181.08999633789062,185.94000244140625,180.25,184.83999633789062,224200,0.0,0.0
2024-12-17 00:00:00-05:00,184.97000122070312,186.4499969482422,183.60000610351562,183.67999267578125,174100,0.0,0.0
2024-12-18 00:00:00-05:00,184.83999633789062,186.2899932861328,174.72999572753906,175.80999755859375,248100,0.0,0.0
2024-12-19 00:00:00-05:00,177.1300048828125,178.38999938964844,172.22999572753906,175.1699981689453,202900,0.0,0.0
2024-12-20 00:00:00-05:00,173.7100067138672,177.57000732421875,173.25,175.07000732421875,386700,0.0,0.0
2024-12-23 00:00:00-05:00,174.75,175.6999969482422,173.0,174.6300048828125,94800,0.0,0.0
2024-12-24 00:00:00-05:00,174.6300048828125,177.1699981689453,174.0,176.1300048828125,66700,0.0,0.0
2024-12-26 00:00:00-05:00,175.05999755859375,177.86000061035156,174.3699951171875,177.1699981689453,77200,0.0,0.0
2024-12-27 00:00:00-05:00,176.3800048828125,176.4199981689453,169.39999389648438,171.35000610351562,331300,0.0,0.0
2024-12-30 00:00:00-05:00,169.27999877929688,169.85000610351562,165.2100067138672,167.25,152300,0.0,0.0
2024-12-31 00:00:00-05:00,168.47999572753906,169.39999389648438,166.77000427246094,167.42999267578125,109800,0.0,0.0
2025-01-02 00:00:00-05:00,168.94000244140625,169.88999938964844,165.11000061035156,165.4199981689453,115900,0.0,0.0
2025-01-03 00:00:00-05:00,166.39999389648438,167.88999938964844,166.02999877929688,166.77999877929688,113200,0.0,0.0
2025-01-06 00:00:00-05:00,166.8000030517578,168.1999969482422,163.3800048828125,164.02000427246094,107400,0.0,0.0
2025-01-07 00:00:00-05:00,164.02000427246094,166.47999572753906,162.5,163.39999389648438,150900,0.0,0.0
2025-01-08 00:00:00-05:00,161.75999450683594,162.0,156.4499969482422,157.66000366210938,240500,0.0,0.0
2025-01-10 00:00:00-05:00,155.02000427246094,156.8300018310547,151.24000549316406,153.35000610351562,204800,0.0,0.0
2025-01-13 00:00:00-05:00,151.19000244140625,155.74000549316406,150.83999633789062,154.55999755859375,145000,0.0,0.0
2025-01-14 00:00:00-05:00,155.0,159.19000244140625,155.0,158.19000244140625,230200,0.0,0.0
2025-01-15 00:00:00-05:00,162.30999755859375,165.36000061035156,159.14999389648438,163.2100067138672,182000,0.0,0.0
2025-01-16 00:00:00-05:00,164.35000610351562,170.5,164.14999389648438,168.0,257200,0.0,0.0
2025-01-17 00:00:00-05:00,170.41000366210938,170.99000549316406,165.0,166.55999755859375,195500,0.0,0.0
2025-01-21 00:00:00-05:00,168.22000122070312,173.16000366210938,167.92999267578125,172.72999572753906,221800,0.0,0.0
2025-01-22 00:00:00-05:00,173.0,174.75,168.02000427246094,169.00999450683594,210100,0.0,0.0
2025-01-23 00:00:00-05:00,183.86000061035156,197.6999969482422,180.3699951171875,193.0500030517578,666500,0.0,0.0
2025-01-24 00:00:00-05:00,192.72000122070312,200.13999938964844,190.5399932861328,199.8699951171875,315300,0.0,0.0
2025-01-27 00:00:00-05:00,196.17999267578125,199.6699981689453,191.8000030517578,193.60000610351562,381300,0.0,0.0
2025-01-28 00:00:00-05:00,195.30999755859375,197.57000732421875,192.1999969482422,196.4499969482422,231300,0.0,0.0
2025-01-29 00:00:00-05:00,196.35000610351562,199.6999969482422,195.85000610351562,196.94000244140625,165500,0.0,0.0
2025-01-30 00:00:00-05:00,199.13999938964844,201.4199981689453,196.14999389648438,196.1999969482422,190700,0.0,0.0
2025-01-31 00:00:00-05:00,195.49000549316406,198.9600067138672,193.41000366210938,196.44000244140625,177300,0.0,0.0
2025-02-03 00:00:00-05:00,191.44000244140625,195.0800018310547,188.02999877929688,195.0,324200,0.0,0.0
2025-02-04 00:00:00-05:00,193.82000732421875,199.72999572753906,193.82000732421875,199.41000366210938,148400,0.0,0.0
2025-02-05 00:00:00-05:00,200.8699951171875,205.7899932861328,198.13999938964844,203.99000549316406,224800,0.0,0.0
2025-02-06 00:00:00-05:00,204.74000549316406,206.0800018310547,201.94000244140625,206.0399932861328,145500,0.0,0.0
2025-02-07 00:00:00-05:00,206.5,209.39999389648438,203.69000244140625,207.07000732421875,279600,0.0,0.0
2025-02-10 00:00:00-05:00,209.39999389648438,209.39999389648438,200.57000732421875,206.4199981689453,206800,0.0,0.0
2025-02-11 00:00:00-05:00,205.5500030517578,212.0,205.1999969482422,208.14999389648438,213200,0.0,0.0
2025-02-12 00:00:00-05:00,204.4600067138672,209.08999633789062,202.7100067138672,208.91000366210938,177900,0.0,0.0
2025-02-13 00:00:00-05:00,209.60000610351562,211.75999450683594,206.88999938964844,210.75999450683594,140900,0.0,0.0
2025-02-14 00:00:00-05:00,209.14999389648438,211.99000549316406,209.14999389648438,211.6699981689453,84100,0.0,0.0
2025-02-18 00:00:00-05:00,213.38999938964844,216.91000366210938,212.17999267578125,216.6199951171875,239000,0.0,0.0
2025-02-19 00:00:00-05:00,214.74000549316406,220.0,212.33999633789062,219.60000610351562,188600,0.0,0.0
2025-02-20 00:00:00-05:00,218.99000549316406,219.08999633789062,211.3699951171875,214.3699951171875,181200,0.0,0.0
2025-02-21 00:00:00-05:00,216.61000061035156,216.61000061035156,199.1300048828125,202.27000427246094,267100,0.0,0.0
2025-02-24 00:00:00-05:00,202.41000366210938,203.22000122070312,199.30999755859375,201.1300048828125,135100,0.0,0.0
2025-02-25 00:00:00-05:00,202.24000549316406,203.3699951171875,198.3000030517578,199.9199981689453,133300,0.0,0.0
2025-02-26 00:00:00-05:00,201.24000549316406,205.5500030517578,201.1300048828125,202.30999755859375,125300,0.0,0.0
2025-02-27 00:00:00-05:00,203.05999755859375,206.49000549316406,201.30999755859375,202.3800048828125,137800,0.0,0.0
2025-02-28 00:00:00-05:00,201.27000427246094,206.72000122070312,199.97999572753906,206.2100067138672,269400,0.0,0.0
2025-03-03 00:00:00-05:00,206.52999877929688,208.67999267578125,198.91000366210938,199.8800048828125,178800,0.0,0.0
2025-03-04 00:00:00-05:00,197.19000244140625,199.2899932861328,191.39999389648438,191.67999267578125,512400,0.0,0.0
2025-03-05 00:00:00-05:00,191.92999267578125,193.0800018310547,178.55999755859375,180.7100067138672,636900,0.0,0.0
2025-03-06 00:00:00-05:00,177.99000549316406,184.3300018310547,177.50999450683594,184.1699981689453,291300,0.0,0.0
2025-03-07 00:00:00-05:00,183.17999267578125,187.4199981689453,178.3699951171875,182.6999969482422,318000,0.0,0.0
2025-03-10 00:00:00-04:00,179.8800048828125,182.6999969482422,177.0,180.52000427246094,226800,0.0,0.0
2025-03-11 00:00:00-04:00,181.72000122070312,185.07000732421875,179.00999450683594,180.49000549316406,210500,0.0,0.0
2025-03-12 00:00:00-04:00,185.27999877929688,189.14999389648438,180.61000061035156,181.66000366210938,326200,0.0,0.0
2025-03-13 00:00:00-04:00,170.69000244140625,175.64999389648438,153.39999389648438,175.30999755859375,1287200,0.0,0.0
2025-03-14 00:00:00-04:00,176.38999938964844,186.30999755859375,176.38999938964844,184.24000549316406,528600,0.0,0.0
2025-03-17 00:00:00-04:00,182.9600067138672,189.52999877929688,182.9600067138672,189.1699981689453,330400,0.0,0.0
2025-03-18 00:00:00-04:00,187.94000244140625,193.1199951171875,185.4499969482422,192.6699981689453,240900,0.0,0.0
2025-03-19 00:00:00-04:00,192.86000061035156,204.82000732421875,192.61000061035156,202.8300018310547,393600,0.0,0.0
2025-03-20 00:00:00-04:00,202.72000122070312,203.00999450683594,197.08999633789062,197.42999267578125,323400,0.0,0.0
2025-03-21 00:00:00-04:00,195.36000061035156,195.36000061035156,190.80999755859375,193.77999877929688,337400,0.0,0.0
2025-03-24 00:00:00-04:00,198.11000061035156,204.55999755859375,197.5399932861328,203.32000732421875,197900,0.0,0.0
2025-03-25 00:00:00-04:00,202.5500030517578,206.05999755859375,201.25999450683594,203.9199981689453,181100,0.0,0.0
2025-03-26 00:00:00-04:00,205.1999969482422,205.83999633789062,198.36000061035156,200.3000030517578,166000,0.0,0.0
2025-03-27 00:00:00-04:00,200.10000610351562,201.17999267578125,196.99000549316406,199.11000061035156,122400,0.0,0.0
2025-03-28 00:00:00-04:00,197.4199981689453,198.6300048828125,191.4499969482422,193.32000732421875,172100,0.0,0.0
2025-03-31 00:00:00-04:00,189.6699981689453,195.75,187.5500030517578,194.33999633789062,221200,0.0,0.0
2025-04-01 00:00:00-04:00,193.25,197.32000732421875,191.60000610351562,194.6999969482422,141800,0.0,0.0
2025-04-02 00:00:00-04:00,192.5,199.16000366210938,191.22999572753906,198.27000427246094,156100,0.0,0.0
2025-04-03 00:00:00-04:00,187.58999633789062,190.8800048828125,179.57000732421875,180.30999755859375,245700,0.0,0.0
2025-04-04 00:00:00-04:00,170.66000366210938,176.1999969482422,164.0800018310547,174.4600067138672,358200,0.0,0.0
2025-04-07 00:00:00-04:00,169.1699981689453,182.64999389648438,164.17999267578125,178.77000427246094,338900,0.0,0.0
2025-04-08 00:00:00-04:00,184.0399932861328,187.9199981689453,170.4499969482422,174.22000122070312,250800,0.0,0.0
2025-04-09 00:00:00-04:00,172.3800048828125,194.69000244140625,171.0399932861328,191.16000366210938,452900,0.0,0.0
2025-04-10 00:00:00-04:00,187.27999877929688,189.27000427246094,181.07000732421875,184.44000244140625,277100,0.0,0.0
2025-04-11 00:00:00-04:00,184.17999267578125,191.30999755859375,181.57000732421875,189.50999450683594,180200,0.0,0.0
2025-04-14 00:00:00-04:00,188.5800018310547,193.64999389648438,185.22999572753906,192.6999969482422,162300,0.0,0.0
2025-04-15 00:00:00-04:00,191.94000244140625,196.1300048828125,190.89999389648438,193.10000610351562,160100,0.0,0.0
2025-04-16 00:00:00-04:00,192.6999969482422,193.52000427246094,185.44000244140625,189.35000610351562,174400,0.0,0.0
2025-04-17 00:00:00-04:00,189.55999755859375,195.4600067138672,189.24000549316406,194.19000244140625,250000,0.0,0.0
2025-04-21 00:00:00-04:00,192.2899932861328,193.82000732421875,186.16000366210938,188.0399932861328,119400,0.0,0.0
2025-04-22 00:00:00-04:00,191.67999267578125,192.75,188.47999572753906,189.4199981689453,109000,0.0,0.0
2025-04-23 00:00:00-04:00,197.42999267578125,201.69000244140625,192.7899932861328,193.5800018310547,174600,0.0,0.0
2025-04-24 00:00:00-04:00,192.8699951171875,202.7100067138672,192.8699951171875,202.30999755859375,125900,0.0,0.0
2025-04-25 00:00:00-04:00,202.2899932861328,203.0399932861328,198.00999450683594,201.67999267578125,102400,0.0,0.0
2025-04-28 00:00:00-04:00,201.72999572753906,204.55999755859375,198.49000549316406,201.5,154900,0.0,0.0
2025-04-29 00:00:00-04:00,201.11000061035156,204.25999450683594,199.41000366210938,203.1199951171875,98700,0.0,0.0
2025-04-30 00:00:00-04:00,199.08999633789062,205.77000427246094,197.9499969482422,204.74000549316406,182300,0.0,0.0
2025-05-01 00:00:00-04:00,225.2100067138672,226.49000549316406,210.3000030517578,224.3300018310547,683300,0.0,0.0
2025-05-02 00:00:00-04:00,226.5,227.33999633789062,219.7899932861328,224.86000061035156,443000,0.0,0.0
2025-05-05 00:00:00-04:00,223.6300048828125,225.08999633789062,220.0800018310547,220.55999755859375,208000,0.0,0.0
2025-05-06 00:00:00-04:00,216.77000427246094,222.4499969482422,215.33999633789062,220.61000061035156,365800,0.0,0.0
2025-05-07 00:00:00-04:00,222.89999389648438,224.16000366210938,218.17999267578125,221.38999938964844,204000,0.0,0.0
2025-05-08 00:00:00-04:00,224.88999938964844,226.00999450683594,220.88999938964844,222.1699981689453,221600,0.0,0.0
2025-05-09 00:00:00-04:00,222.38999938964844,224.1699981689453,219.02999877929688,223.52999877929688,134100,0.0,0.0
2025-05-12 00:00:00-04:00,230.16000366210938,233.8000030517578,226.0,226.99000549316406,177900,0.0,0.0
2025-05-13 00:00:00-04:00,227.24000549316406,232.0,227.24000549316406,230.25,223200,0.0,0.0
2025-05-14 00:00:00-04:00,230.41000366210938,233.5800018310547,226.2100067138672,226.22000122070312,204000,0.0,0.0
2025-05-15 00:00:00-04:00,226.05999755859375,228.1999969482422,223.1699981689453,227.97999572753906,160200,0.0,0.0
2025-05-16 00:00:00-04:00,226.75,232.1699981689453,226.5800018310547,232.0,185500,0.0,0.0
2025-05-19 00:00:00-04:00,228.1300048828125,230.17999267578125,227.7899932861328,229.64999389648438,89700,0.0,0.0
2025-05-20 00:00:00-04:00,229.3300018310547,231.0,228.80999755859375,230.1300048828125,80500,0.0,0.0
2025-05-21 00:00:00-04:00,228.89999389648438,229.8800048828125,224.3300018310547,226.9499969482422,144800,0.0,0.0
2025-05-22 00:00:00-04:00,226.33999633789062,231.5500030517578,225.6300048828125,228.67999267578125,139500,0.0,0.0
2025-05-23 00:00:00-04:00,224.1199951171875,228.74000549316406,218.33999633789062,227.44000244140625,115800,0.0,0.0
2025-05-27 00:00:00-04:00,231.10000610351562,234.58999633789062,226.99000549316406,227.72999572753906,131300,0.0,0.0
2025-05-28 00:00:00-04:00,227.72999572753906,227.99000549316406,209.75,216.0,309000,0.0,0.0
2025-05-29 00:00:00-04:00,217.3000030517578,220.91000366210938,215.8699951171875,220.19000244140625,243800,0.0,0.0
2025-05-30 00:00:00-04:00,218.77999877929688,219.88999938964844,215.25999450683594,219.11000061035156,215900,0.0,0.0
2025-06-02 00:00:00-04:00,219.11000061035156,219.7899932861328,215.10000610351562,217.47999572753906,254400,0.0,0.0
2025-06-03 00:00:00-04:00,218.67999267578125,221.99000549316406,215.5,221.1699981689453,158600,0.0,0.0
2025-06-04 00:00:00-04:00,222.74000549316406,225.63999938964844,221.49000549316406,223.6300048828125,202100,0.0,0.0
2025-06-05 00:00:00-04:00,223.05999755859375,224.80999755859375,221.14999389648438,222.88999938964844,184900,0.0,0.0
2025-06-06 00:00:00-04:00,226.77000427246094,227.52999877929688,223.25,226.47000122070312,104600,0.0,0.0
2025-06-09 00:00:00-04:00,228.74000549316406,229.13999938964844,226.00999450683594,227.77999877929688,99700,0.0,0.0
2025-06-10 00:00:00-04:00,227.86000061035156,231.88999938964844,227.6699981689453,231.60000610351562,148700,0.0,0.0
2025-06-11 00:00:00-04:00,231.60000610351562,241.63999938964844,230.32000732421875,239.0500030517578,415600,0.0,0.0
2025-06-12 00:00:00-04:00,236.24000549316406,240.11000061035156,234.75,236.5800018310547,149700,0.0,0.0
2025-06-13 00:00:00-04:00,233.50999450683594,235.66000366210938,228.49000549316406,229.5399932861328,247500,0.0,0.0
2025-06-16 00:00:00-04:00,230.0,234.89999389648438,228.32000732421875,234.8300018310547,200000,0.0,0.0
2025-06-17 00:00:00-04:00,233.10000610351562,233.61000061035156,223.9600067138672,224.77000427246094,206900,0.0,0.0
2025-06-18 00:00:00-04:00,224.1199951171875,229.1699981689453,217.33999633789062,218.36000061035156,354400,0.0,0.0
2025-06-20 00:00:00-04:00,218.80999755859375,218.80999755859375,212.32000732421875,214.9499969482422,480100,0.0,0.0
2025-06-23 00:00:00-04:00,214.9499969482422,216.5,210.24000549316406,215.69000244140625,279800,0.0,0.0
2025-06-24 00:00:00-04:00,217.07000732421875,218.07000732421875,212.0500030517578,214.22999572753906,243500,0.0,0.0
2025-06-25 00:00:00-04:00,215.0,219.58999633789062,212.80999755859375,214.5399932861328,228600,0.0,0.0
2025-06-26 00:00:00-04:00,216.38999938964844,224.75999450683594,214.27000427246094,224.50999450683594,191900,0.0,0.0
2025-06-27 00:00:00-04:00,225.50999450683594,226.3000030517578,221.11000061035156,224.0500030517578,232700,0.0,0.0
2025-06-30 00:00:00-04:00,226.32000732421875,226.32000732421875,222.2100067138672,224.86000061035156,143200,0.0,0.0
2025-07-01 00:00:00-04:00,223.41000366210938,230.4600067138672,223.0500030517578,226.74000549316406,206300,0.0,0.0
2025-07-02 00:00:00-04:00,226.49000549316406,230.3000030517578,225.5399932861328,228.63999938964844,208400,0.0,0.0
2025-07-03 00:00:00-04:00,229.75,233.94000244140625,224.5,232.50999450683594,70200,0.0,0.0
2025-07-07 00:00:00-04:00,231.3800048828125,233.5800018310547,229.10000610351562,230.80999755859375,168200,0.0,0.0
2025-07-08 00:00:00-04:00,231.41000366210938,235.0,231.41000366210938,233.8300018310547,202800,0.0,0.0
2025-07-09 00:00:00-04:00,234.55999755859375,236.75999450683594,226.6199951171875,235.63999938964844,222800,0.0,0.0
2025-07-10 00:00:00-04:00,236.9199981689453,240.4499969482422,229.92999267578125,229.97999572753906,359100,0.0,0.0
2025-07-11 00:00:00-04:00,228.86000061035156,228.86000061035156,212.38999938964844,212.75,289700,0.0,0.0
2025-07-14 00:00:00-04:00,211.2899932861328,214.80999755859375,209.5399932861328,212.3000030517578,286700,0.0,0.0
2025-07-15 00:00:00-04:00,213.6300048828125,214.25,206.92999267578125,208.1199951171875,159300,0.0,0.0
2025-07-16 00:00:00-04:00,209.97999572753906,214.16000366210938,207.0500030517578,212.11000061035156,144800,0.0,0.0
2025-07-17 00:00:00-04:00,212.0,216.02000427246094,205.8699951171875,213.82000732421875,148700,0.0,0.0
2025-07-18 00:00:00-04:00,216.25,216.25,209.3000030517578,211.3800048828125,129600,0.0,0.0
2025-07-21 00:00:00-04:00,212.66000366210938,221.00999450683594,211.5399932861328,215.88999938964844,143600,0.0,0.0
2025-07-22 00:00:00-04:00,215.10000610351562,217.7100067138672,210.02000427246094,217.07000732421875,145600,0.0,0.0
2025-07-23 00:00:00-04:00,218.89999389648438,227.52999877929688,217.5,226.66000366210938,147100,0.0,0.0
2025-07-24 00:00:00-04:00,224.44000244140625,226.91000366210938,223.6199951171875,224.02999877929688,110500,0.0,0.0
2025-07-25 00:00:00-04:00,225.3000030517578,229.6999969482422,224.91000366210938,226.0800018310547,101400,0.0,0.0
2025-07-28 00:00:00-04:00,225.1699981689453,226.25999450683594,220.3699951171875,224.07000732421875,126300,0.0,0.0
2025-07-29 00:00:00-04:00,226.1199951171875,227.8699951171875,223.74000549316406,225.22000122070312,78000,0.0,0.0
2025-07-30 00:00:00-04:00,226.08999633789062,230.47999572753906,222.0,223.5399932861328,139600,0.0,0.0
2025-07-31 00:00:00-04:00,222.14999389648438,224.1300048828125,220.0500030517578,221.00999450683594,118300,0.0,0.0
2025-08-01 00:00:00-04:00,216.63999938964844,220.4600067138672,215.02999877929688,219.57000732421875,158800,0.0,0.0
2025-08-04 00:00:00-04:00,221.1199951171875,224.1199951171875,217.55999755859375,221.69000244140625,156000,0.0,0.0
2025-08-05 00:00:00-04:00,221.14999389648438,221.6999969482422,217.99000549316406,219.63999938964844,162700,0.0,0.0
2025-08-06 00:00:00-04:00,220.55999755859375,222.72000122070312,218.7899932861328,221.0500030517578,99400,0.0,0.0
2025-08-07 00:00:00-04:00,222.7899932861328,223.92999267578125,219.7899932861328,223.92999267578125,113400,0.0,0.0
2025-08-08 00:00:00-04:00,225.7899932861328,228.9499969482422,222.3300018310547,225.94000244140625,141200,0.0,0.0
2025-08-11 00:00:00-04:00,226.08999633789062,227.69000244140625,223.75,224.22000122070312,283400,0.0,0.0
2025-08-12 00:00:00-04:00,225.72999572753906,233.64999389648438,224.60000610351562,233.17999267578125,133100,0.0,0.0
2025-08-13 00:00:00-04:00,235.3000030517578,239.1300048828125,232.67999267578125,236.0500030517578,141000,0.0,0.0
2025-08-14 00:00:00-04:00,232.61000061035156,236.27000427246094,231.11000061035156,233.49000549316406,133700,0.0,0.0
2025-08-15 00:00:00-04:00,234.32000732421875,234.69000244140625,232.61000061035156,234.27000427246094,136000,0.0,0.0
2025-08-18 00:00:00-04:00,234.07000732421875,236.5800018310547,230.99000549316406,231.22000122070312,220000,0.0,0.0
2025-08-19 00:00:00-04:00,231.61000061035156,232.94000244140625,226.2100067138672,226.91000366210938,135000,0.0,0.0
2025-08-20 00:00:00-04:00,226.7899932861328,229.0,219.8300018310547,223.38999938964844,530100,0.0,0.0
2025-08-21 00:00:00-04:00,220.17999267578125,228.64999389648438,204.0,217.88999938964844,770500,0.0,0.0
2025-08-22 00:00:00-04:00,221.25999450683594,230.3699951171875,218.77000427246094,228.6999969482422,325000,0.0,0.0
2025-08-25 00:00:00-04:00,228.99000549316406,228.99000549316406,224.16000366210938,225.19000244140625,170100,0.0,0.0
2025-08-26 00:00:00-04:00,225.27000427246094,232.14999389648438,225.27000427246094,230.77999877929688,219700,0.0,0.0
2025-08-27 00:00:00-04:00,230.80999755859375,234.27999877929688,230.0,230.3800048828125,198900,0.0,0.0
2025-08-28 00:00:00-04:00,230.97999572753906,232.3800048828125,225.5399932861328,229.1199951171875,187700,0.0,0.0
2025-08-29 00:00:00-04:00,228.8000030517578,231.44000244140625,226.92999267578125,230.0500030517578,122200,0.0,0.0
2025-09-02 00:00:00-04:00,226.13999938964844,233.24000549316406,226.0800018310547,232.66000366210938,119000,0.0,0.0
2025-09-03 00:00:00-04:00,231.50999450683594,235.0,228.91000366210938,232.8800048828125,176300,0.0,0.0
2025-09-04 00:00:00-04:00,233.5800018310547,236.92999267578125,232.0800018310547,235.7100067138672,113700,0.0,0.0
2025-09-05 00:00:00-04:00,235.7100067138672,238.16000366210938,231.39999389648438,233.5500030517578,106800,0.0,0.0
2025-09-08 00:00:00-04:00,233.75,235.49000549316406,226.0,229.11000061035156,155100,0.0,0.0
2025-09-09 00:00:00-04:00,229.4199981689453,231.32000732421875,227.1999969482422,229.64999389648438,114100,0.0,0.0
2025-09-10 00:00:00-04:00,229.64999389648438,239.05999755859375,229.27999877929688,235.6999969482422,162100,0.0,0.0
2025-09-11 00:00:00-04:00,236.33999633789062,240.7100067138672,236.33999633789062,239.5500030517578,107700,0.0,0.0
2025-09-12 00:00:00-04:00,238.2899932861328,238.2899932861328,233.38999938964844,234.8000030517578,76800,0.0,0.0
2025-09-15 00:00:00-04:00,234.6699981689453,237.32000732421875,232.38999938964844,236.24000549316406,81400,0.0,0.0
2025-09-16 00:00:00-04:00,236.07000732421875,238.50999450683594,234.6699981689453,238.10000610351562,144900,0.0,0.0
2025-09-17 00:00:00-04:00,239.11000061035156,242.22000122070312,235.63999938964844,237.49000549316406,103900,0.0,0.0
2025-09-18 00:00:00-04:00,237.6999969482422,244.49000549316406,236.97000122070312,242.4499969482422,138600,0.0,0.0
2025-09-19 00:00:00-04:00,243.1999969482422,244.3800048828125,233.9600067138672,235.44000244140625,454000,0.0,0.0
2025-09-22 00:00:00-04:00,234.25999450683594,238.3800048828125,227.50999450683594,237.52000427246094,135300,0.0,0.0
2025-09-23 00:00:00-04:00,238.0399932861328,241.3000030517578,235.02000427246094,236.7899932861328,164800,0.0,0.0
2025-09-24 00:00:00-04:00,237.27999877929688,237.27999877929688,226.5,227.60000610351562,157100,0.0,0.0
2025-09-25 00:00:00-04:00,226.89999389648438,232.3699951171875,224.33999633789062,231.6300048828125,160700,0.0,0.0
2025-09-26 00:00:00-04:00,234.58999633789062,237.72000122070312,231.89999389648438,236.4199981689453,109300,0.0,0.0
2025-09-29 00:00:00-04:00,239.0500030517578,242.6199951171875,236.94000244140625,237.99000549316406,152500,0.0,0.0
2025-09-30 00:00:00-04:00,238.25999450683594,249.7899932861328,235.9199981689453,249.24000549316406,228700,0.0,0.0
2025-10-01 00:00:00-04:00,246.77000427246094,248.61000061035156,243.58999633789062,245.66000366210938,185400,0.0,0.0
2025-10-02 00:00:00-04:00,246.5800018310547,249.11000061035156,244.17999267578125,248.0800018310547,131200,0.0,0.0
2025-10-03 00:00:00-04:00,249.8300018310547,255.49000549316406,249.6999969482422,251.27000427246094,119000,0.0,0.0
2025-10-06 00:00:00-04:00,252.5800018310547,257.3299865722656,250.99000549316406,251.1699981689453,114200,0.0,0.0
2025-10-07 00:00:00-04:00,252.0,254.88999938964844,248.0,249.3800048828125,141000,0.0,0.0
2025-10-08 00:00:00-04:00,251.22000122070312,253.8699951171875,244.82000732421875,248.61000061035156,144100,0.0,0.0
2025-10-09 00:00:00-04:00,250.55999755859375,250.8300018310547,246.05999755859375,249.57000732421875,128000,0.0,0.0
2025-10-10 00:00:00-04:00,249.22999572753906,249.69000244140625,241.19000244140625,241.5,173300,0.0,0.0
2025-10-13 00:00:00-04:00,244.75999450683594,249.30999755859375,243.8000030517578,247.1300048828125,78600,0.0,0.0
2025-10-14 00:00:00-04:00,243.9600067138672,252.72999572753906,243.38999938964844,250.25,75600,0.0,0.0
2025-10-15 00:00:00-04:00,253.3300018310547,257.1199951171875,250.4600067138672,256.6600036621094,119300,0.0,0.0
2025-10-16 00:00:00-04:00,257.4100036621094,257.4100036621094,246.58999633789062,246.74000549316406,170500,0.0,0.0
2025-10-17 00:00:00-04:00,244.88999938964844,247.49000549316406,242.1699981689453,244.47999572753906,95200,0.0,0.0
2025-10-20 00:00:00-04:00,248.47999572753906,257.19000244140625,248.47999572753906,254.10000610351562,137400,0.0,0.0
2025-10-21 00:00:00-04:00,253.1199951171875,256.9800109863281,241.24000549316406,251.86000061035156,134800,0.0,0.0
2025-10-22 00:00:00-04:00,251.66000366210938,251.66000366210938,242.60000610351562,243.19000244140625,110300,0.0,0.0
2025-10-23 00:00:00-04:00,244.36000061035156,248.49000549316406,241.4600067138672,247.52999877929688,65800,0.0,0.0
2025-10-24 00:00:00-04:00,250.13999938964844,255.33999633789062,249.44000244140625,251.11000061035156,80600,0.0,0.0
2025-10-27 00:00:00-04:00,253.02999877929688,255.97999572753906,251.9499969482422,254.0,126100,0.0,0.0
2025-10-28 00:00:00-04:00,252.9199981689453,254.77000427246094,249.75,250.94000244140625,129500,0.0,0.0
2025-10-29 00:00:00-04:00,252.92999267578125,256.7799987792969,244.7899932861328,249.3699951171875,140500,0.0,0.0
2025-10-30 00:00:00-04:00,247.02000427246094,249.6999969482422,243.25,243.82000732421875,137500,0.0,0.0
2025-10-31 00:00:00-04:00,251.5,282.5400085449219,246.4600067138672,278.4599914550781,644200,0.0,0.0
2025-11-03 00:00:00-05:00,278.2799987792969,282.5899963378906,273.29998779296875,281.1000061035156,384000,0.0,0.0
2025-11-04 00:00:00-05:00,274.9200134277344,282.9599914550781,271.4700012207031,277.5400085449219,173900,0.0,0.0
2025-11-05 00:00:00-05:00,280.3599853515625,283.2300109863281,274.05999755859375,281.6300048828125,109000,0.0,0.0
2025-11-06 00:00:00-05:00,278.9200134277344,285.0,274.6099853515625,282.2699890136719,213200,0.0,0.0
2025-11-07 00:00:00-05:00,279.6000061035156,288.6400146484375,276.75,284.8599853515625,245100,0.0,0.0
2025-11-10 00:00:00-05:00,286.1000061035156,288.1000061035156,283.1499938964844,285.5299987792969,175300,0.0,0.0
2025-11-11 00:00:00-05:00,283.3699951171875,288.3299865722656,282.8999938964844,286.9599914550781,226700,0.0,0.0
2025-11-12 00:00:00-05:00,287.3299865722656,292.3399963378906,282.20001220703125,283.4800109863281,232300,0.0,0.0
2025-11-13 00:00:00-05:00,280.6600036621094,283.2799987792969,268.2900085449219,272.8699951171875,205800,0.0,0.0
2025-11-14 00:00:00-05:00,270.1400146484375,276.3800048828125,262.45001220703125,273.54998779296875,183500,0.0,0.0
2025-11-17 00:00:00-05:00,257.55999755859375,268.54998779296875,257.55999755859375,267.0299987792969,423700,0.0,0.0
2025-11-18 00:00:00-05:00,267.4700012207031,269.0,250.0800018310547,251.25999450683594,1511300,0.0,0.0
2025-11-19 00:00:00-05:00,250.7899932861328,259.95001220703125,236.41000366210938,237.82000732421875,405400,0.0,0.0
2025-11-20 00:00:00-05:00,243.42999267578125,248.32000732421875,231.66000366210938,233.97000122070312,602000,0.0,0.0
2025-11-21 00:00:00-05:00,233.74000549316406,254.3699951171875,233.74000549316406,251.10000610351562,361800,0.0,0.0
2025-11-24 00:00:00-05:00,251.2899932861328,258.25,250.0,256.3399963378906,240700,0.0,0.0
2025-11-25 00:00:00-05:00,258.1199951171875,269.1499938964844,253.30999755859375,267.32000732421875,379900,0.0,0.0
2025-11-26 00:00:00-05:00,266.9100036621094,275.5,266.9100036621094,271.55999755859375,311100,0.0,0.0
2025-11-28 00:00:00-05:00,273.4599914550781,274.67999267578125,268.04998779296875,270.8500061035156,181800,0.0,0.0
2025-12-01 00:00:00-05:00,268.94000244140625,274.70001220703125,266.19000244140625,268.3900146484375,278700,0.0,0.0
2025-12-02 00:00:00-05:00,270.0,271.3800048828125,266.0299987792969,266.1700134277344,158600,0.0,0.0
2025-12-03 00:00:00-05:00,266.1499938964844,275.6499938964844,264.7799987792969,273.19000244140625,260500,0.0,0.0
2025-12-04 00:00:00-05:00,272.8299865722656,275.3399963378906,270.05999755859375,271.010009765625,204100,0.0,0.0
2025-12-05 00:00:00-05:00,270.6300048828125,272.04998779296875,263.3900146484375,266.0,188900,0.0,0.0
2025-12-08 00:00:00-05:00,269.04998779296875,269.04998779296875,261.55999755859375,262.6099853515625,191400,0.0,0.0
2025-12-09 00:00:00-05:00,263.3699951171875,266.3299865722656,260.07000732421875,260.32000732421875,253400,0.0,0.0
2025-12-10 00:00:00-05:00,259.57000732421875,264.5400085449219,257.4100036621094,262.3999938964844,183800,0.0,0.0
2025-12-11 00:00:00-05:00,264.55999755859375,266.7300109863281,259.6199951171875,265.8500061035156,161500,0.0,0.0
2025-12-12 00:00:00-05:00,264.80999755859375,264.80999755859375,257.6199951171875,259.44000244140625,161800,0.0,0.0
2025-12-15 00:00:00-05:00,262.29998779296875,262.92999267578125,258.260009765625,262.3800048828125,144500,0.0,0.0
2025-12-16 00:00:00-05:00,264.1000061035156,264.3800048828125,260.7699890136719,262.6499938964844,207500,0.0,0.0
2025-12-17 00:00:00-05:00,262.8399963378906,266.3699951171875,259.17999267578125,262.3399963378906,252500,0.0,0.0
2025-12-18 00:00:00-05:00,265.4700012207031,270.8800048828125,264.2099914550781,266.9800109863281,304400,0.0,0.0
2025-12-19 00:00:00-05:00,265.5400085449219,273.25,262.19000244140625,264.5299987792969,422900,0.0,0.0
2025-12-22 00:00:00-05:00,266.8500061035156,277.4700012207031,266.8500061035156,275.19000244140625,247600,0.0,0.0
2025-12-23 00:00:00-05:00,274.54998779296875,276.8800048828125,266.0199890136719,266.9100036621094,227000,0.0,0.0
2025-12-24 00:00:00-05:00,269.1000061035156,270.510009765625,266.4700012207031,269.67999267578125,73200,0.0,0.0
2025-12-26 00:00:00-05:00,268.4599914550781,270.739990234375,267.67999267578125,269.82000732421875,63100,0.0,0.0
2025-12-29 00:00:00-05:00,270.489990234375,277.0299987792969,263.54998779296875,270.1600036621094,253100,0.0,0.0
2025-12-30 00:00:00-05:00,268.6400146484375,272.8299865722656,261.32000732421875,262.95001220703125,358300,0.0,0.0
2025-12-31 00:00:00-05:00,262.7200012207031,264.1300048828125,254.6300048828125,255.05999755859375,253600,0.0,0.0
2026-01-02 00:00:00-05:00,258.0199890136719,260.8399963378906,252.72999572753906,255.5800018310547,291100,0.0,0.0
2026-01-05 00:00:00-05:00,257.4700012207031,273.70001220703125,256.82000732421875,271.3800048828125,299100,0.0,0.0
2026-01-06 00:00:00-05:00,269.07000732421875,285.7900085449219,264.8500061035156,284.57000732421875,521800,0.0,0.0
2026-01-07 00:00:00-05:00,284.5199890136719,286.6300048828125,273.2099914550781,274.69000244140625,409000,0.0,0.0
2026-01-08 00:00:00-05:00,273.489990234375,279.6199951171875,271.3500061035156,279.6099853515625,226700,0.0,0.0
2026-01-09 00:00:00-05:00,279.2900085449219,283.7099914550781,278.45001220703125,278.9200134277344,202400,0.0,0.0
2026-01-12 00:00:00-05:00,278.7200012207031,278.7200012207031,268.239990234375,269.1199951171875,179700,0.0,0.0
2026-01-13 00:00:00-05:00,270.2699890136719,278.1199951171875,270.2699890136719,274.67999267578125,170700,0.0,0.0
2026-01-14 00:00:00-05:00,274.07000732421875,289.4599914550781,272.739990234375,286.6499938964844,247100,0.0,0.0
2026-01-15 00:00:00-05:00,288.0799865722656,293.2200012207031,284.9599914550781,290.79998779296875,139700,0.0,0.0
2026-01-16 00:00:00-05:00,290.8900146484375,293.42999267578125,287.9700012207031,291.989990234375,161100,0.0,0.0
2026-01-20 00:00:00-05:00,285.54998779296875,291.9599914550781,278.6099853515625,288.0,128000,0.0,0.0
2026-01-21 00:00:00-05:00,291.1700134277344,294.92999267578125,284.4599914550781,289.67999267578125,236000,0.0,0.0
2026-01-22 00:00:00-05:00,289.70001220703125,293.92999267578125,281.9700012207031,287.4599914550781,256800,0.0,0.0
2026-01-23 00:00:00-05:00,287.0299987792969,293.239990234375,272.489990234375,274.989990234375,251400,0.0,0.0
2026-01-26 00:00:00-05:00,276.8500061035156,283.57000732421875,271.57000732421875,274.989990234375,314700,0.0,0.0
2026-01-27 00:00:00-05:00,276.32000732421875,277.8999938964844,273.0899963378906,276.9700012207031,143400,0.0,0.0
2026-01-28 00:00:00-05:00,279.1400146484375,282.0199890136719,269.510009765625,271.3900146484375,315900,0.0,0.0
2026-01-29 00:00:00-05:00,271.95001220703125,281.0,266.30999755859375,269.739990234375,350100,0.0,0.0
2026-01-30 00:00:00-05:00,264.3399963378906,278.1300048828125,248.1699981689453,250.13999938964844,653400,0.0,0.0
2026-02-02 00:00:00-05:00,247.14999389648438,256.6499938964844,243.4199981689453,252.72000122070312,455100,0.0,0.0
2026-02-03 00:00:00-05:00,253.94000244140625,257.6199951171875,248.94000244140625,255.99000549316406,238800,0.0,0.0
2026-02-04 00:00:00-05:00,259.6000061035156,267.07000732421875,252.2899932861328,253.10000610351562,332400,0.0,0.0
2026-02-05 00:00:00-05:00,253.27999877929688,262.1400146484375,249.9199981689453,258.1600036621094,388400,0.0,0.0
2026-02-06 00:00:00-05:00,263.9700012207031,273.6300048828125,263.7699890136719,271.260009765625,295400,0.0,0.0
2026-02-09 00:00:00-05:00,271.7900085449219,278.75,270.54998779296875,274.760009765625,177400,0.0,0.0
2026-02-10 00:00:00-05:00,276.6199951171875,277.739990234375,268.1199951171875,274.1000061035156,191800,0.0,0.0
2026-02-11 00:00:00-05:00,278.260009765625,279.92999267578125,264.0,267.20001220703125,204400,0.0,0.0
2026-02-12 00:00:00-05:00,268.75,275.54998779296875,261.1499938964844,264.9800109863281,184800,0.0,0.0
2026-02-13 00:00:00-05:00,267.989990234375,273.1199951171875,264.7699890136719,268.6099853515625,139500,0.0,0.0
2026-02-17 00:00:00-05:00,268.6000061035156,271.8999938964844,262.760009765625,264.5799865722656,219300,0.0,0.0
2026-02-18 00:00:00-05:00,265.760009765625,276.04998779296875,264.4700012207031,273.9700012207031,187400,0.0,0.0
2026-02-19 00:00:00-05:00,273.54998779296875,286.0799865722656,271.7799987792969,286.07000732421875,374000,0.0,0.0
2026-02-20 00:00:00-05:00,286.2900085449219,294.8399963378906,281.0299987792969,292.8900146484375,318300,0.0,0.0
2026-02-23 00:00:00-05:00,292.1499938964844,295.8900146484375,288.2300109863281,293.6499938964844,325900,0.0,0.0
2026-02-24 00:00:00-05:00,294.4100036621094,306.1199951171875,294.4100036621094,297.8699951171875,299900,0.0,0.0
2026-02-25 00:00:00-05:00,301.6600036621094,302.989990234375,290.3800048828125,295.260009765625,210600,0.0,0.0
2026-02-26 00:00:00-05:00,296.79998779296875,304.07000732421875,285.45001220703125,289.9200134277344,150500,0.0,0.0
2026-02-27 00:00:00-05:00,287.1000061035156,288.92999267578125,280.3999938964844,285.20001220703125,144400,0.0,0.0
2026-03-02 00:00:00-05:00,282.010009765625,290.75,281.42999267578125,286.6700134277344,280300,0.0,0.0
2026-03-03 00:00:00-05:00,279.7799987792969,291.4800109863281,276.0,286.8999938964844,210900,0.0,0.0
2026-03-04 00:00:00-05:00,287.3299865722656,292.25,281.3999938964844,288.5799865722656,275400,0.0,0.0
2026-03-05 00:00:00-05:00,283.79998779296875,287.7699890136719,269.7200012207031,274.0299987792969,325100,0.0,0.0
2026-03-06 00:00:00-05:00,267.6000061035156,272.69000244140625,264.0,267.2799987792969,186300,0.0,0.0
2026-03-09 00:00:00-04:00,260.6199951171875,282.80999755859375,256.54998779296875,282.1600036621094,444400,0.0,0.0
2026-03-10 00:00:00-04:00,283.8999938964844,287.0,276.260009765625,279.010009765625,284400,0.0,0.0
2026-03-11 00:00:00-04:00,276.29998779296875,279.9700012207031,267.2900085449219,279.4700012207031,188100,0.0,0.0
2026-03-12 00:00:00-04:00,278.3500061035156,279.92999267578125,272.0799865722656,275.5,366200,0.0,0.0
2026-03-13 00:00:00-04:00,277.0199890136719,278.0,265.8500061035156,270.9200134277344,172500,0.0,0.0
2026-03-16 00:00:00-04:00,274.0,282.20001220703125,272.8900146484375,278.3500061035156,232000,0.0,0.0
2026-03-17 00:00:00-04:00,279.6499938964844,280.1700134277344,262.5899963378906,269.0799865722656,323200,0.0,0.0
2026-03-18 00:00:00-04:00,269.44000244140625,275.2900085449219,264.70001220703125,269.95001220703125,271200,0.0,0.0
2026-03-19 00:00:00-04:00,265.6700134277344,289.8500061035156,265.6700134277344,284.5299987792969,392100,0.0,0.0
2026-03-20 00:00:00-04:00,282.989990234375,285.07000732421875,270.20001220703125,274.45001220703125,692800,0.0,0.0
2026-03-23 00:00:00-04:00,279.3399963378906,295.70001220703125,279.3399963378906,289.1300048828125,591400,0.0,0.0
2026-03-24 00:00:00-04:00,285.7900085449219,289.489990234375,279.739990234375,285.2699890136719,308300,0.0,0.0
2026-03-25 00:00:00-04:00,288.1400146484375,288.29998779296875,279.67999267578125,284.57000732421875,166200,0.0,0.0
2026-03-26 00:00:00-04:00,280.8599853515625,284.0,272.7699890136719,274.70001220703125,227100,0.0,0.0
2026-03-27 00:00:00-04:00,271.8800048828125,278.6499938964844,269.95001220703125,272.3299865722656,288100,0.0,0.0
2026-03-30 00:00:00-04:00,278.3299865722656,278.3299865722656,263.9599914550781,264.7099914550781,394500,0.0,0.0
2026-03-31 00:00:00-04:00,265.95001220703125,270.54998779296875,261.5,265.510009765625,389100,0.0,0.0
2026-04-01 00:00:00-04:00,269.0199890136719,271.8800048828125,262.1499938964844,263.5799865722656,369900,0.0,0.0
2026-04-02 00:00:00-04:00,258.6499938964844,272.5899963378906,255.1199951171875,268.1099853515625,260400,0.0,0.0
2026-04-06 00:00:00-04:00,268.69000244140625,275.5899963378906,268.69000244140625,274.3299865722656,206300,0.0,0.0
2026-04-07 00:00:00-04:00,272.989990234375,275.7099914550781,266.8399963378906,275.54998779296875,201700,0.0,0.0
2026-04-08 00:00:00-04:00,283.6000061035156,293.2300109863281,283.6000061035156,288.4700012207031,236800,0.0,0.0
2026-04-09 00:00:00-04:00,288.79998779296875,295.9800109863281,288.79998779296875,294.4800109863281,182500,0.0,0.0
2026-04-10 00:00:00-04:00,296.19000244140625,297.2200012207031,292.4800109863281,293.3900146484375,131000,0.0,0.0
2026-04-13 00:00:00-04:00,293.6600036621094,300.30999755859375,290.8699951171875,297.45001220703125,190900,0.0,0.0
2026-04-14 00:00:00-04:00,298.1099853515625,300.7200012207031,296.70001220703125,296.8599853515625,131500,0.0,0.0
2026-04-15 00:00:00-04:00,301.8699951171875,309.7300109863281,301.0,305.8999938964844,248000,0.0,0.0
2026-04-16 00:00:00-04:00,305.8800048828125,307.1600036621094,299.8500061035156,301.0799865722656,175100,0.0,0.0
2026-04-17 00:00:00-04:00,306.4700012207031,311.2699890136719,304.2699890136719,309.67999267578125,190900,0.0,0.0
2026-04-20 00:00:00-04:00,307.2799987792969,310.42999267578125,302.2799987792969,309.19000244140625,269700,0.0,0.0
2026-04-21 00:00:00-04:00,309.0799865722656,311.7200012207031,293.55999755859375,296.8399963378906,247000,0.0,0.0
2026-04-22 00:00:00-04:00,300.3900146484375,304.2200012207031,290.2799987792969,292.5199890136719,226200,0.0,0.0
2026-04-23 00:00:00-04:00,295.6199951171875,308.55999755859375,285.9700012207031,286.3500061035156,390000,0.0,0.0
2026-04-24 00:00:00-04:00,285.8699951171875,295.3599853515625,284.69000244140625,292.6099853515625,259600,0.0,0.0
2026-04-27 00:00:00-04:00,292.6099853515625,295.5,284.1499938964844,291.3399963378906,221800,0.0,0.0
2026-04-28 00:00:00-04:00,290.94000244140625,292.2099914550781,281.8900146484375,287.29998779296875,242200,0.0,0.0
2026-04-29 00:00:00-04:00,287.7099914550781,293.5199890136719,279.9800109863281,281.8399963378906,194300,0.0,0.0
2026-04-30 00:00:00-04:00,284.7099914550781,287.6199951171875,279.6099853515625,286.9200134277344,297800,0.0,0.0
2026-05-01 00:00:00-04:00,287.79998779296875,289.3999938964844,279.42999267578125,282.5,232100,0.0,0.0
2026-05-04 00:00:00-04:00,280.4200134277344,286.489990234375,274.32000732421875,282.8699951171875,237300,0.0,0.0
2026-05-05 00:00:00-04:00,276.8900146484375,276.8900146484375,232.5,234.74000549316406,1227000,0.0,0.0
2026-05-06 00:00:00-04:00,235.00999450683594,240.60000610351562,225.0,240.27000427246094,477000,0.0,0.0
2026-05-07 00:00:00-04:00,239.89999389648438,244.77000427246094,233.0500030517578,241.11000061035156,568000,0.0,0.0
2026-05-08 00:00:00-04:00,241.11000061035156,242.47000122070312,230.30999755859375,230.8300018310547,321900,0.0,0.0
2026-05-11 00:00:00-04:00,230.0,237.32000732421875,226.5,231.9199981689453,415500,0.0,0.0
2026-05-12 00:00:00-04:00,230.63999938964844,232.75999450683594,221.44000244140625,227.41000366210938,580000,0.0,0.0
2026-05-13 00:00:00-04:00,229.24000549316406,229.24000549316406,213.8800048828125,218.49000549316406,386300,0.0,0.0
2026-05-14 00:00:00-04:00,222.22999572753906,224.08999633789062,215.05999755859375,215.86000061035156,402800,0.0,0.0
2026-05-15 00:00:00-04:00,211.17999267578125,214.0500030517578,204.94000244140625,205.39999389648438,364700,0.0,0.0
2026-05-18 00:00:00-04:00,205.41000366210938,209.1300048828125,204.3300018310547,207.77000427246094,270100,0.0,0.0
2026-05-19 00:00:00-04:00,206.27999877929688,211.9499969482422,206.0800018310547,209.00999450683594,322100,0.0,0.0
2026-05-20 00:00:00-04:00,210.5,212.47000122070312,208.05999755859375,211.3699951171875,413000,0.0,0.0
2026-05-21 00:00:00-04:00,214.3699951171875,214.3699951171875,203.4499969482422,207.86000061035156,351000,0.0,0.0
2026-05-22 00:00:00-04:00,208.97999572753906,224.82000732421875,208.97999572753906,222.10000610351562,461600,0.0,0.0
2026-05-26 00:00:00-04:00,222.6199951171875,223.10000610351562,216.3300018310547,220.97000122070312,250700,0.0,0.0
2026-05-27 00:00:00-04:00,221.16000366210938,222.64999389648438,216.02999877929688,217.47999572753906,187000,0.0,0.0
2026-05-28 00:00:00-04:00,217.3000030517578,222.6300048828125,215.02999877929688,221.16000366210938,204200,0.0,0.0
2026-05-29 00:00:00-04:00,221.9499969482422,222.50999450683594,216.52000427246094,216.75,326800,0.0,0.0
2026-06-01 00:00:00-04:00,214.61000061035156,217.38999938964844,212.02999877929688,213.3699951171875,278200,0.0,0.0
2026-06-02 00:00:00-04:00,214.61000061035156,216.16000366210938,211.0,212.00999450683594,229800,0.0,0.0
2026-06-03 00:00:00-04:00,213.13999938964844,215.25,211.44000244140625,213.47999572753906,164900,0.0,0.0
2026-06-04 00:00:00-04:00,216.0,216.0,210.1300048828125,212.61000061035156,250900,0.0,0.0
2026-06-05 00:00:00-04:00,211.10000610351562,213.5500030517578,197.27000427246094,197.72999572753906,230000,0.0,0.0
2026-06-08 00:00:00-04:00,199.75,211.4600067138672,198.0,210.49000549316406,346800,0.0,0.0
2026-06-09 00:00:00-04:00,213.72999572753906,218.86000061035156,207.88999938964844,215.38999938964844,267700,0.0,0.0
2026-06-10 00:00:00-04:00,214.9600067138672,223.35000610351562,212.36000061035156,217.9600067138672,428900,0.0,0.0
2026-06-11 00:00:00-04:00,220.27000427246094,232.5399932861328,220.1999969482422,231.02000427246094,317900,0.0,0.0
2026-06-12 00:00:00-04:00,231.02000427246094,233.44000244140625,224.19000244140625,225.52999877929688,304300,0.0,0.0
2026-06-15 00:00:00-04:00,229.47999572753906,232.0399932861328,220.1199951171875,221.67999267578125,204900,0.0,0.0
2026-06-16 00:00:00-04:00,222.0500030517578,224.6699981689453,219.08999633789062,220.6999969482422,178800,0.0,0.0
2026-06-17 00:00:00-04:00,222.69000244140625,231.38999938964844,216.60000610351562,217.50999450683594,219000,0.0,0.0
2026-06-18 00:00:00-04:00,222.50999450683594,227.2899932861328,216.27999877929688,222.77999877929688,286100,0.0,0.0
2026-06-22 00:00:00-04:00,221.3000030517578,228.0,219.05999755859375,219.25999450683594,165100,0.0,0.0
2026-06-23 00:00:00-04:00,217.30999755859375,220.58999633789062,213.32000732421875,215.66000366210938,152600,0.0,0.0
2026-06-24 00:00:00-04:00,213.9499969482422,219.11000061035156,212.3000030517578,213.72000122070312,340700,0.0,0.0
2026-06-25 00:00:00-04:00,217.08999633789062,220.17999267578125,213.02999877929688,218.92999267578125,244200,0.0,0.0
2026-06-26 00:00:00-04:00,216.27999877929688,219.6999969482422,212.8800048828125,218.2899932861328,645600,0.0,0.0
2026-06-29 00:00:00-04:00,217.58999633789062,219.33999633789062,210.7899932861328,213.24000549316406,241600,0.0,0.0
2026-06-30 00:00:00-04:00,214.74000549316406,221.0,214.0399932861328,218.6999969482422,284200,0.0,0.0
2026-07-01 00:00:00-04:00,218.38999938964844,223.07000732421875,214.41000366210938,214.89999389648438,234200,0.0,0.0
2026-07-02 00:00:00-04:00,217.0,221.92999267578125,213.8699951171875,221.75999450683594,172900,0.0,0.0
2026-07-06 00:00:00-04:00,222.1300048828125,224.89999389648438,216.1999969482422,220.8300018310547,227300,0.0,0.0
2026-07-07 00:00:00-04:00,219.88999938964844,221.0,213.85000610351562,218.72000122070312,194800,0.0,0.0
2026-07-08 00:00:00-04:00,218.22000122070312,220.0399932861328,213.27000427246094,217.4199981689453,180400,0.0,0.0
2026-07-09 00:00:00-04:00,217.35000610351562,217.97999572753906,213.10000610351562,216.64999389648438,159400,0.0,0.0
2026-07-10 00:00:00-04:00,218.5399932861328,223.69000244140625,215.99000549316406,216.50999450683594,211600,0.0,0.0
2026-07-13 00:00:00-04:00,214.9499969482422,216.25,211.3000030517578,213.1999969482422,279900,0.0,0.0
2026-07-14 00:00:00-04:00,214.94000244140625,220.1999969482422,211.0500030517578,211.07000732421875,161800,0.0,0.0
2026-07-15 00:00:00-04:00,211.69000244140625,218.75999450683594,211.00999450683594,218.2899932861328,134800,0.0,0.0
2026-07-16 00:00:00-04:00,217.3000030517578,223.3300018310547,213.05999755859375,216.22000122070312,131000,0.0,0.0
2026-07-17 00:00:00-04:00,213.35000610351562,218.00999450683594,210.0,212.66000366210938,217200,0.0,0.0
2026-07-20 00:00:00-04:00,212.66000366210938,215.92999267578125,209.89999389648438,210.47999572753906,230200,0.0,0.0
2026-07-21 00:00:00-04:00,211.9199981689453,213.0,208.02000427246094,210.25,238200,0.0,0.0
2026-07-22 00:00:00-04:00,210.13999938964844,212.22999572753906,208.2899932861328,209.7899932861328,141900,0.0,0.0
2026-07-23 00:00:00-04:00,208.0,214.67999267578125,205.8699951171875,214.38999938964844,187400,0.0,0.0
2026-07-24 00:00:00-04:00,214.5500030517578,218.22999572753906,210.39999389648438,216.6999969482422,181200,0.0,0.0
2026-07-27 00:00:00-04:00,217.9499969482422,220.33999633789062,213.0800018310547,217.3000030517578,134700,0.0,0.0
2026-07-28 00:00:00-04:00,217.3000030517578,222.57000732421875,217.3000030517578,220.63999938964844,128400,0.0,0.0
2026-07-29 00:00:00-04:00,219.27000427246094,224.02999877929688,213.5500030517578,214.02000427246094,142400,0.0,0.0
2026-07-30 00:00:00-04:00,215.9600067138672,220.3800048828125,212.0800018310547,219.9199981689453,107400,0.0,0.0
2026-07-31 00:00:00-04:00,222.07000732421875,223.89999389648438,218.6199951171875,221.38999938964844,198800,0.0,0.0
2026-08-03 00:00:00-04:00,222.3699951171875,227.1300048828125,221.0399932861328,225.57000732421875,206000,0.0,0.0
2026-08-04 00:00:00-04:00,228.82000732421875,237.4600067138672,225.3000030517578,236.60000610351562,159000,0.0,0.0
2026-08-05 00:00:00-04:00,236.24000549316406,237.25,233.52000427246094,235.08999633789062,133400,0.0,0.0
2026-08-06 00:00:00-04:00,236.25999450683594,240.89999389648438,233.6999969482422,237.10000610351562,96600,0.0,0.0
2026-08-07 00:00:00-04:00,238.77000427246094,239.0,234.25999450683594,236.22999572753906,93900,0.0,0.0
2026-08-10 00:00:00-04:00,236.05999755859375,239.07000732421875,231.6199951171875,232.61000061035156,210700,0.0,0.0
2026-08-11 00:00:00-04:00,235.08999633789062,236.91990661621094,231.5,233.1999969482422,168320,0.0,0.0
