Date,Open,High,Low,Close,Volume,Dividends,Stock Splits
2022-01-03 00:00:00-05:00,8.445945739746094,8.445945739746094,8.445945739746094,8.445945739746094,178,0.0,0.0
2022-01-04 00:00:00-05:00,7.094594955444336,8.018017768859863,7.094594955444336,8.018017768859863,222,0.0,0.0
2022-01-05 00:00:00-05:00,8.108107566833496,8.108107566833496,8.108107566833496,8.108107566833496,178,0.0,0.0
2022-01-06 00:00:00-05:00,8.108107566833496,8.108107566833496,8.108107566833496,8.108107566833496,0,0.0,0.0
2022-01-07 00:00:00-05:00,8.108107566833496,8.108107566833496,8.108107566833496,8.108107566833496,0,0.0,0.0
2022-01-10 00:00:00-05:00,8.108107566833496,8.108107566833496,8.108107566833496,8.108107566833496,0,0.0,0.0
2022-01-11 00:00:00-05:00,8.108107566833496,8.108107566833496,8.108107566833496,8.108107566833496,0,0.0,0.0
2022-01-12 00:00:00-05:00,8.445945739746094,8.445945739746094,8.333333015441895,8.333333015441895,311,0.0,0.0
2022-01-13 00:00:00-05:00,8.333333015441895,8.333333015441895,8.333333015441895,8.333333015441895,0,0.0,0.0
2022-01-14 00:00:00-05:00,8.333333015441895,8.333333015441895,8.333333015441895,8.333333015441895,0,0.0,0.0
2022-01-18 00:00:00-05:00,8.333333015441895,8.333333015441895,8.333333015441895,8.333333015441895,0,0.0,0.0
2022-01-19 00:00:00-05:00,7.432432174682617,7.432432174682617,6.756756782531738,6.756756782531738,133,0.0,0.0
2022-01-20 00:00:00-05:00,6.756756782531738,7.319819927215576,6.756756782531738,7.094594955444336,799,0.0,0.0
2022-01-21 00:00:00-05:00,7.319819927215576,8.198198318481445,7.319819927215576,8.198198318481445,400,0.0,0.0
2022-01-24 00:00:00-05:00,6.193694114685059,6.193694114685059,5.968468189239502,6.193694114685059,799,0.0,0.0
2022-01-25 00:00:00-05:00,6.193694114685059,6.756756782531738,6.193694114685059,6.756756782531738,355,0.0,0.0
2022-01-26 00:00:00-05:00,6.756756782531738,6.756756782531738,5.619369029998779,5.619369029998779,355,0.0,0.0
2022-01-27 00:00:00-05:00,6.756756782531738,6.756756782531738,6.193694114685059,6.193694114685059,400,0.0,0.0
2022-01-28 00:00:00-05:00,6.193694114685059,6.193694114685059,6.193694114685059,6.193694114685059,0,0.0,0.0
2022-01-31 00:00:00-05:00,6.193694114685059,6.193694114685059,6.193694114685059,6.193694114685059,0,0.0,0.0
2022-02-01 00:00:00-05:00,6.193694114685059,6.193694114685059,6.193694114685059,6.193694114685059,0,0.0,0.0
2022-02-02 00:00:00-05:00,6.193694114685059,6.193694114685059,6.193694114685059,6.193694114685059,0,0.0,0.0
2022-02-03 00:00:00-05:00,6.418919086456299,6.621622085571289,6.418919086456299,6.621622085571289,888,0.0,0.0
2022-02-04 00:00:00-05:00,6.621622085571289,6.621622085571289,6.621622085571289,6.621622085571289,0,0.0,0.0
2022-02-07 00:00:00-05:00,6.621622085571289,6.621622085571289,6.621622085571289,6.621622085571289,0,0.0,0.0
2022-02-08 00:00:00-05:00,6.621622085571289,6.621622085571289,6.621622085571289,6.621622085571289,0,0.0,0.0
2022-02-09 00:00:00-05:00,6.621622085571289,6.621622085571289,6.621622085571289,6.621622085571289,0,0.0,0.0
2022-02-10 00:00:00-05:00,6.193694114685059,6.193694114685059,6.193694114685059,6.193694114685059,178,0.0,0.0
2022-02-11 00:00:00-05:00,6.396396160125732,6.396396160125732,6.396396160125732,6.396396160125732,266,0.0,0.0
2022-02-14 00:00:00-05:00,6.396396160125732,6.396396160125732,6.396396160125732,6.396396160125732,0,0.0,0.0
2022-02-15 00:00:00-05:00,6.396396160125732,6.396396160125732,6.396396160125732,6.396396160125732,0,0.0,0.0
2022-02-16 00:00:00-05:00,6.396396160125732,6.396396160125732,6.396396160125732,6.396396160125732,0,0.0,0.0
2022-02-17 00:00:00-05:00,6.418919086456299,6.418919086456299,6.418919086456299,6.418919086456299,89,0.0,0.0
2022-02-18 00:00:00-05:00,5.630630970001221,5.630630970001221,5.630630970001221,5.630630970001221,444,0.0,0.0
2022-02-22 00:00:00-05:00,5.630630970001221,5.630630970001221,5.630630970001221,5.630630970001221,0,0.0,0.0
2022-02-23 00:00:00-05:00,5.630630970001221,5.630630970001221,5.630630970001221,5.630630970001221,355,0.0,0.0
2022-02-24 00:00:00-05:00,5.630630970001221,5.630630970001221,5.630630970001221,5.630630970001221,0,0.0,0.0
2022-02-25 00:00:00-05:00,5.630630970001221,6.418919086456299,5.630630970001221,6.418919086456299,266,0.0,0.0
2022-02-28 00:00:00-05:00,5.405405044555664,5.405405044555664,5.180180072784424,5.180180072784424,533,0.0,0.0
2022-03-01 00:00:00-05:00,4.842341899871826,4.842341899871826,4.842341899871826,4.842341899871826,89,0.0,0.0
2022-03-02 00:00:00-05:00,4.5495500564575195,4.5495500564575195,3.4234230518341064,4.504505157470703,844,0.0,0.0
2022-03-03 00:00:00-05:00,4.932432174682617,5.135135173797607,4.729730129241943,5.135135173797607,400,0.0,0.0
2022-03-04 00:00:00-05:00,5.135135173797607,5.135135173797607,5.135135173797607,5.135135173797607,0,0.0,0.0
2022-03-07 00:00:00-05:00,4.504505157470703,5.135135173797607,4.504505157470703,5.135135173797607,2708,0.0,0.0
2022-03-08 00:00:00-05:00,4.842341899871826,5.630630970001221,4.842341899871826,5.630630970001221,311,0.0,0.0
2022-03-09 00:00:00-05:00,6.644144058227539,7.545044898986816,6.644144058227539,7.545044898986816,533,0.0,0.0
2022-03-10 00:00:00-05:00,6.756756782531738,6.756756782531738,6.756756782531738,6.756756782531738,888,0.0,0.0
2022-03-11 00:00:00-05:00,6.756756782531738,6.756756782531738,6.756756782531738,6.756756782531738,444,0.0,0.0
2022-03-14 00:00:00-04:00,6.756756782531738,6.756756782531738,6.756756782531738,6.756756782531738,0,0.0,0.0
2022-03-15 00:00:00-04:00,6.756756782531738,6.756756782531738,6.756756782531738,6.756756782531738,0,0.0,0.0
2022-03-16 00:00:00-04:00,6.756756782531738,6.756756782531738,6.756756782531738,6.756756782531738,0,0.0,0.0
2022-03-17 00:00:00-04:00,7.545044898986816,8.333333015441895,7.545044898986816,8.333333015441895,1288,0.0,0.0
2022-03-18 00:00:00-04:00,8.333333015441895,8.445945739746094,7.882883071899414,8.445945739746094,799,0.0,0.0
2022-03-21 00:00:00-04:00,8.644144058227539,8.644144058227539,8.55855941772461,8.55855941772461,444,0.0,0.0
2022-03-22 00:00:00-04:00,8.896395683288574,9.121622085571289,8.896395683288574,9.121622085571289,844,0.0,0.0
2022-03-23 00:00:00-04:00,9.594594955444336,11.261260986328125,9.57207202911377,11.261260986328125,4040,0.0,0.0
2022-03-24 00:00:00-04:00,9.57207202911377,11.373873710632324,9.57207202911377,9.57207202911377,888,0.0,0.0
2022-03-25 00:00:00-04:00,9.57207202911377,9.57207202911377,9.57207202911377,9.57207202911377,0,0.0,0.0
2022-03-28 00:00:00-04:00,9.57207202911377,9.57207202911377,9.57207202911377,9.57207202911377,0,0.0,0.0
2022-03-29 00:00:00-04:00,9.57207202911377,9.57207202911377,9.57207202911377,9.57207202911377,0,0.0,0.0
2022-03-30 00:00:00-04:00,9.57207202911377,9.57207202911377,9.57207202911377,9.57207202911377,0,0.0,0.0
2022-03-31 00:00:00-04:00,8.55855941772461,8.55855941772461,8.55855941772461,8.55855941772461,266,0.0,0.0
2022-04-01 00:00:00-04:00,8.55855941772461,8.55855941772461,8.55855941772461,8.55855941772461,0,0.0,0.0
2022-04-04 00:00:00-04:00,7.882883071899414,7.882883071899414,5.4279279708862305,7.207207202911377,355,0.0,0.0
2022-04-05 00:00:00-04:00,7.207207202911377,7.207207202911377,7.207207202911377,7.207207202911377,133,0.0,0.0
2022-04-06 00:00:00-04:00,7.207207202911377,10.247748374938965,7.207207202911377,10.247748374938965,266,0.0,0.0
2022-04-07 00:00:00-04:00,10.247748374938965,10.247748374938965,10.247748374938965,10.247748374938965,0,0.0,0.0
2022-04-08 00:00:00-04:00,10.247748374938965,10.247748374938965,10.247748374938965,10.247748374938965,0,0.0,0.0
2022-04-11 00:00:00-04:00,10.247748374938965,10.247748374938965,10.247748374938965,10.247748374938965,0,0.0,0.0
2022-04-12 00:00:00-04:00,10.247748374938965,10.247748374938965,10.247748374938965,10.247748374938965,0,0.0,0.0
2022-04-13 00:00:00-04:00,10.247748374938965,10.247748374938965,10.247748374938965,10.247748374938965,0,0.0,0.0
2022-04-14 00:00:00-04:00,10.247748374938965,10.247748374938965,10.247748374938965,10.247748374938965,0,0.0,0.0
2022-04-18 00:00:00-04:00,10.247748374938965,10.247748374938965,10.247748374938965,10.247748374938965,0,0.0,0.0
2022-04-19 00:00:00-04:00,7.882883071899414,7.882883071899414,7.882883071899414,7.882883071899414,311,0.0,0.0
2022-04-20 00:00:00-04:00,7.882883071899414,7.882883071899414,7.882883071899414,7.882883071899414,0,0.0,0.0
2022-04-21 00:00:00-04:00,7.882883071899414,7.882883071899414,7.882883071899414,7.882883071899414,0,0.0,0.0
2022-04-22 00:00:00-04:00,7.882883071899414,7.882883071899414,7.882883071899414,7.882883071899414,0,0.0,0.0
2022-04-25 00:00:00-04:00,7.882883071899414,7.882883071899414,7.882883071899414,7.882883071899414,0,0.0,0.0
2022-04-26 00:00:00-04:00,7.882883071899414,7.882883071899414,7.882883071899414,7.882883071899414,0,0.0,0.0
2022-04-27 00:00:00-04:00,7.882883071899414,7.882883071899414,7.882883071899414,7.882883071899414,0,0.0,0.0
2022-04-28 00:00:00-04:00,7.882883071899414,7.882883071899414,7.882883071899414,7.882883071899414,44,0.0,0.0
2022-04-29 00:00:00-04:00,7.882883071899414,7.882883071899414,7.882883071899414,7.882883071899414,0,0.0,0.0
2022-05-02 00:00:00-04:00,7.882883071899414,7.882883071899414,7.882883071899414,7.882883071899414,0,0.0,0.0
2022-05-03 00:00:00-04:00,7.882883071899414,7.882883071899414,7.882883071899414,7.882883071899414,0,0.0,0.0
2022-05-04 00:00:00-04:00,6.756756782531738,6.756756782531738,6.756756782531738,6.756756782531738,488,0.0,0.0
2022-05-05 00:00:00-04:00,9.00900936126709,9.00900936126709,9.00900936126709,9.00900936126709,89,0.0,0.0
2022-05-06 00:00:00-04:00,9.00900936126709,9.00900936126709,9.00900936126709,9.00900936126709,0,0.0,0.0
2022-05-09 00:00:00-04:00,9.00900936126709,9.00900936126709,9.00900936126709,9.00900936126709,0,0.0,0.0
2022-05-10 00:00:00-04:00,9.00900936126709,9.00900936126709,9.00900936126709,9.00900936126709,0,0.0,0.0
2022-05-11 00:00:00-04:00,9.00900936126709,9.00900936126709,9.00900936126709,9.00900936126709,0,0.0,0.0
2022-05-12 00:00:00-04:00,7.038288116455078,9.43693733215332,6.756756782531738,7.038288116455078,533,0.0,0.0
2022-05-13 00:00:00-04:00,7.038288116455078,7.038288116455078,7.038288116455078,7.038288116455078,0,0.0,0.0
2022-05-16 00:00:00-04:00,7.038288116455078,7.038288116455078,7.038288116455078,7.038288116455078,0,0.0,0.0
2022-05-17 00:00:00-04:00,7.038288116455078,7.038288116455078,7.038288116455078,7.038288116455078,0,0.0,0.0
2022-05-18 00:00:00-04:00,7.207207202911377,7.207207202911377,5.630630970001221,5.630630970001221,666,0.0,0.0
2022-05-19 00:00:00-04:00,5.630630970001221,5.630630970001221,5.630630970001221,5.630630970001221,0,0.0,0.0
2022-05-20 00:00:00-04:00,8.896395683288574,8.896395683288574,8.896395683288574,8.896395683288574,89,0.0,0.0
2022-05-23 00:00:00-04:00,8.896395683288574,8.896395683288574,8.896395683288574,8.896395683288574,0,0.0,0.0
2022-05-24 00:00:00-04:00,6.193694114685059,6.644144058227539,3.558558940887451,4.954955101013184,533,0.0,0.0
2022-05-25 00:00:00-04:00,4.954955101013184,4.954955101013184,4.954955101013184,4.954955101013184,0,0.0,0.0
2022-05-26 00:00:00-04:00,5.743243217468262,5.743243217468262,5.743243217468262,5.743243217468262,44,0.0,0.0
2022-05-27 00:00:00-04:00,5.743243217468262,5.743243217468262,5.743243217468262,5.743243217468262,0,0.0,0.0
2022-05-31 00:00:00-04:00,5.743243217468262,5.743243217468262,5.743243217468262,5.743243217468262,0,0.0,0.0
2022-06-01 00:00:00-04:00,5.743243217468262,5.743243217468262,5.743243217468262,5.743243217468262,0,0.0,0.0
2022-06-02 00:00:00-04:00,5.743243217468262,5.743243217468262,5.743243217468262,5.743243217468262,0,0.0,0.0
2022-06-03 00:00:00-04:00,5.743243217468262,5.743243217468262,5.743243217468262,5.743243217468262,0,0.0,0.0
2022-06-06 00:00:00-04:00,5.743243217468262,5.743243217468262,5.743243217468262,5.743243217468262,0,0.0,0.0
2022-06-07 00:00:00-04:00,5.743243217468262,5.743243217468262,5.743243217468262,5.743243217468262,0,0.0,0.0
2022-06-08 00:00:00-04:00,6.756756782531738,6.756756782531738,6.756756782531738,6.756756782531738,1909,0.0,0.0
2022-06-09 00:00:00-04:00,6.756756782531738,6.756756782531738,6.756756782531738,6.756756782531738,0,0.0,0.0
2022-06-10 00:00:00-04:00,6.756756782531738,6.756756782531738,6.756756782531738,6.756756782531738,0,0.0,0.0
2022-06-13 00:00:00-04:00,6.756756782531738,6.756756782531738,6.756756782531738,6.756756782531738,0,0.0,0.0
2022-06-14 00:00:00-04:00,6.756756782531738,6.756756782531738,6.756756782531738,6.756756782531738,0,0.0,0.0
2022-06-15 00:00:00-04:00,7.860360145568848,7.860360145568848,6.6891889572143555,6.756756782531738,1820,0.0,0.0
2022-06-16 00:00:00-04:00,6.756756782531738,6.756756782531738,6.756756782531738,6.756756782531738,0,0.0,0.0
2022-06-17 00:00:00-04:00,6.756756782531738,6.756756782531738,6.756756782531738,6.756756782531738,0,0.0,0.0
2022-06-21 00:00:00-04:00,6.756756782531738,6.756756782531738,6.756756782531738,6.756756782531738,0,0.0,0.0
2022-06-22 00:00:00-04:00,5.743243217468262,5.743243217468262,5.630630970001221,5.630630970001221,311,0.0,0.0
2022-06-23 00:00:00-04:00,6.756756782531738,7.882883071899414,6.756756782531738,7.882883071899414,844,0.0,0.0
2022-06-24 00:00:00-04:00,8.840089797973633,9.222972869873047,8.840089797973633,9.222972869873047,355,0.0,0.0
2022-06-27 00:00:00-04:00,9.222972869873047,9.222972869873047,9.222972869873047,9.222972869873047,0,0.0,0.0
2022-06-28 00:00:00-04:00,9.222972869873047,9.222972869873047,9.222972869873047,9.222972869873047,0,0.0,0.0
2022-06-29 00:00:00-04:00,9.222972869873047,9.222972869873047,9.222972869873047,9.222972869873047,0,0.0,0.0
2022-06-30 00:00:00-04:00,7.882883071899414,7.882883071899414,7.882883071899414,7.882883071899414,932,0.0,0.0
2022-07-01 00:00:00-04:00,8.445945739746094,8.445945739746094,8.445945739746094,8.445945739746094,444,0.0,0.0
2022-07-05 00:00:00-04:00,8.783783912658691,8.783783912658691,8.445945739746094,8.445945739746094,89,0.0,0.0
2022-07-06 00:00:00-04:00,8.445945739746094,8.445945739746094,8.445945739746094,8.445945739746094,0,0.0,0.0
2022-07-07 00:00:00-04:00,8.445945739746094,8.445945739746094,8.445945739746094,8.445945739746094,0,0.0,0.0
2022-07-08 00:00:00-04:00,8.445945739746094,8.445945739746094,8.445945739746094,8.445945739746094,0,0.0,0.0
2022-07-11 00:00:00-04:00,8.445945739746094,8.445945739746094,8.445945739746094,8.445945739746094,0,0.0,0.0
2022-07-12 00:00:00-04:00,8.445945739746094,8.445945739746094,8.445945739746094,8.445945739746094,0,0.0,0.0
2022-07-13 00:00:00-04:00,8.445945739746094,8.445945739746094,8.445945739746094,8.445945739746094,0,0.0,0.0
2022-07-14 00:00:00-04:00,8.445945739746094,8.445945739746094,8.445945739746094,8.445945739746094,0,0.0,0.0
2022-07-15 00:00:00-04:00,8.445945739746094,8.445945739746094,8.445945739746094,8.445945739746094,0,0.0,0.0
2022-07-18 00:00:00-04:00,8.445945739746094,8.445945739746094,8.445945739746094,8.445945739746094,0,0.0,0.0
2022-07-19 00:00:00-04:00,7.511260986328125,8.288288116455078,7.511260986328125,8.288288116455078,311,0.0,0.0
2022-07-20 00:00:00-04:00,8.445945739746094,8.896395683288574,8.445945739746094,8.445945739746094,577,0.0,0.0
2022-07-21 00:00:00-04:00,8.896395683288574,8.896395683288574,8.108107566833496,8.108107566833496,622,0.0,0.0
2022-07-22 00:00:00-04:00,8.108107566833496,8.108107566833496,8.108107566833496,8.108107566833496,0,0.0,0.0
2022-07-25 00:00:00-04:00,7.882883071899414,7.882883071899414,4.662161827087402,4.662161827087402,444,0.0,0.0
2022-07-26 00:00:00-04:00,7.29729700088501,7.29729700088501,7.252252101898193,7.252252101898193,355,0.0,0.0
2022-07-27 00:00:00-04:00,7.004505157470703,7.252252101898193,7.004505157470703,7.252252101898193,178,0.0,0.0
2022-07-28 00:00:00-04:00,7.004505157470703,7.004505157470703,6.756756782531738,6.756756782531738,89,0.0,0.0
2022-07-29 00:00:00-04:00,7.252252101898193,7.657658100128174,7.229730129241943,7.657658100128174,4795,0.0,0.0
2022-08-01 00:00:00-04:00,8.445945739746094,8.91891860961914,6.756756782531738,6.756756782531738,577,0.0,0.0
2022-08-02 00:00:00-04:00,8.91891860961914,8.963964462280273,8.896395683288574,8.896395683288574,222,0.0,0.0
2022-08-03 00:00:00-04:00,9.00900936126709,9.00900936126709,6.756756782531738,6.756756782531738,710,0.0,0.0
2022-08-04 00:00:00-04:00,6.756756782531738,8.445945739746094,6.756756782531738,7.635135173797607,1021,0.0,0.0
2022-08-05 00:00:00-04:00,7.882883071899414,8.333333015441895,5.630630970001221,5.630630970001221,1288,0.0,0.0
2022-08-08 00:00:00-04:00,7.882883071899414,10.247748374938965,7.882883071899414,9.57207202911377,4129,0.0,0.0
2022-08-09 00:00:00-04:00,3.9000000953674316,4.400000095367432,3.6500000953674316,4.320000171661377,566100,0.0,0.0
2022-08-10 00:00:00-04:00,4.039999961853027,4.25,3.634000062942505,3.930000066757202,648100,0.0,0.0
2022-08-11 00:00:00-04:00,3.880000114440918,3.940000057220459,3.259999990463257,3.440000057220459,473800,0.0,0.0
2022-08-12 00:00:00-04:00,3.4000000953674316,3.440000057220459,3.1700000762939453,3.2300000190734863,181100,0.0,0.0
2022-08-15 00:00:00-04:00,3.2899999618530273,3.299999952316284,3.0299999713897705,3.2899999618530273,117700,0.0,0.0
2022-08-16 00:00:00-04:00,3.25,3.390000104904175,3.25,3.25,60400,0.0,0.0
2022-08-17 00:00:00-04:00,3.2200000286102295,3.25,3.0899999141693115,3.119999885559082,102900,0.0,0.0
2022-08-18 00:00:00-04:00,3.119999885559082,3.1500000953674316,2.8399999141693115,3.049999952316284,83900,0.0,0.0
2022-08-19 00:00:00-04:00,2.9700000286102295,3.361999988555908,2.9700000286102295,3.2300000190734863,41300,0.0,0.0
2022-08-22 00:00:00-04:00,3.2699999809265137,3.880000114440918,3.2699999809265137,3.6700000762939453,179600,0.0,0.0
2022-08-23 00:00:00-04:00,3.5199999809265137,3.5199999809265137,3.302999973297119,3.450000047683716,44900,0.0,0.0
2022-08-24 00:00:00-04:00,3.2699999809265137,3.3499999046325684,3.2699999809265137,3.2799999713897705,33800,0.0,0.0
2022-08-25 00:00:00-04:00,3.2300000190734863,3.2300000190734863,3.0,3.1500000953674316,25500,0.0,0.0
2022-08-26 00:00:00-04:00,3.0999999046325684,3.140000104904175,3.0999999046325684,3.0999999046325684,9600,0.0,0.0
2022-08-29 00:00:00-04:00,2.950000047683716,3.0899999141693115,2.950000047683716,3.0899999141693115,7300,0.0,0.0
2022-08-30 00:00:00-04:00,3.3399999141693115,3.640000104904175,3.130000114440918,3.131999969482422,13800,0.0,0.0
2022-08-31 00:00:00-04:00,3.3399999141693115,3.3399999141693115,3.1600000858306885,3.299999952316284,6600,0.0,0.0
2022-09-01 00:00:00-04:00,3.140000104904175,3.194999933242798,3.069999933242798,3.1470000743865967,4000,0.0,0.0
2022-09-02 00:00:00-04:00,3.1700000762939453,3.5999999046325684,3.1700000762939453,3.369999885559082,42000,0.0,0.0
2022-09-06 00:00:00-04:00,3.380000114440918,3.549999952316284,3.3399999141693115,3.5,13100,0.0,0.0
2022-09-07 00:00:00-04:00,3.5,3.549999952316284,3.1600000858306885,3.190000057220459,131500,0.0,0.0
2022-09-08 00:00:00-04:00,3.0999999046325684,3.380000114440918,3.0999999046325684,3.1670000553131104,22000,0.0,0.0
2022-09-09 00:00:00-04:00,3.2699999809265137,3.5,2.8350000381469727,2.9800000190734863,41600,0.0,0.0
2022-09-12 00:00:00-04:00,3.0,3.069999933242798,2.8499999046325684,2.990000009536743,25000,0.0,0.0
2022-09-13 00:00:00-04:00,2.890000104904175,2.9100000858306885,2.75,2.828000068664551,30500,0.0,0.0
2022-09-14 00:00:00-04:00,2.7200000286102295,2.859999895095825,2.7200000286102295,2.809999942779541,23500,0.0,0.0
2022-09-15 00:00:00-04:00,2.819999933242798,2.880000114440918,2.7100000381469727,2.75,14400,0.0,0.0
2022-09-16 00:00:00-04:00,2.7100000381469727,2.7100000381469727,1.840000033378601,1.840000033378601,36800,0.0,0.0
2022-09-19 00:00:00-04:00,1.9800000190734863,2.200000047683716,1.9800000190734863,2.109999895095825,38800,0.0,0.0
2022-09-20 00:00:00-04:00,2.049999952316284,2.240000009536743,2.049999952316284,2.2300000190734863,50400,0.0,0.0
2022-09-21 00:00:00-04:00,2.1500000953674316,2.5,2.1500000953674316,2.3499999046325684,44800,0.0,0.0
2022-09-22 00:00:00-04:00,2.4600000381469727,2.4600000381469727,2.0299999713897705,2.049999952316284,25500,0.0,0.0
2022-09-23 00:00:00-04:00,2.2100000381469727,2.23799991607666,2.1700000762939453,2.1700000762939453,1800,0.0,0.0
2022-09-26 00:00:00-04:00,2.0199999809265137,2.0299999713897705,1.940000057220459,2.009999990463257,10900,0.0,0.0
2022-09-27 00:00:00-04:00,2.0199999809265137,2.299999952316284,2.0199999809265137,2.0999999046325684,19600,0.0,0.0
2022-09-28 00:00:00-04:00,2.0999999046325684,2.0999999046325684,2.0999999046325684,2.0999999046325684,0,0.0,0.0
2022-09-29 00:00:00-04:00,2.2799999713897705,2.619999885559082,2.109999895095825,2.619999885559082,81400,0.0,0.0
2022-09-30 00:00:00-04:00,2.5999999046325684,2.740000009536743,2.1600000858306885,2.240000009536743,90400,0.0,0.0
2022-10-03 00:00:00-04:00,2.200000047683716,2.378999948501587,2.1600000858306885,2.2300000190734863,8500,0.0,0.0
2022-10-04 00:00:00-04:00,2.1549999713897705,2.4100000858306885,1.9299999475479126,2.0199999809265137,1900,0.0,0.0
2022-10-05 00:00:00-04:00,2.0199999809265137,2.059999942779541,2.0,2.0,5900,0.0,0.0
2022-10-06 00:00:00-04:00,2.059999942779541,2.1700000762939453,1.9500000476837158,2.0199999809265137,19600,0.0,0.0
2022-10-07 00:00:00-04:00,2.049999952316284,2.174999952316284,1.9700000286102295,1.9900000095367432,3800,0.0,0.0
2022-10-10 00:00:00-04:00,2.0999999046325684,2.0999999046325684,2.009999990463257,2.015000104904175,4700,0.0,0.0
2022-10-11 00:00:00-04:00,2.0999999046325684,2.0999999046325684,1.809999942779541,2.0199999809265137,6800,0.0,0.0
2022-10-12 00:00:00-04:00,2.0899999141693115,2.0899999141693115,1.850000023841858,2.0199999809265137,10800,0.0,0.0
2022-10-13 00:00:00-04:00,2.0369999408721924,2.0369999408721924,2.0,2.0,500,0.0,0.0
2022-10-14 00:00:00-04:00,1.9800000190734863,2.0199999809265137,1.9800000190734863,2.0199999809265137,700,0.0,0.0
2022-10-17 00:00:00-04:00,2.1050000190734863,2.1050000190734863,2.0,2.0169999599456787,5900,0.0,0.0
2022-10-18 00:00:00-04:00,2.0199999809265137,2.190000057220459,2.009999990463257,2.0299999713897705,12000,0.0,0.0
2022-10-19 00:00:00-04:00,2.1050000190734863,2.180000066757202,1.899999976158142,1.940000057220459,16000,0.0,0.0
2022-10-20 00:00:00-04:00,1.940000057220459,1.940000057220459,1.940000057220459,1.940000057220459,0,0.0,0.0
2022-10-21 00:00:00-04:00,1.9700000286102295,2.075000047683716,1.9500000476837158,2.049999952316284,4000,0.0,0.0
2022-10-24 00:00:00-04:00,2.0299999713897705,2.1549999713897705,2.0,2.1500000953674316,9200,0.0,0.0
2022-10-25 00:00:00-04:00,2.1500000953674316,2.240000009536743,2.1500000953674316,2.2300000190734863,1700,0.0,0.0
2022-10-26 00:00:00-04:00,2.2300000190734863,2.259999990463257,2.2100000381469727,2.259999990463257,7900,0.0,0.0
2022-10-27 00:00:00-04:00,2.25,2.25,2.25,2.25,400,0.0,0.0
2022-10-28 00:00:00-04:00,2.325000047683716,2.4000000953674316,2.25,2.259999990463257,41300,0.0,0.0
2022-10-31 00:00:00-04:00,2.2799999713897705,2.4000000953674316,2.0,2.200000047683716,27100,0.0,0.0
2022-11-01 00:00:00-04:00,1.9950000047683716,3.5,1.9950000047683716,2.7300000190734863,2883700,0.0,0.0
2022-11-02 00:00:00-04:00,2.680000066757202,3.1500000953674316,2.3299999237060547,2.6700000762939453,500800,0.0,0.0
2022-11-03 00:00:00-04:00,2.950000047683716,2.950000047683716,2.0999999046325684,2.1500000953674316,228100,0.0,0.0
2022-11-04 00:00:00-04:00,2.0899999141693115,2.0899999141693115,1.7300000190734863,1.9299999475479126,148000,0.0,0.0
2022-11-07 00:00:00-05:00,1.9299999475479126,2.0999999046325684,1.899999976158142,2.0,54600,0.0,0.0
2022-11-08 00:00:00-05:00,2.0,2.013000011444092,1.809999942779541,1.850000023841858,28400,0.0,0.0
2022-11-09 00:00:00-05:00,1.7899999618530273,1.9299999475479126,1.7799999713897705,1.815000057220459,37600,0.0,0.0
2022-11-10 00:00:00-05:00,1.7699999809265137,1.944000005722046,1.75,1.809999942779541,13000,0.0,0.0
2022-11-11 00:00:00-05:00,1.8700000047683716,2.049999952316284,1.75,2.049999952316284,46900,0.0,0.0
2022-11-14 00:00:00-05:00,1.9900000095367432,2.0250000953674316,1.809999942779541,1.9299999475479126,11200,0.0,0.0
2022-11-15 00:00:00-05:00,1.909999966621399,2.0299999713897705,1.909999966621399,2.0,5200,0.0,0.0
2022-11-16 00:00:00-05:00,2.0999999046325684,2.119999885559082,2.0,2.0399999618530273,9900,0.0,0.0
2022-11-17 00:00:00-05:00,2.0399999618530273,2.069999933242798,2.0,2.0,6700,0.0,0.0
2022-11-18 00:00:00-05:00,2.0999999046325684,2.2899999618530273,2.0999999046325684,2.2899999618530273,30000,0.0,0.0
2022-11-21 00:00:00-05:00,2.1500000953674316,2.2799999713897705,2.0,2.0299999713897705,8800,0.0,0.0
2022-11-22 00:00:00-05:00,2.0399999618530273,2.2200000286102295,2.0399999618530273,2.140000104904175,8100,0.0,0.0
2022-11-23 00:00:00-05:00,2.140000104904175,2.140000104904175,2.0899999141693115,2.119999885559082,6500,0.0,0.0
2022-11-25 00:00:00-05:00,1.9500000476837158,2.059999942779541,1.9500000476837158,2.059999942779541,900,0.0,0.0
2022-11-28 00:00:00-05:00,1.9199999570846558,2.0,1.9199999570846558,2.0,3700,0.0,0.0
2022-11-29 00:00:00-05:00,1.965000033378601,2.0299999713897705,1.965000033378601,2.0299999713897705,600,0.0,0.0
2022-11-30 00:00:00-05:00,2.0,2.055000066757202,1.9500000476837158,2.0399999618530273,30100,0.0,0.0
2022-12-01 00:00:00-05:00,1.9110000133514404,1.9919999837875366,1.809999942779541,1.899999976158142,16200,0.0,0.0
2022-12-02 00:00:00-05:00,1.819000005722046,2.0799999237060547,1.819000005722046,1.9800000190734863,5700,0.0,0.0
2022-12-05 00:00:00-05:00,2.0299999713897705,2.049999952316284,1.9600000381469727,2.0,14500,0.0,0.0
2022-12-06 00:00:00-05:00,2.0299999713897705,2.119999885559082,1.9600000381469727,2.109999895095825,30000,0.0,0.0
2022-12-07 00:00:00-05:00,2.1700000762939453,2.559999942779541,2.1700000762939453,2.494999885559082,131100,0.0,0.0
2022-12-08 00:00:00-05:00,2.559999942779541,2.6630001068115234,2.4800000190734863,2.6500000953674316,28100,0.0,0.0
2022-12-09 00:00:00-05:00,2.6459999084472656,2.6619999408721924,2.1500000953674316,2.2300000190734863,49300,0.0,0.0
2022-12-12 00:00:00-05:00,2.2009999752044678,2.6700000762939453,2.200000047683716,2.309999942779541,60100,0.0,0.0
2022-12-13 00:00:00-05:00,2.3499999046325684,2.380000114440918,2.119999885559082,2.119999885559082,39300,0.0,0.0
2022-12-14 00:00:00-05:00,2.059999942779541,2.1500000953674316,2.0199999809265137,2.130000114440918,7100,0.0,0.0
2022-12-15 00:00:00-05:00,2.0399999618530273,2.190000057220459,2.0199999809265137,2.049999952316284,4700,0.0,0.0
2022-12-16 00:00:00-05:00,2.0,2.200000047683716,2.0,2.130000114440918,1700,0.0,0.0
2022-12-19 00:00:00-05:00,2.1010000705718994,2.619999885559082,2.1010000705718994,2.4100000858306885,60700,0.0,0.0
2022-12-20 00:00:00-05:00,2.5,2.5,2.259999990463257,2.2699999809265137,13200,0.0,0.0
2022-12-21 00:00:00-05:00,2.369999885559082,2.490000009536743,2.140000104904175,2.2100000381469727,15100,0.0,0.0
2022-12-22 00:00:00-05:00,2.049999952316284,2.1589999198913574,2.0299999713897705,2.0299999713897705,3600,0.0,0.0
2022-12-23 00:00:00-05:00,2.0299999713897705,2.049999952316284,2.0199999809265137,2.0199999809265137,900,0.0,0.0
2022-12-27 00:00:00-05:00,2.0399999618530273,2.049999952316284,2.0299999713897705,2.0299999713897705,2300,0.0,0.0
2022-12-28 00:00:00-05:00,2.1500000953674316,2.1500000953674316,2.1500000953674316,2.1500000953674316,400,0.0,0.0
2022-12-29 00:00:00-05:00,2.200000047683716,2.2249999046325684,2.140000104904175,2.2249999046325684,21600,0.0,0.0
2022-12-30 00:00:00-05:00,2.1630001068115234,2.1679999828338623,2.0309998989105225,2.049999952316284,6800,0.0,0.0
2023-01-03 00:00:00-05:00,2.299999952316284,2.299999952316284,2.049999952316284,2.049999952316284,2500,0.0,0.0
2023-01-04 00:00:00-05:00,2.059999942779541,2.059999942779541,2.059999942779541,2.059999942779541,400,0.0,0.0
2023-01-05 00:00:00-05:00,2.2699999809265137,2.2699999809265137,2.2699999809265137,2.2699999809265137,200,0.0,0.0
2023-01-06 00:00:00-05:00,2.5,2.5999999046325684,2.109999895095825,2.109999895095825,8000,0.0,0.0
2023-01-09 00:00:00-05:00,2.3550000190734863,2.5999999046325684,2.2100000381469727,2.4000000953674316,65800,0.0,0.0
2023-01-10 00:00:00-05:00,2.6649999618530273,2.7300000190734863,2.369999885559082,2.430000066757202,4400,0.0,0.0
2023-01-11 00:00:00-05:00,2.5999999046325684,2.700000047683716,2.240000009536743,2.5,5000,0.0,0.0
2023-01-12 00:00:00-05:00,2.3399999141693115,2.6549999713897705,2.3399999141693115,2.4200000762939453,5300,0.0,0.0
2023-01-13 00:00:00-05:00,2.434000015258789,2.6500000953674316,2.4100000858306885,2.5399999618530273,1900,0.0,0.0
2023-01-17 00:00:00-05:00,2.609999895095825,2.609999895095825,2.2799999713897705,2.2799999713897705,6000,0.0,0.0
2023-01-18 00:00:00-05:00,2.625999927520752,2.625999927520752,2.309999942779541,2.309999942779541,3200,0.0,0.0
2023-01-19 00:00:00-05:00,2.309999942779541,2.309999942779541,2.309999942779541,2.309999942779541,300,0.0,0.0
2023-01-20 00:00:00-05:00,2.309999942779541,2.4709999561309814,2.309999942779541,2.309999942779541,10200,0.0,0.0
2023-01-23 00:00:00-05:00,2.25,2.299999952316284,2.119999885559082,2.183000087738037,11400,0.0,0.0
2023-01-24 00:00:00-05:00,2.244999885559082,2.2820000648498535,2.200000047683716,2.200000047683716,1500,0.0,0.0
2023-01-25 00:00:00-05:00,2.2320001125335693,2.450000047683716,2.200000047683716,2.2890000343322754,7500,0.0,0.0
2023-01-26 00:00:00-05:00,2.2699999809265137,2.5999999046325684,2.2100000381469727,2.2100000381469727,8700,0.0,0.0
2023-01-27 00:00:00-05:00,2.1600000858306885,2.2100000381469727,2.1600000858306885,2.200000047683716,5200,0.0,0.0
2023-01-30 00:00:00-05:00,2.059999942779541,2.359999895095825,2.059999942779541,2.3499999046325684,1800,0.0,0.0
2023-01-31 00:00:00-05:00,2.1700000762939453,2.191999912261963,2.1700000762939453,2.191999912261963,700,0.0,0.0
2023-02-01 00:00:00-05:00,2.128999948501587,2.2249999046325684,2.128999948501587,2.2249999046325684,1400,0.0,0.0
2023-02-02 00:00:00-05:00,2.25,2.450000047683716,2.2300000190734863,2.315000057220459,5900,0.0,0.0
2023-02-03 00:00:00-05:00,2.180000066757202,2.25,2.180000066757202,2.25,2900,0.0,0.0
2023-02-06 00:00:00-05:00,2.315000057220459,2.430000066757202,2.315000057220459,2.430000066757202,3200,0.0,0.0
2023-02-07 00:00:00-05:00,2.2100000381469727,2.430000066757202,2.2100000381469727,2.430000066757202,2300,0.0,0.0
2023-02-08 00:00:00-05:00,2.2200000286102295,2.390000104904175,2.200000047683716,2.390000104904175,2500,0.0,0.0
2023-02-09 00:00:00-05:00,2.4200000762939453,2.450000047683716,2.4200000762939453,2.450000047683716,2300,0.0,0.0
2023-02-10 00:00:00-05:00,2.450000047683716,2.450000047683716,2.380000114440918,2.4000000953674316,1000,0.0,0.0
2023-02-13 00:00:00-05:00,2.2100000381469727,2.450000047683716,2.2100000381469727,2.440000057220459,9200,0.0,0.0
2023-02-14 00:00:00-05:00,2.440000057220459,2.440000057220459,2.2320001125335693,2.434999942779541,1700,0.0,0.0
2023-02-15 00:00:00-05:00,2.359999895095825,2.4000000953674316,2.2360000610351562,2.2360000610351562,2000,0.0,0.0
2023-02-16 00:00:00-05:00,2.240000009536743,2.240000009536743,2.240000009536743,2.240000009536743,200,0.0,0.0
2023-02-17 00:00:00-05:00,2.24399995803833,2.440000057220459,2.240000009536743,2.240000009536743,1700,0.0,0.0
2023-02-21 00:00:00-05:00,2.130000114440918,2.25,2.130000114440918,2.180000066757202,3400,0.0,0.0
2023-02-22 00:00:00-05:00,2.315999984741211,2.315999984741211,2.315999984741211,2.315999984741211,100,0.0,0.0
2023-02-23 00:00:00-05:00,2.303999900817871,2.303999900817871,2.303999900817871,2.303999900817871,300,0.0,0.0
2023-02-24 00:00:00-05:00,2.2769999504089355,2.2769999504089355,2.2769999504089355,2.2769999504089355,200,0.0,0.0
2023-02-27 00:00:00-05:00,2.299999952316284,2.359999895095825,2.299999952316284,2.299999952316284,5800,0.0,0.0
2023-02-28 00:00:00-05:00,2.200000047683716,2.2699999809265137,2.119999885559082,2.2699999809265137,6700,0.0,0.0
2023-03-01 00:00:00-05:00,2.2100000381469727,2.2290000915527344,2.2100000381469727,2.2200000286102295,2200,0.0,0.0
2023-03-02 00:00:00-05:00,2.4019999504089355,2.4200000762939453,2.1500000953674316,2.25,4200,0.0,0.0
2023-03-03 00:00:00-05:00,2.25,2.25,2.25,2.25,0,0.0,0.0
2023-03-06 00:00:00-05:00,2.3499999046325684,2.4000000953674316,2.2709999084472656,2.2709999084472656,900,0.0,0.0
2023-03-07 00:00:00-05:00,2.380000114440918,2.380000114440918,2.380000114440918,2.380000114440918,500,0.0,0.0
2023-03-08 00:00:00-05:00,2.4000000953674316,2.4000000953674316,2.4000000953674316,2.4000000953674316,700,0.0,0.0
2023-03-09 00:00:00-05:00,2.2100000381469727,2.369999885559082,2.2100000381469727,2.369999885559082,400,0.0,0.0
2023-03-10 00:00:00-05:00,2.2679998874664307,2.2679998874664307,2.130000114440918,2.1700000762939453,2800,0.0,0.0
2023-03-13 00:00:00-04:00,2.240000009536743,2.240000009536743,2.180000066757202,2.240000009536743,1200,0.0,0.0
2023-03-14 00:00:00-04:00,2.369999885559082,2.369999885559082,2.197999954223633,2.197999954223633,500,0.0,0.0
2023-03-15 00:00:00-04:00,2.1700000762939453,2.309999942779541,2.140000104904175,2.140000104904175,1400,0.0,0.0
2023-03-16 00:00:00-04:00,2.140000104904175,2.140000104904175,2.140000104904175,2.140000104904175,100,0.0,0.0
2023-03-17 00:00:00-04:00,2.200000047683716,2.200000047683716,2.200000047683716,2.200000047683716,600,0.0,0.0
2023-03-20 00:00:00-04:00,2.200000047683716,2.200000047683716,2.200000047683716,2.200000047683716,0,0.0,0.0
2023-03-21 00:00:00-04:00,2.1700000762939453,2.1700000762939453,2.130000114440918,2.130000114440918,1100,0.0,0.0
2023-03-22 00:00:00-04:00,2.0199999809265137,2.0199999809265137,2.0199999809265137,2.0199999809265137,300,0.0,0.0
2023-03-23 00:00:00-04:00,2.0199999809265137,2.0199999809265137,2.0199999809265137,2.0199999809265137,1200,0.0,0.0
2023-03-24 00:00:00-04:00,2.0199999809265137,2.0199999809265137,2.0199999809265137,2.0199999809265137,0,0.0,0.0
2023-03-27 00:00:00-04:00,2.180000066757202,2.180000066757202,2.180000066757202,2.180000066757202,200,0.0,0.0
2023-03-28 00:00:00-04:00,2.2249999046325684,2.25,2.2249999046325684,2.25,4300,0.0,0.0
2023-03-29 00:00:00-04:00,2.2300000190734863,2.2300000190734863,2.187999963760376,2.187999963760376,300,0.0,0.0
2023-03-30 00:00:00-04:00,2.187999963760376,2.187999963760376,2.187999963760376,2.187999963760376,0,0.0,0.0
2023-03-31 00:00:00-04:00,2.2799999713897705,2.2799999713897705,2.1700000762939453,2.1700000762939453,2200,0.0,0.0
2023-04-03 00:00:00-04:00,2.1700000762939453,2.2699999809265137,2.1700000762939453,2.187999963760376,1600,0.0,0.0
2023-04-04 00:00:00-04:00,2.2300000190734863,2.2300000190734863,2.2300000190734863,2.2300000190734863,300,0.0,0.0
2023-04-05 00:00:00-04:00,2.2200000286102295,2.2200000286102295,2.1700000762939453,2.1700000762939453,7400,0.0,0.0
2023-04-06 00:00:00-04:00,2.259999990463257,2.259999990463257,2.259999990463257,2.259999990463257,200,0.0,0.0
2023-04-10 00:00:00-04:00,2.319999933242798,2.319999933242798,2.319999933242798,2.319999933242798,200,0.0,0.0
2023-04-11 00:00:00-04:00,2.1700000762939453,2.2699999809265137,2.1700000762939453,2.234999895095825,800,0.0,0.0
2023-04-12 00:00:00-04:00,2.2200000286102295,2.2300000190734863,2.190999984741211,2.2300000190734863,500,0.0,0.0
2023-04-13 00:00:00-04:00,2.1700000762939453,2.2699999809265137,2.1700000762939453,2.1700000762939453,11900,0.0,0.0
2023-04-14 00:00:00-04:00,2.200000047683716,2.200000047683716,2.200000047683716,2.200000047683716,900,0.0,0.0
2023-04-17 00:00:00-04:00,2.25,2.2899999618530273,2.1700000762939453,2.2899999618530273,10300,0.0,0.0
2023-04-18 00:00:00-04:00,2.2100000381469727,2.2100000381469727,2.190000057220459,2.2049999237060547,6500,0.0,0.0
2023-04-19 00:00:00-04:00,2.390000104904175,2.390000104904175,2.25,2.25,2700,0.0,0.0
2023-04-20 00:00:00-04:00,2.309999942779541,2.309999942779541,2.180000066757202,2.299999952316284,4200,0.0,0.0
2023-04-21 00:00:00-04:00,2.380000114440918,2.380000114440918,2.319999933242798,2.319999933242798,5000,0.0,0.0
2023-04-24 00:00:00-04:00,2.4000000953674316,2.4000000953674316,2.1700000762939453,2.2699999809265137,7500,0.0,0.0
2023-04-25 00:00:00-04:00,2.369999885559082,2.369999885559082,2.200000047683716,2.319999933242798,3000,0.0,0.0
2023-04-26 00:00:00-04:00,2.4000000953674316,2.4000000953674316,2.177000045776367,2.299999952316284,9000,0.0,0.0
2023-04-27 00:00:00-04:00,2.4000000953674316,2.4000000953674316,2.299999952316284,2.299999952316284,8400,0.0,0.0
2023-04-28 00:00:00-04:00,2.4000000953674316,2.4000000953674316,2.244999885559082,2.3399999141693115,6200,0.0,0.0
2023-05-01 00:00:00-04:00,2.3399999141693115,2.3499999046325684,2.200000047683716,2.2899999618530273,9600,0.0,0.0
2023-05-02 00:00:00-04:00,2.359999895095825,2.450000047683716,2.200000047683716,2.259999990463257,62200,0.0,0.0
2023-05-03 00:00:00-04:00,2.450000047683716,2.450000047683716,2.200000047683716,2.2200000286102295,3400,0.0,0.0
2023-05-04 00:00:00-04:00,2.390000104904175,2.390000104904175,2.180000066757202,2.299999952316284,9100,0.0,0.0
2023-05-05 00:00:00-04:00,2.450000047683716,2.450000047683716,2.2850000858306885,2.311000108718872,2800,0.0,0.0
2023-05-08 00:00:00-04:00,2.390000104904175,2.390000104904175,2.2219998836517334,2.359999895095825,6100,0.0,0.0
2023-05-09 00:00:00-04:00,2.390000104904175,2.390000104904175,2.2100000381469727,2.2799999713897705,6700,0.0,0.0
2023-05-10 00:00:00-04:00,2.3380000591278076,2.3380000591278076,2.259999990463257,2.299999952316284,5400,0.0,0.0
2023-05-11 00:00:00-04:00,2.259999990463257,2.299999952316284,2.25,2.2899999618530273,1400,0.0,0.0
2023-05-12 00:00:00-04:00,2.319999933242798,2.319999933242798,2.25,2.25,5100,0.0,0.0
2023-05-15 00:00:00-04:00,2.299999952316284,2.299999952316284,2.299999952316284,2.299999952316284,400,0.0,0.0
2023-05-16 00:00:00-04:00,2.259999990463257,2.309999942779541,2.259999990463257,2.259999990463257,2200,0.0,0.0
2023-05-17 00:00:00-04:00,2.3299999237060547,2.440000057220459,2.319999933242798,2.319999933242798,3200,0.0,0.0
2023-05-18 00:00:00-04:00,2.309999942779541,2.3299999237060547,2.309999942779541,2.319999933242798,1100,0.0,0.0
2023-05-19 00:00:00-04:00,2.319999933242798,2.319999933242798,2.319999933242798,2.319999933242798,100,0.0,0.0
2023-05-22 00:00:00-04:00,2.2699999809265137,2.3499999046325684,2.259999990463257,2.319999933242798,1400,0.0,0.0
2023-05-23 00:00:00-04:00,2.430000066757202,2.430000066757202,2.25,2.2880001068115234,4700,0.0,0.0
2023-05-24 00:00:00-04:00,2.2100000381469727,2.309999942779541,2.2100000381469727,2.309999942779541,500,0.0,0.0
2023-05-25 00:00:00-04:00,2.240000009536743,2.299999952316284,2.2100000381469727,2.2899999618530273,4600,0.0,0.0
2023-05-26 00:00:00-04:00,2.2899999618530273,2.2899999618530273,2.2899999618530273,2.2899999618530273,0,0.0,0.0
2023-05-30 00:00:00-04:00,2.2899999618530273,2.2899999618530273,2.2899999618530273,2.2899999618530273,1100,0.0,0.0
2023-05-31 00:00:00-04:00,2.2230000495910645,2.2300000190734863,2.1700000762939453,2.2300000190734863,21300,0.0,0.0
2023-06-01 00:00:00-04:00,2.2019999027252197,2.359999895095825,2.2019999027252197,2.25,17300,0.0,0.0
2023-06-02 00:00:00-04:00,2.200000047683716,2.25,2.1700000762939453,2.25,18900,0.0,0.0
2023-06-05 00:00:00-04:00,2.4100000858306885,2.4100000858306885,2.25,2.299999952316284,32200,0.0,0.0
2023-06-06 00:00:00-04:00,2.2200000286102295,2.2200000286102295,2.2100000381469727,2.2100000381469727,800,0.0,0.0
2023-06-07 00:00:00-04:00,2.200000047683716,2.4000000953674316,2.200000047683716,2.2699999809265137,1200,0.0,0.0
2023-06-08 00:00:00-04:00,2.4100000858306885,2.4100000858306885,2.4100000858306885,2.4100000858306885,100,0.0,0.0
2023-06-09 00:00:00-04:00,2.4100000858306885,2.4100000858306885,2.4100000858306885,2.4100000858306885,200,0.0,0.0
2023-06-12 00:00:00-04:00,2.4100000858306885,2.4100000858306885,2.4100000858306885,2.4100000858306885,0,0.0,0.0
2023-06-13 00:00:00-04:00,2.3929998874664307,2.4000000953674316,2.380000114440918,2.380000114440918,2100,0.0,0.0
2023-06-14 00:00:00-04:00,2.359999895095825,2.359999895095825,2.359999895095825,2.359999895095825,300,0.0,0.0
2023-06-15 00:00:00-04:00,2.2200000286102295,2.359999895095825,2.2200000286102295,2.2799999713897705,1200,0.0,0.0
2023-06-16 00:00:00-04:00,2.2799999713897705,2.390000104904175,2.2799999713897705,2.390000104904175,1500,0.0,0.0
2023-06-20 00:00:00-04:00,2.200000047683716,2.200000047683716,2.200000047683716,2.200000047683716,600,0.0,0.0
2023-06-21 00:00:00-04:00,2.369999885559082,2.380000114440918,2.359999895095825,2.380000114440918,600,0.0,0.0
2023-06-22 00:00:00-04:00,2.3559999465942383,2.380000114440918,2.2200000286102295,2.380000114440918,4200,0.0,0.0
2023-06-23 00:00:00-04:00,2.259999990463257,2.3299999237060547,2.2300000190734863,2.25,12300,0.0,0.0
2023-06-26 00:00:00-04:00,2.25,2.319999933242798,2.25,2.299999952316284,5700,0.0,0.0
2023-06-27 00:00:00-04:00,2.3499999046325684,2.4000000953674316,2.3499999046325684,2.4000000953674316,2300,0.0,0.0
2023-06-28 00:00:00-04:00,2.4100000858306885,2.440000057220459,2.4100000858306885,2.440000057220459,3200,0.0,0.0
2023-06-29 00:00:00-04:00,2.3399999141693115,2.380000114440918,2.299999952316284,2.299999952316284,7700,0.0,0.0
2023-06-30 00:00:00-04:00,2.2899999618530273,2.4100000858306885,2.25,2.4100000858306885,11200,0.0,0.0
2023-07-03 00:00:00-04:00,2.4200000762939453,2.450000047683716,2.3429999351501465,2.450000047683716,59000,0.0,0.0
2023-07-05 00:00:00-04:00,2.450000047683716,2.450000047683716,2.069999933242798,2.109999895095825,41000,0.0,0.0
2023-07-06 00:00:00-04:00,2.0799999237060547,2.2200000286102295,2.0799999237060547,2.190000057220459,16400,0.0,0.0
2023-07-07 00:00:00-04:00,2.1500000953674316,2.1600000858306885,2.049999952316284,2.119999885559082,13400,0.0,0.0
2023-07-10 00:00:00-04:00,2.2049999237060547,2.25,2.2049999237060547,2.25,800,0.0,0.0
2023-07-11 00:00:00-04:00,2.25,2.25,2.25,2.25,100,0.0,0.0
2023-07-12 00:00:00-04:00,2.315000057220459,2.315000057220459,2.25,2.25,700,0.0,0.0
2023-07-13 00:00:00-04:00,2.25,2.25,2.25,2.25,0,0.0,0.0
2023-07-14 00:00:00-04:00,2.130000114440918,2.180000066757202,2.0880000591278076,2.0899999141693115,30500,0.0,0.0
2023-07-17 00:00:00-04:00,2.049999952316284,2.359999895095825,2.049999952316284,2.25,11400,0.0,0.0
2023-07-18 00:00:00-04:00,2.190000057220459,2.2799999713897705,2.130000114440918,2.2799999713897705,2000,0.0,0.0
2023-07-19 00:00:00-04:00,2.200000047683716,2.200000047683716,2.130000114440918,2.130000114440918,2000,0.0,0.0
2023-07-20 00:00:00-04:00,2.200000047683716,2.2009999752044678,2.200000047683716,2.200000047683716,3600,0.0,0.0
2023-07-21 00:00:00-04:00,2.119999885559082,2.119999885559082,2.119999885559082,2.119999885559082,200,0.0,0.0
2023-07-24 00:00:00-04:00,2.244999885559082,2.244999885559082,2.190000057220459,2.190000057220459,13700,0.0,0.0
2023-07-25 00:00:00-04:00,2.180000066757202,2.2249999046325684,2.1600000858306885,2.1600000858306885,9200,0.0,0.0
2023-07-26 00:00:00-04:00,2.180000066757202,2.194999933242798,2.1500000953674316,2.1500000953674316,7900,0.0,0.0
2023-07-27 00:00:00-04:00,2.140000104904175,2.140000104904175,2.130000114440918,2.130000114440918,300,0.0,0.0
2023-07-28 00:00:00-04:00,2.119999885559082,2.119999885559082,2.109999895095825,2.109999895095825,300,0.0,0.0
2023-07-31 00:00:00-04:00,2.109999895095825,2.109999895095825,2.109999895095825,2.109999895095825,100,0.0,0.0
2023-08-01 00:00:00-04:00,2.119999885559082,2.1579999923706055,2.119999885559082,2.130000114440918,2200,0.0,0.0
2023-08-02 00:00:00-04:00,2.130000114440918,2.130000114440918,2.130000114440918,2.130000114440918,0,0.0,0.0
2023-08-03 00:00:00-04:00,2.130000114440918,2.130000114440918,2.130000114440918,2.130000114440918,200,0.0,0.0
2023-08-04 00:00:00-04:00,2.130000114440918,2.130000114440918,2.130000114440918,2.130000114440918,100,0.0,0.0
2023-08-07 00:00:00-04:00,2.119999885559082,2.1700000762939453,2.0299999713897705,2.1600000858306885,2800,0.0,0.0
2023-08-08 00:00:00-04:00,2.1600000858306885,2.1600000858306885,2.1600000858306885,2.1600000858306885,0,0.0,0.0
2023-08-09 00:00:00-04:00,2.1600000858306885,2.1600000858306885,2.1600000858306885,2.1600000858306885,0,0.0,0.0
2023-08-10 00:00:00-04:00,2.119999885559082,2.130000114440918,2.119999885559082,2.130000114440918,10300,0.0,0.0
2023-08-11 00:00:00-04:00,2.109999895095825,2.1500000953674316,2.109999895095825,2.119999885559082,4500,0.0,0.0
2023-08-14 00:00:00-04:00,2.130000114440918,2.2799999713897705,2.130000114440918,2.25,1200,0.0,0.0
2023-08-15 00:00:00-04:00,2.25,2.25,2.25,2.25,0,0.0,0.0
2023-08-16 00:00:00-04:00,2.180000066757202,2.2899999618530273,2.180000066757202,2.2899999618530273,2100,0.0,0.0
2023-08-17 00:00:00-04:00,2.1500000953674316,2.1500000953674316,2.109999895095825,2.119999885559082,3100,0.0,0.0
2023-08-18 00:00:00-04:00,2.119999885559082,2.119999885559082,2.119999885559082,2.119999885559082,100,0.0,0.0
2023-08-21 00:00:00-04:00,2.119999885559082,2.119999885559082,2.119999885559082,2.119999885559082,200,0.0,0.0
2023-08-22 00:00:00-04:00,2.119999885559082,2.119999885559082,2.119999885559082,2.119999885559082,0,0.0,0.0
2023-08-23 00:00:00-04:00,2.119999885559082,2.119999885559082,2.119999885559082,2.119999885559082,0,0.0,0.0
2023-08-24 00:00:00-04:00,2.130000114440918,2.2829999923706055,2.130000114440918,2.2829999923706055,1600,0.0,0.0
2023-08-25 00:00:00-04:00,2.200000047683716,2.2149999141693115,2.1500000953674316,2.1710000038146973,9000,0.0,0.0
2023-08-28 00:00:00-04:00,2.1710000038146973,2.1710000038146973,2.1710000038146973,2.1710000038146973,0,0.0,0.0
2023-08-29 00:00:00-04:00,2.1500000953674316,2.1500000953674316,2.1500000953674316,2.1500000953674316,800,0.0,0.0
2023-08-30 00:00:00-04:00,2.1500000953674316,2.1500000953674316,2.1500000953674316,2.1500000953674316,800,0.0,0.0
2023-08-31 00:00:00-04:00,2.1500000953674316,2.369999885559082,2.1500000953674316,2.3499999046325684,17400,0.0,0.0
2023-09-01 00:00:00-04:00,2.25,2.4700000286102295,2.25,2.259999990463257,7500,0.0,0.0
2023-09-05 00:00:00-04:00,2.48799991607666,2.6500000953674316,2.4700000286102295,2.619999885559082,36300,0.0,0.0
2023-09-06 00:00:00-04:00,2.7339999675750732,2.7699999809265137,2.6500000953674316,2.6500000953674316,46400,0.0,0.0
2023-09-07 00:00:00-04:00,2.6500000953674316,2.7799999713897705,2.559999942779541,2.7799999713897705,86100,0.0,0.0
2023-09-08 00:00:00-04:00,2.7699999809265137,3.0999999046325684,2.759000062942505,2.9600000381469727,47200,0.0,0.0
2023-09-11 00:00:00-04:00,3.049999952316284,3.1500000953674316,2.950000047683716,3.0,9100,0.0,0.0
2023-09-12 00:00:00-04:00,2.9600000381469727,3.138000011444092,2.950000047683716,2.950000047683716,8200,0.0,0.0
2023-09-13 00:00:00-04:00,2.9600000381469727,3.0999999046325684,2.9549999237060547,2.9700000286102295,2600,0.0,0.0
2023-09-14 00:00:00-04:00,3.0,3.0999999046325684,2.9549999237060547,2.9549999237060547,9400,0.0,0.0
2023-09-15 00:00:00-04:00,3.0,3.1600000858306885,3.0,3.1600000858306885,6000,0.0,0.0
2023-09-18 00:00:00-04:00,3.1500000953674316,3.7699999809265137,3.1500000953674316,3.5789999961853027,61400,0.0,0.0
2023-09-19 00:00:00-04:00,3.690000057220459,3.700000047683716,3.369999885559082,3.559999942779541,39100,0.0,0.0
2023-09-20 00:00:00-04:00,3.559999942779541,3.700000047683716,3.490000009536743,3.559999942779541,15700,0.0,0.0
2023-09-21 00:00:00-04:00,3.690000057220459,3.6989998817443848,3.059999942779541,3.359999895095825,5700,0.0,0.0
2023-09-22 00:00:00-04:00,3.3369998931884766,3.3369998931884766,3.3369998931884766,3.3369998931884766,500,0.0,0.0
2023-09-25 00:00:00-04:00,3.3369998931884766,3.3369998931884766,3.3369998931884766,3.3369998931884766,0,0.0,0.0
2023-09-26 00:00:00-04:00,3.1600000858306885,3.1600000858306885,3.1600000858306885,3.1600000858306885,800,0.0,0.0
2023-09-27 00:00:00-04:00,3.0799999237060547,3.0799999237060547,2.799999952316284,3.0299999713897705,1000,0.0,0.0
2023-09-28 00:00:00-04:00,3.049999952316284,3.049999952316284,3.0399999618530273,3.049999952316284,2900,0.0,0.0
2023-09-29 00:00:00-04:00,3.049999952316284,3.049999952316284,3.049999952316284,3.049999952316284,0,0.0,0.0
2023-10-02 00:00:00-04:00,3.0,3.0399999618530273,3.0,3.0399999618530273,700,0.0,0.0
2023-10-03 00:00:00-04:00,3.2909998893737793,3.2909998893737793,3.0,3.0,4400,0.0,0.0
2023-10-04 00:00:00-04:00,3.200000047683716,3.2899999618530273,3.127000093460083,3.2899999618530273,2400,0.0,0.0
2023-10-05 00:00:00-04:00,3.2699999809265137,3.5799999237060547,3.2249999046325684,3.5399999618530273,21900,0.0,0.0
2023-10-06 00:00:00-04:00,3.5899999141693115,3.5899999141693115,3.2899999618530273,3.359999895095825,2200,0.0,0.0
2023-10-09 00:00:00-04:00,3.5,3.5,3.2899999618530273,3.4000000953674316,3100,0.0,0.0
2023-10-10 00:00:00-04:00,3.5199999809265137,3.5199999809265137,3.4000000953674316,3.4730000495910645,2000,0.0,0.0
2023-10-11 00:00:00-04:00,3.450000047683716,3.5999999046325684,3.450000047683716,3.549999952316284,15800,0.0,0.0
2023-10-12 00:00:00-04:00,3.569999933242798,3.5999999046325684,3.365000009536743,3.5899999141693115,14000,0.0,0.0
2023-10-13 00:00:00-04:00,3.565000057220459,3.565000057220459,3.5,3.5,500,0.0,0.0
2023-10-16 00:00:00-04:00,3.2829999923706055,3.2829999923706055,3.0999999046325684,3.200000047683716,4900,0.0,0.0
2023-10-17 00:00:00-04:00,3.25,3.25,3.109999895095825,3.109999895095825,1600,0.0,0.0
2023-10-18 00:00:00-04:00,3.200000047683716,3.490000009536743,3.109999895095825,3.25,5700,0.0,0.0
2023-10-19 00:00:00-04:00,3.2100000381469727,3.3350000381469727,3.190000057220459,3.190000057220459,2400,0.0,0.0
2023-10-20 00:00:00-04:00,3.25,3.25,3.2100000381469727,3.240000009536743,2100,0.0,0.0
2023-10-23 00:00:00-04:00,3.25,3.25,3.0999999046325684,3.1110000610351562,4300,0.0,0.0
2023-10-24 00:00:00-04:00,3.1500000953674316,3.1500000953674316,3.0,3.0,4100,0.0,0.0
2023-10-25 00:00:00-04:00,3.1600000858306885,3.200000047683716,3.1600000858306885,3.200000047683716,2200,0.0,0.0
2023-10-26 00:00:00-04:00,3.200000047683716,3.200000047683716,3.200000047683716,3.200000047683716,0,0.0,0.0
2023-10-27 00:00:00-04:00,2.740000009536743,2.740000009536743,2.7200000286102295,2.7200000286102295,500,0.0,0.0
2023-10-30 00:00:00-04:00,2.569999933242798,2.9000000953674316,2.2799999713897705,2.9000000953674316,2000,0.0,0.0
2023-10-31 00:00:00-04:00,2.9000000953674316,2.9000000953674316,2.9000000953674316,2.9000000953674316,0,0.0,0.0
2023-11-01 00:00:00-04:00,3.2200000286102295,3.2799999713897705,2.9800000190734863,3.2100000381469727,4200,0.0,0.0
2023-11-02 00:00:00-04:00,3.3299999237060547,3.3299999237060547,3.3299999237060547,3.3299999237060547,700,0.0,0.0
2023-11-03 00:00:00-04:00,3.2149999141693115,3.2149999141693115,3.2149999141693115,3.2149999141693115,1000,0.0,0.0
2023-11-06 00:00:00-05:00,3.2149999141693115,3.2149999141693115,3.2149999141693115,3.2149999141693115,300,0.0,0.0
2023-11-07 00:00:00-05:00,3.2200000286102295,3.2200000286102295,3.2200000286102295,3.2200000286102295,800,0.0,0.0
2023-11-08 00:00:00-05:00,3.184999942779541,3.2100000381469727,3.1500000953674316,3.1500000953674316,1000,0.0,0.0
2023-11-09 00:00:00-05:00,3.140000104904175,3.140000104904175,3.0199999809265137,3.0199999809265137,300,0.0,0.0
2023-11-10 00:00:00-05:00,3.0,3.0899999141693115,3.0,3.0899999141693115,600,0.0,0.0
2023-11-13 00:00:00-05:00,2.9600000381469727,2.9600000381469727,2.950000047683716,2.950000047683716,1600,0.0,0.0
2023-11-14 00:00:00-05:00,2.885999917984009,2.885999917984009,2.885999917984009,2.885999917984009,3200,0.0,0.0
2023-11-15 00:00:00-05:00,2.690000057220459,2.700000047683716,2.4200000762939453,2.4200000762939453,900,0.0,0.0
2023-11-16 00:00:00-05:00,2.5799999237060547,2.5799999237060547,2.5799999237060547,2.5799999237060547,200,0.0,0.0
2023-11-17 00:00:00-05:00,2.5799999237060547,2.5799999237060547,2.5799999237060547,2.5799999237060547,0,0.0,0.0
2023-11-20 00:00:00-05:00,2.5799999237060547,2.5799999237060547,2.5799999237060547,2.5799999237060547,0,0.0,0.0
2023-11-21 00:00:00-05:00,2.5799999237060547,2.5799999237060547,2.5799999237060547,2.5799999237060547,0,0.0,0.0
2023-11-22 00:00:00-05:00,2.5799999237060547,2.5799999237060547,2.5799999237060547,2.5799999237060547,300,0.0,0.0
2023-11-24 00:00:00-05:00,2.7200000286102295,2.8499999046325684,2.7200000286102295,2.8499999046325684,600,0.0,0.0
2023-11-27 00:00:00-05:00,2.9800000190734863,3.299999952316284,2.7249999046325684,3.0,14600,0.0,0.0
2023-11-28 00:00:00-05:00,2.8399999141693115,3.25,2.759999990463257,2.950000047683716,16600,0.0,0.0
2023-11-29 00:00:00-05:00,3.0899999141693115,3.390000104904175,2.9200000762939453,2.9200000762939453,16000,0.0,0.0
2023-11-30 00:00:00-05:00,2.8499999046325684,2.940000057220459,2.609999895095825,2.6500000953674316,6100,0.0,0.0
2023-12-01 00:00:00-05:00,2.75,2.7899999618530273,2.700000047683716,2.7899999618530273,1200,0.0,0.0
2023-12-04 00:00:00-05:00,2.9000000953674316,2.9000000953674316,2.9000000953674316,2.9000000953674316,1200,0.0,0.0
2023-12-05 00:00:00-05:00,2.700000047683716,2.890000104904175,2.690000057220459,2.890000104904175,3800,0.0,0.0
2023-12-06 00:00:00-05:00,2.4739999771118164,2.5999999046325684,2.4739999771118164,2.5999999046325684,8700,0.0,0.0
2023-12-07 00:00:00-05:00,2.5299999713897705,3.0,2.5299999713897705,3.0,1500,0.0,0.0
2023-12-08 00:00:00-05:00,2.9700000286102295,3.0,2.75,2.799999952316284,3200,0.0,0.0
2023-12-11 00:00:00-05:00,2.7699999809265137,2.7699999809265137,2.569999933242798,2.6989998817443848,4500,0.0,0.0
2023-12-12 00:00:00-05:00,2.6500000953674316,2.7300000190734863,2.0999999046325684,2.4149999618530273,4500,0.0,0.0
2023-12-13 00:00:00-05:00,2.9000000953674316,2.9000000953674316,2.4600000381469727,2.4600000381469727,5600,0.0,0.0
2023-12-14 00:00:00-05:00,2.5,2.5,2.299999952316284,2.299999952316284,9800,0.0,0.0
2023-12-15 00:00:00-05:00,2.319999933242798,2.390000104904175,2.0999999046325684,2.2200000286102295,12700,0.0,0.0
2023-12-18 00:00:00-05:00,2.309999942779541,2.569999933242798,2.309999942779541,2.3299999237060547,3400,0.0,0.0
2023-12-19 00:00:00-05:00,2.2799999713897705,2.575000047683716,2.125,2.450000047683716,35000,0.0,0.0
2023-12-20 00:00:00-05:00,2.430000066757202,2.430000066757202,2.430000066757202,2.430000066757202,100,0.0,0.0
2023-12-21 00:00:00-05:00,2.430000066757202,2.430000066757202,2.430000066757202,2.430000066757202,0,0.0,0.0
2023-12-22 00:00:00-05:00,2.430000066757202,2.430000066757202,2.430000066757202,2.430000066757202,0,0.0,0.0
2023-12-26 00:00:00-05:00,2.549999952316284,2.549999952316284,2.549999952316284,2.549999952316284,200,0.0,0.0
2023-12-27 00:00:00-05:00,2.4200000762939453,2.4200000762939453,2.25,2.4000000953674316,3600,0.0,0.0
2023-12-28 00:00:00-05:00,2.450000047683716,2.450000047683716,2.4200000762939453,2.4200000762939453,600,0.0,0.0
2023-12-29 00:00:00-05:00,2.5,2.5,2.450000047683716,2.450000047683716,1100,0.0,0.0
2024-01-02 00:00:00-05:00,2.25,2.4749999046325684,2.25,2.2699999809265137,900,0.0,0.0
2024-01-03 00:00:00-05:00,2.25,2.2950000762939453,2.25,2.2799999713897705,2300,0.0,0.0
2024-01-04 00:00:00-05:00,2.299999952316284,2.4000000953674316,2.299999952316284,2.309999942779541,1500,0.0,0.0
2024-01-05 00:00:00-05:00,2.450000047683716,2.450000047683716,2.450000047683716,2.450000047683716,200,0.0,0.0
2024-01-08 00:00:00-05:00,2.5,2.8499999046325684,2.5,2.690000057220459,7800,0.0,0.0
2024-01-09 00:00:00-05:00,2.869999885559082,2.990000009536743,2.799999952316284,2.9000000953674316,11600,0.0,0.0
2024-01-10 00:00:00-05:00,2.869999885559082,2.9000000953674316,2.430000066757202,2.510999917984009,127500,0.0,0.0
2024-01-11 00:00:00-05:00,2.5,2.759999990463257,2.5,2.759999990463257,20000,0.0,0.0
2024-01-12 00:00:00-05:00,2.799999952316284,2.799999952316284,2.7799999713897705,2.7799999713897705,3800,0.0,0.0
2024-01-16 00:00:00-05:00,2.5999999046325684,2.5999999046325684,2.5999999046325684,2.5999999046325684,900,0.0,0.0
2024-01-17 00:00:00-05:00,2.609999895095825,2.609999895095825,2.609999895095825,2.609999895095825,100,0.0,0.0
2024-01-18 00:00:00-05:00,2.609999895095825,2.609999895095825,2.609999895095825,2.609999895095825,0,0.0,0.0
2024-01-19 00:00:00-05:00,2.809999942779541,2.8399999141693115,2.809999942779541,2.8399999141693115,1000,0.0,0.0
2024-01-22 00:00:00-05:00,2.930000066757202,2.930000066757202,2.8499999046325684,2.8499999046325684,500,0.0,0.0
2024-01-23 00:00:00-05:00,2.8450000286102295,3.0999999046325684,2.8450000286102295,3.00600004196167,15700,0.0,0.0
2024-01-24 00:00:00-05:00,2.75,3.0,2.75,2.7699999809265137,1900,0.0,0.0
2024-01-25 00:00:00-05:00,2.753999948501587,2.753999948501587,2.7300000190734863,2.7300000190734863,1000,0.0,0.0
2024-01-26 00:00:00-05:00,2.75,3.0,2.75,2.9700000286102295,7800,0.0,0.0
2024-01-29 00:00:00-05:00,2.8350000381469727,2.8350000381469727,2.8350000381469727,2.8350000381469727,300,0.0,0.0
2024-01-30 00:00:00-05:00,2.75,2.930000066757202,2.75,2.930000066757202,2500,0.0,0.0
2024-01-31 00:00:00-05:00,2.630000114440918,2.799999952316284,2.630000114440918,2.640000104904175,1400,0.0,0.0
2024-02-01 00:00:00-05:00,2.700000047683716,2.700000047683716,2.4800000190734863,2.700000047683716,2100,0.0,0.0
2024-02-02 00:00:00-05:00,3.2699999809265137,3.2699999809265137,2.6700000762939453,2.6700000762939453,1600,0.0,0.0
2024-02-05 00:00:00-05:00,2.9200000762939453,2.9200000762939453,2.6700000762939453,2.6700000762939453,600,0.0,0.0
2024-02-06 00:00:00-05:00,2.8450000286102295,2.8450000286102295,2.509999990463257,2.5269999504089355,3300,0.0,0.0
2024-02-07 00:00:00-05:00,2.6700000762939453,2.6700000762939453,2.6700000762939453,2.6700000762939453,400,0.0,0.0
2024-02-08 00:00:00-05:00,2.640000104904175,2.640000104904175,2.309999942779541,2.309999942779541,3000,0.0,0.0
2024-02-09 00:00:00-05:00,2.390000104904175,2.9000000953674316,2.390000104904175,2.5,4600,0.0,0.0
2024-02-12 00:00:00-05:00,2.5,2.5899999141693115,2.5,2.5899999141693115,900,0.0,0.0
2024-02-13 00:00:00-05:00,2.5899999141693115,2.5899999141693115,2.5899999141693115,2.5899999141693115,0,0.0,0.0
2024-02-14 00:00:00-05:00,2.6500000953674316,2.799999952316284,2.5,2.5899999141693115,3400,0.0,0.0
2024-02-15 00:00:00-05:00,2.5899999141693115,2.5899999141693115,2.5899999141693115,2.5899999141693115,0,0.0,0.0
2024-02-16 00:00:00-05:00,2.5899999141693115,2.5899999141693115,2.5899999141693115,2.5899999141693115,0,0.0,0.0
2024-02-20 00:00:00-05:00,2.880000114440918,2.880000114440918,2.5999999046325684,2.5999999046325684,600,0.0,0.0
2024-02-21 00:00:00-05:00,2.5899999141693115,2.5899999141693115,2.5899999141693115,2.5899999141693115,200,0.0,0.0
2024-02-22 00:00:00-05:00,2.5899999141693115,2.5899999141693115,2.5899999141693115,2.5899999141693115,200,0.0,0.0
2024-02-23 00:00:00-05:00,2.5,2.9200000762939453,2.5,2.5199999809265137,7400,0.0,0.0
2024-02-26 00:00:00-05:00,2.5,2.5999999046325684,2.5,2.5999999046325684,800,0.0,0.0
2024-02-27 00:00:00-05:00,2.5,2.5899999141693115,2.5,2.5,2300,0.0,0.0
2024-02-28 00:00:00-05:00,2.690000057220459,2.690000057220459,2.6700000762939453,2.6700000762939453,300,0.0,0.0
2024-02-29 00:00:00-05:00,2.6700000762939453,2.6700000762939453,2.6700000762939453,2.6700000762939453,0,0.0,0.0
2024-03-01 00:00:00-05:00,2.6700000762939453,2.6700000762939453,2.6700000762939453,2.6700000762939453,300,0.0,0.0
2024-03-04 00:00:00-05:00,2.5,2.5,2.5,2.5,600,0.0,0.0
2024-03-05 00:00:00-05:00,2.6500000953674316,2.6500000953674316,2.6500000953674316,2.6500000953674316,200,0.0,0.0
2024-03-06 00:00:00-05:00,2.569999933242798,2.569999933242798,2.569999933242798,2.569999933242798,300,0.0,0.0
2024-03-07 00:00:00-05:00,2.680000066757202,2.680000066757202,2.680000066757202,2.680000066757202,1500,0.0,0.0
2024-03-08 00:00:00-05:00,2.5,2.5,2.5,2.5,300,0.0,0.0
2024-03-11 00:00:00-04:00,2.5,2.869999885559082,2.5,2.5999999046325684,5300,0.0,0.0
2024-03-12 00:00:00-04:00,2.5,2.5,2.5,2.5,1500,0.0,0.0
2024-03-13 00:00:00-04:00,2.700000047683716,2.9200000762939453,2.5,2.5199999809265137,7700,0.0,0.0
2024-03-14 00:00:00-04:00,2.6500000953674316,2.700000047683716,2.5899999141693115,2.5899999141693115,1300,0.0,0.0
2024-03-15 00:00:00-04:00,2.5999999046325684,2.6500000953674316,2.559999942779541,2.5899999141693115,3000,0.0,0.0
2024-03-18 00:00:00-04:00,2.5999999046325684,2.5999999046325684,2.5,2.5,3200,0.0,0.0
2024-03-19 00:00:00-04:00,2.549999952316284,2.549999952316284,2.5,2.5,8200,0.0,0.0
2024-03-20 00:00:00-04:00,2.569999933242798,2.950000047683716,2.503999948501587,2.549999952316284,6700,0.0,0.0
2024-03-21 00:00:00-04:00,2.549999952316284,2.549999952316284,2.549999952316284,2.549999952316284,0,0.0,0.0
2024-03-22 00:00:00-04:00,2.609999895095825,2.609999895095825,2.609999895095825,2.609999895095825,400,0.0,0.0
2024-03-25 00:00:00-04:00,2.609999895095825,2.609999895095825,2.609999895095825,2.609999895095825,0,0.0,0.0
2024-03-26 00:00:00-04:00,2.609999895095825,2.609999895095825,2.609999895095825,2.609999895095825,0,0.0,0.0
2024-03-27 00:00:00-04:00,2.609999895095825,2.609999895095825,2.609999895095825,2.609999895095825,0,0.0,0.0
2024-03-28 00:00:00-04:00,2.6500000953674316,2.6500000953674316,2.6500000953674316,2.6500000953674316,600,0.0,0.0
2024-04-01 00:00:00-04:00,2.5999999046325684,2.5999999046325684,2.575000047683716,2.5999999046325684,2800,0.0,0.0
2024-04-02 00:00:00-04:00,2.5999999046325684,2.5999999046325684,2.5999999046325684,2.5999999046325684,400,0.0,0.0
2024-04-03 00:00:00-04:00,2.9100000858306885,2.9100000858306885,2.9100000858306885,2.9100000858306885,200,0.0,0.0
2024-04-04 00:00:00-04:00,2.5999999046325684,2.759999990463257,2.5999999046325684,2.759999990463257,1400,0.0,0.0
2024-04-05 00:00:00-04:00,2.825000047683716,2.825000047683716,2.825000047683716,2.825000047683716,300,0.0,0.0
2024-04-08 00:00:00-04:00,2.825000047683716,2.825000047683716,2.825000047683716,2.825000047683716,0,0.0,0.0
2024-04-09 00:00:00-04:00,2.825000047683716,2.825000047683716,2.825000047683716,2.825000047683716,0,0.0,0.0
2024-04-10 00:00:00-04:00,2.825000047683716,2.825000047683716,2.825000047683716,2.825000047683716,0,0.0,0.0
2024-04-11 00:00:00-04:00,2.5510001182556152,2.569999933242798,2.549999952316284,2.549999952316284,6700,0.0,0.0
2024-04-12 00:00:00-04:00,2.549999952316284,2.549999952316284,2.549999952316284,2.549999952316284,500,0.0,0.0
2024-04-15 00:00:00-04:00,2.740000009536743,2.740000009536743,2.6500000953674316,2.6500000953674316,600,0.0,0.0
2024-04-16 00:00:00-04:00,2.6500000953674316,2.6500000953674316,2.6500000953674316,2.6500000953674316,0,0.0,0.0
2024-04-17 00:00:00-04:00,2.6500000953674316,2.6500000953674316,2.6500000953674316,2.6500000953674316,0,0.0,0.0
2024-04-18 00:00:00-04:00,2.625,2.625,2.625,2.625,600,0.0,0.0
2024-04-19 00:00:00-04:00,2.625,2.625,2.625,2.625,0,0.0,0.0
2024-04-22 00:00:00-04:00,2.625,2.625,2.625,2.625,0,0.0,0.0
2024-04-23 00:00:00-04:00,2.5,2.5,2.5,2.5,200,0.0,0.0
2024-04-24 00:00:00-04:00,2.5,2.5,2.5,2.5,0,0.0,0.0
2024-04-25 00:00:00-04:00,2.5,2.5,2.5,2.5,0,0.0,0.0
2024-04-26 00:00:00-04:00,2.700000047683716,2.700000047683716,2.700000047683716,2.700000047683716,200,0.0,0.0
2024-04-29 00:00:00-04:00,2.5999999046325684,2.6500000953674316,2.5999999046325684,2.6500000953674316,1300,0.0,0.0
2024-04-30 00:00:00-04:00,2.5,2.5,2.5,2.5,400,0.0,0.0
2024-05-01 00:00:00-04:00,2.5,2.5,2.5,2.5,0,0.0,0.0
2024-05-02 00:00:00-04:00,2.5,2.5,2.5,2.5,0,0.0,0.0
2024-05-03 00:00:00-04:00,2.5,2.5,2.5,2.5,0,0.0,0.0
2024-05-06 00:00:00-04:00,2.5999999046325684,2.700000047683716,2.5999999046325684,2.700000047683716,15700,0.0,0.0
2024-05-07 00:00:00-04:00,2.9000000953674316,3.240000009536743,2.765000104904175,2.7799999713897705,16100,0.0,0.0
2024-05-08 00:00:00-04:00,2.619999885559082,2.940000057220459,2.500999927520752,2.799999952316284,5300,0.0,0.0
2024-05-09 00:00:00-04:00,2.697999954223633,2.700000047683716,2.697999954223633,2.700000047683716,1500,0.0,0.0
2024-05-10 00:00:00-04:00,2.569999933242798,2.8410000801086426,2.569999933242798,2.8410000801086426,2400,0.0,0.0
2024-05-13 00:00:00-04:00,2.8410000801086426,2.8410000801086426,2.8410000801086426,2.8410000801086426,0,0.0,0.0
2024-05-14 00:00:00-04:00,2.7230000495910645,2.7909998893737793,2.7230000495910645,2.7909998893737793,3600,0.0,0.0
2024-05-15 00:00:00-04:00,2.674999952316284,2.674999952316284,2.674999952316284,2.674999952316284,900,0.0,0.0
2024-05-16 00:00:00-04:00,2.549999952316284,2.549999952316284,2.5,2.5,600,0.0,0.0
2024-05-17 00:00:00-04:00,2.559999942779541,2.799999952316284,2.5,2.5,4900,0.0,0.0
2024-05-20 00:00:00-04:00,2.6040000915527344,2.6040000915527344,2.6040000915527344,2.6040000915527344,1100,0.0,0.0
2024-05-21 00:00:00-04:00,2.799999952316284,2.799999952316284,2.5299999713897705,2.5299999713897705,400,0.0,0.0
2024-05-22 00:00:00-04:00,2.5480000972747803,2.7809998989105225,2.5480000972747803,2.549999952316284,500,0.0,0.0
2024-05-23 00:00:00-04:00,2.549999952316284,2.549999952316284,2.549999952316284,2.549999952316284,0,0.0,0.0
2024-05-24 00:00:00-04:00,2.5299999713897705,2.5299999713897705,2.5299999713897705,2.5299999713897705,200,0.0,0.0
2024-05-28 00:00:00-04:00,2.799999952316284,2.799999952316284,2.549999952316284,2.549999952316284,1000,0.0,0.0
2024-05-29 00:00:00-04:00,2.569999933242798,2.799999952316284,2.549999952316284,2.549999952316284,800,0.0,0.0
2024-05-30 00:00:00-04:00,2.549999952316284,2.7899999618530273,2.549999952316284,2.5999999046325684,2500,0.0,0.0
2024-05-31 00:00:00-04:00,2.559999942779541,2.559999942779541,2.5399999618530273,2.5399999618530273,600,0.0,0.0
2024-06-03 00:00:00-04:00,2.5399999618530273,2.5399999618530273,2.5399999618530273,2.5399999618530273,300,0.0,0.0
2024-06-04 00:00:00-04:00,2.700000047683716,2.7990000247955322,2.6500000953674316,2.700000047683716,4800,0.0,0.0
2024-06-05 00:00:00-04:00,2.799999952316284,2.799999952316284,2.7799999713897705,2.7799999713897705,5100,0.0,0.0
2024-06-06 00:00:00-04:00,2.7799999713897705,2.7799999713897705,2.7799999713897705,2.7799999713897705,1300,0.0,0.0
2024-06-07 00:00:00-04:00,2.7799999713897705,2.7799999713897705,2.7799999713897705,2.7799999713897705,600,0.0,0.0
2024-06-10 00:00:00-04:00,2.7699999809265137,2.7699999809265137,2.7699999809265137,2.7699999809265137,300,0.0,0.0
2024-06-11 00:00:00-04:00,2.559999942779541,2.559999942779541,2.559999942779541,2.559999942779541,200,0.0,0.0
2024-06-12 00:00:00-04:00,2.799999952316284,3.0899999141693115,2.5999999046325684,3.009999990463257,9900,0.0,0.0
2024-06-13 00:00:00-04:00,2.6500000953674316,2.6500000953674316,2.6500000953674316,2.6500000953674316,300,0.0,0.0
2024-06-14 00:00:00-04:00,2.6500000953674316,2.6500000953674316,2.6500000953674316,2.6500000953674316,200,0.0,0.0
2024-06-17 00:00:00-04:00,2.6500000953674316,2.6500000953674316,2.5999999046325684,2.5999999046325684,1200,0.0,0.0
2024-06-18 00:00:00-04:00,2.5999999046325684,2.5999999046325684,2.5999999046325684,2.5999999046325684,0,0.0,0.0
2024-06-20 00:00:00-04:00,2.5999999046325684,2.5999999046325684,2.5999999046325684,2.5999999046325684,0,0.0,0.0
2024-06-21 00:00:00-04:00,2.9630000591278076,2.9630000591278076,2.9600000381469727,2.9600000381469727,600,0.0,0.0
2024-06-24 00:00:00-04:00,2.700000047683716,2.700000047683716,2.700000047683716,2.700000047683716,900,0.0,0.0
2024-06-25 00:00:00-04:00,2.700000047683716,2.700000047683716,2.700000047683716,2.700000047683716,0,0.0,0.0
2024-06-26 00:00:00-04:00,2.869999885559082,2.890000104904175,2.869999885559082,2.890000104904175,3000,0.0,0.0
2024-06-27 00:00:00-04:00,3.0,3.0,2.9800000190734863,2.9800000190734863,700,0.0,0.0
2024-06-28 00:00:00-04:00,2.9800000190734863,2.9800000190734863,2.9800000190734863,2.9800000190734863,300,0.0,0.0
2024-07-01 00:00:00-04:00,2.9000000953674316,2.9000000953674316,2.9000000953674316,2.9000000953674316,1000,0.0,0.0
2024-07-02 00:00:00-04:00,3.0299999713897705,3.049999952316284,2.7850000858306885,2.9200000762939453,8000,0.0,0.0
2024-07-03 00:00:00-04:00,2.9200000762939453,2.9200000762939453,2.9200000762939453,2.9200000762939453,0,0.0,0.0
2024-07-05 00:00:00-04:00,2.9200000762939453,2.9200000762939453,2.9200000762939453,2.9200000762939453,0,0.0,0.0
2024-07-08 00:00:00-04:00,2.869999885559082,2.869999885559082,2.869999885559082,2.869999885559082,200,0.0,0.0
2024-07-09 00:00:00-04:00,2.869999885559082,2.869999885559082,2.869999885559082,2.869999885559082,0,0.0,0.0
2024-07-10 00:00:00-04:00,2.7200000286102295,2.7200000286102295,2.7200000286102295,2.7200000286102295,300,0.0,0.0
2024-07-11 00:00:00-04:00,2.759999990463257,2.9049999713897705,2.759999990463257,2.9049999713897705,800,0.0,0.0
2024-07-12 00:00:00-04:00,2.9049999713897705,2.9049999713897705,2.9049999713897705,2.9049999713897705,0,0.0,0.0
2024-07-15 00:00:00-04:00,2.7799999713897705,2.8499999046325684,2.7799999713897705,2.8499999046325684,1300,0.0,0.0
2024-07-16 00:00:00-04:00,2.9000000953674316,2.9000000953674316,2.9000000953674316,2.9000000953674316,200,0.0,0.0
2024-07-17 00:00:00-04:00,2.9000000953674316,2.9000000953674316,2.9000000953674316,2.9000000953674316,300,0.0,0.0
2024-07-18 00:00:00-04:00,2.700000047683716,2.8299999237060547,2.700000047683716,2.8299999237060547,1200,0.0,0.0
2024-07-19 00:00:00-04:00,2.8299999237060547,2.8299999237060547,2.8299999237060547,2.8299999237060547,0,0.0,0.0
2024-07-22 00:00:00-04:00,2.700000047683716,2.700000047683716,2.700000047683716,2.700000047683716,1100,0.0,0.0
2024-07-23 00:00:00-04:00,2.700000047683716,2.700000047683716,2.700000047683716,2.700000047683716,0,0.0,0.0
2024-07-24 00:00:00-04:00,2.700000047683716,2.700000047683716,2.700000047683716,2.700000047683716,0,0.0,0.0
2024-07-25 00:00:00-04:00,2.700000047683716,2.7200000286102295,2.700000047683716,2.7200000286102295,600,0.0,0.0
2024-07-26 00:00:00-04:00,2.799999952316284,2.799999952316284,2.5,2.700000047683716,4300,0.0,0.0
2024-07-29 00:00:00-04:00,2.5199999809265137,2.680000066757202,2.509999990463257,2.680000066757202,800,0.0,0.0
2024-07-30 00:00:00-04:00,2.7300000190734863,2.7300000190734863,2.559999942779541,2.559999942779541,1700,0.0,0.0
2024-07-31 00:00:00-04:00,2.6500000953674316,2.690000057220459,2.559000015258789,2.559999942779541,2800,0.0,0.0
2024-08-01 00:00:00-04:00,2.559999942779541,2.559999942779541,2.559999942779541,2.559999942779541,400,0.0,0.0
2024-08-02 00:00:00-04:00,2.5399999618530273,2.5399999618530273,2.490000009536743,2.490000009536743,4000,0.0,0.0
2024-08-05 00:00:00-04:00,2.5299999713897705,2.5299999713897705,2.5299999713897705,2.5299999713897705,100,0.0,0.0
2024-08-06 00:00:00-04:00,2.5299999713897705,2.5299999713897705,2.5299999713897705,2.5299999713897705,0,0.0,0.0
2024-08-07 00:00:00-04:00,2.5299999713897705,2.5299999713897705,2.5299999713897705,2.5299999713897705,0,0.0,0.0
2024-08-08 00:00:00-04:00,2.694999933242798,2.694999933242798,2.569999933242798,2.569999933242798,200,0.0,0.0
2024-08-09 00:00:00-04:00,2.569999933242798,2.569999933242798,2.569999933242798,2.569999933242798,0,0.0,0.0
2024-08-12 00:00:00-04:00,2.694999933242798,2.8499999046325684,2.490000009536743,2.490000009536743,3000,0.0,0.0
2024-08-13 00:00:00-04:00,2.490000009536743,2.490000009536743,2.490000009536743,2.490000009536743,300,0.0,0.0
2024-08-14 00:00:00-04:00,2.490000009536743,2.490000009536743,2.490000009536743,2.490000009536743,0,0.0,0.0
2024-08-15 00:00:00-04:00,2.490000009536743,2.490000009536743,2.490000009536743,2.490000009536743,0,0.0,0.0
2024-08-16 00:00:00-04:00,2.490000009536743,2.490000009536743,2.490000009536743,2.490000009536743,200,0.0,0.0
2024-08-19 00:00:00-04:00,2.5199999809265137,2.5199999809265137,2.5199999809265137,2.5199999809265137,200,0.0,0.0
2024-08-20 00:00:00-04:00,2.757999897003174,2.812999963760376,2.5199999809265137,2.7799999713897705,4800,0.0,0.0
2024-08-21 00:00:00-04:00,2.8450000286102295,2.859999895095825,2.5199999809265137,2.5199999809265137,23300,0.0,0.0
2024-08-22 00:00:00-04:00,2.8299999237060547,2.8499999046325684,2.5199999809265137,2.5299999713897705,5700,0.0,0.0
2024-08-23 00:00:00-04:00,2.549999952316284,2.549999952316284,2.549999952316284,2.549999952316284,400,0.0,0.0
2024-08-26 00:00:00-04:00,2.740000009536743,2.890000104904175,2.5209999084472656,2.559999942779541,3000,0.0,0.0
2024-08-27 00:00:00-04:00,2.805999994277954,2.805999994277954,2.805999994277954,2.805999994277954,500,0.0,0.0
2024-08-28 00:00:00-04:00,2.7100000381469727,2.7699999809265137,2.7100000381469727,2.7699999809265137,8500,0.0,0.0
2024-08-29 00:00:00-04:00,2.9000000953674316,3.5,2.674999952316284,2.809999942779541,46900,0.0,0.0
2024-08-30 00:00:00-04:00,2.819999933242798,2.9100000858306885,2.609999895095825,2.9100000858306885,19000,0.0,0.0
2024-09-03 00:00:00-04:00,2.799999952316284,2.9000000953674316,2.680000066757202,2.740000009536743,6200,0.0,0.0
2024-09-04 00:00:00-04:00,2.75,2.8499999046325684,2.619999885559082,2.640000104904175,11000,0.0,0.0
2024-09-05 00:00:00-04:00,2.640000104904175,2.640000104904175,2.640000104904175,2.640000104904175,500,0.0,0.0
2024-09-06 00:00:00-04:00,2.799999952316284,2.799999952316284,2.6600000858306885,2.7100000381469727,1500,0.0,0.0
2024-09-09 00:00:00-04:00,2.809999942779541,2.8299999237060547,2.7799999713897705,2.8299999237060547,9100,0.0,0.0
2024-09-10 00:00:00-04:00,2.8499999046325684,2.930000066757202,2.75,2.75,1900,0.0,0.0
2024-09-11 00:00:00-04:00,2.809999942779541,2.890000104904175,2.6500000953674316,2.6500000953674316,10400,0.0,0.0
2024-09-12 00:00:00-04:00,2.9000000953674316,3.0160000324249268,2.8299999237060547,2.9100000858306885,47300,0.0,0.0
2024-09-13 00:00:00-04:00,2.9200000762939453,3.369999885559082,2.8510000705718994,3.200000047683716,264500,0.0,0.0
2024-09-16 00:00:00-04:00,3.819999933242798,3.880000114440918,3.119999885559082,3.440000057220459,747500,0.0,0.0
2024-09-17 00:00:00-04:00,3.630000114440918,3.700000047683716,3.299999952316284,3.559999942779541,515600,0.0,0.0
2024-09-18 00:00:00-04:00,3.549999952316284,3.619999885559082,3.0,3.369999885559082,201900,0.0,0.0
2024-09-19 00:00:00-04:00,3.450000047683716,3.569999933242798,3.2100000381469727,3.4800000190734863,113400,0.0,0.0
2024-09-20 00:00:00-04:00,3.359999895095825,3.4200000762939453,2.619999885559082,2.9000000953674316,189100,0.0,0.0
2024-09-23 00:00:00-04:00,2.8499999046325684,2.880000114440918,2.430000066757202,2.5899999141693115,137400,0.0,0.0
2024-09-24 00:00:00-04:00,2.5299999713897705,2.5480000972747803,2.1500000953674316,2.3499999046325684,146100,0.0,0.0
2024-09-25 00:00:00-04:00,2.4100000858306885,2.489000082015991,2.309999942779541,2.440000057220459,40700,0.0,0.0
2024-09-26 00:00:00-04:00,2.380000114440918,2.440000057220459,2.2260000705718994,2.25,55800,0.0,0.0
2024-09-27 00:00:00-04:00,2.25,2.438999891281128,2.25,2.309999942779541,50000,0.0,0.0
2024-09-30 00:00:00-04:00,2.309999942779541,2.4660000801086426,2.200000047683716,2.25,58500,0.0,0.0
2024-10-01 00:00:00-04:00,2.3499999046325684,2.3499999046325684,2.200000047683716,2.2249999046325684,28100,0.0,0.0
2024-10-02 00:00:00-04:00,2.259999990463257,2.259999990463257,2.1700000762939453,2.259999990463257,16200,0.0,0.0
2024-10-03 00:00:00-04:00,2.240000009536743,2.240000009536743,2.1600000858306885,2.1600000858306885,10600,0.0,0.0
2024-10-04 00:00:00-04:00,2.130000114440918,2.197999954223633,2.130000114440918,2.130000114440918,20300,0.0,0.0
2024-10-07 00:00:00-04:00,2.200000047683716,2.200000047683716,1.8990000486373901,1.9600000381469727,47000,0.0,0.0
2024-10-08 00:00:00-04:00,2.0899999141693115,2.0899999141693115,1.899999976158142,1.940000057220459,9700,0.0,0.0
2024-10-09 00:00:00-04:00,1.909999966621399,2.063999891281128,1.8600000143051147,2.009999990463257,30100,0.0,0.0
2024-10-10 00:00:00-04:00,1.9800000190734863,2.0299999713897705,1.8799999952316284,1.975000023841858,19500,0.0,0.0
2024-10-11 00:00:00-04:00,1.9600000381469727,1.9950000047683716,1.9500000476837158,1.9500000476837158,6200,0.0,0.0
2024-10-14 00:00:00-04:00,1.9500000476837158,2.0199999809265137,1.9500000476837158,1.9600000381469727,7600,0.0,0.0
2024-10-15 00:00:00-04:00,1.9600000381469727,2.0220000743865967,1.9500000476837158,2.005000114440918,5700,0.0,0.0
2024-10-16 00:00:00-04:00,1.9500000476837158,2.109999895095825,1.9500000476837158,2.109999895095825,66500,0.0,0.0
2024-10-17 00:00:00-04:00,2.059999942779541,2.2100000381469727,2.0299999713897705,2.194999933242798,22200,0.0,0.0
2024-10-18 00:00:00-04:00,2.0999999046325684,2.239000082015991,2.0,2.059999942779541,16300,0.0,0.0
2024-10-21 00:00:00-04:00,2.0799999237060547,2.0999999046325684,2.049999952316284,2.0759999752044678,7000,0.0,0.0
2024-10-22 00:00:00-04:00,2.069999933242798,2.190000057220459,2.052000045776367,2.190000057220459,7300,0.0,0.0
2024-10-23 00:00:00-04:00,2.1500000953674316,2.200000047683716,2.0799999237060547,2.109999895095825,13600,0.0,0.0
2024-10-24 00:00:00-04:00,2.140000104904175,2.1449999809265137,2.0799999237060547,2.0799999237060547,13700,0.0,0.0
2024-10-25 00:00:00-04:00,2.0799999237060547,2.140000104904175,2.0799999237060547,2.140000104904175,700,0.0,0.0
2024-10-28 00:00:00-04:00,2.0899999141693115,2.109999895095825,2.049999952316284,2.109999895095825,2300,0.0,0.0
2024-10-29 00:00:00-04:00,2.0799999237060547,2.0899999141693115,1.9700000286102295,2.069999933242798,10100,0.0,0.0
2024-10-30 00:00:00-04:00,2.0899999141693115,2.0899999141693115,2.059999942779541,2.059999942779541,3900,0.0,0.0
2024-10-31 00:00:00-04:00,2.069999933242798,2.125,2.059999942779541,2.059999942779541,1200,0.0,0.0
2024-11-01 00:00:00-04:00,2.059999942779541,2.059999942779541,2.059999942779541,2.059999942779541,0,0.0,0.0
2024-11-04 00:00:00-05:00,2.059999942779541,2.190000057220459,2.059999942779541,2.190000057220459,5500,0.0,0.0
2024-11-05 00:00:00-05:00,2.190000057220459,2.190000057220459,2.059999942779541,2.069999933242798,8800,0.0,0.0
2024-11-06 00:00:00-05:00,2.0799999237060547,2.180000066757202,2.069999933242798,2.180000066757202,7700,0.0,0.0
2024-11-07 00:00:00-05:00,2.134999990463257,2.200000047683716,2.059999942779541,2.066999912261963,6500,0.0,0.0
2024-11-08 00:00:00-05:00,2.0899999141693115,2.0910000801086426,1.9500000476837158,1.9500000476837158,10700,0.0,0.0
2024-11-11 00:00:00-05:00,2.069999933242798,2.069999933242798,2.0,2.0,15500,0.0,0.0
2024-11-12 00:00:00-05:00,2.0,2.0490000247955322,1.9249999523162842,1.9900000095367432,26000,0.0,0.0
2024-11-13 00:00:00-05:00,1.9500000476837158,1.9600000381469727,1.8799999952316284,1.940000057220459,12300,0.0,0.0
2024-11-14 00:00:00-05:00,1.9600000381469727,1.9600000381469727,1.9600000381469727,1.9600000381469727,300,0.0,0.0
2024-11-15 00:00:00-05:00,1.878000020980835,1.9500000476837158,1.8700000047683716,1.9500000476837158,5600,0.0,0.0
2024-11-18 00:00:00-05:00,1.8700000047683716,1.9199999570846558,1.8700000047683716,1.9199999570846558,4900,0.0,0.0
2024-11-19 00:00:00-05:00,1.8799999952316284,1.899999976158142,1.7999999523162842,1.8200000524520874,3800,0.0,0.0
2024-11-20 00:00:00-05:00,1.7999999523162842,1.7999999523162842,1.7599999904632568,1.7899999618530273,10700,0.0,0.0
2024-11-21 00:00:00-05:00,1.7799999713897705,1.850000023841858,1.7699999809265137,1.850000023841858,8800,0.0,0.0
2024-11-22 00:00:00-05:00,1.7899999618530273,1.899999976158142,1.746000051498413,1.899999976158142,2000,0.0,0.0
2024-11-25 00:00:00-05:00,1.784999966621399,1.850000023841858,1.7549999952316284,1.8200000524520874,6400,0.0,0.0
2024-11-26 00:00:00-05:00,1.8680000305175781,2.200000047683716,1.8630000352859497,1.9570000171661377,29400,0.0,0.0
2024-11-27 00:00:00-05:00,2.049999952316284,2.059999942779541,2.0,2.005000114440918,2000,0.0,0.0
2024-11-29 00:00:00-05:00,2.0399999618530273,2.049999952316284,1.9700000286102295,1.9800000190734863,4100,0.0,0.0
2024-12-02 00:00:00-05:00,2.009999990463257,2.0429999828338623,1.909999966621399,2.0,8700,0.0,0.0
2024-12-03 00:00:00-05:00,2.0899999141693115,2.0899999141693115,2.0,2.003999948501587,900,0.0,0.0
2024-12-04 00:00:00-05:00,2.009999990463257,2.0220000743865967,2.0,2.0,6100,0.0,0.0
2024-12-05 00:00:00-05:00,1.9800000190734863,2.0399999618530273,1.9500000476837158,2.0399999618530273,2900,0.0,0.0
2024-12-06 00:00:00-05:00,2.009999990463257,2.009999990463257,1.909999966621399,1.909999966621399,6400,0.0,0.0
2024-12-09 00:00:00-05:00,1.8799999952316284,1.9500000476837158,1.8799999952316284,1.909999966621399,3800,0.0,0.0
2024-12-10 00:00:00-05:00,1.9700000286102295,1.9900000095367432,1.9500000476837158,1.9709999561309814,7500,0.0,0.0
2024-12-11 00:00:00-05:00,1.9500000476837158,1.968999981880188,1.909999966621399,1.909999966621399,5800,0.0,0.0
2024-12-12 00:00:00-05:00,1.9259999990463257,1.9900000095367432,1.9259999990463257,1.9259999990463257,1300,0.0,0.0
2024-12-13 00:00:00-05:00,1.9500000476837158,1.9500000476837158,1.9259999990463257,1.9259999990463257,300,0.0,0.0
2024-12-16 00:00:00-05:00,1.9900000095367432,1.9900000095367432,1.909999966621399,1.9600000381469727,8500,0.0,0.0
2024-12-17 00:00:00-05:00,2.0,2.0,1.9500000476837158,1.9500000476837158,4200,0.0,0.0
2024-12-18 00:00:00-05:00,1.9299999475479126,1.9299999475479126,1.9299999475479126,1.9299999475479126,1800,0.0,0.0
2024-12-19 00:00:00-05:00,1.9199999570846558,2.049999952316284,1.9199999570846558,1.9700000286102295,3900,0.0,0.0
2024-12-20 00:00:00-05:00,1.9299999475479126,1.9900000095367432,1.909999966621399,1.9900000095367432,6700,0.0,0.0
2024-12-23 00:00:00-05:00,1.9900000095367432,1.9900000095367432,1.9600000381469727,1.9800000190734863,700,0.0,0.0
2024-12-24 00:00:00-05:00,1.9900000095367432,2.059999942779541,1.909999966621399,1.909999966621399,11000,0.0,0.0
2024-12-26 00:00:00-05:00,1.909999966621399,2.0,1.899999976158142,1.9700000286102295,3500,0.0,0.0
2024-12-27 00:00:00-05:00,2.0,2.0,1.9500000476837158,1.9600000381469727,1400,0.0,0.0
2024-12-30 00:00:00-05:00,1.940000057220459,1.9600000381469727,1.940000057220459,1.9500000476837158,2600,0.0,0.0
2024-12-31 00:00:00-05:00,2.0,2.0,1.9459999799728394,1.9520000219345093,800,0.0,0.0
2025-01-02 00:00:00-05:00,1.9320000410079956,2.0,1.9320000410079956,1.9600000381469727,3500,0.0,0.0
2025-01-03 00:00:00-05:00,2.0,2.0,1.9900000095367432,1.9900000095367432,900,0.0,0.0
2025-01-06 00:00:00-05:00,2.0,2.3499999046325684,1.965999960899353,2.259999990463257,264700,0.0,0.0
2025-01-07 00:00:00-05:00,2.799999952316284,3.1500000953674316,2.549999952316284,3.109999895095825,1885100,0.0,0.0
2025-01-08 00:00:00-05:00,3.0899999141693115,3.2920000553131104,1.899999976158142,2.8299999237060547,1797700,0.0,0.0
2025-01-10 00:00:00-05:00,2.75,3.490000009536743,2.5299999713897705,3.2300000190734863,956800,0.0,0.0
2025-01-13 00:00:00-05:00,3.25,3.2899999618530273,2.8519999980926514,3.200000047683716,479300,0.0,0.0
2025-01-14 00:00:00-05:00,3.049999952316284,3.1500000953674316,2.450000047683716,2.680000066757202,414600,0.0,0.0
2025-01-15 00:00:00-05:00,2.7100000381469727,2.928999900817871,2.559999942779541,2.690000057220459,207500,0.0,0.0
2025-01-16 00:00:00-05:00,2.6500000953674316,2.7799999713897705,2.2899999618530273,2.5,155800,0.0,0.0
2025-01-17 00:00:00-05:00,2.569999933242798,2.809999942779541,2.3499999046325684,2.799999952316284,237600,0.0,0.0
2025-01-21 00:00:00-05:00,2.7899999618530273,3.059000015258789,2.690000057220459,3.009999990463257,282900,0.0,0.0
2025-01-22 00:00:00-05:00,2.9800000190734863,3.0,2.700000047683716,2.819999933242798,192000,0.0,0.0
2025-01-23 00:00:00-05:00,2.8399999141693115,2.8589999675750732,2.450000047683716,2.6579999923706055,134900,0.0,0.0
2025-01-24 00:00:00-05:00,2.6500000953674316,2.9489998817443848,2.380000114440918,2.7799999713897705,180100,0.0,0.0
2025-01-27 00:00:00-05:00,2.7799999713897705,2.869999885559082,2.5999999046325684,2.6500000953674316,44100,0.0,0.0
2025-01-28 00:00:00-05:00,2.7699999809265137,3.140000104904175,2.7100000381469727,3.130000114440918,251100,0.0,0.0
2025-01-29 00:00:00-05:00,3.0999999046325684,3.200000047683716,2.990000009536743,3.075000047683716,244400,0.0,0.0
2025-01-30 00:00:00-05:00,3.0999999046325684,3.1500000953674316,3.010999917984009,3.0399999618530273,67200,0.0,0.0
2025-01-31 00:00:00-05:00,3.049999952316284,3.181999921798706,3.0299999713897705,3.059999942779541,60000,0.0,0.0
2025-02-03 00:00:00-05:00,3.049999952316284,3.0999999046325684,2.8399999141693115,3.009999990463257,119400,0.0,0.0
2025-02-04 00:00:00-05:00,2.9549999237060547,3.0899999141693115,2.799999952316284,2.950000047683716,76400,0.0,0.0
2025-02-05 00:00:00-05:00,2.950000047683716,2.990000009536743,2.6500000953674316,2.7869999408721924,74800,0.0,0.0
2025-02-06 00:00:00-05:00,2.869999885559082,2.869999885559082,2.549999952316284,2.680000066757202,165600,0.0,0.0
2025-02-07 00:00:00-05:00,2.7200000286102295,2.759999990463257,2.5199999809265137,2.549999952316284,107200,0.0,0.0
2025-02-10 00:00:00-05:00,2.509999990463257,2.5999999046325684,2.200000047683716,2.240000009536743,137100,0.0,0.0
2025-02-11 00:00:00-05:00,2.200000047683716,2.299999952316284,1.899999976158142,1.9500000476837158,320200,0.0,0.0
2025-02-12 00:00:00-05:00,1.9670000076293945,2.01200008392334,1.8600000143051147,1.909999966621399,151100,0.0,0.0
2025-02-13 00:00:00-05:00,1.9299999475479126,2.0999999046325684,1.649999976158142,1.7999999523162842,282900,0.0,0.0
2025-02-14 00:00:00-05:00,1.7999999523162842,1.9500000476837158,1.7799999713897705,1.9500000476837158,94100,0.0,0.0
2025-02-18 00:00:00-05:00,1.9900000095367432,1.9900000095367432,1.8569999933242798,1.9500000476837158,39300,0.0,0.0
2025-02-19 00:00:00-05:00,1.9500000476837158,2.180000066757202,1.8049999475479126,2.178999900817871,1089500,0.0,0.0
2025-02-20 00:00:00-05:00,2.5,2.819999933242798,2.259999990463257,2.299999952316284,5418500,0.0,0.0
2025-02-21 00:00:00-05:00,2.0799999237060547,2.2300000190734863,1.9600000381469727,2.0399999618530273,414600,0.0,0.0
2025-02-24 00:00:00-05:00,1.9600000381469727,2.0399999618530273,1.909999966621399,1.9500000476837158,151800,0.0,0.0
2025-02-25 00:00:00-05:00,1.9199999570846558,2.0,1.9199999570846558,1.9500000476837158,51000,0.0,0.0
2025-02-26 00:00:00-05:00,1.9900000095367432,2.009999990463257,1.9210000038146973,1.9900000095367432,72200,0.0,0.0
2025-02-27 00:00:00-05:00,1.9700000286102295,2.009999990463257,1.9500000476837158,1.9900000095367432,78700,0.0,0.0
2025-02-28 00:00:00-05:00,1.9500000476837158,1.9900000095367432,1.899999976158142,1.9700000286102295,53400,0.0,0.0
2025-03-03 00:00:00-05:00,1.9600000381469727,1.9800000190734863,1.899999976158142,1.899999976158142,97300,0.0,0.0
2025-03-04 00:00:00-05:00,1.899999976158142,1.9550000429153442,1.8700000047683716,1.9500000476837158,80800,0.0,0.0
2025-03-05 00:00:00-05:00,1.9500000476837158,1.9500000476837158,1.8899999856948853,1.940000057220459,54000,0.0,0.0
2025-03-06 00:00:00-05:00,1.9500000476837158,1.9850000143051147,1.906000018119812,1.9550000429153442,13600,0.0,0.0
2025-03-07 00:00:00-05:00,1.9500000476837158,1.9500000476837158,1.8600000143051147,1.8839999437332153,83700,0.0,0.0
2025-03-10 00:00:00-04:00,1.9500000476837158,1.9900000095367432,1.6799999475479126,1.809999942779541,136400,0.0,0.0
2025-03-11 00:00:00-04:00,1.7719999551773071,1.850000023841858,1.7719999551773071,1.809999942779541,75500,0.0,0.0
2025-03-12 00:00:00-04:00,1.8200000524520874,1.9299999475479126,1.7899999618530273,1.9299999475479126,214200,0.0,0.0
2025-03-13 00:00:00-04:00,1.9010000228881836,1.968999981880188,1.850000023841858,1.9199999570846558,176200,0.0,0.0
2025-03-14 00:00:00-04:00,1.9199999570846558,1.9889999628067017,1.909999966621399,1.9140000343322754,209300,0.0,0.0
2025-03-17 00:00:00-04:00,1.899999976158142,1.899999976158142,1.850000023841858,1.850000023841858,39200,0.0,0.0
2025-03-18 00:00:00-04:00,1.8600000143051147,1.909999966621399,1.809999942779541,1.809999942779541,29200,0.0,0.0
2025-03-19 00:00:00-04:00,1.7999999523162842,1.9800000190734863,1.781000018119812,1.8700000047683716,104500,0.0,0.0
2025-03-20 00:00:00-04:00,1.875,1.9199999570846558,1.8200000524520874,1.8200000524520874,23500,0.0,0.0
2025-03-21 00:00:00-04:00,1.8799999952316284,1.8849999904632568,1.7699999809265137,1.7999999523162842,46300,0.0,0.0
2025-03-24 00:00:00-04:00,1.8009999990463257,1.8700000047683716,1.8009999990463257,1.8200000524520874,27700,0.0,0.0
2025-03-25 00:00:00-04:00,1.809999942779541,1.850000023841858,1.809999942779541,1.809999942779541,15700,0.0,0.0
2025-03-26 00:00:00-04:00,1.809999942779541,1.850000023841858,1.7799999713897705,1.7799999713897705,24700,0.0,0.0
2025-03-27 00:00:00-04:00,1.7999999523162842,1.8300000429153442,1.7699999809265137,1.7799999713897705,18200,0.0,0.0
2025-03-28 00:00:00-04:00,1.7999999523162842,1.7999999523162842,1.600000023841858,1.659999966621399,69700,0.0,0.0
2025-03-31 00:00:00-04:00,1.6100000143051147,1.649999976158142,1.600000023841858,1.6150000095367432,14300,0.0,0.0
2025-04-01 00:00:00-04:00,1.6490000486373901,1.6710000038146973,1.600000023841858,1.6039999723434448,29700,0.0,0.0
2025-04-02 00:00:00-04:00,1.600000023841858,1.7000000476837158,1.600000023841858,1.6399999856948853,18300,0.0,0.0
2025-04-03 00:00:00-04:00,1.6100000143051147,1.7100000381469727,1.5479999780654907,1.559999942779541,12800,0.0,0.0
2025-04-04 00:00:00-04:00,1.5299999713897705,1.5499999523162842,1.1299999952316284,1.2899999618530273,164800,0.0,0.0
2025-04-07 00:00:00-04:00,1.25,1.315999984741211,1.2000000476837158,1.2999999523162842,31500,0.0,0.0
2025-04-08 00:00:00-04:00,1.2999999523162842,1.350000023841858,1.2999999523162842,1.3200000524520874,43000,0.0,0.0
2025-04-09 00:00:00-04:00,1.3200000524520874,1.4199999570846558,1.2999999523162842,1.399999976158142,36400,0.0,0.0
2025-04-10 00:00:00-04:00,1.402999997138977,1.440000057220459,1.350000023841858,1.350000023841858,19200,0.0,0.0
2025-04-11 00:00:00-04:00,1.350000023841858,1.4470000267028809,1.309999942779541,1.4199999570846558,25900,0.0,0.0
2025-04-14 00:00:00-04:00,1.4450000524520874,1.5,1.4450000524520874,1.4600000381469727,10700,0.0,0.0
2025-04-15 00:00:00-04:00,1.4800000190734863,1.5099999904632568,1.4600000381469727,1.4600000381469727,14500,0.0,0.0
2025-04-16 00:00:00-04:00,1.4500000476837158,1.4950000047683716,1.409999966621399,1.4500000476837158,16500,0.0,0.0
2025-04-17 00:00:00-04:00,1.4670000076293945,1.4780000448226929,1.409999966621399,1.4299999475479126,17700,0.0,0.0
2025-04-21 00:00:00-04:00,1.4459999799728394,1.4500000476837158,1.409999966621399,1.4199999570846558,2600,0.0,0.0
2025-04-22 00:00:00-04:00,1.4390000104904175,1.5099999904632568,1.3600000143051147,1.4800000190734863,23300,0.0,0.0
2025-04-23 00:00:00-04:00,1.4800000190734863,1.4800000190734863,1.409999966621399,1.4500000476837158,7800,0.0,0.0
2025-04-24 00:00:00-04:00,1.440000057220459,1.4500000476837158,1.3799999952316284,1.399999976158142,16800,0.0,0.0
2025-04-25 00:00:00-04:00,1.4900000095367432,1.5399999618530273,1.440000057220459,1.4700000286102295,28600,0.0,0.0
2025-04-28 00:00:00-04:00,1.475000023841858,1.5299999713897705,1.475000023841858,1.4900000095367432,28200,0.0,0.0
2025-04-29 00:00:00-04:00,1.5,1.5839999914169312,1.5,1.5839999914169312,6700,0.0,0.0
2025-04-30 00:00:00-04:00,1.5800000429153442,1.6039999723434448,1.559999942779541,1.559999942779541,5300,0.0,0.0
2025-05-01 00:00:00-04:00,1.5850000381469727,1.5850000381469727,1.5299999713897705,1.5549999475479126,8500,0.0,0.0
2025-05-02 00:00:00-04:00,1.5700000524520874,1.590000033378601,1.5499999523162842,1.5850000381469727,6100,0.0,0.0
2025-05-05 00:00:00-04:00,1.600000023841858,1.600000023841858,1.5299999713897705,1.5839999914169312,17000,0.0,0.0
2025-05-06 00:00:00-04:00,1.559999942779541,1.5800000429153442,1.5399999618530273,1.5800000429153442,1800,0.0,0.0
2025-05-07 00:00:00-04:00,1.5499999523162842,1.5549999475479126,1.5499999523162842,1.5509999990463257,3700,0.0,0.0
2025-05-08 00:00:00-04:00,1.5750000476837158,1.600000023841858,1.5640000104904175,1.5700000524520874,4300,0.0,0.0
2025-05-09 00:00:00-04:00,1.5700000524520874,1.6100000143051147,1.559999942779541,1.5750000476837158,8800,0.0,0.0
2025-05-12 00:00:00-04:00,1.559999942779541,1.6100000143051147,1.5499999523162842,1.562999963760376,12700,0.0,0.0
2025-05-13 00:00:00-04:00,1.5499999523162842,1.649999976158142,1.5499999523162842,1.6100000143051147,28100,0.0,0.0
2025-05-14 00:00:00-04:00,1.7100000381469727,1.7100000381469727,1.6299999952316284,1.649999976158142,20000,0.0,0.0
2025-05-15 00:00:00-04:00,1.7000000476837158,1.7400000095367432,1.6299999952316284,1.7400000095367432,19400,0.0,0.0
2025-05-16 00:00:00-04:00,1.7400000095367432,1.8799999952316284,1.7300000190734863,1.809999942779541,96300,0.0,0.0
2025-05-19 00:00:00-04:00,1.840000033378601,1.850000023841858,1.7699999809265137,1.809999942779541,31900,0.0,0.0
2025-05-20 00:00:00-04:00,1.8300000429153442,1.8839999437332153,1.7899999618530273,1.8700000047683716,38300,0.0,0.0
2025-05-21 00:00:00-04:00,1.8799999952316284,1.9299999475479126,1.8300000429153442,1.9199999570846558,56900,0.0,0.0
2025-05-22 00:00:00-04:00,1.8899999856948853,1.909999966621399,1.840000033378601,1.899999976158142,50200,0.0,0.0
2025-05-23 00:00:00-04:00,1.9010000228881836,1.909999966621399,1.8200000524520874,1.8600000143051147,20200,0.0,0.0
2025-05-27 00:00:00-04:00,1.899999976158142,1.899999976158142,1.8200000524520874,1.8300000429153442,11600,0.0,0.0
2025-05-28 00:00:00-04:00,1.899999976158142,1.899999976158142,1.7699999809265137,1.840000033378601,30900,0.0,0.0
2025-05-29 00:00:00-04:00,1.899999976158142,1.899999976158142,1.840000033378601,1.8680000305175781,13100,0.0,0.0
2025-05-30 00:00:00-04:00,1.850000023841858,1.8550000190734863,1.7699999809265137,1.7999999523162842,48200,0.0,0.0
2025-06-02 00:00:00-04:00,1.7899999618530273,1.8300000429153442,1.7799999713897705,1.7999999523162842,11300,0.0,0.0
2025-06-03 00:00:00-04:00,1.8600000143051147,1.8600000143051147,1.7699999809265137,1.843000054359436,6000,0.0,0.0
2025-06-04 00:00:00-04:00,1.7799999713897705,1.809999942779541,1.7799999713897705,1.7899999618530273,5200,0.0,0.0
2025-06-05 00:00:00-04:00,1.7999999523162842,1.8600000143051147,1.7899999618530273,1.8600000143051147,14600,0.0,0.0
2025-06-06 00:00:00-04:00,1.840000033378601,1.9010000228881836,1.809999942779541,1.899999976158142,54900,0.0,0.0
2025-06-09 00:00:00-04:00,1.909999966621399,1.9500000476837158,1.899999976158142,1.9249999523162842,14100,0.0,0.0
2025-06-10 00:00:00-04:00,1.899999976158142,1.9500000476837158,1.899999976158142,1.9420000314712524,18200,0.0,0.0
2025-06-11 00:00:00-04:00,1.909999966621399,1.9500000476837158,1.850000023841858,1.909000039100647,11200,0.0,0.0
2025-06-12 00:00:00-04:00,1.8899999856948853,1.9299999475479126,1.809999942779541,1.909000039100647,5100,0.0,0.0
2025-06-13 00:00:00-04:00,1.850000023841858,1.909999966621399,1.8229999542236328,1.8700000047683716,11100,0.0,0.0
2025-06-16 00:00:00-04:00,1.9299999475479126,1.9299999475479126,1.8200000524520874,1.8300000429153442,8700,0.0,0.0
2025-06-17 00:00:00-04:00,1.8200000524520874,1.899999976158142,1.8200000524520874,1.8899999856948853,12600,0.0,0.0
2025-06-18 00:00:00-04:00,1.850000023841858,1.8799999952316284,1.840000033378601,1.8799999952316284,3500,0.0,0.0
2025-06-20 00:00:00-04:00,1.8799999952316284,1.9049999713897705,1.850000023841858,1.899999976158142,27300,0.0,0.0
2025-06-23 00:00:00-04:00,1.899999976158142,1.899999976158142,1.8420000076293945,1.850000023841858,7600,0.0,0.0
2025-06-24 00:00:00-04:00,1.8849999904632568,1.909999966621399,1.850000023841858,1.899999976158142,15500,0.0,0.0
2025-06-25 00:00:00-04:00,1.8960000276565552,1.899999976158142,1.8200000524520874,1.8200000524520874,9200,0.0,0.0
2025-06-26 00:00:00-04:00,1.8600000143051147,1.8600000143051147,1.7699999809265137,1.8600000143051147,35100,0.0,0.0
2025-06-27 00:00:00-04:00,1.8600000143051147,1.9199999570846558,1.7899999618530273,1.8300000429153442,31400,0.0,0.0
2025-06-30 00:00:00-04:00,1.8700000047683716,1.8700000047683716,1.7799999713897705,1.8300000429153442,18600,0.0,0.0
2025-07-01 00:00:00-04:00,1.7999999523162842,1.840000033378601,1.7899999618530273,1.809999942779541,10200,0.0,0.0
2025-07-02 00:00:00-04:00,1.7999999523162842,1.850000023841858,1.7999999523162842,1.8300000429153442,11500,0.0,0.0
2025-07-03 00:00:00-04:00,1.8600000143051147,1.8600000143051147,1.8200000524520874,1.8200000524520874,5300,0.0,0.0
2025-07-07 00:00:00-04:00,1.809999942779541,1.8899999856948853,1.7999999523162842,1.8899999856948853,23300,0.0,0.0
2025-07-08 00:00:00-04:00,1.8899999856948853,1.8899999856948853,1.7999999523162842,1.840000033378601,44200,0.0,0.0
2025-07-09 00:00:00-04:00,1.8700000047683716,1.9500000476837158,1.8700000047683716,1.9199999570846558,75300,0.0,0.0
2025-07-10 00:00:00-04:00,1.940000057220459,1.9600000381469727,1.8700000047683716,1.8799999952316284,14100,0.0,0.0
2025-07-11 00:00:00-04:00,1.9500000476837158,1.9500000476837158,1.8819999694824219,1.9199999570846558,15400,0.0,0.0
2025-07-14 00:00:00-04:00,1.8700000047683716,1.899999976158142,1.8700000047683716,1.8700000047683716,12500,0.0,0.0
2025-07-15 00:00:00-04:00,1.899999976158142,1.899999976158142,1.8600000143051147,1.8739999532699585,7500,0.0,0.0
2025-07-16 00:00:00-04:00,1.8600000143051147,1.8700000047683716,1.7699999809265137,1.7799999713897705,45800,0.0,0.0
2025-07-17 00:00:00-04:00,1.850000023841858,1.8559999465942383,1.75,1.7599999904632568,41600,0.0,0.0
2025-07-18 00:00:00-04:00,1.75,1.840000033378601,1.7300000190734863,1.7400000095367432,25500,0.0,0.0
2025-07-21 00:00:00-04:00,1.7599999904632568,1.850000023841858,1.7200000286102295,1.7599999904632568,85100,0.0,0.0
2025-07-22 00:00:00-04:00,1.8300000429153442,1.8300000429153442,1.7200000286102295,1.75,24500,0.0,0.0
2025-07-23 00:00:00-04:00,1.840000033378601,1.840000033378601,1.75,1.809999942779541,11600,0.0,0.0
2025-07-24 00:00:00-04:00,1.8600000143051147,1.8600000143051147,1.7799999713897705,1.850000023841858,808200,0.0,0.0
2025-07-25 00:00:00-04:00,2.819999933242798,6.639999866485596,2.440000057220459,5.900000095367432,116360600,0.0,0.0
2025-07-28 00:00:00-04:00,7.739999771118164,8.010000228881836,5.53000020980835,5.940000057220459,27670200,0.0,0.0
2025-07-29 00:00:00-04:00,5.730000019073486,7.25,5.239999771118164,6.650000095367432,5394000,0.0,0.0
2025-07-30 00:00:00-04:00,6.539999961853027,7.110000133514404,5.75,6.050000190734863,2140000,0.0,0.0
2025-07-31 00:00:00-04:00,6.050000190734863,6.690000057220459,5.510000228881836,5.539999961853027,1148700,0.0,0.0
2025-08-01 00:00:00-04:00,6.159999847412109,6.199999809265137,4.650000095367432,4.909999847412109,2568000,0.0,0.0
2025-08-04 00:00:00-04:00,4.760000228881836,5.300000190734863,4.300000190734863,5.199999809265137,821800,0.0,0.0
2025-08-05 00:00:00-04:00,5.010000228881836,5.300000190734863,4.71999979019165,5.28000020980835,370900,0.0,0.0
2025-08-06 00:00:00-04:00,5.199999809265137,5.590000152587891,4.909999847412109,5.300000190734863,270400,0.0,0.0
2025-08-07 00:00:00-04:00,5.260000228881836,6.28000020980835,5.260000228881836,6.170000076293945,750200,0.0,0.0
2025-08-08 00:00:00-04:00,6.090000152587891,6.289999961853027,5.760000228881836,5.989999771118164,470600,0.0,0.0
2025-08-11 00:00:00-04:00,5.880000114440918,6.21999979019165,5.559999942779541,5.690000057220459,625700,0.0,0.0
2025-08-12 00:00:00-04:00,5.760000228881836,7.0,5.690000057220459,6.96999979019165,1269200,0.0,0.0
2025-08-13 00:00:00-04:00,7.199999809265137,8.65999984741211,6.75,7.449999809265137,2415700,0.0,0.0
2025-08-14 00:00:00-04:00,6.559999942779541,7.710000038146973,6.5,7.170000076293945,788700,0.0,0.0
2025-08-15 00:00:00-04:00,7.059999942779541,7.409999847412109,6.800000190734863,7.300000190734863,426700,0.0,0.0
2025-08-18 00:00:00-04:00,7.300000190734863,7.849999904632568,6.670000076293945,6.869999885559082,738500,0.0,0.0
2025-08-19 00:00:00-04:00,6.860000133514404,6.869999885559082,5.590000152587891,5.690000057220459,724400,0.0,0.0
2025-08-20 00:00:00-04:00,5.730000019073486,6.300000190734863,5.599999904632568,6.0,706800,0.0,0.0
2025-08-21 00:00:00-04:00,5.869999885559082,6.0,5.610000133514404,5.820000171661377,317300,0.0,0.0
2025-08-22 00:00:00-04:00,5.710000038146973,6.550000190734863,5.710000038146973,6.429999828338623,540000,0.0,0.0
2025-08-25 00:00:00-04:00,6.230000019073486,6.447000026702881,5.900000095367432,6.110000133514404,610100,0.0,0.0
2025-08-26 00:00:00-04:00,6.0,6.150000095367432,5.699999809265137,5.829999923706055,348500,0.0,0.0
2025-08-27 00:00:00-04:00,6.050000190734863,6.46999979019165,5.900000095367432,6.199999809265137,611100,0.0,0.0
2025-08-28 00:00:00-04:00,6.289999961853027,7.179999828338623,6.210000038146973,7.130000114440918,676300,0.0,0.0
2025-08-29 00:00:00-04:00,6.980000019073486,7.15500020980835,5.900000095367432,6.929999828338623,650200,0.0,0.0
2025-09-02 00:00:00-04:00,6.739999771118164,7.25,6.164999961853027,6.559999942779541,452200,0.0,0.0
2025-09-03 00:00:00-04:00,6.909999847412109,6.909999847412109,6.099999904632568,6.139999866485596,499400,0.0,0.0
2025-09-04 00:00:00-04:00,6.239999771118164,6.380000114440918,5.870999813079834,6.150000095367432,441000,0.0,0.0
2025-09-05 00:00:00-04:00,6.389999866485596,6.489999771118164,5.869999885559082,6.230000019073486,430100,0.0,0.0
2025-09-08 00:00:00-04:00,6.289999961853027,6.880000114440918,5.909999847412109,5.940000057220459,843400,0.0,0.0
2025-09-09 00:00:00-04:00,4.639999866485596,4.679999828338623,4.010000228881836,4.110000133514404,6645700,0.0,0.0
2025-09-10 00:00:00-04:00,4.28000020980835,4.409999847412109,3.930000066757202,4.329999923706055,1733100,0.0,0.0
2025-09-11 00:00:00-04:00,4.340000152587891,4.460000038146973,4.074999809265137,4.300000190734863,1359900,0.0,0.0
2025-09-12 00:00:00-04:00,4.28000020980835,4.349999904632568,4.070000171661377,4.260000228881836,1810900,0.0,0.0
2025-09-15 00:00:00-04:00,4.329999923706055,4.449999809265137,4.099999904632568,4.28000020980835,1309200,0.0,0.0
2025-09-16 00:00:00-04:00,4.28000020980835,4.373000144958496,3.9100000858306885,4.110000133514404,2195800,0.0,0.0
2025-09-17 00:00:00-04:00,4.110000133514404,4.190000057220459,3.940000057220459,4.059999942779541,2709500,0.0,0.0
2025-09-18 00:00:00-04:00,4.260000228881836,4.699999809265137,4.130000114440918,4.599999904632568,4585000,0.0,0.0
2025-09-19 00:00:00-04:00,4.570000171661377,4.570000171661377,4.300000190734863,4.409999847412109,3936100,0.0,0.0
2025-09-22 00:00:00-04:00,4.150000095367432,4.289999961853027,4.010000228881836,4.190000057220459,2638500,0.0,0.0
2025-09-23 00:00:00-04:00,4.099999904632568,4.170000076293945,3.8499999046325684,3.9000000953674316,2569100,0.0,0.0
2025-09-24 00:00:00-04:00,3.9149999618530273,4.329999923706055,3.8499999046325684,4.159999847412109,1781000,0.0,0.0
2025-09-25 00:00:00-04:00,3.8499999046325684,4.050000190734863,3.680000066757202,3.869999885559082,1840400,0.0,0.0
2025-09-26 00:00:00-04:00,3.8610000610351562,4.059999942779541,3.7799999713897705,3.930000066757202,1753500,0.0,0.0
2025-09-29 00:00:00-04:00,3.9700000286102295,4.156000137329102,3.9100000858306885,4.039999961853027,1245400,0.0,0.0
2025-09-30 00:00:00-04:00,3.950000047683716,4.039000034332275,3.759999990463257,3.859999895095825,1068100,0.0,0.0
2025-10-01 00:00:00-04:00,3.990000009536743,4.300000190734863,3.950000047683716,4.159999847412109,1646900,0.0,0.0
2025-10-02 00:00:00-04:00,4.300000190734863,4.380000114440918,4.050000190734863,4.320000171661377,1822100,0.0,0.0
2025-10-03 00:00:00-04:00,4.420000076293945,4.690000057220459,4.210000038146973,4.489999771118164,2052000,0.0,0.0
2025-10-06 00:00:00-04:00,4.550000190734863,4.710000038146973,4.409999847412109,4.579999923706055,1412800,0.0,0.0
2025-10-07 00:00:00-04:00,4.630000114440918,4.639999866485596,4.099999904632568,4.289999961853027,1578200,0.0,0.0
2025-10-08 00:00:00-04:00,4.340000152587891,4.360000133514404,4.099999904632568,4.289999961853027,740200,0.0,0.0
2025-10-09 00:00:00-04:00,4.25,4.289999961853027,4.010000228881836,4.099999904632568,787900,0.0,0.0
2025-10-10 00:00:00-04:00,4.099999904632568,4.21999979019165,3.700000047683716,3.7100000381469727,2466500,0.0,0.0
2025-10-13 00:00:00-04:00,3.7200000286102295,3.759999990463257,3.450000047683716,3.740000009536743,1396900,0.0,0.0
2025-10-14 00:00:00-04:00,3.640000104904175,3.740000009536743,3.440000057220459,3.619999885559082,1250800,0.0,0.0
2025-10-15 00:00:00-04:00,3.700000047683716,3.7300000190734863,3.2100000381469727,3.299999952316284,1305800,0.0,0.0
2025-10-16 00:00:00-04:00,3.4600000381469727,3.484999895095825,3.049999952316284,3.059999942779541,1166500,0.0,0.0
2025-10-17 00:00:00-04:00,3.0,3.190000057220459,2.9100000858306885,3.0399999618530273,1432000,0.0,0.0
2025-10-20 00:00:00-04:00,3.25,3.4800000190734863,3.190000057220459,3.2300000190734863,1048400,0.0,0.0
2025-10-21 00:00:00-04:00,3.2100000381469727,3.299999952316284,3.0490000247955322,3.200000047683716,1973100,0.0,0.0
2025-10-22 00:00:00-04:00,3.0999999046325684,3.114000082015991,2.799999952316284,2.9100000858306885,1874900,0.0,0.0
2025-10-23 00:00:00-04:00,3.1700000762939453,3.380000114440918,3.130000114440918,3.2899999618530273,2425400,0.0,0.0
2025-10-24 00:00:00-04:00,3.3299999237060547,3.369999885559082,3.0,3.059999942779541,2121400,0.0,0.0
2025-10-27 00:00:00-04:00,3.1500000953674316,3.369999885559082,3.1500000953674316,3.259999990463257,1872400,0.0,0.0
2025-10-28 00:00:00-04:00,3.259999990463257,3.4579999446868896,3.2200000286102295,3.299999952316284,1745000,0.0,0.0
2025-10-29 00:00:00-04:00,3.2699999809265137,3.3299999237060547,3.059999942779541,3.0799999237060547,1341100,0.0,0.0
2025-10-30 00:00:00-04:00,3.0799999237060547,3.0799999237060547,2.680000066757202,2.700000047683716,2871400,0.0,0.0
2025-10-31 00:00:00-04:00,2.9100000858306885,3.009999990463257,2.8299999237060547,2.9800000190734863,1215100,0.0,0.0
2025-11-03 00:00:00-05:00,2.890000104904175,2.9000000953674316,2.680000066757202,2.8499999046325684,1535800,0.0,0.0
2025-11-04 00:00:00-05:00,2.7899999618530273,2.7899999618530273,2.5199999809265137,2.5299999713897705,1834900,0.0,0.0
2025-11-05 00:00:00-05:00,2.6500000953674316,2.759999990463257,2.549999952316284,2.559999942779541,1639300,0.0,0.0
2025-11-06 00:00:00-05:00,2.569999933242798,2.569999933242798,2.4000000953674316,2.4800000190734863,1301800,0.0,0.0
2025-11-07 00:00:00-05:00,2.4100000858306885,2.75,2.309999942779541,2.740000009536743,2795000,0.0,0.0
2025-11-10 00:00:00-05:00,2.8399999141693115,2.8399999141693115,2.430000066757202,2.430000066757202,1564600,0.0,0.0
2025-11-11 00:00:00-05:00,2.4200000762939453,2.4800000190734863,2.2799999713897705,2.2899999618530273,1524600,0.0,0.0
2025-11-12 00:00:00-05:00,2.3299999237060547,2.434999942779541,2.25,2.25,1126000,0.0,0.0
2025-11-13 00:00:00-05:00,2.2100000381469727,2.440000057220459,2.109999895095825,2.1600000858306885,1735600,0.0,0.0
2025-11-14 00:00:00-05:00,2.0799999237060547,2.259999990463257,2.049999952316284,2.119999885559082,1847700,0.0,0.0
2025-11-17 00:00:00-05:00,2.0799999237060547,2.0799999237060547,1.75,1.7799999713897705,2199400,0.0,0.0
2025-11-18 00:00:00-05:00,1.7599999904632568,2.0950000286102295,1.7599999904632568,2.0899999141693115,2017800,0.0,0.0
2025-11-19 00:00:00-05:00,2.049999952316284,2.059999942779541,1.8450000286102295,2.0,1571700,0.0,0.0
2025-11-20 00:00:00-05:00,2.049999952316284,2.115000009536743,1.809999942779541,1.8300000429153442,2180400,0.0,0.0
2025-11-21 00:00:00-05:00,1.8200000524520874,1.8550000190734863,1.6799999475479126,1.7799999713897705,3076000,0.0,0.0
2025-11-24 00:00:00-05:00,1.7699999809265137,2.0399999618530273,1.7450000047683716,2.0299999713897705,2731800,0.0,0.0
2025-11-25 00:00:00-05:00,1.9600000381469727,2.069999933242798,1.8700000047683716,1.940000057220459,2648600,0.0,0.0
2025-11-26 00:00:00-05:00,1.940000057220459,2.194999933242798,1.9199999570846558,2.0799999237060547,4218700,0.0,0.0
2025-11-28 00:00:00-05:00,2.0899999141693115,2.0899999141693115,1.975000023841858,2.0,2079600,0.0,0.0
2025-12-01 00:00:00-05:00,1.909999966621399,2.009999990463257,1.809999942779541,1.8200000524520874,1745700,0.0,0.0
2025-12-02 00:00:00-05:00,1.8799999952316284,2.130000114440918,1.840000033378601,1.9600000381469727,2785700,0.0,0.0
2025-12-03 00:00:00-05:00,2.049999952316284,2.068000078201294,1.9500000476837158,2.0199999809265137,1085700,0.0,0.0
2025-12-04 00:00:00-05:00,2.009999990463257,2.115000009536743,1.9700000286102295,2.049999952316284,1293100,0.0,0.0
2025-12-05 00:00:00-05:00,2.049999952316284,2.049999952316284,1.8899999856948853,1.9600000381469727,1475800,0.0,0.0
2025-12-08 00:00:00-05:00,1.9800000190734863,2.0199999809265137,1.909999966621399,1.9199999570846558,1063400,0.0,0.0
2025-12-09 00:00:00-05:00,1.940000057220459,2.244999885559082,1.9299999475479126,2.190000057220459,2118700,0.0,0.0
2025-12-10 00:00:00-05:00,2.1600000858306885,2.184999942779541,2.049999952316284,2.1700000762939453,1371100,0.0,0.0
2025-12-11 00:00:00-05:00,2.130000114440918,2.130000114440918,2.005000114440918,2.069999933242798,1411600,0.0,0.0
2025-12-12 00:00:00-05:00,2.0999999046325684,2.2200000286102295,1.9800000190734863,1.9900000095367432,1739100,0.0,0.0
2025-12-15 00:00:00-05:00,2.0,2.010999917984009,1.8519999980926514,1.8799999952316284,2326900,0.0,0.0
2025-12-16 00:00:00-05:00,1.899999976158142,1.9900000095367432,1.8899999856948853,1.9800000190734863,1213100,0.0,0.0
2025-12-17 00:00:00-05:00,1.9500000476837158,1.9600000381469727,1.7699999809265137,1.7699999809265137,1230600,0.0,0.0
2025-12-18 00:00:00-05:00,1.8300000429153442,1.899999976158142,1.7899999618530273,1.7999999523162842,591000,0.0,0.0
2025-12-19 00:00:00-05:00,1.809999942779541,1.9980000257492065,1.809999942779541,1.9700000286102295,880200,0.0,0.0
2025-12-22 00:00:00-05:00,1.9299999475479126,1.9450000524520874,1.7599999904632568,1.8200000524520874,1282000,0.0,0.0
2025-12-23 00:00:00-05:00,1.7999999523162842,1.850000023841858,1.75,1.7999999523162842,1160800,0.0,0.0
2025-12-24 00:00:00-05:00,1.7899999618530273,1.8550000190734863,1.7400000095367432,1.809999942779541,624200,0.0,0.0
2025-12-26 00:00:00-05:00,1.7899999618530273,1.7949999570846558,1.7400000095367432,1.75,750400,0.0,0.0
2025-12-29 00:00:00-05:00,1.7699999809265137,1.840000033378601,1.6799999475479126,1.690000057220459,803200,0.0,0.0
2025-12-30 00:00:00-05:00,1.7000000476837158,1.7599999904632568,1.649999976158142,1.7000000476837158,1124300,0.0,0.0
2025-12-31 00:00:00-05:00,1.690000057220459,1.75,1.6399999856948853,1.6699999570846558,864300,0.0,0.0
2026-01-02 00:00:00-05:00,1.7100000381469727,1.8049999475479126,1.7000000476837158,1.7899999618530273,956200,0.0,0.0
2026-01-05 00:00:00-05:00,1.840000033378601,1.9950000047683716,1.8300000429153442,1.9800000190734863,2623500,0.0,0.0
2026-01-06 00:00:00-05:00,2.0950000286102295,2.1500000953674316,1.850000023841858,1.940000057220459,1397600,0.0,0.0
2026-01-07 00:00:00-05:00,1.899999976158142,1.9299999475479126,1.840000033378601,1.850000023841858,714100,0.0,0.0
2026-01-08 00:00:00-05:00,1.8700000047683716,1.965000033378601,1.812000036239624,1.9500000476837158,817800,0.0,0.0
2026-01-09 00:00:00-05:00,1.9199999570846558,1.9299999475479126,1.7999999523162842,1.8899999856948853,976000,0.0,0.0
2026-01-12 00:00:00-05:00,1.8799999952316284,1.9800000190734863,1.8300000429153442,1.850000023841858,951100,0.0,0.0
2026-01-13 00:00:00-05:00,1.8700000047683716,1.9500000476837158,1.8250000476837158,1.9299999475479126,786800,0.0,0.0
2026-01-14 00:00:00-05:00,1.9500000476837158,1.9900000095367432,1.8200000524520874,1.8600000143051147,1342500,0.0,0.0
2026-01-15 00:00:00-05:00,1.8600000143051147,1.8849999904632568,1.7899999618530273,1.8700000047683716,1064400,0.0,0.0
2026-01-16 00:00:00-05:00,1.8899999856948853,1.8899999856948853,1.840000033378601,1.8799999952316284,341700,0.0,0.0
2026-01-20 00:00:00-05:00,1.7899999618530273,1.8300000429153442,1.7400000095367432,1.7899999618530273,870000,0.0,0.0
2026-01-21 00:00:00-05:00,1.7999999523162842,1.840000033378601,1.649999976158142,1.75,1185800,0.0,0.0
2026-01-22 00:00:00-05:00,1.75,1.809999942779541,1.6699999570846558,1.6799999475479126,506600,0.0,0.0
2026-01-23 00:00:00-05:00,1.690000057220459,1.7000000476837158,1.5399999618530273,1.6299999952316284,1138200,0.0,0.0
2026-01-26 00:00:00-05:00,1.590000033378601,1.7000000476837158,1.559999942779541,1.659999966621399,899000,0.0,0.0
2026-01-27 00:00:00-05:00,1.6399999856948853,1.6699999570846558,1.5499999523162842,1.6699999570846558,427700,0.0,0.0
2026-01-28 00:00:00-05:00,1.690000057220459,1.7549999952316284,1.6349999904632568,1.6799999475479126,627400,0.0,0.0
2026-01-29 00:00:00-05:00,1.6699999570846558,1.7699999809265137,1.590000033378601,1.6699999570846558,1568300,0.0,0.0
2026-01-30 00:00:00-05:00,1.6200000047683716,1.7400000095367432,1.6150000095367432,1.6299999952316284,1197100,0.0,0.0
2026-02-02 00:00:00-05:00,1.559999942779541,1.600000023841858,1.4800000190734863,1.5,879000,0.0,0.0
2026-02-03 00:00:00-05:00,1.5,1.5499999523162842,1.399999976158142,1.5099999904632568,930500,0.0,0.0
2026-02-04 00:00:00-05:00,1.5,1.5099999904632568,1.2949999570846558,1.3200000524520874,779100,0.0,0.0
2026-02-05 00:00:00-05:00,1.2699999809265137,1.3200000524520874,1.1699999570846558,1.2300000190734863,708000,0.0,0.0
2026-02-06 00:00:00-05:00,1.2799999713897705,1.4579999446868896,1.2350000143051147,1.3700000047683716,1124700,0.0,0.0
2026-02-09 00:00:00-05:00,1.3300000429153442,1.399999976158142,1.2699999809265137,1.3700000047683716,293000,0.0,0.0
2026-02-10 00:00:00-05:00,1.340000033378601,1.375,1.3049999475479126,1.3200000524520874,259800,0.0,0.0
2026-02-11 00:00:00-05:00,1.3200000524520874,1.3200000524520874,1.2400000095367432,1.2599999904632568,381200,0.0,0.0
2026-02-12 00:00:00-05:00,1.309999942779541,1.3300000429153442,1.1699999570846558,1.2300000190734863,386400,0.0,0.0
2026-02-13 00:00:00-05:00,1.2400000095367432,1.2949999570846558,1.2050000429153442,1.2100000381469727,515300,0.0,0.0
2026-02-17 00:00:00-05:00,1.2100000381469727,1.25,1.090000033378601,1.2000000476837158,831800,0.0,0.0
2026-02-18 00:00:00-05:00,1.190000057220459,1.2799999713897705,1.190000057220459,1.2100000381469727,240900,0.0,0.0
2026-02-19 00:00:00-05:00,1.1799999475479126,1.2100000381469727,1.1349999904632568,1.2000000476837158,181100,0.0,0.0
2026-02-20 00:00:00-05:00,1.1799999475479126,1.2890000343322754,1.1699999570846558,1.2100000381469727,267200,0.0,0.0
2026-02-23 00:00:00-05:00,1.1799999475479126,1.1799999475479126,1.1299999952316284,1.1399999856948853,288300,0.0,0.0
2026-02-24 00:00:00-05:00,1.149999976158142,1.2899999618530273,1.149999976158142,1.2400000095367432,551400,0.0,0.0
2026-02-25 00:00:00-05:00,1.2200000286102295,1.3250000476837158,1.2200000286102295,1.309999942779541,400600,0.0,0.0
2026-02-26 00:00:00-05:00,1.340000033378601,1.350000023841858,1.2799999713897705,1.3300000429153442,588600,0.0,0.0
2026-02-27 00:00:00-05:00,1.2899999618530273,1.3450000286102295,1.225000023841858,1.2599999904632568,674700,0.0,0.0
2026-03-02 00:00:00-05:00,1.2300000190734863,1.309999942779541,1.2050000429153442,1.309999942779541,348900,0.0,0.0
2026-03-03 00:00:00-05:00,1.25,1.25,1.1799999475479126,1.2300000190734863,337900,0.0,0.0
2026-03-04 00:00:00-05:00,1.2400000095367432,1.4600000381469727,1.2300000190734863,1.4600000381469727,1171500,0.0,0.0
2026-03-05 00:00:00-05:00,1.4299999475479126,1.465000033378601,1.3600000143051147,1.3899999856948853,446100,0.0,0.0
2026-03-06 00:00:00-05:00,1.3300000429153442,1.3899999856948853,1.274999976158142,1.2899999618530273,263300,0.0,0.0
2026-03-09 00:00:00-04:00,1.2599999904632568,1.4199999570846558,1.2599999904632568,1.3899999856948853,313600,0.0,0.0
2026-03-10 00:00:00-04:00,1.409999966621399,1.4299999475479126,1.3700000047683716,1.409999966621399,479300,0.0,0.0
2026-03-11 00:00:00-04:00,1.3899999856948853,1.5,1.3569999933242798,1.4900000095367432,629200,0.0,0.0
2026-03-12 00:00:00-04:00,1.4500000476837158,1.5099999904632568,1.3550000190734863,1.3899999856948853,221000,0.0,0.0
2026-03-13 00:00:00-04:00,1.4299999475479126,1.4789999723434448,1.3700000047683716,1.4199999570846558,538500,0.0,0.0
2026-03-16 00:00:00-04:00,1.4700000286102295,1.5299999713897705,1.4500000476837158,1.4900000095367432,289800,0.0,0.0
2026-03-17 00:00:00-04:00,1.4900000095367432,1.524999976158142,1.4600000381469727,1.5,332300,0.0,0.0
2026-03-18 00:00:00-04:00,1.4500000476837158,1.4800000190734863,1.3899999856948853,1.4299999475479126,291100,0.0,0.0
2026-03-19 00:00:00-04:00,1.409999966621399,1.409999966621399,1.340000033378601,1.399999976158142,183100,0.0,0.0
2026-03-20 00:00:00-04:00,1.399999976158142,1.399999976158142,1.2899999618530273,1.3300000429153442,195300,0.0,0.0
2026-03-23 00:00:00-04:00,1.350000023841858,1.409999966621399,1.340000033378601,1.3600000143051147,252900,0.0,0.0
2026-03-24 00:00:00-04:00,1.3600000143051147,1.3799999952316284,1.340000033378601,1.3600000143051147,254800,0.0,0.0
2026-03-25 00:00:00-04:00,1.399999976158142,1.4500000476837158,1.3600000143051147,1.3899999856948853,215700,0.0,0.0
2026-03-26 00:00:00-04:00,1.3600000143051147,1.3949999809265137,1.315000057220459,1.340000033378601,142000,0.0,0.0
2026-03-27 00:00:00-04:00,1.3200000524520874,1.3300000429153442,1.2000000476837158,1.2100000381469727,349500,0.0,0.0
2026-03-30 00:00:00-04:00,1.25,1.2599999904632568,1.149999976158142,1.159999966621399,317300,0.0,0.0
2026-03-31 00:00:00-04:00,1.159999966621399,1.2400000095367432,1.1200000047683716,1.2100000381469727,468900,0.0,0.0
2026-04-01 00:00:00-04:00,1.2300000190734863,1.284999966621399,1.190000057220459,1.2100000381469727,157600,0.0,0.0
2026-04-02 00:00:00-04:00,1.149999976158142,1.2200000286102295,1.1200000047683716,1.190000057220459,170800,0.0,0.0
2026-04-06 00:00:00-04:00,1.2200000286102295,1.3300000429153442,1.2200000286102295,1.2599999904632568,186000,0.0,0.0
2026-04-07 00:00:00-04:00,1.2400000095367432,1.2400000095367432,1.1299999952316284,1.1399999856948853,192100,0.0,0.0
2026-04-08 00:00:00-04:00,1.25,1.2799999713897705,1.1799999475479126,1.1799999475479126,180600,0.0,0.0
2026-04-09 00:00:00-04:00,1.159999966621399,1.2100000381469727,1.159999966621399,1.1799999475479126,139300,0.0,0.0
2026-04-10 00:00:00-04:00,1.1799999475479126,1.2000000476837158,1.1399999856948853,1.149999976158142,267200,0.0,0.0
2026-04-13 00:00:00-04:00,1.1399999856948853,1.3200000524520874,1.1200000047683716,1.309999942779541,598900,0.0,0.0
2026-04-14 00:00:00-04:00,1.340000033378601,1.409999966621399,1.340000033378601,1.3600000143051147,357100,0.0,0.0
2026-04-15 00:00:00-04:00,1.350000023841858,1.4700000286102295,1.3300000429153442,1.440000057220459,548100,0.0,0.0
2026-04-16 00:00:00-04:00,1.440000057220459,1.5010000467300415,1.3849999904632568,1.4800000190734863,404700,0.0,0.0
2026-04-17 00:00:00-04:00,1.5,1.5299999713897705,1.4600000381469727,1.4800000190734863,550900,0.0,0.0
2026-04-20 00:00:00-04:00,1.4500000476837158,1.4550000429153442,1.3600000143051147,1.4299999475479126,272600,0.0,0.0
2026-04-21 00:00:00-04:00,1.4199999570846558,1.4700000286102295,1.409999966621399,1.440000057220459,217700,0.0,0.0
2026-04-22 00:00:00-04:00,1.4900000095367432,1.5199999809265137,1.440000057220459,1.5,498400,0.0,0.0
2026-04-23 00:00:00-04:00,1.4600000381469727,1.5499999523162842,1.4600000381469727,1.5399999618530273,355700,0.0,0.0
2026-04-24 00:00:00-04:00,1.5399999618530273,1.5800000429153442,1.5099999904632568,1.559999942779541,265500,0.0,0.0
2026-04-27 00:00:00-04:00,1.5399999618530273,1.5750000476837158,1.4900000095367432,1.5399999618530273,291000,0.0,0.0
2026-04-28 00:00:00-04:00,1.5099999904632568,1.524999976158142,1.440000057220459,1.5099999904632568,242700,0.0,0.0
2026-04-29 00:00:00-04:00,1.5099999904632568,1.5099999904632568,1.3899999856948853,1.4500000476837158,321200,0.0,0.0
2026-04-30 00:00:00-04:00,1.4500000476837158,1.4950000047683716,1.4249999523162842,1.4900000095367432,292900,0.0,0.0
2026-05-01 00:00:00-04:00,1.4700000286102295,1.5499999523162842,1.4450000524520874,1.5399999618530273,228700,0.0,0.0
2026-05-04 00:00:00-04:00,1.5399999618530273,1.6299999952316284,1.5399999618530273,1.5800000429153442,281900,0.0,0.0
2026-05-05 00:00:00-04:00,1.600000023841858,1.690000057220459,1.5750000476837158,1.6699999570846558,443400,0.0,0.0
2026-05-06 00:00:00-04:00,1.7000000476837158,1.7899999618530273,1.6710000038146973,1.75,406900,0.0,0.0
2026-05-07 00:00:00-04:00,1.6699999570846558,1.7999999523162842,1.590000033378601,1.6100000143051147,333200,0.0,0.0
2026-05-08 00:00:00-04:00,1.6100000143051147,1.6629999876022339,1.5,1.6100000143051147,330200,0.0,0.0
2026-05-11 00:00:00-04:00,1.7000000476837158,1.9900000095367432,1.7000000476837158,1.8799999952316284,1402600,0.0,0.0
2026-05-12 00:00:00-04:00,1.8300000429153442,1.9600000381469727,1.75,1.9299999475479126,560200,0.0,0.0
2026-05-13 00:00:00-04:00,1.8899999856948853,1.9249999523162842,1.7699999809265137,1.7799999713897705,326000,0.0,0.0
2026-05-14 00:00:00-04:00,1.75,1.9199999570846558,1.7400000095367432,1.850000023841858,385000,0.0,0.0
2026-05-15 00:00:00-04:00,1.75,1.8300000429153442,1.5950000286102295,1.600000023841858,442500,0.0,0.0
2026-05-18 00:00:00-04:00,1.6100000143051147,1.6399999856948853,1.5499999523162842,1.5700000524520874,325000,0.0,0.0
2026-05-19 00:00:00-04:00,1.5499999523162842,1.5950000286102295,1.4850000143051147,1.559999942779541,376500,0.0,0.0
2026-05-20 00:00:00-04:00,1.5700000524520874,1.6649999618530273,1.5399999618530273,1.6200000047683716,459800,0.0,0.0
2026-05-21 00:00:00-04:00,1.690000057220459,1.8200000524520874,1.6299999952316284,1.7799999713897705,409100,0.0,0.0
2026-05-22 00:00:00-04:00,1.7300000190734863,1.815000057220459,1.7300000190734863,1.75,367000,0.0,0.0
2026-05-26 00:00:00-04:00,1.7599999904632568,1.7899999618530273,1.5499999523162842,1.5800000429153442,610200,0.0,0.0
2026-05-27 00:00:00-04:00,1.5499999523162842,1.6449999809265137,1.5499999523162842,1.590000033378601,275000,0.0,0.0
2026-05-28 00:00:00-04:00,1.5299999713897705,1.5850000381469727,1.5,1.5399999618530273,370700,0.0,0.0
2026-05-29 00:00:00-04:00,1.5099999904632568,1.6299999952316284,1.5,1.600000023841858,361200,0.0,0.0
2026-06-01 00:00:00-04:00,1.5700000524520874,1.6100000143051147,1.5199999809265137,1.590000033378601,487000,0.0,0.0
2026-06-02 00:00:00-04:00,1.5800000429153442,1.5800000429153442,1.3049999475479126,1.340000033378601,623100,0.0,0.0
2026-06-03 00:00:00-04:00,1.350000023841858,1.5299999713897705,1.2599999904632568,1.2999999523162842,685200,0.0,0.0
2026-06-04 00:00:00-04:00,1.309999942779541,1.3350000381469727,1.25,1.2999999523162842,241000,0.0,0.0
2026-06-05 00:00:00-04:00,1.2699999809265137,1.2899999618530273,1.100000023841858,1.1699999570846558,434800,0.0,0.0
2026-06-08 00:00:00-04:00,1.2400000095367432,1.3700000047683716,1.2400000095367432,1.2400000095367432,383900,0.0,0.0
2026-06-09 00:00:00-04:00,1.25,1.2899999618530273,1.2300000190734863,1.2400000095367432,264700,0.0,0.0
2026-06-10 00:00:00-04:00,1.25,1.3600000143051147,1.2200000286102295,1.25,164400,0.0,0.0
2026-06-11 00:00:00-04:00,1.2400000095367432,1.3899999856948853,1.2400000095367432,1.350000023841858,433400,0.0,0.0
2026-06-12 00:00:00-04:00,1.3600000143051147,1.440999984741211,1.340000033378601,1.3600000143051147,223200,0.0,0.0
2026-06-15 00:00:00-04:00,1.4500000476837158,1.5089999437332153,1.434999942779541,1.440000057220459,204600,0.0,0.0
2026-06-16 00:00:00-04:00,1.4299999475479126,1.4900000095367432,1.3899999856948853,1.3899999856948853,183500,0.0,0.0
2026-06-17 00:00:00-04:00,1.3799999952316284,1.440000057220459,1.3350000381469727,1.399999976158142,183900,0.0,0.0
2026-06-18 00:00:00-04:00,1.399999976158142,1.399999976158142,1.309999942779541,1.350000023841858,292800,0.0,0.0
2026-06-22 00:00:00-04:00,1.3600000143051147,1.399999976158142,1.2599999904632568,1.3300000429153442,352600,0.0,0.0
2026-06-23 00:00:00-04:00,1.2599999904632568,1.2999999523162842,1.2200000286102295,1.2899999618530273,469600,0.0,0.0
2026-06-24 00:00:00-04:00,1.2599999904632568,1.2599999904632568,1.1399999856948853,1.159999966621399,245300,0.0,0.0
2026-06-25 00:00:00-04:00,1.1399999856948853,1.1799999475479126,1.1100000143051147,1.1649999618530273,218800,0.0,0.0
2026-06-26 00:00:00-04:00,1.1200000047683716,1.2699999809265137,1.1200000047683716,1.1399999856948853,1043800,0.0,0.0
2026-06-29 00:00:00-04:00,1.1299999952316284,1.1399999856948853,1.0800000429153442,1.1100000143051147,428600,0.0,0.0
2026-06-30 00:00:00-04:00,1.0700000524520874,1.2300000190734863,1.0700000524520874,1.159999966621399,669200,0.0,0.0
2026-07-01 00:00:00-04:00,1.1299999952316284,1.3600000143051147,1.1299999952316284,1.2599999904632568,357700,0.0,0.0
2026-07-02 00:00:00-04:00,1.25,1.350000023841858,1.2259999513626099,1.2400000095367432,343700,0.0,0.0
2026-07-06 00:00:00-04:00,1.2200000286102295,1.3300000429153442,1.2200000286102295,1.2899999618530273,246100,0.0,0.0
2026-07-07 00:00:00-04:00,1.25,1.2899999618530273,1.1699999570846558,1.2300000190734863,196800,0.0,0.0
2026-07-08 00:00:00-04:00,1.1799999475479126,1.2050000429153442,1.1399999856948853,1.1699999570846558,183800,0.0,0.0
2026-07-09 00:00:00-04:00,1.1799999475479126,1.2109999656677246,1.149999976158142,1.1699999570846558,118000,0.0,0.0
2026-07-10 00:00:00-04:00,1.149999976158142,1.2699999809265137,1.149999976158142,1.25,205000,0.0,0.0
2026-07-13 00:00:00-04:00,1.2200000286102295,1.2489999532699585,1.1799999475479126,1.190000057220459,117800,0.0,0.0
2026-07-14 00:00:00-04:00,1.159999966621399,1.2400000095367432,1.1200000047683716,1.2100000381469727,108500,0.0,0.0
2026-07-15 00:00:00-04:00,1.190000057220459,1.2599999904632568,1.149999976158142,1.2000000476837158,181500,0.0,0.0
2026-07-16 00:00:00-04:00,1.159999966621399,1.190000057220459,1.1100000143051147,1.1200000047683716,133200,0.0,0.0
2026-07-17 00:00:00-04:00,1.100000023841858,1.1399999856948853,1.059999942779541,1.1299999952316284,365200,0.0,0.0
2026-07-20 00:00:00-04:00,1.1299999952316284,1.1699999570846558,1.090000033378601,1.1200000047683716,192200,0.0,0.0
2026-07-21 00:00:00-04:00,1.1200000047683716,1.2400000095367432,1.1200000047683716,1.1399999856948853,346600,0.0,0.0
2026-07-22 00:00:00-04:00,1.100000023841858,1.190000057220459,1.0800000429153442,1.1200000047683716,505700,0.0,0.0
2026-07-23 00:00:00-04:00,1.0800000429153442,1.1399999856948853,1.0299999713897705,1.0499999523162842,292200,0.0,0.0
2026-07-24 00:00:00-04:00,1.0399999618530273,1.059999942779541,0.9670000076293945,0.9900000095367432,402500,0.0,0.0
2026-07-27 00:00:00-04:00,0.9599999785423279,1.0299999713897705,0.8600000143051147,0.8999999761581421,707600,0.0,0.0
2026-07-28 00:00:00-04:00,0.8769999742507935,0.949999988079071,0.8600000143051147,0.9020000100135803,528500,0.0,0.0
2026-07-29 00:00:00-04:00,0.8999999761581421,0.9240000247955322,0.8700000047683716,0.8700000047683716,227000,0.0,0.0
2026-07-30 00:00:00-04:00,0.8700000047683716,0.9010000228881836,0.8700000047683716,0.8700000047683716,168900,0.0,0.0
2026-07-31 00:00:00-04:00,0.8600000143051147,0.8989999890327454,0.8299999833106995,0.8600000143051147,179800,0.0,0.0
2026-08-03 00:00:00-04:00,0.8500000238418579,0.9210000038146973,0.8460000157356262,0.8700000047683716,119800,0.0,0.0
2026-08-04 00:00:00-04:00,0.8600000143051147,0.9200000166893005,0.8600000143051147,0.8700000047683716,132300,0.0,0.0
2026-08-05 00:00:00-04:00,0.8650000095367432,0.9399999976158142,0.8650000095367432,0.8989999890327454,231700,0.0,0.0
2026-08-06 00:00:00-04:00,0.8700000047683716,0.9279999732971191,0.8700000047683716,0.8999999761581421,144300,0.0,0.0
2026-08-07 00:00:00-04:00,0.8500000238418579,0.9100000262260437,0.8500000238418579,0.8510000109672546,260400,0.0,0.0
2026-08-10 00:00:00-04:00,0.8600000143051147,0.8949999809265137,0.7950000166893005,0.8349999785423279,418700,0.0,0.0
2026-08-11 00:00:00-04:00,0.8199999928474426,0.9038000106811523,0.816100001335144,0.8705000281333923,121453,0.0,0.0
