Date,Open,High,Low,Close,Volume,Dividends,Stock Splits
2022-01-03 00:00:00-05:00,11.079465105473796,11.079465105473796,10.983511550703401,11.028289794921875,128400,0.0,0.0
2022-01-04 00:00:00-05:00,11.060271484446645,11.060271484446645,10.977110869612247,11.034683227539062,78900,0.0,0.0
2022-01-05 00:00:00-05:00,11.066666719910286,11.092254975410556,10.932332038879395,10.932332038879395,67400,0.0,0.0
2022-01-06 00:00:00-05:00,10.951524646131997,11.169018745422362,10.906745193218194,11.169018745422363,56200,0.0,0.0
2022-01-07 00:00:00-05:00,11.06666617491343,11.092254429153563,10.970712661743164,10.970712661743164,68700,0.0,0.0
2022-01-10 00:00:00-05:00,10.957921936978094,11.073066676580066,10.91314369826966,10.989907264709473,52000,0.0,0.0
2022-01-11 00:00:00-05:00,11.015495252712862,11.085861759648983,11.015495252712862,11.047480583190918,47500,0.0,0.0
2022-01-12 00:00:00-05:00,11.047480993922214,11.092259238140688,10.957923285369617,11.028289794921875,38700,0.0,0.0
2022-01-13 00:00:00-05:00,11.02189480556497,11.073070125760418,10.925941232712992,10.951529502868652,48400,0.0,0.0
2022-01-14 00:00:00-05:00,10.945127344350656,10.957920253362161,10.900349112522118,10.906744956970215,78000,0.0,0.0
2022-01-18 00:00:00-05:00,10.900351542316356,10.906747388190151,10.759618530781271,10.78520679473877,67000,0.0,0.0
2022-01-19 00:00:00-05:00,10.804394539337519,10.874761030560403,10.791601630118627,10.79799747467041,93900,0.0,0.0
2022-01-20 00:00:00-05:00,10.782551004588809,10.846924688987356,10.66024112701416,10.66024112701416,74700,0.106,0.0
2022-01-21 00:00:00-05:00,10.666677658232556,10.666677658232556,10.46068286895752,10.46068286895752,109100,0.0,0.0
2022-01-24 00:00:00-05:00,10.241815333928512,10.319064010681002,10.087319208249594,10.228940963745117,179700,0.0,0.0
2022-01-25 00:00:00-05:00,10.093755610670005,10.370561599731445,10.061568767816565,10.370561599731445,128400,0.0,0.0
2022-01-26 00:00:00-05:00,10.428496730531558,10.486432918976519,10.351248069996343,10.383434295654297,56700,0.0,0.0
2022-01-27 00:00:00-05:00,10.428499221801758,10.499309180730249,10.402749252863327,10.428499221801758,66700,0.0,0.0
2022-01-28 00:00:00-05:00,10.39630814548444,10.454244327623464,10.351246943337571,10.42205810546875,68100,0.0,0.0
2022-01-31 00:00:00-05:00,10.428496643567968,10.479995340886727,10.396309190352621,10.46068286895752,33300,0.0,0.0
2022-02-01 00:00:00-05:00,10.467123576159238,10.589433480311932,10.454248590916603,10.56368350982666,53500,0.0,0.0
2022-02-02 00:00:00-05:00,10.557246017205344,10.621619715592349,10.544371031962708,10.56368350982666,73500,0.0,0.0
2022-02-03 00:00:00-05:00,10.46068343702827,10.557243346266437,10.40918473691286,10.441370964050293,56200,0.0,0.0
2022-02-04 00:00:00-05:00,10.441369536457296,10.473556987019773,10.364122110758737,10.415620803833008,45500,0.0,0.0
2022-02-07 00:00:00-05:00,10.428497794085045,10.544368954966316,10.364124108378164,10.370561599731445,49400,0.0,0.0
2022-02-08 00:00:00-05:00,10.389870356666021,10.422057805720666,10.351246645626084,10.357684135437012,40700,0.0,0.0
2022-02-09 00:00:00-05:00,10.479994477132268,10.479994477132268,10.402745823608017,10.415620803833008,58100,0.0,0.0
2022-02-10 00:00:00-05:00,10.409186275110109,10.409186275110109,10.235377676101667,10.338375091552734,132600,0.0,0.0
2022-02-11 00:00:00-05:00,10.312626132337737,10.344812363547092,10.19031624365536,10.209628105163574,86000,0.0,0.0
2022-02-14 00:00:00-05:00,10.209626726878613,10.241813567655798,10.113066818459982,10.203189849853516,161100,0.0,0.0
2022-02-15 00:00:00-05:00,10.228936621606522,10.28687218370795,10.209624153659941,10.235373497009277,55600,0.0,0.0
2022-02-16 00:00:00-05:00,10.245743356734353,10.342951298181484,10.206859809335688,10.336470603942871,62300,0.106,0.0
2022-02-17 00:00:00-05:00,10.349432190934605,10.355912267264495,10.226301470171222,10.291107177734375,79600,0.0,0.0
2022-02-18 00:00:00-05:00,10.232783182321858,10.401276926285563,10.19389963030987,10.200380325317383,49800,0.0,0.0
2022-02-22 00:00:00-05:00,10.148537716480027,10.193901353133132,10.064290521243407,10.070771217346191,57600,0.0,0.0
2022-02-23 00:00:00-05:00,10.096692085266113,10.148536411354703,10.07076992222182,10.096692085266113,32200,0.0,0.0
2022-02-24 00:00:00-05:00,9.915235070438648,10.109651565551758,9.798585049764181,10.109651565551758,134100,0.0,0.0
2022-02-25 00:00:00-05:00,10.064287741529702,10.187418461341654,10.064287741529702,10.180937767028809,49100,0.0,0.0
2022-02-28 00:00:00-05:00,10.109653067344563,10.219822410339924,10.109653067344563,10.200380325317383,80000,0.0,0.0
2022-03-01 00:00:00-05:00,10.284627777316183,10.297589167672744,10.161497659094405,10.265186309814453,67400,0.0,0.0
2022-03-02 00:00:00-05:00,10.271665515655789,10.375354151341535,10.239262662495738,10.336470603942871,54100,0.0,0.0
2022-03-03 00:00:00-05:00,10.342952932836758,10.349433628099614,10.278147216274416,10.297589302062988,40400,0.0,0.0
2022-03-04 00:00:00-05:00,10.291107717564046,10.291107717564046,10.206860540525897,10.21982192993164,47900,0.0,0.0
2022-03-07 00:00:00-05:00,10.180938995225594,10.206861157571117,9.986522468617618,10.04484748840332,77100,0.0,0.0
2022-03-08 00:00:00-05:00,10.077249731127003,10.103171891891263,9.986521859435559,10.005963325500488,46900,0.0,0.0
2022-03-09 00:00:00-05:00,10.057807109747028,10.11613150124224,10.051326415792118,10.064287185668945,26100,0.0,0.0
2022-03-10 00:00:00-05:00,10.044849136769905,10.044849136769905,9.954121244655514,9.980043411254883,96200,0.0,0.0
2022-03-11 00:00:00-05:00,10.01244469985481,10.025406090133302,9.960600374807042,9.967081069946289,85200,0.0,0.0
2022-03-14 00:00:00-04:00,9.954118142988301,9.954118142988301,9.649532934861671,9.675455093383789,73300,0.0,0.0
2022-03-15 00:00:00-04:00,9.6560162614979,9.830991353949281,9.636574790569929,9.746744155883789,44000,0.0,0.0
2022-03-16 00:00:00-04:00,9.766181560422172,9.954117349229447,9.766181560422172,9.882831573486328,61200,0.0,0.0
2022-03-17 00:00:00-04:00,9.882834538404484,10.31055055724685,9.882834538404484,10.27814769744873,142400,0.0,0.0
2022-03-18 00:00:00-04:00,10.206859362512002,10.219820750421821,10.031884333927389,10.064287185668945,76000,0.0,0.0
2022-03-21 00:00:00-04:00,10.083731456139443,10.129095087603696,9.934678552990551,9.94115924835205,64600,0.0,0.0
2022-03-22 00:00:00-04:00,9.866767093143421,9.9842288061928,9.866767093143421,9.964652061462402,86100,0.106,0.0
2022-03-23 00:00:00-04:00,9.90592199823064,9.932024534072697,9.866767883300781,9.866767883300781,69400,0.0,0.0
2022-03-24 00:00:00-04:00,9.91897049184565,9.91897049184565,9.840662903765297,9.879817008972168,71700,0.0,0.0
2022-03-25 00:00:00-04:00,9.918971770185985,9.925497558950395,9.762356573840977,9.808035850524902,106000,0.0,0.0
2022-03-28 00:00:00-04:00,9.808035850524902,9.834138383249071,9.788459106565144,9.808035850524902,45000,0.0,0.0
2022-03-29 00:00:00-04:00,9.821088767591352,10.016858100891113,9.821088767591352,10.016858100891113,109600,0.0,0.0
2022-03-30 00:00:00-04:00,9.997280731927649,10.069063173459908,9.997280731927649,10.016858100891113,52100,0.0,0.0
2022-03-31 00:00:00-04:00,10.029909827708018,10.127794813037795,10.029909827708018,10.11474323272705,46600,0.0,0.0
2022-04-01 00:00:00-04:00,10.17346821522373,10.245249998414138,10.134314119271444,10.212621688842773,72200,0.0,0.0
2022-04-04 00:00:00-04:00,10.212626814895257,10.336614329033194,10.206101647572384,10.317037582397461,57900,0.0,0.0
2022-04-05 00:00:00-04:00,10.297460044122113,10.310511623220384,10.147370618493268,10.166947364807129,39800,0.0,0.0
2022-04-06 00:00:00-04:00,10.147370795601248,10.193050078575371,10.023383281337829,10.069063186645508,51900,0.0,0.0
2022-04-07 00:00:00-04:00,10.101690685816893,10.153896379730869,10.029908867977184,10.06253719329834,40200,0.0,0.0
2022-04-08 00:00:00-04:00,10.036434847521022,10.082114130435329,10.016858100891113,10.016858100891113,24600,0.0,0.0
2022-04-11 00:00:00-04:00,9.964651817923217,10.023382050679027,9.853715896606445,9.853715896606445,44100,0.0,0.0
2022-04-12 00:00:00-04:00,9.866766203822607,9.997278860817595,9.866766203822607,9.925497055053711,51700,0.0,0.0
2022-04-13 00:00:00-04:00,9.918972237502665,9.997279839364507,9.912446448430803,9.977703094482422,47400,0.0,0.0
2022-04-14 00:00:00-04:00,9.932021446934582,9.99727745508964,9.853713863748505,9.860239028930664,65200,0.0,0.0
2022-04-18 00:00:00-04:00,9.873292024959849,9.88634297953586,9.794984430503472,9.834137916564941,47600,0.0,0.0
2022-04-19 00:00:00-04:00,9.840663390889256,9.918970982845924,9.840663390889256,9.905920028686523,50500,0.0,0.0
2022-04-20 00:00:00-04:00,9.942720589046376,10.015007161614806,9.89672009984007,10.001864433288574,52500,0.106,0.0
2022-04-21 00:00:00-04:00,10.001865295332884,10.041294110419546,9.955864175452156,9.995293617248535,53200,0.0,0.0
2022-04-22 00:00:00-04:00,9.995294404842321,10.001866083444495,9.909864463143355,9.936150550842285,42600,0.0,0.0
2022-04-25 00:00:00-04:00,9.929575965284595,9.982148125291575,9.909861561959374,9.955862045288086,27100,0.0,0.0
2022-04-26 00:00:00-04:00,9.955863871923075,9.955863871923075,9.877005617444222,9.903291702270508,40600,0.0,0.0
2022-04-27 00:00:00-04:00,9.962433351498902,9.962433351498902,9.785002474750765,9.791573524475098,48800,0.0,0.0
2022-04-28 00:00:00-04:00,9.877009570185466,9.923010707073214,9.811294645175744,9.890152931213379,29000,0.0,0.0
2022-04-29 00:00:00-04:00,9.877005495725891,9.877005495725891,9.771861157716492,9.824433326721191,44400,0.0,0.0
2022-05-02 00:00:00-04:00,9.870434372768287,9.870434372768287,9.719288917947962,9.725860595703125,46700,0.0,0.0
2022-05-03 00:00:00-04:00,9.693001926370687,9.798146253773034,9.693001926370687,9.752145767211914,58600,0.0,0.0
2022-05-04 00:00:00-04:00,9.745575153492998,9.877005577087402,9.706146339769525,9.877005577087402,52800,0.0,0.0
2022-05-05 00:00:00-04:00,9.804718485414908,9.811290162926618,9.60757254703119,9.653573036193848,48000,0.0,0.0
2022-05-06 00:00:00-04:00,9.64700104037036,9.66014376739666,9.548427767479922,9.56157112121582,21400,0.0,0.0
2022-05-09 00:00:00-04:00,9.50899869018596,9.640429090271926,9.397282693435494,9.403854370117188,51700,0.0,0.0
2022-05-10 00:00:00-04:00,9.46957193836672,9.509001382912796,9.357855909980886,9.436714172363281,62200,0.0,0.0
2022-05-11 00:00:00-04:00,9.370999169007462,9.42357134337894,9.298711959214364,9.31185531616211,120100,0.0,0.0
2022-05-12 00:00:00-04:00,9.25271117967202,9.265854536216851,9.114709069499947,9.173852920532227,73600,0.0,0.0
2022-05-13 00:00:00-04:00,9.147567658173482,9.2198542455525,9.108138211696877,9.140995979309082,77000,0.0,0.0
2022-05-16 00:00:00-04:00,9.127851301703217,9.134422352456497,9.075279135419038,9.114707946777344,57200,0.0,0.0
2022-05-17 00:00:00-04:00,9.173848393305827,9.213277816772461,9.13441896983919,9.213277816772461,52600,0.0,0.0
2022-05-18 00:00:00-04:00,9.193568156804695,9.193568156804695,9.055566034201266,9.140995979309082,44700,0.0,0.0
2022-05-19 00:00:00-04:00,9.11185875933881,9.184700424930867,9.098614475673598,9.151590347290039,37700,0.106,0.0
2022-05-20 00:00:00-04:00,9.091992527907792,9.158212684602903,9.072126733508146,9.085371017456055,51900,0.0,0.0
2022-05-23 00:00:00-04:00,9.13834459056386,9.171454660579355,9.098612380240851,9.131722450256348,44700,0.0,0.0
2022-05-24 00:00:00-04:00,9.125103340718503,9.191323502743556,9.07212746370737,9.138347625732422,81900,0.0,0.0
2022-05-25 00:00:00-04:00,9.118480255842632,9.270785718080461,9.118480255842632,9.224431991577148,68700,0.0,0.0
2022-05-26 00:00:00-04:00,9.23767524484285,9.389981332041804,9.23767524484285,9.343626976013184,36400,0.0,0.0
2022-05-27 00:00:00-04:00,9.396604831677037,9.469447135925293,9.376739035755815,9.469447135925293,58800,0.0,0.0
2022-05-31 00:00:00-04:00,9.456198892347398,9.529041166101948,9.350247183092055,9.403223037719727,66100,0.0,0.0
2022-06-01 00:00:00-04:00,9.43633388696627,9.456199676217919,9.337004309185973,9.396601676940918,55400,0.0,0.0
2022-06-02 00:00:00-04:00,9.423089376118966,9.489309514035229,9.409845727448937,9.436333656311035,43100,0.0,0.0
2022-06-03 00:00:00-04:00,9.423089175058688,9.436333454968164,9.37011331846484,9.416467666625977,26900,0.0,0.0
2022-06-06 00:00:00-04:00,9.35024795817972,9.44295602722417,9.35024795817972,9.396601676940918,69800,0.0,0.0
2022-06-07 00:00:00-04:00,9.370111827499874,9.456197738647461,9.370111827499874,9.456197738647461,25600,0.0,0.0
2022-06-08 00:00:00-04:00,9.416469202453536,9.436334994035835,9.363493337219316,9.389981269836426,46500,0.0,0.0
2022-06-09 00:00:00-04:00,9.337007053575832,9.383360785961601,9.250921099486376,9.257542610168457,56900,0.0,0.0
2022-06-10 00:00:00-04:00,9.184701606695969,9.191323749380624,9.09199350367765,9.098615646362305,53600,0.0,0.0
2022-06-13 00:00:00-04:00,8.979420458280522,8.979420458280522,8.741028367900656,8.774138450622559,107900,0.0,0.0
2022-06-14 00:00:00-04:00,8.754268249257219,8.939683735084673,8.754268249257219,8.860219955444336,103600,0.0,0.0
2022-06-15 00:00:00-04:00,8.840359117200267,8.93968873947438,8.827114830751805,8.880090713500977,66700,0.0,0.0
2022-06-16 00:00:00-04:00,8.794001220724148,8.807245501863106,8.608585705433306,8.621829986572266,68700,0.0,0.0
2022-06-17 00:00:00-04:00,8.648315809525592,8.714535304514854,8.641693670570087,8.674803733825684,68100,0.0,0.0
2022-06-21 00:00:00-04:00,8.705515968195593,8.772276314841074,8.645431783549432,8.665459632873535,54200,0.106,0.0
2022-06-22 00:00:00-04:00,8.605375208808605,8.72554292919309,8.605375208808605,8.678811073303223,45800,0.0,0.0
2022-06-23 00:00:00-04:00,8.66545864868616,8.732218987749274,8.66545864868616,8.718867301940918,20400,0.0,0.0
2022-06-24 00:00:00-04:00,8.732219520658433,8.798979863795791,8.725543359009935,8.758923530578613,76300,0.0,0.0
2022-06-27 00:00:00-04:00,8.745571310231407,8.745571310231407,8.678810971168293,8.718867301940918,47600,0.0,0.0
2022-06-28 00:00:00-04:00,8.71886829219423,8.772276314841074,8.625403934225329,8.665459632873535,43700,0.0,0.0
2022-06-29 00:00:00-04:00,8.66546127903207,8.69884145869597,8.62540557277457,8.64543342590332,47600,0.0,0.0
2022-06-30 00:00:00-04:00,8.585347231509488,8.685487747192383,8.551967696289012,8.685487747192383,61100,0.0,0.0
2022-07-01 00:00:00-04:00,8.698839258568023,8.732219429789343,8.658783562441489,8.712191581726074,62600,0.0,0.0
2022-07-05 00:00:00-04:00,8.678812134481644,8.678812134481644,8.598700098871907,8.638755798339844,96200,0.0,0.0
2022-07-06 00:00:00-04:00,8.66546171333753,8.66546171333753,8.598701987337764,8.605378150939941,27500,0.0,0.0
2022-07-07 00:00:00-04:00,8.605376084901224,8.672135794872855,8.592023760902588,8.665459632873535,76600,0.0,0.0
2022-07-08 00:00:00-04:00,8.625407218933105,8.645435075884171,8.545295154454747,8.625407218933105,60000,0.0,0.0
2022-07-11 00:00:00-04:00,8.60537470470947,8.638754236004711,8.54529052970004,8.585346221923828,49100,0.0,0.0
2022-07-12 00:00:00-04:00,8.585346561059119,8.658783060826508,8.578671036540626,8.61872673034668,53500,0.0,0.0
2022-07-13 00:00:00-04:00,8.54529052970004,8.60537470470947,8.538614368771492,8.585346221923828,49100,0.0,0.0
2022-07-14 00:00:00-04:00,8.491881471987867,8.558641163047495,8.478529151771738,8.538613319396973,49200,0.0,0.0
2022-07-15 00:00:00-04:00,8.558643341064453,8.571995664678502,8.518587643569974,8.558643341064453,52900,0.0,0.0
2022-07-18 00:00:00-04:00,8.605374855163584,8.605374855163584,8.48520650304373,8.525262832641602,49900,0.0,0.0
2022-07-19 00:00:00-04:00,8.585349229843096,8.658785752438469,8.558645213446772,8.64543342590332,68800,0.0,0.0
2022-07-20 00:00:00-04:00,8.662934262859611,8.743707466386633,8.615816721284272,8.683127403259277,95500,0.106,0.0
2022-07-21 00:00:00-04:00,8.696590301098828,8.811019171528686,8.696590301098828,8.804287910461426,42400,0.0,0.0
2022-07-22 00:00:00-04:00,8.844674606324618,8.885060887827517,8.784094542141897,8.811018943786621,81900,0.0,0.0
2022-07-25 00:00:00-04:00,8.844671942828072,8.918713864571883,8.837940683961858,8.871596336364746,63500,0.0,0.0
2022-07-26 00:00:00-04:00,8.864867250031839,8.87832912913522,8.804287189245782,8.844674110412598,76900,0.0,0.0
2022-07-27 00:00:00-04:00,8.871601187794688,8.999491966548847,8.858138662700288,8.972567558288574,24600,0.0,0.0
2022-07-28 00:00:00-04:00,8.98602482265166,9.053335482932075,8.952369171547376,9.006217956542969,92100,0.0,0.0
2022-07-29 00:00:00-04:00,9.019679764198223,9.08699106590209,9.019679764198223,9.04660415649414,51700,0.0,0.0
2022-08-01 00:00:00-04:00,9.073526796880783,9.241804376721403,9.012947407357698,9.214879989624023,84600,0.0,0.0
2022-08-02 00:00:00-04:00,9.214884077244403,9.302388534608895,9.201422198688185,9.235077857971191,49700,0.0,0.0
2022-08-03 00:00:00-04:00,9.282193358085536,9.403353448134695,9.27546209932099,9.362966537475586,43600,0.0,0.0
2022-08-04 00:00:00-04:00,9.416818350291702,9.463936534859094,9.416818350291702,9.443742752075195,49600,0.0,0.0
2022-08-05 00:00:00-04:00,9.416816975979081,9.430279495870263,9.356236920325328,9.389892578125,41500,0.0,0.0
2022-08-08 00:00:00-04:00,9.416816259209702,9.484127569685587,9.38316060397176,9.430278778076172,42200,0.0,0.0
2022-08-09 00:00:00-04:00,9.430278778076172,9.470665050819118,9.403354382271464,9.430278778076172,46000,0.0,0.0
2022-08-10 00:00:00-04:00,9.477393817497,9.578360114726319,9.477393817497,9.524511337280273,47100,0.0,0.0
2022-08-11 00:00:00-04:00,9.578363722834885,9.652406301160614,9.52451492510434,9.531246185302734,68400,0.0,0.0
2022-08-12 00:00:00-04:00,9.59182613517881,9.67259933086471,9.59182613517881,9.638943672180176,51400,0.0,0.0
2022-08-15 00:00:00-04:00,9.672600019757246,9.699524420236797,9.638944358675722,9.665868759155273,49700,0.0,0.0
2022-08-16 00:00:00-04:00,9.692792704449081,9.699523964734945,9.612019506803641,9.679330825805664,64500,0.0,0.0
2022-08-17 00:00:00-04:00,9.679327298807559,9.71971356194999,9.598554130594621,9.632209777832031,222800,0.0,0.0
2022-08-18 00:00:00-04:00,9.665866175374301,9.686059951782227,9.632211165217436,9.686059951782227,35800,0.0,0.0
2022-08-19 00:00:00-04:00,9.638943780763825,9.638943780763825,9.52451492510434,9.531246185302734,59500,0.0,0.0
2022-08-22 00:00:00-04:00,9.474276739288918,9.508186233561252,9.426803188599727,9.481058120727539,129600,0.106,0.0
2022-08-23 00:00:00-04:00,9.494625625256113,9.609917559590112,9.48784359458469,9.548880577087402,48500,0.0,0.0
2022-08-24 00:00:00-04:00,9.576007668662772,9.66417212354258,9.54888019383591,9.65060806274414,66200,0.0,0.0
2022-08-25 00:00:00-04:00,9.698078405717732,9.718423843383789,9.623477389659183,9.718423843383789,45800,0.0,0.0
2022-08-26 00:00:00-04:00,9.73877101533039,9.765898485972594,9.555660750187984,9.562442779541016,46500,0.0,0.0
2022-08-29 00:00:00-04:00,9.542098464856322,9.542098464856322,9.467498068418447,9.48784351348877,55500,0.0,0.0
2022-08-30 00:00:00-04:00,9.467495983497717,9.508187511447359,9.270821666409214,9.33185863494873,70100,0.0,0.0
2022-08-31 00:00:00-04:00,9.352206895222848,9.43358932888899,9.250479014832694,9.318297386169434,50300,0.0,0.0
2022-09-01 00:00:00-04:00,9.277605881391976,9.325078802876568,9.196223453088367,9.203004837036133,72300,0.0,0.0
2022-09-02 00:00:00-04:00,9.26403995139905,9.345422363287822,9.169094127580442,9.216567039489746,41100,0.0,0.0
2022-09-06 00:00:00-04:00,9.203004510991677,9.203004510991677,9.114840055093751,9.121622085571289,54800,0.0,0.0
2022-09-07 00:00:00-04:00,9.121620568901221,9.243694510119337,9.121620568901221,9.216567039489746,40100,0.0,0.0
2022-09-08 00:00:00-04:00,9.189440605577671,9.297950500337704,9.189440605577671,9.277605056762695,59200,0.0,0.0
2022-09-09 00:00:00-04:00,9.325076004213482,9.372548911450398,9.223348161057276,9.264039039611816,45500,0.0,0.0
2022-09-12 00:00:00-04:00,9.297946874889677,9.345419773644098,9.250473976135254,9.250473976135254,37500,0.0,0.0
2022-09-13 00:00:00-04:00,9.18943997947112,9.216567451312844,9.128403006134752,9.162312507629395,40600,0.0,0.0
2022-09-14 00:00:00-04:00,9.182657090215347,9.250476086855992,9.175875061197306,9.223348617553711,35500,0.0,0.0
2022-09-15 00:00:00-04:00,9.18265414975591,9.189436176602218,9.060580253601074,9.060580253601074,44100,0.0,0.0
2022-09-16 00:00:00-04:00,9.026671468724972,9.07414436340332,8.95885249338189,9.07414436340332,61100,0.0,0.0
2022-09-19 00:00:00-04:00,8.999550105908032,9.06058644895054,8.999550105908032,9.019895553588867,33400,0.0,0.0
2022-09-20 00:00:00-04:00,8.985978958291966,8.99276098442859,8.911378611097923,8.924942016601562,29300,0.0,0.0
2022-09-21 00:00:00-04:00,8.970069294982009,8.997417041380483,8.908536702580014,8.915373802185059,28900,0.106,0.0
2022-09-22 00:00:00-04:00,8.90853494209654,8.929046236858284,8.819654620860389,8.867513656616211,45600,0.0,0.0
2022-09-23 00:00:00-04:00,8.867516940121748,8.867516940121748,8.57352812655966,8.621386528015137,187200,0.0,0.0
2022-09-26 00:00:00-04:00,8.50515492844059,8.64873072584133,8.14279721196121,8.429948806762695,126100,0.0,0.0
2022-09-27 00:00:00-04:00,8.470970742600715,8.511992026417184,8.4231117087861,8.429948806762695,50800,0.0,0.0
2022-09-28 00:00:00-04:00,8.42994979296156,8.546177864074707,8.368417208016762,8.546177864074707,50600,0.0,0.0
2022-09-29 00:00:00-04:00,8.511994294425088,8.511994294425088,8.334233611798858,8.354744911193848,48000,0.0,0.0
2022-09-30 00:00:00-04:00,8.354744911193848,8.409440405537039,8.306885864627263,8.354744911193848,119900,0.0,0.0
2022-10-03 00:00:00-04:00,8.44362431701556,8.484645607217233,8.395765275751405,8.470972061157227,58000,0.0,0.0
2022-10-04 00:00:00-04:00,8.594036283734448,8.69659080970138,8.539340797360735,8.662405967712402,60800,0.0,0.0
2022-10-05 00:00:00-04:00,8.614548299235572,8.614548299235572,8.49832021798395,8.55301570892334,52600,0.0,0.0
2022-10-06 00:00:00-04:00,8.553017032607311,8.553017032607311,8.484647332341186,8.498321533203125,55300,0.0,0.0
2022-10-07 00:00:00-04:00,8.47780868834729,8.498319985905686,8.395765454178703,8.443624496459961,69000,0.0,0.0
2022-10-10 00:00:00-04:00,8.450459369460456,8.457296467372963,8.29321002960205,8.29321002960205,80500,0.0,0.0
2022-10-11 00:00:00-04:00,8.327399464357889,8.38209497381,8.300051709631832,8.320562362670898,55600,0.0,0.0
2022-10-12 00:00:00-04:00,8.279539084522368,8.347908786447935,8.259028434753418,8.259028434753418,51300,0.0,0.0
2022-10-13 00:00:00-04:00,8.204334638655395,8.293215008816794,8.14280202454197,8.286377906799316,82300,0.0,0.0
2022-10-14 00:00:00-04:00,8.300049043128034,8.30688549059682,8.190657407345459,8.197494506835938,43800,0.0,0.0
2022-10-17 00:00:00-04:00,8.3137240987086,8.429952203050892,8.306886997977449,8.327398300170898,73400,0.0,0.0
2022-10-18 00:00:00-04:00,8.416276986590448,8.477808924917666,8.388929241104456,8.457298278808594,90500,0.0,0.0
2022-10-19 00:00:00-04:00,8.45046226698598,8.477810015991562,8.375256120226071,8.388930320739746,62500,0.0,0.0
2022-10-20 00:00:00-04:00,8.413757486149331,8.46203359184997,8.344792654397013,8.358585357666016,43300,0.106,0.0
2022-10-21 00:00:00-04:00,8.379276313185851,8.47582788499439,8.358586925549655,8.462035179138184,37500,0.0,0.0
2022-10-24 00:00:00-04:00,8.503414154052734,8.565482976122341,8.462035377808856,8.503414154052734,52800,0.0,0.0
2022-10-25 00:00:00-04:00,8.52410044335355,8.586169242858887,8.52410044335355,8.586169242858887,36200,0.0,0.0
2022-10-26 00:00:00-04:00,8.606863112999065,8.620656479063436,8.55169096414937,8.579277038574219,43600,0.0,0.0
2022-10-27 00:00:00-04:00,8.579271684388956,8.634444456510106,8.544789606155527,8.558582305908203,55900,0.0,0.0
2022-10-28 00:00:00-04:00,8.52410029451166,8.648237891354729,8.52410029451166,8.634445190429688,44600,0.0,0.0
2022-10-31 00:00:00-04:00,8.641338870010244,8.689614954422648,8.579270088410984,8.682718276977539,41500,0.0,0.0
2022-11-01 00:00:00-04:00,8.806860919030388,8.827550305593777,8.751688125355114,8.813756942749023,88900,0.0,0.0
2022-11-02 00:00:00-04:00,8.834445823378612,8.848238526702906,8.765480333646183,8.772377014160156,70300,0.0,0.0
2022-11-03 00:00:00-04:00,8.737895011901855,8.758584397498453,8.66203349291186,8.737895011901855,52400,0.0,0.0
2022-11-04 00:00:00-04:00,8.793064777692825,8.862030254716926,8.758582039180773,8.786168098449707,47100,0.0,0.0
2022-11-07 00:00:00-05:00,8.813757610971875,8.82065429291713,8.786171540894646,8.799964904785156,44800,0.0,0.0
2022-11-08 00:00:00-05:00,8.834444996511875,8.882720440184007,8.827548316643403,8.841341018676758,36200,0.0,0.0
2022-11-09 00:00:00-05:00,8.86203003455503,8.86203003455503,8.744789121148825,8.75168514251709,50800,0.0,0.0
2022-11-10 00:00:00-05:00,8.972377279120701,8.972377279120701,8.889619075604518,8.930997848510742,56000,0.0,0.0
2022-11-11 00:00:00-05:00,8.986171032075399,8.986171032075399,8.903412818908691,8.903412818908691,39200,0.0,0.0
2022-11-14 00:00:00-05:00,8.903412035940931,8.944791467737277,8.84134321709829,8.84823989868164,29200,0.0,0.0
2022-11-15 00:00:00-05:00,8.958578768919816,8.993061498331038,8.924096039508596,8.944786071777344,43700,0.0,0.0
2022-11-16 00:00:00-05:00,8.951687935334373,9.041342827250677,8.951687935334373,9.006860733032227,70300,0.0,0.0
2022-11-17 00:00:00-05:00,8.972378062466106,9.02755020296044,8.951688016502887,8.986170768737793,52700,0.0,0.0
2022-11-18 00:00:00-05:00,9.05291588296469,9.11549308332208,9.011197086295319,9.018150329589844,47500,0.106,0.0
2022-11-21 00:00:00-05:00,9.011200594587857,9.052919407499438,8.983388273679482,9.032059669494629,54000,0.0,0.0
2022-11-22 00:00:00-05:00,9.073781010455484,9.143311500549316,9.052921929737156,9.143311500549316,63900,0.0,0.0
2022-11-23 00:00:00-05:00,9.164167729738557,9.198932629903382,9.101589848485125,9.122448921203613,33900,0.0,0.0
2022-11-25 00:00:00-05:00,9.136355411747916,9.171120311912741,9.122448921203613,9.122448921203613,18200,0.0,0.0
2022-11-28 00:00:00-05:00,9.12940280479036,9.17112095314421,9.073778164919885,9.150261878967285,81500,0.0,0.0
2022-11-29 00:00:00-05:00,9.17112317405644,9.219795243053218,9.150264094828204,9.205888748168945,31500,0.0,0.0
2022-11-30 00:00:00-05:00,9.233700088216315,9.470105171203613,9.226747504615236,9.470105171203613,100100,0.0,0.0
2022-12-01 00:00:00-05:00,9.525729816466455,9.560495386856463,9.386668198004527,9.393621444702148,67900,0.0,0.0
2022-12-02 00:00:00-05:00,9.372760762898588,9.372760762898588,9.219793329508638,9.296277046203613,132000,0.0,0.0
2022-12-05 00:00:00-05:00,9.303231237282047,9.303231237282047,9.19893452599594,9.226747512817383,57100,0.0,0.0
2022-12-06 00:00:00-05:00,9.233701734459697,9.233701734459697,9.143311500549316,9.143311500549316,57600,0.0,0.0
2022-12-07 00:00:00-05:00,9.1502615701428,9.289323165125609,9.1502615701428,9.171120643615723,64500,0.0,0.0
2022-12-08 00:00:00-05:00,9.19198036499029,9.261510830817752,9.039012279213093,9.094636917114258,80900,0.0,0.0
2022-12-09 00:00:00-05:00,9.094640123125018,9.094640123125018,8.948625231387304,8.983390808105469,86600,0.0,0.0
2022-12-12 00:00:00-05:00,9.01815384058946,9.039012915496231,8.983388273679482,9.032059669494629,132700,0.0,0.0
2022-12-13 00:00:00-05:00,9.171120287971243,9.171120287971243,8.983387307798996,9.052918434143066,117700,0.0,0.0
2022-12-14 00:00:00-05:00,9.066823316606342,9.073776561135674,8.976433127018726,9.039011001586914,88200,0.0,0.0
2022-12-15 00:00:00-05:00,8.976434398844525,9.039012282279058,8.976434398844525,8.997293472290039,48800,0.0,0.0
2022-12-16 00:00:00-05:00,8.969478289625949,9.045962639670165,8.955572466134676,9.018150329589844,112900,0.0,0.0
2022-12-19 00:00:00-05:00,9.018151931096817,9.066823316606342,9.004245442038155,9.039011001586914,109400,0.0,0.0
2022-12-20 00:00:00-05:00,9.057238327183478,9.13435079626637,9.022186961764277,9.099299430847168,268500,0.106,0.0
2022-12-21 00:00:00-05:00,9.127340209256195,9.141360352990608,9.078268034812936,9.113319396972656,88000,0.0,0.0
2022-12-22 00:00:00-05:00,9.057235070193006,9.169398864360891,8.952081680297852,8.952081680297852,125700,0.0,0.0
2022-12-23 00:00:00-05:00,8.987135825680635,9.092289924621582,8.98012608725727,9.092289924621582,87300,0.0,0.0
2022-12-27 00:00:00-05:00,9.085281721939586,9.085281721939586,8.910025516399509,8.938066482543945,63500,0.0,0.0
2022-12-28 00:00:00-05:00,8.973116221448185,8.973116221448185,8.839921155133242,8.860952377319336,134900,0.0,0.0
2022-12-29 00:00:00-05:00,8.91002160540339,8.973113918671757,8.846929292135025,8.924041748046875,51900,0.0,0.0
2022-12-30 00:00:00-05:00,8.924043005391997,8.924043005391997,8.85394094519946,8.888992309570312,142400,0.0,0.0
2023-01-03 00:00:00-05:00,9.008163577381794,9.029194121651035,8.895999114664962,8.952081680297852,59900,0.0,0.0
2023-01-04 00:00:00-05:00,9.015175856169561,9.141360494477953,9.015175856169561,9.05723762512207,88800,0.0,0.0
2023-01-05 00:00:00-05:00,9.008169203073775,9.092292101235282,8.96610741971834,8.97311782836914,67400,0.0,0.0
2023-01-06 00:00:00-05:00,9.043215701368585,9.18342113494873,9.043215701368585,9.18342113494873,29600,0.0,0.0
2023-01-09 00:00:00-05:00,9.225482041653859,9.281563946520219,9.204451494466234,9.232492446899414,66900,0.0,0.0
2023-01-10 00:00:00-05:00,9.23950841164827,9.309610500637818,9.183426473036853,9.288579940795898,46700,0.0,0.0
2023-01-11 00:00:00-05:00,9.316619844113081,9.358681627533741,9.316619844113081,9.35167121887207,67100,0.0,0.0
2023-01-12 00:00:00-05:00,9.393728121032028,9.456820433593958,9.372697573027741,9.449810028076172,58000,0.0,0.0
2023-01-13 00:00:00-05:00,9.456823174180384,9.561977281773604,9.379710696784764,9.547956466674805,85400,0.0,0.0
2023-01-17 00:00:00-05:00,9.554966974052213,9.575997528370875,9.421771903419062,9.484864234924316,85000,0.0,0.0
2023-01-18 00:00:00-05:00,9.575997533177667,9.63908986471459,9.498885054937686,9.56197738647461,73600,0.0,0.0
2023-01-19 00:00:00-05:00,9.56197738647461,9.583007940803828,9.519915609266905,9.56197738647461,50400,0.0,0.0
2023-01-20 00:00:00-05:00,9.587410432899865,9.608606372664626,9.580345793430304,9.594475746154785,47300,0.106,0.0
2023-01-23 00:00:00-05:00,9.601539728253062,9.636865615844727,9.594474415977675,9.636865615844727,64800,0.0,0.0
2023-01-24 00:00:00-05:00,9.651000701835722,9.686326608224038,9.587414205093879,9.608610153198242,49800,0.0,0.0
2023-01-25 00:00:00-05:00,9.601541905279493,9.601541905279493,9.509694846230131,9.559150695800781,41500,0.0,0.0
2023-01-26 00:00:00-05:00,9.594475949717603,9.629801842956342,9.50969421021585,9.54502010345459,77400,0.0,0.0
2023-01-27 00:00:00-05:00,9.530889476644944,9.594475949717603,9.523824163240123,9.54502010345459,84700,0.0,0.0
2023-01-30 00:00:00-05:00,9.545023656456397,9.622740111482194,9.53795834042161,9.608610153198242,42500,0.0,0.0
2023-01-31 00:00:00-05:00,9.67926025390625,9.67926025390625,9.615673763985255,9.67926025390625,44800,0.0,0.0
2023-02-01 00:00:00-05:00,9.764041122186585,9.764041122186585,9.650998783244964,9.728715896606445,63400,0.0,0.0
2023-02-02 00:00:00-05:00,9.82762573438399,9.898277519657944,9.785235202247904,9.834691047668457,85400,0.0,0.0
2023-02-03 00:00:00-05:00,9.898278689411677,9.93360458622338,9.749910461830876,9.785236358642578,118900,0.0,0.0
2023-02-06 00:00:00-05:00,9.785236142649822,9.82056136489634,9.665128500412472,9.714584350585938,59900,0.0,0.0
2023-02-07 00:00:00-05:00,9.714585056585134,9.77817153930664,9.679259157985912,9.77817153930664,39300,0.0,0.0
2023-02-08 00:00:00-05:00,9.77817082868635,9.785236142649822,9.693389082480941,9.714584350585938,42200,0.0,0.0
2023-02-09 00:00:00-05:00,9.771104795258845,9.778170108702087,9.643931848421992,9.650997161865234,40600,0.0,0.0
2023-02-10 00:00:00-05:00,9.643931242385264,9.679257133596176,9.608606024959688,9.622735977172852,61200,0.0,0.0
2023-02-13 00:00:00-05:00,9.658061059996417,9.707516899280998,9.636865796558064,9.643930435180664,69600,0.0,0.0
2023-02-14 00:00:00-05:00,9.693386766477284,9.700451404967405,9.62980030356934,9.636865615844727,40100,0.0,0.0
2023-02-15 00:00:00-05:00,9.672194302586838,9.693390247023693,9.60860849063279,9.665129661560059,92900,0.0,0.0
2023-02-16 00:00:00-05:00,9.669401313793609,9.669401313793609,9.619559255995295,9.63379955291748,60100,0.106,0.0
2023-02-17 00:00:00-05:00,9.648039218707156,9.683640974748654,9.59819648863025,9.640918731689453,42400,0.0,0.0
2023-02-21 00:00:00-05:00,9.640916359280242,9.640916359280242,9.398825292627553,9.405945777893066,96300,0.0,0.0
2023-02-22 00:00:00-05:00,9.48426958201633,9.541232109069824,9.48426958201633,9.541232109069824,47700,0.0,0.0
2023-02-23 00:00:00-05:00,9.541234089783465,9.619558090026864,9.519873307465732,9.605317115783691,32100,0.0,0.0
2023-02-24 00:00:00-05:00,9.591076466700407,9.626678221947696,9.555474711453119,9.61243724822998,32800,0.0,0.0
2023-02-27 00:00:00-05:00,9.648039218707156,9.683640974748654,9.569715219606456,9.640918731689453,68100,0.0,0.0
2023-02-28 00:00:00-05:00,9.669399860680631,9.719241910988703,9.648039078983885,9.676520347595215,53800,0.0,0.0
2023-03-01 00:00:00-05:00,9.697881053395273,9.71212202711299,9.58395597984155,9.61243724822998,54600,0.0,0.0
2023-03-02 00:00:00-05:00,9.612437003017517,9.619557489694731,9.519872713354673,9.598196029663086,71600,0.0,0.0
2023-03-03 00:00:00-05:00,9.598196349628806,9.712122103121127,9.598196349628806,9.676520347595215,42200,0.0,0.0
2023-03-06 00:00:00-05:00,9.712123483455834,9.811807598239575,9.648040450210797,9.733484268188477,59500,0.0,0.0
2023-03-07 00:00:00-05:00,9.7477239260598,9.76196490097951,9.633798842890346,9.648039817810059,46900,0.0,0.0
2023-03-08 00:00:00-05:00,9.68364075872456,9.726362321783704,9.57683549298269,9.61243724822998,32300,0.0,0.0
2023-03-09 00:00:00-05:00,9.662279032824085,9.662279032824085,9.4842709405227,9.505632400512695,48700,0.0,0.0
2023-03-10 00:00:00-05:00,9.548353277277783,9.576834542840515,9.384586170053808,9.434428215026855,52500,0.0,0.0
2023-03-13 00:00:00-04:00,9.413069233179746,9.413069233179746,9.064172814600738,9.128255844116211,75000,0.0,0.0
2023-03-14 00:00:00-04:00,9.206577520684975,9.377465103484301,9.185216063549891,9.235058784484863,44700,0.0,0.0
2023-03-15 00:00:00-04:00,9.242180330504514,9.242180330504514,8.836322075212902,8.850563049316406,315700,0.0,0.0
2023-03-16 00:00:00-04:00,8.843443474362239,9.035691891258589,8.843443474362239,9.028572082519531,82200,0.0,0.0
2023-03-17 00:00:00-04:00,9.028572667660459,9.028572667660459,8.850564535752625,8.886165618896484,73800,0.0,0.0
2023-03-20 00:00:00-04:00,8.9288884696015,8.943129447054135,8.864805429158999,8.89328670501709,31200,0.0,0.0
2023-03-21 00:00:00-04:00,8.985848579492309,9.142495893667872,8.978728092700921,9.114014625549316,91900,0.0,0.0
2023-03-22 00:00:00-04:00,9.175758541295146,9.175758541295146,9.010623931884766,9.010623931884766,97700,0.106,0.0
2023-03-23 00:00:00-04:00,9.032164693025598,9.082422942306065,8.967546552683688,9.068063735961914,81700,0.0,0.0
2023-03-24 00:00:00-04:00,9.103962387751316,9.103962387751316,8.981906057842302,9.024984359741211,52200,0.0,0.0
2023-03-27 00:00:00-04:00,9.089602497306837,9.103962387751316,8.981906057842302,9.024984359741211,51900,0.0,0.0
2023-03-28 00:00:00-04:00,9.04652675294791,9.07524585723877,9.010627701404971,9.07524585723877,31800,0.0,0.0
2023-03-29 00:00:00-04:00,9.161398745577673,9.190117835998535,9.082420733382456,9.190117835998535,38600,0.0,0.0
2023-03-30 00:00:00-04:00,9.240376742097013,9.27627577890161,9.190118501400882,9.247556686401367,60900,0.0,0.0
2023-03-31 00:00:00-04:00,9.240384623410941,9.319362023968763,9.240384623410941,9.261923789978027,39200,0.0,0.0
2023-04-03 00:00:00-04:00,9.35525751501938,9.455774728435841,9.35525751501938,9.441414833068848,100100,0.0,0.0
2023-04-04 00:00:00-04:00,9.43423370172894,9.484491956125181,9.362435608548003,9.36961555480957,54900,0.0,0.0
2023-04-05 00:00:00-04:00,9.362436068320376,9.398335116673781,9.247559661363391,9.283458709716797,58500,0.0,0.0
2023-04-06 00:00:00-04:00,9.32653659830411,9.32653659830411,9.261918451132914,9.304997444152832,54600,0.0,0.0
2023-04-10 00:00:00-04:00,9.326536713688562,9.340896606445312,9.254739304056933,9.340896606445312,63300,0.0,0.0
2023-04-11 00:00:00-04:00,9.369617674405657,9.477314153822812,9.34807851546573,9.44859504699707,167100,0.0,0.0
2023-04-12 00:00:00-04:00,9.47731125290766,9.51321029663086,9.419873056837462,9.51321029663086,112600,0.0,0.0
2023-04-13 00:00:00-04:00,9.549108454977226,9.685523986816406,9.549108454977226,9.685523986816406,102600,0.0,0.0
2023-04-14 00:00:00-04:00,9.692706416835264,9.707066310561604,9.613729055492655,9.635268211364746,86100,0.0,0.0
2023-04-17 00:00:00-04:00,9.62808910799786,9.66398816074133,9.556291687228404,9.599370002746582,93600,0.0,0.0
2023-04-18 00:00:00-04:00,9.628087463406118,9.663986510017603,9.606548309326172,9.606548309326172,55400,0.0,0.0
2023-04-19 00:00:00-04:00,9.58194095712222,9.654312389712636,9.51680680582787,9.596415519714355,110000,0.106,0.0
2023-04-20 00:00:00-04:00,9.596418039462979,9.639840358270598,9.567469596862793,9.567469596862793,45700,0.0,0.0
2023-04-21 00:00:00-04:00,9.618127170060523,9.618127170060523,9.538519142248518,9.57470417022705,53000,0.0,0.0
2023-04-24 00:00:00-04:00,9.63983802334668,9.654312586233457,9.596415715056642,9.61812686920166,48400,0.0,0.0
2023-04-25 00:00:00-04:00,9.683263528869002,9.683263528869002,9.480624427285834,9.516809463500977,50500,0.0,0.0
2023-04-26 00:00:00-04:00,9.379302024841309,9.487858484846349,9.35759087087733,9.379302024841309,206300,0.0,0.0
2023-04-27 00:00:00-04:00,9.379301170981256,9.516806053815333,9.379301170981256,9.466146469116211,65000,0.0,0.0
2023-04-28 00:00:00-04:00,9.524043532792593,9.524043532792593,9.466146666164105,9.487857818603516,48500,0.0,0.0
2023-05-01 00:00:00-04:00,9.516807901694285,9.979983605200639,9.487859463361714,9.545756340026855,66600,0.0,0.0
2023-05-02 00:00:00-04:00,9.516807075320946,9.524044356821957,9.386539459228516,9.386539459228516,62000,0.0,0.0
2023-05-03 00:00:00-04:00,9.386539459228516,9.495095921003067,9.386539459228516,9.386539459228516,56700,0.0,0.0
2023-05-04 00:00:00-04:00,9.408250109502774,9.408250109502774,9.29245637243082,9.350353240966797,75600,0.0,0.0
2023-05-05 00:00:00-04:00,9.408249603692907,9.48785762110368,9.393775042244544,9.466146469116211,47000,0.0,0.0
2023-05-08 00:00:00-04:00,9.480623744138935,9.495097619544982,9.386541138351173,9.458911895751953,50600,0.0,0.0
2023-05-09 00:00:00-04:00,9.51680690850414,9.545755343815603,9.458910037881214,9.531281471252441,47000,0.0,0.0
2023-05-10 00:00:00-04:00,9.625365216491568,9.625365216491568,9.509571461315737,9.552993774414062,38900,0.0,0.0
2023-05-11 00:00:00-04:00,9.603652098495061,9.603652098495061,9.480621086202255,9.538517951965332,52400,0.0,0.0
2023-05-12 00:00:00-04:00,9.524043686772993,9.531280967764836,9.45167294740987,9.495095252990723,25300,0.0,0.0
2023-05-15 00:00:00-04:00,9.545754839563418,9.560229401547105,9.48062138119214,9.495095252990723,45500,0.0,0.0
2023-05-16 00:00:00-04:00,9.516806251917759,9.603652242045584,9.466146666164105,9.487857818603516,35500,0.0,0.0
2023-05-17 00:00:00-04:00,9.495095559314484,9.53851855648132,9.42996140865679,9.509570121765137,37700,0.0,0.0
2023-05-18 00:00:00-04:00,9.495096425792342,9.524044863150223,9.4082511137187,9.422725677490234,53100,0.0,0.0
2023-05-19 00:00:00-04:00,9.448990504516045,9.492769917919553,9.310356971130245,9.31765365600586,49700,0.106,0.0
2023-05-22 00:00:00-04:00,9.383325131580042,9.456290615068626,9.368732452392578,9.368732452392578,43000,0.0,0.0
2023-05-23 00:00:00-04:00,9.31765669661169,9.390621481627715,9.266580581665039,9.266580581665039,52300,0.0,0.0
2023-05-24 00:00:00-04:00,9.339547728465144,9.339547728465144,9.17902405943599,9.200913429260254,56600,0.0,0.0
2023-05-25 00:00:00-04:00,9.179021437862248,9.208207487909094,9.098759974196,9.120649337768555,72900,0.0,0.0
2023-05-26 00:00:00-04:00,9.157132148742676,9.186318199026823,9.12794609845853,9.157132148742676,74600,0.0,0.0
2023-05-30 00:00:00-04:00,9.17902158653185,9.26657973809054,9.15713222260476,9.193614959716797,113200,0.0,0.0
2023-05-31 00:00:00-04:00,9.193616493562276,9.295767339498234,9.186319805752436,9.281174659729004,58700,0.0,0.0
2023-06-01 00:00:00-04:00,9.361434738770418,9.37602811220873,9.266579898972429,9.33224868774414,106100,0.0,0.0
2023-06-02 00:00:00-04:00,9.419804573059082,9.47087997609637,9.339543126021887,9.419804573059082,54000,0.0,0.0
2023-06-05 00:00:00-04:00,9.448992330211398,9.448992330211398,9.376027554907823,9.390620231628418,19200,0.0,0.0
2023-06-06 00:00:00-04:00,9.412507765518912,9.427101135253906,9.33224631952695,9.427101135253906,69000,0.0,0.0
2023-06-07 00:00:00-04:00,9.44899172960202,9.507363824474675,9.434399053808985,9.49277114868164,54400,0.0,0.0
2023-06-08 00:00:00-04:00,9.500068664550781,9.521958028077997,9.492771978091602,9.500068664550781,23000,0.0,0.0
2023-06-09 00:00:00-04:00,9.500065963003411,9.514658635921709,9.441693183779853,9.448989868164062,23900,0.0,0.0
2023-06-12 00:00:00-04:00,9.4708810912167,9.507363824474675,9.456288415423666,9.49277114868164,15000,0.0,0.0
2023-06-13 00:00:00-04:00,9.514662375802121,9.631406588437054,9.500069697147952,9.60222053527832,67100,0.0,0.0
2023-06-14 00:00:00-04:00,9.594921256324058,9.784630898538197,9.573031896330182,9.777334213256836,313100,0.0,0.0
2023-06-15 00:00:00-04:00,9.73355737876044,9.777336107228585,9.580330437421244,9.711668014526367,91100,0.0,0.0
2023-06-16 00:00:00-04:00,9.697072982788086,9.748148389216357,9.638700890912856,9.697072982788086,46700,0.0,0.0
2023-06-20 00:00:00-04:00,9.71167042937569,9.80652459659269,9.71167042937569,9.76274585723877,64600,0.0,0.0
2023-06-21 00:00:00-04:00,9.745090871075297,9.781864939172076,9.700961849077759,9.708316802978516,45400,0.106,0.0
2023-06-22 00:00:00-04:00,9.708319017862392,9.774512215256701,9.612706699560297,9.627416610717773,68400,0.0,0.0
2023-06-23 00:00:00-04:00,9.678897760615296,9.686252714570639,9.612704577831234,9.634769439697266,45000,0.0,0.0
2023-06-26 00:00:00-04:00,9.612704277038574,9.671542504026176,9.583285163544774,9.612704277038574,54700,0.0,0.0
2023-06-27 00:00:00-04:00,9.627414825763932,9.627414825763932,9.561221640642053,9.575931549072266,60800,0.0,0.0
2023-06-28 00:00:00-04:00,9.597996584646262,9.649479866027832,9.575932421398033,9.649479866027832,41200,0.0,0.0
2023-06-29 00:00:00-04:00,9.686253719389322,9.686253719389322,9.539158132058336,9.55386734008789,86300,0.0,0.0
2023-06-30 00:00:00-04:00,9.627412220422372,9.634767172647104,9.56121905321349,9.590638160705566,80600,0.0,0.0
2023-07-03 00:00:00-04:00,9.68625276324383,9.723026831798322,9.62005958012715,9.65683364868164,38800,0.0,0.0
2023-07-05 00:00:00-04:00,9.664188613167024,9.759800910949707,9.620059590572318,9.759800910949707,91500,0.0,0.0
2023-07-06 00:00:00-04:00,9.708316923813717,9.708316923813717,9.62005958012715,9.65683364868164,64800,0.0,0.0
2023-07-07 00:00:00-04:00,9.66419059925433,9.723028840534436,9.642125732718917,9.700963973999023,33800,0.0,0.0
2023-07-10 00:00:00-04:00,9.723026710780031,9.752445824976054,9.678897688782493,9.708316802978516,95400,0.0,0.0
2023-07-11 00:00:00-04:00,9.752446784738439,9.811285018920898,9.737736875489283,9.811285018920898,102800,0.0,0.0
2023-07-12 00:00:00-04:00,9.855412614034089,9.936315706099188,9.803929338288683,9.906896591186523,52300,0.0,0.0
2023-07-13 00:00:00-04:00,9.958382446588143,9.965737402573321,9.87748003497281,9.884834289550781,45200,0.0,0.0
2023-07-14 00:00:00-04:00,9.884831161780424,9.928960182320925,9.84070284264691,9.870121955871582,47500,0.0,0.0
2023-07-17 00:00:00-04:00,9.892187898988187,9.936316927485098,9.870123735443286,9.92160701751709,36900,0.0,0.0
2023-07-18 00:00:00-04:00,9.928961364225811,9.96573543548584,9.877478085306015,9.96573543548584,46200,0.0,0.0
2023-07-19 00:00:00-04:00,9.987798121305126,10.002508028197578,9.936314849995469,9.951024055480957,43200,0.0,0.0
2023-07-20 00:00:00-04:00,9.940645703866023,10.014774590797655,9.918407320564718,9.925820350646973,30800,0.106,0.0
2023-07-21 00:00:00-04:00,9.94806038010863,9.992537154071059,9.94806038010863,9.970298767089844,35300,0.0,0.0
2023-07-24 00:00:00-04:00,9.933233401712052,9.933233401712052,9.851692185668112,9.896169662475586,49400,0.0,0.0
2023-07-25 00:00:00-04:00,9.881344674257985,9.918409124464858,9.829454868135715,9.888757705688477,111200,0.0,0.0
2023-07-26 00:00:00-04:00,9.807214708860638,9.903581986155572,9.807214708860638,9.896169662475586,105600,0.0,0.0
2023-07-27 00:00:00-04:00,9.859106081786198,9.910995886828863,9.814628601074219,9.814628601074219,70700,0.0,0.0
2023-07-28 00:00:00-04:00,9.859105216293608,9.955472493588543,9.859105216293608,9.896169662475586,83900,0.0,0.0
2023-07-31 00:00:00-04:00,9.844281391999921,9.948061723502791,9.844281391999921,9.918410301208496,86400,0.0,0.0
2023-08-01 00:00:00-04:00,9.910994789471768,9.94064620434819,9.851691959718924,9.866518020629883,95600,0.0,0.0
2023-08-02 00:00:00-04:00,9.81462931204487,9.8887582162862,9.81462931204487,9.829455375671387,90300,0.0,0.0
2023-08-03 00:00:00-04:00,9.82945433433741,9.82945433433741,9.733087051811097,9.747912406921387,136200,0.0,0.0
2023-08-04 00:00:00-04:00,9.829456477680502,9.829456477680502,9.747914532484009,9.777565956115723,84400,0.0,0.0
2023-08-07 00:00:00-04:00,9.807214708860638,9.903581986155572,9.777563293304159,9.896169662475586,92000,0.0,0.0
2023-08-08 00:00:00-04:00,9.903582572937012,9.93323399025032,9.859105800439826,9.903582572937012,50700,0.0,0.0
2023-08-09 00:00:00-04:00,9.918408859263723,9.948060277247276,9.89617047251245,9.933234214782715,31900,0.0,0.0
2023-08-10 00:00:00-04:00,9.99995102006301,10.007364051990697,9.962886567370214,9.977712631225586,72100,0.0,0.0
2023-08-11 00:00:00-04:00,10.014776229858398,10.02960158550383,9.970298749030954,10.014776229858398,45500,0.0,0.0
2023-08-14 00:00:00-04:00,10.007361640274752,10.059251437372147,9.98512325679665,10.037013053894043,36700,0.0,0.0
2023-08-15 00:00:00-04:00,10.059251817716694,10.059251817716694,9.9777106039169,9.985123634338379,43600,0.0,0.0
2023-08-16 00:00:00-04:00,9.940646884242,9.992536687088384,9.933233853279503,9.955472946166992,67400,0.0,0.0
2023-08-17 00:00:00-04:00,9.925823508255997,9.955474931072287,9.822043174926142,9.836869239807129,84800,0.0,0.0
2023-08-18 00:00:00-04:00,9.829455108984044,9.896170979602019,9.814629045759782,9.873931884765625,55600,0.0,0.0
2023-08-21 00:00:00-04:00,9.940649552301384,9.962887944212088,9.859108310664979,9.881346702575684,52200,0.0,0.0
2023-08-22 00:00:00-04:00,10.026636953720706,10.026636953720706,9.9433972086236,9.958531379699707,50300,0.272,0.0
2023-08-23 00:00:00-04:00,9.988800362053745,10.049338489207233,9.950963852164964,9.973666191101074,58000,0.0,0.0
2023-08-24 00:00:00-04:00,10.019069947032383,10.019069947032383,9.882859514684215,9.920695304870605,41400,0.0,0.0
2023-08-25 00:00:00-04:00,9.95096492767334,9.981233994521588,9.935830755084954,9.95096492767334,26900,0.0,0.0
2023-08-28 00:00:00-04:00,9.973664713205515,10.003933772296996,9.920693318541952,9.93582820892334,44000,0.0,0.0
2023-08-29 00:00:00-04:00,9.913128699544426,9.996368449299679,9.913128699544426,9.988801002502441,54300,0.0,0.0
2023-08-30 00:00:00-04:00,10.00393605626614,10.049339294433594,9.988801162429349,10.049339294433594,63600,0.0,0.0
2023-08-31 00:00:00-04:00,10.064473106943517,10.102309615798882,9.966098472588124,9.981232643127441,65800,0.0,0.0
2023-09-01 00:00:00-04:00,10.072041635188778,10.072041635188778,10.011502781513075,10.049339294433594,44200,0.0,0.0
2023-09-05 00:00:00-04:00,10.07204195194879,10.177983325452285,10.056907057636016,10.170415878295898,48700,0.0,0.0
2023-09-06 00:00:00-04:00,10.170416594231904,10.170416594231904,10.049340317892595,10.12501335144043,20300,0.0,0.0
2023-09-07 00:00:00-04:00,10.14014649243996,10.14014649243996,9.996368609347744,10.049339294433594,60200,0.0,0.0
2023-09-08 00:00:00-04:00,10.07204103446243,10.07204103446243,10.019069630864493,10.026637077331543,36900,0.0,0.0
2023-09-11 00:00:00-04:00,10.056906617884664,10.072041511535645,10.02663755225415,10.072041511535645,37100,0.0,0.0
2023-09-12 00:00:00-04:00,10.064474064710154,10.12501219597118,10.034204999079641,10.072041511535645,30900,0.0,0.0
2023-09-13 00:00:00-04:00,10.087173679707268,10.132577629969308,9.988799055532269,9.996366500854492,92100,0.0,0.0
2023-09-14 00:00:00-04:00,9.996368888781452,10.041772849889567,9.935830755084954,9.95096492767334,149700,0.0,0.0
2023-09-15 00:00:00-04:00,9.943395654114035,9.96609726801482,9.897991704641166,9.93582820892334,49200,0.0,0.0
2023-09-18 00:00:00-04:00,9.92069439742201,10.034203922612749,9.92069439742201,10.003934860229492,53800,0.0,0.0
2023-09-19 00:00:00-04:00,10.026635560472085,10.026635560472085,9.973664886559126,9.996366500854492,52400,0.0,0.0
2023-09-20 00:00:00-04:00,10.039088337072485,10.184029991146323,9.97806050193903,9.985689163208008,56700,0.106,0.0
2023-09-21 00:00:00-04:00,9.993315401829452,9.993315401829452,9.878887693062685,9.894145011901855,59200,0.0,0.0
2023-09-22 00:00:00-04:00,9.917030553258856,9.94754446432237,9.886516642195344,9.909401893615723,45600,0.0,0.0
2023-09-25 00:00:00-04:00,9.932288910678201,9.932288910678201,9.848375100851014,9.856003761291504,51200,0.0,0.0
2023-09-26 00:00:00-04:00,9.901772268716078,9.901772268716078,9.726317479082034,9.749202728271484,74700,0.0,0.0
2023-09-27 00:00:00-04:00,9.794975210858384,9.802603870736613,9.680547495212103,9.688176155090332,74200,0.0,0.0
2023-09-28 00:00:00-04:00,9.72631975270093,9.72631975270093,9.680548516113616,9.71106243133545,70900,0.0,0.0
2023-09-29 00:00:00-04:00,9.711061407215968,9.779717891101928,9.680547495212103,9.688176155090332,119500,0.0,0.0
2023-10-02 00:00:00-04:00,9.672918309369942,9.72631746657967,9.566119267441529,9.589004516601562,97800,0.0,0.0
2023-10-03 00:00:00-04:00,9.53560956143728,9.58138080743626,9.466953056193448,9.474581718444824,70400,0.0,0.0
2023-10-04 00:00:00-04:00,9.398293782465542,9.55086407251286,9.398293782465542,9.497464179992676,111200,0.0,0.0
2023-10-05 00:00:00-04:00,9.520350456237793,9.550865099535804,9.505093862097926,9.520350456237793,57400,0.0,0.0
2023-10-06 00:00:00-04:00,9.48983442164883,9.535605648867342,9.45169258106054,9.527976989746094,71700,0.0,0.0
2023-10-09 00:00:00-04:00,9.535606018984273,9.6042624987224,9.520348700149576,9.573748588562012,50800,0.0,0.0
2023-10-10 00:00:00-04:00,9.505090430809425,9.58900348705936,9.497461772738829,9.566118240356445,62200,0.0,0.0
2023-10-11 00:00:00-04:00,9.566119267441529,9.61189049327055,9.566119267441529,9.589004516601562,51400,0.0,0.0
2023-10-12 00:00:00-04:00,9.581377985020513,9.581377985020513,9.459321607480845,9.497464179992676,83500,0.0,0.0
2023-10-13 00:00:00-04:00,9.581377985020513,9.581377985020513,9.466950267485023,9.497464179992676,119000,0.0,0.0
2023-10-16 00:00:00-04:00,9.55086408158126,9.55086408158126,9.390665858886715,9.42117977142334,54300,0.0,0.0
2023-10-17 00:00:00-04:00,9.4288077039257,9.444065023948543,9.390665858886715,9.42117977142334,47000,0.0,0.0
2023-10-18 00:00:00-04:00,9.444063767976226,9.444063767976226,9.344893383543667,9.398292541503906,86400,0.0,0.0
2023-10-19 00:00:00-04:00,9.398291798205546,9.421177773386168,9.31437873840332,9.31437873840332,46000,0.0,0.0
2023-10-20 00:00:00-04:00,9.318997457247818,9.36516952774276,9.29591178894043,9.29591178894043,38500,0.106,0.0
2023-10-23 00:00:00-04:00,9.2728271484375,9.372866034031427,9.265131680188679,9.2728271484375,120200,0.0,0.0
2023-10-24 00:00:00-04:00,9.311303602550062,9.372865879766904,9.280522463941642,9.318998336791992,130700,0.0,0.0
2023-10-25 00:00:00-04:00,9.311305005429565,9.311305005429565,9.17278949388224,9.19587516784668,81700,0.0,0.0
2023-10-26 00:00:00-04:00,9.218961771262778,9.26513385772705,9.2035715650283,9.26513385772705,84800,0.0,0.0
2023-10-27 00:00:00-04:00,9.265130385607563,9.272825852781125,9.234349250793457,9.234349250793457,45400,0.0,0.0
2023-10-30 00:00:00-04:00,9.265131680188679,9.295912819303716,9.249741477571284,9.2728271484375,60600,0.0,0.0
2023-10-31 00:00:00-04:00,9.2959131553532,9.342085232635007,9.272827483652431,9.311304092407227,114200,0.0,0.0
2023-11-01 00:00:00-04:00,9.349778248543556,9.465208053588867,9.318997113974167,9.465208053588867,103000,0.0,0.0
2023-11-02 00:00:00-04:00,9.511379848402374,9.642199860117794,9.511379848402374,9.611418724060059,114800,0.0,0.0
2023-11-03 00:00:00-04:00,9.657590981251612,9.773020060223152,9.649895513618794,9.765324592590332,120200,0.0,0.0
2023-11-06 00:00:00-05:00,9.79610665791376,9.79610665791376,9.588334149292091,9.634506225585938,60600,0.0,0.0
2023-11-07 00:00:00-05:00,9.6806797309181,9.711460877364566,9.657594054553359,9.696070671081543,40200,0.0,0.0
2023-11-08 00:00:00-05:00,9.71145854286753,9.796106491777033,9.703763074635692,9.749935150146484,67400,0.0,0.0
2023-11-09 00:00:00-05:00,9.749935848175497,9.811498130677165,9.672982628108263,9.688373565673828,37900,0.0,0.0
2023-11-10 00:00:00-05:00,9.719153254553792,9.78071552785597,9.719153254553792,9.765324592590332,37500,0.0,0.0
2023-11-13 00:00:00-05:00,9.765322137279352,9.765322137279352,9.69606514763794,9.711455345153809,26300,0.0,0.0
2023-11-14 00:00:00-05:00,9.8114964619055,9.911535337425843,9.796105526957676,9.888449668884277,63400,0.0,0.0
2023-11-15 00:00:00-05:00,9.934622235724456,9.942317704150952,9.873059956073016,9.880755424499512,63400,0.0,0.0
2023-11-16 00:00:00-05:00,9.888448500301557,9.965400964306188,9.865362100608092,9.9577054977417,49500,0.0,0.0
2023-11-17 00:00:00-05:00,10.057744783635163,10.057744783635163,9.942315715842794,10.042354583740234,76800,0.0,0.0
2023-11-20 00:00:00-05:00,10.085803727059282,10.101320703325108,10.031495789909197,10.070286750793457,91800,0.106,0.0
2023-11-21 00:00:00-05:00,10.101319090119942,10.101319090119942,10.031494187855237,10.04701042175293,30100,0.0,0.0
2023-11-22 00:00:00-05:00,10.093560904409255,10.093560904409255,9.99270279144961,10.023736000061035,68800,0.0,0.0
2023-11-24 00:00:00-05:00,10.04701202628487,10.070286750793457,10.023737301776285,10.070286750793457,22700,0.0,0.0
2023-11-27 00:00:00-05:00,10.085804339284804,10.085804339284804,9.946154503975999,9.969429969787598,91900,0.0,0.0
2023-11-28 00:00:00-05:00,9.992701912164527,10.008218145159896,9.930635500403069,9.946151733398438,59400,0.0,0.0
2023-11-29 00:00:00-05:00,9.953913292581792,10.039254450125835,9.93839705479661,10.000463485717773,68400,0.0,0.0
2023-11-30 00:00:00-05:00,9.99270279144961,10.039252234421719,9.969428069963556,10.023736000061035,84400,0.0,0.0
2023-12-01 00:00:00-05:00,10.062528570419333,10.163386692145432,10.047011594819878,10.155628204345703,63100,0.0,0.0
2023-12-04 00:00:00-05:00,10.101319965606738,10.1866611091657,10.101319965606738,10.124594688415527,63800,0.0,0.0
2023-12-05 00:00:00-05:00,10.17890037340024,10.209933576921065,10.17890037340024,10.18665885925293,76600,0.0,0.0
2023-12-06 00:00:00-05:00,10.22545337677002,10.248728100875452,10.209936400772973,10.22545337677002,21900,0.0,0.0
2023-12-07 00:00:00-05:00,10.240968404556256,10.279760100081743,10.225452170280091,10.264243125915527,68100,0.0,0.0
2023-12-08 00:00:00-05:00,10.240967440139046,10.264242159306482,10.186659515451705,10.20993423461914,59100,0.0,0.0
2023-12-11 00:00:00-05:00,10.202175748266669,10.248725926491518,10.194418001804177,10.20993423461914,32100,0.0,0.0
2023-12-12 00:00:00-05:00,10.21769337617542,10.272001304345228,10.202176402475459,10.233209609985352,40500,0.0,0.0
2023-12-13 00:00:00-05:00,10.264242080354114,10.434925079345703,10.240967361365708,10.434925079345703,66400,0.0,0.0
2023-12-14 00:00:00-05:00,10.465959895873452,10.489235358335119,10.411651963243077,10.45820140838623,51900,0.0,0.0
2023-12-15 00:00:00-05:00,10.512511858795866,10.55906131181152,10.434928450582822,10.520270347595215,36600,0.0,0.0
2023-12-18 00:00:00-05:00,10.520268745595242,10.605609889721885,10.520268745595242,10.551301956176758,95000,0.0,0.0
2023-12-19 00:00:00-05:00,10.563812771004464,10.64982430011821,10.548173904418945,10.548173904418945,50300,0.106,0.0
2023-12-20 00:00:00-05:00,10.595088455093421,10.610726574052977,10.43088410465647,10.438703536987305,66900,0.0,0.0
2023-12-21 00:00:00-05:00,10.454342942012438,10.548173904418945,10.454342942012438,10.548173904418945,58800,0.0,0.0
2023-12-22 00:00:00-05:00,10.571632204297224,10.5950897584733,10.462162375305198,10.548173904418945,52600,0.0,0.0
2023-12-26 00:00:00-05:00,10.555993337711705,10.60290919176606,10.532535783535629,10.548173904418945,93700,0.0,0.0
2023-12-27 00:00:00-05:00,10.555992666138046,10.610727204300739,10.509076815068484,10.51689624786377,83300,0.0,0.0
2023-12-28 00:00:00-05:00,10.48561780109856,10.555991195044518,10.40742572114909,10.532533645629883,63000,0.0,0.0
2023-12-29 00:00:00-05:00,10.493437047362209,10.59508742063198,10.493437047362209,10.509075164794922,83800,0.0,0.0
2024-01-02 00:00:00-05:00,10.540353931368166,10.58726978302002,10.438704286576451,10.58726978302002,61200,0.0,0.0
2024-01-03 00:00:00-05:00,10.595088984041071,10.626365969223762,10.540353700694752,10.57163143157959,73500,0.0,0.0
2024-01-04 00:00:00-05:00,10.516897298048345,10.649824686033304,10.516897298048345,10.61072826385498,44700,0.0,0.0
2024-01-05 00:00:00-05:00,10.63418478944183,10.70455744277298,10.626365357171,10.681099891662598,38900,0.0,0.0
2024-01-08 00:00:00-05:00,10.704558838039498,10.751474692077531,10.673281850581542,10.69674015045166,39900,0.0,0.0
2024-01-09 00:00:00-05:00,10.634187784113962,10.728018760681152,10.634187784113962,10.728018760681152,62600,0.0,0.0
2024-01-10 00:00:00-05:00,10.673282488001727,10.774932889736307,10.673282488001727,10.75147533416748,61100,0.0,0.0
2024-01-11 00:00:00-05:00,10.688919714606525,10.759293116211882,10.688919714606525,10.743654251098633,43000,0.0,0.0
2024-01-12 00:00:00-05:00,10.69674015045166,10.735835825497453,10.68892071716162,10.69674015045166,56000,0.0,0.0
2024-01-16 00:00:00-05:00,10.72019630731464,10.751473290695852,10.657642340552213,10.681099891662598,57600,0.0,0.0
2024-01-17 00:00:00-05:00,10.696739013318732,10.712377132534174,10.618546180135148,10.673280715942383,62700,0.0,0.0
2024-01-18 00:00:00-05:00,10.735837449451683,10.774933876113591,10.712379891735464,10.728018760681152,52300,0.0,0.0
2024-01-19 00:00:00-05:00,10.774931100800192,10.774931100800192,10.602908060919706,10.673280715942383,60700,0.0,0.0
2024-01-22 00:00:00-05:00,10.764696584916642,10.835620768373964,10.733174809106545,10.819859504699707,107800,0.106,0.0
2024-01-23 00:00:00-05:00,10.867139902836369,10.953824577360109,10.811976996461102,10.85137939453125,98400,0.0,0.0
2024-01-24 00:00:00-05:00,10.930184478404119,10.953825618878776,10.922303847733131,10.945945739746094,54100,0.0,0.0
2024-01-25 00:00:00-05:00,10.993227005004883,11.024748773238157,10.930183468538337,10.993227005004883,45600,0.0,0.0
2024-01-26 00:00:00-05:00,11.024746322522775,11.040507578904926,10.961702800070313,10.985343933105469,35900,0.0,0.0
2024-01-29 00:00:00-05:00,11.02475082214601,11.072033859052413,10.993229048054538,11.040512084960938,58200,0.0,0.0
2024-01-30 00:00:00-05:00,11.040510062112197,11.064151200464666,11.016868172221491,11.024748802185059,33200,0.0,0.0
2024-01-31 00:00:00-05:00,11.008989754238987,11.016869633709655,10.985347861211967,11.00110912322998,54900,0.0,0.0
2024-02-01 00:00:00-05:00,11.103555096573213,11.11143572759985,11.008989778868584,11.032630920410156,46600,0.0,0.0
2024-02-02 00:00:00-05:00,11.03262695071385,11.03262695071385,10.969583428261387,10.985343933105469,49400,0.0,0.0
2024-02-05 00:00:00-05:00,11.008988177170847,11.008988177170847,10.890780983584271,10.898661613464355,109000,0.0,0.0
2024-02-06 00:00:00-05:00,10.977466525480121,11.024748802185059,10.938064127200514,11.024748802185059,61400,0.0,0.0
2024-02-07 00:00:00-05:00,11.111435776893703,11.127196287478558,11.064152742062458,11.095674514770508,65700,0.0,0.0
2024-02-08 00:00:00-05:00,11.119316077796649,11.135077340517137,11.064153161351683,11.087794303894043,50900,0.0,0.0
2024-02-09 00:00:00-05:00,11.087794303894043,11.142957971877381,11.079914424072172,11.087794303894043,80000,0.0,0.0
2024-02-12 00:00:00-05:00,11.135073209271706,11.174475599915796,11.087790190191178,11.111432075500488,76100,0.0,0.0
2024-02-13 00:00:00-05:00,11.087792063898897,11.142955720737877,11.016867899061793,11.079912185668945,57700,0.0,0.0
2024-02-14 00:00:00-05:00,11.142953837708143,11.182355476814141,11.103551447064051,11.111432075500488,74300,0.0,0.0
2024-02-15 00:00:00-05:00,11.142956227491574,11.17447799645957,11.135075597365011,11.166597366333008,31300,0.0,0.0
2024-02-16 00:00:00-05:00,11.174475599915796,11.190236105250577,11.087790190191178,11.111432075500488,29500,0.0,0.0
2024-02-20 00:00:00-05:00,11.147962936334604,11.187663810596456,11.084441840408122,11.108262062072754,44700,0.106,0.0
2024-02-21 00:00:00-05:00,11.14001967695157,11.211481080361404,11.11619946155862,11.124139785766602,45700,0.0,0.0
2024-02-22 00:00:00-05:00,11.203540215353843,11.203540215353843,11.060618172664073,11.068557739257812,97500,0.0,0.0
2024-02-23 00:00:00-05:00,11.076498000194993,11.11619886186212,11.060618109866715,11.08443832397461,65600,0.0,0.0
2024-02-26 00:00:00-05:00,11.147960097118379,11.155900421394707,11.08443901736975,11.100318908691406,46400,0.0,0.0
2024-02-27 00:00:00-05:00,11.163840617635058,11.179720508774592,11.116199429754474,11.132080078125,61000,0.0,0.0
2024-02-28 00:00:00-05:00,11.132079786824402,11.179720216227356,11.132079786824402,11.155900001525879,58900,0.0,0.0
2024-02-29 00:00:00-05:00,11.267064027754161,11.282944679260254,11.211483261945116,11.282944679260254,33000,0.0,0.0
2024-03-01 00:00:00-05:00,11.259122264542835,11.409984638288101,11.259122264542835,11.3067626953125,68100,0.0,0.0
2024-03-04 00:00:00-05:00,11.322644859295847,11.4020458402837,11.306764208759619,11.354405403137207,72700,0.0,0.0
2024-03-05 00:00:00-05:00,11.362341015973634,11.433801642055702,11.298819197404937,11.338520050048828,58400,0.0,0.0
2024-03-06 00:00:00-05:00,11.370283984524718,11.417925173405406,11.346463768699879,11.394104957580566,60600,0.0,0.0
2024-03-07 00:00:00-05:00,11.457625729676897,11.46556529658423,11.298822275834407,11.330583572387695,59400,0.0,0.0
2024-03-08 00:00:00-05:00,11.386164729343324,11.386164729343324,11.25912256756376,11.370284080505371,72900,0.0,0.0
2024-03-11 00:00:00-04:00,11.425865497757355,11.425865497757355,11.362344417403778,11.394104957580566,36700,0.0,0.0
2024-03-12 00:00:00-04:00,11.417923576448787,11.465564001435286,11.40204292996602,11.457624435424805,37300,0.0,0.0
2024-03-13 00:00:00-04:00,11.473506593876259,11.513207460704209,11.394105617451412,11.417925834655762,59000,0.0,0.0
2024-03-14 00:00:00-04:00,11.417925269788215,11.433805161395155,11.346463864479457,11.370284080505371,37200,0.0,0.0
2024-03-15 00:00:00-04:00,11.402043893246075,11.489385941818423,11.346463140322559,11.362343788146973,117100,0.0,0.0
2024-03-18 00:00:00-04:00,11.433805752390994,11.473506619306939,11.314703908874213,11.322644233703613,173400,0.0,0.0
2024-03-19 00:00:00-04:00,11.335441246559482,11.375439427317435,11.287443277069569,11.359439849853516,98800,0.106,0.0
2024-03-20 00:00:00-04:00,11.383439064025879,11.399438642348395,11.32744206570084,11.383439064025879,33300,0.0,0.0
2024-03-21 00:00:00-04:00,11.3834409491125,11.423439138640568,11.359442340556464,11.36744213104248,28200,0.0,0.0
2024-03-22 00:00:00-04:00,11.423437463068183,11.43943704169342,11.391439068719608,11.399438858032227,27200,0.0,0.0
2024-03-25 00:00:00-04:00,11.439434511050957,11.51143107313358,11.367437948968332,11.37543773651123,55300,0.0,0.0
2024-03-26 00:00:00-04:00,11.431437492370605,11.447437071331734,11.39943909735026,11.431437492370605,31700,0.0,0.0
2024-03-27 00:00:00-04:00,11.511436601921302,11.511436601921302,11.447439796644774,11.47143840789795,65200,0.0,0.0
2024-03-28 00:00:00-04:00,11.47143530652392,11.479435095746217,11.439436912536621,11.439436912536621,58500,0.0,0.0
2024-04-01 00:00:00-04:00,11.415439021595093,11.471436023848964,11.391439652427488,11.407439231872559,123600,0.0,0.0
2024-04-02 00:00:00-04:00,11.399438642348395,11.423437246930284,11.319442276539581,11.383439064025879,54800,0.0,0.0
2024-04-03 00:00:00-04:00,11.399436336238196,11.399436336238196,11.33543956169847,11.37543773651123,51900,0.0,0.0
2024-04-04 00:00:00-04:00,11.439437257527326,11.455436073552521,11.375440467622711,11.415438652038574,118200,0.0,0.0
2024-04-05 00:00:00-04:00,11.455434799194336,11.455434799194336,11.391438016409037,11.455434799194336,53900,0.0,0.0
2024-04-08 00:00:00-04:00,11.487437227766032,11.527435421789386,11.439440005259685,11.47143840789795,85900,0.0,0.0
2024-04-09 00:00:00-04:00,11.511433118614027,11.511433118614027,11.39143857285377,11.447436332702637,52600,0.0,0.0
2024-04-10 00:00:00-04:00,11.359439335838989,11.391437726417054,11.263444164104788,11.279443740844727,53200,0.0,0.0
2024-04-11 00:00:00-04:00,11.335441474745958,11.335441474745958,11.215447692958426,11.263444900512695,59700,0.0,0.0
2024-04-12 00:00:00-04:00,11.271444701988878,11.295443305792803,11.151450157165527,11.151450157165527,35600,0.0,0.0
2024-04-15 00:00:00-04:00,11.231446260336273,11.231446260336273,10.967459335899669,10.99145793914795,121600,0.0,0.0
2024-04-16 00:00:00-04:00,10.967459425640733,11.07145439110334,10.967459425640733,11.047455787658691,54900,0.0,0.0
2024-04-17 00:00:00-04:00,11.047456166927297,11.191448555440415,11.047456166927297,11.167449951171875,98900,0.0,0.0
2024-04-18 00:00:00-04:00,11.199449169704334,11.231447565387413,11.151451194728752,11.207448959350586,50000,0.0,0.0
2024-04-19 00:00:00-04:00,11.22840742934745,11.236467438936,11.163922740330285,11.196165084838867,39400,0.106,0.0
2024-04-22 00:00:00-04:00,11.1961629017788,11.292889916444437,11.1961629017788,11.284829139709473,37600,0.0,0.0
2024-04-23 00:00:00-04:00,11.292888250455707,11.397676026397443,11.276766699364117,11.365433692932129,42000,0.0,0.0
2024-04-24 00:00:00-04:00,11.365437615908803,11.365437615908803,11.268709813407728,11.27677059173584,53300,0.0,0.0
2024-04-25 00:00:00-04:00,11.260648333134501,11.317072236625943,11.171981320541626,11.309011459350586,73700,0.0,0.0
2024-04-26 00:00:00-04:00,11.284832428078591,11.341256344229159,11.268710869910883,11.3170747756958,29000,0.0,0.0
2024-04-29 00:00:00-04:00,11.333193031401281,11.34931381615323,11.260647578222558,11.284829139709473,67600,0.0,0.0
2024-04-30 00:00:00-04:00,11.220344222217502,11.292889673837722,11.220344222217502,11.228404998779297,54300,0.0,0.0
2024-05-01 00:00:00-04:00,11.228407459203433,11.309012936330154,11.228407459203433,11.27677059173584,73900,0.0,0.0
2024-05-02 00:00:00-04:00,11.268707896201569,11.309011012267007,11.212283994940753,11.30095100402832,124000,0.0,0.0
2024-05-03 00:00:00-04:00,11.317072460444978,11.397678697356652,11.317072460444978,11.389617919921875,78300,0.0,0.0
2024-05-06 00:00:00-04:00,11.405739461594262,11.429921795500439,11.38155789640618,11.413800239562988,43700,0.0,0.0
2024-05-07 00:00:00-04:00,11.4621661565851,11.47828694664254,11.42992380775199,11.454105377197266,38400,0.0,0.0
2024-05-08 00:00:00-04:00,11.486344659376861,11.494405436612611,11.462163096387641,11.478283882141113,38200,0.0,0.0
2024-05-09 00:00:00-04:00,11.502467080289344,11.542769432067871,11.494406302446405,11.542769432067871,94300,0.0,0.0
2024-05-10 00:00:00-04:00,11.550830285394056,11.566951841185288,11.478284821769696,11.502467155456543,90000,0.0,0.0
2024-05-13 00:00:00-04:00,11.534709498320916,11.550830285394056,11.486345599665313,11.502467155456543,24600,0.0,0.0
2024-05-14 00:00:00-04:00,11.526648087554067,11.526648087554067,11.478284191553886,11.494405746459961,63100,0.0,0.0
2024-05-15 00:00:00-04:00,11.526649475097656,11.566952598496368,11.486346351698945,11.526649475097656,175800,0.0,0.0
2024-05-16 00:00:00-04:00,11.5266487204253,11.566951841185288,11.486345599665313,11.502467155456543,61300,0.0,0.0
2024-05-17 00:00:00-04:00,11.526648410815126,11.526648410815126,11.478284513458595,11.486345291137695,59200,0.0,0.0
2024-05-20 00:00:00-04:00,11.51052716463407,11.5266487204253,11.486345599665313,11.502467155456543,70900,0.0,0.0
2024-05-21 00:00:00-04:00,11.466733818963725,11.539822190192886,11.466733818963725,11.53170108795166,90600,0.106,0.0
2024-05-22 00:00:00-04:00,11.5804267814605,11.5804267814605,11.531700943096151,11.572305679321289,48800,0.0,0.0
2024-05-23 00:00:00-04:00,11.59666754120468,11.59666754120468,11.482975215708626,11.491095542907715,28900,0.0,0.0
2024-05-24 00:00:00-04:00,11.556063230872716,11.588547638743199,11.491095964073573,11.523579597473145,106200,0.0,0.0
2024-05-28 00:00:00-04:00,11.556063882045457,11.556063882045457,11.401766808320732,11.426129341125488,29700,0.0,0.0
2024-05-29 00:00:00-04:00,11.466733232316612,11.466733232316612,11.336798700988293,11.361161231994629,64700,0.0,0.0
2024-05-30 00:00:00-04:00,11.426128775906179,11.450492081976703,11.409887346330079,11.434249877929688,39100,0.0,0.0
2024-05-31 00:00:00-04:00,11.482975636576862,11.523579597473145,11.466733432641622,11.523579597473145,34300,0.0,0.0
2024-06-03 00:00:00-04:00,11.531699006335211,11.580424836516007,11.50733647848021,11.547941207885742,72100,0.0,0.0
2024-06-04 00:00:00-04:00,11.572306129728481,11.661635933323858,11.523580289467667,11.629152297973633,79800,0.0,0.0
2024-06-05 00:00:00-04:00,11.685999335577423,11.718482971191406,11.604789859306981,11.718482971191406,44500,0.0,0.0
2024-06-06 00:00:00-04:00,11.718482971191406,11.775329139898137,11.669757130534949,11.718482971191406,35800,0.0,0.0
2024-06-07 00:00:00-04:00,11.742845115250711,11.742845115250711,11.66975674392288,11.71036148071289,47900,0.0,0.0
2024-06-10 00:00:00-04:00,11.710362613179596,11.750967353896343,11.637274234783654,11.694120407104492,26300,0.0,0.0
2024-06-11 00:00:00-04:00,11.734724672636567,11.832175581727986,11.726603569927871,11.791571617126465,54800,0.0,0.0
2024-06-12 00:00:00-04:00,11.880899429321289,11.897140857541608,11.807811066152732,11.880899429321289,49500,0.0,0.0
2024-06-13 00:00:00-04:00,11.889022197741074,11.913384730723081,11.807812721839769,11.832175254821777,44600,0.0,0.0
2024-06-14 00:00:00-04:00,11.832174378905735,11.832174378905735,11.734723479720873,11.742844581604004,43700,0.0,0.0
2024-06-17 00:00:00-04:00,11.759087682462882,11.791572094613091,11.694120407104492,11.694120407104492,41100,0.0,0.0
2024-06-18 00:00:00-04:00,11.7347217476571,11.742842848341542,11.685996692492017,11.726600646972656,48700,0.0,0.0
2024-06-20 00:00:00-04:00,11.756055418325005,11.821503124938786,11.698788870087496,11.74787425994873,70000,0.106,0.0
2024-06-21 00:00:00-04:00,11.731510806280793,11.829682350158691,11.706968115360839,11.829682350158691,74000,0.0,0.0
2024-06-24 00:00:00-04:00,11.87876904546509,11.895130580080213,11.821501723816882,11.862406730651855,52300,0.0,0.0
2024-06-25 00:00:00-04:00,11.895132393943518,11.911494711251807,11.772418134924274,11.796960830688477,52400,0.0,0.0
2024-06-26 00:00:00-04:00,11.837865542598776,11.837865542598776,11.764236676981097,11.813322067260742,51000,0.0,0.0
2024-06-27 00:00:00-04:00,11.821503526452679,11.821503526452679,11.76423697627013,11.796960830688477,45300,0.0,0.0
2024-06-28 00:00:00-04:00,11.821500778198242,11.837863091702632,11.780595774635318,11.821500778198242,38100,0.0,0.0
2024-07-01 00:00:00-04:00,11.862405781761167,11.862405781761167,11.788776931387513,11.821500778198242,64000,0.0,0.0
2024-07-02 00:00:00-04:00,11.805140173278003,11.94421672821045,11.805140173278003,11.94421672821045,96500,0.0,0.0
2024-07-03 00:00:00-04:00,11.960579012335321,12.083294040364878,11.960579012335321,12.06693172454834,58500,0.0,0.0
2024-07-05 00:00:00-04:00,12.050568580627441,12.050568580627441,12.00148319694725,12.050568580627441,64400,0.0,0.0
2024-07-08 00:00:00-04:00,12.083293202264024,12.12419742857192,12.026025881076377,12.091473579406738,45800,0.0,0.0
2024-07-09 00:00:00-04:00,12.124197296677153,12.148740768432617,12.058749599058773,12.148740768432617,67800,0.0,0.0
2024-07-10 00:00:00-04:00,12.263274722164486,12.295998573303223,12.18146548441672,12.295998573303223,95900,0.0,0.0
2024-07-11 00:00:00-04:00,12.33690495371449,12.33690495371449,12.279638402905173,12.304181098937988,53000,0.0,0.0
2024-07-12 00:00:00-04:00,12.296000447792828,12.492344364755464,12.287820068909683,12.37781047821045,98800,0.0,0.0
2024-07-15 00:00:00-04:00,12.459616624300184,12.475978938386588,12.18964468345914,12.246912002563477,78800,0.0,0.0
2024-07-16 00:00:00-04:00,12.31236064784095,12.377808348836668,12.246912946845233,12.28781795501709,58300,0.0,0.0
2024-07-17 00:00:00-04:00,12.312360888971668,12.361446275580697,12.287818195667153,12.295998573303223,93400,0.0,0.0
2024-07-18 00:00:00-04:00,12.312361084393334,12.361446471781447,12.181465677760816,12.214189529418945,44200,0.0,0.0
2024-07-19 00:00:00-04:00,12.295998477634877,12.295998477634877,12.189645767211914,12.189645767211914,30000,0.0,0.0
2024-07-22 00:00:00-04:00,12.189647134158676,12.320543332572043,12.165104438292897,12.19782829284668,53900,0.0,0.0
2024-07-23 00:00:00-04:00,12.227490425109863,12.276927277386058,12.202771998971766,12.227490425109863,49800,0.106,0.0
2024-07-24 00:00:00-04:00,12.202772256719767,12.293407011663584,12.087418289331131,12.153334617614746,180100,0.0,0.0
2024-07-25 00:00:00-04:00,12.211010137803244,12.219249874562422,12.136854078539734,12.202771186828613,130800,0.0,0.0
2024-07-26 00:00:00-04:00,12.2851681010702,12.2851681010702,12.169814911702005,12.186293601989746,85000,0.0,0.0
2024-07-29 00:00:00-04:00,12.243968289682995,12.31812434888974,12.120375381528119,12.194531440734863,65100,0.0,0.0
2024-07-30 00:00:00-04:00,12.293407575137323,12.318126002930505,12.235730981691681,12.260449409484863,77100,0.0,0.0
2024-07-31 00:00:00-04:00,12.375801086425781,12.375801086425781,12.301645031017676,12.375801086425781,57100,0.0,0.0
2024-08-01 00:00:00-04:00,12.433479291706638,12.491155881979797,12.367562964027426,12.416999816894531,47500,0.0,0.0
2024-08-02 00:00:00-04:00,12.416999249050829,12.458197148412461,12.235729749114963,12.309885025024414,62600,0.0,0.0
2024-08-05 00:00:00-04:00,12.161573805892486,12.186292231436429,11.988543255515717,12.062699317932129,107800,0.0,0.0
2024-08-06 00:00:00-04:00,12.062700129007409,12.12037672108288,12.046220653680342,12.087418556213379,32100,0.0,0.0
2024-08-07 00:00:00-04:00,12.12861471297662,12.293405513604458,12.12861471297662,12.276926040649414,71000,0.0,0.0
2024-08-08 00:00:00-04:00,12.301645821272107,12.384040832519531,12.268687659616226,12.384040832519531,56000,0.0,0.0
2024-08-09 00:00:00-04:00,12.416999021894727,12.482915345353637,12.400520333922277,12.408760070800781,46900,0.0,0.0
2024-08-12 00:00:00-04:00,12.474676498677251,12.482915449840158,12.326364376760994,12.351082801818848,41400,0.0,0.0
2024-08-13 00:00:00-04:00,12.392280597043774,12.482915345353637,12.359322435314319,12.408760070800781,42500,0.0,0.0
2024-08-14 00:00:00-04:00,12.449957865123636,12.474677077112254,12.392281275386065,12.466437339782715,24800,0.0,0.0
2024-08-15 00:00:00-04:00,12.581791020356802,12.581791020356802,12.466437057707147,12.515873908996582,44700,0.0,0.0
2024-08-16 00:00:00-04:00,12.573551168952989,12.573551168952989,12.53235326939645,12.565311431884766,43100,0.0,0.0
2024-08-19 00:00:00-04:00,12.557070632286084,12.688903271084177,12.532352208957569,12.614748001098633,61800,0.0,0.0
2024-08-20 00:00:00-04:00,12.622987747192383,12.688904070745512,12.622987747192383,12.622987747192383,68100,0.0,0.0
2024-08-21 00:00:00-04:00,12.65594579644652,12.688903957930059,12.622987634962984,12.672425270080566,56400,0.0,0.0
2024-08-22 00:00:00-04:00,12.643843585062369,12.803572639695822,12.62703038013378,12.685877799987793,82100,0.306,0.0
2024-08-23 00:00:00-04:00,12.685875968336388,12.702689170837402,12.584994348122752,12.702689170837402,66500,0.0,0.0
2024-08-26 00:00:00-04:00,12.736317990105997,12.74472499328883,12.618623152490137,12.669063568115234,54600,0.0,0.0
2024-08-27 00:00:00-04:00,12.694283258157975,12.694283258157975,12.652249048349002,12.677469253540039,44300,0.0,0.0
2024-08-28 00:00:00-04:00,12.677470571298068,12.694284577663733,12.635436357119852,12.669063568115234,48300,0.0,0.0
2024-08-29 00:00:00-04:00,12.65225036348552,12.711097782293448,12.65225036348552,12.669063568115234,38200,0.0,0.0
2024-08-30 00:00:00-04:00,12.669061964099525,12.719503175074268,12.65224876159851,12.702689170837402,84000,0.0,0.0
2024-09-03 00:00:00-04:00,12.669065770363051,12.669065770363051,12.62703235061417,12.643845558166504,54700,0.0,0.0
2024-09-04 00:00:00-04:00,12.702689111347869,12.803570731089053,12.66065570442426,12.744723320007324,67000,0.0,0.0
2024-09-05 00:00:00-04:00,12.736316545192663,12.795164759060315,12.727910344699449,12.761537551879883,34000,0.0,0.0
2024-09-06 00:00:00-04:00,12.719502811814857,12.795164225248213,12.711095809936523,12.711095809936523,51000,0.0,0.0
2024-09-09 00:00:00-04:00,12.694284577663733,12.727911788659116,12.660657366668353,12.669063568115234,67600,0.0,0.0
2024-09-10 00:00:00-04:00,12.685875876200921,12.711096080637198,12.618621463213623,12.627028465270996,53200,0.0,0.0
2024-09-11 00:00:00-04:00,12.618621840848997,12.685876255849006,12.610214838540028,12.677469253540039,48500,0.0,0.0
2024-09-12 00:00:00-04:00,12.702689473369446,12.736316680908203,12.610214853071833,12.736316680908203,39800,0.0,0.0
2024-09-13 00:00:00-04:00,12.727910450853743,12.811978068638041,12.601807821573496,12.618621826171875,174100,0.0,0.0
2024-09-16 00:00:00-04:00,12.627028465270996,12.669061872086175,12.601807459098875,12.627028465270996,74700,0.0,0.0
2024-09-17 00:00:00-04:00,12.711096172955836,12.736316377575282,12.69428297045482,12.702689170837402,124300,0.0,0.0
2024-09-18 00:00:00-04:00,12.7279101771927,12.753130381812145,12.702689170837402,12.702689170837402,41100,0.0,0.0
2024-09-19 00:00:00-04:00,12.761539226506363,12.786759434767232,12.685877799987793,12.685877799987793,41700,0.0,0.0
2024-09-20 00:00:00-04:00,12.741753578186035,12.767152196131942,12.682489059768908,12.741753578186035,56100,0.106,0.0
2024-09-23 00:00:00-04:00,12.741753823486292,12.75022029876709,12.70788872977062,12.75022029876709,61400,0.0,0.0
2024-09-24 00:00:00-04:00,12.758685124846904,12.843348257253936,12.74175298280998,12.834881782531738,75600,0.0,0.0
2024-09-25 00:00:00-04:00,12.83488143662454,12.851814385612581,12.801016346055905,12.817949295043945,83500,0.0,0.0
2024-09-26 00:00:00-04:00,12.809483891941642,12.82641603493845,12.767152323338353,12.784085273742676,100400,0.0,0.0
2024-09-27 00:00:00-04:00,12.784085862442963,12.834883101180084,12.741754291890327,12.809484481811523,43400,0.0,0.0
2024-09-30 00:00:00-04:00,12.809483655870702,12.868747366378605,12.792550705778444,12.851815223693848,92900,0.0,0.0
2024-10-01 00:00:00-04:00,12.851815812867445,12.885680907196958,12.851815812867445,12.877214431762695,63700,0.0,0.0
2024-10-02 00:00:00-04:00,12.877215629796124,12.885682106018066,12.834884056094024,12.885682106018066,51200,0.0,0.0
2024-10-03 00:00:00-04:00,12.826416969299316,12.868748540986317,12.801018349250146,12.826416969299316,82400,0.0,0.0
2024-10-04 00:00:00-04:00,12.936477056975694,12.936477056975694,12.817949640494813,12.834881782531738,82900,0.0,0.0
2024-10-07 00:00:00-04:00,12.919546001526472,12.953411095855987,12.86028148089417,12.877214431762695,136200,0.0,0.0
2024-10-08 00:00:00-04:00,12.953410738494902,13.038073068279239,12.936477788093526,12.978809356689453,82800,0.0,0.0
2024-10-09 00:00:00-04:00,13.046539189140736,13.080404281616211,13.012674096665261,13.080404281616211,80800,0.0,0.0
2024-10-10 00:00:00-04:00,13.080403081554826,13.114268170923348,12.99574076183723,13.07193660736084,151200,0.0,0.0
2024-10-11 00:00:00-04:00,13.105802422980894,13.105802422980894,12.987275007326637,13.021140098571777,51900,0.0,0.0
2024-10-14 00:00:00-04:00,13.097337220871172,13.097337220871172,12.970342518636143,13.004207611083984,66800,0.0,0.0
2024-10-15 00:00:00-04:00,13.046542202586503,13.046542202586503,12.894148847543825,12.928014755249023,40300,0.0,0.0
2024-10-16 00:00:00-04:00,12.90261412878228,13.029608848685113,12.90261412878228,12.995743751525879,139700,0.0,0.0
2024-10-17 00:00:00-04:00,13.02960655976863,13.02960655976863,12.91107833682941,12.94494342803955,61400,0.0,0.0
2024-10-18 00:00:00-04:00,12.987275713701626,13.012674331665039,12.94494414549093,13.012674331665039,55000,0.0,0.0
2024-10-21 00:00:00-04:00,13.046538728480673,13.097336769104004,13.02960658654454,13.097336769104004,57400,0.0,0.0
2024-10-22 00:00:00-04:00,13.12273548548308,13.13120196021925,13.0465388276725,13.105802536010742,98300,0.0,0.0
2024-10-23 00:00:00-04:00,13.12796780687954,13.12796780687954,12.991573462856024,13.04272174835205,60400,0.106,0.0
2024-10-24 00:00:00-04:00,13.110918835499984,13.12796772190536,12.974524492359317,13.00009822845459,51800,0.0,0.0
2024-10-25 00:00:00-04:00,13.11091882983664,13.145017415607079,13.02567195892334,13.02567195892334,38800,0.0,0.0
2024-10-28 00:00:00-04:00,13.127966801051477,13.127966801051477,13.008622165661961,13.034195899963379,48800,0.0,0.0
2024-10-29 00:00:00-04:00,13.034197606321843,13.042722456529788,12.855179816827286,12.914852142333984,90800,0.0,0.0
2024-10-30 00:00:00-04:00,12.974524447393943,13.017147882721286,12.863703840732615,12.991573333740234,33800,0.0,0.0
2024-10-31 00:00:00-04:00,13.076821371502634,13.119444810634123,13.00009934366085,13.085346221923828,56200,0.0,0.0
2024-11-01 00:00:00-04:00,13.093870162963867,13.110919863680722,13.04272268676225,13.093870162963867,39800,0.0,0.0
2024-11-04 00:00:00-05:00,13.119442806887236,13.119442806887236,13.000097358141723,13.068294525146484,53900,0.0,0.0
2024-11-05 00:00:00-05:00,13.068294566718736,13.10239315032959,13.042720832254185,13.10239315032959,33400,0.0,0.0
2024-11-06 00:00:00-05:00,13.213214796522887,13.213214796522887,13.04272186496909,13.145017623901367,80900,0.0,0.0
2024-11-07 00:00:00-05:00,13.204690377713018,13.468955039978027,13.187641490488362,13.468955039978027,90000,0.0,0.0
2024-11-08 00:00:00-05:00,13.43485585390807,13.895186357129708,13.366658682099352,13.77584171295166,359600,0.0,0.0
2024-11-11 00:00:00-05:00,13.75879471905954,13.767319570455571,13.5030556809752,13.579777717590332,109700,0.0,0.0
2024-11-12 00:00:00-05:00,13.647973380073088,13.707645707238376,13.05977170696716,13.119444847106934,447100,0.0,0.0
2024-11-13 00:00:00-05:00,13.196165051783309,13.29846162334042,13.034196970604322,13.136492729187012,136300,0.0,0.0
2024-11-14 00:00:00-05:00,13.196163967838158,13.204688816930082,13.000097316570038,13.034195899963379,68900,0.0,0.0
2024-11-15 00:00:00-05:00,13.008625854576893,13.017150706086248,12.889280372369685,12.983051300048828,117800,0.0,0.0
2024-11-18 00:00:00-05:00,13.051246637197734,13.162066432318035,13.000098351548472,13.076820373535156,103600,0.0,0.0
2024-11-19 00:00:00-05:00,13.059770745667201,13.179116204187515,13.051246708824227,13.170591354370117,50100,0.0,0.0
2024-11-20 00:00:00-05:00,13.137939617254014,13.28401226230638,13.137939617254014,13.258234977722168,44500,0.122,0.0
2024-11-21 00:00:00-05:00,13.275420167449536,13.473048210144043,13.275420167449536,13.473048210144043,85000,0.0,0.0
2024-11-22 00:00:00-05:00,13.481640092434564,13.6019354583984,13.412900117439554,13.473048210144043,75900,0.0,0.0
2024-11-25 00:00:00-05:00,13.550380462596756,13.60193503250621,13.490232371775573,13.498825073242188,57700,0.0,0.0
2024-11-26 00:00:00-05:00,13.558973826353872,13.619121923748088,13.404309280278529,13.464456558227539,67600,0.0,0.0
2024-11-27 00:00:00-05:00,13.507418642727476,13.627713193210024,13.507418642727476,13.56756591796875,58000,0.0,0.0
2024-11-29 00:00:00-05:00,13.627712058331053,13.722230133776321,13.627712058331053,13.6448974609375,34800,0.0,0.0
2024-12-02 00:00:00-05:00,13.687860421066146,13.816747665405273,13.670675018116869,13.816747665405273,64800,0.0,0.0
2024-12-03 00:00:00-05:00,13.833932700902542,13.937041838079002,13.825339999656139,13.91126537322998,123800,0.0,0.0
2024-12-04 00:00:00-05:00,13.928448257764154,13.937040958468245,13.816746426391147,13.842524528503418,45300,0.0,0.0
2024-12-05 00:00:00-05:00,13.902673164974246,13.937042332288406,13.816747788353478,13.928449630737305,43100,0.0,0.0
2024-12-06 00:00:00-05:00,13.962819194622028,14.040151862811143,13.937041092262291,13.95422649383545,79700,0.0,0.0
2024-12-09 00:00:00-05:00,14.005782278432784,14.022967681501399,13.773785892567467,13.808155059814453,41600,0.0,0.0
2024-12-10 00:00:00-05:00,13.833933770398287,13.833933770398287,13.662083009964894,13.705045700073242,50400,0.0,0.0
2024-12-11 00:00:00-05:00,13.773787784495527,13.799564253748787,13.644899702112589,13.687862396240234,42500,0.0,0.0
2024-12-12 00:00:00-05:00,13.739414909931536,13.739414909931536,13.610527666353123,13.62771224975586,64800,0.0,0.0
2024-12-13 00:00:00-05:00,13.662082028783106,13.687860132663879,13.51600938457244,13.584750175476074,72900,0.0,0.0
2024-12-16 00:00:00-05:00,13.653492404827164,13.7480096763518,13.610529710699518,13.687862396240234,102400,0.0,0.0
2024-12-17 00:00:00-05:00,13.67067543339341,13.74800811012408,13.45586280667272,13.473048210144043,72300,0.0,0.0
2024-12-18 00:00:00-05:00,13.50741637543535,13.541786358296202,13.18949382911121,13.266825675964355,68900,0.0,0.0
2024-12-19 00:00:00-05:00,13.258235155312686,13.29260514170038,13.14653249469141,13.180902481079102,100100,0.0,0.0
2024-12-20 00:00:00-05:00,13.16531029972706,13.29523162229223,13.026728216469046,13.251924514770508,96100,0.122,0.0
2024-12-23 00:00:00-05:00,13.2865724491396,13.494445611787546,13.269249272578344,13.451138496398926,51700,0.0,0.0
2024-12-24 00:00:00-05:00,13.425151824951172,13.511766038098534,13.425151824951172,13.425151824951172,33200,0.0,0.0
2024-12-26 00:00:00-05:00,13.42515405011143,13.598381679103518,13.390508524313013,13.416492462158203,36100,0.0,0.0
2024-12-27 00:00:00-05:00,13.433816344732337,13.477123460762094,13.251927118218987,13.303894996643066,56200,0.0,0.0
2024-12-30 00:00:00-05:00,13.321216457811207,13.390507504128959,13.303893283224555,13.347200393676758,55700,0.0,0.0
2024-12-31 00:00:00-05:00,13.399168965737804,13.477121598617682,13.329877920070004,13.373184204101562,112700,0.0,0.0
2025-01-02 00:00:00-05:00,13.546413420657217,13.58105894547672,13.425153670781722,13.520428657531738,65700,0.0,0.0
2025-01-03 00:00:00-05:00,13.61570554978684,13.684996604919434,13.546414494654249,13.684996604919434,70300,0.0,0.0
2025-01-06 00:00:00-05:00,13.684994820627747,13.684994820627747,13.59838059999777,13.633026123046875,42300,0.0,0.0
2025-01-07 00:00:00-05:00,13.667671007522575,13.728301289536596,13.58971837780054,13.624363899230957,47200,0.0,0.0
2025-01-08 00:00:00-05:00,13.659012665748344,13.71964213248573,13.607043961391634,13.684996604919434,56900,0.0,0.0
2025-01-10 00:00:00-05:00,13.684994820627747,13.745624279460078,13.59838059999777,13.633026123046875,48000,0.0,0.0
2025-01-13 00:00:00-05:00,13.676335334777832,13.719642451747108,13.615705866629575,13.676335334777832,39600,0.0,0.0
2025-01-14 00:00:00-05:00,13.719639702675394,13.73696205038341,13.555072856370122,13.624363899230957,52400,0.0,0.0
2025-01-15 00:00:00-05:00,13.736962637914614,13.780269748058481,13.641687656409644,13.75428581237793,34700,0.0,0.0
2025-01-16 00:00:00-05:00,13.710980863150342,13.754287980119619,13.615705866629575,13.676335334777832,38200,0.0,0.0
2025-01-17 00:00:00-05:00,13.745626071656817,13.762949248447232,13.650351077353136,13.684996604919434,61000,0.0,0.0
2025-01-21 00:00:00-05:00,13.754287907368676,13.797595024108887,13.710980790628465,13.797595024108887,79300,0.0,0.0
2025-01-22 00:00:00-05:00,13.79933890642157,13.84297941236393,13.746969133945724,13.825523376464844,52500,0.122,0.0
2025-01-23 00:00:00-05:00,13.860435825219907,13.96517453434075,13.781881585281958,13.947717666625977,91800,0.0,0.0
2025-01-24 00:00:00-05:00,13.912805220738859,13.947718124926325,13.816794942320655,13.825523376464844,50800,0.0,0.0
2025-01-27 00:00:00-05:00,13.860436985943888,13.886621457319567,13.816795645391533,13.869165420532227,57900,0.0,0.0
2025-01-28 00:00:00-05:00,13.91280428113727,13.956445616521606,13.773152673818785,13.842978477478027,45300,0.0,0.0
2025-01-29 00:00:00-05:00,13.886621614207643,13.947718992237602,13.825524236177683,13.904078483581543,57400,0.0,0.0
2025-01-30 00:00:00-05:00,13.895348795605274,13.965174602024254,13.842979024596405,13.851707458496094,49100,0.0,0.0
2025-01-31 00:00:00-05:00,13.904078094673688,13.956447036551898,13.87789279134526,13.930262565612793,71900,0.0,0.0
2025-02-03 00:00:00-05:00,13.9302622486894,13.965175153277022,13.851708005269929,13.86043643951416,72400,0.0,0.0
2025-02-04 00:00:00-05:00,13.912803629116963,13.912803629116963,13.84297782873009,13.895347595214844,67600,0.0,0.0
2025-02-05 00:00:00-05:00,13.947718602109088,13.965175470994707,13.886621225788069,13.930262565612793,48300,0.0,0.0
2025-02-06 00:00:00-05:00,13.973902968198137,14.000088269770298,13.886620294402801,13.947717666625977,71000,0.0,0.0
2025-02-07 00:00:00-05:00,13.921534520566098,13.991361165672354,13.842980273162237,13.904078483581543,62600,0.0,0.0
2025-02-10 00:00:00-05:00,13.9564472692476,13.9564472692476,13.842980116767212,13.869165420532227,70600,0.0,0.0
2025-02-11 00:00:00-05:00,13.834251403808594,13.88662034235522,13.773153198985172,13.834251403808594,99200,0.0,0.0
2025-02-12 00:00:00-05:00,13.834251423085984,13.860435892395785,13.746968748867625,13.851707458496094,99900,0.0,0.0
2025-02-13 00:00:00-05:00,13.904078326496244,13.921534363283582,13.860436985943888,13.869165420532227,53800,0.0,0.0
2025-02-14 00:00:00-05:00,13.86043643951416,13.92153381444517,13.83425196917077,13.86043643951416,60400,0.0,0.0
2025-02-18 00:00:00-05:00,13.869165888255917,13.973904609680176,13.869165888255917,13.973904609680176,84400,0.0,0.0
2025-02-19 00:00:00-05:00,13.966866658251831,14.08120508714785,13.922890210402443,14.072409629821777,78400,0.122,0.0
2025-02-20 00:00:00-05:00,14.04602476856323,14.081205760769546,14.037229310816397,14.063614845275879,38500,0.0,0.0
2025-02-21 00:00:00-05:00,14.072409910540467,14.107591740546571,14.02843346181383,14.081205368041992,51800,0.0,0.0
2025-02-24 00:00:00-05:00,14.072408900665536,14.072408900665536,13.993251466394343,14.04602336883545,51100,0.0,0.0
2025-02-25 00:00:00-05:00,14.072407379537928,14.081202835457542,13.98445449790348,14.028430938720703,37800,0.0,0.0
2025-02-26 00:00:00-05:00,13.993252473494564,14.072409913462751,13.958071482262147,13.984457015991211,65000,0.0,0.0
2025-02-27 00:00:00-05:00,14.046023081072661,14.046023081072661,13.852527227794024,13.870118141174316,76600,0.0,0.0
2025-02-28 00:00:00-05:00,13.922889597861676,14.019637107849121,13.914094140922561,14.019637107849121,49300,0.0,0.0
2025-03-03 00:00:00-05:00,14.081204693778856,14.081204693778856,13.931685278536458,13.99325180053711,59600,0.0,0.0
2025-03-04 00:00:00-05:00,14.019639227788728,14.028434686057823,13.694214820861816,13.694214820861816,109500,0.0,0.0
2025-03-05 00:00:00-05:00,13.790961718447402,13.790961718447402,13.588670393664673,13.64144229888916,88200,0.0,0.0
2025-03-06 00:00:00-05:00,13.694214216709785,13.729395209453008,13.518309252993676,13.571081161499023,83300,0.0,0.0
2025-03-07 00:00:00-05:00,13.579873697343155,13.606260066938473,13.43035513020752,13.465536117553711,79200,0.0,0.0
2025-03-10 00:00:00-04:00,13.456742626501342,13.52710461147073,13.39517526056736,13.403970718383789,69200,0.0,0.0
2025-03-11 00:00:00-04:00,13.439152386349367,13.447947844607874,13.359994939584924,13.39517593383789,57000,0.0,0.0
2025-03-12 00:00:00-04:00,13.483126751465752,13.518307740272162,13.377583785046523,13.38637924194336,58600,0.0,0.0
2025-03-13 00:00:00-04:00,13.412765392724591,13.430356307329918,13.307222421435556,13.342403411865234,48300,0.0,0.0
2025-03-14 00:00:00-04:00,13.359994215070033,13.430357038541244,13.307223145942901,13.368789672851562,44800,0.0,0.0
2025-03-17 00:00:00-04:00,13.403969875230535,13.518308303308789,13.351198809213479,13.474331855773926,109100,0.0,0.0
2025-03-18 00:00:00-04:00,13.509515038633662,13.518310497324327,13.430358426760995,13.483129501342773,71200,0.0,0.0
2025-03-19 00:00:00-04:00,13.412765332493702,13.474331855773926,13.298426904415448,13.474331855773926,119300,0.0,0.0
2025-03-20 00:00:00-04:00,13.458372238011423,13.54703030756363,13.458372238011423,13.538165092468262,64800,0.122,0.0
2025-03-21 00:00:00-04:00,13.520433806836602,13.538165929151365,13.422909670647785,13.458373069763184,80600,0.0,0.0
2025-03-24 00:00:00-04:00,13.53816752783394,13.53816752783394,13.369715728008215,13.48497200012207,92500,0.0,0.0
2025-03-25 00:00:00-04:00,13.484971613638896,13.564764480162697,13.484971613638896,13.547032356262207,52200,0.0,0.0
2025-03-26 00:00:00-04:00,13.555896445577332,13.609091964023664,13.547030384917264,13.582493782043457,47100,0.0,0.0
2025-03-27 00:00:00-04:00,13.529301147123574,13.547032425600616,13.45837434218699,13.511569023132324,54600,0.0,0.0
2025-03-28 00:00:00-04:00,13.51156774567922,13.520433806836602,13.36971414921762,13.458373069763184,55100,0.0,0.0
2025-03-31 00:00:00-04:00,13.405177116394043,13.405177116394043,13.272189585374925,13.405177116394043,138500,0.0,0.0
2025-04-01 00:00:00-04:00,13.431775226847966,13.431775226847966,13.281055565407552,13.360848426818848,75400,0.0,0.0
2025-04-02 00:00:00-04:00,13.351982129967157,13.431774139404297,13.281054490166227,13.431774139404297,87100,0.0,0.0
2025-04-03 00:00:00-04:00,13.254458608006946,13.387446996022238,13.077141602834065,13.298788070678711,139600,0.0,0.0
2025-04-04 00:00:00-04:00,13.05054571638284,13.25446008365535,12.199423151281476,12.252617835998535,301600,0.0,0.0
2025-04-07 00:00:00-04:00,11.543350433455105,12.075301540322009,11.100057421642193,11.897984504699707,316900,0.0,0.0
2025-04-08 00:00:00-04:00,12.137358798691519,12.367871301424,11.897981080864772,11.915712356567383,161400,0.0,0.0
2025-04-09 00:00:00-04:00,11.951178193755373,12.438800635097186,11.871386168530059,12.394471168518066,180200,0.0,0.0
2025-04-10 00:00:00-04:00,12.385602950860433,12.40333422588764,11.871383292360713,12.084163665771484,78900,0.0,0.0
2025-04-11 00:00:00-04:00,12.13735885099714,12.296944560578755,11.98664004757616,12.18168830871582,154500,0.0,0.0
2025-04-14 00:00:00-04:00,12.26148171769482,12.456530833164292,12.226018319019836,12.314677238464355,114200,0.0,0.0
2025-04-15 00:00:00-04:00,12.36787210596649,12.509725702871403,12.33240870674026,12.438798904418945,68400,0.0,0.0
2025-04-16 00:00:00-04:00,12.429933363977195,12.518591436969231,12.359005721863813,12.385603904724121,92900,0.0,0.0
2025-04-17 00:00:00-04:00,12.429934820417447,12.518592903797728,12.429934820417447,12.483129501342773,76200,0.0,0.0
2025-04-21 00:00:00-04:00,12.47597445102391,12.47597445102391,12.252390676443179,12.32393741607666,82000,0.122,0.0
2025-04-22 00:00:00-04:00,12.404429340267512,12.547522838324674,12.404429340267512,12.458089828491211,89200,0.0,0.0
2025-04-23 00:00:00-04:00,12.681670361723292,12.69955661791516,12.529633346023036,12.601180076599121,76700,0.0,0.0
2025-04-24 00:00:00-04:00,12.645898539756576,12.771104907092912,12.619067872837867,12.744275093078613,220300,0.0,0.0
2025-04-25 00:00:00-04:00,12.806878369832981,12.806878369832981,12.663784890177437,12.708501815795898,119200,0.0,0.0
2025-04-28 00:00:00-04:00,12.771104999919096,12.824765481242132,12.68167200158659,12.708501815795898,99600,0.0,0.0
2025-04-29 00:00:00-04:00,12.788991928100586,12.824765297501948,12.717445189297864,12.788991928100586,117500,0.0,0.0
2025-04-30 00:00:00-04:00,12.780048372524146,12.842651555750427,12.67272826432006,12.788991928100586,137700,0.0,0.0
2025-05-01 00:00:00-04:00,12.932085403517485,12.97680232848772,12.726387889816165,12.780048370361328,196400,0.0,0.0
2025-05-02 00:00:00-04:00,12.869482125564021,12.869482125564021,12.744274907149947,12.806878089904785,210500,0.0,0.0
2025-05-05 00:00:00-04:00,12.788991654044416,12.923141573198713,12.744274730024856,12.89631175994873,133400,0.0,0.0
2025-05-06 00:00:00-04:00,12.896311755233254,12.932085123854945,12.833708573371391,12.878424644470215,41400,0.0,0.0
2025-05-07 00:00:00-04:00,12.941028679236464,12.941028679236464,12.824765017989872,12.878424644470215,82100,0.0,0.0
2025-05-08 00:00:00-04:00,12.941029832223684,12.941029832223684,12.833709716796875,12.833709716796875,82100,0.0,0.0
2025-05-09 00:00:00-04:00,12.914196977303792,12.949970343056268,12.851593800463041,12.941027641296387,74800,0.0,0.0
2025-05-12 00:00:00-04:00,13.066233551073218,13.128837578691412,13.00363037635931,13.110950469970703,98700,0.0,0.0
2025-05-13 00:00:00-04:00,13.17355434004894,13.24510192580412,13.102007607198093,13.23615837097168,134100,0.0,0.0
2025-05-14 00:00:00-04:00,13.271932689105688,13.271932689105688,13.164612582133667,13.21827220916748,52700,0.0,0.0
2025-05-15 00:00:00-04:00,13.22721672381495,13.271933651522044,13.191443352230165,13.24510383605957,56000,0.0,0.0
2025-05-16 00:00:00-04:00,13.209329417517509,13.316649523765786,13.182498751277148,13.262989044189453,102400,0.0,0.0
2025-05-19 00:00:00-04:00,13.236158547423297,13.236158547423297,13.119894891764673,13.155668258666992,93000,0.0,0.0
2025-05-20 00:00:00-04:00,13.14845390183181,13.202563144324879,13.094345519375974,13.184526443481445,79700,0.122,0.0
2025-05-21 00:00:00-04:00,13.157472450218025,13.184526641852994,12.995145580333716,13.040236473083496,75200,0.0,0.0
2025-05-22 00:00:00-04:00,13.00416264537673,13.031216834337283,12.968090106750273,12.986125946044922,57400,0.0,0.0
2025-05-23 00:00:00-04:00,12.977110734301478,13.058273315429688,12.959074031803668,13.058273315429688,43900,0.0,0.0
2025-05-27 00:00:00-04:00,13.076311114548952,13.193547110504566,13.067292762543739,13.17551040649414,92100,0.0,0.0
2025-05-28 00:00:00-04:00,13.229617166931003,13.256671357814094,13.18452627543437,13.247653007507324,115600,0.0,0.0
2025-05-29 00:00:00-04:00,13.319799876656765,13.337835718487938,13.283726472919854,13.328817367553711,59900,0.0,0.0
2025-05-30 00:00:00-04:00,13.337834905840827,13.382925797727388,13.292744013954266,13.346853256225586,65400,0.0,0.0
2025-06-02 00:00:00-04:00,13.364890098571777,13.382926800693031,13.310781712282607,13.364890098571777,44000,0.0,0.0
2025-06-03 00:00:00-04:00,13.373907064540251,13.473106335821514,13.355871224324206,13.455070495605469,89900,0.0,0.0
2025-06-04 00:00:00-04:00,13.50918038287734,13.5272170851421,13.4370352938929,13.464090347290039,49800,0.0,0.0
2025-06-05 00:00:00-04:00,13.49114363281312,13.518197824352448,13.464089441273792,13.482125282287598,40200,0.0,0.0
2025-06-06 00:00:00-04:00,13.563288308581104,13.563288308581104,13.491143226623535,13.491143226623535,54400,0.0,0.0
2025-06-09 00:00:00-04:00,13.554271430978684,13.590343975876696,13.50016304365032,13.581326484680176,52300,0.0,0.0
2025-06-10 00:00:00-04:00,13.671506504659797,13.671506504659797,13.581325578450846,13.599361419677734,51100,0.0,0.0
2025-06-11 00:00:00-04:00,13.58132707651917,13.653472169459093,13.58132707651917,13.608381271362305,72100,0.0,0.0
2025-06-12 00:00:00-04:00,13.698561668395996,13.698561668395996,13.644453280839226,13.698561668395996,86200,0.0,0.0
2025-06-13 00:00:00-04:00,13.68954417716141,13.716598370939796,13.671507474617611,13.698561668395996,71300,0.0,0.0
2025-06-16 00:00:00-04:00,13.770708122074673,13.815798160008308,13.653472131365058,13.689544677734375,118400,0.0,0.0
2025-06-17 00:00:00-04:00,13.70757978646075,13.743652330897332,13.599362153151002,13.644453048706055,85100,0.0,0.0
2025-06-18 00:00:00-04:00,13.671505379919438,13.671505379919438,13.617397000652955,13.662487030029297,68600,0.0,0.0
2025-06-20 00:00:00-04:00,13.709765247128136,13.727948375918741,13.664308292170928,13.718856811523438,65200,0.122,0.0
2025-06-23 00:00:00-04:00,13.718855549732314,13.873408662160225,13.646124775297912,13.691581726074219,64100,0.0,0.0
2025-06-24 00:00:00-04:00,13.727946956554899,13.864316940307617,13.70976382964429,13.864316940307617,127100,0.0,0.0
2025-06-25 00:00:00-04:00,13.873409337939263,13.918866290929795,13.791586995960158,13.82795238494873,77500,0.0,0.0
2025-06-26 00:00:00-04:00,13.882500125217739,13.946139335632324,13.864316998231164,13.946139335632324,82800,0.0,0.0
2025-06-27 00:00:00-04:00,13.946139949858404,14.000687599182129,13.909774561302838,14.000687599182129,72700,0.0,0.0
2025-06-30 00:00:00-04:00,14.037052987737695,14.100693067974378,14.000687599182129,14.000687599182129,137600,0.0,0.0
2025-07-01 00:00:00-04:00,14.055235214243364,14.20978832244873,14.037052087621932,14.20978832244873,79800,0.0,0.0
2025-07-02 00:00:00-04:00,14.246153496344515,14.309792704532633,14.227970369994091,14.300701141357422,121100,0.0,0.0
2025-07-03 00:00:00-04:00,14.346159628653872,14.346159628653872,14.227971895759563,14.318885803222656,46100,0.0,0.0
2025-07-07 00:00:00-04:00,14.318885375526285,14.318885375526285,14.164332257667,14.25524616241455,67900,0.0,0.0
2025-07-08 00:00:00-04:00,14.309792580788004,14.318884143884597,14.227970246957025,14.264335632324219,55200,0.0,0.0
2025-07-09 00:00:00-04:00,14.318885277679584,14.400707617989404,14.318885277679584,14.382524490356445,133100,0.0,0.0
2025-07-10 00:00:00-04:00,14.455253935033436,14.455253935033436,14.318883958427508,14.40070629119873,53100,0.0,0.0
2025-07-11 00:00:00-04:00,14.491619969040237,14.491619969040237,14.346158422939935,14.373433113098145,31400,0.0,0.0
2025-07-14 00:00:00-04:00,14.418890392417502,14.455255781960046,14.409799695296323,14.446165084838867,135200,0.0,0.0
2025-07-15 00:00:00-04:00,14.518896051865267,14.518896051865267,14.418890579064284,14.437073707580566,93700,0.0,0.0
2025-07-16 00:00:00-04:00,14.482530780946675,14.482530780946675,14.437073826301447,14.47343921661377,110000,0.0,0.0
2025-07-17 00:00:00-04:00,14.437072417147114,14.518894754118262,14.427980853701605,14.491620063781738,79400,0.0,0.0
2025-07-18 00:00:00-04:00,14.546170385486423,14.60071803890118,14.155241778930293,14.16433334350586,277900,0.0,0.0
2025-07-21 00:00:00-04:00,14.30979381164768,14.30979381164768,14.20069764616217,14.25524616241455,111200,0.0,0.0
2025-07-22 00:00:00-04:00,14.28456571072976,14.28456571072976,14.202101754281113,14.211264610290527,92100,0.122,0.0
2025-07-23 00:00:00-04:00,14.202101646638582,14.257077908460346,14.156288240756785,14.174613952636719,90400,0.0,0.0
2025-07-24 00:00:00-04:00,14.165452865657679,14.238753974695072,14.11963945405477,14.147127151489258,71200,0.0,0.0
2025-07-25 00:00:00-04:00,14.202104010377244,14.330381393432617,14.14712773940546,14.330381393432617,79000,0.0,0.0
2025-07-28 00:00:00-04:00,14.367029204442646,14.385354042053223,14.312052943974884,14.385354042053223,82900,0.0,0.0
2025-07-29 00:00:00-04:00,14.42200494808721,14.486144065856934,14.38535439814081,14.486144065856934,72100,0.0,0.0
2025-07-30 00:00:00-04:00,14.522795525456305,14.577770916910334,14.44033156445717,14.476982116699219,55900,0.0,0.0
2025-07-31 00:00:00-04:00,14.513632456508414,14.513632456508414,14.339541680543237,14.403680801391602,54000,0.0,0.0
2025-08-01 00:00:00-04:00,14.422004591092392,14.458655140131562,14.348703493014053,14.385354042053223,74200,0.0,0.0
2025-08-04 00:00:00-04:00,14.440330780759329,14.541119575500488,14.42200506872382,14.541119575500488,74100,0.0,0.0
2025-08-05 00:00:00-04:00,14.541120783937606,14.6419095870548,14.541120783937606,14.623584747314453,85700,0.0,0.0
2025-08-06 00:00:00-04:00,14.651070594787598,14.651070594787598,14.614420046114292,14.651070594787598,77500,0.0,0.0
2025-08-07 00:00:00-04:00,14.660233638893823,14.687722206115723,14.65107078315319,14.687722206115723,85600,0.0,0.0
2025-08-08 00:00:00-04:00,14.733536582444415,14.742699439332625,14.632747778128488,14.706048011779785,50200,0.0,0.0
2025-08-11 00:00:00-04:00,14.706047078241522,14.706047078241522,14.660234544344902,14.678560256958008,66600,0.0,0.0
2025-08-12 00:00:00-04:00,14.706047883156677,14.724373596772816,14.522795989904015,14.632747650146484,94400,0.0,0.0
2025-08-13 00:00:00-04:00,14.85264966326745,14.889301089429878,14.733536023511935,14.815999984741211,286800,0.0,0.0
2025-08-14 00:00:00-04:00,14.816000264852871,14.962602477001873,14.724373445350688,14.935113906860352,171300,0.0,0.0
2025-08-15 00:00:00-04:00,14.935113743041915,14.935113743041915,14.861812637771429,14.870975494384766,105100,0.0,0.0
2025-08-18 00:00:00-04:00,14.916790376877536,15.054229736328125,14.898464662914453,15.054229736328125,163300,0.0,0.0
2025-08-19 00:00:00-04:00,15.035903930664062,15.045066787589723,14.999254250597687,15.035903930664062,174000,0.0,0.0
2025-08-20 00:00:00-04:00,15.001233994024988,15.010604123400725,14.841945368976312,14.85131549835205,107600,0.363,0.0
2025-08-21 00:00:00-04:00,14.86068484194714,14.86068484194714,14.766986228264196,14.785725593566895,75100,0.0,0.0
2025-08-22 00:00:00-04:00,14.851317457925324,14.888797086788848,14.813837829061798,14.879426956176758,142600,0.0,0.0
2025-08-25 00:00:00-04:00,14.870054197862848,14.973122935627954,14.870054197862848,14.963753700256348,83100,0.0,0.0
2025-08-26 00:00:00-04:00,14.973123892178736,15.113672261163172,14.96375465620858,15.085563659667969,71500,0.0,0.0
2025-08-27 00:00:00-04:00,15.123041714344646,15.123041714344646,15.010603739053643,15.076192855834961,67600,0.0,0.0
2025-08-28 00:00:00-04:00,15.132414256867028,15.169894779387857,15.076195260255464,15.151154518127441,57200,0.0,0.0
2025-08-29 00:00:00-04:00,15.15115250790024,15.347919863518824,15.141782378513245,15.33855152130127,225200,0.0,0.0
2025-09-02 00:00:00-04:00,15.329181387734705,15.413510765025231,15.207371492906415,15.366660118103027,171600,0.0,0.0
2025-09-03 00:00:00-04:00,15.394769995801035,15.404140124874784,15.254221634033566,15.29170036315918,104500,0.0,0.0
2025-09-04 00:00:00-04:00,15.329180391174635,15.460358619689941,15.319810262399352,15.460358619689941,111900,0.0,0.0
2025-09-05 00:00:00-04:00,15.469729818667624,15.582167797410872,15.422879171550063,15.488470077514648,148600,0.0,0.0
2025-09-08 00:00:00-04:00,15.516579741944213,15.600909125365343,15.469730878785617,15.544690132141113,150500,0.0,0.0
2025-09-09 00:00:00-04:00,15.544688386537025,15.600907373448095,15.479099270612549,15.507207870483398,114900,0.0,0.0
2025-09-10 00:00:00-04:00,15.507208549192223,15.525948808039248,15.460359689244111,15.488470077514648,109800,0.0,0.0
2025-09-11 00:00:00-04:00,15.554063049890193,15.638392448425293,15.507212391165195,15.638392448425293,108900,0.0,0.0
2025-09-12 00:00:00-04:00,15.591538544027355,15.666497795213274,15.525949422635865,15.619648933410645,65000,0.0,0.0
2025-09-15 00:00:00-04:00,15.675868995368399,15.694609256236857,15.554060874062696,15.647760391235352,83000,0.0,0.0
2025-09-16 00:00:00-04:00,15.64776105571132,15.703980053534375,15.544691403727622,15.685239791870117,87500,0.0,0.0
2025-09-17 00:00:00-04:00,15.722719465665891,15.835157455236729,15.68523894436253,15.74145793914795,132100,0.0,0.0
2025-09-18 00:00:00-04:00,15.694608802015743,15.81641691979617,15.629019678044004,15.722719192504883,80200,0.0,0.0
2025-09-19 00:00:00-04:00,15.72460341589722,15.743480923061124,15.611341973430143,15.696287155151367,66200,0.122,0.0
2025-09-22 00:00:00-04:00,15.715166445050967,15.715166445050967,15.611343744388144,15.667974472045898,88000,0.0,0.0
2025-09-23 00:00:00-04:00,15.677413226698587,15.705727690398279,15.62078069878246,15.667974472045898,48600,0.0,0.0
2025-09-24 00:00:00-04:00,15.715169352716197,15.715169352716197,15.432013861778815,15.48864459991455,94200,0.0,0.0
2025-09-25 00:00:00-04:00,15.488641615273355,15.488641615273355,15.224361887801775,15.280994415283203,82500,0.0,0.0
2025-09-26 00:00:00-04:00,15.280994419678862,15.280994419678862,14.78075122833252,14.78075122833252,162000,0.0,0.0
2025-09-29 00:00:00-04:00,14.780753347905147,14.846822839201877,14.478720358972307,14.52591323852539,255300,0.0,0.0
2025-09-30 00:00:00-04:00,14.591980934143066,14.620296298338724,14.393771584515068,14.591980934143066,256700,0.0,0.0
2025-10-01 00:00:00-04:00,14.639173332198357,14.771312294237122,14.4881568612231,14.573102951049805,110500,0.0,0.0
2025-10-02 00:00:00-04:00,14.48815835159242,14.591981961035755,14.356018475831508,14.412650108337402,139300,0.0,0.0
2025-10-03 00:00:00-04:00,14.308824362984273,14.356017235975164,14.082299652783009,14.101176261901855,362400,0.0,0.0
2025-10-06 00:00:00-04:00,14.120054485387103,14.120054485387103,13.959599249179242,14.110615730285645,239500,0.0,0.0
2025-10-07 00:00:00-04:00,14.176684571673631,14.346577644348145,14.148368309453602,14.346577644348145,267100,0.0,0.0
2025-10-08 00:00:00-04:00,14.384333069327726,14.525911692922564,14.365456459592608,14.440964698791504,142900,0.0,0.0
2025-10-09 00:00:00-04:00,14.497594950569779,14.497594950569779,14.223877367457842,14.280508995056152,124300,0.0,0.0
2025-10-10 00:00:00-04:00,14.299386937839314,14.318264448842474,14.006792718324496,14.053985595703125,146900,0.0,0.0
2025-10-13 00:00:00-04:00,14.157807472959188,14.261631070381059,14.072860484100767,14.223876953125,57300,0.0,0.0
2025-10-14 00:00:00-04:00,14.025667728321483,14.205000461865545,13.950159493185824,14.148368835449219,98700,0.0,0.0
2025-10-15 00:00:00-04:00,14.242754815056374,14.242754815056374,14.101176196737955,14.176685333251953,81500,0.0,0.0
2025-10-16 00:00:00-04:00,14.205001239203565,14.205001239203565,14.063422615479746,14.120054244995117,88900,0.0,0.0
2025-10-17 00:00:00-04:00,14.09173804542364,14.15780752583621,13.959598184469337,14.04454517364502,85400,0.0,0.0
2025-10-20 00:00:00-04:00,14.063421427156914,14.129491806030273,14.063421427156914,14.129491806030273,88300,0.0,0.0
2025-10-21 00:00:00-04:00,14.16724605412773,14.374893246433231,14.13892979143495,14.337139129638672,138700,0.0,0.0
2025-10-22 00:00:00-04:00,14.424677828779767,14.424677828779767,14.272438628594843,14.377102851867676,74800,0.122,0.0
2025-10-23 00:00:00-04:00,14.424677459594589,14.424677459594589,14.348557861450333,14.386617660522461,38700,0.0,0.0
2025-10-24 00:00:00-04:00,14.472251673348698,14.548371267485384,14.377101726969272,14.453221321105957,51500,0.0,0.0
2025-10-27 00:00:00-04:00,14.605462224583999,14.605462224583999,14.481767650416396,14.576916694641113,93300,0.0,0.0
2025-10-28 00:00:00-04:00,14.624492645263672,14.643522999827404,14.472253438422806,14.624492645263672,52000,0.0,0.0
2025-10-29 00:00:00-04:00,14.700611660208853,14.700611660208853,14.538857282561256,14.61497688293457,35000,0.0,0.0
2025-10-30 00:00:00-04:00,14.643522791860155,14.643522791860155,14.472253232887926,14.510313034057617,57300,0.0,0.0
2025-10-31 00:00:00-04:00,14.519828032596862,14.605462811029588,14.510312855567175,14.586432456970215,45100,0.0,0.0
2025-11-03 00:00:00-05:00,14.634007395888812,14.634007395888812,14.453222662473154,14.49128246307373,55000,0.0,0.0
2025-11-04 00:00:00-05:00,14.529341846465082,14.576915912315602,14.424676723792798,14.5007963180542,63800,0.0,0.0
2025-11-05 00:00:00-05:00,14.538857269175184,14.576917069326798,14.424677868720337,14.47225284576416,53100,0.0,0.0
2025-11-06 00:00:00-05:00,14.557887582650181,14.557887582650181,14.272438628594843,14.377102851867676,102300,0.0,0.0
2025-11-07 00:00:00-05:00,14.329528998619834,14.500797647703886,14.329528998619834,14.396133422851562,30100,0.0,0.0
2025-11-10 00:00:00-05:00,14.500798236889558,14.510313414285626,14.329529580846646,14.405649185180664,59900,0.0,0.0
2025-11-11 00:00:00-05:00,14.472251697060459,14.5007963180542,14.434191899929758,14.5007963180542,30900,0.0,0.0
2025-11-12 00:00:00-05:00,14.453223257326481,14.595948196015712,14.281954601283568,14.405649185180664,55500,0.0,0.0
2025-11-13 00:00:00-05:00,14.424677855174831,14.519827809173126,14.224863677712184,14.32952880859375,61700,0.0,0.0
2025-11-14 00:00:00-05:00,14.291469761375117,14.377103635584255,14.224864427100552,14.358074188232422,93800,0.0,0.0
2025-11-17 00:00:00-05:00,14.377102639110651,14.481767768251826,14.224863441178611,14.262923240661621,104700,0.0,0.0
2025-11-18 00:00:00-05:00,14.339042688590046,14.453222085836389,14.23437846796853,14.291468620300293,62900,0.0,0.0
2025-11-19 00:00:00-05:00,14.235829920895165,14.293386671819547,14.168680073200697,14.274201393127441,71700,0.122,0.0
2025-11-20 00:00:00-05:00,14.293387446634815,14.293387446634815,14.063158600760929,14.101530075073242,89400,0.0,0.0
2025-11-21 00:00:00-05:00,14.159086795470046,14.197458267211914,14.091936033785741,14.197458267211914,51100,0.0,0.0
2025-11-24 00:00:00-05:00,14.197458362366314,14.360537347074256,14.197458362366314,14.283794403076172,39200,0.0,0.0
2025-11-25 00:00:00-05:00,14.350944612021609,14.437280654907227,14.293386945148503,14.437280654907227,40500,0.0,0.0
2025-11-26 00:00:00-05:00,14.389316171761056,14.456466021144553,14.322166322377559,14.427687644958496,37900,0.0,0.0
2025-11-28 00:00:00-05:00,14.446873460317013,14.581173155563905,14.446873460317013,14.56198787689209,36600,0.0,0.0
2025-12-01 00:00:00-05:00,14.561988653125079,14.561988653125079,14.427688035871174,14.485245704650879,80000,0.0,0.0
2025-12-02 00:00:00-05:00,14.571579662999177,14.571579662999177,14.437279971400239,14.504429817199707,109600,0.0,0.0
2025-12-03 00:00:00-05:00,14.533209234828446,14.561988526391886,14.408502630779276,14.494837760925293,37600,0.0,0.0
2025-12-04 00:00:00-05:00,14.571579933166504,14.571579933166504,14.523616279476482,14.571579933166504,32700,0.0,0.0
2025-12-05 00:00:00-05:00,14.561987481347849,14.629137327147317,14.485244539049017,14.504429817199707,42000,0.0,0.0
2025-12-08 00:00:00-05:00,14.514024256840884,14.514024256840884,14.437281307440186,14.466059684753418,39200,0.0,0.0
2025-12-09 00:00:00-05:00,14.533208461305653,14.581173029843729,14.485244807615631,14.571579933166504,60200,0.0,0.0
2025-12-10 00:00:00-05:00,14.542801770126195,14.600359436181119,14.5044302977056,14.55239486694336,36000,0.0,0.0
2025-12-11 00:00:00-05:00,14.49483719353149,14.542801762744904,14.44687353916614,14.456465721130371,107200,0.0,0.0
2025-12-12 00:00:00-05:00,14.38931647157536,14.494837796354929,14.38931647157536,14.398909568786621,64000,0.0,0.0
2025-12-15 00:00:00-05:00,14.427688597693463,14.725068220747197,14.379724024317293,14.5236177444458,113600,0.0,0.0
2025-12-16 00:00:00-05:00,14.494836720700345,14.609951134148593,14.494836720700345,14.504429817199707,57500,0.0,0.0
2025-12-17 00:00:00-05:00,14.494836720700345,14.561987481347849,14.456465249550929,14.504429817199707,122200,0.0,0.0
2025-12-18 00:00:00-05:00,14.504429531691727,14.648323231805632,14.504429531691727,14.62913703918457,73100,0.0,0.0
2025-12-19 00:00:00-05:00,14.679423628684667,14.698763627827564,14.582720866292517,14.6214017868042,94600,0.122,0.0
2025-12-22 00:00:00-05:00,14.689093824780084,14.718105208132114,14.631072902527885,14.679424285888672,64400,0.0,0.0
2025-12-23 00:00:00-05:00,14.69876405074535,14.737444972369971,14.689093589782715,14.689093589782715,55800,0.0,0.0
2025-12-24 00:00:00-05:00,14.6890934953481,14.737444877624512,14.650412573972153,14.737444877624512,28000,0.0,0.0
2025-12-26 00:00:00-05:00,14.747114932127262,14.814806312113268,14.650412170239353,14.75678539276123,47200,0.0,0.0
2025-12-29 00:00:00-05:00,14.708434759476615,14.785796604029047,14.689093837225542,14.766456604003906,43500,0.0,0.0
2025-12-30 00:00:00-05:00,14.718104753791065,14.766456135659269,14.61173152923584,14.61173152923584,70800,0.0,0.0
2025-12-31 00:00:00-05:00,14.611731750199423,14.669753593763872,14.505359446261501,14.515029907226562,94600,0.0,0.0
2026-01-02 00:00:00-05:00,14.582720239705942,14.63107161882447,14.447336562619242,14.563380241394043,67900,0.0,0.0
2026-01-05 00:00:00-05:00,14.524699946637938,14.660082707315881,14.524699946637938,14.6214017868042,83600,0.0,0.0
2026-01-06 00:00:00-05:00,14.650412794435299,14.689093716393327,14.573050950519244,14.640743255615234,47100,0.0,0.0
2026-01-07 00:00:00-05:00,14.679423628684667,14.679423628684667,14.553710406465228,14.6214017868042,40900,0.0,0.0
2026-01-08 00:00:00-05:00,14.631072247488591,14.669753168000273,14.602061787661302,14.6214017868042,60500,0.0,0.0
2026-01-09 00:00:00-05:00,14.544040489607204,14.669753716527275,14.544040489607204,14.640743255615234,87300,0.0,0.0
2026-01-12 00:00:00-05:00,14.640742926829963,14.698763847351074,14.592391544911768,14.698763847351074,41900,0.0,0.0
2026-01-13 00:00:00-05:00,14.68909413594935,14.727775059012199,14.669754135530901,14.70843505859375,78100,0.0,0.0
2026-01-14 00:00:00-05:00,14.70843474701477,14.727774747023526,14.669753824771327,14.679424285888672,40100,0.0,0.0
2026-01-15 00:00:00-05:00,14.631072357033142,14.72777419792342,14.631072357033142,14.660082817077637,59800,0.0,0.0
2026-01-16 00:00:00-05:00,14.65041246543288,14.727774307611629,14.65041246543288,14.698763847351074,61200,0.0,0.0
2026-01-20 00:00:00-05:00,14.650412776236198,14.795466925068055,14.650412776236198,14.727774620056152,142700,0.0,0.0
2026-01-21 00:00:00-05:00,14.768717417133274,14.836956349326147,14.690730862918327,14.710227966308594,119400,0.122,0.0
2026-01-22 00:00:00-05:00,14.749221150398803,14.768717323993057,14.719976425170898,14.719976425170898,52700,0.0,0.0
2026-01-23 00:00:00-05:00,14.768717510397023,14.797963165667108,14.67123478184927,14.700479507446289,31200,0.0,0.0
2026-01-26 00:00:00-05:00,14.739473088892254,14.739473088892254,14.64199035833332,14.671235084533691,44400,0.0,0.0
2026-01-27 00:00:00-05:00,14.719976354017147,14.719976354017147,14.632241249084473,14.632241249084473,86300,0.0,0.0
2026-01-28 00:00:00-05:00,14.690731258776244,14.739473088892254,14.661486532575873,14.671235084533691,38500,0.0,0.0
2026-01-29 00:00:00-05:00,14.729723369978634,14.729723369978634,14.612743544771737,14.690730094909668,67100,0.0,0.0
2026-01-30 00:00:00-05:00,14.68098314830934,14.719976425170898,14.661486045042032,14.719976425170898,56100,0.0,0.0
2026-02-02 00:00:00-05:00,14.710227966308594,14.749221243416068,14.622492860398513,14.710227966308594,82400,0.0,0.0
2026-02-03 00:00:00-05:00,14.719976050637714,14.719976050637714,14.622492396127651,14.66148567199707,79300,0.0,0.0
2026-02-04 00:00:00-05:00,14.641989198328218,14.710227197280656,14.641989198328218,14.690730094909668,57700,0.0,0.0
2026-02-05 00:00:00-05:00,14.651737257608874,14.768717086310922,14.515261255626335,14.554254531860352,113100,0.0,0.0
2026-02-06 00:00:00-05:00,14.583499839814177,14.62249311760754,14.466520006434086,14.49576473236084,83300,0.0,0.0
2026-02-09 00:00:00-05:00,14.515260788712009,14.544505512528541,14.456770411405932,14.505512237548828,103800,0.0,0.0
2026-02-10 00:00:00-05:00,14.47626862642913,14.593248460359753,14.47626862642913,14.583499908447266,79700,0.0,0.0
2026-02-11 00:00:00-05:00,14.573751753533395,14.622493584750519,14.544507026672363,14.544507026672363,97000,0.0,0.0
2026-02-12 00:00:00-05:00,14.602995826741424,14.602995826741424,14.505513098343764,14.51526165008545,60200,0.0,0.0
2026-02-13 00:00:00-05:00,14.544506723333853,14.583500001559692,14.534758171359123,14.573751449584961,62900,0.0,0.0
2026-02-17 00:00:00-05:00,14.525009040978736,14.661485974171015,14.505512867478725,14.632241249084473,148500,0.0,0.0
2026-02-18 00:00:00-05:00,14.614550654181569,14.663691900034774,14.398329734802246,14.398329734802246,219000,0.122,0.0
2026-02-19 00:00:00-05:00,14.408158373580843,14.427815247114438,14.3295327540291,14.339361190795898,105000,0.0,0.0
2026-02-20 00:00:00-05:00,14.368845186424972,14.427814868185672,14.28039113242957,14.309876441955566,86700,0.0,0.0
2026-02-23 00:00:00-05:00,14.280390807341616,14.437642038735323,14.152623947511412,14.211593627929688,135900,0.0,0.0
2026-02-24 00:00:00-05:00,14.26073556664833,14.26073556664833,14.152624636831037,14.191937446594238,129000,0.0,0.0
2026-02-25 00:00:00-05:00,14.28039163434935,14.339361318182686,14.142797267557112,14.201766014099121,79000,0.0,0.0
2026-02-26 00:00:00-05:00,14.241078315193755,14.309876433422094,14.132968325536785,14.162452697753906,62700,0.0,0.0
2026-02-27 00:00:00-05:00,14.211593367003612,14.211593367003612,14.024857767474886,14.044513702392578,104900,0.0,0.0
2026-03-02 00:00:00-05:00,14.044514410640364,14.054342847240473,13.965888792422088,14.024858474731445,170000,0.0,0.0
2026-03-03 00:00:00-05:00,14.00520107717618,14.093655128682842,13.916747025669517,13.985544204711914,133900,0.0,0.0
2026-03-04 00:00:00-05:00,14.044514079419233,14.103483760337868,14.024858143973875,14.07399845123291,47700,0.0,0.0
2026-03-05 00:00:00-05:00,14.005201715812394,14.103484208032866,14.005201715812394,14.034686088562012,79500,0.0,0.0
2026-03-06 00:00:00-05:00,14.015029782765636,14.113311335102054,13.857778549194336,13.857778549194336,36100,0.0,0.0
2026-03-09 00:00:00-04:00,13.828293033779945,13.828293033779945,13.51379057132593,13.62190055847168,193800,0.0,0.0
2026-03-10 00:00:00-04:00,13.582588142371996,13.710355005751413,13.582588142371996,13.651386260986328,88000,0.0,0.0
2026-03-11 00:00:00-04:00,13.710355005751413,13.838121869130832,13.621900951312487,13.651386260986328,85300,0.0,0.0
2026-03-12 00:00:00-04:00,13.513791014207126,13.612073505590606,13.513791014207126,13.582588195800781,85200,0.0,0.0
2026-03-13 00:00:00-04:00,13.582588774389258,13.641558459189588,13.523620026880272,13.553104400634766,152100,0.0,0.0
2026-03-16 00:00:00-04:00,13.523619206081602,13.671042003197773,13.523619206081602,13.562932014465332,85800,0.0,0.0
2026-03-17 00:00:00-04:00,13.612073190529598,13.70052630597786,13.612073190529598,13.631729125976562,70500,0.0,0.0
2026-03-18 00:00:00-04:00,13.612074272995004,13.661214584165814,13.612074272995004,13.641558647155762,61600,0.0,0.0
2026-03-19 00:00:00-04:00,13.562932259898867,13.641557878089131,13.562932259898867,13.582588195800781,34200,0.0,0.0
2026-03-20 00:00:00-04:00,13.505245974493976,13.534992947794223,13.356510162353516,13.356510162353516,77400,0.122,0.0
2026-03-23 00:00:00-04:00,13.50524619789957,13.55482511797961,13.445752250314921,13.534993171691895,57300,0.0,0.0
2026-03-24 00:00:00-04:00,13.46558296398725,13.594487775192453,13.41600404496383,13.554824829101562,42500,0.0,0.0
2026-03-25 00:00:00-04:00,13.644066514378814,13.842381242219362,13.525077677674483,13.663897514343262,65300,0.0,0.0
2026-03-26 00:00:00-04:00,13.614318620881301,13.634150566521246,13.386256919857225,13.435835838317871,32500,0.0,0.0
2026-03-27 00:00:00-04:00,13.386257310045881,13.386257310045881,13.187942576061939,13.2474365234375,64100,0.0,0.0
2026-03-30 00:00:00-04:00,13.18794171811726,13.3168465232307,13.07886791229248,13.07886791229248,82200,0.0,0.0
2026-03-31 00:00:00-04:00,13.088784181895315,13.54490852355957,13.078868209206282,13.54490852355957,137600,0.0,0.0
2026-04-01 00:00:00-04:00,13.584571802259925,13.723392586397658,13.406089017670526,13.554824829101562,89600,0.0,0.0
2026-04-02 00:00:00-04:00,13.485415197251104,13.614319065564258,13.396173330234884,13.534993171691895,100600,0.0,0.0
2026-04-06 00:00:00-04:00,13.574656082960681,13.594488029196286,13.396173295036453,13.50524616241455,66500,0.0,0.0
2026-04-07 00:00:00-04:00,13.505245659580925,13.634150468395184,13.475498686974314,13.604403495788574,66400,0.0,0.0
2026-04-08 00:00:00-04:00,13.753139125870451,13.862211987771138,13.663897263570252,13.713476181030273,158600,0.0,0.0
2026-04-09 00:00:00-04:00,13.703560363217372,13.85229711727769,13.703560363217372,13.832465171813965,92800,0.0,0.0
2026-04-10 00:00:00-04:00,13.77297110824736,13.862212025148988,13.713476218007074,13.743223190307617,107100,0.0,0.0
2026-04-13 00:00:00-04:00,13.693645849424197,14.00103345052055,13.693645849424197,13.991117477416992,120100,0.0,0.0
2026-04-14 00:00:00-04:00,13.882043937215197,14.278673385737095,13.83246501974016,14.199347496032715,131700,0.0,0.0
2026-04-15 00:00:00-04:00,14.199347828719532,14.278673720282494,14.179516828648401,14.209263801574707,104100,0.0,0.0
2026-04-16 00:00:00-04:00,14.26875869306654,14.26875869306654,14.189432801503576,14.209263801574707,77000,0.0,0.0
2026-04-17 00:00:00-04:00,14.219179310761694,14.447241005158626,14.219179310761694,14.338168144226074,66600,0.0,0.0
2026-04-20 00:00:00-04:00,14.348084774288726,14.506736559511781,14.278673909024215,14.357999801635742,242500,0.0,0.0
2026-04-21 00:00:00-04:00,14.369999885559082,14.399999618530273,14.140000343322754,14.15999984741211,81500,0.122,0.0
2026-04-22 00:00:00-04:00,14.199999809265137,14.329999923706055,14.140000343322754,14.170000076293945,74500,0.0,0.0
2026-04-23 00:00:00-04:00,14.180000305175781,14.239999771118164,14.09000015258789,14.15999984741211,59200,0.0,0.0
2026-04-24 00:00:00-04:00,14.130000114440918,14.279999732971191,14.130000114440918,14.15999984741211,111100,0.0,0.0
2026-04-27 00:00:00-04:00,14.199999809265137,14.199999809265137,14.130000114440918,14.149999618530273,69600,0.0,0.0
2026-04-28 00:00:00-04:00,14.140000343322754,14.15999984741211,14.069999694824219,14.109999656677246,93100,0.0,0.0
2026-04-29 00:00:00-04:00,14.140000343322754,14.260000228881836,14.0,14.079999923706055,74500,0.0,0.0
2026-04-30 00:00:00-04:00,14.1899995803833,14.289999961853027,14.109999656677246,14.270000457763672,78100,0.0,0.0
2026-05-01 00:00:00-04:00,14.300000190734863,14.460000038146973,14.25,14.359999656677246,69000,0.0,0.0
2026-05-04 00:00:00-04:00,14.399999618530273,14.399999618530273,14.25,14.300000190734863,63000,0.0,0.0
2026-05-05 00:00:00-04:00,14.380000114440918,14.380000114440918,14.279999732971191,14.34000015258789,155000,0.0,0.0
2026-05-06 00:00:00-04:00,14.34000015258789,14.399999618530273,14.300000190734863,14.300000190734863,44700,0.0,0.0
2026-05-07 00:00:00-04:00,14.319999694824219,14.399999618530273,14.180000305175781,14.1899995803833,81300,0.0,0.0
2026-05-08 00:00:00-04:00,14.270000457763672,14.380000114440918,14.220000267028809,14.300000190734863,51200,0.0,0.0
2026-05-11 00:00:00-04:00,14.300000190734863,14.369999885559082,14.229999542236328,14.260000228881836,56400,0.0,0.0
2026-05-12 00:00:00-04:00,14.220000267028809,14.359999656677246,14.09000015258789,14.140000343322754,117900,0.0,0.0
2026-05-13 00:00:00-04:00,14.1899995803833,14.199999809265137,14.100000381469727,14.1899995803833,45800,0.0,0.0
2026-05-14 00:00:00-04:00,14.239999771118164,14.270000457763672,14.199999809265137,14.25,36300,0.0,0.0
2026-05-15 00:00:00-04:00,14.199999809265137,14.210000038146973,14.069999694824219,14.069999694824219,40700,0.0,0.0
2026-05-18 00:00:00-04:00,14.149999618530273,14.225000381469727,14.039999961853027,14.09000015258789,66914,0.0,0.0
