Date,Open,High,Low,Close,Volume,Dividends,Stock Splits
2022-01-03 00:00:00-05:00,47.14552585221772,47.91105687818101,47.03349787706106,47.05216979980469,372700,0.0,0.0
2022-01-04 00:00:00-05:00,47.65899664218456,48.73260917263454,47.518962547759905,48.667259216308594,520200,0.0,0.0
2022-01-05 00:00:00-05:00,48.93799513612909,49.78755172418237,48.37785161392618,48.41519546508789,621700,0.0,0.0
2022-01-06 00:00:00-05:00,49.10604031538523,49.638177745152774,48.66726251620325,49.52614974975586,306000,0.0,0.0
2022-01-07 00:00:00-05:00,49.65685278806459,50.77714349626792,49.264752998911725,50.52507781982422,435800,0.0,0.0
2022-01-10 00:00:00-05:00,50.5997531221724,50.73978720054591,49.432784662534225,50.21698760986328,493300,0.0,0.0
2022-01-11 00:00:00-05:00,50.39437207693067,51.11322516876125,49.73153476050574,50.991859436035156,366400,0.0,0.0
2022-01-12 00:00:00-05:00,50.86115661994658,51.22525023604903,50.28234121899666,51.15056610107422,327600,0.0,0.0
2022-01-13 00:00:00-05:00,51.4586476612459,52.44823834059307,51.23459167883506,51.365291595458984,462900,0.0,0.0
2022-01-14 00:00:00-05:00,50.81448464009012,51.990787506103516,50.43171905434786,51.990787506103516,322000,0.0,0.0
2022-01-18 00:00:00-05:00,51.81339654864652,52.10280599161864,51.01985946746849,51.67335891723633,504200,0.0,0.0
2022-01-19 00:00:00-05:00,51.72005363141822,51.72005363141822,50.469063056524824,50.61843490600586,496400,0.0,0.0
2022-01-20 00:00:00-05:00,50.4317081527595,51.29993295052255,49.12470208522445,49.1900520324707,489000,0.0,0.0
2022-01-21 00:00:00-05:00,48.93799629319338,49.38611539511759,47.90173110874766,48.219146728515625,418300,0.0,0.0
2022-01-24 00:00:00-05:00,47.276233306806844,48.583239617333504,46.11860240210558,48.424530029296875,701200,0.0,0.0
2022-01-25 00:00:00-05:00,47.78969519254673,49.24607323766419,47.201545602378985,48.78861999511719,403600,0.0,0.0
2022-01-26 00:00:00-05:00,49.34877076566019,49.44212683299537,47.929736462070174,48.424530029296875,470200,0.0,0.0
2022-01-27 00:00:00-05:00,48.65792530740543,49.61017218201198,47.341584772776976,47.58431625366211,426400,0.0,0.0
2022-01-28 00:00:00-05:00,47.54697089271043,48.909989419253634,47.08951761558818,48.85397720336914,410200,0.0,0.0
2022-01-31 00:00:00-05:00,48.43386927479082,49.75020980834961,48.321837716947584,49.75020980834961,652300,0.0,0.0
2022-02-01 00:00:00-05:00,50.00227319622254,50.77713851553006,49.42345419095525,50.64643859863281,454200,0.0,0.0
2022-02-02 00:00:00-05:00,50.459724803060574,51.03854026879041,50.301018772661166,50.89850616455078,353700,0.0,0.0
2022-02-03 00:00:00-05:00,50.74913826555198,51.43064759753838,50.40371650798212,50.68378829956055,259300,0.0,0.0
2022-02-04 00:00:00-05:00,50.73046063358451,52.093479144293546,50.609094898401864,51.58934783935547,235100,0.0,0.0
2022-02-07 00:00:00-05:00,51.664033304905594,52.93369569439168,51.60801753079103,52.410892486572266,397700,0.0,0.0
2022-02-08 00:00:00-05:00,52.96169984751771,53.65254679089621,52.868343788741996,53.38180923461914,283900,0.0,0.0
2022-02-09 00:00:00-05:00,53.689877921037436,54.100653056727445,53.43781589307007,53.56851577758789,249900,0.0,0.0
2022-02-10 00:00:00-05:00,53.521843782267005,55.01556200394318,53.475162194279186,54.688812255859375,449700,0.0,0.0
2022-02-11 00:00:00-05:00,54.464753418450165,55.76242180739411,53.96995991911893,54.128665924072266,380200,0.0,0.0
2022-02-14 00:00:00-05:00,54.33405822313835,54.70748603488341,52.98970812920071,53.857933044433594,378900,0.0,0.0
2022-02-15 00:00:00-05:00,54.27804465948372,55.34231948632761,54.27804465948372,55.267635345458984,331300,0.0,0.0
2022-02-16 00:00:00-05:00,55.136934674962795,55.865121954688995,54.978225090662754,55.473018646240234,432500,0.0,0.0
2022-02-17 00:00:00-05:00,54.93154413416509,55.099587891511874,53.67121951536957,53.75524139404297,620700,0.0,0.0
2022-02-18 00:00:00-05:00,53.54985783677709,54.194023247772044,53.35380795881851,53.40048599243164,746900,0.0,0.0
2022-02-22 00:00:00-05:00,52.92435648456943,54.09132503648863,52.606940895995194,53.176422119140625,442900,0.0,0.0
2022-02-23 00:00:00-05:00,53.94196289994537,54.08200057586852,52.84968184844653,52.92436599731445,391100,0.0,0.0
2022-02-24 00:00:00-05:00,51.075886829061474,52.63495891365679,50.431721368272825,52.466915130615234,453000,0.0,0.0
2022-02-25 00:00:00-05:00,54.17534537144481,59.73011623260854,54.05398320964221,59.41270065307617,1071900,0.0,0.0
2022-02-28 00:00:00-05:00,58.28308513763266,58.871238360606704,57.004088437405414,57.853641510009766,727900,0.0,0.0
2022-03-01 00:00:00-05:00,57.62957067252906,57.62957067252906,54.380730869404516,54.688812255859375,822400,0.0,0.0
2022-03-02 00:00:00-05:00,55.29564235566671,57.4988797474904,55.29564235566671,57.08810806274414,674100,0.0,0.0
2022-03-03 00:00:00-05:00,56.90139019693503,57.50821173800301,56.32257476291934,56.7613525390625,477100,0.0,0.0
2022-03-04 00:00:00-05:00,55.51969863938136,56.50928572200475,55.23962332943349,56.30390167236328,419800,0.0,0.0
2022-03-07 00:00:00-05:00,55.91179516736578,56.817363878615794,55.5943795874342,55.8837890625,375600,0.0,0.0
2022-03-08 00:00:00-05:00,56.50253361169476,56.7931568551162,53.708813302765286,53.76506042480469,684600,0.25,0.0
2022-03-09 00:00:00-05:00,55.002552186391824,55.461923990251115,54.074438825801636,54.37443542480469,483600,0.0,0.0
2022-03-10 00:00:00-05:00,53.474452358772076,54.515067257154634,53.33382737068287,54.11194610595703,353400,0.0,0.0
2022-03-11 00:00:00-05:00,54.646312069953126,55.161931035034335,53.821319580078125,53.821319580078125,466600,0.0,0.0
2022-03-14 00:00:00-04:00,55.03068462390701,55.33068125179012,53.82132120611713,54.28069305419922,571400,0.0,0.0
2022-03-15 00:00:00-04:00,54.70255558738878,55.1244269223123,54.0838121549148,54.37443542480469,582200,0.0,0.0
2022-03-16 00:00:00-04:00,54.99317611076224,57.533773746290265,54.99317611076224,57.49627685546875,512700,0.0,0.0
2022-03-17 00:00:00-04:00,56.9806573103095,57.561903851013206,56.6619104763319,57.29940414428711,328000,0.0,0.0
2022-03-18 00:00:00-04:00,56.81190431888355,57.252525854406315,55.88379102963335,56.75565719604492,677100,0.0,0.0
2022-03-21 00:00:00-04:00,57.31815942688781,58.115028370134134,57.24316205853347,57.627532958984375,504900,0.0,0.0
2022-03-22 00:00:00-04:00,58.17127130724012,59.15563538850449,58.002522770310044,58.33064651489258,597400,0.0,0.0
2022-03-23 00:00:00-04:00,58.51813721805653,59.05250992814012,57.83376979359613,57.99314498901367,436000,0.0,0.0
2022-03-24 00:00:00-04:00,58.20877224055056,59.315011068686466,57.78690089486455,59.296260833740234,317700,0.0,0.0
2022-03-25 00:00:00-04:00,59.55875787601765,60.75874432088729,59.55875787601765,60.674373626708984,334000,0.0,0.0
2022-03-28 00:00:00-04:00,60.68373822573023,60.68373822573023,59.53999556602311,60.411865234375,266100,0.0,0.0
2022-03-29 00:00:00-04:00,60.889992997066734,61.53686360213645,60.00875696611998,60.871246337890625,359500,0.0,0.0
2022-03-30 00:00:00-04:00,61.133732301583876,61.57435381992897,60.34624400261312,60.496238708496094,317100,0.0,0.0
2022-03-31 00:00:00-04:00,60.58063084103402,61.077499597302854,59.68063735961914,59.68063735961914,427200,0.0,0.0
2022-04-01 00:00:00-04:00,60.280617885872445,61.30247868871714,60.23374051863945,61.0212287902832,437500,0.0,0.0
2022-04-04 00:00:00-04:00,60.936863055870695,61.068111111792426,60.04625022604717,60.308746337890625,306300,0.0,0.0
2022-04-05 00:00:00-04:00,58.124395014834434,58.92126029018639,56.09941623478664,56.2119140625,657200,0.0,0.0
2022-04-06 00:00:00-04:00,56.02441831832361,56.802536977862246,55.583800312598015,56.09004592895508,563100,0.0,0.0
2022-04-07 00:00:00-04:00,56.3431655041959,56.39941620954776,55.09630526695071,55.59317398071289,323800,0.0,0.0
2022-04-08 00:00:00-04:00,55.64004817348388,56.13692046699816,55.31192799721741,55.3775520324707,274700,0.0,0.0
2022-04-11 00:00:00-04:00,55.368170014517695,56.56815627226497,54.983799192817955,55.04942321777344,316000,0.0,0.0
2022-04-12 00:00:00-04:00,55.22755250213871,56.18379302122306,54.88068209831373,55.1900520324707,290900,0.0,0.0
2022-04-13 00:00:00-04:00,54.84318212812383,56.69941247869595,54.84318212812383,56.64316177368164,348700,0.0,0.0
2022-04-14 00:00:00-04:00,56.36191283474849,57.39315425560492,56.36191283474849,56.624412536621094,434300,0.0,0.0
2022-04-18 00:00:00-04:00,56.361908828392906,57.158777630080415,56.118162954238905,56.55878448486328,584000,0.0,0.0
2022-04-19 00:00:00-04:00,57.11190025991432,57.35564971030956,56.46503332077233,56.55878448486328,384800,0.0,0.0
2022-04-20 00:00:00-04:00,56.81191417848532,57.86190595275342,56.81191417848532,57.41191101074219,365600,0.0,0.0
2022-04-21 00:00:00-04:00,57.6275277771782,58.26502144395576,55.99629314130821,56.118167877197266,373500,0.0,0.0
2022-04-22 00:00:00-04:00,56.202532084659765,56.34315345360098,54.6275484340799,54.693172454833984,232200,0.0,0.0
2022-04-25 00:00:00-04:00,54.28068535275249,54.34630938227594,52.34008087686441,53.99943542480469,374500,0.0,0.0
2022-04-26 00:00:00-04:00,53.54006584530927,53.77443839509526,52.836948195951315,52.977569580078125,500400,0.0,0.0
2022-04-27 00:00:00-04:00,53.23069343814162,53.793189714733984,52.77132523397796,53.24007034301758,295800,0.0,0.0
2022-04-28 00:00:00-04:00,53.81194506072862,54.33693734393619,52.752580012304946,54.121315002441406,242500,0.0,0.0
2022-04-29 00:00:00-04:00,53.77443965815983,54.224434535169536,51.590085726252084,51.70258712768555,307900,0.0,0.0
2022-05-02 00:00:00-04:00,51.78696093745019,52.79944850780136,51.533838150802055,52.68695068359375,461200,0.0,0.0
2022-05-03 00:00:00-04:00,52.893202388549724,54.31818811085403,52.5932057708269,54.10256576538086,324300,0.0,0.0
2022-05-04 00:00:00-04:00,54.50568815543846,56.06192198706849,54.299439134878696,55.7525520324707,409300,0.0,0.0
2022-05-05 00:00:00-04:00,55.30254979667248,55.54629568096679,53.230693687084525,53.652565002441406,363700,0.0,0.0
2022-05-06 00:00:00-04:00,54.29942890029152,56.47440938365127,54.121307055535155,54.47755432128906,405700,0.0,0.0
2022-05-09 00:00:00-04:00,53.93381089846514,54.4400564726182,52.030706907332906,52.124454498291016,388500,0.0,0.0
2022-05-10 00:00:00-04:00,52.21820591042588,52.743198144240004,51.12134049461595,52.33070373535156,358600,0.0,0.0
2022-05-11 00:00:00-04:00,52.44320349900001,53.60569298701168,51.53384038485115,51.599464416503906,375900,0.0,0.0
2022-05-12 00:00:00-04:00,51.243227291801745,52.06821988009924,49.99636686662603,51.2713508605957,417800,0.0,0.0
2022-05-13 00:00:00-04:00,51.41196506875874,52.54632740448172,51.35571436673226,51.95570755004883,357800,0.0,0.0
2022-05-16 00:00:00-04:00,51.76821958512427,52.34008928533536,51.599471031742574,51.965091705322266,335800,0.0,0.0
2022-05-17 00:00:00-04:00,52.81263954150893,54.3099986842263,52.81263954150893,54.15932083129883,235700,0.25,0.0
2022-05-18 00:00:00-04:00,53.377688625031915,54.16874837006373,53.22701074942795,53.73554992675781,397000,0.0,0.0
2022-05-19 00:00:00-04:00,53.10459031760889,53.73555646831709,51.93683753763139,52.86915588378906,345600,0.0,0.0
2022-05-20 00:00:00-04:00,52.8785683512095,53.2175908738794,51.10810063475075,52.652549743652344,462100,0.0,0.0
2022-05-23 00:00:00-04:00,53.67904706495573,54.05574356905587,52.8032307465004,53.74496841430664,271100,0.0,0.0
2022-05-24 00:00:00-04:00,53.773224679310474,53.773224679310474,51.550726582525286,52.680809020996094,232500,0.0,0.0
2022-05-25 00:00:00-04:00,52.39827761570723,53.71671164554413,52.39827761570723,53.377685546875,219400,0.0,0.0
2022-05-26 00:00:00-04:00,53.801469576780384,54.856214672758604,53.801469576780384,54.592529296875,304000,0.0,0.0
2022-05-27 00:00:00-04:00,54.733794164294515,55.289419551461066,54.696127386520345,55.12932586669922,232600,0.0,0.0
2022-05-31 00:00:00-04:00,55.044556552240216,56.12755250128768,54.667860122388596,55.42124938964844,510800,0.0,0.0
2022-06-01 00:00:00-04:00,55.29884423624473,55.71320757099826,54.08400162368687,54.799720764160156,292700,0.0,0.0
2022-06-02 00:00:00-04:00,54.77146157977502,55.45892963317512,54.31942793887266,55.402427673339844,257700,0.0,0.0
2022-06-03 00:00:00-04:00,54.91271997726957,55.17640535198042,54.54543930078028,54.733787536621094,254000,0.0,0.0
2022-06-06 00:00:00-04:00,54.71495309096768,56.447750417650276,54.47951869110561,55.779117584228516,451700,0.0,0.0
2022-06-07 00:00:00-04:00,55.64727611527795,57.82269131098373,55.524849218780936,57.76618576049805,469700,0.0,0.0
2022-06-08 00:00:00-04:00,57.540166402117784,57.540166402117784,56.391248963413396,56.862117767333984,323900,0.0,0.0
2022-06-09 00:00:00-04:00,56.786776716535535,56.86211744911426,55.95804662038888,56.02397155761719,361500,0.0,0.0
2022-06-10 00:00:00-04:00,55.06340036697298,55.364756121129794,54.46068885865934,54.53602600097656,361400,0.0,0.0
2022-06-13 00:00:00-04:00,53.13282825571924,53.45301915080357,51.90857021890628,52.18167495727539,419000,0.0,0.0
2022-06-14 00:00:00-04:00,52.34177082152341,53.89563550683281,52.34177082152341,53.28350830078125,360300,0.0,0.0
2022-06-15 00:00:00-04:00,53.81088990674141,53.85797607176811,52.473624139273916,53.11400604248047,418600,0.0,0.0
2022-06-16 00:00:00-04:00,51.9085759882558,51.9085759882558,49.35646793073769,49.63898849487305,597400,0.0,0.0
2022-06-17 00:00:00-04:00,49.827343302953764,50.712575478580476,49.158710374796,50.27937698364258,2020500,0.0,0.0
2022-06-21 00:00:00-04:00,51.955662315369686,52.087508598666275,51.07984964149908,51.390621185302734,450700,0.0,0.0
2022-06-22 00:00:00-04:00,50.477137840303016,51.852077573262605,50.477137840303016,51.465965270996094,360900,0.0,0.0
2022-06-23 00:00:00-04:00,51.946248770115,51.946248770115,50.85383323687253,51.475379943847656,310900,0.0,0.0
2022-06-24 00:00:00-04:00,52.04042284854523,54.58311531439011,51.92741533232488,54.50777816772461,695200,0.0,0.0
2022-06-27 00:00:00-04:00,54.611372418511884,54.611372418511884,53.424780869656075,53.53778839111328,348100,0.0,0.0
2022-06-28 00:00:00-04:00,53.952153213781536,55.04456879233635,53.56604090392452,53.69788360595703,253300,0.0,0.0
2022-06-29 00:00:00-04:00,54.15932818460305,54.15932818460305,52.89739964783499,53.076332092285156,265800,0.0,0.0
2022-06-30 00:00:00-04:00,51.99332982795849,53.349434213588836,51.66372311891983,52.5395393371582,625300,0.0,0.0
2022-07-01 00:00:00-04:00,52.28527261046513,53.33060193379907,52.09692436971637,52.89739990234375,425500,0.0,0.0
2022-07-05 00:00:00-04:00,52.096929198223066,52.426535955749465,50.90092188992919,52.15343475341797,376600,0.0,0.0
2022-07-06 00:00:00-04:00,51.76732103898731,52.21935469097414,50.75024262768385,51.465965270996094,373300,0.0,0.0
2022-07-07 00:00:00-04:00,52.09693176835394,52.671392367620946,51.7955759773359,51.81441116333008,441100,0.0,0.0
2022-07-08 00:00:00-04:00,52.24760645385467,52.501876060487554,51.56955416950032,51.98392105102539,284000,0.0,0.0
2022-07-11 00:00:00-04:00,51.588387375985796,52.191098897879,51.50363084369181,51.86149215698242,211600,0.0,0.0
2022-07-12 00:00:00-04:00,51.597805416666645,52.71847189889022,51.5883860286333,51.90857696533203,316000,0.0,0.0
2022-07-13 00:00:00-04:00,51.823817324894904,52.059251717382985,51.22110585491641,51.69197463989258,261900,0.0,0.0
2022-07-14 00:00:00-04:00,50.55247608130369,50.93858836449681,50.062772084397594,50.64664840698242,247800,0.0,0.0
2022-07-15 00:00:00-04:00,51.362378259183565,51.908584291557226,50.75024727860387,51.45655059814453,302000,0.0,0.0
2022-07-18 00:00:00-04:00,51.92741706692986,52.44537209205628,51.04218490748551,51.16461181640625,246400,0.0,0.0
2022-07-19 00:00:00-04:00,51.81440606435969,53.095169846370695,51.81440606435969,52.596046447753906,469700,0.0,0.0
2022-07-20 00:00:00-04:00,52.388858318498784,53.01982072138552,52.19109071253351,52.95389938354492,377800,0.0,0.0
2022-07-21 00:00:00-04:00,52.80322944341733,52.878570179355734,51.98391869852928,52.53012466430664,245300,0.0,0.0
2022-07-22 00:00:00-04:00,52.27585326187171,53.010411042099555,52.125175387648234,52.652549743652344,298300,0.0,0.0
2022-07-25 00:00:00-04:00,52.652555077241864,53.867397581979226,52.596049521517706,53.6884651184082,440800,0.0,0.0
2022-07-26 00:00:00-04:00,53.820303584037845,54.2158316392233,53.32118022887616,53.34001541137695,356000,0.0,0.0
2022-07-27 00:00:00-04:00,53.45302663467924,54.07457333069491,53.4436108389953,53.867393493652344,349000,0.0,0.0
2022-07-28 00:00:00-04:00,53.99924111080409,54.23467554125015,53.30235361600828,53.961570739746094,307500,0.0,0.0
2022-07-29 00:00:00-04:00,54.29117992495947,55.60019475516917,54.168753017887965,54.98806381225586,387800,0.0,0.0
2022-08-01 00:00:00-04:00,54.72437485867564,55.1010677593709,54.06515779190394,54.8468017578125,294400,0.0,0.0
2022-08-02 00:00:00-04:00,54.81855123343564,55.61903044235142,54.60195199124269,54.80913543701172,248000,0.0,0.0
2022-08-03 00:00:00-04:00,55.16699012914521,55.66610990572449,54.762042675241474,55.4306755065918,307000,0.0,0.0
2022-08-04 00:00:00-04:00,52.71847386372856,52.916237910472184,47.08688307861902,47.16222381591797,1436500,0.0,0.0
2022-08-05 00:00:00-04:00,47.557741502756,49.36587569294345,47.39764785969377,48.65957260131836,597000,0.0,0.0
2022-08-08 00:00:00-04:00,48.51833004770332,49.497738184759456,48.49949486132403,48.584251403808594,388500,0.0,0.0
2022-08-09 00:00:00-04:00,48.932690773866156,50.4677242540917,48.932690773866156,49.79909133911133,371200,0.0,0.0
2022-08-10 00:00:00-04:00,50.64664610209209,51.24935758087251,50.448882071700474,51.089263916015625,417600,0.0,0.0
2022-08-11 00:00:00-04:00,51.28702500789978,51.62605109340009,50.96683410408765,51.22110366821289,235200,0.0,0.0
2022-08-12 00:00:00-04:00,51.60721961583196,52.19109592029949,51.43770656091496,52.13459396362305,202600,0.0,0.0
2022-08-15 00:00:00-04:00,51.833244648617175,52.50187756347208,51.814409463241006,52.2852783203125,185200,0.0,0.0
2022-08-16 00:00:00-04:00,52.08661005252942,52.77718761421894,51.944709021093395,52.20958709716797,249700,0.25,0.0
2022-08-17 00:00:00-04:00,51.58523327235314,52.04877355207805,51.452794223487004,51.85957336425781,200800,0.0,0.0
2022-08-18 00:00:00-04:00,51.68929349156201,52.36095072922662,51.68929349156201,52.077152252197266,183500,0.0,0.0
2022-08-19 00:00:00-04:00,51.74605553448658,52.26635335291262,51.41495429825656,51.9636344909668,292900,0.0,0.0
2022-08-22 00:00:00-04:00,51.462260211265004,51.500097364810564,50.686542628828406,50.8379020690918,197500,0.0,0.0
2022-08-23 00:00:00-04:00,51.19737334191504,51.225755715090564,50.8284349688733,51.08385467529297,179000,0.0,0.0
2022-08-24 00:00:00-04:00,51.21630083053053,51.22576282580025,50.44058321833029,50.69600296020508,215000,0.0,0.0
2022-08-25 00:00:00-04:00,50.67707130437108,51.86902983461503,50.308132962193255,51.65144729614258,234700,0.0,0.0
2022-08-26 00:00:00-04:00,51.4906362261256,51.793355090470314,50.55409725858236,50.59193801879883,217300,0.0,0.0
2022-08-29 00:00:00-04:00,50.05272181387425,50.05272181387425,49.25808386107997,49.27700424194336,297700,0.0,0.0
2022-08-30 00:00:00-04:00,49.31483750613155,49.57025719591439,48.293158747000234,48.62425994873047,264500,0.0,0.0
2022-08-31 00:00:00-04:00,48.936446166348695,48.99320731075129,47.92422921434539,48.31208801269531,278200,0.0,0.0
2022-09-01 00:00:00-04:00,47.97152535753457,48.36884612606706,47.649886110129614,48.04720687866211,300100,0.0,0.0
2022-09-02 00:00:00-04:00,48.51073467797698,49.77837105508399,48.51073467797698,48.87967300415039,398800,0.0,0.0
2022-09-06 00:00:00-04:00,48.98374170388796,50.11893924738031,48.16072501855075,48.614803314208984,434900,0.0,0.0
2022-09-07 00:00:00-04:00,48.378299295792054,49.60809501197164,48.245860256791765,49.598636627197266,311700,0.0,0.0
2022-09-08 00:00:00-04:00,49.532424680554215,50.20408197171077,49.248626180922656,50.18516159057617,263300,0.0,0.0
2022-09-09 00:00:00-04:00,50.27975866664739,51.5473952113535,50.27975866664739,51.386573791503906,292700,0.0,0.0
2022-09-12 00:00:00-04:00,51.869038190360605,52.51231309016126,51.50009618005571,52.25689697265625,253500,0.0,0.0
2022-09-13 00:00:00-04:00,51.18792455930712,51.67984368520933,50.32706699115177,50.57302474975586,229300,0.0,0.0
2022-09-14 00:00:00-04:00,50.65816009145247,50.65816009145247,49.702704304463076,50.251380920410156,311200,0.0,0.0
2022-09-15 00:00:00-04:00,49.92028108139792,51.10277778047776,49.825679180255406,50.67707824707031,345400,0.0,0.0
2022-09-16 00:00:00-04:00,50.37436112191127,50.686541993431284,49.721624220588055,50.66762161254883,1139400,0.0,0.0
2022-09-19 00:00:00-04:00,50.04326685959023,51.169002532958984,50.04326685959023,51.169002532958984,236900,0.0,0.0
2022-09-20 00:00:00-04:00,50.800053766176816,50.800053766176816,49.721617463294734,50.33651351928711,295700,0.0,0.0
2022-09-21 00:00:00-04:00,50.60139724671715,50.70545391858317,49.17293930053711,49.17293930053711,294700,0.0,0.0
2022-09-22 00:00:00-04:00,49.0972626686395,49.22023972277468,47.02552621489257,47.1012077331543,311400,0.0,0.0
2022-09-23 00:00:00-04:00,46.34441524472617,46.35387363111134,45.12407770549408,45.597076416015625,522900,0.0,0.0
2022-09-26 00:00:00-04:00,45.36057744037751,45.69167509703604,43.66724117645235,43.705081939697266,548200,0.0,0.0
2022-09-27 00:00:00-04:00,44.24429534053291,44.518635430976225,43.43073706332496,44.03617477416992,386000,0.0,0.0
2022-09-28 00:00:00-04:00,44.348357661606464,45.50247199767841,44.00779803143345,45.28489303588867,629700,0.0,0.0
2022-09-29 00:00:00-04:00,44.764591890271234,45.8524902273625,44.15915419643353,45.52138900756836,343000,0.0,0.0
2022-09-30 00:00:00-04:00,45.530849734502524,46.42954786508939,45.530849734502524,45.83356857299805,377000,0.0,0.0
2022-10-03 00:00:00-04:00,46.59983300572923,47.072831732825804,45.69167631579034,46.76065444946289,361100,0.0,0.0
2022-10-04 00:00:00-04:00,47.2525754425767,48.88915067053541,47.2525754425767,48.747249603271484,352000,0.0,0.0
2022-10-05 00:00:00-04:00,47.545825628441925,48.52966374691432,47.545825628441925,48.113426208496094,336600,0.0,0.0
2022-10-06 00:00:00-04:00,47.97152555430159,48.35938432993727,47.612049153551936,47.980987548828125,259900,0.0,0.0
2022-10-07 00:00:00-04:00,47.507990556528135,47.725569525364655,46.60929230528603,47.53636932373047,340900,0.0,0.0
2022-10-10 00:00:00-04:00,48.02829033438138,48.66210688532626,47.91477165231693,48.4161491394043,356500,0.0,0.0
2022-10-11 00:00:00-04:00,47.9620637217764,49.73107765828647,47.9620637217764,49.239158630371094,367300,0.0,0.0
2022-10-12 00:00:00-04:00,49.41890593117221,50.06218084535233,48.614805973233075,49.44728469848633,380200,0.0,0.0
2022-10-13 00:00:00-04:00,48.93644458021805,52.18121591850733,48.36884758936424,51.84065628051758,385700,0.0,0.0
2022-10-14 00:00:00-04:00,52.114996467466845,52.692055453953905,50.506800179394794,50.66762161254883,336900,0.0,0.0
2022-10-17 00:00:00-04:00,51.54739289794334,52.39878827684756,51.36765110684322,51.660911560058594,283300,0.0,0.0
2022-10-18 00:00:00-04:00,52.663672373244616,52.97585324058528,52.03931424725689,52.692054748535156,260700,0.0,0.0
2022-10-19 00:00:00-04:00,52.446091412270974,53.07044951448753,51.63253672835335,52.3987922668457,218300,0.0,0.0
2022-10-20 00:00:00-04:00,51.963638761152474,52.72043597820792,51.16900078107081,51.17845916748047,327000,0.0,0.0
2022-10-21 00:00:00-04:00,51.15006989617354,52.086608740943554,50.59193138657572,51.93524932861328,244700,0.0,0.0
2022-10-24 00:00:00-04:00,52.360952328739614,53.20289300877341,52.360952328739614,53.08937072753906,250000,0.0,0.0
2022-10-25 00:00:00-04:00,52.91908477375006,53.86508202210329,52.76772535836126,53.58128356933594,251200,0.0,0.0
2022-10-26 00:00:00-04:00,54.0259142451845,54.47053419569168,53.62859344482422,53.62859344482422,251300,0.0,0.0
2022-10-27 00:00:00-04:00,54.17726905299893,54.73540763781767,53.73264914055367,53.95969009399414,283100,0.0,0.0
2022-10-28 00:00:00-04:00,54.2718594145253,55.58679497084008,53.77048204350563,55.54895782470703,201400,0.0,0.0
2022-10-31 00:00:00-04:00,55.04759004849986,56.14494694081219,55.04759004849986,55.993587493896484,282900,0.0,0.0
2022-11-01 00:00:00-04:00,56.135480711567354,56.47604032172201,55.85168223933626,56.05979919433594,226100,0.0,0.0
2022-11-02 00:00:00-04:00,56.07872462890175,56.523344560983524,54.71648967417682,55.07596969604492,294200,0.0,0.0
2022-11-03 00:00:00-04:00,54.40430840757048,55.388146561001975,53.912392939548404,55.20840835571289,205000,0.0,0.0
2022-11-04 00:00:00-04:00,55.8516794355879,56.21115579831137,55.08542035120605,55.5111198425293,254300,0.0,0.0
2022-11-07 00:00:00-05:00,55.53003861461517,55.9368177158138,55.13271789797538,55.67193603515625,290400,0.0,0.0
2022-11-08 00:00:00-05:00,56.759836981725954,57.42203580158474,55.66248027776032,56.353057861328125,381100,0.0,0.0
2022-11-09 00:00:00-05:00,55.90844280872147,56.60848244640496,55.42598574056319,55.738162994384766,299600,0.0,0.0
2022-11-10 00:00:00-05:00,57.828815077284276,58.6234529415102,57.48825547708841,57.96125411987305,314900,0.0,0.0
2022-11-11 00:00:00-05:00,58.29235465353814,58.54777436651112,56.8166011235077,56.90174102783203,255200,0.0,0.0
2022-11-14 00:00:00-05:00,56.89228312199503,57.36528182252202,56.55172348022461,56.55172348022461,261900,0.0,0.0
2022-11-15 00:00:00-05:00,56.941208444512526,57.226202383376574,56.010238149409105,56.57072067260742,325700,0.25,0.0
2022-11-16 00:00:00-05:00,56.485219219005984,56.855706964696566,56.22872686648599,56.50421905517578,202900,0.0,0.0
2022-11-17 00:00:00-05:00,55.67774117811409,57.36868658502382,55.62074167465668,57.17869186401367,271400,0.0,0.0
2022-11-18 00:00:00-05:00,57.7581831445178,57.91967995092194,56.97920792829384,57.57769012451172,179300,0.0,0.0
2022-11-21 00:00:00-05:00,57.51118939901263,58.18566728475312,57.33069276490725,58.157169342041016,222400,0.0,0.0
2022-11-22 00:00:00-05:00,58.33766524801642,59.173639972933586,57.94817764160872,58.96464538574219,210800,0.0,0.0
2022-11-23 00:00:00-05:00,58.69865860780051,59.10714607730661,58.5656633617006,58.584659576416016,170600,0.0,0.0
2022-11-25 00:00:00-05:00,58.95514892569267,59.84811956380524,58.72715449476577,59.49663162231445,107700,0.0,0.0
2022-11-28 00:00:00-05:00,59.77211061497942,60.817076164643495,59.591617619702305,60.78858184814453,319100,0.0,0.0
2022-11-29 00:00:00-05:00,60.79808867023287,62.470038138019426,60.78859056337148,62.261043548583984,278500,0.0,0.0
2022-11-30 00:00:00-05:00,62.0710506531323,63.36301073125782,61.61506900655717,63.23951721191406,453900,0.0,0.0
2022-12-01 00:00:00-05:00,63.54349435832796,63.77148513485068,62.68851988674764,62.707523345947266,335300,0.0,0.0
2022-12-02 00:00:00-05:00,62.194540089909786,63.51499787443023,62.10903901694208,62.98301696777344,303500,0.0,0.0
2022-12-05 00:00:00-05:00,62.574527596199204,62.660021418790336,61.38706507557091,61.881046295166016,322200,0.0,0.0
2022-12-06 00:00:00-05:00,61.73856515932816,62.5080459982541,61.63406785092708,62.46054458618164,434300,0.0,0.0
2022-12-07 00:00:00-05:00,62.09003855607901,62.11853649588599,60.00960197781978,60.07610321044922,360300,0.0,0.0
2022-12-08 00:00:00-05:00,60.408604297919695,61.02608274476834,60.1141122355512,60.228111267089844,382700,0.0,0.0
2022-12-09 00:00:00-05:00,59.94311838201335,60.418103483689684,59.762625347961894,59.867122650146484,252900,0.0,0.0
2022-12-12 00:00:00-05:00,59.80062367883296,60.10461384715065,59.39213621068445,59.78162384033203,308700,0.0,0.0
2022-12-13 00:00:00-05:00,61.04508475612353,61.04508475612353,59.10714475221675,59.19264221191406,361100,0.0,0.0
2022-12-14 00:00:00-05:00,59.20213967238043,59.40163253487887,57.75818460429206,58.10967254638672,513500,0.0,0.0
2022-12-15 00:00:00-05:00,57.5871833991917,58.290162830475765,57.24519360147773,57.93867492675781,446400,0.0,0.0
2022-12-16 00:00:00-05:00,57.05520249061277,58.261664888615655,57.05520249061277,57.93867492675781,1380100,0.0,0.0
2022-12-19 00:00:00-05:00,57.938680582754955,58.50866121868788,57.46369551152802,58.03367614746094,404900,0.0,0.0
2022-12-20 00:00:00-05:00,58.33766207569178,59.05963773714532,58.29016429678072,58.784149169921875,369200,0.0,0.0
2022-12-21 00:00:00-05:00,59.27813421349914,60.0001098770285,59.21163659806282,59.7341194152832,417800,0.0,0.0
2022-12-22 00:00:00-05:00,59.46813054239758,59.62012562298214,58.68915530142067,59.50613021850586,367100,0.0,0.0
2022-12-23 00:00:00-05:00,59.4206317667477,60.076113485197745,59.031144152764426,60.05711364746094,268200,0.0,0.0
2022-12-27 00:00:00-05:00,59.97161651454347,60.13310970040866,59.39213414390055,59.43013381958008,187800,0.0,0.0
2022-12-28 00:00:00-05:00,59.449130505400035,59.449130505400035,58.7651508748276,58.9361457824707,229800,0.0,0.0
2022-12-29 00:00:00-05:00,59.35413620004938,59.5821306369304,58.91715078853011,59.1451416015625,187700,0.0,0.0
2022-12-30 00:00:00-05:00,58.62265872919392,59.240140793533186,58.44216570022256,59.1451416015625,259100,0.0,0.0
2023-01-03 00:00:00-05:00,59.221134312739856,59.57262222398601,57.815179043907015,58.21416473388672,294700,0.0,0.0
2023-01-04 00:00:00-05:00,58.451662244522026,59.173641588799306,58.24267127547211,58.736656188964844,232000,0.0,0.0
2023-01-05 00:00:00-05:00,58.60365436734666,59.09763925591903,58.10966947877429,58.309165954589844,211300,0.0,0.0
2023-01-06 00:00:00-05:00,58.679654276379814,59.2021371134174,58.05267414716503,59.07863998413086,149400,0.0,0.0
2023-01-09 00:00:00-05:00,59.12614732877808,59.411137666352246,58.005182193650775,58.10017776489258,281100,0.0,0.0
2023-01-10 00:00:00-05:00,57.986174032789314,58.29966227197624,57.29269631547158,57.520687103271484,264400,0.0,0.0
2023-01-11 00:00:00-05:00,57.52068701760183,58.242666300205435,57.482687345075696,58.21416473388672,214300,0.0,0.0
2023-01-12 00:00:00-05:00,58.309166146807165,59.050141670184175,57.824679363177296,58.94564437866211,210300,0.0,0.0
2023-01-13 00:00:00-05:00,58.63214901213835,59.6106169433703,58.42315445445854,59.26862716674805,190800,0.0,0.0
2023-01-17 00:00:00-05:00,59.031142565380826,59.031142565380826,56.836713911592575,57.56818771362305,445500,0.0,0.0
2023-01-18 00:00:00-05:00,57.40670094813451,58.223675920902075,57.235706017841345,57.29270553588867,271500,0.0,0.0
2023-01-19 00:00:00-05:00,56.86521295150694,57.64418817354004,56.314228532881906,57.397193908691406,253200,0.0,0.0
2023-01-20 00:00:00-05:00,57.558694945243936,57.853187013785416,57.01721221755544,57.72018814086914,266100,0.0,0.0
2023-01-23 00:00:00-05:00,57.66318903848763,58.10967254638672,57.321199203434,58.10967254638672,204000,0.0,0.0
2023-01-24 00:00:00-05:00,57.58718846613952,58.67965556897716,57.54919241493225,58.4041633605957,115500,0.0,0.0
2023-01-25 00:00:00-05:00,58.23316667316085,58.708151725346255,58.2046687296612,58.49916076660156,131100,0.0,0.0
2023-01-26 00:00:00-05:00,58.79365143789023,60.00961205855704,58.37566588049814,59.99061584472656,208600,0.0,0.0
2023-01-27 00:00:00-05:00,59.990615233786585,60.26610381770501,59.02164526511745,59.09764099121094,145000,0.0,0.0
2023-01-30 00:00:00-05:00,58.91714841133317,59.24013840330421,58.043173999709225,58.347164154052734,187900,0.0,0.0
2023-01-31 00:00:00-05:00,58.53715791938631,59.4681282043457,57.995675239602264,59.4681282043457,302300,0.0,0.0
2023-02-01 00:00:00-05:00,59.173635463211546,59.4396259183847,58.17616763246404,58.88864517211914,263700,0.0,0.0
2023-02-02 00:00:00-05:00,58.974144944795256,58.974144944795256,57.65368347525634,58.423160552978516,246500,0.0,0.0
2023-02-03 00:00:00-05:00,58.32816299460684,59.22113354429452,58.20466587242351,58.83164596557617,343100,0.0,0.0
2023-02-06 00:00:00-05:00,58.57515459409532,58.898144564078066,57.88167687521877,58.784149169921875,207700,0.0,0.0
2023-02-07 00:00:00-05:00,58.49916345177899,59.344636303661424,58.147671887857115,59.24013900756836,242300,0.0,0.0
2023-02-08 00:00:00-05:00,58.97415353763471,59.60113374362798,58.575164157176,58.75565719604492,156800,0.0,0.0
2023-02-09 00:00:00-05:00,58.936141673936206,59.221131958858145,57.77717707489251,57.79617691040039,191600,0.0,0.0
2023-02-10 00:00:00-05:00,57.93868266624812,59.287638577594215,57.38769822436402,59.1451416015625,224400,0.0,0.0
2023-02-13 00:00:00-05:00,58.95514892569267,59.876617508727904,58.95514892569267,59.49663162231445,202900,0.0,0.0
2023-02-14 00:00:00-05:00,59.373128608578554,59.83861553136301,58.50865600099158,58.83164596557617,182400,0.0,0.0
2023-02-15 00:00:00-05:00,58.30916615924469,59.57262451665316,58.195167137279014,59.44913101196289,119500,0.0,0.0
2023-02-16 00:00:00-05:00,59.050144310481876,59.85761748750489,58.746154152742726,59.43013381958008,162500,0.0,0.0
2023-02-17 00:00:00-05:00,59.37313135491406,59.81011673196262,59.33513168112331,59.57262420654297,233100,0.0,0.0
2023-02-21 00:00:00-05:00,59.221142665670584,59.344639806875236,58.32817197844552,58.603660583496094,193300,0.0,0.0
2023-02-22 00:00:00-05:00,58.78415273232154,59.7151230260197,58.78415273232154,59.09764099121094,226400,0.0,0.0
2023-02-23 00:00:00-05:00,59.35413274819298,59.77211829700934,58.803151962200886,59.211639404296875,156100,0.0,0.0
2023-02-24 00:00:00-05:00,58.84114904468042,59.51563059680299,58.537158890420315,59.420631408691406,164000,0.0,0.0
2023-02-27 00:00:00-05:00,59.64862385190704,59.80061892398049,58.841147087140044,58.94564437866211,166100,0.0,0.0
2023-02-28 00:00:00-05:00,59.0216491234319,59.62962946731807,58.64165959657869,59.28763961791992,389800,0.0,0.0
2023-03-01 00:00:00-05:00,57.14069898895185,57.51118672235928,53.94879909521385,55.52574920654297,650900,0.0,0.0
2023-03-02 00:00:00-05:00,55.33576205968377,57.96717984914344,54.879776815770526,57.35919952392578,358700,0.0,0.0
2023-03-03 00:00:00-05:00,57.19770230810323,57.19770230810323,56.10523880138761,56.53272247314453,187200,0.0,0.0
2023-03-06 00:00:00-05:00,56.35222730494011,56.35222730494011,54.69928132325282,54.85127639770508,509200,0.0,0.0
2023-03-07 00:00:00-05:00,54.8226341829909,55.28084137735259,54.05895552572143,54.583984375,195000,0.28,0.0
2023-03-08 00:00:00-05:00,54.62217630972984,54.84173372460533,53.868041944609104,54.50762176513672,245300,0.0,0.0
2023-03-09 00:00:00-05:00,54.26896524950536,54.26896524950536,52.712971112710505,52.789337158203125,189400,0.0,0.0
2023-03-10 00:00:00-05:00,52.283401654247875,52.502959046004854,50.679674613885695,51.080604553222656,301400,0.0,0.0
2023-03-13 00:00:00-04:00,49.982820560470685,49.982820560470685,47.76815044788439,47.79678726196289,420800,0.0,0.0
2023-03-14 00:00:00-04:00,49.295508530661394,49.84917788675141,48.799116444979546,49.80144500732422,370900,0.0,0.0
2023-03-15 00:00:00-04:00,48.34090577954734,48.99958159727446,46.78490797141097,47.32903289794922,452200,0.0,0.0
2023-03-16 00:00:00-04:00,46.91855764281991,48.45545947632013,46.54626085226247,47.79678726196289,315400,0.0,0.0
2023-03-17 00:00:00-04:00,47.243121392450064,47.243121392450064,44.67524692133973,45.26709747314453,1041500,0.0,0.0
2023-03-20 00:00:00-04:00,45.96396263090795,47.72997006677556,45.96396263090795,46.61309051513672,558900,0.0,0.0
2023-03-21 00:00:00-04:00,47.72042374064337,48.62729022194543,47.462681475749626,47.56768798828125,400000,0.0,0.0
2023-03-22 00:00:00-04:00,47.481768337685196,47.644048462399915,45.381649257595896,45.43892288208008,288400,0.0,0.0
2023-03-23 00:00:00-04:00,45.5248405648253,45.543932988334085,43.978390675687805,44.12158203125,257300,0.0,0.0
2023-03-24 00:00:00-04:00,43.59654586311012,44.94253429724376,43.15743108344636,44.789794921875,273600,0.0,0.0
2023-03-27 00:00:00-04:00,45.61075539503321,45.7253099379575,45.0475416375984,45.52484130859375,189200,0.0,0.0
2023-03-28 00:00:00-04:00,45.33391258728585,46.06895068531784,45.33391258728585,46.049861907958984,179200,0.0,0.0
2023-03-29 00:00:00-04:00,46.593994140625,46.708545039453284,45.96395873480834,46.593994140625,239000,0.0,0.0
2023-03-30 00:00:00-04:00,47.15720284351778,47.51994792460899,46.71808443552748,47.04264831542969,182600,0.0,0.0
2023-03-31 00:00:00-04:00,47.30039259832323,48.14044096663201,47.06174278335539,47.98770523071289,365500,0.0,0.0
2023-04-03 00:00:00-04:00,48.121347657425,48.7704754334926,47.9399751123353,48.465003967285156,292600,0.0,0.0
2023-04-04 00:00:00-04:00,48.35045847822405,48.35045847822405,47.08083959626774,48.092716217041016,212100,0.0,0.0
2023-04-05 00:00:00-04:00,48.7513872333305,49.180957657854684,47.82542472285698,49.161865234375,567400,0.0,0.0
2023-04-06 00:00:00-04:00,49.38141949727909,50.05918410086085,49.14276968124265,49.90644836425781,239500,0.0,0.0
2023-04-10 00:00:00-04:00,49.99236574590377,50.574671918137675,49.830085608203134,50.4410285949707,351800,0.0,0.0
2023-04-11 00:00:00-04:00,50.61285507421068,51.662912842446545,50.58421826063378,51.41471862792969,279400,0.0,0.0
2023-04-12 00:00:00-04:00,51.5960938183111,52.14976318579132,51.37653640615748,51.84429168701172,219900,0.0,0.0
2023-04-13 00:00:00-04:00,51.63427549575722,52.50296069985822,51.25243432497352,51.9683837890625,279500,0.0,0.0
2023-04-14 00:00:00-04:00,52.52204752484747,52.52204752484747,51.42425700697524,51.672454833984375,200300,0.0,0.0
2023-04-17 00:00:00-04:00,51.443358705070786,52.016120503495955,51.099702354317195,51.95884323120117,167500,0.0,0.0
2023-04-18 00:00:00-04:00,51.95883426295877,52.15929921912836,51.39562059454879,51.73927688598633,143700,0.0,0.0
2023-04-19 00:00:00-04:00,51.8156479302432,51.977931701981724,51.424262369765586,51.93974685668945,210100,0.0,0.0
2023-04-20 00:00:00-04:00,51.7106411486095,51.88246930999424,50.85150398319301,51.26198196411133,225400,0.0,0.0
2023-04-21 00:00:00-04:00,51.24289059987281,51.49108481505041,50.62239959966781,51.43381118774414,148800,0.0,0.0
2023-04-24 00:00:00-04:00,51.51017261951511,51.872921339795354,51.185608741686885,51.30016326904297,128700,0.0,0.0
2023-04-25 00:00:00-04:00,50.86104954363609,51.26198314325868,50.17374052379462,50.192832946777344,142100,0.0,0.0
2023-04-26 00:00:00-04:00,49.954182712744114,50.59376249064575,49.925542257750855,50.135555267333984,129600,0.0,0.0
2023-04-27 00:00:00-04:00,50.45056545631596,51.13787803460293,49.91599224343223,51.0615119934082,116600,0.0,0.0
2023-04-28 00:00:00-04:00,51.0233330445238,51.67246085642495,50.81332003434775,51.42426300048828,114900,0.0,0.0
2023-05-01 00:00:00-04:00,51.48153504779556,52.1020259831988,51.21424843759451,51.815643310546875,234500,0.0,0.0
2023-05-02 00:00:00-04:00,51.54835546211945,51.60563272357539,49.46732896880963,50.37419891357422,164300,0.0,0.0
2023-05-03 00:00:00-04:00,50.42193655740796,51.09970121094707,49.87781522805883,49.887359619140625,215100,0.0,0.0
2023-05-04 00:00:00-04:00,49.33369248062022,49.877813794328674,47.86360867377298,49.00912857055664,210100,0.0,0.0
2023-05-05 00:00:00-04:00,49.68689332830736,51.032878208964426,49.68689332830736,50.29783630371094,271300,0.0,0.0
2023-05-08 00:00:00-04:00,50.469661454777565,51.128337269498296,50.412387830198135,50.421932220458984,325000,0.0,0.0
2023-05-09 00:00:00-04:00,50.240558226688826,50.622395731749,49.63915969537291,50.173736572265625,309600,0.0,0.0
2023-05-10 00:00:00-04:00,50.98515658979043,50.98515658979043,47.57723683719496,50.26920700073242,333800,0.0,0.0
2023-05-11 00:00:00-04:00,49.82053467844999,50.66058305715738,48.81820617147912,49.973270416259766,209100,0.0,0.0
2023-05-12 00:00:00-04:00,50.27874295812185,50.29783538094137,49.43869820310718,50.14509963989258,214700,0.0,0.0
2023-05-15 00:00:00-04:00,50.47920568451765,50.784677130957434,50.2787370890672,50.412384033203125,252100,0.0,0.0
2023-05-16 00:00:00-04:00,50.239643357791294,50.72908607379436,49.92294836001071,49.97093200683594,196300,0.28,0.0
2023-05-17 00:00:00-04:00,50.182061740269766,50.8634390068355,50.00931769227882,50.25883483886719,248700,0.0,0.0
2023-05-18 00:00:00-04:00,50.31641773120842,50.76747204395733,49.874962343919115,50.6427116394043,439100,0.0,0.0
2023-05-19 00:00:00-04:00,51.04577497111195,51.26650264886299,49.94213658235677,50.04770278930664,186700,0.0,0.0
2023-05-22 00:00:00-04:00,50.14367056376048,50.36439824367845,49.49108278795204,50.191654205322266,186900,0.0,0.0
2023-05-23 00:00:00-04:00,50.26843330352462,50.81545489684303,49.817378997802734,49.817378997802734,169200,0.0,0.0
2023-05-24 00:00:00-04:00,49.423908484208255,49.56786308008264,48.99204835750256,49.15519714355469,177300,0.0,0.0
2023-05-25 00:00:00-04:00,49.00165398895408,49.66383716657799,49.00165398895408,49.27996063232422,212100,0.0,0.0
2023-05-26 00:00:00-04:00,49.47189161147921,50.76747197803828,49.16479189368389,50.613922119140625,224900,0.0,0.0
2023-05-30 00:00:00-04:00,50.62352309279002,51.13215637132814,50.32601860597307,50.80586242675781,235700,0.0,0.0
2023-05-31 00:00:00-04:00,50.39319071731308,50.42198383270994,49.6638298034668,49.6638298034668,322900,0.0,0.0
2023-06-01 00:00:00-04:00,49.98052946982008,50.345208103751744,49.404714742018676,49.59665298461914,332000,0.0,0.0
2023-06-02 00:00:00-04:00,50.09569110340327,51.39126783829196,50.09569110340327,51.22812271118164,193900,0.0,0.0
2023-06-05 00:00:00-04:00,50.79625724837326,50.79625724837326,49.37592025533606,50.23004150390625,328400,0.0,0.0
2023-06-06 00:00:00-04:00,50.393184609840105,51.640781179534194,50.373994083124565,51.61198806762695,187400,0.0,0.0
2023-06-07 00:00:00-04:00,51.65038053295818,52.19740211059249,51.34328082835356,51.967079162597656,203700,0.0,0.0
2023-06-08 00:00:00-04:00,51.698368007650224,52.302972197559654,51.506429762815124,51.669578552246094,226100,0.0,0.0
2023-06-09 00:00:00-04:00,51.62160183924586,52.178218797014175,51.42006830251517,51.82313537597656,172300,0.0,0.0
2023-06-12 00:00:00-04:00,51.65998325988032,51.91909568021444,50.89223028094917,51.343284606933594,173600,0.0,0.0
2023-06-13 00:00:00-04:00,51.48724236558757,52.63886458282661,51.48724236558757,52.1494255065918,275900,0.0,0.0
2023-06-14 00:00:00-04:00,52.34135276605617,52.638853523272914,50.95940053825251,51.045772552490234,239200,0.0,0.0
2023-06-15 00:00:00-04:00,51.08416820792373,51.58320617675781,50.853845244411076,51.58320617675781,221800,0.0,0.0
2023-06-16 00:00:00-04:00,51.99586637036492,52.398933342407595,51.53521683335168,52.37014389038086,950500,0.0,0.0
2023-06-20 00:00:00-04:00,52.40853980035265,52.42773399143518,51.276108152906176,51.68877410888672,275600,0.0,0.0
2023-06-21 00:00:00-04:00,51.76554790316975,52.03426292099398,51.36248086780989,51.86151885986328,199500,0.0,0.0
2023-06-22 00:00:00-04:00,51.96707880724614,51.96707880724614,51.18973062601525,51.880706787109375,224600,0.0,0.0
2023-06-23 00:00:00-04:00,51.67917700212026,51.823131609848055,51.170543733739514,51.19933319091797,363500,0.0,0.0
2023-06-26 00:00:00-04:00,51.448848438164795,51.813530720149814,51.026583587155606,51.391265869140625,162500,0.0,0.0
2023-06-27 00:00:00-04:00,51.30490314359647,51.986280526401025,50.997803374982645,51.82313537597656,199500,0.0,0.0
2023-06-28 00:00:00-04:00,51.65038683380421,52.35095834920376,51.37207654851848,52.302974700927734,209700,0.0,0.0
2023-06-29 00:00:00-04:00,52.69644166731312,53.435401498292975,52.69644166731312,53.32024002075195,192700,0.0,0.0
2023-06-30 00:00:00-04:00,53.742509708507214,53.77129916721446,53.29145533053136,53.55057144165039,178500,0.0,0.0
2023-07-03 00:00:00-04:00,53.33943554403513,53.74250255596449,53.01314163208008,53.01314163208008,212800,0.0,0.0
2023-07-05 00:00:00-04:00,52.76362535598952,53.099518222390216,52.11103747597889,52.88838577270508,213100,0.0,0.0
2023-07-06 00:00:00-04:00,52.802008189400865,53.224269383466975,52.42773063951451,53.080318450927734,221800,0.0,0.0
2023-07-07 00:00:00-04:00,53.070722789400264,54.57743200699496,53.070722789400264,54.24154281616211,465500,0.0,0.0
2023-07-10 00:00:00-04:00,53.96323327262916,54.644610589553594,53.96323327262916,54.116783142089844,253500,0.0,0.0
2023-07-11 00:00:00-04:00,54.135974348901755,55.04767825021433,54.135974348901755,54.97090148925781,174900,0.0,0.0
2023-07-12 00:00:00-04:00,55.34517808952758,55.34517808952758,53.70411329209481,53.761695861816406,378200,0.0,0.0
2023-07-13 00:00:00-04:00,53.41621172546268,55.066875570683735,53.01314469028136,54.798160552978516,254300,0.0,0.0
2023-07-14 00:00:00-04:00,55.50833362734249,55.50833362734249,54.12638473413003,54.45267868041992,137900,0.0,0.0
2023-07-17 00:00:00-04:00,54.18395824106019,55.74824997396475,53.992019998711335,55.32598876953125,240700,0.0,0.0
2023-07-18 00:00:00-04:00,55.42195394015793,56.52559604575744,55.42195394015793,56.410430908203125,182000,0.0,0.0
2023-07-19 00:00:00-04:00,56.68874112164971,57.14939068875526,56.51599707637047,57.00543975830078,188900,0.0,0.0
2023-07-20 00:00:00-04:00,57.197378182224966,57.76359399965981,57.1110061537716,57.33173751831055,229500,0.0,0.0
2023-07-21 00:00:00-04:00,57.418109937875336,57.61964345200011,56.76552208754193,57.12060546875,220700,0.0,0.0
2023-07-24 00:00:00-04:00,56.967053985383636,57.514075600154996,56.54478911719697,57.370121002197266,218500,0.0,0.0
2023-07-25 00:00:00-04:00,57.13019430672933,57.74439370596599,57.13019430672933,57.437294006347656,180000,0.0,0.0
2023-07-26 00:00:00-04:00,57.398910051628256,58.25303133133863,57.35092274843058,57.93633270263672,165800,0.0,0.0
2023-07-27 00:00:00-04:00,58.339409201062075,58.65610420059936,58.0994873046875,58.0994873046875,161700,0.0,0.0
2023-07-28 00:00:00-04:00,58.54093849591588,58.54093849591588,57.389312744140625,57.389312744140625,164600,0.0,0.0
2023-07-31 00:00:00-04:00,57.62923708197068,58.061097214926356,57.24536425561257,57.370121002197266,222800,0.0,0.0
2023-08-01 00:00:00-04:00,57.370122325442054,57.734804630673544,57.23576665007192,57.68682098388672,175000,0.0,0.0
2023-08-02 00:00:00-04:00,57.31254214312713,58.934412798439645,57.31254214312713,58.646507263183594,163100,0.0,0.0
2023-08-03 00:00:00-04:00,58.34900049232512,59.75014339310927,58.08988442257725,59.64458084106445,251500,0.0,0.0
2023-08-04 00:00:00-04:00,59.56780498008709,60.57547615923933,59.38546566644232,59.90369415283203,192500,0.0,0.0
2023-08-07 00:00:00-04:00,59.778936307652664,60.75781801422255,59.778936307652664,60.239585876464844,201200,0.0,0.0
2023-08-08 00:00:00-04:00,59.17433038882264,60.17240625538747,58.83844123224661,60.105228424072266,198700,0.0,0.0
2023-08-09 00:00:00-04:00,58.09948188528614,59.11674828803853,55.69066422026114,58.3489990234375,318400,0.0,0.0
2023-08-10 00:00:00-04:00,58.48336185218355,59.471842583570464,57.86916236525442,57.878761291503906,241500,0.0,0.0
2023-08-11 00:00:00-04:00,57.715600498441106,58.15705583030867,57.6292284847351,57.76358413696289,196700,0.0,0.0
2023-08-14 00:00:00-04:00,57.46609314812063,57.77319287995297,56.55438921759191,56.67914962768555,285100,0.0,0.0
2023-08-15 00:00:00-04:00,56.341652960789645,57.161271629213466,56.24522853333607,56.92985153198242,173600,0.28,0.0
2023-08-16 00:00:00-04:00,56.669502514411775,57.46983558074766,56.254870845438596,56.698429107666016,163300,0.0,0.0
2023-08-17 00:00:00-04:00,57.12270804556094,57.354128158917355,56.457366943359375,56.457366943359375,155400,0.0,0.0
2023-08-18 00:00:00-04:00,56.052376186041315,57.02627614863571,56.052376186041315,56.58271789550781,216800,0.0,0.0
2023-08-21 00:00:00-04:00,56.679150238742906,56.82379057895887,55.859531453136874,55.984886169433594,151900,0.0,0.0
2023-08-22 00:00:00-04:00,55.859525013553764,56.380225764275956,54.875980377197266,54.875980377197266,154200,0.0,0.0
2023-08-23 00:00:00-04:00,54.74098718569461,55.58953618700972,54.74098718569461,55.48346710205078,171500,0.0,0.0
2023-08-24 00:00:00-04:00,55.46417920279851,56.55379292398265,55.46417920279851,56.1295166015625,199300,0.0,0.0
2023-08-25 00:00:00-04:00,56.11023326515702,56.47665273716519,55.60881811355542,55.73417282104492,144500,0.0,0.0
2023-08-28 00:00:00-04:00,55.95594975572717,56.73700088616614,55.946308784003534,56.00416564941406,108000,0.0,0.0
2023-08-29 00:00:00-04:00,56.26450975627982,56.44772131579615,55.84023713121374,56.2452278137207,153800,0.0,0.0
2023-08-30 00:00:00-04:00,56.27415692572505,56.63093173274143,56.06201876451498,56.1295166015625,121900,0.0,0.0
2023-08-31 00:00:00-04:00,56.254873795660735,56.843072411719206,56.090947842458604,56.737003326416016,185300,0.0,0.0
2023-09-01 00:00:00-04:00,57.15163756555382,59.07051112364378,57.15163756555382,58.47267150878906,218900,0.0,0.0
2023-09-05 00:00:00-04:00,58.077321091055644,58.57873622940142,57.315555572509766,57.315555572509766,374300,0.0,0.0
2023-09-06 00:00:00-04:00,57.305918442519854,57.4409141275947,56.56343849625162,57.06485366821289,225400,0.0,0.0
2023-09-07 00:00:00-04:00,57.17091757155624,58.077319716523675,56.90092254754084,57.54697799682617,454000,0.0,0.0
2023-09-08 00:00:00-04:00,57.58555033622955,58.18338990372242,57.354126551004676,57.53733444213867,204100,0.0,0.0
2023-09-11 00:00:00-04:00,57.81697441386746,58.491956515577314,57.7398355990656,58.16410827636719,280000,0.0,0.0
2023-09-12 00:00:00-04:00,58.35696152232184,59.21515153791595,58.20268021253364,58.97408676147461,244400,0.0,0.0
2023-09-13 00:00:00-04:00,59.23443425206592,59.36942993170554,58.79087596800531,58.81016159057617,310300,0.0,0.0
2023-09-14 00:00:00-04:00,59.28264702064692,59.677993091135306,58.89694560071185,59.244075775146484,339600,0.0,0.0
2023-09-15 00:00:00-04:00,58.81980393649129,59.408002564393236,58.26053190394305,58.578739166259766,1748800,0.0,0.0
2023-09-18 00:00:00-04:00,58.60766444632782,58.60766444632782,57.69162128269125,57.83625793457031,249600,0.0,0.0
2023-09-19 00:00:00-04:00,58.08696320811989,58.97407971379831,58.08696320811989,58.65587615966797,266900,0.0,0.0
2023-09-20 00:00:00-04:00,58.935514363525826,59.4272885577423,58.790877707499476,58.858375549316406,202800,0.0,0.0
2023-09-21 00:00:00-04:00,58.81980299402149,58.81980299402149,57.961613014285085,58.11589431762695,215800,0.0,0.0
2023-09-22 00:00:00-04:00,57.99054401663169,58.60766927690253,57.701267010674314,58.424461364746094,175800,0.0,0.0
2023-09-25 00:00:00-04:00,58.20267389558881,59.22478608261837,58.20267389558881,59.215145111083984,159400,0.0,0.0
2023-09-26 00:00:00-04:00,59.02229388323701,59.282644260709546,58.33767086008123,58.356956481933594,276100,0.0,0.0
2023-09-27 00:00:00-04:00,58.491956928666305,59.39835915953959,58.11589646775459,59.195865631103516,231100,0.0,0.0
2023-09-28 00:00:00-04:00,59.35978614223127,60.35297174817489,59.35978614223127,59.64906311035156,317200,0.0,0.0
2023-09-29 00:00:00-04:00,59.552635609930135,59.755132800201835,58.27981399452414,58.356956481933594,229500,0.0,0.0
2023-10-02 00:00:00-04:00,58.13517954346813,58.13517954346813,56.99735355970581,57.20949172973633,250400,0.0,0.0
2023-10-03 00:00:00-04:00,57.06485117804365,57.07449215011834,56.40915472627316,56.457366943359375,181800,0.0,0.0
2023-10-04 00:00:00-04:00,56.21630599525019,57.01664283095854,56.18737939870634,56.833431243896484,252400,0.0,0.0
2023-10-05 00:00:00-04:00,56.47665567989684,58.19303571562816,56.47665567989684,58.12553787231445,269900,0.0,0.0
2023-10-06 00:00:00-04:00,57.92304060167323,58.742659319469205,57.855542762718564,58.25088882446289,164000,0.0,0.0
2023-10-09 00:00:00-04:00,57.9905423635725,59.02229931836878,57.77840418201778,58.877662658691406,162400,0.0,0.0
2023-10-10 00:00:00-04:00,59.05122402514565,59.301929751961744,58.03874911108569,58.10624694824219,167300,0.0,0.0
2023-10-11 00:00:00-04:00,58.33767384730516,59.118725019717075,58.25089038370384,59.02229690551758,178700,0.0,0.0
2023-10-12 00:00:00-04:00,59.359788669105136,59.359788669105136,58.56909653935131,59.28264617919922,162600,0.0,0.0
2023-10-13 00:00:00-04:00,59.91905907360228,60.082985031126604,58.501597038733784,58.858375549316406,197300,0.0,0.0
2023-10-16 00:00:00-04:00,59.21514211441684,60.33368235196587,59.21514211441684,60.02511978149414,224900,0.0,0.0
2023-10-17 00:00:00-04:00,59.90941976830816,61.40402065897631,59.90941976830816,60.88331985473633,273900,0.0,0.0
2023-10-18 00:00:00-04:00,60.69046079336852,60.93152554598044,60.160119073293544,60.372257232666016,150700,0.0,0.0
2023-10-19 00:00:00-04:00,60.46868643317652,60.80617932047417,58.8680164966793,59.10908126831055,275100,0.0,0.0
2023-10-20 00:00:00-04:00,59.10908085801085,59.36943125096818,57.807332571580666,57.82661819458008,244900,0.0,0.0
2023-10-23 00:00:00-04:00,57.6048392368278,57.96161406759756,57.093779421556,57.103424072265625,230400,0.0,0.0
2023-10-24 00:00:00-04:00,57.20948990380087,57.87482730899344,56.90092363071561,57.53733444213867,194900,0.0,0.0
2023-10-25 00:00:00-04:00,57.43127420029461,58.97408731259431,57.43127420029461,58.15446853637695,235100,0.0,0.0
2023-10-26 00:00:00-04:00,58.318389081212686,59.76477771024581,57.86518613370823,58.7330207824707,213800,0.0,0.0
2023-10-27 00:00:00-04:00,58.40517071246449,58.482313202535494,57.83625772243817,58.18339157104492,213200,0.0,0.0
2023-10-30 00:00:00-04:00,58.64622895913456,59.562275695968744,58.64622895913456,59.39834976196289,163600,0.0,0.0
2023-10-31 00:00:00-04:00,59.745496716930674,60.72904150229299,59.745496716930674,60.16977310180664,219400,0.0,0.0
2023-11-01 00:00:00-04:00,59.78405939120281,61.51008392417368,59.62013712299922,61.43294143676758,203400,0.0,0.0
2023-11-02 00:00:00-04:00,61.529366984746765,62.657551906782494,61.40401228710811,62.64790725708008,248100,0.0,0.0
2023-11-03 00:00:00-04:00,62.67684521205675,63.49646402425632,62.599702713876816,63.149330139160156,244500,0.0,0.0
2023-11-06 00:00:00-05:00,63.06255068788008,63.25539957766112,62.725061452406464,63.05290603637695,243500,0.0,0.0
2023-11-07 00:00:00-05:00,62.78290794237731,62.78290794237731,61.86686477868632,62.04042434692383,272300,0.0,0.0
2023-11-08 00:00:00-05:00,64.84643750608805,64.84643750608805,61.384746494316495,63.51576232910156,339700,0.0,0.0
2023-11-09 00:00:00-05:00,62.91791050226202,63.255399738594264,62.377927724130416,62.45506286621094,364400,0.0,0.0
2023-11-10 00:00:00-05:00,62.4550588226033,63.13004460827993,62.34899708952028,62.80219268798828,257700,0.0,0.0
2023-11-13 00:00:00-05:00,62.28149693916905,63.660387861594586,62.28149693916905,62.917911529541016,268500,0.0,0.0
2023-11-14 00:00:00-05:00,63.663578619813435,64.58357699345028,63.49894989840244,64.331787109375,301900,0.28,0.0
2023-11-15 00:00:00-05:00,64.15747541144194,64.63199655704877,63.750743000921794,63.80884552001953,238900,0.0,0.0
2023-11-16 00:00:00-05:00,64.09936538319619,64.34146903563199,63.37305442588879,63.46989440917969,281200,0.0,0.0
2023-11-17 00:00:00-05:00,63.98316201847004,64.28336822565106,63.6345321185871,63.886322021484375,232800,0.0,0.0
2023-11-20 00:00:00-05:00,63.857265987724276,64.38021079845711,63.32463496149149,64.331787109375,234900,0.0,0.0
2023-11-21 00:00:00-05:00,64.3995742005439,65.0871477151727,64.0509443356029,64.35115051269531,271000,0.0,0.0
2023-11-22 00:00:00-05:00,64.52546388410536,65.1839861254604,64.4576751558078,64.99999237060547,272800,0.0,0.0
2023-11-24 00:00:00-05:00,65.2227262064212,66.29766707558453,65.17430990622444,65.8812484741211,159000,0.0,0.0
2023-11-27 00:00:00-05:00,65.76504196373536,66.46229430054314,65.61977828957723,66.1427230834961,272000,0.0,0.0
2023-11-28 00:00:00-05:00,66.3267105906751,66.69471284898268,65.42608476187415,66.12334442138672,321700,0.0,0.0
2023-11-29 00:00:00-05:00,65.95872211408862,66.45261565218534,65.12588492765782,65.22272491455078,326600,0.0,0.0
2023-11-30 00:00:00-05:00,65.34863413472753,65.90063027670975,65.12589547921043,65.76505279541016,267100,0.0,0.0
2023-12-01 00:00:00-05:00,65.3486280194617,66.13304157192155,65.3486280194617,65.79409790039062,206300,0.0,0.0
2023-12-04 00:00:00-05:00,65.36798817199147,66.67534645774782,65.36798817199147,66.43324279785156,432200,0.0,0.0
2023-12-05 00:00:00-05:00,66.36545726694241,67.02397954913286,66.02651360443653,66.3460922241211,328300,0.0,0.0
2023-12-06 00:00:00-05:00,66.4913671128004,66.98525336638146,65.39705360428239,65.48421478271484,243300,0.0,0.0
2023-12-07 00:00:00-05:00,65.8328413151661,66.10399627685547,65.14526030577281,66.10399627685547,233300,0.0,0.0
2023-12-08 00:00:00-05:00,67.78902418970553,69.21259487983612,66.73345578804899,68.56375885009766,726400,0.0,0.0
2023-12-11 00:00:00-05:00,68.36038948894829,69.74522279256838,68.36038948894829,69.28038787841797,372400,0.0,0.0
2023-12-12 00:00:00-05:00,68.84459936277555,70.51996009058121,68.79618305949973,70.1616439819336,414700,0.0,0.0
2023-12-13 00:00:00-05:00,70.3843899820563,71.03322614348036,69.66776507822104,70.79112243652344,394900,0.0,0.0
2023-12-14 00:00:00-05:00,70.99447202593058,71.18815937915602,69.73553747784193,70.27784729003906,272300,0.0,0.0
2023-12-15 00:00:00-05:00,69.83239300221607,70.12292040250578,68.8639781858086,69.55155181884766,797200,0.0,0.0
2023-12-18 00:00:00-05:00,69.74521349392724,70.25847941798071,69.15448740853883,69.73553466796875,251000,0.0,0.0
2023-12-19 00:00:00-05:00,69.60965074542986,70.96543289600396,69.60965074542986,70.6555404663086,234400,0.0,0.0
2023-12-20 00:00:00-05:00,70.79111953884453,71.4883793684867,70.43281079580287,70.44248962402344,365700,0.0,0.0
2023-12-21 00:00:00-05:00,70.20037666616683,71.33342743407295,70.20037666616683,71.18816375732422,249500,0.0,0.0
2023-12-22 00:00:00-05:00,71.1494320373395,72.21468677226935,70.77175088030452,71.83700561523438,242000,0.0,0.0
2023-12-26 00:00:00-05:00,72.05005942453353,72.5730042801128,71.7692182582918,71.96289825439453,198900,0.0,0.0
2023-12-27 00:00:00-05:00,71.85636433151265,72.4180466037408,71.49805563831889,72.35025787353516,197900,0.0,0.0
2023-12-28 00:00:00-05:00,72.40835135635545,72.70856488560443,72.33088380893894,72.36962127685547,147700,0.0,0.0
2023-12-29 00:00:00-05:00,72.57299501181267,72.60204626867612,71.86604907832714,72.46646881103516,164000,0.0,0.0
2024-01-02 00:00:00-05:00,72.03068988935578,72.77637342002524,72.02101106105408,72.31153106689453,256100,0.0,0.0
2024-01-03 00:00:00-05:00,71.77890145642195,72.62141753130228,71.69174028994794,71.85636901855469,239300,0.0,0.0
2024-01-04 00:00:00-05:00,72.4470976921798,73.40583351653102,71.99194162396775,72.68920135498047,455300,0.0,0.0
2024-01-05 00:00:00-05:00,72.69888902129534,74.00624734882993,72.68920280583309,73.29930877685547,413100,0.0,0.0
2024-01-08 00:00:00-05:00,73.27025889866606,73.78351750156654,72.8635191141858,73.57046508789062,223500,0.0,0.0
2024-01-09 00:00:00-05:00,72.94099730254175,73.04752351411159,72.35026372507919,72.90225982666016,173900,0.0,0.0
2024-01-10 00:00:00-05:00,72.92163509075412,73.28963004329334,72.77637139766132,73.20246887207031,161400,0.0,0.0
2024-01-11 00:00:00-05:00,73.26058511776067,73.45426513302118,72.73764021045454,73.12500762939453,170500,0.0,0.0
2024-01-12 00:00:00-05:00,73.63825236152704,73.88035602892222,72.93130640182939,73.10562133789062,176300,0.0,0.0
2024-01-16 00:00:00-05:00,72.87321603172893,73.32837218443956,72.7279523293972,73.28963470458984,179300,0.0,0.0
2024-01-17 00:00:00-05:00,72.62141399074088,73.793194854124,72.62141399074088,73.39614868164062,189100,0.0,0.0
2024-01-18 00:00:00-05:00,73.46394263477139,75.28455968285219,73.19278769020809,75.25550842285156,338000,0.0,0.0
2024-01-19 00:00:00-05:00,75.53635343967018,77.05676436080373,75.51698839482054,76.89213562011719,521100,0.0,0.0
2024-01-22 00:00:00-05:00,77.21171301031391,79.76832741691813,77.21171301031391,79.4100112915039,485300,0.0,0.0
2024-01-23 00:00:00-05:00,79.53589196034895,79.95231055232637,78.72242720676553,78.77084350585938,296000,0.0,0.0
2024-01-24 00:00:00-05:00,79.35190571576909,79.97169055482676,79.21632824400136,79.59400939941406,221600,0.0,0.0
2024-01-25 00:00:00-05:00,79.9620043387239,80.30094801814325,78.80958844028007,79.59400939941406,261600,0.0,0.0
2024-01-26 00:00:00-05:00,79.82642060350308,80.20410172928165,79.46810451999272,80.01042175292969,143800,0.0,0.0
2024-01-29 00:00:00-05:00,79.91357290274148,80.03947153462444,79.45842422786552,79.83610534667969,171500,0.0,0.0
2024-01-30 00:00:00-05:00,79.64241928846283,80.67862267546779,79.64241928846283,80.2041015625,242100,0.0,0.0
2024-01-31 00:00:00-05:00,80.204097414507,80.79483091554326,78.38348061412366,78.56747436523438,345600,0.0,0.0
2024-02-01 00:00:00-05:00,78.50937357053567,78.96452962769234,77.16327782913291,78.5965347290039,337200,0.0,0.0
2024-02-02 00:00:00-05:00,78.58684949328759,80.30094015473908,78.58684949328759,79.93294525146484,237900,0.0,0.0
2024-02-05 00:00:00-05:00,79.40032917435452,80.77548383657337,78.7708580624712,80.27190399169922,232300,0.0,0.0
2024-02-06 00:00:00-05:00,80.05884458432726,80.52368690928013,78.49969626571477,78.81927490234375,260100,0.0,0.0
2024-02-07 00:00:00-05:00,78.9548555166962,79.22601047186897,78.23823065110841,78.68370056152344,350400,0.0,0.0
2024-02-08 00:00:00-05:00,78.93548245345313,79.58431851433603,78.43190268350101,79.50684356689453,223200,0.0,0.0
2024-02-09 00:00:00-05:00,79.22599645682921,80.39777724206316,79.04200270603516,79.63273620605469,357300,0.0,0.0
2024-02-12 00:00:00-05:00,79.99106316541791,80.34937931093812,79.56496566602011,79.69085693359375,255100,0.0,0.0
2024-02-13 00:00:00-05:00,79.21632040452651,80.54304373101702,79.06137051588733,80.175048828125,352700,0.0,0.0
2024-02-14 00:00:00-05:00,80.53338084966587,81.87947687296807,80.53338084966587,81.60831451416016,337400,0.0,0.0
2024-02-15 00:00:00-05:00,82.04409967464017,82.68324957445971,81.34683986507828,81.63736724853516,335800,0.0,0.0
2024-02-16 00:00:00-05:00,81.33714475310587,82.05377691701193,80.88198868339775,80.97883605957031,262800,0.0,0.0
2024-02-20 00:00:00-05:00,80.60115485675111,81.33714467370527,80.5527311687121,80.93041229248047,276700,0.0,0.0
2024-02-21 00:00:00-05:00,81.69546628091858,82.63482974043802,81.32747134755154,82.1603012084961,246900,0.0,0.0
2024-02-22 00:00:00-05:00,82.32492820743227,82.70260931491299,81.77293217431297,82.56703186035156,257500,0.0,0.0
2024-02-23 00:00:00-05:00,82.62514054732588,82.91566790790696,82.1602982480797,82.2474594116211,214400,0.0,0.0
2024-02-26 00:00:00-05:00,82.30555717056522,83.10934308508007,82.11187720031894,82.98345184326172,232000,0.0,0.0
2024-02-27 00:00:00-05:00,82.73166950177144,83.08998560660139,82.19903845248609,82.9350357055664,260700,0.0,0.0
2024-02-28 00:00:00-05:00,84.73627993935033,93.54885157535931,84.25207262541119,91.9993896484375,962900,0.0,0.0
2024-02-29 00:00:00-05:00,91.1375022933196,91.66044708513861,86.85711136094069,88.70677947998047,742100,0.0,0.0
2024-03-01 00:00:00-05:00,89.14257346141171,90.15940443337307,88.12573510103276,88.91014862060547,433400,0.0,0.0
2024-03-04 00:00:00-05:00,88.64868479928198,89.55899700493374,88.05795122605069,88.22257995605469,295700,0.0,0.0
2024-03-05 00:00:00-05:00,87.82417266688428,89.43723366134277,87.82417266688428,88.2614517211914,305200,0.31,0.0
2024-03-06 00:00:00-05:00,88.33918253134557,89.10683579601385,87.80473287756912,88.68899536132812,274700,0.0,0.0
2024-03-07 00:00:00-05:00,88.85420237281787,89.51497318555252,88.40721144268053,88.70844268798828,321500,0.0,0.0
2024-03-08 00:00:00-05:00,88.65013047771743,89.03881303618338,87.31886973267332,87.74642944335938,268700,0.0,0.0
2024-03-11 00:00:00-04:00,87.20226564730423,87.48406570832236,86.62895365028616,86.95933532714844,394600,0.0,0.0
2024-03-12 00:00:00-04:00,87.00791869529259,88.80560146474663,86.32770939492852,88.32946014404297,516100,0.0,0.0
2024-03-13 00:00:00-04:00,88.6404057300871,89.10682773697602,87.81444422375301,88.0865249633789,370400,0.0,0.0
2024-03-14 00:00:00-04:00,88.45579403396302,88.85420334929924,87.52294241990566,88.13512420654297,358600,0.0,0.0
2024-03-15 00:00:00-04:00,87.83389195617436,89.16515287038483,87.83389195617436,88.2614517211914,1069100,0.0,0.0
2024-03-18 00:00:00-04:00,88.26145395370297,88.88335503837894,87.67842261352496,88.00880432128906,421100,0.0,0.0
2024-03-19 00:00:00-04:00,87.97964981582264,89.28175283515101,87.97964981582264,88.9708023071289,503800,0.0,0.0
2024-03-20 00:00:00-04:00,88.71814897001636,90.5547014541276,88.03793967842124,90.2340316772461,413200,0.0,0.0
2024-03-21 00:00:00-04:00,90.23403425528738,90.52555359053481,88.99023226370173,89.09712219238281,424800,0.0,0.0
2024-03-22 00:00:00-04:00,88.43635275627429,89.15542440316044,86.46375981124855,87.04679107666016,370100,0.0,0.0
2024-03-25 00:00:00-04:00,87.48406340381156,88.16427273051669,87.04679180450778,87.35774230957031,467600,0.0,0.0
2024-03-26 00:00:00-04:00,87.6006747455633,88.3974858974426,86.77471314151016,87.2508544921875,511600,0.0,0.0
2024-03-27 00:00:00-04:00,87.31887478267039,87.33830594625964,84.46201184812547,84.87985229492188,922000,0.0,0.0
2024-03-28 00:00:00-04:00,85.1422162181571,85.71552818111026,84.61748586816147,84.78267669677734,786600,0.0,0.0
2024-04-01 00:00:00-04:00,84.30654867979912,84.3259798453201,82.7906582915605,83.111328125,596500,0.0,0.0
2024-04-02 00:00:00-04:00,82.90726344558837,83.35425436703134,82.18819173836665,82.58659362792969,597200,0.0,0.0
2024-04-03 00:00:00-04:00,82.77121726960696,83.96643768207872,82.24648689927632,82.32422637939453,395600,0.0,0.0
2024-04-04 00:00:00-04:00,82.57688295781705,82.98500414244236,80.67230260227461,80.97354125976562,392300,0.0,0.0
2024-04-05 00:00:00-04:00,81.37193290016543,82.30478438187926,81.2747622608786,81.51769256591797,378300,0.0,0.0
2024-04-08 00:00:00-04:00,81.23588625346271,81.78005513603568,80.7888954163219,81.09984588623047,288400,0.0,0.0
2024-04-09 00:00:00-04:00,81.05128066784913,81.62459270088887,79.45765084694459,80.07955932617188,510700,0.0,0.0
2024-04-10 00:00:00-04:00,79.89493355018487,80.49739606482494,78.86491125330024,78.96208190917969,401500,0.0,0.0
2024-04-11 00:00:00-04:00,78.74829327075271,78.74829327075271,77.19354070844489,77.31014251708984,788400,0.0,0.0
2024-04-12 00:00:00-04:00,77.39759541436398,78.00005781636868,76.70767424886684,77.19353485107422,469400,0.0,0.0
2024-04-15 00:00:00-04:00,77.77657381563355,78.3013042077702,76.0566229613559,76.60079193115234,489600,0.0,0.0
2024-04-16 00:00:00-04:00,76.70766883219653,76.70766883219653,75.86226877514117,76.2023696899414,337100,0.0,0.0
2024-04-17 00:00:00-04:00,75.99831171288578,76.38700166308692,74.59903085761934,74.9197006225586,405800,0.0,0.0
2024-04-18 00:00:00-04:00,75.59019449777361,76.3092661238431,73.78279243776942,74.10346221923828,543900,0.0,0.0
2024-04-19 00:00:00-04:00,74.30752459721553,75.43471738337563,73.99657409617363,75.32782745361328,555500,0.0,0.0
2024-04-22 00:00:00-04:00,75.86228199126023,76.23153341827938,75.28896997981114,75.57076263427734,334700,0.0,0.0
2024-04-23 00:00:00-04:00,75.85255571964454,76.97975588832372,75.85255571964454,76.6202163696289,439500,0.0,0.0
2024-04-24 00:00:00-04:00,76.20238808762963,77.25184894693848,76.08578626791467,76.26069641113281,379000,0.0,0.0
2024-04-25 00:00:00-04:00,76.07606233049357,76.26069175195653,75.03632082423294,75.72624206542969,414800,0.0,0.0
2024-04-26 00:00:00-04:00,75.25009666238779,76.64937023394026,74.61847636136706,76.24124908447266,388800,0.0,0.0
2024-04-29 00:00:00-04:00,76.4841788371204,76.99918991437492,75.82340808937151,76.23152923583984,424800,0.0,0.0
2024-04-30 00:00:00-04:00,75.75539203812245,76.02747281730316,74.2783789167221,74.53102111816406,335400,0.0,0.0
2024-05-01 00:00:00-04:00,73.93826535615956,75.78453718897323,73.93826535615956,74.87112426757812,539700,0.0,0.0
2024-05-02 00:00:00-04:00,75.67764383634467,75.93029342232646,74.96829151714785,75.25009155273438,401300,0.0,0.0
2024-05-03 00:00:00-04:00,75.19178947060726,76.09549055146105,74.35610858234912,75.66793823242188,498000,0.0,0.0
2024-05-06 00:00:00-04:00,76.05661530605634,76.74654388427734,76.05661530605634,76.74654388427734,514400,0.0,0.0
2024-05-07 00:00:00-04:00,76.28010916007972,77.1740908257386,76.1537880813379,76.2023696899414,790300,0.0,0.0
2024-05-08 00:00:00-04:00,77.36844727075307,80.48767154027055,77.36844727075307,79.75888061523438,675700,0.0,0.0
2024-05-09 00:00:00-04:00,79.05924385284733,79.20500352742691,77.26156096941915,77.75713348388672,588600,0.0,0.0
2024-05-10 00:00:00-04:00,77.76685820496964,77.78629678354882,76.49390561291774,76.97004699707031,382800,0.0,0.0
2024-05-13 00:00:00-04:00,76.9020231034935,77.57251317298713,75.92058251448671,76.15380096435547,458600,0.0,0.0
2024-05-14 00:00:00-04:00,75.91965331044122,76.25135445952488,75.37333076264045,75.66600036621094,569800,0.31,0.0
2024-05-15 00:00:00-04:00,75.50991835156964,76.30989391725211,75.10017640299532,75.5391845703125,302400,0.0,0.0
2024-05-16 00:00:00-04:00,76.07575622618278,76.35866796756972,75.18797456699654,75.46113586425781,254700,0.0,0.0
2024-05-17 00:00:00-04:00,75.34407035673753,75.68552197544399,74.924570527159,75.35382080078125,276600,0.0,0.0
2024-05-20 00:00:00-04:00,75.44162302103268,75.47088923783365,73.27583366072183,73.3733901977539,406700,0.0,0.0
2024-05-21 00:00:00-04:00,73.4709484004323,73.88069777419507,73.13925467838614,73.65631103515625,250300,0.0,0.0
2024-05-22 00:00:00-04:00,73.49046670318312,74.23190238142047,73.40266060468124,74.0855712890625,261200,0.0,0.0
2024-05-23 00:00:00-04:00,74.36848633794598,74.5538415256562,73.25631799625133,73.38314819335938,282100,0.0,0.0
2024-05-24 00:00:00-04:00,73.8026452873577,74.42701603402837,73.79288740107293,74.2221450805664,255000,0.0,0.0
2024-05-28 00:00:00-04:00,74.1148332447808,74.1245911314058,73.03193856509252,73.3538818359375,304500,0.0,0.0
2024-05-29 00:00:00-04:00,73.19778314934791,74.68066926066128,72.92462187702345,74.28067779541016,431800,0.0,0.0
2024-05-30 00:00:00-04:00,74.3197065263767,75.15870616824847,74.14410177707595,75.08065795898438,357500,0.0,0.0
2024-05-31 00:00:00-04:00,74.21238888659886,75.86112188126292,74.00751792846508,75.82209777832031,370600,0.0,0.0
2024-06-03 00:00:00-04:00,76.3586728216828,76.47574514641724,75.92942251716504,76.30014038085938,324200,0.0,0.0
2024-06-04 00:00:00-04:00,75.99770419104252,76.53426887135649,75.43186585056297,76.10501861572266,338900,0.0,0.0
2024-06-05 00:00:00-04:00,76.25135445952488,76.36841932371848,75.13918614808028,75.66600036621094,361800,0.0,0.0
2024-06-06 00:00:00-04:00,75.93916164011132,76.63183015432705,75.46112941078566,75.66600036621094,391000,0.0,0.0
2024-06-07 00:00:00-04:00,75.5586980308578,76.1928267713186,75.07090783713221,75.10993194580078,301200,0.0,0.0
2024-06-10 00:00:00-04:00,74.76847105606134,74.76847105606134,73.49046328827349,73.50997161865234,523600,0.0,0.0
2024-06-11 00:00:00-04:00,73.25631708977176,73.38314728531041,71.81246249401117,71.9197769165039,549300,0.0,0.0
2024-06-12 00:00:00-04:00,72.16367377439775,73.94898745512566,72.16367377439775,73.54899597167969,641800,0.0,0.0
2024-06-13 00:00:00-04:00,74.49531340414555,75.09041799138542,73.29534634245726,74.13434600830078,543900,0.0,0.0
2024-06-14 00:00:00-04:00,73.30510157045461,73.90996402296106,73.17827881369269,73.67581939697266,320400,0.0,0.0
2024-06-17 00:00:00-04:00,73.73436324561537,75.87087911043156,73.73436324561537,75.69527435302734,453500,0.0,0.0
2024-06-18 00:00:00-04:00,75.60746893367924,76.0464770663821,75.32454976966024,75.82209777832031,435400,0.0,0.0
2024-06-20 00:00:00-04:00,75.84160306168225,76.64157853215421,75.5489334659991,76.61231231689453,421400,0.0,0.0
2024-06-21 00:00:00-04:00,76.42695722568021,76.93426315044857,75.0709012024174,75.26602172851562,1813700,0.0,0.0
2024-06-24 00:00:00-04:00,75.07090007205464,76.14404434171868,74.93431942738593,75.08065795898438,413000,0.0,0.0
2024-06-25 00:00:00-04:00,75.06116241073843,75.23676718994378,74.52459018453095,74.65141296386719,324500,0.0,0.0
2024-06-26 00:00:00-04:00,74.76848047520194,74.76848047520194,73.16852923145449,73.79290008544922,352000,0.0,0.0
2024-06-27 00:00:00-04:00,73.74411142741809,75.54894093990046,73.50021635201095,75.28553009033203,293700,0.0,0.0
2024-06-28 00:00:00-04:00,75.6172312324054,75.9099008569222,74.93432055569217,75.26602172851562,808200,0.0,0.0
2024-07-01 00:00:00-04:00,75.99769761449686,77.1879066266175,75.79282666958716,76.2806167602539,516200,0.0,0.0
2024-07-02 00:00:00-04:00,75.60746636175415,76.60255490213795,75.28552310574402,75.39283752441406,381900,0.0,0.0
2024-07-03 00:00:00-04:00,75.26601888402813,76.46597844106294,75.17821278983058,76.09526062011719,235200,0.0,0.0
2024-07-05 00:00:00-04:00,75.8513625543622,76.21232991741175,74.05629851160926,74.28067779541016,472500,0.0,0.0
2024-07-08 00:00:00-04:00,74.74896271441348,76.20257522773896,74.72944694095081,74.8270034790039,246200,0.0,0.0
2024-07-09 00:00:00-04:00,78.15373555764504,78.90492908609335,76.95376855776485,78.72932434082031,544100,0.0,0.0
2024-07-10 00:00:00-04:00,78.9049364268122,79.3244362771534,78.13422705325107,78.65129089355469,410800,0.0,0.0
2024-07-11 00:00:00-04:00,78.02691497042827,79.41223719768539,78.02691497042827,79.10980224609375,212100,0.0,0.0
2024-07-12 00:00:00-04:00,79.4122335565048,80.48537033907515,78.45616163994313,78.48542785644531,355400,0.0,0.0
2024-07-15 00:00:00-04:00,78.58299568515837,79.98782624768803,78.58299568515837,79.1488265991211,359200,0.0,0.0
2024-07-16 00:00:00-04:00,79.56832378487694,80.5731702638171,79.56832378487694,79.9975814819336,376700,0.0,0.0
2024-07-17 00:00:00-04:00,80.10490239136297,80.95365996750633,79.6658942151676,79.79271697998047,321300,0.0,0.0
2024-07-18 00:00:00-04:00,79.5390602054687,80.70976102451155,79.10005205025699,79.1488265991211,229500,0.0,0.0
2024-07-19 00:00:00-04:00,78.81713895919246,79.51955801625228,77.36352629244162,77.52937316894531,309800,0.0,0.0
2024-07-22 00:00:00-04:00,77.74399787387289,78.45616733743215,77.11962706619607,78.14398193359375,446400,0.0,0.0
2024-07-23 00:00:00-04:00,78.35861481614427,79.04151809612674,77.93911496041575,78.82689666748047,488800,0.0,0.0
2024-07-24 00:00:00-04:00,79.31467709852646,79.87075754187478,78.2025162118298,78.47567749023438,369700,0.0,0.0
2024-07-25 00:00:00-04:00,78.75859213474223,80.48536579873907,78.48542342892988,79.00248718261719,303200,0.0,0.0
2024-07-26 00:00:00-04:00,79.59759283880298,80.67073711969287,79.45126174876071,80.5048828125,326900,0.0,0.0
2024-07-29 00:00:00-04:00,80.94389421299064,81.54874920202099,78.36836295863239,78.4659194946289,273600,0.0,0.0
2024-07-30 00:00:00-04:00,79.00249387286276,80.49513050136616,78.97322021244635,80.15367889404297,264700,0.0,0.0
2024-07-31 00:00:00-04:00,80.38782487531833,81.21706671047139,79.75369613911154,80.35855865478516,208800,0.0,0.0
2024-08-01 00:00:00-04:00,80.6317044615382,81.21705108887684,78.41713325471024,79.03175354003906,347600,0.0,0.0
2024-08-02 00:00:00-04:00,77.88057559563185,78.81713177194558,76.62207614034212,77.64643096923828,250700,0.0,0.0
2024-08-05 00:00:00-04:00,75.66599876056232,76.09525643506055,72.97340273803619,74.0953140258789,393200,0.0,0.0
2024-08-06 00:00:00-04:00,74.38800478503589,76.21234279501326,74.38800478503589,75.14895629882812,369000,0.0,0.0
2024-08-07 00:00:00-04:00,75.6074761565173,75.7830809149914,74.3294682961757,74.4270248413086,360800,0.0,0.0
2024-08-08 00:00:00-04:00,71.61735373698316,73.90020807718062,70.79786241067254,72.66122436523438,522100,0.0,0.0
2024-08-09 00:00:00-04:00,72.54414924986919,72.62219745757034,71.21735949129672,72.19293975830078,408600,0.0,0.0
2024-08-12 00:00:00-04:00,72.31001590427192,73.14901557383241,72.08562915600415,72.85633850097656,349000,0.0,0.0
2024-08-13 00:00:00-04:00,73.22706303167298,73.90997378302292,72.53440183526776,72.70024871826172,424200,0.0,0.0
2024-08-14 00:00:00-04:00,73.20755057003304,73.84167928799435,72.63195429145397,73.30510711669922,506800,0.0,0.0
2024-08-15 00:00:00-04:00,73.87093331346803,74.54408602759285,73.42216731841354,73.8514175415039,261400,0.0,0.0
2024-08-16 00:00:00-04:00,74.0075276290568,75.00261633372234,74.0075276290568,74.88555145263672,234400,0.0,0.0
2024-08-19 00:00:00-04:00,74.81724619834368,75.51966511707577,74.38798853843274,74.96357727050781,248300,0.0,0.0
2024-08-20 00:00:00-04:00,74.93432092718966,74.98310291972781,73.7928937554326,74.02703094482422,280100,0.0,0.0
2024-08-21 00:00:00-04:00,74.7029459189229,75.63354608492999,74.39927033350259,75.5453872680664,326800,0.31,0.0
2024-08-22 00:00:00-04:00,75.35925840347437,76.02537459363296,75.05559031521439,75.74129486083984,203100,0.0,0.0
2024-08-23 00:00:00-04:00,75.8392641958194,77.20088307255375,75.7511053711311,76.4955825805664,195600,0.0,0.0
2024-08-26 00:00:00-04:00,76.92659433581942,77.55352638965815,76.06456463019606,76.16252136230469,309600,0.0,0.0
2024-08-27 00:00:00-04:00,76.36823134898671,76.59353855498495,76.02537905604979,76.21150207519531,256100,0.0,0.0
2024-08-28 00:00:00-04:00,76.15272777748159,77.38700359837304,76.15272777748159,77.24986267089844,281000,0.0,0.0
2024-08-29 00:00:00-04:00,77.4457684731136,78.41556025882508,76.71108180288208,78.07270050048828,255600,0.0,0.0
2024-08-30 00:00:00-04:00,78.39597181304701,78.6898494982672,77.46537159921643,78.44495391845703,263500,0.0,0.0
2024-09-03 00:00:00-04:00,78.16087742702817,78.89556419727063,77.72006088071052,78.5918960571289,619700,0.0,0.0
2024-09-04 00:00:00-04:00,78.67025805770676,80.32575466118483,77.89638708547797,78.0923080444336,430000,0.0,0.0
2024-09-05 00:00:00-04:00,78.68005196714789,78.68005196714789,76.66211477120443,77.24986267089844,266100,0.0,0.0
2024-09-06 00:00:00-04:00,76.76986287668448,77.65148091421825,76.31925594289939,76.3388442993164,475100,0.0,0.0
2024-09-09 00:00:00-04:00,73.95846296152362,75.45722267079256,73.56662855044722,74.71273803710938,490200,0.0,0.0
2024-09-10 00:00:00-04:00,74.93804382676682,75.37885285982935,74.06621620235805,75.17314147949219,407900,0.0,0.0
2024-09-11 00:00:00-04:00,74.65396486535961,75.2613085711174,74.21315582760651,74.840087890625,595900,0.0,0.0
2024-09-12 00:00:00-04:00,74.76172350648811,76.11354443825293,74.76172350648811,75.47682189941406,326300,0.0,0.0
2024-09-13 00:00:00-04:00,75.78049333802312,78.6114858117336,75.68253659497557,78.54291534423828,414100,0.0,0.0
2024-09-16 00:00:00-04:00,79.00330607069696,79.54207179752099,78.36657614479668,79.0718765258789,340900,0.0,0.0
2024-09-17 00:00:00-04:00,79.41473567823252,79.64983333441043,78.90535617757706,79.19922637939453,367800,0.0,0.0
2024-09-18 00:00:00-04:00,79.4539235245723,80.46289213047578,79.32658051195052,79.591064453125,428400,0.0,0.0
2024-09-19 00:00:00-04:00,80.22778382134503,80.48247728642384,79.30697416010409,79.4832992553711,417900,0.0,0.0
2024-09-20 00:00:00-04:00,79.2482066954169,80.02207758123205,78.67024927306045,79.41473388671875,1467000,0.0,0.0
2024-09-23 00:00:00-04:00,79.1012696269145,80.31594956943873,79.00331289299831,79.40493774414062,390000,0.0,0.0
2024-09-24 00:00:00-04:00,79.70861268605556,79.70861268605556,77.88658905029297,77.88658905029297,313700,0.0,0.0
2024-09-25 00:00:00-04:00,78.19024872975542,78.45473262800493,77.58290509214922,77.80821228027344,290000,0.0,0.0
2024-09-26 00:00:00-04:00,77.80822313700159,78.87596426694317,77.80822313700159,78.57229614257812,453600,0.0,0.0
2024-09-27 00:00:00-04:00,78.8857596858952,79.12085734010401,77.76903648637872,77.88658905029297,362200,0.0,0.0
2024-09-30 00:00:00-04:00,78.317605902366,78.33720173459565,77.2008826211228,77.8963851928711,299700,0.0,0.0
2024-10-01 00:00:00-04:00,77.44577358353624,77.91597637190422,76.77965732629313,77.38700103759766,332500,0.0,0.0
2024-10-02 00:00:00-04:00,77.38699718003927,79.2677932925184,77.38699718003927,79.21881866455078,341600,0.0,0.0
2024-10-03 00:00:00-04:00,79.22861562085812,79.53229122315369,78.44495424636187,78.89556121826172,296900,0.0,0.0
2024-10-04 00:00:00-04:00,79.698808682321,81.18777034339192,79.698808682321,81.12899780273438,249700,0.0,0.0
2024-10-07 00:00:00-04:00,80.78614902147767,81.04084249804505,78.16086830331533,78.64086151123047,390600,0.0,0.0
2024-10-08 00:00:00-04:00,78.9053572537513,80.01228256223838,78.7682163296421,79.93391418457031,373200,0.0,0.0
2024-10-09 00:00:00-04:00,79.75758334314709,81.94205500362382,79.75758334314709,81.15838623046875,361600,0.0,0.0
2024-10-10 00:00:00-04:00,81.71675979002114,82.4318582109494,81.59921468833787,82.24573516845703,294000,0.0,0.0
2024-10-11 00:00:00-04:00,82.43185234137323,83.05878441777782,81.77553399164027,82.23593139648438,530200,0.0,0.0
2024-10-14 00:00:00-04:00,82.52001266309874,82.90204917055965,82.30450335660899,82.59838104248047,444300,0.0,0.0
2024-10-15 00:00:00-04:00,83.0000134868128,83.55837511178042,81.7755355834961,81.7755355834961,348500,0.0,0.0
2024-10-16 00:00:00-04:00,82.06939785945595,83.41142820221089,82.00082740244623,83.38204193115234,221700,0.0,0.0
2024-10-17 00:00:00-04:00,83.989381454412,85.87997552809155,83.989381454412,85.79181671142578,272000,0.0,0.0
2024-10-18 00:00:00-04:00,85.91916179532821,85.91916179532821,84.23427906003793,84.99835205078125,214200,0.0,0.0
2024-10-21 00:00:00-04:00,84.70448702688388,84.85142587415409,83.2155176691889,83.28408813476562,214100,0.0,0.0
2024-10-22 00:00:00-04:00,82.95102868944797,83.5093902962966,82.21634197129873,82.94123077392578,162800,0.0,0.0
2024-10-23 00:00:00-04:00,82.9216413031339,82.93143921852453,81.94205902542085,82.4122543334961,223400,0.0,0.0
2024-10-24 00:00:00-04:00,82.9510294099631,83.63673403007719,82.52980872228734,83.43102264404297,215300,0.0,0.0
2024-10-25 00:00:00-04:00,83.21551900161066,83.21551900161066,80.89391357732556,81.34452056884766,160200,0.0,0.0
2024-10-28 00:00:00-04:00,81.99104129335322,83.53878322999495,81.99104129335322,83.02940368652344,213400,0.0,0.0
2024-10-29 00:00:00-04:00,82.84326933251839,83.47999928012686,82.45143494371167,83.25469207763672,197300,0.0,0.0
2024-10-30 00:00:00-04:00,83.23511393701911,84.82203256970546,83.09797300514795,83.94041442871094,313200,0.0,0.0
2024-10-31 00:00:00-04:00,84.10693462062912,84.50855946657755,81.73634731186328,81.75593566894531,344100,0.0,0.0
2024-11-01 00:00:00-04:00,81.83431502940113,82.80409951796094,80.81554843113177,80.87432098388672,294600,0.0,0.0
2024-11-04 00:00:00-05:00,80.6881959698785,81.25634801849417,79.71840412114639,79.85554504394531,192300,0.0,0.0
2024-11-05 00:00:00-05:00,79.69881697063619,81.00166323057528,79.69881697063619,80.79595184326172,144600,0.0,0.0
2024-11-06 00:00:00-05:00,84.47917465211984,86.46772550633845,83.36245143868061,86.43833923339844,244300,0.0,0.0
2024-11-07 00:00:00-05:00,85.8897656278296,85.8897656278296,84.71427000419936,84.76324462890625,174400,0.0,0.0
2024-11-08 00:00:00-05:00,85.1159039355729,86.02691575731801,84.69468325511828,85.74283599853516,353300,0.0,0.0
2024-11-11 00:00:00-05:00,86.14447330035941,88.91668564032972,86.06610491955497,87.73139190673828,364500,0.0,0.0
2024-11-12 00:00:00-05:00,93.06032187513667,93.56970140121825,89.2301513558855,89.54362487792969,896300,0.0,0.0
2024-11-13 00:00:00-05:00,88.97546976333386,89.41627884683898,87.03589335394628,87.13385009765625,439200,0.0,0.0
2024-11-14 00:00:00-05:00,87.81954963021039,89.98442549165186,87.73138334200756,89.67095947265625,404600,0.0,0.0
2024-11-15 00:00:00-05:00,89.63177809743412,90.77788756468343,88.32893187896117,89.16157531738281,353800,0.0,0.0
2024-11-18 00:00:00-05:00,90.55258496735168,91.15013073368816,89.65136362351376,90.08238220214844,293500,0.0,0.0
2024-11-19 00:00:00-05:00,89.61220040560704,90.76810792578397,88.8971019718755,89.68077087402344,263200,0.0,0.0
2024-11-20 00:00:00-05:00,89.93545208798916,89.93545208798916,88.84811509458383,89.37709045410156,220100,0.0,0.0
2024-11-21 00:00:00-05:00,89.66117240653242,90.4448412856544,89.04403820891756,90.22933197021484,251600,0.0,0.0
2024-11-22 00:00:00-05:00,90.06223449566568,92.1852811196918,89.93446145766436,91.49725341796875,257200,0.31,0.0
2024-11-25 00:00:00-05:00,92.41133547590644,94.16088637205588,91.91989036435888,93.06987762451172,449400,0.0,0.0
2024-11-26 00:00:00-05:00,92.41133251249015,92.45064902001604,91.32033129878914,91.72331237792969,328700,0.0,0.0
2024-11-27 00:00:00-05:00,92.5489428416706,93.35491248838815,91.64467817798067,91.81177520751953,177900,0.0,0.0
2024-11-29 00:00:00-05:00,91.64468159942476,92.22459072601276,91.4186210492053,91.68399810791016,124600,0.0,0.0
2024-12-02 00:00:00-05:00,91.42845444928005,91.46777096202145,90.11138501730467,90.51436614990234,243600,0.0,0.0
2024-12-03 00:00:00-05:00,90.69127655029297,91.04511762647688,90.00325640152272,90.69127655029297,217000,0.0,0.0
2024-12-04 00:00:00-05:00,89.9934242437581,91.05494745867453,89.82633470961119,90.18017578125,203300,0.0,0.0
2024-12-05 00:00:00-05:00,90.57333560927152,91.08443522607318,90.10154500242153,90.14086151123047,163700,0.0,0.0
2024-12-06 00:00:00-05:00,90.19001201175325,90.19001201175325,88.74516213527141,89.15797424316406,177800,0.0,0.0
2024-12-09 00:00:00-05:00,88.98106229336832,89.14815185334456,88.05714296361555,88.1456069946289,220800,0.0,0.0
2024-12-10 00:00:00-05:00,88.10627325252639,88.10627325252639,86.0028889121827,86.84817504882812,281500,0.0,0.0
2024-12-11 00:00:00-05:00,86.98578759771962,88.92208260055952,86.5139969756584,88.62721252441406,257500,0.0,0.0
2024-12-12 00:00:00-05:00,88.78447537148537,89.84599860880107,88.64687134059527,89.14813995361328,405800,0.0,0.0
2024-12-13 00:00:00-05:00,89.0498548507228,89.98360508439677,88.24388514838785,88.50926971435547,509800,0.0,0.0
2024-12-16 00:00:00-05:00,88.37166841335389,89.59045025727553,88.16525485616847,88.72550201416016,297600,0.0,0.0
2024-12-17 00:00:00-05:00,88.46011777292739,88.61738380397512,86.66142691181884,87.3887710571289,360700,0.0,0.0
2024-12-18 00:00:00-05:00,87.30031628301613,87.77210692725382,84.1157538056999,84.30249786376953,307700,0.0,0.0
2024-12-19 00:00:00-05:00,84.78412371879945,85.52129148154394,84.23370002339328,84.43028259277344,263000,0.0,0.0
2024-12-20 00:00:00-05:00,84.17471903766645,86.69091563700678,84.17471903766645,86.19947052001953,1152800,0.0,0.0
2024-12-23 00:00:00-05:00,85.45248100789972,86.70074832989421,84.89223386356244,86.5041732788086,209900,0.0,0.0
2024-12-24 00:00:00-05:00,87.06442191212408,87.44774851749696,86.6319477937105,87.40843200683594,85300,0.0,0.0
2024-12-26 00:00:00-05:00,87.31014635905004,88.31269115648506,86.87767223132703,88.10628509521484,127700,0.0,0.0
2024-12-27 00:00:00-05:00,87.97850785834832,88.6960135372568,87.12339064630247,88.04730987548828,227300,0.0,0.0
2024-12-30 00:00:00-05:00,87.01526496974805,88.32251068685223,86.64176940722837,87.84089660644531,172000,0.0,0.0
2024-12-31 00:00:00-05:00,88.38149142048802,88.90242206460665,87.75244224658728,88.46995544433594,227300,0.0,0.0
2025-01-02 00:00:00-05:00,88.8336254136766,89.48233663157013,87.75244754937883,87.978515625,189100,0.0,0.0
2025-01-03 00:00:00-05:00,88.52892590565945,88.93191451392981,87.89004573337044,88.74516296386719,202100,0.0,0.0
2025-01-06 00:00:00-05:00,88.79429482233428,90.07205504955384,88.1750767115871,88.4207992553711,257200,0.0,0.0
2025-01-07 00:00:00-05:00,88.78447079410537,89.17762836160344,87.65414559961977,88.09644317626953,188000,0.0,0.0
2025-01-08 00:00:00-05:00,87.92936173598173,87.968678246234,86.9366404739698,87.29048156738281,175400,0.0,0.0
2025-01-10 00:00:00-05:00,85.81615151790167,86.00290307850672,83.70294332705907,84.6072006225586,225000,0.0,0.0
2025-01-13 00:00:00-05:00,83.84054080716815,85.23624315382956,83.79139329542843,85.18709564208984,252600,0.0,0.0
2025-01-14 00:00:00-05:00,85.95374580635259,87.46739762858343,85.78665627049224,87.36911010742188,233700,0.0,0.0
2025-01-15 00:00:00-05:00,88.92208177343585,89.3447248792557,88.54857868061147,89.04002380371094,174100,0.0,0.0
2025-01-16 00:00:00-05:00,89.34471878980517,90.1506884368017,89.00070872685366,90.0130844116211,171400,0.0,0.0
2025-01-17 00:00:00-05:00,89.9836095372179,91.00580884536862,89.78702697883672,90.16053009033203,181800,0.0,0.0
2025-01-21 00:00:00-05:00,90.34726883680129,91.11392202228102,90.15069378883223,90.65196990966797,200800,0.0,0.0
2025-01-22 00:00:00-05:00,90.65197306628389,90.8288936151596,90.07206390652439,90.66179656982422,198900,0.0,0.0
2025-01-23 00:00:00-05:00,90.62247745885179,91.14341558699128,89.85582426867389,90.30795288085938,237700,0.0,0.0
2025-01-24 00:00:00-05:00,89.993429837972,91.09426962915225,89.993429837972,90.68145751953125,169600,0.0,0.0
2025-01-27 00:00:00-05:00,90.95666569548038,92.53911961634148,90.74042863814171,92.27373504638672,200800,0.0,0.0
2025-01-28 00:00:00-05:00,92.45065148054667,93.41388719342444,92.10664140411076,92.74552154541016,155500,0.0,0.0
2025-01-29 00:00:00-05:00,92.37203579463554,93.75790724975313,92.1951152366569,92.70621490478516,175400,0.0,0.0
2025-01-30 00:00:00-05:00,93.50233840890255,94.848900630394,92.79466379132172,93.8365249633789,252900,0.0,0.0
2025-01-31 00:00:00-05:00,93.3254325352576,93.99379825031109,92.65706682020414,92.9814224243164,317700,0.0,0.0
2025-02-03 00:00:00-05:00,90.84854833177047,92.01819015754214,88.91225329204545,91.1237564086914,185500,0.0,0.0
2025-02-04 00:00:00-05:00,91.15323244450992,92.11646811249203,90.81905338550723,90.95665740966797,228000,0.0,0.0
2025-02-05 00:00:00-05:00,91.634854675369,91.95920273526417,90.66178799911258,91.81177520751953,198900,0.0,0.0
2025-02-06 00:00:00-05:00,92.60791476438105,92.60791476438105,91.36947102713633,92.46047973632812,198400,0.0,0.0
2025-02-07 00:00:00-05:00,92.2639086588594,92.45065270347642,91.68399952331883,92.12630462646484,197900,0.0,0.0
2025-02-10 00:00:00-05:00,92.12630531325931,92.12630531325931,89.64941771397726,90.05240631103516,309000,0.0,0.0
2025-02-11 00:00:00-05:00,90.0327448124732,90.76008149304488,89.6985657291064,90.30795288085938,252100,0.0,0.0
2025-02-12 00:00:00-05:00,89.4430085572893,89.95410816383381,88.725495408926,89.37420654296875,287400,0.0,0.0
2025-02-13 00:00:00-05:00,89.46265963308805,90.79939085910422,88.6665209980552,90.6323013305664,201700,0.0,0.0
2025-02-14 00:00:00-05:00,90.30795312117047,90.79939824426995,89.00071479285755,89.04002380371094,320400,0.0,0.0
2025-02-18 00:00:00-05:00,89.23660131456329,91.01563016011691,89.23660131456329,89.99342346191406,250500,0.0,0.0
2025-02-19 00:00:00-05:00,90.31777783448644,90.99597445677527,89.43317517473076,90.0818862915039,256500,0.0,0.0
2025-02-20 00:00:00-05:00,89.59043791991823,90.23914151406511,88.8434393125114,89.47248840332031,209000,0.0,0.0
2025-02-21 00:00:00-05:00,89.68873316113321,89.68873316113321,87.95884426294802,88.27336883544922,276400,0.0,0.0
2025-02-24 00:00:00-05:00,88.9908835098686,90.24898182121561,88.91225049069504,89.2464370727539,254900,0.0,0.0
2025-02-25 00:00:00-05:00,89.70839103682859,91.17290292840363,89.36438094442619,90.54385375976562,365200,0.0,0.0
2025-02-26 00:00:00-05:00,90.30795237375452,91.32033561800093,89.97377329226424,90.05240631103516,265100,0.0,0.0
2025-02-27 00:00:00-05:00,90.36693622199935,91.52674707133795,90.36693622199935,90.62248229980469,232300,0.0,0.0
2025-02-28 00:00:00-05:00,85.51145221629844,87.36911419901976,83.35892015742617,85.83580780029297,752700,0.0,0.0
2025-03-03 00:00:00-05:00,86.68109586005413,89.51181715599783,86.59263183578774,88.2635498046875,585300,0.0,0.0
2025-03-04 00:00:00-05:00,86.99561731048375,87.09390483478954,85.09863884583788,85.32469940185547,321400,0.0,0.0
2025-03-05 00:00:00-05:00,85.41351145844543,86.48907833662655,84.63397409530143,85.57139587402344,282300,0.34,0.0
2025-03-06 00:00:00-05:00,84.98920294741909,85.13721769874708,83.43013581468082,83.5880126953125,306300,0.0,0.0
2025-03-07 00:00:00-05:00,83.5485403363846,84.77212190250485,82.67032902761582,84.13072967529297,262800,0.0,0.0
2025-03-10 00:00:00-04:00,83.17358322709757,84.35768626379,81.77239287706469,81.80199432373047,392400,0.0,0.0
2025-03-11 00:00:00-04:00,81.55529770787352,82.59138588309186,81.55529770787352,81.91053009033203,292400,0.0,0.0
2025-03-12 00:00:00-04:00,82.2361587355512,83.03543541113392,81.17046904867969,82.88742065429688,333700,0.0,0.0
2025-03-13 00:00:00-04:00,83.29199417016612,83.61761760256036,82.60126114481288,83.02556610107422,209200,0.0,0.0
2025-03-14 00:00:00-04:00,83.47947354812085,85.24576594497694,83.00583535234044,85.13722229003906,231700,0.0,0.0
2025-03-17 00:00:00-04:00,85.17668499028257,87.43635467632205,85.07801100325946,86.06476593017578,387200,0.0,0.0
2025-03-18 00:00:00-04:00,86.29172192778024,86.42000489620105,84.42675557596043,84.80172729492188,274900,0.0,0.0
2025-03-19 00:00:00-04:00,85.06814388795168,85.90688409522419,84.4366213181223,85.58126068115234,289800,0.0,0.0
2025-03-20 00:00:00-04:00,85.127347379464,86.74563244550441,84.69318031484417,85.6108627319336,325400,0.0,0.0
2025-03-21 00:00:00-04:00,84.94973301411169,86.07464062267769,84.0419202350446,84.24913787841797,2336100,0.0,0.0
2025-03-24 00:00:00-04:00,85.69967011829372,86.61735256807783,85.13722007025464,86.60748291015625,419000,0.0,0.0
2025-03-25 00:00:00-04:00,86.97258941751707,87.7619964680629,86.17332023688853,86.81471252441406,295400,0.0,0.0
2025-03-26 00:00:00-04:00,87.39688316302258,88.90661698953845,86.45946899821703,87.13046264648438,315000,0.0,0.0
2025-03-27 00:00:00-04:00,87.48570069262544,87.98894031519497,86.82456913031159,87.6435775756836,291900,0.0,0.0
2025-03-28 00:00:00-04:00,87.93960463652272,88.64019975385413,86.00556582071846,86.07463836669922,247800,0.0,0.0
2025-03-31 00:00:00-04:00,85.38390057181518,87.79158494476195,84.890523120201,86.93310546875,480000,0.0,0.0
2025-04-01 00:00:00-04:00,87.15019275199502,87.60409910407898,86.05489420714416,86.93310546875,309800,0.0,0.0
2025-04-02 00:00:00-04:00,85.90689137809728,86.94298718149219,85.34444130639982,86.53841400146484,381900,0.0,0.0
2025-04-03 00:00:00-04:00,84.12085580426502,85.14708181073281,82.65059310107652,82.96635437011719,517600,0.0,0.0
2025-04-04 00:00:00-04:00,80.53895369640877,80.53895369640877,76.94716574697588,78.01285552978516,448000,0.0,0.0
2025-04-07 00:00:00-04:00,74.72695855415218,78.9107975953608,73.10867344774697,75.54595947265625,555600,0.0,0.0
2025-04-08 00:00:00-04:00,77.98325359040786,79.06868268418785,75.41769186101587,76.2860336303711,453400,0.0,0.0
2025-04-09 00:00:00-04:00,75.58542573306731,82.11774604536507,74.97364249783824,81.71317291259766,553100,0.0,0.0
2025-04-10 00:00:00-04:00,80.78563086672362,81.02244994796028,77.59840904997085,78.93052673339844,436200,0.0,0.0
2025-04-11 00:00:00-04:00,78.6739822574578,79.71994018554688,77.55894424970509,79.71994018554688,336700,0.0,0.0
2025-04-14 00:00:00-04:00,80.7264240532432,81.6539761613055,80.21331476627157,80.91390991210938,283100,0.0,0.0
2025-04-15 00:00:00-04:00,80.69682346783975,81.74278136878112,80.56854802681555,80.83496856689453,250100,0.0,0.0
2025-04-16 00:00:00-04:00,81.14085957025223,82.36443355084423,80.67708355796894,81.65396881103516,340900,0.0,0.0
2025-04-17 00:00:00-04:00,82.14735195313699,83.13410693155305,81.58490191657356,82.16708374023438,255900,0.0,0.0
2025-04-21 00:00:00-04:00,81.66385071558331,81.90066982158903,80.43040689296902,80.90404510498047,237400,0.0,0.0
2025-04-22 00:00:00-04:00,82.47298777053594,83.83470701091798,81.77239259791118,83.60775756835938,254400,0.0,0.0
2025-04-23 00:00:00-04:00,85.0582754406397,86.34105991354963,84.03205689632333,84.18993377685547,317800,0.0,0.0
2025-04-24 00:00:00-04:00,83.7360272905134,85.82795053546918,83.7360272905134,85.3937759399414,339100,0.0,0.0
2025-04-25 00:00:00-04:00,84.80172731491098,85.7786126593461,84.23927726467946,85.65033721923828,280400,0.0,0.0
2025-04-28 00:00:00-04:00,86.26212181696656,87.01205773814982,85.73914286226335,86.80484008789062,245900,0.0,0.0
2025-04-29 00:00:00-04:00,86.50881202771859,87.76199513682512,85.77861541046319,87.60411071777344,232700,0.0,0.0
2025-04-30 00:00:00-04:00,86.52854495039982,86.8640380235788,84.66357867613499,86.5680160522461,346400,0.0,0.0
2025-05-01 00:00:00-04:00,86.03516037048769,87.34753863895428,85.67005835479388,86.35092163085938,241200,0.0,0.0
2025-05-02 00:00:00-04:00,87.96920120942667,89.31118848131955,87.12059138960198,88.98555755615234,236200,0.0,0.0
2025-05-05 00:00:00-04:00,88.75861229354817,89.14344615452589,88.13695933235573,88.45272064208984,252400,0.0,0.0
2025-05-06 00:00:00-04:00,88.22576555784002,89.29145520482385,87.82119240618442,87.93960571289062,353500,0.0,0.0
2025-05-07 00:00:00-04:00,87.93960571882229,89.03490433881377,85.9266246747391,86.48907470703125,782700,0.0,0.0
2025-05-08 00:00:00-04:00,87.28834255789269,88.05801021950987,86.83443618125544,87.27847290039062,639100,0.0,0.0
2025-05-09 00:00:00-04:00,86.87390844264823,89.40986841384374,85.50231963692438,86.24238586425781,505100,0.0,0.0
2025-05-12 00:00:00-04:00,87.08113098113891,87.61397959819242,84.89053362047788,86.2325210571289,470200,0.0,0.0
2025-05-13 00:00:00-04:00,86.9824632647327,87.41663038793175,86.14372293835153,86.52855682373047,395300,0.0,0.0
2025-05-14 00:00:00-04:00,86.36078990424251,86.36078990424251,84.35767856044636,85.19641876220703,400700,0.0,0.0
2025-05-15 00:00:00-04:00,84.40701822361703,85.60099079411656,84.40701822361703,85.38390350341797,298400,0.0,0.0
2025-05-16 00:00:00-04:00,85.65138682549942,86.1467106037348,85.01737299400139,85.44335174560547,302000,0.34,0.0
2025-05-19 00:00:00-04:00,85.38391059649356,85.49288242633197,84.73007961746306,85.30465698242188,410500,0.0,0.0
2025-05-20 00:00:00-04:00,85.1857772132747,85.77026317397592,84.82914350526327,85.1164321899414,328900,0.0,0.0
2025-05-21 00:00:00-04:00,84.30410440146322,84.83905498167206,83.1549571817131,83.21439361572266,341100,0.0,0.0
2025-05-22 00:00:00-04:00,83.62055279433307,83.88802427361654,82.2732716913318,83.16484832763672,388300,0.0,0.0
2025-05-23 00:00:00-04:00,82.62991048220705,83.80877585175129,82.54074827823517,83.65027618408203,395400,0.0,0.0
2025-05-27 00:00:00-04:00,84.24466349371828,84.9480223049636,83.22429778785477,84.57157897949219,303800,0.0,0.0
2025-05-28 00:00:00-04:00,84.34372825788057,84.83905201206498,83.26392610161804,83.35308074951172,381700,0.0,0.0
2025-05-29 00:00:00-04:00,83.79886906787785,83.94746770567538,82.85775695856131,83.92765808105469,271300,0.0,0.0
2025-05-30 00:00:00-04:00,83.34316914359586,84.19512657462043,83.34316914359586,83.75924682617188,356200,0.0,0.0
2025-06-02 00:00:00-04:00,83.40261664311078,84.0861582884742,82.33271551379319,84.00691223144531,287100,0.0,0.0
2025-06-03 00:00:00-04:00,83.50167347307182,84.00690578280644,82.11476554797999,83.89793395996094,346700,0.0,0.0
2025-06-04 00:00:00-04:00,83.8781211428615,84.21494521955621,83.41251561339442,83.68990325927734,263800,0.0,0.0
2025-06-05 00:00:00-04:00,84.14560352070355,84.14560352070355,83.01626594243619,83.3233642578125,231500,0.0,0.0
2025-06-06 00:00:00-04:00,84.31401069738033,84.71027121541657,83.7295247327177,84.62110900878906,207800,0.0,0.0
2025-06-09 00:00:00-04:00,84.59138709197926,84.59138709197926,82.55065571672338,83.1846694946289,285300,0.0,0.0
2025-06-10 00:00:00-04:00,82.94691897002673,83.26392586949939,82.15439794232472,82.73887634277344,263400,0.0,0.0
2025-06-11 00:00:00-04:00,82.77850113491591,83.5115857130093,82.74878291975763,83.30354309082031,291800,0.0,0.0
2025-06-12 00:00:00-04:00,82.62000883022195,84.28429704975308,82.3921565636373,84.1456069946289,285800,0.0,0.0
2025-06-13 00:00:00-04:00,83.46204938382431,84.8588659449916,83.31345075165154,84.02671813964844,315000,0.0,0.0
2025-06-16 00:00:00-04:00,84.38335453672931,85.8098893584198,84.24466449106947,84.7300796508789,298800,0.0,0.0
2025-06-17 00:00:00-04:00,84.73008072562646,84.73008072562646,82.85775752742879,83.43233489990234,376300,0.0,0.0
2025-06-18 00:00:00-04:00,83.50167743079162,84.79942321777344,83.50167743079162,84.79942321777344,405000,0.0,0.0
2025-06-20 00:00:00-04:00,85.06689737071838,86.23586163818254,84.65081970681142,85.50277709960938,999500,0.0,0.0
2025-06-23 00:00:00-04:00,85.43343757454588,86.39436685085548,84.76970556898542,86.33493041992188,320400,0.0,0.0
2025-06-24 00:00:00-04:00,86.56277549351455,86.94912741237347,85.98820568985295,86.1070785522461,262600,0.0,0.0
2025-06-25 00:00:00-04:00,86.14670972962192,86.2160547555496,84.7796188364586,85.01737213134766,244500,0.0,0.0
2025-06-26 00:00:00-04:00,85.40372454539127,86.65194257708144,84.75980212502502,86.5528793334961,291600,0.0,0.0
2025-06-27 00:00:00-04:00,86.45380588766803,86.98875645631657,86.0674539588731,86.73119354248047,712600,0.0,0.0
2025-06-30 00:00:00-04:00,86.81044238464709,87.18689329209012,85.66129515286987,86.285400390625,291100,0.0,0.0
2025-07-01 00:00:00-04:00,85.7207248283473,87.07791459040166,85.15605606974842,85.82969665527344,460200,0.0,0.0
2025-07-02 00:00:00-04:00,85.60185061742261,85.60185061742261,83.967280797369,84.1753158569336,305500,0.0,0.0
2025-07-03 00:00:00-04:00,84.72016515290944,85.38390467719485,84.65082013491427,84.70035552978516,277700,0.0,0.0
2025-07-07 00:00:00-04:00,84.44279219547897,85.08671459285232,83.51158866937855,84.0465316772461,375500,0.0,0.0
2025-07-08 00:00:00-04:00,83.5413056237415,84.82914284099532,83.5413056237415,83.84840393066406,369000,0.0,0.0
2025-07-09 00:00:00-04:00,84.0564391392812,84.55176289090694,82.32280600859107,82.69925689697266,283100,0.0,0.0
2025-07-10 00:00:00-04:00,82.42187135452322,82.81813187756282,81.61944927494761,82.44168853759766,362900,0.0,0.0
2025-07-11 00:00:00-04:00,81.6788863072201,83.24411122778533,81.63926705686228,82.82804107666016,367100,0.0,0.0
2025-07-14 00:00:00-04:00,82.79832029715892,83.94746747299054,82.7487848986835,83.3134536743164,272600,0.0,0.0
2025-07-15 00:00:00-04:00,82.9271013034653,83.21438998537971,81.17365855431125,81.20337677001953,230600,0.0,0.0
2025-07-16 00:00:00-04:00,81.4213151516456,82.33270897848038,80.89627322005687,81.56000518798828,238100,0.0,0.0
2025-07-17 00:00:00-04:00,81.15383863895103,82.62990880577418,81.15383863895103,82.53083801269531,277400,0.0,0.0
2025-07-18 00:00:00-04:00,82.55066335718833,83.35308546579672,82.49121936385507,82.61009979248047,208800,0.0,0.0
2025-07-21 00:00:00-04:00,82.68934842155926,83.42242545874123,82.06523565649024,82.43177795410156,340100,0.0,0.0
2025-07-22 00:00:00-04:00,82.67944211732522,83.84840650745733,82.67944211732522,83.36299133300781,264700,0.0,0.0
2025-07-23 00:00:00-04:00,83.46204602615353,83.77905290161672,82.74877866685132,83.51158142089844,332200,0.0,0.0
2025-07-24 00:00:00-04:00,83.17476319625943,83.50167868520187,82.58037620784452,82.65962982177734,225600,0.0,0.0
2025-07-25 00:00:00-04:00,82.76860287896258,83.75925039369324,82.76860287896258,83.43233489990234,219300,0.0,0.0
2025-07-28 00:00:00-04:00,83.1846724072352,83.74934118414224,82.89738372311889,83.04598236083984,239300,0.0,0.0
2025-07-29 00:00:00-04:00,83.47196289875102,83.93756844660597,83.12523777525504,83.3233642578125,221000,0.0,0.0
2025-07-30 00:00:00-04:00,83.23420117195731,83.63046169093273,82.73887741274822,82.89738464355469,210900,0.0,0.0
2025-07-31 00:00:00-04:00,82.47140039256472,83.80877294137665,82.47140039256472,83.7889633178711,307600,0.0,0.0
2025-08-01 00:00:00-04:00,83.1252302620185,83.5115821587139,82.29308248280064,83.05587768554688,400900,0.0,0.0
2025-08-04 00:00:00-04:00,83.17475756307466,83.73942629753155,82.78840566886943,83.55120086669922,240500,0.0,0.0
2025-08-05 00:00:00-04:00,84.20504315512412,85.69101450492042,83.75925477340168,84.98765563964844,388100,0.0,0.0
2025-08-06 00:00:00-04:00,85.4037167712555,85.96838552213637,85.04708308037914,85.36408996582031,309700,0.0,0.0
2025-08-07 00:00:00-04:00,84.90839516648116,85.51269073792876,83.18467065611021,83.65027618408203,597200,0.0,0.0
2025-08-08 00:00:00-04:00,82.52093921300582,83.32336126398542,81.1241226196289,81.1241226196289,527100,0.0,0.0
2025-08-11 00:00:00-04:00,80.92599939134823,81.71851288294334,80.39104881655007,81.33216094970703,529600,0.0,0.0
2025-08-12 00:00:00-04:00,81.50056675423073,81.97608088125504,80.78730690075523,81.24300384521484,279900,0.0,0.0
2025-08-13 00:00:00-04:00,80.5495454961224,81.85719988876325,80.16319357725402,81.73832702636719,592700,0.0,0.0
2025-08-14 00:00:00-04:00,81.83738853901566,81.95626895694598,80.79720566673653,81.7680435180664,251900,0.0,0.0
2025-08-15 00:00:00-04:00,81.69870050177151,81.81757336457821,79.73721512701428,79.74712371826172,326600,0.0,0.0
2025-08-18 00:00:00-04:00,79.44992399419453,80.00469171632722,79.26170611454344,79.65796661376953,403900,0.0,0.0
2025-08-19 00:00:00-04:00,79.58861446689627,81.05477605457294,79.50936841305354,80.88636779785156,266400,0.0,0.0
2025-08-20 00:00:00-04:00,80.32170250679104,81.08449776948083,80.14338565137723,80.25235748291016,268100,0.0,0.0
2025-08-21 00:00:00-04:00,80.21272987183448,80.4108563500695,79.39049062688194,80.13347625732422,355300,0.0,0.0
2025-08-22 00:00:00-04:00,80.81702455259473,81.80767204877841,80.56936267854881,81.73832702636719,232100,0.0,0.0
2025-08-25 00:00:00-04:00,81.49066540119307,81.66898225337233,80.32170104980469,80.32170104980469,405300,0.0,0.0
2025-08-26 00:00:00-04:00,80.37123485650717,80.87646723486243,80.03441830963112,80.65852355957031,297100,0.0,0.0
2025-08-27 00:00:00-04:00,80.54954822718277,81.62935796481541,80.54954822718277,81.29253387451172,381000,0.0,0.0
2025-08-28 00:00:00-04:00,81.53029372177352,81.53029372177352,80.32170254101386,81.134033203125,322000,0.0,0.0
2025-08-29 00:00:00-04:00,81.43122100830078,81.86710832436607,80.71796116115836,81.43122100830078,299700,0.0,0.0
2025-09-02 00:00:00-04:00,81.14394303725749,81.43122417068555,79.96507005468509,80.45048522949219,303700,0.0,0.0
2025-09-03 00:00:00-04:00,79.95516114884101,81.19347055993948,79.8560979075613,80.98543548583984,348000,0.0,0.0
2025-09-04 00:00:00-04:00,81.45104363134736,82.26337432861328,81.21329033308542,82.26337432861328,192200,0.0,0.0
2025-09-05 00:00:00-04:00,82.04542123193681,82.61008997422434,81.371780665871,81.41140747070312,384000,0.0,0.0
2025-09-08 00:00:00-04:00,81.57981982944631,81.57981982944631,80.14338398266219,81.16374969482422,270700,0.0,0.0
2025-09-09 00:00:00-04:00,81.32224253647566,81.63925696447549,80.88636281405579,81.28262329101562,384800,0.0,0.0
2025-09-10 00:00:00-04:00,81.58973108309917,81.59963967463939,80.59908355422039,80.98543548583984,234600,0.0,0.0
2025-09-11 00:00:00-04:00,80.90617774032137,82.6398108273783,80.84674131019523,82.38224792480469,244700,0.0,0.0
2025-09-12 00:00:00-04:00,82.09496439125586,82.40206271019709,81.61945024634083,81.71851348876953,264300,0.0,0.0
2025-09-15 00:00:00-04:00,81.5996396005099,81.8473014825046,80.37123122402677,80.67833709716797,313800,0.0,0.0
2025-09-16 00:00:00-04:00,80.61888785878999,80.61888785878999,79.44002251669161,79.88581085205078,326700,0.0,0.0
2025-09-17 00:00:00-04:00,80.25235869524926,81.60954097714058,80.25235869524926,81.02506256103516,353900,0.0,0.0
2025-09-18 00:00:00-04:00,80.99533718662032,82.51102656756952,80.84673855832251,82.25345611572266,295300,0.0,0.0
2025-09-19 00:00:00-04:00,82.34262220603863,83.13513566433407,82.12467854864421,82.84784698486328,1072900,0.0,0.0
2025-09-22 00:00:00-04:00,82.81813221815788,83.21439274282714,82.06523797709039,82.78841400146484,297300,0.0,0.0
2025-09-23 00:00:00-04:00,82.65962573489163,83.54130136169044,82.65962573489163,82.90728759765625,268000,0.0,0.0
2025-09-24 00:00:00-04:00,83.06579301642236,84.35363781526705,82.80822254504527,84.0861587524414,317100,0.0,0.0
2025-09-25 00:00:00-04:00,83.69980003271925,83.92765226930275,82.68934297014057,83.05587768554688,280900,0.0,0.0
2025-09-26 00:00:00-04:00,83.50167320352068,84.56166565665423,83.19457491724202,83.85830688476562,199200,0.0,0.0
2025-09-29 00:00:00-04:00,83.60074235778448,83.60074235778448,82.66953128433906,83.3134536743164,236800,0.0,0.0
2025-09-30 00:00:00-04:00,83.59082784481186,83.9474615260568,83.09550412730945,83.85830688476562,221700,0.0,0.0
2025-10-01 00:00:00-04:00,83.5611154694353,84.46260832613595,83.00635528564453,83.00635528564453,296300,0.0,0.0
2025-10-02 00:00:00-04:00,82.77850038657171,84.14559873581786,82.77850038657171,83.75924682617188,452900,0.0,0.0
2025-10-03 00:00:00-04:00,83.75924693373173,84.74989440754032,83.44224004443461,83.49176788330078,474800,0.0,0.0
2025-10-06 00:00:00-04:00,83.63045627684109,84.1356885947779,82.64971741334985,82.94691467285156,236200,0.0,0.0
2025-10-07 00:00:00-04:00,83.19457682289982,84.38335074891964,81.82747849413269,81.83738708496094,247000,0.0,0.0
2025-10-08 00:00:00-04:00,82.39215411854194,82.89738648038148,81.56991484610603,81.71851348876953,227100,0.0,0.0
2025-10-09 00:00:00-04:00,81.72841819516977,82.55065742851758,80.84674253079845,81.1241226196289,200000,0.0,0.0
2025-10-10 00:00:00-04:00,81.5401953107653,81.74823038391412,79.67778068587992,79.75703430175781,229100,0.0,0.0
2025-10-13 00:00:00-04:00,79.67777695417347,80.7972058833671,79.67777695417347,80.3514175415039,197900,0.0,0.0
2025-10-14 00:00:00-04:00,80.26225719139904,81.92654529510865,80.26225719139904,81.5104751586914,186700,0.0,0.0
2025-10-15 00:00:00-04:00,81.29252685750804,81.31234403889577,79.66786565356276,80.2226333618164,251000,0.0,0.0
2025-10-16 00:00:00-04:00,79.55889705137982,79.82637610466307,78.31068666285967,78.39984130859375,309400,0.0,0.0
2025-10-17 00:00:00-04:00,78.85553804035119,79.48955182406542,78.0332988165204,79.24188995361328,242800,0.0,0.0
2025-10-20 00:00:00-04:00,79.42020766663848,80.4802001813832,79.34095405330191,80.24244689941406,172500,0.0,0.0
2025-10-21 00:00:00-04:00,80.3613276113151,82.1742067852204,79.65796879598956,81.73832702636719,244100,0.0,0.0
2025-10-22 00:00:00-04:00,81.98598709909896,82.61009228708785,80.70805095013468,80.88636779785156,291100,0.0,0.0
2025-10-23 00:00:00-04:00,81.25290793550965,81.76804888900435,80.47030302969434,81.71851348876953,195700,0.0,0.0
2025-10-24 00:00:00-04:00,81.83739510983054,82.3228102954498,81.56991603752124,81.60954284667969,176000,0.0,0.0
2025-10-27 00:00:00-04:00,82.17420322437304,82.26336542534703,81.31234477718606,81.49066162109375,205600,0.0,0.0
2025-10-28 00:00:00-04:00,80.99534092493735,81.47084748778897,80.10375667203989,80.50991821289062,274500,0.0,0.0
2025-10-29 00:00:00-04:00,80.19291096431542,80.84674193290087,79.68768618827085,80.16319274902344,210800,0.0,0.0
2025-10-30 00:00:00-04:00,80.19290768808258,81.65906923292506,80.13347125992688,81.10430908203125,259900,0.0,0.0
2025-10-31 00:00:00-04:00,80.62879993015287,80.8863703980328,79.47965275306821,79.82637786865234,392300,0.0,0.0
2025-11-03 00:00:00-05:00,79.56880665073449,80.78730639749071,78.57815915380898,80.58917236328125,392300,0.0,0.0
2025-11-04 00:00:00-05:00,80.78731079093161,81.37178921804374,80.02450794431289,81.2628173828125,329000,0.0,0.0
2025-11-05 00:00:00-05:00,81.34206454962516,82.27327559209631,80.84674081350909,81.15383911132812,389800,0.0,0.0
2025-11-06 00:00:00-05:00,80.90618252706484,81.37178807870804,79.93535217337728,80.79721069335938,421500,0.0,0.0
2025-11-07 00:00:00-05:00,83.11532618020408,86.12689546610258,81.91664362055391,86.06745147705078,594300,0.0,0.0
2025-11-10 00:00:00-05:00,85.7603537393984,86.49343077286254,85.23531177388864,85.57212829589844,406900,0.0,0.0
2025-11-11 00:00:00-05:00,85.91886609632789,87.09773155177798,85.91886609632789,86.9392318725586,245100,0.0,0.0
2025-11-12 00:00:00-05:00,86.86988551439259,87.77137084886172,86.27549094181668,86.74109649658203,352700,0.0,0.0
2025-11-13 00:00:00-05:00,86.50334010164809,87.1472624934965,86.13679780277052,86.84016418457031,284300,0.0,0.0
2025-11-14 00:00:00-05:00,87.02838072612141,87.40483161051083,86.1962404600743,86.64202880859375,286700,0.0,0.0
2025-11-17 00:00:00-05:00,86.98875118812992,86.98875118812992,85.7405408282512,85.93866729736328,306900,0.0,0.0
2025-11-18 00:00:00-05:00,86.23587307308279,88.54407614248322,85.9485843738782,88.12800598144531,356200,0.0,0.0
2025-11-19 00:00:00-05:00,87.85061792361452,88.58369493501044,87.10763232126935,87.20669555664062,263900,0.0,0.0
2025-11-20 00:00:00-05:00,87.47417860239607,88.59360757351129,86.6519393509723,87.22651672363281,277500,0.0,0.0
2025-11-21 00:00:00-05:00,87.97940320070242,89.39602944644894,87.81099493744183,88.95024108886719,351200,0.0,0.0
2025-11-24 00:00:00-05:00,88.66295041726279,89.15827416261064,87.7911833463452,88.9403305053711,399500,0.0,0.0
2025-11-25 00:00:00-05:00,89.50499916025304,90.8522803505491,89.19790085709633,89.20780944824219,325700,0.0,0.0
2025-11-26 00:00:00-05:00,89.22761907249335,90.57490026278941,88.8214575319997,89.20780944824219,449900,0.0,0.0
2025-11-28 00:00:00-05:00,89.6734124918803,90.3074338743892,89.3266873625683,89.69322967529297,161200,0.0,0.0
2025-12-01 00:00:00-05:00,89.22762007419209,90.19845795029045,88.92052176758779,89.3663101196289,305800,0.0,0.0
2025-12-02 00:00:00-05:00,89.17808288926888,89.17808288926888,88.3756608484551,88.51435089111328,235100,0.0,0.0
2025-12-03 00:00:00-05:00,88.42520054148535,88.83136209813298,87.7317427364652,87.99922180175781,187900,0.0,0.0
2025-12-04 00:00:00-05:00,87.81099210793965,88.68275917029275,87.40483057092577,87.93977355957031,185100,0.0,0.0
2025-12-05 00:00:00-05:00,87.91996684832999,88.13791051064898,87.3751076925325,87.80108642578125,197900,0.0,0.0
2025-12-08 00:00:00-05:00,88.19734211181866,88.21715929351164,86.63211731184668,86.78071594238281,276200,0.0,0.0
2025-12-09 00:00:00-05:00,87.06801425362411,87.89025355000207,87.06801425362411,87.67230987548828,272200,0.0,0.0
2025-12-10 00:00:00-05:00,87.51379853914636,88.9304247991182,87.51379853914636,87.91996765136719,312400,0.0,0.0
2025-12-11 00:00:00-05:00,88.15771303084276,89.16817764597289,87.26612882868092,89.02948760986328,277300,0.0,0.0
2025-12-12 00:00:00-05:00,89.31677664601794,89.41583987821886,88.66294570901952,89.37621307373047,335100,0.0,0.0
2025-12-15 00:00:00-05:00,89.61397397669288,91.42686075676343,89.52481932752914,90.83247375488281,416100,0.0,0.0
2025-12-16 00:00:00-05:00,91.14948062950766,91.26835349501987,89.38612924936264,89.95079803466797,693900,0.0,0.0
2025-12-17 00:00:00-05:00,90.2678016297403,91.53582920231645,89.9111679301982,91.19900512695312,294000,0.0,0.0
2025-12-18 00:00:00-05:00,90.56499214040828,91.53583001063276,90.40649247145687,91.31788635253906,261000,0.0,0.0
2025-12-19 00:00:00-05:00,90.77302387761961,91.1593757816899,89.56444032732088,89.65359497070312,1393800,0.0,0.0
2025-12-22 00:00:00-05:00,89.8418254783284,90.69378294515481,89.42574777826755,90.1390151977539,386600,0.0,0.0
2025-12-23 00:00:00-05:00,89.45547309158626,90.74331031854348,89.45547309158626,90.05976867675781,302500,0.0,0.0
2025-12-24 00:00:00-05:00,89.79229497317964,90.65416107837173,89.79229497317964,90.01023864746094,160100,0.0,0.0
2025-12-26 00:00:00-05:00,90.17864365877375,90.17864365877375,89.24743255980985,89.80220031738281,253900,0.0,0.0
2025-12-29 00:00:00-05:00,89.95079469820651,90.1588297631772,89.4455623643974,89.74275207519531,290600,0.0,0.0
2025-12-30 00:00:00-05:00,89.92106946311151,90.4362103911094,89.51490792184447,89.82200622558594,238100,0.0,0.0
2025-12-31 00:00:00-05:00,89.74274741355265,90.53526838392764,88.66294533840782,89.02948760986328,259600,0.0,0.0
2026-01-02 00:00:00-05:00,88.86107776127537,88.86107776127537,87.65249415956036,87.9100570678711,315700,0.0,0.0
2026-01-05 00:00:00-05:00,87.20669765990337,89.43565452069716,87.20669765990337,88.9799575805664,330400,0.0,0.0
2026-01-06 00:00:00-05:00,88.49454242491156,89.02949297846695,87.78127502017107,88.9799575805664,309000,0.0,0.0
2026-01-07 00:00:00-05:00,88.50444227898697,89.3365900927784,87.88033708717376,89.08892822265625,378700,0.0,0.0
2026-01-08 00:00:00-05:00,89.28705386981693,90.58480719672289,89.28705386981693,89.54462432861328,278000,0.0,0.0
2026-01-09 00:00:00-05:00,89.27715220616471,90.08948282459234,88.89080029971988,89.15827178955078,315300,0.0,0.0
2026-01-12 00:00:00-05:00,88.71248456265312,89.67340626630846,88.13790721223124,88.1676254272461,288100,0.0,0.0
2026-01-13 00:00:00-05:00,87.7812708760581,87.87042551842144,84.20503298804047,84.59138488769531,323400,0.0,0.0
2026-01-14 00:00:00-05:00,84.60130336630826,85.24522579367239,84.20504282961947,84.64093017578125,320000,0.0,0.0
2026-01-15 00:00:00-05:00,83.85831086412608,85.37400030232162,83.85831086412608,84.75979614257812,313000,0.0,0.0
2026-01-16 00:00:00-05:00,84.33382343068742,84.68055612052507,83.90784468075412,84.21495056152344,286800,0.0,0.0
2026-01-20 00:00:00-05:00,83.9078403957546,84.36354489774803,83.19458054307238,83.2738265991211,232600,0.0,0.0
2026-01-21 00:00:00-05:00,83.31344984613143,84.49232274170446,83.31344984613143,84.1753158569336,224900,0.0,0.0
2026-01-22 00:00:00-05:00,84.3932597886918,84.3932597886918,83.03607004353312,83.64036560058594,259700,0.0,0.0
2026-01-23 00:00:00-05:00,83.24411088673058,84.0267233438068,82.26337194651342,82.48131561279297,217400,0.0,0.0
2026-01-26 00:00:00-05:00,82.48130818350289,83.87811714732662,82.48130818350289,83.09550476074219,361900,0.0,0.0
2026-01-27 00:00:00-05:00,83.28373607295491,83.28373607295491,82.02561705762686,82.2435531616211,207400,0.0,0.0
2026-01-28 00:00:00-05:00,82.86765825802344,83.61064382359203,82.08504588865974,82.81812286376953,316300,0.0,0.0
2026-01-29 00:00:00-05:00,83.46204974075107,84.41307040946718,83.31345110794284,84.37344360351562,317200,0.0,0.0
2026-01-30 00:00:00-05:00,84.45270278836617,84.77961829050902,83.78897075046953,84.05644226074219,271200,0.0,0.0
2026-02-02 00:00:00-05:00,84.20503848234465,85.08671416298712,83.72952435125939,84.84896087646484,297600,0.0,0.0
2026-02-03 00:00:00-05:00,84.47250906956018,86.25567759425616,84.25457296813344,84.99755859375,263900,0.0,0.0
2026-02-04 00:00:00-05:00,85.51269453414879,87.06801085477964,85.51269453414879,86.2754898071289,286100,0.0,0.0
2026-02-05 00:00:00-05:00,86.33493625707497,87.74165397657671,86.27549226408178,86.9392318725586,265700,0.0,0.0
2026-02-06 00:00:00-05:00,87.50389099408318,88.85117212952011,86.53305316841471,86.92931365966797,219100,0.0,0.0
2026-02-09 00:00:00-05:00,86.42408679198093,88.1180931297785,84.70036223812315,84.84896087646484,297400,0.0,0.0
2026-02-10 00:00:00-05:00,85.03717321242024,85.9981024451814,85.02727217974038,85.74053955078125,183500,0.0,0.0
2026-02-11 00:00:00-05:00,86.04764622819467,86.18633627963357,84.98765365903115,85.85942077636719,232500,0.0,0.0
2026-02-12 00:00:00-05:00,85.53249730254927,87.13734889427144,85.07680038199513,86.08726501464844,261800,0.0,0.0
2026-02-13 00:00:00-05:00,85.82969849287198,85.96838853773995,84.81924137197095,85.53250122070312,201700,0.0,0.0
2026-02-17 00:00:00-05:00,86.18633484240898,87.42464425106428,86.15661662588779,86.81044006347656,255700,0.0,0.0
2026-02-18 00:00:00-05:00,86.5925032704374,86.5925032704374,85.40372171271976,86.11698913574219,213900,0.0,0.0
2026-02-19 00:00:00-05:00,86.19624148112828,86.73119204051281,85.5622276829038,85.91886138916016,184600,0.0,0.0
2026-02-20 00:00:00-05:00,86.81043739047263,87.92987389857427,86.08726895058807,87.5633316040039,214000,0.0,0.0
2026-02-23 00:00:00-05:00,87.12743805134265,87.57323392765106,84.29418580970982,84.31400299072266,283400,0.0,0.0
2026-02-24 00:00:00-05:00,84.39325579944132,85.3541850023824,83.94745992735486,84.76969909667969,230900,0.0,0.0
2026-02-25 00:00:00-05:00,85.4631517467757,85.58203216105926,84.23475103133958,85.43343353271484,220100,0.0,0.0
2026-02-26 00:00:00-05:00,85.64147121639367,86.35473860789551,85.39380934756888,85.82969665527344,269600,0.0,0.0
2026-02-27 00:00:00-05:00,88.49454775786809,89.14837121292128,84.31401387329417,85.40372467041016,616500,0.0,0.0
2026-03-02 00:00:00-05:00,85.06690845821711,87.573245568663,84.93811943863399,86.63212585449219,500600,0.0,0.0
2026-03-03 00:00:00-05:00,85.6612863083417,86.58258874021253,83.98708969736217,86.08726501464844,335000,0.0,0.0
2026-03-04 00:00:00-05:00,85.76035728110243,86.89960346431668,84.85887194940412,86.70146942138672,294900,0.0,0.0
2026-03-05 00:00:00-05:00,86.24576332011185,86.84015782787189,85.38390488833201,85.88912963867188,237200,0.0,0.0
2026-03-06 00:00:00-05:00,84.24737328799613,85.36178561249628,83.22251568173448,84.8841781616211,318500,0.38,0.0
2026-03-09 00:00:00-04:00,84.51602368598515,85.24237563354859,83.19266057055125,85.16277313232422,303500,0.0,0.0
2026-03-10 00:00:00-04:00,84.4762245879358,85.96873736301838,84.19762341786374,84.52597045898438,312400,0.0,0.0
2026-03-11 00:00:00-04:00,84.73492853238496,84.73492853238496,83.20261451282747,83.8095703125,293800,0.0,0.0
2026-03-12 00:00:00-04:00,83.09316678142659,83.72997165106743,82.08820601255378,82.7548599243164,319200,0.0,0.0
2026-03-13 00:00:00-04:00,82.15785169505587,83.55086511592452,82.15785169505587,82.96380615234375,375500,0.0,0.0
2026-03-16 00:00:00-04:00,83.58071457943363,84.62547654820153,83.04340907475121,83.0931625366211,329600,0.0,0.0
2026-03-17 00:00:00-04:00,83.78966858445096,84.17772130932988,82.91406379854955,82.95386505126953,259800,0.0,0.0
2026-03-18 00:00:00-04:00,82.48620486219521,83.36180959545861,82.04839869990735,82.09815216064453,242600,0.0,0.0
2026-03-19 00:00:00-04:00,81.5409495551996,82.32700723915853,80.33699009231961,81.62055206298828,290400,0.0,0.0
2026-03-20 00:00:00-04:00,81.63050296497453,81.9588576108514,80.12803791764236,80.4066390991211,689700,0.0,0.0
2026-03-23 00:00:00-04:00,81.58074728988687,81.69019883554655,80.67529347461712,81.04344177246094,326000,0.0,0.0
2026-03-24 00:00:00-04:00,80.60564550949753,81.82950178622599,80.55589204501047,81.23249816894531,262600,0.0,0.0
2026-03-25 00:00:00-04:00,81.21259617539502,81.60064888152526,80.49618884367383,81.07329559326172,271200,0.0,0.0
2026-03-26 00:00:00-04:00,80.90413925779579,81.700149099752,80.86433800656674,80.9837417602539,222600,0.0,0.0
2026-03-27 00:00:00-04:00,80.68523684663354,80.71509347878943,78.76487770012665,78.89422607421875,290700,0.0,0.0
2026-03-30 00:00:00-04:00,79.26238010571143,80.94393929486908,79.01362798274543,80.00863647460938,497200,0.0,0.0
2026-03-31 00:00:00-04:00,80.92404280060109,81.82949658446752,79.64048092981936,81.07329559326172,264100,0.0,0.0
2026-04-01 00:00:00-04:00,80.61558830404589,81.6802471346728,80.0981872051344,80.23748779296875,252200,0.0,0.0
2026-04-02 00:00:00-04:00,80.31708992038718,81.05339410852473,79.76983219124347,80.6951904296875,248000,0.0,0.0
2026-04-06 00:00:00-04:00,80.35689274639482,81.22254532777781,80.20763994540413,81.21260070800781,198300,0.0,0.0
2026-04-07 00:00:00-04:00,80.99369427276085,81.68024498291166,80.72503772379153,81.46134948730469,236600,0.0,0.0
2026-04-08 00:00:00-04:00,82.05835414472861,83.26231354716316,82.05835414472861,82.78470611572266,385100,0.0,0.0
2026-04-09 00:00:00-04:00,82.40660357395151,83.9787188241038,82.40660357395151,83.07325744628906,369700,0.0,0.0
2026-04-10 00:00:00-04:00,83.43146114727261,83.43146114727261,81.26234231516614,81.55089569091797,320300,0.0,0.0
2026-04-13 00:00:00-04:00,81.28224832844374,82.06830596923828,80.63549127297355,82.06830596923828,327000,0.0,0.0
2026-04-14 00:00:00-04:00,81.78969591149963,82.5061032482821,81.76979908161675,82.02850341796875,286700,0.0,0.0
2026-04-15 00:00:00-04:00,81.99865966513069,83.32201529008222,81.97875524265186,83.01356506347656,277700,0.0,0.0
2026-04-16 00:00:00-04:00,82.97376134051066,83.42151214589128,82.47625707172654,82.58570861816406,359000,0.0,0.0
2026-04-17 00:00:00-04:00,82.92400514580801,84.98368003839418,82.59565810862303,84.37672424316406,435700,0.0,0.0
2026-04-20 00:00:00-04:00,83.9588146542053,85.15282941122662,82.86430682042008,82.96380615234375,266400,0.0,0.0
2026-04-21 00:00:00-04:00,84.01852253134733,84.01852253134733,81.9887042233228,82.3270034790039,321400,0.0,0.0
2026-04-22 00:00:00-04:00,82.24740540105641,82.93395609684555,81.43149115185622,82.81455993652344,931400,0.0,0.0
2026-04-23 00:00:00-04:00,83.41156739841581,83.42151201803111,81.70015150181149,82.9339599609375,309700,0.0,0.0
2026-04-24 00:00:00-04:00,82.79465719657763,83.76976887644247,82.00859956281094,82.98371124267578,308400,0.0,0.0
2026-04-27 00:00:00-04:00,82.69515600968224,83.77971161730933,82.506101967823,82.57575225830078,293500,0.0,0.0
2026-04-28 00:00:00-04:00,83.4613149545986,83.7200193047578,82.6951617065627,83.10311126708984,311700,0.0,0.0
2026-04-29 00:00:00-04:00,82.8245081213002,83.30211555708681,81.24244819842532,81.2822494506836,344800,0.0,0.0
2026-04-30 00:00:00-04:00,81.58075043547288,81.93895412756844,80.79469275511391,81.49120330810547,289100,0.0,0.0
2026-05-01 00:00:00-04:00,82.04840251134391,82.3568527265686,80.31708979389902,80.45639038085938,360500,0.0,0.0
2026-05-04 00:00:00-04:00,79.88923380677201,81.68024456164285,79.6106326398796,81.33199310302734,315400,0.0,0.0
2026-05-05 00:00:00-04:00,81.24244987166104,81.99865849751745,81.24244987166104,81.45140075683594,289000,0.0,0.0
2026-05-06 00:00:00-04:00,81.85935136339835,82.05835763133445,81.25240312230375,81.60065460205078,343500,0.0,0.0
2026-05-07 00:00:00-04:00,81.62054975114283,82.74491426570029,81.28225048959254,82.0185546875,453100,0.0,0.0
2026-05-08 00:00:00-04:00,78.60567275195147,79.1529304721926,73.80973200921909,74.6753921508789,1337200,0.0,0.0
2026-05-11 00:00:00-04:00,75.27239853255992,79.0832831114447,75.27239853255992,78.51612854003906,848500,0.0,0.0
2026-05-12 00:00:00-04:00,78.48626946053635,78.6952203391404,76.55595809048877,76.56590270996094,806600,0.0,0.0
2026-05-13 00:00:00-04:00,75.92909648180934,76.14799956721511,74.5858365201886,74.76493835449219,642700,0.0,0.0
2026-05-14 00:00:00-04:00,75.63060382956937,76.4067093026204,75.26244792434463,75.75,491400,0.0,0.0
2026-05-15 00:00:00-04:00,76.31999969482422,76.31999969482422,74.37999725341797,74.87999725341797,476300,0.38,0.0
2026-05-18 00:00:00-04:00,74.97000122070312,76.80000305175781,74.91000366210938,75.55000305175781,506600,0.0,0.0
2026-05-19 00:00:00-04:00,77.4000015258789,78.98999786376953,77.19999694824219,77.75,556700,0.0,0.0
2026-05-20 00:00:00-04:00,78.33000183105469,78.97000122070312,77.83000183105469,78.81999969482422,356300,0.0,0.0
2026-05-21 00:00:00-04:00,78.23999786376953,78.8499984741211,77.43000030517578,78.66999816894531,332900,0.0,0.0
2026-05-22 00:00:00-04:00,78.58000183105469,78.6500015258789,76.79000091552734,76.88999938964844,366700,0.0,0.0
2026-05-26 00:00:00-04:00,76.58000183105469,77.06999969482422,75.94000244140625,76.19000244140625,360500,0.0,0.0
2026-05-27 00:00:00-04:00,76.0,76.98999786376953,74.55000305175781,74.93000030517578,379400,0.0,0.0
2026-05-28 00:00:00-04:00,74.29000091552734,74.98999786376953,74.13999938964844,74.18000030517578,371300,0.0,0.0
2026-05-29 00:00:00-04:00,74.33999633789062,74.58000183105469,73.68000030517578,74.20999908447266,442200,0.0,0.0
2026-06-01 00:00:00-04:00,75.16999816894531,75.16999816894531,73.45999908447266,74.04000091552734,416200,0.0,0.0
2026-06-02 00:00:00-04:00,73.2699966430664,75.08999633789062,73.2699966430664,73.87999725341797,354800,0.0,0.0
2026-06-03 00:00:00-04:00,73.9000015258789,73.94999694824219,72.76000213623047,73.19999694824219,293700,0.0,0.0
2026-06-04 00:00:00-04:00,74.51000213623047,74.98999786376953,73.43000030517578,73.87000274658203,317500,0.0,0.0
2026-06-05 00:00:00-04:00,74.29000091552734,75.9000015258789,74.29000091552734,75.56999969482422,302100,0.0,0.0
2026-06-08 00:00:00-04:00,75.55000305175781,75.81999969482422,74.69999694824219,74.81999969482422,389900,0.0,0.0
2026-06-09 00:00:00-04:00,75.04000091552734,75.83999633789062,74.87999725341797,75.3499984741211,317200,0.0,0.0
2026-06-10 00:00:00-04:00,75.88999938964844,76.9800033569336,75.37999725341797,75.97000122070312,353700,0.0,0.0
2026-06-11 00:00:00-04:00,76.54000091552734,76.75,75.37000274658203,75.63999938964844,340500,0.0,0.0
2026-06-12 00:00:00-04:00,75.4800033569336,76.58000183105469,75.08000183105469,76.45999908447266,308400,0.0,0.0
2026-06-15 00:00:00-04:00,76.47000122070312,77.16999816894531,75.75,75.94000244140625,364300,0.0,0.0
2026-06-16 00:00:00-04:00,76.51000213623047,78.01000213623047,76.51000213623047,77.37000274658203,379900,0.0,0.0
2026-06-17 00:00:00-04:00,76.83999633789062,77.94000244140625,76.5199966430664,77.25,370600,0.0,0.0
2026-06-18 00:00:00-04:00,77.01000213623047,77.30999755859375,76.12999725341797,76.5199966430664,1401600,0.0,0.0
2026-06-22 00:00:00-04:00,77.11000061035156,77.33000183105469,76.51000213623047,76.62999725341797,342000,0.0,0.0
2026-06-23 00:00:00-04:00,77.4000015258789,78.1500015258789,76.83000183105469,78.13999938964844,361600,0.0,0.0
2026-06-24 00:00:00-04:00,78.2300033569336,78.9800033569336,77.94000244140625,78.33000183105469,338900,0.0,0.0
2026-06-25 00:00:00-04:00,78.33000183105469,79.25,77.06999969482422,77.19000244140625,292400,0.0,0.0
2026-06-26 00:00:00-04:00,77.79000091552734,79.80999755859375,77.70999908447266,79.7699966430664,630500,0.0,0.0
2026-06-29 00:00:00-04:00,79.2699966430664,80.37000274658203,78.91999816894531,80.19000244140625,420800,0.0,0.0
2026-06-30 00:00:00-04:00,80.04000091552734,80.31999969482422,79.4000015258789,80.16000366210938,341000,0.0,0.0
2026-07-01 00:00:00-04:00,80.62000274658203,81.66000366210938,80.54000091552734,81.38999938964844,304600,0.0,0.0
2026-07-02 00:00:00-04:00,82.0,83.75,81.26000213623047,83.66999816894531,325400,0.0,0.0
2026-07-06 00:00:00-04:00,83.44999694824219,84.12999725341797,83.30999755859375,83.62999725341797,288900,0.0,0.0
2026-07-07 00:00:00-04:00,84.44000244140625,85.51000213623047,83.94000244140625,84.0199966430664,302900,0.0,0.0
2026-07-08 00:00:00-04:00,84.38999938964844,84.5,82.73999786376953,82.75,411100,0.0,0.0
2026-07-09 00:00:00-04:00,83.0,83.37999725341797,82.16999816894531,82.5,282700,0.0,0.0
2026-07-10 00:00:00-04:00,82.54000091552734,82.7699966430664,81.94999694824219,82.0999984741211,265300,0.0,0.0
2026-07-13 00:00:00-04:00,82.44000244140625,83.9000015258789,82.25,83.7300033569336,279700,0.0,0.0
2026-07-14 00:00:00-04:00,83.55000305175781,83.83000183105469,82.62000274658203,82.68000030517578,302700,0.0,0.0
2026-07-15 00:00:00-04:00,82.01000213623047,83.51000213623047,80.91000366210938,82.48999786376953,301500,0.0,0.0
2026-07-16 00:00:00-04:00,82.30000305175781,84.62000274658203,82.30000305175781,84.16999816894531,334100,0.0,0.0
2026-07-17 00:00:00-04:00,84.12000274658203,86.36000061035156,84.12000274658203,84.95999908447266,262000,0.0,0.0
2026-07-20 00:00:00-04:00,84.37999725341797,85.8499984741211,84.37999725341797,85.41000366210938,325200,0.0,0.0
2026-07-21 00:00:00-04:00,85.36000061035156,85.79000091552734,84.5999984741211,84.76000213623047,301800,0.0,0.0
2026-07-22 00:00:00-04:00,84.66000366210938,84.94000244140625,84.0999984741211,84.45999908447266,244400,0.0,0.0
2026-07-23 00:00:00-04:00,84.38999938964844,84.61000061035156,83.41999816894531,84.19000244140625,326100,0.0,0.0
2026-07-24 00:00:00-04:00,84.16999816894531,85.91999816894531,84.16999816894531,85.36000061035156,254800,0.0,0.0
2026-07-27 00:00:00-04:00,85.44000244140625,86.16999816894531,85.06999969482422,85.30000305175781,348500,0.0,0.0
2026-07-28 00:00:00-04:00,85.48999786376953,86.94000244140625,84.5999984741211,85.4800033569336,337500,0.0,0.0
2026-07-29 00:00:00-04:00,85.05000305175781,85.98999786376953,83.97000122070312,84.33000183105469,418900,0.0,0.0
2026-07-30 00:00:00-04:00,84.48999786376953,84.5,82.95999908447266,84.1500015258789,379600,0.0,0.0
2026-07-31 00:00:00-04:00,84.38999938964844,84.55000305175781,82.29000091552734,82.72000122070312,324800,0.0,0.0
2026-08-03 00:00:00-04:00,83.77999877929688,84.54000091552734,83.37000274658203,83.94999694824219,332100,0.0,0.0
2026-08-04 00:00:00-04:00,83.16999816894531,84.3499984741211,82.69999694824219,82.88999938964844,307200,0.0,0.0
2026-08-05 00:00:00-04:00,83.5199966430664,83.80999755859375,82.29000091552734,82.73999786376953,294700,0.0,0.0
2026-08-06 00:00:00-04:00,84.0999984741211,84.0999984741211,82.06999969482422,82.56999969482422,289300,0.0,0.0
2026-08-07 00:00:00-04:00,79.31999969482422,79.66999816894531,75.01000213623047,75.43000030517578,588400,0.0,0.0
2026-08-10 00:00:00-04:00,75.33000183105469,77.27999877929688,75.29000091552734,75.94000244140625,553600,0.0,0.0
2026-08-11 00:00:00-04:00,75.4000015258789,76.44999694824219,75.27999877929688,75.30999755859375,396300,0.0,0.0
2026-08-12 00:00:00-04:00,74.77999877929688,76.69000244140625,74.56999969482422,74.76000213623047,353400,0.0,0.0
2026-08-13 00:00:00-04:00,75.44999694824219,76.5199966430664,74.91000366210938,76.16999816894531,377800,0.0,0.0
2026-08-14 00:00:00-04:00,76.12000274658203,76.79000091552734,76.05999755859375,76.79000091552734,241992,0.0,0.0
