Date,Open,High,Low,Close,Volume,Dividends,Stock Splits
2022-01-03 00:00:00-05:00,68.96891291226653,69.8222946723794,67.15008471010768,67.5638427734375,139500,0.0,0.0
2022-01-04 00:00:00-05:00,67.71902290107616,68.46896864637542,67.17596282269457,67.94314575195312,135500,0.0,0.0
2022-01-05 00:00:00-05:00,67.88281059658782,68.97755271188406,67.30526953242813,67.3483657836914,102800,0.0,0.0
2022-01-06 00:00:00-05:00,67.16734288975962,68.02934679720491,66.82254001146794,67.7879867553711,102200,0.0,0.0
2022-01-07 00:00:00-05:00,67.46043314398442,67.8138513550664,66.59842916618548,67.05529022216797,152800,0.0,0.0
2022-01-10 00:00:00-05:00,67.21907002716605,67.3397500524472,66.44326516709572,67.08114624023438,132500,0.0,0.0
2022-01-11 00:00:00-05:00,67.23630733068809,68.7706732918811,66.72772816275996,68.31381225585938,200100,0.0,0.0
2022-01-12 00:00:00-05:00,68.5034537787103,69.64992059083762,67.65868702857223,67.70178985595703,144400,0.0,0.0
2022-01-13 00:00:00-05:00,67.79659836509276,69.15856591090241,67.6069564819336,67.6069564819336,133900,0.0,0.0
2022-01-14 00:00:00-05:00,67.23630613528282,67.71902622867539,66.19328217544928,66.95184326171875,150100,0.0,0.0
2022-01-18 00:00:00-05:00,66.50361818656278,66.62429823544662,64.49514703838689,64.50376892089844,156500,0.0,0.0
2022-01-19 00:00:00-05:00,65.04680259886717,65.09852071969425,62.28839321197761,62.2970085144043,165600,0.0,0.0
2022-01-20 00:00:00-05:00,62.50390132046611,63.48658518830142,60.564392648175236,60.866092681884766,125300,0.0,0.0
2022-01-21 00:00:00-05:00,60.50404670622676,61.564307660193926,59.167938232421875,59.167938232421875,243300,0.0,0.0
2022-01-24 00:00:00-05:00,58.3749117432277,60.19374070346366,57.39222771253521,59.77997589111328,178600,0.0,0.0
2022-01-25 00:00:00-05:00,58.883483326212016,59.52998624047106,57.74563846017881,58.92658615112305,147500,0.0,0.0
2022-01-26 00:00:00-05:00,59.76272841719559,61.02987512721451,57.84907882056027,58.78004455566406,136500,0.0,0.0
2022-01-27 00:00:00-05:00,58.94381763477711,60.46094616829137,58.17663477684159,58.42661666870117,190300,0.0,0.0
2022-01-28 00:00:00-05:00,58.29732766083902,59.61619929403517,57.50428556590287,59.547237396240234,138300,0.0,0.0
2022-01-31 00:00:00-05:00,59.11623460996968,61.685002791106335,59.11623460996968,61.57294464111328,216000,0.0,0.0
2022-02-01 00:00:00-05:00,61.33157950118064,61.84878053177739,60.779897525001715,61.37467575073242,157400,0.0,0.0
2022-02-02 00:00:00-05:00,62.60733438482965,63.42624195068973,62.141851538002975,63.365901947021484,175700,0.0,0.0
2022-02-03 00:00:00-05:00,62.84007419908539,64.21927887299066,62.745253261201285,63.891719818115234,148000,0.0,0.0
2022-02-04 00:00:00-05:00,63.60725979008043,64.47788545034152,62.779736949496716,63.45209884643555,168600,0.0,0.0
2022-02-07 00:00:00-05:00,63.35729989201424,63.88312290703949,62.46081485945594,62.5039176940918,159900,0.0,0.0
2022-02-08 00:00:00-05:00,62.63320389768019,63.61588777624316,62.253920093123405,63.400386810302734,91200,0.0,0.0
2022-02-09 00:00:00-05:00,63.529668419069246,64.46925584762405,63.529668419069246,64.10721588134766,115400,0.0,0.0
2022-02-10 00:00:00-05:00,62.926296052345926,65.51230821888069,59.29725976783042,60.7368049621582,493800,0.0,0.0
2022-02-11 00:00:00-05:00,61.047110925263446,61.07296998789054,58.94381947736293,60.05580520629883,234300,0.0,0.0
2022-02-14 00:00:00-05:00,60.27993291045572,60.323035736025936,57.55599743330045,57.82322311401367,271800,0.0,0.0
2022-02-15 00:00:00-05:00,58.75419504766939,59.92651442227986,58.142166428092054,58.969696044921875,228600,0.0,0.0
2022-02-16 00:00:00-05:00,58.97830009411692,59.58170671720936,58.176636274266464,58.34904098510742,83800,0.0,0.0
2022-02-17 00:00:00-05:00,57.805988902304,58.3318118935973,56.35782184992669,56.40092468261719,132300,0.0,0.0
2022-02-18 00:00:00-05:00,56.23713537313443,57.37498031429054,56.23713537313443,56.564701080322266,181000,0.0,0.0
2022-02-22 00:00:00-05:00,56.038874500103944,57.49565659615269,55.659590685560545,56.72847366333008,148300,0.0,0.0
2022-02-23 00:00:00-05:00,56.900879947732584,57.58186382590682,55.34927027890926,55.4871940612793,133900,0.0,0.0
2022-02-24 00:00:00-05:00,53.668345354492935,56.71122044964389,53.14252589453663,56.702598571777344,239300,0.0,0.0
2022-02-25 00:00:00-05:00,56.719862679914996,58.5731659157116,56.719862679914996,58.09906768798828,161400,0.0,0.0
2022-02-28 00:00:00-05:00,57.323261943942384,58.831768837204024,56.89225997443906,58.51282501220703,217600,0.0,0.0
2022-03-01 00:00:00-05:00,58.1335462275253,58.676606327302245,56.08197269745425,56.57331466674805,200400,0.0,0.0
2022-03-02 00:00:00-05:00,57.18533442081195,58.04733830350059,56.099214263753005,56.87501907348633,163900,0.0,0.0
2022-03-03 00:00:00-05:00,57.49566132456529,57.49566132456529,56.288861045531014,56.659523010253906,314100,0.0,0.0
2022-03-04 00:00:00-05:00,56.20264342266392,56.91810813331345,55.07342058345656,56.797428131103516,214600,0.0,0.0
2022-03-07 00:00:00-05:00,56.79742693802735,56.89224787728149,55.142381305427904,55.19409942626953,98300,0.0,0.0
2022-03-08 00:00:00-05:00,55.064811618463864,56.6250399056105,54.840688756652035,54.85792922973633,107500,0.0,0.0
2022-03-09 00:00:00-05:00,56.056110145342565,56.7629530497722,55.41822912831279,55.5130500793457,127200,0.0,0.0
2022-03-10 00:00:00-05:00,54.918259641105664,57.09051283401828,54.918259641105664,56.797428131103516,118800,0.0,0.0
2022-03-11 00:00:00-05:00,56.99569910297935,57.84045922531478,56.52159433677335,56.530216217041016,77300,0.0,0.0
2022-03-14 00:00:00-04:00,56.88133571867161,57.28880861875236,55.953687322177466,56.77729797363281,101500,0.375,0.0
2022-03-15 00:00:00-04:00,57.401516782844745,58.441874490973134,57.02005162842524,58.23379898071289,157200,0.0,0.0
2022-03-16 00:00:00-04:00,58.52856216657192,59.213462421837605,57.167433121507,58.1297607421875,93600,0.0,0.0
2022-03-17 00:00:00-04:00,59.34351065385328,59.57759395748713,58.34651024347358,59.404197692871094,101800,0.0,0.0
2022-03-18 00:00:00-04:00,59.56025400012795,59.638283976702205,58.04307133447586,59.52558135986328,294200,0.0,0.0
2022-03-21 00:00:00-04:00,59.84635395305028,60.314513977635315,58.372521983142725,58.77999496459961,107300,0.0,0.0
2022-03-22 00:00:00-04:00,59.178787650552565,59.473551354805586,58.06040663883426,58.5372314453125,158200,0.0,0.0
2022-03-23 00:00:00-04:00,58.2164589050196,58.2164589050196,56.44785686829097,56.65592575073242,130000,0.0,0.0
2022-03-24 00:00:00-04:00,56.647251891848406,56.777297418277314,55.65891647401307,55.806304931640625,104400,0.0,0.0
2022-03-25 00:00:00-04:00,55.85831187352752,56.577891276213435,55.58088454668815,56.161746978759766,98500,0.0,0.0
2022-03-28 00:00:00-04:00,56.17910203466555,56.17910203466555,54.44517590682488,55.03470993041992,156600,0.0,0.0
2022-03-29 00:00:00-04:00,55.72827543588191,56.638587514103705,55.36415325034931,55.97102355957031,165000,0.0,0.0
2022-03-30 00:00:00-04:00,55.84964882457013,56.257121719160224,54.237103484539446,54.401824951171875,115500,0.0,0.0
2022-03-31 00:00:00-04:00,54.34114153437574,54.67058779674212,52.39047835860914,52.546531677246094,154900,0.0,0.0
2022-04-01 00:00:00-04:00,53.1360621649966,53.309455097185406,51.228746525310015,52.71992111206055,222900,0.0,0.0
2022-04-04 00:00:00-04:00,52.95400092099806,52.95400092099806,51.618879646366544,52.581207275390625,112000,0.0,0.0
2022-04-05 00:00:00-04:00,52.67657250485847,52.95400319177052,50.53518012436907,50.59586715698242,162200,0.0,0.0
2022-04-06 00:00:00-04:00,50.13638802301688,50.353128410512824,49.269426473033086,49.633548736572266,471100,0.0,0.0
2022-04-07 00:00:00-04:00,49.919626733189126,50.10168778872616,48.61051348883544,49.12202072143555,221500,0.0,0.0
2022-04-08 00:00:00-04:00,49.0440008878574,49.46014191848504,47.36209714233798,48.63652801513672,265900,0.0,0.0
2022-04-11 00:00:00-04:00,48.723232360385765,49.980327078114385,48.08167945580308,48.159706115722656,173600,0.0,0.0
2022-04-12 00:00:00-04:00,48.16837768651716,48.523831736434715,45.740883064724244,46.58183670043945,254400,0.0,0.0
2022-04-13 00:00:00-04:00,46.616509996182806,46.815910700450964,45.45478170947641,46.217708587646484,276300,0.0,0.0
2022-04-14 00:00:00-04:00,46.51248178219266,46.937291028486904,45.01263560635068,45.03864669799805,188300,0.0,0.0
2022-04-18 00:00:00-04:00,44.82190604784226,45.89693635595097,44.70920013729696,45.77556228637695,170200,0.0,0.0
2022-04-19 00:00:00-04:00,45.81891405966676,46.51248590705122,45.60217368415803,46.22638702392578,152000,0.0,0.0
2022-04-20 00:00:00-04:00,46.48646689940364,47.604847840366375,46.30440580869671,46.963294982910156,195400,0.0,0.0
2022-04-21 00:00:00-04:00,47.5701649234771,47.830252648312005,45.50679944021799,46.018306732177734,166900,0.0,0.0
2022-04-22 00:00:00-04:00,45.8535970504879,45.931623724317944,44.34508576603488,44.44044876098633,304700,0.0,0.0
2022-04-25 00:00:00-04:00,44.223703914941034,44.82190945647024,43.2093605644803,44.44911575317383,237300,0.0,0.0
2022-04-26 00:00:00-04:00,44.07631865966153,44.83924563414376,43.88558608924214,44.05897903442383,206300,0.0,0.0
2022-04-27 00:00:00-04:00,44.06765189118132,44.977960748115514,43.48678600257293,43.72953414916992,247400,0.0,0.0
2022-04-28 00:00:00-04:00,44.10232307117695,45.51547100162291,42.63715957619113,44.57915115356445,306800,0.0,0.0
2022-04-29 00:00:00-04:00,44.30172968477114,45.506808903140886,44.30172968477114,44.73521041870117,335900,0.0,0.0
2022-05-02 00:00:00-04:00,45.038636559823104,45.32473204598116,43.95493502232589,44.60515594482422,246400,0.0,0.0
2022-05-03 00:00:00-04:00,45.160021296904425,46.85059675717251,44.80456724072051,46.607845306396484,285200,0.0,0.0
2022-05-04 00:00:00-04:00,46.3304124244573,49.74624219157273,46.05298506259549,49.676883697509766,306700,0.0,0.0
2022-05-05 00:00:00-04:00,49.05267993138588,49.20872994818474,47.70021889250047,48.3937873840332,270200,0.0,0.0
2022-05-06 00:00:00-04:00,47.94296204416542,49.070011138916016,47.62218727034146,49.070011138916016,184100,0.0,0.0
2022-05-09 00:00:00-04:00,48.376445431044736,50.656554837762506,48.376445431044736,49.572853088378906,391400,0.0,0.0
2022-05-10 00:00:00-04:00,49.82427163297056,49.82427163297056,46.893941238670216,47.336090087890625,244100,0.0,0.0
2022-05-11 00:00:00-04:00,47.52682044471757,48.757907268566925,47.33608789141252,47.84759521484375,131600,0.0,0.0
2022-05-12 00:00:00-04:00,47.88227523635621,48.48047738067311,47.30141271600147,48.437129974365234,151800,0.0,0.0
2022-05-13 00:00:00-04:00,48.75791018875157,49.87628787205284,48.445803558176245,48.69721984863281,126300,0.0,0.0
2022-05-16 00:00:00-04:00,49.078685990022365,49.3301055928581,48.58451825048747,48.653873443603516,132800,0.0,0.0
2022-05-17 00:00:00-04:00,49.40813016246257,51.01200738158307,49.40813016246257,50.673892974853516,175700,0.0,0.0
2022-05-18 00:00:00-04:00,49.87628968825786,50.58719779170204,48.51516051650289,49.03533935546875,176900,0.0,0.0
2022-05-19 00:00:00-04:00,48.50648939810554,50.075687363955794,48.281077589480475,49.061344146728516,187900,0.0,0.0
2022-05-20 00:00:00-04:00,49.48615759238844,49.48615759238844,47.24072746618365,48.41979217529297,181900,0.0,0.0
2022-05-23 00:00:00-04:00,48.94863244602801,49.1480331410021,48.246395934857226,48.37643814086914,119500,0.0,0.0
2022-05-24 00:00:00-04:00,48.194390095061024,48.29842454942999,46.555833383168235,47.87361526489258,149800,0.0,0.0
2022-05-25 00:00:00-04:00,47.82158703926975,49.00932314054002,47.82158703926975,48.80125427246094,111800,0.0,0.0
2022-05-26 00:00:00-04:00,49.24339557162047,49.51215473460923,48.35042659259787,48.8359260559082,116900,0.0,0.0
2022-05-27 00:00:00-04:00,48.79257547798953,49.19138014509445,48.324418941535605,48.41111373901367,82000,0.0,0.0
2022-05-31 00:00:00-04:00,47.99497919152685,48.4978150372511,47.23205230411611,48.10768508911133,164800,0.0,0.0
2022-06-01 00:00:00-04:00,48.463147738359325,48.463147738359325,47.22339256548067,47.57017517089844,95100,0.0,0.0
2022-06-02 00:00:00-04:00,47.613518141549314,48.896623914206785,47.613518141549314,48.48915100097656,133400,0.0,0.0
2022-06-03 00:00:00-04:00,48.1770443358041,48.76657834751411,47.7782428888224,48.69721984863281,282100,0.0,0.0
2022-06-06 00:00:00-04:00,49.17404973543659,49.51216413900896,48.40245464888525,48.8879508972168,98300,0.0,0.0
2022-06-07 00:00:00-04:00,48.471813598692115,49.35611465743357,48.33309990166573,48.99198913574219,116100,0.0,0.0
2022-06-08 00:00:00-04:00,48.57583985767654,48.75790424143475,47.31874863714348,47.457462310791016,73700,0.0,0.0
2022-06-09 00:00:00-04:00,47.1973782462948,47.41411860006448,46.09633685228139,46.200374603271484,128100,0.0,0.0
2022-06-10 00:00:00-04:00,45.87092279749105,46.05298387893443,44.69185488628544,44.88258743286133,101700,0.0,0.0
2022-06-13 00:00:00-04:00,44.015625211241,44.43176623472233,41.90024084841218,42.04762268066406,120600,0.0,0.0
2022-06-14 00:00:00-04:00,42.10442203493852,43.318891493612696,41.85978233564936,43.23151779174805,218100,0.375,0.0
2022-06-15 00:00:00-04:00,43.66837380020467,43.69458424277938,41.65008639780857,42.49759292602539,237500,0.0,0.0
2022-06-16 00:00:00-04:00,41.69377559193249,41.80735640025035,39.867706959912034,40.11234664916992,259800,0.0,0.0
2022-06-17 00:00:00-04:00,40.907432094155546,41.44913573298168,40.27835475037935,41.27439498901367,300400,0.0,0.0
2022-06-21 00:00:00-04:00,41.52776704468527,41.83356998784643,40.793844647250566,40.8986930847168,121700,0.0,0.0
2022-06-22 00:00:00-04:00,40.22592448132251,41.81608887802516,40.22592448132251,41.38796615600586,176700,0.0,0.0
2022-06-23 00:00:00-04:00,41.4578635613334,42.45390019771132,41.038479889856646,42.28789520263672,130100,0.0,0.0
2022-06-24 00:00:00-04:00,42.7859126397084,43.89553337247844,42.558744405900164,43.24898147583008,257200,0.0,0.0
2022-06-27 00:00:00-04:00,43.53731649107099,44.32365973315642,43.05676951022557,43.59847640991211,120300,0.0,0.0
2022-06-28 00:00:00-04:00,43.956703910313486,44.24502879006026,42.54127995639554,42.602439880371094,159700,0.0,0.0
2022-06-29 00:00:00-04:00,42.873293684068344,43.371312116267475,42.183056441909585,43.00435256958008,189300,0.0,0.0
2022-06-30 00:00:00-04:00,42.567487534533385,44.12270251710211,42.567487534533385,43.46741485595703,159600,0.0,0.0
2022-07-01 00:00:00-04:00,43.31889168854898,44.882842629855865,43.15288332074207,44.8653678894043,214200,0.0,0.0
2022-07-05 00:00:00-04:00,44.26250857614062,45.70414313811922,43.64217022911774,45.686668395996094,186000,0.0,0.0
2022-07-06 00:00:00-04:00,45.29348353258135,45.677917762800135,43.816903194162755,44.08775329589844,114400,0.0,0.0
2022-07-07 00:00:00-04:00,44.14018290805266,44.49840674204043,43.57226552913666,43.96543884277344,167100,0.0,0.0
2022-07-08 00:00:00-04:00,43.96543824930539,44.03533720765988,42.96940142351444,43.51984405517578,97400,0.0,0.0
2022-07-11 00:00:00-04:00,43.38877977172598,44.00911795152798,43.22277476575464,43.84311294555664,81600,0.0,0.0
2022-07-12 00:00:00-04:00,43.84312008144544,45.45075952244138,43.84312008144544,44.21881866455078,108900,0.0,0.0
2022-07-13 00:00:00-04:00,43.816909087491396,44.16639388934143,42.82086890315585,43.58100509643555,216900,0.0,0.0
2022-07-14 00:00:00-04:00,43.06550328497657,43.06550328497657,41.990831985670276,42.934444427490234,124000,0.0,0.0
2022-07-15 00:00:00-04:00,43.642158853109244,44.02659308071051,43.021820667787175,43.47615051269531,114100,0.0,0.0
2022-07-18 00:00:00-04:00,43.11793041632482,43.57226363309419,42.41895751858951,42.64612579345703,135400,0.0,0.0
2022-07-19 00:00:00-04:00,43.18782960993262,44.85662887061954,43.18782960993262,44.67314910888672,157700,0.0,0.0
2022-07-20 00:00:00-04:00,44.43724804643096,45.10127151327237,43.982914797343284,45.031375885009766,132900,0.0,0.0
2022-07-21 00:00:00-04:00,44.48966405571746,44.970211029052734,44.03533418941683,44.970211029052734,62200,0.0,0.0
2022-07-22 00:00:00-04:00,45.07504887310079,45.573067171721895,44.15764691948113,44.594505310058594,94400,0.0,0.0
2022-07-25 00:00:00-04:00,44.57704517584192,45.564346395171036,44.57704517584192,45.179908752441406,82500,0.0,0.0
2022-07-26 00:00:00-04:00,45.33716591189607,45.45075003336823,44.577033200738235,45.12747573852539,97400,0.0,0.0
2022-07-27 00:00:00-04:00,45.19738025218994,46.27205176799161,44.79547122994851,46.00120162963867,110400,0.0,0.0
2022-07-28 00:00:00-04:00,46.464266099883254,47.87095087519471,45.9225625423913,46.979759216308594,134400,0.0,0.0
2022-07-29 00:00:00-04:00,47.2506083760936,48.62234355026156,46.89238127152332,47.748626708984375,174800,0.0,0.0
2022-08-01 00:00:00-04:00,47.5476779798699,48.124334404849705,47.20692887999339,47.6437873840332,100800,0.0,0.0
2022-08-02 00:00:00-04:00,47.82726440633898,48.028218892684954,45.64297216392785,45.704132080078125,81300,0.0,0.0
2022-08-03 00:00:00-04:00,45.704130562078205,45.96624495586868,44.77798948218882,45.62549591064453,112400,0.0,0.0
2022-08-04 00:00:00-04:00,45.74781977327265,46.481742140388036,45.476966320456214,46.2458381652832,121100,0.0,0.0
2022-08-05 00:00:00-04:00,45.87014194745813,46.569114872445276,45.87014194745813,46.158470153808594,69400,0.0,0.0
2022-08-08 00:00:00-04:00,46.49921147812072,47.119549637100754,46.14972340753084,46.3681526184082,95300,0.0,0.0
2022-08-09 00:00:00-04:00,46.32447288415402,46.32447288415402,45.38085698250225,46.044883728027344,114300,0.0,0.0
2022-08-10 00:00:00-04:00,46.88364299109206,47.486506378549336,46.88364299109206,47.01470184326172,111400,0.0,0.0
2022-08-11 00:00:00-04:00,47.37293946089576,48.01075250667707,47.27683005223613,47.766109466552734,87600,0.0,0.0
2022-08-12 00:00:00-04:00,47.97579679843429,48.569924581254234,47.35545857409645,48.43013000488281,112800,0.0,0.0
2022-08-15 00:00:00-04:00,48.23791020825247,48.33401960243799,47.45156698239608,47.77484130859375,96400,0.0,0.0
2022-08-16 00:00:00-04:00,47.50399276844309,48.37770977601479,47.1370332250866,47.83600616455078,98800,0.0,0.0
2022-08-17 00:00:00-04:00,47.47778011975713,47.975798524306285,47.09334585414756,47.52146530151367,85700,0.0,0.0
2022-08-18 00:00:00-04:00,47.80979358929101,48.762145218402566,47.80979358929101,48.727195739746094,81100,0.0,0.0
2022-08-19 00:00:00-04:00,48.36022537610826,48.70971344251418,47.99326590605074,48.325279235839844,135900,0.0,0.0
2022-08-22 00:00:00-04:00,47.59136754002356,47.59136754002356,46.47300747874629,46.8836555480957,98900,0.0,0.0
2022-08-23 00:00:00-04:00,47.17198295728783,47.62631287064212,47.040924072265625,47.040924072265625,84700,0.0,0.0
2022-08-24 00:00:00-04:00,47.163239846687524,47.25934924300631,46.193413513602465,46.237098693847656,65200,0.0,0.0
2022-08-25 00:00:00-04:00,46.13224740393979,47.62630236540336,46.13224740393979,47.50398254394531,71400,0.0,0.0
2022-08-26 00:00:00-04:00,47.39041397469923,47.39041397469923,46.184683519689465,46.51669692993164,74100,0.0,0.0
2022-08-29 00:00:00-04:00,45.931295828777365,46.420578478396315,45.53812256863404,45.65170669555664,61100,0.0,0.0
2022-08-30 00:00:00-04:00,45.86140525527086,46.00119983725424,45.0663229453093,45.319698333740234,69500,0.0,0.0
2022-08-31 00:00:00-04:00,45.38959212109859,45.48570151019587,44.061542077045566,44.24502182006836,106700,0.0,0.0
2022-09-01 00:00:00-04:00,44.061544822522976,44.454718105617154,43.30141203051795,43.79069137573242,105700,0.0,0.0
2022-09-02 00:00:00-04:00,44.41102969682991,46.228359036711225,44.39355495963346,45.206111907958984,127200,0.0,0.0
2022-09-06 00:00:00-04:00,45.03137564859587,45.32843956632569,44.00038930664918,44.61199188232422,233300,0.0,0.0
2022-09-07 00:00:00-04:00,44.542095311679226,45.258543034126696,43.930492703184385,45.16243362426758,171100,0.0,0.0
2022-09-08 00:00:00-04:00,44.84788834548805,45.88761021648242,44.46345079123122,45.83518600463867,145200,0.0,0.0
2022-09-09 00:00:00-04:00,46.27204162333313,47.163233172679234,46.27204162333313,46.89237976074219,83100,0.0,0.0
2022-09-12 00:00:00-04:00,47.259343669588816,47.87094611979046,46.97975454943354,47.34671401977539,96100,0.0,0.0
2022-09-13 00:00:00-04:00,46.472994389762654,46.68268788374444,44.26249199998952,44.594505310058594,129700,0.0,0.0
2022-09-14 00:00:00-04:00,44.53280543929407,44.53280543929407,42.346714067496066,42.452491760253906,199100,0.45,0.0
2022-09-15 00:00:00-04:00,42.44367715367778,43.633685410744135,42.44367715367778,43.2105712890625,148300,0.0,0.0
2022-09-16 00:00:00-04:00,42.76983022993286,43.8716910560463,42.33789930654694,43.801170349121094,279900,0.0,0.0
2022-09-19 00:00:00-04:00,43.475023789645796,43.924584923923675,43.14005713152284,43.35161590576172,134900,0.0,0.0
2022-09-20 00:00:00-04:00,42.97257367403517,42.97257367403517,41.253670054551264,42.082271575927734,178600,0.0,0.0
2022-09-21 00:00:00-04:00,42.52301310151415,43.70420800329544,42.52301310151415,42.875606536865234,111000,0.0,0.0
2022-09-22 00:00:00-04:00,42.76101047144137,42.77864064694039,39.93143287478491,40.23995590209961,203900,0.0,0.0
2022-09-23 00:00:00-04:00,39.85209985146227,39.85209985146227,37.877567218377905,38.7061653137207,342900,0.0,0.0
2022-09-26 00:00:00-04:00,38.785502165354714,38.96180057499246,37.04896837873352,37.939273834228516,269800,0.0,0.0
2022-09-27 00:00:00-04:00,38.40645743900285,39.19098174285158,37.419191163803156,37.70126724243164,168200,0.0,0.0
2022-09-28 00:00:00-04:00,37.89519350629216,39.190979362989204,37.58667050223142,38.626827239990234,220400,0.0,0.0
2022-09-29 00:00:00-04:00,38.22134694908391,38.73260859809055,37.436822618424536,38.5474967956543,135700,0.0,0.0
2022-09-30 00:00:00-04:00,38.6709083489173,39.31439469676071,38.406462411293134,38.46816635131836,158000,0.0,0.0
2022-10-03 00:00:00-04:00,38.891279243439335,39.384914109999386,38.238979509619284,39.22624588012695,128200,0.0,0.0
2022-10-04 00:00:00-04:00,39.966698478621005,41.7296759088864,39.92262471538689,41.24485778808594,114900,0.0,0.0
2022-10-05 00:00:00-04:00,40.48677868571316,40.68952069534664,39.12047179137546,40.054847717285156,111800,0.0,0.0
2022-10-06 00:00:00-04:00,39.860922582906184,40.1958858887735,39.65818057274037,40.028404235839844,94200,0.0,0.0
2022-10-07 00:00:00-04:00,39.64935910933993,40.19588113130268,38.60920223239037,38.64446258544922,188000,0.0,0.0
2022-10-10 00:00:00-04:00,39.049953602101155,39.428994059328886,38.203725151709776,38.247798919677734,110300,0.0,0.0
2022-10-11 00:00:00-04:00,38.23016066911306,38.9882414235284,37.72771242260285,38.009788513183594,150200,0.0,0.0
2022-10-12 00:00:00-04:00,37.851120816365906,37.992158863610484,36.872671255076064,37.419193267822266,119500,0.0,0.0
2022-10-13 00:00:00-04:00,36.87266481230452,39.27912796440251,36.44073397661999,38.829566955566406,135700,0.0,0.0
2022-10-14 00:00:00-04:00,39.06757419197076,39.279132933944176,37.70126754467102,37.85993576049805,130700,0.0,0.0
2022-10-17 00:00:00-04:00,38.55631361805912,39.138095971241334,38.12438271583325,38.41527557373047,110000,0.0,0.0
2022-10-18 00:00:00-04:00,38.415278675783725,39.29676736467151,37.595493926109086,38.01860809326172,149200,0.0,0.0
2022-10-19 00:00:00-04:00,37.63074199552686,37.8158571318865,35.87658180362868,36.68754959106445,199100,0.0,0.0
2022-10-20 00:00:00-04:00,36.66111062317804,37.207632607902426,36.0969584631255,36.2556266784668,110800,0.0,0.0
2022-10-21 00:00:00-04:00,36.59940389176859,36.74925532667933,35.903027151318774,36.114585876464844,114300,0.0,0.0
2022-10-24 00:00:00-04:00,36.34376827635372,36.85503318980875,35.93828439764829,36.669918060302734,88600,0.0,0.0
2022-10-25 00:00:00-04:00,36.55533173644497,38.01860261463109,36.55533173644497,37.84230422973633,89400,0.0,0.0
2022-10-26 00:00:00-04:00,38.13319406935282,38.66208922906848,37.75415707774952,38.10675048828125,139200,0.0,0.0
2022-10-27 00:00:00-04:00,36.943192786217324,37.31341980384542,34.83643524548266,35.30362319946289,300200,0.0,0.0
2022-10-28 00:00:00-04:00,35.43584921180861,35.823703059906954,34.14887641517007,35.32125473022461,200700,0.0,0.0
2022-10-31 00:00:00-04:00,34.836435040103865,35.3124397616997,34.28991296861198,34.34280014038086,205900,0.0,0.0
2022-11-01 00:00:00-04:00,34.704207666241274,34.704207666241274,33.752201660255785,34.06953811645508,177300,0.0,0.0
2022-11-02 00:00:00-04:00,33.99020684198482,34.30753996208209,33.355533876564955,33.51420211791992,195600,0.0,0.0
2022-11-03 00:00:00-04:00,33.02937775595177,33.22330295455257,31.93633045085949,32.13907241821289,170900,0.0,0.0
2022-11-04 00:00:00-04:00,32.71203931464915,32.98529860210212,31.97158882788463,32.39470291137695,125400,0.0,0.0
2022-11-07 00:00:00-05:00,32.51811576329093,32.61508005281728,31.698331049711125,32.22722625732422,116800,0.0,0.0
2022-11-08 00:00:00-05:00,32.350635138620895,32.897157177170634,31.795296330232677,32.21841049194336,180200,0.0,0.0
2022-11-09 00:00:00-05:00,32.103806213149646,32.90596389273258,31.88343411109581,32.421142578125,100400,0.0,0.0
2022-11-10 00:00:00-05:00,33.77864802693491,34.91576930112708,33.3907941944114,34.42213439941406,288500,0.0,0.0
2022-11-11 00:00:00-05:00,34.60724608702913,36.30851960625457,34.2810961982083,36.02644348144531,143100,0.0,0.0
2022-11-14 00:00:00-05:00,35.955925882178775,36.14103770731115,34.88050856216909,34.959842681884766,167800,0.0,0.0
2022-11-15 00:00:00-05:00,35.541626113629945,36.05289120243432,35.21547621782083,35.6209602355957,145900,0.0,0.0
2022-11-16 00:00:00-05:00,35.37414241446507,35.576884411618764,34.88050753273485,35.20665740966797,164000,0.0,0.0
2022-11-17 00:00:00-05:00,34.67776819880897,35.93829740355657,34.67776819880897,35.241920471191406,149600,0.0,0.0
2022-11-18 00:00:00-05:00,35.73555122072158,36.15866537563368,35.57688299230299,35.88540267944336,296300,0.0,0.0
2022-11-21 00:00:00-05:00,35.717914246035924,36.87266538583836,35.717914246035924,36.282066345214844,166800,0.0,0.0
2022-11-22 00:00:00-05:00,36.38785206394178,36.89911711843151,36.158666483985606,36.41429901123047,145200,0.0,0.0
2022-11-23 00:00:00-05:00,36.405481362248736,37.19882250950422,36.02644096551695,36.740447998046875,164300,0.0,0.0
2022-11-25 00:00:00-05:00,36.89030313199461,38.485798992557704,36.89030313199461,38.450538635253906,140100,0.0,0.0
2022-11-28 00:00:00-05:00,38.03624378948255,38.5210619661938,37.419200945207784,37.63075637817383,223500,0.0,0.0
2022-11-29 00:00:00-05:00,37.56023610796106,38.353573963966504,37.216456034097426,37.97453689575195,135600,0.0,0.0
2022-11-30 00:00:00-05:00,37.648383516066275,39.13810164814374,36.45837505459822,39.01469039916992,226600,0.0,0.0
2022-12-01 00:00:00-05:00,39.14691147641153,39.358470235551614,38.706167143931054,39.06757736206055,182000,0.0,0.0
2022-12-02 00:00:00-05:00,38.432902821338494,38.5739408672611,37.34867221281867,37.39274597167969,180800,0.0,0.0
2022-12-05 00:00:00-05:00,37.3927503073113,38.0626836250806,37.0930473672614,37.60430908203125,211800,0.0,0.0
2022-12-06 00:00:00-05:00,37.51616220726352,37.94808980936004,37.23408607780094,37.89520263671875,157000,0.0,0.0
2022-12-07 00:00:00-05:00,37.73652904426747,38.476979619798136,37.586674230263334,37.93045425415039,187600,0.0,0.0
2022-12-08 00:00:00-05:00,37.95690671727014,38.60039310009922,37.68364399472106,37.97453689575195,132900,0.0,0.0
2022-12-09 00:00:00-05:00,37.798240661621094,38.42409690219809,37.78942389056344,37.798240661621094,144100,0.0,0.0
2022-12-12 00:00:00-05:00,37.79822815275977,38.67971666048432,37.51615209929686,38.662086486816406,221900,0.0,0.0
2022-12-13 00:00:00-05:00,39.44661865066652,40.25758662674914,37.94808721376116,38.74142837524414,603400,0.0,0.0
2022-12-14 00:00:00-05:00,39.026413533959854,40.05061333830025,39.026413533959854,39.364845275878906,272700,0.45,0.0
2022-12-15 00:00:00-05:00,38.63456391239269,38.80377815642484,37.31646489217693,37.68161392211914,380900,0.0,0.0
2022-12-16 00:00:00-05:00,37.21849055938718,38.06456841658424,37.21849055938718,37.78847885131836,1027300,0.0,0.0
2022-12-19 00:00:00-05:00,37.91316421985871,38.11800355455004,36.425851199422276,37.05818176269531,273700,0.0,0.0
2022-12-20 00:00:00-05:00,37.2808326119772,37.735040967931376,36.995838467574934,37.6014518737793,269200,0.0,0.0
2022-12-21 00:00:00-05:00,37.850812790710805,38.61673566370643,37.797375126060835,38.518768310546875,185900,0.0,0.0
2022-12-22 00:00:00-05:00,38.064567462720206,38.064567462720206,36.81771555731709,37.64598083496094,152300,0.0,0.0
2022-12-23 00:00:00-05:00,37.69942648423813,37.97551270358539,37.43224144985211,37.68161392211914,76400,0.0,0.0
2022-12-27 00:00:00-05:00,37.64597534229227,38.447519966762236,37.1739545057467,38.2337760925293,126500,0.0,0.0
2022-12-28 00:00:00-05:00,38.349558441134356,38.52767721517183,36.99583469458298,37.03145980834961,177700,0.0,0.0
2022-12-29 00:00:00-05:00,37.63707265081948,38.6078349925551,37.102709492802745,38.483150482177734,197700,0.0,0.0
2022-12-30 00:00:00-05:00,38.251594996196644,38.38518409041216,37.73504098584841,38.055660247802734,151900,0.0,0.0
2023-01-03 00:00:00-05:00,38.37627559340383,39.587502282780264,38.322837922732106,38.85720443725586,193700,0.0,0.0
2023-01-04 00:00:00-05:00,39.231259633103576,40.175304804664876,38.59892912448513,40.095149993896484,225900,0.0,0.0
2023-01-05 00:00:00-05:00,39.810156369036186,39.810156369036186,38.98189111309921,39.21344757080078,144000,0.0,0.0
2023-01-06 00:00:00-05:00,39.756720165875024,40.816545316111636,39.355946092146816,40.79873275756836,130100,0.0,0.0
2023-01-09 00:00:00-05:00,40.79872614645724,41.181687599586304,39.810151390584444,40.023895263671875,180100,0.0,0.0
2023-01-10 00:00:00-05:00,40.041712827241795,40.5048291400488,39.69437644198605,40.4335823059082,153100,0.0,0.0
2023-01-11 00:00:00-05:00,40.700762751575546,41.252938441107176,40.647325079402314,41.12825393676758,196200,0.0,0.0
2023-01-12 00:00:00-05:00,41.448873397507896,42.37510600242827,41.17278385256107,41.88526916503906,159200,0.0,0.0
2023-01-13 00:00:00-05:00,41.61808270659525,41.86745168730732,41.17277901395366,41.40433883666992,312000,0.0,0.0
2023-01-17 00:00:00-05:00,41.41324573283156,41.41324573283156,40.6562307719432,40.92341232299805,127300,0.0,0.0
2023-01-18 00:00:00-05:00,40.96794891357422,42.26823517241207,40.959044332578706,40.96794891357422,318200,0.0,0.0
2023-01-19 00:00:00-05:00,40.78982231042319,41.297468307282976,40.13967925124131,40.8610725402832,286000,0.0,0.0
2023-01-20 00:00:00-05:00,41.0748123474798,41.671521072282744,40.780913672049635,41.2796516418457,330900,0.0,0.0
2023-01-23 00:00:00-05:00,41.270752106890036,42.43744916685454,41.119347063698626,42.14354705810547,346600,0.0,0.0
2023-01-24 00:00:00-05:00,41.92088491068332,42.82040017703072,41.75167074847607,41.903072357177734,180800,0.0,0.0
2023-01-25 00:00:00-05:00,41.72496076427584,42.95400008758709,41.44887460865963,42.74916076660156,468800,0.0,0.0
2023-01-26 00:00:00-05:00,43.01634212506278,43.32805679252003,42.44635386129849,42.5621337890625,177000,0.0,0.0
2023-01-27 00:00:00-05:00,42.62447844401772,43.06978222484131,41.96542735354359,42.53541564941406,192900,0.0,0.0
2023-01-30 00:00:00-05:00,42.38401504838527,42.72244688149639,41.44887776488713,41.53793716430664,202500,0.0,0.0
2023-01-31 00:00:00-05:00,41.73386649287111,43.05196513778569,41.73386649287111,42.54431915283203,199600,0.0,0.0
2023-02-01 00:00:00-05:00,42.5621278178031,44.39677685972732,41.84964258805596,44.18303298950195,401500,0.0,0.0
2023-02-02 00:00:00-05:00,44.512565064101274,45.97316090654665,44.08507384660981,45.39426803588867,255700,0.0,0.0
2023-02-03 00:00:00-05:00,44.966774076460275,46.062220891497304,44.77083933969987,45.87519073486328,246700,0.0,0.0
2023-02-06 00:00:00-05:00,45.7416034836859,45.937538228307005,45.18051978606971,45.25177001953125,244000,0.0,0.0
2023-02-07 00:00:00-05:00,44.81537015652128,45.52785549339005,44.58381369606321,45.180519104003906,181200,0.0,0.0
2023-02-08 00:00:00-05:00,44.672879262891335,45.4744275010156,44.58381985749911,44.6995964050293,209300,0.0,0.0
2023-02-09 00:00:00-05:00,44.31663639746747,44.69069338748245,37.601457112365964,39.712196350097656,1133500,0.0,0.0
2023-02-10 00:00:00-05:00,39.62312801885501,41.36871785277239,39.30250878458491,41.35980987548828,390900,0.0,0.0
2023-02-13 00:00:00-05:00,41.49340646572344,42.882755486050826,41.324192251940545,41.5112190246582,333100,0.0,0.0
2023-02-14 00:00:00-05:00,41.19950159713306,41.769493252911765,40.84326063434412,41.42215347290039,227700,0.0,0.0
2023-02-15 00:00:00-05:00,41.13715868892974,41.493403043446335,40.78982231184492,41.431060791015625,161900,0.0,0.0
2023-02-16 00:00:00-05:00,40.86998275172071,41.42215851962738,40.1931224617769,40.273277282714844,162100,0.0,0.0
2023-02-17 00:00:00-05:00,40.273274226003515,40.8877922082873,39.70328594143917,40.682952880859375,237400,0.0,0.0
2023-02-21 00:00:00-05:00,40.05062053149921,40.16639706086215,38.93736115179241,39.1422004699707,397000,0.0,0.0
2023-02-22 00:00:00-05:00,38.98188747206051,39.80124467382554,38.74142305917788,38.94626235961914,398400,0.0,0.0
2023-02-23 00:00:00-05:00,38.99079793749109,39.026423055310396,37.521297500126316,38.50987243652344,442600,0.0,0.0
2023-02-24 00:00:00-05:00,37.77956901082966,38.349560672060605,37.46785774073293,37.95769119262695,165200,0.0,0.0
2023-02-27 00:00:00-05:00,38.34956286117275,38.830488362860706,38.18925322814402,38.39409255981445,105700,0.0,0.0
2023-02-28 00:00:00-05:00,38.39409471372283,38.5276838171423,37.83301096664548,37.8419189453125,399000,0.0,0.0
2023-03-01 00:00:00-05:00,37.92207376632355,38.58112149694914,37.43223686159023,37.8419189453125,270300,0.0,0.0
2023-03-02 00:00:00-05:00,37.405513400832184,37.76175774456115,36.33678376704312,36.79990005493164,176600,0.0,0.0
2023-03-03 00:00:00-05:00,36.986927318882934,36.986927318882934,36.37240938470624,36.56834411621094,239500,0.0,0.0
2023-03-06 00:00:00-05:00,36.639585348150796,37.1917609465362,35.75788598591897,35.784603118896484,195600,0.0,0.0
2023-03-07 00:00:00-05:00,35.757895745061525,35.9271099624305,35.134469758725785,35.6866455078125,211100,0.0,0.0
2023-03-08 00:00:00-05:00,35.846958056428036,36.648506303605735,35.811332934909345,36.41694641113281,307500,0.0,0.0
2023-03-09 00:00:00-05:00,36.53271868798241,36.66630776953502,35.81132541696602,35.84695053100586,301200,0.0,0.0
2023-03-10 00:00:00-05:00,35.56195360156115,35.713355228162186,34.439786379822166,35.187896728515625,281000,0.0,0.0
2023-03-13 00:00:00-04:00,34.42197998743569,34.48432223838625,32.39139265073873,33.905426025390625,507100,0.0,0.0
2023-03-14 00:00:00-04:00,35.20324241441067,35.47361992324512,34.166791286169286,34.48223114013672,343200,0.45,0.0
2023-03-15 00:00:00-04:00,33.45479752757843,34.88780223405097,33.157383272745115,34.8337287902832,282100,0.0,0.0
2023-03-16 00:00:00-04:00,34.36506488921823,35.248299793937846,33.79726979402846,34.220863342285156,256100,0.0,0.0
2023-03-17 00:00:00-04:00,34.01357976682328,34.4461844830867,32.454395756200746,32.787864685058594,1190400,0.0,0.0
2023-03-20 00:00:00-04:00,33.21145136568517,34.55433115749687,33.21145136568517,34.184814453125,381700,0.0,0.0
2023-03-21 00:00:00-04:00,34.941873665372945,35.6718959846955,34.67149617459892,35.47361755371094,398700,0.0,0.0
2023-03-22 00:00:00-04:00,35.392504878024575,35.68991909415707,34.59038347816745,34.6174201965332,289700,0.0,0.0
2023-03-23 00:00:00-04:00,34.788663005926736,35.068055071551456,34.10370635986328,34.10370635986328,219700,0.0,0.0
2023-03-24 00:00:00-04:00,33.80628447171987,34.986937126092194,33.355654160010246,34.896812438964844,205200,0.0,0.0
2023-03-27 00:00:00-04:00,35.545724107420575,35.81610509323394,35.21225857976435,35.365474700927734,207300,0.0,0.0
2023-03-28 00:00:00-04:00,35.13113576782671,35.35645090495082,34.69853111711276,35.22126388549805,186700,0.0,0.0
2023-03-29 00:00:00-04:00,35.60880610356252,35.680908604473125,35.12212797456183,35.28435516357422,260200,0.0,0.0
2023-03-30 00:00:00-04:00,35.762025460742436,36.05042861461642,35.230281501155375,35.57276153564453,193600,0.0,0.0
2023-03-31 00:00:00-04:00,35.83412742687235,36.383897057772195,35.653878019658094,36.36587142944336,208800,0.0,0.0
2023-04-03 00:00:00-04:00,36.22166603851209,36.663285291117376,35.500658171231045,35.80708694458008,177800,0.0,0.0
2023-04-04 00:00:00-04:00,35.96931587221138,36.05042947605398,34.7165639980044,35.16719436645508,197700,0.0,0.0
2023-04-05 00:00:00-04:00,34.93287131706005,35.42856756739688,34.93287131706005,35.06806182861328,134800,0.0,0.0
2023-04-06 00:00:00-04:00,35.20325064477785,35.6178298177866,35.19423611082177,35.48263931274414,101300,0.0,0.0
2023-04-10 00:00:00-04:00,35.34744609027204,35.96931474149184,35.032002779450615,35.51868438720703,186000,0.0,0.0
2023-04-11 00:00:00-04:00,35.70794697289445,36.33883013286122,35.70794697289445,35.98733901977539,101100,0.0,0.0
2023-04-12 00:00:00-04:00,36.40192106737551,37.0328042786824,36.23969385766697,36.951690673828125,187300,0.0,0.0
2023-04-13 00:00:00-04:00,36.93366176022661,37.690720858830176,36.70834659323789,37.44738006591797,237000,0.0,0.0
2023-04-14 00:00:00-04:00,37.49244419106281,37.78084734345278,36.78946193686687,37.140953063964844,193300,0.0,0.0
2023-04-17 00:00:00-04:00,37.149965329822344,37.66368362855188,37.077862827105506,37.510467529296875,136100,0.0,0.0
2023-04-18 00:00:00-04:00,37.645662599647814,37.889003418975776,37.14095533311163,37.33021926879883,180500,0.0,0.0
2023-04-19 00:00:00-04:00,37.131943932175055,37.35725912176588,36.48303508598166,37.11391830444336,195300,0.0,0.0
2023-04-20 00:00:00-04:00,37.113913036234706,37.35725381901574,36.79847319079808,37.07786178588867,135900,0.0,0.0
2023-04-21 00:00:00-04:00,37.2581179438458,37.41133061451401,36.58217241034935,37.31219482421875,154600,0.0,0.0
2023-04-24 00:00:00-04:00,37.222069923735354,37.55553545324471,36.609212311750184,36.87057876586914,122300,0.0,0.0
2023-04-25 00:00:00-04:00,36.32080184785216,36.70834418468781,35.85214591870122,35.96931076049805,112800,0.0,0.0
2023-04-26 00:00:00-04:00,35.45559517114523,36.44698054064298,35.45559517114523,36.320804595947266,227900,0.0,0.0
2023-04-27 00:00:00-04:00,35.861164609961,37.16799333194902,33.1754080966948,37.08687973022461,443400,0.0,0.0
2023-04-28 00:00:00-04:00,37.04181754198269,37.94307834288774,36.933667208524476,37.537513732910156,228000,0.0,0.0
2023-05-01 00:00:00-04:00,37.402320349047095,38.159379500862535,37.32120674570841,37.46540832519531,249800,0.0,0.0
2023-05-02 00:00:00-04:00,37.19502539049467,37.55552756782726,35.89721136363191,37.32120132446289,340600,0.0,0.0
2023-05-03 00:00:00-04:00,37.42935346454431,38.74519661837394,37.36626549447455,37.74479675292969,244600,0.0,0.0
2023-05-04 00:00:00-04:00,37.29415840539516,37.29415840539516,36.37487233329486,36.735374450683594,363300,0.0,0.0
2023-05-05 00:00:00-04:00,37.36627384668688,38.21346124219492,37.10490737624132,37.89801788330078,203400,0.0,0.0
2023-05-08 00:00:00-04:00,37.952093992743244,38.186420295136074,37.47442685438254,38.078269958496094,210800,0.0,0.0
2023-05-09 00:00:00-04:00,37.94307319703031,38.58297089179787,37.74479818558658,38.16838836669922,138900,0.0,0.0
2023-05-10 00:00:00-04:00,38.81730104908919,38.81730104908919,37.89801465206654,38.33963394165039,103000,0.0,0.0
2023-05-11 00:00:00-04:00,37.861963794595745,38.52889828346691,37.81690144327512,38.33061981201172,183700,0.0,0.0
2023-05-12 00:00:00-04:00,38.52889617446633,38.754211356773155,37.99715220670076,38.420745849609375,106700,0.0,0.0
2023-05-15 00:00:00-04:00,38.492845806891836,39.13274011425501,38.438772362236136,38.90742492675781,139400,0.0,0.0
2023-05-16 00:00:00-04:00,38.65506933205231,39.240890138915105,38.4838310435714,38.85334777832031,136700,0.0,0.0
2023-05-17 00:00:00-04:00,39.078664243764905,39.547320217231366,38.93446267023959,39.340030670166016,127900,0.0,0.0
2023-05-18 00:00:00-04:00,39.15075400249288,40.061029012336896,39.15075400249288,39.87176513671875,132000,0.0,0.0
2023-05-19 00:00:00-04:00,40.24129246212058,40.493644363165686,39.36706846487605,39.37607955932617,156400,0.0,0.0
2023-05-22 00:00:00-04:00,39.45719773186666,39.45719773186666,38.67310177848524,39.033607482910156,122600,0.0,0.0
2023-05-23 00:00:00-04:00,38.89841123367826,40.32240477379907,38.37568182138098,39.61941909790039,125500,0.0,0.0
2023-05-24 00:00:00-04:00,39.53830475285643,39.970909463233525,38.89841050030093,39.7996711730957,123800,0.0,0.0
2023-05-25 00:00:00-04:00,39.646458703032806,40.223264986358856,39.006561009308626,40.079063415527344,151100,0.0,0.0
2023-05-26 00:00:00-04:00,40.12412912627756,41.070452229087934,39.62843639985659,40.47562026977539,130900,0.0,0.0
2023-05-30 00:00:00-04:00,40.745988447399775,41.611197746173495,40.20523349517523,41.56613540649414,143400,0.0,0.0
2023-05-31 00:00:00-04:00,41.331811395549146,41.3948993620933,40.35844830366283,40.41252517700195,248100,0.0,0.0
2023-06-01 00:00:00-04:00,40.35845364575,40.49364412797427,39.898812194653665,40.2232666015625,164400,0.0,0.0
2023-06-02 00:00:00-04:00,40.74598934446739,41.45798601639946,40.439560614650816,40.484622955322266,255400,0.0,0.0
2023-06-05 00:00:00-04:00,40.12414032002631,40.12414032002631,38.29458158165065,39.42115783691406,194400,0.0,0.0
2023-06-06 00:00:00-04:00,39.430157197390955,40.62883562644934,39.430157197390955,39.92584991455078,206100,0.0,0.0
2023-06-07 00:00:00-04:00,40.31339232623806,41.07045148232859,39.98893791105114,40.09709167480469,397300,0.0,0.0
2023-06-08 00:00:00-04:00,40.18721705980834,40.34944427017337,39.12372909765396,39.412132263183594,199700,0.0,0.0
2023-06-09 00:00:00-04:00,39.385091291267614,39.56534410978413,38.76321923928748,39.249900817871094,136000,0.0,0.0
2023-06-12 00:00:00-04:00,39.2589102148676,39.312983646724454,38.38468639412994,38.93445587158203,145900,0.0,0.0
2023-06-13 00:00:00-04:00,38.93446103347614,39.889795128656374,38.93446103347614,39.02458572387695,139200,0.0,0.0
2023-06-14 00:00:00-04:00,38.99726743739842,39.26137867841922,38.00457645747735,38.23225784301758,142400,0.45,0.0
2023-06-15 00:00:00-04:00,38.041002153183406,38.869762166959426,38.041002153183406,38.85154724121094,124100,0.0,0.0
2023-06-16 00:00:00-04:00,39.552804650493925,39.552804650493925,38.79690089611735,39.37065887451172,390800,0.0,0.0
2023-06-20 00:00:00-04:00,39.26137283900631,40.05370297008182,38.56011385894483,39.70762634277344,141600,0.0,0.0
2023-06-21 00:00:00-04:00,39.43440520156862,39.716731298169044,39.24315372039157,39.65298080444336,151800,0.0,0.0
2023-06-22 00:00:00-04:00,39.543701732096686,39.66209702641247,38.75137147598213,39.23405838012695,113500,0.0,0.0
2023-06-23 00:00:00-04:00,38.96994993504353,39.24316692496321,37.458145551735946,37.512786865234375,594700,0.0,0.0
2023-06-26 00:00:00-04:00,37.53099830755783,38.69672934992916,37.53099830755783,38.18672180175781,251300,0.0,0.0
2023-06-27 00:00:00-04:00,36.41991381474505,37.7040366145999,36.25598294887916,37.38528060913086,314100,0.0,0.0
2023-06-28 00:00:00-04:00,37.35796255597885,37.74046562019004,37.066530657301115,37.28510284423828,214500,0.0,0.0
2023-06-29 00:00:00-04:00,37.449033974002965,37.68582456461405,36.957244813007435,37.30331802368164,290100,0.0,0.0
2023-06-30 00:00:00-04:00,37.74045628303031,37.79510105331637,37.11205705837692,37.46723937988281,204800,0.0,0.0
2023-07-03 00:00:00-04:00,37.14849126426709,38.250468204948966,36.82973527807409,37.83153533935547,68300,0.0,0.0
2023-07-05 00:00:00-04:00,37.458143634629856,37.576535457245505,37.030101505372606,37.348854064941406,146700,0.0,0.0
2023-07-06 00:00:00-04:00,37.020986610793095,37.020986610793095,36.201332411812444,36.556514739990234,108600,0.0,0.0
2023-07-07 00:00:00-04:00,36.49276598644906,37.42170629827163,36.49276598644906,37.03919982910156,133300,0.0,0.0
2023-07-10 00:00:00-04:00,36.84795217018621,37.46724577591556,36.72956035890119,37.03009796142578,131200,0.0,0.0
2023-07-11 00:00:00-04:00,37.07563217311579,37.430814542153485,37.066526447253594,37.2304573059082,136600,0.0,0.0
2023-07-12 00:00:00-04:00,37.849757204920024,38.259580945803435,37.43082078836999,38.09565353393555,99200,0.0,0.0
2023-07-13 00:00:00-04:00,38.30512245268502,40.026393391633604,38.25958339043935,39.98996353149414,228000,0.0,0.0
2023-07-14 00:00:00-04:00,40.07191776768929,40.07191776768929,38.806010012254504,39.04279708862305,114900,0.0,0.0
2023-07-17 00:00:00-04:00,39.10655100332849,39.780489389612235,39.10655100332849,39.32512664794922,144400,0.0,0.0
2023-07-18 00:00:00-04:00,38.75137213990275,40.317821225206146,38.714942283467245,39.971744537353516,178900,0.0,0.0
2023-07-19 00:00:00-04:00,40.33603904808415,40.97354768488609,39.92621181912987,40.87336730957031,100400,0.0,0.0
2023-07-20 00:00:00-04:00,41.18301151838102,41.365153853647655,40.6456832914028,41.31051254272461,148700,0.0,0.0
2023-07-21 00:00:00-04:00,41.5837331040169,41.69301920942511,41.08283469057472,41.62016296386719,176100,0.0,0.0
2023-07-24 00:00:00-04:00,41.60193912862239,42.86784695722686,41.283186608521234,42.48534393310547,153900,0.0,0.0
2023-07-25 00:00:00-04:00,42.530882740113164,43.1046407939978,42.06641077654012,42.13016128540039,249600,0.0,0.0
2023-07-26 00:00:00-04:00,41.71122751567584,42.75856323812918,41.71122751567584,42.70391845703125,177000,0.0,0.0
2023-07-27 00:00:00-04:00,42.78588201165256,45.381451676413725,42.69481085463299,42.86784744262695,258900,0.0,0.0
2023-07-28 00:00:00-04:00,43.37785319973973,43.65107013388668,42.22123148684724,42.73123550415039,133700,0.0,0.0
2023-07-31 00:00:00-04:00,42.75855831597897,43.05909589206596,42.52176776595484,42.922489166259766,96900,0.0,0.0
2023-08-01 00:00:00-04:00,42.99535089274155,43.4416079254099,42.61284784257623,43.06821060180664,154900,0.0,0.0
2023-08-02 00:00:00-04:00,42.84963060490104,43.25945774149089,42.58551939752738,43.0408821105957,103400,0.0,0.0
2023-08-03 00:00:00-04:00,42.840523142834435,42.840523142834435,41.756757706208646,42.558197021484375,112100,0.0,0.0
2023-08-04 00:00:00-04:00,42.64016408436322,43.54178378297005,42.266766799395945,43.33231735229492,152900,0.0,0.0
2023-08-07 00:00:00-04:00,43.46892837160728,44.306797651143036,43.35053308201309,44.05179214477539,105900,0.0,0.0
2023-08-08 00:00:00-04:00,43.52357149020213,44.07000538813363,43.06820875054521,43.90607452392578,68700,0.0,0.0
2023-08-09 00:00:00-04:00,43.92429424932367,44.09733085860716,43.60554168639556,43.65107727050781,91400,0.0,0.0
2023-08-10 00:00:00-04:00,43.75125542441705,44.22483311831503,42.76767018151921,42.804100036621094,121100,0.0,0.0
2023-08-11 00:00:00-04:00,42.64927219776458,43.141061273972426,42.430696572895336,42.93159484863281,196300,0.0,0.0
2023-08-14 00:00:00-04:00,42.73123324583938,42.85873771756847,42.09372825790206,42.212120056152344,197200,0.0,0.0
2023-08-15 00:00:00-04:00,41.93890920974749,42.1483756609949,40.946218260879796,41.09193420410156,205200,0.0,0.0
2023-08-16 00:00:00-04:00,41.1738960087388,41.93890551173295,41.155681083174436,41.738548278808594,197900,0.0,0.0
2023-08-17 00:00:00-04:00,41.85694420148159,42.467132108419214,41.85694420148159,42.42159652709961,237800,0.0,0.0
2023-08-18 00:00:00-04:00,42.26676927874418,42.503556374310556,41.22854279008655,41.274078369140625,208800,0.0,0.0
2023-08-21 00:00:00-04:00,41.346940896310336,41.356046623085696,40.23585462603599,40.864253997802734,107700,0.0,0.0
2023-08-22 00:00:00-04:00,40.78228836022502,41.346940693510255,40.39067610210296,40.49996566772461,120900,0.0,0.0
2023-08-23 00:00:00-04:00,40.54549695127004,40.973539019220844,40.47263724857976,40.800498962402344,100100,0.0,0.0
2023-08-24 00:00:00-04:00,40.85513742329513,41.55639631963754,40.345130005734845,41.237640380859375,111800,0.0,0.0
2023-08-25 00:00:00-04:00,41.20122449050795,41.374261090452435,40.354249469991395,40.48175048828125,138700,0.0,0.0
2023-08-28 00:00:00-04:00,40.73675169448911,41.99355387256329,40.73675169448911,41.7203369140625,133700,0.0,0.0
2023-08-29 00:00:00-04:00,41.77497842985579,42.10284017135057,41.58372690536455,42.084625244140625,101700,0.0,0.0
2023-08-30 00:00:00-04:00,41.866053065905525,42.321415823727804,41.6110475591084,42.084625244140625,79400,0.0,0.0
2023-08-31 00:00:00-04:00,42.01177022145717,42.376058353739204,41.50176266729164,42.18480682373047,110200,0.0,0.0
2023-09-01 00:00:00-04:00,43.013567475381365,44.02447339564026,43.013567475381365,43.55089569091797,119400,0.0,0.0
2023-09-05 00:00:00-04:00,43.22303822436832,43.22303822436832,42.1574908886266,42.275882720947266,171500,0.0,0.0
2023-09-06 00:00:00-04:00,42.42159046311726,43.24124123213111,41.95711856728192,42.24855041503906,168900,0.0,0.0
2023-09-07 00:00:00-04:00,42.221232397199,42.248553048960225,41.69300996886942,42.13926696777344,231200,0.0,0.0
2023-09-08 00:00:00-04:00,41.96623406428774,42.330522191579334,41.12836477064692,41.15568542480469,206100,0.0,0.0
2023-09-11 00:00:00-04:00,41.438002923129396,41.88425986784688,41.11925044414652,41.70211410522461,175200,0.0,0.0
2023-09-12 00:00:00-04:00,42.53087813015292,42.93159606728935,41.53818727588738,41.72943878173828,114400,0.0,0.0
2023-09-13 00:00:00-04:00,41.93891193733615,41.93891193733615,41.02818636443356,41.31051254272461,105900,0.0,0.0
2023-09-14 00:00:00-04:00,41.81210683421229,42.52078702761169,41.67405092879269,42.31830596923828,117100,0.475,0.0
2023-09-15 00:00:00-04:00,42.115818194930746,42.20785662083622,41.361120657040665,41.609619140625,472900,0.0,0.0
2023-09-18 00:00:00-04:00,41.78450137122665,42.48397603732622,41.48077975231103,41.69246292114258,118100,0.0,0.0
2023-09-19 00:00:00-04:00,41.87653248752181,42.42874909398324,41.674051426729086,42.2354736328125,212200,0.0,0.0
2023-09-20 00:00:00-04:00,42.47476822101158,42.69565344961623,41.32431408188242,41.36112594604492,180100,0.0,0.0
2023-09-21 00:00:00-04:00,41.112626658343146,41.15864763176969,40.79050090980139,40.82731628417969,118000,0.0,0.0
2023-09-22 00:00:00-04:00,40.762888538188065,41.01138703305311,40.256689460903154,40.54199981689453,170300,0.0,0.0
2023-09-25 00:00:00-04:00,40.495983906912095,40.91014808086879,40.229077715816985,40.836517333984375,112700,0.0,0.0
2023-09-26 00:00:00-04:00,40.762890635801085,41.140239441294014,40.652444514017326,40.91014862060547,225500,0.0,0.0
2023-09-27 00:00:00-04:00,41.14944458955224,41.37953542735234,40.87333628637363,40.95616912841797,135600,0.0,0.0
2023-09-28 00:00:00-04:00,41.112630997518565,41.342721845306535,40.919355527994526,41.28750228881836,200400,0.0,0.0
2023-09-29 00:00:00-04:00,41.3979376128522,41.766084308759375,40.183058431628446,40.31190872192383,128000,0.0,0.0
2023-10-02 00:00:00-04:00,39.40075037416294,39.538802749434545,38.21348098792916,38.728885650634766,206600,0.0,0.0
2023-10-03 00:00:00-04:00,38.42517116388337,39.34553454505423,38.18587822957832,38.46198654174805,301600,0.0,0.0
2023-10-04 00:00:00-04:00,38.62764459152961,39.04180522241846,38.231888135025486,38.65525436401367,324200,0.0,0.0
2023-10-05 00:00:00-04:00,38.581625450625786,39.68606204410095,38.25949972002797,38.98658752441406,136100,0.0,0.0
2023-10-06 00:00:00-04:00,38.88534851088158,39.52039790902616,38.39755709683896,39.12464141845703,172000,0.0,0.0
2023-10-09 00:00:00-04:00,39.02340467110964,39.327122729353555,38.64605586486277,38.96818161010742,144000,0.0,0.0
2023-10-10 00:00:00-04:00,39.014206735781656,39.17987244042299,38.47119215077018,38.61845016479492,120300,0.0,0.0
2023-10-11 00:00:00-04:00,38.59083149709416,38.968180290563204,38.35153508509494,38.747291564941406,148300,0.0,0.0
2023-10-12 00:00:00-04:00,38.811722098739445,38.811722098739445,37.81773147274691,38.46198654174805,129600,0.0,0.0
2023-10-13 00:00:00-04:00,38.76570179950213,39.198273680537646,37.79932102206149,38.29631805419922,120700,0.0,0.0
2023-10-16 00:00:00-04:00,38.47118410160394,39.06942163329843,38.213483508705266,39.0510139465332,127700,0.0,0.0
2023-10-17 00:00:00-04:00,38.90376049626476,39.82412387632049,38.425171117326855,39.041812896728516,163000,0.0,0.0
2023-10-18 00:00:00-04:00,38.63685481361444,39.00500157514688,38.02941511472132,38.57242965698242,115900,0.0,0.0
2023-10-19 00:00:00-04:00,38.53560665416358,38.811714915229494,36.73169560356544,36.980194091796875,381000,0.0,0.0
2023-10-20 00:00:00-04:00,37.07223487268968,37.21029078051415,36.44638750945852,36.45559310913086,218100,0.0,0.0
2023-10-23 00:00:00-04:00,36.22549920916521,36.86054860750281,36.04142585125499,36.44638442993164,276700,0.0,0.0
2023-10-24 00:00:00-04:00,36.694891181923126,36.97099952537716,36.207099658124065,36.32674789428711,140100,0.0,0.0
2023-10-25 00:00:00-04:00,35.92178140707284,36.73170216022424,35.82974647392486,35.90337371826172,257400,0.0,0.0
2023-10-26 00:00:00-04:00,36.878955845539096,39.57562050001752,35.34195087414599,39.17066192626953,420300,0.0,0.0
2023-10-27 00:00:00-04:00,39.41916630042915,40.13704863245702,38.719688146892665,39.38235092163086,316300,0.0,0.0
2023-10-30 00:00:00-04:00,39.6768664170474,40.10943833506332,39.3547371230902,39.46518325805664,145200,0.0,0.0
2023-10-31 00:00:00-04:00,39.37313428874698,40.56960918807334,39.35472660450585,40.192256927490234,138100,0.0,0.0
2023-11-01 00:00:00-04:00,40.15545522253059,41.27829615787664,39.96217624458479,41.213871002197266,116300,0.0,0.0
2023-11-02 00:00:00-04:00,41.40714744933463,41.95016195037719,41.011390939545606,41.82130813598633,154400,0.0,0.0
2023-11-03 00:00:00-04:00,42.86131875889252,43.52398146083748,42.53919300706226,43.22946548461914,179500,0.0,0.0
2023-11-06 00:00:00-05:00,43.11902239680135,43.11902239680135,42.06060662989151,42.189456939697266,115600,0.0,0.0
2023-11-07 00:00:00-05:00,41.88573353830869,41.97777197770993,41.10342611338928,41.12183380126953,149400,0.0,0.0
2023-11-08 00:00:00-05:00,41.315112067062444,41.48998335836224,40.84572828237438,41.28750228881836,152500,0.0,0.0
2023-11-09 00:00:00-05:00,41.167851233842114,41.600423121426424,40.66165210570094,40.965370178222656,103000,0.0,0.0
2023-11-10 00:00:00-05:00,40.9837756336849,41.37033003600195,40.6892596656849,41.22307205200195,96500,0.0,0.0
2023-11-13 00:00:00-05:00,40.845724437387986,40.98377682652067,40.5420028616628,40.58802032470703,121100,0.0,0.0
2023-11-14 00:00:00-05:00,41.913338229032,42.25387160770348,41.664839759977646,42.023780822753906,184300,0.0,0.0
2023-11-15 00:00:00-05:00,41.81210886619895,42.3275136257846,41.72927602110318,42.14344024658203,127200,0.0,0.0
2023-11-16 00:00:00-05:00,42.428751410759475,42.428751410759475,41.52679569847144,41.59122085571289,142300,0.0,0.0
2023-11-17 00:00:00-05:00,41.85812557839798,42.253882107728685,41.701665490987416,41.99618148803711,142700,0.0,0.0
2023-11-20 00:00:00-05:00,41.76608635617681,42.21706239431797,41.66484583429406,42.079010009765625,110000,0.0,0.0
2023-11-21 00:00:00-05:00,41.98697533930394,42.06980818182293,41.52679366106678,41.572811126708984,76600,0.0,0.0
2023-11-22 00:00:00-05:00,41.747687000672556,41.95937017462271,41.582021297423225,41.87653732299805,109300,0.0,0.0
2023-11-24 00:00:00-05:00,42.12503178479439,42.43795547042591,41.93175632008576,42.189456939697266,26100,0.0,0.0
2023-11-27 00:00:00-05:00,41.91335400763701,43.51478450764911,41.91335400763701,43.45035934448242,160200,0.0,0.0
2023-11-28 00:00:00-05:00,43.523985284992065,43.65283559704536,42.870528124774516,43.42274475097656,144200,0.0,0.0
2023-11-29 00:00:00-05:00,43.52398606215511,43.97496216239427,42.91654635812336,43.0269889831543,166300,0.0,0.0
2023-11-30 00:00:00-05:00,43.0269856932302,43.662035127235676,42.70485993197543,43.48716735839844,157300,0.0,0.0
2023-12-01 00:00:00-05:00,43.14664089935217,44.3339071195438,43.14664089935217,44.11302185058594,112400,0.0,0.0
2023-12-04 00:00:00-05:00,45.94453711372061,48.90810824788089,45.46595125749682,48.47553634643555,378500,0.0,0.0
2023-12-05 00:00:00-05:00,48.27305931296301,48.68722353039433,48.06137615981092,48.19942855834961,173900,0.0,0.0
2023-12-06 00:00:00-05:00,48.19022192661758,49.11978729508272,48.02455625526225,48.40190505981445,253000,0.0,0.0
2023-12-07 00:00:00-05:00,48.714829800425846,49.1842135391137,48.12579784955976,49.12899398803711,294700,0.0,0.0
2023-12-08 00:00:00-05:00,49.34987821583542,49.51554388752859,48.77925396384075,49.48793411254883,164200,0.0,0.0
2023-12-11 00:00:00-05:00,49.248637430728955,49.81926519059168,49.12899273251569,49.64439392089844,218400,0.0,0.0
2023-12-12 00:00:00-05:00,49.405103577705596,50.362282278533264,49.405103577705596,49.73643493652344,1123600,0.0,0.0
2023-12-13 00:00:00-05:00,49.948120095707104,51.255034384999654,48.59518482957128,50.877685546875,500000,0.0,0.0
2023-12-14 00:00:00-05:00,51.652844669167735,53.203174539845996,51.33720888085421,52.95252227783203,319000,0.475,0.0
2023-12-15 00:00:00-05:00,53.04535810043731,53.15675793210498,52.21913589467326,52.3955192565918,626300,0.0,0.0
2023-12-18 00:00:00-05:00,52.69258299407755,52.69258299407755,51.49502694566905,51.66212844848633,167400,0.0,0.0
2023-12-19 00:00:00-05:00,51.745681365245865,52.961804691672484,51.745681365245865,52.87825393676758,273000,0.0,0.0
2023-12-20 00:00:00-05:00,53.12891097175076,54.20578549758261,52.80399330757876,52.92467498779297,504300,0.0,0.0
2023-12-21 00:00:00-05:00,53.01751606679173,53.67663684189488,52.76686375625871,53.6580696105957,147700,0.0,0.0
2023-12-22 00:00:00-05:00,53.93656085556585,54.69779948900801,53.908711784522254,54.07581329345703,164300,0.0,0.0
2023-12-26 00:00:00-05:00,54.12222406883637,55.02271504826963,53.862289988726246,54.920597076416016,105000,0.0,0.0
2023-12-27 00:00:00-05:00,55.29194259643555,55.61686024408056,54.772070818866766,55.29194259643555,114000,0.0,0.0
2023-12-28 00:00:00-05:00,55.29195098200501,55.51475067665515,54.73494466270508,55.1526985168457,141300,0.0,0.0
2023-12-29 00:00:00-05:00,55.013441438871645,55.291946345837935,54.42858963345123,54.53998947143555,173900,0.0,0.0
2024-01-02 00:00:00-05:00,53.95513389292896,54.38217309581911,53.57451453522514,53.8530158996582,227400,0.0,0.0
2024-01-03 00:00:00-05:00,53.23102731568684,54.09438398671354,52.82255890175444,53.26816177368164,349900,0.0,0.0
2024-01-04 00:00:00-05:00,53.593075736284185,53.713760945786056,52.980371386920474,53.63949203491211,187300,0.0,0.0
2024-01-05 00:00:00-05:00,53.32385950317392,54.19650155255726,53.27744320171108,53.96441650390625,225100,0.0,0.0
2024-01-08 00:00:00-05:00,54.06653404520503,55.10627406299645,53.98298328672753,55.096988677978516,171800,0.0,0.0
2024-01-09 00:00:00-05:00,54.25219960730482,54.87418937814739,54.05724901668391,54.530704498291016,151400,0.0,0.0
2024-01-10 00:00:00-05:00,54.382171209284536,54.5492691890781,53.1567588738824,53.76018142700195,278800,0.0,0.0
2024-01-11 00:00:00-05:00,53.52809419031208,53.85301183406508,52.61832124646696,53.79731369018555,226100,0.0,0.0
2024-01-12 00:00:00-05:00,54.22435029959642,54.33575013070574,53.47239347160078,54.094383239746094,209700,0.0,0.0
2024-01-16 00:00:00-05:00,53.574508350522606,53.92727859346002,53.20317442125806,53.70447540283203,145800,0.0,0.0
2024-01-17 00:00:00-05:00,52.933959988770546,53.56523162429411,52.822560153483124,53.18461227416992,199800,0.0,0.0
2024-01-18 00:00:00-05:00,53.35171017660799,53.9272800847535,52.59047152802747,53.370277404785156,361700,0.0,0.0
2024-01-19 00:00:00-05:00,53.50024333891312,54.6421012878418,53.22174200476848,54.6421012878418,190300,0.0,0.0
2024-01-22 00:00:00-05:00,55.08770806049394,56.1553007157659,54.725655946144784,56.081031799316406,224200,0.0,0.0
2024-01-23 00:00:00-05:00,56.52663414719532,56.62875213569325,55.43119242913234,56.02532958984375,201700,0.0,0.0
2024-01-24 00:00:00-05:00,56.563772508705675,57.0093754099916,56.0717533025365,56.77729034423828,250600,0.0,0.0
2024-01-25 00:00:00-05:00,57.38070674281636,57.55709009888334,56.136730782896706,57.13005447387695,210900,0.0,0.0
2024-01-26 00:00:00-05:00,57.6127957684721,58.02126419351314,57.3992779412004,57.752044677734375,106000,0.0,0.0
2024-01-29 00:00:00-05:00,57.65921169382751,58.958885878445734,57.43640848259578,58.94960403442383,122600,0.0,0.0
2024-01-30 00:00:00-05:00,58.77322124277095,59.190971513248236,58.45758542288208,58.875335693359375,97900,0.0,0.0
2024-01-31 00:00:00-05:00,58.931033914182265,59.29308601600357,57.0000881906897,57.241455078125,231700,0.0,0.0
2024-02-01 00:00:00-05:00,57.445690811405406,58.16979501204108,56.29454744040874,57.87272644042969,128800,0.0,0.0
2024-02-02 00:00:00-05:00,57.492108201656265,58.392599318426726,57.260023154351444,57.85416030883789,104700,0.0,0.0
2024-02-05 00:00:00-05:00,57.18575445265715,57.65920993407342,56.70302066883905,56.97223663330078,176700,0.0,0.0
2024-02-06 00:00:00-05:00,56.981524410960034,57.473543600512826,55.33836177595866,56.18315124511719,202800,0.0,0.0
2024-02-07 00:00:00-05:00,56.350250791395894,56.350250791395894,54.90203880597625,55.33835983276367,284600,0.0,0.0
2024-02-08 00:00:00-05:00,55.62614201454119,56.2481317780763,52.1355844878482,55.47760772705078,401300,0.0,0.0
2024-02-09 00:00:00-05:00,55.607578244583216,56.563767497547275,54.77207066535664,56.04389572143555,225900,0.0,0.0
2024-02-12 00:00:00-05:00,56.053183214659015,58.374033753872524,56.053183214659015,58.14194869995117,238700,0.0,0.0
2024-02-13 00:00:00-05:00,56.30383143392824,57.04650284460428,55.681841692818125,56.51734924316406,372700,0.0,0.0
2024-02-14 00:00:00-05:00,56.93510143878665,57.334284433614485,56.5266295182446,56.730865478515625,244500,0.0,0.0
2024-02-15 00:00:00-05:00,57.07435369264959,58.94960127632132,57.07435369264959,58.680381774902344,244600,0.0,0.0
2024-02-16 00:00:00-05:00,58.03054578855638,58.587552047225856,57.6220773652683,57.696346282958984,164000,0.0,0.0
2024-02-20 00:00:00-05:00,57.436404886134,58.16051262129341,56.99080203290949,57.13005447387695,142000,0.0,0.0
2024-02-21 00:00:00-05:00,57.018648909234365,57.67777309092112,56.8886818580483,57.6035041809082,161300,0.0,0.0
2024-02-22 00:00:00-05:00,57.40855157257145,57.909856073409,55.923208838241386,56.19242477416992,215700,0.0,0.0
2024-02-23 00:00:00-05:00,56.12745163359869,57.1300608207412,55.95106825793639,56.96295928955078,146300,0.0,0.0
2024-02-26 00:00:00-05:00,56.703025559141594,57.20432661500801,56.57305494623405,56.95367431640625,122300,0.0,0.0
2024-02-27 00:00:00-05:00,57.00009215417857,57.41784242912104,56.52663664861621,57.176475524902344,167900,0.0,0.0
2024-02-28 00:00:00-05:00,56.73086776165418,57.547808094279596,56.73086776165418,57.195037841796875,138300,0.0,0.0
2024-02-29 00:00:00-05:00,58.160515114162976,58.69895059021969,57.84487930359978,58.46686553955078,155800,0.0,0.0
2024-03-01 00:00:00-05:00,58.49471193801542,58.7453642062384,57.78917497442741,58.69894790649414,171900,0.0,0.0
2024-03-04 00:00:00-05:00,58.429731343003446,59.061002966954845,57.492109292293286,57.835594177246094,288300,0.0,0.0
2024-03-05 00:00:00-05:00,57.59422443913783,58.15122711921068,57.30643771434275,57.4456901550293,183700,0.0,0.0
2024-03-06 00:00:00-05:00,57.9655645787772,58.50400362959787,57.0465097042206,58.28120040893555,236500,0.0,0.0
2024-03-07 00:00:00-05:00,58.74536894162884,59.25595890398366,57.436409351841924,57.55709457397461,231700,0.0,0.0
2024-03-08 00:00:00-05:00,57.34357224172568,58.00269290694011,56.06246182636744,56.87940216064453,318100,0.0,0.0
2024-03-11 00:00:00-04:00,56.56377124950594,57.24145920145877,56.30383711487663,56.86083984375,198400,0.0,0.0
2024-03-12 00:00:00-04:00,56.82370312505022,56.82370312505022,55.93249737774884,56.39666748046875,131400,0.0,0.0
2024-03-13 00:00:00-04:00,56.28527132031723,57.13934266521308,56.071753484093264,56.96295928955078,170900,0.0,0.0
2024-03-14 00:00:00-04:00,56.79922744052077,57.03312312614535,55.57361633198554,55.98527145385742,300100,0.475,0.0
2024-03-15 00:00:00-04:00,56.0414059145686,57.005054966516425,55.64845931939917,56.715023040771484,1243600,0.0,0.0
2024-03-18 00:00:00-04:00,56.705673959275046,56.74309812774764,55.321011846475194,55.50812911987305,260100,0.0,0.0
2024-03-19 00:00:00-04:00,55.31165052334247,56.17238849897487,55.31165052334247,55.91978073120117,140800,0.0,0.0
2024-03-20 00:00:00-04:00,55.59232425293142,57.69738540108991,55.52683374717257,57.32315444946289,204600,0.0,0.0
2024-03-21 00:00:00-04:00,57.89386254856033,59.50306247888309,57.81901421419112,58.960426330566406,244500,0.0,0.0
2024-03-22 00:00:00-04:00,59.15689564870638,59.353367165651036,57.85643622374195,58.37100601196289,258200,0.0,0.0
2024-03-25 00:00:00-04:00,58.72652819902377,59.12882905713012,57.519625624704716,57.53833770751953,204800,0.0,0.0
2024-03-26 00:00:00-04:00,57.60382355183368,58.11839329622726,57.27637105148264,57.48219680786133,115000,0.0,0.0
2024-03-27 00:00:00-04:00,57.94063755562532,58.91364443124538,57.61318503448627,58.7452392578125,140200,0.0,0.0
2024-03-28 00:00:00-04:00,58.84815591380146,61.140330777091016,58.84815591380146,60.86901092529297,701100,0.0,0.0
2024-04-01 00:00:00-04:00,60.83158608140576,60.87836807316802,59.35336722101235,59.90536117553711,232500,0.0,0.0
2024-04-02 00:00:00-04:00,59.60597517788969,59.98956752536614,58.83879762086659,59.20367431640625,243000,0.0,0.0
2024-04-03 00:00:00-04:00,58.72652713823636,60.1579711115119,54.47898077804897,59.99891662597656,255500,0.0,0.0
2024-04-04 00:00:00-04:00,60.401219356141425,61.12162206253664,58.969778907292806,59.40950393676758,197900,0.0,0.0
2024-04-05 00:00:00-04:00,59.40950455621685,60.08312527750574,59.21303303549591,59.400150299072266,140600,0.0,0.0
2024-04-08 00:00:00-04:00,59.77438225735739,60.51349349791947,59.54048656621483,60.148616790771484,92400,0.0,0.0
2024-04-09 00:00:00-04:00,60.148615119132586,60.317020297592144,59.31594705284084,60.03634262084961,149300,0.0,0.0
2024-04-10 00:00:00-04:00,58.80136962723041,59.46563603811483,55.2368019237966,55.77943801879883,323300,0.0,0.0
2024-04-11 00:00:00-04:00,55.47070299007308,57.59447629477145,54.638034900307446,56.5185546875,306300,0.0,0.0
2024-04-12 00:00:00-04:00,55.99462196375048,56.789869383034656,55.592321125881185,56.125606536865234,173800,0.0,0.0
2024-04-15 00:00:00-04:00,56.2378807326145,56.59340318361994,54.918709173030265,55.67652893066406,185900,0.0,0.0
2024-04-16 00:00:00-04:00,55.274232303667375,55.91042531002289,54.81579517155266,55.04033660888672,145000,0.0,0.0
2024-04-17 00:00:00-04:00,55.26487642572972,55.49877212875683,54.52576514761238,54.86257553100586,157400,0.0,0.0
2024-04-18 00:00:00-04:00,55.20873449739212,55.60168109394947,54.694164717416996,55.386497497558594,140800,0.0,0.0
2024-04-19 00:00:00-04:00,55.36779031202532,56.9395696993427,55.36779031202532,56.6214714050293,215200,0.0,0.0
2024-04-22 00:00:00-04:00,56.80858574089416,58.57683656794573,56.509199546312146,58.41778564453125,270600,0.0,0.0
2024-04-23 00:00:00-04:00,58.52069824792559,59.9708507458139,58.455207743237814,59.50305938720703,180500,0.0,0.0
2024-04-24 00:00:00-04:00,58.894935607910156,59.12883129851428,58.39907431693322,58.894935607910156,162900,0.0,0.0
2024-04-25 00:00:00-04:00,59.42821569206545,60.62576401848379,56.630821747055734,57.66931915283203,318700,0.0,0.0
2024-04-26 00:00:00-04:00,57.55705085918387,58.76395345591542,57.55705085918387,58.42714309692383,160600,0.0,0.0
2024-04-29 00:00:00-04:00,58.82944392114594,59.82115934529632,58.408430972702405,59.05398178100586,169300,0.0,0.0
2024-04-30 00:00:00-04:00,58.79201537398824,58.89493003915746,57.847078443639795,58.015480041503906,134800,0.0,0.0
2024-05-01 00:00:00-04:00,58.483275979173065,59.11011827589513,57.510272634131645,57.72545623779297,202800,0.0,0.0
2024-05-02 00:00:00-04:00,58.30551513325648,58.530056557588594,57.40735657385775,58.38036346435547,116000,0.0,0.0
2024-05-03 00:00:00-04:00,59.213033324454585,59.540485860587445,59.025916059965105,59.04462814331055,77700,0.0,0.0
2024-05-06 00:00:00-04:00,59.41885988720024,60.064410710792075,58.735884896423805,58.960426330566406,131700,0.0,0.0
2024-05-07 00:00:00-04:00,59.166248371042045,60.036336952310776,59.128824208481255,59.372074127197266,134300,0.0,0.0
2024-05-08 00:00:00-04:00,59.1194656119963,59.32529493443053,58.3710002153689,58.408424377441406,119800,0.0,0.0
2024-05-09 00:00:00-04:00,58.35229140852246,60.06440587631534,58.043550976511995,59.74631118774414,149400,0.0,0.0
2024-05-10 00:00:00-04:00,59.77437365306884,59.98020297371476,58.92299360262138,59.18495559692383,121400,0.0,0.0
2024-05-13 00:00:00-04:00,59.47498944204805,59.56854628051154,58.64232144524327,58.941707611083984,117700,0.0,0.0
2024-05-14 00:00:00-04:00,59.2785202878324,59.87729264323034,58.76395051797259,59.25045394897461,134800,0.0,0.0
2024-05-15 00:00:00-04:00,59.699536047920056,60.494783519946694,59.6808239648055,60.10183334350586,118300,0.0,0.0
2024-05-16 00:00:00-04:00,60.13925756846282,60.41993524649038,59.71824818935133,60.24217224121094,129000,0.0,0.0
2024-05-17 00:00:00-04:00,60.43864586250385,61.149690770419454,60.34508901255103,60.48542785644531,129000,0.0,0.0
2024-05-20 00:00:00-04:00,60.448002721350285,60.83158794139622,59.86794240920412,60.709964752197266,99700,0.0,0.0
2024-05-21 00:00:00-04:00,60.691257192436005,62.20689671987379,60.625766683694,62.01978302001953,148400,0.0,0.0
2024-05-22 00:00:00-04:00,61.711037743915156,62.36594995602921,60.41993610998225,60.50413513183594,193600,0.0,0.0
2024-05-23 00:00:00-04:00,60.41992966841146,61.037410509963344,58.83879269482737,59.2972297668457,145700,0.0,0.0
2024-05-24 00:00:00-04:00,59.81180205486988,61.17775193479972,59.15689345372284,60.363792419433594,132800,0.0,0.0
2024-05-28 00:00:00-04:00,60.5602758678109,60.663183405657755,59.942787813149344,60.139259338378906,97200,0.0,0.0
2024-05-29 00:00:00-04:00,59.297231241068744,59.671462171584906,58.47391748358969,58.988487243652344,132500,0.0,0.0
2024-05-30 00:00:00-04:00,59.79309109509838,60.06440736968212,58.81072995941943,59.43756866455078,323700,0.0,0.0
2024-05-31 00:00:00-04:00,59.58726939544369,59.85858927377709,58.97914269489828,59.23175048828125,153800,0.0,0.0
2024-06-03 00:00:00-04:00,59.952140278075376,59.952140278075376,58.39906959191522,59.119468688964844,164900,0.0,0.0
2024-06-04 00:00:00-04:00,58.52069777348225,59.19431846648365,58.17453317022977,58.60490036010742,107900,0.0,0.0
2024-06-05 00:00:00-04:00,59.06334221506096,59.77438356130068,58.0996895196359,59.007205963134766,124900,0.0,0.0
2024-06-06 00:00:00-04:00,58.61425992508259,59.156896056907165,57.71609778477466,58.29616165161133,141300,0.0,0.0
2024-06-07 00:00:00-04:00,57.650612075339396,58.0622707981796,57.27638109062537,57.510276794433594,68700,0.0,0.0
2024-06-10 00:00:00-04:00,56.8273005671679,57.201531543976664,56.39692976883839,56.76180648803711,180600,0.0,0.0
2024-06-11 00:00:00-04:00,56.46242056861766,56.686962011026765,55.74202495310025,56.20045852661133,160500,0.0,0.0
2024-06-12 00:00:00-04:00,58.21196020506629,58.7358842641508,57.061193843765,57.4354248046875,233000,0.0,0.0
2024-06-13 00:00:00-04:00,57.14539553460249,57.847082590367464,57.01441095292916,57.80030059814453,122600,0.0,0.0
2024-06-14 00:00:00-04:00,56.958276433720265,57.59447296259157,56.92085226873611,57.55704879760742,88700,0.0,0.0
2024-06-17 00:00:00-04:00,57.23176313790348,58.27834124690008,57.23176313790348,58.12748336791992,147800,0.475,0.0
2024-06-18 00:00:00-04:00,58.061477902661856,59.19291009204008,57.976620128784965,58.66490936279297,275000,0.0,0.0
2024-06-20 00:00:00-04:00,58.429198291963445,59.01377211507639,58.00490938940748,58.43862533569336,115400,0.0,0.0
2024-06-21 00:00:00-04:00,58.391487279913115,58.598918224801686,57.65605552510567,57.95777130126953,333600,0.0,0.0
2024-06-24 00:00:00-04:00,57.957766532529604,58.994913978164874,57.79747801646715,58.83462905883789,268800,0.0,0.0
2024-06-25 00:00:00-04:00,58.825200709482196,58.825200709482196,57.18462169727442,57.2506217956543,108700,0.0,0.0
2024-06-26 00:00:00-04:00,56.64718710318378,56.986614620135605,56.13804043265295,56.20404052734375,150700,0.0,0.0
2024-06-27 00:00:00-04:00,56.46803752168992,57.74090412172763,56.09089465988019,57.62775802612305,117000,0.0,0.0
2024-06-28 00:00:00-04:00,58.28776691250204,58.664913399402245,57.70319309486863,58.53291320800781,495100,0.0,0.0
2024-07-01 00:00:00-04:00,58.6931962694174,59.07034274438089,57.68433358513572,58.68376922607422,152100,0.0,0.0
2024-07-02 00:00:00-04:00,57.514618997710194,58.50462401520894,57.448618902992635,58.32548141479492,193500,0.0,0.0
2024-07-03 00:00:00-04:00,58.36320138995058,58.74034430429208,58.070912664028974,58.61777114868164,73700,0.0,0.0
2024-07-05 00:00:00-04:00,58.297199392982186,58.872342588392506,57.72205260083629,57.73147964477539,140200,0.0,0.0
2024-07-08 00:00:00-04:00,58.39148457788018,59.24006240703344,58.38205393714759,58.9383430480957,132100,0.0,0.0
2024-07-09 00:00:00-04:00,58.73091538603193,59.64548971159756,58.73091538603193,58.900630950927734,180700,0.0,0.0
2024-07-10 00:00:00-04:00,59.10805253821748,60.27720369412556,58.88176753819347,60.22063064575195,103600,0.0,0.0
2024-07-11 00:00:00-04:00,61.9837832651059,64.3503703272087,61.23892097246094,63.33207702636719,268200,0.0,0.0
2024-07-12 00:00:00-04:00,64.12408118268128,64.50122762457194,63.605503925897864,63.897789001464844,180200,0.0,0.0
2024-07-15 00:00:00-04:00,64.60494410763852,65.66095284068412,64.18065880241242,64.93495178222656,290100,0.0,0.0
2024-07-16 00:00:00-04:00,65.68923162799993,67.69753344791025,65.5383773617621,67.25438690185547,308200,0.0,0.0
2024-07-17 00:00:00-04:00,67.08467685347541,68.94211736588008,66.51896072015458,67.0186767578125,203300,0.0,0.0
2024-07-18 00:00:00-04:00,66.59439538713309,67.98040482105439,65.47239357343615,65.5101089477539,136400,0.0,0.0
2024-07-19 00:00:00-04:00,65.66094640605958,66.48123940171027,65.03866087314582,66.04752349853516,162500,0.0,0.0
2024-07-22 00:00:00-04:00,66.75468050432424,68.07468249923232,66.22667251288965,67.57496643066406,168700,0.0,0.0
2024-07-23 00:00:00-04:00,66.90552754216353,70.20554655877612,66.90552754216353,69.56439971923828,210000,0.0,0.0
2024-07-24 00:00:00-04:00,69.15897452370858,70.20555264953757,68.62154309640216,68.9798355102539,354000,0.0,0.0
2024-07-25 00:00:00-04:00,65.4158015113848,68.81953591224054,62.766360032322346,68.19725036621094,510100,0.0,0.0
2024-07-26 00:00:00-04:00,68.6969737754197,69.78126726983633,68.32925791460893,69.06468963623047,225200,0.0,0.0
2024-07-29 00:00:00-04:00,69.14011511985906,69.86611614555345,66.46238163648424,66.61324310302734,164500,0.0,0.0
2024-07-30 00:00:00-04:00,67.28267362595255,67.61267408702956,65.85894912991118,66.45295715332031,233500,0.0,0.0
2024-07-31 00:00:00-04:00,67.00923922562019,68.15953265469977,65.74580689759519,66.6603775024414,222200,0.0,0.0
2024-08-01 00:00:00-04:00,66.9243835089054,67.13180721668124,64.19008081637992,64.85951232910156,164600,0.0,0.0
2024-08-02 00:00:00-04:00,62.94552001537117,65.23667681513692,62.85123517785048,64.48238372802734,166900,0.0,0.0
2024-08-05 00:00:00-04:00,62.11578919339928,64.61437667072558,61.210641906771755,64.5672378540039,228200,0.0,0.0
2024-08-06 00:00:00-04:00,64.46352934079506,65.28381533626359,63.16237413120176,64.31266784667969,181000,0.0,0.0
2024-08-07 00:00:00-04:00,65.13295400896222,65.5289545980859,64.20894544086907,64.5672378540039,89400,0.0,0.0
2024-08-08 00:00:00-04:00,65.35923472778052,65.69866583709528,64.5295182347171,65.56666564941406,107900,0.0,0.0
2024-08-09 00:00:00-04:00,65.30267565888855,66.40582334285551,65.15181416699298,65.79296112060547,85000,0.0,0.0
2024-08-12 00:00:00-04:00,65.6421021486805,65.84010244759257,64.36923178021924,64.54837799072266,137100,0.0,0.0
2024-08-13 00:00:00-04:00,65.13294820766177,66.24552633048818,64.36922463269421,65.75523376464844,145100,0.0,0.0
2024-08-14 00:00:00-04:00,66.48125102634553,66.50953575640506,65.52895768466968,66.08524322509766,131600,0.0,0.0
2024-08-15 00:00:00-04:00,67.53724930298533,67.53724930298533,65.9815316789706,66.12295532226562,120100,0.0,0.0
2024-08-16 00:00:00-04:00,66.17010689693198,66.94325405033786,65.81182164800255,66.83953857421875,150700,0.0,0.0
2024-08-19 00:00:00-04:00,67.22610544474531,67.50895990524366,66.78295887714684,67.2166748046875,86000,0.0,0.0
2024-08-20 00:00:00-04:00,66.84896357670165,66.84896357670165,66.26438614183955,66.386962890625,58100,0.0,0.0
2024-08-21 00:00:00-04:00,66.58495173986219,67.6598144047024,66.10408985502212,67.20723724365234,88400,0.0,0.0
2024-08-22 00:00:00-04:00,67.10352150941553,67.68809884131882,66.3115204727755,66.60380554199219,101300,0.0,0.0
2024-08-23 00:00:00-04:00,67.1129540378928,69.40411023477567,66.99980794655744,68.83839416503906,157200,0.0,0.0
2024-08-26 00:00:00-04:00,69.149538263974,70.07354675883249,68.82896843917797,69.64926147460938,223900,0.0,0.0
2024-08-27 00:00:00-04:00,69.22498663736756,69.85670300142377,68.12183886249821,68.1501235961914,102000,0.0,0.0
2024-08-28 00:00:00-04:00,68.1878416384254,69.70585141607584,67.85784107664763,69.32870483398438,138700,0.0,0.0
2024-08-29 00:00:00-04:00,69.78126713051167,70.00755215360391,69.09297422703915,69.49840545654297,110500,0.0,0.0
2024-08-30 00:00:00-04:00,69.45125793749608,70.02639746714969,68.9326806646892,69.68697357177734,153100,0.0,0.0
2024-09-03 00:00:00-04:00,68.9138300341008,69.64926896921267,68.35754450410607,68.78182983398438,105800,0.0,0.0
2024-09-04 00:00:00-04:00,70.30925694009194,71.2049734453838,69.23439425635368,69.45125579833984,168400,0.0,0.0
2024-09-05 00:00:00-04:00,70.03584065330332,70.03584065330332,68.60269250525805,69.19669342041016,107400,0.0,0.0
2024-09-06 00:00:00-04:00,68.88554350811414,69.71526725117499,67.77296528366807,68.71582794189453,130900,0.0,0.0
2024-09-09 00:00:00-04:00,68.47068141174971,68.47068141174971,67.17895712027885,67.848388671875,269700,0.0,0.0
2024-09-10 00:00:00-04:00,68.24438489519692,68.24438489519692,66.48123663086818,67.376953125,126100,0.0,0.0
2024-09-11 00:00:00-04:00,66.78296238596506,66.78296238596506,65.70809955396193,66.31153106689453,102700,0.0,0.0
2024-09-12 00:00:00-04:00,66.74524885268436,67.82954235505834,66.55667200378774,67.41468048095703,113100,0.0,0.0
2024-09-13 00:00:00-04:00,68.37639635295915,71.76127701399894,66.95267892784153,71.6669921875,284300,0.0,0.0
2024-09-16 00:00:00-04:00,72.35035649419142,72.5117027828563,70.78433008259162,71.18295288085938,119800,0.5,0.0
2024-09-17 00:00:00-04:00,71.96121520651278,72.06561744373538,71.05007433347333,71.591064453125,204500,0.0,0.0
2024-09-18 00:00:00-04:00,71.3537849373654,72.91981118830947,71.07854334553006,71.5056381225586,152200,0.0,0.0
2024-09-19 00:00:00-04:00,72.76794196584203,72.76794196584203,71.04056965158962,71.7713851928711,117100,0.0,0.0
2024-09-20 00:00:00-04:00,71.66699416846811,71.78088225111186,70.96465053367993,71.04058074951172,479100,0.0,0.0
2024-09-23 00:00:00-04:00,71.220908223329,71.23040130992037,69.95859562750378,70.73686218261719,170100,0.0,0.0
2024-09-24 00:00:00-04:00,70.82229447488906,71.03109171869457,69.4840514985692,69.85420227050781,114300,0.0,0.0
2024-09-25 00:00:00-04:00,69.88266845724749,70.26231228528106,69.35117144266275,69.52201080322266,92200,0.0,0.0
2024-09-26 00:00:00-04:00,70.10096851455953,70.28130096856226,69.41761104792175,69.44608306884766,258800,0.0,0.0
2024-09-27 00:00:00-04:00,70.00605785817714,71.52462595075178,69.64539295793178,70.55653381347656,142500,0.0,0.0
2024-09-30 00:00:00-04:00,70.46162711673796,71.05956852853483,69.93013007612217,70.9361801147461,137000,0.0,0.0
2024-10-01 00:00:00-04:00,70.66094759712476,71.25888908584362,68.82917249952106,69.04747009277344,166200,0.0,0.0
2024-10-02 00:00:00-04:00,68.97152232670875,70.09146755093657,68.42103918031981,69.28472900390625,285800,0.0,0.0
2024-10-03 00:00:00-04:00,68.82915568722782,69.01898120914657,68.18376339491059,68.3071517944336,171700,0.0,0.0
2024-10-04 00:00:00-04:00,69.17083382235977,69.17083382235977,67.37702429117729,67.75666809082031,165400,0.0,0.0
2024-10-07 00:00:00-04:00,67.51940160656234,67.61431076023331,64.9852902739154,65.66864776611328,198600,0.0,0.0
2024-10-08 00:00:00-04:00,65.88692614499007,65.88692614499007,64.80494605895917,65.23204803466797,136600,0.0,0.0
2024-10-09 00:00:00-04:00,64.91885114746543,65.0517254067428,64.18803548033578,64.37786102294922,162600,0.0,0.0
2024-10-10 00:00:00-04:00,64.07415286134747,64.19753404374248,63.04911656711225,63.81789016723633,163900,0.0,0.0
2024-10-11 00:00:00-04:00,64.06464432040018,65.72557954352166,64.06464432040018,65.68761444091797,268900,0.0,0.0
2024-10-14 00:00:00-04:00,65.6022063696757,66.06726626120324,65.32696477315015,65.62118530273438,126800,0.0,0.0
2024-10-15 00:00:00-04:00,65.74456222924438,67.61430200292412,65.74456222924438,66.48487091064453,195400,0.0,0.0
2024-10-16 00:00:00-04:00,66.7695944956382,68.26918346294565,66.56079005194945,67.67124938964844,126300,0.0,0.0
2024-10-17 00:00:00-04:00,67.49092792496575,68.0603900740928,66.92146577583871,67.6238021850586,111400,0.0,0.0
2024-10-18 00:00:00-04:00,67.69973426701696,67.83260853076916,66.66520493797,66.83604431152344,89100,0.0,0.0
2024-10-21 00:00:00-04:00,66.49435453279393,66.49435453279393,64.33039432086116,64.34938049316406,126100,0.0,0.0
2024-10-22 00:00:00-04:00,64.48225491128179,65.03273081081932,63.99820889167686,64.51072692871094,158500,0.0,0.0
2024-10-23 00:00:00-04:00,64.15955540141145,64.47276207655992,63.628058431052715,63.94126510620117,132500,0.0,0.0
2024-10-24 00:00:00-04:00,66.86452007734934,68.37360250174902,65.60221450102692,67.79464721679688,219100,0.0,0.0
2024-10-25 00:00:00-04:00,68.44951794184725,68.46849687315928,65.355430778561,65.51677703857422,132500,0.0,0.0
2024-10-28 00:00:00-04:00,66.08625318271133,66.5797923951412,65.82999772937232,66.01033020019531,134500,0.0,0.0
2024-10-29 00:00:00-04:00,65.60219180516636,65.84895408566386,65.10865276196695,65.48829650878906,85900,0.0,0.0
2024-10-30 00:00:00-04:00,65.1276442458179,66.77908635197127,65.1276442458179,65.72557830810547,119800,0.0,0.0
2024-10-31 00:00:00-04:00,65.58321221008059,65.96285599496282,64.95680611996237,65.2984848022461,86200,0.0,0.0
2024-11-01 00:00:00-04:00,65.45033649304614,65.45033649304614,63.77990822196019,63.92227554321289,102800,0.0,0.0
2024-11-04 00:00:00-05:00,63.9602506526339,65.33645141083379,63.865341503982854,64.18803405761719,129700,0.0,0.0
2024-11-05 00:00:00-05:00,63.83685938806391,65.52626658663567,63.80838737208167,65.40288543701172,182000,0.0,0.0
2024-11-06 00:00:00-05:00,68.8956021247084,69.41761332918483,66.9594322270786,68.2027587890625,279500,0.0,0.0
2024-11-07 00:00:00-05:00,68.29767325360119,68.44953370347832,66.82656316121673,67.43399047851562,125900,0.0,0.0
2024-11-08 00:00:00-05:00,67.93700354933205,69.74030624708875,67.83260131875484,68.68679809570312,135900,0.0,0.0
2024-11-11 00:00:00-05:00,69.49354558301943,70.20537511481855,68.85764627247728,69.03797149658203,107900,0.0,0.0
2024-11-12 00:00:00-05:00,68.95254659495292,69.6453898621251,68.6393399032213,68.68679809570312,97000,0.0,0.0
2024-11-13 00:00:00-05:00,68.79120082415558,70.44264311080555,68.79120082415558,69.17083740234375,140800,0.0,0.0
2024-11-14 00:00:00-05:00,69.70233787776047,69.90164924286577,68.55392063628524,68.82915496826172,77300,0.0,0.0
2024-11-15 00:00:00-05:00,69.24676638724529,69.97758199362364,68.87661566129907,69.66437530517578,101800,0.0,0.0
2024-11-18 00:00:00-05:00,69.66437476344406,70.00605346798412,68.70577577342318,69.1138916015625,108300,0.0,0.0
2024-11-19 00:00:00-05:00,68.76271875089783,69.73081081254487,68.76271875089783,69.31320190429688,103200,0.0,0.0
2024-11-20 00:00:00-05:00,68.87660533096842,68.87660533096842,68.15528291939381,68.66780090332031,145700,0.0,0.0
2024-11-21 00:00:00-05:00,69.18033381544656,70.64195788328,68.93356423487626,70.03453063964844,110900,0.0,0.0
2024-11-22 00:00:00-05:00,69.92062894853336,71.46767617845272,69.92062894853336,70.84126281738281,139400,0.0,0.0
2024-11-25 00:00:00-05:00,71.15446640389858,72.96725480363862,71.15446640389858,72.350341796875,201300,0.0,0.0
2024-11-26 00:00:00-05:00,72.07511110356062,72.07511110356062,70.54704988236927,71.29684448242188,122900,0.0,0.0
2024-11-27 00:00:00-05:00,71.72393959202034,72.38831089059215,71.46768416002953,71.61953735351562,69800,0.0,0.0
2024-11-29 00:00:00-05:00,72.39780237632554,72.39780237632554,71.11651076251017,71.26836395263672,66000,0.0,0.0
2024-12-02 00:00:00-05:00,70.70839969634271,72.96726945568332,69.96809814668926,72.48323059082031,165400,0.0,0.0
2024-12-03 00:00:00-05:00,70.82229230570094,72.59711589086561,70.82229230570094,71.71444702148438,73600,0.0,0.0
2024-12-04 00:00:00-05:00,72.0466338759994,72.27441726933174,70.73686307185555,71.22090911865234,99100,0.0,0.0
2024-12-05 00:00:00-05:00,71.17345588768741,71.73343218499865,70.86974226170466,71.06905364990234,105800,0.0,0.0
2024-12-06 00:00:00-05:00,71.51514120906579,71.52463429731263,70.38570990525093,71.3348159790039,119800,0.0,0.0
2024-12-09 00:00:00-05:00,73.08115192587843,74.44786669463227,72.1889900917082,73.25199127197266,470000,0.0,0.0
2024-12-10 00:00:00-05:00,73.04319830410775,73.41334907198008,70.36671962197471,70.4426498413086,244600,0.0,0.0
2024-12-11 00:00:00-05:00,70.5850084761607,70.76533367343104,68.95254516758678,69.79724884033203,184900,0.0,0.0
2024-12-12 00:00:00-05:00,70.04402368212118,70.93617837251385,69.28473600751506,70.42366027832031,129900,0.0,0.0
2024-12-13 00:00:00-05:00,70.61348066594387,70.80329895019531,69.41760520007026,70.80329895019531,167900,0.0,0.0
2024-12-16 00:00:00-05:00,71.089947572445,71.83524422821857,70.86062720681382,71.10905456542969,124800,0.5,0.0
2024-12-17 00:00:00-05:00,70.612204681459,71.41482974395021,69.46558807651755,69.69491577148438,110600,0.0,0.0
2024-12-18 00:00:00-05:00,69.83823273299909,70.60264376207459,65.70087936127219,66.5130615234375,223400,0.0,0.0
2024-12-19 00:00:00-05:00,67.01949335394664,67.60235523314697,65.65311330286535,65.71044158935547,147600,0.0,0.0
2024-12-20 00:00:00-05:00,65.21356887817383,67.76477927370662,65.07979803803111,66.88571166992188,449800,0.0,0.0
2024-12-23 00:00:00-05:00,66.59905709782532,66.88571306982453,66.08308801216945,66.46528625488281,154800,0.0,0.0
2024-12-24 00:00:00-05:00,66.74238710501542,67.1532567893426,66.24552500046283,67.1436996459961,57600,0.0,0.0
2024-12-26 00:00:00-05:00,66.79016700089475,67.43035710986898,66.56084658528518,67.21058654785156,152500,0.0,0.0
2024-12-27 00:00:00-05:00,66.68505706713466,67.43991099239531,65.43334105041808,65.97798156738281,93400,0.0,0.0
2024-12-30 00:00:00-05:00,65.71043246376253,65.71043246376253,64.63070857500988,64.85047912597656,257500,0.0,0.0
2024-12-31 00:00:00-05:00,65.12757064695653,65.31866974724986,64.2771599677501,64.48737335205078,109500,0.0,0.0
2025-01-02 00:00:00-05:00,64.53515903609197,65.45244794268277,62.87257334851891,62.90123748779297,140400,0.0,0.0
2025-01-03 00:00:00-05:00,63.18788392487973,63.971401960370216,62.07949593587647,63.4554328918457,269100,0.0,0.0
2025-01-06 00:00:00-05:00,63.541425050819164,63.894966431128026,62.53813647613645,62.89167785644531,224700,0.0,0.0
2025-01-07 00:00:00-05:00,62.82479502677407,62.82479502677407,60.74178251983911,61.439308166503906,240300,0.0,0.0
2025-01-08 00:00:00-05:00,60.780004309237434,60.780004309237434,58.56322094033587,59.614280700683594,285000,0.0,0.0
2025-01-10 00:00:00-05:00,59.63338869089157,59.63338869089157,56.757304725088396,57.3497200012207,278300,0.0,0.0
2025-01-13 00:00:00-05:00,56.63308546799387,57.28283264369577,56.00244893216343,56.90062713623047,306700,0.0,0.0
2025-01-14 00:00:00-05:00,57.19683494465609,58.773424416477724,56.957957420593864,58.55365753173828,293600,0.0,0.0
2025-01-15 00:00:00-05:00,60.07292096793046,60.35001978095853,59.21296403626725,59.719383239746094,376600,0.0,0.0
2025-01-16 00:00:00-05:00,60.12069743503409,62.1368244530621,60.00603723658653,61.811954498291016,207100,0.0,0.0
2025-01-17 00:00:00-05:00,62.203715456777545,62.70058486628033,62.0126163238701,62.184608459472656,166100,0.0,0.0
2025-01-21 00:00:00-05:00,62.75790308299212,63.378986100278446,62.127262923603816,62.404361724853516,181000,0.0,0.0
2025-01-22 00:00:00-05:00,62.15593842365895,62.36614453393533,61.4679699464957,61.6590690612793,172800,0.0,0.0
2025-01-23 00:00:00-05:00,61.38197498593449,61.86928724324898,60.99977308184585,61.11443328857422,202000,0.0,0.0
2025-01-24 00:00:00-05:00,60.827780896647006,61.6304096330158,60.541128557582915,61.3724250793457,105700,0.0,0.0
2025-01-27 00:00:00-05:00,61.77373601395723,63.235665456544005,61.77373601395723,62.7674674987793,118100,0.0,0.0
2025-01-28 00:00:00-05:00,62.28971139044939,62.9967868872663,61.90750585785823,61.926612854003906,97300,0.0,0.0
2025-01-29 00:00:00-05:00,61.773735440804096,62.49992522873711,61.152652357307346,61.41063690185547,96400,0.0,0.0
2025-01-30 00:00:00-05:00,62.060377829483464,63.19743717669993,61.878835868388606,62.557247161865234,118200,0.0,0.0
2025-01-31 00:00:00-05:00,62.4712568014666,63.417217186851616,61.802402550152074,62.28971481323242,143900,0.0,0.0
2025-02-03 00:00:00-05:00,61.2386462001403,62.38526283249292,60.636677388881154,61.73551559448242,180800,0.0,0.0
2025-02-04 00:00:00-05:00,61.81195699818898,62.00305612166966,61.23864504781843,61.716400146484375,98600,0.0,0.0
2025-02-05 00:00:00-05:00,62.10816147840718,62.977679238287664,61.31508628224537,62.777015686035156,187800,0.0,0.0
2025-02-06 00:00:00-05:00,62.681463336657835,65.2804520677083,62.585913781244116,65.23267364501953,235400,0.0,0.0
2025-02-07 00:00:00-05:00,64.86959543785329,64.86959543785329,62.824803923760065,64.2485122680664,270600,0.0,0.0
2025-02-10 00:00:00-05:00,64.34404560273683,64.87913620732915,62.882116339580385,63.7420768737793,196800,0.0,0.0
2025-02-11 00:00:00-05:00,63.52231663323064,64.92691040039062,63.245217820808065,64.92691040039062,195600,0.0,0.0
2025-02-12 00:00:00-05:00,64.0191881766597,64.38227945536386,62.89168576493486,64.324951171875,218600,0.0,0.0
2025-02-13 00:00:00-05:00,65.02246982779128,65.42378234863281,64.02873837859035,65.42378234863281,145600,0.0,0.0
2025-02-14 00:00:00-05:00,65.78687507638757,66.07353104916794,64.62115147902824,65.49066925048828,115000,0.0,0.0
2025-02-18 00:00:00-05:00,65.38556006183276,65.64354459556039,64.41094291335027,65.48110961914062,191200,0.0,0.0
2025-02-19 00:00:00-05:00,64.94602526945367,65.84420713228293,64.66892645453902,65.53843688964844,135500,0.0,0.0
2025-02-20 00:00:00-05:00,65.29956400942568,65.66266255345283,64.8027019096574,65.40467071533203,126600,0.0,0.0
2025-02-21 00:00:00-05:00,66.45573533568003,66.45573533568003,65.09890535194333,65.8824234008789,255800,0.0,0.0
2025-02-24 00:00:00-05:00,66.05441805275203,67.51635479452003,65.29001426035263,66.53217315673828,227400,0.0,0.0
2025-02-25 00:00:00-05:00,66.81883460482246,69.01651117904402,66.81883460482246,67.80300903320312,252200,0.0,0.0
2025-02-26 00:00:00-05:00,67.49723500524516,68.09920376280496,66.88570910519476,67.54501342773438,205000,0.0,0.0
2025-02-27 00:00:00-05:00,67.68833321739447,67.70744750212211,66.33151060027853,66.62772369384766,212400,0.0,0.0
2025-02-28 00:00:00-05:00,66.99082308875472,68.18521088125148,66.66594581841404,68.0323257446289,232000,0.0,0.0
2025-03-03 00:00:00-05:00,67.7934431899594,68.74895335353862,66.93348987470934,67.22013854980469,214900,0.0,0.0
2025-03-04 00:00:00-05:00,66.86660704859582,67.19147701763166,65.7486545734704,65.76776885986328,129100,0.0,0.0
2025-03-05 00:00:00-05:00,65.5384382491038,67.86032822503444,65.35689627622865,67.58323669433594,290200,0.0,0.0
2025-03-06 00:00:00-05:00,67.12458512068655,67.79343928063678,65.7773123685479,66.16907501220703,288600,0.0,0.0
2025-03-07 00:00:00-05:00,66.57995324735741,67.00992993570699,64.94603162567859,65.7773208618164,196800,0.0,0.0
2025-03-10 00:00:00-04:00,65.4811011758573,66.35061880215831,63.91406531018097,64.38226318359375,185000,0.0,0.0
2025-03-11 00:00:00-04:00,64.6593708098386,68.03232050992564,63.732524787782374,67.5545654296875,426500,0.0,0.0
2025-03-12 00:00:00-04:00,67.59279560384707,68.21387874786316,66.01620217364159,67.80300903320312,201500,0.0,0.0
2025-03-13 00:00:00-04:00,68.25208535535964,69.29358784413044,66.34106519397756,67.59278106689453,145200,0.0,0.0
2025-03-14 00:00:00-04:00,67.81254891109424,68.56740271978178,67.36345802453657,68.43363189697266,85700,0.0,0.0
2025-03-17 00:00:00-04:00,68.02950404717116,68.80891357465416,67.75046443919116,68.71269226074219,120200,0.5,0.0
2025-03-18 00:00:00-04:00,68.6742007647364,68.98211336724873,67.81781860958597,67.97177124023438,105600,0.0,0.0
2025-03-19 00:00:00-04:00,68.02950072899472,68.60684326673768,67.06727295437689,67.72158813476562,154400,0.0,0.0
2025-03-20 00:00:00-04:00,67.72159177156757,68.96286654842966,67.49065914879797,68.24119567871094,141800,0.0,0.0
2025-03-21 00:00:00-04:00,67.68308958318275,68.94361280054441,67.298204394983,67.58686828613281,598400,0.0,0.0
2025-03-24 00:00:00-04:00,68.59722226499434,69.29002747096092,68.24119532825716,69.28040313720703,120500,0.0,0.0
2025-03-25 00:00:00-04:00,69.28040709880123,69.76152103698736,68.6357161835237,69.29003143310547,139900,0.0,0.0
2025-03-26 00:00:00-04:00,69.40548675158887,69.8288693216782,68.32779634222014,68.81852722167969,147500,0.0,0.0
2025-03-27 00:00:00-04:00,69.2419094942638,70.12715728136035,68.41439302421671,69.85773468017578,136500,0.0,0.0
2025-03-28 00:00:00-04:00,69.97321764948856,69.97321764948856,68.42403006377842,68.96287536621094,119600,0.0,0.0
2025-03-31 00:00:00-04:00,68.27005282278748,69.3766161532315,67.91403326984809,68.65494537353516,166200,0.0,0.0
2025-04-01 00:00:00-04:00,68.86665038179221,69.85774394236185,68.05838247107314,68.99173736572266,89800,0.0,0.0
2025-04-02 00:00:00-04:00,68.38552407572918,70.05979826055368,68.38552407572918,69.90584564208984,87900,0.0,0.0
2025-04-03 00:00:00-04:00,67.18274506663518,68.31817417044041,66.7882354839281,66.93256378173828,144200,0.0,0.0
2025-04-04 00:00:00-04:00,64.82528869963036,65.79713347952392,63.478168328618835,64.5462417602539,291600,0.0,0.0
2025-04-07 00:00:00-04:00,62.53518436680461,65.88374043198738,60.774309353642074,61.64031219482422,249700,0.0,0.0
2025-04-08 00:00:00-04:00,63.064405115081314,63.988142837504014,60.851282111965816,61.678794860839844,229900,0.0,0.0
2025-04-09 00:00:00-04:00,61.50559229415702,65.45072436204987,59.379069976356426,64.1902084350586,199600,0.0,0.0
2025-04-10 00:00:00-04:00,62.756503249613154,64.39228770238664,62.034832342586725,63.17988586425781,125600,0.0,0.0
2025-04-11 00:00:00-04:00,62.71800919738345,62.814230510520716,60.976375532979674,62.631404876708984,89300,0.0,0.0
2025-04-14 00:00:00-04:00,63.074034719934744,64.56548339322752,62.92007474938776,64.03626251220703,115000,0.0,0.0
2025-04-15 00:00:00-04:00,63.66099990241217,65.07546871578738,63.66099990241217,63.75722122192383,142500,0.0,0.0
2025-04-16 00:00:00-04:00,63.75721775523171,64.20946600768397,62.35236601134286,62.698768615722656,91700,0.0,0.0
2025-04-17 00:00:00-04:00,62.89121186122385,63.76683537333989,62.53518491955886,62.814231872558594,118400,0.0,0.0
2025-04-21 00:00:00-04:00,62.573670171712365,62.573670171712365,61.01486222545486,61.582576751708984,125300,0.0,0.0
2025-04-22 00:00:00-04:00,61.85199238229027,63.497400788560974,61.13032164228306,63.29533386230469,164900,0.0,0.0
2025-04-23 00:00:00-04:00,64.63283658877411,64.90225918577691,63.64174317499298,64.23832702636719,165300,0.0,0.0
2025-04-24 00:00:00-04:00,59.898673410099335,63.46853724162697,59.898673410099335,63.03553771972656,170000,0.0,0.0
2025-04-25 00:00:00-04:00,62.99704981142248,63.27609673031969,61.14957068592472,62.24651336669922,114100,0.0,0.0
2025-04-28 00:00:00-04:00,62.0155789040982,62.90083406128604,61.399757368706474,62.506317138671875,112000,0.0,0.0
2025-04-29 00:00:00-04:00,62.15990849553613,62.83347229615737,61.765398952516605,62.73724365234375,128100,0.0,0.0
2025-04-30 00:00:00-04:00,62.506316968142904,63.30496780353745,61.024485276119506,63.00667953491211,166700,0.0,0.0
2025-05-01 00:00:00-04:00,62.900838508944126,63.19912679947493,62.111811949140005,62.602542877197266,115300,0.0,0.0
2025-05-02 00:00:00-04:00,63.08365440120159,64.4788891641993,62.785366122071224,64.44039916992188,115900,0.0,0.0
2025-05-05 00:00:00-04:00,63.81494474694876,64.15172299469198,62.92007263653665,63.199119567871094,86900,0.0,0.0
2025-05-06 00:00:00-04:00,62.891206187728066,63.218360098218774,62.12142105295033,62.52556228637695,81100,0.0,0.0
2025-05-07 00:00:00-04:00,62.58329775194758,63.57439122337295,61.66917692613194,62.05406951904297,113600,0.0,0.0
2025-05-08 00:00:00-04:00,62.02520049830305,62.794985642412456,61.54408661853848,62.10218048095703,164600,0.0,0.0
2025-05-09 00:00:00-04:00,62.390846711409345,62.390846711409345,61.06297499698958,61.332401275634766,155700,0.0,0.0
2025-05-12 00:00:00-04:00,62.487074429814164,62.554430080816665,61.55371230791132,62.28500747680664,104600,0.0,0.0
2025-05-13 00:00:00-04:00,62.64102357794705,62.91044616699219,62.342735331677794,62.91044616699219,134700,0.0,0.0
2025-05-14 00:00:00-04:00,62.72763260072977,63.26647781927915,61.78464612705284,62.45820999145508,146400,0.0,0.0
2025-05-15 00:00:00-04:00,62.55443114081592,63.58401458999525,62.55443114081592,63.54552459716797,72600,0.0,0.0
2025-05-16 00:00:00-04:00,63.766831354845266,64.24794524186036,63.199120491950815,63.882301330566406,138400,0.0,0.0
2025-05-19 00:00:00-04:00,63.30497115496507,63.88230639692726,62.88158855162538,63.52627944946289,119800,0.0,0.0
2025-05-20 00:00:00-04:00,63.47817084227847,63.62250648439084,62.06369476376558,62.18878173828125,142800,0.0,0.0
2025-05-21 00:00:00-04:00,61.39013308675928,61.64993503399769,59.01343290976981,59.76396942138672,264100,0.0,0.0
2025-05-22 00:00:00-04:00,59.50417029461656,59.78321725161129,58.128184177692646,58.52269744873047,192800,0.0,0.0
2025-05-23 00:00:00-04:00,58.06082427842018,58.64778381036894,57.2236871392283,58.445716857910156,179200,0.0,0.0
2025-05-27 00:00:00-04:00,58.99418868232326,59.86981584749411,57.93573588304135,59.33096694946289,358800,0.0,0.0
2025-05-28 00:00:00-04:00,59.08078532808924,59.14814097695186,57.291041125493756,57.67593002319336,267600,0.0,0.0
2025-05-29 00:00:00-04:00,57.95498245360816,58.21478441128851,57.185200914522625,57.9068717956543,202600,0.0,0.0
2025-05-30 00:00:00-04:00,58.022331542952465,58.36873411399339,57.01199315782143,58.060821533203125,296400,0.0,0.0
2025-06-02 00:00:00-04:00,57.83951370961358,57.9549800179718,56.425037667446226,57.56046676635742,192600,0.0,0.0
2025-06-03 00:00:00-04:00,57.50273673171557,58.339877633618,56.53088818396099,58.282142639160156,226700,0.0,0.0
2025-06-04 00:00:00-04:00,58.19553128499809,58.70551079516727,57.76252808268114,57.84912872314453,128400,0.0,0.0
2025-06-05 00:00:00-04:00,57.82988860703653,58.6958950847264,57.54122100467581,58.55155944824219,275500,0.0,0.0
2025-06-06 00:00:00-04:00,59.29247191127566,59.53302884465381,58.5996704391597,59.14813995361328,84000,0.0,0.0
2025-06-09 00:00:00-04:00,59.34059112539743,59.65812808516192,58.38798758732002,59.282859802246094,162500,0.0,0.0
2025-06-10 00:00:00-04:00,59.48492262803981,59.985281527252276,59.148144364439005,59.7832145690918,83700,0.0,0.0
2025-06-11 00:00:00-04:00,59.86981338963146,61.207309410802594,59.67736710033462,60.6107292175293,129000,0.0,0.0
2025-06-12 00:00:00-04:00,60.533750289738684,61.91935698975768,60.254703348919946,61.86162567138672,126600,0.0,0.0
2025-06-13 00:00:00-04:00,61.13033530201772,61.90012053318837,60.254708088638715,60.36055374145508,145100,0.0,0.0
2025-06-16 00:00:00-04:00,60.981319908669285,60.981319908669285,58.527324878448276,59.30329132080078,222600,0.5,0.0
2025-06-17 00:00:00-04:00,58.69221685342488,59.96286446228657,58.275137891841176,58.32363510131836,259400,0.0,0.0
2025-06-18 00:00:00-04:00,58.3624320987577,60.75823204746928,58.3624320987577,60.447845458984375,296000,0.0,0.0
2025-06-20 00:00:00-04:00,60.797033285423105,61.50510294482961,60.43814947451298,60.89402770996094,291100,0.0,0.0
2025-06-23 00:00:00-04:00,60.74853397068545,63.75540912859373,60.641837887326446,63.63901138305664,168300,0.0,0.0
2025-06-24 00:00:00-04:00,63.91059671124927,64.08518962396067,63.33832446415063,63.65840530395508,119500,0.0,0.0
2025-06-25 00:00:00-04:00,63.27043216226856,63.60021468756168,62.18407536091419,62.25197219848633,105300,0.0,0.0
2025-06-26 00:00:00-04:00,62.222876584309674,62.998839409714165,61.99978273938307,62.96974182128906,185700,0.0,0.0
2025-06-27 00:00:00-04:00,63.057033548306876,63.51291543982747,62.51385150299322,63.28982162475586,291100,0.0,0.0
2025-06-30 00:00:00-04:00,63.36742672407502,63.90089976323564,62.82424462212563,63.14433288574219,152200,0.0,0.0
2025-07-01 00:00:00-04:00,62.678758811690116,64.56047440670291,62.513860142890614,64.05609893798828,183700,0.0,0.0
2025-07-02 00:00:00-04:00,64.05609415630755,64.22098541259766,63.39652173094715,64.22098541259766,114600,0.0,0.0
2025-07-03 00:00:00-04:00,64.1627924312206,64.91935930375575,64.00759543162351,64.89996337890625,56900,0.0,0.0
2025-07-07 00:00:00-04:00,64.30828543662366,64.89996102578434,63.095836671982944,63.36742401123047,127500,0.0,0.0
2025-07-08 00:00:00-04:00,63.183129214437564,63.76510313943092,62.61085695158409,62.66905212402344,152500,0.0,0.0
2025-07-09 00:00:00-04:00,62.669054893733,63.52261619476709,62.416863468350094,62.75634765625,166200,0.0,0.0
2025-07-10 00:00:00-04:00,62.251971305826714,62.251971305826714,57.305181695962176,58.488529205322266,444300,0.0,0.0
2025-07-11 00:00:00-04:00,58.304239382724866,59.914371265873356,57.6931641421028,58.67282485961914,320300,0.0,0.0
2025-07-14 00:00:00-04:00,58.38183116364174,59.361491830491445,58.081146240234375,58.081146240234375,208600,0.0,0.0
2025-07-15 00:00:00-04:00,58.139341543250374,58.18784245367677,55.06457326733543,55.16156768798828,859600,0.0,0.0
2025-07-16 00:00:00-04:00,55.471958268924496,56.24792849042746,54.69599174752177,55.97633743286133,210800,0.0,0.0
2025-07-17 00:00:00-04:00,55.59805137620267,57.518569814098846,55.59805137620267,57.014190673828125,213900,0.0,0.0
2025-07-18 00:00:00-04:00,57.14028437854826,57.59616629127621,56.37401588271616,56.68440246582031,127200,0.0,0.0
2025-07-21 00:00:00-04:00,57.004492652162654,58.197541815365646,56.38371946481477,56.58740997314453,129400,0.0,0.0
2025-07-22 00:00:00-04:00,56.95599651639488,58.02294998978806,56.95599651639488,57.39247512817383,181800,0.0,0.0
2025-07-23 00:00:00-04:00,57.916255892582896,58.20724287713464,57.31488229782925,57.72226333618164,230400,0.0,0.0
2025-07-24 00:00:00-04:00,61.52449954633101,65.35583462879836,60.147155844958235,63.60991287231445,396600,0.0,0.0
2025-07-25 00:00:00-04:00,63.52261543186762,64.13369436294875,62.23257553334121,63.15403366088867,274400,0.0,0.0
2025-07-28 00:00:00-04:00,63.338322826682735,64.74476035368674,63.09583308753035,64.02699279785156,272400,0.0,0.0
2025-07-29 00:00:00-04:00,64.39557827149471,64.39557827149471,63.44502258300781,63.44502258300781,164400,0.0,0.0
2025-07-30 00:00:00-04:00,63.26072778251235,64.30828528880197,62.669052194711725,62.97943878173828,225800,0.0,0.0
2025-07-31 00:00:00-04:00,62.44595836644266,63.639011204194716,62.44595836644266,62.97943878173828,313400,0.0,0.0
2025-08-01 00:00:00-04:00,62.89213590579614,63.77480211838983,62.688445410628276,63.62930679321289,280000,0.0,0.0
2025-08-04 00:00:00-04:00,63.94939646141871,65.36553569779181,63.87179796622571,65.32673645019531,172300,0.0,0.0
2025-08-05 00:00:00-04:00,65.17154983330099,66.06391036813281,64.96785932427633,65.8796157836914,212500,0.0,0.0
2025-08-06 00:00:00-04:00,65.97661221423365,66.19970605482894,65.31703975533505,65.86022186279297,138400,0.0,0.0
2025-08-07 00:00:00-04:00,65.76322073628668,65.76322073628668,64.67686403225389,65.65652465820312,147300,0.0,0.0
2025-08-08 00:00:00-04:00,66.00571428196055,66.1221046282517,64.94845510188225,65.38494110107422,116300,0.0,0.0
2025-08-11 00:00:00-04:00,65.64682591999228,66.19970225822883,65.00664942298157,65.89901733398438,112700,0.0,0.0
2025-08-12 00:00:00-04:00,66.39369151389828,68.37240878945939,66.08330492558672,67.99412536621094,140600,0.0,0.0
2025-08-13 00:00:00-04:00,68.56640641945992,70.30263397677236,68.29481907421777,69.96314239501953,148600,0.0,0.0
2025-08-14 00:00:00-04:00,69.56546305947452,70.61302059159448,69.08048354277456,69.49756622314453,187500,0.0,0.0
2025-08-15 00:00:00-04:00,69.71095921445658,69.71095921445658,68.2657149095478,68.67310333251953,154500,0.0,0.0
2025-08-18 00:00:00-04:00,68.57610319568413,68.94469237791127,67.62554745248873,67.80014038085938,107400,0.0,0.0
2025-08-19 00:00:00-04:00,67.43154673819026,69.04168223779057,67.43154673819026,68.74099731445312,68500,0.0,0.0
2025-08-20 00:00:00-04:00,69.01258729991885,69.45876757109573,68.40150836749383,68.4403076171875,104500,0.0,0.0
2025-08-21 00:00:00-04:00,67.8874294995841,68.89618776486921,67.8874294995841,68.45970916748047,97500,0.0,0.0
2025-08-22 00:00:00-04:00,69.11928047132851,71.76726439948732,68.54700081273381,71.27259063720703,195400,0.0,0.0
2025-08-25 00:00:00-04:00,70.71000964969762,71.67026694784697,70.38992141691465,70.95249938964844,153100,0.0,0.0
2025-08-26 00:00:00-04:00,70.61302170692264,71.20469731865808,70.254134194824,70.45782470703125,171700,0.0,0.0
2025-08-27 00:00:00-04:00,70.05043528480914,71.58297217411133,69.94373921022486,70.97189331054688,124000,0.0,0.0
2025-08-28 00:00:00-04:00,70.96220669949149,70.96220669949149,69.79825141496359,70.5063247680664,130500,0.0,0.0
2025-08-29 00:00:00-04:00,70.87490351747446,71.6411720120764,70.40931994346575,70.65180969238281,125700,0.0,0.0
2025-09-02 00:00:00-04:00,69.72064752386714,69.87584450988157,68.35300923556312,68.42090606689453,165600,0.0,0.0
2025-09-03 00:00:00-04:00,68.35301522057647,70.14743797734083,68.31421597067558,70.06983947753906,137800,0.0,0.0
2025-09-04 00:00:00-04:00,70.7003092265647,71.84486111519068,69.93404074687275,71.757568359375,161800,0.0,0.0
2025-09-05 00:00:00-04:00,71.97095972113482,73.17371429085196,71.34049224853516,71.34049224853516,184000,0.0,0.0
2025-09-08 00:00:00-04:00,71.04949897195075,72.96031944574035,69.17747774739851,72.88272094726562,196300,0.0,0.0
2025-09-09 00:00:00-04:00,72.88271952764998,72.88271952764998,70.91370391845703,70.91370391845703,151100,0.0,0.0
2025-09-10 00:00:00-04:00,70.60332003069696,70.86520571771258,69.29387679521828,70.69061279296875,160200,0.0,0.0
2025-09-11 00:00:00-04:00,70.83610681030002,72.9312218681849,70.70031313805194,72.64993286132812,176100,0.0,0.0
2025-09-12 00:00:00-04:00,71.95156771805338,72.79543481535806,71.57328425379285,72.23285675048828,108100,0.0,0.0
2025-09-15 00:00:00-04:00,72.74692909185494,73.09611494351186,72.04855738854107,72.16495513916016,107100,0.0,0.0
2025-09-16 00:00:00-04:00,72.26752456848814,72.26752456848814,70.52872149961648,70.86085510253906,98000,0.525,0.0
2025-09-17 00:00:00-04:00,71.2320536630098,73.33228717799335,70.1965928172556,72.68756866455078,257000,0.0,0.0
2025-09-18 00:00:00-04:00,72.20890476111265,75.67673266446522,72.08191667231684,74.80733489990234,259200,0.0,0.0
2025-09-19 00:00:00-04:00,75.02224927435334,75.02224927435334,73.14668745290159,73.53742980957031,400600,0.0,0.0
2025-09-22 00:00:00-04:00,73.5276568472544,74.23099157618374,72.55080471325039,72.63872528076172,123100,0.0,0.0
2025-09-23 00:00:00-04:00,72.76571434550489,73.6155783964258,72.35543823242188,72.35543823242188,108600,0.0,0.0
2025-09-24 00:00:00-04:00,72.07215587434438,72.95132436625948,71.51535040492999,72.46289825439453,87600,0.0,0.0
2025-09-25 00:00:00-04:00,72.24797974173285,72.60941769833575,71.03668523591368,72.0526123046875,116300,0.0,0.0
2025-09-26 00:00:00-04:00,72.03308665697674,72.88295084265421,72.03308665697674,72.59966278076172,115100,0.0,0.0
2025-09-29 00:00:00-04:00,72.47266596982578,72.74618338910297,70.72409966482869,71.93539428710938,142700,0.0,0.0
2025-09-30 00:00:00-04:00,71.80840703656446,72.67780489504541,71.18322222715773,71.622802734375,113300,0.0,0.0
2025-10-01 00:00:00-04:00,71.21252370889003,71.76932914005755,70.95854006138487,71.09529876708984,88500,0.0,0.0
2025-10-02 00:00:00-04:00,70.82178232723167,71.21252468580211,69.63002148734762,70.81201171875,115300,0.0,0.0
2025-10-03 00:00:00-04:00,70.88039345891961,72.56058044038707,70.40173796627069,70.76317596435547,138300,0.0,0.0
2025-10-06 00:00:00-04:00,70.69478956482135,70.7045527198684,67.8521463602044,68.12566375732422,120000,0.0,0.0
2025-10-07 00:00:00-04:00,67.9693750930775,68.80946854704422,66.32826316588562,66.47479248046875,111800,0.0,0.0
2025-10-08 00:00:00-04:00,67.07067585160173,67.07067585160173,65.7909943974633,66.08405303955078,112800,0.0,0.0
2025-10-09 00:00:00-04:00,65.50770747440406,66.09382476851245,64.88252264996001,65.83007049560547,124100,0.0,0.0
2025-10-10 00:00:00-04:00,66.25988226299566,67.08043448100398,65.68353562652665,65.75191497802734,146300,0.0,0.0
2025-10-13 00:00:00-04:00,65.59561798286389,66.44547451387223,65.32210059574443,66.3087158203125,97400,0.0,0.0
2025-10-14 00:00:00-04:00,66.07427138864739,68.5750102261271,65.97658767520639,68.22334289550781,120200,0.0,0.0
2025-10-15 00:00:00-04:00,68.16474551513093,68.78016717264671,67.23673890363911,68.43826293945312,176000,0.0,0.0
2025-10-16 00:00:00-04:00,67.93029404814705,68.62385812561563,67.12927564642939,67.25626373291016,232800,0.0,0.0
2025-10-17 00:00:00-04:00,67.31487986598877,68.22334513836674,67.31487986598877,68.14520263671875,105100,0.0,0.0
2025-10-20 00:00:00-04:00,68.59455776266294,69.78631855373747,68.14520667718719,69.33696746826172,215100,0.0,0.0
2025-10-21 00:00:00-04:00,69.28812709822193,70.36266303160455,69.0829890298045,69.84493255615234,170600,0.0,0.0
2025-10-22 00:00:00-04:00,70.30405114869339,76.19446848113462,69.05368157632125,73.44951629638672,527700,0.0,0.0
2025-10-23 00:00:00-04:00,73.81094819046977,74.24076553371587,66.23058065461542,70.44081115722656,530600,0.0,0.0
2025-10-24 00:00:00-04:00,71.2027507691484,73.42997242089248,70.89992899540134,72.98062133789062,263300,0.0,0.0
2025-10-27 00:00:00-04:00,72.80479225203683,73.7523400651884,71.92562379381418,72.42382049560547,152000,0.0,0.0
2025-10-28 00:00:00-04:00,71.80840629470127,72.69733790869653,69.99146063213696,70.06961059570312,156800,0.0,0.0
2025-10-29 00:00:00-04:00,70.43104531615437,71.15391389007974,67.62748414509099,68.50664520263672,213500,0.0,0.0
2025-10-30 00:00:00-04:00,68.55548106867829,69.41510823859632,67.6860832909231,68.12566375732422,201600,0.0,0.0
2025-10-31 00:00:00-04:00,67.59817012132729,68.545717959863,66.44548421250923,66.689697265625,217800,0.0,0.0
2025-11-03 00:00:00-05:00,66.42595234868747,67.20743712214143,64.26710979169006,67.04136657714844,190800,0.0,0.0
2025-11-04 00:00:00-05:00,67.26604240986454,67.42233488483714,65.38071738476587,67.31488800048828,124900,0.0,0.0
2025-11-05 00:00:00-05:00,67.87168869512867,68.0768267463514,66.79714539902356,67.38326263427734,117500,0.0,0.0
2025-11-06 00:00:00-05:00,67.1585856950886,68.29173777288337,66.68969338118963,67.82284545898438,177700,0.0,0.0
2025-11-07 00:00:00-05:00,68.18427636304583,70.5384859381747,67.35394615475903,69.74723815917969,341800,0.0,0.0
2025-11-10 00:00:00-05:00,69.35650342961813,71.37858710473621,69.35650342961813,70.20636749267578,184700,0.0,0.0
2025-11-11 00:00:00-05:00,70.85108834567103,71.73025680967886,69.32720130991795,71.56419372558594,115300,0.0,0.0
2025-11-12 00:00:00-05:00,71.20275296926268,72.580118084911,70.58733879472499,70.60687255859375,114500,0.0,0.0
2025-11-13 00:00:00-05:00,70.50919351903562,71.33951641525749,69.01461081527805,70.99761962890625,169300,0.0,0.0
2025-11-14 00:00:00-05:00,71.4665107191055,71.91586183796376,70.04029994486253,71.22229766845703,136100,0.0,0.0
2025-11-17 00:00:00-05:00,71.4078965839788,71.42743780215864,69.73748016357422,69.73748016357422,122900,0.0,0.0
2025-11-18 00:00:00-05:00,69.99144970356781,71.04645168860927,69.80584543227639,70.40172576904297,146200,0.0,0.0
2025-11-19 00:00:00-05:00,70.14774740612972,71.05622016358753,69.21974088576309,69.96215057373047,81700,0.0,0.0
2025-11-20 00:00:00-05:00,70.56780478263005,71.26136898903266,69.26859694818664,69.57141876220703,154700,0.0,0.0
2025-11-21 00:00:00-05:00,70.47011073172344,72.86339542392966,69.92307593414263,72.8047866821289,210700,0.0,0.0
2025-11-24 00:00:00-05:00,72.6485027529764,74.42637350673176,72.18938101416859,73.43975067138672,201400,0.0,0.0
2025-11-25 00:00:00-05:00,73.68395405767207,76.79034402773651,72.33590084530073,75.38367462158203,254600,0.0,0.0
2025-11-26 00:00:00-05:00,74.70965019904432,76.38982951273434,74.63150024414062,74.63150024414062,366100,0.0,0.0
2025-11-28 00:00:00-05:00,74.45567277383195,74.96363261743699,71.26136203937801,74.8561782836914,91600,0.0,0.0
2025-12-01 00:00:00-05:00,73.86956201305404,75.26646088088226,73.43974468363291,75.13946533203125,165700,0.0,0.0
2025-12-02 00:00:00-05:00,75.61812588131065,75.67673462338121,74.5045076124387,74.69988250732422,110300,0.0,0.0
2025-12-03 00:00:00-05:00,74.85617204850138,75.48135678215112,73.30298082193742,74.63150024414062,125100,0.0,0.0
2025-12-04 00:00:00-05:00,74.35799383742149,75.61813409840379,73.97702206698393,75.27622985839844,169700,0.0,0.0
2025-12-05 00:00:00-05:00,75.55951374882764,75.89164736159474,74.5142822265625,74.5142822265625,202700,0.0,0.0
2025-12-08 00:00:00-05:00,74.9440928210912,74.9440928210912,70.80224208585135,71.47626495361328,135800,0.0,0.0
2025-12-09 00:00:00-05:00,72.15030430383084,72.70710976138312,70.60687603454879,70.76317596435547,113400,0.0,0.0
2025-12-10 00:00:00-05:00,70.59710246474204,72.76571545671271,69.89377516848366,72.10145568847656,178500,0.0,0.0
2025-12-11 00:00:00-05:00,69.40534178681851,71.77909258877047,68.37964414354937,70.72409057617188,999700,0.0,0.0
2025-12-12 00:00:00-05:00,70.7338665834622,71.83770681161525,69.60071453095226,71.7204818725586,335200,0.0,0.0
2025-12-15 00:00:00-05:00,72.8568776174662,73.70302152883829,71.4892744946252,72.99462127685547,445200,0.525,0.0
2025-12-16 00:00:00-05:00,73.28978382324698,73.32914022727175,71.02684689032152,72.42396545410156,304800,0.0,0.0
2025-12-17 00:00:00-05:00,72.14847678084419,72.80767964636065,69.9839196388293,70.50538635253906,352700,0.0,0.0
2025-12-18 00:00:00-05:00,71.19411000717993,72.40428759695527,70.32829158902899,71.97138214111328,291400,0.0,0.0
2025-12-19 00:00:00-05:00,71.4794387652843,72.47316738652563,70.06263815729405,70.48571014404297,388900,0.0,0.0
2025-12-22 00:00:00-05:00,69.81665775660609,71.31217099572908,69.81665775660609,70.47586059570312,193400,0.0,0.0
2025-12-23 00:00:00-05:00,70.56441762957756,71.15474866951581,69.75763012348646,70.01344299316406,171000,0.0,0.0
2025-12-24 00:00:00-05:00,69.76747474844527,71.50895253327796,69.76747474844527,70.63329315185547,97900,0.0,0.0
2025-12-26 00:00:00-05:00,70.32828706050013,70.89893614824706,69.7477894887406,69.93473052978516,162600,0.0,0.0
2025-12-29 00:00:00-05:00,70.08232116276204,70.38732393458804,69.40343627686072,69.66908264160156,127000,0.0,0.0
2025-12-30 00:00:00-05:00,69.2263330243382,70.111833376988,68.70487379068521,69.13777923583984,249800,0.0,0.0
2025-12-31 00:00:00-05:00,69.06890658583325,69.42310672270145,68.61631919016091,69.12794494628906,215900,0.0,0.0
2026-01-02 00:00:00-05:00,68.94100223644152,70.18070268556542,67.58324008218824,68.86228942871094,190800,0.0,0.0
2026-01-05 00:00:00-05:00,68.11454243332105,70.98749244833684,68.08501949963659,70.21022033691406,164600,0.0,0.0
2026-01-06 00:00:00-05:00,69.27552799825412,70.47586453847036,68.69503042363549,69.85601806640625,206500,0.0,0.0
2026-01-07 00:00:00-05:00,69.83634853155961,69.85602298166668,68.05550678495334,68.25228881835938,245800,0.0,0.0
2026-01-08 00:00:00-05:00,67.70130282553797,69.41327264083245,66.58951254854323,67.05194091796875,270000,0.0,0.0
2026-01-09 00:00:00-05:00,67.85873472486584,68.73439416257102,67.08146255420682,67.53404998779297,345400,0.0,0.0
2026-01-12 00:00:00-05:00,67.0814520900419,67.83904218523337,65.79256182791899,67.75049591064453,474200,0.0,0.0
2026-01-13 00:00:00-05:00,67.89808985231552,67.89808985231552,64.72012939204161,65.03497314453125,190700,0.0,0.0
2026-01-14 00:00:00-05:00,64.55286677484551,65.5367543860988,64.04124101337243,64.58238220214844,226100,0.0,0.0
2026-01-15 00:00:00-05:00,64.91690700967325,66.04837174203936,64.070763074996,65.56626892089844,231800,0.0,0.0
2026-01-16 00:00:00-05:00,65.09400704482131,66.4124128221874,64.2576965818871,64.98577880859375,713300,0.0,0.0
2026-01-20 00:00:00-05:00,64.0904355434302,64.81851024153549,63.70671999264049,63.97236633300781,285400,0.0,0.0
2026-01-21 00:00:00-05:00,64.31673553222025,65.32029758789547,64.09043807990456,65.24158477783203,252500,0.0,0.0
2026-01-22 00:00:00-05:00,65.24158144797168,66.12708174982349,65.14319419364733,65.94998168945312,195100,0.0,0.0
2026-01-23 00:00:00-05:00,65.23174794866497,65.62529696579102,64.01172197488195,64.54302215576172,378100,0.0,0.0
2026-01-26 00:00:00-05:00,66.32386386812102,68.87212903947785,66.18611270409302,66.94371032714844,284100,0.0,0.0
2026-01-27 00:00:00-05:00,66.80597062788222,66.80597062788222,65.59578555735341,66.32386779785156,151600,0.0,0.0
2026-01-28 00:00:00-05:00,66.48128368034253,67.15032753701392,65.75320897076283,66.38289642333984,199900,0.0,0.0
2026-01-29 00:00:00-05:00,66.53048284972554,67.2782320282109,66.09756989952169,66.81581115722656,238400,0.0,0.0
2026-01-30 00:00:00-05:00,66.29434662165639,66.91420064031159,65.2612691013427,66.34354400634766,351800,0.0,0.0
2026-02-02 00:00:00-05:00,67.35694473992898,67.98663220850383,66.85515995806045,67.22904205322266,187800,0.0,0.0
2026-02-03 00:00:00-05:00,66.91420370933996,68.16373776925808,66.20580337351,66.70758819580078,151800,0.0,0.0
2026-02-04 00:00:00-05:00,66.88467758664484,68.61631423464422,66.88467758664484,67.75049591064453,217400,0.0,0.0
2026-02-05 00:00:00-05:00,69.07874945892078,70.99733483734029,68.02598999725274,69.72811889648438,308500,0.0,0.0
2026-02-06 00:00:00-05:00,70.06263534862916,71.33185125799571,69.67891978375866,70.28893280029297,257900,0.0,0.0
2026-02-09 00:00:00-05:00,70.08231819905356,70.2495772922419,68.88197410635281,69.30504608154297,231900,0.0,0.0
2026-02-10 00:00:00-05:00,69.7674686149697,71.08587430697101,69.53133020223554,70.73167419433594,222400,0.0,0.0
2026-02-11 00:00:00-05:00,70.7513632842711,70.98749421435411,69.57069362092216,69.64940643310547,305000,0.0,0.0
2026-02-12 00:00:00-05:00,69.6690773791782,71.01700607077757,68.15388959995113,68.37034606933594,436100,0.0,0.0
2026-02-13 00:00:00-05:00,68.98036535242846,68.98036535242846,66.82564894655513,68.27196502685547,347000,0.0,0.0
2026-02-17 00:00:00-05:00,68.98036333193775,69.61005082367697,67.65211651362742,68.08502197265625,165900,0.0,0.0
2026-02-18 00:00:00-05:00,67.74065692490554,68.52776997456483,66.26482558664414,66.53047943115234,217200,0.0,0.0
2026-02-19 00:00:00-05:00,66.37305814508625,66.7469327394885,65.34981411641671,66.41241455078125,189700,0.0,0.0
2026-02-20 00:00:00-05:00,66.72725407325034,67.29791066006672,65.12352005147297,66.69773864746094,202200,0.0,0.0
2026-02-23 00:00:00-05:00,67.17000141940146,67.58323990567447,65.1333544401076,65.30062103271484,269600,0.0,0.0
2026-02-24 00:00:00-05:00,65.54659521611582,66.55999825238527,65.01529500646191,66.40257263183594,169400,0.0,0.0
2026-02-25 00:00:00-05:00,66.2746702379637,67.83904794013786,65.98934192930676,67.73081970214844,133900,0.0,0.0
2026-02-26 00:00:00-05:00,68.17356972394103,69.48214197627675,67.81936960291081,68.76390075683594,167700,0.0,0.0
2026-02-27 00:00:00-05:00,69.57068883025643,70.32828645903524,68.3801857772133,69.84617614746094,217900,0.0,0.0
2026-03-02 00:00:00-05:00,69.05907544858985,70.60377873407042,68.18341605464357,68.82293701171875,278600,0.0,0.0
2026-03-03 00:00:00-05:00,67.40614190083878,68.00631394023229,66.33370050833668,67.47501373291016,160700,0.0,0.0
2026-03-04 00:00:00-05:00,67.3471034997692,69.23617340460389,66.6190287745274,68.88197326660156,255600,0.0,0.0
2026-03-05 00:00:00-05:00,68.10470157529355,68.98036094780554,67.55372691568152,67.97679138183594,158600,0.0,0.0
2026-03-06 00:00:00-05:00,67.01258706091555,67.44550002006285,64.96609898954074,65.92047119140625,303800,0.0,0.0
2026-03-09 00:00:00-04:00,65.33997869292135,65.93030974777756,63.37220350575624,64.81851196289062,225800,0.0,0.0
2026-03-10 00:00:00-04:00,64.25770123208713,65.75321469193167,63.844470212840825,64.20851135253906,175800,0.0,0.0
2026-03-11 00:00:00-04:00,63.70672010494538,63.70672010494538,61.58152310562788,61.945560455322266,145200,0.0,0.0
2026-03-12 00:00:00-04:00,61.40442446034137,62.319440221066905,60.76489602431313,62.25056838989258,233000,0.0,0.0
2026-03-13 00:00:00-04:00,63.07703169570579,63.775590958361185,62.01443133569492,63.549293518066406,213600,0.0,0.0
2026-03-16 00:00:00-04:00,64.25854212645784,65.69687466723282,63.484822068376396,63.50465774536133,166000,0.525,0.0
2026-03-17 00:00:00-04:00,64.31805437211626,65.07193872562956,63.99071652196808,64.51644897460938,182100,0.0,0.0
2026-03-18 00:00:00-04:00,63.970874260514044,65.15129756754708,63.097960700074545,63.17731475830078,203100,0.0,0.0
2026-03-19 00:00:00-04:00,62.78053936743368,62.90949019011984,59.695573133802014,59.824527740478516,300000,0.0,0.0
2026-03-20 00:00:00-04:00,60.07251258033132,60.07251258033132,56.650283228711174,56.92802810668945,1109700,0.0,0.0
2026-03-23 00:00:00-04:00,58.634184285341675,59.25911404928016,57.72158801914688,58.69369888305664,286300,0.0,0.0
2026-03-24 00:00:00-04:00,57.67199041860357,59.32854940399688,57.255373104714195,57.98941421508789,260800,0.0,0.0
2026-03-25 00:00:00-04:00,59.011128039266815,59.2690334655419,57.53312035148837,58.148128509521484,141600,0.0,0.0
2026-03-26 00:00:00-04:00,57.46368313075507,59.19959621463325,57.28513176797981,58.90201187133789,185100,0.0,0.0
2026-03-27 00:00:00-04:00,58.26716329837723,58.69369845351028,57.582715157742676,58.58458709716797,260900,0.0,0.0
2026-03-30 00:00:00-04:00,59.477342931181,61.22317769126356,58.93177098765158,60.6081657409668,325200,0.0,0.0
2026-03-31 00:00:00-04:00,61.520761604479496,62.01673678305416,60.161790674702225,61.08430480957031,268100,0.0,0.0
2026-04-01 00:00:00-04:00,60.60816569071355,61.41164684731162,59.84436724079986,60.50897216796875,268700,0.0,0.0
2026-04-02 00:00:00-04:00,59.66581369226453,60.618085098180394,59.090480686196486,60.062591552734375,218400,0.0,0.0
2026-04-06 00:00:00-04:00,60.151867010077915,61.064463275349695,59.81460374873685,60.8363151550293,136600,0.0,0.0
2026-04-07 00:00:00-04:00,60.85615285972708,61.71915239438415,60.85615285972708,61.669551849365234,187900,0.0,0.0
2026-04-08 00:00:00-04:00,63.61377171949414,64.46684960579663,63.49474252381126,63.960960388183594,245000,0.0,0.0
2026-04-09 00:00:00-04:00,63.64353968686927,65.52823934481404,63.08804233069264,64.72476196289062,157000,0.0,0.0
2026-04-10 00:00:00-04:00,64.48668981968247,64.7941919847186,63.593933054116256,64.07998657226562,170200,0.0,0.0
2026-04-13 00:00:00-04:00,63.851848101524574,64.4271735650012,63.20707884682102,64.3279800415039,133000,0.0,0.0
2026-04-14 00:00:00-04:00,64.030399471012,65.32985203518231,63.8121691785295,64.3279800415039,117400,0.0,0.0
2026-04-15 00:00:00-04:00,64.25853805164155,65.2703315772647,63.68320507181505,64.76443481445312,158400,0.0,0.0
2026-04-16 00:00:00-04:00,64.59580635304721,65.18105339825544,64.08990958028774,64.40733337402344,123300,0.0,0.0
2026-04-17 00:00:00-04:00,65.18105844326917,67.53198356407282,65.17113682045255,66.97648620605469,172200,0.0,0.0
2026-04-20 00:00:00-04:00,66.77809566328956,67.35342866885449,66.25236320123142,66.30195617675781,177400,0.0,0.0
2026-04-21 00:00:00-04:00,66.44083306542251,67.59149145454577,65.21080926962657,66.70865631103516,238600,0.0,0.0
2026-04-22 00:00:00-04:00,66.95665029604953,68.11723041819901,64.7049262752643,67.75021362304688,276100,0.0,0.0
2026-04-23 00:00:00-04:00,65.7167081368447,70.69629537066109,64.87355188566615,70.36895751953125,302600,0.0,0.0
2026-04-24 00:00:00-04:00,70.52766722568555,71.43034566215226,69.2778076859549,71.09307861328125,180100,0.0,0.0
2026-04-27 00:00:00-04:00,70.87484768992316,72.01559207720268,70.24000008739863,71.2716293334961,225400,0.0,0.0
2026-04-28 00:00:00-04:00,71.99575412487576,72.41237143186716,70.08128975553322,70.72605895996094,210000,0.0,0.0
2026-04-29 00:00:00-04:00,69.98209914884397,70.62686081209353,69.1389353098614,69.4365234375,149600,0.0,0.0
2026-04-30 00:00:00-04:00,68.83143650808428,69.56547767286587,68.11723102106185,69.42660522460938,166500,0.0,0.0
2026-05-01 00:00:00-04:00,69.7043499662685,69.7043499662685,67.91884382065989,68.54376983642578,215100,0.0,0.0
2026-05-04 00:00:00-04:00,67.81964591154636,69.32740706378145,66.95664641110804,67.65100860595703,136300,0.0,0.0
2026-05-05 00:00:00-04:00,67.66093470291109,68.74216455551762,67.57166280108952,68.0577163696289,156700,0.0,0.0
2026-05-06 00:00:00-04:00,68.89095050007296,69.53571975726483,67.72044875513382,68.43465423583984,161500,0.0,0.0
2026-05-07 00:00:00-04:00,68.03787046421982,69.81346248818683,66.41107250545306,69.25797271728516,230200,0.0,0.0
2026-05-08 00:00:00-04:00,69.40676713662175,69.66467634641941,68.03787081137162,69.168701171875,133200,0.0,0.0
2026-05-11 00:00:00-04:00,69.45636174637177,69.45636174637177,67.04592203869156,67.55181884765625,157000,0.0,0.0
2026-05-12 00:00:00-04:00,67.67085247054887,67.88908275321008,66.20276265772465,66.30195617675781,227600,0.0,0.0
2026-05-13 00:00:00-04:00,65.71671120206216,66.50035289285574,64.91323383402471,65.9646987915039,212200,0.0,0.0
2026-05-14 00:00:00-04:00,66.67889993883615,67.44269833490718,66.46066966339298,66.92688751220703,133500,0.0,0.0
2026-05-15 00:00:00-04:00,66.88721273400584,67.22447222204306,66.10357104547272,66.25236511230469,130900,0.0,0.0
2026-05-18 00:00:00-04:00,66.62929990769929,68.66280105211975,66.62929990769929,68.20650482177734,128200,0.0,0.0
2026-05-19 00:00:00-04:00,68.02795649381649,68.18666461370721,66.301957444129,66.43091583251953,104700,0.0,0.0
2026-05-20 00:00:00-04:00,66.58962657343112,68.00811592569605,65.95477893291906,67.57166290283203,194100,0.0,0.0
2026-05-21 00:00:00-04:00,66.66898208320181,68.13707193040551,65.4191225237698,67.51213836669922,145700,0.0,0.0
2026-05-22 00:00:00-04:00,67.56173602607063,68.08746847798831,66.8376089719329,67.1451187133789,120800,0.0,0.0
2026-05-26 00:00:00-04:00,67.34350706775652,67.5914946494077,66.83761028215359,67.47245788574219,91500,0.0,0.0
2026-05-27 00:00:00-04:00,67.94859475640314,68.64295693110135,66.90704392637572,67.5022201538086,110300,0.0,0.0
2026-05-28 00:00:00-04:00,66.91696647736394,67.30382648977839,65.54807778481904,65.57783508300781,121000,0.0,0.0
2026-05-29 00:00:00-04:00,65.24057384584826,65.6472771385378,64.42717482845008,64.45693969726562,134500,0.0,0.0
2026-06-01 00:00:00-04:00,63.91136096683941,64.33789991747997,62.76069871915542,63.40546417236328,189800,0.0,0.0
2026-06-02 00:00:00-04:00,63.08803783573396,64.3279757160274,63.08803783573396,63.534420013427734,156500,0.0,0.0
2026-06-03 00:00:00-04:00,63.3955454846833,63.3955454846833,61.94729890999597,62.115928649902344,308100,0.0,0.0
2026-06-04 00:00:00-04:00,63.25667356699459,64.32797796535306,62.72101947582024,62.909488677978516,246600,0.0,0.0
2026-06-05 00:00:00-04:00,63.31619386658616,65.8059838437121,63.31619386658616,65.30009460449219,164800,0.0,0.0
2026-06-08 00:00:00-04:00,65.39928490330293,65.9150957398151,64.46684918070667,64.53628540039062,246200,0.0,0.0
2026-06-09 00:00:00-04:00,65.23065399083848,66.55986376313828,64.62556370106611,65.57783508300781,168100,0.0,0.0
2026-06-10 00:00:00-04:00,66.08373696023864,67.23439546429853,65.64727637181207,65.80598449707031,180500,0.0,0.0
2026-06-11 00:00:00-04:00,66.47059056431695,66.47059056431695,64.22878080632806,64.27838134765625,138300,0.0,0.0
2026-06-12 00:00:00-04:00,64.32797535981685,65.64727107345884,63.87167913055319,64.69499969482422,167800,0.0,0.0
2026-06-15 00:00:00-04:00,65.27999877929688,65.93000030517578,64.69999694824219,65.58999633789062,191600,0.525,0.0
2026-06-16 00:00:00-04:00,65.98999786376953,66.58999633789062,65.30999755859375,66.08999633789062,146800,0.0,0.0
2026-06-17 00:00:00-04:00,65.47000122070312,67.0,65.06999969482422,65.5,155600,0.0,0.0
2026-06-18 00:00:00-04:00,65.91999816894531,66.66999816894531,65.27999877929688,66.45999908447266,425100,0.0,0.0
2026-06-22 00:00:00-04:00,66.29000091552734,67.38999938964844,65.4800033569336,66.18000030517578,163100,0.0,0.0
2026-06-23 00:00:00-04:00,66.9000015258789,68.06999969482422,66.25,67.83000183105469,173100,0.0,0.0
2026-06-24 00:00:00-04:00,68.01000213623047,68.51000213623047,67.16999816894531,68.05999755859375,239500,0.0,0.0
2026-06-25 00:00:00-04:00,67.47000122070312,67.5,64.38999938964844,64.55999755859375,268900,0.0,0.0
2026-06-26 00:00:00-04:00,64.61000061035156,68.68000030517578,63.52000045776367,68.68000030517578,1306100,0.0,0.0
2026-06-29 00:00:00-04:00,67.80000305175781,67.80000305175781,66.37999725341797,66.95999908447266,494100,0.0,0.0
2026-06-30 00:00:00-04:00,67.01000213623047,67.31999969482422,65.33000183105469,66.0199966430664,199200,0.0,0.0
2026-07-01 00:00:00-04:00,66.33000183105469,67.72000122070312,65.62999725341797,67.58000183105469,235800,0.0,0.0
2026-07-02 00:00:00-04:00,68.30999755859375,68.47000122070312,66.16000366210938,67.95999908447266,182200,0.0,0.0
2026-07-06 00:00:00-04:00,67.72000122070312,68.68000030517578,66.93000030517578,67.87000274658203,248400,0.0,0.0
2026-07-07 00:00:00-04:00,68.44000244140625,68.9800033569336,68.04000091552734,68.3499984741211,236900,0.0,0.0
2026-07-08 00:00:00-04:00,67.79000091552734,69.11000061035156,67.26000213623047,67.33999633789062,236900,0.0,0.0
2026-07-09 00:00:00-04:00,67.5,68.44999694824219,66.87000274658203,67.95999908447266,180400,0.0,0.0
2026-07-10 00:00:00-04:00,67.94000244140625,69.05000305175781,67.66999816894531,68.45999908447266,122600,0.0,0.0
2026-07-13 00:00:00-04:00,68.70999908447266,69.86000061035156,68.5,69.41999816894531,248400,0.0,0.0
2026-07-14 00:00:00-04:00,69.5,70.0,68.44000244140625,68.87999725341797,135700,0.0,0.0
2026-07-15 00:00:00-04:00,68.4800033569336,69.58999633789062,67.80000305175781,68.62999725341797,180600,0.0,0.0
2026-07-16 00:00:00-04:00,69.01000213623047,72.29000091552734,69.01000213623047,72.2300033569336,184100,0.0,0.0
2026-07-17 00:00:00-04:00,72.44000244140625,73.7300033569336,71.55000305175781,72.0,192700,0.0,0.0
2026-07-20 00:00:00-04:00,71.43000030517578,72.12000274658203,69.62000274658203,69.79000091552734,170000,0.0,0.0
2026-07-21 00:00:00-04:00,70.22000122070312,70.66999816894531,69.12999725341797,70.12999725341797,182900,0.0,0.0
2026-07-22 00:00:00-04:00,69.94000244140625,70.12999725341797,68.75,69.70999908447266,197000,0.0,0.0
2026-07-23 00:00:00-04:00,63.959999084472656,67.30000305175781,62.90999984741211,64.25,839300,0.0,0.0
2026-07-24 00:00:00-04:00,64.94999694824219,68.48999786376953,64.73999786376953,67.41999816894531,289900,0.0,0.0
2026-07-27 00:00:00-04:00,64.91999816894531,67.36000061035156,64.91999816894531,66.33999633789062,275300,0.0,0.0
2026-07-28 00:00:00-04:00,67.04000091552734,70.13999938964844,66.63999938964844,69.5,309700,0.0,0.0
2026-07-29 00:00:00-04:00,68.72000122070312,70.70999908447266,68.72000122070312,70.23999786376953,283000,0.0,0.0
2026-07-30 00:00:00-04:00,70.33999633789062,70.48999786376953,67.68000030517578,68.16999816894531,252800,0.0,0.0
2026-07-31 00:00:00-04:00,67.54000091552734,68.8499984741211,67.4800033569336,67.58999633789062,241600,0.0,0.0
2026-08-03 00:00:00-04:00,68.13999938964844,69.76000213623047,68.13999938964844,69.04000091552734,155400,0.0,0.0
2026-08-04 00:00:00-04:00,68.38999938964844,69.13999938964844,68.1500015258789,68.6500015258789,146500,0.0,0.0
2026-08-05 00:00:00-04:00,68.88999938964844,68.93000030517578,67.77999877929688,68.08000183105469,123900,0.0,0.0
2026-08-06 00:00:00-04:00,69.02999877929688,69.05000305175781,67.69000244140625,68.41999816894531,410300,0.0,0.0
2026-08-07 00:00:00-04:00,68.87000274658203,69.44000244140625,68.0199966430664,68.19000244140625,205600,0.0,0.0
2026-08-10 00:00:00-04:00,67.51000213623047,67.94999694824219,65.08999633789062,65.69999694824219,121500,0.0,0.0
2026-08-11 00:00:00-04:00,66.01000213623047,66.45999908447266,65.2300033569336,65.4800033569336,251200,0.0,0.0
2026-08-12 00:00:00-04:00,65.69000244140625,66.30999755859375,65.44000244140625,65.5999984741211,185800,0.0,0.0
2026-08-13 00:00:00-04:00,66.01000213623047,67.95999908447266,66.01000213623047,67.69000244140625,174600,0.0,0.0
2026-08-14 00:00:00-04:00,68.0,68.4800033569336,67.57499694824219,68.19999694824219,105232,0.0,0.0
