Date,Open,High,Low,Close,Volume,Dividends,Stock Splits
2022-01-03 00:00:00-05:00,82.22396155423036,82.93612834022878,81.42388155536099,82.3910140991211,577700,0.0,0.0
2022-01-04 00:00:00-05:00,83.52520000426142,84.07910154735481,82.90095984075172,83.11196899414062,1003900,0.0,0.0
2022-01-05 00:00:00-05:00,83.40211236794653,84.02635254339795,82.5141057148181,82.61961364746094,975100,0.0,0.0
2022-01-06 00:00:00-05:00,83.51641121349682,84.89677486300496,82.619617224714,84.50992584228516,1065200,0.0,0.0
2022-01-07 00:00:00-05:00,84.25494246634918,85.5473860217,83.26142796599562,85.30120086669922,797400,0.0,0.0
2022-01-10 00:00:00-05:00,85.28362017983176,86.05732483467499,83.44606910913171,84.5011215209961,978300,0.0,0.0
2022-01-11 00:00:00-05:00,84.54510415511558,85.96063055985981,83.85052525388562,85.95184326171875,1158800,0.0,0.0
2022-01-12 00:00:00-05:00,86.16282770424576,87.58715441377792,85.53858761459688,86.66397857666016,1250200,0.0,0.0
2022-01-13 00:00:00-05:00,87.27065787638196,87.85972879841941,86.47057106847312,86.8486328125,583700,0.0,0.0
2022-01-14 00:00:00-05:00,86.41780356171215,87.46406865746471,85.3979137695736,86.78707122802734,733300,0.0,0.0
2022-01-18 00:00:00-05:00,86.10128809367008,86.49693107091028,85.11656759077364,86.24195861816406,733300,0.0,0.0
2022-01-19 00:00:00-05:00,86.37384752263232,86.40901683303188,84.71213617644786,85.07261657714844,814800,0.0,0.0
2022-01-20 00:00:00-05:00,85.09020035128779,86.11887755589521,83.11197186187648,83.31419372558594,1207500,0.0,0.0
2022-01-21 00:00:00-05:00,82.52289571103078,83.947222547153,81.03702426082141,82.93612670898438,1205500,0.0,0.0
2022-01-24 00:00:00-05:00,80.7205044097641,82.73390201259289,78.7950334307726,82.37342834472656,1733900,0.0,0.0
2022-01-25 00:00:00-05:00,81.75797438809025,83.5251935186325,79.50719237241898,83.25263977050781,1282500,0.0,0.0
2022-01-26 00:00:00-05:00,83.52520810086553,86.37385542526248,83.44608217612205,84.65939331054688,1061200,0.0,0.0
2022-01-27 00:00:00-05:00,85.61772023569759,87.59594857790016,84.66817572941379,84.92314147949219,1192600,0.0,0.0
2022-01-28 00:00:00-05:00,84.76487505231863,86.78705965134432,84.56265323848675,86.32987213134766,913700,0.0,0.0
2022-01-31 00:00:00-05:00,85.97819578482317,87.01566685870313,85.301198367163,86.91895294189453,1072700,0.0,0.0
2022-02-01 00:00:00-05:00,86.91894502486602,87.97399730213,86.33866157686968,87.9124526977539,1648200,0.0,0.0
2022-02-02 00:00:00-05:00,87.96521334643857,88.91475774887908,86.71672649792218,88.50153350830078,1383600,0.0,0.0
2022-02-03 00:00:00-05:00,87.4816543915973,88.60704545523666,86.62881708959752,86.85741424560547,956200,0.0,0.0
2022-02-04 00:00:00-05:00,86.75189855345748,87.45527125920862,85.16052602382314,86.25074768066406,788800,0.0,0.0
2022-02-07 00:00:00-05:00,86.35626405815259,87.38494120709666,85.87269443709687,86.97171020507812,666600,0.0,0.0
2022-02-08 00:00:00-05:00,87.48165495594395,88.99390172291233,87.14755657797694,88.76530456542969,1329700,0.0,0.0
2022-02-09 00:00:00-05:00,88.36087281806782,91.07763673270114,87.05084782563267,87.569580078125,1832100,0.0,0.0
2022-02-10 00:00:00-05:00,87.56958616279476,90.50616015554688,86.48815826628142,87.09481048583984,1453000,0.0,0.0
2022-02-11 00:00:00-05:00,89.70604112121727,90.04014613005471,88.16741940367997,89.40711212158203,1540800,0.0,0.0
2022-02-14 00:00:00-05:00,89.6797011801613,89.72366450113911,87.8069804232879,88.6510238647461,1801600,0.0,0.0
2022-02-15 00:00:00-05:00,88.8145026266528,90.2374442773316,88.39027551240713,89.81321716308594,1407100,0.525,0.0
2022-02-16 00:00:00-05:00,89.74251560929783,91.05939718642523,89.38898849824537,90.82077026367188,1488100,0.0,0.0
2022-02-17 00:00:00-05:00,89.56575498938794,89.6629751203477,88.20468664188986,88.3814468383789,1964300,0.0,0.0
2022-02-18 00:00:00-05:00,88.30189124741186,89.08848544653512,87.2501500572045,87.76276397705078,1183700,0.0,0.0
2022-02-22 00:00:00-05:00,87.48878483502097,88.67309962744298,86.47239693494214,87.61251831054688,975000,0.0,0.0
2022-02-23 00:00:00-05:00,88.25770441162308,89.16803214296593,87.9395306957988,88.09861755371094,1647500,0.0,0.0
2022-02-24 00:00:00-05:00,86.49007573737052,90.38769364552599,85.63277471018168,90.06952667236328,2242600,0.0,0.0
2022-02-25 00:00:00-05:00,89.3889862430484,93.05681728461539,88.37259835302834,92.96843719482422,2033300,0.0,0.0
2022-02-28 00:00:00-05:00,92.0934610682611,93.41918271555643,91.32454682832997,92.40280151367188,2819600,0.0,0.0
2022-03-01 00:00:00-05:00,92.67678066695152,94.60349637323313,91.86367301845772,93.5694351196289,2292300,0.0,0.0
2022-03-02 00:00:00-05:00,94.39138576409391,95.80548753260729,93.98482518411276,95.2486801147461,2145800,0.0,0.0
2022-03-03 00:00:00-05:00,96.11483131325416,97.06935263564338,95.04541652802858,96.5213851928711,2106100,0.0,0.0
2022-03-04 00:00:00-05:00,96.37995918174663,96.37995918174663,94.33834341377398,95.73477172851562,2074400,0.0,0.0
2022-03-07 00:00:00-05:00,96.7776678677263,99.5440042569334,94.98352588019493,96.11480712890625,3034100,0.0,0.0
2022-03-08 00:00:00-05:00,96.23855591105027,97.07817694999963,93.24242543416717,93.95831298828125,2568700,0.0,0.0
2022-03-09 00:00:00-05:00,94.56813674475438,95.80547820028879,92.84470143584578,94.99237060546875,1671500,0.0,0.0
2022-03-10 00:00:00-05:00,94.26764355352941,97.42286057174758,94.14390333870676,96.99862670898438,1932900,0.0,0.0
2022-03-11 00:00:00-05:00,96.90141547424028,98.24481721036126,96.4595082505369,97.15772247314453,1370900,0.0,0.0
2022-03-14 00:00:00-04:00,97.36100261604466,97.66149629108436,94.07321179777743,95.58453369140625,1631300,0.0,0.0
2022-03-15 00:00:00-04:00,95.9910902804928,96.7688445878745,93.74620071392667,95.50498962402344,1474800,0.0,0.0
2022-03-16 00:00:00-04:00,95.32823197008031,95.6640790507111,90.99753959598901,91.96973419189453,3064100,0.0,0.0
2022-03-17 00:00:00-04:00,92.41163503836815,94.38254419260564,92.18184814052283,93.14520263671875,1965300,0.0,0.0
2022-03-18 00:00:00-04:00,92.57072420107902,93.19823165546357,91.18313577536239,92.72097778320312,2290900,0.0,0.0
2022-03-21 00:00:00-04:00,94.09087289650472,97.33446987390694,93.6931591446262,97.290283203125,2967100,0.0,0.0
2022-03-22 00:00:00-04:00,98.09456740834797,98.26249431757408,96.49486535466968,97.5112533569336,2017700,0.0,0.0
2022-03-23 00:00:00-04:00,97.9178048498325,99.24352654006641,97.61730442703549,98.95186614990234,1256900,0.0,0.0
2022-03-24 00:00:00-04:00,99.51747810394544,100.93157948291915,99.25233788830695,100.74597930908203,1680800,0.0,0.0
2022-03-25 00:00:00-04:00,100.83437755510984,103.80399435767492,100.83437755510984,103.59188079833984,2243400,0.0,0.0
2022-03-28 00:00:00-04:00,102.99971845991375,102.99971845991375,99.84450170532146,100.63109588623047,1355000,0.0,0.0
2022-03-29 00:00:00-04:00,97.2195890489672,97.2195890489672,91.92554240605932,95.52266693115234,2750200,0.0,0.0
2022-03-30 00:00:00-04:00,96.22088641498242,98.32436248379597,96.22088641498242,96.96328735351562,1147900,0.0,0.0
2022-03-31 00:00:00-04:00,96.63626987463657,99.11095306122917,95.9380623846531,97.93547821044922,1234400,0.0,0.0
2022-04-01 00:00:00-04:00,98.58066196472747,100.40131752600624,98.22713484544846,99.67658996582031,1005100,0.0,0.0
2022-04-04 00:00:00-04:00,100.22456381016453,100.22456381016453,97.73220723560085,98.5011215209961,817600,0.0,0.0
2022-04-05 00:00:00-04:00,98.86347078002557,99.70309169028116,98.45691700031468,98.88998413085938,1102900,0.0,0.0
2022-04-06 00:00:00-04:00,99.01371382058515,101.6121299906924,98.89882039036432,100.0124282836914,1943500,0.0,0.0
2022-04-07 00:00:00-04:00,100.59576924073929,103.99845382269588,100.53390249353897,103.17650604248047,2038600,0.0,0.0
2022-04-08 00:00:00-04:00,104.29008616151063,105.94282131035217,103.39743184108025,104.51103973388672,1344800,0.0,0.0
2022-04-11 00:00:00-04:00,105.96933722492882,106.00469060652081,103.07042736406744,103.99842834472656,1734500,0.0,0.0
2022-04-12 00:00:00-04:00,105.08552930204225,107.36577198107712,104.7320022076001,105.43905639648438,1436100,0.0,0.0
2022-04-13 00:00:00-04:00,105.59816250160948,107.32159812960296,105.27998873290764,106.90620422363281,1378700,0.0,0.0
2022-04-14 00:00:00-04:00,107.82535702778581,109.91999958767958,107.81651699573588,109.55763244628906,1375500,0.0,0.0
2022-04-18 00:00:00-04:00,109.47809497293777,113.1017327576,109.15992124131192,112.03231811523438,2507900,0.0,0.0
2022-04-19 00:00:00-04:00,109.67253612913824,111.51971190782051,107.72814696070685,108.92129516601562,2324000,0.0,0.0
2022-04-20 00:00:00-04:00,108.55892101872439,111.92625162101328,107.54253314151003,111.36061096191406,2295600,0.0,0.0
2022-04-21 00:00:00-04:00,112.55377301878632,113.48177417980288,107.9491003732583,108.11702728271484,1816300,0.0,0.0
2022-04-22 00:00:00-04:00,107.85185779194887,108.74451212167074,103.14112596154536,104.237060546875,3243600,0.0,0.0
2022-04-25 00:00:00-04:00,102.86714935302734,103.5565234517117,99.40259879693933,102.86714935302734,1977400,0.0,0.0
2022-04-26 00:00:00-04:00,106.05773656868547,106.81781755353192,101.47073730433965,101.51493072509766,2350700,0.0,0.0
2022-04-27 00:00:00-04:00,104.290088873853,107.63090589619136,100.53387804576931,105.1385498046875,2712700,0.0,0.0
2022-04-28 00:00:00-04:00,106.1991461793341,106.81781358916957,102.03637423969444,103.25604248046875,2244900,0.0,0.0
2022-04-29 00:00:00-04:00,103.6360721537279,103.6360721537279,99.83566776677,99.97708129882812,1523300,0.0,0.0
2022-05-02 00:00:00-04:00,99.98591263944058,102.65503568980726,99.97707935108531,101.85076141357422,1652500,0.0,0.0
2022-05-03 00:00:00-04:00,101.63866194646461,103.99844491421341,101.2497814299628,103.20301055908203,1283000,0.0,0.0
2022-05-04 00:00:00-04:00,103.67143652257232,105.06785821329613,101.60330722636141,104.89109802246094,1863500,0.0,0.0
2022-05-05 00:00:00-04:00,104.67897901620559,105.11204618137127,101.06417463725899,101.47956848144531,1033200,0.0,0.0
2022-05-06 00:00:00-04:00,101.24976585847593,102.16893355604755,100.01243121075268,101.84192657470703,1475600,0.0,0.0
2022-05-09 00:00:00-04:00,100.05663126356403,100.57808528596573,95.07191839526246,95.30171203613281,1775500,0.0,0.0
2022-05-10 00:00:00-04:00,96.10598482508053,98.19178754074527,95.71711103846073,97.5112533569336,1703000,0.0,0.0
2022-05-11 00:00:00-04:00,97.66149917711378,99.8798753903448,96.40648424491509,97.01631164550781,1910400,0.0,0.0
2022-05-12 00:00:00-04:00,96.88374350187385,97.6968511865028,94.19694673517157,96.48602294921875,1537000,0.0,0.0
2022-05-13 00:00:00-04:00,98.04152910274446,98.66903650120969,95.69941965528193,96.84838104248047,1496200,0.0,0.0
2022-05-16 00:00:00-04:00,97.61729318838188,99.69426232500277,97.55542645301243,99.49098205566406,1460400,0.0,0.0
2022-05-17 00:00:00-04:00,101.19674714939055,103.86586362694862,99.68542535919781,102.95553588867188,1455400,0.0,0.0
2022-05-18 00:00:00-04:00,102.29412383124904,102.91559209844532,98.21904633393146,98.80500793457031,1240200,0.525,0.0
2022-05-19 00:00:00-04:00,97.65972485091223,99.06247525168257,95.57335935652378,97.970458984375,1609500,0.0,0.0
2022-05-20 00:00:00-04:00,98.10362410199589,99.72832828063619,95.06729636628798,97.10926818847656,1283800,0.0,0.0
2022-05-23 00:00:00-04:00,98.02373333172575,101.53948264225168,97.36674484590054,100.71381378173828,1204500,0.0,0.0
2022-05-24 00:00:00-04:00,100.19886771752942,102.57821376226634,99.49749259079218,102.50718688964844,2011000,0.0,0.0
2022-05-25 00:00:00-04:00,102.45392169190343,103.68798483519463,101.4950792173548,102.74690246582031,1165400,0.0,0.0
2022-05-26 00:00:00-04:00,103.09313126356902,103.36835188227015,101.09554652488059,102.03662872314453,1013800,0.0,0.0
2022-05-27 00:00:00-04:00,101.87684548281591,101.9833857989035,100.04794741770189,101.85021209716797,1279800,0.0,0.0
2022-05-31 00:00:00-04:00,103.34176664777637,105.3304722619917,102.6759047580014,105.04637145996094,2564000,0.0,0.0
2022-06-01 00:00:00-04:00,105.35706800947085,105.6411687099917,99.68392727749564,101.29975128173828,1730100,0.0,0.0
2022-06-02 00:00:00-04:00,100.76706815473419,103.279587867403,100.16335329044443,102.27635192871094,1341900,0.0,0.0
2022-06-03 00:00:00-04:00,101.7081477991422,101.93010168786134,99.56851583410712,100.31427764892578,1473500,0.0,0.0
2022-06-06 00:00:00-04:00,101.07780292672072,101.07780292672072,98.98255760570933,99.34656524658203,1492500,0.0,0.0
2022-06-07 00:00:00-04:00,98.54754334978648,100.60727551642775,98.28119592863177,100.15448760986328,1398500,0.0,0.0
2022-06-08 00:00:00-04:00,99.55075621069753,100.9002396537854,99.24890217185916,99.9058837890625,1044400,0.0,0.0
2022-06-09 00:00:00-04:00,100.15447211258075,100.69604015123248,97.80176627490799,97.82839965820312,933700,0.0,0.0
2022-06-10 00:00:00-04:00,96.60321187615976,97.464394079507,94.91636767926828,94.96075439453125,1167600,0.0,0.0
2022-06-13 00:00:00-04:00,92.78562374733126,93.82436652476721,90.7614049686879,90.94784545898438,1315800,0.0,0.0
2022-06-14 00:00:00-04:00,91.56932126817968,92.70572441087813,91.04551319632527,92.6435775756836,1328900,0.0,0.0
2022-06-15 00:00:00-04:00,93.0608458254046,93.80661457106233,91.34736117203823,92.26181030273438,1229400,0.0,0.0
2022-06-16 00:00:00-04:00,90.26420541470023,91.0366073822732,88.7194082530494,88.99462890625,1620800,0.0,0.0
2022-06-17 00:00:00-04:00,88.8792373522706,89.16333812797266,85.3013408798831,86.65081787109375,3743800,0.0,0.0
2022-06-21 00:00:00-04:00,87.09470819229296,88.14233086145347,86.52650675547662,87.63627624511719,1872200,0.0,0.0
2022-06-22 00:00:00-04:00,85.84288420868067,85.9139043019384,82.49581592803591,82.62010955810547,2220300,0.0,0.0
2022-06-23 00:00:00-04:00,82.08742933749333,82.20284292671764,76.39653487935725,77.5862045288086,3119200,0.0,0.0
2022-06-24 00:00:00-04:00,77.6305922367552,79.36182981366798,75.90822793824049,78.47401428222656,3142300,0.0,0.0
2022-06-27 00:00:00-04:00,79.23755652188215,81.15524181335402,78.056759936309,80.72020721435547,1973400,0.0,0.0
2022-06-28 00:00:00-04:00,81.86546033324176,83.77426487050248,79.92114236581173,80.53373718261719,1218600,0.0,0.0
2022-06-29 00:00:00-04:00,80.70245718064847,81.83886031534016,79.63707416175227,81.21739196777344,1339000,0.0,0.0
2022-06-30 00:00:00-04:00,81.16409274363436,81.88322791665429,80.26740395053352,80.5159912109375,1729800,0.0,0.0
2022-07-01 00:00:00-04:00,80.41834633302011,81.18186836362081,78.19880712162188,80.74683380126953,1287000,0.0,0.0
2022-07-05 00:00:00-04:00,78.82914607139574,79.6903282667759,75.89047867245533,76.902587890625,1450500,0.0,0.0
2022-07-06 00:00:00-04:00,77.24883291246296,77.55068694822589,74.38118570523963,76.21896362304688,2323900,0.0,0.0
2022-07-07 00:00:00-04:00,78.58943194415039,80.36506309924502,77.57732272762608,78.79363250732422,1957200,0.0,0.0
2022-07-08 00:00:00-04:00,79.43287253393773,79.85902028091711,77.73714127919642,77.86143493652344,953300,0.0,0.0
2022-07-11 00:00:00-04:00,77.29323037105752,78.53617366871568,76.91146936049456,77.35537719726562,959100,0.0,0.0
2022-07-12 00:00:00-04:00,76.245607078678,79.29081508883279,76.00589982881566,77.7637710571289,1421200,0.0,0.0
2022-07-13 00:00:00-04:00,77.09791717775438,78.42076753416599,76.96475023284428,77.33763122558594,998000,0.0,0.0
2022-07-14 00:00:00-04:00,75.62412920352395,76.13906385077465,74.61202001326988,76.02364349365234,1091100,0.0,0.0
2022-07-15 00:00:00-04:00,76.79604089093948,76.94696790057773,75.40217082432117,76.71614074707031,863900,0.0,0.0
2022-07-18 00:00:00-04:00,77.6661065116837,79.45949092427362,77.63059307722216,77.87030029296875,1183500,0.0,0.0
2022-07-19 00:00:00-04:00,78.23432828142217,80.03659321515265,78.04788778208766,79.9034194946289,1299000,0.0,0.0
2022-07-20 00:00:00-04:00,79.27306332520101,81.65240963190278,79.15764972461146,81.58138275146484,1605100,0.0,0.0
2022-07-21 00:00:00-04:00,80.71132481340226,82.14958184598824,80.48049084547644,81.31503295898438,1367700,0.0,0.0
2022-07-22 00:00:00-04:00,81.19962392858193,82.51359415817981,80.38283510197866,80.8089828491211,876600,0.0,0.0
2022-07-25 00:00:00-04:00,82.0785552572367,84.30697446583562,81.6701608654629,83.63223266601562,1292300,0.0,0.0
2022-07-26 00:00:00-04:00,84.80414789679809,86.29567845954685,83.65887166912115,84.63546752929688,1765200,0.0,0.0
2022-07-27 00:00:00-04:00,80.52488292262203,82.41593473722095,78.491790888841,81.25289154052734,3247800,0.0,0.0
2022-07-28 00:00:00-04:00,80.02772187628294,80.99544469554844,78.8913186479142,79.29971313476562,2134700,0.0,0.0
2022-07-29 00:00:00-04:00,79.61042265065937,82.21172261078793,79.37071542073082,81.97201538085938,1682600,0.0,0.0
2022-08-01 00:00:00-04:00,82.0962963418268,84.05836768776523,81.71453542461289,83.3125991821289,1701900,0.0,0.0
2022-08-02 00:00:00-04:00,83.04626062497239,83.72100228483114,82.13181176639117,82.5135726928711,1529500,0.0,0.0
2022-08-03 00:00:00-04:00,82.42480044974481,84.60883287643267,82.06079956096067,84.38687896728516,2167300,0.0,0.0
2022-08-04 00:00:00-04:00,83.95184442843907,85.72747570161923,83.42803645412889,84.38687896728516,1524400,0.0,0.0
2022-08-05 00:00:00-04:00,84.03174497061096,86.43772435006963,83.95183804717387,85.89615631103516,1351300,0.0,0.0
2022-08-08 00:00:00-04:00,86.0115857409478,86.81062125503465,85.29245716501788,85.48777770996094,1147900,0.0,0.0
2022-08-09 00:00:00-04:00,86.17138936028043,87.80497376454205,85.86953527465926,86.45549011230469,1044700,0.0,0.0
2022-08-10 00:00:00-04:00,86.97041721797022,87.53861867220843,85.98494133907366,86.87275695800781,1115000,0.0,0.0
2022-08-11 00:00:00-04:00,87.7072989244378,88.59511447370005,87.25451109773542,87.52973175048828,853700,0.0,0.0
2022-08-12 00:00:00-04:00,88.85258375146826,89.91795972463406,88.21335545817068,89.8824462890625,1034200,0.0,0.0
2022-08-15 00:00:00-04:00,88.26663913631194,89.41192225231917,86.84613530876298,89.0923080444336,1010900,0.0,0.0
2022-08-16 00:00:00-04:00,89.00350841383793,89.6338566381639,87.69841847852419,88.35540008544922,1767300,0.0,0.0
2022-08-17 00:00:00-04:00,87.92036848991012,88.8969641919721,87.45870740705173,88.87033081054688,906700,0.0,0.0
2022-08-18 00:00:00-04:00,89.31258874033034,90.43826695610478,89.04456784550874,89.9558334350586,1448000,0.625,0.0
2022-08-19 00:00:00-04:00,89.33937389381595,90.09875720870272,88.9373494377151,89.35723876953125,1390200,0.0,0.0
2022-08-22 00:00:00-04:00,88.16904135150793,88.80335016790065,87.47219523817662,88.7140121459961,930600,0.0,0.0
2022-08-23 00:00:00-04:00,89.06241841276865,91.79620090079406,89.06241841276865,91.0457534790039,1661000,0.0,0.0
2022-08-24 00:00:00-04:00,90.70627919830775,92.01956928744484,89.86648677318784,90.52760314941406,993200,0.0,0.0
2022-08-25 00:00:00-04:00,91.04575558824277,91.97487904168315,90.60798776600394,91.96595001220703,838600,0.0,0.0
2022-08-26 00:00:00-04:00,91.68899056903825,92.48411039587043,90.40250830974335,91.41204071044922,921000,0.0,0.0
2022-08-29 00:00:00-04:00,90.76881290690238,93.39539298128902,90.55440029349963,92.73428344726562,1116300,0.0,0.0
2022-08-30 00:00:00-04:00,92.51985164430398,93.0469574844899,88.89267531509637,89.23216247558594,1486500,0.0,0.0
2022-08-31 00:00:00-04:00,88.62466296730562,89.76821276625829,87.78487742326958,88.59786224365234,1799300,0.0,0.0
2022-09-01 00:00:00-04:00,87.85634088454913,88.42811917341893,86.68599721613683,87.61512756347656,891900,0.0,0.0
2022-09-02 00:00:00-04:00,88.5889283346553,90.36678000497506,88.40130964730659,88.45491790771484,1134400,0.0,0.0
2022-09-06 00:00:00-04:00,88.97309774561391,89.54487612855502,83.7020790393836,84.06836700439453,1435200,0.0,0.0
2022-09-07 00:00:00-04:00,83.38043754833976,85.90874341254715,82.86226755473234,85.38163757324219,1327900,0.0,0.0
2022-09-08 00:00:00-04:00,84.87241143440411,86.6145266268993,84.55972496601443,86.54306030273438,881400,0.0,0.0
2022-09-09 00:00:00-04:00,87.45430676569002,87.63298277521939,85.51564411647973,86.5609130859375,1174200,0.0,0.0
2022-09-12 00:00:00-04:00,87.03442094014444,87.63299314052558,84.36317543022199,84.79200744628906,1235100,0.0,0.0
2022-09-13 00:00:00-04:00,83.64844995961818,85.91767078320542,82.61211680846708,83.03201293945312,1000300,0.0,0.0
2022-09-14 00:00:00-04:00,83.183886914303,83.37149877103559,81.62938380419517,82.37089538574219,909000,0.0,0.0
2022-09-15 00:00:00-04:00,82.27263615339236,82.69253235233104,81.20056626269903,81.4775161743164,922200,0.0,0.0
2022-09-16 00:00:00-04:00,81.21842327991051,81.22735230921396,79.17255092069288,79.9140625,1630000,0.0,0.0
2022-09-19 00:00:00-04:00,78.94921452502835,81.57578772749395,78.81520408848174,81.52218627929688,911400,0.0,0.0
2022-09-20 00:00:00-04:00,81.12015394421935,81.12015394421935,79.35123134811582,80.59304809570312,872200,0.0,0.0
2022-09-21 00:00:00-04:00,82.03140562444511,82.46023758049591,79.95873260498047,79.95873260498047,852500,0.0,0.0
2022-09-22 00:00:00-04:00,80.63773175155777,81.16483085750968,78.7347984665518,78.88668060302734,967600,0.0,0.0
2022-09-23 00:00:00-04:00,77.01054450997502,77.30536610624571,73.80326396986345,74.3214340209961,1334600,0.0,0.0
2022-09-26 00:00:00-04:00,73.58885229738243,75.39350483654955,72.62398532425752,73.18682098388672,1372400,0.0,0.0
2022-09-27 00:00:00-04:00,74.22313185554009,75.86697258484925,73.07958929322915,73.44587707519531,1166700,0.0,0.0
2022-09-28 00:00:00-04:00,73.76751146448552,75.33988615555674,73.49056162141848,74.95572662353516,1161000,0.0,0.0
2022-09-29 00:00:00-04:00,74.47329777319969,74.53583505821057,71.83778914138726,73.47269439697266,1044700,0.0,0.0
2022-09-30 00:00:00-04:00,74.33930388615839,74.53585163019301,73.30297053041367,73.76753234863281,1051500,0.0,0.0
2022-10-03 00:00:00-04:00,74.54477990891019,75.59898485219917,73.95513673667314,75.39350128173828,1010900,0.0,0.0
2022-10-04 00:00:00-04:00,76.3762354857545,78.97601476421282,76.32263403788656,78.73479461669922,1300400,0.0,0.0
2022-10-05 00:00:00-04:00,78.13621863177804,78.91347366869525,77.35896359486082,78.38636779785156,857800,0.0,0.0
2022-10-06 00:00:00-04:00,77.63592125147217,78.52037918980544,76.99267663593754,77.05521392822266,1325400,0.0,0.0
2022-10-07 00:00:00-04:00,76.80505400254482,77.24281498723221,75.61683879948352,76.40302276611328,879600,0.0,0.0
2022-10-10 00:00:00-04:00,77.05521818438908,78.18982535453311,76.98374504181436,77.36790466308594,954100,0.0,0.0
2022-10-11 00:00:00-04:00,76.56383933236117,78.39529919087701,75.36669501528294,77.01053619384766,1044600,0.0,0.0
2022-10-12 00:00:00-04:00,77.32323215163792,78.91347194352906,74.75918962333101,78.26129150390625,1943700,0.0,0.0
2022-10-13 00:00:00-04:00,77.70739914282068,81.17376478558957,76.12608823024003,80.71813201904297,1136200,0.0,0.0
2022-10-14 00:00:00-04:00,80.86106423460829,81.79019448374841,75.59004013662731,75.92952728271484,1297500,0.0,0.0
2022-10-17 00:00:00-04:00,77.35002920902771,79.26189120713217,77.35002920902771,78.47570037841797,1061000,0.0,0.0
2022-10-18 00:00:00-04:00,79.42269337746454,80.06593786792338,78.64543848215138,79.7800521850586,1207000,0.0,0.0
2022-10-19 00:00:00-04:00,79.51204623312113,81.14695848253142,79.22616049683519,80.94147491455078,1241100,0.0,0.0
2022-10-20 00:00:00-04:00,81.43284241531462,81.95101243087366,80.24462708117,80.2535629272461,1186200,0.0,0.0
2022-10-21 00:00:00-04:00,80.00341314548515,81.60258196198825,79.44950656596814,81.12015533447266,853300,0.0,0.0
2022-10-24 00:00:00-04:00,81.16481808031502,81.62938663159905,80.79853019954604,81.39710235595703,1123200,0.0,0.0
2022-10-25 00:00:00-04:00,81.52218354064956,82.44237805607406,80.11061971307913,82.1654281616211,1822200,0.0,0.0
2022-10-26 00:00:00-04:00,87.55258955952168,89.08922793623695,84.90814481524214,87.91888427734375,2825100,0.0,0.0
2022-10-27 00:00:00-04:00,88.65146501666958,91.83194459289092,87.36497583255604,87.4275131225586,1840500,0.0,0.0
2022-10-28 00:00:00-04:00,87.36497288540157,88.11542034011674,85.54244887473924,86.44477844238281,1124000,0.0,0.0
2022-10-31 00:00:00-04:00,86.83787258839737,89.5359256178437,86.83787258839737,88.17796325683594,1471800,0.0,0.0
2022-11-01 00:00:00-04:00,88.79440868590869,90.18810082412618,87.85634247530618,89.13389587402344,1023400,0.0,0.0
2022-11-02 00:00:00-04:00,87.8563419375491,90.80454416763685,87.74020319875976,88.60679626464844,1521200,0.0,0.0
2022-11-03 00:00:00-04:00,87.07017406775806,88.95523585877193,86.3465271450848,88.20478820800781,960400,0.0,0.0
2022-11-04 00:00:00-04:00,89.911154698217,90.59013591896432,87.82954543401192,88.91948699951172,840700,0.0,0.0
2022-11-07 00:00:00-05:00,88.93735834099739,92.26971350384008,88.93735834099739,92.2071762084961,1721700,0.0,0.0
2022-11-08 00:00:00-05:00,92.37692806264833,94.48533815349043,91.98383257640695,93.41326141357422,1958300,0.0,0.0
2022-11-09 00:00:00-05:00,92.08208824910066,92.93080953641436,88.93734542885153,89.2768325805664,1799900,0.0,0.0
2022-11-10 00:00:00-05:00,91.80514788458865,93.09163030889337,90.07196174866729,91.29591369628906,1496000,0.0,0.0
2022-11-11 00:00:00-05:00,92.01954728852857,92.63599109713229,89.24109245132858,90.68839263916016,1003700,0.0,0.0
2022-11-14 00:00:00-05:00,90.17917603795132,91.11723547664914,88.23157720172829,88.32091522216797,1340000,0.0,0.0
2022-11-15 00:00:00-05:00,88.9105576688843,89.78608668738748,86.92722894217107,89.1249771118164,1582400,0.0,0.0
2022-11-16 00:00:00-05:00,89.10711647827557,89.26792767240984,88.0171746975938,88.81230163574219,881900,0.0,0.0
2022-11-17 00:00:00-05:00,87.90872275686291,89.53599393251675,87.65699095722333,89.44609069824219,1051400,0.625,0.0
2022-11-18 00:00:00-05:00,90.21029362060645,91.06439163752223,89.51803105539773,90.53395080566406,812600,0.0,0.0
2022-11-21 00:00:00-05:00,90.12038062185675,91.76563665804979,88.27734020212809,91.05538940429688,1458200,0.0,0.0
2022-11-22 00:00:00-05:00,91.60381350629565,92.43992671688004,89.52701905320903,91.32511138916016,1744400,0.0,0.0
2022-11-23 00:00:00-05:00,91.2621714781696,91.85553833705016,90.64182747459581,90.96548461914062,588200,0.0,0.0
2022-11-25 00:00:00-05:00,91.54088363050366,92.718631955262,91.28015940991247,91.50492095947266,544700,0.0,0.0
2022-11-28 00:00:00-05:00,90.7227499669155,92.04434204101562,90.10240593068032,92.04434204101562,941600,0.0,0.0
2022-11-29 00:00:00-05:00,92.80854766054256,94.93928288902278,92.80854766054256,93.64466094970703,1306400,0.0,0.0
2022-11-30 00:00:00-05:00,95.12808798212231,95.4787154947154,92.1972019465585,94.25601196289062,2051500,0.0,0.0
2022-12-01 00:00:00-05:00,93.13219680083735,93.98629484518486,86.45228981587557,88.9516372680664,2660500,0.0,0.0
2022-12-02 00:00:00-05:00,88.48411832974503,88.93364139404063,84.57326904220875,85.25654602050781,2621100,0.0,0.0
2022-12-05 00:00:00-05:00,84.15971867726962,84.8429957370094,83.11682175139426,83.89899444580078,1540700,0.0,0.0
2022-12-06 00:00:00-05:00,83.61128710848908,86.1376044487658,83.52138387053047,85.8319320678711,1608400,0.0,0.0
2022-12-07 00:00:00-05:00,85.75101664795653,88.02560909834958,85.56221778543586,85.8678970336914,1196400,0.0,0.0
2022-12-08 00:00:00-05:00,86.82988660513188,87.20748437581402,85.58919841692138,86.63209533691406,1148400,0.0,0.0
2022-12-09 00:00:00-05:00,86.6680475335456,87.1085782127605,85.71505397997485,85.8678970336914,791700,0.0,0.0
2022-12-12 00:00:00-05:00,86.0477012108072,86.0477012108072,84.78903530185468,85.8319320678711,729200,0.0,0.0
2022-12-13 00:00:00-05:00,87.11757428920552,87.34233582924001,84.92389946353194,84.93289184570312,1036000,0.0,0.0
2022-12-14 00:00:00-05:00,86.40733262654346,87.21647559519556,85.40939077506891,86.51522064208984,1346900,0.0,0.0
2022-12-15 00:00:00-05:00,85.6341351058132,87.02765920816124,85.55322425481106,86.98270416259766,1105200,0.0,0.0
2022-12-16 00:00:00-05:00,86.28146783027569,87.64801508246607,84.95986877409894,86.38036346435547,1638500,0.0,0.0
2022-12-19 00:00:00-05:00,86.91977872291045,87.99863131786431,85.58020193135428,86.479248046875,807500,0.0,0.0
2022-12-20 00:00:00-05:00,86.23649422600016,87.53112271426426,85.91283710393414,86.73097229003906,1096800,0.0,0.0
2022-12-21 00:00:00-05:00,87.26141032358967,88.60099392130098,86.79390938006127,87.91771697998047,911500,0.0,0.0
2022-12-22 00:00:00-05:00,87.85480765998923,87.85480765998923,85.84993134442259,87.30638885498047,545400,0.0,0.0
2022-12-23 00:00:00-05:00,87.62103529278437,89.10446278396334,87.38728137765142,88.9696044921875,459700,0.0,0.0
2022-12-27 00:00:00-05:00,89.248315945262,90.62386243442069,89.248315945262,90.42607116699219,623800,0.0,0.0
2022-12-28 00:00:00-05:00,90.49798250886093,90.94750555285286,88.90666709199019,89.45508575439453,707700,0.0,0.0
2022-12-29 00:00:00-05:00,89.57197724655252,91.00146438000428,89.57197724655252,89.71582794189453,691100,0.0,0.0
2022-12-30 00:00:00-05:00,89.49104581771893,89.91359856424764,88.84373155573256,89.69782257080078,597000,0.0,0.0
2023-01-03 00:00:00-05:00,89.859664342664,89.90461939603327,85.71506083977262,85.92184448242188,876700,0.0,0.0
2023-01-04 00:00:00-05:00,85.83193847620124,86.52420100526284,83.91696575473945,85.40938568115234,1384200,0.0,0.0
2023-01-05 00:00:00-05:00,85.97577729812812,86.0656873967505,82.48748084975308,83.77311706542969,1409700,0.0,0.0
2023-01-06 00:00:00-05:00,84.84300571696917,87.2164875098035,84.69915500992262,86.86585998535156,958200,0.0,0.0
2023-01-09 00:00:00-05:00,86.83886552146424,89.1763910307142,86.30843157812905,88.14248657226562,1245200,0.0,0.0
2023-01-10 00:00:00-05:00,88.78981588806568,89.24832456958053,86.7399913896869,87.66600799560547,907700,0.0,0.0
2023-01-11 00:00:00-05:00,88.73586501162903,89.00558163905525,87.86379588253229,88.52009582519531,569800,0.0,0.0
2023-01-12 00:00:00-05:00,88.74484251061473,91.02842049983538,88.16046115532347,90.39009857177734,990400,0.0,0.0
2023-01-13 00:00:00-05:00,90.39009930930239,90.63283874791107,89.5270158421038,90.28221130371094,595900,0.0,0.0
2023-01-17 00:00:00-05:00,90.77669032990458,92.05333420920513,90.47101107392716,90.98346710205078,730100,0.0,0.0
2023-01-18 00:00:00-05:00,90.84861072014101,91.98140386218994,87.89074824199187,88.00762176513672,904000,0.0,0.0
2023-01-19 00:00:00-05:00,87.88176431242321,89.62591610087527,87.58507742608647,88.4571533203125,742300,0.0,0.0
2023-01-20 00:00:00-05:00,88.91566168484974,90.02148455943339,86.47025516724587,87.59406280517578,1118400,0.0,0.0
2023-01-23 00:00:00-05:00,87.20746225762913,87.52212698672339,84.86994402255894,85.9937515258789,1373200,0.0,0.0
2023-01-24 00:00:00-05:00,85.39141215070102,87.14454951872368,84.91491189709498,86.82089233398438,964300,0.0,0.0
2023-01-25 00:00:00-05:00,86.04770416234749,87.11757125053146,84.86096354672615,87.0995864868164,1112800,0.0,0.0
2023-01-26 00:00:00-05:00,87.59406850922429,89.79672887933121,86.31742459560458,89.67985534667969,1283100,0.0,0.0
2023-01-27 00:00:00-05:00,89.90460677075944,90.13836066893302,87.71093217061622,87.74689483642578,887300,0.0,0.0
2023-01-30 00:00:00-05:00,87.45023040512292,87.82783506333102,86.60513154908318,87.27042388916016,740300,0.0,0.0
2023-01-31 00:00:00-05:00,87.38727766198805,89.25729518518415,87.08160528219231,89.09546661376953,1026100,0.0,0.0
2023-02-01 00:00:00-05:00,89.06850335999682,90.39909470324817,88.41219664100886,90.01250457763672,847700,0.0,0.0
2023-02-02 00:00:00-05:00,89.52699973719194,89.66185800512733,87.31534746425139,88.74482727050781,1296600,0.0,0.0
2023-02-03 00:00:00-05:00,88.87970646545095,89.75178236303287,87.70195815714193,88.17845153808594,1159900,0.0,0.0
2023-02-06 00:00:00-05:00,88.25037934232837,89.5809638931393,87.52214724735737,89.52702331542969,1215800,0.0,0.0
2023-02-07 00:00:00-05:00,89.32922431719719,89.55398585043105,87.60305738816383,88.9696044921875,1191200,0.0,0.0
2023-02-08 00:00:00-05:00,88.46615026429532,92.96138140720485,87.87277646102564,88.27735137939453,1846700,0.0,0.0
2023-02-09 00:00:00-05:00,86.7220031560923,88.78981233924281,85.71506885538946,86.39834594726562,1623300,0.0,0.0
2023-02-10 00:00:00-05:00,87.19848062918646,89.4011477228031,86.71299490478742,88.90666961669922,1358900,0.0,0.0
2023-02-13 00:00:00-05:00,88.46614682596594,88.59201274434123,87.23445107137566,88.32229614257812,1681600,0.0,0.0
2023-02-14 00:00:00-05:00,88.5470458883951,89.90460738040889,87.95367904645656,89.86864471435547,1140400,0.0,0.0
2023-02-15 00:00:00-05:00,89.6741440371244,89.97269071540433,88.95942799671448,89.92745971679688,986200,0.625,0.0
2023-02-16 00:00:00-05:00,89.42987079530806,89.86413117825713,88.2537612915039,88.2537612915039,810100,0.0,0.0
2023-02-17 00:00:00-05:00,87.76521164873476,88.6156275007937,86.80622208452566,88.27184295654297,752500,0.0,0.0
2023-02-21 00:00:00-05:00,87.84663813971821,88.30803848797734,87.00526428222656,87.00526428222656,1257800,0.0,0.0
2023-02-22 00:00:00-05:00,87.15003163692366,89.28513102388321,86.86052698626823,88.52517700195312,811800,0.0,0.0
2023-02-23 00:00:00-05:00,89.31226137882399,90.14458629694455,88.4708875000641,89.04084777832031,608800,0.0,0.0
2023-02-24 00:00:00-05:00,88.79659867119956,88.99563443073339,88.09093145273306,88.71517181396484,696300,0.0,0.0
2023-02-27 00:00:00-05:00,88.63372947925204,89.54748118896622,87.90996451866638,87.92806243896484,796600,0.0,0.0
2023-02-28 00:00:00-05:00,87.6747507641838,87.6747507641838,85.91962514139215,86.39911651611328,1327100,0.0,0.0
2023-03-01 00:00:00-05:00,86.08247965829692,86.97813356899623,85.83820601752929,86.10057067871094,661700,0.0,0.0
2023-03-02 00:00:00-05:00,85.99201795340836,88.86897360364243,85.63013539380404,88.2628173828125,856600,0.0,0.0
2023-03-03 00:00:00-05:00,87.96424682202858,89.62889648190436,87.69283325028049,89.35748291015625,1052800,0.0,0.0
2023-03-06 00:00:00-05:00,89.10419437059842,89.3303701150985,88.21758931746623,88.71517181396484,985200,0.0,0.0
2023-03-07 00:00:00-05:00,87.93712788801082,88.48899726422916,87.01433387501889,87.91903686523438,884500,0.0,0.0
2023-03-08 00:00:00-05:00,87.91903162193611,88.2175852474628,86.90576184848298,87.59333801269531,630900,0.0,0.0
2023-03-09 00:00:00-05:00,87.6114186496955,88.4166105176761,85.83820193308597,85.86534881591797,1016300,0.0,0.0
2023-03-10 00:00:00-05:00,85.7115419500889,85.82010877170295,83.35026707307674,83.7302474975586,1040700,0.0,0.0
2023-03-13 00:00:00-04:00,82.3279753929276,82.90698477757006,80.55475828966797,82.6808090209961,1760600,0.0,0.0
2023-03-14 00:00:00-04:00,91.13073051676864,96.7941659722153,90.434105385111,94.6500244140625,39934100,0.0,0.0
2023-03-15 00:00:00-04:00,92.07160108434344,92.2796857657444,86.41720857418753,87.5661849975586,6957200,0.0,0.0
2023-03-16 00:00:00-04:00,86.03723241503695,88.72420075781893,86.03723241503695,87.50285339355469,2212300,0.0,0.0
2023-03-17 00:00:00-04:00,87.16810620169848,87.70188439883617,83.20551074974699,83.33216857910156,3876800,0.0,0.0
2023-03-20 00:00:00-04:00,83.68500254032185,87.16810667099274,83.63976464287994,85.98294830322266,2494300,0.0,0.0
2023-03-21 00:00:00-04:00,87.14098246844478,87.96426541505338,85.76583710667977,87.93711853027344,1623100,0.0,0.0
2023-03-22 00:00:00-04:00,88.29899647574014,88.84181680340556,86.45340183980971,86.5257797241211,1097600,0.0,0.0
2023-03-23 00:00:00-04:00,86.78813157198525,88.335172383609,84.05593241456212,84.62589263916016,1552900,0.0,0.0
2023-03-24 00:00:00-04:00,84.12831401070143,85.41299727174166,82.82554663247029,84.9787368774414,1370900,0.0,0.0
2023-03-27 00:00:00-04:00,85.84725470650643,87.41239370725545,85.40395223325069,86.69767761230469,1322000,0.0,0.0
2023-03-28 00:00:00-04:00,86.57101872686052,88.07282188255243,86.33579405102863,87.39429473876953,1319000,0.0,0.0
2023-03-29 00:00:00-04:00,88.42565801154615,88.5251758810428,87.2585904620871,87.75617980957031,1430400,0.0,0.0
2023-03-30 00:00:00-04:00,88.56136681157638,88.66088468330568,85.7206002422777,86.2543716430664,1337400,0.0,0.0
2023-03-31 00:00:00-04:00,86.84241721808579,87.59332217598069,85.87438552739833,86.41720581054688,1290300,0.0,0.0
2023-04-03 00:00:00-04:00,87.0052685294466,88.64278532698215,86.4624482179971,87.44857788085938,1067800,0.0,0.0
2023-04-04 00:00:00-04:00,87.79236072968168,87.79236072968168,84.97873446342484,85.50346374511719,1571600,0.0,0.0
2023-04-05 00:00:00-04:00,85.08730006688238,85.15967104422857,83.03362087053301,83.44978332519531,1774700,0.0,0.0
2023-04-06 00:00:00-04:00,83.31408405211153,84.00166016651775,81.77609193280999,83.6488265991211,1528400,0.0,0.0
2023-04-10 00:00:00-04:00,83.90214403775052,85.23205838966022,83.7031082976912,85.19586944580078,841100,0.0,0.0
2023-04-11 00:00:00-04:00,85.51250923073763,86.97813031348106,85.32252246299336,86.14580535888672,1017800,0.0,0.0
2023-04-12 00:00:00-04:00,86.17294014819412,86.69766941930507,85.25918840399531,85.52155303955078,1096000,0.0,0.0
2023-04-13 00:00:00-04:00,85.27730461877326,85.40396248347645,84.11023694914886,84.4087905883789,1347700,0.0,0.0
2023-04-14 00:00:00-04:00,84.93348901295131,85.67534496851741,84.31829088621353,85.40393829345703,1019700,0.0,0.0
2023-04-17 00:00:00-04:00,85.56680440878394,86.63435413769639,84.7706614163055,86.62530517578125,992500,0.0,0.0
2023-04-18 00:00:00-04:00,86.89671231941051,88.55231330468233,86.59815871954665,88.47994232177734,951200,0.0,0.0
2023-04-19 00:00:00-04:00,88.53421175559184,88.54326071575444,86.9419329813483,87.52999114990234,776200,0.0,0.0
2023-04-20 00:00:00-04:00,86.42624742677619,87.74711253438515,86.13674284020894,87.20429229736328,798900,0.0,0.0
2023-04-21 00:00:00-04:00,87.46667898078427,87.46667898078427,85.57584628014236,86.03724670410156,715000,0.0,0.0
2023-04-24 00:00:00-04:00,86.11867890449544,86.57103039465063,85.37682273673434,86.16390991210938,859400,0.0,0.0
2023-04-25 00:00:00-04:00,85.32252497024106,85.32252497024106,82.05654707613772,82.67174530029297,1781200,0.0,0.0
2023-04-26 00:00:00-04:00,82.33701742920383,84.33641012083756,82.33701742920383,83.25981140136719,1093400,0.0,0.0
2023-04-27 00:00:00-04:00,83.1693345960048,84.18260428892006,82.59937427630345,83.8569107055664,819200,0.0,0.0
2023-04-28 00:00:00-04:00,83.34122708908403,84.82493917639962,82.94315563559235,84.68018341064453,693300,0.0,0.0
2023-05-01 00:00:00-04:00,84.79780531798069,85.1868278386149,83.6578777385328,83.72120666503906,838300,0.0,0.0
2023-05-02 00:00:00-04:00,83.16932057531294,83.37740523606247,81.0794595197152,82.46365356445312,1226400,0.0,0.0
2023-05-03 00:00:00-04:00,85.94675205358777,85.98294098799562,81.45942772201731,82.13795471191406,1681800,0.0,0.0
2023-05-04 00:00:00-04:00,81.69466928893094,83.48597704848977,80.48236389298903,80.83519744873047,1084300,0.0,0.0
2023-05-05 00:00:00-04:00,81.8303768467186,82.6536598220062,81.22422754322244,81.92085266113281,990300,0.0,0.0
2023-05-08 00:00:00-04:00,82.05653789512994,82.65364503220853,81.58609549509912,81.61323547363281,1180300,0.0,0.0
2023-05-09 00:00:00-04:00,81.2423064962611,81.2423064962611,79.49622998175813,80.78995513916016,1094100,0.0,0.0
2023-05-10 00:00:00-04:00,81.42324619296689,82.2465289953717,80.79899909674056,81.05231475830078,981000,0.0,0.0
2023-05-11 00:00:00-04:00,81.37801261369093,81.75799302852953,80.53663874895496,81.39611053466797,1067900,0.0,0.0
2023-05-12 00:00:00-04:00,81.46849591416523,82.18320510486383,81.17899127289013,81.69467163085938,769100,0.0,0.0
2023-05-15 00:00:00-04:00,82.1560603277401,83.53121247027977,82.08368934839697,83.2236099243164,1015500,0.0,0.0
2023-05-16 00:00:00-04:00,82.73507389174898,83.08790745541287,80.55474358557812,80.61807250976562,988600,0.0,0.0
2023-05-17 00:00:00-04:00,81.12470908314963,81.50468265253622,80.12048829095967,81.14280700683594,848500,0.0,0.0
2023-05-18 00:00:00-04:00,80.96514916626434,81.3204586945838,80.05409766785108,80.91959381103516,889000,0.625,0.0
2023-05-19 00:00:00-04:00,81.329568576237,82.70525835899626,80.76472106535553,82.40460968017578,1121100,0.0,0.0
2023-05-22 00:00:00-04:00,82.7781458584563,83.35210584286683,81.192918079533,82.42283630371094,738600,0.0,0.0
2023-05-23 00:00:00-04:00,82.52304159598789,84.66401110261376,82.15861962765838,83.64363098144531,908200,0.0,0.0
2023-05-24 00:00:00-04:00,83.52520313718992,84.01717178917022,81.62110185726038,82.4137191772461,922400,0.0,0.0
2023-05-25 00:00:00-04:00,81.80331474850739,90.74984017088364,81.0106974438515,85.28353118896484,4139100,0.0,0.0
2023-05-26 00:00:00-04:00,85.53862071773163,86.87786747127022,84.35425104365466,85.91215515136719,1510300,0.0,0.0
2023-05-30 00:00:00-04:00,85.52040178663808,86.06703126439287,83.73474178556124,85.58417510986328,1124300,0.0,0.0
2023-05-31 00:00:00-04:00,84.60936334365256,85.1924358029723,83.54342770482155,84.39981842041016,1600000,0.0,0.0
2023-06-01 00:00:00-04:00,84.52734922722215,84.78244251146677,82.7416892867391,82.92389678955078,1181900,0.0,0.0
2023-06-02 00:00:00-04:00,83.73474614524412,84.81889269651923,83.06056303516637,84.07183074951172,1123800,0.0,0.0
2023-06-05 00:00:00-04:00,84.17204169668054,84.80066941236991,83.27921518097618,83.5798568725586,968000,0.0,0.0
2023-06-06 00:00:00-04:00,82.88747411009905,84.52736275006866,82.88747411009905,84.20849609375,656500,0.0,0.0
2023-06-07 00:00:00-04:00,84.45447131393274,87.03274872846849,83.6709664674606,85.81194305419922,1437000,0.0,0.0
2023-06-08 00:00:00-04:00,85.48395151650486,87.89823903154486,81.43888121886455,83.06966400146484,2364200,0.0,0.0
2023-06-09 00:00:00-04:00,82.6323577332653,85.3746243448157,82.35904648857792,85.29263305664062,961600,0.0,0.0
2023-06-12 00:00:00-04:00,85.26530293228497,86.28568307128542,84.72778590645284,85.44751739501953,1199200,0.0,0.0
2023-06-13 00:00:00-04:00,85.18330856312089,87.94379327929977,83.74384563793343,87.61581420898438,2517100,0.0,0.0
2023-06-14 00:00:00-04:00,88.49042391780678,90.11210132062347,86.62277263515314,86.84142303466797,1476200,0.0,0.0
2023-06-15 00:00:00-04:00,86.92341557994479,87.47915052753325,85.69349065522798,85.82103729248047,1799700,0.0,0.0
2023-06-16 00:00:00-04:00,86.66832198442356,88.58153559110436,85.46573434778556,87.85269165039062,2803900,0.0,0.0
2023-06-20 00:00:00-04:00,87.91646278236857,87.91646278236857,84.39980371501215,85.19242095947266,1613500,0.0,0.0
2023-06-21 00:00:00-04:00,84.67311284107822,84.98286695693287,83.53429867848902,83.6527328491211,2009800,0.0,0.0
2023-06-22 00:00:00-04:00,84.33603687344907,85.44752081289025,82.96034716555292,84.97377014160156,1234200,0.0,0.0
2023-06-23 00:00:00-04:00,84.44536718376214,86.21280239705264,84.31782052767225,85.67528533935547,1755500,0.0,0.0
2023-06-26 00:00:00-04:00,85.85749995764147,86.29480777949826,84.39070634061609,84.61846923828125,1216800,0.0,0.0
2023-06-27 00:00:00-04:00,84.78245504668712,85.01933039598124,83.2336701914855,84.19027709960938,1169200,0.0,0.0
2023-06-28 00:00:00-04:00,83.46142347266601,83.65274344211555,81.70309390493922,83.64363098144531,1530400,0.0,0.0
2023-06-29 00:00:00-04:00,83.65274091310503,85.48395620929016,83.27921344616877,84.55467987060547,916500,0.0,0.0
2023-06-30 00:00:00-04:00,85.01020075242228,86.6683139608081,83.92605435321212,85.95769500732422,1407000,0.0,0.0
2023-07-03 00:00:00-04:00,86.43145738896678,88.68174873141012,86.2128000267346,88.4813232421875,831000,0.0,0.0
2023-07-05 00:00:00-04:00,87.91646552913835,89.82055973635272,87.6340418019443,89.7021255493164,1496400,0.0,0.0
2023-07-06 00:00:00-04:00,88.72729357661656,89.9298811233638,88.35376612423006,89.5472412109375,1365000,0.0,0.0
2023-07-07 00:00:00-04:00,89.47435826691266,92.70859355723587,89.45614029702631,92.007080078125,2088800,0.0,0.0
2023-07-10 00:00:00-04:00,92.03440670960119,93.70163239159848,91.13246779588557,91.26912689208984,1395100,0.0,0.0
2023-07-11 00:00:00-04:00,92.26217897388754,93.51943444642046,91.81576570142278,93.0274658203125,1106700,0.0,0.0
2023-07-12 00:00:00-04:00,93.7563173824293,93.92941244862396,91.49690650333159,91.70645141601562,979200,0.0,0.0
2023-07-13 00:00:00-04:00,91.77022123852969,92.04353251980972,90.54940860634386,91.60623168945312,860700,0.0,0.0
2023-07-14 00:00:00-04:00,91.85220732754254,92.1073006225761,89.98454906626385,90.80449676513672,626000,0.0,0.0
2023-07-17 00:00:00-04:00,91.68823050680345,93.04569541555223,91.34203340848627,92.66305541992188,1178100,0.0,0.0
2023-07-18 00:00:00-04:00,92.89991213092301,95.19575859467258,92.40794354209729,93.82007598876953,1249100,0.0,0.0
2023-07-19 00:00:00-04:00,94.13894791321698,94.9406706862286,93.2825573267296,94.68557739257812,1107700,0.0,0.0
2023-07-20 00:00:00-04:00,95.6057438557566,96.56234373249313,95.18666101202852,96.19792175292969,1239500,0.0,0.0
2023-07-21 00:00:00-04:00,96.60791455119727,96.98144210073396,95.06823509022904,95.5146484375,907000,0.0,0.0
2023-07-24 00:00:00-04:00,95.96104434489408,97.21829275777723,95.96104434489408,96.64433288574219,699800,0.0,0.0
2023-07-25 00:00:00-04:00,96.9905421682833,99.27728338686414,96.64434509944599,98.39356231689453,1416400,0.0,0.0
2023-07-26 00:00:00-04:00,97.68295072654969,99.53238430680899,97.67383826460754,99.07685852050781,927800,0.0,0.0
2023-07-27 00:00:00-04:00,99.6508045716604,99.80568859992712,98.22045408075648,98.25689697265625,940200,0.0,0.0
2023-07-28 00:00:00-04:00,99.31372723112487,99.35927563624449,98.12935748567199,98.72154235839844,771900,0.0,0.0
2023-07-31 00:00:00-04:00,100.10632336463517,100.10632336463517,98.09290064425113,99.00395202636719,1391800,0.0,0.0
2023-08-01 00:00:00-04:00,98.09290315733328,99.30460319477558,97.60093456429422,98.77619171142578,1396600,0.0,0.0
2023-08-02 00:00:00-04:00,100.21566404117453,105.68197298887497,100.12456028220045,102.84860229492188,2942000,0.0,0.0
2023-08-03 00:00:00-04:00,102.59350139170013,105.69107762282019,102.21086146188344,104.21517181396484,1680300,0.0,0.0
2023-08-04 00:00:00-04:00,104.69802619949071,105.61819006831658,104.2971683062638,104.50670623779297,1664600,0.0,0.0
2023-08-07 00:00:00-04:00,104.7709237849295,106.21949235132476,104.50671801259666,105.66375732421875,1537500,0.0,0.0
2023-08-08 00:00:00-04:00,104.31539081439325,104.59781453907635,103.04902985751164,103.94185638427734,1898900,0.0,0.0
2023-08-09 00:00:00-04:00,104.04206071981454,104.55225419905337,102.60260487866785,102.67548370361328,986100,0.0,0.0
2023-08-10 00:00:00-04:00,102.73927365818257,103.68676804362019,101.44558220818499,102.16531372070312,1169300,0.0,0.0
2023-08-11 00:00:00-04:00,102.15620374112696,103.61389172383852,101.91022289073796,102.247314453125,847300,0.0,0.0
2023-08-14 00:00:00-04:00,101.99221460850674,102.93970902084288,101.32715089313318,102.83949279785156,962300,0.0,0.0
2023-08-15 00:00:00-04:00,102.39307900259558,103.3861287662888,101.5640257400648,101.67334747314453,1138400,0.0,0.0
2023-08-16 00:00:00-04:00,101.59135693516177,102.35663687554434,101.05383292399368,101.36359405517578,937300,0.0,0.0
2023-08-17 00:00:00-04:00,101.98038840805171,103.15353080637387,101.4671434160873,101.79708862304688,1137600,0.663,0.0
2023-08-18 00:00:00-04:00,100.97223686199332,103.28185356818553,100.73394851341045,103.13520812988281,999700,0.0,0.0
2023-08-21 00:00:00-04:00,103.22685560629863,104.14336859683026,103.01606153424231,103.55680084228516,894200,0.0,0.0
2023-08-22 00:00:00-04:00,103.9967186661237,104.29000251099782,102.01704746889452,102.09037017822266,1048800,0.0,0.0
2023-08-23 00:00:00-04:00,102.06288574020843,103.2360212326919,101.82459040816052,102.75943756103516,1085200,0.0,0.0
2023-08-24 00:00:00-04:00,102.7227734987717,103.42848539624073,102.33783973651587,102.73193359375,784200,0.0,0.0
2023-08-25 00:00:00-04:00,103.32767279881203,104.05171890185532,102.35617126450951,103.30017852783203,853300,0.0,0.0
2023-08-28 00:00:00-04:00,103.65762085456724,104.7299394065858,103.181037162261,104.07921600341797,725700,0.0,0.0
2023-08-29 00:00:00-04:00,104.34500328747995,104.83075405699502,103.66678562772908,104.37249755859375,828500,0.0,0.0
2023-08-30 00:00:00-04:00,104.25335013710256,105.53646969112393,104.25335013710256,104.94073486328125,798700,0.0,0.0
2023-08-31 00:00:00-04:00,104.86740672953833,105.44481434485697,104.47330589386,104.7757568359375,972800,0.0,0.0
2023-09-01 00:00:00-04:00,105.66478267269588,105.99472790604449,104.68411406036503,105.41732025146484,912000,0.0,0.0
2023-09-05 00:00:00-04:00,105.39898820287377,105.50897227305909,103.55679523379284,103.64844512939453,794100,0.0,0.0
2023-09-06 00:00:00-04:00,103.61179382647089,104.07921040558168,101.02722753648091,101.55879974365234,1064100,0.0,0.0
2023-09-07 00:00:00-04:00,101.58629895367491,103.17186954204419,101.46715477932275,103.07105255126953,1345500,0.0,0.0
2023-09-08 00:00:00-04:00,103.27267548235207,104.11586568548063,102.67694068945784,102.99771881103516,911100,0.0,0.0
2023-09-11 00:00:00-04:00,103.75842380288807,105.56395532133111,103.75842380288807,105.27983856201172,1068300,0.0,0.0
2023-09-12 00:00:00-04:00,105.27984861103621,105.67394947243758,104.65661950445822,104.8582534790039,931000,0.0,0.0
2023-09-13 00:00:00-04:00,104.8399272887171,105.10571691245845,102.71361729122594,103.70345306396484,1193300,0.0,0.0
2023-09-14 00:00:00-04:00,104.20753134572172,106.16886872005894,103.98757017084979,105.67395782470703,835600,0.0,0.0
2023-09-15 00:00:00-04:00,105.12403125424437,105.39898793278368,102.5944605784135,103.02522277832031,1902100,0.0,0.0
2023-09-18 00:00:00-04:00,103.8042577095443,104.68410929426936,103.63928510038093,104.41831970214844,963000,0.0,0.0
2023-09-19 00:00:00-04:00,104.37249620028473,104.87658113894163,103.40099467389778,103.44682312011719,947900,0.0,0.0
2023-09-20 00:00:00-04:00,104.14336751561932,105.04155331368864,103.14437172268218,103.19019317626953,647700,0.0,0.0
2023-09-21 00:00:00-04:00,103.14436774591601,104.71160404393609,102.85108388299598,103.77676391601562,1026800,0.0,0.0
2023-09-22 00:00:00-04:00,103.4651288165447,103.61177422004165,101.03636851251868,101.18301391601562,1065800,0.0,0.0
2023-09-25 00:00:00-04:00,100.81642583999846,101.97123413023044,100.61479186952822,101.44882202148438,1010400,0.0,0.0
2023-09-26 00:00:00-04:00,100.83475222709,101.85208216648127,99.51497832681832,99.86325073242188,1198100,0.0,0.0
2023-09-27 00:00:00-04:00,100.19319689339486,100.85308734592665,99.60662915613082,100.42232513427734,1144100,0.0,0.0
2023-09-28 00:00:00-04:00,100.55979239301419,101.84291179901106,100.55979239301419,101.37548828125,984900,0.0,0.0
2023-09-29 00:00:00-04:00,100.963082990194,101.37551107407519,98.9467500438731,99.21253967285156,1560600,0.0,0.0
2023-10-02 00:00:00-04:00,98.83676025296977,99.0017328754871,96.76544587212267,97.78277587890625,1306800,0.0,0.0
2023-10-03 00:00:00-04:00,97.15954610788818,98.19520329148263,95.96807639840412,96.90292358398438,1395900,0.0,0.0
2023-10-04 00:00:00-04:00,96.58213174678505,97.03122812494884,95.28985212879813,95.79393005371094,1082800,0.0,0.0
2023-10-05 00:00:00-04:00,95.59230984102902,96.51798294755125,95.04239644049622,95.17070770263672,1177700,0.0,0.0
2023-10-06 00:00:00-04:00,94.84992379979431,94.914079426977,92.62279703839653,94.51081848144531,1296700,0.0,0.0
2023-10-09 00:00:00-04:00,94.88659575604353,97.42534084193717,94.88659575604353,96.6829605102539,1282000,0.0,0.0
2023-10-10 00:00:00-04:00,97.28785628052283,98.01190238910974,95.64729717257622,95.76644134521484,1467700,0.0,0.0
2023-10-11 00:00:00-04:00,96.07805924132877,96.5271486523854,92.16454482480326,93.47515869140625,2348300,0.0,0.0
2023-10-12 00:00:00-04:00,93.61262639153182,93.65845483318654,90.84476052957346,92.82442474365234,1453100,0.0,0.0
2023-10-13 00:00:00-04:00,93.26436240522519,94.17170829367547,92.39367088247228,93.64012908935547,1153900,0.0,0.0
2023-10-16 00:00:00-04:00,94.41000895746294,95.06989945631051,93.05356659956077,94.70329284667969,1058100,0.0,0.0
2023-10-17 00:00:00-04:00,94.08922058791508,96.50881415954743,94.08922058791508,96.34384155273438,852600,0.0,0.0
2023-10-18 00:00:00-04:00,96.19719672506497,98.70844020664279,95.95890140431358,96.51797485351562,1233000,0.0,0.0
2023-10-19 00:00:00-04:00,96.54547662601932,96.60963924913479,94.6116406177986,94.99657440185547,920600,0.0,0.0
2023-10-20 00:00:00-04:00,94.98740117741856,95.75727568823517,93.09938674597318,93.11771392822266,1302800,0.0,0.0
2023-10-23 00:00:00-04:00,93.21854003773404,93.83260209357151,92.21954418502293,92.97108459472656,1198400,0.0,0.0
2023-10-24 00:00:00-04:00,93.20938965265013,93.57599633117616,91.30304751070825,92.31121063232422,1034400,0.0,0.0
2023-10-25 00:00:00-04:00,92.56782153160282,94.02507397954105,91.97208662820847,93.64930725097656,1244800,0.0,0.0
2023-10-26 00:00:00-04:00,96.2246970973501,99.23085859310564,95.17070575778675,97.49864959716797,1876100,0.0,0.0
2023-10-27 00:00:00-04:00,97.0403924366973,97.76443853470235,95.61063441617242,96.6187973022461,1007700,0.0,0.0
2023-10-30 00:00:00-04:00,97.45283915222964,98.33269088508345,96.44467614536217,97.57198333740234,973900,0.0,0.0
2023-10-31 00:00:00-04:00,97.7094579005491,98.04857025007792,96.3988439448563,97.1320571899414,1042600,0.0,0.0
2023-11-01 00:00:00-04:00,97.69111882069551,98.31434795000754,96.5546446410463,97.20536804199219,902700,0.0,0.0
2023-11-02 00:00:00-04:00,97.09538930330113,98.1310464743774,96.1238807699861,96.66462707519531,1056900,0.0,0.0
2023-11-03 00:00:00-04:00,97.40700202389304,98.45182630061626,97.15954658674887,97.20536804199219,855500,0.0,0.0
2023-11-06 00:00:00-05:00,97.2236992293538,97.32451621720509,95.95890683356102,96.6187973022461,793000,0.0,0.0
2023-11-07 00:00:00-05:00,96.16971403520678,96.3805151121067,94.93242282366957,95.8855972290039,677000,0.0,0.0
2023-11-08 00:00:00-05:00,95.34483066962056,96.35299340616372,93.58512767575199,94.18086242675781,1142700,0.0,0.0
2023-11-09 00:00:00-05:00,95.90392363173443,96.09639053041057,93.97924765253339,95.19821166992188,1206500,0.0,0.0
2023-11-10 00:00:00-05:00,95.18903098763674,96.08720971985571,94.71244036069567,95.80309295654297,804400,0.0,0.0
2023-11-13 00:00:00-05:00,95.47315358658791,95.94057715515561,94.34584655893748,95.39067077636719,938700,0.0,0.0
2023-11-14 00:00:00-05:00,96.34385045927408,97.79193570579217,96.1880379327852,97.33367919921875,787300,0.0,0.0
2023-11-15 00:00:00-05:00,97.33367388173231,98.93757156711591,97.24202398391246,97.87442016601562,1041000,0.0,0.0
2023-11-16 00:00:00-05:00,97.75729781870476,97.77573949598417,96.99183804334172,97.69274139404297,1102500,0.663,0.0
2023-11-17 00:00:00-05:00,98.14464669840643,98.76254497609035,97.6650856413099,98.49510192871094,730900,0.0,0.0
2023-11-20 00:00:00-05:00,99.07609479994083,99.97989173952936,97.83107407554498,99.3250961303711,955000,0.0,0.0
2023-11-21 00:00:00-05:00,99.32508982769811,99.93377065298287,98.76252374473678,99.78620910644531,839500,0.0,0.0
2023-11-22 00:00:00-05:00,99.53721370396937,101.16035563168244,98.72564625817395,101.02201843261719,1037600,0.0,0.0
2023-11-24 00:00:00-05:00,101.26180035796891,101.34479845402663,99.42654049130887,99.61099243164062,367000,0.0,0.0
2023-11-27 00:00:00-05:00,99.60177256785028,100.29345154401591,98.94698398141485,99.17754364013672,901400,0.0,0.0
2023-11-28 00:00:00-05:00,99.50954526501661,100.53323066277338,99.09453367785676,99.97988891601562,703100,0.0,0.0
2023-11-29 00:00:00-05:00,99.69398498535156,100.38566389186805,99.28820481142465,99.69398498535156,603700,0.0,0.0
2023-11-30 00:00:00-05:00,99.6017738081441,101.35402864347483,98.72564990853998,101.32636260986328,1751100,0.0,0.0
2023-12-01 00:00:00-05:00,101.10502042818324,101.85203851748575,100.46868054574645,100.71768188476562,1034500,0.0,0.0
2023-12-04 00:00:00-05:00,100.02599716709415,101.36324735148705,98.81786685923065,99.36198425292969,1225300,0.0,0.0
2023-12-05 00:00:00-05:00,99.2513244884963,99.2513244884963,97.83107614544893,97.84951782226562,1061200,0.0,0.0
2023-12-06 00:00:00-05:00,97.69274272923379,98.21841849041363,95.66382046688557,96.10649108886719,1211300,0.0,0.0
2023-12-07 00:00:00-05:00,95.78370772165853,97.14861699724904,94.80613699432025,96.00504302978516,1191000,0.0,0.0
2023-12-08 00:00:00-05:00,96.11572142531337,97.21318776396205,95.74682452663016,96.37394714355469,700900,0.0,0.0
2023-12-11 00:00:00-05:00,96.4846119588668,97.30540381032431,95.55314893426839,96.8350601196289,958000,0.0,0.0
2023-12-12 00:00:00-05:00,97.37917543650887,97.37917543650887,95.73759176932845,96.26326751708984,1103300,0.0,0.0
2023-12-13 00:00:00-05:00,95.37792115073975,97.1670664143707,93.02621677407168,96.95494842529297,1616100,0.0,0.0
2023-12-14 00:00:00-05:00,97.75729570377635,98.56886317284136,96.47538455885247,97.1209487915039,1500200,0.0,0.0
2023-12-15 00:00:00-05:00,97.12094935705039,97.55440264555001,95.70992535737967,96.63216400146484,2730800,0.0,0.0
2023-12-18 00:00:00-05:00,96.95494684181288,97.0010615888096,95.17502596402635,95.663818359375,1946400,0.0,0.0
2023-12-19 00:00:00-05:00,96.53071129410809,97.3515030743412,95.84825670926615,97.08405303955078,1495800,0.0,0.0
2023-12-20 00:00:00-05:00,96.37393481021223,96.37393481021223,93.60721897834011,93.68099975585938,1125400,0.0,0.0
2023-12-21 00:00:00-05:00,93.69020709385649,94.01299620208152,92.37141277585066,93.35820770263672,1460100,0.0,0.0
2023-12-22 00:00:00-05:00,93.35822156695542,94.7600212180339,92.9801003433938,93.73633575439453,741100,0.0,0.0
2023-12-26 00:00:00-05:00,93.98535528047083,95.12892937119315,93.42278907474994,94.52024841308594,484900,0.0,0.0
2023-12-27 00:00:00-05:00,94.13288485469845,94.36344448322824,93.65332392324993,94.07755279541016,665300,0.0,0.0
2023-12-28 00:00:00-05:00,94.65856043664053,94.72311685112287,93.2014218970433,93.71788024902344,869700,0.0,0.0
2023-12-29 00:00:00-05:00,93.66255699584914,93.66255699584914,92.537424693604,93.09999084472656,745800,0.0,0.0
2024-01-02 00:00:00-05:00,93.09998184783738,94.19744800972946,93.09998184783738,93.60721588134766,976600,0.0,0.0
2024-01-03 00:00:00-05:00,93.3213117127311,93.75476491328813,92.25151172530347,92.47284698486328,1230500,0.0,0.0
2024-01-04 00:00:00-05:00,92.91554851763057,92.91554851763057,90.81284541889214,91.2555160522461,1668700,0.0,0.0
2024-01-05 00:00:00-05:00,91.16327920373746,92.09474210877387,88.95912963349419,90.39781951904297,2053200,0.0,0.0
2024-01-08 00:00:00-05:00,89.83527058925532,91.48607158676356,88.74702869698955,91.44918823242188,1750100,0.0,0.0
2024-01-09 00:00:00-05:00,91.05263335003109,91.24630263993483,88.62714097525846,89.15281677246094,1631600,0.0,0.0
2024-01-10 00:00:00-05:00,88.51646575631526,88.51646575631526,86.69965455092505,87.52967071533203,2221200,0.0,0.0
2024-01-11 00:00:00-05:00,87.31755136425143,88.33201242207862,87.12388210162169,87.90778350830078,1444200,0.0,0.0
2024-01-12 00:00:00-05:00,88.60868905812583,88.91302949400502,87.3913343507314,87.51122283935547,1223700,0.0,0.0
2024-01-16 00:00:00-05:00,86.92098860854173,87.6034432068129,86.04486474736073,87.42822265625,1341800,0.0,0.0
2024-01-17 00:00:00-05:00,87.05932783744935,88.10145495345117,86.80110214754605,87.15155029296875,909600,0.0,0.0
2024-01-18 00:00:00-05:00,87.05011916185192,87.4374577664802,85.9342110659713,86.78266906738281,1006900,0.0,0.0
2024-01-19 00:00:00-05:00,86.81953566245168,86.92098246482291,85.41773617641917,85.47306823730469,1802400,0.0,0.0
2024-01-22 00:00:00-05:00,83.61938243973191,85.02118922406767,81.53512801384473,81.85791015625,4338300,0.0,0.0
2024-01-23 00:00:00-05:00,82.3374793957026,83.65628116847506,82.04236325950784,83.16749572753906,2004600,0.0,0.0
2024-01-24 00:00:00-05:00,83.38880185172611,83.8314794189686,81.93166336153276,82.18067169189453,1744700,0.0,0.0
2024-01-25 00:00:00-05:00,82.81703403881464,83.20437258527032,81.20311639246007,81.57200622558594,1517700,0.0,0.0
2024-01-26 00:00:00-05:00,82.070009884392,82.42968237042072,81.02788281411924,81.43367004394531,1468500,0.0,0.0
2024-01-29 00:00:00-05:00,81.75646395680688,82.28213974590074,81.14778302410714,82.08847045898438,1603200,0.0,0.0
2024-01-30 00:00:00-05:00,82.12535415946135,83.48103905739661,81.04632959725629,83.27815246582031,1712700,0.0,0.0
2024-01-31 00:00:00-05:00,82.81703211915463,83.01070138789332,81.22155618698973,81.23999786376953,1317700,0.0,0.0
2024-02-01 00:00:00-05:00,82.23601993492477,83.46259904603875,82.09768272817644,83.37037658691406,1448300,0.0,0.0
2024-02-02 00:00:00-05:00,83.17671081257137,83.89605587459069,82.47580742870412,83.4349365234375,1370800,0.0,0.0
2024-02-05 00:00:00-05:00,82.72480312461462,83.40726478365407,81.88556962169764,82.07923889160156,1854300,0.0,0.0
2024-02-06 00:00:00-05:00,82.44812132032558,83.71158353176001,82.29134246777288,83.02912902832031,2197800,0.0,0.0
2024-02-07 00:00:00-05:00,80.49299499090607,84.19117425739897,79.40475301127496,81.11089324951172,3610000,0.0,0.0
2024-02-08 00:00:00-05:00,81.18465974278253,81.41521938400871,79.41396338683472,79.77363586425781,2291600,0.0,0.0
2024-02-09 00:00:00-05:00,80.64976267688839,81.7748948935705,80.05953053635383,81.6550064086914,2690000,0.0,0.0
2024-02-12 00:00:00-05:00,81.59046194524635,83.93294917458672,81.59046194524635,83.62860870361328,2264300,0.0,0.0
2024-02-13 00:00:00-05:00,82.8631465716142,83.8407243874251,81.35990000939857,81.7380142211914,2218200,0.0,0.0
2024-02-14 00:00:00-05:00,81.78412266539215,82.76169336970786,81.6273437856665,82.55879974365234,1849600,0.0,0.0
2024-02-15 00:00:00-05:00,82.42222083300253,84.26188125031203,82.08773712076443,84.2340087890625,2385700,0.663,0.0
2024-02-16 00:00:00-05:00,84.18754377972887,85.28390540298143,83.81589445023928,85.18170166015625,1659500,0.0,0.0
2024-02-20 00:00:00-05:00,84.67999187592275,85.61840501245362,84.38267377476541,85.17242431640625,2055400,0.0,0.0
2024-02-21 00:00:00-05:00,85.38611474694758,86.57538700843084,84.82864426045505,86.4638900756836,1843000,0.0,0.0
2024-02-22 00:00:00-05:00,86.06435946257064,87.85756085469731,85.33964719535425,87.55095672607422,2263200,0.0,0.0
2024-02-23 00:00:00-05:00,87.22577093223153,88.10843906280068,86.96561850254699,87.01207733154297,1816900,0.0,0.0
2024-02-26 00:00:00-05:00,87.18859973550046,87.18859973550046,85.90641694713896,86.59396362304688,1072600,0.0,0.0
2024-02-27 00:00:00-05:00,86.98420563045305,87.45805166497091,86.37098310772812,86.51964569091797,1265500,0.0,0.0
2024-02-28 00:00:00-05:00,86.46387854607391,87.2536359759677,85.81349757999526,87.0956802368164,1195900,0.0,0.0
2024-02-29 00:00:00-05:00,87.54168374992116,87.80183620449559,86.05509323190822,87.6810531616211,2301400,0.0,0.0
2024-03-01 00:00:00-05:00,87.72749786977697,87.80182916187115,86.28736630071852,86.5103530883789,1799100,0.0,0.0
2024-03-04 00:00:00-05:00,85.86924993715799,86.38956184373872,83.00755926113926,83.70439910888672,2013800,0.0,0.0
2024-03-05 00:00:00-05:00,83.88092743586657,85.94357435455524,83.68581314472317,84.95870971679688,1651200,0.0,0.0
2024-03-06 00:00:00-05:00,84.96800140273503,86.33380861925595,84.68926972073614,85.36752319335938,1507300,0.0,0.0
2024-03-07 00:00:00-05:00,85.84136984179689,86.66828582047958,85.32106507011902,85.93428039550781,1824200,0.0,0.0
2024-03-08 00:00:00-05:00,85.95288795978561,87.0957015206857,84.9401435352658,85.66485595703125,1224400,0.0,0.0
2024-03-11 00:00:00-04:00,85.72058947667296,87.7925225339999,85.66483747182887,87.16072082519531,1491600,0.0,0.0
2024-03-12 00:00:00-04:00,87.47662021856607,87.82968314881154,86.61253862344628,87.0306396484375,1381100,0.0,0.0
2024-03-13 00:00:00-04:00,87.53239131442682,89.0468543100128,86.9656275669879,88.05269622802734,2428000,0.0,0.0
2024-03-14 00:00:00-04:00,87.81112559112975,87.93190862878043,86.39885934363006,87.53238677978516,1912900,0.0,0.0
2024-03-15 00:00:00-04:00,87.33726507436185,89.1862115735688,87.33726507436185,88.78668975830078,6291100,0.0,0.0
2024-03-18 00:00:00-04:00,88.05269322211615,90.15250626244284,87.74608903056703,89.83660888671875,1820000,0.0,0.0
2024-03-19 00:00:00-04:00,90.02242789348557,90.86793041769965,89.51140910537569,90.83076477050781,1553400,0.0,0.0
2024-03-20 00:00:00-04:00,90.12462691079475,90.88650491659885,89.68793944003714,90.50556945800781,1164300,0.0,0.0
2024-03-21 00:00:00-04:00,91.13736456839305,93.24647064113094,90.56131478620019,93.01419067382812,2074800,0.0,0.0
2024-03-22 00:00:00-04:00,93.283625086348,93.42299446772059,91.56475495240936,92.18726348876953,1341400,0.0,0.0
2024-03-25 00:00:00-04:00,92.44743191563298,93.50662805591827,92.30806251009598,92.85624694824219,1059200,0.0,0.0
2024-03-26 00:00:00-04:00,93.10709664838174,93.12568301447712,91.917824408659,92.78190612792969,1154300,0.0,0.0
2024-03-27 00:00:00-04:00,93.43229029993121,95.3555681151966,93.1070997685814,95.16045379638672,1711700,0.0,0.0
2024-03-28 00:00:00-04:00,95.15116790031234,96.32185381561591,95.10470907204169,95.25336456298828,1357300,0.0,0.0
2024-04-01 00:00:00-04:00,95.6343090043925,96.08028966332606,94.77952042077713,95.0396728515625,1072800,0.0,0.0
2024-04-02 00:00:00-04:00,95.07682759635898,96.73995283233714,95.04895513748794,96.5355453491211,1517500,0.0,0.0
2024-04-03 00:00:00-04:00,96.43335247416981,96.65633925888687,95.4484876770992,96.39618682861328,1057300,0.0,0.0
2024-04-04 00:00:00-04:00,97.09302993206381,98.96056292322685,96.43335565110266,98.00357055664062,1485800,0.0,0.0
2024-04-05 00:00:00-04:00,97.84561268753878,99.5087381300551,97.51112896230521,99.28575134277344,1260500,0.0,0.0
2024-04-08 00:00:00-04:00,99.49944669228798,99.93613417948433,98.58891315988143,98.9698486328125,1003500,0.0,0.0
2024-04-09 00:00:00-04:00,98.89551549729892,100.07549454479124,98.44953486656271,99.47156524658203,1236400,0.0,0.0
2024-04-10 00:00:00-04:00,98.85836081437574,100.12196447149792,98.30089028061535,100.01046752929688,1191900,0.0,0.0
2024-04-11 00:00:00-04:00,100.08478727126972,100.14053219162436,98.07788507504293,98.41236877441406,1245700,0.0,0.0
2024-04-12 00:00:00-04:00,98.18937896319123,98.7189769560222,96.3683050389194,96.41475677490234,1536500,0.0,0.0
2024-04-15 00:00:00-04:00,97.41821938662794,98.10576612279817,95.85729768246968,96.56343078613281,977500,0.0,0.0
2024-04-16 00:00:00-04:00,96.62847482417162,96.91649974038442,95.61573748095716,96.58201599121094,1396900,0.0,0.0
2024-04-17 00:00:00-04:00,97.56687948099477,98.11505680146111,97.03728143892472,97.94781494140625,2028800,0.0,0.0
2024-04-18 00:00:00-04:00,98.14291846892951,99.09062460121245,97.65048612643523,98.9605484008789,1341300,0.0,0.0
2024-04-19 00:00:00-04:00,99.35080005407792,102.45405739439481,98.8397812280387,101.75721740722656,2625000,0.0,0.0
2024-04-22 00:00:00-04:00,101.75720080905668,102.35184402264451,101.04178165792061,101.97090148925781,1599000,0.0,0.0
2024-04-23 00:00:00-04:00,101.4877567676458,102.21246906243232,100.39139514284479,101.85011291503906,2059600,0.0,0.0
2024-04-24 00:00:00-04:00,97.5575823120361,99.68526757690465,95.16045144538542,98.29158782958984,3629800,0.0,0.0
2024-04-25 00:00:00-04:00,98.85835592019637,99.25787774919299,95.48564624396722,96.68421173095703,1996600,0.0,0.0
2024-04-26 00:00:00-04:00,96.50768240133904,96.57272050798827,94.65872877629914,95.448486328125,1396000,0.0,0.0
2024-04-29 00:00:00-04:00,95.55996708485081,96.21964127200748,94.779509879298,96.14531707763672,1246200,0.0,0.0
2024-04-30 00:00:00-04:00,95.96879349672619,95.96879349672619,93.56236931540232,94.5472412109375,1476700,0.0,0.0
2024-05-01 00:00:00-04:00,94.40786972814655,95.6343076622239,93.73890229344582,93.79464721679688,1579300,0.0,0.0
2024-05-02 00:00:00-04:00,94.43574294434958,94.86313723357388,93.54378872049602,94.17559051513672,1001400,0.0,0.0
2024-05-03 00:00:00-04:00,94.2127563471693,94.67731628271883,93.19072590668475,93.98047637939453,995500,0.0,0.0
2024-05-06 00:00:00-04:00,93.59953645995469,95.0582544150269,93.59953645995469,95.01180267333984,685000,0.0,0.0
2024-05-07 00:00:00-04:00,95.66218297822182,97.39034653988884,95.52281357706373,96.95365905761719,1025600,0.0,0.0
2024-05-08 00:00:00-04:00,96.49838719491042,98.41237179785233,96.49838719491042,97.8920669555664,1056900,0.0,0.0
2024-05-09 00:00:00-04:00,98.09648745401395,98.77474105778455,97.24169878880753,97.91995239257812,1212400,0.0,0.0
2024-05-10 00:00:00-04:00,98.375195135979,98.60747507007392,96.61915940131105,98.51456451416016,1169000,0.0,0.0
2024-05-13 00:00:00-04:00,98.9884241913494,100.3728107064196,98.73755787610474,99.98258209228516,1545100,0.0,0.0
2024-05-14 00:00:00-04:00,100.19628369635028,100.32636700009553,96.05240991362955,96.10816192626953,1995800,0.0,0.0
2024-05-15 00:00:00-04:00,96.10815632154048,96.62846115169066,94.21275104062272,94.52864837646484,1593000,0.0,0.0
2024-05-16 00:00:00-04:00,95.15116527737992,97.61332715817014,95.02108197953233,96.8421630859375,1433100,0.0,0.0
2024-05-17 00:00:00-04:00,97.27237347114966,97.27237347114966,95.776020755724,96.4119644165039,701300,0.68,0.0
2024-05-20 00:00:00-04:00,96.4119534902224,96.74863370493408,95.43932968680176,95.65442657470703,743400,0.0,0.0
2024-05-21 00:00:00-04:00,95.62637404431327,97.57163598181245,95.62637404431327,96.61770629882812,707100,0.0,0.0
2024-05-22 00:00:00-04:00,96.07528092142493,96.96373824347664,95.72924649469512,96.4493637084961,778100,0.0,0.0
2024-05-23 00:00:00-04:00,96.14074710644138,97.7212661629536,95.65442806199773,95.73860168457031,1417400,0.0,0.0
2024-05-24 00:00:00-04:00,96.15009343377763,97.44070331192562,96.0378714514495,97.04790496826172,933100,0.0,0.0
2024-05-28 00:00:00-04:00,97.07597741567992,99.64783608662819,96.81410944836571,99.52625274658203,1695100,0.0,0.0
2024-05-29 00:00:00-04:00,99.20828345376293,99.80682455258001,98.53492293380053,99.29244995117188,1758700,0.0,0.0
2024-05-30 00:00:00-04:00,99.4607794647935,99.95644559042192,97.85219775773163,98.32916259765625,1247600,0.0,0.0
2024-05-31 00:00:00-04:00,98.41332978890395,100.910368674714,98.32915617080856,100.62044525146484,2330200,0.0,0.0
2024-06-03 00:00:00-04:00,100.15283695417688,101.54632170831621,99.78810124944823,101.29380798339844,1227800,0.0,0.0
2024-06-04 00:00:00-04:00,100.78879623960009,101.04130998599109,99.6384780376881,99.88163757324219,1386100,0.0,0.0
2024-06-05 00:00:00-04:00,99.82550930545439,100.24636312830816,95.73859721096144,97.00114440917969,1773800,0.0,0.0
2024-06-06 00:00:00-04:00,97.22559530307032,99.02121829845754,96.36519350967706,98.31045532226562,1208300,0.0,0.0
2024-06-07 00:00:00-04:00,97.98312352613463,98.57231745791444,97.02920102660163,97.38458251953125,1084900,0.0,0.0
2024-06-10 00:00:00-04:00,97.66514369854472,99.23631549533788,96.81408903832839,98.8996353149414,1262000,0.0,0.0
2024-06-11 00:00:00-04:00,98.39461809542053,99.1802075857626,97.09466124447981,99.05862426757812,1030400,0.0,0.0
2024-06-12 00:00:00-04:00,99.37662466382987,99.77877013789076,98.35722966137062,98.5816879272461,914700,0.0,0.0
2024-06-13 00:00:00-04:00,97.76803623163882,98.19823717638133,95.97241303571205,96.45872497558594,1368000,0.0,0.0
2024-06-14 00:00:00-04:00,95.97241236663552,96.44937009227161,95.617023706155,96.16880798339844,760700,0.0,0.0
2024-06-17 00:00:00-04:00,95.67313891073586,97.01985268952855,95.16811856799909,96.30908966064453,1028400,0.0,0.0
2024-06-18 00:00:00-04:00,95.89758258249543,96.53353328309505,94.88754197533633,95.80406188964844,1139700,0.0,0.0
2024-06-20 00:00:00-04:00,96.82346154491755,98.179536731995,96.00046935685054,96.64576721191406,1678400,0.0,0.0
2024-06-21 00:00:00-04:00,97.24430383489833,99.03992683235533,96.80474872782706,99.01187133789062,4155300,0.0,0.0
2024-06-24 00:00:00-04:00,98.61908446381337,101.30317219703039,98.34787656237448,101.16288757324219,1287300,0.0,0.0
2024-06-25 00:00:00-04:00,101.08806302675917,101.08806302675917,99.60106464150101,99.82551574707031,1067900,0.0,0.0
2024-06-26 00:00:00-04:00,99.63847316662246,101.47150596657217,99.5355982579624,100.24636840820312,1097700,0.0,0.0
2024-06-27 00:00:00-04:00,100.81685226283317,101.1067685632212,99.93774201627356,100.6672134399414,813300,0.0,0.0
2024-06-28 00:00:00-04:00,101.04130400572367,101.424741005276,98.47879979633707,99.85356903076172,1969000,0.0,0.0
2024-07-01 00:00:00-04:00,100.58305447966244,101.22835232994571,99.86293007716252,100.36795043945312,737100,0.0,0.0
2024-07-02 00:00:00-04:00,100.36794627039971,103.65992199671268,100.19960615662863,103.22972106933594,1683000,0.0,0.0
2024-07-03 00:00:00-04:00,103.27647918764447,104.35198501328038,102.26643856173396,102.30384826660156,745800,0.0,0.0
2024-07-05 00:00:00-04:00,101.71467236780542,102.71535889092974,100.32118746906868,101.55567932128906,1778500,0.0,0.0
2024-07-08 00:00:00-04:00,101.67725690942632,104.34263608336899,101.64920141314882,103.23907470703125,1253900,0.0,0.0
2024-07-09 00:00:00-04:00,103.01462421851718,104.71672664287425,102.73405498371805,102.82757568359375,1124200,0.0,0.0
2024-07-10 00:00:00-04:00,103.30452906220346,104.21169473416647,102.5657034854003,103.98724365234375,828200,0.0,0.0
2024-07-11 00:00:00-04:00,104.16494160488341,105.10016286699101,102.13551317855118,103.34194946289062,1219200,0.0,0.0
2024-07-12 00:00:00-04:00,104.48292356922539,104.87571479824119,103.0800916354499,103.90308380126953,1228200,0.0,0.0
2024-07-15 00:00:00-04:00,103.92179382572041,104.42681418589008,102.06069829421398,103.18296813964844,1081200,0.0,0.0
2024-07-16 00:00:00-04:00,102.8556352778636,104.33327941667741,102.33190653071583,104.1742935180664,836200,0.0,0.0
2024-07-17 00:00:00-04:00,104.46421970920339,105.88576012653091,103.65058171859609,104.84766387939453,1114700,0.0,0.0
2024-07-18 00:00:00-04:00,104.23040663950313,105.54907204182791,103.83761542249353,104.95053100585938,851100,0.0,0.0
2024-07-19 00:00:00-04:00,105.06275123240894,105.39008437627771,103.44482247434772,104.66996002197266,1068900,0.0,0.0
2024-07-22 00:00:00-04:00,105.17498290435766,105.82028786229526,104.5857960743964,105.53971862792969,788300,0.0,0.0
2024-07-23 00:00:00-04:00,105.0721052411942,105.60518106438448,103.49158619218264,103.66927337646484,855200,0.0,0.0
2024-07-24 00:00:00-04:00,102.90239543715828,105.23109440705687,102.82757602294198,104.82894897460938,844600,0.0,0.0
2024-07-25 00:00:00-04:00,104.95989400502013,106.59653134810756,104.16495015881104,105.63324737548828,851600,0.0,0.0
2024-07-26 00:00:00-04:00,105.68000612700929,107.47562929743397,105.17498577248257,106.90514373779297,757800,0.0,0.0
2024-07-29 00:00:00-04:00,106.680684340735,107.01736455094044,105.92315743535862,106.21307373046875,1037900,0.0,0.0
2024-07-30 00:00:00-04:00,105.4649071119105,107.38211370824557,103.87503369190524,107.13895416259766,1430300,0.0,0.0
2024-07-31 00:00:00-04:00,98.42267715280747,100.48016807522015,96.59899866571511,98.413330078125,3664000,0.0,0.0
2024-08-01 00:00:00-04:00,99.10539243881772,100.25571052763182,96.1033332208288,96.39324951171875,1938000,0.0,0.0
2024-08-02 00:00:00-04:00,95.39256545643889,95.93499548225986,91.34305581824884,92.04447174072266,1931800,0.0,0.0
2024-08-05 00:00:00-04:00,91.3804662344701,91.87613234857965,88.61221222846122,89.22946166992188,1822500,0.0,0.0
2024-08-06 00:00:00-04:00,89.64095324150524,91.09990320852813,89.12658584741061,89.13593292236328,1524400,0.0,0.0
2024-08-07 00:00:00-04:00,90.23015872841194,91.35242149112071,89.48197879649102,89.4913330078125,1333600,0.0,0.0
2024-08-08 00:00:00-04:00,89.79059685169268,92.24087203226172,89.76254135499488,91.0811996459961,1556200,0.0,0.0
2024-08-09 00:00:00-04:00,90.77258054328276,91.23084413501667,89.69708171556134,90.60424041748047,1576300,0.0,0.0
2024-08-12 00:00:00-04:00,90.60424304197663,91.61428382604784,90.37043770132159,90.66970825195312,1163800,0.0,0.0
2024-08-13 00:00:00-04:00,88.91148174424904,90.6603480069832,88.31294072992573,90.34236907958984,1942000,0.0,0.0
2024-08-14 00:00:00-04:00,90.64164620487183,91.03443743635611,89.27622397030342,89.55679321289062,1221700,0.0,0.0
2024-08-15 00:00:00-04:00,90.25819897353732,90.86609417359199,89.60353985995096,89.79058837890625,785800,0.0,0.0
2024-08-16 00:00:00-04:00,89.62224331087782,90.34236044721177,89.20138951793865,90.25819396972656,772900,0.0,0.0
2024-08-19 00:00:00-04:00,90.3900743586241,91.19065187559039,90.3900743586241,90.65379333496094,706900,0.68,0.0
2024-08-20 00:00:00-04:00,90.4936769725781,90.94576458174068,89.58949456844995,89.64600372314453,536400,0.0,0.0
2024-08-21 00:00:00-04:00,90.07924963933385,90.92692281627662,89.94739016578747,90.72913360595703,680200,0.0,0.0
2024-08-22 00:00:00-04:00,90.69146541261999,91.17181478076346,90.08867714843336,90.86100006103516,587200,0.0,0.0
2024-08-23 00:00:00-04:00,91.44494130267464,93.26272656663458,91.0399494757046,92.90482330322266,818300,0.0,0.0
2024-08-26 00:00:00-04:00,93.58295795510759,94.82620951692994,93.35691417635866,94.77911376953125,1225800,0.0,0.0
2024-08-27 00:00:00-04:00,95.08051211057195,95.40074739840135,93.7336555930418,94.48714447021484,907700,0.0,0.0
2024-08-28 00:00:00-04:00,94.19517417246847,95.11819053355278,93.38517611677251,94.95807647705078,760600,0.0,0.0
2024-08-29 00:00:00-04:00,95.36307540931182,95.89051332940274,93.24389595577155,95.18412017822266,925400,0.0,0.0
2024-08-30 00:00:00-04:00,95.33481831479794,95.54202811673258,94.61900459515168,95.48551177978516,1218800,0.0,0.0
2024-09-03 00:00:00-04:00,94.5813346103016,95.07110456637818,92.9707590422786,93.52645874023438,1097100,0.0,0.0
2024-09-04 00:00:00-04:00,94.06332440519911,95.25005984913435,93.43227432980736,94.38355255126953,883200,0.0,0.0
2024-09-05 00:00:00-04:00,94.94866071904958,95.60796533916108,92.94250665253706,92.99901580810547,977900,0.0,0.0
2024-09-06 00:00:00-04:00,92.78238328906933,94.16691494815977,92.3773842812116,92.7164535522461,735200,0.0,0.0
2024-09-09 00:00:00-04:00,92.8012247085823,93.6677319435922,91.69925308237602,93.16854858398438,1061100,0.0,0.0
2024-09-10 00:00:00-04:00,93.17796054128516,93.46993405986841,90.2205286366477,90.58785247802734,1044100,0.0,0.0
2024-09-11 00:00:00-04:00,90.71972091110676,90.71972091110676,88.99611983234745,90.32414245605469,968400,0.0,0.0
2024-09-12 00:00:00-04:00,90.27703941004647,91.00227370485585,89.46704138991782,90.82331848144531,680200,0.0,0.0
2024-09-13 00:00:00-04:00,91.18122013829706,92.3491285846996,90.82331688357505,91.71807861328125,727600,0.0,0.0
2024-09-16 00:00:00-04:00,92.801225041938,93.29099500143542,91.16239488534922,91.6333236694336,993200,0.0,0.0
2024-09-17 00:00:00-04:00,91.934720468551,92.73529798753864,91.70867665766343,92.01007080078125,770100,0.0,0.0
2024-09-18 00:00:00-04:00,91.90646125214177,93.29099299733545,91.43553247817401,92.02890014648438,1046600,0.0,0.0
2024-09-19 00:00:00-04:00,92.98960080165836,94.63785154479453,92.17018213103873,94.52482604980469,1497000,0.0,0.0
2024-09-20 00:00:00-04:00,94.30819178567597,94.33645354761838,91.94413456181945,93.05552673339844,5880500,0.0,0.0
2024-09-23 00:00:00-04:00,92.44332281615799,93.14971600040911,91.32250999768921,91.77460479736328,2334900,0.0,0.0
2024-09-24 00:00:00-04:00,91.87819469440853,93.13085960860367,91.34133624952436,91.41667938232422,1871400,0.0,0.0
2024-09-25 00:00:00-04:00,91.42611722553993,91.57681789118861,89.18449871754012,89.21275329589844,1569100,0.0,0.0
2024-09-26 00:00:00-04:00,88.69472108057977,90.70088220041323,88.69472108057977,90.29588317871094,3155900,0.0,0.0
2024-09-27 00:00:00-04:00,91.23774665470914,92.61285786363212,91.1247211578568,92.04774475097656,1380700,0.0,0.0
2024-09-30 00:00:00-04:00,91.94414177660389,92.10425584449473,90.49368020592642,91.0211181640625,1240200,0.0,0.0
2024-10-01 00:00:00-04:00,90.65379939238214,92.57518987296908,90.04159047880533,92.00065612792969,846300,0.0,0.0
2024-10-02 00:00:00-04:00,92.29262018695641,93.02726793318881,90.71971978814571,91.3130874633789,1486300,0.0,0.0
2024-10-03 00:00:00-04:00,90.88924051731826,91.18121401641473,89.74017332167153,91.04935455322266,1021300,0.0,0.0
2024-10-04 00:00:00-04:00,91.67098614576801,92.52807267754993,91.39784662650948,92.46214294433594,833200,0.0,0.0
2024-10-07 00:00:00-04:00,92.65052705878433,93.61121856981082,92.42447607964652,93.18738555908203,1247600,0.0,0.0
2024-10-08 00:00:00-04:00,92.28322123018582,92.8483344168366,91.2283380121814,92.5280990600586,1062500,0.0,0.0
2024-10-09 00:00:00-04:00,92.35854956755965,92.60343454394734,90.62553511510002,90.76681518554688,1216800,0.0,0.0
2024-10-10 00:00:00-04:00,91.21889123474482,91.34133730033177,89.85320082693589,90.47482299804688,1107400,0.0,0.0
2024-10-11 00:00:00-04:00,90.54076795205121,91.6144850346757,90.47483820788315,91.3319320678711,631900,0.0,0.0
2024-10-14 00:00:00-04:00,90.83272857340363,91.11528147762347,90.23935382151896,90.62551879882812,826600,0.0,0.0
2024-10-15 00:00:00-04:00,91.08703356997985,91.10587474312061,89.0902931793849,89.17506408691406,1119000,0.0,0.0
2024-10-16 00:00:00-04:00,89.25042350477932,90.36181570189326,89.19390716539871,89.58949279785156,1318600,0.0,0.0
2024-10-17 00:00:00-04:00,89.95681647001496,90.20169425884897,88.95844258225065,90.04158020019531,901700,0.0,0.0
2024-10-18 00:00:00-04:00,86.37775419333818,86.52845484903209,83.12834855231812,84.34334564208984,5329600,0.0,0.0
2024-10-21 00:00:00-04:00,84.76716607358892,85.18158562940523,83.5615897502706,83.68402862548828,2186300,0.0,0.0
2024-10-22 00:00:00-04:00,83.82532298153349,84.51288216324767,83.36381478837907,84.17381286621094,1822100,0.0,0.0
2024-10-23 00:00:00-04:00,84.56938393841439,85.0403126781188,83.47682581311504,83.8158950805664,2071700,0.0,0.0
2024-10-24 00:00:00-04:00,83.99484618440185,85.03088792381318,83.51449688142131,84.96495819091797,1222800,0.0,0.0
2024-10-25 00:00:00-04:00,85.41706854058398,86.11404115661546,84.3621854355554,84.55997467041016,1479800,0.0,0.0
2024-10-28 00:00:00-04:00,84.76718377383104,85.20985799437844,84.20207065249947,84.64474487304688,1721800,0.0,0.0
2024-10-29 00:00:00-04:00,84.50345422912376,84.5599633784495,82.66682783221191,82.73275756835938,2746300,0.0,0.0
2024-10-30 00:00:00-04:00,83.1189205206542,84.7954256431838,80.13323410869742,80.86788177490234,3393800,0.0,0.0
2024-10-31 00:00:00-04:00,80.94323668705168,81.64020923223921,78.96533016794247,79.1348648071289,2962200,0.0,0.0
2024-11-01 00:00:00-04:00,79.36091463976186,79.84125678903355,77.65614768533878,77.81626892089844,3147900,0.0,0.0
2024-11-04 00:00:00-05:00,78.51324719467915,79.79417405796647,78.40964228766305,79.11603546142578,2802500,0.0,0.0
2024-11-05 00:00:00-05:00,77.66557171924417,80.19917079585778,77.4018527583392,79.86952209472656,3257100,0.0,0.0
2024-11-06 00:00:00-05:00,81.06567040936844,81.45183541293578,79.52102476670323,80.77369689941406,2540300,0.0,0.0
2024-11-07 00:00:00-05:00,81.09393155494027,82.25241947372345,80.29335409496623,81.76264953613281,3022400,0.0,0.0
2024-11-08 00:00:00-05:00,81.22578728130445,82.421950308166,80.8867180127297,82.05462646484375,2296800,0.0,0.0
2024-11-11 00:00:00-05:00,82.3466008848463,83.94775574832246,82.17706624870627,82.64799499511719,2658700,0.0,0.0
2024-11-12 00:00:00-05:00,82.21474099313002,83.5992726502742,82.12997008258938,82.3748550415039,1755100,0.0,0.0
2024-11-13 00:00:00-05:00,81.96986760478384,82.84579547973404,81.33882472331526,81.58370971679688,1986700,0.0,0.0
2024-11-14 00:00:00-05:00,81.9227712510256,83.2507866338135,81.14102777529365,82.93997192382812,2025900,0.0,0.0
2024-11-15 00:00:00-05:00,83.33555728780307,86.80159328029693,83.16602264523208,85.33229064941406,3252700,0.0,0.0
2024-11-18 00:00:00-05:00,86.44259041533317,87.23024560481957,86.0250441111428,86.6513671875,2566800,0.68,0.0
2024-11-19 00:00:00-05:00,86.05352119004655,86.77474813881682,84.81984408610877,84.92423248291016,1619400,0.0,0.0
2024-11-20 00:00:00-05:00,84.86728802951198,85.30381799330527,83.07371627473684,83.58616638183594,2731900,0.0,0.0
2024-11-21 00:00:00-05:00,83.48178041398161,84.81035399975936,82.84596548569331,83.86137390136719,1165500,0.0,0.0
2024-11-22 00:00:00-05:00,83.43432965975634,83.60514636942044,82.46637313175556,83.17810821533203,1611400,0.0,0.0
2024-11-25 00:00:00-05:00,83.27299687853908,84.81034711967128,83.19707673919214,83.92779541015625,1980800,0.0,0.0
2024-11-26 00:00:00-05:00,83.86137839828015,85.43668168120925,83.53872138265027,85.08556365966797,1518300,0.0,0.0
2024-11-27 00:00:00-05:00,85.36076573516151,85.92066781568323,84.0416838419173,84.37383270263672,851400,0.0,0.0
2024-11-29 00:00:00-05:00,84.20301894579626,85.34179232509241,83.98475030735646,85.16148376464844,801200,0.0,0.0
2024-12-02 00:00:00-05:00,84.44025842998387,84.81984470459965,83.37739803668508,84.54463958740234,1531600,0.0,0.0
2024-12-03 00:00:00-05:00,84.86728581229833,85.1519827221855,80.76769230275353,83.7569808959961,1903200,0.0,0.0
2024-12-04 00:00:00-05:00,83.54821639428306,83.58617647051767,81.86851741158699,82.14372253417969,1987100,0.0,0.0
2024-12-05 00:00:00-05:00,82.35248841931043,82.63718533326725,81.51738857325677,81.80207824707031,1876900,0.0,0.0
2024-12-06 00:00:00-05:00,82.18167165639377,82.21013989973913,79.59096014996092,79.71432495117188,1902700,0.0,0.0
2024-12-09 00:00:00-05:00,80.6253595598422,82.48535994385173,79.87566430850788,81.13780975341797,1541700,0.0,0.0
2024-12-10 00:00:00-05:00,81.18525438732908,81.56484065361848,79.66688036159576,80.38810729980469,1718900,0.0,0.0
2024-12-11 00:00:00-05:00,80.46401977539062,80.66330471823025,79.79972939244867,80.46401977539062,1213700,0.0,0.0
2024-12-12 00:00:00-05:00,80.66330647148656,80.66330647148656,79.20187628542125,79.32524108886719,1426800,0.0,0.0
2024-12-13 00:00:00-05:00,79.21137572790228,79.37270061871878,77.76892181903548,78.43321228027344,1393600,0.0,0.0
2024-12-16 00:00:00-05:00,78.01565008557431,78.49963194479034,76.64911647844353,76.72503662109375,1274700,0.0,0.0
2024-12-17 00:00:00-05:00,76.37392352396641,77.28494357369752,75.34902325296503,77.12361145019531,1778300,0.0,0.0
2024-12-18 00:00:00-05:00,76.71554371181014,78.08207729967765,74.94095565327223,75.09278869628906,1961600,0.0,0.0
2024-12-19 00:00:00-05:00,75.54831313177867,76.14616804207235,73.72627291361718,73.94453430175781,1704700,0.0,0.0
2024-12-20 00:00:00-05:00,73.67881336724483,75.69065375791193,73.67881336724483,75.06432342529297,7010200,0.0,0.0
2024-12-23 00:00:00-05:00,74.53290194573451,75.20667698428431,73.90657157065937,75.01688385009766,1054200,0.0,0.0
2024-12-24 00:00:00-05:00,74.81758657546033,75.16871181406279,74.15330341069188,75.06432342529297,397900,0.0,0.0
2024-12-26 00:00:00-05:00,74.77963544188661,74.97892039584379,73.79269526028177,74.07738494873047,1192000,0.0,0.0
2024-12-27 00:00:00-05:00,73.91605159658303,75.44390997529413,73.5649263902466,74.08686828613281,1047500,0.0,0.0
2024-12-30 00:00:00-05:00,74.20076394455356,74.35259701124819,72.48310486412343,72.96708679199219,1071400,0.0,0.0
2024-12-31 00:00:00-05:00,73.20432382742307,73.84963058055631,73.03350712100122,73.79269409179688,1194900,0.0,0.0
2025-01-02 00:00:00-05:00,74.4949404239394,74.75116187412915,73.28973884096061,73.61238861083984,870800,0.0,0.0
2025-01-03 00:00:00-05:00,73.71677457996739,74.02044792286571,72.80575455127244,73.3371810913086,1231900,0.0,0.0
2025-01-06 00:00:00-05:00,73.97298173508715,75.38696702625002,73.63134838528934,74.00145721435547,928300,0.0,0.0
2025-01-07 00:00:00-05:00,74.13433005878105,75.09279477325659,73.64085633871922,73.84014129638672,874500,0.0,0.0
2025-01-08 00:00:00-05:00,73.47004320559405,73.88759679827356,71.88524805540648,73.43208312988281,1665500,0.0,0.0
2025-01-10 00:00:00-05:00,73.5744326713751,77.97770015575526,73.48902792989365,77.076171875,2349800,0.0,0.0
2025-01-13 00:00:00-05:00,77.40830722794888,78.35728733727284,77.01922914800076,77.80687713623047,1608400,0.0,0.0
2025-01-14 00:00:00-05:00,77.82586732734082,78.22443726908728,76.46882536746138,77.44627380371094,1242100,0.0,0.0
2025-01-15 00:00:00-05:00,77.97768408800582,78.14850077591522,76.22207255346854,76.33595275878906,1757100,0.0,0.0
2025-01-16 00:00:00-05:00,75.80452830830595,76.37392216437748,74.58983493028815,75.3490219116211,1875200,0.0,0.0
2025-01-17 00:00:00-05:00,75.51984026189439,76.12718696410442,74.98840646735276,75.48188018798828,1362800,0.0,0.0
2025-01-21 00:00:00-05:00,74.89352179981955,75.55781233848606,74.34311150096171,74.61831665039062,1601200,0.0,0.0
2025-01-22 00:00:00-05:00,74.32411374295656,74.78911191842282,73.67880704959519,73.9350357055664,1254800,0.0,0.0
2025-01-23 00:00:00-05:00,74.17229818423034,75.26361965561654,73.92556129741553,74.6562728881836,968900,0.0,0.0
2025-01-24 00:00:00-05:00,74.81758125953802,74.85554132913387,73.07146149898671,73.25177001953125,1237800,0.0,0.0
2025-01-27 00:00:00-05:00,74.38105169286456,75.28258705997091,73.10942193566211,74.6657485961914,1988800,0.0,0.0
2025-01-28 00:00:00-05:00,74.93147790747362,75.21617487183043,72.93862087740969,73.3182144165039,988600,0.0,0.0
2025-01-29 00:00:00-05:00,73.11891265540058,74.43799428988788,73.11891265540058,74.22921752929688,1159500,0.0,0.0
2025-01-30 00:00:00-05:00,74.51391679716984,74.90300212665387,73.11892208451006,73.68830871582031,1052600,0.0,0.0
2025-01-31 00:00:00-05:00,73.25177339972585,73.80217633390654,71.85677154831376,72.245849609375,1469900,0.0,0.0
2025-02-03 00:00:00-05:00,71.45820453538241,71.91371092959888,70.67054931354289,71.32534790039062,1519900,0.0,0.0
2025-02-04 00:00:00-05:00,71.32535350960758,71.73340803478452,69.97779615706128,71.19248962402344,2267200,0.0,0.0
2025-02-05 00:00:00-05:00,67.6243184692234,69.99676852682876,66.17238019239178,66.30523681640625,3596900,0.0,0.0
2025-02-06 00:00:00-05:00,67.15933142962216,67.2542352500203,63.961272510206086,65.75484466552734,3336600,0.0,0.0
2025-02-07 00:00:00-05:00,66.05850305838108,66.29574807518603,64.78686600343202,66.04901123046875,1612900,0.0,0.0
2025-02-10 00:00:00-05:00,65.906675256252,66.17239580712614,64.35034823042703,65.63147735595703,2784700,0.0,0.0
2025-02-11 00:00:00-05:00,65.71687667506788,67.00749028356593,65.19493468628406,66.35269165039062,2005300,0.0,0.0
2025-02-12 00:00:00-05:00,65.95412040879063,66.80820399160952,65.19493339291962,65.54605865478516,1631300,0.0,0.0
2025-02-13 00:00:00-05:00,65.36574894465254,67.93748423587436,65.36574894465254,66.22932434082031,1717900,0.0,0.0
2025-02-14 00:00:00-05:00,66.4950297323323,67.33962137118174,66.15339634581535,66.90309143066406,1276700,0.0,0.0
2025-02-18 00:00:00-05:00,66.79769047526933,67.02766183130646,65.70531739577099,66.96058654785156,1469500,0.68,0.0
2025-02-19 00:00:00-05:00,66.76894326036512,68.11045620577895,66.74019775542854,67.24805450439453,1138800,0.0,0.0
2025-02-20 00:00:00-05:00,67.27680708307214,68.35001901437631,66.53897890637803,68.28294372558594,1764400,0.0,0.0
2025-02-21 00:00:00-05:00,68.49375015386231,70.8988834577923,68.49375015386231,70.00773620605469,2081300,0.0,0.0
2025-02-24 00:00:00-05:00,70.00773217840425,72.25956085907994,69.69152431552111,70.50601196289062,1717800,0.0,0.0
2025-02-25 00:00:00-05:00,70.54434413657694,71.55047339022553,70.28561996374043,71.16718292236328,1620900,0.0,0.0
2025-02-26 00:00:00-05:00,70.78389524858032,70.83180198484526,69.71068346917703,70.19937896728516,1177400,0.0,0.0
2025-02-27 00:00:00-05:00,69.95984030902821,70.57310224284018,69.58613404656964,70.18981170654297,1108600,0.0,0.0
2025-02-28 00:00:00-05:00,70.27604295501607,71.47382122172134,70.11314686530216,71.09053802490234,2340600,0.0,0.0
2025-03-03 00:00:00-05:00,71.29176390426862,71.73254542918562,68.31169099152555,68.82913208007812,1490000,0.0,0.0
2025-03-04 00:00:00-05:00,68.42667359961072,69.78734782220599,67.92839379569905,68.70455169677734,2103300,0.0,0.0
2025-03-05 00:00:00-05:00,68.86746097099086,69.90233582404997,68.07213445754185,68.71414184570312,1406700,0.0,0.0
2025-03-06 00:00:00-05:00,68.94410590064163,71.94334700228316,68.42667218439621,71.53131103515625,1525900,0.0,0.0
2025-03-07 00:00:00-05:00,71.24383423925777,73.85978461754449,70.65931798826068,72.44161224365234,2070900,0.0,0.0
2025-03-10 00:00:00-04:00,73.16987755473819,74.80843730630289,72.56619995489588,73.12196350097656,1871400,0.0,0.0
2025-03-11 00:00:00-04:00,73.06447186669877,73.70647924198592,71.20551771848298,71.30134582519531,1869800,0.0,0.0
2025-03-12 00:00:00-04:00,70.5922625930702,70.79348847720016,68.88662740416589,70.07482147216797,1297000,0.0,0.0
2025-03-13 00:00:00-04:00,70.12272703547195,70.91805351258694,69.62445452236663,70.51559448242188,1572400,0.0,0.0
2025-03-14 00:00:00-04:00,70.61142260474784,71.10011084542101,69.47113542186123,70.7934799194336,1099900,0.0,0.0
2025-03-17 00:00:00-04:00,71.11927827564831,72.45120702490053,71.05220299009812,71.43549346923828,1612300,0.0,0.0
2025-03-18 00:00:00-04:00,72.15416126090604,72.74825456573329,71.109694875208,71.58880615234375,1070700,0.0,0.0
2025-03-19 00:00:00-04:00,71.20551714236653,72.259567822409,70.7264058553138,72.09666442871094,1469500,0.0,0.0
2025-03-20 00:00:00-04:00,71.81878014547507,72.34580549386584,70.7647367593517,70.86055755615234,1749500,0.0,0.0
2025-03-21 00:00:00-04:00,70.57310224284018,71.56007043911072,69.63404079444497,70.18981170654297,10331100,0.0,0.0
2025-03-24 00:00:00-04:00,69.71069130790397,70.64016836171464,69.1549204680047,69.68194580078125,1156100,0.0,0.0
2025-03-25 00:00:00-04:00,70.13231422678685,71.02346153458768,69.67236416345231,70.3814468383789,1286900,0.0,0.0
2025-03-26 00:00:00-04:00,70.37187106487919,71.37800042251659,69.95025077558824,71.09053802490234,1196900,0.0,0.0
2025-03-27 00:00:00-04:00,71.24385125046213,73.60107804867714,70.78390848091986,73.30403137207031,1733800,0.0,0.0
2025-03-28 00:00:00-04:00,73.4860860034124,74.18558433576732,72.79616463240218,73.23694610595703,1219500,0.0,0.0
2025-03-31 00:00:00-04:00,72.13499049306954,74.31973667978204,71.77086856550335,73.22736358642578,1335100,0.0,0.0
2025-04-01 00:00:00-04:00,73.65856417292535,74.63594787924785,72.63326641866288,74.59761810302734,1707800,0.0,0.0
2025-04-02 00:00:00-04:00,74.26224289914246,74.79884515358395,73.35193445883529,74.75093841552734,1546700,0.0,0.0
2025-04-03 00:00:00-04:00,74.44431801196332,75.44087041838965,74.03228199113954,74.9330062866211,1703000,0.0,0.0
2025-04-04 00:00:00-04:00,72.94948399327103,73.30402898753135,69.52862959961256,70.14189147949219,2447500,0.0,0.0
2025-04-07 00:00:00-04:00,69.18366768553184,71.33966850093405,68.10087879674455,68.83870697021484,2795700,0.0,0.0
2025-04-08 00:00:00-04:00,69.57654486656622,70.10357023064424,65.70532461319408,66.6060562133789,2276700,0.0,0.0
2025-04-09 00:00:00-04:00,65.96403819878812,71.68462811044847,65.47534995184263,71.18635559082031,2399100,0.0,0.0
2025-04-10 00:00:00-04:00,71.09053951835601,71.24385133817268,69.03035939421147,70.17064666748047,1803500,0.0,0.0
2025-04-11 00:00:00-04:00,70.60183535472235,73.45734167246549,70.19938365208469,73.11238098144531,1965600,0.0,0.0
2025-04-14 00:00:00-04:00,73.40943818255265,74.44432040448466,72.42247001763292,73.8502197265625,1489700,0.0,0.0
2025-04-15 00:00:00-04:00,73.57232662273834,73.79272102713638,72.30747314222867,73.01655578613281,1284800,0.0,0.0
2025-04-16 00:00:00-04:00,73.60106948467916,74.32932064748556,72.95906215028842,73.18903350830078,905900,0.0,0.0
2025-04-17 00:00:00-04:00,73.54358383468872,75.70916893660977,73.54358383468872,75.6612548828125,1583500,0.0,0.0
2025-04-21 00:00:00-04:00,75.66126930067745,75.66126930067745,74.40599980709557,75.5079574584961,1362100,0.0,0.0
2025-04-22 00:00:00-04:00,75.74749641227125,77.37647184258888,75.69958235993215,76.7440414428711,1199700,0.0,0.0
2025-04-23 00:00:00-04:00,77.21357990715298,77.61603165003962,75.70917069722668,76.4853286743164,1259700,0.0,0.0
2025-04-24 00:00:00-04:00,76.37033441582408,77.77892273596758,75.46961018883202,77.42438507080078,1276700,0.0,0.0
2025-04-25 00:00:00-04:00,77.20399330552091,77.94182147855976,76.99318316732177,77.52979278564453,1103300,0.0,0.0
2025-04-28 00:00:00-04:00,77.52979307366347,78.30595103022719,76.7632120793021,77.29023742675781,1224600,0.0,0.0
2025-04-29 00:00:00-04:00,76.94527580845387,77.42438709664933,76.3895049595892,76.8973617553711,734700,0.0,0.0
2025-04-30 00:00:00-04:00,77.19440806695934,77.20399233966435,74.75094489456268,75.43128204345703,2189000,0.0,0.0
2025-05-01 00:00:00-04:00,75.35462101109647,76.53323796841435,74.31016193705376,75.20130920410156,1424600,0.0,0.0
2025-05-02 00:00:00-04:00,76.08285957725573,76.81111064398135,73.71604909339,75.90079498291016,1505200,0.0,0.0
2025-05-05 00:00:00-04:00,75.17254805429869,75.7379030996562,74.35806043635645,74.5688705444336,1302900,0.0,0.0
2025-05-06 00:00:00-04:00,74.03227447219052,75.98704930426392,73.95561491548386,74.8946762084961,2458300,0.0,0.0
2025-05-07 00:00:00-04:00,76.92611580730537,76.92611580730537,72.36497379008456,72.7291030883789,3268900,0.0,0.0
2025-05-08 00:00:00-04:00,72.307483015915,73.5819209429877,71.86670145758754,73.0836410522461,2048400,0.0,0.0
2025-05-09 00:00:00-04:00,73.246536269405,74.54971956154169,73.10280142044058,74.11851501464844,1822900,0.0,0.0
2025-05-12 00:00:00-04:00,75.16298439220039,76.92611049778517,75.10548606395156,76.80154418945312,2458900,0.0,0.0
2025-05-13 00:00:00-04:00,76.68655001560683,80.37570539545266,76.59072922210264,79.44623565673828,2641300,0.0,0.0
2025-05-14 00:00:00-04:00,79.13960061805676,80.28947211854066,78.36344265545735,78.51676177978516,2052600,0.0,0.0
2025-05-15 00:00:00-04:00,77.75018341017955,77.79809746581773,74.83718574531242,76.67697143554688,2619600,0.0,0.0
2025-05-16 00:00:00-04:00,76.74404152583165,78.2676192018346,76.4278336362889,78.13346862792969,1226300,0.0,0.0
2025-05-19 00:00:00-04:00,78.28811034441347,78.48141137098791,77.0219716602394,77.6115493774414,1659400,0.7,0.0
2025-05-20 00:00:00-04:00,77.83384347506846,78.40409402933953,77.12828810370354,77.70819854736328,1832400,0.0,0.0
2025-05-21 00:00:00-04:00,77.29260018391494,77.49556848486992,75.21458085419229,75.58185577392578,2538000,0.0,0.0
2025-05-22 00:00:00-04:00,74.99227579596051,75.64950962549965,74.10307925421982,75.19525146484375,2130700,0.0,0.0
2025-05-23 00:00:00-04:00,74.40270897957197,75.86214879450603,74.03542667931512,75.4852066040039,1272000,0.0,0.0
2025-05-27 00:00:00-04:00,76.11344343834985,76.63536507823108,75.20491235700527,76.5870361328125,1436300,0.0,0.0
2025-05-28 00:00:00-04:00,76.65469497259095,77.2442727327598,76.39373783030143,76.72235107421875,2230600,0.0,0.0
2025-05-29 00:00:00-04:00,76.76101191500587,77.77586080225112,75.79449197437685,76.56771087646484,1267000,0.0,0.0
2025-05-30 00:00:00-04:00,76.00711619507294,76.4903760932481,75.14691416623802,75.53352355957031,2864100,0.0,0.0
2025-06-02 00:00:00-04:00,75.76549719812336,75.99745991806932,74.51868559572563,75.74617004394531,1416500,0.0,0.0
2025-06-03 00:00:00-04:00,75.07926539627377,75.20491032742478,73.08823678131854,73.71646881103516,1584300,0.0,0.0
2025-06-04 00:00:00-04:00,73.60048838954638,73.73580057924951,72.09271240234375,72.09271240234375,1656900,0.0,0.0
2025-06-05 00:00:00-04:00,72.25702375770742,72.25702375770742,71.20351332017962,71.37748718261719,1540200,0.0,0.0
2025-06-06 00:00:00-04:00,71.91874969282347,72.43100406279824,71.6964468700615,72.05406188964844,956600,0.0,0.0
2025-06-09 00:00:00-04:00,72.42133354471278,72.77894854822995,71.88008478173444,72.17003631591797,1543800,0.0,0.0
2025-06-10 00:00:00-04:00,72.44066817926753,73.98710601714522,72.13138208648442,73.49417877197266,1185700,0.0,0.0
2025-06-11 00:00:00-04:00,73.4748417292356,73.79379507543142,72.45033296456499,72.9432601928711,1128100,0.0,0.0
2025-06-12 00:00:00-04:00,72.43100385959701,74.52835027846173,71.53214005523189,74.4510269165039,1868500,0.0,0.0
2025-06-13 00:00:00-04:00,74.48968708075111,80.83005515295906,74.46069266409772,78.68438720703125,3966500,0.0,0.0
2025-06-16 00:00:00-04:00,78.93568449376632,83.80694604679566,78.80037228734568,83.39134216308594,2877600,0.0,0.0
2025-06-17 00:00:00-04:00,83.43000325218902,84.56082984376992,82.36683276333615,82.82109832763672,2245800,0.0,0.0
2025-06-18 00:00:00-04:00,82.9080788418548,84.19355212511518,82.55047118525168,82.68578338623047,2038800,0.0,0.0
2025-06-20 00:00:00-04:00,83.21736464688816,84.10656121432599,82.19285587892551,82.52146911621094,2659000,0.0,0.0
2025-06-23 00:00:00-04:00,82.0092025033001,82.98538955348788,81.24565098621865,81.3326416015625,1598200,0.0,0.0
2025-06-24 00:00:00-04:00,81.33265326771385,81.55494872132995,80.54976711316708,80.79139709472656,1861500,0.0,0.0
2025-06-25 00:00:00-04:00,80.10516921738697,80.43378982834912,79.2353071787571,79.46726989746094,1355800,0.0,0.0
2025-06-26 00:00:00-04:00,79.91186106806175,80.6270836885497,78.7520402038131,79.54458618164062,1707500,0.0,0.0
2025-06-27 00:00:00-04:00,79.39962028013026,79.48660354151056,77.10896520227004,77.74687194824219,2375500,0.0,0.0
2025-06-30 00:00:00-04:00,77.37957332510584,78.63605202275672,77.27325555650641,77.59220886230469,2432300,0.0,0.0
2025-07-01 00:00:00-04:00,77.36025649098305,78.80036912958582,76.3164131913147,77.56322479248047,2823700,0.0,0.0
2025-07-02 00:00:00-04:00,78.28811974184356,79.00334247477564,76.12311701369217,78.6650619506836,2352300,0.0,0.0
2025-07-03 00:00:00-04:00,78.77136828576342,79.01299824983018,75.29189827799435,75.8138198852539,2076600,0.0,0.0
2025-07-07 00:00:00-04:00,75.90080274737291,75.90080274737291,72.32468224692984,72.34400939941406,2463600,0.0,0.0
2025-07-08 00:00:00-04:00,72.70162375269501,74.27704844177761,72.30534707765956,73.26220703125,2661000,0.0,0.0
2025-07-09 00:00:00-04:00,73.08823205208336,73.47483408413616,71.33882614901175,73.10755920410156,2558300,0.0,0.0
2025-07-10 00:00:00-04:00,72.97225069428586,74.95361939119874,72.2183663702582,73.97743225097656,1495700,0.0,0.0
2025-07-11 00:00:00-04:00,73.58116803493688,74.47037207648467,72.84661811334716,74.17074584960938,1525000,0.0,0.0
2025-07-14 00:00:00-04:00,74.04508141989001,74.19972075124161,71.82208296176977,72.47931671142578,1652200,0.0,0.0
2025-07-15 00:00:00-04:00,72.41166922394058,72.64363930946747,71.54179983811886,71.7254409790039,1387200,0.0,0.0
2025-07-16 00:00:00-04:00,71.91875060270732,72.23769657128038,70.39164736326337,70.55595397949219,2331800,0.0,0.0
2025-07-17 00:00:00-04:00,70.07268755107293,70.8459063632899,69.20281823081912,70.7105941772461,1735600,0.0,0.0
2025-07-18 00:00:00-04:00,70.89422981294337,72.13137404617433,70.72025594427268,71.92840576171875,1512900,0.0,0.0
2025-07-21 00:00:00-04:00,72.3826720649614,72.9529226194958,71.65778216656163,71.75443267822266,1313900,0.0,0.0
2025-07-22 00:00:00-04:00,71.86075925789959,73.31053923233185,71.86075925789959,73.14623260498047,1371600,0.0,0.0
2025-07-23 00:00:00-04:00,73.45550452262493,75.7074974178718,73.08822965463771,75.53352355957031,1478200,0.0,0.0
2025-07-24 00:00:00-04:00,75.29190324889187,75.45620986555436,73.96776830375835,74.35437774658203,1589700,0.0,0.0
2025-07-25 00:00:00-04:00,73.88077000297615,74.88595140000525,73.13654568667525,74.68297576904297,1073700,0.0,0.0
2025-07-28 00:00:00-04:00,74.66365365253051,74.66365365253051,73.63914503651274,74.13206481933594,1070100,0.0,0.0
2025-07-29 00:00:00-04:00,74.26738623602986,74.44136011453331,72.44066419872459,73.78412628173828,2399300,0.0,0.0
2025-07-30 00:00:00-04:00,75.77516012913817,78.65538524448952,74.55734301462697,77.6115493774414,4030600,0.0,0.0
2025-07-31 00:00:00-04:00,76.35507293025657,77.83384721350234,75.388553019747,77.08963012695312,3014700,0.0,0.0
2025-08-01 00:00:00-04:00,77.12828851899562,77.32158954326923,74.66365990271936,75.3885498046875,1878600,0.0,0.0
2025-08-04 00:00:00-04:00,75.07926810403391,78.05615124417548,75.07926810403391,77.90150451660156,2292300,0.0,0.0
2025-08-05 00:00:00-04:00,78.4814063247816,79.95052057854751,78.10446418542506,79.6509017944336,2617900,0.0,0.0
2025-08-06 00:00:00-04:00,80.16315468561044,81.07167828460841,78.22044782014005,78.25910949707031,2387000,0.0,0.0
2025-08-07 00:00:00-04:00,79.16764196668248,80.37579174123964,78.51040819436494,79.9795150756836,1830600,0.0,0.0
2025-08-08 00:00:00-04:00,80.40479220453362,81.5549458621401,79.99884824553446,80.16316223144531,1505600,0.0,0.0
2025-08-11 00:00:00-04:00,80.45311698242367,81.08135641229336,79.31262316901713,79.46726989746094,1579500,0.0,0.0
2025-08-12 00:00:00-04:00,79.5445816182882,82.45380087517007,79.20629379282497,79.75720977783203,2793600,0.0,0.0
2025-08-13 00:00:00-04:00,79.2353000471538,80.50143868299024,77.64054082993282,80.45310974121094,1660500,0.0,0.0
2025-08-14 00:00:00-04:00,80.14383392003697,80.29848065430926,78.59740344712486,79.35128784179688,1989500,0.0,0.0
2025-08-15 00:00:00-04:00,79.41894200502507,79.8345458757795,78.33644438740382,79.04199981689453,1131000,0.0,0.0
2025-08-18 00:00:00-04:00,78.83903277657781,79.32229275617532,77.57289398970023,77.87251281738281,1910200,0.0,0.0
2025-08-19 00:00:00-04:00,78.3502638717568,78.3502638717568,76.41003419845723,77.87252044677734,1832500,0.7,0.0
2025-08-20 00:00:00-04:00,78.63300466627703,80.56348216580726,78.63300466627703,80.30998992919922,2254700,0.0,0.0
2025-08-21 00:00:00-04:00,80.2709845125502,82.5719631136667,80.16373494260581,81.31422424316406,2102600,0.0,0.0
2025-08-22 00:00:00-04:00,81.34347611163612,84.9801947722044,81.34347611163612,84.93144226074219,3252900,0.0,0.0
2025-08-25 00:00:00-04:00,85.0289333532412,86.29642416859893,84.92168378708378,85.94542694091797,2277700,0.0,0.0
2025-08-26 00:00:00-04:00,85.1849334819875,85.55542724115148,82.6402073587021,82.80595397949219,2425500,0.0,0.0
2025-08-27 00:00:00-04:00,82.46471412545353,83.7809500657242,82.27946351449938,82.55245971679688,1350100,0.0,0.0
2025-08-28 00:00:00-04:00,82.62071546073724,82.94246419890601,81.82122332984437,82.51346588134766,1373800,0.0,0.0
2025-08-29 00:00:00-04:00,82.01621854536543,82.96195325500442,81.89921698606489,82.11371612548828,1424800,0.0,0.0
2025-09-02 00:00:00-04:00,81.52871951527808,82.27945903068468,78.46724951876752,79.38373565673828,3710000,0.0,0.0
2025-09-03 00:00:00-04:00,79.06198842269933,79.52998720877164,78.21375131591402,79.19849395751953,1945500,0.0,0.0
2025-09-04 00:00:00-04:00,79.09125337295885,79.88099351064537,78.45750788928694,79.10099792480469,1549600,0.0,0.0
2025-09-05 00:00:00-04:00,78.93524138700676,82.26970759330139,78.93524138700676,82.22096252441406,1981900,0.0,0.0
2025-09-08 00:00:00-04:00,82.24046488052745,83.17645506926628,80.92422891006939,82.230712890625,2509800,0.0,0.0
2025-09-09 00:00:00-04:00,82.3867087971224,82.93270117329946,81.88946148962499,82.04546356201172,1693800,0.0,0.0
2025-09-10 00:00:00-04:00,81.53847010516378,81.97722038623375,76.64402003160524,80.28073120117188,3084000,0.0,0.0
2025-09-11 00:00:00-04:00,80.02723754229756,80.56347795812061,79.22774547482197,79.89073944091797,1068300,0.0,0.0
2025-09-12 00:00:00-04:00,79.66648857273876,80.04673434763691,79.18874521633136,79.57874298095703,1201000,0.0,0.0
2025-09-15 00:00:00-04:00,79.8712358393007,80.01748593106731,78.26249970704528,78.29175567626953,1593200,0.0,0.0
2025-09-16 00:00:00-04:00,78.52574757960099,81.98695991231024,77.5897574513787,81.59696960449219,2429800,0.0,0.0
2025-09-17 00:00:00-04:00,81.343486409788,81.73348423509314,78.34051282510522,78.39901733398438,1880400,0.0,0.0
2025-09-18 00:00:00-04:00,78.87673923506773,79.09123835236683,77.43374990688419,77.90174865722656,1625700,0.0,0.0
2025-09-19 00:00:00-04:00,77.9407570572916,78.09675169746062,77.16076154068087,77.19001007080078,4707800,0.0,0.0
2025-09-22 00:00:00-04:00,76.95600361238391,77.12175021890705,74.10903302111717,75.21076965332031,2061600,0.0,0.0
2025-09-23 00:00:00-04:00,75.71777653992534,77.73600686363682,75.65927204338809,76.49776458740234,1842100,0.0,0.0
2025-09-24 00:00:00-04:00,76.78052303610696,78.07726254375596,76.56602387681595,77.01451873779297,1707900,0.0,0.0
2025-09-25 00:00:00-04:00,77.41425485742292,78.17474633259357,76.84875852613627,77.40450286865234,1551800,0.0,0.0
2025-09-26 00:00:00-04:00,77.9310085773492,79.96873561241635,77.5312588114716,79.91999053955078,2297400,0.0,0.0
2025-09-29 00:00:00-04:00,80.1052402784338,80.573231653474,78.11625833804099,80.36848449707031,1841600,0.0,0.0
2025-09-30 00:00:00-04:00,80.30023496633109,80.43673306978665,78.74999587910177,79.2179946899414,1649200,0.0,0.0
2025-10-01 00:00:00-04:00,79.5299894251096,80.47573157434928,79.15949564481087,80.4269790649414,1627400,0.0,0.0
2025-10-02 00:00:00-04:00,80.38798117799342,81.60671956722067,79.59824108212258,80.9437255859375,1577600,0.0,0.0
2025-10-03 00:00:00-04:00,80.91447804715195,82.0454708567486,80.37823761246848,81.8699722290039,991300,0.0,0.0
2025-10-06 00:00:00-04:00,81.60672413209507,82.75721353342462,81.08023566445661,82.02597045898438,1221000,0.0,0.0
2025-10-07 00:00:00-04:00,81.93822041053318,83.28370491653823,81.57747116884272,81.91871643066406,1448400,0.0,0.0
2025-10-08 00:00:00-04:00,81.8017203780388,82.38671330431622,79.43249270381492,80.37823486328125,1319300,0.0,0.0
2025-10-09 00:00:00-04:00,80.65122871540105,81.89921557203893,79.05224462551023,79.23748779296875,1652400,0.0,0.0
2025-10-10 00:00:00-04:00,79.45199453369965,80.33923969117812,78.68175094470082,78.75,1379600,0.0,0.0
2025-10-13 00:00:00-04:00,78.584256428391,80.3294908404986,78.15526553771012,78.95475769042969,1299800,0.0,0.0
2025-10-14 00:00:00-04:00,78.14550279288937,80.65122848853726,77.13151161507625,80.34898376464844,2300600,0.0,0.0
2025-10-15 00:00:00-04:00,86.56942350012814,91.10313165666963,85.87718100891686,90.76187896728516,4998200,0.0,0.0
2025-10-16 00:00:00-04:00,91.64913749348345,95.65635037684952,91.61988895892583,92.94587707519531,4215800,0.0,0.0
2025-10-17 00:00:00-04:00,92.54611434116602,95.77333857743487,90.3718892720313,95.06159210205078,2699300,0.0,0.0
2025-10-20 00:00:00-04:00,95.54908356262051,96.92382394766632,94.23284767473064,94.81784057617188,1928500,0.0,0.0
2025-10-21 00:00:00-04:00,94.81785143355376,94.81785143355376,92.07812977762171,92.36087799072266,1884500,0.0,0.0
2025-10-22 00:00:00-04:00,92.32186618111781,93.15060673829036,90.94712580671874,93.09210968017578,1361400,0.0,0.0
2025-10-23 00:00:00-04:00,94.08660759205615,94.75935359145667,92.47787136312701,94.27185821533203,1074900,0.0,0.0
2025-10-24 00:00:00-04:00,94.76909507569887,95.40284053186558,94.3888492897166,95.35409545898438,887900,0.0,0.0
2025-10-27 00:00:00-04:00,96.98232283744609,97.06032387606794,93.77460265035961,94.00859832763672,1219800,0.0,0.0
2025-10-28 00:00:00-04:00,93.38460575905849,94.75934618276973,93.02386396962761,93.95985412597656,1191500,0.0,0.0
2025-10-29 00:00:00-04:00,94.08660728441264,94.66184825583602,93.35536422261669,93.69660949707031,1203800,0.0,0.0
2025-10-30 00:00:00-04:00,93.55035255643699,94.44734963331116,92.62411438799248,92.76061248779297,1163900,0.0,0.0
2025-10-31 00:00:00-04:00,92.19512270744801,92.98487027119953,91.41513457256595,92.23412322998047,1112200,0.0,0.0
2025-11-03 00:00:00-05:00,92.42911620070153,92.42911620070153,90.52787997816806,91.66861724853516,1300900,0.0,0.0
2025-11-04 00:00:00-05:00,90.49862883109432,92.95560191454918,89.30913908740872,91.55162048339844,2052600,0.0,0.0
2025-11-05 00:00:00-05:00,90.59612865798692,96.21207683800546,90.59612865798692,93.17985534667969,2520800,0.0,0.0
2025-11-06 00:00:00-05:00,94.44735059173908,95.1493376384415,91.74662222130488,92.39986419677734,2860200,0.0,0.0
2025-11-07 00:00:00-05:00,92.6923575937086,92.84835966283823,91.20062314094996,92.35111236572266,1486800,0.0,0.0
2025-11-10 00:00:00-05:00,93.32611301011826,93.32611301011826,91.21038493067756,92.69236755371094,1272900,0.0,0.0
2025-11-11 00:00:00-05:00,92.77035846112682,94.41808754145826,92.29261514280725,94.037841796875,1272600,0.0,0.0
2025-11-12 00:00:00-05:00,93.75511108635543,95.30534275865904,93.20911122561016,93.89160919189453,1288800,0.0,0.0
2025-11-13 00:00:00-05:00,93.83310321220746,95.92933471223066,93.64786003680221,94.47660064697266,1610500,0.0,0.0
2025-11-14 00:00:00-05:00,94.08659954611421,95.06159021498586,92.54611250403578,93.60885620117188,1113900,0.0,0.0
2025-11-17 00:00:00-05:00,93.3927751834538,94.98386318571325,92.23384369821355,92.29277038574219,1436700,0.7,0.0
2025-11-18 00:00:00-05:00,92.30260592681762,94.89548541825873,91.77224319085626,94.4240493774414,1370400,0.0,0.0
2025-11-19 00:00:00-05:00,94.56154292171276,95.00351558189847,89.46417436283029,91.48741149902344,2610600,0.0,0.0
2025-11-20 00:00:00-05:00,91.79187758758229,92.92135330257346,91.04544035519889,91.14366149902344,1838900,0.0,0.0
2025-11-21 00:00:00-05:00,91.25170025854338,93.6285051109242,90.90794123596469,92.89189147949219,1372500,0.0,0.0
2025-11-24 00:00:00-05:00,92.81330832845771,93.21599400366568,91.81151718637395,91.84098052978516,1666300,0.0,0.0
2025-11-25 00:00:00-05:00,91.95883650008847,94.78743743896484,91.64454833946007,94.78743743896484,1442100,0.0,0.0
2025-11-26 00:00:00-05:00,94.79725218022452,95.57315270463914,94.32582369274519,94.75797271728516,1115900,0.0,0.0
2025-11-28 00:00:00-05:00,94.74815536827587,95.35708449595839,94.27671935641152,94.35529327392578,514500,0.0,0.0
2025-12-01 00:00:00-05:00,94.67940354147359,95.66155501494693,93.82492906199221,94.69904327392578,1479500,0.0,0.0
2025-12-02 00:00:00-05:00,95.38654931041818,95.514226298399,93.87403521329303,94.33564758300781,1409300,0.0,0.0
2025-12-03 00:00:00-05:00,94.9740478700917,95.61244784923025,93.44189391473626,93.58921813964844,1034400,0.0,0.0
2025-12-04 00:00:00-05:00,94.0410030855441,94.27671733982375,90.75079716552959,92.70527648925781,1084200,0.0,0.0
2025-12-05 00:00:00-05:00,92.61688659609422,93.10796233097655,91.93919968412588,91.9588394165039,919300,0.0,0.0
2025-12-08 00:00:00-05:00,91.7918690552945,91.92936965200235,89.99453019275829,90.26953887939453,1062100,0.0,0.0
2025-12-09 00:00:00-05:00,89.96507324272807,91.0061588973526,89.39542359118911,89.8177490234375,1066900,0.0,0.0
2025-12-10 00:00:00-05:00,90.02399962512482,90.78025289522382,88.51148559170637,89.86685180664062,1068400,0.0,0.0
2025-12-11 00:00:00-05:00,89.81774741099099,92.25348631230052,89.62132011761064,91.60526275634766,1101400,0.0,0.0
2025-12-12 00:00:00-05:00,91.53651274585773,92.30259717621112,90.00435887159287,91.18293762207031,1345100,0.0,0.0
2025-12-15 00:00:00-05:00,90.3284717034228,91.27133621343849,88.50166937363583,90.9374008178711,1229000,0.0,0.0
2025-12-16 00:00:00-05:00,93.24546274197381,93.24546274197381,90.16150773283017,90.61329650878906,1627200,0.0,0.0
2025-12-17 00:00:00-05:00,91.04543532951679,91.82133586492957,90.53471987863817,91.25169372558594,1436800,0.0,0.0
2025-12-18 00:00:00-05:00,91.15348071435649,92.25349312084468,90.03382857436918,90.08293914794922,1391200,0.0,0.0
2025-12-19 00:00:00-05:00,89.74900480889022,90.38740480697854,89.18917873218358,89.83740234375,3071800,0.0,0.0
2025-12-22 00:00:00-05:00,90.30882893808717,90.63294073688091,87.49987500165095,88.18738555908203,1424900,0.0,0.0
2025-12-23 00:00:00-05:00,88.36416618476024,88.56059347531418,86.66504089790745,86.96951293945312,1212200,0.0,0.0
2025-12-24 00:00:00-05:00,87.51951167648828,87.56862224367718,86.94003845518534,87.10700988769531,591000,0.0,0.0
2025-12-26 00:00:00-05:00,87.0873731803651,87.57844893867535,86.79273222131181,87.49005889892578,810000,0.0,0.0
2025-12-29 00:00:00-05:00,87.37219831816869,87.89273742484227,87.14630766477747,87.76506042480469,1352200,0.0,0.0
2025-12-30 00:00:00-05:00,88.62934813832167,88.62934813832167,87.80434448552667,88.079345703125,944000,0.0,0.0
2025-12-31 00:00:00-05:00,87.90256073753325,88.43292345569488,87.4605955523426,87.49005889892578,757700,0.0,0.0
2026-01-02 00:00:00-05:00,87.60790778886701,91.35972609006994,87.11683205576075,90.98651123046875,1465800,0.0,0.0
2026-01-05 00:00:00-05:00,90.71151742517222,91.73295593261719,89.0713261410536,91.73295593261719,2515000,0.0,0.0
2026-01-06 00:00:00-05:00,92.24365513631496,93.50080769460158,91.67400554170997,92.6758041381836,1597300,0.0,0.0
2026-01-07 00:00:00-05:00,92.06687650462212,92.18473737833197,89.50346057389594,90.9374008178711,1937200,0.0,0.0
2026-01-08 00:00:00-05:00,90.86864379799583,97.50798932846124,90.48560535327863,95.76958465576172,2364300,0.0,0.0
2026-01-09 00:00:00-05:00,97.14460438498713,98.33300675092823,96.15262931351428,98.205322265625,1630700,0.0,0.0
2026-01-12 00:00:00-05:00,98.5392623897849,99.66873812026533,97.8124648802666,99.2169418334961,1352000,0.0,0.0
2026-01-13 00:00:00-05:00,98.79460828205593,100.77855835752366,98.77496855056548,100.7589111328125,1348200,0.0,0.0
2026-01-14 00:00:00-05:00,101.48571025161344,104.71698939343192,100.75891278976263,103.57769012451172,2347300,0.0,0.0
2026-01-15 00:00:00-05:00,103.06698158948657,106.89736647395904,103.06698158948657,106.8875503540039,2590700,0.0,0.0
2026-01-16 00:00:00-05:00,105.71877824448065,106.88754083205751,105.05091497918254,105.8857421875,1976500,0.0,0.0
2026-01-20 00:00:00-05:00,105.49289327608695,108.40006073599965,104.24555670959394,108.09558868408203,2109400,0.0,0.0
2026-01-21 00:00:00-05:00,108.03666411854283,110.58043288604233,107.3786244172848,110.06971740722656,2321100,0.0,0.0
2026-01-22 00:00:00-05:00,110.28578644914353,110.88489942891533,109.3330983503844,110.64918518066406,1824100,0.0,0.0
2026-01-23 00:00:00-05:00,111.39561539379619,111.9652650318047,109.62774728396339,111.57240295410156,1486600,0.0,0.0
2026-01-26 00:00:00-05:00,111.96526840208764,112.82955900447399,110.85543993039848,111.85723114013672,1130800,0.0,0.0
2026-01-27 00:00:00-05:00,111.6215104857949,114.68581812339288,111.27775898711829,114.07688903808594,1365300,0.0,0.0
2026-01-28 00:00:00-05:00,114.72510872730844,116.38494707926537,111.94562581258401,113.2420654296875,1426300,0.0,0.0
2026-01-29 00:00:00-05:00,114.98046306456844,117.44566515450741,112.51526097462946,113.09473419189453,1190900,0.0,0.0
2026-01-30 00:00:00-05:00,111.60186661736732,112.17151625700284,109.69649789887953,111.84740447998047,2051900,0.0,0.0
2026-02-02 00:00:00-05:00,110.32507391783655,112.00455199420674,109.73578454786434,111.94562530517578,1593000,0.0,0.0
2026-02-03 00:00:00-05:00,109.85363338116257,115.18671582123426,108.33130319614989,114.79385375976562,2274800,0.0,0.0
2026-02-04 00:00:00-05:00,114.47957184513105,119.46890306315272,113.97867999536416,115.13761901855469,2943300,0.0,0.0
2026-02-05 00:00:00-05:00,116.6894144443151,116.85638589005251,111.22865463658799,111.90634155273438,2262000,0.0,0.0
2026-02-06 00:00:00-05:00,111.78847860867641,115.35368570234434,110.81615076371624,113.79206848144531,1672000,0.0,0.0
2026-02-09 00:00:00-05:00,114.03760672889966,116.74834685918877,112.94741800780146,116.53227233886719,1514300,0.0,0.0
2026-02-10 00:00:00-05:00,117.1706719689083,117.23942227125836,113.12420526327604,116.25727081298828,1620300,0.0,0.0
2026-02-11 00:00:00-05:00,116.76798892033122,120.00909180335694,116.53227466310679,119.85194396972656,1505200,0.0,0.0
2026-02-12 00:00:00-05:00,120.25462629668701,121.04034296311221,118.07424887222885,119.5671157836914,1451700,0.0,0.0
2026-02-13 00:00:00-05:00,119.1447915941938,122.55285837016238,118.53586248271606,120.343017578125,1669600,0.0,0.0
2026-02-17 00:00:00-05:00,120.51094071350616,121.0739833317822,117.3697535967359,120.39240264892578,1161700,0.7,0.0
2026-02-18 00:00:00-05:00,120.39240282063002,122.26921406298514,118.86132571639207,120.28374481201172,1343300,0.0,0.0
2026-02-19 00:00:00-05:00,120.47142544523719,122.08152788919567,119.78984477697783,121.98274993896484,1181400,0.0,0.0
2026-02-20 00:00:00-05:00,122.15068324101586,122.36799172145562,119.89850523383627,120.4615478515625,1022000,0.0,0.0
2026-02-23 00:00:00-05:00,120.43191628283863,123.02982091396754,119.29595098124906,119.83924102783203,1224500,0.0,0.0
2026-02-24 00:00:00-05:00,119.89850439424731,121.1826403733271,118.24888924077493,121.01471710205078,1777600,0.0,0.0
2026-02-25 00:00:00-05:00,121.43947086945381,121.83458268152023,118.33779641982906,119.89850616455078,1715200,0.0,0.0
2026-02-26 00:00:00-05:00,119.23668112609079,120.86654366681624,116.77707476755569,117.9624252319336,1574200,0.0,0.0
2026-02-27 00:00:00-05:00,118.01181607021661,119.72069642105419,116.36220098075916,119.17741394042969,1725900,0.0,0.0
2026-03-02 00:00:00-05:00,119.3157122674255,119.68119898747454,117.30061035155941,119.13790893554688,1084200,0.0,0.0
2026-03-03 00:00:00-05:00,116.50049807364105,116.58939597063974,114.20881489250839,115.19660949707031,1322600,0.0,0.0
2026-03-04 00:00:00-05:00,116.05598086875118,116.05598086875118,112.6579727033723,113.60625457763672,982200,0.0,0.0
2026-03-05 00:00:00-05:00,113.74454808059853,113.74454808059853,110.35641234930328,111.81834411621094,1957300,0.0,0.0
2026-03-06 00:00:00-05:00,111.97639684228461,116.03623326508658,110.91945691811688,115.2459945678711,2631700,0.0,0.0
2026-03-09 00:00:00-04:00,115.24599869045768,118.37730588648596,114.26808410828443,117.34012603759766,2408800,0.0,0.0
2026-03-10 00:00:00-04:00,121.53824375444754,122.4667730538893,116.54000568473644,118.28839874267578,2515500,0.0,0.0
2026-03-11 00:00:00-04:00,118.32791427367309,122.01238385641102,116.4214704226538,121.22215270996094,2558000,0.0,0.0
2026-03-12 00:00:00-04:00,122.10129185138086,125.59808566099728,119.94789930883543,124.29419708251953,3732100,0.0,0.0
2026-03-13 00:00:00-04:00,124.78809622847044,125.68698541434894,122.5062855302291,123.20762634277344,2094100,0.0,0.0
2026-03-16 00:00:00-04:00,122.07165522041588,123.86944104300854,118.96998086205575,122.11116790771484,1516400,0.0,0.0
2026-03-17 00:00:00-04:00,123.70152158123184,126.89210146827654,122.89153030736125,124.422607421875,1794300,0.0,0.0
2026-03-18 00:00:00-04:00,124.15590165783374,125.16344880118676,122.35811584560717,122.51615905761719,1379500,0.0,0.0
2026-03-19 00:00:00-04:00,121.79507648494099,122.97054692742599,119.72070180800637,120.55045318603516,1951300,0.0,0.0
2026-03-20 00:00:00-04:00,121.41970836470898,121.83458028096919,115.26575233135878,116.70793151855469,5276500,0.0,0.0
2026-03-23 00:00:00-04:00,116.846225384606,121.39995914207698,116.38196071185031,119.34534454345703,1659200,0.0,0.0
2026-03-24 00:00:00-04:00,120.13557794446145,123.95833809530866,120.13557794446145,122.57542419433594,1723300,0.0,0.0
2026-03-25 00:00:00-04:00,121.29129379102557,124.81772003575442,120.32325181532921,123.86943817138672,1999000,0.0,0.0
2026-03-26 00:00:00-04:00,124.58065854128591,125.64747098922047,123.0594539422337,124.22505187988281,1319400,0.0,0.0
2026-03-27 00:00:00-04:00,123.5434738801139,129.89499364256642,123.52372130350565,127.14892578125,2284800,0.0,0.0
2026-03-30 00:00:00-04:00,128.22561459846207,129.38133247161255,124.36334163180474,124.73870086669922,2137900,0.0,0.0
2026-03-31 00:00:00-04:00,125.41039997595443,127.73171575027419,123.51383617588442,125.64746856689453,1886100,0.0,0.0
2026-04-01 00:00:00-04:00,126.84270496218761,127.91939743126291,123.45456926931399,126.7538070678711,2073300,0.0,0.0
2026-04-02 00:00:00-04:00,126.07222453490368,127.96879593132856,125.58820728165469,127.84037780761719,1272700,0.0,0.0
2026-04-06 00:00:00-04:00,127.65268835850118,130.31973068921153,125.97344060009459,126.90196990966797,828500,0.0,0.0
2026-04-07 00:00:00-04:00,126.6352634551447,127.08965559857997,124.6991869626137,125.47954559326172,1026700,0.0,0.0
2026-04-08 00:00:00-04:00,118.83169206883396,125.64746870377799,118.54523073367673,125.59808349609375,1741400,0.0,0.0
2026-04-09 00:00:00-04:00,125.67710797126277,126.91184366236482,120.6788622621755,121.45922088623047,1660100,0.0,0.0
2026-04-10 00:00:00-04:00,121.8247136352897,123.03969681095965,120.79740631482021,122.40750885009766,894700,0.0,0.0
2026-04-13 00:00:00-04:00,122.78287635815917,124.28432089000466,120.40228766626451,121.99263763427734,1175700,0.0,0.0
2026-04-14 00:00:00-04:00,120.925819593239,123.31628084443092,120.44180232349935,120.83692169189453,1751500,0.0,0.0
2026-04-15 00:00:00-04:00,121.51848323468826,121.68641403715203,117.24133852521966,118.53534698486328,1640000,0.0,0.0
2026-04-16 00:00:00-04:00,118.7131531119379,121.5382462180683,118.26864856475095,121.50861358642578,1795100,0.0,0.0
2026-04-17 00:00:00-04:00,118.56498850449333,119.62192845956169,116.30293789226246,117.80438995361328,2019200,0.0,0.0
2026-04-20 00:00:00-04:00,118.75266663379983,120.98508451393901,118.20937659562173,120.96532440185547,1169000,0.0,0.0
2026-04-21 00:00:00-04:00,122.08153173894686,124.61029105499067,121.04435192440476,124.29419708251953,1366000,0.0,0.0
2026-04-22 00:00:00-04:00,125.50917255521797,126.0228299392554,123.33602756935765,124.23491668701172,1189600,0.0,0.0
2026-04-23 00:00:00-04:00,124.76833326328935,125.88454598225874,123.78053866527735,124.87699127197266,862900,0.0,0.0
2026-04-24 00:00:00-04:00,124.85724124365787,125.31162586366204,122.36799458556122,123.37554931640625,860300,0.0,0.0
2026-04-27 00:00:00-04:00,123.71138959066853,124.53126089084427,122.14079984490307,122.52603912353516,1932600,0.0,0.0
2026-04-28 00:00:00-04:00,124.66955543814575,125.07455484115641,122.2988468932393,124.8177261352539,1737600,0.0,0.0
2026-04-29 00:00:00-04:00,120.97520579088231,128.699751720245,120.51094112337356,124.7683334350586,2407700,0.0,0.0
2026-04-30 00:00:00-04:00,123.6718796315085,128.51208216517776,123.2668877685433,125.51905822753906,1940400,0.0,0.0
2026-05-01 00:00:00-04:00,125.44991698342032,126.62539499510915,122.88165247369189,123.0890884399414,1269400,0.0,0.0
2026-05-04 00:00:00-04:00,123.36566488420365,127.56379186250615,121.96299838486496,126.06234741210938,1442600,0.0,0.0
2026-05-05 00:00:00-04:00,126.33893182849704,132.29532457068015,126.31917171602973,128.78866577148438,2390200,0.0,0.0
2026-05-06 00:00:00-04:00,127.37610327188123,127.92926580420816,123.38541995113087,124.51150512695312,1390300,0.0,0.0
2026-05-07 00:00:00-04:00,123.75090273595744,124.0472441219753,121.70616827400289,122.23957824707031,1897200,0.0,0.0
2026-05-08 00:00:00-04:00,123.11872055085492,124.19542060304258,122.30872926576804,123.4150619506836,1380300,0.0,0.0
2026-05-11 00:00:00-04:00,123.47432521833653,126.07222230787143,122.80262458769778,124.60041046142578,1559500,0.0,0.0
2026-05-12 00:00:00-04:00,125.00540974720126,125.8944188589118,123.53359036587437,124.6695556640625,1843000,0.0,0.0
2026-05-13 00:00:00-04:00,125.82527382162424,126.19076053780634,122.98042807794042,124.48187255859375,1135500,0.0,0.0
2026-05-14 00:00:00-04:00,124.39297172752329,124.44236447101989,121.39995535672911,121.65678405761719,1251300,0.0,0.0
2026-05-15 00:00:00-04:00,121.59751232565704,122.50628153828563,119.85899173990367,120.9554443359375,1466100,0.0,0.0
2026-05-18 00:00:00-04:00,122.09140613195801,123.53358528547928,119.21692788067418,123.11871337890625,1557300,0.0,0.0
2026-05-19 00:00:00-04:00,121.66665801921275,122.01238461896253,118.7230343570292,120.76776885986328,1659200,0.0,0.0
2026-05-20 00:00:00-04:00,120.61959414856759,121.8148246600713,116.9449971849234,118.48595428466797,1727100,0.0,0.0
2026-05-21 00:00:00-04:00,119.72069669331725,121.92348186033782,117.69572238339008,118.98973083496094,1995100,0.0,0.0
2026-05-22 00:00:00-04:00,118.15500251147029,120.20209261732104,118.04569113867335,119.95365905761719,1821200,0.72,0.0
2026-05-26 00:00:00-04:00,119.26798021509991,122.17962184317965,118.79099202532588,119.34748077392578,1728700,0.0,0.0
2026-05-27 00:00:00-04:00,119.74497574654644,121.90137722464111,117.5488239891185,120.42071533203125,1384800,0.0,0.0
2026-05-28 00:00:00-04:00,120.56977389557763,123.97828254979044,120.56977389557763,122.92491912841797,1822000,0.0,0.0
2026-05-29 00:00:00-04:00,122.69636830461181,124.27640211321356,121.23557775305736,122.52743530273438,2542700,0.0,0.0
2026-06-01 00:00:00-04:00,123.17335531210276,129.80156083547715,122.45787303192391,129.1556396484375,2054300,0.0,0.0
2026-06-02 00:00:00-04:00,128.58920492077164,129.91087328294563,127.7345928656509,128.32090759277344,2400100,0.0,0.0
2026-06-03 00:00:00-04:00,129.14571248569914,134.0249362305811,129.03640110940017,130.5866241455078,2396000,0.0,0.0
2026-06-04 00:00:00-04:00,128.79789701700966,132.07722308146904,128.2215293312287,128.6090850830078,1803600,0.0,0.0
2026-06-05 00:00:00-04:00,127.72466266252228,129.18545323134663,124.77327071025931,125.66763305664062,1321000,0.0,0.0
2026-06-08 00:00:00-04:00,127.14829176729008,128.1320941142879,124.39565128454359,124.7136459350586,1587400,0.0,0.0
2026-06-09 00:00:00-04:00,124.74345746887788,126.14462638121528,122.69636736822208,125.8862533569336,1798200,0.0,0.0
2026-06-10 00:00:00-04:00,126.64149761359839,129.33450899006115,125.78688553609466,127.40667724609375,1714200,0.0,0.0
2026-06-11 00:00:00-04:00,128.3606512609812,128.61901670725214,124.48508616941962,124.49502563476562,1729300,0.0,0.0
2026-06-12 00:00:00-04:00,124.8329006478684,127.27748602114947,123.36217060507965,126.37318420410156,1129400,0.0,0.0
2026-06-15 00:00:00-04:00,123.89878287519578,123.89878287519578,120.19215089802789,122.22930908203125,1809000,0.0,0.0
2026-06-16 00:00:00-04:00,121.39457486807856,121.79206248724935,118.64192685761967,118.67173767089844,1357300,0.0,0.0
2026-06-17 00:00:00-04:00,118.67173953093543,118.74130062353964,114.14031388336863,115.41229248046875,2077100,0.0,0.0
2026-06-18 00:00:00-04:00,115.81972944247148,115.81972944247148,110.69205709224192,111.87460327148438,2791100,0.0,0.0
2026-06-22 00:00:00-04:00,111.90441662847516,112.3913442973956,109.74801508452238,110.72187042236328,2071400,0.0,0.0
2026-06-23 00:00:00-04:00,110.81130350650061,111.88453068767505,109.9566914822535,110.16537475585938,1663200,0.0,0.0
2026-06-24 00:00:00-04:00,108.91326924137202,109.32070391165452,105.33582755762,108.30709075927734,2784200,0.0,0.0
2026-06-25 00:00:00-04:00,108.15803246240543,110.87093030912196,107.62142263756017,110.85105895996094,1763500,0.0,0.0
2026-06-26 00:00:00-04:00,111.42741536247958,112.09322305190774,109.0225803695911,109.84738159179688,1556000,0.0,0.0
2026-06-29 00:00:00-04:00,110.3442515875028,110.82123977990014,107.67110403960845,108.4164047241211,1236600,0.0,0.0
2026-06-30 00:00:00-04:00,109.00270878378262,109.48963642769144,105.81282285422502,106.0612564086914,2056500,0.0,0.0
2026-07-01 00:00:00-04:00,105.71344230341809,106.2003775240175,103.46760845238586,104.23278045654297,2297200,0.0,0.0
2026-07-02 00:00:00-04:00,104.53090671791217,106.18050160735497,103.71604494760152,105.7929458618164,1767200,0.0,0.0
2026-07-06 00:00:00-04:00,105.69357647110081,108.21766240059851,105.20664880667994,108.0984115600586,1048300,0.0,0.0
2026-07-07 00:00:00-04:00,109.58900759717277,110.8510542910769,107.6214181047037,110.2150650024414,2256200,0.0,0.0
2026-07-08 00:00:00-04:00,112.89815098855645,115.72035267537618,112.45097359982218,114.50800323486328,1703200,0.0,0.0
2026-07-09 00:00:00-04:00,113.51426718563106,115.45204594855615,111.97397605908702,112.90808868408203,1799600,0.0,0.0
2026-07-10 00:00:00-04:00,113.28570407492558,115.00486765687475,111.9839146384192,113.60369873046875,845600,0.0,0.0
2026-07-13 00:00:00-04:00,115.03467468957699,117.49913129362287,114.96511359788838,116.66439819335938,1023400,0.0,0.0
2026-07-14 00:00:00-04:00,117.87675995206364,117.87675995206364,114.80611716443234,115.89922332763672,1068300,0.0,0.0
2026-07-15 00:00:00-04:00,115.58122600990738,116.27684452073264,113.92169166331124,114.99492645263672,838200,0.0,0.0
2026-07-16 00:00:00-04:00,115.4023561446149,116.74390345228719,114.72661654888324,115.10424041748047,845600,0.0,0.0
2026-07-17 00:00:00-04:00,116.59483876216608,118.92017321595115,116.43583764656172,118.40343475341797,1041800,0.0,0.0
2026-07-20 00:00:00-04:00,118.75124396365068,120.36109619278162,117.22089229483032,119.73503875732422,1254600,0.0,0.0
2026-07-21 00:00:00-04:00,120.76851981237628,121.84175460083372,119.33754009443305,120.78839874267578,1109100,0.0,0.0
2026-07-22 00:00:00-04:00,122.5870594311435,123.65035479051232,122.19950367465519,123.10379791259766,944300,0.0,0.0
2026-07-23 00:00:00-04:00,123.95840539485916,124.96207908731233,120.9076416202059,121.53369903564453,852600,0.0,0.0
2026-07-24 00:00:00-04:00,122.55724888189134,122.67649214162878,120.65921279410203,120.76852416992188,602000,0.0,0.0
2026-07-27 00:00:00-04:00,119.02948386969362,119.49654016697662,116.09797094812954,116.7637710571289,1179500,0.0,0.0
2026-07-28 00:00:00-04:00,116.91283452228583,118.83074190333542,114.30924809146288,116.63459014892578,1737700,0.0,0.0
2026-07-29 00:00:00-04:00,112.18265787152957,115.22348222319413,106.63761898659611,107.10467529296875,2990100,0.0,0.0
2026-07-30 00:00:00-04:00,105.10727019572116,106.77674406930835,102.16581767208481,104.41165924072266,2537900,0.0,0.0
2026-07-31 00:00:00-04:00,105.93206890795392,106.36931440148017,103.75579606879054,105.56439208984375,1600100,0.0,0.0
2026-08-03 00:00:00-04:00,105.34577201669043,105.82276022028782,102.72231415213241,104.73959350585938,1171300,0.0,0.0
2026-08-04 00:00:00-04:00,104.26259231887326,107.73073019796917,103.87503658043292,106.0612564086914,2194300,0.0,0.0
2026-08-05 00:00:00-04:00,109.23126859908392,110.77155974260934,105.75319867126979,105.95195007324219,1701400,0.0,0.0
2026-08-06 00:00:00-04:00,107.17423597119489,108.54559407081912,106.4686855725376,108.31703186035156,1904600,0.0,0.0
2026-08-07 00:00:00-04:00,107.72079140575804,109.66850957514895,106.925800993864,107.70091247558594,1473200,0.0,0.0
2026-08-10 00:00:00-04:00,108.5555231604531,112.54039947211227,108.12821714616955,111.94416046142578,1250400,0.0,0.0
2026-08-11 00:00:00-04:00,112.04353748914298,113.17639393572102,110.68211882752975,110.90074157714844,954100,0.0,0.0
2026-08-12 00:00:00-04:00,112.26216171011829,112.26216171011829,110.20513207420407,111.0498046875,730700,0.0,0.0
2026-08-13 00:00:00-04:00,111.41748787716247,113.18633364558376,111.41748787716247,112.02366638183594,787600,0.0,0.0
2026-08-14 00:00:00-04:00,112.29196683625948,113.51426326250085,112.08328355989444,112.97764587402344,538200,0.0,0.0
2026-08-17 00:00:00-04:00,112.55033946808965,114.80611280333329,112.55033946808965,114.19000244140625,881900,0.0,0.0
2026-08-18 00:00:00-04:00,115.44999694824219,115.44999694824219,113.87999725341797,114.36000061035156,1029200,0.72,0.0
2026-08-19 00:00:00-04:00,115.0,116.05999755859375,113.77999877929688,114.0,1065700,0.0,0.0
2026-08-20 00:00:00-04:00,114.43000030517578,118.56999969482422,114.0,116.56999969482422,904900,0.0,0.0
2026-08-21 00:00:00-04:00,117.8499984741211,118.73999786376953,110.76000213623047,113.11000061035156,1897700,0.0,0.0
2026-08-24 00:00:00-04:00,113.30999755859375,113.30999755859375,109.06999969482422,110.16000366210938,1623500,0.0,0.0
2026-08-25 00:00:00-04:00,108.98999786376953,112.29000091552734,106.56999969482422,111.70999908447266,1726500,0.0,0.0
2026-08-26 00:00:00-04:00,110.80000305175781,114.16999816894531,110.36000061035156,113.25,1610000,0.0,0.0
2026-08-27 00:00:00-04:00,112.75,113.97000122070312,110.91999816894531,111.56999969482422,1478600,0.0,0.0
2026-08-28 00:00:00-04:00,113.0,115.87999725341797,111.80000305175781,115.4800033569336,1576400,0.0,0.0
2026-08-31 00:00:00-04:00,116.87000274658203,118.33999633789062,109.875,116.20999908447266,2548539,0.0,0.0
