Date,Open,High,Low,Close,Volume,Dividends,Stock Splits
2022-07-20 00:00:00-04:00,2.250152234428962,2.689424991607666,2.2322227515838144,2.689424991607666,56000,0.0,0.0
2022-07-21 00:00:00-04:00,2.770107339549314,3.810018291294847,2.644600974351912,3.352816104888916,132400,0.0,0.0
2022-07-22 00:00:00-04:00,3.5858994954860592,3.6307234101686476,2.9673317812180104,3.2102766036987305,1063400,0.0,0.0
2022-07-25 00:00:00-04:00,3.0300855163899802,3.281098483600512,2.797001817834176,3.137662410736084,272500,0.0,0.0
2022-07-26 00:00:00-04:00,3.0569794749512775,3.4603930075114686,3.0569794749512775,3.415569305419922,296900,0.0,0.0
2022-07-27 00:00:00-04:00,3.2273097752048803,3.4066048102132154,3.209380293077676,3.3115785121917725,167000,0.0,0.0
2022-07-28 00:00:00-04:00,3.307992330380261,3.5276285715200437,3.236274195249171,3.3348865509033203,225700,0.0,0.0
2022-07-29 00:00:00-04:00,3.4424640623813185,3.4424640623813185,3.2542044843004025,3.307992935180664,618600,0.0,0.0
2022-08-01 00:00:00-04:00,3.1824855764579585,3.4066042820357905,2.9314726518591376,2.958366870880127,879700,0.0,0.0
2022-08-02 00:00:00-04:00,3.2273097202817684,3.2273097202817684,2.294975810588648,2.4204823970794678,13123700,0.0,0.0
2022-08-03 00:00:00-04:00,2.411517928642937,2.6087424647062267,2.2949760698952315,2.4294474124908447,2002600,0.0,0.0
2022-08-04 00:00:00-04:00,2.5101294426472456,2.599777052510229,2.3487639158828775,2.393587827682495,1437100,0.0,0.0
2022-08-05 00:00:00-04:00,2.375658261176225,2.4832351325759627,2.2142927403403747,2.3218696117401123,1039000,0.0,0.0
2022-08-08 00:00:00-04:00,2.330834887889028,2.770107641422302,2.303940663844496,2.510129928588867,2022800,0.0,0.0
2022-08-09 00:00:00-04:00,2.5101294742050584,2.644600783822005,2.4294468166766428,2.572882652282715,2368700,0.0,0.0
2022-08-10 00:00:00-04:00,2.644600978052133,2.6894246799710633,2.5101296585590718,2.671495199203491,1100000,0.0,0.0
2022-08-11 00:00:00-04:00,2.6714957049887436,2.6894251891508443,2.510130133793526,2.6177072525024414,793200,0.0,0.0
2022-08-12 00:00:00-04:00,2.71631927410016,2.779072465403302,2.554953711298639,2.5863304138183594,726600,0.0,0.0
2022-08-15 00:00:00-04:00,2.644601049237701,2.6804600117380724,2.3218699592618064,2.348764181137085,2582100,0.0,0.0
2022-08-16 00:00:00-04:00,2.465305333538722,2.545987976600406,2.3487635242689624,2.4115169048309326,567100,0.0,0.0
2022-08-17 00:00:00-04:00,2.3846234916640006,2.4464802695814933,2.2949758666282825,2.3756587505340576,770500,0.0,0.0
2022-08-18 00:00:00-04:00,2.3846231180497455,2.6266713043712464,2.3397992056865933,2.572882652282715,803700,0.0,0.0
2022-08-19 00:00:00-04:00,2.519094466750125,2.617706827362422,2.1963635905105066,2.348764181137085,1017900,0.0,0.0
2022-08-22 00:00:00-04:00,2.330834549815091,2.330834549815091,2.1067158348814763,2.1963634490966797,985200,0.0,0.0
2022-08-23 00:00:00-04:00,2.1963638040575333,2.294975960521371,2.017068760386986,2.286011219024658,1475300,0.0,0.0
2022-08-24 00:00:00-04:00,2.223257816426485,2.286011000916187,2.1425751506540114,2.232222557067871,810400,0.0,0.0
2022-08-25 00:00:00-04:00,2.214293075785099,2.2770462602748007,2.196363594502327,2.232222557067871,621700,0.0,0.0
2022-08-26 00:00:00-04:00,2.2501523844445988,2.321870320606559,2.2232581583838638,2.2591171264648438,623900,0.0,0.0
2022-08-29 00:00:00-04:00,2.2411866668533835,2.465305333538722,2.205327714381524,2.4115169048309326,1166000,0.0,0.0
2022-08-30 00:00:00-04:00,2.3397992338063887,2.483235284872535,2.3397992338063887,2.465305805206299,1556900,0.0,0.0
2022-08-31 00:00:00-04:00,2.384623146708236,2.492200024705653,2.366693667042,2.465305805206299,754100,0.0,0.0
2022-09-01 00:00:00-04:00,2.447376647023642,2.563918280162904,2.4025529419700797,2.5459887981414795,748900,0.0,0.0
2022-09-02 00:00:00-04:00,2.5280590143149366,2.6446008472774696,2.483235314612524,2.581847667694092,851000,0.0,0.0
2022-09-06 00:00:00-04:00,2.644601415315783,2.7252840921100914,2.572883266651203,2.6625308990478516,925900,0.0,0.0
2022-09-07 00:00:00-04:00,2.653566070262799,2.868720081736439,2.6446013286904098,2.7611429691314697,2998600,0.0,0.0
2022-09-08 00:00:00-04:00,2.8059668293754507,2.8866495017627756,2.75217816738094,2.859755277633667,1336200,0.0,0.0
2022-09-09 00:00:00-04:00,2.868719970249248,2.958367382489169,2.6983896732571075,2.734248638153076,2465400,0.0,0.0
2022-09-12 00:00:00-04:00,2.707354745036397,2.850790835869434,2.626672064169492,2.635636806488037,1761000,0.0,0.0
2022-09-13 00:00:00-04:00,2.599777030794062,2.7790718215498593,2.5639178589066525,2.72528338432312,1063700,0.0,0.0
2022-09-14 00:00:00-04:00,2.698390041564238,2.8687203618050083,2.67149581422143,2.707354784011841,688600,0.0,0.0
2022-09-15 00:00:00-04:00,2.72528347410298,2.7701071732685705,2.465305805206299,2.465305805206299,553200,0.0,0.0
2022-09-16 00:00:00-04:00,2.420482167637192,2.442893910922193,2.286010852982135,2.3129050731658936,5184600,0.0,0.0
2022-09-19 00:00:00-04:00,2.321870102036287,2.465306174594099,2.294975878507252,2.4384119510650635,624800,0.0,0.0
2022-09-20 00:00:00-04:00,2.4294467751846867,2.4742704730460505,2.3263521632354243,2.339799165725708,399600,0.0,0.0
2022-09-21 00:00:00-04:00,2.4473763622958336,2.7163187750647277,2.4115174024248156,2.4742705821990967,750400,0.0,0.0
2022-09-22 00:00:00-04:00,2.4653058679434565,2.4653058679434565,2.2949755930433877,2.3129050731658936,551500,0.0,0.0
2022-09-23 00:00:00-04:00,2.2860108495756206,2.2860108495756206,2.1156805749293706,2.1963634490966797,689700,0.0,0.0
2022-09-26 00:00:00-04:00,2.160504329216671,2.2501517230695423,1.9946563299844886,2.106715679168701,864700,0.0,0.0
2022-09-27 00:00:00-04:00,2.124645471572876,2.169469388852326,2.070857027321069,2.124645471572876,372600,0.0,0.0
2022-09-28 00:00:00-04:00,2.0977513567646864,2.2770463938461107,2.0977513567646864,2.2053284645080566,972900,0.0,0.0
2022-09-29 00:00:00-04:00,2.2053278336656335,2.2053278336656335,1.9901738934607855,2.008103370666504,648800,0.0,0.0
2022-09-30 00:00:00-04:00,2.026033225012334,2.1694692830945077,1.9955531508360824,2.1515398025512695,664000,0.0,0.0
2022-10-03 00:00:00-04:00,2.1156809168508235,2.393588330721505,2.1156809168508235,2.286011219024658,2345300,0.0,0.0
2022-10-04 00:00:00-04:00,2.2860110696776097,2.5011650652788133,2.2860110696776097,2.4204823970794678,643800,0.0,0.0
2022-10-05 00:00:00-04:00,2.39358844479503,2.46530638018666,2.3442822573451307,2.4294474124908447,469800,0.0,0.0
2022-10-06 00:00:00-04:00,2.375658714535359,2.4563413834822496,2.339799536822678,2.3666939735412598,236700,0.0,0.0
2022-10-07 00:00:00-04:00,2.3129057541294773,2.384623909470957,2.2860115260275444,2.303941011428833,866600,0.0,0.0
2022-10-10 00:00:00-04:00,2.4115176561684297,2.51909454710089,2.2860110696776097,2.4204823970794678,757700,0.0,0.0
2022-10-11 00:00:00-04:00,2.3666938022691246,2.4294469846865154,2.286010925424782,2.3308346271514893,471300,0.0,0.0
2022-10-12 00:00:00-04:00,2.2860106932113067,2.3129049115154103,2.151539601690787,2.1605043411254883,707700,0.0,0.0
2022-10-13 00:00:00-04:00,2.097751218199793,2.1873988376870646,2.0618922558993944,2.1694693565368652,747300,0.0,0.0
2022-10-14 00:00:00-04:00,2.1515399074350574,2.2277400965903116,2.088786508738338,2.124645471572876,394500,0.0,0.0
2022-10-17 00:00:00-04:00,2.097751556364124,2.2591171264648438,2.097751556364124,2.2591171264648438,912000,0.0,0.0
2022-10-18 00:00:00-04:00,2.286011183388825,2.3666940693377967,2.2411874766040034,2.2770464420318604,358700,0.0,0.0
2022-10-19 00:00:00-04:00,2.3129049470088896,2.339799165725708,2.2232575512861614,2.339799165725708,733500,0.0,0.0
2022-10-20 00:00:00-04:00,2.330834666012767,2.330834666012767,2.079821718421875,2.2232577800750732,705000,0.0,0.0
2022-10-21 00:00:00-04:00,2.151539875386666,2.2680815028629615,2.1291279170807793,2.1694693565368652,395600,0.0,0.0
2022-10-24 00:00:00-04:00,2.1156805749293706,2.232222409288256,2.1156805749293706,2.1963634490966797,356000,0.0,0.0
2022-10-25 00:00:00-04:00,2.1694694998390296,2.268081652678854,2.1685728761069014,2.2053284645080566,223800,0.0,0.0
2022-10-26 00:00:00-04:00,2.1784342410062862,2.22325794684257,2.1605047586717725,2.2053284645080566,363500,0.0,0.0
2022-10-27 00:00:00-04:00,2.2053283709135028,2.2860110379946263,2.169469407766337,2.241187334060669,301600,0.0,0.0
2022-10-28 00:00:00-04:00,2.2501523200656712,2.3846236602583075,2.2411875783019157,2.357729434967041,606900,0.0,0.0
2022-10-31 00:00:00-04:00,2.3218697541401525,2.510129504371889,2.3218697541401525,2.465305805206299,430300,0.0,0.0
2022-11-01 00:00:00-04:00,2.537023948416211,2.5459886890427734,2.4473765421505864,2.519094467163086,314300,0.0,0.0
2022-11-02 00:00:00-04:00,2.510129504371889,2.6356360757717994,2.4563410653731808,2.465305805206299,701900,0.0,0.0
2022-11-03 00:00:00-04:00,2.4204826273133295,2.438412110840841,2.3397997377032267,2.357729434967041,571900,0.0,0.0
2022-11-04 00:00:00-04:00,2.357729068002908,2.4115175102136446,2.3487641138981825,2.3846232891082764,674700,0.0,0.0
2022-11-07 00:00:00-05:00,2.384623702871076,2.5011653478824747,2.384623702871076,2.4294474124908447,887800,0.0,0.0
2022-11-08 00:00:00-05:00,2.4473766424881505,2.4653061244763483,2.3666939735412598,2.3666939735412598,432500,0.0,0.0
2022-11-09 00:00:00-05:00,2.33979963153061,2.3666940693377967,2.259116959317932,2.2770464420318604,809100,0.0,0.0
2022-11-10 00:00:00-05:00,2.3405498339386677,2.570976234286158,2.2861184927519367,2.322406053543091,638500,0.03,0.0
2022-11-11 00:00:00-05:00,2.3224060466204453,2.4766283958140662,2.3224060466204453,2.3949813842773438,523800,0.0,0.0
2022-11-14 00:00:00-05:00,2.394980945387715,2.6036343810783364,2.394980945387715,2.494771718978882,733200,0.0,0.0
2022-11-15 00:00:00-05:00,2.531059382848617,2.694353599374916,2.531059382848617,2.6217784881591797,636900,0.0,0.0
2022-11-16 00:00:00-05:00,2.6217781192641505,2.67620944501724,2.5310590267181396,2.5310590267181396,657000,0.0,0.0
2022-11-17 00:00:00-05:00,2.540131268534446,2.590026765577537,2.422196712958195,2.5492031574249268,821500,0.0,0.0
2022-11-18 00:00:00-05:00,2.531059382848617,2.694353599374916,2.531059382848617,2.6217784881591797,378800,0.0,0.0
2022-11-21 00:00:00-05:00,2.621778540136742,2.7306412091185823,2.603634545682205,2.648994207382202,431800,0.0,0.0
2022-11-22 00:00:00-05:00,2.630850429218562,2.712497430954942,2.621778540136742,2.648994207382202,368400,0.0,0.0
2022-11-23 00:00:00-05:00,2.658066260329089,2.6988896555685207,2.6399224810469173,2.6943538188934326,216800,0.0,0.0
2022-11-25 00:00:00-05:00,2.7215692899298576,2.77600062381864,2.7215692899298576,2.757856845855713,182900,0.0,0.0
2022-11-28 00:00:00-05:00,2.7215688785396313,2.748784541370124,2.5673465728759766,2.5673465728759766,269900,0.0,0.0
2022-11-29 00:00:00-05:00,2.549203209421385,2.6399223164674956,2.512915653119299,2.576418876647949,195600,0.0,0.0
2022-11-30 00:00:00-05:00,2.5582750370103113,2.621778475303591,2.540131259295343,2.5854907035827637,132900,0.0,0.0
2022-12-01 00:00:00-05:00,2.603634364297226,2.7623927366053493,2.5945624758474093,2.6762096881866455,1560700,0.0,0.0
2022-12-02 00:00:00-05:00,2.639922444415007,2.893935567131603,2.6217786653846007,2.8757917881011963,1648300,0.0,0.0
2022-12-05 00:00:00-05:00,2.893935259120944,2.903007147670597,2.776000491684565,2.8122880458831787,1216700,0.0,0.0
2022-12-06 00:00:00-05:00,2.8122879434722563,2.875791377298204,2.721569061279297,2.721569061279297,1149700,0.0,0.0
2022-12-07 00:00:00-05:00,2.7306418418884277,2.8576485347559824,2.7215699507043842,2.7306418418884277,1380800,0.0,0.0
2022-12-08 00:00:00-05:00,2.766928897627851,2.948366904222822,2.766928897627851,2.8757917881011963,1007200,0.0,0.0
2022-12-09 00:00:00-05:00,2.884863433980739,2.9846542102203335,2.785072441450256,2.8032162189483643,1032100,0.0,0.0
2022-12-12 00:00:00-05:00,2.8213603632107516,2.848576249286747,2.71249768407044,2.7850728034973145,966600,0.0,0.0
2022-12-13 00:00:00-05:00,2.8395039902354693,2.9120791002279014,2.785072441450256,2.8032162189483643,769200,0.0,0.0
2022-12-14 00:00:00-05:00,2.8032166404403096,2.8939357578622746,2.766929079987892,2.848576307296753,1560200,0.0,0.0
2022-12-15 00:00:00-05:00,2.8395038244210205,2.8667194890789083,2.6217782908670415,2.721569061279297,1611600,0.0,0.0
2022-12-16 00:00:00-05:00,2.721569252735916,2.7941443635957883,2.544667311869531,2.5854907035827637,2254800,0.0,0.0
2022-12-19 00:00:00-05:00,2.5854906681071594,2.6762097717281317,2.3904449522020355,2.4856998920440674,1857700,0.0,0.0
2022-12-20 00:00:00-05:00,2.485699995819607,2.5501105599166665,2.4131248829256,2.5401313304901123,1488600,0.0,0.0
2022-12-21 00:00:00-05:00,2.5310594330276452,2.712497430954942,2.5310594330276452,2.648994207382202,1012200,0.0,0.0
2022-12-22 00:00:00-05:00,2.648994154865081,2.694353599374916,2.590026768856849,2.6217784881591797,416800,0.0,0.0
2022-12-23 00:00:00-05:00,2.6217784881591797,2.6535299911706183,2.5945626051623862,2.6217784881591797,429700,0.0,0.0
2022-12-27 00:00:00-05:00,2.5764184604861406,2.6244994864490976,2.558274685265812,2.5673465728759766,376400,0.0,0.0
2022-12-28 00:00:00-05:00,2.5673465772201993,2.5845832285959363,2.4494120380885054,2.5310590267181396,569000,0.0,0.0
2022-12-29 00:00:00-05:00,2.5401311384706196,2.653529851940655,2.5401311384706196,2.6036343574523926,201700,0.0,0.0
2022-12-30 00:00:00-05:00,2.585490587397592,2.7306410188855486,2.585490587397592,2.6762096881866455,642900,0.0,0.0
2023-01-03 00:00:00-05:00,2.6762098644925754,2.7760006440146774,2.6762098644925754,2.685281753540039,390600,0.0,0.0
2023-01-04 00:00:00-05:00,2.685281753540039,2.7669287549672137,2.63992230830272,2.685281753540039,482500,0.0,0.0
2023-01-05 00:00:00-05:00,2.676210001064671,2.70342566959593,2.6308505535125732,2.6308505535125732,314900,0.0,0.0
2023-01-06 00:00:00-05:00,2.6943540089318248,2.717033626488725,2.6399226672461538,2.6671383380889893,414400,0.0,0.0
2023-01-09 00:00:00-05:00,2.7215693097298943,2.7306411987773584,2.6671379754451117,2.685281753540039,660600,0.0,0.0
2023-01-10 00:00:00-05:00,2.685282182875661,2.8304324308423903,2.685282182875661,2.794144868850708,523100,0.0,0.0
2023-01-11 00:00:00-05:00,2.8032162837456327,2.8712555590817326,2.7760006168693714,2.8667197227478027,1425000,0.0,0.0
2023-01-12 00:00:00-05:00,2.8757919006489185,2.9347590766600398,2.8395043411679466,2.8939356803894043,375300,0.0,0.0
2023-01-13 00:00:00-05:00,2.839504505978814,3.129805214967173,2.839504505978814,3.111661434173584,515500,0.0,0.0
2023-01-17 00:00:00-05:00,3.1479485872187465,3.1479485872187465,3.030013811075109,3.0663015842437744,286100,0.0,0.0
2023-01-18 00:00:00-05:00,3.066301331425498,3.093516996839875,2.984654118891484,3.0300135612487793,378700,0.0,0.0
2023-01-19 00:00:00-05:00,3.0209421971246635,3.0844456437381025,2.903007626525699,3.05722975730896,651500,0.0,0.0
2023-01-20 00:00:00-05:00,3.1116610871387103,3.356602316825484,3.069023012367245,3.33845853805542,820600,0.0,0.0
2023-01-23 00:00:00-05:00,3.338458200736686,3.3928895315471226,3.1044031321863965,3.138876438140869,802100,0.0,0.0
2023-01-24 00:00:00-05:00,3.1207326622542517,3.1842358815544647,3.0209416727773206,3.0300135612487793,313800,0.0,0.0
2023-01-25 00:00:00-05:00,2.9846538284299813,3.084444808195422,2.903006840132598,3.0027976036071777,325200,0.0,0.0
2023-01-26 00:00:00-05:00,3.0300132124993175,3.0481569873539174,2.9020994483707883,2.9392943382263184,286900,0.0,0.0
2023-01-27 00:00:00-05:00,2.912079139129612,3.030013694442772,2.9030072502593693,2.9755823612213135,213800,0.0,0.0
2023-01-30 00:00:00-05:00,2.9392945832208817,2.984654024138158,2.8984709782498954,2.9030070304870605,170300,0.0,0.0
2023-01-31 00:00:00-05:00,2.9120787277211964,3.057228929138766,2.8848630649554017,3.0027976036071777,349000,0.0,0.0
2023-02-01 00:00:00-05:00,2.984654426574707,3.0390857630147,2.912079311321383,2.984654426574707,420700,0.0,0.0
2023-02-02 00:00:00-05:00,2.99372567047938,3.129804198529248,2.9574381206769775,3.084444761276245,298200,0.0,0.0
2023-02-03 00:00:00-05:00,3.0572294787334333,3.10258914112154,3.0390857002945504,3.0663015842437744,247100,0.0,0.0
2023-02-06 00:00:00-05:00,3.0209415508028985,3.0572291032235777,2.9937258864873892,3.048157215118408,1069700,0.0,0.0
2023-02-07 00:00:00-05:00,3.0481573371659256,3.138876438140869,3.0236632599303173,3.138876438140869,461800,0.0,0.0
2023-02-08 00:00:00-05:00,3.1207332039223994,3.1207332039223994,3.0481578672628857,3.05722975730896,305600,0.0,0.0
2023-02-09 00:00:00-05:00,3.066301466214636,3.102589021695608,2.971046524931638,2.9755823612213135,294300,0.0,0.0
2023-02-10 00:00:00-05:00,2.9665107473314647,3.10258930928979,2.957438857620304,3.039085865020752,274700,0.0,0.0
2023-02-13 00:00:00-05:00,3.039085583313015,3.093517132825365,2.9574385834808274,2.9755823612213135,232400,0.0,0.0
2023-02-14 00:00:00-05:00,2.9665107858632207,3.02094212483719,2.9166152836582913,2.930223226547241,503600,0.0,0.0
2023-02-15 00:00:00-05:00,2.912079139129612,2.9846542500915567,2.912079139129612,2.9755823612213135,800900,0.0,0.0
2023-02-16 00:00:00-05:00,2.948367019610862,2.971046852431927,2.8621839576980963,2.8939356803894043,421700,0.0,0.0
2023-02-17 00:00:00-05:00,2.8848636776163996,2.912079346162009,2.853111956167735,2.8757917881011963,233800,0.0,0.0
2023-02-21 00:00:00-05:00,2.812288107697418,2.884863433980739,2.766928663952148,2.8032162189483643,283600,0.0,0.0
2023-02-22 00:00:00-05:00,2.8032160552529604,2.8122879434722563,2.712497173060001,2.721569061279297,456400,0.0,0.0
2023-02-23 00:00:00-05:00,2.730640949498593,2.7669285023757766,2.689817344366323,2.721569061279297,812900,0.0,0.0
2023-02-24 00:00:00-05:00,2.712497173060001,2.744248889972975,2.676209620182817,2.721569061279297,489600,0.0,0.0
2023-02-27 00:00:00-05:00,2.7215692899298576,2.8032162907630314,2.63085040011522,2.757856845855713,291600,0.0,0.0
2023-02-28 00:00:00-05:00,2.7578565565472024,2.866719429195577,2.7487846685174104,2.839503765106201,256000,0.0,0.0
2023-03-01 00:00:00-05:00,2.7941445661734607,2.9039145807110542,2.7941445661734607,2.8757917881011963,317500,0.0,0.0
2023-03-02 00:00:00-05:00,2.8122879434722563,2.8258958839466386,2.703425284840705,2.721569061279297,908400,0.0,0.0
2023-03-03 00:00:00-05:00,2.7306410188855486,2.7306410188855486,2.667137799736828,2.6762096881866455,479300,0.0,0.0
2023-03-06 00:00:00-05:00,2.6671379754451117,2.7306411987773584,2.6580660863976475,2.685281753540039,374500,0.0,0.0
2023-03-07 00:00:00-05:00,2.676210213554654,2.721569664708274,2.6580664330932064,2.703425884246826,744800,0.0,0.0
2023-03-08 00:00:00-05:00,2.6852821037853785,2.721569664708274,2.6489945428624826,2.703425884246826,434600,0.0,0.0
2023-03-09 00:00:00-05:00,2.712497430954942,2.739713098200402,2.630850429218562,2.648994207382202,429600,0.0,0.0
2023-03-10 00:00:00-05:00,2.6762098727695816,2.6762098727695816,2.5673469875724275,2.576418876647949,427600,0.0,0.0
2023-03-13 00:00:00-04:00,2.5489124530553813,2.558081194236874,2.3380311872810124,2.3838748931884766,1121800,0.03,0.0
2023-03-14 00:00:00-04:00,2.4572253985255488,2.4939003685841286,2.3196940422058105,2.3196940422058105,600500,0.0,0.0
2023-03-15 00:00:00-04:00,2.292187420837584,2.3013561617769334,2.1546560881473185,2.200500011444092,964200,0.0,0.0
2023-03-16 00:00:00-04:00,2.2005001436386804,2.283018817050116,2.186746922103421,2.2463438510894775,425500,0.0,0.0
2023-03-17 00:00:00-04:00,2.2463438510894775,2.292187558540275,2.218837626618999,2.2463438510894775,872500,0.0,0.0
2023-03-20 00:00:00-04:00,2.2921877672149287,2.2921877672149287,2.163825156066866,2.1729938983917236,471900,0.0,0.0
2023-03-21 00:00:00-04:00,2.2005002783626186,2.3380314091352488,2.2005002783626186,2.3288626670837402,662900,0.0,0.0
2023-03-22 00:00:00-04:00,2.328862524500913,2.365537490461551,2.2463438510894775,2.2463438510894775,538500,0.0,0.0
2023-03-23 00:00:00-04:00,2.2463433921337064,2.2921870902180688,2.2463433921337064,2.2830183506011963,508000,0.0,0.0
2023-03-24 00:00:00-04:00,2.246343988620162,2.3288626670837402,2.2005002783626186,2.3288626670837402,337700,0.0,0.0
2023-03-27 00:00:00-04:00,2.3472003098607774,2.489315930566403,2.3380315671894487,2.448056697845459,434200,0.0,0.0
2023-03-28 00:00:00-04:00,2.4480563642068414,2.5397437784243104,2.411381398519854,2.5305750370025635,355600,0.0,0.0
2023-03-29 00:00:00-04:00,2.548912432775783,2.6314311027526855,2.512237468341604,2.6314311027526855,377500,0.0,0.0
2023-03-30 00:00:00-04:00,2.640600179504687,2.6681064040495226,2.6130937363598106,2.622262477874756,236400,0.0,0.0
2023-03-31 00:00:00-04:00,2.640600461983695,2.7735473374724506,2.6176784964442277,2.7506253719329834,1164300,0.0,0.0
2023-04-03 00:00:00-04:00,2.713950278383715,2.8239751833235687,2.7047815363053935,2.723119020462036,292700,0.0,0.0
2023-04-04 00:00:00-04:00,2.7322876405031287,2.7827158289815546,2.695612673827926,2.7139501571655273,368500,0.0,0.0
2023-04-05 00:00:00-04:00,2.7139500463347774,2.7414562702178955,2.6910280837988276,2.7414562702178955,244900,0.0,0.0
2023-04-06 00:00:00-04:00,2.7414563772528333,2.7781313438622286,2.695612668991089,2.695612668991089,281100,0.0,0.0
2023-04-10 00:00:00-04:00,2.6864439994420084,2.924831507401364,2.6864439994420084,2.9156627655029297,382000,0.0,0.0
2023-04-11 00:00:00-04:00,2.9156628253341745,3.163219080271976,2.897325341161008,3.0990378856658936,533800,0.0,0.0
2023-04-12 00:00:00-04:00,3.0990379582691587,3.1265441851733153,2.8606502212330143,2.9615066051483154,893800,0.0,0.0
2023-04-13 00:00:00-04:00,2.9615066051483154,3.0440252858607857,2.8606502212330143,2.9615066051483154,319400,0.0,0.0
2023-04-14 00:00:00-04:00,2.9615066015543947,2.9890128284251714,2.929415894238459,2.943169116973877,296600,0.0,0.0
2023-04-17 00:00:00-04:00,2.906494264124431,3.021103656639116,2.897325521467259,2.9340004920959473,394300,0.0,0.0
2023-04-18 00:00:00-04:00,2.952337724118471,2.9890126916006796,2.837728341436543,2.8789877891540527,742500,0.0,0.0
2023-04-19 00:00:00-04:00,2.8606504119673604,2.865234892723754,2.759794239927517,2.796469211578369,324800,0.0,0.0
2023-04-20 00:00:00-04:00,2.7873003419160796,2.8010535649597728,2.668106689471017,2.7506253719329834,258000,0.0,0.0
2023-04-21 00:00:00-04:00,2.7689628569245315,2.7689628569245315,2.709365921401968,2.7506253719329834,340800,0.0,0.0
2023-04-24 00:00:00-04:00,2.7414563722663523,2.748791278134872,2.658937697545307,2.6772751808166504,252400,0.0,0.0
2023-04-25 00:00:00-04:00,2.6497691241595764,2.668106608595278,2.4205503501132486,2.43888783454895,1587900,0.0,0.0
2023-04-26 00:00:00-04:00,2.4388873791990426,2.5351592638121643,2.4388873791990426,2.4938998222351074,972100,0.0,0.0
2023-04-27 00:00:00-04:00,2.493900123532976,2.860650006681916,2.493900123532976,2.837728261947632,982900,0.0,0.0
2023-04-28 00:00:00-04:00,2.8423125743865967,2.90649398543278,2.8331438326085774,2.8423125743865967,315600,0.0,0.0
2023-05-01 00:00:00-04:00,2.888156740990574,2.888156740990574,2.814806582093627,2.8239753246307373,383600,0.0,0.0
2023-05-02 00:00:00-04:00,2.778131711177843,2.8010536776394055,2.539744178097898,2.6864442825317383,465400,0.0,0.0
2023-05-03 00:00:00-04:00,2.6772755829720247,3.0165192930499467,2.6772755829720247,2.8881568908691406,622400,0.0,0.0
2023-05-04 00:00:00-04:00,2.8698190183207024,2.9569219559118634,2.7827158621294936,2.8423125743865967,362300,0.0,0.0
2023-05-05 00:00:00-04:00,2.90649398543278,2.9569219559118634,2.8331438326085774,2.8423125743865967,365500,0.0,0.0
2023-05-08 00:00:00-04:00,2.8606497281180525,2.970674835368759,2.8514809873971623,2.869818687438965,385700,0.0,0.0
2023-05-09 00:00:00-04:00,2.8606500955122707,2.9706752168935386,2.8285596081677737,2.9156627655029297,322400,0.0,0.0
2023-05-10 00:00:00-04:00,2.952337859264136,2.9890128284251714,2.924831632393359,2.943169116973877,401800,0.0,0.0
2023-05-11 00:00:00-04:00,2.9706752124051454,2.9706752124051454,2.8606500911901143,2.897325277328491,214300,0.0,0.0
2023-05-12 00:00:00-04:00,2.8973252793908872,2.948236585199614,2.8464137528869045,2.888068437576294,211400,0.03,0.0
2023-05-15 00:00:00-04:00,2.8973253948200584,2.9602703326611697,2.869555309660433,2.9528651237487793,181800,0.0,0.0
2023-05-16 00:00:00-04:00,2.9343520764134614,3.008405053255728,2.916764428204839,2.9713785648345947,151000,0.0,0.0
2023-05-17 00:00:00-04:00,2.976006201648305,3.1889086904245074,2.9713780018202507,3.1379973888397217,296000,0.0,0.0
2023-05-18 00:00:00-04:00,3.1287411906005875,3.170395877453844,3.0269181323031447,3.04543137550354,377900,0.0,0.0
2023-05-19 00:00:00-04:00,3.082457721010718,3.0898631503695477,2.980634888062682,2.99914813041687,210700,0.0,0.0
2023-05-22 00:00:00-04:00,3.008404787335095,3.2675904040682258,2.999148166048028,3.212050676345825,797000,0.0,0.0
2023-05-23 00:00:00-04:00,3.2027937420584403,3.290731746039263,2.9898912525670243,3.008404493331909,555500,0.0,0.0
2023-05-24 00:00:00-04:00,2.9713779057340406,3.0084043859420913,2.814015144154596,2.943608045578003,397300,0.0,0.0
2023-05-25 00:00:00-04:00,2.925095120761624,3.0084047102094402,2.777914559166652,2.9065818786621094,209900,0.0,0.0
2023-05-26 00:00:00-04:00,2.8973251042918124,3.0084045510108024,2.8973251042918124,2.9806346893310547,198200,0.0,0.0
2023-05-30 00:00:00-04:00,3.008404493331909,3.053761999414449,2.929723109733529,3.008404493331909,253500,0.0,0.0
2023-05-31 00:00:00-04:00,2.9991478729494667,3.0315461546356346,2.9713780118021393,3.008404493331909,215900,0.0,0.0
2023-06-01 00:00:00-04:00,3.0084046370535966,3.2583336200147373,3.0084046370535966,3.1750240325927734,448400,0.0,0.0
2023-06-02 00:00:00-04:00,3.193537185184967,3.3323864936828613,3.1842805646184407,3.3323864936828613,288900,0.0,0.0
2023-06-05 00:00:00-04:00,3.332386632120035,3.4231016498577076,3.304616769266814,3.3879265785217285,200300,0.0,0.0
2023-06-06 00:00:00-04:00,3.3601566962648666,3.4666077262398725,3.3462716545708107,3.3971831798553467,338600,0.0,0.0
2023-06-07 00:00:00-04:00,3.3786704962116336,3.434210230772439,3.332387163382342,3.3601572513580322,264000,0.0,0.0
2023-06-08 00:00:00-04:00,3.350900408235944,3.4249536083456382,3.332387163382342,3.3601572513580322,255300,0.0,0.0
2023-06-09 00:00:00-04:00,3.3508999337391288,3.3508999337391288,3.221307238114605,3.2398204803466797,300400,0.0,0.0
2023-06-12 00:00:00-04:00,3.2398206780705703,3.258333921432495,3.179652526796681,3.258333921432495,366500,0.0,0.0
2023-06-13 00:00:00-04:00,3.2675903447732204,3.360156776659401,3.1102275650533926,3.1194841861724854,526900,0.0,0.0
2023-06-14 00:00:00-04:00,3.128741287727833,3.2203819106232214,3.0824579575947775,3.1102278232574463,446400,0.0,0.0
2023-06-15 00:00:00-04:00,2.98063498821314,3.1055994886503946,2.9389800811689666,2.9528651237487793,728100,0.0,0.0
2023-06-16 00:00:00-04:00,2.989891450437548,3.0917142813830334,2.9297233036221346,3.0269179344177246,691600,0.0,0.0
2023-06-20 00:00:00-04:00,3.0176616043818845,3.1935376409407263,2.9898917387192157,3.1102278232574463,446200,0.0,0.0
2023-06-21 00:00:00-04:00,3.0917145885949933,3.230564138012862,3.0639447228504744,3.2213075160980225,488600,0.0,0.0
2023-06-22 00:00:00-04:00,3.2213075160980225,3.249077381842541,3.1935376503535036,3.2213075160980225,1101200,0.0,0.0
2023-06-23 00:00:00-04:00,3.1379976891493664,3.2213072802842975,3.0269180136075327,3.100970983505249,14373300,0.0,0.0
2023-06-26 00:00:00-04:00,3.1009711781928755,3.190760608456821,2.8788120338566956,3.1287412643432617,922700,0.0,0.0
2023-06-27 00:00:00-04:00,3.137997492003971,3.238894723359296,3.0454310647520724,3.202793836593628,656700,0.0,0.0
2023-06-28 00:00:00-04:00,3.2120505394336,3.28610350657366,3.1379975722935405,3.2768468856811523,763100,0.0,0.0
2023-06-29 00:00:00-04:00,3.2861040057821467,3.304617250379601,3.063944849917409,3.2675907611846924,795900,0.0,0.0
2023-06-30 00:00:00-04:00,3.313873101808688,3.434209384394928,3.2675900010813774,3.415696144104004,660300,0.0,0.0
2023-07-03 00:00:00-04:00,3.4156962994768407,3.471236022875998,3.258333529150651,3.3323864936828613,264900,0.0,0.0
2023-07-05 00:00:00-04:00,3.2861033908502297,3.3879264377772618,3.249076908584125,3.3323864936828613,221100,0.0,0.0
2023-07-06 00:00:00-04:00,3.286103786475382,3.327758694387347,3.221307434708646,3.258333921432495,265700,0.0,0.0
2023-07-07 00:00:00-04:00,3.2583335480085442,3.401811277967713,3.2583335480085442,3.323129892349243,303700,0.0,0.0
2023-07-10 00:00:00-04:00,3.32313015077415,3.378670099509085,3.313873529434204,3.313873529434204,248100,0.0,0.0
2023-07-11 00:00:00-04:00,3.313873449274979,3.3416433126230913,3.2305638592306423,3.2398204803466797,298300,0.0,0.0
2023-07-12 00:00:00-04:00,3.2675900540136937,3.3092449556906653,3.1379973698779278,3.14725399017334,288400,0.0,0.0
2023-07-13 00:00:00-04:00,3.1842808158349523,3.1842808158349523,3.0500596966836335,3.091714382171631,313500,0.0,0.0
2023-07-14 00:00:00-04:00,3.0732008071148087,3.1565106104687515,3.0084044650469255,3.14725399017334,397100,0.0,0.0
2023-07-17 00:00:00-04:00,3.1935374520149105,3.3601568568291937,3.031546468218231,3.313873529434204,649400,0.0,0.0
2023-07-18 00:00:00-04:00,3.304616788454297,3.3879265981929305,3.1287409893627163,3.3786699771881104,386000,0.0,0.0
2023-07-19 00:00:00-04:00,3.387926659998757,3.4203247237590375,3.304616848740306,3.3416433334350586,241700,0.0,0.0
2023-07-20 00:00:00-04:00,3.3509002229057763,3.360157065515891,3.179652607133607,3.2213075160980225,317500,0.0,0.0
2023-07-21 00:00:00-04:00,3.249077101462717,3.2722187646004386,3.1287410269542306,3.2398204803466797,425600,0.0,0.0
2023-07-24 00:00:00-04:00,3.2490772847256517,3.2953603929164195,3.1472544467059627,3.156511068344116,336600,0.0,0.0
2023-07-25 00:00:00-04:00,3.147254112659636,3.2490769398719546,3.137997492003971,3.202793836593628,629600,0.0,0.0
2023-07-26 00:00:00-04:00,3.1935372352600098,3.3601566287653375,3.1842806145483387,3.1935372352600098,714800,0.0,0.0
2023-07-27 00:00:00-04:00,3.202793836593628,3.2722186018587403,3.1565107333153013,3.202793836593628,498800,0.0,0.0
2023-07-28 00:00:00-04:00,3.2305636985606236,3.267590181183285,3.184280595282297,3.202793836593628,531600,0.0,0.0
2023-07-31 00:00:00-04:00,3.212050520315474,3.3138733495270065,3.212050520315474,3.2861034870147705,310400,0.0,0.0
2023-08-01 00:00:00-04:00,3.249077101462717,3.3231300703910165,3.1611390905127337,3.2398204803466797,1915000,0.0,0.0
2023-08-02 00:00:00-04:00,3.2398203388183657,3.3138733045117355,3.165767373124996,3.1935372352600098,413200,0.0,0.0
2023-08-03 00:00:00-04:00,3.1935374337716915,3.29998868892059,3.1935374337716915,3.212050676345825,535100,0.0,0.0
2023-08-04 00:00:00-04:00,3.221307046884546,3.3786698172107354,3.2120504263180196,3.3323864936828613,345900,0.0,0.0
2023-08-07 00:00:00-04:00,3.351055386493337,3.4163964611199624,3.3230521641747095,3.40706205368042,193800,0.03,0.0
2023-08-08 00:00:00-04:00,3.3790587638680707,3.4537342493609,3.360389948132323,3.4163966178894043,210800,0.0,0.0
2023-08-09 00:00:00-04:00,3.407061966458308,3.453734002461198,3.407061966458308,3.44439959526062,593400,0.0,0.0
2023-08-10 00:00:00-04:00,3.4444001815418637,3.453734590331278,3.309051142820423,3.3230526447296143,391200,0.0,0.0
2023-08-11 00:00:00-04:00,3.3137177539554026,3.369724198545675,3.2950489390919784,3.351055383682251,258700,0.0,0.0
2023-08-14 00:00:00-04:00,3.323052086461614,3.397727566781416,3.323052086461614,3.3323864936828613,201300,0.0,0.0
2023-08-15 00:00:00-04:00,3.323052249782063,3.369724288182125,3.3090507495369614,3.313717842102051,202200,0.0,0.0
2023-08-16 00:00:00-04:00,3.3230523483880163,3.3603899802159964,3.2483770847320557,3.2483770847320557,235900,0.0,0.0
2023-08-17 00:00:00-04:00,3.2483770767199354,3.3137179322577377,3.2483770767199354,3.2763803005218506,347500,0.0,0.0
2023-08-18 00:00:00-04:00,3.3137179322577377,3.3137179322577377,3.257711484653907,3.2763803005218506,175200,0.0,0.0
2023-08-21 00:00:00-04:00,3.267045917787737,3.2950491418056505,3.0990263511304117,3.136363983154297,401600,0.0,0.0
2023-08-22 00:00:00-04:00,3.145698070526123,3.183035921294084,3.057021314782945,3.145698070526123,185600,0.0,0.0
2023-08-23 00:00:00-04:00,3.145698382549069,3.2297082769226795,3.1270295665882317,3.2203738689422607,127900,0.0,0.0
2023-08-24 00:00:00-04:00,3.2203737239887835,3.2203737239887835,3.071022980474725,3.0990262031555176,262900,0.0,0.0
2023-08-25 00:00:00-04:00,3.0990263593338216,3.136363991456543,2.9870134629656575,3.108360767364502,289500,0.0,0.0
2023-08-28 00:00:00-04:00,3.1083604423079807,3.19237032834862,3.1083604423079807,3.145698070526123,254300,0.0,0.0
2023-08-29 00:00:00-04:00,3.1363639745686505,3.239042684903098,3.113028065892524,3.2203738689422607,386500,0.0,0.0
2023-08-30 00:00:00-04:00,3.201704890496265,3.2577113355364746,3.1970375754679994,3.2390425205230713,303100,0.0,0.0
2023-08-31 00:00:00-04:00,3.2483770847320557,3.313717940431021,3.2250409535646476,3.2483770847320557,270800,0.0,0.0
2023-09-01 00:00:00-04:00,3.2577115008639357,3.30438354076603,3.2203738689422607,3.2203738689422607,223400,0.0,0.0
2023-09-05 00:00:00-04:00,3.183036013594514,3.2670456795214133,3.1363637544186336,3.164367198944092,254900,0.0,0.0
2023-09-06 00:00:00-04:00,3.164367510871361,3.229708368588808,3.164367510871361,3.1830363273620605,253900,0.0,0.0
2023-09-07 00:00:00-04:00,3.1737020741682787,3.239042935077961,3.1737020741682787,3.192370891571045,157800,0.0,0.0
2023-09-08 00:00:00-04:00,3.201704735152671,3.2483767704216975,3.1858362654161843,3.229707956314087,133500,0.0,0.0
2023-09-11 00:00:00-04:00,3.239042363367892,3.262378269727496,3.2063718274046646,3.229707956314087,155000,0.0,0.0
2023-09-12 00:00:00-04:00,3.2203736988755054,3.267045736312866,3.2157063838568547,3.267045736312866,1623800,0.0,0.0
2023-09-13 00:00:00-04:00,3.2670460015702063,3.295049226306255,3.164367510871361,3.1830363273620605,298900,0.0,0.0
2023-09-14 00:00:00-04:00,3.192370636990085,3.2670459006460457,3.192370636990085,3.2483770847320557,220800,0.0,0.0
2023-09-15 00:00:00-04:00,3.2483773848429105,3.304383837759201,3.1877036162419983,3.2950494289398193,846100,0.0,0.0
2023-09-18 00:00:00-04:00,3.313718204689026,3.321185865180047,3.1737020741682787,3.192370891571045,383200,0.0,0.0
2023-09-19 00:00:00-04:00,3.192370662190467,3.239042702343869,3.0990263593338216,3.108360767364502,221300,0.0,0.0
2023-09-20 00:00:00-04:00,3.108360859007843,3.136364083925499,3.0710232257843018,3.0710232257843018,202500,0.0,0.0
2023-09-21 00:00:00-04:00,3.043019696319926,3.0896917331783946,2.987013252089763,3.024350881576538,181300,0.0,0.0
2023-09-22 00:00:00-04:00,3.0150160816280405,3.052353706253188,2.9870128631591797,2.9870128631591797,299100,0.0,0.0
2023-09-25 00:00:00-04:00,2.9590100299746815,3.0336852889482318,2.8936689558229984,3.024350881576538,209600,0.0,0.0
2023-09-26 00:00:00-04:00,3.0056825515007723,3.052354595885129,2.98701373374703,2.9963481426239014,201100,0.0,0.0
2023-09-27 00:00:00-04:00,3.005682612152168,3.052354657478315,2.987013794021709,3.043020248413086,148500,0.0,0.0
2023-09-28 00:00:00-04:00,3.052354186283202,3.061688593907469,2.977678925289064,3.015016555786133,210300,0.0,0.0
2023-09-29 00:00:00-04:00,3.0336852129910876,3.0336852129910876,2.9776787701632093,3.0056819915771484,199700,0.0,0.0
2023-10-02 00:00:00-04:00,2.9963473515637244,3.005681757976236,2.6883117174010325,2.8376622200012207,489600,0.0,0.0
2023-10-03 00:00:00-04:00,2.8096594299001523,2.842329968608816,2.66964308977712,2.7069809436798096,552300,0.0,0.0
2023-10-04 00:00:00-04:00,2.7069811089149765,2.790990784586876,2.660308844325181,2.688312292098999,668900,0.0,0.0
2023-10-05 00:00:00-04:00,2.6883116413324597,2.7349836720743848,2.6789770126342773,2.6789770126342773,478700,0.0,0.0
2023-10-06 00:00:00-04:00,2.678977177238198,2.8003246871729344,2.650973957072446,2.7443182468414307,497700,0.0,0.0
2023-10-09 00:00:00-04:00,2.7256498422557494,2.7816562909884404,2.688312209767289,2.6976466178894043,346900,0.0,0.0
2023-10-10 00:00:00-04:00,2.7069811089149765,2.7583202438839898,2.688312292098999,2.688312292098999,1280500,0.0,0.0
2023-10-11 00:00:00-04:00,2.6976464869259718,2.959010124206543,2.6976464869259718,2.959010124206543,698700,0.0,0.0
2023-10-12 00:00:00-04:00,2.9590100490710225,2.982345956375945,2.912337789361522,2.9403412342071533,211800,0.0,0.0
2023-10-13 00:00:00-04:00,2.9496755657834193,2.96834438016719,2.8890018077612543,2.9216723442077637,195600,0.0,0.0
2023-10-16 00:00:00-04:00,2.9496756226029874,3.024350881576538,2.923539148432349,3.024350881576538,188900,0.0,0.0
2023-10-17 00:00:00-04:00,3.005681986004919,3.136363685694365,3.0010146711696715,3.0336852073669434,614800,0.0,0.0
2023-10-18 00:00:00-04:00,3.0150165776442006,3.0150165776442006,2.903003462791096,2.931006908416748,214100,0.0,0.0
2023-10-19 00:00:00-04:00,2.921672174944651,2.949675394897978,2.874999919139296,2.8843343257904053,245000,0.0,0.0
2023-10-20 00:00:00-04:00,2.8936692841959926,2.9263398249792805,2.837662833610229,2.903003692626953,276800,0.0,0.0
2023-10-23 00:00:00-04:00,2.8843344828400297,2.977678776983449,2.87500007568067,2.8936688899993896,164900,0.0,0.0
2023-10-24 00:00:00-04:00,2.940341158591534,2.954342658104451,2.8843344928904004,2.9216723442077637,208300,0.0,0.0
2023-10-25 00:00:00-04:00,2.8843346403050703,3.029018070448788,2.8843346403050703,2.959010124206543,226200,0.0,0.0
2023-10-26 00:00:00-04:00,2.9683444565029573,3.0010147712398143,2.912337789361522,2.9403412342071533,148800,0.0,0.0
2023-10-27 00:00:00-04:00,2.9123379524006507,2.977679030631959,2.8563315046736784,2.865665912628174,437200,0.0,0.0
2023-10-30 00:00:00-04:00,2.865665439238756,2.931006506676142,2.8096590007636855,2.8376622200012207,416000,0.0,0.0
2023-10-31 00:00:00-04:00,2.846996940975329,2.8563313484191895,2.8283281260876088,2.8563313484191895,383600,0.0,0.0
2023-11-01 00:00:00-04:00,2.856331569420835,2.921672649133291,2.809659528590399,2.9123380184173584,306400,0.0,0.0
2023-11-02 00:00:00-04:00,2.8936693621895446,2.996348080247479,2.8936693621895446,2.949676036834717,1242700,0.0,0.0
2023-11-03 00:00:00-04:00,2.9776787701632093,3.0336852129910876,2.9543426410433495,3.0056819915771484,315300,0.0,0.0
2023-11-06 00:00:00-05:00,2.9963472693154665,3.019683173431285,2.977678457002893,2.9870128631591797,336000,0.0,0.0
2023-11-07 00:00:00-05:00,2.9870133124323472,3.1176950182760463,2.9870133124323472,3.0990262031555176,426000,0.0,0.0
2023-11-08 00:00:00-05:00,3.1084459470704795,3.183802366256714,3.0801873740928323,3.183802366256714,964000,0.03,0.0
2023-11-09 00:00:00-05:00,3.2026410186240235,3.2026410186240235,3.0896065161207833,3.1178650856018066,303600,0.0,0.0
2023-11-10 00:00:00-05:00,3.108445872584749,3.150833843325091,3.0990263484845806,3.136704444885254,220900,0.0,0.0
2023-11-13 00:00:00-05:00,3.136704520048127,3.2120609392343615,3.0839551389073505,3.183802366256714,358200,0.0,0.0
2023-11-14 00:00:00-05:00,3.287416748246084,3.391031503677368,3.2308996089199296,3.391031503677368,554100,0.0,0.0
2023-11-15 00:00:00-05:00,3.3816121449101932,3.3910316685893074,3.2968364317981664,3.372192621231079,366600,0.0,0.0
2023-11-16 00:00:00-05:00,3.372192621231079,3.3910316685893074,3.334514526514623,3.372192621231079,1382200,0.0,0.0
2023-11-17 00:00:00-05:00,3.372192770221227,3.4381296634674072,3.2968365774589286,3.4381296634674072,883100,0.0,0.0
2023-11-20 00:00:00-05:00,3.4381297465672205,3.4381297465672205,3.4098709490191723,3.4287102222442627,235600,0.0,0.0
2023-11-21 00:00:00-05:00,3.4098704679458383,3.4852268764771988,3.400450944951811,3.456968307495117,467900,0.0,0.0
2023-11-22 00:00:00-05:00,3.4852271299596076,3.4852271299596076,3.362773097551965,3.372192621231079,164000,0.0,0.0
2023-11-24 00:00:00-05:00,3.3721923759697296,3.4663878304891442,3.343933806987648,3.456968307495117,126100,0.0,0.0
2023-11-27 00:00:00-05:00,3.456968795213136,3.456968795213136,3.4004514246962145,3.4287102222442627,176400,0.0,0.0
2023-11-28 00:00:00-05:00,3.4287102940685763,3.4758079166699622,3.381612446888011,3.447549343109131,219000,0.0,0.0
2023-11-29 00:00:00-05:00,3.4852275134049027,3.4852275134049027,3.4569689392585476,3.466388463973999,157600,0.0,0.0
2023-11-30 00:00:00-05:00,3.466388060762172,3.485227108001709,3.4381294899028667,3.485227108001709,512100,0.0,0.0
2023-12-01 00:00:00-05:00,3.4758074283599854,3.4852269515569305,3.44754885876915,3.4758074283599854,327200,0.0,0.0
2023-12-04 00:00:00-05:00,3.4758073331860055,3.5511635166981765,3.456968287307963,3.5417439937591553,412400,0.0,0.0
2023-12-05 00:00:00-05:00,3.551163681440879,3.5700027281928874,3.504066064560858,3.522905111312866,323700,0.0,0.0
2023-12-06 00:00:00-05:00,3.52290535976437,3.5605834559256198,3.4946467876434326,3.4946467876434326,641800,0.0,0.0
2023-12-07 00:00:00-05:00,3.4475487709717108,3.5134854316711426,3.438129248014649,3.5134854316711426,382200,0.0,0.0
2023-12-08 00:00:00-05:00,3.5134857342019257,3.5794224005788733,3.456968591593113,3.5605833530426025,479800,0.0,0.0
2023-12-11 00:00:00-05:00,3.5323244708201336,3.5794220855152403,3.5181950741220307,3.5417439937591553,1081700,0.0,0.0
2023-12-12 00:00:00-05:00,3.532324754946354,3.6500689134445654,3.4946466601595914,3.6453590393066406,529300,0.0,0.0
2023-12-13 00:00:00-05:00,3.5229048184442657,3.8714276035410857,3.5229048184442657,3.8620078563690186,1773800,0.0,0.0
2023-12-14 00:00:00-05:00,3.890267766123719,4.078658272093566,3.8337506143327644,4.059819221496582,1490000,0.0,0.0
2023-12-15 00:00:00-05:00,4.078656852840427,4.078656852840427,3.9891715059326285,4.031559467315674,1234000,0.0,0.0
2023-12-18 00:00:00-05:00,4.040979326985715,4.0598183736483735,3.946784093672425,3.965623140335083,541200,0.0,0.0
2023-12-19 00:00:00-05:00,4.003301275259901,4.116335556410422,3.989172102405662,4.097496509552002,490700,0.0,0.0
2023-12-20 00:00:00-05:00,4.097496142415125,4.172852323096869,3.9467837810516357,3.9467837810516357,869700,0.0,0.0
2023-12-21 00:00:00-05:00,3.984462976118878,4.040980127300049,3.9420750004434018,3.9562041759490967,521900,0.0,0.0
2023-12-22 00:00:00-05:00,3.956203229372897,4.069237953848513,3.956203229372897,3.984462022781372,591600,0.0,0.0
2023-12-26 00:00:00-05:00,4.003300676674231,4.092786023582029,3.993880930074336,4.031559467315674,390500,0.0,0.0
2023-12-27 00:00:00-05:00,4.031560826682383,4.040980127300049,3.927945824937707,3.9562041759490967,405500,0.0,0.0
2023-12-28 00:00:00-05:00,3.9373651086079926,3.9373651086079926,3.8007818815517855,3.8243308067321777,476600,0.0,0.0
2023-12-29 00:00:00-05:00,3.833749804298967,3.862008149644535,3.6547786368632695,3.664198160171509,510300,0.0,0.0
2024-01-02 00:00:00-05:00,3.6641982456283735,3.701876339740064,3.546454089239764,3.5982613563537598,338100,0.0,0.0
2024-01-03 00:00:00-05:00,3.598261496609113,3.7112960079292714,3.4098707941282917,3.419290542602539,575600,0.0,0.0
2024-01-04 00:00:00-05:00,3.4287101780079507,3.4287101780079507,3.221480420997328,3.2968366146087646,757800,0.0,0.0
2024-01-05 00:00:00-05:00,3.2685780841748056,3.475807843859052,3.2591585598518478,3.4287102222442627,426800,0.0,0.0
2024-01-08 00:00:00-05:00,3.3910316685893074,3.4616782084722426,3.301546305927303,3.372192621231079,381400,0.0,0.0
2024-01-09 00:00:00-05:00,3.3156754970550537,3.3486439423995025,3.249738830945316,3.3156754970550537,292800,0.0,0.0
2024-01-10 00:00:00-05:00,3.2968364495951286,3.362773115704866,3.2591583546752783,3.3156754970550537,263800,0.0,0.0
2024-01-11 00:00:00-05:00,3.3156752249937047,3.537034351353368,3.249738564294273,3.5134854316711426,795400,0.0,0.0
2024-01-12 00:00:00-05:00,3.522905391483986,3.683037526190266,3.5134858673588614,3.6265201568603516,676200,0.0,0.0
2024-01-16 00:00:00-05:00,3.6171001841988213,3.65477850060621,3.4805169890318557,3.5134854316711426,526300,0.0,0.0
2024-01-17 00:00:00-05:00,3.438129275630856,3.447548798663578,3.296836205560875,3.3439338207244873,528000,0.0,0.0
2024-01-18 00:00:00-05:00,3.3627731470221267,3.513485752684263,3.3156755279336974,3.504066228866577,753800,0.0,0.0
2024-01-19 00:00:00-05:00,3.5417442964108883,3.617100486362452,3.485227153947216,3.5888419151306152,284100,0.0,0.0
2024-01-22 00:00:00-05:00,3.6265200502482347,3.7819423060332786,3.5888419548553956,3.748974084854126,453000,0.0,0.0
2024-01-23 00:00:00-05:00,3.796071841408536,3.866718156356479,3.744264124565616,3.814910888671875,719100,0.0,0.0
2024-01-24 00:00:00-05:00,3.8620084062030626,3.9091062504521843,3.8149110111122715,3.880847454071045,530500,0.0,0.0
2024-01-25 00:00:00-05:00,3.9091058392364837,3.9938813211453414,3.8337496556915958,3.984462022781372,1090100,0.0,0.0
2024-01-26 00:00:00-05:00,4.003300988250511,4.059818124773878,3.942073978060628,4.050398826599121,325000,0.0,0.0
2024-01-29 00:00:00-05:00,4.05039910099492,4.154013633728027,4.0033012594556485,4.154013633728027,564400,0.0,0.0
2024-01-30 00:00:00-05:00,4.1634335288620115,4.210530922907705,4.099380857363874,4.191691875457764,855200,0.0,0.0
2024-01-31 00:00:00-05:00,4.1916917839967605,4.1916917839967605,3.9562034714315875,4.012721061706543,793100,0.0,0.0
2024-02-01 00:00:00-05:00,4.012721028753558,4.130465184069214,4.003301280732317,4.125755310058594,494400,0.0,0.0
2024-02-02 00:00:00-05:00,4.059817808798877,4.10691564348187,3.984461632632681,4.031559467315674,341200,0.0,0.0
2024-02-05 00:00:00-05:00,3.9938818716627256,4.097496862898398,3.937364726213726,4.003301620483398,585400,0.0,0.0
2024-02-06 00:00:00-05:00,4.003301275259901,4.106916257560365,4.003301275259901,4.097496509552002,210900,0.0,0.0
2024-02-07 00:00:00-05:00,4.116335391998291,4.154013484210217,4.078657299786366,4.116335391998291,334000,0.0,0.0
2024-02-08 00:00:00-05:00,4.14459418573638,4.14459418573638,4.0927864720762654,4.116335391998291,265100,0.0,0.0
2024-02-09 00:00:00-05:00,4.1351758065762425,4.267049622117853,4.106917452644781,4.257629871368408,352300,0.0,0.0
2024-02-12 00:00:00-05:00,4.257628610956377,4.3424045459708935,4.229369816232103,4.267048358917236,530400,0.0,0.0
2024-02-13 00:00:00-05:00,4.18227198966571,4.18227198966571,3.909105615379374,3.9279446601867676,661600,0.0,0.0
2024-02-14 00:00:00-05:00,4.012720735583543,4.050398826599121,3.960913023568417,4.050398826599121,290200,0.0,0.0
2024-02-15 00:00:00-05:00,4.097496179822312,4.248208991719967,4.097496179822312,4.219950199127197,537900,0.0,0.0
2024-02-16 00:00:00-05:00,4.229370648722237,4.229370648722237,3.9750432427763385,4.144595146179199,506600,0.0,0.0
2024-02-20 00:00:00-05:00,4.078657468269008,4.149304230953386,4.036269500490043,4.125755310058594,1227800,0.0,0.0
2024-02-21 00:00:00-05:00,4.116335595841235,4.116335595841235,3.9938815655093505,4.012721061706543,798500,0.0,0.0
2024-02-22 00:00:00-05:00,4.012721776288659,4.040980127300049,3.927945824937707,3.9562041759490967,296600,0.0,0.0
2024-02-23 00:00:00-05:00,3.9467847563509872,4.163434053926858,3.932655581271233,4.106916904449463,615800,0.0,0.0
2024-02-26 00:00:00-05:00,4.125755125648168,4.24820914950107,4.106916079606051,4.172852516174316,721100,0.0,0.0
2024-02-27 00:00:00-05:00,4.163433231842342,4.172852530316179,4.116335391998291,4.116335391998291,363300,0.0,0.0
2024-02-28 00:00:00-05:00,4.069238496766288,4.144594690365199,4.036269825198007,4.088077545166016,328400,0.0,0.0
2024-02-29 00:00:00-05:00,4.144594609577515,4.35182413793514,4.135174860982092,4.314146041870117,928600,0.0,0.0
2024-03-01 00:00:00-05:00,4.285888155476356,4.897215621850875,4.285888155476356,4.747445106506348,1263300,0.0,0.0
2024-03-04 00:00:00-05:00,4.756864076695898,4.83222026458554,4.535504937901342,4.643829345703125,525500,0.0,0.0
2024-03-05 00:00:00-05:00,4.634410235062846,4.709766426013734,4.549634295663934,4.596732139587402,448600,0.0,0.0
2024-03-06 00:00:00-05:00,4.662668392675536,4.689985302738432,4.596731952851254,4.643829345703125,284700,0.0,0.0
2024-03-07 00:00:00-05:00,4.681507701099677,4.888737678527832,4.681507701099677,4.888737678527832,452300,0.0,0.0
2024-03-08 00:00:00-05:00,4.898156300602488,5.077127456665039,4.898156300602488,5.077127456665039,642900,0.0,0.0
2024-03-11 00:00:00-04:00,5.077128047211,5.350294462143426,4.997061982576496,5.256099224090576,871400,0.0,0.0
2024-03-12 00:00:00-04:00,5.246679997111267,5.548104763031006,5.199582152857142,5.548104763031006,585100,0.0,0.0
2024-03-13 00:00:00-04:00,5.557524724286091,5.6517199672417835,5.416231635273376,5.444490432739258,561400,0.0,0.0
2024-03-14 00:00:00-04:00,5.463328528134894,5.463328528134894,5.265518327861019,5.359713554382324,1021300,0.0,0.0
2024-03-15 00:00:00-04:00,5.340875376050059,5.670558946970535,5.340875376050059,5.585783004760742,1282600,0.0,0.0
2024-03-18 00:00:00-04:00,5.623461126068642,5.623461126068642,5.385147140785069,5.557524681091309,487500,0.0,0.0
2024-03-19 00:00:00-04:00,5.482167855335558,5.585782385257781,5.392682048670203,5.5763630867004395,438400,0.0,0.0
2024-03-20 00:00:00-04:00,5.548105148581137,5.811852286247614,5.529266099401987,5.802432537078857,489300,0.0,0.0
2024-03-21 00:00:00-04:00,5.811851790069894,5.920176201312396,5.7741736949283,5.858949184417725,528000,0.0,0.0
2024-03-22 00:00:00-04:00,5.8495300746639,5.91546696787639,5.708236988727613,5.811851978302002,419600,0.0,0.0
2024-03-25 00:00:00-04:00,5.783592558231422,5.887207536640618,5.755334213584189,5.774173259735107,345600,0.0,0.0
2024-03-26 00:00:00-04:00,5.8215033871817825,5.829075976901929,5.632185935974121,5.632185935974121,374800,0.03,0.0
2024-03-27 00:00:00-04:00,5.584856626119081,5.9114285469864045,5.55645885191147,5.868832111358643,875800,0.0,0.0
2024-03-28 00:00:00-04:00,5.868831853190072,5.95402472069798,5.821502833415792,5.944559097290039,546900,0.0,0.0
2024-04-01 00:00:00-04:00,5.935093142240557,6.114944504292368,5.878298046545348,6.067615032196045,1053700,0.0,0.0
2024-04-02 00:00:00-04:00,5.963490846049902,6.21906899937391,5.944559147706172,6.058149337768555,1114800,0.0,0.0
2024-04-03 00:00:00-04:00,6.0392172640305155,6.2332672728335385,5.84043421809394,6.1244096755981445,909800,0.0,0.0
2024-04-04 00:00:00-04:00,6.171738942922344,6.285329122219548,6.0202853705260715,6.048682689666748,903800,0.0,0.0
2024-04-05 00:00:00-04:00,6.067614652250104,6.086546349629696,6.001353937105167,6.077080726623535,746700,0.0,0.0
2024-04-08 00:00:00-04:00,6.10547777931535,6.157540283352006,5.991887600018146,6.048682689666748,885700,0.0,0.0
2024-04-09 00:00:00-04:00,6.086546113261617,6.114943883911827,5.864098790531863,6.105477809906006,846700,0.0,0.0
2024-04-10 00:00:00-04:00,5.9161612544267514,6.124409931980969,5.887763481803899,5.991888046264648,3909800,0.0,0.0
2024-04-11 00:00:00-04:00,6.010819630644057,6.0960124955355335,5.954024537838831,6.086546421051025,420500,0.0,0.0
2024-04-12 00:00:00-04:00,6.029751423828585,6.602435849568492,6.029751423828585,6.578771114349365,1831600,0.0,0.0
2024-04-15 00:00:00-04:00,6.626101436125811,6.772822452241655,6.351591555595701,6.455716133117676,1709600,0.0,0.0
2024-04-16 00:00:00-04:00,6.436784483715637,6.484113509242059,6.323193829444067,6.408386707305908,921900,0.0,0.0
2024-04-17 00:00:00-04:00,6.512510378526641,6.588237169914835,6.138609007521971,6.200137138366699,1753800,0.0,0.0
2024-04-18 00:00:00-04:00,6.3326587086602855,6.531441751861476,6.152807362365531,6.21906852722168,1257700,0.0,0.0
2024-04-19 00:00:00-04:00,6.1812045591379325,6.34212374220864,6.105477327180449,6.313726425170898,757000,0.0,0.0
2024-04-22 00:00:00-04:00,6.30426105255957,6.76808831227484,6.30426105255957,6.7112932205200195,1816800,0.0,0.0
2024-04-23 00:00:00-04:00,6.720759830007698,7.369171120265111,6.597703554125094,7.364438533782959,2232300,0.0,0.0
2024-04-24 00:00:00-04:00,7.383369754144909,7.383369754144909,6.957405854078489,7.042598724365234,1068000,0.0,0.0
2024-04-25 00:00:00-04:00,7.023666762137411,7.102233106098296,6.891144875502919,7.014200687408447,690500,0.0,0.0
2024-04-26 00:00:00-04:00,7.0520642014717945,7.094660635729601,6.815417745699355,6.91954231262207,1312800,0.0,0.0
2024-04-29 00:00:00-04:00,7.033132959644652,7.118325833690852,6.895878024440953,7.023667335510254,1632200,0.0,0.0
2024-04-30 00:00:00-04:00,6.966872145656555,7.014201168445361,6.796486399788365,6.853281497955322,1587300,0.0,0.0
2024-05-01 00:00:00-04:00,6.872213433521378,6.91007683111373,6.67343037047788,6.720759391784668,718400,0.0,0.0
2024-05-02 00:00:00-04:00,6.81541730430203,6.990536067435369,6.730224892671158,6.97633695602417,2734300,0.0,0.0
2024-05-03 00:00:00-04:00,7.09939409022412,7.09939409022412,6.834349845587465,6.910077095031738,1294100,0.0,0.0
2024-05-06 00:00:00-04:00,7.070996217074276,7.104127029298381,6.80595242748532,6.90061092376709,2232800,0.0,0.0
2024-05-07 00:00:00-04:00,6.938474274332437,7.056797506708822,6.810685418076943,6.947940349578857,1582400,0.0,0.0
2024-05-08 00:00:00-04:00,6.682896108611234,7.2981770070722245,6.621367973628404,7.108860015869141,1516200,0.0,0.0
2024-05-09 00:00:00-04:00,7.099393982779821,7.449630644268804,7.032186292525105,7.3833699226379395,930500,0.0,0.0
2024-05-10 00:00:00-04:00,7.392835088101749,7.473294917692898,7.217716768217272,7.279244899749756,1330400,0.0,0.0
2024-05-13 00:00:00-04:00,7.478028413095198,7.762003901369307,7.336040443274488,7.601084232330322,1422700,0.0,0.0
2024-05-14 00:00:00-04:00,7.714673493679481,7.9465877966035805,7.515890901636452,7.922922611236572,879300,0.0,0.0
2024-05-15 00:00:00-04:00,7.95132190946373,7.998651389240188,7.747806681074022,7.818800449371338,1424600,0.0,0.0
2024-05-16 00:00:00-04:00,7.809299741688972,7.942304262601638,7.733296899445921,7.8282999992370605,755500,0.03,0.0
2024-05-17 00:00:00-04:00,8.07530966002918,8.089560532657178,7.6857948684506505,7.733296871185303,1228600,0.0,0.0
2024-05-20 00:00:00-04:00,7.723795851109917,8.075309201757502,7.723795851109917,7.932804107666016,853000,0.0,0.0
2024-05-21 00:00:00-04:00,7.923302527161987,7.985054485206695,7.809298285062015,7.885301113128662,1278300,0.0,0.0
2024-05-22 00:00:00-04:00,7.856802030173696,8.360321104841994,7.809300025538865,8.151312828063965,2321700,0.0,0.0
2024-05-23 00:00:00-04:00,8.255815146194648,8.318517528241376,8.075308645706428,8.09430980682373,1678400,0.0,0.0
2024-05-24 00:00:00-04:00,8.189312948113724,8.635830271025068,8.189312948113724,8.493324279785156,1451100,0.0,0.0
2024-05-28 00:00:00-04:00,8.645330042062001,8.787835113931918,8.132310514895089,8.17031192779541,2160700,0.0,0.0
2024-05-29 00:00:00-04:00,7.9708042635298355,8.141810168138925,7.91380169131004,8.065807342529297,1879200,0.0,0.0
2024-05-30 00:00:00-04:00,8.132312491507731,8.441074159622563,8.099060454365814,8.160813331604004,1656700,0.0,0.0
2024-05-31 00:00:00-04:00,8.265315443158828,8.407821428573325,8.089559238980375,8.122810363769531,4240800,0.0,0.0
2024-06-03 00:00:00-04:00,8.24631646389475,8.24631646389475,7.286779456620754,7.3817830085754395,5488100,0.0,0.0
2024-06-04 00:00:00-04:00,7.362781429426698,7.372282010007498,6.940015106846043,7.115771770477295,1749800,0.0,0.0
2024-06-05 00:00:00-04:00,7.220275297687784,7.343780116999978,7.020767652033492,7.334279537200928,1412600,0.0,0.0
2024-06-06 00:00:00-04:00,7.315278754652353,7.495785691846707,7.144272397158396,7.343780040740967,780300,0.0,0.0
2024-06-07 00:00:00-04:00,7.315279107401053,7.438783931386257,7.258276985487711,7.305778980255127,1094900,0.0,0.0
2024-06-10 00:00:00-04:00,7.277278611106376,7.975555938444526,7.191775643953108,7.714295387268066,1231800,0.0,0.0
2024-06-11 00:00:00-04:00,7.638292559101658,7.662043106502924,7.3912833326297935,7.410284042358398,949400,0.0,0.0
2024-06-12 00:00:00-04:00,7.666792951700122,7.837799782333666,7.562289280771432,7.609791278839111,1140500,0.0,0.0
2024-06-13 00:00:00-04:00,7.609791000397251,7.771297244302702,7.543288296138356,7.638291835784912,1088700,0.0,0.0
2024-06-14 00:00:00-04:00,7.6002907921051,7.638292209824614,7.353281123915621,7.495786666870117,966800,0.0,0.0
2024-06-17 00:00:00-04:00,7.514786590812556,7.733295399395534,7.381781642686583,7.581289291381836,966000,0.0,0.0
2024-06-18 00:00:00-04:00,7.571789075450131,8.070558221166484,7.552788367661537,7.951803684234619,918400,0.0,0.0
2024-06-20 00:00:00-04:00,7.980304383806331,7.989804964045494,7.709544189166592,7.761796474456787,918400,0.0,0.0
2024-06-21 00:00:00-04:00,7.7237956071370615,7.790297861475764,7.324780269054315,7.448285102844238,2217300,0.0,0.0
2024-06-24 00:00:00-04:00,7.486286756940578,8.065808620544658,7.40078333807557,7.932804107666016,1170300,0.0,0.0
2024-06-25 00:00:00-04:00,7.875800132751465,7.97080411601788,7.410282608001319,7.875800132751465,824600,0.0,0.0
2024-06-26 00:00:00-04:00,7.885301908299447,8.550327173957777,7.885301908299447,8.255815505981445,1405200,0.0,0.0
2024-06-27 00:00:00-04:00,8.274815586765007,8.441072107963343,8.013555986328441,8.17031192779541,837500,0.0,0.0
2024-06-28 00:00:00-04:00,8.274817233010985,8.398322076014173,8.013557580597727,8.198814392089844,2996000,0.0,0.0
2024-07-01 00:00:00-04:00,8.303317504819598,8.331819247737652,8.084809578599474,8.255815505981445,842100,0.0,0.0
2024-07-02 00:00:00-04:00,8.217812144600371,8.683330535888672,8.160810484295718,8.683330535888672,1457400,0.0,0.0
2024-07-03 00:00:00-04:00,8.692831694318524,9.186851000194109,8.683332019994156,8.930340766906738,1710800,0.0,0.0
2024-07-05 00:00:00-04:00,9.006344205423368,9.087097331793789,8.854338533673225,9.072847366333008,941500,0.0,0.0
2024-07-08 00:00:00-04:00,9.120347643255231,9.205850137952071,8.811585161531537,8.844837188720703,1171400,0.0,0.0
2024-07-09 00:00:00-04:00,8.797335448377902,9.08234649019627,8.759334036537128,8.9208402633667,1315000,0.0,0.0
2024-07-10 00:00:00-04:00,8.949341253391431,8.968341506633962,8.379319159713258,8.692831039428711,977500,0.0,0.0
2024-07-11 00:00:00-04:00,8.806836541191498,8.911340203338822,8.322317832460374,8.654829978942871,1004200,0.0,0.0
2024-07-12 00:00:00-04:00,8.76883442480972,8.968342079743834,8.550326515418888,8.63582992553711,738100,0.0,0.0
2024-07-15 00:00:00-04:00,8.711831703562364,9.091845807066411,8.683330872305833,8.958841323852539,1877700,0.0,0.0
2024-07-16 00:00:00-04:00,9.025345639091652,9.35785873557357,8.968343057456785,9.348358154296875,1686800,0.0,0.0
2024-07-17 00:00:00-04:00,9.34835714239327,9.429110262453536,8.977842666935844,9.148849487304688,1429800,0.0,0.0
2024-07-18 00:00:00-04:00,9.05384628172108,9.357858533844567,8.802087225492981,9.063346862792969,826300,0.0,0.0
2024-07-19 00:00:00-04:00,9.101348085703652,9.31035633467265,9.015844669942458,9.186851501464844,928700,0.0,0.0
2024-07-22 00:00:00-04:00,9.186849605147858,9.457609761818775,9.186849605147858,9.395857810974121,715100,0.0,0.0
2024-07-23 00:00:00-04:00,9.481362584187536,9.908879677603545,9.253354071715858,9.661870002746582,2483400,0.0,0.0
2024-07-24 00:00:00-04:00,9.585866716867235,9.690370387022165,9.24385305813247,9.30085563659668,1088000,0.0,0.0
2024-07-25 00:00:00-04:00,9.30085563659668,9.414859887499853,9.110848551758059,9.30085563659668,3190800,0.0,0.0
2024-07-26 00:00:00-04:00,9.500361717084344,9.604865369803237,9.357856653738118,9.471860885620117,1373200,0.0,0.0
2024-07-29 00:00:00-04:00,9.500363509005926,9.870878012026253,9.229603293963299,9.281855583190918,1804700,0.0,0.0
2024-07-30 00:00:00-04:00,9.281855304153586,9.433860970763943,9.186851309509494,9.310356140136719,1937200,0.0,0.0
2024-07-31 00:00:00-04:00,9.414860062204351,9.93262994426324,9.405359481279813,9.794875144958496,3413400,0.0,0.0
2024-08-01 00:00:00-04:00,9.804373418439864,9.885126532705218,9.381607594005144,9.528862953186035,2379800,0.0,0.0
2024-08-02 00:00:00-04:00,8.57882835677547,9.614368167897235,8.55982810008922,9.338857650756836,1570200,0.0,0.0
2024-08-05 00:00:00-04:00,8.179810957730107,8.911339231019628,7.809297437618601,8.863837242126465,2945000,0.0,0.0
2024-08-06 00:00:00-04:00,8.987342142075008,9.509862213154095,8.768833353358259,9.272353172302246,1272300,0.0,0.0
2024-08-07 00:00:00-04:00,9.262851971332088,9.281853128216579,8.426820094940139,8.607327461242676,2430600,0.0,0.0
2024-08-08 00:00:00-04:00,8.702329713049304,8.96833954235836,8.545573807524779,8.588325500488281,1478800,0.0,0.0
2024-08-09 00:00:00-04:00,8.597827735601978,8.797335372552746,8.493323174421741,8.512324333190918,1548800,0.0,0.0
2024-08-12 00:00:00-04:00,8.531390620189027,8.607648789269113,8.417003366568899,8.540923118591309,716900,0.03,0.0
2024-08-13 00:00:00-04:00,8.626713322169454,8.702971487148732,8.512326074700535,8.617180824279785,707000,0.0,0.0
2024-08-14 00:00:00-04:00,8.655309600101985,8.931745665624685,8.579051437824619,8.912681579589844,1516100,0.0,0.0
2024-08-15 00:00:00-04:00,9.103326176927318,9.160519339022212,8.88313059381725,8.960341453552246,880900,0.0,0.0
2024-08-16 00:00:00-04:00,8.979407131868228,9.036600298325535,8.741100150468476,8.845954895019531,1354300,0.0,0.0
2024-08-19 00:00:00-04:00,8.96034235387435,9.427424739615306,8.865020104448716,9.13192367553711,3974400,0.0,0.0
2024-08-20 00:00:00-04:00,9.131924168439559,9.255843917543656,8.855488084767053,8.96987533569336,1774800,0.0,0.0
2024-08-21 00:00:00-04:00,8.988939491036463,9.089027985331724,8.569518701145627,8.712503433227539,1214000,0.0,0.0
2024-08-22 00:00:00-04:00,8.674375165552798,8.884084671069616,8.674375165552798,8.731568336486816,1517300,0.0,0.0
2024-08-23 00:00:00-04:00,8.769696216120321,9.141455412427998,8.750632131449356,8.855486869812012,2735100,0.0,0.0
2024-08-26 00:00:00-04:00,8.86501915931388,8.912680733479814,8.664841275072089,8.807825088500977,1845300,0.0,0.0
2024-08-27 00:00:00-04:00,8.788762385276641,8.86502055229721,8.683906723821565,8.81735897064209,1257500,0.0,0.0
2024-08-28 00:00:00-04:00,8.817357038864603,9.012768662676095,8.717268557479192,8.988938331604004,1751600,0.0,0.0
2024-08-29 00:00:00-04:00,9.055665016174316,9.293971990284167,8.884083703913156,9.055665016174316,2486900,0.0,0.0
2024-08-30 00:00:00-04:00,9.1128585265383,9.522745878498602,9.05566445629768,9.47508430480957,1929000,0.0,0.0
2024-09-03 00:00:00-04:00,9.398827103812527,9.40359335257174,8.307381591885042,8.436067581176758,2466200,0.0,0.0
2024-09-04 00:00:00-04:00,8.436065894364578,8.545686866700464,8.150097389474983,8.397936820983887,1162200,0.0,0.0
2024-09-05 00:00:00-04:00,8.388406258512623,8.42653534068031,8.207292436414333,8.312148094177246,1512300,0.0,0.0
2024-09-06 00:00:00-04:00,8.312147888990287,8.374107305082415,7.654420101497521,7.702081680297852,907000,0.0,0.0
2024-09-09 00:00:00-04:00,7.7306782839001595,8.016646848371112,7.721146695370699,7.778339862823486,1335700,0.0,0.0
2024-09-10 00:00:00-04:00,7.759275904355412,7.930856318605713,7.501903919376427,7.921324729919434,1128300,0.0,0.0
2024-09-11 00:00:00-04:00,7.93085686954052,8.12150320161412,7.721147358770095,8.064309120178223,939400,0.0,0.0
2024-09-12 00:00:00-04:00,8.178695852055824,8.42653534068031,8.111970185529627,8.312148094177246,2269600,0.0,0.0
2024-09-13 00:00:00-04:00,8.455132451108941,8.679140709148058,8.359810194293377,8.540923118591309,680200,0.0,0.0
2024-09-16 00:00:00-04:00,8.550454854237858,8.98893974186721,8.493260777995333,8.912681579589844,1078600,0.0,0.0
2024-09-17 00:00:00-04:00,8.988939170259302,9.150987982061247,8.80782536456586,8.922212600708008,1165000,0.0,0.0
2024-09-18 00:00:00-04:00,8.922211780518786,9.227245291259408,8.845953630100846,8.90314769744873,987600,0.0,0.0
2024-09-19 00:00:00-04:00,9.122390579879433,9.255842811210025,8.698204461429588,8.750632286071777,1267900,0.0,0.0
2024-09-20 00:00:00-04:00,8.626712197553125,8.931744817704839,8.626712197553125,8.807825088500977,2345500,0.0,0.0
2024-09-23 00:00:00-04:00,8.865019138502609,8.931744796736924,8.431300541841733,8.48372745513916,1035500,0.0,0.0
2024-09-24 00:00:00-04:00,8.48372745513916,8.531389029193205,8.254952990562439,8.48372745513916,900700,0.0,0.0
2024-09-25 00:00:00-04:00,8.493260272330193,8.760163824410276,8.407469617608644,8.598115921020508,620900,0.0,0.0
2024-09-26 00:00:00-04:00,8.66484151674472,8.817357831074437,8.612413692793028,8.683905601501465,1076200,0.0,0.0
2024-09-27 00:00:00-04:00,8.750633038657117,8.788762121020957,8.607648297990943,8.702971458435059,696200,0.0,0.0
2024-09-30 00:00:00-04:00,8.731567207137761,9.036599836850154,8.617179970995615,8.922212600708008,1794100,0.0,0.0
2024-10-01 00:00:00-04:00,8.88408381651834,8.88408381651834,8.474196434020996,8.474196434020996,802800,0.0,0.0
2024-10-02 00:00:00-04:00,8.436067647060677,8.674374632468389,8.331211991677119,8.502793312072754,650400,0.0,0.0
2024-10-03 00:00:00-04:00,8.502793576810868,8.65054365782459,8.388406329341949,8.617180824279785,925900,0.0,0.0
2024-10-04 00:00:00-04:00,8.76969717222215,9.389295900285678,8.711550389486387,9.332101821899414,1108300,0.0,0.0
2024-10-07 00:00:00-04:00,9.32256857263804,9.389295143555692,9.036600021892427,9.055665016174316,740000,0.0,0.0
2024-10-08 00:00:00-04:00,9.122392364006227,9.198650537089753,9.022303852735023,9.093795776367188,415200,0.0,0.0
2024-10-09 00:00:00-04:00,9.093793744431268,9.27014129845167,8.845954282753,8.874551773071289,781800,0.0,0.0
2024-10-10 00:00:00-04:00,8.76969673369713,8.960342137003133,8.693438572374728,8.845954895019531,530800,0.0,0.0
2024-10-11 00:00:00-04:00,8.865019091386586,9.255842360228554,8.826890014159781,9.15098762512207,698500,0.0,0.0
2024-10-14 00:00:00-04:00,9.179584086918991,9.227245660102609,9.046131863818644,9.084260940551758,588100,0.0,0.0
2024-10-15 00:00:00-04:00,9.112860081153038,9.198649837545972,8.81735900112495,8.96987533569336,701300,0.0,0.0
2024-10-16 00:00:00-04:00,9.017535641293868,9.49414957390122,8.912680903385066,9.027068138122559,1084200,0.0,0.0
2024-10-17 00:00:00-04:00,9.05566539111859,9.14145605080128,8.62671300177414,8.6743745803833,1034300,0.0,0.0
2024-10-18 00:00:00-04:00,8.674374353152825,8.722035021444485,8.531389621070913,8.712503433227539,834300,0.0,0.0
2024-10-21 00:00:00-04:00,8.769696812700579,8.788761807737426,8.417002586139912,8.436067581176758,721000,0.0,0.0
2024-10-22 00:00:00-04:00,8.43606719775946,8.598116011931577,8.302614965773904,8.57905101776123,544700,0.0,0.0
2024-10-23 00:00:00-04:00,8.540921938489495,8.67437417047505,8.45513128286085,8.57905101776123,491800,0.0,0.0
2024-10-24 00:00:00-04:00,8.62671300177414,8.760164330996991,8.397938515332967,8.6743745803833,1631000,0.0,0.0
2024-10-25 00:00:00-04:00,8.817358061292556,8.820217992254868,8.493260430345362,8.645776748657227,696300,0.0,0.0
2024-10-28 00:00:00-04:00,8.741100533399614,8.788762113581326,8.450365712453292,8.464664459228516,852800,0.0,0.0
2024-10-29 00:00:00-04:00,8.445599897555013,8.445599897555013,8.178696307517654,8.23589038848877,1000700,0.0,0.0
2024-10-30 00:00:00-04:00,8.264486571031075,8.355043482702934,8.121502739186274,8.1405668258667,1163100,0.0,0.0
2024-10-31 00:00:00-04:00,8.569519011183656,8.579051508814457,7.683017640106422,7.692549228668213,1669800,0.0,0.0
2024-11-01 00:00:00-04:00,7.816468444266348,8.030945081170517,7.61629055284544,7.864130020141602,1184900,0.0,0.0
2024-11-04 00:00:00-05:00,7.816467999237342,8.145331854076954,7.816467999237342,7.940387725830078,1450300,0.0,0.0
2024-11-05 00:00:00-05:00,7.978517837960631,8.384592603133099,7.978517837960631,8.245421409606934,1667800,0.0,0.0
2024-11-06 00:00:00-05:00,8.579051741790146,8.722035573859035,8.293083168583335,8.617180824279785,2555800,0.0,0.0
2024-11-07 00:00:00-05:00,8.664841996052935,8.664841996052935,8.312147772388442,8.521857261657715,1137700,0.0,0.0
2024-11-08 00:00:00-05:00,8.57905101776123,8.75063232901852,8.474196277031195,8.57905101776123,2477700,0.0,0.0
2024-11-11 00:00:00-05:00,8.741099862061946,9.217713809135907,8.631478872411485,9.14145565032959,2874600,0.0,0.0
2024-11-12 00:00:00-05:00,9.103207387332457,9.370948512865263,8.720719153221028,8.825902938842773,1967600,0.03,0.0
2024-11-13 00:00:00-05:00,8.969335168544099,8.969335168544099,8.290419578552246,8.290419578552246,1755400,0.0,0.0
2024-11-14 00:00:00-05:00,8.30954399052346,8.472101318552074,8.118300343407926,8.233046531677246,937400,0.0,0.0
2024-11-15 00:00:00-05:00,8.280857348682732,8.280857348682732,8.008335048174692,8.060927391052246,847000,0.0,0.0
2024-11-18 00:00:00-05:00,8.070489271090269,8.127862821665195,7.793185752475027,7.984430313110352,1456000,0.0,0.0
2024-11-19 00:00:00-05:00,7.850560867004944,8.405168014721877,7.850560867004944,8.204361915588379,1692700,0.0,0.0
2024-11-20 00:00:00-05:00,8.175674153307018,8.386042627779938,7.955743268194039,8.137425422668457,1098800,0.0,0.0
2024-11-21 00:00:00-05:00,8.204361068402775,8.33823209130881,8.051366134751158,8.089614868164062,1773800,0.0,0.0
2024-11-22 00:00:00-05:00,8.099176406860352,8.166111455140653,8.003554127669945,8.099176406860352,1231700,0.0,0.0
2024-11-25 00:00:00-05:00,8.185236633428026,8.577286353781636,8.185236633428026,8.529475212097168,2618200,0.0,0.0
2024-11-26 00:00:00-05:00,8.50078794876198,8.61553412892154,8.213922042402292,8.28085708618164,1415100,0.0,0.0
2024-11-27 00:00:00-05:00,8.32866890816442,8.452977508217222,8.075270502835059,8.118300437927246,977300,0.0,0.0
2024-11-29 00:00:00-05:00,8.213923854384339,8.58684879418932,8.185237530996673,8.271296501159668,512000,0.0,0.0
2024-12-02 00:00:00-05:00,8.290420150686362,8.548598848458017,8.166111551047548,8.366917610168457,1146600,0.0,0.0
2024-12-03 00:00:00-05:00,8.242609491448338,8.386042920287187,7.884027287233766,8.175674438476562,1099100,0.0,0.0
2024-12-04 00:00:00-05:00,8.204360361059518,8.4051664221451,8.114475890884716,8.376480102539062,859300,0.0,0.0
2024-12-05 00:00:00-05:00,8.366918362309393,8.4816645618476,8.23782854585826,8.338232040405273,756300,0.0,0.0
2024-12-06 00:00:00-05:00,8.41472957788185,8.41472957788185,7.754937785058713,7.89837121963501,1388900,0.0,0.0
2024-12-09 00:00:00-05:00,7.917493926437154,8.013116201613707,7.659315242535021,7.869682788848877,971200,0.0,0.0
2024-12-10 00:00:00-05:00,7.860121461139057,8.17089249431256,7.783624004109321,8.08005142211914,1177400,0.0,0.0
2024-12-11 00:00:00-05:00,8.175675264621741,8.175675264621741,7.974869173493426,8.032241821289062,1412300,0.0,0.0
2024-12-12 00:00:00-05:00,8.051365697390034,8.060928108204251,7.836216013678585,7.840997219085693,627500,0.0,0.0
2024-12-13 00:00:00-05:00,7.860121768651798,7.955743137719166,7.659315708112172,7.678439617156982,608100,0.0,0.0
2024-12-16 00:00:00-05:00,7.688002301932556,7.85055963826062,7.549350536704651,7.649753570556641,946000,0.0,0.0
2024-12-17 00:00:00-05:00,7.55413160132648,7.649753427984114,7.171643838735108,7.630629062652588,1370300,0.0,0.0
2024-12-18 00:00:00-05:00,7.688002160559285,7.726250891231852,6.894340315162272,6.994743347167969,1543600,0.0,0.0
2024-12-19 00:00:00-05:00,7.06645969479517,7.5856869271455825,6.899121609923605,6.9421515464782715,1190200,0.0,0.0
2024-12-20 00:00:00-05:00,6.951713673797533,7.095146647218781,6.760470013209771,6.903902530670166,1592100,0.0,0.0
2024-12-23 00:00:00-05:00,6.9039027785513545,6.9039027785513545,6.679191583282804,6.808280944824219,761300,0.0,0.0
2024-12-24 00:00:00-05:00,6.836967810110438,6.923027233581888,6.779594709142513,6.8847784996032715,299700,0.0,0.0
2024-12-26 00:00:00-05:00,6.798718452453613,6.951713374333142,6.7700316766207855,6.798718452453613,402400,0.0,0.0
2024-12-27 00:00:00-05:00,6.731782946150903,6.827404772325608,6.578788024271375,6.798718452453613,1019100,0.0,0.0
2024-12-30 00:00:00-05:00,6.722220707789985,6.8417480994536986,6.50229028889032,6.760469436645508,1021000,0.0,0.0
2024-12-31 00:00:00-05:00,6.836967307784735,6.980400277646678,6.68397192715027,6.9421515464782715,1192500,0.0,0.0
2025-01-02 00:00:00-05:00,7.066459355223357,7.33420091649698,6.899121278393061,6.961275577545166,917200,0.0,0.0
2025-01-03 00:00:00-05:00,6.999524168166665,7.190767811028809,6.96605618869518,7.133394718170166,419700,0.0,0.0
2025-01-06 00:00:00-05:00,7.171645084426282,7.219456234040156,6.9612770292392465,7.162082672119141,828100,0.0,0.0
2025-01-07 00:00:00-05:00,7.19076880577132,7.4967591326410545,7.028211458870552,7.267266273498535,679100,0.0,0.0
2025-01-08 00:00:00-05:00,7.276828270337811,8.156549555038357,7.2672658594363035,8.041803359985352,1962500,0.0,0.0
2025-01-10 00:00:00-05:00,7.869683452358443,7.907933095191253,7.487196143247122,7.573256015777588,1339900,0.0,0.0
2025-01-13 00:00:00-05:00,7.487196046849112,7.7071269306977594,7.45850972701552,7.688002109527588,501900,0.0,0.0
2025-01-14 00:00:00-05:00,7.735813044893948,7.869683141839884,7.544568941923477,7.659315586090088,924600,0.0,0.0
2025-01-15 00:00:00-05:00,7.793185424049966,7.91749401845558,6.918245426086528,7.1238322257995605,1829300,0.0,0.0
2025-01-16 00:00:00-05:00,7.315077140946686,7.544569535411107,7.142957389137514,7.420261383056641,897900,0.0,0.0
2025-01-17 00:00:00-05:00,7.487196036131995,7.515882811885358,7.1047082765318725,7.1142706871032715,666300,0.0,0.0
2025-01-21 00:00:00-05:00,7.066460142534431,7.133395654300674,6.2823606479398,6.425793170928955,2208100,0.0,0.0
2025-01-22 00:00:00-05:00,6.349295470410761,6.8178431236337635,6.282360417065227,6.712658882141113,1587200,0.0,0.0
2025-01-23 00:00:00-05:00,6.6648475247510275,7.11427079743855,6.6648475247510275,7.066459655761719,1047500,0.0,0.0
2025-01-24 00:00:00-05:00,7.06645997694366,7.128614281564217,6.7748132761495325,6.789156436920166,543700,0.0,0.0
2025-01-27 00:00:00-05:00,6.655285783861719,6.750907614327376,6.425792934783287,6.712658882141113,916700,0.0,0.0
2025-01-28 00:00:00-05:00,6.7126585165586,6.77003161171336,6.267060309299714,6.47360372543335,698700,0.0,0.0
2025-01-29 00:00:00-05:00,6.483166430540176,6.72222123252828,6.339733458155143,6.703096866607666,661400,0.0,0.0
2025-01-30 00:00:00-05:00,6.770031271416032,6.875215501893062,6.574006425500297,6.683971405029297,721400,0.0,0.0
2025-01-31 00:00:00-05:00,6.636161417768587,6.7576011196619294,6.559663953396061,6.712658882141113,821200,0.0,0.0
2025-02-03 00:00:00-05:00,6.50229027427382,6.597912096197679,6.373200472706,6.444916725158691,869300,0.0,0.0
2025-02-04 00:00:00-05:00,6.425792757660305,6.683971920781459,6.3129593199936105,6.559663772583008,676600,0.0,0.0
2025-02-05 00:00:00-05:00,6.578788056184387,6.650504312173096,6.473603818901557,6.550101280212402,603400,0.0,0.0
2025-02-06 00:00:00-05:00,6.636162060660936,6.875216887964453,6.597913324769245,6.607475280761719,735400,0.0,0.0
2025-02-07 00:00:00-05:00,6.578787521782451,6.607473839463379,6.320608382850097,6.416230201721191,609800,0.0,0.0
2025-02-10 00:00:00-05:00,6.502290927666168,6.683972179597605,6.48794731096564,6.530977249145508,889400,0.0,0.0
2025-02-11 00:00:00-05:00,6.492728395831706,6.521415172738612,6.349295423218875,6.38754415512085,396700,0.0,0.0
2025-02-12 00:00:00-05:00,6.311046114328337,6.49272780223286,6.158051200708026,6.435354709625244,653600,0.0,0.0
2025-02-13 00:00:00-05:00,6.435354927106544,6.454479291955386,6.119802679120235,6.148488998413086,1705800,0.0,0.0
2025-02-14 00:00:00-05:00,6.167613538707322,6.258454616294027,6.081554122419877,6.234549045562744,1162800,0.0,0.0
2025-02-18 00:00:00-05:00,6.253673604546433,6.301484747489056,6.143708614123593,6.196300506591797,1245700,0.0,0.0
2025-02-19 00:00:00-05:00,6.205862482823077,6.244111670884469,6.071991920471191,6.071991920471191,853300,0.0,0.0
2025-02-20 00:00:00-05:00,6.205862337383735,6.368419672981791,5.966807539377381,6.052867412567139,1805300,0.0,0.0
2025-02-21 00:00:00-05:00,6.129364596593273,6.186737690793738,5.632130657561755,5.699066162109375,1911200,0.0,0.0
2025-02-24 00:00:00-05:00,5.699066654267728,5.880748362905895,5.307016915394289,5.5078229904174805,1688700,0.0,0.0
2025-02-25 00:00:00-05:00,5.517384333666362,5.613006154985548,5.354827009443341,5.364389419555664,1129200,0.0,0.0
2025-02-26 00:00:00-05:00,5.4122010971234475,5.488698568240813,5.220957419330034,5.240081787109375,1509200,0.0,0.0
2025-02-27 00:00:00-05:00,5.259205743499322,5.6082255421612475,5.173145867243677,5.440887451171875,1416800,0.0,0.0
2025-02-28 00:00:00-05:00,5.440887102446697,5.75643935387809,5.192269900736614,5.584320068359375,2478100,0.0,0.0
2025-03-03 00:00:00-05:00,5.603444677759798,5.708628462183,5.087086342726596,5.106210708618164,1382300,0.0,0.0
2025-03-04 00:00:00-05:00,4.972339700805536,5.278330011609281,4.742847309673365,5.173145771026611,2111700,0.0,0.0
2025-03-05 00:00:00-05:00,5.1635841483649525,5.302235924254305,4.8910613464052135,4.895842552185059,1423700,0.0,0.0
2025-03-06 00:00:00-05:00,4.8767183212392196,4.962778203836671,4.771534070949101,4.848031997680664,1395100,0.0,0.0
2025-03-07 00:00:00-05:00,4.848031378188367,4.934090793828061,4.6472253150943565,4.828907012939453,1400100,0.0,0.0
2025-03-10 00:00:00-04:00,4.781095790719954,5.015369375034633,4.695035920579531,4.819344520568848,1883300,0.0,0.0
2025-03-11 00:00:00-04:00,4.828907205995488,4.914966625075773,4.656787455913215,4.790658473968506,1599300,0.0,0.0
2025-03-12 00:00:00-04:00,4.828906750426292,4.962777299891101,4.714160109209931,4.7332844734191895,1095500,0.0,0.0
2025-03-13 00:00:00-04:00,4.742847755050903,4.800220858221572,4.565947239617784,4.656787872314453,1231000,0.0,0.0
2025-03-14 00:00:00-04:00,4.704894227278026,4.772244618392612,4.550951000486975,4.6183013916015625,1267400,0.03,0.0
2025-03-17 00:00:00-04:00,4.627923104673063,5.108996198199831,4.618301881371796,5.070510387420654,1285900,0.0,0.0
2025-03-18 00:00:00-04:00,5.032024680146339,5.099375079788771,4.829973940006104,4.9261884689331055,942400,0.0,0.0
2025-03-19 00:00:00-04:00,4.926188677368075,5.1667252392566,4.906945770768477,5.157104015350342,917500,0.0,0.0
2025-03-20 00:00:00-04:00,5.089753423256921,5.185005876194694,4.9646743056253815,5.118618011474609,744600,0.0,0.0
2025-03-21 00:00:00-04:00,5.060888961876951,5.16672470789677,4.9598635979220065,5.099374771118164,1384300,0.0,0.0
2025-03-24 00:00:00-04:00,5.089753612858205,5.181157763296611,4.849217050969681,5.157104015350342,1139900,0.0,0.0
2025-03-25 00:00:00-04:00,5.147482227129608,5.224453851950024,4.7433807380353485,4.781866550445557,1012300,0.0,0.0
2025-03-26 00:00:00-04:00,4.781866357426561,4.815541786016496,4.608680208571245,4.743380546569824,895100,0.0,0.0
2025-03-27 00:00:00-04:00,4.743380331668446,4.75781285417614,4.512465476989746,4.512465476989746,853800,0.0,0.0
2025-03-28 00:00:00-04:00,4.522086761630875,4.676030458972724,4.44511514235347,4.502843856811523,903900,0.0,0.0
2025-03-31 00:00:00-04:00,4.435494036471228,4.550951468436371,4.281550335063986,4.358522415161133,1580200,0.0,0.0
2025-04-01 00:00:00-04:00,4.320036075945684,4.454736869849837,4.254610290646213,4.300793170928955,1138600,0.0,0.0
2025-04-02 00:00:00-04:00,4.252685998489175,4.66640867219141,4.194957285329819,4.320035934448242,1435900,0.0,0.0
2025-04-03 00:00:00-04:00,4.079499591458662,4.0891212734964375,3.795666623756506,3.805288076400757,1453600,0.0,0.0
2025-04-04 00:00:00-04:00,3.68501972300634,3.704262627873722,3.3338363650863494,3.5888051986694336,2017300,0.0,0.0
2025-04-07 00:00:00-04:00,3.454104678281916,3.8966921839319544,3.348268700191391,3.5503194332122803,2581100,0.0,0.0
2025-04-08 00:00:00-04:00,3.800477351374018,3.8870704225884474,3.175082259978141,3.2328109741210938,3181400,0.0,0.0
2025-04-09 00:00:00-04:00,3.165460779544171,3.752370056305681,3.136596422728714,3.69464111328125,1778800,0.0,0.0
2025-04-10 00:00:00-04:00,3.704262719431728,3.704262719431728,3.223189627069502,3.252054214477539,1429600,0.0,0.0
2025-04-11 00:00:00-04:00,3.2231896115837286,3.2809185567289174,2.9826530665582704,3.155839443206787,2148200,0.0,0.0
2025-04-14 00:00:00-04:00,3.2135681743979987,3.396376004550091,3.1943252690549917,3.252054214477539,1834000,0.0,0.0
2025-04-15 00:00:00-04:00,3.3194040125934183,3.5330003298119026,3.0884889448636113,3.136596202850342,2390800,0.0,0.0
2025-04-16 00:00:00-04:00,3.09811068257646,3.367511581575258,3.0884892300905573,3.3578901290893555,1529300,0.0,0.0
2025-04-17 00:00:00-04:00,3.4252404455177237,3.6551934681472864,3.338647369377065,3.434861898422241,1893300,0.0,0.0
2025-04-21 00:00:00-04:00,3.3482682704925537,3.4252398810439018,3.2809181112601244,3.3482682704925537,1001400,0.0,0.0
2025-04-22 00:00:00-04:00,3.3963759697733003,3.723505586648339,3.3963759697733003,3.646533966064453,1212000,0.0,0.0
2025-04-23 00:00:00-04:00,3.790856026393614,3.94479926928081,3.6994521112325787,3.771613121032715,1377000,0.0,0.0
2025-04-24 00:00:00-04:00,3.7812345653443744,4.117985867201855,3.7812345653443744,4.098742961883545,1310000,0.0,0.0
2025-04-25 00:00:00-04:00,4.079499372009913,4.243064287557042,3.992906532263277,4.194957256317139,2121300,0.0,0.0
2025-04-28 00:00:00-04:00,4.194956979652364,4.339278981427837,4.0746887213039695,4.166092395782471,888700,0.0,0.0
2025-04-29 00:00:00-04:00,4.14685000788592,4.31041493296235,4.079499609681786,4.291172027587891,607600,0.0,0.0
2025-04-30 00:00:00-04:00,4.204579246132257,4.271929652699937,4.108364707312078,4.156472206115723,884600,0.0,0.0
2025-05-01 00:00:00-04:00,4.2142005906276605,4.329658027930236,4.0843106295719585,4.137228965759277,738200,0.0,0.0
2025-05-02 00:00:00-04:00,4.204578851160087,4.411440434281521,4.194957627575429,4.339279651641846,829600,0.0,0.0
2025-05-05 00:00:00-04:00,4.377765278146944,4.387386501324124,4.194957449910058,4.233443260192871,1066900,0.0,0.0
2025-05-06 00:00:00-04:00,4.156471639627245,4.3007931987942705,3.867827603719099,4.233443260192871,571600,0.0,0.0
2025-05-07 00:00:00-04:00,4.320036005780808,4.502843829864146,4.281550196372425,4.37776517868042,758000,0.0,0.0
2025-05-08 00:00:00-04:00,4.454736964547081,4.676030606337177,4.368143660737505,4.483601093292236,1254700,0.0,0.0
2025-05-09 00:00:00-04:00,4.5605726623219836,4.608680154724354,3.7571807965904545,4.425872325897217,3315000,0.0,0.0
2025-05-12 00:00:00-04:00,4.63754464051798,4.781866196995236,4.401818483445248,4.570194244384766,2763400,0.0,0.0
2025-05-13 00:00:00-04:00,4.618301843511177,5.027213694384458,4.5701943510380625,4.945431232452393,1848800,0.0,0.0
2025-05-14 00:00:00-04:00,4.897323719553844,5.234074757552769,4.878080816204962,5.080131530761719,1708600,0.0,0.0
2025-05-15 00:00:00-04:00,5.022403035612764,5.147482153551599,4.868459788172394,5.051267623901367,1390200,0.0,0.0
2025-05-16 00:00:00-04:00,5.099374933094132,5.185967777243869,4.892513357761605,4.945431232452393,1935900,0.0,0.0
2025-05-19 00:00:00-04:00,4.819617840632661,4.940592183558701,4.626059076543195,4.848651885986328,811600,0.03,0.0
2025-05-20 00:00:00-04:00,4.868007490742369,5.177701496003438,4.742194070364825,5.129312038421631,1864200,0.0,0.0
2025-05-21 00:00:00-04:00,4.993820422682386,5.090600260284514,4.819617545663396,4.8583292961120605,1349100,0.0,0.0
2025-05-22 00:00:00-04:00,4.838973045349121,4.916396540237838,4.7131596354147405,4.838973045349121,1229700,0.0,0.0
2025-05-23 00:00:00-04:00,5.148668052547918,5.327710019536194,5.061566380479926,5.284159183502197,2600700,0.0,0.0
2025-05-27 00:00:00-04:00,5.52610765745189,6.0196827040796075,5.511590866472375,6.010004997253418,3016700,0.0,0.0
2025-05-28 00:00:00-04:00,6.010005641085952,6.1454967815305785,5.961615717329757,6.068073272705078,1771200,0.0,0.0
2025-05-29 00:00:00-04:00,6.106785002096483,6.203564387731825,5.8938703536987305,5.8938703536987305,1154200,0.0,0.0
2025-05-30 00:00:00-04:00,5.816446743678223,6.000327342435919,5.811607659110783,5.913226127624512,1056100,0.0,0.0
2025-06-02 00:00:00-04:00,5.98097166552913,6.04871746729583,5.613209994242738,5.65192174911499,880500,0.0,0.0
2025-06-03 00:00:00-04:00,5.661599378225176,5.898708988884847,5.6132099160492,5.845480442047119,1347200,0.0,0.0
2025-06-04 00:00:00-04:00,6.077751311073453,6.27131007896603,5.913226127624512,5.913226127624512,1261900,0.0,0.0
2025-06-05 00:00:00-04:00,5.874513836851574,6.218080964553808,5.808703492601716,6.155174255371094,1138900,0.0,0.0
2025-06-06 00:00:00-04:00,6.29066593492402,6.426157072000151,6.058395414222082,6.232598304748535,960000,0.0,0.0
2025-06-09 00:00:00-04:00,6.3100218116491815,6.3293776883743424,6.1503357132964735,6.232598304748535,720600,0.0,0.0
2025-06-10 00:00:00-04:00,6.329377900947806,6.363250570984333,5.879353175123,5.922904014587402,844700,0.0,0.0
2025-06-11 00:00:00-04:00,5.9712935178981565,6.149367761791509,5.894837738432652,6.048717021942139,758900,0.0,0.0
2025-06-12 00:00:00-04:00,6.000327134833165,6.3584115352659785,6.000327134833165,6.222919940948486,1065700,0.0,0.0
2025-06-13 00:00:00-04:00,6.126140190382991,6.300343526419202,6.0264576420534075,6.203563690185547,1002800,0.0,0.0
2025-06-16 00:00:00-04:00,6.290665654043094,6.5326143330447515,6.290665654043094,6.513258457183838,1230100,0.0,0.0
2025-06-17 00:00:00-04:00,6.464867915623553,6.577132261718377,6.310020923614502,6.310020923614502,1456700,0.0,0.0
2025-06-18 00:00:00-04:00,6.300343990325928,6.34389436606122,6.135818810390954,6.300343990325928,1135900,0.0,0.0
2025-06-20 00:00:00-04:00,6.387445191022859,6.445512820039009,6.024522163561556,6.029361248016357,1611300,0.0,0.0
2025-06-23 00:00:00-04:00,5.98097058270254,6.1067839939996915,5.879352129190291,5.942258834838867,1285100,0.0,0.0
2025-06-24 00:00:00-04:00,5.971293619000208,6.1019456689164215,5.9519377426614914,6.029361248016357,1758300,0.0,0.0
2025-06-25 00:00:00-04:00,6.039038409100594,6.2422753230107535,5.874513705846112,5.903547286987305,1467200,0.0,0.0
2025-06-26 00:00:00-04:00,5.913226017767811,6.130979742971628,5.884191972383071,6.092267990112305,718700,0.0,0.0
2025-06-27 00:00:00-04:00,6.1164633921564535,6.242276367283,6.063234382025483,6.077751636505127,3551000,0.0,0.0
2025-06-30 00:00:00-04:00,6.097107846538329,6.116463725418618,5.855159129794436,5.971294403076172,1130800,0.0,0.0
2025-07-01 00:00:00-04:00,5.922904076813345,6.072912474157772,5.840641481734227,6.0003275871276855,972300,0.0,0.0
2025-07-02 00:00:00-04:00,6.010005691163972,6.329377898470572,6.010005691163972,6.193886756896973,1131000,0.0,0.0
2025-07-03 00:00:00-04:00,6.280987056068037,6.426156345842832,6.179369060854175,6.368088722229004,496500,0.0,0.0
2025-07-07 00:00:00-04:00,6.319700203389345,6.32937791135261,6.0487174582101035,6.145496845245361,746400,0.0,0.0
2025-07-08 00:00:00-04:00,6.164852165927024,6.1938862101559025,6.06807278763156,6.116462707519531,794800,0.0,0.0
2025-07-09 00:00:00-04:00,6.164852565661443,6.339055919369253,6.039039134979248,6.039039134979248,706200,0.0,0.0
2025-07-10 00:00:00-04:00,6.06807278763156,6.164852165927024,6.029361036313374,6.116462707519531,657200,0.0,0.0
2025-07-11 00:00:00-04:00,6.0971071390105305,6.213242398815559,6.014844547945176,6.0583953857421875,684400,0.0,0.0
2025-07-14 00:00:00-04:00,6.029361258032168,6.106784763515648,5.961615459993876,5.980971336364746,770700,0.0,0.0
2025-07-15 00:00:00-04:00,6.0390382044980475,6.135818035637663,5.918063877053964,5.942258834838867,891500,0.0,0.0
2025-07-16 00:00:00-04:00,6.000326930317323,6.029360974247325,5.84547992663857,5.990649223327637,735600,0.0,0.0
2025-07-17 00:00:00-04:00,6.019683467017054,6.716495983074653,6.019683467017054,6.493903160095215,1374000,0.0,0.0
2025-07-18 00:00:00-04:00,6.639071292815869,6.881019950381516,6.474546131834359,6.532613754272461,938400,0.0,0.0
2025-07-21 00:00:00-04:00,6.581003990464316,6.760045950393476,6.561648115376852,6.745528697967529,1218700,0.0,0.0
2025-07-22 00:00:00-04:00,6.943927155160258,6.943927155160258,6.5810041427612305,6.5810041427612305,1025000,0.0,0.0
2025-07-23 00:00:00-04:00,6.716496094735196,6.784241898152773,6.547131816931518,6.697140216827393,1328700,0.0,0.0
2025-07-24 00:00:00-04:00,6.687461935955368,6.7455295687134145,6.484224990561946,6.493903160095215,849900,0.0,0.0
2025-07-25 00:00:00-04:00,6.503579843994602,6.532613886541742,6.3100210986151755,6.368088722229004,1034500,0.0,0.0
2025-07-28 00:00:00-04:00,6.455191332100601,6.479386294180302,6.174530879529316,6.193886756896973,688900,0.0,0.0
2025-07-29 00:00:00-04:00,6.3390558276779245,6.3390558276779245,5.951937833513994,6.0583953857421875,961200,0.0,0.0
2025-07-30 00:00:00-04:00,6.058394880274787,6.295504464630853,5.924839204197746,6.155174255371094,2853700,0.0,0.0
2025-07-31 00:00:00-04:00,6.155174950874024,6.232598459699525,5.661599389890683,6.068073272705078,3058400,0.0,0.0
2025-08-01 00:00:00-04:00,5.932581832208289,6.184208223164661,5.647082311743576,6.126140594482422,2287400,0.0,0.0
2025-08-04 00:00:00-04:00,6.193886405230396,6.590682099478992,6.193886405230396,6.397123336791992,1876300,0.0,0.0
2025-08-05 00:00:00-04:00,6.426156214536197,6.997155193958872,6.348732717966432,6.948765277862549,2149600,0.0,0.0
2025-08-06 00:00:00-04:00,6.900377066153428,7.679451717565387,6.851987141341036,6.939088821411133,4878100,0.0,0.0
2025-08-07 00:00:00-04:00,6.851986888334342,6.890698642162632,5.792251819694029,6.039039134979248,4491900,0.0,0.0
2025-08-08 00:00:00-04:00,5.651921900036915,5.768057167754802,4.7421947132857305,4.819618225097656,7225800,0.0,0.0
2025-08-11 00:00:00-04:00,4.8292955950087055,4.964787192667994,4.558313322651129,4.703482627868652,5182600,0.0,0.0
2025-08-12 00:00:00-04:00,4.674448421325283,4.732516049117342,4.413143865520779,4.597024917602539,2934100,0.0,0.0
2025-08-13 00:00:00-04:00,4.548635054728265,4.8341345744373845,4.442177966499483,4.722838401794434,3858800,0.0,0.0
2025-08-14 00:00:00-04:00,4.606703188959999,4.698643486309357,4.459597974832237,4.577669143676758,2195800,0.0,0.0
2025-08-15 00:00:00-04:00,4.616381286520359,4.731548829828849,4.519601896531778,4.548635482788086,2931700,0.0,0.0
2025-08-18 00:00:00-04:00,4.51960177196535,4.616381159286558,4.3115257431143625,4.3937883377075195,5232400,0.0,0.0
2025-08-19 00:00:00-04:00,4.403466244393366,4.505084710386458,4.2534578568871835,4.3066864013671875,1904200,0.0,0.0
2025-08-20 00:00:00-04:00,4.2679747292196275,4.490567541711836,4.2437802294874,4.384110450744629,3228700,0.0,0.0
2025-08-21 00:00:00-04:00,4.384110348447967,4.461533853337738,4.287330505855262,4.40346622467041,2462900,0.0,0.0
2025-08-22 00:00:00-04:00,4.577669233127268,5.226091796145457,4.50024572616638,5.14866828918457,5932500,0.0,0.0
2025-08-25 00:00:00-04:00,5.119470128347731,5.2508631260385314,4.992943194202798,5.1875996589660645,3389800,0.03,0.0
2025-08-26 00:00:00-04:00,5.109736802826713,5.362790657733549,4.905347293585837,4.934545993804932,4261000,0.0,0.0
2025-08-27 00:00:00-04:00,4.9734772439776265,5.104870233643766,4.778820327005166,5.031874179840088,2844500,0.0,0.0
2025-08-28 00:00:00-04:00,5.05133985656925,5.070805501977898,4.691225184460439,4.700957775115967,2063700,0.0,0.0
2025-08-29 00:00:00-04:00,4.6814917183709355,4.710690415967182,4.56469785618106,4.671759128570557,1827500,0.0,0.0
2025-09-02 00:00:00-04:00,4.593896526244502,4.637694344752265,4.360308779666564,4.370041370391846,2128700,0.0,0.0
2025-09-03 00:00:00-04:00,4.301911526509079,4.3505754047502405,4.039125098894602,4.048857688903809,2479700,0.0,0.0
2025-09-04 00:00:00-04:00,4.039124819026857,4.116987390095732,3.985593953343858,4.029391765594482,2112200,0.0,0.0
2025-09-05 00:00:00-04:00,4.05859054583959,4.224048744836031,3.8979988736601134,4.068323135375977,2661900,0.0,0.0
2025-09-08 00:00:00-04:00,4.08778897065899,4.136453312920611,3.9271972909322304,3.9320638179779053,1972600,0.0,0.0
2025-09-09 00:00:00-04:00,3.9320639763533336,4.095575764532441,3.8493348696349585,3.8931326866149902,2291300,0.0,0.0
2025-09-10 00:00:00-04:00,3.893132877912393,4.1169880369562595,3.795804648784104,4.107254981994629,2221300,0.0,0.0
2025-09-11 00:00:00-04:00,4.06832306380316,4.418705098802186,4.06832306380316,4.3603081703186035,1867500,0.0,0.0
2025-09-12 00:00:00-04:00,4.408972791788377,4.418705381776817,4.209449359903374,4.37977409362793,1800600,0.0,0.0
2025-09-15 00:00:00-04:00,4.428438350292873,4.798285580560812,4.418705296394939,4.671759128570557,2520900,0.0,0.0
2025-09-16 00:00:00-04:00,4.710690908346856,4.798286082096273,4.6133622155845675,4.739889144897461,1937200,0.0,0.0
2025-09-17 00:00:00-04:00,4.778820629258015,4.8372175688139905,4.525767224515457,4.652294158935547,1937400,0.0,0.0
2025-09-18 00:00:00-04:00,4.749621525097383,5.061071812580794,4.623094613758479,4.759354114532471,3771000,0.0,0.0
2025-09-19 00:00:00-04:00,4.759354380605385,4.812885249832405,4.486835363822156,4.54523229598999,3598100,0.0,0.0
2025-09-22 00:00:00-04:00,4.525767136730795,4.681492305859516,4.399240204764902,4.6133623123168945,1790000,0.0,0.0
2025-09-23 00:00:00-04:00,4.642560399375297,4.876148586262713,4.579296941761988,4.603629112243652,1539800,0.0,0.0
2025-09-24 00:00:00-04:00,4.642560652089244,4.74572861501372,4.545232428962153,4.554965019226074,1275000,0.0,0.0
2025-09-25 00:00:00-04:00,4.545231816549807,4.5744300475050546,4.097521586390885,4.116987228393555,1499600,0.0,0.0
2025-09-26 00:00:00-04:00,4.087789190821279,4.272713051638575,4.009926610287172,4.2629804611206055,1523500,0.0,0.0
2025-09-29 00:00:00-04:00,4.321377080138057,4.467369639999674,4.214315807693197,4.3408427238464355,2166100,0.0,0.0
2025-09-30 00:00:00-04:00,4.321377598827703,4.3797745369621515,4.175385021442776,4.2435150146484375,2495600,0.0,0.0
2025-10-01 00:00:00-04:00,4.243514613745029,4.511167569648114,4.2026364360445285,4.447904109954834,2420100,0.0,0.0
2025-10-02 00:00:00-04:00,4.467369993065367,4.700957736026845,4.413839120563503,4.564698219299316,1351600,0.0,0.0
2025-10-03 00:00:00-04:00,4.603629345873004,4.895614478275824,4.559831529602823,4.885881423950195,1128800,0.0,0.0
2025-10-06 00:00:00-04:00,4.963743958659429,5.172999983850646,4.834297400307112,5.148667812347412,1587000,0.0,0.0
2025-10-07 00:00:00-04:00,5.177866724661401,5.194412267816185,4.924812873140342,4.963744163513184,1181800,0.0,0.0
2025-10-08 00:00:00-04:00,5.041606034292866,5.391988062404742,4.885880894730931,5.08053731918335,1750200,0.0,0.0
2025-10-09 00:00:00-04:00,5.090270548819823,5.148667478178855,4.905346707134116,4.9929423332214355,1073100,0.0,0.0
2025-10-10 00:00:00-04:00,4.992942647881287,5.157427180174389,4.856682673358775,4.9150800704956055,1072900,0.0,0.0
2025-10-13 00:00:00-04:00,5.012408301665898,5.1584008665877334,4.954011368516677,5.148667812347412,821700,0.0,0.0
2025-10-14 00:00:00-04:00,5.041606468483346,5.3871219997158315,4.954011301984697,5.343324184417725,956600,0.0,0.0
2025-10-15 00:00:00-04:00,5.479584261352259,5.567179429513191,5.138935250710122,5.216797828674316,1319500,0.0,0.0
2025-10-16 00:00:00-04:00,5.284927088373518,5.33845795612333,5.070805009666919,5.265461444854736,1239300,0.0,0.0
2025-10-17 00:00:00-04:00,5.255729278855945,5.761836515243697,5.236263633767861,5.528248310089111,4059300,0.0,0.0
2025-10-20 00:00:00-04:00,5.596377976157673,6.029489134431084,5.572045805180954,5.9370269775390625,2336000,0.0,0.0
2025-10-21 00:00:00-04:00,5.898096125562732,5.927294825712478,5.693706616807296,5.80076789855957,1129000,0.0,0.0
2025-10-22 00:00:00-04:00,5.791034947619454,5.820233648292611,5.430920269203611,5.440653324127197,1298300,0.0,0.0
2025-10-23 00:00:00-04:00,5.499050033507515,5.615843903165256,5.3579239916466825,5.391988754272461,1146900,0.0,0.0
2025-10-24 00:00:00-04:00,5.576912373195963,5.664508003717111,5.450385454464874,5.508782386779785,898200,0.0,0.0
2025-10-27 00:00:00-04:00,5.586644828442266,5.654774813215057,5.26546147640885,5.333591461181641,1122500,0.0,0.0
2025-10-28 00:00:00-04:00,5.36279047685128,5.372523067197642,5.231397026443534,5.2557291984558105,1817800,0.0,0.0
2025-10-29 00:00:00-04:00,5.265461392309802,5.304392678958863,5.051339315739963,5.129201889038086,1283500,0.0,0.0
2025-10-30 00:00:00-04:00,5.051339462306605,5.216797667414725,4.973476886749268,4.973476886749268,1539500,0.0,0.0
2025-10-31 00:00:00-04:00,5.898096074676636,5.898096074676636,4.983209820544951,5.197332382202148,3189600,0.0,0.0
2025-11-03 00:00:00-05:00,5.158400929336791,5.528248177114171,5.002675308280319,5.518515586853027,2135700,0.0,0.0
2025-11-04 00:00:00-05:00,5.460118467494093,5.5963779752039144,5.017274719364002,5.041606426239014,1934700,0.0,0.0
2025-11-05 00:00:00-05:00,5.051340025487089,5.1194700187444395,4.934546149129582,5.01240873336792,1149900,0.0,0.0
2025-11-06 00:00:00-05:00,5.022141324348907,5.129202609725427,4.905347447991399,5.01240873336792,1365300,0.0,0.0
2025-11-07 00:00:00-05:00,4.983209528386757,5.0416064606611055,4.7788200333777535,4.944278240203857,1172800,0.0,0.0
2025-11-10 00:00:00-05:00,5.070805106195939,5.129202037863942,4.832350852527205,4.973476886749268,1465700,0.0,0.0
2025-11-11 00:00:00-05:00,4.973477232429306,4.988076350336625,4.593896454058303,4.798285961151123,2175200,0.0,0.0
2025-11-12 00:00:00-05:00,4.798286147521915,4.885881786563319,4.457637110501889,4.477102756500244,1312000,0.0,0.0
2025-11-13 00:00:00-05:00,4.535499549985176,4.535499549985176,4.199717051187847,4.233781814575195,2061600,0.0,0.0
2025-11-14 00:00:00-05:00,4.0867754229996525,4.434690369419347,4.0867754229996525,4.341586112976074,1514000,0.03,0.0
2025-11-17 00:00:00-05:00,4.331785905798762,4.41998983923101,4.116176394591148,4.125977039337158,1365200,0.0,0.0
2025-11-18 00:00:00-05:00,4.067174167481421,4.145577448353863,3.9446689242881283,4.057373523712158,1501400,0.0,0.0
2025-11-19 00:00:00-05:00,4.03777314133506,4.09657560836571,3.822164095556009,3.9397690296173096,1552100,0.0,0.0
2025-11-20 00:00:00-05:00,4.018172516341963,4.292584509949734,3.8956672538478756,3.920168399810791,2389600,0.0,0.0
2025-11-21 00:00:00-05:00,3.9005674641018397,4.125977159288145,3.8711662299897442,4.076974868774414,1379600,0.0,0.0
2025-11-24 00:00:00-05:00,4.076974714267562,4.155378002261868,3.8760661719520395,3.910367727279663,2948400,0.0,0.0
2025-11-25 00:00:00-05:00,3.9005676755070353,4.076975089740639,3.861366027899568,4.067174911499023,1892500,0.0,0.0
2025-11-26 00:00:00-05:00,4.076974954195754,4.091675922050176,3.9740705158172323,4.0083723068237305,1438500,0.0,0.0
2025-11-28 00:00:00-05:00,4.047573680718012,4.346486330499872,3.9593697488097277,4.194580078125,1405400,0.0,0.0
2025-12-01 00:00:00-05:00,4.184779865003693,4.233782158298364,4.12597739344239,4.1749796867370605,1967500,0.0,0.0
2025-12-02 00:00:00-05:00,4.1945803925843315,4.478792564128449,4.14067777801254,4.331786155700684,1559900,0.0,0.0
2025-12-03 00:00:00-05:00,4.341586173072339,4.807106527091507,4.341586173072339,4.7728047370910645,1096900,0.0,0.0
2025-12-04 00:00:00-05:00,4.772804268650318,4.978613119171377,4.704201630023583,4.968812942504883,1384400,0.0,0.0
2025-12-05 00:00:00-05:00,5.064857955609887,5.064857955609887,4.537595183851927,4.606197834014893,977200,0.0,0.0
2025-12-08 00:00:00-05:00,4.645398984229981,5.033496004564012,4.635598806965429,4.998214244842529,2348500,0.0,0.0
2025-12-09 00:00:00-05:00,4.949212354189002,5.101118604553991,4.92961153261544,5.066817283630371,1303200,0.0,0.0
2025-12-10 00:00:00-05:00,5.076618131646996,5.527437554736478,5.017815659155391,5.468635082244873,1943500,0.0,0.0
2025-12-11 00:00:00-05:00,5.449033436851251,5.478434902326183,4.9933137595726835,5.027615547180176,2316000,0.0,0.0
2025-12-12 00:00:00-05:00,5.086418010809598,5.155021118704143,4.9002099756562085,5.027615547180176,1269500,0.0,0.0
2025-12-15 00:00:00-05:00,5.096218543274991,5.135420188429378,4.743403736885511,4.7728047370910645,1775700,0.0,0.0
2025-12-16 00:00:00-05:00,4.684601289991574,4.831607226314186,4.508193418691678,4.576796531677246,1447500,0.0,0.0
2025-12-17 00:00:00-05:00,4.566996052716561,4.69440163832706,4.468991935831752,4.5473952293396,1396900,0.0,0.0
2025-12-18 00:00:00-05:00,4.615998479302098,4.694401775094153,4.400388948553438,4.498393535614014,876400,0.0,0.0
2025-12-19 00:00:00-05:00,4.596397655700399,4.718902922214844,4.498393535952945,4.606197834014893,1242500,0.0,0.0
2025-12-22 00:00:00-05:00,4.655200172105894,4.885510206207192,4.5816971984218995,4.62579870223999,959300,0.0,0.0
2025-12-23 00:00:00-05:00,4.586596372789926,4.71890226655639,4.498392910932724,4.635598659515381,790900,0.0,0.0
2025-12-24 00:00:00-05:00,4.635598889645083,4.7679043226592785,4.625798244885273,4.733603000640869,410400,0.0,0.0
2025-12-26 00:00:00-05:00,4.704201792095988,4.782605077410848,4.661079798244638,4.743403434753418,392600,0.0,0.0
2025-12-29 00:00:00-05:00,4.704202421082852,4.792405895195308,4.527794538216929,4.606197834014893,649800,0.0,0.0
2025-12-30 00:00:00-05:00,4.5963976553540835,4.669900628329009,4.449391242083726,4.498393535614014,817200,0.0,0.0
2025-12-31 00:00:00-05:00,4.478792282859154,4.547394926448822,4.410189171949026,4.517993927001953,790700,0.0,0.0
2026-01-02 00:00:00-05:00,4.547395296711955,4.7924058262142015,4.537595118538524,4.7826056480407715,792300,0.0,0.0
2026-01-05 00:00:00-05:00,4.821807297239618,5.003115033062915,4.7630048262148055,4.89040994644165,1181500,0.0,0.0
2026-01-06 00:00:00-05:00,4.89040953620775,5.106019045866074,4.743403604637617,5.017815113067627,1076700,0.0,0.0
2026-01-07 00:00:00-05:00,5.008015410957771,5.042316735936498,4.900210645898268,4.910011291503906,662200,0.0,0.0
2026-01-08 00:00:00-05:00,4.890409913845038,5.0423166468036555,4.880609735733141,4.97861385345459,652800,0.0,0.0
2026-01-09 00:00:00-05:00,5.008015217281551,5.037416218320427,4.748303726622068,4.831607341766357,847500,0.0,0.0
2026-01-12 00:00:00-05:00,4.8316072508439465,5.008015123039453,4.7581042823094695,4.792405605316162,993100,0.0,0.0
2026-01-13 00:00:00-05:00,4.821807153000603,5.145220967622755,4.821807153000603,5.135420322418213,868600,0.0,0.0
2026-01-14 00:00:00-05:00,5.125620085583746,5.346129459624518,5.00311482585882,5.311828136444092,1271000,0.0,0.0
2026-01-15 00:00:00-05:00,5.243225000660337,5.654842746372223,5.223624177879794,5.50783634185791,966700,0.0,0.0
2026-01-16 00:00:00-05:00,5.5470378408008365,5.694044241429507,5.409832084963628,5.645042419433594,1066400,0.0,0.0
2026-01-20 00:00:00-05:00,5.4686343158038655,5.733245638590489,5.380430385768175,5.547037601470947,1250700,0.0,0.0
2026-01-21 00:00:00-05:00,5.625440946397077,5.934154237453568,5.576439125999183,5.8704514503479,1289800,0.0,0.0
2026-01-22 00:00:00-05:00,5.929254516609581,6.257568636713113,5.8802522277832034,6.12526273727417,1038700,0.0,0.0
2026-01-23 00:00:00-05:00,6.125262964432829,6.290890220795082,5.997857382615711,6.223267078399658,1101600,0.0,0.0
2026-01-26 00:00:00-05:00,6.144864161160317,6.193866454785913,5.782248683756527,6.076261043548584,1521200,0.0,0.0
2026-01-27 00:00:00-05:00,6.056659524485928,6.086060990751205,5.73814605443443,5.782248020172119,984800,0.0,0.0
2026-01-28 00:00:00-05:00,5.850850628724652,5.909653560914846,5.713644877361918,5.8704514503479,646400,0.0,0.0
2026-01-29 00:00:00-05:00,5.880252094819749,6.017457846182484,5.679343556351347,5.8704514503479,917700,0.0,0.0
2026-01-30 00:00:00-05:00,5.821449960526684,6.0076580101817685,5.5862396203706135,5.703845024108887,1277600,0.0,0.0
2026-02-02 00:00:00-05:00,5.625441220824991,5.7822482687809975,5.586239575666108,5.684244155883789,1106000,0.0,0.0
2026-02-03 00:00:00-05:00,5.752846620603233,5.988056951491036,5.635241688819561,5.909653663635254,1265500,0.0,0.0
2026-02-04 00:00:00-05:00,5.958656079490661,6.0517603436004865,5.703845368532174,5.752847194671631,1284900,0.0,0.0
2026-02-05 00:00:00-05:00,5.703844498213375,5.713644675017708,5.238324183336485,5.292226791381836,1459900,0.0,0.0
2026-02-06 00:00:00-05:00,5.292227029224527,5.909653617220155,5.292227029224527,5.890052795410156,1096300,0.0,0.0
2026-02-09 00:00:00-05:00,5.919454537301579,6.1546648958587316,5.78224876741354,6.115462779998779,1016200,0.0,0.0
2026-02-10 00:00:00-05:00,6.095861270514252,6.218366525259735,5.997857160181957,6.12526273727417,765100,0.0,0.0
2026-02-11 00:00:00-05:00,6.184065156722181,6.203665978640458,5.831249894872734,6.105661869049072,942500,0.0,0.0
2026-02-12 00:00:00-05:00,6.213467029715488,6.22326720765548,5.723445982383239,5.76264762878418,799800,0.0,0.0
2026-02-13 00:00:00-05:00,5.75284678131258,5.968456296259623,5.733245958801073,5.880252361297607,924000,0.0,0.0
2026-02-17 00:00:00-05:00,5.880252094819749,5.899852916442997,5.625440946397077,5.8704514503479,768700,0.0,0.0
2026-02-18 00:00:00-05:00,5.880252361297607,6.032159086252136,5.772447603824086,5.880252361297607,733900,0.0,0.0
2026-02-19 00:00:00-05:00,5.83125016142346,5.939054920562048,5.7185455470716695,5.919454097747803,754600,0.0,0.0
2026-02-20 00:00:00-05:00,5.831249933986961,5.968456155655696,5.743046468423301,5.8214497566223145,609100,0.0,0.0
2026-02-23 00:00:00-05:00,5.792048842511398,5.831250490351166,5.679344221802194,5.752847194671631,650500,0.0,0.0
2026-02-24 00:00:00-05:00,5.792048424521634,6.203666164454831,5.72834563454907,6.184065341949463,1088500,0.0,0.0
2026-02-25 00:00:00-05:00,6.2722697257995605,6.311471373616017,6.149764459543008,6.2722697257995605,771300,0.0,0.0
2026-02-26 00:00:00-05:00,6.301670340401046,6.556481502855693,6.174265226494197,6.311470985412598,1623200,0.0,0.0
2026-02-27 00:00:00-05:00,5.890052660795693,6.331071375101599,5.493135444064022,5.689143657684326,3002100,0.0,0.0
2026-03-02 00:00:00-05:00,5.498036167724641,6.223267078399658,5.155021535180498,6.223267078399658,1892700,0.0,0.0
2026-03-03 00:00:00-05:00,5.9684567007625295,6.144864115321828,5.841051112142785,5.948855876922607,1521400,0.0,0.0
2026-03-04 00:00:00-05:00,5.948855636210755,6.027258928397967,5.723445937512279,5.743046760559082,1037700,0.0,0.0
2026-03-05 00:00:00-05:00,5.718545507441016,5.841050766011183,5.4784353128004035,5.59604024887085,830100,0.0,0.0
2026-03-06 00:00:00-05:00,5.370630512623427,5.733245963012923,5.243224932544802,5.2726263999938965,1140600,0.0,0.0
2026-03-09 00:00:00-04:00,5.135419981929523,5.458834242429144,5.017815051195363,5.390231132507324,886200,0.0,0.0
2026-03-10 00:00:00-04:00,5.331429019286736,5.605840542458278,5.238324759148884,5.439233779907227,896700,0.0,0.0
2026-03-11 00:00:00-04:00,5.390231335149332,5.458834447650239,5.22852443248049,5.2726263999938965,590700,0.0,0.0
2026-03-12 00:00:00-04:00,5.253025908794457,5.302027734539701,5.066817849393329,5.106019496917725,621100,0.0,0.0
2026-03-13 00:00:00-04:00,5.204591238851321,5.2834486035263915,5.056733445072079,5.165162086486816,735000,0.03,0.0
2026-03-16 00:00:00-04:00,5.303162740421079,5.62844959218941,5.283448400011694,5.520020484924316,848900,0.0,0.0
2026-03-17 00:00:00-04:00,5.510163503148226,5.529877843390939,5.051804504971461,5.155304908752441,1481400,0.0,0.0
2026-03-18 00:00:00-04:00,5.096161965409612,5.145447581751324,4.908875495246415,4.948304176330566,1293500,0.0,0.0
2026-03-19 00:00:00-04:00,4.8300182423296745,4.987732970233675,4.706803493647932,4.780732154846191,1141300,0.0,0.0
2026-03-20 00:00:00-04:00,4.830018329944221,4.834947032787367,4.524445804073777,4.573731422424316,1266200,0.0,0.0
2026-03-23 00:00:00-04:00,4.63287474022896,5.0863050899567135,4.623017803944619,5.007447719573975,1334400,0.0,0.0
2026-03-24 00:00:00-04:00,4.928589855425595,4.928589855425595,4.6525886167099015,4.662446022033691,929800,0.0,0.0
2026-03-25 00:00:00-04:00,4.761017945542365,4.968018766655248,4.6575175349859235,4.9581618309021,1034900,0.0,0.0
2026-03-26 00:00:00-04:00,4.8793038496541765,5.086304664611816,4.810303891352938,5.086304664611816,965600,0.0,0.0
2026-03-27 00:00:00-04:00,5.017304461962188,5.017304461962188,4.711731957150961,4.770874977111816,730500,0.0,0.0
2026-03-30 00:00:00-04:00,4.849732477432955,4.928589839663254,4.603302985449792,4.642731666564941,983900,0.0,0.0
2026-03-31 00:00:00-04:00,4.800446328390873,4.975904098072059,4.770875052953824,4.869446754455566,919000,0.0,0.0
2026-04-01 00:00:00-04:00,4.908875707443792,5.091233482847564,4.874375727510557,4.918732643127441,726000,0.0,0.0
2026-04-02 00:00:00-04:00,4.790589466387539,5.027161553603242,4.662446017465555,4.968018531799316,559600,0.0,0.0
2026-04-06 00:00:00-04:00,4.9384470917332335,5.155304831138239,4.918732281760384,5.056733131408691,683300,0.0,0.0
2026-04-07 00:00:00-04:00,4.977875801950138,5.106018777365724,4.89901797165916,5.096161842346191,702300,0.0,0.0
2026-04-08 00:00:00-04:00,5.1651621216287085,5.42144902859334,5.150376483158279,5.204591274261475,988900,0.0,0.0
2026-04-09 00:00:00-04:00,5.283448682129788,5.559449462598679,5.17009086620269,5.263734340667725,866500,0.0,0.0
2026-04-10 00:00:00-04:00,5.332734242771319,5.677735919645572,5.332734242771319,5.5101637840271,671500,0.0,0.0
2026-04-13 00:00:00-04:00,5.421448855532223,5.672807051640641,5.382020174185054,5.618592262268066,456000,0.0,0.0
2026-04-14 00:00:00-04:00,5.707307096417706,5.736878842784077,5.633378435542224,5.697450160980225,467100,0.0,0.0
2026-04-15 00:00:00-04:00,5.717164297532505,5.776307318124323,5.258805300412226,5.746735572814941,543800,0.0,0.0
2026-04-16 00:00:00-04:00,5.805878713538982,5.904450416564941,5.707307010513023,5.904450416564941,450900,0.0,0.0
2026-04-17 00:00:00-04:00,6.003022695268728,6.03259397168348,5.687592770007258,5.717164516448975,799600,0.0,0.0
2026-04-20 00:00:00-04:00,5.677735691306352,5.855164755399568,5.638306540369796,5.845307350158691,566800,0.0,0.0
2026-04-21 00:00:00-04:00,5.904450780369874,5.943879934036656,5.391877423025533,5.401734828948975,664100,0.0,0.0
2026-04-22 00:00:00-04:00,5.500306335340736,5.608735446367634,5.391877224313838,5.45102071762085,459400,0.0,0.0
2026-04-23 00:00:00-04:00,5.5003065792906645,5.587050059970221,5.273591411648393,5.460877895355225,578500,0.0,0.0
2026-04-24 00:00:00-04:00,5.45102110990799,5.598878443735289,5.322877648565797,5.33273458480835,603500,0.0,0.0
2026-04-27 00:00:00-04:00,5.3721628690016265,5.6235210697967535,5.322877251412188,5.4313063621521,496200,0.0,0.0
2026-04-28 00:00:00-04:00,5.451020986144967,5.658021342808734,5.42144923803472,5.500306606292725,555700,0.0,0.0
2026-04-29 00:00:00-04:00,5.549592523005508,5.603806844481578,5.3425917027849135,5.5890212059021,982800,0.0,0.0
2026-04-30 00:00:00-04:00,6.3184517917386565,6.476166980427732,5.687592447063163,6.057236671447754,5576700,0.0,0.0
2026-05-01 00:00:00-04:00,6.02273696692091,6.131165605896666,5.52987797876106,5.638306617736816,1624500,0.0,0.0
2026-05-04 00:00:00-04:00,5.667878545261652,5.687592886618004,5.224305629730225,5.224305629730225,1142500,0.0,0.0
2026-05-05 00:00:00-04:00,5.263733956503579,5.475662994246759,5.219376573944535,5.382019996643066,969600,0.0,0.0
2026-05-06 00:00:00-04:00,5.391877463454712,5.589021353158897,5.253877069680674,5.460877895355225,892900,0.0,0.0
2026-05-07 00:00:00-04:00,5.4411629953673994,5.480591675259219,5.017304451516872,5.056733131408691,1006900,0.0,0.0
2026-05-08 00:00:00-04:00,4.928590203508403,5.175019713683823,4.5490885322253005,4.790589809417725,2783500,0.0,0.0
2026-05-11 00:00:00-04:00,4.770875084294694,5.0961619364007955,4.504731253478161,4.603302955627441,1990800,0.0,0.0
2026-05-12 00:00:00-04:00,4.5737317992710596,4.583589205769539,4.312516637412495,4.416017055511475,1728400,0.0,0.0
2026-05-13 00:00:00-04:00,4.35687354165433,4.529373905934252,4.329273558573855,4.396302223205566,1073400,0.0,0.0
2026-05-14 00:00:00-04:00,4.445588742049088,4.69201826069854,4.297730936854015,4.6821608543396,1073300,0.0,0.0
2026-05-15 00:00:00-04:00,4.603302925289802,4.800446328289108,4.49980252120843,4.563874244689941,1054400,0.0,0.0
2026-05-18 00:00:00-04:00,4.563874280309031,4.613481799708233,4.201740997208902,4.266230583190918,976200,0.03,0.0
2026-05-19 00:00:00-04:00,4.196780204772949,4.256308944964266,4.107486857939789,4.196780204772949,966800,0.0,0.0
2026-05-20 00:00:00-04:00,4.206701424925315,4.472596842920425,4.127329771336894,4.196780204772949,1034700,0.0,0.0
2026-05-21 00:00:00-04:00,4.186858611222191,4.5093065529684795,4.176937390833588,4.484502792358398,961900,0.0,0.0
2026-05-22 00:00:00-04:00,4.494424154012235,4.60852078206542,4.375366206492471,4.474581241607666,612900,0.0,0.0
2026-05-26 00:00:00-04:00,4.534110013455399,4.742460831841047,4.514267100899258,4.603559970855713,716400,0.0,0.0
2026-05-27 00:00:00-04:00,4.633324723314187,4.752382202430334,4.563874290616918,4.593638896942139,571600,0.0,0.0
2026-05-28 00:00:00-04:00,4.593638952054676,4.668049759121924,4.514267298358311,4.52418851852417,539300,0.0,0.0
2026-05-29 00:00:00-04:00,4.613481879332273,4.6432460130116,4.370406070884147,4.424973964691162,981800,0.0,0.0
2026-06-01 00:00:00-04:00,4.3753662937791304,4.613481720476609,4.3654450739250965,4.534110069274902,1121500,0.0,0.0
2026-06-02 00:00:00-04:00,4.464659980515668,4.51922787663093,4.3902491700773645,4.444817066192627,733300,0.0,0.0
2026-06-03 00:00:00-04:00,4.385288267838924,4.40017033512015,4.127329911804922,4.186858654022217,959700,0.0,0.0
2026-06-04 00:00:00-04:00,4.256309077126321,4.310876972389648,4.152133660283689,4.286073684692383,883400,0.0,0.0
2026-06-05 00:00:00-04:00,4.28607360874028,4.335680656348129,4.057879865085518,4.1273298263549805,704700,0.0,0.0
2026-06-08 00:00:00-04:00,4.24638782592334,4.613481969056914,4.176937390833588,4.484502792358398,1251800,0.0,0.0
2026-06-09 00:00:00-04:00,4.52418851852417,4.71765727922834,4.484502691675988,4.52418851852417,1158100,0.0,0.0
2026-06-10 00:00:00-04:00,4.524188253343737,4.603559902387818,4.2166228767517495,4.246387481689453,722400,0.0,0.0
2026-06-11 00:00:00-04:00,4.256309099060432,4.787107406469395,4.186858663109981,4.742461204528809,1002400,0.0,0.0
2026-06-12 00:00:00-04:00,4.752382323610398,5.010340674698712,4.693845657255156,4.78214693069458,935000,0.0,0.0
2026-06-15 00:00:00-04:00,4.861518656270793,5.059947796080871,4.772225306810064,4.940890312194824,817600,0.0,0.0
2026-06-16 00:00:00-04:00,4.960733049788567,5.010340569523401,4.707735550707182,4.821832656860352,863900,0.0,0.0
2026-06-17 00:00:00-04:00,4.811910780086022,5.0053795319595515,4.702774524688721,4.702774524688721,701400,0.0,0.0
2026-06-18 00:00:00-04:00,4.841675816487888,4.921047473628281,4.704759565992993,4.772225379943848,1132900,0.0,0.0
2026-06-22 00:00:00-04:00,4.7623037825598225,4.831753740516673,4.66308874589171,4.732539176940918,632600,0.0,0.0
2026-06-23 00:00:00-04:00,4.722618069197481,4.757343048999932,4.583717203802943,4.593638896942139,490700,0.0,0.0
2026-06-24 00:00:00-04:00,4.573796070362351,4.673010638171132,4.474581502553571,4.653167724609375,1294600,0.0,0.0
2026-06-25 00:00:00-04:00,4.712696620069348,4.88136162742977,4.712696620069348,4.8714399337768555,597000,0.0,0.0
2026-06-26 00:00:00-04:00,4.841675698187899,5.045065682913686,4.811911090941313,4.911125659942627,2663500,0.0,0.0
2026-06-29 00:00:00-04:00,4.950811424103164,5.139319339336299,4.256308976900986,4.325759410858154,2129600,0.0,0.0
2026-06-30 00:00:00-04:00,4.34560210762589,4.663088708524134,4.1967800269086615,4.603559970855713,1225900,0.0,0.0
2026-07-01 00:00:00-04:00,4.663088672904898,4.806949906111112,4.444816636454638,4.474581241607666,1149600,0.0,0.0
2026-07-02 00:00:00-04:00,4.514267119238,4.6283637486262235,4.345602125279447,4.405130863189697,868500,0.0,0.0
2026-07-06 00:00:00-04:00,4.415052035786956,4.484502465819679,4.3753662109375,4.3753662109375,764200,0.0,0.0
2026-07-07 00:00:00-04:00,4.365445279687238,4.56387441704432,4.2662307110086966,4.355523586273193,1002100,0.0,0.0
2026-07-08 00:00:00-04:00,4.246387699397549,4.524188485294404,4.246387699397549,4.395209312438965,821400,0.0,0.0
2026-07-09 00:00:00-04:00,4.4745813373554375,4.544031295711355,4.360484233768435,4.434895038604736,683000,0.0,0.0
2026-07-10 00:00:00-04:00,4.454737898987634,4.514267109866661,4.380327095027383,4.504345417022705,502000,0.0,0.0
2026-07-13 00:00:00-04:00,4.4448169198176,4.563874401835087,4.335680658088714,4.454738140106201,581800,0.0,0.0
2026-07-14 00:00:00-04:00,4.534110225397568,4.5837172725605715,4.35056315740047,4.424973964691162,672500,0.0,0.0
2026-07-15 00:00:00-04:00,4.444817038963244,4.494424561013142,4.221584135923486,4.315837860107422,589700,0.0,0.0
2026-07-16 00:00:00-04:00,4.295994917966786,4.325759525621629,4.061848248056657,4.186858654022217,936000,0.0,0.0
2026-07-17 00:00:00-04:00,4.1372515197319775,4.295994829024899,4.1223694527588615,4.1273298263549805,812200,0.0,0.0
2026-07-20 00:00:00-04:00,4.107486973111704,4.157094494541624,3.958665118460522,4.05787992477417,1031200,0.0,0.0
2026-07-21 00:00:00-04:00,4.067800978686476,4.286073496332126,4.008272239262854,4.266230583190918,1005900,0.0,0.0
2026-07-22 00:00:00-04:00,4.29599469350756,4.499384670396265,4.29599469350756,4.464659690856934,864600,0.0,0.0
2026-07-23 00:00:00-04:00,4.529149436279926,4.529149436279926,4.3207986055087995,4.355523586273193,869100,0.0,0.0
2026-07-24 00:00:00-04:00,4.405131031988742,4.405131031988742,4.171976444753475,4.196780204772949,785400,0.0,0.0
2026-07-27 00:00:00-04:00,4.226545018006198,4.29599498174456,3.96858665814258,4.117408752441406,1431100,0.0,0.0
2026-07-28 00:00:00-04:00,4.11740832683817,4.11740832683817,3.9189789671328046,4.047957897186279,1007100,0.0,0.0
2026-07-29 00:00:00-04:00,4.047958177590145,4.097565698362452,3.7106284083063628,3.750314235687256,1517500,0.0,0.0
2026-07-30 00:00:00-04:00,3.80984290190392,4.0231543381582355,3.7205497920513153,3.9685864448547363,1029800,0.0,0.0
2026-07-31 00:00:00-04:00,3.978508224078096,4.0380369652670165,3.680864045041112,3.700706958770752,1039000,0.0,0.0
2026-08-03 00:00:00-04:00,3.7205499190454248,3.794960964735572,3.363377230897389,3.4030630588531494,3675400,0.0,0.0
2026-08-04 00:00:00-04:00,3.4725132136481447,3.5816492391396197,3.333612581021895,3.3732986450195312,5827700,0.0,0.0
2026-08-05 00:00:00-04:00,3.323690982171396,3.4923559781808833,3.323690982171396,3.3832199573516846,2483800,0.0,0.0
2026-08-06 00:00:00-04:00,3.0855757958748895,4.03803679822891,3.0310079036487387,4.023154258728027,2921400,0.0,0.0
2026-08-07 00:00:00-04:00,4.087643847449203,4.325759275650904,3.9785080629036043,4.236465930938721,1634300,0.0,0.0
2026-08-10 00:00:00-04:00,4.236465976932924,4.47458140771978,4.206701370674929,4.266230583190918,1416900,0.0,0.0
2026-08-11 00:00:00-04:00,4.305916352003355,4.494424260875042,4.29599465901899,4.3356804847717285,980500,0.0,0.0
2026-08-12 00:00:00-04:00,4.36544498683636,4.643245760500329,4.355523294087901,4.474581241607666,1545900,0.0,0.0
2026-08-13 00:00:00-04:00,4.484502678787733,4.638285612201755,4.434895158823887,4.623403072357178,948000,0.0,0.0
2026-08-14 00:00:00-04:00,4.5936387160350804,4.668049519279128,4.360484140462131,4.474581241607666,774500,0.0,0.0
2026-08-17 00:00:00-04:00,4.46465997134938,4.46465997134938,4.162055410271184,4.216623306274414,1063500,0.0,0.0
2026-08-18 00:00:00-04:00,4.1670156255457815,4.206701452601084,3.973547336924275,3.9983510971069336,746900,0.0,0.0
2026-08-19 00:00:00-04:00,4.047958186254894,4.117408620866307,3.9785082247358607,4.028115272521973,728300,0.0,0.0
2026-08-20 00:00:00-04:00,3.988429444396725,3.988429444396725,3.670942588176292,3.700706958770752,1081000,0.0,0.0
2026-08-21 00:00:00-04:00,3.7503141355319776,3.948743503683411,3.725510612354413,3.7899999618530273,1194100,0.0,0.0
2026-08-24 00:00:00-04:00,3.7899999618530273,3.799999952316284,3.6500000953674316,3.75,795700,0.03,0.0
2026-08-25 00:00:00-04:00,3.809999942779541,3.8399999141693115,3.6649999618530273,3.7699999809265137,1267700,0.0,0.0
2026-08-26 00:00:00-04:00,3.7699999809265137,3.809999942779541,3.674999952316284,3.7300000190734863,1088400,0.0,0.0
2026-08-27 00:00:00-04:00,3.7799999713897705,3.7799999713897705,3.5799999237060547,3.6500000953674316,727500,0.0,0.0
2026-08-31 00:00:00-04:00,3.569999933242798,3.569999933242798,3.4549999237060547,3.4800000190734863,765100,0.0,0.0
2026-09-01 00:00:00-04:00,3.430000066757202,3.484999895095825,3.3499999046325684,3.380000114440918,1030135,0.0,0.0
