Date,Open,High,Low,Close,Volume,Dividends,Stock Splits
2022-01-03 00:00:00-05:00,10.0,10.720000267028809,9.859999656677246,10.670000076293945,268100,0.0,0.0
2022-01-04 00:00:00-05:00,10.529999732971191,10.920000076293945,10.069999694824219,10.25,318600,0.0,0.0
2022-01-05 00:00:00-05:00,10.180000305175781,10.6899995803833,9.5600004196167,9.600000381469727,248200,0.0,0.0
2022-01-06 00:00:00-05:00,9.710000038146973,9.850000381469727,9.164999961853027,9.489999771118164,284500,0.0,0.0
2022-01-07 00:00:00-05:00,9.430000305175781,9.609999656677246,9.279999732971191,9.3100004196167,198500,0.0,0.0
2022-01-10 00:00:00-05:00,9.25,9.25,8.805000305175781,9.119999885559082,189300,0.0,0.0
2022-01-11 00:00:00-05:00,9.255000114440918,9.529999732971191,9.0,9.0600004196167,691100,0.0,0.0
2022-01-12 00:00:00-05:00,9.109999656677246,9.350000381469727,8.539999961853027,8.5600004196167,321600,0.0,0.0
2022-01-13 00:00:00-05:00,8.649999618530273,8.880000114440918,8.329999923706055,8.609999656677246,362800,0.0,0.0
2022-01-14 00:00:00-05:00,8.489999771118164,9.050000190734863,8.350000381469727,9.029999732971191,331500,0.0,0.0
2022-01-18 00:00:00-05:00,9.345000267028809,9.345000267028809,8.010000228881836,8.100000381469727,328000,0.0,0.0
2022-01-19 00:00:00-05:00,8.109999656677246,8.295000076293945,7.875,7.960000038146973,169000,0.0,0.0
2022-01-20 00:00:00-05:00,7.96999979019165,8.446999549865723,7.550000190734863,7.590000152587891,265400,0.0,0.0
2022-01-21 00:00:00-05:00,7.5,7.71999979019165,7.210000038146973,7.300000190734863,354500,0.0,0.0
2022-01-24 00:00:00-05:00,7.039999961853027,7.880000114440918,6.889999866485596,7.809999942779541,445000,0.0,0.0
2022-01-25 00:00:00-05:00,7.619999885559082,7.880000114440918,7.349999904632568,7.71999979019165,358100,0.0,0.0
2022-01-26 00:00:00-05:00,7.840000152587891,8.03499984741211,7.309999942779541,7.400000095367432,529600,0.0,0.0
2022-01-27 00:00:00-05:00,7.590000152587891,7.690000057220459,6.659999847412109,6.75,306100,0.0,0.0
2022-01-28 00:00:00-05:00,6.78000020980835,7.019999980926514,6.559999942779541,6.889999866485596,333000,0.0,0.0
2022-01-31 00:00:00-05:00,7.010000228881836,7.409999847412109,6.869999885559082,7.409999847412109,418100,0.0,0.0
2022-02-01 00:00:00-05:00,7.420000076293945,7.78000020980835,7.28000020980835,7.659999847412109,421200,0.0,0.0
2022-02-02 00:00:00-05:00,7.75,7.78000020980835,7.360000133514404,7.510000228881836,704700,0.0,0.0
2022-02-03 00:00:00-05:00,7.349999904632568,7.623000144958496,6.849999904632568,6.880000114440918,809200,0.0,0.0
2022-02-04 00:00:00-05:00,6.800000190734863,6.800000190734863,6.360000133514404,6.590000152587891,496500,0.0,0.0
2022-02-07 00:00:00-05:00,6.610000133514404,6.920000076293945,6.550000190734863,6.829999923706055,459300,0.0,0.0
2022-02-08 00:00:00-05:00,6.909999847412109,6.940000057220459,6.369999885559082,6.440000057220459,352600,0.0,0.0
2022-02-09 00:00:00-05:00,6.619999885559082,6.889999866485596,6.519999980926514,6.800000190734863,673000,0.0,0.0
2022-02-10 00:00:00-05:00,6.550000190734863,6.797999858856201,6.25,6.349999904632568,926200,0.0,0.0
2022-02-11 00:00:00-05:00,6.289999961853027,6.519000053405762,6.119999885559082,6.130000114440918,691600,0.0,0.0
2022-02-14 00:00:00-05:00,6.190000057220459,6.28000020980835,6.014999866485596,6.130000114440918,588600,0.0,0.0
2022-02-15 00:00:00-05:00,6.349999904632568,6.860000133514404,6.315000057220459,6.789999961853027,791700,0.0,0.0
2022-02-16 00:00:00-05:00,6.699999809265137,6.789999961853027,6.489999771118164,6.630000114440918,410500,0.0,0.0
2022-02-17 00:00:00-05:00,7.230000019073486,7.920000076293945,7.019999980926514,7.699999809265137,1710000,0.0,0.0
2022-02-18 00:00:00-05:00,7.519999980926514,8.420000076293945,7.519999980926514,8.050000190734863,1293000,0.0,0.0
2022-02-22 00:00:00-05:00,7.96999979019165,8.800000190734863,7.860000133514404,8.369999885559082,697300,0.0,0.0
2022-02-23 00:00:00-05:00,8.390000343322754,8.710000038146973,8.270000457763672,8.369999885559082,816500,0.0,0.0
2022-02-24 00:00:00-05:00,7.519999980926514,7.605000019073486,6.21999979019165,7.260000228881836,1872800,0.0,0.0
2022-02-25 00:00:00-05:00,7.309999942779541,7.46999979019165,7.0,7.429999828338623,481400,0.0,0.0
2022-02-28 00:00:00-05:00,7.260000228881836,7.709000110626221,7.070000171661377,7.619999885559082,639300,0.0,0.0
2022-03-01 00:00:00-05:00,7.869999885559082,8.630000114440918,7.78000020980835,8.489999771118164,601100,0.0,0.0
2022-03-02 00:00:00-05:00,8.680000305175781,9.260000228881836,8.59000015258789,9.239999771118164,599500,0.0,0.0
2022-03-03 00:00:00-05:00,9.25,9.300000190734863,8.670000076293945,8.890000343322754,533400,0.0,0.0
2022-03-04 00:00:00-05:00,8.640000343322754,9.350000381469727,8.640000343322754,9.270000457763672,421600,0.0,0.0
2022-03-07 00:00:00-05:00,9.180000305175781,9.75,9.029999732971191,9.529999732971191,371600,0.0,0.0
2022-03-08 00:00:00-05:00,9.390000343322754,9.89900016784668,9.289999961853027,9.510000228881836,346100,0.0,0.0
2022-03-09 00:00:00-05:00,9.460000038146973,10.220000267028809,8.670000076293945,10.15999984741211,362200,0.0,0.0
2022-03-10 00:00:00-05:00,10.0,10.149999618530273,9.529999732971191,9.720000267028809,254200,0.0,0.0
2022-03-11 00:00:00-05:00,9.880000114440918,10.1899995803833,9.529999732971191,9.729999542236328,410700,0.0,0.0
2022-03-14 00:00:00-04:00,9.850000381469727,9.850000381469727,8.901000022888184,9.40999984741211,766400,0.0,0.0
2022-03-15 00:00:00-04:00,9.300000190734863,9.789999961853027,8.975000381469727,9.770000457763672,590700,0.0,0.0
2022-03-16 00:00:00-04:00,9.979999542236328,10.630000114440918,9.329999923706055,10.609999656677246,689700,0.0,0.0
2022-03-17 00:00:00-04:00,10.460000038146973,10.760000228881836,10.020000457763672,10.760000228881836,477400,0.0,0.0
2022-03-18 00:00:00-04:00,10.75,11.430000305175781,10.729999542236328,11.25,2495200,0.0,0.0
2022-03-21 00:00:00-04:00,11.130000114440918,11.550000190734863,11.130000114440918,11.25,911100,0.0,0.0
2022-03-22 00:00:00-04:00,11.180000305175781,11.680000305175781,10.789999961853027,11.579999923706055,737000,0.0,0.0
2022-03-23 00:00:00-04:00,11.510000228881836,12.100000381469727,11.510000228881836,11.65999984741211,821700,0.0,0.0
2022-03-24 00:00:00-04:00,11.800000190734863,11.930000305175781,11.130000114440918,11.600000381469727,502200,0.0,0.0
2022-03-25 00:00:00-04:00,11.600000381469727,12.449999809265137,11.600000381469727,12.239999771118164,774000,0.0,0.0
2022-03-28 00:00:00-04:00,12.079999923706055,12.609999656677246,11.119999885559082,11.210000038146973,468700,0.0,0.0
2022-03-29 00:00:00-04:00,11.380000114440918,11.479999542236328,11.039999961853027,11.229999542236328,283400,0.0,0.0
2022-03-30 00:00:00-04:00,11.130000114440918,11.680000305175781,11.130000114440918,11.350000381469727,226600,0.0,0.0
2022-03-31 00:00:00-04:00,11.350000381469727,11.746999740600586,11.300000190734863,11.520000457763672,277200,0.0,0.0
2022-04-01 00:00:00-04:00,11.489999771118164,11.789999961853027,11.25,11.779999732971191,410000,0.0,0.0
2022-04-04 00:00:00-04:00,11.84000015258789,12.345000267028809,11.84000015258789,12.25,172900,0.0,0.0
2022-04-05 00:00:00-04:00,12.069999694824219,12.420000076293945,11.5649995803833,11.710000038146973,383100,0.0,0.0
2022-04-06 00:00:00-04:00,11.5600004196167,11.65999984741211,9.579999923706055,9.800000190734863,744200,0.0,0.0
2022-04-07 00:00:00-04:00,9.770000457763672,10.170000076293945,9.270000457763672,9.279999732971191,495800,0.0,0.0
2022-04-08 00:00:00-04:00,9.15999984741211,9.5,9.119999885559082,9.1899995803833,442200,0.0,0.0
2022-04-11 00:00:00-04:00,9.100000381469727,9.239999771118164,8.920000076293945,8.979999542236328,270700,0.0,0.0
2022-04-12 00:00:00-04:00,9.010000228881836,9.0600004196167,8.520000457763672,8.65999984741211,237500,0.0,0.0
2022-04-13 00:00:00-04:00,8.609999656677246,9.350000381469727,8.609999656677246,9.3100004196167,276500,0.0,0.0
2022-04-14 00:00:00-04:00,9.359999656677246,9.510000228881836,8.819999694824219,8.850000381469727,245000,0.0,0.0
2022-04-18 00:00:00-04:00,8.789999961853027,9.079999923706055,8.050000190734863,8.140000343322754,229400,0.0,0.0
2022-04-19 00:00:00-04:00,8.100000381469727,8.40999984741211,7.900000095367432,8.260000228881836,275400,0.0,0.0
2022-04-20 00:00:00-04:00,8.194999694824219,8.390000343322754,7.989999771118164,8.210000038146973,155500,0.0,0.0
2022-04-21 00:00:00-04:00,8.300000190734863,8.460000038146973,7.829999923706055,8.0,215300,0.0,0.0
2022-04-22 00:00:00-04:00,7.980000019073486,8.079999923706055,7.789999961853027,8.020000457763672,194100,0.0,0.0
2022-04-25 00:00:00-04:00,7.889999866485596,8.279999732971191,7.809999942779541,8.069999694824219,260300,0.0,0.0
2022-04-26 00:00:00-04:00,8.020000457763672,8.020000457763672,7.489999771118164,7.599999904632568,189700,0.0,0.0
2022-04-27 00:00:00-04:00,7.53000020980835,7.760000228881836,7.010000228881836,7.039999961853027,360100,0.0,0.0
2022-04-28 00:00:00-04:00,7.150000095367432,7.190000057220459,6.409999847412109,6.650000095367432,277800,0.0,0.0
2022-04-29 00:00:00-04:00,6.599999904632568,6.71999979019165,6.230000019073486,6.260000228881836,283000,0.0,0.0
2022-05-02 00:00:00-04:00,6.199999809265137,6.349999904632568,5.949999809265137,6.300000190734863,441500,0.0,0.0
2022-05-03 00:00:00-04:00,6.210000038146973,6.5,5.960000038146973,6.130000114440918,380600,0.0,0.0
2022-05-04 00:00:00-04:00,6.010000228881836,6.010000228881836,5.184999942779541,5.510000228881836,522700,0.0,0.0
2022-05-05 00:00:00-04:00,5.380000114440918,5.380000114440918,4.659999847412109,4.840000152587891,521200,0.0,0.0
2022-05-06 00:00:00-04:00,4.78000020980835,4.808000087738037,4.269999980926514,4.28000020980835,337000,0.0,0.0
2022-05-09 00:00:00-04:00,4.170000076293945,4.289999961853027,3.5,3.7200000286102295,852000,0.0,0.0
2022-05-10 00:00:00-04:00,3.75,4.079999923706055,3.3499999046325684,3.450000047683716,713000,0.0,0.0
2022-05-11 00:00:00-04:00,3.4700000286102295,3.684999942779541,3.0999999046325684,3.430000066757202,940200,0.0,0.0
2022-05-12 00:00:00-04:00,3.2699999809265137,3.7799999713897705,3.2300000190734863,3.440000057220459,651000,0.0,0.0
2022-05-13 00:00:00-04:00,3.440000057220459,3.549999952316284,3.180000066757202,3.240000009536743,992300,0.0,0.0
2022-05-16 00:00:00-04:00,3.25,3.4600000381469727,3.2049999237060547,3.2200000286102295,627600,0.0,0.0
2022-05-17 00:00:00-04:00,3.2899999618530273,3.450000047683716,3.2300000190734863,3.3399999141693115,480800,0.0,0.0
2022-05-18 00:00:00-04:00,3.2799999713897705,3.3499999046325684,3.140000104904175,3.1500000953674316,514200,0.0,0.0
2022-05-19 00:00:00-04:00,3.1500000953674316,3.244999885559082,3.059999942779541,3.119999885559082,601900,0.0,0.0
2022-05-20 00:00:00-04:00,3.180000066757202,3.2799999713897705,3.0399999618530273,3.2699999809265137,483500,0.0,0.0
2022-05-23 00:00:00-04:00,3.299999952316284,3.4749999046325684,3.1700000762939453,3.4100000858306885,438400,0.0,0.0
2022-05-24 00:00:00-04:00,3.3399999141693115,3.4749999046325684,3.2100000381469727,3.359999895095825,493700,0.0,0.0
2022-05-25 00:00:00-04:00,3.309999942779541,3.380000114440918,3.2200000286102295,3.25,460800,0.0,0.0
2022-05-26 00:00:00-04:00,3.25,3.369999885559082,3.1700000762939453,3.2200000286102295,615300,0.0,0.0
2022-05-27 00:00:00-04:00,3.240000009536743,3.4100000858306885,3.059999942779541,3.359999895095825,320700,0.0,0.0
2022-05-31 00:00:00-04:00,3.390000104904175,3.5399999618530273,3.3399999141693115,3.440000057220459,689100,0.0,0.0
2022-06-01 00:00:00-04:00,3.4800000190734863,3.5999999046325684,3.259999990463257,3.369999885559082,718300,0.0,0.0
2022-06-02 00:00:00-04:00,3.3399999141693115,3.4100000858306885,3.2799999713897705,3.4000000953674316,393500,0.0,0.0
2022-06-03 00:00:00-04:00,3.4000000953674316,3.799999952316284,3.4000000953674316,3.7200000286102295,565400,0.0,0.0
2022-06-06 00:00:00-04:00,3.700000047683716,3.930000066757202,3.359999895095825,3.380000114440918,950300,0.0,0.0
2022-06-07 00:00:00-04:00,3.369999885559082,3.7699999809265137,3.369999885559082,3.7699999809265137,1161200,0.0,0.0
2022-06-08 00:00:00-04:00,3.7100000381469727,4.320000171661377,3.7100000381469727,4.150000095367432,745300,0.0,0.0
2022-06-09 00:00:00-04:00,4.119999885559082,4.360000133514404,3.880000114440918,4.239999771118164,631800,0.0,0.0
2022-06-10 00:00:00-04:00,4.150000095367432,4.170000076293945,3.5,3.619999885559082,776500,0.0,0.0
2022-06-13 00:00:00-04:00,3.4600000381469727,3.4600000381469727,3.134999990463257,3.1700000762939453,577600,0.0,0.0
2022-06-14 00:00:00-04:00,3.259999990463257,3.5299999713897705,3.2200000286102295,3.3399999141693115,588700,0.0,0.0
2022-06-15 00:00:00-04:00,3.5299999713897705,3.6700000762939453,3.359999895095825,3.450000047683716,771800,0.0,0.0
2022-06-16 00:00:00-04:00,3.5799999237060547,4.230000019073486,3.190000057220459,3.9000000953674316,5849300,0.0,0.0
2022-06-17 00:00:00-04:00,3.799999952316284,5.050000190734863,3.799999952316284,3.940000057220459,12221300,0.0,0.0
2022-06-21 00:00:00-04:00,4.0,4.315000057220459,3.8299999237060547,4.199999809265137,2126000,0.0,0.0
2022-06-22 00:00:00-04:00,4.110000133514404,4.800000190734863,4.110000133514404,4.769999980926514,1190700,0.0,0.0
2022-06-23 00:00:00-04:00,4.670000076293945,4.789999961853027,4.489999771118164,4.619999885559082,737300,0.0,0.0
2022-06-24 00:00:00-04:00,4.670000076293945,4.75,4.215000152587891,4.349999904632568,5855900,0.0,0.0
2022-06-27 00:00:00-04:00,4.360000133514404,4.71999979019165,4.111000061035156,4.679999828338623,790400,0.0,0.0
2022-06-28 00:00:00-04:00,4.679999828338623,4.679999828338623,4.28000020980835,4.340000152587891,407200,0.0,0.0
2022-06-29 00:00:00-04:00,4.329999923706055,4.349999904632568,4.170000076293945,4.269999980926514,373400,0.0,0.0
2022-06-30 00:00:00-04:00,4.179999828338623,4.289999961853027,4.090000152587891,4.150000095367432,370200,0.0,0.0
2022-07-01 00:00:00-04:00,4.079999923706055,4.489999771118164,4.079999923706055,4.300000190734863,394600,0.0,0.0
2022-07-05 00:00:00-04:00,4.210000038146973,4.539999961853027,4.079999923706055,4.400000095367432,320200,0.0,0.0
2022-07-06 00:00:00-04:00,4.420000076293945,4.789999961853027,4.420000076293945,4.739999771118164,481100,0.0,0.0
2022-07-07 00:00:00-04:00,4.739999771118164,4.949999809265137,4.695000171661377,4.760000228881836,690200,0.0,0.0
2022-07-08 00:00:00-04:00,4.739999771118164,4.989999771118164,4.710000038146973,4.889999866485596,191600,0.0,0.0
2022-07-11 00:00:00-04:00,4.760000228881836,4.880000114440918,4.480000019073486,4.690000057220459,249600,0.0,0.0
2022-07-12 00:00:00-04:00,4.710000038146973,6.880000114440918,4.710000038146973,6.670000076293945,7236400,0.0,0.0
2022-07-13 00:00:00-04:00,6.340000152587891,8.880000114440918,6.340000152587891,8.770000457763672,29957500,0.0,0.0
2022-07-14 00:00:00-04:00,8.369999885559082,8.430000305175781,7.690000057220459,8.050000190734863,2990500,0.0,0.0
2022-07-15 00:00:00-04:00,8.170000076293945,10.140000343322754,8.0600004196167,10.010000228881836,7759200,0.0,0.0
2022-07-18 00:00:00-04:00,10.270000457763672,11.59000015258789,10.079999923706055,11.380000114440918,7313500,0.0,0.0
2022-07-19 00:00:00-04:00,11.270000457763672,11.369999885559082,10.329999923706055,10.579999923706055,3129900,0.0,0.0
2022-07-20 00:00:00-04:00,10.84000015258789,13.329999923706055,10.600000381469727,13.210000038146973,10609200,0.0,0.0
2022-07-21 00:00:00-04:00,13.180000305175781,15.25,12.760000228881836,14.75,7202400,0.0,0.0
2022-07-22 00:00:00-04:00,14.5,14.84000015258789,12.819999694824219,13.15999984741211,2924800,0.0,0.0
2022-07-25 00:00:00-04:00,12.979999542236328,12.979999542236328,11.140000343322754,11.5600004196167,1825700,0.0,0.0
2022-07-26 00:00:00-04:00,11.760000228881836,11.949999809265137,11.399999618530273,11.699999809265137,1470300,0.0,0.0
2022-07-27 00:00:00-04:00,11.680000305175781,11.84000015258789,11.399999618530273,11.789999961853027,852200,0.0,0.0
2022-07-28 00:00:00-04:00,11.789999961853027,13.829999923706055,11.720000267028809,13.5,2154300,0.0,0.0
2022-07-29 00:00:00-04:00,13.329999923706055,13.869999885559082,12.350000381469727,12.600000381469727,1756700,0.0,0.0
2022-08-01 00:00:00-04:00,12.449999809265137,13.180000305175781,12.180000305175781,12.449999809265137,940800,0.0,0.0
2022-08-02 00:00:00-04:00,13.039999961853027,16.59000015258789,12.59000015258789,14.170000076293945,4140500,0.0,0.0
2022-08-03 00:00:00-04:00,14.0,17.93000030517578,13.770000457763672,17.530000686645508,2658400,0.0,0.0
2022-08-04 00:00:00-04:00,17.290000915527344,18.809999465942383,16.75,18.59000015258789,1604000,0.0,0.0
2022-08-05 00:00:00-04:00,18.760000228881836,20.68000030517578,18.309999465942383,20.239999771118164,1951000,0.0,0.0
2022-08-08 00:00:00-04:00,21.950000762939453,24.440000534057617,20.56999969482422,21.1299991607666,2681000,0.0,0.0
2022-08-09 00:00:00-04:00,21.020000457763672,23.110000610351562,20.3799991607666,22.649999618530273,1370100,0.0,0.0
2022-08-10 00:00:00-04:00,22.649999618530273,22.950000762939453,21.15999984741211,21.5,1527400,0.0,0.0
2022-08-11 00:00:00-04:00,21.709999084472656,22.639999389648438,19.770000457763672,19.940000534057617,1046400,0.0,0.0
2022-08-12 00:00:00-04:00,20.110000610351562,22.88800048828125,19.8799991607666,21.799999237060547,1304300,0.0,0.0
2022-08-15 00:00:00-04:00,21.65999984741211,27.290000915527344,21.020000457763672,26.450000762939453,2006000,0.0,0.0
2022-08-16 00:00:00-04:00,26.459999084472656,26.5,23.760000228881836,24.829999923706055,1417900,0.0,0.0
2022-08-17 00:00:00-04:00,24.780000686645508,25.690000534057617,23.649999618530273,24.15999984741211,845400,0.0,0.0
2022-08-18 00:00:00-04:00,24.5,24.68000030517578,21.959999084472656,24.25,906800,0.0,0.0
2022-08-19 00:00:00-04:00,23.520000457763672,25.739999771118164,23.010000228881836,24.899999618530273,716100,0.0,0.0
2022-08-22 00:00:00-04:00,24.68000030517578,25.0,23.25,23.56999969482422,601300,0.0,0.0
2022-08-23 00:00:00-04:00,23.670000076293945,24.170000076293945,22.6200008392334,23.719999313354492,678400,0.0,0.0
2022-08-24 00:00:00-04:00,23.299999237060547,24.799999237060547,23.04599952697754,24.469999313354492,815800,0.0,0.0
2022-08-25 00:00:00-04:00,24.559999465942383,25.270000457763672,22.700000762939453,23.81999969482422,700100,0.0,0.0
2022-08-26 00:00:00-04:00,23.579999923706055,24.31999969482422,22.809999465942383,23.989999771118164,615500,0.0,0.0
2022-08-29 00:00:00-04:00,23.700000762939453,25.3700008392334,21.670000076293945,22.020000457763672,1449900,0.0,0.0
2022-08-30 00:00:00-04:00,22.25,23.170000076293945,21.760000228881836,22.260000228881836,729200,0.0,0.0
2022-08-31 00:00:00-04:00,22.040000915527344,23.31999969482422,22.040000915527344,22.600000381469727,796200,0.0,0.0
2022-09-01 00:00:00-04:00,22.190000534057617,25.56999969482422,22.020000457763672,25.34000015258789,860900,0.0,0.0
2022-09-02 00:00:00-04:00,25.479999542236328,26.489999771118164,24.649999618530273,25.200000762939453,784200,0.0,0.0
2022-09-06 00:00:00-04:00,25.59000015258789,25.59000015258789,20.799999237060547,21.68000030517578,1192700,0.0,0.0
2022-09-07 00:00:00-04:00,21.25,22.729999542236328,20.110000610351562,20.860000610351562,1158600,0.0,0.0
2022-09-08 00:00:00-04:00,21.5,24.780000686645508,21.200000762939453,23.860000610351562,1037800,0.0,0.0
2022-09-09 00:00:00-04:00,23.860000610351562,24.3700008392334,23.219999313354492,23.299999237060547,443300,0.0,0.0
2022-09-12 00:00:00-04:00,23.530000686645508,27.68000030517578,23.520000457763672,26.459999084472656,1800800,0.0,0.0
2022-09-13 00:00:00-04:00,25.270000457763672,27.25,24.270000457763672,24.799999237060547,1075800,0.0,0.0
2022-09-14 00:00:00-04:00,24.600000381469727,30.979999542236328,24.200000762939453,30.850000381469727,2272900,0.0,0.0
2022-09-15 00:00:00-04:00,28.299999237060547,28.5,22.350000381469727,23.309999465942383,7408800,0.0,0.0
2022-09-16 00:00:00-04:00,22.559999465942383,24.6200008392334,22.09000015258789,24.229999542236328,6608000,0.0,0.0
2022-09-19 00:00:00-04:00,23.81999969482422,23.81999969482422,22.1200008392334,23.350000381469727,1671100,0.0,0.0
2022-09-20 00:00:00-04:00,23.260000228881836,25.190000534057617,23.229999542236328,24.079999923706055,1064100,0.0,0.0
2022-09-21 00:00:00-04:00,24.030000686645508,24.989999771118164,23.219999313354492,24.329999923706055,1795600,0.0,0.0
2022-09-22 00:00:00-04:00,24.15999984741211,24.420000076293945,23.273000717163086,24.049999237060547,655800,0.0,0.0
2022-09-23 00:00:00-04:00,23.760000228881836,23.760000228881836,20.90999984741211,21.559999465942383,1725700,0.0,0.0
2022-09-26 00:00:00-04:00,21.399999618530273,23.110000610351562,20.524999618530273,20.610000610351562,1074800,0.0,0.0
2022-09-27 00:00:00-04:00,21.110000610351562,22.65999984741211,20.81999969482422,22.610000610351562,1395900,0.0,0.0
2022-09-28 00:00:00-04:00,22.530000686645508,24.934999465942383,22.530000686645508,24.760000228881836,995700,0.0,0.0
2022-09-29 00:00:00-04:00,24.84000015258789,25.079999923706055,23.469999313354492,23.8700008392334,956500,0.0,0.0
2022-09-30 00:00:00-04:00,23.65999984741211,25.329999923706055,23.56999969482422,24.5,995700,0.0,0.0
2022-10-03 00:00:00-04:00,25.059999465942383,25.420000076293945,22.719999313354492,23.709999084472656,1177200,0.0,0.0
2022-10-04 00:00:00-04:00,24.0,25.239999771118164,23.68000030517578,24.84000015258789,1020400,0.0,0.0
2022-10-05 00:00:00-04:00,24.729999542236328,26.68000030517578,24.6200008392334,26.010000228881836,1264600,0.0,0.0
2022-10-06 00:00:00-04:00,25.780000686645508,26.469999313354492,25.360000610351562,25.84000015258789,821100,0.0,0.0
2022-10-07 00:00:00-04:00,25.43000030517578,25.889999389648438,23.829999923706055,23.950000762939453,940200,0.0,0.0
2022-10-10 00:00:00-04:00,23.709999084472656,23.93000030517578,22.780000686645508,23.239999771118164,580000,0.0,0.0
2022-10-11 00:00:00-04:00,23.18000030517578,23.979999542236328,22.719999313354492,23.549999237060547,603000,0.0,0.0
2022-10-12 00:00:00-04:00,23.239999771118164,23.920000076293945,22.530000686645508,23.520000457763672,623600,0.0,0.0
2022-10-13 00:00:00-04:00,22.559999465942383,23.420000076293945,22.219999313354492,23.110000610351562,595600,0.0,0.0
2022-10-14 00:00:00-04:00,23.309999465942383,24.549999237060547,22.110000610351562,22.209999084472656,752200,0.0,0.0
2022-10-17 00:00:00-04:00,22.389999389648438,23.389999389648438,21.979999542236328,23.329999923706055,706700,0.0,0.0
2022-10-18 00:00:00-04:00,23.75,24.34000015258789,22.829999923706055,23.65999984741211,426700,0.0,0.0
2022-10-19 00:00:00-04:00,23.049999237060547,24.110000610351562,21.940000534057617,22.459999084472656,838000,0.0,0.0
2022-10-20 00:00:00-04:00,22.639999389648438,23.34000015258789,22.100000381469727,22.40999984741211,496100,0.0,0.0
2022-10-21 00:00:00-04:00,22.079999923706055,24.1299991607666,21.96500015258789,23.969999313354492,544300,0.0,0.0
2022-10-24 00:00:00-04:00,23.8799991607666,23.8799991607666,22.3799991607666,23.299999237060547,485000,0.0,0.0
2022-10-25 00:00:00-04:00,23.540000915527344,25.260000228881836,23.520000457763672,24.31999969482422,914400,0.0,0.0
2022-10-26 00:00:00-04:00,24.329999923706055,25.559999465942383,24.239999771118164,24.690000534057617,594600,0.0,0.0
2022-10-27 00:00:00-04:00,25.110000610351562,25.700000762939453,23.3799991607666,25.579999923706055,558300,0.0,0.0
2022-10-28 00:00:00-04:00,25.790000915527344,26.399999618530273,24.360000610351562,26.3700008392334,616000,0.0,0.0
2022-10-31 00:00:00-04:00,26.040000915527344,26.600000381469727,25.030000686645508,25.170000076293945,514400,0.0,0.0
2022-11-01 00:00:00-04:00,26.420000076293945,26.670000076293945,25.020000457763672,26.18000030517578,484900,0.0,0.0
2022-11-02 00:00:00-04:00,26.479999542236328,26.479999542236328,22.610000610351562,22.899999618530273,1050000,0.0,0.0
2022-11-03 00:00:00-04:00,22.56999969482422,24.700000762939453,21.84000015258789,24.31999969482422,548000,0.0,0.0
2022-11-04 00:00:00-04:00,24.56999969482422,24.56999969482422,22.639999389648438,23.270000457763672,687400,0.0,0.0
2022-11-07 00:00:00-05:00,23.450000762939453,23.93000030517578,22.6200008392334,22.809999465942383,686500,0.0,0.0
2022-11-08 00:00:00-05:00,22.5,23.690000534057617,21.56999969482422,23.389999389648438,816700,0.0,0.0
2022-11-09 00:00:00-05:00,23.559999465942383,23.559999465942383,22.25,22.25,796200,0.0,0.0
2022-11-10 00:00:00-05:00,23.40999984741211,25.979999542236328,22.950000762939453,25.610000610351562,1043200,0.0,0.0
2022-11-11 00:00:00-05:00,25.600000381469727,26.739999771118164,23.81999969482422,26.34000015258789,944100,0.0,0.0
2022-11-14 00:00:00-05:00,26.209999084472656,28.09600067138672,25.649999618530273,25.729999542236328,929700,0.0,0.0
2022-11-15 00:00:00-05:00,26.719999313354492,27.209999084472656,26.020000457763672,26.31999969482422,793600,0.0,0.0
2022-11-16 00:00:00-05:00,26.280000686645508,28.40999984741211,25.260000228881836,25.610000610351562,583300,0.0,0.0
2022-11-17 00:00:00-05:00,24.610000610351562,24.940000534057617,22.920000076293945,23.350000381469727,641800,0.0,0.0
2022-11-18 00:00:00-05:00,23.75,25.756999969482422,23.31999969482422,25.6200008392334,500300,0.0,0.0
2022-11-21 00:00:00-05:00,25.309999465942383,25.309999465942383,23.290000915527344,23.309999465942383,352500,0.0,0.0
2022-11-22 00:00:00-05:00,23.270000457763672,24.469999313354492,22.57699966430664,24.43000030517578,477100,0.0,0.0
2022-11-23 00:00:00-05:00,24.600000381469727,25.64900016784668,24.440000534057617,24.969999313354492,369000,0.0,0.0
2022-11-25 00:00:00-05:00,24.719999313354492,25.920000076293945,24.559999465942383,24.81999969482422,159200,0.0,0.0
2022-11-28 00:00:00-05:00,24.719999313354492,25.809999465942383,24.239999771118164,24.719999313354492,402700,0.0,0.0
2022-11-29 00:00:00-05:00,24.940000534057617,25.40999984741211,24.25,25.09000015258789,398100,0.0,0.0
2022-11-30 00:00:00-05:00,25.6299991607666,27.579999923706055,25.520000457763672,26.770000457763672,1173100,0.0,0.0
2022-12-01 00:00:00-05:00,26.799999237060547,27.479999542236328,25.334999084472656,27.0,497100,0.0,0.0
2022-12-02 00:00:00-05:00,26.219999313354492,28.559999465942383,26.219999313354492,28.31999969482422,591900,0.0,0.0
2022-12-05 00:00:00-05:00,28.450000762939453,28.790000915527344,26.670000076293945,27.139999389648438,681400,0.0,0.0
2022-12-06 00:00:00-05:00,26.950000762939453,28.290000915527344,26.700000762939453,27.290000915527344,537900,0.0,0.0
2022-12-07 00:00:00-05:00,27.190000534057617,27.524999618530273,26.649999618530273,27.40999984741211,403200,0.0,0.0
2022-12-08 00:00:00-05:00,27.530000686645508,28.18000030517578,26.290000915527344,26.3799991607666,518300,0.0,0.0
2022-12-09 00:00:00-05:00,26.100000381469727,26.100000381469727,24.90999984741211,25.020000457763672,570700,0.0,0.0
2022-12-12 00:00:00-05:00,25.190000534057617,30.0,24.90999984741211,29.899999618530273,1150800,0.0,0.0
2022-12-13 00:00:00-05:00,30.274999618530273,30.274999618530273,27.148000717163086,29.540000915527344,869100,0.0,0.0
2022-12-14 00:00:00-05:00,29.34000015258789,30.200000762939453,29.15999984741211,29.600000381469727,531700,0.0,0.0
2022-12-15 00:00:00-05:00,29.219999313354492,29.56999969482422,27.8799991607666,28.299999237060547,522700,0.0,0.0
2022-12-16 00:00:00-05:00,28.030000686645508,28.260000228881836,27.389999389648438,28.030000686645508,1157000,0.0,0.0
2022-12-19 00:00:00-05:00,28.0,28.0,26.079999923706055,27.34000015258789,508500,0.0,0.0
2022-12-20 00:00:00-05:00,27.34000015258789,29.34000015258789,27.239999771118164,29.200000762939453,540200,0.0,0.0
2022-12-21 00:00:00-05:00,29.5,30.174999237060547,27.979999542236328,29.139999389648438,520400,0.0,0.0
2022-12-22 00:00:00-05:00,28.809999465942383,30.260000228881836,28.040000915527344,30.25,358100,0.0,0.0
2022-12-23 00:00:00-05:00,30.40999984741211,30.899999618530273,28.6200008392334,29.239999771118164,428900,0.0,0.0
2022-12-27 00:00:00-05:00,29.049999237060547,29.934999465942383,28.850000381469727,29.0,352800,0.0,0.0
2022-12-28 00:00:00-05:00,29.020000457763672,29.719999313354492,28.545000076293945,28.719999313354492,382200,0.0,0.0
2022-12-29 00:00:00-05:00,28.899999618530273,30.84000015258789,28.68000030517578,29.940000534057617,633300,0.0,0.0
2022-12-30 00:00:00-05:00,29.56999969482422,29.91900062561035,27.75,29.1200008392334,803700,0.0,0.0
2023-01-03 00:00:00-05:00,29.479999542236328,29.549999237060547,28.09000015258789,28.639999389648438,423200,0.0,0.0
2023-01-04 00:00:00-05:00,28.719999313354492,29.110000610351562,28.209999084472656,28.40999984741211,336300,0.0,0.0
2023-01-05 00:00:00-05:00,28.049999237060547,30.84000015258789,27.700000762939453,30.290000915527344,496500,0.0,0.0
2023-01-06 00:00:00-05:00,30.239999771118164,34.349998474121094,29.489999771118164,34.2400016784668,882500,0.0,0.0
2023-01-09 00:00:00-05:00,34.439998626708984,34.9900016784668,31.459999084472656,31.809999465942383,710700,0.0,0.0
2023-01-10 00:00:00-05:00,31.170000076293945,32.400001525878906,28.09000015258789,32.34000015258789,919700,0.0,0.0
2023-01-11 00:00:00-05:00,32.0,32.29999923706055,29.170000076293945,30.440000534057617,759700,0.0,0.0
2023-01-12 00:00:00-05:00,30.43000030517578,32.0,30.139999389648438,31.700000762939453,805100,0.0,0.0
2023-01-13 00:00:00-05:00,31.290000915527344,31.860000610351562,30.309999465942383,31.25,557100,0.0,0.0
2023-01-17 00:00:00-05:00,31.270000457763672,32.2599983215332,29.5,30.270000457763672,526800,0.0,0.0
2023-01-18 00:00:00-05:00,30.850000381469727,31.690000534057617,29.899999618530273,30.200000762939453,704900,0.0,0.0
2023-01-19 00:00:00-05:00,30.1299991607666,30.165000915527344,29.399999618530273,29.6299991607666,416100,0.0,0.0
2023-01-20 00:00:00-05:00,29.959999084472656,30.1299991607666,28.139999389648438,29.360000610351562,734300,0.0,0.0
2023-01-23 00:00:00-05:00,29.3700008392334,30.15999984741211,28.84000015258789,29.610000610351562,644300,0.0,0.0
2023-01-24 00:00:00-05:00,29.549999237060547,31.719999313354492,29.450000762939453,31.139999389648438,736300,0.0,0.0
2023-01-25 00:00:00-05:00,30.649999618530273,31.40999984741211,30.25,31.0,490900,0.0,0.0
2023-01-26 00:00:00-05:00,31.469999313354492,31.576000213623047,30.139999389648438,30.469999313354492,450300,0.0,0.0
2023-01-27 00:00:00-05:00,30.43000030517578,30.549999237060547,28.75,29.079999923706055,483700,0.0,0.0
2023-01-30 00:00:00-05:00,28.889999389648438,28.959999084472656,26.389999389648438,26.56999969482422,670500,0.0,0.0
2023-01-31 00:00:00-05:00,26.68000030517578,27.93000030517578,26.610000610351562,27.350000381469727,681500,0.0,0.0
2023-02-01 00:00:00-05:00,27.40999984741211,27.709999084472656,26.399999618530273,27.350000381469727,536400,0.0,0.0
2023-02-02 00:00:00-05:00,27.729999542236328,29.5,27.350000381469727,28.899999618530273,541900,0.0,0.0
2023-02-03 00:00:00-05:00,28.43000030517578,29.760000228881836,28.059999465942383,28.6299991607666,371800,0.0,0.0
2023-02-06 00:00:00-05:00,28.81999969482422,29.989999771118164,28.729999542236328,29.469999313354492,454200,0.0,0.0
2023-02-07 00:00:00-05:00,29.59000015258789,29.68000030517578,28.520000457763672,29.530000686645508,349100,0.0,0.0
2023-02-08 00:00:00-05:00,29.31999969482422,29.825000762939453,27.81999969482422,27.93000030517578,330200,0.0,0.0
2023-02-09 00:00:00-05:00,28.280000686645508,28.520000457763672,27.65999984741211,27.65999984741211,388300,0.0,0.0
2023-02-10 00:00:00-05:00,27.579999923706055,27.959999084472656,26.459999084472656,27.770000457763672,522600,0.0,0.0
2023-02-13 00:00:00-05:00,27.670000076293945,27.8799991607666,26.799999237060547,27.25,285100,0.0,0.0
2023-02-14 00:00:00-05:00,26.8700008392334,28.020000457763672,26.75,27.270000457763672,292100,0.0,0.0
2023-02-15 00:00:00-05:00,27.030000686645508,27.290000915527344,25.81999969482422,26.360000610351562,333000,0.0,0.0
2023-02-16 00:00:00-05:00,25.690000534057617,26.770000457763672,25.68000030517578,25.780000686645508,415800,0.0,0.0
2023-02-17 00:00:00-05:00,25.540000915527344,26.709999084472656,24.8799991607666,26.600000381469727,276000,0.0,0.0
2023-02-21 00:00:00-05:00,26.15999984741211,27.059999465942383,24.690000534057617,24.899999618530273,498000,0.0,0.0
2023-02-22 00:00:00-05:00,24.889999389648438,25.5,24.719999313354492,25.3700008392334,332600,0.0,0.0
2023-02-23 00:00:00-05:00,25.559999465942383,25.954999923706055,25.040000915527344,25.440000534057617,276100,0.0,0.0
2023-02-24 00:00:00-05:00,25.0,25.739999771118164,24.084999084472656,24.239999771118164,438200,0.0,0.0
2023-02-27 00:00:00-05:00,24.84000015258789,25.850000381469727,24.389999389648438,24.670000076293945,572800,0.0,0.0
2023-02-28 00:00:00-05:00,24.350000381469727,24.850000381469727,23.90999984741211,24.309999465942383,974900,0.0,0.0
2023-03-01 00:00:00-05:00,24.360000610351562,27.149999618530273,24.360000610351562,25.850000381469727,2013100,0.0,0.0
2023-03-02 00:00:00-05:00,26.700000762939453,26.700000762939453,24.34000015258789,24.34000015258789,675200,0.0,0.0
2023-03-03 00:00:00-05:00,22.600000381469727,23.229999542236328,21.31999969482422,21.770000457763672,1826000,0.0,0.0
2023-03-06 00:00:00-05:00,21.760000228881836,22.079999923706055,20.8799991607666,21.920000076293945,942500,0.0,0.0
2023-03-07 00:00:00-05:00,21.729999542236328,22.280000686645508,21.309999465942383,21.68000030517578,654500,0.0,0.0
2023-03-08 00:00:00-05:00,21.600000381469727,21.905000686645508,20.950000762939453,21.790000915527344,596900,0.0,0.0
2023-03-09 00:00:00-05:00,21.860000610351562,22.170000076293945,20.389999389648438,20.959999084472656,1032900,0.0,0.0
2023-03-10 00:00:00-05:00,20.90999984741211,20.90999984741211,19.15999984741211,19.600000381469727,944100,0.0,0.0
2023-03-13 00:00:00-04:00,19.31999969482422,19.834999084472656,18.8700008392334,19.110000610351562,780600,0.0,0.0
2023-03-14 00:00:00-04:00,19.399999618530273,19.940000534057617,18.690000534057617,18.700000762939453,702000,0.0,0.0
2023-03-15 00:00:00-04:00,18.389999389648438,18.790000915527344,17.719999313354492,18.229999542236328,608000,0.0,0.0
2023-03-16 00:00:00-04:00,18.049999237060547,18.3700008392334,17.114999771118164,18.049999237060547,489700,0.0,0.0
2023-03-17 00:00:00-04:00,17.899999618530273,17.989999771118164,16.8799991607666,17.940000534057617,1159400,0.0,0.0
2023-03-20 00:00:00-04:00,18.09000015258789,18.405000686645508,17.59000015258789,17.700000762939453,420800,0.0,0.0
2023-03-21 00:00:00-04:00,17.790000915527344,18.25,17.530000686645508,17.889999389648438,434300,0.0,0.0
2023-03-22 00:00:00-04:00,17.760000228881836,18.020000457763672,16.860000610351562,16.8799991607666,510600,0.0,0.0
2023-03-23 00:00:00-04:00,17.229999542236328,17.469999313354492,16.68000030517578,17.200000762939453,417600,0.0,0.0
2023-03-24 00:00:00-04:00,16.8700008392334,17.079999923706055,15.949999809265137,16.899999618530273,875400,0.0,0.0
2023-03-27 00:00:00-04:00,16.8799991607666,17.149999618530273,16.25,17.110000610351562,638400,0.0,0.0
2023-03-28 00:00:00-04:00,16.93000030517578,17.489999771118164,16.6299991607666,17.200000762939453,721100,0.0,0.0
2023-03-29 00:00:00-04:00,17.420000076293945,17.799999237060547,16.90999984741211,17.440000534057617,707600,0.0,0.0
2023-03-30 00:00:00-04:00,17.5,18.040000915527344,16.899999618530273,17.65999984741211,1194400,0.0,0.0
2023-03-31 00:00:00-04:00,17.799999237060547,18.200000762939453,17.420000076293945,17.84000015258789,1012600,0.0,0.0
2023-04-03 00:00:00-04:00,17.760000228881836,18.65999984741211,17.729999542236328,18.600000381469727,730900,0.0,0.0
2023-04-04 00:00:00-04:00,18.790000915527344,18.815000534057617,17.530000686645508,17.969999313354492,700200,0.0,0.0
2023-04-05 00:00:00-04:00,17.959999084472656,18.780000686645508,17.649999618530273,17.68000030517578,443400,0.0,0.0
2023-04-06 00:00:00-04:00,17.700000762939453,18.110000610351562,17.34000015258789,17.889999389648438,522000,0.0,0.0
2023-04-10 00:00:00-04:00,17.81999969482422,18.31999969482422,17.3700008392334,18.09000015258789,440000,0.0,0.0
2023-04-11 00:00:00-04:00,18.18000030517578,18.729999542236328,18.0,18.520000457763672,410700,0.0,0.0
2023-04-12 00:00:00-04:00,18.790000915527344,19.190000534057617,18.149999618530273,18.270000457763672,531600,0.0,0.0
2023-04-13 00:00:00-04:00,18.530000686645508,19.65999984741211,18.329999923706055,19.31999969482422,884200,0.0,0.0
2023-04-14 00:00:00-04:00,19.25,19.479999542236328,18.59000015258789,19.399999618530273,404700,0.0,0.0
2023-04-17 00:00:00-04:00,19.540000915527344,20.674999237060547,19.329999923706055,20.450000762939453,627800,0.0,0.0
2023-04-18 00:00:00-04:00,20.709999084472656,20.979999542236328,20.09000015258789,20.8799991607666,410800,0.0,0.0
2023-04-19 00:00:00-04:00,20.690000534057617,21.65999984741211,20.270000457763672,21.1299991607666,474000,0.0,0.0
2023-04-20 00:00:00-04:00,20.959999084472656,21.06999969482422,20.18000030517578,20.260000228881836,510200,0.0,0.0
2023-04-21 00:00:00-04:00,20.09000015258789,21.1200008392334,19.809999465942383,20.799999237060547,591200,0.0,0.0
2023-04-24 00:00:00-04:00,20.639999389648438,20.700000762939453,19.799999237060547,20.290000915527344,632400,0.0,0.0
2023-04-25 00:00:00-04:00,20.420000076293945,21.334999084472656,20.201000213623047,21.149999618530273,800900,0.0,0.0
2023-04-26 00:00:00-04:00,21.139999389648438,21.670000076293945,20.690000534057617,21.049999237060547,486900,0.0,0.0
2023-04-27 00:00:00-04:00,21.030000686645508,21.030000686645508,19.739999771118164,19.93000030517578,527700,0.0,0.0
2023-04-28 00:00:00-04:00,19.799999237060547,20.399999618530273,19.791000366210938,20.170000076293945,397000,0.0,0.0
2023-05-01 00:00:00-04:00,20.059999465942383,20.584999084472656,19.8799991607666,20.209999084472656,756200,0.0,0.0
2023-05-02 00:00:00-04:00,18.84000015258789,19.05500030517578,16.979999542236328,18.739999771118164,2320100,0.0,0.0
2023-05-03 00:00:00-04:00,18.860000610351562,19.219999313354492,18.219999313354492,18.520000457763672,773400,0.0,0.0
2023-05-04 00:00:00-04:00,18.479999542236328,19.06999969482422,16.3700008392334,16.450000762939453,1014600,0.0,0.0
2023-05-05 00:00:00-04:00,16.59000015258789,17.329999923706055,16.4950008392334,16.690000534057617,836200,0.0,0.0
2023-05-08 00:00:00-04:00,16.700000762939453,17.06999969482422,16.3700008392334,16.670000076293945,628500,0.0,0.0
2023-05-09 00:00:00-04:00,16.459999084472656,17.420000076293945,16.31999969482422,17.110000610351562,436700,0.0,0.0
2023-05-10 00:00:00-04:00,17.299999237060547,18.0,17.059999465942383,17.43000030517578,566000,0.0,0.0
2023-05-11 00:00:00-04:00,17.229999542236328,17.270000457763672,16.459999084472656,16.59000015258789,542300,0.0,0.0
2023-05-12 00:00:00-04:00,16.760000228881836,16.93000030517578,16.3700008392334,16.489999771118164,410600,0.0,0.0
2023-05-15 00:00:00-04:00,16.510000228881836,17.299999237060547,16.34000015258789,16.889999389648438,443000,0.0,0.0
2023-05-16 00:00:00-04:00,16.530000686645508,17.059999465942383,16.299999237060547,16.469999313354492,583700,0.0,0.0
2023-05-17 00:00:00-04:00,16.670000076293945,16.799999237060547,16.350000381469727,16.469999313354492,543300,0.0,0.0
2023-05-18 00:00:00-04:00,16.450000762939453,16.760000228881836,16.30500030517578,16.5,804500,0.0,0.0
2023-05-19 00:00:00-04:00,16.670000076293945,17.030000686645508,16.440000534057617,16.770000457763672,636300,0.0,0.0
2023-05-22 00:00:00-04:00,16.920000076293945,17.489999771118164,16.90999984741211,17.06999969482422,642800,0.0,0.0
2023-05-23 00:00:00-04:00,17.010000228881836,17.969999313354492,16.514999389648438,16.540000915527344,699100,0.0,0.0
2023-05-24 00:00:00-04:00,16.440000534057617,16.700000762939453,16.299999237060547,16.440000534057617,608500,0.0,0.0
2023-05-25 00:00:00-04:00,16.420000076293945,16.600000381469727,15.989999771118164,16.450000762939453,670900,0.0,0.0
2023-05-26 00:00:00-04:00,16.3799991607666,16.6299991607666,15.520000457763672,16.31999969482422,739200,0.0,0.0
2023-05-30 00:00:00-04:00,16.309999465942383,17.040000915527344,16.18000030517578,16.75,549900,0.0,0.0
2023-05-31 00:00:00-04:00,16.81999969482422,17.760000228881836,16.6200008392334,16.65999984741211,688900,0.0,0.0
2023-06-01 00:00:00-04:00,16.540000915527344,17.18000030517578,16.139999389648438,17.170000076293945,365500,0.0,0.0
2023-06-02 00:00:00-04:00,17.31999969482422,17.8799991607666,16.94499969482422,17.850000381469727,342500,0.0,0.0
2023-06-05 00:00:00-04:00,17.860000610351562,17.860000610351562,17.329999923706055,17.360000610351562,335800,0.0,0.0
2023-06-06 00:00:00-04:00,17.3799991607666,17.614999771118164,17.05500030517578,17.360000610351562,322500,0.0,0.0
2023-06-07 00:00:00-04:00,17.450000762939453,17.6200008392334,17.100000381469727,17.290000915527344,350500,0.0,0.0
2023-06-08 00:00:00-04:00,17.31999969482422,17.760000228881836,17.125,17.600000381469727,383100,0.0,0.0
2023-06-09 00:00:00-04:00,17.579999923706055,17.764999389648438,17.170000076293945,17.43000030517578,325300,0.0,0.0
2023-06-12 00:00:00-04:00,17.479999542236328,18.219999313354492,17.295000076293945,17.690000534057617,309800,0.0,0.0
2023-06-13 00:00:00-04:00,17.799999237060547,18.06999969482422,17.5,17.809999465942383,372500,0.0,0.0
2023-06-14 00:00:00-04:00,17.93000030517578,18.229999542236328,17.520000457763672,17.700000762939453,367500,0.0,0.0
2023-06-15 00:00:00-04:00,17.600000381469727,18.420000076293945,17.600000381469727,18.280000686645508,516100,0.0,0.0
2023-06-16 00:00:00-04:00,18.459999084472656,18.68000030517578,17.729999542236328,18.420000076293945,1353900,0.0,0.0
2023-06-20 00:00:00-04:00,18.559999465942383,20.0,17.889999389648438,19.690000534057617,980100,0.0,0.0
2023-06-21 00:00:00-04:00,19.579999923706055,19.780000686645508,18.459999084472656,18.469999313354492,642700,0.0,0.0
2023-06-22 00:00:00-04:00,18.399999618530273,19.600000381469727,18.079999923706055,18.81999969482422,750000,0.0,0.0
2023-06-23 00:00:00-04:00,18.56999969482422,18.854999542236328,16.979999542236328,17.440000534057617,7012000,0.0,0.0
2023-06-26 00:00:00-04:00,17.59000015258789,18.079999923706055,17.280000686645508,17.530000686645508,809700,0.0,0.0
2023-06-27 00:00:00-04:00,17.510000228881836,18.094999313354492,17.0049991607666,17.75,469000,0.0,0.0
2023-06-28 00:00:00-04:00,17.729999542236328,18.39900016784668,17.65999984741211,18.170000076293945,614900,0.0,0.0
2023-06-29 00:00:00-04:00,18.040000915527344,18.100000381469727,16.520000457763672,16.709999084472656,724500,0.0,0.0
2023-06-30 00:00:00-04:00,16.950000762939453,17.15999984741211,16.420000076293945,16.489999771118164,657700,0.0,0.0
2023-07-03 00:00:00-04:00,16.489999771118164,16.8799991607666,15.779999732971191,16.1299991607666,436400,0.0,0.0
2023-07-05 00:00:00-04:00,16.09000015258789,16.299999237060547,15.819999694824219,16.010000228881836,366500,0.0,0.0
2023-07-06 00:00:00-04:00,15.819999694824219,15.899999618530273,15.5,15.859999656677246,585200,0.0,0.0
2023-07-07 00:00:00-04:00,15.859999656677246,16.110000610351562,15.635000228881836,15.8100004196167,660300,0.0,0.0
2023-07-10 00:00:00-04:00,15.729999542236328,16.479999542236328,15.729999542236328,16.260000228881836,919400,0.0,0.0
2023-07-11 00:00:00-04:00,16.280000686645508,16.43000030517578,15.609999656677246,16.149999618530273,758900,0.0,0.0
2023-07-12 00:00:00-04:00,16.43000030517578,16.520000457763672,15.829999923706055,16.399999618530273,850700,0.0,0.0
2023-07-13 00:00:00-04:00,16.530000686645508,16.799999237060547,15.770000457763672,16.049999237060547,486300,0.0,0.0
2023-07-14 00:00:00-04:00,16.049999237060547,16.06999969482422,15.710000038146973,15.930000305175781,499100,0.0,0.0
2023-07-17 00:00:00-04:00,16.190000534057617,16.825000762939453,16.010000228881836,16.780000686645508,598200,0.0,0.0
2023-07-18 00:00:00-04:00,16.75,17.264999389648438,16.639999389648438,16.799999237060547,292600,0.0,0.0
2023-07-19 00:00:00-04:00,16.84000015258789,17.549999237060547,16.719999313354492,17.510000228881836,398700,0.0,0.0
2023-07-20 00:00:00-04:00,17.540000915527344,17.540000915527344,17.049999237060547,17.34000015258789,484600,0.0,0.0
2023-07-21 00:00:00-04:00,17.459999084472656,17.704999923706055,17.299999237060547,17.5,394000,0.0,0.0
2023-07-24 00:00:00-04:00,17.469999313354492,17.71500015258789,17.06399917602539,17.5,411600,0.0,0.0
2023-07-25 00:00:00-04:00,17.56999969482422,18.059999465942383,17.559999465942383,17.729999542236328,626500,0.0,0.0
2023-07-26 00:00:00-04:00,17.639999389648438,17.93000030517578,17.469999313354492,17.639999389648438,724800,0.0,0.0
2023-07-27 00:00:00-04:00,17.809999465942383,17.809999465942383,17.34000015258789,17.540000915527344,576700,0.0,0.0
2023-07-28 00:00:00-04:00,17.81999969482422,18.014999389648438,17.65999984741211,17.899999618530273,472400,0.0,0.0
2023-07-31 00:00:00-04:00,17.8700008392334,18.09000015258789,17.649999618530273,17.84000015258789,546200,0.0,0.0
2023-08-01 00:00:00-04:00,18.989999771118164,23.385000228881836,18.989999771118164,22.75,3523500,0.0,0.0
2023-08-02 00:00:00-04:00,22.5,25.309999465942383,22.35300064086914,24.31999969482422,3218500,0.0,0.0
2023-08-03 00:00:00-04:00,23.850000381469727,24.235000610351562,23.170000076293945,24.18000030517578,896200,0.0,0.0
2023-08-04 00:00:00-04:00,24.239999771118164,24.649999618530273,24.06999969482422,24.440000534057617,571100,0.0,0.0
2023-08-07 00:00:00-04:00,24.559999465942383,24.899999618530273,23.920000076293945,24.860000610351562,1052000,0.0,0.0
2023-08-08 00:00:00-04:00,25.0,25.360000610351562,24.299999237060547,24.700000762939453,684800,0.0,0.0
2023-08-09 00:00:00-04:00,24.65999984741211,25.270000457763672,23.780000686645508,25.219999313354492,975500,0.0,0.0
2023-08-10 00:00:00-04:00,25.229999542236328,27.219999313354492,25.100000381469727,26.739999771118164,1074800,0.0,0.0
2023-08-11 00:00:00-04:00,26.6200008392334,27.149999618530273,26.34000015258789,26.6299991607666,629500,0.0,0.0
2023-08-14 00:00:00-04:00,26.059999465942383,26.6299991607666,25.81999969482422,26.440000534057617,523600,0.0,0.0
2023-08-15 00:00:00-04:00,26.56999969482422,26.739999771118164,25.979999542236328,26.190000534057617,461800,0.0,0.0
2023-08-16 00:00:00-04:00,26.139999389648438,26.350000381469727,25.19099998474121,25.459999084472656,475000,0.0,0.0
2023-08-17 00:00:00-04:00,25.540000915527344,25.540000915527344,24.06999969482422,24.549999237060547,2336100,0.0,0.0
2023-08-18 00:00:00-04:00,24.360000610351562,25.280000686645508,24.280000686645508,25.1200008392334,430400,0.0,0.0
2023-08-21 00:00:00-04:00,25.15999984741211,26.0,24.65999984741211,25.81999969482422,490300,0.0,0.0
2023-08-22 00:00:00-04:00,25.75,26.003000259399414,23.8799991607666,25.34000015258789,576400,0.0,0.0
2023-08-23 00:00:00-04:00,25.360000610351562,26.469999313354492,25.344999313354492,25.670000076293945,423900,0.0,0.0
2023-08-24 00:00:00-04:00,25.649999618530273,25.9950008392334,24.969999313354492,25.1299991607666,443600,0.0,0.0
2023-08-25 00:00:00-04:00,25.25,25.889999389648438,25.06999969482422,25.829999923706055,448100,0.0,0.0
2023-08-28 00:00:00-04:00,26.0,26.739999771118164,25.530000686645508,26.049999237060547,356500,0.0,0.0
2023-08-29 00:00:00-04:00,26.1200008392334,26.68000030517578,25.200000762939453,26.149999618530273,240300,0.0,0.0
2023-08-30 00:00:00-04:00,26.1200008392334,26.450000762939453,25.389999389648438,26.040000915527344,561100,0.0,0.0
2023-08-31 00:00:00-04:00,26.170000076293945,26.389999389648438,25.780000686645508,26.010000228881836,704000,0.0,0.0
2023-09-01 00:00:00-04:00,26.260000228881836,27.850000381469727,25.34000015258789,27.799999237060547,686000,0.0,0.0
2023-09-05 00:00:00-04:00,27.649999618530273,28.25,25.42300033569336,25.5,697800,0.0,0.0
2023-09-06 00:00:00-04:00,25.5,25.989999771118164,25.149999618530273,25.610000610351562,573700,0.0,0.0
2023-09-07 00:00:00-04:00,25.5,25.75,25.0,25.309999465942383,486300,0.0,0.0
2023-09-08 00:00:00-04:00,25.299999237060547,25.299999237060547,24.350000381469727,24.899999618530273,476800,0.0,0.0
2023-09-11 00:00:00-04:00,24.829999923706055,26.299999237060547,24.829999923706055,25.799999237060547,530200,0.0,0.0
2023-09-12 00:00:00-04:00,25.799999237060547,26.25,25.5,25.729999542236328,392500,0.0,0.0
2023-09-13 00:00:00-04:00,25.649999618530273,25.81999969482422,24.420000076293945,24.600000381469727,423700,0.0,0.0
2023-09-14 00:00:00-04:00,24.709999084472656,25.0,24.5,24.65999984741211,351400,0.0,0.0
2023-09-15 00:00:00-04:00,24.6200008392334,25.350000381469727,24.290000915527344,24.959999084472656,2302800,0.0,0.0
2023-09-18 00:00:00-04:00,25.270000457763672,25.950000762939453,24.260000228881836,24.540000915527344,628400,0.0,0.0
2023-09-19 00:00:00-04:00,24.979999542236328,24.989999771118164,23.850000381469727,23.860000610351562,320400,0.0,0.0
2023-09-20 00:00:00-04:00,23.940000534057617,24.299999237060547,23.774999618530273,24.030000686645508,285900,0.0,0.0
2023-09-21 00:00:00-04:00,23.860000610351562,24.030000686645508,22.81999969482422,23.229999542236328,626100,0.0,0.0
2023-09-22 00:00:00-04:00,23.440000534057617,23.790000915527344,22.854999542236328,23.309999465942383,522600,0.0,0.0
2023-09-25 00:00:00-04:00,23.059999465942383,23.469999313354492,22.479999542236328,22.790000915527344,509200,0.0,0.0
2023-09-26 00:00:00-04:00,22.860000610351562,24.90999984741211,22.760000228881836,23.770000457763672,1027300,0.0,0.0
2023-09-27 00:00:00-04:00,23.850000381469727,24.469999313354492,23.770000457763672,24.040000915527344,329000,0.0,0.0
2023-09-28 00:00:00-04:00,24.06999969482422,24.1200008392334,22.959999084472656,23.1299991607666,576800,0.0,0.0
2023-09-29 00:00:00-04:00,23.34000015258789,23.344999313354492,22.375,22.924999237060547,405800,0.0,0.0
2023-10-02 00:00:00-04:00,22.920000076293945,22.920000076293945,21.639999389648438,22.100000381469727,570800,0.0,0.0
2023-10-03 00:00:00-04:00,21.90999984741211,22.110000610351562,21.364999771118164,21.56999969482422,370700,0.0,0.0
2023-10-04 00:00:00-04:00,21.559999465942383,21.700000762939453,20.969999313354492,21.389999389648438,464800,0.0,0.0
2023-10-05 00:00:00-04:00,21.360000610351562,23.18000030517578,21.360000610351562,23.15999984741211,504300,0.0,0.0
2023-10-06 00:00:00-04:00,22.940000534057617,23.780000686645508,22.65999984741211,23.3799991607666,535000,0.0,0.0
2023-10-09 00:00:00-04:00,23.260000228881836,23.5,22.799999237060547,23.43000030517578,426500,0.0,0.0
2023-10-10 00:00:00-04:00,23.6200008392334,24.75,23.459999084472656,23.719999313354492,598000,0.0,0.0
2023-10-11 00:00:00-04:00,23.860000610351562,24.799999237060547,23.6200008392334,24.790000915527344,440100,0.0,0.0
2023-10-12 00:00:00-04:00,24.790000915527344,24.920000076293945,23.81999969482422,24.25,836400,0.0,0.0
2023-10-13 00:00:00-04:00,24.350000381469727,25.239999771118164,24.100000381469727,24.979999542236328,456800,0.0,0.0
2023-10-16 00:00:00-04:00,25.09000015258789,25.450000762939453,23.59000015258789,23.600000381469727,447800,0.0,0.0
2023-10-17 00:00:00-04:00,23.389999389648438,23.75,22.229999542236328,22.670000076293945,463500,0.0,0.0
2023-10-18 00:00:00-04:00,22.479999542236328,23.110000610351562,22.020000457763672,22.670000076293945,464200,0.0,0.0
2023-10-19 00:00:00-04:00,23.40999984741211,23.40999984741211,21.780000686645508,22.209999084472656,434000,0.0,0.0
2023-10-20 00:00:00-04:00,22.3700008392334,22.65999984741211,21.996000289916992,22.0,431500,0.0,0.0
2023-10-23 00:00:00-04:00,21.950000762939453,22.56999969482422,21.6299991607666,21.639999389648438,328600,0.0,0.0
2023-10-24 00:00:00-04:00,22.0,22.454999923706055,21.34000015258789,22.399999618530273,253600,0.0,0.0
2023-10-25 00:00:00-04:00,22.020000457763672,22.389999389648438,21.6299991607666,22.100000381469727,373000,0.0,0.0
2023-10-26 00:00:00-04:00,22.280000686645508,23.770000457763672,21.950000762939453,23.43000030517578,677900,0.0,0.0
2023-10-27 00:00:00-04:00,23.399999618530273,23.639999389648438,21.700000762939453,22.0,572200,0.0,0.0
2023-10-30 00:00:00-04:00,22.25,23.1200008392334,21.670000076293945,22.770000457763672,316300,0.0,0.0
2023-10-31 00:00:00-04:00,22.510000228881836,23.510000228881836,22.40999984741211,23.110000610351562,397100,0.0,0.0
2023-11-01 00:00:00-04:00,23.030000686645508,24.079999923706055,23.030000686645508,23.989999771118164,289500,0.0,0.0
2023-11-02 00:00:00-04:00,24.6299991607666,25.739999771118164,23.260000228881836,24.989999771118164,779100,0.0,0.0
2023-11-03 00:00:00-04:00,25.5,28.0,25.5,26.969999313354492,964400,0.0,0.0
2023-11-06 00:00:00-05:00,27.020000457763672,27.4950008392334,26.770000457763672,27.09000015258789,734200,0.0,0.0
2023-11-07 00:00:00-05:00,26.5,26.950000762939453,23.829999923706055,26.950000762939453,1030400,0.0,0.0
2023-11-08 00:00:00-05:00,27.940000534057617,29.739999771118164,26.8700008392334,27.415000915527344,592200,0.0,0.0
2023-11-09 00:00:00-05:00,27.649999618530273,28.34000015258789,26.700000762939453,26.940000534057617,553500,0.0,0.0
2023-11-10 00:00:00-05:00,27.309999465942383,28.59000015258789,26.549999237060547,28.459999084472656,449800,0.0,0.0
2023-11-13 00:00:00-05:00,27.780000686645508,28.780000686645508,27.1200008392334,28.639999389648438,425400,0.0,0.0
2023-11-14 00:00:00-05:00,29.969999313354492,33.599998474121094,29.3799991607666,33.029998779296875,1726300,0.0,0.0
2023-11-15 00:00:00-05:00,32.560001373291016,33.68000030517578,32.04999923706055,32.06999969482422,983400,0.0,0.0
2023-11-16 00:00:00-05:00,31.969999313354492,32.79999923706055,30.899999618530273,32.459999084472656,710800,0.0,0.0
2023-11-17 00:00:00-05:00,32.810001373291016,34.0099983215332,32.46500015258789,33.81999969482422,589200,0.0,0.0
2023-11-20 00:00:00-05:00,33.970001220703125,34.380001068115234,32.68000030517578,33.34000015258789,618200,0.0,0.0
2023-11-21 00:00:00-05:00,32.97999954223633,34.72999954223633,32.97999954223633,33.40999984741211,569500,0.0,0.0
2023-11-22 00:00:00-05:00,34.0099983215332,34.290000915527344,32.689998626708984,33.529998779296875,502000,0.0,0.0
2023-11-24 00:00:00-05:00,33.540000915527344,35.290000915527344,33.529998779296875,34.63999938964844,329100,0.0,0.0
2023-11-27 00:00:00-05:00,34.2599983215332,34.560001373291016,33.849998474121094,34.040000915527344,601700,0.0,0.0
2023-11-28 00:00:00-05:00,33.90999984741211,33.90999984741211,31.524999618530273,32.11000061035156,617600,0.0,0.0
2023-11-29 00:00:00-05:00,32.45000076293945,33.61000061035156,31.860000610351562,32.41999816894531,651200,0.0,0.0
2023-11-30 00:00:00-05:00,32.7599983215332,34.06999969482422,32.220001220703125,33.43000030517578,604900,0.0,0.0
2023-12-01 00:00:00-05:00,33.65999984741211,34.03499984741211,32.959999084472656,33.790000915527344,416000,0.0,0.0
2023-12-04 00:00:00-05:00,33.65999984741211,34.81999969482422,32.63999938964844,34.75,794900,0.0,0.0
2023-12-05 00:00:00-05:00,34.400001525878906,37.099998474121094,34.16999816894531,36.810001373291016,915800,0.0,0.0
2023-12-06 00:00:00-05:00,37.130001068115234,40.04999923706055,37.130001068115234,37.22999954223633,1435700,0.0,0.0
2023-12-07 00:00:00-05:00,38.529998779296875,38.98500061035156,37.40999984741211,38.0,1149000,0.0,0.0
2023-12-08 00:00:00-05:00,37.34000015258789,38.63999938964844,36.45000076293945,36.4900016784668,462600,0.0,0.0
2023-12-11 00:00:00-05:00,36.279998779296875,36.79999923706055,35.470001220703125,36.650001525878906,351700,0.0,0.0
2023-12-12 00:00:00-05:00,36.83000183105469,41.0,36.15999984741211,40.970001220703125,773300,0.0,0.0
2023-12-13 00:00:00-05:00,40.970001220703125,43.380001068115234,39.93000030517578,41.63999938964844,1163600,0.0,0.0
2023-12-14 00:00:00-05:00,43.869998931884766,43.869998931884766,41.7400016784668,42.939998626708984,984300,0.0,0.0
2023-12-15 00:00:00-05:00,43.27000045776367,47.62300109863281,43.27000045776367,47.20000076293945,2224500,0.0,0.0
2023-12-18 00:00:00-05:00,45.7400016784668,46.36000061035156,44.40999984741211,44.790000915527344,845200,0.0,0.0
2023-12-19 00:00:00-05:00,46.939998626708984,47.28499984741211,45.849998474121094,46.130001068115234,858000,0.0,0.0
2023-12-20 00:00:00-05:00,45.72999954223633,45.72999954223633,44.7400016784668,44.849998474121094,663200,0.0,0.0
2023-12-21 00:00:00-05:00,45.77000045776367,46.084999084472656,44.59000015258789,45.150001525878906,537100,0.0,0.0
2023-12-22 00:00:00-05:00,46.290000915527344,47.14500045776367,45.31999969482422,46.349998474121094,433800,0.0,0.0
2023-12-26 00:00:00-05:00,47.0099983215332,49.09000015258789,46.939998626708984,48.04999923706055,1131200,0.0,0.0
2023-12-27 00:00:00-05:00,48.20000076293945,50.16999816894531,47.720001220703125,49.63999938964844,441200,0.0,0.0
2023-12-28 00:00:00-05:00,49.290000915527344,50.275001525878906,46.349998474121094,47.08000183105469,970100,0.0,0.0
2023-12-29 00:00:00-05:00,47.099998474121094,47.900001525878906,45.22999954223633,45.970001220703125,1188000,0.0,0.0
2024-01-02 00:00:00-05:00,45.040000915527344,47.290000915527344,44.7400016784668,45.130001068115234,794700,0.0,0.0
2024-01-03 00:00:00-05:00,44.459999084472656,44.7400016784668,43.38999938964844,43.880001068115234,553600,0.0,0.0
2024-01-04 00:00:00-05:00,43.029998779296875,44.849998474121094,41.029998779296875,43.310001373291016,1348200,0.0,0.0
2024-01-05 00:00:00-05:00,42.900001525878906,43.0,39.39500045776367,39.75,1110700,0.0,0.0
2024-01-08 00:00:00-05:00,39.599998474121094,44.52000045776367,39.45000076293945,44.5,801900,0.0,0.0
2024-01-09 00:00:00-05:00,43.959999084472656,45.40999984741211,42.459999084472656,42.52000045776367,829600,0.0,0.0
2024-01-10 00:00:00-05:00,42.380001068115234,42.92499923706055,40.90999984741211,42.5099983215332,1114100,0.0,0.0
2024-01-11 00:00:00-05:00,41.7599983215332,42.529998779296875,40.04999923706055,41.5099983215332,791800,0.0,0.0
2024-01-12 00:00:00-05:00,42.77000045776367,43.56999969482422,40.27000045776367,40.68000030517578,469600,0.0,0.0
2024-01-16 00:00:00-05:00,39.900001525878906,40.779998779296875,39.18000030517578,40.59000015258789,588000,0.0,0.0
2024-01-17 00:00:00-05:00,40.099998474121094,41.790000915527344,39.45000076293945,41.720001220703125,971200,0.0,0.0
2024-01-18 00:00:00-05:00,42.16999816894531,42.499000549316406,40.37799835205078,40.95000076293945,540700,0.0,0.0
2024-01-19 00:00:00-05:00,40.97999954223633,41.19499969482422,39.400001525878906,41.040000915527344,551300,0.0,0.0
2024-01-22 00:00:00-05:00,41.68000030517578,42.84000015258789,40.91999816894531,41.709999084472656,348100,0.0,0.0
2024-01-23 00:00:00-05:00,42.56999969482422,42.880001068115234,40.875,42.04999923706055,287200,0.0,0.0
2024-01-24 00:00:00-05:00,42.869998931884766,47.91999816894531,41.790000915527344,46.459999084472656,1791000,0.0,0.0
2024-01-25 00:00:00-05:00,46.66999816894531,47.15399932861328,44.040000915527344,44.18000030517578,703200,0.0,0.0
2024-01-26 00:00:00-05:00,44.68000030517578,45.2400016784668,43.209999084472656,44.349998474121094,581400,0.0,0.0
2024-01-29 00:00:00-05:00,44.54999923706055,45.72999954223633,43.810001373291016,44.970001220703125,770400,0.0,0.0
2024-01-30 00:00:00-05:00,45.18000030517578,46.119998931884766,43.959999084472656,45.75,395000,0.0,0.0
2024-01-31 00:00:00-05:00,45.79999923706055,46.97999954223633,44.099998474121094,44.11000061035156,553800,0.0,0.0
2024-02-01 00:00:00-05:00,44.650001525878906,46.709999084472656,43.900001525878906,46.33000183105469,553100,0.0,0.0
2024-02-02 00:00:00-05:00,44.9900016784668,45.85499954223633,44.45000076293945,44.880001068115234,568400,0.0,0.0
2024-02-05 00:00:00-05:00,44.09000015258789,46.220001220703125,43.4900016784668,45.9900016784668,682200,0.0,0.0
2024-02-06 00:00:00-05:00,45.900001525878906,48.849998474121094,45.400001525878906,47.63999938964844,1054600,0.0,0.0
2024-02-07 00:00:00-05:00,47.7599983215332,48.7400016784668,45.27000045776367,47.790000915527344,545800,0.0,0.0
2024-02-08 00:00:00-05:00,47.880001068115234,48.59000015258789,46.400001525878906,47.54999923706055,489700,0.0,0.0
2024-02-09 00:00:00-05:00,48.029998779296875,51.68000030517578,47.63999938964844,51.18000030517578,906100,0.0,0.0
2024-02-12 00:00:00-05:00,50.86000061035156,52.56999969482422,50.26100158691406,52.439998626708984,797500,0.0,0.0
2024-02-13 00:00:00-05:00,49.95000076293945,50.595001220703125,44.779998779296875,48.900001525878906,1167900,0.0,0.0
2024-02-14 00:00:00-05:00,50.0099983215332,50.630001068115234,48.28499984741211,50.04999923706055,540400,0.0,0.0
2024-02-15 00:00:00-05:00,50.380001068115234,51.81999969482422,49.275001525878906,50.470001220703125,407400,0.0,0.0
2024-02-16 00:00:00-05:00,49.75,50.220001220703125,48.52000045776367,49.22999954223633,394900,0.0,0.0
2024-02-20 00:00:00-05:00,48.439998626708984,50.150001525878906,48.18000030517578,49.11000061035156,309100,0.0,0.0
2024-02-21 00:00:00-05:00,48.540000915527344,49.21500015258789,47.119998931884766,48.810001373291016,355800,0.0,0.0
2024-02-22 00:00:00-05:00,49.0,49.53099822998047,43.43000030517578,44.060001373291016,1317900,0.0,0.0
2024-02-23 00:00:00-05:00,44.029998779296875,45.74599838256836,43.75,45.15999984741211,512400,0.0,0.0
2024-02-26 00:00:00-05:00,45.02000045776367,46.75,44.63999938964844,46.150001525878906,555400,0.0,0.0
2024-02-27 00:00:00-05:00,46.77000045776367,47.34000015258789,45.91999816894531,46.029998779296875,455300,0.0,0.0
2024-02-28 00:00:00-05:00,45.36000061035156,45.56999969482422,43.790000915527344,44.380001068115234,469800,0.0,0.0
2024-02-29 00:00:00-05:00,45.619998931884766,45.904998779296875,42.650001525878906,43.41999816894531,524400,0.0,0.0
2024-03-01 00:00:00-05:00,42.66999816894531,45.4900016784668,42.630001068115234,43.709999084472656,435000,0.0,0.0
2024-03-04 00:00:00-05:00,43.83000183105469,44.16999816894531,42.040000915527344,42.119998931884766,416500,0.0,0.0
2024-03-05 00:00:00-05:00,42.060001373291016,43.619998931884766,40.470001220703125,41.2400016784668,678200,0.0,0.0
2024-03-06 00:00:00-05:00,41.599998474121094,42.72999954223633,40.83000183105469,41.099998474121094,580100,0.0,0.0
2024-03-07 00:00:00-05:00,41.7599983215332,42.459999084472656,41.29999923706055,41.66999816894531,453600,0.0,0.0
2024-03-08 00:00:00-05:00,42.099998474121094,43.56999969482422,40.869998931884766,41.939998626708984,365300,0.0,0.0
2024-03-11 00:00:00-04:00,41.7599983215332,41.83000183105469,39.720001220703125,40.5099983215332,657300,0.0,0.0
2024-03-12 00:00:00-04:00,40.7400016784668,41.90999984741211,40.04199981689453,40.18000030517578,422100,0.0,0.0
2024-03-13 00:00:00-04:00,40.16999816894531,41.209999084472656,40.099998474121094,40.970001220703125,450300,0.0,0.0
2024-03-14 00:00:00-04:00,40.68000030517578,40.720001220703125,39.46500015258789,40.02000045776367,445800,0.0,0.0
2024-03-15 00:00:00-04:00,39.77000045776367,40.97999954223633,39.75,40.0,1651500,0.0,0.0
2024-03-18 00:00:00-04:00,40.0,41.04800033569336,39.7400016784668,40.599998474121094,480500,0.0,0.0
2024-03-19 00:00:00-04:00,40.150001525878906,40.72999954223633,37.93000030517578,39.119998931884766,1014400,0.0,0.0
2024-03-20 00:00:00-04:00,38.83000183105469,39.7599983215332,37.654998779296875,39.68000030517578,541300,0.0,0.0
2024-03-21 00:00:00-04:00,40.0,41.93000030517578,39.599998474121094,40.63999938964844,676700,0.0,0.0
2024-03-22 00:00:00-04:00,40.66999816894531,40.849998474121094,39.86000061035156,40.54999923706055,433700,0.0,0.0
2024-03-25 00:00:00-04:00,40.400001525878906,41.09000015258789,39.349998474121094,39.650001525878906,433300,0.0,0.0
2024-03-26 00:00:00-04:00,39.95000076293945,41.060001373291016,39.16999816894531,39.529998779296875,399400,0.0,0.0
2024-03-27 00:00:00-04:00,40.20000076293945,42.400001525878906,39.56999969482422,41.790000915527344,641700,0.0,0.0
2024-03-28 00:00:00-04:00,42.540000915527344,43.65999984741211,41.790000915527344,43.33000183105469,876000,0.0,0.0
2024-04-01 00:00:00-04:00,42.29999923706055,42.77000045776367,41.56999969482422,42.68000030517578,566400,0.0,0.0
2024-04-02 00:00:00-04:00,41.7599983215332,42.06999969482422,39.849998474121094,40.04999923706055,639100,0.0,0.0
2024-04-03 00:00:00-04:00,39.70000076293945,40.959999084472656,39.43000030517578,40.88999938964844,447400,0.0,0.0
2024-04-04 00:00:00-04:00,41.5099983215332,42.19499969482422,39.86000061035156,40.099998474121094,486300,0.0,0.0
2024-04-05 00:00:00-04:00,39.599998474121094,41.36000061035156,39.25,40.540000915527344,465800,0.0,0.0
2024-04-08 00:00:00-04:00,40.810001373291016,41.935001373291016,40.470001220703125,41.79999923706055,352300,0.0,0.0
2024-04-09 00:00:00-04:00,41.9900016784668,43.68000030517578,40.790000915527344,43.61000061035156,380500,0.0,0.0
2024-04-10 00:00:00-04:00,41.93000030517578,42.66999816894531,40.96500015258789,41.099998474121094,543900,0.0,0.0
2024-04-11 00:00:00-04:00,41.22999954223633,42.630001068115234,41.099998474121094,42.58000183105469,421300,0.0,0.0
2024-04-12 00:00:00-04:00,42.0099983215332,42.0099983215332,39.79999923706055,40.33000183105469,848600,0.0,0.0
2024-04-15 00:00:00-04:00,40.459999084472656,41.040000915527344,39.95500183105469,40.09000015258789,621700,0.0,0.0
2024-04-16 00:00:00-04:00,39.59000015258789,40.130001068115234,38.5099983215332,38.52000045776367,422100,0.0,0.0
2024-04-17 00:00:00-04:00,39.099998474121094,39.099998474121094,38.25,38.45000076293945,599500,0.0,0.0
2024-04-18 00:00:00-04:00,37.83000183105469,38.900001525878906,37.6150016784668,38.11000061035156,439000,0.0,0.0
2024-04-19 00:00:00-04:00,37.790000915527344,39.099998474121094,36.91999816894531,38.0099983215332,615900,0.0,0.0
2024-04-22 00:00:00-04:00,38.310001373291016,39.41999816894531,37.7599983215332,39.0099983215332,390400,0.0,0.0
2024-04-23 00:00:00-04:00,39.38999938964844,41.849998474121094,39.189998626708984,40.0,413700,0.0,0.0
2024-04-24 00:00:00-04:00,40.56999969482422,40.9900016784668,39.560001373291016,39.709999084472656,398300,0.0,0.0
2024-04-25 00:00:00-04:00,38.77000045776367,38.77000045776367,37.36000061035156,38.150001525878906,424400,0.0,0.0
2024-04-26 00:00:00-04:00,38.38999938964844,38.88999938964844,37.36000061035156,38.279998779296875,305000,0.0,0.0
2024-04-29 00:00:00-04:00,38.599998474121094,39.3650016784668,38.189998626708984,38.81999969482422,280300,0.0,0.0
2024-04-30 00:00:00-04:00,38.38999938964844,41.27000045776367,37.599998474121094,39.7599983215332,628600,0.0,0.0
2024-05-01 00:00:00-04:00,39.77000045776367,42.20000076293945,39.77000045776367,41.43000030517578,1030700,0.0,0.0
2024-05-02 00:00:00-04:00,41.619998931884766,42.11000061035156,40.95000076293945,40.97999954223633,427600,0.0,0.0
2024-05-03 00:00:00-04:00,42.4900016784668,44.0,41.86000061035156,43.7599983215332,920800,0.0,0.0
2024-05-06 00:00:00-04:00,43.779998779296875,44.369998931884766,42.709999084472656,43.880001068115234,982400,0.0,0.0
2024-05-07 00:00:00-04:00,40.86000061035156,41.7599983215332,37.4900016784668,39.349998474121094,1247700,0.0,0.0
2024-05-08 00:00:00-04:00,38.25,39.18000030517578,36.58000183105469,38.91999816894531,1191700,0.0,0.0
2024-05-09 00:00:00-04:00,38.9900016784668,39.29999923706055,37.91999816894531,38.5,467400,0.0,0.0
2024-05-10 00:00:00-04:00,39.0,39.599998474121094,38.13999938964844,39.13999938964844,371700,0.0,0.0
2024-05-13 00:00:00-04:00,39.209999084472656,40.86000061035156,38.97999954223633,40.20000076293945,407700,0.0,0.0
2024-05-14 00:00:00-04:00,40.56999969482422,41.0,39.97999954223633,40.380001068115234,283300,0.0,0.0
2024-05-15 00:00:00-04:00,41.13999938964844,41.88999938964844,39.34000015258789,39.599998474121094,314600,0.0,0.0
2024-05-16 00:00:00-04:00,39.61000061035156,39.63999938964844,39.130001068115234,39.16999816894531,244100,0.0,0.0
2024-05-17 00:00:00-04:00,39.45000076293945,39.45000076293945,37.22999954223633,37.959999084472656,750700,0.0,0.0
2024-05-20 00:00:00-04:00,37.97999954223633,39.060001373291016,37.650001525878906,38.959999084472656,591400,0.0,0.0
2024-05-21 00:00:00-04:00,38.84000015258789,39.29999923706055,37.470001220703125,38.0099983215332,323800,0.0,0.0
2024-05-22 00:00:00-04:00,37.95000076293945,38.2400016784668,37.279998779296875,37.84000015258789,357500,0.0,0.0
2024-05-23 00:00:00-04:00,37.97999954223633,38.064998626708984,36.41999816894531,37.369998931884766,446800,0.0,0.0
2024-05-24 00:00:00-04:00,37.650001525878906,38.0099983215332,36.7400016784668,36.7599983215332,305700,0.0,0.0
2024-05-28 00:00:00-04:00,37.119998931884766,37.119998931884766,35.86000061035156,36.209999084472656,506000,0.0,0.0
2024-05-29 00:00:00-04:00,35.7599983215332,36.060001373291016,35.16999816894531,35.40999984741211,448500,0.0,0.0
2024-05-30 00:00:00-04:00,35.79999923706055,37.02000045776367,35.349998474121094,36.68000030517578,381900,0.0,0.0
2024-05-31 00:00:00-04:00,36.849998474121094,37.54999923706055,35.560001373291016,35.68000030517578,632000,0.0,0.0
2024-06-03 00:00:00-04:00,36.400001525878906,39.029998779296875,36.27000045776367,37.849998474121094,641600,0.0,0.0
2024-06-04 00:00:00-04:00,37.81999969482422,38.7400016784668,37.459999084472656,38.58000183105469,473000,0.0,0.0
2024-06-05 00:00:00-04:00,38.959999084472656,40.119998931884766,38.816001892089844,39.91999816894531,716900,0.0,0.0
2024-06-06 00:00:00-04:00,39.790000915527344,40.119998931884766,39.0099983215332,39.68000030517578,441100,0.0,0.0
2024-06-07 00:00:00-04:00,39.20000076293945,40.5,38.854000091552734,39.970001220703125,466400,0.0,0.0
2024-06-10 00:00:00-04:00,39.310001373291016,41.04999923706055,38.900001525878906,41.0099983215332,402600,0.0,0.0
2024-06-11 00:00:00-04:00,40.70000076293945,41.29999923706055,39.58000183105469,40.119998931884766,508100,0.0,0.0
2024-06-12 00:00:00-04:00,41.43000030517578,42.880001068115234,40.90999984741211,42.27000045776367,636100,0.0,0.0
2024-06-13 00:00:00-04:00,42.220001220703125,44.619998931884766,41.54499816894531,44.369998931884766,666300,0.0,0.0
2024-06-14 00:00:00-04:00,44.65999984741211,45.91999816894531,42.29999923706055,42.77000045776367,748300,0.0,0.0
2024-06-17 00:00:00-04:00,42.36000061035156,42.380001068115234,40.47999954223633,41.15999984741211,505700,0.0,0.0
2024-06-18 00:00:00-04:00,41.349998474121094,41.47999954223633,40.09000015258789,41.38999938964844,355900,0.0,0.0
2024-06-20 00:00:00-04:00,41.119998931884766,41.119998931884766,40.060001373291016,40.68000030517578,411600,0.0,0.0
2024-06-21 00:00:00-04:00,40.720001220703125,42.19499969482422,40.540000915527344,41.869998931884766,2162900,0.0,0.0
2024-06-24 00:00:00-04:00,42.0,43.38999938964844,41.560001373291016,42.529998779296875,535100,0.0,0.0
2024-06-25 00:00:00-04:00,42.41999816894531,43.33000183105469,41.9900016784668,42.75,400900,0.0,0.0
2024-06-26 00:00:00-04:00,42.58000183105469,42.58000183105469,39.7400016784668,39.869998931884766,479000,0.0,0.0
2024-06-27 00:00:00-04:00,40.0099983215332,40.63999938964844,39.470001220703125,40.130001068115234,356800,0.0,0.0
2024-06-28 00:00:00-04:00,40.369998931884766,41.13999938964844,39.45800018310547,41.060001373291016,1094600,0.0,0.0
2024-07-01 00:00:00-04:00,40.970001220703125,43.54800033569336,40.5989990234375,42.66999816894531,536600,0.0,0.0
2024-07-02 00:00:00-04:00,42.189998626708984,43.09000015258789,41.95000076293945,42.34000015258789,460300,0.0,0.0
2024-07-03 00:00:00-04:00,42.31999969482422,43.54800033569336,40.709999084472656,40.810001373291016,332900,0.0,0.0
2024-07-05 00:00:00-04:00,40.68000030517578,42.779998779296875,40.459999084472656,42.279998779296875,307500,0.0,0.0
2024-07-08 00:00:00-04:00,42.9900016784668,44.040000915527344,42.9900016784668,43.7599983215332,281800,0.0,0.0
2024-07-09 00:00:00-04:00,43.65999984741211,45.459999084472656,43.65999984741211,44.939998626708984,401200,0.0,0.0
2024-07-10 00:00:00-04:00,45.279998779296875,45.279998779296875,44.189998626708984,44.380001068115234,350500,0.0,0.0
2024-07-11 00:00:00-04:00,45.77000045776367,46.77000045776367,44.709999084472656,46.599998474121094,584700,0.0,0.0
2024-07-12 00:00:00-04:00,47.380001068115234,50.244998931884766,46.974998474121094,50.02000045776367,627200,0.0,0.0
2024-07-15 00:00:00-04:00,50.38999938964844,52.08000183105469,49.75,51.900001525878906,660100,0.0,0.0
2024-07-16 00:00:00-04:00,53.0,53.90999984741211,50.939998626708984,53.88999938964844,1054000,0.0,0.0
2024-07-17 00:00:00-04:00,52.84000015258789,53.91999816894531,51.58000183105469,52.08000183105469,464900,0.0,0.0
2024-07-18 00:00:00-04:00,52.0,52.209999084472656,48.310001373291016,49.2599983215332,387300,0.0,0.0
2024-07-19 00:00:00-04:00,49.369998931884766,49.650001525878906,47.625,49.56999969482422,357300,0.0,0.0
2024-07-22 00:00:00-04:00,50.029998779296875,51.13999938964844,48.47999954223633,49.779998779296875,638200,0.0,0.0
2024-07-23 00:00:00-04:00,49.529998779296875,50.27000045776367,48.88999938964844,49.79999923706055,377300,0.0,0.0
2024-07-24 00:00:00-04:00,49.439998626708984,50.400001525878906,48.959999084472656,49.31999969482422,435600,0.0,0.0
2024-07-25 00:00:00-04:00,50.09000015258789,50.400001525878906,48.81999969482422,49.61000061035156,504500,0.0,0.0
2024-07-26 00:00:00-04:00,50.7400016784668,50.7400016784668,49.04999923706055,49.04999923706055,295200,0.0,0.0
2024-07-29 00:00:00-04:00,49.060001373291016,49.88999938964844,47.48500061035156,48.7400016784668,412100,0.0,0.0
2024-07-30 00:00:00-04:00,49.130001068115234,49.130001068115234,46.93000030517578,47.65999984741211,282800,0.0,0.0
2024-07-31 00:00:00-04:00,48.16999816894531,49.86000061035156,46.88999938964844,48.209999084472656,435200,0.0,0.0
2024-08-01 00:00:00-04:00,48.08000183105469,48.5,46.40999984741211,46.84000015258789,395800,0.0,0.0
2024-08-02 00:00:00-04:00,44.380001068115234,46.05500030517578,42.845001220703125,44.189998626708984,539100,0.0,0.0
2024-08-05 00:00:00-04:00,41.22999954223633,44.3849983215332,40.61000061035156,44.029998779296875,1053800,0.0,0.0
2024-08-06 00:00:00-04:00,45.900001525878906,47.27000045776367,42.74399948120117,44.040000915527344,463500,0.0,0.0
2024-08-07 00:00:00-04:00,44.709999084472656,44.709999084472656,42.91999816894531,43.560001373291016,377900,0.0,0.0
2024-08-08 00:00:00-04:00,44.400001525878906,46.220001220703125,43.83000183105469,45.869998931884766,224500,0.0,0.0
2024-08-09 00:00:00-04:00,45.86000061035156,45.86000061035156,44.720001220703125,45.2599983215332,264300,0.0,0.0
2024-08-12 00:00:00-04:00,45.349998474121094,45.529998779296875,44.0,44.47999954223633,243400,0.0,0.0
2024-08-13 00:00:00-04:00,44.900001525878906,46.099998474121094,44.77000045776367,45.970001220703125,253300,0.0,0.0
2024-08-14 00:00:00-04:00,45.54999923706055,45.9900016784668,44.779998779296875,45.880001068115234,233400,0.0,0.0
2024-08-15 00:00:00-04:00,46.869998931884766,47.41999816894531,46.08000183105469,46.70000076293945,438900,0.0,0.0
2024-08-16 00:00:00-04:00,46.63999938964844,47.06999969482422,45.75,46.08000183105469,306100,0.0,0.0
2024-08-19 00:00:00-04:00,46.08000183105469,47.35499954223633,46.06999969482422,47.099998474121094,312300,0.0,0.0
2024-08-20 00:00:00-04:00,47.0099983215332,48.16999816894531,44.720001220703125,45.61000061035156,306500,0.0,0.0
2024-08-21 00:00:00-04:00,45.95000076293945,46.790000915527344,45.09000015258789,45.380001068115234,316700,0.0,0.0
2024-08-22 00:00:00-04:00,45.540000915527344,45.90999984741211,43.56999969482422,44.189998626708984,477500,0.0,0.0
2024-08-23 00:00:00-04:00,44.41999816894531,46.27000045776367,44.310001373291016,46.119998931884766,342900,0.0,0.0
2024-08-26 00:00:00-04:00,46.869998931884766,50.11000061035156,46.439998626708984,50.0,584600,0.0,0.0
2024-08-27 00:00:00-04:00,50.220001220703125,50.220001220703125,47.0,47.43000030517578,284000,0.0,0.0
2024-08-28 00:00:00-04:00,47.0,47.595001220703125,45.630001068115234,46.38999938964844,245200,0.0,0.0
2024-08-29 00:00:00-04:00,46.75,47.33000183105469,45.869998931884766,46.099998474121094,306500,0.0,0.0
2024-08-30 00:00:00-04:00,46.439998626708984,47.404998779296875,45.63999938964844,47.290000915527344,249100,0.0,0.0
2024-09-03 00:00:00-04:00,46.7599983215332,47.68000030517578,45.154998779296875,45.95000076293945,273000,0.0,0.0
2024-09-04 00:00:00-04:00,45.470001220703125,46.939998626708984,45.000999450683594,46.88999938964844,161600,0.0,0.0
2024-09-05 00:00:00-04:00,46.9900016784668,48.34000015258789,46.75,48.27000045776367,261000,0.0,0.0
2024-09-06 00:00:00-04:00,48.56999969482422,49.52000045776367,47.17499923706055,49.25,443100,0.0,0.0
2024-09-09 00:00:00-04:00,49.7400016784668,51.0,49.47999954223633,50.65999984741211,801200,0.0,0.0
2024-09-10 00:00:00-04:00,51.0,51.0,48.36000061035156,49.09000015258789,438300,0.0,0.0
2024-09-11 00:00:00-04:00,48.2599983215332,49.560001373291016,47.099998474121094,49.310001373291016,420500,0.0,0.0
2024-09-12 00:00:00-04:00,49.08000183105469,49.79999923706055,47.20000076293945,49.310001373291016,310900,0.0,0.0
2024-09-13 00:00:00-04:00,49.65999984741211,50.06999969482422,49.29999923706055,49.619998931884766,717900,0.0,0.0
2024-09-16 00:00:00-04:00,50.29999923706055,50.79999923706055,48.939998626708984,49.52000045776367,350200,0.0,0.0
2024-09-17 00:00:00-04:00,50.75,54.854000091552734,50.36000061035156,53.16999816894531,1790900,0.0,0.0
2024-09-18 00:00:00-04:00,53.91999816894531,54.880001068115234,52.849998474121094,53.63999938964844,808000,0.0,0.0
2024-09-19 00:00:00-04:00,55.0,55.63999938964844,53.81999969482422,54.54999923706055,758600,0.0,0.0
2024-09-20 00:00:00-04:00,54.54999923706055,54.54999923706055,52.470001220703125,52.79999923706055,632800,0.0,0.0
2024-09-23 00:00:00-04:00,52.79999923706055,52.79999923706055,51.0,51.060001373291016,477700,0.0,0.0
2024-09-24 00:00:00-04:00,50.970001220703125,51.619998931884766,50.220001220703125,51.2400016784668,253200,0.0,0.0
2024-09-25 00:00:00-04:00,51.20000076293945,52.9900016784668,50.834999084472656,52.25,261800,0.0,0.0
2024-09-26 00:00:00-04:00,53.09000015258789,53.09000015258789,50.63999938964844,51.130001068115234,244200,0.0,0.0
2024-09-27 00:00:00-04:00,51.650001525878906,52.119998931884766,51.047000885009766,51.349998474121094,167900,0.0,0.0
2024-09-30 00:00:00-04:00,51.16999816894531,52.904998779296875,50.70000076293945,52.38999938964844,222500,0.0,0.0
2024-10-01 00:00:00-04:00,52.15999984741211,52.7400016784668,50.70000076293945,51.77000045776367,399400,0.0,0.0
2024-10-02 00:00:00-04:00,51.2400016784668,51.56999969482422,49.11000061035156,51.0099983215332,327400,0.0,0.0
2024-10-03 00:00:00-04:00,50.5,51.0099983215332,48.56999969482422,48.58000183105469,209800,0.0,0.0
2024-10-04 00:00:00-04:00,49.0,50.060001373291016,49.0,49.630001068115234,236100,0.0,0.0
2024-10-07 00:00:00-04:00,49.58000183105469,49.7400016784668,47.02000045776367,47.20000076293945,399800,0.0,0.0
2024-10-08 00:00:00-04:00,47.150001525878906,48.93000030517578,47.11000061035156,48.09000015258789,277900,0.0,0.0
2024-10-09 00:00:00-04:00,48.040000915527344,48.16999816894531,46.88999938964844,47.720001220703125,341500,0.0,0.0
2024-10-10 00:00:00-04:00,47.08000183105469,48.040000915527344,46.79999923706055,47.970001220703125,293800,0.0,0.0
2024-10-11 00:00:00-04:00,47.9900016784668,49.970001220703125,47.93000030517578,49.81999969482422,398900,0.0,0.0
2024-10-14 00:00:00-04:00,49.52000045776367,50.900001525878906,49.29499816894531,50.2400016784668,295000,0.0,0.0
2024-10-15 00:00:00-04:00,50.2400016784668,50.88999938964844,49.34000015258789,50.40999984741211,165100,0.0,0.0
2024-10-16 00:00:00-04:00,50.88999938964844,52.470001220703125,50.35499954223633,52.31999969482422,420200,0.0,0.0
2024-10-17 00:00:00-04:00,52.31999969482422,52.31999969482422,50.790000915527344,51.029998779296875,246900,0.0,0.0
2024-10-18 00:00:00-04:00,51.0099983215332,51.970001220703125,50.56999969482422,50.849998474121094,236600,0.0,0.0
2024-10-21 00:00:00-04:00,52.0,52.0,49.61000061035156,50.189998626708984,277400,0.0,0.0
2024-10-22 00:00:00-04:00,49.689998626708984,50.42499923706055,49.060001373291016,49.130001068115234,289100,0.0,0.0
2024-10-23 00:00:00-04:00,48.720001220703125,49.630001068115234,48.16999816894531,49.02000045776367,389600,0.0,0.0
2024-10-24 00:00:00-04:00,48.619998931884766,49.77000045776367,48.41999816894531,49.709999084472656,302100,0.0,0.0
2024-10-25 00:00:00-04:00,49.7599983215332,50.86000061035156,48.5,48.54999923706055,455300,0.0,0.0
2024-10-28 00:00:00-04:00,49.209999084472656,49.970001220703125,49.154998779296875,49.43000030517578,460700,0.0,0.0
2024-10-29 00:00:00-04:00,48.70000076293945,49.66999816894531,48.290000915527344,49.540000915527344,236200,0.0,0.0
2024-10-30 00:00:00-04:00,49.18000030517578,49.72999954223633,48.79999923706055,49.540000915527344,164700,0.0,0.0
2024-10-31 00:00:00-04:00,49.41999816894531,49.96500015258789,47.61000061035156,47.72999954223633,302700,0.0,0.0
2024-11-01 00:00:00-04:00,47.880001068115234,50.09000015258789,47.880001068115234,49.0099983215332,293900,0.0,0.0
2024-11-04 00:00:00-05:00,48.790000915527344,53.58000183105469,48.435001373291016,52.9900016784668,653600,0.0,0.0
2024-11-05 00:00:00-05:00,53.2400016784668,56.58000183105469,52.45500183105469,56.25,880900,0.0,0.0
2024-11-06 00:00:00-05:00,60.0,64.7300033569336,59.11000061035156,62.650001525878906,2767000,0.0,0.0
2024-11-07 00:00:00-05:00,62.63999938964844,65.13999938964844,62.20000076293945,63.900001525878906,1074800,0.0,0.0
2024-11-08 00:00:00-05:00,63.06999969482422,67.61000061035156,62.87900161743164,67.33000183105469,1113000,0.0,0.0
2024-11-11 00:00:00-05:00,68.0,68.58000183105469,65.16999816894531,65.58000183105469,1118700,0.0,0.0
2024-11-12 00:00:00-05:00,64.62999725341797,66.0999984741211,63.849998474121094,64.05999755859375,398800,0.0,0.0
2024-11-13 00:00:00-05:00,64.4000015258789,65.25,59.880001068115234,60.06999969482422,849900,0.0,0.0
2024-11-14 00:00:00-05:00,59.7400016784668,60.95500183105469,59.33000183105469,59.77000045776367,504700,0.0,0.0
2024-11-15 00:00:00-05:00,60.209999084472656,60.209999084472656,55.81999969482422,56.22999954223633,690300,0.0,0.0
2024-11-18 00:00:00-05:00,57.0,58.63999938964844,55.369998931884766,58.5,852400,0.0,0.0
2024-11-19 00:00:00-05:00,58.0,60.130001068115234,57.584999084472656,59.970001220703125,677700,0.0,0.0
2024-11-20 00:00:00-05:00,59.97999954223633,60.790000915527344,58.04999923706055,59.36000061035156,388300,0.0,0.0
2024-11-21 00:00:00-05:00,59.400001525878906,60.32400131225586,57.994998931884766,59.029998779296875,278400,0.0,0.0
2024-11-22 00:00:00-05:00,59.27000045776367,60.25,58.994998931884766,59.939998626708984,302400,0.0,0.0
2024-11-25 00:00:00-05:00,61.380001068115234,63.08000183105469,59.810001373291016,59.91999816894531,720800,0.0,0.0
2024-11-26 00:00:00-05:00,59.880001068115234,62.74599838256836,59.599998474121094,61.95000076293945,868900,0.0,0.0
2024-11-27 00:00:00-05:00,62.2400016784668,63.439998626708984,61.54999923706055,62.25,432900,0.0,0.0
2024-11-29 00:00:00-05:00,62.31999969482422,62.505001068115234,61.369998931884766,62.040000915527344,254200,0.0,0.0
2024-12-02 00:00:00-05:00,62.099998474121094,62.099998474121094,60.36000061035156,60.84000015258789,504100,0.0,0.0
2024-12-03 00:00:00-05:00,60.4900016784668,61.61000061035156,59.939998626708984,60.08000183105469,575600,0.0,0.0
2024-12-04 00:00:00-05:00,60.08000183105469,60.900001525878906,59.66999816894531,60.369998931884766,914300,0.0,0.0
2024-12-05 00:00:00-05:00,60.5,60.6349983215332,57.43000030517578,57.81999969482422,373100,0.0,0.0
2024-12-06 00:00:00-05:00,58.5099983215332,59.349998474121094,58.314998626708984,58.88999938964844,346600,0.0,0.0
2024-12-09 00:00:00-05:00,59.040000915527344,59.290000915527344,56.43000030517578,57.40999984741211,299800,0.0,0.0
2024-12-10 00:00:00-05:00,57.20000076293945,58.459999084472656,56.845001220703125,57.7400016784668,522200,0.0,0.0
2024-12-11 00:00:00-05:00,58.560001373291016,58.560001373291016,57.0099983215332,57.150001525878906,264100,0.0,0.0
2024-12-12 00:00:00-05:00,56.970001220703125,58.000999450683594,54.959999084472656,55.68000030517578,440000,0.0,0.0
2024-12-13 00:00:00-05:00,55.61000061035156,57.04499816894531,54.93000030517578,55.2400016784668,519500,0.0,0.0
2024-12-16 00:00:00-05:00,54.66999816894531,56.82500076293945,54.650001525878906,55.25,462700,0.0,0.0
2024-12-17 00:00:00-05:00,54.650001525878906,56.869998931884766,54.52000045776367,56.79999923706055,539600,0.0,0.0
2024-12-18 00:00:00-05:00,56.709999084472656,57.27000045776367,53.38999938964844,53.689998626708984,710800,0.0,0.0
2024-12-19 00:00:00-05:00,54.150001525878906,56.42499923706055,53.43000030517578,55.47999954223633,586300,0.0,0.0
2024-12-20 00:00:00-05:00,55.59000015258789,58.15999984741211,55.46500015258789,56.119998931884766,1520000,0.0,0.0
2024-12-23 00:00:00-05:00,55.2400016784668,56.599998474121094,54.290000915527344,56.040000915527344,905000,0.0,0.0
2024-12-24 00:00:00-05:00,56.27000045776367,56.310001373291016,55.34000015258789,55.849998474121094,194700,0.0,0.0
2024-12-26 00:00:00-05:00,55.41999816894531,57.0,55.369998931884766,56.540000915527344,439800,0.0,0.0
2024-12-27 00:00:00-05:00,55.900001525878906,56.310001373291016,54.84000015258789,55.59000015258789,237900,0.0,0.0
2024-12-30 00:00:00-05:00,55.22999954223633,56.84000015258789,54.58000183105469,56.34000015258789,518500,0.0,0.0
2024-12-31 00:00:00-05:00,56.0,57.13999938964844,55.849998474121094,55.97999954223633,367000,0.0,0.0
2025-01-02 00:00:00-05:00,57.34000015258789,60.52000045776367,56.53499984741211,60.06999969482422,864800,0.0,0.0
2025-01-03 00:00:00-05:00,60.22999954223633,60.279998779296875,59.25,59.619998931884766,386900,0.0,0.0
2025-01-06 00:00:00-05:00,59.310001373291016,60.380001068115234,57.665000915527344,58.970001220703125,499200,0.0,0.0
2025-01-07 00:00:00-05:00,59.060001373291016,60.04999923706055,58.56999969482422,60.0099983215332,551600,0.0,0.0
2025-01-08 00:00:00-05:00,59.56999969482422,60.119998931884766,56.97999954223633,57.869998931884766,485500,0.0,0.0
2025-01-10 00:00:00-05:00,56.209999084472656,56.9900016784668,55.689998626708984,56.16999816894531,591100,0.0,0.0
2025-01-13 00:00:00-05:00,56.06999969482422,56.255001068115234,54.22999954223633,54.88999938964844,495800,0.0,0.0
2025-01-14 00:00:00-05:00,55.75,55.75,53.13999938964844,53.939998626708984,534400,0.0,0.0
2025-01-15 00:00:00-05:00,55.47999954223633,55.540000915527344,52.70500183105469,53.65999984741211,618900,0.0,0.0
2025-01-16 00:00:00-05:00,54.02000045776367,54.66999816894531,53.04999923706055,54.65999984741211,514100,0.0,0.0
2025-01-17 00:00:00-05:00,55.20000076293945,56.45000076293945,54.38999938964844,54.540000915527344,593100,0.0,0.0
2025-01-21 00:00:00-05:00,55.0,57.58000183105469,55.0,57.52000045776367,1154500,0.0,0.0
2025-01-22 00:00:00-05:00,57.61000061035156,57.61000061035156,56.26499938964844,57.22999954223633,345100,0.0,0.0
2025-01-23 00:00:00-05:00,56.540000915527344,58.63999938964844,56.03499984741211,58.470001220703125,364800,0.0,0.0
2025-01-24 00:00:00-05:00,58.060001373291016,58.48500061035156,56.88999938964844,57.779998779296875,348200,0.0,0.0
2025-01-27 00:00:00-05:00,57.54999923706055,59.029998779296875,56.27000045776367,56.52000045776367,371200,0.0,0.0
2025-01-28 00:00:00-05:00,56.619998931884766,57.720001220703125,55.13999938964844,56.810001373291016,544400,0.0,0.0
2025-01-29 00:00:00-05:00,56.7400016784668,57.560001373291016,56.470001220703125,57.189998626708984,274800,0.0,0.0
2025-01-30 00:00:00-05:00,57.75,59.5,57.54999923706055,59.220001220703125,294300,0.0,0.0
2025-01-31 00:00:00-05:00,59.220001220703125,60.685001373291016,58.79499816894531,59.43000030517578,418000,0.0,0.0
2025-02-03 00:00:00-05:00,58.060001373291016,60.47999954223633,57.66999816894531,59.40999984741211,639200,0.0,0.0
2025-02-04 00:00:00-05:00,59.2400016784668,60.13999938964844,58.4900016784668,59.95000076293945,441500,0.0,0.0
2025-02-05 00:00:00-05:00,60.43000030517578,62.13999938964844,59.779998779296875,61.02000045776367,648600,0.0,0.0
2025-02-06 00:00:00-05:00,60.54999923706055,60.84000015258789,59.11000061035156,60.0099983215332,361300,0.0,0.0
2025-02-07 00:00:00-05:00,59.86000061035156,60.099998474121094,58.650001525878906,59.18000030517578,373000,0.0,0.0
2025-02-10 00:00:00-05:00,59.36000061035156,59.97999954223633,57.97999954223633,58.470001220703125,388800,0.0,0.0
2025-02-11 00:00:00-05:00,57.720001220703125,58.15999984741211,57.15999984741211,57.58000183105469,289500,0.0,0.0
2025-02-12 00:00:00-05:00,56.38999938964844,57.70000076293945,55.720001220703125,57.63999938964844,276800,0.0,0.0
2025-02-13 00:00:00-05:00,58.0,58.64500045776367,56.8650016784668,57.560001373291016,298600,0.0,0.0
2025-02-14 00:00:00-05:00,57.93000030517578,58.459999084472656,56.560001373291016,56.689998626708984,327100,0.0,0.0
2025-02-18 00:00:00-05:00,56.59000015258789,57.72999954223633,56.025001525878906,57.54999923706055,419900,0.0,0.0
2025-02-19 00:00:00-05:00,57.04999923706055,58.2400016784668,56.61000061035156,58.0,374300,0.0,0.0
2025-02-20 00:00:00-05:00,57.810001373291016,58.38999938964844,56.63999938964844,57.7400016784668,266700,0.0,0.0
2025-02-21 00:00:00-05:00,58.11000061035156,58.45000076293945,55.9900016784668,56.06999969482422,420200,0.0,0.0
2025-02-24 00:00:00-05:00,56.13999938964844,56.5,54.45000076293945,54.65999984741211,715500,0.0,0.0
2025-02-25 00:00:00-05:00,54.59000015258789,55.0099983215332,50.5,51.029998779296875,1162900,0.0,0.0
2025-02-26 00:00:00-05:00,51.7400016784668,53.66999816894531,51.19499969482422,53.31999969482422,693100,0.0,0.0
2025-02-27 00:00:00-05:00,54.18000030517578,54.380001068115234,52.65999984741211,53.0,495300,0.0,0.0
2025-02-28 00:00:00-05:00,53.31999969482422,55.10499954223633,52.744998931884766,54.90999984741211,641500,0.0,0.0
2025-03-03 00:00:00-05:00,55.029998779296875,55.400001525878906,51.84000015258789,52.400001525878906,641300,0.0,0.0
2025-03-04 00:00:00-05:00,51.43000030517578,53.5,50.119998931884766,53.220001220703125,477100,0.0,0.0
2025-03-05 00:00:00-05:00,53.790000915527344,54.46500015258789,52.68000030517578,52.970001220703125,740200,0.0,0.0
2025-03-06 00:00:00-05:00,52.08000183105469,53.2400016784668,51.494998931884766,51.63999938964844,556100,0.0,0.0
2025-03-07 00:00:00-05:00,51.79999923706055,52.349998474121094,50.150001525878906,50.790000915527344,637700,0.0,0.0
2025-03-10 00:00:00-04:00,50.099998474121094,50.959999084472656,47.86000061035156,48.560001373291016,428700,0.0,0.0
2025-03-11 00:00:00-04:00,48.46500015258789,50.625,47.900001525878906,50.060001373291016,1014100,0.0,0.0
2025-03-12 00:00:00-04:00,50.810001373291016,51.5099983215332,50.290000915527344,51.31999969482422,459300,0.0,0.0
2025-03-13 00:00:00-04:00,51.040000915527344,52.0,50.130001068115234,50.2400016784668,224400,0.0,0.0
2025-03-14 00:00:00-04:00,51.29999923706055,52.04999923706055,50.275001525878906,50.970001220703125,529400,0.0,0.0
2025-03-17 00:00:00-04:00,51.04999923706055,52.459999084472656,50.75,52.34000015258789,298300,0.0,0.0
2025-03-18 00:00:00-04:00,52.70000076293945,53.459999084472656,51.34000015258789,52.290000915527344,407700,0.0,0.0
2025-03-19 00:00:00-04:00,52.25,55.869998931884766,52.150001525878906,55.209999084472656,688500,0.0,0.0
2025-03-20 00:00:00-04:00,54.56999969482422,55.310001373291016,52.81999969482422,54.22999954223633,479200,0.0,0.0
2025-03-21 00:00:00-04:00,54.22999954223633,54.45000076293945,51.869998931884766,52.040000915527344,902500,0.0,0.0
2025-03-24 00:00:00-04:00,52.119998931884766,53.834999084472656,52.119998931884766,53.720001220703125,502400,0.0,0.0
2025-03-25 00:00:00-04:00,53.54999923706055,54.4900016784668,52.58000183105469,52.90999984741211,531000,0.0,0.0
2025-03-26 00:00:00-04:00,52.88999938964844,54.900001525878906,52.53499984741211,54.29999923706055,470300,0.0,0.0
2025-03-27 00:00:00-04:00,54.2599983215332,55.130001068115234,53.439998626708984,53.4900016784668,486600,0.0,0.0
2025-03-28 00:00:00-04:00,53.58000183105469,55.209999084472656,53.02000045776367,54.79999923706055,416100,0.0,0.0
2025-03-31 00:00:00-04:00,53.349998474121094,53.40999984741211,51.53499984741211,52.970001220703125,633300,0.0,0.0
2025-04-01 00:00:00-04:00,53.529998779296875,54.66999816894531,49.97999954223633,50.0,653200,0.0,0.0
2025-04-02 00:00:00-04:00,48.77000045776367,52.369998931884766,48.22999954223633,51.959999084472656,783300,0.0,0.0
2025-04-03 00:00:00-04:00,50.09000015258789,50.7400016784668,49.619998931884766,49.81999969482422,531600,0.0,0.0
2025-04-04 00:00:00-04:00,47.810001373291016,49.05500030517578,46.20000076293945,46.95000076293945,582700,0.0,0.0
2025-04-07 00:00:00-04:00,48.33000183105469,55.900001525878906,45.904998779296875,54.959999084472656,3897700,0.0,0.0
2025-04-08 00:00:00-04:00,57.349998474121094,63.11000061035156,56.349998474121094,57.72999954223633,2119100,0.0,0.0
2025-04-09 00:00:00-04:00,56.029998779296875,61.439998626708984,49.86000061035156,60.22999954223633,2411100,0.0,0.0
2025-04-10 00:00:00-04:00,58.97999954223633,59.15999984741211,54.93000030517578,57.83000183105469,907100,0.0,0.0
2025-04-11 00:00:00-04:00,57.77000045776367,60.119998931884766,56.1150016784668,59.54999923706055,681900,0.0,0.0
2025-04-14 00:00:00-04:00,60.0,61.0,58.53499984741211,60.13999938964844,472500,0.0,0.0
2025-04-15 00:00:00-04:00,60.5,62.83000183105469,60.27000045776367,62.09000015258789,849900,0.0,0.0
2025-04-16 00:00:00-04:00,61.720001220703125,62.06999969482422,59.53900146484375,61.34000015258789,348800,0.0,0.0
2025-04-17 00:00:00-04:00,61.11000061035156,61.959999084472656,60.92499923706055,61.7400016784668,628800,0.0,0.0
2025-04-21 00:00:00-04:00,62.20000076293945,62.84700012207031,60.310001373291016,60.47999954223633,586400,0.0,0.0
2025-04-22 00:00:00-04:00,62.119998931884766,62.33000183105469,59.08000183105469,59.22999954223633,979800,0.0,0.0
2025-04-23 00:00:00-04:00,60.61000061035156,61.779998779296875,59.029998779296875,59.84000015258789,782200,0.0,0.0
2025-04-24 00:00:00-04:00,60.099998474121094,63.209999084472656,59.779998779296875,62.970001220703125,1412100,0.0,0.0
2025-04-25 00:00:00-04:00,62.11000061035156,64.0,61.3849983215332,63.7599983215332,452500,0.0,0.0
2025-04-28 00:00:00-04:00,63.91999816894531,64.6500015258789,63.36000061035156,64.41000366210938,466700,0.0,0.0
2025-04-29 00:00:00-04:00,63.72999954223633,65.52999877929688,63.5,65.22000122070312,364000,0.0,0.0
2025-04-30 00:00:00-04:00,64.4000015258789,65.58000183105469,63.814998626708984,65.19000244140625,402300,0.0,0.0
2025-05-01 00:00:00-04:00,64.6500015258789,65.62000274658203,62.689998626708984,63.79999923706055,671400,0.0,0.0
2025-05-02 00:00:00-04:00,64.05999755859375,66.08999633789062,63.88999938964844,64.01000213623047,475200,0.0,0.0
2025-05-05 00:00:00-04:00,63.970001220703125,64.56999969482422,63.02000045776367,64.41000366210938,374100,0.0,0.0
2025-05-06 00:00:00-04:00,63.29999923706055,64.23500061035156,61.47999954223633,62.709999084472656,827800,0.0,0.0
2025-05-07 00:00:00-04:00,61.06999969482422,65.52999877929688,60.0,64.62999725341797,1087900,0.0,0.0
2025-05-08 00:00:00-04:00,63.970001220703125,65.45999908447266,60.0,60.720001220703125,1082600,0.0,0.0
2025-05-09 00:00:00-04:00,60.72999954223633,62.275001525878906,57.279998779296875,57.380001068115234,895500,0.0,0.0
2025-05-12 00:00:00-04:00,58.52000045776367,59.97999954223633,57.84600067138672,58.96500015258789,562000,0.0,0.0
2025-05-13 00:00:00-04:00,58.83000183105469,59.20000076293945,56.709999084472656,56.790000915527344,667400,0.0,0.0
2025-05-14 00:00:00-04:00,57.310001373291016,58.448001861572266,55.310001373291016,57.279998779296875,666700,0.0,0.0
2025-05-15 00:00:00-04:00,57.7400016784668,60.380001068115234,57.20000076293945,60.18000030517578,782000,0.0,0.0
2025-05-16 00:00:00-04:00,59.91999816894531,60.959999084472656,59.77000045776367,59.93000030517578,687700,0.0,0.0
2025-05-19 00:00:00-04:00,59.790000915527344,61.91999816894531,59.16999816894531,61.25,694400,0.0,0.0
2025-05-20 00:00:00-04:00,61.63999938964844,64.08000183105469,61.029998779296875,63.869998931884766,569000,0.0,0.0
2025-05-21 00:00:00-04:00,63.130001068115234,64.5,61.86000061035156,62.40999984741211,413200,0.0,0.0
2025-05-22 00:00:00-04:00,62.5,62.987998962402344,61.900001525878906,62.0099983215332,392100,0.0,0.0
2025-05-23 00:00:00-04:00,61.38999938964844,62.439998626708984,61.18000030517578,62.36000061035156,392000,0.0,0.0
2025-05-27 00:00:00-04:00,62.75,63.65999984741211,58.95000076293945,59.18000030517578,630900,0.0,0.0
2025-05-28 00:00:00-04:00,59.18000030517578,60.4900016784668,58.71500015258789,59.59000015258789,426600,0.0,0.0
2025-05-29 00:00:00-04:00,60.95000076293945,63.23899841308594,60.064998626708984,61.880001068115234,550400,0.0,0.0
2025-05-30 00:00:00-04:00,61.529998779296875,61.779998779296875,60.31999969482422,61.33000183105469,484200,0.0,0.0
2025-06-02 00:00:00-04:00,61.810001373291016,63.75,60.79999923706055,63.65999984741211,385700,0.0,0.0
2025-06-03 00:00:00-04:00,63.75,65.88999938964844,63.68000030517578,65.66999816894531,757200,0.0,0.0
2025-06-04 00:00:00-04:00,65.68000030517578,66.51000213623047,64.33999633789062,64.3949966430664,482400,0.0,0.0
2025-06-05 00:00:00-04:00,64.0,66.54000091552734,63.900001525878906,66.18000030517578,690900,0.0,0.0
2025-06-06 00:00:00-04:00,66.23999786376953,68.25499725341797,66.23999786376953,68.11000061035156,707900,0.0,0.0
2025-06-09 00:00:00-04:00,69.69999694824219,69.88999938964844,65.2750015258789,66.72000122070312,595500,0.0,0.0
2025-06-10 00:00:00-04:00,67.19000244140625,67.73999786376953,66.08000183105469,67.37000274658203,422300,0.0,0.0
2025-06-11 00:00:00-04:00,67.13999938964844,67.26499938964844,64.58999633789062,64.83999633789062,590700,0.0,0.0
2025-06-12 00:00:00-04:00,64.83999633789062,64.95500183105469,62.25,63.02000045776367,784300,0.0,0.0
2025-06-13 00:00:00-04:00,61.84000015258789,64.0250015258789,61.45000076293945,62.900001525878906,541200,0.0,0.0
2025-06-16 00:00:00-04:00,63.09000015258789,63.31999969482422,61.189998626708984,62.38999938964844,315500,0.0,0.0
2025-06-17 00:00:00-04:00,61.75,62.61000061035156,60.79999923706055,61.970001220703125,358300,0.0,0.0
2025-06-18 00:00:00-04:00,61.970001220703125,62.64500045776367,60.70000076293945,61.47999954223633,666200,0.0,0.0
2025-06-20 00:00:00-04:00,61.880001068115234,62.36000061035156,60.98500061035156,61.9900016784668,720000,0.0,0.0
2025-06-23 00:00:00-04:00,61.97999954223633,62.42499923706055,61.165000915527344,62.130001068115234,694400,0.0,0.0
2025-06-24 00:00:00-04:00,62.650001525878906,63.99800109863281,61.20500183105469,63.65999984741211,608200,0.0,0.0
2025-06-25 00:00:00-04:00,63.40999984741211,63.599998474121094,62.11000061035156,62.290000915527344,271500,0.0,0.0
2025-06-26 00:00:00-04:00,62.310001373291016,62.81999969482422,60.79999923706055,61.44499969482422,467200,0.0,0.0
2025-06-27 00:00:00-04:00,61.7400016784668,62.91999816894531,61.00400161743164,62.72999954223633,858100,0.0,0.0
2025-06-30 00:00:00-04:00,62.83000183105469,64.0,62.290000915527344,63.189998626708984,785300,0.0,0.0
2025-07-01 00:00:00-04:00,63.060001373291016,66.20999908447266,62.834999084472656,65.44000244140625,958500,0.0,0.0
2025-07-02 00:00:00-04:00,64.80999755859375,67.75,64.80999755859375,66.91999816894531,965500,0.0,0.0
2025-07-03 00:00:00-04:00,67.05000305175781,67.44000244140625,65.61000061035156,65.7699966430664,628400,0.0,0.0
2025-07-07 00:00:00-04:00,66.76000213623047,66.83000183105469,65.69000244140625,66.38999938964844,821800,0.0,0.0
2025-07-08 00:00:00-04:00,66.1500015258789,67.16500091552734,64.6500015258789,65.13999938964844,553400,0.0,0.0
2025-07-09 00:00:00-04:00,76.75,89.05000305175781,75.01000213623047,89.0,4796900,0.0,0.0
2025-07-10 00:00:00-04:00,91.80000305175781,94.80000305175781,87.38999938964844,89.04000091552734,2537800,0.0,0.0
2025-07-11 00:00:00-04:00,89.58999633789062,90.36000061035156,86.25,86.69999694824219,1105200,0.0,0.0
2025-07-14 00:00:00-04:00,86.66500091552734,89.48500061035156,86.66500091552734,89.1500015258789,736600,0.0,0.0
2025-07-15 00:00:00-04:00,89.95999908447266,90.13999938964844,87.68000030517578,89.36000061035156,852300,0.0,0.0
2025-07-16 00:00:00-04:00,89.75,92.13500213623047,88.91999816894531,91.44000244140625,727200,0.0,0.0
2025-07-17 00:00:00-04:00,91.58000183105469,92.08000183105469,90.30999755859375,90.68000030517578,664300,0.0,0.0
2025-07-18 00:00:00-04:00,91.11000061035156,91.38500213623047,88.5999984741211,89.19999694824219,624100,0.0,0.0
2025-07-21 00:00:00-04:00,89.19999694824219,90.1050033569336,87.86000061035156,88.62999725341797,668000,0.0,0.0
2025-07-22 00:00:00-04:00,87.94000244140625,89.66999816894531,87.09500122070312,87.81999969482422,551600,0.0,0.0
2025-07-23 00:00:00-04:00,87.81999969482422,89.25,86.86000061035156,87.80999755859375,532600,0.0,0.0
2025-07-24 00:00:00-04:00,88.0999984741211,88.36000061035156,86.75,87.2699966430664,388600,0.0,0.0
2025-07-25 00:00:00-04:00,87.2300033569336,87.33999633789062,85.80999755859375,86.44999694824219,402800,0.0,0.0
2025-07-28 00:00:00-04:00,86.87999725341797,86.87999725341797,84.22000122070312,85.68000030517578,653800,0.0,0.0
2025-07-29 00:00:00-04:00,85.93000030517578,85.93000030517578,84.72000122070312,85.62999725341797,418800,0.0,0.0
2025-07-30 00:00:00-04:00,87.02999877929688,87.08999633789062,84.13999938964844,84.66000366210938,517800,0.0,0.0
2025-07-31 00:00:00-04:00,83.9800033569336,86.66999816894531,83.9800033569336,85.2300033569336,473000,0.0,0.0
2025-08-01 00:00:00-04:00,85.13999938964844,88.41999816894531,84.38999938964844,88.30000305175781,667000,0.0,0.0
2025-08-04 00:00:00-04:00,88.47000122070312,90.4000015258789,87.16000366210938,90.23999786376953,624900,0.0,0.0
2025-08-05 00:00:00-04:00,87.19000244140625,90.08999633789062,85.7300033569336,88.56999969482422,674600,0.0,0.0
2025-08-06 00:00:00-04:00,87.98999786376953,90.98500061035156,87.98999786376953,90.01000213623047,639200,0.0,0.0
2025-08-07 00:00:00-04:00,89.51000213623047,92.4800033569336,88.0,92.4800033569336,557400,0.0,0.0
2025-08-08 00:00:00-04:00,92.23999786376953,93.70999908447266,90.4800033569336,91.9800033569336,819600,0.0,0.0
2025-08-11 00:00:00-04:00,90.2699966430664,94.38999938964844,89.20800018310547,94.30999755859375,626100,0.0,0.0
2025-08-12 00:00:00-04:00,94.19000244140625,96.6500015258789,93.55000305175781,96.45999908447266,538700,0.0,0.0
2025-08-13 00:00:00-04:00,96.0,99.04000091552734,95.76200103759766,97.86000061035156,733600,0.0,0.0
2025-08-14 00:00:00-04:00,96.86000061035156,97.54499816894531,95.30000305175781,96.4800033569336,583800,0.0,0.0
2025-08-15 00:00:00-04:00,96.6500015258789,97.79499816894531,95.80000305175781,97.61000061035156,522300,0.0,0.0
2025-08-18 00:00:00-04:00,97.61000061035156,98.23999786376953,96.72000122070312,98.08999633789062,404900,0.0,0.0
2025-08-19 00:00:00-04:00,97.44000244140625,97.87000274658203,93.63999938964844,97.19000244140625,349700,0.0,0.0
2025-08-20 00:00:00-04:00,97.81999969482422,98.91000366210938,97.20999908447266,98.69999694824219,462200,0.0,0.0
2025-08-21 00:00:00-04:00,98.69999694824219,101.73999786376953,97.33300018310547,101.68000030517578,682900,0.0,0.0
2025-08-22 00:00:00-04:00,102.0,104.87000274658203,101.51000213623047,103.2699966430664,711800,0.0,0.0
2025-08-25 00:00:00-04:00,102.13999938964844,102.75,98.62999725341797,99.19999694824219,625500,0.0,0.0
2025-08-26 00:00:00-04:00,99.75,101.52999877929688,99.1500015258789,101.19999694824219,643600,0.0,0.0
2025-08-27 00:00:00-04:00,101.20999908447266,102.91000366210938,101.20999908447266,102.30000305175781,392700,0.0,0.0
2025-08-28 00:00:00-04:00,102.61000061035156,104.93000030517578,101.70500183105469,104.2300033569336,443800,0.0,0.0
2025-08-29 00:00:00-04:00,104.06999969482422,104.62000274658203,101.76000213623047,103.1500015258789,402600,0.0,0.0
2025-09-02 00:00:00-04:00,103.1500015258789,106.5199966430664,103.01000213623047,104.20999908447266,755300,0.0,0.0
2025-09-03 00:00:00-04:00,103.55999755859375,105.71299743652344,101.44999694824219,101.69000244140625,621700,0.0,0.0
2025-09-04 00:00:00-04:00,101.47000122070312,104.56999969482422,101.47000122070312,104.56999969482422,562200,0.0,0.0
2025-09-05 00:00:00-04:00,104.7300033569336,104.7300033569336,101.40499877929688,102.12000274658203,533600,0.0,0.0
2025-09-08 00:00:00-04:00,101.38999938964844,102.94000244140625,99.04000091552734,99.7699966430664,934600,0.0,0.0
2025-09-09 00:00:00-04:00,99.7699966430664,101.47000122070312,97.47000122070312,101.44000244140625,573300,0.0,0.0
2025-09-10 00:00:00-04:00,102.0,102.11000061035156,99.91000366210938,100.2699966430664,520300,0.0,0.0
2025-09-11 00:00:00-04:00,100.11000061035156,102.45999908447266,96.7300033569336,97.91999816894531,722700,0.0,0.0
2025-09-12 00:00:00-04:00,97.79000091552734,98.39700317382812,96.1500015258789,96.22000122070312,532000,0.0,0.0
2025-09-15 00:00:00-04:00,96.5,97.05000305175781,94.38999938964844,96.02999877929688,409300,0.0,0.0
2025-09-16 00:00:00-04:00,95.91000366210938,96.81999969482422,95.08999633789062,95.51499938964844,379700,0.0,0.0
2025-09-17 00:00:00-04:00,96.20999908447266,97.8949966430664,96.0199966430664,96.0999984741211,717000,0.0,0.0
2025-09-18 00:00:00-04:00,95.75,98.87999725341797,95.73999786376953,98.54000091552734,747700,0.0,0.0
2025-09-19 00:00:00-04:00,98.7699966430664,98.83999633789062,95.70500183105469,96.05999755859375,1378500,0.0,0.0
2025-09-22 00:00:00-04:00,96.05999755859375,99.2300033569336,95.29499816894531,99.0,774100,0.0,0.0
2025-09-23 00:00:00-04:00,98.38999938964844,99.83999633789062,98.06500244140625,98.69999694824219,787400,0.0,0.0
2025-09-24 00:00:00-04:00,98.73999786376953,100.0,95.3499984741211,96.91000366210938,734800,0.0,0.0
2025-09-25 00:00:00-04:00,98.16000366210938,99.5999984741211,95.5999984741211,99.13999938964844,621100,0.0,0.0
2025-09-26 00:00:00-04:00,100.06999969482422,100.06999969482422,97.62000274658203,99.16000366210938,548600,0.0,0.0
2025-09-29 00:00:00-04:00,100.30000305175781,101.78700256347656,99.54499816894531,100.63999938964844,568700,0.0,0.0
2025-09-30 00:00:00-04:00,100.83000183105469,103.06999969482422,100.56500244140625,100.98999786376953,624600,0.0,0.0
2025-10-01 00:00:00-04:00,100.08999633789062,101.66500091552734,99.30000305175781,100.01000213623047,613700,0.0,0.0
2025-10-02 00:00:00-04:00,99.76000213623047,99.83000183105469,95.8759994506836,97.2300033569336,450900,0.0,0.0
2025-10-03 00:00:00-04:00,97.3499984741211,102.79000091552734,96.73999786376953,99.0199966430664,661700,0.0,0.0
2025-10-06 00:00:00-04:00,98.68000030517578,100.16000366210938,97.41000366210938,97.86000061035156,322500,0.0,0.0
2025-10-07 00:00:00-04:00,97.93000030517578,99.83000183105469,96.30000305175781,99.83000183105469,434900,0.0,0.0
2025-10-08 00:00:00-04:00,100.66000366210938,100.90499877929688,99.05999755859375,100.2300033569336,428100,0.0,0.0
2025-10-09 00:00:00-04:00,100.2300033569336,101.08499908447266,99.29000091552734,100.20999908447266,402800,0.0,0.0
2025-10-10 00:00:00-04:00,99.77999877929688,102.91999816894531,97.97000122070312,100.81999969482422,492700,0.0,0.0
2025-10-13 00:00:00-04:00,99.94000244140625,102.16999816894531,99.70999908447266,100.7699966430664,642300,0.0,0.0
2025-10-14 00:00:00-04:00,100.45999908447266,106.83999633789062,100.13999938964844,105.19999694824219,722200,0.0,0.0
2025-10-15 00:00:00-04:00,105.19999694824219,109.72000122070312,104.66999816894531,109.3499984741211,687400,0.0,0.0
2025-10-16 00:00:00-04:00,111.0,113.91000366210938,109.01000213623047,111.18000030517578,875200,0.0,0.0
2025-10-17 00:00:00-04:00,109.9800033569336,111.72000122070312,107.37000274658203,110.27999877929688,391700,0.0,0.0
2025-10-20 00:00:00-04:00,111.19000244140625,113.55999755859375,108.0199966430664,112.38999938964844,465300,0.0,0.0
2025-10-21 00:00:00-04:00,112.30999755859375,113.06999969482422,105.4000015258789,107.1500015258789,659600,0.0,0.0
2025-10-22 00:00:00-04:00,107.69000244140625,109.74500274658203,105.69999694824219,109.16999816894531,458700,0.0,0.0
2025-10-23 00:00:00-04:00,108.83999633789062,111.02999877929688,107.31999969482422,109.12000274658203,385200,0.0,0.0
2025-10-24 00:00:00-04:00,109.36000061035156,110.70999908447266,108.11199951171875,110.47000122070312,356100,0.0,0.0
2025-10-27 00:00:00-04:00,110.30999755859375,111.63999938964844,109.06999969482422,111.55000305175781,376300,0.0,0.0
2025-10-28 00:00:00-04:00,110.44000244140625,115.12000274658203,110.25,113.45999908447266,730900,0.0,0.0
2025-10-29 00:00:00-04:00,112.58999633789062,114.58999633789062,110.91999816894531,113.88999938964844,574300,0.0,0.0
2025-10-30 00:00:00-04:00,113.33000183105469,116.0,110.44999694824219,111.80999755859375,762300,0.0,0.0
2025-10-31 00:00:00-04:00,110.7699966430664,114.38999938964844,108.55999755859375,113.76000213623047,833300,0.0,0.0
2025-11-03 00:00:00-05:00,112.76000213623047,114.19499969482422,109.9800033569336,113.73999786376953,728600,0.0,0.0
2025-11-04 00:00:00-05:00,102.45999908447266,112.66000366210938,102.0999984741211,104.98999786376953,1237400,0.0,0.0
2025-11-05 00:00:00-05:00,102.83000183105469,104.18000030517578,97.01000213623047,99.47000122070312,1111900,0.0,0.0
2025-11-06 00:00:00-05:00,98.43000030517578,99.91000366210938,97.43000030517578,98.48999786376953,474300,0.0,0.0
2025-11-07 00:00:00-05:00,96.55000305175781,102.19999694824219,95.2699966430664,100.30000305175781,1159000,0.0,0.0
2025-11-10 00:00:00-05:00,100.0,101.5250015258789,96.0999984741211,97.62999725341797,551200,0.0,0.0
2025-11-11 00:00:00-05:00,98.23999786376953,100.06999969482422,97.46499633789062,99.86000061035156,388200,0.0,0.0
2025-11-12 00:00:00-05:00,99.69000244140625,102.69999694824219,97.7699966430664,97.91999816894531,674200,0.0,0.0
2025-11-13 00:00:00-05:00,97.45999908447266,98.1500015258789,95.68000030517578,95.88999938964844,862000,0.0,0.0
2025-11-14 00:00:00-05:00,95.45999908447266,102.125,95.45999908447266,99.41000366210938,768300,0.0,0.0
2025-11-17 00:00:00-05:00,99.8499984741211,101.9800033569336,99.56999969482422,100.69000244140625,643300,0.0,0.0
2025-11-18 00:00:00-05:00,100.06999969482422,102.6050033569336,99.44000244140625,100.51000213623047,777200,0.0,0.0
2025-11-19 00:00:00-05:00,100.05999755859375,104.93000030517578,100.05999755859375,103.1500015258789,796900,0.0,0.0
2025-11-20 00:00:00-05:00,104.41999816894531,108.98999786376953,100.41999816894531,100.66000366210938,637300,0.0,0.0
2025-11-21 00:00:00-05:00,100.87000274658203,103.78500366210938,98.5199966430664,101.73999786376953,468200,0.0,0.0
2025-11-24 00:00:00-05:00,101.75,107.0,101.75,106.58000183105469,919800,0.0,0.0
2025-11-25 00:00:00-05:00,108.91999816894531,109.87999725341797,106.69000244140625,108.75,613600,0.0,0.0
2025-11-26 00:00:00-05:00,108.7699966430664,109.73500061035156,104.41999816894531,107.41999816894531,608000,0.0,0.0
2025-11-28 00:00:00-05:00,107.76000213623047,110.0,107.51000213623047,109.08999633789062,443700,0.0,0.0
2025-12-01 00:00:00-05:00,109.08999633789062,109.98999786376953,104.83999633789062,105.04000091552734,884600,0.0,0.0
2025-12-02 00:00:00-05:00,105.04000091552734,106.05999755859375,101.0,101.38999938964844,663000,0.0,0.0
2025-12-03 00:00:00-05:00,101.69999694824219,105.76000213623047,101.22000122070312,104.62999725341797,1325900,0.0,0.0
2025-12-04 00:00:00-05:00,104.62999725341797,107.56999969482422,102.76000213623047,105.69999694824219,575900,0.0,0.0
2025-12-05 00:00:00-05:00,105.69999694824219,106.75499725341797,103.58999633789062,104.5999984741211,539900,0.0,0.0
2025-12-08 00:00:00-05:00,106.47000122070312,106.47000122070312,104.08000183105469,105.18000030517578,425000,0.0,0.0
2025-12-09 00:00:00-05:00,104.58000183105469,105.72000122070312,100.37000274658203,100.70999908447266,678600,0.0,0.0
2025-12-10 00:00:00-05:00,101.1500015258789,105.97000122070312,99.95999908447266,104.7699966430664,820000,0.0,0.0
2025-12-11 00:00:00-05:00,113.7300033569336,122.19999694824219,111.0,117.62000274658203,3420300,0.0,0.0
2025-12-12 00:00:00-05:00,119.58000183105469,119.58000183105469,109.58999633789062,113.55999755859375,1743400,0.0,0.0
2025-12-15 00:00:00-05:00,112.41999816894531,116.33999633789062,111.38999938964844,112.5199966430664,1430400,0.0,0.0
2025-12-16 00:00:00-05:00,111.41000366210938,114.46399688720703,111.37000274658203,112.44999694824219,1106300,0.0,0.0
2025-12-17 00:00:00-05:00,113.19000244140625,115.05000305175781,109.98999786376953,111.86000061035156,1014000,0.0,0.0
2025-12-18 00:00:00-05:00,112.27999877929688,113.06999969482422,110.30000305175781,111.7300033569336,1009000,0.0,0.0
2025-12-19 00:00:00-05:00,112.5,115.0,110.53500366210938,112.13999938964844,1415500,0.0,0.0
2025-12-22 00:00:00-05:00,111.68000030517578,114.86000061035156,110.30000305175781,112.87999725341797,542900,0.0,0.0
2025-12-23 00:00:00-05:00,113.30999755859375,115.04000091552734,110.93000030517578,112.3499984741211,785100,0.0,0.0
2025-12-24 00:00:00-05:00,111.72000122070312,112.91000366210938,111.01000213623047,112.2699966430664,228100,0.0,0.0
2025-12-26 00:00:00-05:00,112.19999694824219,112.41000366210938,109.69000244140625,110.0,459900,0.0,0.0
2025-12-29 00:00:00-05:00,109.80999755859375,112.73999786376953,107.88500213623047,112.55000305175781,580700,0.0,0.0
2025-12-30 00:00:00-05:00,111.97000122070312,114.18499755859375,106.0,106.76000213623047,901200,0.0,0.0
2025-12-31 00:00:00-05:00,106.43000030517578,108.27999877929688,106.43000030517578,107.04000091552734,507300,0.0,0.0
2026-01-02 00:00:00-05:00,106.18000030517578,108.16500091552734,103.58499908447266,105.01000213623047,392600,0.0,0.0
2026-01-05 00:00:00-05:00,104.38999938964844,104.70999908447266,99.45999908447266,101.86000061035156,1024900,0.0,0.0
2026-01-06 00:00:00-05:00,101.25,101.5,97.37999725341797,99.41999816894531,748200,0.0,0.0
2026-01-07 00:00:00-05:00,99.08999633789062,103.19999694824219,98.0,101.58999633789062,741400,0.0,0.0
2026-01-08 00:00:00-05:00,100.0,100.45999908447266,96.19999694824219,97.45999908447266,593500,0.0,0.0
2026-01-09 00:00:00-05:00,97.4000015258789,103.23999786376953,96.69999694824219,101.0199966430664,813100,0.0,0.0
2026-01-12 00:00:00-05:00,100.86000061035156,105.48999786376953,99.56999969482422,104.88999938964844,502200,0.0,0.0
2026-01-13 00:00:00-05:00,104.0,108.7300033569336,103.8949966430664,107.80000305175781,452200,0.0,0.0
2026-01-14 00:00:00-05:00,107.5,113.52999877929688,106.08000183105469,113.33999633789062,494500,0.0,0.0
2026-01-15 00:00:00-05:00,114.0,114.0,105.56999969482422,106.05999755859375,685800,0.0,0.0
2026-01-16 00:00:00-05:00,105.94999694824219,106.17500305175781,101.5,101.62999725341797,507900,0.0,0.0
2026-01-20 00:00:00-05:00,101.5999984741211,103.46499633789062,99.0999984741211,102.58999633789062,932700,0.0,0.0
2026-01-21 00:00:00-05:00,101.77999877929688,106.0999984741211,101.77999877929688,105.94999694824219,496100,0.0,0.0
2026-01-22 00:00:00-05:00,104.62000274658203,109.0199966430664,101.46499633789062,108.36000061035156,557000,0.0,0.0
2026-01-23 00:00:00-05:00,107.66999816894531,108.26000213623047,101.66999816894531,102.87000274658203,476400,0.0,0.0
2026-01-26 00:00:00-05:00,102.18000030517578,105.55999755859375,101.79000091552734,103.38999938964844,563000,0.0,0.0
2026-01-27 00:00:00-05:00,103.20999908447266,105.66000366210938,103.125,105.52999877929688,463300,0.0,0.0
2026-01-28 00:00:00-05:00,105.16000366210938,105.94999694824219,101.20999908447266,102.66999816894531,425700,0.0,0.0
2026-01-29 00:00:00-05:00,103.16999816894531,105.0,101.2699966430664,103.69999694824219,254900,0.0,0.0
2026-01-30 00:00:00-05:00,102.80999755859375,104.45999908447266,100.58999633789062,102.5199966430664,667400,0.0,0.0
2026-02-02 00:00:00-05:00,102.44999694824219,109.31500244140625,101.98500061035156,108.98999786376953,635400,0.0,0.0
2026-02-03 00:00:00-05:00,107.31999969482422,111.25,105.69499969482422,108.29000091552734,588100,0.0,0.0
2026-02-04 00:00:00-05:00,108.05000305175781,108.56500244140625,103.86000061035156,107.97000122070312,1062800,0.0,0.0
2026-02-05 00:00:00-05:00,107.94999694824219,110.92500305175781,103.16999816894531,103.87000274658203,639600,0.0,0.0
2026-02-06 00:00:00-05:00,106.36000061035156,109.51000213623047,102.05000305175781,103.61000061035156,1034900,0.0,0.0
2026-02-09 00:00:00-05:00,103.61000061035156,106.30000305175781,101.83000183105469,103.97000122070312,470700,0.0,0.0
2026-02-10 00:00:00-05:00,104.56999969482422,105.25499725341797,101.79000091552734,102.87000274658203,415800,0.0,0.0
2026-02-11 00:00:00-05:00,103.87000274658203,104.1050033569336,97.3499984741211,98.47000122070312,952800,0.0,0.0
2026-02-12 00:00:00-05:00,99.4000015258789,101.61299896240234,95.66000366210938,96.05999755859375,1151400,0.0,0.0
2026-02-13 00:00:00-05:00,96.0,100.98500061035156,95.44000244140625,98.06999969482422,747800,0.0,0.0
2026-02-17 00:00:00-05:00,98.29000091552734,104.5,97.3499984741211,102.52999877929688,608200,0.0,0.0
2026-02-18 00:00:00-05:00,102.25,103.6500015258789,100.65499877929688,101.30000305175781,548600,0.0,0.0
2026-02-19 00:00:00-05:00,101.55999755859375,103.5,99.20999908447266,103.16000366210938,611400,0.0,0.0
2026-02-20 00:00:00-05:00,102.94999694824219,103.51499938964844,97.1500015258789,99.77999877929688,641600,0.0,0.0
2026-02-23 00:00:00-05:00,99.26000213623047,100.76000213623047,95.43000030517578,96.3499984741211,802100,0.0,0.0
2026-02-24 00:00:00-05:00,96.91999816894531,99.69000244140625,95.0,98.6500015258789,784400,0.0,0.0
2026-02-25 00:00:00-05:00,99.05000305175781,101.95999908447266,97.70500183105469,99.1500015258789,616500,0.0,0.0
2026-02-26 00:00:00-05:00,103.25,103.25,95.62999725341797,98.06999969482422,983200,0.0,0.0
2026-02-27 00:00:00-05:00,96.66000366210938,97.80500030517578,90.83999633789062,92.7300033569336,1322100,0.0,0.0
2026-03-02 00:00:00-05:00,90.19000244140625,95.99500274658203,88.48999786376953,94.94000244140625,1086800,0.0,0.0
2026-03-03 00:00:00-05:00,90.91000366210938,92.20500183105469,87.19000244140625,89.55999755859375,1540500,0.0,0.0
2026-03-04 00:00:00-05:00,89.55999755859375,91.66000366210938,88.02999877929688,91.0,822000,0.0,0.0
2026-03-05 00:00:00-05:00,89.73999786376953,91.69999694824219,89.12000274658203,91.45999908447266,662400,0.0,0.0
2026-03-06 00:00:00-05:00,90.7300033569336,94.26000213623047,89.5199966430664,93.5199966430664,629400,0.0,0.0
2026-03-09 00:00:00-04:00,94.2699966430664,94.94000244140625,90.4800033569336,93.0,620200,0.0,0.0
2026-03-10 00:00:00-04:00,92.45999908447266,94.94000244140625,92.07499694824219,93.01000213623047,482500,0.0,0.0
2026-03-11 00:00:00-04:00,91.7699966430664,93.87999725341797,88.73999786376953,90.0199966430664,633800,0.0,0.0
2026-03-12 00:00:00-04:00,88.80999755859375,92.69000244140625,88.0,91.1500015258789,639500,0.0,0.0
2026-03-13 00:00:00-04:00,88.83999633789062,90.5,82.0,87.37999725341797,1620700,0.0,0.0
2026-03-16 00:00:00-04:00,88.55000305175781,91.27999877929688,87.0,90.51000213623047,863500,0.0,0.0
2026-03-17 00:00:00-04:00,89.29000091552734,91.05000305175781,86.80500030517578,87.68000030517578,1029700,0.0,0.0
2026-03-18 00:00:00-04:00,86.20999908447266,87.25499725341797,84.0199966430664,85.86000061035156,873700,0.0,0.0
2026-03-19 00:00:00-04:00,84.70999908447266,90.52999877929688,84.0,90.30999755859375,1002600,0.0,0.0
2026-03-20 00:00:00-04:00,96.70999908447266,100.0,86.53500366210938,87.44999694824219,3232800,0.0,0.0
2026-03-23 00:00:00-04:00,90.41999816894531,91.12000274658203,83.52999877929688,84.6500015258789,1010600,0.0,0.0
2026-03-24 00:00:00-04:00,83.06999969482422,83.75,80.69999694824219,82.58999633789062,895000,0.0,0.0
2026-03-25 00:00:00-04:00,82.5999984741211,84.8499984741211,80.98999786376953,84.62000274658203,1154400,0.0,0.0
2026-03-26 00:00:00-04:00,83.41999816894531,85.58999633789062,81.70999908447266,81.9000015258789,932700,0.0,0.0
2026-03-27 00:00:00-04:00,81.0,83.6500015258789,75.44000244140625,75.81999969482422,1424900,0.0,0.0
2026-03-30 00:00:00-04:00,75.76000213623047,77.58999633789062,74.5,77.25,1260000,0.0,0.0
2026-03-31 00:00:00-04:00,78.98999786376953,87.06999969482422,78.375,86.97000122070312,1965700,0.0,0.0
2026-04-01 00:00:00-04:00,87.87000274658203,90.79499816894531,87.18000030517578,88.12000274658203,946200,0.0,0.0
2026-04-02 00:00:00-04:00,85.80999755859375,88.63999938964844,85.73500061035156,86.29000091552734,546400,0.0,0.0
2026-04-06 00:00:00-04:00,85.97000122070312,88.79000091552734,85.97000122070312,86.95999908447266,535100,0.0,0.0
2026-04-07 00:00:00-04:00,86.81999969482422,86.98999786376953,83.88500213623047,86.66000366210938,747700,0.0,0.0
2026-04-08 00:00:00-04:00,89.98999786376953,90.0999984741211,84.95999908447266,85.4800033569336,981600,0.0,0.0
2026-04-09 00:00:00-04:00,85.29000091552734,88.63999938964844,84.44999694824219,86.12999725341797,604200,0.0,0.0
2026-04-10 00:00:00-04:00,86.16999816894531,86.2699966430664,82.95999908447266,84.38999938964844,379100,0.0,0.0
2026-04-13 00:00:00-04:00,83.95999908447266,87.61000061035156,83.95999908447266,86.80999755859375,507300,0.0,0.0
2026-04-14 00:00:00-04:00,86.93000030517578,88.41000366210938,86.16000366210938,87.27999877929688,520500,0.0,0.0
2026-04-15 00:00:00-04:00,88.06999969482422,90.0,85.9000015258789,87.80999755859375,427300,0.0,0.0
2026-04-16 00:00:00-04:00,88.44000244140625,90.79000091552734,87.20999908447266,88.11000061035156,763400,0.0,0.0
2026-04-17 00:00:00-04:00,89.76000213623047,90.50800323486328,86.5999984741211,88.69000244140625,688600,0.0,0.0
2026-04-20 00:00:00-04:00,88.5999984741211,90.51499938964844,87.19000244140625,87.72000122070312,596800,0.0,0.0
2026-04-21 00:00:00-04:00,87.72000122070312,87.72000122070312,83.81999969482422,84.91999816894531,507200,0.0,0.0
2026-04-22 00:00:00-04:00,85.41999816894531,85.75,83.27999877929688,85.17500305175781,974000,0.0,0.0
2026-04-23 00:00:00-04:00,85.18000030517578,86.20999908447266,83.69000244140625,85.20999908447266,510900,0.0,0.0
2026-04-24 00:00:00-04:00,85.0999984741211,86.38999938964844,83.12000274658203,85.69999694824219,310200,0.0,0.0
2026-04-27 00:00:00-04:00,85.5,87.66000366210938,84.87999725341797,85.19999694824219,355900,0.0,0.0
2026-04-28 00:00:00-04:00,85.80999755859375,86.94000244140625,83.72000122070312,84.18000030517578,355400,0.0,0.0
2026-04-29 00:00:00-04:00,82.83000183105469,83.18499755859375,80.05999755859375,82.12000274658203,580800,0.0,0.0
2026-04-30 00:00:00-04:00,82.04000091552734,84.0,81.23999786376953,81.36000061035156,528500,0.0,0.0
2026-05-01 00:00:00-04:00,81.88999938964844,83.5999984741211,79.4000015258789,81.80999755859375,617300,0.0,0.0
2026-05-04 00:00:00-04:00,81.48999786376953,87.48999786376953,81.08999633789062,85.58000183105469,1283400,0.0,0.0
2026-05-05 00:00:00-04:00,93.9000015258789,99.0,90.0,92.30999755859375,1899100,0.0,0.0
2026-05-06 00:00:00-04:00,93.05999755859375,96.9800033569336,91.05000305175781,96.61000061035156,1244800,0.0,0.0
2026-05-07 00:00:00-04:00,96.61000061035156,97.44999694824219,94.04000091552734,96.2300033569336,818400,0.0,0.0
2026-05-08 00:00:00-04:00,95.79000091552734,96.75800323486328,93.23999786376953,94.16999816894531,882600,0.0,0.0
2026-05-11 00:00:00-04:00,93.62000274658203,96.0,86.76000213623047,87.38999938964844,1198700,0.0,0.0
2026-05-12 00:00:00-04:00,88.2699966430664,91.5,87.62000274658203,91.30999755859375,655400,0.0,0.0
2026-05-13 00:00:00-04:00,90.80999755859375,97.41999816894531,90.80999755859375,93.72000122070312,1166100,0.0,0.0
2026-05-14 00:00:00-04:00,94.87000274658203,96.63999938964844,93.0,93.62999725341797,842600,0.0,0.0
2026-05-15 00:00:00-04:00,92.20999908447266,92.6449966430664,89.73999786376953,90.5199966430664,576700,0.0,0.0
2026-05-18 00:00:00-04:00,91.19999694824219,91.6500015258789,86.08999633789062,86.83999633789062,694700,0.0,0.0
2026-05-19 00:00:00-04:00,86.37999725341797,88.5,84.9000015258789,87.20999908447266,527800,0.0,0.0
2026-05-20 00:00:00-04:00,87.75,90.68000030517578,87.19000244140625,90.63999938964844,496700,0.0,0.0
2026-05-21 00:00:00-04:00,89.52999877929688,92.12999725341797,88.9229965209961,90.19000244140625,539500,0.0,0.0
2026-05-22 00:00:00-04:00,89.66000366210938,90.9000015258789,87.75,87.83999633789062,479100,0.0,0.0
2026-05-26 00:00:00-04:00,88.79000091552734,90.7750015258789,87.83999633789062,89.81999969482422,322700,0.0,0.0
2026-05-27 00:00:00-04:00,89.72000122070312,92.33000183105469,89.4229965209961,91.41999816894531,495700,0.0,0.0
2026-05-28 00:00:00-04:00,91.5,93.30999755859375,90.44000244140625,92.9800033569336,549000,0.0,0.0
2026-05-29 00:00:00-04:00,93.12999725341797,93.5,87.9800033569336,88.31999969482422,757900,0.0,0.0
2026-06-01 00:00:00-04:00,87.91999816894531,89.05000305175781,86.0,87.87000274658203,468200,0.0,0.0
2026-06-02 00:00:00-04:00,85.94000244140625,86.63999938964844,82.88999938964844,84.3499984741211,536000,0.0,0.0
2026-06-03 00:00:00-04:00,84.29000091552734,85.94000244140625,83.87999725341797,84.70999908447266,416100,0.0,0.0
2026-06-04 00:00:00-04:00,85.36000061035156,89.12999725341797,85.05000305175781,87.61000061035156,393000,0.0,0.0
2026-06-05 00:00:00-04:00,87.73999786376953,89.32499694824219,85.44000244140625,86.4000015258789,446300,0.0,0.0
2026-06-08 00:00:00-04:00,87.08999633789062,87.10099792480469,84.87999725341797,85.92500305175781,489300,0.0,0.0
2026-06-09 00:00:00-04:00,87.6500015258789,90.13999938964844,84.7300033569336,87.86000061035156,626400,0.0,0.0
2026-06-10 00:00:00-04:00,87.87999725341797,92.3499984741211,85.56999969482422,85.70999908447266,852100,0.0,0.0
2026-06-11 00:00:00-04:00,85.61000061035156,89.08000183105469,84.9000015258789,87.66000366210938,684100,0.0,0.0
2026-06-12 00:00:00-04:00,87.6500015258789,90.16000366210938,87.6500015258789,88.37999725341797,554400,0.0,0.0
2026-06-15 00:00:00-04:00,93.74500274658203,98.37000274658203,89.02999877929688,89.69999694824219,2259600,0.0,0.0
2026-06-16 00:00:00-04:00,90.94000244140625,91.95999908447266,88.52799987792969,89.72000122070312,609500,0.0,0.0
2026-06-17 00:00:00-04:00,89.81999969482422,96.11000061035156,89.81999969482422,95.83000183105469,1741100,0.0,0.0
2026-06-18 00:00:00-04:00,97.55999755859375,99.94999694824219,95.9729995727539,96.79000091552734,1559000,0.0,0.0
2026-06-22 00:00:00-04:00,97.80000305175781,102.13999938964844,97.44000244140625,101.38999938964844,1319700,0.0,0.0
2026-06-23 00:00:00-04:00,101.0,107.0,99.48999786376953,106.19000244140625,1289000,0.0,0.0
2026-06-24 00:00:00-04:00,107.55999755859375,111.125,106.62000274658203,107.55000305175781,1263000,0.0,0.0
2026-06-25 00:00:00-04:00,107.19000244140625,111.70999908447266,106.0199966430664,108.26000213623047,690600,0.0,0.0
2026-06-26 00:00:00-04:00,108.26000213623047,111.08999633789062,106.3949966430664,109.83999633789062,2664300,0.0,0.0
2026-06-29 00:00:00-04:00,107.44999694824219,110.33000183105469,105.5199966430664,110.04000091552734,828300,0.0,0.0
2026-06-30 00:00:00-04:00,110.27999877929688,113.2300033569336,108.98999786376953,111.02999877929688,990700,0.0,0.0
2026-07-01 00:00:00-04:00,111.06999969482422,114.58499908447266,110.01000213623047,110.41000366210938,999200,0.0,0.0
2026-07-02 00:00:00-04:00,110.79000091552734,114.25,109.7750015258789,114.16999816894531,955000,0.0,0.0
2026-07-06 00:00:00-04:00,113.5,115.0,110.05000305175781,111.68000030517578,672600,0.0,0.0
2026-07-07 00:00:00-04:00,113.0,115.36000061035156,110.82499694824219,114.45999908447266,998600,0.0,0.0
2026-07-08 00:00:00-04:00,112.75,114.66999816894531,111.2300033569336,114.43000030517578,763000,0.0,0.0
2026-07-09 00:00:00-04:00,114.77999877929688,115.91999816894531,112.73999786376953,115.4800033569336,586100,0.0,0.0
2026-07-10 00:00:00-04:00,114.91000366210938,114.94999694824219,108.22000122070312,108.4000015258789,506100,0.0,0.0
2026-07-13 00:00:00-04:00,106.79000091552734,107.66999816894531,104.54900360107422,107.48999786376953,420800,0.0,0.0
2026-07-14 00:00:00-04:00,108.62000274658203,110.2300033569336,106.0999984741211,109.95999908447266,757400,0.0,0.0
2026-07-15 00:00:00-04:00,109.04000091552734,110.69000244140625,107.11299896240234,109.69000244140625,404400,0.0,0.0
2026-07-16 00:00:00-04:00,108.94000244140625,109.83999633789062,104.46099853515625,106.08999633789062,615700,0.0,0.0
2026-07-17 00:00:00-04:00,104.91999816894531,108.4000015258789,104.19999694824219,106.5999984741211,773300,0.0,0.0
2026-07-20 00:00:00-04:00,106.52999877929688,107.44999694824219,104.56999969482422,104.5999984741211,466600,0.0,0.0
2026-07-21 00:00:00-04:00,104.18000030517578,107.17500305175781,104.18000030517578,106.5999984741211,520700,0.0,0.0
2026-07-22 00:00:00-04:00,105.83000183105469,105.92500305175781,103.16000366210938,103.97000122070312,414300,0.0,0.0
2026-07-23 00:00:00-04:00,101.63999938964844,103.31999969482422,101.04000091552734,102.66000366210938,470600,0.0,0.0
2026-07-24 00:00:00-04:00,103.91999816894531,104.87000274658203,101.48999786376953,102.0999984741211,467100,0.0,0.0
2026-07-27 00:00:00-04:00,104.63999938964844,109.52999877929688,102.75,106.12999725341797,727700,0.0,0.0
2026-07-28 00:00:00-04:00,107.12999725341797,110.98999786376953,106.0199966430664,108.04000091552734,1147400,0.0,0.0
2026-07-29 00:00:00-04:00,107.62000274658203,108.4000015258789,105.86000061035156,106.52999877929688,502200,0.0,0.0
2026-07-30 00:00:00-04:00,105.4800033569336,106.9000015258789,102.58000183105469,105.73999786376953,534600,0.0,0.0
2026-07-31 00:00:00-04:00,105.73999786376953,106.87000274658203,98.43499755859375,99.25,471700,0.0,0.0
2026-08-03 00:00:00-04:00,100.3949966430664,103.48999786376953,97.98999786376953,102.77999877929688,964300,0.0,0.0
2026-08-04 00:00:00-04:00,100.68000030517578,108.6500015258789,97.56500244140625,105.77999877929688,1643700,0.0,0.0
2026-08-05 00:00:00-04:00,110.83000183105469,111.0999984741211,105.12999725341797,110.70999908447266,1087000,0.0,0.0
2026-08-06 00:00:00-04:00,110.02999877929688,112.30000305175781,108.48999786376953,112.0999984741211,944300,0.0,0.0
2026-08-07 00:00:00-04:00,113.16999816894531,116.18000030517578,111.69000244140625,115.62999725341797,672800,0.0,0.0
2026-08-10 00:00:00-04:00,115.56999969482422,116.88999938964844,113.6729965209961,115.4800033569336,738600,0.0,0.0
2026-08-11 00:00:00-04:00,113.16999816894531,117.48500061035156,112.51000213623047,112.84500122070312,728900,0.0,0.0
2026-08-12 00:00:00-04:00,111.58000183105469,118.5,111.41999816894531,117.5999984741211,574300,0.0,0.0
2026-08-13 00:00:00-04:00,118.18000030517578,119.75,114.0,116.0199966430664,759800,0.0,0.0
2026-08-14 00:00:00-04:00,115.22000122070312,117.33399963378906,113.66000366210938,115.4800033569336,334900,0.0,0.0
2026-08-17 00:00:00-04:00,115.4000015258789,117.18000030517578,114.44000244140625,115.44000244140625,412000,0.0,0.0
2026-08-18 00:00:00-04:00,115.25,117.16000366210938,114.32499694824219,115.25,447000,0.0,0.0
2026-08-19 00:00:00-04:00,118.30999755859375,118.30999755859375,115.26000213623047,115.7300033569336,669900,0.0,0.0
2026-08-20 00:00:00-04:00,114.51000213623047,114.6050033569336,108.72699737548828,108.91999816894531,568600,0.0,0.0
2026-08-21 00:00:00-04:00,109.37999725341797,112.58999633789062,106.58000183105469,110.0,523100,0.0,0.0
2026-08-24 00:00:00-04:00,112.29000091552734,113.5999984741211,109.88999938964844,111.44000244140625,400600,0.0,0.0
2026-08-25 00:00:00-04:00,112.7300033569336,114.06999969482422,111.79000091552734,113.3499984741211,352500,0.0,0.0
2026-08-26 00:00:00-04:00,113.20999908447266,114.75,111.3499984741211,111.87000274658203,359000,0.0,0.0
2026-08-27 00:00:00-04:00,111.20999908447266,113.97000122070312,110.02999877929688,112.52999877929688,311100,0.0,0.0
2026-08-31 00:00:00-04:00,106.01000213623047,108.84500122070312,103.9800033569336,106.12999725341797,775200,0.0,0.0
2026-09-01 00:00:00-04:00,105.79000091552734,108.43000030517578,104.08999633789062,104.73999786376953,322693,0.0,0.0
