Date,Open,High,Low,Close,Volume,Dividends,Stock Splits
2025-03-07 00:00:00-05:00,4.0,4.199999809265137,3.5,3.5999999046325684,554400,0.0,0.0
2025-03-10 00:00:00-04:00,3.450000047683716,3.640000104904175,3.450000047683716,3.5999999046325684,64800,0.0,0.0
2025-03-11 00:00:00-04:00,3.6500000953674316,3.6500000953674316,3.2799999713897705,3.4000000953674316,44300,0.0,0.0
2025-03-12 00:00:00-04:00,3.3499999046325684,3.3610000610351562,3.240000009536743,3.25,17000,0.0,0.0
2025-03-13 00:00:00-04:00,3.200000047683716,3.690000057220459,3.1500000953674316,3.3499999046325684,91300,0.0,0.0
2025-03-14 00:00:00-04:00,3.5899999141693115,3.6389999389648438,3.1600000858306885,3.4000000953674316,42200,0.0,0.0
2025-03-17 00:00:00-04:00,3.200000047683716,3.5999999046325684,3.1700000762939453,3.2699999809265137,88100,0.0,0.0
2025-03-18 00:00:00-04:00,3.5899999141693115,3.5899999141693115,3.200000047683716,3.240000009536743,94400,0.0,0.0
2025-03-19 00:00:00-04:00,3.2100000381469727,3.299999952316284,3.0999999046325684,3.119999885559082,24800,0.0,0.0
2025-03-20 00:00:00-04:00,3.130000114440918,3.299999952316284,2.950000047683716,3.049999952316284,38000,0.0,0.0
2025-03-21 00:00:00-04:00,2.869999885559082,3.328000068664551,2.819999933242798,2.8499999046325684,65600,0.0,0.0
2025-03-24 00:00:00-04:00,3.003000020980835,3.4769999980926514,2.9800000190734863,3.3499999046325684,40600,0.0,0.0
2025-03-25 00:00:00-04:00,3.305000066757202,3.5999999046325684,3.2799999713897705,3.4200000762939453,17100,0.0,0.0
2025-03-26 00:00:00-04:00,3.450000047683716,3.5199999809265137,3.0,3.2100000381469727,101200,0.0,0.0
2025-03-27 00:00:00-04:00,3.009999990463257,3.4600000381469727,3.009999990463257,3.140000104904175,55600,0.0,0.0
2025-03-28 00:00:00-04:00,3.059999942779541,3.2960000038146973,2.4700000286102295,2.609999895095825,66800,0.0,0.0
2025-03-31 00:00:00-04:00,2.7300000190734863,3.059999942779541,2.0999999046325684,2.5299999713897705,105600,0.0,0.0
2025-04-01 00:00:00-04:00,2.7699999809265137,2.7699999809265137,2.180000066757202,2.569999933242798,87900,0.0,0.0
2025-04-02 00:00:00-04:00,2.4700000286102295,2.880000114440918,2.309999942779541,2.8610000610351562,35100,0.0,0.0
2025-04-03 00:00:00-04:00,2.690000057220459,2.690000057220459,2.2100000381469727,2.309999942779541,21300,0.0,0.0
2025-04-04 00:00:00-04:00,2.3299999237060547,2.549999952316284,2.1500000953674316,2.2799999713897705,54300,0.0,0.0
2025-04-07 00:00:00-04:00,2.200000047683716,2.6600000858306885,2.0999999046325684,2.4100000858306885,143100,0.0,0.0
2025-04-08 00:00:00-04:00,2.5299999713897705,2.757999897003174,2.3299999237060547,2.549999952316284,54900,0.0,0.0
2025-04-09 00:00:00-04:00,2.4000000953674316,2.7679998874664307,2.4000000953674316,2.549999952316284,17400,0.0,0.0
2025-04-10 00:00:00-04:00,2.549999952316284,2.7300000190734863,2.2100000381469727,2.2300000190734863,162500,0.0,0.0
2025-04-11 00:00:00-04:00,2.25,2.490000009536743,2.1600000858306885,2.200000047683716,51500,0.0,0.0
2025-04-14 00:00:00-04:00,2.299999952316284,2.5889999866485596,2.0999999046325684,2.119999885559082,73100,0.0,0.0
2025-04-15 00:00:00-04:00,2.299999952316284,2.3299999237060547,2.0999999046325684,2.109999895095825,29500,0.0,0.0
2025-04-16 00:00:00-04:00,2.4800000190734863,2.5309998989105225,2.0999999046325684,2.234999895095825,55400,0.0,0.0
2025-04-17 00:00:00-04:00,2.25,2.5199999809265137,2.25,2.299999952316284,27800,0.0,0.0
2025-04-21 00:00:00-04:00,2.2829999923706055,2.5399999618530273,2.259999990463257,2.424999952316284,67100,0.0,0.0
2025-04-22 00:00:00-04:00,2.359999895095825,2.7790000438690186,2.309999942779541,2.759999990463257,50000,0.0,0.0
2025-04-23 00:00:00-04:00,2.680000066757202,2.700000047683716,2.4200000762939453,2.5799999237060547,104900,0.0,0.0
2025-04-24 00:00:00-04:00,2.559999942779541,3.5369999408721924,2.4700000286102295,3.4200000762939453,95300,0.0,0.0
2025-04-25 00:00:00-04:00,3.140000104904175,3.75,3.140000104904175,3.700000047683716,38500,0.0,0.0
2025-04-28 00:00:00-04:00,3.5999999046325684,4.119999885559082,3.359999895095825,3.8399999141693115,187700,0.0,0.0
2025-04-29 00:00:00-04:00,3.7200000286102295,5.480000019073486,3.7200000286102295,4.070000171661377,486800,0.0,0.0
2025-04-30 00:00:00-04:00,4.21999979019165,4.739999771118164,3.0999999046325684,4.150000095367432,1615000,0.0,0.0
2025-05-01 00:00:00-04:00,3.990000009536743,5.090000152587891,3.799999952316284,5.0,153900,0.0,0.0
2025-05-02 00:00:00-04:00,4.760000228881836,6.039999961853027,4.699999809265137,5.769999980926514,123600,0.0,0.0
2025-05-05 00:00:00-04:00,5.599999904632568,5.949999809265137,5.050000190734863,5.579999923706055,66500,0.0,0.0
2025-05-06 00:00:00-04:00,5.760000228881836,6.239999771118164,5.230000019073486,5.369999885559082,175300,0.0,0.0
2025-05-07 00:00:00-04:00,5.210000038146973,5.900000095367432,5.150000095367432,5.360000133514404,106700,0.0,0.0
2025-05-08 00:00:00-04:00,5.309999942779541,5.539999961853027,3.5,3.940000057220459,157100,0.0,0.0
2025-05-09 00:00:00-04:00,3.9100000858306885,4.519999980926514,3.9000000953674316,4.449999809265137,60500,0.0,0.0
2025-05-12 00:00:00-04:00,4.619999885559082,4.860000133514404,4.260000228881836,4.300000190734863,93300,0.0,0.0
2025-05-13 00:00:00-04:00,4.440000057220459,4.505000114440918,3.7200000286102295,3.940000057220459,68000,0.0,0.0
2025-05-14 00:00:00-04:00,4.320000171661377,4.449999809265137,3.984999895095825,4.099999904632568,121500,0.0,0.0
2025-05-15 00:00:00-04:00,4.25,4.329999923706055,3.869999885559082,3.869999885559082,54200,0.0,0.0
2025-05-16 00:00:00-04:00,3.9800000190734863,4.28000020980835,3.890000104904175,3.9800000190734863,62000,0.0,0.0
2025-05-19 00:00:00-04:00,4.039999961853027,4.090000152587891,3.7899999618530273,3.869999885559082,49700,0.0,0.0
2025-05-20 00:00:00-04:00,3.9100000858306885,3.990000009536743,3.072999954223633,3.259999990463257,69500,0.0,0.0
2025-05-21 00:00:00-04:00,3.3499999046325684,3.690000057220459,3.2699999809265137,3.380000114440918,10000,0.0,0.0
2025-05-22 00:00:00-04:00,3.3499999046325684,3.3989999294281006,3.190000057220459,3.2300000190734863,44200,0.0,0.0
2025-05-23 00:00:00-04:00,3.4000000953674316,3.559999942779541,3.1500000953674316,3.4200000762939453,27600,0.0,0.0
2025-05-27 00:00:00-04:00,3.4600000381469727,3.5199999809265137,3.130000114440918,3.130000114440918,26000,0.0,0.0
2025-05-28 00:00:00-04:00,3.444000005722046,3.444000005722046,3.049999952316284,3.0899999141693115,9500,0.0,0.0
2025-05-29 00:00:00-04:00,2.7699999809265137,3.3299999237060547,2.75,2.990000009536743,1195400,0.0,0.0
2025-05-30 00:00:00-04:00,3.0,3.119999885559082,2.799999952316284,2.9600000381469727,63200,0.0,0.0
2025-06-02 00:00:00-04:00,2.950000047683716,3.0799999237060547,2.8499999046325684,2.9000000953674316,44100,0.0,0.0
2025-06-03 00:00:00-04:00,2.7699999809265137,2.7699999809265137,2.3299999237060547,2.5199999809265137,209600,0.0,0.0
2025-06-04 00:00:00-04:00,2.5,2.5999999046325684,2.430000066757202,2.5899999141693115,27900,0.0,0.0
2025-06-05 00:00:00-04:00,2.5299999713897705,2.5999999046325684,2.3499999046325684,2.3499999046325684,27800,0.0,0.0
2025-06-06 00:00:00-04:00,2.2899999618530273,2.440000057220459,1.9270000457763672,2.0799999237060547,1041600,0.0,0.0
2025-06-09 00:00:00-04:00,2.2300000190734863,2.319999933242798,2.119999885559082,2.259999990463257,139400,0.0,0.0
2025-06-10 00:00:00-04:00,2.299999952316284,2.299999952316284,2.109999895095825,2.140000104904175,117100,0.0,0.0
2025-06-11 00:00:00-04:00,2.2200000286102295,2.549999952316284,2.109999895095825,2.4700000286102295,248500,0.0,0.0
2025-06-12 00:00:00-04:00,2.5999999046325684,2.7799999713897705,2.3499999046325684,2.5799999237060547,515500,0.0,0.0
2025-06-13 00:00:00-04:00,2.549999952316284,2.75,2.3499999046325684,2.490000009536743,235500,0.0,0.0
2025-06-16 00:00:00-04:00,2.4600000381469727,2.4600000381469727,2.2100000381469727,2.2100000381469727,62300,0.0,0.0
2025-06-17 00:00:00-04:00,2.2100000381469727,2.5829999446868896,2.2100000381469727,2.5399999618530273,157900,0.0,0.0
2025-06-18 00:00:00-04:00,2.5799999237060547,2.690000057220459,2.319999933242798,2.690000057220459,107600,0.0,0.0
2025-06-20 00:00:00-04:00,2.671999931335449,2.7899999618530273,2.359999895095825,2.430000066757202,221400,0.0,0.0
2025-06-23 00:00:00-04:00,2.390000104904175,2.569999933242798,2.0989999771118164,2.119999885559082,218500,0.0,0.0
2025-06-24 00:00:00-04:00,2.2100000381469727,2.450000047683716,2.065000057220459,2.25,150900,0.0,0.0
2025-06-25 00:00:00-04:00,2.2799999713897705,2.4700000286102295,2.1500000953674316,2.1700000762939453,71200,0.0,0.0
2025-06-26 00:00:00-04:00,2.1500000953674316,2.2200000286102295,2.0899999141693115,2.109999895095825,50900,0.0,0.0
2025-06-27 00:00:00-04:00,2.180000066757202,2.180000066757202,2.0,2.109999895095825,61500,0.0,0.0
2025-06-30 00:00:00-04:00,2.200000047683716,2.2899999618530273,2.115999937057495,2.240000009536743,54200,0.0,0.0
2025-07-01 00:00:00-04:00,2.25,2.3399999141693115,2.049999952316284,2.119999885559082,174500,0.0,0.0
2025-07-02 00:00:00-04:00,2.190000057220459,2.200000047683716,2.0399999618530273,2.109999895095825,69000,0.0,0.0
2025-07-03 00:00:00-04:00,2.190000057220459,2.190000057220459,2.049999952316284,2.059999942779541,42500,0.0,0.0
2025-07-07 00:00:00-04:00,2.0299999713897705,2.188999891281128,1.7999999523162842,1.8899999856948853,127700,0.0,0.0
2025-07-08 00:00:00-04:00,1.909999966621399,1.9299999475479126,1.7999999523162842,1.8600000143051147,80000,0.0,0.0
2025-07-09 00:00:00-04:00,1.909999966621399,1.909999966621399,1.5,1.6699999570846558,166700,0.0,0.0
2025-07-10 00:00:00-04:00,1.6799999475479126,1.6920000314712524,1.6100000143051147,1.659999966621399,55900,0.0,0.0
2025-07-11 00:00:00-04:00,1.7000000476837158,1.7899999618530273,1.6299999952316284,1.7699999809265137,60700,0.0,0.0
2025-07-14 00:00:00-04:00,1.7999999523162842,2.25,1.7999999523162842,2.0899999141693115,237100,0.0,0.0
2025-07-15 00:00:00-04:00,2.0999999046325684,2.309999942779541,2.0920000076293945,2.2899999618530273,1372300,0.0,0.0
2025-07-16 00:00:00-04:00,2.1500000953674316,2.1500000953674316,1.9320000410079956,2.0199999809265137,253700,0.0,0.0
2025-07-17 00:00:00-04:00,2.0,2.1700000762939453,2.0,2.140000104904175,83300,0.0,0.0
2025-07-18 00:00:00-04:00,2.140000104904175,2.25,2.009999990463257,2.2100000381469727,226700,0.0,0.0
2025-07-21 00:00:00-04:00,2.430000066757202,2.4800000190734863,2.059999942779541,2.119999885559082,942500,0.0,0.0
2025-07-22 00:00:00-04:00,2.119999885559082,2.299999952316284,1.9500000476837158,2.2899999618530273,306200,0.0,0.0
2025-07-23 00:00:00-04:00,2.25,2.4000000953674316,2.1500000953674316,2.2100000381469727,214100,0.0,0.0
2025-07-24 00:00:00-04:00,2.200000047683716,2.259999990463257,2.0999999046325684,2.0999999046325684,74600,0.0,0.0
2025-07-25 00:00:00-04:00,2.25,2.299999952316284,2.0899999141693115,2.119999885559082,58100,0.0,0.0
2025-07-28 00:00:00-04:00,2.190000057220459,2.322999954223633,2.1500000953674316,2.200000047683716,132300,0.0,0.0
2025-07-29 00:00:00-04:00,2.2799999713897705,2.2799999713897705,1.9700000286102295,2.055000066757202,88300,0.0,0.0
2025-07-30 00:00:00-04:00,2.049999952316284,2.259999990463257,2.049999952316284,2.1500000953674316,91000,0.0,0.0
2025-07-31 00:00:00-04:00,2.1589999198913574,2.1589999198913574,1.7699999809265137,1.9900000095367432,174200,0.0,0.0
2025-08-01 00:00:00-04:00,1.909999966621399,1.9900000095367432,1.850000023841858,1.9170000553131104,44600,0.0,0.0
2025-08-04 00:00:00-04:00,1.9700000286102295,2.049999952316284,1.850000023841858,1.940000057220459,91200,0.0,0.0
2025-08-05 00:00:00-04:00,1.9950000047683716,2.11899995803833,1.9450000524520874,2.0799999237060547,40200,0.0,0.0
2025-08-06 00:00:00-04:00,2.135999917984009,2.2300000190734863,2.069999933242798,2.2300000190734863,51800,0.0,0.0
2025-08-07 00:00:00-04:00,2.25,2.259999990463257,2.119999885559082,2.190000057220459,41600,0.0,0.0
2025-08-08 00:00:00-04:00,2.25,2.259999990463257,2.049999952316284,2.049999952316284,106600,0.0,0.0
2025-08-11 00:00:00-04:00,2.0510001182556152,2.1489999294281006,2.049999952316284,2.069999933242798,21300,0.0,0.0
2025-08-12 00:00:00-04:00,2.140000104904175,2.2200000286102295,2.0789999961853027,2.1760001182556152,54200,0.0,0.0
2025-08-13 00:00:00-04:00,2.2200000286102295,2.2699999809265137,2.1500000953674316,2.2049999237060547,90900,0.0,0.0
2025-08-14 00:00:00-04:00,2.1500000953674316,2.25,2.0350000858306885,2.059999942779541,95500,0.0,0.0
2025-08-15 00:00:00-04:00,2.200000047683716,2.3399999141693115,2.059999942779541,2.3299999237060547,118200,0.0,0.0
2025-08-18 00:00:00-04:00,2.380000114440918,2.4000000953674316,2.200000047683716,2.2699999809265137,371300,0.0,0.0
2025-08-19 00:00:00-04:00,2.390000104904175,2.390000104904175,2.0299999713897705,2.059999942779541,164900,0.0,0.0
2025-08-20 00:00:00-04:00,2.1700000762939453,2.1700000762939453,2.009999990463257,2.0899999141693115,104700,0.0,0.0
2025-08-21 00:00:00-04:00,2.109999895095825,2.130000114440918,2.0199999809265137,2.049999952316284,70300,0.0,0.0
2025-08-22 00:00:00-04:00,2.069999933242798,2.130000114440918,2.0199999809265137,2.0390000343322754,69200,0.0,0.0
2025-08-25 00:00:00-04:00,2.109999895095825,2.180000066757202,1.8029999732971191,1.9199999570846558,1615200,0.0,0.0
2025-08-26 00:00:00-04:00,1.8700000047683716,1.9500000476837158,1.8700000047683716,1.899999976158142,121800,0.0,0.0
2025-08-27 00:00:00-04:00,1.8799999952316284,1.940000057220459,1.8300000429153442,1.9299999475479126,65600,0.0,0.0
2025-08-28 00:00:00-04:00,1.899999976158142,2.0399999618530273,1.899999976158142,1.9600000381469727,94900,0.0,0.0
2025-08-29 00:00:00-04:00,1.9500000476837158,2.0199999809265137,1.909999966621399,1.9789999723434448,57000,0.0,0.0
2025-09-02 00:00:00-04:00,1.9199999570846558,1.9900000095367432,1.840000033378601,1.8799999952316284,140800,0.0,0.0
2025-09-03 00:00:00-04:00,1.9490000009536743,1.9900000095367432,1.875,1.8899999856948853,39000,0.0,0.0
2025-09-04 00:00:00-04:00,1.8609999418258667,1.9479999542236328,1.7949999570846558,1.8700000047683716,222400,0.0,0.0
2025-09-05 00:00:00-04:00,1.9199999570846558,1.9600000381469727,1.809999942779541,1.9600000381469727,115500,0.0,0.0
2025-09-08 00:00:00-04:00,1.899999976158142,1.9800000190734863,1.8899999856948853,1.9199999570846558,44800,0.0,0.0
2025-09-09 00:00:00-04:00,1.9800000190734863,2.1689999103546143,1.9500000476837158,2.1689999103546143,541600,0.0,0.0
2025-09-10 00:00:00-04:00,2.1500000953674316,2.1700000762939453,1.899999976158142,1.940000057220459,180900,0.0,0.0
2025-09-11 00:00:00-04:00,1.9700000286102295,2.0999999046325684,1.9700000286102295,2.049999952316284,32400,0.0,0.0
2025-09-12 00:00:00-04:00,2.119999885559082,2.2899999618530273,2.0899999141693115,2.2249999046325684,201800,0.0,0.0
2025-09-15 00:00:00-04:00,2.2699999809265137,2.486999988555908,2.25,2.4600000381469727,181800,0.0,0.0
2025-09-16 00:00:00-04:00,2.549999952316284,2.549999952316284,2.359999895095825,2.4700000286102295,85800,0.0,0.0
2025-09-17 00:00:00-04:00,2.450000047683716,2.450000047683716,2.2009999752044678,2.2300000190734863,115500,0.0,0.0
2025-09-18 00:00:00-04:00,2.2300000190734863,2.4609999656677246,2.2300000190734863,2.3340001106262207,51400,0.0,0.0
2025-09-19 00:00:00-04:00,2.430000066757202,2.4579999446868896,2.359999895095825,2.369999885559082,33100,0.0,0.0
2025-09-22 00:00:00-04:00,2.359999895095825,2.438999891281128,2.299999952316284,2.3480000495910645,61200,0.0,0.0
2025-09-23 00:00:00-04:00,2.2950000762939453,2.431999921798706,2.2200000286102295,2.2799999713897705,76600,0.0,0.0
2025-09-24 00:00:00-04:00,2.2880001068115234,2.319999933242798,2.049999952316284,2.140000104904175,102100,0.0,0.0
2025-09-25 00:00:00-04:00,2.109999895095825,2.260999917984009,2.049999952316284,2.130000114440918,50800,0.0,0.0
2025-09-26 00:00:00-04:00,2.184999942779541,2.191999912261963,2.0199999809265137,2.0299999713897705,80800,0.0,0.0
2025-09-29 00:00:00-04:00,2.0299999713897705,2.25,2.0299999713897705,2.069999933242798,37400,0.0,0.0
2025-09-30 00:00:00-04:00,2.130000114440918,2.171999931335449,2.0199999809265137,2.0789999961853027,49300,0.0,0.0
2025-10-01 00:00:00-04:00,2.0299999713897705,2.130000114440918,2.009999990463257,2.049999952316284,42700,0.0,0.0
2025-10-02 00:00:00-04:00,2.059999942779541,2.130000114440918,2.009999990463257,2.009999990463257,40900,0.0,0.0
2025-10-03 00:00:00-04:00,2.0399999618530273,2.119999885559082,2.0299999713897705,2.069999933242798,40200,0.0,0.0
2025-10-06 00:00:00-04:00,2.0899999141693115,2.0999999046325684,2.009999990463257,2.071000099182129,62600,0.0,0.0
2025-10-07 00:00:00-04:00,2.0199999809265137,2.078000068664551,1.9900000095367432,2.0,50600,0.0,0.0
2025-10-08 00:00:00-04:00,2.0,2.109999895095825,1.9980000257492065,2.0899999141693115,42900,0.0,0.0
2025-10-09 00:00:00-04:00,2.0999999046325684,2.135999917984009,2.0,2.0339999198913574,37500,0.0,0.0
2025-10-10 00:00:00-04:00,2.0299999713897705,2.049999952316284,1.7200000286102295,1.8899999856948853,82300,0.0,0.0
2025-10-13 00:00:00-04:00,1.9800000190734863,1.9889999628067017,1.8600000143051147,1.899999976158142,42900,0.0,0.0
2025-10-14 00:00:00-04:00,1.9600000381469727,1.9900000095367432,1.8799999952316284,1.8799999952316284,25300,0.0,0.0
2025-10-15 00:00:00-04:00,1.9299999475479126,1.965999960899353,1.909999966621399,1.9600000381469727,35700,0.0,0.0
2025-10-16 00:00:00-04:00,1.9589999914169312,2.0799999237060547,1.8550000190734863,1.9900000095367432,150900,0.0,0.0
2025-10-17 00:00:00-04:00,2.049999952316284,2.049999952316284,1.7999999523162842,1.8600000143051147,127200,0.0,0.0
2025-10-20 00:00:00-04:00,1.9800000190734863,1.9800000190734863,1.8600000143051147,1.940000057220459,37500,0.0,0.0
2025-10-21 00:00:00-04:00,1.899999976158142,1.9889999628067017,1.8899999856948853,1.9500000476837158,44000,0.0,0.0
2025-10-22 00:00:00-04:00,1.9900000095367432,1.9900000095367432,1.850000023841858,1.8949999809265137,64700,0.0,0.0
2025-10-23 00:00:00-04:00,1.8600000143051147,1.9500000476837158,1.8600000143051147,1.8919999599456787,4400,0.0,0.0
2025-10-24 00:00:00-04:00,1.9500000476837158,1.9500000476837158,1.8799999952316284,1.8799999952316284,4700,0.0,0.0
2025-10-27 00:00:00-04:00,1.9800000190734863,1.9800000190734863,1.8609999418258667,1.9199999570846558,22000,0.0,0.0
2025-10-28 00:00:00-04:00,1.8600000143051147,1.9800000190734863,1.8600000143051147,1.8799999952316284,21200,0.0,0.0
2025-10-29 00:00:00-04:00,1.9700000286102295,1.9700000286102295,1.8899999856948853,1.8899999856948853,7700,0.0,0.0
2025-10-30 00:00:00-04:00,1.9780000448226929,1.9780000448226929,1.8799999952316284,1.9600000381469727,8700,0.0,0.0
2025-10-31 00:00:00-04:00,1.940000057220459,1.940000057220459,1.8799999952316284,1.940000057220459,23600,0.0,0.0
2025-11-03 00:00:00-05:00,1.909999966621399,1.9199999570846558,1.8799999952316284,1.8849999904632568,5900,0.0,0.0
2025-11-04 00:00:00-05:00,2.049999952316284,2.700000047683716,1.9600000381469727,2.2799999713897705,22071200,0.0,0.0
2025-11-05 00:00:00-05:00,2.2100000381469727,2.4600000381469727,2.1500000953674316,2.299999952316284,341400,0.0,0.0
2025-11-06 00:00:00-05:00,2.2699999809265137,2.700000047683716,2.259999990463257,2.4100000858306885,247100,0.0,0.0
2025-11-07 00:00:00-05:00,2.4100000858306885,2.440000057220459,2.180000066757202,2.2200000286102295,108100,0.0,0.0
2025-11-10 00:00:00-05:00,2.2300000190734863,2.2850000858306885,2.0799999237060547,2.140000104904175,49300,0.0,0.0
2025-11-11 00:00:00-05:00,2.059999942779541,2.1389999389648438,1.9299999475479126,2.0,96300,0.0,0.0
2025-11-12 00:00:00-05:00,2.0399999618530273,2.0399999618530273,1.8200000524520874,1.9700000286102295,85100,0.0,0.0
2025-11-13 00:00:00-05:00,1.9800000190734863,2.0,1.9119999408721924,1.9299999475479126,27200,0.0,0.0
2025-11-14 00:00:00-05:00,1.8899999856948853,2.0399999618530273,1.8899999856948853,1.9900000095367432,15400,0.0,0.0
2025-11-17 00:00:00-05:00,1.9299999475479126,1.9709999561309814,1.8600000143051147,1.8799999952316284,39400,0.0,0.0
2025-11-18 00:00:00-05:00,1.8799999952316284,1.9739999771118164,1.8799999952316284,1.940000057220459,19500,0.0,0.0
2025-11-19 00:00:00-05:00,1.9600000381469727,2.0290000438690186,1.940000057220459,2.0,22100,0.0,0.0
2025-11-20 00:00:00-05:00,2.0,2.009999990463257,1.850000023841858,1.850000023841858,41100,0.0,0.0
2025-11-21 00:00:00-05:00,1.8200000524520874,1.9809999465942383,1.8200000524520874,1.940000057220459,35700,0.0,0.0
2025-11-24 00:00:00-05:00,2.0299999713897705,2.259999990463257,1.9900000095367432,2.25,89000,0.0,0.0
2025-11-25 00:00:00-05:00,2.4100000858306885,2.5,2.0999999046325684,2.299999952316284,144500,0.0,0.0
2025-11-26 00:00:00-05:00,2.299999952316284,2.5439999103546143,2.299999952316284,2.359999895095825,158300,0.0,0.0
2025-11-28 00:00:00-05:00,2.450000047683716,2.5769999027252197,2.4200000762939453,2.5769999027252197,93400,0.0,0.0
2025-12-01 00:00:00-05:00,2.450000047683716,2.450000047683716,2.309999942779541,2.390000104904175,63900,0.0,0.0
2025-12-02 00:00:00-05:00,2.3299999237060547,2.609999895095825,2.0460000038146973,2.3499999046325684,83600,0.0,0.0
2025-12-03 00:00:00-05:00,2.4000000953674316,2.5,2.3499999046325684,2.4000000953674316,16600,0.0,0.0
2025-12-04 00:00:00-05:00,2.450000047683716,2.450000047683716,2.299999952316284,2.380000114440918,34100,0.0,0.0
2025-12-05 00:00:00-05:00,2.368000030517578,2.4000000953674316,2.3499999046325684,2.380000114440918,22200,0.0,0.0
2025-12-08 00:00:00-05:00,2.3499999046325684,2.359999895095825,2.0999999046325684,2.190000057220459,35000,0.0,0.0
2025-12-09 00:00:00-05:00,2.1500000953674316,2.190000057220459,2.059999942779541,2.119999885559082,20800,0.0,0.0
2025-12-10 00:00:00-05:00,2.119999885559082,2.119999885559082,2.0399999618530273,2.109999895095825,14400,0.0,0.0
2025-12-11 00:00:00-05:00,2.1500000953674316,2.299999952316284,2.0199999809265137,2.2060000896453857,30000,0.0,0.0
2025-12-12 00:00:00-05:00,2.200000047683716,2.200000047683716,2.0,2.009999990463257,41700,0.0,0.0
2025-12-15 00:00:00-05:00,2.009999990463257,2.0199999809265137,1.909999966621399,1.9299999475479126,31600,0.0,0.0
2025-12-16 00:00:00-05:00,2.059999942779541,2.059999942779541,1.9600000381469727,2.0299999713897705,6000,0.0,0.0
2025-12-17 00:00:00-05:00,1.9759999513626099,2.119999885559082,1.899999976158142,1.9049999713897705,29000,0.0,0.0
2025-12-18 00:00:00-05:00,2.0399999618530273,2.0399999618530273,1.9500000476837158,1.9700000286102295,11700,0.0,0.0
2025-12-19 00:00:00-05:00,2.0299999713897705,2.134999990463257,1.975000023841858,2.0799999237060547,26100,0.0,0.0
2025-12-22 00:00:00-05:00,2.0399999618530273,2.0799999237060547,2.0,2.049999952316284,9300,0.0,0.0
2025-12-23 00:00:00-05:00,2.049999952316284,2.11899995803833,1.9700000286102295,1.9700000286102295,5100,0.0,0.0
2025-12-24 00:00:00-05:00,2.0989999771118164,2.0989999771118164,2.005000114440918,2.0199999809265137,1800,0.0,0.0
2025-12-26 00:00:00-05:00,2.0,2.049999952316284,1.9950000047683716,2.009999990463257,4300,0.0,0.0
2025-12-29 00:00:00-05:00,2.069999933242798,2.069999933242798,2.009999990463257,2.0460000038146973,4700,0.0,0.0
2025-12-30 00:00:00-05:00,2.0399999618530273,2.259999990463257,2.002000093460083,2.0799999237060547,30100,0.0,0.0
2025-12-31 00:00:00-05:00,2.0899999141693115,2.180000066757202,1.9900000095367432,2.069999933242798,47400,0.0,0.0
2026-01-02 00:00:00-05:00,2.069999933242798,2.1600000858306885,1.899999976158142,1.940000057220459,26800,0.0,0.0
2026-01-05 00:00:00-05:00,1.940000057220459,2.1700000762939453,1.899999976158142,1.9199999570846558,45400,0.0,0.0
2026-01-06 00:00:00-05:00,1.9199999570846558,1.940000057220459,1.8899999856948853,1.940000057220459,17100,0.0,0.0
2026-01-07 00:00:00-05:00,1.940000057220459,2.0299999713897705,1.899999976158142,1.9199999570846558,6200,0.0,0.0
2026-01-08 00:00:00-05:00,1.9600000381469727,1.9700000286102295,1.8880000114440918,1.899999976158142,13400,0.0,0.0
2026-01-09 00:00:00-05:00,1.965000033378601,1.965000033378601,1.8799999952316284,1.8799999952316284,7400,0.0,0.0
2026-01-12 00:00:00-05:00,1.940000057220459,1.940999984741211,1.809999942779541,1.809999942779541,21500,0.0,0.0
2026-01-13 00:00:00-05:00,1.8300000429153442,1.840000033378601,1.7699999809265137,1.840000033378601,25900,0.0,0.0
2026-01-14 00:00:00-05:00,1.940000057220459,2.0199999809265137,1.8600000143051147,2.0,33800,0.0,0.0
2026-01-15 00:00:00-05:00,1.9900000095367432,2.0,1.9199999570846558,1.9800000190734863,5100,0.0,0.0
2026-01-16 00:00:00-05:00,2.009999990463257,2.009999990463257,1.9199999570846558,1.9900000095367432,16100,0.0,0.0
2026-01-20 00:00:00-05:00,1.9500000476837158,1.9800000190734863,1.809999942779541,1.899999976158142,75100,0.0,0.0
2026-01-21 00:00:00-05:00,1.8799999952316284,1.9500000476837158,1.840000033378601,1.899999976158142,23000,0.0,0.0
2026-01-22 00:00:00-05:00,1.940000057220459,1.9900000095367432,1.940000057220459,1.9700000286102295,14500,0.0,0.0
2026-01-23 00:00:00-05:00,1.9199999570846558,2.0299999713897705,1.9199999570846558,1.9700000286102295,16200,0.0,0.0
2026-01-26 00:00:00-05:00,1.9800000190734863,2.0199999809265137,1.9199999570846558,1.9889999628067017,63300,0.0,0.0
2026-01-27 00:00:00-05:00,1.9900000095367432,2.0,1.8300000429153442,1.9199999570846558,34500,0.0,0.0
2026-01-28 00:00:00-05:00,1.9199999570846558,1.937999963760376,1.8359999656677246,1.909999966621399,71700,0.0,0.0
2026-01-29 00:00:00-05:00,1.9199999570846558,2.109999895095825,1.8600000143051147,1.9700000286102295,243300,0.0,0.0
2026-01-30 00:00:00-05:00,1.8799999952316284,1.9579999446868896,1.7999999523162842,1.878000020980835,40800,0.0,0.0
2026-02-02 00:00:00-05:00,1.8250000476837158,1.8799999952316284,1.7799999713897705,1.8200000524520874,15500,0.0,0.0
2026-02-03 00:00:00-05:00,1.840000033378601,1.8669999837875366,1.8200000524520874,1.840000033378601,11700,0.0,0.0
2026-02-04 00:00:00-05:00,1.8300000429153442,1.8300000429153442,1.5800000429153442,1.6200000047683716,79700,0.0,0.0
2026-02-05 00:00:00-05:00,1.6299999952316284,1.6299999952316284,1.5,1.5,24800,0.0,0.0
2026-02-06 00:00:00-05:00,1.6699999570846558,1.7999999523162842,1.4199999570846558,1.4299999475479126,22900,0.0,0.0
2026-02-09 00:00:00-05:00,1.4800000190734863,1.7100000381469727,1.4800000190734863,1.6100000143051147,30600,0.0,0.0
2026-02-10 00:00:00-05:00,1.6100000143051147,1.649999976158142,1.24399995803833,1.309999942779541,78700,0.0,0.0
2026-02-11 00:00:00-05:00,1.399999976158142,1.6399999856948853,1.100000023841858,1.2100000381469727,252600,0.0,0.0
2026-02-12 00:00:00-05:00,1.2200000286102295,1.559999942779541,1.1200000047683716,1.2200000286102295,347700,0.0,0.0
2026-02-13 00:00:00-05:00,1.2100000381469727,1.850000023841858,1.159999966621399,1.7799999713897705,335900,0.0,0.0
2026-02-17 00:00:00-05:00,1.7599999904632568,2.200000047683716,1.5,2.1600000858306885,418700,0.0,0.0
2026-02-18 00:00:00-05:00,2.069999933242798,2.4800000190734863,1.7829999923706055,2.2899999618530273,105300,0.0,0.0
2026-02-19 00:00:00-05:00,2.2699999809265137,2.4149999618530273,2.121999979019165,2.2699999809265137,62200,0.0,0.0
2026-02-20 00:00:00-05:00,2.2699999809265137,2.4800000190734863,2.109999895095825,2.3499999046325684,77500,0.0,0.0
2026-02-23 00:00:00-05:00,2.3399999141693115,2.5,2.200000047683716,2.4600000381469727,98200,0.0,0.0
2026-02-24 00:00:00-05:00,2.440000057220459,2.440000057220459,2.0999999046325684,2.130000114440918,74100,0.0,0.0
2026-02-25 00:00:00-05:00,2.119999885559082,2.240000009536743,2.109999895095825,2.109999895095825,10400,0.0,0.0
2026-02-26 00:00:00-05:00,2.190000057220459,2.194000005722046,2.1019999980926514,2.130000114440918,12600,0.0,0.0
2026-02-27 00:00:00-05:00,2.0999999046325684,2.190000057220459,2.0,2.0299999713897705,25700,0.0,0.0
2026-03-02 00:00:00-05:00,2.049999952316284,2.049999952316284,1.850000023841858,1.975000023841858,45100,0.0,0.0
2026-03-03 00:00:00-05:00,1.9630000591278076,2.109999895095825,1.9630000591278076,1.9900000095367432,10500,0.0,0.0
2026-03-04 00:00:00-05:00,1.9450000524520874,2.049999952316284,1.899999976158142,1.940000057220459,21300,0.0,0.0
2026-03-05 00:00:00-05:00,1.940000057220459,2.0399999618530273,1.909999966621399,1.9700000286102295,8600,0.0,0.0
2026-03-06 00:00:00-05:00,1.899999976158142,1.9500000476837158,1.8700000047683716,1.9299999475479126,5500,0.0,0.0
2026-03-09 00:00:00-04:00,1.9299999475479126,1.9299999475479126,1.815000057220459,1.8459999561309814,17400,0.0,0.0
2026-03-10 00:00:00-04:00,1.850000023841858,1.9700000286102295,1.8300000429153442,1.8300000429153442,11800,0.0,0.0
2026-03-11 00:00:00-04:00,1.9229999780654907,2.619999885559082,1.899999976158142,2.180000066757202,1539600,0.0,0.0
2026-03-12 00:00:00-04:00,2.5,3.299999952316284,2.140000104904175,2.319999933242798,2661100,0.0,0.0
2026-03-13 00:00:00-04:00,2.3499999046325684,2.4000000953674316,2.109999895095825,2.240000009536743,109800,0.0,0.0
2026-03-16 00:00:00-04:00,2.390000104904175,2.7660000324249268,2.390000104904175,2.680000066757202,231000,0.0,0.0
2026-03-17 00:00:00-04:00,2.6600000858306885,2.6600000858306885,2.359999895095825,2.569999933242798,53500,0.0,0.0
2026-03-18 00:00:00-04:00,2.5199999809265137,2.5799999237060547,2.369999885559082,2.380000114440918,31000,0.0,0.0
2026-03-19 00:00:00-04:00,2.380000114440918,2.490000009536743,2.3310000896453857,2.4100000858306885,23500,0.0,0.0
2026-03-20 00:00:00-04:00,2.4000000953674316,2.569999933242798,2.3429999351501465,2.390000104904175,15900,0.0,0.0
2026-03-23 00:00:00-04:00,2.430000066757202,2.4649999141693115,2.1610000133514404,2.259999990463257,36300,0.0,0.0
2026-03-24 00:00:00-04:00,2.200000047683716,2.309999942779541,2.180000066757202,2.2200000286102295,4300,0.0,0.0
2026-03-25 00:00:00-04:00,2.0999999046325684,2.4100000858306885,2.0199999809265137,2.0799999237060547,87700,0.0,0.0
2026-03-26 00:00:00-04:00,2.2100000381469727,2.305999994277954,2.0810000896453857,2.25,35200,0.0,0.0
2026-03-27 00:00:00-04:00,2.2200000286102295,2.4800000190734863,2.1600000858306885,2.3499999046325684,132200,0.0,0.0
2026-03-30 00:00:00-04:00,2.4100000858306885,2.890000104904175,2.259999990463257,2.4800000190734863,398000,0.0,0.0
2026-03-31 00:00:00-04:00,2.4800000190734863,2.5,1.875,2.240000009536743,150800,0.0,0.0
2026-04-01 00:00:00-04:00,2.359999895095825,2.359999895095825,2.1600000858306885,2.2799999713897705,18700,0.0,0.0
2026-04-02 00:00:00-04:00,2.390000104904175,2.390000104904175,2.1500000953674316,2.2799999713897705,10000,0.0,0.0
2026-04-06 00:00:00-04:00,2.2100000381469727,2.2300000190734863,2.0899999141693115,2.130000114440918,35500,0.0,0.0
2026-04-07 00:00:00-04:00,2.190000057220459,2.1989998817443848,2.0899999141693115,2.130000114440918,22800,0.0,0.0
2026-04-08 00:00:00-04:00,2.0899999141693115,2.25,1.9199999570846558,1.9199999570846558,72600,0.0,0.0
2026-04-09 00:00:00-04:00,1.9600000381469727,2.0,1.940000057220459,1.9700000286102295,15800,0.0,0.0
2026-04-10 00:00:00-04:00,1.7799999713897705,1.9299999475479126,1.6100000143051147,1.8200000524520874,2350500,0.0,0.0
2026-04-13 00:00:00-04:00,1.850000023841858,2.049999952316284,1.8220000267028809,1.9199999570846558,91600,0.0,0.0
2026-04-14 00:00:00-04:00,1.9500000476837158,2.0899999141693115,1.9199999570846558,1.9800000190734863,57000,0.0,0.0
2026-04-15 00:00:00-04:00,2.0,2.059999942779541,1.850000023841858,1.899999976158142,80600,0.0,0.0
2026-04-16 00:00:00-04:00,1.8799999952316284,1.9789999723434448,1.8480000495910645,1.850000023841858,73200,0.0,0.0
2026-04-17 00:00:00-04:00,1.8200000524520874,1.8799999952316284,1.7100000381469727,1.7200000286102295,90500,0.0,0.0
2026-04-20 00:00:00-04:00,1.7100000381469727,1.8279999494552612,1.7100000381469727,1.7799999713897705,20900,0.0,0.0
2026-04-21 00:00:00-04:00,1.7599999904632568,1.7599999904632568,1.7300000190734863,1.7599999904632568,23000,0.0,0.0
2026-04-22 00:00:00-04:00,1.7699999809265137,1.7699999809265137,1.6799999475479126,1.7050000429153442,31800,0.0,0.0
2026-04-23 00:00:00-04:00,1.7599999904632568,1.7599999904632568,1.5499999523162842,1.659999966621399,38100,0.0,0.0
2026-04-24 00:00:00-04:00,1.6799999475479126,1.7699999809265137,1.6799999475479126,1.7139999866485596,24600,0.0,0.0
2026-04-27 00:00:00-04:00,1.809999942779541,1.9479999542236328,1.75,1.7899999618530273,47400,0.0,0.0
2026-04-28 00:00:00-04:00,1.8899999856948853,1.8899999856948853,1.6549999713897705,1.7000000476837158,15700,0.0,0.0
2026-04-29 00:00:00-04:00,3.065000057220459,3.390000104904175,2.119999885559082,2.1700000762939453,107208600,0.0,0.0
2026-04-30 00:00:00-04:00,1.850000023841858,1.8600000143051147,1.5,1.7200000286102295,2195900,0.0,0.0
2026-05-01 00:00:00-04:00,1.649999976158142,1.7300000190734863,1.600000023841858,1.6299999952316284,577400,0.0,0.0
2026-05-04 00:00:00-04:00,1.5399999618530273,1.7000000476837158,1.4800000190734863,1.5499999523162842,665800,0.0,0.0
2026-05-05 00:00:00-04:00,1.4800000190734863,1.6299999952316284,1.409999966621399,1.5700000524520874,387000,0.0,0.0
2026-05-06 00:00:00-04:00,1.4900000095367432,1.5800000429153442,1.4700000286102295,1.5700000524520874,241100,0.0,0.0
2026-05-07 00:00:00-04:00,1.6100000143051147,1.649999976158142,1.5399999618530273,1.6399999856948853,201400,0.0,0.0
2026-05-08 00:00:00-04:00,1.6399999856948853,1.659000039100647,1.5299999713897705,1.5499999523162842,136000,0.0,0.0
2026-05-11 00:00:00-04:00,1.4700000286102295,1.4900000095367432,1.2999999523162842,1.3650000095367432,327700,0.0,0.0
2026-05-12 00:00:00-04:00,1.2999999523162842,1.2999999523162842,1.1799999475479126,1.2000000476837158,151500,0.0,0.0
2026-05-13 00:00:00-04:00,1.25,1.25,1.2200000286102295,1.2200000286102295,78800,0.0,0.0
2026-05-14 00:00:00-04:00,1.2000000476837158,1.25,1.100000023841858,1.100000023841858,197000,0.0,0.0
2026-05-15 00:00:00-04:00,1.100000023841858,1.1399999856948853,0.871999979019165,0.9340000152587891,390200,0.0,0.0
2026-05-18 00:00:00-04:00,0.953000009059906,1.0299999713897705,0.8569999933242798,0.875,252800,0.0,0.0
2026-05-19 00:00:00-04:00,0.7400000095367432,1.1100000143051147,0.7200000286102295,1.0299999713897705,7243000,0.0,0.0
2026-05-20 00:00:00-04:00,0.9309999942779541,1.0299999713897705,0.8799999952316284,0.8930000066757202,267700,0.0,0.0
2026-05-21 00:00:00-04:00,0.8730000257492065,0.9800000190734863,0.8730000257492065,0.9750000238418579,152300,0.0,0.0
2026-05-22 00:00:00-04:00,0.9599999785423279,1.0499999523162842,0.9599999785423279,1.0499999523162842,110100,0.0,0.0
2026-05-26 00:00:00-04:00,1.0299999713897705,1.0700000524520874,0.9599999785423279,1.0099999904632568,149200,0.0,0.0
2026-05-27 00:00:00-04:00,1.0099999904632568,1.0700000524520874,1.0,1.0700000524520874,305500,0.0,0.0
2026-05-28 00:00:00-04:00,1.1100000143051147,1.1100000143051147,1.0399999618530273,1.0800000429153442,126300,0.0,0.0
2026-05-29 00:00:00-04:00,1.0499999523162842,1.1200000047683716,1.0299999713897705,1.1200000047683716,607000,0.0,0.0
2026-06-01 00:00:00-04:00,1.0499999523162842,1.1080000400543213,1.0,1.0299999713897705,176100,0.0,0.0
2026-06-02 00:00:00-04:00,1.0,1.0099999904632568,0.9599999785423279,0.9599999785423279,103200,0.0,0.0
2026-06-03 00:00:00-04:00,0.949999988079071,0.9739999771118164,0.8999999761581421,0.9670000076293945,59400,0.0,0.0
2026-06-04 00:00:00-04:00,0.9509999752044678,1.0,0.9240000247955322,0.9490000009536743,51100,0.0,0.0
2026-06-05 00:00:00-04:00,0.9190000295639038,0.9480000138282776,0.9010000228881836,0.9480000138282776,142000,0.0,0.0
2026-06-08 00:00:00-04:00,0.9769999980926514,1.0499999523162842,0.9599999785423279,1.0299999713897705,72300,0.0,0.0
2026-06-09 00:00:00-04:00,1.003000020980835,1.0199999809265137,0.9700000286102295,1.0199999809265137,67400,0.0,0.0
2026-06-10 00:00:00-04:00,1.0299999713897705,1.1200000047683716,1.0,1.1200000047683716,177800,0.0,0.0
2026-06-11 00:00:00-04:00,1.1100000143051147,1.1100000143051147,1.0299999713897705,1.090000033378601,101600,0.0,0.0
2026-06-12 00:00:00-04:00,1.059999942779541,1.0740000009536743,0.949999988079071,0.9750000238418579,80700,0.0,0.0
2026-06-15 00:00:00-04:00,1.0,1.0399999618530273,1.0,1.0399999618530273,28000,0.0,0.0
2026-06-16 00:00:00-04:00,1.0299999713897705,1.0700000524520874,1.0099999904632568,1.0399999618530273,61600,0.0,0.0
2026-06-17 00:00:00-04:00,1.0470000505447388,1.0800000429153442,1.0399999618530273,1.0399999618530273,19300,0.0,0.0
2026-06-18 00:00:00-04:00,1.0800000429153442,1.090000033378601,0.9750000238418579,0.9900000095367432,25957200,0.0,0.0
2026-06-22 00:00:00-04:00,1.600000023841858,1.6100000143051147,1.2400000095367432,1.309999942779541,41267900,0.0,0.0
2026-06-23 00:00:00-04:00,1.159999966621399,1.3899999856948853,1.159999966621399,1.2999999523162842,1634500,0.0,0.0
2026-06-24 00:00:00-04:00,1.2799999713897705,1.4900000095367432,1.2100000381469727,1.2100000381469727,955200,0.0,0.0
2026-06-25 00:00:00-04:00,1.4600000381469727,1.5800000429153442,1.3200000524520874,1.440000057220459,17750700,0.0,0.0
2026-06-26 00:00:00-04:00,1.3799999952316284,1.4600000381469727,1.0499999523162842,1.0499999523162842,1001100,0.0,0.0
2026-06-29 00:00:00-04:00,1.2999999523162842,1.3600000143051147,1.190000057220459,1.2400000095367432,3542300,0.0,0.0
2026-06-30 00:00:00-04:00,1.190000057220459,1.2599999904632568,1.190000057220459,1.25,363500,0.0,0.0
2026-07-01 00:00:00-04:00,1.1799999475479126,1.2300000190734863,1.100000023841858,1.1399999856948853,326500,0.0,0.0
2026-07-02 00:00:00-04:00,1.100000023841858,1.149999976158142,1.0,1.0,440000,0.0,0.0
2026-07-06 00:00:00-04:00,1.0399999618530273,1.0499999523162842,0.9700000286102295,1.0099999904632568,417900,0.0,0.0
2026-07-07 00:00:00-04:00,0.9810000061988831,0.9900000095367432,0.9459999799728394,0.9559999704360962,218600,0.0,0.0
2026-07-08 00:00:00-04:00,0.9300000071525574,0.9599999785423279,0.9039999842643738,0.921999990940094,223300,0.0,0.0
2026-07-09 00:00:00-04:00,0.9200000166893005,1.0,0.9200000166893005,0.9539999961853027,127400,0.0,0.0
2026-07-10 00:00:00-04:00,0.9300000071525574,0.9570000171661377,0.9300000071525574,0.9309999942779541,78400,0.0,0.0
2026-07-13 00:00:00-04:00,0.9300000071525574,0.9300000071525574,0.8600000143051147,0.8870000243186951,181500,0.0,0.0
2026-07-14 00:00:00-04:00,0.9089999794960022,0.9139999747276306,0.8700000047683716,0.8830000162124634,109900,0.0,0.0
2026-07-15 00:00:00-04:00,0.8830000162124634,0.9300000071525574,0.8830000162124634,0.8960000276565552,48100,0.0,0.0
2026-07-16 00:00:00-04:00,0.8999999761581421,0.9290000200271606,0.8899999856948853,0.8899999856948853,46900,0.0,0.0
2026-07-17 00:00:00-04:00,0.8799999952316284,0.8999999761581421,0.8600000143051147,0.8809999823570251,94900,0.0,0.0
2026-07-20 00:00:00-04:00,0.8999999761581421,0.9079999923706055,0.8650000095367432,0.8759999871253967,97100,0.0,0.0
2026-07-21 00:00:00-04:00,0.9100000262260437,0.9750000238418579,0.8799999952316284,0.8849999904632568,141500,0.0,0.0
2026-07-22 00:00:00-04:00,0.8870000243186951,0.8999999761581421,0.8500000238418579,0.8610000014305115,78300,0.0,0.0
2026-07-23 00:00:00-04:00,0.8820000290870667,0.890999972820282,0.7889999747276306,0.800000011920929,196600,0.0,0.0
2026-07-24 00:00:00-04:00,0.8050000071525574,0.8050000071525574,0.7649999856948853,0.7720000147819519,111800,0.0,0.0
2026-07-27 00:00:00-04:00,0.800000011920929,0.8389999866485596,0.7400000095367432,0.7900000214576721,82000,0.0,0.0
2026-07-28 00:00:00-04:00,0.7630000114440918,0.800000011920929,0.7400000095367432,0.7549999952316284,76600,0.0,0.0
2026-07-29 00:00:00-04:00,0.7549999952316284,0.7829999923706055,0.75,0.75,31600,0.0,0.0
2026-07-30 00:00:00-04:00,0.7960000038146973,0.8700000047683716,0.7599999904632568,0.8619999885559082,691400,0.0,0.0
2026-07-31 00:00:00-04:00,0.8199999928474426,0.8700000047683716,0.7599999904632568,0.7699999809265137,117000,0.0,0.0
2026-08-03 00:00:00-04:00,0.7850000262260437,0.8799999952316284,0.7850000262260437,0.8500000238418579,151900,0.0,0.0
2026-08-04 00:00:00-04:00,0.8640000224113464,0.9200000166893005,0.7900000214576721,0.8529999852180481,468600,0.0,0.0
2026-08-05 00:00:00-04:00,0.8700000047683716,0.8700000047683716,0.7609999775886536,0.7829999923706055,224100,0.0,0.0
2026-08-06 00:00:00-04:00,0.7590000033378601,0.7749999761581421,0.699999988079071,0.7210000157356262,1179300,0.0,0.0
2026-08-07 00:00:00-04:00,0.8799999952316284,0.8799999952316284,0.7450000047683716,0.75,4285600,0.0,0.0
2026-08-10 00:00:00-04:00,0.7450000047683716,0.7900000214576721,0.7210000157356262,0.7250000238418579,419000,0.0,0.0
2026-08-11 00:00:00-04:00,0.7250000238418579,0.7319999933242798,0.6200000047683716,0.6990000009536743,527900,0.0,0.0
2026-08-12 00:00:00-04:00,0.7009999752044678,0.722000002861023,0.6890000104904175,0.6949999928474426,168100,0.0,0.0
2026-08-13 00:00:00-04:00,0.6899999976158142,0.7170000076293945,0.6850000023841858,0.6869999766349792,210800,0.0,0.0
2026-08-14 00:00:00-04:00,0.6899999976158142,0.7360000014305115,0.6809999942779541,0.6990000009536743,287000,0.0,0.0
2026-08-17 00:00:00-04:00,0.7089999914169312,0.7149999737739563,0.6399999856948853,0.6489999890327454,455400,0.0,0.0
2026-08-18 00:00:00-04:00,0.6690000295639038,0.8999999761581421,0.6549999713897705,0.781000018119812,18541500,0.0,0.0
2026-08-19 00:00:00-04:00,0.7049999833106995,0.7300000190734863,0.6499999761581421,0.6790000200271606,867300,0.0,0.0
2026-08-20 00:00:00-04:00,0.6510000228881836,0.6589999794960022,0.6010000109672546,0.6290000081062317,382900,0.0,0.0
2026-08-21 00:00:00-04:00,0.6520000100135803,0.6700000166893005,0.6399999856948853,0.652999997138977,169400,0.0,0.0
2026-08-24 00:00:00-04:00,0.6299999952316284,0.6499999761581421,0.6200000047683716,0.6230000257492065,127700,0.0,0.0
2026-08-25 00:00:00-04:00,0.628000020980835,0.6499999761581421,0.621999979019165,0.6290000081062317,174900,0.0,0.0
2026-08-26 00:00:00-04:00,0.6259999871253967,0.6579999923706055,0.6110000014305115,0.6460000276565552,179800,0.0,0.0
2026-08-27 00:00:00-04:00,0.6600000262260437,0.6990000009536743,0.6499999761581421,0.6660000085830688,155500,0.0,0.0
2026-08-31 00:00:00-04:00,0.6740000247955322,0.6930000185966492,0.6499999761581421,0.6930000185966492,288700,0.0,0.0
2026-09-01 00:00:00-04:00,0.6725000143051147,0.6800000071525574,0.642300009727478,0.642300009727478,104265,0.0,0.0
