Date,Open,High,Low,Close,Volume,Dividends,Stock Splits
2022-01-03 00:00:00-05:00,76.37914025325324,76.54610975976416,74.43116739534453,74.59813690185547,259300,0.0,0.0
2022-01-04 00:00:00-05:00,75.12685369380799,75.69269426444365,73.80965407042645,73.97662353515625,406500,0.0,0.0
2022-01-05 00:00:00-05:00,73.96736103457073,74.62596098468768,71.91735094494753,72.00083923339844,310900,0.0,0.0
2022-01-06 00:00:00-05:00,72.49246912113132,73.63342146350872,72.07504183627202,73.40151977539062,277100,0.0,0.0
2022-01-07 00:00:00-05:00,73.280930398562,74.19925906374706,72.89133727722017,73.7632827758789,198100,0.0,0.0
2022-01-10 00:00:00-05:00,73.8189609985327,74.40335081518505,73.04904555010873,73.9117202758789,174200,0.0,0.0
2022-01-11 00:00:00-05:00,74.14361974678671,74.5517690471586,72.48320254773078,74.34769439697266,144600,0.0,0.0
2022-01-12 00:00:00-05:00,74.3012999443272,74.83003551361678,73.00264906694356,73.8096694946289,204300,0.0,0.0
2022-01-13 00:00:00-05:00,74.15288150594264,75.21035257268935,74.15288150594264,74.44043731689453,104100,0.0,0.0
2022-01-14 00:00:00-05:00,73.83749306369309,73.9859135350202,72.73364588577746,73.35514068603516,198100,0.0,0.0
2022-01-18 00:00:00-05:00,73.2252785450715,73.28093268497747,70.88770558993144,71.11033630371094,206600,0.0,0.0
2022-01-19 00:00:00-05:00,71.66690372199096,72.26057151090963,70.51666618851755,71.30513763427734,219000,0.0,0.0
2022-01-20 00:00:00-05:00,71.57413978791332,73.6334208155349,70.78566839358805,71.60196685791016,268600,0.0,0.0
2022-01-21 00:00:00-05:00,71.09177520783823,72.98409367946445,71.0175649751288,71.49064636230469,286900,0.0,0.0
2022-01-24 00:00:00-05:00,70.70218826890668,73.92098485340279,70.29403903048036,73.8096694946289,293000,0.0,0.0
2022-01-25 00:00:00-05:00,72.85423266332486,73.9302527788178,70.85059875043247,72.36260223388672,311800,0.0,0.0
2022-01-26 00:00:00-05:00,72.5574033770118,73.60559648940799,70.71146786860501,71.57414245605469,289700,0.0,0.0
2022-01-27 00:00:00-05:00,71.97299462141747,73.35513358786835,70.36823912367248,70.87842559814453,228700,0.0,0.0
2022-01-28 00:00:00-05:00,70.75784706444678,72.6037826538086,70.17345731586606,72.6037826538086,219600,0.0,0.0
2022-01-31 00:00:00-05:00,71.76892676059289,73.81893654221335,71.0824927660733,73.18816375732422,301200,0.0,0.0
2022-02-01 00:00:00-05:00,72.9098840231015,74.24563991412076,72.01010440634975,73.95808410644531,232300,0.0,0.0
2022-02-02 00:00:00-05:00,73.63341027233692,74.38477644005613,73.13250185288304,73.85604095458984,221300,0.0,0.0
2022-02-03 00:00:00-05:00,73.83749714385075,74.44972100628934,73.22528035849015,73.55921936035156,274900,0.0,0.0
2022-02-04 00:00:00-05:00,72.03793584297141,73.22527122275402,70.60014270450137,71.01756286621094,295900,0.0,0.0
2022-02-07 00:00:00-05:00,71.3886053334463,72.46463242030715,71.15670367614806,71.6112289428711,227200,0.0,0.0
2022-02-08 00:00:00-05:00,71.81531996991471,74.69089976312831,71.45355386789859,74.3940658569336,267000,0.0,0.0
2022-02-09 00:00:00-05:00,74.21780730345861,74.56101722193715,72.58521767825125,73.27164459228516,292700,0.0,0.0
2022-02-10 00:00:00-05:00,72.61306556454922,73.80040124075018,72.05650285096488,72.39044189453125,237100,0.0,0.0
2022-02-11 00:00:00-05:00,72.11214620740745,72.6872649357211,70.56304464535026,71.11033630371094,197500,0.0,0.0
2022-02-14 00:00:00-05:00,71.62238933142392,71.8085879436074,70.22587843098255,70.70999908447266,186600,0.28,0.0
2022-02-15 00:00:00-05:00,70.8031074422178,72.36719997787971,70.61690172188784,72.20892333984375,231900,0.0,0.0
2022-02-16 00:00:00-05:00,71.8551484528665,73.16786513915918,71.8551484528665,72.91649627685547,281500,0.0,0.0
2022-02-17 00:00:00-05:00,72.10650121986188,72.62787005603873,71.1196359098107,71.26860046386719,273700,0.0,0.0
2022-02-18 00:00:00-05:00,71.10103906654349,73.54958601868488,71.10103906654349,73.1678695678711,202500,0.0,0.0
2022-02-22 00:00:00-05:00,72.81407315373609,73.54956970312995,72.52546319115899,72.990966796875,191700,0.0,0.0
2022-02-23 00:00:00-05:00,73.36339040965656,74.02440485137495,72.46961700080186,72.65582275390625,237500,0.0,0.0
2022-02-24 00:00:00-05:00,70.8868957600351,73.73577584541486,70.75655530534597,73.66130065917969,412300,0.0,0.0
2022-02-25 00:00:00-05:00,73.7450834615164,78.558389241992,73.49371462920487,77.93461608886719,543200,0.0,0.0
2022-02-28 00:00:00-05:00,76.901187330556,78.20459872999336,76.86394619308399,77.45048522949219,357400,0.0,0.0
2022-03-01 00:00:00-05:00,77.16188017746173,77.64600793678962,76.21225588496748,76.83602905273438,522200,0.0,0.0
2022-03-02 00:00:00-05:00,76.99430090346263,78.68873390610477,76.92913067655417,77.0594711303711,256100,0.0,0.0
2022-03-03 00:00:00-05:00,77.19913219499372,77.87877072489195,76.93845125849231,77.51567840576172,150400,0.0,0.0
2022-03-04 00:00:00-05:00,76.80811176771124,78.58633934051166,76.3612250830054,77.75773620605469,200400,0.0,0.0
2022-03-07 00:00:00-05:00,77.61808113136713,77.68325135822381,76.78948520289414,76.99430084228516,293400,0.0,0.0
2022-03-08 00:00:00-05:00,77.04084199847597,78.78182793365593,76.50085614439608,76.80809020996094,261200,0.0,0.0
2022-03-09 00:00:00-05:00,78.33494656902919,78.5583863119748,76.24949239448692,76.38914489746094,223200,0.0,0.0
2022-03-10 00:00:00-05:00,75.48606735387469,77.1525711355907,75.20676234573537,76.97567749023438,168600,0.0,0.0
2022-03-11 00:00:00-05:00,77.1805151722534,78.67943766015932,76.86396896148538,77.51567840576172,167800,0.0,0.0
2022-03-14 00:00:00-04:00,78.16735614121613,79.57317886684493,77.25497315066436,79.41490936279297,135800,0.0,0.0
2022-03-15 00:00:00-04:00,79.73145402788546,80.02006397963615,78.80044685137767,79.51732635498047,276800,0.0,0.0
2022-03-16 00:00:00-04:00,79.88972072379586,80.36453635590412,78.03701849677458,79.35904693603516,181100,0.0,0.0
2022-03-17 00:00:00-04:00,78.94009955329062,80.57867417704199,78.07426259277088,80.44833374023438,144700,0.0,0.0
2022-03-18 00:00:00-04:00,80.73694295287764,81.06279404191064,78.08357393786464,80.25281524658203,374400,0.0,0.0
2022-03-21 00:00:00-04:00,80.42970318932892,81.77035569277241,80.42970318932892,81.49105072021484,173400,0.0,0.0
2022-03-22 00:00:00-04:00,81.7889863341261,83.00861067424,81.67727000890953,81.91932678222656,214600,0.0,0.0
2022-03-23 00:00:00-04:00,81.56556358926267,82.2638191795579,81.19315918716724,81.5562515258789,148800,0.0,0.0
2022-03-24 00:00:00-04:00,81.58416487784328,82.71999488880601,81.2862428342319,82.70137786865234,129900,0.0,0.0
2022-03-25 00:00:00-04:00,82.98066549020864,84.31200601114797,82.72929668271196,84.14442443847656,224800,0.0,0.0
2022-03-28 00:00:00-04:00,83.67890949492656,84.81473921066494,83.52064000418136,84.47957611083984,215700,0.0,0.0
2022-03-29 00:00:00-04:00,84.69372524152183,85.30818629357384,84.12581028717403,84.36787414550781,282400,0.0,0.0
2022-03-30 00:00:00-04:00,84.77752277685069,85.02889872646759,84.27477798063892,84.91717529296875,272000,0.0,0.0
2022-03-31 00:00:00-04:00,84.66577883621096,85.7736723359383,83.15754493942235,83.19478607177734,257900,0.0,0.0
2022-04-01 00:00:00-04:00,83.68825098908991,85.75508846395682,83.1110238690299,85.36406707763672,340600,0.0,0.0
2022-04-04 00:00:00-04:00,85.09405034669928,85.09405034669928,82.2637879107993,82.50585174560547,205400,0.0,0.0
2022-04-05 00:00:00-04:00,82.40347014385253,83.43688896598724,82.13347713506731,82.24519348144531,213600,0.0,0.0
2022-04-06 00:00:00-04:00,82.0403594307777,83.03653687991658,81.26762172735575,81.97518920898438,190500,0.0,0.0
2022-04-07 00:00:00-04:00,81.78898569355192,82.96205682029026,80.85797844125646,82.06829071044922,184600,0.0,0.0
2022-04-08 00:00:00-04:00,82.44997832475502,82.85962368108852,81.13726213753502,81.44449615478516,164200,0.0,0.0
2022-04-11 00:00:00-04:00,81.4538220551724,87.84053233814684,80.20627575358166,80.81143188476562,196200,0.0,0.0
2022-04-12 00:00:00-04:00,81.0348677181066,82.01242101843805,80.1690307360866,80.3459243774414,207300,0.0,0.0
2022-04-13 00:00:00-04:00,80.22489835205404,83.40894165364398,79.2473449364898,80.91384887695312,318300,0.0,0.0
2022-04-14 00:00:00-04:00,80.89521551419098,81.92863408049345,79.69421536678482,79.87110900878906,250400,0.0,0.0
2022-04-18 00:00:00-04:00,79.85248677963074,80.54143724217589,79.4428484295736,80.43902587890625,203500,0.0,0.0
2022-04-19 00:00:00-04:00,80.77418346065465,81.60277926758482,80.13178624513898,80.40177917480469,292500,0.0,0.0
2022-04-20 00:00:00-04:00,81.07209149600618,81.54689995318651,79.4893753296792,79.8431625366211,470500,0.0,0.0
2022-04-21 00:00:00-04:00,80.66244658552375,81.30484369385594,79.08904246941495,79.56385803222656,417700,0.0,0.0
2022-04-22 00:00:00-04:00,79.28457070661335,79.85247852189617,77.5249606937737,77.71116638183594,265500,0.0,0.0
2022-04-25 00:00:00-04:00,77.53428396987415,78.78183739978695,76.15639719399513,78.71666717529297,254100,0.0,0.0
2022-04-26 00:00:00-04:00,78.0835848669551,79.19147872473539,77.79496777368256,77.92530822753906,227100,0.0,0.0
2022-04-27 00:00:00-04:00,78.19528507114265,79.9548879383502,78.19528507114265,79.2845687866211,339200,0.0,0.0
2022-04-28 00:00:00-04:00,79.19147685796872,79.81525713303145,77.99978867764528,79.02389526367188,175900,0.0,0.0
2022-04-29 00:00:00-04:00,78.59562209461339,78.99595545423429,76.47292692379406,76.67774963378906,316800,0.0,0.0
2022-05-02 00:00:00-04:00,77.03151716766658,78.77250281422283,75.90499955037244,77.76701354980469,390000,0.0,0.0
2022-05-03 00:00:00-04:00,77.72977760673282,79.22869954458615,77.32013932956347,78.14873504638672,210100,0.0,0.0
2022-05-04 00:00:00-04:00,78.14875304857304,80.10386690827333,76.91051166632153,79.6290512084961,360200,0.0,0.0
2022-05-05 00:00:00-04:00,75.41158629475719,76.80809715206752,73.5868129602343,74.55506134033203,421600,0.0,0.0
2022-05-06 00:00:00-04:00,73.99645317588775,76.08190725288547,73.99645317588775,75.51399230957031,399400,0.0,0.0
2022-05-09 00:00:00-04:00,74.75989148264705,75.5046930852565,73.88474231898316,74.29438781738281,290000,0.0,0.0
2022-05-10 00:00:00-04:00,74.67608140170574,75.16020908931027,71.47341458623823,71.82720184326172,344800,0.0,0.0
2022-05-11 00:00:00-04:00,72.31132602955438,72.78614168061841,70.29104215190031,70.49586486816406,326000,0.0,0.0
2022-05-12 00:00:00-04:00,70.69136274189322,71.50134139983984,69.73242665551973,71.45478820800781,285200,0.0,0.0
2022-05-13 00:00:00-04:00,71.71643638976136,72.35183962925525,70.53907009589899,71.28660583496094,224400,0.28,0.0
2022-05-16 00:00:00-04:00,70.92218914157912,71.71644146489581,70.41760355135884,71.12776184082031,141200,0.0,0.0
2022-05-17 00:00:00-04:00,71.93136423860604,72.80037161424144,71.71644536978005,72.71627044677734,211800,0.0,0.0
2022-05-18 00:00:00-04:00,71.90334178727902,72.59481508175139,71.39876318616797,71.95941162109375,228400,0.0,0.0
2022-05-19 00:00:00-04:00,71.23056411062626,72.00612429151695,70.1466376829236,71.34268951416016,311600,0.0,0.0
2022-05-20 00:00:00-04:00,71.84723633561639,71.84723633561639,70.38020369136764,71.10904693603516,293300,0.0,0.0
2022-05-23 00:00:00-04:00,71.92202462153722,72.4826729825121,70.66056402708605,71.27727508544922,224200,0.0,0.0
2022-05-24 00:00:00-04:00,70.94086770372601,72.19298896898349,70.24940179460027,72.0715103149414,207200,0.0,0.0
2022-05-25 00:00:00-04:00,71.54824459124332,72.46397555848354,71.26791689357012,71.91266632080078,177800,0.0,0.0
2022-05-26 00:00:00-04:00,72.46398125401095,72.76299416148376,71.78185427154139,72.23037719726562,213900,0.0,0.0
2022-05-27 00:00:00-04:00,72.69756247756237,73.40771345411893,72.11822203234513,73.20214080810547,162900,0.0,0.0
2022-05-31 00:00:00-04:00,72.42661413427365,74.3141320466427,71.95940595379277,74.0992202758789,360500,0.0,0.0
2022-06-01 00:00:00-04:00,74.09922176373956,74.09922176373956,71.90333756816278,72.82841491699219,216300,0.0,0.0
2022-06-02 00:00:00-04:00,72.92184914028206,75.3887076098349,72.09021920094958,75.22051239013672,258200,0.0,0.0
2022-06-03 00:00:00-04:00,75.10836357561504,75.22049607410145,72.84707832385749,73.27690887451172,224700,0.0,0.0
2022-06-06 00:00:00-04:00,73.86559310506014,74.41689516382883,73.41707025517353,73.85624694824219,174600,0.0,0.0
2022-06-07 00:00:00-04:00,73.50119832414374,74.48233127844772,73.06202147025134,74.45429992675781,154500,0.0,0.0
2022-06-08 00:00:00-04:00,74.15526369623362,74.15526369623362,72.28643146019755,72.73494720458984,142100,0.0,0.0
2022-06-09 00:00:00-04:00,72.83773930293432,73.11806701210062,70.95956789022142,71.08103942871094,174800,0.0,0.0
2022-06-10 00:00:00-04:00,70.10923418798751,71.52020440144506,70.05317150699868,71.21184539794922,199400,0.0,0.0
2022-06-13 00:00:00-04:00,69.99711068520745,71.95003683449565,69.90366337570583,71.1557846069336,282300,0.0,0.0
2022-06-14 00:00:00-04:00,71.15579252587978,72.69758062686786,70.7446471312084,72.6228256225586,351500,0.0,0.0
2022-06-15 00:00:00-04:00,73.21149536954333,73.5946093681981,71.93134995624892,72.43592834472656,483800,0.0,0.0
2022-06-16 00:00:00-04:00,71.15579294681915,71.60430871726886,70.36154062616596,70.88481140136719,299500,0.0,0.0
2022-06-17 00:00:00-04:00,71.42678517870559,73.66003959431751,71.42678517870559,72.74430847167969,742500,0.0,0.0
2022-06-21 00:00:00-04:00,73.16477913792366,73.91230769612652,71.52020490343153,73.4264144897461,327700,0.0,0.0
2022-06-22 00:00:00-04:00,73.08067550549211,74.36082800947638,72.62281365534878,74.23934936523438,351500,0.0,0.0
2022-06-23 00:00:00-04:00,74.19264645842992,74.72526339831401,73.13675160760322,74.05248260498047,354200,0.0,0.0
2022-06-24 00:00:00-04:00,74.53837031160448,77.64063152636325,74.43559109772363,77.1921157836914,566200,0.0,0.0
2022-06-27 00:00:00-04:00,78.07981189537477,78.89275651943309,77.40703112084783,78.06112670898438,337300,0.0,0.0
2022-06-28 00:00:00-04:00,78.64979907676738,80.30371951662114,78.64979907676738,79.52815246582031,539200,0.0,0.0
2022-06-29 00:00:00-04:00,79.30390682788985,80.51864363141767,79.11701930724944,79.6216049194336,593300,0.0,0.0
2022-06-30 00:00:00-04:00,78.90211091108768,81.30356040302951,78.3881791188504,81.23815155029297,435700,0.0,0.0
2022-07-01 00:00:00-04:00,80.68682712138947,82.0791050851377,80.425191759507,81.72402954101562,409700,0.0,0.0
2022-07-05 00:00:00-04:00,80.69618739704153,81.3315907280824,79.32259437780387,81.01388549804688,396900,0.0,0.0
2022-07-06 00:00:00-04:00,80.6961773156122,81.50912191272974,79.78979253158018,81.1073226928711,572400,0.0,0.0
2022-07-07 00:00:00-04:00,81.70535683572628,82.9761634695669,81.39699777111126,82.06043243408203,478600,0.0,0.0
2022-07-08 00:00:00-04:00,81.995009548657,83.20040712571046,81.54648670153269,82.27533721923828,337900,0.0,0.0
2022-07-11 00:00:00-04:00,82.07911123795192,82.70517547684906,81.04191586960447,82.01370239257812,290400,0.0,0.0
2022-07-12 00:00:00-04:00,81.80813518991896,82.59304131868937,81.0699455903205,81.34092712402344,346300,0.0,0.0
2022-07-13 00:00:00-04:00,80.69617933932196,82.78926952062028,80.69617933932196,81.5278091430664,353200,0.0,0.0
2022-07-14 00:00:00-04:00,80.21962103080855,81.52780500104373,75.65967301381957,75.9867172241211,740700,0.0,0.0
2022-07-15 00:00:00-04:00,76.94916126453951,78.09849615734284,76.37916689651094,77.0799789428711,510300,0.0,0.0
2022-07-18 00:00:00-04:00,77.47244296020493,77.49112814559788,74.37952079402731,74.5009994506836,338800,0.0,0.0
2022-07-19 00:00:00-04:00,74.94017538849012,75.5568934941958,74.65985480964822,75.51951599121094,343100,0.0,0.0
2022-07-20 00:00:00-04:00,75.29525034729413,76.13622625526294,74.75328730337768,75.52885437011719,228400,0.0,0.0
2022-07-21 00:00:00-04:00,75.17377870001992,76.3324598941273,74.4823127241382,76.2763900756836,221400,0.0,0.0
2022-07-22 00:00:00-04:00,76.50065416037731,76.93982377049184,75.0336210633171,75.81852722167969,183300,0.0,0.0
2022-07-25 00:00:00-04:00,76.24836025792011,77.63129936640789,76.014756208644,77.21080780029297,221400,0.0,0.0
2022-07-26 00:00:00-04:00,77.39767991822008,78.21996344162115,77.39767991822008,77.9676742553711,213500,0.0,0.0
2022-07-27 00:00:00-04:00,77.9022811524733,79.07030140235368,76.81835493864996,77.4537582397461,242000,0.0,0.0
2022-07-28 00:00:00-04:00,77.71540228733043,77.72474844649837,73.66003895018599,73.74413299560547,487300,0.0,0.0
2022-07-29 00:00:00-04:00,73.85624277607617,73.93099776833914,72.5947825800094,72.75363159179688,641200,0.0,0.0
2022-08-01 00:00:00-04:00,72.82840197563857,72.95921967523161,70.93153820250959,72.00611114501953,557100,0.0,0.0
2022-08-02 00:00:00-04:00,72.18365880972357,72.21169015793681,70.50170662662264,70.58580780029297,376100,0.0,0.0
2022-08-03 00:00:00-04:00,70.54841872804167,71.01562679908831,68.78237278980775,70.70726776123047,840000,0.0,0.0
2022-08-04 00:00:00-04:00,68.58614533614788,71.22119853637041,62.42833933519495,70.73529815673828,649100,0.0,0.0
2022-08-05 00:00:00-04:00,70.6698951921922,72.70692280928307,70.24941075051592,72.5200424194336,303900,0.0,0.0
2022-08-08 00:00:00-04:00,72.6041408702283,73.39840039795148,72.23971909754536,72.37053680419922,243200,0.0,0.0
2022-08-09 00:00:00-04:00,72.44527063989187,73.46378777715276,72.42658545684475,73.304931640625,245400,0.0,0.0
2022-08-10 00:00:00-04:00,73.87493786750791,74.32346075221182,73.70674267687261,73.91231536865234,183700,0.0,0.0
2022-08-11 00:00:00-04:00,74.35149173470485,75.29525402918753,74.12723385795675,75.16443634033203,207500,0.0,0.0
2022-08-12 00:00:00-04:00,75.73641157515135,76.75848651034876,75.20193425338432,76.57095336914062,189600,0.28,0.0
2022-08-15 00:00:00-04:00,76.44906414847601,77.93997935896637,75.83957059895394,77.58365631103516,184800,0.0,0.0
2022-08-16 00:00:00-04:00,77.58365291764756,78.63385725171948,77.25546629885375,78.04312133789062,288700,0.0,0.0
2022-08-17 00:00:00-04:00,77.57427952752484,78.1743942324141,77.35860995204983,77.93059539794922,147300,0.0,0.0
2022-08-18 00:00:00-04:00,78.15562819866614,78.38066940025739,77.03979384007516,77.6961669921875,127400,0.0,0.0
2022-08-19 00:00:00-04:00,77.76179081892299,78.26813880012085,77.07728137565655,77.80867767333984,344800,0.0,0.0
2022-08-22 00:00:00-04:00,77.49927074698246,77.49927074698246,75.05192482784064,75.53014373779297,326100,0.0,0.0
2022-08-23 00:00:00-04:00,75.68951886357465,76.40215755481168,74.6018068004271,74.77996826171875,172800,0.0,0.0
2022-08-24 00:00:00-04:00,74.28303704611183,75.23946783702692,74.14238356552434,74.95816802978516,165900,0.0,0.0
2022-08-25 00:00:00-04:00,74.77998461865472,76.4959408415811,74.74247655786642,76.46781158447266,145800,0.0,0.0
2022-08-26 00:00:00-04:00,76.68347167820349,76.68347167820349,75.5019928377738,75.7645492553711,168100,0.0,0.0
2022-08-29 00:00:00-04:00,75.23944886676144,75.62390113983898,74.31114757523157,75.267578125,136500,0.0,0.0
2022-08-30 00:00:00-04:00,75.13631333375385,75.61453224829476,73.1015489765319,74.48931884765625,150700,0.0,0.0
2022-08-31 00:00:00-04:00,74.74245564811878,74.98625439807269,73.86103435100556,74.47052764892578,187300,0.0,0.0
2022-09-01 00:00:00-04:00,74.37677743654595,75.3707159489279,74.16110788846066,74.73309326171875,283900,0.0,0.0
2022-09-02 00:00:00-04:00,75.12691977089385,76.16774508218707,73.72039985335493,74.21736907958984,176200,0.0,0.0
2022-09-06 00:00:00-04:00,74.35803187093265,75.23944626563903,74.00170886841222,74.53618621826172,151700,0.0,0.0
2022-09-07 00:00:00-04:00,74.53618930845802,76.43030712079057,74.53618930845802,76.36466979980469,187700,0.0,0.0
2022-09-08 00:00:00-04:00,75.86769916678443,77.28359094534055,75.7364173731715,77.17107391357422,268500,0.0,0.0
2022-09-09 00:00:00-04:00,77.2179585037219,77.92121861241506,76.0364795180165,77.18045043945312,194000,0.0,0.0
2022-09-12 00:00:00-04:00,77.62116194656191,78.01498589400943,76.82413524703283,77.03042602539062,223200,0.0,0.0
2022-09-13 00:00:00-04:00,76.28964952049421,77.17107105767852,75.67077725295688,76.08335876464844,237600,0.0,0.0
2022-09-14 00:00:00-04:00,76.20524564764055,76.31776981596111,74.68620872192925,76.17711639404297,229100,0.0,0.0
2022-09-15 00:00:00-04:00,75.87706995630592,77.31171932650727,75.41760872263093,76.75849151611328,278400,0.0,0.0
2022-09-16 00:00:00-04:00,76.7772407674951,76.81474882838154,75.49262366330721,76.31777954101562,455300,0.0,0.0
2022-09-19 00:00:00-04:00,75.81142598257628,77.66803551593911,75.59576359044627,77.37734985351562,199300,0.0,0.0
2022-09-20 00:00:00-04:00,77.34922790527344,77.6492852451397,75.64265044342194,77.34922790527344,370400,0.0,0.0
2022-09-21 00:00:00-04:00,77.74305536632663,78.94328467005762,77.1148043040257,77.4523696899414,377900,0.0,0.0
2022-09-22 00:00:00-04:00,77.57427409265986,77.77118604572489,75.29571127300594,76.11148834228516,297200,0.0,0.0
2022-09-23 00:00:00-04:00,75.89582094014493,76.54281527079101,75.08941557366488,75.9239501953125,307300,0.0,0.0
2022-09-26 00:00:00-04:00,75.35197928328357,75.73642443421326,73.9735882841855,74.59246063232422,257500,0.0,0.0
2022-09-27 00:00:00-04:00,74.77999151438986,75.89583317546149,74.58307954254165,75.69892120361328,387100,0.0,0.0
2022-09-28 00:00:00-04:00,75.98021027149964,77.48987566400375,75.30507951784182,77.31171417236328,415100,0.0,0.0
2022-09-29 00:00:00-04:00,77.0116617486574,77.81806718300408,74.71434843351032,77.11480712890625,409200,0.0,0.0
2022-09-30 00:00:00-04:00,76.8428834732916,77.6492889540623,76.07398605603716,76.32716369628906,484900,0.0,0.0
2022-10-03 00:00:00-04:00,76.61783121951053,78.6057153761925,75.82080465780756,78.24002075195312,338300,0.0,0.0
2022-10-04 00:00:00-04:00,78.51196917588969,80.8655414134577,78.41819542930152,80.26542663574219,512700,0.0,0.0
2022-10-05 00:00:00-04:00,79.64655197548508,80.64049061708876,79.25272088664616,79.38400268554688,313500,0.0,0.0
2022-10-06 00:00:00-04:00,78.91515061296914,80.09662223787163,78.80262643986535,79.99347686767578,227300,0.0,0.0
2022-10-07 00:00:00-04:00,79.78719345245136,79.89033883211685,78.48381873187584,79.04643249511719,267600,0.0,0.0
2022-10-10 00:00:00-04:00,79.2714694908839,81.20308803652988,79.2714694908839,80.93115997314453,225800,0.0,0.0
2022-10-11 00:00:00-04:00,80.98742522973637,82.20640495324706,79.6465425261231,81.43750762939453,295400,0.0,0.0
2022-10-12 00:00:00-04:00,81.568781046539,82.26266939609,80.53733447922646,80.79051208496094,311700,0.0,0.0
2022-10-13 00:00:00-04:00,80.19978079302057,83.80047623106545,79.76844878944024,83.26599884033203,338200,0.0,0.0
2022-10-14 00:00:00-04:00,83.82860628775823,84.15679290730678,82.95656346785394,83.8848648071289,345900,0.0,0.0
2022-10-17 00:00:00-04:00,84.18491563213928,84.78503030528181,82.69400775309396,83.22848510742188,406700,0.0,0.0
2022-10-18 00:00:00-04:00,84.2130503687647,85.32889201514395,83.65044372033032,84.71939849853516,286700,0.0,0.0
2022-10-19 00:00:00-04:00,84.04426327933001,86.31345451759509,84.04426327933001,86.21968078613281,191300,0.0,0.0
2022-10-20 00:00:00-04:00,85.75083803895946,86.03214491660799,82.93779787819844,83.6785659790039,305300,0.0,0.0
2022-10-21 00:00:00-04:00,84.20367019542407,86.7447822375619,83.5754191335626,86.26656341552734,243000,0.0,0.0
2022-10-24 00:00:00-04:00,86.36971750176602,87.851253826771,86.36971750176602,87.62620544433594,185500,0.0,0.0
2022-10-25 00:00:00-04:00,87.26988284311524,87.82311779821121,86.40721890540168,87.32614135742188,228100,0.0,0.0
2022-10-26 00:00:00-04:00,87.95439191078185,88.08566654600351,87.09172082427108,87.44804382324219,229800,0.0,0.0
2022-10-27 00:00:00-04:00,88.1325371393265,89.78285586644733,87.7293344717325,88.61075592041016,227800,0.0,0.0
2022-10-28 00:00:00-04:00,89.10774843310516,91.68636898807483,88.47012560971899,91.01123809814453,318800,0.0,0.0
2022-10-31 00:00:00-04:00,90.38299245357264,92.02393277720893,90.11106434146963,91.9676742553711,285300,0.0,0.0
2022-11-01 00:00:00-04:00,92.55839362117554,92.64278854275099,89.1733681874334,89.56719207763672,402700,0.0,0.0
2022-11-02 00:00:00-04:00,89.4546776805658,91.20813478535275,89.05147497525336,89.3796615600586,469500,0.0,0.0
2022-11-03 00:00:00-04:00,85.00070125841907,89.1452455231428,81.21247285109307,87.67308807373047,552300,0.0,0.0
2022-11-04 00:00:00-04:00,87.86060906386697,89.70783972283003,86.16341063183285,87.36363983154297,312800,0.0,0.0
2022-11-07 00:00:00-05:00,86.8666659501782,87.2979978486188,86.05088185625556,86.66975402832031,313200,0.0,0.0
2022-11-08 00:00:00-05:00,86.31346055285904,88.02940978806049,86.31346055285904,87.1761245727539,193000,0.0,0.0
2022-11-09 00:00:00-05:00,87.02608878584996,88.32946356742403,85.6101969695067,85.85398864746094,239000,0.0,0.0
2022-11-10 00:00:00-05:00,87.89812032951512,88.779541810075,86.60412451769939,87.766845703125,294900,0.0,0.0
2022-11-11 00:00:00-05:00,86.97921143310919,87.99190054317164,85.5539336199474,85.6383285522461,325000,0.0,0.0
2022-11-14 00:00:00-05:00,86.23101673629589,88.7805036124906,85.15853189655083,87.59513092041016,350800,0.3,0.0
2022-11-15 00:00:00-05:00,87.89619406505722,88.35716963162761,84.92335563817272,86.23103332519531,288000,0.0,0.0
2022-11-16 00:00:00-05:00,86.56968466210384,86.75784303907214,85.51602646111407,86.1933822631836,214100,0.0,0.0
2022-11-17 00:00:00-05:00,85.94879180076973,86.87074285362858,84.7728286983922,86.69200134277344,183400,0.0,0.0
2022-11-18 00:00:00-05:00,87.97144570504281,88.67702353384728,87.11534116088916,87.50106048583984,320300,0.0,0.0
2022-11-21 00:00:00-05:00,87.66098044192908,88.95924092535462,86.86132708958348,86.99303436279297,192700,0.0,0.0
2022-11-22 00:00:00-05:00,87.8491336564362,88.98746493104022,87.79268973162371,88.42300415039062,217900,0.0,0.0
2022-11-23 00:00:00-05:00,88.43241897674065,89.0721431458004,87.81150705787002,88.89339447021484,145600,0.0,0.0
2022-11-25 00:00:00-05:00,89.09094303396449,90.00349135794987,88.73345290990645,89.73066711425781,91900,0.0,0.0
2022-11-28 00:00:00-05:00,89.1003515324885,90.21987045212494,89.1003515324885,89.96585845947266,217300,0.0,0.0
2022-11-29 00:00:00-05:00,89.61779128165065,90.20106434234503,86.4097607377971,89.1003646850586,167400,0.0,0.0
2022-11-30 00:00:00-05:00,88.84636237325869,90.48330092405,87.90559193619329,90.4268569946289,309300,0.0,0.0
2022-12-01 00:00:00-05:00,90.4268592555188,91.59341261694408,88.72405984115035,88.82754516601562,321500,0.0,0.0
2022-12-02 00:00:00-05:00,88.3759554615646,89.95644969497957,87.95260456229751,89.44843292236328,336700,0.0,0.0
2022-12-05 00:00:00-05:00,88.80872812490472,88.80872812490472,86.08049250085142,87.12474822998047,310100,0.0,0.0
2022-12-06 00:00:00-05:00,86.97421843865415,87.24704270914717,85.8829285341905,86.56968688964844,323800,0.0,0.0
2022-12-07 00:00:00-05:00,86.28747185240188,86.9930497310325,85.03624535836134,85.19617462158203,247000,0.0,0.0
2022-12-08 00:00:00-05:00,85.036229318572,86.17456055341282,84.55643444190092,85.61009979248047,351600,0.0,0.0
2022-12-09 00:00:00-05:00,85.40312626494193,86.0146283924315,83.72855628759135,84.77281188964844,310500,0.0,0.0
2022-12-12 00:00:00-05:00,84.53763020643731,85.20557634089509,83.70034510989807,84.83867645263672,245000,0.0,0.0
2022-12-13 00:00:00-05:00,85.92995972837747,86.04285475349815,83.5498119077711,83.75678253173828,261200,0.0,0.0
2022-12-14 00:00:00-05:00,84.13308835792228,84.34946868539045,82.90068155964731,83.51217651367188,297700,0.0,0.0
2022-12-15 00:00:00-05:00,83.04179617623882,83.07002531602919,80.6522457879119,80.98151397705078,382000,0.0,0.0
2022-12-16 00:00:00-05:00,80.4170501220102,81.5459716351517,79.46687008898618,81.37663269042969,1490800,0.0,0.0
2022-12-19 00:00:00-05:00,81.48011496826417,82.85363872323543,80.88743227254264,82.72193145751953,254700,0.0,0.0
2022-12-20 00:00:00-05:00,83.16409958178994,84.65051844320564,82.25155120259792,84.42472839355469,295500,0.0,0.0
2022-12-21 00:00:00-05:00,84.86689565818261,86.77665839332579,84.86689565818261,86.36272430419922,306500,0.0,0.0
2022-12-22 00:00:00-05:00,86.1087106801105,86.1087106801105,84.75399905267246,84.90452575683594,241400,0.0,0.0
2022-12-23 00:00:00-05:00,85.05503724505928,85.83587105631787,84.66931801777493,85.4689712524414,141600,0.0,0.0
2022-12-27 00:00:00-05:00,85.6383204947574,86.19337871206055,84.97037443343237,85.4595718383789,116500,0.0,0.0
2022-12-28 00:00:00-05:00,85.8452807446933,86.65434369084385,83.81321366761554,83.85084533691406,151300,0.0,0.0
2022-12-29 00:00:00-05:00,84.22717502964507,85.64774038156632,83.86968485193023,84.98919677734375,177700,0.0,0.0
2022-12-30 00:00:00-05:00,84.48118286564788,85.31846792836518,82.75957135028196,83.36166381835938,145600,0.0,0.0
2023-01-03 00:00:00-05:00,83.70033511798543,84.46235676762963,82.81600873518305,84.35887145996094,175900,0.0,0.0
2023-01-04 00:00:00-05:00,84.49999194816252,85.243201380671,84.21775797416909,84.32124328613281,154600,0.0,0.0
2023-01-05 00:00:00-05:00,83.87908502448755,84.46235802822609,83.22054149517551,83.94493865966797,162900,0.0,0.0
2023-01-06 00:00:00-05:00,84.83867692809072,86.83311280628193,82.62786787228255,86.42858123779297,204300,0.0,0.0
2023-01-09 00:00:00-05:00,86.24042529816242,86.91778116953702,84.35888440101472,84.72578430175781,213100,0.0,0.0
2023-01-10 00:00:00-05:00,84.80104376957148,87.15296978309966,83.79441972288176,86.94599914550781,251000,0.0,0.0
2023-01-11 00:00:00-05:00,86.92719430310211,87.78329171267522,86.13694336291006,87.04949188232422,240600,0.0,0.0
2023-01-12 00:00:00-05:00,87.0494684674491,88.43240185766697,86.08047627634605,87.92438507080078,218900,0.0,0.0
2023-01-13 00:00:00-05:00,87.82089855243449,90.16341438922375,87.0588769714625,89.77770233154297,213900,0.0,0.0
2023-01-17 00:00:00-05:00,89.92821830672484,90.1916399869504,86.6919737593865,86.96479797363281,262400,0.0,0.0
2023-01-18 00:00:00-05:00,86.68258426192753,87.65157662753975,85.70418218259337,86.0240478515625,231200,0.0,0.0
2023-01-19 00:00:00-05:00,85.3090675305011,85.99583313994701,83.83205816197575,84.43415069580078,226500,0.0,0.0
2023-01-20 00:00:00-05:00,85.45956397085203,85.58186869396005,82.46792153956086,84.8198471069336,370000,0.0,0.0
2023-01-23 00:00:00-05:00,84.92333651491522,86.79547468315656,84.67874139120693,86.37212371826172,275500,0.0,0.0
2023-01-24 00:00:00-05:00,87.02125179546043,90.31394780934271,85.70417195440596,87.16236877441406,259700,0.0,0.0
2023-01-25 00:00:00-05:00,86.97422165951873,88.14078213741524,86.20279020930131,87.97144317626953,119700,0.0,0.0
2023-01-26 00:00:00-05:00,88.17840595135344,89.2320641245086,87.85854030771135,89.20384216308594,109600,0.0,0.0
2023-01-27 00:00:00-05:00,88.82753574583191,89.49548184071169,87.124743689554,87.29408264160156,137300,0.0,0.0
2023-01-30 00:00:00-05:00,87.19058442730052,88.46062279099277,86.72019931648805,88.05609130859375,171600,0.0,0.0
2023-01-31 00:00:00-05:00,88.50767719546383,89.40140616650154,87.89617502593411,89.37318420410156,232400,0.0,0.0
2023-02-01 00:00:00-05:00,88.80872368418034,89.22265776310839,87.3034925391959,88.14077758789062,201800,0.0,0.0
2023-02-02 00:00:00-05:00,88.14077183705737,89.35436638719307,86.08048258014006,89.1097640991211,424800,0.0,0.0
2023-02-03 00:00:00-05:00,89.01569949808152,96.69238237346771,87.87736815407547,94.92373657226562,654800,0.0,0.0
2023-02-06 00:00:00-05:00,94.68855086280075,95.79866032351475,93.35265849512214,95.4129409790039,440400,0.0,0.0
2023-02-07 00:00:00-05:00,94.88610107079748,97.40736597549528,92.96692863490736,96.75823211669922,322600,0.0,0.0
2023-02-08 00:00:00-05:00,95.41292018440565,96.83348531853672,95.09306173404254,95.53522491455078,266600,0.0,0.0
2023-02-09 00:00:00-05:00,96.16554257106932,96.48540103237804,93.93591434471175,94.08644104003906,224600,0.0,0.0
2023-02-10 00:00:00-05:00,94.17112838121173,94.22757949357657,93.65370889751573,94.03942108154297,212500,0.0,0.0
2023-02-13 00:00:00-05:00,94.30282465143941,95.43175345907561,93.77599551438107,94.92373657226562,284900,0.0,0.0
2023-02-14 00:00:00-05:00,95.16906483999647,95.86730898289125,94.57461462091328,94.5934829711914,201100,0.3,0.0
2023-02-15 00:00:00-05:00,94.31984385843307,95.83900159724033,94.31984385843307,95.70690155029297,293300,0.0,0.0
2023-02-16 00:00:00-05:00,95.10300169381621,96.4145714240212,94.26321984350976,96.04657745361328,302600,0.0,0.0
2023-02-17 00:00:00-05:00,96.41456919098806,97.76388278420323,95.07469337084756,96.5372314453125,279400,0.0,0.0
2023-02-21 00:00:00-05:00,96.06546092793823,96.41458660564537,94.58404703974705,94.75389099121094,247200,0.0,0.0
2023-02-22 00:00:00-05:00,94.48025503898283,95.15963085868094,94.00846707518282,94.70671844482422,207900,0.0,0.0
2023-02-23 00:00:00-05:00,94.51799039720538,95.73520409766444,93.17811442885349,94.30097198486328,141500,0.0,0.0
2023-02-24 00:00:00-05:00,93.83862249170858,94.35759212797764,93.16868445146949,93.64047241210938,296200,0.0,0.0
2023-02-27 00:00:00-05:00,94.20660992354719,95.93335546622625,93.74425977021502,94.26322937011719,339200,0.0,0.0
2023-02-28 00:00:00-05:00,94.24435269035527,97.29210583345484,94.24435269035527,95.80125427246094,385200,0.0,0.0
2023-03-01 00:00:00-05:00,95.34834619248839,96.89581007014485,94.62178872862869,96.76371002197266,457300,0.0,0.0
2023-03-02 00:00:00-05:00,96.35797335084942,96.71652960068727,93.60272625592928,94.57461547851562,327800,0.0,0.0
2023-03-03 00:00:00-05:00,94.35759079338071,94.90486654772141,93.4895026858207,94.32928466796875,233500,0.0,0.0
2023-03-06 00:00:00-05:00,94.18774036552216,95.0086539405861,93.67820854640445,94.72557830810547,238900,0.0,0.0
2023-03-07 00:00:00-05:00,94.52742779318939,95.09357185653269,92.29115046423415,92.79124450683594,174900,0.0,0.0
2023-03-08 00:00:00-05:00,93.19698448897155,93.52724179897503,91.78162069951382,92.31002807617188,201100,0.0,0.0
2023-03-09 00:00:00-05:00,92.48929655417956,92.48929655417956,89.96995090121104,90.31907653808594,181500,0.0,0.0
2023-03-10 00:00:00-05:00,89.47930724250321,90.4417515243652,88.79049364552057,89.31890106201172,284200,0.0,0.0
2023-03-13 00:00:00-04:00,87.63931203032233,88.77160723625752,86.84671186518811,87.01655578613281,241400,0.0,0.0
2023-03-14 00:00:00-04:00,89.61139593352557,90.42287170699842,87.70536876368018,89.63026428222656,520000,0.0,0.0
2023-03-15 00:00:00-04:00,86.81841080095526,88.27151838723857,85.29925319706417,87.09204864501953,370700,0.0,0.0
2023-03-16 00:00:00-04:00,86.33718421718511,89.76236172075039,86.17677806167893,88.19602966308594,346000,0.0,0.0
2023-03-17 00:00:00-04:00,87.68651002798286,88.1960418857146,83.60082459020056,84.61988830566406,899000,0.0,0.0
2023-03-20 00:00:00-04:00,85.45021922318962,88.34699654220536,85.45021922318962,87.36567687988281,303000,0.0,0.0
2023-03-21 00:00:00-04:00,88.98863655076508,90.15867579377928,88.83766815745153,89.30001831054688,302100,0.0,0.0
2023-03-22 00:00:00-04:00,89.19621365654693,89.30000756398341,86.91276209076766,87.00711822509766,227900,0.0,0.0
2023-03-23 00:00:00-04:00,86.66744725232947,87.11092908880762,85.48797734633992,86.52590942382812,282000,0.0,0.0
2023-03-24 00:00:00-04:00,85.56347185026121,87.51667387961797,85.16717165854558,87.41287994384766,199700,0.0,0.0
2023-03-27 00:00:00-04:00,88.56403202584497,89.42268232693884,86.9410803722729,87.96014404296875,193800,0.0,0.0
2023-03-28 00:00:00-04:00,87.49778811389419,88.44136392481161,86.74292458559539,87.46947479248047,261400,0.0,0.0
2023-03-29 00:00:00-04:00,88.31870253321298,88.76218435669831,87.49779610999894,88.75274658203125,397900,0.0,0.0
2023-03-30 00:00:00-04:00,89.28114917712328,89.81898712160964,88.61121119005517,89.1113052368164,151300,0.0,0.0
2023-03-31 00:00:00-04:00,89.70574860516909,90.4322987841053,89.40380464524716,89.95108032226562,314300,0.0,0.0
2023-04-03 00:00:00-04:00,90.11149361863453,91.47024514543659,89.45099340361266,90.17754364013672,242800,0.0,0.0
2023-04-04 00:00:00-04:00,89.96052926110073,90.87579910114883,88.19604680966808,89.64915466308594,202700,0.0,0.0
2023-04-05 00:00:00-04:00,88.87541403286666,90.33795232080523,88.87541403286666,89.67745208740234,194100,0.0,0.0
2023-04-06 00:00:00-04:00,90.21528697169816,91.00788722474924,88.01675352863465,90.63046264648438,153900,0.0,0.0
2023-04-10 00:00:00-04:00,90.1869869073815,91.45137516712325,90.1869869073815,91.3098373413086,156700,0.0,0.0
2023-04-11 00:00:00-04:00,91.58346662236308,91.86654224742357,90.69651024840377,90.90409088134766,164200,0.0,0.0
2023-04-12 00:00:00-04:00,90.85692810967093,91.59291619090875,90.52667797051461,90.8003158569336,154100,0.0,0.0
2023-04-13 00:00:00-04:00,90.611574703734,91.24376870465531,89.13959889289357,91.19659423828125,200600,0.0,0.0
2023-04-14 00:00:00-04:00,91.64952294923614,91.64952294923614,88.66782690157562,89.44155883789062,234200,0.0,0.0
2023-04-17 00:00:00-04:00,89.61139319751136,91.28151916467333,88.44136124314616,91.22490692138672,179400,0.0,0.0
2023-04-18 00:00:00-04:00,91.592905393117,91.61177374216736,89.97939159010035,90.45117950439453,174100,0.0,0.0
2023-04-19 00:00:00-04:00,90.59272911806339,92.16849922930928,90.59272911806339,91.62122344970703,195600,0.0,0.0
2023-04-20 00:00:00-04:00,91.42306461102048,92.19679652920792,90.55497654650044,91.87598419189453,228200,0.0,0.0
2023-04-21 00:00:00-04:00,91.56460686755754,91.88541922041875,89.24341100050096,91.3098373413086,275500,0.0,0.0
2023-04-24 00:00:00-04:00,91.40419749499227,92.36664171883494,90.63989614188365,90.76256561279297,98800,0.0,0.0
2023-04-25 00:00:00-04:00,89.89447163465641,91.3004048902494,89.5076092642158,90.0737533569336,239100,0.0,0.0
2023-04-26 00:00:00-04:00,89.29999722932986,89.93219117498003,87.95068378772278,88.16770935058594,278900,0.0,0.0
2023-04-27 00:00:00-04:00,88.063936306176,91.11168228751781,87.89409236425917,91.02676391601562,305900,0.0,0.0
2023-04-28 00:00:00-04:00,90.76255329181393,91.56459123595859,90.73424717126589,90.8946533203125,154300,0.0,0.0
2023-05-01 00:00:00-04:00,90.67762677801183,93.3762539585334,90.16809501676877,92.43267822265625,188600,0.0,0.0
2023-05-02 00:00:00-04:00,91.67783255985235,92.85730236615606,90.28133714166731,92.13074493408203,259600,0.0,0.0
2023-05-03 00:00:00-04:00,92.61197078186325,95.14075433866108,92.61197078186325,94.28209686279297,346300,0.0,0.0
2023-05-04 00:00:00-04:00,91.64951399728726,97.6789627264607,86.79953500698048,96.8203125,480600,0.0,0.0
2023-05-05 00:00:00-04:00,97.03733640732582,98.29229400843633,96.04658608980098,97.52799987792969,270900,0.0,0.0
2023-05-08 00:00:00-04:00,97.68840085034964,98.39608269620719,97.32040686641668,97.88655090332031,171700,0.0,0.0
2023-05-09 00:00:00-04:00,97.66010444993695,98.48101806445804,96.68822243670564,96.7542724609375,275900,0.0,0.0
2023-05-10 00:00:00-04:00,97.02790863101198,97.02790863101198,95.10301298854988,96.15982055664062,227900,0.0,0.0
2023-05-11 00:00:00-04:00,95.92391488467001,96.63159670221766,94.9803391279398,96.49005889892578,156600,0.0,0.0
2023-05-12 00:00:00-04:00,96.79289274263658,97.83387862055407,95.96957102705603,97.18090057373047,134400,0.3,0.0
2023-05-15 00:00:00-04:00,97.43643101183939,98.02317203147487,96.14939131851287,97.49320983886719,160300,0.0,0.0
2023-05-16 00:00:00-04:00,97.66353147347102,98.10831810494477,95.20301751690906,97.43640899658203,249900,0.0,0.0
2023-05-17 00:00:00-04:00,97.53104776037054,97.59729212036319,96.4427485919334,96.47113800048828,214600,0.0,0.0
2023-05-18 00:00:00-04:00,94.63521314033304,96.17776451528671,94.30399133836063,96.02635192871094,361700,0.0,0.0
2023-05-19 00:00:00-04:00,97.41749503364198,97.41749503364198,95.4112258269357,97.05787658691406,433500,0.0,0.0
2023-05-22 00:00:00-04:00,97.46480937359604,97.80549673732145,96.18723536967283,97.56890869140625,323900,0.0,0.0
2023-05-23 00:00:00-04:00,97.23767503871973,97.99475958155972,95.98849059709903,96.12097930908203,352400,0.0,0.0
2023-05-24 00:00:00-04:00,95.77084621360181,96.02636536809445,93.86868336173116,94.58790588378906,325900,0.0,0.0
2023-05-25 00:00:00-04:00,94.02956132951759,94.16205006858944,91.99490252220751,93.24408721923828,378900,0.0,0.0
2023-05-26 00:00:00-04:00,93.06426907324952,94.66360655340438,93.06426907324952,94.34185028076172,246900,0.0,0.0
2023-05-30 00:00:00-04:00,94.16203721187378,94.81502249392382,93.10212022392345,94.4459457397461,183100,0.0,0.0
2023-05-31 00:00:00-04:00,94.61630188028636,94.76771448703484,91.46494713003543,91.54065704345703,308200,0.0,0.0
2023-06-01 00:00:00-04:00,91.51226041085287,92.06114645301746,90.92552663207222,91.54065704345703,198300,0.0,0.0
2023-06-02 00:00:00-04:00,92.06111918179198,94.51217455705476,91.00120958824492,93.669921875,276700,0.0,0.0
2023-06-05 00:00:00-04:00,92.88446151658881,92.88446151658881,90.53750509491853,91.01068115234375,307200,0.0,0.0
2023-06-06 00:00:00-04:00,91.20940840686426,93.76456328588495,91.20940840686426,93.64153289794922,241600,0.0,0.0
2023-06-07 00:00:00-04:00,93.6699460222196,96.79290401982293,92.72359380111051,96.50900268554688,313800,0.0,0.0
2023-06-08 00:00:00-04:00,96.34811450769888,96.39543500541055,94.74878421038294,95.15571594238281,216000,0.0,0.0
2023-06-09 00:00:00-04:00,94.95697888315846,95.45855162777538,94.067412700458,94.51219940185547,270800,0.0,0.0
2023-06-12 00:00:00-04:00,94.49326313257019,94.72985117607692,93.23461300829179,93.71725463867188,223000,0.0,0.0
2023-06-13 00:00:00-04:00,93.90650901355087,95.54369387584686,91.04852202535433,93.72669982910156,362900,0.0,0.0
2023-06-14 00:00:00-04:00,93.93491362964103,96.3481072081272,92.19362197111465,92.74250793457031,295700,0.0,0.0
2023-06-15 00:00:00-04:00,92.81822153045312,93.55637505959933,92.16523623001116,93.0548095703125,278200,0.0,0.0
2023-06-16 00:00:00-04:00,94.1431103593094,94.52164542433817,92.75197161303866,93.2724609375,615900,0.0,0.0
2023-06-20 00:00:00-04:00,93.19676841990731,93.22515783087105,91.90972884219244,92.2977294921875,231300,0.0,0.0
2023-06-21 00:00:00-04:00,91.98543125472573,93.50905887934817,91.4365524641908,92.92232513427734,202800,0.0,0.0
2023-06-22 00:00:00-04:00,93.2156760477669,93.2156760477669,91.93810223630851,92.17469024658203,139700,0.0,0.0
2023-06-23 00:00:00-04:00,91.22835250461405,91.73938355331501,90.13058049923553,91.06747436523438,2452400,0.0,0.0
2023-06-26 00:00:00-04:00,91.42707664145138,92.21255061454906,90.37662523648785,91.15263366699219,245500,0.0,0.0
2023-06-27 00:00:00-04:00,91.2283500850172,92.67626774122049,90.14004365202382,91.83401489257812,179400,0.0,0.0
2023-06-28 00:00:00-04:00,91.45547078367721,91.62581445870852,90.07379751735384,90.99176025390625,240400,0.0,0.0
2023-06-29 00:00:00-04:00,91.10531298937028,92.3544974657,91.10531298937028,91.74883270263672,256700,0.0,0.0
2023-06-30 00:00:00-04:00,92.11791920799365,92.46807211942449,90.71732200245883,90.802490234375,447400,0.0,0.0
2023-07-03 00:00:00-04:00,90.37661270316077,91.75828570634773,89.97914661048216,90.74568939208984,169100,0.0,0.0
2023-07-05 00:00:00-04:00,90.23467911601624,90.99176374970706,89.30725802084386,89.72364807128906,328400,0.0,0.0
2023-07-06 00:00:00-04:00,88.9192431229517,89.91291572351395,87.8025473476915,88.1148452758789,249000,0.0,0.0
2023-07-07 00:00:00-04:00,88.08647269011017,89.84668852320289,88.08647269011017,89.16531372070312,269100,0.0,0.0
2023-07-10 00:00:00-04:00,88.77730189231531,90.80249512127287,88.74891248014869,89.44921112060547,184400,0.0,0.0
2023-07-11 00:00:00-04:00,89.41135102471083,89.81828272306774,89.1558319103436,89.63847351074219,193800,0.0,0.0
2023-07-12 00:00:00-04:00,89.93184019384395,90.21574871594136,88.67319015002234,88.86246490478516,358400,0.0,0.0
2023-07-13 00:00:00-04:00,88.25679562168777,88.54069690919023,87.28205414975211,88.42713928222656,273900,0.0,0.0
2023-07-14 00:00:00-04:00,88.47446920719229,89.59116514312417,87.74578115667067,89.089599609375,205900,0.0,0.0
2023-07-17 00:00:00-04:00,89.07066356242053,91.00122274125104,89.07066356242053,90.02647399902344,191200,0.0,0.0
2023-07-18 00:00:00-04:00,89.9791643033004,91.75830374900241,89.70472131293626,91.7393798828125,237000,0.0,0.0
2023-07-19 00:00:00-04:00,91.68260454292613,93.3481865456654,91.41762706478245,93.24408721923828,343800,0.0,0.0
2023-07-20 00:00:00-04:00,94.02953081625458,96.67931917800544,94.02953081625458,96.64146423339844,339600,0.0,0.0
2023-07-21 00:00:00-04:00,97.21876692478003,97.67301194800245,95.90333069395831,97.2850112915039,359900,0.0,0.0
2023-07-24 00:00:00-04:00,97.42696621649199,97.8055085798098,96.39544567704837,96.86862182617188,189200,0.0,0.0
2023-07-25 00:00:00-04:00,95.742431640625,96.29131754223843,94.45539232240387,95.742431640625,481400,0.0,0.0
2023-07-26 00:00:00-04:00,95.7424437658347,97.97583538205869,95.67619940518794,97.37017059326172,222700,0.0,0.0
2023-07-27 00:00:00-04:00,97.41749557703719,99.0452224794697,95.86547858171646,97.80549621582031,264300,0.0,0.0
2023-07-28 00:00:00-04:00,98.04207628228433,99.18716145881544,97.51212141581533,98.81808471679688,350900,0.0,0.0
2023-07-31 00:00:00-04:00,99.07360377420306,99.30072625684,96.9348460040992,97.6540756225586,300700,0.0,0.0
2023-08-01 00:00:00-04:00,97.70139644243146,98.77077902013386,97.16197599194315,97.8622817993164,191700,0.0,0.0
2023-08-02 00:00:00-04:00,97.10518972332133,99.03574887700725,97.10518972332133,98.81808471679688,170300,0.0,0.0
2023-08-03 00:00:00-04:00,95.85601316688185,97.88120625422651,94.04847703765785,96.43328857421875,339800,0.0,0.0
2023-08-04 00:00:00-04:00,96.62255181365875,98.14617933293971,96.62255181365875,97.7581787109375,263100,0.0,0.0
2023-08-07 00:00:00-04:00,98.04208339896412,99.8780089197744,98.04208339896412,98.8748779296875,237100,0.0,0.0
2023-08-08 00:00:00-04:00,98.1177875104724,99.27233824526334,96.04527406949214,96.13990783691406,363600,0.0,0.0
2023-08-09 00:00:00-04:00,96.13990465124017,97.18089771866812,96.10205692160044,96.81182098388672,268300,0.0,0.0
2023-08-10 00:00:00-04:00,96.82129069664016,97.80549784520721,94.64468498162154,94.94751739501953,281200,0.0,0.0
2023-08-11 00:00:00-04:00,94.95698204215145,95.5058680842678,93.89707213472094,95.0326919555664,133800,0.0,0.0
2023-08-14 00:00:00-04:00,95.31744240567772,95.59270775189758,93.17228307317039,95.48829650878906,140100,0.3,0.0
2023-08-15 00:00:00-04:00,94.73843997807853,95.07066152943575,94.15943479198526,95.00421142578125,144300,0.0,0.0
2023-08-16 00:00:00-04:00,95.21301320110503,96.90256610107541,95.21301320110503,95.54523468017578,123800,0.0,0.0
2023-08-17 00:00:00-04:00,95.53575897216797,96.54189578025199,95.34591705629359,95.53575897216797,210800,0.0,0.0
2023-08-18 00:00:00-04:00,95.53575008785914,96.72223479525499,95.4693072339141,96.37103271484375,239700,0.0,0.0
2023-08-21 00:00:00-04:00,96.16221461132092,96.97851670638971,95.6781340427809,96.19068908691406,223400,0.0,0.0
2023-08-22 00:00:00-04:00,96.07679100590893,96.71274509873435,94.52012358139952,95.09912872314453,153000,0.0,0.0
2023-08-23 00:00:00-04:00,95.0421736550465,95.33642680314335,93.6943286908528,94.21638488769531,179900,0.0,0.0
2023-08-24 00:00:00-04:00,93.63737501481339,95.64016179004871,93.63737501481339,94.39672088623047,134600,0.0,0.0
2023-08-25 00:00:00-04:00,94.49164091450396,95.13708885713251,94.00755314710064,94.52960205078125,90600,0.0,0.0
2023-08-28 00:00:00-04:00,94.53910404524578,95.45032347015253,94.29231318796012,94.86183166503906,118600,0.0,0.0
2023-08-29 00:00:00-04:00,94.86182869445291,95.18454906241199,93.31464798415489,94.96623992919922,142900,0.0,0.0
2023-08-30 00:00:00-04:00,95.01369626023477,95.84898614952169,94.30180541826238,94.65300750732422,146900,0.0,0.0
2023-08-31 00:00:00-04:00,94.55809290518687,95.12760414685224,93.29567137098095,94.1689224243164,151600,0.0,0.0
2023-09-01 00:00:00-04:00,94.85232059779038,95.81100213624349,94.43467572129062,94.60552978515625,276000,0.0,0.0
2023-09-05 00:00:00-04:00,94.02652640699232,94.02652640699232,92.02373988369727,92.2705307006836,206200,0.0,0.0
2023-09-06 00:00:00-04:00,92.754638671875,92.96346115937786,91.6535772802158,92.754638671875,157200,0.0,0.0
2023-09-07 00:00:00-04:00,92.89701687620114,93.43805365747745,92.76413115741246,93.35262298583984,120400,0.0,0.0
2023-09-08 00:00:00-04:00,93.57093170501173,94.90928268929763,92.57428165407681,92.83056640625,116700,0.0,0.0
2023-09-11 00:00:00-04:00,93.2102334207585,94.86182530682247,93.19125285226791,94.54859161376953,163500,0.0,0.0
2023-09-12 00:00:00-04:00,94.7479223647996,96.00084992429798,93.9411142133025,95.61168670654297,135100,0.0,0.0
2023-09-13 00:00:00-04:00,95.61168044305548,95.63066101074219,94.8808018568864,95.63066101074219,195200,0.0,0.0
2023-09-14 00:00:00-04:00,96.02932893256636,96.85512493371135,95.81101979178678,96.09577178955078,197800,0.0,0.0
2023-09-15 00:00:00-04:00,96.13374134168862,96.14323524758153,94.17841674799557,94.59606170654297,621900,0.0,0.0
2023-09-18 00:00:00-04:00,94.77639566519902,96.65579060203316,94.47265587398346,96.25713348388672,182100,0.0,0.0
2023-09-19 00:00:00-04:00,96.37103934470139,97.8802517620339,96.22865972167328,97.39616394042969,182200,0.0,0.0
2023-09-20 00:00:00-04:00,97.42462619689532,98.658573119396,97.42462619689532,97.7188720703125,142900,0.0,0.0
2023-09-21 00:00:00-04:00,97.57651437629906,100.1582992584662,97.57651437629906,99.50336456298828,190800,0.0,0.0
2023-09-22 00:00:00-04:00,99.29454199700665,100.22474203865912,99.07622560420246,99.69319915771484,188300,0.0,0.0
2023-09-25 00:00:00-04:00,99.66471417614436,100.27219375940358,99.33249991056944,100.12981414794922,128000,0.0,0.0
2023-09-26 00:00:00-04:00,100.11083066856601,100.46202549265105,99.82607145393652,100.04438781738281,174300,0.0,0.0
2023-09-27 00:00:00-04:00,100.00642667036897,100.215249143966,99.07621944481714,99.5223388671875,189800,0.0,0.0
2023-09-28 00:00:00-04:00,99.62674205450939,100.3386328433112,98.7155227138504,98.90535736083984,214300,0.0,0.0
2023-09-29 00:00:00-04:00,98.95282842225716,98.95282842225716,97.13987624323948,97.92770385742188,178000,0.0,0.0
2023-10-02 00:00:00-04:00,97.85176558797563,97.92770234902967,96.39002276719005,97.76634216308594,164700,0.0,0.0
2023-10-03 00:00:00-04:00,97.67142869238894,99.7786268236775,96.76969591312603,99.37047576904297,318600,0.0,0.0
2023-10-04 00:00:00-04:00,97.87074201475308,100.30066015200865,97.87074201475308,99.51283264160156,304300,0.0,0.0
2023-10-05 00:00:00-04:00,99.83555924986497,101.12645505819978,99.23757362580744,100.3006591796875,197500,0.0,0.0
2023-10-06 00:00:00-04:00,100.16776842251008,100.34811638773934,99.019252270829,99.10468292236328,223800,0.0,0.0
2023-10-09 00:00:00-04:00,98.8863909545269,100.68035541988607,98.73451742180319,99.17115020751953,227300,0.0,0.0
2023-10-10 00:00:00-04:00,99.16165214195084,99.3799612839234,95.23201516916166,96.76020812988281,1363400,0.0,0.0
2023-10-11 00:00:00-04:00,97.88025148442514,98.19347796412448,96.66528498086245,97.11140441894531,271300,0.0,0.0
2023-10-12 00:00:00-04:00,97.32970483323193,97.32970483323193,94.64350198132276,95.82998657226562,384100,0.0,0.0
2023-10-13 00:00:00-04:00,96.53239335976362,97.6049801750968,94.92827095205007,97.32022094726562,220200,0.0,0.0
2023-10-16 00:00:00-04:00,97.95618670287318,100.3576381317287,97.80432040717751,99.30403900146484,222100,0.0,0.0
2023-10-17 00:00:00-04:00,99.58877526720467,102.41735789957661,99.58877526720467,101.46817016601562,336200,0.0,0.0
2023-10-18 00:00:00-04:00,101.94277462567736,102.60720321151979,100.99358679348619,101.03155517578125,264900,0.0,0.0
2023-10-19 00:00:00-04:00,100.54745810243276,101.77191116230637,100.18676936640888,100.7278060913086,278400,0.0,0.0
2023-10-20 00:00:00-04:00,100.71831412992556,100.71831412992556,98.36432529088921,98.39280700683594,197600,0.0,0.0
2023-10-23 00:00:00-04:00,98.39280617166949,99.26605716836433,95.40286329469893,97.34869384765625,140600,0.0,0.0
2023-10-24 00:00:00-04:00,98.02261702559099,99.00977316738259,97.57650486036495,98.67755889892578,170200,0.0,0.0
2023-10-25 00:00:00-04:00,98.62061324993965,101.46817663208385,98.62061324993965,99.28504180908203,292000,0.0,0.0
2023-10-26 00:00:00-04:00,99.74064169135872,101.25934050876651,99.04773150874884,99.63623046875,154500,0.0,0.0
2023-10-27 00:00:00-04:00,99.02877129302553,99.02877129302553,96.71275059443757,97.529052734375,213000,0.0,0.0
2023-10-30 00:00:00-04:00,98.16498768917458,98.97179576522586,97.7378561317731,98.6585693359375,130900,0.0,0.0
2023-10-31 00:00:00-04:00,98.44976361197207,99.72167183751795,98.31687789413083,98.8199462890625,265200,0.0,0.0
2023-11-01 00:00:00-04:00,99.56978381871583,101.31628558159522,98.91484203677261,101.14543151855469,222300,0.0,0.0
2023-11-02 00:00:00-04:00,99.93998403292132,102.6831361874012,97.38666654118394,99.99693298339844,565700,0.0,0.0
2023-11-03 00:00:00-04:00,101.31630748965613,101.31630748965613,98.0985613080446,98.34535217285156,341100,0.0,0.0
2023-11-06 00:00:00-05:00,98.77247178762676,99.26605345720323,98.18398003616015,99.14265441894531,231900,0.0,0.0
2023-11-07 00:00:00-05:00,99.2945435592812,99.68370681988735,98.32636787749554,99.23759460449219,186900,0.0,0.0
2023-11-08 00:00:00-05:00,99.61726043416613,101.09799838184914,98.19347868098569,98.25043487548828,167700,0.0,0.0
2023-11-09 00:00:00-05:00,98.19346074154348,98.57313725470566,96.16219972411199,96.28559875488281,261300,0.0,0.0
2023-11-10 00:00:00-05:00,96.80765394230816,97.45310188429215,96.09576314931381,96.88359069824219,292900,0.0,0.0
2023-11-13 00:00:00-05:00,96.39950461895185,97.77583118787234,96.39001795558974,97.09241485595703,261500,0.0,0.0
2023-11-14 00:00:00-05:00,98.13059277771625,98.38775748336536,95.73043003568142,97.98772430419922,347300,0.35,0.0
2023-11-15 00:00:00-05:00,97.54006544235035,99.02587989908238,95.39706046825242,95.73041534423828,361300,0.0,0.0
2023-11-16 00:00:00-05:00,96.21616591795413,98.26392785036374,96.10187696043762,97.03527069091797,452500,0.0,0.0
2023-11-17 00:00:00-05:00,97.03527377569804,98.40679944223257,96.46380717017271,96.9590835571289,325900,0.0,0.0
2023-11-20 00:00:00-05:00,97.20671679552318,97.20671679552318,96.17807978775414,96.21617126464844,214600,0.0,0.0
2023-11-21 00:00:00-05:00,96.50189718808143,97.53054134498329,96.21616027785598,97.30195617675781,245600,0.0,0.0
2023-11-22 00:00:00-05:00,97.73056489218553,98.39727473301573,97.24481499867079,97.86390686035156,216700,0.0,0.0
2023-11-24 00:00:00-05:00,97.85437642934765,98.70205345005411,97.80675845210993,98.225830078125,130600,0.0,0.0
2023-11-27 00:00:00-05:00,98.01630252286401,98.63538712230695,97.30196743126771,98.41632843017578,497000,0.0,0.0
2023-11-28 00:00:00-05:00,98.01628871476686,98.56870225183627,95.67326354980469,95.67326354980469,248500,0.0,0.0
2023-11-29 00:00:00-05:00,96.12091678798168,96.45427167122887,93.64455688395648,94.32079315185547,338400,0.0,0.0
2023-11-30 00:00:00-05:00,94.51129847249301,97.06385616855341,94.51129847249301,96.85431671142578,385100,0.0,0.0
2023-12-01 00:00:00-05:00,96.61620341974185,97.62579467842383,95.91138757255608,96.53047943115234,253700,0.0,0.0
2023-12-04 00:00:00-05:00,97.00670694033464,100.05454111727288,96.73049649117947,99.70213317871094,757600,0.0,0.0
2023-12-05 00:00:00-05:00,99.87357203123592,100.84506456995382,98.57824380188377,99.49259185791016,352600,0.0,0.0
2023-12-06 00:00:00-05:00,99.49258847667294,99.96881186049768,97.22576778564037,98.26393127441406,395800,0.0,0.0
2023-12-07 00:00:00-05:00,98.52109234768203,98.57823682632991,95.35896948604218,95.70185089111328,353000,0.0,0.0
2023-12-08 00:00:00-05:00,95.4827775789528,96.66380940164291,95.4827775789528,96.28282928466797,272100,0.0,0.0
2023-12-11 00:00:00-05:00,96.50191090750201,97.40673247419956,95.59708934080446,96.9495620727539,407800,0.0,0.0
2023-12-12 00:00:00-05:00,97.38768149828755,98.05439132562431,96.2256952849931,97.7400894165039,196800,0.0,0.0
2023-12-13 00:00:00-05:00,97.57817496616016,98.7115890207878,96.86383984264042,97.91153717041016,317300,0.0,0.0
2023-12-14 00:00:00-05:00,98.54014375118501,98.54014375118501,94.82559982705284,96.21617126464844,525300,0.0,0.0
2023-12-15 00:00:00-05:00,96.41619202291174,96.7400204444674,94.74941013567654,95.37802124023438,894900,0.0,0.0
2023-12-18 00:00:00-05:00,95.70184755113539,96.55904376730527,95.06370273994025,95.892333984375,405300,0.0,0.0
2023-12-19 00:00:00-05:00,95.95901069170164,97.00670067025291,95.82566872715468,96.43523406982422,304900,0.0,0.0
2023-12-20 00:00:00-05:00,96.62571947330397,97.00669962501543,94.50176729905415,94.57796478271484,284800,0.0,0.0
2023-12-21 00:00:00-05:00,94.57796852228485,95.05419191410584,93.19691632604862,94.18746185302734,459700,0.0,0.0
2023-12-22 00:00:00-05:00,94.62558161814597,95.24467344888208,93.80647684515823,94.16841125488281,207900,0.0,0.0
2023-12-26 00:00:00-05:00,94.2541394332031,94.80656035035648,93.73981726205265,94.50177764892578,121500,0.0,0.0
2023-12-27 00:00:00-05:00,94.22555285867786,94.64463173437561,93.81600048468005,94.27317810058594,165900,0.0,0.0
2023-12-28 00:00:00-05:00,94.0541100949573,95.13989873396669,94.0541100949573,94.78749084472656,143600,0.0,0.0
2023-12-29 00:00:00-05:00,95.09228670541864,95.18753720037675,94.33033361190154,94.7494125366211,209300,0.0,0.0
2024-01-02 00:00:00-05:00,94.72083317716086,95.95901694763837,94.72083317716086,95.33039855957031,229700,0.0,0.0
2024-01-03 00:00:00-05:00,95.24467666277641,97.11147145337577,95.24467666277641,95.36849212646484,289000,0.0,0.0
2024-01-04 00:00:00-05:00,96.40665322396558,97.15908696622365,95.8732854133893,96.7495346069336,214000,0.0,0.0
2024-01-05 00:00:00-05:00,96.33046824388053,97.16861880732377,95.81614610270206,96.01615905761719,218200,0.0,0.0
2024-01-08 00:00:00-05:00,95.82565322906392,96.44474497381465,94.93987759835063,95.79708099365234,202700,0.0,0.0
2024-01-09 00:00:00-05:00,95.36847806889782,95.41610330684598,93.31119713485845,94.24459075927734,217100,0.0,0.0
2024-01-10 00:00:00-05:00,93.84457055955114,94.87321472167969,93.84457055955114,94.87321472167969,185900,0.0,0.0
2024-01-11 00:00:00-05:00,94.93036849275346,96.06378248237236,94.45414510438819,95.86376953125,244700,0.0,0.0
2024-01-12 00:00:00-05:00,96.68285815790613,97.14002846492454,96.0923386392004,96.84477233886719,212200,0.0,0.0
2024-01-16 00:00:00-05:00,97.08288849817963,97.82579573150129,96.38759923797855,97.75912475585938,354400,0.0,0.0
2024-01-17 00:00:00-05:00,97.31148077595574,99.32114395997536,97.2924350386335,98.59728240966797,232100,0.0,0.0
2024-01-18 00:00:00-05:00,98.54013667122018,99.85451052740673,97.91152561533681,99.7783203125,258600,0.0,0.0
2024-01-19 00:00:00-05:00,100.64507422666907,102.32138300597657,99.24497595341633,100.35934448242188,255400,0.0,0.0
2024-01-22 00:00:00-05:00,100.7974453943967,101.67369469603848,100.74029364579063,101.2546157836914,328200,0.0,0.0
2024-01-23 00:00:00-05:00,102.09275936102257,102.74042337763346,100.87362880424708,100.9117202758789,205100,0.0,0.0
2024-01-24 00:00:00-05:00,101.30224388125104,102.65471661532348,101.30224388125104,101.95943450927734,188000,0.0,0.0
2024-01-25 00:00:00-05:00,102.74041347300911,102.74041347300911,100.15928415660127,100.87361907958984,301400,0.0,0.0
2024-01-26 00:00:00-05:00,101.68321692764118,101.68321692764118,99.98786287758017,100.31169128417969,170700,0.0,0.0
2024-01-29 00:00:00-05:00,99.8735476147053,100.73075097847585,99.49256753451944,100.67359924316406,230200,0.0,0.0
2024-01-30 00:00:00-05:00,100.57837460756689,101.7975052759532,100.19739445704816,101.23556518554688,167600,0.0,0.0
2024-01-31 00:00:00-05:00,101.4355777451014,102.16895853713172,99.78784168865516,99.87356567382812,444200,0.0,0.0
2024-02-01 00:00:00-05:00,95.53041745545052,97.1400476147409,90.48244648192708,92.19685363769531,1131700,0.0,0.0
2024-02-02 00:00:00-05:00,91.84445435255832,94.99705124891057,91.59681612527413,94.6636962890625,466000,0.0,0.0
2024-02-05 00:00:00-05:00,94.80655039199326,95.35897125112102,93.31120928476258,94.43509674072266,308200,0.0,0.0
2024-02-06 00:00:00-05:00,94.4732021242519,94.85417503786138,93.88268248160911,93.93982696533203,244300,0.0,0.0
2024-02-07 00:00:00-05:00,93.9398248444534,94.19698954858559,92.33019470099403,92.4254379272461,286800,0.0,0.0
2024-02-08 00:00:00-05:00,92.60640210032581,92.71116455914552,91.34917266197589,92.55877685546875,563300,0.0,0.0
2024-02-09 00:00:00-05:00,92.82546385402843,95.40659379885976,92.44448368235979,95.32087707519531,383900,0.0,0.0
2024-02-12 00:00:00-05:00,95.32085541199062,98.48297776498995,95.16846047132042,98.04485321044922,352100,0.0,0.0
2024-02-13 00:00:00-05:00,97.63531262380228,98.67347603216238,96.13997160508173,96.81620788574219,501300,0.0,0.0
2024-02-14 00:00:00-05:00,97.3418727729935,99.23423642295175,97.21762951042471,99.1482162475586,295900,0.35,0.0
2024-02-15 00:00:00-05:00,99.39670053450604,101.26994516957559,99.07175328277388,100.82074737548828,257600,0.0,0.0
2024-02-16 00:00:00-05:00,101.29860258013571,101.51842538526549,99.11952252652493,99.13864135742188,388400,0.0,0.0
2024-02-20 00:00:00-05:00,98.53652696344948,99.61651491933709,97.46610571517584,97.72415161132812,387200,0.0,0.0
2024-02-21 00:00:00-05:00,97.657258652067,97.9248639870679,95.55463905560413,95.95604705810547,297700,0.0,0.0
2024-02-22 00:00:00-05:00,95.43994828398966,97.20806121826172,94.80915802769127,97.20806121826172,374500,0.0,0.0
2024-02-23 00:00:00-05:00,97.34186903866205,98.6703436638763,97.00736235096403,98.23070526123047,205500,0.0,0.0
2024-02-26 00:00:00-05:00,97.59990897017252,98.97616591092715,97.49477726954363,98.37405395507812,260300,0.0,0.0
2024-02-27 00:00:00-05:00,98.14469451930445,99.28201728225878,97.7337270678355,99.01441192626953,188600,0.0,0.0
2024-02-28 00:00:00-05:00,98.80413421714665,99.64518783354416,98.30715395521015,99.07174682617188,189900,0.0,0.0
2024-02-29 00:00:00-05:00,99.42537485373595,100.22819817687314,98.18292043007665,99.85546112060547,405900,0.0,0.0
2024-03-01 00:00:00-05:00,99.99879400795541,100.30462966126076,98.51740552450961,99.33934020996094,320100,0.0,0.0
2024-03-04 00:00:00-05:00,99.15778012150511,101.51845325829866,98.9284051296469,100.11351776123047,299200,0.0,0.0
2024-03-05 00:00:00-05:00,100.40021599354807,100.88763681367526,98.60342502905564,98.66077423095703,269800,0.0,0.0
2024-03-06 00:00:00-05:00,98.97617906825204,100.16129888893938,98.65123179889186,100.03704833984375,133500,0.0,0.0
2024-03-07 00:00:00-05:00,100.13260995077488,100.89720283144474,99.58783989309948,100.39066314697266,177500,0.0,0.0
2024-03-08 00:00:00-05:00,101.11704228521812,101.42287802944742,99.84590951101221,99.89369201660156,192600,0.0,0.0
2024-03-11 00:00:00-04:00,99.48271152467503,100.37154767927852,99.48271152467503,100.06571197509766,156500,0.0,0.0
2024-03-12 00:00:00-04:00,99.3393596002046,100.41934036668391,98.98573409479347,99.67386627197266,160900,0.0,0.0
2024-03-13 00:00:00-04:00,99.6260808986713,100.50536499279069,99.29157421206556,100.03704833984375,250100,0.0,0.0
2024-03-14 00:00:00-04:00,100.17084235729976,100.4957968902749,98.11601262072341,98.7276840209961,309600,0.0,0.0
2024-03-15 00:00:00-04:00,98.28804006930375,99.53050172421837,97.99176378045266,98.26892852783203,856100,0.0,0.0
2024-03-18 00:00:00-04:00,97.99175618154781,98.3549410666322,97.38008481810844,97.67636108398438,379400,0.0,0.0
2024-03-19 00:00:00-04:00,97.93443548034384,98.93795561034376,97.53302742834386,98.76592254638672,385500,0.0,0.0
2024-03-20 00:00:00-04:00,98.31671526840906,99.15776160933716,98.15423435829834,98.62255096435547,276400,0.0,0.0
2024-03-21 00:00:00-04:00,99.03353669912688,100.15174798585626,98.60345038690055,99.4922866821289,261900,0.0,0.0
2024-03-22 00:00:00-04:00,100.04659583506199,100.04659583506199,98.35494376912743,98.47918701171875,233100,0.0,0.0
2024-03-25 00:00:00-04:00,98.84237229268471,99.15776742341262,98.25937182377503,99.09086608886719,281300,0.0,0.0
2024-03-26 00:00:00-04:00,99.70254194956925,101.69047782401883,99.51139735428325,100.6773910522461,561600,0.0,0.0
2024-03-27 00:00:00-04:00,101.28906429705671,103.15274952080931,100.93543879411713,102.66532135009766,1134400,0.0,0.0
2024-03-28 00:00:00-04:00,103.12406916196656,104.72970832056768,102.64620045156977,104.33785247802734,363400,0.0,0.0
2024-04-01 00:00:00-04:00,104.01291630000507,104.09892917699516,101.90073725076473,102.16834259033203,268500,0.0,0.0
2024-04-02 00:00:00-04:00,102.07276980865409,102.21612460295248,100.14217593951832,100.314208984375,277000,0.0,0.0
2024-04-03 00:00:00-04:00,99.68341904466186,101.08834697244596,99.68341904466186,100.37154388427734,228200,0.0,0.0
2024-04-04 00:00:00-04:00,101.20305372444724,101.31774486128192,99.54007234469,99.76944732666016,217600,0.0,0.0
2024-04-05 00:00:00-04:00,99.70253970534162,100.54358611404717,99.4540459037041,99.87457275390625,230300,0.0,0.0
2024-04-08 00:00:00-04:00,99.88414181188979,100.77297809998203,99.15777917098552,100.63917541503906,183800,0.0,0.0
2024-04-09 00:00:00-04:00,101.00235531935944,101.17438838832668,98.35496523260218,98.98574829101562,253400,0.0,0.0
2024-04-10 00:00:00-04:00,97.943981051653,99.70253453086966,97.57123672269243,99.4636001586914,273500,0.0,0.0
2024-04-11 00:00:00-04:00,99.57829116511253,99.57829116511253,97.41832240148864,97.62858581542969,207600,0.0,0.0
2024-04-12 00:00:00-04:00,96.91178646368083,97.86752398838834,96.56772037145024,96.7110824584961,153000,0.0,0.0
2024-04-15 00:00:00-04:00,97.67637719806123,97.74327853660884,96.24277083629889,96.51993560791016,223000,0.0,0.0
2024-04-16 00:00:00-04:00,96.35745735706612,97.57124081023322,95.84135821653643,97.37053680419922,283500,0.0,0.0
2024-04-17 00:00:00-04:00,96.96912648109414,97.2176202743229,95.8700268908846,95.95604705810547,426900,0.0,0.0
2024-04-18 00:00:00-04:00,96.44347967323986,97.57124298224085,96.18542645138123,96.93090057373047,251200,0.0,0.0
2024-04-19 00:00:00-04:00,96.76841695978187,98.09689143396797,96.17585711486868,97.95352935791016,394100,0.0,0.0
2024-04-22 00:00:00-04:00,98.31671354479694,99.04306875262442,97.67636391526491,97.8770751953125,333300,0.0,0.0
2024-04-23 00:00:00-04:00,98.24025280983152,100.03703658074858,97.64769296914172,99.10997009277344,471600,0.0,0.0
2024-04-24 00:00:00-04:00,98.38361586286229,98.79458325981186,97.56168106896314,98.57476043701172,984600,0.0,0.0
2024-04-25 00:00:00-04:00,98.49830518032749,98.70856859862944,96.84488337585942,97.19850158691406,264700,0.0,0.0
2024-04-26 00:00:00-04:00,96.81620880107381,97.02646491982385,95.44950392485815,95.69799041748047,245400,0.0,0.0
2024-04-29 00:00:00-04:00,95.65975273105222,97.12203707601566,95.65975273105222,96.91177368164062,309500,0.0,0.0
2024-04-30 00:00:00-04:00,96.60594860363862,97.35142268969572,95.43994768269867,97.15071868896484,306200,0.0,0.0
2024-05-01 00:00:00-04:00,97.40875681888875,99.01439598806594,97.36097432255303,97.75282287597656,478700,0.0,0.0
2024-05-02 00:00:00-04:00,92.57274842016713,94.8187304164685,87.9852048301775,91.53099060058594,737900,0.0,0.0
2024-05-03 00:00:00-04:00,91.94194313042237,92.9167994483685,90.82373202310036,92.14265441894531,645200,0.0,0.0
2024-05-06 00:00:00-04:00,92.69696756662181,94.63711330483568,92.6396256564709,93.84385681152344,368100,0.0,0.0
2024-05-07 00:00:00-04:00,93.83430281976771,95.8700209564681,93.83430281976771,95.49728393554688,443400,0.0,0.0
2024-05-08 00:00:00-04:00,95.20099657381922,95.6979767799394,94.12101600970014,94.61799621582031,228000,0.0,0.0
2024-05-09 00:00:00-04:00,94.07324227917603,94.9525190278833,93.643163321484,94.09235382080078,370200,0.0,0.0
2024-05-10 00:00:00-04:00,94.14014846750625,94.81872125150674,93.46157568350574,93.86298370361328,395400,0.0,0.0
2024-05-13 00:00:00-04:00,94.14015066463175,94.65624982754325,92.66831393152093,92.81167602539062,229700,0.0,0.0
2024-05-14 00:00:00-04:00,93.65575654129898,93.65575654129898,92.29370201824322,92.85003662109375,193500,0.35,0.0
2024-05-15 00:00:00-04:00,92.66777704713213,92.82124435480604,92.00593053022651,92.13063049316406,206300,0.0,0.0
2024-05-16 00:00:00-04:00,92.58145778731146,94.17372430529214,92.13064248118422,93.92433166503906,179100,0.0,0.0
2024-05-17 00:00:00-04:00,94.26964399125426,94.26964399125426,92.99391341861964,93.79004669189453,232500,0.0,0.0
2024-05-20 00:00:00-04:00,93.81882136883993,93.8763780210595,92.30329946443996,92.85962677001953,288200,0.0,0.0
2024-05-21 00:00:00-04:00,92.76370921050538,93.55024849251836,92.5718732170677,92.82125854492188,143400,0.0,0.0
2024-05-22 00:00:00-04:00,93.09942755174906,93.62698752041129,92.28411358769542,93.30085754394531,179600,0.0,0.0
2024-05-23 00:00:00-04:00,93.08023491173037,94.10657273129011,91.78532380377342,92.41838836669922,324500,0.0,0.0
2024-05-24 00:00:00-04:00,93.02269412166247,93.28167343979472,91.57430824849801,92.65819549560547,194400,0.0,0.0
2024-05-28 00:00:00-04:00,92.6773873069728,92.6773873069728,90.92205938679093,91.12348937988281,315300,0.0,0.0
2024-05-29 00:00:00-04:00,91.10430358501985,91.10430358501985,89.8957163763468,90.6151123046875,404400,0.0,0.0
2024-05-30 00:00:00-04:00,91.60308073719233,92.67738128191516,91.23858943787549,91.91961669921875,970700,0.0,0.0
2024-05-31 00:00:00-04:00,92.43758441112612,93.74208962681176,91.98676178713674,93.62698364257812,310000,0.0,0.0
2024-06-03 00:00:00-04:00,94.04902260858357,94.04902260858357,91.79490970413845,93.1090087890625,281700,0.0,0.0
2024-06-04 00:00:00-04:00,93.1282065941414,93.49270525072991,90.42327792918363,90.50001525878906,219300,0.0,0.0
2024-06-05 00:00:00-04:00,90.6534869156288,90.6534869156288,89.51204295929402,90.1355209350586,174400,0.0,0.0
2024-06-06 00:00:00-04:00,89.96286432836558,90.5767482999953,89.08040703390714,89.93408966064453,176900,0.0,0.0
2024-06-07 00:00:00-04:00,89.8285836044825,90.63430362622555,89.64633427277053,90.36573028564453,220300,0.0,0.0
2024-06-10 00:00:00-04:00,89.93409774176051,90.93166111481439,89.74225440959158,90.49042510986328,278800,0.0,0.0
2024-06-11 00:00:00-04:00,90.13551321692266,90.21225053741574,88.81182005167496,88.90774536132812,276800,0.0,0.0
2024-06-12 00:00:00-04:00,89.72307262820718,89.86695329603963,88.58162859963102,88.74468994140625,185700,0.0,0.0
2024-06-13 00:00:00-04:00,88.47610470082971,88.74467800836342,87.01813218075796,87.86222076416016,154000,0.0,0.0
2024-06-14 00:00:00-04:00,86.98935998945649,87.43058862411074,86.11648939706566,86.7399673461914,217600,0.0,0.0
2024-06-17 00:00:00-04:00,86.70160450723911,88.16917116234352,86.50017450733012,88.1212158203125,197100,0.0,0.0
2024-06-18 00:00:00-04:00,87.98692110074234,89.02284567430824,87.7279344687955,88.15957641601562,250700,0.0,0.0
2024-06-20 00:00:00-04:00,87.89099629917004,89.4928568016378,87.89099629917004,89.03244018554688,130300,0.0,0.0
2024-06-21 00:00:00-04:00,89.07081994303148,89.59837995239225,88.28428058603208,88.74468994140625,448400,0.0,0.0
2024-06-24 00:00:00-04:00,88.48570758975929,89.8381755761647,88.48570758975929,88.99407958984375,183400,0.0,0.0
2024-06-25 00:00:00-04:00,88.77345779620414,88.83100712694505,87.88140657935212,88.05406188964844,272700,0.0,0.0
2024-06-26 00:00:00-04:00,87.84305370682078,87.84305370682078,86.25078696813695,87.38263702392578,238500,0.0,0.0
2024-06-27 00:00:00-04:00,87.60325813828612,89.28184894818877,86.62487539667791,88.97490692138672,268500,0.0,0.0
2024-06-28 00:00:00-04:00,89.50244305759318,90.30817030244582,89.00366510074065,90.00122833251953,1013600,0.0,0.0
2024-07-01 00:00:00-04:00,90.5767491773325,90.85491649812067,89.46407989417982,90.47123718261719,237400,0.0,0.0
2024-07-02 00:00:00-04:00,90.43286685559534,90.92205815681464,89.5887782314755,89.67510223388672,307000,0.0,0.0
2024-07-03 00:00:00-04:00,90.0683647128842,90.0683647128842,87.97732041714309,88.06364440917969,150800,0.0,0.0
2024-07-05 00:00:00-04:00,87.79507781058487,88.37059308890048,87.02772654552201,87.8430404663086,190200,0.0,0.0
2024-07-08 00:00:00-04:00,88.34181549145374,89.5983653125987,87.67038224204313,87.75670623779297,145800,0.0,0.0
2024-07-09 00:00:00-04:00,87.64161638284041,88.46652435390052,87.37303573801617,87.67998504638672,172200,0.0,0.0
2024-07-10 00:00:00-04:00,87.85263890610267,89.38735627786838,87.85263890610267,89.33939361572266,161700,0.0,0.0
2024-07-11 00:00:00-04:00,89.77102647328107,91.62227249602753,89.5791904647572,91.01798248291016,279700,0.0,0.0
2024-07-12 00:00:00-04:00,91.88126078474096,93.03229149241956,91.50717543884167,92.4088134765625,261100,0.0,0.0
2024-07-15 00:00:00-04:00,92.9267554235993,94.90270096140513,92.82124344894629,94.06819915771484,332600,0.0,0.0
2024-07-16 00:00:00-04:00,94.83557047327952,96.66762831015942,94.83557047327952,96.14007568359375,364500,0.0,0.0
2024-07-17 00:00:00-04:00,96.06333806406805,98.62438582069298,96.04415007446383,97.07048797607422,372400,0.0,0.0
2024-07-18 00:00:00-04:00,96.67722491702831,98.96010543772043,96.178439625334,96.22640228271484,250300,0.0,0.0
2024-07-19 00:00:00-04:00,87.69916603220629,87.95814536447563,77.69476566660997,78.73069763183594,2310200,0.0,0.0
2024-07-22 00:00:00-04:00,80.02560343845701,81.7809312616375,79.7378421396139,80.0831527709961,1182700,0.0,0.0
2024-07-23 00:00:00-04:00,81.87684973387084,82.99910563338665,80.48602052350414,82.83604431152344,1068700,0.0,0.0
2024-07-24 00:00:00-04:00,83.60341806607194,84.68730550092394,82.74972800447853,84.08301544189453,817900,0.0,0.0
2024-07-25 00:00:00-04:00,84.67770846164596,86.06854519240008,84.40913511172792,85.22444915771484,1064700,0.0,0.0
2024-07-26 00:00:00-04:00,86.10689120043342,87.5265023488939,85.70403124732961,87.40180969238281,823900,0.0,0.0
2024-07-29 00:00:00-04:00,87.43059082514213,87.89100014329632,85.31077159920818,85.32035827636719,445400,0.0,0.0
2024-07-30 00:00:00-04:00,85.79036676580041,88.08284125832185,85.56015479439712,87.35385131835938,328900,0.0,0.0
2024-07-31 00:00:00-04:00,87.03732044566671,87.87182242522985,85.9150644621012,86.63446044921875,424500,0.0,0.0
2024-08-01 00:00:00-04:00,86.86465907985449,87.40181302253298,83.69932134733968,84.65851593017578,442800,0.0,0.0
2024-08-02 00:00:00-04:00,83.42115026454277,84.5721807846214,82.96073366566718,83.71849822998047,386400,0.0,0.0
2024-08-05 00:00:00-04:00,81.83847678655374,82.32766804459733,79.97763706157993,81.63704681396484,548400,0.0,0.0
2024-08-06 00:00:00-04:00,82.02074230276071,82.73054434430594,80.81215491023508,80.96562957763672,555500,0.0,0.0
2024-08-07 00:00:00-04:00,81.32052789338277,81.953599926729,80.62990651812326,80.86970520019531,397800,0.0,0.0
2024-08-08 00:00:00-04:00,80.99440381367327,82.15502853688972,80.99440381367327,81.59869384765625,351700,0.0,0.0
2024-08-09 00:00:00-04:00,81.54113387138328,82.23175514475801,80.63948861802471,82.16461181640625,344600,0.0,0.0
2024-08-12 00:00:00-04:00,82.39480083520291,82.93194736010294,81.6082617159968,82.50031280517578,292300,0.0,0.0
2024-08-13 00:00:00-04:00,83.2676871041432,83.70891577493322,81.86726376170333,82.48114776611328,253700,0.0,0.0
2024-08-14 00:00:00-04:00,82.94156389333159,83.77605856871523,82.69217123125078,83.152587890625,262800,0.0,0.0
2024-08-15 00:00:00-04:00,84.72240942714296,85.79143210384666,84.2793921459106,85.48324584960938,228200,0.35,0.0
2024-08-16 00:00:00-04:00,85.45435321050604,86.27297224677207,85.01132858840747,85.6277084350586,435700,0.0,0.0
2024-08-19 00:00:00-04:00,85.36767300080493,86.46558698756868,85.36767300080493,85.8299560546875,196500,0.0,0.0
2024-08-20 00:00:00-04:00,85.84921705489877,86.13814489070577,85.03059798376573,85.24247741699219,408800,0.0,0.0
2024-08-21 00:00:00-04:00,86.30185708606611,86.47521229761527,85.32914132416582,85.6565933227539,219800,0.0,0.0
2024-08-22 00:00:00-04:00,85.87810143200741,86.03219822472113,85.52176545740109,85.96478271484375,169700,0.0,0.0
2024-08-23 00:00:00-04:00,86.18630253082117,87.34200663223383,85.7529180851294,86.48486328125,395900,0.0,0.0
2024-08-26 00:00:00-04:00,86.89898559311578,87.32273713259873,85.67586602235387,85.75291442871094,279700,0.0,0.0
2024-08-27 00:00:00-04:00,85.76254368690249,85.79143500112858,84.85724331987115,85.31951904296875,355200,0.0,0.0
2024-08-28 00:00:00-04:00,85.1943185662137,87.0530689905159,85.1943185662137,86.85082244873047,460700,0.0,0.0
2024-08-29 00:00:00-04:00,87.38050842285156,87.96798218939279,86.3789013976484,87.38050842285156,300200,0.0,0.0
2024-08-30 00:00:00-04:00,87.37087326873458,87.8235233628445,87.07231995038067,87.62127685546875,522800,0.0,0.0
2024-09-03 00:00:00-04:00,87.45756637551358,88.77699275328132,87.39978374580151,87.6598129272461,380500,0.0,0.0
2024-09-04 00:00:00-04:00,88.04503884767375,88.57473739315901,86.94712490588572,87.45755767822266,350500,0.0,0.0
2024-09-05 00:00:00-04:00,88.1702465462973,88.1702465462973,86.5811582176354,86.9182357788086,497900,0.0,0.0
2024-09-06 00:00:00-04:00,86.65820237105393,87.70795920266839,85.78179340720166,85.9358901977539,380200,0.0,0.0
2024-09-09 00:00:00-04:00,86.45595287029708,86.77377200608491,85.46397861108636,86.2729721069336,395500,0.0,0.0
2024-09-10 00:00:00-04:00,86.25370889762515,86.82193167375199,85.37730721111964,85.68549346923828,350900,0.0,0.0
2024-09-11 00:00:00-04:00,85.4254564062105,85.4254564062105,83.33556812706024,84.31791687011719,345600,0.0,0.0
2024-09-12 00:00:00-04:00,84.84761084458434,86.39817506266182,84.37570223187299,86.38854217529297,364500,0.0,0.0
2024-09-13 00:00:00-04:00,86.91823683721782,88.2183973591407,86.36927984583973,87.59239196777344,392400,0.0,0.0
2024-09-16 00:00:00-04:00,88.40137615694131,89.17183803242654,88.24727937320083,88.72882080078125,278400,0.0,0.0
2024-09-17 00:00:00-04:00,88.69994135758765,89.11406733462067,88.03541909508536,88.7673568725586,264500,0.0,0.0
2024-09-18 00:00:00-04:00,89.1140577097045,89.5859662635319,88.15097482971592,88.48805236816406,307500,0.0,0.0
2024-09-19 00:00:00-04:00,89.32593711894026,89.32593711894026,87.40940424512999,88.48805236816406,333800,0.0,0.0
2024-09-20 00:00:00-04:00,88.80588216025899,88.80588216025899,86.84119196711433,86.90860748291016,877700,0.0,0.0
2024-09-23 00:00:00-04:00,87.2553204002292,88.32434314340662,86.90860992418568,88.08357238769531,222000,0.0,0.0
2024-09-24 00:00:00-04:00,87.29382958560082,88.50731604299546,87.22641407950884,87.91020202636719,244100,0.0,0.0
2024-09-25 00:00:00-04:00,88.3435900782526,88.3435900782526,87.24566890643297,87.82352447509766,226500,0.0,0.0
2024-09-26 00:00:00-04:00,88.16061788218045,88.32434022720084,87.42867275161743,87.90058135986328,259900,0.0,0.0
2024-09-27 00:00:00-04:00,88.41100379421998,89.18146562396569,88.0931847074273,88.31468963623047,233300,0.0,0.0
2024-09-30 00:00:00-04:00,88.12208445518684,89.95194341615388,87.90057215743079,89.85563659667969,338400,0.0,0.0
2024-10-01 00:00:00-04:00,89.63413371806654,90.19272361655099,88.64215941253664,89.48966979980469,318600,0.0,0.0
2024-10-02 00:00:00-04:00,89.57634893170734,89.86526941353002,88.72883121711831,89.08517456054688,248200,0.0,0.0
2024-10-03 00:00:00-04:00,88.65178583347125,88.70956845746522,87.46719060741769,88.27618408203125,223400,0.0,0.0
2024-10-04 00:00:00-04:00,88.97923454421064,90.45275030495071,88.93107745686702,90.37570190429688,273900,0.0,0.0
2024-10-07 00:00:00-04:00,89.75931832766761,89.75931832766761,86.42705256151002,87.53459930419922,402300,0.0,0.0
2024-10-08 00:00:00-04:00,87.77536850166442,88.81549972108667,87.77536850166442,88.02577209472656,186200,0.0,0.0
2024-10-09 00:00:00-04:00,87.98726115749378,89.74970476467405,87.10122658421646,89.5089340209961,182300,0.0,0.0
2024-10-10 00:00:00-04:00,89.653396453679,90.04826402605627,88.51696552300989,89.05628967285156,242500,0.0,0.0
2024-10-11 00:00:00-04:00,89.50893997151667,91.23285949258519,89.50893997151667,90.4720230102539,196300,0.0,0.0
2024-10-14 00:00:00-04:00,90.48164061114977,92.33076546756052,90.25050275950086,92.23445129394531,167800,0.0,0.0
2024-10-15 00:00:00-04:00,92.16702845531522,94.3917548992292,92.04183032640236,92.70635986328125,321700,0.0,0.0
2024-10-16 00:00:00-04:00,92.91824266382115,94.36286703308133,92.91824266382115,93.61165618896484,338400,0.0,0.0
2024-10-17 00:00:00-04:00,94.16061751379408,95.37410409750846,94.08357646148289,95.23927307128906,370500,0.0,0.0
2024-10-18 00:00:00-04:00,95.5474659080225,95.83639375425426,94.40139475844094,95.03703308105469,233700,0.0,0.0
2024-10-21 00:00:00-04:00,94.80589279137891,95.28743429097308,93.36126829259636,93.3901596069336,850200,0.0,0.0
2024-10-22 00:00:00-04:00,92.45595557553654,94.63252492041092,88.46879307916065,89.87489318847656,1103100,0.0,0.0
2024-10-23 00:00:00-04:00,89.87489472446629,92.98565568260398,88.9695944593741,91.79142761230469,793600,0.0,0.0
2024-10-24 00:00:00-04:00,91.79143925857838,92.10925841508244,90.09641845270389,90.11567687988281,295100,0.0,0.0
2024-10-25 00:00:00-04:00,90.47200996580791,90.66462360668773,87.76574202068817,87.99688720703125,202900,0.0,0.0
2024-10-28 00:00:00-04:00,88.3725022900318,89.39336796672589,88.16062284443706,88.18951416015625,363100,0.0,0.0
2024-10-29 00:00:00-04:00,87.95836910612557,88.60363293031267,86.52337019546842,86.72562408447266,393300,0.0,0.0
2024-10-30 00:00:00-04:00,88.39175380108128,90.37570236778274,87.89095388974283,88.43991088867188,553500,0.0,0.0
2024-10-31 00:00:00-04:00,88.38211947087812,88.56510758344655,87.40941097754236,87.46719360351562,357200,0.0,0.0
2024-11-01 00:00:00-04:00,87.71758743046671,89.32593402080717,87.14936473015696,88.99848937988281,429500,0.0,0.0
2024-11-04 00:00:00-05:00,88.69030945227837,88.91182177405821,88.1798766407415,88.67105102539062,277800,0.0,0.0
2024-11-05 00:00:00-05:00,87.95837454496072,88.92145757114601,87.16864675739839,88.85404205322266,313400,0.0,0.0
2024-11-06 00:00:00-05:00,96.30830467168536,96.53944254553006,93.74650024050308,95.26817321777344,706600,0.0,0.0
2024-11-07 00:00:00-05:00,95.02739062798669,95.02739062798669,93.32273708048278,94.28582000732422,663200,0.0,0.0
2024-11-08 00:00:00-05:00,95.08517903639675,96.6550015361465,94.60363758089493,96.19271850585938,438100,0.0,0.0
2024-11-11 00:00:00-05:00,97.10765750382726,98.28261990135647,96.98245201533452,97.50251770019531,301300,0.0,0.0
2024-11-12 00:00:00-05:00,97.42548196424659,97.89739058732899,95.8556519369315,96.15420532226562,307300,0.0,0.0
2024-11-13 00:00:00-05:00,96.5201693065604,96.75130714493694,95.58597771895847,96.16382598876953,343500,0.0,0.0
2024-11-14 00:00:00-05:00,96.26977483579483,96.70316659010602,94.41102437046845,95.37410736083984,365000,0.0,0.0
2024-11-15 00:00:00-05:00,96.00251831407726,96.88229583785952,95.17107599979698,95.65447235107422,199500,0.38,0.0
2024-11-18 00:00:00-05:00,95.52879078195446,96.15720755462785,94.49432281809275,94.82303619384766,291400,0.0,0.0
2024-11-19 00:00:00-05:00,93.4115117668012,94.10759630328113,92.81209764745266,93.86589813232422,305200,0.0,0.0
2024-11-20 00:00:00-05:00,93.86591125829017,94.01093165635216,92.46406462112662,92.79277801513672,462700,0.0,0.0
2024-11-21 00:00:00-05:00,92.97645591633317,93.74022306507904,92.40605174096531,93.17948150634766,370000,0.0,0.0
2024-11-22 00:00:00-05:00,93.08280123949459,94.70701329258607,93.08280123949459,94.57166290283203,395900,0.0,0.0
2024-11-25 00:00:00-05:00,95.28709217679543,96.52458573087692,94.79403317936958,95.37410736083984,475900,0.0,0.0
2024-11-26 00:00:00-05:00,94.9777144829865,96.67927173073957,93.5081927981382,96.48591613769531,577700,0.0,0.0
2024-11-27 00:00:00-05:00,96.68894610398246,98.93190501471776,96.68894610398246,98.61286163330078,428600,0.0,0.0
2024-11-29 00:00:00-05:00,99.14459839968394,100.12105375596119,98.55485423842494,98.69986724853516,357000,0.0,0.0
2024-12-02 00:00:00-05:00,98.54518954543896,98.54518954543896,96.6599465521865,97.24002075195312,272300,0.0,0.0
2024-12-03 00:00:00-05:00,97.52039323235292,97.9071044548528,96.07986663717892,96.17655181884766,194100,0.0,0.0
2024-12-04 00:00:00-05:00,96.09920298944762,96.67927717730274,95.27743060864924,96.57292938232422,168800,0.0,0.0
2024-12-05 00:00:00-05:00,96.57293505412581,97.24002446616178,95.8865130309781,95.90584564208984,159100,0.0,0.0
2024-12-06 00:00:00-05:00,96.05086864125052,96.26356424945604,94.562006759856,95.45146179199219,214400,0.0,0.0
2024-12-09 00:00:00-05:00,95.68347966936359,96.81462541686969,93.81756936639876,94.17528533935547,250700,0.0,0.0
2024-12-10 00:00:00-05:00,94.2912880217627,94.68767655737025,91.90330894424359,93.03446197509766,445800,0.0,0.0
2024-12-11 00:00:00-05:00,93.46950999653032,93.46950999653032,92.37703700065727,92.94744110107422,329900,0.0,0.0
2024-12-12 00:00:00-05:00,93.16981014182625,93.7692168629106,91.10087446521871,93.30516052246094,148300,0.0,0.0
2024-12-13 00:00:00-05:00,93.35350766502773,94.62967382849342,93.29550245906584,93.51786804199219,225700,0.0,0.0
2024-12-16 00:00:00-05:00,93.73055606018215,94.62001101398707,93.53720045668392,94.27196502685547,263100,0.0,0.0
2024-12-17 00:00:00-05:00,94.03026601511525,94.54266499835984,91.57461151665926,92.1353530883789,261400,0.0,0.0
2024-12-18 00:00:00-05:00,92.16434881229856,93.1794767101193,89.34131593067869,89.5250015258789,290700,0.0,0.0
2024-12-19 00:00:00-05:00,90.21143522873162,90.95586982704287,89.3896628109953,90.49180603027344,295900,0.0,0.0
2024-12-20 00:00:00-05:00,89.7087011465223,91.70996186604131,89.02227917158078,90.24043273925781,1133600,0.0,0.0
2024-12-23 00:00:00-05:00,89.64102652757587,90.25977330831144,89.0222797468403,90.07608032226562,367300,0.0,0.0
2024-12-24 00:00:00-05:00,90.23076863881542,91.87431335449219,89.83438007296253,91.87431335449219,119800,0.0,0.0
2024-12-26 00:00:00-05:00,91.37157514316803,92.11600223598002,90.75282843910435,91.98065185546875,181800,0.0,0.0
2024-12-27 00:00:00-05:00,91.29423479768155,92.36737528290351,90.49179508782318,90.7044906616211,168200,0.0,0.0
2024-12-30 00:00:00-05:00,89.75703848518167,90.94619685441927,89.0996264733629,90.33712005615234,209900,0.0,0.0
2024-12-31 00:00:00-05:00,90.58848222720702,91.255571618198,90.0760832244056,90.41445922851562,212600,0.0,0.0
2025-01-02 00:00:00-05:00,90.97519341380087,91.09121119549606,89.0706105765527,89.08995056152344,248300,0.0,0.0
2025-01-03 00:00:00-05:00,89.40900180069842,89.83438561894526,88.6452346000602,89.29298400878906,233800,0.0,0.0
2025-01-06 00:00:00-05:00,89.04161240768526,89.44766359976725,87.66876844814514,87.79444885253906,225400,0.0,0.0
2025-01-07 00:00:00-05:00,87.90079578834332,88.83858594378341,87.50441459310031,87.93946838378906,356100,0.0,0.0
2025-01-08 00:00:00-05:00,87.46575065588715,88.04582489290816,86.682650804711,87.99748229980469,296400,0.0,0.0
2025-01-10 00:00:00-05:00,86.33459465191522,87.15636700589216,85.51281492189504,86.72130584716797,311500,0.0,0.0
2025-01-13 00:00:00-05:00,86.05422299639602,88.29718183583539,84.76838689474056,88.19083404541016,221500,0.0,0.0
2025-01-14 00:00:00-05:00,88.30684999828478,89.89239696164374,87.05002379548506,89.80538177490234,227400,0.0,0.0
2025-01-15 00:00:00-05:00,91.7486333101976,91.7486333101976,89.93105822230355,90.36611938476562,226700,0.0,0.0
2025-01-16 00:00:00-05:00,90.39511776218454,91.32323787226471,89.85371620864852,91.11054229736328,181100,0.0,0.0
2025-01-17 00:00:00-05:00,91.54560776931946,91.63261557623454,90.03740606506827,90.18242645263672,248700,0.0,0.0
2025-01-21 00:00:00-05:00,90.21142334683668,91.83563535753638,89.88271737345408,91.60360717773438,401600,0.0,0.0
2025-01-22 00:00:00-05:00,91.30390935182196,92.30937469343961,91.01386857741643,91.1202163696289,274800,0.0,0.0
2025-01-23 00:00:00-05:00,90.71416646719491,91.10088504651505,88.97393654827601,89.28330993652344,328600,0.0,0.0
2025-01-24 00:00:00-05:00,89.50567420450248,90.3564491656979,88.66456186001695,90.16309356689453,270100,0.0,0.0
2025-01-27 00:00:00-05:00,90.37578651249055,93.28582728254575,89.94072536382058,92.30937194824219,310100,0.0,0.0
2025-01-28 00:00:00-05:00,91.7486280318512,93.16981447058777,91.67128284616854,92.00965881347656,221900,0.0,0.0
2025-01-29 00:00:00-05:00,91.37158378928052,92.60907731450675,89.56367871274468,90.8978500366211,403200,0.0,0.0
2025-01-30 00:00:00-05:00,85.61916101441103,86.97267229906684,78.15552002786394,79.412353515625,1860400,0.0,0.0
2025-01-31 00:00:00-05:00,80.15679220826054,82.20638816273022,80.02143443431976,81.33627319335938,1136400,0.0,0.0
2025-02-03 00:00:00-05:00,80.040770954411,81.06556888727012,79.93442316409055,80.02143096923828,476900,0.0,0.0
2025-02-04 00:00:00-05:00,79.75072895299044,81.08490761965423,79.48969816553708,80.71752166748047,653300,0.0,0.0
2025-02-05 00:00:00-05:00,81.57795784472366,83.47287047678505,81.30725709386377,82.73811340332031,432200,0.0,0.0
2025-02-06 00:00:00-05:00,83.11517505680604,83.54056623307248,82.07103710199391,82.82513427734375,343700,0.0,0.0
2025-02-07 00:00:00-05:00,81.32661298350325,82.84447738431457,80.92055440174936,82.40941619873047,492300,0.0,0.0
2025-02-10 00:00:00-05:00,82.46742297495977,82.57377076554381,81.32660725636634,81.54896545410156,554200,0.0,0.0
2025-02-11 00:00:00-05:00,81.11391471145977,81.84867928044146,80.50483054694406,81.31694030761719,448200,0.0,0.0
2025-02-12 00:00:00-05:00,80.58217613043507,80.920552125676,79.7797363588327,79.80874633789062,309700,0.0,0.0
2025-02-13 00:00:00-05:00,80.10844279668629,80.70785691921226,79.605706467847,80.41781616210938,338000,0.0,0.0
2025-02-14 00:00:00-05:00,80.49551544818648,80.93257326227102,79.63112160175247,79.7865219116211,653000,0.38,0.0
2025-02-18 00:00:00-05:00,79.990486585138,80.80631605696489,79.88365071479468,80.15559387207031,492400,0.0,0.0
2025-02-19 00:00:00-05:00,79.80594751782881,80.47609842269827,76.88255127839349,77.65953063964844,771100,0.0,0.0
2025-02-20 00:00:00-05:00,77.4167101474775,77.65951754628776,76.46490929368177,77.04764556884766,465100,0.0,0.0
2025-02-21 00:00:00-05:00,77.4944130053932,77.69837033834408,75.88216826412344,76.2318115234375,447100,0.0,0.0
2025-02-24 00:00:00-05:00,76.7562858368693,78.89299572946443,76.7562858368693,78.23255920410156,438800,0.0,0.0
2025-02-25 00:00:00-05:00,79.145512245416,81.04912171415674,78.69874743835497,80.6314926147461,567400,0.0,0.0
2025-02-26 00:00:00-05:00,80.10703049441169,80.8257384117993,79.17464344333705,79.51457977294922,541900,0.0,0.0
2025-02-27 00:00:00-05:00,79.41745809516227,82.01064731258504,78.85415043835943,81.99121856689453,334900,0.0,0.0
2025-02-28 00:00:00-05:00,82.56424570079078,83.62288260460292,82.52539562039007,83.57432556152344,452400,0.0,0.0
2025-03-03 00:00:00-05:00,83.14698136608791,84.76893330680437,83.14698136608791,84.68152618408203,396000,0.0,0.0
2025-03-04 00:00:00-05:00,84.53583088189868,85.38080335752197,83.17610786970617,83.28294372558594,420800,0.0,0.0
2025-03-05 00:00:00-05:00,82.84589030855602,83.9627984538681,81.61242453032088,82.59336853027344,395200,0.0,0.0
2025-03-06 00:00:00-05:00,82.16603304036457,83.63259199608945,81.10739619960394,83.42863464355469,248400,0.0,0.0
2025-03-07 00:00:00-05:00,82.99157840246036,83.81712961020605,82.08833444695668,82.65164947509766,343700,0.0,0.0
2025-03-10 00:00:00-04:00,82.45739582901236,84.15704765595356,81.83580946795108,81.96206665039062,329600,0.0,0.0
2025-03-11 00:00:00-04:00,82.12718623616367,82.19517202305208,80.45666986131121,81.27250671386719,564300,0.0,0.0
2025-03-12 00:00:00-04:00,80.83545503618775,82.03977784669934,79.91278233136528,81.61243438720703,383600,0.0,0.0
2025-03-13 00:00:00-04:00,81.86494699324956,83.52574878335929,80.72861009631565,82.99156951904297,378700,0.0,0.0
2025-03-14 00:00:00-04:00,83.3023690207188,85.53620031913471,82.52538969814844,85.27397155761719,366100,0.0,0.0
2025-03-17 00:00:00-04:00,83.77827856225439,87.09988245959485,82.70021296944996,86.60455322265625,443200,0.0,0.0
2025-03-18 00:00:00-04:00,86.51714502336527,87.31355309541236,84.98260029116156,85.97325134277344,215400,0.0,0.0
2025-03-19 00:00:00-04:00,85.76929411974012,86.90563852256982,85.76929411974012,86.5754165649414,282400,0.0,0.0
2025-03-20 00:00:00-04:00,86.02181711532137,87.28441873159082,85.85670983916307,86.53656768798828,285400,0.0,0.0
2025-03-21 00:00:00-04:00,86.27433373676568,86.82793435465881,85.90526171824068,86.15778350830078,913300,0.0,0.0
2025-03-24 00:00:00-04:00,86.66283722342777,88.06140307909357,86.24520811828914,87.88658142089844,293500,0.0,0.0
2025-03-25 00:00:00-04:00,88.30420250928898,88.6247100885318,86.22577154493581,87.05131530761719,319400,0.0,0.0
2025-03-26 00:00:00-04:00,87.31355186360516,88.07110984707285,86.8376513834591,87.58549499511719,450100,0.0,0.0
2025-03-27 00:00:00-04:00,87.58549352656985,89.7416246186842,87.53692907823074,89.56680297851562,403200,0.0,0.0
2025-03-28 00:00:00-04:00,89.78047835594545,90.61573651415145,87.47866123485751,89.14917755126953,279400,0.0,0.0
2025-03-31 00:00:00-04:00,90.04270137081868,90.3729233101292,88.12937774480618,88.90636444091797,367300,0.0,0.0
2025-04-01 00:00:00-04:00,89.11032031178638,89.89701395645181,88.01283347578077,89.31427764892578,287000,0.0,0.0
2025-04-02 00:00:00-04:00,88.54700884254981,89.7416246186842,88.31391579228986,89.56680297851562,311500,0.0,0.0
2025-04-03 00:00:00-04:00,87.67290287894596,90.50889927070467,87.43009545084333,90.15925598144531,516300,0.0,0.0
2025-04-04 00:00:00-04:00,87.9156993924631,89.03261490505098,82.57393663737594,83.84625244140625,552900,0.0,0.0
2025-04-07 00:00:00-04:00,81.79696414573992,83.23437991048348,78.6890247499992,80.00019073486328,558700,0.0,0.0
2025-04-08 00:00:00-04:00,81.62213880873742,83.7005696194185,79.93220133115152,80.7188949584961,455000,0.0,0.0
2025-04-09 00:00:00-04:00,79.80593850823007,85.8761238166307,79.40773820514396,84.29302215576172,534600,0.0,0.0
2025-04-10 00:00:00-04:00,84.10849415003075,85.64303892030593,82.25344919651167,83.55489349365234,650000,0.0,0.0
2025-04-11 00:00:00-04:00,83.70058383456968,84.97289249189018,82.89446132822215,84.13763427734375,448400,0.0,0.0
2025-04-14 00:00:00-04:00,84.82719129871059,86.10922150826104,84.25416938070903,85.4099349975586,291900,0.0,0.0
2025-04-15 00:00:00-04:00,85.87613085170085,87.50779709266266,85.5362019285619,85.70130920410156,437800,0.0,0.0
2025-04-16 00:00:00-04:00,86.27433751944425,87.43009584367738,86.00239438433056,86.34232330322266,360700,0.0,0.0
2025-04-17 00:00:00-04:00,86.14807254985622,87.42038851218207,85.95382957128012,87.08045959472656,284100,0.0,0.0
2025-04-21 00:00:00-04:00,86.77937358002934,87.00275967490188,84.487270859131,85.74015808105469,300700,0.0,0.0
2025-04-22 00:00:00-04:00,87.10959387941284,89.01320319600276,86.31318582441202,88.69269561767578,415400,0.0,0.0
2025-04-23 00:00:00-04:00,88.87724080808978,89.35314133390183,87.03190271160622,88.2847900390625,557400,0.0,0.0
2025-04-24 00:00:00-04:00,88.14880771385529,90.69342472972475,85.40022594475113,86.69196319580078,582700,0.0,0.0
2025-04-25 00:00:00-04:00,85.95382678564818,86.6142632652557,83.94338164197285,85.05058288574219,336200,0.0,0.0
2025-04-28 00:00:00-04:00,85.80812785314822,86.09949967732669,84.16675497929656,84.67179107666016,339500,0.0,0.0
2025-04-29 00:00:00-04:00,84.30273777848885,86.16749695453703,83.92395880241325,85.82756805419922,310900,0.0,0.0
2025-04-30 00:00:00-04:00,85.65274702628267,85.65274702628267,82.79732942338904,84.72036743164062,415000,0.0,0.0
2025-05-01 00:00:00-04:00,84.08907312765811,85.14770999330078,83.12755034467294,84.39015197753906,325500,0.0,0.0
2025-05-02 00:00:00-04:00,85.82756813717302,85.94411095460477,84.62323801782011,85.15741729736328,335300,0.0,0.0
2025-05-05 00:00:00-04:00,84.44842139763689,86.3520381742238,83.80741363400638,86.20635223388672,457300,0.0,0.0
2025-05-06 00:00:00-04:00,85.77900660448907,86.80850771288506,85.61389933425471,86.51714324951172,463000,0.0,0.0
2025-05-07 00:00:00-04:00,86.60455028854489,87.5077942029987,86.47829309551815,87.11930084228516,428500,0.0,0.0
2025-05-08 00:00:00-04:00,87.61462860817139,88.25564375419304,86.64339892745575,87.22613525390625,596800,0.0,0.0
2025-05-09 00:00:00-04:00,86.97362348521732,88.20708195643263,86.73081605774311,87.14844512939453,324600,0.0,0.0
2025-05-12 00:00:00-04:00,88.03226406559325,88.16823563798451,85.88584720439417,87.63406372070312,342900,0.0,0.0
2025-05-13 00:00:00-04:00,88.05169719999012,88.05169719999012,86.4006020945172,86.41031646728516,367400,0.0,0.0
2025-05-14 00:00:00-04:00,85.02144634646655,85.78871867626674,83.52575176291997,84.05021667480469,354100,0.0,0.0
2025-05-15 00:00:00-04:00,84.37213440744058,86.65483916080063,84.15752031307788,86.45973205566406,386400,0.38,0.0
2025-05-16 00:00:00-04:00,86.50851359934612,87.0743130593909,85.6500646356258,86.9084701538086,301500,0.0,0.0
2025-05-19 00:00:00-04:00,86.61581653627731,87.8254508010164,86.61581653627731,87.46451568603516,271500,0.0,0.0
2025-05-20 00:00:00-04:00,87.1816089162025,87.89372931536231,85.51348239893818,86.85968780517578,234100,0.0,0.0
2025-05-21 00:00:00-04:00,86.3036512747633,86.81091484804274,83.54294721955492,85.0940170288086,259700,0.0,0.0
2025-05-22 00:00:00-04:00,84.88914957687687,85.06474223855699,83.86486525255502,84.44041442871094,284000,0.0,0.0
2025-05-23 00:00:00-04:00,83.35759676395267,84.56723844418427,82.9771472259592,84.16727447509766,215300,0.0,0.0
2025-05-27 00:00:00-04:00,84.47944397866758,85.8256569953189,83.96242315911464,85.7768783569336,333300,0.0,0.0
2025-05-28 00:00:00-04:00,85.54275120905935,86.23536465814993,83.75756034365101,84.05996704101562,405400,0.0,0.0
2025-05-29 00:00:00-04:00,84.1477655571776,85.61103526747073,83.67951597515098,85.36715698242188,824700,0.0,0.0
2025-05-30 00:00:00-04:00,85.51349189002278,86.31341242759721,84.89891380211029,85.86466979980469,620200,0.0,0.0
2025-06-02 00:00:00-04:00,85.4061853573721,87.0840618434066,84.88915709919449,86.99626922607422,439700,0.0,0.0
2025-06-03 00:00:00-04:00,86.59630599719138,87.75716912043528,85.38667167808006,87.21088409423828,448900,0.0,0.0
2025-06-04 00:00:00-04:00,87.11333558167917,87.11333558167917,85.30863012797046,85.38667297363281,185700,0.0,0.0
2025-06-05 00:00:00-04:00,85.21108460795627,85.79639109491772,84.3136141651103,85.24034881591797,298900,0.0,0.0
2025-06-06 00:00:00-04:00,86.08903561204554,86.08903561204554,84.46968020826695,85.27935791015625,303500,0.0,0.0
2025-06-09 00:00:00-04:00,85.4744649823626,87.15234135056359,82.77228938585827,84.05021667480469,322400,0.0,0.0
2025-06-10 00:00:00-04:00,83.9721761985622,86.7426300532993,82.70400608937554,83.1624984741211,227400,0.0,0.0
2025-06-11 00:00:00-04:00,83.44540408535445,83.74781081045928,82.55768345768159,83.03569030761719,289500,0.0,0.0
2025-06-12 00:00:00-04:00,82.73326603340277,83.79657921343869,82.73326603340277,83.71853637695312,231700,0.0,0.0
2025-06-13 00:00:00-04:00,83.045440081438,83.94291792550712,82.83083341874854,83.03569030761719,261000,0.0,0.0
2025-06-16 00:00:00-04:00,83.34785522524297,83.6990405938665,82.43087038021757,83.15274810791016,300300,0.0,0.0
2025-06-17 00:00:00-04:00,82.41135990725601,83.19176601588251,81.70898919968953,82.89911651611328,312000,0.0,0.0
2025-06-18 00:00:00-04:00,82.86984544874457,83.88438009538869,82.3333176407856,83.11372375488281,365500,0.0,0.0
2025-06-20 00:00:00-04:00,83.51368971497733,84.32336749663106,82.92838325498474,83.03569030761719,622000,0.0,0.0
2025-06-23 00:00:00-04:00,83.26980472309678,85.36715952551211,82.52841263054128,85.29887390136719,458700,0.0,0.0
2025-06-24 00:00:00-04:00,85.26961878126653,85.72810376789849,84.02095553983015,84.49896240234375,318300,0.0,0.0
2025-06-25 00:00:00-04:00,84.08922623063069,84.38188313761746,82.17722144802018,82.25526428222656,487100,0.0,0.0
2025-06-26 00:00:00-04:00,82.83083335430528,83.9234034274213,82.39184792772079,83.85511779785156,293700,0.0,0.0
2025-06-27 00:00:00-04:00,83.89412689208984,84.81111159090624,83.025920825473,83.89412689208984,777400,0.0,0.0
2025-06-30 00:00:00-04:00,83.95265688891801,84.82086297200128,83.58196458192359,84.52821350097656,260000,0.0,0.0
2025-07-01 00:00:00-04:00,84.06972773855769,85.67932600448522,84.02094910160608,85.0257339477539,339700,0.0,0.0
2025-07-02 00:00:00-04:00,84.88914712677473,84.88914712677473,82.1479576832062,82.97714233398438,294900,0.0,0.0
2025-07-03 00:00:00-04:00,83.38686453322843,84.51845587904498,83.22102164694739,84.21604919433594,169500,0.0,0.0
2025-07-07 00:00:00-04:00,83.91365056626132,84.32337180752033,83.09422296889493,83.50393676757812,332700,0.0,0.0
2025-07-08 00:00:00-04:00,83.11372564639751,84.67455279526402,82.77229749854875,83.85511779785156,420800,0.0,0.0
2025-07-09 00:00:00-04:00,83.99167790264653,84.25507061213298,83.01616478544373,84.21604919433594,345800,0.0,0.0
2025-07-10 00:00:00-04:00,83.864869717305,85.17205381295673,83.06494920319312,84.29409790039062,365500,0.0,0.0
2025-07-11 00:00:00-04:00,83.65025154887766,84.8989071741889,82.95763811429327,84.13800811767578,409000,0.0,0.0
2025-07-14 00:00:00-04:00,83.92340001661348,85.75736960922295,83.8356074004099,85.65006256103516,377000,0.0,0.0
2025-07-15 00:00:00-04:00,85.0745020124343,85.71834427214985,83.81608913964236,83.96241760253906,502700,0.0,0.0
2025-07-16 00:00:00-04:00,84.55748064733756,85.39642255678005,83.7965815765815,85.18180847167969,394800,0.0,0.0
2025-07-17 00:00:00-04:00,84.66478712577732,86.49874916724104,84.66478712577732,86.40119934082031,513600,0.0,0.0
2025-07-18 00:00:00-04:00,86.79140727128525,87.68887759470016,86.61581460430627,87.33769226074219,445700,0.0,0.0
2025-07-21 00:00:00-04:00,87.33769245923038,87.55230654631185,83.82584655424425,86.42070770263672,483000,0.0,0.0
2025-07-22 00:00:00-04:00,86.76215186840454,88.78146402221529,82.94789144310892,88.68391418457031,574500,0.0,0.0
2025-07-23 00:00:00-04:00,89.38627158224787,89.38627158224787,87.31818836738242,88.19615173339844,752800,0.0,0.0
2025-07-24 00:00:00-04:00,80.96759592692057,80.96759592692057,69.99307238260904,73.16349029541016,3125800,0.0,0.0
2025-07-25 00:00:00-04:00,74.25606075982688,76.96798602019456,72.90984790210882,75.72908020019531,1657500,0.0,0.0
2025-07-28 00:00:00-04:00,76.94847654781528,77.28015489738155,74.83161474474701,76.5094985961914,1021100,0.0,0.0
2025-07-29 00:00:00-04:00,76.50949630281737,79.17265046488878,76.40218926140142,79.03607177734375,1252600,0.0,0.0
2025-07-30 00:00:00-04:00,79.27995522908711,79.37751250405755,77.05578630314375,77.46550750732422,766200,0.0,0.0
2025-07-31 00:00:00-04:00,76.22660359118134,78.14836585503636,75.91443965366926,76.0607681274414,819800,0.0,0.0
2025-08-01 00:00:00-04:00,76.38269109621066,77.24114008412332,74.49995021012938,75.57301330566406,646000,0.0,0.0
2025-08-04 00:00:00-04:00,75.2998664416081,77.16309278722977,75.2998664416081,77.15333557128906,472600,0.0,0.0
2025-08-05 00:00:00-04:00,76.09004289223776,77.01677761709985,75.5925289894056,76.09980010986328,553000,0.0,0.0
2025-08-06 00:00:00-04:00,76.06076882877929,77.13383190871059,75.6315406197766,77.09481048583984,515100,0.0,0.0
2025-08-07 00:00:00-04:00,77.08504323326854,77.08504323326854,75.52422373452954,75.83638763427734,430700,0.0,0.0
2025-08-08 00:00:00-04:00,76.08026534319258,76.63630751803038,75.43643056091564,76.2363510131836,322300,0.0,0.0
2025-08-11 00:00:00-04:00,76.39245033702088,76.52902161469112,75.50473703216423,75.69983673095703,408000,0.0,0.0
2025-08-12 00:00:00-04:00,76.22660064120835,76.54852178253364,75.09500920248543,76.43145751953125,420100,0.0,0.0
2025-08-13 00:00:00-04:00,76.7143634097667,77.5240412148594,75.9437070288132,77.43624114990234,669300,0.0,0.0
2025-08-14 00:00:00-04:00,77.31917473751615,77.37770314518337,76.05100465917825,76.28512573242188,659700,0.0,0.0
2025-08-15 00:00:00-04:00,76.81447946471125,76.85369142847354,74.85392615010181,75.197021484375,667500,0.38,0.0
2025-08-18 00:00:00-04:00,75.03037458075012,75.27544373963201,74.23635289922629,74.28536224365234,341400,0.0,0.0
2025-08-19 00:00:00-04:00,74.59905518965967,75.80479881840046,74.39319798063907,75.76558685302734,499100,0.0,0.0
2025-08-20 00:00:00-04:00,76.36355699740082,77.44185987968889,75.97144481868213,76.35375213623047,482700,0.0,0.0
2025-08-21 00:00:00-04:00,76.10868857775296,77.088965357455,75.82440741416916,76.56941986083984,451200,0.0,0.0
2025-08-22 00:00:00-04:00,77.2556036880456,77.80456372112143,76.78507506417218,77.15757751464844,592500,0.0,0.0
2025-08-25 00:00:00-04:00,76.9517119057832,77.65751224345657,75.71656131485481,75.77538299560547,288100,0.0,0.0
2025-08-26 00:00:00-04:00,75.77539030744215,76.53020005983905,75.73617834279695,76.37335968017578,396500,0.0,0.0
2025-08-27 00:00:00-04:00,76.15769941942112,77.90259075344918,75.8636134170695,77.48107147216797,457800,0.0,0.0
2025-08-28 00:00:00-04:00,77.24581088178519,77.24581088178519,75.94204100950995,76.58901977539062,1723000,0.0,0.0
2025-08-29 00:00:00-04:00,76.94191642401195,77.8633789192789,76.62822817780244,76.68704986572266,641400,0.0,0.0
2025-09-02 00:00:00-04:00,76.58901084189014,77.1575730854402,76.09887252412297,76.93211364746094,312900,0.0,0.0
2025-09-03 00:00:00-04:00,76.47139015753291,77.8241693588225,76.47139015753291,77.65752410888672,391600,0.0,0.0
2025-09-04 00:00:00-04:00,78.2064767222355,79.48083946931185,77.9418052945075,79.4416275024414,390200,0.0,0.0
2025-09-05 00:00:00-04:00,79.22595951330989,79.50043578200717,78.13785182031897,78.23587799072266,388100,0.0,0.0
2025-09-08 00:00:00-04:00,78.29470121076913,78.29470121076913,77.11836470611512,78.15746307373047,273800,0.0,0.0
2025-09-09 00:00:00-04:00,77.86337477646023,78.24568207247076,77.06935308150257,77.11836242675781,456400,0.0,0.0
2025-09-10 00:00:00-04:00,76.677254636187,76.8144927937101,75.56953703471225,76.47139739990234,389100,0.0,0.0
2025-09-11 00:00:00-04:00,76.37336300674592,78.16726372416565,76.35375328411041,78.1280517578125,470000,0.0,0.0
2025-09-12 00:00:00-04:00,77.88297679628357,78.31430091523447,77.41244819280743,77.45166015625,384200,0.0,0.0
2025-09-15 00:00:00-04:00,77.67712081979158,77.83396867603012,75.39308187492784,75.5891342163086,871000,0.0,0.0
2025-09-16 00:00:00-04:00,75.65776072923592,75.8342108454102,74.59906003219028,75.3930892944336,454600,0.0,0.0
2025-09-17 00:00:00-04:00,75.78518959412777,76.81448312491037,75.11860113624103,75.89302062988281,495400,0.0,0.0
2025-09-18 00:00:00-04:00,75.90281767367458,77.11835856736553,75.54011263813427,76.75566101074219,407100,0.0,0.0
2025-09-19 00:00:00-04:00,76.51059864203377,76.75566781452086,75.16761688439423,75.90282440185547,1832700,0.0,0.0
2025-09-22 00:00:00-04:00,75.55973055603154,77.34383386799556,74.93235406032449,77.07915496826172,617000,0.0,0.0
2025-09-23 00:00:00-04:00,76.7752685546875,77.8339691540474,76.13808722291066,76.7752685546875,391200,0.0,0.0
2025-09-24 00:00:00-04:00,76.66743332453014,77.44185274949514,76.39295706837385,77.27520751953125,389400,0.0,0.0
2025-09-25 00:00:00-04:00,77.47126694531549,78.03982923022572,76.52039734304923,76.88310241699219,429400,0.0,0.0
2025-09-26 00:00:00-04:00,77.41245335141488,78.47115399816181,77.32422455806041,78.26528930664062,321900,0.0,0.0
2025-09-29 00:00:00-04:00,78.20646293560131,78.20646293560131,77.26539833336037,77.77513885498047,416200,0.0,0.0
2025-09-30 00:00:00-04:00,77.71633501132034,79.67688839699005,77.71633501132034,79.47103118896484,393400,0.0,0.0
2025-10-01 00:00:00-04:00,78.74562011569977,80.34346826186605,78.74562011569977,79.6768798828125,376100,0.0,0.0
2025-10-02 00:00:00-04:00,79.11813398713932,80.65716815420534,78.45154551152945,80.5689468383789,311000,0.0,0.0
2025-10-03 00:00:00-04:00,80.5689500036802,82.3138414551438,80.37289016261124,81.8629150390625,378900,0.0,0.0
2025-10-06 00:00:00-04:00,82.26481511498821,83.18627756419187,82.00014370879,82.53929138183594,452700,0.0,0.0
2025-10-07 00:00:00-04:00,82.64712553903458,83.38233305829938,81.31394863912097,82.57850646972656,807600,0.0,0.0
2025-10-08 00:00:00-04:00,82.87259028366603,83.1764736570285,82.27462091878557,82.59811401367188,375800,0.0,0.0
2025-10-09 00:00:00-04:00,82.44126501870015,82.98042016939866,80.96104517862386,81.28453826904297,382700,0.0,0.0
2025-10-10 00:00:00-04:00,82.09817670248943,82.09817670248943,79.99058022270162,80.16703033447266,502500,0.0,0.0
2025-10-13 00:00:00-04:00,80.18663523355663,81.04927601758826,79.25536790231993,80.80420684814453,398500,0.0,0.0
2025-10-14 00:00:00-04:00,80.88262756812773,82.89219019048244,80.6375584084076,82.61771392822266,499000,0.0,0.0
2025-10-15 00:00:00-04:00,82.32364353208753,82.59811982138089,80.39249716666467,81.2257308959961,294800,0.0,0.0
2025-10-16 00:00:00-04:00,80.75519560177199,81.68646299734658,78.88287090690687,78.9710922241211,342800,0.0,0.0
2025-10-17 00:00:00-04:00,78.97109418152885,79.86314963192414,78.73582985087486,79.5494613647461,343100,0.0,0.0
2025-10-20 00:00:00-04:00,80.22584457658692,82.0197528004695,79.75531593096007,81.95113372802734,463600,0.0,0.0
2025-10-21 00:00:00-04:00,81.93151915499159,82.84317668249054,81.3727617980675,82.3236312866211,345800,0.0,0.0
2025-10-22 00:00:00-04:00,82.01974414565905,82.67652769528928,77.32421817282781,79.578857421875,1664700,0.0,0.0
2025-10-23 00:00:00-04:00,77.31442437810794,77.31442437810794,73.71680328159721,75.04998016357422,1430600,0.0,0.0
2025-10-24 00:00:00-04:00,75.75578541061623,76.6772479411734,74.42260844343825,75.7361831665039,782400,0.0,0.0
2025-10-27 00:00:00-04:00,75.19702634136304,76.71645824989267,74.07951147816858,75.35387420654297,896300,0.0,0.0
2025-10-28 00:00:00-04:00,74.4226043884514,75.04018348865121,73.35410638797494,74.11872100830078,1011200,0.0,0.0
2025-10-29 00:00:00-04:00,73.45213436391714,74.95195653735679,73.06002218314887,73.17765808105469,717000,0.0,0.0
2025-10-30 00:00:00-04:00,73.2364806865122,75.09900814949665,72.7365374117453,74.4912338256836,562000,0.0,0.0
2025-10-31 00:00:00-04:00,73.63838746424342,74.19714487701357,73.02080836455386,73.85404205322266,591600,0.0,0.0
2025-11-03 00:00:00-05:00,73.45212918789854,74.14812470723089,72.03073104655904,72.56007385253906,534400,0.0,0.0
2025-11-04 00:00:00-05:00,72.73653030171303,74.13832632336826,72.01112761633527,73.89325714111328,475000,0.0,0.0
2025-11-05 00:00:00-05:00,73.96188018925736,75.70677914301153,73.04042510010437,75.5107192993164,565700,0.0,0.0
2025-11-06 00:00:00-05:00,75.39308498904123,76.04986858660439,75.17742291726401,75.62834930419922,321100,0.0,0.0
2025-11-07 00:00:00-05:00,75.97144335296298,77.23600117850175,75.49110986973149,76.69684600830078,363700,0.0,0.0
2025-11-10 00:00:00-05:00,76.69684686010697,77.16738296650071,75.76558698732724,77.02033996582031,288200,0.0,0.0
2025-11-11 00:00:00-05:00,77.25560671235468,77.53008300017865,76.18710866633738,77.46146392822266,411000,0.0,0.0
2025-11-12 00:00:00-05:00,77.37323905512959,77.99081067434047,77.29481512538032,77.55949401855469,361300,0.0,0.0
2025-11-13 00:00:00-05:00,77.55949363723296,78.47115124906263,77.55949363723296,77.89278411865234,311000,0.0,0.0
2025-11-14 00:00:00-05:00,77.88292759263597,78.1884719185677,76.6016386322224,77.311279296875,297400,0.43,0.0
2025-11-17 00:00:00-05:00,77.53796134814475,77.65623729250369,76.22709783003693,76.64105987548828,452200,0.0,0.0
2025-11-18 00:00:00-05:00,76.74948710642595,77.77452285885425,74.56143074255118,77.33099365234375,303200,0.0,0.0
2025-11-19 00:00:00-05:00,77.34083895920776,77.50839090011802,75.60616278145145,75.8919906616211,394900,0.0,0.0
2025-11-20 00:00:00-05:00,76.50307819383764,78.73055217420576,75.27106525440873,75.8328628540039,400900,0.0,0.0
2025-11-21 00:00:00-05:00,76.29609834776282,77.62667077352397,75.84271098409549,76.84803771972656,459200,0.0,0.0
2025-11-24 00:00:00-05:00,76.84803574359505,77.22256494785236,75.76386592528405,76.93673706054688,407000,0.0,0.0
2025-11-25 00:00:00-05:00,77.10429737942292,79.77530040052433,77.10429737942292,77.99134063720703,347200,0.0,0.0
2025-11-26 00:00:00-05:00,77.5971022798032,78.67141389811283,77.28170728437553,78.27716827392578,889500,0.0,0.0
2025-11-28 00:00:00-05:00,77.84350458123001,78.4250110471634,77.33098301570618,77.4295425415039,158100,0.0,0.0
2025-12-01 00:00:00-05:00,77.54782097642403,78.41515535877167,77.0550158119881,77.90264129638672,340800,0.0,0.0
2025-12-02 00:00:00-05:00,78.45457815294174,78.45457815294174,77.39011722726285,77.4295425415039,273300,0.0,0.0
2025-12-03 00:00:00-05:00,77.75479656113721,77.85335608797034,75.89199368143443,76.92688751220703,532600,0.0,0.0
2025-12-04 00:00:00-05:00,76.6903372403245,77.47882851082473,75.75401043626427,75.99055480957031,448200,0.0,0.0
2025-12-05 00:00:00-05:00,75.94127790385978,76.64106032631089,74.90638406355875,76.42422485351562,389500,0.0,0.0
2025-12-08 00:00:00-05:00,76.34537739110478,76.53264576530876,75.31049102747549,75.61602783203125,567500,0.0,0.0
2025-12-09 00:00:00-05:00,75.87228933584426,77.4196973107513,75.45832726693376,77.02545166015625,361100,0.0,0.0
2025-12-10 00:00:00-05:00,76.76919152893207,78.1786146663658,76.02012553822891,77.65624237060547,539800,0.0,0.0
2025-12-11 00:00:00-05:00,78.2081850387274,80.43566668531969,78.09976729135272,80.03156280517578,542900,0.0,0.0
2025-12-12 00:00:00-05:00,80.63277582697964,81.53954301327526,79.81472499704014,81.11573028564453,571200,0.0,0.0
2025-12-15 00:00:00-05:00,81.56911732802845,82.60400371746644,79.08537495415638,82.5350112915039,487500,0.0,0.0
2025-12-16 00:00:00-05:00,82.77155947958924,83.44177481009804,80.86933122679301,82.00277709960938,626700,0.0,0.0
2025-12-17 00:00:00-05:00,81.4606921921084,82.98838363396248,81.4606921921084,82.95881652832031,582500,0.0,0.0
2025-12-18 00:00:00-05:00,82.83069200125772,83.94442895319102,82.24917800362176,83.29393005371094,568800,0.0,0.0
2025-12-19 00:00:00-05:00,82.9489657842947,83.55018114437487,82.62371258322771,83.31363677978516,1291600,0.0,0.0
2025-12-22 00:00:00-05:00,83.01795702702233,84.85118522611563,82.88982287832836,84.38795471191406,411200,0.0,0.0
2025-12-23 00:00:00-05:00,84.30910354385486,84.94975172438394,83.73744778156063,83.82615661621094,364500,0.0,0.0
2025-12-24 00:00:00-05:00,83.63890104496144,84.35839244231876,82.90955143788929,83.35307312011719,198700,0.0,0.0
2025-12-26 00:00:00-05:00,83.56003901483996,84.02327705334493,82.52515272418924,82.82083129882812,167200,0.0,0.0
2025-12-29 00:00:00-05:00,82.96868125212495,83.79659035355928,82.57443560018035,83.32350158691406,225600,0.0,0.0
2025-12-30 00:00:00-05:00,83.22493782522889,83.8557278284461,82.16047687494611,83.36292266845703,214600,0.0,0.0
2025-12-31 00:00:00-05:00,83.04753271106262,83.4910543741478,82.40688446024257,82.46601867675781,294100,0.0,0.0
2026-01-02 00:00:00-05:00,82.2196167346864,82.33789268826652,80.98760375009947,82.31817626953125,421600,0.0,0.0
2026-01-05 00:00:00-05:00,81.59867979319426,84.60478677577618,81.50012026451469,83.92472076416016,493300,0.0,0.0
2026-01-06 00:00:00-05:00,83.22494657470813,83.68818467693589,82.2787614704094,82.99825286865234,417100,0.0,0.0
2026-01-07 00:00:00-05:00,82.76170791504306,82.9982523096218,81.77609749808575,82.79127502441406,439200,0.0,0.0
2026-01-08 00:00:00-05:00,82.77156156777356,84.75263298267154,82.16048043584281,84.2499771118164,316200,0.0,0.0
2026-01-09 00:00:00-05:00,83.93458461244585,85.03846343920225,82.93911601079398,83.23479461669922,302500,0.0,0.0
2026-01-12 00:00:00-05:00,82.68285159681562,83.97399874805477,80.52436252568803,81.92393493652344,404700,0.0,0.0
2026-01-13 00:00:00-05:00,81.87465334677537,81.9633621905021,80.57364795579647,80.70177459716797,358900,0.0,0.0
2026-01-14 00:00:00-05:00,80.64264029729927,81.58882535160895,80.03155915989473,81.05659484863281,503700,0.0,0.0
2026-01-15 00:00:00-05:00,81.03688476149382,81.89436095959479,80.94817591916011,81.77609252929688,480800,0.0,0.0
2026-01-16 00:00:00-05:00,81.38184712045414,81.66767502719345,80.50465450166566,80.71163177490234,478200,0.0,0.0
2026-01-20 00:00:00-05:00,80.41594960490666,80.91861301863767,79.9034355012122,80.17940521240234,490700,0.0,0.0
2026-01-21 00:00:00-05:00,80.49479568152647,81.72680862211409,80.19911708755157,81.63810729980469,614900,0.0,0.0
2026-01-22 00:00:00-05:00,81.15514635001033,81.36213112480237,80.30752843242934,80.9186019897461,536800,0.0,0.0
2026-01-23 00:00:00-05:00,80.23854562706252,80.43566469763041,77.30142335009344,78.9178237915039,1000300,0.0,0.0
2026-01-26 00:00:00-05:00,79.45005672152008,81.38185224634833,79.25293764495811,80.5933609008789,513400,0.0,0.0
2026-01-27 00:00:00-05:00,80.2582494929648,80.53421918229692,79.1839303227961,79.45990753173828,381000,0.0,0.0
2026-01-28 00:00:00-05:00,78.93753196121963,80.69192475934715,78.85868884548742,80.1991195678711,529200,0.0,0.0
2026-01-29 00:00:00-05:00,80.60321045248635,83.5206160859689,80.45536740114025,82.8701171875,1052600,0.0,0.0
2026-01-30 00:00:00-05:00,83.33335523923313,83.97399592904964,76.33551597880404,82.8701171875,1336900,0.0,0.0
2026-02-02 00:00:00-05:00,83.35306568284231,84.6639292323545,82.71241746153403,83.42205810546875,540100,0.0,0.0
2026-02-03 00:00:00-05:00,82.94896684042355,86.37888648927945,82.94896684042355,85.57068634033203,1166100,0.0,0.0
2026-02-04 00:00:00-05:00,86.68442635983678,88.50781150378195,85.74809954506233,87.80802154541016,874800,0.0,0.0
2026-02-05 00:00:00-05:00,88.18255965953321,89.61169166635071,86.92097960834887,88.64579772949219,686400,0.0,0.0
2026-02-06 00:00:00-05:00,88.70493015547453,89.99607728812897,88.22198319678554,88.8034896850586,884800,0.0,0.0
2026-02-09 00:00:00-05:00,88.3599670907021,89.16816725596522,86.98011113255264,87.3250732421875,466000,0.0,0.0
2026-02-10 00:00:00-05:00,87.2560739503331,88.34024371794423,87.0293878045393,87.95585632324219,495100,0.0,0.0
2026-02-11 00:00:00-05:00,87.62075406772978,88.38952887133881,85.47212338911523,87.37435150146484,421200,0.0,0.0
2026-02-12 00:00:00-05:00,88.00514441816344,88.438815355595,86.01420740505475,86.49716186523438,478700,0.0,0.0
2026-02-13 00:00:00-05:00,86.20002369903155,86.4476395352607,84.67470924106368,85.59584045410156,399300,0.43,0.0
2026-02-17 00:00:00-05:00,86.30897528723507,86.99239741347552,85.45717620592067,85.7146987915039,466900,0.0,0.0
2026-02-18 00:00:00-05:00,85.44726570265618,85.44726570265618,83.89223862143609,84.43699645996094,480600,0.0,0.0
2026-02-19 00:00:00-05:00,84.23891444497656,84.54595567812781,83.5752982298232,84.13986206054688,430500,0.0,0.0
2026-02-20 00:00:00-05:00,84.67470936078671,84.93223194668711,82.54521165487792,84.2884292602539,727100,0.0,0.0
2026-02-23 00:00:00-05:00,84.66481037661279,84.92232540651177,82.04008099108133,82.20845794677734,755300,0.0,0.0
2026-02-24 00:00:00-05:00,82.2084541228509,82.52540207744467,81.00999443339835,81.84197998046875,473200,0.0,0.0
2026-02-25 00:00:00-05:00,82.0995102276531,82.29759988404848,80.48505761378631,82.07970428466797,544300,0.0,0.0
2026-02-26 00:00:00-05:00,82.50559611815686,83.65452961956824,82.1688346658677,82.99092102050781,642400,0.0,0.0
2026-02-27 00:00:00-05:00,83.02063750385337,83.65453344186506,81.75284562782997,83.23854064941406,533400,0.0,0.0
2026-03-02 00:00:00-05:00,83.08996955937616,84.36766818355758,82.93149935333707,84.05072021484375,349500,0.0,0.0
2026-03-03 00:00:00-05:00,82.95130158851217,83.28805548419402,81.30712887909523,83.0305404663086,316900,0.0,0.0
2026-03-04 00:00:00-05:00,82.79282776988205,82.93149959093756,81.13875578956264,81.35665893554688,382200,0.0,0.0
2026-03-05 00:00:00-05:00,80.92085274112804,80.93075949049445,79.59363547818504,80.10867309570312,638200,0.0,0.0
2026-03-06 00:00:00-05:00,79.23706818609244,79.46487808204715,77.43442518712426,79.3163070678711,732500,0.0,0.0
2026-03-09 00:00:00-04:00,79.019165234942,79.15782950007973,75.99825653685758,77.03823852539062,553200,0.0,0.0
2026-03-10 00:00:00-04:00,76.54300696571428,77.07785808491195,75.84968563895937,76.20625305175781,465300,0.0,0.0
2026-03-11 00:00:00-04:00,75.92892453602929,76.50338753975277,74.87902823963316,76.02796936035156,600100,0.0,0.0
2026-03-12 00:00:00-04:00,75.06722246702496,76.46377194039675,74.47294593459789,75.83978271484375,498900,0.0,0.0
2026-03-13 00:00:00-04:00,76.70148866125051,76.77082079747963,75.38417051626116,75.68131256103516,623000,0.0,0.0
2026-03-16 00:00:00-04:00,76.21614456746974,77.07785032104101,75.74072643605004,75.82986450195312,459200,0.0,0.0
2026-03-17 00:00:00-04:00,76.46376423462483,76.99861532689945,75.59215924534509,75.76053619384766,475700,0.0,0.0
2026-03-18 00:00:00-04:00,74.74035644815893,75.65158083078387,73.66075512547755,73.92817687988281,513100,0.0,0.0
2026-03-19 00:00:00-04:00,73.74989708200522,74.08665853651863,72.5316314436401,73.02686309814453,423400,0.0,0.0
2026-03-20 00:00:00-04:00,73.15562437398961,73.57161717159623,72.08592213159909,73.33390808105469,1172200,0.0,0.0
2026-03-23 00:00:00-04:00,74.83940510506747,75.7407303421797,73.48247520988515,74.35408020019531,764200,0.0,0.0
2026-03-24 00:00:00-04:00,74.5521737347252,74.75027094058028,73.41314691676035,73.86875915527344,497100,0.0,0.0
2026-03-25 00:00:00-04:00,74.5620805682767,74.62150595178238,72.25429912475322,73.01696014404297,493800,0.0,0.0
2026-03-26 00:00:00-04:00,72.91791522176784,74.67103204256179,72.74953070766743,74.04704284667969,652900,0.0,0.0
2026-03-27 00:00:00-04:00,73.81923293989557,74.54227451691162,73.05657947835753,73.96780395507812,495400,0.0,0.0
2026-03-30 00:00:00-04:00,74.32437508228254,75.35445793394169,73.68057235541606,74.63141632080078,565700,0.0,0.0
2026-03-31 00:00:00-04:00,75.18608097076756,75.79025669788227,74.08666598273811,74.67103576660156,584100,0.0,0.0
2026-04-01 00:00:00-04:00,74.57198708247009,75.85958491305733,73.8489455066772,75.05731201171875,683200,0.0,0.0
2026-04-02 00:00:00-04:00,74.80969605413594,76.30529783724441,74.5224607741591,76.18643951416016,569000,0.0,0.0
2026-04-06 00:00:00-04:00,75.81996908259853,77.03823471703208,75.51292031928465,76.96890258789062,386000,0.0,0.0
2026-04-07 00:00:00-04:00,76.96890627731577,78.78145602742777,76.81043607024004,78.46450805664062,565800,0.0,0.0
2026-04-08 00:00:00-04:00,79.01916491312801,80.6534309531793,78.74183638398198,80.62371826171875,572200,0.0,0.0
2026-04-09 00:00:00-04:00,80.26715083702071,81.5745621575082,79.73229972091642,80.802001953125,522800,0.0,0.0
2026-04-10 00:00:00-04:00,80.56428547054976,81.41608455828755,78.74183652901307,79.17764282226562,625000,0.0,0.0
2026-04-13 00:00:00-04:00,79.14792991961569,81.08923717867054,78.81116845119097,80.9604721069336,351400,0.0,0.0
2026-04-14 00:00:00-04:00,80.33647538108337,81.38636401539695,79.44505693844215,80.12847900390625,266300,0.0,0.0
2026-04-15 00:00:00-04:00,79.8610573348301,80.54447946569196,79.13802331973584,79.85115814208984,413500,0.0,0.0
2026-04-16 00:00:00-04:00,79.57381820871582,80.2473335576381,78.9102096086905,79.90067291259766,490900,0.0,0.0
2026-04-17 00:00:00-04:00,79.90067280207343,82.41645049731383,79.39554195855693,81.98064422607422,380800,0.0,0.0
2026-04-20 00:00:00-04:00,81.80236828776854,83.16921261115249,80.73267356261782,81.06942749023438,552400,0.0,0.0
2026-04-21 00:00:00-04:00,81.07933050444788,81.07933050444788,79.88087075672547,80.10867309570312,439300,0.0,0.0
2026-04-22 00:00:00-04:00,79.68277782246395,79.78183020816451,76.30530154455792,76.8896713256836,1372300,0.0,0.0
2026-04-23 00:00:00-04:00,78.95973201927565,85.71469112651427,78.92011258221844,83.57528686523438,1469100,0.0,0.0
2026-04-24 00:00:00-04:00,82.58483137959934,83.5356752885381,81.14866254515378,81.69342041015625,838500,0.0,0.0
2026-04-27 00:00:00-04:00,81.95093517342052,84.72423556627032,80.72276273962046,84.40728759765625,761300,0.0,0.0
2026-04-28 00:00:00-04:00,85.3482285527698,86.35850544287854,84.22900764180226,84.79357147216797,670200,0.0,0.0
2026-04-29 00:00:00-04:00,84.28842931557112,85.21946727984357,83.03054418984262,83.8724365234375,497600,0.0,0.0
2026-04-30 00:00:00-04:00,82.76311109109477,84.14976122512294,82.51549526561243,83.1493911743164,522600,0.0,0.0
2026-05-01 00:00:00-04:00,83.5455820611219,83.5455820611219,81.05951693676543,81.29723358154297,358600,0.0,0.0
2026-05-04 00:00:00-04:00,80.50485994736702,82.08959979738691,79.90067669882261,80.10867309570312,362000,0.0,0.0
2026-05-05 00:00:00-04:00,79.90068036756902,81.78256233190487,79.10831418449436,81.36656951904297,581800,0.0,0.0
2026-05-06 00:00:00-04:00,81.60427469950511,82.83244713610502,81.56465525875858,82.20845794677734,502700,0.0,0.0
2026-05-07 00:00:00-04:00,83.87243272865963,84.60537345639565,83.24844356869137,83.88233947753906,620900,0.0,0.0
2026-05-08 00:00:00-04:00,83.97148132324219,84.5756645692534,82.57493193386105,83.97148132324219,400100,0.0,0.0
2026-05-11 00:00:00-04:00,84.3874779330953,84.93223582107437,82.7036931902007,84.0011978149414,427200,0.0,0.0
2026-05-12 00:00:00-04:00,84.00119015511542,85.24917603046254,82.6838797075863,85.07089233398438,370600,0.0,0.0
2026-05-13 00:00:00-04:00,84.29833218839747,85.65526963173174,83.65452953114732,84.35775756835938,358900,0.0,0.0
2026-05-14 00:00:00-04:00,84.912429719235,85.66517645458774,84.21910081250152,85.13032531738281,259400,0.0,0.0
2026-05-15 00:00:00-04:00,85.5782762781786,87.82798064548562,85.11041663242665,87.79811096191406,643400,0.43,0.0
2026-05-18 00:00:00-04:00,87.11126128236663,89.98809233929693,86.95198667973952,89.18177795410156,606700,0.0,0.0
2026-05-19 00:00:00-04:00,89.18177377730308,89.80890800248686,87.82797769153258,87.93746948242188,466800,0.0,0.0
2026-05-20 00:00:00-04:00,87.7981123255691,88.96278697475859,85.83709503991248,88.81346893310547,451700,0.0,0.0
2026-05-21 00:00:00-04:00,88.25602249807775,90.31659019592792,87.76824972520845,90.27677154541016,596400,0.0,0.0
2026-05-22 00:00:00-04:00,90.92380349323443,90.92380349323443,89.6695501810457,90.2867202758789,557100,0.0,0.0
2026-05-26 00:00:00-04:00,90.27676821563968,91.23239300892554,88.89310243836454,88.99264526367188,559700,0.0,0.0
2026-05-27 00:00:00-04:00,88.65419154118459,89.97813315709215,87.51938661172977,88.58451080322266,540000,0.0,0.0
2026-05-28 00:00:00-04:00,88.11664885315724,88.87318798448938,86.8524390419774,86.89225769042969,562200,0.0,0.0
2026-05-29 00:00:00-04:00,86.44430413249542,87.62888424881734,85.69772155726007,86.14567565917969,551900,0.0,0.0
2026-06-01 00:00:00-04:00,85.4588184843322,86.63344205665376,84.61269307253302,85.72759246826172,527000,0.0,0.0
2026-06-02 00:00:00-04:00,84.95114166452562,86.81262367829282,84.95114166452562,85.65791320800781,484000,0.0,0.0
2026-06-03 00:00:00-04:00,85.66785828165642,86.49407814283987,84.66246589574608,85.12036895751953,408200,0.0,0.0
2026-06-04 00:00:00-04:00,86.3149027924886,87.5492505748002,84.48329044419594,85.61809539794922,505300,0.0,0.0
2026-06-05 00:00:00-04:00,86.23526442737771,88.873191122084,86.11581607243448,88.18633270263672,466400,0.0,0.0
2026-06-08 00:00:00-04:00,87.40988797890006,88.93291526081012,86.90221728135064,87.46961975097656,576300,0.0,0.0
2026-06-09 00:00:00-04:00,87.76825133759085,90.31659185512565,87.54925255303547,89.83877563476562,647700,0.0,0.0
2026-06-10 00:00:00-04:00,90.69485748583662,91.49121532011773,88.74378914594222,90.9238052368164,562300,0.0,0.0
2026-06-11 00:00:00-04:00,91.22243695358671,92.28756113900312,90.97357609162371,91.4912109375,387000,0.0,0.0
2026-06-12 00:00:00-04:00,91.63057711075847,92.30747899378952,91.20253610245014,91.98893737792969,458900,0.0,0.0
2026-06-15 00:00:00-04:00,91.9192443362025,92.62601586750613,91.50115991078434,91.84956359863281,331400,0.0,0.0
2026-06-16 00:00:00-04:00,92.59614771114633,93.56172908669579,91.70025466894626,92.13824462890625,366600,0.0,0.0
2026-06-17 00:00:00-04:00,91.64052142737009,93.30291775808027,91.55093516243888,92.20792388916016,512200,0.0,0.0
2026-06-18 00:00:00-04:00,92.63596398781858,92.7753254616852,91.24234924915244,91.8893814086914,1179100,0.0,0.0
2026-06-22 00:00:00-04:00,92.0586174791596,93.45223229221475,91.10298504359157,92.018798828125,557600,0.0,0.0
2026-06-23 00:00:00-04:00,93.05405773356232,94.34812967132277,92.49660423310424,93.96986389160156,406500,0.0,0.0
2026-06-24 00:00:00-04:00,94.29836403676276,95.56257391250935,92.77532913554208,94.95535278320312,458800,0.0,0.0
2026-06-25 00:00:00-04:00,94.95534844872489,95.90101667204759,93.92008636724081,94.07936096191406,458700,0.0,0.0
2026-06-26 00:00:00-04:00,94.65671281221859,96.8765550191473,93.82054397026707,95.8612060546875,3138700,0.0,0.0
2026-06-29 00:00:00-04:00,95.55261317463777,97.48377586832412,94.55716973989317,97.3145523071289,641700,0.0,0.0
2026-06-30 00:00:00-04:00,97.10551064502931,97.42405224215949,95.94083604788806,96.5679702758789,696200,0.0,0.0
2026-07-01 00:00:00-04:00,97.24487368910945,98.23036058448034,96.7869706105065,97.5733642578125,631600,0.0,0.0
2026-07-02 00:00:00-04:00,97.57336510951001,99.84298258947557,96.11006959527231,99.69366455078125,402100,0.0,0.0
2026-07-06 00:00:00-04:00,99.70362264305847,99.94252695185962,97.74259777151431,97.82222747802734,319500,0.0,0.0
2026-07-07 00:00:00-04:00,98.29008540482697,99.73348298287773,97.39418476924905,97.54350280761719,389700,0.0,0.0
2026-07-08 00:00:00-04:00,98.28013461772716,98.28013461772716,96.49828994070549,96.54805755615234,433100,0.0,0.0
2026-07-09 00:00:00-04:00,96.95619328419541,97.07564163730555,94.48749019329844,95.09471130371094,739700,0.0,0.0
2026-07-10 00:00:00-04:00,95.32366584238314,96.03042977269703,94.72640129792654,95.49288940429688,337400,0.0,0.0
2026-07-13 00:00:00-04:00,96.43855845422559,97.58331993771138,96.00056850169955,97.25482177734375,359000,0.0,0.0
2026-07-14 00:00:00-04:00,97.52359388401631,98.03127215893716,95.74174923603424,95.90101623535156,390700,0.0,0.0
2026-07-15 00:00:00-04:00,94.9354458324306,95.01507553757799,93.06400726079495,93.22328186035156,566400,0.0,0.0
2026-07-16 00:00:00-04:00,92.82510020239566,95.17434731374792,92.63596351969072,94.79608154296875,627200,0.0,0.0
2026-07-17 00:00:00-04:00,95.31371333455402,97.453918338277,94.85581024451136,96.02047729492188,384300,0.0,0.0
2026-07-20 00:00:00-04:00,96.11007286487406,97.19510263334496,95.78157468749745,96.29920196533203,372500,0.0,0.0
2026-07-21 00:00:00-04:00,96.26933544180461,98.77785719671044,95.11462498537036,98.30999755859375,601500,0.0,0.0
2026-07-22 00:00:00-04:00,98.01136467559705,98.11090750522553,95.41325657074903,95.6422119140625,503600,0.0,0.0
2026-07-23 00:00:00-04:00,94.79608101135406,98.30003853706302,94.18885991256732,97.34441375732422,844800,0.0,0.0
2026-07-24 00:00:00-04:00,95.41325131649516,98.7380363243396,94.3879457979847,95.89106750488281,1056600,0.0,0.0
2026-07-27 00:00:00-04:00,95.94084146774088,98.40954468093373,92.04866134526337,92.35724639892578,1050100,0.0,0.0
2026-07-28 00:00:00-04:00,91.64052225222338,94.66667127388558,90.9934900806586,93.96986389160156,1012400,0.0,0.0
2026-07-29 00:00:00-04:00,93.75086285228866,96.26933352340507,92.1083796684121,96.23947143554688,833600,0.0,0.0
2026-07-30 00:00:00-04:00,95.67207347997213,96.55801756969056,93.44228221104504,94.22868347167969,615600,0.0,0.0
2026-07-31 00:00:00-04:00,93.9599067329952,95.23407313514342,93.7309589922568,94.35808563232422,649500,0.0,0.0
2026-08-03 00:00:00-04:00,94.33817445795924,95.32366896293644,94.26849371873539,94.98521423339844,529700,0.0,0.0
2026-08-04 00:00:00-04:00,94.02958681472226,96.7172886704676,93.86036325194314,96.189697265625,556300,0.0,0.0
2026-08-05 00:00:00-04:00,96.25937676158833,96.9064165108106,95.86120546480294,96.24942779541016,345900,0.0,0.0
2026-08-06 00:00:00-04:00,97.44396265718606,97.44396265718606,95.93089189357879,96.33901977539062,295900,0.0,0.0
2026-08-07 00:00:00-04:00,96.32905957561351,96.32905957561351,94.95535034496214,95.7915267944336,248900,0.0,0.0
2026-08-10 00:00:00-04:00,95.1942589914456,95.69198074050715,94.04950504430896,94.50740814208984,369000,0.0,0.0
2026-08-11 00:00:00-04:00,94.3580868374401,94.69653396968229,93.42236755126075,93.5816421508789,330200,0.0,0.0
2026-08-12 00:00:00-04:00,93.07396740563827,94.05945434578946,92.62602086774169,93.41241455078125,365100,0.0,0.0
2026-08-13 00:00:00-04:00,94.18886581044647,94.64676890474635,93.00428562640325,93.46218872070312,249800,0.0,0.0
2026-08-14 00:00:00-04:00,93.46218623699951,94.20876883507628,93.00428315486815,93.94000244140625,256600,0.0,0.0
2026-08-17 00:00:00-04:00,93.56999969482422,94.6500015258789,91.73999786376953,92.0999984741211,508000,0.43,0.0
2026-08-18 00:00:00-04:00,93.12000274658203,93.48999786376953,91.20999908447266,91.30000305175781,379000,0.0,0.0
2026-08-19 00:00:00-04:00,91.7300033569336,92.4000015258789,89.75,89.83000183105469,292400,0.0,0.0
2026-08-20 00:00:00-04:00,89.52999877929688,90.93000030517578,88.87000274658203,90.80999755859375,426200,0.0,0.0
2026-08-21 00:00:00-04:00,91.2699966430664,92.08000183105469,90.41000366210938,91.47000122070312,444100,0.0,0.0
2026-08-24 00:00:00-04:00,91.75,93.1500015258789,91.75,92.6500015258789,284100,0.0,0.0
2026-08-25 00:00:00-04:00,92.6500015258789,93.0,91.75,91.91000366210938,328700,0.0,0.0
2026-08-26 00:00:00-04:00,91.87999725341797,93.27999877929688,91.69999694824219,92.37999725341797,202600,0.0,0.0
2026-08-27 00:00:00-04:00,91.43000030517578,92.41999816894531,90.06999969482422,92.30000305175781,266300,0.0,0.0
2026-08-31 00:00:00-04:00,92.22000122070312,92.37999725341797,90.87999725341797,91.29000091552734,354700,0.0,0.0
2026-09-01 00:00:00-04:00,91.91000366210938,92.25499725341797,90.8499984741211,91.20999908447266,302189,0.0,0.0
