Date,Open,High,Low,Close,Volume,Dividends,Stock Splits
2022-01-03 00:00:00-05:00,19.574020045697605,20.06505184933232,19.459670050593594,19.52020835876465,1085200,0.0,0.0
2022-01-04 00:00:00-05:00,19.829617582156732,19.829617582156732,19.123339303466924,19.378944396972656,1044400,0.0,0.0
2022-01-05 00:00:00-05:00,19.473119732729028,19.473119732729028,18.34979985078383,18.517961502075195,1332400,0.0,0.0
2022-01-06 00:00:00-05:00,18.827379995827776,19.943973356878576,18.61885988894934,19.74217987060547,1863800,0.0,0.0
2022-01-07 00:00:00-05:00,19.6009278802436,20.078507788516838,19.352049275866662,19.506757736206055,956800,0.0,0.0
2022-01-10 00:00:00-05:00,19.23096263578211,19.486567729287838,18.820647879473395,19.378944396972656,1507500,0.0,0.0
2022-01-11 00:00:00-05:00,19.331863403320312,19.567289973242637,19.06953163616287,19.331863403320312,1057400,0.0,0.0
2022-01-12 00:00:00-05:00,19.607649846293498,19.71527320905755,18.827379824768286,18.8341064453125,1490600,0.0,0.0
2022-01-13 00:00:00-05:00,18.83410298383847,19.38567293737545,18.72647964085425,18.76683807373047,1053900,0.0,0.0
2022-01-14 00:00:00-05:00,18.753387798155043,19.12334422071653,18.30271449708783,18.807199478149414,947900,0.0,0.0
2022-01-18 00:00:00-05:00,18.538136751006558,19.204056616612267,18.46414651014238,18.793743133544922,1893000,0.0,0.0
2022-01-19 00:00:00-05:00,18.760116498994158,18.867739870918168,18.12782950968357,18.195093154907227,1753100,0.0,0.0
2022-01-20 00:00:00-05:00,18.27580921634652,18.77356757479774,17.979844336223323,17.993297576904297,1542300,0.0,0.0
2022-01-21 00:00:00-05:00,17.89912813275668,17.99329825512978,16.93051657773444,17.04486656188965,3026300,0.0,0.0
2022-01-24 00:00:00-05:00,16.661458045427153,17.730966335495136,16.056076309136447,17.65697479248047,2631900,0.0,0.0
2022-01-25 00:00:00-05:00,17.408092487717106,18.20181563741391,17.246657466537137,17.892398834228516,1372200,0.0,0.0
2022-01-26 00:00:00-05:00,18.329626705775723,18.665950131569772,17.488818141290597,17.54935646057129,1396800,0.0,0.0
2022-01-27 00:00:00-05:00,17.791505272103148,18.087468888776446,16.917063814736412,16.957422256469727,1532200,0.0,0.0
2022-01-28 00:00:00-05:00,17.313924953582728,17.724239828609157,16.594193229368415,17.636795043945312,1518700,0.0,0.0
2022-01-31 00:00:00-05:00,17.45518009037997,18.020203346961463,17.38791517260187,18.006750106811523,1268500,0.0,0.0
2022-02-01 00:00:00-05:00,18.01347802223008,18.61213313926393,17.85204297773685,18.59195327758789,1168800,0.0,0.0
2022-02-02 00:00:00-05:00,18.477603567670624,18.61213341489309,18.14128023258616,18.423791885375977,1209100,0.0,0.0
2022-02-03 00:00:00-05:00,18.181640239177497,18.766842132857526,17.710787049550945,17.784778594970703,1521800,0.0,0.0
2022-02-04 00:00:00-05:00,17.764598678601168,18.571775206083178,17.60989025044149,18.497783660888672,951200,0.0,0.0
2022-02-07 00:00:00-05:00,18.585223789967344,19.27132358545069,18.49778030213742,19.136795043945312,1268600,0.0,0.0
2022-02-08 00:00:00-05:00,19.136795741597414,19.473119032079115,18.928274377759255,19.365495681762695,1167600,0.0,0.0
2022-02-09 00:00:00-05:00,19.53366224810182,20.226487579935213,19.419312249211085,20.09195899963379,2027400,0.0,0.0
2022-02-10 00:00:00-05:00,19.829628388882856,20.74442849507986,19.775816693399033,19.984336853027344,2035100,0.0,0.0
2022-02-11 00:00:00-05:00,19.977606339371683,20.098681660622027,19.257873334604223,19.648008346557617,1752900,0.0,0.0
2022-02-14 00:00:00-05:00,19.68837057113135,19.8094471907348,19.096440715952664,19.311687469482422,1632700,0.0,0.0
2022-02-15 00:00:00-05:00,19.648009123407725,20.058324013278533,19.587472101874862,19.97088050842285,1151400,0.0,0.0
2022-02-16 00:00:00-05:00,19.943970183013196,20.529173252831225,19.843073455933258,20.4619083404541,1096700,0.0,0.0
2022-02-17 00:00:00-05:00,20.300477667165644,20.63007439711646,19.964154316239696,20.12558937072754,1526600,0.0,0.0
2022-02-18 00:00:00-05:00,19.90361382273711,20.19957869825317,19.56729050877801,19.708545684814453,1479200,0.0,0.0
2022-02-22 00:00:00-05:00,19.48657530116955,19.641285024087956,18.780296748041696,18.93500518798828,2138900,0.0,0.0
2022-02-23 00:00:00-05:00,19.439489277203204,19.829624309953626,19.2242425395439,19.338592529296875,1374400,0.0,0.0
2022-02-24 00:00:00-05:00,18.450697459074174,19.600922592573188,17.99329754061668,19.54038429260254,1452000,0.0,0.0
2022-02-25 00:00:00-05:00,19.540382332323954,20.421550262177778,19.520203756339136,20.394643783569336,1410900,0.0,0.0
2022-02-28 00:00:00-05:00,20.16594840210058,20.630074999154882,20.05159840812986,20.59644317626953,2037100,0.0,0.0
2022-03-01 00:00:00-05:00,19.540383737623717,19.70854539210575,17.132308896759852,17.73769187927246,9183000,0.0,0.0
2022-03-02 00:00:00-05:00,18.03365086434511,18.40360717955747,17.48880760212621,17.878942489624023,2655200,0.0,0.0
2022-03-03 00:00:00-05:00,17.926033008152853,18.020204411795525,16.84307277152132,17.455181121826172,2305900,0.0,0.0
2022-03-04 00:00:00-05:00,17.065044013525235,17.394640678252873,16.82961745787077,17.381187438964844,2187100,0.0,0.0
2022-03-07 00:00:00-05:00,17.387918164290788,17.387918164290788,14.798228006550149,14.84531307220459,4186700,0.0,0.0
2022-03-08 00:00:00-05:00,15.0740104020584,16.082980315358007,13.997775571277835,15.813921928405762,4736900,0.0,0.0
2022-03-09 00:00:00-05:00,16.432757556514822,17.253385992250927,16.04934917848261,16.103160858154297,2523800,0.0,0.0
2022-03-10 00:00:00-05:00,15.847557226760214,16.325137091106544,15.161458510065348,15.41706371307373,2409400,0.0,0.0
2022-03-11 00:00:00-05:00,15.55831648274798,15.995537832545814,15.41033468130623,15.511231422424316,1867600,0.0,0.0
2022-03-14 00:00:00-04:00,15.524801205700522,15.653722561837608,14.249162468447727,14.296659469604492,2029600,0.2,0.0
2022-03-15 00:00:00-04:00,14.473080941641134,15.104115622405512,14.133815095569663,15.063404083251953,2592100,0.0,0.0
2022-03-16 00:00:00-04:00,15.375526202812631,17.132923178962734,15.266961248580653,17.098997116088867,3389800,0.0,0.0
2022-03-17 00:00:00-04:00,16.854724101217606,17.662177022257673,16.596881382944396,17.153278350830078,2161000,0.0,0.0
2022-03-18 00:00:00-04:00,17.051498782129148,17.621465437806656,16.766515454290392,17.47218894958496,2819000,0.0,0.0
2022-03-21 00:00:00-04:00,17.445045935431136,17.57396729530755,16.9972152055407,17.316125869750977,1410100,0.0,0.0
2022-03-22 00:00:00-04:00,17.316126834210056,17.67574775582682,17.098996928132845,17.485759735107422,997400,0.0,0.0
2022-03-23 00:00:00-04:00,17.363622043770796,17.404333573401104,16.949717394241404,17.13292121887207,1145200,0.0,0.0
2022-03-24 00:00:00-04:00,17.180419349749993,17.31612618304321,16.841153560713238,17.288984298706055,857700,0.0,0.0
2022-03-25 00:00:00-04:00,17.282194672308645,17.282194672308645,16.36617829751246,16.5900936126709,1223900,0.0,0.0
2022-03-28 00:00:00-04:00,16.617235704836233,16.9632869131684,16.44760283570455,16.685089111328125,962700,0.0,0.0
2022-03-29 00:00:00-04:00,17.03114250390987,17.777527482652612,17.03114250390987,17.492544174194336,1543100,0.0,0.0
2022-03-30 00:00:00-04:00,17.322912655459024,17.696104527292885,16.807228471011054,17.085426330566406,685400,0.0,0.0
2022-03-31 00:00:00-04:00,17.10577948745832,17.12613589955143,16.467960772228732,16.746158599853516,957700,0.0,0.0
2022-04-01 00:00:00-04:00,16.99721828916851,17.153281561203947,16.515461411266603,16.61724090576172,1247900,0.0,0.0
2022-04-04 00:00:00-04:00,16.576525067863372,17.11934976052603,16.054055492302965,17.065067291259766,1146800,0.0,0.0
2022-04-05 00:00:00-04:00,17.105779861214874,17.20077515886213,16.223689358379374,16.311899185180664,1114700,0.0,0.0
2022-04-06 00:00:00-04:00,16.03370124117848,16.108340131799032,14.859841876272224,15.266961097717285,2623800,0.0,0.0
2022-04-07 00:00:00-04:00,15.314460233089855,15.463738035094517,14.663070423530813,15.219466209411621,1437700,0.0,0.0
2022-04-08 00:00:00-04:00,15.178751602765953,15.660508390298151,14.88019735328056,15.640151977539062,1361200,0.0,0.0
2022-04-11 00:00:00-04:00,15.470516427152845,16.033697474692456,15.3280254449277,15.769070625305176,2188300,0.0,0.0
2022-04-12 00:00:00-04:00,15.999775168605838,16.271187551333558,15.803001676451865,15.979418754577637,3419200,0.0,0.0
2022-04-13 00:00:00-04:00,16.11512471185827,16.888650283884665,16.08119865119602,16.657949447631836,1641000,0.0,0.0
2022-04-14 00:00:00-04:00,16.814013258327172,16.895436324339553,16.46796199228381,16.691877365112305,1036200,0.0,0.0
2022-04-18 00:00:00-04:00,16.50188386174888,16.56295179284187,15.78942639125863,16.06083869934082,1565200,0.0,0.0
2022-04-19 00:00:00-04:00,16.060841837502736,17.39754852486196,16.060841837502736,16.895435333251953,1652100,0.0,0.0
2022-04-20 00:00:00-04:00,16.990431426252613,17.16006432167033,16.58331221841084,16.596881866455078,1279200,0.0,0.0
2022-04-21 00:00:00-04:00,16.827583199961335,16.96329003794341,15.009119595018712,15.131254196166992,1904100,0.0,0.0
2022-04-22 00:00:00-04:00,15.11768517699192,15.219464662616836,14.67663858228999,14.819130897521973,1982500,0.0,0.0
2022-04-25 00:00:00-04:00,14.642711047876185,15.687650273976935,14.47986362839222,15.640151977539062,2265400,0.0,0.0
2022-04-26 00:00:00-04:00,15.497661734932082,15.497661734932082,14.595214765256975,14.60200023651123,1728700,0.0,0.0
2022-04-27 00:00:00-04:00,14.669852831157915,14.975191255277092,14.11345586731691,14.418795585632324,1671000,0.0,0.0
2022-04-28 00:00:00-04:00,14.635929482249582,15.680868987170685,14.500223910234192,15.551947593688965,1983500,0.0,0.0
2022-04-29 00:00:00-04:00,15.477303205398039,16.325467583290024,14.764845645647224,14.812342643737793,2293400,0.0,0.0
2022-05-02 00:00:00-04:00,14.724135714223745,15.246604044060376,14.445937871649607,15.239818572998047,1495400,0.0,0.0
2022-05-03 00:00:00-04:00,15.253386574490516,15.497658308857227,14.805555924282231,15.246601104736328,1639600,0.0,0.0
2022-05-04 00:00:00-04:00,15.036259641357068,15.31445748436496,13.658840074267152,15.178751945495605,4279400,0.0,0.0
2022-05-05 00:00:00-04:00,14.771633247131298,14.920909733266342,13.65884054273698,13.909897804260254,2498700,0.0,0.0
2022-05-06 00:00:00-04:00,13.753837075706965,14.194882396409607,13.021022933774388,14.025249481201172,3709200,0.0,0.0
2022-05-09 00:00:00-04:00,13.672409435053806,13.706336786494294,12.335702849005639,12.36962890625,3406800,0.0,0.0
2022-05-10 00:00:00-04:00,13.400998875263008,13.909897566728691,12.586760451239394,13.618128776550293,4407800,0.0,0.0
2022-05-11 00:00:00-04:00,13.570630687589995,14.581642518511906,13.40099780399512,13.428139686584473,2966700,0.0,0.0
2022-05-12 00:00:00-04:00,13.441712704153824,14.06596192407951,13.068520784346774,13.692770004272461,2106300,0.0,0.0
2022-05-13 00:00:00-04:00,14.065959180371102,15.07697106759324,14.065959180371102,14.703779220581055,2357100,0.0,0.0
2022-05-16 00:00:00-04:00,14.58164054549645,14.764844345597027,13.747047181744072,13.828470230102539,1285800,0.0,0.0
2022-05-17 00:00:00-04:00,14.337372034380483,14.927695091537666,14.215237434392801,14.60200023651123,1658700,0.0,0.0
2022-05-18 00:00:00-04:00,14.269519446542391,14.479863871803948,13.468851983306202,13.645270347595215,1573200,0.0,0.0
2022-05-19 00:00:00-04:00,13.421353070049996,14.350940468033807,13.421353070049996,13.821686744689941,1908500,0.0,0.0
2022-05-20 00:00:00-04:00,14.086317649403062,14.12024371528445,13.353503496275572,13.977752685546875,2302000,0.0,0.0
2022-05-23 00:00:00-04:00,14.121638008357111,14.402563251305791,13.86811943680413,14.135340690612793,1925200,0.2,0.0
2022-05-24 00:00:00-04:00,13.895528981090154,14.039416962623298,12.71015992457598,13.066455841064453,1918800,0.0,0.0
2022-05-25 00:00:00-04:00,13.066455524854655,14.217564576800758,13.066455524854655,13.820158004760742,2623400,0.0,0.0
2022-05-26 00:00:00-04:00,13.703673673066305,14.62181991371248,13.703673673066305,14.40941333770752,3666100,0.0,0.0
2022-05-27 00:00:00-04:00,14.63552745349968,15.060340708623956,14.423119519053063,15.026082038879395,2774600,0.0,0.0
2022-05-31 00:00:00-04:00,14.971264959069666,15.231634204870028,14.409414502170778,14.6766357421875,1767800,0.0,0.0
2022-06-01 00:00:00-04:00,14.868490244862901,14.957563571394745,14.327194369610591,14.662934303283691,3438700,0.0,0.0
2022-06-02 00:00:00-04:00,14.820525484133535,15.149414711688308,14.710896177243418,14.765710830688477,1387800,0.0,0.0
2022-06-03 00:00:00-04:00,14.423119682464712,14.813675579153841,14.327194360585537,14.567008972167969,1084500,0.0,0.0
2022-06-06 00:00:00-04:00,14.882189940219774,15.142560485890105,14.758857968300612,15.053485870361328,1377000,0.0,0.0
2022-06-07 00:00:00-04:00,14.793121301304458,15.183675936211698,14.717750650047046,15.12200927734375,1124400,0.0,0.0
2022-06-08 00:00:00-04:00,15.067192703949765,15.307007312815136,14.92330472276123,15.026082038879395,819300,0.0,0.0
2022-06-09 00:00:00-04:00,14.75886076614158,14.916452738094343,14.443675515351575,14.56015682220459,1010500,0.0,0.0
2022-06-10 00:00:00-04:00,14.16274725170027,14.361449846810045,13.38849023914586,13.463859558105469,2338600,0.0,0.0
2022-06-13 00:00:00-04:00,12.854048413790817,12.984233703429712,12.004420647448704,12.538863182067871,2531900,0.0,0.0
2022-06-14 00:00:00-04:00,12.593676127259323,12.956823967281325,12.38126954118966,12.9157133102417,1513600,0.0,0.0
2022-06-15 00:00:00-04:00,13.28571333274065,13.655713208395307,13.011640076821111,13.196640014648438,1465000,0.0,0.0
2022-06-16 00:00:00-04:00,12.703309722922596,12.888308376713914,12.045532520592191,12.29219913482666,2955700,0.0,0.0
2022-06-17 00:00:00-04:00,12.449789394967485,12.922566571377084,12.148308164384693,12.792381286621094,2108600,0.0,0.0
2022-06-21 00:00:00-04:00,13.203494251476162,13.422752893443835,12.977383613586426,12.977383613586426,1356900,0.0,0.0
2022-06-22 00:00:00-04:00,12.669049874339747,13.16923379663938,12.57312454866161,12.860901832580566,1828400,0.0,0.0
2022-06-23 00:00:00-04:00,13.004790767461174,13.080161418484199,12.525162797283242,13.025346755981445,1211400,0.0,0.0
2022-06-24 00:00:00-04:00,13.272009877933566,14.601265418527452,13.134972604504531,14.553302764892578,5739500,0.0,0.0
2022-06-27 00:00:00-04:00,14.724600970771245,14.724600970771245,13.806454495304687,13.868121147155762,1618600,0.0,0.0
2022-06-28 00:00:00-04:00,14.135341763700595,14.587564291461403,13.765343177021943,13.78589916229248,1633900,0.0,0.0
2022-06-29 00:00:00-04:00,13.648860870468301,13.696823525687766,13.12126904928551,13.155529022216797,1026300,0.0,0.0
2022-06-30 00:00:00-04:00,12.812938076096078,12.90886339358653,12.394975523800076,12.717011451721191,1809600,0.0,0.0
2022-07-01 00:00:00-04:00,12.751274508363197,13.27886518893107,12.60738519047396,13.224050521850586,2293300,0.0,0.0
2022-07-05 00:00:00-04:00,12.799234259444441,13.511824768962848,12.422382365694466,13.45015811920166,1632800,0.0,0.0
2022-07-06 00:00:00-04:00,13.388492239968734,13.600898854590023,12.778677761969474,12.81293773651123,1175900,0.0,0.0
2022-07-07 00:00:00-04:00,12.963679317318643,13.272012592148021,12.669050034011585,12.703310012817383,2455500,0.0,0.0
2022-07-08 00:00:00-04:00,12.552568607857781,12.67590191668926,12.134606018347673,12.326457977294922,2190800,0.0,0.0
2022-07-11 00:00:00-04:00,12.059235727619095,12.230531685946398,11.483681203088597,12.06608772277832,2184300,0.0,0.0
2022-07-12 00:00:00-04:00,12.004421073229734,12.56627160744178,11.915346443044246,12.06608772277832,1363800,0.0,0.0
2022-07-13 00:00:00-04:00,11.730348430339374,11.949607059654863,11.545348471772735,11.887940406799316,1440400,0.0,0.0
2022-07-14 00:00:00-04:00,11.634422764292669,11.839978726479009,11.27812680867738,11.559053421020508,1478800,0.0,0.0
2022-07-15 00:00:00-04:00,11.778310626700357,12.360717154607604,11.744050650420832,12.333309173583984,4904000,0.0,0.0
2022-07-18 00:00:00-04:00,12.55941753491383,12.908861388928509,12.388121604919434,12.388121604919434,2022600,0.0,0.0
2022-07-19 00:00:00-04:00,12.64164413269514,13.210346746883237,12.64164413269514,13.052753448486328,1825500,0.0,0.0
2022-07-20 00:00:00-04:00,12.943125383578515,13.148681368372928,12.840348044623694,12.97053337097168,1387500,0.0,0.0
2022-07-21 00:00:00-04:00,12.778678739512104,12.888308052663342,12.579976099507176,12.77182674407959,1600900,0.0,0.0
2022-07-22 00:00:00-04:00,12.785532873264868,12.867755525321899,12.203126232941338,12.381274223327637,1928400,0.0,0.0
2022-07-25 00:00:00-04:00,12.470346320839802,12.669048953427192,12.134605091602246,12.65534496307373,1295600,0.0,0.0
2022-07-26 00:00:00-04:00,12.60052769072499,12.60052769072499,12.162010545593839,12.340158462524414,1341700,0.0,0.0
2022-07-27 00:00:00-04:00,12.607381704417538,13.189788197909918,12.552567052493806,13.16238021850586,2211100,0.0,0.0
2022-07-28 00:00:00-04:00,13.210346233500013,13.388494206632473,12.682754310017494,13.045902252197266,1168200,0.0,0.0
2022-07-29 00:00:00-04:00,12.997937493991143,13.02534547599148,12.532013561946021,12.984234809875488,1302400,0.0,0.0
2022-08-01 00:00:00-04:00,12.62793829529777,13.025344867547288,12.422382360550774,12.819788932800293,1758100,0.0,0.0
2022-08-02 00:00:00-04:00,13.018496540839289,14.244976579096758,12.744423190830164,14.059976577758789,3654400,0.0,0.0
2022-08-03 00:00:00-04:00,14.19015456903783,14.525895750298671,14.059970599936314,14.306635856628418,2296700,0.0,0.0
2022-08-04 00:00:00-04:00,14.340896405696196,14.594413666805147,14.059971166692053,14.073675155639648,1626000,0.0,0.0
2022-08-05 00:00:00-04:00,13.820161731763834,14.382012418903242,13.820161731763834,14.12164306640625,1481600,0.0,0.0
2022-08-08 00:00:00-04:00,14.251823425292967,14.65608199760082,14.251823425292967,14.251823425292969,1460800,0.0,0.0
2022-08-09 00:00:00-04:00,14.114788525609374,14.33404716333087,13.88182589630914,14.327195167541504,1447200,0.0,0.0
2022-08-10 00:00:00-04:00,14.635530592263464,15.211085254221112,14.436826605854026,14.8068265914917,2456000,0.0,0.0
2022-08-11 00:00:00-04:00,15.115154736039186,15.33441334981299,14.957562770749817,15.067192077636719,1136000,0.0,0.0
2022-08-12 00:00:00-04:00,15.313858221608994,15.622190148087062,15.080895624598337,15.512560844421387,2071400,0.0,0.0
2022-08-15 00:00:00-04:00,15.270609935393546,15.436519526340282,15.049397147464562,15.153090476989746,1684900,0.2,0.0
2022-08-16 00:00:00-04:00,14.97335467897494,15.395042377845188,14.97335467897494,15.270609855651855,890700,0.0,0.0
2022-08-17 00:00:00-04:00,15.021745768378485,15.194568433873496,14.689926567075819,14.904226303100586,966400,0.0,0.0
2022-08-18 00:00:00-04:00,15.001008627615377,15.028659569813023,14.67610115669959,14.980269432067871,549300,0.0,0.0
2022-08-19 00:00:00-04:00,14.717579466549553,14.724491213161537,14.067765846837489,14.136895179748535,1141900,0.0,0.0
2022-08-22 00:00:00-04:00,13.6806435003951,13.901856312047398,13.369562159926328,13.404126167297363,1068600,0.0,0.0
2022-08-23 00:00:00-04:00,13.549298108459746,14.019375999753102,13.549298108459746,13.818901062011719,794400,0.0,0.0
2022-08-24 00:00:00-04:00,13.673730040436713,13.950246047018723,13.659903910474531,13.749771118164062,590300,0.0,0.0
2022-08-25 00:00:00-04:00,13.881117346363332,14.206023504041234,13.798161881353876,13.908769607543945,712700,0.0,0.0
2022-08-26 00:00:00-04:00,13.97789859185181,14.012463920722343,13.093047269285787,13.13452434539795,979700,0.0,0.0
2022-08-29 00:00:00-04:00,12.927135360983495,13.120695894310012,12.7681375133524,12.95478630065918,908100,0.0,0.0
2022-08-30 00:00:00-04:00,13.14834804236759,13.182912046305697,12.436318221865417,12.63679313659668,964300,0.0,0.0
2022-08-31 00:00:00-04:00,12.699010540256202,12.858007082318153,12.33953906543865,12.401755332946777,906700,0.0,0.0
2022-09-01 00:00:00-04:00,12.222017709633494,12.298060095639206,11.67589751656001,12.06993293762207,1551300,0.0,0.0
2022-09-02 00:00:00-04:00,12.346451726500682,12.505448263359266,12.035370399140579,12.22201919555664,1120900,0.0,0.0
2022-09-06 00:00:00-04:00,12.353363864254137,12.353363864254137,11.855633777833257,11.980066299438477,891600,0.0,0.0
2022-09-07 00:00:00-04:00,11.959329652166442,12.408669702178944,11.90402644396171,12.332627296447754,828800,0.0,0.0
2022-09-08 00:00:00-04:00,12.035371347714857,12.263497232914697,11.738116126705162,12.256584167480469,812400,0.0,0.0
2022-09-09 00:00:00-04:00,12.484710288889039,12.989353526876073,12.39484307360864,12.9202241897583,1026700,0.0,0.0
2022-09-12 00:00:00-04:00,13.093044209052458,13.528556702769157,13.044654078476398,13.52164363861084,2076200,0.0,0.0
2022-09-13 00:00:00-04:00,12.927138527002867,13.037744949858999,12.394844292924882,12.408670425415039,1632400,0.0,0.0
2022-09-14 00:00:00-04:00,12.387928211424962,12.457057538516922,11.952415692250426,12.277321815490723,1305600,0.0,0.0
2022-09-15 00:00:00-04:00,12.201278867340038,12.609140428194706,12.187452738845803,12.367188453674316,1617900,0.0,0.0
2022-09-16 00:00:00-04:00,12.09067594844059,12.242759449953326,11.841810838208326,12.12524127960205,1265600,0.0,0.0
2022-09-19 00:00:00-04:00,11.938589764487498,12.699009738260177,11.938589764487498,12.56766414642334,1170000,0.0,0.0
2022-09-20 00:00:00-04:00,12.40175485905697,12.540012200489072,11.938590062268213,11.973154067993164,880500,0.0,0.0
2022-09-21 00:00:00-04:00,12.069932810979868,12.145975196187715,11.461597684913487,11.475423812866211,1261900,0.0,0.0
2022-09-22 00:00:00-04:00,11.475426417874834,11.58603282954085,10.936219172103682,11.039913177490234,2174100,0.0,0.0
2022-09-23 00:00:00-04:00,10.763395760165752,10.867089758530184,10.376273345550484,10.66661548614502,1567100,0.0,0.0
2022-09-26 00:00:00-04:00,10.728831134125494,11.281863123087728,10.590572477618801,10.597485542297363,1178300,0.0,0.0
2022-09-27 00:00:00-04:00,10.85326378957033,11.337167144659546,10.687354180842515,10.832525253295898,1228900,0.0,0.0
2022-09-28 00:00:00-04:00,10.853262388385282,11.371731002439843,10.756482125421737,11.261124610900879,1235000,0.0,0.0
2022-09-29 00:00:00-04:00,10.929307561914259,10.936219968697221,10.514532828688319,10.749571800231934,1168700,0.0,0.0
2022-09-30 00:00:00-04:00,10.638963772633026,11.240386583430675,10.535269775364778,10.922392845153809,1427900,0.0,0.0
2022-10-03 00:00:00-04:00,11.219646225174623,11.461598201115677,10.784133723306478,11.261124610900879,3134900,0.0,0.0
2022-10-04 00:00:00-04:00,11.613682880933373,12.298061813519375,11.592945004422019,12.145977020263672,2232500,0.0,0.0
2022-10-05 00:00:00-04:00,11.869461196529194,12.546925756080972,11.869461196529194,12.436319351196289,1177600,0.0,0.0
2022-10-06 00:00:00-04:00,12.27732298206648,12.616055266617531,12.028457908301474,12.166716575622559,842800,0.0,0.0
2022-10-07 00:00:00-04:00,11.883287349348908,12.152890296950977,11.724289488309301,12.035370826721191,953900,0.0,0.0
2022-10-10 00:00:00-04:00,11.92476483435981,12.02154511253439,11.447773871796343,11.724289894104004,1673600,0.0,0.0
2022-10-11 00:00:00-04:00,11.72429036345154,11.779594888659428,11.081391080299296,11.717378616333008,2420900,0.0,0.0
2022-10-12 00:00:00-04:00,11.648248966174126,12.000807393730865,11.496164162993328,11.945504188537598,1307000,0.0,0.0
2022-10-13 00:00:00-04:00,11.586032796225041,12.692098228237127,11.433949310254697,12.512362480163574,3023600,0.0,0.0
2022-10-14 00:00:00-04:00,12.705922322425055,12.864920183464664,12.000806819578694,12.035370826721191,1810700,0.0,0.0
2022-10-17 00:00:00-04:00,12.381015287132186,12.775050741928634,12.381015287132186,12.719747543334961,1655100,0.0,0.0
2022-10-18 00:00:00-04:00,13.127609955119201,13.487081427909164,13.044655811264498,13.079219818115234,1943600,0.0,0.0
2022-10-19 00:00:00-04:00,12.961699790026415,13.162174713007653,12.519274192457178,12.76813793182373,1488300,0.0,0.0
2022-10-20 00:00:00-04:00,12.83726608929485,13.36956016186536,12.809615151236887,12.844179153442383,1229300,0.0,0.0
2022-10-21 00:00:00-04:00,12.885656839370318,13.065392560251814,12.457057389872489,12.913309097290039,1850400,0.0,0.0
2022-10-24 00:00:00-04:00,12.844181206954225,13.134523354909305,12.505448920762028,12.975526809692383,1233700,0.0,0.0
2022-10-25 00:00:00-04:00,13.044655418502732,13.604600487525785,13.044655418502732,13.390300750732422,1393200,0.0,0.0
2022-10-26 00:00:00-04:00,13.459427874974825,13.908767832074362,13.459427874974825,13.583860397338867,1089700,0.0,0.0
2022-10-27 00:00:00-04:00,13.853466498431203,14.074679315259004,13.701381697962795,13.791250228881836,971600,0.0,0.0
2022-10-28 00:00:00-04:00,13.687555147499582,14.026288746227605,13.528558605097354,14.012462615966797,763000,0.0,0.0
2022-10-31 00:00:00-04:00,13.998636935365328,14.143807352169862,13.86037826538086,13.86037826538086,974600,0.0,0.0
2022-11-01 00:00:00-04:00,14.199110809449772,14.24750094475329,13.86729029009424,13.977896690368652,786100,0.0,0.0
2022-11-02 00:00:00-04:00,13.901854709531177,14.178370692221568,13.411037686540045,13.424863815307617,1076300,0.0,0.0
2022-11-03 00:00:00-04:00,13.023914080378196,13.576945993512947,12.968610889064722,13.252039909362793,1298900,0.0,0.0
2022-11-04 00:00:00-04:00,13.639165428413426,13.908769702638153,13.445604872955297,13.791250228881836,1002700,0.0,0.0
2022-11-07 00:00:00-05:00,13.977897718997546,14.129982519465955,13.632252363071007,13.791250228881836,1305800,0.0,0.0
2022-11-08 00:00:00-05:00,14.862752551791822,16.888234854698897,14.593149555340911,16.874408721923828,3984300,0.0,0.0
2022-11-09 00:00:00-05:00,16.84675240532081,16.96427185938661,15.374302697406275,15.574777603149414,3826800,0.0,0.0
2022-11-10 00:00:00-05:00,15.8305588195646,16.556414939829743,15.471087292492292,16.328289031982422,2369100,0.0,0.0
2022-11-11 00:00:00-05:00,16.6393645473308,17.061052235674083,16.065593401510156,16.169286727905273,2542100,0.0,0.0
2022-11-14 00:00:00-05:00,16.05176809461588,16.97118458783292,15.899684629354535,16.528759002685547,2106600,0.0,0.0
2022-11-15 00:00:00-05:00,16.90205504115108,17.399783779154014,16.708493205994987,17.226961135864258,1471700,0.0,0.0
2022-11-16 00:00:00-05:00,16.922795063758166,17.095617728997198,16.48728252751002,16.96427345275879,1356400,0.0,0.0
2022-11-17 00:00:00-05:00,16.584066526310313,16.888234854698897,16.563327327147707,16.874408721923828,777600,0.0,0.0
2022-11-18 00:00:00-05:00,17.268440508234633,17.303005832630003,16.701582373473638,16.915882110595703,1071900,0.0,0.0
2022-11-21 00:00:00-05:00,16.687756507333766,16.915882377817706,16.39050130549935,16.563323974609375,769500,0.0,0.0
2022-11-22 00:00:00-05:00,16.577150492960126,16.867492636608482,16.383589942882796,16.70849609375,941800,0.0,0.0
2022-11-23 00:00:00-05:00,16.639368057250977,16.798364612497817,16.501110699070775,16.639368057250977,687900,0.0,0.0
2022-11-25 00:00:00-05:00,16.66725030755862,16.785754441476545,16.562688149296918,16.632396697998047,332900,0.2,0.0
2022-11-28 00:00:00-05:00,16.458124340661016,16.750899152183138,16.32567824436819,16.7299861907959,930400,0.0,0.0
2022-11-29 00:00:00-05:00,16.799694303271824,17.064585159509623,16.65330623646108,16.89728546142578,1631300,0.0,0.0
2022-11-30 00:00:00-05:00,16.980937768365816,17.12732452105451,16.492979266910268,17.106412887573242,1051400,0.0,0.0
2022-12-01 00:00:00-05:00,17.14823750203533,17.56648745663716,16.827578715994612,17.468894958496094,1528600,0.0,0.0
2022-12-02 00:00:00-05:00,17.204006330071046,17.859264633889055,17.204006330071046,17.69893455505371,1239700,0.0,0.0
2022-12-05 00:00:00-05:00,17.434041189579702,17.691961084003786,17.162179319894875,17.197032928466797,2916400,0.0,0.0
2022-12-06 00:00:00-05:00,17.217947630955727,17.308567820146408,16.89031782712617,17.06458854675293,693100,0.0,0.0
2022-12-07 00:00:00-05:00,16.869408080606455,17.25977416399811,16.827582145915038,16.841524124145508,789600,0.0,0.0
2022-12-08 00:00:00-05:00,17.04367446899414,17.27371173275424,16.918199356110474,17.04367446899414,885300,0.0,0.0
2022-12-09 00:00:00-05:00,17.050644120889977,17.18309022106387,16.771811275455367,16.78575325012207,752100,0.0,0.0
2022-12-12 00:00:00-05:00,16.597542082417487,17.141267177389928,16.416300384093336,17.036705017089844,836900,0.0,0.0
2022-12-13 00:00:00-05:00,17.657108040562637,17.838349736013296,17.273713015680844,17.336450576782227,3320400,0.0,0.0
2022-12-14 00:00:00-05:00,17.169151578189414,17.51072337590854,16.980940201984765,17.350393295288086,2805900,0.0,0.0
2022-12-15 00:00:00-05:00,17.190059507336446,17.308563621116942,16.792722575713547,16.883342742919922,1177400,0.0,0.0
2022-12-16 00:00:00-05:00,16.6602769667539,16.85546060963474,16.33961954942801,16.40235710144043,2832000,0.0,0.0
2022-12-19 00:00:00-05:00,16.46509611945517,16.46509611945517,15.712246757854487,15.80286693572998,899300,0.0,0.0
2022-12-20 00:00:00-05:00,15.712247962174006,15.907430307813923,15.593743825358336,15.761043548583984,850400,0.0,0.0
2022-12-21 00:00:00-05:00,15.998051822215324,16.088672007036713,15.754072560585415,15.761043548583984,745800,0.0,0.0
2022-12-22 00:00:00-05:00,15.510093924924771,15.544947536744262,14.903631240373159,15.245203018188477,1013500,0.0,0.0
2022-12-23 00:00:00-05:00,15.189433559172137,15.677390679950257,15.175491585257955,15.670419692993164,573600,0.0,0.0
2022-12-27 00:00:00-05:00,15.705277776444081,16.144439406147487,15.558889680156225,15.851664543151855,822100,0.0,0.0
2022-12-28 00:00:00-05:00,15.754072809085963,15.94228549927614,15.496151567390534,15.600713729858398,907000,0.0,0.0
2022-12-29 00:00:00-05:00,15.754072725107129,15.92137245007991,15.579802012062979,15.774984359741211,576800,0.0,0.0
2022-12-30 00:00:00-05:00,15.565859046316149,15.99805097220412,15.496150499614226,15.80983829498291,706000,0.0,0.0
2023-01-03 00:00:00-05:00,16.15140826056808,16.47206570503684,15.607683206962033,15.719216346740723,783800,0.0,0.0
2023-01-04 00:00:00-05:00,16.025935985069577,16.47903961188963,15.858636245762794,16.458127975463867,1168200,0.0,0.0
2023-01-05 00:00:00-05:00,16.311737060546875,16.569658278501834,16.21414589517036,16.311737060546875,666100,0.0,0.0
2023-01-06 00:00:00-05:00,16.569656744501728,16.88334317399118,16.21414439408319,16.576627731323242,804100,0.0,0.0
2023-01-09 00:00:00-05:00,16.75089933311853,16.953052643726025,16.541773705726794,16.604511260986328,744500,0.0,0.0
2023-01-10 00:00:00-05:00,16.541774922998233,16.95305389126254,16.52086328942612,16.93214225769043,572100,0.0,0.0
2023-01-11 00:00:00-05:00,17.015791243972114,17.057615840187083,16.7090744360425,16.939111709594727,678500,0.0,0.0
2023-01-12 00:00:00-05:00,17.01579343727386,17.35736389781371,16.799698111132347,17.1203556060791,804200,0.0,0.0
2023-01-13 00:00:00-05:00,16.939114626010344,17.28765609016348,16.939114626010344,17.13429832458496,518200,0.0,0.0
2023-01-17 00:00:00-05:00,17.050644226979028,17.329478403728427,17.008819632298575,17.23188591003418,643900,0.0,0.0
2023-01-18 00:00:00-05:00,17.427070083818666,17.503749617653046,17.03670408622351,17.148237228393555,794300,0.0,0.0
2023-01-19 00:00:00-05:00,16.946085981045382,17.224918892477394,16.806670190119476,17.14126968383789,731900,0.0,0.0
2023-01-20 00:00:00-05:00,17.315537102862415,17.636194557191743,17.043675232489292,17.42009925842285,1190500,0.0,0.0
2023-01-23 00:00:00-05:00,17.461926099227274,17.91503104752963,17.420101497543097,17.684993743896484,1422000,0.0,0.0
2023-01-24 00:00:00-05:00,17.636194228153062,18.054444172171458,17.608311607661125,17.894115447998047,642600,0.0,0.0
2023-01-25 00:00:00-05:00,17.775614434557035,18.186893463134766,17.566490090688426,18.186893463134766,883500,0.0,0.0
2023-01-26 00:00:00-05:00,18.3611607011874,18.605139942357265,18.172948029749513,18.591197967529297,1257100,0.0,0.0
2023-01-27 00:00:00-05:00,18.47967014816993,18.71667847015804,18.368136976596734,18.584232330322266,779600,0.0,0.0
2023-01-30 00:00:00-05:00,18.35418965914487,18.479664773063337,18.110210418701172,18.110210418701172,545300,0.0,0.0
2023-01-31 00:00:00-05:00,18.131120846183517,18.57725334034299,18.131120846183517,18.437837600708008,1340100,0.0,0.0
2023-02-01 00:00:00-05:00,18.402983605555733,18.80032054459338,18.214770951407445,18.723642349243164,1123700,0.0,0.0
2023-02-02 00:00:00-05:00,18.904886924121442,19.29525293642236,18.47966597259188,18.83517837524414,1830300,0.0,0.0
2023-02-03 00:00:00-05:00,18.605137205053644,19.260393970603953,18.605137205053644,18.92579460144043,981900,0.0,0.0
2023-02-06 00:00:00-05:00,18.667874917821354,18.835174603880507,18.45874931306263,18.80031967163086,596300,0.0,0.0
2023-02-07 00:00:00-05:00,18.800324452578007,18.939741557871113,18.535433548017178,18.91185760498047,650000,0.0,0.0
2023-02-08 00:00:00-05:00,18.78638517014492,19.044305105215503,18.619084099810305,18.890947341918945,996100,0.0,0.0
2023-02-09 00:00:00-05:00,19.26736765112559,19.39284276450187,18.6609063759134,18.68181800842285,848000,0.0,0.0
2023-02-10 00:00:00-05:00,18.47269544834826,18.591199585539734,18.29842473657139,18.409957885742188,615500,0.0,0.0
2023-02-13 00:00:00-05:00,18.486639927621603,18.758501849340096,18.389047411697376,18.73758888244629,677300,0.0,0.0
2023-02-14 00:00:00-05:00,18.612113063838446,19.030361719994776,18.48663793515953,18.688791275024414,687900,0.0,0.0
2023-02-15 00:00:00-05:00,18.56331631615642,18.877004140723226,18.56331631615642,18.821237564086914,649800,0.0,0.0
2023-02-16 00:00:00-05:00,18.591198686701578,18.97459370224249,18.514519151761416,18.744556427001953,809900,0.0,0.0
2023-02-17 00:00:00-05:00,18.71667296295925,18.737584595488503,18.4308691287004,18.542402267456055,552100,0.0,0.0
2023-02-21 00:00:00-05:00,18.270541177694177,18.514520445348545,18.033534227790554,18.159008026123047,711800,0.0,0.0
2023-02-22 00:00:00-05:00,18.138097392364074,18.270542186177856,17.719847386096056,18.131126403808594,993000,0.0,0.0
2023-02-23 00:00:00-05:00,18.200835178977478,18.389046553921634,17.78258516767244,18.228717803955078,722600,0.0,0.0
2023-02-24 00:00:00-05:00,17.949882582122207,17.998678166700035,17.364332908028327,17.775611877441406,1291100,0.0,0.0
2023-02-27 00:00:00-05:00,17.99867783575318,18.27053970459084,17.921998301637974,17.99170684814453,1012700,0.0,0.0
2023-02-28 00:00:00-05:00,18.186892175063416,18.97459523273227,18.15900822207971,18.5145206451416,2590800,0.0,0.0
2023-03-01 00:00:00-05:00,18.68182176820588,18.91883006793098,18.514522026561128,18.716676712036133,1268200,0.0,0.0
2023-03-02 00:00:00-05:00,18.47269568091261,19.009449799042113,18.277512002616422,18.988536834716797,1354500,0.0,0.0
2023-03-03 00:00:00-05:00,19.148858877814753,19.19765577751388,18.716668402830443,18.960647583007812,1469000,0.0,0.0
2023-03-06 00:00:00-05:00,18.96065218462788,19.176747474564877,18.542402249900228,18.68181800842285,1973500,0.0,0.0
2023-03-07 00:00:00-05:00,18.702729367693838,18.863058074565682,18.20780127354689,18.326305389404297,1022900,0.0,0.0
2023-03-08 00:00:00-05:00,18.347219351069292,18.48663644493624,18.019590908935893,18.298423767089844,1052800,0.0,0.0
2023-03-09 00:00:00-05:00,18.298423958021417,18.38207448113041,17.28068368274508,17.29462432861328,1027000,0.0,0.0
2023-03-10 00:00:00-05:00,17.25280081301236,17.30159640055878,16.555717951880546,16.61148452758789,1411300,0.0,0.0
2023-03-13 00:00:00-04:00,16.267019749938477,16.520093958799453,15.676514156484952,16.238901138305664,1510500,0.2,0.0
2023-03-14 00:00:00-04:00,16.80832390434411,17.04030824735784,16.56227957912744,16.857532501220703,1458900,0.0,0.0
2023-03-15 00:00:00-04:00,16.189695375239864,16.941886803564437,15.957711090421695,16.878618240356445,3240300,0.0,0.0
2023-03-16 00:00:00-04:00,16.56930297552425,17.91902989063023,16.428707231954082,17.7081356048584,1894000,0.0,0.0
2023-03-17 00:00:00-04:00,17.4058568676393,17.69407975107388,17.159812583020315,17.588632583618164,1965500,0.0,0.0
2023-03-20 00:00:00-04:00,17.771405878585362,18.228344435866703,17.672987373645302,17.890913009643555,1538800,0.0,0.0
2023-03-21 00:00:00-04:00,18.326764869796687,18.59389913550986,18.143989146107028,18.16507911682129,1207100,0.0,0.0
2023-03-22 00:00:00-04:00,18.207252371410227,18.207252371410227,17.51129963218738,17.518329620361328,1518100,0.0,0.0
2023-03-23 00:00:00-04:00,17.77140534774608,18.01041960272301,17.293376837792213,17.53942108154297,920200,0.0,0.0
2023-03-24 00:00:00-04:00,17.314466869360196,17.602691069160105,16.80831970404091,17.567541122436523,946900,0.0,0.0
2023-03-27 00:00:00-04:00,17.82061555892154,17.98230129301398,17.44803416481718,17.6589298248291,557200,0.0,0.0
2023-03-28 00:00:00-04:00,17.65892681141899,17.83467249435542,17.49723976408428,17.58159828186035,507200,0.0,0.0
2023-03-29 00:00:00-04:00,17.876853462495575,18.25646349093663,17.78546494433693,18.214284896850586,687900,0.0,0.0
2023-03-30 00:00:00-04:00,18.439242031939013,18.579839155033685,18.122900516226302,18.16507911682129,501500,0.0,0.0
2023-03-31 00:00:00-04:00,18.326761978513414,18.903207678759458,18.326761978513414,18.83993911743164,1971300,0.0,0.0
2023-04-03 00:00:00-04:00,18.853999494938627,19.05083517221925,18.551716660156487,18.783700942993164,1118200,0.0,0.0
2023-04-04 00:00:00-04:00,18.868059156758246,18.868059156758246,18.270523486502615,18.558746337890625,692700,0.0,0.0
2023-04-05 00:00:00-04:00,18.481417293785153,18.481417293785153,18.19319313033744,18.277551651000977,769200,0.0,0.0
2023-04-06 00:00:00-04:00,18.340824532856654,18.51657026326668,18.108840222348768,18.28458595275879,826600,0.0,0.0
2023-04-10 00:00:00-04:00,18.26349301673335,18.959445835246285,18.2494330387836,18.86102867126465,1037600,0.0,0.0
2023-04-11 00:00:00-04:00,18.86103157262181,19.04380729158468,18.79073301289247,18.875091552734375,765400,0.0,0.0
2023-04-12 00:00:00-04:00,19.170344669117355,19.275791839604764,18.678256085731434,18.72746467590332,617000,0.0,0.0
2023-04-13 00:00:00-04:00,18.903205977447488,19.078951667355575,18.846967410310228,18.966474533081055,734400,0.0,0.0
2023-04-14 00:00:00-04:00,18.966474053083267,19.296876799881996,18.93835544064286,19.23360824584961,922200,0.0,0.0
2023-04-17 00:00:00-04:00,19.317970726382594,19.648373563869985,19.27579212572825,19.634313583374023,1016300,0.0,0.0
2023-04-18 00:00:00-04:00,19.676488992605364,20.140457547050506,19.5991604532534,19.774906158447266,1803800,0.0,0.0
2023-04-19 00:00:00-04:00,19.64134237847465,19.69758095620292,19.332029530552443,19.458566665649414,3735400,0.0,0.0
2023-04-20 00:00:00-04:00,19.71866950200681,19.760849440750942,19.17737369645835,19.43044662475586,1465400,0.0,0.0
2023-04-21 00:00:00-04:00,19.353118993096015,20.252936213179364,19.240641840585596,20.140459060668945,1750100,0.0,0.0
2023-04-24 00:00:00-04:00,20.105309345345333,20.372442232627886,19.788966533322117,20.02798080444336,2061500,0.0,0.0
2023-04-25 00:00:00-04:00,19.852233283394856,20.12639613489745,19.606189045486598,19.78193473815918,1188600,0.0,0.0
2023-04-26 00:00:00-04:00,19.859265579914634,19.87332555876237,18.92429843987411,19.036775588989258,1511600,0.0,0.0
2023-04-27 00:00:00-04:00,19.10706987186158,19.37420270609608,18.8891456117624,19.339054107666016,1732900,0.0,0.0
2023-04-28 00:00:00-04:00,19.212519069333318,19.901441862809865,19.07895196746885,19.78193473815918,1665600,0.0,0.0
2023-05-01 00:00:00-04:00,19.83817621048466,20.28105617172368,19.83817621048466,20.140459060668945,1666900,0.0,0.0
2023-05-02 00:00:00-04:00,20.056100017302803,20.056100017302803,19.107072957277968,19.514802932739258,1453100,0.0,0.0
2023-05-03 00:00:00-04:00,19.51480280294975,19.66242854821254,19.064894237387012,19.107072830200195,1403600,0.0,0.0
2023-05-04 00:00:00-04:00,19.10004531955261,19.10707530940585,18.094779564707714,18.151018142700195,1841400,0.0,0.0
2023-05-05 00:00:00-04:00,18.586865546976398,19.4445040774868,18.52359698791553,19.324996948242188,1281700,0.0,0.0
2023-05-08 00:00:00-04:00,19.472625857667662,19.592132998110632,19.001627285431656,19.261730194091797,1262300,0.0,0.0
2023-05-09 00:00:00-04:00,19.261728270835373,19.620249656366425,18.811819712129708,18.952415466308594,2217700,0.0,0.0
2023-05-10 00:00:00-04:00,19.191428564879228,19.226578506927147,17.41288306308325,18.179134368896484,2850300,0.0,0.0
2023-05-11 00:00:00-04:00,18.52359561534156,18.713401278459823,18.28458137456297,18.432207107543945,1389800,0.0,0.0
2023-05-12 00:00:00-04:00,18.418150775868313,18.657165046548794,18.16507652671643,18.3759708404541,2665400,0.0,0.0
2023-05-15 00:00:00-04:00,18.495479059927398,18.579837594867243,18.186167560425954,18.41815185546875,1495500,0.0,0.0
2023-05-16 00:00:00-04:00,18.305672903857637,18.446268660496354,17.743285854802895,17.89794158935547,1609500,0.0,0.0
2023-05-17 00:00:00-04:00,18.038539273858625,18.319732137120255,17.940122106925386,18.24240493774414,807800,0.0,0.0
2023-05-18 00:00:00-04:00,18.151013959482473,18.488445349670414,18.108835370917266,18.481416702270508,1053500,0.0,0.0
2023-05-19 00:00:00-04:00,18.544684508241307,18.544684508241307,18.066657360591936,18.277551651000977,1208600,0.0,0.0
2023-05-22 00:00:00-04:00,18.347852721217635,18.516568444943385,18.228345582641055,18.38300132751465,955600,0.0,0.0
2023-05-23 00:00:00-04:00,18.235377773718064,18.28458636480844,17.370707741581633,17.54645347595215,1752600,0.0,0.0
2023-05-24 00:00:00-04:00,17.36220189630322,17.468500821253873,17.14251727118331,17.425981521606445,1453700,0.2,0.0
2023-05-25 00:00:00-04:00,17.40471768381648,17.659836133548502,17.255899489248726,17.461410522460938,1689900,0.0,0.0
2023-05-26 00:00:00-04:00,17.496848865246506,17.652753873466807,17.305509979023242,17.638580322265625,1269400,0.0,0.0
2023-05-30 00:00:00-04:00,17.695267818447608,17.81574026385809,17.31967828696962,17.326765060424805,1220200,0.0,0.0
2023-05-31 00:00:00-04:00,17.326764350184135,17.433063244326956,17.043298830251583,17.38345718383789,1728900,0.0,0.0
2023-06-01 00:00:00-04:00,17.482672835343298,18.028342314245428,17.39054746892566,17.787397384643555,1101100,0.0,0.0
2023-06-02 00:00:00-04:00,18.127553403438,18.496057551054804,17.999994171442648,18.481884002685547,1010500,0.0,0.0
2023-06-05 00:00:00-04:00,18.40393087151616,18.46771048762888,18.106293113544773,18.24802589416504,611800,0.0,0.0
2023-06-06 00:00:00-04:00,18.191331547786227,19.22597616508928,18.191331547786227,19.077157974243164,1162100,0.0,0.0
2023-06-07 00:00:00-04:00,19.14802715457547,19.56613739704627,19.11259328134503,19.537790298461914,1231000,0.0,0.0
2023-06-08 00:00:00-04:00,21.259834652855282,22.4503856096814,21.153535749923783,22.322826385498047,5811600,0.0,0.0
2023-06-09 00:00:00-04:00,22.322830807365314,22.563775755958897,21.706294885572518,21.748815536499023,3183000,0.0,0.0
2023-06-12 00:00:00-04:00,21.933066328792293,22.414954845605333,21.770073213279808,22.3795223236084,2026600,0.0,0.0
2023-06-13 00:00:00-04:00,22.422040815535343,22.84015104807934,22.393695069288036,22.464561462402344,1588200,0.0,0.0
2023-06-14 00:00:00-04:00,22.677158381459016,22.8401501329264,22.096056414200365,22.223615646362305,1689800,0.0,0.0
2023-06-15 00:00:00-04:00,22.13857603886383,22.37952095840417,21.78424543385321,22.025190353393555,1874700,0.0,0.0
2023-06-16 00:00:00-04:00,22.244873081017307,22.308652692693567,21.7346375392711,21.777156829833984,1154000,0.0,0.0
2023-06-20 00:00:00-04:00,21.614168668635767,21.755901462866234,21.46535045119147,21.713380813598633,1036000,0.0,0.0
2023-06-21 00:00:00-04:00,21.571647230139224,21.9330646030601,21.55038690761542,21.88345718383789,973900,0.0,0.0
2023-06-22 00:00:00-04:00,21.614164792682146,21.904715752253946,21.564558729096305,21.741724014282227,867300,0.0,0.0
2023-06-23 00:00:00-04:00,21.38739472149534,21.628339631874244,21.28818258839718,21.536212921142578,5168000,0.0,0.0
2023-06-26 00:00:00-04:00,21.699207304984967,22.322828588274433,21.621254137699776,22.13857650756836,1384000,0.0,0.0
2023-06-27 00:00:00-04:00,22.273223876953125,22.34409027410964,21.982672865109112,22.273223876953125,2006600,0.0,0.0
2023-06-28 00:00:00-04:00,22.145663070431244,22.50708045394036,21.91180492247405,22.29448127746582,1284300,0.0,0.0
2023-06-29 00:00:00-04:00,22.35117399616907,22.52833928903028,22.202354447300415,22.422039031982422,1024800,0.0,0.0
2023-06-30 00:00:00-04:00,22.535425401573033,22.677158180869046,22.27322151703855,22.599205017089844,1585900,0.0,0.0
2023-07-03 00:00:00-04:00,22.329914024996054,22.641725323792976,22.273221184456972,22.577945709228516,366200,0.0,0.0
2023-07-05 00:00:00-04:00,22.379520562748265,22.492906246213956,21.7771582745468,21.88345718383789,1096600,0.0,0.0
2023-07-06 00:00:00-04:00,21.677948888037378,21.748815287104772,21.061412973314418,21.699209213256836,1227000,0.0,0.0
2023-07-07 00:00:00-04:00,21.848027437658125,22.237790605083568,21.833853887509964,22.124404907226562,745200,0.0,0.0
2023-07-10 00:00:00-04:00,22.11023067957541,22.52834090892509,22.06771003303326,22.386608123779297,722400,0.0,0.0
2023-07-11 00:00:00-04:00,22.393693424350136,22.606291236412577,22.060621806678004,22.5141658782959,1465600,0.0,0.0
2023-07-12 00:00:00-04:00,22.818889437875683,22.960622207716447,22.64172415140666,22.740936279296875,988600,0.0,0.0
2023-07-13 00:00:00-04:00,22.960626184927186,23.1165298257625,22.705507695688052,22.833066940307617,1400700,0.0,0.0
2023-07-14 00:00:00-04:00,22.78345913665457,23.081095549266646,22.56377318687328,22.91101837158203,802400,0.0,0.0
2023-07-17 00:00:00-04:00,22.825978663669385,23.300783116259826,22.71259296956734,23.180309295654297,1149800,0.0,0.0
2023-07-18 00:00:00-04:00,23.244090197012763,23.676374024361877,23.16613702115265,23.54881477355957,1105600,0.0,0.0
2023-07-19 00:00:00-04:00,23.45668238677445,23.584241606794713,23.25117271303308,23.534635543823242,773500,0.0,0.0
2023-07-20 00:00:00-04:00,23.385820935662803,23.52755372442335,22.996057794067376,23.47085952758789,2796600,0.0,0.0
2023-07-21 00:00:00-04:00,23.669287890154397,23.67637331350698,23.300783699270337,23.385822296142578,1585600,0.0,0.0
2023-07-24 00:00:00-04:00,23.562986074909748,23.669286341541323,23.166134809923687,23.392906188964844,796600,0.0,0.0
2023-07-25 00:00:00-04:00,23.25825955111918,23.548810524784606,23.173220967036773,23.42125129699707,421000,0.0,0.0
2023-07-26 00:00:00-04:00,23.392905561594898,23.888968953691624,23.173222314662464,23.775583267211914,946100,0.0,0.0
2023-07-27 00:00:00-04:00,23.91731536091562,24.087395237390865,23.499205147213903,23.598417282104492,831800,0.0,0.0
2023-07-28 00:00:00-04:00,23.896054521566608,23.959834132341626,23.633847953198362,23.718889236450195,864500,0.0,0.0
2023-07-31 00:00:00-04:00,23.711800095693125,24.044871682512625,23.648020487649553,23.97400665283203,1381200,0.0,0.0
2023-08-01 00:00:00-04:00,22.76928793942235,23.789759220901615,22.0322795511343,23.449602127075195,2496800,0.0,0.0
2023-08-02 00:00:00-04:00,23.449597384337142,23.499203448195864,22.627550564685524,22.755109786987305,1897400,0.0,0.0
2023-08-03 00:00:00-04:00,22.64172372852901,23.151957905767333,22.400778835298137,23.066919326782227,1389600,0.0,0.0
2023-08-04 00:00:00-04:00,23.11652700350051,23.329124817467974,22.847237700694734,23.0314884185791,854500,0.0,0.0
2023-08-07 00:00:00-04:00,23.300777287190233,23.343295222261826,23.01022634978179,23.208650588989258,625300,0.0,0.0
2023-08-08 00:00:00-04:00,22.861410979467063,23.18739721247472,22.712592764177923,23.11652946472168,635700,0.0,0.0
2023-08-09 00:00:00-04:00,23.27243414298258,23.322040211199884,22.87558289391619,23.166133880615234,982300,0.0,0.0
2023-08-10 00:00:00-04:00,23.30786584706959,23.385819009634165,22.918102737574596,23.0314884185791,688500,0.0,0.0
2023-08-11 00:00:00-04:00,22.86140703583663,23.045660444882355,22.613376719807036,22.719676971435547,971000,0.0,0.0
2023-08-14 00:00:00-04:00,22.50574440338477,22.848038133436035,22.484351980358984,22.826642990112305,1343500,0.2,0.0
2023-08-15 00:00:00-04:00,22.705417252866425,22.833777240777017,22.59131978809014,22.641237258911133,587500,0.0,0.0
2023-08-16 00:00:00-04:00,22.49861129127799,22.705413764505952,22.413038885917278,22.42730140686035,623000,0.0,0.0
2023-08-17 00:00:00-04:00,22.50574801346794,22.598453061946802,22.056489375925498,22.099275588989258,726400,0.0,0.0
2023-08-18 00:00:00-04:00,21.87107812766232,22.405910490066695,21.642883203993627,22.085010528564453,753300,0.0,0.0
2023-08-21 00:00:00-04:00,22.156321270546226,22.256156207308322,21.99230634296592,22.227632522583008,600200,0.0,0.0
2023-08-22 00:00:00-04:00,22.355992435642886,22.44869611090204,21.978043753111578,22.170583724975586,1001100,0.0,0.0
2023-08-23 00:00:00-04:00,22.21336820184466,22.719676826183107,22.127795794447305,22.605579376220703,949800,0.0,0.0
2023-08-24 00:00:00-04:00,22.505746250118673,22.605582552977417,22.277551318125692,22.313207626342773,759400,0.0,0.0
2023-08-25 00:00:00-04:00,22.44156235448431,22.462956135695702,22.070746334528806,22.213367462158203,985400,0.0,0.0
2023-08-28 00:00:00-04:00,22.334596454370477,22.57705387060506,22.24902404872819,22.484350204467773,780900,0.0,0.0
2023-08-29 00:00:00-04:00,22.39164734959631,22.83377602211946,22.33459862025291,22.712547302246094,617800,0.0,0.0
2023-08-30 00:00:00-04:00,22.676888776405576,22.82664116621644,22.64123383411219,22.705413818359375,609800,0.0,0.0
2023-08-31 00:00:00-04:00,22.78385710167537,22.84803708811437,22.634103346601403,22.83377456665039,1029200,0.0,0.0
2023-09-01 00:00:00-04:00,22.9621378705523,23.16894038133328,22.72681167285446,22.933612823486328,665400,0.0,0.0
2023-09-05 00:00:00-04:00,22.933613010802656,22.933613010802656,22.327469357190978,22.548534393310547,950700,0.0,0.0
2023-09-06 00:00:00-04:00,22.45582373665671,22.591314957160996,22.355988816363435,22.562789916992188,465800,0.0,0.0
2023-09-07 00:00:00-04:00,22.527139348635746,22.555663034191195,22.17771569964997,22.199108123779297,679400,0.0,0.0
2023-09-08 00:00:00-04:00,22.213367661135933,22.327465108321025,21.771240393330924,21.84255027770996,703200,0.0,0.0
2023-09-11 00:00:00-04:00,22.085011531490117,22.10640531661148,21.72132534532152,21.88534164428711,879400,0.0,0.0
2023-09-12 00:00:00-04:00,21.67140622934719,22.035092387923523,21.67140622934719,21.83542251586914,825600,0.0,0.0
2023-09-13 00:00:00-04:00,21.835423413439372,21.863947099127213,21.357639776863834,21.436080932617188,924200,0.0,0.0
2023-09-14 00:00:00-04:00,22.890822893365296,23.874915153318145,22.826642904231463,23.67524528503418,4082600,0.0,0.0
2023-09-15 00:00:00-04:00,23.55401440879043,23.63958953826513,23.17606710798627,23.225984573364258,2583700,0.0,0.0
2023-09-18 00:00:00-04:00,23.090493660820336,23.468440944634597,22.99778863487237,23.233116149902344,1244800,0.0,0.0
2023-09-19 00:00:00-04:00,23.19033085067746,23.247378219699975,22.64836724347361,22.655498504638672,1070300,0.0,0.0
2023-09-20 00:00:00-04:00,22.705417820262046,22.990662849479946,22.52714035707541,22.598451614379883,793900,0.0,0.0
2023-09-21 00:00:00-04:00,22.24902623799033,22.384516120280704,21.970912491914873,22.170583724975586,1209000,0.0,0.0
2023-09-22 00:00:00-04:00,22.249028024433006,22.420174226448754,21.913865522021695,22.056488037109375,924300,0.0,0.0
2023-09-25 00:00:00-04:00,21.78550331805544,22.02082949194729,21.664274600586975,21.72845458984375,801300,0.0,0.0
2023-09-26 00:00:00-04:00,21.55017639343405,21.84968254614897,21.364767693167774,21.421817779541016,1003400,0.0,0.0
2023-09-27 00:00:00-04:00,21.514524272827078,21.714195520888374,21.37903302020873,21.621490478515625,578900,0.0,0.0
2023-09-28 00:00:00-04:00,21.421820014051377,21.942389865167577,21.421820014051377,21.707063674926758,560200,0.0,0.0
2023-09-29 00:00:00-04:00,21.95665297919527,21.999439189440867,21.557310483072676,21.621490478515625,636400,0.0,0.0
2023-10-02 00:00:00-04:00,21.600098872795392,21.671408772526597,21.37903383115138,21.52878761291504,1043500,0.0,0.0
2023-10-03 00:00:00-04:00,21.264934738042985,21.45034345553563,21.03673981194405,21.436080932617188,1375100,0.0,0.0
2023-10-04 00:00:00-04:00,21.428949654321734,21.528785954523364,21.207885989855704,21.47886848449707,1074900,0.0,0.0
2023-10-05 00:00:00-04:00,21.37189895396443,21.600095219010637,21.17936035305042,21.421817779541016,844600,0.0,0.0
2023-10-06 00:00:00-04:00,21.25066970941346,22.23476191236505,21.215014766470546,21.96377944946289,1001900,0.0,0.0
2023-10-09 00:00:00-04:00,21.84254940691246,21.97090936991557,21.179358531644393,21.699928283691406,966100,0.0,0.0
2023-10-10 00:00:00-04:00,21.94951783645832,22.712545024977487,21.81402660779686,22.42730140686035,1276900,0.0,0.0
2023-10-11 00:00:00-04:00,22.498614035027416,22.641236541553507,22.120666704986625,22.291812896728516,631700,0.0,0.0
2023-10-12 00:00:00-04:00,22.434431769083602,22.498611754499965,21.7141921285647,21.96377944946289,850300,0.0,0.0
2023-10-13 00:00:00-04:00,21.963781786918766,22.14919050228127,21.628620663080213,21.80689811706543,971100,0.0,0.0
2023-10-16 00:00:00-04:00,22.09927098618548,22.134927289769827,21.821158618972103,22.01369857788086,956700,0.0,0.0
2023-10-17 00:00:00-04:00,21.7498475849353,22.17771371109496,21.507390158783124,21.642881393432617,1107700,0.0,0.0
2023-10-18 00:00:00-04:00,21.42181747599228,21.47886620140822,21.100917545434573,21.371898651123047,1112500,0.0,0.0
2023-10-19 00:00:00-04:00,21.293458760824393,21.785503536528775,20.97255881132242,21.40042495727539,1466500,0.0,0.0
2023-10-20 00:00:00-04:00,21.364770381826904,21.364770381826904,21.04387176648731,21.186492919921875,1886900,0.0,0.0
2023-10-23 00:00:00-04:00,21.0367377289426,21.621487509208027,20.87272281206794,21.26493263244629,1271200,0.0,0.0
2023-10-24 00:00:00-04:00,21.514523693779978,21.749849884020797,21.264934980458122,21.707063674926758,903200,0.0,0.0
2023-10-25 00:00:00-04:00,21.279198356379553,21.357640876320048,20.08830483436508,20.095436096191406,2683500,0.0,0.0
2023-10-26 00:00:00-04:00,20.024121490496075,20.06690769415204,18.32692090388798,18.369707107543945,3763000,0.0,0.0
2023-10-27 00:00:00-04:00,18.426757179704257,19.34666810638387,17.956104824631154,19.23257064819336,3256500,0.0,0.0
2023-10-30 00:00:00-04:00,19.5106842226183,19.56060169012297,18.640689411311833,18.840360641479492,2084400,0.0,0.0
2023-10-31 00:00:00-04:00,19.154129135959835,19.44650403709922,17.863399454184634,18.12725067138672,4196200,0.0,0.0
2023-11-01 00:00:00-04:00,18.34831428527832,19.261095291954643,18.24847935147663,18.34831428527832,2849400,0.0,0.0
2023-11-02 00:00:00-04:00,18.70486998578177,19.57486482428726,18.597903786334918,19.396587371826172,2428800,0.0,0.0
2023-11-03 00:00:00-04:00,19.674699919199828,20.15248355000883,19.596257404244177,20.109697341918945,1838100,0.0,0.0
2023-11-06 00:00:00-05:00,20.109695905240734,20.223793358761764,19.867238476471318,20.18813705444336,1023100,0.0,0.0
2023-11-07 00:00:00-05:00,20.166746905309296,20.59461172416999,20.10969817211793,20.573219299316406,1229400,0.0,0.0
2023-11-08 00:00:00-05:00,20.68018550403158,20.801414232081868,20.337893104883392,20.573219299316406,2042500,0.0,0.0
2023-11-09 00:00:00-05:00,20.64452583893107,20.64452583893107,18.662080433224215,18.918800354003906,4520800,0.0,0.0
2023-11-10 00:00:00-05:00,19.004372587989018,19.375189945839722,18.861751468918662,19.246829986572266,1613400,0.0,0.0
2023-11-13 00:00:00-05:00,19.154129078965813,19.38945525138141,18.790442928841898,18.890277862548828,1664400,0.0,0.0
2023-11-14 00:00:00-05:00,19.50355133562389,19.603386262310554,19.232568877261702,19.389453887939453,1452500,0.0,0.0
2023-11-15 00:00:00-05:00,19.382322734399448,19.567731427947027,18.947325362609014,19.18265151977539,1715700,0.0,0.0
2023-11-16 00:00:00-05:00,19.089949931076262,19.232571076919164,18.868884910773875,19.075687408447266,1356300,0.0,0.0
2023-11-17 00:00:00-05:00,19.161261251412927,19.325276181775745,19.02577000625933,19.132736206054688,1466800,0.0,0.0
2023-11-20 00:00:00-05:00,19.303880228627698,19.360928952784732,19.011505347304286,19.18265151977539,1365600,0.0,0.0
2023-11-21 00:00:00-05:00,18.954456645337203,19.089947875424606,18.704867966802155,18.96158790588379,1283500,0.0,0.0
2023-11-22 00:00:00-05:00,19.047161991266623,19.396586988108922,18.9188033705591,19.332406997680664,863600,0.0,0.0
2023-11-24 00:00:00-05:00,19.332408339687927,19.510685800997777,19.2468345597936,19.375194549560547,307400,0.0,0.0
2023-11-27 00:00:00-05:00,19.253963221880905,19.311011947391634,18.690605867332174,18.761917114257812,1138200,0.0,0.0
2023-11-28 00:00:00-05:00,18.76192023065116,19.128392210284176,18.70443451054604,19.049348831176758,1377400,0.2,0.0
2023-11-29 00:00:00-05:00,19.221804440715417,19.31521821438692,18.87689014791169,18.948747634887695,872900,0.0,0.0
2023-11-30 00:00:00-05:00,19.049348317179884,19.31521925152935,18.79784778454319,19.207433700561523,1255500,0.0,0.0
2023-12-01 00:00:00-05:00,19.092458515463992,19.839774080530347,18.999044755114383,19.83258819580078,1169000,0.0,0.0
2023-12-04 00:00:00-05:00,19.731992142289226,19.990678575337693,19.31522031713765,19.552349090576172,1505000,0.0,0.0
2023-12-05 00:00:00-05:00,19.466118489345853,19.530790088624812,18.7978462105083,19.02060317993164,1093200,0.0,0.0
2023-12-06 00:00:00-05:00,19.293660117613687,19.595460438144766,18.848144836613542,18.891260147094727,740700,0.0,0.0
2023-12-07 00:00:00-05:00,18.905633707440007,19.214619964709378,18.776290495506995,19.106834411621094,610000,0.0,0.0
2023-12-08 00:00:00-05:00,19.04216310713026,19.573906365276343,19.04216310713026,19.40144920349121,1038500,0.0,0.0
2023-12-11 00:00:00-05:00,19.458932577819304,19.868518458994007,19.4373749212326,19.645761489868164,857300,0.0,0.0
2023-12-12 00:00:00-05:00,19.573903592041237,19.71761855845112,19.121203777814838,19.264917373657227,896300,0.0,0.0
2023-12-13 00:00:00-05:00,19.315219385740722,19.64576329764883,18.934377011636943,19.631391525268555,907300,0.0,0.0
2023-12-14 00:00:00-05:00,19.9403770761462,20.709249054025705,19.911633532398223,20.14876365661621,1363900,0.0,0.0
2023-12-15 00:00:00-05:00,20.21343456104378,20.234992219571588,19.58109165380551,19.703248977661133,1167800,0.0,0.0
2023-12-18 00:00:00-05:00,19.782292634561312,19.933192134685306,19.451748718635752,19.58827781677246,657700,0.0,0.0
2023-12-19 00:00:00-05:00,19.78948010719267,20.2278082407144,19.73917889921812,20.184694290161133,854800,0.0,0.0
2023-12-20 00:00:00-05:00,20.07690416465785,20.285289353768807,19.46611762663011,19.509231567382812,1092100,0.0,0.0
2023-12-21 00:00:00-05:00,19.767918637236335,19.9475616622524,19.516418128100334,19.775104522705078,679000,0.0,0.0
2023-12-22 00:00:00-05:00,19.789477865090458,20.012234850040223,19.703248603185724,19.803848266601562,421100,0.0,0.0
2023-12-26 00:00:00-05:00,19.911633978420948,20.005049127126775,19.717620536046603,19.904449462890625,467400,0.0,0.0
2023-12-27 00:00:00-05:00,19.890077690694707,20.040977187048934,19.602649099614535,19.904449462890625,687500,0.0,0.0
2023-12-28 00:00:00-05:00,19.746358949613366,19.990673548149108,19.746358949613366,19.83258819580078,450200,0.0,0.0
2023-12-29 00:00:00-05:00,19.75354971683926,19.890078819312237,19.57390666589976,19.696063995361328,673200,0.0,0.0
2024-01-02 00:00:00-05:00,19.566719782475204,19.897263692057972,19.35833456669776,19.68887710571289,996700,0.0,0.0
2024-01-03 00:00:00-05:00,19.372705177744624,19.394262836396326,18.733176380654935,18.75473403930664,1519000,0.0,0.0
2024-01-04 00:00:00-05:00,18.359520637770565,18.409821847091358,17.69843410580038,18.143949508666992,2454000,0.0,0.0
2024-01-05 00:00:00-05:00,18.100832082912206,18.654131573569394,17.99304653904743,18.438560485839844,970700,0.0,0.0
2024-01-08 00:00:00-05:00,18.38825822496407,18.75473012209384,18.280472695353517,18.740358352661133,918100,0.0,0.0
2024-01-09 00:00:00-05:00,18.424189954875843,18.912819248564134,18.050533469026835,18.402633666992188,1442500,0.0,0.0
2024-01-10 00:00:00-05:00,18.35233412156595,18.546347568391738,18.23736131192831,18.539161682128906,611900,0.0,0.0
2024-01-11 00:00:00-05:00,18.4744862502411,18.690058681777717,18.208615366416865,18.61101531982422,892500,0.0,0.0
2024-01-12 00:00:00-05:00,18.797847429274874,18.905632978205617,18.409819179010668,18.503232955932617,673900,0.0,0.0
2024-01-16 00:00:00-05:00,18.28047517890206,18.58946141084662,18.136760206184917,18.524789810180664,822300,0.0,0.0
2024-01-17 00:00:00-05:00,18.28766109825645,18.524789844278924,18.158317896686455,18.452932357788086,652700,0.0,0.0
2024-01-18 00:00:00-05:00,18.675690485510266,18.89126295829308,18.546347275954105,18.884077072143555,636300,0.0,0.0
2024-01-19 00:00:00-05:00,18.963119297136124,18.984676955833073,18.38826210422737,18.682876586914062,817000,0.0,0.0
2024-01-22 00:00:00-05:00,19.034975253220157,19.078089196568126,18.70443273660649,18.83377456665039,566500,0.0,0.0
2024-01-23 00:00:00-05:00,19.09964648565668,19.236175569291095,18.927189345018874,19.164318084716797,694300,0.0,0.0
2024-01-24 00:00:00-05:00,19.408632497888373,19.523603923724174,18.812217712402344,18.812217712402344,578700,0.0,0.0
2024-01-25 00:00:00-05:00,19.07808819138238,19.343960464249605,18.82658905963059,19.05653190612793,513600,0.0,0.0
2024-01-26 00:00:00-05:00,19.30084706663609,19.308032952112406,18.99186084399222,19.149946212768555,606400,0.0,0.0
2024-01-29 00:00:00-05:00,19.16432180713586,19.394264705983005,19.006236406820396,19.30803680419922,633200,0.0,0.0
2024-01-30 00:00:00-05:00,19.128392110516913,19.243363550127498,18.920005519617927,19.034976959228516,730800,0.0,0.0
2024-01-31 00:00:00-05:00,19.013418927395275,19.207433741895468,18.603833010495524,18.654132843017578,639600,0.0,0.0
2024-02-01 00:00:00-05:00,18.790660656459,19.099646887227674,18.71161865527618,18.99186134338379,629500,0.0,0.0
2024-02-02 00:00:00-05:00,18.790663005821337,18.955934285083366,18.524792055802898,18.747549057006836,707900,0.0,0.0
2024-02-05 00:00:00-05:00,18.546346838094298,18.56790449603392,18.230176078385526,18.417003631591797,505200,0.0,0.0
2024-02-06 00:00:00-05:00,18.40981635730645,18.862516141656553,18.388258702597437,18.582273483276367,516400,0.0,0.0
2024-02-07 00:00:00-05:00,18.72598986531654,18.769105181171437,18.54634682762395,18.646947860717773,550000,0.0,0.0
2024-02-08 00:00:00-05:00,18.668502839377812,18.862517635421206,18.58946084032005,18.59664535522461,520500,0.0,0.0
2024-02-09 00:00:00-05:00,18.783475030537282,19.214618582442355,18.503232338554394,19.200246810913086,813000,0.0,0.0
2024-02-12 00:00:00-05:00,19.12120648691133,19.552348706090317,19.12120648691133,19.40144920349121,778400,0.0,0.0
2024-02-13 00:00:00-05:00,18.67569003405343,18.855333071746017,18.40981910578626,18.646947860717773,760500,0.0,0.0
2024-02-14 00:00:00-05:00,18.83377625462615,19.063720504415,18.58946297337941,19.034976959228516,826700,0.0,0.0
2024-02-15 00:00:00-05:00,19.049347158984315,19.24336196127094,18.733175040876585,19.00623321533203,622700,0.0,0.0
2024-02-16 00:00:00-05:00,18.812218550017313,18.941561752483477,18.4888605438519,18.71880340576172,659800,0.0,0.0
2024-02-20 00:00:00-05:00,18.560715346454426,18.747544237377486,18.409815879113125,18.740358352661133,788700,0.0,0.0
2024-02-21 00:00:00-05:00,18.57509241409008,18.790663534798874,18.53916298026011,18.58946418762207,514200,0.0,0.0
2024-02-22 00:00:00-05:00,18.733175926905783,18.76910535712169,18.481675397664958,18.51760482788086,489700,0.0,0.0
2024-02-23 00:00:00-05:00,18.431372162694817,18.86970153642074,18.424186277978464,18.740358352661133,435400,0.0,0.0
2024-02-26 00:00:00-05:00,18.62539045336235,18.840961553266546,18.30921831901092,18.373889923095703,603800,0.0,0.0
2024-02-27 00:00:00-05:00,18.567903686704593,18.67568923056937,18.302031399308436,18.438560485839844,846800,0.0,0.0
2024-02-28 00:00:00-05:00,18.273289888360253,18.682875792206264,18.2661040024336,18.474489212036133,816800,0.0,0.0
2024-02-29 00:00:00-05:00,18.618202455412074,19.595460921337477,18.56790262917782,19.523603439331055,2914300,0.0,0.0
2024-03-01 00:00:00-05:00,19.02060201756584,19.45174552955549,18.934374137508375,19.142759323120117,2046300,0.0,0.0
2024-03-04 00:00:00-05:00,18.797846229242584,18.99904691281848,17.43255949862034,17.518787384033203,2226500,0.0,0.0
2024-03-05 00:00:00-05:00,17.42537539140061,18.29484707264544,17.13076090679966,17.73436164855957,2801500,0.0,0.0
2024-03-06 00:00:00-05:00,17.97867311351561,17.97867311351561,17.504415667692484,17.770286560058594,1180600,0.0,0.0
2024-03-07 00:00:00-05:00,17.863704035086123,18.33077565710003,17.863704035086123,18.079275131225586,1163400,0.0,0.0
2024-03-08 00:00:00-05:00,18.23017806252379,18.417005636064022,17.799034450779793,18.021791458129883,1284800,0.0,0.0
2024-03-11 00:00:00-04:00,17.949929033941878,18.172687350714053,17.935557264362888,18.072086334228516,1180000,0.0,0.0
2024-03-12 00:00:00-04:00,17.81340260587554,17.81340260587554,16.80740059263235,16.94392967224121,2030500,0.0,0.0
2024-03-13 00:00:00-04:00,16.5271615572563,16.95830517634176,15.571460530724625,15.621760368347168,3768500,0.0,0.0
2024-03-14 00:00:00-04:00,15.391814180527179,15.478043434141044,14.694799748537761,14.910370826721191,4580100,0.0,0.0
2024-03-15 00:00:00-04:00,14.81695952243934,15.097202244796657,14.68761630579205,14.75947380065918,3174500,0.0,0.0
2024-03-18 00:00:00-04:00,14.80258763491232,14.845701583272195,14.342700493658745,14.587015151977539,3413400,0.0,0.0
2024-03-19 00:00:00-04:00,14.594198674650944,14.975042373419946,14.522341191978068,14.90318489074707,1812600,0.0,0.0
2024-03-20 00:00:00-04:00,14.809773225030854,15.866073847399432,14.759473391189639,15.822959899902344,2761800,0.0,0.0
2024-03-21 00:00:00-04:00,15.937931110524595,16.232545593548515,15.715174119338434,15.945116996765137,1648100,0.0,0.0
2024-03-22 00:00:00-04:00,15.830142742290409,15.901998850779218,15.36306981370865,15.478042602539062,923800,0.0,0.0
2024-03-25 00:00:00-04:00,15.521561182975736,15.76816554113864,15.420018700230743,15.6231050491333,841200,0.2,0.0
2024-03-26 00:00:00-04:00,15.83344406189566,15.83344406189566,15.456284273121668,15.485297203063965,646600,0.0,0.0
2024-03-27 00:00:00-04:00,15.615853269648877,16.080049100706788,15.601346804075142,16.072795867919922,1041300,0.0,0.0
2024-03-28 00:00:00-04:00,15.978504676548914,16.587762322853198,15.96399821272916,16.384675979614258,1216800,0.0,0.0
2024-04-01 00:00:00-04:00,16.31940039721402,16.42094289032684,15.913229041350032,15.956747055053711,799000,0.0,0.0
2024-04-02 00:00:00-04:00,15.833443905394137,16.007517333089403,15.608599234214333,15.702888488769531,1483600,0.0,0.0
2024-04-03 00:00:00-04:00,15.579585668579247,16.087300849524294,15.579585668579247,15.97850513458252,1089100,0.0,0.0
2024-04-04 00:00:00-04:00,16.094555363152637,16.109060445130602,15.369248694572326,15.383753776550293,1465800,0.0,0.0
2024-04-05 00:00:00-04:00,15.528816371870924,15.673878265568055,15.383754478173795,15.41276741027832,1399700,0.0,0.0
2024-04-08 00:00:00-04:00,15.550575633198799,15.644864893058758,15.463538222748085,15.50705623626709,927300,0.0,0.0
2024-04-09 00:00:00-04:00,15.630356897832883,15.76816554113864,15.41276546811859,15.6231050491333,2071800,0.0,0.0
2024-04-10 00:00:00-04:00,15.274957688149945,15.332982164914123,14.93406406008697,15.07187271118164,1269300,0.0,0.0
2024-04-11 00:00:00-04:00,15.086377143859863,15.224185789026576,14.93406341768554,15.086377143859863,1684300,0.0,0.0
2024-04-12 00:00:00-04:00,14.912304547102494,14.992088722420538,14.477120274278189,14.491626739501953,1171700,0.0,0.0
2024-04-15 00:00:00-04:00,14.506136235120852,14.687462938059863,14.288544744959221,14.375580787658691,1018500,0.0,0.0
2024-04-16 00:00:00-04:00,14.288542884531752,14.883294171386554,14.172493920433878,14.672954559326172,1231900,0.0,0.0
2024-04-17 00:00:00-04:00,14.781749126913935,14.868786534843863,14.448108727243323,14.491626739501953,1800800,0.0,0.0
2024-04-18 00:00:00-04:00,14.513384403775763,14.564155641532398,14.339310995719098,14.506131172180176,1057800,0.0,0.0
2024-04-19 00:00:00-04:00,14.419096225874068,14.665700608365782,14.419096225874068,14.651195526123047,1312400,0.0,0.0
2024-04-22 00:00:00-04:00,14.738231872823768,14.854280833758386,14.58591813037686,14.818016052246094,628300,0.0,0.0
2024-04-23 00:00:00-04:00,14.745484087119653,14.963075527986609,14.680206378177036,14.876039505004883,1284400,0.0,0.0
2024-04-24 00:00:00-04:00,14.91230170991076,14.984832638817299,14.69471030660355,14.897796630859375,796000,0.0,0.0
2024-04-25 00:00:00-04:00,14.796254165128532,14.825267092777944,14.600421053732614,14.694711685180664,632000,0.0,0.0
2024-04-26 00:00:00-04:00,14.701967003496375,14.810762730796146,14.52064033019251,14.723725318908691,985700,0.0,0.0
2024-04-29 00:00:00-04:00,14.890546708926175,14.977582736227122,14.70196680522384,14.796256065368652,783300,0.0,0.0
2024-04-30 00:00:00-04:00,14.65119335645734,14.65119335645734,14.208755903374927,14.317551612854004,1467900,0.0,0.0
2024-05-01 00:00:00-04:00,14.310300144885218,14.651195162258432,14.128973478933569,14.433602333068848,1449100,0.0,0.0
2024-05-02 00:00:00-04:00,14.687456906320744,14.716469830914386,14.353816573968194,14.448105812072754,616500,0.0,0.0
2024-05-03 00:00:00-04:00,14.701964880257044,14.781747664267959,14.50613176935179,14.542396545410156,813700,0.0,0.0
2024-05-06 00:00:00-04:00,14.709222640441208,14.723727725282483,14.332062766308956,14.375580787658691,1134900,0.0,0.0
2024-05-07 00:00:00-04:00,14.361071110592928,14.76724383047915,14.339312796486176,14.66569995880127,1087100,0.0,0.0
2024-05-08 00:00:00-04:00,14.54965089618094,14.651194767095706,14.404590397379703,14.57866382598877,956400,0.0,0.0
2024-05-09 00:00:00-04:00,14.622181837287876,14.687459545942856,14.41184362983166,14.57866382598877,1009600,0.0,0.0
2024-05-10 00:00:00-04:00,14.622181296671394,14.622181296671394,14.368323703889148,14.585916519165039,802600,0.0,0.0
2024-05-13 00:00:00-04:00,14.745484092996145,14.76724379045657,14.484373257121623,14.520639419555664,1217800,0.0,0.0
2024-05-14 00:00:00-04:00,15.07187201717521,16.116312550837648,14.84702596958131,14.941316604614258,1430300,0.0,0.0
2024-05-15 00:00:00-04:00,15.137149554907614,15.15890786781711,14.571409901247046,14.905050277709961,1067600,0.0,0.0
2024-05-16 00:00:00-04:00,14.955823827712544,15.100884328596191,14.854279955340068,15.013848304748535,803100,0.0,0.0
2024-05-17 00:00:00-04:00,15.013848074221734,15.013848074221734,14.665699833938701,14.680206298828125,575300,0.0,0.0
2024-05-20 00:00:00-04:00,14.752739079308029,14.926812529447577,14.651196579246493,14.738232612609863,597300,0.0,0.0
2024-05-21 00:00:00-04:00,14.701964412767465,15.21693141016664,14.701964412767465,15.057364463806152,1005300,0.0,0.0
2024-05-22 00:00:00-04:00,14.926808961707888,14.970326967988091,14.694711083663496,14.759988784790039,856700,0.0,0.0
2024-05-23 00:00:00-04:00,14.723724757918198,14.861533411734035,14.128973513488253,14.230517387390137,1034600,0.0,0.0
2024-05-24 00:00:00-04:00,14.259527621274215,14.440854270968355,14.186996684714048,14.266780853271484,1013900,0.0,0.0
2024-05-28 00:00:00-04:00,14.324806345622084,14.455361764042133,13.882368846179178,13.954899787902832,1387100,0.0,0.0
2024-05-29 00:00:00-04:00,13.773571244372933,14.049188508601832,13.708293544077272,13.853355407714844,1221100,0.0,0.0
2024-05-30 00:00:00-04:00,14.32246533536813,14.48372083136049,14.117229923880878,14.403092384338379,1624900,0.2,0.0
2024-05-31 00:00:00-04:00,14.498381797174849,14.776914290812217,14.454401878664772,14.469061851501465,1392300,0.0,0.0
2024-06-03 00:00:00-04:00,14.59366802141467,14.769583491618414,14.395762593166001,14.659636497497559,1483500,0.0,0.0
2024-06-04 00:00:00-04:00,14.535030935967143,15.246022871505156,14.520370962520499,15.224034309387207,1250700,0.0,0.0
2024-06-05 00:00:00-04:00,15.231363637935893,15.319320678710938,15.158065171922049,15.319320678710938,1342100,0.0,0.0
2024-06-06 00:00:00-04:00,15.143403179370619,15.51722404793642,15.092094679419741,15.414607048034668,1161000,0.0,0.0
2024-06-07 00:00:00-04:00,15.231362853811584,15.451256842480815,15.172724363629664,15.436596870422363,810600,0.0,0.0
2024-06-10 00:00:00-04:00,15.260681392048731,15.561203828833408,15.040787403492294,15.509895324707031,875600,0.0,0.0
2024-06-11 00:00:00-04:00,15.443926109179595,15.693140029907227,15.348639091514002,15.693140029907227,790900,0.0,0.0
2024-06-12 00:00:00-04:00,16.1402615700584,16.264868547409606,15.86905765533447,15.869057655334473,1327100,0.0,0.0
2024-06-13 00:00:00-04:00,15.825078332347376,15.95701528969435,15.260681969497288,15.282671928405762,1379700,0.0,0.0
2024-06-14 00:00:00-04:00,15.084766889398592,15.224033836713733,14.806234392820281,14.87220287322998,946900,0.0,0.0
2024-06-17 00:00:00-04:00,14.798904802842054,14.982150275989497,14.791574816149916,14.879531860351562,682700,0.0,0.0
2024-06-18 00:00:00-04:00,14.879529908068427,15.026126826572796,14.791572875407269,14.886859893798828,763200,0.0,0.0
2024-06-20 00:00:00-04:00,14.828222346347392,15.172724707263917,14.828222346347392,14.960159301757812,576100,0.0,0.0
2024-06-21 00:00:00-04:00,14.96015925638071,15.165394675069058,14.93084070974061,14.967489242553711,1618700,0.0,0.0
2024-06-24 00:00:00-04:00,14.967490302605219,15.150735775752663,14.835553338250739,14.879531860351562,1163600,0.0,0.0
2024-06-25 00:00:00-04:00,14.8795326937958,14.930842603514785,14.703617197486977,14.828224182128906,697300,0.0,0.0
2024-06-26 00:00:00-04:00,14.740264945610397,14.77691347763339,14.637646539452636,14.659636497497559,988200,0.0,0.0
2024-06-27 00:00:00-04:00,14.703616050802603,14.769584531530267,14.60099903547156,14.718276023864746,1345600,0.0,0.0
2024-06-28 00:00:00-04:00,14.872202479093543,15.121415023084369,14.798904014130624,14.996808052062988,6229800,0.0,0.0
2024-07-01 00:00:00-04:00,15.077435960519024,15.121414478692714,14.535029576203897,14.65230655670166,1258600,0.0,0.0
2024-07-02 00:00:00-04:00,14.688956605823746,14.88686063823369,14.55701965218252,14.7769136428833,1013300,0.0,0.0
2024-07-03 00:00:00-04:00,14.784244517689856,14.91618147926207,14.630317596504947,14.644977569580078,389500,0.0,0.0
2024-07-05 00:00:00-04:00,14.637646539452636,14.938168975807185,14.564349475406653,14.659636497497559,717500,0.0,0.0
2024-07-08 00:00:00-04:00,14.659636497497559,14.806233421693287,14.622987965474568,14.659636497497559,722600,0.0,0.0
2024-07-09 00:00:00-04:00,14.579008839796051,14.725605771939636,14.513040360136634,14.542360305786133,630500,0.0,0.0
2024-07-10 00:00:00-04:00,14.615658748401314,14.747595707508404,14.549690268847769,14.688957214355469,533900,0.0,0.0
2024-07-11 00:00:00-04:00,14.996808052062988,15.077436503327393,14.842882533887602,14.996808052062988,1114100,0.0,0.0
2024-07-12 00:00:00-04:00,15.172724929967263,15.290001914708588,14.85021252290265,15.282671928405762,1586600,0.0,0.0
2024-07-15 00:00:00-04:00,15.27533952927402,15.568531944815884,15.128742622477233,15.5025634765625,1018500,0.0,0.0
2024-07-16 00:00:00-04:00,15.539215371230869,15.788429305531787,15.407278418006632,15.781099319458008,1276100,0.0,0.0
2024-07-17 00:00:00-04:00,15.693142047057073,16.03764302973143,15.685812060440343,15.8177490234375,1169600,0.0,0.0
2024-07-18 00:00:00-04:00,15.803088373438902,15.891046811020864,15.23869340864075,15.282671928405762,914800,0.0,0.0
2024-07-19 00:00:00-04:00,15.246024593915077,15.348643021582818,15.055450509786793,15.114089012145996,1698500,0.0,0.0
2024-07-22 00:00:00-04:00,15.150733378779098,15.524554252624513,15.033456406363099,15.524554252624512,1136600,0.0,0.0
2024-07-23 00:00:00-04:00,15.487906021155322,15.553874500120482,14.989479532826916,15.128745079040527,2100800,0.0,0.0
2024-07-24 00:00:00-04:00,15.055447614761194,15.1947131573022,14.681626709834054,14.762253761291504,1509900,0.0,0.0
2024-07-25 00:00:00-04:00,14.754923684592463,14.967489087248195,14.66696664753291,14.7769136428833,1709700,0.0,0.0
2024-07-26 00:00:00-04:00,17.24706387413333,17.525596369101695,16.29418660597427,17.4229793548584,6332500,0.0,0.0
2024-07-29 00:00:00-04:00,17.452297581290136,17.45962756760855,17.00517960028237,17.188425064086914,2763500,0.0,0.0
2024-07-30 00:00:00-04:00,16.492092353085305,16.96853029700848,16.206229866341793,16.74130630493164,2602800,0.0,0.0
2024-07-31 00:00:00-04:00,16.873242053823635,17.68685093404771,16.873242053823635,17.203083038330078,1946200,0.0,0.0
2024-08-01 00:00:00-04:00,17.18842533042509,17.195753918805124,16.184239558073276,16.22821807861328,2143900,0.0,0.0
2024-08-02 00:00:00-04:00,15.810418119389933,16.154920480125856,15.561204181090211,15.883716583251953,1437700,0.0,0.0
2024-08-05 00:00:00-04:00,15.202043229858791,15.722461064479043,15.026127755608144,15.671151161193848,1265700,0.0,0.0
2024-08-06 00:00:00-04:00,15.59785409546168,16.015653521563454,15.539215604044799,15.671151161193848,1368200,0.0,0.0
2024-08-07 00:00:00-04:00,15.685811780532461,16.12560118332443,15.627173286696998,15.649163246154785,952500,0.0,0.0
2024-08-08 00:00:00-04:00,15.781097763848475,16.059630216936494,15.781097763848475,16.01565170288086,1041800,0.0,0.0
2024-08-09 00:00:00-04:00,15.957016097368504,16.096281650015378,15.766440638004772,15.869057655334473,668900,0.0,0.0
2024-08-12 00:00:00-04:00,15.869057155947422,15.95701559521347,15.605184634253204,15.663823127746582,693300,0.0,0.0
2024-08-13 00:00:00-04:00,15.789605201199302,15.92278860019175,15.752610439816817,15.900590896606445,840100,0.2,0.0
2024-08-14 00:00:00-04:00,15.930188735833484,16.115165375728747,15.641624217940235,15.789606094360352,725900,0.0,0.0
2024-08-15 00:00:00-04:00,16.14476203918457,16.277945455073112,16.041175565164536,16.14476203918457,802600,0.0,0.0
2024-08-16 00:00:00-04:00,16.06337060756665,16.448122354292256,16.06337060756665,16.15955924987793,485100,0.0,0.0
2024-08-19 00:00:00-04:00,16.16695946985344,16.307542118811423,16.159560234512508,16.248348236083984,689500,0.0,0.0
2024-08-20 00:00:00-04:00,16.181760240989384,16.189158066122175,15.967186619377426,15.981985092163086,721300,0.0,0.0
2024-08-21 00:00:00-04:00,16.12996329314879,16.307542118811423,16.011578350213593,16.248348236083984,702200,0.0,0.0
2024-08-22 00:00:00-04:00,16.300142991461716,16.32233928637172,16.10776710510254,16.10776710510254,472200,0.0,0.0
2024-08-23 00:00:00-04:00,16.270546970421673,16.551712286107573,16.181758963238703,16.403730392456055,591800,0.0,0.0
2024-08-26 00:00:00-04:00,16.522112979917505,16.633098678653255,16.396328811681066,16.470319747924805,919300,0.0,0.0
2024-08-27 00:00:00-04:00,16.41112942896128,16.46292266773234,16.277946008544333,16.32234001159668,615300,0.0,0.0
2024-08-28 00:00:00-04:00,16.19655501724423,16.374132431836554,16.19655501724423,16.270545959472656,676400,0.0,0.0
2024-08-29 00:00:00-04:00,16.42592800108867,16.662697900499115,16.34453781894386,16.566509246826172,640200,0.0,0.0
2024-08-30 00:00:00-04:00,16.61090466141057,16.64789942897098,16.433325825592817,16.566509246826172,620100,0.0,0.0
2024-09-03 00:00:00-04:00,16.292745031800788,16.485120933223083,16.02637818194531,16.09296989440918,632400,0.0,0.0
2024-09-04 00:00:00-04:00,16.055971493359927,16.44812103219494,16.018975321883275,16.129961013793945,612400,0.0,0.0
2024-09-05 00:00:00-04:00,16.248348236083984,16.351936119597163,16.04117529157731,16.248348236083984,803400,0.0,0.0
2024-09-06 00:00:00-04:00,16.285343035497878,16.46292043488252,15.996779937905293,16.041173934936523,622500,0.0,0.0
2024-09-09 00:00:00-04:00,16.055972192847314,16.240948824510255,15.930188026866123,15.959783554077148,573900,0.0,0.0
2024-09-10 00:00:00-04:00,15.96718336331794,16.100366768709783,15.715615022302181,15.841399192810059,419500,0.0,0.0
2024-09-11 00:00:00-04:00,15.8044055360214,15.937588950736613,15.61942888475246,15.81180477142334,543100,0.0,0.0
2024-09-12 00:00:00-04:00,15.907991427296487,16.055973307403164,15.811804193109007,15.93018913269043,645900,0.0,0.0
2024-09-13 00:00:00-04:00,16.048573169651682,16.233549803751487,15.944985294899183,16.041173934936523,494400,0.0,0.0
2024-09-16 00:00:00-04:00,16.041175212327463,16.181757860590913,16.011578271109965,16.048574447631836,449300,0.0,0.0
2024-09-17 00:00:00-04:00,16.19655527619459,16.337137927550256,16.018977858763158,16.14476203918457,586200,0.0,0.0
2024-09-18 00:00:00-04:00,16.152160831150102,16.566508127113075,16.115166066090126,16.211353302001953,816500,0.0,0.0
2024-09-19 00:00:00-04:00,16.662697439219382,16.662697439219382,16.19655547780702,16.226152420043945,579000,0.0,0.0
2024-09-20 00:00:00-04:00,16.159559502165465,16.18915503092808,15.87839421699183,16.033775329589844,1539700,0.0,0.0
2024-09-23 00:00:00-04:00,16.1817563588285,16.1817563588285,15.900591088395394,15.959783554077148,542700,0.0,0.0
2024-09-24 00:00:00-04:00,16.041174905139794,16.078169669693388,15.74521255493164,15.74521255493164,600400,0.0,0.0
2024-09-25 00:00:00-04:00,15.848798488999204,15.848798488999204,15.649023380138685,15.65642261505127,646300,0.0,0.0
2024-09-26 00:00:00-04:00,15.952385967357015,16.23355126683478,15.937588907852803,16.085569381713867,810000,0.0,0.0
2024-09-27 00:00:00-04:00,16.322341844817096,16.322341844817096,16.04117791222717,16.07817268371582,849000,0.0,0.0
2024-09-30 00:00:00-04:00,15.989380856541304,16.063370381883068,15.715614814493678,15.760008811950684,637400,0.0,0.0
2024-10-01 00:00:00-04:00,15.708217703979683,15.752613118700156,15.464048568056784,15.52324104309082,1439900,0.0,0.0
2024-10-02 00:00:00-04:00,15.390057089400347,15.612029921549125,15.316067556610632,15.367860794067383,1400100,0.0,0.0
2024-10-03 00:00:00-04:00,15.197684143792902,15.256876622751998,15.094096247169473,15.24947738647461,630600,0.0,0.0
2024-10-04 00:00:00-04:00,15.523240833041143,15.560237011474264,15.338264174655258,15.375260353088379,559500,0.0,0.0
2024-10-07 00:00:00-04:00,15.242073577788304,15.330861563961783,15.012702967037287,15.079293251037598,955100,0.0,0.0
2024-10-08 00:00:00-04:00,15.094095019835205,15.094095019835205,14.872123594602591,14.946114540100098,568800,0.0,0.0
2024-10-09 00:00:00-04:00,14.849924536723716,15.23467628930315,14.827728242975525,15.101492881774902,1091000,0.0,0.0
2024-10-10 00:00:00-04:00,14.983107109977949,15.07189651380616,14.89431770614974,15.027501106262207,796400,0.0,0.0
2024-10-11 00:00:00-04:00,15.027500023893136,15.23467434373058,15.027500023893136,15.079293251037598,520800,0.0,0.0
2024-10-14 00:00:00-04:00,14.990508612420744,15.190283742812598,14.857325192159507,15.145888328552246,633600,0.0,0.0
2024-10-15 00:00:00-04:00,15.168087294735194,15.271673780754567,15.06450080871582,15.06450080871582,526800,0.0,0.0
2024-10-16 00:00:00-04:00,15.14588856761379,15.353062936985728,15.116293035566333,15.338264465332031,885300,0.0,0.0
2024-10-17 00:00:00-04:00,15.308664928729264,15.345659686926204,15.160683073422378,15.279067993164062,1083800,0.0,0.0
2024-10-18 00:00:00-04:00,15.316066860793123,15.316066860793123,15.005306038910776,15.24207592010498,1695800,0.0,0.0
2024-10-21 00:00:00-04:00,15.190285626641533,15.256877345030547,15.027505243352792,15.034904479980469,787500,0.0,0.0
2024-10-22 00:00:00-04:00,15.057100000978634,15.145888005083284,14.983109056718174,15.13848876953125,1329000,0.0,0.0
2024-10-23 00:00:00-04:00,14.98311003086893,15.197683642049125,14.798133363821167,15.18288516998291,1261200,0.0,0.0
2024-10-24 00:00:00-04:00,15.308669005268598,15.523241200216406,15.256875765497055,15.493645668029785,662500,0.0,0.0
2024-10-25 00:00:00-04:00,15.619428754949833,15.671221991073141,15.345662692392553,15.545437812805176,637300,0.0,0.0
2024-10-28 00:00:00-04:00,15.61203035258264,15.819203308129497,15.582433409641707,15.619429588317871,794500,0.0,0.0
2024-10-29 00:00:00-04:00,15.523239209144256,15.84139925408662,15.50104291566626,15.65642261505127,693200,0.0,0.0
2024-10-30 00:00:00-04:00,15.626828392611017,15.760010398388433,15.345663087474543,15.367860794067383,1099800,0.0,0.0
2024-10-31 00:00:00-04:00,15.42705555368688,15.42705555368688,15.012708181357521,15.034904479980469,1345900,0.0,0.0
2024-11-01 00:00:00-04:00,15.18288373760332,15.249475444358936,15.0866950895075,15.205080032348633,573600,0.0,0.0
2024-11-04 00:00:00-05:00,15.131093144880195,15.301271353536528,15.012708181357521,15.034904479980469,433000,0.0,0.0
2024-11-05 00:00:00-05:00,14.946116809582705,15.175487505319692,14.923919099184886,15.153289794921875,697000,0.0,0.0
2024-11-06 00:00:00-05:00,15.737813608368759,15.87839484525823,15.626827901412923,15.708216667175293,1106700,0.0,0.0
2024-11-07 00:00:00-05:00,15.737815649034717,15.885796140410653,15.582434510140967,15.634227752685547,601700,0.0,0.0
2024-11-08 00:00:00-05:00,15.49364570825731,15.700818667881379,15.390057817185332,15.604631423950195,720800,0.0,0.0
2024-11-11 00:00:00-05:00,15.708217358052895,15.900593250491994,15.634226413074797,15.834001541137695,1376700,0.0,0.0
2024-11-12 00:00:00-05:00,15.264273435594431,15.870998068768232,15.145888485526354,15.52324104309082,1138700,0.0,0.0
2024-11-13 00:00:00-05:00,15.723015020416389,15.841399961786973,15.427052666989926,15.4640474319458,848800,0.0,0.0
2024-11-14 00:00:00-05:00,15.39745701418274,15.501044904993126,14.679748070671904,14.724142074584961,1656200,0.0,0.0
2024-11-15 00:00:00-05:00,14.849924677846046,14.909117147170033,14.176609810063255,14.435577392578125,1505400,0.0,0.0
2024-11-18 00:00:00-05:00,14.428178361841022,14.45777530255207,14.147014481385103,14.198807716369629,1363500,0.0,0.0
2024-11-19 00:00:00-05:00,13.9102427828257,14.065623894496694,13.799257080923427,14.036026954650879,2227800,0.0,0.0
2024-11-20 00:00:00-05:00,13.917641142322877,13.999031310519399,13.740063748197475,13.873247146606445,1521700,0.0,0.0
2024-11-21 00:00:00-05:00,13.828854658649506,14.05822530799563,13.732666010973503,14.050826072692871,876200,0.0,0.0
2024-11-22 00:00:00-05:00,14.043426767319362,14.309793591850209,14.028628296787687,14.23580265045166,460300,0.0,0.0
2024-11-25 00:00:00-05:00,14.398580319599935,14.509567427515748,14.25059986114502,14.25059986114502,962500,0.0,0.0
2024-11-26 00:00:00-05:00,14.243122814789123,14.527238410572814,14.130972522166442,14.370226860046387,1183100,0.2,0.0
2024-11-27 00:00:00-05:00,14.392657196165924,14.759015571849222,14.392657196165924,14.452470779418945,736800,0.0,0.0
2024-11-29 00:00:00-05:00,14.437519166150643,14.497332758265644,14.280509021624464,14.377705574035645,387600,0.0,0.0
2024-12-02 00:00:00-05:00,14.38518220637666,15.185189522069017,14.37022845208539,15.005748748779297,1352900,0.0,0.0
2024-12-03 00:00:00-05:00,15.02817660714652,15.080513311440043,14.759014783844691,14.893595695495605,718300,0.0,0.0
2024-12-04 00:00:00-05:00,14.86369111816484,14.998272056306341,14.721634728854161,14.88612174987793,847700,0.0,0.0
2024-12-05 00:00:00-05:00,14.953409973240328,14.953409973240328,14.51976114105909,14.564620971679688,514600,0.0,0.0
2024-12-06 00:00:00-05:00,14.699203350776084,14.841261158942173,14.616959131405965,14.714157104492188,726700,0.0,0.0
2024-12-09 00:00:00-05:00,14.856216209608622,14.916029803626326,14.527240729476967,14.579577445983887,880500,0.0,0.0
2024-12-10 00:00:00-05:00,14.594528974090302,14.624435053501632,14.235647464744234,14.258076667785645,809400,0.0,0.0
2024-12-11 00:00:00-05:00,14.340319714053592,14.362748915268591,14.243121755227813,14.280506134033203,810100,0.0,0.0
2024-12-12 00:00:00-05:00,14.205742915809088,14.31041635463624,14.048732757568361,14.04873275756836,484900,0.0,0.0
2024-12-13 00:00:00-05:00,14.018823503042476,14.130973805853122,13.973963667131912,13.981440544128418,754000,0.0,0.0
2024-12-16 00:00:00-05:00,13.876765196037907,13.973963167448389,13.338442906155151,13.428162574768066,868400,0.0,0.0
2024-12-17 00:00:00-05:00,13.353392801693348,13.495449140300462,13.31600842884831,13.383298873901367,1512700,0.0,0.0
2024-12-18 00:00:00-05:00,13.42068889678789,13.615082013148557,12.792645429268264,12.844982147216797,1072300,0.0,0.0
2024-12-19 00:00:00-05:00,12.785167906187883,13.001991644754028,12.687969926845254,12.762737274169922,1429300,0.0,0.0
2024-12-20 00:00:00-05:00,12.680491996285706,13.031898071703887,12.680491996285706,12.874886512756348,2693500,0.0,0.0
2024-12-23 00:00:00-05:00,12.807596014502593,13.009467407157882,12.673016512134149,12.777689933776855,1254400,0.0,0.0
2024-12-24 00:00:00-05:00,12.747780318118622,12.807593895743558,12.650583789253666,12.800118446350098,934700,0.0,0.0
2024-12-26 00:00:00-05:00,12.710399958521512,13.009467907625972,12.673016999659131,12.927225112915039,1503600,0.0,0.0
2024-12-27 00:00:00-05:00,12.762736250396674,12.89731717957185,12.590772363592137,12.77021312713623,1215600,0.0,0.0
2024-12-30 00:00:00-05:00,12.695445509002413,13.009467194874873,12.58329521249119,13.00199031829834,1076200,0.0,0.0
2024-12-31 00:00:00-05:00,13.009466730723169,13.218814989191813,13.009466730723169,13.203861236572266,785400,0.0,0.0
2025-01-02 00:00:00-05:00,13.248721327629449,13.345919295490255,12.972084029095953,13.024420738220215,945900,0.0,0.0
2025-01-03 00:00:00-05:00,13.039374491132396,13.11414182962493,12.859933734391335,13.024420738220215,606600,0.0,0.0
2025-01-06 00:00:00-05:00,13.196385121513238,13.428162596213248,13.14404841039405,13.173955917358398,1027900,0.0,0.0
2025-01-07 00:00:00-05:00,13.151524375237706,13.360872631267137,13.151524375237706,13.271151542663574,1422400,0.0,0.0
2025-01-08 00:00:00-05:00,13.203861360270329,13.323488530210735,13.091711066709744,13.241244316101074,1294700,0.0,0.0
2025-01-10 00:00:00-05:00,13.084235423389202,13.233770112941047,12.9421776109218,13.009468078613281,1425700,0.0,0.0
2025-01-13 00:00:00-05:00,12.904794883075567,12.979562229192789,12.755260190841124,12.934700965881348,825700,0.0,0.0
2025-01-14 00:00:00-05:00,12.987037904618992,13.166478663054155,12.927224318473936,13.061803817749023,1445400,0.0,0.0
2025-01-15 00:00:00-05:00,13.293582428016215,13.353396012884083,13.084234167944496,13.091711044311523,937900,0.0,0.0
2025-01-16 00:00:00-05:00,13.151525318684921,13.27115249469245,12.710399572381501,12.867409706115723,1316300,0.0,0.0
2025-01-17 00:00:00-05:00,12.994514529952768,13.031898915966208,12.78516767255155,12.837504386901855,789200,0.0,0.0
2025-01-21 00:00:00-05:00,13.069281548144787,13.301060457409763,12.770213597880193,12.972084999084473,2169400,0.0,0.0
2025-01-22 00:00:00-05:00,13.15152389284003,13.23376810220422,12.785165527777789,13.016942977905273,3006200,0.0,0.0
2025-01-23 00:00:00-05:00,12.904794806205956,12.972085274703776,12.650586686562745,12.792644500732422,2122300,0.0,0.0
2025-01-24 00:00:00-05:00,12.702923589198011,12.882364365831902,12.62815624241676,12.822550773620605,1469200,0.0,0.0
2025-01-27 00:00:00-05:00,12.830026913666616,13.016944556844823,12.590772558569464,12.598249435424805,1731900,0.0,0.0
2025-01-28 00:00:00-05:00,12.695445716161348,12.867409602022486,12.643109005339996,12.777689933776855,1147900,0.0,0.0
2025-01-29 00:00:00-05:00,12.740308827043139,12.994515541378098,12.740308827043139,12.882365226745605,1484100,0.0,0.0
2025-01-30 00:00:00-05:00,13.024421973994055,13.121618525008625,12.904794791482969,12.994514465332031,1154800,0.0,0.0
2025-01-31 00:00:00-05:00,13.0094693755046,13.054329216414756,12.687970759166442,12.72535514831543,1049300,0.0,0.0
2025-02-03 00:00:00-05:00,12.486101150512695,12.64311131161757,12.276752842970854,12.486101150512695,1663700,0.0,0.0
2025-02-04 00:00:00-05:00,12.478622377689247,12.673016899589266,12.448714869980725,12.635632514953613,1481000,0.0,0.0
2025-02-05 00:00:00-05:00,12.673015664039973,12.725352371358888,12.448713656299642,12.665538787841797,1224300,0.0,0.0
2025-02-06 00:00:00-05:00,12.695446358121545,12.800121211125672,12.463668873020417,12.508528709411621,597500,0.0,0.0
2025-02-07 00:00:00-05:00,12.478622859976317,12.815073778289955,12.411332391099887,12.433761596679688,2618800,0.0,0.0
2025-02-10 00:00:00-05:00,12.568341411963448,12.5758182885118,12.396377529556542,12.50105094909668,921100,0.0,0.0
2025-02-11 00:00:00-05:00,12.35151856900816,12.620679013423878,12.35151856900816,12.508528709411621,837600,0.0,0.0
2025-02-12 00:00:00-05:00,12.403854423003787,12.508527842686531,12.329087083486804,12.448714256286621,723800,0.0,0.0
2025-02-13 00:00:00-05:00,12.575818729806473,12.844980590718638,12.50852826457843,12.807596206665039,1424600,0.0,0.0
2025-02-14 00:00:00-05:00,12.874886934445046,13.031898498535156,12.80759646784478,13.031898498535156,2187200,0.0,0.0
2025-02-18 00:00:00-05:00,13.084233915302114,13.405732462534756,13.084233915302114,13.271151542663574,1252000,0.0,0.0
2025-02-19 00:00:00-05:00,13.256198532608616,13.644987561550302,13.091711524703321,13.495452880859375,1631400,0.0,0.0
2025-02-20 00:00:00-05:00,13.487978748327754,13.652465772306675,13.263676705372633,13.607605934143066,905200,0.0,0.0
2025-02-21 00:00:00-05:00,13.78704707355276,13.79452395112039,13.338444401975046,13.42068862915039,1303000,0.0,0.0
2025-02-24 00:00:00-05:00,13.458069995077603,13.495452952414343,13.144048304816389,13.28610610961914,1724500,0.0,0.0
2025-02-25 00:00:00-05:00,12.94217842415674,13.480502199514708,12.635633574775044,13.47302532196045,2383300,0.0,0.0
2025-02-26 00:00:00-05:00,13.36835002323715,13.839383311206088,13.286107224978416,13.719756126403809,2397900,0.0,0.0
2025-02-27 00:00:00-05:00,13.749661925389427,13.779569434006127,13.375826624091674,13.3982572555542,2212500,0.0,0.0
2025-02-28 00:00:00-05:00,13.383303900002005,13.405734532132852,13.099189690020657,13.256199836730957,1432000,0.0,0.0
2025-03-03 00:00:00-05:00,13.233766753995688,13.555263830614532,13.114139603144926,13.263672828674316,1486200,0.0,0.0
2025-03-04 00:00:00-05:00,13.054327652636085,13.218816093050297,12.7926440902834,12.987038612365723,1866600,0.0,0.0
2025-03-05 00:00:00-05:00,13.159001140177146,13.473022808531509,13.09171068081062,13.435638427734375,910100,0.0,0.0
2025-03-06 00:00:00-05:00,13.25619485836426,13.46554306809244,13.173952090241196,13.383298873901367,1365000,0.0,0.0
2025-03-07 00:00:00-05:00,13.338443354766488,13.383303190581715,13.024421651922964,13.129095077514648,941000,0.0,0.0
2025-03-10 00:00:00-04:00,13.106665713067839,13.233769768053882,12.964607904302627,13.196385383605957,1532300,0.0,0.0
2025-03-11 00:00:00-04:00,13.226634608000975,13.249322322434484,12.856077260065131,12.863639831542969,1372000,0.2,0.0
2025-03-12 00:00:00-04:00,12.893888483076639,12.969512754316083,12.614080554627598,12.735078811645508,1416800,0.0,0.0
2025-03-13 00:00:00-04:00,12.68970617726177,12.954388991167813,12.44770819504129,12.455270767211914,794500,0.0,0.0
2025-03-14 00:00:00-04:00,12.493081976693025,12.712390770999605,12.455269120838121,12.591392517089844,1449300,0.0,0.0
2025-03-17 00:00:00-04:00,12.61408117004539,13.1358870804012,12.591393454842764,13.128324508666992,1240700,0.0,0.0
2025-03-18 00:00:00-04:00,13.014886599750877,13.158572569315108,12.803140373459362,12.825826644897461,1174500,0.0,0.0
2025-03-19 00:00:00-04:00,12.85607831038216,13.120762564078538,12.825828021999422,13.0905122756958,821500,0.0,0.0
2025-03-20 00:00:00-04:00,12.931701393019008,13.120761350687669,12.931701393019008,12.954387664794922,615100,0.0,0.0
2025-03-21 00:00:00-04:00,12.818266592821407,12.901451999104045,12.530894629552348,12.893889427185059,2141100,0.0,0.0
2025-03-24 00:00:00-04:00,13.037575540942658,13.105637246490168,12.735079873183235,12.909014701843262,1346800,0.0,0.0
2025-03-25 00:00:00-04:00,12.992202205005038,13.052701341600565,12.69726909440349,12.765329360961914,931400,0.0,0.0
2025-03-26 00:00:00-04:00,12.788015230891974,12.863639501315935,12.704828389184314,12.825826644897461,1094700,0.0,0.0
2025-03-27 00:00:00-04:00,12.772891519451644,12.772891519451644,12.440147000164924,12.447708129882812,1397100,0.0,0.0
2025-03-28 00:00:00-04:00,12.409896671675783,12.447708089796048,12.19058785023458,12.281335830688477,1222800,0.0,0.0
2025-03-31 00:00:00-04:00,12.016650561343798,12.372083465723614,11.933463722604383,12.296459197998047,1717400,0.0,0.0
2025-04-01 00:00:00-04:00,12.099838249236704,12.28133564988568,11.948590415362558,12.152774810791016,1756800,0.0,0.0
2025-04-02 00:00:00-04:00,12.099838970889756,12.553583220780764,12.016652837599267,12.508209228515625,916200,0.0,0.0
2025-04-03 00:00:00-04:00,12.092273934951045,12.21327218461658,11.562906232061104,11.585593223571777,1894000,0.0,0.0
2025-04-04 00:00:00-04:00,11.086477131729168,11.245287544062812,10.496610195007033,10.988165855407715,2980400,0.0,0.0
2025-04-07 00:00:00-04:00,10.6176069392974,11.69146753080922,10.443672128590935,11.131850242614746,2750000,0.0,0.0
2025-04-08 00:00:00-04:00,11.540219230237163,11.646092337996661,10.738604745109699,10.9201021194458,2956500,0.0,0.0
2025-04-09 00:00:00-04:00,10.859603632480997,12.205710319677252,10.852041782344374,12.06202507019043,2009800,0.0,0.0
2025-04-10 00:00:00-04:00,11.714155202349499,11.789779476470837,11.230162155833813,11.661218643188477,1675000,0.0,0.0
2025-04-11 00:00:00-04:00,11.630969191518064,11.8502787231667,11.404097088142038,11.835153579711914,1170300,0.0,0.0
2025-04-14 00:00:00-04:00,11.971275988502864,12.009088122782693,11.570469096032234,11.804903030395508,934100,0.0,0.0
2025-04-15 00:00:00-04:00,11.888090191462357,12.062025004163052,11.767091935460744,12.054462432861328,1243500,0.0,0.0
2025-04-16 00:00:00-04:00,11.993964208718003,12.07715105689289,11.706592968454812,11.888091087341309,1178500,0.0,0.0
2025-04-17 00:00:00-04:00,11.918340784474402,12.235961594504786,11.835153935386195,12.145212173461914,1570700,0.0,0.0
2025-04-21 00:00:00-04:00,12.099838249236704,12.190587670767753,11.918340848587729,12.152774810791016,1289800,0.0,0.0
2025-04-22 00:00:00-04:00,12.364521155234481,12.5308933938059,12.273771743569093,12.485519409179688,1019900,0.0,0.0
2025-04-23 00:00:00-04:00,12.727515852808262,12.924138375079709,12.356958521670405,12.37208366394043,1151100,0.0,0.0
2025-04-24 00:00:00-04:00,12.341835021972656,12.409896728833127,12.258648170829158,12.341835021972656,642700,0.0,0.0
2025-04-25 00:00:00-04:00,12.296459460752553,12.394770001207466,12.228397762586473,12.379646301269531,619200,0.0,0.0
2025-04-28 00:00:00-04:00,12.35695933788288,12.470395027574902,12.213273361652695,12.409895896911621,1132000,0.0,0.0
2025-04-29 00:00:00-04:00,12.326709980619034,12.553582819519404,12.190588008174608,12.515769958496094,831400,0.0,0.0
2025-04-30 00:00:00-04:00,12.334271557645216,12.606518365394429,12.160336738211239,12.40233325958252,1002100,0.0,0.0
2025-05-01 00:00:00-04:00,12.447708334523329,12.52333261466381,12.304023788910902,12.417459487915039,615200,0.0,0.0
2025-05-02 00:00:00-04:00,12.614081120252482,12.674580251474264,12.485520286104565,12.583830833435059,800500,0.0,0.0
2025-05-05 00:00:00-04:00,12.455270251928704,12.795578773462179,12.38720854762201,12.667017936706543,958100,0.0,0.0
2025-05-06 00:00:00-04:00,12.614081382751465,12.735079647713002,12.49308311778993,12.614081382751465,953900,0.0,0.0
2025-05-07 00:00:00-04:00,12.7123903444029,12.871201448838251,12.62920494913954,12.810702323913574,1638100,0.0,0.0
2025-05-08 00:00:00-04:00,12.795577507203689,13.211508821327689,12.719953238523066,13.060261726379395,1540500,0.0,0.0
2025-05-09 00:00:00-04:00,13.052699779291835,13.120761480116986,12.886327534170924,13.022449493408203,943400,0.0,0.0
2025-05-12 00:00:00-04:00,13.514007234365458,13.619880355555356,13.302259549572566,13.529130935668945,1708600,0.0,0.0
2025-05-13 00:00:00-04:00,11.562907298751403,12.659454939011049,11.472158603130591,12.243523597717285,8512500,0.0,0.0
2025-05-14 00:00:00-04:00,12.258647710866375,12.833390190337855,12.175462305257266,12.667017936706543,3594400,0.0,0.0
2025-05-15 00:00:00-04:00,12.651893429750833,12.757767998674884,12.49308373998451,12.576269149780273,1334400,0.0,0.0
2025-05-16 00:00:00-04:00,12.53845621554506,12.818265584893108,12.387207673884548,12.780452728271484,2476900,0.0,0.0
2025-05-19 00:00:00-04:00,12.969513834917969,13.128324961994023,12.05446353847118,12.152774810791016,3720500,0.0,0.0
2025-05-20 00:00:00-04:00,12.046900361056014,12.046900361056014,11.585593617031597,11.736842155456543,3736400,0.0,0.0
2025-05-21 00:00:00-04:00,11.630969543899639,11.66121911051914,11.290661739128618,11.33603572845459,3563300,0.0,0.0
2025-05-22 00:00:00-04:00,11.343597567001112,11.517532383516004,11.283098437673626,11.494845390319824,1661500,0.0,0.0
2025-05-23 00:00:00-04:00,11.267972489947436,11.59315582776202,11.267972489947436,11.562906265258789,2194200,0.0,0.0
2025-05-27 00:00:00-04:00,11.759530120685552,11.941027516364253,11.683905845216156,11.872965812683105,1851500,0.0,0.0
2025-05-28 00:00:00-04:00,11.88052813665531,11.88809070828581,11.683905601501465,11.683905601501465,1516200,0.0,0.0
2025-05-29 00:00:00-04:00,11.70688974936652,11.760521286583645,11.392765201278106,11.461719512939453,3080300,0.2,0.0
2025-05-30 00:00:00-04:00,11.377444014622185,11.438736582282685,11.23953537205354,11.270181655883789,2677400,0.0,0.0
2025-06-02 00:00:00-04:00,11.224210762384965,11.277842301819094,11.009686796643356,11.201226234436035,3042000,0.0,0.0
2025-06-03 00:00:00-04:00,11.132271899863628,11.224210742158641,10.933071440223584,11.147595405578613,1874800,0.0,0.0
2025-06-04 00:00:00-04:00,11.132272918036195,11.308489596550709,11.093964880909994,11.155258178710938,2818900,0.0,0.0
2025-06-05 00:00:00-04:00,11.147595448852359,11.270180572388238,11.109287415081154,11.178241729736328,2402200,0.0,0.0
2025-06-06 00:00:00-04:00,11.270180572388238,11.346796639930648,11.109287415081154,11.178241729736328,1066100,0.0,0.0
2025-06-09 00:00:00-04:00,11.247197034646502,11.369782168975341,11.178242713920271,11.285504341125488,1848600,0.0,0.0
2025-06-10 00:00:00-04:00,11.3544584485938,11.69156829233159,11.300827635998477,11.63027572631836,2418000,0.0,0.0
2025-06-11 00:00:00-04:00,11.630275468406223,11.691568033060234,11.515351361681198,11.5230131149292,1605800,0.0,0.0
2025-06-12 00:00:00-04:00,11.469382279305668,11.637936466415795,11.369781679286953,11.545997619628906,1366300,0.0,0.0
2025-06-13 00:00:00-04:00,11.49236635985789,11.507689865723554,11.155257268127981,11.185903549194336,1838200,0.0,0.0
2025-06-16 00:00:00-04:00,11.224211354880063,11.553659439086914,11.224211354880063,11.553659439086914,1935600,0.0,0.0
2025-06-17 00:00:00-04:00,11.277842072730909,11.821814094238945,11.277842072730909,11.66858196258545,2226200,0.0,0.0
2025-06-18 00:00:00-04:00,11.645597303178999,11.668581830400667,11.477042398668562,11.500027656555176,1212000,0.0,0.0
2025-06-20 00:00:00-04:00,11.507689275258274,11.591966361200209,11.346796125249172,11.48470401763916,1641100,0.0,0.0
2025-06-23 00:00:00-04:00,11.477043556107624,11.66092198441961,11.339135648204909,11.653260231018066,1326100,0.0,0.0
2025-06-24 00:00:00-04:00,11.821815754666853,11.990369954095975,11.752861431870821,11.982708930969238,1285500,0.0,0.0
2025-06-25 00:00:00-04:00,12.02101499594187,12.044000254941182,11.814152779602937,11.898429870605469,1193400,0.0,0.0
2025-06-26 00:00:00-04:00,11.944399815196299,11.990368872470176,11.844799216882908,11.890769004821777,1327500,0.0,0.0
2025-06-27 00:00:00-04:00,11.90609095905993,12.08230761489411,11.867782926864244,12.059322357177734,2272400,0.0,0.0
2025-06-30 00:00:00-04:00,12.082307859465567,12.16658494747007,11.936737480308295,12.112954139709473,1303400,0.0,0.0
2025-07-01 00:00:00-04:00,12.066984157064354,13.05532832279559,11.99802984497474,12.48071002960205,3560700,0.0,0.0
2025-07-02 00:00:00-04:00,12.488369667678159,12.74886339720733,12.266184699156106,12.718217849731445,2675100,0.0,0.0
2025-07-03 00:00:00-04:00,13.06299040065971,13.369454701341184,12.871450943398834,13.139606475830078,3056400,0.0,0.0
2025-07-07 00:00:00-04:00,13.00935882140903,13.285176091270564,12.93274275074416,13.108960151672363,3641200,0.0,0.0
2025-07-08 00:00:00-04:00,13.193234871408864,13.515021159069072,13.05532771498005,13.29283618927002,3338100,0.0,0.0
2025-07-09 00:00:00-04:00,13.423086072636192,13.660594600324153,13.262192161968112,13.568655014038086,3654900,0.0,0.0
2025-07-10 00:00:00-04:00,13.67591771901112,13.936411501188863,13.67591771901112,13.790841102600098,4081600,0.0,0.0
2025-07-11 00:00:00-04:00,13.79083734500426,13.997700255898454,13.72188304137286,13.898098945617676,4030300,0.0,0.0
2025-07-14 00:00:00-04:00,13.769585423404875,13.989898580072154,13.439115688403957,13.530912399291992,3528700,3.0,0.0
2025-07-15 00:00:00-04:00,13.604350233921908,13.61353016772281,13.154543983037762,13.237161636352539,3071000,0.0,0.0
2025-07-16 00:00:00-04:00,13.218800927889513,13.50337272948888,13.218800927889513,13.319778442382812,3648200,0.0,0.0
2025-07-17 00:00:00-04:00,13.393216872323924,13.51255338417621,13.20962257541528,13.227981567382812,2686700,0.0,0.0
2025-07-18 00:00:00-04:00,13.273880631559315,13.38403721195419,13.09028633090119,13.246341705322266,2081200,0.0,0.0
2025-07-21 00:00:00-04:00,13.246341762130415,13.393217203286804,13.17290404155222,13.255520820617676,1711900,0.0,0.0
2025-07-22 00:00:00-04:00,13.18208228649974,13.448294226027945,13.18208228649974,13.264699935913086,1790400,0.0,0.0
2025-07-23 00:00:00-04:00,13.448295560662539,13.62271081016593,13.310600048272885,13.521733283996582,1774500,0.0,0.0
2025-07-24 00:00:00-04:00,13.365678249572227,13.402397109786161,13.108645352628006,13.172904014587402,1688400,0.0,0.0
2025-07-25 00:00:00-04:00,13.209622329791532,13.374856756213562,13.172903471092566,13.356497764587402,1517900,0.0,0.0
2025-07-28 00:00:00-04:00,13.2371610623402,13.485013136090073,13.11782455444336,13.11782455444336,4495800,0.0,0.0
2025-07-29 00:00:00-04:00,13.558451143434953,14.18267170532761,13.503372420838772,14.118413925170898,6761400,0.0,0.0
2025-07-30 00:00:00-04:00,13.953179080226377,14.246930817747256,13.742045866972164,13.778764724731445,4608500,0.0,0.0
2025-07-31 00:00:00-04:00,13.668608065062653,13.824663428414924,13.475833844183176,13.622709274291992,2956500,0.0,0.0
2025-08-01 00:00:00-04:00,13.494192941433385,13.540091732565305,13.200442078903702,13.485013008117676,2681400,0.0,0.0
2025-08-04 00:00:00-04:00,13.54009278133328,13.89810232935646,13.54009278133328,13.787945747375488,2677600,0.0,0.0
2025-08-05 00:00:00-04:00,13.723686694761097,14.439704895019531,13.70532770267584,14.439704895019531,3412900,0.0,0.0
2025-08-06 00:00:00-04:00,14.467244284722232,14.467244284722232,14.164313482637217,14.256110191345215,2133400,0.0,0.0
2025-08-07 00:00:00-04:00,14.23775241732748,14.311190140752583,13.732867412194864,13.971540451049805,1851400,0.0,0.0
2025-08-08 00:00:00-04:00,13.980717154638658,14.02661594290871,13.778763886964938,13.861381530761719,1208100,0.0,0.0
2025-08-11 00:00:00-04:00,13.944000200157788,14.035797789213056,13.668609183885364,13.714507102966309,1997900,0.0,0.0
2025-08-12 00:00:00-04:00,13.844767359314734,14.077374336008882,13.723811624954752,14.0215482711792,2020500,0.2,0.0
2025-08-13 00:00:00-04:00,14.105287363693453,14.635631003115432,14.0959828713781,14.55189323425293,2222800,0.0,0.0
2025-08-14 00:00:00-04:00,14.403023334575941,14.468153890362393,14.24485140935932,14.449544906616211,1526300,0.0,0.0
2025-08-15 00:00:00-04:00,14.53328394751915,14.53328394751915,14.31928595266575,14.403023719787598,1049500,0.0,0.0
2025-08-18 00:00:00-04:00,14.403022642475388,14.579804430268576,14.319284881616928,14.328588485717773,1259100,0.0,0.0
2025-08-19 00:00:00-04:00,14.421632500048965,14.64493498386587,14.393719911403151,14.542588233947754,2039900,0.0,0.0
2025-08-20 00:00:00-04:00,14.831020507913834,14.905455557117946,14.598413530210934,14.617022514343262,2657500,0.0,0.0
2025-08-21 00:00:00-04:00,14.561196125456439,14.784499493452508,14.514675440810556,14.700760841369629,1556500,0.0,0.0
2025-08-22 00:00:00-04:00,14.775195273841534,15.165974178553501,14.747282685074651,15.138062477111816,2147400,0.0,0.0
2025-08-25 00:00:00-04:00,15.082235635550674,15.277626420327579,15.045019441805326,15.249712944030762,1365500,0.0,0.0
2025-08-26 00:00:00-04:00,15.138062152309034,15.324146664979088,15.100844184984808,15.221800804138184,1519000,0.0,0.0
2025-08-27 00:00:00-04:00,15.091540134814101,15.277626427580408,15.026410464741016,15.212496757507324,1106500,0.0,0.0
2025-08-28 00:00:00-04:00,15.249712743880934,15.407885558186091,15.156671373413513,15.3706693649292,1148500,0.0,0.0
2025-08-29 00:00:00-04:00,15.333449619429338,15.528840378990303,15.277624448690569,15.482317924499512,1235500,0.0,0.0
2025-09-02 00:00:00-04:00,15.473015494033326,15.482319986170499,15.221801304931356,15.268321990966797,1591200,0.0,0.0
2025-09-03 00:00:00-04:00,15.1008445716321,15.268321879578547,14.961280739893528,15.156671524047852,1909400,0.0,0.0
2025-09-04 00:00:00-04:00,15.147365745543109,15.566057205200195,15.100843289147708,15.566057205200195,1465400,0.0,0.0
2025-09-05 00:00:00-04:00,15.603277206420898,15.826579702307274,15.482320578659225,15.603277206420898,1380800,0.0,0.0
2025-09-08 00:00:00-04:00,15.687015408466904,15.947534092107118,15.603276753110995,15.649797439575195,1822900,0.0,0.0
2025-09-09 00:00:00-04:00,15.649797894236627,15.742841044518572,15.28693156025258,15.603277206420898,1879300,0.0,0.0
2025-09-10 00:00:00-04:00,15.612580832375347,15.659101517609058,15.231105534577681,15.3706693649292,1382300,0.0,0.0
2025-09-11 00:00:00-04:00,15.398581041892358,15.621885299682617,15.398581041892358,15.621885299682617,1179300,0.0,0.0
2025-09-12 00:00:00-04:00,15.584666259117485,15.584666259117485,15.286929635424656,15.333450317382812,1164200,0.0,0.0
2025-09-15 00:00:00-04:00,15.435800322443562,15.631189346313477,15.352061662313446,15.631189346313477,1204800,0.0,0.0
2025-09-16 00:00:00-04:00,15.640491877130104,15.705621543583572,15.463711860942214,15.538146018981934,1013600,0.0,0.0
2025-09-17 00:00:00-04:00,15.59397286930917,15.70562323103962,15.268322727402762,15.426495552062988,1350100,0.0,0.0
2025-09-18 00:00:00-04:00,15.473014958155325,15.6311877697084,15.463712240990752,15.510232925415039,1520900,0.0,0.0
2025-09-19 00:00:00-04:00,15.510233637073519,15.528842621557214,15.333451833779277,15.398581504821777,2488300,0.0,0.0
2025-09-22 00:00:00-04:00,15.296234299683352,15.761448223125605,15.221800142918603,15.714925765991211,2427400,0.0,0.0
2025-09-23 00:00:00-04:00,15.87309939667143,16.235967482595097,15.845187695589098,15.8544921875,2345300,0.0,0.0
2025-09-24 00:00:00-04:00,15.817275779616253,16.059187269203743,15.761450597296232,15.975448608398438,1351200,0.0,0.0
2025-09-25 00:00:00-04:00,15.817274036335778,15.938228880473366,15.649796733183459,15.761448860168457,1236700,0.0,0.0
2025-09-26 00:00:00-04:00,15.826577309763936,16.049879771893117,15.807968327590617,15.938227653503418,1299100,0.0,0.0
2025-09-29 00:00:00-04:00,16.012663134200707,16.1429242455559,15.928926256783576,16.12431526184082,1381500,0.0,0.0
2025-09-30 00:00:00-04:00,16.087098948596772,16.105706157522153,15.817274010699727,16.049880981445312,1079600,0.0,0.0
2025-10-01 00:00:00-04:00,16.059187151486377,16.34761932845119,16.02196918044548,16.245271682739258,1523700,0.0,0.0
2025-10-02 00:00:00-04:00,16.291791087626567,16.673266345918066,16.19874795214445,16.6546573638916,1720800,0.0,0.0
2025-10-03 00:00:00-04:00,16.747704436580552,17.278048126461503,16.73839994337993,17.036136627197266,3170500,0.0,0.0
2025-10-06 00:00:00-04:00,17.064049330841417,17.129179005633475,16.784921646118164,16.784921646118164,1775500,0.0,0.0
2025-10-07 00:00:00-04:00,16.784920111057843,16.784920111057843,16.152228857253835,16.198749542236328,1954500,0.0,0.0
2025-10-08 00:00:00-04:00,16.077794702990257,16.17083607299285,15.910317397544986,16.16153335571289,2063700,0.0,0.0
2025-10-09 00:00:00-04:00,16.18944443842873,16.282487579527523,15.80796915710897,15.826578140258789,1548000,0.0,0.0
2025-10-10 00:00:00-04:00,15.845187553229405,15.891708237715578,15.240408007007009,15.259016990661621,1905200,0.0,0.0
2025-10-13 00:00:00-04:00,15.44510236787266,15.649795852061663,15.44510236787266,15.566057205200195,987700,0.0,0.0
2025-10-14 00:00:00-04:00,15.445102236142707,15.873098183428535,15.426493253743262,15.780055046081543,1528500,0.0,0.0
2025-10-15 00:00:00-04:00,15.761448860168457,15.984751339488096,15.724230892956673,15.761448860168457,1363900,0.0,0.0
2025-10-16 00:00:00-04:00,15.761449059588351,15.919621872938986,15.519537593602063,15.64049243927002,1119200,0.0,0.0
2025-10-17 00:00:00-04:00,15.612579596948029,15.826577571530004,15.519536459192746,15.54744815826416,929900,0.0,0.0
2025-10-20 00:00:00-04:00,15.640491871937215,15.733535013118551,15.538146013823024,15.575362205505371,846400,0.0,0.0
2025-10-21 00:00:00-04:00,15.491625071152468,15.761450029505058,15.491625071152468,15.603277206420898,1070800,0.0,0.0
2025-10-22 00:00:00-04:00,15.556754512230098,15.733536317667502,15.3892789737978,15.454408645629883,1032700,0.0,0.0
2025-10-23 00:00:00-04:00,15.52884215471174,15.67771047680499,15.48231969490111,15.621885299682617,873900,0.0,0.0
2025-10-24 00:00:00-04:00,15.74284081002215,15.74284081002215,15.417190676211288,15.454408645629883,945800,0.0,0.0
2025-10-27 00:00:00-04:00,15.584667505652195,15.938229330904397,15.510233343775395,15.752144813537598,1538800,0.0,0.0
2025-10-28 00:00:00-04:00,15.696319249052229,15.835883077301226,15.621885089009405,15.81727409362793,1458100,0.0,0.0
2025-10-29 00:00:00-04:00,15.752144904763622,15.807970082831924,15.435799271292554,15.519537925720215,1510500,0.0,0.0
2025-10-30 00:00:00-04:00,15.43579820017626,15.64049168865628,15.333450568611104,15.44510269165039,1384800,0.0,0.0
2025-10-31 00:00:00-04:00,15.333451570606254,15.566058548708838,15.221801214921241,15.50092887878418,2186100,0.0,0.0
2025-11-03 00:00:00-05:00,15.379972898238048,15.46371154615942,15.259016284729276,15.40788459777832,1397400,0.0,0.0
2025-11-04 00:00:00-05:00,15.193887177980573,16.366226517313255,14.65423907968302,15.473014831542969,3646000,0.0,0.0
2025-11-05 00:00:00-05:00,15.500928496792493,15.835883104894009,15.491624004939633,15.528841972351074,1641300,0.0,0.0
2025-11-06 00:00:00-05:00,15.593971577099042,15.863794741130553,15.39858079828625,15.510232925415039,2007200,0.0,0.0
2025-11-07 00:00:00-05:00,15.482320160347973,15.687015440367759,15.305540131704168,15.398581504821777,1450700,0.0,0.0
2025-11-10 00:00:00-05:00,15.603277373278488,15.81727537896006,15.417191070724638,15.733536720275879,1812300,0.0,0.0
2025-11-11 00:00:00-05:00,15.76145047021062,15.928927790470853,15.538147968080489,15.631189346313477,1501300,0.0,0.0
2025-11-12 00:00:00-05:00,15.901011141665737,15.901011141665737,15.407883771964425,15.482317924499512,1564100,0.0,0.0
2025-11-13 00:00:00-05:00,15.528841340267283,15.528841340267283,15.361364043033499,15.44510269165039,1493600,0.0,0.0
2025-11-14 00:00:00-05:00,15.352060763571005,15.566058760419832,15.259017616134429,15.342756271362305,1511300,0.0,0.0
2025-11-17 00:00:00-05:00,15.25901771849247,15.342756374282068,15.026410735665907,15.072933197021484,3008000,0.0,0.0
2025-11-18 00:00:00-05:00,14.99747374747168,15.129528201981135,14.837123323417877,14.855988502502441,3049400,0.22,0.0
2025-11-19 00:00:00-05:00,14.86541972294128,14.89371658942074,14.5635831821761,14.601312637329102,2084900,0.0,0.0
2025-11-20 00:00:00-05:00,14.657906914151242,14.86541936222799,14.535285962994125,14.58244800567627,1937800,0.0,0.0
2025-11-21 00:00:00-05:00,14.714502302183812,14.884284405215425,14.620178211967543,14.808825492858887,1290900,0.0,0.0
2025-11-24 00:00:00-05:00,14.827690509436152,14.884284243317383,14.601312875287686,14.75223159790039,1344700,0.0,0.0
2025-11-25 00:00:00-05:00,14.95031127679496,15.129526864085392,14.931446099378633,15.02577018737793,1405300,0.0,0.0
2025-11-26 00:00:00-05:00,15.025770529484399,15.101229441785417,14.752231747507915,14.761663436889648,1997000,0.0,0.0
2025-11-28 00:00:00-05:00,14.73336642024586,14.8748525540313,14.582448597174336,14.75223159790039,1443700,0.0,0.0
2025-12-01 00:00:00-05:00,14.686204524588632,14.90314957210995,14.639043379056389,14.761663436889648,1968400,0.0,0.0
2025-12-02 00:00:00-05:00,14.733366198175185,14.818257697258675,14.459827423095703,14.459827423095703,3279900,0.0,0.0
2025-12-03 00:00:00-05:00,14.525855110875503,14.601314028370343,14.365504686313654,14.478693962097168,1356600,0.0,0.0
2025-12-04 00:00:00-05:00,14.431530963567036,14.440963552518138,14.14855959182235,14.242883682250977,1601300,0.0,0.0
2025-12-05 00:00:00-05:00,14.337207405584394,14.450395778577548,14.091965480995285,14.129694938659668,1525900,0.0,0.0
2025-12-08 00:00:00-05:00,14.110831049880845,14.214586836442312,14.01650695334042,14.05423641204834,1499000,0.0,0.0
2025-12-09 00:00:00-05:00,14.02593862328053,14.46926040868777,14.02593862328053,14.431530952453613,1386000,0.0,0.0
2025-12-10 00:00:00-05:00,14.43153228346057,14.837123750499789,14.43153228346057,14.639044761657715,1581100,0.0,0.0
2025-12-11 00:00:00-05:00,14.73336678006459,15.063500200751964,14.61074582093903,15.054067611694336,1523800,0.0,0.0
2025-12-12 00:00:00-05:00,15.082364479326019,15.271012662313776,15.035202433579078,15.054067611694336,1802800,0.0,0.0
2025-12-15 00:00:00-05:00,15.110662256727588,15.214417138266922,14.818258292531592,15.101229667663574,1404500,0.0,0.0
2025-12-16 00:00:00-05:00,15.072931708076444,15.120094652794512,14.82769069233084,14.903149604797363,1504800,0.0,0.0
2025-12-17 00:00:00-05:00,14.827691272590117,14.959743924803616,14.789961814880371,14.789961814880371,1309300,0.0,0.0
2025-12-18 00:00:00-05:00,14.978608665004778,15.233282272205956,14.799393071473204,15.148390769958496,1489600,0.0,0.0
2025-12-19 00:00:00-05:00,15.110661871592072,15.28044487225213,15.110661871592072,15.176688194274902,2766000,0.0,0.0
2025-12-22 00:00:00-05:00,15.157823198474944,15.478524025995284,15.082364286063239,15.091796875,1578900,0.0,0.0
2025-12-23 00:00:00-05:00,15.148391004940468,15.223849919321795,14.752232154209102,14.780529022216797,1003400,0.0,0.0
2025-12-24 00:00:00-05:00,14.771096433033827,14.837122758232185,14.723934386660193,14.780529022216797,626700,0.0,0.0
2025-12-26 00:00:00-05:00,14.808826048864468,14.874853274311361,14.686205086795926,14.837122917175293,1053900,0.0,0.0
2025-12-29 00:00:00-05:00,14.818258656126039,14.88428498211181,14.52585468475535,14.648475646972656,1317100,0.0,0.0
2025-12-30 00:00:00-05:00,14.62017822265625,14.714502312941477,14.582448766450398,14.62017822265625,1283800,0.0,0.0
2025-12-31 00:00:00-05:00,14.582448359523184,14.667339858502729,14.544718904370182,14.601312637329102,895900,0.0,0.0
2026-01-02 00:00:00-05:00,14.629610822568237,14.733366602326871,14.422098363509775,14.431530952453613,1522600,0.0,0.0
2026-01-05 00:00:00-05:00,14.39380166572241,14.705069908205035,14.374936487612578,14.535286903381348,2072800,0.0,0.0
2026-01-06 00:00:00-05:00,14.582448555042095,14.874852511054234,14.516422232524365,14.799392700195312,1608700,0.0,0.0
2026-01-07 00:00:00-05:00,14.733366378984758,14.780528423447826,13.941046910536981,14.139126777648926,2047500,0.0,0.0
2026-01-08 00:00:00-05:00,14.044804144558006,14.582449133925246,14.044804144558006,14.450395584106445,1618700,0.0,0.0
2026-01-09 00:00:00-05:00,14.4692609845656,14.554152489356444,13.912750808306736,14.271181106567383,1875400,0.0,0.0
2026-01-12 00:00:00-05:00,14.205154398581508,14.271180722959054,14.03537139356358,14.110830307006836,1632700,0.0,0.0
2026-01-13 00:00:00-05:00,13.922182617501559,14.19572139564372,13.742967028642902,13.856155395507812,2115900,0.0,0.0
2026-01-14 00:00:00-05:00,13.837292107560517,13.95048048252434,13.75240060145234,13.761833190917969,1985000,0.0,0.0
2026-01-15 00:00:00-05:00,13.818425369285853,13.903316865814428,13.459996005451416,13.780695915222168,1697300,0.0,0.0
2026-01-16 00:00:00-05:00,13.742967241443694,13.742967241443694,13.3845369577175,13.441131591796875,2056700,0.0,0.0
2026-01-20 00:00:00-05:00,13.271348979057642,13.337376204013884,13.016675367070253,13.129863739013672,1737300,0.0,0.0
2026-01-21 00:00:00-05:00,13.129863342409953,13.365672668387802,13.101566475164145,13.158160209655762,2150600,0.0,0.0
2026-01-22 00:00:00-05:00,13.24305248260498,13.412835495055443,13.120431518006452,13.24305248260498,1476400,0.0,0.0
2026-01-23 00:00:00-05:00,13.19588929335392,13.337375424671654,13.110997794471512,13.280780792236328,1190900,0.0,0.0
2026-01-26 00:00:00-05:00,13.346807126007162,13.450563802310016,13.261916526588234,13.327942848205566,1300900,0.0,0.0
2026-01-27 00:00:00-05:00,13.441131989260635,13.441131989260635,13.205322656115712,13.412835121154785,1341200,0.0,0.0
2026-01-28 00:00:00-05:00,13.412835478494744,13.459997526288445,13.139296680740758,13.148728370666504,1281700,0.0,0.0
2026-01-29 00:00:00-05:00,13.12986372287581,13.337376187620967,13.11099854447115,13.318511009216309,1071700,0.0,0.0
2026-01-30 00:00:00-05:00,13.233618738103038,13.686373098607692,13.120430372862165,13.658075332641602,2302100,0.0,0.0
2026-02-02 00:00:00-05:00,13.77126518236299,13.79012946093382,13.45999693984407,13.54488754272461,1414800,0.0,0.0
2026-02-03 00:00:00-05:00,13.497725858390677,13.497725858390677,13.177025039601654,13.375104904174805,1186400,0.0,0.0
2026-02-04 00:00:00-05:00,13.563753331234828,13.733536343718916,13.497727003953793,13.573185920715332,1683400,0.0,0.0
2026-02-05 00:00:00-05:00,13.535456063163796,13.544887752824907,13.177025769346239,13.318511009216309,1348000,0.0,0.0
2026-02-06 00:00:00-05:00,13.233619680189177,13.526023652533206,13.205322811749829,13.469429016113281,2036800,0.0,0.0
2026-02-09 00:00:00-05:00,13.403402541331447,13.488294045249702,13.224187843813858,13.459997177124023,1551900,0.0,0.0
2026-02-10 00:00:00-05:00,13.535455853209797,13.667508501829214,13.393969715993158,13.54488754272461,1564900,0.0,0.0
2026-02-11 00:00:00-05:00,13.592050175520816,13.62977963383326,13.375106015109571,13.431699752807617,947400,0.0,0.0
2026-02-12 00:00:00-05:00,13.393969546654262,13.469428459065966,12.648812111932784,12.73370361328125,1477000,0.0,0.0
2026-02-13 00:00:00-05:00,12.66767727899578,12.809162514761686,12.629947822822126,12.686541557312012,1662800,0.0,0.0
2026-02-17 00:00:00-05:00,12.762000869513006,12.809162916093033,12.554489303826838,12.658245086669922,1208900,0.0,0.0
2026-02-18 00:00:00-05:00,12.648812672697842,13.09213447742647,12.648812672697842,12.809163093566895,1779300,0.0,0.0
2026-02-19 00:00:00-05:00,12.75256881268065,12.884621459853436,12.639379544330842,12.828027725219727,2121800,0.0,0.0
2026-02-20 00:00:00-05:00,12.780865852613877,12.922351090650224,12.65824489319648,12.695974349975586,1843900,0.0,0.0
2026-02-23 00:00:00-05:00,12.60164910154537,12.648811143075527,12.035707301806863,12.309246063232422,2216400,0.0,0.0
2026-02-24 00:00:00-05:00,12.563920995647834,12.941216468811035,12.356409429926353,12.941216468811035,2473500,0.0,0.0
2026-02-25 00:00:00-05:00,12.799729357893389,13.063836438931407,12.507326310407146,13.035538673400879,2481400,0.0,0.0
2026-02-26 00:00:00-05:00,13.044972261093836,13.110998586640068,12.809162927524474,12.988378524780273,2159200,0.0,0.0
2026-02-27 00:00:00-05:00,12.75256995593643,12.875190025149307,12.648813267237616,12.790299415588379,1927100,0.0,0.0
2026-03-02 00:00:00-05:00,12.507326516508469,12.79972956881306,12.318679240902092,12.66767692565918,1788900,0.0,0.0
2026-03-03 00:00:00-05:00,12.422435017600307,12.79972956881306,12.328110930026536,12.66767692565918,2737200,0.0,0.0
2026-03-04 00:00:00-05:00,12.790298611239423,12.903486983077144,12.61108301450712,12.79973030090332,1849400,0.0,0.0
2026-03-05 00:00:00-05:00,12.629947812359646,12.912918283657048,12.592218356217247,12.875188827514648,1291200,0.0,0.0
2026-03-06 00:00:00-05:00,12.686541546404591,12.780865636528226,12.526191132919127,12.639379501342773,1127100,0.0,0.0
2026-03-09 00:00:00-04:00,12.441299461581286,12.592218183623526,12.045140627286589,12.535623550415039,964200,0.0,0.0
2026-03-10 00:00:00-04:00,12.410844533096045,12.526026272346812,12.161283640361171,12.24767017364502,1668200,0.23,0.0
2026-03-11 00:00:00-04:00,12.3436538812503,12.497230441286066,12.228472147760762,12.449237823486328,1067300,0.0,0.0
2026-03-12 00:00:00-04:00,12.343654311803977,12.42044213680874,12.103692129818327,12.132488250732422,1081700,0.0,0.0
2026-03-13 00:00:00-04:00,12.142086079041205,12.257268732279767,12.094094374805401,12.161283493041992,1201600,0.0,0.0
2026-03-16 00:00:00-04:00,12.22847278423119,12.343654523715736,12.190078871069677,12.257268905639648,846100,0.0,0.0
2026-03-17 00:00:00-04:00,12.305259575847655,12.458835215580072,12.190077846048341,12.228471755981445,852700,0.0,0.0
2026-03-18 00:00:00-04:00,12.142085992155211,12.266866436118184,12.0652981674677,12.113290786743164,809300,0.0,0.0
2026-03-19 00:00:00-04:00,12.065297747243537,12.622009914529707,12.02690383623701,12.43004035949707,1039600,0.0,0.0
2026-03-20 00:00:00-04:00,12.449238483033755,12.449238483033755,12.15168496921776,12.27646541595459,1836200,0.0,0.0
2026-03-23 00:00:00-04:00,12.554820976911651,12.746790534662903,12.5164270653614,12.526025772094727,1175500,0.0,0.0
2026-03-24 00:00:00-04:00,12.401245293505964,12.545222232541697,12.2476696477657,12.497230529785156,689400,0.0,0.0
2026-03-25 00:00:00-04:00,12.641207301875838,12.717995123731876,12.362851218801934,12.420441627502441,931400,0.0,0.0
2026-03-26 00:00:00-04:00,12.3628511428833,12.564419402863361,12.314858525672232,12.3628511428833,882800,0.0,0.0
2026-03-27 00:00:00-04:00,12.286063824541044,12.430040766686226,12.026904230220028,12.103692054748535,1111800,0.0,0.0
2026-03-30 00:00:00-04:00,12.19007837126311,12.238070989593028,11.930919696894449,11.978911399841309,1007300,0.0,0.0
2026-03-31 00:00:00-04:00,12.113290026182133,12.353252192109789,11.99810829638282,12.228471755981445,901700,0.0,0.0
2026-04-01 00:00:00-04:00,12.257268015894997,12.497230184581591,12.161282782267149,12.295661926269531,1127900,0.0,0.0
2026-04-02 00:00:00-04:00,12.1420852042819,12.238070436604554,11.91172174516715,12.218873023986816,805800,0.0,0.0
2026-04-06 00:00:00-04:00,12.132488075697482,12.218873691044248,11.978911512520522,12.036502838134766,977900,0.0,0.0
2026-04-07 00:00:00-04:00,11.95011685770706,11.988510771423572,11.700555960858187,11.777344703674316,1706500,0.0,0.0
2026-04-08 00:00:00-04:00,12.180479715792243,12.37245018991998,11.959714952081631,11.998108863830566,1065900,0.0,0.0
2026-04-09 00:00:00-04:00,11.882926890109443,11.930919507678231,11.68135862862697,11.863729476928711,1289700,0.0,0.0
2026-04-10 00:00:00-04:00,11.921321601139908,11.959715514694985,11.719753326129982,11.758147239685059,1103700,0.0,0.0
2026-04-13 00:00:00-04:00,11.642965523517368,11.873329005332524,11.537382489864532,11.767745971679688,1514500,0.0,0.0
2026-04-14 00:00:00-04:00,11.806139451945505,12.228472486437303,11.72935162749245,12.084495544433594,1695000,0.0,0.0
2026-04-15 00:00:00-04:00,12.084494949010525,12.343653614924639,12.065297536151613,12.305259704589844,1078800,0.0,0.0
2026-04-16 00:00:00-04:00,12.334056854248047,12.468435093954088,12.20927640639022,12.334056854248047,1199900,0.0,0.0
2026-04-17 00:00:00-04:00,12.468434583141152,12.727594175470745,12.468434583141152,12.622010231018066,1451900,0.0,0.0
2026-04-20 00:00:00-04:00,12.554821872625572,12.622010993786303,12.401246215467836,12.487632751464844,1390700,0.0,0.0
2026-04-21 00:00:00-04:00,12.487632046519165,12.66040419337681,12.305260277402173,12.641207695007324,1469500,0.0,0.0
2026-04-22 00:00:00-04:00,12.66040431879439,12.66040431879439,12.094094338230041,12.132488250732422,1503700,0.0,0.0
2026-04-23 00:00:00-04:00,12.06529752354326,12.286063194274902,12.026903613248585,12.286063194274902,1068500,0.0,0.0
2026-04-24 00:00:00-04:00,12.22847300088244,12.410844778168029,12.074897345515488,12.401246070861816,936400,0.0,0.0
2026-04-27 00:00:00-04:00,12.372450767790216,12.660404661664934,12.31485943978541,12.334056854248047,1089000,0.0,0.0
2026-04-28 00:00:00-04:00,12.391646359726877,12.478032887718522,12.25726812985813,12.382047653198242,771100,0.0,0.0
2026-04-29 00:00:00-04:00,12.295662103523659,12.449237747235738,12.295662103523659,12.420441627502441,837400,0.0,0.0
2026-04-30 00:00:00-04:00,12.391646747382266,12.6604041309105,12.343654128620745,12.602813720703125,903500,0.0,0.0
2026-05-01 00:00:00-04:00,12.660403590802213,12.660403590802213,12.24766928398023,12.286063194274902,804200,0.0,0.0
2026-05-04 00:00:00-04:00,12.161283025547469,12.238070847832637,11.738949087595993,11.882926940917969,981900,0.0,0.0
2026-05-05 00:00:00-04:00,11.84453324170385,12.065298005877986,11.79654062307115,12.007707595825195,904700,0.0,0.0
2026-05-06 00:00:00-04:00,12.132488262469144,12.305260411205454,12.017306524850575,12.151684761047363,1146700,0.0,0.0
2026-05-07 00:00:00-04:00,12.161283504720794,12.362851775007224,12.113290885055818,12.180480003356934,1001200,0.0,0.0
2026-05-08 00:00:00-04:00,12.170881861409146,12.545222270178325,12.094094038308645,12.526025772094727,1219900,0.0,0.0
2026-05-11 00:00:00-04:00,12.439639764311071,12.449238471447224,12.190078871069677,12.257268905639648,1597900,0.0,0.0
2026-05-12 00:00:00-04:00,11.806138707943102,11.950115640873635,11.067054799929402,11.086252212524414,3564000,0.0,0.0
2026-05-13 00:00:00-04:00,10.846291029046572,11.028661888289893,10.31837403488292,10.529541015625,3845800,0.0,0.0
2026-05-14 00:00:00-04:00,10.471948967466348,10.855888989250802,10.471948967466348,10.673517227172852,2474800,0.0,0.0
2026-05-15 00:00:00-04:00,10.663918835672625,10.67351754246196,10.241585806155607,10.299176216125488,2268900,0.0,0.0
2026-05-18 00:00:00-04:00,10.318373901240284,10.558336084990058,10.299176487156421,10.462350845336914,1889500,0.0,0.0
2026-05-19 00:00:00-04:00,10.404759968385749,10.510342994974392,10.145600382145835,10.18399429321289,2069200,0.0,0.0
2026-05-20 00:00:00-04:00,10.164797933579758,10.27997966834703,10.001623580480356,10.251184463500977,1420800,0.0,0.0
2026-05-21 00:00:00-04:00,10.279980239890353,10.663919377127401,10.068813256718423,10.606328964233398,1951500,0.0,0.0
2026-05-22 00:00:00-04:00,10.615926944640677,10.999866055589525,10.615926944640677,10.75030517578125,2015200,0.0,0.0
2026-05-26 00:00:00-04:00,10.750304893280893,10.88468403627325,10.567934049218357,10.587130546569824,1130800,0.0,0.0
2026-05-27 00:00:00-04:00,10.663918520667059,10.81749507861066,10.587130699386774,10.673517227172852,1551500,0.0,0.0
2026-05-28 00:00:00-04:00,10.59510852023627,11.016559918565704,10.575505651389385,10.95775318145752,1500700,0.23,0.0
2026-05-29 00:00:00-04:00,10.97735532077667,11.17337933932842,10.918548582569272,11.006758689880371,1444400,0.0,0.0
2026-06-01 00:00:00-04:00,10.957753038863986,11.428210668472321,10.957753038863986,11.349801063537598,2346600,0.0,0.0
2026-06-02 00:00:00-04:00,11.261589868094555,11.290994170574367,11.085168726796724,11.10477066040039,1132600,0.0,0.0
2026-06-03 00:00:00-04:00,10.996957736570618,11.104770708649744,10.742126055602272,10.820535659790039,1873200,0.0,0.0
2026-06-04 00:00:00-04:00,11.134174070728546,11.349800949490442,11.036162532903111,11.281192779541016,1440500,0.0,0.0
2026-06-05 00:00:00-04:00,11.330198950320714,11.418409053438866,10.987156233124027,11.016559600830078,1579400,0.0,0.0
2026-06-08 00:00:00-04:00,11.006758596407275,11.134174441062916,10.957753293222696,11.026361465454102,1377000,0.0,0.0
2026-06-09 00:00:00-04:00,11.104771437658487,11.438012744691305,11.104771437658487,11.320398330688477,1225700,0.0,0.0
2026-06-10 00:00:00-04:00,11.290994880179765,11.565428510891891,11.290994880179765,11.516422271728516,950300,0.0,0.0
2026-06-11 00:00:00-04:00,11.438012492461146,11.781055226775184,11.398807688658078,11.732048988342285,1105000,0.0,0.0
2026-06-12 00:00:00-04:00,11.859464378385066,11.947674482513102,11.594831261852306,11.63403606414795,1219900,0.0,0.0
2026-06-15 00:00:00-04:00,11.683042891046046,11.790855869127851,11.320398217807682,11.34000015258789,1003700,0.0,0.0
2026-06-16 00:00:00-04:00,11.359602928161621,11.467415905352015,11.271391885589365,11.359602928161621,1280900,0.0,0.0
2026-06-17 00:00:00-04:00,11.300795400762603,11.457614618597185,10.849939682130044,10.87934398651123,2894800,0.0,0.0
2026-06-18 00:00:00-04:00,10.869541958390544,11.261589981576588,10.849939089873132,11.085168838500977,1829400,0.0,0.0
2026-06-22 00:00:00-04:00,10.977354846501987,11.085168753084554,10.712722666569576,10.732324600219727,1320700,0.0,0.0
2026-06-23 00:00:00-04:00,10.683318548563744,10.742126219962463,10.467692601106304,10.60490894317627,1568700,0.0,0.0
2026-06-24 00:00:00-04:00,10.60490894317627,10.732324785609972,10.516697903436304,10.60490894317627,1293400,0.0,0.0
2026-06-25 00:00:00-04:00,10.65391551798422,10.840139037720498,10.565704475447696,10.634313583374023,903800,0.0,0.0
2026-06-26 00:00:00-04:00,10.673518017066495,10.9969578720034,10.634313214489787,10.977355003356934,3535000,0.0,0.0
2026-06-29 00:00:00-04:00,10.781331042650134,10.869542082553687,10.555903660422148,10.693120002746582,1927300,0.0,0.0
2026-06-30 00:00:00-04:00,10.751928189031359,10.77153012399496,10.477493621810755,10.506897926330566,1528600,0.0,0.0
2026-07-01 00:00:00-04:00,10.810734672729751,11.23218701370782,10.810734672729751,10.918548583984375,2067100,0.0,0.0
2026-07-02 00:00:00-04:00,11.075368134983421,11.104771504983322,10.81073500083546,11.036163330078125,1169000,0.0,0.0
2026-07-06 00:00:00-04:00,11.055765024619735,11.075367894004,10.70292178814928,10.898945808410645,1081100,0.0,0.0
2026-07-07 00:00:00-04:00,10.977355527198185,11.085169440466201,10.889144483512089,10.967554092407227,1103500,0.0,0.0
2026-07-08 00:00:00-04:00,10.898945565443277,10.898945565443277,10.565704271069691,10.673518180847168,1593800,0.0,0.0
2026-07-09 00:00:00-04:00,10.60490898218797,10.8303372995434,10.47749313928555,10.781331062316895,1448900,0.0,0.0
2026-07-10 00:00:00-04:00,10.840139149927351,10.957753562954732,10.693120432605925,10.702921867370605,800800,0.0,0.0
2026-07-13 00:00:00-04:00,10.859740628043674,10.928348799078657,10.60490894317627,10.60490894317627,1249800,0.0,0.0
2026-07-14 00:00:00-04:00,10.64411383942114,10.64411383942114,10.477493192829272,10.497096061706543,1678100,0.0,0.0
2026-07-15 00:00:00-04:00,10.604908923179591,10.732324765373036,10.438288278366333,10.516697883605957,1073100,0.0,0.0
2026-07-16 00:00:00-04:00,10.604909497529935,10.80093445596172,10.506897953030318,10.771530151367188,1621200,0.0,0.0
2026-07-17 00:00:00-04:00,10.712723269323487,10.869542486213009,10.4872949440076,10.52649974822998,1451200,0.0,0.0
2026-07-20 00:00:00-04:00,10.46769300925454,10.644114160897123,10.42848820503216,10.52649974822998,1242100,0.0,0.0
2026-07-23 00:00:00-04:00,10.154052938412475,10.154052938412475,10.007035166426702,10.114848136901855,1298500,0.0,0.0
2026-07-24 00:00:00-04:00,10.154052960796811,10.350077903498239,10.154052960796811,10.203059196472168,1697600,0.0,0.0
2026-07-27 00:00:00-04:00,10.359878518727726,10.448089556986703,10.261866980997029,10.27166748046875,1269800,0.0,0.0
2026-07-28 00:00:00-04:00,10.350078566113057,10.41868673962115,10.085445437353965,10.26186752319336,3077800,0.0,0.0
2026-07-29 00:00:00-04:00,10.281469119601013,10.350078225567945,10.05604173708229,10.14425277709961,1421900,0.0,0.0
2026-07-30 00:00:00-04:00,10.193258039593307,10.222662342627874,9.889421052632592,9.967830657958984,1885800,0.0,0.0
2026-08-03 00:00:00-04:00,9.938427588831876,10.046240565722265,9.889421350348519,9.90902328491211,2114400,0.0,0.0
2026-08-04 00:00:00-04:00,10.242264670521683,11.320398187299235,10.056042084388386,11.07536792755127,4971100,0.0,0.0
2026-08-05 00:00:00-04:00,11.124374166444115,11.232187144235365,10.928349210872733,11.07536792755127,2576500,0.0,0.0
2026-08-06 00:00:00-04:00,11.055764797029928,11.075367666010656,10.595108592577684,10.849939346313477,1928500,0.0,0.0
2026-08-07 00:00:00-04:00,10.898945697125944,11.01656010808185,10.712723113458157,10.830337524414062,2728000,0.0,0.0
2026-08-10 00:00:00-04:00,10.683318587863885,10.889144036442222,10.663716653803021,10.781331062316895,1665700,0.0,0.0
2026-08-11 00:00:00-04:00,10.742126407288822,11.134174441062916,10.683318734864587,11.026361465454102,3345900,0.0,0.0
2026-08-12 00:00:00-04:00,10.967553496828947,11.104770772302171,10.83033715607194,11.085168838500977,1711400,0.0,0.0
2026-08-13 00:00:00-04:00,11.467415379224828,11.986879241441818,11.34980097276341,11.457613945007324,2500300,0.0,0.0
2026-08-14 00:00:00-04:00,11.496819196315364,11.624235041972131,11.418409588944469,11.55562686920166,1567000,0.0,0.0
2026-08-17 00:00:00-04:00,11.50662080444285,11.624235217272892,11.232187174506084,11.34000015258789,1539800,0.0,0.0
2026-08-18 00:00:00-04:00,11.460000038146973,11.470000267028809,10.989999771118164,11.0,1916100,0.23,0.0
2026-08-19 00:00:00-04:00,11.119999885559082,11.460000038146973,11.0600004196167,11.380000114440918,1869501,0.0,0.0
