Date,Open,High,Low,Close,Volume,Dividends,Stock Splits
2022-01-03 00:00:00-05:00,82.16000366210938,82.86000061035156,80.29000091552734,81.56999969482422,271000,0.0,0.0
2022-01-04 00:00:00-05:00,81.12999725341797,81.19000244140625,77.72000122070312,78.91000366210938,435100,0.0,0.0
2022-01-05 00:00:00-05:00,78.33000183105469,79.44999694824219,70.63999938964844,71.04000091552734,516900,0.0,0.0
2022-01-06 00:00:00-05:00,71.05999755859375,72.37000274658203,68.01000213623047,71.27999877929688,355200,0.0,0.0
2022-01-07 00:00:00-05:00,71.27999877929688,72.43000030517578,68.5999984741211,68.95999908447266,294000,0.0,0.0
2022-01-10 00:00:00-05:00,68.66999816894531,69.9800033569336,66.43000030517578,69.7699966430664,311300,0.0,0.0
2022-01-11 00:00:00-05:00,69.7699966430664,71.38999938964844,68.61000061035156,70.83000183105469,256000,0.0,0.0
2022-01-12 00:00:00-05:00,71.16999816894531,71.5,66.5999984741211,66.86000061035156,296300,0.0,0.0
2022-01-13 00:00:00-05:00,67.05999755859375,67.05999755859375,63.869998931884766,65.04000091552734,345800,0.0,0.0
2022-01-14 00:00:00-05:00,64.58999633789062,68.0999984741211,63.63999938964844,67.41999816894531,482400,0.0,0.0
2022-01-18 00:00:00-05:00,66.16000366210938,66.69000244140625,64.05000305175781,64.61000061035156,494800,0.0,0.0
2022-01-19 00:00:00-05:00,66.18000030517578,67.13999938964844,63.79999923706055,64.41999816894531,242000,0.0,0.0
2022-01-20 00:00:00-05:00,64.87999725341797,68.1500015258789,64.87999725341797,67.33000183105469,424800,0.0,0.0
2022-01-21 00:00:00-05:00,66.9000015258789,68.91000366210938,65.77999877929688,67.08999633789062,675300,0.0,0.0
2022-01-24 00:00:00-05:00,66.37999725341797,68.9000015258789,64.2300033569336,68.4800033569336,429900,0.0,0.0
2022-01-25 00:00:00-05:00,67.79000091552734,68.12000274658203,64.80000305175781,67.08000183105469,356600,0.0,0.0
2022-01-26 00:00:00-05:00,67.79000091552734,69.5,65.33000183105469,68.51000213623047,639400,0.0,0.0
2022-01-27 00:00:00-05:00,68.9800033569336,69.4800033569336,64.73999786376953,65.27999877929688,690100,0.0,0.0
2022-01-28 00:00:00-05:00,65.41999816894531,66.70999908447266,62.68000030517578,65.9000015258789,677300,0.0,0.0
2022-01-31 00:00:00-05:00,66.0,71.58999633789062,66.0,71.48999786376953,566800,0.0,0.0
2022-02-01 00:00:00-05:00,71.55999755859375,71.91999816894531,68.47000122070312,70.0999984741211,428700,0.0,0.0
2022-02-02 00:00:00-05:00,70.48999786376953,71.01000213623047,67.94000244140625,70.44000244140625,322900,0.0,0.0
2022-02-03 00:00:00-05:00,69.08000183105469,73.7699966430664,67.5199966430664,67.68000030517578,516000,0.0,0.0
2022-02-04 00:00:00-05:00,68.01000213623047,69.79000091552734,64.86000061035156,69.3499984741211,382300,0.0,0.0
2022-02-07 00:00:00-05:00,69.08000183105469,72.37000274658203,68.98999786376953,71.30999755859375,236300,0.0,0.0
2022-02-08 00:00:00-05:00,70.23999786376953,71.73999786376953,69.06999969482422,71.48999786376953,293100,0.0,0.0
2022-02-09 00:00:00-05:00,72.12999725341797,74.83999633789062,70.93000030517578,74.68000030517578,302200,0.0,0.0
2022-02-10 00:00:00-05:00,74.7300033569336,79.88999938964844,72.79000091552734,78.41999816894531,743700,0.0,0.0
2022-02-11 00:00:00-05:00,77.5199966430664,81.12999725341797,75.7699966430664,75.8499984741211,649400,0.0,0.0
2022-02-14 00:00:00-05:00,76.08000183105469,78.6500015258789,74.81999969482422,75.54000091552734,427800,0.0,0.0
2022-02-15 00:00:00-05:00,76.5999984741211,77.2300033569336,70.88999938964844,72.94000244140625,874800,0.0,0.0
2022-02-16 00:00:00-05:00,73.62000274658203,73.75,68.94999694824219,71.94999694824219,444600,0.0,0.0
2022-02-17 00:00:00-05:00,71.56999969482422,72.26000213623047,66.77999877929688,69.37999725341797,663500,0.0,0.0
2022-02-18 00:00:00-05:00,67.98999786376953,70.44000244140625,66.98999786376953,69.0199966430664,573400,0.0,0.0
2022-02-22 00:00:00-05:00,68.23999786376953,69.48999786376953,66.18000030517578,66.4800033569336,324900,0.0,0.0
2022-02-23 00:00:00-05:00,66.80999755859375,67.19999694824219,63.619998931884766,64.19000244140625,371100,0.0,0.0
2022-02-24 00:00:00-05:00,62.97999954223633,66.77999877929688,62.75,66.33000183105469,661800,0.0,0.0
2022-02-25 00:00:00-05:00,67.04000091552734,67.98999786376953,65.68000030517578,67.4800033569336,655500,0.0,0.0
2022-02-28 00:00:00-05:00,68.12999725341797,68.12999725341797,62.4900016784668,64.80999755859375,718300,0.0,0.0
2022-03-01 00:00:00-05:00,64.26000213623047,69.02999877929688,64.26000213623047,65.73999786376953,463700,0.0,0.0
2022-03-02 00:00:00-05:00,66.23999786376953,68.4000015258789,64.5199966430664,68.04000091552734,306000,0.0,0.0
2022-03-03 00:00:00-05:00,68.29000091552734,69.05000305175781,63.439998626708984,63.939998626708984,446100,0.0,0.0
2022-03-04 00:00:00-05:00,62.18000030517578,65.43000030517578,62.18000030517578,64.54000091552734,383300,0.0,0.0
2022-03-07 00:00:00-05:00,64.94000244140625,65.1500015258789,60.79999923706055,61.22999954223633,385700,0.0,0.0
2022-03-08 00:00:00-05:00,60.88999938964844,65.29000091552734,59.25,64.08999633789062,403000,0.0,0.0
2022-03-09 00:00:00-05:00,65.44000244140625,69.69999694824219,65.19000244140625,68.0,470600,0.0,0.0
2022-03-10 00:00:00-05:00,67.31999969482422,69.73999786376953,66.68000030517578,68.56999969482422,374900,0.0,0.0
2022-03-11 00:00:00-05:00,69.08000183105469,71.19000244140625,67.69000244140625,68.20999908447266,396900,0.0,0.0
2022-03-14 00:00:00-04:00,64.0,65.37000274658203,58.22999954223633,63.91999816894531,1091200,0.0,0.0
2022-03-15 00:00:00-04:00,63.5,63.7599983215332,58.56999969482422,60.27000045776367,944000,0.0,0.0
2022-03-16 00:00:00-04:00,60.45000076293945,62.810001373291016,60.25,61.90999984741211,552200,0.0,0.0
2022-03-17 00:00:00-04:00,61.95000076293945,65.72000122070312,61.0099983215332,65.6500015258789,340900,0.0,0.0
2022-03-18 00:00:00-04:00,65.76000213623047,69.41000366210938,65.0,68.75,522600,0.0,0.0
2022-03-21 00:00:00-04:00,68.45999908447266,69.23999786376953,65.43000030517578,66.58999633789062,328900,0.0,0.0
2022-03-22 00:00:00-04:00,65.91999816894531,68.44000244140625,65.91999816894531,67.41999816894531,277000,0.0,0.0
2022-03-23 00:00:00-04:00,66.9800033569336,67.08999633789062,65.12000274658203,65.37999725341797,228100,0.0,0.0
2022-03-24 00:00:00-04:00,65.62999725341797,66.69999694824219,63.43000030517578,66.48999786376953,176900,0.0,0.0
2022-03-25 00:00:00-04:00,66.69999694824219,66.69999694824219,64.27999877929688,64.61000061035156,185700,0.0,0.0
2022-03-28 00:00:00-04:00,64.23999786376953,65.94999694824219,63.13999938964844,64.30999755859375,191700,0.0,0.0
2022-03-29 00:00:00-04:00,64.98999786376953,68.08999633789062,64.98999786376953,67.58000183105469,237800,0.0,0.0
2022-03-30 00:00:00-04:00,67.33999633789062,68.27999877929688,63.439998626708984,63.86000061035156,261200,0.0,0.0
2022-03-31 00:00:00-04:00,63.66999816894531,68.26000213623047,63.52000045776367,67.30000305175781,415600,0.0,0.0
2022-04-01 00:00:00-04:00,67.5,70.61000061035156,67.4000015258789,70.0199966430664,301700,0.0,0.0
2022-04-04 00:00:00-04:00,70.44000244140625,73.7300033569336,69.51000213623047,73.33999633789062,487500,0.0,0.0
2022-04-05 00:00:00-04:00,73.06999969482422,75.38999938964844,72.66999816894531,74.23999786376953,553200,0.0,0.0
2022-04-06 00:00:00-04:00,72.94000244140625,73.2699966430664,69.4800033569336,70.04000091552734,551500,0.0,0.0
2022-04-07 00:00:00-04:00,69.56999969482422,70.72000122070312,66.83999633789062,70.16000366210938,444700,0.0,0.0
2022-04-08 00:00:00-04:00,70.38999938964844,71.62000274658203,65.77999877929688,66.41999816894531,442400,0.0,0.0
2022-04-11 00:00:00-04:00,65.54000091552734,66.29000091552734,63.41999816894531,66.2699966430664,974200,0.0,0.0
2022-04-12 00:00:00-04:00,67.37000274658203,69.7300033569336,65.4800033569336,65.7300033569336,342200,0.0,0.0
2022-04-13 00:00:00-04:00,65.83999633789062,69.33999633789062,64.63999938964844,68.4800033569336,191600,0.0,0.0
2022-04-14 00:00:00-04:00,68.44000244140625,68.55999755859375,64.55000305175781,66.95999908447266,283800,0.0,0.0
2022-04-18 00:00:00-04:00,66.43000030517578,66.43000030517578,64.12999725341797,64.87000274658203,315300,0.0,0.0
2022-04-19 00:00:00-04:00,64.58000183105469,67.0,64.18000030517578,66.45999908447266,399700,0.0,0.0
2022-04-20 00:00:00-04:00,67.02999877929688,67.0999984741211,63.279998779296875,66.22000122070312,205500,0.0,0.0
2022-04-21 00:00:00-04:00,66.9800033569336,66.9800033569336,62.75,64.12999725341797,527600,0.0,0.0
2022-04-22 00:00:00-04:00,64.13999938964844,64.51000213623047,61.720001220703125,62.400001525878906,445700,0.0,0.0
2022-04-25 00:00:00-04:00,62.41999816894531,63.33000183105469,60.599998474121094,63.33000183105469,516400,0.0,0.0
2022-04-26 00:00:00-04:00,62.61000061035156,62.61000061035156,58.34000015258789,58.36000061035156,530800,0.0,0.0
2022-04-27 00:00:00-04:00,58.38999938964844,58.86000061035156,56.06999969482422,57.59000015258789,757000,0.0,0.0
2022-04-28 00:00:00-04:00,59.560001373291016,60.029998779296875,54.470001220703125,56.2400016784668,669100,0.0,0.0
2022-04-29 00:00:00-04:00,55.97999954223633,57.83000183105469,54.369998931884766,54.970001220703125,464700,0.0,0.0
2022-05-02 00:00:00-04:00,54.529998779296875,57.68000030517578,53.689998626708984,56.060001373291016,363500,0.0,0.0
2022-05-03 00:00:00-04:00,55.810001373291016,57.09000015258789,53.81999969482422,55.2400016784668,364400,0.0,0.0
2022-05-04 00:00:00-04:00,56.0099983215332,56.0099983215332,51.150001525878906,54.630001068115234,484500,0.0,0.0
2022-05-05 00:00:00-04:00,54.06999969482422,54.08000183105469,47.27000045776367,49.20000076293945,843100,0.0,0.0
2022-05-06 00:00:00-04:00,49.59000015258789,49.59000015258789,44.959999084472656,45.68000030517578,684100,0.0,0.0
2022-05-09 00:00:00-04:00,40.81999969482422,41.9900016784668,37.40999984741211,38.540000915527344,2134100,0.0,0.0
2022-05-10 00:00:00-04:00,41.02000045776367,46.2400016784668,40.099998474121094,42.310001373291016,919100,0.0,0.0
2022-05-11 00:00:00-04:00,41.0,42.619998931884766,38.08000183105469,38.40999984741211,926200,0.0,0.0
2022-05-12 00:00:00-04:00,37.97999954223633,40.439998626708984,37.75,40.439998626708984,489800,0.0,0.0
2022-05-13 00:00:00-04:00,42.20000076293945,44.13999938964844,41.63999938964844,43.130001068115234,653400,0.0,0.0
2022-05-16 00:00:00-04:00,42.959999084472656,44.93000030517578,42.06999969482422,42.45000076293945,459100,0.0,0.0
2022-05-17 00:00:00-04:00,43.689998626708984,45.58000183105469,43.099998474121094,45.33000183105469,463700,0.0,0.0
2022-05-18 00:00:00-04:00,44.119998931884766,44.959999084472656,42.31999969482422,42.84000015258789,326700,0.0,0.0
2022-05-19 00:00:00-04:00,42.5,44.70000076293945,41.88999938964844,44.06999969482422,354300,0.0,0.0
2022-05-20 00:00:00-04:00,45.15999984741211,45.720001220703125,42.189998626708984,44.63999938964844,304700,0.0,0.0
2022-05-23 00:00:00-04:00,44.939998626708984,45.31999969482422,41.849998474121094,43.130001068115234,405600,0.0,0.0
2022-05-24 00:00:00-04:00,43.09000015258789,44.36000061035156,40.5,41.279998779296875,301100,0.0,0.0
2022-05-25 00:00:00-04:00,41.0,41.56999969482422,39.95000076293945,40.84000015258789,409800,0.0,0.0
2022-05-26 00:00:00-04:00,41.16999816894531,42.040000915527344,39.790000915527344,41.29999923706055,412800,0.0,0.0
2022-05-27 00:00:00-04:00,41.31999969482422,43.29999923706055,40.650001525878906,43.189998626708984,464300,0.0,0.0
2022-05-31 00:00:00-04:00,42.84000015258789,43.349998474121094,41.16999816894531,41.689998626708984,479400,0.0,0.0
2022-06-01 00:00:00-04:00,41.900001525878906,43.20000076293945,40.41999816894531,40.95000076293945,479900,0.0,0.0
2022-06-02 00:00:00-04:00,40.900001525878906,42.77000045776367,40.029998779296875,42.689998626708984,320300,0.0,0.0
2022-06-03 00:00:00-04:00,42.4900016784668,45.630001068115234,41.93000030517578,44.25,648600,0.0,0.0
2022-06-06 00:00:00-04:00,45.880001068115234,45.900001525878906,42.349998474121094,42.77000045776367,557200,0.0,0.0
2022-06-07 00:00:00-04:00,42.369998931884766,45.77000045776367,42.369998931884766,44.83000183105469,342800,0.0,0.0
2022-06-08 00:00:00-04:00,44.36000061035156,46.560001373291016,44.29999923706055,44.7599983215332,290200,0.0,0.0
2022-06-09 00:00:00-04:00,44.209999084472656,44.560001373291016,42.900001525878906,43.029998779296875,170900,0.0,0.0
2022-06-10 00:00:00-04:00,41.970001220703125,42.15999984741211,39.31999969482422,40.130001068115234,386700,0.0,0.0
2022-06-13 00:00:00-04:00,38.689998626708984,38.93000030517578,36.540000915527344,36.970001220703125,411100,0.0,0.0
2022-06-14 00:00:00-04:00,37.2400016784668,38.0099983215332,34.900001525878906,36.0099983215332,450700,0.0,0.0
2022-06-15 00:00:00-04:00,36.900001525878906,38.709999084472656,36.189998626708984,38.279998779296875,458800,0.0,0.0
2022-06-16 00:00:00-04:00,37.029998779296875,37.31999969482422,35.13999938964844,36.790000915527344,353200,0.0,0.0
2022-06-17 00:00:00-04:00,37.5099983215332,39.900001525878906,37.459999084472656,38.349998474121094,555200,0.0,0.0
2022-06-21 00:00:00-04:00,38.709999084472656,40.90999984741211,38.68000030517578,38.88999938964844,324600,0.0,0.0
2022-06-22 00:00:00-04:00,38.38999938964844,41.2599983215332,38.38999938964844,39.4900016784668,266400,0.0,0.0
2022-06-23 00:00:00-04:00,39.709999084472656,42.630001068115234,39.709999084472656,42.41999816894531,381000,0.0,0.0
2022-06-24 00:00:00-04:00,43.08000183105469,46.220001220703125,42.34000015258789,45.79999923706055,1185000,0.0,0.0
2022-06-27 00:00:00-04:00,45.9900016784668,46.04999923706055,43.02000045776367,45.459999084472656,583200,0.0,0.0
2022-06-28 00:00:00-04:00,45.70000076293945,45.70000076293945,41.790000915527344,42.68000030517578,354900,0.0,0.0
2022-06-29 00:00:00-04:00,42.400001525878906,43.880001068115234,40.86000061035156,43.63999938964844,309900,0.0,0.0
2022-06-30 00:00:00-04:00,42.959999084472656,43.900001525878906,41.400001525878906,42.09000015258789,402700,0.0,0.0
2022-07-01 00:00:00-04:00,41.81999969482422,42.709999084472656,40.93000030517578,42.58000183105469,232700,0.0,0.0
2022-07-05 00:00:00-04:00,42.31999969482422,46.959999084472656,41.59000015258789,46.689998626708984,419900,0.0,0.0
2022-07-06 00:00:00-04:00,47.27000045776367,49.18000030517578,46.27000045776367,48.5,443200,0.0,0.0
2022-07-07 00:00:00-04:00,48.5,53.400001525878906,47.86000061035156,52.36000061035156,707300,0.0,0.0
2022-07-08 00:00:00-04:00,51.349998474121094,53.02000045776367,50.56999969482422,52.209999084472656,257300,0.0,0.0
2022-07-11 00:00:00-04:00,52.189998626708984,52.45000076293945,49.25,49.310001373291016,329700,0.0,0.0
2022-07-12 00:00:00-04:00,49.25,49.70000076293945,46.7400016784668,48.7400016784668,386300,0.0,0.0
2022-07-13 00:00:00-04:00,47.439998626708984,50.65999984741211,47.439998626708984,49.22999954223633,253200,0.0,0.0
2022-07-14 00:00:00-04:00,48.81999969482422,50.0,48.22999954223633,49.09000015258789,238000,0.0,0.0
2022-07-15 00:00:00-04:00,49.880001068115234,49.9900016784668,47.349998474121094,49.849998474121094,403000,0.0,0.0
2022-07-18 00:00:00-04:00,51.040000915527344,52.31999969482422,47.29999923706055,47.5,209500,0.0,0.0
2022-07-19 00:00:00-04:00,48.47999954223633,52.09000015258789,47.5099983215332,51.91999816894531,468200,0.0,0.0
2022-07-20 00:00:00-04:00,51.650001525878906,55.45000076293945,51.650001525878906,54.560001373291016,272800,0.0,0.0
2022-07-21 00:00:00-04:00,54.540000915527344,56.15999984741211,53.97999954223633,54.79999923706055,290000,0.0,0.0
2022-07-22 00:00:00-04:00,54.869998931884766,54.869998931884766,50.20000076293945,50.31999969482422,388800,0.0,0.0
2022-07-25 00:00:00-04:00,50.5,50.5,48.84000015258789,49.790000915527344,251300,0.0,0.0
2022-07-26 00:00:00-04:00,49.83000183105469,51.630001068115234,48.36000061035156,51.400001525878906,204400,0.0,0.0
2022-07-27 00:00:00-04:00,51.880001068115234,53.4900016784668,50.720001220703125,53.029998779296875,301600,0.0,0.0
2022-07-28 00:00:00-04:00,53.40999984741211,53.40999984741211,51.0,52.869998931884766,361800,0.0,0.0
2022-07-29 00:00:00-04:00,52.720001220703125,53.36000061035156,51.369998931884766,53.11000061035156,533500,0.0,0.0
2022-08-01 00:00:00-04:00,53.0,53.650001525878906,50.0099983215332,50.380001068115234,417300,0.0,0.0
2022-08-02 00:00:00-04:00,50.33000183105469,52.619998931884766,50.33000183105469,51.369998931884766,275600,0.0,0.0
2022-08-03 00:00:00-04:00,52.09000015258789,54.43000030517578,51.59000015258789,53.40999984741211,276500,0.0,0.0
2022-08-04 00:00:00-04:00,53.52000045776367,54.38999938964844,50.900001525878906,51.40999984741211,671600,0.0,0.0
2022-08-05 00:00:00-04:00,50.27000045776367,55.560001373291016,49.0,55.43000030517578,554600,0.0,0.0
2022-08-08 00:00:00-04:00,56.0,58.5099983215332,55.13999938964844,55.83000183105469,508400,0.0,0.0
2022-08-09 00:00:00-04:00,54.9900016784668,56.40999984741211,54.61000061035156,55.79999923706055,404200,0.0,0.0
2022-08-10 00:00:00-04:00,57.54999923706055,58.58000183105469,56.56999969482422,57.9900016784668,388000,0.0,0.0
2022-08-11 00:00:00-04:00,58.220001220703125,58.380001068115234,53.11000061035156,54.540000915527344,431800,0.0,0.0
2022-08-12 00:00:00-04:00,55.16999816894531,56.04999923706055,54.290000915527344,54.459999084472656,397500,0.0,0.0
2022-08-15 00:00:00-04:00,54.27000045776367,54.83000183105469,52.380001068115234,54.119998931884766,567000,0.0,0.0
2022-08-16 00:00:00-04:00,53.91999816894531,54.619998931884766,52.41999816894531,52.47999954223633,240600,0.0,0.0
2022-08-17 00:00:00-04:00,50.939998626708984,51.45000076293945,44.06999969482422,46.70000076293945,1227300,0.0,0.0
2022-08-18 00:00:00-04:00,46.95000076293945,47.220001220703125,43.709999084472656,46.119998931884766,703300,0.0,0.0
2022-08-19 00:00:00-04:00,46.130001068115234,46.400001525878906,44.209999084472656,45.63999938964844,415900,0.0,0.0
2022-08-22 00:00:00-04:00,44.93000030517578,45.689998626708984,43.38999938964844,44.95000076293945,427400,0.0,0.0
2022-08-23 00:00:00-04:00,44.95000076293945,45.83000183105469,43.369998931884766,45.2400016784668,377500,0.0,0.0
2022-08-24 00:00:00-04:00,45.36000061035156,47.279998779296875,45.22999954223633,46.5099983215332,281900,0.0,0.0
2022-08-25 00:00:00-04:00,46.869998931884766,47.13999938964844,45.779998779296875,46.68000030517578,254500,0.0,0.0
2022-08-26 00:00:00-04:00,46.68000030517578,46.68000030517578,43.54999923706055,44.220001220703125,322000,0.0,0.0
2022-08-29 00:00:00-04:00,43.290000915527344,44.56999969482422,41.849998474121094,41.959999084472656,432500,0.0,0.0
2022-08-30 00:00:00-04:00,42.68000030517578,42.779998779296875,41.060001373291016,41.869998931884766,386100,0.0,0.0
2022-08-31 00:00:00-04:00,42.400001525878906,42.900001525878906,41.70000076293945,42.34000015258789,308100,0.0,0.0
2022-09-01 00:00:00-04:00,41.880001068115234,43.560001373291016,41.29999923706055,43.560001373291016,350800,0.0,0.0
2022-09-02 00:00:00-04:00,44.040000915527344,44.619998931884766,42.779998779296875,43.119998931884766,379700,0.0,0.0
2022-09-06 00:00:00-04:00,42.810001373291016,44.2599983215332,42.150001525878906,42.83000183105469,346400,0.0,0.0
2022-09-07 00:00:00-04:00,43.02000045776367,45.36000061035156,42.68000030517578,45.36000061035156,341000,0.0,0.0
2022-09-08 00:00:00-04:00,44.869998931884766,48.4900016784668,44.75,48.41999816894531,394900,0.0,0.0
2022-09-09 00:00:00-04:00,49.630001068115234,50.09000015258789,47.63999938964844,48.970001220703125,426400,0.0,0.0
2022-09-12 00:00:00-04:00,49.2599983215332,50.63999938964844,48.970001220703125,50.0,291500,0.0,0.0
2022-09-13 00:00:00-04:00,47.790000915527344,48.06999969482422,46.9900016784668,47.83000183105469,328800,0.0,0.0
2022-09-14 00:00:00-04:00,48.119998931884766,49.540000915527344,47.2400016784668,49.04999923706055,280500,0.0,0.0
2022-09-15 00:00:00-04:00,49.0,50.2599983215332,48.290000915527344,48.869998931884766,320500,0.0,0.0
2022-09-16 00:00:00-04:00,47.72999954223633,48.75,46.849998474121094,47.40999984741211,659900,0.0,0.0
2022-09-19 00:00:00-04:00,46.61000061035156,47.349998474121094,45.529998779296875,46.650001525878906,389900,0.0,0.0
2022-09-20 00:00:00-04:00,46.15999984741211,47.97999954223633,45.849998474121094,47.13999938964844,434900,0.0,0.0
2022-09-21 00:00:00-04:00,47.369998931884766,47.59000015258789,43.869998931884766,43.900001525878906,255600,0.0,0.0
2022-09-22 00:00:00-04:00,43.77000045776367,43.77000045776367,42.31999969482422,42.93000030517578,190200,0.0,0.0
2022-09-23 00:00:00-04:00,42.439998626708984,42.900001525878906,41.209999084472656,42.060001373291016,295400,0.0,0.0
2022-09-26 00:00:00-04:00,42.060001373291016,43.939998626708984,42.060001373291016,43.65999984741211,400500,0.0,0.0
2022-09-27 00:00:00-04:00,44.540000915527344,45.72999954223633,42.43000030517578,43.2400016784668,315400,0.0,0.0
2022-09-28 00:00:00-04:00,44.33000183105469,46.29999923706055,43.59000015258789,45.54999923706055,497500,0.0,0.0
2022-09-29 00:00:00-04:00,44.7599983215332,44.9900016784668,42.88999938964844,44.79999923706055,405100,0.0,0.0
2022-09-30 00:00:00-04:00,44.77000045776367,46.68000030517578,44.25,44.4900016784668,443400,0.0,0.0
2022-10-03 00:00:00-04:00,45.18000030517578,45.18000030517578,41.66999816894531,42.79999923706055,378600,0.0,0.0
2022-10-04 00:00:00-04:00,43.54999923706055,44.880001068115234,43.349998474121094,44.13999938964844,424500,0.0,0.0
2022-10-05 00:00:00-04:00,43.40999984741211,45.0,42.779998779296875,44.779998779296875,267700,0.0,0.0
2022-10-06 00:00:00-04:00,44.54999923706055,45.209999084472656,43.34000015258789,43.7599983215332,220600,0.0,0.0
2022-10-07 00:00:00-04:00,43.34000015258789,43.63999938964844,41.27000045776367,41.439998626708984,334100,0.0,0.0
2022-10-10 00:00:00-04:00,41.36000061035156,42.11000061035156,38.599998474121094,38.790000915527344,340800,0.0,0.0
2022-10-11 00:00:00-04:00,39.15999984741211,40.599998474121094,37.61000061035156,39.5099983215332,392300,0.0,0.0
2022-10-12 00:00:00-04:00,39.83000183105469,41.790000915527344,38.650001525878906,41.400001525878906,290800,0.0,0.0
2022-10-13 00:00:00-04:00,39.90999984741211,43.16999816894531,39.20000076293945,42.86000061035156,364800,0.0,0.0
2022-10-14 00:00:00-04:00,43.2599983215332,43.849998474121094,41.61000061035156,42.47999954223633,300000,0.0,0.0
2022-10-17 00:00:00-04:00,43.66999816894531,45.040000915527344,43.15999984741211,44.77000045776367,297000,0.0,0.0
2022-10-18 00:00:00-04:00,45.880001068115234,47.220001220703125,45.540000915527344,46.4900016784668,330900,0.0,0.0
2022-10-19 00:00:00-04:00,46.08000183105469,46.439998626708984,42.75,43.08000183105469,263500,0.0,0.0
2022-10-20 00:00:00-04:00,43.119998931884766,44.45000076293945,41.040000915527344,41.130001068115234,346800,0.0,0.0
2022-10-21 00:00:00-04:00,41.470001220703125,44.13999938964844,40.689998626708984,44.0099983215332,247900,0.0,0.0
2022-10-24 00:00:00-04:00,44.189998626708984,44.189998626708984,41.970001220703125,42.58000183105469,210600,0.0,0.0
2022-10-25 00:00:00-04:00,43.34000015258789,45.40999984741211,43.25,44.150001525878906,421000,0.0,0.0
2022-10-26 00:00:00-04:00,44.5,52.5,44.310001373291016,49.439998626708984,1279400,0.0,0.0
2022-10-27 00:00:00-04:00,49.790000915527344,50.810001373291016,48.38999938964844,48.56999969482422,332800,0.0,0.0
2022-10-28 00:00:00-04:00,48.72999954223633,51.189998626708984,48.560001373291016,50.91999816894531,269100,0.0,0.0
2022-10-31 00:00:00-04:00,51.25,51.25,49.029998779296875,49.709999084472656,475600,0.0,0.0
2022-11-01 00:00:00-04:00,50.45000076293945,52.09000015258789,49.06999969482422,51.29999923706055,291900,0.0,0.0
2022-11-02 00:00:00-04:00,51.15999984741211,53.18000030517578,48.70000076293945,48.779998779296875,328500,0.0,0.0
2022-11-03 00:00:00-04:00,47.790000915527344,51.029998779296875,46.349998474121094,48.97999954223633,228000,0.0,0.0
2022-11-04 00:00:00-04:00,49.83000183105469,49.83000183105469,43.220001220703125,45.5,285000,0.0,0.0
2022-11-07 00:00:00-05:00,46.060001373291016,46.060001373291016,42.29999923706055,42.470001220703125,393000,0.0,0.0
2022-11-08 00:00:00-05:00,43.150001525878906,45.439998626708984,41.40999984741211,44.52000045776367,567400,0.0,0.0
2022-11-09 00:00:00-05:00,44.349998474121094,44.349998474121094,40.619998931884766,40.77000045776367,485800,0.0,0.0
2022-11-10 00:00:00-05:00,43.59000015258789,45.529998779296875,42.66999816894531,45.52000045776367,453200,0.0,0.0
2022-11-11 00:00:00-05:00,45.060001373291016,51.310001373291016,45.060001373291016,50.060001373291016,558700,0.0,0.0
2022-11-14 00:00:00-05:00,49.93000030517578,53.279998779296875,48.529998779296875,52.02000045776367,512200,0.0,0.0
2022-11-15 00:00:00-05:00,53.54999923706055,57.61000061035156,53.54999923706055,57.2400016784668,773300,0.0,0.0
2022-11-16 00:00:00-05:00,56.279998779296875,57.959999084472656,54.279998779296875,54.36000061035156,874200,0.0,0.0
2022-11-17 00:00:00-05:00,53.31999969482422,56.040000915527344,52.0,53.029998779296875,596100,0.0,0.0
2022-11-18 00:00:00-05:00,54.619998931884766,55.18000030517578,50.939998626708984,51.310001373291016,661200,0.0,0.0
2022-11-21 00:00:00-05:00,51.02000045776367,51.869998931884766,41.86000061035156,43.08000183105469,1238100,0.0,0.0
2022-11-22 00:00:00-05:00,43.529998779296875,43.540000915527344,39.459999084472656,40.70000076293945,1490300,0.0,0.0
2022-11-23 00:00:00-05:00,41.38999938964844,41.400001525878906,38.0,39.560001373291016,709700,0.0,0.0
2022-11-25 00:00:00-05:00,39.29999923706055,40.349998474121094,38.619998931884766,40.34000015258789,321000,0.0,0.0
2022-11-28 00:00:00-05:00,40.119998931884766,40.75,37.93000030517578,38.97999954223633,597200,0.0,0.0
2022-11-29 00:00:00-05:00,38.83000183105469,39.95000076293945,38.189998626708984,38.290000915527344,486100,0.0,0.0
2022-11-30 00:00:00-05:00,38.5,41.38999938964844,38.349998474121094,41.040000915527344,821700,0.0,0.0
2022-12-01 00:00:00-05:00,40.97999954223633,41.290000915527344,39.720001220703125,39.75,286100,0.0,0.0
2022-12-02 00:00:00-05:00,39.029998779296875,42.52000045776367,38.27000045776367,41.38999938964844,468500,0.0,0.0
2022-12-05 00:00:00-05:00,41.16999816894531,41.54999923706055,38.56999969482422,39.5099983215332,435100,0.0,0.0
2022-12-06 00:00:00-05:00,39.400001525878906,39.58000183105469,36.0,36.75,448200,0.0,0.0
2022-12-07 00:00:00-05:00,36.650001525878906,37.38999938964844,36.04999923706055,37.0099983215332,202600,0.0,0.0
2022-12-08 00:00:00-05:00,38.0,38.58000183105469,36.060001373291016,37.18000030517578,347500,0.0,0.0
2022-12-09 00:00:00-05:00,37.0,37.369998931884766,36.45000076293945,36.540000915527344,246200,0.0,0.0
2022-12-12 00:00:00-05:00,37.40999984741211,37.40999984741211,35.880001068115234,36.849998474121094,335500,0.0,0.0
2022-12-13 00:00:00-05:00,39.310001373291016,39.310001373291016,36.439998626708984,37.599998474121094,384800,0.0,0.0
2022-12-14 00:00:00-05:00,37.7599983215332,39.04999923706055,37.0,37.63999938964844,326900,0.0,0.0
2022-12-15 00:00:00-05:00,36.81999969482422,37.5,35.97999954223633,37.150001525878906,674200,0.0,0.0
2022-12-16 00:00:00-05:00,36.119998931884766,37.560001373291016,34.599998474121094,36.040000915527344,691900,0.0,0.0
2022-12-19 00:00:00-05:00,36.25,36.25,33.709999084472656,34.310001373291016,515800,0.0,0.0
2022-12-20 00:00:00-05:00,33.79999923706055,34.93000030517578,33.79999923706055,34.52000045776367,526700,0.0,0.0
2022-12-21 00:00:00-05:00,34.79999923706055,35.2599983215332,33.31999969482422,33.75,530100,0.0,0.0
2022-12-22 00:00:00-05:00,33.16999816894531,33.630001068115234,31.8799991607666,33.16999816894531,523000,0.0,0.0
2022-12-23 00:00:00-05:00,33.27000045776367,34.27000045776367,31.950000762939453,32.70000076293945,337800,0.0,0.0
2022-12-27 00:00:00-05:00,32.79999923706055,33.220001220703125,31.540000915527344,32.470001220703125,472800,0.0,0.0
2022-12-28 00:00:00-05:00,32.349998474121094,33.38999938964844,32.18000030517578,32.91999816894531,454600,0.0,0.0
2022-12-29 00:00:00-05:00,33.560001373291016,35.279998779296875,32.209999084472656,34.41999816894531,339000,0.0,0.0
2022-12-30 00:00:00-05:00,34.09000015258789,34.7599983215332,33.060001373291016,34.209999084472656,537400,0.0,0.0
2023-01-03 00:00:00-05:00,33.959999084472656,34.650001525878906,32.709999084472656,33.36000061035156,465600,0.0,0.0
2023-01-04 00:00:00-05:00,34.0099983215332,35.869998931884766,33.43000030517578,35.77000045776367,368600,0.0,0.0
2023-01-05 00:00:00-05:00,35.33000183105469,35.47999954223633,34.34000015258789,34.939998626708984,194300,0.0,0.0
2023-01-06 00:00:00-05:00,35.20000076293945,35.20000076293945,33.52000045776367,34.04999923706055,242300,0.0,0.0
2023-01-09 00:00:00-05:00,31.579999923706055,31.649999618530273,27.010000228881836,28.579999923706055,2181900,0.0,0.0
2023-01-10 00:00:00-05:00,28.43000030517578,31.700000762939453,27.959999084472656,31.510000228881836,1398200,0.0,0.0
2023-01-11 00:00:00-05:00,32.0,32.369998931884766,30.0,30.34000015258789,685600,0.0,0.0
2023-01-12 00:00:00-05:00,29.020000457763672,31.049999237060547,28.139999389648438,30.860000610351562,525100,0.0,0.0
2023-01-13 00:00:00-05:00,30.780000686645508,33.540000915527344,30.600000381469727,33.5,1590500,0.0,0.0
2023-01-17 00:00:00-05:00,33.52000045776367,34.34000015258789,31.709999084472656,32.7599983215332,588300,0.0,0.0
2023-01-18 00:00:00-05:00,32.90999984741211,34.869998931884766,32.459999084472656,33.72999954223633,937500,0.0,0.0
2023-01-19 00:00:00-05:00,33.41999816894531,34.29999923706055,32.400001525878906,33.66999816894531,456300,0.0,0.0
2023-01-20 00:00:00-05:00,34.2400016784668,34.47999954223633,33.150001525878906,33.529998779296875,400000,0.0,0.0
2023-01-23 00:00:00-05:00,33.470001220703125,33.470001220703125,32.56999969482422,32.689998626708984,316800,0.0,0.0
2023-01-24 00:00:00-05:00,32.540000915527344,32.77000045776367,31.81999969482422,32.099998474121094,271100,0.0,0.0
2023-01-25 00:00:00-05:00,31.84000015258789,32.70000076293945,31.040000915527344,32.36000061035156,236300,0.0,0.0
2023-01-26 00:00:00-05:00,32.560001373291016,32.810001373291016,30.6299991607666,31.239999771118164,337800,0.0,0.0
2023-01-27 00:00:00-05:00,30.969999313354492,32.2400016784668,30.5,31.760000228881836,260800,0.0,0.0
2023-01-30 00:00:00-05:00,31.469999313354492,31.809999465942383,30.09000015258789,30.920000076293945,401200,0.0,0.0
2023-01-31 00:00:00-05:00,31.0,33.209999084472656,31.0,32.77000045776367,460200,0.0,0.0
2023-02-01 00:00:00-05:00,32.790000915527344,33.54999923706055,31.739999771118164,33.470001220703125,401900,0.0,0.0
2023-02-02 00:00:00-05:00,34.09000015258789,36.779998779296875,33.790000915527344,36.27000045776367,589300,0.0,0.0
2023-02-03 00:00:00-05:00,35.52000045776367,36.54999923706055,34.959999084472656,35.099998474121094,480100,0.0,0.0
2023-02-06 00:00:00-05:00,34.790000915527344,35.720001220703125,33.689998626708984,35.400001525878906,463700,0.0,0.0
2023-02-07 00:00:00-05:00,35.459999084472656,37.540000915527344,34.970001220703125,37.2599983215332,389500,0.0,0.0
2023-02-08 00:00:00-05:00,37.0,37.95000076293945,35.810001373291016,36.150001525878906,523100,0.0,0.0
2023-02-09 00:00:00-05:00,36.52000045776367,36.84000015258789,33.939998626708984,34.459999084472656,362200,0.0,0.0
2023-02-10 00:00:00-05:00,34.0,34.380001068115234,33.13999938964844,33.86000061035156,291500,0.0,0.0
2023-02-13 00:00:00-05:00,33.86000061035156,34.31999969482422,33.099998474121094,34.13999938964844,238100,0.0,0.0
2023-02-14 00:00:00-05:00,33.970001220703125,36.20000076293945,33.18000030517578,33.75,663000,0.0,0.0
2023-02-15 00:00:00-05:00,33.470001220703125,35.04999923706055,32.810001373291016,34.0,500300,0.0,0.0
2023-02-16 00:00:00-05:00,33.7599983215332,34.529998779296875,32.400001525878906,34.0,408300,0.0,0.0
2023-02-17 00:00:00-05:00,34.119998931884766,35.650001525878906,33.810001373291016,35.34000015258789,296300,0.0,0.0
2023-02-21 00:00:00-05:00,34.63999938964844,34.86000061035156,32.79999923706055,33.209999084472656,418800,0.0,0.0
2023-02-22 00:00:00-05:00,33.18000030517578,34.59000015258789,33.18000030517578,34.369998931884766,251700,0.0,0.0
2023-02-23 00:00:00-05:00,35.06999969482422,35.06999969482422,32.04999923706055,32.939998626708984,721900,0.0,0.0
2023-02-24 00:00:00-05:00,32.099998474121094,32.5099983215332,31.290000915527344,31.979999542236328,439500,0.0,0.0
2023-02-27 00:00:00-05:00,32.43000030517578,32.43000030517578,30.170000076293945,30.56999969482422,474300,0.0,0.0
2023-02-28 00:00:00-05:00,30.719999313354492,32.369998931884766,30.43000030517578,30.649999618530273,623400,0.0,0.0
2023-03-01 00:00:00-05:00,30.799999237060547,31.200000762939453,30.010000228881836,30.549999237060547,332700,0.0,0.0
2023-03-02 00:00:00-05:00,30.110000610351562,30.719999313354492,29.270000457763672,30.399999618530273,295100,0.0,0.0
2023-03-03 00:00:00-05:00,30.6299991607666,31.690000534057617,30.049999237060547,31.389999389648438,291200,0.0,0.0
2023-03-06 00:00:00-05:00,31.389999389648438,31.389999389648438,30.530000686645508,30.90999984741211,398000,0.0,0.0
2023-03-07 00:00:00-05:00,30.860000610351562,31.139999389648438,29.959999084472656,30.260000228881836,534500,0.0,0.0
2023-03-08 00:00:00-05:00,30.31999969482422,30.65999984741211,29.440000534057617,30.270000457763672,418300,0.0,0.0
2023-03-09 00:00:00-05:00,30.3700008392334,30.469999313354492,28.610000610351562,28.75,480300,0.0,0.0
2023-03-10 00:00:00-05:00,28.59000015258789,28.829999923706055,26.68000030517578,27.030000686645508,610900,0.0,0.0
2023-03-13 00:00:00-04:00,26.56999969482422,28.639999389648438,26.56999969482422,28.59000015258789,496600,0.0,0.0
2023-03-14 00:00:00-04:00,29.450000762939453,29.6299991607666,28.530000686645508,28.8700008392334,456500,0.0,0.0
2023-03-15 00:00:00-04:00,28.1299991607666,29.809999465942383,28.079999923706055,29.540000915527344,346400,0.0,0.0
2023-03-16 00:00:00-04:00,29.209999084472656,30.049999237060547,28.420000076293945,29.780000686645508,373400,0.0,0.0
2023-03-17 00:00:00-04:00,29.8799991607666,30.469999313354492,29.5,29.950000762939453,677200,0.0,0.0
2023-03-20 00:00:00-04:00,30.299999237060547,30.530000686645508,29.049999237060547,30.479999542236328,286800,0.0,0.0
2023-03-21 00:00:00-04:00,30.8700008392334,30.8700008392334,28.8799991607666,29.149999618530273,306600,0.0,0.0
2023-03-22 00:00:00-04:00,29.030000686645508,29.65999984741211,27.6200008392334,27.68000030517578,368400,0.0,0.0
2023-03-23 00:00:00-04:00,27.920000076293945,28.489999771118164,26.170000076293945,26.34000015258789,774200,0.0,0.0
2023-03-24 00:00:00-04:00,26.170000076293945,26.510000228881836,25.350000381469727,26.450000762939453,577900,0.0,0.0
2023-03-27 00:00:00-04:00,26.8799991607666,27.1299991607666,26.079999923706055,26.600000381469727,359000,0.0,0.0
2023-03-28 00:00:00-04:00,26.40999984741211,26.860000610351562,25.93000030517578,26.149999618530273,347400,0.0,0.0
2023-03-29 00:00:00-04:00,26.600000381469727,27.979999542236328,26.209999084472656,27.8700008392334,471700,0.0,0.0
2023-03-30 00:00:00-04:00,28.139999389648438,28.579999923706055,26.760000228881836,26.809999465942383,551900,0.0,0.0
2023-03-31 00:00:00-04:00,26.969999313354492,27.790000915527344,26.510000228881836,27.31999969482422,554500,0.0,0.0
2023-04-03 00:00:00-04:00,27.270000457763672,28.540000915527344,27.1299991607666,28.510000228881836,362300,0.0,0.0
2023-04-04 00:00:00-04:00,28.530000686645508,28.530000686645508,27.59000015258789,28.34000015258789,349000,0.0,0.0
2023-04-05 00:00:00-04:00,28.25,29.059999465942383,28.079999923706055,28.459999084472656,429600,0.0,0.0
2023-04-06 00:00:00-04:00,28.559999465942383,28.700000762939453,27.639999389648438,27.860000610351562,325800,0.0,0.0
2023-04-10 00:00:00-04:00,27.6299991607666,27.93000030517578,27.149999618530273,27.649999618530273,369200,0.0,0.0
2023-04-11 00:00:00-04:00,27.709999084472656,27.81999969482422,25.770000457763672,26.68000030517578,670400,0.0,0.0
2023-04-12 00:00:00-04:00,27.290000915527344,27.6200008392334,26.09000015258789,26.209999084472656,434100,0.0,0.0
2023-04-13 00:00:00-04:00,26.3700008392334,28.549999237060547,26.299999237060547,28.209999084472656,883600,0.0,0.0
2023-04-14 00:00:00-04:00,28.209999084472656,28.219999313354492,26.43000030517578,26.860000610351562,450800,0.0,0.0
2023-04-17 00:00:00-04:00,27.149999618530273,28.760000228881836,27.1200008392334,28.149999618530273,428700,0.0,0.0
2023-04-18 00:00:00-04:00,28.34000015258789,28.399999618530273,26.959999084472656,27.260000228881836,556100,0.0,0.0
2023-04-19 00:00:00-04:00,26.920000076293945,28.15999984741211,26.649999618530273,27.700000762939453,465900,0.0,0.0
2023-04-20 00:00:00-04:00,27.209999084472656,27.639999389648438,26.889999389648438,27.049999237060547,360300,0.0,0.0
2023-04-21 00:00:00-04:00,27.280000686645508,28.59000015258789,26.8700008392334,28.540000915527344,383000,0.0,0.0
2023-04-24 00:00:00-04:00,28.540000915527344,28.700000762939453,27.059999465942383,27.309999465942383,213700,0.0,0.0
2023-04-25 00:00:00-04:00,27.329999923706055,27.540000915527344,26.739999771118164,27.020000457763672,489600,0.0,0.0
2023-04-26 00:00:00-04:00,27.010000228881836,27.600000381469727,26.780000686645508,27.1299991607666,401000,0.0,0.0
2023-04-27 00:00:00-04:00,27.100000381469727,27.31999969482422,25.100000381469727,25.309999465942383,438100,0.0,0.0
2023-04-28 00:00:00-04:00,25.219999313354492,26.780000686645508,24.75,26.209999084472656,423900,0.0,0.0
2023-05-01 00:00:00-04:00,26.270000457763672,27.709999084472656,26.1299991607666,27.040000915527344,470000,0.0,0.0
2023-05-02 00:00:00-04:00,26.81999969482422,26.8700008392334,24.899999618530273,24.959999084472656,374900,0.0,0.0
2023-05-03 00:00:00-04:00,24.959999084472656,25.59000015258789,24.3700008392334,24.610000610351562,520600,0.0,0.0
2023-05-04 00:00:00-04:00,24.40999984741211,24.780000686645508,22.100000381469727,23.510000228881836,636800,0.0,0.0
2023-05-05 00:00:00-04:00,23.989999771118164,25.40999984741211,23.600000381469727,25.299999237060547,717100,0.0,0.0
2023-05-08 00:00:00-04:00,25.770000457763672,27.100000381469727,24.56999969482422,24.670000076293945,481400,0.0,0.0
2023-05-09 00:00:00-04:00,24.3799991607666,25.110000610351562,24.049999237060547,24.209999084472656,248200,0.0,0.0
2023-05-10 00:00:00-04:00,24.540000915527344,24.959999084472656,23.799999237060547,24.209999084472656,371500,0.0,0.0
2023-05-11 00:00:00-04:00,24.049999237060547,24.049999237060547,22.639999389648438,22.899999618530273,325600,0.0,0.0
2023-05-12 00:00:00-04:00,22.950000762939453,23.389999389648438,22.3700008392334,23.18000030517578,386000,0.0,0.0
2023-05-15 00:00:00-04:00,23.290000915527344,24.3799991607666,23.110000610351562,23.799999237060547,336900,0.0,0.0
2023-05-16 00:00:00-04:00,23.3700008392334,23.510000228881836,22.110000610351562,23.31999969482422,456500,0.0,0.0
2023-05-17 00:00:00-04:00,23.3799991607666,23.450000762939453,22.520000457763672,23.200000762939453,377900,0.0,0.0
2023-05-18 00:00:00-04:00,23.15999984741211,23.290000915527344,22.0,22.469999313354492,272400,0.0,0.0
2023-05-19 00:00:00-04:00,22.719999313354492,23.110000610351562,22.15999984741211,22.200000762939453,353100,0.0,0.0
2023-05-22 00:00:00-04:00,22.290000915527344,24.309999465942383,22.079999923706055,24.139999389648438,508000,0.0,0.0
2023-05-23 00:00:00-04:00,24.1299991607666,24.510000228881836,23.6200008392334,23.770000457763672,378000,0.0,0.0
2023-05-24 00:00:00-04:00,23.530000686645508,24.030000686645508,23.06999969482422,24.0,507400,0.0,0.0
2023-05-25 00:00:00-04:00,23.969999313354492,24.100000381469727,22.5,22.780000686645508,288100,0.0,0.0
2023-05-26 00:00:00-04:00,22.809999465942383,23.229999542236328,22.559999465942383,22.790000915527344,212300,0.0,0.0
2023-05-30 00:00:00-04:00,22.829999923706055,23.3799991607666,21.760000228881836,21.899999618530273,289100,0.0,0.0
2023-05-31 00:00:00-04:00,21.84000015258789,22.719999313354492,21.209999084472656,21.829999923706055,464200,0.0,0.0
2023-06-01 00:00:00-04:00,21.81999969482422,22.270000457763672,21.43000030517578,21.729999542236328,313700,0.0,0.0
2023-06-02 00:00:00-04:00,22.110000610351562,23.260000228881836,21.899999618530273,23.229999542236328,361900,0.0,0.0
2023-06-05 00:00:00-04:00,23.079999923706055,23.670000076293945,22.850000381469727,23.149999618530273,284600,0.0,0.0
2023-06-06 00:00:00-04:00,23.1200008392334,23.850000381469727,22.559999465942383,23.540000915527344,289900,0.0,0.0
2023-06-07 00:00:00-04:00,23.489999771118164,24.450000762939453,23.110000610351562,24.010000228881836,406600,0.0,0.0
2023-06-08 00:00:00-04:00,24.0,25.299999237060547,22.489999771118164,24.25,807900,0.0,0.0
2023-06-09 00:00:00-04:00,24.700000762939453,25.760000228881836,23.950000762939453,24.5,416200,0.0,0.0
2023-06-12 00:00:00-04:00,24.65999984741211,29.399999618530273,24.450000762939453,28.780000686645508,1415000,0.0,0.0
2023-06-13 00:00:00-04:00,28.850000381469727,32.20000076293945,28.270000457763672,31.43000030517578,1441600,0.0,0.0
2023-06-14 00:00:00-04:00,31.479999542236328,32.099998474121094,29.280000686645508,29.399999618530273,589300,0.0,0.0
2023-06-15 00:00:00-04:00,29.040000915527344,30.670000076293945,28.3799991607666,30.329999923706055,467100,0.0,0.0
2023-06-16 00:00:00-04:00,30.799999237060547,30.799999237060547,28.829999923706055,29.219999313354492,696000,0.0,0.0
2023-06-20 00:00:00-04:00,29.0,29.780000686645508,28.299999237060547,29.290000915527344,604200,0.0,0.0
2023-06-21 00:00:00-04:00,28.969999313354492,29.06999969482422,26.81999969482422,27.299999237060547,466700,0.0,0.0
2023-06-22 00:00:00-04:00,27.139999389648438,27.329999923706055,26.649999618530273,26.790000915527344,380600,0.0,0.0
2023-06-23 00:00:00-04:00,26.350000381469727,26.489999771118164,25.18000030517578,25.469999313354492,584900,0.0,0.0
2023-06-26 00:00:00-04:00,25.90999984741211,26.219999313354492,25.399999618530273,25.93000030517578,328900,0.0,0.0
2023-06-27 00:00:00-04:00,26.170000076293945,27.40999984741211,25.469999313354492,27.010000228881836,374400,0.0,0.0
2023-06-28 00:00:00-04:00,26.989999771118164,27.700000762939453,26.540000915527344,26.969999313354492,306200,0.0,0.0
2023-06-29 00:00:00-04:00,27.18000030517578,27.18000030517578,25.719999313354492,26.1200008392334,577600,0.0,0.0
2023-06-30 00:00:00-04:00,26.469999313354492,26.559999465942383,24.780000686645508,24.81999969482422,486800,0.0,0.0
2023-07-03 00:00:00-04:00,24.649999618530273,25.5,24.549999237060547,25.18000030517578,185700,0.0,0.0
2023-07-05 00:00:00-04:00,24.8700008392334,25.350000381469727,24.399999618530273,24.729999542236328,483800,0.0,0.0
2023-07-06 00:00:00-04:00,24.219999313354492,24.219999313354492,23.149999618530273,23.260000228881836,356400,0.0,0.0
2023-07-07 00:00:00-04:00,23.40999984741211,23.829999923706055,22.709999084472656,22.799999237060547,377300,0.0,0.0
2023-07-10 00:00:00-04:00,22.770000457763672,23.350000381469727,22.6299991607666,22.889999389648438,389100,0.0,0.0
2023-07-11 00:00:00-04:00,23.0,23.440000534057617,22.6200008392334,22.93000030517578,390400,0.0,0.0
2023-07-12 00:00:00-04:00,23.6299991607666,24.389999389648438,23.170000076293945,24.06999969482422,417200,0.0,0.0
2023-07-13 00:00:00-04:00,24.209999084472656,24.729999542236328,23.790000915527344,24.6299991607666,424600,0.0,0.0
2023-07-14 00:00:00-04:00,24.739999771118164,24.739999771118164,24.110000610351562,24.15999984741211,268700,0.0,0.0
2023-07-17 00:00:00-04:00,24.190000534057617,24.989999771118164,24.0,24.600000381469727,298500,0.0,0.0
2023-07-18 00:00:00-04:00,24.56999969482422,24.84000015258789,24.18000030517578,24.260000228881836,262500,0.0,0.0
2023-07-19 00:00:00-04:00,24.440000534057617,25.030000686645508,24.440000534057617,24.610000610351562,202800,0.0,0.0
2023-07-20 00:00:00-04:00,24.489999771118164,24.530000686645508,23.110000610351562,23.290000915527344,329100,0.0,0.0
2023-07-21 00:00:00-04:00,23.559999465942383,23.959999084472656,23.18000030517578,23.920000076293945,220500,0.0,0.0
2023-07-24 00:00:00-04:00,24.030000686645508,24.059999465942383,23.260000228881836,23.639999389648438,215100,0.0,0.0
2023-07-25 00:00:00-04:00,23.6299991607666,23.829999923706055,22.90999984741211,22.979999542236328,256400,0.0,0.0
2023-07-26 00:00:00-04:00,22.899999618530273,23.010000228881836,22.25,22.280000686645508,202900,0.0,0.0
2023-07-27 00:00:00-04:00,22.469999313354492,22.469999313354492,21.68000030517578,21.920000076293945,322300,0.0,0.0
2023-07-28 00:00:00-04:00,22.360000610351562,22.530000686645508,21.84000015258789,22.420000076293945,565700,0.0,0.0
2023-07-31 00:00:00-04:00,22.420000076293945,25.229999542236328,22.420000076293945,24.719999313354492,475100,0.0,0.0
2023-08-01 00:00:00-04:00,24.540000915527344,25.110000610351562,24.040000915527344,24.860000610351562,354700,0.0,0.0
2023-08-02 00:00:00-04:00,24.40999984741211,24.90999984741211,24.049999237060547,24.350000381469727,296700,0.0,0.0
2023-08-03 00:00:00-04:00,24.1299991607666,24.6299991607666,23.5,23.719999313354492,372600,0.0,0.0
2023-08-04 00:00:00-04:00,23.809999465942383,24.40999984741211,23.209999084472656,24.020000457763672,409600,0.0,0.0
2023-08-07 00:00:00-04:00,24.020000457763672,24.229999542236328,22.780000686645508,23.34000015258789,270500,0.0,0.0
2023-08-08 00:00:00-04:00,24.079999923706055,24.389999389648438,22.450000762939453,24.299999237060547,419200,0.0,0.0
2023-08-09 00:00:00-04:00,24.229999542236328,24.940000534057617,23.510000228881836,23.84000015258789,762900,0.0,0.0
2023-08-10 00:00:00-04:00,23.850000381469727,25.3700008392334,23.850000381469727,24.75,431900,0.0,0.0
2023-08-11 00:00:00-04:00,24.549999237060547,25.34000015258789,24.010000228881836,24.920000076293945,260400,0.0,0.0
2023-08-14 00:00:00-04:00,24.530000686645508,25.110000610351562,24.0,25.100000381469727,210800,0.0,0.0
2023-08-15 00:00:00-04:00,24.93000030517578,24.969999313354492,24.299999237060547,24.6200008392334,253500,0.0,0.0
2023-08-16 00:00:00-04:00,24.59000015258789,24.760000228881836,24.15999984741211,24.280000686645508,334400,0.0,0.0
2023-08-17 00:00:00-04:00,24.350000381469727,25.8799991607666,24.18000030517578,25.670000076293945,401600,0.0,0.0
2023-08-18 00:00:00-04:00,25.010000228881836,27.0,25.010000228881836,26.899999618530273,352900,0.0,0.0
2023-08-21 00:00:00-04:00,26.739999771118164,27.420000076293945,26.459999084472656,26.65999984741211,271600,0.0,0.0
2023-08-22 00:00:00-04:00,26.65999984741211,26.65999984741211,25.59000015258789,26.329999923706055,413200,0.0,0.0
2023-08-23 00:00:00-04:00,26.540000915527344,26.969999313354492,26.139999389648438,26.219999313354492,300100,0.0,0.0
2023-08-24 00:00:00-04:00,26.209999084472656,26.299999237060547,25.420000076293945,25.639999389648438,206300,0.0,0.0
2023-08-25 00:00:00-04:00,25.690000534057617,27.139999389648438,24.850000381469727,26.989999771118164,1953400,0.0,0.0
2023-08-28 00:00:00-04:00,27.190000534057617,27.68000030517578,26.5,26.579999923706055,363200,0.0,0.0
2023-08-29 00:00:00-04:00,26.510000228881836,27.25,26.469999313354492,26.479999542236328,233600,0.0,0.0
2023-08-30 00:00:00-04:00,26.360000610351562,27.270000457763672,26.25,27.239999771118164,268200,0.0,0.0
2023-08-31 00:00:00-04:00,27.260000228881836,28.68000030517578,27.1299991607666,28.209999084472656,369200,0.0,0.0
2023-09-01 00:00:00-04:00,28.5,28.989999771118164,27.690000534057617,27.850000381469727,276900,0.0,0.0
2023-09-05 00:00:00-04:00,27.639999389648438,28.290000915527344,27.440000534057617,27.459999084472656,273300,0.0,0.0
2023-09-06 00:00:00-04:00,27.459999084472656,27.530000686645508,26.18000030517578,26.6200008392334,201300,0.0,0.0
2023-09-07 00:00:00-04:00,26.469999313354492,26.510000228881836,25.93000030517578,26.31999969482422,205200,0.0,0.0
2023-09-08 00:00:00-04:00,26.479999542236328,27.700000762939453,25.959999084472656,27.6200008392334,261500,0.0,0.0
2023-09-11 00:00:00-04:00,27.760000228881836,28.209999084472656,27.540000915527344,27.860000610351562,163500,0.0,0.0
2023-09-12 00:00:00-04:00,27.809999465942383,27.809999465942383,25.65999984741211,26.360000610351562,280400,0.0,0.0
2023-09-13 00:00:00-04:00,26.600000381469727,26.889999389648438,26.34000015258789,26.729999542236328,258100,0.0,0.0
2023-09-14 00:00:00-04:00,26.90999984741211,27.190000534057617,25.209999084472656,25.260000228881836,249900,0.0,0.0
2023-09-15 00:00:00-04:00,25.34000015258789,25.34000015258789,23.889999389648438,24.399999618530273,935000,0.0,0.0
2023-09-18 00:00:00-04:00,24.239999771118164,24.93000030517578,23.969999313354492,24.31999969482422,387000,0.0,0.0
2023-09-19 00:00:00-04:00,24.280000686645508,24.75,24.0,24.530000686645508,258900,0.0,0.0
2023-09-20 00:00:00-04:00,24.799999237060547,24.799999237060547,23.780000686645508,24.229999542236328,274500,0.0,0.0
2023-09-21 00:00:00-04:00,23.920000076293945,24.100000381469727,22.959999084472656,23.100000381469727,260100,0.0,0.0
2023-09-22 00:00:00-04:00,23.239999771118164,23.479999542236328,22.440000534057617,22.719999313354492,502900,0.0,0.0
2023-09-25 00:00:00-04:00,22.540000915527344,22.540000915527344,21.219999313354492,21.219999313354492,514000,0.0,0.0
2023-09-26 00:00:00-04:00,21.229999542236328,21.770000457763672,20.770000457763672,20.860000610351562,479100,0.0,0.0
2023-09-27 00:00:00-04:00,20.889999389648438,21.299999237060547,20.3799991607666,20.399999618530273,329900,0.0,0.0
2023-09-28 00:00:00-04:00,20.329999923706055,20.719999313354492,19.56999969482422,19.790000915527344,401300,0.0,0.0
2023-09-29 00:00:00-04:00,20.100000381469727,20.149999618530273,19.139999389648438,19.639999389648438,471900,0.0,0.0
2023-10-02 00:00:00-04:00,19.469999313354492,19.6200008392334,18.579999923706055,18.84000015258789,283200,0.0,0.0
2023-10-03 00:00:00-04:00,18.739999771118164,19.190000534057617,18.520000457763672,18.93000030517578,468300,0.0,0.0
2023-10-04 00:00:00-04:00,19.1200008392334,19.1200008392334,17.75,18.079999923706055,370500,0.0,0.0
2023-10-05 00:00:00-04:00,18.0,19.010000228881836,18.0,18.6200008392334,980100,0.0,0.0
2023-10-06 00:00:00-04:00,18.469999313354492,19.100000381469727,18.280000686645508,19.09000015258789,427800,0.0,0.0
2023-10-09 00:00:00-04:00,18.899999618530273,19.579999923706055,18.530000686645508,19.1200008392334,285200,0.0,0.0
2023-10-10 00:00:00-04:00,19.030000686645508,20.100000381469727,19.030000686645508,19.690000534057617,474800,0.0,0.0
2023-10-11 00:00:00-04:00,19.709999084472656,19.799999237060547,18.899999618530273,19.31999969482422,253000,0.0,0.0
2023-10-12 00:00:00-04:00,19.299999237060547,19.299999237060547,16.950000762939453,16.969999313354492,372500,0.0,0.0
2023-10-13 00:00:00-04:00,17.010000228881836,17.190000534057617,16.5,16.84000015258789,314600,0.0,0.0
2023-10-16 00:00:00-04:00,16.799999237060547,17.309999465942383,16.5,16.780000686645508,337900,0.0,0.0
2023-10-17 00:00:00-04:00,16.5,17.239999771118164,16.360000610351562,16.459999084472656,332100,0.0,0.0
2023-10-18 00:00:00-04:00,16.299999237060547,16.420000076293945,15.260000228881836,15.380000114440918,308300,0.0,0.0
2023-10-19 00:00:00-04:00,15.369999885559082,15.729999542236328,15.140000343322754,15.279999732971191,385200,0.0,0.0
2023-10-20 00:00:00-04:00,15.260000228881836,15.289999961853027,14.699999809265137,14.829999923706055,419600,0.0,0.0
2023-10-23 00:00:00-04:00,15.720000267028809,15.979999542236328,14.329999923706055,14.550000190734863,935000,0.0,0.0
2023-10-24 00:00:00-04:00,14.710000038146973,15.649999618530273,14.5600004196167,14.760000228881836,650400,0.0,0.0
2023-10-25 00:00:00-04:00,14.529999732971191,15.140000343322754,14.380000114440918,14.430000305175781,481400,0.0,0.0
2023-10-26 00:00:00-04:00,14.390000343322754,14.640000343322754,13.9399995803833,14.3100004196167,375200,0.0,0.0
2023-10-27 00:00:00-04:00,14.34000015258789,15.0,13.569999694824219,14.1899995803833,600700,0.0,0.0
2023-10-30 00:00:00-04:00,14.470000267028809,15.149999618530273,14.260000228881836,15.079999923706055,878000,0.0,0.0
2023-10-31 00:00:00-04:00,15.020000457763672,16.3700008392334,14.920000076293945,16.1200008392334,1080500,0.0,0.0
2023-11-01 00:00:00-04:00,16.020000457763672,16.059999465942383,15.09000015258789,15.979999542236328,839700,0.0,0.0
2023-11-02 00:00:00-04:00,16.270000457763672,16.59000015258789,16.139999389648438,16.209999084472656,281200,0.0,0.0
2023-11-03 00:00:00-04:00,16.719999313354492,17.8799991607666,16.719999313354492,17.520000457763672,484200,0.0,0.0
2023-11-06 00:00:00-05:00,17.520000457763672,17.520000457763672,16.799999237060547,16.93000030517578,459100,0.0,0.0
2023-11-07 00:00:00-05:00,17.100000381469727,17.81999969482422,16.8700008392334,17.790000915527344,718000,0.0,0.0
2023-11-08 00:00:00-05:00,17.780000686645508,18.270000457763672,16.010000228881836,16.510000228881836,927100,0.0,0.0
2023-11-09 00:00:00-05:00,16.829999923706055,16.829999923706055,15.0,15.15999984741211,386500,0.0,0.0
2023-11-10 00:00:00-05:00,15.1899995803833,15.1899995803833,14.020000457763672,14.989999771118164,499500,0.0,0.0
2023-11-13 00:00:00-05:00,14.8100004196167,16.799999237060547,14.640000343322754,16.59000015258789,864100,0.0,0.0
2023-11-14 00:00:00-05:00,17.43000030517578,19.979999542236328,17.1200008392334,19.780000686645508,1138000,0.0,0.0
2023-11-15 00:00:00-05:00,19.780000686645508,20.8799991607666,19.780000686645508,20.299999237060547,859400,0.0,0.0
2023-11-16 00:00:00-05:00,20.25,21.239999771118164,19.309999465942383,20.799999237060547,629600,0.0,0.0
2023-11-17 00:00:00-05:00,21.0,21.489999771118164,20.600000381469727,20.920000076293945,544800,0.0,0.0
2023-11-20 00:00:00-05:00,22.239999771118164,22.3799991607666,20.510000228881836,21.770000457763672,733200,0.0,0.0
2023-11-21 00:00:00-05:00,21.350000381469727,21.719999313354492,20.280000686645508,20.799999237060547,638700,0.0,0.0
2023-11-22 00:00:00-05:00,21.459999084472656,21.8799991607666,20.989999771118164,21.40999984741211,420500,0.0,0.0
2023-11-24 00:00:00-05:00,21.579999923706055,22.1200008392334,21.579999923706055,21.8700008392334,147100,0.0,0.0
2023-11-27 00:00:00-05:00,22.420000076293945,25.100000381469727,22.170000076293945,24.110000610351562,1121000,0.0,0.0
2023-11-28 00:00:00-05:00,24.329999923706055,24.6200008392334,23.100000381469727,24.420000076293945,746900,0.0,0.0
2023-11-29 00:00:00-05:00,24.84000015258789,25.850000381469727,24.520000457763672,24.989999771118164,612200,0.0,0.0
2023-11-30 00:00:00-05:00,24.260000228881836,24.540000915527344,21.700000762939453,21.969999313354492,1391500,0.0,0.0
2023-12-01 00:00:00-05:00,22.1200008392334,23.6200008392334,21.670000076293945,23.600000381469727,820600,0.0,0.0
2023-12-04 00:00:00-05:00,23.600000381469727,25.059999465942383,23.59000015258789,24.100000381469727,574200,0.0,0.0
2023-12-05 00:00:00-05:00,23.90999984741211,24.290000915527344,22.34000015258789,23.170000076293945,1883100,0.0,0.0
2023-12-06 00:00:00-05:00,24.40999984741211,30.989999771118164,24.110000610351562,30.299999237060547,2863200,0.0,0.0
2023-12-07 00:00:00-05:00,30.399999618530273,32.779998779296875,29.690000534057617,32.689998626708984,1570200,0.0,0.0
2023-12-08 00:00:00-05:00,33.04999923706055,36.939998626708984,32.869998931884766,34.15999984741211,3055900,0.0,0.0
2023-12-11 00:00:00-05:00,34.18000030517578,34.58000183105469,32.2599983215332,33.79999923706055,965900,0.0,0.0
2023-12-12 00:00:00-05:00,34.08000183105469,34.279998779296875,32.369998931884766,32.45000076293945,1039200,0.0,0.0
2023-12-13 00:00:00-05:00,32.540000915527344,34.38999938964844,31.719999313354492,33.970001220703125,1347300,0.0,0.0
2023-12-14 00:00:00-05:00,35.779998779296875,36.33000183105469,34.65999984741211,35.68000030517578,1174500,0.0,0.0
2023-12-15 00:00:00-05:00,35.900001525878906,38.0,35.65999984741211,36.63999938964844,1517500,0.0,0.0
2023-12-18 00:00:00-05:00,36.380001068115234,36.54999923706055,35.369998931884766,35.43000030517578,924500,0.0,0.0
2023-12-19 00:00:00-05:00,37.93000030517578,37.970001220703125,35.5,37.869998931884766,1466200,0.0,0.0
2023-12-20 00:00:00-05:00,37.90999984741211,38.060001373291016,36.40999984741211,36.45000076293945,1019100,0.0,0.0
2023-12-21 00:00:00-05:00,37.439998626708984,37.970001220703125,36.79999923706055,37.65999984741211,796300,0.0,0.0
2023-12-22 00:00:00-05:00,37.93000030517578,39.900001525878906,37.599998474121094,39.63999938964844,612500,0.0,0.0
2023-12-26 00:00:00-05:00,40.0,41.619998931884766,40.0,41.09000015258789,532200,0.0,0.0
2023-12-27 00:00:00-05:00,41.650001525878906,42.380001068115234,40.81999969482422,42.33000183105469,404800,0.0,0.0
2023-12-28 00:00:00-05:00,42.15999984741211,42.84000015258789,41.41999816894531,41.9900016784668,645500,0.0,0.0
2023-12-29 00:00:00-05:00,41.7599983215332,42.65999984741211,41.060001373291016,41.15999984741211,597500,0.0,0.0
2024-01-02 00:00:00-05:00,40.7599983215332,42.83000183105469,39.25,41.5,481300,0.0,0.0
2024-01-03 00:00:00-05:00,40.970001220703125,42.08000183105469,40.209999084472656,41.209999084472656,537400,0.0,0.0
2024-01-04 00:00:00-05:00,41.2400016784668,41.790000915527344,40.599998474121094,41.41999816894531,540700,0.0,0.0
2024-01-05 00:00:00-05:00,40.95000076293945,41.4900016784668,39.58000183105469,40.56999969482422,499500,0.0,0.0
2024-01-08 00:00:00-05:00,40.47999954223633,41.20000076293945,38.650001525878906,40.88999938964844,753900,0.0,0.0
2024-01-09 00:00:00-05:00,40.2400016784668,40.849998474121094,38.959999084472656,39.36000061035156,596600,0.0,0.0
2024-01-10 00:00:00-05:00,39.22999954223633,39.5099983215332,38.11000061035156,38.77000045776367,687400,0.0,0.0
2024-01-11 00:00:00-05:00,38.15999984741211,38.66999816894531,37.59000015258789,37.939998626708984,877000,0.0,0.0
2024-01-12 00:00:00-05:00,38.68000030517578,39.75,38.0099983215332,38.720001220703125,383400,0.0,0.0
2024-01-16 00:00:00-05:00,37.7599983215332,38.41999816894531,35.9900016784668,38.099998474121094,620600,0.0,0.0
2024-01-17 00:00:00-05:00,37.209999084472656,37.650001525878906,36.130001068115234,36.380001068115234,607100,0.0,0.0
2024-01-18 00:00:00-05:00,36.47999954223633,36.47999954223633,35.41999816894531,36.380001068115234,653100,0.0,0.0
2024-01-19 00:00:00-05:00,36.91999816894531,37.09000015258789,35.5099983215332,36.41999816894531,456100,0.0,0.0
2024-01-22 00:00:00-05:00,36.79999923706055,37.72999954223633,35.849998474121094,36.54999923706055,424200,0.0,0.0
2024-01-23 00:00:00-05:00,37.220001220703125,37.599998474121094,36.11000061035156,36.380001068115234,348100,0.0,0.0
2024-01-24 00:00:00-05:00,37.38999938964844,38.0,35.79999923706055,36.72999954223633,485300,0.0,0.0
2024-01-25 00:00:00-05:00,37.25,39.59000015258789,37.029998779296875,37.77000045776367,712100,0.0,0.0
2024-01-26 00:00:00-05:00,38.130001068115234,38.70000076293945,36.470001220703125,36.83000183105469,413300,0.0,0.0
2024-01-29 00:00:00-05:00,36.93000030517578,39.810001373291016,36.529998779296875,39.540000915527344,428300,0.0,0.0
2024-01-30 00:00:00-05:00,39.36000061035156,39.66999816894531,38.52000045776367,39.470001220703125,584400,0.0,0.0
2024-01-31 00:00:00-05:00,39.4900016784668,43.15999984741211,39.27000045776367,41.5,938100,0.0,0.0
2024-02-01 00:00:00-05:00,43.459999084472656,46.81999969482422,42.619998931884766,45.650001525878906,1641100,0.0,0.0
2024-02-02 00:00:00-05:00,45.13999938964844,46.630001068115234,42.619998931884766,45.970001220703125,901600,0.0,0.0
2024-02-05 00:00:00-05:00,45.2400016784668,47.220001220703125,44.650001525878906,46.29999923706055,648700,0.0,0.0
2024-02-06 00:00:00-05:00,46.720001220703125,49.08000183105469,46.58000183105469,49.0099983215332,949000,0.0,0.0
2024-02-07 00:00:00-05:00,48.9900016784668,49.5,47.310001373291016,47.47999954223633,773400,0.0,0.0
2024-02-08 00:00:00-05:00,47.810001373291016,49.689998626708984,47.459999084472656,48.279998779296875,1057800,0.0,0.0
2024-02-09 00:00:00-05:00,49.400001525878906,52.04999923706055,48.75,49.88999938964844,1238900,0.0,0.0
2024-02-12 00:00:00-05:00,49.810001373291016,52.0,49.689998626708984,51.18000030517578,722400,0.0,0.0
2024-02-13 00:00:00-05:00,48.79999923706055,49.869998931884766,47.209999084472656,47.77000045776367,819900,0.0,0.0
2024-02-14 00:00:00-05:00,47.25,49.900001525878906,46.349998474121094,49.369998931884766,675100,0.0,0.0
2024-02-15 00:00:00-05:00,50.439998626708984,52.810001373291016,49.59000015258789,51.93000030517578,752700,0.0,0.0
2024-02-16 00:00:00-05:00,51.220001220703125,53.08000183105469,50.72999954223633,52.310001373291016,505100,0.0,0.0
2024-02-20 00:00:00-05:00,51.5,51.9900016784668,49.279998779296875,50.599998474121094,788400,0.0,0.0
2024-02-21 00:00:00-05:00,48.790000915527344,50.04999923706055,46.68000030517578,47.70000076293945,1100500,0.0,0.0
2024-02-22 00:00:00-05:00,49.209999084472656,49.599998474121094,46.150001525878906,46.5099983215332,1096300,0.0,0.0
2024-02-23 00:00:00-05:00,47.0,47.630001068115234,45.779998779296875,47.0,956500,0.0,0.0
2024-02-26 00:00:00-05:00,46.77000045776367,48.83000183105469,46.66999816894531,48.790000915527344,688800,0.0,0.0
2024-02-27 00:00:00-05:00,48.790000915527344,49.400001525878906,45.91999816894531,48.0099983215332,1336300,0.0,0.0
2024-02-28 00:00:00-05:00,47.54999923706055,48.06999969482422,45.650001525878906,45.939998626708984,893700,0.0,0.0
2024-02-29 00:00:00-05:00,47.459999084472656,48.189998626708984,45.88999938964844,45.97999954223633,1091300,0.0,0.0
2024-03-01 00:00:00-05:00,46.900001525878906,51.5099983215332,46.5099983215332,47.29999923706055,1019500,0.0,0.0
2024-03-04 00:00:00-05:00,48.04999923706055,48.04999923706055,46.09000015258789,46.470001220703125,756300,0.0,0.0
2024-03-05 00:00:00-05:00,45.75,47.93000030517578,45.47999954223633,46.709999084472656,427400,0.0,0.0
2024-03-06 00:00:00-05:00,47.56999969482422,47.880001068115234,45.599998474121094,45.9900016784668,719100,0.0,0.0
2024-03-07 00:00:00-05:00,46.220001220703125,49.2599983215332,45.79999923706055,47.66999816894531,689800,0.0,0.0
2024-03-08 00:00:00-05:00,48.689998626708984,49.7599983215332,46.529998779296875,47.040000915527344,393500,0.0,0.0
2024-03-11 00:00:00-04:00,46.06999969482422,47.2400016784668,45.36000061035156,45.5,455900,0.0,0.0
2024-03-12 00:00:00-04:00,45.279998779296875,46.619998931884766,45.0099983215332,45.47999954223633,611100,0.0,0.0
2024-03-13 00:00:00-04:00,45.08000183105469,46.5099983215332,44.779998779296875,46.47999954223633,774200,0.0,0.0
2024-03-14 00:00:00-04:00,46.22999954223633,46.22999954223633,43.7400016784668,44.720001220703125,994100,0.0,0.0
2024-03-15 00:00:00-04:00,44.470001220703125,45.77000045776367,44.220001220703125,44.849998474121094,2246400,0.0,0.0
2024-03-18 00:00:00-04:00,44.560001373291016,45.029998779296875,42.400001525878906,42.599998474121094,864300,0.0,0.0
2024-03-19 00:00:00-04:00,41.22999954223633,43.119998931884766,41.0099983215332,42.560001373291016,1987900,0.0,0.0
2024-03-20 00:00:00-04:00,42.43000030517578,44.220001220703125,41.15999984741211,44.15999984741211,811800,0.0,0.0
2024-03-21 00:00:00-04:00,44.75,44.849998474121094,42.619998931884766,43.349998474121094,499300,0.0,0.0
2024-03-22 00:00:00-04:00,42.93000030517578,43.06999969482422,41.779998779296875,41.900001525878906,448500,0.0,0.0
2024-03-25 00:00:00-04:00,42.11000061035156,42.2599983215332,40.540000915527344,40.66999816894531,383400,0.0,0.0
2024-03-26 00:00:00-04:00,41.599998474121094,41.84000015258789,40.58000183105469,41.0,424700,0.0,0.0
2024-03-27 00:00:00-04:00,41.5,41.54999923706055,40.34000015258789,41.33000183105469,341400,0.0,0.0
2024-03-28 00:00:00-04:00,41.709999084472656,41.97999954223633,40.84000015258789,41.279998779296875,524400,0.0,0.0
2024-04-01 00:00:00-04:00,41.34000015258789,41.34000015258789,39.970001220703125,40.400001525878906,342500,0.0,0.0
2024-04-02 00:00:00-04:00,39.349998474121094,40.15999984741211,38.66999816894531,39.040000915527344,615700,0.0,0.0
2024-04-03 00:00:00-04:00,38.560001373291016,39.58000183105469,38.41999816894531,38.59000015258789,423500,0.0,0.0
2024-04-04 00:00:00-04:00,39.310001373291016,39.400001525878906,37.66999816894531,37.900001525878906,796800,0.0,0.0
2024-04-05 00:00:00-04:00,37.7400016784668,38.16999816894531,37.13999938964844,37.439998626708984,413000,0.0,0.0
2024-04-08 00:00:00-04:00,37.83000183105469,37.97999954223633,37.22999954223633,37.650001525878906,287900,0.0,0.0
2024-04-09 00:00:00-04:00,37.90999984741211,38.970001220703125,37.52000045776367,38.08000183105469,426100,0.0,0.0
2024-04-10 00:00:00-04:00,36.529998779296875,36.869998931884766,35.779998779296875,36.72999954223633,438200,0.0,0.0
2024-04-11 00:00:00-04:00,39.119998931884766,39.34000015258789,37.02000045776367,37.2599983215332,1056900,0.0,0.0
2024-04-12 00:00:00-04:00,36.88999938964844,38.560001373291016,35.529998779296875,36.290000915527344,860300,0.0,0.0
2024-04-15 00:00:00-04:00,36.779998779296875,37.0,34.09000015258789,34.720001220703125,649600,0.0,0.0
2024-04-16 00:00:00-04:00,34.2400016784668,34.54999923706055,33.40999984741211,33.439998626708984,497400,0.0,0.0
2024-04-17 00:00:00-04:00,33.72999954223633,33.90999984741211,32.79999923706055,33.45000076293945,516200,0.0,0.0
2024-04-18 00:00:00-04:00,33.41999816894531,34.459999084472656,32.61000061035156,34.290000915527344,803100,0.0,0.0
2024-04-19 00:00:00-04:00,34.09000015258789,34.810001373291016,33.630001068115234,34.720001220703125,944300,0.0,0.0
2024-04-22 00:00:00-04:00,34.79999923706055,35.869998931884766,34.52000045776367,34.900001525878906,848800,0.0,0.0
2024-04-23 00:00:00-04:00,34.86000061035156,35.58000183105469,33.869998931884766,34.0,632900,0.0,0.0
2024-04-24 00:00:00-04:00,33.81999969482422,33.83000183105469,32.5099983215332,32.540000915527344,569300,0.0,0.0
2024-04-25 00:00:00-04:00,32.0,32.130001068115234,30.90999984741211,31.600000381469727,636400,0.0,0.0
2024-04-26 00:00:00-04:00,31.729999542236328,32.720001220703125,31.040000915527344,32.369998931884766,778700,0.0,0.0
2024-04-29 00:00:00-04:00,32.22999954223633,32.619998931884766,31.459999084472656,31.899999618530273,846700,0.0,0.0
2024-04-30 00:00:00-04:00,31.5,32.16999816894531,31.149999618530273,31.770000457763672,1206600,0.0,0.0
2024-05-01 00:00:00-04:00,31.850000381469727,33.209999084472656,31.34000015258789,32.47999954223633,685900,0.0,0.0
2024-05-02 00:00:00-04:00,33.119998931884766,33.150001525878906,31.68000030517578,32.43000030517578,621800,0.0,0.0
2024-05-03 00:00:00-04:00,33.79999923706055,33.970001220703125,32.650001525878906,32.81999969482422,415400,0.0,0.0
2024-05-06 00:00:00-04:00,32.9900016784668,33.45000076293945,31.690000534057617,32.2599983215332,457200,0.0,0.0
2024-05-07 00:00:00-04:00,32.38999938964844,34.77000045776367,31.899999618530273,34.33000183105469,863700,0.0,0.0
2024-05-08 00:00:00-04:00,33.54999923706055,34.099998474121094,32.2400016784668,32.369998931884766,688300,0.0,0.0
2024-05-09 00:00:00-04:00,32.59000015258789,33.22999954223633,31.889999389648438,31.950000762939453,426300,0.0,0.0
2024-05-10 00:00:00-04:00,31.850000381469727,32.41999816894531,31.25,31.440000534057617,567900,0.0,0.0
2024-05-13 00:00:00-04:00,31.81999969482422,32.40999984741211,31.34000015258789,31.56999969482422,503100,0.0,0.0
2024-05-14 00:00:00-04:00,32.13999938964844,32.720001220703125,31.239999771118164,31.360000610351562,345600,0.0,0.0
2024-05-15 00:00:00-04:00,32.130001068115234,33.880001068115234,31.979999542236328,32.33000183105469,697300,0.0,0.0
2024-05-16 00:00:00-04:00,33.880001068115234,34.66999816894531,32.060001373291016,32.11000061035156,1340100,0.0,0.0
2024-05-17 00:00:00-04:00,31.969999313354492,33.08000183105469,31.399999618530273,32.68000030517578,537100,0.0,0.0
2024-05-20 00:00:00-04:00,32.72999954223633,33.61000061035156,31.860000610351562,33.2599983215332,580800,0.0,0.0
2024-05-21 00:00:00-04:00,32.790000915527344,34.86000061035156,32.790000915527344,34.650001525878906,750700,0.0,0.0
2024-05-22 00:00:00-04:00,34.38999938964844,37.380001068115234,34.38999938964844,35.95000076293945,1706600,0.0,0.0
2024-05-23 00:00:00-04:00,35.959999084472656,36.15999984741211,34.209999084472656,35.22999954223633,887000,0.0,0.0
2024-05-24 00:00:00-04:00,35.310001373291016,35.77000045776367,34.709999084472656,35.22999954223633,481000,0.0,0.0
2024-05-28 00:00:00-04:00,35.75,36.20000076293945,34.5,35.25,610000,0.0,0.0
2024-05-29 00:00:00-04:00,34.56999969482422,35.34000015258789,33.880001068115234,33.900001525878906,409400,0.0,0.0
2024-05-30 00:00:00-04:00,34.11000061035156,34.34000015258789,31.5,32.2400016784668,631400,0.0,0.0
2024-05-31 00:00:00-04:00,32.56999969482422,33.619998931884766,32.349998474121094,33.13999938964844,1002000,0.0,0.0
2024-06-03 00:00:00-04:00,33.40999984741211,33.7599983215332,27.799999237060547,27.889999389648438,1716100,0.0,0.0
2024-06-04 00:00:00-04:00,27.790000915527344,29.239999771118164,27.600000381469727,29.1200008392334,1114000,0.0,0.0
2024-06-05 00:00:00-04:00,29.450000762939453,30.1200008392334,27.510000228881836,27.93000030517578,1593400,0.0,0.0
2024-06-06 00:00:00-04:00,27.860000610351562,28.3700008392334,27.530000686645508,27.700000762939453,755200,0.0,0.0
2024-06-07 00:00:00-04:00,27.1299991607666,27.709999084472656,26.209999084472656,26.690000534057617,544100,0.0,0.0
2024-06-10 00:00:00-04:00,26.440000534057617,27.09000015258789,26.040000915527344,26.989999771118164,581700,0.0,0.0
2024-06-11 00:00:00-04:00,26.760000228881836,27.100000381469727,26.0,26.290000915527344,575200,0.0,0.0
2024-06-12 00:00:00-04:00,27.469999313354492,28.049999237060547,26.31999969482422,26.489999771118164,722100,0.0,0.0
2024-06-13 00:00:00-04:00,26.40999984741211,26.84000015258789,25.649999618530273,26.450000762939453,788000,0.0,0.0
2024-06-14 00:00:00-04:00,26.059999465942383,27.059999465942383,25.079999923706055,25.670000076293945,745000,0.0,0.0
2024-06-17 00:00:00-04:00,25.510000228881836,25.600000381469727,24.489999771118164,24.940000534057617,744900,0.0,0.0
2024-06-18 00:00:00-04:00,24.790000915527344,25.229999542236328,24.59000015258789,24.81999969482422,653600,0.0,0.0
2024-06-20 00:00:00-04:00,24.510000228881836,25.350000381469727,24.010000228881836,25.299999237060547,790500,0.0,0.0
2024-06-21 00:00:00-04:00,25.540000915527344,26.229999542236328,24.950000762939453,25.219999313354492,1800200,0.0,0.0
2024-06-24 00:00:00-04:00,25.25,25.59000015258789,24.639999389648438,24.969999313354492,542000,0.0,0.0
2024-06-25 00:00:00-04:00,24.979999542236328,24.989999771118164,23.729999542236328,24.459999084472656,1178500,0.0,0.0
2024-06-26 00:00:00-04:00,24.420000076293945,26.579999923706055,24.350000381469727,25.8700008392334,1090600,0.0,0.0
2024-06-27 00:00:00-04:00,25.829999923706055,26.100000381469727,25.079999923706055,25.850000381469727,1081500,0.0,0.0
2024-06-28 00:00:00-04:00,25.770000457763672,26.739999771118164,25.5,26.6200008392334,4059000,0.0,0.0
2024-07-01 00:00:00-04:00,26.6200008392334,26.809999465942383,25.84000015258789,25.979999542236328,765900,0.0,0.0
2024-07-02 00:00:00-04:00,25.889999389648438,26.040000915527344,24.6200008392334,24.850000381469727,416500,0.0,0.0
2024-07-03 00:00:00-04:00,24.8700008392334,25.149999618530273,23.75,23.899999618530273,332300,0.0,0.0
2024-07-05 00:00:00-04:00,23.850000381469727,25.1200008392334,23.389999389648438,24.829999923706055,396600,0.0,0.0
2024-07-08 00:00:00-04:00,25.190000534057617,25.799999237060547,24.780000686645508,25.68000030517578,951200,0.0,0.0
2024-07-09 00:00:00-04:00,25.829999923706055,26.90999984741211,25.760000228881836,26.700000762939453,499500,0.0,0.0
2024-07-10 00:00:00-04:00,26.829999923706055,27.389999389648438,25.84000015258789,26.25,628600,0.0,0.0
2024-07-11 00:00:00-04:00,26.90999984741211,29.139999389648438,26.520000457763672,28.6200008392334,1420200,0.0,0.0
2024-07-12 00:00:00-04:00,29.110000610351562,30.270000457763672,28.43000030517578,28.8700008392334,812900,0.0,0.0
2024-07-15 00:00:00-04:00,29.010000228881836,30.670000076293945,28.639999389648438,29.969999313354492,838000,0.0,0.0
2024-07-16 00:00:00-04:00,30.389999389648438,34.11000061035156,30.309999465942383,32.72999954223633,1846200,0.0,0.0
2024-07-17 00:00:00-04:00,33.4900016784668,33.4900016784668,31.030000686645508,31.190000534057617,1217100,0.0,0.0
2024-07-18 00:00:00-04:00,30.850000381469727,31.280000686645508,28.860000610351562,28.889999389648438,611600,0.0,0.0
2024-07-19 00:00:00-04:00,29.0,29.260000228881836,28.3700008392334,28.520000457763672,606900,0.0,0.0
2024-07-22 00:00:00-04:00,28.579999923706055,29.489999771118164,28.020000457763672,29.0,626700,0.0,0.0
2024-07-23 00:00:00-04:00,28.440000534057617,30.010000228881836,28.3799991607666,30.0,541100,0.0,0.0
2024-07-24 00:00:00-04:00,29.809999465942383,30.309999465942383,28.68000030517578,28.8700008392334,450500,0.0,0.0
2024-07-25 00:00:00-04:00,28.850000381469727,30.100000381469727,28.850000381469727,29.520000457763672,464000,0.0,0.0
2024-07-26 00:00:00-04:00,30.239999771118164,30.239999771118164,29.209999084472656,29.649999618530273,392900,0.0,0.0
2024-07-29 00:00:00-04:00,29.719999313354492,29.81999969482422,27.6200008392334,27.780000686645508,596500,0.0,0.0
2024-07-30 00:00:00-04:00,28.889999389648438,29.959999084472656,26.68000030517578,27.09000015258789,1450600,0.0,0.0
2024-07-31 00:00:00-04:00,27.299999237060547,28.139999389648438,26.510000228881836,27.510000228881836,1275200,0.0,0.0
2024-08-01 00:00:00-04:00,27.459999084472656,27.709999084472656,26.3799991607666,26.780000686645508,815000,0.0,0.0
2024-08-02 00:00:00-04:00,25.049999237060547,26.510000228881836,24.59000015258789,25.84000015258789,704500,0.0,0.0
2024-08-05 00:00:00-04:00,23.75,25.040000915527344,23.100000381469727,24.920000076293945,703000,0.0,0.0
2024-08-06 00:00:00-04:00,25.110000610351562,25.670000076293945,24.40999984741211,25.18000030517578,397300,0.0,0.0
2024-08-07 00:00:00-04:00,25.68000030517578,25.739999771118164,24.020000457763672,24.3700008392334,600100,0.0,0.0
2024-08-08 00:00:00-04:00,24.829999923706055,25.260000228881836,24.399999618530273,24.979999542236328,1682900,0.0,0.0
2024-08-09 00:00:00-04:00,25.010000228881836,25.3700008392334,24.440000534057617,24.940000534057617,1520400,0.0,0.0
2024-08-12 00:00:00-04:00,24.950000762939453,24.950000762939453,24.459999084472656,24.559999465942383,727500,0.0,0.0
2024-08-13 00:00:00-04:00,24.84000015258789,25.100000381469727,23.989999771118164,24.18000030517578,729300,0.0,0.0
2024-08-14 00:00:00-04:00,24.25,24.389999389648438,23.610000610351562,23.809999465942383,478900,0.0,0.0
2024-08-15 00:00:00-04:00,24.479999542236328,26.030000686645508,24.31999969482422,25.600000381469727,994900,0.0,0.0
2024-08-16 00:00:00-04:00,25.600000381469727,25.760000228881836,24.68000030517578,24.889999389648438,699800,0.0,0.0
2024-08-19 00:00:00-04:00,24.8700008392334,25.8799991607666,24.8700008392334,25.450000762939453,685500,0.0,0.0
2024-08-20 00:00:00-04:00,25.479999542236328,25.700000762939453,24.709999084472656,25.0,793700,0.0,0.0
2024-08-21 00:00:00-04:00,25.110000610351562,26.229999542236328,24.610000610351562,25.1299991607666,900600,0.0,0.0
2024-08-22 00:00:00-04:00,25.139999389648438,25.219999313354492,24.309999465942383,24.43000030517578,335700,0.0,0.0
2024-08-23 00:00:00-04:00,24.649999618530273,26.229999542236328,24.600000381469727,26.18000030517578,646900,0.0,0.0
2024-08-26 00:00:00-04:00,26.40999984741211,27.1200008392334,25.81999969482422,26.809999465942383,396600,0.0,0.0
2024-08-27 00:00:00-04:00,26.690000534057617,26.8700008392334,25.280000686645508,25.760000228881836,317100,0.0,0.0
2024-08-28 00:00:00-04:00,25.600000381469727,26.110000610351562,25.399999618530273,25.770000457763672,307800,0.0,0.0
2024-08-29 00:00:00-04:00,26.139999389648438,27.0,25.959999084472656,26.040000915527344,401200,0.0,0.0
2024-08-30 00:00:00-04:00,26.149999618530273,26.450000762939453,25.639999389648438,26.15999984741211,339700,0.0,0.0
2024-09-03 00:00:00-04:00,25.780000686645508,26.84000015258789,24.850000381469727,25.5,538700,0.0,0.0
2024-09-04 00:00:00-04:00,25.34000015258789,25.81999969482422,24.68000030517578,25.1299991607666,382400,0.0,0.0
2024-09-05 00:00:00-04:00,25.190000534057617,25.59000015258789,24.75,24.950000762939453,491600,0.0,0.0
2024-09-06 00:00:00-04:00,25.100000381469727,25.170000076293945,23.75,24.399999618530273,404100,0.0,0.0
2024-09-09 00:00:00-04:00,24.40999984741211,25.729999542236328,24.079999923706055,25.1200008392334,401000,0.0,0.0
2024-09-10 00:00:00-04:00,25.110000610351562,25.780000686645508,24.600000381469727,25.510000228881836,328900,0.0,0.0
2024-09-11 00:00:00-04:00,25.25,25.450000762939453,24.709999084472656,24.889999389648438,205100,0.0,0.0
2024-09-12 00:00:00-04:00,24.989999771118164,25.399999618530273,24.5,24.510000228881836,387000,0.0,0.0
2024-09-13 00:00:00-04:00,24.690000534057617,25.399999618530273,24.649999618530273,25.049999237060547,288000,0.0,0.0
2024-09-16 00:00:00-04:00,25.09000015258789,25.860000610351562,24.920000076293945,25.149999618530273,401300,0.0,0.0
2024-09-17 00:00:00-04:00,25.420000076293945,25.969999313354492,25.059999465942383,25.31999969482422,297000,0.0,0.0
2024-09-18 00:00:00-04:00,25.31999969482422,26.25,24.940000534057617,24.969999313354492,585300,0.0,0.0
2024-09-19 00:00:00-04:00,25.729999542236328,26.43000030517578,24.809999465942383,25.600000381469727,868500,0.0,0.0
2024-09-20 00:00:00-04:00,25.600000381469727,25.690000534057617,25.219999313354492,25.6299991607666,927000,0.0,0.0
2024-09-23 00:00:00-04:00,25.81999969482422,25.81999969482422,24.190000534057617,24.219999313354492,383400,0.0,0.0
2024-09-24 00:00:00-04:00,24.309999465942383,24.8700008392334,24.25,24.729999542236328,385700,0.0,0.0
2024-09-25 00:00:00-04:00,24.729999542236328,24.950000762939453,23.639999389648438,23.65999984741211,335700,0.0,0.0
2024-09-26 00:00:00-04:00,24.06999969482422,24.649999618530273,23.860000610351562,24.360000610351562,388300,0.0,0.0
2024-09-27 00:00:00-04:00,24.75,25.170000076293945,24.639999389648438,24.739999771118164,507800,0.0,0.0
2024-09-30 00:00:00-04:00,24.6299991607666,25.219999313354492,24.270000457763672,24.6299991607666,352000,0.0,0.0
2024-10-01 00:00:00-04:00,24.530000686645508,25.149999618530273,23.950000762939453,24.8799991607666,942500,0.0,0.0
2024-10-02 00:00:00-04:00,24.899999618530273,24.979999542236328,23.90999984741211,24.700000762939453,633000,0.0,0.0
2024-10-03 00:00:00-04:00,24.40999984741211,24.700000762939453,23.940000534057617,24.479999542236328,568400,0.0,0.0
2024-10-04 00:00:00-04:00,24.709999084472656,25.15999984741211,24.56999969482422,24.959999084472656,449300,0.0,0.0
2024-10-07 00:00:00-04:00,24.860000610351562,25.520000457763672,24.809999465942383,25.290000915527344,332300,0.0,0.0
2024-10-08 00:00:00-04:00,25.290000915527344,26.84000015258789,25.219999313354492,25.780000686645508,777600,0.0,0.0
2024-10-09 00:00:00-04:00,25.690000534057617,26.270000457763672,24.690000534057617,25.0,582200,0.0,0.0
2024-10-10 00:00:00-04:00,24.530000686645508,25.020000457763672,24.260000228881836,25.010000228881836,548100,0.0,0.0
2024-10-11 00:00:00-04:00,24.920000076293945,26.979999542236328,24.81999969482422,26.1299991607666,696100,0.0,0.0
2024-10-14 00:00:00-04:00,26.149999618530273,26.440000534057617,25.639999389648438,25.670000076293945,276200,0.0,0.0
2024-10-15 00:00:00-04:00,25.489999771118164,26.100000381469727,25.420000076293945,25.899999618530273,372300,0.0,0.0
2024-10-16 00:00:00-04:00,26.219999313354492,29.239999771118164,26.219999313354492,27.799999237060547,915900,0.0,0.0
2024-10-17 00:00:00-04:00,27.65999984741211,27.719999313354492,26.700000762939453,27.040000915527344,308700,0.0,0.0
2024-10-18 00:00:00-04:00,27.170000076293945,27.559999465942383,26.65999984741211,27.110000610351562,263200,0.0,0.0
2024-10-21 00:00:00-04:00,27.020000457763672,27.299999237060547,25.6299991607666,25.760000228881836,384400,0.0,0.0
2024-10-22 00:00:00-04:00,25.56999969482422,26.670000076293945,25.25,26.56999969482422,481200,0.0,0.0
2024-10-23 00:00:00-04:00,26.459999084472656,26.719999313354492,25.700000762939453,26.520000457763672,690800,0.0,0.0
2024-10-24 00:00:00-04:00,26.639999389648438,27.100000381469727,26.31999969482422,26.940000534057617,380100,0.0,0.0
2024-10-25 00:00:00-04:00,27.209999084472656,27.350000381469727,25.469999313354492,25.920000076293945,918800,0.0,0.0
2024-10-28 00:00:00-04:00,26.809999465942383,27.780000686645508,26.260000228881836,27.1200008392334,887400,0.0,0.0
2024-10-29 00:00:00-04:00,26.8799991607666,27.540000915527344,26.75,27.5,860400,0.0,0.0
2024-10-30 00:00:00-04:00,27.700000762939453,29.610000610351562,27.56999969482422,27.65999984741211,848600,0.0,0.0
2024-10-31 00:00:00-04:00,27.010000228881836,27.010000228881836,25.770000457763672,26.43000030517578,726900,0.0,0.0
2024-11-01 00:00:00-04:00,26.790000915527344,27.0,25.760000228881836,26.899999618530273,602800,0.0,0.0
2024-11-04 00:00:00-05:00,26.920000076293945,27.93000030517578,26.530000686645508,26.799999237060547,448000,0.0,0.0
2024-11-05 00:00:00-05:00,26.459999084472656,26.940000534057617,25.850000381469727,26.899999618530273,276700,0.0,0.0
2024-11-06 00:00:00-05:00,28.540000915527344,28.829999923706055,27.239999771118164,27.989999771118164,737800,0.0,0.0
2024-11-07 00:00:00-05:00,28.040000915527344,28.760000228881836,27.56999969482422,27.75,379500,0.0,0.0
2024-11-08 00:00:00-05:00,27.760000228881836,28.43000030517578,26.760000228881836,27.139999389648438,840200,0.0,0.0
2024-11-11 00:00:00-05:00,27.68000030517578,28.700000762939453,27.190000534057617,28.040000915527344,817500,0.0,0.0
2024-11-12 00:00:00-05:00,27.579999923706055,27.760000228881836,24.920000076293945,26.309999465942383,846900,0.0,0.0
2024-11-13 00:00:00-05:00,26.459999084472656,26.68000030517578,25.219999313354492,25.34000015258789,663300,0.0,0.0
2024-11-14 00:00:00-05:00,25.25,25.75,24.809999465942383,24.920000076293945,675600,0.0,0.0
2024-11-15 00:00:00-05:00,25.06999969482422,25.100000381469727,22.459999084472656,22.479999542236328,676500,0.0,0.0
2024-11-18 00:00:00-05:00,22.93000030517578,23.31999969482422,21.68000030517578,23.190000534057617,777300,0.0,0.0
2024-11-19 00:00:00-05:00,23.020000457763672,23.06999969482422,21.280000686645508,21.639999389648438,1165000,0.0,0.0
2024-11-20 00:00:00-05:00,21.59000015258789,22.709999084472656,21.170000076293945,22.690000534057617,744100,0.0,0.0
2024-11-21 00:00:00-05:00,22.780000686645508,25.3700008392334,22.56999969482422,25.110000610351562,817800,0.0,0.0
2024-11-22 00:00:00-05:00,25.6299991607666,26.549999237060547,25.1299991607666,25.860000610351562,1060200,0.0,0.0
2024-11-25 00:00:00-05:00,26.6299991607666,26.75,25.1200008392334,25.149999618530273,496200,0.0,0.0
2024-11-26 00:00:00-05:00,25.149999618530273,25.239999771118164,24.40999984741211,24.479999542236328,407700,0.0,0.0
2024-11-27 00:00:00-05:00,24.5,26.299999237060547,24.3799991607666,25.979999542236328,521600,0.0,0.0
2024-11-29 00:00:00-05:00,26.299999237060547,27.0,25.850000381469727,26.719999313354492,312400,0.0,0.0
2024-12-02 00:00:00-05:00,26.0,26.940000534057617,25.719999313354492,25.719999313354492,537900,0.0,0.0
2024-12-03 00:00:00-05:00,25.729999542236328,26.030000686645508,24.15999984741211,24.190000534057617,488300,0.0,0.0
2024-12-04 00:00:00-05:00,24.059999465942383,25.420000076293945,23.81999969482422,25.389999389648438,736800,0.0,0.0
2024-12-05 00:00:00-05:00,25.329999923706055,26.15999984741211,24.6200008392334,24.739999771118164,491800,0.0,0.0
2024-12-06 00:00:00-05:00,25.040000915527344,26.420000076293945,24.760000228881836,25.920000076293945,495100,0.0,0.0
2024-12-09 00:00:00-05:00,26.110000610351562,26.780000686645508,24.860000610351562,25.079999923706055,306000,0.0,0.0
2024-12-10 00:00:00-05:00,25.75,25.75,24.010000228881836,24.59000015258789,708300,0.0,0.0
2024-12-11 00:00:00-05:00,24.770000457763672,24.770000457763672,22.489999771118164,22.540000915527344,1317100,0.0,0.0
2024-12-12 00:00:00-05:00,22.229999542236328,22.479999542236328,19.670000076293945,19.739999771118164,2486600,0.0,0.0
2024-12-13 00:00:00-05:00,19.729999542236328,19.90999984741211,18.510000228881836,19.5,1704100,0.0,0.0
2024-12-16 00:00:00-05:00,19.540000915527344,19.579999923706055,18.579999923706055,18.989999771118164,1290400,0.0,0.0
2024-12-17 00:00:00-05:00,19.059999465942383,19.899999618530273,18.75,19.100000381469727,1423200,0.0,0.0
2024-12-18 00:00:00-05:00,19.1200008392334,19.1200008392334,18.170000076293945,18.610000610351562,1242900,0.0,0.0
2024-12-19 00:00:00-05:00,18.850000381469727,19.209999084472656,17.3700008392334,17.829999923706055,1563400,0.0,0.0
2024-12-20 00:00:00-05:00,17.6200008392334,18.700000762939453,17.530000686645508,18.479999542236328,1763600,0.0,0.0
2024-12-23 00:00:00-05:00,18.360000610351562,18.600000381469727,17.610000610351562,18.0,656900,0.0,0.0
2024-12-24 00:00:00-05:00,18.059999465942383,18.75,17.809999465942383,18.729999542236328,449400,0.0,0.0
2024-12-26 00:00:00-05:00,18.3700008392334,19.1299991607666,18.040000915527344,19.079999923706055,716100,0.0,0.0
2024-12-27 00:00:00-05:00,18.979999542236328,19.739999771118164,18.549999237060547,19.0,920100,0.0,0.0
2024-12-30 00:00:00-05:00,18.729999542236328,19.170000076293945,18.360000610351562,19.0,1025300,0.0,0.0
2024-12-31 00:00:00-05:00,19.190000534057617,19.209999084472656,18.469999313354492,19.170000076293945,1202000,0.0,0.0
2025-01-02 00:00:00-05:00,19.540000915527344,20.110000610351562,18.75,18.889999389648438,670300,0.0,0.0
2025-01-03 00:00:00-05:00,18.940000534057617,21.0,18.889999389648438,20.5,854200,0.0,0.0
2025-01-06 00:00:00-05:00,20.56999969482422,20.899999618530273,19.889999389648438,19.90999984741211,627900,0.0,0.0
2025-01-07 00:00:00-05:00,19.8799991607666,20.6299991607666,19.3700008392334,19.43000030517578,634800,0.0,0.0
2025-01-08 00:00:00-05:00,19.239999771118164,20.299999237060547,18.889999389648438,19.81999969482422,630800,0.0,0.0
2025-01-10 00:00:00-05:00,19.25,19.920000076293945,18.260000228881836,18.6200008392334,892900,0.0,0.0
2025-01-13 00:00:00-05:00,18.360000610351562,18.479999542236328,17.350000381469727,18.010000228881836,807900,0.0,0.0
2025-01-14 00:00:00-05:00,18.059999465942383,18.389999389648438,17.079999923706055,17.219999313354492,643700,0.0,0.0
2025-01-15 00:00:00-05:00,18.040000915527344,18.3799991607666,17.479999542236328,17.729999542236328,972700,0.0,0.0
2025-01-16 00:00:00-05:00,17.84000015258789,18.049999237060547,17.350000381469727,17.579999923706055,1015900,0.0,0.0
2025-01-17 00:00:00-05:00,17.68000030517578,18.389999389648438,17.40999984741211,18.049999237060547,848400,0.0,0.0
2025-01-21 00:00:00-05:00,18.260000228881836,18.84000015258789,17.65999984741211,18.56999969482422,508600,0.0,0.0
2025-01-22 00:00:00-05:00,18.600000381469727,18.670000076293945,17.780000686645508,18.219999313354492,1131800,0.0,0.0
2025-01-23 00:00:00-05:00,18.170000076293945,18.610000610351562,17.850000381469727,18.0,1323900,0.0,0.0
2025-01-24 00:00:00-05:00,17.920000076293945,18.68000030517578,17.600000381469727,18.139999389648438,500800,0.0,0.0
2025-01-27 00:00:00-05:00,18.260000228881836,19.299999237060547,17.850000381469727,18.209999084472656,512700,0.0,0.0
2025-01-28 00:00:00-05:00,18.229999542236328,18.489999771118164,17.770000457763672,17.920000076293945,1008500,0.0,0.0
2025-01-29 00:00:00-05:00,17.90999984741211,18.280000686645508,17.459999084472656,17.549999237060547,805700,0.0,0.0
2025-01-30 00:00:00-05:00,17.950000762939453,18.299999237060547,17.649999618530273,17.889999389648438,716500,0.0,0.0
2025-01-31 00:00:00-05:00,18.209999084472656,18.56999969482422,17.579999923706055,17.610000610351562,692400,0.0,0.0
2025-02-03 00:00:00-05:00,17.40999984741211,17.780000686645508,16.610000610351562,17.100000381469727,867700,0.0,0.0
2025-02-04 00:00:00-05:00,17.0,18.219999313354492,17.0,18.049999237060547,1065900,0.0,0.0
2025-02-05 00:00:00-05:00,18.260000228881836,20.059999465942383,18.049999237060547,19.59000015258789,1315400,0.0,0.0
2025-02-06 00:00:00-05:00,19.639999389648438,20.15999984741211,19.06999969482422,19.100000381469727,838700,0.0,0.0
2025-02-07 00:00:00-05:00,19.110000610351562,19.969999313354492,18.6299991607666,18.700000762939453,960100,0.0,0.0
2025-02-10 00:00:00-05:00,18.639999389648438,19.360000610351562,18.399999618530273,18.969999313354492,1370700,0.0,0.0
2025-02-11 00:00:00-05:00,18.729999542236328,19.190000534057617,16.989999771118164,17.68000030517578,1863700,0.0,0.0
2025-02-12 00:00:00-05:00,17.510000228881836,18.979999542236328,17.360000610351562,17.950000762939453,1339500,0.0,0.0
2025-02-13 00:00:00-05:00,18.149999618530273,18.479999542236328,17.5,17.670000076293945,1055300,0.0,0.0
2025-02-14 00:00:00-05:00,17.610000610351562,18.31999969482422,17.190000534057617,18.309999465942383,935300,0.0,0.0
2025-02-18 00:00:00-05:00,18.40999984741211,20.3799991607666,18.399999618530273,18.649999618530273,1805000,0.0,0.0
2025-02-19 00:00:00-05:00,18.5,19.399999618530273,18.299999237060547,18.540000915527344,1012900,0.0,0.0
2025-02-20 00:00:00-05:00,18.350000381469727,19.149999618530273,18.239999771118164,18.3700008392334,1037300,0.0,0.0
2025-02-21 00:00:00-05:00,18.899999618530273,19.049999237060547,17.350000381469727,17.770000457763672,1871800,0.0,0.0
2025-02-24 00:00:00-05:00,17.729999542236328,17.799999237060547,16.06999969482422,16.75,1946200,0.0,0.0
2025-02-25 00:00:00-05:00,16.829999923706055,17.739999771118164,16.260000228881836,17.670000076293945,1654100,0.0,0.0
2025-02-26 00:00:00-05:00,17.950000762939453,17.950000762939453,16.610000610351562,17.139999389648438,1146800,0.0,0.0
2025-02-27 00:00:00-05:00,17.149999618530273,18.18000030517578,16.979999542236328,17.260000228881836,1244900,0.0,0.0
2025-02-28 00:00:00-05:00,17.059999465942383,17.700000762939453,16.56999969482422,17.700000762939453,932900,0.0,0.0
2025-03-03 00:00:00-05:00,17.770000457763672,18.0,16.209999084472656,16.229999542236328,1046400,0.0,0.0
2025-03-04 00:00:00-05:00,15.989999771118164,16.8700008392334,15.529999732971191,16.520000457763672,1512000,0.0,0.0
2025-03-05 00:00:00-05:00,16.760000228881836,17.700000762939453,16.40999984741211,17.5,1214600,0.0,0.0
2025-03-06 00:00:00-05:00,17.1299991607666,18.93000030517578,16.969999313354492,18.059999465942383,1488300,0.0,0.0
2025-03-07 00:00:00-05:00,17.969999313354492,18.760000228881836,17.760000228881836,18.280000686645508,1922900,0.0,0.0
2025-03-10 00:00:00-04:00,18.079999923706055,18.450000762939453,17.219999313354492,17.559999465942383,1119600,0.0,0.0
2025-03-11 00:00:00-04:00,10.579999923706055,10.779999732971191,7.909999847412109,8.300000190734863,19027400,0.0,0.0
2025-03-12 00:00:00-04:00,8.390000343322754,9.140000343322754,8.119999885559082,9.029999732971191,8097000,0.0,0.0
2025-03-13 00:00:00-04:00,8.899999618530273,9.550000190734863,8.430000305175781,8.550000190734863,5416100,0.0,0.0
2025-03-14 00:00:00-04:00,8.550000190734863,9.020000457763672,8.420000076293945,8.430000305175781,2202400,0.0,0.0
2025-03-17 00:00:00-04:00,8.420000076293945,8.859999656677246,8.380000114440918,8.699999809265137,2102900,0.0,0.0
2025-03-18 00:00:00-04:00,8.579999923706055,8.829999923706055,8.380000114440918,8.420000076293945,2614600,0.0,0.0
2025-03-19 00:00:00-04:00,8.420000076293945,8.800000190734863,8.399999618530273,8.699999809265137,1460600,0.0,0.0
2025-03-20 00:00:00-04:00,8.670000076293945,9.170000076293945,8.609999656677246,9.0,2193200,0.0,0.0
2025-03-21 00:00:00-04:00,8.850000381469727,8.880000114440918,8.510000228881836,8.75,3239100,0.0,0.0
2025-03-24 00:00:00-04:00,8.770000457763672,8.859999656677246,8.569999694824219,8.609999656677246,2333500,0.0,0.0
2025-03-25 00:00:00-04:00,8.59000015258789,8.640000343322754,8.069999694824219,8.130000114440918,2701600,0.0,0.0
2025-03-26 00:00:00-04:00,8.180000305175781,8.239999771118164,7.929999828338623,7.949999809265137,2037100,0.0,0.0
2025-03-27 00:00:00-04:00,8.0,8.15999984741211,7.78000020980835,8.039999961853027,2176700,0.0,0.0
2025-03-28 00:00:00-04:00,8.100000381469727,8.130000114440918,7.53000020980835,7.590000152587891,3247000,0.0,0.0
2025-03-31 00:00:00-04:00,7.360000133514404,7.429999828338623,6.880000114440918,7.019999980926514,4447900,0.0,0.0
2025-04-01 00:00:00-04:00,7.03000020980835,7.349999904632568,6.840000152587891,7.03000020980835,2695600,0.0,0.0
2025-04-02 00:00:00-04:00,6.840000152587891,7.360000133514404,6.809999942779541,7.179999828338623,2080700,0.0,0.0
2025-04-03 00:00:00-04:00,6.880000114440918,7.03000020980835,6.75,6.900000095367432,2138800,0.0,0.0
2025-04-04 00:00:00-04:00,6.679999828338623,6.800000190734863,6.239999771118164,6.559999942779541,3087500,0.0,0.0
2025-04-07 00:00:00-04:00,6.320000171661377,6.460000038146973,6.0,6.369999885559082,3429200,0.0,0.0
2025-04-08 00:00:00-04:00,6.71999979019165,6.829999923706055,6.050000190734863,6.190000057220459,2514700,0.0,0.0
2025-04-09 00:00:00-04:00,6.010000228881836,6.860000133514404,5.940000057220459,6.730000019073486,3923000,0.0,0.0
2025-04-10 00:00:00-04:00,6.480000019073486,6.630000114440918,6.230000019073486,6.619999885559082,2271600,0.0,0.0
2025-04-11 00:00:00-04:00,6.550000190734863,7.0,6.5,6.949999809265137,2851000,0.0,0.0
2025-04-14 00:00:00-04:00,7.119999885559082,7.46999979019165,6.829999923706055,7.400000095367432,2386300,0.0,0.0
2025-04-15 00:00:00-04:00,7.329999923706055,7.659999847412109,7.230000019073486,7.579999923706055,2307200,0.0,0.0
2025-04-16 00:00:00-04:00,7.570000171661377,7.730000019073486,7.400000095367432,7.650000095367432,2901600,0.0,0.0
2025-04-17 00:00:00-04:00,7.739999771118164,8.640000343322754,7.610000133514404,8.600000381469727,3186900,0.0,0.0
2025-04-21 00:00:00-04:00,8.529999732971191,8.880000114440918,8.210000038146973,8.75,3017900,0.0,0.0
2025-04-22 00:00:00-04:00,8.869999885559082,9.050000190734863,8.609999656677246,8.9399995803833,2383800,0.0,0.0
2025-04-23 00:00:00-04:00,9.15999984741211,9.25,8.829999923706055,9.069999694824219,1843800,0.0,0.0
2025-04-24 00:00:00-04:00,9.210000038146973,9.25,9.020000457763672,9.140000343322754,1014800,0.0,0.0
2025-04-25 00:00:00-04:00,9.039999961853027,9.220000267028809,8.890000343322754,9.050000190734863,1481800,0.0,0.0
2025-04-28 00:00:00-04:00,9.069999694824219,9.40999984741211,9.069999694824219,9.210000038146973,1292500,0.0,0.0
2025-04-29 00:00:00-04:00,9.3100004196167,9.550000190734863,9.109999656677246,9.369999885559082,1700800,0.0,0.0
2025-04-30 00:00:00-04:00,9.279999732971191,9.680000305175781,9.109999656677246,9.619999885559082,1524100,0.0,0.0
2025-05-01 00:00:00-04:00,6.360000133514404,7.409999847412109,6.230000019073486,7.230000019073486,16808200,0.0,0.0
2025-05-02 00:00:00-04:00,7.289999961853027,8.0,6.800000190734863,7.71999979019165,8597400,0.0,0.0
2025-05-05 00:00:00-04:00,7.5,7.909999847412109,7.329999923706055,7.630000114440918,3537700,0.0,0.0
2025-05-06 00:00:00-04:00,7.590000152587891,7.679999828338623,6.920000076293945,6.949999809265137,2919300,0.0,0.0
2025-05-07 00:00:00-04:00,7.0,7.139999866485596,6.550000190734863,6.670000076293945,2369300,0.0,0.0
2025-05-08 00:00:00-04:00,6.75,6.940000057220459,6.510000228881836,6.809999942779541,2471300,0.0,0.0
2025-05-09 00:00:00-04:00,6.78000020980835,6.889999866485596,6.579999923706055,6.610000133514404,1634000,0.0,0.0
2025-05-12 00:00:00-04:00,6.789999961853027,7.050000190734863,6.5,6.519999980926514,2471900,0.0,0.0
2025-05-13 00:00:00-04:00,6.519999980926514,6.619999885559082,6.150000095367432,6.289999961853027,3095200,0.0,0.0
2025-05-14 00:00:00-04:00,6.300000190734863,6.389999866485596,6.019999980926514,6.070000171661377,2610100,0.0,0.0
2025-05-15 00:00:00-04:00,6.110000133514404,6.300000190734863,5.900000095367432,6.260000228881836,2110200,0.0,0.0
2025-05-16 00:00:00-04:00,6.28000020980835,6.630000114440918,6.159999847412109,6.489999771118164,1940400,0.0,0.0
2025-05-19 00:00:00-04:00,6.420000076293945,6.579999923706055,6.210000038146973,6.53000020980835,1568000,0.0,0.0
2025-05-20 00:00:00-04:00,6.599999904632568,6.75,6.389999866485596,6.639999866485596,1415000,0.0,0.0
2025-05-21 00:00:00-04:00,6.53000020980835,6.670000076293945,6.239999771118164,6.25,1230700,0.0,0.0
2025-05-22 00:00:00-04:00,6.199999809265137,6.75,6.190000057220459,6.46999979019165,2043900,0.0,0.0
2025-05-23 00:00:00-04:00,6.300000190734863,6.559999942779541,6.289999961853027,6.510000228881836,1245400,0.0,0.0
2025-05-27 00:00:00-04:00,6.599999904632568,6.789999961853027,6.480000019073486,6.690000057220459,1891400,0.0,0.0
2025-05-28 00:00:00-04:00,6.699999809265137,7.5,6.699999809265137,7.289999961853027,3947600,0.0,0.0
2025-05-29 00:00:00-04:00,7.349999904632568,7.599999904632568,7.230000019073486,7.5,2260500,0.0,0.0
2025-05-30 00:00:00-04:00,7.5,7.5,6.949999809265137,7.199999809265137,2029500,0.0,0.0
2025-06-02 00:00:00-04:00,6.739999771118164,7.440000057220459,6.699999809265137,7.329999923706055,4087500,0.0,0.0
2025-06-03 00:00:00-04:00,7.400000095367432,7.440000057220459,6.96999979019165,7.0,2447300,0.0,0.0
2025-06-04 00:00:00-04:00,7.039999961853027,7.070000171661377,6.840000152587891,6.949999809265137,1571100,0.0,0.0
2025-06-05 00:00:00-04:00,6.920000076293945,7.059999942779541,6.699999809265137,6.920000076293945,1989900,0.0,0.0
2025-06-06 00:00:00-04:00,7.050000190734863,7.579999923706055,7.050000190734863,7.53000020980835,2762900,0.0,0.0
2025-06-09 00:00:00-04:00,7.650000095367432,7.889999866485596,7.239999771118164,7.829999923706055,3508900,0.0,0.0
2025-06-10 00:00:00-04:00,7.960000038146973,8.239999771118164,7.78000020980835,7.820000171661377,2755100,0.0,0.0
2025-06-11 00:00:00-04:00,7.880000114440918,8.0600004196167,7.610000133514404,7.670000076293945,2030900,0.0,0.0
2025-06-12 00:00:00-04:00,7.610000133514404,7.849999904632568,7.460000038146973,7.570000171661377,1146000,0.0,0.0
2025-06-13 00:00:00-04:00,7.400000095367432,7.550000190734863,7.230000019073486,7.389999866485596,1130800,0.0,0.0
2025-06-16 00:00:00-04:00,7.369999885559082,7.400000095367432,7.119999885559082,7.369999885559082,1328300,0.0,0.0
2025-06-17 00:00:00-04:00,7.659999847412109,7.849999904632568,7.400000095367432,7.480000019073486,2951300,0.0,0.0
2025-06-18 00:00:00-04:00,7.429999828338623,7.619999885559082,7.300000190734863,7.46999979019165,2146500,0.0,0.0
2025-06-20 00:00:00-04:00,7.539999961853027,7.590000152587891,7.21999979019165,7.440000057220459,2147700,0.0,0.0
2025-06-23 00:00:00-04:00,7.360000133514404,7.449999809265137,7.090000152587891,7.400000095367432,1989100,0.0,0.0
2025-06-24 00:00:00-04:00,7.519999980926514,7.880000114440918,7.510000228881836,7.739999771118164,1605700,0.0,0.0
2025-06-25 00:00:00-04:00,7.71999979019165,7.889999866485596,7.539999961853027,7.800000190734863,1337300,0.0,0.0
2025-06-26 00:00:00-04:00,7.820000171661377,7.880000114440918,7.630000114440918,7.800000190734863,1355800,0.0,0.0
2025-06-27 00:00:00-04:00,7.800000190734863,7.880000114440918,7.510000228881836,7.539999961853027,2927400,0.0,0.0
2025-06-30 00:00:00-04:00,7.619999885559082,7.800000190734863,7.360000133514404,7.360000133514404,1392500,0.0,0.0
2025-07-01 00:00:00-04:00,7.400000095367432,7.820000171661377,7.300000190734863,7.630000114440918,1685600,0.0,0.0
2025-07-02 00:00:00-04:00,7.639999866485596,8.109999656677246,7.53000020980835,7.900000095367432,1981700,0.0,0.0
2025-07-03 00:00:00-04:00,7.96999979019165,8.079999923706055,7.800000190734863,7.949999809265137,826700,0.0,0.0
2025-07-07 00:00:00-04:00,7.860000133514404,7.980000019073486,7.679999828338623,7.789999961853027,1655500,0.0,0.0
2025-07-08 00:00:00-04:00,7.829999923706055,8.130000114440918,7.820000171661377,8.020000457763672,1684000,0.0,0.0
2025-07-09 00:00:00-04:00,8.020000457763672,8.3100004196167,7.579999923706055,8.229999542236328,3676400,0.0,0.0
2025-07-10 00:00:00-04:00,8.300000190734863,8.300000190734863,7.809999942779541,7.889999866485596,1851300,0.0,0.0
2025-07-11 00:00:00-04:00,7.789999961853027,7.949999809265137,7.699999809265137,7.789999961853027,1283600,0.0,0.0
2025-07-14 00:00:00-04:00,7.800000190734863,8.109999656677246,7.739999771118164,7.869999885559082,1304700,0.0,0.0
2025-07-15 00:00:00-04:00,7.949999809265137,8.050000190734863,7.389999866485596,7.400000095367432,1930900,0.0,0.0
2025-07-16 00:00:00-04:00,7.5,7.659999847412109,7.349999904632568,7.590000152587891,1666900,0.0,0.0
2025-07-17 00:00:00-04:00,7.599999904632568,7.929999828338623,7.570000171661377,7.760000228881836,2585600,0.0,0.0
2025-07-18 00:00:00-04:00,7.849999904632568,7.909999847412109,7.320000171661377,7.349999904632568,1538900,0.0,0.0
2025-07-21 00:00:00-04:00,7.400000095367432,7.760000228881836,7.369999885559082,7.519999980926514,1882300,0.0,0.0
2025-07-22 00:00:00-04:00,7.559999942779541,7.730000019073486,7.46999979019165,7.579999923706055,1645900,0.0,0.0
2025-07-23 00:00:00-04:00,7.679999828338623,8.020000457763672,7.480000019073486,7.869999885559082,2581500,0.0,0.0
2025-07-24 00:00:00-04:00,7.849999904632568,8.050000190734863,7.75,7.889999866485596,1839700,0.0,0.0
2025-07-25 00:00:00-04:00,7.940000057220459,7.989999771118164,7.690000057220459,7.840000152587891,1588200,0.0,0.0
2025-07-28 00:00:00-04:00,7.880000114440918,7.929999828338623,7.599999904632568,7.610000133514404,1776300,0.0,0.0
2025-07-29 00:00:00-04:00,7.630000114440918,7.699999809265137,7.409999847412109,7.480000019073486,1931700,0.0,0.0
2025-07-30 00:00:00-04:00,7.550000190734863,8.149999618530273,7.550000190734863,7.579999923706055,2854400,0.0,0.0
2025-07-31 00:00:00-04:00,7.510000228881836,7.690000057220459,7.380000114440918,7.440000057220459,1579500,0.0,0.0
2025-08-01 00:00:00-04:00,7.329999923706055,7.449999809265137,7.21999979019165,7.420000076293945,1465700,0.0,0.0
2025-08-04 00:00:00-04:00,7.449999809265137,7.610000133514404,7.369999885559082,7.53000020980835,1178100,0.0,0.0
2025-08-05 00:00:00-04:00,7.599999904632568,7.829999923706055,7.409999847412109,7.610000133514404,2028900,0.0,0.0
2025-08-06 00:00:00-04:00,7.119999885559082,7.130000114440918,6.190000057220459,6.429999828338623,5434700,0.0,0.0
2025-08-07 00:00:00-04:00,6.639999866485596,6.639999866485596,6.059999942779541,6.239999771118164,3269000,0.0,0.0
2025-08-08 00:00:00-04:00,6.239999771118164,6.289999961853027,6.090000152587891,6.289999961853027,2143200,0.0,0.0
2025-08-11 00:00:00-04:00,6.340000152587891,6.730000019073486,6.320000171661377,6.590000152587891,2220900,0.0,0.0
2025-08-12 00:00:00-04:00,6.630000114440918,6.900000095367432,6.440000057220459,6.789999961853027,2402700,0.0,0.0
2025-08-13 00:00:00-04:00,6.789999961853027,7.289999961853027,6.739999771118164,7.090000152587891,2632700,0.0,0.0
2025-08-14 00:00:00-04:00,7.0,7.119999885559082,6.829999923706055,7.079999923706055,1348600,0.0,0.0
2025-08-15 00:00:00-04:00,7.159999847412109,7.260000228881836,6.960000038146973,7.090000152587891,1425800,0.0,0.0
2025-08-18 00:00:00-04:00,7.079999923706055,7.300000190734863,6.980000019073486,7.170000076293945,1736800,0.0,0.0
2025-08-19 00:00:00-04:00,7.190000057220459,7.260000228881836,7.070000171661377,7.139999866485596,1629200,0.0,0.0
2025-08-20 00:00:00-04:00,7.119999885559082,7.21999979019165,6.980000019073486,7.099999904632568,928000,0.0,0.0
2025-08-21 00:00:00-04:00,6.980000019073486,7.300000190734863,6.960000038146973,7.300000190734863,840700,0.0,0.0
2025-08-22 00:00:00-04:00,7.28000020980835,7.53000020980835,7.260000228881836,7.320000171661377,1425600,0.0,0.0
2025-08-25 00:00:00-04:00,7.349999904632568,7.539999961853027,7.289999961853027,7.480000019073486,1345300,0.0,0.0
2025-08-26 00:00:00-04:00,7.489999771118164,7.619999885559082,7.460000038146973,7.539999961853027,1882600,0.0,0.0
2025-08-27 00:00:00-04:00,7.539999961853027,8.140000343322754,7.519999980926514,8.079999923706055,1981900,0.0,0.0
2025-08-28 00:00:00-04:00,8.149999618530273,8.220000267028809,7.75,7.760000228881836,1290800,0.0,0.0
2025-08-29 00:00:00-04:00,7.820000171661377,7.849999904632568,7.630000114440918,7.730000019073486,735500,0.0,0.0
2025-09-02 00:00:00-04:00,7.75,7.929999828338623,7.619999885559082,7.900000095367432,1056000,0.0,0.0
2025-09-03 00:00:00-04:00,7.880000114440918,8.130000114440918,7.789999961853027,7.900000095367432,925600,0.0,0.0
2025-09-04 00:00:00-04:00,7.869999885559082,7.869999885559082,7.46999979019165,7.610000133514404,1199600,0.0,0.0
2025-09-05 00:00:00-04:00,7.650000095367432,8.199999809265137,7.630000114440918,7.829999923706055,1891600,0.0,0.0
2025-09-08 00:00:00-04:00,7.809999942779541,8.229999542236328,7.579999923706055,7.940000057220459,2029400,0.0,0.0
2025-09-09 00:00:00-04:00,7.900000095367432,8.109999656677246,7.809999942779541,8.0,1206300,0.0,0.0
2025-09-10 00:00:00-04:00,7.960000038146973,8.100000381469727,7.789999961853027,7.829999923706055,1318800,0.0,0.0
2025-09-11 00:00:00-04:00,7.809999942779541,8.079999923706055,7.699999809265137,7.809999942779541,1842000,0.0,0.0
2025-09-12 00:00:00-04:00,7.820000171661377,7.860000133514404,7.559999942779541,7.739999771118164,1200900,0.0,0.0
2025-09-15 00:00:00-04:00,7.800000190734863,7.889999866485596,7.559999942779541,7.739999771118164,949200,0.0,0.0
2025-09-16 00:00:00-04:00,7.739999771118164,7.739999771118164,7.519999980926514,7.639999866485596,1507600,0.0,0.0
2025-09-17 00:00:00-04:00,7.710000038146973,7.880000114440918,7.510000228881836,7.610000133514404,2232000,0.0,0.0
2025-09-18 00:00:00-04:00,7.820000171661377,8.109999656677246,7.369999885559082,7.71999979019165,3410100,0.0,0.0
2025-09-19 00:00:00-04:00,7.71999979019165,7.869999885559082,7.440000057220459,7.519999980926514,3445700,0.0,0.0
2025-09-22 00:00:00-04:00,7.550000190734863,7.789999961853027,7.349999904632568,7.53000020980835,2745200,0.0,0.0
2025-09-23 00:00:00-04:00,7.519999980926514,7.78000020980835,7.440000057220459,7.53000020980835,2411600,0.0,0.0
2025-09-24 00:00:00-04:00,7.53000020980835,7.829999923706055,7.380000114440918,7.730000019073486,3333300,0.0,0.0
2025-09-25 00:00:00-04:00,7.71999979019165,7.880000114440918,7.650000095367432,7.75,2582600,0.0,0.0
2025-09-26 00:00:00-04:00,7.800000190734863,8.430000305175781,7.730000019073486,8.270000457763672,3037000,0.0,0.0
2025-09-29 00:00:00-04:00,8.300000190734863,8.600000381469727,8.149999618530273,8.529999732971191,2389300,0.0,0.0
2025-09-30 00:00:00-04:00,8.529999732971191,8.710000038146973,8.399999618530273,8.520000457763672,2933500,0.0,0.0
2025-10-01 00:00:00-04:00,8.600000381469727,9.3100004196167,8.600000381469727,9.130000114440918,2775600,0.0,0.0
2025-10-02 00:00:00-04:00,9.170000076293945,9.369999885559082,8.960000038146973,9.270000457763672,1999000,0.0,0.0
2025-10-03 00:00:00-04:00,9.390000343322754,9.779999732971191,9.300000190734863,9.609999656677246,1752800,0.0,0.0
2025-10-06 00:00:00-04:00,9.920000076293945,10.079999923706055,9.489999771118164,9.619999885559082,2372500,0.0,0.0
2025-10-07 00:00:00-04:00,9.699999809265137,9.930000305175781,9.220000267028809,9.300000190734863,2319700,0.0,0.0
2025-10-08 00:00:00-04:00,9.289999961853027,9.779999732971191,9.229999542236328,9.75,1990000,0.0,0.0
2025-10-09 00:00:00-04:00,9.75,9.760000228881836,9.5,9.59000015258789,1687800,0.0,0.0
2025-10-10 00:00:00-04:00,9.65999984741211,9.739999771118164,9.350000381469727,9.460000038146973,1483600,0.0,0.0
2025-10-13 00:00:00-04:00,9.5,9.949999809265137,9.399999618530273,9.800000190734863,5061700,0.0,0.0
2025-10-14 00:00:00-04:00,9.760000228881836,9.869999885559082,9.289999961853027,9.40999984741211,2487400,0.0,0.0
2025-10-15 00:00:00-04:00,8.800000190734863,9.5600004196167,8.779999732971191,9.460000038146973,3283100,0.0,0.0
2025-10-16 00:00:00-04:00,9.430000305175781,10.300000190734863,9.329999923706055,9.680000305175781,3913000,0.0,0.0
2025-10-17 00:00:00-04:00,9.460000038146973,9.680000305175781,9.210000038146973,9.520000457763672,1949100,0.0,0.0
2025-10-20 00:00:00-04:00,9.619999885559082,9.819999694824219,9.529999732971191,9.720000267028809,1844200,0.0,0.0
2025-10-21 00:00:00-04:00,9.720000267028809,9.970000267028809,9.609999656677246,9.65999984741211,1603600,0.0,0.0
2025-10-22 00:00:00-04:00,9.649999618530273,9.850000381469727,9.199999809265137,9.3100004196167,2310900,0.0,0.0
2025-10-23 00:00:00-04:00,9.319999694824219,9.380000114440918,9.010000228881836,9.15999984741211,3849100,0.0,0.0
2025-10-24 00:00:00-04:00,9.25,9.550000190734863,9.09000015258789,9.210000038146973,3459600,0.0,0.0
2025-10-27 00:00:00-04:00,9.300000190734863,9.680000305175781,9.25,9.649999618530273,1763100,0.0,0.0
2025-10-28 00:00:00-04:00,9.569999694824219,9.619999885559082,9.390000343322754,9.5,2240800,0.0,0.0
2025-10-29 00:00:00-04:00,9.40999984741211,9.640000343322754,9.399999618530273,9.59000015258789,2734700,0.0,0.0
2025-10-30 00:00:00-04:00,9.880000114440918,10.180000305175781,9.710000038146973,9.930000305175781,2758700,0.0,0.0
2025-10-31 00:00:00-04:00,9.989999771118164,10.140000343322754,9.800000190734863,10.140000343322754,2229000,0.0,0.0
2025-11-03 00:00:00-05:00,10.140000343322754,10.140000343322754,9.539999961853027,9.720000267028809,1978000,0.0,0.0
2025-11-04 00:00:00-05:00,9.520000457763672,9.720000267028809,9.510000228881836,9.539999961853027,2239600,0.0,0.0
2025-11-05 00:00:00-05:00,9.430000305175781,9.789999961853027,9.270000457763672,9.569999694824219,2287900,0.0,0.0
2025-11-06 00:00:00-05:00,9.710000038146973,10.029999732971191,9.619999885559082,10.0,1746200,0.0,0.0
2025-11-07 00:00:00-05:00,9.880000114440918,10.699999809265137,9.760000228881836,10.630000114440918,2600400,0.0,0.0
2025-11-10 00:00:00-05:00,10.800000190734863,11.449999809265137,10.75,11.1899995803833,2264400,0.0,0.0
2025-11-11 00:00:00-05:00,11.1899995803833,11.510000228881836,11.09000015258789,11.210000038146973,2169000,0.0,0.0
2025-11-12 00:00:00-05:00,11.210000038146973,11.329999923706055,10.229999542236328,10.40999984741211,2024900,0.0,0.0
2025-11-13 00:00:00-05:00,10.329999923706055,10.380000114440918,10.050000190734863,10.119999885559082,1331200,0.0,0.0
2025-11-14 00:00:00-05:00,10.0,10.9399995803833,10.0,10.569999694824219,2455800,0.0,0.0
2025-11-17 00:00:00-05:00,10.609999656677246,11.119999885559082,10.420000076293945,11.039999961853027,2929800,0.0,0.0
2025-11-18 00:00:00-05:00,12.899999618530273,14.220000267028809,11.630000114440918,12.989999771118164,16304300,0.0,0.0
2025-11-19 00:00:00-05:00,12.569999694824219,12.930000305175781,10.949999809265137,11.529999732971191,3701200,0.0,0.0
2025-11-20 00:00:00-05:00,11.699999809265137,11.899999618530273,10.979999542236328,11.020000457763672,2033400,0.0,0.0
2025-11-21 00:00:00-05:00,11.0,11.729999542236328,10.979999542236328,11.520000457763672,1806100,0.0,0.0
2025-11-24 00:00:00-05:00,11.600000381469727,11.859999656677246,11.529999732971191,11.770000457763672,1495000,0.0,0.0
2025-11-25 00:00:00-05:00,11.760000228881836,12.210000038146973,11.59000015258789,12.119999885559082,1240500,0.0,0.0
2025-11-26 00:00:00-05:00,12.010000228881836,12.619999885559082,11.779999732971191,12.420000076293945,1689100,0.0,0.0
2025-11-28 00:00:00-05:00,12.489999771118164,12.59000015258789,12.300000190734863,12.59000015258789,631200,0.0,0.0
2025-12-01 00:00:00-05:00,12.359999656677246,12.489999771118164,11.779999732971191,11.8100004196167,1153500,0.0,0.0
2025-12-02 00:00:00-05:00,11.8100004196167,11.979999542236328,11.65999984741211,11.65999984741211,1000900,0.0,0.0
2025-12-03 00:00:00-05:00,11.880000114440918,12.789999961853027,11.880000114440918,12.670000076293945,1760300,0.0,0.0
2025-12-04 00:00:00-05:00,12.65999984741211,13.09000015258789,12.34000015258789,12.550000190734863,1504200,0.0,0.0
2025-12-05 00:00:00-05:00,12.600000381469727,12.90999984741211,12.569999694824219,12.789999961853027,950900,0.0,0.0
2025-12-08 00:00:00-05:00,13.0,13.5600004196167,12.930000305175781,13.319999694824219,1291100,0.0,0.0
2025-12-09 00:00:00-05:00,13.279999732971191,13.380000114440918,13.029999732971191,13.100000381469727,919400,0.0,0.0
2025-12-10 00:00:00-05:00,13.130000114440918,13.359999656677246,12.930000305175781,12.979999542236328,1152300,0.0,0.0
2025-12-11 00:00:00-05:00,12.989999771118164,13.149999618530273,12.470000267028809,12.569999694824219,1284000,0.0,0.0
2025-12-12 00:00:00-05:00,12.640000343322754,12.899999618530273,12.470000267028809,12.579999923706055,795200,0.0,0.0
2025-12-15 00:00:00-05:00,12.609999656677246,12.75,12.260000228881836,12.34000015258789,970800,0.0,0.0
2025-12-16 00:00:00-05:00,12.3100004196167,12.4399995803833,11.609999656677246,11.899999618530273,1013900,0.0,0.0
2025-12-17 00:00:00-05:00,12.199999809265137,12.210000038146973,11.680000305175781,11.720000267028809,919500,0.0,0.0
2025-12-18 00:00:00-05:00,11.720000267028809,11.859999656677246,11.199999809265137,11.279999732971191,1304800,0.0,0.0
2025-12-19 00:00:00-05:00,11.3100004196167,11.710000038146973,11.210000038146973,11.680000305175781,1638600,0.0,0.0
2025-12-22 00:00:00-05:00,11.699999809265137,12.369999885559082,11.680000305175781,12.319999694824219,894700,0.0,0.0
2025-12-23 00:00:00-05:00,12.239999771118164,12.5,12.079999923706055,12.180000305175781,637800,0.0,0.0
2025-12-24 00:00:00-05:00,12.329999923706055,12.329999923706055,11.859999656677246,12.170000076293945,370600,0.0,0.0
2025-12-26 00:00:00-05:00,12.149999618530273,12.170000076293945,11.899999618530273,12.15999984741211,377400,0.0,0.0
2025-12-29 00:00:00-05:00,12.079999923706055,12.079999923706055,11.75,11.899999618530273,568400,0.0,0.0
2025-12-30 00:00:00-05:00,11.869999885559082,11.949999809265137,11.699999809265137,11.729999542236328,499000,0.0,0.0
2025-12-31 00:00:00-05:00,11.699999809265137,12.0,11.619999885559082,11.859999656677246,583100,0.0,0.0
2026-01-02 00:00:00-05:00,11.859999656677246,11.859999656677246,11.369999885559082,11.470000267028809,922300,0.0,0.0
2026-01-05 00:00:00-05:00,11.520000457763672,11.609999656677246,11.010000228881836,11.170000076293945,684900,0.0,0.0
2026-01-06 00:00:00-05:00,12.739999771118164,12.739999771118164,11.59000015258789,11.829999923706055,837700,0.0,0.0
2026-01-07 00:00:00-05:00,11.920000076293945,12.579999923706055,11.890000343322754,12.40999984741211,891100,0.0,0.0
2026-01-08 00:00:00-05:00,12.359999656677246,12.479999542236328,12.100000381469727,12.180000305175781,597000,0.0,0.0
2026-01-09 00:00:00-05:00,12.289999961853027,12.399999618530273,12.050000190734863,12.069999694824219,485200,0.0,0.0
2026-01-12 00:00:00-05:00,12.039999961853027,12.510000228881836,11.760000228881836,12.149999618530273,738500,0.0,0.0
2026-01-13 00:00:00-05:00,12.180000305175781,12.350000381469727,11.90999984741211,12.289999961853027,498200,0.0,0.0
2026-01-14 00:00:00-05:00,12.260000228881836,12.789999961853027,12.039999961853027,12.199999809265137,1825100,0.0,0.0
2026-01-15 00:00:00-05:00,12.180000305175781,12.4399995803833,11.880000114440918,12.130000114440918,728000,0.0,0.0
2026-01-16 00:00:00-05:00,12.15999984741211,12.449999809265137,12.109999656677246,12.199999809265137,645000,0.0,0.0
2026-01-20 00:00:00-05:00,11.869999885559082,12.380000114440918,11.819999694824219,12.029999732971191,463400,0.0,0.0
2026-01-21 00:00:00-05:00,11.949999809265137,12.630000114440918,11.9399995803833,12.600000381469727,605000,0.0,0.0
2026-01-22 00:00:00-05:00,12.630000114440918,13.1899995803833,12.489999771118164,12.569999694824219,698100,0.0,0.0
2026-01-23 00:00:00-05:00,12.600000381469727,13.100000381469727,12.5,12.890000343322754,815900,0.0,0.0
2026-01-26 00:00:00-05:00,12.789999961853027,13.369999885559082,12.5600004196167,13.289999961853027,617100,0.0,0.0
2026-01-27 00:00:00-05:00,13.180000305175781,13.630000114440918,13.140000343322754,13.619999885559082,604900,0.0,0.0
2026-01-28 00:00:00-05:00,13.630000114440918,13.710000038146973,12.819999694824219,12.930000305175781,894100,0.0,0.0
2026-01-29 00:00:00-05:00,12.90999984741211,13.40999984741211,12.770000457763672,13.380000114440918,924400,0.0,0.0
2026-01-30 00:00:00-05:00,13.600000381469727,13.670000076293945,12.949999809265137,13.380000114440918,1091400,0.0,0.0
2026-02-02 00:00:00-05:00,13.199999809265137,13.970000267028809,13.15999984741211,13.829999923706055,785200,0.0,0.0
2026-02-03 00:00:00-05:00,13.75,14.140000343322754,13.489999771118164,13.649999618530273,641400,0.0,0.0
2026-02-04 00:00:00-05:00,13.680000305175781,13.890000343322754,13.140000343322754,13.390000343322754,892400,0.0,0.0
2026-02-05 00:00:00-05:00,13.149999618530273,13.84000015258789,12.880000114440918,12.960000038146973,650600,0.0,0.0
2026-02-06 00:00:00-05:00,13.140000343322754,13.619999885559082,13.119999885559082,13.479999542236328,605300,0.0,0.0
2026-02-09 00:00:00-05:00,13.5,13.510000228881836,12.899999618530273,13.289999961853027,539100,0.0,0.0
2026-02-10 00:00:00-05:00,13.5,14.0,13.350000381469727,13.4399995803833,650700,0.0,0.0
2026-02-11 00:00:00-05:00,13.390000343322754,13.4399995803833,12.75,13.09000015258789,692800,0.0,0.0
2026-02-12 00:00:00-05:00,12.829999923706055,12.920000076293945,11.380000114440918,11.84000015258789,1144300,0.0,0.0
2026-02-13 00:00:00-05:00,12.199999809265137,12.5,11.5600004196167,11.649999618530273,834400,0.0,0.0
2026-02-17 00:00:00-05:00,11.5600004196167,11.880000114440918,11.430000305175781,11.4399995803833,748900,0.0,0.0
2026-02-18 00:00:00-05:00,11.399999618530273,11.859999656677246,11.300000190734863,11.819999694824219,559700,0.0,0.0
2026-02-19 00:00:00-05:00,11.800000190734863,12.529999732971191,11.779999732971191,12.4399995803833,902500,0.0,0.0
2026-02-20 00:00:00-05:00,12.319999694824219,12.529999732971191,11.850000381469727,11.989999771118164,860200,0.0,0.0
2026-02-23 00:00:00-05:00,11.829999923706055,12.630000114440918,11.829999923706055,12.300000190734863,1160100,0.0,0.0
2026-02-24 00:00:00-05:00,11.329999923706055,12.4399995803833,11.0,12.369999885559082,1751500,0.0,0.0
2026-02-25 00:00:00-05:00,12.979999542236328,13.680000305175781,12.569999694824219,13.300000190734863,1385600,0.0,0.0
2026-02-26 00:00:00-05:00,13.279999732971191,13.520000457763672,13.039999961853027,13.380000114440918,708400,0.0,0.0
2026-02-27 00:00:00-05:00,13.069999694824219,13.470000267028809,12.949999809265137,13.270000457763672,884500,0.0,0.0
2026-03-02 00:00:00-05:00,12.850000381469727,13.569999694824219,12.609999656677246,13.390000343322754,683600,0.0,0.0
2026-03-03 00:00:00-05:00,12.979999542236328,13.550000190734863,12.890000343322754,13.359999656677246,739900,0.0,0.0
2026-03-04 00:00:00-05:00,13.5,13.930000305175781,13.300000190734863,13.760000228881836,761200,0.0,0.0
2026-03-05 00:00:00-05:00,13.720000267028809,13.979999542236328,13.180000305175781,13.720000267028809,1051900,0.0,0.0
2026-03-06 00:00:00-05:00,13.369999885559082,13.65999984741211,12.850000381469727,13.600000381469727,814400,0.0,0.0
2026-03-09 00:00:00-04:00,13.210000038146973,13.789999961853027,13.069999694824219,13.369999885559082,591000,0.0,0.0
2026-03-10 00:00:00-04:00,14.319999694824219,14.510000228881836,13.75,13.829999923706055,741500,0.0,0.0
2026-03-11 00:00:00-04:00,13.739999771118164,13.859999656677246,13.220000267028809,13.479999542236328,525800,0.0,0.0
2026-03-12 00:00:00-04:00,13.229999542236328,13.3100004196167,12.270000457763672,12.479999542236328,729300,0.0,0.0
2026-03-13 00:00:00-04:00,12.380000114440918,12.699999809265137,11.920000076293945,12.180000305175781,689300,0.0,0.0
2026-03-16 00:00:00-04:00,12.369999885559082,12.5,12.25,12.279999732971191,593600,0.0,0.0
2026-03-17 00:00:00-04:00,12.3100004196167,12.390000343322754,11.960000038146973,12.010000228881836,864700,0.0,0.0
2026-03-18 00:00:00-04:00,11.829999923706055,12.039999961853027,10.739999771118164,10.890000343322754,1716000,0.0,0.0
2026-03-19 00:00:00-04:00,10.869999885559082,11.25,10.729999542236328,11.170000076293945,1235700,0.0,0.0
2026-03-20 00:00:00-04:00,11.170000076293945,11.170000076293945,10.699999809265137,10.9399995803833,2200600,0.0,0.0
2026-03-23 00:00:00-04:00,11.210000038146973,11.210000038146973,10.319999694824219,10.319999694824219,912700,0.0,0.0
2026-03-24 00:00:00-04:00,10.229999542236328,10.380000114440918,9.960000038146973,10.289999961853027,764900,0.0,0.0
2026-03-25 00:00:00-04:00,10.539999961853027,11.0,10.390000343322754,10.920000076293945,547500,0.0,0.0
2026-03-26 00:00:00-04:00,10.84000015258789,11.220000267028809,10.710000038146973,10.869999885559082,416300,0.0,0.0
2026-03-27 00:00:00-04:00,10.869999885559082,11.079999923706055,9.970000267028809,10.100000381469727,828800,0.0,0.0
2026-03-30 00:00:00-04:00,10.109999656677246,10.329999923706055,10.0,10.180000305175781,633200,0.0,0.0
2026-03-31 00:00:00-04:00,10.260000228881836,10.850000381469727,10.260000228881836,10.600000381469727,1144600,0.0,0.0
2026-04-01 00:00:00-04:00,10.789999961853027,11.350000381469727,10.649999618530273,11.329999923706055,1975000,0.0,0.0
2026-04-02 00:00:00-04:00,11.050000190734863,11.220000267028809,10.539999961853027,10.850000381469727,1289400,0.0,0.0
2026-04-06 00:00:00-04:00,10.850000381469727,11.399999618530273,10.729999542236328,11.220000267028809,1164700,0.0,0.0
2026-04-07 00:00:00-04:00,11.149999618530273,11.489999771118164,10.800000190734863,11.369999885559082,917600,0.0,0.0
2026-04-08 00:00:00-04:00,11.789999961853027,12.050000190734863,11.010000228881836,11.210000038146973,700200,0.0,0.0
2026-04-09 00:00:00-04:00,11.130000114440918,11.470000267028809,10.9399995803833,11.170000076293945,455300,0.0,0.0
2026-04-10 00:00:00-04:00,11.15999984741211,11.210000038146973,10.729999542236328,10.819999694824219,490200,0.0,0.0
2026-04-13 00:00:00-04:00,10.829999923706055,11.170000076293945,10.5600004196167,10.579999923706055,656900,0.0,0.0
2026-04-14 00:00:00-04:00,10.609999656677246,11.170000076293945,10.569999694824219,11.0,841300,0.0,0.0
2026-04-15 00:00:00-04:00,11.029999732971191,11.050000190734863,10.649999618530273,10.970000267028809,607100,0.0,0.0
2026-04-16 00:00:00-04:00,10.930000305175781,11.09000015258789,10.729999542236328,11.0,980800,0.0,0.0
2026-04-17 00:00:00-04:00,11.210000038146973,11.34000015258789,10.970000267028809,11.0,759000,0.0,0.0
2026-04-20 00:00:00-04:00,10.930000305175781,11.039999961853027,10.710000038146973,10.8100004196167,540100,0.0,0.0
2026-04-21 00:00:00-04:00,10.800000190734863,10.8100004196167,10.520000457763672,10.619999885559082,679400,0.0,0.0
2026-04-22 00:00:00-04:00,10.699999809265137,10.760000228881836,10.520000457763672,10.630000114440918,648500,0.0,0.0
2026-04-23 00:00:00-04:00,10.6899995803833,10.720000267028809,10.300000190734863,10.420000076293945,557700,0.0,0.0
2026-04-24 00:00:00-04:00,10.390000343322754,10.520000457763672,10.149999618530273,10.4399995803833,635100,0.0,0.0
2026-04-27 00:00:00-04:00,10.420000076293945,10.789999961853027,10.220000267028809,10.289999961853027,426800,0.0,0.0
2026-04-28 00:00:00-04:00,10.380000114440918,10.510000228881836,10.164999961853027,10.220000267028809,428489,0.0,0.0
