Date,Open,High,Low,Close,Volume,Dividends,Stock Splits
2022-01-04 00:00:00-05:00,89.38405270826709,93.2770016667528,89.38405270826709,93.10625457763672,984200,0.0,0.0
2022-01-05 00:00:00-05:00,93.11479402461184,94.88198569742627,92.42328622191698,92.74769592285156,897500,0.0,0.0
2022-01-06 00:00:00-05:00,92.7818279035838,93.64408263419521,91.01463656289235,92.82451629638672,500600,0.0,0.0
2022-01-07 00:00:00-05:00,92.73915450908424,93.31114910381177,91.23661923677058,92.3379135131836,363000,0.0,0.0
2022-01-10 00:00:00-05:00,91.97080334577569,92.37204428899558,90.35727453807098,92.35497283935547,1462400,0.0,0.0
2022-01-11 00:00:00-05:00,92.2866667613145,93.01232381067717,91.15976228693154,91.76589965820312,1011000,0.0,0.0
2022-01-12 00:00:00-05:00,91.7829848330622,92.61109017729831,91.12562003856502,92.35497283935547,562700,0.0,0.0
2022-01-13 00:00:00-05:00,93.00381117873764,96.14548591575031,92.58548570286585,95.48812103271484,878000,0.0,0.0
2022-01-14 00:00:00-05:00,94.33559740092592,95.49665142846563,93.48188158734287,95.39420318603516,487200,0.0,0.0
2022-01-17 00:00:00-05:00,95.40274006270836,95.88935780517939,95.0612524421436,95.76129913330078,197900,0.0,0.0
2022-01-18 00:00:00-05:00,94.71976871489217,95.17224357590618,93.81483201953391,94.77099609375,661900,0.0,0.0
2022-01-19 00:00:00-05:00,95.53080788998965,95.53080788998965,90.11824584565026,90.48534393310547,1011700,0.0,0.0
2022-01-20 00:00:00-05:00,90.44265762456378,90.5792487712,85.97772094261418,86.14846801757812,752300,0.0,0.0
2022-01-21 00:00:00-05:00,85.16670573855369,85.79845372332974,83.75807310610051,84.10809326171875,773100,0.0,0.0
2022-01-24 00:00:00-05:00,83.10069590068983,84.91057580802823,80.32611944868609,84.62031555175781,1341400,0.0,0.0
2022-01-25 00:00:00-05:00,83.39096901690804,85.04717994011237,81.77744649385583,84.039794921875,968000,0.0,0.0
2022-01-26 00:00:00-05:00,86.02894379214857,88.4364222413066,85.38012443232944,86.39604187011719,1026600,0.0,0.0
2022-01-27 00:00:00-05:00,87.804670629939,89.80236903216037,85.01302276931509,85.69599151611328,835000,0.0,0.0
2022-01-28 00:00:00-05:00,85.03011517306457,85.48258362623335,82.40920722495851,84.6971664428711,883000,0.0,0.0
2022-01-31 00:00:00-05:00,84.2788255864782,87.54855869348769,83.80927928686363,87.42903900146484,707100,0.0,0.0
2022-02-01 00:00:00-05:00,88.29129338216195,88.83767101585275,87.08755739689589,88.53887176513672,730600,0.0,0.0
2022-02-02 00:00:00-05:00,88.88033684563827,90.66459942779984,88.70105734073209,89.25597381591797,1070400,0.0,0.0
2022-02-03 00:00:00-05:00,88.39373772273045,89.29013543524513,87.26683308890135,87.35220336914062,512400,0.0,0.0
2022-02-04 00:00:00-05:00,86.4216464514796,87.24121277293382,84.64591616499507,86.6777572631836,752100,0.0,0.0
2022-02-07 00:00:00-05:00,87.29244584358847,87.36074467493056,85.96918366800934,86.66069793701172,768500,0.0,0.0
2022-02-08 00:00:00-05:00,87.13877606879821,87.82175135036877,86.08017024436535,87.57417297363281,795000,0.0,0.0
2022-02-09 00:00:00-05:00,88.78644803941677,89.95604109396737,88.04371290813258,89.4267349243164,552000,0.0,0.0
2022-02-10 00:00:00-05:00,88.81205594918276,90.13531807904367,87.93272969437261,87.97541809082031,543900,0.0,0.0
2022-02-11 00:00:00-05:00,85.12400065510705,85.68745620301229,81.87134557887012,82.3921127319336,2101100,0.0,0.0
2022-02-14 00:00:00-05:00,82.30675551575845,83.85197925686951,81.14570133584371,83.27999114990234,1329700,0.0,0.0
2022-02-15 00:00:00-05:00,84.52640737751157,87.19853561935197,84.51786839535401,86.56678771972656,1006800,0.0,0.0
2022-02-16 00:00:00-05:00,85.82405659835909,86.94242231981194,85.36304924035514,86.38751220703125,661900,0.0,0.0
2022-02-17 00:00:00-05:00,85.76430274345321,86.2423815866597,84.68861883290289,84.83375549316406,616300,0.0,0.0
2022-02-18 00:00:00-05:00,84.84226812071478,85.49963288971995,83.84342226547413,84.33003997802734,722800,0.0,0.0
2022-02-22 00:00:00-05:00,83.16899189242123,83.92026596693927,81.4359498559784,81.70059967041016,1522000,0.0,0.0
2022-02-23 00:00:00-05:00,82.56285566795496,83.57877957183713,81.70060087127065,81.76036071777344,874100,0.0,0.0
2022-02-24 00:00:00-05:00,79.59865043993433,80.86116784312526,78.06989018798977,80.8010482788086,1355200,0.573,0.0
2022-02-25 00:00:00-05:00,81.36787065826807,83.72113662404637,80.66361025492483,83.01687622070312,1014800,0.0,0.0
2022-02-28 00:00:00-05:00,81.45374967276378,82.18378116843584,80.32006210568213,80.8783187866211,944200,0.0,0.0
2022-03-01 00:00:00-05:00,80.06240361112286,80.13111353177996,74.11054269937932,74.49702453613281,2419500,0.0,0.0
2022-03-02 00:00:00-05:00,75.41601748587351,77.05643285524651,73.68972452278695,76.07733917236328,1480400,0.0,0.0
2022-03-03 00:00:00-05:00,76.13745096984438,76.58405241636996,72.16954091294777,72.44437408447266,2002600,0.0,0.0
2022-03-04 00:00:00-05:00,71.23340057053092,71.62847288885484,67.66056239214699,68.26176452636719,2559100,0.0,0.0
2022-03-07 00:00:00-05:00,67.77221839531708,68.13293574812926,62.85956912449826,63.02274703979492,2701800,0.0,0.0
2022-03-08 00:00:00-05:00,62.765079198113604,65.40176186308236,60.2572259996984,62.98837661743164,2938000,0.0,0.0
2022-03-09 00:00:00-05:00,65.65083212272381,67.33418595246813,64.77479696943972,65.47905731201172,2663200,0.0,0.0
2022-03-10 00:00:00-05:00,64.14784461129891,65.41894560008305,63.09145069467197,65.28153228759766,1222100,0.0,0.0
2022-03-11 00:00:00-05:00,66.10603245132268,66.23486193787895,63.555233517160005,63.59817886352539,1265700,0.0,0.0
2022-03-14 00:00:00-04:00,64.28526020975289,65.70237149365343,62.65343529352016,62.842384338378906,984900,0.0,0.0
2022-03-15 00:00:00-04:00,63.46935380521556,64.98093967768985,62.739328733849455,63.993255615234375,1356700,0.0,0.0
2022-03-16 00:00:00-04:00,65.93424423115859,66.87039886102077,64.94656699069084,66.4495620727539,1665800,0.0,0.0
2022-03-17 00:00:00-04:00,65.5993140374917,67.06795466304663,64.81775973440796,66.47534942626953,1014400,0.0,0.0
2022-03-18 00:00:00-04:00,66.2005040722133,68.19304617906711,65.83978676768434,67.89244842529297,2746900,0.0,0.0
2022-03-21 00:00:00-04:00,68.08999511021305,68.32188953345569,67.00783642434291,67.53173828125,777700,0.0,0.0
2022-03-22 00:00:00-04:00,67.84951312516705,69.65310646735325,67.84951312516705,69.32674407958984,1273200,0.0,0.0
2022-03-23 00:00:00-04:00,69.07767296396051,69.07767296396051,68.04705010639613,68.12434387207031,838300,0.0,0.0
2022-03-24 00:00:00-04:00,68.67401174207414,68.8973157685986,67.79798294961732,68.71695709228516,900000,0.0,0.0
2022-03-25 00:00:00-04:00,69.00896275620875,69.12061804291073,67.67774211643969,68.02986907958984,562400,0.0,0.0
2022-03-28 00:00:00-04:00,68.15009410471546,68.79423489313912,67.8580867591821,68.55375671386719,659300,0.0,0.0
2022-03-29 00:00:00-04:00,69.89358092809404,72.56461910310331,69.89358092809404,71.52540588378906,1180500,0.0,0.0
2022-03-30 00:00:00-04:00,70.4690149409285,70.8726710552028,69.28379152729714,69.54145050048828,898700,0.0,0.0
2022-03-31 00:00:00-04:00,69.76476114225088,70.33160176362645,68.65683793622077,68.93167114257812,1307100,0.0,0.0
2022-04-01 00:00:00-04:00,69.88499211304959,70.37453890956736,68.68259451821339,69.09484100341797,799200,0.0,0.0
2022-04-04 00:00:00-04:00,69.09483397765501,69.8678042494904,68.23597957617993,69.1978988647461,427100,0.0,0.0
2022-04-05 00:00:00-04:00,68.62249410037813,68.62249410037813,66.26064359759789,67.00784301757812,1030900,0.0,0.0
2022-04-06 00:00:00-04:00,66.1060328099773,66.55263427291685,65.51342110012718,66.0630874633789,913100,0.0,0.0
2022-04-07 00:00:00-04:00,65.81401159418171,66.60416263749201,65.26434529168537,66.30355834960938,691800,0.0,0.0
2022-04-08 00:00:00-04:00,66.44097827569969,67.72066952332752,65.87413121481401,66.13179016113281,533300,0.0,0.0
2022-04-11 00:00:00-04:00,65.83120825617272,68.10717432083626,65.66802378075984,66.29499053955078,691500,0.0,0.0
2022-04-12 00:00:00-04:00,66.85325490558573,67.32562766956178,65.61650844156671,65.90851593017578,715500,0.0,0.0
2022-04-13 00:00:00-04:00,65.92568248373568,66.79312093234087,65.89991789353523,66.43240356445312,1116300,0.0,0.0
2022-04-14 00:00:00-04:00,66.75875550245313,67.27406683277384,65.72812628927262,65.77965545654297,935300,0.0,0.0
2022-04-18 00:00:00-04:00,65.8999102513279,66.60417069614579,65.3416535024081,66.37227630615234,1155400,0.0,0.0
2022-04-19 00:00:00-04:00,66.88758481358062,68.94024650486618,66.56981284832283,68.880126953125,542000,0.0,0.0
2022-04-20 00:00:00-04:00,69.23226950939954,69.92793963536302,68.37341491337925,69.55863189697266,929500,0.0,0.0
2022-04-21 00:00:00-04:00,70.88126020670838,71.61987559434786,68.95742797851562,68.95742797851562,822200,0.0,0.0
2022-04-22 00:00:00-04:00,66.13179935667226,68.02986709735764,65.899911514773,67.16242218017578,1159500,0.0,0.0
2022-04-25 00:00:00-04:00,66.99064138493632,68.36480707719647,65.65941447998935,68.21880340576172,717200,0.0,0.0
2022-04-26 00:00:00-04:00,67.71207792040275,67.72066829913521,65.24716997985306,65.3759994506836,1074300,0.0,0.0
2022-04-27 00:00:00-04:00,65.73672705591123,67.74644352750514,65.73672705591123,67.16242218017578,612600,0.0,0.0
2022-04-28 00:00:00-04:00,68.51940933455833,69.26661509072981,67.05076896073687,68.6396484375,989400,0.0,0.0
2022-04-29 00:00:00-04:00,66.74156884586631,68.93164999682683,66.0201343576911,66.49250030517578,1348400,0.0,0.0
2022-05-02 00:00:00-04:00,66.14039005003283,67.41149110153849,63.76135930157593,67.17101287841797,1008400,0.0,0.0
2022-05-03 00:00:00-04:00,67.15383187582835,68.60529144781012,66.20908673410477,67.68631744384766,880700,0.0,0.0
2022-05-04 00:00:00-04:00,67.48877916120747,68.7770607389995,66.33791087772634,68.69976043701172,1378100,0.0,0.0
2022-05-05 00:00:00-04:00,67.93539134091033,68.16728573114035,65.48765726511564,66.05450439453125,735300,0.0,0.0
2022-05-06 00:00:00-04:00,66.32932912097466,66.64710105978527,64.64596870724311,66.14896392822266,663600,0.0,0.0
2022-05-09 00:00:00-04:00,64.99811387259591,66.1747469879372,64.20796924380952,64.37114715576172,625300,0.0,0.0
2022-05-10 00:00:00-04:00,65.4361311926638,67.8495104157005,63.22028484951605,64.216552734375,1194500,0.0,0.0
2022-05-11 00:00:00-04:00,64.63739060192876,65.81401705686947,62.73932296974362,62.979801177978516,793900,0.0,0.0
2022-05-12 00:00:00-04:00,62.43869262455493,64.73295424488434,62.26553644220641,64.08363342285156,1331500,0.585,0.0
2022-05-13 00:00:00-04:00,65.6333507240381,67.9622503332074,65.51214469135296,67.78044128417969,1365600,0.0,0.0
2022-05-16 00:00:00-04:00,67.78911242679504,67.78911242679504,66.14416463587672,66.65496063232422,1211200,0.0,0.0
2022-05-17 00:00:00-04:00,68.15272461244767,70.24786518934316,68.00554678961879,70.2132339477539,1140700,0.0,0.0
2022-05-18 00:00:00-04:00,69.50330520794971,70.1612855422337,68.20466346159719,68.611572265625,1182500,0.0,0.0
2022-05-19 00:00:00-04:00,68.01419063037703,70.853886011937,67.79775035306017,69.56390380859375,1038100,0.0,0.0
2022-05-20 00:00:00-04:00,70.68940021647755,71.07899009738408,66.94065279880002,68.27392578125,751700,0.0,0.0
2022-05-24 00:00:00-04:00,68.29124109018619,68.29990055165317,66.70690311388383,67.00991821289062,808100,0.0,0.0
2022-05-25 00:00:00-04:00,66.67226012216057,68.9405498394223,66.5943381931591,68.30854797363281,598200,0.0,0.0
2022-05-26 00:00:00-04:00,69.14833635223725,70.5681839234548,68.46438434088218,69.36477661132812,658300,0.0,0.0
2022-05-27 00:00:00-04:00,69.7630452712758,70.5595440606924,69.7630452712758,70.45565032958984,1392600,0.0,0.0
2022-05-30 00:00:00-04:00,70.62880108306068,71.90147111834591,70.42967309849725,71.62442779541016,255700,0.0,0.0
2022-05-31 00:00:00-04:00,70.83659148976123,72.43824862318563,70.1006956830781,71.06169128417969,2186000,0.0,0.0
2022-06-01 00:00:00-04:00,71.53785812365419,71.70235489417666,69.67647650141217,70.49894714355469,841700,0.0,0.0
2022-06-02 00:00:00-04:00,70.94045900411614,72.56808731886164,70.88850885215513,72.16117858886719,859400,0.0,0.0
2022-06-03 00:00:00-04:00,70.90583703114365,70.93180880789978,69.52062056054002,69.7110824584961,610900,0.0,0.0
2022-06-06 00:00:00-04:00,70.82791763558943,73.00097997363385,70.6980587471519,72.74990844726562,1258300,0.0,0.0
2022-06-07 00:00:00-04:00,72.09193337530641,72.10925229851541,71.07899434029734,71.94475555419922,589300,0.0,0.0
2022-06-08 00:00:00-04:00,71.99670444422745,72.96635275928477,71.5724767011561,72.31703186035156,800800,0.0,0.0
2022-06-09 00:00:00-04:00,71.65904320904477,72.49017967612284,70.94046651734203,70.96643829345703,433400,0.0,0.0
2022-06-10 00:00:00-04:00,69.69377117855782,70.9318098624608,67.78043986802292,67.81507110595703,794900,0.0,0.0
2022-06-13 00:00:00-04:00,66.05759918690865,66.52510454250852,64.36070098599428,64.40399169921875,925100,0.0,0.0
2022-06-14 00:00:00-04:00,64.87149022268139,65.75456378451719,64.04901968366534,64.19619750976562,1413000,0.0,0.0
2022-06-15 00:00:00-04:00,65.08792523861835,66.97528485962754,64.7502789096279,66.53374481201172,790000,0.0,0.0
2022-06-16 00:00:00-04:00,64.76759398257173,64.77625344413401,60.40415669315068,61.17469024658203,1909500,0.0,0.0
2022-06-17 00:00:00-04:00,62.023130071000345,63.22653757626665,61.44307166879673,61.91058349609375,2647800,0.0,0.0
2022-06-20 00:00:00-04:00,62.87157140335059,64.01437575376006,62.87157140335059,63.797935485839844,200500,0.0,0.0
2022-06-21 00:00:00-04:00,64.24812197660815,64.49919345516886,63.24384266759736,63.77195739746094,574100,0.0,0.0
2022-06-22 00:00:00-04:00,63.00143911841389,64.6723584853813,62.65513992534531,63.070701599121094,561900,0.0,0.0
2022-06-23 00:00:00-04:00,63.07069960114986,63.73733939767968,62.60318777903679,63.287139892578125,446800,0.0,0.0
2022-06-24 00:00:00-04:00,63.59881756438424,64.70699085408884,63.321774241958096,64.59444427490234,1566300,0.0,0.0
2022-06-27 00:00:00-04:00,64.77624981370398,65.49483316272195,64.08363824268342,64.85417175292969,494400,0.0,0.0
2022-06-28 00:00:00-04:00,65.12254252959556,66.62896479821883,64.54248425328855,64.61174011230469,978800,0.0,0.0
2022-06-29 00:00:00-04:00,64.54249839761125,64.62907319427818,62.767685342388226,63.43431854248047,628200,0.0,0.0
2022-06-30 00:00:00-04:00,62.031790756235154,62.04045021762455,59.824097073531334,61.19200134277344,967100,0.0,0.0
2022-07-04 00:00:00-04:00,61.17468598478298,61.52098516034307,60.715827027222446,60.99287033081055,238400,0.0,0.0
2022-07-05 00:00:00-04:00,60.18770814924057,61.91057747636229,59.20940049414451,61.85862731933594,801200,0.0,0.0
2022-07-06 00:00:00-04:00,61.71146209401518,62.109711484459346,59.33061860825698,59.694236755371094,782300,0.0,0.0
2022-07-07 00:00:00-04:00,60.53401776632682,63.37371326946076,60.53401776632682,63.32176971435547,848900,0.0,0.0
2022-07-08 00:00:00-04:00,63.46894579037214,64.0836353948506,62.70707838029317,63.0966682434082,596800,0.0,0.0
2022-07-11 00:00:00-04:00,62.836946732356076,63.1053305789404,61.33051755448885,61.48635482788086,594600,0.0,0.0
2022-07-12 00:00:00-04:00,61.48636883875187,64.7935769674756,61.48636883875187,63.91916275024414,1038100,0.0,0.0
2022-07-13 00:00:00-04:00,62.906215515439136,63.15728046501351,61.89326983425057,62.22226333618164,521500,0.0,0.0
2022-07-14 00:00:00-04:00,61.52098812215788,61.97118764043343,60.25697757585663,61.6162223815918,1037800,0.0,0.0
2022-07-15 00:00:00-04:00,62.43870083652235,63.38237738481093,61.26126506262738,63.05339050292969,744200,0.0,0.0
2022-07-18 00:00:00-04:00,64.28277925248526,65.2264559390124,63.45164916184898,63.694061279296875,442500,0.0,0.0
2022-07-19 00:00:00-04:00,64.80221676402233,67.80640882627296,64.79355730359049,67.52936553955078,1532200,0.0,0.0
2022-07-20 00:00:00-04:00,67.11380777849334,68.4470808680072,66.9926017344679,68.15272521972656,718400,0.0,0.0
2022-07-21 00:00:00-04:00,67.90164630771444,68.87130116001798,67.61594354695983,68.836669921875,594200,0.0,0.0
2022-07-22 00:00:00-04:00,68.95789206710757,69.34748202809872,67.91897449573977,68.29125213623047,674100,0.0,0.0
2022-07-25 00:00:00-04:00,68.6202294680847,68.94055686095858,67.5380280484118,68.4990234375,800700,0.0,0.0
2022-07-26 00:00:00-04:00,67.82372466373945,68.23063345713663,67.19172272928992,67.26963806152344,573600,0.0,0.0
2022-07-27 00:00:00-04:00,67.80640547786065,69.19162184306683,67.61593698916369,68.97518157958984,546500,0.0,0.0
2022-07-28 00:00:00-04:00,69.56391978898186,71.09632100334262,68.65487437856282,70.75867462158203,805700,0.0,0.0
2022-07-29 00:00:00-04:00,71.06167964345427,71.30409171839436,68.94056077726113,70.79328918457031,1042100,0.0,0.0
2022-08-02 00:00:00-04:00,70.48162577517094,71.43396181888428,69.81498592090774,70.5335693359375,636700,0.0,0.0
2022-08-03 00:00:00-04:00,71.087650902414,72.23045539394298,70.36040807767723,72.02267456054688,749900,0.0,0.0
2022-08-04 00:00:00-04:00,72.10059259886256,72.10059259886256,68.87995983694346,69.03579711914062,680200,0.0,0.0
2022-08-05 00:00:00-04:00,68.74144550462024,69.14835435448391,67.89299656179449,68.60292053222656,698300,0.0,0.0
2022-08-08 00:00:00-04:00,69.13102597200078,70.81060470369063,69.13102597200078,69.50330352783203,634300,0.0,0.0
2022-08-09 00:00:00-04:00,69.26088962558511,69.36478333790741,68.26526301617069,68.5163345336914,719600,0.0,0.0
2022-08-10 00:00:00-04:00,70.26518277878185,71.44261194429357,70.04874247688353,70.94047546386719,653100,0.0,0.0
2022-08-11 00:00:00-04:00,71.78182803839815,72.48804817892251,71.52026157424983,72.06082916259766,499700,0.575,0.0
2022-08-12 00:00:00-04:00,72.42702451174726,73.03733745642931,71.85158754274879,72.68859100341797,507600,0.0,0.0
2022-08-15 00:00:00-04:00,72.37471578913774,72.85424550067229,72.26136720218898,72.53165435791016,550000,0.0,0.0
2022-08-16 00:00:00-04:00,72.27008837593449,72.9414392895593,71.62489943388577,72.51421356201172,670100,0.0,0.0
2022-08-17 00:00:00-04:00,71.54643050386049,71.70336908182885,70.2996425377543,70.45658111572266,719300,0.0,0.0
2022-08-18 00:00:00-04:00,70.53505693887074,71.54643375806934,70.16886912425986,71.16281127929688,505100,0.0,0.0
2022-08-19 00:00:00-04:00,70.42169926496149,70.69198641398248,70.08166681636911,70.430419921875,735100,0.0,0.0
2022-08-22 00:00:00-04:00,68.86976785276784,68.86976785276784,65.72228195952796,65.86178588867188,1026300,0.0,0.0
2022-08-23 00:00:00-04:00,66.26284793730844,67.57066730449215,66.06231270749842,66.75981903076172,747200,0.0,0.0
2022-08-24 00:00:00-04:00,66.94289564101523,68.04146548803477,66.94289564101523,67.42243194580078,402800,0.0,0.0
2022-08-25 00:00:00-04:00,67.85838126479558,68.8871993133292,67.75375333290805,68.76513671875,604300,0.0,0.0
2022-08-26 00:00:00-04:00,68.93077186052103,69.17489698792991,66.98648484443545,67.0387954711914,404800,0.0,0.0
2022-08-29 00:00:00-04:00,66.2628349841671,67.73631331176897,66.2279590096302,66.96905517578125,685500,0.0,0.0
2022-08-30 00:00:00-04:00,67.67530336855889,68.53846239193032,66.58545376514047,66.99523162841797,523300,0.0,0.0
2022-08-31 00:00:00-04:00,66.92546246546759,67.37883681212207,65.89664454030488,66.14949035644531,792300,0.0,0.0
2022-09-01 00:00:00-04:00,65.39967547364363,65.52173805714932,63.95235248077337,65.36479949951172,555400,0.0,0.0
2022-09-02 00:00:00-04:00,66.43722096403765,66.62032152849834,64.39702595115497,64.64987182617188,654000,0.0,0.0
2022-09-06 00:00:00-04:00,64.76319843354587,65.30376603675141,62.356809513739854,62.705562591552734,785600,0.0,0.0
2022-09-07 00:00:00-04:00,62.61838700544407,64.57139527223465,62.33938582447399,64.4667739868164,560500,0.0,0.0
2022-09-08 00:00:00-04:00,63.57744976757346,64.2662353515625,62.82763288636577,64.2662353515625,546300,0.0,0.0
2022-09-09 00:00:00-04:00,64.98117082909711,65.87920554971278,64.4493238612139,65.8530502319336,473100,0.0,0.0
2022-09-12 00:00:00-04:00,66.54183999221983,68.56460006942488,66.51568467277647,67.7799072265625,699300,0.0,0.0
2022-09-13 00:00:00-04:00,66.15819920584909,66.62901482833107,65.03347410523844,65.46941375732422,621600,0.0,0.0
2022-09-14 00:00:00-04:00,65.67868419796358,65.79202613804463,64.05698779910674,64.86783599853516,527100,0.0,0.0
2022-09-15 00:00:00-04:00,64.75446782858458,66.76851338386219,63.98721649680448,64.06568908691406,595700,0.0,0.0
2022-09-16 00:00:00-04:00,63.33331870604331,64.49291989758477,62.984565617741346,63.490257263183594,1561800,0.0,0.0
2022-09-19 00:00:00-04:00,63.04560421941236,65.07708504130214,63.019448898841596,64.99861907958984,609000,0.0,0.0
2022-09-20 00:00:00-04:00,64.48420708063256,64.48420708063256,63.106635872916044,63.23741912841797,584600,0.0,0.0
2022-09-21 00:00:00-04:00,63.38564027739688,63.82158005001148,62.32195281982422,62.32195281982422,769700,0.0,0.0
2022-09-22 00:00:00-04:00,62.76659918014848,62.92353774581774,61.458780016875444,61.62443923950195,692100,0.0,0.0
2022-09-23 00:00:00-04:00,60.944365792316574,61.05770770921722,58.660039579455855,59.331390380859375,854500,0.0,0.0
2022-09-26 00:00:00-04:00,58.98266213077171,61.47623856668111,58.930344826272425,61.031578063964844,787100,0.0,0.0
2022-09-27 00:00:00-04:00,62.060378679822286,62.14756529326359,59.3052364620739,59.880680084228516,757900,0.0,0.0
2022-09-28 00:00:00-04:00,59.72373449109318,60.84845963229351,59.409857398111164,60.23814010620117,619600,0.0,0.0
2022-09-29 00:00:00-04:00,58.97392004586586,58.97392004586586,56.22749870039246,57.901512145996094,1092500,0.0,0.0
2022-09-30 00:00:00-04:00,58.06716512198289,58.60773272989134,57.04706784833259,57.134254455566406,911300,0.0,0.0
2022-10-03 00:00:00-04:00,57.979976467910184,59.41857871817296,57.29991164281798,58.67748260498047,868300,0.0,0.0
2022-10-04 00:00:00-04:00,60.48227346971638,61.380308144307435,60.159675712511834,60.90949249267578,816500,0.0,0.0
2022-10-05 00:00:00-04:00,59.66269928568158,60.55201322278926,59.22675964649113,60.368919372558594,790800,0.0,0.0
2022-10-06 00:00:00-04:00,59.98530630641091,61.05771425988879,59.78477111447516,60.97052764892578,720900,0.0,0.0
2022-10-07 00:00:00-04:00,60.26430690596651,60.26430690596651,57.39582286349365,57.97998046875,836300,0.0,0.0
2022-10-11 00:00:00-04:00,56.863966026976655,57.97997040812046,56.35827446304874,56.76805877685547,806200,0.0,0.0
2022-10-12 00:00:00-04:00,56.61985198899431,57.465576095563435,56.19262628136093,57.02963638305664,696200,0.0,0.0
2022-10-13 00:00:00-04:00,55.974662438103735,58.78211555253998,55.407942746539504,58.60774230957031,796600,0.0,0.0
2022-10-14 00:00:00-04:00,59.28780149492487,59.85452445724409,58.4420773798825,59.139583587646484,573800,0.0,0.0
2022-10-17 00:00:00-04:00,60.35148798967854,61.16233602866161,60.124797502459785,60.953086853027344,1662800,0.0,0.0
2022-10-18 00:00:00-04:00,62.592223957854934,63.0543189831799,60.94437239679586,61.72034454345703,640300,0.0,0.0
2022-10-19 00:00:00-04:00,61.328000439431825,61.79010215904223,60.50843823804649,61.06644058227539,729100,0.0,0.0
2022-10-20 00:00:00-04:00,60.92692719672527,62.33937415263397,60.16839641181176,60.342769622802734,517700,0.0,0.0
2022-10-21 00:00:00-04:00,60.25558843618374,61.59828356768202,60.19455714165711,61.5110969543457,535900,0.0,0.0
2022-10-24 00:00:00-04:00,62.06909417344205,62.8276249643855,61.62443383439515,62.77531433105469,929700,0.0,0.0
2022-10-25 00:00:00-04:00,62.68813364689328,64.20520202400635,62.54862974228356,63.92620086669922,965600,0.0,0.0
2022-10-26 00:00:00-04:00,63.58617587445735,65.55662552082602,63.19383273755672,64.55396270751953,751900,0.0,0.0
2022-10-27 00:00:00-04:00,64.98989261253598,65.8094613940248,64.34470370578525,64.71961212158203,490000,0.0,0.0
2022-10-28 00:00:00-04:00,64.2749504651438,66.76852608257072,64.17032254240206,66.61158752441406,467400,0.0,0.0
2022-10-31 00:00:00-04:00,66.3500232802441,67.03008817121133,65.9140835653254,66.19308471679688,865400,0.0,0.0
2022-11-01 00:00:00-04:00,67.33524134266146,67.83221227815199,66.31513750504517,66.35873413085938,343700,0.0,0.0
2022-11-02 00:00:00-04:00,66.17563789485241,66.8208266918392,64.85037767995364,64.89397430419922,871000,0.0,0.0
2022-11-03 00:00:00-04:00,63.97851356036063,66.8644391494994,63.97851356036063,66.14077758789062,1239300,0.0,0.0
2022-11-04 00:00:00-04:00,66.7423612507035,67.49217796035275,65.51300827840262,66.51567077636719,764400,0.0,0.0
2022-11-07 00:00:00-05:00,67.32653066300978,67.34396532477209,65.20786338158946,66.5679931640625,689300,0.0,0.0
2022-11-08 00:00:00-05:00,66.4895171906731,66.57670379017303,65.30376081212277,65.60891723632812,547800,0.0,0.0
2022-11-09 00:00:00-05:00,65.17299659881202,66.35003266519725,64.73705682223134,65.29505920410156,532100,0.0,0.0
2022-11-10 00:00:00-05:00,67.30037136493294,69.20978268082901,67.30037136493294,68.64306640625,808300,0.0,0.0
2022-11-11 00:00:00-05:00,69.13132848515727,72.84553713223458,68.50357416149204,72.56653594970703,1102000,0.0,0.0
2022-11-14 00:00:00-05:00,71.86029403053462,73.83074321310144,70.9884146853879,71.8079833984375,1275500,0.0,0.0
2022-11-15 00:00:00-05:00,72.79322596449676,74.5369851650485,72.58397672296631,73.45585632324219,868700,0.0,0.0
2022-11-16 00:00:00-05:00,72.54908309808644,72.86296021000953,71.9823601653413,72.13058471679688,968600,0.0,0.0
2022-11-17 00:00:00-05:00,71.04155243142688,72.19205633730017,70.89225172771195,72.10423278808594,1247100,0.6,0.0
2022-11-18 00:00:00-05:00,73.15814335737451,73.91343802285535,72.39406432587423,72.85953521728516,550500,0.0,0.0
2022-11-21 00:00:00-05:00,72.35891951525252,72.71900474655862,71.990056620139,72.4379653930664,846800,0.0,0.0
2022-11-22 00:00:00-05:00,72.62242972418021,72.72781534164187,72.01643562173662,72.6399917602539,642800,0.0,0.0
2022-11-23 00:00:00-05:00,71.57728945482211,72.6136234842742,71.57728945482211,72.11302185058594,455100,0.0,0.0
2022-11-24 00:00:00-05:00,71.97250360408022,72.3852817103728,71.55973219829583,71.59485626220703,224800,0.0,0.0
2022-11-25 00:00:00-05:00,72.09544232984383,72.45552756184898,71.48067083679447,72.28865814208984,576300,0.0,0.0
2022-11-28 00:00:00-05:00,71.79686078113204,72.25354734491056,70.56731075487026,70.89226531982422,824400,0.0,0.0
2022-11-29 00:00:00-05:00,71.26112103907516,72.40284738267061,71.19085951320605,71.87589263916016,573100,0.0,0.0
2022-11-30 00:00:00-05:00,72.0778826980097,72.78048445671651,71.4191960619122,72.74535369873047,1776600,0.0,0.0
2022-12-01 00:00:00-05:00,72.89465598422366,73.98368270350863,72.54335509721032,72.65753173828125,537200,0.0,0.0
2022-12-02 00:00:00-05:00,71.55973214215847,72.87710565456521,71.24356196314018,72.49945831298828,401800,0.0,0.0
2022-12-05 00:00:00-05:00,71.7529312978324,71.77928439283549,70.48825745848124,70.74295043945312,1222300,0.0,0.0
2022-12-06 00:00:00-05:00,70.92737199105673,71.8056207542429,69.63634523709204,70.39163970947266,531400,0.0,0.0
2022-12-07 00:00:00-05:00,70.11938309527379,70.34772966631793,69.19722584770346,69.55730438232422,510800,0.0,0.0
2022-12-08 00:00:00-05:00,69.57489245235367,69.83836315325627,68.95133641622292,69.77688598632812,429500,0.0,0.0
2022-12-09 00:00:00-05:00,69.57489245235367,70.2687100222619,69.52219965227488,69.77688598632812,288700,0.0,0.0
2022-12-12 00:00:00-05:00,69.46070740739313,71.70024494775905,69.31140669150416,71.436767578125,972600,0.0,0.0
2022-12-13 00:00:00-05:00,73.49186603994342,73.62360471113698,70.6199951703584,71.2698974609375,1029100,0.0,0.0
2022-12-14 00:00:00-05:00,69.84713787206488,71.90224389787677,69.82079147566473,71.0854721069336,648700,0.0,0.0
2022-12-15 00:00:00-05:00,70.4180115379428,70.62001177466854,68.99524561544195,69.67150115966797,804300,0.0,0.0
2022-12-16 00:00:00-05:00,69.24992468645915,70.28625866039374,68.51219882391625,68.72297668457031,1833900,0.0,0.0
2022-12-19 00:00:00-05:00,68.73175934912042,69.13575303058947,68.07307268793038,68.43315124511719,623000,0.0,0.0
2022-12-20 00:00:00-05:00,68.3541134042746,68.3541134042746,66.5976156066091,66.94013214111328,761400,0.0,0.0
2022-12-21 00:00:00-05:00,67.08063627970624,67.71297644393385,66.77325056112508,67.58123779296875,590100,0.0,0.0
2022-12-22 00:00:00-05:00,66.87866427772249,66.9752722060565,64.67425735925019,65.94771575927734,495000,0.0,0.0
2022-12-23 00:00:00-05:00,65.95649543276691,66.58005138914189,65.78084832129794,66.1936264038086,315000,0.0,0.0
2022-12-28 00:00:00-05:00,66.33414351410703,66.86109155506878,65.76328034452018,65.83354187011719,337400,0.0,0.0
2022-12-29 00:00:00-05:00,66.4658731511141,68.16089369746908,66.4658731511141,68.12576293945312,430700,0.0,0.0
2022-12-30 00:00:00-05:00,67.37047711844062,67.82717033128687,66.58005171198197,66.79961395263672,384100,0.0,0.0
2023-01-03 00:00:00-05:00,68.38925375189027,69.3553263359401,67.88865207739572,69.01280975341797,526600,0.0,0.0
2023-01-04 00:00:00-05:00,69.60122409783985,70.39164943400509,68.96009946392047,70.36530303955078,570300,0.0,0.0
2023-01-05 00:00:00-05:00,69.9437517232872,71.26112525906058,69.24993419038556,71.17330169677734,523800,0.0,0.0
2023-01-06 00:00:00-05:00,71.24355471587111,73.13178453116691,71.16450882890342,72.72779083251953,621500,0.0,0.0
2023-01-09 00:00:00-05:00,71.84075686388566,72.28865894213295,70.65511558480084,71.38406372070312,659400,0.0,0.0
2023-01-10 00:00:00-05:00,71.37527861179097,72.06909598324948,71.34015455545727,72.01640319824219,661500,0.0,0.0
2023-01-11 00:00:00-05:00,72.39405339301628,73.67629591738556,72.36770699944474,73.45673370361328,1002600,0.0,0.0
2023-01-12 00:00:00-05:00,73.67630776771975,75.42402139431302,73.5709154759749,75.08150482177734,749000,0.0,0.0
2023-01-13 00:00:00-05:00,74.39647539038744,75.69628691809153,74.29108309338167,75.34498596191406,572400,0.0,0.0
2023-01-16 00:00:00-05:00,75.30984866407631,75.50306450824033,74.9146393104738,75.1956787109375,128400,0.0,0.0
2023-01-17 00:00:00-05:00,74.88828175898286,76.64477958253642,74.88828175898286,76.59208679199219,595100,0.0,0.0
2023-01-18 00:00:00-05:00,77.28590993650049,77.52303421194581,75.63480427276721,75.69628143310547,587900,0.0,0.0
2023-01-19 00:00:00-05:00,74.9936730314326,75.21323525642228,73.78169196167225,74.64237213134766,815900,0.0,0.0
2023-01-20 00:00:00-05:00,75.07270687775795,75.75773983779015,74.79166754285995,75.11661529541016,393300,0.0,0.0
2023-01-23 00:00:00-05:00,75.52062914108856,76.96974132173479,75.43280558176323,76.90826416015625,557000,0.0,0.0
2023-01-24 00:00:00-05:00,70.435555444046,72.03396809106478,69.55730658962894,71.35771942138672,1511100,0.0,0.0
2023-01-25 00:00:00-05:00,69.5573270112586,71.98129643725508,68.92499327885466,71.86712646484375,915900,0.0,0.0
2023-01-26 00:00:00-05:00,72.58726761897202,72.98247691487927,71.62119523969338,72.62239837646484,656700,0.0,0.0
2023-01-27 00:00:00-05:00,73.22839136253259,75.13419658074133,73.22839136253259,74.70384979248047,885900,0.0,0.0
2023-01-30 00:00:00-05:00,73.57091699009825,75.46793807749864,73.42161626576811,74.61603546142578,556000,0.0,0.0
2023-01-31 00:00:00-05:00,76.10027489603459,76.10027489603459,75.02002571037548,75.86314392089844,714800,0.0,0.0
2023-02-01 00:00:00-05:00,76.5657345609736,79.21804312416049,76.003655836318,78.98091888427734,1392600,0.0,0.0
2023-02-02 00:00:00-05:00,78.77892513076567,80.57055372450746,78.31345427709644,78.75257873535156,1184900,0.0,0.0
2023-02-03 00:00:00-05:00,77.79528963332119,79.37613364242925,77.47033512620374,78.62962341308594,687600,0.0,0.0
2023-02-06 00:00:00-05:00,77.90067520613799,78.14659052800474,76.346177592255,76.80286407470703,515100,0.0,0.0
2023-02-07 00:00:00-05:00,76.5042664239613,77.30346948266603,76.00366479144074,77.06634521484375,906000,0.0,0.0
2023-02-08 00:00:00-05:00,76.64478352218825,77.59329400378377,76.24957417177735,76.70626068115234,780800,0.0,0.0
2023-02-09 00:00:00-05:00,77.32981222518309,78.3837081418455,76.27590960801385,76.38130187988281,549400,0.0,0.0
2023-02-10 00:00:00-05:00,68.47707107758758,68.51220183932736,63.20757742575947,63.374446868896484,3750700,0.0,0.0
2023-02-13 00:00:00-05:00,63.23392362910336,66.13214780897366,62.96166860208495,65.48223876953125,1724000,0.0,0.0
2023-02-14 00:00:00-05:00,65.48225353878364,66.16728679385746,64.77087388166993,65.4207763671875,1267400,0.0,0.0
2023-02-15 00:00:00-05:00,65.07823450110058,67.27385649304397,65.07823450110058,66.5624771118164,1036600,0.0,0.0
2023-02-16 00:00:00-05:00,66.07944151569882,67.5988149725328,65.73692500066524,66.67665100097656,858600,0.0,0.0
2023-02-17 00:00:00-05:00,66.36925730626433,67.20359093273873,66.22874099150827,66.99281311035156,1223900,0.0,0.0
2023-02-21 00:00:00-05:00,66.36048484314233,67.18604095458984,65.42075878669974,65.86866760253906,1155100,0.0,0.0
2023-02-22 00:00:00-05:00,66.06187745934689,66.8874334961444,65.28023654384972,66.43074035644531,627900,0.0,0.0
2023-02-23 00:00:00-05:00,66.70791795433378,66.77876297560647,65.0165285412521,65.6098403930664,1087300,0.623,0.0
2023-02-24 00:00:00-05:00,64.89256133882594,65.56557561372395,64.41436751898952,64.82171630859375,792900,0.0,0.0
2023-02-27 00:00:00-05:00,65.51244615987673,66.82304545722272,65.49473152398734,66.5042495727539,1036100,0.0,0.0
2023-02-28 00:00:00-05:00,66.59281091981391,67.46950309124082,66.15003955264453,67.34552764892578,1028000,0.0,0.0
2023-03-01 00:00:00-05:00,67.26581335209052,68.49671699388274,67.25695603459565,67.54918670654297,1341300,0.0,0.0
2023-03-02 00:00:00-05:00,66.88504712750051,67.76173261465162,66.4776982470449,67.65547180175781,575700,0.0,0.0
2023-03-03 00:00:00-05:00,68.48785859715234,69.06346261448171,68.045087315538,68.70039367675781,442100,0.0,0.0
2023-03-06 00:00:00-05:00,69.07232165321172,69.49738506686221,67.99195861816406,67.99195861816406,508800,0.0,0.0
2023-03-07 00:00:00-05:00,68.17794206370036,68.30191752208773,67.37210158418236,67.40752410888672,959600,0.0,0.0
2023-03-08 00:00:00-05:00,67.11527687644801,67.9919621902276,67.05328916246671,67.75286865234375,697300,0.0,0.0
2023-03-09 00:00:00-05:00,67.64661173917378,68.03625272040058,66.20317945459614,66.28287506103516,586900,0.0,0.0
2023-03-10 00:00:00-05:00,65.85780536826677,66.19430912289688,64.25496867358125,64.33467102050781,1083800,0.0,0.0
2023-03-13 00:00:00-04:00,62.89123311519091,63.15689860033862,61.89057239928854,62.76725769042969,1348600,0.0,0.0
2023-03-14 00:00:00-04:00,63.79448979927736,64.09557104072249,62.607859200504855,63.51997375488281,1025500,0.0,0.0
2023-03-15 00:00:00-04:00,61.97912490761551,61.97912490761551,60.6773761998981,61.72231674194336,1157600,0.0,0.0
2023-03-16 00:00:00-04:00,60.99618677503395,62.705284681313735,60.58883789013766,62.50161361694336,691700,0.0,0.0
2023-03-17 00:00:00-04:00,62.50160554576023,62.50160554576023,60.482569265631824,61.02275085449219,1539800,0.0,0.0
2023-03-20 00:00:00-04:00,61.26183863838496,61.385814064523736,60.43828373266078,60.94304275512695,822300,0.0,0.0
2023-03-21 00:00:00-04:00,61.99684726244966,62.93552037676882,61.99684726244966,62.52817153930664,578600,0.0,0.0
2023-03-22 00:00:00-04:00,62.80269031565605,63.03293332277222,61.5983516331092,61.66033935546875,492500,0.0,0.0
2023-03-23 00:00:00-04:00,62.06768006049102,62.997502529946786,61.32382748984972,62.023406982421875,374700,0.0,0.0
2023-03-24 00:00:00-04:00,61.17328796661973,61.44780402652347,60.37629822930566,61.067020416259766,692100,0.0,0.0
2023-03-27 00:00:00-04:00,61.88171139971726,61.98797893868456,60.97846096503255,61.323822021484375,763300,0.0,0.0
2023-03-28 00:00:00-04:00,61.049313937270526,61.97912968868473,60.85449346854915,61.35039520263672,796700,0.0,0.0
2023-03-29 00:00:00-04:00,61.98798757448826,62.43075891430603,61.50979371674653,61.970279693603516,523100,0.0,0.0
2023-03-30 00:00:00-04:00,62.78495940908201,62.92664268416557,62.09423739718738,62.2890510559082,608000,0.0,0.0
2023-03-31 00:00:00-04:00,62.705264697159144,64.18412586424276,62.705264697159144,64.10442352294922,847300,0.0,0.0
2023-04-03 00:00:00-04:00,63.68821955444868,64.17527066690398,63.22774039407115,63.58195877075195,612000,0.0,0.0
2023-04-04 00:00:00-04:00,63.64394881101389,63.75906691628625,62.10309982943954,62.28021240234375,440100,0.0,0.0
2023-04-05 00:00:00-04:00,61.881713753410295,61.961416099705666,60.571114503732126,61.05815887451172,609900,0.0,0.0
2023-04-06 00:00:00-04:00,61.02274733739215,61.85515283533861,60.22575760007808,61.067020416259766,1187800,0.0,0.0
2023-04-10 00:00:00-04:00,61.28840127966628,63.08605163985379,61.19984837271121,63.041778564453125,1305800,0.0,0.0
2023-04-11 00:00:00-04:00,63.48454875429976,64.4409295914422,63.48454875429976,63.83876037597656,1004000,0.0,0.0
2023-04-12 00:00:00-04:00,64.7154501225361,64.95454363443844,63.64394446520825,63.89189529418945,906300,0.0,0.0
2023-04-13 00:00:00-04:00,64.25498027013685,64.45865807690495,63.325164429208726,63.94504165649414,1185900,0.0,0.0
2023-04-14 00:00:00-04:00,63.93617122377923,64.88370150894967,63.67051250492474,64.28153228759766,412200,0.0,0.0
2023-04-17 00:00:00-04:00,64.27267864464095,64.60918237485069,63.60852174511803,64.51177215576172,1246100,0.0,0.0
2023-04-18 00:00:00-04:00,64.84829782022803,66.16775461105011,64.20184864734657,64.90142822265625,916700,0.0,0.0
2023-04-19 00:00:00-04:00,63.68822701286664,64.35238401336383,63.121480246268064,63.989315032958984,743000,0.0,0.0
2023-04-20 00:00:00-04:00,62.59900375329466,63.519968797375526,62.227070755152894,63.28086853027344,929800,0.0,0.0
2023-04-21 00:00:00-04:00,63.03292429809886,63.24545263630948,62.32448749585806,63.0063591003418,697800,0.0,0.0
2023-04-24 00:00:00-04:00,62.93551525204661,63.84762309167488,62.89123541751635,63.71479034423828,1743900,0.0,0.0
2023-04-25 00:00:00-04:00,63.466842201924116,63.81220330634771,62.79383463010886,62.81154251098633,662100,0.0,0.0
2023-04-26 00:00:00-04:00,62.86466720725748,64.13985071170498,62.59015116355432,62.71412658691406,564400,0.0,0.0
2023-04-27 00:00:00-04:00,63.041785277423955,63.236605747162706,61.55407331123784,62.39533615112305,885200,0.0,0.0
2023-04-28 00:00:00-04:00,62.501602878469484,63.20118239412476,62.12967658087687,62.55473327636719,1228800,0.0,0.0
2023-05-01 00:00:00-04:00,62.77610980084147,63.65279501925988,62.38646892325401,62.46617126464844,1283100,0.0,0.0
2023-05-02 00:00:00-04:00,62.12082147127478,62.82925157433234,61.35039689359315,62.6787109375,518000,0.0,0.0
2023-05-03 00:00:00-04:00,62.88239152336615,63.74136905756448,62.351067233434115,62.421905517578125,811400,0.0,0.0
2023-05-04 00:00:00-04:00,62.18280126299487,62.18280126299487,60.1372000581107,60.208038330078125,1663500,0.0,0.0
2023-05-05 00:00:00-04:00,62.38648970745649,64.86601233536618,62.32450197956653,64.0158920288086,956700,0.0,0.0
2023-05-08 00:00:00-04:00,64.9102806216117,65.03425605531692,63.64395432920476,64.66232299804688,931600,0.0,0.0
2023-05-09 00:00:00-04:00,64.32581062458496,64.32581062458496,62.749545958407666,62.962074279785156,724700,0.0,0.0
2023-05-10 00:00:00-04:00,63.65280907972137,63.93618248342926,62.28907246307873,62.37763214111328,751700,0.0,0.0
2023-05-11 00:00:00-04:00,62.24479611129042,63.71479345452649,62.04997563969364,63.66166305541992,709800,0.0,0.0
2023-05-12 00:00:00-04:00,63.87419208391877,63.998167520582356,62.31564180696096,63.06835174560547,896800,0.0,0.0
2023-05-15 00:00:00-04:00,63.236608152165836,63.891907865719325,62.96208531793224,63.77678298950195,861900,0.0,0.0
2023-05-16 00:00:00-04:00,63.09490581476494,63.27201161985381,61.78429988618584,61.8640022277832,616400,0.0,0.0
2023-05-17 00:00:00-04:00,62.09426332103824,62.43962447117104,61.28841613329147,62.23594665527344,2948100,0.0,0.0
2023-05-18 00:00:00-04:00,62.28864229515374,63.35180401496597,62.09209070162329,63.31606674194336,657900,0.619,0.0
2023-05-19 00:00:00-04:00,63.610886245221714,64.02186146996948,63.37860419876677,63.65555953979492,641700,0.0,0.0
2023-05-23 00:00:00-04:00,63.29820113224447,64.28095238361551,63.155258841810344,63.351810455322266,1288900,0.0,0.0
2023-05-24 00:00:00-04:00,62.01169080396773,62.77108915838412,61.16294585334728,61.92234420776367,3319400,0.0,0.0
2023-05-25 00:00:00-04:00,61.94020591706842,62.34223826814342,61.377352446138815,61.734718322753906,1033500,0.0,0.0
2023-05-26 00:00:00-04:00,62.377990608171366,62.95870944595127,61.95808611291223,62.69961929321289,741000,0.0,0.0
2023-05-29 00:00:00-04:00,62.681740065353694,62.9318941387062,62.05634806578516,62.81574630737305,546200,0.0,0.0
2023-05-30 00:00:00-04:00,63.38754061407278,63.53048972001506,61.60965371009407,61.71686553955078,1132400,0.0,0.0
2023-05-31 00:00:00-04:00,61.15401077585696,61.27908783305022,58.46484723001341,58.679264068603516,1620600,0.0,0.0
2023-06-01 00:00:00-04:00,58.84901116697128,59.41185789318428,58.28615762457025,58.59885025024414,989600,0.0,0.0
2023-06-02 00:00:00-04:00,59.501202209255084,61.538179258984485,59.483336979076995,61.39523696899414,656900,0.0,0.0
2023-06-05 00:00:00-04:00,61.86873430280314,61.92233680116348,60.778771394893006,61.08253479003906,537200,0.0,0.0
2023-06-06 00:00:00-04:00,61.35056770605348,63.36967965845974,60.82345817875992,63.182064056396484,634200,0.0,0.0
2023-06-07 00:00:00-04:00,63.53047980422133,63.88784569711106,63.05697289302211,63.46794128417969,781100,0.0,0.0
2023-06-08 00:00:00-04:00,63.771706437777915,64.20054693014781,63.02124409636609,63.17312240600586,889100,0.0,0.0
2023-06-09 00:00:00-04:00,63.164177889557806,63.771697862614104,62.69067097835858,63.46794128417969,569300,0.0,0.0
2023-06-12 00:00:00-04:00,63.5840938625396,64.89740983837196,63.30713848288661,64.52217864990234,1227300,0.0,0.0
2023-06-13 00:00:00-04:00,64.9599473050476,66.70210376499637,64.8348702442745,66.389404296875,1586300,0.0,0.0
2023-06-14 00:00:00-04:00,66.63062739276958,67.58657736898054,66.33579997919904,66.97905731201172,956800,0.0,0.0
2023-06-15 00:00:00-04:00,66.63061943077652,67.28280589247616,66.40726659558314,67.04158782958984,469000,0.0,0.0
2023-06-16 00:00:00-04:00,67.26494636341893,67.49723524023192,66.67529155678322,67.20240783691406,1942500,0.0,0.0
2023-06-19 00:00:00-04:00,67.69377745459686,67.69377745459686,66.71102629705985,66.84503936767578,135000,0.0,0.0
2023-06-20 00:00:00-04:00,66.1035102812321,66.33579916326583,64.79019437892478,65.72827911376953,901700,0.0,0.0
2023-06-21 00:00:00-04:00,65.57640339429021,65.58533941754114,64.64725464566236,65.0135498046875,696400,0.0,0.0
2023-06-22 00:00:00-04:00,64.53111480165104,64.74553165031891,62.57454146101425,62.8246955871582,846200,0.0,0.0
2023-06-23 00:00:00-04:00,62.21717446199469,62.324386292630095,61.11828216678337,61.31482696533203,971800,0.0,0.0
2023-06-26 00:00:00-04:00,61.145077087418514,62.77108552794098,61.145077087418514,62.50305938720703,370400,0.0,0.0
2023-06-27 00:00:00-04:00,63.1105923091699,64.32563258099495,62.56561071006355,64.25415802001953,1381700,0.0,0.0
2023-06-28 00:00:00-04:00,64.60257912290201,65.67467694190418,64.22734795353601,65.51386260986328,379000,0.0,0.0
2023-06-29 00:00:00-04:00,65.7282824362164,66.34473853977161,65.63894265128388,66.1124496459961,509100,0.0,0.0
2023-06-30 00:00:00-04:00,66.72890514995227,67.34535443177964,66.46087898137438,66.81824493408203,769100,0.0,0.0
2023-07-04 00:00:00-04:00,67.45255591815224,67.45255591815224,67.01478627171927,67.2560043334961,101000,0.0,0.0
2023-07-05 00:00:00-04:00,67.62231627938243,67.95287416059864,66.90758437760562,67.03266143798828,1549200,0.0,0.0
2023-07-06 00:00:00-04:00,67.99754722512851,69.66822912043963,67.22921281904436,68.89989471435547,883400,0.0,0.0
2023-07-07 00:00:00-04:00,68.52465794570925,69.8737111921169,68.31917712190655,69.01603698730469,584900,0.0,0.0
2023-07-10 00:00:00-04:00,68.8016201401488,69.43594147445194,68.59613250015744,69.01603698730469,495400,0.0,0.0
2023-07-11 00:00:00-04:00,69.17684260834893,69.6235482930687,68.67653442264292,69.35552215576172,262300,0.0,0.0
2023-07-12 00:00:00-04:00,70.15959887446816,70.40082377889597,69.51634155091175,70.07025909423828,1513400,0.0,0.0
2023-07-13 00:00:00-04:00,70.04346388823318,70.26681676618279,69.33766797596977,70.16854095458984,442700,0.0,0.0
2023-07-14 00:00:00-04:00,70.35614716250348,70.46335898343592,69.45379974750571,69.83796691894531,749900,0.0,0.0
2023-07-17 00:00:00-04:00,69.42699719716086,69.68608731409168,68.75693866529458,69.5699462890625,844200,0.0,0.0
2023-07-18 00:00:00-04:00,69.69504209026425,71.76775676725923,69.46275316151258,71.41932678222656,973400,0.0,0.0
2023-07-19 00:00:00-04:00,72.36632348614663,72.92024100863372,71.87494448908646,72.67901611328125,823100,0.0,0.0
2023-07-20 00:00:00-04:00,72.74154381510745,73.08997366438246,72.34844749213826,72.72367858886719,638700,0.0,0.0
2023-07-21 00:00:00-04:00,73.65284648154804,74.04594290782252,73.2061407300902,73.62604522705078,508900,0.0,0.0
2023-07-24 00:00:00-04:00,73.54563499141769,73.79578912281409,73.13466651609662,73.43842315673828,1148300,0.0,0.0
2023-07-25 00:00:00-04:00,73.50095849196033,74.02807480263266,73.03638752760496,73.48309326171875,701300,0.0,0.0
2023-07-26 00:00:00-04:00,73.25973462839302,74.17101125513567,73.18826008067532,74.1174087524414,671100,0.0,0.0
2023-07-27 00:00:00-04:00,74.85894125773086,75.16269785885152,74.48371010945664,74.67132568359375,458400,0.0,0.0
2023-07-28 00:00:00-04:00,75.0733519505051,75.86848747811948,75.06441592879386,75.36817932128906,607400,0.0,0.0
2023-07-31 00:00:00-04:00,75.18951351518433,75.87743735645377,75.04656440644911,75.77022552490234,505000,0.0,0.0
2023-08-01 00:00:00-04:00,75.5468619303557,76.69936339522208,75.19843204751095,75.96676635742188,376900,0.0,0.0
2023-08-02 00:00:00-04:00,75.12696433120733,75.66301664539937,74.47477780042914,74.99295806884766,594500,0.0,0.0
2023-08-03 00:00:00-04:00,74.78747134123674,75.88637041915297,74.2782270895654,75.32351684570312,585700,0.0,0.0
2023-08-04 00:00:00-04:00,77.72679668407076,77.72679668407076,71.9821607484511,72.87557220458984,739400,0.0,0.0
2023-08-08 00:00:00-04:00,72.10724228109171,72.2412553710654,70.87433684894937,71.69627380371094,898600,0.0,0.0
2023-08-09 00:00:00-04:00,71.6784052027871,71.76774498650646,70.50803154264113,71.16022491455078,466700,0.0,0.0
2023-08-10 00:00:00-04:00,71.79453715516809,72.36631987804527,70.28466978147077,70.7671127319336,540300,0.0,0.0
2023-08-11 00:00:00-04:00,70.62418278950031,70.62418278950031,68.71228269804813,68.79268646240234,1883000,0.0,0.0
2023-08-14 00:00:00-04:00,68.60506335846203,69.17684611862254,67.99754332376797,69.096435546875,481000,0.0,0.0
2023-08-15 00:00:00-04:00,68.57826910849016,68.7212114050307,68.07795403012614,68.42638397216797,692000,0.0,0.0
2023-08-16 00:00:00-04:00,68.13154750550945,68.33702828701924,67.72057912630257,67.88139343261719,530900,0.0,0.0
2023-08-17 00:00:00-04:00,68.26152762063629,68.68489792712307,66.64011776025188,66.75721740722656,1029900,0.622,0.0
2023-08-18 00:00:00-04:00,65.85643405186815,68.19847517642629,65.85643405186815,67.8832015991211,1859500,0.0,0.0
2023-08-21 00:00:00-04:00,68.18947167467032,68.279555738579,67.30670557693833,67.84717559814453,612800,0.0,0.0
2023-08-22 00:00:00-04:00,67.8291677550196,68.26154105389664,67.6940485219519,68.198486328125,630600,0.0,0.0
2023-08-23 00:00:00-04:00,67.93724736051978,69.15330652916681,67.85617995641934,68.97315216064453,524400,0.0,0.0
2023-08-24 00:00:00-04:00,68.9731534170529,69.25239475508367,68.57680555214567,68.802001953125,847000,0.0,0.0
2023-08-25 00:00:00-04:00,68.99116888385508,70.04509330594597,68.90109169432527,69.29743957519531,679300,0.0,0.0
2023-08-28 00:00:00-04:00,69.82888623732163,70.49547242972142,69.64873189326356,69.77484130859375,1314400,0.0,0.0
2023-08-29 00:00:00-04:00,69.63973401511682,71.2071059405518,69.54064704721752,71.1800765991211,395400,0.0,0.0
2023-08-30 00:00:00-04:00,71.4773228835288,71.94573515823889,71.08998487163093,71.39625549316406,329000,0.0,0.0
2023-08-31 00:00:00-04:00,71.51337761598747,72.07186723533681,71.39627794670679,71.59445190429688,512300,0.0,0.0
2023-09-01 00:00:00-04:00,71.87367687966196,72.74743992653174,71.79260260984975,72.21597290039062,432400,0.0,0.0
2023-09-05 00:00:00-04:00,72.07185341595044,72.17994328303784,71.47733165717652,72.08085632324219,542700,0.0,0.0
2023-09-06 00:00:00-04:00,72.06285087296794,73.54914854671271,72.06285087296794,73.12577819824219,603500,0.0,0.0
2023-09-07 00:00:00-04:00,72.72041597658914,72.72041597658914,70.92784789482207,71.11701202392578,522100,0.0,0.0
2023-09-08 00:00:00-04:00,71.27017221493533,71.61246833162083,70.2252574285533,70.42343139648438,324200,0.0,0.0
2023-09-11 00:00:00-04:00,70.68464446348301,70.81976367287245,69.6487396880952,70.40540313720703,325300,0.0,0.0
2023-09-12 00:00:00-04:00,70.12614630756298,71.97275923956332,70.02705935770261,71.02693176269531,310300,0.0,0.0
2023-09-13 00:00:00-04:00,70.7567079302512,71.09900396627651,67.5228842216224,68.04534149169922,808700,0.0,0.0
2023-09-14 00:00:00-04:00,68.35161558322433,68.81101820873876,66.55905398702994,68.75697326660156,932400,0.0,0.0
2023-09-15 00:00:00-04:00,68.74796282049013,69.8108901977539,68.3516149221191,69.8108901977539,1724600,0.0,0.0
2023-09-18 00:00:00-04:00,69.31545686348436,69.33347642605541,68.14443957699689,68.36062622070312,328900,0.0,0.0
2023-09-19 00:00:00-04:00,68.01831978514055,68.55878974844072,67.57692991111594,68.2885513305664,615600,0.0,0.0
2023-09-20 00:00:00-04:00,68.57680101709045,68.95513616877709,67.08150058714678,67.18959045410156,373500,0.0,0.0
2023-09-21 00:00:00-04:00,66.27981542366986,66.58607927198908,65.40605216913018,65.4150619506836,438600,0.0,0.0
2023-09-22 00:00:00-04:00,65.68528542541016,66.10865576423888,64.56831318660274,64.76648712158203,518000,0.0,0.0
2023-09-25 00:00:00-04:00,64.13592302950717,66.1987225906157,63.9918009272733,65.96452331542969,438400,0.0,0.0
2023-09-26 00:00:00-04:00,65.31597290500777,65.79338822549283,64.19899369100364,64.28907775878906,1088900,0.0,0.0
2023-09-27 00:00:00-04:00,64.70343064248517,64.76648535894901,63.55042618574723,63.865699768066406,462600,0.0,0.0
2023-09-28 00:00:00-04:00,63.95577954548832,65.67628339260018,63.505386731787695,65.21688079833984,1424100,0.0,0.0
2023-09-29 00:00:00-04:00,65.69429333168783,66.33385027568069,65.18084582045702,65.56818389892578,504400,0.0,0.0
2023-10-02 00:00:00-04:00,65.41505739093874,66.05461438765724,64.97366746743435,65.0817642211914,447200,0.0,0.0
2023-10-03 00:00:00-04:00,64.56831038910147,64.89259374639057,63.7395893082287,64.27104949951172,317300,0.0,0.0
2023-10-04 00:00:00-04:00,64.2980725759422,65.22588750124405,64.20799539194212,65.12680053710938,322800,0.0,0.0
2023-10-05 00:00:00-04:00,65.14481553155434,65.57719565149237,64.0188335105634,64.55030059814453,330100,0.0,0.0
2023-10-06 00:00:00-04:00,63.95577063948697,66.87431374156687,63.85668368447503,66.67613983154297,463400,0.0,0.0
2023-10-10 00:00:00-04:00,66.2167412308748,66.41491513209138,65.49611011235048,66.1536865234375,378000,0.0,0.0
2023-10-11 00:00:00-04:00,66.41491118809925,67.02744554073581,66.41491118809925,66.89232635498047,1182500,0.0,0.0
2023-10-12 00:00:00-04:00,66.32483959724264,66.37889140515766,64.84755179993854,65.11779022216797,499700,0.0,0.0
2023-10-13 00:00:00-04:00,65.1988561402125,65.37901737507777,64.02783903960608,64.23501586914062,294600,0.0,0.0
2023-10-16 00:00:00-04:00,64.48723429424368,65.62222601273517,64.36112486690556,65.07274627685547,282900,0.0,0.0
2023-10-17 00:00:00-04:00,65.05474448680401,66.12668167118284,64.99168976257288,65.57720184326172,475800,0.0,0.0
2023-10-18 00:00:00-04:00,64.87457660915807,64.87457660915807,63.20812460512637,63.478363037109375,922800,0.0,0.0
2023-10-19 00:00:00-04:00,63.70355775938725,63.775622255675145,62.163215231588865,62.36138916015625,829300,0.0,0.0
2023-10-20 00:00:00-04:00,62.42444433135416,63.64951328738425,62.34337005432712,62.91987228393555,638200,0.0,0.0
2023-10-23 00:00:00-04:00,62.42443963969343,63.478357054694555,62.217255945038985,62.46947479248047,524300,0.0,0.0
2023-10-24 00:00:00-04:00,62.73070178866382,63.10002714313627,62.19924164143524,62.83879852294922,648500,0.0,0.0
2023-10-25 00:00:00-04:00,62.48749781290481,62.67666195896423,61.388538311794164,62.02809524536133,484300,0.0,0.0
2023-10-26 00:00:00-04:00,62.973931150247935,63.397294653462374,61.21739492392644,61.61374282836914,526500,0.0,0.0
2023-10-27 00:00:00-04:00,61.49663494975699,61.667786427027636,59.316735267722585,59.550941467285156,791700,0.0,0.0
2023-10-30 00:00:00-04:00,60.17248578162651,60.34363038644786,58.91138446333867,59.550941467285156,829800,0.0,0.0
2023-10-31 00:00:00-04:00,59.4608508283842,60.55981020191919,59.25366714630476,60.028343200683594,899200,0.0,0.0
2023-11-01 00:00:00-04:00,60.42470593446933,60.5418056004749,59.40681370303457,60.226531982421875,1056200,0.0,0.0
2023-11-02 00:00:00-04:00,61.04622941206723,61.04622941206723,58.01959649929396,60.68592071533203,928600,0.0,0.0
2023-11-03 00:00:00-04:00,65.7573434098794,69.6577463875516,65.72131116413911,65.87444305419922,1335000,0.0,0.0
2023-11-06 00:00:00-05:00,66.21674167548849,67.15355938688133,65.46908808767772,65.73932647705078,725000,0.0,0.0
2023-11-07 00:00:00-05:00,65.30695979396332,65.6402529594073,64.63137055471542,65.47811126708984,1046600,0.0,0.0
2023-11-08 00:00:00-05:00,65.70329804001027,65.70329804001027,64.0188266432206,64.37013244628906,1029800,0.0,0.0
2023-11-09 00:00:00-05:00,64.37013067480177,65.8023831861209,64.37013067480177,64.53227233886719,2087800,0.0,0.0
2023-11-10 00:00:00-05:00,64.56832116835447,65.68529354523885,64.49625666082653,65.4150619506836,870100,0.0,0.0
2023-11-13 00:00:00-05:00,65.27091895079577,65.62222475916222,64.6313620465274,65.243896484375,273100,0.0,0.0
2023-11-14 00:00:00-05:00,66.28881525151387,68.37864463798594,66.27981234282863,67.89221954345703,5331400,0.0,0.0
2023-11-15 00:00:00-05:00,68.23451360066731,69.27942826283268,68.23451360066731,68.91010284423828,2512800,0.0,0.0
2023-11-16 00:00:00-05:00,68.89101381909066,69.67211223865581,67.69211969850136,68.24615478515625,560200,0.629,0.0
2023-11-17 00:00:00-05:00,68.54589115910017,69.86285593169343,68.50047571338696,69.83560943603516,4312300,0.0,0.0
2023-11-20 00:00:00-05:00,69.70844601743542,70.28064314487541,69.4359672351745,70.04450225830078,2147400,0.0,0.0
2023-11-21 00:00:00-05:00,69.49048580463284,69.59039425632163,67.27434477360916,67.6648941040039,779200,0.0,0.0
2023-11-22 00:00:00-05:00,67.98277002438475,68.44598122874153,67.51955882002797,67.61038970947266,1232700,0.0,0.0
2023-11-23 00:00:00-05:00,67.95552075576364,68.25524604808048,67.39240113954023,67.4923095703125,73200,0.0,0.0
2023-11-24 00:00:00-05:00,67.38333770165832,68.06452791075903,67.21076729793677,67.6648941040039,301700,0.0,0.0
2023-11-27 00:00:00-05:00,67.2107557005835,67.31974860982572,66.70213598296772,67.07451629638672,1492100,0.0,0.0
2023-11-28 00:00:00-05:00,66.77479641272164,67.02911322159476,65.86654288359122,66.31159210205078,673400,0.0,0.0
2023-11-29 00:00:00-05:00,67.74662199301396,68.17350222626925,66.72938255658327,66.96553039550781,508000,0.0,0.0
2023-11-30 00:00:00-05:00,67.58313932935528,67.59221687423874,66.39332265438213,66.44782257080078,1564600,0.0,0.0
2023-12-01 00:00:00-05:00,66.29341822030648,68.30065753886198,65.77571402438424,68.2552490234375,1249300,0.0,0.0
2023-12-04 00:00:00-05:00,67.83745344752228,69.70845336605545,67.75570703245704,68.90010833740234,839600,0.0,0.0
2023-12-05 00:00:00-05:00,68.36423995861294,69.05451457967743,67.5014018793507,67.52864837646484,935600,0.0,0.0
2023-12-06 00:00:00-05:00,68.19166610682649,69.27248292769123,67.86469433244392,67.91010284423828,443800,0.0,0.0
2023-12-07 00:00:00-05:00,68.00093897404328,68.04634748934164,67.16534052535043,67.61038970947266,858800,0.0,0.0
2023-12-08 00:00:00-05:00,67.29250124277246,68.2280082067738,67.09269128531179,67.782958984375,692600,0.0,0.0
2023-12-11 00:00:00-05:00,67.3742478668216,68.40057187231366,67.18351545497394,67.81929016113281,1653100,0.0,0.0
2023-12-12 00:00:00-05:00,67.49232370028234,68.09177441041504,66.45691513680327,67.6648941040039,1163800,0.0,0.0
2023-12-13 00:00:00-05:00,67.101767586692,67.3560843930983,64.94012670292182,67.3106689453125,779400,0.0,0.0
2023-12-14 00:00:00-05:00,68.02818643221343,71.7883552515818,67.91010904603326,71.334228515625,1245300,0.0,0.0
2023-12-15 00:00:00-05:00,71.10714834101357,71.61576794765396,68.7547688014569,68.82743072509766,2437300,0.0,0.0
2023-12-18 00:00:00-05:00,68.90010436522796,69.5540479303532,68.49139310173648,69.41780853271484,576400,0.0,0.0
2023-12-19 00:00:00-05:00,68.60946116497352,70.50770740327836,68.52771475746356,70.44412994384766,675300,0.0,0.0
2023-12-20 00:00:00-05:00,70.41689090026316,71.59762319107914,69.73570079312104,69.79927825927734,1317700,0.0,0.0
2023-12-21 00:00:00-05:00,70.47138998302012,71.2706575459876,70.1625871005461,71.00726318359375,373100,0.0,0.0
2023-12-22 00:00:00-05:00,70.83467798931682,71.47045950240978,70.55312166360926,71.07991027832031,622600,0.0,0.0
2023-12-27 00:00:00-05:00,70.85285207730026,72.38779566335177,70.85285207730026,71.49771118164062,861200,0.0,0.0
2023-12-28 00:00:00-05:00,71.16165320889606,71.71568834273707,71.01633626675708,71.56128692626953,223200,0.0,0.0
2023-12-29 00:00:00-05:00,71.29789486598958,71.96092292451786,70.85285262171442,71.10716247558594,431600,0.0,0.0
2024-01-02 00:00:00-05:00,70.6893684184753,71.93367122320346,70.40780513401192,71.65211486816406,338400,0.0,0.0
2024-01-03 00:00:00-05:00,69.50863193862061,69.68120230289348,67.10175903077823,67.62854766845703,639600,0.0,0.0
2024-01-04 00:00:00-05:00,67.01093881697416,67.93736122176975,66.33883320035457,67.68304443359375,411800,0.0,0.0
2024-01-05 00:00:00-05:00,67.39240475773391,68.6821299525584,67.21075683535393,68.01001739501953,532800,0.0,0.0
2024-01-08 00:00:00-05:00,68.09176119774001,69.50863434032027,67.89194433313536,69.49954986572266,388600,0.0,0.0
2024-01-09 00:00:00-05:00,68.9455140935547,69.58128865727755,68.40964102176856,68.42780303955078,349900,0.0,0.0
2024-01-10 00:00:00-05:00,68.90918581302942,69.38147451741898,68.34606622792127,69.00909423828125,441200,0.0,0.0
2024-01-11 00:00:00-05:00,68.90919163627217,69.31790291635126,68.16442408563607,69.1816635131836,611500,0.0,0.0
2024-01-12 00:00:00-05:00,69.35422883616222,69.90826395379403,67.55588409001871,67.58313751220703,460400,0.0,0.0
2024-01-15 00:00:00-05:00,67.05634888882751,67.36515171273491,66.21167296597861,66.6203842163086,236000,0.0,0.0
2024-01-16 00:00:00-05:00,66.30250928469286,67.41966420240921,65.69398106801856,67.35608673095703,684000,0.0,0.0
2024-01-17 00:00:00-05:00,65.87561703400988,66.33882820150318,65.04002558123943,66.1935043334961,425400,0.0,0.0
2024-01-18 00:00:00-05:00,66.92918830318474,67.19258259332415,65.83928017887447,66.12992095947266,700600,0.0,0.0
2024-01-19 00:00:00-05:00,66.07542982097,66.85652823987414,65.30341587561303,66.56588745117188,492800,0.0,0.0
2024-01-22 00:00:00-05:00,66.49322932884297,68.33698258737411,66.44782081735319,68.19166564941406,664700,0.0,0.0
2024-01-23 00:00:00-05:00,68.8546857880901,69.25431948845532,67.93735487323106,68.50955200195312,837900,0.0,0.0
2024-01-24 00:00:00-05:00,68.96368106850981,69.27248389896565,67.41056858312797,67.59221649169922,1063300,0.0,0.0
2024-01-25 00:00:00-05:00,67.43781186812683,68.02817793703211,67.18350203645643,67.75569915771484,656800,0.0,0.0
2024-01-26 00:00:00-05:00,68.10084299304701,69.0000119189682,67.98276561619497,68.05542755126953,330800,0.0,0.0
2024-01-29 00:00:00-05:00,67.82837248426095,69.11809080692565,67.82837248426095,68.91827392578125,1328500,0.0,0.0
2024-01-30 00:00:00-05:00,69.0454251416902,69.73569971314286,68.54588989517661,69.36331939697266,433500,0.0,0.0
2024-01-31 00:00:00-05:00,69.01817885213991,70.50771398010605,68.76386899069554,69.39965057373047,742900,0.0,0.0
2024-02-01 00:00:00-05:00,69.77202092705315,70.70752075352324,68.93642952180055,69.96275329589844,700600,0.0,0.0
2024-02-02 00:00:00-05:00,69.68120148009118,70.02633527513801,68.90010300707998,69.66303253173828,562300,0.0,0.0
2024-02-05 00:00:00-05:00,69.05451259386153,70.0263435630577,68.86378019012295,69.77203369140625,939600,0.0,0.0
2024-02-06 00:00:00-05:00,69.63578928146698,71.74293697600395,69.57221181811808,71.57037353515625,948300,0.0,0.0
2024-02-07 00:00:00-05:00,71.7792813110885,72.64212639369366,71.04359810828392,71.5976333618164,644800,0.0,0.0
2024-02-08 00:00:00-05:00,71.84284175386348,71.90641921397835,70.53496158443986,71.66119384765625,1558000,0.0,0.0
2024-02-09 00:00:00-05:00,68.16442601319838,69.17258792395452,65.67580650460577,66.82929229736328,1332800,0.0,0.0
2024-02-12 00:00:00-05:00,65.84837642928822,68.09176360393182,65.84837642928822,67.97368621826172,1895400,0.0,0.0
2024-02-13 00:00:00-05:00,66.52956327896011,66.83836611686195,65.57589441240691,66.42057037353516,1113200,0.0,0.0
2024-02-14 00:00:00-05:00,67.30157835548782,67.80112051805025,66.52956431923808,66.60222625732422,1364500,0.0,0.0
2024-02-15 00:00:00-05:00,66.99277273614236,68.30065292036674,66.98368826190216,68.05542755126953,4143100,0.0,0.0
2024-02-16 00:00:00-05:00,68.0281900578967,68.1008520025842,66.80204919134879,67.3106689453125,2974700,0.0,0.0
2024-02-20 00:00:00-05:00,67.63763092504226,67.63763092504226,65.88470160871498,66.69304656982422,3327000,0.0,0.0
2024-02-21 00:00:00-05:00,66.61128848986858,67.12899948265272,66.03000697765249,66.71119689941406,2751600,0.0,0.0
2024-02-22 00:00:00-05:00,67.19774197864842,68.01321054983973,66.95035766365216,67.46345520019531,1613300,0.641,0.0
2024-02-23 00:00:00-05:00,67.53675649077935,67.92157964116531,67.06030977941049,67.22523498535156,4209100,0.0,0.0
2024-02-26 00:00:00-05:00,67.03281426011037,67.63753527239618,65.66759752322905,65.9791259765625,1394700,0.0,0.0
2024-02-27 00:00:00-05:00,66.17154137439437,68.29723997865628,66.17154137439437,67.85743713378906,3625100,0.0,0.0
2024-02-28 00:00:00-05:00,67.61005697963805,68.41635408910174,67.34434376403046,68.24227142333984,1517500,0.0,0.0
2024-02-29 00:00:00-05:00,68.67291164891027,68.93862489855677,67.65587393111625,68.51715087890625,2005100,0.0,0.0
2024-03-01 00:00:00-05:00,68.91112844694132,68.91112844694132,66.72129256164642,67.11528015136719,610800,0.0,0.0
2024-03-04 00:00:00-05:00,66.97783551772619,67.59172099096165,66.7945884180952,67.39015197753906,945500,0.0,0.0
2024-03-05 00:00:00-05:00,67.43596710168002,67.57340593556707,66.81291711309761,67.35350799560547,3095300,0.0,0.0
2024-03-06 00:00:00-05:00,67.69251801085582,67.87577212532861,66.74878204021748,67.1794204711914,1155100,0.0,0.0
2024-03-07 00:00:00-05:00,67.36266409004284,67.86660414058356,67.19773889081401,67.48178100585938,472000,0.0,0.0
2024-03-08 00:00:00-05:00,67.64670071319395,68.41634692015863,67.28019952350321,67.39015197753906,501600,0.0,0.0
2024-03-11 00:00:00-04:00,66.72128767967824,67.27103597639578,66.55636249162009,66.85872650146484,498800,0.0,0.0
2024-03-12 00:00:00-04:00,67.03281625681247,67.18857699290449,66.14405313021967,66.2906494140625,888800,0.0,0.0
2024-03-13 00:00:00-04:00,66.03410400908147,67.02365518909883,66.01578209408673,66.55636596679688,825400,0.0,0.0
2024-03-14 00:00:00-04:00,66.44641660393451,66.45558105707383,64.3848550446491,64.55894470214844,779100,0.0,0.0
2024-03-15 00:00:00-04:00,64.46731727322077,65.63095109661846,64.46731727322077,65.14533996582031,2225800,0.0,0.0
2024-03-18 00:00:00-04:00,65.42939129312809,65.78672809974877,64.91628673225397,65.13618469238281,442000,0.0,0.0
2024-03-19 00:00:00-04:00,65.20032908994136,66.07076346982058,65.20032908994136,65.42022705078125,585600,0.0,0.0
2024-03-20 00:00:00-04:00,65.45687449198724,68.04069811717463,65.4385455851139,67.90325927734375,667700,0.0,0.0
2024-03-21 00:00:00-04:00,68.03152536604587,69.57082480546043,67.88492209065929,69.24097442626953,721000,0.0,0.0
2024-03-22 00:00:00-04:00,69.25014316912386,69.57082911586463,68.18729032800663,68.37054443359375,441800,0.0,0.0
2024-03-25 00:00:00-04:00,67.48178786645202,68.39803751300146,66.3639621791929,66.67548370361328,954500,0.0,0.0
2024-03-26 00:00:00-04:00,66.48306899852282,67.2710442168324,66.34563715033023,66.61134338378906,682700,0.0,0.0
2024-03-27 00:00:00-04:00,67.05113697488176,67.80246126605059,66.51054614868355,67.79329681396484,554700,0.0,0.0
2024-03-28 00:00:00-04:00,67.75665030666758,68.06817878354289,67.26188170942129,67.61005401611328,1333600,0.0,0.0
2024-04-01 00:00:00-04:00,66.98700335179521,67.32601819269996,66.04326745923477,66.3181381225586,413500,0.0,0.0
2024-04-02 00:00:00-04:00,65.5118400627327,65.9241495466762,64.84297484364612,65.55765533447266,494700,0.0,0.0
2024-04-03 00:00:00-04:00,65.0537164112143,65.3560804328004,64.66889328761151,65.14533996582031,448400,0.0,0.0
2024-04-04 00:00:00-04:00,65.90582078669418,66.2081847717421,64.74218710391196,64.94375610351562,552000,0.0,0.0
2024-04-05 00:00:00-04:00,64.68721949547866,65.31026949475057,64.50397237410498,64.96209716796875,403400,0.0,0.0
2024-04-08 00:00:00-04:00,65.36523656353619,66.27232860981792,65.19115391045936,65.3560791015625,464400,0.0,0.0
2024-04-09 00:00:00-04:00,65.22781737404694,66.11658068781003,65.17283763940209,65.81421661376953,547300,0.0,0.0
2024-04-10 00:00:00-04:00,64.89796144839401,65.20032549690512,63.349497373076325,63.4777717590332,645200,0.0,0.0
2024-04-11 00:00:00-04:00,63.880913248639786,64.38484625563899,63.16623979078114,64.28406524658203,707800,0.0,0.0
2024-04-12 00:00:00-04:00,64.01835969785547,64.01835969785547,62.909698561762475,62.92802047729492,512500,0.0,0.0
2024-04-15 00:00:00-04:00,63.074621808367404,63.3586639500174,62.25000272541511,62.680641174316406,679500,0.0,0.0
2024-04-16 00:00:00-04:00,62.295806210614266,62.543197508772074,61.205473977492936,61.75522232055664,690600,0.0,0.0
2024-04-17 00:00:00-04:00,61.96595111958529,61.99344447652391,60.197589306362495,60.36251449584961,1054900,0.0,0.0
2024-04-18 00:00:00-04:00,60.81148398866274,60.81148398866274,59.840254730719565,60.35335922241211,1156800,0.0,0.0
2024-04-19 00:00:00-04:00,60.01435035214623,60.985572716327376,59.968535074789436,60.88478469848633,441700,0.0,0.0
2024-04-22 00:00:00-04:00,61.26044543335611,62.04842060509037,60.857293394674585,61.901817321777344,808200,0.0,0.0
2024-04-23 00:00:00-04:00,61.96596019807736,62.39659864429829,61.5903014833597,62.277488708496094,1095500,0.0,0.0
2024-04-24 00:00:00-04:00,62.38742599291339,62.982989574527,61.5628070234489,61.77354049682617,1018700,0.0,0.0
2024-04-25 00:00:00-04:00,61.16881920511756,61.16881920511756,60.38084406779597,60.96724319458008,1064600,0.0,0.0
2024-04-26 00:00:00-04:00,61.0497112789013,61.80103570755776,61.0497112789013,61.52616500854492,505400,0.0,0.0
2024-04-29 00:00:00-04:00,61.736895066453144,62.32329424680211,61.562812397256494,61.84684753417969,1474000,0.0,0.0
2024-04-30 00:00:00-04:00,61.269613325272786,61.333750517714975,60.197595979553846,60.28922653198242,1165300,0.0,0.0
2024-05-01 00:00:00-04:00,60.15178896921508,60.69237288977169,59.70282861260013,60.06016540527344,1679500,0.0,0.0
2024-05-02 00:00:00-04:00,60.97641270431254,61.07720071794052,60.307547431184034,60.65571975708008,897400,0.0,0.0
2024-05-03 00:00:00-04:00,58.50252612397911,59.556214392078516,57.632091940574,58.53917694091797,1042400,0.0,0.0
2024-05-06 00:00:00-04:00,58.83238386709555,59.657009875605866,57.57712293877627,58.31928634643555,1815200,0.0,0.0
2024-05-07 00:00:00-04:00,58.59416580200195,58.924012739939464,58.236828997825036,58.59416580200195,889400,0.0,0.0
2024-05-08 00:00:00-04:00,57.971107096515155,59.40045759481545,57.723719308623885,59.22636795043945,1263800,0.0,0.0
2024-05-09 00:00:00-04:00,59.30883774560903,59.50124931646956,58.12687146616863,58.13603591918945,2724700,0.0,0.0
2024-05-10 00:00:00-04:00,58.26431060487201,58.924007922021964,58.07189903300388,58.740760803222656,2180200,0.0,0.0
2024-05-13 00:00:00-04:00,59.20804558983631,59.50124515211717,58.548344827097125,58.82321548461914,1214200,0.0,0.0
2024-05-14 00:00:00-04:00,58.759088814788,59.49209134688827,58.69495161751149,59.455440521240234,2975100,0.0,0.0
2024-05-15 00:00:00-04:00,59.94104838180239,60.170110786493254,59.281347537823926,59.95937728881836,4084700,0.0,0.0
2024-05-16 00:00:00-04:00,60.13149741818976,60.45538063234378,59.53924474929082,60.39985275268555,2657700,0.646,0.0
2024-05-17 00:00:00-04:00,60.418362984474854,60.418362984474854,59.29864843597705,59.8076057434082,1866800,0.0,0.0
2024-05-21 00:00:00-04:00,59.7983597656533,59.7983597656533,58.66938934149156,58.7526741027832,3226400,0.0,0.0
2024-05-22 00:00:00-04:00,58.43803844383978,58.95625155653697,58.23445270381613,58.410274505615234,2643800,0.0,0.0
2024-05-23 00:00:00-04:00,58.47506062110733,58.57685350761561,56.88340126408642,56.920413970947266,1963000,0.0,0.0
2024-05-24 00:00:00-04:00,56.89264837359024,57.373848819555285,56.596525565313655,57.34608840942383,1666400,0.0,0.0
2024-05-27 00:00:00-04:00,57.44787967333349,58.24370749193845,57.44787967333349,57.95684051513672,432300,0.0,0.0
2024-05-28 00:00:00-04:00,57.373853346974286,57.531167056882715,56.89265286303731,57.225791931152344,1408300,0.0,0.0
2024-05-29 00:00:00-04:00,56.633540495608415,56.642792788751876,55.772932500714475,56.0598030090332,2008500,0.0,0.0
2024-05-30 00:00:00-04:00,56.23562618617965,56.55950940500711,56.04129625488317,56.46697235107422,993900,0.0,0.0
2024-05-31 00:00:00-04:00,56.14308697179263,57.07772747760211,55.85621997956515,57.05921936035156,2507000,0.0,0.0
2024-06-03 00:00:00-04:00,57.262809881630076,57.4663921281898,56.29115659058584,56.98519515991211,1379900,0.0,0.0
2024-06-04 00:00:00-04:00,56.60577943388497,57.2535494187894,56.328164734658046,56.36518096923828,1311400,0.0,0.0
2024-06-05 00:00:00-04:00,56.51323941247689,56.58727187775318,55.7451720005777,56.33741760253906,848400,0.0,0.0
2024-06-06 00:00:00-04:00,55.939501983948645,56.263385194707496,55.643379182665626,55.874725341796875,607000,0.0,0.0
2024-06-07 00:00:00-04:00,55.52307651063505,55.78218307139813,55.282478065649634,55.69889831542969,826700,0.0,0.0
2024-06-10 00:00:00-04:00,55.22696062974758,55.85622252468933,54.89382156418282,55.587860107421875,984500,0.0,0.0
2024-06-11 00:00:00-04:00,55.21770342863183,55.22695925247924,54.4959044912837,54.8105354309082,1199300,0.0,0.0
2024-06-12 00:00:00-04:00,55.680391874842186,56.23562477469046,54.83829199696478,55.04187774658203,1495600,0.0,0.0
2024-06-13 00:00:00-04:00,55.15292306568077,55.189939298451215,54.25530236640205,54.301570892333984,1647600,0.0,0.0
2024-06-14 00:00:00-04:00,53.6723031005585,53.75558785002046,52.524824722422785,53.6445426940918,842200,0.0,0.0
2024-06-17 00:00:00-04:00,53.589022765328416,54.49589926191437,53.440961368540144,54.44963073730469,1747000,0.0,0.0
2024-06-18 00:00:00-04:00,54.33859029952979,54.84755117463873,53.50574266385156,53.774105072021484,819400,0.0,0.0
2024-06-19 00:00:00-04:00,53.61678415093724,54.042463763263456,53.21886847793239,53.265140533447266,360300,0.0,0.0
2024-06-20 00:00:00-04:00,53.514994645936724,53.82962203009296,53.04304650957797,53.17259979248047,538900,0.0,0.0
2024-06-21 00:00:00-04:00,53.339165579033576,53.81111368240124,53.06155091649717,53.54275131225586,2552800,0.0,0.0
2024-06-24 00:00:00-04:00,53.727832669860646,54.77351475585819,53.67230832146433,53.820369720458984,1235600,0.0,0.0
2024-06-25 00:00:00-04:00,53.82037287509961,53.82037287509961,52.635881613714304,52.691402435302734,1003200,0.0,0.0
2024-06-26 00:00:00-04:00,52.25647104112777,52.75617605709782,51.756762495095515,52.70990753173828,2150800,0.0,0.0
2024-06-27 00:00:00-04:00,52.82096170803032,53.05230788888876,52.43229828855559,52.700660705566406,1044100,0.0,0.0
2024-06-28 00:00:00-04:00,52.98752530083748,53.20036688400276,52.58035731186623,53.06155776977539,805300,0.0,0.0
2024-07-02 00:00:00-04:00,52.811705488083106,54.32008356439085,52.68215219258352,53.76485061645508,813700,0.0,0.0
2024-07-03 00:00:00-04:00,53.95918201024361,54.125751535198695,53.34842826209577,53.894405364990234,479500,0.0,0.0
2024-07-04 00:00:00-04:00,53.94992749022999,54.486652312512824,53.848134608068584,53.931419372558594,122500,0.0,0.0
2024-07-05 00:00:00-04:00,53.681557690185144,53.91290383414055,53.30215015530076,53.32991409301758,631000,0.0,0.0
2024-07-08 00:00:00-04:00,53.54275731719205,53.98694153307892,53.54275731719205,53.73708724975586,410200,0.0,0.0
2024-07-09 00:00:00-04:00,53.56126161243436,54.08873055179321,53.20961447617443,53.96842956542969,399000,0.0,0.0
2024-07-10 00:00:00-04:00,53.66305596124626,55.014116666638806,53.61678390594282,54.93083190917969,1018800,0.0,0.0
2024-07-11 00:00:00-04:00,55.43979114736604,56.40219197688959,55.365762215128434,56.189353942871094,935000,0.0,0.0
2024-07-12 00:00:00-04:00,56.27264705077829,56.707575476130465,55.985776511878356,56.069061279296875,504000,0.0,0.0
2024-07-15 00:00:00-04:00,55.88398278574863,57.068474100055,55.439798542883736,56.281898498535156,708900,0.0,0.0
2024-07-16 00:00:00-04:00,56.5687680642868,58.104906534992416,56.08756759357556,57.9753532409668,937200,0.0,0.0
2024-07-17 00:00:00-04:00,57.26280489740248,58.252966221051366,56.96668208266987,58.0308723449707,1416800,0.0,0.0
2024-07-18 00:00:00-04:00,58.003110476618644,58.85446266506488,57.14250246478452,57.484893798828125,1631400,0.0,0.0
2024-07-19 00:00:00-04:00,56.17084974679773,57.16101105374431,54.995610801249605,55.49531936645508,852400,0.0,0.0
2024-07-22 00:00:00-04:00,55.865470093374654,56.698317686840895,55.24546407495379,56.6798095703125,2954400,0.0,0.0
2024-07-23 00:00:00-04:00,56.439208928173834,56.540998270041555,55.68964612310476,55.83770751953125,804000,0.0,0.0
2024-07-24 00:00:00-04:00,55.569351524750594,56.17085300255407,54.458889158839405,54.551429748535156,1908600,0.0,0.0
2024-07-25 00:00:00-04:00,54.53291844154456,56.18935783457421,54.523662618084984,55.31024169921875,1125100,0.0,0.0
2024-07-26 00:00:00-04:00,55.89323256392915,55.939501089002725,54.94008400311499,55.7174072265625,1829800,0.0,0.0
2024-07-29 00:00:00-04:00,55.87472287577507,56.38368369738847,55.032623034905754,56.0968132019043,3174600,0.0,0.0
2024-07-30 00:00:00-04:00,56.25413516992475,56.70757168327122,55.79144283300494,56.022789001464844,747500,0.0,0.0
2024-07-31 00:00:00-04:00,56.3003990077387,57.623699263502424,56.3003990077387,56.69831466674805,696600,0.0,0.0
2024-08-01 00:00:00-04:00,55.948754364567925,56.6983171921476,54.62545404986309,55.180686950683594,1143700,0.0,0.0
2024-08-02 00:00:00-04:00,54.209035707215264,54.209035707215264,51.43288169495244,51.88631820678711,2061300,0.0,0.0
2024-08-06 00:00:00-04:00,50.18360774394286,50.22062397612371,49.082401312029035,49.267478942871094,2866500,0.0,0.0
2024-08-07 00:00:00-04:00,50.211369578760255,50.43346344808934,49.147179348810425,49.443302154541016,1882600,0.0,0.0
2024-08-08 00:00:00-04:00,49.91524438306651,50.04480119317491,49.37852314715162,49.80419921875,1555400,0.0,0.0
2024-08-09 00:00:00-04:00,49.90599824532225,49.90599824532225,49.06389829110004,49.30449676513672,2007300,0.0,0.0
2024-08-12 00:00:00-04:00,49.40628985215655,49.40628985215655,48.3513518315509,48.379112243652344,3121100,0.0,0.0
2024-08-13 00:00:00-04:00,48.536424790871074,50.488986934690594,48.536424790871074,50.30390930175781,910700,0.0,0.0
2024-08-14 00:00:00-04:00,50.46122846597698,50.80362335954524,49.924507155351584,50.10958480834961,620200,0.0,0.0
2024-08-15 00:00:00-04:00,51.210788668521076,52.182441882885975,51.210788668521076,51.858558654785156,793000,0.0,0.0
2024-08-16 00:00:00-04:00,51.57018355055278,52.53454855308328,51.429740450239066,52.253665924072266,2130800,0.652,0.0
2024-08-19 00:00:00-04:00,52.562629670399744,53.02140731634096,52.459638551620124,52.768611907958984,3768800,0.0,0.0
2024-08-20 00:00:00-04:00,52.58136251378409,52.64690167581057,51.72934983582343,51.86979293823242,1944400,0.0,0.0
2024-08-21 00:00:00-04:00,52.234936533897816,52.82478894488172,52.057041475549134,52.70307540893555,1500500,0.0,0.0
2024-08-22 00:00:00-04:00,52.83415839179388,52.94651073167973,52.19748917974657,52.32856750488281,1987600,0.0,0.0
2024-08-23 00:00:00-04:00,52.89033291489156,54.47264106388246,52.62817271001714,53.845333099365234,1351700,0.0,0.0
2024-08-26 00:00:00-04:00,53.9296019433025,54.54754517240809,53.433375832970945,54.04195785522461,2444000,0.0,0.0
2024-08-27 00:00:00-04:00,53.6955299259016,53.98577732711347,53.19930383921272,53.480186462402344,1318800,0.0,0.0
2024-08-28 00:00:00-04:00,53.339750018261455,53.714259013612356,52.52518572084974,52.79670715332031,1553300,0.0,0.0
2024-08-29 00:00:00-04:00,53.1899425849225,53.33974688859652,52.58136059221257,52.618812561035156,2309400,0.0,0.0
2024-08-30 00:00:00-04:00,52.71243478132747,53.0494953310886,52.41282619745448,53.03076934814453,1436300,0.0,0.0
2024-09-03 00:00:00-04:00,52.684351437653916,53.05886040901901,51.776160842474596,51.9727783203125,1950400,0.0,0.0
2024-09-04 00:00:00-04:00,51.85106469897803,52.99332116722168,51.85106469897803,52.6000862121582,748700,0.0,0.0
2024-09-05 00:00:00-04:00,51.94468911746895,52.74988855355648,50.82115510366346,51.214393615722656,1121300,0.0,0.0
2024-09-06 00:00:00-04:00,51.21440223625826,51.495284894084456,49.62272907975411,49.987876892089844,1266800,0.0,0.0
2024-09-09 00:00:00-04:00,50.193855649510496,50.830524867399404,49.97851217457991,50.42792510986328,2099300,0.0,0.0
2024-09-10 00:00:00-04:00,49.61335834478931,49.62271955055192,48.489824357623405,49.23884582519531,1362300,0.0,0.0
2024-09-11 00:00:00-04:00,49.16394644844482,50.03468510131486,48.70517231962641,49.922332763671875,1558300,0.0,0.0
2024-09-12 00:00:00-04:00,49.93169718593888,50.24066700515843,49.51973266482429,50.11894989013672,963900,0.0,0.0
2024-09-13 00:00:00-04:00,50.549640257217156,51.401652916797254,50.549640257217156,51.16758346557617,649500,0.0,0.0
2024-09-16 00:00:00-04:00,51.36420258686126,51.43910295640217,50.63390701865907,51.05522918701172,612500,0.0,0.0
2024-09-17 00:00:00-04:00,51.495279320541336,52.937147998704425,51.31738782321591,52.45964431762695,780500,0.0,0.0
2024-09-18 00:00:00-04:00,52.4877384688095,53.77979935269644,52.10386468650397,52.64690399169922,1115400,0.0,0.0
2024-09-19 00:00:00-04:00,53.57381370653406,54.472639484457545,53.44273539370557,53.96704864501953,724400,0.0,0.0
2024-09-20 00:00:00-04:00,53.64872131184444,53.66744729786467,52.759256619774874,53.30229949951172,2211700,0.0,0.0
2024-09-23 00:00:00-04:00,53.377192659000286,53.81724434196903,52.890331374731396,53.330379486083984,517200,0.0,0.0
2024-09-24 00:00:00-04:00,53.61126401948114,54.02322852781008,53.60190281320833,53.86405944824219,746900,0.0,0.0
2024-09-25 00:00:00-04:00,52.87161198052955,53.2554857608705,50.755622013486,50.914791107177734,1046700,0.0,0.0
2024-09-26 00:00:00-04:00,51.841699546212894,53.71425510143288,51.68253403839501,53.2180290222168,1260900,0.0,0.0
2024-09-27 00:00:00-04:00,54.070045471191406,54.98759732938128,53.83597601027716,54.070045471191406,879000,0.0,0.0
2024-09-30 00:00:00-04:00,52.703080860837645,53.42401523156718,51.523368773601476,51.94469451904297,1110900,0.0,0.0
2024-10-01 00:00:00-04:00,51.794886752782574,52.10386013604323,51.17694355787756,51.74807357788086,678800,0.0,0.0
2024-10-02 00:00:00-04:00,51.691895591583695,52.55327301000638,51.691895591583695,52.16939926147461,477000,0.0,0.0
2024-10-03 00:00:00-04:00,51.485919646863756,51.5795460015875,50.51218984262422,51.26121139526367,719700,0.0,0.0
2024-10-04 00:00:00-04:00,52.00087319873743,52.30048182819168,51.84170410530553,52.19749069213867,415100,0.0,0.0
2024-10-07 00:00:00-04:00,51.93532801842663,52.39410211655484,51.77615894343182,52.29111099243164,1119400,0.0,0.0
2024-10-08 00:00:00-04:00,52.25366480672049,52.37537834799891,51.29866103121097,51.76679992675781,648100,0.0,0.0
2024-10-09 00:00:00-04:00,51.58890333308163,53.077585119705766,51.58890333308163,52.95587158203125,680700,0.0,0.0
2024-10-10 00:00:00-04:00,52.497096912606224,53.31165761333037,52.42219654448799,53.12440490722656,876600,0.0,0.0
2024-10-11 00:00:00-04:00,53.049501455313546,54.05131844297023,53.049501455313546,53.377197265625,482700,0.0,0.0
2024-10-15 00:00:00-04:00,53.05886374642142,53.77043690852079,52.777981107326006,53.002689361572266,1144100,0.0,0.0
2024-10-16 00:00:00-04:00,53.33038102278659,54.07004131967217,53.33038102278659,53.62998962402344,708500,0.0,0.0
2024-10-17 00:00:00-04:00,53.78915758579284,54.79097449505872,53.395919072573015,54.631805419921875,1242700,0.0,0.0
2024-10-18 00:00:00-04:00,55.80215480892641,57.16912309561751,55.79279360254538,56.232845306396484,1636000,0.0,0.0
2024-10-21 00:00:00-04:00,55.989409272122465,56.17666553823984,54.12621853187592,54.22920608520508,2192800,0.0,0.0
2024-10-22 00:00:00-04:00,54.163671101114666,54.4445573077411,53.69553218555925,54.2479362487793,516700,0.0,0.0
2024-10-23 00:00:00-04:00,53.9576900747858,54.65053363975618,53.69552986470677,54.53818130493164,986200,0.0,0.0
2024-10-24 00:00:00-04:00,55.22166140394353,55.70852626375007,53.81724477544562,54.631805419921875,1095400,0.0,0.0
2024-10-25 00:00:00-04:00,54.96886598221996,55.26847457723689,54.407100759467276,54.631805419921875,706200,0.0,0.0
2024-10-28 00:00:00-04:00,54.88460417302971,55.923873112658256,54.63180873596197,55.87705993652344,1241000,0.0,0.0
2024-10-29 00:00:00-04:00,54.84715657092022,55.043774056509235,53.676809292485935,54.210487365722656,1261700,0.0,0.0
2024-10-30 00:00:00-04:00,53.85470084405401,54.50073125657993,53.52700146281204,53.789161682128906,650100,0.0,0.0
2024-10-31 00:00:00-04:00,53.6955322736513,53.6955322736513,51.34547648521892,51.467193603515625,1521100,0.0,0.0
2024-11-01 00:00:00-04:00,54.95013953089181,56.036221571488426,53.807883111467746,54.80970001220703,2671400,0.0,0.0
2024-11-04 00:00:00-05:00,55.21230473059413,55.521274556988175,54.500731580300084,54.875244140625,1560700,0.0,0.0
2024-11-05 00:00:00-05:00,54.7909800803905,55.380836124541425,54.25730199288804,55.146766662597656,1582100,0.0,0.0
2024-11-06 00:00:00-05:00,55.40891574627713,56.15793720783155,54.210481407790056,54.950138092041016,1245000,0.0,0.0
2024-11-07 00:00:00-05:00,54.94078064704019,56.59799275319925,54.8471542972932,56.00813674926758,2331300,0.0,0.0
2024-11-08 00:00:00-05:00,55.764707922110425,56.64480778203283,55.40892135251779,56.53245544433594,2120000,0.0,0.0
2024-11-11 00:00:00-05:00,56.869516008426075,58.16157682051294,56.81333805378979,57.815155029296875,941000,0.0,0.0
2024-11-12 00:00:00-05:00,57.58107873592196,58.22710906522616,57.01931354275448,57.6466178894043,2095600,0.0,0.0
2024-11-13 00:00:00-05:00,57.63726540170337,58.20839188677471,57.3470179840836,57.918148040771484,685800,0.0,0.0
2024-11-14 00:00:00-05:00,58.14285120689085,58.93868949704601,57.90878175183635,58.049224853515625,1059000,0.0,0.0
2024-11-15 00:00:00-05:00,58.06625960573134,58.700399949434136,57.74445785157996,58.567893981933594,1300200,0.668,0.0
2024-11-18 00:00:00-05:00,58.70986270474613,59.44811590648609,57.98107627805697,58.01893615722656,2803800,0.0,0.0
2024-11-19 00:00:00-05:00,57.091386845810916,57.32800565853743,56.45725016075181,56.56135940551758,1853400,0.0,0.0
2024-11-20 00:00:00-05:00,56.38153624282926,56.66547812538428,55.68114650656134,56.48564910888672,1344100,0.0,0.0
2024-11-21 00:00:00-05:00,56.46671205312967,58.4921684667772,56.32473932448405,58.34073257446289,1967400,0.0,0.0
2024-11-22 00:00:00-05:00,58.35020302721228,60.063320990045916,58.018934509660546,59.67526626586914,894400,0.0,0.0
2024-11-25 00:00:00-05:00,59.95920596494963,62.259141123629156,59.95920596494963,61.56821823120117,2903000,0.0,0.0
2024-11-26 00:00:00-05:00,60.32833511306479,60.54602399123393,58.53949382542715,58.66253662109375,1754100,0.0,0.0
2024-11-27 00:00:00-05:00,58.87076639307194,60.01600067866802,58.87076639307194,59.66580581665039,1355000,0.0,0.0
2024-11-28 00:00:00-05:00,59.6752722979362,59.75099206177905,59.3156106407168,59.41972351074219,511700,0.0,0.0
2024-11-29 00:00:00-05:00,59.66580352156046,60.309407011629986,59.21149581277904,60.22422409057617,1330100,0.0,0.0
2024-12-02 00:00:00-05:00,60.33780022297986,60.82996420048513,60.06332152014738,60.19582748413086,2525400,0.0,0.0
2024-12-03 00:00:00-05:00,60.12011304259805,61.255884154046555,59.95921035997207,60.75425338745117,805900,0.0,0.0
2024-12-04 00:00:00-05:00,61.08551782934054,61.95627338798431,60.38512450609145,60.96247863769531,1378700,0.0,0.0
2024-12-05 00:00:00-05:00,61.45464247380019,62.618810288164156,60.77317909183432,60.811038970947266,1624900,0.0,0.0
2024-12-06 00:00:00-05:00,61.77644567336653,62.0982510616613,60.35673619554392,60.669071197509766,1050100,0.0,0.0
2024-12-09 00:00:00-05:00,61.208558940725844,62.8648907975235,61.1896326110459,61.464111328125,2436200,0.0,0.0
2024-12-10 00:00:00-05:00,61.994132841467525,62.457903721750945,60.63120608353506,61.29374313354492,1415000,0.0,0.0
2024-12-11 00:00:00-05:00,60.22422544806151,60.555490364895036,59.60901504763719,60.35673141479492,1333000,0.0,0.0
2024-12-12 00:00:00-05:00,60.43244651792456,60.886757839608784,60.06332172825828,60.470306396484375,1273700,0.0,0.0
2024-12-13 00:00:00-05:00,60.574418403821376,60.574418403821376,59.41971739763319,59.70366287231445,683000,0.0,0.0
2024-12-16 00:00:00-05:00,59.61848311095405,59.87402827488078,58.861299952372875,59.03166580200195,1658900,0.0,0.0
2024-12-17 00:00:00-05:00,58.558424967002324,59.779378953157035,58.558424967002324,58.974876403808594,980000,0.0,0.0
2024-12-18 00:00:00-05:00,58.79504793782849,60.09172177146089,57.31854869736671,57.33747863769531,1229800,0.0,0.0
2024-12-19 00:00:00-05:00,57.2712201341505,57.80124761415066,56.07866281729616,56.230098724365234,739300,0.0,0.0
2024-12-20 00:00:00-05:00,55.842047267425244,57.92429381983943,55.842047267425244,57.44158935546875,1850800,0.0,0.0
2024-12-23 00:00:00-05:00,57.06299758083188,57.30907957398788,56.40992730306063,57.167110443115234,691400,0.0,0.0
2024-12-24 00:00:00-05:00,57.716064453125,57.716064453125,56.75065919559085,57.716064453125,156900,0.0,0.0
2024-12-27 00:00:00-05:00,57.37532802207792,57.9526784960018,57.20496219008346,57.526763916015625,411300,0.0,0.0
2024-12-30 00:00:00-05:00,57.36586823729554,57.36586823729554,56.16384417876199,56.70333480834961,607800,0.0,0.0
2024-12-31 00:00:00-05:00,57.01567464520809,57.48891230338024,56.627619909927596,56.86423873901367,276400,0.0,0.0
2025-01-02 00:00:00-05:00,57.28068791805858,57.69713576720361,56.15438356505372,56.26795959472656,759600,0.0,0.0
2025-01-03 00:00:00-05:00,55.85150838797729,56.50457868521645,55.20790847657216,56.3910026550293,535400,0.0,0.0
2025-01-06 00:00:00-05:00,57.04406717596399,57.83910657812267,56.60868940134577,56.769588470458984,596900,0.0,0.0
2025-01-07 00:00:00-05:00,57.01567223506606,57.77285173403097,56.447784902954886,56.845306396484375,755100,0.0,0.0
2025-01-08 00:00:00-05:00,56.296351895334425,56.33421177485685,54.59269703251053,54.89556884765625,656100,0.0,0.0
2025-01-09 00:00:00-05:00,54.76306141747312,54.9428904246273,53.96802202131681,54.18571090698242,1045100,0.0,0.0
2025-01-10 00:00:00-05:00,53.84498109992632,53.97748706882238,53.04994167603313,53.95855712890625,1923800,0.0,0.0
2025-01-13 00:00:00-05:00,53.63675721873756,55.236302896832434,53.46639497465844,55.06593704223633,731300,0.0,0.0
2025-01-14 00:00:00-05:00,55.444529693181906,55.66221859810406,54.403404605121125,54.952362060546875,998300,0.0,0.0
2025-01-15 00:00:00-05:00,55.87043248211974,56.390996754585416,55.1037898454276,55.586490631103516,478500,0.0,0.0
2025-01-16 00:00:00-05:00,55.74739997097596,55.879905943271986,54.942893751223444,55.27416229248047,425400,0.0,0.0
2025-01-17 00:00:00-05:00,55.67167778913674,56.18277532621684,55.2079069062623,55.25522994995117,528900,0.0,0.0
2025-01-20 00:00:00-05:00,55.20790320101671,55.47291511630171,55.08486040727016,55.226829528808594,191000,0.0,0.0
2025-01-21 00:00:00-05:00,54.98075020389082,55.49184773132229,54.64001851893651,55.368804931640625,836500,0.0,0.0
2025-01-22 00:00:00-05:00,55.51077654547408,55.690605548658944,54.43179169481494,54.47911834716797,915900,0.0,0.0
2025-01-23 00:00:00-05:00,54.422330876419075,55.009144563620104,54.422330876419075,54.64948654174805,652700,0.0,0.0
2025-01-24 00:00:00-05:00,55.60542599629548,56.088126829082704,55.48238319165682,55.842044830322266,1465300,0.0,0.0
2025-01-27 00:00:00-05:00,55.84204211962865,56.72226442832176,55.84204211962865,56.457252502441406,1854400,0.0,0.0
2025-01-28 00:00:00-05:00,56.201702582585746,56.28688550136559,55.472916190917495,55.99347686767578,1102100,0.0,0.0
2025-01-29 00:00:00-05:00,55.91776072349183,56.30581544004073,55.77578798868656,55.99347686767578,960300,0.0,0.0
2025-01-30 00:00:00-05:00,56.31528132248591,57.05353091386909,56.305818157949865,56.86423873901367,1756500,0.0,0.0
2025-01-31 00:00:00-05:00,56.67494005821174,56.67494005821174,54.24249890831766,54.53590393066406,1454900,0.0,0.0
2025-02-03 00:00:00-05:00,50.57963704914026,52.0372098291625,48.59204042948566,51.16645431518555,4286800,0.0,0.0
2025-02-04 00:00:00-05:00,52.23596876902464,52.31168852355304,50.996088478013256,51.16645431518555,1945700,0.0,0.0
2025-02-05 00:00:00-05:00,51.156993717417535,52.91743850708008,50.39981413329307,52.91743850708008,3042900,0.0,0.0
2025-02-06 00:00:00-05:00,53.03101205844306,54.26143288685213,51.89524454070683,52.04668045043945,1929800,0.0,0.0
2025-02-07 00:00:00-05:00,52.018283677651105,52.586171046408566,51.34628705461249,52.198116302490234,1520300,0.0,0.0
2025-02-10 00:00:00-05:00,52.36848234246876,53.19191487806652,52.29276258215238,52.7470703125,907500,0.0,0.0
2025-02-11 00:00:00-05:00,52.283295850027514,53.15405137115201,52.283295850027514,53.02154541015625,480500,0.0,0.0
2025-02-12 00:00:00-05:00,52.43473501639651,53.04994181799114,52.254902391970475,52.77546310424805,1358400,0.0,0.0
2025-02-13 00:00:00-05:00,53.040477075824114,54.23303437412961,52.84171812785932,53.24869918823242,813400,0.0,0.0
2025-02-14 00:00:00-05:00,50.617496755346714,53.28655671467062,50.21997887696582,50.74053955078125,2092700,0.0,0.0
2025-02-18 00:00:00-05:00,50.18211819470274,51.21377636175581,50.01175236083955,51.12859344482422,1497300,0.0,0.0
2025-02-19 00:00:00-05:00,50.77839852723385,51.952025813507746,50.324087230690324,51.43146514892578,1960800,0.0,0.0
2025-02-20 00:00:00-05:00,51.308425275941694,52.4347331965144,50.71214843500917,51.9709587097168,792000,0.0,0.0
2025-02-21 00:00:00-05:00,52.1602533195183,52.34954909784313,50.97715921813389,51.23270797729492,3556700,0.0,0.0
2025-02-24 00:00:00-05:00,51.48826007956722,52.24543963151326,50.87304966269531,51.71541213989258,1921600,0.0,0.0
2025-02-25 00:00:00-05:00,52.16025802053032,52.36848375650593,51.13806289175951,51.72488021850586,2247900,0.0,0.0
2025-02-26 00:00:00-05:00,51.885776832305055,52.084535783282675,51.19485028091846,51.857383728027344,2928800,0.0,0.0
2025-02-27 00:00:00-05:00,51.4030743882892,51.677549478869615,50.68375114475995,50.72161102294922,2771800,0.0,0.0
2025-02-28 00:00:00-05:00,50.71202074404382,50.95177121548727,49.45572695669145,50.529808044433594,7501500,0.7,0.0
2025-03-03 00:00:00-05:00,50.798335607435384,51.36414691702402,48.8707395958274,49.17761993408203,5320500,0.0,0.0
2025-03-04 00:00:00-05:00,47.53772095070961,48.05558282267865,46.2430699290887,47.42264175415039,3220800,0.0,0.0
2025-03-05 00:00:00-05:00,48.4487761745762,50.692840755216615,47.998044113267916,50.67366027832031,2341200,0.0,0.0
2025-03-06 00:00:00-05:00,50.29965323336078,51.412095353987176,49.973592422575344,51.29701614379883,1788200,0.0,0.0
2025-03-07 00:00:00-05:00,50.84628395371093,52.466995936229296,50.68325171949075,52.40945816040039,1197500,0.0,0.0
2025-03-10 00:00:00-04:00,51.862823817843946,53.569846006471906,51.862823817843946,52.93690490722656,2502000,0.0,0.0
2025-03-11 00:00:00-04:00,52.716339077048694,52.97527004605634,50.0119538340384,50.87505340576172,1835600,0.0,0.0
2025-03-12 00:00:00-04:00,50.87505130832375,50.91341226325496,49.39818746819035,50.155799865722656,1560700,0.0,0.0
2025-03-13 00:00:00-04:00,49.85850707877559,50.731198603474525,49.052945389953365,49.12007522583008,3408300,0.0,0.0
2025-03-14 00:00:00-04:00,49.542037324918226,50.48185873497011,49.503676371454425,50.16539001464844,1079400,0.0,0.0
2025-03-17 00:00:00-04:00,50.002353976613705,51.22987512738577,49.992765568130245,50.34759521484375,1341300,0.0,0.0
2025-03-18 00:00:00-04:00,50.309238919052014,50.673660666267835,49.973589716551864,50.45309066772461,1522400,0.0,0.0
2025-03-19 00:00:00-04:00,50.47227162051595,50.91341162176056,49.647529391396546,49.84891891479492,975800,0.0,0.0
2025-03-20 00:00:00-04:00,49.302285735204066,50.48185759020298,49.05294685994732,49.714656829833984,914400,0.0,0.0
2025-03-21 00:00:00-04:00,49.40777971307714,50.21334147800837,48.77483858765275,50.136619567871094,3852300,0.0,0.0
2025-03-24 00:00:00-04:00,50.750376324943055,51.699789769443115,50.750376324943055,51.4504508972168,801100,0.0,0.0
2025-03-25 00:00:00-04:00,51.63266318209437,51.77651493247616,50.75997158692304,50.94218063354492,1045800,0.0,0.0
2025-03-26 00:00:00-04:00,50.923003275147465,51.63266634443257,50.52981261276445,51.56553649902344,669300,0.0,0.0
2025-03-27 00:00:00-04:00,50.43390869816702,50.5873488516694,47.45141228480666,47.998043060302734,1698800,0.0,0.0
2025-03-28 00:00:00-04:00,47.87337182827876,47.87337182827876,46.59790123726498,46.703392028808594,1000100,0.0,0.0
2025-03-31 00:00:00-04:00,46.04168193925253,47.326744696614256,45.79234304228776,46.90478515625,1429700,0.0,0.0
2025-04-01 00:00:00-04:00,46.85683353845204,47.355514966716065,45.936192590103964,46.93355178833008,1278000,0.0,0.0
2025-04-02 00:00:00-04:00,46.27184370587668,47.787068530365,46.041681630121985,47.489776611328125,796700,0.0,0.0
2025-04-03 00:00:00-04:00,45.43751070530372,45.888239107275574,44.181216908743856,44.76620864868164,1528600,0.0,0.0
2025-04-04 00:00:00-04:00,43.60581799536939,44.62235767812026,42.675584972503145,44.325069427490234,1573700,0.0,0.0
2025-04-07 00:00:00-04:00,42.41665530528247,44.54564077963117,41.898793380445966,43.078365325927734,1236600,0.0,0.0
2025-04-08 00:00:00-04:00,43.9222846672926,44.209984495014034,41.47683064420776,42.109771728515625,1300700,0.0,0.0
2025-04-09 00:00:00-04:00,41.850845235420884,45.90742311498029,41.67822458877562,45.53341293334961,1736700,0.0,0.0
2025-04-10 00:00:00-04:00,43.74007934650501,43.74007934650501,42.24403499361546,43.05918884277344,1281700,0.0,0.0
2025-04-11 00:00:00-04:00,42.61804125779812,43.087953777928966,42.00428065393055,42.87697219848633,1612600,0.0,0.0
2025-04-14 00:00:00-04:00,43.893517646167865,43.893517646167865,42.291982561941815,43.59622573852539,1296800,0.0,0.0
2025-04-15 00:00:00-04:00,43.193448312293626,43.83597785695209,42.7618967070667,43.26057815551758,1156200,0.0,0.0
2025-04-16 00:00:00-04:00,43.33729213059737,43.730482741368874,42.23444220199522,42.75230407714844,900400,0.0,0.0
2025-04-17 00:00:00-04:00,42.79066293308906,43.461964981876044,42.60845389257193,42.78107452392578,2326700,0.0,0.0
2025-04-21 00:00:00-04:00,42.50296482833193,42.83861403722116,41.77412497832874,42.79066467285156,1119400,0.0,0.0
2025-04-22 00:00:00-04:00,43.56745733487457,44.142857021131725,43.26057701443049,43.74007797241211,1839700,0.0,0.0
2025-04-23 00:00:00-04:00,44.881288451173575,45.56217892616854,44.25793940750427,44.3442497253418,1264100,0.0,0.0
2025-04-24 00:00:00-04:00,44.44973872912902,45.28407305603924,44.1716309451277,45.264892578125,1950400,0.0,0.0
2025-04-25 00:00:00-04:00,45.09227193519889,45.48546258668567,44.96760065790734,45.264892578125,2327200,0.0,0.0
2025-04-28 00:00:00-04:00,45.45669192125594,46.137582398224104,45.168988422095794,45.4375114440918,3076100,0.0,0.0
2025-04-29 00:00:00-04:00,45.43751227134237,46.51159340397559,45.43751227134237,46.45405197143555,1850800,0.0,0.0
2025-04-30 00:00:00-04:00,45.76357092761022,46.089631713451176,45.24570903392718,45.93619155883789,1252800,0.0,0.0
2025-05-01 00:00:00-04:00,46.36774111445813,46.98150541286672,46.16635159035477,46.511592864990234,1342300,0.0,0.0
2025-05-02 00:00:00-04:00,47.51854739318076,47.51854739318076,43.740080907709945,43.81679916381836,2228500,0.0,0.0
2025-05-05 00:00:00-04:00,44.94841923692283,44.95801130482975,43.52909682576661,44.066139221191406,2916500,0.0,0.0
2025-05-06 00:00:00-04:00,43.74007863316416,44.15244975592193,43.01123511737283,43.864749908447266,3458400,0.0,0.0
2025-05-07 00:00:00-04:00,44.34424836513575,44.37301725076515,43.4523763276057,44.27711486816406,2401600,0.0,0.0
2025-05-08 00:00:00-04:00,44.651127355106546,46.68421024832523,44.5744054512899,46.089630126953125,1028600,0.0,0.0
2025-05-09 00:00:00-04:00,46.33897016053464,46.895193002257415,46.108811759912804,46.52117919921875,1909600,0.0,0.0
2025-05-12 00:00:00-04:00,48.372054613609606,49.37900953722039,48.372054613609606,48.79401779174805,1784200,0.0,0.0
2025-05-13 00:00:00-04:00,49.27352185853073,49.66671251683127,48.70771055431266,49.59958267211914,723300,0.0,0.0
2025-05-14 00:00:00-04:00,50.19416238125796,50.25170381544382,49.398189004046564,49.45573043823242,3406600,0.0,0.0
2025-05-15 00:00:00-04:00,49.01458917626021,49.41736823045311,48.80360758122467,48.84196853637695,5480100,0.0,0.0
2025-05-16 00:00:00-04:00,48.75157515507213,49.90816023603139,48.61550675820466,49.840126037597656,2393200,0.677,0.0
2025-05-20 00:00:00-04:00,49.888727800680854,50.248337684586495,48.80017315102096,49.08203125,5657600,0.0,0.0
2025-05-21 00:00:00-04:00,48.5960693556614,48.80989324725378,47.9546013884701,48.003196716308594,1762100,0.0,0.0
2025-05-22 00:00:00-04:00,48.56690998122522,48.56690998122522,47.760213498768785,48.07122802734375,3451700,0.0,0.0
2025-05-23 00:00:00-04:00,47.22566242842069,47.41032616537571,46.846613663963204,47.322853088378906,1190700,0.0,0.0
2025-05-26 00:00:00-04:00,47.85740837038334,48.15870161266059,47.653302071399715,47.944881439208984,204100,0.0,0.0
2025-05-27 00:00:00-04:00,48.58635132886084,49.082029600418394,48.11010822219229,49.04315185546875,2940800,0.0,0.0
2025-05-28 00:00:00-04:00,48.95568129473718,48.95568129473718,48.45028170722039,48.50859832763672,3217700,0.0,0.0
2025-05-29 00:00:00-04:00,48.93624167603318,49.06259249788472,48.566914208445496,48.80989456176758,3111300,0.0,0.0
2025-05-30 00:00:00-04:00,48.55719190645051,49.004274857428236,48.265616230055734,48.42112350463867,2243600,0.0,0.0
2025-06-02 00:00:00-04:00,48.003197368500324,48.16842593449908,47.138187915430905,47.33257293701172,3376400,0.0,0.0
2025-06-03 00:00:00-04:00,47.15762362469026,49.266691142248696,47.13818475307768,48.48915481567383,2390800,0.0,0.0
2025-06-04 00:00:00-04:00,48.46971904971476,48.537753250925185,48.032353679372086,48.19758224487305,1652300,0.0,0.0
2025-06-05 00:00:00-04:00,48.061513334266294,48.29477239092539,47.594991513362245,48.003196716308594,1401600,0.0,0.0
2025-06-06 00:00:00-04:00,48.67382523500075,49.27641546169944,48.25589873859746,48.741859436035156,2224400,0.0,0.0
2025-06-09 00:00:00-04:00,48.8779276008028,49.86928786367297,48.8779276008028,49.55827331542969,1440400,0.0,0.0
2025-06-10 00:00:00-04:00,49.86928880708688,51.375766248811786,49.567991835707524,51.18138122558594,1916100,0.0,0.0
2025-06-11 00:00:00-04:00,51.511832686087715,51.72565657423101,50.89952118395925,50.9967155456543,1417900,0.0,0.0
2025-06-12 00:00:00-04:00,50.48159520820239,51.08418913404884,50.19974082540061,50.91896057128906,2152300,0.0,0.0
2025-06-13 00:00:00-04:00,50.4135600027468,50.9286808457031,49.18894071811196,49.29585266113281,735800,0.0,0.0
2025-06-16 00:00:00-04:00,49.94703911644773,50.24833607892713,49.56799037152627,49.95676040649414,581900,0.0,0.0
2025-06-17 00:00:00-04:00,49.69434213505876,49.73321617322693,49.04315287022878,49.431922912597656,1351200,0.0,0.0
2025-06-18 00:00:00-04:00,49.52911150132349,50.28721268152992,49.39304310445165,50.112266540527344,742500,0.0,0.0
2025-06-19 00:00:00-04:00,49.87900378172715,49.96647685222563,49.577706826102215,49.840126037597656,144200,0.0,0.0
2025-06-20 00:00:00-04:00,50.5010331723663,50.5010331723663,49.43192115523883,49.66518020629883,1367700,0.0,0.0
2025-06-23 00:00:00-04:00,49.38332806923424,50.10254783481907,49.13062642693669,49.94704055786133,1487400,0.0,0.0
2025-06-24 00:00:00-04:00,50.19974053868435,50.62738460926781,50.05395084929286,50.180301666259766,481500,0.0,0.0
2025-06-25 00:00:00-04:00,50.45243971338713,50.45243971338713,49.626308006623056,50.07339096069336,425200,0.0,0.0
2025-06-26 00:00:00-04:00,49.966479896847375,50.74401628888631,49.840129074520426,50.73429870605469,420700,0.0,0.0
2025-06-27 00:00:00-04:00,50.76345318743196,51.803408766502024,50.588507042580375,51.191097259521484,2324300,0.0,0.0
2025-06-30 00:00:00-04:00,51.02587693108181,51.23970083988725,50.82177431317817,51.16194534301758,887700,0.0,0.0
2025-07-02 00:00:00-04:00,52.81421233598225,55.19542065681146,52.775334587723826,55.13710403442383,1521800,0.0,0.0
2025-07-03 00:00:00-04:00,55.27316760473747,55.30232776717041,54.29152864649742,54.42759704589844,520900,0.0,0.0
2025-07-04 00:00:00-04:00,53.990228815788434,54.21377027543586,53.66949670675886,54.174896240234375,149900,0.0,0.0
2025-07-07 00:00:00-04:00,53.94163533774918,54.777488298358655,53.6111819279172,54.31096649169922,1122900,0.0,0.0
2025-07-08 00:00:00-04:00,54.67057675918005,56.25480962161453,54.592821270370266,55.370361328125,906700,0.0,0.0
2025-07-09 00:00:00-04:00,55.8757650771887,56.235374970965196,55.46755614546491,56.15761947631836,741500,0.0,0.0
2025-07-10 00:00:00-04:00,56.283970280631856,57.43083787314867,56.14790187263598,56.42975997924805,1127500,0.0,0.0
2025-07-11 00:00:00-04:00,55.81744467257784,56.07014259787865,55.00103057205753,55.836883544921875,1101900,0.0,0.0
2025-07-14 00:00:00-04:00,55.39951928131968,56.72133296615789,55.331485080563525,56.5949821472168,1824700,0.0,0.0
2025-07-15 00:00:00-04:00,56.91571654345796,57.119819140553915,56.002108086309974,56.0118293762207,556100,0.0,0.0
2025-07-16 00:00:00-04:00,56.07014527916077,56.361724670678804,55.282891303302804,55.992393493652344,1057900,0.0,0.0
2025-07-17 00:00:00-04:00,56.303408804508585,57.18785715857336,56.09930619378272,56.925437927246094,761500,0.0,0.0
2025-07-18 00:00:00-04:00,57.15869806750916,57.15869806750916,55.11766093156784,55.263450622558594,896700,0.0,0.0
2025-07-21 00:00:00-04:00,55.691098737832846,55.934079102053396,55.224576883439724,55.36064529418945,709400,0.0,0.0
2025-07-22 00:00:00-04:00,55.28289184234962,55.798009012571875,54.92327824466049,55.59390640258789,1278900,0.0,0.0
2025-07-23 00:00:00-04:00,56.2353688119007,57.634934193984755,55.817442342911626,57.605777740478516,1262000,0.0,0.0
2025-07-24 00:00:00-04:00,56.828243668959715,57.33364322607998,56.57554203660669,56.7018928527832,809100,0.0,0.0
2025-07-25 00:00:00-04:00,56.67274103380655,56.9643167270299,55.992395277894666,56.721336364746094,529000,0.0,0.0
2025-07-28 00:00:00-04:00,57.217011656035574,57.26560698441322,56.40059753349919,56.74077224731445,776900,0.0,0.0
2025-07-29 00:00:00-04:00,56.79908215590259,56.89627651510602,55.50642869297545,55.574462890625,1229000,0.0,0.0
2025-07-30 00:00:00-04:00,55.52586881014755,55.7591278622959,54.70945471245676,54.87467956542969,689000,0.0,0.0
2025-07-31 00:00:00-04:00,54.69001900077415,55.41896006913914,54.46647751805254,55.22457504272461,899700,0.0,0.0
2025-08-01 00:00:00-04:00,56.98375392664565,56.98375392664565,54.68029749041253,55.448116302490234,718500,0.0,0.0
2025-08-05 00:00:00-04:00,56.653302449927054,56.653302449927054,55.26345447394202,55.90492248535156,836500,0.0,0.0
2025-08-06 00:00:00-04:00,56.079865119003806,56.46863145166189,55.70081636893817,56.05070495605469,1913700,0.0,0.0
2025-08-07 00:00:00-04:00,56.77964813127849,57.02262848865148,56.28396983357544,56.8768424987793,1051600,0.0,0.0
2025-08-08 00:00:00-04:00,56.76020751060824,56.99346655502153,56.22564780969098,56.83795928955078,684900,0.0,0.0
2025-08-11 00:00:00-04:00,56.8379655972115,57.28504857160726,56.29368825386923,56.624141693115234,452600,0.0,0.0
2025-08-12 00:00:00-04:00,56.64357966169406,59.063665649789336,56.64357966169406,59.02478790283203,1158200,0.0,0.0
2025-08-13 00:00:00-04:00,59.063661919322776,60.67705124028913,59.024784174820994,60.259124755859375,939900,0.0,0.0
2025-08-14 00:00:00-04:00,59.42327199460166,60.03558349609375,59.18029165199528,60.03558349609375,758600,0.0,0.0
2025-08-15 00:00:00-04:00,60.09355485554457,60.25076479065455,59.641576760625924,60.13285827636719,762800,0.669,0.0
2025-08-18 00:00:00-04:00,59.779136184061144,60.378500244993276,59.63175022711106,59.74966049194336,952000,0.0,0.0
2025-08-19 00:00:00-04:00,59.81844040320177,60.840303141441574,59.81844040320177,60.555362701416016,562400,0.0,0.0
2025-08-20 00:00:00-04:00,59.90687253336374,60.79117706156785,59.90687253336374,60.40797805786133,553200,0.0,0.0
2025-08-21 00:00:00-04:00,60.12303279898769,60.722396870350174,59.651402975992774,60.41780471801758,473900,0.0,0.0
2025-08-22 00:00:00-04:00,60.57501576248016,62.785782706392865,60.48658493479643,62.60892105102539,1384600,0.0,0.0
2025-08-25 00:00:00-04:00,62.294501138237365,63.16898168487985,62.097987771443606,62.91351318359375,1104400,0.0,0.0
2025-08-26 00:00:00-04:00,62.82508104229064,63.434269093250705,62.59909198706644,63.06089782714844,944500,0.0,0.0
2025-08-27 00:00:00-04:00,62.84473545427999,63.650436902551725,62.60892240746821,62.76613235473633,869700,0.0,0.0
2025-08-28 00:00:00-04:00,62.766130727358004,62.913512940748895,61.50844743364099,62.137290954589844,1085300,0.0,0.0
2025-08-29 00:00:00-04:00,62.00955593998849,62.510661456429034,61.65583263512191,61.94077682495117,979900,0.0,0.0
2025-09-02 00:00:00-04:00,61.105597047217046,61.69513714848015,60.968038814709864,61.62635803222656,454200,0.0,0.0
2025-09-03 00:00:00-04:00,61.498621476431104,62.382929721091635,61.007339951215386,61.03681564331055,753800,0.0,0.0
2025-09-04 00:00:00-04:00,61.0859442096193,61.70495999267124,60.889434594334816,61.63618087768555,1029300,0.0,0.0
2025-09-05 00:00:00-04:00,61.64600938988365,62.55978960746171,61.64600938988365,62.4418830871582,716500,0.0,0.0
2025-09-08 00:00:00-04:00,62.38293223959081,62.54014218407943,61.32176230315704,62.47136306762695,1170600,0.0,0.0
2025-09-09 00:00:00-04:00,62.196241354971846,62.78578144373433,61.93094887725582,62.687522888183594,1120400,0.0,0.0
2025-09-10 00:00:00-04:00,62.44188368443449,62.71700389868188,61.70496136617244,62.40258026123047,831000,0.0,0.0
2025-09-11 00:00:00-04:00,62.8840341457529,63.84694921700859,62.45170776034583,63.62095642089844,1364300,0.0,0.0
2025-09-12 00:00:00-04:00,63.198458681228416,63.375320340171726,62.775956245772804,63.13950729370117,555600,0.0,0.0
2025-09-15 00:00:00-04:00,63.40479325894244,63.48340010311282,62.992118571589806,63.434268951416016,1804700,0.0,0.0
2025-09-16 00:00:00-04:00,63.37531725525975,63.552178905594,62.27484767954272,62.353450775146484,1908500,0.0,0.0
2025-09-17 00:00:00-04:00,62.726828590556025,64.16137356829807,62.50083952684548,63.27706527709961,1066700,0.0,0.0
2025-09-18 00:00:00-04:00,63.856771813584665,64.31857765585377,63.463745086353846,64.14171600341797,740300,0.0,0.0
2025-09-19 00:00:00-04:00,65.13410536211774,65.13410536211774,63.44409571986403,63.679908752441406,3000100,0.0,0.0
2025-09-22 00:00:00-04:00,63.277063375552025,63.69956579663009,62.952815762463004,63.09037399291992,757200,0.0,0.0
2025-09-23 00:00:00-04:00,62.992119082283544,63.689737963138654,62.74647831453056,62.85456085205078,663000,0.0,0.0
2025-09-24 00:00:00-04:00,62.884035408356546,63.37531693498433,62.56961553116921,62.864383697509766,959400,0.0,0.0
2025-09-25 00:00:00-04:00,62.775953490464104,63.88624705287744,62.33379936251247,63.807647705078125,1089400,0.0,0.0
2025-09-26 00:00:00-04:00,63.89607250809808,64.05328619082317,63.16897796639698,63.827293395996094,574700,0.0,0.0
2025-09-29 00:00:00-04:00,64.01398324824868,64.49543703655843,63.48339830963014,64.23014831542969,850900,0.0,0.0
2025-09-30 00:00:00-04:00,64.08276789268058,64.8196902327595,63.945209655574786,64.79021453857422,1008700,0.0,0.0
2025-10-01 00:00:00-04:00,64.75090966932015,65.09480525441077,64.40701408422953,65.00637817382812,635400,0.0,0.0
2025-10-02 00:00:00-04:00,65.5762575411738,66.54900038302137,65.19305854154707,66.50969696044922,1093900,0.0,0.0
2025-10-03 00:00:00-04:00,66.34265973330845,67.16801666676368,66.34265973330845,67.14836120605469,496100,0.0,0.0
2025-10-06 00:00:00-04:00,67.68877462394094,68.2586630485536,67.03045911431697,67.41365814208984,857400,0.0,0.0
2025-10-07 00:00:00-04:00,67.25644078194907,67.41365447523368,63.67009148614123,63.856773376464844,1054000,0.0,0.0
2025-10-08 00:00:00-04:00,63.984512259918375,64.03363591747706,63.07072827007708,63.37532043457031,732800,0.0,0.0
2025-10-09 00:00:00-04:00,63.38514441038249,63.38514441038249,61.046643303518884,61.41019058227539,1025500,0.0,0.0
2025-10-10 00:00:00-04:00,61.862170213099404,61.862170213099404,59.749661853808554,59.9068717956543,1181400,0.0,0.0
2025-10-14 00:00:00-04:00,59.76931367703321,62.19624192456213,59.61209998671228,62.039031982421875,1580700,0.0,0.0
2025-10-15 00:00:00-04:00,62.2748501618362,62.5401426479122,61.27263535272045,61.89165115356445,625900,0.0,0.0
2025-10-16 00:00:00-04:00,61.75408828581085,61.950601652105966,61.233331051082395,61.763916015625,1381800,0.0,0.0
2025-10-17 00:00:00-04:00,61.51827275229678,61.950599142085125,61.27263199142556,61.61652755737305,887000,0.0,0.0
2025-10-20 00:00:00-04:00,62.43205860907848,62.530313417186626,61.6460088996713,61.803218841552734,529800,0.0,0.0
2025-10-21 00:00:00-04:00,62.05868314379527,63.88624729941352,62.05868314379527,63.67008972167969,930600,0.0,0.0
2025-10-22 00:00:00-04:00,63.591483759156645,63.8666002222346,62.61874466041849,62.81525802612305,1050300,0.0,0.0
2025-10-23 00:00:00-04:00,62.74648017797276,64.20066936829451,62.74648017797276,63.34584426879883,819600,0.0,0.0
2025-10-24 00:00:00-04:00,63.72904565288001,63.964858706731896,63.414625748956894,63.56201171875,968400,0.0,0.0
2025-10-27 00:00:00-04:00,63.87642919737989,63.87642919737989,62.22572289036792,62.43206024169922,1039600,0.0,0.0
2025-10-28 00:00:00-04:00,62.06850784297487,62.51066197774549,61.901473918828565,62.27484893798828,499100,0.0,0.0
2025-10-29 00:00:00-04:00,62.029206322495526,62.49100840668557,61.62635562240007,62.39275360107422,1291300,0.0,0.0
2025-10-30 00:00:00-04:00,61.734439329691135,62.36327909317754,61.37088829602878,61.400367736816406,877000,0.0,0.0
2025-10-31 00:00:00-04:00,64.07293531992096,65.83172407154497,62.775952399261385,65.10462951660156,1147100,0.0,0.0
2025-11-03 00:00:00-05:00,65.54678348478713,68.50430051401712,65.45835640406312,68.05232238769531,1284500,0.0,0.0
2025-11-04 00:00:00-05:00,66.57847494874066,68.09162295852582,66.57847494874066,67.80667877197266,1046200,0.0,0.0
2025-11-05 00:00:00-05:00,68.17021766852534,69.84057925230698,67.89510123025467,69.27069091796875,1936700,0.0,0.0
2025-11-06 00:00:00-05:00,69.56547448411906,69.70303272633073,68.74011753448708,68.89733123779297,1084500,0.0,0.0
2025-11-07 00:00:00-05:00,68.72046327226552,69.44755784251997,68.50429819821011,68.74993896484375,857900,0.0,0.0
2025-11-10 00:00:00-05:00,68.89732449135644,68.97592383895096,67.70842408788035,67.73789978027344,906200,0.0,0.0
2025-11-11 00:00:00-05:00,67.97371679856151,68.65168774877203,67.61016574623555,68.5829086303711,1136100,0.0,0.0
2025-11-12 00:00:00-05:00,68.85801946094763,69.52616262624213,68.75976465647867,69.30999755859375,1256100,0.0,0.0
2025-11-13 00:00:00-05:00,69.02506075828092,69.89954135536728,67.79685683019763,68.22918701171875,1941200,0.0,0.0
2025-11-14 00:00:00-05:00,67.76379457775857,68.50801547762626,67.30734000097917,68.36909484863281,1533100,0.681,0.0
2025-11-17 00:00:00-05:00,68.05155819516895,68.4980876890933,66.28527520767274,66.64250183105469,1481600,0.0,0.0
2025-11-18 00:00:00-05:00,66.02728118289279,66.78142717114117,65.58074408682438,66.1066665649414,1204400,0.0,0.0
2025-11-19 00:00:00-05:00,66.37458496528866,66.7318116257367,65.73951702907148,66.33489227294922,589000,0.0,0.0
2025-11-20 00:00:00-05:00,66.97988203345157,66.97988203345157,63.43739079761773,63.903770446777344,2484200,0.0,0.0
2025-11-21 00:00:00-05:00,64.98536922528689,67.63480147904426,64.79683840512784,67.50579833984375,1302900,0.0,0.0
2025-11-24 00:00:00-05:00,67.85310222531503,68.08133331506401,66.97988570012451,67.63480377197266,2513300,0.0,0.0
2025-11-25 00:00:00-05:00,67.6744847878095,69.60946368855029,67.6744847878095,68.87516784667969,1320400,0.0,0.0
2025-11-26 00:00:00-05:00,68.8950082693003,69.11331427323198,68.03170931846313,68.05155944824219,443500,0.0,0.0
2025-11-27 00:00:00-05:00,67.99202046755983,68.17063379262217,67.78363951675489,67.90271759033203,128100,0.0,0.0
2025-11-28 00:00:00-05:00,67.8431792911845,68.27978373347398,67.43633490269397,67.86302185058594,1299600,0.0,0.0
2025-12-01 00:00:00-05:00,67.73402463990446,69.38122957197656,67.27757007871325,68.53778076171875,1342100,0.0,0.0
2025-12-02 00:00:00-05:00,68.84539655821938,68.87517175550143,67.81340926671133,68.42863464355469,686100,0.0,0.0
2025-12-03 00:00:00-05:00,68.26987068891471,68.94463131164098,68.26987068891471,68.5179443359375,698900,0.0,0.0
2025-12-04 00:00:00-05:00,68.91485162280996,68.9644693772232,67.72410122295659,67.86302185058594,1012200,0.0,0.0
2025-12-05 00:00:00-05:00,67.96225300906598,68.11109870875202,67.25772477253261,67.30734252929688,782500,0.0,0.0
2025-12-08 00:00:00-05:00,66.9600415449237,67.9721786847834,66.53335457298327,67.91264343261719,1068500,0.0,0.0
2025-12-09 00:00:00-05:00,67.46610482196297,68.35917143753393,67.27757400411392,67.79356384277344,672100,0.0,0.0
2025-12-10 00:00:00-05:00,67.58518529301205,70.09568940044977,67.58518529301205,70.01630401611328,1450600,0.0,0.0
2025-12-11 00:00:00-05:00,69.71861621468886,71.01851963417198,69.57969558530624,70.7605209350586,1073500,0.0,0.0
2025-12-12 00:00:00-05:00,71.03836371734174,71.28643735664623,70.61168432552043,70.87960052490234,1165700,0.0,0.0
2025-12-15 00:00:00-05:00,71.00859441421728,71.88181844912587,71.00859441421728,71.55435943603516,858800,0.0,0.0
2025-12-16 00:00:00-05:00,71.34598216952267,72.27873393133025,71.21697902829528,72.10012817382812,915300,0.0,0.0
2025-12-17 00:00:00-05:00,72.06043213775757,73.38017812078638,72.02073944773021,73.25118255615234,803300,0.0,0.0
2025-12-18 00:00:00-05:00,73.92594358797247,75.35485015508577,73.48933156566416,74.55108642578125,1626100,0.0,0.0
2025-12-19 00:00:00-05:00,75.11669303358053,75.71207580918187,74.62054576765038,75.6326904296875,3468000,0.0,0.0
2025-12-22 00:00:00-05:00,75.6029270218594,75.6029270218594,74.01524962584344,74.09463500976562,1329100,0.0,0.0
2025-12-23 00:00:00-05:00,73.93586591579621,74.54116617136522,73.0427993444152,73.2214126586914,1036800,0.0,0.0
2025-12-24 00:00:00-05:00,73.18172616216643,73.75725884248914,72.6260436132242,72.90388488769531,161300,0.0,0.0
2025-12-29 00:00:00-05:00,72.74511029025456,73.42979594531168,72.74511029025456,73.05272674560547,328000,0.0,0.0
2025-12-30 00:00:00-05:00,72.87411041216245,73.13210153100582,72.84434278849638,72.91380310058594,632400,0.0,0.0
2025-12-31 00:00:00-05:00,72.92372750937078,72.9336525750693,72.33827733347584,72.60619354248047,327900,0.0,0.0
2026-01-02 00:00:00-05:00,73.30080001955612,74.78924182192794,73.08249401057789,74.44193267822266,382100,0.0,0.0
2026-01-05 00:00:00-05:00,74.5411703219144,75.77161346065962,74.5411703219144,75.16631317138672,485000,0.0,0.0
2026-01-06 00:00:00-05:00,75.89068720346276,77.95465402373743,75.02738825721572,77.69666290283203,1104800,0.0,0.0
2026-01-07 00:00:00-05:00,77.69666525381129,78.79811279522457,76.82344121630511,77.32951354980469,1792100,0.0,0.0
2026-01-08 00:00:00-05:00,76.9325942993164,78.2324977211555,76.793673669682,76.9325942993164,876500,0.0,0.0
2026-01-09 00:00:00-05:00,77.58751600800073,78.16304111352272,76.80360237753696,77.57759094238281,547400,0.0,0.0
2026-01-12 00:00:00-05:00,77.4783591663617,78.05389181402782,77.30967091223398,77.72643280029297,1002000,0.0,0.0
2026-01-13 00:00:00-05:00,77.6867376485414,78.52026139824545,77.46843164630283,78.49049377441406,1357000,0.0,0.0
2026-01-14 00:00:00-05:00,78.54011244013111,79.10572001131602,77.44858998686627,77.90504455566406,603300,0.0,0.0
2026-01-15 00:00:00-05:00,77.95465854533157,78.64926928267458,77.71650996968009,77.85543060302734,416800,0.0,0.0
2026-01-16 00:00:00-05:00,77.50812645467107,78.01419878546382,74.51139273025053,75.73191833496094,924000,0.0,0.0
2026-01-19 00:00:00-05:00,75.16631383474285,75.56323317769454,74.56101354012807,75.47392272949219,257000,0.0,0.0
2026-01-20 00:00:00-05:00,74.03510067691315,74.56101560336928,73.24126196904281,73.60841369628906,885600,0.0,0.0
2026-01-21 00:00:00-05:00,73.965637084979,75.07700971270069,73.60841043930441,74.46178436279297,1455100,0.0,0.0
2026-01-22 00:00:00-05:00,75.09685107500249,75.4640027801474,72.84434580071994,73.05272674560547,800000,0.0,0.0
2026-01-23 00:00:00-05:00,73.41986948872109,73.57864024597151,72.17950133747614,72.33827209472656,1459000,0.0,0.0
2026-01-26 00:00:00-05:00,72.18943093562667,72.4672722076557,71.47497762434811,72.39781188964844,1099100,0.0,0.0
2026-01-27 00:00:00-05:00,72.79472902470651,73.0130350376965,71.98104779394806,72.16958618164062,1431700,0.0,0.0
2026-01-28 00:00:00-05:00,71.81236148160882,71.87189673381594,70.26437678876188,70.4032974243164,1874200,0.0,0.0
2026-01-29 00:00:00-05:00,70.661297611937,71.06814203214164,69.92700172714154,70.6216049194336,1991000,0.0,0.0
2026-01-30 00:00:00-05:00,69.49038554781816,69.90714743840977,68.49809100606299,69.07362365722656,2245400,0.0,0.0
2026-02-02 00:00:00-05:00,69.27207861549053,70.18499533541755,69.09346529752725,69.65907287597656,1700700,0.0,0.0
2026-02-03 00:00:00-05:00,69.55984879531229,71.02844811008775,69.2423148313888,69.60946655273438,855600,0.0,0.0
2026-02-04 00:00:00-05:00,70.03614994432004,73.33056749050235,70.03614994432004,71.75281524658203,4876400,0.0,0.0
2026-02-05 00:00:00-05:00,71.40551451730126,72.15966049092863,70.96890249510543,71.56428527832031,1246600,0.0,0.0
2026-02-06 00:00:00-05:00,71.63374372038088,73.28094868454278,71.29635964734132,73.23133850097656,847500,0.0,0.0
2026-02-09 00:00:00-05:00,73.15195610942233,73.56871800730597,72.82449708796803,73.27102661132812,1965100,0.0,0.0
2026-02-10 00:00:00-05:00,73.75725512794553,75.64261627197266,73.69771230740973,75.64261627197266,1085200,0.0,0.0
2026-02-11 00:00:00-05:00,75.73192163378215,77.9943520526667,75.73192163378215,77.76612854003906,1385900,0.0,0.0
2026-02-12 00:00:00-05:00,77.79589301273606,78.49049615858824,76.77383085357937,78.02411651611328,1675100,0.0,0.0
2026-02-13 00:00:00-05:00,85.33733321814186,94.44659769471663,84.87095355786191,92.79938507080078,3698000,0.0,0.0
2026-02-17 00:00:00-05:00,89.30651140473474,91.93609353243994,88.4035197110845,90.407958984375,2856000,0.0,0.0
2026-02-18 00:00:00-05:00,91.46971145551929,92.30323523937888,90.41788166047554,90.87433624267578,2644700,0.0,0.0
2026-02-19 00:00:00-05:00,90.86441196748622,90.86441196748622,89.09812887343051,90.68579864501953,1802300,0.0,0.0
2026-02-20 00:00:00-05:00,89.74312015069331,90.49725854631124,88.12567521376697,88.17529296875,3617800,0.0,0.0
2026-02-23 00:00:00-05:00,87.99668222073167,88.50275456804026,86.22047404305437,86.91507720947266,1053400,0.0,0.0
2026-02-24 00:00:00-05:00,87.17307406810718,88.90958951795238,87.10361375293765,88.38367462158203,684300,0.0,0.0
2026-02-25 00:00:00-05:00,88.48290582449543,89.12789881520015,87.00438902102046,87.72876739501953,1847500,0.0,0.0
2026-02-26 00:00:00-05:00,87.91729449509579,88.7805934680087,86.69677645369484,87.18299865722656,1431700,0.0,0.0
2026-02-27 00:00:00-05:00,86.52999877929688,86.94000244140625,85.7300033569336,86.01000213623047,5191500,0.677,0.0
2026-03-02 00:00:00-05:00,85.02999877929688,86.58999633789062,83.87000274658203,86.47000122070312,2677900,0.0,0.0
2026-03-03 00:00:00-05:00,84.06999969482422,85.33000183105469,83.27999877929688,84.47000122070312,2059800,0.0,0.0
2026-03-04 00:00:00-05:00,86.37999725341797,86.37999725341797,84.01000213623047,84.54000091552734,1681200,0.0,0.0
2026-03-05 00:00:00-05:00,83.16000366210938,84.19999694824219,82.05999755859375,83.26000213623047,971900,0.0,0.0
2026-03-06 00:00:00-05:00,81.93000030517578,81.94999694824219,79.44999694824219,79.94999694824219,1157100,0.0,0.0
2026-03-09 00:00:00-04:00,77.9000015258789,78.55999755859375,77.16000366210938,78.55999755859375,1877500,0.0,0.0
2026-03-10 00:00:00-04:00,78.22000122070312,79.79000091552734,78.0,78.48999786376953,1309900,0.0,0.0
2026-03-11 00:00:00-04:00,78.16999816894531,79.83999633789062,78.16999816894531,78.56999969482422,1676200,0.0,0.0
2026-03-12 00:00:00-04:00,77.5999984741211,78.1500015258789,76.4000015258789,76.94000244140625,1898300,0.0,0.0
2026-03-13 00:00:00-04:00,77.19000244140625,78.0,75.48999786376953,75.58999633789062,1219500,0.0,0.0
2026-03-16 00:00:00-04:00,75.9000015258789,77.02999877929688,75.9000015258789,76.77999877929688,1117200,0.0,0.0
2026-03-17 00:00:00-04:00,77.52999877929688,78.0,76.31999969482422,76.63999938964844,551200,0.0,0.0
2026-03-18 00:00:00-04:00,75.91000366210938,76.29000091552734,73.80999755859375,74.37000274658203,1066800,0.0,0.0
2026-03-19 00:00:00-04:00,73.16999816894531,73.36000061035156,71.19999694824219,72.3499984741211,2233100,0.0,0.0
2026-03-20 00:00:00-04:00,72.11000061035156,72.11000061035156,70.62000274658203,71.6500015258789,3461800,0.0,0.0
2026-03-23 00:00:00-04:00,72.63999938964844,74.05000305175781,72.4000015258789,73.80999755859375,884800,0.0,0.0
2026-03-24 00:00:00-04:00,72.91999816894531,75.80000305175781,72.43000030517578,75.41999816894531,697500,0.0,0.0
2026-03-25 00:00:00-04:00,76.72000122070312,77.93000030517578,76.72000122070312,77.51000213623047,1531400,0.0,0.0
2026-03-26 00:00:00-04:00,76.7699966430664,78.87999725341797,76.72000122070312,76.77999877929688,1271000,0.0,0.0
2026-03-27 00:00:00-04:00,76.30000305175781,76.66999816894531,75.19999694824219,75.5,720900,0.0,0.0
2026-03-30 00:00:00-04:00,76.48999786376953,76.66000366210938,73.66000366210938,74.48999786376953,725500,0.0,0.0
2026-03-31 00:00:00-04:00,75.43000030517578,78.0,75.30000305175781,77.69000244140625,1161500,0.0,0.0
2026-04-01 00:00:00-04:00,78.27999877929688,79.43000030517578,77.9800033569336,78.47000122070312,681300,0.0,0.0
2026-04-02 00:00:00-04:00,77.2699966430664,77.4000015258789,75.0,76.7300033569336,1008800,0.0,0.0
2026-04-06 00:00:00-04:00,76.0,76.66999816894531,75.70999908447266,76.0999984741211,473400,0.0,0.0
2026-04-07 00:00:00-04:00,75.62999725341797,76.05000305175781,74.47000122070312,75.2300033569336,1056800,0.0,0.0
2026-04-08 00:00:00-04:00,78.26000213623047,80.41999816894531,78.26000213623047,79.37000274658203,897400,0.0,0.0
2026-04-09 00:00:00-04:00,79.08999633789062,80.01000213623047,78.44000244140625,79.8499984741211,1421400,0.0,0.0
2026-04-10 00:00:00-04:00,80.33000183105469,80.75,79.4800033569336,80.0199966430664,1499200,0.0,0.0
2026-04-13 00:00:00-04:00,79.2300033569336,80.47000122070312,78.91999816894531,80.31999969482422,638500,0.0,0.0
2026-04-14 00:00:00-04:00,80.37999725341797,80.5,79.11000061035156,79.6500015258789,515700,0.0,0.0
2026-04-15 00:00:00-04:00,78.5,79.41999816894531,75.95999908447266,77.55999755859375,1588000,0.0,0.0
2026-04-16 00:00:00-04:00,77.5199966430664,78.75,77.12999725341797,77.7699966430664,862400,0.0,0.0
2026-04-17 00:00:00-04:00,79.75,84.0199966430664,79.66000366210938,83.02999877929688,2524600,0.0,0.0
2026-04-20 00:00:00-04:00,83.08999633789062,84.87000274658203,82.93000030517578,84.73999786376953,820400,0.0,0.0
2026-04-21 00:00:00-04:00,84.61000061035156,85.98999786376953,84.0999984741211,84.31999969482422,1014700,0.0,0.0
2026-04-22 00:00:00-04:00,84.69000244140625,85.1500015258789,83.83999633789062,83.91000366210938,673900,0.0,0.0
2026-04-23 00:00:00-04:00,83.30999755859375,85.76000213623047,83.30999755859375,85.18000030517578,890500,0.0,0.0
2026-04-24 00:00:00-04:00,86.4800033569336,87.0,85.77999877929688,85.95999908447266,1113600,0.0,0.0
2026-04-27 00:00:00-04:00,85.8499984741211,87.25,84.8499984741211,84.8499984741211,1758200,0.0,0.0
2026-04-28 00:00:00-04:00,83.79000091552734,85.4000015258789,83.79000091552734,84.6500015258789,1573857,0.0,0.0
