Date,Open,High,Low,Close,Volume,Dividends,Stock Splits
2022-01-03 00:00:00-05:00,2.270213546707282,2.4899116969565056,2.2213917182963083,2.4410898685455322,41320,0.0,0.0
2022-01-04 00:00:00-05:00,2.4655007503974304,2.4655007503974304,2.3190354176769103,2.3434462547302246,17193,0.0,0.0
2022-01-05 00:00:00-05:00,2.3678571746712915,2.3678571746712915,2.1237481907917837,2.1481590270996094,34653,0.0,0.0
2022-01-06 00:00:00-05:00,2.1481589265125596,2.1969807520424527,2.074926265817872,2.099337100982666,52633,0.0,0.0
2022-01-07 00:00:00-05:00,2.0993370832003486,2.1481589083166996,2.0261044231259744,2.0505154132843018,20287,0.0,0.0
2022-01-10 00:00:00-05:00,2.026104452045942,2.050515442552704,1.8308173039933764,1.928460955619812,37427,0.0,0.0
2022-01-11 00:00:00-05:00,1.9528717891719434,2.07492627599519,1.9284609538874165,2.02610445022583,18580,0.0,0.0
2022-01-12 00:00:00-05:00,2.050515442552704,2.0749262778591597,1.9284609556198122,1.928460955619812,14533,0.0,0.0
2022-01-13 00:00:00-05:00,1.952871790926268,2.050515442552704,1.9040499651130502,1.928460955619812,113347,0.0,0.0
2022-01-14 00:00:00-05:00,1.9528718190783607,2.0016936455953815,1.8552281660443195,1.9040499925613403,140533,0.0,0.0
2022-01-18 00:00:00-05:00,1.8552282202475996,1.9284610397628914,1.7087628916176412,1.7331737279891968,36080,0.0,0.0
2022-01-19 00:00:00-05:00,1.8064065475044886,1.830817383876044,1.6843520552460856,1.7331737279891968,14987,0.0,0.0
2022-01-20 00:00:00-05:00,1.7331737421454934,1.7331737421454934,1.611119248890168,1.6599410772323608,22300,0.0,0.0
2022-01-21 00:00:00-05:00,1.6599409578804296,1.6599409578804296,1.5378864734009818,1.5622974634170532,21513,0.0,0.0
2022-01-24 00:00:00-05:00,1.513475782431999,1.537886619567871,1.4158321234878763,1.537886619567871,50353,0.0,0.0
2022-01-25 00:00:00-05:00,1.6599411261795525,1.830817452815753,1.4158321324707852,1.440243124961853,428433,0.0,0.0
2022-01-26 00:00:00-05:00,1.4158321557462485,1.4890648240227178,1.3670103251618289,1.3914213180541992,78033,0.0,0.0
2022-01-27 00:00:00-05:00,1.415832180714474,1.4646540121598677,1.2937776797011518,1.3425995111465454,56007,0.0,0.0
2022-01-28 00:00:00-05:00,1.3425995111465454,1.415832180714474,1.2937776797011518,1.3425995111465454,34347,0.0,0.0
2022-01-31 00:00:00-05:00,1.3914212069512126,1.513475696066226,1.2693667178361994,1.4158320426940918,76627,0.0,0.0
2022-02-01 00:00:00-05:00,1.4402430223478604,1.5378865197543024,1.4158320315960196,1.4890646934509277,45460,0.0,0.0
2022-02-02 00:00:00-05:00,1.4890648240227178,1.5134758169150884,1.3670103251618289,1.3914213180541992,34787,0.0,0.0
2022-02-03 00:00:00-05:00,1.4158320631788774,1.4402430544752525,1.367010235786438,1.367010235786438,10793,0.0,0.0
2022-02-04 00:00:00-05:00,1.3425993996903738,1.367010235786438,1.2937775722979343,1.367010235786438,21893,0.0,0.0
2022-02-07 00:00:00-05:00,1.4402431486386191,1.4646539863306685,1.3670103251618289,1.3914213180541992,21860,0.0,0.0
2022-02-08 00:00:00-05:00,1.3670101232817833,1.391421112569139,1.2693666317332548,1.2937774658203125,28047,0.0,0.0
2022-02-09 00:00:00-05:00,1.3181886730240104,1.391421342591939,1.2937776797011518,1.3425995111465454,35480,0.0,0.0
2022-02-10 00:00:00-05:00,1.3425993996903738,1.4646538905713167,1.2937775722979343,1.367010235786438,66960,0.0,0.0
2022-02-11 00:00:00-05:00,1.3670102411479528,1.4158320687318748,1.2449558273884587,1.26936674118042,46707,0.0,0.0
2022-02-14 00:00:00-05:00,1.2449557781219482,1.2937775261736966,1.2205448652959978,1.2449557781219482,22207,0.0,0.0
2022-02-15 00:00:00-05:00,1.2449557781219482,1.3181885165997997,1.2449557781219482,1.2449557781219482,52133,0.0,0.0
2022-02-16 00:00:00-05:00,1.293777577372225,1.293777577372225,1.2205449135964976,1.26936674118042,16687,0.0,0.0
2022-02-17 00:00:00-05:00,1.2937776797011518,1.415832180714474,1.2693668415786168,1.3425995111465454,119360,0.0,0.0
2022-02-18 00:00:00-05:00,1.3670103026889682,1.4646539622526025,1.342599465398219,1.440243124961853,53540,0.0,0.0
2022-02-22 00:00:00-05:00,1.513475782431999,1.6111192861758046,1.4646539529599378,1.537886619567871,76467,0.0,0.0
2022-02-23 00:00:00-05:00,1.562297647499508,1.5867084851915574,1.3914213180541992,1.3914213180541992,42327,0.0,0.0
2022-02-24 00:00:00-05:00,1.3181885341895776,1.5378865197543024,1.3181885341895776,1.4890646934509277,27307,0.0,0.0
2022-02-25 00:00:00-05:00,1.5622975016553178,1.5622975016553178,1.4402430141885056,1.4646538496017456,15920,0.0,0.0
2022-02-28 00:00:00-05:00,1.4646539321312537,1.586708426475525,1.4158321033534822,1.586708426475525,29520,0.0,0.0
2022-03-01 00:00:00-05:00,1.5622975896867968,1.6355302552532964,1.5134757609090252,1.586708426475525,38093,0.0,0.0
2022-03-02 00:00:00-05:00,1.6355301230646613,1.6355301230646613,1.4890646485691421,1.5622974634170532,18587,0.0,0.0
2022-03-03 00:00:00-05:00,1.5134757104910563,1.8064065181990527,1.4890647193152091,1.7575846910476685,73580,0.0,0.0
2022-03-04 00:00:00-05:00,1.7575847260953514,1.8064065542202832,1.5867084052582467,1.6355302333831787,33027,0.0,0.0
2022-03-07 00:00:00-05:00,1.5867084052582467,1.7087628979704197,1.5867084052582467,1.6355302333831787,27593,0.0,0.0
2022-03-08 00:00:00-05:00,1.6111192167121529,1.8064065261805562,1.5867083806287579,1.7819955348968506,46493,0.0,0.0
2022-03-09 00:00:00-05:00,1.8308173418045044,1.8308173418045044,1.7087628523508707,1.8308173418045044,26433,0.0,0.0
2022-03-10 00:00:00-05:00,1.7819955559326204,1.7819955559326204,1.6599410636742173,1.7331737279891968,23500,0.0,0.0
2022-03-11 00:00:00-05:00,1.7331737576085242,1.7575847495975676,1.5622975896867968,1.586708426475525,27227,0.0,0.0
2022-03-14 00:00:00-04:00,1.5867083370685577,1.5867083370685577,1.4402430141885056,1.4646538496017456,19133,0.0,0.0
2022-03-15 00:00:00-04:00,1.4646539622526025,1.5134757920344195,1.440243124961853,1.440243124961853,59780,0.0,0.0
2022-03-16 00:00:00-04:00,1.5378865976977534,1.611119263264253,1.4402430953425256,1.586708426475525,43300,0.0,0.0
2022-03-17 00:00:00-04:00,1.5622975687959375,1.6843520615081105,1.5622975687959375,1.6355302333831787,22173,0.0,0.0
2022-03-18 00:00:00-04:00,1.6355302333831787,1.6843520615081105,1.6111192417205562,1.6355302333831787,12433,0.0,0.0
2022-03-21 00:00:00-04:00,1.6843520615081105,1.7087628979704197,1.5622975687959375,1.6355302333831787,20400,0.0,0.0
2022-03-22 00:00:00-04:00,1.635530227302662,1.7331737279891968,1.6111192357307937,1.7331737279891968,22480,0.0,0.0
2022-03-23 00:00:00-04:00,1.6843520690036144,1.7575847339167467,1.659941077232361,1.6599410772323608,9287,0.0,0.0
2022-03-24 00:00:00-04:00,1.7331737126004592,1.7331737126004592,1.6355302127808946,1.6843520402908325,4673,0.0,0.0
2022-03-25 00:00:00-04:00,1.7087628764456457,1.7331737126004592,1.659941048935708,1.6843520402908325,5407,0.0,0.0
2022-03-28 00:00:00-04:00,1.6843520402908325,1.6843520402908325,1.6111192214257701,1.6843520402908325,7673,0.0,0.0
2022-03-29 00:00:00-04:00,1.684352084031068,1.684352084031068,1.586708426475525,1.586708426475525,12013,0.0,0.0
2022-03-30 00:00:00-04:00,1.6111191511154173,1.6355301414052295,1.5867083160259097,1.6111191511154175,6033,0.0,0.0
2022-03-31 00:00:00-04:00,1.5867083160259097,1.684351966784549,1.5867083160259097,1.6111191511154175,6073,0.0,0.0
2022-04-01 00:00:00-04:00,1.684351966784549,1.684351966784549,1.6111191511154173,1.6111191511154175,11280,0.0,0.0
2022-04-04 00:00:00-04:00,1.6843520615081105,1.6843520615081105,1.5867084052582467,1.6355302333831787,12053,0.0,0.0
2022-04-05 00:00:00-04:00,1.6355301230646613,1.6355301230646613,1.5378864734009818,1.5622974634170532,5800,0.0,0.0
2022-04-06 00:00:00-04:00,1.6111191330485901,1.6111191330485901,1.5134756385852135,1.5622974634170532,5913,0.0,0.0
2022-04-07 00:00:00-04:00,1.53788649064659,1.6355301414052295,1.5134756555570825,1.6111191511154175,10487,0.0,0.0
2022-04-08 00:00:00-04:00,1.6599410079125851,1.6599410079125851,1.4890646934509277,1.4890646934509277,16067,0.0,0.0
2022-04-11 00:00:00-04:00,1.464653869380159,1.562297522752293,1.3914212069512126,1.4158320426940918,11253,0.0,0.0
2022-04-12 00:00:00-04:00,1.4158320426940918,1.513475696066226,1.3914212069512126,1.4158320426940918,24020,0.0,0.0
2022-04-13 00:00:00-04:00,1.4646538905713167,1.4646538905713167,1.367010235786438,1.367010235786438,11480,0.0,0.0
2022-04-14 00:00:00-04:00,1.3670102197058989,1.3914212107151203,1.3181885480880737,1.3181885480880737,10360,0.0,0.0
2022-04-18 00:00:00-04:00,1.3425994049561474,1.3914212325400697,1.26936674118042,1.26936674118042,4953,0.0,0.0
2022-04-19 00:00:00-04:00,1.2693666317332548,1.3425992891947256,1.2693666317332548,1.2937774658203125,5167,0.0,0.0
2022-04-20 00:00:00-04:00,1.318188568764342,1.318188568764342,1.2205449135964976,1.26936674118042,9840,0.0,0.0
2022-04-21 00:00:00-04:00,1.26936674118042,1.318188568764342,1.2449558273884587,1.26936674118042,9273,0.0,0.0
2022-04-22 00:00:00-04:00,1.2693667178361994,1.5867083584951722,1.244955804493166,1.4158320426940918,90427,0.0,0.0
2022-04-25 00:00:00-04:00,1.367010235786438,1.4646538905713167,1.3425993996903738,1.367010235786438,15627,0.0,0.0
2022-04-26 00:00:00-04:00,1.3670102197058989,1.4646538733421668,1.3181885480880737,1.3181885480880737,8220,0.0,0.0
2022-04-27 00:00:00-04:00,1.3425994049561474,1.3425994049561474,1.2449558273884587,1.26936674118042,5140,0.0,0.0
2022-04-28 00:00:00-04:00,1.2205448844227809,1.2693667108397537,1.1473122223974757,1.1961339712142944,14773,0.0,0.0
2022-04-29 00:00:00-04:00,1.2449558713255309,1.2693667859790037,1.122901375658325,1.1717231273651123,10327,0.0,0.0
2022-05-02 00:00:00-04:00,1.1717231204246519,1.1961340349335317,1.1229013690070502,1.1473122835159302,10033,0.0,0.0
2022-05-03 00:00:00-04:00,1.1717231273651123,1.196134042018585,1.147312290311798,1.1717231273651123,3973,0.0,0.0
2022-05-04 00:00:00-04:00,1.1961339712142944,1.1961339712142944,1.171723058005808,1.1961339712142944,4193,0.0,0.0
2022-05-05 00:00:00-04:00,1.1961340349335317,1.2449558639512914,1.1229013690070502,1.1473122835159302,11733,0.0,0.0
2022-05-06 00:00:00-04:00,1.1229013091889892,1.1961339712142944,1.1229013091889892,1.1961339712142944,4520,0.0,0.0
2022-05-09 00:00:00-04:00,1.1717230915815768,1.1717230915815768,1.0740795135498047,1.0740795135498047,15420,0.0,0.0
2022-05-10 00:00:00-04:00,1.0984904001943776,1.1229013134965058,0.8787923356755329,0.9032032489776611,44267,0.0,0.0
2022-05-11 00:00:00-04:00,0.9032032489776611,0.9764359112838913,0.9032032489776611,0.9032032489776611,5873,0.0,0.0
2022-05-12 00:00:00-04:00,0.9032032489776611,0.9764359112838913,0.8543814223734049,0.9032032489776611,8447,0.0,0.0
2022-05-13 00:00:00-04:00,0.9276140950750635,0.9520250086507558,0.8787923455238342,0.8787923455238342,8653,0.0,0.0
2022-05-16 00:00:00-04:00,0.878792325281078,1.0252577257612832,0.878792325281078,0.9764358997344971,25260,0.0,0.0
2022-05-17 00:00:00-04:00,0.9764358997344971,1.0252577257612832,0.903203238294471,0.9764358997344971,28073,0.0,0.0
2022-05-18 00:00:00-04:00,0.9520249979817632,1.0008468245860194,0.9032032489776611,0.9032032489776611,4000,0.0,0.0
2022-05-19 00:00:00-04:00,0.8787923433939412,0.9764359198599002,0.8787923433939412,0.9276140928268433,5260,0.0,0.0
2022-05-20 00:00:00-04:00,1.0252577468929571,1.0252577468929571,0.9032032569104697,0.9276140928268433,4680,0.0,0.0
2022-05-23 00:00:00-04:00,2.319035341369362,3.5884019303797112,2.196980849718343,3.1001839637756348,16045927,0.0,0.0
2022-05-24 00:00:00-04:00,2.5631443469556294,3.368704123016221,2.514322518830698,3.2710604667663574,3302347,0.0,0.0
2022-05-25 00:00:00-04:00,3.002540680770802,3.7104564986430297,2.929307860107854,3.4907586574554443,2051807,0.0,0.0
2022-05-26 00:00:00-04:00,3.539580069695552,3.710456224761991,2.6119658583047505,2.7096095085144043,683167,0.0,0.0
2022-05-27 00:00:00-04:00,2.7828424435510755,3.0025405883789062,2.6119659707291536,3.0025405883789062,315613,0.0,0.0
2022-05-31 00:00:00-04:00,2.92930766219872,3.246649449763825,2.807253176273773,3.026951313018799,152647,0.0,0.0
2022-06-01 00:00:00-04:00,3.002540383907993,3.0269512182485867,2.7828422540414524,2.9048967361450195,86880,0.0,0.0
2022-06-02 00:00:00-04:00,2.8072532276405053,3.1978275276668873,2.7828423920889716,2.9781293869018555,146953,0.0,0.0
2022-06-03 00:00:00-04:00,2.9293077850341795,3.0513622760772705,2.904896948905686,3.0513622760772705,48473,0.0,0.0
2022-06-06 00:00:00-04:00,3.075773200727313,3.4175258475638213,2.7584317011224795,2.8560750484466553,240227,0.0,0.0
2022-06-07 00:00:00-04:00,2.7828424014898454,3.3442928626742443,2.7828424014898454,3.29547119140625,273980,0.0,0.0
2022-06-08 00:00:00-04:00,3.1490059740541843,3.539580288653012,3.124595137591875,3.2710604667663574,78613,0.0,0.0
2022-06-09 00:00:00-04:00,3.124595174941963,3.515169494209551,3.124595174941963,3.4907586574554443,146447,0.0,0.0
2022-06-10 00:00:00-04:00,3.3687040252591585,3.5151693501833354,3.1245950469186576,3.3442928791046143,100907,0.0,0.0
2022-06-13 00:00:00-04:00,3.173416686775889,3.3442928457497296,3.05136219882297,3.2466495037078857,113400,0.0,0.0
2022-06-14 00:00:00-04:00,3.2710603392183466,3.2954711747288075,3.124595015754967,3.2466495037078857,32800,0.0,0.0
2022-06-15 00:00:00-04:00,3.2710604813228428,3.368704138007229,3.149005988067518,3.3198821544647217,51660,0.0,0.0
2022-06-16 00:00:00-04:00,3.222238389934364,3.588401857445115,3.1001839007641134,3.3442928791046143,188520,0.0,0.0
2022-06-17 00:00:00-04:00,3.3687039498806692,3.930154401260374,3.2466494634415235,3.5395801067352295,176267,0.0,0.0
2022-06-21 00:00:00-04:00,3.637223821484058,3.734867474420663,3.2466495201382557,3.29547119140625,61773,0.0,0.0
2022-06-22 00:00:00-04:00,3.393114883593277,3.808100025373487,3.3442929013599105,3.710456371307373,59353,0.0,0.0
2022-06-23 00:00:00-04:00,3.6860453723179147,3.856921836974081,3.6616345374814925,3.783689022064209,62080,0.0,0.0
2022-06-24 00:00:00-04:00,3.7836890589470102,3.856921874570744,3.612812903025776,3.6860454082489014,43533,0.0,0.0
2022-06-27 00:00:00-04:00,3.66163472850752,3.9545653826278726,3.563991073667195,3.8813328742980957,45693,0.0,0.0
2022-06-28 00:00:00-04:00,3.7836890589470102,3.856921874570744,3.5395800874020416,3.6860454082489014,38560,0.0,0.0
2022-06-29 00:00:00-04:00,4.198674313136577,4.613659763528378,4.0033873162468625,4.1742634773254395,1708020,0.0,0.0
2022-06-30 00:00:00-04:00,4.198674343585916,4.393961652292497,4.174263507597749,4.345139980316162,157387,0.0,0.0
2022-07-01 00:00:00-04:00,4.271907053090995,4.491605192187226,4.271907053090995,4.369550704956055,61020,0.0,0.0
2022-07-05 00:00:00-04:00,4.345139924916663,4.418372431947469,4.247496271808306,4.320728778839111,38627,0.0,0.0
2022-07-06 00:00:00-04:00,4.369550816304329,4.442783324268833,4.198674343585916,4.345139980316162,68107,0.0,0.0
2022-07-07 00:00:00-04:00,4.320728778839111,4.369550760593598,4.247496271808306,4.320728778839111,45953,0.0,0.0
2022-07-08 00:00:00-04:00,4.320728973564074,4.442783467850072,4.271907300009927,4.418372631072998,37353,0.0,0.0
2022-07-11 00:00:00-04:00,4.369550873523321,4.418372546138973,4.003387397704059,4.296318054199219,95787,0.0,0.0
2022-07-12 00:00:00-04:00,4.247496325962871,4.393961652292497,4.198674343585916,4.345139980316162,46300,0.0,0.0
2022-07-13 00:00:00-04:00,4.22308543613137,4.369550760593598,4.22308543613137,4.320728778839111,20607,0.0,0.0
2022-07-14 00:00:00-04:00,4.2230857673280715,4.32072911769352,4.198674619336069,4.247496604919434,33207,0.0,0.0
2022-07-15 00:00:00-04:00,4.2230856556674725,4.3451401507977385,4.198674508320913,4.271907329559326,15587,0.0,0.0
2022-07-18 00:00:00-04:00,4.345139924916663,4.345139924916663,4.247496271808306,4.320728778839111,16027,0.0,0.0
2022-07-19 00:00:00-04:00,4.3451401507977385,4.369550987743666,4.271907329559326,4.271907329559326,24293,0.0,0.0
2022-07-20 00:00:00-04:00,4.271907161951039,4.442783324268833,4.271907161951039,4.345139980316162,44153,0.0,0.0
2022-07-21 00:00:00-04:00,4.271907107485241,4.4671944137019555,4.271907107485241,4.320728778839111,24207,0.0,0.0
2022-07-22 00:00:00-04:00,4.198674508320913,4.3451401507977385,4.198674508320913,4.271907329559326,29633,0.0,0.0
2022-07-25 00:00:00-04:00,4.271907217891393,4.296318054199219,4.101031053335987,4.296318054199219,27340,0.0,0.0
2022-07-26 00:00:00-04:00,4.247496381583567,4.345140037215495,4.1498527259516385,4.296318054199219,8427,0.0,0.0
2022-07-27 00:00:00-04:00,4.320728723823218,4.369550704956055,4.271907053090995,4.369550704956055,18207,0.0,0.0
2022-07-28 00:00:00-04:00,4.345139924916663,4.369550760593598,4.22308543613137,4.320728778839111,15113,0.0,0.0
2022-07-29 00:00:00-04:00,4.271907329559326,4.32072900345118,4.2230856556674725,4.271907329559326,12520,0.0,0.0
2022-08-01 00:00:00-04:00,4.296317943162176,4.320728778839111,4.198674290053819,4.320728778839111,22887,0.0,0.0
2022-08-02 00:00:00-04:00,4.271907161951039,4.345139980316162,4.223085489974704,4.345139980316162,24027,0.0,0.0
2022-08-03 00:00:00-04:00,4.345140011069144,4.491605338435387,4.3207288645075845,4.442783355712891,39200,0.0,0.0
2022-08-04 00:00:00-04:00,4.442783299722619,4.491605281829834,4.345139956309424,4.491605281829834,24667,0.0,0.0
2022-08-05 00:00:00-04:00,4.467194586110447,4.56483793258667,4.442783439090763,4.56483793258667,23287,0.0,0.0
2022-08-08 00:00:00-04:00,4.613659545482599,4.638070380140057,4.4916050617947025,4.540426731109619,26647,0.0,0.0
2022-08-09 00:00:00-04:00,4.540427066573003,4.613659886356691,4.418372573867274,4.467194557189941,13700,0.0,0.0
2022-08-10 00:00:00-04:00,4.589248822626777,4.662481328383217,4.4916051712175795,4.516016006469727,29273,0.0,0.0
2022-08-11 00:00:00-04:00,4.4916050617947025,4.638070380140057,4.4916050617947025,4.540426731109619,10980,0.0,0.0
2022-08-12 00:00:00-04:00,4.540427176739929,4.711303656914398,4.516016339686614,4.686892509460449,13087,0.0,0.0
2022-08-15 00:00:00-04:00,4.613659584249441,4.735714068962915,4.613659584249441,4.711303234100342,10460,0.0,0.0
2022-08-16 00:00:00-04:00,4.638070695018322,4.711303514363071,4.613659858703613,4.613659858703613,11787,0.0,0.0
2022-08-17 00:00:00-04:00,4.613659998300506,4.711303656914398,4.564838013793244,4.686892509460449,14960,0.0,0.0
2022-08-18 00:00:00-04:00,4.686892088837162,4.784535738688063,4.589248749386868,4.711303234100342,22820,0.0,0.0
2022-08-19 00:00:00-04:00,4.760124886126176,4.857768535614014,4.686892071410147,4.857768535614014,26760,0.0,0.0
2022-08-22 00:00:00-04:00,4.808946945834395,4.83335809298736,4.711303598825059,4.735714435577393,9827,0.0,0.0
2022-08-23 00:00:00-04:00,4.784535884857178,4.833357866474459,4.711303378032181,4.784535884857178,15987,0.0,0.0
2022-08-24 00:00:00-04:00,4.808946555669793,4.857768535614014,4.7357140513543685,4.857768535614014,14660,0.0,0.0
2022-08-25 00:00:00-04:00,4.931001439996695,5.101877918064295,4.735714435577393,4.735714435577393,110267,0.0,0.0
2022-08-26 00:00:00-04:00,4.88217973983628,4.88217973983628,4.5404270959676145,4.56483793258667,71600,0.0,0.0
2022-08-29 00:00:00-04:00,4.638070752844466,4.6868924260825775,4.516016259348559,4.56483793258667,60067,0.0,0.0
2022-08-30 00:00:00-04:00,4.711303378032181,4.80894672046551,4.613659725198235,4.784535884857178,63373,0.0,0.0
2022-08-31 00:00:00-04:00,4.80894660949707,4.882179425032806,4.735714104361943,4.80894660949707,48240,0.0,0.0
2022-09-01 00:00:00-04:00,4.833357754942721,4.882179425032806,4.711303269316901,4.80894660949707,44640,0.0,0.0
2022-09-02 00:00:00-04:00,4.808946832572085,4.857768815327508,4.686892341284462,4.760125160217285,98153,0.0,0.0
2022-09-06 00:00:00-04:00,4.711303378032181,4.8821795376911234,4.686892232023232,4.784535884857178,49627,0.0,0.0
2022-09-07 00:00:00-04:00,4.711303598825059,4.808946945834395,4.711303598825059,4.735714435577393,21727,0.0,0.0
2022-09-08 00:00:00-04:00,4.711303378032181,4.833357866474459,4.686892232023232,4.784535884857178,32213,0.0,0.0
2022-09-09 00:00:00-04:00,4.760125160217285,4.808946832572085,4.711303487862485,4.760125160217285,18513,0.0,0.0
2022-09-12 00:00:00-04:00,4.760125272329727,4.83335809298736,4.735714435577393,4.735714435577393,17153,0.0,0.0
2022-09-13 00:00:00-04:00,4.711303598825059,4.784536109082061,4.686892451672095,4.735714435577393,10633,0.0,0.0
2022-09-14 00:00:00-04:00,4.735714213640513,4.833357866474459,4.711303378032181,4.784535884857178,14680,0.0,0.0
2022-09-15 00:00:00-04:00,4.857768589987764,4.882179425032806,4.784535774452028,4.80894660949707,19147,0.0,0.0
2022-09-16 00:00:00-04:00,4.80894672046551,4.833357866474459,4.735714213640513,4.784535884857178,23667,0.0,0.0
2022-09-19 00:00:00-04:00,4.711303378032181,4.784535884857178,4.686892232023232,4.784535884857178,23827,0.0,0.0
2022-09-20 00:00:00-04:00,4.735714435577393,4.784536109082061,4.613659941415092,4.735714435577393,28800,0.0,0.0
2022-09-21 00:00:00-04:00,5.01428639184863,5.200000221615725,4.364286216554198,4.642857551574707,856347,21.45,0.0
2022-09-22 00:00:00-04:00,4.642857383022372,4.921428707929746,4.457142969627508,4.828571796417236,120007,0.0,0.0
2022-09-23 00:00:00-04:00,5.014286225692424,5.107143137499013,4.457142983743351,4.550000190734863,75107,0.0,0.0
2022-09-26 00:00:00-04:00,4.550000033681356,4.735714441254029,4.364285921293596,4.4571428298950195,54447,0.0,0.0
2022-09-27 00:00:00-04:00,4.4571428298950195,4.735714441254029,4.364285921293596,4.4571428298950195,31253,0.0,0.0
2022-09-28 00:00:00-04:00,4.457142969627508,4.828571796417236,4.457142969627508,4.828571796417236,32193,0.0,0.0
2022-09-29 00:00:00-04:00,4.735714435577393,4.828571639252423,4.735714435577393,4.735714435577393,13053,0.0,0.0
2022-09-30 00:00:00-04:00,4.735714761643187,4.735714761643187,4.642857551574707,4.642857551574707,19420,0.0,0.0
2022-10-03 00:00:00-04:00,4.642857383022372,5.10714312132461,4.55000017632494,4.828571796417236,47447,0.0,0.0
2022-10-04 00:00:00-04:00,4.921428707929746,5.0142862098121,4.735714589719804,4.828571796417236,53753,0.0,0.0
2022-10-05 00:00:00-04:00,4.921428707929746,5.0142862098121,4.735714589719804,4.828571796417236,43140,0.0,0.0
2022-10-06 00:00:00-04:00,4.921428496334829,5.292857307155119,4.921428496334829,5.199999809265137,44053,0.0,0.0
2022-10-07 00:00:00-04:00,5.199999858042121,5.2928573568031245,5.014286041259766,5.014286041259766,8907,0.0,0.0
2022-10-10 00:00:00-04:00,5.10714312132461,5.10714312132461,4.828571796417236,4.828571796417236,24333,0.0,0.0
2022-10-11 00:00:00-04:00,4.921428680419922,5.014286181783222,4.828571769426465,4.921428680419922,15380,0.0,0.0
2022-10-12 00:00:00-04:00,4.921428633871528,5.5714287757873535,4.921428633871528,5.5714287757873535,62227,0.0,0.0
2022-10-13 00:00:00-04:00,5.57142880234244,5.57142880234244,5.292857480299285,5.478571891784668,23287,0.0,0.0
2022-10-14 00:00:00-04:00,5.5714287757873535,5.757143186387566,5.385714365187141,5.5714287757873535,14747,0.0,0.0
2022-10-17 00:00:00-04:00,5.757143213827822,5.757143213827822,5.385714390857057,5.478571891784668,10060,0.0,0.0
2022-10-18 00:00:00-04:00,5.385714390857057,5.57142880234244,5.385714390857057,5.478571891784668,7533,0.0,0.0
2022-10-19 00:00:00-04:00,5.571428947260823,5.571428947260823,5.385714530944824,5.385714530944824,10873,0.0,0.0
2022-10-20 00:00:00-04:00,5.385714390857057,5.57142880234244,5.292857480299285,5.478571891784668,5447,0.0,0.0
2022-10-21 00:00:00-04:00,5.292857617971753,5.571428947260823,5.292857617971753,5.385714530944824,5727,0.0,0.0
2022-10-24 00:00:00-04:00,5.292857480299285,5.478571891784668,5.1999999793716745,5.478571891784668,10880,0.0,0.0
2022-10-25 00:00:00-04:00,5.385714390857057,5.57142880234244,5.385714390857057,5.478571891784668,12467,0.0,0.0
2022-10-26 00:00:00-04:00,5.478572064274642,5.571428977755965,5.292857646942139,5.292857646942139,5813,0.0,0.0
2022-10-27 00:00:00-04:00,5.385714530944824,5.385714530944824,5.292857617971753,5.385714530944824,8767,0.0,0.0
2022-10-28 00:00:00-04:00,5.385714530944824,5.478572034287751,5.292857617971753,5.385714530944824,10573,0.0,0.0
2022-10-31 00:00:00-04:00,5.2928573568031245,5.478571763955306,4.921428542498762,5.014286041259766,18580,0.0,0.0
2022-11-01 00:00:00-04:00,5.199999809265137,5.292857307155119,5.107142901744974,5.199999809265137,7573,0.0,0.0
2022-11-02 00:00:00-04:00,5.199999809265137,5.385714214675281,5.014285994224812,5.199999809265137,6787,0.0,0.0
2022-11-03 00:00:00-04:00,5.199999809265137,5.385714214675281,5.199999809265137,5.199999809265137,8953,0.0,0.0
2022-11-04 00:00:00-04:00,5.199999809265137,5.478571712565263,5.199999809265137,5.199999809265137,3353,0.0,0.0
2022-11-07 00:00:00-05:00,5.199999833210203,5.199999833210203,4.921428518997125,5.107142925262451,24620,0.0,0.0
2022-11-08 00:00:00-05:00,5.2928573568031245,5.2928573568031245,4.921428542498762,5.014286041259766,18013,0.0,0.0
2022-11-09 00:00:00-05:00,5.014286017314699,5.107142925262451,5.014286017314699,5.107142925262451,9573,0.0,0.0
2022-11-10 00:00:00-05:00,5.107142925262451,5.292857331527777,5.014286017314699,5.107142925262451,7793,0.0,0.0
2022-11-11 00:00:00-05:00,5.199999809265137,5.292857307155119,4.921428496334829,5.199999809265137,15340,0.0,0.0
2022-11-14 00:00:00-05:00,5.199999833210203,5.199999833210203,5.014286017314699,5.107142925262451,10047,0.0,0.0
2022-11-15 00:00:00-05:00,5.107142925262451,5.292857331527777,5.014286017314699,5.107142925262451,10687,0.0,0.0
2022-11-16 00:00:00-05:00,5.107142949650943,5.2928573568031245,5.014286041259766,5.014286041259766,4287,0.0,0.0
2022-11-17 00:00:00-05:00,5.292857331527777,5.292857331527777,5.014286017314699,5.107142925262451,7967,0.0,0.0
2022-11-18 00:00:00-05:00,5.107142901744974,5.292857307155119,5.014285994224812,5.199999809265137,2780,0.0,0.0
2022-11-21 00:00:00-05:00,5.199999833210203,5.292857331527777,5.014286017314699,5.107142925262451,14373,0.0,0.0
2022-11-22 00:00:00-05:00,5.014286017314699,5.292857331527777,5.014286017314699,5.107142925262451,5073,0.0,0.0
2022-11-23 00:00:00-05:00,5.107142901744974,5.199999809265137,5.014285994224812,5.199999809265137,5247,0.0,0.0
2022-11-25 00:00:00-05:00,5.199999833210203,5.199999833210203,5.107142925262451,5.107142925262451,687,0.0,0.0
2022-11-28 00:00:00-05:00,5.107142925262451,5.199999833210203,5.014286017314699,5.107142925262451,4707,0.0,0.0
2022-11-29 00:00:00-05:00,5.107142925262451,5.199999833210203,5.014286017314699,5.107142925262451,3487,0.0,0.0
2022-11-30 00:00:00-05:00,5.107142901744974,5.199999809265137,5.107142901744974,5.199999809265137,3100,0.0,0.0
2022-12-01 00:00:00-05:00,5.107142925262451,5.199999833210203,5.107142925262451,5.107142925262451,5147,0.0,0.0
2022-12-02 00:00:00-05:00,5.107142925262451,5.199999833210203,5.107142925262451,5.107142925262451,9053,0.0,0.0
2022-12-05 00:00:00-05:00,5.107142925262451,5.199999833210203,5.107142925262451,5.107142925262451,20673,0.0,0.0
2022-12-06 00:00:00-05:00,5.107142949650943,5.199999858042121,4.828571634107584,5.014286041259766,13607,0.0,0.0
2022-12-07 00:00:00-05:00,4.921428680419922,5.107143092776679,4.828571769426465,4.921428680419922,3893,0.0,0.0
2022-12-08 00:00:00-05:00,5.0142862098121,5.10714312132461,4.735714589719804,4.828571796417236,39127,0.0,0.0
2022-12-09 00:00:00-05:00,4.828571639252423,5.014286046602482,4.642857231902362,4.735714435577393,34013,0.0,0.0
2022-12-12 00:00:00-05:00,4.735714435577393,4.828571639252423,4.735714435577393,4.735714435577393,12520,0.0,0.0
2022-12-13 00:00:00-05:00,4.735714761643187,4.921428886595216,4.457143131437745,4.642857551574707,20567,0.0,0.0
2022-12-14 00:00:00-05:00,4.642857397726376,4.8285718117094,4.550000190734863,4.550000190734863,48307,0.0,0.0
2022-12-15 00:00:00-05:00,4.550000190734863,4.8285718117094,4.550000190734863,4.550000190734863,18033,0.0,0.0
2022-12-16 00:00:00-05:00,4.457143131437745,4.642857551574707,4.457143131437745,4.642857551574707,13433,0.0,0.0
2022-12-19 00:00:00-05:00,4.550000190734863,4.735714604717888,4.550000190734863,4.550000190734863,7753,0.0,0.0
2022-12-20 00:00:00-05:00,4.550000341506226,4.735714761643187,4.550000341506226,4.642857551574707,62680,0.0,0.0
2022-12-21 00:00:00-05:00,4.828571971711669,4.828571971711669,4.642857551574707,4.642857551574707,48127,0.0,0.0
2022-12-22 00:00:00-05:00,4.642857397726376,4.735714604717888,4.550000190734863,4.550000190734863,24080,0.0,0.0
2022-12-23 00:00:00-05:00,4.642857551574707,4.735714761643187,4.550000341506226,4.642857551574707,18593,0.0,0.0
2022-12-27 00:00:00-05:00,5.014286046602482,5.107142955092598,4.642857231902362,4.735714435577393,94947,0.0,0.0
2022-12-28 00:00:00-05:00,4.828571796417236,5.0142862098121,4.735714589719804,4.828571796417236,98287,0.0,0.0
2022-12-29 00:00:00-05:00,5.014286017314699,5.385714239475529,4.921428518997125,5.107142925262451,109327,0.0,0.0
2022-12-30 00:00:00-05:00,5.385714416126893,5.57142882848365,4.642857357069708,4.921428680419922,125107,0.0,0.0
2023-01-03 00:00:00-05:00,5.292857480299285,5.478571891784668,5.014286158256131,5.478571891784668,45727,0.0,0.0
2023-01-04 00:00:00-05:00,5.478571865672166,5.6642856859025414,5.199999954586929,5.5714287757873535,69167,0.0,0.0
2023-01-05 00:00:00-05:00,5.5714287757873535,5.6642856859025414,5.478571865672166,5.5714287757873535,15733,0.0,0.0
2023-01-06 00:00:00-05:00,5.571428912026528,6.035714654695406,5.571428912026528,5.94285774230957,67220,0.0,0.0
2023-01-09 00:00:00-05:00,5.942857402072023,6.03571430914166,5.849999904632568,5.849999904632568,31300,0.0,0.0
2023-01-10 00:00:00-05:00,5.942857569591053,5.942857569591053,5.571428750102924,5.664285659790039,69140,0.0,0.0
2023-01-11 00:00:00-05:00,5.571428615376695,5.849999928071567,5.571428615376695,5.757143020629883,41307,0.0,0.0
2023-01-12 00:00:00-05:00,5.664285500123477,5.942857402072023,5.664285500123477,5.849999904632568,64993,0.0,0.0
2023-01-13 00:00:00-05:00,4.199999809265137,4.349999904632568,3.0,3.9000000953674316,1203287,3.6,0.0
2023-01-17 00:00:00-05:00,4.050000190734863,4.199999809265137,3.75,3.75,178153,0.0,0.0
2023-01-18 00:00:00-05:00,3.9000000953674316,4.050000190734863,3.75,3.75,89133,0.0,0.0
2023-01-19 00:00:00-05:00,3.9000000953674316,3.9000000953674316,3.5999999046325684,3.75,43207,0.0,0.0
2023-01-20 00:00:00-05:00,3.9000000953674316,4.050000190734863,3.75,4.050000190734863,86127,0.0,0.0
2023-01-23 00:00:00-05:00,4.050000190734863,4.199999809265137,3.9000000953674316,4.050000190734863,101040,0.0,0.0
2023-01-24 00:00:00-05:00,4.199999809265137,4.800000190734863,4.050000190734863,4.5,107453,0.0,0.0
2023-01-25 00:00:00-05:00,4.800000190734863,4.800000190734863,4.5,4.5,53093,0.0,0.0
2023-01-26 00:00:00-05:00,4.650000095367432,4.800000190734863,4.5,4.5,26787,0.0,0.0
2023-01-27 00:00:00-05:00,4.650000095367432,4.800000190734863,4.349999904632568,4.5,38533,0.0,0.0
2023-01-30 00:00:00-05:00,4.5,4.650000095367432,4.199999809265137,4.199999809265137,25620,0.0,0.0
2023-01-31 00:00:00-05:00,4.199999809265137,4.349999904632568,4.199999809265137,4.199999809265137,11533,0.0,0.0
2023-02-01 00:00:00-05:00,4.199999809265137,4.349999904632568,4.199999809265137,4.199999809265137,9620,0.0,0.0
2023-02-02 00:00:00-05:00,4.5,4.800000190734863,4.5,4.5,122760,0.0,0.0
2023-02-03 00:00:00-05:00,4.5,4.650000095367432,4.349999904632568,4.349999904632568,76673,0.0,0.0
2023-02-06 00:00:00-05:00,4.650000095367432,4.650000095367432,4.050000190734863,4.199999809265137,64773,0.0,0.0
2023-02-07 00:00:00-05:00,4.199999809265137,4.349999904632568,4.199999809265137,4.199999809265137,13767,0.0,0.0
2023-02-08 00:00:00-05:00,4.050000190734863,4.199999809265137,3.75,4.050000190734863,48727,0.0,0.0
2023-02-09 00:00:00-05:00,4.050000190734863,4.199999809265137,3.9000000953674316,3.9000000953674316,10620,0.0,0.0
2023-02-10 00:00:00-05:00,3.9000000953674316,3.9000000953674316,3.75,3.75,23080,0.0,0.0
2023-02-13 00:00:00-05:00,3.75,4.050000190734863,3.75,3.9000000953674316,18100,0.0,0.0
2023-02-14 00:00:00-05:00,4.050000190734863,4.199999809265137,3.9000000953674316,4.050000190734863,16667,0.0,0.0
2023-02-15 00:00:00-05:00,4.050000190734863,4.199999809265137,3.9000000953674316,4.050000190734863,15373,0.0,0.0
2023-02-16 00:00:00-05:00,3.9000000953674316,4.050000190734863,3.9000000953674316,3.9000000953674316,3473,0.0,0.0
2023-02-17 00:00:00-05:00,3.9000000953674316,4.050000190734863,3.5999999046325684,3.75,28047,0.0,0.0
2023-02-21 00:00:00-05:00,3.75,3.9000000953674316,3.5999999046325684,3.75,12407,0.0,0.0
2023-02-22 00:00:00-05:00,3.75,3.75,3.5999999046325684,3.5999999046325684,9473,0.0,0.0
2023-02-23 00:00:00-05:00,3.5999999046325684,3.5999999046325684,3.5999999046325684,3.5999999046325684,14053,0.0,0.0
2023-02-24 00:00:00-05:00,3.5999999046325684,3.75,3.450000047683716,3.5999999046325684,9393,0.0,0.0
2023-02-27 00:00:00-05:00,3.75,3.75,3.5999999046325684,3.5999999046325684,58513,0.0,0.0
2023-02-28 00:00:00-05:00,5.099999904632568,5.25,4.050000190734863,4.5,2380460,0.0,0.0
2023-03-01 00:00:00-05:00,4.050000190734863,4.050000190734863,3.5999999046325684,3.75,220507,0.0,0.0
2023-03-02 00:00:00-05:00,3.75,3.9000000953674316,3.5999999046325684,3.5999999046325684,74487,0.0,0.0
2023-03-03 00:00:00-05:00,3.5999999046325684,3.75,3.450000047683716,3.5999999046325684,60440,0.0,0.0
2023-03-06 00:00:00-05:00,3.5999999046325684,3.9000000953674316,3.450000047683716,3.5999999046325684,88333,0.0,0.0
2023-03-07 00:00:00-05:00,3.75,3.75,3.450000047683716,3.5999999046325684,80940,0.0,0.0
2023-03-08 00:00:00-05:00,3.5999999046325684,3.5999999046325684,3.299999952316284,3.450000047683716,47820,0.0,0.0
2023-03-09 00:00:00-05:00,3.5999999046325684,3.5999999046325684,3.1500000953674316,3.299999952316284,32007,0.0,0.0
2023-03-10 00:00:00-05:00,3.299999952316284,3.450000047683716,3.0,3.0,48413,0.0,0.0
2023-03-13 00:00:00-04:00,3.0,3.299999952316284,2.8499999046325684,3.1500000953674316,28800,0.0,0.0
2023-03-14 00:00:00-04:00,3.1500000953674316,3.299999952316284,3.0,3.1500000953674316,16327,0.0,0.0
2023-03-15 00:00:00-04:00,3.1500000953674316,3.299999952316284,3.1500000953674316,3.299999952316284,20073,0.0,0.0
2023-03-16 00:00:00-04:00,3.1500000953674316,3.299999952316284,3.0,3.0,20047,0.0,0.0
2023-03-17 00:00:00-04:00,3.1500000953674316,3.1500000953674316,3.0,3.0,23147,0.0,0.0
2023-03-20 00:00:00-04:00,3.0,3.1500000953674316,2.8499999046325684,2.8499999046325684,34840,0.0,0.0
2023-03-21 00:00:00-04:00,3.0,3.0,2.8499999046325684,2.8499999046325684,24307,0.0,0.0
2023-03-22 00:00:00-04:00,3.0,3.1500000953674316,3.0,3.0,19813,0.0,0.0
2023-03-23 00:00:00-04:00,3.0,3.299999952316284,3.0,3.0,42287,0.0,0.0
2023-03-24 00:00:00-04:00,3.1500000953674316,3.1500000953674316,2.8499999046325684,3.1500000953674316,14313,0.0,0.0
2023-03-27 00:00:00-04:00,3.0,3.1500000953674316,2.8499999046325684,3.0,20073,0.0,0.0
2023-03-28 00:00:00-04:00,3.0,3.0,2.8499999046325684,2.8499999046325684,17593,0.0,0.0
2023-03-29 00:00:00-04:00,3.0,3.0,2.8499999046325684,3.0,6933,0.0,0.0
2023-03-30 00:00:00-04:00,3.0,3.1500000953674316,3.0,3.0,11280,0.0,0.0
2023-03-31 00:00:00-04:00,3.1500000953674316,3.1500000953674316,3.0,3.1500000953674316,20347,0.0,0.0
2023-04-03 00:00:00-04:00,3.299999952316284,3.299999952316284,3.0,3.1500000953674316,15653,0.0,0.0
2023-04-04 00:00:00-04:00,3.299999952316284,3.299999952316284,3.1500000953674316,3.1500000953674316,6613,0.0,0.0
2023-04-05 00:00:00-04:00,3.299999952316284,3.299999952316284,3.0,3.1500000953674316,9120,0.0,0.0
2023-04-06 00:00:00-04:00,3.1500000953674316,3.299999952316284,3.0,3.1500000953674316,10787,0.0,0.0
2023-04-10 00:00:00-04:00,3.1500000953674316,3.1500000953674316,3.0,3.1500000953674316,18793,0.0,0.0
2023-04-11 00:00:00-04:00,3.1500000953674316,3.299999952316284,3.1500000953674316,3.1500000953674316,10847,0.0,0.0
2023-04-12 00:00:00-04:00,3.299999952316284,3.299999952316284,3.1500000953674316,3.1500000953674316,11707,0.0,0.0
2023-04-13 00:00:00-04:00,3.299999952316284,3.299999952316284,3.1500000953674316,3.299999952316284,12887,0.0,0.0
2023-04-14 00:00:00-04:00,3.299999952316284,3.299999952316284,3.1500000953674316,3.1500000953674316,17420,0.0,0.0
2023-04-17 00:00:00-04:00,3.299999952316284,3.75,3.1500000953674316,3.450000047683716,78607,0.0,0.0
2023-04-18 00:00:00-04:00,3.450000047683716,3.5999999046325684,3.450000047683716,3.5999999046325684,11887,0.0,0.0
2023-04-19 00:00:00-04:00,3.450000047683716,3.5999999046325684,3.450000047683716,3.5999999046325684,10860,0.0,0.0
2023-04-20 00:00:00-04:00,3.5999999046325684,3.5999999046325684,3.450000047683716,3.5999999046325684,6293,0.0,0.0
2023-04-21 00:00:00-04:00,3.450000047683716,3.75,3.450000047683716,3.5999999046325684,14380,0.0,0.0
2023-04-24 00:00:00-04:00,3.5999999046325684,3.5999999046325684,3.450000047683716,3.5999999046325684,4473,0.0,0.0
2023-04-25 00:00:00-04:00,3.5999999046325684,3.5999999046325684,3.450000047683716,3.450000047683716,12260,0.0,0.0
2023-04-26 00:00:00-04:00,3.450000047683716,3.5999999046325684,3.450000047683716,3.450000047683716,5760,0.0,0.0
2023-04-27 00:00:00-04:00,3.450000047683716,3.450000047683716,3.299999952316284,3.450000047683716,8427,0.0,0.0
2023-04-28 00:00:00-04:00,3.299999952316284,3.5999999046325684,3.1500000953674316,3.1500000953674316,12747,0.0,0.0
2023-05-01 00:00:00-04:00,3.299999952316284,3.299999952316284,3.0,3.0,9067,0.0,0.0
2023-05-02 00:00:00-04:00,3.1500000953674316,3.299999952316284,3.0,3.1500000953674316,3240,0.0,0.0
2023-05-03 00:00:00-04:00,3.1500000953674316,3.299999952316284,3.1500000953674316,3.1500000953674316,10607,0.0,0.0
2023-05-04 00:00:00-04:00,3.1500000953674316,3.5999999046325684,3.1500000953674316,3.299999952316284,10927,0.0,0.0
2023-05-05 00:00:00-04:00,3.1500000953674316,3.299999952316284,3.1500000953674316,3.1500000953674316,1960,0.0,0.0
2023-05-08 00:00:00-04:00,3.299999952316284,3.299999952316284,3.1500000953674316,3.1500000953674316,8540,0.0,0.0
2023-05-09 00:00:00-04:00,3.299999952316284,3.450000047683716,3.1500000953674316,3.1500000953674316,13967,0.0,0.0
2023-05-10 00:00:00-04:00,3.299999952316284,3.450000047683716,3.299999952316284,3.299999952316284,8047,0.0,0.0
2023-05-11 00:00:00-04:00,3.299999952316284,3.5999999046325684,3.299999952316284,3.450000047683716,24327,0.0,0.0
2023-05-12 00:00:00-04:00,3.299999952316284,3.450000047683716,3.299999952316284,3.299999952316284,5153,0.0,0.0
2023-05-15 00:00:00-04:00,3.299999952316284,3.450000047683716,3.299999952316284,3.299999952316284,6507,0.0,0.0
2023-05-16 00:00:00-04:00,3.5999999046325684,3.5999999046325684,3.450000047683716,3.450000047683716,10127,0.0,0.0
2023-05-17 00:00:00-04:00,3.450000047683716,3.5999999046325684,3.450000047683716,3.450000047683716,5093,0.0,0.0
2023-05-18 00:00:00-04:00,3.299999952316284,3.5999999046325684,3.299999952316284,3.450000047683716,11747,0.0,0.0
2023-05-19 00:00:00-04:00,3.5999999046325684,3.5999999046325684,3.450000047683716,3.450000047683716,3813,0.0,0.0
2023-05-22 00:00:00-04:00,3.5999999046325684,3.5999999046325684,3.450000047683716,3.5999999046325684,4460,0.0,0.0
2023-05-23 00:00:00-04:00,3.5999999046325684,3.5999999046325684,3.299999952316284,3.450000047683716,28353,0.0,0.0
2023-05-24 00:00:00-04:00,3.450000047683716,3.450000047683716,3.299999952316284,3.450000047683716,2667,0.0,0.0
2023-05-25 00:00:00-04:00,3.5999999046325684,3.5999999046325684,3.299999952316284,3.299999952316284,7707,0.0,0.0
2023-05-26 00:00:00-04:00,3.5999999046325684,3.5999999046325684,3.299999952316284,3.450000047683716,3353,0.0,0.0
2023-05-30 00:00:00-04:00,3.450000047683716,3.5999999046325684,3.450000047683716,3.450000047683716,22213,0.0,0.0
2023-05-31 00:00:00-04:00,3.5999999046325684,3.5999999046325684,3.299999952316284,3.299999952316284,14240,0.0,0.0
2023-06-01 00:00:00-04:00,3.5999999046325684,3.5999999046325684,3.1500000953674316,3.1500000953674316,20607,0.0,0.0
2023-06-02 00:00:00-04:00,3.299999952316284,3.5999999046325684,3.299999952316284,3.450000047683716,23393,0.0,0.0
2023-06-05 00:00:00-04:00,3.75,3.75,3.450000047683716,3.5999999046325684,11573,0.0,0.0
2023-06-06 00:00:00-04:00,3.75,3.75,3.450000047683716,3.450000047683716,6887,0.0,0.0
2023-06-07 00:00:00-04:00,3.5999999046325684,3.75,3.5999999046325684,3.5999999046325684,6460,0.0,0.0
2023-06-08 00:00:00-04:00,3.75,3.75,3.299999952316284,3.299999952316284,13260,0.0,0.0
2023-06-09 00:00:00-04:00,3.450000047683716,3.5999999046325684,3.299999952316284,3.450000047683716,4260,0.0,0.0
2023-06-12 00:00:00-04:00,3.5999999046325684,3.5999999046325684,3.299999952316284,3.450000047683716,8073,0.0,0.0
2023-06-13 00:00:00-04:00,3.5999999046325684,3.5999999046325684,3.450000047683716,3.450000047683716,8113,0.0,0.0
2023-06-14 00:00:00-04:00,3.5999999046325684,3.5999999046325684,3.450000047683716,3.450000047683716,13427,0.0,0.0
2023-06-15 00:00:00-04:00,3.5999999046325684,3.9000000953674316,3.5999999046325684,3.75,22253,0.0,0.0
2023-06-16 00:00:00-04:00,4.050000190734863,4.199999809265137,3.9000000953674316,3.9000000953674316,39700,0.0,0.0
2023-06-20 00:00:00-04:00,4.349999904632568,4.5,4.050000190734863,4.349999904632568,75593,0.0,0.0
2023-06-21 00:00:00-04:00,4.650000095367432,7.5,4.5,5.25,1077787,0.0,0.0
2023-06-22 00:00:00-04:00,5.25,5.550000190734863,4.650000095367432,4.800000190734863,112407,0.0,0.0
2023-06-23 00:00:00-04:00,4.5,4.800000190734863,4.349999904632568,4.5,51140,0.0,0.0
2023-06-26 00:00:00-04:00,4.5,4.949999809265137,4.349999904632568,4.650000095367432,22753,0.0,0.0
2023-06-27 00:00:00-04:00,4.650000095367432,5.099999904632568,4.650000095367432,4.949999809265137,35287,0.0,0.0
2023-06-28 00:00:00-04:00,5.099999904632568,5.25,4.949999809265137,5.099999904632568,28393,0.0,0.0
2023-06-29 00:00:00-04:00,5.25,5.400000095367432,5.099999904632568,5.099999904632568,17213,0.0,0.0
2023-06-30 00:00:00-04:00,5.25,5.400000095367432,5.099999904632568,5.25,15407,0.0,0.0
2023-07-03 00:00:00-04:00,5.550000190734863,5.550000190734863,5.099999904632568,5.25,16653,0.0,0.0
2023-07-05 00:00:00-04:00,5.25,5.400000095367432,4.949999809265137,5.099999904632568,23720,0.0,0.0
2023-07-06 00:00:00-04:00,5.099999904632568,5.25,4.800000190734863,5.099999904632568,15353,0.0,0.0
2023-07-07 00:00:00-04:00,5.25,5.400000095367432,5.099999904632568,5.25,13353,0.0,0.0
2023-07-10 00:00:00-04:00,5.400000095367432,5.550000190734863,5.25,5.400000095367432,14193,0.0,0.0
2023-07-11 00:00:00-04:00,5.099999904632568,5.400000095367432,5.099999904632568,5.25,12107,0.0,0.0
2023-07-12 00:00:00-04:00,5.099999904632568,5.25,5.099999904632568,5.099999904632568,11260,0.0,0.0
2023-07-13 00:00:00-04:00,5.25,5.400000095367432,5.25,5.25,8893,0.0,0.0
2023-07-14 00:00:00-04:00,5.25,5.849999904632568,5.25,5.699999809265137,23860,0.0,0.0
2023-07-17 00:00:00-04:00,5.849999904632568,6.150000095367432,5.849999904632568,6.150000095367432,34313,0.0,0.0
2023-07-18 00:00:00-04:00,6.599999904632568,6.900000095367432,6.300000190734863,6.75,52680,0.0,0.0
2023-07-19 00:00:00-04:00,6.900000095367432,7.199999809265137,5.400000095367432,5.550000190734863,78447,0.0,0.0
2023-07-20 00:00:00-04:00,5.849999904632568,6.300000190734863,5.849999904632568,6.150000095367432,25433,0.0,0.0
2023-07-21 00:00:00-04:00,6.300000190734863,6.900000095367432,6.150000095367432,6.449999809265137,38187,0.0,0.0
2023-07-24 00:00:00-04:00,6.449999809265137,6.599999904632568,6.0,6.150000095367432,20773,0.0,0.0
2023-07-25 00:00:00-04:00,6.150000095367432,6.150000095367432,5.400000095367432,5.400000095367432,44200,0.0,0.0
2023-07-26 00:00:00-04:00,5.400000095367432,5.550000190734863,5.400000095367432,5.550000190734863,7093,0.0,0.0
2023-07-27 00:00:00-04:00,5.400000095367432,5.550000190734863,5.400000095367432,5.400000095367432,9040,0.0,0.0
2023-07-28 00:00:00-04:00,5.550000190734863,5.699999809265137,5.550000190734863,5.550000190734863,10073,0.0,0.0
2023-07-31 00:00:00-04:00,5.699999809265137,5.849999904632568,5.550000190734863,5.699999809265137,8933,0.0,0.0
2023-08-01 00:00:00-04:00,5.699999809265137,5.849999904632568,5.400000095367432,5.400000095367432,11513,0.0,0.0
2023-08-02 00:00:00-04:00,5.400000095367432,5.400000095367432,5.099999904632568,5.25,10033,0.0,0.0
2023-08-03 00:00:00-04:00,5.25,5.550000190734863,5.25,5.400000095367432,9687,0.0,0.0
2023-08-04 00:00:00-04:00,5.699999809265137,5.699999809265137,4.949999809265137,4.949999809265137,21407,0.0,0.0
2023-08-07 00:00:00-04:00,5.099999904632568,5.550000190734863,4.949999809265137,5.25,9687,0.0,0.0
2023-08-08 00:00:00-04:00,5.099999904632568,5.400000095367432,4.949999809265137,5.099999904632568,6647,0.0,0.0
2023-08-09 00:00:00-04:00,4.949999809265137,5.400000095367432,4.949999809265137,5.099999904632568,7920,0.0,0.0
2023-08-10 00:00:00-04:00,5.099999904632568,5.25,4.800000190734863,5.099999904632568,12120,0.0,0.0
2023-08-11 00:00:00-04:00,5.099999904632568,5.099999904632568,4.800000190734863,5.099999904632568,5847,0.0,0.0
2023-08-14 00:00:00-04:00,5.099999904632568,5.550000190734863,4.949999809265137,5.25,10573,0.0,0.0
2023-08-15 00:00:00-04:00,5.400000095367432,5.699999809265137,5.400000095367432,5.550000190734863,21980,0.0,0.0
2023-08-16 00:00:00-04:00,5.699999809265137,6.75,5.699999809265137,6.599999904632568,64507,0.0,0.0
2023-08-17 00:00:00-04:00,7.050000190734863,7.949999809265137,6.75,7.199999809265137,86487,0.0,0.0
2023-08-18 00:00:00-04:00,7.5,8.399999618530273,7.349999904632568,8.100000381469727,80313,0.0,0.0
2023-08-21 00:00:00-04:00,8.850000381469727,9.149999618530273,7.949999809265137,8.100000381469727,119567,0.0,0.0
2023-08-22 00:00:00-04:00,8.850000381469727,9.0,8.399999618530273,8.699999809265137,40753,0.0,0.0
2023-08-23 00:00:00-04:00,9.149999618530273,11.100000381469727,9.0,9.75,109353,0.0,0.0
2023-08-24 00:00:00-04:00,10.350000381469727,10.350000381469727,7.800000190734863,7.800000190734863,64247,0.0,0.0
2023-08-25 00:00:00-04:00,9.0,9.149999618530273,8.100000381469727,8.850000381469727,64100,0.0,0.0
2023-08-28 00:00:00-04:00,9.300000190734863,9.899999618530273,8.399999618530273,8.699999809265137,59347,0.0,0.0
2023-08-29 00:00:00-04:00,9.300000190734863,9.300000190734863,8.550000190734863,8.699999809265137,25900,0.0,0.0
2023-08-30 00:00:00-04:00,8.399999618530273,9.0,8.399999618530273,8.399999618530273,20267,0.0,0.0
2023-08-31 00:00:00-04:00,8.550000190734863,8.850000381469727,8.25,8.399999618530273,16993,0.0,0.0
2023-09-01 00:00:00-04:00,8.25,8.25,6.300000190734863,6.75,77540,0.0,0.0
2023-09-05 00:00:00-04:00,7.650000095367432,8.550000190734863,7.5,8.25,36147,0.0,0.0
2023-09-06 00:00:00-04:00,8.100000381469727,8.550000190734863,7.5,8.100000381469727,31553,0.0,0.0
2023-09-07 00:00:00-04:00,8.100000381469727,8.25,7.650000095367432,7.949999809265137,7287,0.0,0.0
2023-09-08 00:00:00-04:00,7.650000095367432,7.800000190734863,7.050000190734863,7.349999904632568,24793,0.0,0.0
2023-09-11 00:00:00-04:00,7.199999809265137,7.5,6.900000095367432,7.050000190734863,13753,0.0,0.0
2023-09-12 00:00:00-04:00,7.050000190734863,7.349999904632568,7.050000190734863,7.199999809265137,4933,0.0,0.0
2023-09-13 00:00:00-04:00,7.5,7.800000190734863,7.199999809265137,7.650000095367432,11527,0.0,0.0
2023-09-14 00:00:00-04:00,7.800000190734863,8.399999618530273,7.800000190734863,8.399999618530273,20267,0.0,0.0
2023-09-15 00:00:00-04:00,8.399999618530273,8.399999618530273,8.25,8.25,7787,0.0,0.0
2023-09-18 00:00:00-04:00,8.25,8.25,7.199999809265137,7.5,13407,0.0,0.0
2023-09-19 00:00:00-04:00,7.349999904632568,8.399999618530273,7.349999904632568,8.25,10960,0.0,0.0
2023-09-20 00:00:00-04:00,7.949999809265137,8.25,7.800000190734863,8.25,13167,0.0,0.0
2023-09-21 00:00:00-04:00,7.949999809265137,7.949999809265137,7.050000190734863,7.349999904632568,24993,0.0,0.0
2023-09-22 00:00:00-04:00,7.5,7.800000190734863,7.349999904632568,7.349999904632568,6940,0.0,0.0
2023-09-25 00:00:00-04:00,7.5,7.650000095367432,7.5,7.5,6693,0.0,0.0
2023-09-26 00:00:00-04:00,7.650000095367432,7.800000190734863,7.349999904632568,7.5,3640,0.0,0.0
2023-09-27 00:00:00-04:00,7.650000095367432,7.650000095367432,7.349999904632568,7.5,6147,0.0,0.0
2023-09-28 00:00:00-04:00,7.5,7.650000095367432,7.349999904632568,7.349999904632568,6053,0.0,0.0
2023-09-29 00:00:00-04:00,7.5,7.5,7.050000190734863,7.199999809265137,7967,0.0,0.0
2023-10-02 00:00:00-04:00,7.349999904632568,7.349999904632568,7.199999809265137,7.349999904632568,8180,0.0,0.0
2023-10-03 00:00:00-04:00,7.199999809265137,7.349999904632568,6.75,6.75,10207,0.0,0.0
2023-10-04 00:00:00-04:00,6.900000095367432,6.900000095367432,6.449999809265137,6.75,14180,0.0,0.0
2023-10-05 00:00:00-04:00,6.599999904632568,6.900000095367432,6.449999809265137,6.449999809265137,5193,0.0,0.0
2023-10-06 00:00:00-04:00,6.599999904632568,6.75,6.449999809265137,6.599999904632568,7167,0.0,0.0
2023-10-09 00:00:00-04:00,6.75,6.75,6.449999809265137,6.449999809265137,3380,0.0,0.0
2023-10-10 00:00:00-04:00,6.75,6.75,6.449999809265137,6.599999904632568,4013,0.0,0.0
2023-10-11 00:00:00-04:00,6.599999904632568,6.75,6.449999809265137,6.449999809265137,6360,0.0,0.0
2023-10-12 00:00:00-04:00,6.449999809265137,6.599999904632568,5.849999904632568,6.150000095367432,9747,0.0,0.0
2023-10-13 00:00:00-04:00,4.949999809265137,5.550000190734863,4.800000190734863,5.099999904632568,60887,0.0,0.0
2023-10-16 00:00:00-04:00,5.25,6.300000190734863,5.25,6.300000190734863,26627,0.0,0.0
2023-10-17 00:00:00-04:00,6.449999809265137,6.599999904632568,6.150000095367432,6.300000190734863,9307,0.0,0.0
2023-10-18 00:00:00-04:00,6.449999809265137,6.599999904632568,6.150000095367432,6.300000190734863,4947,0.0,0.0
2023-10-19 00:00:00-04:00,6.300000190734863,6.449999809265137,6.0,6.0,3773,0.0,0.0
2023-10-20 00:00:00-04:00,7.199999809265137,8.850000381469727,6.75,7.5,193127,0.0,0.0
2023-10-23 00:00:00-04:00,7.050000190734863,7.5,6.900000095367432,7.050000190734863,20207,0.0,0.0
2023-10-24 00:00:00-04:00,6.75,7.349999904632568,5.550000190734863,6.449999809265137,28220,0.0,0.0
2023-10-25 00:00:00-04:00,6.599999904632568,8.399999618530273,6.449999809265137,7.949999809265137,28673,0.0,0.0
2023-10-26 00:00:00-04:00,8.100000381469727,8.699999809265137,7.5,8.100000381469727,23673,0.0,0.0
2023-10-27 00:00:00-04:00,7.949999809265137,8.699999809265137,7.949999809265137,7.949999809265137,13373,0.0,0.0
2023-10-30 00:00:00-04:00,8.550000190734863,8.699999809265137,7.199999809265137,7.650000095367432,31980,0.0,0.0
2023-10-31 00:00:00-04:00,7.0,7.349999904632568,5.880000114440918,6.730000019073486,37900,0.0,0.06666666666666667
2023-11-01 00:00:00-04:00,6.900000095367432,7.730000019073486,6.289999961853027,6.289999961853027,49500,0.0,0.0
2023-11-02 00:00:00-04:00,6.150000095367432,6.679999828338623,6.03000020980835,6.349999904632568,31000,0.0,0.0
2023-11-03 00:00:00-04:00,6.400000095367432,6.550000190734863,6.320000171661377,6.460000038146973,12000,0.0,0.0
2023-11-06 00:00:00-05:00,6.730000019073486,7.349999904632568,6.699999809265137,7.230000019073486,36800,0.0,0.0
2023-11-07 00:00:00-05:00,7.449999809265137,8.180000305175781,7.449999809265137,8.050000190734863,29800,0.0,0.0
2023-11-08 00:00:00-05:00,8.1899995803833,9.350000381469727,8.1899995803833,9.199999809265137,61200,0.0,0.0
2023-11-09 00:00:00-05:00,9.569999694824219,10.270000457763672,8.5,8.739999771118164,75500,0.0,0.0
2023-11-10 00:00:00-05:00,9.510000228881836,9.510000228881836,8.319999694824219,8.699999809265137,31900,0.0,0.0
2023-11-13 00:00:00-05:00,9.0,9.300000190734863,8.699999809265137,9.0,21500,0.0,0.0
2023-11-14 00:00:00-05:00,9.199999809265137,9.5,8.989999771118164,9.5,25300,0.0,0.0
2023-11-15 00:00:00-05:00,9.5,12.899999618530273,9.5,12.369999885559082,85000,0.0,0.0
2023-11-16 00:00:00-05:00,12.600000381469727,13.869999885559082,12.600000381469727,12.970000267028809,147800,0.0,0.0
2023-11-17 00:00:00-05:00,13.0,14.710000038146973,13.0,14.710000038146973,100100,0.0,0.0
2023-11-20 00:00:00-05:00,15.699999809265137,17.40999984741211,14.25,14.680000305175781,207200,0.0,0.0
2023-11-21 00:00:00-05:00,14.680000305175781,14.680000305175781,11.850000381469727,12.729999542236328,145800,0.0,0.0
2023-11-22 00:00:00-05:00,13.239999771118164,16.579999923706055,13.119999885559082,16.110000610351562,211600,0.0,0.0
2023-11-24 00:00:00-05:00,17.209999084472656,19.959999084472656,16.950000762939453,19.40999984741211,268500,0.0,0.0
2023-11-27 00:00:00-05:00,19.799999237060547,20.950000762939453,17.579999923706055,20.93000030517578,164400,0.0,0.0
2023-11-28 00:00:00-05:00,21.399999618530273,26.549999237060547,21.010000228881836,24.209999084472656,370500,0.0,0.0
2023-11-29 00:00:00-05:00,26.0,27.389999389648438,24.049999237060547,26.299999237060547,188100,0.0,0.0
2023-11-30 00:00:00-05:00,26.030000686645508,26.030000686645508,21.479999542236328,23.520000457763672,255100,0.0,0.0
2023-12-01 00:00:00-05:00,22.520000457763672,25.09000015258789,21.700000762939453,23.399999618530273,98200,0.0,0.0
2023-12-04 00:00:00-05:00,24.43000030517578,25.84000015258789,16.059999465942383,16.059999465942383,391000,0.0,0.0
2023-12-05 00:00:00-05:00,18.0,19.43000030517578,17.399999618530273,17.68000030517578,162300,0.0,0.0
2023-12-06 00:00:00-05:00,18.440000534057617,19.420000076293945,18.1200008392334,18.5,70300,0.0,0.0
2023-12-07 00:00:00-05:00,18.5,19.09000015258789,15.199999809265137,18.280000686645508,199400,0.0,0.0
2023-12-08 00:00:00-05:00,19.0,20.959999084472656,18.040000915527344,20.770000457763672,80700,0.0,0.0
2023-12-11 00:00:00-05:00,21.0,22.200000762939453,19.579999923706055,21.34000015258789,81500,0.0,0.0
2023-12-12 00:00:00-05:00,21.3799991607666,21.719999313354492,19.68000030517578,20.1299991607666,52000,0.0,0.0
2023-12-13 00:00:00-05:00,19.899999618530273,21.600000381469727,19.899999618530273,21.34000015258789,52900,0.0,0.0
2023-12-14 00:00:00-05:00,22.200000762939453,22.780000686645508,21.030000686645508,22.309999465942383,61500,0.0,0.0
2023-12-15 00:00:00-05:00,22.790000915527344,24.6200008392334,21.540000915527344,24.520000457763672,643700,0.0,0.0
2023-12-18 00:00:00-05:00,23.989999771118164,25.84000015258789,23.209999084472656,24.860000610351562,103300,0.0,0.0
2023-12-19 00:00:00-05:00,25.510000228881836,25.889999389648438,24.270000457763672,25.889999389648438,56100,0.0,0.0
2023-12-20 00:00:00-05:00,25.889999389648438,29.299999237060547,25.1200008392334,28.700000762939453,121700,0.0,0.0
2023-12-21 00:00:00-05:00,29.639999389648438,30.399999618530273,27.770000457763672,28.93000030517578,128000,0.0,0.0
2023-12-22 00:00:00-05:00,28.709999084472656,29.969999313354492,27.670000076293945,29.68000030517578,45000,0.0,0.0
2023-12-26 00:00:00-05:00,30.389999389648438,30.389999389648438,26.389999389648438,26.670000076293945,97800,0.0,0.0
2023-12-27 00:00:00-05:00,27.579999923706055,28.790000915527344,25.68000030517578,26.34000015258789,79700,0.0,0.0
2023-12-28 00:00:00-05:00,26.860000610351562,27.06999969482422,25.559999465942383,26.270000457763672,36500,0.0,0.0
2023-12-29 00:00:00-05:00,26.030000686645508,27.059999465942383,25.690000534057617,25.690000534057617,41200,0.0,0.0
2024-01-02 00:00:00-05:00,25.510000228881836,27.450000762939453,22.510000228881836,23.790000915527344,87800,0.0,0.0
2024-01-03 00:00:00-05:00,23.639999389648438,25.09000015258789,23.270000457763672,24.700000762939453,53000,0.0,0.0
2024-01-04 00:00:00-05:00,24.579999923706055,26.270000457763672,24.100000381469727,24.139999389648438,93600,0.0,0.0
2024-01-05 00:00:00-05:00,23.719999313354492,24.31999969482422,21.610000610351562,23.690000534057617,141400,0.0,0.0
2024-01-08 00:00:00-05:00,22.31999969482422,24.479999542236328,21.809999465942383,22.020000457763672,133300,0.0,0.0
2024-01-09 00:00:00-05:00,22.600000381469727,24.270000457763672,22.0,23.31999969482422,89000,0.0,0.0
2024-01-10 00:00:00-05:00,23.5,24.170000076293945,22.75,24.100000381469727,81800,0.0,0.0
2024-01-11 00:00:00-05:00,24.690000534057617,26.489999771118164,24.40999984741211,26.360000610351562,66300,0.0,0.0
2024-01-12 00:00:00-05:00,27.09000015258789,27.100000381469727,22.200000762939453,22.510000228881836,72500,0.0,0.0
2024-01-16 00:00:00-05:00,22.68000030517578,23.489999771118164,22.0,23.1299991607666,131800,0.0,0.0
2024-01-17 00:00:00-05:00,23.1299991607666,24.549999237060547,22.3700008392334,23.110000610351562,77100,0.0,0.0
2024-01-18 00:00:00-05:00,23.100000381469727,23.5,20.510000228881836,20.809999465942383,129500,0.0,0.0
2024-01-19 00:00:00-05:00,20.420000076293945,21.309999465942383,18.489999771118164,18.700000762939453,89500,0.0,0.0
2024-01-22 00:00:00-05:00,19.0,20.690000534057617,18.84000015258789,19.299999237060547,79900,0.0,0.0
2024-01-23 00:00:00-05:00,19.299999237060547,20.0,15.569999694824219,16.15999984741211,137200,0.0,0.0
2024-01-24 00:00:00-05:00,16.93000030517578,17.059999465942383,13.510000228881836,14.300000190734863,142200,0.0,0.0
2024-01-25 00:00:00-05:00,14.5,15.609999656677246,14.5,15.3100004196167,67200,0.0,0.0
2024-01-26 00:00:00-05:00,15.0,16.049999237060547,14.90999984741211,14.930000305175781,87400,0.0,0.0
2024-01-29 00:00:00-05:00,14.680000305175781,15.609999656677246,14.420000076293945,15.40999984741211,83900,0.0,0.0
2024-01-30 00:00:00-05:00,15.029999732971191,15.75,14.170000076293945,14.279999732971191,43100,0.0,0.0
2024-01-31 00:00:00-05:00,14.5,14.770000457763672,12.210000038146973,12.369999885559082,92400,0.0,0.0
2024-02-01 00:00:00-05:00,12.460000038146973,13.5,12.069999694824219,12.1899995803833,85900,0.0,0.0
2024-02-02 00:00:00-05:00,12.300000190734863,12.850000381469727,10.930000305175781,11.5,79800,0.0,0.0
2024-02-05 00:00:00-05:00,12.289999961853027,13.289999961853027,11.5,13.289999961853027,62100,0.0,0.0
2024-02-06 00:00:00-05:00,13.5,14.25,10.8100004196167,11.380000114440918,167900,0.0,0.0
2024-02-07 00:00:00-05:00,11.3100004196167,12.5,11.119999885559082,11.960000038146973,124200,0.0,0.0
2024-02-08 00:00:00-05:00,12.020000457763672,13.0,11.600000381469727,12.3100004196167,68200,0.0,0.0
2024-02-09 00:00:00-05:00,12.210000038146973,13.069999694824219,11.90999984741211,11.960000038146973,73200,0.0,0.0
2024-02-12 00:00:00-05:00,12.0,12.779999732971191,11.350000381469727,11.40999984741211,46100,0.0,0.0
2024-02-13 00:00:00-05:00,11.680000305175781,11.729999542236328,10.40999984741211,10.5600004196167,97100,0.0,0.0
2024-02-14 00:00:00-05:00,11.140000343322754,15.649999618530273,10.899999618530273,14.770000457763672,161500,0.0,0.0
2024-02-15 00:00:00-05:00,15.789999961853027,16.229999542236328,14.3100004196167,15.970000267028809,130000,0.0,0.0
2024-02-16 00:00:00-05:00,16.709999084472656,18.5,15.329999923706055,15.380000114440918,120600,0.0,0.0
2024-02-20 00:00:00-05:00,15.970000267028809,16.59000015258789,14.289999961853027,15.140000343322754,78400,0.0,0.0
2024-02-21 00:00:00-05:00,14.539999961853027,15.300000190734863,13.550000190734863,14.130000114440918,44000,0.0,0.0
2024-02-22 00:00:00-05:00,14.359999656677246,16.469999313354492,14.069999694824219,16.0,63100,0.0,0.0
2024-02-23 00:00:00-05:00,16.0,24.06999969482422,15.75,22.030000686645508,378700,0.0,0.0
2024-02-26 00:00:00-05:00,23.0,25.049999237060547,22.0,25.049999237060547,132300,0.0,0.0
2024-02-27 00:00:00-05:00,25.049999237060547,26.3700008392334,22.3700008392334,22.719999313354492,82500,0.0,0.0
2024-02-28 00:00:00-05:00,22.010000228881836,25.940000534057617,22.010000228881836,24.790000915527344,96300,0.0,0.0
2024-02-29 00:00:00-05:00,21.809999465942383,22.899999618530273,18.139999389648438,18.139999389648438,171300,0.0,0.0
2024-03-01 00:00:00-05:00,18.170000076293945,20.93000030517578,16.5,20.579999923706055,72000,0.0,0.0
2024-03-04 00:00:00-05:00,21.450000762939453,21.829999923706055,19.690000534057617,21.549999237060547,54100,0.0,0.0
2024-03-05 00:00:00-05:00,22.0,22.0,20.200000762939453,20.420000076293945,33700,0.0,0.0
2024-03-06 00:00:00-05:00,20.649999618530273,20.979999542236328,19.889999389648438,20.68000030517578,17300,0.0,0.0
2024-03-07 00:00:00-05:00,20.049999237060547,21.170000076293945,19.510000228881836,19.520000457763672,41800,0.0,0.0
2024-03-08 00:00:00-05:00,19.219999313354492,20.09000015258789,16.579999923706055,17.239999771118164,69000,0.0,0.0
2024-03-11 00:00:00-04:00,16.760000228881836,17.959999084472656,16.31999969482422,16.329999923706055,30500,0.0,0.0
2024-03-12 00:00:00-04:00,16.25,17.959999084472656,16.25,17.649999618530273,14900,0.0,0.0
2024-03-13 00:00:00-04:00,17.350000381469727,19.350000381469727,17.350000381469727,19.010000228881836,42200,0.0,0.0
2024-03-14 00:00:00-04:00,19.030000686645508,19.850000381469727,18.209999084472656,18.81999969482422,41400,0.0,0.0
2024-03-15 00:00:00-04:00,19.959999084472656,19.959999084472656,15.90999984741211,16.760000228881836,77100,0.0,0.0
2024-03-18 00:00:00-04:00,17.0,18.3799991607666,16.700000762939453,18.149999618530273,37500,0.0,0.0
2024-03-19 00:00:00-04:00,18.18000030517578,18.68000030517578,17.700000762939453,18.219999313354492,74400,0.0,0.0
2024-03-20 00:00:00-04:00,17.799999237060547,18.549999237060547,17.440000534057617,17.860000610351562,55500,0.0,0.0
2024-03-21 00:00:00-04:00,17.989999771118164,18.200000762939453,17.290000915527344,17.809999465942383,37000,0.0,0.0
2024-03-22 00:00:00-04:00,17.440000534057617,18.18000030517578,17.1299991607666,17.59000015258789,26400,0.0,0.0
2024-03-25 00:00:00-04:00,17.1200008392334,17.940000534057617,16.149999618530273,16.18000030517578,39700,0.0,0.0
2024-03-26 00:00:00-04:00,16.469999313354492,17.770000457763672,16.450000762939453,16.790000915527344,68100,0.0,0.0
2024-03-27 00:00:00-04:00,16.209999084472656,17.93000030517578,16.209999084472656,17.530000686645508,71500,0.0,0.0
2024-03-28 00:00:00-04:00,17.579999923706055,18.329999923706055,17.06999969482422,17.479999542236328,72400,0.0,0.0
2024-04-01 00:00:00-04:00,17.479999542236328,17.489999771118164,15.800000190734863,15.850000381469727,70800,0.0,0.0
2024-04-02 00:00:00-04:00,15.760000228881836,17.0,15.5600004196167,16.989999771118164,53600,0.0,0.0
2024-04-03 00:00:00-04:00,16.540000915527344,17.18000030517578,16.1299991607666,17.15999984741211,60600,0.0,0.0
2024-04-04 00:00:00-04:00,16.56999969482422,17.329999923706055,16.209999084472656,16.979999542236328,76700,0.0,0.0
2024-04-05 00:00:00-04:00,17.0,17.1200008392334,16.649999618530273,16.950000762939453,60000,0.0,0.0
2024-04-08 00:00:00-04:00,16.690000534057617,17.09000015258789,16.68000030517578,16.860000610351562,62200,0.0,0.0
2024-04-09 00:00:00-04:00,16.8700008392334,17.049999237060547,16.610000610351562,17.0,51800,0.0,0.0
2024-04-10 00:00:00-04:00,16.8799991607666,17.0,13.319999694824219,13.880000114440918,222000,0.0,0.0
2024-04-11 00:00:00-04:00,15.75,17.0,14.25,16.450000762939453,120400,0.0,0.0
2024-04-12 00:00:00-04:00,16.6299991607666,17.049999237060547,15.779999732971191,16.809999465942383,62600,0.0,0.0
2024-04-15 00:00:00-04:00,16.790000915527344,16.790000915527344,16.0,16.479999542236328,49000,0.0,0.0
2024-04-16 00:00:00-04:00,16.260000228881836,16.260000228881836,15.699999809265137,16.0,55500,0.0,0.0
2024-04-17 00:00:00-04:00,16.0,16.420000076293945,15.260000228881836,15.84000015258789,42100,0.0,0.0
2024-04-18 00:00:00-04:00,15.510000228881836,15.949999809265137,15.100000381469727,15.40999984741211,38100,0.0,0.0
2024-04-19 00:00:00-04:00,14.949999809265137,15.8100004196167,14.59000015258789,15.510000228881836,58900,0.0,0.0
2024-04-22 00:00:00-04:00,15.630000114440918,16.440000534057617,15.520000457763672,15.960000038146973,66000,0.0,0.0
2024-04-23 00:00:00-04:00,16.0,16.149999618530273,15.529999732971191,15.9399995803833,39500,0.0,0.0
2024-04-24 00:00:00-04:00,15.989999771118164,16.270000457763672,15.630000114440918,16.049999237060547,31800,0.0,0.0
2024-04-25 00:00:00-04:00,15.859999656677246,16.770000457763672,15.350000381469727,16.329999923706055,137200,0.0,0.0
2024-04-26 00:00:00-04:00,16.329999923706055,17.25,15.899999618530273,17.110000610351562,190200,0.0,0.0
2024-04-29 00:00:00-04:00,17.110000610351562,17.110000610351562,16.110000610351562,16.43000030517578,36100,0.0,0.0
2024-04-30 00:00:00-04:00,16.440000534057617,16.479999542236328,15.430000305175781,15.600000381469727,34500,0.0,0.0
2024-05-01 00:00:00-04:00,15.699999809265137,15.699999809265137,13.5,13.859999656677246,125200,0.0,0.0
2024-05-02 00:00:00-04:00,14.0,15.720000267028809,13.8100004196167,14.100000381469727,90500,0.0,0.0
2024-05-03 00:00:00-04:00,14.0,15.149999618530273,14.0,15.140000343322754,36500,0.0,0.0
2024-05-06 00:00:00-04:00,15.1899995803833,15.1899995803833,14.8100004196167,14.819999694824219,41600,0.0,0.0
2024-05-07 00:00:00-04:00,14.859999656677246,15.140000343322754,14.670000076293945,14.819999694824219,48300,0.0,0.0
2024-05-08 00:00:00-04:00,14.899999618530273,15.84000015258789,14.520000457763672,15.6899995803833,43300,0.0,0.0
2024-05-09 00:00:00-04:00,15.399999618530273,15.6899995803833,15.229999542236328,15.229999542236328,45200,0.0,0.0
2024-05-10 00:00:00-04:00,15.65999984741211,15.65999984741211,14.710000038146973,14.819999694824219,38300,0.0,0.0
2024-05-13 00:00:00-04:00,14.779999732971191,15.880000114440918,14.520000457763672,15.75,51600,0.0,0.0
2024-05-14 00:00:00-04:00,15.850000381469727,15.989999771118164,15.229999542236328,15.770000457763672,48100,0.0,0.0
2024-05-15 00:00:00-04:00,15.75,15.949999809265137,15.479999542236328,15.630000114440918,57100,0.0,0.0
2024-05-16 00:00:00-04:00,15.449999809265137,15.90999984741211,15.170000076293945,15.289999961853027,38100,0.0,0.0
2024-05-17 00:00:00-04:00,15.180000305175781,15.180000305175781,13.710000038146973,14.239999771118164,63100,0.0,0.0
2024-05-20 00:00:00-04:00,14.319999694824219,15.170000076293945,14.270000457763672,14.430000305175781,38900,0.0,0.0
2024-05-21 00:00:00-04:00,14.210000038146973,14.210000038146973,12.829999923706055,13.100000381469727,68200,0.0,0.0
2024-05-22 00:00:00-04:00,12.850000381469727,13.949999809265137,12.850000381469727,13.539999961853027,27400,0.0,0.0
2024-05-23 00:00:00-04:00,13.670000076293945,13.779999732971191,12.609999656677246,12.609999656677246,35700,0.0,0.0
2024-05-24 00:00:00-04:00,12.449999809265137,12.609999656677246,10.90999984741211,11.989999771118164,109400,0.0,0.0
2024-05-28 00:00:00-04:00,11.979999542236328,12.3100004196167,10.010000228881836,10.149999618530273,100300,0.0,0.0
2024-05-29 00:00:00-04:00,10.390000343322754,13.279999732971191,9.680000305175781,9.949999809265137,124100,0.0,0.0
2024-05-30 00:00:00-04:00,9.9399995803833,10.59000015258789,9.859999656677246,10.40999984741211,63000,0.0,0.0
2024-05-31 00:00:00-04:00,10.5600004196167,12.449999809265137,10.5600004196167,11.359999656677246,178500,0.0,0.0
2024-06-03 00:00:00-04:00,10.779999732971191,12.180000305175781,10.5,10.699999809265137,73300,0.0,0.0
2024-06-04 00:00:00-04:00,10.630000114440918,11.220000267028809,10.619999885559082,10.880000114440918,58900,0.0,0.0
2024-06-05 00:00:00-04:00,11.0,11.109999656677246,10.430000305175781,10.84000015258789,49000,0.0,0.0
2024-06-06 00:00:00-04:00,10.800000190734863,11.0600004196167,10.5600004196167,10.760000228881836,30700,0.0,0.0
2024-06-07 00:00:00-04:00,11.010000228881836,11.5,11.010000228881836,11.09000015258789,34000,0.0,0.0
2024-06-10 00:00:00-04:00,11.09000015258789,11.789999961853027,10.699999809265137,11.220000267028809,64600,0.0,0.0
2024-06-11 00:00:00-04:00,11.380000114440918,11.989999771118164,10.779999732971191,10.789999961853027,44400,0.0,0.0
2024-06-12 00:00:00-04:00,11.210000038146973,11.229999542236328,10.619999885559082,10.619999885559082,30900,0.0,0.0
2024-06-13 00:00:00-04:00,10.65999984741211,11.270000457763672,10.65999984741211,11.039999961853027,21700,0.0,0.0
2024-06-14 00:00:00-04:00,11.319999694824219,11.359999656677246,10.899999618530273,11.039999961853027,19200,0.0,0.0
2024-06-17 00:00:00-04:00,11.380000114440918,11.680000305175781,11.229999542236328,11.529999732971191,18300,0.0,0.0
2024-06-18 00:00:00-04:00,11.550000190734863,11.550000190734863,10.800000190734863,10.800000190734863,26100,0.0,0.0
2024-06-20 00:00:00-04:00,11.039999961853027,11.489999771118164,10.609999656677246,10.84000015258789,39100,0.0,0.0
2024-06-21 00:00:00-04:00,10.949999809265137,11.170000076293945,10.65999984741211,10.65999984741211,86000,0.0,0.0
2024-06-24 00:00:00-04:00,10.699999809265137,10.920000076293945,10.289999961853027,10.3100004196167,38800,0.0,0.0
2024-06-25 00:00:00-04:00,10.40999984741211,10.880000114440918,9.920000076293945,9.920000076293945,56800,0.0,0.0
2024-06-26 00:00:00-04:00,9.949999809265137,10.34000015258789,8.899999618530273,9.359999656677246,77600,0.0,0.0
2024-06-27 00:00:00-04:00,9.710000038146973,10.539999961853027,9.390000343322754,9.890000343322754,70600,0.0,0.0
2024-06-28 00:00:00-04:00,10.0,12.100000381469727,9.75,11.930000305175781,942000,0.0,0.0
2024-07-01 00:00:00-04:00,11.890000343322754,12.880000114440918,11.699999809265137,12.039999961853027,85000,0.0,0.0
2024-07-02 00:00:00-04:00,11.880000114440918,12.449999809265137,11.5,12.079999923706055,48400,0.0,0.0
2024-07-03 00:00:00-04:00,12.149999618530273,12.239999771118164,11.619999885559082,11.720000267028809,19200,0.0,0.0
2024-07-05 00:00:00-04:00,11.720000267028809,12.899999618530273,11.720000267028809,12.430000305175781,74800,0.0,0.0
2024-07-08 00:00:00-04:00,12.4399995803833,12.800000190734863,11.699999809265137,12.15999984741211,42900,0.0,0.0
2024-07-09 00:00:00-04:00,12.050000190734863,12.899999618530273,12.050000190734863,12.510000228881836,51500,0.0,0.0
2024-07-10 00:00:00-04:00,12.5,12.600000381469727,12.0,12.149999618530273,26200,0.0,0.0
2024-07-11 00:00:00-04:00,12.289999961853027,12.680000305175781,12.020000457763672,12.609999656677246,34600,0.0,0.0
2024-07-12 00:00:00-04:00,12.739999771118164,13.5,12.640000343322754,13.420000076293945,50900,0.0,0.0
2024-07-15 00:00:00-04:00,13.380000114440918,14.720000267028809,13.329999923706055,13.960000038146973,62100,0.0,0.0
2024-07-16 00:00:00-04:00,14.039999961853027,15.710000038146973,14.039999961853027,15.710000038146973,65400,0.0,0.0
2024-07-17 00:00:00-04:00,15.75,15.989999771118164,14.710000038146973,15.149999618530273,77200,0.0,0.0
2024-07-18 00:00:00-04:00,15.329999923706055,15.399999618530273,14.760000228881836,15.130000114440918,66900,0.0,0.0
2024-07-19 00:00:00-04:00,15.100000381469727,15.229999542236328,14.029999732971191,15.15999984741211,56200,0.0,0.0
2024-07-22 00:00:00-04:00,15.100000381469727,15.270000457763672,14.4399995803833,15.270000457763672,62500,0.0,0.0
2024-07-23 00:00:00-04:00,14.930000305175781,15.270000457763672,14.930000305175781,15.239999771118164,19900,0.0,0.0
2024-07-24 00:00:00-04:00,15.229999542236328,15.229999542236328,14.220000267028809,15.0600004196167,43700,0.0,0.0
2024-07-25 00:00:00-04:00,15.039999961853027,15.1899995803833,14.739999771118164,14.979999542236328,29900,0.0,0.0
2024-07-26 00:00:00-04:00,15.0600004196167,15.119999885559082,14.8100004196167,15.020000457763672,32300,0.0,0.0
2024-07-29 00:00:00-04:00,15.100000381469727,16.0,14.65999984741211,14.899999618530273,31600,0.0,0.0
2024-07-30 00:00:00-04:00,15.109999656677246,15.109999656677246,13.550000190734863,14.239999771118164,39800,0.0,0.0
2024-07-31 00:00:00-04:00,14.260000228881836,14.569999694824219,14.229999542236328,14.470000267028809,16600,0.0,0.0
2024-08-01 00:00:00-04:00,14.319999694824219,14.520000457763672,13.699999809265137,13.970000267028809,19800,0.0,0.0
2024-08-02 00:00:00-04:00,13.100000381469727,13.109999656677246,10.550000190734863,10.789999961853027,104800,0.0,0.0
2024-08-05 00:00:00-04:00,9.710000038146973,10.5600004196167,8.260000228881836,10.130000114440918,92000,0.0,0.0
2024-08-06 00:00:00-04:00,10.119999885559082,12.770000457763672,10.029999732971191,10.789999961853027,111400,0.0,0.0
2024-08-07 00:00:00-04:00,11.140000343322754,11.199999809265137,9.640000343322754,9.899999618530273,109600,0.0,0.0
2024-08-08 00:00:00-04:00,10.050000190734863,10.829999923706055,9.829999923706055,10.130000114440918,55900,0.0,0.0
2024-08-09 00:00:00-04:00,10.029999732971191,10.720000267028809,10.029999732971191,10.399999618530273,32700,0.0,0.0
2024-08-12 00:00:00-04:00,10.529999732971191,11.289999961853027,10.529999732971191,10.670000076293945,28000,0.0,0.0
2024-08-13 00:00:00-04:00,10.510000228881836,10.710000038146973,10.0,10.399999618530273,31300,0.0,0.0
2024-08-14 00:00:00-04:00,10.779999732971191,10.779999732971191,9.800000190734863,9.979999542236328,34800,0.0,0.0
2024-08-15 00:00:00-04:00,10.390000343322754,10.789999961853027,10.260000228881836,10.680000305175781,20500,0.0,0.0
2024-08-16 00:00:00-04:00,10.6899995803833,11.130000114440918,10.600000381469727,10.890000343322754,15200,0.0,0.0
2024-08-19 00:00:00-04:00,10.899999618530273,11.819999694824219,10.899999618530273,11.760000228881836,26600,0.0,0.0
2024-08-20 00:00:00-04:00,11.8100004196167,11.880000114440918,11.34000015258789,11.729999542236328,27600,0.0,0.0
2024-08-21 00:00:00-04:00,11.880000114440918,12.270000457763672,11.600000381469727,11.960000038146973,18700,0.0,0.0
2024-08-22 00:00:00-04:00,12.0,12.079999923706055,11.470000267028809,11.470000267028809,16700,0.0,0.0
2024-08-23 00:00:00-04:00,11.680000305175781,13.0,11.5600004196167,12.84000015258789,48900,0.0,0.0
2024-08-26 00:00:00-04:00,13.0,14.779999732971191,12.699999809265137,14.020000457763672,140200,0.0,0.0
2024-08-27 00:00:00-04:00,14.020000457763672,14.949999809265137,12.260000228881836,12.390000343322754,62500,0.0,0.0
2024-08-28 00:00:00-04:00,12.390000343322754,13.510000228881836,12.210000038146973,13.180000305175781,64200,0.0,0.0
2024-08-29 00:00:00-04:00,13.470000267028809,13.899999618530273,12.649999618530273,13.729999542236328,49200,0.0,0.0
2024-08-30 00:00:00-04:00,13.729999542236328,13.880000114440918,13.350000381469727,13.770000457763672,33000,0.0,0.0
2024-09-03 00:00:00-04:00,13.770000457763672,13.800000190734863,12.0,12.220000267028809,40000,0.0,0.0
2024-09-04 00:00:00-04:00,12.140000343322754,12.84000015258789,11.949999809265137,12.359999656677246,43200,0.0,0.0
2024-09-05 00:00:00-04:00,12.380000114440918,12.380000114440918,11.380000114440918,11.819999694824219,51500,0.0,0.0
2024-09-06 00:00:00-04:00,11.84000015258789,12.739999771118164,11.609999656677246,12.5,88100,0.0,0.0
2024-09-09 00:00:00-04:00,12.720000267028809,12.9399995803833,12.170000076293945,12.510000228881836,60700,0.0,0.0
2024-09-10 00:00:00-04:00,12.619999885559082,13.460000038146973,12.109999656677246,13.3100004196167,66200,0.0,0.0
2024-09-11 00:00:00-04:00,13.069999694824219,14.170000076293945,12.800000190734863,13.789999961853027,82400,0.0,0.0
2024-09-12 00:00:00-04:00,13.859999656677246,14.180000305175781,13.300000190734863,13.729999542236328,64700,0.0,0.0
2024-09-13 00:00:00-04:00,13.960000038146973,14.0,13.430000305175781,13.510000228881836,41200,0.0,0.0
2024-09-16 00:00:00-04:00,13.600000381469727,14.649999618530273,13.529999732971191,14.0600004196167,67200,0.0,0.0
2024-09-17 00:00:00-04:00,14.270000457763672,14.880000114440918,13.119999885559082,14.039999961853027,62700,0.0,0.0
2024-09-18 00:00:00-04:00,14.0,14.989999771118164,13.850000381469727,13.869999885559082,71800,0.0,0.0
2024-09-19 00:00:00-04:00,14.300000190734863,14.899999618530273,14.050000190734863,14.329999923706055,48700,0.0,0.0
2024-09-20 00:00:00-04:00,14.270000457763672,14.470000267028809,13.460000038146973,14.029999732971191,374000,0.0,0.0
2024-09-23 00:00:00-04:00,14.010000228881836,14.180000305175781,13.350000381469727,13.359999656677246,51600,0.0,0.0
2024-09-24 00:00:00-04:00,13.510000228881836,13.770000457763672,12.899999618530273,13.6899995803833,53200,0.0,0.0
2024-09-25 00:00:00-04:00,13.59000015258789,13.59000015258789,12.84000015258789,12.949999809265137,54800,0.0,0.0
2024-09-26 00:00:00-04:00,13.039999961853027,13.319999694824219,12.710000038146973,12.800000190734863,55600,0.0,0.0
2024-09-27 00:00:00-04:00,12.899999618530273,12.949999809265137,12.40999984741211,12.760000228881836,42200,0.0,0.0
2024-09-30 00:00:00-04:00,12.760000228881836,12.9399995803833,12.470000267028809,12.539999961853027,21000,0.0,0.0
2024-10-01 00:00:00-04:00,12.600000381469727,12.960000038146973,12.140000343322754,12.270000457763672,85900,0.0,0.0
2024-10-02 00:00:00-04:00,12.300000190734863,12.539999961853027,11.699999809265137,11.8100004196167,58500,0.0,0.0
2024-10-03 00:00:00-04:00,11.989999771118164,12.550000190734863,11.8100004196167,12.25,51500,0.0,0.0
2024-10-04 00:00:00-04:00,12.579999923706055,13.569999694824219,12.289999961853027,13.470000267028809,38600,0.0,0.0
2024-10-07 00:00:00-04:00,13.59000015258789,13.720000267028809,12.720000267028809,12.970000267028809,32100,0.0,0.0
2024-10-08 00:00:00-04:00,13.289999961853027,13.289999961853027,12.880000114440918,12.920000076293945,13900,0.0,0.0
2024-10-09 00:00:00-04:00,12.920000076293945,13.100000381469727,12.520000457763672,12.630000114440918,18600,0.0,0.0
2024-10-10 00:00:00-04:00,12.479999542236328,12.789999961853027,12.329999923706055,12.380000114440918,20600,0.0,0.0
2024-10-11 00:00:00-04:00,12.369999885559082,13.300000190734863,12.369999885559082,13.1899995803833,24600,0.0,0.0
2024-10-14 00:00:00-04:00,13.1899995803833,13.5,13.140000343322754,13.34000015258789,13900,0.0,0.0
2024-10-15 00:00:00-04:00,13.449999809265137,13.859999656677246,13.220000267028809,13.569999694824219,38500,0.0,0.0
2024-10-16 00:00:00-04:00,13.800000190734863,14.180000305175781,13.510000228881836,13.989999771118164,52000,0.0,0.0
2024-10-17 00:00:00-04:00,14.170000076293945,14.170000076293945,13.75,14.020000457763672,14900,0.0,0.0
2024-10-18 00:00:00-04:00,14.039999961853027,14.399999618530273,13.979999542236328,14.0600004196167,20100,0.0,0.0
2024-10-21 00:00:00-04:00,14.09000015258789,14.170000076293945,13.619999885559082,14.149999618530273,25100,0.0,0.0
2024-10-22 00:00:00-04:00,14.140000343322754,14.140000343322754,13.420000076293945,13.989999771118164,9800,0.0,0.0
2024-10-23 00:00:00-04:00,14.0,14.100000381469727,13.680000305175781,13.899999618530273,17700,0.0,0.0
2024-10-24 00:00:00-04:00,13.960000038146973,14.270000457763672,13.800000190734863,14.079999923706055,24900,0.0,0.0
2024-10-25 00:00:00-04:00,14.359999656677246,15.119999885559082,14.020000457763672,14.210000038146973,50500,0.0,0.0
2024-10-28 00:00:00-04:00,14.260000228881836,15.420000076293945,14.149999618530273,14.390000343322754,54400,0.0,0.0
2024-10-29 00:00:00-04:00,14.319999694824219,14.979999542236328,14.319999694824219,14.970000267028809,15000,0.0,0.0
2024-10-30 00:00:00-04:00,14.960000038146973,15.09000015258789,14.359999656677246,14.710000038146973,25600,0.0,0.0
2024-10-31 00:00:00-04:00,14.619999885559082,14.789999961853027,14.300000190734863,14.300000190734863,47600,0.0,0.0
2024-11-01 00:00:00-04:00,14.479999542236328,14.720000267028809,14.279999732971191,14.470000267028809,29800,0.0,0.0
2024-11-04 00:00:00-05:00,14.489999771118164,14.739999771118164,14.390000343322754,14.739999771118164,15800,0.0,0.0
2024-11-05 00:00:00-05:00,14.619999885559082,14.970000267028809,14.529999732971191,14.970000267028809,27300,0.0,0.0
2024-11-06 00:00:00-05:00,15.520000457763672,15.710000038146973,14.729999542236328,15.649999618530273,63800,0.0,0.0
2024-11-07 00:00:00-05:00,15.729999542236328,15.829999923706055,15.010000228881836,15.0600004196167,27100,0.0,0.0
2024-11-08 00:00:00-05:00,15.0600004196167,15.359999656677246,14.510000228881836,15.319999694824219,34800,0.0,0.0
2024-11-11 00:00:00-05:00,15.390000343322754,16.81999969482422,15.010000228881836,16.799999237060547,117500,0.0,0.0
2024-11-12 00:00:00-05:00,16.709999084472656,19.0,15.550000190734863,16.010000228881836,164500,0.0,0.0
2024-11-13 00:00:00-05:00,15.550000190734863,16.059999465942383,13.069999694824219,14.479999542236328,166000,0.0,0.0
2024-11-14 00:00:00-05:00,14.449999809265137,14.880000114440918,13.829999923706055,13.84000015258789,66400,0.0,0.0
2024-11-15 00:00:00-05:00,13.800000190734863,13.800000190734863,12.649999618530273,13.119999885559082,83400,0.0,0.0
2024-11-18 00:00:00-05:00,13.069999694824219,13.539999961853027,12.539999961853027,12.619999885559082,127100,0.0,0.0
2024-11-19 00:00:00-05:00,12.630000114440918,13.140000343322754,12.329999923706055,12.920000076293945,29000,0.0,0.0
2024-11-20 00:00:00-05:00,12.949999809265137,13.239999771118164,12.819999694824219,12.90999984741211,34900,0.0,0.0
2024-11-21 00:00:00-05:00,12.869999885559082,12.90999984741211,11.699999809265137,11.75,91300,0.0,0.0
2024-11-22 00:00:00-05:00,12.0,12.1899995803833,11.0600004196167,11.289999961853027,97300,0.0,0.0
2024-11-25 00:00:00-05:00,11.5,12.369999885559082,11.5,11.630000114440918,61600,0.0,0.0
2024-11-26 00:00:00-05:00,11.649999618530273,12.420000076293945,11.649999618530273,12.09000015258789,112200,0.0,0.0
2024-11-27 00:00:00-05:00,12.399999618530273,12.550000190734863,11.5,11.699999809265137,79800,0.0,0.0
2024-11-29 00:00:00-05:00,12.15999984741211,13.199999809265137,12.0,12.510000228881836,114900,0.0,0.0
2024-12-02 00:00:00-05:00,12.930000305175781,12.979999542236328,11.779999732971191,11.829999923706055,132300,0.0,0.0
2024-12-03 00:00:00-05:00,11.960000038146973,12.279999732971191,11.010000228881836,11.010000228881836,139000,0.0,0.0
2024-12-04 00:00:00-05:00,11.210000038146973,11.329999923706055,9.539999961853027,9.920000076293945,196300,0.0,0.0
2024-12-05 00:00:00-05:00,10.0,10.979999542236328,10.0,10.470000267028809,174900,0.0,0.0
2024-12-06 00:00:00-05:00,10.880000114440918,11.770000457763672,10.75,11.510000228881836,186000,0.0,0.0
2024-12-09 00:00:00-05:00,11.5600004196167,12.579999923706055,10.350000381469727,10.739999771118164,256000,0.0,0.0
2024-12-10 00:00:00-05:00,10.770000457763672,11.34000015258789,10.75,10.989999771118164,185500,0.0,0.0
2024-12-11 00:00:00-05:00,10.989999771118164,11.039999961853027,10.020000457763672,10.020000457763672,139100,0.0,0.0
2024-12-12 00:00:00-05:00,10.100000381469727,10.460000038146973,9.75,9.779999732971191,186900,0.0,0.0
2024-12-13 00:00:00-05:00,9.90999984741211,10.220000267028809,9.609999656677246,9.640000343322754,139200,0.0,0.0
2024-12-16 00:00:00-05:00,9.979999542236328,10.3100004196167,9.670000076293945,9.989999771118164,127700,0.0,0.0
2024-12-17 00:00:00-05:00,10.0,11.4399995803833,10.0,11.119999885559082,79400,0.0,0.0
2024-12-18 00:00:00-05:00,12.0,12.9399995803833,10.600000381469727,10.699999809265137,173500,0.0,0.0
2024-12-19 00:00:00-05:00,10.8100004196167,11.510000228881836,10.5600004196167,10.65999984741211,112100,0.0,0.0
2024-12-20 00:00:00-05:00,10.579999923706055,11.140000343322754,10.390000343322754,11.140000343322754,198800,0.0,0.0
2024-12-23 00:00:00-05:00,11.550000190734863,12.59000015258789,11.399999618530273,12.199999809265137,111500,0.0,0.0
2024-12-24 00:00:00-05:00,12.199999809265137,12.220000267028809,11.760000228881836,11.899999618530273,50600,0.0,0.0
2024-12-26 00:00:00-05:00,12.050000190734863,13.199999809265137,11.920000076293945,13.130000114440918,154500,0.0,0.0
2024-12-27 00:00:00-05:00,13.5,14.420000076293945,12.399999618530273,12.449999809265137,155400,0.0,0.0
2024-12-30 00:00:00-05:00,12.5,12.800000190734863,12.050000190734863,12.65999984741211,88900,0.0,0.0
2024-12-31 00:00:00-05:00,12.819999694824219,12.819999694824219,12.020000457763672,12.100000381469727,66000,0.0,0.0
2025-01-02 00:00:00-05:00,12.180000305175781,12.850000381469727,11.989999771118164,12.0,115000,0.0,0.0
2025-01-03 00:00:00-05:00,12.010000228881836,12.300000190734863,10.729999542236328,10.789999961853027,165800,0.0,0.0
2025-01-06 00:00:00-05:00,10.800000190734863,11.029999732971191,9.699999809265137,9.729999542236328,313300,0.0,0.0
2025-01-07 00:00:00-05:00,9.979999542236328,10.420000076293945,9.949999809265137,9.989999771118164,129900,0.0,0.0
2025-01-08 00:00:00-05:00,9.989999771118164,10.170000076293945,9.59000015258789,9.619999885559082,154600,0.0,0.0
2025-01-10 00:00:00-05:00,9.850000381469727,10.579999923706055,9.800000190734863,9.989999771118164,157500,0.0,0.0
2025-01-13 00:00:00-05:00,9.979999542236328,10.199999809265137,9.510000228881836,9.989999771118164,114000,0.0,0.0
2025-01-14 00:00:00-05:00,10.369999885559082,10.6899995803833,10.109999656677246,10.520000457763672,105900,0.0,0.0
2025-01-15 00:00:00-05:00,10.520000457763672,11.079999923706055,10.520000457763672,10.930000305175781,89100,0.0,0.0
2025-01-16 00:00:00-05:00,11.029999732971191,11.109999656677246,10.600000381469727,10.800000190734863,78200,0.0,0.0
2025-01-17 00:00:00-05:00,10.6899995803833,10.949999809265137,10.579999923706055,10.949999809265137,49000,0.0,0.0
2025-01-21 00:00:00-05:00,11.069999694824219,11.359999656677246,10.609999656677246,10.960000038146973,73300,0.0,0.0
2025-01-22 00:00:00-05:00,10.90999984741211,10.930000305175781,10.550000190734863,10.699999809265137,51900,0.0,0.0
2025-01-23 00:00:00-05:00,10.649999618530273,10.800000190734863,10.40999984741211,10.600000381469727,70300,0.0,0.0
2025-01-24 00:00:00-05:00,10.729999542236328,11.229999542236328,10.5,11.1899995803833,64500,0.0,0.0
2025-01-27 00:00:00-05:00,11.100000381469727,11.630000114440918,11.010000228881836,11.380000114440918,81200,0.0,0.0
2025-01-28 00:00:00-05:00,11.380000114440918,11.779999732971191,11.170000076293945,11.739999771118164,49700,0.0,0.0
2025-01-29 00:00:00-05:00,11.729999542236328,11.75,11.300000190734863,11.479999542236328,68000,0.0,0.0
2025-01-30 00:00:00-05:00,11.5,11.850000381469727,11.180000305175781,11.5,64700,0.0,0.0
2025-01-31 00:00:00-05:00,11.449999809265137,11.699999809265137,11.380000114440918,11.510000228881836,41900,0.0,0.0
2025-02-03 00:00:00-05:00,11.449999809265137,11.619999885559082,11.260000228881836,11.569999694824219,54700,0.0,0.0
2025-02-04 00:00:00-05:00,11.600000381469727,11.890000343322754,11.350000381469727,11.880000114440918,38900,0.0,0.0
2025-02-05 00:00:00-05:00,12.0,12.880000114440918,11.819999694824219,12.819999694824219,64900,0.0,0.0
2025-02-06 00:00:00-05:00,12.819999694824219,13.069999694824219,12.600000381469727,12.75,81000,0.0,0.0
2025-02-07 00:00:00-05:00,12.539999961853027,12.539999961853027,12.039999961853027,12.100000381469727,43600,0.0,0.0
2025-02-10 00:00:00-05:00,12.239999771118164,12.3100004196167,11.729999542236328,11.90999984741211,68300,0.0,0.0
2025-02-11 00:00:00-05:00,11.649999618530273,11.720000267028809,11.449999809265137,11.569999694824219,29700,0.0,0.0
2025-02-12 00:00:00-05:00,11.359999656677246,11.649999618530273,11.239999771118164,11.619999885559082,30800,0.0,0.0
2025-02-13 00:00:00-05:00,11.720000267028809,11.970000267028809,11.600000381469727,11.779999732971191,30300,0.0,0.0
2025-02-14 00:00:00-05:00,11.779999732971191,12.1899995803833,11.779999732971191,11.979999542236328,29700,0.0,0.0
2025-02-18 00:00:00-05:00,12.220000267028809,12.800000190734863,12.180000305175781,12.699999809265137,77900,0.0,0.0
2025-02-19 00:00:00-05:00,12.6899995803833,12.6899995803833,12.09000015258789,12.140000343322754,43700,0.0,0.0
2025-02-20 00:00:00-05:00,12.199999809265137,12.649999618530273,12.149999618530273,12.5600004196167,43200,0.0,0.0
2025-02-21 00:00:00-05:00,12.520000457763672,12.729999542236328,11.539999961853027,11.539999961853027,63900,0.0,0.0
2025-02-24 00:00:00-05:00,11.550000190734863,11.630000114440918,10.289999961853027,10.550000190734863,85400,0.0,0.0
2025-02-25 00:00:00-05:00,10.8100004196167,11.579999923706055,10.8100004196167,11.4399995803833,88100,0.0,0.0
2025-02-26 00:00:00-05:00,11.619999885559082,11.970000267028809,11.399999618530273,11.510000228881836,54200,0.0,0.0
2025-02-27 00:00:00-05:00,11.430000305175781,11.579999923706055,11.180000305175781,11.289999961853027,41900,0.0,0.0
2025-02-28 00:00:00-05:00,11.229999542236328,11.600000381469727,11.15999984741211,11.600000381469727,38400,0.0,0.0
2025-03-03 00:00:00-05:00,11.680000305175781,11.850000381469727,10.949999809265137,11.430000305175781,127100,0.0,0.0
2025-03-04 00:00:00-05:00,11.069999694824219,11.170000076293945,10.579999923706055,10.899999618530273,76700,0.0,0.0
2025-03-05 00:00:00-05:00,10.770000457763672,11.390000343322754,10.40999984741211,11.119999885559082,64500,0.0,0.0
2025-03-06 00:00:00-05:00,10.90999984741211,11.15999984741211,10.649999618530273,10.699999809265137,36500,0.0,0.0
2025-03-07 00:00:00-05:00,12.430000305175781,13.75,9.880000114440918,10.319999694824219,232200,0.0,0.0
2025-03-10 00:00:00-04:00,10.109999656677246,10.449999809265137,9.140000343322754,10.329999923706055,185700,0.0,0.0
2025-03-11 00:00:00-04:00,10.979999542236328,12.09000015258789,10.739999771118164,11.350000381469727,154700,0.0,0.0
2025-03-12 00:00:00-04:00,11.399999618530273,12.180000305175781,11.390000343322754,11.670000076293945,123900,0.0,0.0
2025-03-13 00:00:00-04:00,11.609999656677246,12.029999732971191,11.529999732971191,11.960000038146973,75700,0.0,0.0
2025-03-14 00:00:00-04:00,11.920000076293945,12.619999885559082,11.920000076293945,12.109999656677246,92200,0.0,0.0
2025-03-17 00:00:00-04:00,12.039999961853027,12.420000076293945,11.710000038146973,12.279999732971191,75800,0.0,0.0
2025-03-18 00:00:00-04:00,11.5,11.5,8.489999771118164,8.569999694824219,747500,0.0,0.0
2025-03-19 00:00:00-04:00,8.710000038146973,10.369999885559082,8.699999809265137,10.279999732971191,543800,0.0,0.0
2025-03-20 00:00:00-04:00,10.25,10.600000381469727,9.760000228881836,10.220000267028809,412000,0.0,0.0
2025-03-21 00:00:00-04:00,9.920000076293945,10.130000114440918,9.619999885559082,9.710000038146973,261200,0.0,0.0
2025-03-24 00:00:00-04:00,9.789999961853027,9.979999542236328,9.069999694824219,9.210000038146973,293600,0.0,0.0
2025-03-25 00:00:00-04:00,9.199999809265137,9.489999771118164,8.8100004196167,9.489999771118164,290600,0.0,0.0
2025-03-26 00:00:00-04:00,9.319999694824219,9.5,8.649999618530273,8.789999961853027,150900,0.0,0.0
2025-03-27 00:00:00-04:00,8.930000305175781,9.430000305175781,8.899999618530273,9.09000015258789,177100,0.0,0.0
2025-03-28 00:00:00-04:00,9.079999923706055,9.359999656677246,8.869999885559082,9.109999656677246,97200,0.0,0.0
2025-03-31 00:00:00-04:00,8.920000076293945,9.109999656677246,7.0,7.71999979019165,411900,0.0,0.0
2025-04-01 00:00:00-04:00,8.220000267028809,8.220000267028809,6.170000076293945,6.409999847412109,404900,0.0,0.0
2025-04-02 00:00:00-04:00,6.320000171661377,7.619999885559082,6.199999809265137,7.090000152587891,274600,0.0,0.0
2025-04-03 00:00:00-04:00,6.610000133514404,6.960000038146973,6.5,6.800000190734863,187600,0.0,0.0
2025-04-04 00:00:00-04:00,6.53000020980835,7.170000076293945,6.440000057220459,6.920000076293945,133200,0.0,0.0
2025-04-07 00:00:00-04:00,6.989999771118164,7.639999866485596,6.230000019073486,7.619999885559082,270400,0.0,0.0
2025-04-08 00:00:00-04:00,8.069999694824219,8.850000381469727,7.059999942779541,7.239999771118164,245200,0.0,0.0
2025-04-09 00:00:00-04:00,6.980000019073486,7.909999847412109,6.110000133514404,7.800000190734863,347600,0.0,0.0
2025-04-10 00:00:00-04:00,7.570000171661377,7.659999847412109,7.039999961853027,7.289999961853027,143500,0.0,0.0
2025-04-11 00:00:00-04:00,7.579999923706055,7.579999923706055,7.03000020980835,7.519999980926514,101400,0.0,0.0
2025-04-14 00:00:00-04:00,7.539999961853027,7.800000190734863,7.320000171661377,7.71999979019165,118600,0.0,0.0
2025-04-15 00:00:00-04:00,7.690000057220459,8.4399995803833,7.670000076293945,8.399999618530273,95900,0.0,0.0
2025-04-16 00:00:00-04:00,8.220000267028809,8.289999961853027,7.849999904632568,7.940000057220459,79400,0.0,0.0
2025-04-17 00:00:00-04:00,7.920000076293945,8.970000267028809,7.920000076293945,8.880000114440918,103300,0.0,0.0
2025-04-21 00:00:00-04:00,8.720000267028809,9.390000343322754,8.260000228881836,8.399999618530273,161100,0.0,0.0
2025-04-22 00:00:00-04:00,8.4399995803833,8.890000343322754,8.260000228881836,8.640000343322754,149000,0.0,0.0
2025-04-23 00:00:00-04:00,8.930000305175781,9.479999542236328,8.930000305175781,9.1899995803833,105500,0.0,0.0
2025-04-24 00:00:00-04:00,9.170000076293945,9.510000228881836,8.960000038146973,9.119999885559082,109300,0.0,0.0
2025-04-25 00:00:00-04:00,9.029999732971191,9.229999542236328,8.859999656677246,9.069999694824219,43900,0.0,0.0
2025-04-28 00:00:00-04:00,8.989999771118164,9.600000381469727,8.899999618530273,9.319999694824219,83000,0.0,0.0
2025-04-29 00:00:00-04:00,9.380000114440918,9.760000228881836,9.270000457763672,9.569999694824219,56500,0.0,0.0
2025-04-30 00:00:00-04:00,9.579999923706055,9.9399995803833,9.380000114440918,9.760000228881836,84200,0.0,0.0
2025-05-01 00:00:00-04:00,9.84000015258789,9.979999542236328,9.289999961853027,9.34000015258789,110800,0.0,0.0
2025-05-02 00:00:00-04:00,9.329999923706055,9.640000343322754,9.229999542236328,9.260000228881836,132300,0.0,0.0
2025-05-05 00:00:00-04:00,9.1899995803833,9.229999542236328,8.65999984741211,8.8100004196167,110100,0.0,0.0
2025-05-06 00:00:00-04:00,8.8100004196167,8.880000114440918,8.40999984741211,8.710000038146973,152700,0.0,0.0
2025-05-07 00:00:00-04:00,8.899999618530273,9.09000015258789,8.65999984741211,8.850000381469727,88700,0.0,0.0
2025-05-08 00:00:00-04:00,8.739999771118164,9.5,8.510000228881836,9.479999542236328,130000,0.0,0.0
2025-05-09 00:00:00-04:00,8.84000015258789,9.989999771118164,8.84000015258789,9.529999732971191,151600,0.0,0.0
2025-05-12 00:00:00-04:00,9.470000267028809,11.0,9.470000267028809,10.829999923706055,131700,0.0,0.0
2025-05-13 00:00:00-04:00,10.970000267028809,11.779999732971191,10.970000267028809,11.5,165100,0.0,0.0
2025-05-14 00:00:00-04:00,11.5,11.5600004196167,10.329999923706055,10.390000343322754,92400,0.0,0.0
2025-05-15 00:00:00-04:00,10.390000343322754,10.949999809265137,10.390000343322754,10.9399995803833,49000,0.0,0.0
2025-05-16 00:00:00-04:00,10.989999771118164,11.670000076293945,10.989999771118164,11.350000381469727,140700,0.0,0.0
2025-05-19 00:00:00-04:00,11.039999961853027,11.239999771118164,11.0,11.109999656677246,50200,0.0,0.0
2025-05-20 00:00:00-04:00,11.109999656677246,11.479999542236328,10.899999618530273,11.399999618530273,55000,0.0,0.0
2025-05-21 00:00:00-04:00,11.5,11.5,10.229999542236328,10.369999885559082,107200,0.0,0.0
2025-05-22 00:00:00-04:00,10.40999984741211,11.3100004196167,10.210000038146973,11.210000038146973,183200,0.0,0.0
2025-05-23 00:00:00-04:00,9.260000228881836,10.989999771118164,8.010000228881836,8.680000305175781,2106400,0.0,0.0
2025-05-27 00:00:00-04:00,10.199999809265137,11.609999656677246,9.800000190734863,10.180000305175781,1976700,0.0,0.0
2025-05-28 00:00:00-04:00,10.279999732971191,10.449999809265137,9.260000228881836,9.4399995803833,470200,0.0,0.0
2025-05-29 00:00:00-04:00,9.449999809265137,9.930000305175781,9.359999656677246,9.460000038146973,231900,0.0,0.0
2025-05-30 00:00:00-04:00,9.699999809265137,9.779999732971191,9.020000457763672,9.069999694824219,231000,0.0,0.0
2025-06-02 00:00:00-04:00,9.119999885559082,9.279999732971191,7.579999923706055,7.679999828338623,609700,0.0,0.0
2025-06-03 00:00:00-04:00,7.869999885559082,8.579999923706055,7.800000190734863,8.220000267028809,362600,0.0,0.0
2025-06-04 00:00:00-04:00,8.199999809265137,8.609999656677246,8.130000114440918,8.579999923706055,194600,0.0,0.0
2025-06-05 00:00:00-04:00,8.600000381469727,8.770000457763672,7.920000076293945,7.96999979019165,273500,0.0,0.0
2025-06-06 00:00:00-04:00,8.039999961853027,8.5,8.010000228881836,8.40999984741211,158300,0.0,0.0
2025-06-09 00:00:00-04:00,8.550000190734863,8.8100004196167,8.4399995803833,8.5,198100,0.0,0.0
2025-06-10 00:00:00-04:00,8.510000228881836,9.050000190734863,8.5,9.0,247500,0.0,0.0
2025-06-11 00:00:00-04:00,9.0,9.1899995803833,8.4399995803833,8.4399995803833,193900,0.0,0.0
2025-06-12 00:00:00-04:00,8.40999984741211,8.5600004196167,8.050000190734863,8.069999694824219,186700,0.0,0.0
2025-06-13 00:00:00-04:00,7.989999771118164,8.390000343322754,7.880000114440918,7.989999771118164,145100,0.0,0.0
2025-06-16 00:00:00-04:00,8.069999694824219,8.289999961853027,7.760000228881836,8.029999732971191,165900,0.0,0.0
2025-06-17 00:00:00-04:00,8.079999923706055,8.420000076293945,8.069999694824219,8.09000015258789,86100,0.0,0.0
2025-06-18 00:00:00-04:00,8.119999885559082,8.550000190734863,7.989999771118164,8.329999923706055,134400,0.0,0.0
2025-06-20 00:00:00-04:00,8.460000038146973,8.479999542236328,8.010000228881836,8.069999694824219,148300,0.0,0.0
2025-06-23 00:00:00-04:00,8.09000015258789,8.199999809265137,7.650000095367432,7.769999980926514,145100,0.0,0.0
2025-06-24 00:00:00-04:00,7.800000190734863,7.909999847412109,7.559999942779541,7.610000133514404,176700,0.0,0.0
2025-06-25 00:00:00-04:00,7.650000095367432,8.0,7.260000228881836,7.409999847412109,254900,0.0,0.0
2025-06-26 00:00:00-04:00,7.429999828338623,7.53000020980835,7.139999866485596,7.380000114440918,209900,0.0,0.0
2025-06-27 00:00:00-04:00,7.380000114440918,7.599999904632568,7.199999809265137,7.420000076293945,1052300,0.0,0.0
2025-06-30 00:00:00-04:00,7.449999809265137,7.800000190734863,7.269999980926514,7.349999904632568,173200,0.0,0.0
2025-07-01 00:00:00-04:00,7.300000190734863,7.590000152587891,6.980000019073486,7.460000038146973,232600,0.0,0.0
2025-07-02 00:00:00-04:00,7.510000228881836,7.860000133514404,7.349999904632568,7.800000190734863,134700,0.0,0.0
2025-07-03 00:00:00-04:00,7.860000133514404,8.149999618530273,7.760000228881836,8.130000114440918,66000,0.0,0.0
2025-07-07 00:00:00-04:00,8.130000114440918,8.180000305175781,7.590000152587891,7.619999885559082,109700,0.0,0.0
2025-07-08 00:00:00-04:00,7.619999885559082,8.239999771118164,7.489999771118164,8.119999885559082,158000,0.0,0.0
2025-07-09 00:00:00-04:00,8.140000343322754,8.239999771118164,7.909999847412109,8.0,88300,0.0,0.0
2025-07-10 00:00:00-04:00,7.940000057220459,8.039999961853027,7.760000228881836,7.809999942779541,64400,0.0,0.0
2025-07-11 00:00:00-04:00,7.710000038146973,7.800000190734863,7.460000038146973,7.489999771118164,65800,0.0,0.0
2025-07-14 00:00:00-04:00,7.460000038146973,7.610000133514404,7.369999885559082,7.610000133514404,56200,0.0,0.0
2025-07-15 00:00:00-04:00,7.659999847412109,7.730000019073486,7.119999885559082,7.159999847412109,133700,0.0,0.0
2025-07-16 00:00:00-04:00,7.159999847412109,7.460000038146973,7.070000171661377,7.409999847412109,62100,0.0,0.0
2025-07-17 00:00:00-04:00,7.420000076293945,7.630000114440918,7.199999809265137,7.389999866485596,118000,0.0,0.0
2025-07-18 00:00:00-04:00,7.510000228881836,7.510000228881836,7.210000038146973,7.210000038146973,53000,0.0,0.0
2025-07-21 00:00:00-04:00,7.230000019073486,7.349999904632568,7.090000152587891,7.099999904632568,59400,0.0,0.0
2025-07-22 00:00:00-04:00,7.110000133514404,7.28000020980835,7.099999904632568,7.230000019073486,43100,0.0,0.0
2025-07-23 00:00:00-04:00,7.159999847412109,7.619999885559082,7.159999847412109,7.570000171661377,122000,0.0,0.0
2025-07-24 00:00:00-04:00,7.5,7.5,7.210000038146973,7.380000114440918,72100,0.0,0.0
2025-07-25 00:00:00-04:00,7.440000057220459,7.639999866485596,7.269999980926514,7.639999866485596,56200,0.0,0.0
2025-07-28 00:00:00-04:00,7.71999979019165,7.840000152587891,7.550000190734863,7.809999942779541,83800,0.0,0.0
2025-07-29 00:00:00-04:00,7.889999866485596,7.889999866485596,7.260000228881836,7.300000190734863,62400,0.0,0.0
2025-07-30 00:00:00-04:00,7.369999885559082,7.489999771118164,7.099999904632568,7.269999980926514,72800,0.0,0.0
2025-07-31 00:00:00-04:00,7.119999885559082,7.25,6.929999828338623,7.050000190734863,96200,0.0,0.0
2025-08-01 00:00:00-04:00,6.980000019073486,7.039999961853027,6.570000171661377,6.650000095367432,103500,0.0,0.0
2025-08-04 00:00:00-04:00,6.75,7.110000133514404,6.710000038146973,7.019999980926514,76600,0.0,0.0
2025-08-05 00:00:00-04:00,7.090000152587891,7.090000152587891,6.809999942779541,6.920000076293945,58400,0.0,0.0
2025-08-06 00:00:00-04:00,6.889999866485596,7.059999942779541,6.699999809265137,7.019999980926514,77300,0.0,0.0
2025-08-07 00:00:00-04:00,7.170000076293945,7.46999979019165,7.019999980926514,7.199999809265137,103900,0.0,0.0
2025-08-08 00:00:00-04:00,7.210000038146973,7.369999885559082,7.039999961853027,7.190000057220459,85300,0.0,0.0
2025-08-11 00:00:00-04:00,7.210000038146973,7.210000038146973,6.869999885559082,7.070000171661377,75200,0.0,0.0
2025-08-12 00:00:00-04:00,6.679999828338623,7.659999847412109,6.619999885559082,7.559999942779541,123300,0.0,0.0
2025-08-13 00:00:00-04:00,7.539999961853027,8.229999542236328,7.409999847412109,8.210000038146973,105500,0.0,0.0
2025-08-14 00:00:00-04:00,8.199999809265137,8.300000190734863,8.0600004196167,8.220000267028809,55900,0.0,0.0
2025-08-15 00:00:00-04:00,8.289999961853027,8.289999961853027,8.0,8.140000343322754,61100,0.0,0.0
2025-08-18 00:00:00-04:00,8.020000457763672,8.220000267028809,7.78000020980835,7.849999904632568,63400,0.0,0.0
2025-08-19 00:00:00-04:00,7.840000152587891,7.849999904632568,7.360000133514404,7.53000020980835,68200,0.0,0.0
2025-08-20 00:00:00-04:00,7.380000114440918,7.75,7.349999904632568,7.730000019073486,99600,0.0,0.0
2025-08-21 00:00:00-04:00,7.75,7.75,7.46999979019165,7.550000190734863,41900,0.0,0.0
2025-08-22 00:00:00-04:00,7.739999771118164,8.199999809265137,7.599999904632568,8.180000305175781,104900,0.0,0.0
2025-08-25 00:00:00-04:00,8.1899995803833,8.369999885559082,7.849999904632568,8.199999809265137,170300,0.0,0.0
2025-08-26 00:00:00-04:00,8.319999694824219,8.369999885559082,7.610000133514404,7.760000228881836,152400,0.0,0.0
2025-08-27 00:00:00-04:00,7.860000133514404,8.399999618530273,7.860000133514404,8.109999656677246,106200,0.0,0.0
2025-08-28 00:00:00-04:00,8.260000228881836,8.300000190734863,8.050000190734863,8.279999732971191,60300,0.0,0.0
2025-08-29 00:00:00-04:00,8.380000114440918,8.399999618530273,7.710000038146973,7.739999771118164,76300,0.0,0.0
2025-09-02 00:00:00-04:00,7.75,7.860000133514404,7.570000171661377,7.710000038146973,82200,0.0,0.0
2025-09-03 00:00:00-04:00,7.630000114440918,8.119999885559082,7.019999980926514,8.079999923706055,190100,0.0,0.0
2025-09-04 00:00:00-04:00,8.0600004196167,8.0600004196167,7.460000038146973,7.579999923706055,70200,0.0,0.0
2025-09-05 00:00:00-04:00,7.659999847412109,7.909999847412109,7.659999847412109,7.690000057220459,55700,0.0,0.0
2025-09-08 00:00:00-04:00,7.659999847412109,7.960000038146973,7.550000190734863,7.889999866485596,111100,0.0,0.0
2025-09-09 00:00:00-04:00,7.909999847412109,8.039999961853027,7.630000114440918,7.670000076293945,81500,0.0,0.0
2025-09-10 00:00:00-04:00,7.630000114440918,8.199999809265137,7.630000114440918,8.170000076293945,129700,0.0,0.0
2025-09-11 00:00:00-04:00,8.229999542236328,8.5600004196167,8.050000190734863,8.119999885559082,167200,0.0,0.0
2025-09-12 00:00:00-04:00,8.149999618530273,8.279999732971191,7.800000190734863,7.829999923706055,75000,0.0,0.0
2025-09-15 00:00:00-04:00,7.820000171661377,8.010000228881836,7.670000076293945,7.900000095367432,56300,0.0,0.0
2025-09-16 00:00:00-04:00,7.880000114440918,7.940000057220459,7.550000190734863,7.590000152587891,55000,0.0,0.0
2025-09-17 00:00:00-04:00,7.590000152587891,7.869999885559082,7.510000228881836,7.539999961853027,59100,0.0,0.0
2025-09-18 00:00:00-04:00,7.599999904632568,7.739999771118164,7.489999771118164,7.690000057220459,61200,0.0,0.0
2025-09-19 00:00:00-04:00,7.710000038146973,7.710000038146973,7.110000133514404,7.25,603100,0.0,0.0
2025-09-22 00:00:00-04:00,7.260000228881836,7.550000190734863,7.210000038146973,7.46999979019165,64300,0.0,0.0
2025-09-23 00:00:00-04:00,7.420000076293945,7.550000190734863,7.28000020980835,7.300000190734863,45300,0.0,0.0
2025-09-24 00:00:00-04:00,7.28000020980835,7.480000019073486,7.28000020980835,7.369999885559082,30100,0.0,0.0
2025-09-25 00:00:00-04:00,7.309999942779541,7.369999885559082,7.130000114440918,7.289999961853027,45800,0.0,0.0
2025-09-26 00:00:00-04:00,7.389999866485596,7.460000038146973,7.150000095367432,7.159999847412109,55600,0.0,0.0
2025-09-29 00:00:00-04:00,7.300000190734863,7.539999961853027,7.239999771118164,7.5,48500,0.0,0.0
2025-09-30 00:00:00-04:00,7.460000038146973,7.5,7.199999809265137,7.460000038146973,72800,0.0,0.0
2025-10-01 00:00:00-04:00,7.360000133514404,7.78000020980835,7.289999961853027,7.579999923706055,74400,0.0,0.0
2025-10-02 00:00:00-04:00,7.550000190734863,7.610000133514404,7.480000019073486,7.519999980926514,54300,0.0,0.0
2025-10-03 00:00:00-04:00,7.599999904632568,7.71999979019165,7.349999904632568,7.409999847412109,57100,0.0,0.0
2025-10-06 00:00:00-04:00,7.360000133514404,7.389999866485596,7.199999809265137,7.340000152587891,81600,0.0,0.0
2025-10-07 00:00:00-04:00,7.360000133514404,7.360000133514404,7.25,7.269999980926514,47900,0.0,0.0
2025-10-08 00:00:00-04:00,7.289999961853027,7.440000057220459,7.25,7.300000190734863,43800,0.0,0.0
2025-10-09 00:00:00-04:00,7.199999809265137,7.429999828338623,7.150000095367432,7.150000095367432,88000,0.0,0.0
2025-10-10 00:00:00-04:00,7.75,8.5,7.75,7.960000038146973,331100,0.0,0.0
2025-10-13 00:00:00-04:00,8.09000015258789,8.420000076293945,8.09000015258789,8.390000343322754,91300,0.0,0.0
2025-10-14 00:00:00-04:00,8.289999961853027,8.390000343322754,7.980000019073486,8.010000228881836,67700,0.0,0.0
2025-10-15 00:00:00-04:00,8.300000190734863,8.989999771118164,8.300000190734863,8.869999885559082,177100,0.0,0.0
2025-10-16 00:00:00-04:00,9.0,9.420000076293945,8.699999809265137,8.739999771118164,128700,0.0,0.0
2025-10-17 00:00:00-04:00,8.569999694824219,8.880000114440918,8.15999984741211,8.300000190734863,70900,0.0,0.0
2025-10-20 00:00:00-04:00,8.350000381469727,8.430000305175781,8.210000038146973,8.34000015258789,31500,0.0,0.0
2025-10-21 00:00:00-04:00,8.300000190734863,8.449999809265137,8.239999771118164,8.319999694824219,39200,0.0,0.0
2025-10-22 00:00:00-04:00,8.270000457763672,8.369999885559082,7.75,7.889999866485596,109200,0.0,0.0
2025-10-23 00:00:00-04:00,8.010000228881836,8.3100004196167,7.960000038146973,8.229999542236328,141200,0.0,0.0
2025-10-24 00:00:00-04:00,8.350000381469727,8.350000381469727,8.109999656677246,8.170000076293945,44000,0.0,0.0
2025-10-27 00:00:00-04:00,8.260000228881836,8.369999885559082,7.96999979019165,8.020000457763672,69900,0.0,0.0
2025-10-28 00:00:00-04:00,7.96999979019165,8.010000228881836,7.710000038146973,7.739999771118164,41000,0.0,0.0
2025-10-29 00:00:00-04:00,7.730000019073486,7.960000038146973,7.480000019073486,7.539999961853027,53100,0.0,0.0
2025-10-30 00:00:00-04:00,7.610000133514404,7.760000228881836,7.449999809265137,7.650000095367432,46500,0.0,0.0
2025-10-31 00:00:00-04:00,7.610000133514404,7.789999961853027,7.550000190734863,7.75,36200,0.0,0.0
2025-11-03 00:00:00-05:00,7.789999961853027,7.789999961853027,7.260000228881836,7.360000133514404,42700,0.0,0.0
2025-11-04 00:00:00-05:00,7.46999979019165,7.46999979019165,7.25,7.25,64200,0.0,0.0
2025-11-05 00:00:00-05:00,7.300000190734863,7.409999847412109,7.210000038146973,7.389999866485596,48900,0.0,0.0
2025-11-06 00:00:00-05:00,7.389999866485596,7.429999828338623,7.25,7.340000152587891,42100,0.0,0.0
2025-11-07 00:00:00-05:00,7.269999980926514,7.300000190734863,7.119999885559082,7.210000038146973,47500,0.0,0.0
2025-11-10 00:00:00-05:00,7.630000114440918,8.050000190734863,7.449999809265137,7.920000076293945,80500,0.0,0.0
2025-11-11 00:00:00-05:00,7.78000020980835,8.09000015258789,7.75,8.010000228881836,49400,0.0,0.0
2025-11-12 00:00:00-05:00,8.0,8.380000114440918,7.75,8.34000015258789,69900,0.0,0.0
2025-11-13 00:00:00-05:00,8.140000343322754,8.319999694824219,7.96999979019165,8.079999923706055,52900,0.0,0.0
2025-11-14 00:00:00-05:00,7.940000057220459,8.229999542236328,7.820000171661377,7.989999771118164,64100,0.0,0.0
2025-11-17 00:00:00-05:00,7.949999809265137,8.470000267028809,7.900000095367432,8.020000457763672,102700,0.0,0.0
2025-11-18 00:00:00-05:00,7.949999809265137,7.949999809265137,7.570000171661377,7.670000076293945,58300,0.0,0.0
2025-11-19 00:00:00-05:00,7.610000133514404,7.670000076293945,7.429999828338623,7.570000171661377,41600,0.0,0.0
2025-11-20 00:00:00-05:00,7.53000020980835,7.809999942779541,7.440000057220459,7.489999771118164,39800,0.0,0.0
2025-11-21 00:00:00-05:00,7.420000076293945,7.659999847412109,7.389999866485596,7.550000190734863,47500,0.0,0.0
2025-11-24 00:00:00-05:00,7.53000020980835,7.960000038146973,7.460000038146973,7.869999885559082,62100,0.0,0.0
2025-11-25 00:00:00-05:00,7.75,7.940000057220459,7.630000114440918,7.71999979019165,42300,0.0,0.0
2025-11-26 00:00:00-05:00,7.670000076293945,7.949999809265137,7.670000076293945,7.849999904632568,60100,0.0,0.0
2025-11-28 00:00:00-05:00,7.889999866485596,7.889999866485596,7.659999847412109,7.75,26700,0.0,0.0
2025-12-01 00:00:00-05:00,7.800000190734863,7.829999923706055,7.590000152587891,7.670000076293945,53200,0.0,0.0
2025-12-02 00:00:00-05:00,7.590000152587891,7.760000228881836,7.559999942779541,7.579999923706055,37800,0.0,0.0
2025-12-03 00:00:00-05:00,7.5,7.670000076293945,7.360000133514404,7.639999866485596,67500,0.0,0.0
2025-12-04 00:00:00-05:00,7.639999866485596,7.900000095367432,7.5,7.900000095367432,45900,0.0,0.0
2025-12-05 00:00:00-05:00,7.900000095367432,8.029999732971191,7.760000228881836,7.980000019073486,77000,0.0,0.0
2025-12-08 00:00:00-05:00,7.96999979019165,8.199999809265137,7.78000020980835,8.15999984741211,126000,0.0,0.0
2025-12-09 00:00:00-05:00,8.119999885559082,8.15999984741211,7.960000038146973,8.039999961853027,56600,0.0,0.0
2025-12-10 00:00:00-05:00,7.920000076293945,8.5,7.920000076293945,8.460000038146973,134200,0.0,0.0
2025-12-11 00:00:00-05:00,8.380000114440918,8.380000114440918,7.800000190734863,7.869999885559082,54300,0.0,0.0
2025-12-12 00:00:00-05:00,7.900000095367432,8.09000015258789,7.670000076293945,7.690000057220459,73700,0.0,0.0
2025-12-15 00:00:00-05:00,7.769999980926514,7.880000114440918,7.480000019073486,7.539999961853027,59700,0.0,0.0
2025-12-16 00:00:00-05:00,7.590000152587891,7.610000133514404,7.360000133514404,7.579999923706055,78400,0.0,0.0
2025-12-17 00:00:00-05:00,7.550000190734863,7.699999809265137,7.340000152587891,7.409999847412109,74800,0.0,0.0
2025-12-18 00:00:00-05:00,7.550000190734863,7.559999942779541,7.179999828338623,7.349999904632568,93700,0.0,0.0
2025-12-19 00:00:00-05:00,7.300000190734863,7.349999904632568,6.920000076293945,7.130000114440918,461900,0.0,0.0
2025-12-22 00:00:00-05:00,7.190000057220459,7.389999866485596,7.110000133514404,7.190000057220459,91800,0.0,0.0
2025-12-23 00:00:00-05:00,7.25,7.380000114440918,7.159999847412109,7.179999828338623,62400,0.0,0.0
2025-12-24 00:00:00-05:00,7.230000019073486,7.230000019073486,7.050000190734863,7.190000057220459,65200,0.0,0.0
2025-12-26 00:00:00-05:00,7.239999771118164,7.349999904632568,7.179999828338623,7.260000228881836,85600,0.0,0.0
2025-12-29 00:00:00-05:00,7.179999828338623,7.269999980926514,7.119999885559082,7.159999847412109,41100,0.0,0.0
2025-12-30 00:00:00-05:00,7.170000076293945,7.170000076293945,6.980000019073486,7.019999980926514,50400,0.0,0.0
2025-12-31 00:00:00-05:00,7.019999980926514,7.059999942779541,6.900000095367432,7.059999942779541,61900,0.0,0.0
2026-01-02 00:00:00-05:00,7.050000190734863,7.059999942779541,6.760000228881836,6.809999942779541,61300,0.0,0.0
2026-01-05 00:00:00-05:00,7.409999847412109,7.949999809265137,7.349999904632568,7.920000076293945,186000,0.0,0.0
2026-01-06 00:00:00-05:00,8.0,8.069999694824219,6.829999923706055,6.96999979019165,197800,0.0,0.0
2026-01-07 00:00:00-05:00,7.130000114440918,7.519999980926514,7.130000114440918,7.309999942779541,93400,0.0,0.0
2026-01-08 00:00:00-05:00,7.349999904632568,7.710000038146973,7.300000190734863,7.570000171661377,101900,0.0,0.0
2026-01-09 00:00:00-05:00,7.590000152587891,7.639999866485596,7.380000114440918,7.400000095367432,48300,0.0,0.0
2026-01-12 00:00:00-05:00,7.400000095367432,7.800000190734863,7.380000114440918,7.699999809265137,46200,0.0,0.0
2026-01-13 00:00:00-05:00,7.699999809265137,7.900000095367432,7.590000152587891,7.789999961853027,60100,0.0,0.0
2026-01-14 00:00:00-05:00,7.789999961853027,7.900000095367432,7.639999866485596,7.690000057220459,37800,0.0,0.0
2026-01-15 00:00:00-05:00,7.650000095367432,7.809999942779541,7.550000190734863,7.699999809265137,24100,0.0,0.0
2026-01-16 00:00:00-05:00,7.699999809265137,7.739999771118164,7.550000190734863,7.679999828338623,34800,0.0,0.0
2026-01-20 00:00:00-05:00,7.619999885559082,8.0,7.53000020980835,7.929999828338623,74800,0.0,0.0
2026-01-21 00:00:00-05:00,8.0,8.300000190734863,7.889999866485596,8.300000190734863,179700,0.0,0.0
2026-01-22 00:00:00-05:00,8.229999542236328,8.380000114440918,8.0,8.050000190734863,67300,0.0,0.0
2026-01-23 00:00:00-05:00,8.039999961853027,8.039999961853027,7.71999979019165,7.849999904632568,65600,0.0,0.0
2026-01-26 00:00:00-05:00,7.820000171661377,8.010000228881836,7.820000171661377,7.900000095367432,30600,0.0,0.0
2026-01-27 00:00:00-05:00,7.889999866485596,8.09000015258789,7.78000020980835,8.09000015258789,53700,0.0,0.0
2026-01-28 00:00:00-05:00,8.039999961853027,8.170000076293945,7.989999771118164,8.029999732971191,78900,0.0,0.0
2026-01-29 00:00:00-05:00,8.069999694824219,8.25,7.840000152587891,8.210000038146973,100200,0.0,0.0
2026-01-30 00:00:00-05:00,8.079999923706055,8.25,7.96999979019165,8.09000015258789,91800,0.0,0.0
2026-02-02 00:00:00-05:00,8.0,8.279999732971191,7.980000019073486,8.210000038146973,133200,0.0,0.0
2026-02-03 00:00:00-05:00,8.210000038146973,8.210000038146973,7.739999771118164,7.920000076293945,42500,0.0,0.0
2026-02-04 00:00:00-05:00,7.840000152587891,7.920000076293945,7.599999904632568,7.769999980926514,46200,0.0,0.0
2026-02-05 00:00:00-05:00,7.699999809265137,7.849999904632568,7.449999809265137,7.510000228881836,46500,0.0,0.0
2026-02-06 00:00:00-05:00,7.639999866485596,7.900000095367432,7.579999923706055,7.880000114440918,47500,0.0,0.0
2026-02-09 00:00:00-05:00,7.909999847412109,7.909999847412109,7.690000057220459,7.820000171661377,22500,0.0,0.0
2026-02-10 00:00:00-05:00,7.75,8.069999694824219,7.730000019073486,7.96999979019165,57700,0.0,0.0
2026-02-11 00:00:00-05:00,8.0,8.149999618530273,7.75,7.849999904632568,37700,0.0,0.0
2026-02-12 00:00:00-05:00,7.829999923706055,7.909999847412109,7.599999904632568,7.820000171661377,37800,0.0,0.0
2026-02-13 00:00:00-05:00,7.860000133514404,8.1899995803833,7.860000133514404,8.020000457763672,63000,0.0,0.0
2026-02-17 00:00:00-05:00,8.029999732971191,8.380000114440918,7.949999809265137,8.210000038146973,76200,0.0,0.0
2026-02-18 00:00:00-05:00,8.229999542236328,8.350000381469727,8.100000381469727,8.210000038146973,67900,0.0,0.0
2026-02-19 00:00:00-05:00,8.210000038146973,8.489999771118164,8.199999809265137,8.420000076293945,60500,0.0,0.0
2026-02-20 00:00:00-05:00,8.390000343322754,8.619999885559082,8.199999809265137,8.279999732971191,75600,0.0,0.0
2026-02-23 00:00:00-05:00,8.350000381469727,8.600000381469727,8.069999694824219,8.149999618530273,62000,0.0,0.0
2026-02-24 00:00:00-05:00,8.270000457763672,8.649999618530273,8.270000457763672,8.399999618530273,72000,0.0,0.0
2026-02-25 00:00:00-05:00,8.5,8.949999809265137,8.5,8.649999618530273,116000,0.0,0.0
2026-02-26 00:00:00-05:00,8.529999732971191,8.789999961853027,8.399999618530273,8.520000457763672,97000,0.0,0.0
2026-02-27 00:00:00-05:00,8.489999771118164,8.65999984741211,8.220000267028809,8.239999771118164,81000,0.0,0.0
2026-03-02 00:00:00-05:00,8.1899995803833,8.979999542236328,8.15999984741211,8.760000228881836,183700,0.0,0.0
2026-03-03 00:00:00-05:00,8.779999732971191,8.789999961853027,7.829999923706055,7.900000095367432,135100,0.0,0.0
2026-03-04 00:00:00-05:00,8.069999694824219,8.479999542236328,8.020000457763672,8.279999732971191,100500,0.0,0.0
2026-03-05 00:00:00-05:00,8.6899995803833,9.140000343322754,7.730000019073486,7.829999923706055,323500,0.0,0.0
2026-03-06 00:00:00-05:00,8.229999542236328,8.470000267028809,7.570000171661377,7.710000038146973,219300,0.0,0.0
2026-03-09 00:00:00-04:00,7.829999923706055,8.300000190734863,7.710000038146973,8.15999984741211,156500,0.0,0.0
2026-03-10 00:00:00-04:00,8.279999732971191,8.510000228881836,8.069999694824219,8.119999885559082,115000,0.0,0.0
2026-03-11 00:00:00-04:00,8.100000381469727,8.369999885559082,8.09000015258789,8.329999923706055,83300,0.0,0.0
2026-03-12 00:00:00-04:00,7.840000152587891,8.279999732971191,7.480000019073486,7.809999942779541,203100,0.0,0.0
2026-03-13 00:00:00-04:00,7.980000019073486,8.010000228881836,7.550000190734863,7.559999942779541,138300,0.0,0.0
2026-03-16 00:00:00-04:00,7.659999847412109,7.659999847412109,7.28000020980835,7.5,165300,0.0,0.0
2026-03-17 00:00:00-04:00,7.659999847412109,7.980000019073486,7.650000095367432,7.650000095367432,96600,0.0,0.0
2026-03-18 00:00:00-04:00,7.599999904632568,7.599999904632568,7.0,7.010000228881836,190200,0.0,0.0
2026-03-19 00:00:00-04:00,6.980000019073486,7.03000020980835,6.760000228881836,6.800000190734863,201500,0.0,0.0
2026-03-20 00:00:00-04:00,6.78000020980835,7.03000020980835,6.579999923706055,6.71999979019165,224800,0.0,0.0
2026-03-23 00:00:00-04:00,6.900000095367432,7.289999961853027,6.889999866485596,7.039999961853027,152100,0.0,0.0
2026-03-24 00:00:00-04:00,7.0,7.239999771118164,6.909999847412109,6.940000057220459,117200,0.0,0.0
2026-03-25 00:00:00-04:00,7.110000133514404,7.340000152587891,7.099999904632568,7.179999828338623,100600,0.0,0.0
2026-03-26 00:00:00-04:00,7.010000228881836,7.28000020980835,7.010000228881836,7.039999961853027,91500,0.0,0.0
2026-03-27 00:00:00-04:00,7.050000190734863,7.179999828338623,6.78000020980835,6.78000020980835,158700,0.0,0.0
2026-03-30 00:00:00-04:00,6.860000133514404,6.909999847412109,6.769999980926514,6.840000152587891,104300,0.0,0.0
2026-03-31 00:00:00-04:00,6.909999847412109,7.079999923706055,6.900000095367432,6.96999979019165,97600,0.0,0.0
2026-04-01 00:00:00-04:00,7.059999942779541,7.269999980926514,7.059999942779541,7.230000019073486,68700,0.0,0.0
2026-04-02 00:00:00-04:00,7.039999961853027,7.179999828338623,6.909999847412109,7.119999885559082,63500,0.0,0.0
2026-04-06 00:00:00-04:00,7.110000133514404,7.25,7.110000133514404,7.119999885559082,78200,0.0,0.0
2026-04-07 00:00:00-04:00,7.079999923706055,7.150000095367432,6.949999809265137,7.119999885559082,80200,0.0,0.0
2026-04-08 00:00:00-04:00,7.300000190734863,7.429999828338623,7.039999961853027,7.090000152587891,92546,0.0,0.0
