Date,Open,High,Low,Close,Volume,Dividends,Stock Splits
2022-01-03 00:00:00-05:00,171.7539141737008,173.72070814624288,167.64066501344521,168.6240692138672,786100,0.0,0.0
2022-01-04 00:00:00-05:00,170.1653598248115,173.03989601118928,169.8249528948705,171.59317016601562,808600,0.0,0.0
2022-01-05 00:00:00-05:00,172.09432984612056,172.89807287221745,169.2386946186393,169.5791015625,758800,0.0,0.0
2022-01-06 00:00:00-05:00,170.73269508917843,172.9453329196438,170.05188122929647,171.59317016601562,752800,0.0,0.0
2022-01-07 00:00:00-05:00,172.50089737539716,174.0327356412138,171.35676197991705,172.9642333984375,1057500,0.0,0.0
2022-01-10 00:00:00-05:00,170.8840080755521,171.3284286811942,167.67851516295886,169.5885772705078,681000,0.0,0.0
2022-01-11 00:00:00-05:00,170.38282946088248,171.14874140949067,167.0260418680195,170.8934326171875,533000,0.0,0.0
2022-01-12 00:00:00-05:00,171.87687449491395,173.06829173992378,170.4963310343717,171.42298889160156,392100,0.0,0.0
2022-01-13 00:00:00-05:00,172.17942210700542,172.2361541909983,169.87222116928103,170.5625,527500,0.0,0.0
2022-01-14 00:00:00-05:00,169.30488330447346,169.30488330447346,166.64782493734208,168.76589965820312,718700,0.0,0.0
2022-01-18 00:00:00-05:00,166.92202496302917,168.8604527823576,165.0687096916633,168.7280731201172,975100,0.0,0.0
2022-01-19 00:00:00-05:00,169.53182937745672,170.20319276403504,166.87477073228007,167.93382263183594,654300,0.0,0.0
2022-01-20 00:00:00-05:00,168.78481066452082,169.83439745923056,164.91741986614852,165.17271423339844,989600,0.0,0.0
2022-01-21 00:00:00-05:00,165.28623997310973,166.7518816887797,163.30999494898794,164.08535766601562,650000,0.0,0.0
2022-01-24 00:00:00-05:00,161.66465767997266,164.70940466106487,157.46631019407894,164.2366180419922,1095100,0.0,0.0
2022-01-25 00:00:00-05:00,161.5512226792085,163.05468093654133,156.87062276258695,161.38101196289062,935500,0.0,0.0
2022-01-26 00:00:00-05:00,162.13747086859402,165.32404858627308,159.49931302200284,160.6718292236328,883600,0.0,0.0
2022-01-27 00:00:00-05:00,164.68101959264578,165.56986064234331,155.42385058083087,159.52764892578125,1438700,0.0,0.0
2022-01-28 00:00:00-05:00,159.4425294016484,159.5654585200829,153.27740325935235,157.93907165527344,1205600,0.0,0.0
2022-01-31 00:00:00-05:00,156.83277898783646,160.74745164487965,155.62244638853923,160.662353515625,1536900,0.0,0.0
2022-02-01 00:00:00-05:00,160.58672539634017,161.3526375091069,157.12592343732328,160.454345703125,1019600,0.0,0.0
2022-02-02 00:00:00-05:00,160.06664361751217,162.0807193201309,159.05488771105095,160.99330139160156,952400,0.0,0.0
2022-02-03 00:00:00-05:00,159.81129879418117,160.95544855323564,154.07167778255243,154.65792846679688,977800,0.0,0.0
2022-02-04 00:00:00-05:00,153.2963092559192,155.887184793137,149.06959626466895,154.27024841308594,1466800,0.0,0.0
2022-02-07 00:00:00-05:00,154.36482808524445,154.93217778827224,152.67225837077197,153.32469177246094,696400,0.0,0.0
2022-02-08 00:00:00-05:00,153.86367101785157,156.39780024783707,152.0859887991262,155.84938049316406,779400,0.0,0.0
2022-02-09 00:00:00-05:00,157.45684166560966,159.36688900005237,157.45684166560966,158.46859741210938,492800,0.0,0.0
2022-02-10 00:00:00-05:00,155.77378039576377,158.19444619768777,153.98664709447564,155.01731872558594,784100,0.0,0.0
2022-02-11 00:00:00-05:00,155.49950105847134,155.8777389740574,150.48796049629,151.4902801513672,888900,0.0,0.0
2022-02-14 00:00:00-05:00,151.69831668779702,153.05049400144253,150.7622083604997,152.3885955810547,787400,0.0,0.0
2022-02-15 00:00:00-05:00,154.3553858727587,155.2631281326016,151.8874390595872,152.82354736328125,885800,0.0,0.0
2022-02-16 00:00:00-05:00,151.93470613566666,154.97945322008545,151.45246896203625,154.08116149902344,697200,0.0,0.0
2022-02-17 00:00:00-05:00,152.53988392283867,153.34361252997593,150.54472378418782,150.7149200439453,776400,0.0,0.0
2022-02-18 00:00:00-05:00,150.26106279389327,152.01982978192373,149.70317798656262,150.37452697753906,649500,0.0,0.0
2022-02-22 00:00:00-05:00,150.4785223439496,151.94416372733332,148.8899662526476,149.55186462402344,739800,0.0,0.0
2022-02-23 00:00:00-05:00,150.1003071470107,150.41234805973775,145.86412847874934,146.478759765625,841900,0.0,0.0
2022-02-24 00:00:00-05:00,143.72715446665788,146.97046425041788,143.07470652272127,146.90428161621094,825100,0.0,0.0
2022-02-25 00:00:00-05:00,147.40703738422198,151.35332619140186,147.40703738422198,150.85055541992188,631100,0.5,0.0
2022-02-28 00:00:00-05:00,148.57382292621088,150.94538830033574,147.15088370173595,148.80149841308594,1003400,0.0,0.0
2022-03-01 00:00:00-05:00,148.40312610714832,149.01024646414314,142.84417445799014,143.878173828125,847400,0.0,0.0
2022-03-02 00:00:00-05:00,145.50979966533924,150.5564989485094,145.29161965118408,149.07662963867188,887500,0.0,0.0
2022-03-03 00:00:00-05:00,150.53747148656487,150.82206219899209,148.04258032162147,149.00070190429688,444500,0.0,0.0
2022-03-04 00:00:00-05:00,146.39198395887215,147.03704274684887,143.00538189733848,143.1856231689453,1227500,0.0,0.0
2022-03-07 00:00:00-05:00,142.71129890887445,143.23304610806622,139.1349748070156,139.31521606445312,1212200,0.0,0.0
2022-03-08 00:00:00-05:00,140.3302880740912,142.58802340403756,138.20537432815507,138.6796875,889200,0.0,0.0
2022-03-09 00:00:00-05:00,142.61646236637105,145.13981158422666,142.1231871541475,143.43228149414062,711500,0.0,0.0
2022-03-10 00:00:00-05:00,141.2314780589498,144.32399436445974,140.9753449233289,144.17221069335938,893000,0.0,0.0
2022-03-11 00:00:00-05:00,145.6331313236043,146.401516403982,142.76827549655135,142.8916015625,773300,0.0,0.0
2022-03-14 00:00:00-04:00,144.5706409229203,146.30662877201033,143.23308885385418,143.6409912109375,499600,0.0,0.0
2022-03-15 00:00:00-04:00,144.91213887195104,145.2915980519947,142.90105587982652,144.37142944335938,669500,0.0,0.0
2022-03-16 00:00:00-04:00,145.71851098724267,148.93435410516753,144.73194583855542,147.79600524902344,862000,0.0,0.0
2022-03-17 00:00:00-04:00,146.145363476457,149.49401311197047,146.145363476457,149.24737548828125,457500,0.0,0.0
2022-03-18 00:00:00-04:00,149.59835735288408,151.62841695734085,147.62521300768225,151.08770751953125,1105100,0.0,0.0
2022-03-21 00:00:00-04:00,151.11616233426915,151.61893308150616,149.0576451385296,150.03472900390625,590100,0.0,0.0
2022-03-22 00:00:00-04:00,151.068730989338,152.57704325962266,150.53750260293998,151.2015380859375,889600,0.0,0.0
2022-03-23 00:00:00-04:00,150.12013156608657,151.50513251378393,149.51301123385124,149.72171020507812,548600,0.0,0.0
2022-03-24 00:00:00-04:00,150.2244178602562,150.66079220059572,148.30818923726997,149.1524658203125,589700,0.0,0.0
2022-03-25 00:00:00-04:00,149.63627735803826,150.22442087322355,148.65919369092765,150.14852905273438,418600,0.0,0.0
2022-03-28 00:00:00-04:00,149.66474584135395,150.5469611781473,148.39357584952717,150.49952697753906,369000,0.0,0.0
2022-03-29 00:00:00-04:00,152.53913323029175,154.5122779467404,151.9414939458936,154.3794708251953,536000,0.0,0.0
2022-03-30 00:00:00-04:00,153.5541200016869,154.08534836337742,151.8750620316766,152.3303985595703,646200,0.0,0.0
2022-03-31 00:00:00-04:00,151.80868282634813,152.3683689327704,148.77308121748388,148.8394775390625,756500,0.0,0.0
2022-04-01 00:00:00-04:00,150.20547572369279,151.2584514315844,148.9058624037761,150.40469360351562,637000,0.0,0.0
2022-04-04 00:00:00-04:00,149.37067211130963,150.42364766156138,147.7390340609216,149.81651306152344,817300,0.0,0.0
2022-04-05 00:00:00-04:00,149.8355051462717,150.85054212653236,145.49079542049813,146.01254272460938,867900,0.0,0.0
2022-04-06 00:00:00-04:00,144.1911893237581,146.89477991353365,143.26153965608665,146.79991149902344,832600,0.0,0.0
2022-04-07 00:00:00-04:00,145.7374636862771,147.35012550777617,144.7888373824672,146.49635314941406,979800,0.0,0.0
2022-04-08 00:00:00-04:00,143.43227599619576,145.85127565818695,141.73424149732057,143.12872314453125,1223200,0.0,0.0
2022-04-11 00:00:00-04:00,143.12873382520945,144.2386248053232,141.2789010501319,141.56349182128906,857400,0.0,0.0
2022-04-12 00:00:00-04:00,142.18014019548065,143.38488539249187,139.2868265621202,140.2733917236328,779900,0.0,0.0
2022-04-13 00:00:00-04:00,139.89391566996613,141.81962581908374,139.8654580401674,141.7342529296875,606200,0.0,0.0
2022-04-14 00:00:00-04:00,142.25600277913802,143.08130300764898,138.7555695032093,138.86940002441406,886100,0.0,0.0
2022-04-18 00:00:00-04:00,138.46147270303538,140.5769048649551,138.34762772747345,139.08755493164062,855000,0.0,0.0
2022-04-19 00:00:00-04:00,139.89392554811235,144.12479085900463,139.63779238694966,143.88763427734375,762100,0.0,0.0
2022-04-20 00:00:00-04:00,146.78094211358925,148.76358206485742,146.2117750233014,147.53036499023438,1154600,0.0,0.0
2022-04-21 00:00:00-04:00,138.94529166453924,143.88762645161142,131.38473909440106,136.75396728515625,2189000,0.0,0.0
2022-04-22 00:00:00-04:00,135.67252577166724,135.81481391443364,133.08276577422012,135.65354919433594,1605600,0.0,0.0
2022-04-25 00:00:00-04:00,134.91359483760831,135.81478666908086,131.85901786996794,134.9325714111328,1311700,0.0,0.0
2022-04-26 00:00:00-04:00,133.88910420910378,135.43536958079142,131.8969833557011,131.90647888183594,1577000,0.0,0.0
2022-04-27 00:00:00-04:00,131.91597786738635,134.35395453395296,130.8345444077724,130.9009552001953,1827600,0.0,0.0
2022-04-28 00:00:00-04:00,131.63137546053417,133.42427852429682,129.41159347204484,132.32388305664062,1392400,0.0,0.0
2022-04-29 00:00:00-04:00,131.53652659928,132.34285027159842,125.87322641447453,126.45188903808594,2175800,0.0,0.0
2022-05-02 00:00:00-04:00,126.18625183745134,128.17835802507585,124.29848062821301,127.46688842773438,1158300,0.0,0.0
2022-05-03 00:00:00-04:00,127.50485082382373,129.68669397551312,126.83131985388842,129.0511016845703,843000,0.0,0.0
2022-05-04 00:00:00-04:00,128.8518994086194,131.57445199021353,127.41947904728869,131.13809204101562,988300,0.0,0.0
2022-05-05 00:00:00-04:00,129.7815613889282,130.75864531694003,127.14438144100853,128.28273010253906,1051200,0.0,0.0
2022-05-06 00:00:00-04:00,127.48587422768847,127.76096945628217,124.75382614425315,126.17676544189453,888800,0.0,0.0
2022-05-09 00:00:00-04:00,124.58309889273008,126.54674788838258,123.82419492621797,125.31354522705078,1204400,0.0,0.0
2022-05-10 00:00:00-04:00,126.54672904633699,127.34358605371655,121.7182251716088,123.27397155761719,979600,0.0,0.0
2022-05-11 00:00:00-04:00,122.75221977266924,125.96806188808873,121.94589621858856,123.39729309082031,1075600,0.0,0.0
2022-05-12 00:00:00-04:00,122.87555176136897,124.65897366723388,121.93640660298297,124.60205841064453,892000,0.0,0.0
2022-05-13 00:00:00-04:00,125.75935914843005,127.33406734984727,124.27949038974772,126.00599670410156,826400,0.0,0.0
2022-05-16 00:00:00-04:00,124.98147996873419,127.12536959443108,123.88107029541668,126.51824951171875,1014600,0.0,0.0
2022-05-17 00:00:00-04:00,128.99418101425692,129.24083307946,126.57518141445962,128.9182891845703,703100,0.0,0.0
2022-05-18 00:00:00-04:00,127.19180367627608,127.42896022822136,122.35380422663759,122.74274444580078,753400,0.0,0.0
2022-05-19 00:00:00-04:00,121.82256836904892,124.17515716659445,120.51346688835552,122.88502502441406,978100,0.0,0.0
2022-05-20 00:00:00-04:00,124.01389087140181,124.41231211206588,121.02572432897836,124.06132507324219,1779000,0.0,0.0
2022-05-23 00:00:00-04:00,125.75939486053605,126.43291142396512,123.52063622561751,124.080322265625,747900,0.0,0.0
2022-05-24 00:00:00-04:00,123.56805370673791,124.45976472364616,120.80755500244824,124.12775421142578,685400,0.0,0.0
2022-05-25 00:00:00-04:00,122.89453133828582,123.3593489283695,121.24391648246826,123.09373474121094,1481100,0.0,0.0
2022-05-26 00:00:00-04:00,124.70641171996236,127.03054311001434,124.64000093530115,126.22420501708984,572600,0.0,0.0
2022-05-27 00:00:00-04:00,127.59537956392865,128.17622478342145,126.7669664505234,128.1190948486328,661400,0.5,0.0
2022-05-31 00:00:00-04:00,125.6719123221061,128.5285250601807,124.81493431247722,127.50967407226562,2105100,0.0,0.0
2022-06-01 00:00:00-04:00,127.94770980906557,128.64282953244341,124.82448031410605,126.43370819091797,644300,0.0,0.0
2022-06-02 00:00:00-04:00,127.14783751622312,129.08081106005415,126.23372953552148,129.05224609375,991500,0.0,0.0
2022-06-03 00:00:00-04:00,127.93817753831392,128.68089577180626,126.26230310649521,127.05261993408203,713700,0.0,0.0
2022-06-06 00:00:00-04:00,127.7001382814661,128.21432228710617,126.43370463022968,126.82411193847656,751300,0.0,0.0
2022-06-07 00:00:00-04:00,125.92904786139297,129.69025281222508,125.42438062778575,129.61407470703125,625600,0.0,0.0
2022-06-08 00:00:00-04:00,128.40473213176534,129.0903202644641,127.48109296769842,128.1857147216797,514100,0.0,0.0
2022-06-09 00:00:00-04:00,127.5858860258018,129.03322640275778,126.31945229884963,126.3670654296875,647100,0.0,0.0
2022-06-10 00:00:00-04:00,124.11985431297309,124.53881206095089,121.90121622875387,122.27257537841797,682000,0.0,0.0
2022-06-13 00:00:00-04:00,119.67304041169002,120.34910461380683,117.42583761308704,118.03524780273438,631500,0.0,0.0
2022-06-14 00:00:00-04:00,118.08286029870985,118.94936245621648,116.2165406947223,117.12113189697266,705100,0.0,0.0
2022-06-15 00:00:00-04:00,118.2447221405463,119.66350441594055,116.33078959491584,118.13045501708984,666300,0.0,0.0
2022-06-16 00:00:00-04:00,115.62616623520609,115.62616623520609,113.22661464143954,114.0931167602539,796900,0.0,0.0
2022-06-17 00:00:00-04:00,113.37897413119697,114.9501127958357,111.6078734204759,111.68405151367188,1812800,0.0,0.0
2022-06-21 00:00:00-04:00,113.21710731428436,114.5025818320069,112.57913209460074,113.52181243896484,996500,0.0,0.0
2022-06-22 00:00:00-04:00,111.95066552582516,114.66444647975577,111.94114144816429,113.71224212646484,783600,0.0,0.0
2022-06-23 00:00:00-04:00,113.42658287469644,115.16911128460931,111.56978006466043,112.91239166259766,2012100,0.0,0.0
2022-06-24 00:00:00-04:00,114.26452067812326,117.59723586456852,114.06455863870566,117.33061981201172,1232300,0.0,0.0
2022-06-27 00:00:00-04:00,118.06380849540373,118.54943471995064,116.44506409990372,117.18778228759766,966100,0.0,0.0
2022-06-28 00:00:00-04:00,118.59706780674783,118.8922488631561,115.6928413123511,115.95945739746094,1038300,0.0,0.0
2022-06-29 00:00:00-04:00,116.03562322275059,116.03562322275059,113.56941016688259,115.46430206298828,969500,0.0,0.0
2022-06-30 00:00:00-04:00,114.14074511160743,116.37842401960236,113.66464290715135,115.52143859863281,1191400,0.0,0.0
2022-07-01 00:00:00-04:00,115.72138935380735,117.34014104975049,114.60731204769594,116.55933380126953,562500,0.0,0.0
2022-07-05 00:00:00-04:00,114.61683283267257,116.0832283088675,113.2837453757006,115.94991302490234,732300,0.0,0.0
2022-07-06 00:00:00-04:00,116.1213259636237,117.59724571862108,114.77872151081846,116.2451171875,1150400,0.0,0.0
2022-07-07 00:00:00-04:00,116.64503317839178,117.85432950955038,115.28338066376045,117.70198059082031,830900,0.0,0.0
2022-07-08 00:00:00-04:00,117.5020312302666,117.86386630795232,115.46431427722031,115.95945739746094,788300,0.0,0.0
2022-07-11 00:00:00-04:00,115.95944149380988,116.92116989583668,115.32146633983096,115.53095245361328,600100,0.0,0.0
2022-07-12 00:00:00-04:00,115.12151002883172,117.55915089645696,114.60731879617775,114.99771881103516,698200,0.0,0.0
2022-07-13 00:00:00-04:00,113.0361659578263,114.59778035095859,112.41723174066902,113.99789428710938,539600,0.0,0.0
2022-07-14 00:00:00-04:00,112.10301145451515,112.90285955103488,111.08415318028626,112.29344940185547,924500,0.0,0.0
2022-07-15 00:00:00-04:00,114.24548749372052,115.63570505063915,113.38850207788218,114.76919555664062,1087100,0.0,0.0
2022-07-18 00:00:00-04:00,115.3119476423692,115.99753595046404,113.70272719865288,114.2454833984375,944600,0.0,0.0
2022-07-19 00:00:00-04:00,115.87374322545391,119.19693418782185,115.56903814100674,118.9398422241211,834200,0.0,0.0
2022-07-20 00:00:00-04:00,119.0255527062501,119.75874691443359,118.09238917654608,119.69209289550781,1254000,0.0,0.0
2022-07-21 00:00:00-04:00,119.36832846505932,121.8440581264862,117.41630679590503,121.34891510009766,1737500,0.0,0.0
2022-07-22 00:00:00-04:00,121.57746934095194,123.29143306082322,121.40607224249044,122.49158477783203,1583000,0.0,0.0
2022-07-25 00:00:00-04:00,122.34874927758516,122.3963478742651,119.82539888564277,120.61573028564453,1007200,0.0,0.0
2022-07-26 00:00:00-04:00,120.05392746119334,121.43462087739807,119.28263698951139,121.14896392822266,841900,0.0,0.0
2022-07-27 00:00:00-04:00,121.32988992492855,124.39598943270003,121.12992786112738,123.88180541992188,891300,0.0,0.0
2022-07-28 00:00:00-04:00,124.30073974211355,126.10040524179303,123.61516603081658,125.50052642822266,832300,0.0,0.0
2022-07-29 00:00:00-04:00,125.99568076478396,127.75725001348273,124.90063709501317,127.29066467285156,1428400,0.0,0.0
2022-08-01 00:00:00-04:00,126.16708959590048,126.33847942270727,124.89113912027162,125.95760345458984,963200,0.0,0.0
2022-08-02 00:00:00-04:00,125.48148345038706,127.04309794558422,124.74828205968622,124.86255645751953,618000,0.0,0.0
2022-08-03 00:00:00-04:00,125.74811384901443,127.12880735726156,124.72926267115116,126.80506134033203,902900,0.0,0.0
2022-08-04 00:00:00-04:00,126.90978248101739,126.98596056527778,125.7290439692073,126.12898254394531,775700,0.0,0.0
2022-08-05 00:00:00-04:00,125.32911620158744,127.63344869645904,125.00537025020924,127.62393188476562,759400,0.0,0.0
2022-08-08 00:00:00-04:00,128.75709107417794,129.41411449073996,127.50970552887311,128.07150268554688,730300,0.0,0.0
2022-08-09 00:00:00-04:00,127.66203616617624,127.66203616617624,124.97681309355644,125.54814147949219,655600,0.0,0.0
2022-08-10 00:00:00-04:00,128.0905357443131,129.7664102025911,127.62395037304063,129.33792114257812,663300,0.0,0.0
2022-08-11 00:00:00-04:00,130.2425276533083,131.1090372174598,129.58550423718214,129.9568634033203,554900,0.0,0.0
2022-08-12 00:00:00-04:00,130.40438541279278,132.82299264627056,130.19489928927942,132.81346130371094,755700,0.0,0.0
2022-08-15 00:00:00-04:00,131.87078642666975,133.63235576669172,131.56607405875013,133.57522583007812,696400,0.0,0.0
2022-08-16 00:00:00-04:00,133.10862479444555,135.1558726354847,132.70870075574797,134.5750274658203,668000,0.0,0.0
2022-08-17 00:00:00-04:00,132.98490228583591,133.44195644057328,132.34692692644492,132.442138671875,544100,0.0,0.0
2022-08-18 00:00:00-04:00,132.556382155085,133.82280123296593,132.25166977008558,133.7371063232422,532300,0.0,0.0
2022-08-19 00:00:00-04:00,132.84200989912813,132.84200989912813,130.53767735398455,131.2803955078125,575900,0.0,0.0
2022-08-22 00:00:00-04:00,129.2427047533625,129.2427047533625,126.69080382475374,127.44303894042969,1275000,0.0,0.0
2022-08-23 00:00:00-04:00,127.04312825540818,128.01438095654547,126.38610479668262,126.7765121459961,743700,0.0,0.0
2022-08-24 00:00:00-04:00,126.74791382696304,127.19545100634168,126.00519564192707,126.6241226196289,798300,0.0,0.0
2022-08-25 00:00:00-04:00,127.50014690045407,128.5951905368831,127.03357610351365,128.51901245117188,828100,0.0,0.0
2022-08-26 00:00:00-04:00,128.82371434280822,128.82371434280822,121.78693235771932,121.87262725830078,822800,0.0,0.0
2022-08-29 00:00:00-04:00,120.9394619510683,122.27254933334282,120.66332185108172,121.33938598632812,584000,0.0,0.0
2022-08-30 00:00:00-04:00,121.61185948329242,121.99425811318304,119.63295441427927,120.4837875366211,1481800,0.505,0.0
2022-08-31 00:00:00-04:00,121.06693715787654,121.06693715787654,118.90639121723872,119.46086883544922,1534000,0.0,0.0
2022-09-01 00:00:00-04:00,120.29257937687623,123.41868001093545,119.47998693127079,123.38043212890625,1205700,0.0,0.0
2022-09-02 00:00:00-04:00,124.63279426219773,125.22551980123035,122.02293763421204,122.33841705322266,1457700,0.0,0.0
2022-09-06 00:00:00-04:00,123.18923586020487,123.18923586020487,121.08605456527195,122.66343688964844,1005600,0.0,0.0
2022-09-07 00:00:00-04:00,122.6060876883135,124.51807346123066,122.11852927399848,123.80107879638672,1668500,0.0,0.0
2022-09-08 00:00:00-04:00,122.70171292166235,122.77817952829272,120.74192426577049,122.22370910644531,1564400,0.0,0.0
2022-09-09 00:00:00-04:00,122.62520379991456,124.13567421453912,122.49136538784873,123.77239227294922,1105900,0.0,0.0
2022-09-12 00:00:00-04:00,124.54674228245496,125.86601702991136,123.5333922364985,124.7379379272461,1145400,0.0,0.0
2022-09-13 00:00:00-04:00,122.00381619683135,123.13188810755481,120.84706566616823,121.24858093261719,1402400,0.0,0.0
2022-09-14 00:00:00-04:00,121.30595065359178,122.7686187701824,120.4646794430008,121.46846771240234,1420600,0.0,0.0
2022-09-15 00:00:00-04:00,121.46845617209162,122.5487328226469,116.59289381545112,117.109130859375,1461900,0.0,0.0
2022-09-16 00:00:00-04:00,115.50306054603242,116.92748790828313,114.47058647553729,115.58910369873047,1402200,0.0,0.0
2022-09-19 00:00:00-04:00,114.94858916276239,119.56603681742995,114.47059269234911,119.51823425292969,1184600,0.0,0.0
2022-09-20 00:00:00-04:00,118.39016518770126,118.39016518770126,116.12446653044101,117.29077911376953,992400,0.0,0.0
2022-09-21 00:00:00-04:00,118.53356169536859,120.40730696841445,116.66937839387192,116.73629760742188,983300,0.0,0.0
2022-09-22 00:00:00-04:00,116.43994631198773,116.8510235795928,114.41323859599218,114.86255645751953,951100,0.0,0.0
2022-09-23 00:00:00-04:00,114.23160334803661,115.493513836399,112.76893520171294,114.48016357421875,1244200,0.0,0.0
2022-09-26 00:00:00-04:00,114.06906646671933,115.80897316039425,112.46299818843121,112.75935363769531,1368600,0.0,0.0
2022-09-27 00:00:00-04:00,113.56239788887272,114.2315900039044,109.95830055801736,111.53569030761719,1117300,0.0,0.0
2022-09-28 00:00:00-04:00,112.5968543979822,115.20671849776589,111.92766221529293,114.54708099365234,1191100,0.0,0.0
2022-09-29 00:00:00-04:00,113.5241556075499,113.5528342272462,111.75557022102483,112.71156311035156,770400,0.0,0.0
2022-09-30 00:00:00-04:00,113.00791942108495,114.12642935952515,111.24889599245904,111.44965362548828,899600,0.0,0.0
2022-10-03 00:00:00-04:00,113.07483108798078,115.83764979107046,112.42475566998048,114.80517578125,795400,0.0,0.0
2022-10-04 00:00:00-04:00,116.43993678295699,119.10715052452095,116.39213422105426,118.94463348388672,864700,0.0,0.0
2022-10-05 00:00:00-04:00,117.27166001131698,119.64252586965583,117.27166001131698,118.61961364746094,618600,0.0,0.0
2022-10-06 00:00:00-04:00,118.27545176211345,120.0249206528175,117.9599723306132,118.06513214111328,788700,0.0,0.0
2022-10-07 00:00:00-04:00,116.7171686676606,117.10912925427851,114.66178978505408,115.40746307373047,761800,0.0,0.0
2022-10-10 00:00:00-04:00,116.43994638327996,116.72673989740136,113.82052040035663,115.31187438964844,625700,0.0,0.0
2022-10-11 00:00:00-04:00,115.05374059435687,116.66937088071033,114.19334555151634,114.30806732177734,935100,0.0,0.0
2022-10-12 00:00:00-04:00,114.3558636028979,114.85297665943614,112.19531779033383,112.20487976074219,1215200,0.0,0.0
2022-10-13 00:00:00-04:00,109.85314216977278,117.40547986878373,109.45161962859501,116.32521057128906,1168500,0.0,0.0
2022-10-14 00:00:00-04:00,117.0900154961154,117.87392939505588,113.96391457808224,114.31763458251953,1099400,0.0,0.0
2022-10-17 00:00:00-04:00,116.76499065102135,117.1378273573728,115.80899760014111,116.20095825195312,1167500,0.0,0.0
2022-10-18 00:00:00-04:00,118.84904526552445,119.78592158159972,116.71717774170635,117.97909545898438,1169900,0.0,0.0
2022-10-19 00:00:00-04:00,116.79364662584555,117.70184422424448,114.97725872269442,116.01929473876953,1033000,0.0,0.0
2022-10-20 00:00:00-04:00,114.67134955448738,117.72096934894228,112.61597058061248,113.85875701904297,1605400,0.0,0.0
2022-10-21 00:00:00-04:00,114.0021540741731,120.01535032992689,114.0021540741731,119.355712890625,1849800,0.0,0.0
2022-10-24 00:00:00-04:00,120.30213275005542,121.92732491730102,120.07269651589178,120.59849548339844,1260600,0.0,0.0
2022-10-25 00:00:00-04:00,120.26391936992546,121.97514037957532,120.005797181809,121.68834686279297,1208900,0.0,0.0
2022-10-26 00:00:00-04:00,122.54873712840889,123.24660788911768,120.32127183108082,121.94645690917969,1762200,0.0,0.0
2022-10-27 00:00:00-04:00,123.2944105381422,123.85844287133109,121.89866172211919,122.3957748413086,704300,0.0,0.0
2022-10-28 00:00:00-04:00,122.78771943099521,126.30576598653059,122.75904081354301,126.08589172363281,946900,0.0,0.0
2022-10-31 00:00:00-04:00,124.90998868816683,125.70346424627493,124.12606780402805,124.93866729736328,958900,0.0,0.0
2022-11-01 00:00:00-04:00,126.7837711994224,127.00366006488503,124.79530425663754,126.8602523803711,856900,0.0,0.0
2022-11-02 00:00:00-04:00,126.14325969356062,129.24068192762914,124.79530620942298,125.02474975585938,1449300,0.0,0.0
2022-11-03 00:00:00-04:00,123.4760333561814,125.97117514377773,122.3670782089625,124.56586456298828,1063000,0.0,0.0
2022-11-04 00:00:00-04:00,126.62125810863913,127.63460826004514,125.08210893887316,127.20441436767578,854800,0.0,0.0
2022-11-07 00:00:00-05:00,127.71108918883974,128.72443933822606,126.75509628001579,128.49501037597656,722300,0.0,0.0
2022-11-08 00:00:00-05:00,127.89273275993742,128.3611745461533,124.19304479595966,126.0572280883789,1377500,0.0,0.0
2022-11-09 00:00:00-05:00,124.94827798744656,127.03235024286823,124.31731912767985,124.47985076904297,994900,0.0,0.0
2022-11-10 00:00:00-05:00,129.12597085184856,131.6306676371376,128.4185308388252,131.30563354492188,921500,0.0,0.0
2022-11-11 00:00:00-05:00,131.48727069002894,135.65540074998427,131.48727069002894,134.73765563964844,1141600,0.0,0.0
2022-11-14 00:00:00-05:00,134.10667964875577,137.53869057700763,134.10667964875577,135.04354858398438,1240900,0.0,0.0
2022-11-15 00:00:00-05:00,136.95549854298645,138.03577487982668,134.38389062873372,135.90391540527344,761600,0.0,0.0
2022-11-16 00:00:00-05:00,135.86568623519193,136.8790362257208,134.9288174158547,135.11045837402344,939500,0.0,0.0
2022-11-17 00:00:00-05:00,133.19851025485175,133.19851025485175,130.92324218176083,132.86390686035156,695200,0.0,0.0
2022-11-18 00:00:00-05:00,134.56556089920392,134.56556089920392,131.96525893703907,133.33233642578125,683400,0.0,0.0
2022-11-21 00:00:00-05:00,132.88302747604334,134.4126221164412,132.80654628529388,134.1353759765625,676900,0.0,0.0
2022-11-22 00:00:00-05:00,134.94792476537998,136.01863185585012,134.46035918238442,135.89434814453125,836500,0.0,0.0
2022-11-23 00:00:00-05:00,136.047314760164,137.3379107017282,135.98040285854367,136.47750854492188,670500,0.0,0.0
2022-11-25 00:00:00-05:00,136.85996579523513,137.32839304447464,136.28636414181594,136.69744873046875,237900,0.0,0.0
2022-11-28 00:00:00-05:00,135.72232243145785,136.20031891404034,132.98818196759416,133.19850158691406,960600,0.0,0.0
2022-11-29 00:00:00-05:00,132.86749199211914,134.54656563567767,132.86749199211914,133.72142028808594,852500,0.505,0.0
2022-11-30 00:00:00-05:00,133.7501706223179,136.1968231201172,131.47623041301432,136.1968231201172,1450300,0.0,0.0
2022-12-01 00:00:00-05:00,137.2042752236105,137.7032039600873,136.00493715347403,136.71495056152344,769600,0.0,0.0
2022-12-02 00:00:00-05:00,135.23736002170997,138.32685611098253,134.72884184307418,137.67442321777344,679000,0.0,0.0
2022-12-05 00:00:00-05:00,135.861051208219,136.2448336157813,134.77684467833302,135.29495239257812,806900,0.0,0.0
2022-12-06 00:00:00-05:00,135.15102878691684,135.79387232962554,132.79072467814746,134.10520935058594,581700,0.0,0.0
2022-12-07 00:00:00-05:00,133.40475910009388,134.75761588919667,132.54124158894894,132.74273681640625,807200,0.0,0.0
2022-12-08 00:00:00-05:00,133.36638314992067,133.36638314992067,131.10203246190488,131.6968994140625,1102000,0.0,0.0
2022-12-09 00:00:00-05:00,131.86960682648942,132.84827067967223,131.5146074830338,131.72567749023438,864000,0.0,0.0
2022-12-12 00:00:00-05:00,132.40693851817477,134.66170021140323,131.75450555864595,134.6137237548828,845300,0.0,0.0
2022-12-13 00:00:00-05:00,138.2885214725804,138.67230390974785,135.33334985723423,136.81092834472656,782600,0.0,0.0
2022-12-14 00:00:00-05:00,136.8013222613701,138.14457526836506,134.4698010502206,134.9975128173828,811600,0.0,0.0
2022-12-15 00:00:00-05:00,132.685170451667,133.56789620481808,128.66500131068253,129.2214813232422,1391300,0.0,0.0
2022-12-16 00:00:00-05:00,127.6959212383503,129.23107984528792,126.56375311201084,128.0701141357422,2313900,0.0,0.0
2022-12-19 00:00:00-05:00,127.92621888785897,129.06799126246165,126.36227710008961,127.01472473144531,767100,0.0,0.0
2022-12-20 00:00:00-05:00,126.91876156485027,128.3867503164081,126.4102433510614,127.84944915771484,632700,0.0,0.0
2022-12-21 00:00:00-05:00,128.9240566195446,129.941093087705,128.49229778839182,129.38461303710938,747200,0.0,0.0
2022-12-22 00:00:00-05:00,128.56902813730835,128.83767866666528,126.0840034205786,128.30996704101562,696700,0.0,0.0
2022-12-23 00:00:00-05:00,128.1180850264312,129.4421589014358,127.87821741953077,129.25985717773438,367500,0.0,0.0
2022-12-27 00:00:00-05:00,129.50931632762268,130.94852199246475,128.7321476110651,130.3728485107422,410400,0.0,0.0
2022-12-28 00:00:00-05:00,130.63190288752767,131.0060957973965,127.54240670230992,127.87822723388672,575600,0.0,0.0
2022-12-29 00:00:00-05:00,129.06796517181573,131.23636305341253,129.06796517181573,130.81419372558594,637200,0.0,0.0
2022-12-30 00:00:00-05:00,129.9890761070946,130.04664200210667,128.42514894461473,129.9219207763672,546900,0.0,0.0
2023-01-03 00:00:00-05:00,130.3824307142533,131.10203350676858,128.30038172475187,129.59567260742188,798000,0.0,0.0
2023-01-04 00:00:00-05:00,130.48799954549716,130.96773483794385,129.2598783680624,130.65110778808594,592900,0.0,0.0
2023-01-05 00:00:00-05:00,129.77798239462064,130.5359723339836,128.5978377076714,128.97203063964844,549800,0.0,0.0
2023-01-06 00:00:00-05:00,130.4304402167382,134.27791218525422,130.1138131509461,133.76939392089844,649800,0.0,0.0
2023-01-09 00:00:00-05:00,133.88450098749664,135.99534770296694,132.98261105676343,133.28004455566406,1064600,0.0,0.0
2023-01-10 00:00:00-05:00,132.94423761815236,134.1819628313981,132.3685640699747,133.6542510986328,543500,0.0,0.0
2023-01-11 00:00:00-05:00,134.64251387313723,136.2256345401308,134.05723620927202,136.1776580810547,679000,0.0,0.0
2023-01-12 00:00:00-05:00,136.68619786493068,137.78958327746994,135.33334070877137,137.1083526611328,849500,0.0,0.0
2023-01-13 00:00:00-05:00,136.36953547107206,139.11362145771645,136.36953547107206,138.53793334960938,639600,0.0,0.0
2023-01-17 00:00:00-05:00,138.60511099581495,139.3151097761315,137.71279584278145,138.461181640625,990400,0.0,0.0
2023-01-18 00:00:00-05:00,138.80657958823488,139.37266360474635,134.50815633959832,134.8247833251953,733800,0.0,0.0
2023-01-19 00:00:00-05:00,134.30666854376295,134.3258620519275,130.28648504418027,130.3728485107422,1093000,0.0,0.0
2023-01-20 00:00:00-05:00,130.95811469402972,133.91328515938133,130.41120956151278,133.69259643554688,749300,0.0,0.0
2023-01-23 00:00:00-05:00,133.98046529626333,136.61900927488813,133.75018709669064,135.97616577148438,495100,0.0,0.0
2023-01-24 00:00:00-05:00,135.90902088226898,138.6243247617365,135.09347955898377,137.4058074951172,733800,0.0,0.0
2023-01-25 00:00:00-05:00,135.96658107772535,136.24482110159738,134.3642523404089,136.1009063720703,703200,0.0,0.0
2023-01-26 00:00:00-05:00,137.31940229155305,137.72237811247797,135.14141497181774,137.6840057373047,697000,0.0,0.0
2023-01-27 00:00:00-05:00,137.16592952537692,139.87162912486727,136.7629389719165,139.1040496826172,975600,0.0,0.0
2023-01-30 00:00:00-05:00,137.93346776237482,139.1232164007443,137.06995020637518,137.501708984375,1231900,0.0,0.0
2023-01-31 00:00:00-05:00,140.5720168049177,146.26168444730382,137.7032093976968,145.67640686035156,2427200,0.0,0.0
2023-02-01 00:00:00-05:00,146.28086023820367,151.00145274004203,145.1103052060827,150.25306701660156,1593600,0.0,0.0
2023-02-02 00:00:00-05:00,152.21040246430238,154.14853701091002,151.26052138048914,152.6709442138672,1246200,0.0,0.0
2023-02-03 00:00:00-05:00,151.10701004605835,153.49608215372695,151.01105714262627,153.14108276367188,980000,0.0,0.0
2023-02-06 00:00:00-05:00,151.6922747529368,151.95132121758635,149.56224931256924,150.11874389648438,852100,0.0,0.0
2023-02-07 00:00:00-05:00,149.23604171621665,150.69444103989744,147.54737883220008,150.12835693359375,797600,0.0,0.0
2023-02-08 00:00:00-05:00,149.1016970307233,150.46415790715454,146.9812756065433,147.90235900878906,750500,0.0,0.0
2023-02-09 00:00:00-05:00,149.04415983138315,149.77336685888193,146.61670037905697,146.9429168701172,545500,0.0,0.0
2023-02-10 00:00:00-05:00,146.26169532028803,147.33629766853485,145.7339835812886,147.0388641357422,554700,0.0,0.0
2023-02-13 00:00:00-05:00,147.48021992172693,149.6198350798616,147.0484464758772,149.38955688476562,657700,0.0,0.0
2023-02-14 00:00:00-05:00,148.89062811557017,149.72537742256912,147.0964229299003,149.38955688476562,593700,0.0,0.0
2023-02-15 00:00:00-05:00,148.7179223945624,150.32982575185446,148.21899365239022,150.16671752929688,554800,0.0,0.0
2023-02-16 00:00:00-05:00,148.45887461509292,149.5910574809909,147.76805464547758,148.66036987304688,656200,0.0,0.0
2023-02-17 00:00:00-05:00,148.18061295134225,149.10169634937895,146.69343088286837,149.06332397460938,664500,0.0,0.0
2023-02-21 00:00:00-05:00,147.56654474791986,147.56654474791986,142.15513248656436,142.5101318359375,908200,0.0,0.0
2023-02-22 00:00:00-05:00,142.99948001327053,144.65937455571873,142.15515591020355,142.6732635498047,715000,0.0,0.0
2023-02-23 00:00:00-05:00,143.42165480733124,143.901390085986,141.37799247570592,142.8843536376953,597200,0.0,0.0
2023-02-24 00:00:00-05:00,141.2820062110677,142.9322963512811,140.40888469634967,142.38539123535156,690100,0.0,0.0
2023-02-27 00:00:00-05:00,143.71882377594397,144.75859195724286,143.41075247612315,144.41200256347656,705300,0.505,0.0
2023-02-28 00:00:00-05:00,144.41200014739644,145.68283280006074,144.13281007753142,144.3157196044922,1074100,0.0,0.0
2023-03-01 00:00:00-05:00,143.7766008000385,145.0474336027789,143.70921616432653,144.5275421142578,742900,0.0,0.0
2023-03-02 00:00:00-05:00,144.0076505950002,146.64558179474452,143.3337308550213,145.7598419189453,846300,0.0,0.0
2023-03-03 00:00:00-05:00,146.4337562172784,149.2064562934738,145.92350172070596,148.8887481689453,755500,0.0,0.0
2023-03-06 00:00:00-05:00,150.08258009550357,151.11272609953582,148.55181639246084,148.57107543945312,777300,0.0,0.0
2023-03-07 00:00:00-05:00,148.77321951174036,149.31235521593263,146.42411563746305,147.11729431152344,926500,0.0,0.0
2023-03-08 00:00:00-05:00,147.34835751181288,148.69619676081814,145.9234967785293,146.7899627685547,1518300,0.0,0.0
2023-03-09 00:00:00-05:00,147.66606983163183,149.08130842857136,143.94023071156715,144.56602478027344,965200,0.0,0.0
2023-03-10 00:00:00-05:00,144.89335995702422,144.89335995702422,139.8293182463867,140.3684539794922,1048800,0.0,0.0
2023-03-13 00:00:00-04:00,138.47186653156837,140.2240579739958,136.36344880293328,138.10601806640625,1021500,0.0,0.0
2023-03-14 00:00:00-04:00,140.6861804803554,143.72844889868514,137.97122772517608,140.2336883544922,922000,0.0,0.0
2023-03-15 00:00:00-04:00,137.58610637033314,137.83641517277223,132.25248251320724,135.1022186279297,1494200,0.0,0.0
2023-03-16 00:00:00-04:00,133.8410502379651,136.3249384847779,132.2717684173354,135.51622009277344,1068100,0.0,0.0
2023-03-17 00:00:00-04:00,134.78454461393937,135.3044213936965,130.779514619727,131.48233032226562,1575100,0.0,0.0
2023-03-20 00:00:00-04:00,132.37763107679862,134.97704343987414,131.73259274639298,134.91928100585938,1690000,0.0,0.0
2023-03-21 00:00:00-04:00,136.9988751332444,137.76907552567954,135.9783658566669,136.9122314453125,901100,0.0,0.0
2023-03-22 00:00:00-04:00,136.7581697400721,138.9243497844544,135.26590943809458,135.30441284179688,654000,0.0,0.0
2023-03-23 00:00:00-04:00,135.23703735005702,137.93273119215996,134.23577250196325,135.2947998046875,709300,0.0,0.0
2023-03-24 00:00:00-04:00,133.87957154484596,136.34420107395243,132.66651583015005,136.17091369628906,693300,0.0,0.0
2023-03-27 00:00:00-04:00,138.06751230106372,138.06751230106372,136.05537515775274,137.45135498046875,678200,0.0,0.0
2023-03-28 00:00:00-04:00,137.52838592306145,139.01100952771654,137.40322413845246,138.9532470703125,682000,0.0,0.0
2023-03-29 00:00:00-04:00,140.5995049642969,141.89921873161532,139.4827300891323,141.48524475097656,919800,0.0,0.0
2023-03-30 00:00:00-04:00,142.4768920999258,143.53590467562472,142.08216241982163,142.63092041015625,856600,0.0,0.0
2023-03-31 00:00:00-04:00,143.48776507017945,146.39526428568118,143.38186234308125,146.2797393798828,1229400,0.0,0.0
2023-04-03 00:00:00-04:00,146.3760079005122,147.15584509988386,143.2567178644233,144.9126434326172,850700,0.0,0.0
2023-04-04 00:00:00-04:00,144.97037762949068,144.97037762949068,138.8087908796568,139.6656494140625,662100,0.0,0.0
2023-04-05 00:00:00-04:00,138.49112259439693,138.97249595803353,136.68115404621145,137.56687927246094,674200,0.0,0.0
2023-04-06 00:00:00-04:00,136.9892151020009,137.855695905873,136.02646844681956,136.29605102539062,945500,0.0,0.0
2023-04-10 00:00:00-04:00,136.29606225566332,138.75105467637923,135.73766738680678,138.6836700439453,1338400,0.0,0.0
2023-04-11 00:00:00-04:00,139.77152305226494,143.53586521071534,139.77152305226494,141.45632934570312,1403000,0.0,0.0
2023-04-12 00:00:00-04:00,142.4576381008764,142.69832478893085,140.61878827845678,141.63929748535156,1094000,0.0,0.0
2023-04-13 00:00:00-04:00,141.5911681707317,142.0821637129048,138.87621534961764,142.00514221191406,969900,0.0,0.0
2023-04-14 00:00:00-04:00,141.96661868965424,143.53588564263117,140.60914247145416,141.5333709716797,481300,0.0,0.0
2023-04-17 00:00:00-04:00,142.05328483932047,142.91012885280517,141.14830055062546,142.65980529785156,492300,0.0,0.0
2023-04-18 00:00:00-04:00,143.46851081211997,144.41199842184523,142.07253109877843,142.75607299804688,487700,0.0,0.0
2023-04-19 00:00:00-04:00,142.0147589112552,142.66943429924234,140.92686514131495,142.04364013671875,464900,0.0,0.0
2023-04-20 00:00:00-04:00,140.73430042742942,142.61166817631258,140.73430042742942,141.73556518554688,544700,0.0,0.0
2023-04-21 00:00:00-04:00,142.3421008817374,142.56352850230044,140.80170033526355,142.1784210205078,406500,0.0,0.0
2023-04-24 00:00:00-04:00,142.09176449965904,143.41073730632328,142.08214232236477,143.06414794921875,683000,0.0,0.0
2023-04-25 00:00:00-04:00,142.40948628729043,143.42037323328765,140.03150082674733,140.0411376953125,907200,0.0,0.0
2023-04-26 00:00:00-04:00,141.59114942765032,141.67779309591452,134.88080445448486,135.56434631347656,1771100,0.0,0.0
2023-04-27 00:00:00-04:00,136.30568376094325,139.54051336051953,135.70878548940962,139.1939239501953,998700,0.0,0.0
2023-04-28 00:00:00-04:00,139.41534348723357,140.74393859803396,139.10727219058833,140.71505737304688,1130600,0.0,0.0
2023-05-01 00:00:00-04:00,140.61878228666097,141.88961499680565,140.36847343027594,140.95574951171875,622400,0.0,0.0
2023-05-02 00:00:00-04:00,139.81971321327023,141.66818530064518,137.6246516913656,139.3479766845703,738300,0.0,0.0
2023-05-03 00:00:00-04:00,139.98336130338745,141.62004241058506,138.6066406032642,139.02061462402344,764400,0.0,0.0
2023-05-04 00:00:00-04:00,139.18430218075565,139.35758954125276,135.8916954278176,136.66189575195312,660000,0.0,0.0
2023-05-05 00:00:00-04:00,138.67401852746454,139.7426678775073,138.02898004631768,139.1265106201172,608700,0.0,0.0
2023-05-08 00:00:00-04:00,139.96409663927395,139.96409663927395,137.90381963197723,138.6643829345703,517300,0.0,0.0
2023-05-09 00:00:00-04:00,138.14452154117308,139.6271449124543,136.2190282489207,137.31655883789062,683600,0.0,0.0
2023-05-10 00:00:00-04:00,138.04822870229015,139.19389945957303,133.96617799784238,135.7183837890625,579400,0.0,0.0
2023-05-11 00:00:00-04:00,134.47645083279684,135.22740676737388,132.41617350036415,134.1202392578125,863900,0.0,0.0
2023-05-12 00:00:00-04:00,135.06369920303644,135.3910441757162,132.54130808922764,133.5906982421875,839700,0.0,0.0
2023-05-15 00:00:00-04:00,133.82180223595856,134.7941711938953,132.87831450615414,134.37057495117188,839800,0.0,0.0
2023-05-16 00:00:00-04:00,133.37890253952077,133.46556089496167,132.07920349206853,132.39691162109375,880300,0.0,0.0
2023-05-17 00:00:00-04:00,133.36930397762725,135.5066029038069,133.0419736135257,134.64013671875,657000,0.0,0.0
2023-05-18 00:00:00-04:00,134.3898372283812,135.92060128489433,134.0528846251275,135.58364868164062,809000,0.0,0.0
2023-05-19 00:00:00-04:00,136.57524064412846,136.883311933796,134.12023374339063,134.27427673339844,683500,0.0,0.0
2023-05-22 00:00:00-04:00,134.16837761510382,135.29478946536594,132.73387977655713,134.97708129882812,484400,0.0,0.0
2023-05-23 00:00:00-04:00,134.13947447160282,135.53545398833663,132.733858087842,134.12985229492188,672600,0.0,0.0
2023-05-24 00:00:00-04:00,133.6677462945216,133.6677462945216,130.3558953458124,130.5869598388672,1021800,0.0,0.0
2023-05-25 00:00:00-04:00,131.28977007791917,132.4450779344344,129.4124168466064,130.1826171875,678300,0.0,0.0
2023-05-26 00:00:00-04:00,130.7602556906812,132.31026367828218,130.04781788858585,131.9251708984375,629700,0.0,0.0
2023-05-30 00:00:00-04:00,132.59676741724846,132.99295718361856,131.21493949261475,132.32620239257812,670400,0.505,0.0
2023-05-31 00:00:00-04:00,131.55313675476214,131.72707981734212,128.73151988855753,128.8378143310547,1089900,0.0,0.0
2023-06-01 00:00:00-04:00,129.2920092684673,131.39855356453336,128.35468935847402,130.50955200195312,1034200,0.0,0.0
2023-06-02 00:00:00-04:00,132.33583766185086,135.35072773720128,131.75606188386132,135.14779663085938,760900,0.0,0.0
2023-06-05 00:00:00-04:00,134.92556628111504,134.92556628111504,132.09427668750763,133.23452758789062,688100,0.0,0.0
2023-06-06 00:00:00-04:00,132.74170381600783,134.71298007485268,132.33585629087804,134.33612060546875,886800,0.0,0.0
2023-06-07 00:00:00-04:00,134.22014667301232,139.0516856424467,133.8722752774256,138.72314453125,850600,0.0,0.0
2023-06-08 00:00:00-04:00,138.24966109433373,139.12898996774123,136.98378551761704,137.50559997558594,818000,0.0,0.0
2023-06-09 00:00:00-04:00,136.51032934267283,137.52495564741778,135.08985546496774,136.38470458984375,898400,0.0,0.0
2023-06-12 00:00:00-04:00,136.36536734784647,138.63619683100708,135.47636584126766,138.2496795654297,663500,0.0,0.0
2023-06-13 00:00:00-04:00,138.5975167127014,141.00362837397458,138.5975167127014,140.2595672607422,1030000,0.0,0.0
2023-06-14 00:00:00-04:00,140.89733759066993,141.39016400398174,139.63147673512768,140.28855895996094,1162700,0.0,0.0
2023-06-15 00:00:00-04:00,139.85374321030267,142.28884333338348,139.85374321030267,142.12457275390625,926800,0.0,0.0
2023-06-16 00:00:00-04:00,142.76234280425226,143.38077930663707,141.48680922419592,142.75267028808594,1530100,0.0,0.0
2023-06-20 00:00:00-04:00,141.6220514231111,142.19216941639766,138.4235753569108,138.59750366210938,1017000,0.0,0.0
2023-06-21 00:00:00-04:00,137.59255957797146,141.05194308341478,137.4186312608692,139.389892578125,738500,0.0,0.0
2023-06-22 00:00:00-04:00,139.56384856312792,139.56384856312792,137.53461073788418,137.80517578125,390100,0.0,0.0
2023-06-23 00:00:00-04:00,136.52962856640116,136.8002083273884,135.17680348490262,136.37503051757812,898900,0.0,0.0
2023-06-26 00:00:00-04:00,136.55862925257475,139.9213763635856,136.55862925257475,138.27865600585938,580100,0.0,0.0
2023-06-27 00:00:00-04:00,138.97437724689948,140.1242709975179,138.42357479330974,139.91168212890625,598000,0.0,0.0
2023-06-28 00:00:00-04:00,140.04700197542294,140.2402753582201,138.28832920054273,138.52024841308594,581000,0.0,0.0
2023-06-29 00:00:00-04:00,137.57324744720322,140.08565382011045,137.57324744720322,139.77642822265625,443200,0.0,0.0
2023-06-30 00:00:00-04:00,141.2355495801721,143.95087210044522,140.49148845623074,142.6753387451172,1178900,0.0,0.0
2023-07-03 00:00:00-04:00,141.95060646033423,142.3951145251561,140.74272173979125,142.18252563476562,264900,0.0,0.0
2023-07-05 00:00:00-04:00,140.58812012994855,141.7573442527061,139.97934152796094,140.1146240234375,485700,0.0,0.0
2023-07-06 00:00:00-04:00,138.61683439891505,139.5058356993334,137.9307641999124,139.08065795898438,752600,0.0,0.0
2023-07-07 00:00:00-04:00,138.70382132301987,142.8492902273058,138.70382132301987,141.17758178710938,711700,0.0,0.0
2023-07-10 00:00:00-04:00,141.10991658022724,143.46770979970645,140.92631575244528,143.44837951660156,695200,0.0,0.0
2023-07-11 00:00:00-04:00,144.14412467929608,145.17808104480642,143.75760747882993,144.4243621826172,677400,0.0,0.0
2023-07-12 00:00:00-04:00,146.09608160682185,146.26035216679404,144.59830153748035,145.59359741210938,972500,0.0,0.0
2023-07-13 00:00:00-04:00,145.55495554052894,146.3473203068984,144.98482270550764,145.0234832763672,695800,0.0,0.0
2023-07-14 00:00:00-04:00,144.5886299284267,145.06211127812043,142.51105946829057,143.32276916503906,489700,0.0,0.0
2023-07-17 00:00:00-04:00,143.06187171002406,145.6129236938892,142.82029476176152,143.8832244873047,829300,0.0,0.0
2023-07-18 00:00:00-04:00,143.7672813451223,146.0381107000013,143.40975215742603,145.27471923828125,1141400,0.0,0.0
2023-07-19 00:00:00-04:00,144.4726717489475,145.4099914807619,142.62703508400486,145.07179260253906,604600,0.0,0.0
2023-07-20 00:00:00-04:00,145.3423504545005,145.66123377749759,143.3904046946483,144.89784240722656,820500,0.0,0.0
2023-07-21 00:00:00-04:00,145.1780720359008,147.60349901939307,144.20209183655544,146.99472045898438,1230100,0.0,0.0
2023-07-24 00:00:00-04:00,147.6228409641067,149.1206209444976,146.74349736175438,146.9657440185547,1218800,0.0,0.0
2023-07-25 00:00:00-04:00,139.88269205765545,144.36635902642732,134.05585802643012,141.57373046875,2994200,0.0,0.0
2023-07-26 00:00:00-04:00,140.85869278841545,142.96523672474487,138.7618066220436,141.85398864746094,1317400,0.0,0.0
2023-07-27 00:00:00-04:00,142.64633555323584,143.2261260613451,140.2982149592321,140.87799072265625,1533200,0.0,0.0
2023-07-28 00:00:00-04:00,142.33714349443727,142.34680126445895,140.53013786166798,140.78138732910156,1086700,0.0,0.0
2023-07-31 00:00:00-04:00,141.21622673972058,141.52545232507697,140.09530610983487,141.0519561767578,1677200,0.0,0.0
2023-08-01 00:00:00-04:00,139.94070872374837,141.69938132854693,139.0710228193356,140.57846069335938,1032300,0.0,0.0
2023-08-02 00:00:00-04:00,139.109665082265,139.97933612753567,137.84378959059592,138.15301513671875,1014900,0.0,0.0
2023-08-03 00:00:00-04:00,137.41864052725947,138.47191250434332,136.33636575068346,137.90179443359375,830400,0.0,0.0
2023-08-04 00:00:00-04:00,138.8197908723754,139.29327228774153,136.8388568080683,137.47662353515625,635000,0.0,0.0
2023-08-07 00:00:00-04:00,138.15301987941285,139.0323634686156,137.51525322715463,138.54920959472656,660700,0.0,0.0
2023-08-08 00:00:00-04:00,137.25435978196901,139.39956437690998,136.10446583224285,139.138671875,761500,0.0,0.0
2023-08-09 00:00:00-04:00,139.12900994521715,139.83442534173628,138.24000842976363,138.74249267578125,597600,0.0,0.0
2023-08-10 00:00:00-04:00,138.8100842487016,139.7184157741426,136.66488014448086,137.57321166992188,639200,0.0,0.0
2023-08-11 00:00:00-04:00,137.1867074221133,138.268967344172,137.1190588046418,138.15301513671875,586700,0.0,0.0
2023-08-14 00:00:00-04:00,137.63120131844065,138.06605158767195,136.79051832134004,137.6795196533203,587900,0.0,0.0
2023-08-15 00:00:00-04:00,136.6745645788638,138.12402614086585,134.70328859751712,135.14779663085938,653700,0.0,0.0
2023-08-16 00:00:00-04:00,134.88689152315087,135.95949368553434,134.21047906594634,134.32643127441406,635700,0.0,0.0
2023-08-17 00:00:00-04:00,134.6163529417282,136.32672207549948,134.4810704237552,135.01254272460938,963100,0.0,0.0
2023-08-18 00:00:00-04:00,134.27815177798692,136.23008311263496,134.27815177798692,135.8339080810547,703700,0.0,0.0
2023-08-21 00:00:00-04:00,135.6599585572298,136.28805276225066,134.02689593055032,135.18646240234375,499000,0.0,0.0
2023-08-22 00:00:00-04:00,135.86288864516825,136.6939139800672,134.8869082869838,135.1768035888672,528800,0.0,0.0
2023-08-23 00:00:00-04:00,135.23475556206733,137.43793587163216,134.7322714448044,137.26400756835938,422800,0.0,0.0
2023-08-24 00:00:00-04:00,136.66492288433278,138.5299048485818,136.4620064769169,136.58763122558594,396000,0.0,0.0
2023-08-25 00:00:00-04:00,137.7471916932196,139.06137100410305,136.6842471238697,137.86314392089844,667500,0.0,0.0
2023-08-28 00:00:00-04:00,138.3269620794395,139.82474218775417,138.22066762672847,139.138671875,558900,0.0,0.0
2023-08-29 00:00:00-04:00,138.94541209177362,141.9699606598108,138.88743597457108,141.6510772705078,617400,0.0,0.0
2023-08-30 00:00:00-04:00,142.05832400159875,144.03646753199152,141.66075107959347,143.74557495117188,1324000,0.51,0.0
2023-08-31 00:00:00-04:00,143.96858550249405,145.1806871418724,143.7358566611149,143.80374145507812,905300,0.0,0.0
2023-09-01 00:00:00-04:00,144.94797017428436,145.40372161171769,143.67768991954355,144.19161987304688,902400,0.0,0.0
2023-09-05 00:00:00-04:00,144.11406186095905,144.11406186095905,139.3917176230419,139.42080688476562,719500,0.0,0.0
2023-09-06 00:00:00-04:00,138.9553176921731,140.5940812730876,138.72258887961033,139.4983367919922,753400,0.0,0.0
2023-09-07 00:00:00-04:00,138.60626077495525,139.42078959453744,136.88022907796082,137.42324829101562,681300,0.0,0.0
2023-09-08 00:00:00-04:00,137.2486662327421,138.67409873572478,136.89958041984508,137.8013916015625,808100,0.0,0.0
2023-09-11 00:00:00-04:00,138.34442029483736,138.64501911089454,134.8147811843205,135.9687042236328,848000,0.0,0.0
2023-09-12 00:00:00-04:00,135.299659869056,137.4329562312308,134.54330947515916,136.59902954101562,706100,0.0,0.0
2023-09-13 00:00:00-04:00,136.76383853603414,137.17111768626137,135.80386355722345,136.9189910888672,800200,0.0,0.0
2023-09-14 00:00:00-04:00,138.3056647440658,139.97351795900053,137.79173477859732,139.78927612304688,951100,0.0,0.0
2023-09-15 00:00:00-04:00,140.04137583169847,140.8462131107279,138.6644301193397,140.07046508789062,1358800,0.0,0.0
2023-09-18 00:00:00-04:00,139.9831972640633,140.2741046220328,138.80018485884005,139.17835998535156,646900,0.0,0.0
2023-09-19 00:00:00-04:00,138.82927616051683,139.72138122091474,138.1408106925468,139.39169311523438,586600,0.0,0.0
2023-09-20 00:00:00-04:00,140.66197730471683,142.02923158885594,138.99412416296488,139.14927673339844,626900,0.0,0.0
2023-09-21 00:00:00-04:00,138.48021407006777,138.86809555175134,137.13235736306936,137.2681121826172,843300,0.0,0.0
2023-09-22 00:00:00-04:00,137.30690401350864,138.2377899520293,135.8232925271071,137.06448364257812,968300,0.0,0.0
2023-09-25 00:00:00-04:00,136.55054535077653,139.27534778724348,136.55054535077653,138.2183837890625,847300,0.0,0.0
2023-09-26 00:00:00-04:00,137.16144622949156,138.0244621790233,135.5614776611328,135.5614776611328,890000,0.0,0.0
2023-09-27 00:00:00-04:00,136.69599834270826,136.88993167794786,135.06692577513257,136.3275146484375,706600,0.0,0.0
2023-09-28 00:00:00-04:00,136.56990000044803,137.7917078119035,135.61961654410808,136.42445373535156,843000,0.0,0.0
2023-09-29 00:00:00-04:00,137.59779632801363,137.59779632801363,134.85361075556264,135.28025817871094,733600,0.0,0.0
2023-10-02 00:00:00-04:00,134.82448928243815,135.63903286689157,132.94331987981474,133.50572204589844,765600,0.0,0.0
2023-10-03 00:00:00-04:00,133.01118545084495,133.7190486745102,132.36150073923952,133.60269165039062,551300,0.0,0.0
2023-10-04 00:00:00-04:00,133.43785024763315,134.64995192679697,132.31301633828997,133.7384490966797,715500,0.0,0.0
2023-10-05 00:00:00-04:00,134.24271677924747,135.4451124373427,132.42941700701274,134.1166534423828,774300,0.0,0.0
2023-10-06 00:00:00-04:00,133.51544705798372,135.9202530162462,132.88514521021486,134.67906188964844,907600,0.0,0.0
2023-10-09 00:00:00-04:00,133.990576758244,136.56993298748733,133.49604454130562,136.1141815185547,648200,0.0,0.0
2023-10-10 00:00:00-04:00,136.59899783400192,138.08260901582486,135.15418218941588,136.754150390625,824000,0.0,0.0
2023-10-11 00:00:00-04:00,137.1226188419786,138.02441523476912,136.95777481736616,137.8692626953125,750800,0.0,0.0
2023-10-12 00:00:00-04:00,138.61592985748007,138.91652867353727,135.91052571680387,135.9687042236328,874200,0.0,0.0
2023-10-13 00:00:00-04:00,136.34688474966117,136.57961358241616,132.817245498435,133.932373046875,655300,0.0,0.0
2023-10-16 00:00:00-04:00,135.43538715991986,137.12263797051992,135.1444798068974,136.51173400878906,651400,0.0,0.0
2023-10-17 00:00:00-04:00,135.70687317353833,138.47047035301267,135.5323376697366,137.29714965820312,664800,0.0,0.0
2023-10-18 00:00:00-04:00,136.2208507514176,137.42326111839148,131.440328136684,131.7118377685547,762100,0.0,0.0
2023-10-19 00:00:00-04:00,131.50817114346833,132.98209083966705,130.00517698857334,130.354248046875,761900,0.0,0.0
2023-10-20 00:00:00-04:00,130.3251531721664,131.29483441540026,129.53971373253282,130.6063690185547,1251000,0.0,0.0
2023-10-23 00:00:00-04:00,130.69365141342453,132.1190841842801,129.76276560153715,129.79185485839844,1503700,0.0,0.0
2023-10-24 00:00:00-04:00,131.83788009032932,131.83788009032932,124.64283160365915,128.31793212890625,2283500,0.0,0.0
2023-10-25 00:00:00-04:00,127.15431487986072,127.30945264433421,124.4779849954578,126.13614654541016,1192300,0.0,0.0
2023-10-26 00:00:00-04:00,126.83430873694255,127.98823177615922,125.37978688169358,126.59188842773438,1014400,0.0,0.0
2023-10-27 00:00:00-04:00,126.53372144422273,127.59067053754697,124.24527292504428,124.52647399902344,595500,0.0,0.0
2023-10-30 00:00:00-04:00,125.24404350624613,125.98099598673441,123.63436895543356,124.52647399902344,834000,0.0,0.0
2023-10-31 00:00:00-04:00,123.76044065295898,126.04889686216546,123.39196436570698,126.01010131835938,960600,0.0,0.0
2023-11-01 00:00:00-04:00,126.31069800566716,126.64040093763205,123.63438257996708,125.1664810180664,860400,0.0,0.0
2023-11-02 00:00:00-04:00,126.99919285715289,130.19914490795225,126.2622402111696,129.21975708007812,916400,0.0,0.0
2023-11-03 00:00:00-04:00,131.04275786013812,132.3712167858596,130.26700969769658,130.28640747070312,709800,0.0,0.0
2023-11-06 00:00:00-05:00,130.06335192545228,131.05241615579513,127.42581771888115,128.73487854003906,859800,0.0,0.0
2023-11-07 00:00:00-05:00,128.28886213699633,128.28886213699633,126.33979290216493,126.51434326171875,865300,0.0,0.0
2023-11-08 00:00:00-05:00,126.69858809815192,126.95069996104895,125.69981733876016,126.1652603149414,1017300,0.0,0.0
2023-11-09 00:00:00-05:00,127.31918540706316,127.49372097695704,126.14586426794698,126.82463836669922,838600,0.0,0.0
2023-11-10 00:00:00-05:00,127.45489547819858,128.02700381798573,126.1264370087565,127.6391372680664,700600,0.0,0.0
2023-11-13 00:00:00-05:00,127.16404260769168,128.36645310106044,126.78586738096415,127.48403930664062,762500,0.0,0.0
2023-11-14 00:00:00-05:00,129.71430147180186,132.73970308872268,129.71430147180186,132.65243530273438,805700,0.0,0.0
2023-11-15 00:00:00-05:00,132.8463612630096,136.71539565123055,132.00274311968886,134.62088012695312,1151700,0.0,0.0
2023-11-16 00:00:00-05:00,134.61118572441035,135.70691569934704,132.95302393788373,133.36997985839844,637200,0.0,0.0
2023-11-17 00:00:00-05:00,134.24266737886666,134.32993513558228,132.95298961036815,133.61236572265625,788900,0.0,0.0
2023-11-20 00:00:00-05:00,133.57360050691187,134.07783893124278,132.36149886891812,134.05844116210938,733800,0.0,0.0
2023-11-21 00:00:00-05:00,133.6802811362839,134.82449810958158,133.21483819766823,134.28147888183594,758700,0.0,0.0
2023-11-22 00:00:00-05:00,134.64996194931499,135.1638919158412,133.91300940014787,134.3590545654297,546400,0.0,0.0
2023-11-24 00:00:00-05:00,134.20390611645732,135.47420123862975,134.05845981812232,135.45480346679688,264900,0.0,0.0
2023-11-27 00:00:00-05:00,134.61116188109244,135.5517391066551,133.77723539160957,134.82447814941406,515800,0.0,0.0
2023-11-28 00:00:00-05:00,134.65965410945446,136.5505447160715,133.5542178821002,135.84266662597656,1071400,0.0,0.0
2023-11-29 00:00:00-05:00,137.1857237356441,138.3341214479002,136.6796428682674,137.0008087158203,749700,0.51,0.0
2023-11-30 00:00:00-05:00,137.71127914827508,138.43147068919646,136.1833094176014,137.38038635253906,1080100,0.0,0.0
2023-12-01 00:00:00-05:00,137.78911249651793,139.5117238446126,137.37061828190699,139.37547302246094,863600,0.0,0.0
2023-12-04 00:00:00-05:00,138.21733396877892,139.725834764529,137.88642638535586,139.58956909179688,726500,0.0,0.0
2023-12-05 00:00:00-05:00,139.21976394374957,139.4338745159985,137.3998240796335,137.57501220703125,680500,0.0,0.0
2023-12-06 00:00:00-05:00,138.28545159502195,140.83530962418249,138.28545159502195,139.37547302246094,565200,0.0,0.0
2023-12-07 00:00:00-05:00,139.75503421488423,139.93020748433455,138.62609031100567,139.84262084960938,782100,0.0,0.0
2023-12-08 00:00:00-05:00,139.9399367304441,141.23432702726257,139.472793153846,139.7744903564453,991000,0.0,0.0
2023-12-11 00:00:00-05:00,139.71607745396793,141.8766365775014,139.68688191312754,141.41921997070312,535000,0.0,0.0
2023-12-12 00:00:00-05:00,141.89611857060154,142.0518380365493,141.2440600134491,141.59442138671875,438400,0.0,0.0
2023-12-13 00:00:00-05:00,141.48738302594018,143.91070253473953,140.1443284594642,143.35597229003906,740300,0.0,0.0
2023-12-14 00:00:00-05:00,144.89366157423723,151.67703721181533,144.60169126776896,151.13201904296875,1380300,0.0,0.0
2023-12-15 00:00:00-05:00,149.83764036706637,150.8887096874071,147.43377482748016,148.124755859375,1374300,0.0,0.0
2023-12-18 00:00:00-05:00,148.660033884965,148.66976078332766,146.81091338065997,147.7354736328125,632300,0.0,0.0
2023-12-19 00:00:00-05:00,148.38756476953978,149.60409559184518,147.8814837893964,149.19534301757812,761700,0.0,0.0
2023-12-20 00:00:00-05:00,148.9033567214523,150.2561382571348,146.76226567328098,146.93743896484375,722000,0.0,0.0
2023-12-21 00:00:00-05:00,148.07608149133262,148.62109961101382,147.11259887219646,148.39724731445312,442100,0.0,0.0
2023-12-22 00:00:00-05:00,148.90334653753,149.68192909731417,147.9982548925678,148.84495544433594,443500,0.0,0.0
2023-12-26 00:00:00-05:00,149.0590673291963,150.77193709558932,148.97148068863564,150.4994354248047,452600,0.0,0.0
2023-12-27 00:00:00-05:00,150.71354175542302,150.81087014234407,149.56512916070741,150.03228759765625,441200,0.0,0.0
2023-12-28 00:00:00-05:00,150.2074608738419,150.50915808297955,149.39968278312313,150.03228759765625,529500,0.0,0.0
2023-12-29 00:00:00-05:00,149.44834427794268,150.25612235407513,148.9130678599963,149.691650390625,623900,0.0,0.0
2024-01-02 00:00:00-05:00,149.06878125707203,149.92522349086013,146.9374174208568,147.4629669189453,695400,0.0,0.0
2024-01-03 00:00:00-05:00,146.30483206156248,146.3729500503445,143.7355201302075,144.35838317871094,844800,0.0,0.0
2024-01-04 00:00:00-05:00,144.71846246153544,145.380262762627,143.9788172781748,144.13453674316406,873400,0.0,0.0
2024-01-05 00:00:00-05:00,143.55062045405992,144.39732105652953,142.91803043960783,143.5408935546875,878500,0.0,0.0
2024-01-08 00:00:00-05:00,142.63577949872874,144.36811791044502,141.93505667486292,144.2610626220703,1012700,0.0,0.0
2024-01-09 00:00:00-05:00,142.97640515639446,143.82310566186294,141.82799260220978,143.6284637451172,905900,0.0,0.0
2024-01-10 00:00:00-05:00,143.9885603253139,144.37785903144984,142.40221450476994,143.2294464111328,633200,0.0,0.0
2024-01-11 00:00:00-05:00,143.3656631926982,143.82307978236776,141.78904464545982,143.3851318359375,1055300,0.0,0.0
2024-01-12 00:00:00-05:00,144.59194432959362,144.66978920698472,142.5481673177994,143.20022583007812,575600,0.0,0.0
2024-01-16 00:00:00-05:00,142.31460455331572,142.52871511640396,140.70879018038036,142.29515075683594,1074200,0.0,0.0
2024-01-17 00:00:00-05:00,140.67959556545497,142.246487505563,140.11512360905672,140.57254028320312,610000,0.0,0.0
2024-01-18 00:00:00-05:00,140.75746434622454,143.05427476283057,140.75746434622454,142.8401641845703,531900,0.0,0.0
2024-01-19 00:00:00-05:00,143.01532638446952,144.5919600522342,141.9642422227018,144.1248016357422,524300,0.0,0.0
2024-01-22 00:00:00-05:00,144.92287239716242,146.22698973993974,144.37786902109002,144.48492431640625,598800,0.0,0.0
2024-01-23 00:00:00-05:00,145.47757386944303,146.6941043252524,144.49462260723018,146.65518188476562,1050100,0.0,0.0
2024-01-24 00:00:00-05:00,147.78414461847825,147.92039545295106,144.0177557472888,144.0469512939453,772800,0.0,0.0
2024-01-25 00:00:00-05:00,145.12721291124734,146.05178794043616,144.62114693237334,145.94473266601562,858000,0.0,0.0
2024-01-26 00:00:00-05:00,146.08101246247557,147.28780141327786,145.23429699673557,145.92529296875,550500,0.0,0.0
2024-01-29 00:00:00-05:00,145.36081554368155,147.73548575901364,145.1953691565776,147.69654846191406,788400,0.0,0.0
2024-01-30 00:00:00-05:00,147.69654341752613,148.14423321751474,147.02503099288404,147.42404174804688,784500,0.0,0.0
2024-01-31 00:00:00-05:00,147.67708828694288,148.2512871674324,145.73063932238693,145.76956176757812,1775000,0.0,0.0
2024-02-01 00:00:00-05:00,147.80359344771202,152.49454245586932,144.47516758870898,152.35829162597656,2116600,0.0,0.0
2024-02-02 00:00:00-05:00,151.8230072742372,155.122237415226,151.8230072742372,154.49937438964844,1407000,0.0,0.0
2024-02-05 00:00:00-05:00,154.59668638821114,156.1830319030925,152.39718996047452,155.70616149902344,1918000,0.0,0.0
2024-02-06 00:00:00-05:00,155.67698817839016,156.87405008323296,155.22929840125244,156.5139617919922,1283400,0.0,0.0
2024-02-07 00:00:00-05:00,157.66237217067706,158.12951578200793,155.793782875126,156.17333984375,1198500,0.0,0.0
2024-02-08 00:00:00-05:00,156.19279757295274,156.68913669715405,153.95437836437662,155.82296752929688,1036500,0.0,0.0
2024-02-09 00:00:00-05:00,155.92029586842185,156.6210038111114,155.09304914477104,156.23171997070312,1021000,0.0,0.0
2024-02-12 00:00:00-05:00,156.0565446142481,157.83753226805516,155.61858173685232,157.63316345214844,1032500,0.0,0.0
2024-02-13 00:00:00-05:00,155.47258582865877,155.75481434864636,154.05167178088328,155.55044555664062,870000,0.0,0.0
2024-02-14 00:00:00-05:00,156.72807002293126,157.6331765478194,154.96653601938357,156.58209228515625,748900,0.0,0.0
2024-02-15 00:00:00-05:00,157.1270627152707,158.6647589152772,156.7085833878524,158.2852020263672,774800,0.0,0.0
2024-02-16 00:00:00-05:00,158.16845645705558,159.69641126329918,156.854597387481,157.1368408203125,802000,0.0,0.0
2024-02-20 00:00:00-05:00,155.96895074515183,156.29011660748677,155.20983683426098,155.7937774658203,695700,0.0,0.0
2024-02-21 00:00:00-05:00,156.095458984375,156.4068979166175,155.30714960619642,156.095458984375,873500,0.0,0.0
2024-02-22 00:00:00-05:00,156.87404638456155,159.1319193132274,156.87404638456155,158.71343994140625,857100,0.0,0.0
2024-02-23 00:00:00-05:00,159.24871432255924,159.90077289262055,158.1003018012413,159.7061309814453,766400,0.0,0.0
2024-02-26 00:00:00-05:00,159.08328653667817,160.67937415510164,158.70372956797465,160.36793518066406,957100,0.0,0.0
2024-02-27 00:00:00-05:00,161.14650564549797,162.10026144507557,159.37523002462734,159.69639587402344,941900,0.0,0.0
2024-02-28 00:00:00-05:00,159.44258321566494,162.6642251131367,159.44258321566494,160.4578857421875,690700,0.51,0.0
2024-02-29 00:00:00-05:00,161.20959439700115,161.97107494640125,159.82330891228494,161.4536590576172,1087400,0.0,0.0
2024-03-01 00:00:00-05:00,161.92226434890466,163.86502447391442,160.994821587432,163.3280792236328,1022800,0.0,0.0
2024-03-04 00:00:00-05:00,163.40617115568253,165.25129933551054,162.90826973005443,163.87477111816406,830200,0.0,0.0
2024-03-05 00:00:00-05:00,163.9333751245659,165.76874642667872,162.25420880487272,163.29881286621094,1114700,0.0,0.0
2024-03-06 00:00:00-05:00,163.88454479752835,167.6919627025089,163.88454479752835,166.8621368408203,1220800,0.0,0.0
2024-03-07 00:00:00-05:00,167.59432758728235,168.20937532910008,166.8718907936635,167.81886291503906,1125700,0.0,0.0
2024-03-08 00:00:00-05:00,168.5022461447808,169.42968886754343,166.45209705528475,166.96951293945312,844900,0.0,0.0
2024-03-11 00:00:00-04:00,166.4911404415634,167.3697821477227,165.06581118179815,166.88165283203125,563100,0.0,0.0
2024-03-12 00:00:00-04:00,166.9890584352994,171.34316402094862,165.6222872779252,171.10887145996094,1177200,0.0,0.0
2024-03-13 00:00:00-04:00,171.6653162885537,173.42258482606323,171.60674315339082,173.01255798339844,1163000,0.0,0.0
2024-03-14 00:00:00-04:00,172.21201559945135,172.6513438981966,169.38087154378462,170.91360473632812,1032300,0.0,0.0
2024-03-15 00:00:00-04:00,169.5566318233941,172.2901596134231,169.5566318233941,171.3627166748047,1132600,0.0,0.0
2024-03-18 00:00:00-04:00,172.15345235687852,172.79778666197058,170.103318063211,170.27903747558594,805000,0.0,0.0
2024-03-19 00:00:00-04:00,170.22046825500823,171.9191637630139,170.22046825500823,170.98194885253906,747300,0.0,0.0
2024-03-20 00:00:00-04:00,170.43524527847754,172.114411430701,169.58590497813535,171.38221740722656,935800,0.0,0.0
2024-03-21 00:00:00-04:00,171.55792738982802,174.04738991206918,171.15767266702844,173.67640686035156,2048600,0.0,0.0
2024-03-22 00:00:00-04:00,173.91070973833772,174.02785600569325,171.88986214383323,172.22178649902344,994300,0.0,0.0
2024-03-25 00:00:00-04:00,172.23154808719073,173.4909300792755,171.04051135047825,171.19671630859375,748500,0.0,0.0
2024-03-26 00:00:00-04:00,171.3627025080497,172.4756369216898,170.49383278947565,170.63050842285156,1080900,0.0,0.0
2024-03-27 00:00:00-04:00,171.36267849252908,173.15899082130562,170.8159760356427,173.01255798339844,770100,0.0,0.0
2024-03-28 00:00:00-04:00,173.1882823461255,173.7935728520249,172.2706117080992,172.9832763671875,879500,0.0,0.0
2024-04-01 00:00:00-04:00,172.81734774040402,173.1297428297207,170.99173354074614,171.3627166748047,746500,0.0,0.0
2024-04-02 00:00:00-04:00,171.55792497594857,172.21201647083575,169.41991619159487,169.60540771484375,804300,0.0,0.0
2024-04-03 00:00:00-04:00,169.048973547866,171.13816673660634,168.57060138396935,170.21072387695312,1281700,0.0,0.0
2024-04-04 00:00:00-04:00,171.74340669293863,172.65133491370395,168.2483992075371,169.08798217773438,979000,0.0,0.0
2024-04-05 00:00:00-04:00,169.49803343909323,172.231560822135,168.9025150267039,171.6653289794922,828400,0.0,0.0
2024-04-08 00:00:00-04:00,172.29012519331113,173.0125619688526,171.86056899685542,171.89962768554688,1062000,0.0,0.0
2024-04-09 00:00:00-04:00,172.98327562889844,173.61783780398412,170.75740705934928,173.1394805908203,809600,0.0,0.0
2024-04-10 00:00:00-04:00,170.6988367340503,171.47983176347205,169.11728753746306,169.7030487060547,859100,0.0,0.0
2024-04-11 00:00:00-04:00,170.36688584652262,170.66953853079596,168.43389795638183,169.1660919189453,617000,0.0,0.0
2024-04-12 00:00:00-04:00,167.51623958161335,168.9122973756783,167.1452713768522,167.97508239746094,653800,0.0,0.0
2024-04-15 00:00:00-04:00,170.7281438749768,170.7281438749768,165.7882767256734,166.6180877685547,626000,0.0,0.0
2024-04-16 00:00:00-04:00,166.12016171883542,167.93600325350232,165.31962254171867,167.09642028808594,852600,0.0,0.0
2024-04-17 00:00:00-04:00,168.08248520868756,168.9025390713838,164.20673636420818,165.4758758544922,1024400,0.0,0.0
2024-04-18 00:00:00-04:00,166.33497685247212,166.6961878366791,164.33364336033983,164.60699462890625,947200,0.0,0.0
2024-04-19 00:00:00-04:00,165.0755605777837,166.62780815291185,164.5483874963053,165.80775451660156,1257000,0.0,0.0
2024-04-22 00:00:00-04:00,166.04208643855668,167.59433424271222,165.12440084972732,166.23733520507812,867500,0.0,0.0
2024-04-23 00:00:00-04:00,167.25265818458536,168.8439498363262,166.79381537491963,168.19961547851562,854200,0.0,0.0
2024-04-24 00:00:00-04:00,167.48694303203033,169.09777885229332,166.46186840032223,167.3697967529297,1287500,0.0,0.0
2024-04-25 00:00:00-04:00,171.77270047327409,177.1811815469406,170.17163693919912,174.85768127441406,2304000,0.0,0.0
2024-04-26 00:00:00-04:00,175.12127931999217,177.18118564284086,174.61362065700624,175.89251708984375,1104100,0.0,0.0
2024-04-29 00:00:00-04:00,175.72655069229427,176.761382440705,174.93578359762282,175.76559448242188,967800,0.0,0.0
2024-04-30 00:00:00-04:00,175.72657578056618,178.00126046575335,174.90652200208987,175.04319763183594,1959400,0.0,0.0
2024-05-01 00:00:00-04:00,174.9357922867847,175.34581913785007,172.53418942023032,173.6276092529297,2151200,0.0,0.0
2024-05-02 00:00:00-04:00,174.1840570089864,175.31652055615092,171.25528121933442,173.334716796875,922400,0.0,0.0
2024-05-03 00:00:00-04:00,174.26215223682894,175.3067560420252,173.07111560684976,174.7405242919922,1273500,0.0,0.0
2024-05-06 00:00:00-04:00,175.93159426539032,177.47406996718613,175.5313246064247,177.41549682617188,642600,0.0,0.0
2024-05-07 00:00:00-04:00,178.25508913605339,179.07514294561457,177.2983596915653,177.5131378173828,651400,0.0,0.0
2024-05-08 00:00:00-04:00,176.84924900973482,179.85612744817345,176.81020521809074,179.3875274658203,1027400,0.0,0.0
2024-05-09 00:00:00-04:00,179.74875496951034,180.6176246547996,179.61207934137022,180.55905151367188,812600,0.0,0.0
2024-05-10 00:00:00-04:00,181.30101087635566,181.78914022943812,180.52975815643103,181.14480590820312,837700,0.0,0.0
2024-05-13 00:00:00-04:00,181.67197695211425,182.07224659217468,179.6511291999386,179.8854217529297,632300,0.0,0.0
2024-05-14 00:00:00-04:00,180.60784730812495,181.06669005787296,178.8603509075604,179.34848022460938,840000,0.0,0.0
2024-05-15 00:00:00-04:00,180.2075719336741,181.65244539145965,180.0123231923994,180.7738037109375,720700,0.0,0.0
2024-05-16 00:00:00-04:00,180.5297453154306,181.0959771123135,179.44609763280593,179.7682647705078,889000,0.0,0.0
2024-05-17 00:00:00-04:00,180.60785085393354,180.7347692457459,179.2508519217569,179.71945190429688,1688700,0.0,0.0
2024-05-20 00:00:00-04:00,179.7389867479412,181.57435783912408,179.7389867479412,180.6859588623047,738700,0.0,0.0
2024-05-21 00:00:00-04:00,179.98301794557833,181.75980067224668,179.64132151141928,181.6426544189453,505200,0.0,0.0
2024-05-22 00:00:00-04:00,181.95509967525282,183.34138522949766,181.76960814043744,183.09732055664062,937200,0.0,0.0
2024-05-23 00:00:00-04:00,183.18515177426093,183.28278358682996,179.66085785045212,179.90492248535156,1287200,0.0,0.0
2024-05-24 00:00:00-04:00,180.6273959320431,181.02765069338787,178.6651063342752,179.8073272705078,761500,0.0,0.0
2024-05-28 00:00:00-04:00,182.77517571682895,184.16146144033237,178.04031452668954,179.12396240234375,1345900,0.0,0.0
2024-05-29 00:00:00-04:00,177.6790965761021,178.65535534849826,177.1323940470045,177.23001098632812,969300,0.0,0.0
2024-05-30 00:00:00-04:00,177.62050890499472,178.04029299245667,176.75163926449113,177.31787109375,850600,0.0,0.0
2024-05-31 00:00:00-04:00,177.68010723785804,180.20594881668225,176.04516622312318,179.96119689941406,1718900,0.51,0.0
2024-06-03 00:00:00-04:00,180.15698498433758,180.51921302055007,175.57522159112185,177.48428344726562,1250000,0.0,0.0
2024-06-04 00:00:00-04:00,176.90668578539496,177.6115725140456,174.53748897905817,175.6731414794922,1242800,0.0,0.0
2024-06-05 00:00:00-04:00,176.02554162604744,177.77795837994378,174.34164762530833,177.16119384765625,1246400,0.0,0.0
2024-06-06 00:00:00-04:00,176.97522634758832,177.76822019548945,173.7640822823873,174.29273986816406,1092400,0.0,0.0
2024-06-07 00:00:00-04:00,173.78363096841036,174.74306915703855,172.9808525170248,173.49972534179688,1050500,0.0,0.0
2024-06-10 00:00:00-04:00,172.9025346326993,175.0759327223925,172.9025346326993,174.2144012451172,963800,0.0,0.0
2024-06-11 00:00:00-04:00,173.52909120300316,174.05774871611092,172.38365414254474,173.54867553710938,869600,0.0,0.0
2024-06-12 00:00:00-04:00,175.21300643939972,178.30667430675877,174.8409787390863,177.9346466064453,1649300,0.0,0.0
2024-06-13 00:00:00-04:00,177.34723188010344,177.78779727849286,174.88014332917385,177.5821990966797,908600,0.0,0.0
2024-06-14 00:00:00-04:00,176.24096926480888,176.82836491815294,171.20887031495488,173.52911376953125,1049300,0.0,0.0
2024-06-17 00:00:00-04:00,173.08856303319746,176.40739851345415,172.86339544667962,175.46754455566406,933900,0.0,0.0
2024-06-18 00:00:00-04:00,176.61296178364677,179.0017426734253,175.5948004714883,178.95278930664062,1332300,0.0,0.0
2024-06-20 00:00:00-04:00,178.62973983215042,180.0688673136341,178.31645021817369,179.4521026611328,1095000,0.0,0.0
2024-06-21 00:00:00-04:00,178.78636040724302,179.1583880698844,176.44653287643743,178.66888427734375,1432600,0.0,0.0
2024-06-24 00:00:00-04:00,179.3640155484724,182.09544058430905,178.68849781421366,180.52902221679688,1041100,0.0,0.0
2024-06-25 00:00:00-04:00,180.22550501311096,180.22550501311096,176.23115222325814,176.2801055908203,994200,0.0,0.0
2024-06-26 00:00:00-04:00,175.68291785375217,176.1136836051237,173.69553354140086,174.96824645996094,877100,0.0,0.0
2024-06-27 00:00:00-04:00,174.9878390513172,175.9080937271984,173.71512607271143,174.70391845703125,712000,0.0,0.0
2024-06-28 00:00:00-04:00,175.2815219070597,177.67030294718808,174.831186756625,176.66192626953125,1581400,0.0,0.0
2024-07-01 00:00:00-04:00,177.88569990932007,177.88569990932007,172.8144470852544,173.2745819091797,868400,0.0,0.0
2024-07-02 00:00:00-04:00,173.2353938447104,173.87175775518503,172.59904487270637,173.2451934814453,951500,0.0,0.0
2024-07-03 00:00:00-04:00,173.6857400949097,174.38082711813738,172.1976443756141,173.25497436523438,514700,0.0,0.0
2024-07-05 00:00:00-04:00,172.72631741649784,173.00045330966415,170.5039807436852,172.9710693359375,798400,0.0,0.0
2024-07-08 00:00:00-04:00,173.77385704117142,174.69412661791102,172.31513027182126,172.78506469726562,705800,0.0,0.0
2024-07-09 00:00:00-04:00,172.42283663214397,172.88297146033474,171.1501385338861,171.45362854003906,1002500,0.0,0.0
2024-07-10 00:00:00-04:00,171.45364066796526,174.90953700434068,171.42427162906478,174.81163024902344,875200,0.0,0.0
2024-07-11 00:00:00-04:00,176.3192977765511,179.61854903938217,176.21160632893933,178.27731323242188,1004100,0.0,0.0
2024-07-12 00:00:00-04:00,179.88287484549483,181.4492781559954,178.99197427966104,180.64649963378906,836000,0.0,0.0
2024-07-15 00:00:00-04:00,180.74438543357545,183.28981126897958,180.30383498395923,181.10662841796875,797400,0.0,0.0
2024-07-16 00:00:00-04:00,181.65487636939136,187.6757675715691,180.6269153269906,187.47018432617188,1312200,0.0,0.0
2024-07-17 00:00:00-04:00,186.7848474287331,188.2729431156848,185.6589947003006,185.82542419433594,1021100,0.0,0.0
2024-07-18 00:00:00-04:00,184.45483671709758,187.50933583451732,182.3205922513192,182.42828369140625,1271900,0.0,0.0
2024-07-19 00:00:00-04:00,183.59330535549478,184.05344015094988,178.92343463272263,179.8437042236328,856600,0.0,0.0
2024-07-22 00:00:00-04:00,178.16962210889596,179.6479184029173,175.55567326317046,177.3472442626953,1416600,0.0,0.0
2024-07-23 00:00:00-04:00,177.86610052103987,178.81573912508256,176.18222112688704,176.58360290527344,1122400,0.0,0.0
2024-07-24 00:00:00-04:00,175.63396363839453,175.9178842179182,172.51094183293108,172.62841796875,1310700,0.0,0.0
2024-07-25 00:00:00-04:00,176.31929283176717,184.86602587418204,175.0759488693859,182.40872192382812,2544900,0.0,0.0
2024-07-26 00:00:00-04:00,181.53738179471802,184.16113007087543,180.64649618436712,181.34158325195312,1412000,0.0,0.0
2024-07-29 00:00:00-04:00,181.44927382882975,182.99610770472145,180.0786690975187,182.55555725097656,948200,0.0,0.0
2024-07-30 00:00:00-04:00,183.68140248845043,184.63104106254258,180.13739973058324,180.63668823242188,880200,0.0,0.0
2024-07-31 00:00:00-04:00,182.0562621474657,182.81988688994528,179.9513868180397,180.39193725585938,1125100,0.0,0.0
2024-08-01 00:00:00-04:00,180.15698311278095,181.3513735823647,174.6647498677182,175.3892059326172,917900,0.0,0.0
2024-08-02 00:00:00-04:00,173.16689142278167,173.16689142278167,169.4074904002353,171.73753356933594,976800,0.0,0.0
2024-08-05 00:00:00-04:00,170.6312346783782,171.0032623611819,167.93896367349504,169.11378479003906,1091900,0.0,0.0
2024-08-06 00:00:00-04:00,170.03403639911477,173.2353955016962,168.96692167774458,170.81724548339844,1030300,0.0,0.0
2024-08-07 00:00:00-04:00,172.44238626097288,174.00880428912333,168.6830009195751,168.87879943847656,639100,0.0,0.0
2024-08-08 00:00:00-04:00,170.66062429757577,173.04939046535736,170.29838130131836,172.8535919189453,647300,0.0,0.0
2024-08-09 00:00:00-04:00,172.56968625048648,172.8535919019854,170.5333485033635,172.530517578125,635700,0.0,0.0
2024-08-12 00:00:00-04:00,172.59904136980208,172.95148470028224,170.131938056441,170.7095489501953,428400,0.0,0.0
2024-08-13 00:00:00-04:00,171.35572366609873,173.4116458970352,170.44525363768028,172.94171142578125,536700,0.0,0.0
2024-08-14 00:00:00-04:00,172.78504949216114,174.20460746523406,172.12911622014727,173.10812377929688,579700,0.0,0.0
2024-08-15 00:00:00-04:00,175.56544078227103,176.7989850231521,174.02839162656124,175.21299743652344,534900,0.0,0.0
2024-08-16 00:00:00-04:00,175.0270010523756,176.808802294273,174.70392670834565,176.05496215820312,985100,0.0,0.0
2024-08-19 00:00:00-04:00,176.4856922907664,178.6492905747973,176.22135607388412,177.8856658935547,689400,0.0,0.0
2024-08-20 00:00:00-04:00,177.55284567223893,177.87592002150902,175.93748886436128,176.28993225097656,447800,0.0,0.0
2024-08-21 00:00:00-04:00,176.94587126679662,178.7374572940973,176.2899378478078,178.4143829345703,459500,0.0,0.0
2024-08-22 00:00:00-04:00,178.27730653799043,178.96260893411716,177.1416540309965,177.7290496826172,389200,0.0,0.0
2024-08-23 00:00:00-04:00,178.90386843815102,181.23389655340344,177.78780028287855,180.76397705078125,414400,0.0,0.0
2024-08-26 00:00:00-04:00,181.41011504939294,182.20310883176853,178.70804445644413,179.5402069091797,653700,0.0,0.0
2024-08-27 00:00:00-04:00,179.21714526740848,179.9122472999497,178.61994997921565,178.65911865234375,425400,0.0,0.0
2024-08-28 00:00:00-04:00,178.69826853591144,179.53043102952356,177.62135412517472,178.0227508544922,379600,0.0,0.0
2024-08-29 00:00:00-04:00,179.6282865618279,181.3709186647959,177.94439251695366,179.16815185546875,898300,0.0,0.0
2024-08-30 00:00:00-04:00,179.78180770067243,182.7762106973888,179.457821640638,182.63876342773438,1631800,0.515,0.0
2024-09-03 00:00:00-04:00,181.6275206419036,182.11840583282768,175.92343712026633,176.964111328125,781800,0.0,0.0
2024-09-04 00:00:00-04:00,176.8757473559987,177.121189940036,172.22215056962574,173.17446899414062,1191800,0.0,0.0
2024-09-05 00:00:00-04:00,172.94865230473374,173.6358884894475,170.15060107621125,171.85888671875,1216200,0.0,0.0
2024-09-06 00:00:00-04:00,172.20253172752987,174.0482649757961,171.03423747039935,172.1829071044922,1175400,0.0,0.0
2024-09-09 00:00:00-04:00,173.67516267200202,176.08051192743238,172.85047920303364,175.62889099121094,861200,0.0,0.0
2024-09-10 00:00:00-04:00,176.03144198867716,178.26987738198943,174.41151178257752,178.14224243164062,831200,0.0,0.0
2024-09-11 00:00:00-04:00,177.36664936601866,180.09596996122755,173.40028844219697,179.82107543945312,1205000,0.0,0.0
2024-09-12 00:00:00-04:00,180.449397499757,183.30635287968622,178.5251209777745,183.27688598632812,907200,0.0,0.0
2024-09-13 00:00:00-04:00,183.93469454012822,184.79864232459641,181.54898462492108,181.68643188476562,1185100,0.0,0.0
2024-09-16 00:00:00-04:00,182.79583625330704,184.4746552764465,182.05950844089872,183.36526489257812,1033800,0.0,0.0
2024-09-17 00:00:00-04:00,184.32738990624048,186.9879942428345,183.69905745864804,184.9164581298828,991100,0.0,0.0
2024-09-18 00:00:00-04:00,184.79864815795145,185.741154384228,181.86316409133232,182.5405731201172,1265700,0.0,0.0
2024-09-19 00:00:00-04:00,185.94730465205984,188.54900515684284,184.94590964689075,187.69485473632812,1090200,0.0,0.0
2024-09-20 00:00:00-04:00,186.1240453187895,187.48870565686974,184.92628416097773,185.67242431640625,1622200,0.0,0.0
2024-09-23 00:00:00-04:00,186.37929819223518,187.9108576937156,185.5938788379655,187.547607421875,644000,0.0,0.0
2024-09-24 00:00:00-04:00,188.67663005205475,189.59949663361635,187.81268227877314,189.11843872070312,585600,0.0,0.0
2024-09-25 00:00:00-04:00,190.00203823631836,190.3162119780412,186.4971254414153,186.75238037109375,571200,0.0,0.0
2024-09-26 00:00:00-04:00,188.254458846169,189.6191189916437,186.69344763283397,189.51112365722656,945500,0.0,0.0
2024-09-27 00:00:00-04:00,190.09038485542425,191.19979022924593,188.91226334179322,189.2657012939453,636700,0.0,0.0
2024-09-30 00:00:00-04:00,188.38212194873336,188.84355526654375,186.34003758027276,188.2446746826172,521900,0.0,0.0
2024-10-01 00:00:00-04:00,188.18572605897032,188.95152068387767,185.46623308301366,186.9388885498047,557700,0.0,0.0
2024-10-02 00:00:00-04:00,185.78040306199014,187.53778041477943,185.30915747860686,186.80145263671875,1032400,0.0,0.0
2024-10-03 00:00:00-04:00,186.27129336251343,186.64437090744315,184.96553693588686,186.1829376220703,699500,0.0,0.0
2024-10-04 00:00:00-04:00,188.2348477488902,188.2348477488902,184.0426986340477,185.4662628173828,778700,0.0,0.0
2024-10-07 00:00:00-04:00,184.58263472493738,185.56440505693018,183.36524910086723,184.11138916015625,800100,0.0,0.0
2024-10-08 00:00:00-04:00,184.05251540104328,184.76920366588945,182.5602200580811,183.7481689453125,876400,0.0,0.0
2024-10-09 00:00:00-04:00,182.1380466726889,184.38629427092226,181.6275218760832,182.68783569335938,1330100,0.0,0.0
2024-10-10 00:00:00-04:00,182.6878224219462,183.97393914057588,181.62750868169684,183.2179718017578,1857100,0.0,0.0
2024-10-11 00:00:00-04:00,183.03143960478548,187.79303180611254,182.66818936820286,187.2137908935547,1497500,0.0,0.0
2024-10-14 00:00:00-04:00,187.41014008046488,190.3750907093882,186.83089917374068,190.1983642578125,908600,0.0,0.0
2024-10-15 00:00:00-04:00,190.36527875471927,190.88561587971358,187.58688164456223,187.7930450439453,585300,0.0,0.0
2024-10-16 00:00:00-04:00,187.2334434045032,190.57145684051645,187.046904627788,189.2755126953125,750300,0.0,0.0
2024-10-17 00:00:00-04:00,191.01324937248643,192.1128274424896,190.11002238917985,191.32742309570312,879100,0.0,0.0
2024-10-18 00:00:00-04:00,191.8183029796392,192.03429366319986,189.93330563453216,190.83653259277344,985500,0.0,0.0
2024-10-21 00:00:00-04:00,190.71872071583473,190.9543510149976,188.7846317461786,189.2264404296875,601900,0.0,0.0
2024-10-22 00:00:00-04:00,188.6177187606204,188.89261326587228,186.73272144719584,187.9108428955078,754400,0.0,0.0
2024-10-23 00:00:00-04:00,187.68506294073276,189.23626211397283,187.06654273768743,188.18576049804688,1037400,0.0,0.0
2024-10-24 00:00:00-04:00,182.57002637885043,186.37928526480852,179.67379177457698,181.41152954101562,2620500,0.0,0.0
2024-10-25 00:00:00-04:00,184.95572625995737,185.87859283886124,182.37366529735965,183.57142639160156,1238400,0.0,0.0
2024-10-28 00:00:00-04:00,185.24043218566263,188.9809899995357,185.24043218566263,188.9515380859375,1385200,0.0,0.0
2024-10-29 00:00:00-04:00,187.56724242946962,188.6766328213377,185.64296580769056,188.34283447265625,830700,0.0,0.0
2024-10-30 00:00:00-04:00,188.22501026999328,190.77761913928336,187.62612976500125,189.47186279296875,889200,0.0,0.0
2024-10-31 00:00:00-04:00,188.47047446268746,189.3835137903781,185.73132651835923,185.87860107421875,881600,0.0,0.0
2024-11-01 00:00:00-04:00,186.26150880488933,188.1072422213985,185.4073732254165,185.66262817382812,606400,0.0,0.0
2024-11-04 00:00:00-05:00,185.49570974372173,188.25448228936685,185.1128198704939,185.71170043945312,523400,0.0,0.0
2024-11-05 00:00:00-05:00,185.505523830359,188.73555700521675,185.27972082107098,188.64718627929688,486600,0.0,0.0
2024-11-06 00:00:00-05:00,196.86459618618196,200.3400566585915,196.45225443390467,198.86740112304688,1252000,0.0,0.0
2024-11-07 00:00:00-05:00,199.1324869656191,199.1324869656191,196.84496019411696,198.0819854736328,749600,0.0,0.0
2024-11-08 00:00:00-05:00,197.67947688181343,200.15352751439434,197.08059633601454,197.8267364501953,993300,0.0,0.0
2024-11-11 00:00:00-05:00,198.72998851883358,201.1942271515675,198.72998851883358,200.85061645507812,526200,0.0,0.0
2024-11-12 00:00:00-05:00,200.78188307341057,201.15496066373652,198.08201415119305,198.66127014160156,501100,0.0,0.0
2024-11-13 00:00:00-05:00,197.93472872626882,201.19419862783502,197.57147847613814,200.27134704589844,533100,0.0,0.0
2024-11-14 00:00:00-05:00,199.83935133958505,200.428404542347,198.22924861636707,198.4059600830078,494700,0.0,0.0
2024-11-15 00:00:00-05:00,198.34708412243938,199.9473747602886,196.90388035297636,197.5125732421875,678100,0.0,0.0
2024-11-18 00:00:00-05:00,197.2965739429781,198.20961316766798,196.54060658727283,196.87440490722656,613600,0.0,0.0
2024-11-19 00:00:00-05:00,194.41019013405412,195.58831168659714,193.68367460268223,195.10723876953125,761300,0.0,0.0
2024-11-20 00:00:00-05:00,195.52938018838537,195.8631785012578,193.04550248153132,194.51815795898438,699000,0.0,0.0
2024-11-21 00:00:00-05:00,195.41158597950016,199.43685086213034,194.62618159514847,198.7987060546875,718600,0.0,0.0
2024-11-22 00:00:00-05:00,199.1521146138983,201.32181862333698,199.05393159003748,201.00765991210938,598600,0.0,0.0
2024-11-25 00:00:00-05:00,201.9698157473005,203.9628085384194,201.43965132151465,201.81272888183594,1163100,0.0,0.0
2024-11-26 00:00:00-05:00,201.79307193175975,202.92211682702361,200.09461341423446,202.5784912109375,752300,0.0,0.0
2024-11-27 00:00:00-05:00,202.81413822563198,204.46350536545125,201.9305358459048,202.7454071044922,475300,0.0,0.0
2024-11-29 00:00:00-05:00,202.96686042232773,203.7837688928774,202.26805413419194,202.6519012451172,304500,0.515,0.0
2024-12-02 00:00:00-05:00,202.907815461902,202.97670339769815,200.98857984928682,201.47084045410156,541400,0.0,0.0
2024-12-03 00:00:00-05:00,200.78187899586584,201.0180983776639,198.86264345025666,200.55551147460938,653300,0.0,0.0
2024-12-04 00:00:00-05:00,199.60081842706327,200.91967622640942,199.01027746295694,200.0732421875,461800,0.0,0.0
2024-12-05 00:00:00-05:00,200.39802662702385,200.75234818138128,198.17368382460646,198.59689331054688,495700,0.0,0.0
2024-12-06 00:00:00-05:00,199.0201052523189,199.79763624353862,197.48470193496567,198.2819366455078,378000,0.0,0.0
2024-12-09 00:00:00-05:00,199.02996465039254,199.91576107172355,198.03590288706945,198.5575408935547,475500,0.0,0.0
2024-12-10 00:00:00-05:00,197.78000153589446,199.79766569554945,195.5654953890226,198.1343231201172,903400,0.0,0.0
2024-12-11 00:00:00-05:00,199.4630217139891,200.14213929745856,197.6421996428922,198.0260467529297,513900,0.0,0.0
2024-12-12 00:00:00-05:00,197.6323387236481,199.3252065458038,197.46502231330552,198.18350219726562,566200,0.0,0.0
2024-12-13 00:00:00-05:00,197.7602799899639,198.6165657701805,196.55953956192212,197.83901977539062,687300,0.0,0.0
2024-12-16 00:00:00-05:00,196.87450449858025,198.3016275923748,196.0182336459195,196.5989227294922,594700,0.0,0.0
2024-12-17 00:00:00-05:00,195.5851626520018,196.56938749827071,192.29785526980274,193.43954467773438,885600,0.0,0.0
2024-12-18 00:00:00-05:00,193.8135456558089,194.77808175396046,185.76259400705078,185.83148193359375,765200,0.0,0.0
2024-12-19 00:00:00-05:00,187.9180707815476,189.1975662765864,185.74294195625507,185.95947265625,893100,0.0,0.0
2024-12-20 00:00:00-05:00,185.5558937313089,187.61291988567945,184.54214342487452,186.2842254638672,2381100,0.0,0.0
2024-12-23 00:00:00-05:00,185.38858377757057,186.45154836287333,184.01067506592545,185.83148193359375,611000,0.0,0.0
2024-12-24 00:00:00-05:00,185.47716715284508,187.52435661182244,185.47716715284508,187.3275146484375,215500,0.0,0.0
2024-12-26 00:00:00-05:00,186.49092706940417,188.4692287005113,186.28424825360725,187.89837646484375,299000,0.0,0.0
2024-12-27 00:00:00-05:00,186.3236213208657,188.469239503295,184.68980431321197,185.3590850830078,457400,0.0,0.0
2024-12-30 00:00:00-05:00,184.05006409149772,185.03428903316347,181.7174557855357,183.38079833984375,704800,0.0,0.0
2024-12-31 00:00:00-05:00,183.9614617060317,185.62480402755818,183.17407885927565,184.6405792236328,901800,0.0,0.0
2025-01-02 00:00:00-05:00,185.3492479836418,186.0185137344308,182.01271101834922,182.71151733398438,651800,0.0,0.0
2025-01-03 00:00:00-05:00,183.71542890849668,185.49687362764666,182.23909151453847,185.06381225585938,404500,0.0,0.0
2025-01-06 00:00:00-05:00,185.03428670942665,187.29800705044534,184.52248554112523,185.06381225585938,453600,0.0,0.0
2025-01-07 00:00:00-05:00,184.94571472374997,186.21535830654545,183.92211236139119,185.0146026611328,692500,0.0,0.0
2025-01-08 00:00:00-05:00,184.05987722584055,184.88663748408703,182.58354000350738,184.26657104492188,653200,0.0,0.0
2025-01-10 00:00:00-05:00,182.0816036950798,183.06582857991808,179.8670977041937,180.74305725097656,1072000,0.0,0.0
2025-01-13 00:00:00-05:00,180.74303079242762,184.02050098132744,180.02455093673464,183.80397033691406,1275300,0.0,0.0
2025-01-14 00:00:00-05:00,185.30986936151314,186.67794141897195,184.8275937373716,185.82167053222656,847900,0.0,0.0
2025-01-15 00:00:00-05:00,188.803850039221,190.06365661415703,187.17987006663074,187.73104858398438,843400,0.0,0.0
2025-01-16 00:00:00-05:00,187.98693501464564,191.59903819417124,187.05192446714136,191.4120330810547,772500,0.0,0.0
2025-01-17 00:00:00-05:00,192.72107396121342,193.35097729222522,190.67388438090512,192.00259399414062,799300,0.0,0.0
2025-01-21 00:00:00-05:00,193.3509573556799,195.63436608145386,192.90805920296228,195.28004455566406,1017100,0.0,0.0
2025-01-22 00:00:00-05:00,196.21507853483004,196.7662420811903,194.1482002178988,195.6737518310547,754100,0.0,0.0
2025-01-23 00:00:00-05:00,195.86074935176003,197.13039282754252,194.827310233474,196.0083770751953,515500,0.0,0.0
2025-01-24 00:00:00-05:00,196.35287900881073,196.78594039297624,194.9159039629961,195.57534790039062,590300,0.0,0.0
2025-01-27 00:00:00-05:00,194.01040771573506,194.92574468323846,191.17585021261772,192.84902954101562,782100,0.0,0.0
2025-01-28 00:00:00-05:00,192.84902063987246,195.10288895160048,191.25458117933195,194.95526123046875,1096100,0.0,0.0
2025-01-29 00:00:00-05:00,194.2466278076172,196.43160829766973,193.56751022042786,194.2466278076172,1157200,0.0,0.0
2025-01-30 00:00:00-05:00,206.68719445002583,211.18510869982984,199.39408555580772,202.179443359375,1871100,0.0,0.0
2025-01-31 00:00:00-05:00,203.58690957494753,205.02386939885218,199.07915810712595,200.46690368652344,2050200,0.0,0.0
2025-02-03 00:00:00-05:00,197.35677416048532,201.15588274060175,195.41784997473724,199.08900451660156,1034500,0.0,0.0
2025-02-04 00:00:00-05:00,200.94918363701132,218.80302162112795,198.57719816996757,199.71890258789062,842500,0.0,0.0
2025-02-05 00:00:00-05:00,199.4629982011935,201.9826112437167,197.8685438398481,201.50033569335938,897200,0.0,0.0
2025-02-06 00:00:00-05:00,202.26803961504513,202.26803961504513,200.22085016436787,201.43145751953125,575400,0.0,0.0
2025-02-07 00:00:00-05:00,202.11057885145308,202.11057885145308,198.1539907514127,199.3448944091797,619400,0.0,0.0
2025-02-10 00:00:00-05:00,200.3389534216955,200.78185156122964,198.14413640625958,200.3291015625,654500,0.0,0.0
2025-02-11 00:00:00-05:00,198.6854714956147,200.75234974851435,198.606731703134,199.44332885742188,441600,0.0,0.0
2025-02-12 00:00:00-05:00,195.90995810000288,198.3016172610019,195.86074385421261,197.88824462890625,735100,0.0,0.0
2025-02-13 00:00:00-05:00,198.80359926270287,200.00435488023209,196.82529753938837,199.4925537109375,552100,0.0,0.0
2025-02-14 00:00:00-05:00,199.55158674285528,200.6342400764354,198.40004547972694,199.13821411132812,571500,0.0,0.0
2025-02-18 00:00:00-05:00,199.48269187018448,202.17947345330703,198.1835228353779,202.12042236328125,825800,0.0,0.0
2025-02-19 00:00:00-05:00,200.87044894222822,202.31726069413494,200.37833651009885,201.6479949951172,783500,0.0,0.0
2025-02-20 00:00:00-05:00,201.61847608720188,204.0101353773974,200.04371024532034,203.1735382080078,1111300,0.0,0.0
2025-02-21 00:00:00-05:00,203.34086493540806,203.56723245132096,195.7721732529525,197.37644958496094,1214500,0.0,0.0
2025-02-24 00:00:00-05:00,197.9965232653975,198.84295728839098,196.1068132411033,196.31350708007812,941700,0.0,0.0
2025-02-25 00:00:00-05:00,196.62844776449677,198.14416250862675,192.41596642727947,195.23085021972656,987300,0.0,0.0
2025-02-26 00:00:00-05:00,195.6934368491887,197.59298367984414,194.16788526476057,194.5615692138672,513900,0.0,0.0
2025-02-27 00:00:00-05:00,194.4237693099932,196.0772748593061,193.2033401135339,193.41001892089844,559500,0.0,0.0
2025-02-28 00:00:00-05:00,194.16493764382122,196.23724688108635,192.52684273724225,196.1484375,935100,0.515,0.0
2025-03-03 00:00:00-05:00,197.53983514953325,198.32928702657134,189.97099595817292,190.74070739746094,728500,0.0,0.0
2025-03-04 00:00:00-05:00,187.5927779280753,188.31314574505532,180.8331165260497,181.63243103027344,1692700,0.0,0.0
2025-03-05 00:00:00-05:00,182.80673683232743,187.51382949480973,181.57322308851957,187.22764587402344,1113900,0.0,0.0
2025-03-06 00:00:00-05:00,185.40207385832144,186.49743477909394,183.04359593706883,183.5666046142578,1275000,0.0,0.0
2025-03-07 00:00:00-05:00,182.16531256365624,184.29681283242692,179.17527650488927,183.19158935546875,1657400,0.0,0.0
2025-03-10 00:00:00-04:00,177.86282530219356,181.57322935082155,174.67541483683362,175.3957977294922,1608900,0.0,0.0
2025-03-11 00:00:00-04:00,175.78065322872465,181.46467932905279,175.08987346312037,178.38583374023438,1934900,0.0,0.0
2025-03-12 00:00:00-04:00,179.7772420849574,181.52390197832958,177.83323803721726,179.35292053222656,1284900,0.0,0.0
2025-03-13 00:00:00-04:00,178.33647734707372,179.48118167096123,173.48136924571742,174.7543487548828,1225800,0.0,0.0
2025-03-14 00:00:00-04:00,176.9648356293918,179.07661077225333,175.0602823844394,178.75096130371094,1003000,0.0,0.0
2025-03-17 00:00:00-04:00,177.85296139231684,181.47455634390332,177.82335826374458,180.54696655273438,964500,0.0,0.0
2025-03-18 00:00:00-04:00,179.5700137733958,180.3890687782571,177.19179545226694,178.3957061767578,724300,0.0,0.0
2025-03-19 00:00:00-04:00,178.68188807445404,181.25745051770733,178.23781104592155,179.86605834960938,746800,0.0,0.0
2025-03-20 00:00:00-04:00,177.96149877343726,180.487732618591,177.63584932436862,178.90884399414062,835300,0.0,0.0
2025-03-21 00:00:00-04:00,177.62600456455584,178.9582056218072,175.28726698953625,177.270751953125,1244200,0.0,0.0
2025-03-24 00:00:00-04:00,180.2706467206191,183.44817970600494,179.83646247965544,183.06332397460938,773600,0.0,0.0
2025-03-25 00:00:00-04:00,183.6850015857991,185.17508079656616,181.9383418745069,183.290283203125,757300,0.0,0.0
2025-03-26 00:00:00-04:00,183.36923614512253,184.49420013740678,179.2048923184556,179.8463134765625,1020700,0.0,0.0
2025-03-27 00:00:00-04:00,179.40225935338165,179.40225935338165,176.04709260949232,176.78720092773438,779400,0.0,0.0
2025-03-28 00:00:00-04:00,176.7773450060937,177.89244640002093,172.00118275664266,172.3465576171875,608900,0.0,0.0
2025-03-31 00:00:00-04:00,169.98805381549124,174.6951464012572,167.16577381335478,173.36294555664062,1332200,0.0,0.0
2025-04-01 00:00:00-04:00,172.58336921568065,175.15894643885787,171.11301545584558,174.1425323486328,877600,0.0,0.0
2025-04-02 00:00:00-04:00,171.80381167674656,177.13258538107124,170.49135115921857,176.65892028808594,870700,0.0,0.0
2025-04-03 00:00:00-04:00,167.65918880649204,170.01766657760135,160.09034997571408,160.58375549316406,1320600,0.0,0.0
2025-04-04 00:00:00-04:00,155.87668169798272,156.35034679077756,148.61375169244727,151.52484130859375,1607800,0.0,0.0
2025-04-07 00:00:00-04:00,146.11710823099034,156.15297403537934,141.15343517600704,149.47225952148438,2442000,0.0,0.0
2025-04-08 00:00:00-04:00,155.22539727513677,156.97205723089684,146.72895265115775,149.14663696289062,1465800,0.0,0.0
2025-04-09 00:00:00-04:00,147.557844948238,165.72503874243836,146.35393434547743,163.67247009277344,3360500,0.0,0.0
2025-04-10 00:00:00-04:00,158.758179585678,160.17919002363212,152.34390723369378,157.45558166503906,1461600,0.0,0.0
2025-04-11 00:00:00-04:00,157.1003303174008,161.49163687444525,155.91615996210857,159.97195434570312,1590100,0.0,0.0
2025-04-14 00:00:00-04:00,161.14624279135504,163.18893377554434,159.29103325287994,161.50149536132812,1254700,0.0,0.0
2025-04-15 00:00:00-04:00,161.22521301846177,163.35671369195308,160.38641750487005,161.12652587890625,698100,0.0,0.0
2025-04-16 00:00:00-04:00,159.863379388256,162.36987266198852,157.59371111382816,159.82391357421875,1220000,0.0,0.0
2025-04-17 00:00:00-04:00,160.2581033440782,161.6396478041813,158.50158093616037,158.9555206298828,3019100,0.0,0.0
2025-04-21 00:00:00-04:00,157.83055793166272,157.83055793166272,153.39977100353366,155.93588256835938,1111500,0.0,0.0
2025-04-22 00:00:00-04:00,158.1364745283825,162.1725282051876,156.34047114699226,161.40281677246094,1438600,0.0,0.0
2025-04-23 00:00:00-04:00,166.9881639602442,170.0078033075218,162.93237001835098,164.15602111816406,2070300,0.0,0.0
2025-04-24 00:00:00-04:00,157.8700226351135,168.33022546162405,156.05429397359987,167.4815673828125,2581900,0.0,0.0
2025-04-25 00:00:00-04:00,167.2250065824337,169.12954467475492,166.49476098723352,166.7809295654297,1122800,0.0,0.0
2025-04-28 00:00:00-04:00,167.19538763889454,170.33345458276006,166.88947862504378,168.08352661132812,1071600,0.0,0.0
2025-04-29 00:00:00-04:00,166.77106491860815,169.14928312681954,166.28752209073275,167.9749755859375,1508100,0.0,0.0
2025-04-30 00:00:00-04:00,166.10991334169165,169.09008706315046,163.97839776379226,168.39930725097656,1481800,0.0,0.0
2025-05-01 00:00:00-04:00,169.77095784949606,170.53080653576333,167.44208328671687,167.57037353515625,1270100,0.0,0.0
2025-05-02 00:00:00-04:00,170.4715893134589,172.0899586473314,169.09006002510677,171.57681274414062,1408900,0.0,0.0
2025-05-05 00:00:00-04:00,169.91899738841082,172.21826894560064,169.71176044225135,170.73805236816406,721900,0.0,0.0
2025-05-06 00:00:00-04:00,169.1295509201761,170.61963023485353,167.8762966286016,168.45852661132812,700100,0.0,0.0
2025-05-07 00:00:00-04:00,169.4749295374765,170.2742440523096,168.03417882685227,169.19862365722656,911600,0.0,0.0
2025-05-08 00:00:00-04:00,171.23145505202564,174.3991100429426,170.40252233868736,172.3761444091797,892600,0.0,0.0
2025-05-09 00:00:00-04:00,173.24456195393358,174.00441075058572,172.39590376817148,173.83665466308594,1351300,0.0,0.0
2025-05-12 00:00:00-04:00,182.1258327366916,182.56003197871235,180.18181389426098,181.1686248779297,1152200,0.0,0.0
2025-05-13 00:00:00-04:00,181.16863560622,184.67181781720052,181.16863560622,183.1422576904297,876700,0.0,0.0
2025-05-14 00:00:00-04:00,182.7080651066723,183.6159445492581,181.65218508291466,182.2442626953125,792600,0.0,0.0
2025-05-15 00:00:00-04:00,181.21796720020603,182.61923698053465,180.9021955175111,181.91860961914062,493200,0.0,0.0
2025-05-16 00:00:00-04:00,182.61925555758535,184.24750286967034,181.59297866250256,184.2376251220703,656100,0.0,0.0
2025-05-19 00:00:00-04:00,181.69164085681174,184.20801197863838,181.69164085681174,183.95144653320312,689500,0.0,0.0
2025-05-20 00:00:00-04:00,183.04358658563783,183.54685479904927,181.02062092715073,181.8396759033203,1098900,0.0,0.0
2025-05-21 00:00:00-04:00,180.26078335553424,180.26078335553424,175.99776719738094,176.56024169921875,1533100,0.0,0.0
2025-05-22 00:00:00-04:00,176.04709343272324,179.03712984779975,175.44513806210315,177.4779815673828,870400,0.0,0.0
2025-05-23 00:00:00-04:00,174.51754633949287,176.12603816830796,174.36951564227334,175.5438232421875,1170200,0.0,0.0
2025-05-27 00:00:00-04:00,178.13914361569078,179.5996198245256,175.91881864533264,179.16542053222656,1058000,0.0,0.0
2025-05-28 00:00:00-04:00,179.7279102958465,179.7279102958465,176.88588951205102,177.17205810546875,537400,0.0,0.0
2025-05-29 00:00:00-04:00,178.21807530716114,178.60293100065581,176.20497240461887,177.31019592285156,735000,0.0,0.0
2025-05-30 00:00:00-04:00,176.57292843338772,177.424025999707,174.45508310801065,175.9098663330078,1483800,0.515,0.0
2025-06-02 00:00:00-04:00,175.69215779877464,175.80101965155862,171.88200805216184,174.25717163085938,674000,0.0,0.0
2025-06-03 00:00:00-04:00,174.1087043257689,177.5230008089233,174.1087043257689,176.12759399414062,977400,0.0,0.0
2025-06-04 00:00:00-04:00,177.80008060180646,178.89858997487616,175.622859034691,175.82078552246094,664000,0.0,0.0
2025-06-05 00:00:00-04:00,176.0385252463173,176.97868747459717,174.52436558057227,175.4051513671875,887700,0.0,0.0
2025-06-06 00:00:00-04:00,177.83966653287476,178.53241681647813,176.8995043550685,177.59225463867188,890200,0.0,0.0
2025-06-09 00:00:00-04:00,178.34440290312665,180.35338634854992,177.67143467415983,178.8590087890625,833300,0.0,0.0
2025-06-10 00:00:00-04:00,179.63093503809603,180.22472965362624,178.36418728573432,179.4033203125,749200,0.0,0.0
2025-06-11 00:00:00-04:00,179.58146644557945,179.79917503246529,176.54324095850995,177.2854766845703,881700,0.0,0.0
2025-06-12 00:00:00-04:00,175.85050210947122,177.0479673691941,174.43529804700495,176.92921447753906,768700,0.0,0.0
2025-06-13 00:00:00-04:00,175.1874288230246,177.02817403075386,173.98994853862283,174.71238708496094,898500,0.0,0.0
2025-06-16 00:00:00-04:00,176.69167988858237,178.87880777881605,176.45417412369406,177.88916015625,735500,0.0,0.0
2025-06-17 00:00:00-04:00,176.78077632661424,177.5230121135524,174.00975970188,174.25717163085938,804700,0.0,0.0
2025-06-18 00:00:00-04:00,174.11857856873678,175.49418795022237,173.47529865170614,173.8810577392578,1090700,0.0,0.0
2025-06-20 00:00:00-04:00,175.39522745354498,175.87026914037463,172.44608204338635,173.06956481933594,2230600,0.0,0.0
2025-06-23 00:00:00-04:00,172.71330480755418,175.96923879409906,171.25852161546575,175.692138671875,841300,0.0,0.0
2025-06-24 00:00:00-04:00,176.83022855475735,178.36418537778144,175.82079886030795,178.0771942138672,1037800,0.0,0.0
2025-06-25 00:00:00-04:00,178.33449151222266,178.8095181240339,176.8500201370918,178.18605041503906,700800,0.0,0.0
2025-06-26 00:00:00-04:00,179.1262062125715,181.87742518832306,178.7501353120165,181.14508056640625,729700,0.0,0.0
2025-06-27 00:00:00-04:00,181.46178122393934,182.5206962841599,180.26430100545994,181.40240478515625,1179700,0.0,0.0
2025-06-30 00:00:00-04:00,181.40241246487503,181.62013615017958,180.43256202177022,181.3331298828125,950300,0.0,0.0
2025-07-01 00:00:00-04:00,180.7591155858892,185.99435948391968,180.64036271437402,184.2327880859375,912500,0.0,0.0
2025-07-02 00:00:00-04:00,185.19276451107254,186.46940330028897,183.54994583281163,186.2021942138672,779100,0.0,0.0
2025-07-03 00:00:00-04:00,186.92464273392014,187.7361459100779,185.70736531844764,186.67723083496094,488800,0.0,0.0
2025-07-07 00:00:00-04:00,185.93498197787534,187.50851791968552,183.69836890506107,185.4302520751953,1069500,0.0,0.0
2025-07-08 00:00:00-04:00,185.85581088331213,187.8845913588519,185.78652830717257,186.47927856445312,892700,0.0,0.0
2025-07-09 00:00:00-04:00,187.93406980579073,187.93406980579073,184.92554780048383,186.27146911621094,859800,0.0,0.0
2025-07-10 00:00:00-04:00,186.82567616498125,190.4181018514889,186.38033775693404,188.54766845703125,657800,0.0,0.0
2025-07-11 00:00:00-04:00,186.80587962352863,187.53822429983526,186.2121001110422,186.98402404785156,730000,0.0,0.0
2025-07-14 00:00:00-04:00,186.56837166699162,187.2512309340292,184.07445546154,186.94442749023438,1924900,0.0,0.0
2025-07-15 00:00:00-04:00,188.94351113670467,188.94351113670467,185.0640944973091,185.1333770751953,971800,0.0,0.0
2025-07-16 00:00:00-04:00,185.39067094542972,187.04338048470376,182.96603755190364,185.8953857421875,805600,0.0,0.0
2025-07-17 00:00:00-04:00,186.01416524129993,189.2206137266668,185.549029671984,188.61692810058594,879900,0.0,0.0
2025-07-18 00:00:00-04:00,189.04247873943086,189.42844067889794,185.35108251490237,186.291259765625,2574000,0.0,0.0
2025-07-21 00:00:00-04:00,187.1324532171677,187.21162683394846,184.6781315002579,185.04429626464844,1169500,0.0,0.0
2025-07-22 00:00:00-04:00,184.56928242390148,187.93407831516026,184.56928242390148,187.5778045654297,859000,0.0,0.0
2025-07-23 00:00:00-04:00,188.8643296194535,189.7649124893632,187.29079368246147,188.9237060546875,1087300,0.0,0.0
2025-07-24 00:00:00-04:00,193.01097083800985,193.20889733847886,182.99574192620193,184.69793701171875,2770300,0.0,0.0
2025-07-25 00:00:00-04:00,185.024534732971,185.5985170919311,182.09517099007206,184.5692901611328,1579900,0.0,0.0
2025-07-28 00:00:00-04:00,185.06409591031763,185.06409591031763,182.6592595594505,183.01551818847656,1105200,0.0,0.0
2025-07-29 00:00:00-04:00,184.4010333103676,184.6088508433587,181.5013580812962,182.14463806152344,955400,0.0,0.0
2025-07-30 00:00:00-04:00,182.66915659644351,183.09469781785654,179.5022872831491,180.33358764648438,1119800,0.0,0.0
2025-07-31 00:00:00-04:00,179.69032683974925,181.63002773174304,178.8095259551388,179.2647705078125,1212600,0.0,0.0
2025-08-01 00:00:00-04:00,176.20676211775012,176.74116518926888,172.62422745753972,173.1586456298828,1540700,0.0,0.0
2025-08-04 00:00:00-04:00,173.9008761041961,174.64311179832367,173.1883286297677,174.27694702148438,1043900,0.0,0.0
2025-08-05 00:00:00-04:00,175.2666056365292,175.94944983338,173.099274857237,175.34576416015625,1085100,0.0,0.0
2025-08-06 00:00:00-04:00,175.66245970274687,175.90987161782118,172.25806933519266,172.49559020996094,1285700,0.0,0.0
2025-08-07 00:00:00-04:00,174.1680834332053,174.69259544372207,171.54550827979782,172.1689910888672,721000,0.0,0.0
2025-08-08 00:00:00-04:00,172.66381022891892,173.4951105514028,171.5059244009971,171.72364807128906,608800,0.0,0.0
2025-08-11 00:00:00-04:00,172.4164114256837,173.6336737831931,172.03044945375024,173.47532653808594,1334000,0.0,0.0
2025-08-12 00:00:00-04:00,174.6035216775919,176.24634034468005,173.9404595868375,176.1473846435547,901600,0.0,0.0
2025-08-13 00:00:00-04:00,176.91930430942782,181.0164447376495,176.79064529016102,180.93727111816406,1119400,0.0,0.0
2025-08-14 00:00:00-04:00,178.89859784328627,179.14600973908625,176.74115825948203,177.5427703857422,772100,0.0,0.0
2025-08-15 00:00:00-04:00,177.78030079811788,177.78030079811788,174.6035252409244,174.71238708496094,620600,0.0,0.0
2025-08-18 00:00:00-04:00,174.5936320193293,175.7020325259795,173.89099066272942,175.31607055664062,555800,0.0,0.0
2025-08-19 00:00:00-04:00,175.92962988738023,178.3047777064315,175.38532077444137,177.84954833984375,1379000,0.0,0.0
2025-08-20 00:00:00-04:00,177.28547092062084,177.7407154621663,175.89997031735038,176.88961791992188,881100,0.0,0.0
2025-08-21 00:00:00-04:00,176.15726796036242,177.57245674108688,175.23690296604346,175.57337951660156,841900,0.0,0.0
2025-08-22 00:00:00-04:00,176.86981642227906,181.93680719149697,176.69167200573617,181.17478942871094,1059300,0.0,0.0
2025-08-25 00:00:00-04:00,181.36281200185147,181.4320945815831,178.5918108290629,178.6412811279297,514200,0.0,0.0
2025-08-26 00:00:00-04:00,178.58191047093723,180.67006755857358,178.09699280041,180.32369995117188,1566000,0.0,0.0
2025-08-27 00:00:00-04:00,179.63093797122755,181.77847154116995,179.40332324191488,180.8185272216797,546300,0.0,0.0
2025-08-28 00:00:00-04:00,180.9174541464419,181.53103075430133,179.13608565495406,179.7100830078125,570300,0.0,0.0
2025-08-29 00:00:00-04:00,179.54138069887887,180.20636212486528,177.30827887354857,177.51670837402344,497000,0.52,0.0
2025-09-02 00:00:00-04:00,175.37292881584662,175.48210328976884,173.07036056247475,174.44992065429688,955400,0.0,0.0
2025-09-03 00:00:00-04:00,174.17202648917993,174.6682713493921,172.65351842846596,173.417724609375,724100,0.0,0.0
2025-09-04 00:00:00-04:00,173.42765419793926,177.06015496036105,172.95124824205539,177.0204620361328,771600,0.0,0.0
2025-09-05 00:00:00-04:00,177.61595822814144,179.12453162460554,175.27368199825287,176.4150390625,1047500,0.0,0.0
2025-09-08 00:00:00-04:00,176.43487860739043,177.28842026032927,174.49952693624695,176.66314697265625,1136100,0.0,0.0
2025-09-09 00:00:00-04:00,176.18676993252035,176.18676993252035,172.74282957637183,173.3680877685547,764700,0.0,0.0
2025-09-10 00:00:00-04:00,173.8742597729217,176.52420525354748,173.62613736674862,174.3208770751953,882300,0.0,0.0
2025-09-11 00:00:00-04:00,174.4697416779237,177.26856964411778,174.4697416779237,176.7624053955078,1031800,0.0,0.0
2025-09-12 00:00:00-04:00,176.1172769018492,176.26615942871007,171.581607294251,171.68084716796875,1133100,0.0,0.0
2025-09-15 00:00:00-04:00,171.80989277368,172.55426004955044,170.40055921533485,170.648681640625,742900,0.0,0.0
2025-09-16 00:00:00-04:00,170.60897486711383,171.5617716509058,169.7554331118679,171.27395629882812,947300,0.0,0.0
2025-09-17 00:00:00-04:00,171.9389031149594,174.4895935024725,169.10038226377318,170.16233825683594,720400,0.0,0.0
2025-09-18 00:00:00-04:00,171.3831034697707,173.06041338154205,170.6288167965828,171.50221252441406,831400,0.0,0.0
2025-09-19 00:00:00-04:00,171.84958076433668,172.25650516473524,169.6065595560215,170.0531768798828,1492700,0.0,0.0
2025-09-22 00:00:00-04:00,169.0706155057379,169.66610020066702,168.2468472907721,168.96144104003906,855500,0.0,0.0
2025-09-23 00:00:00-04:00,170.0531700329598,170.96625867774503,167.22458366626634,167.820068359375,1133200,0.0,0.0
2025-09-24 00:00:00-04:00,167.80024550115877,168.47513124666108,165.78547742163542,166.03359985351562,1205900,0.0,0.0
2025-09-25 00:00:00-04:00,164.83268463849902,165.19990096675505,162.47055440029135,164.3463592529297,1377800,0.0,0.0
2025-09-26 00:00:00-04:00,165.21975921545064,166.98638964473338,164.33644400080928,166.7283477783203,849600,0.0,0.0
2025-09-29 00:00:00-04:00,167.71091111391112,167.7406845944141,164.9914989333641,165.38848876953125,1304000,0.0,0.0
2025-09-30 00:00:00-04:00,165.1701324770515,165.894645710749,163.3836480052988,165.57705688476562,1151300,0.0,0.0
2025-10-01 00:00:00-04:00,164.1577940906932,166.22217453138558,164.0784082397589,165.15028381347656,768700,0.0,0.0
2025-10-02 00:00:00-04:00,165.45797247881546,166.91691847506917,164.8227796461461,165.49766540527344,793400,0.0,0.0
2025-10-03 00:00:00-04:00,165.23959445187901,167.055852187675,165.09071192942352,165.3586883544922,832600,0.0,0.0
2025-10-06 00:00:00-04:00,166.4206704970048,166.49015204724984,163.9295267290115,165.26939392089844,791300,0.0,0.0
2025-10-07 00:00:00-04:00,166.04353568101595,166.0832286069685,162.98666548015825,163.3538818359375,825500,0.0,0.0
2025-10-08 00:00:00-04:00,164.16772689824367,164.75329219372392,162.49041686187553,163.51268005371094,697000,0.0,0.0
2025-10-09 00:00:00-04:00,164.16771330075213,164.2074062225008,160.83294753883766,161.08106994628906,831200,0.0,0.0
2025-10-10 00:00:00-04:00,161.9842488204782,162.82785596969362,159.19534007300373,160.23745727539062,1681900,0.0,0.0
2025-10-13 00:00:00-04:00,162.6194457507131,162.6194457507131,159.94964599609375,159.94964599609375,1187200,0.0,0.0
2025-10-14 00:00:00-04:00,157.9844927489529,162.4407766597227,157.77607840645635,161.32919311523438,1093800,0.0,0.0
2025-10-15 00:00:00-04:00,163.56229699156967,163.7508724477282,160.0687291908274,161.43836975097656,1048000,0.0,0.0
2025-10-16 00:00:00-04:00,162.29191039032725,165.120496781598,162.10333493540452,164.88230895996094,1945900,0.0,0.0
2025-10-17 00:00:00-04:00,164.1081699359709,165.33884741156993,163.49281605398116,165.24952697753906,2917400,0.0,0.0
2025-10-20 00:00:00-04:00,166.3908858172896,168.07813035845425,165.6762920489397,167.65135192871094,1165300,0.0,0.0
2025-10-21 00:00:00-04:00,167.0260763883213,172.3259826242498,167.0260763883213,171.7404022216797,1453300,0.0,0.0
2025-10-22 00:00:00-04:00,171.62131408005018,172.27636090510387,166.08321983441496,166.3511962890625,2069400,0.0,0.0
2025-10-23 00:00:00-04:00,171.22432121632755,179.99792621879254,168.7232430205902,179.85897827148438,2234500,0.0,0.0
2025-10-24 00:00:00-04:00,179.44214326006528,179.44214326006528,176.06766914707836,176.09744262695312,1575900,0.0,0.0
2025-10-27 00:00:00-04:00,178.06258116088665,178.66800048518186,175.95849269352783,176.62347412109375,1172300,0.0,0.0
2025-10-28 00:00:00-04:00,177.09983980247455,178.56872011333186,175.96840230797017,178.3603057861328,1125000,0.0,0.0
2025-10-29 00:00:00-04:00,178.82676956062204,180.32543855478505,178.0923369460209,179.44212341308594,1568100,0.0,0.0
2025-10-30 00:00:00-04:00,178.71762771212653,184.00758449109028,178.35039622473985,178.78709411621094,1223200,0.0,0.0
2025-10-31 00:00:00-04:00,177.75490698696893,181.49658216078112,177.75490698696893,180.09718322753906,1895600,0.0,0.0
2025-11-03 00:00:00-05:00,179.43219794204515,179.43219794204515,175.66074937096087,176.82196044921875,1122900,0.0,0.0
2025-11-04 00:00:00-05:00,175.9187969458795,177.17926308820645,175.07517465461223,176.9013671875,696400,0.0,0.0
2025-11-05 00:00:00-05:00,176.24630513367092,179.04511793304852,175.8691542392128,178.30075073242188,647200,0.0,0.0
2025-11-06 00:00:00-05:00,179.13446012261696,181.129358842065,175.968415755951,177.2288818359375,801900,0.0,0.0
2025-11-07 00:00:00-05:00,176.9013624763457,179.32302452598222,175.58134941104856,178.9756622314453,868800,0.0,0.0
2025-11-10 00:00:00-05:00,180.19642430683575,181.97298931901312,179.19401517955734,180.72244262695312,937700,0.0,0.0
2025-11-11 00:00:00-05:00,181.17899955922002,186.11167462863534,180.7323822186325,182.5883331298828,1468300,0.0,0.0
2025-11-12 00:00:00-05:00,182.00276370541314,184.48398792369312,181.94321674724497,182.24095153808594,1244500,0.0,0.0
2025-11-13 00:00:00-05:00,181.61569148947527,183.25329339923977,180.21627740996558,180.6033477783203,1214200,0.0,0.0
2025-11-14 00:00:00-05:00,179.62076281210747,182.90590095121925,179.35280152505098,181.74468994140625,957800,0.0,0.0
2025-11-17 00:00:00-05:00,181.04004540580493,181.49658217594768,178.6282876185183,178.69776916503906,2147600,0.0,0.0
2025-11-18 00:00:00-05:00,178.1915913352765,179.52153902241682,177.42738518184188,178.42979431152344,1603400,0.0,0.0
2025-11-19 00:00:00-05:00,178.35039473680757,179.98801181616193,177.8541498904925,178.2908477783203,1171300,0.0,0.0
2025-11-20 00:00:00-05:00,180.56363572706186,181.42711202525834,176.53413014944596,176.69293212890625,1383900,0.0,0.0
2025-11-21 00:00:00-05:00,177.34797448198205,182.92576135877533,176.98075816486917,182.2012481689453,994200,0.0,0.0
2025-11-24 00:00:00-05:00,182.09207688542827,182.6280146317731,180.29567304605936,181.66529846191406,1192500,0.0,0.0
2025-11-25 00:00:00-05:00,183.39224737137505,185.17873187791236,181.53629646012882,184.62294006347656,729600,0.0,0.0
2025-11-26 00:00:00-05:00,184.32518513161227,185.94294816098466,183.6999117852039,184.79165649414062,768000,0.0,0.0
2025-11-28 00:00:00-05:00,184.9707989296608,186.01581950837223,184.4034881591797,184.4034881591797,422500,0.52,0.0
2025-12-01 00:00:00-05:00,182.69162512892447,186.56322198933816,182.32338035801695,184.0153350830078,958900,0.0,0.0
2025-12-02 00:00:00-05:00,184.503022256833,187.11062288627963,182.81105234740804,186.59307861328125,1214200,0.0,0.0
2025-12-03 00:00:00-05:00,187.03101451622788,189.43956452195076,186.59309357216824,189.36990356445312,1005300,0.0,0.0
2025-12-04 00:00:00-05:00,189.25044126384688,190.63386490986946,187.42911190584164,189.73812866210938,896500,0.0,0.0
2025-12-05 00:00:00-05:00,189.08125512129806,190.26562800412094,188.68315348065696,190.18600463867188,770700,0.0,0.0
2025-12-08 00:00:00-05:00,190.16610876705914,191.68886955171504,189.37983753074943,190.37510681152344,949800,0.0,0.0
2025-12-09 00:00:00-05:00,189.42960345224435,191.17132468826725,188.55376162813099,189.1807861328125,1089500,0.0,0.0
2025-12-10 00:00:00-05:00,189.9371909975632,195.53061483257616,189.0514019213568,194.77420043945312,1043700,0.0,0.0
2025-12-11 00:00:00-05:00,195.4410286313881,200.76572548963932,194.99316048130257,200.3278045654297,1475700,0.0,0.0
2025-12-12 00:00:00-05:00,200.9349245905966,202.72641242338295,198.09840092313448,198.1780242919922,1272300,0.0,0.0
2025-12-15 00:00:00-05:00,199.44201855857517,201.15388300503,198.89461739489403,200.34771728515625,1191300,0.0,0.0
2025-12-16 00:00:00-05:00,200.41737760721543,201.27330982773793,194.50547543135104,195.67990112304688,1286900,0.0,0.0
2025-12-17 00:00:00-05:00,195.26189569441007,198.1581331401018,194.0675755148624,195.22207641601562,1077600,0.0,0.0
2025-12-18 00:00:00-05:00,196.49602306815768,197.87946206201403,194.54530362097174,195.14247131347656,1224100,0.0,0.0
2025-12-19 00:00:00-05:00,194.6249179225837,196.31687272369257,194.19694421935824,195.28179931640625,2534500,0.0,0.0
2025-12-22 00:00:00-05:00,195.3912659664718,198.75526569626402,195.3912659664718,198.566162109375,844400,0.0,0.0
2025-12-23 00:00:00-05:00,198.48654507799208,199.50172399511064,197.76996516858344,199.00408935546875,594900,0.0,0.0
2025-12-24 00:00:00-05:00,199.30267451647623,199.96950311568693,198.34720931983452,198.61593627929688,294900,0.0,0.0
2025-12-26 00:00:00-05:00,198.91451884977968,199.4519575787159,198.3273136195373,199.20314025878906,341900,0.0,0.0
2025-12-29 00:00:00-05:00,199.0538676733394,199.1036341775787,197.58087330480606,198.0884552001953,528100,0.0,0.0
2025-12-30 00:00:00-05:00,197.66048846469673,197.76996869483412,196.43629629499537,196.8443603515625,593400,0.0,0.0
2025-12-31 00:00:00-05:00,196.9239763331417,197.06331342203657,193.96802541688285,194.31637573242188,777200,0.0,0.0
2026-01-02 00:00:00-05:00,194.2566637922064,196.61546247069026,192.97277301711674,194.823974609375,1327200,0.0,0.0
2026-01-05 00:00:00-05:00,197.24246263057987,202.427822366899,196.99364530552165,201.31312561035156,1410100,0.0,0.0
2026-01-06 00:00:00-05:00,201.3131307211421,202.84583880030607,198.56617766333497,202.5373077392578,1409300,0.0,0.0
2026-01-07 00:00:00-05:00,202.48753625379214,203.27380750609092,198.17801835801296,198.43679809570312,1078900,0.0,0.0
2026-01-08 00:00:00-05:00,197.88938464635535,202.15908300028468,196.38653356238746,201.03443908691406,813700,0.0,0.0
2026-01-09 00:00:00-05:00,201.9301752446197,202.09936919281654,199.82020931816086,200.93490600585938,992400,0.0,0.0
2026-01-12 00:00:00-05:00,200.91500477903506,202.86573925076755,199.74059431770726,202.4775848388672,980500,0.0,0.0
2026-01-13 00:00:00-05:00,203.03494277729976,204.18945884179897,201.97995972017642,203.43304443359375,751500,0.0,0.0
2026-01-14 00:00:00-05:00,203.52262103753463,204.40841009146035,201.4823159711697,203.37332153320312,890500,0.0,0.0
2026-01-15 00:00:00-05:00,204.70698254479728,207.15535170741924,203.6619619280068,204.88613891601562,1148500,0.0,0.0
2026-01-16 00:00:00-05:00,204.9060413063658,206.61790565850143,204.5278341256417,205.63258361816406,1701300,0.0,0.0
2026-01-20 00:00:00-05:00,202.29843201829962,203.64205164506865,199.43206676731896,200.31785583496094,1411200,0.0,0.0
2026-01-21 00:00:00-05:00,202.28848520065765,208.75773564987915,201.6415662303772,207.56341552734375,1544200,0.0,0.0
2026-01-22 00:00:00-05:00,208.89707005611214,209.75300225045837,206.78710402723246,208.43923950195312,1166700,0.0,0.0
2026-01-23 00:00:00-05:00,207.9117436354592,207.9117436354592,205.2145724285434,205.73211669921875,1185300,0.0,0.0
2026-01-26 00:00:00-05:00,206.4984772756161,207.3444622846068,205.14491037319385,206.71743774414062,864700,0.0,0.0
2026-01-27 00:00:00-05:00,207.49374026396228,208.01128455433712,206.03069317202494,206.27951049804688,848100,0.0,0.0
2026-01-28 00:00:00-05:00,206.29942570643462,207.5733692351349,203.33352735242354,205.02548217773438,1392900,0.0,0.0
2026-01-29 00:00:00-05:00,207.553447004271,208.01127755084266,197.0334587112935,201.57188415527344,3182600,0.0,0.0
2026-01-30 00:00:00-05:00,199.4021978755472,204.60745173719263,198.90456325662805,200.53680419921875,2050600,0.0,0.0
2026-02-02 00:00:00-05:00,200.54677375835766,207.31460836668032,200.54677375835766,206.33924865722656,1827000,0.0,0.0
2026-02-03 00:00:00-05:00,206.57809640262894,210.8776671290672,206.41884966758948,210.65870666503906,1819200,0.0,0.0
2026-02-04 00:00:00-05:00,211.85302463350274,219.4369718694316,211.85302463350274,218.97915649414062,2155500,0.0,0.0
2026-02-05 00:00:00-05:00,218.40190191234848,218.84977006882596,214.83883592595976,216.52084350585938,1731800,0.0,0.0
2026-02-06 00:00:00-05:00,218.96918676122388,222.97017348135248,217.81468594912732,222.6019287109375,1209000,0.0,0.0
2026-02-09 00:00:00-05:00,221.89528605667036,224.16449883202816,221.04931626874549,223.92564392089844,1283800,0.0,0.0
2026-02-10 00:00:00-05:00,223.39815298655384,229.27023576157907,223.09956916026687,228.39439392089844,1392300,0.0,0.0
2026-02-11 00:00:00-05:00,229.7181041533086,232.7735881865653,229.06122277209582,231.96742248535156,1301400,0.0,0.0
2026-02-12 00:00:00-05:00,233.5001293062165,236.41626104348825,228.86217075867293,229.479248046875,2026100,0.0,0.0
2026-02-13 00:00:00-05:00,229.70815014882936,232.80343818054303,224.1943498982404,230.5342254638672,1780000,0.0,0.0
2026-02-17 00:00:00-05:00,228.34462471161385,232.90295985818113,228.34462471161385,232.1465606689453,1403800,0.0,0.0
2026-02-18 00:00:00-05:00,232.41529166522767,233.61955901620075,230.046545866653,230.9821014404297,1392800,0.0,0.0
2026-02-19 00:00:00-05:00,230.02664251362825,232.0868573147199,229.72807386414084,231.42002868652344,968200,0.0,0.0
2026-02-20 00:00:00-05:00,231.05175232570429,235.5702832645662,229.92710839029715,232.20626831054688,1421600,0.0,0.0
2026-02-23 00:00:00-05:00,231.71859781867147,232.89300826307786,227.49865066330844,229.6384735107422,1086000,0.0,0.0
2026-02-24 00:00:00-05:00,230.23564456135264,232.743727401343,228.82236400493855,230.25555419921875,1048600,0.0,0.0
2026-02-25 00:00:00-05:00,230.79300302663526,231.3901706959145,223.26876936406114,225.65740966796875,1292900,0.0,0.0
2026-02-26 00:00:00-05:00,226.60289892597842,227.7574149179613,223.15927577417912,226.06546020507812,890000,0.0,0.0
2026-02-27 00:00:00-05:00,224.05042001791298,225.0479730630124,221.4966714364392,224.94821166992188,1555200,0.52,0.0
2026-03-02 00:00:00-05:00,219.6412270057602,225.87593367507782,217.1573296104332,225.84600830078125,1272000,0.0,0.0
2026-03-03 00:00:00-05:00,218.92299608616568,221.22734116503202,216.68847180469913,220.2198028564453,1432500,0.0,0.0
2026-03-04 00:00:00-05:00,220.5988808264146,221.58646382545035,219.12250657470028,221.2971649169922,1111500,0.0,0.0
2026-03-05 00:00:00-05:00,219.50156835243828,220.19986767073266,213.07733944003374,215.052490234375,1625800,0.0,0.0
2026-03-06 00:00:00-05:00,211.2119018032415,211.2119018032415,206.37377867135797,207.91000366210938,1955500,0.0,0.0
2026-03-09 00:00:00-04:00,204.21905657284233,210.7430466613677,201.29621829333388,210.4836883544922,1334400,0.0,0.0
2026-03-10 00:00:00-04:00,210.98246991802884,213.635964682203,208.01973614401697,209.74549865722656,819100,0.0,0.0
2026-03-11 00:00:00-04:00,208.58834610002208,210.28418321842648,206.41367256447072,209.82530212402344,930200,0.0,0.0
2026-03-12 00:00:00-04:00,207.3513782685986,207.92996086608906,202.75265808400974,203.3013153076172,1255900,0.0,0.0
2026-03-13 00:00:00-04:00,204.8973886861538,205.96477774711926,201.47578905925994,203.4309844970703,709900,0.0,0.0
2026-03-16 00:00:00-04:00,206.0645341363342,208.2391924082411,205.00711515173933,206.91244506835938,915400,0.0,0.0
2026-03-17 00:00:00-04:00,210.80291610153034,215.18217334621704,207.95988384379203,213.2967987060547,1625800,0.0,0.0
2026-03-18 00:00:00-04:00,212.73815651738647,214.01502319499204,210.9525432674612,211.71067810058594,1056400,0.0,0.0
2026-03-19 00:00:00-04:00,208.7778747371052,212.4688332629112,207.24164971105412,210.97250366210938,1097000,0.0,0.0
2026-03-20 00:00:00-04:00,209.90511504159952,212.90774430084275,207.1917694750504,208.85768127441406,1922900,0.0,0.0
2026-03-23 00:00:00-04:00,214.44397306934997,215.56122757641663,211.56104546193959,211.77052307128906,1291900,0.0,0.0
2026-03-24 00:00:00-04:00,209.3963662177716,215.95028189867966,208.81778361711574,215.052490234375,900100,0.0,0.0
2026-03-25 00:00:00-04:00,217.42666594321076,218.24465151576726,211.23185490591052,214.63351440429688,939900,0.0,0.0
2026-03-26 00:00:00-04:00,212.74813717297633,214.82304928442326,208.57835762764472,208.6980743408203,919300,0.0,0.0
2026-03-27 00:00:00-04:00,208.48858840547726,209.6257982788309,205.31637699823617,206.09446716308594,942900,0.0,0.0
2026-03-30 00:00:00-04:00,207.80027785425372,208.12947219436833,201.1864961204415,202.31373596191406,813200,0.0,0.0
2026-03-31 00:00:00-04:00,205.53581969099233,209.85522613929965,204.06943074000512,207.93992614746094,860700,0.0,0.0
2026-04-01 00:00:00-04:00,209.56595145284433,211.3715200799765,206.483516109681,206.79275512695312,1178500,0.0,0.0
2026-04-02 00:00:00-04:00,201.50572238009167,207.74042913690144,200.13907952986364,204.87745666503906,918000,0.0,0.0
2026-04-06 00:00:00-04:00,203.72028779143028,207.02218599530363,203.63051166888764,206.97230529785156,652500,0.0,0.0
2026-04-07 00:00:00-04:00,206.19420937197074,207.37132986889222,204.50834230672007,207.0321502685547,785800,0.0,0.0
2026-04-08 00:00:00-04:00,214.69337056589424,217.0076857475137,213.00750346082896,216.15977478027344,1041900,0.0,0.0
2026-04-09 00:00:00-04:00,215.33179474241578,219.02273785903617,215.21209325130462,217.78578186035156,947700,0.0,0.0
2026-04-10 00:00:00-04:00,218.7035374284454,218.7035374284454,216.52886385169498,216.58871459960938,721000,0.0,0.0
2026-04-13 00:00:00-04:00,216.289460423766,218.82323848289204,213.5062788797469,218.7035369873047,969100,0.0,0.0
2026-04-14 00:00:00-04:00,218.7135089139392,219.76094267366688,216.38920845215642,217.9453887939453,788100,0.0,0.0
2026-04-15 00:00:00-04:00,217.1273986813441,217.1273986813441,211.52114023713193,214.9327850341797,994400,0.0,0.0
2026-04-16 00:00:00-04:00,215.0026078165102,217.8456400998087,213.2568899776483,213.64593505859375,793000,0.0,0.0
2026-04-17 00:00:00-04:00,215.4714556802089,221.59643070966789,215.11233597855048,218.53395080566406,2560100,0.0,0.0
2026-04-20 00:00:00-04:00,217.7857834574481,222.15505535100772,217.7857834574481,221.3570098876953,753500,0.0,0.0
2026-04-21 00:00:00-04:00,221.22734156243095,223.56161201886908,219.18235478965678,219.74098205566406,922800,0.0,0.0
2026-04-22 00:00:00-04:00,221.03780254073095,221.03780254073095,215.0724396745188,215.6410369873047,862600,0.0,0.0
2026-04-23 00:00:00-04:00,222.06528342247853,232.1405752413388,220.68865535282336,227.5917205810547,2386500,0.0,0.0
2026-04-24 00:00:00-04:00,228.26010344250656,229.96591068806302,223.10274061565514,224.22998046875,1122700,0.0,0.0
2026-04-27 00:00:00-04:00,225.42703385677362,227.42213995570964,222.58401679866074,225.67642211914062,935600,0.0,0.0
2026-04-28 00:00:00-04:00,225.54674812879108,225.7462556922321,222.04532722137824,223.59153747558594,1107200,0.0,0.0
2026-04-29 00:00:00-04:00,223.59153612181063,224.87837283644737,219.74098080705278,221.70616149902344,671900,0.0,0.0
2026-04-30 00:00:00-04:00,221.73608862077026,227.02312277961866,220.7784462259197,225.85598754882812,1313600,0.0,0.0
2026-05-01 00:00:00-04:00,226.3048921527828,226.55428042257907,222.93315787427264,225.2375030517578,763300,0.0,0.0
2026-05-04 00:00:00-04:00,224.17012015903,224.17012015903,218.43419018433906,220.31956481933594,1076600,0.0,0.0
2026-05-05 00:00:00-04:00,222.04533567754603,224.89833808561247,220.02030414967024,222.92318725585938,800300,0.0,0.0
2026-05-06 00:00:00-04:00,226.95329407198403,230.1654161835356,225.72630805466835,226.6240997314453,997700,0.0,0.0
2026-05-07 00:00:00-04:00,227.3822486729215,227.79124908380166,219.26216731120329,220.35946655273438,943600,0.0,0.0
2026-05-08 00:00:00-04:00,221.3470405403121,221.3470405403121,218.26460534019554,219.29208374023438,711700,0.0,0.0
2026-05-11 00:00:00-04:00,219.92055391477865,221.21736071331603,218.3144928821706,219.43174743652344,652100,0.0,0.0
2026-05-12 00:00:00-04:00,219.43175081656653,219.94049740437765,214.31429867815586,216.1797332763672,775400,0.0,0.0
2026-05-13 00:00:00-04:00,216.72837284981034,216.90794031619106,213.48632539712239,214.09483337402344,608800,0.0,0.0
2026-05-14 00:00:00-04:00,215.67097375809354,216.2894670208802,212.87782207806458,213.83547973632812,735400,0.0,0.0
2026-05-15 00:00:00-04:00,211.35155640648955,212.45884088289782,209.36643561089866,210.25425720214844,657800,0.0,0.0
2026-05-18 00:00:00-04:00,210.43381893023292,211.6009542058639,208.68810104231912,210.31411743164062,654100,0.0,0.0
2026-05-19 00:00:00-04:00,208.78786266519754,209.25671383046185,205.0969193138962,207.04214477539062,1112000,0.0,0.0
2026-05-20 00:00:00-04:00,207.98981773420212,210.5934318887977,205.21662138212892,210.4637451171875,718600,0.0,0.0
2026-05-21 00:00:00-04:00,209.1369860198416,209.44624024422748,205.6555356973758,207.2615966796875,912200,0.0,0.0
2026-05-22 00:00:00-04:00,208.71802432710575,210.3240853767633,206.7628288362325,209.38638305664062,566600,0.0,0.0
2026-05-26 00:00:00-04:00,211.62090728203296,215.42158203649552,211.44135503605133,214.8729248046875,924200,0.0,0.0
2026-05-27 00:00:00-04:00,215.20211089140108,215.87046959490056,211.88025747505802,212.84788513183594,661200,0.0,0.0
2026-05-28 00:00:00-04:00,211.44134824164877,212.4787967018153,208.78785351231815,211.989990234375,645400,0.0,0.0
2026-05-29 00:00:00-04:00,211.99000549316406,213.27000427246094,209.8699951171875,211.36000061035156,1303100,0.52,0.0
2026-06-01 00:00:00-04:00,208.2100067138672,208.3699951171875,204.52000427246094,207.5399932861328,673600,0.0,0.0
2026-06-02 00:00:00-04:00,208.5800018310547,212.50999450683594,208.5800018310547,211.83999633789062,519500,0.0,0.0
2026-06-03 00:00:00-04:00,210.19000244140625,217.24000549316406,210.19000244140625,213.50999450683594,842200,0.0,0.0
2026-06-04 00:00:00-04:00,216.72999572753906,216.72999572753906,212.05999755859375,213.47000122070312,1136800,0.0,0.0
2026-06-05 00:00:00-04:00,213.60000610351562,215.7100067138672,212.3000030517578,214.75999450683594,778300,0.0,0.0
2026-06-08 00:00:00-04:00,214.77000427246094,217.9600067138672,214.0399932861328,216.19000244140625,804100,0.0,0.0
2026-06-09 00:00:00-04:00,218.11000061035156,222.74000549316406,217.6300048828125,220.97000122070312,775700,0.0,0.0
2026-06-10 00:00:00-04:00,220.86000061035156,223.38999938964844,213.3300018310547,213.75999450683594,802900,0.0,0.0
2026-06-11 00:00:00-04:00,215.63999938964844,220.2899932861328,214.47000122070312,218.52999877929688,1019500,0.0,0.0
2026-06-12 00:00:00-04:00,220.77999877929688,221.3300018310547,216.2899932861328,217.42999267578125,1301500,0.0,0.0
2026-06-15 00:00:00-04:00,221.72000122070312,223.47999572753906,219.91000366210938,220.6699981689453,811000,0.0,0.0
2026-06-16 00:00:00-04:00,222.25999450683594,225.5800018310547,222.1199951171875,222.6300048828125,726900,0.0,0.0
2026-06-17 00:00:00-04:00,222.94000244140625,228.0500030517578,220.10000610351562,220.7899932861328,1271600,0.0,0.0
2026-06-18 00:00:00-04:00,223.27000427246094,226.22000122070312,222.27999877929688,223.57000732421875,2560900,0.0,0.0
2026-06-22 00:00:00-04:00,223.85000610351562,229.4600067138672,222.99000549316406,229.39999389648438,1164100,0.0,0.0
2026-06-23 00:00:00-04:00,225.25,227.13999938964844,221.85000610351562,223.5399932861328,1033800,0.0,0.0
2026-06-24 00:00:00-04:00,224.3300018310547,226.74000549316406,223.33999633789062,224.30999755859375,1039600,0.0,0.0
2026-06-25 00:00:00-04:00,227.22000122070312,233.64999389648438,224.58999633789062,230.72999572753906,681700,0.0,0.0
2026-06-26 00:00:00-04:00,229.58999633789062,229.58999633789062,224.3800048828125,225.9600067138672,1733700,0.0,0.0
2026-06-29 00:00:00-04:00,224.7899932861328,226.5,222.41000366210938,224.0,964400,0.0,0.0
2026-06-30 00:00:00-04:00,225.5800018310547,226.22000122070312,223.2899932861328,224.27999877929688,960200,0.0,0.0
2026-07-01 00:00:00-04:00,222.92999267578125,223.50999450683594,217.13999938964844,217.1699981689453,1389300,0.0,0.0
2026-07-02 00:00:00-04:00,217.97000122070312,218.25,211.8300018310547,213.7100067138672,1136800,0.0,0.0
2026-07-06 00:00:00-04:00,213.05999755859375,215.5,210.2100067138672,214.74000549316406,1632600,0.0,0.0
2026-07-07 00:00:00-04:00,213.0399932861328,214.69000244140625,210.4199981689453,214.0500030517578,1542600,0.0,0.0
2026-07-08 00:00:00-04:00,213.07000732421875,213.11000061035156,208.8300018310547,211.47000122070312,907600,0.0,0.0
2026-07-09 00:00:00-04:00,214.0,214.60000610351562,210.2899932861328,211.57000732421875,1136400,0.0,0.0
2026-07-10 00:00:00-04:00,212.82000732421875,217.55999755859375,212.11000061035156,215.3300018310547,1048600,0.0,0.0
2026-07-13 00:00:00-04:00,215.3300018310547,217.50999450683594,213.36000061035156,214.27000427246094,726800,0.0,0.0
2026-07-14 00:00:00-04:00,217.41000366210938,217.80999755859375,213.05999755859375,214.14999389648438,602600,0.0,0.0
2026-07-15 00:00:00-04:00,214.0,215.82000732421875,208.88999938964844,212.25999450683594,997800,0.0,0.0
2026-07-16 00:00:00-04:00,212.02999877929688,217.99000549316406,211.94000244140625,217.50999450683594,848200,0.0,0.0
2026-07-17 00:00:00-04:00,214.22999572753906,218.67999267578125,213.4199981689453,214.17999267578125,851200,0.0,0.0
2026-07-20 00:00:00-04:00,214.67999267578125,215.75999450683594,208.97000122070312,209.6300048828125,828500,0.0,0.0
2026-07-21 00:00:00-04:00,211.72999572753906,213.8300018310547,208.2100067138672,211.4199981689453,745100,0.0,0.0
2026-07-22 00:00:00-04:00,212.17999267578125,215.0800018310547,210.82000732421875,214.52999877929688,1131000,0.0,0.0
2026-07-23 00:00:00-04:00,201.4600067138672,203.0,193.75,197.8000030517578,4096300,0.0,0.0
2026-07-24 00:00:00-04:00,200.75,204.94000244140625,200.0,202.1999969482422,2321900,0.0,0.0
2026-07-27 00:00:00-04:00,202.64999389648438,205.97000122070312,201.99000549316406,205.85000610351562,1354900,0.0,0.0
2026-07-28 00:00:00-04:00,206.0,206.77999877929688,201.5399932861328,203.0800018310547,1482000,0.0,0.0
2026-07-29 00:00:00-04:00,201.0800018310547,201.5800018310547,197.2100067138672,197.99000549316406,1085700,0.0,0.0
2026-07-30 00:00:00-04:00,200.75999450683594,204.47999572753906,199.75010681152344,204.05999755859375,1113694,0.0,0.0
