Date,Open,High,Low,Close,Volume,Dividends,Stock Splits
2022-01-03 00:00:00-05:00,28.139999389648438,28.170000076293945,25.6299991607666,27.15999984741211,1297000,0.0,0.0
2022-01-04 00:00:00-05:00,27.84000015258789,27.84000015258789,24.200000762939453,24.270000457763672,1687800,0.0,0.0
2022-01-05 00:00:00-05:00,24.5,24.764999389648438,21.21500015258789,21.34000015258789,1861600,0.0,0.0
2022-01-06 00:00:00-05:00,21.399999618530273,22.0,20.239999771118164,21.059999465942383,1673600,0.0,0.0
2022-01-07 00:00:00-05:00,21.0,21.549999237060547,19.5,19.780000686645508,2037400,0.0,0.0
2022-01-10 00:00:00-05:00,19.5,19.540000915527344,18.459999084472656,19.329999923706055,1435200,0.0,0.0
2022-01-11 00:00:00-05:00,18.579999923706055,20.454999923706055,18.31999969482422,20.229999542236328,1892900,0.0,0.0
2022-01-12 00:00:00-05:00,20.399999618530273,21.639999389648438,19.959999084472656,19.979999542236328,1253500,0.0,0.0
2022-01-13 00:00:00-05:00,20.0,20.165000915527344,18.59000015258789,18.700000762939453,786100,0.0,0.0
2022-01-14 00:00:00-05:00,18.65999984741211,19.399999618530273,18.09000015258789,19.079999923706055,1289900,0.0,0.0
2022-01-18 00:00:00-05:00,18.450000762939453,18.559999465942383,17.309999465942383,17.3799991607666,1255500,0.0,0.0
2022-01-19 00:00:00-05:00,17.40999984741211,17.860000610351562,17.0,17.110000610351562,984100,0.0,0.0
2022-01-20 00:00:00-05:00,17.530000686645508,18.229000091552734,16.690000534057617,16.709999084472656,953300,0.0,0.0
2022-01-21 00:00:00-05:00,16.489999771118164,16.90999984741211,15.729999542236328,16.149999618530273,1329500,0.0,0.0
2022-01-24 00:00:00-05:00,15.5,16.139999389648438,14.385000228881836,15.989999771118164,2558300,0.0,0.0
2022-01-25 00:00:00-05:00,15.430000305175781,16.148000717163086,14.420000076293945,14.6899995803833,1449000,0.0,0.0
2022-01-26 00:00:00-05:00,15.300000190734863,15.789999961853027,14.430000305175781,14.65999984741211,1281900,0.0,0.0
2022-01-27 00:00:00-05:00,14.949999809265137,14.960000038146973,13.5,13.680000305175781,1511500,0.0,0.0
2022-01-28 00:00:00-05:00,13.720000267028809,14.899999618530273,13.229999542236328,14.829999923706055,1797600,0.0,0.0
2022-01-31 00:00:00-05:00,14.899999618530273,16.459999084472656,14.800000190734863,16.110000610351562,1326700,0.0,0.0
2022-02-01 00:00:00-05:00,16.299999237060547,16.780000686645508,15.600000381469727,16.670000076293945,906900,0.0,0.0
2022-02-02 00:00:00-05:00,16.84000015258789,16.84000015258789,15.600000381469727,15.6899995803833,939400,0.0,0.0
2022-02-03 00:00:00-05:00,15.149999618530273,15.71500015258789,14.6899995803833,14.869999885559082,456300,0.0,0.0
2022-02-04 00:00:00-05:00,14.65999984741211,15.59000015258789,14.5600004196167,15.390000343322754,880300,0.0,0.0
2022-02-07 00:00:00-05:00,15.619999885559082,15.970000267028809,15.130000114440918,15.390000343322754,602700,0.0,0.0
2022-02-08 00:00:00-05:00,15.369999885559082,16.18000030517578,15.270000457763672,15.970000267028809,779700,0.0,0.0
2022-02-09 00:00:00-05:00,16.350000381469727,16.989999771118164,16.31999969482422,16.6299991607666,1277000,0.0,0.0
2022-02-10 00:00:00-05:00,16.290000915527344,17.0,15.770000457763672,15.960000038146973,1004300,0.0,0.0
2022-02-11 00:00:00-05:00,15.970000267028809,16.290000915527344,14.699999809265137,15.010000228881836,917600,0.0,0.0
2022-02-14 00:00:00-05:00,15.0,15.649999618530273,14.850000381469727,14.9399995803833,611200,0.0,0.0
2022-02-15 00:00:00-05:00,15.300000190734863,16.018999099731445,15.300000190734863,15.859999656677246,821000,0.0,0.0
2022-02-16 00:00:00-05:00,15.5600004196167,16.209999084472656,15.239999771118164,15.8100004196167,662300,0.0,0.0
2022-02-17 00:00:00-05:00,15.5600004196167,15.890000343322754,14.430999755859375,14.609999656677246,715900,0.0,0.0
2022-02-18 00:00:00-05:00,14.600000381469727,14.859999656677246,14.265000343322754,14.479999542236328,819200,0.0,0.0
2022-02-22 00:00:00-05:00,14.229999542236328,14.649999618530273,13.670000076293945,13.760000228881836,721400,0.0,0.0
2022-02-23 00:00:00-05:00,13.960000038146973,14.369999885559082,13.5600004196167,13.6899995803833,916800,0.0,0.0
2022-02-24 00:00:00-05:00,12.979999542236328,15.420000076293945,12.850000381469727,15.350000381469727,1598900,0.0,0.0
2022-02-25 00:00:00-05:00,15.300000190734863,15.90999984741211,14.510000228881836,15.850000381469727,1233300,0.0,0.0
2022-02-28 00:00:00-05:00,15.609999656677246,17.0,15.609999656677246,16.65999984741211,1283500,0.0,0.0
2022-03-01 00:00:00-05:00,16.549999237060547,16.809999465942383,16.18000030517578,16.290000915527344,938400,0.0,0.0
2022-03-02 00:00:00-05:00,16.309999465942383,16.760000228881836,16.030000686645508,16.440000534057617,734700,0.0,0.0
2022-03-03 00:00:00-05:00,16.559999465942383,16.69499969482422,15.739999771118164,16.020000457763672,913900,0.0,0.0
2022-03-04 00:00:00-05:00,15.449999809265137,15.880000114440918,12.5,13.359999656677246,4031800,0.0,0.0
2022-03-07 00:00:00-05:00,13.640000343322754,13.84000015258789,12.510000228881836,13.199999809265137,1581400,0.0,0.0
2022-03-08 00:00:00-05:00,13.319999694824219,15.0649995803833,13.119999885559082,14.5600004196167,2092900,0.0,0.0
2022-03-09 00:00:00-05:00,14.949999809265137,15.260000228881836,14.375,14.739999771118164,640300,0.0,0.0
2022-03-10 00:00:00-05:00,14.270000457763672,14.609999656677246,13.890000343322754,14.260000228881836,623100,0.0,0.0
2022-03-11 00:00:00-05:00,14.960000038146973,14.979999542236328,13.869999885559082,13.920000076293945,742200,0.0,0.0
2022-03-14 00:00:00-04:00,14.164999961853027,14.164999961853027,12.5600004196167,12.670000076293945,1304000,0.0,0.0
2022-03-15 00:00:00-04:00,12.729999542236328,12.9399995803833,12.279999732971191,12.920000076293945,619800,0.0,0.0
2022-03-16 00:00:00-04:00,13.229999542236328,14.180000305175781,13.170000076293945,13.930000305175781,872800,0.0,0.0
2022-03-17 00:00:00-04:00,13.899999618530273,14.630000114440918,13.640000343322754,14.520000457763672,925700,0.0,0.0
2022-03-18 00:00:00-04:00,14.479999542236328,15.550000190734863,14.430000305175781,15.470000267028809,1264600,0.0,0.0
2022-03-21 00:00:00-04:00,15.470000267028809,15.800000190734863,14.75,15.279999732971191,1603700,0.0,0.0
2022-03-22 00:00:00-04:00,15.270000457763672,15.59000015258789,15.0,15.15999984741211,914800,0.0,0.0
2022-03-23 00:00:00-04:00,15.020000457763672,15.020000457763672,13.979999542236328,14.25,1067900,0.0,0.0
2022-03-24 00:00:00-04:00,14.59000015258789,15.15999984741211,13.880000114440918,14.479999542236328,1086100,0.0,0.0
2022-03-25 00:00:00-04:00,14.420000076293945,14.539999961853027,13.920000076293945,14.149999618530273,727800,0.0,0.0
2022-03-28 00:00:00-04:00,14.149999618530273,14.479999542236328,13.359999656677246,13.770000457763672,800600,0.0,0.0
2022-03-29 00:00:00-04:00,14.130000114440918,14.847999572753906,13.960000038146973,14.649999618530273,1730900,0.0,0.0
2022-03-30 00:00:00-04:00,14.520000457763672,15.579999923706055,14.470000267028809,14.710000038146973,1487900,0.0,0.0
2022-03-31 00:00:00-04:00,14.630000114440918,14.90999984741211,14.239999771118164,14.270000457763672,627000,0.0,0.0
2022-04-01 00:00:00-04:00,14.699999809265137,15.069999694824219,14.25,14.739999771118164,1170900,0.0,0.0
2022-04-04 00:00:00-04:00,14.899999618530273,14.920000076293945,14.199999809265137,14.699999809265137,3252700,0.0,0.0
2022-04-05 00:00:00-04:00,14.779999732971191,14.9399995803833,13.529999732971191,13.75,1205100,0.0,0.0
2022-04-06 00:00:00-04:00,13.550000190734863,13.649999618530273,12.720000267028809,12.9399995803833,1122700,0.0,0.0
2022-04-07 00:00:00-04:00,12.880000114440918,13.079999923706055,12.119999885559082,12.420000076293945,1020200,0.0,0.0
2022-04-08 00:00:00-04:00,12.329999923706055,12.430000305175781,11.8100004196167,12.0,1306700,0.0,0.0
2022-04-11 00:00:00-04:00,12.199999809265137,12.199999809265137,11.520000457763672,11.600000381469727,858100,0.0,0.0
2022-04-12 00:00:00-04:00,11.829999923706055,12.079999923706055,11.289999961853027,11.390000343322754,1150100,0.0,0.0
2022-04-13 00:00:00-04:00,11.260000228881836,11.869999885559082,11.220000267028809,11.710000038146973,786800,0.0,0.0
2022-04-14 00:00:00-04:00,11.789999961853027,11.789999961853027,11.140000343322754,11.180000305175781,695000,0.0,0.0
2022-04-18 00:00:00-04:00,11.149999618530273,11.279999732971191,10.699999809265137,10.90999984741211,871400,0.0,0.0
2022-04-19 00:00:00-04:00,10.890000343322754,11.460000038146973,10.850000381469727,11.15999984741211,796800,0.0,0.0
2022-04-20 00:00:00-04:00,11.270000457763672,11.295000076293945,10.710000038146973,10.779999732971191,714100,0.0,0.0
2022-04-21 00:00:00-04:00,10.989999771118164,11.15999984741211,9.90999984741211,9.960000038146973,1443600,0.0,0.0
2022-04-22 00:00:00-04:00,9.899999618530273,10.154000282287598,9.520000457763672,9.819999694824219,942900,0.0,0.0
2022-04-25 00:00:00-04:00,9.630000114440918,10.079999923706055,9.600000381469727,9.920000076293945,1030200,0.0,0.0
2022-04-26 00:00:00-04:00,9.75,9.859999656677246,9.130000114440918,9.149999618530273,887900,0.0,0.0
2022-04-27 00:00:00-04:00,9.100000381469727,9.539999961853027,9.0600004196167,9.220000267028809,638200,0.0,0.0
2022-04-28 00:00:00-04:00,9.300000190734863,9.609999656677246,8.819999694824219,9.460000038146973,839400,0.0,0.0
2022-04-29 00:00:00-04:00,9.319999694824219,9.59000015258789,8.989999771118164,9.039999961853027,642700,0.0,0.0
2022-05-02 00:00:00-04:00,9.010000228881836,9.145000457763672,8.760000228881836,8.930000305175781,2011900,0.0,0.0
2022-05-03 00:00:00-04:00,9.1899995803833,12.1899995803833,9.1899995803833,10.680000305175781,17675400,0.0,0.0
2022-05-04 00:00:00-04:00,10.680000305175781,11.140000343322754,9.949999809265137,11.020000457763672,2641800,0.0,0.0
2022-05-05 00:00:00-04:00,10.9399995803833,11.036999702453613,10.359999656677246,10.390000343322754,2176700,0.0,0.0
2022-05-06 00:00:00-04:00,10.131999969482422,10.550000190734863,9.819999694824219,10.34000015258789,1916100,0.0,0.0
2022-05-09 00:00:00-04:00,10.0,10.079999923706055,8.824999809265137,9.020000457763672,2210900,0.0,0.0
2022-05-10 00:00:00-04:00,9.25,9.449999809265137,7.900000095367432,7.96999979019165,2536700,0.0,0.0
2022-05-11 00:00:00-04:00,7.889999866485596,8.270000457763672,7.489999771118164,7.510000228881836,1775200,0.0,0.0
2022-05-12 00:00:00-04:00,8.270000457763672,9.289999961853027,7.260000228881836,8.229999542236328,3136200,0.0,0.0
2022-05-13 00:00:00-04:00,8.569999694824219,9.187999725341797,8.496999740600586,8.779999732971191,1923600,0.0,0.0
2022-05-16 00:00:00-04:00,8.729999542236328,8.739999771118164,8.100000381469727,8.220000267028809,2650800,0.0,0.0
2022-05-17 00:00:00-04:00,8.739999771118164,9.170000076293945,8.520000457763672,9.050000190734863,1991600,0.0,0.0
2022-05-18 00:00:00-04:00,9.100000381469727,10.25,8.979999542236328,9.180000305175781,4649900,0.0,0.0
2022-05-19 00:00:00-04:00,9.119999885559082,9.880000114440918,9.069999694824219,9.739999771118164,3278200,0.0,0.0
2022-05-20 00:00:00-04:00,9.850000381469727,10.029999732971191,8.880000114440918,9.3100004196167,2028300,0.0,0.0
2022-05-23 00:00:00-04:00,9.4399995803833,9.4399995803833,8.9399995803833,9.229999542236328,1339300,0.0,0.0
2022-05-24 00:00:00-04:00,9.229999542236328,9.539999961853027,8.960000038146973,9.460000038146973,1617300,0.0,0.0
2022-05-25 00:00:00-04:00,9.319999694824219,10.020000457763672,9.300000190734863,9.920000076293945,1564000,0.0,0.0
2022-05-26 00:00:00-04:00,10.0,11.055000305175781,9.829999923706055,10.850000381469727,2066900,0.0,0.0
2022-05-27 00:00:00-04:00,10.970000267028809,12.295000076293945,10.960000038146973,12.279999732971191,2223900,0.0,0.0
2022-05-31 00:00:00-04:00,12.170000076293945,12.579999923706055,11.5,12.029999732971191,2944200,0.0,0.0
2022-06-01 00:00:00-04:00,12.109999656677246,12.470000267028809,11.619999885559082,12.100000381469727,2300100,0.0,0.0
2022-06-02 00:00:00-04:00,12.029999732971191,13.125,12.0,12.890000343322754,1941700,0.0,0.0
2022-06-03 00:00:00-04:00,12.619999885559082,12.899999618530273,12.390000343322754,12.75,1257000,0.0,0.0
2022-06-06 00:00:00-04:00,13.260000228881836,14.21500015258789,13.194999694824219,13.40999984741211,3591800,0.0,0.0
2022-06-07 00:00:00-04:00,13.100000381469727,13.670000076293945,12.670000076293945,13.369999885559082,2090700,0.0,0.0
2022-06-08 00:00:00-04:00,13.220000267028809,14.020000457763672,13.119999885559082,13.489999771118164,1421000,0.0,0.0
2022-06-09 00:00:00-04:00,13.319999694824219,13.579999923706055,12.430000305175781,12.520000457763672,1586300,0.0,0.0
2022-06-10 00:00:00-04:00,12.140000343322754,12.420000076293945,11.520000457763672,11.649999618530273,1324700,0.0,0.0
2022-06-13 00:00:00-04:00,11.09000015258789,11.425000190734863,10.779999732971191,11.3100004196167,2310700,0.0,0.0
2022-06-14 00:00:00-04:00,11.479999542236328,11.619999885559082,10.515000343322754,10.710000038146973,2442600,0.0,0.0
2022-06-15 00:00:00-04:00,10.869999885559082,11.460000038146973,10.835000038146973,11.039999961853027,4367000,0.0,0.0
2022-06-16 00:00:00-04:00,10.680000305175781,11.020000457763672,10.399999618530273,10.779999732971191,3224200,0.0,0.0
2022-06-17 00:00:00-04:00,10.770000457763672,11.390000343322754,10.770000457763672,11.119999885559082,5319400,0.0,0.0
2022-06-21 00:00:00-04:00,11.420000076293945,11.979999542236328,11.029999732971191,11.149999618530273,3655200,0.0,0.0
2022-06-22 00:00:00-04:00,10.920000076293945,11.350000381469727,10.779999732971191,11.069999694824219,3516200,0.0,0.0
2022-06-23 00:00:00-04:00,11.069999694824219,11.34000015258789,10.800000190734863,10.899999618530273,3161400,0.0,0.0
2022-06-24 00:00:00-04:00,11.069999694824219,11.130000114440918,10.279999732971191,10.399999618530273,17146800,0.0,0.0
2022-06-27 00:00:00-04:00,10.489999771118164,10.657999992370605,10.050000190734863,10.279999732971191,1682900,0.0,0.0
2022-06-28 00:00:00-04:00,10.289999961853027,10.510000228881836,9.670000076293945,9.710000038146973,1753100,0.0,0.0
2022-06-29 00:00:00-04:00,9.609999656677246,9.609999656677246,8.760000228881836,8.890000343322754,2072000,0.0,0.0
2022-06-30 00:00:00-04:00,8.779999732971191,9.125,8.680000305175781,8.90999984741211,2414600,0.0,0.0
2022-07-01 00:00:00-04:00,8.979999542236328,9.25,8.65999984741211,8.720000267028809,1863300,0.0,0.0
2022-07-05 00:00:00-04:00,8.510000228881836,8.710000038146973,8.164999961853027,8.680000305175781,2540900,0.0,0.0
2022-07-06 00:00:00-04:00,8.670000076293945,8.949999809265137,8.371000289916992,8.680000305175781,1561200,0.0,0.0
2022-07-07 00:00:00-04:00,8.75,9.375,8.710000038146973,9.289999961853027,2344200,0.0,0.0
2022-07-08 00:00:00-04:00,9.130000114440918,9.550000190734863,8.989999771118164,9.300000190734863,1531500,0.0,0.0
2022-07-11 00:00:00-04:00,9.119999885559082,9.239999771118164,8.529999732971191,8.579999923706055,1754600,0.0,0.0
2022-07-12 00:00:00-04:00,8.569999694824219,8.8100004196167,8.170000076293945,8.800000190734863,2167000,0.0,0.0
2022-07-13 00:00:00-04:00,8.5600004196167,9.510000228881836,8.454999923706055,9.260000228881836,2933400,0.0,0.0
2022-07-14 00:00:00-04:00,9.079999923706055,9.630000114440918,8.956999778747559,9.609999656677246,1632300,0.0,0.0
2022-07-15 00:00:00-04:00,9.699999809265137,9.989999771118164,9.1899995803833,9.930000305175781,1880100,0.0,0.0
2022-07-18 00:00:00-04:00,10.34000015258789,10.850000381469727,10.0600004196167,10.40999984741211,1916200,0.0,0.0
2022-07-19 00:00:00-04:00,10.510000228881836,11.229999542236328,10.5,11.170000076293945,1618100,0.0,0.0
2022-07-20 00:00:00-04:00,11.25,11.645000457763672,9.960000038146973,11.510000228881836,3600200,0.0,0.0
2022-07-21 00:00:00-04:00,11.470000267028809,11.569999694824219,10.9399995803833,11.34000015258789,1112200,0.0,0.0
2022-07-22 00:00:00-04:00,11.420000076293945,11.529999732971191,10.670000076293945,10.779999732971191,1082600,0.0,0.0
2022-07-25 00:00:00-04:00,10.760000228881836,10.859999656677246,10.470000267028809,10.670000076293945,688400,0.0,0.0
2022-07-26 00:00:00-04:00,10.550000190734863,10.600000381469727,10.09000015258789,10.180000305175781,1063300,0.0,0.0
2022-07-27 00:00:00-04:00,10.420000076293945,11.09000015258789,10.279999732971191,10.979999542236328,1612600,0.0,0.0
2022-07-28 00:00:00-04:00,11.350000381469727,11.880000114440918,11.130000114440918,11.859999656677246,1666900,0.0,0.0
2022-07-29 00:00:00-04:00,12.079999923706055,13.449000358581543,11.739999771118164,13.319999694824219,3677700,0.0,0.0
2022-08-01 00:00:00-04:00,13.300000190734863,13.600000381469727,12.850000381469727,13.5,2367900,0.0,0.0
2022-08-02 00:00:00-04:00,13.260000228881836,13.859999656677246,13.229999542236328,13.329999923706055,1904600,0.0,0.0
2022-08-03 00:00:00-04:00,13.40999984741211,13.819999694824219,13.210000038146973,13.510000228881836,1898000,0.0,0.0
2022-08-04 00:00:00-04:00,13.600000381469727,13.930000305175781,13.484999656677246,13.880000114440918,1271000,0.0,0.0
2022-08-05 00:00:00-04:00,13.965999603271484,14.649999618530273,13.800000190734863,14.40999984741211,3202600,0.0,0.0
2022-08-08 00:00:00-04:00,14.680000305175781,14.989999771118164,13.350000381469727,13.699999809265137,2592300,0.0,0.0
2022-08-09 00:00:00-04:00,14.600000381469727,15.100000381469727,14.225000381469727,14.40999984741211,4300100,0.0,0.0
2022-08-10 00:00:00-04:00,15.079999923706055,16.329999923706055,14.399999618530273,16.149999618530273,5246900,0.0,0.0
2022-08-11 00:00:00-04:00,20.040000915527344,21.889999389648438,18.420000076293945,21.1299991607666,15467600,0.0,0.0
2022-08-12 00:00:00-04:00,21.280000686645508,23.1200008392334,19.969999313354492,22.75,7186900,0.0,0.0
2022-08-15 00:00:00-04:00,22.979999542236328,25.076000213623047,22.270000457763672,24.829999923706055,6913900,0.0,0.0
2022-08-16 00:00:00-04:00,24.829999923706055,26.09000015258789,24.135000228881836,24.959999084472656,5244700,0.0,0.0
2022-08-17 00:00:00-04:00,24.329999923706055,25.0,20.510000228881836,21.40999984741211,7867900,0.0,0.0
2022-08-18 00:00:00-04:00,21.399999618530273,21.726999282836914,19.25,20.010000228881836,5702800,0.0,0.0
2022-08-19 00:00:00-04:00,19.225000381469727,19.552000045776367,18.0,19.059999465942383,4099900,0.0,0.0
2022-08-22 00:00:00-04:00,19.408000946044922,21.770000457763672,18.700000762939453,20.729999542236328,9397200,0.0,0.0
2022-08-23 00:00:00-04:00,21.559999465942383,21.700000762939453,20.200000762939453,21.329999923706055,5975600,0.0,0.0
2022-08-24 00:00:00-04:00,22.24799919128418,24.8700008392334,21.672000885009766,24.610000610351562,11691800,0.0,0.0
2022-08-25 00:00:00-04:00,25.25,26.170000076293945,23.549999237060547,24.190000534057617,12127600,0.0,0.0
2022-08-26 00:00:00-04:00,24.6200008392334,24.84000015258789,21.90999984741211,22.510000228881836,6904800,0.0,0.0
2022-08-29 00:00:00-04:00,22.0,23.65999984741211,21.329999923706055,22.43000030517578,4614400,0.0,0.0
2022-08-30 00:00:00-04:00,22.799999237060547,23.30500030517578,21.450000762939453,23.290000915527344,4865700,0.0,0.0
2022-08-31 00:00:00-04:00,23.209999084472656,23.43000030517578,21.670000076293945,22.1200008392334,4681500,0.0,0.0
2022-09-01 00:00:00-04:00,21.549999237060547,21.600000381469727,18.75,19.920000076293945,7054700,0.0,0.0
2022-09-02 00:00:00-04:00,20.149999618530273,20.34000015258789,19.020000457763672,19.43000030517578,3709800,0.0,0.0
2022-09-06 00:00:00-04:00,19.649999618530273,19.700000762939453,18.329999923706055,18.959999084472656,4434500,0.0,0.0
2022-09-07 00:00:00-04:00,18.959999084472656,20.290000915527344,18.799999237060547,20.079999923706055,4781900,0.0,0.0
2022-09-08 00:00:00-04:00,21.06999969482422,21.280000686645508,18.809999465942383,19.420000076293945,4213600,0.0,0.0
2022-09-09 00:00:00-04:00,19.489999771118164,21.389999389648438,19.399999618530273,21.059999465942383,3933500,0.0,0.0
2022-09-12 00:00:00-04:00,21.149999618530273,22.299999237060547,20.420000076293945,22.260000228881836,3660900,0.0,0.0
2022-09-13 00:00:00-04:00,20.459999084472656,21.972999572753906,20.09000015258789,21.719999313354492,4474000,0.0,0.0
2022-09-14 00:00:00-04:00,21.489999771118164,24.34000015258789,20.8700008392334,23.799999237060547,6938500,0.0,0.0
2022-09-15 00:00:00-04:00,23.559999465942383,26.299999237060547,23.190000534057617,24.479999542236328,9295800,0.0,0.0
2022-09-16 00:00:00-04:00,23.670000076293945,23.780000686645508,21.3799991607666,21.739999771118164,6793800,0.0,0.0
2022-09-19 00:00:00-04:00,21.149999618530273,22.989999771118164,20.950000762939453,22.790000915527344,3617900,0.0,0.0
2022-09-20 00:00:00-04:00,22.93000030517578,23.75,21.76099967956543,22.219999313354492,4934100,0.0,0.0
2022-09-21 00:00:00-04:00,22.25,23.211000442504883,21.200000762939453,21.8799991607666,3956500,0.0,0.0
2022-09-22 00:00:00-04:00,21.739999771118164,21.790000915527344,18.84000015258789,19.790000915527344,6686900,0.0,0.0
2022-09-23 00:00:00-04:00,18.829999923706055,19.229999542236328,17.889999389648438,18.520000457763672,5172500,0.0,0.0
2022-09-26 00:00:00-04:00,18.25,19.31999969482422,17.6200008392334,17.690000534057617,4104900,0.0,0.0
2022-09-27 00:00:00-04:00,18.190000534057617,18.889999389648438,17.799999237060547,18.170000076293945,3520800,0.0,0.0
2022-09-28 00:00:00-04:00,18.399999618530273,19.1200008392334,18.239999771118164,18.950000762939453,3634100,0.0,0.0
2022-09-29 00:00:00-04:00,18.510000228881836,18.639999389648438,16.8700008392334,17.489999771118164,4465500,0.0,0.0
2022-09-30 00:00:00-04:00,17.270000457763672,18.790000915527344,17.104999542236328,18.334999084472656,3501000,0.0,0.0
2022-10-03 00:00:00-04:00,18.459999084472656,19.530000686645508,17.440000534057617,18.979999542236328,3546700,0.0,0.0
2022-10-04 00:00:00-04:00,19.809999465942383,20.81999969482422,19.6299991607666,20.420000076293945,3541700,0.0,0.0
2022-10-05 00:00:00-04:00,19.8700008392334,20.06999969482422,19.020000457763672,19.860000610351562,2756100,0.0,0.0
2022-10-06 00:00:00-04:00,19.8799991607666,21.099000930786133,19.639999389648438,19.68000030517578,3042800,0.0,0.0
2022-10-07 00:00:00-04:00,19.299999237060547,19.59000015258789,18.469999313354492,18.93000030517578,2359300,0.0,0.0
2022-10-10 00:00:00-04:00,18.889999389648438,19.329999923706055,17.780000686645508,18.399999618530273,2276100,0.0,0.0
2022-10-11 00:00:00-04:00,18.309999465942383,18.73200035095215,17.288999557495117,18.229999542236328,3018800,0.0,0.0
2022-10-12 00:00:00-04:00,18.31999969482422,18.332000732421875,17.079999923706055,17.329999923706055,3166800,0.0,0.0
2022-10-13 00:00:00-04:00,16.700000762939453,17.739999771118164,16.309999465942383,17.559999465942383,3862500,0.0,0.0
2022-10-14 00:00:00-04:00,17.649999618530273,18.229999542236328,16.3799991607666,16.440000534057617,2461100,0.0,0.0
2022-10-17 00:00:00-04:00,17.049999237060547,17.639999389648438,16.950000762939453,17.350000381469727,1832900,0.0,0.0
2022-10-18 00:00:00-04:00,18.110000610351562,18.350000381469727,16.760000228881836,16.969999313354492,2656100,0.0,0.0
2022-10-19 00:00:00-04:00,16.520000457763672,16.690000534057617,16.010000228881836,16.329999923706055,2794200,0.0,0.0
2022-10-20 00:00:00-04:00,16.209999084472656,16.780000686645508,15.729999542236328,15.90999984741211,2583100,0.0,0.0
2022-10-21 00:00:00-04:00,15.760000228881836,16.719999313354492,15.34000015258789,16.479999542236328,2055200,0.0,0.0
2022-10-24 00:00:00-04:00,16.3799991607666,16.420000076293945,15.319999694824219,15.819999694824219,2019400,0.0,0.0
2022-10-25 00:00:00-04:00,15.819999694824219,17.690000534057617,15.819999694824219,17.520000457763672,2696000,0.0,0.0
2022-10-26 00:00:00-04:00,17.575000762939453,18.850000381469727,17.350000381469727,17.8799991607666,3817600,0.0,0.0
2022-10-27 00:00:00-04:00,18.040000915527344,18.34000015258789,17.440000534057617,18.100000381469727,2810100,0.0,0.0
2022-10-28 00:00:00-04:00,18.34000015258789,18.829999923706055,17.600000381469727,18.5,2817600,0.0,0.0
2022-10-31 00:00:00-04:00,18.559999465942383,19.389999389648438,18.309999465942383,18.8700008392334,5999100,0.0,0.0
2022-11-01 00:00:00-04:00,19.139999389648438,19.349000930786133,17.770000457763672,17.989999771118164,4241800,0.0,0.0
2022-11-02 00:00:00-04:00,13.40999984741211,13.550000190734863,10.0,10.529999732971191,28099600,0.0,0.0
2022-11-03 00:00:00-04:00,10.501999855041504,11.1899995803833,9.539999961853027,10.739999771118164,7050800,0.0,0.0
2022-11-04 00:00:00-04:00,10.979999542236328,11.40999984741211,10.149999618530273,10.739999771118164,5421300,0.0,0.0
2022-11-07 00:00:00-05:00,11.470000267028809,12.140000343322754,10.79800033569336,11.850000381469727,7843500,0.0,0.0
2022-11-08 00:00:00-05:00,11.890000343322754,12.680000305175781,11.600000381469727,12.300000190734863,3864100,0.0,0.0
2022-11-09 00:00:00-05:00,12.130000114440918,12.5600004196167,11.789999961853027,11.880000114440918,2479500,0.0,0.0
2022-11-10 00:00:00-05:00,12.539999961853027,13.130000114440918,12.1899995803833,12.9399995803833,3425400,0.0,0.0
2022-11-11 00:00:00-05:00,13.09000015258789,13.850000381469727,12.949999809265137,13.609999656677246,3304600,0.0,0.0
2022-11-14 00:00:00-05:00,13.670000076293945,14.40999984741211,12.920000076293945,13.960000038146973,3136700,0.0,0.0
2022-11-15 00:00:00-05:00,14.529999732971191,15.192999839782715,14.25,14.84000015258789,3989600,0.0,0.0
2022-11-16 00:00:00-05:00,14.550000190734863,14.640000343322754,13.619999885559082,13.680000305175781,2933900,0.0,0.0
2022-11-17 00:00:00-05:00,13.1899995803833,13.510000228881836,12.857000350952148,13.199999809265137,2998800,0.0,0.0
2022-11-18 00:00:00-05:00,13.640000343322754,13.649999618530273,12.800000190734863,12.899999618530273,3005700,0.0,0.0
2022-11-21 00:00:00-05:00,12.65999984741211,12.65999984741211,11.949999809265137,12.25,2450000,0.0,0.0
2022-11-22 00:00:00-05:00,12.170000076293945,12.199999809265137,11.550000190734863,11.899999618530273,4081400,0.0,0.0
2022-11-23 00:00:00-05:00,11.899999618530273,12.489999771118164,11.760000228881836,12.449999809265137,2119100,0.0,0.0
2022-11-25 00:00:00-05:00,12.302000045776367,12.729999542236328,12.270000457763672,12.640000343322754,731900,0.0,0.0
2022-11-28 00:00:00-05:00,12.539999961853027,12.600000381469727,11.71500015258789,11.800000190734863,2163200,0.0,0.0
2022-11-29 00:00:00-05:00,11.899999618530273,12.680000305175781,11.869999885559082,12.25,2496700,0.0,0.0
2022-11-30 00:00:00-05:00,12.210000038146973,13.050000190734863,12.15999984741211,13.050000190734863,2437600,0.0,0.0
2022-12-01 00:00:00-05:00,13.0,13.0600004196167,12.170000076293945,12.279999732971191,2292200,0.0,0.0
2022-12-02 00:00:00-05:00,12.199999809265137,13.109999656677246,12.050000190734863,12.949999809265137,2070900,0.0,0.0
2022-12-05 00:00:00-05:00,12.880000114440918,13.045000076293945,12.100000381469727,12.229999542236328,2479400,0.0,0.0
2022-12-06 00:00:00-05:00,12.25,12.295000076293945,11.619999885559082,11.729999542236328,1837400,0.0,0.0
2022-12-07 00:00:00-05:00,11.65999984741211,12.10099983215332,11.489999771118164,11.899999618530273,1947300,0.0,0.0
2022-12-08 00:00:00-05:00,12.0,12.300000190734863,11.3100004196167,12.0,3119500,0.0,0.0
2022-12-09 00:00:00-05:00,12.020000457763672,12.34000015258789,11.585000038146973,11.619999885559082,1581600,0.0,0.0
2022-12-12 00:00:00-05:00,11.5600004196167,12.020000457763672,11.350000381469727,11.59000015258789,1876200,0.0,0.0
2022-12-13 00:00:00-05:00,12.100000381469727,12.270000457763672,11.15999984741211,11.399999618530273,3242300,0.0,0.0
2022-12-14 00:00:00-05:00,11.390000343322754,11.529999732971191,11.0600004196167,11.350000381469727,2478100,0.0,0.0
2022-12-15 00:00:00-05:00,11.199999809265137,11.335000038146973,10.819999694824219,10.859999656677246,2938000,0.0,0.0
2022-12-16 00:00:00-05:00,10.699999809265137,11.319999694824219,10.62600040435791,11.1899995803833,3381000,0.0,0.0
2022-12-19 00:00:00-05:00,11.239999771118164,11.270000457763672,10.630000114440918,10.75,2505900,0.0,0.0
2022-12-20 00:00:00-05:00,10.625,12.010000228881836,10.517000198364258,11.180000305175781,3744200,0.0,0.0
2022-12-21 00:00:00-05:00,11.220000267028809,11.449999809265137,10.864999771118164,11.140000343322754,1971000,0.0,0.0
2022-12-22 00:00:00-05:00,10.949999809265137,10.989999771118164,10.359999656677246,10.800000190734863,2950600,0.0,0.0
2022-12-23 00:00:00-05:00,10.890000343322754,11.130000114440918,10.720000267028809,10.960000038146973,2373100,0.0,0.0
2022-12-27 00:00:00-05:00,10.960000038146973,11.225000381469727,10.699999809265137,10.800000190734863,2647100,0.0,0.0
2022-12-28 00:00:00-05:00,10.800000190734863,11.3100004196167,10.649999618530273,10.960000038146973,3557200,0.0,0.0
2022-12-29 00:00:00-05:00,11.199999809265137,12.746000289916992,11.079999923706055,12.609999656677246,5040900,0.0,0.0
2022-12-30 00:00:00-05:00,12.789999961853027,12.979999542236328,12.239999771118164,12.4399995803833,5571700,0.0,0.0
2023-01-03 00:00:00-05:00,12.8100004196167,12.928999900817871,11.960000038146973,12.119999885559082,4724800,0.0,0.0
2023-01-04 00:00:00-05:00,7.730000019073486,7.800000190734863,6.5,7.150000095367432,37943100,0.0,0.0
2023-01-05 00:00:00-05:00,7.039999961853027,7.920000076293945,6.710000038146973,7.539999961853027,12568400,0.0,0.0
2023-01-06 00:00:00-05:00,7.559999942779541,8.404999732971191,7.440000057220459,8.050000190734863,8367900,0.0,0.0
2023-01-09 00:00:00-05:00,8.180000305175781,8.545000076293945,8.050000190734863,8.319999694824219,4466000,0.0,0.0
2023-01-10 00:00:00-05:00,8.3100004196167,8.654999732971191,8.140000343322754,8.550000190734863,3502100,0.0,0.0
2023-01-11 00:00:00-05:00,8.899999618530273,9.079999923706055,8.329999923706055,8.619999885559082,5953300,0.0,0.0
2023-01-12 00:00:00-05:00,8.699999809265137,8.699999809265137,8.0600004196167,8.529999732971191,4882400,0.0,0.0
2023-01-13 00:00:00-05:00,8.369999885559082,8.5,8.0600004196167,8.25,4219900,0.0,0.0
2023-01-17 00:00:00-05:00,8.229999542236328,8.59000015258789,8.170000076293945,8.300000190734863,3250900,0.0,0.0
2023-01-18 00:00:00-05:00,8.34000015258789,8.635000228881836,8.0600004196167,8.069999694824219,3480800,0.0,0.0
2023-01-19 00:00:00-05:00,7.909999847412109,7.96999979019165,7.559999942779541,7.730000019073486,2975600,0.0,0.0
2023-01-20 00:00:00-05:00,7.889999866485596,8.149999618530273,7.730000019073486,7.960000038146973,2580200,0.0,0.0
2023-01-23 00:00:00-05:00,8.0,8.295000076293945,7.869999885559082,8.220000267028809,3200700,0.0,0.0
2023-01-24 00:00:00-05:00,8.100000381469727,8.119999885559082,7.552000045776367,7.989999771118164,4494300,0.0,0.0
2023-01-25 00:00:00-05:00,7.800000190734863,8.020000457763672,7.619999885559082,7.96999979019165,2899000,0.0,0.0
2023-01-26 00:00:00-05:00,8.149999618530273,8.210000038146973,7.659999847412109,7.679999828338623,3376000,0.0,0.0
2023-01-27 00:00:00-05:00,7.650000095367432,8.25,7.550000190734863,8.140000343322754,5070000,0.0,0.0
2023-01-30 00:00:00-05:00,7.989999771118164,8.09000015258789,7.599999904632568,7.610000133514404,2779400,0.0,0.0
2023-01-31 00:00:00-05:00,7.639999866485596,7.940000057220459,7.565000057220459,7.940000057220459,2945100,0.0,0.0
2023-02-01 00:00:00-05:00,7.989999771118164,8.350000381469727,7.679999828338623,8.199999809265137,4112200,0.0,0.0
2023-02-02 00:00:00-05:00,8.449999809265137,8.885000228881836,8.03499984741211,8.779999732971191,5244300,0.0,0.0
2023-02-03 00:00:00-05:00,8.510000228881836,9.4399995803833,8.460000038146973,9.09000015258789,4163100,0.0,0.0
2023-02-06 00:00:00-05:00,8.890000343322754,9.020000457763672,8.720000267028809,8.970000267028809,2232400,0.0,0.0
2023-02-07 00:00:00-05:00,8.930000305175781,8.930000305175781,8.470000267028809,8.869999885559082,2630800,0.0,0.0
2023-02-08 00:00:00-05:00,8.789999961853027,9.100000381469727,8.520000457763672,8.569999694824219,2266500,0.0,0.0
2023-02-09 00:00:00-05:00,8.850000381469727,9.279999732971191,8.484999656677246,8.609999656677246,3828200,0.0,0.0
2023-02-10 00:00:00-05:00,8.59000015258789,8.59000015258789,8.100000381469727,8.270000457763672,2646000,0.0,0.0
2023-02-13 00:00:00-05:00,8.3100004196167,8.640000343322754,8.100000381469727,8.289999961853027,2129000,0.0,0.0
2023-02-14 00:00:00-05:00,8.199999809265137,8.520000457763672,7.920000076293945,8.449999809265137,1958200,0.0,0.0
2023-02-15 00:00:00-05:00,8.34000015258789,9.140000343322754,8.34000015258789,9.109999656677246,2136600,0.0,0.0
2023-02-16 00:00:00-05:00,8.920000076293945,9.210000038146973,8.711000442504883,8.770000457763672,2615700,0.0,0.0
2023-02-17 00:00:00-05:00,8.699999809265137,8.800000190734863,8.449999809265137,8.6899995803833,2850100,0.0,0.0
2023-02-21 00:00:00-05:00,8.5,8.600000381469727,7.960000038146973,7.96999979019165,2748100,0.0,0.0
2023-02-22 00:00:00-05:00,8.039999961853027,8.449999809265137,7.949999809265137,8.279999732971191,3720900,0.0,0.0
2023-02-23 00:00:00-05:00,9.600000381469727,10.270000457763672,8.869999885559082,9.270000457763672,12344900,0.0,0.0
2023-02-24 00:00:00-05:00,9.0,9.0649995803833,8.614999771118164,8.859999656677246,4523800,0.0,0.0
2023-02-27 00:00:00-05:00,9.0,9.199999809265137,8.505000114440918,8.579999923706055,3103900,0.0,0.0
2023-02-28 00:00:00-05:00,8.609999656677246,9.430000305175781,8.555000305175781,9.220000267028809,4405500,0.0,0.0
2023-03-01 00:00:00-05:00,9.289999961853027,9.399999618530273,8.75,8.869999885559082,3697600,0.0,0.0
2023-03-02 00:00:00-05:00,8.739999771118164,8.875,8.510000228881836,8.789999961853027,2223400,0.0,0.0
2023-03-03 00:00:00-05:00,8.880000114440918,9.800000190734863,8.649999618530273,9.720000267028809,4188600,0.0,0.0
2023-03-06 00:00:00-05:00,9.789999961853027,10.350000381469727,9.710000038146973,9.869999885559082,4085400,0.0,0.0
2023-03-07 00:00:00-05:00,9.899999618530273,10.22599983215332,9.611000061035156,9.989999771118164,3392000,0.0,0.0
2023-03-08 00:00:00-05:00,10.1899995803833,10.300000190734863,9.630000114440918,9.90999984741211,3334200,0.0,0.0
2023-03-09 00:00:00-05:00,9.899999618530273,10.329999923706055,9.390000343322754,9.520000457763672,3282300,0.0,0.0
2023-03-10 00:00:00-05:00,9.850000381469727,10.0600004196167,9.170000076293945,9.5600004196167,5514600,0.0,0.0
2023-03-13 00:00:00-04:00,9.699999809265137,11.1899995803833,9.430000305175781,10.869999885559082,8765500,0.0,0.0
2023-03-14 00:00:00-04:00,11.239999771118164,11.289999961853027,10.65999984741211,10.989999771118164,5150300,0.0,0.0
2023-03-15 00:00:00-04:00,10.8100004196167,10.829999923706055,9.845000267028809,10.25,4693900,0.0,0.0
2023-03-16 00:00:00-04:00,10.640000343322754,11.300000190734863,10.59000015258789,10.869999885559082,5125600,0.0,0.0
2023-03-17 00:00:00-04:00,10.9399995803833,11.40999984741211,10.489999771118164,11.229999542236328,6814800,0.0,0.0
2023-03-20 00:00:00-04:00,11.25,11.510000228881836,10.630000114440918,10.850000381469727,4617700,0.0,0.0
2023-03-21 00:00:00-04:00,11.100000381469727,11.710000038146973,10.96500015258789,11.569999694824219,6445700,0.0,0.0
2023-03-22 00:00:00-04:00,11.529999732971191,11.670000076293945,10.979999542236328,11.010000228881836,4670700,0.0,0.0
2023-03-23 00:00:00-04:00,11.350000381469727,12.1899995803833,11.204999923706055,11.5,6994100,0.0,0.0
2023-03-24 00:00:00-04:00,11.300000190734863,11.40999984741211,11.010000228881836,11.239999771118164,4513100,0.0,0.0
2023-03-27 00:00:00-04:00,11.359999656677246,11.720000267028809,11.239999771118164,11.65999984741211,3935000,0.0,0.0
2023-03-28 00:00:00-04:00,11.630000114440918,11.699999809265137,11.050000190734863,11.239999771118164,3404400,0.0,0.0
2023-03-29 00:00:00-04:00,12.020000457763672,13.710000038146973,11.8100004196167,13.649999618530273,17161700,0.0,0.0
2023-03-30 00:00:00-04:00,13.890000343322754,14.449999809265137,13.26200008392334,14.199999809265137,11248700,0.0,0.0
2023-03-31 00:00:00-04:00,14.220000267028809,15.479999542236328,13.928999900817871,14.90999984741211,9918900,0.0,0.0
2023-04-03 00:00:00-04:00,14.829999923706055,14.843999862670898,13.569999694824219,14.3100004196167,7098400,0.0,0.0
2023-04-04 00:00:00-04:00,14.529999732971191,14.9399995803833,13.710000038146973,14.25,4503300,0.0,0.0
2023-04-05 00:00:00-04:00,14.039999961853027,14.1899995803833,12.869999885559082,12.890000343322754,6681900,0.0,0.0
2023-04-06 00:00:00-04:00,12.710000038146973,12.710000038146973,12.149999618530273,12.3100004196167,5561600,0.0,0.0
2023-04-10 00:00:00-04:00,12.295000076293945,13.369999885559082,12.0,13.130000114440918,6058300,0.0,0.0
2023-04-11 00:00:00-04:00,13.199999809265137,14.039999961853027,13.119999885559082,13.84000015258789,4574700,0.0,0.0
2023-04-12 00:00:00-04:00,14.229999542236328,14.569999694824219,13.8100004196167,14.039999961853027,6682000,0.0,0.0
2023-04-13 00:00:00-04:00,14.1899995803833,14.630000114440918,13.640000343322754,13.930000305175781,4442000,0.0,0.0
2023-04-14 00:00:00-04:00,13.9399995803833,13.9399995803833,12.949999809265137,13.680000305175781,4894400,0.0,0.0
2023-04-17 00:00:00-04:00,13.710000038146973,14.079999923706055,13.260000228881836,13.569999694824219,4099500,0.0,0.0
2023-04-18 00:00:00-04:00,13.579999923706055,14.369999885559082,13.119999885559082,13.3100004196167,17429300,0.0,0.0
2023-04-19 00:00:00-04:00,13.100000381469727,13.460000038146973,12.329999923706055,12.59000015258789,10948200,0.0,0.0
2023-04-20 00:00:00-04:00,12.34000015258789,12.744999885559082,12.100000381469727,12.640000343322754,6011300,0.0,0.0
2023-04-21 00:00:00-04:00,12.630000114440918,12.800000190734863,12.270000457763672,12.59000015258789,4729900,0.0,0.0
2023-04-24 00:00:00-04:00,12.614999771118164,13.25,12.260000228881836,13.244999885559082,5849800,0.0,0.0
2023-04-25 00:00:00-04:00,13.069999694824219,13.279999732971191,12.5,12.670000076293945,6081100,0.0,0.0
2023-04-26 00:00:00-04:00,12.800000190734863,13.069000244140625,12.270000457763672,12.5,6677900,0.0,0.0
2023-04-27 00:00:00-04:00,12.140000343322754,12.539999961853027,9.0600004196167,10.539999961853027,24575200,0.0,0.0
2023-04-28 00:00:00-04:00,10.489999771118164,11.029999732971191,10.180000305175781,10.819999694824219,6401500,0.0,0.0
2023-05-01 00:00:00-04:00,10.765000343322754,11.1899995803833,10.529999732971191,10.930000305175781,5176900,0.0,0.0
2023-05-02 00:00:00-04:00,10.869999885559082,11.100000381469727,10.710000038146973,11.0,3890200,0.0,0.0
2023-05-03 00:00:00-04:00,10.970000267028809,11.869999885559082,10.8149995803833,11.520000457763672,4779200,0.0,0.0
2023-05-04 00:00:00-04:00,11.489999771118164,11.850000381469727,11.3100004196167,11.770000457763672,3538500,0.0,0.0
2023-05-05 00:00:00-04:00,12.119999885559082,12.694999694824219,11.975000381469727,12.640000343322754,5034600,0.0,0.0
2023-05-08 00:00:00-04:00,12.680000305175781,13.359999656677246,12.510000228881836,13.329999923706055,5670600,0.0,0.0
2023-05-09 00:00:00-04:00,13.029999732971191,13.300000190734863,12.680000305175781,13.109999656677246,3539800,0.0,0.0
2023-05-10 00:00:00-04:00,13.319999694824219,13.59000015258789,12.989999771118164,13.020000457763672,4130700,0.0,0.0
2023-05-11 00:00:00-04:00,13.020000457763672,13.119999885559082,12.489999771118164,12.729999542236328,3490200,0.0,0.0
2023-05-12 00:00:00-04:00,12.819999694824219,12.960000038146973,12.451000213623047,12.5600004196167,2595800,0.0,0.0
2023-05-15 00:00:00-04:00,12.5600004196167,13.069999694824219,12.359999656677246,12.779999732971191,2189700,0.0,0.0
2023-05-16 00:00:00-04:00,12.619999885559082,12.630000114440918,12.21500015258789,12.380000114440918,2931500,0.0,0.0
2023-05-17 00:00:00-04:00,12.354999542236328,12.755000114440918,12.34000015258789,12.5600004196167,3398400,0.0,0.0
2023-05-18 00:00:00-04:00,12.489999771118164,12.5,11.699999809265137,12.079999923706055,4219700,0.0,0.0
2023-05-19 00:00:00-04:00,12.180000305175781,12.338000297546387,11.5600004196167,11.670000076293945,3372700,0.0,0.0
2023-05-22 00:00:00-04:00,11.670000076293945,12.319999694824219,11.588000297546387,12.09000015258789,4413300,0.0,0.0
2023-05-23 00:00:00-04:00,12.0,12.479999542236328,11.880000114440918,12.130000114440918,3502100,0.0,0.0
2023-05-24 00:00:00-04:00,12.0,12.019000053405762,11.619000434875488,11.989999771118164,2678700,0.0,0.0
2023-05-25 00:00:00-04:00,12.149999618530273,12.380000114440918,11.789999961853027,12.300000190734863,3203800,0.0,0.0
2023-05-26 00:00:00-04:00,12.350000381469727,12.430000305175781,11.989999771118164,12.130000114440918,3191000,0.0,0.0
2023-05-30 00:00:00-04:00,12.260000228881836,13.260000228881836,12.260000228881836,13.25,6236200,0.0,0.0
2023-05-31 00:00:00-04:00,13.229999542236328,13.48799991607666,12.744999885559082,13.270000457763672,5785900,0.0,0.0
2023-06-01 00:00:00-04:00,13.210000038146973,14.5,13.050000190734863,14.479999542236328,8010600,0.0,0.0
2023-06-02 00:00:00-04:00,14.75,14.800000190734863,13.850000381469727,14.270000457763672,5144800,0.0,0.0
2023-06-05 00:00:00-04:00,13.609999656677246,13.970000267028809,12.75,13.109999656677246,7684100,0.0,0.0
2023-06-06 00:00:00-04:00,13.170000076293945,13.795000076293945,13.0,13.720000267028809,5444100,0.0,0.0
2023-06-07 00:00:00-04:00,13.800000190734863,14.354999542236328,13.600000381469727,13.609999656677246,6655200,0.0,0.0
2023-06-08 00:00:00-04:00,13.59000015258789,14.34000015258789,13.15999984741211,14.140000343322754,6812100,0.0,0.0
2023-06-09 00:00:00-04:00,14.180000305175781,14.229999542236328,13.510000228881836,13.729999542236328,3623300,0.0,0.0
2023-06-12 00:00:00-04:00,13.829999923706055,14.069999694824219,13.180000305175781,13.4399995803833,3601000,0.0,0.0
2023-06-13 00:00:00-04:00,13.649999618530273,14.319999694824219,13.579999923706055,14.119999885559082,5340000,0.0,0.0
2023-06-14 00:00:00-04:00,14.050000190734863,14.125,13.319999694824219,13.569999694824219,4266200,0.0,0.0
2023-06-15 00:00:00-04:00,13.420000076293945,13.869999885559082,13.289999961853027,13.630000114440918,3195500,0.0,0.0
2023-06-16 00:00:00-04:00,15.25,15.25,13.829999923706055,15.119999885559082,19341700,0.0,0.0
2023-06-20 00:00:00-04:00,15.0,15.630000114440918,13.84000015258789,14.680000305175781,13483100,0.0,0.0
2023-06-21 00:00:00-04:00,14.520000457763672,14.864999771118164,14.0,14.420000076293945,5603700,0.0,0.0
2023-06-22 00:00:00-04:00,14.149999618530273,14.220000267028809,13.550000190734863,13.630000114440918,5951900,0.0,0.0
2023-06-23 00:00:00-04:00,13.15999984741211,13.9399995803833,13.109999656677246,13.789999961853027,7863100,0.0,0.0
2023-06-26 00:00:00-04:00,13.619999885559082,14.130000114440918,12.779999732971191,13.119999885559082,6393700,0.0,0.0
2023-06-27 00:00:00-04:00,13.90999984741211,16.43000030517578,13.710000038146973,16.43000030517578,27693400,0.0,0.0
2023-06-28 00:00:00-04:00,16.469999313354492,17.450000762939453,15.880000114440918,17.190000534057617,17144700,0.0,0.0
2023-06-29 00:00:00-04:00,17.31999969482422,18.100000381469727,17.219999313354492,17.920000076293945,9483300,0.0,0.0
2023-06-30 00:00:00-04:00,18.06999969482422,18.549999237060547,17.260000228881836,18.040000915527344,9425100,0.0,0.0
2023-07-03 00:00:00-04:00,18.0,18.88800048828125,17.989999771118164,18.81999969482422,4906400,0.0,0.0
2023-07-05 00:00:00-04:00,18.700000762939453,19.530000686645508,18.520000457763672,19.260000228881836,8353400,0.0,0.0
2023-07-06 00:00:00-04:00,18.760000228881836,18.929000854492188,17.559999465942383,18.6299991607666,8841600,0.0,0.0
2023-07-07 00:00:00-04:00,18.600000381469727,19.709999084472656,18.489999771118164,18.739999771118164,7823700,0.0,0.0
2023-07-10 00:00:00-04:00,18.959999084472656,19.864999771118164,18.030000686645508,19.799999237060547,7155800,0.0,0.0
2023-07-11 00:00:00-04:00,19.799999237060547,20.799999237060547,19.469999313354492,20.030000686645508,7447300,0.0,0.0
2023-07-12 00:00:00-04:00,20.549999237060547,20.6299991607666,19.28499984741211,20.040000915527344,5973400,0.0,0.0
2023-07-13 00:00:00-04:00,20.3700008392334,20.899999618530273,20.040000915527344,20.770000457763672,7353400,0.0,0.0
2023-07-14 00:00:00-04:00,20.860000610351562,21.389999389648438,20.19499969482422,20.549999237060547,6714700,0.0,0.0
2023-07-17 00:00:00-04:00,20.559999465942383,21.770000457763672,20.239999771118164,21.40999984741211,6319100,0.0,0.0
2023-07-18 00:00:00-04:00,21.899999618530273,23.700000762939453,21.40999984741211,22.209999084472656,12596200,0.0,0.0
2023-07-19 00:00:00-04:00,22.139999389648438,22.5,20.940000534057617,21.260000228881836,7030600,0.0,0.0
2023-07-20 00:00:00-04:00,21.049999237060547,21.659000396728516,20.520000457763672,21.06999969482422,7782300,0.0,0.0
2023-07-21 00:00:00-04:00,20.010000228881836,20.388999938964844,19.149999618530273,19.479999542236328,8701200,0.0,0.0
2023-07-24 00:00:00-04:00,19.649999618530273,19.899999618530273,18.469999313354492,18.920000076293945,5290400,0.0,0.0
2023-07-25 00:00:00-04:00,19.040000915527344,19.479999542236328,19.010000228881836,19.020000457763672,3705300,0.0,0.0
2023-07-26 00:00:00-04:00,18.8799991607666,20.059999465942383,18.809999465942383,19.600000381469727,7777100,0.0,0.0
2023-07-27 00:00:00-04:00,22.040000915527344,23.899999618530273,18.399999618530273,18.639999389648438,23670600,0.0,0.0
2023-07-28 00:00:00-04:00,19.059999465942383,20.450000762939453,18.18000030517578,19.829999923706055,9394200,0.0,0.0
2023-07-31 00:00:00-04:00,20.209999084472656,21.549999237060547,20.049999237060547,21.520000457763672,8068100,0.0,0.0
2023-08-01 00:00:00-04:00,21.079999923706055,21.59000015258789,20.3799991607666,21.260000228881836,5258900,0.0,0.0
2023-08-02 00:00:00-04:00,20.799999237060547,20.8700008392334,19.049999237060547,19.1200008392334,8797400,0.0,0.0
2023-08-03 00:00:00-04:00,18.774999618530273,19.3700008392334,17.65999984741211,17.81999969482422,9163700,0.0,0.0
2023-08-04 00:00:00-04:00,17.84000015258789,18.131000518798828,17.06999969482422,17.829999923706055,5490400,0.0,0.0
2023-08-07 00:00:00-04:00,17.81999969482422,17.84000015258789,17.06999969482422,17.59000015258789,3422300,0.0,0.0
2023-08-08 00:00:00-04:00,17.299999237060547,17.8700008392334,16.780000686645508,17.75,4045000,0.0,0.0
2023-08-09 00:00:00-04:00,17.700000762939453,17.799999237060547,17.06999969482422,17.520000457763672,3465100,0.0,0.0
2023-08-10 00:00:00-04:00,17.170000076293945,17.344999313354492,15.76200008392334,16.530000686645508,10688000,0.0,0.0
2023-08-11 00:00:00-04:00,16.149999618530273,16.399999618530273,15.920000076293945,16.110000610351562,4216000,0.0,0.0
2023-08-14 00:00:00-04:00,15.800000190734863,16.31999969482422,15.539999961853027,15.920000076293945,3597500,0.0,0.0
2023-08-15 00:00:00-04:00,15.84000015258789,16.09000015258789,15.3100004196167,15.520000457763672,4927200,0.0,0.0
2023-08-16 00:00:00-04:00,15.420000076293945,15.699999809265137,15.010000228881836,15.039999961853027,4168000,0.0,0.0
2023-08-17 00:00:00-04:00,15.0,15.029999732971191,13.890000343322754,13.890000343322754,9157500,0.0,0.0
2023-08-18 00:00:00-04:00,13.550000190734863,14.319999694824219,13.460000038146973,14.050000190734863,6240600,0.0,0.0
2023-08-21 00:00:00-04:00,14.050000190734863,14.279999732971191,13.510000228881836,13.890000343322754,5002600,0.0,0.0
2023-08-22 00:00:00-04:00,14.25,14.399999618530273,13.260000228881836,13.529999732971191,4810800,0.0,0.0
2023-08-23 00:00:00-04:00,13.555000305175781,14.114999771118164,13.3100004196167,13.890000343322754,4380200,0.0,0.0
2023-08-24 00:00:00-04:00,13.9399995803833,14.029999732971191,13.114999771118164,13.140000343322754,3915100,0.0,0.0
2023-08-25 00:00:00-04:00,13.300000190734863,14.220000267028809,13.079999923706055,13.930000305175781,6076200,0.0,0.0
2023-08-28 00:00:00-04:00,13.979999542236328,14.182000160217285,13.8149995803833,14.0,3315100,0.0,0.0
2023-08-29 00:00:00-04:00,13.970000267028809,14.630000114440918,13.614999771118164,14.140000343322754,3913100,0.0,0.0
2023-08-30 00:00:00-04:00,14.140000343322754,14.25,13.819999694824219,13.920000076293945,3594000,0.0,0.0
2023-08-31 00:00:00-04:00,13.989999771118164,14.289999961853027,13.760000228881836,13.779999732971191,3067900,0.0,0.0
2023-09-01 00:00:00-04:00,13.899999618530273,14.28499984741211,13.756999969482422,14.100000381469727,3172100,0.0,0.0
2023-09-05 00:00:00-04:00,14.0,14.529999732971191,13.970000267028809,14.100000381469727,2728700,0.0,0.0
2023-09-06 00:00:00-04:00,13.970000267028809,14.180000305175781,13.670000076293945,14.050000190734863,3053800,0.0,0.0
2023-09-07 00:00:00-04:00,13.779999732971191,14.180000305175781,13.220000267028809,14.109999656677246,2922700,0.0,0.0
2023-09-08 00:00:00-04:00,14.140000343322754,14.800000190734863,13.824999809265137,14.670000076293945,3724900,0.0,0.0
2023-09-11 00:00:00-04:00,14.9399995803833,15.194999694824219,14.399999618530273,14.979999542236328,4622000,0.0,0.0
2023-09-12 00:00:00-04:00,14.850000381469727,15.329999923706055,14.460000038146973,14.699999809265137,4280900,0.0,0.0
2023-09-13 00:00:00-04:00,14.579999923706055,14.779999732971191,14.25,14.5,3946000,0.0,0.0
2023-09-14 00:00:00-04:00,14.600000381469727,15.270000457763672,14.600000381469727,15.0,5158200,0.0,0.0
2023-09-15 00:00:00-04:00,14.970000267028809,15.140000343322754,14.520000457763672,14.65999984741211,5575100,0.0,0.0
2023-09-18 00:00:00-04:00,14.5600004196167,14.59000015258789,13.3149995803833,13.369999885559082,6189400,0.0,0.0
2023-09-19 00:00:00-04:00,13.100000381469727,13.520000457763672,13.010000228881836,13.170000076293945,4292100,0.0,0.0
2023-09-20 00:00:00-04:00,13.210000038146973,13.640000343322754,12.430000305175781,12.460000038146973,5045300,0.0,0.0
2023-09-21 00:00:00-04:00,12.640000343322754,12.899999618530273,12.234999656677246,12.3100004196167,4919300,0.0,0.0
2023-09-22 00:00:00-04:00,12.359999656677246,12.5,11.78499984741211,11.829999923706055,5123200,0.0,0.0
2023-09-25 00:00:00-04:00,11.75,12.279999732971191,11.640000343322754,11.800000190734863,3889800,0.0,0.0
2023-09-26 00:00:00-04:00,11.59000015258789,12.079999923706055,11.569999694824219,11.729999542236328,3592200,0.0,0.0
2023-09-27 00:00:00-04:00,11.949999809265137,12.819999694824219,11.920000076293945,12.420000076293945,5536000,0.0,0.0
2023-09-28 00:00:00-04:00,12.479999542236328,13.0600004196167,12.321999549865723,12.710000038146973,3971600,0.0,0.0
2023-09-29 00:00:00-04:00,12.989999771118164,13.251999855041504,12.3100004196167,12.550000190734863,3568600,0.0,0.0
2023-10-02 00:00:00-04:00,12.5,12.630000114440918,11.675000190734863,11.8100004196167,3776200,0.0,0.0
2023-10-03 00:00:00-04:00,10.09000015258789,11.300000190734863,9.440999984741211,10.300000190734863,17314000,0.0,0.0
2023-10-04 00:00:00-04:00,10.104999542236328,10.470000267028809,9.640000343322754,10.260000228881836,7225600,0.0,0.0
2023-10-05 00:00:00-04:00,10.180000305175781,10.180000305175781,9.670000076293945,9.970000267028809,4753800,0.0,0.0
2023-10-06 00:00:00-04:00,9.774999618530273,10.550000190734863,9.760000228881836,10.329999923706055,5442100,0.0,0.0
2023-10-09 00:00:00-04:00,10.100000381469727,10.369999885559082,9.850000381469727,10.270000457763672,3711300,0.0,0.0
2023-10-10 00:00:00-04:00,10.279999732971191,11.100000381469727,10.270000457763672,10.880000114440918,4493400,0.0,0.0
2023-10-11 00:00:00-04:00,11.050000190734863,11.510000228881836,10.850000381469727,11.1899995803833,5186500,0.0,0.0
2023-10-12 00:00:00-04:00,11.100000381469727,11.279999732971191,10.359999656677246,10.40999984741211,6434200,0.0,0.0
2023-10-13 00:00:00-04:00,10.5,10.654999732971191,10.130000114440918,10.180000305175781,4125200,0.0,0.0
2023-10-16 00:00:00-04:00,10.220000267028809,10.84000015258789,10.100000381469727,10.6899995803833,3189900,0.0,0.0
2023-10-17 00:00:00-04:00,10.359999656677246,11.229999542236328,10.359999656677246,10.90999984741211,3275500,0.0,0.0
2023-10-18 00:00:00-04:00,10.800000190734863,10.800000190734863,10.255000114440918,10.399999618530273,3367300,0.0,0.0
2023-10-19 00:00:00-04:00,10.460000038146973,10.619999885559082,10.111000061035156,10.210000038146973,3168000,0.0,0.0
2023-10-20 00:00:00-04:00,10.079999923706055,10.329999923706055,9.710000038146973,9.880000114440918,4998500,0.0,0.0
2023-10-23 00:00:00-04:00,9.760000228881836,10.109999656677246,9.329999923706055,9.649999618530273,3920800,0.0,0.0
2023-10-24 00:00:00-04:00,9.75,10.34000015258789,9.75,10.09000015258789,3223100,0.0,0.0
2023-10-25 00:00:00-04:00,9.890000343322754,9.90999984741211,9.170000076293945,9.1899995803833,5510000,0.0,0.0
2023-10-26 00:00:00-04:00,9.149999618530273,9.390000343322754,8.729999542236328,8.989999771118164,4883300,0.0,0.0
2023-10-27 00:00:00-04:00,9.199999809265137,9.199999809265137,8.704999923706055,8.770000457763672,2907400,0.0,0.0
2023-10-30 00:00:00-04:00,8.90999984741211,8.979999542236328,8.333999633789062,8.699999809265137,3929500,0.0,0.0
2023-10-31 00:00:00-04:00,8.699999809265137,9.024999618530273,8.555000305175781,8.90999984741211,5120700,0.0,0.0
2023-11-01 00:00:00-04:00,8.930000305175781,9.180000305175781,8.755000114440918,9.050000190734863,3663900,0.0,0.0
2023-11-02 00:00:00-04:00,9.489999771118164,10.359999656677246,9.442000389099121,10.229999542236328,5747300,0.0,0.0
2023-11-03 00:00:00-04:00,10.550000190734863,11.399999618530273,10.531999588012695,10.59000015258789,6953800,0.0,0.0
2023-11-06 00:00:00-05:00,10.65999984741211,10.6899995803833,9.920000076293945,10.1899995803833,3031900,0.0,0.0
2023-11-07 00:00:00-05:00,10.210000038146973,10.399999618530273,9.760000228881836,10.239999771118164,3891100,0.0,0.0
2023-11-08 00:00:00-05:00,12.020000457763672,12.460000038146973,11.229999542236328,11.75,10209800,0.0,0.0
2023-11-09 00:00:00-05:00,11.930000305175781,11.994999885559082,10.670000076293945,10.710000038146973,6574700,0.0,0.0
2023-11-10 00:00:00-05:00,10.75,10.800000190734863,10.319999694824219,10.4399995803833,4689000,0.0,0.0
2023-11-13 00:00:00-05:00,10.3100004196167,10.619999885559082,10.109999656677246,10.399999618530273,3602900,0.0,0.0
2023-11-14 00:00:00-05:00,11.0,11.319999694824219,10.829999923706055,11.220000267028809,5552100,0.0,0.0
2023-11-15 00:00:00-05:00,11.289999961853027,12.75,11.25,11.609999656677246,6456700,0.0,0.0
2023-11-16 00:00:00-05:00,11.430000305175781,11.460000038146973,10.904999732971191,11.369999885559082,5341200,0.0,0.0
2023-11-17 00:00:00-05:00,11.470000267028809,11.699999809265137,11.289999961853027,11.600000381469727,3367800,0.0,0.0
2023-11-20 00:00:00-05:00,11.630000114440918,12.145000457763672,11.329999923706055,11.619999885559082,3497000,0.0,0.0
2023-11-21 00:00:00-05:00,11.399999618530273,11.529999732971191,10.984999656677246,11.010000228881836,3046200,0.0,0.0
2023-11-22 00:00:00-05:00,11.100000381469727,11.34000015258789,10.869999885559082,10.949999809265137,2295200,0.0,0.0
2023-11-24 00:00:00-05:00,10.90999984741211,11.305000305175781,10.729999542236328,11.029999732971191,1278300,0.0,0.0
2023-11-27 00:00:00-05:00,11.010000228881836,11.0600004196167,10.725000381469727,10.989999771118164,2400200,0.0,0.0
2023-11-28 00:00:00-05:00,10.899999618530273,11.005000114440918,10.640000343322754,10.920000076293945,3622500,0.0,0.0
2023-11-29 00:00:00-05:00,11.3100004196167,11.699999809265137,11.100000381469727,11.149999618530273,3971000,0.0,0.0
2023-11-30 00:00:00-05:00,11.260000228881836,11.494999885559082,11.020000457763672,11.069999694824219,2611000,0.0,0.0
2023-12-01 00:00:00-05:00,11.010000228881836,12.425000190734863,10.90999984741211,12.390000343322754,5271400,0.0,0.0
2023-12-04 00:00:00-05:00,12.3100004196167,12.8100004196167,12.220000267028809,12.449999809265137,4030200,0.0,0.0
2023-12-05 00:00:00-05:00,12.239999771118164,12.25,11.449999809265137,11.619999885559082,3753100,0.0,0.0
2023-12-06 00:00:00-05:00,11.760000228881836,12.1899995803833,11.4399995803833,11.460000038146973,2832400,0.0,0.0
2023-12-07 00:00:00-05:00,11.569999694824219,11.6899995803833,11.260000228881836,11.279999732971191,2956700,0.0,0.0
2023-12-08 00:00:00-05:00,11.199999809265137,11.859999656677246,11.109999656677246,11.760000228881836,3134600,0.0,0.0
2023-12-11 00:00:00-05:00,11.880000114440918,12.430000305175781,11.6899995803833,11.970000267028809,3403400,0.0,0.0
2023-12-12 00:00:00-05:00,11.850000381469727,11.885000228881836,11.449999809265137,11.800000190734863,2541700,0.0,0.0
2023-12-13 00:00:00-05:00,11.800000190734863,12.789999961853027,11.4350004196167,12.75,3415100,0.0,0.0
2023-12-14 00:00:00-05:00,13.23799991607666,14.104999542236328,13.210000038146973,14.020000457763672,8391000,0.0,0.0
2023-12-15 00:00:00-05:00,14.25,14.75,13.970000267028809,14.5600004196167,9103400,0.0,0.0
2023-12-18 00:00:00-05:00,14.529999732971191,14.760000228881836,13.850000381469727,14.100000381469727,4454200,0.0,0.0
2023-12-19 00:00:00-05:00,14.180000305175781,14.779999732971191,14.175000190734863,14.3100004196167,3795100,0.0,0.0
2023-12-20 00:00:00-05:00,14.220000267028809,14.555000305175781,13.451000213623047,13.489999771118164,4475600,0.0,0.0
2023-12-21 00:00:00-05:00,13.859999656677246,14.100000381469727,13.329999923706055,13.850000381469727,4016400,0.0,0.0
2023-12-22 00:00:00-05:00,14.0,14.350000381469727,13.40999984741211,13.430000305175781,4137000,0.0,0.0
2023-12-26 00:00:00-05:00,13.4399995803833,13.5,13.130000114440918,13.15999984741211,3105200,0.0,0.0
2023-12-27 00:00:00-05:00,13.289999961853027,13.380000114440918,12.890000343322754,12.9399995803833,3175800,0.0,0.0
2023-12-28 00:00:00-05:00,12.880000114440918,13.100000381469727,12.710000038146973,12.899999618530273,3223400,0.0,0.0
2023-12-29 00:00:00-05:00,12.949999809265137,12.970000267028809,12.350000381469727,12.520000457763672,3561700,0.0,0.0
2024-01-02 00:00:00-05:00,12.319999694824219,12.640000343322754,12.020000457763672,12.220000267028809,3422400,0.0,0.0
2024-01-03 00:00:00-05:00,11.960000038146973,11.960000038146973,11.5600004196167,11.720000267028809,4026000,0.0,0.0
2024-01-04 00:00:00-05:00,11.899999618530273,12.399999618530273,11.5649995803833,11.899999618530273,6037800,0.0,0.0
2024-01-05 00:00:00-05:00,11.850000381469727,12.239999771118164,11.720000267028809,12.1899995803833,4588900,0.0,0.0
2024-01-08 00:00:00-05:00,12.300000190734863,13.079999923706055,11.913000106811523,13.020000457763672,5192500,0.0,0.0
2024-01-09 00:00:00-05:00,12.8100004196167,12.854999542236328,12.220000267028809,12.329999923706055,3780600,0.0,0.0
2024-01-10 00:00:00-05:00,12.279999732971191,12.399999618530273,11.430000305175781,11.550000190734863,4864200,0.0,0.0
2024-01-11 00:00:00-05:00,11.399999618530273,11.470000267028809,10.835000038146973,11.380000114440918,3704100,0.0,0.0
2024-01-12 00:00:00-05:00,11.420000076293945,11.640000343322754,10.814000129699707,10.960000038146973,3339200,0.0,0.0
2024-01-16 00:00:00-05:00,10.800000190734863,10.800000190734863,10.350000381469727,10.470000267028809,3954900,0.0,0.0
2024-01-17 00:00:00-05:00,10.180000305175781,10.364999771118164,9.979999542236328,10.0,4092600,0.0,0.0
2024-01-18 00:00:00-05:00,10.100000381469727,10.168999671936035,9.579999923706055,9.600000381469727,5411800,0.0,0.0
2024-01-19 00:00:00-05:00,9.609999656677246,9.720000267028809,9.079999923706055,9.600000381469727,7017300,0.0,0.0
2024-01-22 00:00:00-05:00,9.699999809265137,10.300000190734863,9.5,9.960000038146973,5622800,0.0,0.0
2024-01-23 00:00:00-05:00,10.279999732971191,10.390000343322754,9.694999694824219,9.880000114440918,3301000,0.0,0.0
2024-01-24 00:00:00-05:00,10.180000305175781,10.300000190734863,9.65999984741211,9.699999809265137,2643500,0.0,0.0
2024-01-25 00:00:00-05:00,9.8149995803833,10.104999542236328,9.75,9.960000038146973,2599700,0.0,0.0
2024-01-26 00:00:00-05:00,10.100000381469727,10.244999885559082,9.619999885559082,9.65999984741211,2330500,0.0,0.0
2024-01-29 00:00:00-05:00,9.71500015258789,10.15999984741211,9.609999656677246,10.010000228881836,3505800,0.0,0.0
2024-01-30 00:00:00-05:00,9.930000305175781,9.984999656677246,9.65999984741211,9.770000457763672,2484600,0.0,0.0
2024-01-31 00:00:00-05:00,9.75,10.039999961853027,9.289999961853027,9.3100004196167,3540800,0.0,0.0
2024-02-01 00:00:00-05:00,9.399999618530273,9.517999649047852,9.020000457763672,9.420000076293945,4574500,0.0,0.0
2024-02-02 00:00:00-05:00,9.289999961853027,9.744999885559082,8.949999809265137,9.65999984741211,3365600,0.0,0.0
2024-02-05 00:00:00-05:00,9.5,9.5,9.079999923706055,9.140000343322754,3396200,0.0,0.0
2024-02-06 00:00:00-05:00,9.09000015258789,9.84000015258789,8.932999610900879,9.84000015258789,3973600,0.0,0.0
2024-02-07 00:00:00-05:00,9.850000381469727,9.890000343322754,9.5600004196167,9.720000267028809,2012500,0.0,0.0
2024-02-08 00:00:00-05:00,9.710000038146973,10.789999961853027,9.609999656677246,10.699999809265137,5689400,0.0,0.0
2024-02-09 00:00:00-05:00,11.4399995803833,11.899999618530273,11.130000114440918,11.850000381469727,7651400,0.0,0.0
2024-02-12 00:00:00-05:00,11.84000015258789,12.289999961853027,11.65999984741211,12.050000190734863,4708000,0.0,0.0
2024-02-13 00:00:00-05:00,11.196999549865723,11.539999961853027,11.029999732971191,11.149999618530273,4162700,0.0,0.0
2024-02-14 00:00:00-05:00,11.5600004196167,11.795000076293945,11.260000228881836,11.729999542236328,2667200,0.0,0.0
2024-02-15 00:00:00-05:00,11.920000076293945,11.9399995803833,11.40999984741211,11.699999809265137,2725100,0.0,0.0
2024-02-16 00:00:00-05:00,11.569999694824219,12.329999923706055,11.359999656677246,12.239999771118164,4866900,0.0,0.0
2024-02-20 00:00:00-05:00,12.479999542236328,12.479999542236328,11.390000343322754,11.779999732971191,7282700,0.0,0.0
2024-02-21 00:00:00-05:00,10.710000038146973,11.84000015258789,10.569999694824219,10.729999542236328,8429800,0.0,0.0
2024-02-22 00:00:00-05:00,10.800000190734863,11.4399995803833,9.649999618530273,9.720000267028809,7871500,0.0,0.0
2024-02-23 00:00:00-05:00,9.859999656677246,9.930000305175781,9.5,9.550000190734863,4398100,0.0,0.0
2024-02-26 00:00:00-05:00,9.5,9.8100004196167,9.229999542236328,9.710000038146973,3794400,0.0,0.0
2024-02-27 00:00:00-05:00,9.880000114440918,10.21500015258789,9.555000305175781,10.09000015258789,4042900,0.0,0.0
2024-02-28 00:00:00-05:00,9.899999618530273,9.90999984741211,9.420000076293945,9.460000038146973,4233400,0.0,0.0
2024-02-29 00:00:00-05:00,9.829999923706055,10.170000076293945,9.710000038146973,9.75,4749800,0.0,0.0
2024-03-01 00:00:00-05:00,9.75,9.994999885559082,9.505000114440918,9.739999771118164,3150600,0.0,0.0
2024-03-04 00:00:00-05:00,9.739999771118164,9.819999694824219,9.34000015258789,9.680000305175781,3454000,0.0,0.0
2024-03-05 00:00:00-05:00,9.510000228881836,9.579999923706055,9.3100004196167,9.359999656677246,3506800,0.0,0.0
2024-03-06 00:00:00-05:00,9.550000190734863,9.619999885559082,9.25,9.359999656677246,2826000,0.0,0.0
2024-03-07 00:00:00-05:00,9.449999809265137,9.529999732971191,9.239999771118164,9.300000190734863,2749800,0.0,0.0
2024-03-08 00:00:00-05:00,9.350000381469727,9.739999771118164,9.020000457763672,9.09000015258789,4279200,0.0,0.0
2024-03-11 00:00:00-04:00,9.109999656677246,9.170000076293945,8.859999656677246,9.0,2964500,0.0,0.0
2024-03-12 00:00:00-04:00,8.989999771118164,9.140000343322754,8.84000015258789,9.020000457763672,3464000,0.0,0.0
2024-03-13 00:00:00-04:00,8.90999984741211,9.114999771118164,7.340000152587891,7.929999828338623,13867600,0.0,0.0
2024-03-14 00:00:00-04:00,8.140000343322754,8.15999984741211,7.519999980926514,7.760000228881836,8212000,0.0,0.0
2024-03-15 00:00:00-04:00,7.659999847412109,7.980000019073486,7.630000114440918,7.840000152587891,4954900,0.0,0.0
2024-03-18 00:00:00-04:00,7.829999923706055,7.84499979019165,7.050000190734863,7.329999923706055,8791000,0.0,0.0
2024-03-19 00:00:00-04:00,7.269999980926514,8.005000114440918,7.150000095367432,7.804999828338623,5503800,0.0,0.0
2024-03-20 00:00:00-04:00,7.800000190734863,8.614999771118164,7.690000057220459,8.40999984741211,6242300,0.0,0.0
2024-03-21 00:00:00-04:00,8.489999771118164,9.029999732971191,8.3100004196167,8.680000305175781,5672700,0.0,0.0
2024-03-22 00:00:00-04:00,8.600000381469727,8.649999618530273,8.130000114440918,8.220000267028809,3239500,0.0,0.0
2024-03-25 00:00:00-04:00,8.220000267028809,8.289999961853027,7.809999942779541,7.849999904632568,3624900,0.0,0.0
2024-03-26 00:00:00-04:00,7.920000076293945,8.0,7.619999885559082,7.630000114440918,4133500,0.0,0.0
2024-03-27 00:00:00-04:00,7.739999771118164,8.09000015258789,7.650000095367432,8.029999732971191,3581700,0.0,0.0
2024-03-28 00:00:00-04:00,7.989999771118164,8.210000038146973,7.789999961853027,8.010000228881836,2816600,0.0,0.0
2024-04-01 00:00:00-04:00,8.140000343322754,8.140000343322754,7.809999942779541,7.909999847412109,1946600,0.0,0.0
2024-04-02 00:00:00-04:00,7.690000057220459,7.75,7.519999980926514,7.599999904632568,2311800,0.0,0.0
2024-04-03 00:00:00-04:00,7.599999904632568,7.739999771118164,7.409999847412109,7.610000133514404,2042200,0.0,0.0
2024-04-04 00:00:00-04:00,7.769999980926514,8.21500015258789,7.659999847412109,7.730000019073486,3340800,0.0,0.0
2024-04-05 00:00:00-04:00,7.630000114440918,7.804999828338623,7.53000020980835,7.550000190734863,1827000,0.0,0.0
2024-04-08 00:00:00-04:00,7.610000133514404,7.710000038146973,7.320000171661377,7.389999866485596,2579500,0.0,0.0
2024-04-09 00:00:00-04:00,7.389999866485596,7.877999782562256,7.329999923706055,7.690000057220459,2616700,0.0,0.0
2024-04-10 00:00:00-04:00,7.369999885559082,7.409999847412109,7.059999942779541,7.139999866485596,4119800,0.0,0.0
2024-04-11 00:00:00-04:00,7.199999809265137,7.389999866485596,7.059999942779541,7.340000152587891,2622400,0.0,0.0
2024-04-12 00:00:00-04:00,7.230000019073486,7.409999847412109,7.159999847412109,7.309999942779541,2919300,0.0,0.0
2024-04-15 00:00:00-04:00,7.289999961853027,7.369999885559082,6.639999866485596,6.699999809265137,4841500,0.0,0.0
2024-04-16 00:00:00-04:00,7.019999980926514,7.25,6.75,6.889999866485596,8203400,0.0,0.0
2024-04-17 00:00:00-04:00,6.96999979019165,7.125,6.610000133514404,6.630000114440918,4720800,0.0,0.0
2024-04-18 00:00:00-04:00,6.659999847412109,6.679999828338623,5.864999771118164,6.010000228881836,13092900,0.0,0.0
2024-04-19 00:00:00-04:00,6.019999980926514,6.340000152587891,5.940000057220459,6.260000228881836,4360600,0.0,0.0
2024-04-22 00:00:00-04:00,6.25,6.289999961853027,5.800000190734863,5.980000019073486,4429600,0.0,0.0
2024-04-23 00:00:00-04:00,5.980000019073486,6.409999847412109,5.960000038146973,6.03000020980835,2789600,0.0,0.0
2024-04-24 00:00:00-04:00,6.050000190734863,6.210000038146973,5.860000133514404,6.019999980926514,2600000,0.0,0.0
2024-04-25 00:00:00-04:00,5.869999885559082,5.920000076293945,5.699999809265137,5.840000152587891,3708000,0.0,0.0
2024-04-26 00:00:00-04:00,5.849999904632568,6.46999979019165,5.820000171661377,6.460000038146973,4818700,0.0,0.0
2024-04-29 00:00:00-04:00,6.539999961853027,6.949999809265137,6.474999904632568,6.489999771118164,5288000,0.0,0.0
2024-04-30 00:00:00-04:00,6.449999809265137,6.539999961853027,6.210000038146973,6.260000228881836,3329300,0.0,0.0
2024-05-01 00:00:00-04:00,6.210000038146973,6.869999885559082,6.163000106811523,6.510000228881836,7999000,0.0,0.0
2024-05-02 00:00:00-04:00,8.850000381469727,9.614999771118164,8.130000114440918,9.470000267028809,25825200,0.0,0.0
2024-05-03 00:00:00-04:00,9.84000015258789,10.361000061035156,9.550000190734863,10.09000015258789,11963700,0.0,0.0
2024-05-06 00:00:00-04:00,10.199999809265137,10.800000190734863,9.630000114440918,9.779999732971191,11067000,0.0,0.0
2024-05-07 00:00:00-04:00,9.40999984741211,9.680999755859375,8.479999542236328,9.0,8925200,0.0,0.0
2024-05-08 00:00:00-04:00,8.729999542236328,9.130000114440918,8.630000114440918,9.079999923706055,4855500,0.0,0.0
2024-05-09 00:00:00-04:00,9.0600004196167,9.210000038146973,8.859999656677246,9.140000343322754,3679300,0.0,0.0
2024-05-10 00:00:00-04:00,9.1899995803833,9.25,8.5,8.510000228881836,2969100,0.0,0.0
2024-05-13 00:00:00-04:00,8.640000343322754,9.720000267028809,8.600000381469727,8.779999732971191,9823600,0.0,0.0
2024-05-14 00:00:00-04:00,9.170000076293945,10.104999542236328,9.069999694824219,9.779999732971191,12070400,0.0,0.0
2024-05-15 00:00:00-04:00,9.960000038146973,9.984999656677246,9.069999694824219,9.34000015258789,5563900,0.0,0.0
2024-05-16 00:00:00-04:00,9.329999923706055,9.470000267028809,9.15999984741211,9.1899995803833,2270600,0.0,0.0
2024-05-17 00:00:00-04:00,9.140000343322754,10.0600004196167,8.899999618530273,10.039999961853027,5644800,0.0,0.0
2024-05-20 00:00:00-04:00,10.039999961853027,10.359999656677246,9.75100040435791,10.079999923706055,5028400,0.0,0.0
2024-05-21 00:00:00-04:00,9.949999809265137,10.4399995803833,9.751999855041504,10.359999656677246,3644900,0.0,0.0
2024-05-22 00:00:00-04:00,10.329999923706055,11.390000343322754,10.140999794006348,10.579999923706055,7593000,0.0,0.0
2024-05-23 00:00:00-04:00,10.609999656677246,10.65999984741211,9.239999771118164,9.609999656677246,7436100,0.0,0.0
2024-05-24 00:00:00-04:00,9.739999771118164,10.850000381469727,9.609999656677246,10.8100004196167,5889000,0.0,0.0
2024-05-28 00:00:00-04:00,10.989999771118164,11.039999961853027,10.380000114440918,10.779999732971191,5311600,0.0,0.0
2024-05-29 00:00:00-04:00,10.489999771118164,10.5600004196167,10.149999618530273,10.3100004196167,3174200,0.0,0.0
2024-05-30 00:00:00-04:00,10.510000228881836,11.369999885559082,10.319999694824219,11.180000305175781,5421500,0.0,0.0
2024-05-31 00:00:00-04:00,11.229999542236328,11.34000015258789,10.234999656677246,10.619999885559082,4771300,0.0,0.0
2024-06-03 00:00:00-04:00,10.914999961853027,11.180000305175781,10.300000190734863,10.649999618530273,4979300,0.0,0.0
2024-06-04 00:00:00-04:00,10.600000381469727,10.699999809265137,10.119999885559082,10.229999542236328,2776300,0.0,0.0
2024-06-05 00:00:00-04:00,10.229999542236328,10.890000343322754,10.140000343322754,10.850000381469727,3047300,0.0,0.0
2024-06-06 00:00:00-04:00,10.75,11.170000076293945,10.550000190734863,10.770000457763672,2925300,0.0,0.0
2024-06-07 00:00:00-04:00,10.5,10.8100004196167,10.300000190734863,10.479999542236328,3406400,0.0,0.0
2024-06-10 00:00:00-04:00,10.399999618530273,11.699999809265137,10.305000305175781,11.390000343322754,6428900,0.0,0.0
2024-06-11 00:00:00-04:00,11.260000228881836,12.5,10.880000114440918,12.359999656677246,8174400,0.0,0.0
2024-06-12 00:00:00-04:00,12.789999961853027,14.1899995803833,12.779999732971191,13.220000267028809,12566500,0.0,0.0
2024-06-13 00:00:00-04:00,13.369999885559082,13.670000076293945,12.75100040435791,12.890000343322754,4475300,0.0,0.0
2024-06-14 00:00:00-04:00,12.569999694824219,12.680000305175781,11.96500015258789,12.199999809265137,4750400,0.0,0.0
2024-06-17 00:00:00-04:00,12.010000228881836,12.550000190734863,11.680000305175781,12.210000038146973,5133300,0.0,0.0
2024-06-18 00:00:00-04:00,12.039999961853027,12.604999542236328,11.960000038146973,12.460000038146973,3087400,0.0,0.0
2024-06-20 00:00:00-04:00,12.390000343322754,12.390000343322754,11.673999786376953,11.930000305175781,3134000,0.0,0.0
2024-06-21 00:00:00-04:00,11.930000305175781,12.020000457763672,11.4399995803833,12.0,4449800,0.0,0.0
2024-06-24 00:00:00-04:00,11.930000305175781,12.449999809265137,11.619999885559082,12.039999961853027,3381200,0.0,0.0
2024-06-25 00:00:00-04:00,14.050000190734863,17.1200008392334,13.75,16.260000228881836,33339400,0.0,0.0
2024-06-26 00:00:00-04:00,15.770000457763672,16.329999923706055,14.75,15.029999732971191,13595800,0.0,0.0
2024-06-27 00:00:00-04:00,15.0,15.84000015258789,14.59000015258789,15.6899995803833,6532400,0.0,0.0
2024-06-28 00:00:00-04:00,15.699999809265137,16.05500030517578,14.885000228881836,15.460000038146973,8479300,0.0,0.0
2024-07-01 00:00:00-04:00,15.25,15.8100004196167,15.0600004196167,15.100000381469727,4835000,0.0,0.0
2024-07-02 00:00:00-04:00,15.210000038146973,15.640000343322754,14.109999656677246,14.1899995803833,6083400,0.0,0.0
2024-07-03 00:00:00-04:00,14.489999771118164,15.720000267028809,14.470000267028809,15.279999732971191,6241100,0.0,0.0
2024-07-05 00:00:00-04:00,15.199999809265137,16.190000534057617,15.020000457763672,16.0,5727600,0.0,0.0
2024-07-08 00:00:00-04:00,16.437999725341797,16.969999313354492,15.899999618530273,16.649999618530273,6640300,0.0,0.0
2024-07-09 00:00:00-04:00,16.729999542236328,17.350000381469727,16.309999465942383,17.219999313354492,6120900,0.0,0.0
2024-07-10 00:00:00-04:00,17.3799991607666,17.860000610351562,16.940000534057617,17.5,6026800,0.0,0.0
2024-07-11 00:00:00-04:00,17.959999084472656,18.350000381469727,16.700000762939453,17.760000228881836,8920900,0.0,0.0
2024-07-12 00:00:00-04:00,17.889999389648438,18.309999465942383,17.600000381469727,18.1200008392334,6475800,0.0,0.0
2024-07-15 00:00:00-04:00,18.1299991607666,18.479999542236328,17.635000228881836,18.309999465942383,4779200,0.0,0.0
2024-07-16 00:00:00-04:00,18.489999771118164,18.68000030517578,17.68000030517578,18.260000228881836,4034200,0.0,0.0
2024-07-17 00:00:00-04:00,17.639999389648438,18.059999465942383,17.049999237060547,17.3700008392334,4898200,0.0,0.0
2024-07-18 00:00:00-04:00,17.43400001525879,17.600000381469727,15.739999771118164,16.049999237060547,6145200,0.0,0.0
2024-07-19 00:00:00-04:00,15.989999771118164,16.190000534057617,15.520000457763672,15.579999923706055,3850100,0.0,0.0
2024-07-22 00:00:00-04:00,16.15999984741211,16.420000076293945,15.164999961853027,15.25,5113200,0.0,0.0
2024-07-23 00:00:00-04:00,15.109999656677246,16.3799991607666,14.850000381469727,16.200000762939453,4558700,0.0,0.0
2024-07-24 00:00:00-04:00,15.920000076293945,16.479999542236328,15.09000015258789,15.119999885559082,4517200,0.0,0.0
2024-07-25 00:00:00-04:00,14.930000305175781,15.199999809265137,14.41100025177002,14.550000190734863,4957700,0.0,0.0
2024-07-26 00:00:00-04:00,14.829999923706055,15.09000015258789,14.359999656677246,14.640000343322754,3483600,0.0,0.0
2024-07-29 00:00:00-04:00,14.890000343322754,15.15999984741211,14.140000343322754,14.329999923706055,4275600,0.0,0.0
2024-07-30 00:00:00-04:00,14.399999618530273,14.779999732971191,13.883999824523926,14.100000381469727,4353100,0.0,0.0
2024-07-31 00:00:00-04:00,14.489999771118164,15.0,14.220000267028809,14.40999984741211,8573400,0.0,0.0
2024-08-01 00:00:00-04:00,13.859999656677246,14.130000114440918,11.449999809265137,11.649999618530273,15684000,0.0,0.0
2024-08-02 00:00:00-04:00,11.100000381469727,12.229999542236328,10.649999618530273,11.970000267028809,9314900,0.0,0.0
2024-08-05 00:00:00-04:00,10.579999923706055,11.75,10.270000457763672,11.390000343322754,7039400,0.0,0.0
2024-08-06 00:00:00-04:00,11.579999923706055,11.579999923706055,10.449999809265137,10.630000114440918,7683200,0.0,0.0
2024-08-07 00:00:00-04:00,10.880000114440918,11.619999885559082,10.65999984741211,10.869999885559082,8311600,0.0,0.0
2024-08-08 00:00:00-04:00,11.024999618530273,12.220000267028809,10.925000190734863,11.920000076293945,7355600,0.0,0.0
2024-08-09 00:00:00-04:00,11.789999961853027,11.895000457763672,10.5600004196167,10.5649995803833,5591900,0.0,0.0
2024-08-12 00:00:00-04:00,10.729999542236328,10.739999771118164,9.562000274658203,9.949999809265137,7992400,0.0,0.0
2024-08-13 00:00:00-04:00,10.0,10.75,9.880000114440918,10.630000114440918,6986200,0.0,0.0
2024-08-14 00:00:00-04:00,10.539999961853027,10.8100004196167,10.130000114440918,10.1899995803833,4877700,0.0,0.0
2024-08-15 00:00:00-04:00,10.470000267028809,10.800000190734863,10.380000114440918,10.65999984741211,4114600,0.0,0.0
2024-08-16 00:00:00-04:00,10.619999885559082,10.619999885559082,9.739999771118164,9.8100004196167,5394800,0.0,0.0
2024-08-19 00:00:00-04:00,9.899999618530273,10.1899995803833,9.65999984741211,10.130000114440918,4304000,0.0,0.0
2024-08-20 00:00:00-04:00,10.100000381469727,10.260000228881836,9.609999656677246,10.109999656677246,3299200,0.0,0.0
2024-08-21 00:00:00-04:00,10.1899995803833,10.529999732971191,9.869999885559082,10.5,4790500,0.0,0.0
2024-08-22 00:00:00-04:00,10.470000267028809,10.609999656677246,10.180000305175781,10.229999542236328,2896500,0.0,0.0
2024-08-23 00:00:00-04:00,10.350000381469727,10.84000015258789,10.329999923706055,10.569999694824219,3697000,0.0,0.0
2024-08-26 00:00:00-04:00,10.649999618530273,10.699999809265137,10.270000457763672,10.430000305175781,2274600,0.0,0.0
2024-08-27 00:00:00-04:00,10.399999618530273,10.739999771118164,10.1899995803833,10.1899995803833,3043900,0.0,0.0
2024-08-28 00:00:00-04:00,10.069999694824219,10.069999694824219,9.604999542236328,9.8100004196167,4032000,0.0,0.0
2024-08-29 00:00:00-04:00,9.970000267028809,10.029999732971191,9.654999732971191,9.670000076293945,3145500,0.0,0.0
2024-08-30 00:00:00-04:00,9.779999732971191,9.920000076293945,9.381999969482422,9.520000457763672,3404300,0.0,0.0
2024-09-03 00:00:00-04:00,9.40999984741211,9.449999809265137,8.53499984741211,8.625,4968400,0.0,0.0
2024-09-04 00:00:00-04:00,8.539999961853027,9.09000015258789,8.479999542236328,8.529999732971191,5674800,0.0,0.0
2024-09-05 00:00:00-04:00,8.5,8.640000343322754,8.0600004196167,8.149999618530273,4081900,0.0,0.0
2024-09-06 00:00:00-04:00,8.119999885559082,8.279999732971191,7.809999942779541,7.949999809265137,4676000,0.0,0.0
2024-09-09 00:00:00-04:00,7.949999809265137,7.980000019073486,7.489999771118164,7.605000019073486,5334500,0.0,0.0
2024-09-10 00:00:00-04:00,7.619999885559082,8.350000381469727,7.340000152587891,8.270000457763672,8235900,0.0,0.0
2024-09-11 00:00:00-04:00,8.300000190734863,9.005000114440918,8.039999961853027,8.949999809265137,7125900,0.0,0.0
2024-09-12 00:00:00-04:00,8.989999771118164,9.40999984741211,8.614999771118164,9.34000015258789,8146700,0.0,0.0
2024-09-13 00:00:00-04:00,10.09000015258789,10.399999618530273,9.539999961853027,9.699999809265137,8919700,0.0,0.0
2024-09-16 00:00:00-04:00,9.680000305175781,9.980999946594238,9.5,9.770000457763672,4267500,0.0,0.0
2024-09-17 00:00:00-04:00,9.739999771118164,9.779999732971191,9.170000076293945,9.25,5350900,0.0,0.0
2024-09-18 00:00:00-04:00,9.15999984741211,9.300000190734863,8.460000038146973,8.489999771118164,8163600,0.0,0.0
2024-09-19 00:00:00-04:00,8.819999694824219,8.819999694824219,8.3100004196167,8.4399995803833,6001000,0.0,0.0
2024-09-20 00:00:00-04:00,8.399999618530273,8.670000076293945,8.170000076293945,8.449999809265137,5776600,0.0,0.0
2024-09-23 00:00:00-04:00,8.5,8.819999694824219,8.324999809265137,8.4399995803833,3582000,0.0,0.0
2024-09-24 00:00:00-04:00,8.5,9.0,8.331000328063965,8.90999984741211,4155400,0.0,0.0
2024-09-25 00:00:00-04:00,8.9399995803833,9.140000343322754,8.65999984741211,9.069999694824219,4114500,0.0,0.0
2024-09-26 00:00:00-04:00,9.229999542236328,9.539999961853027,8.989999771118164,9.329999923706055,3828200,0.0,0.0
2024-09-27 00:00:00-04:00,9.510000228881836,9.869000434875488,9.430000305175781,9.545000076293945,3361700,0.0,0.0
2024-09-30 00:00:00-04:00,9.520000457763672,9.720000267028809,9.289999961853027,9.34000015258789,2617300,0.0,0.0
2024-10-01 00:00:00-04:00,9.300000190734863,9.3100004196167,8.5,8.579999923706055,3936900,0.0,0.0
2024-10-02 00:00:00-04:00,9.140000343322754,10.649999618530273,8.880000114440918,10.300000190734863,12199100,0.0,0.0
2024-10-03 00:00:00-04:00,10.1899995803833,10.720000267028809,9.9399995803833,10.649999618530273,6874900,0.0,0.0
2024-10-04 00:00:00-04:00,10.869999885559082,11.880000114440918,10.600000381469727,11.880000114440918,8365300,0.0,0.0
2024-10-07 00:00:00-04:00,11.829999923706055,12.329999923706055,11.600000381469727,12.109999656677246,7414600,0.0,0.0
2024-10-08 00:00:00-04:00,11.979999542236328,12.420000076293945,11.300000190734863,11.8149995803833,6322800,0.0,0.0
2024-10-09 00:00:00-04:00,11.850000381469727,12.90999984741211,11.579999923706055,12.550000190734863,6170600,0.0,0.0
2024-10-10 00:00:00-04:00,12.449999809265137,12.489999771118164,11.59000015258789,11.694999694824219,4839400,0.0,0.0
2024-10-11 00:00:00-04:00,11.539999961853027,12.949999809265137,11.520000457763672,12.789999961853027,5746100,0.0,0.0
2024-10-14 00:00:00-04:00,12.800000190734863,13.1899995803833,12.529999732971191,12.8100004196167,4613200,0.0,0.0
2024-10-15 00:00:00-04:00,12.739999771118164,12.807999610900879,11.6899995803833,11.930000305175781,6510700,0.0,0.0
2024-10-16 00:00:00-04:00,11.75,11.9399995803833,10.510000228881836,11.09000015258789,10147700,0.0,0.0
2024-10-17 00:00:00-04:00,11.130000114440918,11.789999961853027,11.09000015258789,11.430000305175781,4694200,0.0,0.0
2024-10-18 00:00:00-04:00,11.539999961853027,11.899999618530273,11.279999732971191,11.449999809265137,3252800,0.0,0.0
2024-10-21 00:00:00-04:00,11.390000343322754,11.65999984741211,10.930999755859375,11.460000038146973,3631200,0.0,0.0
2024-10-22 00:00:00-04:00,11.460000038146973,11.5600004196167,11.149999618530273,11.270000457763672,2708200,0.0,0.0
2024-10-23 00:00:00-04:00,11.097000122070312,11.100000381469727,10.039999961853027,10.515000343322754,5135900,0.0,0.0
2024-10-24 00:00:00-04:00,10.6899995803833,11.039999961853027,10.585000038146973,10.875,3952000,0.0,0.0
2024-10-25 00:00:00-04:00,10.869999885559082,10.930999755859375,10.380000114440918,10.40999984741211,3499500,0.0,0.0
2024-10-28 00:00:00-04:00,10.65999984741211,11.699999809265137,10.600000381469727,11.40999984741211,5154200,0.0,0.0
2024-10-29 00:00:00-04:00,11.4399995803833,11.4399995803833,10.470000267028809,10.630000114440918,11168000,0.0,0.0
2024-10-30 00:00:00-04:00,11.600000381469727,11.869999885559082,10.40999984741211,10.479999542236328,14685800,0.0,0.0
2024-10-31 00:00:00-04:00,9.46500015258789,9.539999961853027,8.050000190734863,9.005000114440918,29623600,0.0,0.0
2024-11-01 00:00:00-04:00,9.119999885559082,9.550000190734863,9.010000228881836,9.03499984741211,7889700,0.0,0.0
2024-11-04 00:00:00-05:00,8.869999885559082,8.904999732971191,8.3100004196167,8.34000015258789,7653700,0.0,0.0
2024-11-05 00:00:00-05:00,8.25,9.25,8.234999656677246,9.140000343322754,8600400,0.0,0.0
2024-11-06 00:00:00-05:00,9.3100004196167,9.40999984741211,8.680000305175781,9.079999923706055,6414600,0.0,0.0
2024-11-07 00:00:00-05:00,9.170000076293945,9.390000343322754,8.925000190734863,8.9399995803833,4975000,0.0,0.0
2024-11-08 00:00:00-05:00,8.899999618530273,9.420000076293945,8.824999809265137,9.380000114440918,4559600,0.0,0.0
2024-11-11 00:00:00-05:00,9.630000114440918,10.170000076293945,9.16100025177002,9.989999771118164,6941800,0.0,0.0
2024-11-12 00:00:00-05:00,9.819999694824219,9.850000381469727,9.119999885559082,9.220000267028809,5056300,0.0,0.0
2024-11-13 00:00:00-05:00,9.260000228881836,9.520000457763672,8.53499984741211,8.75,6031200,0.0,0.0
2024-11-14 00:00:00-05:00,8.84000015258789,9.305000305175781,8.739999771118164,8.850000381469727,5283500,0.0,0.0
2024-11-15 00:00:00-05:00,8.8100004196167,8.829999923706055,8.430000305175781,8.479999542236328,4403900,0.0,0.0
2024-11-18 00:00:00-05:00,8.619999885559082,8.930000305175781,8.449999809265137,8.5600004196167,4760700,0.0,0.0
2024-11-19 00:00:00-05:00,8.399999618530273,8.979999542236328,8.390000343322754,8.930000305175781,3178300,0.0,0.0
2024-11-20 00:00:00-05:00,8.829999923706055,9.25,8.765000343322754,9.010000228881836,4024400,0.0,0.0
2024-11-21 00:00:00-05:00,9.079999923706055,9.40999984741211,8.710000038146973,9.100000381469727,4056400,0.0,0.0
2024-11-22 00:00:00-05:00,9.100000381469727,9.489999771118164,9.074999809265137,9.430000305175781,3642700,0.0,0.0
2024-11-25 00:00:00-05:00,9.649999618530273,9.859999656677246,9.3149995803833,9.529999732971191,4759100,0.0,0.0
2024-11-26 00:00:00-05:00,9.350000381469727,9.430000305175781,9.09000015258789,9.220000267028809,4262400,0.0,0.0
2024-11-27 00:00:00-05:00,9.420000076293945,9.4399995803833,9.03499984741211,9.229999542236328,2514400,0.0,0.0
2024-11-29 00:00:00-05:00,9.25,9.458999633789062,9.225000381469727,9.25,2579400,0.0,0.0
2024-12-02 00:00:00-05:00,9.279999732971191,11.100000381469727,9.270000457763672,10.210000038146973,12225200,0.0,0.0
2024-12-03 00:00:00-05:00,10.0,10.279999732971191,9.53600025177002,9.890000343322754,4939000,0.0,0.0
2024-12-04 00:00:00-05:00,9.890000343322754,10.199999809265137,9.779999732971191,10.069999694824219,3088300,0.0,0.0
2024-12-05 00:00:00-05:00,10.079999923706055,10.369999885559082,9.289999961853027,9.300000190734863,5347000,0.0,0.0
2024-12-06 00:00:00-05:00,9.479999542236328,9.84000015258789,9.399999618530273,9.5600004196167,2852500,0.0,0.0
2024-12-09 00:00:00-05:00,9.720000267028809,10.390000343322754,9.600000381469727,9.859999656677246,5055800,0.0,0.0
2024-12-10 00:00:00-05:00,9.619999885559082,9.715999603271484,9.229999542236328,9.34000015258789,3674000,0.0,0.0
2024-12-11 00:00:00-05:00,9.5,9.609999656677246,9.0649995803833,9.380000114440918,3741500,0.0,0.0
2024-12-12 00:00:00-05:00,9.300000190734863,9.48900032043457,9.069999694824219,9.100000381469727,3288500,0.0,0.0
2024-12-13 00:00:00-05:00,9.100000381469727,9.279999732971191,8.949999809265137,8.979999542236328,3029700,0.0,0.0
2024-12-16 00:00:00-05:00,8.289999961853027,8.645000457763672,7.534999847412109,8.420000076293945,18932800,0.0,0.0
2024-12-17 00:00:00-05:00,8.4399995803833,8.779999732971191,8.239999771118164,8.649999618530273,4951900,0.0,0.0
2024-12-18 00:00:00-05:00,8.640000343322754,9.350000381469727,7.989999771118164,8.119999885559082,6139600,0.0,0.0
2024-12-19 00:00:00-05:00,8.380000114440918,8.470000267028809,7.989999771118164,8.029999732971191,4154000,0.0,0.0
2024-12-20 00:00:00-05:00,8.350000381469727,10.074999809265137,8.350000381469727,9.729999542236328,16266300,0.0,0.0
2024-12-23 00:00:00-05:00,9.75,10.260000228881836,9.600000381469727,10.010000228881836,5917000,0.0,0.0
2024-12-24 00:00:00-05:00,10.020000457763672,10.32699966430664,9.699999809265137,10.079999923706055,2354500,0.0,0.0
2024-12-26 00:00:00-05:00,10.010000228881836,11.468000411987305,9.84000015258789,11.420000076293945,7143600,0.0,0.0
2024-12-27 00:00:00-05:00,11.239999771118164,11.350000381469727,10.8100004196167,11.279999732971191,5037800,0.0,0.0
2024-12-30 00:00:00-05:00,10.989999771118164,11.135000228881836,10.40999984741211,11.0,4523300,0.0,0.0
2024-12-31 00:00:00-05:00,11.119999885559082,11.170000076293945,10.489999771118164,10.869999885559082,5240900,0.0,0.0
2025-01-02 00:00:00-05:00,11.020000457763672,12.164999961853027,10.918000221252441,12.109999656677246,8555500,0.0,0.0
2025-01-03 00:00:00-05:00,12.029999732971191,12.75,11.798999786376953,12.65999984741211,5991800,0.0,0.0
2025-01-06 00:00:00-05:00,12.970000267028809,13.029999732971191,12.199999809265137,12.460000038146973,7770600,0.0,0.0
2025-01-07 00:00:00-05:00,14.149999618530273,16.200000762939453,14.039999961853027,14.329999923706055,21674200,0.0,0.0
2025-01-08 00:00:00-05:00,13.90999984741211,14.050000190734863,11.864999771118164,12.229999542236328,15986800,0.0,0.0
2025-01-10 00:00:00-05:00,12.0,12.25,11.331000328063965,11.380000114440918,8919000,0.0,0.0
2025-01-13 00:00:00-05:00,10.996000289916992,11.050000190734863,10.4399995803833,11.0,7197000,0.0,0.0
2025-01-14 00:00:00-05:00,11.270000457763672,11.449999809265137,10.5,10.5600004196167,5522000,0.0,0.0
2025-01-15 00:00:00-05:00,10.949999809265137,11.479999542236328,10.699999809265137,10.779999732971191,5631200,0.0,0.0
2025-01-16 00:00:00-05:00,10.75,11.489999771118164,10.569999694824219,10.949999809265137,6472900,0.0,0.0
2025-01-17 00:00:00-05:00,11.180000305175781,11.359999656677246,10.720000267028809,10.720000267028809,4439800,0.0,0.0
2025-01-21 00:00:00-05:00,10.729999542236328,11.75,10.510000228881836,11.470000267028809,6884500,0.0,0.0
2025-01-22 00:00:00-05:00,11.649999618530273,11.770000457763672,11.152999877929688,11.4399995803833,4322500,0.0,0.0
2025-01-23 00:00:00-05:00,11.270000457763672,12.170000076293945,10.850000381469727,12.109999656677246,7583000,0.0,0.0
2025-01-24 00:00:00-05:00,12.229999542236328,13.180000305175781,12.15999984741211,12.319999694824219,8135400,0.0,0.0
2025-01-27 00:00:00-05:00,11.75,11.819999694824219,10.850000381469727,11.140000343322754,6406600,0.0,0.0
2025-01-28 00:00:00-05:00,11.300000190734863,11.5,10.899999618530273,11.369999885559082,3338600,0.0,0.0
2025-01-29 00:00:00-05:00,11.300000190734863,12.529999732971191,11.300000190734863,11.899999618530273,6502600,0.0,0.0
2025-01-30 00:00:00-05:00,12.239999771118164,12.585000038146973,12.0600004196167,12.380000114440918,4351200,0.0,0.0
2025-01-31 00:00:00-05:00,12.460000038146973,12.979000091552734,11.850000381469727,12.0600004196167,6887900,0.0,0.0
2025-02-03 00:00:00-05:00,11.399999618530273,12.319999694824219,11.35099983215332,11.84000015258789,4585900,0.0,0.0
2025-02-04 00:00:00-05:00,11.899999618530273,12.300000190734863,11.630000114440918,11.729999542236328,4560200,0.0,0.0
2025-02-05 00:00:00-05:00,11.84000015258789,12.329999923706055,11.539999961853027,11.5649995803833,4871000,0.0,0.0
2025-02-06 00:00:00-05:00,11.670000076293945,12.595999717712402,11.579999923706055,11.760000228881836,7222900,0.0,0.0
2025-02-07 00:00:00-05:00,11.850000381469727,11.949999809265137,11.184000015258789,11.779999732971191,5285200,0.0,0.0
2025-02-10 00:00:00-05:00,11.960000038146973,12.039999961853027,11.609999656677246,11.789999961853027,3342900,0.0,0.0
2025-02-11 00:00:00-05:00,11.449999809265137,11.529999732971191,10.510000228881836,10.569999694824219,7620200,0.0,0.0
2025-02-12 00:00:00-05:00,10.470000267028809,11.274999618530273,10.25,10.904999732971191,5729000,0.0,0.0
2025-02-13 00:00:00-05:00,11.0,11.244999885559082,10.850000381469727,11.020000457763672,3882500,0.0,0.0
2025-02-14 00:00:00-05:00,11.029999732971191,11.550000190734863,10.835000038146973,11.449999809265137,4237200,0.0,0.0
2025-02-18 00:00:00-05:00,11.692999839782715,11.800000190734863,11.09000015258789,11.15999984741211,5279100,0.0,0.0
2025-02-19 00:00:00-05:00,11.220000267028809,11.414999961853027,10.760000228881836,11.1899995803833,13172500,0.0,0.0
2025-02-20 00:00:00-05:00,10.260000228881836,11.579999923706055,10.0600004196167,11.475000381469727,10658700,0.0,0.0
2025-02-21 00:00:00-05:00,11.630000114440918,12.390000343322754,10.65999984741211,10.720000267028809,10769600,0.0,0.0
2025-02-24 00:00:00-05:00,10.597000122070312,10.699999809265137,9.774999618530273,9.819999694824219,6840600,0.0,0.0
2025-02-25 00:00:00-05:00,9.520000457763672,9.640000343322754,9.029999732971191,9.4399995803833,8231100,0.0,0.0
2025-02-26 00:00:00-05:00,9.574999809265137,9.895000457763672,9.479999542236328,9.630000114440918,3927000,0.0,0.0
2025-02-27 00:00:00-05:00,9.770000457763672,9.8100004196167,9.010000228881836,9.039999961853027,5297600,0.0,0.0
2025-02-28 00:00:00-05:00,8.779999732971191,9.050000190734863,8.520000457763672,8.920000076293945,7590400,0.0,0.0
2025-03-03 00:00:00-05:00,9.010000228881836,9.100000381469727,7.994999885559082,8.15999984741211,7952600,0.0,0.0
2025-03-04 00:00:00-05:00,7.925000190734863,8.809000015258789,7.71999979019165,8.470000267028809,7108400,0.0,0.0
2025-03-05 00:00:00-05:00,8.680000305175781,8.680000305175781,8.260000228881836,8.619999885559082,4370800,0.0,0.0
2025-03-06 00:00:00-05:00,8.319999694824219,8.579999923706055,8.1899995803833,8.279999732971191,4921500,0.0,0.0
2025-03-07 00:00:00-05:00,8.1899995803833,8.680000305175781,8.114999771118164,8.609999656677246,3969700,0.0,0.0
2025-03-10 00:00:00-04:00,8.369999885559082,8.510000228881836,7.699999809265137,7.849999904632568,6299300,0.0,0.0
2025-03-11 00:00:00-04:00,7.889999866485596,7.980000019073486,7.239999771118164,7.445000171661377,7232800,0.0,0.0
2025-03-12 00:00:00-04:00,7.730000019073486,7.75,7.46999979019165,7.579999923706055,4964900,0.0,0.0
2025-03-13 00:00:00-04:00,7.579999923706055,7.71999979019165,7.099999904632568,7.210000038146973,4462400,0.0,0.0
2025-03-14 00:00:00-04:00,7.380000114440918,7.670000076293945,7.320000171661377,7.650000095367432,4157700,0.0,0.0
2025-03-17 00:00:00-04:00,7.664999961853027,8.399999618530273,7.650000095367432,8.170000076293945,5843700,0.0,0.0
2025-03-18 00:00:00-04:00,8.045000076293945,8.130000114440918,7.783999919891357,7.880000114440918,5212600,0.0,0.0
2025-03-19 00:00:00-04:00,7.900000095367432,8.34000015258789,7.829999923706055,8.130000114440918,3108300,0.0,0.0
2025-03-20 00:00:00-04:00,8.029999732971191,8.180000305175781,7.880000114440918,7.960000038146973,2325000,0.0,0.0
2025-03-21 00:00:00-04:00,7.809999942779541,8.519000053405762,7.730000019073486,8.449999809265137,4661200,0.0,0.0
2025-03-24 00:00:00-04:00,8.6899995803833,9.069999694824219,8.579999923706055,8.84000015258789,4522000,0.0,0.0
2025-03-25 00:00:00-04:00,8.899999618530273,8.970000267028809,8.649999618530273,8.739999771118164,3249300,0.0,0.0
2025-03-26 00:00:00-04:00,8.600000381469727,8.743000030517578,8.100000381469727,8.140000343322754,3276900,0.0,0.0
2025-03-27 00:00:00-04:00,8.079999923706055,8.369999885559082,7.920000076293945,8.010000228881836,3333500,0.0,0.0
2025-03-28 00:00:00-04:00,7.920000076293945,8.0,7.235000133514404,7.480000019073486,5463900,0.0,0.0
2025-03-31 00:00:00-04:00,7.110000133514404,7.5,6.940000057220459,7.340000152587891,5205100,0.0,0.0
2025-04-01 00:00:00-04:00,7.329999923706055,7.480000019073486,7.039999961853027,7.440000057220459,3991600,0.0,0.0
2025-04-02 00:00:00-04:00,7.335000038146973,7.78000020980835,7.170000076293945,7.630000114440918,3568500,0.0,0.0
2025-04-03 00:00:00-04:00,7.01200008392334,7.300000190734863,6.460000038146973,6.630000114440918,13368600,0.0,0.0
2025-04-04 00:00:00-04:00,6.260000228881836,6.429999828338623,5.690000057220459,6.309999942779541,9168700,0.0,0.0
2025-04-07 00:00:00-04:00,5.760000228881836,6.789999961853027,5.650000095367432,6.010000228881836,8970000,0.0,0.0
2025-04-08 00:00:00-04:00,6.380000114440918,6.434999942779541,5.269999980926514,5.460000038146973,7857700,0.0,0.0
2025-04-09 00:00:00-04:00,5.409999847412109,6.925000190734863,5.375,6.644999980926514,12090700,0.0,0.0
2025-04-10 00:00:00-04:00,6.230000019073486,6.36299991607666,5.650000095367432,5.920000076293945,8500600,0.0,0.0
2025-04-11 00:00:00-04:00,5.994999885559082,6.079999923706055,5.698999881744385,5.980000019073486,5635900,0.0,0.0
2025-04-14 00:00:00-04:00,6.389999866485596,6.400000095367432,5.809999942779541,6.010000228881836,4707300,0.0,0.0
2025-04-15 00:00:00-04:00,5.920000076293945,6.065000057220459,5.860000133514404,6.010000228881836,4067700,0.0,0.0
2025-04-16 00:00:00-04:00,5.855000019073486,5.96999979019165,5.690000057220459,5.829999923706055,3982200,0.0,0.0
2025-04-17 00:00:00-04:00,5.829999923706055,6.199999809265137,5.724999904632568,6.159999847412109,4632900,0.0,0.0
2025-04-21 00:00:00-04:00,5.96999979019165,6.159999847412109,5.860000133514404,6.139999866485596,3148500,0.0,0.0
2025-04-22 00:00:00-04:00,6.239999771118164,6.53000020980835,6.125,6.159999847412109,4234600,0.0,0.0
2025-04-23 00:00:00-04:00,6.519999980926514,6.84499979019165,6.244999885559082,6.320000171661377,5390200,0.0,0.0
2025-04-24 00:00:00-04:00,6.420000076293945,6.818999767303467,6.324999809265137,6.789999961853027,4050100,0.0,0.0
2025-04-25 00:00:00-04:00,6.710000038146973,7.010000228881836,6.610000133514404,6.840000152587891,3675600,0.0,0.0
2025-04-28 00:00:00-04:00,6.840000152587891,7.110000133514404,6.739999771118164,6.909999847412109,4096900,0.0,0.0
2025-04-29 00:00:00-04:00,6.909999847412109,6.920000076293945,6.630000114440918,6.769999980926514,3681600,0.0,0.0
2025-04-30 00:00:00-04:00,6.5,6.760000228881836,6.309999942779541,6.699999809265137,4919900,0.0,0.0
2025-05-01 00:00:00-04:00,6.644999980926514,6.989999771118164,5.860000133514404,6.139999866485596,13603600,0.0,0.0
2025-05-02 00:00:00-04:00,6.329999923706055,6.63700008392334,6.199999809265137,6.349999904632568,4885400,0.0,0.0
2025-05-05 00:00:00-04:00,6.289999961853027,6.289999961853027,6.050000190734863,6.090000152587891,4353600,0.0,0.0
2025-05-06 00:00:00-04:00,5.949999809265137,6.144999980926514,5.864999771118164,6.090000152587891,3694600,0.0,0.0
2025-05-07 00:00:00-04:00,6.130000114440918,6.284999847412109,6.074999809265137,6.179999828338623,3413600,0.0,0.0
2025-05-08 00:00:00-04:00,6.380000114440918,6.635000228881836,6.210000038146973,6.480000019073486,4080700,0.0,0.0
2025-05-09 00:00:00-04:00,6.429999828338623,6.78000020980835,6.369999885559082,6.579999923706055,4079700,0.0,0.0
2025-05-12 00:00:00-04:00,7.065000057220459,7.552000045776367,7.039999961853027,7.480000019073486,6543400,0.0,0.0
2025-05-13 00:00:00-04:00,7.559999942779541,8.175000190734863,7.550000190734863,7.929999828338623,6799200,0.0,0.0
2025-05-14 00:00:00-04:00,7.980000019073486,8.145000457763672,7.741000175476074,7.989999771118164,4696300,0.0,0.0
2025-05-15 00:00:00-04:00,7.869999885559082,7.980000019073486,7.699999809265137,7.789999961853027,3946700,0.0,0.0
2025-05-16 00:00:00-04:00,7.885000228881836,8.329999923706055,7.820000171661377,8.279999732971191,4762100,0.0,0.0
2025-05-19 00:00:00-04:00,7.949999809265137,7.965000152587891,7.619999885559082,7.960000038146973,3867900,0.0,0.0
2025-05-20 00:00:00-04:00,7.940000057220459,7.989999771118164,7.670000076293945,7.860000133514404,2845500,0.0,0.0
2025-05-21 00:00:00-04:00,7.760000228881836,7.784999847412109,7.269999980926514,7.349999904632568,3713900,0.0,0.0
2025-05-22 00:00:00-04:00,7.239999771118164,7.769999980926514,7.150000095367432,7.739999771118164,3956100,0.0,0.0
2025-05-23 00:00:00-04:00,7.449999809265137,7.849999904632568,7.409999847412109,7.769999980926514,2895500,0.0,0.0
2025-05-27 00:00:00-04:00,8.020000457763672,8.199999809265137,7.860000133514404,8.029999732971191,3778600,0.0,0.0
2025-05-28 00:00:00-04:00,8.069999694824219,8.359999656677246,7.914999961853027,8.300000190734863,3359100,0.0,0.0
2025-05-29 00:00:00-04:00,8.489999771118164,8.640000343322754,8.0,8.069999694824219,3559500,0.0,0.0
2025-05-30 00:00:00-04:00,7.980000019073486,7.989999771118164,7.550000190734863,7.619999885559082,3988500,0.0,0.0
2025-06-02 00:00:00-04:00,7.579999923706055,7.690000057220459,7.389999866485596,7.599999904632568,2493200,0.0,0.0
2025-06-03 00:00:00-04:00,7.610000133514404,8.045000076293945,7.480000019073486,7.929999828338623,2306200,0.0,0.0
2025-06-04 00:00:00-04:00,8.020000457763672,8.5600004196167,7.920000076293945,8.449999809265137,4335400,0.0,0.0
2025-06-05 00:00:00-04:00,8.449999809265137,8.609999656677246,7.840000152587891,8.029999732971191,4472100,0.0,0.0
2025-06-06 00:00:00-04:00,8.210000038146973,8.390000343322754,8.100000381469727,8.3100004196167,3404600,0.0,0.0
2025-06-09 00:00:00-04:00,8.5,9.0,8.470000267028809,8.59000015258789,6490200,0.0,0.0
2025-06-10 00:00:00-04:00,8.720000267028809,8.760000228881836,8.4350004196167,8.619999885559082,3141600,0.0,0.0
2025-06-11 00:00:00-04:00,8.779999732971191,9.050000190734863,8.59000015258789,8.680000305175781,3653900,0.0,0.0
2025-06-12 00:00:00-04:00,8.529999732971191,8.930999755859375,8.390000343322754,8.649999618530273,3165100,0.0,0.0
2025-06-13 00:00:00-04:00,8.260000228881836,8.539999961853027,8.029999732971191,8.220000267028809,4014400,0.0,0.0
2025-06-16 00:00:00-04:00,8.399999618530273,9.024999618530273,8.399999618530273,8.859999656677246,3907600,0.0,0.0
2025-06-17 00:00:00-04:00,8.704999923706055,8.845000267028809,8.420000076293945,8.4399995803833,3326500,0.0,0.0
2025-06-18 00:00:00-04:00,8.4399995803833,8.800000190734863,8.34000015258789,8.5,3192500,0.0,0.0
2025-06-20 00:00:00-04:00,8.65999984741211,8.670000076293945,8.109999656677246,8.229999542236328,3561200,0.0,0.0
2025-06-23 00:00:00-04:00,8.069999694824219,8.395000457763672,7.840000152587891,8.109999656677246,3070700,0.0,0.0
2025-06-24 00:00:00-04:00,8.329999923706055,8.65999984741211,8.329999923706055,8.600000381469727,3741300,0.0,0.0
2025-06-25 00:00:00-04:00,8.699999809265137,8.824999809265137,8.489999771118164,8.720000267028809,4459900,0.0,0.0
2025-06-26 00:00:00-04:00,8.770000457763672,10.600000381469727,8.765000343322754,10.529999732971191,14354800,0.0,0.0
2025-06-27 00:00:00-04:00,10.529000282287598,10.529000282287598,9.670000076293945,9.890000343322754,7904900,0.0,0.0
2025-06-30 00:00:00-04:00,10.029999732971191,10.800000190734863,9.720999717712402,10.34000015258789,10339800,0.0,0.0
2025-07-01 00:00:00-04:00,10.020000457763672,10.350000381469727,9.699999809265137,10.149999618530273,5037800,0.0,0.0
2025-07-02 00:00:00-04:00,10.609999656677246,11.600000381469727,10.477999687194824,11.119999885559082,14618900,0.0,0.0
2025-07-03 00:00:00-04:00,11.199999809265137,11.635000228881836,11.010000228881836,11.390000343322754,4929900,0.0,0.0
2025-07-07 00:00:00-04:00,12.350000381469727,13.369999885559082,11.6899995803833,13.029999732971191,23849500,0.0,0.0
2025-07-08 00:00:00-04:00,12.970000267028809,14.039999961853027,12.928000450134277,13.4399995803833,15208800,0.0,0.0
2025-07-09 00:00:00-04:00,13.649999618530273,14.390000343322754,13.4350004196167,13.720000267028809,10784300,0.0,0.0
2025-07-10 00:00:00-04:00,13.6850004196167,14.494999885559082,13.34000015258789,14.119999885559082,8603200,0.0,0.0
2025-07-11 00:00:00-04:00,13.989999771118164,14.420000076293945,13.710000038146973,14.069999694824219,8400200,0.0,0.0
2025-07-14 00:00:00-04:00,14.039999961853027,14.835000038146973,13.87600040435791,14.649999618530273,7822800,0.0,0.0
2025-07-15 00:00:00-04:00,15.039999961853027,16.229999542236328,14.600000381469727,14.630000114440918,16342600,0.0,0.0
2025-07-16 00:00:00-04:00,14.543999671936035,15.350000381469727,14.039999961853027,15.100000381469727,11932200,0.0,0.0
2025-07-17 00:00:00-04:00,14.430000305175781,16.040000915527344,13.550000190734863,15.930000305175781,12800300,0.0,0.0
2025-07-18 00:00:00-04:00,15.489999771118164,16.489999771118164,15.3100004196167,15.539999961853027,9432900,0.0,0.0
2025-07-21 00:00:00-04:00,15.529999732971191,15.90999984741211,13.770000457763672,14.430000305175781,11798800,0.0,0.0
2025-07-22 00:00:00-04:00,13.609999656677246,15.149999618530273,13.600000381469727,14.6899995803833,12349400,0.0,0.0
2025-07-23 00:00:00-04:00,14.585000038146973,15.020000457763672,14.472000122070312,14.5600004196167,7574600,0.0,0.0
2025-07-24 00:00:00-04:00,13.850000381469727,14.960000038146973,13.720000267028809,14.430000305175781,10857900,0.0,0.0
2025-07-25 00:00:00-04:00,14.489999771118164,14.779999732971191,14.010000228881836,14.6899995803833,7515600,0.0,0.0
2025-07-28 00:00:00-04:00,14.892000198364258,15.399999618530273,14.5600004196167,15.0600004196167,8258500,0.0,0.0
2025-07-29 00:00:00-04:00,15.069999694824219,15.369999885559082,14.109999656677246,14.260000228881836,8191200,0.0,0.0
2025-07-30 00:00:00-04:00,14.25,14.329999923706055,13.260000228881836,13.5,7080700,0.0,0.0
2025-07-31 00:00:00-04:00,13.630000114440918,13.800000190734863,13.239999771118164,13.399999618530273,8584200,0.0,0.0
2025-08-01 00:00:00-04:00,11.479999542236328,11.970000267028809,9.899999618530273,10.704999923706055,24282900,0.0,0.0
2025-08-04 00:00:00-04:00,11.0,11.020000457763672,10.454999923706055,10.989999771118164,7018300,0.0,0.0
2025-08-05 00:00:00-04:00,11.322999954223633,11.699999809265137,11.020000457763672,11.270000457763672,7088100,0.0,0.0
2025-08-06 00:00:00-04:00,11.229999542236328,11.640000343322754,11.029999732971191,11.229999542236328,5557400,0.0,0.0
2025-08-07 00:00:00-04:00,11.300000190734863,11.390000343322754,10.645000457763672,11.0,6352600,0.0,0.0
2025-08-08 00:00:00-04:00,11.085000038146973,11.3100004196167,10.630000114440918,10.779999732971191,4608000,0.0,0.0
2025-08-11 00:00:00-04:00,10.84000015258789,11.119999885559082,10.704999923706055,10.899999618530273,4582100,0.0,0.0
2025-08-12 00:00:00-04:00,10.899999618530273,10.899999618530273,10.529999732971191,10.699999809265137,5073700,0.0,0.0
2025-08-13 00:00:00-04:00,10.800000190734863,11.15999984741211,10.710000038146973,10.979999542236328,6327700,0.0,0.0
2025-08-14 00:00:00-04:00,10.800000190734863,10.800000190734863,10.369999885559082,10.5,6756300,0.0,0.0
2025-08-15 00:00:00-04:00,10.529999732971191,10.550000190734863,10.15999984741211,10.210000038146973,6126200,0.0,0.0
2025-08-18 00:00:00-04:00,10.210000038146973,10.550000190734863,10.149999618530273,10.170000076293945,5894400,0.0,0.0
2025-08-19 00:00:00-04:00,10.09000015258789,10.130000114440918,9.609999656677246,10.0,7249500,0.0,0.0
2025-08-20 00:00:00-04:00,10.0,10.25,9.479999542236328,10.09000015258789,6385200,0.0,0.0
2025-08-21 00:00:00-04:00,10.069999694824219,10.34000015258789,10.0,10.270000457763672,3539700,0.0,0.0
2025-08-22 00:00:00-04:00,10.350000381469727,10.699999809265137,10.258999824523926,10.510000228881836,7476600,0.0,0.0
2025-08-25 00:00:00-04:00,10.4399995803833,10.5600004196167,10.289999961853027,10.40999984741211,3785800,0.0,0.0
2025-08-26 00:00:00-04:00,10.4399995803833,10.774999618530273,10.399999618530273,10.489999771118164,4854700,0.0,0.0
2025-08-27 00:00:00-04:00,10.489999771118164,10.640000343322754,10.375,10.520000457763672,10575700,0.0,0.0
2025-08-28 00:00:00-04:00,10.479999542236328,10.489999771118164,9.899999618530273,9.930000305175781,9106300,0.0,0.0
2025-08-29 00:00:00-04:00,9.845000267028809,9.880000114440918,9.255000114440918,9.619999885559082,9387400,0.0,0.0
2025-09-02 00:00:00-04:00,9.329999923706055,9.579999923706055,9.149999618530273,9.380000114440918,5558200,0.0,0.0
2025-09-03 00:00:00-04:00,9.399999618530273,9.479999542236328,9.09000015258789,9.09000015258789,3951800,0.0,0.0
2025-09-04 00:00:00-04:00,9.199999809265137,9.276000022888184,8.914999961853027,9.020000457763672,5329900,0.0,0.0
2025-09-05 00:00:00-04:00,9.199999809265137,9.260000228881836,8.859999656677246,9.1899995803833,3536300,0.0,0.0
2025-09-08 00:00:00-04:00,9.300000190734863,9.5,9.109999656677246,9.390000343322754,4869200,0.0,0.0
2025-09-09 00:00:00-04:00,9.399999618530273,9.420000076293945,9.039999961853027,9.069999694824219,3891200,0.0,0.0
2025-09-10 00:00:00-04:00,9.069999694824219,9.194999694824219,8.729999542236328,9.149999618530273,6411300,0.0,0.0
2025-09-11 00:00:00-04:00,7.885000228881836,8.210000038146973,7.699999809265137,8.0,38670600,0.0,0.0
2025-09-12 00:00:00-04:00,8.085000038146973,8.25,7.909999847412109,8.140000343322754,8765500,0.0,0.0
2025-09-15 00:00:00-04:00,8.220000267028809,9.149999618530273,8.220000267028809,9.140000343322754,14205300,0.0,0.0
2025-09-16 00:00:00-04:00,9.260000228881836,9.260000228881836,8.831999778747559,8.899999618530273,12457800,0.0,0.0
2025-09-17 00:00:00-04:00,8.885000228881836,9.607999801635742,8.84000015258789,9.3100004196167,7177400,0.0,0.0
2025-09-18 00:00:00-04:00,9.59000015258789,10.100000381469727,9.371000289916992,9.960000038146973,10332900,0.0,0.0
2025-09-19 00:00:00-04:00,9.920000076293945,10.319999694824219,9.869999885559082,10.09000015258789,8669500,0.0,0.0
2025-09-22 00:00:00-04:00,10.069999694824219,10.489999771118164,9.829999923706055,10.420000076293945,4794700,0.0,0.0
2025-09-23 00:00:00-04:00,10.480999946594238,10.779999732971191,10.194999694824219,10.430000305175781,5668700,0.0,0.0
2025-09-24 00:00:00-04:00,10.550000190734863,10.65999984741211,10.192999839782715,10.3100004196167,3489900,0.0,0.0
2025-09-25 00:00:00-04:00,9.989999771118164,10.494999885559082,9.729999542236328,10.289999961853027,5717600,0.0,0.0
2025-09-26 00:00:00-04:00,10.260000228881836,10.329999923706055,10.0600004196167,10.09000015258789,3560500,0.0,0.0
2025-09-29 00:00:00-04:00,10.239999771118164,10.289999961853027,9.930000305175781,9.970000267028809,4615800,0.0,0.0
2025-09-30 00:00:00-04:00,9.920000076293945,9.989999771118164,9.6899995803833,9.970000267028809,5216900,0.0,0.0
2025-10-01 00:00:00-04:00,9.960000038146973,11.194999694824219,9.859999656677246,11.109999656677246,12235800,0.0,0.0
2025-10-02 00:00:00-04:00,11.350000381469727,12.100000381469727,11.114999771118164,11.649999618530273,10921700,0.0,0.0
2025-10-03 00:00:00-04:00,11.760000228881836,12.1899995803833,11.579999923706055,11.920000076293945,7313800,0.0,0.0
2025-10-06 00:00:00-04:00,12.399999618530273,12.979999542236328,12.020000457763672,12.960000038146973,10154300,0.0,0.0
2025-10-07 00:00:00-04:00,13.180000305175781,13.180000305175781,11.970000267028809,12.420000076293945,10291000,0.0,0.0
2025-10-08 00:00:00-04:00,12.520000457763672,13.170000076293945,12.460000038146973,12.65999984741211,7170200,0.0,0.0
2025-10-09 00:00:00-04:00,12.729999542236328,12.895000457763672,12.489999771118164,12.550000190734863,4664200,0.0,0.0
2025-10-10 00:00:00-04:00,12.550000190734863,13.039999961853027,11.90999984741211,12.069999694824219,7188000,0.0,0.0
2025-10-13 00:00:00-04:00,12.65999984741211,13.734999656677246,12.625,13.020000457763672,11865600,0.0,0.0
2025-10-14 00:00:00-04:00,12.8100004196167,13.359999656677246,12.390000343322754,12.869999885559082,8964300,0.0,0.0
2025-10-15 00:00:00-04:00,13.34000015258789,14.210000038146973,13.0,13.1899995803833,13857400,0.0,0.0
2025-10-16 00:00:00-04:00,13.279999732971191,13.63599967956543,11.470000267028809,11.510000228881836,14265500,0.0,0.0
2025-10-17 00:00:00-04:00,11.289999961853027,11.640000343322754,11.050000190734863,11.210000038146973,6664700,0.0,0.0
2025-10-20 00:00:00-04:00,11.75,12.6899995803833,11.510000228881836,12.670000076293945,7103700,0.0,0.0
2025-10-21 00:00:00-04:00,12.430000305175781,12.5,11.819999694824219,11.850000381469727,5684600,0.0,0.0
2025-10-22 00:00:00-04:00,11.600000381469727,11.729000091552734,10.84000015258789,11.21500015258789,7320800,0.0,0.0
2025-10-23 00:00:00-04:00,11.380000114440918,11.609999656677246,11.229999542236328,11.479999542236328,4436400,0.0,0.0
2025-10-24 00:00:00-04:00,11.895000457763672,12.539999961853027,11.800000190734863,12.319999694824219,7285700,0.0,0.0
2025-10-27 00:00:00-04:00,12.489999771118164,12.649999618530273,12.109999656677246,12.170000076293945,4356400,0.0,0.0
2025-10-28 00:00:00-04:00,12.164999961853027,12.279999732971191,11.614999771118164,11.680000305175781,4647300,0.0,0.0
2025-10-29 00:00:00-04:00,11.779999732971191,12.329999923706055,11.670000076293945,11.770000457763672,6428200,0.0,0.0
2025-10-30 00:00:00-04:00,11.5649995803833,11.800999641418457,11.354999542236328,11.369999885559082,4889600,0.0,0.0
2025-10-31 00:00:00-04:00,11.59000015258789,12.0,11.432000160217285,11.989999771118164,5182700,0.0,0.0
2025-11-03 00:00:00-05:00,11.960000038146973,12.395000457763672,11.640000343322754,12.210000038146973,6248500,0.0,0.0
2025-11-04 00:00:00-05:00,11.630000114440918,11.918000221252441,11.09000015258789,11.109999656677246,6674500,0.0,0.0
2025-11-05 00:00:00-05:00,11.260000228881836,11.649999618530273,11.199999809265137,11.319999694824219,9564400,0.0,0.0
2025-11-06 00:00:00-05:00,9.979999542236328,10.347999572753906,8.5600004196167,9.029999732971191,27665000,0.0,0.0
2025-11-07 00:00:00-05:00,8.760000228881836,9.720000267028809,8.670000076293945,9.5649995803833,10425800,0.0,0.0
2025-11-10 00:00:00-05:00,9.819999694824219,9.892999649047852,8.970000267028809,9.279999732971191,7740900,0.0,0.0
2025-11-11 00:00:00-05:00,9.130000114440918,9.135000228881836,8.699999809265137,8.84000015258789,6758600,0.0,0.0
2025-11-12 00:00:00-05:00,8.899999618530273,8.940999984741211,8.300000190734863,8.350000381469727,8215500,0.0,0.0
2025-11-13 00:00:00-05:00,8.220000267028809,8.225000381469727,7.769999980926514,8.079999923706055,11344600,0.0,0.0
2025-11-14 00:00:00-05:00,7.760000228881836,8.350000381469727,7.71999979019165,8.03499984741211,6074300,0.0,0.0
2025-11-17 00:00:00-05:00,7.925000190734863,8.010000228881836,7.341000080108643,7.449999809265137,8720000,0.0,0.0
2025-11-18 00:00:00-05:00,7.284999847412109,7.690000057220459,7.130000114440918,7.5,7424900,0.0,0.0
2025-11-19 00:00:00-05:00,7.550000190734863,7.894999980926514,7.489999771118164,7.619999885559082,5125400,0.0,0.0
2025-11-20 00:00:00-05:00,7.949999809265137,8.104999542236328,7.079999923706055,7.110000133514404,6854700,0.0,0.0
2025-11-21 00:00:00-05:00,7.150000095367432,7.574999809265137,6.679999828338623,7.46999979019165,10404800,0.0,0.0
2025-11-24 00:00:00-05:00,7.494999885559082,7.650000095367432,7.369999885559082,7.579999923706055,4858800,0.0,0.0
2025-11-25 00:00:00-05:00,7.559999942779541,7.675000190734863,7.269999980926514,7.570000171661377,3730600,0.0,0.0
2025-11-26 00:00:00-05:00,7.610000133514404,7.730000019073486,7.418000221252441,7.53000020980835,3754300,0.0,0.0
2025-11-28 00:00:00-05:00,7.53000020980835,7.894999980926514,7.53000020980835,7.789999961853027,2930200,0.0,0.0
2025-12-01 00:00:00-05:00,7.559999942779541,7.599999904632568,7.264999866485596,7.289999961853027,5143900,0.0,0.0
2025-12-02 00:00:00-05:00,7.349999904632568,7.650000095367432,7.340000152587891,7.539999961853027,4437000,0.0,0.0
2025-12-03 00:00:00-05:00,7.53000020980835,8.385000228881836,7.420000076293945,8.34000015258789,5332800,0.0,0.0
2025-12-04 00:00:00-05:00,8.34000015258789,9.100000381469727,8.210000038146973,9.09000015258789,6580600,0.0,0.0
2025-12-05 00:00:00-05:00,9.039999961853027,9.170000076293945,8.829999923706055,8.960000038146973,4878700,0.0,0.0
2025-12-08 00:00:00-05:00,8.979999542236328,9.0,8.53499984741211,8.680000305175781,5882700,0.0,0.0
2025-12-09 00:00:00-05:00,8.585000038146973,9.119999885559082,8.5,8.970000267028809,7987600,0.0,0.0
2025-12-10 00:00:00-05:00,8.890000343322754,9.1899995803833,8.625,9.130000114440918,6993200,0.0,0.0
2025-12-11 00:00:00-05:00,8.885000228881836,9.0600004196167,8.550000190734863,9.0,8829700,0.0,0.0
2025-12-12 00:00:00-05:00,9.0,9.140000343322754,8.619999885559082,8.640000343322754,6574500,0.0,0.0
2025-12-15 00:00:00-05:00,8.800000190734863,8.84000015258789,7.849999904632568,7.900000095367432,7690400,0.0,0.0
2025-12-16 00:00:00-05:00,7.710000038146973,7.960000038146973,7.510000228881836,7.739999771118164,6680100,0.0,0.0
2025-12-17 00:00:00-05:00,7.710000038146973,7.895999908447266,7.179999828338623,7.199999809265137,6415400,0.0,0.0
2025-12-18 00:00:00-05:00,7.46999979019165,7.699999809265137,7.372000217437744,7.46999979019165,4925400,0.0,0.0
2025-12-19 00:00:00-05:00,7.489999771118164,7.954999923706055,7.449999809265137,7.860000133514404,8054700,0.0,0.0
2025-12-22 00:00:00-05:00,8.0,8.369999885559082,7.920000076293945,8.34000015258789,7394400,0.0,0.0
2025-12-23 00:00:00-05:00,8.239999771118164,8.579000473022461,8.130000114440918,8.399999618530273,5570300,0.0,0.0
2025-12-24 00:00:00-05:00,8.489999771118164,8.569999694824219,8.194999694824219,8.270000457763672,2374700,0.0,0.0
2025-12-26 00:00:00-05:00,8.239999771118164,8.239999771118164,7.605000019073486,7.630000114440918,4760100,0.0,0.0
2025-12-29 00:00:00-05:00,7.5,7.7729997634887695,7.400000095367432,7.619999885559082,4947800,0.0,0.0
2025-12-30 00:00:00-05:00,7.619999885559082,7.660999774932861,7.385000228881836,7.420000076293945,4643400,0.0,0.0
2025-12-31 00:00:00-05:00,7.409999847412109,7.46999979019165,7.204999923706055,7.309999942779541,4666500,0.0,0.0
2026-01-02 00:00:00-05:00,7.53000020980835,7.920000076293945,7.505000114440918,7.889999866485596,5239600,0.0,0.0
2026-01-05 00:00:00-05:00,8.03499984741211,8.779000282287598,8.029999732971191,8.729999542236328,7783100,0.0,0.0
2026-01-06 00:00:00-05:00,8.744999885559082,8.890000343322754,8.345000267028809,8.680000305175781,7494100,0.0,0.0
2026-01-07 00:00:00-05:00,8.5600004196167,8.609999656677246,7.914999961853027,8.079999923706055,5518000,0.0,0.0
2026-01-08 00:00:00-05:00,8.119999885559082,8.449999809265137,7.889999866485596,7.909999847412109,5377700,0.0,0.0
2026-01-09 00:00:00-05:00,7.96999979019165,8.0,7.474999904632568,7.920000076293945,8476600,0.0,0.0
2026-01-12 00:00:00-05:00,7.880000114440918,8.194999694824219,7.53000020980835,7.860000133514404,5769100,0.0,0.0
2026-01-13 00:00:00-05:00,8.0600004196167,8.119999885559082,7.579999923706055,8.020000457763672,5357300,0.0,0.0
2026-01-14 00:00:00-05:00,7.989999771118164,8.260000228881836,7.741000175476074,8.210000038146973,5546100,0.0,0.0
2026-01-15 00:00:00-05:00,8.25,8.3100004196167,7.760000228881836,7.820000171661377,5946500,0.0,0.0
2026-01-16 00:00:00-05:00,7.800000190734863,8.5,7.739999771118164,8.239999771118164,8644700,0.0,0.0
2026-01-20 00:00:00-05:00,7.699999809265137,8.029999732971191,7.309999942779541,7.385000228881836,10779100,0.0,0.0
2026-01-21 00:00:00-05:00,7.539999961853027,8.0,7.289999961853027,7.525000095367432,7721000,0.0,0.0
2026-01-22 00:00:00-05:00,7.679999828338623,7.960000038146973,7.659999847412109,7.699999809265137,4860900,0.0,0.0
2026-01-23 00:00:00-05:00,7.71999979019165,7.789999961853027,7.445000171661377,7.53000020980835,5199200,0.0,0.0
2026-01-26 00:00:00-05:00,7.480000019073486,7.485000133514404,7.140999794006348,7.199999809265137,5372800,0.0,0.0
2026-01-27 00:00:00-05:00,7.139999866485596,7.260000228881836,7.0,7.21999979019165,6098000,0.0,0.0
2026-01-28 00:00:00-05:00,7.329999923706055,7.380000114440918,7.110000133514404,7.199999809265137,4136700,0.0,0.0
2026-01-29 00:00:00-05:00,7.269999980926514,7.320000171661377,6.909999847412109,7.130000114440918,5359300,0.0,0.0
2026-01-30 00:00:00-05:00,6.989999771118164,7.150000095367432,6.610000133514404,6.619999885559082,8477100,0.0,0.0
2026-02-02 00:00:00-05:00,6.539999961853027,7.03000020980835,6.520999908447266,6.849999904632568,6433100,0.0,0.0
2026-02-03 00:00:00-05:00,6.889999866485596,7.0,6.295000076293945,6.539999961853027,9461700,0.0,0.0
2026-02-04 00:00:00-05:00,6.670000076293945,6.820000171661377,6.099999904632568,6.409999847412109,8530600,0.0,0.0
2026-02-05 00:00:00-05:00,6.179999828338623,6.210000038146973,5.639999866485596,5.644999980926514,10449100,0.0,0.0
2026-02-06 00:00:00-05:00,5.885000228881836,6.465000152587891,5.864999771118164,6.380000114440918,9661700,0.0,0.0
2026-02-09 00:00:00-05:00,6.349999904632568,6.599999904632568,6.2210001945495605,6.480000019073486,7990200,0.0,0.0
2026-02-10 00:00:00-05:00,6.480000019073486,6.860000133514404,6.264999866485596,6.28000020980835,5690200,0.0,0.0
2026-02-11 00:00:00-05:00,6.369999885559082,6.389999866485596,5.949999809265137,6.130000114440918,5847300,0.0,0.0
2026-02-12 00:00:00-05:00,6.175000190734863,6.175000190734863,5.690000057220459,5.760000228881836,7019500,0.0,0.0
2026-02-13 00:00:00-05:00,5.760000228881836,6.135000228881836,5.71999979019165,5.920000076293945,4874500,0.0,0.0
2026-02-17 00:00:00-05:00,5.840000152587891,6.03000020980835,5.590000152587891,5.920000076293945,4132300,0.0,0.0
2026-02-18 00:00:00-05:00,5.940000057220459,6.150000095367432,5.809999942779541,5.949999809265137,3769700,0.0,0.0
2026-02-19 00:00:00-05:00,5.900000095367432,6.03000020980835,5.795000076293945,6.03000020980835,2664600,0.0,0.0
2026-02-20 00:00:00-05:00,5.954999923706055,6.135000228881836,5.820000171661377,5.949999809265137,3945800,0.0,0.0
2026-02-23 00:00:00-05:00,5.849999904632568,5.900000095367432,5.715000152587891,5.869999885559082,3552800,0.0,0.0
2026-02-24 00:00:00-05:00,5.849999904632568,6.144999980926514,5.710000038146973,6.110000133514404,4844100,0.0,0.0
2026-02-25 00:00:00-05:00,6.150000095367432,6.429999828338623,6.079999923706055,6.150000095367432,8118600,0.0,0.0
2026-02-26 00:00:00-05:00,5.75,6.389999866485596,5.619999885559082,5.949999809265137,12787200,0.0,0.0
2026-02-27 00:00:00-05:00,5.789999961853027,5.815000057220459,5.239999771118164,5.269999980926514,10542600,0.0,0.0
2026-03-02 00:00:00-05:00,5.070000171661377,5.5,5.03000020980835,5.449999809265137,7351700,0.0,0.0
2026-03-03 00:00:00-05:00,5.171999931335449,5.269999980926514,5.050000190734863,5.070000171661377,6851400,0.0,0.0
2026-03-04 00:00:00-05:00,5.139999866485596,5.3379998207092285,5.045000076293945,5.110000133514404,5227200,0.0,0.0
2026-03-05 00:00:00-05:00,5.059999942779541,5.215000152587891,4.909999847412109,5.050000190734863,6356000,0.0,0.0
2026-03-06 00:00:00-05:00,4.920000076293945,5.127999782562256,4.840000152587891,4.849999904632568,7165500,0.0,0.0
2026-03-09 00:00:00-04:00,4.78000020980835,5.130000114440918,4.614999771118164,5.090000152587891,7242600,0.0,0.0
2026-03-10 00:00:00-04:00,5.090000152587891,5.114999771118164,4.824999809265137,4.940000057220459,6874600,0.0,0.0
2026-03-11 00:00:00-04:00,4.940000057220459,5.105000019073486,4.909999847412109,5.010000228881836,5007100,0.0,0.0
2026-03-12 00:00:00-04:00,4.909999847412109,5.056000232696533,4.789999961853027,4.920000076293945,5456300,0.0,0.0
2026-03-13 00:00:00-04:00,5.010000228881836,5.175000190734863,4.869999885559082,4.940000057220459,4920600,0.0,0.0
2026-03-16 00:00:00-04:00,4.980000019073486,5.090000152587891,4.841000080108643,5.070000171661377,4631900,0.0,0.0
2026-03-17 00:00:00-04:00,5.059999942779541,5.199999809265137,4.989999771118164,5.110000133514404,3607200,0.0,0.0
2026-03-18 00:00:00-04:00,5.070000171661377,5.205999851226807,4.820000171661377,4.840000152587891,5109400,0.0,0.0
2026-03-19 00:00:00-04:00,4.789999961853027,5.135000228881836,4.699999809265137,5.079999923706055,4838400,0.0,0.0
2026-03-20 00:00:00-04:00,5.03000020980835,5.130000114440918,4.809999942779541,4.860000133514404,8010200,0.0,0.0
2026-03-23 00:00:00-04:00,4.980000019073486,5.099999904632568,4.920000076293945,5.019999980926514,4686800,0.0,0.0
2026-03-24 00:00:00-04:00,4.889999866485596,5.114999771118164,4.889999866485596,5.039999961853027,4520600,0.0,0.0
2026-03-25 00:00:00-04:00,5.159999847412109,5.554999828338623,5.150000095367432,5.389999866485596,6204200,0.0,0.0
2026-03-26 00:00:00-04:00,5.25,5.394999980926514,5.079999923706055,5.119999885559082,4568900,0.0,0.0
2026-03-27 00:00:00-04:00,5.059999942779541,5.28000020980835,5.019999980926514,5.230000019073486,5279600,0.0,0.0
2026-03-30 00:00:00-04:00,5.21999979019165,5.329999923706055,4.820000171661377,4.880000114440918,8061700,0.0,0.0
2026-03-31 00:00:00-04:00,4.980000019073486,5.210000038146973,4.90500020980835,5.179999828338623,6213300,0.0,0.0
2026-04-01 00:00:00-04:00,5.210000038146973,5.239999771118164,4.949999809265137,4.96999979019165,5096400,0.0,0.0
2026-04-02 00:00:00-04:00,4.829999923706055,5.070000171661377,4.769999980926514,5.059999942779541,3977400,0.0,0.0
2026-04-06 00:00:00-04:00,5.085000038146973,5.840000152587891,5.070000171661377,5.75,9991600,0.0,0.0
2026-04-07 00:00:00-04:00,5.690000057220459,5.690000057220459,5.24399995803833,5.559999942779541,6853100,0.0,0.0
2026-04-08 00:00:00-04:00,5.920000076293945,5.989999771118164,5.599999904632568,5.730000019073486,5213000,0.0,0.0
2026-04-09 00:00:00-04:00,5.679999828338623,5.835000038146973,5.5,5.579999923706055,4553500,0.0,0.0
2026-04-10 00:00:00-04:00,5.679999828338623,6.170000076293945,5.65500020980835,6.090000152587891,7862700,0.0,0.0
2026-04-13 00:00:00-04:00,5.960000038146973,6.099999904632568,5.885000228881836,5.980000019073486,4416900,0.0,0.0
2026-04-14 00:00:00-04:00,6.21999979019165,6.385000228881836,5.993000030517578,6.360000133514404,6070700,0.0,0.0
2026-04-15 00:00:00-04:00,6.389999866485596,6.4670000076293945,6.090000152587891,6.309999942779541,5185400,0.0,0.0
2026-04-16 00:00:00-04:00,6.409999847412109,6.570000171661377,6.164999961853027,6.539999961853027,5909400,0.0,0.0
2026-04-17 00:00:00-04:00,6.71999979019165,6.78000020980835,6.539999961853027,6.619999885559082,5620200,0.0,0.0
2026-04-20 00:00:00-04:00,6.480000019073486,6.840000152587891,6.420000076293945,6.829999923706055,4802500,0.0,0.0
2026-04-21 00:00:00-04:00,6.954999923706055,6.989999771118164,6.5,6.53000020980835,6766300,0.0,0.0
2026-04-22 00:00:00-04:00,6.748000144958496,7.074999809265137,6.71999979019165,7.0,6691100,0.0,0.0
2026-04-23 00:00:00-04:00,7.0,7.074999809265137,6.385000228881836,6.639999866485596,5925000,0.0,0.0
2026-04-24 00:00:00-04:00,6.800000190734863,6.869999885559082,6.429999828338623,6.610000133514404,4294300,0.0,0.0
2026-04-27 00:00:00-04:00,6.599999904632568,6.745999813079834,6.46999979019165,6.510000228881836,4881300,0.0,0.0
2026-04-28 00:00:00-04:00,6.25,6.400000095367432,6.125,6.369999885559082,4008600,0.0,0.0
2026-04-29 00:00:00-04:00,6.369999885559082,6.440000057220459,6.110000133514404,6.400000095367432,4309500,0.0,0.0
2026-04-30 00:00:00-04:00,6.400000095367432,6.760000228881836,6.335000038146973,6.670000076293945,4311700,0.0,0.0
2026-05-01 00:00:00-04:00,6.699999809265137,6.804999828338623,6.554999828338623,6.769999980926514,2876200,0.0,0.0
2026-05-04 00:00:00-04:00,6.840000152587891,7.0,6.670000076293945,6.75,4408900,0.0,0.0
2026-05-05 00:00:00-04:00,6.840000152587891,7.054999828338623,6.715000152587891,6.880000114440918,5655700,0.0,0.0
2026-05-06 00:00:00-04:00,6.349999904632568,6.690000057220459,6.164999961853027,6.690000057220459,8118100,0.0,0.0
2026-05-07 00:00:00-04:00,6.679999828338623,6.679999828338623,6.309999942779541,6.420000076293945,4951600,0.0,0.0
2026-05-08 00:00:00-04:00,6.480000019073486,6.625,6.269999980926514,6.610000133514404,4728900,0.0,0.0
2026-05-11 00:00:00-04:00,6.630000114440918,7.449999809265137,6.53000020980835,7.179999828338623,11830500,0.0,0.0
2026-05-12 00:00:00-04:00,7.010000228881836,7.179999828338623,6.579999923706055,6.96999979019165,6970100,0.0,0.0
2026-05-13 00:00:00-04:00,7.079999923706055,7.5,6.820000171661377,7.289999961853027,13082400,0.0,0.0
2026-05-14 00:00:00-04:00,6.309999942779541,6.480000019073486,5.829999923706055,6.300000190734863,16938600,0.0,0.0
2026-05-15 00:00:00-04:00,6.104000091552734,6.28000020980835,5.949999809265137,6.110000133514404,7771300,0.0,0.0
2026-05-18 00:00:00-04:00,6.170000076293945,6.179999828338623,5.75,5.929999828338623,7867600,0.0,0.0
2026-05-19 00:00:00-04:00,5.795000076293945,5.795000076293945,5.389999866485596,5.53000020980835,6780900,0.0,0.0
2026-05-20 00:00:00-04:00,5.570000171661377,6.369999885559082,5.434999942779541,6.360000133514404,9071000,0.0,0.0
2026-05-21 00:00:00-04:00,6.21999979019165,6.46999979019165,6.159999847412109,6.300000190734863,6028800,0.0,0.0
2026-05-22 00:00:00-04:00,6.329999923706055,6.849999904632568,6.251999855041504,6.679999828338623,11146600,0.0,0.0
2026-05-26 00:00:00-04:00,6.849999904632568,7.635000228881836,6.809999942779541,7.25,10352400,0.0,0.0
2026-05-27 00:00:00-04:00,7.21999979019165,7.619999885559082,7.010000228881836,7.5,6964300,0.0,0.0
2026-05-28 00:00:00-04:00,7.480000019073486,7.949999809265137,7.300000190734863,7.650000095367432,8061400,0.0,0.0
2026-05-29 00:00:00-04:00,7.554999828338623,8.329999923706055,7.329999923706055,7.980000019073486,10541500,0.0,0.0
2026-06-01 00:00:00-04:00,7.900000095367432,8.630000114440918,7.630000114440918,8.579999923706055,13253600,0.0,0.0
2026-06-02 00:00:00-04:00,8.470000267028809,9.149999618530273,8.359999656677246,8.619999885559082,10804300,0.0,0.0
2026-06-03 00:00:00-04:00,8.4399995803833,8.680000305175781,8.140000343322754,8.229999542236328,7293100,0.0,0.0
2026-06-04 00:00:00-04:00,8.0,8.545000076293945,7.869999885559082,8.359999656677246,7253100,0.0,0.0
2026-06-05 00:00:00-04:00,8.175000190734863,8.229999542236328,7.099999904632568,7.28000020980835,8552000,0.0,0.0
2026-06-08 00:00:00-04:00,7.619999885559082,7.679999828338623,7.255000114440918,7.320000171661377,3643700,0.0,0.0
2026-06-09 00:00:00-04:00,7.380000114440918,7.559999942779541,6.421000003814697,6.75,7614800,0.0,0.0
2026-06-10 00:00:00-04:00,6.630000114440918,6.820000171661377,6.269999980926514,6.28000020980835,5222500,0.0,0.0
2026-06-11 00:00:00-04:00,6.329999923706055,6.730000019073486,6.190999984741211,6.699999809265137,4653100,0.0,0.0
2026-06-12 00:00:00-04:00,6.71999979019165,6.849999904632568,6.53000020980835,6.659999847412109,4056400,0.0,0.0
2026-06-15 00:00:00-04:00,7.090000152587891,7.395999908447266,7.045000076293945,7.079999923706055,5173200,0.0,0.0
2026-06-16 00:00:00-04:00,7.019999980926514,7.130000114440918,6.614999771118164,6.630000114440918,3868700,0.0,0.0
2026-06-17 00:00:00-04:00,6.699999809265137,7.110000133514404,6.619999885559082,6.690000057220459,3896500,0.0,0.0
2026-06-18 00:00:00-04:00,6.940000057220459,7.119999885559082,6.730000019073486,7.079999923706055,4935500,0.0,0.0
2026-06-22 00:00:00-04:00,7.050000190734863,7.28000020980835,6.960999965667725,7.050000190734863,3750200,0.0,0.0
2026-06-23 00:00:00-04:00,6.611999988555908,6.889999866485596,6.320000171661377,6.329999923706055,5270200,0.0,0.0
2026-06-24 00:00:00-04:00,6.389999866485596,6.389999866485596,5.920000076293945,5.940000057220459,6421500,0.0,0.0
2026-06-25 00:00:00-04:00,6.090000152587891,6.224999904632568,5.840000152587891,6.050000190734863,4773800,0.0,0.0
2026-06-26 00:00:00-04:00,5.880000114440918,6.074999809265137,5.769999980926514,5.949999809265137,8172200,0.0,0.0
2026-06-29 00:00:00-04:00,6.039999961853027,6.21999979019165,5.750999927520752,6.099999904632568,4796700,0.0,0.0
2026-06-30 00:00:00-04:00,6.099999904632568,6.34499979019165,6.014999866485596,6.070000171661377,4833800,0.0,0.0
2026-07-01 00:00:00-04:00,5.900000095367432,6.175000190734863,5.829999923706055,5.849999904632568,4636800,0.0,0.0
2026-07-02 00:00:00-04:00,5.889999866485596,6.059999942779541,5.324999809265137,5.360000133514404,6421600,0.0,0.0
2026-07-06 00:00:00-04:00,5.465000152587891,5.795000076293945,5.409999847412109,5.619999885559082,5223100,0.0,0.0
2026-07-07 00:00:00-04:00,5.489999771118164,5.559999942779541,4.934999942779541,4.985000133514404,8369100,0.0,0.0
2026-07-08 00:00:00-04:00,4.929999828338623,5.139999866485596,4.860000133514404,5.125,5514500,0.0,0.0
2026-07-09 00:00:00-04:00,5.519999980926514,5.619999885559082,5.28000020980835,5.400000095367432,9261000,0.0,0.0
2026-07-10 00:00:00-04:00,5.409999847412109,5.46999979019165,5.175000190734863,5.199999809265137,4450400,0.0,0.0
2026-07-13 00:00:00-04:00,5.072000026702881,5.190000057220459,4.909999847412109,4.949999809265137,5472900,0.0,0.0
2026-07-14 00:00:00-04:00,5.090000152587891,5.210000038146973,5.019999980926514,5.059999942779541,4785000,0.0,0.0
2026-07-15 00:00:00-04:00,5.110000133514404,5.349999904632568,4.974999904632568,5.110000133514404,4429200,0.0,0.0
2026-07-16 00:00:00-04:00,4.989999771118164,5.03000020980835,4.570000171661377,4.699999809265137,8741000,0.0,0.0
2026-07-17 00:00:00-04:00,4.570000171661377,4.875,4.550000190734863,4.71999979019165,5981200,0.0,0.0
2026-07-20 00:00:00-04:00,4.829999923706055,4.860000133514404,4.525000095367432,4.570000171661377,5659400,0.0,0.0
2026-07-21 00:00:00-04:00,4.599999904632568,4.914999961853027,4.599999904632568,4.824999809265137,4096100,0.0,0.0
2026-07-22 00:00:00-04:00,4.775000095367432,4.860000133514404,4.639999866485596,4.679999828338623,3042700,0.0,0.0
2026-07-23 00:00:00-04:00,4.599999904632568,4.659999847412109,4.329999923706055,4.340000152587891,6185100,0.0,0.0
2026-07-24 00:00:00-04:00,4.300000190734863,4.340000152587891,3.9049999713897705,3.950000047683716,8624200,0.0,0.0
2026-07-27 00:00:00-04:00,4.070000171661377,4.239999771118164,4.0,4.230000019073486,5968500,0.0,0.0
2026-07-28 00:00:00-04:00,4.070000171661377,4.099999904632568,3.8499999046325684,3.9700000286102295,8388200,0.0,0.0
2026-07-29 00:00:00-04:00,3.9549999237060547,4.034999847412109,3.6700000762939453,3.680000066757202,9936200,0.0,0.0
2026-07-30 00:00:00-04:00,3.8499999046325684,4.235000133514404,3.7750000953674316,4.179999828338623,8174804,0.0,0.0
