Date,Open,High,Low,Close,Volume,Dividends,Stock Splits
2022-01-03 00:00:00-05:00,284.0,285.0400085449219,274.6600036621094,282.45001220703125,572600,0.0,0.0
2022-01-04 00:00:00-05:00,284.5,286.7799987792969,263.25,273.1000061035156,833600,0.0,0.0
2022-01-05 00:00:00-05:00,272.6000061035156,272.6000061035156,249.57000732421875,249.80999755859375,1121100,0.0,0.0
2022-01-06 00:00:00-05:00,249.97000122070312,255.48500061035156,242.02000427246094,248.24000549316406,1195900,0.0,0.0
2022-01-07 00:00:00-05:00,248.00999450683594,259.5199890136719,247.00999450683594,248.91000366210938,640300,0.0,0.0
2022-01-10 00:00:00-05:00,247.65499877929688,255.9499969482422,241.0,255.47000122070312,1317100,0.0,0.0
2022-01-11 00:00:00-05:00,254.55999755859375,264.17999267578125,253.72000122070312,261.0899963378906,785600,0.0,0.0
2022-01-12 00:00:00-05:00,264.9599914550781,269.0,258.4200134277344,261.0199890136719,497500,0.0,0.0
2022-01-13 00:00:00-05:00,270.239990234375,277.6400146484375,260.1499938964844,260.42999267578125,1222800,0.0,0.0
2022-01-14 00:00:00-05:00,255.14999389648438,266.5199890136719,248.8300018310547,253.8300018310547,771100,0.0,0.0
2022-01-18 00:00:00-05:00,246.1699981689453,252.1300048828125,238.24000549316406,238.8000030517578,864900,0.0,0.0
2022-01-19 00:00:00-05:00,240.0,244.49000549316406,231.74000549316406,232.08999633789062,820200,0.0,0.0
2022-01-20 00:00:00-05:00,237.0,246.52000427246094,230.9199981689453,231.32000732421875,940100,0.0,0.0
2022-01-21 00:00:00-05:00,227.6199951171875,232.75999450683594,218.88999938964844,220.30999755859375,999900,0.0,0.0
2022-01-24 00:00:00-05:00,208.0,225.91000366210938,200.86000061035156,225.8699951171875,2059100,0.0,0.0
2022-01-25 00:00:00-05:00,218.55999755859375,219.72000122070312,210.59800720214844,212.74000549316406,1069600,0.0,0.0
2022-01-26 00:00:00-05:00,223.3000030517578,228.86000061035156,210.42999267578125,214.1300048828125,998700,0.0,0.0
2022-01-27 00:00:00-05:00,218.30999755859375,219.5,208.6999969482422,209.82000732421875,1305500,0.0,0.0
2022-01-28 00:00:00-05:00,210.92999267578125,214.47000122070312,202.60000610351562,212.07000732421875,1142700,0.0,0.0
2022-01-31 00:00:00-05:00,216.3300018310547,239.0,213.50999450683594,238.22000122070312,1204800,0.0,0.0
2022-02-01 00:00:00-05:00,241.8000030517578,243.4499969482422,232.24000549316406,242.22999572753906,778400,0.0,0.0
2022-02-02 00:00:00-05:00,244.36000061035156,246.97000122070312,236.57000732421875,238.3000030517578,443600,0.0,0.0
2022-02-03 00:00:00-05:00,232.11000061035156,238.05999755859375,228.50999450683594,231.1999969482422,635300,0.0,0.0
2022-02-04 00:00:00-05:00,229.88999938964844,242.0,227.24000549316406,238.25999450683594,606200,0.0,0.0
2022-02-07 00:00:00-05:00,239.3300018310547,247.52999877929688,238.3699951171875,240.97000122070312,643700,0.0,0.0
2022-02-08 00:00:00-05:00,239.63999938964844,249.4199981689453,238.67999267578125,248.7100067138672,562200,0.0,0.0
2022-02-09 00:00:00-05:00,274.9639892578125,278.5,258.20001220703125,265.9800109863281,2173900,0.0,0.0
2022-02-10 00:00:00-05:00,260.0,275.9700012207031,259.5050048828125,264.5,1174600,0.0,0.0
2022-02-11 00:00:00-05:00,261.44000244140625,264.82000732421875,247.1300048828125,250.08999633789062,880700,0.0,0.0
2022-02-14 00:00:00-05:00,247.86000061035156,254.1300048828125,243.281005859375,249.22000122070312,815700,0.0,0.0
2022-02-15 00:00:00-05:00,258.3500061035156,262.989990234375,255.30999755859375,262.1600036621094,963500,0.0,0.0
2022-02-16 00:00:00-05:00,256.0,267.29998779296875,248.14999389648438,266.7200012207031,1273300,0.0,0.0
2022-02-17 00:00:00-05:00,262.8599853515625,269.3900146484375,261.010009765625,263.260009765625,647700,0.0,0.0
2022-02-18 00:00:00-05:00,264.32000732421875,264.8550109863281,255.22000122070312,257.9100036621094,1003400,0.0,0.0
2022-02-22 00:00:00-05:00,250.6199951171875,257.885009765625,244.86000061035156,246.07000732421875,715200,0.0,0.0
2022-02-23 00:00:00-05:00,249.61000061035156,250.0,234.10000610351562,236.11000061035156,662600,0.0,0.0
2022-02-24 00:00:00-05:00,223.42999267578125,271.6600036621094,220.02999877929688,271.19000244140625,1351300,0.0,0.0
2022-02-25 00:00:00-05:00,271.17999267578125,278.1400146484375,262.54998779296875,277.92999267578125,826800,0.0,0.0
2022-02-28 00:00:00-05:00,285.6400146484375,320.44500732421875,283.5400085449219,319.4200134277344,2341700,0.0,0.0
2022-03-01 00:00:00-05:00,315.0,327.260009765625,308.510009765625,324.6300048828125,1785400,0.0,0.0
2022-03-02 00:00:00-05:00,321.70001220703125,324.0899963378906,306.4100036621094,314.4599914550781,1140600,0.0,0.0
2022-03-03 00:00:00-05:00,316.0,317.5,299.0,301.82000732421875,842400,0.0,0.0
2022-03-04 00:00:00-05:00,301.1000061035156,312.2799987792969,291.0899963378906,293.2300109863281,973600,0.0,0.0
2022-03-07 00:00:00-05:00,303.3399963378906,316.55499267578125,297.0799865722656,297.8900146484375,1184400,0.0,0.0
2022-03-08 00:00:00-05:00,303.6400146484375,335.17999267578125,301.20001220703125,328.9100036621094,2398400,0.0,0.0
2022-03-09 00:00:00-05:00,321.20001220703125,335.57000732421875,310.1650085449219,326.9800109863281,1322900,0.0,0.0
2022-03-10 00:00:00-05:00,324.0950012207031,325.1400146484375,302.31500244140625,315.1300048828125,1455200,0.0,0.0
2022-03-11 00:00:00-05:00,322.04998779296875,331.7799987792969,313.0,317.92999267578125,998200,0.0,0.0
2022-03-14 00:00:00-04:00,309.260009765625,316.7200012207031,291.07501220703125,298.510009765625,783800,0.0,0.0
2022-03-15 00:00:00-04:00,298.0799865722656,316.9200134277344,290.70001220703125,315.75,832200,0.0,0.0
2022-03-16 00:00:00-04:00,319.5199890136719,334.1700134277344,315.7149963378906,334.1600036621094,1195300,0.0,0.0
2022-03-17 00:00:00-04:00,317.4700012207031,323.70001220703125,307.17999267578125,314.6000061035156,1605800,0.0,0.0
2022-03-18 00:00:00-04:00,297.25,318.3500061035156,292.3810119628906,312.510009765625,3625300,0.0,0.0
2022-03-21 00:00:00-04:00,314.1300048828125,320.0,304.6400146484375,312.0799865722656,982000,0.0,0.0
2022-03-22 00:00:00-04:00,314.5299987792969,328.2799987792969,313.4700012207031,325.1099853515625,1040500,0.0,0.0
2022-03-23 00:00:00-04:00,316.19000244140625,340.0,315.0,327.2699890136719,1052700,0.0,0.0
2022-03-24 00:00:00-04:00,330.80999755859375,338.32000732421875,315.0,337.739990234375,1044400,0.0,0.0
2022-03-25 00:00:00-04:00,336.3800048828125,338.9599914550781,321.7300109863281,335.2699890136719,859000,0.0,0.0
2022-03-28 00:00:00-04:00,332.6700134277344,339.79998779296875,320.44000244140625,333.07000732421875,1185000,0.0,0.0
2022-03-29 00:00:00-04:00,331.75,334.3999938964844,310.7099914550781,324.5,1714800,0.0,0.0
2022-03-30 00:00:00-04:00,330.1199951171875,334.7799987792969,313.1400146484375,314.2300109863281,1158200,0.0,0.0
2022-03-31 00:00:00-04:00,318.1499938964844,328.8699951171875,314.5799865722656,322.3699951171875,1203900,0.0,0.0
2022-04-01 00:00:00-04:00,319.1499938964844,334.760009765625,318.0,322.8299865722656,834300,0.0,0.0
2022-04-04 00:00:00-04:00,325.55999755859375,341.92999267578125,323.510009765625,335.30999755859375,812400,0.0,0.0
2022-04-05 00:00:00-04:00,337.3599853515625,344.6099853515625,323.1600036621094,328.69000244140625,922200,0.0,0.0
2022-04-06 00:00:00-04:00,322.0,327.0,311.6199951171875,320.1600036621094,797400,0.0,0.0
2022-04-07 00:00:00-04:00,319.5899963378906,329.2900085449219,309.05999755859375,314.92999267578125,795700,0.0,0.0
2022-04-08 00:00:00-04:00,312.92999267578125,313.8999938964844,299.2900085449219,301.5799865722656,699700,0.0,0.0
2022-04-11 00:00:00-04:00,299.489990234375,305.7200012207031,291.9599914550781,300.0299987792969,839300,0.0,0.0
2022-04-12 00:00:00-04:00,307.3999938964844,311.94000244140625,300.42999267578125,301.45001220703125,584100,0.0,0.0
2022-04-13 00:00:00-04:00,304.25,311.3900146484375,300.760009765625,308.0,459600,0.0,0.0
2022-04-14 00:00:00-04:00,310.29998779296875,314.0,300.5799865722656,300.6600036621094,568100,0.0,0.0
2022-04-18 00:00:00-04:00,299.8500061035156,305.1650085449219,296.3399963378906,302.2699890136719,404000,0.0,0.0
2022-04-19 00:00:00-04:00,305.0,307.5199890136719,293.69000244140625,304.82000732421875,706100,0.0,0.0
2022-04-20 00:00:00-04:00,309.989990234375,309.989990234375,280.2300109863281,281.6099853515625,973200,0.0,0.0
2022-04-21 00:00:00-04:00,284.6099853515625,285.5299987792969,253.35000610351562,254.14999389648438,1407900,0.0,0.0
2022-04-22 00:00:00-04:00,254.5,261.5,249.84500122070312,251.5800018310547,1781700,0.0,0.0
2022-04-25 00:00:00-04:00,247.77000427246094,255.60000610351562,245.05999755859375,253.49000549316406,832900,0.0,0.0
2022-04-26 00:00:00-04:00,252.22000122070312,253.81500244140625,244.74000549316406,244.75999450683594,943400,0.0,0.0
2022-04-27 00:00:00-04:00,250.7899932861328,263.3550109863281,246.3699951171875,249.47999572753906,1156600,0.0,0.0
2022-04-28 00:00:00-04:00,256.1600036621094,259.6199951171875,241.55499267578125,254.41000366210938,1331800,0.0,0.0
2022-04-29 00:00:00-04:00,253.3800048828125,260.6400146484375,249.6999969482422,250.41000366210938,762600,0.0,0.0
2022-05-02 00:00:00-04:00,250.5,256.5199890136719,245.60000610351562,255.30999755859375,1056200,0.0,0.0
2022-05-03 00:00:00-04:00,255.7899932861328,265.6499938964844,246.25999450683594,262.6700134277344,1140600,0.0,0.0
2022-05-04 00:00:00-04:00,265.8299865722656,284.8900146484375,261.25,284.6000061035156,1027300,0.0,0.0
2022-05-05 00:00:00-04:00,280.8900146484375,283.20001220703125,261.44000244140625,266.2300109863281,874300,0.0,0.0
2022-05-06 00:00:00-04:00,264.1099853515625,264.1099853515625,250.0,251.80999755859375,599400,0.0,0.0
2022-05-09 00:00:00-04:00,246.27999877929688,250.97999572753906,221.0850067138672,225.36000061035156,1164100,0.0,0.0
2022-05-10 00:00:00-04:00,238.02999877929688,242.94000244140625,224.02999877929688,233.8000030517578,1086000,0.0,0.0
2022-05-11 00:00:00-04:00,232.0,237.8300018310547,215.6999969482422,216.52000427246094,1094100,0.0,0.0
2022-05-12 00:00:00-04:00,212.6999969482422,227.1699981689453,207.0,211.9199981689453,1259400,0.0,0.0
2022-05-13 00:00:00-04:00,221.07000732421875,236.63999938964844,220.3300018310547,232.25,1145100,0.0,0.0
2022-05-16 00:00:00-04:00,229.97999572753906,233.5,221.98500061035156,222.7899932861328,591100,0.0,0.0
2022-05-17 00:00:00-04:00,231.61000061035156,239.51499938964844,230.0,239.35000610351562,854400,0.0,0.0
2022-05-18 00:00:00-04:00,232.8699951171875,252.92999267578125,232.25,238.8000030517578,1000700,0.0,0.0
2022-05-19 00:00:00-04:00,237.25,263.8900146484375,237.25,252.17999267578125,1132400,0.0,0.0
2022-05-20 00:00:00-04:00,257.260009765625,261.5169982910156,245.77999877929688,256.80999755859375,838900,0.0,0.0
2022-05-23 00:00:00-04:00,258.3699951171875,259.4150085449219,245.85000610351562,255.6300048828125,722900,0.0,0.0
2022-05-24 00:00:00-04:00,251.75999450683594,251.75999450683594,242.48500061035156,248.22999572753906,489800,0.0,0.0
2022-05-25 00:00:00-04:00,248.19000244140625,256.75,244.6300048828125,253.4499969482422,528700,0.0,0.0
2022-05-26 00:00:00-04:00,254.3300018310547,269.7799987792969,250.42999267578125,266.44000244140625,725000,0.0,0.0
2022-05-27 00:00:00-04:00,269.70001220703125,281.8399963378906,269.20001220703125,280.3599853515625,599700,0.0,0.0
2022-05-31 00:00:00-04:00,280.55999755859375,282.4100036621094,267.385009765625,272.7900085449219,827000,0.0,0.0
2022-06-01 00:00:00-04:00,273.2900085449219,279.2699890136719,268.6000061035156,272.4800109863281,533800,0.0,0.0
2022-06-02 00:00:00-04:00,280.07000732421875,304.8030090332031,278.4700012207031,300.489990234375,987500,0.0,0.0
2022-06-03 00:00:00-04:00,292.0199890136719,307.489990234375,290.29998779296875,298.3399963378906,568400,0.0,0.0
2022-06-06 00:00:00-04:00,311.260009765625,314.5199890136719,299.6099853515625,306.8800048828125,954800,0.0,0.0
2022-06-07 00:00:00-04:00,300.57000732421875,307.3699951171875,300.1600036621094,306.4200134277344,630700,0.0,0.0
2022-06-08 00:00:00-04:00,308.3900146484375,312.989990234375,296.6300048828125,298.44000244140625,616200,0.0,0.0
2022-06-09 00:00:00-04:00,296.1400146484375,302.0,291.3399963378906,291.6700134277344,527400,0.0,0.0
2022-06-10 00:00:00-04:00,282.0299987792969,292.0,278.5799865722656,284.3599853515625,843200,0.0,0.0
2022-06-13 00:00:00-04:00,268.45001220703125,271.5400085449219,255.8249969482422,264.3399963378906,1226100,0.0,0.0
2022-06-14 00:00:00-04:00,265.3299865722656,269.55999755859375,260.4200134277344,264.6300048828125,566800,0.0,0.0
2022-06-15 00:00:00-04:00,267.3599853515625,277.3800048828125,260.8450012207031,274.1300048828125,680700,0.0,0.0
2022-06-16 00:00:00-04:00,262.2799987792969,269.0,250.7899932861328,253.97999572753906,815100,0.0,0.0
2022-06-17 00:00:00-04:00,258.760009765625,277.92999267578125,256.1700134277344,275.4100036621094,2001400,0.0,0.0
2022-06-21 00:00:00-04:00,281.55999755859375,291.7699890136719,280.0,283.1000061035156,721100,0.0,0.0
2022-06-22 00:00:00-04:00,278.0,290.94000244140625,274.7699890136719,280.3999938964844,825000,0.0,0.0
2022-06-23 00:00:00-04:00,282.7799987792969,293.1400146484375,276.54998779296875,291.5299987792969,800300,0.0,0.0
2022-06-24 00:00:00-04:00,292.9100036621094,294.5,272.30499267578125,286.3399963378906,739600,0.0,0.0
2022-06-27 00:00:00-04:00,287.2099914550781,303.9800109863281,286.54998779296875,298.5199890136719,949700,0.0,0.0
2022-06-28 00:00:00-04:00,299.0,300.739990234375,277.5299987792969,279.239990234375,696400,0.0,0.0
2022-06-29 00:00:00-04:00,270.54998779296875,271.739990234375,256.75,262.9599914550781,1030400,0.0,0.0
2022-06-30 00:00:00-04:00,259.6099853515625,278.6400146484375,258.0,273.67999267578125,853400,0.0,0.0
2022-07-01 00:00:00-04:00,271.70001220703125,284.0,271.69000244140625,276.29998779296875,554900,0.0,0.0
2022-07-05 00:00:00-04:00,268.04998779296875,272.0199890136719,256.18499755859375,271.2699890136719,758000,0.0,0.0
2022-07-06 00:00:00-04:00,272.0199890136719,275.4880065917969,265.0199890136719,269.7900085449219,442500,0.0,0.0
2022-07-07 00:00:00-04:00,273.80999755859375,289.239990234375,272.9649963378906,286.8599853515625,660900,0.0,0.0
2022-07-08 00:00:00-04:00,282.0,297.5799865722656,278.0799865722656,295.1099853515625,678600,0.0,0.0
2022-07-11 00:00:00-04:00,292.510009765625,294.0,276.3800048828125,279.6700134277344,796700,0.0,0.0
2022-07-12 00:00:00-04:00,279.6099853515625,281.9800109863281,257.239990234375,265.3699951171875,915800,0.0,0.0
2022-07-13 00:00:00-04:00,257.0,275.3599853515625,255.5800018310547,269.0299987792969,655300,0.0,0.0
2022-07-14 00:00:00-04:00,265.9200134277344,269.7799987792969,257.8299865722656,269.0199890136719,675700,0.0,0.0
2022-07-15 00:00:00-04:00,259.0299987792969,266.3550109863281,245.2550048828125,265.8500061035156,1309100,0.0,0.0
2022-07-18 00:00:00-04:00,273.42999267578125,289.0,272.80999755859375,280.67999267578125,976100,0.0,0.0
2022-07-19 00:00:00-04:00,282.29998779296875,290.4700012207031,279.2300109863281,290.29998779296875,610800,0.0,0.0
2022-07-20 00:00:00-04:00,289.6600036621094,299.8599853515625,287.3900146484375,295.8599853515625,847600,0.0,0.0
2022-07-21 00:00:00-04:00,298.6300048828125,298.8399963378906,283.5199890136719,292.9800109863281,625900,0.0,0.0
2022-07-22 00:00:00-04:00,294.75,300.989990234375,285.45001220703125,288.92999267578125,552400,0.0,0.0
2022-07-25 00:00:00-04:00,289.0,299.9750061035156,284.17999267578125,299.3800048828125,666600,0.0,0.0
2022-07-26 00:00:00-04:00,298.2799987792969,302.8399963378906,294.5,296.4800109863281,799600,0.0,0.0
2022-07-27 00:00:00-04:00,315.3999938964844,326.0899963378906,309.20001220703125,325.19000244140625,1784300,0.0,0.0
2022-07-28 00:00:00-04:00,345.6600036621094,375.8999938964844,334.2099914550781,341.19000244140625,2424400,0.0,0.0
2022-07-29 00:00:00-04:00,339.3399963378906,362.7900085449219,337.2900085449219,360.1300048828125,1384100,0.0,0.0
2022-08-01 00:00:00-04:00,352.8450012207031,363.989990234375,348.6000061035156,358.5899963378906,1325600,0.0,0.0
2022-08-02 00:00:00-04:00,350.0,374.4800109863281,350.0,365.4100036621094,1736100,0.0,0.0
2022-08-03 00:00:00-04:00,329.0,329.0679931640625,294.0,295.5199890136719,5155900,0.0,0.0
2022-08-04 00:00:00-04:00,297.0,319.3999938964844,292.1099853515625,309.2200012207031,2093300,0.0,0.0
2022-08-05 00:00:00-04:00,316.2200012207031,327.79998779296875,308.0,315.5,1556500,0.0,0.0
2022-08-08 00:00:00-04:00,322.510009765625,331.19000244140625,302.7200012207031,303.1099853515625,1627200,0.0,0.0
2022-08-09 00:00:00-04:00,295.0150146484375,314.125,291.1300048828125,312.6300048828125,1147400,0.0,0.0
2022-08-10 00:00:00-04:00,321.8699951171875,324.7200012207031,313.010009765625,323.739990234375,915400,0.0,0.0
2022-08-11 00:00:00-04:00,326.4200134277344,329.1300048828125,318.1000061035156,319.0199890136719,866700,0.0,0.0
2022-08-12 00:00:00-04:00,322.29998779296875,333.7799987792969,316.70001220703125,330.5199890136719,771900,0.0,0.0
2022-08-15 00:00:00-04:00,322.7200012207031,330.8500061035156,318.54998779296875,324.17999267578125,727900,0.0,0.0
2022-08-16 00:00:00-04:00,322.6199951171875,323.9750061035156,309.5,311.2699890136719,697400,0.0,0.0
2022-08-17 00:00:00-04:00,305.8800048828125,313.8399963378906,300.8500061035156,310.6199951171875,769400,0.0,0.0
2022-08-18 00:00:00-04:00,316.2900085449219,320.95001220703125,312.4849853515625,317.2200012207031,472500,0.0,0.0
2022-08-19 00:00:00-04:00,307.70001220703125,309.94000244140625,298.45001220703125,300.3299865722656,901200,0.0,0.0
2022-08-22 00:00:00-04:00,294.7300109863281,296.2229919433594,286.29998779296875,288.8399963378906,904100,0.0,0.0
2022-08-23 00:00:00-04:00,291.5199890136719,295.4100036621094,288.010009765625,288.4599914550781,646600,0.0,0.0
2022-08-24 00:00:00-04:00,289.010009765625,299.5299987792969,289.0,294.6099853515625,707100,0.0,0.0
2022-08-25 00:00:00-04:00,296.0799865722656,302.656005859375,295.94000244140625,300.739990234375,508100,0.0,0.0
2022-08-26 00:00:00-04:00,302.3399963378906,307.94000244140625,287.8800048828125,287.92999267578125,589800,0.0,0.0
2022-08-29 00:00:00-04:00,284.2300109863281,291.6300048828125,276.7099914550781,279.4599914550781,1231000,0.0,0.0
2022-08-30 00:00:00-04:00,284.54998779296875,287.5,268.57501220703125,275.5,1012400,0.0,0.0
2022-08-31 00:00:00-04:00,277.8699951171875,280.69000244140625,270.6499938964844,275.9700012207031,795200,0.0,0.0
2022-09-01 00:00:00-04:00,271.1499938964844,271.3399963378906,262.8900146484375,269.32000732421875,772700,0.0,0.0
2022-09-02 00:00:00-04:00,271.54998779296875,273.4599914550781,262.9200134277344,267.1199951171875,577100,0.0,0.0
2022-09-06 00:00:00-04:00,268.79998779296875,280.67999267578125,265.30999755859375,278.3800048828125,1018400,0.0,0.0
2022-09-07 00:00:00-04:00,277.9599914550781,311.9599914550781,277.6600036621094,311.364990234375,2248800,0.0,0.0
2022-09-08 00:00:00-04:00,307.7900085449219,319.12701416015625,304.6969909667969,314.1600036621094,1226800,0.0,0.0
2022-09-09 00:00:00-04:00,316.20001220703125,316.20001220703125,302.6300048828125,313.0,876500,0.0,0.0
2022-09-12 00:00:00-04:00,315.20001220703125,317.1099853515625,308.95001220703125,316.20001220703125,650300,0.0,0.0
2022-09-13 00:00:00-04:00,302.6199951171875,317.6600036621094,301.7449951171875,313.17999267578125,785100,0.0,0.0
2022-09-14 00:00:00-04:00,312.45001220703125,323.1300048828125,305.6700134277344,322.70001220703125,786400,0.0,0.0
2022-09-15 00:00:00-04:00,319.0899963378906,324.32000732421875,307.0,313.25,700900,0.0,0.0
2022-09-16 00:00:00-04:00,306.8500061035156,312.4700012207031,301.70001220703125,310.510009765625,813200,0.0,0.0
2022-09-19 00:00:00-04:00,304.70001220703125,313.3999938964844,304.70001220703125,307.95001220703125,559900,0.0,0.0
2022-09-20 00:00:00-04:00,306.0799865722656,308.92999267578125,294.2300109863281,294.3599853515625,571700,0.0,0.0
2022-09-21 00:00:00-04:00,298.4599914550781,299.3900146484375,286.885009765625,287.9599914550781,880400,0.0,0.0
2022-09-22 00:00:00-04:00,287.3800048828125,290.760009765625,270.0299987792969,270.94000244140625,839100,0.0,0.0
2022-09-23 00:00:00-04:00,265.79998779296875,269.30999755859375,255.32000732421875,258.79998779296875,1097600,0.0,0.0
2022-09-26 00:00:00-04:00,258.5199890136719,264.760009765625,246.36000061035156,247.64999389648438,1045000,0.0,0.0
2022-09-27 00:00:00-04:00,254.69000244140625,258.4100036621094,246.24000549316406,249.5800018310547,877900,0.0,0.0
2022-09-28 00:00:00-04:00,246.72999572753906,257.5,244.16000366210938,256.7900085449219,827000,0.0,0.0
2022-09-29 00:00:00-04:00,251.08999633789062,251.8699951171875,234.5500030517578,235.55999755859375,1082100,0.0,0.0
2022-09-30 00:00:00-04:00,233.77999877929688,238.89999389648438,227.8000030517578,231.4600067138672,1495800,0.0,0.0
2022-10-03 00:00:00-04:00,236.0,240.44500732421875,231.8000030517578,236.83999633789062,781100,0.0,0.0
2022-10-04 00:00:00-04:00,245.8000030517578,250.4499969482422,243.16000366210938,246.1699981689453,703200,0.0,0.0
2022-10-05 00:00:00-04:00,240.3699951171875,242.32000732421875,224.94500732421875,234.24000549316406,1461700,0.0,0.0
2022-10-06 00:00:00-04:00,233.47000122070312,237.6999969482422,219.6999969482422,220.27000427246094,1587300,0.0,0.0
2022-10-07 00:00:00-04:00,216.6999969482422,219.24000549316406,208.47999572753906,209.6199951171875,1568200,0.0,0.0
2022-10-10 00:00:00-04:00,210.3000030517578,211.9499969482422,204.1199951171875,207.83999633789062,1010200,0.0,0.0
2022-10-11 00:00:00-04:00,204.38999938964844,209.58999633789062,200.94000244140625,203.58999633789062,1609300,0.0,0.0
2022-10-12 00:00:00-04:00,205.8300018310547,206.58799743652344,195.61000061035156,200.60000610351562,1451300,0.0,0.0
2022-10-13 00:00:00-04:00,191.93499755859375,203.86500549316406,190.14999389648438,200.07000732421875,1236900,0.0,0.0
2022-10-14 00:00:00-04:00,203.27999877929688,212.5,193.02999877929688,193.38999938964844,1279100,0.0,0.0
2022-10-17 00:00:00-04:00,199.0,203.3000030517578,195.6999969482422,197.2899932861328,1056700,0.0,0.0
2022-10-18 00:00:00-04:00,207.0,211.86000061035156,203.38999938964844,207.4199981689453,1571400,0.0,0.0
2022-10-19 00:00:00-04:00,204.25,204.25,196.72000122070312,199.4600067138672,1223000,0.0,0.0
2022-10-20 00:00:00-04:00,200.6199951171875,203.85000610351562,194.13999938964844,197.83999633789062,1029100,0.0,0.0
2022-10-21 00:00:00-04:00,197.3300018310547,203.35000610351562,194.0,202.66000366210938,1677300,0.0,0.0
2022-10-24 00:00:00-04:00,203.66000366210938,205.61000061035156,197.6699981689453,203.74000549316406,1025700,0.0,0.0
2022-10-25 00:00:00-04:00,205.02999877929688,219.0,205.02999877929688,215.61000061035156,1096000,0.0,0.0
2022-10-26 00:00:00-04:00,224.1999969482422,235.24000549316406,220.5500030517578,225.67999267578125,1922800,0.0,0.0
2022-10-27 00:00:00-04:00,229.69000244140625,233.92999267578125,225.50999450683594,228.8300018310547,1016400,0.0,0.0
2022-10-28 00:00:00-04:00,226.8800048828125,232.3800048828125,222.88999938964844,231.72000122070312,798900,0.0,0.0
2022-10-31 00:00:00-04:00,228.44000244140625,232.0,225.0,230.02999877929688,839500,0.0,0.0
2022-11-01 00:00:00-04:00,236.9600067138672,238.86000061035156,225.22999572753906,225.25,711600,0.0,0.0
2022-11-02 00:00:00-04:00,225.0800018310547,230.17999267578125,217.39999389648438,217.5800018310547,1060800,0.0,0.0
2022-11-03 00:00:00-04:00,217.5800018310547,228.24000549316406,215.99000549316406,224.9499969482422,670000,0.0,0.0
2022-11-04 00:00:00-04:00,231.25999450683594,232.14999389648438,211.3699951171875,219.0,894500,0.0,0.0
2022-11-07 00:00:00-05:00,222.39999389648438,223.67999267578125,206.60000610351562,211.3000030517578,1837900,0.0,0.0
2022-11-08 00:00:00-05:00,240.55999755859375,253.72000122070312,240.0500030517578,251.72999572753906,3529300,0.0,0.0
2022-11-09 00:00:00-05:00,250.22999572753906,271.6300048828125,249.0050048828125,249.22000122070312,2017400,0.0,0.0
2022-11-10 00:00:00-05:00,266.4599914550781,285.4599914550781,263.8429870605469,283.6700134277344,2692500,0.0,0.0
2022-11-11 00:00:00-05:00,280.45001220703125,299.8999938964844,279.32000732421875,288.9100036621094,1813300,0.0,0.0
2022-11-14 00:00:00-05:00,287.5,290.87298583984375,280.4700012207031,284.010009765625,1035000,0.0,0.0
2022-11-15 00:00:00-05:00,291.7200012207031,294.0,287.3399963378906,287.9700012207031,879500,0.0,0.0
2022-11-16 00:00:00-05:00,285.2799987792969,294.5350036621094,283.010009765625,289.760009765625,859500,0.0,0.0
2022-11-17 00:00:00-05:00,280.0,301.3599853515625,274.2699890136719,299.2099914550781,1240600,0.0,0.0
2022-11-18 00:00:00-05:00,304.0,307.6000061035156,298.29998779296875,306.3900146484375,1290600,0.0,0.0
2022-11-21 00:00:00-05:00,301.739990234375,305.0,295.4200134277344,301.4100036621094,752500,0.0,0.0
2022-11-22 00:00:00-05:00,302.04998779296875,310.54998779296875,298.260009765625,309.17999267578125,921900,0.0,0.0
2022-11-23 00:00:00-05:00,308.5,311.4800109863281,300.5299987792969,306.25,851200,0.0,0.0
2022-11-25 00:00:00-05:00,302.0799865722656,308.7900085449219,297.1600036621094,301.9100036621094,456700,0.0,0.0
2022-11-28 00:00:00-05:00,297.1400146484375,300.2550048828125,292.7900085449219,295.45001220703125,775400,0.0,0.0
2022-11-29 00:00:00-05:00,297.55999755859375,298.0,287.70001220703125,290.8500061035156,654300,0.0,0.0
2022-11-30 00:00:00-05:00,295.0899963378906,300.9200134277344,285.5,298.8599853515625,1477400,0.0,0.0
2022-12-01 00:00:00-05:00,300.4599914550781,301.3599853515625,290.7699890136719,295.7699890136719,786800,0.0,0.0
2022-12-02 00:00:00-05:00,291.1600036621094,316.2799987792969,291.1600036621094,308.7699890136719,1144600,0.0,0.0
2022-12-05 00:00:00-05:00,306.3800048828125,322.5799865722656,306.0,314.05999755859375,1383100,0.0,0.0
2022-12-06 00:00:00-05:00,310.95001220703125,314.44500732421875,296.67999267578125,298.9800109863281,902500,0.0,0.0
2022-12-07 00:00:00-05:00,308.760009765625,321.4100036621094,305.2250061035156,310.7900085449219,1305500,0.0,0.0
2022-12-08 00:00:00-05:00,311.489990234375,317.0,307.4700012207031,315.510009765625,837000,0.0,0.0
2022-12-09 00:00:00-05:00,313.67999267578125,320.6449890136719,312.5,314.79998779296875,712000,0.0,0.0
2022-12-12 00:00:00-05:00,310.32000732421875,317.510009765625,309.1000061035156,314.9100036621094,533800,0.0,0.0
2022-12-13 00:00:00-05:00,320.3399963378906,330.8800048828125,318.5199890136719,327.6400146484375,1078700,0.0,0.0
2022-12-14 00:00:00-05:00,332.0,341.67498779296875,329.8699951171875,335.6099853515625,1124000,0.0,0.0
2022-12-15 00:00:00-05:00,329.17999267578125,340.6549987792969,325.0400085449219,327.30999755859375,848500,0.0,0.0
2022-12-16 00:00:00-05:00,323.8999938964844,327.1499938964844,314.1400146484375,320.5299987792969,1355200,0.0,0.0
2022-12-19 00:00:00-05:00,322.69000244140625,322.69000244140625,307.1099853515625,309.5799865722656,609500,0.0,0.0
2022-12-20 00:00:00-05:00,308.739990234375,318.9649963378906,300.0,309.8999938964844,628700,0.0,0.0
2022-12-21 00:00:00-05:00,311.510009765625,323.57000732421875,307.0,323.1600036621094,688200,0.0,0.0
2022-12-22 00:00:00-05:00,317.0199890136719,318.8699951171875,306.3800048828125,311.4599914550781,705000,0.0,0.0
2022-12-23 00:00:00-05:00,312.30999755859375,312.30999755859375,304.239990234375,310.1499938964844,413700,0.0,0.0
2022-12-27 00:00:00-05:00,307.32000732421875,307.5199890136719,291.20098876953125,293.0400085449219,724300,0.0,0.0
2022-12-28 00:00:00-05:00,291.19000244140625,291.19000244140625,271.1000061035156,275.8399963378906,1471500,0.0,0.0
2022-12-29 00:00:00-05:00,281.3699951171875,289.9700012207031,278.1199951171875,280.6600036621094,718400,0.0,0.0
2022-12-30 00:00:00-05:00,276.1600036621094,283.5899963378906,273.6700134277344,283.2699890136719,485700,0.0,0.0
2023-01-03 00:00:00-05:00,294.1400146484375,298.0,281.17999267578125,285.42999267578125,1130800,0.0,0.0
2023-01-04 00:00:00-05:00,290.0,296.3699951171875,287.07000732421875,290.55999755859375,653700,0.0,0.0
2023-01-05 00:00:00-05:00,285.4700012207031,286.8399963378906,276.4200134277344,276.75,689600,0.0,0.0
2023-01-06 00:00:00-05:00,280.989990234375,284.57000732421875,269.6199951171875,281.80999755859375,1191100,0.0,0.0
2023-01-09 00:00:00-05:00,284.45001220703125,297.69000244140625,283.9599914550781,284.1400146484375,888300,0.0,0.0
2023-01-10 00:00:00-05:00,284.0,288.08599853515625,277.0799865722656,285.4800109863281,796200,0.0,0.0
2023-01-11 00:00:00-05:00,286.4100036621094,306.1600036621094,285.5,302.1499938964844,1201000,0.0,0.0
2023-01-12 00:00:00-05:00,306.7300109863281,310.5899963378906,300.260009765625,309.4599914550781,782600,0.0,0.0
2023-01-13 00:00:00-05:00,303.010009765625,316.78900146484375,303.010009765625,315.0199890136719,660900,0.0,0.0
2023-01-17 00:00:00-05:00,315.0,325.5199890136719,312.30999755859375,320.1700134277344,886900,0.0,0.0
2023-01-18 00:00:00-05:00,324.1000061035156,328.8800048828125,314.510009765625,319.70001220703125,632400,0.0,0.0
2023-01-19 00:00:00-05:00,314.2799987792969,316.0299987792969,284.79998779296875,286.7200012207031,1766500,0.0,0.0
2023-01-20 00:00:00-05:00,290.3500061035156,296.30999755859375,285.0050048828125,294.7300109863281,1312700,0.0,0.0
2023-01-23 00:00:00-05:00,295.3500061035156,314.2130126953125,291.1499938964844,309.17999267578125,811000,0.0,0.0
2023-01-24 00:00:00-05:00,301.25,309.989990234375,298.0,308.3699951171875,1025800,0.0,0.0
2023-01-25 00:00:00-05:00,294.3999938964844,301.2950134277344,286.29998779296875,300.5199890136719,1389900,0.0,0.0
2023-01-26 00:00:00-05:00,308.2300109863281,309.0799865722656,295.260009765625,303.3800048828125,656800,0.0,0.0
2023-01-27 00:00:00-05:00,298.29998779296875,311.5400085449219,298.0,306.44000244140625,597100,0.0,0.0
2023-01-30 00:00:00-05:00,300.44000244140625,307.8999938964844,299.25,301.8699951171875,900300,0.0,0.0
2023-01-31 00:00:00-05:00,305.1700134277344,319.3500061035156,304.3299865722656,319.1300048828125,899800,0.0,0.0
2023-02-01 00:00:00-05:00,315.6199951171875,331.3450012207031,312.489990234375,327.69000244140625,1125000,0.0,0.0
2023-02-02 00:00:00-05:00,335.0,338.3500061035156,319.7099914550781,327.6099853515625,933400,0.0,0.0
2023-02-03 00:00:00-05:00,318.8699951171875,326.3299865722656,313.7900085449219,316.0,656300,0.0,0.0
2023-02-06 00:00:00-05:00,310.4100036621094,321.0350036621094,310.2099914550781,319.54998779296875,602300,0.0,0.0
2023-02-07 00:00:00-05:00,319.9800109863281,321.9100036621094,311.1499938964844,319.4100036621094,907400,0.0,0.0
2023-02-08 00:00:00-05:00,332.3699951171875,336.5,322.6400146484375,323.6099853515625,2108100,0.0,0.0
2023-02-09 00:00:00-05:00,324.7099914550781,328.0,292.29998779296875,295.8699951171875,1809300,0.0,0.0
2023-02-10 00:00:00-05:00,295.0,300.7799987792969,288.010009765625,300.7099914550781,1269000,0.0,0.0
2023-02-13 00:00:00-05:00,303.7200012207031,314.07501220703125,302.92999267578125,310.7099914550781,2223600,0.0,0.0
2023-02-14 00:00:00-05:00,295.0,317.9200134277344,292.0,315.42999267578125,3276600,0.0,0.0
2023-02-15 00:00:00-05:00,316.7099914550781,345.79998779296875,311.0,343.9800109863281,2307200,0.0,0.0
2023-02-16 00:00:00-05:00,335.5,336.5409851074219,314.8500061035156,314.94000244140625,1461400,0.0,0.0
2023-02-17 00:00:00-05:00,312.9100036621094,314.552001953125,301.2170104980469,305.0400085449219,1065700,0.0,0.0
2023-02-21 00:00:00-05:00,300.0,302.3999938964844,291.6700134277344,294.510009765625,1117000,0.0,0.0
2023-02-22 00:00:00-05:00,296.0,298.0,289.1099853515625,295.7099914550781,953200,0.0,0.0
2023-02-23 00:00:00-05:00,302.2200012207031,305.0,290.5199890136719,301.8599853515625,963900,0.0,0.0
2023-02-24 00:00:00-05:00,295.5,299.4100036621094,292.5299987792969,296.17999267578125,823900,0.0,0.0
2023-02-27 00:00:00-05:00,301.989990234375,316.05999755859375,300.2900085449219,313.6300048828125,1131100,0.0,0.0
2023-02-28 00:00:00-05:00,311.30999755859375,321.6000061035156,308.95001220703125,317.9200134277344,907600,0.0,0.0
2023-03-01 00:00:00-05:00,320.8500061035156,331.6000061035156,316.8110046386719,327.42999267578125,1152100,0.0,0.0
2023-03-02 00:00:00-05:00,319.1300048828125,323.9599914550781,312.7099914550781,323.4200134277344,992300,0.0,0.0
2023-03-03 00:00:00-05:00,325.70001220703125,330.70001220703125,320.30999755859375,326.8299865722656,691500,0.0,0.0
2023-03-06 00:00:00-05:00,327.1700134277344,339.5,325.3399963378906,332.4800109863281,903500,0.0,0.0
2023-03-07 00:00:00-05:00,331.42999267578125,335.0,324.67999267578125,328.3699951171875,756300,0.0,0.0
2023-03-08 00:00:00-05:00,328.3699951171875,328.9549865722656,316.5299987792969,324.92999267578125,736100,0.0,0.0
2023-03-09 00:00:00-05:00,325.239990234375,330.7200012207031,313.260009765625,313.5299987792969,719400,0.0,0.0
2023-03-10 00:00:00-05:00,312.6300048828125,316.760009765625,297.510009765625,304.32000732421875,1133900,0.0,0.0
2023-03-13 00:00:00-04:00,298.1499938964844,318.1400146484375,296.3500061035156,316.2099914550781,1129500,0.0,0.0
2023-03-14 00:00:00-04:00,324.7699890136719,332.2699890136719,312.20001220703125,314.2699890136719,1373300,0.0,0.0
2023-03-15 00:00:00-04:00,306.9599914550781,309.0,296.70001220703125,306.42999267578125,1062800,0.0,0.0
2023-03-16 00:00:00-04:00,303.17999267578125,303.67999267578125,283.5400085449219,285.57000732421875,1706800,0.0,0.0
2023-03-17 00:00:00-04:00,284.2300109863281,284.2300109863281,260.4100036621094,267.2099914550781,2346500,0.0,0.0
2023-03-20 00:00:00-04:00,270.0,273.8699951171875,258.5799865722656,272.30999755859375,1736000,0.0,0.0
2023-03-21 00:00:00-04:00,281.2300109863281,299.489990234375,278.5,296.510009765625,2111800,0.0,0.0
2023-03-22 00:00:00-04:00,299.3599853515625,301.80999755859375,289.3900146484375,289.5199890136719,1234600,0.0,0.0
2023-03-23 00:00:00-04:00,294.2300109863281,305.80999755859375,288.3800048828125,291.5400085449219,891700,0.0,0.0
2023-03-24 00:00:00-04:00,288.1400146484375,289.75,276.0899963378906,284.5199890136719,901800,0.0,0.0
2023-03-27 00:00:00-04:00,290.0,291.0,279.32501220703125,284.5899963378906,622100,0.0,0.0
2023-03-28 00:00:00-04:00,284.2799987792969,285.5799865722656,274.5799865722656,277.79998779296875,941200,0.0,0.0
2023-03-29 00:00:00-04:00,283.6000061035156,291.989990234375,274.3500061035156,291.94000244140625,1231200,0.0,0.0
2023-03-30 00:00:00-04:00,301.0,310.5820007324219,293.4599914550781,296.0299987792969,1043400,0.0,0.0
2023-03-31 00:00:00-04:00,296.17999267578125,306.6449890136719,296.17999267578125,303.95001220703125,831500,0.0,0.0
2023-04-03 00:00:00-04:00,307.8900146484375,309.25,295.3999938964844,298.30999755859375,950900,0.0,0.0
2023-04-04 00:00:00-04:00,296.8800048828125,299.6300048828125,291.3900146484375,292.7699890136719,1021400,0.0,0.0
2023-04-05 00:00:00-04:00,290.82000732421875,293.75,275.2900085449219,278.8999938964844,1100900,0.0,0.0
2023-04-06 00:00:00-04:00,276.1400146484375,281.3949890136719,273.05999755859375,280.239990234375,624000,0.0,0.0
2023-04-10 00:00:00-04:00,275.94000244140625,283.260009765625,275.1000061035156,283.19000244140625,537400,0.0,0.0
2023-04-11 00:00:00-04:00,284.489990234375,290.989990234375,282.6000061035156,288.3500061035156,528200,0.0,0.0
2023-04-12 00:00:00-04:00,293.5299987792969,296.25,284.7900085449219,284.9599914550781,718200,0.0,0.0
2023-04-13 00:00:00-04:00,289.32000732421875,309.0,287.4700012207031,306.8900146484375,1197100,0.0,0.0
2023-04-14 00:00:00-04:00,305.95001220703125,310.0,297.1099853515625,300.4599914550781,582500,0.0,0.0
2023-04-17 00:00:00-04:00,305.0799865722656,320.1650085449219,304.6210021972656,315.1600036621094,1162200,0.0,0.0
2023-04-18 00:00:00-04:00,315.8699951171875,322.19000244140625,311.2550048828125,316.3900146484375,873000,0.0,0.0
2023-04-19 00:00:00-04:00,311.8999938964844,316.6050109863281,309.5799865722656,314.3599853515625,538000,0.0,0.0
2023-04-20 00:00:00-04:00,309.3800048828125,321.4200134277344,309.0799865722656,318.20001220703125,649300,0.0,0.0
2023-04-21 00:00:00-04:00,316.1499938964844,321.6099853515625,312.0899963378906,319.20001220703125,994500,0.0,0.0
2023-04-24 00:00:00-04:00,317.0400085449219,321.3299865722656,310.3900146484375,318.45001220703125,864400,0.0,0.0
2023-04-25 00:00:00-04:00,313.9700012207031,317.92999267578125,308.80999755859375,309.2099914550781,669400,0.0,0.0
2023-04-26 00:00:00-04:00,290.0,293.989990234375,275.32000732421875,276.9700012207031,2194800,0.0,0.0
2023-04-27 00:00:00-04:00,279.30999755859375,294.2300109863281,275.07000732421875,289.1499938964844,1615200,0.0,0.0
2023-04-28 00:00:00-04:00,283.32000732421875,286.4599914550781,270.20001220703125,285.6300048828125,1571300,0.0,0.0
2023-05-01 00:00:00-04:00,285.0,285.32000732421875,273.8089904785156,276.0,1512000,0.0,0.0
2023-05-02 00:00:00-04:00,275.760009765625,275.760009765625,261.70001220703125,263.6099853515625,2525500,0.0,0.0
2023-05-03 00:00:00-04:00,260.55499267578125,267.44000244140625,256.2900085449219,263.82000732421875,2093700,0.0,0.0
2023-05-04 00:00:00-04:00,299.8999938964844,304.0,278.7349853515625,281.2200012207031,2729100,0.0,0.0
2023-05-05 00:00:00-04:00,290.3999938964844,294.260009765625,280.5199890136719,293.3900146484375,1102100,0.0,0.0
2023-05-08 00:00:00-04:00,294.8800048828125,296.07000732421875,288.20001220703125,291.67999267578125,841400,0.0,0.0
2023-05-09 00:00:00-04:00,290.3599853515625,292.2099914550781,285.1300048828125,286.260009765625,961000,0.0,0.0
2023-05-10 00:00:00-04:00,291.70001220703125,297.07501220703125,288.0,294.8900146484375,876600,0.0,0.0
2023-05-11 00:00:00-04:00,292.7300109863281,299.510009765625,292.2099914550781,296.05999755859375,695600,0.0,0.0
2023-05-12 00:00:00-04:00,301.7200012207031,315.3399963378906,296.2200012207031,301.8500061035156,1181300,0.0,0.0
2023-05-15 00:00:00-04:00,303.7799987792969,313.54998779296875,301.0,307.32000732421875,870600,0.0,0.0
2023-05-16 00:00:00-04:00,302.1099853515625,302.8800048828125,293.6700134277344,295.1199951171875,1047400,0.0,0.0
2023-05-17 00:00:00-04:00,297.1000061035156,305.760009765625,295.010009765625,303.07000732421875,835300,0.0,0.0
2023-05-18 00:00:00-04:00,303.3900146484375,304.2200012207031,296.43499755859375,301.67999267578125,764500,0.0,0.0
2023-05-19 00:00:00-04:00,304.4100036621094,306.9800109863281,293.79998779296875,295.9200134277344,715800,0.0,0.0
2023-05-22 00:00:00-04:00,296.6000061035156,301.7850036621094,294.1700134277344,298.8699951171875,838300,0.0,0.0
2023-05-23 00:00:00-04:00,297.1499938964844,302.29998779296875,286.7799987792969,288.95001220703125,776700,0.0,0.0
2023-05-24 00:00:00-04:00,288.07000732421875,290.6400146484375,284.0299987792969,288.20001220703125,654500,0.0,0.0
2023-05-25 00:00:00-04:00,290.0,297.57000732421875,287.1099853515625,296.9599914550781,1049300,0.0,0.0
2023-05-26 00:00:00-04:00,298.04998779296875,299.9100036621094,291.45001220703125,294.4100036621094,602200,0.0,0.0
2023-05-30 00:00:00-04:00,298.7099914550781,306.8599853515625,292.625,295.7900085449219,701700,0.0,0.0
2023-05-31 00:00:00-04:00,292.3299865722656,295.2550048828125,278.1199951171875,284.8299865722656,1408800,0.0,0.0
2023-06-01 00:00:00-04:00,284.8299865722656,299.739990234375,283.95001220703125,294.75,769600,0.0,0.0
2023-06-02 00:00:00-04:00,301.45001220703125,303.30999755859375,290.3349914550781,291.05999755859375,619100,0.0,0.0
2023-06-05 00:00:00-04:00,292.92999267578125,298.30999755859375,289.8599853515625,294.1000061035156,675400,0.0,0.0
2023-06-06 00:00:00-04:00,290.0,299.989990234375,286.7850036621094,290.75,607400,0.0,0.0
2023-06-07 00:00:00-04:00,290.94000244140625,297.82000732421875,287.1000061035156,290.17999267578125,642900,0.0,0.0
2023-06-08 00:00:00-04:00,291.75,293.3900146484375,284.0,285.3999938964844,490800,0.0,0.0
2023-06-09 00:00:00-04:00,286.0,287.92999267578125,281.6199951171875,282.3299865722656,605600,0.0,0.0
2023-06-12 00:00:00-04:00,278.0,285.7900085449219,273.510009765625,285.4200134277344,884400,0.0,0.0
2023-06-13 00:00:00-04:00,288.5899963378906,292.489990234375,277.3500061035156,283.04998779296875,1209100,0.0,0.0
2023-06-14 00:00:00-04:00,283.04998779296875,283.6960144042969,269.54998779296875,271.44000244140625,1408900,0.0,0.0
2023-06-15 00:00:00-04:00,269.42999267578125,279.4389953613281,268.5,277.4599914550781,907200,0.0,0.0
2023-06-16 00:00:00-04:00,281.29998779296875,282.0,273.0400085449219,276.70001220703125,1055100,0.0,0.0
2023-06-20 00:00:00-04:00,274.4100036621094,275.0,252.22999572753906,255.36000061035156,2521000,0.0,0.0
2023-06-21 00:00:00-04:00,255.92999267578125,258.3900146484375,251.1999969482422,251.99000549316406,1331900,0.0,0.0
2023-06-22 00:00:00-04:00,251.17999267578125,251.6300048828125,238.4600067138672,244.57000732421875,2070100,0.0,0.0
2023-06-23 00:00:00-04:00,240.27999877929688,246.58999633789062,234.9600067138672,243.64999389648438,2211900,0.0,0.0
2023-06-26 00:00:00-04:00,245.47999572753906,253.38999938964844,244.97999572753906,247.61000061035156,1331900,0.0,0.0
2023-06-27 00:00:00-04:00,249.6199951171875,255.25,246.07000732421875,255.22999572753906,1241700,0.0,0.0
2023-06-28 00:00:00-04:00,251.89999389648438,259.5,251.0749969482422,257.9599914550781,1366400,0.0,0.0
2023-06-29 00:00:00-04:00,257.4200134277344,261.0,250.8800048828125,253.9600067138672,1108500,0.0,0.0
2023-06-30 00:00:00-04:00,264.3800048828125,269.8399963378906,260.4800109863281,269.04998779296875,1159100,0.0,0.0
2023-07-03 00:00:00-04:00,271.1600036621094,277.7300109863281,267.7099914550781,270.4200134277344,892200,0.0,0.0
2023-07-05 00:00:00-04:00,267.0,269.760009765625,262.4200134277344,265.19000244140625,861700,0.0,0.0
2023-07-06 00:00:00-04:00,258.44000244140625,261.4800109863281,252.66000366210938,255.0800018310547,1186100,0.0,0.0
2023-07-07 00:00:00-04:00,255.16000366210938,264.29998779296875,255.0800018310547,258.94000244140625,799100,0.0,0.0
2023-07-10 00:00:00-04:00,258.94000244140625,266.29998779296875,255.50999450683594,264.989990234375,729100,0.0,0.0
2023-07-11 00:00:00-04:00,266.0,267.0,261.95001220703125,265.04998779296875,642000,0.0,0.0
2023-07-12 00:00:00-04:00,272.1000061035156,276.5,269.19000244140625,270.9200134277344,853200,0.0,0.0
2023-07-13 00:00:00-04:00,274.95001220703125,275.0400085449219,267.69000244140625,272.010009765625,699200,0.0,0.0
2023-07-14 00:00:00-04:00,272.9599914550781,275.95001220703125,268.20001220703125,273.55999755859375,823400,0.0,0.0
2023-07-17 00:00:00-04:00,272.55999755859375,288.8699951171875,271.30999755859375,283.8500061035156,1242100,0.0,0.0
2023-07-18 00:00:00-04:00,284.1499938964844,285.0199890136719,270.69000244140625,274.1600036621094,1466300,0.0,0.0
2023-07-19 00:00:00-04:00,275.9200134277344,281.3699951171875,273.260009765625,273.75,694100,0.0,0.0
2023-07-20 00:00:00-04:00,269.0,269.0299987792969,261.04998779296875,263.1000061035156,1073100,0.0,0.0
2023-07-21 00:00:00-04:00,265.5199890136719,267.92999267578125,261.4849853515625,263.8999938964844,950400,0.0,0.0
2023-07-24 00:00:00-04:00,262.57000732421875,265.2200012207031,257.4700012207031,260.0899963378906,689600,0.0,0.0
2023-07-25 00:00:00-04:00,262.0400085449219,265.4150085449219,258.79998779296875,259.4599914550781,556700,0.0,0.0
2023-07-26 00:00:00-04:00,249.25,253.8699951171875,242.14999389648438,244.25999450683594,2043100,0.0,0.0
2023-07-27 00:00:00-04:00,247.66000366210938,248.82000732421875,236.24000549316406,241.75,1851900,0.0,0.0
2023-07-28 00:00:00-04:00,232.55999755859375,238.2100067138672,227.6199951171875,236.7899932861328,2764500,0.0,0.0
2023-07-31 00:00:00-04:00,238.24000549316406,244.4199981689453,235.02000427246094,241.4600067138672,1382900,0.0,0.0
2023-08-01 00:00:00-04:00,237.8000030517578,241.52499389648438,237.27000427246094,239.47000122070312,2020900,0.0,0.0
2023-08-02 00:00:00-04:00,204.4499969482422,207.0,191.64999389648438,195.50999450683594,8503200,0.0,0.0
2023-08-03 00:00:00-04:00,197.00999450683594,202.47000122070312,188.88999938964844,189.7899932861328,4200600,0.0,0.0
2023-08-04 00:00:00-04:00,191.47000122070312,192.4499969482422,182.34500122070312,182.64999389648438,3173100,0.0,0.0
2023-08-07 00:00:00-04:00,183.0,184.5,178.50999450683594,180.74000549316406,2167900,0.0,0.0
2023-08-08 00:00:00-04:00,178.5,179.4709930419922,176.24000549316406,178.4499969482422,1716900,0.0,0.0
2023-08-09 00:00:00-04:00,180.10000610351562,186.0,178.24000549316406,183.1300048828125,2280200,0.0,0.0
2023-08-10 00:00:00-04:00,184.02999877929688,186.7899932861328,176.94000244140625,177.83999633789062,2089700,0.0,0.0
2023-08-11 00:00:00-04:00,176.0,177.1750030517578,174.02999877929688,176.35000610351562,1413700,0.0,0.0
2023-08-14 00:00:00-04:00,176.7100067138672,177.85000610351562,172.47999572753906,176.99000549316406,982900,0.0,0.0
2023-08-15 00:00:00-04:00,175.0500030517578,175.82000732421875,169.86000061035156,170.0,1466100,0.0,0.0
2023-08-16 00:00:00-04:00,162.60000610351562,167.75999450683594,161.1300048828125,162.32000732421875,2462600,0.0,0.0
2023-08-17 00:00:00-04:00,162.60000610351562,166.5399932861328,161.77000427246094,162.77000427246094,1634600,0.0,0.0
2023-08-18 00:00:00-04:00,159.63999938964844,163.3800048828125,158.00999450683594,162.33999633789062,1447900,0.0,0.0
2023-08-21 00:00:00-04:00,163.33999633789062,164.4499969482422,161.5399932861328,163.0,889600,0.0,0.0
2023-08-22 00:00:00-04:00,164.94000244140625,165.72000122070312,161.5,164.16000366210938,1108000,0.0,0.0
2023-08-23 00:00:00-04:00,165.5399932861328,169.49000549316406,163.25999450683594,167.07000732421875,938000,0.0,0.0
2023-08-24 00:00:00-04:00,167.5,167.93499755859375,156.74000549316406,156.94000244140625,1833000,0.0,0.0
2023-08-25 00:00:00-04:00,156.83999633789062,162.74000549316406,156.47000122070312,161.6999969482422,1373100,0.0,0.0
2023-08-28 00:00:00-04:00,163.44000244140625,164.74000549316406,159.39500427246094,161.47000122070312,948100,0.0,0.0
2023-08-29 00:00:00-04:00,161.47000122070312,166.8350067138672,160.77999877929688,166.57000732421875,928600,0.0,0.0
2023-08-30 00:00:00-04:00,166.27000427246094,167.55999755859375,163.4600067138672,164.11000061035156,930900,0.0,0.0
2023-08-31 00:00:00-04:00,164.2100067138672,166.17999267578125,161.2949981689453,162.57000732421875,1504400,0.0,0.0
2023-09-01 00:00:00-04:00,163.83999633789062,167.8699951171875,161.24000549316406,161.9499969482422,1130100,0.0,0.0
2023-09-05 00:00:00-04:00,161.6999969482422,163.48500061035156,160.91000366210938,161.6699981689453,1064400,0.0,0.0
2023-09-06 00:00:00-04:00,160.6300048828125,160.97999572753906,154.4199981689453,155.89999389648438,1489800,0.0,0.0
2023-09-07 00:00:00-04:00,152.75,152.98500061035156,147.9550018310547,152.2899932861328,1402800,0.0,0.0
2023-09-08 00:00:00-04:00,150.97000122070312,151.27000427246094,146.10000610351562,148.85000610351562,1959200,0.0,0.0
2023-09-11 00:00:00-04:00,151.3800048828125,151.97500610351562,147.7239990234375,148.25999450683594,1848300,0.0,0.0
2023-09-12 00:00:00-04:00,148.4600067138672,153.0800018310547,147.82000732421875,150.8699951171875,1823000,0.0,0.0
2023-09-13 00:00:00-04:00,149.5500030517578,151.99000549316406,143.42999267578125,144.97000122070312,1815100,0.0,0.0
2023-09-14 00:00:00-04:00,146.8249969482422,147.6199951171875,142.3000030517578,144.75999450683594,2113200,0.0,0.0
2023-09-15 00:00:00-04:00,143.89999389648438,145.57000732421875,139.52000427246094,140.2899932861328,3136000,0.0,0.0
2023-09-18 00:00:00-04:00,139.05999755859375,139.09800720214844,135.8699951171875,136.22000122070312,1693700,0.0,0.0
2023-09-19 00:00:00-04:00,135.72000122070312,141.3300018310547,135.72000122070312,138.4600067138672,1982700,0.0,0.0
2023-09-20 00:00:00-04:00,138.7100067138672,141.6999969482422,136.88699340820312,139.1999969482422,1424700,0.0,0.0
2023-09-21 00:00:00-04:00,137.11000061035156,139.4149932861328,136.22000122070312,136.2899932861328,1183200,0.0,0.0
2023-09-22 00:00:00-04:00,137.8699951171875,137.8699951171875,132.7949981689453,134.60000610351562,1276000,0.0,0.0
2023-09-25 00:00:00-04:00,133.5,138.16000366210938,131.44000244140625,131.8699951171875,1639000,0.0,0.0
2023-09-26 00:00:00-04:00,130.77999877929688,130.77999877929688,126.83000183105469,127.2699966430664,2222200,0.0,0.0
2023-09-27 00:00:00-04:00,128.5500030517578,132.4499969482422,127.69999694824219,128.00999450683594,1792000,0.0,0.0
2023-09-28 00:00:00-04:00,128.6699981689453,132.6699981689453,125.26000213623047,130.74000549316406,1813100,0.0,0.0
2023-09-29 00:00:00-04:00,133.8000030517578,135.9499969482422,128.14500427246094,129.50999450683594,1812400,0.0,0.0
2023-10-02 00:00:00-04:00,125.11000061035156,127.25,121.56999969482422,122.55999755859375,2521400,0.0,0.0
2023-10-03 00:00:00-04:00,120.12000274658203,121.5,118.27999877929688,120.30999755859375,2380500,0.0,0.0
2023-10-04 00:00:00-04:00,120.25,127.68000030517578,117.70999908447266,125.30999755859375,3254800,0.0,0.0
2023-10-05 00:00:00-04:00,126.33999633789062,127.48999786376953,117.56999969482422,120.62000274658203,2134400,0.0,0.0
2023-10-06 00:00:00-04:00,118.36000061035156,125.26000213623047,118.0,123.97000122070312,1533400,0.0,0.0
2023-10-09 00:00:00-04:00,120.08999633789062,122.6500015258789,116.55999755859375,119.22000122070312,2807900,0.0,0.0
2023-10-10 00:00:00-04:00,120.01000213623047,127.05000305175781,120.0,124.98999786376953,2497900,0.0,0.0
2023-10-11 00:00:00-04:00,126.12000274658203,128.42999267578125,122.45999908447266,124.54000091552734,1854000,0.0,0.0
2023-10-12 00:00:00-04:00,126.37999725341797,126.37999725341797,118.72000122070312,120.6500015258789,1690800,0.0,0.0
2023-10-13 00:00:00-04:00,121.61000061035156,123.05000305175781,119.20500183105469,119.76000213623047,1110400,0.0,0.0
2023-10-16 00:00:00-04:00,119.5,125.08499908447266,117.72000122070312,123.5999984741211,1762000,0.0,0.0
2023-10-17 00:00:00-04:00,121.55000305175781,130.3800048828125,121.0999984741211,127.6500015258789,2020600,0.0,0.0
2023-10-18 00:00:00-04:00,125.73999786376953,126.08999633789062,120.48999786376953,120.77999877929688,1478300,0.0,0.0
2023-10-19 00:00:00-04:00,120.73999786376953,120.73999786376953,113.43000030517578,113.9800033569336,2647000,0.0,0.0
2023-10-20 00:00:00-04:00,75.56999969482422,85.38999938964844,72.37000274658203,82.9000015258789,21315900,0.0,0.0
2023-10-23 00:00:00-04:00,80.6500015258789,86.28900146484375,80.07499694824219,85.48999786376953,5374100,0.0,0.0
2023-10-24 00:00:00-04:00,86.68000030517578,88.30500030517578,82.7300033569336,83.33999633789062,3344000,0.0,0.0
2023-10-25 00:00:00-04:00,82.0,82.0,77.23999786376953,81.04000091552734,3899800,0.0,0.0
2023-10-26 00:00:00-04:00,82.3499984741211,85.11000061035156,80.83999633789062,83.41000366210938,2826300,0.0,0.0
2023-10-27 00:00:00-04:00,79.47000122070312,80.61000061035156,76.01100158691406,76.98999786376953,5071100,0.0,0.0
2023-10-30 00:00:00-04:00,77.52999877929688,78.80000305175781,74.08000183105469,75.04000091552734,3217900,0.0,0.0
2023-10-31 00:00:00-04:00,75.4000015258789,76.79000091552734,74.33499908447266,75.94999694824219,2657700,0.0,0.0
2023-11-01 00:00:00-04:00,74.56999969482422,76.13999938964844,73.19999694824219,75.79000091552734,5050300,0.0,0.0
2023-11-02 00:00:00-04:00,63.900001525878906,74.19000244140625,63.25,72.79000091552734,12429600,0.0,0.0
2023-11-03 00:00:00-04:00,74.1500015258789,77.87999725341797,73.66000366210938,75.5999984741211,6006000,0.0,0.0
2023-11-06 00:00:00-05:00,75.5999984741211,75.9800033569336,68.58999633789062,71.7699966430664,5136100,0.0,0.0
2023-11-07 00:00:00-05:00,71.87000274658203,73.44000244140625,70.12000274658203,73.16999816894531,2472400,0.0,0.0
2023-11-08 00:00:00-05:00,72.7300033569336,72.83000183105469,70.69499969482422,70.87000274658203,2397800,0.0,0.0
2023-11-09 00:00:00-05:00,71.58000183105469,73.58000183105469,70.27999877929688,70.33000183105469,2378400,0.0,0.0
2023-11-10 00:00:00-05:00,70.3499984741211,71.26899719238281,68.37000274658203,71.13999938964844,1911200,0.0,0.0
2023-11-13 00:00:00-05:00,70.01000213623047,72.3550033569336,69.19999694824219,71.62000274658203,2154900,0.0,0.0
2023-11-14 00:00:00-05:00,75.9000015258789,81.03500366210938,75.88999938964844,79.3499984741211,4546800,0.0,0.0
2023-11-15 00:00:00-05:00,80.44999694824219,85.11900329589844,79.25,80.04000091552734,4021600,0.0,0.0
2023-11-16 00:00:00-05:00,79.0999984741211,79.31999969482422,76.45999908447266,76.5199966430664,2802200,0.0,0.0
2023-11-17 00:00:00-05:00,77.36000061035156,78.98999786376953,74.80999755859375,78.98999786376953,2913200,0.0,0.0
2023-11-20 00:00:00-05:00,79.02999877929688,82.9000015258789,76.72000122070312,81.05000305175781,2778900,0.0,0.0
2023-11-21 00:00:00-05:00,81.30999755859375,81.5199966430664,78.38999938964844,78.91999816894531,1868200,0.0,0.0
2023-11-22 00:00:00-05:00,80.0,80.0,78.0,78.68000030517578,1575700,0.0,0.0
2023-11-24 00:00:00-05:00,78.73999786376953,79.08000183105469,77.54000091552734,78.08000183105469,875000,0.0,0.0
2023-11-27 00:00:00-05:00,77.73999786376953,77.80999755859375,75.43199920654297,76.81999969482422,1787200,0.0,0.0
2023-11-28 00:00:00-05:00,75.76000213623047,78.41500091552734,73.84500122070312,76.97000122070312,2208300,0.0,0.0
2023-11-29 00:00:00-05:00,78.94999694824219,81.9000015258789,77.96099853515625,78.55000305175781,2190900,0.0,0.0
2023-11-30 00:00:00-05:00,80.5,81.2699966430664,76.5,79.37999725341797,6161400,0.0,0.0
2023-12-01 00:00:00-05:00,78.69000244140625,82.66500091552734,76.13500213623047,82.4800033569336,2746700,0.0,0.0
2023-12-04 00:00:00-05:00,82.4800033569336,85.70999908447266,82.0199966430664,83.5999984741211,2816900,0.0,0.0
2023-12-05 00:00:00-05:00,82.4800033569336,85.30999755859375,81.61000061035156,81.9000015258789,2854100,0.0,0.0
2023-12-06 00:00:00-05:00,82.69999694824219,84.45999908447266,80.44000244140625,80.66999816894531,2291800,0.0,0.0
2023-12-07 00:00:00-05:00,81.02999877929688,82.30000305175781,79.43000030517578,80.19000244140625,1850800,0.0,0.0
2023-12-08 00:00:00-05:00,79.98999786376953,81.4000015258789,76.4000015258789,78.4000015258789,2643700,0.0,0.0
2023-12-11 00:00:00-05:00,78.22000122070312,80.88999938964844,78.0,79.6500015258789,1846900,0.0,0.0
2023-12-12 00:00:00-05:00,79.05999755859375,79.27999877929688,73.05000305175781,76.18000030517578,3567200,0.0,0.0
2023-12-13 00:00:00-05:00,71.51000213623047,82.77999877929688,71.1500015258789,82.61000061035156,4231800,0.0,0.0
2023-12-14 00:00:00-05:00,86.20999908447266,98.16000366210938,86.1500015258789,96.31999969482422,7225200,0.0,0.0
2023-12-15 00:00:00-05:00,97.5,99.61000061035156,93.69999694824219,97.12000274658203,16630900,0.0,0.0
2023-12-18 00:00:00-05:00,92.55000305175781,97.2760009765625,91.49500274658203,93.4800033569336,4269900,0.0,0.0
2023-12-19 00:00:00-05:00,93.5,103.1510009765625,93.5,102.23999786376953,4710700,0.0,0.0
2023-12-20 00:00:00-05:00,101.11000061035156,102.62000274658203,94.66799926757812,94.8499984741211,3941400,0.0,0.0
2023-12-21 00:00:00-05:00,96.61000061035156,100.5,94.86000061035156,97.08000183105469,3040900,0.0,0.0
2023-12-22 00:00:00-05:00,98.0,98.11000061035156,93.9800033569336,96.02999877929688,2378000,0.0,0.0
2023-12-26 00:00:00-05:00,96.86000061035156,98.5,95.5199966430664,96.95999908447266,1869400,0.0,0.0
2023-12-27 00:00:00-05:00,97.58999633789062,97.63899993896484,95.18000030517578,96.43000030517578,1402500,0.0,0.0
2023-12-28 00:00:00-05:00,95.79000091552734,97.19999694824219,94.7699966430664,96.7300033569336,1748300,0.0,0.0
2023-12-29 00:00:00-05:00,96.51000213623047,97.1500015258789,93.52999877929688,93.5999984741211,1801600,0.0,0.0
2024-01-02 00:00:00-05:00,93.0,97.2699966430664,91.45999908447266,91.69999694824219,1889300,0.0,0.0
2024-01-03 00:00:00-05:00,89.75,89.75,84.3499984741211,86.44000244140625,3078400,0.0,0.0
2024-01-04 00:00:00-05:00,85.97000122070312,85.9800033569336,82.55999755859375,82.80000305175781,2389700,0.0,0.0
2024-01-05 00:00:00-05:00,81.77999877929688,84.05999755859375,79.44000244140625,79.58000183105469,2608800,0.0,0.0
2024-01-08 00:00:00-05:00,80.27999877929688,80.33999633789062,78.05999755859375,78.54000091552734,3053500,0.0,0.0
2024-01-09 00:00:00-05:00,77.0199966430664,78.8499984741211,75.62999725341797,77.22000122070312,2698400,0.0,0.0
2024-01-10 00:00:00-05:00,77.80000305175781,81.20999908447266,75.9000015258789,81.01000213623047,3485800,0.0,0.0
2024-01-11 00:00:00-05:00,80.16000366210938,80.26000213623047,75.41000366210938,77.62000274658203,3121300,0.0,0.0
2024-01-12 00:00:00-05:00,79.12000274658203,79.9000015258789,74.0199966430664,74.23999786376953,2557400,0.0,0.0
2024-01-16 00:00:00-05:00,73.27999877929688,74.97000122070312,72.41500091552734,72.83000183105469,2904400,0.0,0.0
2024-01-17 00:00:00-05:00,68.77999877929688,70.91000366210938,67.5479965209961,68.22000122070312,4175000,0.0,0.0
2024-01-18 00:00:00-05:00,69.47000122070312,70.29000091552734,67.30000305175781,69.2699966430664,2559600,0.0,0.0
2024-01-19 00:00:00-05:00,69.38999938964844,69.43000030517578,66.52999877929688,69.11000061035156,2532800,0.0,0.0
2024-01-22 00:00:00-05:00,71.98999786376953,76.9260025024414,70.33000183105469,71.8499984741211,3726100,0.0,0.0
2024-01-23 00:00:00-05:00,74.63999938964844,75.58000183105469,70.43000030517578,71.83999633789062,2524700,0.0,0.0
2024-01-24 00:00:00-05:00,73.56999969482422,73.76000213623047,69.87000274658203,70.19999694824219,2220700,0.0,0.0
2024-01-25 00:00:00-05:00,70.5999984741211,70.76000213623047,65.62000274658203,70.44000244140625,3770000,0.0,0.0
2024-01-26 00:00:00-05:00,71.30000305175781,71.45999908447266,68.83000183105469,68.83999633789062,1557000,0.0,0.0
2024-01-29 00:00:00-05:00,68.30000305175781,71.31999969482422,67.16999816894531,71.25,2152300,0.0,0.0
2024-01-30 00:00:00-05:00,70.36000061035156,72.19000244140625,69.0,69.16000366210938,1940000,0.0,0.0
2024-01-31 00:00:00-05:00,69.13999938964844,72.572998046875,66.44999694824219,66.5,3498600,0.0,0.0
2024-02-01 00:00:00-05:00,67.8499984741211,70.7699966430664,66.9000015258789,69.2699966430664,2932600,0.0,0.0
2024-02-02 00:00:00-05:00,66.9000015258789,68.30000305175781,64.58000183105469,68.0,1872400,0.0,0.0
2024-02-05 00:00:00-05:00,66.27999877929688,66.27999877929688,63.709999084472656,65.66999816894531,2863200,0.0,0.0
2024-02-06 00:00:00-05:00,66.20999908447266,68.54000091552734,64.30999755859375,67.37999725341797,2562400,0.0,0.0
2024-02-07 00:00:00-05:00,77.30999755859375,79.61000061035156,71.15799713134766,76.18000030517578,5542600,0.0,0.0
2024-02-08 00:00:00-05:00,75.83000183105469,77.55999755859375,74.26000213623047,75.51000213623047,1868100,0.0,0.0
2024-02-09 00:00:00-05:00,76.20999908447266,79.30000305175781,75.80999755859375,77.76000213623047,1530600,0.0,0.0
2024-02-12 00:00:00-05:00,78.5,85.0999984741211,78.0,83.30000305175781,2409900,0.0,0.0
2024-02-13 00:00:00-05:00,76.22000122070312,80.33999633789062,75.62999725341797,76.55000305175781,2434900,0.0,0.0
2024-02-14 00:00:00-05:00,78.16999816894531,82.94999694824219,76.55999755859375,82.61000061035156,2268300,0.0,0.0
2024-02-15 00:00:00-05:00,85.29000091552734,87.9800033569336,84.41000366210938,86.94000244140625,2408400,0.0,0.0
2024-02-16 00:00:00-05:00,84.41000366210938,87.12999725341797,83.80000305175781,85.05999755859375,1671100,0.0,0.0
2024-02-20 00:00:00-05:00,83.05999755859375,84.69000244140625,81.82099914550781,84.41999816894531,4729100,0.0,0.0
2024-02-21 00:00:00-05:00,70.01000213623047,75.58999633789062,70.0,74.13999938964844,8461900,0.0,0.0
2024-02-22 00:00:00-05:00,74.1500015258789,76.68499755859375,69.80000305175781,69.93000030517578,4454600,0.0,0.0
2024-02-23 00:00:00-05:00,69.69000244140625,69.83999633789062,65.55000305175781,67.3499984741211,3267000,0.0,0.0
2024-02-26 00:00:00-05:00,67.23999786376953,68.44000244140625,66.29000091552734,67.08000183105469,1788800,0.0,0.0
2024-02-27 00:00:00-05:00,68.31999969482422,69.5,67.19999694824219,69.33999633789062,1554500,0.0,0.0
2024-02-28 00:00:00-05:00,68.51000213623047,69.05000305175781,65.38999938964844,65.55999755859375,2448200,0.0,0.0
2024-02-29 00:00:00-05:00,67.80999755859375,70.72000122070312,66.69999694824219,67.16999816894531,2542600,0.0,0.0
2024-03-01 00:00:00-05:00,67.56999969482422,69.08000183105469,65.86000061035156,67.87999725341797,1400800,0.0,0.0
2024-03-04 00:00:00-05:00,67.79000091552734,68.08999633789062,65.20999908447266,67.05999755859375,1990500,0.0,0.0
2024-03-05 00:00:00-05:00,66.88999938964844,68.68000030517578,66.0199966430664,67.61000061035156,2055300,0.0,0.0
2024-03-06 00:00:00-05:00,69.13999938964844,70.80999755859375,67.0999984741211,70.36000061035156,1837100,0.0,0.0
2024-03-07 00:00:00-05:00,71.37999725341797,75.2699966430664,70.55999755859375,75.26000213623047,1817800,0.0,0.0
2024-03-08 00:00:00-05:00,76.66999816894531,78.40499877929688,74.91500091552734,75.72000122070312,1922300,0.0,0.0
2024-03-11 00:00:00-04:00,75.11000061035156,77.5199966430664,73.66000366210938,74.48999786376953,1398000,0.0,0.0
2024-03-12 00:00:00-04:00,74.5199966430664,74.76000213623047,71.6500015258789,72.13999938964844,1572800,0.0,0.0
2024-03-13 00:00:00-04:00,71.41999816894531,72.33000183105469,67.4000015258789,67.8499984741211,2044400,0.0,0.0
2024-03-14 00:00:00-04:00,67.79000091552734,68.47000122070312,63.7599983215332,64.56999969482422,2377400,0.0,0.0
2024-03-15 00:00:00-04:00,63.75,64.33999633789062,61.40999984741211,61.560001373291016,4197800,0.0,0.0
2024-03-18 00:00:00-04:00,62.33000183105469,64.25,60.435001373291016,62.70000076293945,2191700,0.0,0.0
2024-03-19 00:00:00-04:00,61.52000045776367,63.099998474121094,61.08000183105469,62.25,1411800,0.0,0.0
2024-03-20 00:00:00-04:00,61.869998931884766,65.87999725341797,61.29999923706055,65.44999694824219,1818500,0.0,0.0
2024-03-21 00:00:00-04:00,66.20999908447266,69.2699966430664,66.13999938964844,66.7300033569336,1910300,0.0,0.0
2024-03-22 00:00:00-04:00,65.72000122070312,66.27999877929688,64.11000061035156,64.69999694824219,1691900,0.0,0.0
2024-03-25 00:00:00-04:00,64.31999969482422,65.5,63.630001068115234,64.0199966430664,1751700,0.0,0.0
2024-03-26 00:00:00-04:00,64.48999786376953,65.98400115966797,63.38999938964844,63.43000030517578,1524500,0.0,0.0
2024-03-27 00:00:00-04:00,64.70999908447266,70.38500213623047,64.2750015258789,69.69000244140625,2302000,0.0,0.0
2024-03-28 00:00:00-04:00,69.5999984741211,71.7300033569336,68.9000015258789,70.9800033569336,1430800,0.0,0.0
2024-04-01 00:00:00-04:00,71.2699966430664,73.12000274658203,69.81999969482422,70.95999908447266,1313600,0.0,0.0
2024-04-02 00:00:00-04:00,69.04000091552734,69.41000366210938,66.44999694824219,66.88999938964844,1297700,0.0,0.0
2024-04-03 00:00:00-04:00,66.1500015258789,68.62000274658203,64.9000015258789,68.38999938964844,1152700,0.0,0.0
2024-04-04 00:00:00-04:00,70.0,73.5999984741211,68.06999969482422,68.7699966430664,1970900,0.0,0.0
2024-04-05 00:00:00-04:00,67.44999694824219,68.81999969482422,65.4000015258789,66.69000244140625,1710400,0.0,0.0
2024-04-08 00:00:00-04:00,67.11000061035156,68.56999969482422,66.5999984741211,66.94999694824219,1083500,0.0,0.0
2024-04-09 00:00:00-04:00,67.80000305175781,72.12000274658203,67.80000305175781,72.08999633789062,1730800,0.0,0.0
2024-04-10 00:00:00-04:00,68.4000015258789,71.37999725341797,67.56999969482422,70.69999694824219,1676200,0.0,0.0
2024-04-11 00:00:00-04:00,71.75,72.0999984741211,68.12000274658203,70.26000213623047,1259900,0.0,0.0
2024-04-12 00:00:00-04:00,69.66000366210938,71.5,65.1500015258789,65.3499984741211,1979100,0.0,0.0
2024-04-15 00:00:00-04:00,65.16000366210938,65.29000091552734,60.13999938964844,60.439998626708984,2198800,0.0,0.0
2024-04-16 00:00:00-04:00,59.630001068115234,60.599998474121094,57.71699905395508,59.52000045776367,1991100,0.0,0.0
2024-04-17 00:00:00-04:00,59.849998474121094,61.209999084472656,58.875,59.7400016784668,2182600,0.0,0.0
2024-04-18 00:00:00-04:00,59.56999969482422,59.56999969482422,57.060001373291016,57.38999938964844,1986300,0.0,0.0
2024-04-19 00:00:00-04:00,57.630001068115234,58.349998474121094,55.369998931884766,55.79999923706055,2368700,0.0,0.0
2024-04-22 00:00:00-04:00,56.0,56.18000030517578,53.59000015258789,54.5099983215332,2484600,0.0,0.0
2024-04-23 00:00:00-04:00,54.41999816894531,57.470001220703125,54.0,56.77000045776367,2720400,0.0,0.0
2024-04-24 00:00:00-04:00,57.209999084472656,60.900001525878906,56.5099983215332,57.86000061035156,2705000,0.0,0.0
2024-04-25 00:00:00-04:00,56.9900016784668,57.41999816894531,54.47999954223633,56.61000061035156,1896000,0.0,0.0
2024-04-26 00:00:00-04:00,56.560001373291016,59.189998626708984,56.029998779296875,58.20000076293945,1268700,0.0,0.0
2024-04-29 00:00:00-04:00,59.619998931884766,61.84000015258789,58.90999984741211,60.0099983215332,1194400,0.0,0.0
2024-04-30 00:00:00-04:00,58.45000076293945,59.59000015258789,58.30500030517578,58.650001525878906,1657900,0.0,0.0
2024-05-01 00:00:00-04:00,58.79999923706055,61.290000915527344,57.81999969482422,58.099998474121094,2118200,0.0,0.0
2024-05-02 00:00:00-04:00,59.630001068115234,59.8380012512207,57.064998626708984,59.65999984741211,1466000,0.0,0.0
2024-05-03 00:00:00-04:00,62.22999954223633,64.04000091552734,60.0,60.45000076293945,1861600,0.0,0.0
2024-05-06 00:00:00-04:00,61.2400016784668,61.70000076293945,59.790000915527344,60.06999969482422,1361800,0.0,0.0
2024-05-07 00:00:00-04:00,60.16999816894531,60.5,58.630001068115234,58.709999084472656,1942400,0.0,0.0
2024-05-08 00:00:00-04:00,57.25,58.540000915527344,56.279998779296875,57.54999923706055,3110600,0.0,0.0
2024-05-09 00:00:00-04:00,53.54999923706055,55.720001220703125,51.650001525878906,52.66999816894531,6399700,0.0,0.0
2024-05-10 00:00:00-04:00,53.209999084472656,53.66999816894531,49.119998931884766,49.470001220703125,3964800,0.0,0.0
2024-05-13 00:00:00-04:00,49.0,53.0,48.81999969482422,52.209999084472656,3322000,0.0,0.0
2024-05-14 00:00:00-04:00,54.720001220703125,55.77000045776367,52.2599983215332,53.75,2896400,0.0,0.0
2024-05-15 00:00:00-04:00,55.869998931884766,56.52000045776367,51.279998779296875,51.349998474121094,1936400,0.0,0.0
2024-05-16 00:00:00-04:00,51.91999816894531,52.529998779296875,50.33000183105469,50.52000045776367,1564500,0.0,0.0
2024-05-17 00:00:00-04:00,50.20000076293945,50.81999969482422,48.40999984741211,48.40999984741211,1893700,0.0,0.0
2024-05-20 00:00:00-04:00,48.459999084472656,49.04999923706055,47.59000015258789,48.709999084472656,1716200,0.0,0.0
2024-05-21 00:00:00-04:00,48.06999969482422,48.869998931884766,47.7400016784668,48.47999954223633,1211800,0.0,0.0
2024-05-22 00:00:00-04:00,48.189998626708984,53.58000183105469,48.10499954223633,52.83000183105469,3561700,0.0,0.0
2024-05-23 00:00:00-04:00,52.099998474121094,52.400001525878906,46.86000061035156,47.209999084472656,3109300,0.0,0.0
2024-05-24 00:00:00-04:00,47.599998474121094,49.7400016784668,47.25,48.02000045776367,2091000,0.0,0.0
2024-05-28 00:00:00-04:00,48.779998779296875,50.099998474121094,47.84000015258789,49.97999954223633,3012400,0.0,0.0
2024-05-29 00:00:00-04:00,48.400001525878906,50.04999923706055,48.2599983215332,48.560001373291016,1487800,0.0,0.0
2024-05-30 00:00:00-04:00,49.439998626708984,51.150001525878906,48.599998474121094,49.31999969482422,1264600,0.0,0.0
2024-05-31 00:00:00-04:00,50.09000015258789,51.5,48.06999969482422,48.9900016784668,1902200,0.0,0.0
2024-06-03 00:00:00-04:00,50.599998474121094,50.599998474121094,47.70000076293945,48.0099983215332,1808600,0.0,0.0
2024-06-04 00:00:00-04:00,48.63999938964844,49.099998474121094,47.13999938964844,47.369998931884766,1614500,0.0,0.0
2024-06-05 00:00:00-04:00,47.939998626708984,50.83000183105469,47.63999938964844,48.91999816894531,1925900,0.0,0.0
2024-06-06 00:00:00-04:00,48.400001525878906,48.900001525878906,47.5099983215332,48.31999969482422,1255200,0.0,0.0
2024-06-07 00:00:00-04:00,47.060001373291016,47.65999984741211,46.04999923706055,46.290000915527344,1960300,0.0,0.0
2024-06-10 00:00:00-04:00,45.04999923706055,47.220001220703125,44.06999969482422,46.88999938964844,2129800,0.0,0.0
2024-06-11 00:00:00-04:00,46.310001373291016,46.47999954223633,44.92100143432617,45.88999938964844,1513400,0.0,0.0
2024-06-12 00:00:00-04:00,48.25,49.56999969482422,44.56999969482422,44.66999816894531,2693100,0.0,0.0
2024-06-13 00:00:00-04:00,44.720001220703125,45.15999984741211,43.18000030517578,43.27000045776367,1859200,0.0,0.0
2024-06-14 00:00:00-04:00,42.75,43.13999938964844,39.84000015258789,39.86000061035156,3082700,0.0,0.0
2024-06-17 00:00:00-04:00,39.63999938964844,40.470001220703125,37.06999969482422,38.22999954223633,4111000,0.0,0.0
2024-06-18 00:00:00-04:00,37.75,38.47999954223633,36.55500030517578,37.06999969482422,2817400,0.0,0.0
2024-06-20 00:00:00-04:00,33.81999969482422,35.290000915527344,32.81999969482422,34.310001373291016,7053000,0.0,0.0
2024-06-21 00:00:00-04:00,34.0099983215332,34.23099899291992,32.540000915527344,33.0099983215332,6362500,0.0,0.0
2024-06-24 00:00:00-04:00,32.88999938964844,33.7400016784668,31.950000762939453,33.25,5190800,0.0,0.0
2024-06-25 00:00:00-04:00,27.399999618530273,28.719999313354492,24.719999313354492,26.399999618530273,24806300,0.0,0.0
2024-06-26 00:00:00-04:00,26.260000228881836,26.6299991607666,24.829999923706055,24.989999771118164,9989400,0.0,0.0
2024-06-27 00:00:00-04:00,24.799999237060547,26.329999923706055,24.440000534057617,25.270000457763672,6968900,0.0,0.0
2024-06-28 00:00:00-04:00,25.190000534057617,25.469999313354492,24.5,25.260000228881836,4422400,0.0,0.0
2024-07-01 00:00:00-04:00,25.030000686645508,26.049999237060547,23.959999084472656,23.969999313354492,5229400,0.0,0.0
2024-07-02 00:00:00-04:00,24.219999313354492,25.040000915527344,23.510000228881836,24.25,5279600,0.0,0.0
2024-07-03 00:00:00-04:00,24.799999237060547,25.479999542236328,24.25,25.31999969482422,3868200,0.0,0.0
2024-07-05 00:00:00-04:00,25.639999389648438,25.639999389648438,24.540000915527344,25.049999237060547,3262000,0.0,0.0
2024-07-08 00:00:00-04:00,26.309999465942383,28.3700008392334,25.809999465942383,27.3700008392334,10853000,0.0,0.0
2024-07-09 00:00:00-04:00,26.889999389648438,27.190000534057617,25.700000762939453,26.8700008392334,6095700,0.0,0.0
2024-07-10 00:00:00-04:00,27.385000228881836,29.65999984741211,27.200000762939453,29.6299991607666,6893800,0.0,0.0
2024-07-11 00:00:00-04:00,30.5,31.739999771118164,28.8799991607666,29.90999984741211,7394200,0.0,0.0
2024-07-12 00:00:00-04:00,30.34000015258789,32.11000061035156,30.040000915527344,31.649999618530273,7067300,0.0,0.0
2024-07-15 00:00:00-04:00,28.8700008392334,29.25,26.760000228881836,26.790000915527344,9403500,0.0,0.0
2024-07-16 00:00:00-04:00,27.1299991607666,30.6299991607666,27.0,30.200000762939453,7176900,0.0,0.0
2024-07-17 00:00:00-04:00,28.950000762939453,30.149999618530273,27.899999618530273,28.110000610351562,4578200,0.0,0.0
2024-07-18 00:00:00-04:00,28.399999618530273,29.190000534057617,26.34000015258789,26.739999771118164,5438300,0.0,0.0
2024-07-19 00:00:00-04:00,26.440000534057617,26.579999923706055,25.530000686645508,25.690000534057617,4049100,0.0,0.0
2024-07-22 00:00:00-04:00,26.989999771118164,27.049999237060547,25.56999969482422,26.299999237060547,4294200,0.0,0.0
2024-07-23 00:00:00-04:00,25.649999618530273,26.520000457763672,25.469999313354492,25.520000457763672,3746600,0.0,0.0
2024-07-24 00:00:00-04:00,25.850000381469727,27.6299991607666,25.100000381469727,25.170000076293945,7367100,0.0,0.0
2024-07-25 00:00:00-04:00,25.06999969482422,27.989999771118164,24.829999923706055,27.450000762939453,4941200,0.0,0.0
2024-07-26 00:00:00-04:00,28.530000686645508,28.950000762939453,27.43000030517578,27.56999969482422,3134700,0.0,0.0
2024-07-29 00:00:00-04:00,27.290000915527344,27.969999313354492,26.309999465942383,26.809999465942383,2330200,0.0,0.0
2024-07-30 00:00:00-04:00,26.93000030517578,27.360000610351562,26.3700008392334,27.010000228881836,1555000,0.0,0.0
2024-07-31 00:00:00-04:00,27.420000076293945,30.30500030517578,27.15999984741211,28.860000610351562,3397900,0.0,0.0
2024-08-01 00:00:00-04:00,29.040000915527344,29.520000457763672,26.389999389648438,26.540000915527344,3029600,0.0,0.0
2024-08-02 00:00:00-04:00,25.1200008392334,26.829999923706055,24.924999237060547,25.31999969482422,3238100,0.0,0.0
2024-08-05 00:00:00-04:00,23.469999313354492,26.114999771118164,23.21299934387207,25.020000457763672,2655300,0.0,0.0
2024-08-06 00:00:00-04:00,24.84000015258789,24.959999084472656,23.650999069213867,23.899999618530273,2870600,0.0,0.0
2024-08-07 00:00:00-04:00,25.3700008392334,26.06999969482422,23.530000686645508,23.59000015258789,5202900,0.0,0.0
2024-08-08 00:00:00-04:00,19.850000381469727,23.100000381469727,19.805999755859375,22.8700008392334,9951500,0.0,0.0
2024-08-09 00:00:00-04:00,22.860000610351562,23.0,20.520000457763672,21.200000762939453,5013300,0.0,0.0
2024-08-12 00:00:00-04:00,21.209999084472656,22.420000076293945,21.149999618530273,21.440000534057617,3629500,0.0,0.0
2024-08-13 00:00:00-04:00,21.549999237060547,22.1299991607666,21.010000228881836,21.8799991607666,2906300,0.0,0.0
2024-08-14 00:00:00-04:00,22.18000030517578,22.700000762939453,21.049999237060547,22.3700008392334,3837800,0.0,0.0
2024-08-15 00:00:00-04:00,23.059999465942383,25.625,23.049999237060547,24.56999969482422,3407300,0.0,0.0
2024-08-16 00:00:00-04:00,24.350000381469727,25.299999237060547,24.049999237060547,25.290000915527344,2541500,0.0,0.0
2024-08-19 00:00:00-04:00,25.559999465942383,27.90999984741211,25.450000762939453,27.530000686645508,3952700,0.0,0.0
2024-08-20 00:00:00-04:00,27.399999618530273,28.34000015258789,26.459999084472656,26.6299991607666,3372600,0.0,0.0
2024-08-21 00:00:00-04:00,26.639999389648438,27.420000076293945,26.440000534057617,26.850000381469727,2023200,0.0,0.0
2024-08-22 00:00:00-04:00,26.56999969482422,26.81999969482422,24.829999923706055,25.049999237060547,1761300,0.0,0.0
2024-08-23 00:00:00-04:00,25.389999389648438,28.780000686645508,25.200000762939453,28.770000457763672,3565500,0.0,0.0
2024-08-26 00:00:00-04:00,30.989999771118164,31.06999969482422,26.010000228881836,26.1299991607666,7580100,0.0,0.0
2024-08-27 00:00:00-04:00,25.8700008392334,26.299999237060547,24.309999465942383,25.690000534057617,3438400,0.0,0.0
2024-08-28 00:00:00-04:00,25.65999984741211,26.5,25.190000534057617,25.690000534057617,2158100,0.0,0.0
2024-08-29 00:00:00-04:00,25.559999465942383,26.024999618530273,24.860000610351562,24.90999984741211,1970300,0.0,0.0
2024-08-30 00:00:00-04:00,25.15999984741211,25.31999969482422,24.139999389648438,24.329999923706055,2080200,0.0,0.0
2024-09-03 00:00:00-04:00,23.809999465942383,23.989999771118164,22.040000915527344,22.06999969482422,2904900,0.0,0.0
2024-09-04 00:00:00-04:00,21.920000076293945,22.549999237060547,21.540000915527344,21.719999313354492,2102500,0.0,0.0
2024-09-05 00:00:00-04:00,22.139999389648438,22.479999542236328,20.59000015258789,20.65999984741211,2727100,0.0,0.0
2024-09-06 00:00:00-04:00,20.65999984741211,20.93000030517578,19.43000030517578,19.489999771118164,2925600,0.0,0.0
2024-09-09 00:00:00-04:00,19.610000610351562,20.200000762939453,17.860000610351562,17.940000534057617,5460500,0.0,0.0
2024-09-10 00:00:00-04:00,17.979999542236328,18.10099983215332,17.1200008392334,17.850000381469727,4211900,0.0,0.0
2024-09-11 00:00:00-04:00,19.1299991607666,19.868999481201172,18.59000015258789,19.360000610351562,6202400,0.0,0.0
2024-09-12 00:00:00-04:00,19.270000457763672,19.40999984741211,18.020000457763672,18.149999618530273,3298200,0.0,0.0
2024-09-13 00:00:00-04:00,18.579999923706055,19.770000457763672,18.479999542236328,19.700000762939453,4165100,0.0,0.0
2024-09-16 00:00:00-04:00,19.700000762939453,22.18000030517578,19.549999237060547,21.950000762939453,5521300,0.0,0.0
2024-09-17 00:00:00-04:00,21.079999923706055,23.15999984741211,21.077999114990234,22.520000457763672,5397300,0.0,0.0
2024-09-18 00:00:00-04:00,22.389999389648438,23.790000915527344,21.670000076293945,21.690000534057617,4609200,0.0,0.0
2024-09-19 00:00:00-04:00,22.959999084472656,23.084999084472656,21.135000228881836,21.200000762939453,4139700,0.0,0.0
2024-09-20 00:00:00-04:00,21.139999389648438,21.149999618530273,20.049999237060547,20.3700008392334,3848100,0.0,0.0
2024-09-23 00:00:00-04:00,20.350000381469727,20.924999237060547,19.739999771118164,20.639999389648438,2432800,0.0,0.0
2024-09-24 00:00:00-04:00,20.940000534057617,21.579999923706055,20.75,21.25,2480500,0.0,0.0
2024-09-25 00:00:00-04:00,21.170000076293945,21.860000610351562,19.790000915527344,20.170000076293945,4288200,0.0,0.0
2024-09-26 00:00:00-04:00,21.200000762939453,22.1200008392334,20.56999969482422,21.610000610351562,3452700,0.0,0.0
2024-09-27 00:00:00-04:00,22.34000015258789,23.579999923706055,22.260000228881836,23.1200008392334,3966500,0.0,0.0
2024-09-30 00:00:00-04:00,22.540000915527344,23.59000015258789,22.3700008392334,22.90999984741211,2615100,0.0,0.0
2024-10-01 00:00:00-04:00,22.93000030517578,22.93000030517578,21.34000015258789,22.020000457763672,3126000,0.0,0.0
2024-10-02 00:00:00-04:00,21.8799991607666,22.219999313354492,20.871999740600586,21.639999389648438,2116700,0.0,0.0
2024-10-03 00:00:00-04:00,21.399999618530273,21.610000610351562,20.149999618530273,20.260000228881836,2552400,0.0,0.0
2024-10-04 00:00:00-04:00,20.579999923706055,20.719999313354492,19.770000457763672,20.1299991607666,2342300,0.0,0.0
2024-10-07 00:00:00-04:00,20.0,20.84000015258789,19.540000915527344,20.420000076293945,2667200,0.0,0.0
2024-10-08 00:00:00-04:00,19.780000686645508,19.933000564575195,18.415000915527344,18.559999465942383,4661800,0.0,0.0
2024-10-09 00:00:00-04:00,18.59000015258789,19.288000106811523,18.200000762939453,19.0,2786800,0.0,0.0
2024-10-10 00:00:00-04:00,18.670000076293945,18.780000686645508,17.799999237060547,18.18000030517578,3444300,0.0,0.0
2024-10-11 00:00:00-04:00,18.09000015258789,19.764999389648438,18.045000076293945,19.459999084472656,3495500,0.0,0.0
2024-10-14 00:00:00-04:00,19.100000381469727,19.381999969482422,18.57900047302246,18.829999923706055,2295300,0.0,0.0
2024-10-15 00:00:00-04:00,18.5,18.770000457763672,17.829999923706055,18.190000534057617,3922100,0.0,0.0
2024-10-16 00:00:00-04:00,18.559999465942383,18.823999404907227,18.094999313354492,18.56999969482422,2317600,0.0,0.0
2024-10-17 00:00:00-04:00,17.510000228881836,18.15999984741211,16.90999984741211,17.93000030517578,4704000,0.0,0.0
2024-10-18 00:00:00-04:00,18.200000762939453,18.389999389648438,17.270000457763672,17.309999465942383,3522400,0.0,0.0
2024-10-21 00:00:00-04:00,16.809999465942383,17.190000534057617,16.450000762939453,17.010000228881836,4054500,0.0,0.0
2024-10-22 00:00:00-04:00,17.010000228881836,17.6299991607666,16.854999542236328,17.579999923706055,3289700,0.0,0.0
2024-10-23 00:00:00-04:00,16.280000686645508,16.350000381469727,14.890000343322754,14.944999694824219,11694700,0.0,0.0
2024-10-24 00:00:00-04:00,15.069999694824219,15.380000114440918,14.819999694824219,15.255000114440918,3874000,0.0,0.0
2024-10-25 00:00:00-04:00,15.359999656677246,16.239999771118164,15.130000114440918,16.110000610351562,4738400,0.0,0.0
2024-10-28 00:00:00-04:00,16.299999237060547,17.489999771118164,16.270000457763672,17.459999084472656,5041500,0.0,0.0
2024-10-29 00:00:00-04:00,17.5,17.68000030517578,16.510000228881836,16.770000457763672,3487600,0.0,0.0
2024-10-30 00:00:00-04:00,16.579999923706055,17.489999771118164,16.469999313354492,16.889999389648438,2316700,0.0,0.0
2024-10-31 00:00:00-04:00,16.799999237060547,17.239999771118164,16.40999984741211,17.059999465942383,2506000,0.0,0.0
2024-11-01 00:00:00-04:00,17.40999984741211,18.110000610351562,16.900999069213867,17.690000534057617,3436400,0.0,0.0
2024-11-04 00:00:00-05:00,18.010000228881836,19.139999389648438,17.93000030517578,18.299999237060547,4924300,0.0,0.0
2024-11-05 00:00:00-05:00,17.950000762939453,18.8700008392334,17.709999084472656,18.8700008392334,2786500,0.0,0.0
2024-11-06 00:00:00-05:00,15.970000267028809,16.479999542236328,14.5,14.675000190734863,15017800,0.0,0.0
2024-11-07 00:00:00-05:00,12.829999923706055,15.449999809265137,12.380000114440918,14.880000114440918,18863200,0.0,0.0
2024-11-08 00:00:00-05:00,14.579999923706055,14.6899995803833,13.194999694824219,13.529999732971191,7877700,0.0,0.0
2024-11-11 00:00:00-05:00,13.649999618530273,13.890000343322754,12.75,13.680000305175781,5930400,0.0,0.0
2024-11-12 00:00:00-05:00,13.15999984741211,13.354999542236328,12.109999656677246,12.239999771118164,6485700,0.0,0.0
2024-11-13 00:00:00-05:00,12.300000190734863,12.4399995803833,11.020000457763672,12.100000381469727,10728900,0.0,0.0
2024-11-14 00:00:00-05:00,12.380000114440918,13.479999542236328,11.670000076293945,12.829999923706055,7542400,0.0,0.0
2024-11-15 00:00:00-05:00,12.680000305175781,12.960000038146973,10.550000190734863,10.640000343322754,9412100,0.0,0.0
2024-11-18 00:00:00-05:00,10.779999732971191,11.119999885559082,10.369999885559082,10.850000381469727,4662200,0.0,0.0
2024-11-19 00:00:00-05:00,10.729999542236328,11.0,10.260000228881836,10.46500015258789,4579900,0.0,0.0
2024-11-20 00:00:00-05:00,10.479999542236328,11.449999809265137,10.239999771118164,10.869999885559082,5508500,0.0,0.0
2024-11-21 00:00:00-05:00,10.845000267028809,11.243000030517578,10.538999557495117,10.729999542236328,3254800,0.0,0.0
2024-11-22 00:00:00-05:00,10.699999809265137,12.100000381469727,10.40999984741211,11.880000114440918,5497200,0.0,0.0
2024-11-25 00:00:00-05:00,12.569999694824219,14.239999771118164,12.5,13.770000457763672,7563100,0.0,0.0
2024-11-26 00:00:00-05:00,13.9399995803833,14.0,13.100000381469727,13.6899995803833,3987100,0.0,0.0
2024-11-27 00:00:00-05:00,14.09000015258789,16.049999237060547,13.984999656677246,14.859999656677246,7976800,0.0,0.0
2024-11-29 00:00:00-05:00,14.9399995803833,16.020000457763672,14.460000038146973,15.800000190734863,3093000,0.0,0.0
2024-12-02 00:00:00-05:00,16.0,16.110000610351562,14.8100004196167,15.890000343322754,5142000,0.0,0.0
2024-12-03 00:00:00-05:00,15.520000457763672,15.618000030517578,14.600000381469727,14.65999984741211,3631400,0.0,0.0
2024-12-04 00:00:00-05:00,14.699999809265137,14.84000015258789,13.850000381469727,14.0600004196167,3503000,0.0,0.0
2024-12-05 00:00:00-05:00,14.0600004196167,14.369999885559082,12.460000038146973,12.59000015258789,5656000,0.0,0.0
2024-12-06 00:00:00-05:00,12.970000267028809,13.149999618530273,12.270000457763672,12.779999732971191,3423200,0.0,0.0
2024-12-09 00:00:00-05:00,13.229999542236328,15.4399995803833,13.069999694824219,14.279999732971191,6905900,0.0,0.0
2024-12-10 00:00:00-05:00,14.119999885559082,14.479999542236328,13.630000114440918,14.09000015258789,2857500,0.0,0.0
2024-12-11 00:00:00-05:00,14.59000015258789,14.949999809265137,13.609999656677246,14.40999984741211,2208600,0.0,0.0
2024-12-12 00:00:00-05:00,14.079999923706055,14.319999694824219,13.210000038146973,13.279999732971191,3655700,0.0,0.0
2024-12-13 00:00:00-05:00,13.300000190734863,13.75,13.0,13.350000381469727,2746500,0.0,0.0
2024-12-16 00:00:00-05:00,12.819999694824219,13.0,12.270000457763672,12.319999694824219,5161600,0.0,0.0
2024-12-17 00:00:00-05:00,14.680000305175781,15.479999542236328,13.579999923706055,14.369999885559082,13792100,0.0,0.0
2024-12-18 00:00:00-05:00,14.479999542236328,15.949999809265137,13.71500015258789,13.84000015258789,9177000,0.0,0.0
2024-12-19 00:00:00-05:00,14.010000228881836,14.5,13.0,13.109999656677246,5629200,0.0,0.0
2024-12-20 00:00:00-05:00,13.149999618530273,15.649999618530273,13.065999984741211,14.770000457763672,7371800,0.0,0.0
2024-12-23 00:00:00-05:00,14.829999923706055,15.192000389099121,14.430000305175781,14.880000114440918,3258700,0.0,0.0
2024-12-24 00:00:00-05:00,15.0,15.15999984741211,14.289999961853027,14.829999923706055,1699000,0.0,0.0
2024-12-26 00:00:00-05:00,14.569999694824219,15.34000015258789,14.15999984741211,14.579999923706055,3575600,0.0,0.0
2024-12-27 00:00:00-05:00,14.550000190734863,14.680000305175781,13.600000381469727,13.800000190734863,4429000,0.0,0.0
2024-12-30 00:00:00-05:00,13.59000015258789,13.71500015258789,13.069999694824219,13.569999694824219,3342300,0.0,0.0
2024-12-31 00:00:00-05:00,13.760000228881836,14.300000190734863,13.520000457763672,13.600000381469727,3312900,0.0,0.0
2025-01-02 00:00:00-05:00,14.020000457763672,15.470000267028809,13.9399995803833,14.800000190734863,5018500,0.0,0.0
2025-01-03 00:00:00-05:00,14.859999656677246,15.5,14.460000038146973,15.279999732971191,2939900,0.0,0.0
2025-01-06 00:00:00-05:00,17.520000457763672,19.0,16.18000030517578,16.290000915527344,8560800,0.0,0.0
2025-01-07 00:00:00-05:00,16.799999237060547,18.690000534057617,16.5,17.59000015258789,7779400,0.0,0.0
2025-01-08 00:00:00-05:00,16.479999542236328,16.709999084472656,14.9399995803833,14.989999771118164,6514200,0.0,0.0
2025-01-10 00:00:00-05:00,14.800000190734863,14.920000076293945,13.970999717712402,14.710000038146973,4831700,0.0,0.0
2025-01-13 00:00:00-05:00,14.1899995803833,14.5,13.479999542236328,14.460000038146973,3884200,0.0,0.0
2025-01-14 00:00:00-05:00,14.949999809265137,15.319999694824219,14.020000457763672,14.25,3535100,0.0,0.0
2025-01-15 00:00:00-05:00,14.90999984741211,15.614999771118164,14.489999771118164,14.5,2878000,0.0,0.0
2025-01-16 00:00:00-05:00,14.289999961853027,14.62600040435791,14.074999809265137,14.210000038146973,2837100,0.0,0.0
2025-01-17 00:00:00-05:00,14.279999732971191,14.800000190734863,13.760000228881836,13.90999984741211,2990100,0.0,0.0
2025-01-21 00:00:00-05:00,13.739999771118164,14.319999694824219,13.319999694824219,13.699999809265137,3605300,0.0,0.0
2025-01-22 00:00:00-05:00,13.545000076293945,13.545000076293945,12.859999656677246,13.050000190734863,4234200,0.0,0.0
2025-01-23 00:00:00-05:00,12.960000038146973,13.600000381469727,12.420000076293945,13.579999923706055,5114900,0.0,0.0
2025-01-24 00:00:00-05:00,13.720000267028809,15.180000305175781,13.710000038146973,14.680000305175781,4898600,0.0,0.0
2025-01-27 00:00:00-05:00,14.369999885559082,15.020000457763672,13.859999656677246,14.130000114440918,3019500,0.0,0.0
2025-01-28 00:00:00-05:00,14.220000267028809,14.40999984741211,13.329999923706055,13.390000343322754,3239100,0.0,0.0
2025-01-29 00:00:00-05:00,13.319999694824219,13.859999656677246,12.90999984741211,12.960000038146973,2800800,0.0,0.0
2025-01-30 00:00:00-05:00,13.369999885559082,13.529999732971191,12.979999542236328,13.3100004196167,2272600,0.0,0.0
2025-01-31 00:00:00-05:00,13.319999694824219,13.789999961853027,12.930000305175781,13.100000381469727,2687500,0.0,0.0
2025-02-03 00:00:00-05:00,12.5,13.970000267028809,12.329999923706055,13.359999656677246,3550200,0.0,0.0
2025-02-04 00:00:00-05:00,13.5,14.510000228881836,13.359999656677246,13.890000343322754,3032900,0.0,0.0
2025-02-05 00:00:00-05:00,14.119999885559082,14.699999809265137,13.65999984741211,14.34000015258789,3784100,0.0,0.0
2025-02-06 00:00:00-05:00,14.579999923706055,15.020000457763672,14.25,14.760000228881836,2879500,0.0,0.0
2025-02-07 00:00:00-05:00,14.670000076293945,14.729999542236328,13.956000328063965,14.289999961853027,2187600,0.0,0.0
2025-02-10 00:00:00-05:00,14.600000381469727,14.630000114440918,14.069999694824219,14.220000267028809,1870100,0.0,0.0
2025-02-11 00:00:00-05:00,14.0,14.09000015258789,13.295000076293945,13.369999885559082,2672700,0.0,0.0
2025-02-12 00:00:00-05:00,13.0600004196167,13.65999984741211,12.949999809265137,13.289999961853027,2847200,0.0,0.0
2025-02-13 00:00:00-05:00,13.470000267028809,15.130000114440918,13.329999923706055,14.850000381469727,4479800,0.0,0.0
2025-02-14 00:00:00-05:00,15.069999694824219,16.43000030517578,14.899999618530273,16.360000610351562,3988300,0.0,0.0
2025-02-18 00:00:00-05:00,16.5,17.190000534057617,16.06999969482422,16.93000030517578,7569800,0.0,0.0
2025-02-19 00:00:00-05:00,22.764999389648438,23.770000457763672,19.5,19.6299991607666,30861300,0.0,0.0
2025-02-20 00:00:00-05:00,19.329999923706055,19.58099937438965,17.1299991607666,18.190000534057617,9061700,0.0,0.0
2025-02-21 00:00:00-05:00,18.329999923706055,19.3700008392334,17.010000228881836,17.6200008392334,5094900,0.0,0.0
2025-02-24 00:00:00-05:00,17.610000610351562,19.079999923706055,17.34000015258789,18.459999084472656,4049200,0.0,0.0
2025-02-25 00:00:00-05:00,18.389999389648438,19.200000762939453,18.0,18.719999313354492,3987300,0.0,0.0
2025-02-26 00:00:00-05:00,19.290000915527344,20.1299991607666,18.46500015258789,18.540000915527344,3861400,0.0,0.0
2025-02-27 00:00:00-05:00,18.110000610351562,19.211999893188477,17.68000030517578,17.889999389648438,3959800,0.0,0.0
2025-02-28 00:00:00-05:00,17.420000076293945,17.56999969482422,15.930000305175781,16.489999771118164,3545900,0.0,0.0
2025-03-03 00:00:00-05:00,15.829999923706055,15.970000267028809,13.949999809265137,14.130000114440918,5084200,0.0,0.0
2025-03-04 00:00:00-05:00,13.6899995803833,15.244999885559082,13.359000205993652,14.84000015258789,3492700,0.0,0.0
2025-03-05 00:00:00-05:00,15.130000114440918,15.635000228881836,14.359999656677246,15.59000015258789,2712300,0.0,0.0
2025-03-06 00:00:00-05:00,15.020000457763672,16.43000030517578,14.800000190734863,16.020000457763672,3045200,0.0,0.0
2025-03-07 00:00:00-05:00,16.270000457763672,17.575000762939453,16.2450008392334,16.850000381469727,4158700,0.0,0.0
2025-03-10 00:00:00-04:00,16.5,17.950000762939453,16.309999465942383,16.610000610351562,3967000,0.0,0.0
2025-03-11 00:00:00-04:00,16.770000457763672,16.989999771118164,15.5,16.049999237060547,2419800,0.0,0.0
2025-03-12 00:00:00-04:00,16.15999984741211,16.30500030517578,15.289999961853027,15.8100004196167,2525800,0.0,0.0
2025-03-13 00:00:00-04:00,15.6899995803833,16.55500030517578,14.746999740600586,15.0600004196167,2430400,0.0,0.0
2025-03-14 00:00:00-04:00,15.550000190734863,16.18000030517578,15.510000228881836,16.1200008392334,1808000,0.0,0.0
2025-03-17 00:00:00-04:00,16.270000457763672,17.885000228881836,16.059999465942383,17.3799991607666,2030800,0.0,0.0
2025-03-18 00:00:00-04:00,17.219999313354492,17.260000228881836,16.360000610351562,16.8799991607666,2008800,0.0,0.0
2025-03-19 00:00:00-04:00,16.56999969482422,17.299999237060547,16.549999237060547,16.979999542236328,1177300,0.0,0.0
2025-03-20 00:00:00-04:00,16.719999313354492,17.725000381469727,16.459999084472656,17.1200008392334,1870300,0.0,0.0
2025-03-21 00:00:00-04:00,16.719999313354492,17.167999267578125,16.489999771118164,17.030000686645508,2660500,0.0,0.0
2025-03-24 00:00:00-04:00,17.3799991607666,17.969999313354492,17.059999465942383,17.200000762939453,1982500,0.0,0.0
2025-03-25 00:00:00-04:00,17.315000534057617,17.82900047302246,16.799999237060547,17.290000915527344,2156400,0.0,0.0
2025-03-26 00:00:00-04:00,17.110000610351562,17.56999969482422,15.550000190734863,16.100000381469727,3573400,0.0,0.0
2025-03-27 00:00:00-04:00,15.944999694824219,16.329999923706055,15.600000381469727,15.930000305175781,1382700,0.0,0.0
2025-03-28 00:00:00-04:00,15.609999656677246,15.920000076293945,15.09000015258789,15.850000381469727,2246100,0.0,0.0
2025-03-31 00:00:00-04:00,15.1850004196167,16.329999923706055,14.552000045776367,16.18000030517578,3643100,0.0,0.0
2025-04-01 00:00:00-04:00,16.360000610351562,16.780000686645508,15.109999656677246,16.684999465942383,2865500,0.0,0.0
2025-04-02 00:00:00-04:00,16.200000762939453,17.06999969482422,16.010000228881836,16.829999923706055,1711400,0.0,0.0
2025-04-03 00:00:00-04:00,15.829999923706055,16.110000610351562,15.069999694824219,15.425000190734863,2352400,0.0,0.0
2025-04-04 00:00:00-04:00,14.729999542236328,14.760000228881836,13.300000190734863,14.710000038146973,2960500,0.0,0.0
2025-04-07 00:00:00-04:00,13.6899995803833,15.260000228881836,13.3100004196167,13.350000381469727,3553600,0.0,0.0
2025-04-08 00:00:00-04:00,13.96500015258789,14.020000457763672,11.949999809265137,12.385000228881836,4925600,0.0,0.0
2025-04-09 00:00:00-04:00,11.829999923706055,14.479999542236328,11.569999694824219,14.350000381469727,5338700,0.0,0.0
2025-04-10 00:00:00-04:00,14.029999732971191,14.029999732971191,11.079999923706055,11.579999923706055,6605600,0.0,0.0
2025-04-11 00:00:00-04:00,11.739999771118164,12.979999542236328,11.0,12.760000228881836,4570400,0.0,0.0
2025-04-14 00:00:00-04:00,13.289999961853027,14.175000190734863,13.109999656677246,13.920000076293945,4948900,0.0,0.0
2025-04-15 00:00:00-04:00,13.720000267028809,14.069999694824219,12.510000228881836,12.6850004196167,3592300,0.0,0.0
2025-04-16 00:00:00-04:00,12.1899995803833,12.899999618530273,12.024999618530273,12.489999771118164,2232200,0.0,0.0
2025-04-17 00:00:00-04:00,12.460000038146973,12.71500015258789,12.255999565124512,12.640000343322754,1828500,0.0,0.0
2025-04-21 00:00:00-04:00,12.420000076293945,12.420000076293945,11.800000190734863,12.100000381469727,1897400,0.0,0.0
2025-04-22 00:00:00-04:00,12.75,13.880000114440918,12.680000305175781,13.050000190734863,5127600,0.0,0.0
2025-04-23 00:00:00-04:00,12.319999694824219,12.880000114440918,11.704999923706055,11.920000076293945,6031400,0.0,0.0
2025-04-24 00:00:00-04:00,12.020000457763672,12.470000267028809,11.609999656677246,11.71500015258789,4033400,0.0,0.0
2025-04-25 00:00:00-04:00,11.8149995803833,12.579999923706055,11.449999809265137,12.5600004196167,4227200,0.0,0.0
2025-04-28 00:00:00-04:00,12.75,13.470000267028809,12.569999694824219,12.6899995803833,3366000,0.0,0.0
2025-04-29 00:00:00-04:00,12.75,13.055999755859375,12.420000076293945,12.84000015258789,2350700,0.0,0.0
2025-04-30 00:00:00-04:00,12.1899995803833,12.375,11.800000190734863,12.234999656677246,2505100,0.0,0.0
2025-05-01 00:00:00-04:00,12.380000114440918,13.270000457763672,12.180000305175781,12.539999961853027,2947100,0.0,0.0
2025-05-02 00:00:00-04:00,12.710000038146973,13.4399995803833,12.710000038146973,13.100000381469727,2693900,0.0,0.0
2025-05-05 00:00:00-04:00,13.109999656677246,13.32800006866455,12.46500015258789,12.920000076293945,3795700,0.0,0.0
2025-05-06 00:00:00-04:00,14.850000381469727,15.539999961853027,14.229999542236328,14.369999885559082,14247500,0.0,0.0
2025-05-07 00:00:00-04:00,14.720000267028809,15.579000473022461,14.260000228881836,14.770000457763672,5324500,0.0,0.0
2025-05-08 00:00:00-04:00,15.135000228881836,18.489999771118164,15.050000190734863,18.290000915527344,9933700,0.0,0.0
2025-05-09 00:00:00-04:00,18.170000076293945,20.100000381469727,18.0,19.84000015258789,8342900,0.0,0.0
2025-05-12 00:00:00-04:00,21.34000015258789,21.350000381469727,18.860000610351562,19.15999984741211,8895900,0.0,0.0
2025-05-13 00:00:00-04:00,19.389999389648438,20.31999969482422,18.049999237060547,18.149999618530273,6605400,0.0,0.0
2025-05-14 00:00:00-04:00,18.030000686645508,18.520000457763672,17.079999923706055,17.93000030517578,5113800,0.0,0.0
2025-05-15 00:00:00-04:00,17.825000762939453,20.924999237060547,17.549999237060547,20.84000015258789,7484700,0.0,0.0
2025-05-16 00:00:00-04:00,19.700000762939453,22.600000381469727,19.700000762939453,22.020000457763672,7286100,0.0,0.0
2025-05-19 00:00:00-04:00,21.010000228881836,21.549999237060547,20.31999969482422,20.760000228881836,6188500,0.0,0.0
2025-05-20 00:00:00-04:00,21.020000457763672,22.19499969482422,20.299999237060547,20.649999618530273,4585700,0.0,0.0
2025-05-21 00:00:00-04:00,20.229999542236328,20.385000228881836,19.389999389648438,19.84000015258789,3302500,0.0,0.0
2025-05-22 00:00:00-04:00,16.1200008392334,16.280000686645508,14.5,14.944999694824219,18329800,0.0,0.0
2025-05-23 00:00:00-04:00,14.649999618530273,17.0,14.619999885559082,16.704999923706055,7973800,0.0,0.0
2025-05-27 00:00:00-04:00,17.100000381469727,17.450000762939453,16.110000610351562,17.219999313354492,3873500,0.0,0.0
2025-05-28 00:00:00-04:00,17.1200008392334,17.299999237060547,16.649999618530273,16.920000076293945,2371000,0.0,0.0
2025-05-29 00:00:00-04:00,17.200000762939453,17.549999237060547,16.459999084472656,16.600000381469727,1955300,0.0,0.0
2025-05-30 00:00:00-04:00,16.799999237060547,18.149999618530273,16.469999313354492,17.860000610351562,3933000,0.0,0.0
2025-06-02 00:00:00-04:00,18.100000381469727,18.100000381469727,16.90999984741211,17.100000381469727,3048600,0.0,0.0
2025-06-03 00:00:00-04:00,16.59000015258789,18.489999771118164,16.579999923706055,18.110000610351562,3663300,0.0,0.0
2025-06-04 00:00:00-04:00,18.3700008392334,18.440000534057617,17.459999084472656,17.469999313354492,2216700,0.0,0.0
2025-06-05 00:00:00-04:00,17.600000381469727,18.260000228881836,17.100000381469727,17.739999771118164,2774400,0.0,0.0
2025-06-06 00:00:00-04:00,17.850000381469727,18.360000610351562,17.700000762939453,18.190000534057617,2054800,0.0,0.0
2025-06-09 00:00:00-04:00,18.389999389648438,19.43000030517578,18.229999542236328,18.719999313354492,2784900,0.0,0.0
2025-06-10 00:00:00-04:00,19.5,21.31999969482422,19.3799991607666,20.93000030517578,4974300,0.0,0.0
2025-06-11 00:00:00-04:00,20.950000762939453,21.670000076293945,20.65999984741211,20.829999923706055,2842700,0.0,0.0
2025-06-12 00:00:00-04:00,20.700000762939453,21.177000045776367,20.389999389648438,21.020000457763672,2510000,0.0,0.0
2025-06-13 00:00:00-04:00,20.594999313354492,24.65999984741211,20.3700008392334,23.299999237060547,7919600,0.0,0.0
2025-06-16 00:00:00-04:00,23.889999389648438,24.450000762939453,22.44700050354004,23.979999542236328,6911700,0.0,0.0
2025-06-17 00:00:00-04:00,15.524999618530273,16.229999542236328,13.729999542236328,15.960000038146973,33137600,0.0,0.0
2025-06-18 00:00:00-04:00,16.15999984741211,17.670000076293945,16.059999465942383,16.979999542236328,13043100,0.0,0.0
2025-06-20 00:00:00-04:00,17.1299991607666,17.809999465942383,16.5,16.520000457763672,5965500,0.0,0.0
2025-06-23 00:00:00-04:00,16.354999542236328,17.139999389648438,15.75,16.059999465942383,4286600,0.0,0.0
2025-06-24 00:00:00-04:00,16.3700008392334,19.329999923706055,16.16200065612793,18.93000030517578,9408200,0.0,0.0
2025-06-25 00:00:00-04:00,19.084999084472656,19.719999313354492,18.200000762939453,19.09000015258789,5355000,0.0,0.0
2025-06-26 00:00:00-04:00,20.184999465942383,21.219999313354492,19.1299991607666,20.065000534057617,7069300,0.0,0.0
2025-06-27 00:00:00-04:00,20.299999237060547,20.334999084472656,19.09000015258789,19.799999237060547,3623000,0.0,0.0
2025-06-30 00:00:00-04:00,20.15999984741211,21.56999969482422,19.729999542236328,20.399999618530273,6300400,0.0,0.0
2025-07-01 00:00:00-04:00,20.5,22.799999237060547,19.780000686645508,21.860000610351562,7874200,0.0,0.0
2025-07-02 00:00:00-04:00,22.030000686645508,23.81999969482422,21.954999923706055,23.600000381469727,5804900,0.0,0.0
2025-07-03 00:00:00-04:00,24.075000762939453,27.610000610351562,24.040000915527344,27.540000915527344,9478800,0.0,0.0
2025-07-07 00:00:00-04:00,26.764999389648438,27.44099998474121,26.200000762939453,26.43000030517578,6163800,0.0,0.0
2025-07-08 00:00:00-04:00,24.739999771118164,26.280000686645508,23.889999389648438,26.149999618530273,6784200,0.0,0.0
2025-07-09 00:00:00-04:00,25.489999771118164,27.59000015258789,25.200000762939453,27.09000015258789,4493000,0.0,0.0
2025-07-10 00:00:00-04:00,27.079999923706055,28.058000564575195,26.680999755859375,27.56999969482422,3106300,0.0,0.0
2025-07-11 00:00:00-04:00,27.31999969482422,27.610000610351562,25.209999084472656,25.6200008392334,3518300,0.0,0.0
2025-07-14 00:00:00-04:00,26.65999984741211,27.25,25.780000686645508,26.719999313354492,3742700,0.0,0.0
2025-07-15 00:00:00-04:00,26.600000381469727,28.489999771118164,26.56999969482422,27.3700008392334,5534800,0.0,0.0
2025-07-16 00:00:00-04:00,27.309999465942383,27.649999618530273,24.261999130249023,24.959999084472656,6053200,0.0,0.0
2025-07-17 00:00:00-04:00,25.0,26.6200008392334,24.579999923706055,25.2549991607666,3439500,0.0,0.0
2025-07-18 00:00:00-04:00,25.55500030517578,27.329999923706055,25.55500030517578,26.6200008392334,4025100,0.0,0.0
2025-07-21 00:00:00-04:00,27.65999984741211,30.09000015258789,27.450000762939453,28.829999923706055,6900800,0.0,0.0
2025-07-22 00:00:00-04:00,29.190000534057617,32.45000076293945,29.079999923706055,31.860000610351562,9445600,0.0,0.0
2025-07-23 00:00:00-04:00,31.31999969482422,31.989999771118164,28.610000610351562,29.06999969482422,5726900,0.0,0.0
2025-07-24 00:00:00-04:00,29.579999923706055,29.579999923706055,27.600000381469727,28.469999313354492,3219100,0.0,0.0
2025-07-25 00:00:00-04:00,28.8799991607666,28.989999771118164,26.719999313354492,27.229999542236328,3664700,0.0,0.0
2025-07-28 00:00:00-04:00,27.829999923706055,28.399999618530273,26.459999084472656,27.059999465942383,2761200,0.0,0.0
2025-07-29 00:00:00-04:00,27.280000686645508,27.280000686645508,24.760000228881836,24.950000762939453,4058100,0.0,0.0
2025-07-30 00:00:00-04:00,25.3799991607666,28.125,24.450000762939453,25.809999465942383,7279800,0.0,0.0
2025-07-31 00:00:00-04:00,25.350000381469727,26.219999313354492,24.799999237060547,25.65999984741211,2860800,0.0,0.0
2025-08-01 00:00:00-04:00,25.514999389648438,26.360000610351562,24.399999618530273,25.549999237060547,3473700,0.0,0.0
2025-08-04 00:00:00-04:00,26.110000610351562,26.959999084472656,25.46500015258789,25.6299991607666,2483300,0.0,0.0
2025-08-05 00:00:00-04:00,25.8799991607666,26.799999237060547,25.018999099731445,26.1200008392334,3318100,0.0,0.0
2025-08-06 00:00:00-04:00,25.959999084472656,26.15999984741211,25.030000686645508,25.790000915527344,5026400,0.0,0.0
2025-08-07 00:00:00-04:00,27.5,27.940000534057617,23.010000228881836,24.420000076293945,9755100,0.0,0.0
2025-08-08 00:00:00-04:00,24.979999542236328,26.299999237060547,24.35099983215332,24.940000534057617,4123900,0.0,0.0
2025-08-11 00:00:00-04:00,25.170000076293945,26.34000015258789,24.010000228881836,24.899999618530273,3381900,0.0,0.0
2025-08-12 00:00:00-04:00,25.204999923706055,25.350000381469727,24.299999237060547,25.100000381469727,2219200,0.0,0.0
2025-08-13 00:00:00-04:00,25.149999618530273,26.950000762939453,24.850000381469727,26.459999084472656,3673800,0.0,0.0
2025-08-14 00:00:00-04:00,25.56999969482422,26.049999237060547,24.3799991607666,25.670000076293945,3139100,0.0,0.0
2025-08-15 00:00:00-04:00,25.700000762939453,32.59000015258789,25.1200008392334,30.059999465942383,13706700,0.0,0.0
2025-08-18 00:00:00-04:00,31.145000457763672,33.29999923706055,29.441999435424805,31.15999984741211,7496300,0.0,0.0
2025-08-19 00:00:00-04:00,31.350000381469727,32.720001220703125,30.479999542236328,31.989999771118164,5047900,0.0,0.0
2025-08-20 00:00:00-04:00,31.399999618530273,32.93000030517578,31.00200080871582,32.060001373291016,3467200,0.0,0.0
2025-08-21 00:00:00-04:00,31.389999389648438,31.440000534057617,29.40999984741211,30.209999084472656,4035500,0.0,0.0
2025-08-22 00:00:00-04:00,30.770000457763672,34.36000061035156,30.0,34.29999923706055,5005600,0.0,0.0
2025-08-25 00:00:00-04:00,33.4900016784668,34.06999969482422,31.65999984741211,31.989999771118164,5452900,0.0,0.0
2025-08-26 00:00:00-04:00,32.29999923706055,33.7599983215332,31.79199981689453,32.25,3419500,0.0,0.0
2025-08-27 00:00:00-04:00,31.93000030517578,33.42499923706055,31.8799991607666,33.09000015258789,2711500,0.0,0.0
2025-08-28 00:00:00-04:00,33.59000015258789,34.13600158691406,32.75,33.25,2056300,0.0,0.0
2025-08-29 00:00:00-04:00,33.31999969482422,34.66999816894531,33.0,33.81999969482422,3097600,0.0,0.0
2025-09-02 00:00:00-04:00,31.950000762939453,32.25,30.5,31.530000686645508,3907700,0.0,0.0
2025-09-03 00:00:00-04:00,31.75,33.959999084472656,31.15999984741211,33.209999084472656,4038500,0.0,0.0
2025-09-04 00:00:00-04:00,33.06999969482422,34.439998626708984,32.20000076293945,34.15999984741211,3419200,0.0,0.0
2025-09-05 00:00:00-04:00,35.290000915527344,35.77000045776367,32.744998931884766,34.41999816894531,5844700,0.0,0.0
2025-09-08 00:00:00-04:00,34.41999816894531,34.54999923706055,31.770000457763672,33.439998626708984,5158900,0.0,0.0
2025-09-09 00:00:00-04:00,33.689998626708984,33.79999923706055,28.540000915527344,30.040000915527344,7144300,0.0,0.0
2025-09-10 00:00:00-04:00,30.940000534057617,31.450000762939453,29.219999313354492,29.420000076293945,3527200,0.0,0.0
2025-09-11 00:00:00-04:00,29.420000076293945,31.06399917602539,29.290000915527344,29.489999771118164,3185700,0.0,0.0
2025-09-12 00:00:00-04:00,29.299999237060547,29.77199935913086,28.600000381469727,28.969999313354492,3116000,0.0,0.0
2025-09-15 00:00:00-04:00,29.454999923706055,31.0,29.139999389648438,30.59000015258789,3830200,0.0,0.0
2025-09-16 00:00:00-04:00,30.75,33.20000076293945,30.579999923706055,33.11000061035156,4714600,0.0,0.0
2025-09-17 00:00:00-04:00,33.189998626708984,35.72999954223633,32.880001068115234,34.11000061035156,6952100,0.0,0.0
2025-09-18 00:00:00-04:00,34.55500030517578,34.880001068115234,32.93000030517578,34.709999084472656,4757200,0.0,0.0
2025-09-19 00:00:00-04:00,34.650001525878906,36.58000183105469,33.880001068115234,35.45000076293945,5510200,0.0,0.0
2025-09-22 00:00:00-04:00,35.5,38.67499923706055,35.25,38.57500076293945,5074100,0.0,0.0
2025-09-23 00:00:00-04:00,39.0,39.06800079345703,35.75,35.93000030517578,3772800,0.0,0.0
2025-09-24 00:00:00-04:00,36.685001373291016,37.86000061035156,35.85300064086914,37.470001220703125,3191800,0.0,0.0
2025-09-25 00:00:00-04:00,36.529998779296875,37.970001220703125,35.5099983215332,37.900001525878906,2940900,0.0,0.0
2025-09-26 00:00:00-04:00,37.5,39.599998474121094,36.369998931884766,39.45000076293945,3387500,0.0,0.0
2025-09-29 00:00:00-04:00,40.18000030517578,40.5,37.650001525878906,37.68000030517578,3946300,0.0,0.0
2025-09-30 00:00:00-04:00,37.7400016784668,37.84000015258789,36.099998474121094,37.0,2378600,0.0,0.0
2025-10-01 00:00:00-04:00,37.720001220703125,39.439998626708984,37.36000061035156,38.619998931884766,3038500,0.0,0.0
2025-10-02 00:00:00-04:00,39.18000030517578,39.40999984741211,37.70000076293945,37.959999084472656,1901000,0.0,0.0
2025-10-03 00:00:00-04:00,38.15999984741211,39.29999923706055,35.5,36.2400016784668,4059400,0.0,0.0
2025-10-06 00:00:00-04:00,36.52000045776367,37.88999938964844,36.16999816894531,37.09000015258789,2632400,0.0,0.0
2025-10-07 00:00:00-04:00,37.150001525878906,38.150001525878906,35.47999954223633,35.54999923706055,2923000,0.0,0.0
2025-10-08 00:00:00-04:00,35.970001220703125,36.119998931884766,35.060001373291016,35.65999984741211,2145900,0.0,0.0
2025-10-09 00:00:00-04:00,35.689998626708984,41.91999816894531,35.45000076293945,38.61000061035156,7116500,0.0,0.0
2025-10-10 00:00:00-04:00,39.52000045776367,39.529998779296875,34.220001220703125,35.060001373291016,5213000,0.0,0.0
2025-10-13 00:00:00-04:00,37.06999969482422,38.099998474121094,36.29999923706055,36.459999084472656,3033400,0.0,0.0
2025-10-14 00:00:00-04:00,35.380001068115234,38.369998931884766,34.90999984741211,37.72999954223633,2761100,0.0,0.0
2025-10-15 00:00:00-04:00,38.54999923706055,41.11000061035156,38.220001220703125,40.529998779296875,4238900,0.0,0.0
2025-10-16 00:00:00-04:00,40.27000045776367,41.369998931884766,39.08000183105469,40.11000061035156,3481300,0.0,0.0
2025-10-17 00:00:00-04:00,39.22999954223633,40.06999969482422,36.93000030517578,37.02000045776367,3142400,0.0,0.0
2025-10-20 00:00:00-04:00,38.209999084472656,40.599998474121094,37.79999923706055,40.0,3464900,0.0,0.0
2025-10-21 00:00:00-04:00,40.400001525878906,40.4900016784668,38.45000076293945,38.77000045776367,2467300,0.0,0.0
2025-10-22 00:00:00-04:00,38.02000045776367,38.83000183105469,35.810001373291016,37.5,3321600,0.0,0.0
2025-10-23 00:00:00-04:00,37.91999816894531,39.125,37.0099983215332,37.81999969482422,3041100,0.0,0.0
2025-10-24 00:00:00-04:00,39.005001068115234,41.72999954223633,39.0,39.70000076293945,4516700,0.0,0.0
2025-10-27 00:00:00-04:00,40.650001525878906,41.0,39.040000915527344,39.7400016784668,2519400,0.0,0.0
2025-10-28 00:00:00-04:00,39.86000061035156,40.189998626708984,37.689998626708984,37.84000015258789,2816500,0.0,0.0
2025-10-29 00:00:00-04:00,37.0099983215332,38.189998626708984,35.869998931884766,36.29999923706055,4164600,0.0,0.0
2025-10-30 00:00:00-04:00,36.5099983215332,36.72999954223633,34.099998474121094,34.34000015258789,3349000,0.0,0.0
2025-10-31 00:00:00-04:00,34.70000076293945,36.790000915527344,34.52000045776367,35.09000015258789,3690800,0.0,0.0
2025-11-03 00:00:00-05:00,34.9900016784668,34.9900016784668,32.154998779296875,32.869998931884766,5047500,0.0,0.0
2025-11-04 00:00:00-05:00,31.600000381469727,32.689998626708984,31.100000381469727,31.81999969482422,4138200,0.0,0.0
2025-11-05 00:00:00-05:00,30.520000457763672,41.599998474121094,30.260000228881836,41.02000045776367,14493100,0.0,0.0
2025-11-06 00:00:00-05:00,40.31999969482422,41.599998474121094,37.880001068115234,38.880001068115234,5787800,0.0,0.0
2025-11-07 00:00:00-05:00,37.59000015258789,40.150001525878906,36.189998626708984,40.0,5171000,0.0,0.0
2025-11-10 00:00:00-05:00,41.56999969482422,48.599998474121094,41.02000045776367,45.380001068115234,9119100,0.0,0.0
2025-11-11 00:00:00-05:00,45.5,46.13999938964844,43.02000045776367,44.70000076293945,4050400,0.0,0.0
2025-11-12 00:00:00-05:00,45.470001220703125,45.88999938964844,42.2599983215332,42.5099983215332,3583800,0.0,0.0
2025-11-13 00:00:00-05:00,42.16999816894531,42.709999084472656,35.75,36.41999816894531,5358300,0.0,0.0
2025-11-14 00:00:00-05:00,34.810001373291016,37.97999954223633,34.33399963378906,36.18000030517578,3819400,0.0,0.0
2025-11-17 00:00:00-05:00,35.0099983215332,35.84000015258789,32.97999954223633,34.27000045776367,3357700,0.0,0.0
2025-11-18 00:00:00-05:00,34.5099983215332,37.0,33.40999984741211,34.79999923706055,4890600,0.0,0.0
2025-11-19 00:00:00-05:00,35.20000076293945,36.209999084472656,33.099998474121094,33.459999084472656,2665300,0.0,0.0
2025-11-20 00:00:00-05:00,34.6150016784668,37.06999969482422,32.81999969482422,33.09000015258789,5020600,0.0,0.0
2025-11-21 00:00:00-05:00,33.31999969482422,35.38999938964844,31.65999984741211,34.45000076293945,5791500,0.0,0.0
2025-11-24 00:00:00-05:00,34.91999816894531,36.31999969482422,34.09000015258789,34.45000076293945,2348000,0.0,0.0
2025-11-25 00:00:00-05:00,34.52000045776367,35.970001220703125,33.29999923706055,34.9900016784668,2160000,0.0,0.0
2025-11-26 00:00:00-05:00,35.04999923706055,36.08000183105469,34.2599983215332,35.470001220703125,2184100,0.0,0.0
2025-11-28 00:00:00-05:00,36.0099983215332,37.0,35.290000915527344,36.529998779296875,1726100,0.0,0.0
2025-12-01 00:00:00-05:00,35.31999969482422,35.404998779296875,32.220001220703125,32.91999816894531,6056300,0.0,0.0
2025-12-02 00:00:00-05:00,33.130001068115234,33.599998474121094,32.130001068115234,32.65999984741211,2858900,0.0,0.0
2025-12-03 00:00:00-05:00,32.5,32.64500045776367,31.09000015258789,31.610000610351562,3815900,0.0,0.0
2025-12-04 00:00:00-05:00,31.540000915527344,32.529998779296875,31.010000228881836,31.940000534057617,3230300,0.0,0.0
2025-12-05 00:00:00-05:00,31.860000610351562,32.29999923706055,29.399999618530273,29.520000457763672,3516900,0.0,0.0
2025-12-08 00:00:00-05:00,29.950000762939453,30.649999618530273,29.104999542236328,30.43000030517578,3027100,0.0,0.0
2025-12-09 00:00:00-05:00,29.815000534057617,32.150001525878906,29.739999771118164,30.260000228881836,2980100,0.0,0.0
2025-12-10 00:00:00-05:00,30.229999542236328,32.849998474121094,30.10300064086914,31.559999465942383,3909600,0.0,0.0
2025-12-11 00:00:00-05:00,31.440000534057617,32.29999923706055,30.299999237060547,32.02000045776367,2465000,0.0,0.0
2025-12-12 00:00:00-05:00,31.770000457763672,32.04999923706055,29.139999389648438,29.530000686645508,3111800,0.0,0.0
2025-12-15 00:00:00-05:00,29.979999542236328,30.100000381469727,28.312000274658203,28.540000915527344,2793200,0.0,0.0
2025-12-16 00:00:00-05:00,29.6299991607666,30.65999984741211,28.75,29.479999542236328,4045400,0.0,0.0
2025-12-17 00:00:00-05:00,29.899999618530273,30.829999923706055,28.600000381469727,28.920000076293945,3102300,0.0,0.0
2025-12-18 00:00:00-05:00,30.299999237060547,30.790000915527344,28.209999084472656,28.469999313354492,3518900,0.0,0.0
2025-12-19 00:00:00-05:00,28.530000686645508,29.350000381469727,28.259000778198242,29.059999465942383,3373700,0.0,0.0
2025-12-22 00:00:00-05:00,29.649999618530273,31.940000534057617,29.5,30.90999984741211,3549200,0.0,0.0
2025-12-23 00:00:00-05:00,30.489999771118164,30.899999618530273,30.010000228881836,30.479999542236328,1842500,0.0,0.0
2025-12-24 00:00:00-05:00,30.700000762939453,31.600000381469727,30.399999618530273,30.739999771118164,883600,0.0,0.0
2025-12-26 00:00:00-05:00,30.549999237060547,30.829999923706055,30.030000686645508,30.450000762939453,1114100,0.0,0.0
2025-12-29 00:00:00-05:00,29.86199951171875,30.93000030517578,28.93000030517578,29.190000534057617,2456100,0.0,0.0
2025-12-30 00:00:00-05:00,29.329999923706055,29.860000610351562,28.934999465942383,29.020000457763672,2116500,0.0,0.0
2025-12-31 00:00:00-05:00,29.010000228881836,29.3700008392334,28.479999542236328,28.850000381469727,2069600,0.0,0.0
2026-01-02 00:00:00-05:00,30.040000915527344,31.829999923706055,29.989999771118164,31.360000610351562,3111000,0.0,0.0
2026-01-05 00:00:00-05:00,32.599998474121094,33.33000183105469,30.739999771118164,31.260000228881836,3710300,0.0,0.0
2026-01-06 00:00:00-05:00,31.81999969482422,32.25,30.315000534057617,30.774999618530273,2647200,0.0,0.0
2026-01-07 00:00:00-05:00,30.604999542236328,31.559999465942383,30.010000228881836,30.520000457763672,2500900,0.0,0.0
2026-01-08 00:00:00-05:00,30.219999313354492,31.784000396728516,29.8799991607666,30.260000228881836,3278100,0.0,0.0
2026-01-09 00:00:00-05:00,31.950000762939453,33.900001525878906,31.135000228881836,32.88999938964844,4569500,0.0,0.0
2026-01-12 00:00:00-05:00,32.939998626708984,36.86000061035156,32.59199905395508,35.30500030517578,4243300,0.0,0.0
2026-01-13 00:00:00-05:00,35.810001373291016,35.810001373291016,33.209999084472656,34.310001373291016,2700800,0.0,0.0
2026-01-14 00:00:00-05:00,34.560001373291016,34.9640007019043,33.61000061035156,34.779998779296875,1802600,0.0,0.0
2026-01-15 00:00:00-05:00,35.0,35.45399856567383,33.72999954223633,33.84000015258789,1765900,0.0,0.0
2026-01-16 00:00:00-05:00,33.650001525878906,34.599998474121094,32.5099983215332,33.90999984741211,2567300,0.0,0.0
2026-01-20 00:00:00-05:00,32.974998474121094,33.4900016784668,31.729999542236328,32.4900016784668,2482100,0.0,0.0
2026-01-21 00:00:00-05:00,32.22999954223633,33.48500061035156,31.549999237060547,33.34000015258789,2031900,0.0,0.0
2026-01-22 00:00:00-05:00,34.119998931884766,35.599998474121094,34.02000045776367,34.540000915527344,2261500,0.0,0.0
2026-01-23 00:00:00-05:00,35.31999969482422,36.0,34.41999816894531,34.599998474121094,2610800,0.0,0.0
2026-01-26 00:00:00-05:00,34.20199966430664,35.34199905395508,33.67599868774414,34.40999984741211,1568300,0.0,0.0
2026-01-27 00:00:00-05:00,34.9900016784668,36.20000076293945,33.79999923706055,34.810001373291016,2170900,0.0,0.0
2026-01-28 00:00:00-05:00,35.5,36.560001373291016,34.7599983215332,35.79999923706055,1540200,0.0,0.0
2026-01-29 00:00:00-05:00,35.709999084472656,35.790000915527344,32.625,34.040000915527344,2421000,0.0,0.0
2026-01-30 00:00:00-05:00,33.220001220703125,33.470001220703125,30.760000228881836,30.950000762939453,2455400,0.0,0.0
2026-02-02 00:00:00-05:00,30.989999771118164,31.389999389648438,29.770000457763672,30.639999389648438,1967500,0.0,0.0
2026-02-03 00:00:00-05:00,31.229999542236328,32.310001373291016,29.43000030517578,30.969999313354492,2603000,0.0,0.0
2026-02-04 00:00:00-05:00,34.18000030517578,37.369998931884766,32.5099983215332,35.040000915527344,7469900,0.0,0.0
2026-02-05 00:00:00-05:00,33.79499816894531,34.4900016784668,32.02000045776367,33.279998779296875,3427700,0.0,0.0
2026-02-06 00:00:00-05:00,34.099998474121094,36.58000183105469,34.099998474121094,35.91999816894531,3028300,0.0,0.0
2026-02-09 00:00:00-05:00,35.91999816894531,37.11000061035156,35.13999938964844,36.79999923706055,2154100,0.0,0.0
2026-02-10 00:00:00-05:00,36.650001525878906,37.849998474121094,35.619998931884766,36.790000915527344,2390900,0.0,0.0
2026-02-11 00:00:00-05:00,37.56999969482422,37.84000015258789,34.5099983215332,36.33000183105469,2544200,0.0,0.0
2026-02-12 00:00:00-05:00,36.5,36.53499984741211,33.505001068115234,34.40999984741211,2762100,0.0,0.0
2026-02-13 00:00:00-05:00,34.91999816894531,36.08000183105469,33.97999954223633,35.529998779296875,1698900,0.0,0.0
2026-02-17 00:00:00-05:00,35.7400016784668,37.61000061035156,34.154998779296875,37.130001068115234,4275500,0.0,0.0
2026-02-18 00:00:00-05:00,40.2599983215332,40.310001373291016,33.650001525878906,35.099998474121094,10088100,0.0,0.0
2026-02-19 00:00:00-05:00,33.801998138427734,35.09000015258789,32.16999816894531,34.959999084472656,3589100,0.0,0.0
2026-02-20 00:00:00-05:00,35.060001373291016,39.70000076293945,34.9630012512207,37.900001525878906,6123000,0.0,0.0
2026-02-23 00:00:00-05:00,37.29999923706055,39.84000015258789,36.90999984741211,39.380001068115234,3579200,0.0,0.0
2026-02-24 00:00:00-05:00,39.2400016784668,43.279998779296875,39.15999984741211,43.06999969482422,5224300,0.0,0.0
2026-02-25 00:00:00-05:00,43.16999816894531,44.433998107910156,42.35900115966797,42.45000076293945,2688300,0.0,0.0
2026-02-26 00:00:00-05:00,40.72999954223633,42.349998474121094,39.45000076293945,40.400001525878906,3839600,0.0,0.0
2026-02-27 00:00:00-05:00,39.0,39.20000076293945,33.959999084472656,35.400001525878906,5205500,0.0,0.0
2026-03-02 00:00:00-05:00,35.5,41.119998931884766,35.0099983215332,40.599998474121094,5109800,0.0,0.0
2026-03-03 00:00:00-05:00,38.95000076293945,39.689998626708984,37.560001373291016,37.810001373291016,3055100,0.0,0.0
2026-03-04 00:00:00-05:00,38.2599983215332,39.09000015258789,37.06999969482422,37.939998626708984,1608200,0.0,0.0
2026-03-05 00:00:00-05:00,36.54999923706055,36.79999923706055,34.5,35.2400016784668,3076300,0.0,0.0
2026-03-06 00:00:00-05:00,34.0,35.08000183105469,33.130001068115234,33.40999984741211,2135800,0.0,0.0
2026-03-09 00:00:00-04:00,32.7599983215332,34.7400016784668,31.5,34.59000015258789,3249300,0.0,0.0
2026-03-10 00:00:00-04:00,35.869998931884766,38.27000045776367,35.5099983215332,38.11000061035156,4645800,0.0,0.0
2026-03-11 00:00:00-04:00,36.400001525878906,38.93000030517578,35.599998474121094,36.09000015258789,4352400,0.0,0.0
2026-03-12 00:00:00-04:00,35.43000030517578,36.16999816894531,34.779998779296875,35.189998626708984,1734400,0.0,0.0
2026-03-13 00:00:00-04:00,35.56999969482422,38.09000015258789,35.56999969482422,37.439998626708984,1987200,0.0,0.0
2026-03-16 00:00:00-04:00,38.18000030517578,40.915000915527344,38.18000030517578,40.709999084472656,4998500,0.0,0.0
2026-03-17 00:00:00-04:00,41.2400016784668,42.900001525878906,40.79999923706055,42.880001068115234,2456100,0.0,0.0
2026-03-18 00:00:00-04:00,42.5,45.41999816894531,42.5,44.880001068115234,4129600,0.0,0.0
2026-03-19 00:00:00-04:00,43.43000030517578,46.66999816894531,43.04999923706055,45.65999984741211,3631700,0.0,0.0
2026-03-20 00:00:00-04:00,47.470001220703125,53.279998779296875,47.459999084472656,51.72999954223633,9896600,0.0,0.0
2026-03-23 00:00:00-04:00,50.72999954223633,50.95000076293945,46.11000061035156,46.72999954223633,4634000,0.0,0.0
2026-03-24 00:00:00-04:00,46.2599983215332,49.80099868774414,46.0099983215332,47.66999816894531,2962900,0.0,0.0
2026-03-25 00:00:00-04:00,46.79999923706055,52.130001068115234,46.650001525878906,51.279998779296875,3426600,0.0,0.0
2026-03-26 00:00:00-04:00,50.599998474121094,52.959999084472656,49.79999923706055,50.27000045776367,3478200,0.0,0.0
2026-03-27 00:00:00-04:00,49.47999954223633,52.220001220703125,49.25,51.7599983215332,3042800,0.0,0.0
2026-03-30 00:00:00-04:00,52.5099983215332,52.89799880981445,45.79999923706055,47.369998931884766,3510100,0.0,0.0
2026-03-31 00:00:00-04:00,48.30500030517578,51.92499923706055,47.72999954223633,51.04999923706055,3043700,0.0,0.0
2026-04-01 00:00:00-04:00,51.970001220703125,53.75,50.27299880981445,51.869998931884766,2400300,0.0,0.0
2026-04-02 00:00:00-04:00,50.595001220703125,52.441001892089844,47.81999969482422,48.75,2436200,0.0,0.0
2026-04-06 00:00:00-04:00,48.79999923706055,49.29999923706055,44.68000030517578,45.09000015258789,2881400,0.0,0.0
2026-04-07 00:00:00-04:00,45.66999816894531,45.970001220703125,42.130001068115234,43.849998474121094,4459500,0.0,0.0
2026-04-08 00:00:00-04:00,45.61000061035156,46.04999923706055,42.18000030517578,43.52000045776367,4075900,0.0,0.0
2026-04-09 00:00:00-04:00,43.4900016784668,46.198001861572266,41.262001037597656,41.84000015258789,3937200,0.0,0.0
2026-04-10 00:00:00-04:00,42.25,42.70000076293945,40.400001525878906,41.7599983215332,2933200,0.0,0.0
2026-04-13 00:00:00-04:00,43.0,44.439998626708984,42.0,43.209999084472656,2358800,0.0,0.0
2026-04-14 00:00:00-04:00,44.130001068115234,45.099998474121094,42.13999938964844,42.97999954223633,3178700,0.0,0.0
2026-04-15 00:00:00-04:00,40.5099983215332,41.95000076293945,36.880001068115234,37.83000183105469,8364600,0.0,0.0
2026-04-16 00:00:00-04:00,38.5099983215332,39.380001068115234,37.62300109863281,38.90999984741211,3259600,0.0,0.0
2026-04-17 00:00:00-04:00,39.43000030517578,39.84000015258789,37.380001068115234,38.29999923706055,4301100,0.0,0.0
2026-04-20 00:00:00-04:00,37.52000045776367,39.90999984741211,36.06999969482422,39.81999969482422,2828300,0.0,0.0
2026-04-21 00:00:00-04:00,40.5,42.619998931884766,40.11000061035156,40.56999969482422,2698700,0.0,0.0
2026-04-22 00:00:00-04:00,41.54999923706055,43.45000076293945,41.16999816894531,42.599998474121094,2856400,0.0,0.0
2026-04-23 00:00:00-04:00,43.27000045776367,48.88999938964844,42.18000030517578,47.36000061035156,5677400,0.0,0.0
2026-04-24 00:00:00-04:00,47.88999938964844,48.20000076293945,44.27000045776367,45.83000183105469,3415700,0.0,0.0
2026-04-27 00:00:00-04:00,45.935001373291016,48.95000076293945,45.709999084472656,47.380001068115234,3662300,0.0,0.0
2026-04-28 00:00:00-04:00,46.04999923706055,47.266998291015625,44.099998474121094,44.290000915527344,2283100,0.0,0.0
2026-04-29 00:00:00-04:00,44.0,44.095001220703125,39.369998931884766,41.58000183105469,4064000,0.0,0.0
2026-04-30 00:00:00-04:00,42.76499938964844,43.45000076293945,40.709999084472656,42.86000061035156,2661500,0.0,0.0
2026-05-01 00:00:00-04:00,43.029998779296875,43.68000030517578,41.07500076293945,42.90999984741211,2068400,0.0,0.0
2026-05-04 00:00:00-04:00,43.08000183105469,43.880001068115234,40.150001525878906,41.52000045776367,2992100,0.0,0.0
2026-05-05 00:00:00-04:00,42.849998474121094,45.0,41.619998931884766,44.63999938964844,4878200,0.0,0.0
2026-05-06 00:00:00-04:00,40.86000061035156,42.06999969482422,37.83000183105469,40.61000061035156,8705700,0.0,0.0
2026-05-07 00:00:00-04:00,40.81999969482422,40.970001220703125,37.54999923706055,38.61000061035156,4562200,0.0,0.0
2026-05-08 00:00:00-04:00,39.060001373291016,41.63999938964844,38.68000030517578,41.29999923706055,3830200,0.0,0.0
2026-05-11 00:00:00-04:00,41.310001373291016,42.81999969482422,41.150001525878906,41.790000915527344,2473400,0.0,0.0
2026-05-12 00:00:00-04:00,40.83000183105469,41.220001220703125,38.5099983215332,40.41999816894531,2071700,0.0,0.0
2026-05-13 00:00:00-04:00,41.290000915527344,44.20000076293945,39.75,42.77000045776367,3974600,0.0,0.0
2026-05-14 00:00:00-04:00,42.61000061035156,50.459999084472656,41.68000030517578,50.2400016784668,5894000,0.0,0.0
2026-05-15 00:00:00-04:00,48.380001068115234,63.529998779296875,47.5,61.7599983215332,14480800,0.0,0.0
2026-05-18 00:00:00-04:00,59.20000076293945,60.20000076293945,53.33000183105469,55.22999954223633,6667000,0.0,0.0
2026-05-19 00:00:00-04:00,53.64500045776367,55.72999954223633,50.2400016784668,54.529998779296875,4292500,0.0,0.0
2026-05-20 00:00:00-04:00,56.38999938964844,58.220001220703125,52.95000076293945,56.220001220703125,4818600,0.0,0.0
2026-05-21 00:00:00-04:00,56.08000183105469,65.16000366210938,55.86000061035156,63.0,6794300,0.0,0.0
2026-05-22 00:00:00-04:00,62.79999923706055,63.400001525878906,58.5,61.95000076293945,4072400,0.0,0.0
2026-05-26 00:00:00-04:00,66.5,75.7300033569336,63.0,70.75,8300100,0.0,0.0
2026-05-27 00:00:00-04:00,70.2249984741211,75.58000183105469,68.77999877929688,73.2300033569336,7113300,0.0,0.0
2026-05-28 00:00:00-04:00,72.4800033569336,75.13999938964844,70.5999984741211,73.19000244140625,2825000,0.0,0.0
2026-05-29 00:00:00-04:00,78.23999786376953,81.25,74.18800354003906,76.3499984741211,4160500,0.0,0.0
2026-06-01 00:00:00-04:00,73.44999694824219,76.93000030517578,69.52100372314453,75.80000305175781,3097200,0.0,0.0
2026-06-02 00:00:00-04:00,75.80000305175781,79.11000061035156,73.83999633789062,78.51000213623047,3101200,0.0,0.0
2026-06-03 00:00:00-04:00,78.0,78.2300033569336,72.94000244140625,74.0199966430664,2593500,0.0,0.0
2026-06-04 00:00:00-04:00,70.5,73.9540023803711,70.01000213623047,73.13999938964844,1969800,0.0,0.0
2026-06-05 00:00:00-04:00,72.00499725341797,72.30000305175781,62.220001220703125,63.16999816894531,3568000,0.0,0.0
2026-06-08 00:00:00-04:00,67.44000244140625,68.19000244140625,63.814998626708984,63.95000076293945,2036000,0.0,0.0
2026-06-09 00:00:00-04:00,64.05999755859375,64.80000305175781,54.5099983215332,57.79999923706055,4458100,0.0,0.0
2026-06-10 00:00:00-04:00,56.50199890136719,57.0,53.5,54.540000915527344,2766900,0.0,0.0
2026-06-11 00:00:00-04:00,56.0,58.52000045776367,55.28499984741211,58.439998626708984,2521200,0.0,0.0
2026-06-12 00:00:00-04:00,59.41999816894531,61.417999267578125,57.20000076293945,60.79999923706055,2154900,0.0,0.0
2026-06-15 00:00:00-04:00,63.040000915527344,63.38999938964844,57.220001220703125,60.189998626708984,2782300,0.0,0.0
2026-06-16 00:00:00-04:00,60.459999084472656,63.25,56.83000183105469,57.150001525878906,1895200,0.0,0.0
2026-06-17 00:00:00-04:00,59.0,59.0,54.400001525878906,54.68000030517578,2591700,0.0,0.0
2026-06-18 00:00:00-04:00,56.29999923706055,59.255001068115234,51.630001068115234,58.04999923706055,4234900,0.0,0.0
2026-06-22 00:00:00-04:00,58.21500015258789,60.95000076293945,56.83000183105469,57.54999923706055,2157800,0.0,0.0
2026-06-23 00:00:00-04:00,54.529998779296875,56.0099983215332,51.88800048828125,52.36000061035156,3099800,0.0,0.0
2026-06-24 00:00:00-04:00,53.939998626708984,55.0,48.63999938964844,49.7400016784668,2351700,0.0,0.0
2026-06-25 00:00:00-04:00,50.65999984741211,51.9900016784668,48.099998474121094,51.880001068115234,3260600,0.0,0.0
2026-06-26 00:00:00-04:00,51.47999954223633,53.38999938964844,50.92499923706055,51.75,1507200,0.0,0.0
2026-06-29 00:00:00-04:00,53.060001373291016,55.875999450683594,50.31999969482422,55.36000061035156,2022900,0.0,0.0
2026-06-30 00:00:00-04:00,59.814998626708984,60.939998626708984,56.27000045776367,58.439998626708984,4320600,0.0,0.0
2026-07-01 00:00:00-04:00,57.494998931884766,59.91999816894531,55.029998779296875,56.0,2252000,0.0,0.0
2026-07-02 00:00:00-04:00,56.709999084472656,57.659000396728516,51.849998474121094,52.380001068115234,2542000,0.0,0.0
2026-07-06 00:00:00-04:00,53.290000915527344,58.45000076293945,51.209999084472656,56.90999984741211,2790000,0.0,0.0
2026-07-07 00:00:00-04:00,54.72999954223633,55.80500030517578,51.0099983215332,52.939998626708984,2652200,0.0,0.0
2026-07-08 00:00:00-04:00,50.34000015258789,52.79999923706055,47.75,52.40999984741211,3420100,0.0,0.0
2026-07-09 00:00:00-04:00,53.869998931884766,56.19499969482422,53.0,54.7599983215332,1619500,0.0,0.0
2026-07-10 00:00:00-04:00,55.40999984741211,57.349998474121094,54.279998779296875,55.18000030517578,1058700,0.0,0.0
2026-07-13 00:00:00-04:00,54.10200119018555,54.33000183105469,51.61000061035156,52.130001068115234,1226800,0.0,0.0
2026-07-14 00:00:00-04:00,54.08000183105469,56.939998626708984,53.060001373291016,55.52000045776367,2277300,0.0,0.0
2026-07-15 00:00:00-04:00,55.61000061035156,58.04999923706055,52.279998779296875,54.58000183105469,1850800,0.0,0.0
2026-07-16 00:00:00-04:00,53.599998474121094,54.27000045776367,50.79999923706055,52.34000015258789,1987600,0.0,0.0
2026-07-17 00:00:00-04:00,51.04999923706055,54.875,50.060001373291016,53.470001220703125,1843300,0.0,0.0
2026-07-20 00:00:00-04:00,53.560001373291016,53.599998474121094,48.47999954223633,48.61000061035156,2704300,0.0,0.0
2026-07-21 00:00:00-04:00,50.0,50.93000030517578,47.86000061035156,50.27000045776367,1922700,0.0,0.0
2026-07-22 00:00:00-04:00,49.220001220703125,50.30500030517578,47.79999923706055,47.880001068115234,1236000,0.0,0.0
2026-07-23 00:00:00-04:00,47.2400016784668,47.6349983215332,44.220001220703125,45.13999938964844,2340900,0.0,0.0
2026-07-24 00:00:00-04:00,45.470001220703125,46.11000061035156,41.90999984741211,42.599998474121094,2150600,0.0,0.0
2026-07-27 00:00:00-04:00,44.459999084472656,44.459999084472656,41.08000183105469,43.09000015258789,1818700,0.0,0.0
2026-07-28 00:00:00-04:00,41.029998779296875,41.369998931884766,38.0,40.06999969482422,4811400,0.0,0.0
2026-07-29 00:00:00-04:00,40.810001373291016,42.18000030517578,38.2599983215332,39.040000915527344,2675200,0.0,0.0
2026-07-30 00:00:00-04:00,40.400001525878906,42.13999938964844,40.0,41.7599983215332,1834070,0.0,0.0
