Date,Open,High,Low,Close,Volume,Dividends,Stock Splits
2022-03-21 00:00:00-04:00,9.949999809265137,9.949999809265137,9.890000343322754,9.949999809265137,104900,0.0,0.0
2022-03-22 00:00:00-04:00,9.930000305175781,9.930000305175781,9.930000305175781,9.930000305175781,100,0.0,0.0
2022-03-23 00:00:00-04:00,9.920000076293945,9.930000305175781,9.920000076293945,9.930000305175781,202400,0.0,0.0
2022-03-24 00:00:00-04:00,9.930000305175781,9.930000305175781,9.930000305175781,9.930000305175781,0,0.0,0.0
2022-03-25 00:00:00-04:00,9.930000305175781,9.930000305175781,9.930000305175781,9.930000305175781,0,0.0,0.0
2022-03-28 00:00:00-04:00,9.930000305175781,9.930000305175781,9.930000305175781,9.930000305175781,0,0.0,0.0
2022-03-29 00:00:00-04:00,9.960000038146973,9.970000267028809,9.960000038146973,9.970000267028809,400,0.0,0.0
2022-03-30 00:00:00-04:00,9.970000267028809,9.970000267028809,9.970000267028809,9.970000267028809,0,0.0,0.0
2022-03-31 00:00:00-04:00,9.970000267028809,9.970000267028809,9.970000267028809,9.970000267028809,0,0.0,0.0
2022-04-01 00:00:00-04:00,9.899999618530273,9.899999618530273,9.899999618530273,9.899999618530273,1300,0.0,0.0
2022-04-04 00:00:00-04:00,9.899999618530273,9.899999618530273,9.899999618530273,9.899999618530273,0,0.0,0.0
2022-04-05 00:00:00-04:00,9.899999618530273,9.899999618530273,9.899999618530273,9.899999618530273,0,0.0,0.0
2022-04-06 00:00:00-04:00,9.930000305175781,9.930000305175781,9.930000305175781,9.930000305175781,4700,0.0,0.0
2022-04-07 00:00:00-04:00,9.930000305175781,9.930000305175781,9.930000305175781,9.930000305175781,0,0.0,0.0
2022-04-08 00:00:00-04:00,9.930000305175781,9.930000305175781,9.930000305175781,9.930000305175781,0,0.0,0.0
2022-04-11 00:00:00-04:00,9.930000305175781,9.930000305175781,9.930000305175781,9.930000305175781,0,0.0,0.0
2022-04-12 00:00:00-04:00,9.930000305175781,9.930000305175781,9.930000305175781,9.930000305175781,0,0.0,0.0
2022-04-13 00:00:00-04:00,9.930000305175781,9.930000305175781,9.930000305175781,9.930000305175781,2700,0.0,0.0
2022-04-14 00:00:00-04:00,9.930000305175781,9.930000305175781,9.930000305175781,9.930000305175781,0,0.0,0.0
2022-04-18 00:00:00-04:00,9.930000305175781,9.930000305175781,9.930000305175781,9.930000305175781,0,0.0,0.0
2022-04-19 00:00:00-04:00,9.930000305175781,9.930000305175781,9.930000305175781,9.930000305175781,0,0.0,0.0
2022-04-20 00:00:00-04:00,9.930000305175781,9.930000305175781,9.930000305175781,9.930000305175781,0,0.0,0.0
2022-04-21 00:00:00-04:00,9.930000305175781,9.930000305175781,9.930000305175781,9.930000305175781,0,0.0,0.0
2022-04-22 00:00:00-04:00,9.979999542236328,10.505000114440918,9.970000267028809,9.970000267028809,3300,0.0,0.0
2022-04-25 00:00:00-04:00,9.979999542236328,10.0,9.949999809265137,9.960000038146973,900,0.0,0.0
2022-04-26 00:00:00-04:00,9.960000038146973,9.960000038146973,9.960000038146973,9.960000038146973,0,0.0,0.0
2022-04-27 00:00:00-04:00,9.960000038146973,9.960000038146973,9.960000038146973,9.960000038146973,0,0.0,0.0
2022-04-28 00:00:00-04:00,9.960000038146973,9.960000038146973,9.960000038146973,9.960000038146973,358300,0.0,0.0
2022-04-29 00:00:00-04:00,9.960000038146973,9.960000038146973,9.960000038146973,9.960000038146973,0,0.0,0.0
2022-05-02 00:00:00-04:00,9.960000038146973,9.960000038146973,9.960000038146973,9.960000038146973,0,0.0,0.0
2022-05-03 00:00:00-04:00,9.960000038146973,9.960000038146973,9.960000038146973,9.960000038146973,0,0.0,0.0
2022-05-04 00:00:00-04:00,9.960000038146973,9.960000038146973,9.960000038146973,9.960000038146973,0,0.0,0.0
2022-05-05 00:00:00-04:00,9.960000038146973,9.960000038146973,9.960000038146973,9.960000038146973,0,0.0,0.0
2022-05-06 00:00:00-04:00,9.960000038146973,9.960000038146973,9.960000038146973,9.960000038146973,0,0.0,0.0
2022-05-09 00:00:00-04:00,9.960000038146973,9.960000038146973,9.960000038146973,9.960000038146973,0,0.0,0.0
2022-05-10 00:00:00-04:00,9.949999809265137,9.949999809265137,9.949999809265137,9.949999809265137,1100,0.0,0.0
2022-05-11 00:00:00-04:00,9.960000038146973,9.960000038146973,9.960000038146973,9.960000038146973,100,0.0,0.0
2022-05-12 00:00:00-04:00,9.960000038146973,9.960000038146973,9.960000038146973,9.960000038146973,0,0.0,0.0
2022-05-13 00:00:00-04:00,9.960000038146973,9.960000038146973,9.960000038146973,9.960000038146973,0,0.0,0.0
2022-05-16 00:00:00-04:00,9.960000038146973,9.960000038146973,9.960000038146973,9.960000038146973,0,0.0,0.0
2022-05-17 00:00:00-04:00,9.960000038146973,9.960000038146973,9.960000038146973,9.960000038146973,0,0.0,0.0
2022-05-18 00:00:00-04:00,9.960000038146973,9.960000038146973,9.960000038146973,9.960000038146973,0,0.0,0.0
2022-05-19 00:00:00-04:00,9.960000038146973,9.960000038146973,9.960000038146973,9.960000038146973,0,0.0,0.0
2022-05-20 00:00:00-04:00,9.960000038146973,9.960000038146973,9.960000038146973,9.960000038146973,0,0.0,0.0
2022-05-23 00:00:00-04:00,9.949999809265137,9.949999809265137,9.949999809265137,9.949999809265137,85800,0.0,0.0
2022-05-24 00:00:00-04:00,9.949999809265137,9.949999809265137,9.949999809265137,9.949999809265137,0,0.0,0.0
2022-05-25 00:00:00-04:00,9.949999809265137,9.949999809265137,9.949999809265137,9.949999809265137,0,0.0,0.0
2022-05-26 00:00:00-04:00,9.949999809265137,9.949999809265137,9.949999809265137,9.949999809265137,0,0.0,0.0
2022-05-27 00:00:00-04:00,9.949999809265137,9.949999809265137,9.949999809265137,9.949999809265137,0,0.0,0.0
2022-05-31 00:00:00-04:00,9.930000305175781,9.930000305175781,9.930000305175781,9.930000305175781,65800,0.0,0.0
2022-06-01 00:00:00-04:00,9.930000305175781,9.930000305175781,9.930000305175781,9.930000305175781,200,0.0,0.0
2022-06-02 00:00:00-04:00,9.930000305175781,9.930000305175781,9.930000305175781,9.930000305175781,0,0.0,0.0
2022-06-03 00:00:00-04:00,10.029999732971191,10.029999732971191,9.930000305175781,9.970000267028809,3400,0.0,0.0
2022-06-06 00:00:00-04:00,9.970000267028809,9.970000267028809,9.970000267028809,9.970000267028809,0,0.0,0.0
2022-06-07 00:00:00-04:00,9.970000267028809,10.0,9.970000267028809,9.970000267028809,10900,0.0,0.0
2022-06-08 00:00:00-04:00,9.949999809265137,9.960000038146973,9.949999809265137,9.949999809265137,26800,0.0,0.0
2022-06-09 00:00:00-04:00,9.949999809265137,9.949999809265137,9.949999809265137,9.949999809265137,0,0.0,0.0
2022-06-10 00:00:00-04:00,9.949999809265137,9.949999809265137,9.949999809265137,9.949999809265137,0,0.0,0.0
2022-06-13 00:00:00-04:00,9.949999809265137,9.949999809265137,9.949999809265137,9.949999809265137,0,0.0,0.0
2022-06-14 00:00:00-04:00,9.949999809265137,9.949999809265137,9.949999809265137,9.949999809265137,0,0.0,0.0
2022-06-15 00:00:00-04:00,9.949999809265137,9.949999809265137,9.949999809265137,9.949999809265137,0,0.0,0.0
2022-06-16 00:00:00-04:00,9.949999809265137,9.949999809265137,9.949999809265137,9.949999809265137,0,0.0,0.0
2022-06-17 00:00:00-04:00,9.970000267028809,9.970000267028809,9.970000267028809,9.970000267028809,10700,0.0,0.0
2022-06-21 00:00:00-04:00,9.970000267028809,9.970000267028809,9.970000267028809,9.970000267028809,0,0.0,0.0
2022-06-22 00:00:00-04:00,9.970000267028809,9.970000267028809,9.970000267028809,9.970000267028809,500,0.0,0.0
2022-06-23 00:00:00-04:00,9.970000267028809,9.970000267028809,9.970000267028809,9.970000267028809,0,0.0,0.0
2022-06-24 00:00:00-04:00,9.970000267028809,9.970000267028809,9.970000267028809,9.970000267028809,0,0.0,0.0
2022-06-27 00:00:00-04:00,10.005000114440918,10.005000114440918,10.005000114440918,10.005000114440918,1300,0.0,0.0
2022-06-28 00:00:00-04:00,10.005000114440918,10.005000114440918,10.005000114440918,10.005000114440918,0,0.0,0.0
2022-06-29 00:00:00-04:00,10.005000114440918,10.005000114440918,10.005000114440918,10.005000114440918,0,0.0,0.0
2022-06-30 00:00:00-04:00,10.005000114440918,10.005000114440918,10.005000114440918,10.005000114440918,0,0.0,0.0
2022-07-01 00:00:00-04:00,10.005000114440918,10.005000114440918,10.005000114440918,10.005000114440918,0,0.0,0.0
2022-07-05 00:00:00-04:00,9.970000267028809,9.970000267028809,9.970000267028809,9.970000267028809,50000,0.0,0.0
2022-07-06 00:00:00-04:00,9.970000267028809,9.970000267028809,9.970000267028809,9.970000267028809,0,0.0,0.0
2022-07-07 00:00:00-04:00,9.970000267028809,9.970000267028809,9.970000267028809,9.970000267028809,0,0.0,0.0
2022-07-08 00:00:00-04:00,9.970000267028809,9.970000267028809,9.970000267028809,9.970000267028809,0,0.0,0.0
2022-07-11 00:00:00-04:00,9.970000267028809,9.970000267028809,9.970000267028809,9.970000267028809,0,0.0,0.0
2022-07-12 00:00:00-04:00,9.970000267028809,9.970000267028809,9.970000267028809,9.970000267028809,0,0.0,0.0
2022-07-13 00:00:00-04:00,9.989999771118164,9.989999771118164,9.989999771118164,9.989999771118164,200,0.0,0.0
2022-07-14 00:00:00-04:00,9.989999771118164,9.989999771118164,9.989999771118164,9.989999771118164,0,0.0,0.0
2022-07-15 00:00:00-04:00,9.989999771118164,9.989999771118164,9.989999771118164,9.989999771118164,2000,0.0,0.0
2022-07-18 00:00:00-04:00,9.979999542236328,9.979999542236328,9.979999542236328,9.979999542236328,179800,0.0,0.0
2022-07-19 00:00:00-04:00,9.979999542236328,9.979999542236328,9.979999542236328,9.979999542236328,37600,0.0,0.0
2022-07-20 00:00:00-04:00,9.979999542236328,9.979999542236328,9.979999542236328,9.979999542236328,0,0.0,0.0
2022-07-21 00:00:00-04:00,9.979999542236328,9.979999542236328,9.979999542236328,9.979999542236328,17600,0.0,0.0
2022-07-22 00:00:00-04:00,9.979999542236328,9.989999771118164,9.979999542236328,9.989999771118164,3200,0.0,0.0
2022-07-25 00:00:00-04:00,10.0,10.005000114440918,10.0,10.0,2800,0.0,0.0
2022-07-26 00:00:00-04:00,10.0,10.0,10.0,10.0,0,0.0,0.0
2022-07-27 00:00:00-04:00,10.0,10.0,10.0,10.0,89300,0.0,0.0
2022-07-28 00:00:00-04:00,10.0,10.0,10.0,10.0,0,0.0,0.0
2022-07-29 00:00:00-04:00,10.0,10.0,10.0,10.0,0,0.0,0.0
2022-08-01 00:00:00-04:00,10.0,10.0,10.0,10.0,0,0.0,0.0
2022-08-02 00:00:00-04:00,10.0,10.0,10.0,10.0,0,0.0,0.0
2022-08-03 00:00:00-04:00,10.0,10.0,10.0,10.0,0,0.0,0.0
2022-08-04 00:00:00-04:00,10.0,10.0,10.0,10.0,0,0.0,0.0
2022-08-05 00:00:00-04:00,10.0,10.0,10.0,10.0,0,0.0,0.0
2022-08-08 00:00:00-04:00,10.0,10.0,10.0,10.0,0,0.0,0.0
2022-08-09 00:00:00-04:00,10.0,10.0,10.0,10.0,0,0.0,0.0
2022-08-10 00:00:00-04:00,10.0,10.0,10.0,10.0,100,0.0,0.0
2022-08-11 00:00:00-04:00,10.0,10.0,10.0,10.0,0,0.0,0.0
2022-08-12 00:00:00-04:00,10.0,10.0,10.0,10.0,0,0.0,0.0
2022-08-15 00:00:00-04:00,10.0,10.0,10.0,10.0,0,0.0,0.0
2022-08-16 00:00:00-04:00,10.0,10.0,10.0,10.0,0,0.0,0.0
2022-08-17 00:00:00-04:00,10.0,10.0,10.0,10.0,0,0.0,0.0
2022-08-18 00:00:00-04:00,10.0,10.0,10.0,10.0,0,0.0,0.0
2022-08-19 00:00:00-04:00,10.0,10.0,10.0,10.0,0,0.0,0.0
2022-08-22 00:00:00-04:00,10.0,10.0,10.0,10.0,0,0.0,0.0
2022-08-23 00:00:00-04:00,10.029999732971191,10.050000190734863,10.029999732971191,10.050000190734863,7800,0.0,0.0
2022-08-24 00:00:00-04:00,10.050000190734863,10.050000190734863,10.050000190734863,10.050000190734863,0,0.0,0.0
2022-08-25 00:00:00-04:00,10.050000190734863,10.050000190734863,10.050000190734863,10.050000190734863,0,0.0,0.0
2022-08-26 00:00:00-04:00,10.050000190734863,10.050000190734863,10.050000190734863,10.050000190734863,0,0.0,0.0
2022-08-29 00:00:00-04:00,10.050000190734863,10.050000190734863,10.050000190734863,10.050000190734863,0,0.0,0.0
2022-08-30 00:00:00-04:00,10.050000190734863,10.050000190734863,10.050000190734863,10.050000190734863,0,0.0,0.0
2022-08-31 00:00:00-04:00,10.050000190734863,10.050000190734863,10.050000190734863,10.050000190734863,400,0.0,0.0
2022-09-01 00:00:00-04:00,10.079999923706055,10.079999923706055,10.020000457763672,10.020000457763672,3700,0.0,0.0
2022-09-02 00:00:00-04:00,10.039999961853027,10.039999961853027,10.039999961853027,10.039999961853027,1300,0.0,0.0
2022-09-06 00:00:00-04:00,10.039999961853027,10.050000190734863,10.039999961853027,10.039999961853027,1300,0.0,0.0
2022-09-07 00:00:00-04:00,10.029999732971191,10.050000190734863,10.0,10.039999961853027,102400,0.0,0.0
2022-09-08 00:00:00-04:00,10.039999961853027,10.039999961853027,10.039999961853027,10.039999961853027,0,0.0,0.0
2022-09-09 00:00:00-04:00,10.0600004196167,10.069999694824219,10.0600004196167,10.069999694824219,16000,0.0,0.0
2022-09-12 00:00:00-04:00,10.0600004196167,10.079999923706055,10.0600004196167,10.079999923706055,75300,0.0,0.0
2022-09-13 00:00:00-04:00,10.069999694824219,10.069999694824219,10.069999694824219,10.069999694824219,166400,0.0,0.0
2022-09-14 00:00:00-04:00,10.069999694824219,10.069999694824219,10.069999694824219,10.069999694824219,0,0.0,0.0
2022-09-15 00:00:00-04:00,10.069999694824219,10.069999694824219,10.069999694824219,10.069999694824219,0,0.0,0.0
2022-09-16 00:00:00-04:00,10.069999694824219,10.069999694824219,10.069999694824219,10.069999694824219,300,0.0,0.0
2022-09-19 00:00:00-04:00,10.069999694824219,10.069999694824219,10.069999694824219,10.069999694824219,0,0.0,0.0
2022-09-20 00:00:00-04:00,10.069999694824219,10.069999694824219,10.0649995803833,10.0649995803833,2800,0.0,0.0
2022-09-21 00:00:00-04:00,10.069999694824219,10.079999923706055,10.0649995803833,10.079999923706055,22600,0.0,0.0
2022-09-22 00:00:00-04:00,10.079999923706055,10.079999923706055,10.079999923706055,10.079999923706055,0,0.0,0.0
2022-09-23 00:00:00-04:00,10.079999923706055,10.079999923706055,10.079999923706055,10.079999923706055,0,0.0,0.0
2022-09-26 00:00:00-04:00,10.050000190734863,10.079999923706055,10.050000190734863,10.079999923706055,15800,0.0,0.0
2022-09-27 00:00:00-04:00,10.09000015258789,10.100000381469727,10.09000015258789,10.100000381469727,4100,0.0,0.0
2022-09-28 00:00:00-04:00,10.069999694824219,10.09000015258789,10.069999694824219,10.09000015258789,3100,0.0,0.0
2022-09-29 00:00:00-04:00,10.100000381469727,10.100000381469727,10.100000381469727,10.100000381469727,900,0.0,0.0
2022-09-30 00:00:00-04:00,10.09000015258789,10.09000015258789,10.09000015258789,10.09000015258789,2700,0.0,0.0
2022-10-03 00:00:00-04:00,10.09000015258789,10.09000015258789,10.09000015258789,10.09000015258789,0,0.0,0.0
2022-10-04 00:00:00-04:00,10.079999923706055,10.079999923706055,10.069999694824219,10.069999694824219,600,0.0,0.0
2022-10-05 00:00:00-04:00,10.069999694824219,10.069999694824219,10.069999694824219,10.069999694824219,4700,0.0,0.0
2022-10-06 00:00:00-04:00,10.069999694824219,10.069999694824219,10.069999694824219,10.069999694824219,0,0.0,0.0
2022-10-07 00:00:00-04:00,10.069999694824219,10.069999694824219,10.069999694824219,10.069999694824219,0,0.0,0.0
2022-10-10 00:00:00-04:00,10.079999923706055,10.079999923706055,10.079999923706055,10.079999923706055,1600,0.0,0.0
2022-10-11 00:00:00-04:00,10.079999923706055,10.079999923706055,10.079999923706055,10.079999923706055,0,0.0,0.0
2022-10-12 00:00:00-04:00,10.079999923706055,10.079999923706055,10.079999923706055,10.079999923706055,100,0.0,0.0
2022-10-13 00:00:00-04:00,10.079999923706055,10.079999923706055,10.079999923706055,10.079999923706055,0,0.0,0.0
2022-10-14 00:00:00-04:00,10.079999923706055,10.079999923706055,10.079999923706055,10.079999923706055,100,0.0,0.0
2022-10-17 00:00:00-04:00,10.079999923706055,10.079999923706055,10.079999923706055,10.079999923706055,0,0.0,0.0
2022-10-18 00:00:00-04:00,10.100000381469727,10.100000381469727,10.09000015258789,10.09000015258789,1200,0.0,0.0
2022-10-19 00:00:00-04:00,10.09000015258789,10.100000381469727,10.09000015258789,10.100000381469727,8500,0.0,0.0
2022-10-20 00:00:00-04:00,10.100000381469727,10.100000381469727,10.100000381469727,10.100000381469727,0,0.0,0.0
2022-10-21 00:00:00-04:00,10.119999885559082,10.119999885559082,10.119999885559082,10.119999885559082,9700,0.0,0.0
2022-10-24 00:00:00-04:00,10.119999885559082,10.119999885559082,10.119999885559082,10.119999885559082,0,0.0,0.0
2022-10-25 00:00:00-04:00,10.119999885559082,10.119999885559082,10.119999885559082,10.119999885559082,1200,0.0,0.0
2022-10-26 00:00:00-04:00,10.119999885559082,10.119999885559082,10.119999885559082,10.119999885559082,1400,0.0,0.0
2022-10-27 00:00:00-04:00,10.119999885559082,10.130000114440918,10.119999885559082,10.130000114440918,2000,0.0,0.0
2022-10-28 00:00:00-04:00,10.130000114440918,10.130000114440918,10.130000114440918,10.130000114440918,200,0.0,0.0
2022-10-31 00:00:00-04:00,10.140000343322754,10.140000343322754,10.140000343322754,10.140000343322754,100,0.0,0.0
2022-11-01 00:00:00-04:00,10.140000343322754,10.140000343322754,10.140000343322754,10.140000343322754,0,0.0,0.0
2022-11-02 00:00:00-04:00,10.140000343322754,10.140000343322754,10.140000343322754,10.140000343322754,0,0.0,0.0
2022-11-03 00:00:00-04:00,10.15999984741211,10.15999984741211,10.15999984741211,10.15999984741211,200,0.0,0.0
2022-11-04 00:00:00-04:00,10.149999618530273,10.149999618530273,10.149999618530273,10.149999618530273,600,0.0,0.0
2022-11-07 00:00:00-05:00,10.149999618530273,10.149999618530273,10.149999618530273,10.149999618530273,0,0.0,0.0
2022-11-08 00:00:00-05:00,10.15999984741211,10.15999984741211,10.15999984741211,10.15999984741211,2000,0.0,0.0
2022-11-09 00:00:00-05:00,10.15999984741211,10.15999984741211,10.15999984741211,10.15999984741211,101600,0.0,0.0
2022-11-10 00:00:00-05:00,10.15999984741211,10.180000305175781,10.15999984741211,10.180000305175781,39500,0.0,0.0
2022-11-11 00:00:00-05:00,10.15999984741211,10.199999809265137,10.15999984741211,10.199999809265137,8000,0.0,0.0
2022-11-14 00:00:00-05:00,10.170000076293945,10.170000076293945,10.170000076293945,10.170000076293945,5200,0.0,0.0
2022-11-15 00:00:00-05:00,10.170000076293945,10.170000076293945,10.170000076293945,10.170000076293945,2800,0.0,0.0
2022-11-16 00:00:00-05:00,10.170000076293945,10.170000076293945,10.170000076293945,10.170000076293945,7900,0.0,0.0
2022-11-17 00:00:00-05:00,10.170000076293945,10.170000076293945,10.170000076293945,10.170000076293945,0,0.0,0.0
2022-11-18 00:00:00-05:00,10.180000305175781,10.180000305175781,10.180000305175781,10.180000305175781,3200,0.0,0.0
2022-11-21 00:00:00-05:00,10.180000305175781,10.180000305175781,10.180000305175781,10.180000305175781,264500,0.0,0.0
2022-11-22 00:00:00-05:00,10.194999694824219,10.194999694824219,10.194999694824219,10.194999694824219,100,0.0,0.0
2022-11-23 00:00:00-05:00,10.199999809265137,10.199999809265137,10.199999809265137,10.199999809265137,9400,0.0,0.0
2022-11-25 00:00:00-05:00,10.199999809265137,10.199999809265137,10.199999809265137,10.199999809265137,100,0.0,0.0
2022-11-28 00:00:00-05:00,10.199999809265137,10.199999809265137,10.199999809265137,10.199999809265137,500,0.0,0.0
2022-11-29 00:00:00-05:00,10.199999809265137,10.220000267028809,10.199999809265137,10.210000038146973,242800,0.0,0.0
2022-11-30 00:00:00-05:00,10.210000038146973,10.210000038146973,10.210000038146973,10.210000038146973,0,0.0,0.0
2022-12-01 00:00:00-05:00,10.210000038146973,10.210000038146973,10.210000038146973,10.210000038146973,1400,0.0,0.0
2022-12-02 00:00:00-05:00,10.220000267028809,10.220000267028809,10.210000038146973,10.220000267028809,600,0.0,0.0
2022-12-05 00:00:00-05:00,10.220000267028809,10.220000267028809,10.220000267028809,10.220000267028809,0,0.0,0.0
2022-12-06 00:00:00-05:00,10.220000267028809,10.220000267028809,10.210000038146973,10.210000038146973,5400,0.0,0.0
2022-12-07 00:00:00-05:00,10.220000267028809,10.220000267028809,10.220000267028809,10.220000267028809,500,0.0,0.0
2022-12-08 00:00:00-05:00,10.220000267028809,10.220000267028809,10.220000267028809,10.220000267028809,0,0.0,0.0
2022-12-09 00:00:00-05:00,10.225000381469727,10.225000381469727,10.225000381469727,10.225000381469727,2300,0.0,0.0
2022-12-12 00:00:00-05:00,10.220000267028809,10.220000267028809,10.210000038146973,10.210000038146973,500,0.0,0.0
2022-12-13 00:00:00-05:00,10.210000038146973,10.210000038146973,10.210000038146973,10.210000038146973,0,0.0,0.0
2022-12-14 00:00:00-05:00,10.210000038146973,10.210000038146973,10.210000038146973,10.210000038146973,100,0.0,0.0
2022-12-15 00:00:00-05:00,10.210000038146973,10.210000038146973,10.210000038146973,10.210000038146973,100,0.0,0.0
2022-12-16 00:00:00-05:00,10.210000038146973,10.210000038146973,10.210000038146973,10.210000038146973,0,0.0,0.0
2022-12-19 00:00:00-05:00,10.210000038146973,10.210000038146973,10.210000038146973,10.210000038146973,0,0.0,0.0
2022-12-20 00:00:00-05:00,10.239999771118164,10.279999732971191,10.239999771118164,10.239999771118164,12300,0.0,0.0
2022-12-21 00:00:00-05:00,10.260000228881836,10.260000228881836,10.260000228881836,10.260000228881836,100700,0.0,0.0
2022-12-22 00:00:00-05:00,10.260000228881836,10.300000190734863,10.260000228881836,10.289999961853027,97500,0.0,0.0
2022-12-23 00:00:00-05:00,10.289999961853027,10.289999961853027,10.279999732971191,10.279999732971191,7400,0.0,0.0
2022-12-27 00:00:00-05:00,10.260000228881836,10.260000228881836,10.260000228881836,10.260000228881836,2000,0.0,0.0
2022-12-28 00:00:00-05:00,10.300000190734863,10.300000190734863,10.279999732971191,10.279999732971191,78100,0.0,0.0
2022-12-29 00:00:00-05:00,10.279999732971191,10.279999732971191,10.279999732971191,10.279999732971191,0,0.0,0.0
2022-12-30 00:00:00-05:00,10.279999732971191,10.279999732971191,10.279999732971191,10.279999732971191,0,0.0,0.0
2023-01-03 00:00:00-05:00,10.279999732971191,10.279999732971191,10.279999732971191,10.279999732971191,0,0.0,0.0
2023-01-04 00:00:00-05:00,10.279999732971191,10.279999732971191,10.279999732971191,10.279999732971191,0,0.0,0.0
2023-01-05 00:00:00-05:00,10.279999732971191,10.279999732971191,10.279999732971191,10.279999732971191,0,0.0,0.0
2023-01-06 00:00:00-05:00,10.279999732971191,10.279999732971191,10.279999732971191,10.279999732971191,0,0.0,0.0
2023-01-09 00:00:00-05:00,10.279999732971191,10.279999732971191,10.274999618530273,10.279999732971191,67000,0.0,0.0
2023-01-10 00:00:00-05:00,10.279999732971191,10.279999732971191,10.279999732971191,10.279999732971191,0,0.0,0.0
2023-01-11 00:00:00-05:00,10.289999961853027,10.289999961853027,10.289999961853027,10.289999961853027,93000,0.0,0.0
2023-01-12 00:00:00-05:00,10.319999694824219,10.319999694824219,10.319999694824219,10.319999694824219,8200,0.0,0.0
2023-01-13 00:00:00-05:00,10.319999694824219,10.319999694824219,10.319999694824219,10.319999694824219,200,0.0,0.0
2023-01-17 00:00:00-05:00,10.34000015258789,10.34000015258789,10.319999694824219,10.329999923706055,215400,0.0,0.0
2023-01-18 00:00:00-05:00,10.34000015258789,10.34000015258789,10.34000015258789,10.34000015258789,1000,0.0,0.0
2023-01-19 00:00:00-05:00,10.34000015258789,10.345000267028809,10.329999923706055,10.345000267028809,344900,0.0,0.0
2023-01-20 00:00:00-05:00,10.329999923706055,10.329999923706055,10.329999923706055,10.329999923706055,200,0.0,0.0
2023-01-23 00:00:00-05:00,10.335000038146973,10.34000015258789,10.329999923706055,10.34000015258789,29600,0.0,0.0
2023-01-24 00:00:00-05:00,10.350000381469727,10.350000381469727,10.350000381469727,10.350000381469727,50000,0.0,0.0
2023-01-25 00:00:00-05:00,10.350000381469727,10.350000381469727,10.350000381469727,10.350000381469727,0,0.0,0.0
2023-01-26 00:00:00-05:00,10.350000381469727,10.350000381469727,10.350000381469727,10.350000381469727,0,0.0,0.0
2023-01-27 00:00:00-05:00,10.329999923706055,10.329999923706055,10.329999923706055,10.329999923706055,5300,0.0,0.0
2023-01-30 00:00:00-05:00,10.319999694824219,10.335000038146973,10.319999694824219,10.329999923706055,2100,0.0,0.0
2023-01-31 00:00:00-05:00,10.335000038146973,10.34000015258789,10.335000038146973,10.34000015258789,27100,0.0,0.0
2023-02-01 00:00:00-05:00,10.34000015258789,10.34000015258789,10.34000015258789,10.34000015258789,0,0.0,0.0
2023-02-02 00:00:00-05:00,10.34000015258789,10.34000015258789,10.34000015258789,10.34000015258789,0,0.0,0.0
2023-02-03 00:00:00-05:00,10.350000381469727,10.350000381469727,10.335000038146973,10.34000015258789,92700,0.0,0.0
2023-02-06 00:00:00-05:00,10.359999656677246,10.359999656677246,10.359999656677246,10.359999656677246,5100,0.0,0.0
2023-02-07 00:00:00-05:00,10.359999656677246,10.359999656677246,10.359999656677246,10.359999656677246,0,0.0,0.0
2023-02-08 00:00:00-05:00,10.369999885559082,10.369999885559082,10.369999885559082,10.369999885559082,9300,0.0,0.0
2023-02-09 00:00:00-05:00,10.350000381469727,10.380000114440918,10.350000381469727,10.380000114440918,78200,0.0,0.0
2023-02-10 00:00:00-05:00,10.40999984741211,10.40999984741211,10.350000381469727,10.350000381469727,400,0.0,0.0
2023-02-13 00:00:00-05:00,10.399999618530273,10.399999618530273,10.399999618530273,10.399999618530273,1700,0.0,0.0
2023-02-14 00:00:00-05:00,10.399999618530273,10.399999618530273,10.399999618530273,10.399999618530273,0,0.0,0.0
2023-02-15 00:00:00-05:00,10.399999618530273,10.399999618530273,10.399999618530273,10.399999618530273,0,0.0,0.0
2023-02-16 00:00:00-05:00,10.399999618530273,10.399999618530273,10.399999618530273,10.399999618530273,0,0.0,0.0
2023-02-17 00:00:00-05:00,10.399999618530273,10.399999618530273,10.399999618530273,10.399999618530273,100,0.0,0.0
2023-02-21 00:00:00-05:00,10.430000305175781,10.430000305175781,10.430000305175781,10.430000305175781,400,0.0,0.0
2023-02-22 00:00:00-05:00,10.430000305175781,10.430000305175781,10.430000305175781,10.430000305175781,0,0.0,0.0
2023-02-23 00:00:00-05:00,10.430000305175781,10.430000305175781,10.430000305175781,10.430000305175781,0,0.0,0.0
2023-02-24 00:00:00-05:00,10.430000305175781,10.430000305175781,10.430000305175781,10.430000305175781,0,0.0,0.0
2023-02-27 00:00:00-05:00,10.4399995803833,10.4399995803833,10.4399995803833,10.4399995803833,200,0.0,0.0
2023-02-28 00:00:00-05:00,10.399999618530273,10.399999618530273,10.399999618530273,10.399999618530273,22300,0.0,0.0
2023-03-01 00:00:00-05:00,10.399999618530273,10.399999618530273,10.399999618530273,10.399999618530273,0,0.0,0.0
2023-03-02 00:00:00-05:00,10.4350004196167,10.4399995803833,10.430000305175781,10.4399995803833,2900,0.0,0.0
2023-03-03 00:00:00-05:00,10.4399995803833,10.4399995803833,10.4399995803833,10.4399995803833,0,0.0,0.0
2023-03-06 00:00:00-05:00,10.420000076293945,10.430000305175781,10.414999961853027,10.420000076293945,66000,0.0,0.0
2023-03-07 00:00:00-05:00,10.420000076293945,10.420000076293945,10.420000076293945,10.420000076293945,0,0.0,0.0
2023-03-08 00:00:00-05:00,10.430000305175781,10.430000305175781,10.430000305175781,10.430000305175781,468400,0.0,0.0
2023-03-09 00:00:00-05:00,10.430000305175781,10.430000305175781,10.430000305175781,10.430000305175781,100,0.0,0.0
2023-03-10 00:00:00-05:00,10.430000305175781,10.430000305175781,10.430000305175781,10.430000305175781,0,0.0,0.0
2023-03-13 00:00:00-04:00,10.430000305175781,10.430000305175781,10.430000305175781,10.430000305175781,0,0.0,0.0
2023-03-14 00:00:00-04:00,10.454999923706055,10.454999923706055,10.454999923706055,10.454999923706055,800,0.0,0.0
2023-03-15 00:00:00-04:00,10.454999923706055,10.454999923706055,10.454999923706055,10.454999923706055,100,0.0,0.0
2023-03-16 00:00:00-04:00,10.479999542236328,10.600000381469727,10.460000038146973,10.460000038146973,9300,0.0,0.0
2023-03-17 00:00:00-04:00,10.460000038146973,10.460000038146973,10.460000038146973,10.460000038146973,0,0.0,0.0
2023-03-20 00:00:00-04:00,10.460000038146973,10.460000038146973,10.460000038146973,10.460000038146973,0,0.0,0.0
2023-03-21 00:00:00-04:00,10.460000038146973,10.460000038146973,10.460000038146973,10.460000038146973,0,0.0,0.0
2023-03-22 00:00:00-04:00,10.4399995803833,10.4399995803833,10.4399995803833,10.4399995803833,100,0.0,0.0
2023-03-23 00:00:00-04:00,10.4399995803833,10.4399995803833,10.4399995803833,10.4399995803833,0,0.0,0.0
2023-03-24 00:00:00-04:00,10.4399995803833,10.4399995803833,10.4399995803833,10.4399995803833,0,0.0,0.0
2023-03-27 00:00:00-04:00,10.449999809265137,10.5,10.449999809265137,10.5,1137800,0.0,0.0
2023-03-28 00:00:00-04:00,10.449999809265137,10.449999809265137,10.4399995803833,10.4399995803833,1700,0.0,0.0
2023-03-29 00:00:00-04:00,10.449999809265137,10.449999809265137,10.449999809265137,10.449999809265137,2400,0.0,0.0
2023-03-30 00:00:00-04:00,10.449999809265137,10.449999809265137,10.449999809265137,10.449999809265137,0,0.0,0.0
2023-03-31 00:00:00-04:00,10.449999809265137,10.479999542236328,10.449999809265137,10.470000267028809,233200,0.0,0.0
2023-04-03 00:00:00-04:00,10.489999771118164,10.489999771118164,10.470000267028809,10.470000267028809,201500,0.0,0.0
2023-04-04 00:00:00-04:00,10.470000267028809,10.470000267028809,10.470000267028809,10.470000267028809,0,0.0,0.0
2023-04-05 00:00:00-04:00,10.470000267028809,10.470000267028809,10.470000267028809,10.470000267028809,0,0.0,0.0
2023-04-06 00:00:00-04:00,10.449999809265137,10.520000457763672,10.449999809265137,10.470000267028809,9200,0.0,0.0
2023-04-10 00:00:00-04:00,10.479999542236328,10.479999542236328,10.479999542236328,10.479999542236328,1000,0.0,0.0
2023-04-11 00:00:00-04:00,10.850000381469727,10.899999618530273,10.470000267028809,10.520000457763672,14600,0.0,0.0
2023-04-12 00:00:00-04:00,10.789999961853027,10.989999771118164,10.470000267028809,10.5,11200,0.0,0.0
2023-04-13 00:00:00-04:00,10.449999809265137,11.420000076293945,10.449999809265137,10.479999542236328,7100,0.0,0.0
2023-04-14 00:00:00-04:00,10.524999618530273,10.545999526977539,10.460000038146973,10.545999526977539,2700,0.0,0.0
2023-04-17 00:00:00-04:00,10.479999542236328,10.479999542236328,10.479999542236328,10.479999542236328,500,0.0,0.0
2023-04-18 00:00:00-04:00,10.550000190734863,10.550000190734863,10.550000190734863,10.550000190734863,100,0.0,0.0
2023-04-19 00:00:00-04:00,10.550000190734863,10.550000190734863,10.550000190734863,10.550000190734863,0,0.0,0.0
2023-04-20 00:00:00-04:00,10.550000190734863,10.550000190734863,10.550000190734863,10.550000190734863,0,0.0,0.0
2023-04-21 00:00:00-04:00,10.539999961853027,10.539999961853027,10.489999771118164,10.529999732971191,410900,0.0,0.0
2023-04-24 00:00:00-04:00,10.539999961853027,10.579999923706055,10.529999732971191,10.529999732971191,212100,0.0,0.0
2023-04-25 00:00:00-04:00,10.529999732971191,10.529999732971191,10.529999732971191,10.529999732971191,0,0.0,0.0
2023-04-26 00:00:00-04:00,10.59000015258789,10.59000015258789,10.539999961853027,10.539999961853027,100100,0.0,0.0
2023-04-27 00:00:00-04:00,10.539999961853027,10.539999961853027,10.539999961853027,10.539999961853027,55200,0.0,0.0
2023-04-28 00:00:00-04:00,10.539999961853027,10.539999961853027,10.539999961853027,10.539999961853027,0,0.0,0.0
2023-05-01 00:00:00-04:00,10.539999961853027,10.539999961853027,10.539999961853027,10.539999961853027,0,0.0,0.0
2023-05-02 00:00:00-04:00,10.539999961853027,10.539999961853027,10.539999961853027,10.539999961853027,0,0.0,0.0
2023-05-03 00:00:00-04:00,10.5649995803833,10.5649995803833,10.550000190734863,10.559000015258789,4800,0.0,0.0
2023-05-04 00:00:00-04:00,10.559000015258789,10.559000015258789,10.559000015258789,10.559000015258789,0,0.0,0.0
2023-05-05 00:00:00-04:00,10.559000015258789,10.559000015258789,10.559000015258789,10.559000015258789,0,0.0,0.0
2023-05-08 00:00:00-04:00,10.559000015258789,10.559000015258789,10.559000015258789,10.559000015258789,0,0.0,0.0
2023-05-09 00:00:00-04:00,10.559000015258789,10.559000015258789,10.559000015258789,10.559000015258789,0,0.0,0.0
2023-05-10 00:00:00-04:00,10.559000015258789,10.559000015258789,10.559000015258789,10.559000015258789,0,0.0,0.0
2023-05-11 00:00:00-04:00,10.559000015258789,10.559000015258789,10.559000015258789,10.559000015258789,0,0.0,0.0
2023-05-12 00:00:00-04:00,10.579999923706055,10.59000015258789,10.569999694824219,10.569999694824219,1500,0.0,0.0
2023-05-15 00:00:00-04:00,10.569999694824219,10.569999694824219,10.569999694824219,10.569999694824219,0,0.0,0.0
2023-05-16 00:00:00-04:00,10.569999694824219,10.569999694824219,10.569999694824219,10.569999694824219,0,0.0,0.0
2023-05-17 00:00:00-04:00,10.579999923706055,10.579999923706055,10.579999923706055,10.579999923706055,1000,0.0,0.0
2023-05-18 00:00:00-04:00,10.59000015258789,10.59000015258789,10.59000015258789,10.59000015258789,1900,0.0,0.0
2023-05-19 00:00:00-04:00,10.59000015258789,10.59000015258789,10.59000015258789,10.59000015258789,0,0.0,0.0
2023-05-22 00:00:00-04:00,10.585000038146973,10.59000015258789,10.585000038146973,10.59000015258789,2400,0.0,0.0
2023-05-23 00:00:00-04:00,10.59000015258789,10.59000015258789,10.59000015258789,10.59000015258789,0,0.0,0.0
2023-05-24 00:00:00-04:00,10.59000015258789,10.59000015258789,10.59000015258789,10.59000015258789,200,0.0,0.0
2023-05-25 00:00:00-04:00,11.050000190734863,11.050000190734863,10.600000381469727,10.609999656677246,4900,0.0,0.0
2023-05-26 00:00:00-04:00,10.579999923706055,10.579999923706055,10.579999923706055,10.579999923706055,1500,0.0,0.0
2023-05-30 00:00:00-04:00,10.59000015258789,10.59000015258789,10.59000015258789,10.59000015258789,100,0.0,0.0
2023-05-31 00:00:00-04:00,10.600000381469727,10.600000381469727,10.600000381469727,10.600000381469727,10100,0.0,0.0
2023-06-01 00:00:00-04:00,10.619999885559082,10.619999885559082,10.619999885559082,10.619999885559082,100,0.0,0.0
2023-06-02 00:00:00-04:00,10.619999885559082,10.619999885559082,10.619999885559082,10.619999885559082,0,0.0,0.0
2023-06-05 00:00:00-04:00,10.649999618530273,10.649999618530273,10.649999618530273,10.649999618530273,500,0.0,0.0
2023-06-06 00:00:00-04:00,10.670000076293945,10.670000076293945,10.670000076293945,10.670000076293945,2100,0.0,0.0
2023-06-07 00:00:00-04:00,10.670000076293945,10.670000076293945,10.670000076293945,10.670000076293945,0,0.0,0.0
2023-06-08 00:00:00-04:00,10.699999809265137,10.699999809265137,10.699999809265137,10.699999809265137,200,0.0,0.0
2023-06-09 00:00:00-04:00,10.699999809265137,10.699999809265137,10.699999809265137,10.699999809265137,0,0.0,0.0
2023-06-12 00:00:00-04:00,10.699999809265137,10.699999809265137,10.699999809265137,10.699999809265137,0,0.0,0.0
2023-06-13 00:00:00-04:00,10.699999809265137,10.699999809265137,10.699999809265137,10.699999809265137,0,0.0,0.0
2023-06-14 00:00:00-04:00,10.699999809265137,10.699999809265137,10.699999809265137,10.699999809265137,0,0.0,0.0
2023-06-15 00:00:00-04:00,10.619999885559082,10.619999885559082,10.619999885559082,10.619999885559082,100,0.0,0.0
2023-06-16 00:00:00-04:00,10.619999885559082,10.619999885559082,10.619999885559082,10.619999885559082,0,0.0,0.0
2023-06-20 00:00:00-04:00,10.640000343322754,10.640000343322754,10.640000343322754,10.640000343322754,100,0.0,0.0
2023-06-21 00:00:00-04:00,10.640000343322754,10.640000343322754,10.640000343322754,10.640000343322754,0,0.0,0.0
2023-06-22 00:00:00-04:00,10.640000343322754,10.640000343322754,10.640000343322754,10.640000343322754,100,0.0,0.0
2023-06-23 00:00:00-04:00,10.645000457763672,10.645000457763672,10.640000343322754,10.645000457763672,10000,0.0,0.0
2023-06-26 00:00:00-04:00,10.65999984741211,10.65999984741211,10.65999984741211,10.65999984741211,1200,0.0,0.0
2023-06-27 00:00:00-04:00,10.692999839782715,10.692999839782715,10.65999984741211,10.670000076293945,7600,0.0,0.0
2023-06-28 00:00:00-04:00,10.6899995803833,10.6899995803833,10.6899995803833,10.6899995803833,900,0.0,0.0
2023-06-29 00:00:00-04:00,10.675000190734863,10.675000190734863,10.675000190734863,10.675000190734863,400,0.0,0.0
2023-06-30 00:00:00-04:00,10.675000190734863,10.675000190734863,10.675000190734863,10.675000190734863,0,0.0,0.0
2023-07-03 00:00:00-04:00,10.675000190734863,10.675000190734863,10.675000190734863,10.675000190734863,0,0.0,0.0
2023-07-05 00:00:00-04:00,10.675000190734863,10.675000190734863,10.675000190734863,10.675000190734863,0,0.0,0.0
2023-07-06 00:00:00-04:00,10.675000190734863,10.675000190734863,10.675000190734863,10.675000190734863,0,0.0,0.0
2023-07-07 00:00:00-04:00,10.675000190734863,10.675000190734863,10.675000190734863,10.675000190734863,0,0.0,0.0
2023-07-10 00:00:00-04:00,10.670000076293945,10.670000076293945,10.670000076293945,10.670000076293945,100,0.0,0.0
2023-07-11 00:00:00-04:00,10.670000076293945,10.670000076293945,10.670000076293945,10.670000076293945,100,0.0,0.0
2023-07-12 00:00:00-04:00,10.670000076293945,10.680000305175781,10.670000076293945,10.670000076293945,67400,0.0,0.0
2023-07-13 00:00:00-04:00,10.680000305175781,10.680000305175781,10.680000305175781,10.680000305175781,1100,0.0,0.0
2023-07-14 00:00:00-04:00,10.680000305175781,10.680000305175781,10.680000305175781,10.680000305175781,100,0.0,0.0
2023-07-17 00:00:00-04:00,10.680000305175781,10.680000305175781,10.680000305175781,10.680000305175781,0,0.0,0.0
2023-07-18 00:00:00-04:00,10.729999542236328,10.729999542236328,10.729999542236328,10.729999542236328,1000,0.0,0.0
2023-07-19 00:00:00-04:00,10.729999542236328,10.729999542236328,10.729999542236328,10.729999542236328,0,0.0,0.0
2023-07-20 00:00:00-04:00,10.729999542236328,10.729999542236328,10.729999542236328,10.729999542236328,0,0.0,0.0
2023-07-21 00:00:00-04:00,10.729999542236328,10.729999542236328,10.729999542236328,10.729999542236328,0,0.0,0.0
2023-07-24 00:00:00-04:00,10.729999542236328,10.729999542236328,10.729999542236328,10.729999542236328,0,0.0,0.0
2023-07-25 00:00:00-04:00,10.729999542236328,10.729999542236328,10.729999542236328,10.729999542236328,0,0.0,0.0
2023-07-26 00:00:00-04:00,10.729999542236328,10.729999542236328,10.729999542236328,10.729999542236328,0,0.0,0.0
2023-07-27 00:00:00-04:00,10.6899995803833,10.6899995803833,10.6899995803833,10.6899995803833,100,0.0,0.0
2023-07-28 00:00:00-04:00,10.699999809265137,10.699999809265137,10.699999809265137,10.699999809265137,100,0.0,0.0
2023-07-31 00:00:00-04:00,10.6899995803833,10.739999771118164,10.6899995803833,10.699999809265137,1500,0.0,0.0
2023-08-01 00:00:00-04:00,10.75,10.755000114440918,10.739999771118164,10.75,12300,0.0,0.0
2023-08-02 00:00:00-04:00,10.760000228881836,10.760000228881836,10.755000114440918,10.760000228881836,8900,0.0,0.0
2023-08-03 00:00:00-04:00,10.779999732971191,10.779999732971191,10.779999732971191,10.779999732971191,100,0.0,0.0
2023-08-04 00:00:00-04:00,10.779999732971191,10.779999732971191,10.779999732971191,10.779999732971191,1100,0.0,0.0
2023-08-07 00:00:00-04:00,10.779999732971191,10.779999732971191,10.779999732971191,10.779999732971191,0,0.0,0.0
2023-08-08 00:00:00-04:00,10.779999732971191,10.779999732971191,10.779999732971191,10.779999732971191,0,0.0,0.0
2023-08-09 00:00:00-04:00,10.779999732971191,10.779999732971191,10.779999732971191,10.779999732971191,0,0.0,0.0
2023-08-10 00:00:00-04:00,10.779999732971191,10.789999961853027,10.779999732971191,10.789999961853027,8200,0.0,0.0
2023-08-11 00:00:00-04:00,10.789999961853027,10.789999961853027,10.789999961853027,10.789999961853027,0,0.0,0.0
2023-08-14 00:00:00-04:00,10.800000190734863,10.8100004196167,10.800000190734863,10.8100004196167,105000,0.0,0.0
2023-08-15 00:00:00-04:00,10.800000190734863,10.800000190734863,10.800000190734863,10.800000190734863,100,0.0,0.0
2023-08-16 00:00:00-04:00,10.850000381469727,10.850000381469727,10.800000190734863,10.84000015258789,9900,0.0,0.0
2023-08-17 00:00:00-04:00,10.800000190734863,10.819999694824219,10.75,10.770000457763672,911700,0.0,0.0
2023-08-18 00:00:00-04:00,10.760000228881836,10.779999732971191,10.760000228881836,10.779999732971191,1500,0.0,0.0
2023-08-21 00:00:00-04:00,10.779999732971191,10.789999961853027,10.779999732971191,10.789999961853027,51200,0.0,0.0
2023-08-22 00:00:00-04:00,10.789999961853027,10.789999961853027,10.789999961853027,10.789999961853027,0,0.0,0.0
2023-08-23 00:00:00-04:00,10.760000228881836,10.760000228881836,10.760000228881836,10.760000228881836,2500,0.0,0.0
2023-08-24 00:00:00-04:00,10.760000228881836,10.76099967956543,10.75,10.76099967956543,5600,0.0,0.0
2023-08-25 00:00:00-04:00,10.762999534606934,10.770000457763672,10.760000228881836,10.770000457763672,800,0.0,0.0
2023-08-28 00:00:00-04:00,10.770000457763672,10.770000457763672,10.770000457763672,10.770000457763672,0,0.0,0.0
2023-08-29 00:00:00-04:00,10.770000457763672,10.770000457763672,10.770000457763672,10.770000457763672,100,0.0,0.0
2023-08-30 00:00:00-04:00,10.779999732971191,10.779999732971191,10.779999732971191,10.779999732971191,8900,0.0,0.0
2023-08-31 00:00:00-04:00,10.779999732971191,10.779999732971191,10.779999732971191,10.779999732971191,0,0.0,0.0
2023-09-01 00:00:00-04:00,10.779999732971191,10.779999732971191,10.760000228881836,10.760000228881836,19600,0.0,0.0
2023-09-05 00:00:00-04:00,10.779999732971191,10.779999732971191,10.770000457763672,10.779999732971191,9300,0.0,0.0
2023-09-06 00:00:00-04:00,10.779999732971191,10.779999732971191,10.779999732971191,10.779999732971191,0,0.0,0.0
2023-09-07 00:00:00-04:00,10.800000190734863,10.800000190734863,10.800000190734863,10.800000190734863,22900,0.0,0.0
2023-09-08 00:00:00-04:00,10.800000190734863,10.800000190734863,10.800000190734863,10.800000190734863,0,0.0,0.0
2023-09-11 00:00:00-04:00,10.800000190734863,10.800000190734863,10.800000190734863,10.800000190734863,0,0.0,0.0
2023-09-12 00:00:00-04:00,10.800000190734863,10.800000190734863,10.779999732971191,10.779999732971191,14200,0.0,0.0
2023-09-13 00:00:00-04:00,10.779999732971191,10.779999732971191,10.779999732971191,10.779999732971191,1200,0.0,0.0
2023-09-14 00:00:00-04:00,10.770000457763672,10.770000457763672,10.770000457763672,10.770000457763672,21400,0.0,0.0
2023-09-15 00:00:00-04:00,10.770000457763672,10.770000457763672,10.770000457763672,10.770000457763672,0,0.0,0.0
2023-09-18 00:00:00-04:00,10.760000228881836,10.760000228881836,10.760000228881836,10.760000228881836,100,0.0,0.0
2023-09-19 00:00:00-04:00,10.760000228881836,10.760000228881836,10.760000228881836,10.760000228881836,0,0.0,0.0
2023-09-20 00:00:00-04:00,10.760000228881836,10.760000228881836,10.760000228881836,10.760000228881836,0,0.0,0.0
2023-09-21 00:00:00-04:00,10.800000190734863,10.800000190734863,10.800000190734863,10.800000190734863,100,0.0,0.0
2023-09-22 00:00:00-04:00,10.800000190734863,10.800000190734863,10.800000190734863,10.800000190734863,0,0.0,0.0
2023-09-25 00:00:00-04:00,10.829999923706055,10.845999717712402,10.82699966430664,10.82699966430664,12900,0.0,0.0
2023-09-26 00:00:00-04:00,10.760000228881836,11.760000228881836,10.760000228881836,11.199999809265137,9700,0.0,0.0
2023-09-27 00:00:00-04:00,10.760000228881836,10.819999694824219,10.760000228881836,10.8100004196167,1000,0.0,0.0
2023-09-28 00:00:00-04:00,10.779999732971191,11.335000038146973,10.779999732971191,10.779999732971191,12000,0.0,0.0
2023-09-29 00:00:00-04:00,11.0,11.0,11.0,11.0,100,0.0,0.0
2023-10-02 00:00:00-04:00,11.0,11.0,11.0,11.0,0,0.0,0.0
2023-10-03 00:00:00-04:00,10.850000381469727,10.850000381469727,10.760000228881836,10.760000228881836,2000,0.0,0.0
2023-10-04 00:00:00-04:00,10.760000228881836,10.819999694824219,10.760000228881836,10.819999694824219,500,0.0,0.0
2023-10-05 00:00:00-04:00,10.829999923706055,10.829999923706055,10.829999923706055,10.829999923706055,200,0.0,0.0
2023-10-06 00:00:00-04:00,10.829999923706055,10.829999923706055,10.829999923706055,10.829999923706055,0,0.0,0.0
2023-10-09 00:00:00-04:00,10.829999923706055,10.829999923706055,10.829999923706055,10.829999923706055,0,0.0,0.0
2023-10-10 00:00:00-04:00,10.829999923706055,10.829999923706055,10.829999923706055,10.829999923706055,0,0.0,0.0
2023-10-11 00:00:00-04:00,10.829999923706055,10.829999923706055,10.829999923706055,10.829999923706055,0,0.0,0.0
2023-10-12 00:00:00-04:00,10.829999923706055,10.829999923706055,10.829999923706055,10.829999923706055,0,0.0,0.0
2023-10-13 00:00:00-04:00,10.829999923706055,10.829999923706055,10.829999923706055,10.829999923706055,100,0.0,0.0
2023-10-16 00:00:00-04:00,10.829999923706055,10.829999923706055,10.829999923706055,10.829999923706055,0,0.0,0.0
2023-10-17 00:00:00-04:00,10.90999984741211,10.9399995803833,10.90999984741211,10.9399995803833,405200,0.0,0.0
2023-10-18 00:00:00-04:00,10.9399995803833,10.9399995803833,10.9399995803833,10.9399995803833,100000,0.0,0.0
2023-10-19 00:00:00-04:00,10.9399995803833,10.949999809265137,10.9399995803833,10.9399995803833,50800,0.0,0.0
2023-10-20 00:00:00-04:00,10.944999694824219,10.949999809265137,10.944999694824219,10.949999809265137,100300,0.0,0.0
2023-10-23 00:00:00-04:00,10.949999809265137,10.949999809265137,10.949999809265137,10.949999809265137,1000,0.0,0.0
2023-10-24 00:00:00-04:00,10.949999809265137,10.949999809265137,10.949999809265137,10.949999809265137,600,0.0,0.0
2023-10-25 00:00:00-04:00,10.949999809265137,10.949999809265137,10.949999809265137,10.949999809265137,300,0.0,0.0
2023-10-26 00:00:00-04:00,10.949999809265137,10.949999809265137,10.949999809265137,10.949999809265137,0,0.0,0.0
2023-10-27 00:00:00-04:00,10.949999809265137,10.949999809265137,10.949999809265137,10.949999809265137,0,0.0,0.0
2023-10-30 00:00:00-04:00,10.949999809265137,10.949999809265137,10.949999809265137,10.949999809265137,0,0.0,0.0
2023-10-31 00:00:00-04:00,10.949999809265137,10.949999809265137,10.949999809265137,10.949999809265137,600,0.0,0.0
2023-11-01 00:00:00-04:00,10.979999542236328,10.979999542236328,10.979999542236328,10.979999542236328,200100,0.0,0.0
2023-11-02 00:00:00-04:00,10.949999809265137,10.949999809265137,10.949999809265137,10.949999809265137,4100,0.0,0.0
2023-11-03 00:00:00-04:00,10.949999809265137,10.949999809265137,10.949999809265137,10.949999809265137,0,0.0,0.0
2023-11-06 00:00:00-05:00,10.949999809265137,10.949999809265137,10.949999809265137,10.949999809265137,0,0.0,0.0
2023-11-07 00:00:00-05:00,10.949999809265137,10.949999809265137,10.949999809265137,10.949999809265137,6200,0.0,0.0
2023-11-08 00:00:00-05:00,10.979999542236328,10.979999542236328,10.949999809265137,10.949999809265137,6800,0.0,0.0
2023-11-09 00:00:00-05:00,10.949999809265137,10.949999809265137,10.949999809265137,10.949999809265137,0,0.0,0.0
2023-11-10 00:00:00-05:00,10.949999809265137,10.949999809265137,10.949999809265137,10.949999809265137,100,0.0,0.0
2023-11-13 00:00:00-05:00,10.949999809265137,10.949999809265137,10.949999809265137,10.949999809265137,0,0.0,0.0
2023-11-14 00:00:00-05:00,10.949999809265137,10.949999809265137,10.949999809265137,10.949999809265137,0,0.0,0.0
2023-11-15 00:00:00-05:00,10.949999809265137,10.949999809265137,10.949999809265137,10.949999809265137,8500,0.0,0.0
2023-11-16 00:00:00-05:00,10.949999809265137,10.949999809265137,10.949999809265137,10.949999809265137,0,0.0,0.0
2023-11-17 00:00:00-05:00,11.0,11.0,10.994999885559082,11.0,211100,0.0,0.0
2023-11-20 00:00:00-05:00,11.0,11.0,11.0,11.0,0,0.0,0.0
2023-11-21 00:00:00-05:00,11.0,11.0,11.0,11.0,0,0.0,0.0
2023-11-22 00:00:00-05:00,11.0,11.0,11.0,11.0,0,0.0,0.0
2023-11-24 00:00:00-05:00,11.0,11.0,11.0,11.0,0,0.0,0.0
2023-11-27 00:00:00-05:00,11.0,11.0,11.0,11.0,0,0.0,0.0
2023-11-28 00:00:00-05:00,11.039999961853027,11.039999961853027,11.039999961853027,11.039999961853027,400,0.0,0.0
2023-11-29 00:00:00-05:00,11.039999961853027,11.039999961853027,11.039999961853027,11.039999961853027,0,0.0,0.0
2023-11-30 00:00:00-05:00,11.039999961853027,11.050000190734863,11.039999961853027,11.050000190734863,3900,0.0,0.0
2023-12-01 00:00:00-05:00,11.050000190734863,11.050000190734863,11.050000190734863,11.050000190734863,53200,0.0,0.0
2023-12-04 00:00:00-05:00,11.0,11.0,11.0,11.0,100,0.0,0.0
2023-12-05 00:00:00-05:00,10.960000038146973,11.020000457763672,10.960000038146973,11.0,200200,0.0,0.0
2023-12-06 00:00:00-05:00,11.0,11.0,11.0,11.0,0,0.0,0.0
2023-12-07 00:00:00-05:00,11.020000457763672,11.020000457763672,11.010000228881836,11.010000228881836,6100,0.0,0.0
2023-12-08 00:00:00-05:00,11.010000228881836,11.010000228881836,11.010000228881836,11.010000228881836,0,0.0,0.0
2023-12-11 00:00:00-05:00,11.0,11.0,11.0,11.0,15200,0.0,0.0
2023-12-12 00:00:00-05:00,11.0,11.039999961853027,11.0,11.039999961853027,116600,0.0,0.0
2023-12-13 00:00:00-05:00,11.0,11.0,11.0,11.0,300,0.0,0.0
2023-12-14 00:00:00-05:00,11.0,11.0,11.0,11.0,0,0.0,0.0
2023-12-15 00:00:00-05:00,11.029999732971191,11.0600004196167,11.029999732971191,11.0600004196167,2500,0.0,0.0
2023-12-18 00:00:00-05:00,11.0600004196167,11.0600004196167,11.029999732971191,11.029999732971191,151400,0.0,0.0
2023-12-19 00:00:00-05:00,11.100000381469727,11.199999809265137,11.100000381469727,11.199999809265137,1600,0.0,0.0
2023-12-20 00:00:00-05:00,11.199999809265137,11.199999809265137,11.199999809265137,11.199999809265137,0,0.0,0.0
2023-12-21 00:00:00-05:00,11.050000190734863,11.069999694824219,11.050000190734863,11.069999694824219,2500,0.0,0.0
2023-12-22 00:00:00-05:00,11.069999694824219,11.069999694824219,11.010000228881836,11.020000457763672,72000,0.0,0.0
2023-12-26 00:00:00-05:00,11.0600004196167,11.0600004196167,11.020000457763672,11.020000457763672,7600,0.0,0.0
2023-12-27 00:00:00-05:00,11.020000457763672,11.029999732971191,11.020000457763672,11.029999732971191,4800,0.0,0.0
2023-12-28 00:00:00-05:00,11.020999908447266,11.0600004196167,11.020000457763672,11.029999732971191,21700,0.0,0.0
2023-12-29 00:00:00-05:00,11.029999732971191,11.029999732971191,11.029999732971191,11.029999732971191,0,0.0,0.0
2024-01-02 00:00:00-05:00,11.029999732971191,11.029999732971191,11.029999732971191,11.029999732971191,0,0.0,0.0
2024-01-03 00:00:00-05:00,11.029999732971191,11.029999732971191,11.029999732971191,11.029999732971191,200,0.0,0.0
2024-01-04 00:00:00-05:00,11.029999732971191,11.029999732971191,11.029999732971191,11.029999732971191,0,0.0,0.0
2024-01-05 00:00:00-05:00,11.029999732971191,11.029999732971191,11.029999732971191,11.029999732971191,0,0.0,0.0
2024-01-08 00:00:00-05:00,11.029999732971191,11.029999732971191,11.029999732971191,11.029999732971191,0,0.0,0.0
2024-01-09 00:00:00-05:00,11.029999732971191,11.029999732971191,11.029999732971191,11.029999732971191,0,0.0,0.0
2024-01-10 00:00:00-05:00,11.029999732971191,11.029999732971191,11.029999732971191,11.029999732971191,0,0.0,0.0
2024-01-11 00:00:00-05:00,11.029999732971191,11.029999732971191,11.029999732971191,11.029999732971191,0,0.0,0.0
2024-01-12 00:00:00-05:00,11.029999732971191,11.029999732971191,11.029999732971191,11.029999732971191,0,0.0,0.0
2024-01-16 00:00:00-05:00,11.029999732971191,11.029999732971191,11.029999732971191,11.029999732971191,0,0.0,0.0
2024-01-17 00:00:00-05:00,11.0600004196167,11.100000381469727,11.0600004196167,11.069999694824219,69100,0.0,0.0
2024-01-18 00:00:00-05:00,11.069999694824219,11.069999694824219,11.0600004196167,11.069999694824219,51900,0.0,0.0
2024-01-19 00:00:00-05:00,11.069999694824219,11.069999694824219,11.069999694824219,11.069999694824219,0,0.0,0.0
2024-01-22 00:00:00-05:00,11.100000381469727,11.100000381469727,11.100000381469727,11.100000381469727,100,0.0,0.0
2024-01-23 00:00:00-05:00,11.100000381469727,11.119999885559082,11.09000015258789,11.09000015258789,314700,0.0,0.0
2024-01-24 00:00:00-05:00,11.09000015258789,11.09000015258789,11.09000015258789,11.09000015258789,0,0.0,0.0
2024-01-25 00:00:00-05:00,11.09000015258789,11.09000015258789,11.09000015258789,11.09000015258789,5600,0.0,0.0
2024-01-26 00:00:00-05:00,11.09000015258789,11.09000015258789,11.09000015258789,11.09000015258789,0,0.0,0.0
2024-01-29 00:00:00-05:00,11.09000015258789,11.100000381469727,11.09000015258789,11.100000381469727,59800,0.0,0.0
2024-01-30 00:00:00-05:00,11.100000381469727,11.100000381469727,11.100000381469727,11.100000381469727,0,0.0,0.0
2024-01-31 00:00:00-05:00,11.100000381469727,11.100000381469727,11.100000381469727,11.100000381469727,100000,0.0,0.0
2024-02-01 00:00:00-05:00,11.100000381469727,11.100000381469727,11.100000381469727,11.100000381469727,0,0.0,0.0
2024-02-02 00:00:00-05:00,11.100000381469727,11.100000381469727,11.100000381469727,11.100000381469727,0,0.0,0.0
2024-02-05 00:00:00-05:00,11.100000381469727,11.100000381469727,11.100000381469727,11.100000381469727,0,0.0,0.0
2024-02-06 00:00:00-05:00,11.100000381469727,11.100000381469727,11.100000381469727,11.100000381469727,0,0.0,0.0
2024-02-07 00:00:00-05:00,11.100000381469727,11.100000381469727,11.100000381469727,11.100000381469727,0,0.0,0.0
2024-02-08 00:00:00-05:00,11.100000381469727,11.100000381469727,11.100000381469727,11.100000381469727,0,0.0,0.0
2024-02-09 00:00:00-05:00,11.100000381469727,11.100000381469727,11.100000381469727,11.100000381469727,0,0.0,0.0
2024-02-12 00:00:00-05:00,11.100000381469727,11.100000381469727,11.100000381469727,11.100000381469727,0,0.0,0.0
2024-02-13 00:00:00-05:00,11.100000381469727,11.100000381469727,11.100000381469727,11.100000381469727,0,0.0,0.0
2024-02-14 00:00:00-05:00,11.100000381469727,11.100000381469727,11.100000381469727,11.100000381469727,0,0.0,0.0
2024-02-15 00:00:00-05:00,11.149999618530273,11.149999618530273,11.149999618530273,11.149999618530273,1100,0.0,0.0
2024-02-16 00:00:00-05:00,11.149999618530273,11.149999618530273,11.149999618530273,11.149999618530273,400,0.0,0.0
2024-02-20 00:00:00-05:00,11.119999885559082,11.119999885559082,11.119999885559082,11.119999885559082,1700,0.0,0.0
2024-02-21 00:00:00-05:00,11.170000076293945,11.170000076293945,11.170000076293945,11.170000076293945,2500,0.0,0.0
2024-02-22 00:00:00-05:00,11.170000076293945,11.170000076293945,11.170000076293945,11.170000076293945,0,0.0,0.0
2024-02-23 00:00:00-05:00,11.170000076293945,11.170000076293945,11.170000076293945,11.170000076293945,0,0.0,0.0
2024-02-26 00:00:00-05:00,11.170000076293945,11.170000076293945,11.170000076293945,11.170000076293945,100,0.0,0.0
2024-02-27 00:00:00-05:00,11.170000076293945,11.170000076293945,11.170000076293945,11.170000076293945,0,0.0,0.0
2024-02-28 00:00:00-05:00,11.1899995803833,11.199999809265137,11.1899995803833,11.199999809265137,4200,0.0,0.0
2024-02-29 00:00:00-05:00,11.199999809265137,11.199999809265137,11.199999809265137,11.199999809265137,0,0.0,0.0
2024-03-01 00:00:00-05:00,11.199999809265137,11.199999809265137,11.199999809265137,11.199999809265137,0,0.0,0.0
2024-03-04 00:00:00-05:00,11.199999809265137,11.199999809265137,11.199999809265137,11.199999809265137,0,0.0,0.0
2024-03-05 00:00:00-05:00,11.199999809265137,11.199999809265137,11.199999809265137,11.199999809265137,0,0.0,0.0
2024-03-06 00:00:00-05:00,11.15999984741211,11.15999984741211,11.15999984741211,11.15999984741211,500,0.0,0.0
2024-03-07 00:00:00-05:00,11.1899995803833,11.1899995803833,11.1899995803833,11.1899995803833,700,0.0,0.0
2024-03-08 00:00:00-05:00,11.1899995803833,11.1899995803833,11.1899995803833,11.1899995803833,0,0.0,0.0
2024-03-11 00:00:00-04:00,11.1899995803833,11.1899995803833,11.1899995803833,11.1899995803833,0,0.0,0.0
2024-03-12 00:00:00-04:00,11.220000267028809,11.220000267028809,11.220000267028809,11.220000267028809,800,0.0,0.0
2024-03-13 00:00:00-04:00,11.220000267028809,11.220000267028809,11.220000267028809,11.220000267028809,0,0.0,0.0
2024-03-14 00:00:00-04:00,11.210000038146973,11.220000267028809,11.210000038146973,11.220000267028809,75600,0.0,0.0
2024-03-15 00:00:00-04:00,11.220000267028809,11.220000267028809,11.220000267028809,11.220000267028809,25000,0.0,0.0
2024-03-18 00:00:00-04:00,11.220000267028809,11.220000267028809,11.220000267028809,11.220000267028809,0,0.0,0.0
2024-03-19 00:00:00-04:00,11.220000267028809,11.225000381469727,11.220000267028809,11.220000267028809,48200,0.0,0.0
2024-03-20 00:00:00-04:00,11.220000267028809,11.220000267028809,11.220000267028809,11.220000267028809,27400,0.0,0.0
2024-03-21 00:00:00-04:00,11.229999542236328,11.229999542236328,11.220000267028809,11.220000267028809,65800,0.0,0.0
2024-03-22 00:00:00-04:00,11.220000267028809,11.220000267028809,11.220000267028809,11.220000267028809,0,0.0,0.0
2024-03-25 00:00:00-04:00,11.220000267028809,11.220000267028809,11.220000267028809,11.220000267028809,0,0.0,0.0
2024-03-26 00:00:00-04:00,11.220000267028809,11.220000267028809,11.220000267028809,11.220000267028809,0,0.0,0.0
2024-03-27 00:00:00-04:00,11.229999542236328,11.229999542236328,11.229999542236328,11.229999542236328,25000,0.0,0.0
2024-03-28 00:00:00-04:00,11.229999542236328,11.229999542236328,11.229999542236328,11.229999542236328,0,0.0,0.0
2024-04-01 00:00:00-04:00,11.229999542236328,11.229999542236328,11.229999542236328,11.229999542236328,0,0.0,0.0
2024-04-02 00:00:00-04:00,11.239999771118164,11.25,11.239999771118164,11.25,8300,0.0,0.0
2024-04-03 00:00:00-04:00,11.25,11.255000114440918,11.25,11.255000114440918,14400,0.0,0.0
2024-04-04 00:00:00-04:00,11.25,11.260000228881836,11.25,11.260000228881836,1400,0.0,0.0
2024-04-05 00:00:00-04:00,11.260000228881836,11.260000228881836,11.260000228881836,11.260000228881836,0,0.0,0.0
2024-04-08 00:00:00-04:00,11.25,11.25,11.25,11.25,300,0.0,0.0
2024-04-09 00:00:00-04:00,11.260000228881836,11.260000228881836,11.260000228881836,11.260000228881836,1200,0.0,0.0
2024-04-10 00:00:00-04:00,11.270000457763672,11.270000457763672,11.270000457763672,11.270000457763672,3000,0.0,0.0
2024-04-11 00:00:00-04:00,11.270000457763672,11.270000457763672,11.270000457763672,11.270000457763672,100,0.0,0.0
2024-04-12 00:00:00-04:00,11.300000190734863,11.300000190734863,11.300000190734863,11.300000190734863,100,0.0,0.0
2024-04-15 00:00:00-04:00,11.300000190734863,11.300000190734863,11.300000190734863,11.300000190734863,0,0.0,0.0
2024-04-16 00:00:00-04:00,11.300000190734863,11.300000190734863,11.300000190734863,11.300000190734863,0,0.0,0.0
2024-04-17 00:00:00-04:00,11.289999961853027,11.289999961853027,11.270000457763672,11.270000457763672,27700,0.0,0.0
2024-04-18 00:00:00-04:00,11.28499984741211,11.300000190734863,11.28499984741211,11.300000190734863,7200,0.0,0.0
2024-04-19 00:00:00-04:00,11.279999732971191,11.279999732971191,11.279999732971191,11.279999732971191,5000,0.0,0.0
2024-04-22 00:00:00-04:00,11.279999732971191,11.279999732971191,11.279999732971191,11.279999732971191,0,0.0,0.0
2024-04-23 00:00:00-04:00,11.300000190734863,11.300000190734863,11.300000190734863,11.300000190734863,1000,0.0,0.0
2024-04-24 00:00:00-04:00,11.3100004196167,11.3100004196167,11.3100004196167,11.3100004196167,2600,0.0,0.0
2024-04-25 00:00:00-04:00,11.300000190734863,11.3100004196167,11.300000190734863,11.3100004196167,23000,0.0,0.0
2024-04-26 00:00:00-04:00,11.3100004196167,11.3100004196167,11.3100004196167,11.3100004196167,0,0.0,0.0
2024-04-29 00:00:00-04:00,11.3100004196167,11.3100004196167,11.3100004196167,11.3100004196167,0,0.0,0.0
2024-04-30 00:00:00-04:00,11.3100004196167,11.3100004196167,11.3100004196167,11.3100004196167,0,0.0,0.0
2024-05-01 00:00:00-04:00,11.3100004196167,11.3100004196167,11.3100004196167,11.3100004196167,0,0.0,0.0
2024-05-02 00:00:00-04:00,11.300000190734863,11.300000190734863,11.300000190734863,11.300000190734863,200,0.0,0.0
2024-05-03 00:00:00-04:00,11.300000190734863,11.300000190734863,11.300000190734863,11.300000190734863,0,0.0,0.0
2024-05-06 00:00:00-04:00,11.300000190734863,11.300000190734863,11.300000190734863,11.300000190734863,0,0.0,0.0
2024-05-07 00:00:00-04:00,11.300000190734863,11.300000190734863,11.300000190734863,11.300000190734863,0,0.0,0.0
2024-05-08 00:00:00-04:00,11.300000190734863,11.300000190734863,11.300000190734863,11.300000190734863,0,0.0,0.0
2024-05-09 00:00:00-04:00,11.300000190734863,11.300000190734863,11.300000190734863,11.300000190734863,0,0.0,0.0
2024-05-10 00:00:00-04:00,11.34000015258789,11.34000015258789,11.34000015258789,11.34000015258789,6100,0.0,0.0
2024-05-13 00:00:00-04:00,11.34000015258789,11.34000015258789,11.34000015258789,11.34000015258789,0,0.0,0.0
2024-05-14 00:00:00-04:00,11.350000381469727,11.350000381469727,11.350000381469727,11.350000381469727,600,0.0,0.0
2024-05-15 00:00:00-04:00,11.350000381469727,11.350000381469727,11.350000381469727,11.350000381469727,0,0.0,0.0
2024-05-16 00:00:00-04:00,11.369999885559082,11.390000343322754,11.369999885559082,11.369999885559082,3400,0.0,0.0
2024-05-17 00:00:00-04:00,11.369999885559082,11.369999885559082,11.369999885559082,11.369999885559082,0,0.0,0.0
2024-05-20 00:00:00-04:00,11.369999885559082,11.369999885559082,11.369999885559082,11.369999885559082,0,0.0,0.0
2024-05-21 00:00:00-04:00,11.369999885559082,11.369999885559082,11.369999885559082,11.369999885559082,0,0.0,0.0
2024-05-22 00:00:00-04:00,11.369999885559082,11.369999885559082,11.369999885559082,11.369999885559082,0,0.0,0.0
2024-05-23 00:00:00-04:00,11.369999885559082,11.369999885559082,11.369999885559082,11.369999885559082,0,0.0,0.0
2024-05-24 00:00:00-04:00,11.369999885559082,11.369999885559082,11.369999885559082,11.369999885559082,0,0.0,0.0
2024-05-28 00:00:00-04:00,11.369999885559082,11.369999885559082,11.369999885559082,11.369999885559082,0,0.0,0.0
2024-05-29 00:00:00-04:00,11.369999885559082,11.369999885559082,11.369999885559082,11.369999885559082,100,0.0,0.0
2024-05-30 00:00:00-04:00,11.350000381469727,11.350000381469727,11.350000381469727,11.350000381469727,1000,0.0,0.0
2024-05-31 00:00:00-04:00,11.420000076293945,11.420000076293945,11.420000076293945,11.420000076293945,400,0.0,0.0
2024-06-03 00:00:00-04:00,11.420000076293945,11.420000076293945,11.420000076293945,11.420000076293945,0,0.0,0.0
2024-06-04 00:00:00-04:00,11.420000076293945,11.420000076293945,11.420000076293945,11.420000076293945,0,0.0,0.0
2024-06-05 00:00:00-04:00,11.350000381469727,11.350000381469727,11.350000381469727,11.350000381469727,300,0.0,0.0
2024-06-06 00:00:00-04:00,11.350000381469727,11.350000381469727,11.350000381469727,11.350000381469727,0,0.0,0.0
2024-06-07 00:00:00-04:00,11.350000381469727,11.350000381469727,11.350000381469727,11.350000381469727,0,0.0,0.0
2024-06-10 00:00:00-04:00,11.350000381469727,11.350000381469727,11.350000381469727,11.350000381469727,0,0.0,0.0
2024-06-11 00:00:00-04:00,11.350000381469727,11.350000381469727,11.350000381469727,11.350000381469727,0,0.0,0.0
2024-06-12 00:00:00-04:00,11.369999885559082,11.369999885559082,11.369999885559082,11.369999885559082,100,0.0,0.0
2024-06-13 00:00:00-04:00,11.369999885559082,11.369999885559082,11.369999885559082,11.369999885559082,0,0.0,0.0
2024-06-14 00:00:00-04:00,11.369999885559082,11.369999885559082,11.369999885559082,11.369999885559082,0,0.0,0.0
2024-06-17 00:00:00-04:00,11.369999885559082,11.369999885559082,11.369999885559082,11.369999885559082,0,0.0,0.0
2024-06-18 00:00:00-04:00,11.369999885559082,11.369999885559082,11.369999885559082,11.369999885559082,0,0.0,0.0
2024-06-20 00:00:00-04:00,11.369999885559082,11.369999885559082,11.369999885559082,11.369999885559082,0,0.0,0.0
2024-06-21 00:00:00-04:00,11.369999885559082,11.369999885559082,11.369999885559082,11.369999885559082,0,0.0,0.0
2024-06-24 00:00:00-04:00,11.369999885559082,11.369999885559082,11.369999885559082,11.369999885559082,0,0.0,0.0
2024-06-25 00:00:00-04:00,11.369999885559082,11.369999885559082,11.369999885559082,11.369999885559082,0,0.0,0.0
2024-06-26 00:00:00-04:00,11.390000343322754,11.390000343322754,11.390000343322754,11.390000343322754,200,0.0,0.0
2024-06-27 00:00:00-04:00,11.390000343322754,11.390000343322754,11.390000343322754,11.390000343322754,0,0.0,0.0
2024-06-28 00:00:00-04:00,11.390000343322754,11.390000343322754,11.390000343322754,11.390000343322754,0,0.0,0.0
2024-07-01 00:00:00-04:00,11.390000343322754,11.390000343322754,11.390000343322754,11.390000343322754,0,0.0,0.0
2024-07-02 00:00:00-04:00,11.390000343322754,11.390000343322754,11.390000343322754,11.390000343322754,0,0.0,0.0
2024-07-03 00:00:00-04:00,11.390000343322754,11.390000343322754,11.390000343322754,11.390000343322754,0,0.0,0.0
2024-07-05 00:00:00-04:00,11.40999984741211,11.40999984741211,11.40999984741211,11.40999984741211,2600,0.0,0.0
2024-07-08 00:00:00-04:00,11.40999984741211,11.40999984741211,11.40999984741211,11.40999984741211,0,0.0,0.0
2024-07-09 00:00:00-04:00,11.40999984741211,11.40999984741211,11.40999984741211,11.40999984741211,0,0.0,0.0
2024-07-10 00:00:00-04:00,11.40999984741211,11.40999984741211,11.40999984741211,11.40999984741211,0,0.0,0.0
2024-07-11 00:00:00-04:00,11.40999984741211,11.40999984741211,11.40999984741211,11.40999984741211,0,0.0,0.0
2024-07-12 00:00:00-04:00,11.40999984741211,11.40999984741211,11.40999984741211,11.40999984741211,0,0.0,0.0
2024-07-15 00:00:00-04:00,11.40999984741211,11.40999984741211,11.40999984741211,11.40999984741211,0,0.0,0.0
2024-07-16 00:00:00-04:00,11.420000076293945,11.420000076293945,11.420000076293945,11.420000076293945,20400,0.0,0.0
2024-07-17 00:00:00-04:00,11.430000305175781,11.430000305175781,11.430000305175781,11.430000305175781,1000,0.0,0.0
2024-07-18 00:00:00-04:00,11.430000305175781,11.430000305175781,11.430000305175781,11.430000305175781,0,0.0,0.0
2024-07-19 00:00:00-04:00,11.40999984741211,11.430000305175781,11.40999984741211,11.430000305175781,4500,0.0,0.0
2024-07-22 00:00:00-04:00,11.430000305175781,11.430000305175781,11.430000305175781,11.430000305175781,0,0.0,0.0
2024-07-23 00:00:00-04:00,11.420000076293945,11.420000076293945,11.420000076293945,11.420000076293945,50000,0.0,0.0
2024-07-24 00:00:00-04:00,11.420000076293945,11.420000076293945,11.420000076293945,11.420000076293945,0,0.0,0.0
2024-07-25 00:00:00-04:00,11.420000076293945,11.420000076293945,11.420000076293945,11.420000076293945,0,0.0,0.0
2024-07-26 00:00:00-04:00,11.420000076293945,11.420000076293945,11.420000076293945,11.420000076293945,0,0.0,0.0
2024-07-29 00:00:00-04:00,11.4399995803833,11.4399995803833,11.4399995803833,11.4399995803833,5800,0.0,0.0
2024-07-30 00:00:00-04:00,11.449999809265137,11.449999809265137,11.449999809265137,11.449999809265137,1000,0.0,0.0
2024-07-31 00:00:00-04:00,11.449999809265137,11.449999809265137,11.449999809265137,11.449999809265137,0,0.0,0.0
2024-08-01 00:00:00-04:00,11.449999809265137,11.449999809265137,11.449999809265137,11.449999809265137,0,0.0,0.0
2024-08-02 00:00:00-04:00,11.470000267028809,11.470000267028809,11.470000267028809,11.470000267028809,100,0.0,0.0
2024-08-05 00:00:00-04:00,11.470000267028809,11.470000267028809,11.470000267028809,11.470000267028809,0,0.0,0.0
2024-08-06 00:00:00-04:00,11.470000267028809,11.470000267028809,11.470000267028809,11.470000267028809,0,0.0,0.0
2024-08-07 00:00:00-04:00,11.470000267028809,11.470000267028809,11.470000267028809,11.470000267028809,0,0.0,0.0
2024-08-08 00:00:00-04:00,11.470000267028809,11.470000267028809,11.470000267028809,11.470000267028809,0,0.0,0.0
2024-08-09 00:00:00-04:00,11.470000267028809,11.470000267028809,11.470000267028809,11.470000267028809,0,0.0,0.0
2024-08-12 00:00:00-04:00,11.470000267028809,11.470000267028809,11.470000267028809,11.470000267028809,0,0.0,0.0
2024-08-13 00:00:00-04:00,11.470000267028809,11.470000267028809,11.470000267028809,11.470000267028809,0,0.0,0.0
2024-08-14 00:00:00-04:00,11.489999771118164,11.489999771118164,11.489999771118164,11.489999771118164,143400,0.0,0.0
2024-08-15 00:00:00-04:00,11.489999771118164,11.489999771118164,11.489999771118164,11.489999771118164,0,0.0,0.0
2024-08-16 00:00:00-04:00,11.489999771118164,11.489999771118164,11.489999771118164,11.489999771118164,0,0.0,0.0
2024-08-19 00:00:00-04:00,11.489999771118164,11.489999771118164,11.489999771118164,11.489999771118164,100,0.0,0.0
2024-08-20 00:00:00-04:00,11.489999771118164,11.489999771118164,11.489999771118164,11.489999771118164,0,0.0,0.0
2024-08-21 00:00:00-04:00,11.489999771118164,11.489999771118164,11.489999771118164,11.489999771118164,0,0.0,0.0
2024-08-22 00:00:00-04:00,11.489999771118164,11.489999771118164,11.489999771118164,11.489999771118164,0,0.0,0.0
2024-08-23 00:00:00-04:00,11.489999771118164,11.489999771118164,11.489999771118164,11.489999771118164,0,0.0,0.0
2024-08-26 00:00:00-04:00,11.5,11.5,11.5,11.5,1200,0.0,0.0
2024-08-27 00:00:00-04:00,11.5,11.5,11.5,11.5,0,0.0,0.0
2024-08-28 00:00:00-04:00,11.5,11.5,11.5,11.5,0,0.0,0.0
2024-08-29 00:00:00-04:00,11.5,11.5,11.5,11.5,0,0.0,0.0
2024-08-30 00:00:00-04:00,11.5,11.5,11.5,11.5,0,0.0,0.0
2024-09-03 00:00:00-04:00,11.5,11.510000228881836,11.5,11.510000228881836,164000,0.0,0.0
2024-09-04 00:00:00-04:00,11.510000228881836,11.510000228881836,11.510000228881836,11.510000228881836,0,0.0,0.0
2024-09-05 00:00:00-04:00,11.510000228881836,11.510000228881836,11.510000228881836,11.510000228881836,0,0.0,0.0
2024-09-06 00:00:00-04:00,11.510000228881836,11.510000228881836,11.510000228881836,11.510000228881836,0,0.0,0.0
2024-09-09 00:00:00-04:00,11.510000228881836,11.510000228881836,11.510000228881836,11.510000228881836,0,0.0,0.0
2024-09-10 00:00:00-04:00,11.510000228881836,11.510000228881836,11.510000228881836,11.510000228881836,0,0.0,0.0
2024-09-11 00:00:00-04:00,11.5,11.5,11.5,11.5,90000,0.0,0.0
2024-09-12 00:00:00-04:00,11.5,11.5,11.5,11.5,0,0.0,0.0
2024-09-13 00:00:00-04:00,11.5,11.5,11.5,11.5,0,0.0,0.0
2024-09-16 00:00:00-04:00,11.5,11.5,11.5,11.5,0,0.0,0.0
2024-09-17 00:00:00-04:00,11.5,11.5,11.5,11.5,0,0.0,0.0
2024-09-18 00:00:00-04:00,11.5,11.5,11.5,11.5,0,0.0,0.0
2024-09-19 00:00:00-04:00,11.5,11.5,11.5,11.5,0,0.0,0.0
2024-09-20 00:00:00-04:00,11.5,11.5,11.5,11.5,0,0.0,0.0
2024-09-23 00:00:00-04:00,11.5,11.5,11.5,11.5,0,0.0,0.0
2024-09-24 00:00:00-04:00,11.5,11.5,11.5,11.5,0,0.0,0.0
2024-09-25 00:00:00-04:00,11.5,11.5,11.5,11.5,0,0.0,0.0
2024-09-26 00:00:00-04:00,11.550000190734863,11.550000190734863,11.550000190734863,11.550000190734863,8000,0.0,0.0
2024-09-27 00:00:00-04:00,11.550000190734863,11.5600004196167,11.550000190734863,11.5600004196167,20800,0.0,0.0
2024-09-30 00:00:00-04:00,11.59000015258789,11.59000015258789,11.576000213623047,11.585000038146973,85800,0.0,0.0
2024-10-01 00:00:00-04:00,11.59000015258789,11.600000381469727,11.59000015258789,11.59000015258789,132200,0.0,0.0
2024-10-02 00:00:00-04:00,11.59000015258789,11.59000015258789,11.59000015258789,11.59000015258789,0,0.0,0.0
2024-10-03 00:00:00-04:00,11.59000015258789,11.59000015258789,11.59000015258789,11.59000015258789,0,0.0,0.0
2024-10-04 00:00:00-04:00,11.600000381469727,11.600000381469727,11.579999923706055,11.600000381469727,106500,0.0,0.0
2024-10-07 00:00:00-04:00,11.600000381469727,11.600000381469727,11.600000381469727,11.600000381469727,20200,0.0,0.0
2024-10-08 00:00:00-04:00,11.600000381469727,11.609999656677246,11.600000381469727,11.609999656677246,5300,0.0,0.0
2024-10-09 00:00:00-04:00,11.614999771118164,11.645000457763672,11.614999771118164,11.619999885559082,305500,0.0,0.0
2024-10-10 00:00:00-04:00,11.619999885559082,11.619999885559082,11.619999885559082,11.619999885559082,1100,0.0,0.0
2024-10-11 00:00:00-04:00,11.619999885559082,11.619999885559082,11.619999885559082,11.619999885559082,0,0.0,0.0
2024-10-14 00:00:00-04:00,11.619999885559082,11.619999885559082,11.619999885559082,11.619999885559082,0,0.0,0.0
2024-10-15 00:00:00-04:00,11.619999885559082,11.619999885559082,11.619999885559082,11.619999885559082,0,0.0,0.0
2024-10-16 00:00:00-04:00,11.619999885559082,11.619999885559082,11.619999885559082,11.619999885559082,0,0.0,0.0
2024-10-17 00:00:00-04:00,11.619999885559082,11.619999885559082,11.619999885559082,11.619999885559082,0,0.0,0.0
2024-10-18 00:00:00-04:00,11.654999732971191,11.654999732971191,11.654999732971191,11.654999732971191,219000,0.0,0.0
2024-10-21 00:00:00-04:00,11.654999732971191,11.654999732971191,11.654999732971191,11.654999732971191,52000,0.0,0.0
2024-10-22 00:00:00-04:00,11.65999984741211,11.65999984741211,11.65999984741211,11.65999984741211,155000,0.0,0.0
2024-10-23 00:00:00-04:00,11.746999740600586,11.746999740600586,11.609999656677246,11.65999984741211,130000,0.0,0.0
2024-10-24 00:00:00-04:00,11.65999984741211,11.65999984741211,11.65999984741211,11.65999984741211,1000,0.0,0.0
2024-10-25 00:00:00-04:00,11.65999984741211,11.65999984741211,11.65999984741211,11.65999984741211,0,0.0,0.0
2024-10-28 00:00:00-04:00,11.65999984741211,11.65999984741211,11.65999984741211,11.65999984741211,0,0.0,0.0
2024-10-29 00:00:00-04:00,11.65999984741211,11.65999984741211,11.65999984741211,11.65999984741211,0,0.0,0.0
2024-10-30 00:00:00-04:00,11.65999984741211,11.65999984741211,11.65999984741211,11.65999984741211,0,0.0,0.0
2024-10-31 00:00:00-04:00,11.65999984741211,11.65999984741211,11.65999984741211,11.65999984741211,0,0.0,0.0
2024-11-01 00:00:00-04:00,11.65999984741211,11.65999984741211,11.65999984741211,11.65999984741211,0,0.0,0.0
2024-11-04 00:00:00-05:00,11.65999984741211,11.65999984741211,11.65999984741211,11.65999984741211,0,0.0,0.0
2024-11-05 00:00:00-05:00,11.65999984741211,11.65999984741211,11.65999984741211,11.65999984741211,0,0.0,0.0
2024-11-06 00:00:00-05:00,11.65999984741211,11.65999984741211,11.65999984741211,11.65999984741211,0,0.0,0.0
2024-11-07 00:00:00-05:00,11.65999984741211,11.65999984741211,11.65999984741211,11.65999984741211,0,0.0,0.0
2024-11-08 00:00:00-05:00,11.65999984741211,11.65999984741211,11.65999984741211,11.65999984741211,0,0.0,0.0
2024-11-11 00:00:00-05:00,11.65999984741211,11.65999984741211,11.65999984741211,11.65999984741211,0,0.0,0.0
2024-11-12 00:00:00-05:00,11.670000076293945,11.670000076293945,11.670000076293945,11.670000076293945,1200,0.0,0.0
2024-11-13 00:00:00-05:00,11.670000076293945,11.670000076293945,11.670000076293945,11.670000076293945,25000,0.0,0.0
2024-11-14 00:00:00-05:00,11.670000076293945,11.670000076293945,11.670000076293945,11.670000076293945,0,0.0,0.0
2024-11-15 00:00:00-05:00,11.670000076293945,11.670000076293945,11.670000076293945,11.670000076293945,200,0.0,0.0
2024-11-18 00:00:00-05:00,11.670000076293945,11.670000076293945,11.670000076293945,11.670000076293945,400,0.0,0.0
2024-11-19 00:00:00-05:00,11.680000305175781,11.680000305175781,11.680000305175781,11.680000305175781,500,0.0,0.0
2024-11-20 00:00:00-05:00,11.680000305175781,11.680000305175781,11.680000305175781,11.680000305175781,0,0.0,0.0
2024-11-21 00:00:00-05:00,11.680000305175781,11.680000305175781,11.680000305175781,11.680000305175781,0,0.0,0.0
2024-11-22 00:00:00-05:00,11.680000305175781,11.680000305175781,11.680000305175781,11.680000305175781,0,0.0,0.0
2024-11-25 00:00:00-05:00,11.680000305175781,11.680000305175781,11.680000305175781,11.680000305175781,0,0.0,0.0
2024-11-26 00:00:00-05:00,11.680000305175781,11.680000305175781,11.680000305175781,11.680000305175781,0,0.0,0.0
2024-11-27 00:00:00-05:00,11.680000305175781,11.680000305175781,11.680000305175781,11.680000305175781,0,0.0,0.0
2024-11-29 00:00:00-05:00,11.680000305175781,11.680000305175781,11.680000305175781,11.680000305175781,0,0.0,0.0
2024-12-02 00:00:00-05:00,11.680000305175781,11.680000305175781,11.680000305175781,11.680000305175781,0,0.0,0.0
2024-12-03 00:00:00-05:00,11.75,11.779999732971191,11.75,11.77299976348877,11900,0.0,0.0
2024-12-04 00:00:00-05:00,11.729999542236328,11.755999565124512,11.729999542236328,11.75,4700,0.0,0.0
2024-12-05 00:00:00-05:00,11.75,11.75,11.75,11.75,0,0.0,0.0
2024-12-06 00:00:00-05:00,11.729999542236328,11.729999542236328,11.729999542236328,11.729999542236328,1500,0.0,0.0
2024-12-09 00:00:00-05:00,11.729999542236328,11.729999542236328,11.729999542236328,11.729999542236328,400,0.0,0.0
2024-12-10 00:00:00-05:00,11.729999542236328,11.729999542236328,11.609999656677246,11.729999542236328,6500,0.0,0.0
2024-12-11 00:00:00-05:00,11.729999542236328,11.789999961853027,11.729999542236328,11.739999771118164,31700,0.0,0.0
2024-12-12 00:00:00-05:00,11.729999542236328,11.800000190734863,11.729999542236328,11.770000457763672,11900,0.0,0.0
2024-12-13 00:00:00-05:00,11.770000457763672,11.770000457763672,11.739999771118164,11.770000457763672,14400,0.0,0.0
2024-12-16 00:00:00-05:00,11.729999542236328,11.8100004196167,11.729999542236328,11.8100004196167,4400,0.0,0.0
2024-12-17 00:00:00-05:00,11.819999694824219,11.819999694824219,11.819999694824219,11.819999694824219,1200,0.0,0.0
2024-12-18 00:00:00-05:00,11.760000228881836,11.829999923706055,11.760000228881836,11.819999694824219,8000,0.0,0.0
2024-12-19 00:00:00-05:00,11.699999809265137,12.970000267028809,10.829999923706055,12.0,8300,0.0,0.0
2024-12-20 00:00:00-05:00,10.600000381469727,11.699999809265137,9.0,11.699999809265137,25200,0.0,0.0
2024-12-23 00:00:00-05:00,11.75,13.989999771118164,10.479999542236328,13.579999923706055,12800,0.0,0.0
2024-12-24 00:00:00-05:00,13.25,14.989999771118164,11.649999618530273,14.079999923706055,18300,0.0,0.0
2024-12-26 00:00:00-05:00,12.5,12.626999855041504,11.642000198364258,12.375,14700,0.0,0.0
2024-12-27 00:00:00-05:00,11.539999961853027,11.770000457763672,10.25,11.489999771118164,5600,0.0,0.0
2024-12-30 00:00:00-05:00,9.829999923706055,13.34000015258789,9.300000190734863,12.260000228881836,20900,0.0,0.0
2024-12-31 00:00:00-05:00,10.539999961853027,10.539999961853027,9.630000114440918,9.630000114440918,1500,0.0,0.0
2025-01-02 00:00:00-05:00,9.579999923706055,13.039999961853027,9.300000190734863,9.819999694824219,2158100,0.0,0.0
2025-01-03 00:00:00-05:00,9.819999694824219,12.979999542236328,8.40999984741211,10.050000190734863,25000,0.0,0.0
2025-01-06 00:00:00-05:00,9.9399995803833,13.239999771118164,9.9399995803833,10.079999923706055,29400,0.0,0.0
2025-01-07 00:00:00-05:00,10.5,10.5,9.970000267028809,10.079999923706055,800,0.0,0.0
2025-01-08 00:00:00-05:00,10.079999923706055,10.079999923706055,8.710000038146973,8.960000038146973,2200,0.0,0.0
2025-01-10 00:00:00-05:00,9.00100040435791,9.00100040435791,6.659999847412109,7.050000190734863,73800,0.0,0.0
2025-01-13 00:00:00-05:00,6.619999885559082,8.720000267028809,6.5,8.4399995803833,18700,0.0,0.0
2025-01-14 00:00:00-05:00,8.039999961853027,9.210000038146973,8.0,8.5,2500,0.0,0.0
2025-01-15 00:00:00-05:00,9.0,12.0,8.319999694824219,11.899999618530273,16400,0.0,0.0
2025-01-16 00:00:00-05:00,12.300000190734863,15.479999542236328,6.75,6.75,60400,0.0,0.0
2025-01-17 00:00:00-05:00,7.0,8.569999694824219,5.239999771118164,6.400000095367432,35400,0.0,0.0
2025-01-21 00:00:00-05:00,5.829999923706055,7.699999809265137,5.630000114440918,6.789999961853027,59300,0.0,0.0
2025-01-22 00:00:00-05:00,6.510000228881836,7.949999809265137,6.510000228881836,6.949999809265137,45300,0.0,0.0
2025-01-23 00:00:00-05:00,7.349999904632568,7.599999904632568,5.809999942779541,6.0,38100,0.0,0.0
2025-01-24 00:00:00-05:00,6.440000057220459,7.190000057220459,6.25,6.599999904632568,14400,0.0,0.0
2025-01-27 00:00:00-05:00,6.239999771118164,7.389999866485596,5.960000038146973,6.789999961853027,15600,0.0,0.0
2025-01-28 00:00:00-05:00,6.929999828338623,7.5,6.409999847412109,6.550000190734863,4500,0.0,0.0
2025-01-29 00:00:00-05:00,7.010000228881836,8.989999771118164,6.460000038146973,7.539999961853027,45700,0.0,0.0
2025-01-30 00:00:00-05:00,7.800000190734863,8.350000381469727,6.849999904632568,6.989999771118164,17400,0.0,0.0
2025-01-31 00:00:00-05:00,7.199999809265137,7.480000019073486,6.510000228881836,6.769999980926514,7700,0.0,0.0
2025-02-03 00:00:00-05:00,6.96999979019165,8.220000267028809,6.849999904632568,7.0,9800,0.0,0.0
2025-02-04 00:00:00-05:00,7.019999980926514,7.315000057220459,6.699999809265137,7.315000057220459,7600,0.0,0.0
2025-02-05 00:00:00-05:00,7.389999866485596,7.400000095367432,7.09499979019165,7.349999904632568,3400,0.0,0.0
2025-02-06 00:00:00-05:00,7.559999942779541,7.980000019073486,7.340000152587891,7.599999904632568,4500,0.0,0.0
2025-02-07 00:00:00-05:00,7.599999904632568,7.599999904632568,7.039999961853027,7.539999961853027,5600,0.0,0.0
2025-02-10 00:00:00-05:00,7.25,8.699999809265137,7.25,7.800000190734863,8500,0.0,0.0
2025-02-11 00:00:00-05:00,8.140000343322754,8.579999923706055,7.050000190734863,7.050000190734863,7200,0.0,0.0
2025-02-12 00:00:00-05:00,7.050000190734863,7.050000190734863,7.050000190734863,7.050000190734863,0,0.0,0.0
2025-02-13 00:00:00-05:00,6.921999931335449,7.130000114440918,6.921999931335449,7.010000228881836,700,0.0,0.0
2025-02-14 00:00:00-05:00,7.010000228881836,7.010000228881836,7.010000228881836,7.010000228881836,0,0.0,0.0
2025-02-18 00:00:00-05:00,7.010000228881836,8.699999809265137,6.914999961853027,8.5,19000,0.0,0.0
2025-02-19 00:00:00-05:00,8.050000190734863,8.75,7.5,7.5,15000,0.0,0.0
2025-02-20 00:00:00-05:00,6.869999885559082,6.869999885559082,6.78000020980835,6.78000020980835,1300,0.0,0.0
2025-02-21 00:00:00-05:00,6.78000020980835,6.78000020980835,6.78000020980835,6.78000020980835,0,0.0,0.0
2025-02-24 00:00:00-05:00,7.25,7.809999942779541,6.800000190734863,6.800000190734863,1800,0.0,0.0
2025-02-25 00:00:00-05:00,6.800000190734863,6.800000190734863,6.800000190734863,6.800000190734863,0,0.0,0.0
2025-02-26 00:00:00-05:00,6.789999961853027,6.949999809265137,6.78000020980835,6.78000020980835,1400,0.0,0.0
2025-02-27 00:00:00-05:00,6.78000020980835,6.78000020980835,6.78000020980835,6.78000020980835,0,0.0,0.0
2025-02-28 00:00:00-05:00,6.78000020980835,6.78000020980835,6.78000020980835,6.78000020980835,0,0.0,0.0
2025-03-03 00:00:00-05:00,6.78000020980835,6.78000020980835,6.78000020980835,6.78000020980835,0,0.0,0.0
2025-03-04 00:00:00-05:00,6.639999866485596,6.639999866485596,5.369999885559082,5.5,7100,0.0,0.0
2025-03-05 00:00:00-05:00,5.900000095367432,5.900000095367432,5.539999961853027,5.539999961853027,1300,0.0,0.0
2025-03-06 00:00:00-05:00,5.300000190734863,5.610000133514404,5.28000020980835,5.28000020980835,1000,0.0,0.0
2025-03-07 00:00:00-05:00,5.349999904632568,5.389999866485596,5.349999904632568,5.368000030517578,900,0.0,0.0
2025-03-10 00:00:00-04:00,5.099999904632568,5.400000095367432,5.099999904632568,5.300000190734863,2000,0.0,0.0
2025-03-11 00:00:00-04:00,5.179999828338623,6.329999923706055,3.25,4.0,54000,0.0,0.0
2025-03-12 00:00:00-04:00,4.0,4.0,2.200000047683716,3.0999999046325684,146000,0.0,0.0
2025-03-13 00:00:00-04:00,2.5,2.700000047683716,2.0250000953674316,2.2100000381469727,74700,0.0,0.0
2025-03-14 00:00:00-04:00,2.049999952316284,2.130000114440918,1.5140000581741333,1.559999942779541,93900,0.0,0.0
2025-03-17 00:00:00-04:00,1.4700000286102295,1.5700000524520874,1.2599999904632568,1.340000033378601,148700,0.0,0.0
2025-03-18 00:00:00-04:00,1.309999942779541,5.880000114440918,1.309999942779541,5.489999771118164,53731300,0.0,0.0
2025-03-19 00:00:00-04:00,3.5,4.909999847412109,3.4700000286102295,4.050000190734863,4398300,0.0,0.0
2025-03-20 00:00:00-04:00,4.019999980926514,4.199999809265137,2.7699999809265137,2.9000000953674316,1926400,0.0,0.0
2025-03-21 00:00:00-04:00,2.950000047683716,3.4000000953674316,2.950000047683716,3.0999999046325684,681000,0.0,0.0
2025-03-24 00:00:00-04:00,3.0,3.009999990463257,2.200000047683716,2.259999990463257,389500,0.0,0.0
2025-03-25 00:00:00-04:00,2.5999999046325684,2.9600000381469727,2.430000066757202,2.859999895095825,6791800,0.0,0.0
2025-03-26 00:00:00-04:00,2.549999952316284,2.880000114440918,2.5299999713897705,2.5799999237060547,282100,0.0,0.0
2025-03-27 00:00:00-04:00,2.5,2.5299999713897705,2.3499999046325684,2.4000000953674316,191200,0.0,0.0
2025-03-28 00:00:00-04:00,2.2799999713897705,2.4000000953674316,2.0999999046325684,2.1449999809265137,165800,0.0,0.0
2025-03-31 00:00:00-04:00,2.0799999237060547,2.0950000286102295,2.0,2.065000057220459,67100,0.0,0.0
2025-04-01 00:00:00-04:00,2.0,2.384000062942505,2.0,2.059999942779541,172200,0.0,0.0
2025-04-02 00:00:00-04:00,2.1700000762939453,2.1700000762939453,1.7999999523162842,1.8899999856948853,261200,0.0,0.0
2025-04-03 00:00:00-04:00,1.8700000047683716,1.8700000047683716,1.6699999570846558,1.690000057220459,136200,0.0,0.0
2025-04-04 00:00:00-04:00,1.690000057220459,1.690000057220459,1.5199999809265137,1.5700000524520874,67400,0.0,0.0
2025-04-07 00:00:00-04:00,1.4199999570846558,1.5199999809265137,1.350000023841858,1.4800000190734863,170100,0.0,0.0
2025-04-08 00:00:00-04:00,1.4800000190734863,1.6990000009536743,1.4800000190734863,1.5700000524520874,221700,0.0,0.0
2025-04-09 00:00:00-04:00,1.5499999523162842,1.7000000476837158,1.5499999523162842,1.649999976158142,100500,0.0,0.0
2025-04-10 00:00:00-04:00,1.7000000476837158,2.25,1.7000000476837158,2.059999942779541,331800,0.0,0.0
2025-04-11 00:00:00-04:00,1.9800000190734863,2.1500000953674316,1.8769999742507935,1.8799999952316284,129800,0.0,0.0
2025-04-14 00:00:00-04:00,1.9800000190734863,2.0199999809265137,1.8799999952316284,2.0,60900,0.0,0.0
2025-04-15 00:00:00-04:00,2.0,2.0999999046325684,1.9600000381469727,2.0299999713897705,47500,0.0,0.0
2025-04-16 00:00:00-04:00,2.049999952316284,2.0999999046325684,2.0299999713897705,2.0399999618530273,63200,0.0,0.0
2025-04-17 00:00:00-04:00,2.0399999618530273,2.2699999809265137,2.0299999713897705,2.1500000953674316,65000,0.0,0.0
2025-04-21 00:00:00-04:00,2.1600000858306885,2.1619999408721924,1.9800000190734863,2.0299999713897705,43800,0.0,0.0
2025-04-22 00:00:00-04:00,1.9700000286102295,2.0399999618530273,1.9500000476837158,1.9500000476837158,35500,0.0,0.0
2025-04-23 00:00:00-04:00,2.0399999618530273,2.049999952316284,1.9700000286102295,1.9800000190734863,30200,0.0,0.0
2025-04-24 00:00:00-04:00,2.069999933242798,2.069999933242798,1.9800000190734863,1.9800000190734863,40100,0.0,0.0
2025-04-25 00:00:00-04:00,2.049999952316284,2.075000047683716,1.9800000190734863,1.9800000190734863,43300,0.0,0.0
2025-04-28 00:00:00-04:00,2.009999990463257,2.0420000553131104,2.0,2.009999990463257,21300,0.0,0.0
2025-04-29 00:00:00-04:00,2.0230000019073486,2.0799999237060547,1.9700000286102295,1.9700000286102295,35400,0.0,0.0
2025-04-30 00:00:00-04:00,1.9700000286102295,2.0,1.9600000381469727,1.9800000190734863,14500,0.0,0.0
2025-05-01 00:00:00-04:00,1.9800000190734863,1.9800000190734863,1.4600000381469727,1.5,150000,0.0,0.0
2025-05-02 00:00:00-04:00,1.5,2.950000047683716,1.5,2.0299999713897705,4013300,0.0,0.0
2025-05-05 00:00:00-04:00,1.909999966621399,2.059999942779541,1.850000023841858,1.9190000295639038,197500,0.0,0.0
2025-05-06 00:00:00-04:00,1.8600000143051147,1.9390000104904175,1.850000023841858,1.8899999856948853,79900,0.0,0.0
2025-05-07 00:00:00-04:00,1.940000057220459,2.049999952316284,1.899999976158142,1.9500000476837158,45400,0.0,0.0
2025-05-08 00:00:00-04:00,1.9800000190734863,2.2100000381469727,1.9500000476837158,2.049999952316284,199100,0.0,0.0
2025-05-09 00:00:00-04:00,2.140000104904175,2.140000104904175,1.8899999856948853,1.9600000381469727,153900,0.0,0.0
2025-05-12 00:00:00-04:00,1.9800000190734863,2.071000099182129,1.9600000381469727,1.9700000286102295,50100,0.0,0.0
2025-05-13 00:00:00-04:00,2.0199999809265137,2.0199999809265137,1.850000023841858,1.9299999475479126,48200,0.0,0.0
2025-05-14 00:00:00-04:00,1.9299999475479126,1.9470000267028809,1.7100000381469727,1.7100000381469727,41500,0.0,0.0
2025-05-15 00:00:00-04:00,1.7599999904632568,1.8700000047683716,1.7599999904632568,1.8700000047683716,28900,0.0,0.0
2025-05-16 00:00:00-04:00,1.8700000047683716,1.8899999856948853,1.7599999904632568,1.850000023841858,43400,0.0,0.0
2025-05-19 00:00:00-04:00,1.7799999713897705,1.8700000047683716,1.7699999809265137,1.7999999523162842,40500,0.0,0.0
2025-05-20 00:00:00-04:00,1.7999999523162842,1.809999942779541,1.7599999904632568,1.7599999904632568,11300,0.0,0.0
2025-05-21 00:00:00-04:00,1.840000033378601,1.850000023841858,1.75,1.7999999523162842,37000,0.0,0.0
2025-05-22 00:00:00-04:00,1.75,1.7999999523162842,1.7000000476837158,1.7599999904632568,19900,0.0,0.0
2025-05-23 00:00:00-04:00,1.7300000190734863,1.7699999809265137,1.7000000476837158,1.7000000476837158,8800,0.0,0.0
2025-05-27 00:00:00-04:00,1.7000000476837158,1.7000000476837158,1.649999976158142,1.659999966621399,13900,0.0,0.0
2025-05-28 00:00:00-04:00,1.659999966621399,1.687000036239624,1.600000023841858,1.600000023841858,21100,0.0,0.0
2025-05-29 00:00:00-04:00,1.600000023841858,1.7000000476837158,1.559999942779541,1.6399999856948853,68400,0.0,0.0
2025-05-30 00:00:00-04:00,1.649999976158142,1.649999976158142,1.5099999904632568,1.600000023841858,19100,0.0,0.0
2025-06-02 00:00:00-04:00,1.600000023841858,1.600000023841858,1.5099999904632568,1.5099999904632568,13100,0.0,0.0
2025-06-03 00:00:00-04:00,1.5099999904632568,1.590000033378601,1.5,1.5,24100,0.0,0.0
2025-06-04 00:00:00-04:00,1.5299999713897705,1.600000023841858,1.5,1.600000023841858,33700,0.0,0.0
2025-06-05 00:00:00-04:00,1.5800000429153442,1.5800000429153442,1.5399999618530273,1.5399999618530273,5100,0.0,0.0
2025-06-06 00:00:00-04:00,1.5199999809265137,1.559999942779541,1.4500000476837158,1.4700000286102295,36300,0.0,0.0
2025-06-09 00:00:00-04:00,1.4299999475479126,1.600000023841858,1.4299999475479126,1.600000023841858,45800,0.0,0.0
2025-06-10 00:00:00-04:00,1.659999966621399,1.7410000562667847,1.559999942779541,1.559999942779541,988700,0.0,0.0
2025-06-11 00:00:00-04:00,1.9700000286102295,2.309999942779541,1.940000057220459,2.259999990463257,18374600,0.0,0.0
2025-06-12 00:00:00-04:00,2.180000066757202,2.5199999809265137,2.115000009536743,2.1600000858306885,738600,0.0,0.0
2025-06-13 00:00:00-04:00,2.1500000953674316,2.1500000953674316,1.7100000381469727,1.7699999809265137,223500,0.0,0.0
2025-06-16 00:00:00-04:00,1.659999966621399,1.8799999952316284,1.659999966621399,1.8600000143051147,116000,0.0,0.0
2025-06-17 00:00:00-04:00,1.7999999523162842,1.8600000143051147,1.6699999570846558,1.6699999570846558,112600,0.0,0.0
2025-06-18 00:00:00-04:00,1.6699999570846558,1.7799999713897705,1.6699999570846558,1.75,54800,0.0,0.0
2025-06-20 00:00:00-04:00,1.7100000381469727,2.0999999046325684,1.7000000476837158,2.0999999046325684,131200,0.0,0.0
2025-06-23 00:00:00-04:00,1.940000057220459,1.940000057220459,1.7999999523162842,1.7999999523162842,27000,0.0,0.0
2025-06-24 00:00:00-04:00,1.7899999618530273,1.809999942779541,1.7300000190734863,1.7899999618530273,17400,0.0,0.0
2025-06-25 00:00:00-04:00,1.7680000066757202,1.7899999618530273,1.7070000171661377,1.7239999771118164,45100,0.0,0.0
2025-06-26 00:00:00-04:00,1.7200000286102295,1.7699999809265137,1.690000057220459,1.7300000190734863,67600,0.0,0.0
2025-06-27 00:00:00-04:00,1.7400000095367432,1.75,1.7000000476837158,1.7400000095367432,58500,0.0,0.0
2025-06-30 00:00:00-04:00,1.7000000476837158,1.7999999523162842,1.7000000476837158,1.7699999809265137,43900,0.0,0.0
2025-07-01 00:00:00-04:00,1.7300000190734863,1.8350000381469727,1.7200000286102295,1.7450000047683716,36700,0.0,0.0
2025-07-02 00:00:00-04:00,1.8700000047683716,1.8700000047683716,1.690000057220459,1.7200000286102295,59800,0.0,0.0
2025-07-03 00:00:00-04:00,1.7200000286102295,1.7699999809265137,1.649999976158142,1.690000057220459,48500,0.0,0.0
2025-07-07 00:00:00-04:00,1.7200000286102295,1.7200000286102295,1.6100000143051147,1.6799999475479126,82000,0.0,0.0
2025-07-08 00:00:00-04:00,1.6399999856948853,1.75,1.5800000429153442,1.6100000143051147,50800,0.0,0.0
2025-07-09 00:00:00-04:00,1.6299999952316284,1.75,1.5800000429153442,1.690000057220459,93900,0.0,0.0
2025-07-10 00:00:00-04:00,1.6799999475479126,1.7200000286102295,1.6799999475479126,1.7200000286102295,15200,0.0,0.0
2025-07-11 00:00:00-04:00,1.690000057220459,1.7419999837875366,1.600000023841858,1.6399999856948853,19200,0.0,0.0
2025-07-14 00:00:00-04:00,1.7000000476837158,1.7200000286102295,1.649999976158142,1.6979999542236328,25500,0.0,0.0
2025-07-15 00:00:00-04:00,1.6380000114440918,1.7100000381469727,1.6380000114440918,1.690000057220459,9000,0.0,0.0
2025-07-16 00:00:00-04:00,1.7000000476837158,1.7000000476837158,1.649999976158142,1.7000000476837158,7000,0.0,0.0
2025-07-17 00:00:00-04:00,1.7000000476837158,1.7400000095367432,1.659999966621399,1.659999966621399,28700,0.0,0.0
2025-07-18 00:00:00-04:00,1.659999966621399,1.7100000381469727,1.6449999809265137,1.687999963760376,9600,0.0,0.0
2025-07-21 00:00:00-04:00,1.6699999570846558,1.6799999475479126,1.649999976158142,1.649999976158142,27100,0.0,0.0
2025-07-22 00:00:00-04:00,1.7000000476837158,1.75,1.649999976158142,1.7400000095367432,53400,0.0,0.0
2025-07-23 00:00:00-04:00,1.7400000095367432,1.7599999904632568,1.7100000381469727,1.7200000286102295,41000,0.0,0.0
2025-07-24 00:00:00-04:00,1.7389999628067017,1.7699999809265137,1.7200000286102295,1.7699999809265137,114700,0.0,0.0
2025-07-25 00:00:00-04:00,1.75,1.7999999523162842,1.75,1.7899999618530273,29100,0.0,0.0
2025-07-28 00:00:00-04:00,1.7999999523162842,1.809999942779541,1.7599999904632568,1.7999999523162842,39900,0.0,0.0
2025-07-29 00:00:00-04:00,1.7999999523162842,1.8250000476837158,1.7640000581741333,1.7799999713897705,23000,0.0,0.0
2025-07-30 00:00:00-04:00,1.690000057220459,1.7799999713897705,1.6699999570846558,1.7599999904632568,36300,0.0,0.0
2025-07-31 00:00:00-04:00,1.7599999904632568,1.7599999904632568,1.7200000286102295,1.7300000190734863,7700,0.0,0.0
2025-08-01 00:00:00-04:00,1.7300000190734863,1.784000039100647,1.7009999752044678,1.7200000286102295,12500,0.0,0.0
2025-08-04 00:00:00-04:00,1.7200000286102295,1.7200000286102295,1.6890000104904175,1.690000057220459,23300,0.0,0.0
2025-08-05 00:00:00-04:00,1.6699999570846558,1.7400000095367432,1.6699999570846558,1.7400000095367432,11900,0.0,0.0
2025-08-06 00:00:00-04:00,1.6799999475479126,1.7200000286102295,1.6799999475479126,1.7100000381469727,4100,0.0,0.0
2025-08-07 00:00:00-04:00,1.6799999475479126,1.7000000476837158,1.6799999475479126,1.6799999475479126,7600,0.0,0.0
2025-08-08 00:00:00-04:00,1.6699999570846558,1.7000000476837158,1.6699999570846558,1.690000057220459,35100,0.0,0.0
2025-08-11 00:00:00-04:00,1.690000057220459,1.7100000381469727,1.6699999570846558,1.6699999570846558,27900,0.0,0.0
2025-08-12 00:00:00-04:00,1.6699999570846558,1.7100000381469727,1.6699999570846558,1.7050000429153442,29500,0.0,0.0
2025-08-13 00:00:00-04:00,1.7100000381469727,1.7200000286102295,1.690000057220459,1.690000057220459,19900,0.0,0.0
2025-08-14 00:00:00-04:00,1.7000000476837158,1.7000000476837158,1.6699999570846558,1.6699999570846558,31900,0.0,0.0
2025-08-15 00:00:00-04:00,1.7300000190734863,1.7400000095367432,1.6699999570846558,1.6699999570846558,9100,0.0,0.0
2025-08-18 00:00:00-04:00,1.6699999570846558,1.7100000381469727,1.659999966621399,1.6799999475479126,37800,0.0,0.0
2025-08-19 00:00:00-04:00,1.6799999475479126,1.7100000381469727,1.6799999475479126,1.7000000476837158,9200,0.0,0.0
2025-08-20 00:00:00-04:00,1.7000000476837158,1.7050000429153442,1.5820000171661377,1.649999976158142,37100,0.0,0.0
2025-08-21 00:00:00-04:00,1.649999976158142,1.684999942779541,1.6490000486373901,1.6699999570846558,8500,0.0,0.0
2025-08-22 00:00:00-04:00,1.659999966621399,1.7200000286102295,1.649999976158142,1.7200000286102295,8200,0.0,0.0
2025-08-25 00:00:00-04:00,1.690000057220459,1.7200000286102295,1.690000057220459,1.690000057220459,4200,0.0,0.0
2025-08-26 00:00:00-04:00,1.6799999475479126,1.6829999685287476,1.6449999809265137,1.6749999523162842,27900,0.0,0.0
2025-08-27 00:00:00-04:00,1.6399999856948853,1.6699999570846558,1.6390000581741333,1.6699999570846558,5600,0.0,0.0
2025-08-28 00:00:00-04:00,1.6699999570846558,1.6799999475479126,1.659999966621399,1.6799999475479126,9300,0.0,0.0
2025-08-29 00:00:00-04:00,1.7000000476837158,1.7000000476837158,1.6619999408721924,1.6790000200271606,6800,0.0,0.0
2025-09-02 00:00:00-04:00,1.6799999475479126,1.6799999475479126,1.6390000581741333,1.6699999570846558,64500,0.0,0.0
2025-09-03 00:00:00-04:00,1.659999966621399,1.6699999570846558,1.659999966621399,1.659999966621399,13700,0.0,0.0
2025-09-04 00:00:00-04:00,1.659999966621399,1.659999966621399,1.6399999856948853,1.6399999856948853,15100,0.0,0.0
2025-09-05 00:00:00-04:00,1.6399999856948853,1.6399999856948853,1.6150000095367432,1.6299999952316284,16800,0.0,0.0
2025-09-08 00:00:00-04:00,1.6299999952316284,1.6299999952316284,1.6200000047683716,1.6200000047683716,5200,0.0,0.0
2025-09-09 00:00:00-04:00,1.6200000047683716,1.621999979019165,1.6200000047683716,1.6200000047683716,4000,0.0,0.0
2025-09-10 00:00:00-04:00,1.6200000047683716,1.649999976158142,1.6100000143051147,1.6200000047683716,10900,0.0,0.0
2025-09-11 00:00:00-04:00,1.6200000047683716,1.649999976158142,1.6109999418258667,1.6339999437332153,13200,0.0,0.0
2025-09-12 00:00:00-04:00,1.6399999856948853,1.649999976158142,1.6200000047683716,1.6200000047683716,4800,0.0,0.0
2025-09-15 00:00:00-04:00,1.621000051498413,1.6299999952316284,1.6200000047683716,1.621000051498413,8400,0.0,0.0
2025-09-16 00:00:00-04:00,1.6319999694824219,1.659999966621399,1.6319999694824219,1.6469999551773071,8700,0.0,0.0
2025-09-17 00:00:00-04:00,1.6399999856948853,1.649999976158142,1.6100000143051147,1.6100000143051147,4300,0.0,0.0
2025-09-18 00:00:00-04:00,1.5099999904632568,1.6399999856948853,1.5099999904632568,1.5820000171661377,22800,0.0,0.0
2025-09-19 00:00:00-04:00,1.590000033378601,1.6699999570846558,1.4800000190734863,1.4900000095367432,148100,0.0,0.0
2025-09-22 00:00:00-04:00,1.5,1.5199999809265137,1.4900000095367432,1.5099999904632568,27800,0.0,0.0
2025-09-23 00:00:00-04:00,1.5099999904632568,1.5199999809265137,1.409999966621399,1.5099999904632568,53700,0.0,0.0
2025-09-24 00:00:00-04:00,1.5099999904632568,1.5299999713897705,1.4700000286102295,1.527999997138977,19500,0.0,0.0
2025-09-25 00:00:00-04:00,1.5099999904632568,1.5099999904632568,1.4900000095367432,1.4950000047683716,10100,0.0,0.0
2025-09-26 00:00:00-04:00,1.5099999904632568,1.5099999904632568,1.4800000190734863,1.5099999904632568,10900,0.0,0.0
2025-09-29 00:00:00-04:00,1.472000002861023,1.4819999933242798,1.440000057220459,1.4500000476837158,4600,0.0,0.0
2025-09-30 00:00:00-04:00,1.4500000476837158,1.4800000190734863,1.440000057220459,1.4500000476837158,29800,0.0,0.0
2025-10-01 00:00:00-04:00,1.4479999542236328,1.4700000286102295,1.4479999542236328,1.4600000381469727,6300,0.0,0.0
2025-10-02 00:00:00-04:00,1.4600000381469727,1.4800000190734863,1.4500000476837158,1.475000023841858,13700,0.0,0.0
2025-10-03 00:00:00-04:00,1.4600000381469727,1.5,1.4600000381469727,1.5,21200,0.0,0.0
2025-10-06 00:00:00-04:00,1.468999981880188,1.5299999713897705,1.4500000476837158,1.5149999856948853,32600,0.0,0.0
2025-10-07 00:00:00-04:00,1.5299999713897705,1.5800000429153442,1.5299999713897705,1.5499999523162842,36400,0.0,0.0
2025-10-08 00:00:00-04:00,1.600000023841858,1.7000000476837158,1.590000033378601,1.7000000476837158,19300,0.0,0.0
2025-10-09 00:00:00-04:00,1.7000000476837158,1.7120000123977661,1.6799999475479126,1.684999942779541,17100,0.0,0.0
2025-10-10 00:00:00-04:00,1.7300000190734863,1.7699999809265137,1.690999984741211,1.690999984741211,29200,0.0,0.0
2025-10-13 00:00:00-04:00,1.7000000476837158,1.722000002861023,1.6100000143051147,1.6299999952316284,24000,0.0,0.0
2025-10-14 00:00:00-04:00,1.600000023841858,1.6100000143051147,1.5499999523162842,1.5759999752044678,24200,0.0,0.0
2025-10-15 00:00:00-04:00,1.559999942779541,1.593000054359436,1.5499999523162842,1.559999942779541,21600,0.0,0.0
2025-10-16 00:00:00-04:00,1.5499999523162842,1.5700000524520874,1.4299999475479126,1.4600000381469727,77000,0.0,0.0
2025-10-17 00:00:00-04:00,1.5499999523162842,1.565000057220459,1.4609999656677246,1.5269999504089355,17600,0.0,0.0
2025-10-20 00:00:00-04:00,1.524999976158142,1.524999976158142,1.4700000286102295,1.4900000095367432,29400,0.0,0.0
2025-10-21 00:00:00-04:00,1.5199999809265137,1.5499999523162842,1.5199999809265137,1.5199999809265137,18500,0.0,0.0
2025-10-22 00:00:00-04:00,1.5800000429153442,1.5800000429153442,1.5199999809265137,1.5199999809265137,19200,0.0,0.0
2025-10-23 00:00:00-04:00,1.5099999904632568,1.5549999475479126,1.5099999904632568,1.5549999475479126,5900,0.0,0.0
2025-10-24 00:00:00-04:00,1.5499999523162842,1.6699999570846558,1.5,1.5700000524520874,13300,0.0,0.0
2025-10-27 00:00:00-04:00,1.5700000524520874,1.600000023841858,1.5700000524520874,1.5800000429153442,17300,0.0,0.0
2025-10-28 00:00:00-04:00,1.5700000524520874,1.5700000524520874,1.5,1.5700000524520874,9100,0.0,0.0
2025-10-29 00:00:00-04:00,1.5499999523162842,1.5499999523162842,1.5,1.5199999809265137,17100,0.0,0.0
2025-10-30 00:00:00-04:00,1.5199999809265137,1.5199999809265137,1.50600004196167,1.5099999904632568,2900,0.0,0.0
2025-10-31 00:00:00-04:00,1.4900000095367432,1.5,1.4800000190734863,1.5,7600,0.0,0.0
2025-11-03 00:00:00-05:00,1.5,1.5,1.4700000286102295,1.5,22900,0.0,0.0
2025-11-04 00:00:00-05:00,1.4299999475479126,1.4620000123977661,1.4299999475479126,1.4600000381469727,14200,0.0,0.0
2025-11-05 00:00:00-05:00,1.4600000381469727,1.4800000190734863,1.4500000476837158,1.4700000286102295,2900,0.0,0.0
2025-11-06 00:00:00-05:00,1.5299999713897705,1.5299999713897705,1.4900000095367432,1.5099999904632568,12000,0.0,0.0
2025-11-07 00:00:00-05:00,1.4900000095367432,1.5,1.4700000286102295,1.5,7500,0.0,0.0
2025-11-10 00:00:00-05:00,1.4700000286102295,1.5099999904632568,1.4600000381469727,1.5099999904632568,6000,0.0,0.0
2025-11-11 00:00:00-05:00,1.475000023841858,1.4800000190734863,1.475000023841858,1.4800000190734863,3900,0.0,0.0
2025-11-12 00:00:00-05:00,1.4900000095367432,1.4900000095367432,1.4900000095367432,1.4900000095367432,1400,0.0,0.0
2025-11-13 00:00:00-05:00,1.4500000476837158,1.5,1.4500000476837158,1.475000023841858,3500,0.0,0.0
2025-11-14 00:00:00-05:00,1.4800000190734863,1.4800000190734863,1.440000057220459,1.4700000286102295,6200,0.0,0.0
2025-11-17 00:00:00-05:00,1.4600000381469727,1.4600000381469727,1.4429999589920044,1.4600000381469727,2800,0.0,0.0
2025-11-18 00:00:00-05:00,1.350000023841858,1.4800000190734863,1.3200000524520874,1.4800000190734863,15600,0.0,0.0
2025-11-19 00:00:00-05:00,1.4800000190734863,1.4800000190734863,1.465000033378601,1.465000033378601,2200,0.0,0.0
2025-11-20 00:00:00-05:00,1.4450000524520874,1.4450000524520874,1.4299999475479126,1.4299999475479126,2000,0.0,0.0
2025-11-21 00:00:00-05:00,1.4299999475479126,1.4299999475479126,1.3799999952316284,1.399999976158142,5000,0.0,0.0
2025-11-24 00:00:00-05:00,1.3700000047683716,1.3700000047683716,1.3300000429153442,1.3350000381469727,6800,0.0,0.0
2025-11-25 00:00:00-05:00,1.340000033378601,1.340000033378601,1.309999942779541,1.340000033378601,16000,0.0,0.0
2025-11-26 00:00:00-05:00,1.3300000429153442,1.3300000429153442,1.3209999799728394,1.3209999799728394,9500,0.0,0.0
2025-11-28 00:00:00-05:00,1.3899999856948853,1.409999966621399,1.3899999856948853,1.409999966621399,17500,0.0,0.0
2025-12-01 00:00:00-05:00,1.399999976158142,1.4199999570846558,1.350000023841858,1.4199999570846558,10100,0.0,0.0
2025-12-02 00:00:00-05:00,1.4199999570846558,1.4299999475479126,1.350000023841858,1.3899999856948853,8900,0.0,0.0
2025-12-03 00:00:00-05:00,1.3799999952316284,1.4950000047683716,1.3799999952316284,1.4950000047683716,25600,0.0,0.0
2025-12-04 00:00:00-05:00,1.4900000095367432,1.600000023841858,1.4900000095367432,1.600000023841858,6000,0.0,0.0
2025-12-05 00:00:00-05:00,1.559999942779541,1.565000057220459,1.559999942779541,1.559999942779541,2400,0.0,0.0
2025-12-08 00:00:00-05:00,1.559999942779541,1.559999942779541,1.5299999713897705,1.5399999618530273,1600,0.0,0.0
2025-12-09 00:00:00-05:00,1.5299999713897705,1.5299999713897705,1.5099999904632568,1.5199999809265137,3600,0.0,0.0
2025-12-10 00:00:00-05:00,1.5099999904632568,1.5299999713897705,1.5,1.5,1400,0.0,0.0
2025-12-11 00:00:00-05:00,1.5,1.5,1.4900000095367432,1.4900000095367432,6800,0.0,0.0
2025-12-12 00:00:00-05:00,1.4700000286102295,1.475000023841858,1.4160000085830688,1.4160000085830688,3600,0.0,0.0
2025-12-15 00:00:00-05:00,1.399999976158142,1.399999976158142,1.3799999952316284,1.3860000371932983,4000,0.0,0.0
2025-12-16 00:00:00-05:00,1.3799999952316284,1.3899999856948853,1.3799999952316284,1.3799999952316284,1400,0.0,0.0
2025-12-17 00:00:00-05:00,1.378999948501587,1.38100004196167,1.375,1.38100004196167,2000,0.0,0.0
2025-12-18 00:00:00-05:00,1.3799999952316284,1.3799999952316284,1.3700000047683716,1.3700000047683716,2300,0.0,0.0
2025-12-19 00:00:00-05:00,1.3700000047683716,1.3910000324249268,1.3700000047683716,1.3910000324249268,1500,0.0,0.0
2025-12-22 00:00:00-05:00,1.38100004196167,1.3949999809265137,1.3799999952316284,1.3799999952316284,6500,0.0,0.0
2025-12-23 00:00:00-05:00,1.3799999952316284,1.399999976158142,1.3799999952316284,1.399999976158142,5300,0.0,0.0
2025-12-24 00:00:00-05:00,1.399999976158142,1.399999976158142,1.3899999856948853,1.3980000019073486,900,0.0,0.0
2025-12-26 00:00:00-05:00,1.399999976158142,1.399999976158142,1.3799999952316284,1.3799999952316284,5000,0.0,0.0
2025-12-29 00:00:00-05:00,1.399999976158142,1.399999976158142,1.3700000047683716,1.378999948501587,3800,0.0,0.0
2025-12-30 00:00:00-05:00,1.3799999952316284,1.38100004196167,1.3700000047683716,1.3799999952316284,2500,0.0,0.0
2025-12-31 00:00:00-05:00,1.3799999952316284,1.399999976158142,1.3799999952316284,1.399999976158142,11700,0.0,0.0
2026-01-02 00:00:00-05:00,1.399999976158142,1.399999976158142,1.3799999952316284,1.3899999856948853,5000,0.0,0.0
2026-01-05 00:00:00-05:00,1.3799999952316284,1.3899999856948853,1.3799999952316284,1.3899999856948853,2100,0.0,0.0
2026-01-06 00:00:00-05:00,1.3899999856948853,1.3899999856948853,1.3700000047683716,1.3799999952316284,3800,0.0,0.0
2026-01-07 00:00:00-05:00,1.3799999952316284,1.3799999952316284,1.350000023841858,1.350000023841858,11700,0.0,0.0
2026-01-08 00:00:00-05:00,1.350000023841858,1.350000023841858,1.3300000429153442,1.3300000429153442,3000,0.0,0.0
2026-01-09 00:00:00-05:00,1.350000023841858,1.350000023841858,1.3300000429153442,1.350000023841858,5900,0.0,0.0
2026-01-12 00:00:00-05:00,1.350000023841858,1.350000023841858,1.3250000476837158,1.3300000429153442,4200,0.0,0.0
2026-01-13 00:00:00-05:00,1.350000023841858,1.350000023841858,1.3300000429153442,1.3309999704360962,22300,0.0,0.0
2026-01-14 00:00:00-05:00,1.3300000429153442,1.3600000143051147,1.3300000429153442,1.3600000143051147,25300,0.0,0.0
2026-01-15 00:00:00-05:00,1.3600000143051147,1.3600000143051147,1.340000033378601,1.350000023841858,3400,0.0,0.0
2026-01-16 00:00:00-05:00,1.350000023841858,1.3600000143051147,1.340000033378601,1.350000023841858,4400,0.0,0.0
2026-01-20 00:00:00-05:00,1.350000023841858,1.350000023841858,1.3320000171661377,1.340000033378601,9000,0.0,0.0
2026-01-21 00:00:00-05:00,1.340000033378601,1.340000033378601,1.3309999704360962,1.340000033378601,9600,0.0,0.0
2026-01-22 00:00:00-05:00,1.340000033378601,1.340000033378601,1.3300000429153442,1.3300000429153442,2800,0.0,0.0
2026-01-23 00:00:00-05:00,1.340000033378601,1.340000033378601,1.309999942779541,1.309999942779541,11800,0.0,0.0
2026-01-26 00:00:00-05:00,1.309999942779541,1.309999942779541,1.2200000286102295,1.25,14600,0.0,0.0
2026-01-27 00:00:00-05:00,1.2400000095367432,1.2999999523162842,1.2400000095367432,1.2400000095367432,8800,0.0,0.0
2026-01-28 00:00:00-05:00,1.2300000190734863,1.2300000190734863,1.1699999570846558,1.190000057220459,26100,0.0,0.0
2026-01-29 00:00:00-05:00,1.149999976158142,1.1799999475479126,1.149999976158142,1.1699999570846558,7900,0.0,0.0
2026-01-30 00:00:00-05:00,1.159999966621399,1.159999966621399,1.1399999856948853,1.1399999856948853,8700,0.0,0.0
2026-02-02 00:00:00-05:00,1.1299999952316284,1.1399999856948853,1.1299999952316284,1.1399999856948853,7200,0.0,0.0
2026-02-03 00:00:00-05:00,1.1510000228881836,1.159999966621399,1.1100000143051147,1.1200000047683716,19900,0.0,0.0
2026-02-04 00:00:00-05:00,1.1200000047683716,1.1200000047683716,1.1100000143051147,1.1130000352859497,6100,0.0,0.0
2026-02-05 00:00:00-05:00,1.1200000047683716,1.1200000047683716,1.100000023841858,1.1200000047683716,13600,0.0,0.0
2026-02-06 00:00:00-05:00,1.159999966621399,1.2699999809265137,1.159999966621399,1.25,11300,0.0,0.0
2026-02-09 00:00:00-05:00,1.25,1.25,1.2000000476837158,1.2200000286102295,26500,0.0,0.0
2026-02-10 00:00:00-05:00,1.2200000286102295,1.2200000286102295,1.190000057220459,1.190999984741211,9300,0.0,0.0
2026-02-11 00:00:00-05:00,1.190000057220459,1.2139999866485596,1.159999966621399,1.2139999866485596,11200,0.0,0.0
2026-02-12 00:00:00-05:00,1.1799999475479126,1.2000000476837158,1.1799999475479126,1.190000057220459,31200,0.0,0.0
2026-02-13 00:00:00-05:00,1.1799999475479126,1.180999994277954,1.1549999713897705,1.1549999713897705,9500,0.0,0.0
2026-02-17 00:00:00-05:00,1.1699999570846558,1.1699999570846558,1.149999976158142,1.149999976158142,3300,0.0,0.0
2026-02-18 00:00:00-05:00,1.149999976158142,1.149999976158142,1.1299999952316284,1.1299999952316284,9800,0.0,0.0
2026-02-19 00:00:00-05:00,1.2899999618530273,1.2899999618530273,1.1299999952316284,1.2899999618530273,13200,0.0,0.0
2026-02-20 00:00:00-05:00,1.100000023841858,1.149999976158142,1.0399999618530273,1.059999942779541,19100,0.0,0.0
2026-02-23 00:00:00-05:00,1.0700000524520874,1.1399999856948853,1.0700000524520874,1.1399999856948853,3600,0.0,0.0
2026-02-24 00:00:00-05:00,1.149999976158142,1.3799999952316284,1.149999976158142,1.1950000524520874,9200,0.0,0.0
2026-02-25 00:00:00-05:00,1.2599999904632568,1.2699999809265137,1.2200000286102295,1.2200000286102295,5400,0.0,0.0
2026-02-26 00:00:00-05:00,1.2740000486373901,1.2740000486373901,1.2400000095367432,1.2400000095367432,1700,0.0,0.0
2026-02-27 00:00:00-05:00,1.2300000190734863,1.2300000190734863,1.2259999513626099,1.2300000190734863,2400,0.0,0.0
2026-03-02 00:00:00-05:00,1.2200000286102295,1.2200000286102295,1.159999966621399,1.2100000381469727,16500,0.0,0.0
2026-03-03 00:00:00-05:00,1.190000057220459,1.2100000381469727,1.190000057220459,1.2000000476837158,21800,0.0,0.0
2026-03-04 00:00:00-05:00,1.2599999904632568,1.2799999713897705,1.2200000286102295,1.2799999713897705,23500,0.0,0.0
2026-03-05 00:00:00-05:00,1.2899999618530273,1.2899999618530273,1.25,1.2549999952316284,5700,0.0,0.0
2026-03-06 00:00:00-05:00,1.2400000095367432,1.2400000095367432,1.2400000095367432,1.2400000095367432,700,0.0,0.0
2026-03-09 00:00:00-04:00,1.2200000286102295,1.2200000286102295,1.2200000286102295,1.2200000286102295,800,0.0,0.0
2026-03-10 00:00:00-04:00,1.3049999475479126,1.3049999475479126,1.3049999475479126,1.3049999475479126,100,0.0,0.0
2026-03-11 00:00:00-04:00,1.2899999618530273,1.3200000524520874,1.284999966621399,1.3200000524520874,9500,0.0,0.0
2026-03-12 00:00:00-04:00,1.2999999523162842,1.309999942779541,1.2999999523162842,1.309999942779541,3100,0.0,0.0
2026-03-13 00:00:00-04:00,1.309999942779541,1.309999942779541,1.2999999523162842,1.3049999475479126,3100,0.0,0.0
2026-03-16 00:00:00-04:00,1.2999999523162842,1.340000033378601,1.2999999523162842,1.3049999475479126,5200,0.0,0.0
2026-03-17 00:00:00-04:00,1.2999999523162842,1.340000033378601,1.2999999523162842,1.340000033378601,13500,0.0,0.0
2026-03-18 00:00:00-04:00,1.3799999952316284,1.409999966621399,1.3799999952316284,1.399999976158142,7200,0.0,0.0
2026-03-19 00:00:00-04:00,1.4199999570846558,1.4700000286102295,1.4199999570846558,1.440000057220459,8700,0.0,0.0
2026-03-20 00:00:00-04:00,1.4500000476837158,1.4900000095367432,1.4500000476837158,1.4600000381469727,12100,0.0,0.0
2026-03-23 00:00:00-04:00,1.4950000047683716,1.5499999523162842,1.4950000047683716,1.5299999713897705,10300,0.0,0.0
2026-03-24 00:00:00-04:00,1.659999966621399,1.659999966621399,1.4500000476837158,1.4500000476837158,26000,0.0,0.0
2026-03-25 00:00:00-04:00,1.4700000286102295,1.5399999618530273,1.4700000286102295,1.4800000190734863,10500,0.0,0.0
2026-03-26 00:00:00-04:00,1.4800000190734863,1.4800000190734863,1.2899999618530273,1.2999999523162842,28500,0.0,0.0
2026-03-27 00:00:00-04:00,1.2999999523162842,1.2999999523162842,1.25,1.2799999713897705,18400,0.0,0.0
2026-03-30 00:00:00-04:00,1.3300000429153442,1.350000023841858,1.3300000429153442,1.3300000429153442,4400,0.0,0.0
2026-03-31 00:00:00-04:00,1.340000033378601,1.340000033378601,1.3300000429153442,1.3300000429153442,2000,0.0,0.0
2026-04-01 00:00:00-04:00,1.3300000429153442,1.3300000429153442,1.1150000095367432,1.3009999990463257,5000,0.0,0.0
2026-04-02 00:00:00-04:00,1.309999942779541,1.3179999589920044,1.2999999523162842,1.3049999475479126,12100,0.0,0.0
2026-04-06 00:00:00-04:00,1.2999999523162842,1.3300000429153442,1.2999999523162842,1.309999942779541,3300,0.0,0.0
2026-04-07 00:00:00-04:00,1.2999999523162842,1.4539999961853027,1.1799999475479126,1.3899999856948853,16300,0.0,0.0
2026-04-08 00:00:00-04:00,1.3580000400543213,1.3730000257492065,1.309999942779541,1.350000023841858,18700,0.0,0.0
2026-04-09 00:00:00-04:00,1.399999976158142,1.409999966621399,1.309999942779541,1.3600000143051147,8200,0.0,0.0
2026-04-10 00:00:00-04:00,1.3600000143051147,1.3600000143051147,1.3300000429153442,1.3300000429153442,2500,0.0,0.0
2026-04-13 00:00:00-04:00,1.3300000429153442,1.3300000429153442,1.2999999523162842,1.2999999523162842,18000,0.0,0.0
2026-04-14 00:00:00-04:00,1.2999999523162842,1.2999999523162842,1.25,1.2699999809265137,8900,0.0,0.0
2026-04-15 00:00:00-04:00,1.2699999809265137,1.2999999523162842,1.2450000047683716,1.25,10900,0.0,0.0
2026-04-16 00:00:00-04:00,1.25,1.25,1.2200000286102295,1.25,9600,0.0,0.0
2026-04-17 00:00:00-04:00,1.25,1.274999976158142,1.25,1.274999976158142,1300,0.0,0.0
2026-04-20 00:00:00-04:00,1.2699999809265137,1.2699999809265137,1.2200000286102295,1.24399995803833,8800,0.0,0.0
2026-04-21 00:00:00-04:00,1.2660000324249268,1.3450000286102295,1.190000057220459,1.2200000286102295,4647100,0.0,0.0
2026-04-22 00:00:00-04:00,1.4199999570846558,1.5,1.3450000286102295,1.409999966621399,5839900,0.0,0.0
2026-04-23 00:00:00-04:00,1.3799999952316284,1.5800000429153442,1.309999942779541,1.5700000524520874,332600,0.0,0.0
2026-04-24 00:00:00-04:00,1.5,1.5010000467300415,1.3849999904632568,1.3899999856948853,40300,0.0,0.0
2026-04-27 00:00:00-04:00,1.3600000143051147,1.3899999856948853,1.315000057220459,1.3300000429153442,10900,0.0,0.0
2026-04-28 00:00:00-04:00,1.3200000524520874,1.3700000047683716,1.25,1.2799999713897705,34200,0.0,0.0
2026-04-29 00:00:00-04:00,1.3009999990463257,1.3200000524520874,1.2799999713897705,1.2799999713897705,6500,0.0,0.0
2026-04-30 00:00:00-04:00,1.2799999713897705,1.2999999523162842,1.2300000190734863,1.2799999713897705,17800,0.0,0.0
2026-05-01 00:00:00-04:00,1.25,1.2899999618530273,1.2300000190734863,1.2799999713897705,6600,0.0,0.0
2026-05-04 00:00:00-04:00,1.2899999618530273,1.340000033378601,1.2899999618530273,1.2999999523162842,10700,0.0,0.0
2026-05-05 00:00:00-04:00,1.2999999523162842,1.2999999523162842,1.25,1.2599999904632568,20600,0.0,0.0
2026-05-06 00:00:00-04:00,1.2400000095367432,1.2999999523162842,1.2400000095367432,1.2799999713897705,12200,0.0,0.0
2026-05-07 00:00:00-04:00,1.2000000476837158,1.2799999713897705,1.2000000476837158,1.2400000095367432,4100,0.0,0.0
2026-05-08 00:00:00-04:00,1.2200000286102295,1.2599999904632568,1.2100000381469727,1.2200000286102295,7000,0.0,0.0
2026-05-11 00:00:00-04:00,1.2000000476837158,1.340000033378601,1.2000000476837158,1.340000033378601,7500,0.0,0.0
2026-05-12 00:00:00-04:00,1.340000033378601,1.340000033378601,1.2699999809265137,1.2699999809265137,3600,0.0,0.0
2026-05-13 00:00:00-04:00,1.2300000190734863,1.2899999618530273,1.2300000190734863,1.2899999618530273,3900,0.0,0.0
2026-05-14 00:00:00-04:00,1.2710000276565552,1.399999976158142,1.2699999809265137,1.2999999523162842,121700,0.0,0.0
2026-05-15 00:00:00-04:00,1.319000005722046,1.4900000095367432,1.2400000095367432,1.4199999570846558,226600,0.0,0.0
2026-05-18 00:00:00-04:00,1.350000023841858,1.4900000095367432,1.340000033378601,1.4299999475479126,96500,0.0,0.0
2026-05-19 00:00:00-04:00,1.3240000009536743,1.4500000476837158,1.3240000009536743,1.4199999570846558,15500,0.0,0.0
2026-05-20 00:00:00-04:00,1.4299999475479126,1.4700000286102295,1.3700000047683716,1.4199999570846558,6700,0.0,0.0
2026-05-21 00:00:00-04:00,1.2999999523162842,1.4600000381469727,1.2999999523162842,1.399999976158142,3900,0.0,0.0
2026-05-22 00:00:00-04:00,1.3899999856948853,1.4600000381469727,1.3860000371932983,1.3860000371932983,12300,0.0,0.0
2026-05-26 00:00:00-04:00,1.399999976158142,1.399999976158142,1.340000033378601,1.3799999952316284,8100,0.0,0.0
2026-05-27 00:00:00-04:00,1.350000023841858,1.350000023841858,1.350000023841858,1.350000023841858,2200,0.0,0.0
2026-05-28 00:00:00-04:00,1.350000023841858,1.350000023841858,1.309999942779541,1.309999942779541,800,0.0,0.0
2026-05-29 00:00:00-04:00,1.350000023841858,1.350000023841858,1.3300000429153442,1.340000033378601,11400,0.0,0.0
2026-06-01 00:00:00-04:00,1.25,1.340000033378601,1.25,1.2999999523162842,8000,0.0,0.0
2026-06-02 00:00:00-04:00,1.2999999523162842,1.3200000524520874,1.25,1.2999999523162842,1800,0.0,0.0
2026-06-03 00:00:00-04:00,1.2999999523162842,1.3200000524520874,1.2799999713897705,1.281000018119812,11000,0.0,0.0
2026-06-04 00:00:00-04:00,1.2799999713897705,1.2799999713897705,1.25600004196167,1.25600004196167,1800,0.0,0.0
2026-06-05 00:00:00-04:00,1.25600004196167,1.25600004196167,1.25600004196167,1.25600004196167,0,0.0,0.0
2026-06-08 00:00:00-04:00,1.2599999904632568,1.3300000429153442,1.2300000190734863,1.3300000429153442,3900,0.0,0.0
2026-06-09 00:00:00-04:00,1.25,1.350000023841858,1.25,1.350000023841858,1000,0.0,0.0
2026-06-10 00:00:00-04:00,1.3300000429153442,1.399999976158142,1.315000057220459,1.3700000047683716,9300,0.0,0.0
2026-06-11 00:00:00-04:00,1.3300000429153442,1.3799999952316284,1.2999999523162842,1.2999999523162842,2400,0.0,0.0
2026-06-12 00:00:00-04:00,1.2999999523162842,1.3839999437332153,1.2999999523162842,1.309999942779541,14100,0.0,0.0
2026-06-15 00:00:00-04:00,1.3300000429153442,1.3300000429153442,1.190000057220459,1.2799999713897705,8300,0.0,0.0
2026-06-16 00:00:00-04:00,1.190000057220459,1.2999999523162842,1.190000057220459,1.2869999408721924,12000,0.0,0.0
2026-06-17 00:00:00-04:00,1.2000000476837158,1.2799999713897705,1.190000057220459,1.190000057220459,12300,0.0,0.0
2026-06-18 00:00:00-04:00,1.190000057220459,1.2799999713897705,1.190000057220459,1.2000000476837158,23600,0.0,0.0
2026-06-22 00:00:00-04:00,1.2000000476837158,1.225000023841858,1.1200000047683716,1.1399999856948853,108400,0.0,0.0
2026-06-23 00:00:00-04:00,1.1200000047683716,1.1950000524520874,1.059999942779541,1.100000023841858,104100,0.0,0.0
2026-06-24 00:00:00-04:00,0.8999999761581421,1.059999942779541,0.8999999761581421,1.034999966621399,3900,0.0,0.0
2026-06-25 00:00:00-04:00,1.027999997138977,1.0499999523162842,0.8100000023841858,0.8529999852180481,33400,0.0,0.0
2026-06-26 00:00:00-04:00,0.8999999761581421,0.9900000095367432,0.8460000157356262,0.9399999976158142,43000,0.0,0.0
2026-06-29 00:00:00-04:00,0.8999999761581421,0.8999999761581421,0.8899999856948853,0.8999999761581421,10700,0.0,0.0
2026-06-30 00:00:00-04:00,0.9100000262260437,0.9700000286102295,0.8999999761581421,0.949999988079071,8400,0.0,0.0
2026-07-01 00:00:00-04:00,0.949999988079071,0.9900000095367432,0.9449999928474426,0.9649999737739563,11600,0.0,0.0
2026-07-02 00:00:00-04:00,0.949999988079071,0.9900000095367432,0.9409999847412109,0.949999988079071,17900,0.0,0.0
2026-07-06 00:00:00-04:00,0.949999988079071,1.0299999713897705,0.949999988079071,0.9700000286102295,8500,0.0,0.0
2026-07-07 00:00:00-04:00,0.949999988079071,0.9750000238418579,0.949999988079071,0.9670000076293945,11000,0.0,0.0
2026-07-08 00:00:00-04:00,0.949999988079071,1.0360000133514404,0.9100000262260437,0.9100000262260437,14400,0.0,0.0
2026-07-09 00:00:00-04:00,0.9100000262260437,0.9100000262260437,0.8799999952316284,0.8799999952316284,12100,0.0,0.0
2026-07-10 00:00:00-04:00,0.8799999952316284,0.8799999952316284,0.8600000143051147,0.8600000143051147,2400,0.0,0.0
2026-07-13 00:00:00-04:00,0.8859999775886536,0.8859999775886536,0.8600000143051147,0.8859999775886536,3100,0.0,0.0
2026-07-14 00:00:00-04:00,0.8899999856948853,0.8899999856948853,0.8100000023841858,0.8399999737739563,7400,0.0,0.0
2026-07-15 00:00:00-04:00,0.8569999933242798,0.8799999952316284,0.8569999933242798,0.8600000143051147,2200,0.0,0.0
2026-07-16 00:00:00-04:00,0.8600000143051147,1.0199999809265137,0.8500000238418579,0.8799999952316284,18400,0.0,0.0
2026-07-17 00:00:00-04:00,0.8299999833106995,0.8949999809265137,0.8299999833106995,0.8600000143051147,9400,0.0,0.0
2026-07-20 00:00:00-04:00,0.8849999904632568,0.9390000104904175,0.8790000081062317,0.8799999952316284,3900,0.0,0.0
2026-07-21 00:00:00-04:00,0.9210000038146973,0.9459999799728394,0.9110000133514404,0.9459999799728394,5200,0.0,0.0
2026-07-22 00:00:00-04:00,0.949999988079071,0.9900000095367432,0.8999999761581421,0.9100000262260437,6400,0.0,0.0
2026-07-23 00:00:00-04:00,0.9100000262260437,0.9100000262260437,0.8999999761581421,0.8999999761581421,2100,0.0,0.0
2026-07-24 00:00:00-04:00,0.8799999952316284,0.8989999890327454,0.8429999947547913,0.8650000095367432,44900,0.0,0.0
2026-07-27 00:00:00-04:00,0.8999999761581421,0.9100000262260437,0.8999999761581421,0.8999999761581421,11900,0.0,0.0
2026-07-28 00:00:00-04:00,0.8899999856948853,0.9100000262260437,0.8500000238418579,0.9100000262260437,21600,0.0,0.0
2026-07-29 00:00:00-04:00,0.8899999856948853,0.8899999856948853,0.8500000238418579,0.8899999856948853,23100,0.0,0.0
2026-07-30 00:00:00-04:00,0.9200000166893005,0.9200000166893005,0.8299999833106995,0.8999999761581421,4400,0.0,0.0
2026-07-31 00:00:00-04:00,0.8450000286102295,0.8450000286102295,0.8450000286102295,0.8450000286102295,600,0.0,0.0
2026-08-03 00:00:00-04:00,0.8529999852180481,1.0700000524520874,0.8519999980926514,0.9319999814033508,28800,0.0,0.0
2026-08-04 00:00:00-04:00,0.9800000190734863,1.1299999952316284,0.8999999761581421,1.1299999952316284,26400,0.0,0.0
2026-08-05 00:00:00-04:00,1.0499999523162842,1.1449999809265137,0.9800000190734863,1.059999942779541,22800,0.0,0.0
2026-08-06 00:00:00-04:00,0.9850000143051147,1.0,0.9399999976158142,0.9399999976158142,6600,0.0,0.0
2026-08-07 00:00:00-04:00,0.9179999828338623,0.9399999976158142,0.9100000262260437,0.9399999976158142,7300,0.0,0.0
2026-08-10 00:00:00-04:00,0.9900000095367432,1.100000023841858,0.9900000095367432,1.100000023841858,14400,0.0,0.0
2026-08-11 00:00:00-04:00,0.9900000095367432,1.159999966621399,0.9900000095367432,1.1399999856948853,7300,0.0,0.0
2026-08-12 00:00:00-04:00,1.0800000429153442,1.100000023841858,1.0069999694824219,1.0169999599456787,6500,0.0,0.0
2026-08-13 00:00:00-04:00,1.0199999809265137,1.0399999618530273,0.8399999737739563,0.8700000047683716,27500,0.0,0.0
2026-08-14 00:00:00-04:00,0.9160000085830688,0.9279999732971191,0.9100000262260437,0.9100000262260437,2900,0.0,0.0
2026-08-17 00:00:00-04:00,0.9900000095367432,0.9900000095367432,0.9900000095367432,0.9900000095367432,300,0.0,0.0
2026-08-18 00:00:00-04:00,0.9259999990463257,1.0,0.9259999990463257,1.0,8000,0.0,0.0
2026-08-19 00:00:00-04:00,1.0,1.0,0.8500000238418579,0.9959999918937683,4000,0.0,0.0
2026-08-20 00:00:00-04:00,0.8600000143051147,1.100000023841858,0.8600000143051147,1.065000057220459,15700,0.0,0.0
2026-08-21 00:00:00-04:00,0.9980000257492065,1.0399999618530273,0.9290000200271606,1.0399999618530273,10400,0.0,0.0
2026-08-24 00:00:00-04:00,1.0499999523162842,1.100000023841858,1.0,1.100000023841858,15400,0.0,0.0
2026-08-25 00:00:00-04:00,1.0499999523162842,1.100000023841858,1.0099999904632568,1.0700000524520874,13800,0.0,0.0
2026-08-26 00:00:00-04:00,1.090000033378601,1.090000033378601,1.0,1.0199999809265137,5100,0.0,0.0
2026-08-27 00:00:00-04:00,1.0,1.0099999904632568,1.0,1.0099999904632568,3400,0.0,0.0
2026-08-28 00:00:00-04:00,1.0199999809265137,1.100000023841858,1.0099999904632568,1.0199999809265137,10800,0.0,0.0
2026-08-31 00:00:00-04:00,1.0,1.0099999904632568,0.9900000095367432,0.996999979019165,3200,0.0,0.0
2026-09-01 00:00:00-04:00,1.0,1.0049999952316284,0.9919999837875366,0.9990000128746033,10600,0.0,0.0
2026-09-02 00:00:00-04:00,0.9990000128746033,1.0,0.9990000128746033,1.0,7400,0.0,0.0
2026-09-03 00:00:00-04:00,1.0,1.0,0.9670000076293945,0.9670000076293945,2400,0.0,0.0
2026-09-04 00:00:00-04:00,0.9900000095367432,0.9900000095367432,0.9599999785423279,0.9599999785423279,1510,0.0,0.0
