Date,Open,High,Low,Close,Volume,Dividends,Stock Splits
2022-01-03 00:00:00-05:00,225.58487816963455,228.51348458433404,222.76715704041294,225.03057861328125,68200,0.0,0.0
2022-01-04 00:00:00-05:00,224.37461396924635,227.24777739173933,221.6769836521218,222.49920654296875,65500,0.0,0.0
2022-01-05 00:00:00-05:00,221.3167149527243,222.72096589496635,214.8035928466845,214.9791259765625,63900,0.0,0.0
2022-01-06 00:00:00-05:00,214.212315075412,220.6792415303422,212.49395976780215,216.18934631347656,138300,0.0,0.0
2022-01-07 00:00:00-05:00,221.723158502781,232.3011980369954,218.4065529734038,222.6377716064453,225500,0.0,0.0
2022-01-10 00:00:00-05:00,219.9032203560434,234.42609104529123,218.61907405665178,233.79788208007812,160500,0.0,0.0
2022-01-11 00:00:00-05:00,232.13498002093291,234.44459692778443,227.31249879168428,228.02386474609375,121500,0.0,0.0
2022-01-12 00:00:00-05:00,229.32643106840905,231.28499539068514,225.4739925472576,229.0308074951172,89700,0.0,0.0
2022-01-13 00:00:00-05:00,230.10584358043212,231.21796983872852,224.1931087374355,225.48130798339844,66500,0.78,0.0
2022-01-14 00:00:00-05:00,224.99937988029797,236.61171190689777,224.99937988029797,236.10198974609375,82200,0.0,0.0
2022-01-18 00:00:00-05:00,234.35971896654874,234.60067213950978,213.78557897353178,214.7308807373047,172500,0.0,0.0
2022-01-19 00:00:00-05:00,214.73089586909043,220.43049445738896,212.62714076562753,217.71507263183594,123100,0.0,0.0
2022-01-20 00:00:00-05:00,217.9559782550784,217.9559782550784,210.60675908239025,211.8764190673828,100300,0.0,0.0
2022-01-21 00:00:00-05:00,209.781928240648,219.39244938247472,207.12212479436144,211.41302490234375,98700,0.0,0.0
2022-01-24 00:00:00-05:00,208.96641862199343,218.2247817117421,207.62261573469374,217.4185028076172,93100,0.0,0.0
2022-01-25 00:00:00-05:00,217.37215856604612,217.77993634996582,211.32040025600176,212.08961486816406,73900,0.0,0.0
2022-01-26 00:00:00-05:00,214.0265795943671,214.0265795943671,201.34845854081448,202.72007751464844,149500,0.0,0.0
2022-01-27 00:00:00-05:00,203.19269607802823,207.45580961120373,201.40405108280433,204.62918090820312,73900,0.0,0.0
2022-01-28 00:00:00-05:00,203.72098564443044,204.56432896293003,196.80732960755498,202.18255615234375,71000,0.0,0.0
2022-01-31 00:00:00-05:00,201.85814826034914,207.4280002226739,201.75620381444693,205.98223876953125,67400,0.0,0.0
2022-02-01 00:00:00-05:00,206.7607001089565,207.82647122797573,200.67186426443328,205.8988037109375,66900,0.0,0.0
2022-02-02 00:00:00-05:00,204.96280618524398,207.474324742729,202.59029635187287,203.47998046875,53100,0.0,0.0
2022-02-03 00:00:00-05:00,201.87669166181576,206.80706116467707,201.87669166181576,205.1574249267578,56000,0.0,0.0
2022-02-04 00:00:00-05:00,205.15740466185068,205.72273033751696,201.10745716940687,203.14633178710938,64200,0.0,0.0
2022-02-07 00:00:00-05:00,202.0434593058618,204.3696419062768,200.5699105306427,201.6264190673828,48200,0.0,0.0
2022-02-08 00:00:00-05:00,201.32060928060818,204.4345317745699,200.54213219243604,202.97024536132812,50000,0.0,0.0
2022-02-09 00:00:00-05:00,203.90629505949286,204.72183646682421,200.80163493891283,204.08238220214844,56900,0.0,0.0
2022-02-10 00:00:00-05:00,201.65425183109858,203.84141192766091,198.18816908252705,198.4661865234375,69400,0.0,0.0
2022-02-11 00:00:00-05:00,199.73583892133533,201.7283724499036,198.61445018106238,199.93972778320312,51900,0.0,0.0
2022-02-14 00:00:00-05:00,200.18071221088314,200.95918936446404,196.77023279065756,199.7173309326172,59900,0.0,0.0
2022-02-15 00:00:00-05:00,199.9953936234396,202.636658835459,197.46533541028688,199.52273559570312,62200,0.0,0.0
2022-02-16 00:00:00-05:00,199.98607573279062,199.98607573279062,193.8787141881768,195.76931762695312,64700,0.0,0.0
2022-02-17 00:00:00-05:00,194.2308939913076,198.32718270346362,193.46167938947679,197.69699096679688,97400,0.0,0.0
2022-02-18 00:00:00-05:00,196.64975028847596,199.81001401872294,196.3902579024244,199.531982421875,81000,0.0,0.0
2022-02-22 00:00:00-05:00,198.27155812874418,199.3188042082598,195.12983403146987,195.72296142578125,70400,0.0,0.0
2022-02-23 00:00:00-05:00,197.36334601642253,197.910132491406,192.40516104032594,193.39678955078125,87200,0.0,0.0
2022-02-24 00:00:00-05:00,191.2281618846992,192.35881321295702,183.63797510318614,191.79348754882812,129500,0.0,0.0
2022-02-25 00:00:00-05:00,193.1187693824254,197.70624081294432,191.72862566764556,197.15945434570312,42500,0.0,0.0
2022-02-28 00:00:00-05:00,196.26975966166836,199.58757108399104,194.10113882167298,196.3717041015625,60300,0.0,0.0
2022-03-01 00:00:00-05:00,196.01027579675244,197.74331720884936,191.83984439682152,194.62939453125,61700,0.0,0.0
2022-03-02 00:00:00-05:00,196.08444305037952,197.25215889772477,192.27544799582319,193.06320190429688,59800,0.0,0.0
2022-03-03 00:00:00-05:00,194.388417759911,197.67842718195655,190.23652607434494,193.42459106445312,70300,0.0,0.0
2022-03-04 00:00:00-05:00,193.11880980906355,193.71193735254806,189.99560999332888,192.1457061767578,40300,0.0,0.0
2022-03-07 00:00:00-05:00,191.28375632685777,193.22996305005785,188.32739610898113,190.67210388183594,60800,0.0,0.0
2022-03-08 00:00:00-05:00,190.78333038544554,190.78333038544554,183.6379852294922,183.6379852294922,68800,0.0,0.0
2022-03-09 00:00:00-05:00,186.10316120276497,189.47657588044828,184.70375502509702,186.84457397460938,54300,0.0,0.0
2022-03-10 00:00:00-05:00,184.07355225652194,184.33304460975785,176.09412704133578,180.03286743164062,80200,0.0,0.0
2022-03-11 00:00:00-05:00,181.66399915865992,181.66399915865992,173.28605778071613,176.0848846435547,94900,0.0,0.0
2022-03-14 00:00:00-04:00,176.47408279022503,181.08935527613778,174.49081195159815,174.86151123046875,87600,0.0,0.0
2022-03-15 00:00:00-04:00,175.76978009425827,177.63256763847153,171.1544926375874,174.7966766357422,111300,0.0,0.0
2022-03-16 00:00:00-04:00,176.96530517216453,179.8753389983508,174.33330293778445,179.25440979003906,75700,0.0,0.0
2022-03-17 00:00:00-04:00,177.36383579724927,177.9847650593947,172.93391157856513,173.33241271972656,89000,0.0,0.0
2022-03-18 00:00:00-04:00,173.57335660423192,175.66784907601377,171.886656069692,175.1581268310547,121400,0.0,0.0
2022-03-21 00:00:00-04:00,174.25917663672564,177.41016393033667,174.25917663672564,176.01075744628906,73700,0.0,0.0
2022-03-22 00:00:00-04:00,177.37308354373812,179.79193436031915,175.1951858988431,176.18682861328125,84200,0.0,0.0
2022-03-23 00:00:00-04:00,175.27864282797856,176.14052539469185,171.21015493516637,171.8959503173828,112500,0.0,0.0
2022-03-24 00:00:00-04:00,171.4510786328402,172.71147631708936,170.95063305791066,171.8310546875,82500,0.0,0.0
2022-03-25 00:00:00-04:00,170.63549341862117,173.34163800667815,170.0238409645819,171.65493774414062,65700,0.0,0.0
2022-03-28 00:00:00-04:00,170.83938228372506,173.8698993775216,168.77270603246916,171.65493774414062,75200,0.0,0.0
2022-03-29 00:00:00-04:00,173.82358882904785,177.51209997156369,173.35094499979192,174.6947479248047,113200,0.0,0.0
2022-03-30 00:00:00-04:00,174.32400486470647,174.32400486470647,170.9691155190637,171.23788452148438,69500,0.0,0.0
2022-03-31 00:00:00-04:00,171.82175707635218,171.88663723736337,169.050746328648,169.81068420410156,150700,0.0,0.0
2022-04-01 00:00:00-04:00,171.26571494015087,173.70309072914046,169.13415833561172,171.4603271484375,96900,0.0,0.0
2022-04-04 00:00:00-04:00,166.09435461983918,170.2369835833793,161.25665387236646,170.2277069091797,175300,0.0,0.0
2022-04-05 00:00:00-04:00,168.9765682394291,171.01544242753798,163.44379629554268,164.69493103027344,125400,0.0,0.0
2022-04-06 00:00:00-04:00,164.03696716243618,166.29826998931313,161.28448132790015,161.97955322265625,113600,0.0,0.0
2022-04-07 00:00:00-04:00,161.25669575463593,163.5365380202247,157.9574230926049,161.72933959960938,283000,0.0,0.0
2022-04-08 00:00:00-04:00,179.81050561836287,184.7038116139471,171.5437839115611,173.19342041015625,433400,0.0,0.0
2022-04-11 00:00:00-04:00,171.33985803605535,180.9967217306161,170.0794604519343,177.5213623046875,188000,0.0,0.0
2022-04-12 00:00:00-04:00,175.64001711600835,179.59728245232768,171.45104703431642,172.06271362304688,145100,0.0,0.0
2022-04-13 00:00:00-04:00,173.20741067599425,174.88262354355317,170.51776847786098,173.44007873535156,96200,0.78,0.0
2022-04-14 00:00:00-04:00,174.42663738159249,176.81847251118978,172.52807173941156,176.12046813964844,107200,0.0,0.0
2022-04-18 00:00:00-04:00,176.15768025743384,176.76261166975746,174.13812274438666,175.98085021972656,132200,0.0,0.0
2022-04-19 00:00:00-04:00,176.56717256504308,180.18748770889002,176.2972696108628,178.88455200195312,144300,0.0,0.0
2022-04-20 00:00:00-04:00,179.8989870637342,180.61560882505606,177.3675568687456,178.61465454101562,100500,0.0,0.0
2022-04-21 00:00:00-04:00,178.8752370293536,181.0623229058429,178.84731799271196,179.22889709472656,109300,0.0,0.0
2022-04-22 00:00:00-04:00,178.5774478539323,180.78313718415777,177.93528154236398,178.4192352294922,89800,0.0,0.0
2022-04-25 00:00:00-04:00,179.0334438626602,181.2577503159496,176.21350764533733,179.0706787109375,124900,0.0,0.0
2022-04-26 00:00:00-04:00,177.71189332945696,179.48948103558118,173.90544659191602,174.2125701904297,135600,0.0,0.0
2022-04-27 00:00:00-04:00,173.9519706616444,176.5671576676617,173.68206773023644,174.25909423828125,95900,0.0,0.0
2022-04-28 00:00:00-04:00,174.575529773478,176.55786652157119,173.11436729507807,174.4452362060547,62300,0.0,0.0
2022-04-29 00:00:00-04:00,173.99849602138022,174.26838473464196,170.5363939976535,171.22508239746094,71500,0.0,0.0
2022-05-02 00:00:00-04:00,170.6201629638672,172.42566958797156,167.51172073522,170.6201629638672,84300,0.0,0.0
2022-05-03 00:00:00-04:00,169.8756669559477,171.69047566881707,166.63693031444723,166.9347381591797,91100,0.0,0.0
2022-05-04 00:00:00-04:00,166.59036740965536,170.8063124432216,165.70623142839437,170.2386016845703,74100,0.0,0.0
2022-05-05 00:00:00-04:00,169.3637636486849,169.84771728515625,166.49729088025347,169.84771728515625,80400,0.0,0.0
2022-05-06 00:00:00-04:00,170.04317350294755,170.10831319146132,167.93054301654513,169.41030883789062,50700,0.0,0.0
2022-05-09 00:00:00-04:00,168.22835624024972,177.4141034856777,168.22835624024972,176.95806884765625,103700,0.0,0.0
2022-05-10 00:00:00-04:00,178.4006039726806,181.65795754329912,171.47639868184493,172.36053466796875,88300,0.0,0.0
2022-05-11 00:00:00-04:00,173.4680378680576,175.0129575475621,163.91002780381532,164.5428924560547,110300,0.0,0.0
2022-05-12 00:00:00-04:00,164.17993229588998,173.53319337155702,164.12409422036504,173.26329040527344,102000,0.0,0.0
2022-05-13 00:00:00-04:00,174.30564783803925,177.1535176423365,170.78770689259994,172.8258819580078,71700,0.0,0.0
2022-05-16 00:00:00-04:00,171.727668390957,171.727668390957,167.53964275760492,168.74020385742188,53900,0.0,0.0
2022-05-17 00:00:00-04:00,170.45266723632812,172.12788062115118,169.2614075406619,170.45266723632812,56100,0.0,0.0
2022-05-18 00:00:00-04:00,168.55406783462396,169.40098307108812,163.0631067165163,164.0868377685547,100300,0.0,0.0
2022-05-19 00:00:00-04:00,164.08686164035802,164.08686164035802,160.73644925407862,161.8067169189453,74200,0.0,0.0
2022-05-20 00:00:00-04:00,162.95143596464442,164.72902375348542,158.22361821156215,164.0496368408203,82100,0.0,0.0
2022-05-23 00:00:00-04:00,165.86444376231884,168.87051177395287,162.26274595579548,165.91098022460938,82600,0.0,0.0
2022-05-24 00:00:00-04:00,164.33814339132297,167.93053962655162,163.3423170505493,167.73509216308594,67200,0.0,0.0
2022-05-25 00:00:00-04:00,167.4931241353232,170.64810321371274,166.56245167325037,169.42892456054688,90300,0.0,0.0
2022-05-26 00:00:00-04:00,170.64808401120123,172.6025016420034,169.56850066845465,171.0296630859375,43200,0.0,0.0
2022-05-27 00:00:00-04:00,171.92311797451174,173.924072265625,171.92311797451174,173.924072265625,34900,0.0,0.0
2022-05-31 00:00:00-04:00,173.92407131764818,176.02738593405624,169.95009599548433,175.70164489746094,89800,0.0,0.0
2022-06-01 00:00:00-04:00,175.87845621912783,175.87845621912783,171.35538804314473,175.03155517578125,70100,0.0,0.0
2022-06-02 00:00:00-04:00,176.26936896812057,178.85663742825912,172.49084082277878,178.8473358154297,63300,0.0,0.0
2022-06-03 00:00:00-04:00,178.6332913939373,179.36851645951006,176.4089845690339,178.08419799804688,53000,0.0,0.0
2022-06-06 00:00:00-04:00,178.363400412306,181.38808640135485,176.12979182384476,178.25172424316406,45600,0.0,0.0
2022-06-07 00:00:00-04:00,177.1441870500262,179.5639410502037,175.56204675803366,179.42433166503906,37200,0.0,0.0
2022-06-08 00:00:00-04:00,179.15442556467758,180.60627214385764,177.7677186648541,178.94967651367188,49900,0.0,0.0
2022-06-09 00:00:00-04:00,179.54531316179055,180.1409429146851,174.74304029105326,174.76165771484375,55900,0.0,0.0
2022-06-10 00:00:00-04:00,172.8445004313385,174.9943516664689,171.38333776795014,173.5983428955078,50200,0.0,0.0
2022-06-13 00:00:00-04:00,171.48569314239282,172.69557011549585,169.8197957770191,170.29443359375,61800,0.0,0.0
2022-06-14 00:00:00-04:00,169.9594225654371,171.3926662958008,165.482889713297,166.31118774414062,89300,0.0,0.0
2022-06-15 00:00:00-04:00,167.28838691242504,171.26236258335217,164.72903746035735,169.59645080566406,124700,0.0,0.0
2022-06-16 00:00:00-04:00,168.4609930584761,169.2334527951927,166.63688324725726,167.3814239501953,77900,0.0,0.0
2022-06-17 00:00:00-04:00,169.06596164690498,170.9086891322341,168.051532078799,169.2986297607422,107600,0.0,0.0
2022-06-21 00:00:00-04:00,169.67088478320522,171.3647153857363,168.07944291473845,170.29443359375,95600,0.0,0.0
2022-06-22 00:00:00-04:00,168.55406812690467,180.27122948355373,168.55406812690467,179.5918426513672,105100,0.0,0.0
2022-06-23 00:00:00-04:00,179.46159071444904,191.00192473084465,179.46159071444904,190.76925659179688,146100,0.0,0.0
2022-06-24 00:00:00-04:00,190.62961935925946,193.57984900781466,188.65659851943994,191.16009521484375,190200,0.0,0.0
2022-06-27 00:00:00-04:00,192.54684617664833,192.81673497176652,186.05075565690825,187.7073516845703,93200,0.0,0.0
2022-06-28 00:00:00-04:00,188.40533572591787,188.8613561442962,183.2028800647559,183.6309814453125,65200,0.0,0.0
2022-06-29 00:00:00-04:00,183.24939293283674,186.69289223095768,183.16563582366533,186.2089385986328,63300,0.0,0.0
2022-06-30 00:00:00-04:00,184.61747671355712,188.68452469804816,184.61747671355712,187.4001922607422,125100,0.0,0.0
2022-07-01 00:00:00-04:00,186.44162124379446,189.8478859584395,184.96185539595095,185.92974853515625,99600,0.0,0.0
2022-07-05 00:00:00-04:00,184.93396975056257,187.46538631040846,182.89579436145965,184.1335906982422,151000,0.0,0.0
2022-07-06 00:00:00-04:00,183.7426302845318,190.08982235665835,183.2028528329224,188.15402221679688,78700,0.0,0.0
2022-07-07 00:00:00-04:00,188.43329469475825,192.26766151145867,186.80461753899345,190.64830017089844,189700,0.0,0.0
2022-07-08 00:00:00-04:00,167.71647906163517,171.29955927272636,161.64849105151197,162.21620178222656,797600,0.0,0.0
2022-07-11 00:00:00-04:00,161.76954465735096,164.1427488154944,154.57543405578969,155.33859252929688,295700,0.0,0.0
2022-07-12 00:00:00-04:00,155.38508582950473,161.87186004710847,152.63959061175947,156.73455810546875,150400,0.0,0.0
2022-07-13 00:00:00-04:00,155.7015221000019,160.28042939026068,155.28272228826498,158.3353271484375,114700,0.0,0.0
2022-07-14 00:00:00-04:00,155.54914444986127,158.83086009617747,152.96866241088395,153.959716796875,135400,0.78,0.0
2022-07-15 00:00:00-04:00,155.7080869351209,157.40037494091243,153.51094154363076,157.1759796142578,106700,0.0,0.0
2022-07-18 00:00:00-04:00,161.7852786629512,168.88162741969992,160.86902295317296,168.42349243164062,234500,0.0,0.0
2022-07-19 00:00:00-04:00,169.02189758604126,174.83734407575068,169.02189758604126,172.16336059570312,184500,0.0,0.0
2022-07-20 00:00:00-04:00,171.2845110153669,173.28532299754542,167.3576854939181,169.5454864501953,124300,0.0,0.0
2022-07-21 00:00:00-04:00,168.2926013085091,169.90073175120878,167.14260586080965,169.59219360351562,73600,0.0,0.0
2022-07-22 00:00:00-04:00,170.14381168758092,170.14381168758092,166.61902700868248,168.60113525390625,82500,0.0,0.0
2022-07-25 00:00:00-04:00,169.66701921024753,169.66701921024753,166.04873226764235,166.92758178710938,72300,0.0,0.0
2022-07-26 00:00:00-04:00,166.48815431483357,166.48815431483357,162.80441360901483,166.095458984375,83700,0.0,0.0
2022-07-27 00:00:00-04:00,166.09544732881844,166.88082366828067,163.29057055366468,164.4686279296875,91600,0.0,0.0
2022-07-28 00:00:00-04:00,163.61785597540094,165.5345251415246,163.04753030677574,165.31948852539062,69800,0.0,0.0
2022-07-29 00:00:00-04:00,163.9918238513128,166.22637557623065,162.97272183499558,165.8336944580078,78000,0.0,0.0
2022-08-01 00:00:00-04:00,166.03000398675712,169.1714664767897,165.41292768581448,168.89097595214844,68500,0.0,0.0
2022-08-02 00:00:00-04:00,169.423941776596,169.6296196499038,165.53450856581014,167.7410125732422,54000,0.0,0.0
2022-08-03 00:00:00-04:00,168.00279504581977,170.39628794643045,166.16092456429575,169.84466552734375,61400,0.0,0.0
2022-08-04 00:00:00-04:00,169.96622604344137,170.40565800707526,165.11379979765323,166.60972595214844,60100,0.0,0.0
2022-08-05 00:00:00-04:00,166.32920654784556,169.42393293608163,165.47840466878492,166.4320526123047,106600,0.0,0.0
2022-08-08 00:00:00-04:00,168.11495386310517,175.07105021014405,165.97390430594922,174.2389373779297,140700,0.0,0.0
2022-08-09 00:00:00-04:00,173.78080692478238,175.17390082765334,170.77023811253395,172.5840606689453,96100,0.0,0.0
2022-08-10 00:00:00-04:00,174.4820450975837,176.15562970712136,172.5934381776296,175.7722930908203,78700,0.0,0.0
2022-08-11 00:00:00-04:00,175.8284287930154,178.94184471045304,175.8284287930154,178.39956665039062,69200,0.0,0.0
2022-08-12 00:00:00-04:00,178.5958712688283,183.69139493971795,177.26823120752246,183.6352996826172,66700,0.0,0.0
2022-08-15 00:00:00-04:00,183.6353034403919,192.64830776846418,183.6353034403919,192.3865203857422,123600,0.0,0.0
2022-08-16 00:00:00-04:00,191.6666028290021,195.47189296228095,191.3206725501014,194.79872131347656,73000,0.0,0.0
2022-08-17 00:00:00-04:00,194.93894799003698,196.00480066019213,193.80764134321612,194.66781616210938,69100,0.0,0.0
2022-08-18 00:00:00-04:00,194.4714906722102,195.38774658560885,192.23693901831305,195.07920837402344,77300,0.0,0.0
2022-08-19 00:00:00-04:00,194.4714645500215,194.9576472059722,191.33934631347248,192.30235290527344,73100,0.0,0.0
2022-08-22 00:00:00-04:00,190.5914158207474,191.26458750550464,186.26255067750034,187.197509765625,71300,0.0,0.0
2022-08-23 00:00:00-04:00,186.37474624808516,188.1792247555123,185.963361955559,186.14100646972656,65900,0.0,0.0
2022-08-24 00:00:00-04:00,185.00968798077835,188.24463807035036,185.00968798077835,186.3092803955078,77300,0.0,0.0
2022-08-25 00:00:00-04:00,187.35643706671667,189.75928859108203,187.35643706671667,189.29180908203125,75100,0.0,0.0
2022-08-26 00:00:00-04:00,188.39425124232736,188.39425124232736,178.52108581715578,178.62393188476562,66000,0.0,0.0
2022-08-29 00:00:00-04:00,177.51129748002484,179.9982915801234,177.51129748002484,178.84828186035156,53900,0.0,0.0
2022-08-30 00:00:00-04:00,178.57715117580682,182.74707417678783,176.49219680848665,177.02511596679688,58700,0.0,0.0
2022-08-31 00:00:00-04:00,176.37067459928946,178.83896592032707,175.3422139378809,176.8568572998047,90100,0.0,0.0
2022-09-01 00:00:00-04:00,175.77229533988657,177.22148467069135,174.09872497527726,176.86619567871094,91100,0.0,0.0
2022-09-02 00:00:00-04:00,177.88527756239316,180.55926062288736,170.5084523131719,171.43406677246094,68800,0.0,0.0
2022-09-06 00:00:00-04:00,171.43410141859582,173.88368969925156,169.6670292874465,172.4999542236328,76400,0.0,0.0
2022-09-07 00:00:00-04:00,173.80887462541853,179.20359211927027,171.86417243482688,178.3153839111328,76200,0.0,0.0
2022-09-08 00:00:00-04:00,178.31534176550193,178.31534176550193,172.88323347226375,175.46371459960938,72600,0.0,0.0
2022-09-09 00:00:00-04:00,177.0345135641573,180.13857039750584,175.47311929273098,178.18450927734375,49200,0.0,0.0
2022-09-12 00:00:00-04:00,179.79263078646852,181.6064536524969,178.39953664579838,179.67108154296875,43800,0.0,0.0
2022-09-13 00:00:00-04:00,178.10971752929686,178.10971752929686,174.6503715381647,175.30484008789062,55200,0.0,0.0
2022-09-14 00:00:00-04:00,174.5007548881971,175.94994425540273,173.1637703070545,174.53814697265625,48500,0.0,0.0
2022-09-15 00:00:00-04:00,174.98690399058398,176.58567565504006,173.12633071980278,175.9405517578125,65400,0.0,0.0
2022-09-16 00:00:00-04:00,175.86576809166894,176.81941586154596,173.94909956647365,176.16494750976562,125800,0.0,0.0
2022-09-19 00:00:00-04:00,174.63161082980838,177.49258259490585,173.43486465704004,176.77267456054688,53500,0.0,0.0
2022-09-20 00:00:00-04:00,176.39870947914113,176.39870947914113,173.01416252843376,174.6316375732422,59400,0.0,0.0
2022-09-21 00:00:00-04:00,175.8284286179812,178.05363612665226,174.04265308398627,174.4353485107422,62900,0.0,0.0
2022-09-22 00:00:00-04:00,173.5751302455355,173.5751302455355,170.54587225784343,172.1352996826172,75900,0.0,0.0
2022-09-23 00:00:00-04:00,170.54586386996402,171.72390699986713,168.3019538515194,170.07838439941406,82200,0.0,0.0
2022-09-26 00:00:00-04:00,168.94709855644322,172.63083951949125,168.92839538074824,169.84466552734375,74400,0.0,0.0
2022-09-27 00:00:00-04:00,170.7515748173715,172.81782631602127,168.6853090523789,169.79791259765625,88400,0.0,0.0
2022-09-28 00:00:00-04:00,171.28450663585,173.1918312153836,169.7511742612955,172.02313232421875,121800,0.0,0.0
2022-09-29 00:00:00-04:00,171.45277581200241,171.45277581200241,165.31944741854093,167.5072479248047,72200,0.0,0.0
2022-09-30 00:00:00-04:00,167.2547918611123,169.171460399914,164.2816294992009,164.30967712402344,119300,0.0,0.0
2022-10-03 00:00:00-04:00,166.254419124175,167.03042255331272,164.30034393771288,166.33856201171875,88900,0.0,0.0
2022-10-04 00:00:00-04:00,167.54464577835077,171.71456909179688,167.54464577835077,171.71456909179688,77100,0.0,0.0
2022-10-05 00:00:00-04:00,170.47108215931976,174.2670135498047,170.1625439665402,174.2670135498047,86800,0.0,0.0
2022-10-06 00:00:00-04:00,172.32230189325762,174.1267802957473,165.89913772272567,166.0767822265625,99200,0.0,0.0
2022-10-07 00:00:00-04:00,165.02027497797084,165.17921630706493,162.0377532779071,165.0763702392578,92100,0.0,0.0
2022-10-10 00:00:00-04:00,164.56215217225528,164.95483329689085,161.9629669189453,161.9629669189453,105000,0.0,0.0
2022-10-11 00:00:00-04:00,162.43042219502445,168.36741751938183,161.76660929777404,167.44180297851562,97500,0.0,0.0
2022-10-12 00:00:00-04:00,168.65724942335885,168.84423836563792,165.00155639648438,165.00155639648438,66400,0.0,0.0
2022-10-13 00:00:00-04:00,163.52430275811625,164.8238950334653,159.4385370089339,161.48609924316406,170800,0.0,0.0
2022-10-14 00:00:00-04:00,163.20644811544756,163.20644811544756,157.94262414290182,158.0735321044922,81600,0.0,0.0
2022-10-17 00:00:00-04:00,159.00846452216024,163.72999548137756,158.99910580284637,162.23406982421875,113100,0.0,0.0
2022-10-18 00:00:00-04:00,163.81417428143706,166.30115440352404,162.5987247161914,164.24424743652344,121900,0.0,0.0
2022-10-19 00:00:00-04:00,164.37514352413464,164.37514352413464,159.09263075158552,160.4483184814453,187900,0.0,0.0
2022-10-20 00:00:00-04:00,150.27649499224742,151.81682849265863,141.9267578125,141.9267578125,575400,0.78,0.0
2022-10-21 00:00:00-04:00,141.35382923509965,145.99361834821272,139.9637756580948,142.3024444580078,252000,0.0,0.0
2022-10-24 00:00:00-04:00,142.63114945987567,143.70186869256102,136.3383253964975,139.36264038085938,186700,0.0,0.0
2022-10-25 00:00:00-04:00,140.06710882585924,146.82016201062925,140.06710882585924,146.26600646972656,140900,0.0,0.0
2022-10-26 00:00:00-04:00,145.7118216826913,149.64718903472294,143.98364571686483,148.5482940673828,196800,0.0,0.0
2022-10-27 00:00:00-04:00,148.39802146047305,150.74609142029064,146.5571283061241,147.15823364257812,90500,0.0,0.0
2022-10-28 00:00:00-04:00,148.7549370521867,154.5499721635486,148.68918421226817,153.24444580078125,92200,0.0,0.0
2022-10-31 00:00:00-04:00,152.32400347849594,152.45550916821605,149.28091366458864,150.42677307128906,113500,0.0,0.0
2022-11-01 00:00:00-04:00,152.53999633526462,152.85933036005622,144.76319099710548,146.697998046875,171500,0.0,0.0
2022-11-02 00:00:00-04:00,146.88585680232023,148.66099703371503,144.32176854174577,144.7350311279297,140000,0.0,0.0
2022-11-03 00:00:00-04:00,143.6267466044677,145.58972971995823,141.53227213988887,143.98365783691406,71700,0.0,0.0
2022-11-04 00:00:00-04:00,145.35489899967573,149.29966749166135,143.71125023850834,148.97093200683594,88500,0.0,0.0
2022-11-07 00:00:00-05:00,149.7786644194653,150.5394366749398,147.5057347720858,150.51126098632812,67700,0.0,0.0
2022-11-08 00:00:00-05:00,151.69470986894137,152.49305940547222,150.3046564348995,151.4505157470703,61600,0.0,0.0
2022-11-09 00:00:00-05:00,151.4316995813726,151.4316995813726,149.06485575963367,150.56761169433594,85100,0.0,0.0
2022-11-10 00:00:00-05:00,153.873720551158,159.60300258811975,153.81736916580962,158.49472045898438,116800,0.0,0.0
2022-11-11 00:00:00-05:00,158.8516202918298,160.50465624668195,156.65381610036303,159.67813110351562,103300,0.0,0.0
2022-11-14 00:00:00-05:00,158.5792728157661,162.39253670133925,156.4941852366081,159.5466766357422,62900,0.0,0.0
2022-11-15 00:00:00-05:00,162.10135436629793,166.67540439511995,161.28423060605365,163.93284606933594,86100,0.0,0.0
2022-11-16 00:00:00-05:00,163.8483129561403,165.3041191444473,158.94554191226945,163.24720764160156,90400,0.0,0.0
2022-11-17 00:00:00-05:00,161.62236183322054,163.50081790148465,159.46213448842036,161.72567749023438,90500,0.0,0.0
2022-11-18 00:00:00-05:00,164.7218258620388,164.7218258620388,160.74888075036526,163.76380920410156,92500,0.0,0.0
2022-11-21 00:00:00-05:00,164.03614992162963,166.91958650505447,162.11074415754902,165.22897338867188,79200,0.0,0.0
2022-11-22 00:00:00-05:00,166.74115219662224,166.74115219662224,163.34115129009163,164.12071228027344,67200,0.0,0.0
2022-11-23 00:00:00-05:00,163.21905268760707,166.85386072863614,162.38314027943946,163.50082397460938,101800,0.0,0.0
2022-11-25 00:00:00-05:00,162.6367424502125,165.85828797816063,162.12016412505773,164.67486572265625,46700,0.0,0.0
2022-11-28 00:00:00-05:00,163.19087274595645,164.4588363387339,160.61738274447066,161.50025939941406,73900,0.0,0.0
2022-11-29 00:00:00-05:00,161.54721552442402,162.45826782826055,157.89361918843906,158.31626892089844,111200,0.0,0.0
2022-11-30 00:00:00-05:00,157.4334120162165,160.51407908623233,154.06158652365096,157.32070922851562,175900,0.0,0.0
2022-12-01 00:00:00-05:00,157.51792775940353,161.05880685627505,154.39029692722744,160.62677001953125,93900,0.0,0.0
2022-12-02 00:00:00-05:00,158.80467511632833,162.90909697183744,158.01572702020212,162.49583435058594,73300,0.0,0.0
2022-12-05 00:00:00-05:00,160.3168149540282,162.14830652026433,155.81790521976848,162.01681518554688,74100,0.0,0.0
2022-12-06 00:00:00-05:00,161.54719525387475,161.54719525387475,156.33447765700313,157.18917846679688,57600,0.0,0.0
2022-12-07 00:00:00-05:00,156.98257490538745,160.80523992855854,155.65825992206655,156.710205078125,46200,0.0,0.0
2022-12-08 00:00:00-05:00,156.8510609683679,159.3775863392785,155.51735905595945,157.71514892578125,64000,0.0,0.0
2022-12-09 00:00:00-05:00,157.47097446859536,158.795289426408,155.9776053450104,156.17483520507812,64500,0.0,0.0
2022-12-12 00:00:00-05:00,156.27814387497492,159.06765213737336,155.12289746606174,158.32566833496094,59600,0.0,0.0
2022-12-13 00:00:00-05:00,161.41571171555623,162.27979968652048,155.70520421348382,156.40023803710938,87500,0.0,0.0
2022-12-14 00:00:00-05:00,156.40023006991078,159.66873906861866,155.01956394438724,155.55491638183594,87200,0.0,0.0
2022-12-15 00:00:00-05:00,154.1648851761821,154.20244799077582,150.46432451923124,150.57704162597656,94100,0.0,0.0
2022-12-16 00:00:00-05:00,148.8112890494767,151.78864013844608,147.9472009951071,150.6803436279297,186000,0.0,0.0
2022-12-19 00:00:00-05:00,150.53945412656242,151.18752370271912,149.78806890302596,150.01348876953125,100500,0.0,0.0
2022-12-20 00:00:00-05:00,149.7035491751225,151.4693023873775,149.19637236494387,150.58642578125,83600,0.0,0.0
2022-12-21 00:00:00-05:00,150.9808990150873,153.0941619873047,150.48310932815016,153.0941619873047,76000,0.0,0.0
2022-12-22 00:00:00-05:00,152.88753619198042,153.7046599846043,150.09802782163,151.384765625,128000,0.0,0.0
2022-12-23 00:00:00-05:00,150.59584407159628,152.54005329789675,150.57706982652437,151.07485961914062,62300,0.0,0.0
2022-12-27 00:00:00-05:00,151.0748152063565,153.86432324834948,150.04165877173665,151.12176513671875,63800,0.0,0.0
2022-12-28 00:00:00-05:00,151.19692668419663,152.5118545461985,150.27648721283316,150.44554138183594,70000,0.0,0.0
2022-12-29 00:00:00-05:00,150.99030432369753,153.46047881485046,150.74611017682614,152.7560577392578,102300,0.0,0.0
2022-12-30 00:00:00-05:00,150.99028455319922,152.00465248901045,150.27647644939796,151.41294860839844,69200,0.0,0.0
2023-01-03 00:00:00-05:00,152.56819888575566,153.53560258096635,150.61460292248574,153.14112854003906,122800,0.0,0.0
2023-01-04 00:00:00-05:00,153.61074578134443,154.44665814721318,150.99029157575114,151.384765625,85800,0.0,0.0
2023-01-05 00:00:00-05:00,151.38476101817517,153.39472268122583,150.06984756069346,152.70907592773438,88600,0.0,0.0
2023-01-06 00:00:00-05:00,153.9676413024478,155.71460598000587,150.94334028534573,151.3378143310547,91100,0.0,0.0
2023-01-09 00:00:00-05:00,151.73226793585116,157.68696929692098,150.70851297908442,152.7184600830078,271800,0.0,0.0
2023-01-10 00:00:00-05:00,152.15494493359236,156.62566531675176,148.96157527869033,154.30577087402344,249500,0.0,0.0
2023-01-11 00:00:00-05:00,155.85551365296365,163.29419850646886,155.85551365296365,159.1240234375,132600,0.0,0.0
2023-01-12 00:00:00-05:00,160.18112513193432,162.27646326809997,158.09520592875367,161.98387145996094,103500,0.83,0.0
2023-01-13 00:00:00-05:00,161.68185770400342,166.52380888694512,160.92677318986017,164.83432006835938,81300,0.0,0.0
2023-01-17 00:00:00-05:00,165.62715232729215,167.42991318432487,162.68233856437658,164.83432006835938,94500,0.0,0.0
2023-01-18 00:00:00-05:00,164.30575646293207,165.50445252510448,159.78469735700955,160.06785583496094,102300,0.0,0.0
2023-01-19 00:00:00-05:00,159.8885257333251,161.1438506427221,158.23678470549308,158.567138671875,112500,0.0,0.0
2023-01-20 00:00:00-05:00,160.0017880509865,166.7880859375,159.03905502066468,166.7880859375,107200,0.0,0.0
2023-01-23 00:00:00-05:00,167.18450380991857,169.04389334025865,163.86214084781335,164.96644592285156,93800,0.0,0.0
2023-01-24 00:00:00-05:00,164.3435162676506,165.7404276875264,162.43694547372522,164.12643432617188,57600,0.0,0.0
2023-01-25 00:00:00-05:00,162.5879437987879,164.6172342832399,161.64409177868154,163.6356201171875,109500,0.0,0.0
2023-01-26 00:00:00-05:00,164.286871571817,165.26848568562656,161.78566961246807,163.01268005371094,52200,0.0,0.0
2023-01-27 00:00:00-05:00,163.38078066660128,164.03202642379975,160.69079680941698,163.24864196777344,65700,0.0,0.0
2023-01-30 00:00:00-05:00,162.69175334954204,165.55162355906222,161.85172570387502,162.28590393066406,64800,0.0,0.0
2023-01-31 00:00:00-05:00,163.78664382080703,165.5422091963453,162.84279177808835,164.73992919921875,71700,0.0,0.0
2023-02-01 00:00:00-05:00,163.4751765208773,169.21379886551824,163.4751765208773,168.11892700195312,88900,0.0,0.0
2023-02-02 00:00:00-05:00,169.57243547864715,176.4342284087524,168.47756382030084,175.80184936523438,133800,0.0,0.0
2023-02-03 00:00:00-05:00,174.26341750418746,176.01898298297013,168.14724553821173,171.2714080810547,99800,0.0,0.0
2023-02-06 00:00:00-05:00,171.0259946590961,171.78107920634514,165.63660732716022,165.9763946533203,84900,0.0,0.0
2023-02-07 00:00:00-05:00,164.76825083179855,168.12836165315832,163.6639313161359,167.64698791503906,79100,0.0,0.0
2023-02-08 00:00:00-05:00,166.20289171376186,167.55260753431963,163.13537277853945,163.7960662841797,55400,0.0,0.0
2023-02-09 00:00:00-05:00,164.41901935101507,166.11795587101273,161.67240651052205,161.68185424804688,64700,0.0,0.0
2023-02-10 00:00:00-05:00,160.94562041041317,164.33404507259948,160.78516732523838,163.72998046875,40700,0.0,0.0
2023-02-13 00:00:00-05:00,164.68330963160014,168.9400918006791,164.40015112247107,168.61917114257812,58000,0.0,0.0
2023-02-14 00:00:00-05:00,167.77911721591616,168.7229691646147,165.4478017504678,167.7224884033203,82500,0.0,0.0
2023-02-15 00:00:00-05:00,166.58986894528962,168.3076864048991,165.6460169965911,167.7224884033203,53000,0.0,0.0
2023-02-16 00:00:00-05:00,165.8631107222422,167.17506444826722,163.87158239260316,165.17410278320312,56400,0.0,0.0
2023-02-17 00:00:00-05:00,165.9480523183584,167.8829372424174,165.17408682710487,165.9197235107422,60200,0.0,0.0
2023-02-21 00:00:00-05:00,165.05140501469162,165.6460364207521,161.3231922605584,163.61676025390625,74600,0.0,0.0
2023-02-22 00:00:00-05:00,164.11696031987842,166.58984749845612,162.7200492461762,165.13632202148438,70200,0.0,0.0
2023-02-23 00:00:00-05:00,165.41952010983067,166.58046860615326,161.88007460113147,164.64556884765625,67600,0.0,0.0
2023-02-24 00:00:00-05:00,162.89940820134635,164.02259435104486,161.39868702410263,162.8238983154297,55400,0.0,0.0
2023-02-27 00:00:00-05:00,163.73002389945324,165.38176506396445,162.17267370515867,163.55068969726562,53900,0.0,0.0
2023-02-28 00:00:00-05:00,162.58792521554787,164.6360821368367,161.77621199495087,163.69223022460938,56600,0.0,0.0
2023-03-01 00:00:00-05:00,163.9848698342524,164.98535076077948,158.92582197762852,161.91783142089844,113800,0.0,0.0
2023-03-02 00:00:00-05:00,160.6813630008821,162.88997313279634,160.23775142711668,161.99331665039062,61700,0.0,0.0
2023-03-03 00:00:00-05:00,162.23873114987498,163.35248407751038,160.34159368076564,163.2392120361328,57200,0.0,0.0
2023-03-06 00:00:00-05:00,163.3335960397362,164.06979946812365,158.66153138972692,160.14337158203125,107000,0.0,0.0
2023-03-07 00:00:00-05:00,160.14338025867934,161.79512139427854,158.28399051387018,161.511962890625,89400,0.0,0.0
2023-03-08 00:00:00-05:00,161.7385028202516,162.3425676120287,159.6620309986454,159.99237060546875,111900,0.0,0.0
2023-03-09 00:00:00-05:00,160.3415971902943,161.15331056140894,158.55771732147772,159.22784423828125,147200,0.0,0.0
2023-03-10 00:00:00-05:00,158.6048868204917,161.12498438318278,157.52889609569596,159.8224639892578,83600,0.0,0.0
2023-03-13 00:00:00-04:00,158.91638461538057,163.85274181410537,157.0569946957923,160.8607177734375,88900,0.0,0.0
2023-03-14 00:00:00-04:00,163.83382562076676,165.17409368125007,160.91732650882696,163.20144653320312,92900,0.0,0.0
2023-03-15 00:00:00-04:00,161.19101902051588,164.0697700653843,158.89746592049644,163.95651245117188,84600,0.0,0.0
2023-03-16 00:00:00-04:00,162.30479583725193,166.92023152923701,161.0211565444893,165.8347930908203,111700,0.0,0.0
2023-03-17 00:00:00-04:00,164.87204905727953,165.17408858939245,161.74790145742904,162.23870849609375,220000,0.0,0.0
2023-03-20 00:00:00-04:00,162.88056115136294,167.32609640465827,162.88056115136294,166.58045959472656,132800,0.0,0.0
2023-03-21 00:00:00-04:00,167.2694563841759,168.85512086714454,162.18209456492653,164.23968505859375,118700,0.0,0.0
2023-03-22 00:00:00-04:00,163.74888735263892,165.90086874323234,160.45483871429974,160.81350708007812,98700,0.0,0.0
2023-03-23 00:00:00-04:00,160.72855299659273,163.48461354902796,159.60538119855775,160.66249084472656,89500,0.0,0.0
2023-03-24 00:00:00-04:00,160.44541930515078,164.07924115021206,158.68985387076003,163.56011962890625,77900,0.0,0.0
2023-03-27 00:00:00-04:00,164.70218324520255,165.27793357360258,163.03156107885496,163.05987548828125,70300,0.0,0.0
2023-03-28 00:00:00-04:00,162.1065886577458,163.62619102561175,161.77623468132478,162.83335876464844,64900,0.0,0.0
2023-03-29 00:00:00-04:00,164.0226037273594,164.90982693505052,162.5785112814924,162.84278869628906,62000,0.0,0.0
2023-03-30 00:00:00-04:00,163.031550156361,165.58939538547122,163.031550156361,165.51388549804688,60500,0.0,0.0
2023-03-31 00:00:00-04:00,166.7408875629672,170.98822130280163,166.44829576521573,168.05284118652344,124800,0.0,0.0
2023-04-03 00:00:00-04:00,167.60924932204273,168.1094897580354,164.5511634851861,167.01461791992188,186800,0.0,0.0
2023-04-04 00:00:00-04:00,167.165618624046,168.78904512227925,166.28782882577397,166.56155395507812,75200,0.0,0.0
2023-04-05 00:00:00-04:00,166.96742408159088,169.08165788614983,166.30673051830357,168.63804626464844,84400,0.0,0.0
2023-04-06 00:00:00-04:00,169.05333163781083,169.8933593384583,167.20337538811734,168.58140563964844,162100,0.0,0.0
2023-04-10 00:00:00-04:00,160.44542110115142,163.512940377158,154.62185546540837,162.67291259765625,415400,0.0,0.0
2023-04-11 00:00:00-04:00,163.49408212436094,166.75980272890808,161.54030112286654,164.18309020996094,157900,0.0,0.0
2023-04-12 00:00:00-04:00,165.0797391361535,167.3355452513455,163.25811135701693,167.13734436035156,99800,0.0,0.0
2023-04-13 00:00:00-04:00,167.85802581847096,170.26670800108167,166.70110246522245,170.10549926757812,112700,0.83,0.0
2023-04-14 00:00:00-04:00,169.48908056560313,171.46153961751094,167.43127827569396,171.2624053955078,135100,0.0,0.0
2023-04-17 00:00:00-04:00,173.0167416232679,179.74016220436403,172.93139838731113,176.77200317382812,192500,0.0,0.0
2023-04-18 00:00:00-04:00,176.33584226734138,178.24192869274594,174.38235256298606,177.91001892089844,121500,0.0,0.0
2023-04-19 00:00:00-04:00,177.7297874588808,180.32812594300154,175.9659548029164,179.74966430664062,86600,0.0,0.0
2023-04-20 00:00:00-04:00,179.52207326686005,180.25226588848184,178.2134189914607,179.6358642578125,101300,0.0,0.0
2023-04-21 00:00:00-04:00,181.05830782526027,189.37487512272236,181.05830782526027,187.09896850585938,135500,0.0,0.0
2023-04-24 00:00:00-04:00,186.11272934090962,187.5446668048746,184.49114987610872,186.5394744873047,79100,0.0,0.0
2023-04-25 00:00:00-04:00,185.43943884987135,187.21274920411085,185.0696036832155,186.9093017578125,86400,0.0,0.0
2023-04-26 00:00:00-04:00,186.6722471235935,187.28863430932492,181.0867790639985,181.64627075195312,131900,0.0,0.0
2023-04-27 00:00:00-04:00,182.28162149653653,185.09806429602887,181.21004142666874,182.6609344482422,61900,0.0,0.0
2023-04-28 00:00:00-04:00,182.81266091455794,184.45321037158072,180.4608888382068,180.5557098388672,108100,0.0,0.0
2023-05-01 00:00:00-04:00,179.93932621810313,182.08247187721602,177.54013635945066,177.6728973388672,108300,0.0,0.0
2023-05-02 00:00:00-04:00,176.7245907766084,178.52634889387903,172.00207680292198,172.23915100097656,127000,0.0,0.0
2023-05-03 00:00:00-04:00,172.84606407698521,175.9469842357585,172.84606407698521,174.42971801757812,166600,0.0,0.0
2023-05-04 00:00:00-04:00,174.4865968952445,179.79706432782623,174.4865968952445,179.59791564941406,82800,0.0,0.0
2023-05-05 00:00:00-04:00,180.11949325936084,180.11949325936084,174.73316000815663,174.95127868652344,106500,0.0,0.0
2023-05-08 00:00:00-04:00,174.89436789507346,176.61079721866315,173.91762337090864,175.03662109375,59000,0.0,0.0
2023-05-09 00:00:00-04:00,174.10732632646477,180.01521229099774,173.73749109365787,179.6927947998047,92700,0.0,0.0
2023-05-10 00:00:00-04:00,181.1531485138611,189.00504537898905,180.06261290976184,188.625732421875,184400,0.0,0.0
2023-05-11 00:00:00-04:00,188.7869443369301,188.8248698453366,182.43335814398438,184.43426513671875,84900,0.0,0.0
2023-05-12 00:00:00-04:00,184.6808197169645,185.192893671905,182.1962864902809,182.5376739501953,117900,0.0,0.0
2023-05-15 00:00:00-04:00,182.60403121205496,183.2868060720722,179.74017079753045,180.08155822753906,51200,0.0,0.0
2023-05-16 00:00:00-04:00,179.0100198361822,180.39452528418215,178.70655786574414,179.6927947998047,42000,0.0,0.0
2023-05-17 00:00:00-04:00,179.66431874992952,181.4565991296711,177.14184577996411,181.15313720703125,60900,0.0,0.0
2023-05-18 00:00:00-04:00,179.85398888253874,182.84111825245952,179.17121397458052,182.0635223388672,55200,0.0,0.0
2023-05-19 00:00:00-04:00,183.79891929614573,183.79891929614573,181.24799822014242,182.49026489257812,57400,0.0,0.0
2023-05-22 00:00:00-04:00,181.83593511643255,183.25838050195875,181.30489115434747,182.83164978027344,77700,0.0,0.0
2023-05-23 00:00:00-04:00,182.6040519189385,182.6040519189385,177.9574028162148,179.3988037109375,89900,0.0,0.0
2023-05-24 00:00:00-04:00,178.77290240641352,181.07725649950964,178.7539324203785,180.745361328125,42300,0.0,0.0
2023-05-25 00:00:00-04:00,180.36606007317894,181.59884888648514,179.58846417146572,180.11001586914062,68300,0.0,0.0
2023-05-26 00:00:00-04:00,179.36085242959066,181.99711632097777,179.05740498425183,180.60311889648438,53000,0.0,0.0
2023-05-30 00:00:00-04:00,180.59363276357354,183.9221490986052,178.80135251088575,181.71261596679688,61000,0.0,0.0
2023-05-31 00:00:00-04:00,181.71261285910617,183.8462804791421,179.11428910697256,179.84446716308594,62200,0.0,0.0
2023-06-01 00:00:00-04:00,179.84450559125452,182.61354533885057,179.3798493598717,182.1773223876953,80700,0.0,0.0
2023-06-02 00:00:00-04:00,182.17727749093766,188.52138465511953,181.59881593189027,187.3360137939453,106000,0.0,0.0
2023-06-05 00:00:00-04:00,185.99892299775337,185.99892299775337,176.86682071244684,178.099609375,91300,0.0,0.0
2023-06-06 00:00:00-04:00,177.85306300006746,180.25225268261948,177.82461525441352,179.21861267089844,80600,0.0,0.0
2023-06-07 00:00:00-04:00,179.4461796886431,182.42383073456065,178.7918526533856,180.68844604492188,107900,0.0,0.0
2023-06-08 00:00:00-04:00,180.90657850276062,182.80317203896863,178.96256723417537,182.09194946289062,70900,0.0,0.0
2023-06-09 00:00:00-04:00,181.14366359546145,181.14366359546145,179.90139706966704,181.048828125,42300,0.0,0.0
2023-06-12 00:00:00-04:00,181.39969049684458,185.2782354485213,181.24797400427312,184.83253479003906,74900,0.0,0.0
2023-06-13 00:00:00-04:00,184.71874290528294,186.45412793222442,184.04546022354438,185.00323486328125,49700,0.0,0.0
2023-06-14 00:00:00-04:00,185.66703843919376,189.9533443576677,185.65756067961195,188.53089904785156,83100,0.0,0.0
2023-06-15 00:00:00-04:00,189.20419726220206,192.48529635890299,188.3602136190766,192.21029663085938,112600,0.0,0.0
2023-06-16 00:00:00-04:00,193.1775526311581,193.68014879093283,188.34123303462033,190.71197509765625,223100,0.0,0.0
2023-06-20 00:00:00-04:00,190.70250634975383,191.16716255535394,183.93166727657757,184.60494995117188,91300,0.0,0.0
2023-06-21 00:00:00-04:00,184.35837196401116,185.03165454361576,181.40916853552915,181.71261596679688,107700,0.0,0.0
2023-06-22 00:00:00-04:00,181.63675787064614,183.32473944198918,179.17119493818836,179.21861267089844,94000,0.0,0.0
2023-06-23 00:00:00-04:00,178.2134269127686,180.37555712599922,174.20213513492214,174.6004180908203,113300,0.0,0.0
2023-06-26 00:00:00-04:00,174.60040675087856,177.86255014335075,173.0926182722214,175.48233032226562,73200,0.0,0.0
2023-06-27 00:00:00-04:00,175.5107733777839,178.20393281544293,174.53402883194374,176.32630920410156,56700,0.0,0.0
2023-06-28 00:00:00-04:00,176.35475049151225,176.35475049151225,174.221082770905,175.3780059814453,62200,0.0,0.0
2023-06-29 00:00:00-04:00,175.38749048950942,178.57376832036385,174.74265561022096,176.89527893066406,57300,0.0,0.0
2023-06-30 00:00:00-04:00,178.71604545512383,180.90660904408549,176.66772061744692,178.89620971679688,85700,0.0,0.0
2023-07-03 00:00:00-04:00,178.89617294488733,179.50308227539062,177.7582197589261,179.50308227539062,26700,0.0,0.0
2023-07-05 00:00:00-04:00,179.14277355783938,180.053130492468,175.88062985738452,176.62030029296875,83900,0.0,0.0
2023-07-06 00:00:00-04:00,175.4633376673369,177.6539007344519,173.41501331762186,175.52023315429688,69300,0.0,0.0
2023-07-07 00:00:00-04:00,176.0039007734642,181.33332442876917,175.5771556159829,180.04364013671875,159600,0.0,0.0
2023-07-10 00:00:00-04:00,179.65482562298772,186.69118613308552,179.65482562298772,183.77992248535156,275700,0.0,0.0
2023-07-11 00:00:00-04:00,198.19403274576067,222.55578004294122,197.14142271075667,217.7574005126953,1077200,0.0,0.0
2023-07-12 00:00:00-04:00,219.60659016416088,221.37042291531765,210.0477560098139,211.2141571044922,379400,0.0,0.0
2023-07-13 00:00:00-04:00,212.8608328752836,214.23149026618606,209.90059808698237,212.07080078125,170600,0.83,0.0
2023-07-14 00:00:00-04:00,212.28972807679162,215.53551902030688,210.91907063882715,213.7460479736328,120800,0.0,0.0
2023-07-17 00:00:00-04:00,213.7460154277061,215.154740013789,211.29025697927526,213.7269744873047,89400,0.0,0.0
2023-07-18 00:00:00-04:00,213.0321675008423,213.8507537841797,210.99522226425637,213.8507537841797,59600,0.0,0.0
2023-07-19 00:00:00-04:00,214.07918689855163,214.62173029777335,211.0332897236678,211.86138916015625,60600,0.0,0.0
2023-07-20 00:00:00-04:00,211.33786217316012,211.39497047311295,201.99076429865966,206.25502014160156,164900,0.0,0.0
2023-07-21 00:00:00-04:00,206.94038275290453,208.71081296192565,203.81833596856399,208.04452514648438,170400,0.0,0.0
2023-07-24 00:00:00-04:00,207.9398308221832,212.45156174383283,207.9398308221832,211.66152954101562,76300,0.0,0.0
2023-07-25 00:00:00-04:00,211.69006107863794,216.58253776299114,211.12847670709175,215.7353973388672,96300,0.0,0.0
2023-07-26 00:00:00-04:00,214.71694164381913,218.68612883341245,213.3748383031983,215.35467529296875,175200,0.0,0.0
2023-07-27 00:00:00-04:00,216.4588135940698,217.96272862119727,215.39273860487472,216.50640869140625,121000,0.0,0.0
2023-07-28 00:00:00-04:00,217.29640134684797,218.8764654434238,216.725303816363,217.68666076660156,107800,0.0,0.0
2023-07-31 00:00:00-04:00,217.24884785845984,219.8378643198578,216.83954744614368,218.4481658935547,108100,0.0,0.0
2023-08-01 00:00:00-04:00,218.06743670719146,219.72363574777228,216.6586973205097,219.67604064941406,110900,0.0,0.0
2023-08-02 00:00:00-04:00,218.5338005168047,221.2656019236124,217.2868875427485,218.87646484375,94600,0.0,0.0
2023-08-03 00:00:00-04:00,218.06740691497149,220.142419299242,214.8406572133152,216.0875701904297,77600,0.0,0.0
2023-08-04 00:00:00-04:00,215.36417483308747,216.77291412661216,213.33675739775742,214.0982208251953,45300,0.0,0.0
2023-08-07 00:00:00-04:00,214.2505138415645,215.7734697054638,213.47000949120417,214.27906799316406,79800,0.0,0.0
2023-08-08 00:00:00-04:00,213.97448889901165,213.97448889901165,210.07192351390088,211.9185028076172,61800,0.0,0.0
2023-08-09 00:00:00-04:00,211.32834650600378,212.96551886419107,210.4812061772659,211.252197265625,57800,0.0,0.0
2023-08-10 00:00:00-04:00,211.48066402863617,215.19286383538724,209.4532464621953,210.40509033203125,75700,0.0,0.0
2023-08-11 00:00:00-04:00,209.40561901979524,211.899444925902,208.46328850557242,211.18556213378906,49800,0.0,0.0
2023-08-14 00:00:00-04:00,210.93808681693977,211.11893944710266,208.33955753486995,210.92857360839844,54600,0.0,0.0
2023-08-15 00:00:00-04:00,210.62398189784568,212.44200692935425,209.1771753444582,212.023193359375,55600,0.0,0.0
2023-08-16 00:00:00-04:00,212.58481270129502,212.58481270129502,208.34911025983803,208.4728546142578,216500,0.0,0.0
2023-08-17 00:00:00-04:00,208.38717892207006,208.9868452292391,204.10388135425788,204.81776428222656,90300,0.0,0.0
2023-08-18 00:00:00-04:00,203.24718406325647,205.71245576006618,203.24718406325647,204.27517700195312,89000,0.0,0.0
2023-08-21 00:00:00-04:00,203.99915553698986,209.33898492847715,203.99915553698986,206.34068298339844,106700,0.0,0.0
2023-08-22 00:00:00-04:00,206.48347029707207,210.7477410141628,206.06467122170028,209.1486358642578,69000,0.0,0.0
2023-08-23 00:00:00-04:00,210.19570668452818,211.61395943552466,208.0921251098006,211.45213317871094,56700,0.0,0.0
2023-08-24 00:00:00-04:00,211.08089879262982,212.5467465373204,206.7880880168638,207.36871337890625,71200,0.0,0.0
2023-08-25 00:00:00-04:00,207.3401599573918,210.509801909857,207.3401599573918,209.29144287109375,66600,0.0,0.0
2023-08-28 00:00:00-04:00,209.29143983116964,210.37654128818178,208.1111481752677,208.38717651367188,57900,0.0,0.0
2023-08-29 00:00:00-04:00,207.89222630496226,208.37766145743564,206.51205557719737,206.76904296875,67600,0.0,0.0
2023-08-30 00:00:00-04:00,205.76008321256515,207.94932697130812,205.56971734745372,206.3692626953125,173900,0.0,0.0
2023-08-31 00:00:00-04:00,206.3978080259058,207.49243712047695,204.37990379881248,204.52267456054688,72900,0.0,0.0
2023-09-01 00:00:00-04:00,205.16042768724415,206.78808714578057,200.53446575517543,200.64869689941406,79800,0.0,0.0
2023-09-05 00:00:00-04:00,199.3922586558515,200.64869959143644,192.14872590323492,193.72879028320312,118600,0.0,0.0
2023-09-06 00:00:00-04:00,194.23323134074334,195.12796678054997,193.18621194070084,193.60501098632812,47200,0.0,0.0
2023-09-07 00:00:00-04:00,193.08155210153294,196.70807524662436,191.85366526602232,195.8990020751953,61400,0.0,0.0
2023-09-08 00:00:00-04:00,196.2987222345204,196.87934747262827,192.61509176225204,193.35752868652344,53700,0.0,0.0
2023-09-11 00:00:00-04:00,193.67166096653867,196.9364782596838,191.79652750101204,194.3855438232422,96700,0.0,0.0
2023-09-12 00:00:00-04:00,194.34749460374547,194.34749460374547,191.9107763671334,192.65321350097656,53800,0.0,0.0
2023-09-13 00:00:00-04:00,191.78700868241674,193.6431011507645,191.17782924347227,192.01544189453125,65000,0.0,0.0
2023-09-14 00:00:00-04:00,192.20579917093022,194.56638210001114,191.2920373152716,194.3188934326172,49800,0.0,0.0
2023-09-15 00:00:00-04:00,194.87096584979582,195.908486570087,192.32954479348908,195.7657012939453,240100,0.0,0.0
2023-09-18 00:00:00-04:00,195.76569526462094,198.468927931446,194.55684967897008,197.1363525390625,69800,0.0,0.0
2023-09-19 00:00:00-04:00,196.7270828717532,197.4600067138672,194.36651415536798,197.4600067138672,79100,0.0,0.0
2023-09-20 00:00:00-04:00,198.32619379345536,198.4975187223948,195.98465143005325,197.04119873046875,53100,0.0,0.0
2023-09-21 00:00:00-04:00,193.51938154316431,194.38556298041834,192.22487325447224,192.9102020263672,55000,0.0,0.0
2023-09-22 00:00:00-04:00,193.22431306471896,195.78477549764082,191.42532866197234,191.72039794921875,39500,0.0,0.0
2023-09-25 00:00:00-04:00,191.09216256063277,192.77693021066676,188.68399882662183,191.2444610595703,110200,0.0,0.0
2023-09-26 00:00:00-04:00,191.16827959766962,191.16827959766962,188.99807718744012,189.4739990234375,66800,0.0,0.0
2023-09-27 00:00:00-04:00,189.9975424069871,192.64366702171463,189.41691710525285,190.8637237548828,127100,0.0,0.0
2023-09-28 00:00:00-04:00,192.0249960709622,195.01378537423452,192.0249960709622,193.72879028320312,114200,0.0,0.0
2023-09-29 00:00:00-04:00,194.72821076545898,196.07982724925049,191.7870168424764,193.45274353027344,102500,0.0,0.0
2023-10-02 00:00:00-04:00,192.31051547184876,193.2242919128268,189.68343180551048,191.57760620117188,77000,0.0,0.0
2023-10-03 00:00:00-04:00,191.6347050646495,191.6347050646495,188.95049870225003,189.88331604003906,70600,0.0,0.0
2023-10-04 00:00:00-04:00,190.73998522926104,193.30044746541697,189.24559796301912,191.56808471679688,81800,0.0,0.0
2023-10-05 00:00:00-04:00,191.51096229227485,193.5003122720352,189.77861419534915,192.4532928466797,59100,0.0,0.0
2023-10-06 00:00:00-04:00,191.5585572735288,194.0238291335539,189.06473126253687,193.4907989501953,62100,0.0,0.0
2023-10-09 00:00:00-04:00,192.71982297451223,194.2903594970703,191.19686702465006,194.2903594970703,44100,0.0,0.0
2023-10-10 00:00:00-04:00,193.9572355397998,198.47849406410242,192.4913878005941,196.17503356933594,100800,0.0,0.0
2023-10-11 00:00:00-04:00,195.77519545360778,197.7645597253445,189.59773944489612,191.9011993408203,99400,0.0,0.0
2023-10-12 00:00:00-04:00,191.6442427890296,191.6442427890296,188.33183016240946,190.06417846679688,90600,0.0,0.0
2023-10-13 00:00:00-04:00,190.14033537544935,191.9678739507521,188.6269070352122,191.4158172607422,48300,0.0,0.0
2023-10-16 00:00:00-04:00,193.11009994017712,195.51826390587078,192.65320439940783,193.83349609375,41000,0.0,0.0
2023-10-17 00:00:00-04:00,193.3575232035888,197.73600991014382,191.92975769370977,195.61338806152344,113800,0.0,0.0
2023-10-18 00:00:00-04:00,194.46169448006768,197.96447275083142,194.46169448006768,196.9555206298828,90000,0.0,0.0
2023-10-19 00:00:00-04:00,199.50717960012827,199.57408400793508,194.33697670485805,195.1684112548828,215600,0.83,0.0
2023-10-20 00:00:00-04:00,197.4333648422908,201.78169936223523,185.48739889875014,194.40386962890625,335500,0.0,0.0
2023-10-23 00:00:00-04:00,194.09806094652052,202.7278255981161,194.09806094652052,201.07449340820312,232900,0.0,0.0
2023-10-24 00:00:00-04:00,203.4350244743278,205.6139675762542,199.79389625354239,201.97283935546875,112100,0.0,0.0
2023-10-25 00:00:00-04:00,201.48544036032493,202.98584608967082,199.1153648164498,200.64443969726562,133000,0.0,0.0
2023-10-26 00:00:00-04:00,201.02672184182651,202.55579674156306,199.650544224329,201.88682556152344,79100,0.0,0.0
2023-10-27 00:00:00-04:00,200.95981632264738,202.05883935646537,198.7330865208671,201.06494140625,71700,0.0,0.0
2023-10-30 00:00:00-04:00,201.60010842483885,204.02753675128676,201.00759320959313,203.35855102539062,79500,0.0,0.0
2023-10-31 00:00:00-04:00,202.79471134931777,208.12739220196363,201.54277647380442,202.03016662597656,128100,0.0,0.0
2023-11-01 00:00:00-04:00,201.65745792610818,203.25343723636715,199.4498457389687,202.89984130859375,75600,0.0,0.0
2023-11-02 00:00:00-04:00,205.35597038456393,209.61828354703766,205.35597038456393,209.58006286621094,96400,0.0,0.0
2023-11-03 00:00:00-04:00,210.90840335508915,211.56782295551596,209.3028580780747,209.92405700683594,66500,0.0,0.0
2023-11-06 00:00:00-05:00,210.23943576499178,212.94400403317758,209.42710429929946,211.185546875,61400,0.0,0.0
2023-11-07 00:00:00-05:00,210.6503848706949,213.55565197584733,210.6503848706949,212.18902587890625,50800,0.0,0.0
2023-11-08 00:00:00-05:00,211.27155843366734,212.50437556353944,207.08568777333065,208.02224731445312,63000,0.0,0.0
2023-11-09 00:00:00-05:00,209.1499888536682,209.532253951489,206.36896433221386,206.4645233154297,48100,0.0,0.0
2023-11-10 00:00:00-05:00,206.47404664662082,209.32196040808108,205.824178615983,208.71987915039062,53700,0.0,0.0
2023-11-13 00:00:00-05:00,207.68780183116607,209.46534764418396,206.90413943050007,208.25164794921875,75400,0.0,0.0
2023-11-14 00:00:00-05:00,211.95963981190295,215.40963508785623,211.69205136245034,214.36795043945312,103600,0.0,0.0
2023-11-15 00:00:00-05:00,213.20202353869735,215.64855484312955,210.69815393532954,214.16726684570312,75100,0.0,0.0
2023-11-16 00:00:00-05:00,213.54608868346816,214.32975106507595,211.7876459601977,212.42794799804688,59400,0.0,0.0
2023-11-17 00:00:00-05:00,213.08735782998016,213.09690935279858,210.13431862407515,211.29067993164062,91500,0.0,0.0
2023-11-20 00:00:00-05:00,210.78417915572666,214.81713845563672,210.14387712616457,214.4062042236328,80300,0.0,0.0
2023-11-21 00:00:00-05:00,214.20547239841514,222.98814759991657,214.20547239841514,221.83177185058594,331100,0.0,0.0
2023-11-22 00:00:00-05:00,223.0550825946518,228.48333740234375,223.0550825946518,228.48333740234375,115400,0.0,0.0
2023-11-24 00:00:00-05:00,228.51198690571835,232.83165214132487,228.40686182534483,232.4589385986328,59100,0.0,0.0
2023-11-27 00:00:00-05:00,232.42069184228112,234.86722313812456,230.75782284907828,231.30255126953125,147900,0.0,0.0
2023-11-28 00:00:00-05:00,229.81172051876004,233.52930461662658,229.3529994998078,231.00631713867188,75600,0.0,0.0
2023-11-29 00:00:00-05:00,232.1818041959948,232.8603415159688,227.93859452145446,228.89427185058594,172800,0.0,0.0
2023-11-30 00:00:00-05:00,228.96117991410898,231.40771158250004,227.6996788199504,231.15924072265625,246600,0.0,0.0
2023-12-01 00:00:00-05:00,230.80561527132937,232.56407255399895,229.24787121677446,230.15576171875,76900,0.0,0.0
2023-12-04 00:00:00-05:00,228.9993821462225,232.54495122453932,228.9993821462225,232.3251495361328,82600,0.0,0.0
2023-12-05 00:00:00-05:00,231.04457140290145,231.04457140290145,226.1228384463467,227.00205993652344,68800,0.0,0.0
2023-12-06 00:00:00-05:00,226.476386729628,229.08539607667277,224.23055398021197,224.3547821044922,100300,0.0,0.0
2023-12-07 00:00:00-05:00,224.35482389088003,226.5337672226651,223.2844698563133,226.5242156982422,70000,0.0,0.0
2023-12-08 00:00:00-05:00,226.65797738287674,228.97071463665316,224.8517479178521,228.9229278564453,63400,0.0,0.0
2023-12-11 00:00:00-05:00,229.6301553895001,230.58583275156144,227.17407215189166,227.98638916015625,57500,0.0,0.0
2023-12-12 00:00:00-05:00,228.31128894185926,229.13317195925788,226.69620664041,227.8334503173828,68000,0.0,0.0
2023-12-13 00:00:00-05:00,228.29221097258184,231.75175832740587,226.7057830652673,229.98374938964844,149400,0.0,0.0
2023-12-14 00:00:00-05:00,232.3729477723615,232.4303006641132,227.19317815256537,228.42601013183594,137800,0.0,0.0
2023-12-15 00:00:00-05:00,228.83690300709137,228.83690300709137,221.96558159437706,224.8612823486328,303700,0.0,0.0
2023-12-18 00:00:00-05:00,225.77876822697712,229.28610226287017,223.2748982996997,227.67100524902344,76000,0.0,0.0
2023-12-19 00:00:00-05:00,228.1870553444816,231.4841388578215,226.63884832221353,230.9871826171875,260400,0.0,0.0
2023-12-20 00:00:00-05:00,229.9646216412526,231.101879903469,225.07154419862798,225.6162872314453,91000,0.0,0.0
2023-12-21 00:00:00-05:00,227.24095883190193,227.93859921343437,224.99511122922203,227.13583374023438,139000,0.0,0.0
2023-12-22 00:00:00-05:00,228.67445464924364,230.12708817416325,226.88734283128505,229.29563903808594,62100,0.0,0.0
2023-12-26 00:00:00-05:00,230.29913710215743,233.6726771770892,230.14623979995696,232.37295532226562,84100,0.0,0.0
2023-12-27 00:00:00-05:00,231.63705023302919,232.74562473025122,225.03331711500934,230.97763061523438,202900,0.0,0.0
2023-12-28 00:00:00-05:00,231.10186179649415,232.03842134627217,228.00546249526855,230.42332458496094,511800,0.0,0.0
2023-12-29 00:00:00-05:00,231.05411126493038,231.6561780644198,227.59454942760465,228.47378540039062,131700,0.0,0.0
2024-01-02 00:00:00-05:00,226.55284894149307,233.86378873059573,226.55284894149307,230.69093322753906,196000,0.0,0.0
2024-01-03 00:00:00-05:00,230.67181331166233,230.79605602063356,223.01684378402393,224.00119018554688,141800,0.0,0.0
2024-01-04 00:00:00-05:00,224.58415107491567,226.8586675692161,222.68234812037664,223.76226806640625,117700,0.0,0.0
2024-01-05 00:00:00-05:00,222.61549081300112,226.59111220614207,221.33488662599729,222.17587280273438,209100,0.0,0.0
2024-01-08 00:00:00-05:00,221.89869269180127,227.58496914837838,221.89869269180127,227.28871154785156,210700,0.0,0.0
2024-01-09 00:00:00-05:00,225.95078848755918,229.34344599094914,224.46950026349006,226.12281799316406,333500,0.0,0.0
2024-01-10 00:00:00-05:00,245.5135070986629,266.4237323292626,241.6525769939577,260.5080871582031,650100,0.0,0.0
2024-01-11 00:00:00-05:00,259.5237393352725,261.4541970866252,253.96169014791377,256.8573913574219,239600,0.0,0.0
2024-01-12 00:00:00-05:00,258.6349648477569,261.32998196341475,254.93649818465283,260.8712463378906,140900,0.0,0.0
2024-01-16 00:00:00-05:00,260.5462968659443,264.13008660202735,259.8104067078971,263.59490966796875,143400,0.0,0.0
2024-01-17 00:00:00-05:00,263.03106270885144,265.9936388822075,259.95378076575906,262.37164306640625,179800,0.0,0.0
2024-01-18 00:00:00-05:00,263.63720366609095,263.63720366609095,255.61243799294962,255.8233642578125,138500,0.88,0.0
2024-01-19 00:00:00-05:00,258.1339370659339,258.1339370659339,252.77452607491523,253.14845275878906,135000,0.0,0.0
2024-01-22 00:00:00-05:00,254.0497199636694,255.79462365035266,251.97881535680187,254.48114013671875,136600,0.0,0.0
2024-01-23 00:00:00-05:00,255.97676045480483,258.5078755601578,253.3306292413562,255.67955017089844,113200,0.0,0.0
2024-01-24 00:00:00-05:00,256.39863788265507,256.39863788265507,245.06621463783918,246.0633087158203,162900,0.0,0.0
2024-01-25 00:00:00-05:00,247.84656110268966,247.84656110268966,244.30876998817058,245.90029907226562,90300,0.0,0.0
2024-01-26 00:00:00-05:00,247.40555362358043,249.0162766924263,246.9453721114043,248.07669067382812,79700,0.0,0.0
2024-01-29 00:00:00-05:00,247.53015976721952,254.51945805144007,247.53015976721952,254.29893493652344,95800,0.0,0.0
2024-01-30 00:00:00-05:00,253.85792164602472,258.4886730565026,252.33351206968754,257.79840087890625,139800,0.0,0.0
2024-01-31 00:00:00-05:00,258.08599735416607,258.3160880649361,248.2971649169922,248.2971649169922,93900,0.0,0.0
2024-02-01 00:00:00-05:00,249.17923224414645,252.3622907109476,248.3163627042583,250.37767028808594,112100,0.0,0.0
2024-02-02 00:00:00-05:00,247.8561738508988,257.5299630848404,247.47267949471933,254.83587646484375,140600,0.0,0.0
2024-02-05 00:00:00-05:00,252.9087812577635,253.4936049692442,249.1121085316701,250.86663818359375,83100,0.0,0.0
2024-02-06 00:00:00-05:00,252.01711603608263,256.66706132665496,252.01711603608263,252.7841339111328,94900,0.0,0.0
2024-02-07 00:00:00-05:00,252.92790188379942,256.4560957924718,249.98453158521897,254.9316864013672,62600,0.0,0.0
2024-02-08 00:00:00-05:00,256.0822820733939,258.52708431360674,254.1455872041514,254.7783660888672,71500,0.0,0.0
2024-02-09 00:00:00-05:00,254.53861359680485,258.92010958995684,254.53861359680485,258.1435241699219,77100,0.0,0.0
2024-02-12 00:00:00-05:00,258.3257075816696,262.14154466937003,257.99013909321457,260.2144470214844,91700,0.0,0.0
2024-02-13 00:00:00-05:00,255.78503511378184,259.48579772506923,247.8369858659055,250.626953125,176600,0.0,0.0
2024-02-14 00:00:00-05:00,254.35639863829266,254.35639863829266,250.91448917110074,251.75819396972656,121000,0.0,0.0
2024-02-15 00:00:00-05:00,252.71699549067625,254.7783028444892,252.21845585317473,253.8770751953125,128200,0.0,0.0
2024-02-16 00:00:00-05:00,253.4169571896346,255.02765112199037,249.70659717237933,250.74203491210938,95500,0.0,0.0
2024-02-20 00:00:00-05:00,249.65855853955603,253.51275325920608,249.2846611576599,252.32388305664062,94200,0.0,0.0
2024-02-21 00:00:00-05:00,253.05259477926225,253.32104373349696,250.81868985764706,252.42941284179688,76700,0.0,0.0
2024-02-22 00:00:00-05:00,251.52817208090568,254.2126614844866,250.25301767014966,253.6374053955078,86600,0.0,0.0
2024-02-23 00:00:00-05:00,254.04009648691863,256.35068847859895,252.47732864227146,255.98635864257812,44600,0.0,0.0
2024-02-26 00:00:00-05:00,255.45904736443745,257.71208732319275,253.93460853098634,257.22314453125,74800,0.0,0.0
2024-02-27 00:00:00-05:00,257.90384388213675,257.90384388213675,255.1138768554858,256.8492126464844,61700,0.0,0.0
2024-02-28 00:00:00-05:00,255.23855373252565,258.1819247256474,254.1359965332393,255.77545166015625,56100,0.0,0.0
2024-02-29 00:00:00-05:00,258.34487144056413,258.6996044028391,256.3698479813524,257.31903076171875,78100,0.0,0.0
2024-03-01 00:00:00-05:00,254.73038772165472,257.94220730755217,254.43317744814897,257.22314453125,107200,0.0,0.0
2024-03-04 00:00:00-05:00,256.4465993849017,258.01893502169656,254.62494999159608,255.11392211914062,56300,0.0,0.0
2024-03-05 00:00:00-05:00,254.85504626270057,254.85504626270057,247.1850428245664,247.47265625,68900,0.0,0.0
2024-03-06 00:00:00-05:00,248.1054185028515,249.06416886869584,242.3529163077854,243.4267120361328,101400,0.0,0.0
2024-03-07 00:00:00-05:00,244.2608510101611,244.5580613025949,238.31660127337315,238.83432006835938,104200,0.0,0.0
2024-03-08 00:00:00-05:00,240.49294684258194,244.22248531368055,240.49294684258194,242.439208984375,83900,0.0,0.0
2024-03-11 00:00:00-04:00,242.99527795524273,244.11701413079317,238.59461727515188,240.27243041992188,72900,0.0,0.0
2024-03-12 00:00:00-04:00,239.08358178828004,247.28091523683827,239.08358178828004,243.2829132080078,122600,0.0,0.0
2024-03-13 00:00:00-04:00,243.5226194199018,244.558071683196,238.402895420312,243.63766479492188,90500,0.0,0.0
2024-03-14 00:00:00-04:00,243.86775515693625,243.86775515693625,239.67802054175274,242.7747802734375,80800,0.0,0.0
2024-03-15 00:00:00-04:00,240.75181592494982,242.03653796268557,237.9043260382642,239.601318359375,163400,0.0,0.0
2024-03-18 00:00:00-04:00,238.74800462360244,239.4287091464979,236.37029333827687,237.6741943359375,103700,0.0,0.0
2024-03-19 00:00:00-04:00,237.43451047505232,241.48043798862452,237.43451047505232,239.16986083984375,85300,0.0,0.0
2024-03-20 00:00:00-04:00,239.86978618026816,242.3721255312661,237.53043265619394,241.69140625,84500,0.0,0.0
2024-03-21 00:00:00-04:00,241.7872848015801,244.74023802218858,241.3846113573205,244.2321014404297,77300,0.0,0.0
2024-03-22 00:00:00-04:00,244.23206320416864,245.4784415532931,241.58590294277874,244.6634979248047,67100,0.0,0.0
2024-03-25 00:00:00-04:00,244.31836600422415,244.51969539562586,236.43743655178724,236.96475219726562,99500,0.0,0.0
2024-03-26 00:00:00-04:00,240.04235634450956,241.23121222286636,237.29074710992668,239.14112854003906,169400,0.0,0.0
2024-03-27 00:00:00-04:00,241.37498771081553,242.35291718373486,237.78927069239415,239.40956115722656,436100,0.0,0.0
2024-03-28 00:00:00-04:00,241.0873589156156,244.6538966027856,239.84098058919187,242.8610382080078,84800,0.0,0.0
2024-04-01 00:00:00-04:00,243.24458228426414,243.24458228426414,237.39619870728316,238.6329803466797,86100,0.0,0.0
2024-04-02 00:00:00-04:00,236.53330141064708,238.95893858606192,234.05012692650456,238.3932647705078,121700,0.0,0.0
2024-04-03 00:00:00-04:00,235.92929208525018,239.06440988180773,234.63497323795158,238.82472229003906,114100,0.0,0.0
2024-04-04 00:00:00-04:00,239.9848183779265,243.13911549276742,239.2082328684317,241.4325408935547,161100,0.0,0.0
2024-04-05 00:00:00-04:00,241.43254736884606,241.43254736884606,235.60334282836314,240.69430541992188,130300,0.0,0.0
2024-04-08 00:00:00-04:00,241.3558390769587,250.25302728836252,241.3558390769587,248.34512329101562,218700,0.0,0.0
2024-04-09 00:00:00-04:00,250.24344320639707,251.97877903380228,242.4679624983022,244.58680725097656,341500,0.0,0.0
2024-04-10 00:00:00-04:00,237.0893694983474,247.79860923741228,223.40801242828948,223.5614013671875,313200,0.0,0.0
2024-04-11 00:00:00-04:00,224.9036873012602,234.28026573973176,224.9036873012602,231.54782104492188,189700,0.0,0.0
2024-04-12 00:00:00-04:00,230.38770421496992,231.64366479016235,223.71479556842587,226.54310607910156,136500,0.0,0.0
2024-04-15 00:00:00-04:00,229.42898169140813,230.6465988383307,224.95161892192195,225.32553100585938,126900,0.0,0.0
2024-04-16 00:00:00-04:00,223.76274247364532,224.9228368282214,221.53844928012697,222.35337829589844,91800,0.0,0.0
2024-04-17 00:00:00-04:00,224.27090370563235,224.27090370563235,219.3812851839564,221.9507293701172,145000,0.0,0.0
2024-04-18 00:00:00-04:00,223.24034838156564,224.50110154114032,220.68033748728232,221.2192840576172,112300,0.88,0.0
2024-04-19 00:00:00-04:00,220.22800992170855,222.4607907263032,218.15882216752192,221.2096710205078,173300,0.0,0.0
2024-04-22 00:00:00-04:00,221.46951354591292,222.3934324770458,217.02318948499436,218.351318359375,130800,0.0,0.0
2024-04-23 00:00:00-04:00,218.35130067895471,221.56574236154395,216.7151940649448,217.66798400878906,128500,0.0,0.0
2024-04-24 00:00:00-04:00,216.55161772842212,220.2184079124697,215.7431977902107,218.16847229003906,96600,0.0,0.0
2024-04-25 00:00:00-04:00,217.25414495622124,218.4763934303732,215.94526853843087,216.73443603515625,80700,0.0,0.0
2024-04-26 00:00:00-04:00,216.2340001470689,218.57266114586776,215.91641816895847,217.0424346923828,48700,0.0,0.0
2024-04-29 00:00:00-04:00,218.41867165919012,219.02499389533492,214.24182104066375,215.80091857910156,71100,0.0,0.0
2024-04-30 00:00:00-04:00,215.76244109449792,218.97688310913819,213.91461787616828,217.6295166015625,121600,0.0,0.0
2024-05-01 00:00:00-04:00,216.8884641417516,220.0162929780651,215.02138857905956,217.80274963378906,101400,0.0,0.0
2024-05-02 00:00:00-04:00,218.77475801370235,222.33566735261772,217.2348981824565,222.03732299804688,70000,0.0,0.0
2024-05-03 00:00:00-04:00,224.06802858142552,224.06802858142552,220.43010973047151,221.3636474609375,89300,0.0,0.0
2024-05-06 00:00:00-04:00,221.49839200862078,224.69359645473537,221.3925264472087,224.52035522460938,62000,0.0,0.0
2024-05-07 00:00:00-04:00,225.64638405265535,229.5633804119022,225.64638405265535,225.81961059570312,76300,0.0,0.0
2024-05-08 00:00:00-04:00,224.76096546700114,226.32969665527344,223.64458231655132,226.32969665527344,76300,0.0,0.0
2024-05-09 00:00:00-04:00,225.6463827591641,228.0716424590917,223.21147488713328,224.50111389160156,79800,0.0,0.0
2024-05-10 00:00:00-04:00,223.93328094571606,223.93328094571606,221.96997338146193,223.36546325683594,51000,0.0,0.0
2024-05-13 00:00:00-04:00,224.75132767011038,225.04967205084358,222.32605336303854,224.5395965576172,54500,0.0,0.0
2024-05-14 00:00:00-04:00,226.50293437760277,232.33512980460807,225.24216641705738,231.0647430419922,87700,0.0,0.0
2024-05-15 00:00:00-04:00,232.5276024275423,233.15316230486624,230.05420463849316,231.6036834716797,65900,0.0,0.0
2024-05-16 00:00:00-04:00,230.95886227642703,231.9405233751802,229.07254923119177,229.82322692871094,44200,0.0,0.0
2024-05-17 00:00:00-04:00,230.24668491928975,230.24668491928975,226.6376519456134,229.69810485839844,45100,0.0,0.0
2024-05-20 00:00:00-04:00,230.01570395298512,230.56428401967352,226.83975196554965,227.1573486328125,56200,0.0,0.0
2024-05-21 00:00:00-04:00,227.243933694826,229.9868043174335,225.44423415557733,229.50559997558594,65800,0.0,0.0
2024-05-22 00:00:00-04:00,229.83285114739374,229.83285114739374,223.9621660749544,224.21238708496094,38700,0.0,0.0
2024-05-23 00:00:00-04:00,224.04878130296834,225.70412568564208,220.94982365762755,222.41268920898438,48500,0.0,0.0
2024-05-24 00:00:00-04:00,222.89388361680952,222.89388361680952,220.41086715434352,222.29718017578125,43700,0.0,0.0
2024-05-28 00:00:00-04:00,222.07583354771137,223.2595922755699,219.6794303172334,220.57447814941406,53600,0.0,0.0
2024-05-29 00:00:00-04:00,218.46682139621834,219.66983252725478,215.78170701323054,215.99342346191406,53300,0.0,0.0
2024-05-30 00:00:00-04:00,215.99340706002306,216.917325999985,213.5777661790084,214.4631805419922,93400,0.0,0.0
2024-05-31 00:00:00-04:00,214.96363161007594,216.58047135612458,212.3554972829417,216.24363708496094,117300,0.0,0.0
2024-06-03 00:00:00-04:00,219.1308810298067,222.53780201585002,217.50440766708985,219.40997314453125,107100,0.0,0.0
2024-06-04 00:00:00-04:00,219.3907116834848,219.60242810445015,216.6863306794118,218.12994384765625,46300,0.0,0.0
2024-06-05 00:00:00-04:00,218.12992871236594,221.729342582107,217.42737446442206,221.56573486328125,49600,0.0,0.0
2024-06-06 00:00:00-04:00,220.8727897388297,221.82557960868556,217.10976831512977,218.01443481445312,45000,0.0,0.0
2024-06-07 00:00:00-04:00,216.26287286299626,219.57354656909413,214.13594310149253,215.95489501953125,56700,0.0,0.0
2024-06-10 00:00:00-04:00,214.27071909059438,214.9444023904159,206.54257671971126,209.86288452148438,124000,0.0,0.0
2024-06-11 00:00:00-04:00,208.07278551722558,212.08602856468917,206.16722015109892,211.58558654785156,90200,0.0,0.0
2024-06-12 00:00:00-04:00,213.76064504881103,215.5795973137379,211.9320739813884,213.55853271484375,76400,0.0,0.0
2024-06-13 00:00:00-04:00,213.7991269355027,215.2235026520258,212.32664252310843,214.5498046875,58400,0.0,0.0
2024-06-14 00:00:00-04:00,212.79820491443198,214.00121588367253,211.45083850295953,213.4815216064453,64500,0.0,0.0
2024-06-17 00:00:00-04:00,213.08694392965305,216.80184262448185,212.21114836433793,216.20513916015625,49100,0.0,0.0
2024-06-18 00:00:00-04:00,215.05024503272745,217.44664824933523,213.44302408691968,216.0319061279297,78200,0.0,0.0
2024-06-20 00:00:00-04:00,214.41505522626417,217.45627063155476,214.41505522626417,215.1272430419922,65600,0.0,0.0
2024-06-21 00:00:00-04:00,215.7046836780355,215.7046836780355,211.4893285396224,213.26979064941406,168900,0.0,0.0
2024-06-24 00:00:00-04:00,214.03972825642256,215.27161044350922,212.10529170135544,212.80784606933594,54300,0.0,0.0
2024-06-25 00:00:00-04:00,212.97144085595778,212.97144085595778,209.55490130049748,210.4788055419922,57100,0.0,0.0
2024-06-26 00:00:00-04:00,208.9774454825544,212.3747473593507,208.9774454825544,210.98887634277344,67400,0.0,0.0
2024-06-27 00:00:00-04:00,211.49896940990712,214.54980378614465,210.6328072951473,212.80784606933594,58200,0.0,0.0
2024-06-28 00:00:00-04:00,214.05896392196618,214.25144274527665,209.85324215760096,211.3834686279297,156700,0.0,0.0
2024-07-01 00:00:00-04:00,211.19100663919195,211.54709322496055,208.09204887573082,208.34226989746094,81100,0.0,0.0
2024-07-02 00:00:00-04:00,208.1978896409719,210.91187471866476,207.80329852335657,209.67999267578125,50700,0.0,0.0
2024-07-03 00:00:00-04:00,209.22765913655775,210.60391130351647,205.36840528480636,205.4261474609375,50600,0.0,0.0
2024-07-05 00:00:00-04:00,206.157576191019,207.2065981602717,203.09710885750675,205.97471618652344,57100,0.0,0.0
2024-07-08 00:00:00-04:00,208.3711345303411,214.55943106333652,208.3711345303411,212.21115112304688,119600,0.0,0.0
2024-07-09 00:00:00-04:00,211.87430044897934,214.33807941723333,210.02647723668397,212.5576171875,144300,0.0,0.0
2024-07-10 00:00:00-04:00,213.52963606613997,214.40543159985526,208.79458652550207,211.4893341064453,351000,0.0,0.0
2024-07-11 00:00:00-04:00,238.67739224544124,239.3510754961921,211.72994473385916,220.03553771972656,473100,0.0,0.0
2024-07-12 00:00:00-04:00,221.2673986658318,231.54591704040965,221.2673986658318,230.8529815673828,204700,0.0,0.0
2024-07-15 00:00:00-04:00,232.03675888171185,238.38864791319452,230.79524335240544,235.97300720214844,179400,0.0,0.0
2024-07-16 00:00:00-04:00,238.44641221383137,244.76944542908814,237.8497234240301,241.8533477783203,155000,0.0,0.0
2024-07-17 00:00:00-04:00,241.0834031374167,246.0205649548219,240.39046763023026,244.23048400878906,103800,0.0,0.0
2024-07-18 00:00:00-04:00,240.60219632538707,247.829895701525,240.60219632538707,242.41152954101562,92800,0.0,0.0
2024-07-19 00:00:00-04:00,243.19380743747237,244.79701070526397,240.30612578722608,242.70126342773438,80700,0.88,0.0
2024-07-22 00:00:00-04:00,243.35798823477245,244.2175344871234,237.61158252051516,243.47389221191406,79000,0.0,0.0
2024-07-23 00:00:00-04:00,243.34834786790063,246.57405960649206,243.34834786790063,244.5845489501953,84400,0.0,0.0
2024-07-24 00:00:00-04:00,244.13061899944103,246.96037077645744,243.9760901867914,245.2509307861328,103100,0.0,0.0
2024-07-25 00:00:00-04:00,246.6029949151005,251.3546596119867,246.6029949151005,250.7172393798828,88600,0.0,0.0
2024-07-26 00:00:00-04:00,252.8419678060207,260.29781345583433,250.76554033121147,257.87371826171875,120700,0.0,0.0
2024-07-29 00:00:00-04:00,258.4435196181481,262.00726101054437,256.67612033984756,260.86761474609375,181600,0.0,0.0
2024-07-30 00:00:00-04:00,260.53929775433465,262.8668385753395,257.85442190004085,262.52880859375,105100,0.0,0.0
2024-07-31 00:00:00-04:00,262.08449768708084,263.1661698062601,250.64963182619994,252.658447265625,141400,0.0,0.0
2024-08-01 00:00:00-04:00,252.71643794201506,255.33370148860703,245.32818951943293,248.10963439941406,129400,0.0,0.0
2024-08-02 00:00:00-04:00,243.0489430718557,248.68911201730953,242.68194083158818,247.20181274414062,89100,0.0,0.0
2024-08-05 00:00:00-04:00,240.53791628427896,245.99459918204877,239.80392649525712,240.80833435058594,106600,0.0,0.0
2024-08-06 00:00:00-04:00,241.8706894877393,244.1595904120668,240.50893196254353,240.97250366210938,91600,0.0,0.0
2024-08-07 00:00:00-04:00,241.90932151930835,243.7249982735864,239.9391306850306,241.2332763671875,61700,0.0,0.0
2024-08-08 00:00:00-04:00,243.61875377792043,245.7917654568117,242.84612445586782,244.4300079345703,53000,0.0,0.0
2024-08-09 00:00:00-04:00,244.4300120804219,244.4300120804219,240.71175643103754,242.16043090820312,77000,0.0,0.0
2024-08-12 00:00:00-04:00,241.73549104916805,241.73549104916805,236.93554829665757,237.37014770507812,63200,0.0,0.0
2024-08-13 00:00:00-04:00,239.46589673339153,239.46589673339153,234.51143986438743,236.78102111816406,85300,0.0,0.0
2024-08-14 00:00:00-04:00,236.88721783441687,241.33947739180448,236.61679981356409,238.5869903564453,75000,0.0,0.0
2024-08-15 00:00:00-04:00,241.74516203460266,246.39057632300356,241.6196055176144,243.54151916503906,70200,0.0,0.0
2024-08-16 00:00:00-04:00,243.23243051342305,246.0331950431887,242.17006342327602,245.9076385498047,63200,0.0,0.0
2024-08-19 00:00:00-04:00,246.08152028689054,246.08152028689054,242.5660706286498,244.2272186279297,46100,0.0,0.0
2024-08-20 00:00:00-04:00,244.65214750321599,244.65214750321599,240.51858285973537,240.6055145263672,52100,0.0,0.0
2024-08-21 00:00:00-04:00,242.24736725866475,244.46867124904827,242.09283843191042,243.85057067871094,56000,0.0,0.0
2024-08-22 00:00:00-04:00,244.31410388060746,244.31410388060746,239.26306338842542,240.3350830078125,47500,0.0,0.0
2024-08-23 00:00:00-04:00,240.43166260756738,247.43360373618404,239.3210181090347,243.76361083984375,96100,0.0,0.0
2024-08-26 00:00:00-04:00,244.55555716087753,249.22994305205285,244.55555716087753,247.30804443359375,73500,0.0,0.0
2024-08-27 00:00:00-04:00,247.1148786176793,248.75672142146993,244.63282410008654,248.49594116210938,43900,0.0,0.0
2024-08-28 00:00:00-04:00,248.8050144146049,253.33453909108744,247.89717602699272,248.17726135253906,69400,0.0,0.0
2024-08-29 00:00:00-04:00,250.0895423186915,252.94825200539307,249.87706886048906,250.4372100830078,54300,0.0,0.0
2024-08-30 00:00:00-04:00,251.81825479590648,254.49349261992782,251.11325205539674,253.84640502929688,63800,0.0,0.0
2024-09-03 00:00:00-04:00,251.56716275875291,252.57155584319594,248.96920416900835,249.51004028320312,64400,0.0,0.0
2024-09-04 00:00:00-04:00,249.00779600114467,256.40569666669796,248.6504610383388,255.35299682617188,89200,0.0,0.0
2024-09-05 00:00:00-04:00,256.8693096524576,257.9606491750344,253.39248490413814,254.36793518066406,49300,0.0,0.0
2024-09-06 00:00:00-04:00,254.36792567846808,257.31355197453905,252.46533203125,252.46533203125,71500,0.0,0.0
2024-09-09 00:00:00-04:00,252.86131043796783,252.86131043796783,247.6750604784831,249.17201232910156,90700,0.0,0.0
2024-09-10 00:00:00-04:00,248.737400596377,250.0122412337537,245.5503284762935,246.78652954101562,64800,0.0,0.0
2024-09-11 00:00:00-04:00,244.95154863976703,244.95154863976703,239.52383812261795,240.96286010742188,70200,0.0,0.0
2024-09-12 00:00:00-04:00,241.59060115166042,244.62315905160156,239.23410311194922,244.19822692871094,45900,0.0,0.0
2024-09-13 00:00:00-04:00,245.26058508953145,249.98326327738377,245.26058508953145,248.6215057373047,72400,0.0,0.0
2024-09-16 00:00:00-04:00,249.54870032207862,251.9245184095284,249.13339120435907,251.38368225097656,52600,0.0,0.0
2024-09-17 00:00:00-04:00,251.383632689479,254.82181736528656,250.32126563271723,253.01580810546875,61500,0.0,0.0
2024-09-18 00:00:00-04:00,252.4846732314293,257.3908679714106,252.12733819383794,253.24765014648438,151100,0.0,0.0
2024-09-19 00:00:00-04:00,256.17396181983355,256.49265726776804,250.7462656291529,251.73135375976562,87500,0.0,0.0
2024-09-20 00:00:00-04:00,253.0544383637271,253.0544383637271,247.0859067965413,247.1535186767578,370500,0.0,0.0
2024-09-23 00:00:00-04:00,248.18692360178073,250.61101886695764,247.62675296200115,247.8971710205078,54700,0.0,0.0
2024-09-24 00:00:00-04:00,248.0420455826185,249.2009970217737,246.3615925218669,246.6416778564453,58500,0.0,0.0
2024-09-25 00:00:00-04:00,247.92614590307596,247.92614590307596,245.20264550367068,245.8303985595703,59200,0.0,0.0
2024-09-26 00:00:00-04:00,248.4090333750624,250.7945185274821,245.9656036013983,247.84889221191406,164800,0.0,0.0
2024-09-27 00:00:00-04:00,248.75673076290218,255.35301558861434,248.51528501641647,248.73739624023438,57100,0.0,0.0
2024-09-30 00:00:00-04:00,248.92088281004615,251.0456170442219,246.68992660083964,249.0561065673828,53500,0.0,0.0
2024-10-01 00:00:00-04:00,249.05611319767982,249.88667239192378,246.3519179758388,248.36074829101562,66500,0.0,0.0
2024-10-02 00:00:00-04:00,248.45736587628087,250.41790435987835,247.24046975771668,249.9350128173828,57300,0.0,0.0
2024-10-03 00:00:00-04:00,248.80500179751868,249.0754198477736,245.24126031212154,246.04286193847656,45900,0.0,0.0
2024-10-04 00:00:00-04:00,248.20623672780638,249.4714101291339,246.9990079499474,248.02273559570312,41400,0.0,0.0
2024-10-07 00:00:00-04:00,247.46258550284202,248.32211703558943,243.6670506988126,244.39138793945312,67600,0.0,0.0
2024-10-08 00:00:00-04:00,245.0384345933111,247.76194940075092,244.04367940137658,247.4915313720703,64700,0.0,0.0
2024-10-09 00:00:00-04:00,247.49154267551125,249.5003581984061,245.95593661940396,247.00863647460938,38900,0.0,0.0
2024-10-10 00:00:00-04:00,246.36157441148973,248.51528104614349,243.69601871807674,248.45733642578125,90900,0.0,0.0
2024-10-11 00:00:00-04:00,248.28347789653327,252.06936018249414,248.28347789653327,251.6733856201172,34900,0.0,0.0
2024-10-14 00:00:00-04:00,252.8805787929573,253.22827594631903,248.75669661941996,250.1184539794922,90300,0.0,0.0
2024-10-15 00:00:00-04:00,250.4178348985429,255.41091555787534,250.4178348985429,251.92445373535156,67800,0.0,0.0
2024-10-16 00:00:00-04:00,253.89471755836365,257.26529093682785,253.46010340097615,254.62869262695312,105100,0.0,0.0
2024-10-17 00:00:00-04:00,255.816631201349,258.54978439493317,254.34862203237958,255.7200469970703,131900,0.0,0.0
2024-10-18 00:00:00-04:00,241.97953835783053,250.0028855964319,239.34384783844447,243.4621124267578,303400,0.88,0.0
2024-10-21 00:00:00-04:00,244.5570789795332,250.67148797169648,241.41750268998618,250.50674438476562,210500,0.0,0.0
2024-10-22 00:00:00-04:00,247.30904461920935,256.1657201635483,246.22376556159233,255.69091796875,144600,0.0,0.0
2024-10-23 00:00:00-04:00,254.38278873755095,257.7646310687554,253.75294237548414,256.00103759765625,139100,0.0,0.0
2024-10-24 00:00:00-04:00,256.17540737485376,260.5165529687692,256.1366389613305,259.6153869628906,137100,0.0,0.0
2024-10-25 00:00:00-04:00,259.13091907303635,263.76275444306157,256.7762181836275,258.3266296386719,105200,0.0,0.0
2024-10-28 00:00:00-04:00,259.7703993679022,260.6812648626865,255.21610146561568,255.66183471679688,79200,0.0,0.0
2024-10-29 00:00:00-04:00,255.0804573182946,255.40991494089394,252.55137252202996,254.67349243164062,74100,0.0,0.0
2024-10-30 00:00:00-04:00,254.1695549198357,257.13470266561995,253.84009734493011,256.2044677734375,67500,0.0,0.0
2024-10-31 00:00:00-04:00,255.23547775905436,256.2723184459603,252.81296937187344,253.94671630859375,53600,0.0,0.0
2024-11-01 00:00:00-04:00,253.94678972349527,257.6774596326013,253.0843622939498,256.19488525390625,73800,0.0,0.0
2024-11-04 00:00:00-05:00,256.75683769404435,259.353759765625,253.4137640623038,259.353759765625,162200,0.0,0.0
2024-11-05 00:00:00-05:00,258.6560754622031,265.88486225744634,257.9196529726881,265.52630615234375,108700,0.0,0.0
2024-11-06 00:00:00-05:00,273.5012379476121,279.6253471664316,268.24922596469617,268.2879943847656,155000,0.0,0.0
2024-11-07 00:00:00-05:00,267.7453318900687,267.7453318900687,260.2452549024846,262.3770446777344,84400,0.0,0.0
2024-11-08 00:00:00-05:00,262.37701832782227,271.28216120493715,262.37701832782227,268.927490234375,88700,0.0,0.0
2024-11-11 00:00:00-05:00,269.3635752528717,278.9567029798499,269.3635752528717,277.0574645996094,98200,0.0,0.0
2024-11-12 00:00:00-05:00,275.9043703678025,281.2726283332726,275.9043703678025,281.1175842285156,73100,0.0,0.0
2024-11-13 00:00:00-05:00,281.0110055930938,283.29783958215427,276.04001307303645,277.2221984863281,84300,0.0,0.0
2024-11-14 00:00:00-05:00,278.37532729197824,281.5245887008589,270.3616789065554,271.689208984375,91700,0.0,0.0
2024-11-15 00:00:00-05:00,273.15242933668907,273.3462123068489,269.09230203056876,270.3616943359375,57100,0.0,0.0
2024-11-18 00:00:00-05:00,270.06129039316255,271.9023911500672,267.784126227573,270.02252197265625,54400,0.0,0.0
2024-11-19 00:00:00-05:00,268.11355035942614,271.57289955910727,267.93913684640944,270.6329650878906,42200,0.0,0.0
2024-11-20 00:00:00-05:00,270.9430474425039,271.3209729921298,266.57286187909534,269.0147399902344,41100,0.0,0.0
2024-11-21 00:00:00-05:00,269.5476975896841,272.30933371253616,267.4643165543565,269.4217224121094,64400,0.0,0.0
2024-11-22 00:00:00-05:00,271.3403231914592,276.8733539331154,271.2725154274612,275.1485290527344,83700,0.0,0.0
2024-11-25 00:00:00-05:00,277.8229841981868,280.13891674918176,275.7687015170934,277.60980224609375,98600,0.0,0.0
2024-11-26 00:00:00-05:00,277.71635762902025,279.0729563636835,271.3015603773999,271.5825500488281,104300,0.0,0.0
2024-11-27 00:00:00-05:00,273.7435262664039,273.91793982311356,264.1309972174903,265.76861572265625,185800,0.0,0.0
2024-11-29 00:00:00-05:00,265.76856286970116,268.7724794483305,262.30924306299875,268.50115966796875,66700,0.0,0.0
2024-12-02 00:00:00-05:00,268.1232627905097,269.7414819698442,264.40226357016604,268.1910705566406,228400,0.0,0.0
2024-12-03 00:00:00-05:00,268.0844954356596,268.0844954356596,264.3925946925578,265.8460998535156,71700,0.0,0.0
2024-12-04 00:00:00-05:00,266.350022641812,268.3849361760479,265.4488563644762,266.8151550292969,51200,0.0,0.0
2024-12-05 00:00:00-05:00,266.9507349275091,271.32094968717985,266.4177948907068,267.115478515625,43600,0.0,0.0
2024-12-06 00:00:00-05:00,267.98760507885936,269.47987874604854,263.7239956013874,265.3228454589844,44400,0.0,0.0
2024-12-09 00:00:00-05:00,265.87516898325964,268.2201407513343,261.68906701921117,261.83441162109375,68500,0.0,0.0
2024-12-10 00:00:00-05:00,262.1154547076308,266.13681344038827,259.37318773089925,263.73370361328125,150300,0.0,0.0
2024-12-11 00:00:00-05:00,266.2821442257851,268.02636823113403,261.85382080078125,261.85382080078125,77500,0.0,0.0
2024-12-12 00:00:00-05:00,264.5766850720412,264.87707374720367,261.31114848798507,263.08441162109375,71600,0.0,0.0
2024-12-13 00:00:00-05:00,261.9215693560137,262.4157704815488,257.80330550090895,258.27813720703125,57500,0.0,0.0
2024-12-16 00:00:00-05:00,257.28012350548266,260.87511813717043,257.28012350548266,258.52044677734375,61300,0.0,0.0
2024-12-17 00:00:00-05:00,257.8323862276653,259.5959793388958,255.33237071378932,256.2044677734375,74400,0.0,0.0
2024-12-18 00:00:00-05:00,256.64057695044966,258.64642124622634,249.84785310971418,251.04940795898438,78000,0.0,0.0
2024-12-19 00:00:00-05:00,252.25098786036025,252.58044548823668,248.65596373138268,249.55715942382812,117400,0.0,0.0
2024-12-20 00:00:00-05:00,245.8943039021951,246.85362261621867,240.4485093830069,242.19271850585938,377600,0.0,0.0
2024-12-23 00:00:00-05:00,242.62877814471855,242.74505382960015,236.19459569845796,237.3380126953125,123600,0.0,0.0
2024-12-24 00:00:00-05:00,237.36709252414886,240.2547186761459,236.53374896253396,240.13844299316406,35700,0.0,0.0
2024-12-26 00:00:00-05:00,238.74308256811142,240.94270982592215,237.9194236942854,239.9058837890625,124700,0.0,0.0
2024-12-27 00:00:00-05:00,238.49114272787227,238.49114272787227,234.8767637213746,236.9019775390625,43800,0.0,0.0
2024-12-30 00:00:00-05:00,235.77791480868717,236.3689926893631,232.58020062577987,234.5569610595703,50200,0.0,0.0
2024-12-31 00:00:00-05:00,234.63449001474135,236.90195449298236,233.9174221534449,235.15774536132812,41900,0.0,0.0
2025-01-02 00:00:00-05:00,235.622876837634,237.59963732278354,228.28751379868237,232.53175354003906,160200,0.0,0.0
2025-01-03 00:00:00-05:00,231.62089402177537,232.75462628667478,230.18677305239225,231.3398895263672,72600,0.0,0.0
2025-01-06 00:00:00-05:00,230.46779019029634,233.13254983031467,225.5937037406921,225.77781677246094,96400,0.0,0.0
2025-01-07 00:00:00-05:00,225.7778248692377,231.01043807205056,224.33400427142737,230.1480255126953,98300,0.0,0.0
2025-01-08 00:00:00-05:00,227.71582950723229,231.5821589141015,226.9696926492427,231.22361755371094,79100,0.0,0.0
2025-01-10 00:00:00-05:00,228.5976092116704,234.17906380407916,227.93867917193208,233.28758239746094,232800,0.0,0.0
2025-01-13 00:00:00-05:00,239.82835629242456,240.31285802230826,215.1187680683566,219.64401245117188,295000,0.0,0.0
2025-01-14 00:00:00-05:00,219.32425928105272,220.99094656477106,214.47924154601583,220.33203125,214700,0.0,0.0
2025-01-15 00:00:00-05:00,222.7835948146013,224.1014401458095,220.2447956292059,222.2797088623047,131400,0.0,0.0
2025-01-16 00:00:00-05:00,223.0355256123123,224.8960104895424,221.14597181401768,224.09173583984375,81900,0.0,0.0
2025-01-17 00:00:00-05:00,225.86251835719037,227.42898166970312,223.02148216450317,225.5122528076172,81900,0.94,0.0
2025-01-21 00:00:00-05:00,226.40736797514253,228.7327374567453,225.99872731664507,227.27330017089844,89300,0.0,0.0
2025-01-22 00:00:00-05:00,225.47334115207656,228.0127626765241,222.65175343259926,224.46145629882812,94100,0.0,0.0
2025-01-23 00:00:00-05:00,224.30578704641084,225.63874993612416,221.1047609558639,225.07443237304688,84900,0.0,0.0
2025-01-24 00:00:00-05:00,225.75550134815015,226.81602227657632,224.27660065261057,226.78683471679688,77300,0.0,0.0
2025-01-27 00:00:00-05:00,226.40738267954274,230.72731970160106,225.4344244257878,230.075439453125,96500,0.0,0.0
2025-01-28 00:00:00-05:00,229.92949334316825,231.2819046731607,229.04409780117263,229.74462890625,74700,0.0,0.0
2025-01-29 00:00:00-05:00,229.74461051334788,229.74461051334788,224.179288760873,226.31979370117188,80200,0.0,0.0
2025-01-30 00:00:00-05:00,228.256009575258,229.55003097285368,226.41711909121227,227.5262908935547,73200,0.0,0.0
2025-01-31 00:00:00-05:00,227.17603159934876,230.73704758120965,226.6409015821047,228.59654235839844,90300,0.0,0.0
2025-02-03 00:00:00-05:00,226.78682518053802,229.24840825952882,226.0279189658543,227.78897094726562,86700,0.0,0.0
2025-02-04 00:00:00-05:00,227.78896930641383,234.88184290677208,226.70898510927205,232.62457275390625,94500,0.0,0.0
2025-02-05 00:00:00-05:00,232.3521516270524,233.7921256449248,231.45703184047417,233.10133361816406,111200,0.0,0.0
2025-02-06 00:00:00-05:00,233.49051143143618,235.08616233173458,231.7781102945339,234.22023010253906,79500,0.0,0.0
2025-02-07 00:00:00-05:00,234.21051426963973,234.84293120215776,230.63002014160156,230.63002014160156,74800,0.0,0.0
2025-02-10 00:00:00-05:00,230.80514237013597,231.43755925339119,226.31008029575497,226.67979431152344,63700,0.0,0.0
2025-02-11 00:00:00-05:00,225.33711994425417,231.50567122917445,223.79984424160423,225.4246826171875,78900,0.0,0.0
2025-02-12 00:00:00-05:00,223.29392817724585,226.39766750638137,221.15342290251402,221.33828735351562,99700,0.0,0.0
2025-02-13 00:00:00-05:00,222.23340328822454,227.02035622253655,220.5988256652449,226.21279907226562,72200,0.0,0.0
2025-02-14 00:00:00-05:00,226.21279099466906,227.4387130335048,223.8095829521078,224.48092651367188,42600,0.0,0.0
2025-02-18 00:00:00-05:00,223.926336716252,227.20521613489586,223.926336716252,226.9230499267578,57900,0.0,0.0
2025-02-19 00:00:00-05:00,225.15226349835743,227.14683080304388,223.85822729430393,226.6311492919922,62900,0.0,0.0
2025-02-20 00:00:00-05:00,225.56088239599833,227.5554495081789,222.8268724583678,224.68521118164062,86200,0.0,0.0
2025-02-21 00:00:00-05:00,226.11548271146125,227.25385688503755,222.52527937708322,222.88526916503906,154000,0.0,0.0
2025-02-24 00:00:00-05:00,223.64418011900645,226.18360170197974,222.01934165079842,223.4690399169922,98700,0.0,0.0
2025-02-25 00:00:00-05:00,224.68523036357695,233.80185880772703,223.7803863622708,233.500244140625,148200,0.0,0.0
2025-02-26 00:00:00-05:00,231.78783234898904,236.9347896412077,230.12408210839735,232.08944702148438,91200,0.0,0.0
2025-02-27 00:00:00-05:00,230.9316431848718,231.0483934223847,228.86896162976905,230.61056518554688,53700,0.0,0.0
2025-02-28 00:00:00-05:00,230.66893300124528,232.83862564126528,228.03220973363108,232.1672821044922,109000,0.0,0.0
2025-03-03 00:00:00-05:00,231.98241762559223,233.86995891813822,229.7251623106436,232.51754760742188,69900,0.0,0.0
2025-03-04 00:00:00-05:00,230.95109472634329,235.1250939268148,230.30895356533316,231.05812072753906,68800,0.0,0.0
2025-03-05 00:00:00-05:00,230.63975117860082,234.87211056750945,230.61056361942082,234.04510498046875,66200,0.0,0.0
2025-03-06 00:00:00-05:00,231.9824215506117,236.4191235099862,229.68625440093643,235.66021728515625,211200,0.0,0.0
2025-03-07 00:00:00-05:00,236.05910788639036,244.27087726638314,234.79427413464958,238.87095642089844,284100,0.0,0.0
2025-03-10 00:00:00-04:00,238.33585217702796,245.22438331212823,238.33585217702796,240.10662841796875,133800,0.0,0.0
2025-03-11 00:00:00-04:00,240.3887938438365,245.9054651536848,239.32825810402986,244.13467407226562,148700,0.0,0.0
2025-03-12 00:00:00-04:00,243.49249858654957,243.8816907499513,234.9499273115412,235.49478149414062,81600,0.0,0.0
2025-03-13 00:00:00-04:00,234.92074405790282,236.23424350842708,229.8905521673352,231.0386505126953,85400,0.0,0.0
2025-03-14 00:00:00-04:00,230.65921063566745,232.36188750807494,226.6311493823402,232.1283721923828,109100,0.0,0.0
2025-03-17 00:00:00-04:00,230.81487013242932,235.93263977713494,230.71758321991553,235.84506225585938,143700,0.0,0.0
2025-03-18 00:00:00-04:00,234.5996860077675,237.98559137119196,233.39322729207413,237.64505004882812,180200,0.0,0.0
2025-03-19 00:00:00-04:00,236.35101665268866,238.9974642842362,232.7121474477696,233.2278289794922,140300,0.0,0.0
2025-03-20 00:00:00-04:00,231.66136203050849,233.80186718140365,228.9954511180934,229.5597686767578,78300,0.0,0.0
2025-03-21 00:00:00-04:00,228.03220860648597,233.120790682243,221.8052820643164,224.43226623535156,189200,0.0,0.0
2025-03-24 00:00:00-04:00,224.87009794395493,230.84406079137534,224.49064483387735,229.5013885498047,134000,0.0,0.0
2025-03-25 00:00:00-04:00,228.20735594819195,230.56191308461888,225.5025332549151,227.67222595214844,93100,0.0,0.0
2025-03-26 00:00:00-04:00,228.65492179547428,229.94895809935923,224.82147861359164,228.9370880126953,224000,0.0,0.0
2025-03-27 00:00:00-04:00,230.19218521196683,237.13910641470434,229.19977850169323,235.93264770507812,107500,0.0,0.0
2025-03-28 00:00:00-04:00,235.59209183767032,236.37046134669492,231.632159786484,235.30020141601562,85800,0.0,0.0
2025-03-31 00:00:00-04:00,234.6775236611062,238.2288301318262,233.69484118691676,237.4018096923828,109200,0.0,0.0
2025-04-01 00:00:00-04:00,235.66019417639507,239.01689674108798,234.65803364837652,238.19961547851562,92600,0.0,0.0
2025-04-02 00:00:00-04:00,237.5088398422798,242.13039154614304,236.76939691428097,241.13796997070312,98300,0.0,0.0
2025-04-03 00:00:00-04:00,238.87097094574858,246.6254492668955,238.17043982880992,242.198486328125,146700,0.0,0.0
2025-04-04 00:00:00-04:00,236.82776336997532,245.0784449004183,236.35100849860964,238.4623260498047,214100,0.0,0.0
2025-04-07 00:00:00-04:00,235.23212749896862,240.2623200247389,229.22897669325442,231.49595642089844,293700,0.0,0.0
2025-04-08 00:00:00-04:00,238.44285163673385,244.212486114802,210.48975438941605,212.57188415527344,383300,0.0,0.0
2025-04-09 00:00:00-04:00,210.76221980648265,218.14698450287068,205.44987586254453,211.60870361328125,247100,0.0,0.0
2025-04-10 00:00:00-04:00,207.80442893828186,215.48106908919925,202.37532001405725,215.36431884765625,291800,0.0,0.0
2025-04-11 00:00:00-04:00,214.82917498663537,217.51453429223386,207.5222493535202,216.02590942382812,164200,0.0,0.0
2025-04-14 00:00:00-04:00,217.48533737061115,219.84963343086878,215.4129317290001,217.20318603515625,97700,0.0,0.0
2025-04-15 00:00:00-04:00,216.06484289494182,217.85508248859023,214.32323933622942,215.16970825195312,110100,0.0,0.0
2025-04-16 00:00:00-04:00,216.20104761874802,220.04422952999508,209.7697933388327,211.7935333251953,255100,0.0,0.0
2025-04-17 00:00:00-04:00,211.9498694125145,218.92691865560326,211.79353228874567,217.67613220214844,105400,0.94,0.0
2025-04-21 00:00:00-04:00,216.62078772692067,216.6794309252457,214.20717205377872,214.8325653076172,59600,0.0,0.0
2025-04-22 00:00:00-04:00,214.84231730557633,220.27542362953488,214.84231730557633,219.78683471679688,98200,0.0,0.0
2025-04-23 00:00:00-04:00,219.96273901369761,221.74119493924306,217.6175032378748,219.044189453125,98600,0.0,0.0
2025-04-24 00:00:00-04:00,218.31132197703414,219.5425607844386,214.5491810330264,219.4839324951172,91000,0.0,0.0
2025-04-25 00:00:00-04:00,217.87158520082386,219.8650215017977,212.70230590093968,218.272216796875,75600,0.0,0.0
2025-04-28 00:00:00-04:00,218.27223937417546,218.68265233416435,215.72180426452468,217.94000244140625,76100,0.0,0.0
2025-04-29 00:00:00-04:00,217.53933108311728,224.76067489404727,217.53933108311728,223.94961547851562,65100,0.0,0.0
2025-04-30 00:00:00-04:00,222.39591478895093,225.04407345986152,217.67614374042495,223.14834594726562,77300,0.0,0.0
2025-05-01 00:00:00-04:00,222.8063340094489,223.36333258550872,219.64028706528362,222.15162658691406,81000,0.0,0.0
2025-05-02 00:00:00-04:00,222.18093135573028,226.53915129160657,222.18093135573028,226.35348510742188,74400,0.0,0.0
2025-05-05 00:00:00-04:00,225.84535318842205,228.37625530062417,224.45776234917096,226.5098419189453,55600,0.0,0.0
2025-05-06 00:00:00-04:00,226.5000510062232,229.23615201321465,224.71182863267492,228.45440673828125,88700,0.0,0.0
2025-05-07 00:00:00-04:00,229.8126965248437,229.8126965248437,225.23951100722817,227.58473205566406,70400,0.0,0.0
2025-05-08 00:00:00-04:00,229.4706995890223,230.53581997506726,227.08638300739898,229.2947998046875,67700,0.0,0.0
2025-05-09 00:00:00-04:00,228.3860204775517,229.2557082140211,225.38607716096257,226.52938842773438,55600,0.0,0.0
2025-05-12 00:00:00-04:00,229.61725405210967,233.4087089976328,227.87787861866994,231.79637145996094,74300,0.0,0.0
2025-05-13 00:00:00-04:00,233.5748245839618,234.96241536718895,230.78986169607538,234.0927276611328,91600,0.0,0.0
2025-05-14 00:00:00-04:00,233.7116311811749,233.7116311811749,230.20356617935062,232.70513916015625,89900,0.0,0.0
2025-05-15 00:00:00-04:00,233.51620017336003,240.2685029315189,233.51620017336003,238.32391357421875,102800,0.0,0.0
2025-05-16 00:00:00-04:00,237.63989721271906,240.19033214237257,235.52918935840898,240.05352783203125,66600,0.0,0.0
2025-05-19 00:00:00-04:00,238.1480348648694,241.39225777064988,234.65950257118288,240.94276428222656,44900,0.0,0.0
2025-05-20 00:00:00-04:00,240.75709407652647,242.96551074716308,239.40858381265429,241.0013885498047,59900,0.0,0.0
2025-05-21 00:00:00-04:00,238.91023938676034,239.232709895509,234.9038038774549,237.45423889160156,50600,0.0,0.0
2025-05-22 00:00:00-04:00,236.13504402479688,237.76694431132861,234.5227063826371,236.98519897460938,52200,0.0,0.0
2025-05-23 00:00:00-04:00,235.06015961727857,236.49661240128341,233.52598307373577,235.5976104736328,45700,0.0,0.0
2025-05-27 00:00:00-04:00,236.75065580345787,238.724559297929,235.06014224437058,238.33367919921875,107900,0.0,0.0
2025-05-28 00:00:00-04:00,237.45421585046168,238.21641337516235,233.43801431928495,233.73117065429688,62300,0.0,0.0
2025-05-29 00:00:00-04:00,233.64323865553206,237.64965904435135,233.47710529352122,235.60736083984375,338300,0.0,0.0
2025-05-30 00:00:00-04:00,236.16436105404844,239.38905128829674,232.14817397233423,238.0698699951172,167400,0.0,0.0
2025-06-02 00:00:00-04:00,236.70180065171175,236.70180065171175,231.81591110816498,235.07969665527344,580500,0.0,0.0
2025-06-03 00:00:00-04:00,235.07969929470977,239.94604115976637,233.27191417907932,239.09588623046875,610900,0.0,0.0
2025-06-04 00:00:00-04:00,239.20336168589418,241.68540179913532,236.98517868024464,240.21963500976562,230500,0.0,0.0
2025-06-05 00:00:00-04:00,240.2196476993773,240.2196476993773,236.7213489880178,237.5519561767578,314300,0.0,0.0
2025-06-06 00:00:00-04:00,239.55515078933965,240.81571860166756,238.32391203105408,239.92648315429688,211800,0.0,0.0
2025-06-09 00:00:00-04:00,239.92648040292698,241.0013820204498,237.17084657249268,237.70828247070312,307200,0.0,0.0
2025-06-10 00:00:00-04:00,238.9395382093314,240.4346191654837,234.83539411576527,235.42169189453125,324200,0.0,0.0
2025-06-11 00:00:00-04:00,236.1057314983412,238.55845769549822,235.05037752311645,238.3141632080078,246500,0.0,0.0
2025-06-12 00:00:00-04:00,237.37604109843886,240.63004512225154,234.52268357092535,240.2587127685547,184600,0.0,0.0
2025-06-13 00:00:00-04:00,239.4183371609707,240.76684735126733,235.69529197703056,235.9982147216797,173900,0.0,0.0
2025-06-16 00:00:00-04:00,237.1219817106622,238.8711235092736,235.98845182110523,238.65614318847656,308200,0.0,0.0
2025-06-17 00:00:00-04:00,237.9525866735915,239.71150988762045,233.359853494581,238.9199981689453,243300,0.0,0.0
2025-06-18 00:00:00-04:00,238.75386824804596,239.34016601753123,236.29137586666548,237.9623565673828,171200,0.0,0.0
2025-06-20 00:00:00-04:00,239.06656626415915,239.06656626415915,224.48707384681416,229.48045349121094,450600,0.0,0.0
2025-06-23 00:00:00-04:00,228.00493277731212,231.55209350585938,225.57175431492524,231.55209350585938,155900,0.0,0.0
2025-06-24 00:00:00-04:00,231.55209070777832,231.78660387010314,225.89422209785943,228.65963745117188,259600,0.0,0.0
2025-06-25 00:00:00-04:00,228.63030764755277,228.63030764755277,221.71188653230752,222.7965545654297,504400,0.0,0.0
2025-06-26 00:00:00-04:00,223.9594085995155,224.91703878072644,219.07351902724298,223.32423400878906,161800,0.0,0.0
2025-06-27 00:00:00-04:00,223.3242335299149,226.41211931150218,221.44805372745154,223.5587615966797,219900,0.0,0.0
2025-06-30 00:00:00-04:00,223.7151134144701,224.65319585947526,220.87152211385438,222.88450622558594,169700,0.0,0.0
2025-07-01 00:00:00-04:00,222.88449614918636,229.85177911363834,217.09960496467855,227.09613037109375,184400,0.0,0.0
2025-07-02 00:00:00-04:00,227.8290123109973,227.90718832913763,224.28186681500554,226.2166748046875,191200,0.0,0.0
2025-07-03 00:00:00-04:00,227.42839321746771,228.96255478994107,224.66297792981464,227.83880615234375,124600,0.0,0.0
2025-07-07 00:00:00-04:00,226.3437069210361,227.7508453905454,224.09619491615598,224.72158813476562,149200,0.0,0.0
2025-07-08 00:00:00-04:00,225.747653277792,225.92353815102095,223.29492709038396,224.57504272460938,170800,0.0,0.0
2025-07-09 00:00:00-04:00,225.04408966489302,225.92354387442148,221.15492551593337,224.48709106445312,146000,0.0,0.0
2025-07-10 00:00:00-04:00,223.7541910830019,227.07660488511516,219.57187086915525,219.76730346679688,349300,0.0,0.0
2025-07-11 00:00:00-04:00,221.3308066223677,231.91364565543196,217.1484861713102,218.233154296875,318200,0.0,0.0
2025-07-14 00:00:00-04:00,218.23314700237077,223.0604083203688,214.96937632302576,221.72166442871094,231000,0.0,0.0
2025-07-15 00:00:00-04:00,221.84870614870204,224.35027928516655,218.0084040080871,218.0572509765625,217300,0.0,0.0
2025-07-16 00:00:00-04:00,219.41550589677445,221.81936994670698,218.5165040721596,220.18748474121094,164600,0.0,0.0
2025-07-17 00:00:00-04:00,220.1972556411286,222.1418449525105,215.71201283722428,215.8292694091797,145600,0.0,0.0
2025-07-18 00:00:00-04:00,216.53585113045116,217.193371782418,211.66834149512812,213.78807067871094,125100,0.94,0.0
2025-07-21 00:00:00-04:00,214.41613348972845,215.7115135427781,211.2561710465174,211.27578735351562,120500,0.0,0.0
2025-07-22 00:00:00-04:00,210.98139848901945,215.4367411010718,210.98139848901945,213.66049194335938,162600,0.0,0.0
2025-07-23 00:00:00-04:00,213.8273136952099,217.00690740259284,211.76646342619281,212.83615112304688,113700,0.0,0.0
2025-07-24 00:00:00-04:00,211.5800023417364,212.06085638627067,206.084412031193,206.80079650878906,456700,0.0,0.0
2025-07-25 00:00:00-04:00,207.5368277599986,208.05694440267933,205.79001809698028,206.39846801757812,182100,0.0,0.0
2025-07-28 00:00:00-04:00,206.3494106507478,207.99807898908026,205.68208181788873,206.840087890625,166800,0.0,0.0
2025-07-29 00:00:00-04:00,208.02749400367628,210.9126782313264,207.24240751718358,209.85281372070312,170200,0.0,0.0
2025-07-30 00:00:00-04:00,210.62811273349686,213.74881273148574,208.45931278623712,209.01869201660156,220400,0.0,0.0
2025-07-31 00:00:00-04:00,207.02654277372136,210.98140003627236,205.59375867825858,210.4023895263672,240400,0.0,0.0
2025-08-01 00:00:00-04:00,210.4023829467581,211.91367714840987,208.1648960533985,211.18746948242188,190100,0.0,0.0
2025-08-04 00:00:00-04:00,210.91269701141945,213.48384088370065,208.19434098678076,210.6673583984375,110800,0.0,0.0
2025-08-05 00:00:00-04:00,210.67716205998533,214.03340739138088,210.67716205998533,213.02261352539062,136500,0.0,0.0
2025-08-06 00:00:00-04:00,212.95390373767654,215.80964862125776,212.168817226737,215.2797088623047,101700,0.0,0.0
2025-08-07 00:00:00-04:00,215.43673682407442,217.44851640046892,213.68992713658346,216.32977294921875,86700,0.0,0.0
2025-08-08 00:00:00-04:00,216.03536230861377,217.25224718516097,215.21102818624962,215.38766479492188,66100,0.0,0.0
2025-08-11 00:00:00-04:00,216.1433254810006,216.1433254810006,212.8459738099923,213.81752014160156,81100,0.0,0.0
2025-08-12 00:00:00-04:00,215.11288849677138,217.55646642316077,214.03340760615345,216.241455078125,87900,0.0,0.0
2025-08-13 00:00:00-04:00,216.48679282364938,222.0118080712162,215.84890346083074,221.73703002929688,115700,0.0,0.0
2025-08-14 00:00:00-04:00,219.7645248717259,219.7645248717259,216.67324927199743,218.50839233398438,88200,0.0,0.0
2025-08-15 00:00:00-04:00,219.42103173910021,219.42103173910021,215.13251770442463,215.8783416748047,88000,0.0,0.0
2025-08-18 00:00:00-04:00,216.5162204648981,217.86067116636258,214.13152154793832,214.7301483154297,88100,0.0,0.0
2025-08-19 00:00:00-04:00,213.93527244855662,216.79101752323396,210.99120906623702,216.3494110107422,73400,0.0,0.0
2025-08-20 00:00:00-04:00,217.25226036336304,218.72429208871037,215.86854694770912,216.72232055664062,73700,0.0,0.0
2025-08-21 00:00:00-04:00,215.04421034090024,216.92840913110072,214.91662946771118,216.13351440429688,54700,0.0,0.0
2025-08-22 00:00:00-04:00,217.66442731820294,219.8234041858867,216.9578508925201,218.42007446289062,87700,0.0,0.0
2025-08-25 00:00:00-04:00,217.67422386608501,217.67422386608501,214.61240283423382,215.0343780517578,119000,0.0,0.0
2025-08-26 00:00:00-04:00,214.87735728094844,215.6231812039005,212.15900151061294,212.6202392578125,72500,0.0,0.0
2025-08-27 00:00:00-04:00,212.6202454510696,217.51719426717818,212.6202454510696,217.33074951171875,96200,0.0,0.0
2025-08-28 00:00:00-04:00,217.86068087563442,217.86068087563442,212.75764089502513,213.64085388183594,83800,0.0,0.0
2025-08-29 00:00:00-04:00,214.67128746990213,215.81947038768462,211.66834522735093,212.01181030273438,90400,0.0,0.0
2025-09-02 00:00:00-04:00,211.3150570676936,211.3150570676936,207.92938718517922,209.59768676757812,98500,0.0,0.0
2025-09-03 00:00:00-04:00,208.429877412697,210.97158192212407,208.429877412697,210.05892944335938,119500,0.0,0.0
2025-09-04 00:00:00-04:00,210.9421167133214,213.43476517362708,208.51817024587828,212.6202392578125,103200,0.0,0.0
2025-09-05 00:00:00-04:00,212.26696897625098,215.47600219706226,211.86461006086856,214.01377868652344,69000,0.0,0.0
2025-09-08 00:00:00-04:00,213.89601482305866,213.89601482305866,210.51033011281893,213.01278686523438,89300,0.0,0.0
2025-09-09 00:00:00-04:00,213.01280998327127,217.12468782312882,210.04911513634428,211.15805053710938,66100,0.0,0.0
2025-09-10 00:00:00-04:00,210.32388480187277,211.72721442360776,205.23065300687546,206.57510375976562,80400,0.0,0.0
2025-09-11 00:00:00-04:00,205.93723698633556,210.01966011122403,205.75077724525477,208.8322296142578,238100,0.0,0.0
2025-09-12 00:00:00-04:00,208.71445896875153,209.27383819754388,206.1531382083255,207.09523010253906,101900,0.0,0.0
2025-09-15 00:00:00-04:00,207.4975857457827,208.23360157775593,202.37491435730647,202.57118225097656,216100,0.0,0.0
2025-09-16 00:00:00-04:00,202.45342885279655,206.3788467075312,202.43379757072427,204.81849670410156,138400,0.0,0.0
2025-09-17 00:00:00-04:00,205.6624431069983,212.6987521634593,205.2012053538138,208.2041473388672,175400,0.0,0.0
2025-09-18 00:00:00-04:00,209.09719452063283,211.89404564729102,205.99611094383187,209.17568969726562,183700,0.0,0.0
2025-09-19 00:00:00-04:00,208.45931671347856,210.4710963910685,205.58395527654324,206.43772888183594,426800,0.0,0.0
2025-09-22 00:00:00-04:00,205.7115214307909,207.2915027435219,203.63105472369705,203.93527221679688,120100,0.0,0.0
2025-09-23 00:00:00-04:00,203.46423825675018,207.94902071090615,200.5986848013478,201.9136962890625,175300,0.0,0.0
2025-09-24 00:00:00-04:00,201.17766125050358,202.71839491700354,198.37098693847656,198.37098693847656,135700,0.0,0.0
2025-09-25 00:00:00-04:00,198.5574408495723,199.87245217360484,194.91660937636695,195.67225646972656,102600,0.0,0.0
2025-09-26 00:00:00-04:00,195.45637726564118,196.84989888223762,193.11094057004246,195.32879638671875,188400,0.0,0.0
2025-09-29 00:00:00-04:00,195.2699215605779,195.81947770535965,190.90289686620656,191.6291046142578,185200,0.0,0.0
2025-09-30 00:00:00-04:00,191.4426168907281,194.9951150036111,191.36410674233048,193.91563415527344,129600,0.0,0.0
2025-10-01 00:00:00-04:00,192.88522951484032,193.94509416925388,189.83321642806877,191.78610229492188,105200,0.0,0.0
2025-10-02 00:00:00-04:00,191.1972782685411,192.71838057321085,187.81160860606957,192.21788024902344,136000,0.0,0.0
2025-10-03 00:00:00-04:00,191.82536493267185,194.0137812705348,189.25422093953884,190.57904052734375,123800,0.0,0.0
2025-10-06 00:00:00-04:00,190.40240465460894,190.82437990277793,187.4387098660228,187.98826599121094,116600,0.0,0.0
2025-10-07 00:00:00-04:00,188.93035957596612,190.500517683716,187.1148478857613,190.36312866210938,123100,0.0,0.0
2025-10-08 00:00:00-04:00,190.36312156940755,191.3542990930426,188.13545787166322,188.82240295410156,90800,0.0,0.0
2025-10-09 00:00:00-04:00,189.00889019631194,189.4014260221892,187.8705153372732,189.12664794921875,82800,0.0,0.0
2025-10-10 00:00:00-04:00,189.32290463789727,190.31406727275822,186.4671595049588,188.5574493408203,108600,0.0,0.0
2025-10-13 00:00:00-04:00,188.7635484782563,190.00004978642608,186.5064300806256,189.02850341796875,92700,0.0,0.0
2025-10-14 00:00:00-04:00,188.8125931321692,191.75665652804054,186.94802563782966,187.65460205078125,111500,0.0,0.0
2025-10-15 00:00:00-04:00,187.08542453336025,191.21693363886703,185.5152513163515,186.87933349609375,155300,0.0,0.0
2025-10-16 00:00:00-04:00,186.75175131688857,189.27382441932025,184.92643147525325,185.93722534179688,123400,0.0,0.0
2025-10-17 00:00:00-04:00,187.00689796950857,191.18747742897455,187.00689796950857,190.8538055419922,124300,0.0,0.0
2025-10-20 00:00:00-04:00,190.37060845539892,191.42574980384887,188.4772584741644,190.3903350830078,136300,0.94,0.0
2025-10-21 00:00:00-04:00,189.78879860454043,196.3859335197249,184.79901516884513,195.8238525390625,225100,0.0,0.0
2025-10-22 00:00:00-04:00,195.85345030531033,199.4823675825628,194.4925988028361,198.1905517578125,255000,0.0,0.0
2025-10-23 00:00:00-04:00,210.08315515063325,212.0159584154766,199.76834066986075,203.67337036132812,353100,0.0,0.0
2025-10-24 00:00:00-04:00,203.0521299252156,204.88631514631754,198.9695905681834,199.69931030273438,191600,0.0,0.0
2025-10-27 00:00:00-04:00,198.62445227210574,199.1273684696181,191.93855436630875,192.6682891845703,153500,0.0,0.0
2025-10-28 00:00:00-04:00,194.965955118458,199.50210188960358,194.32496755338732,199.3739013671875,156400,0.0,0.0
2025-10-29 00:00:00-04:00,197.2734546819852,199.0287483743865,188.3293324548208,188.7533721923828,137800,0.0,0.0
2025-10-30 00:00:00-04:00,190.67630398568426,194.2657828227626,189.80851293265164,191.01158142089844,138500,0.0,0.0
2025-10-31 00:00:00-04:00,191.6032837590273,193.65441692832894,189.42395006445372,191.58355712890625,120500,0.0,0.0
2025-11-03 00:00:00-05:00,191.021461248043,193.15147067853434,189.20698759294538,191.99771118164062,136400,0.0,0.0
2025-11-04 00:00:00-05:00,191.99771832629617,195.24206421124725,191.87938864436802,194.71942138671875,113200,0.0,0.0
2025-11-05 00:00:00-05:00,194.71942696086083,195.92248053792486,193.58537897088445,195.2716522216797,92300,0.0,0.0
2025-11-06 00:00:00-05:00,193.891068856793,196.79026644585858,189.4929784702997,191.53424072265625,107400,0.0,0.0
2025-11-07 00:00:00-05:00,192.01744276624598,196.435259722968,192.01744276624598,195.5280303955078,128200,0.0,0.0
2025-11-10 00:00:00-05:00,195.61676859867623,196.94803763158723,193.5557798399695,195.2617645263672,101400,0.0,0.0
2025-11-11 00:00:00-05:00,195.27162984500424,198.88082025662956,195.25190321737557,197.58900451660156,75100,0.0,0.0
2025-11-12 00:00:00-05:00,197.46082839932538,198.762499991265,196.1098327124758,198.06236267089844,86700,0.0,0.0
2025-11-13 00:00:00-05:00,198.07222572998816,199.65988082980866,194.99553362976832,195.23219299316406,76100,0.0,0.0
2025-11-14 00:00:00-05:00,195.93233830526674,197.6284672343489,193.27967102500418,195.3899688720703,78200,0.0,0.0
2025-11-17 00:00:00-05:00,195.34066372775536,197.1452665795393,191.8300761220153,192.63870239257812,70300,0.0,0.0
2025-11-18 00:00:00-05:00,192.64855444370988,194.40384821250473,192.05687596224715,192.7175750732422,67400,0.0,0.0
2025-11-19 00:00:00-05:00,192.63870495173222,193.27967745510102,189.81839885229275,191.73146057128906,95500,0.0,0.0
2025-11-20 00:00:00-05:00,191.60326667509594,195.82386232408447,190.40019814414973,194.75885009765625,104400,0.0,0.0
2025-11-21 00:00:00-05:00,195.27164591913845,199.36404123898635,194.44329300763607,196.2577667236328,94600,0.0,0.0
2025-11-24 00:00:00-05:00,195.10400941020782,196.73110273735205,189.82825702726953,190.41006469726562,173800,0.0,0.0
2025-11-25 00:00:00-05:00,191.47506441589354,195.015234300699,190.76505627141336,192.38229370117188,97100,0.0,0.0
2025-11-26 00:00:00-05:00,191.948407324238,195.79428746489083,191.948407324238,194.29537963867188,149500,0.0,0.0
2025-11-28 00:00:00-05:00,194.34467657640263,194.96593745550854,191.81033906075535,193.0824432373047,53500,0.0,0.0
2025-12-01 00:00:00-05:00,192.71757630481483,194.54190576180932,191.0510448304955,194.47288513183594,161900,0.0,0.0
2025-12-02 00:00:00-05:00,193.7924536140999,195.29134631724457,191.40604320953196,193.20077514648438,85500,0.0,0.0
2025-12-03 00:00:00-05:00,194.76870682814194,196.3366502798154,192.08645714427098,192.19493103027344,91600,0.0,0.0
2025-12-04 00:00:00-05:00,193.24022206432727,193.4768814060041,190.05504131885175,190.58755493164062,68300,0.0,0.0
2025-12-05 00:00:00-05:00,191.7117416908379,191.7117416908379,186.86988511946825,188.0828094482422,91400,0.0,0.0
2025-12-08 00:00:00-05:00,187.68835516572761,187.94474113152756,183.60581605809938,184.9173583984375,127700,0.0,0.0
2025-12-09 00:00:00-05:00,184.93708609677955,190.30158559496434,184.93708609677955,188.11239624023438,105100,0.0,0.0
2025-12-10 00:00:00-05:00,188.1123842052676,192.54007168029307,188.1123842052676,190.49879455566406,102900,0.0,0.0
2025-12-11 00:00:00-05:00,193.94038023154863,201.92796490750018,193.94038023154863,198.33848571777344,117200,0.0,0.0
2025-12-12 00:00:00-05:00,197.7665157370252,201.3066855522811,192.7668764051167,201.19821166992188,139700,0.0,0.0
2025-12-15 00:00:00-05:00,200.81361677449223,206.34575444905693,200.7643077305748,203.50572204589844,121000,0.0,0.0
2025-12-16 00:00:00-05:00,202.51959954561926,204.7482419159051,201.000980316785,203.08169555664062,114200,0.0,0.0
2025-12-17 00:00:00-05:00,206.88814076547868,206.9867438143735,203.2690793415449,204.74826049804688,113400,0.0,0.0
2025-12-18 00:00:00-05:00,203.59450190262854,205.06381222783733,202.15475894991113,202.90420532226562,82200,0.0,0.0
2025-12-19 00:00:00-05:00,201.8194787321291,203.07184126583624,199.2358321041082,200.00502014160156,330000,0.0,0.0
2025-12-22 00:00:00-05:00,199.8176458566915,201.15877063473846,197.9440074647245,199.22596740722656,209800,0.0,0.0
2025-12-23 00:00:00-05:00,198.03278582548594,202.50976762655898,197.26359775999723,200.77420043945312,109800,0.0,0.0
2025-12-24 00:00:00-05:00,200.69529929449106,203.77199122008193,199.84723484743608,202.04627990722656,107400,0.0,0.0
2025-12-26 00:00:00-05:00,201.31654134267438,204.2354653289714,198.22012284724863,201.19821166992188,68900,0.0,0.0
2025-12-29 00:00:00-05:00,201.58280376718022,202.41114159353228,197.618594102483,198.8709716796875,104100,0.0,0.0
2025-12-30 00:00:00-05:00,198.62444057082683,200.66571775525813,195.22232697711658,196.60289001464844,89900,0.0,0.0
2025-12-31 00:00:00-05:00,195.46886194332146,197.9834729382236,193.72342395198814,194.16717529296875,158700,0.0,0.0
2026-01-02 00:00:00-05:00,194.16717007294721,196.3366477652105,189.74935331662743,194.02911376953125,138100,0.0,0.0
2026-01-05 00:00:00-05:00,192.41187598184032,196.8099811488243,192.2639638881,192.89508056640625,129000,0.0,0.0
2026-01-06 00:00:00-05:00,191.85964556713552,196.93817632164323,191.28769374183324,196.14927673339844,136200,0.0,0.0
2026-01-07 00:00:00-05:00,195.93233909119863,198.86111899519852,194.6109408646624,196.2183074951172,152100,0.0,0.0
2026-01-08 00:00:00-05:00,194.57149272361264,201.52364737598492,194.57149272361264,200.6755828857422,290100,0.0,0.0
2026-01-09 00:00:00-05:00,180.46010019402755,193.71356569776606,172.94586477148297,187.36294555664062,839400,0.0,0.0
2026-01-12 00:00:00-05:00,187.86584972639312,193.7135533200874,186.1401384960073,189.02947998046875,475400,0.0,0.0
2026-01-13 00:00:00-05:00,188.63503665582823,194.89690960340934,188.00391996094993,193.54592895507812,173900,0.0,0.0
2026-01-14 00:00:00-05:00,193.73329766097598,202.11532440353162,193.73329766097598,201.38558959960938,275200,0.0,0.0
2026-01-15 00:00:00-05:00,200.46849307133755,204.02838980135115,198.64417859897637,202.95352172851562,155100,0.0,0.0
2026-01-16 00:00:00-05:00,201.60569503765012,203.73642357175098,201.1795584040017,203.15171813964844,162000,1.02,0.0
2026-01-20 00:00:00-05:00,203.0129656523746,207.0167293516495,197.58209794920307,204.64816284179688,159500,0.0,0.0
2026-01-21 00:00:00-05:00,204.91574444326568,209.27628033441866,202.29941988418346,208.36453247070312,134300,0.0,0.0
2026-01-22 00:00:00-05:00,207.62126229362488,213.59718572172338,207.62126229362488,213.1809539794922,160700,0.0,0.0
2026-01-23 00:00:00-05:00,212.84400690470068,215.13328905085842,211.63494631394119,213.26023864746094,147000,0.0,0.0
2026-01-26 00:00:00-05:00,213.27015910006784,216.64958304924565,213.27015910006784,215.19276428222656,121200,0.0,0.0
2026-01-27 00:00:00-05:00,215.20266277170464,217.59105429808312,213.36926204834006,217.4027557373047,98700,0.0,0.0
2026-01-28 00:00:00-05:00,217.40274378407128,219.35507856171503,215.95584514113824,217.224365234375,102600,0.0,0.0
2026-01-29 00:00:00-05:00,217.23427587908208,224.2904360971957,217.23427587908208,223.80482482910156,169400,0.0,0.0
2026-01-30 00:00:00-05:00,226.01483190057522,229.61228411565008,222.88316609270657,229.15640258789062,231400,0.0,0.0
2026-02-02 00:00:00-05:00,227.6698531760778,232.1195937863585,224.78596058543076,230.04833984375,163300,0.0,0.0
2026-02-03 00:00:00-05:00,229.02757465976308,235.75667744300796,229.02757465976308,235.70712280273438,123300,0.0,0.0
2026-02-04 00:00:00-05:00,237.37206120496313,245.7859157707436,237.07474848997785,241.69296264648438,235500,0.0,0.0
2026-02-05 00:00:00-05:00,243.8732363442549,250.96903142033804,242.7236352180162,250.69154357910156,224100,0.0,0.0
2026-02-06 00:00:00-05:00,247.75807171586118,250.7311685764515,236.0539828275163,236.39093017578125,388600,0.0,0.0
2026-02-09 00:00:00-05:00,240.81095033443714,242.80291986575918,232.47636484365393,235.13232421875,196900,0.0,0.0
2026-02-10 00:00:00-05:00,232.85296506124158,237.07475738213364,232.08986592594619,236.72789001464844,103400,0.0,0.0
2026-02-11 00:00:00-05:00,236.92610957902394,238.38291321152542,233.64577982015263,233.9827423095703,105000,0.0,0.0
2026-02-12 00:00:00-05:00,235.32062446584516,243.51646609457728,235.32062446584516,237.4612579345703,178800,0.0,0.0
2026-02-13 00:00:00-05:00,239.61178381540594,243.51645342409503,233.5664808493717,242.52542114257812,129000,0.0,0.0
2026-02-17 00:00:00-05:00,244.05161630967473,244.7156061565968,237.4810822401859,239.07664489746094,148100,0.0,0.0
2026-02-18 00:00:00-05:00,239.07664642763777,240.999236459024,237.80812624600296,240.19650268554688,121300,0.0,0.0
2026-02-19 00:00:00-05:00,239.68117370593745,240.16676986684547,234.1710212798094,236.18283081054688,75500,0.0,0.0
2026-02-20 00:00:00-05:00,237.80812361808938,237.80812361808938,232.5060946248186,236.3413848876953,107800,0.0,0.0
2026-02-23 00:00:00-05:00,234.41877762759944,242.0497385666504,231.3961411580788,240.46408081054688,156600,0.0,0.0
2026-02-24 00:00:00-05:00,240.97941347192295,244.2101732693716,237.86757270936425,242.60470581054688,131500,0.0,0.0
2026-02-25 00:00:00-05:00,242.62454118922318,243.84350671545022,236.76753651620655,243.51646423339844,98700,0.0,0.0
2026-02-26 00:00:00-05:00,244.50749480219892,247.75807959675205,236.23236889488615,239.9784698486328,181100,0.0,0.0
2026-02-27 00:00:00-05:00,238.41264536098961,239.64151572304067,233.37819951110376,236.0638885498047,217500,0.0,0.0
2026-03-02 00:00:00-05:00,236.06390043144518,238.9279832899901,233.001614129234,238.0162353515625,133400,0.0,0.0
2026-03-03 00:00:00-05:00,235.72695119866557,242.01009255705594,230.17716408822943,241.6533203125,146500,0.0,0.0
2026-03-04 00:00:00-05:00,241.97045566887192,243.7939515143446,236.43058861129035,242.14883422851562,154300,0.0,0.0
2026-03-05 00:00:00-05:00,241.34610255052903,241.34610255052903,233.29892485543706,233.75479125976562,132300,0.0,0.0
2026-03-06 00:00:00-05:00,232.99171445457125,235.44947047923475,229.5429109455304,234.20077514648438,193000,0.0,0.0
2026-03-09 00:00:00-04:00,231.37631527289142,231.5844235902801,226.13374587002806,228.13563537597656,156900,0.0,0.0
2026-03-10 00:00:00-04:00,227.03559962219532,230.4645782399305,224.78596705380215,226.70855712890625,167600,0.0,0.0
2026-03-11 00:00:00-04:00,225.8562528562236,227.25361201447888,221.22813387627093,225.9058074951172,109200,0.0,0.0
2026-03-12 00:00:00-04:00,223.36878316520463,226.77793690540176,222.87326698487257,223.72555541992188,109400,0.0,0.0
2026-03-13 00:00:00-04:00,225.96527875612173,228.01672296169704,217.24420624792063,222.94264221191406,134000,0.0,0.0
2026-03-16 00:00:00-04:00,223.97331459132232,227.92753917336452,221.86241081389215,225.8959197998047,168100,0.0,0.0
2026-03-17 00:00:00-04:00,226.53017533039286,226.92658221977888,219.0181483374863,220.19747924804688,151700,0.0,0.0
2026-03-18 00:00:00-04:00,217.46221552465312,218.3541536891292,214.11253655357234,217.48204040527344,182700,0.0,0.0
2026-03-19 00:00:00-04:00,217.4820460663938,221.75339307308892,211.14934995817046,213.82513427734375,141500,0.0,0.0
2026-03-20 00:00:00-04:00,214.4098507756363,214.4098507756363,209.61324280281323,211.91244506835938,401900,0.0,0.0
2026-03-23 00:00:00-04:00,214.21162265981684,216.02521355859056,211.7439619446932,213.73593139648438,106100,0.0,0.0
2026-03-24 00:00:00-04:00,212.07101645988712,216.69913568569686,212.07101645988712,213.3494415283203,80400,0.0,0.0
2026-03-25 00:00:00-04:00,214.22153644879774,215.16301406920076,211.02049136869442,214.17198181152344,85400,0.0,0.0
2026-03-26 00:00:00-04:00,212.33858070258242,215.35132744160018,198.54341254074393,203.77606201171875,161000,0.0,0.0
2026-03-27 00:00:00-04:00,204.31123146313135,205.12387012097943,198.75153941399645,199.40562438964844,227900,0.0,0.0
2026-03-30 00:00:00-04:00,201.3975917691845,207.49243456372804,199.5146363866947,201.75436401367188,151000,0.0,0.0
2026-03-31 00:00:00-04:00,203.71659724834666,207.66090156974607,198.20646007769906,202.1111297607422,213600,0.0,0.0
2026-04-01 00:00:00-04:00,203.23099303152154,205.43107073885065,200.50565431364126,203.76614379882812,238500,0.0,0.0
2026-04-02 00:00:00-04:00,202.7553016464329,205.50046544660796,199.30651335719432,204.33103942871094,180700,0.0,0.0
2026-04-06 00:00:00-04:00,204.7373722126044,210.29706437308985,202.9832558181607,208.65194702148438,146400,0.0,0.0
2026-04-07 00:00:00-04:00,208.66185968901968,210.92141218714923,207.0266472746146,210.54481506347656,157500,0.0,0.0
2026-04-08 00:00:00-04:00,213.1413231905994,218.33432274435324,213.07194367133187,217.35321044921875,208200,0.0,0.0
2026-04-09 00:00:00-04:00,214.80625783781554,222.52639304600882,214.16209287116627,221.02003479003906,327200,0.0,0.0
2026-04-10 00:00:00-04:00,217.37302436666351,221.25786922725507,207.18521337710277,212.0908203125,398400,0.0,0.0
2026-04-13 00:00:00-04:00,212.0412916288741,212.18003555520053,201.0903809629797,205.18333435058594,377100,0.0,0.0
2026-04-14 00:00:00-04:00,202.80484626661567,205.72838848397117,200.1885216382024,202.93368530273438,179700,0.0,0.0
2026-04-15 00:00:00-04:00,201.7444617232851,204.38059626821024,198.6028758824235,199.56417846679688,231000,0.0,0.0
2026-04-16 00:00:00-04:00,199.63355936509024,202.40845297450684,196.76947647328092,201.81382751464844,155100,0.0,0.0
2026-04-17 00:00:00-04:00,202.37157758806714,213.15848887282888,202.37157758806714,212.531005859375,251800,1.02,0.0
2026-04-20 00:00:00-04:00,212.26208628061855,216.1266535409349,211.23618562305256,214.49317932128906,283100,0.0,0.0
2026-04-21 00:00:00-04:00,214.49317015071,221.1167050098368,214.39356195210527,218.1884002685547,254900,0.0,0.0
2026-04-22 00:00:00-04:00,218.27804370493425,223.22827037105333,216.1664835875186,223.12867736816406,180200,0.0,0.0
2026-04-23 00:00:00-04:00,223.29799416543176,227.2123501671725,221.0868258964213,222.1724853515625,228200,0.0,0.0
2026-04-24 00:00:00-04:00,222.13265779854828,224.98127910924794,217.3417981392074,224.06494140625,170000,0.0,0.0
2026-04-27 00:00:00-04:00,224.06494310909608,225.41953259296977,220.33981822892397,220.50914001464844,114700,0.0,0.0
2026-04-28 00:00:00-04:00,222.08284695570546,224.06493460408788,217.8995609783796,218.46728515625,145500,0.0,0.0
2026-04-29 00:00:00-04:00,216.33580554644553,216.33580554644553,207.89950461271746,212.5708465576172,135600,0.0,0.0
2026-04-30 00:00:00-04:00,212.00311919986328,214.68240347033282,207.91942618713642,209.12461853027344,233800,0.0,0.0
2026-05-01 00:00:00-04:00,211.61466888853184,215.0011348580851,206.65447241563822,210.22023010253906,115100,0.0,0.0
2026-05-04 00:00:00-04:00,209.901518681212,209.901518681212,198.9751646139249,203.45726013183594,188600,0.0,0.0
2026-05-05 00:00:00-04:00,203.77597924838915,210.70829367764054,200.8775538293702,208.507080078125,146600,0.0,0.0
2026-05-06 00:00:00-04:00,210.80787996783397,211.91346410286428,209.66246167213401,210.04095458984375,132000,0.0,0.0
2026-05-07 00:00:00-04:00,210.3995220871737,211.8039004174737,206.56483441841863,208.92539978027344,141800,0.0,0.0
2026-05-08 00:00:00-04:00,208.92540148656784,210.26008144539972,205.56881490521556,207.2222137451172,85400,0.0,0.0
2026-05-11 00:00:00-04:00,207.65049395670414,207.65049395670414,202.80983035323652,205.4990997314453,126800,0.0,0.0
2026-05-12 00:00:00-04:00,206.86364944119927,207.17241358744968,202.56083047930574,203.86561584472656,169800,0.0,0.0
2026-05-13 00:00:00-04:00,202.9791566944431,203.03893073372146,197.58072353353086,198.7659912109375,106200,0.0,0.0
2026-05-14 00:00:00-04:00,198.76599634439947,201.6544670610147,197.5608191541853,201.06680297851562,143800,0.0,0.0
2026-05-15 00:00:00-04:00,201.06679722715342,202.91939728961856,198.88550834091959,200.56878662109375,106900,0.0,0.0
2026-05-18 00:00:00-04:00,200.28990357406056,206.49512672012057,200.28990357406056,203.35765075683594,99100,0.0,0.0
2026-05-19 00:00:00-04:00,203.07876002906298,207.53097596876677,200.20025939493942,203.3675994873047,188700,0.0,0.0
2026-05-20 00:00:00-04:00,203.36760986680238,207.68038366780232,201.3158085402743,207.182373046875,162300,0.0,0.0
2026-05-21 00:00:00-04:00,205.39949652969332,207.57081548708518,200.0309427794473,205.66842651367188,94600,0.0,0.0
2026-05-22 00:00:00-04:00,205.8975103293474,210.11067588595074,204.5628455257827,206.47520446777344,178500,0.0,0.0
2026-05-26 00:00:00-04:00,205.90745851912624,207.0329673390499,201.594684897292,203.7958984375,120500,0.0,0.0
2026-05-27 00:00:00-04:00,205.6484968497968,209.16445044379148,203.6962886251674,204.7122344970703,128700,0.0,0.0
2026-05-28 00:00:00-04:00,203.1783793704193,210.92742344569066,200.50903452909023,200.8875274658203,135100,0.0,0.0
2026-05-29 00:00:00-04:00,199.1942868622392,201.86361640464236,196.27593681975478,199.1743621826172,239000,0.0,0.0
2026-06-01 00:00:00-04:00,197.87953847857867,199.17436913380334,194.65242418067567,196.06678771972656,130400,0.0,0.0
2026-06-02 00:00:00-04:00,196.06677880926392,198.97515888222665,192.1125734392992,198.46717834472656,138300,0.0,0.0
2026-06-03 00:00:00-04:00,197.44127569063195,200.1404997951996,195.5687661933179,197.760009765625,159100,0.0,0.0
2026-06-04 00:00:00-04:00,200.21022530210223,202.80984136357793,198.90543990078558,202.23214721679688,93900,0.0,0.0
2026-06-05 00:00:00-04:00,199.65244477729888,206.3058742388772,199.65244477729888,202.58074951171875,146900,0.0,0.0
2026-06-08 00:00:00-04:00,202.62058717857624,206.22619428854608,202.44131065609824,204.73216247558594,103500,0.0,0.0
2026-06-09 00:00:00-04:00,205.0210083622454,213.7561188911517,205.0210083622454,212.96926879882812,239400,0.0,0.0
2026-06-10 00:00:00-04:00,214.11467401638885,222.56092935691092,212.13258639932553,221.59478759765625,251200,0.0,0.0
2026-06-11 00:00:00-04:00,221.59479728768306,225.79800806174606,221.59479728768306,223.228271484375,135000,0.0,0.0
2026-06-12 00:00:00-04:00,222.55097767982988,225.70836303622795,217.87963585539777,222.1226806640625,175100,0.0,0.0
2026-06-15 00:00:00-04:00,220.698382360204,226.3059866568415,220.698382360204,225.43943786621094,139100,0.0,0.0
2026-06-16 00:00:00-04:00,226.42550404431728,230.08090007014727,222.18245915069522,226.73426818847656,107200,0.0,0.0
2026-06-17 00:00:00-04:00,225.2900431522128,225.399606094807,220.429454714328,224.85179138183594,130700,0.0,0.0
2026-06-18 00:00:00-04:00,225.98725041664403,230.07094343316058,224.69241981154772,226.3059844970703,337900,0.0,0.0
2026-06-22 00:00:00-04:00,225.99720369140027,225.99720369140027,221.90355596070373,222.2222900390625,136800,0.0,0.0
2026-06-23 00:00:00-04:00,223.17847527009025,229.1047983091615,223.01910823220047,226.2860565185547,133600,0.0,0.0
2026-06-24 00:00:00-04:00,228.80599116822626,244.04511856040753,227.0928334892158,243.10885620117188,280500,0.0,0.0
2026-06-25 00:00:00-04:00,242.74033765082552,246.39573369598514,241.77419585381827,245.0809783935547,110300,0.0,0.0
2026-06-26 00:00:00-04:00,246.62481297422127,248.42760893670925,244.94153469381902,247.34194946289062,314900,0.0,0.0
2026-06-29 00:00:00-04:00,244.86185431242055,245.64871959111323,239.92159754722385,244.4435272216797,214800,0.0,0.0
2026-06-30 00:00:00-04:00,242.87977966307557,245.94751163483343,240.77817428885388,242.6706085205078,109900,0.0,0.0
2026-07-01 00:00:00-04:00,242.67060440690528,244.18456088541137,239.91162142918506,240.46939086914062,129700,0.0,0.0
2026-07-02 00:00:00-04:00,241.97339747716373,246.21644240057753,241.41562802598193,244.85189819335938,129700,0.0,0.0
2026-07-06 00:00:00-04:00,244.05507310829532,247.16265438493963,240.29011419295244,245.46942138671875,113400,0.0,0.0
2026-07-07 00:00:00-04:00,247.36187707207986,251.52523849353204,245.43954820666266,248.6566925048828,141600,0.0,0.0
2026-07-08 00:00:00-04:00,248.27821625938097,249.2443580683343,241.90367126848756,245.60887145996094,120700,0.0,0.0
2026-07-09 00:00:00-04:00,243.47737734774825,246.35587798474018,237.72037607376433,238.46739196777344,319300,0.0,0.0
2026-07-10 00:00:00-04:00,290.9278372709907,297.7107394120505,260.44958156970137,263.8559875488281,1174600,0.0,0.0
2026-07-13 00:00:00-04:00,265.2504120098479,266.32613196285376,247.38178866613094,250.4296112060547,286900,0.0,0.0
2026-07-14 00:00:00-04:00,250.9973453920563,250.9973453920563,245.02121812081688,248.12879943847656,139000,0.0,0.0
2026-07-15 00:00:00-04:00,247.75032187643993,250.49933495171948,245.53915356877337,248.40768432617188,134700,0.0,0.0
2026-07-16 00:00:00-04:00,247.50131427086083,257.471481044245,247.50131427086083,255.33998107910156,143800,0.0,0.0
2026-07-17 00:00:00-04:00,254.7899932861328,259.7699890136719,246.61000061035156,246.7899932861328,162100,1.02,0.0
2026-07-20 00:00:00-04:00,246.35000610351562,247.32000732421875,238.0800018310547,239.58999633789062,151300,0.0,0.0
2026-07-21 00:00:00-04:00,236.8000030517578,239.8000030517578,234.00999450683594,237.72000122070312,178300,0.0,0.0
2026-07-22 00:00:00-04:00,239.1300048828125,239.1300048828125,233.24000549316406,237.1199951171875,112100,0.0,0.0
2026-07-23 00:00:00-04:00,232.52000427246094,236.67999267578125,230.5500030517578,232.61000061035156,112100,0.0,0.0
2026-07-24 00:00:00-04:00,232.7899932861328,234.99000549316406,229.6699981689453,231.3300018310547,92600,0.0,0.0
2026-07-27 00:00:00-04:00,232.4499969482422,234.8000030517578,231.10000610351562,233.5500030517578,106400,0.0,0.0
2026-07-28 00:00:00-04:00,238.6699981689453,241.99000549316406,228.91000366210938,229.33999633789062,108700,0.0,0.0
2026-07-29 00:00:00-04:00,225.36000061035156,228.30999755859375,219.0,222.39999389648438,223500,0.0,0.0
2026-07-30 00:00:00-04:00,222.63999938964844,229.80999755859375,222.0,227.75999450683594,128200,0.0,0.0
2026-07-31 00:00:00-04:00,226.63999938964844,228.02000427246094,225.52999877929688,227.13999938964844,111500,0.0,0.0
2026-08-03 00:00:00-04:00,227.69000244140625,233.30999755859375,226.5,227.2899932861328,100700,0.0,0.0
2026-08-04 00:00:00-04:00,227.30999755859375,236.00999450683594,227.0,236.0,226500,0.0,0.0
2026-08-05 00:00:00-04:00,236.00999450683594,237.22000122070312,232.72000122070312,234.8000030517578,108400,0.0,0.0
2026-08-06 00:00:00-04:00,235.2100067138672,236.0,229.9199981689453,231.1999969482422,76000,0.0,0.0
2026-08-07 00:00:00-04:00,233.30999755859375,236.99000549316406,229.55999755859375,234.92999267578125,114000,0.0,0.0
2026-08-10 00:00:00-04:00,232.1199951171875,236.99000549316406,231.92999267578125,234.50999450683594,84600,0.0,0.0
2026-08-11 00:00:00-04:00,234.52000427246094,238.4499969482422,232.61000061035156,233.11000061035156,67900,0.0,0.0
2026-08-12 00:00:00-04:00,233.63999938964844,234.14999389648438,231.85000610351562,232.5,84300,0.0,0.0
2026-08-13 00:00:00-04:00,234.9199981689453,236.0,230.02999877929688,230.10000610351562,76100,0.0,0.0
2026-08-14 00:00:00-04:00,229.6199951171875,231.72000122070312,227.6199951171875,229.24000549316406,90500,0.0,0.0
2026-08-17 00:00:00-04:00,227.17999267578125,230.97000122070312,226.9600067138672,229.00999450683594,87400,0.0,0.0
2026-08-18 00:00:00-04:00,230.9600067138672,232.80999755859375,229.8000030517578,230.00999450683594,101400,0.0,0.0
2026-08-19 00:00:00-04:00,230.36000061035156,232.22000122070312,222.67999267578125,223.22999572753906,78400,0.0,0.0
2026-08-20 00:00:00-04:00,220.00999450683594,225.41000366210938,211.9199981689453,211.9199981689453,96700,0.0,0.0
2026-08-21 00:00:00-04:00,213.16000366210938,217.2100067138672,210.11000061035156,217.0800018310547,137900,0.0,0.0
2026-08-24 00:00:00-04:00,217.14999389648438,220.7100067138672,215.6199951171875,215.88999938964844,90100,0.0,0.0
2026-08-25 00:00:00-04:00,215.88999938964844,216.4600067138672,211.67999267578125,214.14999389648438,76600,0.0,0.0
2026-08-26 00:00:00-04:00,216.0800018310547,217.02999877929688,214.36000061035156,216.5800018310547,81100,0.0,0.0
2026-08-27 00:00:00-04:00,213.60000610351562,221.00999450683594,213.60000610351562,218.9199981689453,82200,0.0,0.0
2026-08-28 00:00:00-04:00,220.24000549316406,220.49000549316406,215.8300018310547,217.1699981689453,64500,0.0,0.0
2026-08-31 00:00:00-04:00,216.27000427246094,216.27000427246094,213.10000610351562,214.14999389648438,112800,0.0,0.0
2026-09-01 00:00:00-04:00,212.6199951171875,215.36000061035156,211.92999267578125,212.64999389648438,89500,0.0,0.0
2026-09-02 00:00:00-04:00,214.27999877929688,215.80999755859375,211.85000610351562,212.0800018310547,111100,0.0,0.0
2026-09-03 00:00:00-04:00,213.3300018310547,214.8000030517578,210.0,210.4600067138672,75200,0.0,0.0
2026-09-04 00:00:00-04:00,208.27000427246094,210.69000244140625,206.49000549316406,207.57000732421875,110465,0.0,0.0
