Date,Open,High,Low,Close,Volume,Dividends,Stock Splits
2022-01-03 00:00:00-05:00,31.649999618530273,32.279998779296875,31.0,31.93000030517578,563900,0.0,0.0
2022-01-04 00:00:00-05:00,31.799999237060547,32.040000915527344,28.280000686645508,28.6200008392334,588400,0.0,0.0
2022-01-05 00:00:00-05:00,28.6299991607666,28.75,26.610000610351562,26.940000534057617,668400,0.0,0.0
2022-01-06 00:00:00-05:00,26.850000381469727,27.40999984741211,25.610000610351562,26.75,439700,0.0,0.0
2022-01-07 00:00:00-05:00,26.75,27.700000762939453,25.520000457763672,25.610000610351562,652700,0.0,0.0
2022-01-10 00:00:00-05:00,25.020000457763672,25.440000534057617,24.31999969482422,25.420000076293945,777300,0.0,0.0
2022-01-11 00:00:00-05:00,25.209999084472656,26.56999969482422,24.899999618530273,26.15999984741211,443700,0.0,0.0
2022-01-12 00:00:00-05:00,26.440000534057617,27.299999237060547,25.209999084472656,25.350000381469727,384900,0.0,0.0
2022-01-13 00:00:00-05:00,25.3700008392334,25.469999313354492,23.969999313354492,24.079999923706055,434600,0.0,0.0
2022-01-14 00:00:00-05:00,23.799999237060547,24.209999084472656,22.84000015258789,23.5,407400,0.0,0.0
2022-01-18 00:00:00-05:00,22.899999618530273,22.989999771118164,21.770000457763672,22.030000686645508,597900,0.0,0.0
2022-01-19 00:00:00-05:00,22.100000381469727,22.670000076293945,21.440000534057617,21.489999771118164,750100,0.0,0.0
2022-01-20 00:00:00-05:00,21.950000762939453,22.18000030517578,20.700000762939453,20.790000915527344,913900,0.0,0.0
2022-01-21 00:00:00-05:00,20.450000762939453,21.469999313354492,19.81999969482422,19.829999923706055,929900,0.0,0.0
2022-01-24 00:00:00-05:00,19.309999465942383,20.68000030517578,18.40999984741211,20.540000915527344,921100,0.0,0.0
2022-01-25 00:00:00-05:00,20.0,20.40999984741211,19.239999771118164,19.3700008392334,737100,0.0,0.0
2022-01-26 00:00:00-05:00,20.010000228881836,20.450000762939453,18.68000030517578,18.979999542236328,556100,0.0,0.0
2022-01-27 00:00:00-05:00,19.260000228881836,19.739999771118164,17.829999923706055,17.959999084472656,559200,0.0,0.0
2022-01-28 00:00:00-05:00,18.25,18.84000015258789,17.3799991607666,18.790000915527344,1273800,0.0,0.0
2022-01-31 00:00:00-05:00,18.809999465942383,20.59000015258789,18.799999237060547,20.5,1218700,0.0,0.0
2022-02-01 00:00:00-05:00,20.860000610351562,21.229999542236328,19.979999542236328,20.700000762939453,1271900,0.0,0.0
2022-02-02 00:00:00-05:00,21.100000381469727,21.100000381469727,19.389999389648438,19.81999969482422,1406300,0.0,0.0
2022-02-03 00:00:00-05:00,19.420000076293945,19.739999771118164,18.559999465942383,18.649999618530273,1411500,0.0,0.0
2022-02-04 00:00:00-05:00,18.729999542236328,19.270000457763672,18.079999923706055,18.860000610351562,1536300,0.0,0.0
2022-02-07 00:00:00-05:00,18.84000015258789,20.209999084472656,18.84000015258789,19.389999389648438,1444200,0.0,0.0
2022-02-08 00:00:00-05:00,19.229999542236328,19.440000534057617,18.510000228881836,19.299999237060547,1761600,0.0,0.0
2022-02-09 00:00:00-05:00,19.600000381469727,20.559999465942383,19.43000030517578,20.5,1875100,0.0,0.0
2022-02-10 00:00:00-05:00,19.84000015258789,21.790000915527344,19.65999984741211,20.399999618530273,1467800,0.0,0.0
2022-02-11 00:00:00-05:00,20.389999389648438,21.0,19.389999389648438,19.610000610351562,1138600,0.0,0.0
2022-02-14 00:00:00-05:00,19.649999618530273,20.3799991607666,19.149999618530273,19.40999984741211,609800,0.0,0.0
2022-02-15 00:00:00-05:00,19.940000534057617,20.56999969482422,19.760000228881836,20.540000915527344,720800,0.0,0.0
2022-02-16 00:00:00-05:00,20.360000610351562,20.68000030517578,19.860000610351562,20.420000076293945,654100,0.0,0.0
2022-02-17 00:00:00-05:00,20.110000610351562,20.450000762939453,18.920000076293945,19.040000915527344,415900,0.0,0.0
2022-02-18 00:00:00-05:00,18.979999542236328,19.219999313354492,18.239999771118164,18.399999618530273,497300,0.0,0.0
2022-02-22 00:00:00-05:00,18.18000030517578,18.440000534057617,17.6299991607666,17.8700008392334,448000,0.0,0.0
2022-02-23 00:00:00-05:00,18.110000610351562,18.239999771118164,17.229999542236328,17.299999237060547,543500,0.0,0.0
2022-02-24 00:00:00-05:00,16.6200008392334,19.6200008392334,16.600000381469727,19.3799991607666,1437100,0.0,0.0
2022-02-25 00:00:00-05:00,19.270000457763672,20.09000015258789,18.040000915527344,20.049999237060547,1652200,0.0,0.0
2022-02-28 00:00:00-05:00,19.760000228881836,20.760000228881836,19.649999618530273,19.93000030517578,1592300,0.0,0.0
2022-03-01 00:00:00-05:00,19.8700008392334,20.559999465942383,19.350000381469727,19.639999389648438,932100,0.0,0.0
2022-03-02 00:00:00-05:00,19.729999542236328,21.079999923706055,19.309999465942383,19.90999984741211,810900,0.0,0.0
2022-03-03 00:00:00-05:00,19.700000762939453,20.299999237060547,19.479999542236328,20.229999542236328,1141900,0.0,0.0
2022-03-04 00:00:00-05:00,19.8700008392334,20.260000228881836,19.059999465942383,19.299999237060547,772500,0.0,0.0
2022-03-07 00:00:00-05:00,19.450000762939453,19.780000686645508,18.559999465942383,18.690000534057617,641700,0.0,0.0
2022-03-08 00:00:00-05:00,18.600000381469727,19.170000076293945,18.06999969482422,18.510000228881836,642400,0.0,0.0
2022-03-09 00:00:00-05:00,19.15999984741211,19.649999618530273,18.709999084472656,19.610000610351562,688600,0.0,0.0
2022-03-10 00:00:00-05:00,19.059999465942383,19.43000030517578,18.68000030517578,19.170000076293945,395300,0.0,0.0
2022-03-11 00:00:00-05:00,19.329999923706055,19.43000030517578,18.1299991607666,18.18000030517578,345400,0.0,0.0
2022-03-14 00:00:00-04:00,18.0,18.239999771118164,16.93000030517578,16.969999313354492,891700,0.0,0.0
2022-03-15 00:00:00-04:00,17.1299991607666,17.43000030517578,16.40999984741211,17.389999389648438,703300,0.0,0.0
2022-03-16 00:00:00-04:00,17.940000534057617,18.59000015258789,17.6299991607666,18.549999237060547,637800,0.0,0.0
2022-03-17 00:00:00-04:00,18.549999237060547,20.030000686645508,18.200000762939453,19.729999542236328,1040900,0.0,0.0
2022-03-18 00:00:00-04:00,19.549999237060547,21.040000915527344,19.040000915527344,20.950000762939453,789500,0.0,0.0
2022-03-21 00:00:00-04:00,20.690000534057617,20.809999465942383,19.559999465942383,20.0,465700,0.0,0.0
2022-03-22 00:00:00-04:00,20.110000610351562,21.0,20.020000457763672,20.729999542236328,309000,0.0,0.0
2022-03-23 00:00:00-04:00,20.360000610351562,20.959999084472656,20.110000610351562,20.209999084472656,545800,0.0,0.0
2022-03-24 00:00:00-04:00,20.3700008392334,20.549999237060547,19.649999618530273,20.459999084472656,329100,0.0,0.0
2022-03-25 00:00:00-04:00,20.739999771118164,20.739999771118164,19.329999923706055,19.559999465942383,281100,0.0,0.0
2022-03-28 00:00:00-04:00,19.649999618530273,20.200000762939453,18.989999771118164,19.729999542236328,271800,0.0,0.0
2022-03-29 00:00:00-04:00,20.1299991607666,21.6299991607666,20.1299991607666,21.18000030517578,447500,0.0,0.0
2022-03-30 00:00:00-04:00,20.860000610351562,21.270000457763672,20.309999465942383,20.479999542236328,385600,0.0,0.0
2022-03-31 00:00:00-04:00,21.040000915527344,21.34000015258789,20.549999237060547,20.6200008392334,473500,0.0,0.0
2022-04-01 00:00:00-04:00,20.700000762939453,21.90999984741211,20.600000381469727,21.889999389648438,899000,0.0,0.0
2022-04-04 00:00:00-04:00,21.93000030517578,22.219999313354492,21.600000381469727,21.8799991607666,560100,0.0,0.0
2022-04-05 00:00:00-04:00,21.8799991607666,22.139999389648438,20.860000610351562,21.06999969482422,529500,0.0,0.0
2022-04-06 00:00:00-04:00,21.020000457763672,21.040000915527344,19.059999465942383,20.100000381469727,691200,0.0,0.0
2022-04-07 00:00:00-04:00,20.1200008392334,20.459999084472656,19.6200008392334,20.0,509700,0.0,0.0
2022-04-08 00:00:00-04:00,19.84000015258789,20.010000228881836,19.219999313354492,19.31999969482422,680700,0.0,0.0
2022-04-11 00:00:00-04:00,19.030000686645508,19.15999984741211,18.559999465942383,18.8799991607666,668800,0.0,0.0
2022-04-12 00:00:00-04:00,19.280000686645508,20.149999618530273,18.579999923706055,18.84000015258789,679000,0.0,0.0
2022-04-13 00:00:00-04:00,18.8799991607666,19.600000381469727,18.790000915527344,19.18000030517578,280400,0.0,0.0
2022-04-14 00:00:00-04:00,19.510000228881836,19.520000457763672,17.959999084472656,18.389999389648438,341000,0.0,0.0
2022-04-18 00:00:00-04:00,18.579999923706055,18.579999923706055,17.489999771118164,17.65999984741211,580300,0.0,0.0
2022-04-19 00:00:00-04:00,17.5,18.1200008392334,17.31999969482422,17.549999237060547,793500,0.0,0.0
2022-04-20 00:00:00-04:00,17.65999984741211,17.65999984741211,16.549999237060547,16.559999465942383,851900,0.0,0.0
2022-04-21 00:00:00-04:00,16.93000030517578,17.209999084472656,14.170000076293945,14.199999809265137,1682700,0.0,0.0
2022-04-22 00:00:00-04:00,14.210000038146973,14.619999885559082,13.359999656677246,13.420000076293945,1608500,0.0,0.0
2022-04-25 00:00:00-04:00,13.25,13.819999694824219,13.210000038146973,13.670000076293945,983000,0.0,0.0
2022-04-26 00:00:00-04:00,13.670000076293945,13.670000076293945,12.569999694824219,12.800000190734863,1153800,0.0,0.0
2022-04-27 00:00:00-04:00,12.800000190734863,13.239999771118164,12.25,12.34000015258789,939400,0.0,0.0
2022-04-28 00:00:00-04:00,12.529999732971191,13.0,11.569999694824219,12.199999809265137,932000,0.0,0.0
2022-04-29 00:00:00-04:00,12.15999984741211,12.949999809265137,11.899999618530273,12.029999732971191,1067000,0.0,0.0
2022-05-02 00:00:00-04:00,12.0600004196167,12.75,12.039999961853027,12.6899995803833,797100,0.0,0.0
2022-05-03 00:00:00-04:00,12.65999984741211,13.029999732971191,12.479999542236328,12.65999984741211,692000,0.0,0.0
2022-05-04 00:00:00-04:00,12.680000305175781,12.949999809265137,11.8100004196167,12.819999694824219,860000,0.0,0.0
2022-05-05 00:00:00-04:00,12.649999618530273,12.90999984741211,11.619999885559082,11.75,1000500,0.0,0.0
2022-05-06 00:00:00-04:00,11.6899995803833,11.899999618530273,11.0,11.640000343322754,1280300,0.0,0.0
2022-05-09 00:00:00-04:00,11.25,11.25,9.6899995803833,9.920000076293945,1888900,0.0,0.0
2022-05-10 00:00:00-04:00,10.369999885559082,10.819999694824219,9.739999771118164,10.600000381469727,1295000,0.0,0.0
2022-05-11 00:00:00-04:00,10.380000114440918,10.600000381469727,9.609999656677246,9.699999809265137,922400,0.0,0.0
2022-05-12 00:00:00-04:00,9.5,10.850000381469727,9.470000267028809,10.569999694824219,1380600,0.0,0.0
2022-05-13 00:00:00-04:00,10.819999694824219,11.359999656677246,10.529999732971191,10.970000267028809,1140400,0.0,0.0
2022-05-16 00:00:00-04:00,10.800000190734863,10.970000267028809,10.180000305175781,10.180000305175781,800600,0.0,0.0
2022-05-17 00:00:00-04:00,10.569999694824219,10.84000015258789,10.319999694824219,10.75,944100,0.0,0.0
2022-05-18 00:00:00-04:00,10.470000267028809,10.869999885559082,9.960000038146973,10.170000076293945,559000,0.0,0.0
2022-05-19 00:00:00-04:00,10.239999771118164,10.789999961853027,10.079999923706055,10.470000267028809,717500,0.0,0.0
2022-05-20 00:00:00-04:00,10.800000190734863,10.84000015258789,9.880000114440918,10.489999771118164,652200,0.0,0.0
2022-05-23 00:00:00-04:00,10.5600004196167,10.6899995803833,10.010000228881836,10.510000228881836,1172100,0.0,0.0
2022-05-24 00:00:00-04:00,10.300000190734863,10.319999694824219,9.729999542236328,9.850000381469727,904800,0.0,0.0
2022-05-25 00:00:00-04:00,9.789999961853027,9.979999542236328,9.619999885559082,9.960000038146973,879700,0.0,0.0
2022-05-26 00:00:00-04:00,10.039999961853027,10.539999961853027,9.949999809265137,10.100000381469727,1260100,0.0,0.0
2022-05-27 00:00:00-04:00,10.1899995803833,11.199999809265137,10.130000114440918,11.050000190734863,1283800,0.0,0.0
2022-05-31 00:00:00-04:00,11.149999618530273,11.210000038146973,10.489999771118164,10.680000305175781,697700,0.0,0.0
2022-06-01 00:00:00-04:00,10.75,10.859999656677246,9.9399995803833,10.020000457763672,490700,0.0,0.0
2022-06-02 00:00:00-04:00,9.949999809265137,10.770000457763672,9.949999809265137,10.569999694824219,418500,0.0,0.0
2022-06-03 00:00:00-04:00,10.319999694824219,10.550000190734863,9.979999542236328,10.140000343322754,812400,0.0,0.0
2022-06-06 00:00:00-04:00,10.34000015258789,10.5,9.470000267028809,9.59000015258789,670000,0.0,0.0
2022-06-07 00:00:00-04:00,9.479999542236328,10.100000381469727,9.390000343322754,10.050000190734863,617600,0.0,0.0
2022-06-08 00:00:00-04:00,10.050000190734863,10.510000228881836,9.9399995803833,10.3100004196167,507900,0.0,0.0
2022-06-09 00:00:00-04:00,10.170000076293945,10.170000076293945,9.600000381469727,9.609999656677246,588000,0.0,0.0
2022-06-10 00:00:00-04:00,9.289999961853027,9.579999923706055,8.949999809265137,9.15999984741211,553700,0.0,0.0
2022-06-13 00:00:00-04:00,8.760000228881836,8.960000038146973,8.510000228881836,8.649999618530273,898400,0.0,0.0
2022-06-14 00:00:00-04:00,8.699999809265137,8.9399995803833,8.329999923706055,8.869999885559082,746200,0.0,0.0
2022-06-15 00:00:00-04:00,8.979999542236328,9.270000457763672,8.569999694824219,8.739999771118164,1507600,0.0,0.0
2022-06-16 00:00:00-04:00,8.399999618530273,8.449999809265137,8.109999656677246,8.350000381469727,1001100,0.0,0.0
2022-06-17 00:00:00-04:00,8.640000343322754,9.289999961853027,8.5,9.050000190734863,1420600,0.0,0.0
2022-06-21 00:00:00-04:00,9.130000114440918,9.710000038146973,9.130000114440918,9.359999656677246,576800,0.0,0.0
2022-06-22 00:00:00-04:00,9.15999984741211,9.90999984741211,9.119999885559082,9.699999809265137,485600,0.0,0.0
2022-06-23 00:00:00-04:00,9.819999694824219,10.449999809265137,9.75,10.430000305175781,615500,0.0,0.0
2022-06-24 00:00:00-04:00,10.430000305175781,11.4399995803833,10.430000305175781,11.4399995803833,1598000,0.0,0.0
2022-06-27 00:00:00-04:00,11.430000305175781,11.579999923706055,10.970000267028809,11.220000267028809,866800,0.0,0.0
2022-06-28 00:00:00-04:00,11.239999771118164,11.460000038146973,10.920000076293945,11.119999885559082,1047500,0.0,0.0
2022-06-29 00:00:00-04:00,11.029999732971191,11.34000015258789,10.859999656677246,11.119999885559082,778800,0.0,0.0
2022-06-30 00:00:00-04:00,10.850000381469727,11.0,10.289999961853027,10.460000038146973,645500,0.0,0.0
2022-07-01 00:00:00-04:00,10.449999809265137,11.029999732971191,10.319999694824219,10.880000114440918,474900,0.0,0.0
2022-07-05 00:00:00-04:00,10.710000038146973,12.020000457763672,10.550000190734863,12.0,634300,0.0,0.0
2022-07-06 00:00:00-04:00,12.050000190734863,12.40999984741211,11.920000076293945,12.109999656677246,788500,0.0,0.0
2022-07-07 00:00:00-04:00,12.09000015258789,13.029999732971191,12.010000228881836,12.859999656677246,601100,0.0,0.0
2022-07-08 00:00:00-04:00,12.649999618530273,12.989999771118164,12.289999961853027,12.600000381469727,518400,0.0,0.0
2022-07-11 00:00:00-04:00,12.5,12.65999984741211,11.970000267028809,12.0600004196167,407700,0.0,0.0
2022-07-12 00:00:00-04:00,12.15999984741211,12.529999732971191,11.649999618530273,12.079999923706055,490100,0.0,0.0
2022-07-13 00:00:00-04:00,11.640000343322754,12.920000076293945,11.59000015258789,12.670000076293945,535700,0.0,0.0
2022-07-14 00:00:00-04:00,12.539999961853027,12.609999656677246,11.989999771118164,12.069999694824219,549300,0.0,0.0
2022-07-15 00:00:00-04:00,8.470000267028809,8.510000228881836,6.150000095367432,6.670000076293945,13273100,0.0,0.0
2022-07-18 00:00:00-04:00,6.980000019073486,7.190000057220459,6.710000038146973,6.809999942779541,3938800,0.0,0.0
2022-07-19 00:00:00-04:00,6.809999942779541,7.21999979019165,6.699999809265137,7.139999866485596,2119500,0.0,0.0
2022-07-20 00:00:00-04:00,7.150000095367432,7.900000095367432,7.130000114440918,7.840000152587891,1373200,0.0,0.0
2022-07-21 00:00:00-04:00,8.109999656677246,8.420000076293945,7.880000114440918,8.100000381469727,1314900,0.0,0.0
2022-07-22 00:00:00-04:00,8.069999694824219,8.069999694824219,7.329999923706055,7.460000038146973,1370000,0.0,0.0
2022-07-25 00:00:00-04:00,7.460000038146973,7.619999885559082,7.210000038146973,7.369999885559082,867000,0.0,0.0
2022-07-26 00:00:00-04:00,7.28000020980835,7.440000057220459,7.110000133514404,7.300000190734863,710200,0.0,0.0
2022-07-27 00:00:00-04:00,7.380000114440918,7.760000228881836,7.230000019073486,7.639999866485596,845100,0.0,0.0
2022-07-28 00:00:00-04:00,7.610000133514404,7.739999771118164,7.300000190734863,7.340000152587891,981300,0.0,0.0
2022-07-29 00:00:00-04:00,7.340000152587891,7.340000152587891,6.75,6.860000133514404,1610400,0.0,0.0
2022-08-01 00:00:00-04:00,6.78000020980835,7.050000190734863,6.650000095367432,6.730000019073486,968900,0.0,0.0
2022-08-02 00:00:00-04:00,6.659999847412109,7.699999809265137,6.650000095367432,7.510000228881836,1519200,0.0,0.0
2022-08-03 00:00:00-04:00,7.610000133514404,8.020000457763672,7.559999942779541,7.78000020980835,1440200,0.0,0.0
2022-08-04 00:00:00-04:00,7.849999904632568,8.079999923706055,7.800000190734863,7.980000019073486,1167300,0.0,0.0
2022-08-05 00:00:00-04:00,7.820000171661377,8.880000114440918,7.639999866485596,8.75,1187100,0.0,0.0
2022-08-08 00:00:00-04:00,8.720000267028809,8.859999656677246,8.010000228881836,8.270000457763672,1377500,0.0,0.0
2022-08-09 00:00:00-04:00,8.15999984741211,8.380000114440918,7.71999979019165,7.78000020980835,1011200,0.0,0.0
2022-08-10 00:00:00-04:00,8.09000015258789,8.770000457763672,8.039999961853027,8.699999809265137,1051300,0.0,0.0
2022-08-11 00:00:00-04:00,8.800000190734863,9.289999961853027,8.300000190734863,8.34000015258789,948000,0.0,0.0
2022-08-12 00:00:00-04:00,8.40999984741211,8.949999809265137,8.3100004196167,8.84000015258789,758300,0.0,0.0
2022-08-15 00:00:00-04:00,8.930000305175781,9.020000457763672,8.649999618530273,8.920000076293945,767300,0.0,0.0
2022-08-16 00:00:00-04:00,8.670000076293945,8.890000343322754,8.279999732971191,8.539999961853027,701600,0.0,0.0
2022-08-17 00:00:00-04:00,8.390000343322754,8.640000343322754,8.319999694824219,8.369999885559082,681900,0.0,0.0
2022-08-18 00:00:00-04:00,8.300000190734863,8.380000114440918,8.0,8.34000015258789,485500,0.0,0.0
2022-08-19 00:00:00-04:00,8.149999618530273,8.279999732971191,7.889999866485596,7.96999979019165,463700,0.0,0.0
2022-08-22 00:00:00-04:00,7.900000095367432,8.119999885559082,7.619999885559082,7.760000228881836,628900,0.0,0.0
2022-08-23 00:00:00-04:00,7.789999961853027,7.940000057220459,7.579999923706055,7.610000133514404,658800,0.0,0.0
2022-08-24 00:00:00-04:00,7.639999866485596,8.050000190734863,7.46999979019165,7.789999961853027,556600,0.0,0.0
2022-08-25 00:00:00-04:00,7.860000133514404,8.0600004196167,7.800000190734863,7.849999904632568,768800,0.0,0.0
2022-08-26 00:00:00-04:00,7.849999904632568,8.050000190734863,7.349999904632568,7.369999885559082,784700,0.0,0.0
2022-08-29 00:00:00-04:00,7.21999979019165,7.420000076293945,7.059999942779541,7.059999942779541,621000,0.0,0.0
2022-08-30 00:00:00-04:00,7.199999809265137,7.25,6.920000076293945,7.059999942779541,558900,0.0,0.0
2022-08-31 00:00:00-04:00,7.190000057220459,7.300000190734863,6.960000038146973,7.010000228881836,501100,0.0,0.0
2022-09-01 00:00:00-04:00,6.949999809265137,6.960000038146973,6.710000038146973,6.929999828338623,473900,0.0,0.0
2022-09-02 00:00:00-04:00,7.050000190734863,7.090000152587891,6.619999885559082,6.739999771118164,581500,0.0,0.0
2022-09-06 00:00:00-04:00,6.809999942779541,6.849999904632568,6.539999961853027,6.559999942779541,590900,0.0,0.0
2022-09-07 00:00:00-04:00,6.570000171661377,7.079999923706055,6.539999961853027,7.059999942779541,647800,0.0,0.0
2022-09-08 00:00:00-04:00,7.0,7.489999771118164,6.820000171661377,7.400000095367432,619400,0.0,0.0
2022-09-09 00:00:00-04:00,7.480000019073486,7.639999866485596,7.380000114440918,7.559999942779541,417700,0.0,0.0
2022-09-12 00:00:00-04:00,7.590000152587891,7.960000038146973,7.510000228881836,7.960000038146973,534900,0.0,0.0
2022-09-13 00:00:00-04:00,7.809999942779541,7.809999942779541,7.159999847412109,7.25,506400,0.0,0.0
2022-09-14 00:00:00-04:00,7.269999980926514,7.559999942779541,7.070000171661377,7.5,584500,0.0,0.0
2022-09-15 00:00:00-04:00,7.389999866485596,7.800000190734863,7.119999885559082,7.239999771118164,604200,0.0,0.0
2022-09-16 00:00:00-04:00,7.059999942779541,7.059999942779541,6.710000038146973,6.889999866485596,1019800,0.0,0.0
2022-09-19 00:00:00-04:00,6.789999961853027,6.980000019073486,6.690000057220459,6.940000057220459,591700,0.0,0.0
2022-09-20 00:00:00-04:00,6.800000190734863,6.96999979019165,6.679999828338623,6.769999980926514,587100,0.0,0.0
2022-09-21 00:00:00-04:00,6.840000152587891,6.940000057220459,6.570000171661377,6.659999847412109,545900,0.0,0.0
2022-09-22 00:00:00-04:00,6.579999923706055,6.610000133514404,6.170000076293945,6.190000057220459,1296300,0.0,0.0
2022-09-23 00:00:00-04:00,6.170000076293945,6.360000133514404,6.039999961853027,6.150000095367432,935100,0.0,0.0
2022-09-26 00:00:00-04:00,6.110000133514404,6.269999980926514,6.050000190734863,6.079999923706055,818400,0.0,0.0
2022-09-27 00:00:00-04:00,6.230000019073486,6.269999980926514,6.050000190734863,6.159999847412109,591900,0.0,0.0
2022-09-28 00:00:00-04:00,6.260000228881836,6.440000057220459,6.21999979019165,6.380000114440918,846600,0.0,0.0
2022-09-29 00:00:00-04:00,6.25,6.349999904632568,6.050000190734863,6.110000133514404,495100,0.0,0.0
2022-09-30 00:00:00-04:00,6.079999923706055,6.429999828338623,6.050000190734863,6.059999942779541,737400,0.0,0.0
2022-10-03 00:00:00-04:00,6.139999866485596,6.159999847412109,5.730000019073486,6.070000171661377,676200,0.0,0.0
2022-10-04 00:00:00-04:00,6.260000228881836,6.679999828338623,6.260000228881836,6.5,727300,0.0,0.0
2022-10-05 00:00:00-04:00,6.329999923706055,6.409999847412109,5.920000076293945,6.039999961853027,762600,0.0,0.0
2022-10-06 00:00:00-04:00,5.980000019073486,6.21999979019165,5.820000171661377,5.880000114440918,667700,0.0,0.0
2022-10-07 00:00:00-04:00,5.769999980926514,5.769999980926514,5.389999866485596,5.400000095367432,873100,0.0,0.0
2022-10-10 00:00:00-04:00,5.369999885559082,5.409999847412109,5.190000057220459,5.269999980926514,719900,0.0,0.0
2022-10-11 00:00:00-04:00,5.230000019073486,5.440000057220459,5.079999923706055,5.309999942779541,1046900,0.0,0.0
2022-10-12 00:00:00-04:00,5.320000171661377,5.360000133514404,5.150000095367432,5.260000228881836,717100,0.0,0.0
2022-10-13 00:00:00-04:00,5.099999904632568,5.199999809265137,4.960000038146973,5.059999942779541,1237300,0.0,0.0
2022-10-14 00:00:00-04:00,5.170000076293945,5.360000133514404,4.940000057220459,5.010000228881836,1121500,0.0,0.0
2022-10-17 00:00:00-04:00,5.25,5.429999828338623,5.150000095367432,5.380000114440918,951100,0.0,0.0
2022-10-18 00:00:00-04:00,5.570000171661377,5.650000095367432,5.420000076293945,5.489999771118164,789000,0.0,0.0
2022-10-19 00:00:00-04:00,5.380000114440918,5.400000095367432,4.929999828338623,4.980000019073486,905400,0.0,0.0
2022-10-20 00:00:00-04:00,4.989999771118164,5.170000076293945,4.900000095367432,5.0,657800,0.0,0.0
2022-10-21 00:00:00-04:00,5.119999885559082,5.190000057220459,4.900000095367432,5.119999885559082,933800,0.0,0.0
2022-10-24 00:00:00-04:00,5.099999904632568,5.340000152587891,4.809999942779541,5.329999923706055,959200,0.0,0.0
2022-10-25 00:00:00-04:00,5.349999904632568,5.659999847412109,5.349999904632568,5.610000133514404,542400,0.0,0.0
2022-10-26 00:00:00-04:00,5.610000133514404,5.900000095367432,5.510000228881836,5.800000190734863,608800,0.0,0.0
2022-10-27 00:00:00-04:00,5.880000114440918,5.889999866485596,5.559999942779541,5.590000152587891,573700,0.0,0.0
2022-10-28 00:00:00-04:00,5.590000152587891,5.710000038146973,5.400000095367432,5.679999828338623,553000,0.0,0.0
2022-10-31 00:00:00-04:00,5.639999866485596,5.769999980926514,5.489999771118164,5.619999885559082,494100,0.0,0.0
2022-11-01 00:00:00-04:00,5.639999866485596,5.78000020980835,5.610000133514404,5.699999809265137,461500,0.0,0.0
2022-11-02 00:00:00-04:00,5.71999979019165,6.0,5.519999980926514,5.75,674600,0.0,0.0
2022-11-03 00:00:00-04:00,5.699999809265137,5.829999923706055,5.599999904632568,5.710000038146973,793100,0.0,0.0
2022-11-04 00:00:00-04:00,6.239999771118164,6.5,5.809999942779541,6.340000152587891,1138200,0.0,0.0
2022-11-07 00:00:00-05:00,6.21999979019165,6.380000114440918,5.659999847412109,5.829999923706055,779100,0.0,0.0
2022-11-08 00:00:00-05:00,5.860000133514404,6.170000076293945,5.739999771118164,6.03000020980835,719600,0.0,0.0
2022-11-09 00:00:00-05:00,5.929999828338623,5.96999979019165,5.679999828338623,5.690000057220459,480900,0.0,0.0
2022-11-10 00:00:00-05:00,6.130000114440918,6.730000019073486,6.050000190734863,6.699999809265137,1064400,0.0,0.0
2022-11-11 00:00:00-05:00,6.659999847412109,6.96999979019165,6.570000171661377,6.840000152587891,867100,0.0,0.0
2022-11-14 00:00:00-05:00,6.809999942779541,6.809999942779541,6.400000095367432,6.460000038146973,561700,0.0,0.0
2022-11-15 00:00:00-05:00,6.679999828338623,6.880000114440918,6.639999866485596,6.800000190734863,492600,0.0,0.0
2022-11-16 00:00:00-05:00,6.679999828338623,6.679999828338623,6.119999885559082,6.130000114440918,928100,0.0,0.0
2022-11-17 00:00:00-05:00,6.0,6.010000228881836,5.179999828338623,5.190000057220459,2758500,0.0,0.0
2022-11-18 00:00:00-05:00,5.320000171661377,5.320000171661377,4.900000095367432,5.050000190734863,4043600,0.0,0.0
2022-11-21 00:00:00-05:00,5.0,5.309999942779541,5.0,5.25,1378000,0.0,0.0
2022-11-22 00:00:00-05:00,5.289999961853027,5.300000190734863,5.019999980926514,5.090000152587891,1119200,0.0,0.0
2022-11-23 00:00:00-05:00,5.110000133514404,5.510000228881836,5.110000133514404,5.440000057220459,841200,0.0,0.0
2022-11-25 00:00:00-05:00,5.369999885559082,5.639999866485596,5.360000133514404,5.409999847412109,244200,0.0,0.0
2022-11-28 00:00:00-05:00,5.320000171661377,5.429999828338623,5.03000020980835,5.039999961853027,835300,0.0,0.0
2022-11-29 00:00:00-05:00,5.050000190734863,5.159999847412109,5.010000228881836,5.03000020980835,1001700,0.0,0.0
2022-11-30 00:00:00-05:00,5.079999923706055,5.46999979019165,4.96999979019165,5.46999979019165,701100,0.0,0.0
2022-12-01 00:00:00-05:00,5.480000019073486,5.730000019073486,5.420000076293945,5.630000114440918,608300,0.0,0.0
2022-12-02 00:00:00-05:00,5.460000038146973,5.690000057220459,5.309999942779541,5.670000076293945,521500,0.0,0.0
2022-12-05 00:00:00-05:00,5.659999847412109,5.949999809265137,5.519999980926514,5.929999828338623,786900,0.0,0.0
2022-12-06 00:00:00-05:00,5.800000190734863,5.929999828338623,5.539999961853027,5.579999923706055,619200,0.0,0.0
2022-12-07 00:00:00-05:00,5.539999961853027,5.769999980926514,5.46999979019165,5.599999904632568,466600,0.0,0.0
2022-12-08 00:00:00-05:00,5.630000114440918,5.739999771118164,5.5,5.71999979019165,354100,0.0,0.0
2022-12-09 00:00:00-05:00,5.659999847412109,5.940000057220459,5.559999942779541,5.599999904632568,433100,0.0,0.0
2022-12-12 00:00:00-05:00,5.639999866485596,5.809999942779541,5.559999942779541,5.630000114440918,576200,0.0,0.0
2022-12-13 00:00:00-05:00,5.929999828338623,6.099999904632568,5.5,5.519999980926514,613900,0.0,0.0
2022-12-14 00:00:00-05:00,5.489999771118164,5.690000057220459,5.389999866485596,5.579999923706055,707600,0.0,0.0
2022-12-15 00:00:00-05:00,5.489999771118164,5.630000114440918,5.429999828338623,5.519999980926514,465700,0.0,0.0
2022-12-16 00:00:00-05:00,5.429999828338623,5.449999809265137,5.110000133514404,5.28000020980835,1441100,0.0,0.0
2022-12-19 00:00:00-05:00,5.289999961853027,5.329999923706055,4.96999979019165,5.010000228881836,769400,0.0,0.0
2022-12-20 00:00:00-05:00,4.96999979019165,5.070000171661377,4.920000076293945,4.96999979019165,411000,0.0,0.0
2022-12-21 00:00:00-05:00,5.03000020980835,5.079999923706055,4.760000228881836,4.789999961853027,746900,0.0,0.0
2022-12-22 00:00:00-05:00,4.730000019073486,4.739999771118164,4.5,4.670000076293945,717400,0.0,0.0
2022-12-23 00:00:00-05:00,4.599999904632568,4.630000114440918,4.400000095367432,4.429999828338623,668800,0.0,0.0
2022-12-27 00:00:00-05:00,4.440000057220459,4.46999979019165,4.210000038146973,4.260000228881836,769700,0.0,0.0
2022-12-28 00:00:00-05:00,4.239999771118164,4.449999809265137,4.21999979019165,4.269999980926514,1080100,0.0,0.0
2022-12-29 00:00:00-05:00,4.320000171661377,4.730000019073486,4.289999961853027,4.679999828338623,677100,0.0,0.0
2022-12-30 00:00:00-05:00,4.570000171661377,4.71999979019165,4.5,4.659999847412109,595300,0.0,0.0
2023-01-03 00:00:00-05:00,4.739999771118164,4.920000076293945,4.550000190734863,4.670000076293945,725300,0.0,0.0
2023-01-04 00:00:00-05:00,4.769999980926514,4.980000019073486,4.690000057220459,4.96999979019165,915000,0.0,0.0
2023-01-05 00:00:00-05:00,4.909999847412109,5.179999828338623,4.820000171661377,5.150000095367432,528900,0.0,0.0
2023-01-06 00:00:00-05:00,5.210000038146973,5.610000133514404,4.940000057220459,5.380000114440918,2276300,0.0,0.0
2023-01-09 00:00:00-05:00,5.489999771118164,5.71999979019165,5.46999979019165,5.610000133514404,795700,0.0,0.0
2023-01-10 00:00:00-05:00,5.599999904632568,5.869999885559082,5.579999923706055,5.820000171661377,829300,0.0,0.0
2023-01-11 00:00:00-05:00,5.889999866485596,5.900000095367432,5.659999847412109,5.809999942779541,647000,0.0,0.0
2023-01-12 00:00:00-05:00,5.880000114440918,5.960000038146973,5.679999828338623,5.929999828338623,777400,0.0,0.0
2023-01-13 00:00:00-05:00,5.829999923706055,6.28000020980835,5.829999923706055,6.28000020980835,610500,0.0,0.0
2023-01-17 00:00:00-05:00,6.329999923706055,6.329999923706055,6.039999961853027,6.070000171661377,511900,0.0,0.0
2023-01-18 00:00:00-05:00,6.090000152587891,6.300000190734863,5.960000038146973,5.960000038146973,550100,0.0,0.0
2023-01-19 00:00:00-05:00,5.860000133514404,6.099999904632568,5.829999923706055,6.070000171661377,681900,0.0,0.0
2023-01-20 00:00:00-05:00,6.440000057220459,6.590000152587891,6.260000228881836,6.510000228881836,1048400,0.0,0.0
2023-01-23 00:00:00-05:00,6.840000152587891,6.840000152587891,6.409999847412109,6.760000228881836,694000,0.0,0.0
2023-01-24 00:00:00-05:00,6.659999847412109,6.769999980926514,6.269999980926514,6.349999904632568,745200,0.0,0.0
2023-01-25 00:00:00-05:00,6.230000019073486,6.630000114440918,6.070000171661377,6.610000133514404,592500,0.0,0.0
2023-01-26 00:00:00-05:00,6.820000171661377,6.940000057220459,6.230000019073486,6.480000019073486,674000,0.0,0.0
2023-01-27 00:00:00-05:00,6.409999847412109,6.71999979019165,6.340000152587891,6.570000171661377,430200,0.0,0.0
2023-01-30 00:00:00-05:00,6.5,6.5,6.050000190734863,6.119999885559082,845500,0.0,0.0
2023-01-31 00:00:00-05:00,6.130000114440918,6.309999942779541,6.050000190734863,6.150000095367432,470300,0.0,0.0
2023-02-01 00:00:00-05:00,6.159999847412109,6.519999980926514,6.079999923706055,6.440000057220459,552400,0.0,0.0
2023-02-02 00:00:00-05:00,6.630000114440918,6.980000019073486,6.579999923706055,6.699999809265137,675100,0.0,0.0
2023-02-03 00:00:00-05:00,6.550000190734863,6.699999809265137,6.329999923706055,6.449999809265137,517700,0.0,0.0
2023-02-06 00:00:00-05:00,6.380000114440918,6.480000019073486,6.260000228881836,6.320000171661377,427600,0.0,0.0
2023-02-07 00:00:00-05:00,6.269999980926514,6.579999923706055,6.21999979019165,6.510000228881836,499000,0.0,0.0
2023-02-08 00:00:00-05:00,6.440000057220459,6.5,6.099999904632568,6.159999847412109,442900,0.0,0.0
2023-02-09 00:00:00-05:00,6.260000228881836,6.360000133514404,5.840000152587891,5.880000114440918,405400,0.0,0.0
2023-02-10 00:00:00-05:00,5.769999980926514,5.920000076293945,5.679999828338623,5.860000133514404,345300,0.0,0.0
2023-02-13 00:00:00-05:00,5.860000133514404,5.920000076293945,5.710000038146973,5.869999885559082,367300,0.0,0.0
2023-02-14 00:00:00-05:00,5.730000019073486,6.010000228881836,5.679999828338623,5.75,375900,0.0,0.0
2023-02-15 00:00:00-05:00,5.690000057220459,5.760000228881836,5.610000133514404,5.690000057220459,363900,0.0,0.0
2023-02-16 00:00:00-05:00,5.559999942779541,5.610000133514404,5.360000133514404,5.369999885559082,915400,0.0,0.0
2023-02-17 00:00:00-05:00,5.409999847412109,5.760000228881836,5.309999942779541,5.730000019073486,676600,0.0,0.0
2023-02-21 00:00:00-05:00,5.599999904632568,5.650000095367432,5.369999885559082,5.440000057220459,530200,0.0,0.0
2023-02-22 00:00:00-05:00,5.449999809265137,5.579999923706055,5.389999866485596,5.5,468200,0.0,0.0
2023-02-23 00:00:00-05:00,5.559999942779541,5.570000171661377,5.21999979019165,5.489999771118164,474800,0.0,0.0
2023-02-24 00:00:00-05:00,5.389999866485596,5.389999866485596,4.5,4.730000019073486,1254400,0.0,0.0
2023-02-27 00:00:00-05:00,4.860000133514404,4.900000095367432,4.539999961853027,4.630000114440918,772200,0.0,0.0
2023-02-28 00:00:00-05:00,4.599999904632568,4.880000114440918,4.590000152587891,4.840000152587891,873700,0.0,0.0
2023-03-01 00:00:00-05:00,4.760000228881836,4.909999847412109,4.539999961853027,4.630000114440918,613500,0.0,0.0
2023-03-02 00:00:00-05:00,4.559999942779541,4.829999923706055,4.550000190734863,4.769999980926514,706700,0.0,0.0
2023-03-03 00:00:00-05:00,4.829999923706055,5.070000171661377,4.789999961853027,4.929999828338623,507800,0.0,0.0
2023-03-06 00:00:00-05:00,4.940000057220459,4.940000057220459,4.619999885559082,4.639999866485596,546100,0.0,0.0
2023-03-07 00:00:00-05:00,4.619999885559082,4.71999979019165,4.539999961853027,4.599999904632568,535400,0.0,0.0
2023-03-08 00:00:00-05:00,4.590000152587891,4.679999828338623,4.480000019073486,4.539999961853027,884600,0.0,0.0
2023-03-09 00:00:00-05:00,4.559999942779541,4.639999866485596,4.340000152587891,4.349999904632568,451900,0.0,0.0
2023-03-10 00:00:00-05:00,4.460000038146973,4.460000038146973,4.0,4.119999885559082,959800,0.0,0.0
2023-03-13 00:00:00-04:00,4.070000171661377,4.309999942779541,3.9800000190734863,4.21999979019165,917400,0.0,0.0
2023-03-14 00:00:00-04:00,4.369999885559082,4.440000057220459,4.119999885559082,4.230000019073486,467700,0.0,0.0
2023-03-15 00:00:00-04:00,4.079999923706055,4.199999809265137,4.019999980926514,4.159999847412109,462800,0.0,0.0
2023-03-16 00:00:00-04:00,4.210000038146973,4.210000038146973,4.010000228881836,4.119999885559082,452100,0.0,0.0
2023-03-17 00:00:00-04:00,4.21999979019165,4.21999979019165,3.859999895095825,3.890000104904175,788600,0.0,0.0
2023-03-20 00:00:00-04:00,3.930000066757202,3.950000047683716,3.7899999618530273,3.859999895095825,447100,0.0,0.0
2023-03-21 00:00:00-04:00,3.930000066757202,4.070000171661377,3.930000066757202,4.039999961853027,420700,0.0,0.0
2023-03-22 00:00:00-04:00,4.039999961853027,4.159999847412109,3.809999942779541,3.809999942779541,482200,0.0,0.0
2023-03-23 00:00:00-04:00,3.869999885559082,4.039999961853027,3.859999895095825,3.869999885559082,476600,0.0,0.0
2023-03-24 00:00:00-04:00,3.819999933242798,3.950000047683716,3.799999952316284,3.880000114440918,407400,0.0,0.0
2023-03-27 00:00:00-04:00,3.940000057220459,3.990000009536743,3.819999933242798,3.8299999237060547,438200,0.0,0.0
2023-03-28 00:00:00-04:00,3.8299999237060547,3.9200000762939453,3.809999942779541,3.869999885559082,538500,0.0,0.0
2023-03-29 00:00:00-04:00,3.9100000858306885,4.159999847412109,3.9000000953674316,4.099999904632568,342900,0.0,0.0
2023-03-30 00:00:00-04:00,4.039999961853027,4.190000057220459,3.9100000858306885,3.940000057220459,548600,0.0,0.0
2023-03-31 00:00:00-04:00,3.990000009536743,4.150000095367432,3.9200000762939453,4.139999866485596,894700,0.0,0.0
2023-04-03 00:00:00-04:00,4.179999828338623,4.230000019073486,4.0,4.070000171661377,554600,0.0,0.0
2023-04-04 00:00:00-04:00,4.059999942779541,4.070000171661377,3.9200000762939453,3.9700000286102295,535600,0.0,0.0
2023-04-05 00:00:00-04:00,3.9800000190734863,3.9800000190734863,3.880000114440918,3.930000066757202,677200,0.0,0.0
2023-04-06 00:00:00-04:00,3.940000057220459,4.099999904632568,3.890000104904175,4.070000171661377,1836300,0.0,0.0
2023-04-10 00:00:00-04:00,4.059999942779541,4.170000076293945,3.9800000190734863,4.130000114440918,692600,0.0,0.0
2023-04-11 00:00:00-04:00,4.130000114440918,4.309999942779541,4.079999923706055,4.079999923706055,597900,0.0,0.0
2023-04-12 00:00:00-04:00,4.139999866485596,4.25,4.079999923706055,4.119999885559082,520000,0.0,0.0
2023-04-13 00:00:00-04:00,4.190000057220459,4.440000057220459,4.119999885559082,4.429999828338623,852600,0.0,0.0
2023-04-14 00:00:00-04:00,4.429999828338623,4.46999979019165,4.050000190734863,4.099999904632568,460100,0.0,0.0
2023-04-17 00:00:00-04:00,4.090000152587891,4.369999885559082,4.079999923706055,4.340000152587891,815600,0.0,0.0
2023-04-18 00:00:00-04:00,4.360000133514404,4.389999866485596,4.059999942779541,4.159999847412109,539700,0.0,0.0
2023-04-19 00:00:00-04:00,4.119999885559082,4.269999980926514,4.059999942779541,4.239999771118164,695400,0.0,0.0
2023-04-20 00:00:00-04:00,4.070000171661377,4.210000038146973,4.039999961853027,4.099999904632568,430200,0.0,0.0
2023-04-21 00:00:00-04:00,4.190000057220459,4.360000133514404,4.059999942779541,4.300000190734863,673900,0.0,0.0
2023-04-24 00:00:00-04:00,4.269999980926514,4.289999961853027,4.090000152587891,4.170000076293945,379800,0.0,0.0
2023-04-25 00:00:00-04:00,4.110000133514404,4.21999979019165,4.03000020980835,4.070000171661377,587000,0.0,0.0
2023-04-26 00:00:00-04:00,4.070000171661377,4.099999904632568,3.940000057220459,3.9600000381469727,408900,0.0,0.0
2023-04-27 00:00:00-04:00,3.990000009536743,4.0,3.8299999237060547,3.9000000953674316,308500,0.0,0.0
2023-04-28 00:00:00-04:00,3.9000000953674316,4.010000228881836,3.809999942779541,3.9200000762939453,739500,0.0,0.0
2023-05-01 00:00:00-04:00,3.890000104904175,4.090000152587891,3.819999933242798,4.050000190734863,483000,0.0,0.0
2023-05-02 00:00:00-04:00,4.0,4.110000133514404,3.9000000953674316,3.9200000762939453,465100,0.0,0.0
2023-05-03 00:00:00-04:00,3.9600000381469727,4.230000019073486,3.869999885559082,4.090000152587891,913800,0.0,0.0
2023-05-04 00:00:00-04:00,4.070000171661377,4.139999866485596,3.890000104904175,3.950000047683716,504700,0.0,0.0
2023-05-05 00:00:00-04:00,3.859999895095825,4.019999980926514,2.8499999046325684,3.759999990463257,1182800,0.0,0.0
2023-05-08 00:00:00-04:00,3.7899999618530273,3.7899999618530273,3.2899999618530273,3.4100000858306885,923100,0.0,0.0
2023-05-09 00:00:00-04:00,3.130000114440918,3.2100000381469727,2.890000104904175,3.0899999141693115,902500,0.0,0.0
2023-05-10 00:00:00-04:00,3.190000057220459,3.309999942779541,2.799999952316284,2.859999895095825,1022000,0.0,0.0
2023-05-11 00:00:00-04:00,2.859999895095825,2.950000047683716,2.5999999046325684,2.640000104904175,1274300,0.0,0.0
2023-05-12 00:00:00-04:00,2.6600000858306885,2.7300000190734863,2.5799999237060547,2.6500000953674316,1597900,0.0,0.0
2023-05-15 00:00:00-04:00,2.690000057220459,2.7799999713897705,2.569999933242798,2.759999990463257,1275400,0.0,0.0
2023-05-16 00:00:00-04:00,2.740000009536743,2.759999990463257,2.5799999237060547,2.619999885559082,773700,0.0,0.0
2023-05-17 00:00:00-04:00,2.640000104904175,2.7799999713897705,2.549999952316284,2.7699999809265137,1175800,0.0,0.0
2023-05-18 00:00:00-04:00,2.759999990463257,2.7699999809265137,2.609999895095825,2.6700000762939453,619100,0.0,0.0
2023-05-19 00:00:00-04:00,2.759999990463257,2.7699999809265137,2.5799999237060547,2.5899999141693115,907900,0.0,0.0
2023-05-22 00:00:00-04:00,2.5899999141693115,2.799999952316284,2.559999942779541,2.740000009536743,1349900,0.0,0.0
2023-05-23 00:00:00-04:00,2.75,2.930000066757202,2.7200000286102295,2.7699999809265137,1362800,0.0,0.0
2023-05-24 00:00:00-04:00,2.7899999618530273,2.7899999618530273,2.5799999237060547,2.609999895095825,972600,0.0,0.0
2023-05-25 00:00:00-04:00,2.609999895095825,2.6700000762939453,2.440000057220459,2.4800000190734863,775800,0.0,0.0
2023-05-26 00:00:00-04:00,2.509999990463257,2.5299999713897705,2.4200000762939453,2.4700000286102295,598600,0.0,0.0
2023-05-30 00:00:00-04:00,2.549999952316284,2.549999952316284,2.309999942779541,2.3499999046325684,888800,0.0,0.0
2023-05-31 00:00:00-04:00,2.3499999046325684,2.4000000953674316,2.2100000381469727,2.2100000381469727,2488200,0.0,0.0
2023-06-01 00:00:00-04:00,2.2300000190734863,2.5,2.190000057220459,2.4000000953674316,1503500,0.0,0.0
2023-06-02 00:00:00-04:00,2.450000047683716,2.6500000953674316,2.390000104904175,2.630000114440918,1053900,0.0,0.0
2023-06-05 00:00:00-04:00,2.5999999046325684,2.7799999713897705,2.5,2.5899999141693115,2140700,0.0,0.0
2023-06-06 00:00:00-04:00,2.5999999046325684,2.7100000381469727,2.5,2.630000114440918,2998800,0.0,0.0
2023-06-07 00:00:00-04:00,2.6700000762939453,2.740000009536743,2.5399999618530273,2.569999933242798,1354500,0.0,0.0
2023-06-08 00:00:00-04:00,2.5899999141693115,2.5899999141693115,2.5,2.559999942779541,697700,0.0,0.0
2023-06-09 00:00:00-04:00,2.559999942779541,2.5999999046325684,2.4800000190734863,2.5399999618530273,398800,0.0,0.0
2023-06-12 00:00:00-04:00,2.509999990463257,2.7699999809265137,2.509999990463257,2.700000047683716,936100,0.0,0.0
2023-06-13 00:00:00-04:00,2.6500000953674316,2.9200000762939453,2.619999885559082,2.890000104904175,561700,0.0,0.0
2023-06-14 00:00:00-04:00,2.880000114440918,2.890000104904175,2.7300000190734863,2.759999990463257,440700,0.0,0.0
2023-06-15 00:00:00-04:00,2.7300000190734863,2.9100000858306885,2.7100000381469727,2.869999885559082,783000,0.0,0.0
2023-06-16 00:00:00-04:00,2.880000114440918,2.9200000762939453,2.7699999809265137,2.880000114440918,1668900,0.0,0.0
2023-06-20 00:00:00-04:00,2.880000114440918,3.009999990463257,2.75,2.940000057220459,869100,0.0,0.0
2023-06-21 00:00:00-04:00,3.0299999713897705,3.069999933242798,2.859999895095825,2.9700000286102295,618400,0.0,0.0
2023-06-22 00:00:00-04:00,2.930000066757202,2.930000066757202,2.680000066757202,2.75,623100,0.0,0.0
2023-06-23 00:00:00-04:00,2.680000066757202,2.859999895095825,2.6700000762939453,2.799999952316284,3426800,0.0,0.0
2023-06-26 00:00:00-04:00,2.75,2.759999990463257,2.609999895095825,2.6500000953674316,536500,0.0,0.0
2023-06-27 00:00:00-04:00,2.640000104904175,2.6700000762939453,2.5399999618530273,2.5999999046325684,559300,0.0,0.0
2023-06-28 00:00:00-04:00,2.630000114440918,2.700000047683716,2.5899999141693115,2.680000066757202,324200,0.0,0.0
2023-06-29 00:00:00-04:00,2.680000066757202,2.7899999618530273,2.6500000953674316,2.759999990463257,477400,0.0,0.0
2023-06-30 00:00:00-04:00,2.819999933242798,2.8399999141693115,2.75,2.799999952316284,410300,0.0,0.0
2023-07-03 00:00:00-04:00,2.7799999713897705,2.7799999713897705,2.6500000953674316,2.7200000286102295,264000,0.0,0.0
2023-07-05 00:00:00-04:00,2.7300000190734863,2.75,2.6700000762939453,2.7100000381469727,571900,0.0,0.0
2023-07-06 00:00:00-04:00,2.740000009536743,2.740000009536743,2.549999952316284,2.6700000762939453,565000,0.0,0.0
2023-07-07 00:00:00-04:00,2.6700000762939453,2.7699999809265137,2.640000104904175,2.7100000381469727,523600,0.0,0.0
2023-07-10 00:00:00-04:00,2.7100000381469727,2.759999990463257,2.5,2.5299999713897705,505900,0.0,0.0
2023-07-11 00:00:00-04:00,2.549999952316284,2.990000009536743,2.549999952316284,2.9200000762939453,2055900,0.0,0.0
2023-07-12 00:00:00-04:00,3.0,3.119999885559082,2.940000057220459,3.069999933242798,1961500,0.0,0.0
2023-07-13 00:00:00-04:00,3.069999933242798,3.200000047683716,3.0399999618530273,3.130000114440918,1036600,0.0,0.0
2023-07-14 00:00:00-04:00,3.140000104904175,3.240000009536743,3.109999895095825,3.140000104904175,898100,0.0,0.0
2023-07-17 00:00:00-04:00,3.119999885559082,3.2100000381469727,2.9700000286102295,3.2100000381469727,851700,0.0,0.0
2023-07-18 00:00:00-04:00,3.2300000190734863,3.319999933242798,3.200000047683716,3.2899999618530273,826800,0.0,0.0
2023-07-19 00:00:00-04:00,3.319999933242798,3.5299999713897705,3.309999942779541,3.4200000762939453,971000,0.0,0.0
2023-07-20 00:00:00-04:00,3.440000057220459,3.5,3.359999895095825,3.4700000286102295,833700,0.0,0.0
2023-07-21 00:00:00-04:00,3.5399999618530273,3.8399999141693115,3.490000009536743,3.75,1316300,0.0,0.0
2023-07-24 00:00:00-04:00,3.7799999713897705,3.799999952316284,3.559999942779541,3.5999999046325684,1034400,0.0,0.0
2023-07-25 00:00:00-04:00,3.569999933242798,3.5899999141693115,3.4200000762939453,3.440000057220459,1124500,0.0,0.0
2023-07-26 00:00:00-04:00,3.4000000953674316,3.549999952316284,3.359999895095825,3.5199999809265137,760000,0.0,0.0
2023-07-27 00:00:00-04:00,3.569999933242798,3.75,3.440000057220459,3.4700000286102295,720300,0.0,0.0
2023-07-28 00:00:00-04:00,3.5,3.7200000286102295,3.450000047683716,3.7100000381469727,1015900,0.0,0.0
2023-07-31 00:00:00-04:00,3.6700000762939453,3.759999990463257,3.5399999618530273,3.5999999046325684,1405400,0.0,0.0
2023-08-01 00:00:00-04:00,3.5799999237060547,3.5799999237060547,3.2699999809265137,3.299999952316284,855000,0.0,0.0
2023-08-02 00:00:00-04:00,3.2699999809265137,3.299999952316284,3.200000047683716,3.2100000381469727,736700,0.0,0.0
2023-08-03 00:00:00-04:00,3.2100000381469727,3.4100000858306885,3.1600000858306885,3.380000114440918,709900,0.0,0.0
2023-08-04 00:00:00-04:00,3.5399999618530273,3.630000114440918,2.880000114440918,2.890000104904175,1649600,0.0,0.0
2023-08-07 00:00:00-04:00,2.8499999046325684,2.8499999046325684,2.4200000762939453,2.490000009536743,1413600,0.0,0.0
2023-08-08 00:00:00-04:00,2.4800000190734863,2.4800000190734863,2.2699999809265137,2.2899999618530273,1100900,0.0,0.0
2023-08-09 00:00:00-04:00,2.3299999237060547,2.3499999046325684,2.140000104904175,2.190000057220459,2121600,0.0,0.0
2023-08-10 00:00:00-04:00,2.2100000381469727,2.2300000190734863,2.0999999046325684,2.130000114440918,2048900,0.0,0.0
2023-08-11 00:00:00-04:00,2.1500000953674316,2.1600000858306885,2.059999942779541,2.0899999141693115,915700,0.0,0.0
2023-08-14 00:00:00-04:00,2.049999952316284,2.0799999237060547,1.909999966621399,1.9700000286102295,1163800,0.0,0.0
2023-08-15 00:00:00-04:00,1.9500000476837158,1.9900000095367432,1.809999942779541,1.840000033378601,919000,0.0,0.0
2023-08-16 00:00:00-04:00,1.840000033378601,1.850000023841858,1.649999976158142,1.7100000381469727,1178800,0.0,0.0
2023-08-17 00:00:00-04:00,1.7300000190734863,1.7699999809265137,1.659999966621399,1.690000057220459,663900,0.0,0.0
2023-08-18 00:00:00-04:00,1.6699999570846558,1.690000057220459,1.5800000429153442,1.659999966621399,2465400,0.0,0.0
2023-08-21 00:00:00-04:00,1.649999976158142,1.7799999713897705,1.6200000047683716,1.7300000190734863,1091400,0.0,0.0
2023-08-22 00:00:00-04:00,1.75,1.8700000047683716,1.7100000381469727,1.7599999904632568,1431400,0.0,0.0
2023-08-23 00:00:00-04:00,1.7599999904632568,1.850000023841858,1.75,1.7899999618530273,1376400,0.0,0.0
2023-08-24 00:00:00-04:00,1.7899999618530273,1.7999999523162842,1.6200000047683716,1.6299999952316284,617300,0.0,0.0
2023-08-25 00:00:00-04:00,1.600000023841858,1.659999966621399,1.600000023841858,1.649999976158142,604900,0.0,0.0
2023-08-28 00:00:00-04:00,1.6799999475479126,1.7999999523162842,1.659999966621399,1.690000057220459,875100,0.0,0.0
2023-08-29 00:00:00-04:00,1.6799999475479126,1.8200000524520874,1.659999966621399,1.7899999618530273,815900,0.0,0.0
2023-08-30 00:00:00-04:00,1.809999942779541,1.8200000524520874,1.7400000095367432,1.7599999904632568,574900,0.0,0.0
2023-08-31 00:00:00-04:00,1.75,1.7899999618530273,1.7400000095367432,1.7400000095367432,795600,0.0,0.0
2023-09-01 00:00:00-04:00,1.7599999904632568,1.840000033378601,1.75,1.7999999523162842,1225800,0.0,0.0
2023-09-05 00:00:00-04:00,1.809999942779541,1.8600000143051147,1.7599999904632568,1.7999999523162842,1179300,0.0,0.0
2023-09-06 00:00:00-04:00,1.7999999523162842,1.809999942779541,1.6699999570846558,1.6799999475479126,806500,0.0,0.0
2023-09-07 00:00:00-04:00,1.6799999475479126,1.6799999475479126,1.5800000429153442,1.6100000143051147,687500,0.0,0.0
2023-09-08 00:00:00-04:00,1.6100000143051147,1.7400000095367432,1.590000033378601,1.7200000286102295,1021400,0.0,0.0
2023-09-11 00:00:00-04:00,1.7200000286102295,1.7799999713897705,1.649999976158142,1.7599999904632568,746000,0.0,0.0
2023-09-12 00:00:00-04:00,1.75,1.7799999713897705,1.7300000190734863,1.75,339700,0.0,0.0
2023-09-13 00:00:00-04:00,1.850000023841858,2.2300000190734863,1.850000023841858,2.109999895095825,3448000,0.0,0.0
2023-09-14 00:00:00-04:00,2.0999999046325684,2.1600000858306885,1.899999976158142,2.0999999046325684,1418900,0.0,0.0
2023-09-15 00:00:00-04:00,2.0899999141693115,2.1500000953674316,1.8899999856948853,1.940000057220459,2670600,0.0,0.0
2023-09-18 00:00:00-04:00,1.940000057220459,1.9600000381469727,1.809999942779541,1.809999942779541,683900,0.0,0.0
2023-09-19 00:00:00-04:00,1.7799999713897705,1.809999942779541,1.7000000476837158,1.75,908700,0.0,0.0
2023-09-20 00:00:00-04:00,1.75,1.7899999618530273,1.690000057220459,1.7000000476837158,805500,0.0,0.0
2023-09-21 00:00:00-04:00,1.6799999475479126,1.690000057220459,1.600000023841858,1.6100000143051147,830200,0.0,0.0
2023-09-22 00:00:00-04:00,1.6299999952316284,1.6699999570846558,1.5499999523162842,1.559999942779541,934600,0.0,0.0
2023-09-25 00:00:00-04:00,1.5399999618530273,1.559999942779541,1.4800000190734863,1.5,578500,0.0,0.0
2023-09-26 00:00:00-04:00,1.4700000286102295,1.5399999618530273,1.4500000476837158,1.5099999904632568,934200,0.0,0.0
2023-09-27 00:00:00-04:00,1.559999942779541,1.5700000524520874,1.5,1.5499999523162842,1179000,0.0,0.0
2023-09-28 00:00:00-04:00,1.559999942779541,1.7100000381469727,1.5499999523162842,1.7000000476837158,862500,0.0,0.0
2023-09-29 00:00:00-04:00,1.7300000190734863,1.9199999570846558,1.7000000476837158,1.8899999856948853,1976300,0.0,0.0
2023-10-02 00:00:00-04:00,1.8799999952316284,1.9900000095367432,1.850000023841858,1.9800000190734863,1172200,0.0,0.0
2023-10-03 00:00:00-04:00,1.9500000476837158,2.0299999713897705,1.9299999475479126,1.9900000095367432,846200,0.0,0.0
2023-10-04 00:00:00-04:00,1.9900000095367432,2.059999942779541,1.9600000381469727,2.0199999809265137,764700,0.0,0.0
2023-10-05 00:00:00-04:00,2.0,2.0999999046325684,1.9900000095367432,2.0899999141693115,684900,0.0,0.0
2023-10-06 00:00:00-04:00,2.049999952316284,2.130000114440918,2.0,2.0399999618530273,771000,0.0,0.0
2023-10-09 00:00:00-04:00,2.009999990463257,2.0799999237060547,1.9900000095367432,2.049999952316284,592900,0.0,0.0
2023-10-10 00:00:00-04:00,2.0,2.119999885559082,2.0,2.109999895095825,732000,0.0,0.0
2023-10-11 00:00:00-04:00,2.109999895095825,2.1500000953674316,2.0199999809265137,2.059999942779541,590000,0.0,0.0
2023-10-12 00:00:00-04:00,2.059999942779541,2.059999942779541,1.8799999952316284,1.9299999475479126,595100,0.0,0.0
2023-10-13 00:00:00-04:00,1.909999966621399,2.0199999809265137,1.8700000047683716,1.9900000095367432,594800,0.0,0.0
2023-10-16 00:00:00-04:00,2.009999990463257,2.0399999618530273,1.8899999856948853,1.9600000381469727,1132200,0.0,0.0
2023-10-17 00:00:00-04:00,1.9600000381469727,2.0399999618530273,1.9600000381469727,2.0,412600,0.0,0.0
2023-10-18 00:00:00-04:00,1.9700000286102295,1.9700000286102295,1.7899999618530273,1.7999999523162842,541500,0.0,0.0
2023-10-19 00:00:00-04:00,1.7799999713897705,1.7899999618530273,1.659999966621399,1.690000057220459,468800,0.0,0.0
2023-10-20 00:00:00-04:00,1.690000057220459,1.7699999809265137,1.649999976158142,1.7000000476837158,780200,0.0,0.0
2023-10-23 00:00:00-04:00,1.659999966621399,1.7400000095367432,1.659999966621399,1.6799999475479126,723200,0.0,0.0
2023-10-24 00:00:00-04:00,1.7200000286102295,1.7599999904632568,1.6799999475479126,1.7000000476837158,609400,0.0,0.0
2023-10-25 00:00:00-04:00,1.6799999475479126,1.7200000286102295,1.649999976158142,1.659999966621399,462800,0.0,0.0
2023-10-26 00:00:00-04:00,1.6399999856948853,1.690000057220459,1.5800000429153442,1.6399999856948853,612700,0.0,0.0
2023-10-27 00:00:00-04:00,1.649999976158142,1.649999976158142,1.5399999618530273,1.5499999523162842,519900,0.0,0.0
2023-10-30 00:00:00-04:00,1.600000023841858,1.600000023841858,1.5199999809265137,1.5399999618530273,630900,0.0,0.0
2023-10-31 00:00:00-04:00,1.5399999618530273,1.659999966621399,1.5399999618530273,1.659999966621399,609000,0.0,0.0
2023-11-01 00:00:00-04:00,1.6699999570846558,1.690000057220459,1.6200000047683716,1.659999966621399,727300,0.0,0.0
2023-11-02 00:00:00-04:00,1.6699999570846558,1.8200000524520874,1.6699999570846558,1.7999999523162842,658500,0.0,0.0
2023-11-03 00:00:00-04:00,1.9299999475479126,2.0799999237060547,1.7899999618530273,1.9299999475479126,1011000,0.0,0.0
2023-11-06 00:00:00-05:00,1.9299999475479126,1.9600000381469727,1.7400000095367432,1.75,739800,0.0,0.0
2023-11-07 00:00:00-05:00,1.690000057220459,1.75,1.6799999475479126,1.7400000095367432,509700,0.0,0.0
2023-11-08 00:00:00-05:00,1.7400000095367432,1.7400000095367432,1.6200000047683716,1.6299999952316284,455500,0.0,0.0
2023-11-09 00:00:00-05:00,1.649999976158142,1.659999966621399,1.5299999713897705,1.600000023841858,942300,0.0,0.0
2023-11-10 00:00:00-05:00,1.600000023841858,1.659999966621399,1.5099999904632568,1.659999966621399,835500,0.0,0.0
2023-11-13 00:00:00-05:00,1.659999966621399,1.7100000381469727,1.600000023841858,1.659999966621399,441500,0.0,0.0
2023-11-14 00:00:00-05:00,1.7200000286102295,1.9900000095367432,1.7200000286102295,1.9600000381469727,728000,0.0,0.0
2023-11-15 00:00:00-05:00,1.9600000381469727,2.1700000762939453,1.9600000381469727,2.0899999141693115,1321000,0.0,0.0
2023-11-16 00:00:00-05:00,2.0799999237060547,2.0899999141693115,1.9700000286102295,2.059999942779541,610500,0.0,0.0
2023-11-17 00:00:00-05:00,2.0899999141693115,2.109999895095825,2.009999990463257,2.0399999618530273,1124900,0.0,0.0
2023-11-20 00:00:00-05:00,2.0299999713897705,2.0999999046325684,1.9700000286102295,1.9900000095367432,944600,0.0,0.0
2023-11-21 00:00:00-05:00,1.9600000381469727,2.0,1.9199999570846558,1.9199999570846558,726300,0.0,0.0
2023-11-22 00:00:00-05:00,1.940000057220459,1.9700000286102295,1.909999966621399,1.9600000381469727,738100,0.0,0.0
2023-11-24 00:00:00-05:00,1.9800000190734863,2.049999952316284,1.9199999570846558,2.0299999713897705,156800,0.0,0.0
2023-11-27 00:00:00-05:00,2.0,2.1600000858306885,1.9700000286102295,2.1600000858306885,681100,0.0,0.0
2023-11-28 00:00:00-05:00,2.1700000762939453,2.2799999713897705,2.0999999046325684,2.2699999809265137,662500,0.0,0.0
2023-11-29 00:00:00-05:00,2.299999952316284,2.549999952316284,2.299999952316284,2.430000066757202,828000,0.0,0.0
2023-11-30 00:00:00-05:00,2.4600000381469727,2.5299999713897705,2.3499999046325684,2.359999895095825,564000,0.0,0.0
2023-12-01 00:00:00-05:00,2.4000000953674316,2.490000009536743,2.200000047683716,2.4700000286102295,777600,0.0,0.0
2023-12-04 00:00:00-05:00,2.440000057220459,2.549999952316284,2.359999895095825,2.4100000858306885,755200,0.0,0.0
2023-12-05 00:00:00-05:00,2.4100000858306885,2.4100000858306885,2.140000104904175,2.1500000953674316,555200,0.0,0.0
2023-12-06 00:00:00-05:00,2.190000057220459,2.240000009536743,2.0799999237060547,2.180000066757202,488500,0.0,0.0
2023-12-07 00:00:00-05:00,2.190000057220459,2.240000009536743,2.130000114440918,2.200000047683716,407300,0.0,0.0
2023-12-08 00:00:00-05:00,2.2200000286102295,2.359999895095825,2.180000066757202,2.2799999713897705,481100,0.0,0.0
2023-12-11 00:00:00-05:00,2.2699999809265137,2.319999933242798,2.0899999141693115,2.0899999141693115,662100,0.0,0.0
2023-12-12 00:00:00-05:00,2.119999885559082,2.119999885559082,1.9199999570846558,2.0,594000,0.0,0.0
2023-12-13 00:00:00-05:00,2.009999990463257,2.109999895095825,1.850000023841858,2.0899999141693115,1290900,0.0,0.0
2023-12-14 00:00:00-05:00,2.299999952316284,3.0199999809265137,2.299999952316284,2.950000047683716,5957600,0.0,0.0
2023-12-15 00:00:00-05:00,2.9800000190734863,3.140000104904175,2.809999942779541,2.880000114440918,2978400,0.0,0.0
2023-12-18 00:00:00-05:00,2.809999942779541,3.119999885559082,2.609999895095825,3.059999942779541,1627000,0.0,0.0
2023-12-19 00:00:00-05:00,3.0999999046325684,3.259999990463257,2.9800000190734863,3.0999999046325684,1069900,0.0,0.0
2023-12-20 00:00:00-05:00,3.069999933242798,3.200000047683716,2.9200000762939453,2.930000066757202,646100,0.0,0.0
2023-12-21 00:00:00-05:00,2.990000009536743,3.130000114440918,2.9000000953674316,3.069999933242798,568400,0.0,0.0
2023-12-22 00:00:00-05:00,3.069999933242798,3.2100000381469727,3.069999933242798,3.119999885559082,373500,0.0,0.0
2023-12-26 00:00:00-05:00,3.1500000953674316,3.440000057220459,3.1500000953674316,3.319999933242798,751700,0.0,0.0
2023-12-27 00:00:00-05:00,3.369999885559082,3.509999990463257,3.2699999809265137,3.369999885559082,940700,0.0,0.0
2023-12-28 00:00:00-05:00,3.359999895095825,3.390000104904175,3.0799999237060547,3.130000114440918,852100,0.0,0.0
2023-12-29 00:00:00-05:00,3.0399999618530273,3.200000047683716,2.9600000381469727,3.049999952316284,687500,0.0,0.0
2024-01-02 00:00:00-05:00,2.990000009536743,3.2799999713897705,2.9700000286102295,3.119999885559082,563800,0.0,0.0
2024-01-03 00:00:00-05:00,3.0199999809265137,3.1600000858306885,2.9100000858306885,2.930000066757202,525600,0.0,0.0
2024-01-04 00:00:00-05:00,2.890000104904175,2.9800000190734863,2.799999952316284,2.8499999046325684,522700,0.0,0.0
2024-01-05 00:00:00-05:00,2.799999952316284,2.9700000286102295,2.6500000953674316,2.7899999618530273,726100,0.0,0.0
2024-01-08 00:00:00-05:00,2.7799999713897705,2.9000000953674316,2.700000047683716,2.869999885559082,413600,0.0,0.0
2024-01-09 00:00:00-05:00,2.8299999237060547,2.8399999141693115,2.700000047683716,2.700000047683716,443000,0.0,0.0
2024-01-10 00:00:00-05:00,2.7300000190734863,2.940000057220459,2.700000047683716,2.940000057220459,557800,0.0,0.0
2024-01-11 00:00:00-05:00,2.9700000286102295,3.0399999618530273,2.809999942779541,2.880000114440918,571400,0.0,0.0
2024-01-12 00:00:00-05:00,2.9600000381469727,3.059999942779541,2.8299999237060547,2.859999895095825,450100,0.0,0.0
2024-01-16 00:00:00-05:00,2.809999942779541,2.940000057220459,2.700000047683716,2.7100000381469727,415700,0.0,0.0
2024-01-17 00:00:00-05:00,2.75,2.75,2.5899999141693115,2.680000066757202,387700,0.0,0.0
2024-01-18 00:00:00-05:00,2.7100000381469727,2.7300000190734863,2.5999999046325684,2.680000066757202,338700,0.0,0.0
2024-01-19 00:00:00-05:00,2.7100000381469727,2.740000009536743,2.5999999046325684,2.690000057220459,487600,0.0,0.0
2024-01-22 00:00:00-05:00,2.7200000286102295,2.819999933242798,2.619999885559082,2.809999942779541,661800,0.0,0.0
2024-01-23 00:00:00-05:00,2.8299999237060547,3.009999990463257,2.8299999237060547,2.990000009536743,468400,0.0,0.0
2024-01-24 00:00:00-05:00,3.009999990463257,3.009999990463257,2.690000057220459,2.700000047683716,470800,0.0,0.0
2024-01-25 00:00:00-05:00,2.740000009536743,2.8299999237060547,2.630000114440918,2.6700000762939453,462300,0.0,0.0
2024-01-26 00:00:00-05:00,2.7200000286102295,2.7899999618530273,2.630000114440918,2.7799999713897705,426600,0.0,0.0
2024-01-29 00:00:00-05:00,2.7699999809265137,2.869999885559082,2.680000066757202,2.8499999046325684,367300,0.0,0.0
2024-01-30 00:00:00-05:00,2.819999933242798,2.819999933242798,2.7200000286102295,2.7799999713897705,281400,0.0,0.0
2024-01-31 00:00:00-05:00,2.740000009536743,2.9100000858306885,2.630000114440918,2.630000114440918,604900,0.0,0.0
2024-02-01 00:00:00-05:00,2.740000009536743,2.799999952316284,2.5999999046325684,2.759999990463257,648200,0.0,0.0
2024-02-02 00:00:00-05:00,2.680000066757202,2.759999990463257,2.569999933242798,2.7200000286102295,525100,0.0,0.0
2024-02-05 00:00:00-05:00,2.6700000762939453,2.7200000286102295,2.5799999237060547,2.5899999141693115,572000,0.0,0.0
2024-02-06 00:00:00-05:00,2.609999895095825,2.880000114440918,2.5299999713897705,2.869999885559082,563400,0.0,0.0
2024-02-07 00:00:00-05:00,2.8499999046325684,2.869999885559082,2.75,2.7799999713897705,324900,0.0,0.0
2024-02-08 00:00:00-05:00,2.7899999618530273,2.930000066757202,2.7899999618530273,2.9200000762939453,310100,0.0,0.0
2024-02-09 00:00:00-05:00,2.950000047683716,3.0399999618530273,2.9100000858306885,3.0,438300,0.0,0.0
2024-02-12 00:00:00-05:00,3.0,3.140000104904175,2.990000009536743,3.119999885559082,574200,0.0,0.0
2024-02-13 00:00:00-05:00,2.890000104904175,2.9800000190734863,2.6700000762939453,2.7200000286102295,448600,0.0,0.0
2024-02-14 00:00:00-05:00,2.819999933242798,2.880000114440918,2.690000057220459,2.819999933242798,517500,0.0,0.0
2024-02-15 00:00:00-05:00,2.869999885559082,3.25,2.869999885559082,3.240000009536743,620900,0.0,0.0
2024-02-16 00:00:00-05:00,3.200000047683716,3.2300000190734863,3.059999942779541,3.180000066757202,440300,0.0,0.0
2024-02-20 00:00:00-05:00,3.140000104904175,3.200000047683716,2.880000114440918,2.890000104904175,604300,0.0,0.0
2024-02-21 00:00:00-05:00,2.8299999237060547,2.950000047683716,2.799999952316284,2.8499999046325684,301900,0.0,0.0
2024-02-22 00:00:00-05:00,2.819999933242798,2.9200000762939453,2.819999933242798,2.869999885559082,358900,0.0,0.0
2024-02-23 00:00:00-05:00,2.9000000953674316,3.1600000858306885,2.880000114440918,3.0299999713897705,444600,0.0,0.0
2024-02-26 00:00:00-05:00,3.009999990463257,3.2200000286102295,3.009999990463257,3.200000047683716,844700,0.0,0.0
2024-02-27 00:00:00-05:00,3.4100000858306885,4.429999828338623,3.240000009536743,4.150000095367432,2891800,0.0,0.0
2024-02-28 00:00:00-05:00,4.179999828338623,4.179999828338623,3.569999933242798,3.7200000286102295,1298300,0.0,0.0
2024-02-29 00:00:00-05:00,3.930000066757202,4.909999847412109,3.869999885559082,4.650000095367432,2381900,0.0,0.0
2024-03-01 00:00:00-05:00,4.699999809265137,4.699999809265137,4.170000076293945,4.610000133514404,1628200,0.0,0.0
2024-03-04 00:00:00-05:00,4.690000057220459,4.710000038146973,4.199999809265137,4.210000038146973,707700,0.0,0.0
2024-03-05 00:00:00-05:00,4.199999809265137,4.25,3.7200000286102295,3.759999990463257,824900,0.0,0.0
2024-03-06 00:00:00-05:00,3.799999952316284,3.9100000858306885,3.5399999618530273,3.640000104904175,766900,0.0,0.0
2024-03-07 00:00:00-05:00,3.7100000381469727,3.8299999237060547,3.609999895095825,3.6600000858306885,484200,0.0,0.0
2024-03-08 00:00:00-05:00,3.75,3.8399999141693115,3.380000114440918,3.4700000286102295,959800,0.0,0.0
2024-03-11 00:00:00-04:00,3.4600000381469727,3.8499999046325684,3.4600000381469727,3.609999895095825,582900,0.0,0.0
2024-03-12 00:00:00-04:00,3.619999885559082,3.6500000953674316,3.430000066757202,3.4700000286102295,423900,0.0,0.0
2024-03-13 00:00:00-04:00,3.440000057220459,3.640000104904175,3.3399999141693115,3.380000114440918,563800,0.0,0.0
2024-03-14 00:00:00-04:00,3.380000114440918,3.6500000953674316,3.1700000762939453,3.200000047683716,553400,0.0,0.0
2024-03-15 00:00:00-04:00,3.180000066757202,3.3399999141693115,3.1700000762939453,3.3299999237060547,511300,0.0,0.0
2024-03-18 00:00:00-04:00,3.3299999237060547,3.359999895095825,3.0399999618530273,3.25,935700,0.0,0.0
2024-03-19 00:00:00-04:00,3.2200000286102295,3.369999885559082,3.119999885559082,3.2699999809265137,621900,0.0,0.0
2024-03-20 00:00:00-04:00,3.2699999809265137,3.609999895095825,3.1700000762939453,3.490000009536743,628100,0.0,0.0
2024-03-21 00:00:00-04:00,3.5399999618530273,3.6700000762939453,3.4800000190734863,3.490000009536743,424000,0.0,0.0
2024-03-22 00:00:00-04:00,3.450000047683716,3.559999942779541,3.4000000953674316,3.450000047683716,331800,0.0,0.0
2024-03-25 00:00:00-04:00,3.569999933242798,3.569999933242798,3.4100000858306885,3.450000047683716,350100,0.0,0.0
2024-03-26 00:00:00-04:00,3.509999990463257,3.5899999141693115,3.450000047683716,3.450000047683716,337200,0.0,0.0
2024-03-27 00:00:00-04:00,3.4600000381469727,3.5899999141693115,3.450000047683716,3.509999990463257,497200,0.0,0.0
2024-03-28 00:00:00-04:00,3.5399999618530273,3.7200000286102295,3.450000047683716,3.490000009536743,447800,0.0,0.0
2024-04-01 00:00:00-04:00,3.490000009536743,3.5399999618530273,3.440000057220459,3.490000009536743,336800,0.0,0.0
2024-04-02 00:00:00-04:00,3.4000000953674316,3.490000009536743,3.309999942779541,3.3299999237060547,380200,0.0,0.0
2024-04-03 00:00:00-04:00,3.3299999237060547,3.369999885559082,3.2100000381469727,3.3399999141693115,336300,0.0,0.0
2024-04-04 00:00:00-04:00,3.4000000953674316,3.430000066757202,3.1700000762939453,3.2100000381469727,396700,0.0,0.0
2024-04-05 00:00:00-04:00,3.200000047683716,3.240000009536743,3.109999895095825,3.190000057220459,339400,0.0,0.0
2024-04-08 00:00:00-04:00,3.2300000190734863,3.259999990463257,3.1500000953674316,3.2100000381469727,168700,0.0,0.0
2024-04-09 00:00:00-04:00,3.200000047683716,3.309999942779541,3.1700000762939453,3.2300000190734863,291500,0.0,0.0
2024-04-10 00:00:00-04:00,3.109999895095825,3.200000047683716,3.059999942779541,3.130000114440918,324100,0.0,0.0
2024-04-11 00:00:00-04:00,3.119999885559082,3.190000057220459,3.059999942779541,3.109999895095825,389400,0.0,0.0
2024-04-12 00:00:00-04:00,3.0999999046325684,3.130000114440918,2.8299999237060547,2.869999885559082,375300,0.0,0.0
2024-04-15 00:00:00-04:00,2.8299999237060547,2.859999895095825,2.619999885559082,2.690000057220459,491200,0.0,0.0
2024-04-16 00:00:00-04:00,2.7300000190734863,2.7699999809265137,2.569999933242798,2.7300000190734863,317000,0.0,0.0
2024-04-17 00:00:00-04:00,2.7799999713897705,2.8499999046325684,2.7300000190734863,2.759999990463257,417200,0.0,0.0
2024-04-18 00:00:00-04:00,2.7899999618530273,2.9000000953674316,2.7100000381469727,2.799999952316284,616000,0.0,0.0
2024-04-19 00:00:00-04:00,2.7699999809265137,2.869999885559082,2.7100000381469727,2.8299999237060547,466300,0.0,0.0
2024-04-22 00:00:00-04:00,2.880000114440918,2.9000000953674316,2.7799999713897705,2.859999895095825,204300,0.0,0.0
2024-04-23 00:00:00-04:00,2.880000114440918,3.0299999713897705,2.880000114440918,2.9000000953674316,192400,0.0,0.0
2024-04-24 00:00:00-04:00,2.9100000858306885,2.9100000858306885,2.75,2.799999952316284,213700,0.0,0.0
2024-04-25 00:00:00-04:00,2.7200000286102295,2.740000009536743,2.640000104904175,2.6500000953674316,281900,0.0,0.0
2024-04-26 00:00:00-04:00,2.6700000762939453,2.740000009536743,2.619999885559082,2.6600000858306885,513800,0.0,0.0
2024-04-29 00:00:00-04:00,2.7200000286102295,3.119999885559082,2.7200000286102295,3.049999952316284,533800,0.0,0.0
2024-04-30 00:00:00-04:00,3.009999990463257,3.0799999237060547,2.869999885559082,2.9100000858306885,272100,0.0,0.0
2024-05-01 00:00:00-04:00,3.0,3.2300000190734863,2.940000057220459,3.109999895095825,492800,0.0,0.0
2024-05-02 00:00:00-04:00,3.2200000286102295,3.3499999046325684,3.069999933242798,3.3399999141693115,763600,0.0,0.0
2024-05-03 00:00:00-04:00,3.619999885559082,4.010000228881836,3.5299999713897705,3.9200000762939453,1702600,0.0,0.0
2024-05-06 00:00:00-04:00,4.0,4.03000020980835,3.549999952316284,3.559999942779541,1205200,0.0,0.0
2024-05-07 00:00:00-04:00,3.5799999237060547,3.630000114440918,3.369999885559082,3.5299999713897705,439900,0.0,0.0
2024-05-08 00:00:00-04:00,3.440000057220459,3.509999990463257,3.4000000953674316,3.4600000381469727,360800,0.0,0.0
2024-05-09 00:00:00-04:00,3.4700000286102295,3.509999990463257,3.4200000762939453,3.4700000286102295,341700,0.0,0.0
2024-05-10 00:00:00-04:00,3.5,3.630000114440918,3.359999895095825,3.619999885559082,404700,0.0,0.0
2024-05-13 00:00:00-04:00,3.6600000858306885,3.7300000190734863,3.549999952316284,3.609999895095825,480300,0.0,0.0
2024-05-14 00:00:00-04:00,3.609999895095825,3.7300000190734863,3.569999933242798,3.6500000953674316,599300,0.0,0.0
2024-05-15 00:00:00-04:00,3.8399999141693115,3.890000104904175,3.640000104904175,3.700000047683716,401500,0.0,0.0
2024-05-16 00:00:00-04:00,3.700000047683716,3.799999952316284,3.6700000762939453,3.7699999809265137,362900,0.0,0.0
2024-05-17 00:00:00-04:00,3.7699999809265137,3.7699999809265137,3.5799999237060547,3.609999895095825,452400,0.0,0.0
2024-05-20 00:00:00-04:00,3.630000114440918,3.6500000953674316,3.380000114440918,3.4000000953674316,368600,0.0,0.0
2024-05-21 00:00:00-04:00,3.380000114440918,3.549999952316284,3.380000114440918,3.509999990463257,351700,0.0,0.0
2024-05-22 00:00:00-04:00,3.4700000286102295,3.630000114440918,3.450000047683716,3.4700000286102295,335700,0.0,0.0
2024-05-23 00:00:00-04:00,3.490000009536743,3.5399999618530273,3.1500000953674316,3.2200000286102295,455000,0.0,0.0
2024-05-24 00:00:00-04:00,3.25,3.25,3.0899999141693115,3.1700000762939453,275100,0.0,0.0
2024-05-28 00:00:00-04:00,3.140000104904175,3.2200000286102295,3.0899999141693115,3.1500000953674316,223000,0.0,0.0
2024-05-29 00:00:00-04:00,3.130000114440918,3.200000047683716,3.0299999713897705,3.190000057220459,438400,0.0,0.0
2024-05-30 00:00:00-04:00,3.369999885559082,3.430000066757202,3.309999942779541,3.4000000953674316,430000,0.0,0.0
2024-05-31 00:00:00-04:00,3.440000057220459,3.440000057220459,3.299999952316284,3.380000114440918,539300,0.0,0.0
2024-06-03 00:00:00-04:00,3.450000047683716,3.490000009536743,3.3299999237060547,3.4800000190734863,424500,0.0,0.0
2024-06-04 00:00:00-04:00,3.4200000762939453,3.509999990463257,3.390000104904175,3.5,239700,0.0,0.0
2024-06-05 00:00:00-04:00,3.549999952316284,3.880000114440918,3.4700000286102295,3.8499999046325684,565400,0.0,0.0
2024-06-06 00:00:00-04:00,3.809999942779541,3.8299999237060547,3.509999990463257,3.5199999809265137,420300,0.0,0.0
2024-06-07 00:00:00-04:00,3.450000047683716,3.490000009536743,3.2300000190734863,3.259999990463257,450700,0.0,0.0
2024-06-10 00:00:00-04:00,3.200000047683716,3.380000114440918,3.1600000858306885,3.2799999713897705,298500,0.0,0.0
2024-06-11 00:00:00-04:00,3.25,3.319999933242798,3.1700000762939453,3.319999933242798,232200,0.0,0.0
2024-06-12 00:00:00-04:00,3.5399999618530273,3.5399999618530273,3.2799999713897705,3.299999952316284,222600,0.0,0.0
2024-06-13 00:00:00-04:00,3.2899999618530273,3.3399999141693115,3.0899999141693115,3.140000104904175,316300,0.0,0.0
2024-06-14 00:00:00-04:00,3.0899999141693115,3.130000114440918,3.0399999618530273,3.049999952316284,159500,0.0,0.0
2024-06-17 00:00:00-04:00,3.049999952316284,3.109999895095825,2.940000057220459,2.9800000190734863,525900,0.0,0.0
2024-06-18 00:00:00-04:00,2.9700000286102295,2.9700000286102295,2.7200000286102295,2.7300000190734863,398600,0.0,0.0
2024-06-20 00:00:00-04:00,2.759999990463257,2.819999933242798,2.7200000286102295,2.809999942779541,358100,0.0,0.0
2024-06-21 00:00:00-04:00,2.809999942779541,2.9700000286102295,2.799999952316284,2.940000057220459,781900,0.0,0.0
2024-06-24 00:00:00-04:00,2.9600000381469727,3.0299999713897705,2.9200000762939453,3.0,277200,0.0,0.0
2024-06-25 00:00:00-04:00,2.9800000190734863,3.009999990463257,2.8499999046325684,2.9000000953674316,262000,0.0,0.0
2024-06-26 00:00:00-04:00,2.9100000858306885,3.2200000286102295,2.859999895095825,3.180000066757202,566100,0.0,0.0
2024-06-27 00:00:00-04:00,3.1700000762939453,3.1700000762939453,2.9800000190734863,3.009999990463257,314800,0.0,0.0
2024-06-28 00:00:00-04:00,3.049999952316284,3.200000047683716,3.0,3.0999999046325684,1201200,0.0,0.0
2024-07-01 00:00:00-04:00,3.109999895095825,3.109999895095825,2.950000047683716,2.990000009536743,385200,0.0,0.0
2024-07-02 00:00:00-04:00,2.990000009536743,3.0,2.799999952316284,2.890000104904175,233200,0.0,0.0
2024-07-03 00:00:00-04:00,2.9200000762939453,2.9800000190734863,2.8399999141693115,2.880000114440918,227700,0.0,0.0
2024-07-05 00:00:00-04:00,2.890000104904175,2.9800000190734863,2.7899999618530273,2.9700000286102295,347000,0.0,0.0
2024-07-08 00:00:00-04:00,2.9700000286102295,3.0899999141693115,2.950000047683716,2.9800000190734863,360000,0.0,0.0
2024-07-09 00:00:00-04:00,2.9800000190734863,3.0799999237060547,2.930000066757202,2.9800000190734863,217800,0.0,0.0
2024-07-10 00:00:00-04:00,2.9700000286102295,3.0199999809265137,2.859999895095825,2.9000000953674316,415800,0.0,0.0
2024-07-11 00:00:00-04:00,3.0199999809265137,3.3299999237060547,3.0199999809265137,3.259999990463257,801200,0.0,0.0
2024-07-12 00:00:00-04:00,3.309999942779541,3.4800000190734863,3.1600000858306885,3.200000047683716,242600,0.0,0.0
2024-07-15 00:00:00-04:00,3.2100000381469727,3.2799999713897705,3.140000104904175,3.2699999809265137,281600,0.0,0.0
2024-07-16 00:00:00-04:00,3.3499999046325684,3.7300000190734863,3.299999952316284,3.7100000381469727,778300,0.0,0.0
2024-07-17 00:00:00-04:00,3.569999933242798,3.6700000762939453,3.4200000762939453,3.440000057220459,445500,0.0,0.0
2024-07-18 00:00:00-04:00,3.369999885559082,3.4800000190734863,3.2699999809265137,3.299999952316284,474000,0.0,0.0
2024-07-19 00:00:00-04:00,3.309999942779541,3.6600000858306885,3.309999942779541,3.549999952316284,645900,0.0,0.0
2024-07-22 00:00:00-04:00,3.549999952316284,3.7100000381469727,3.4000000953674316,3.680000066757202,635000,0.0,0.0
2024-07-23 00:00:00-04:00,3.690000057220459,3.75,3.5999999046325684,3.690000057220459,419700,0.0,0.0
2024-07-24 00:00:00-04:00,3.5999999046325684,3.809999942779541,3.559999942779541,3.559999942779541,368200,0.0,0.0
2024-07-25 00:00:00-04:00,3.5299999713897705,3.809999942779541,3.4200000762939453,3.6500000953674316,430800,0.0,0.0
2024-07-26 00:00:00-04:00,3.7300000190734863,3.759999990463257,3.619999885559082,3.700000047683716,462300,0.0,0.0
2024-07-29 00:00:00-04:00,3.7300000190734863,3.7300000190734863,3.569999933242798,3.5999999046325684,328100,0.0,0.0
2024-07-30 00:00:00-04:00,3.630000114440918,3.680000066757202,3.559999942779541,3.630000114440918,326200,0.0,0.0
2024-07-31 00:00:00-04:00,3.6600000858306885,3.7699999809265137,3.509999990463257,3.5799999237060547,453000,0.0,0.0
2024-08-01 00:00:00-04:00,3.5899999141693115,3.6600000858306885,3.380000114440918,3.4800000190734863,375800,0.0,0.0
2024-08-02 00:00:00-04:00,3.319999933242798,3.4700000286102295,3.180000066757202,3.299999952316284,444700,0.0,0.0
2024-08-05 00:00:00-04:00,3.109999895095825,3.2799999713897705,2.950000047683716,3.2100000381469727,475700,0.0,0.0
2024-08-06 00:00:00-04:00,3.2100000381469727,3.319999933242798,3.1500000953674316,3.2200000286102295,213800,0.0,0.0
2024-08-07 00:00:00-04:00,3.319999933242798,3.490000009536743,2.9600000381469727,3.0199999809265137,336300,0.0,0.0
2024-08-08 00:00:00-04:00,3.069999933242798,3.1500000953674316,3.0299999713897705,3.1500000953674316,315600,0.0,0.0
2024-08-09 00:00:00-04:00,3.0799999237060547,3.0799999237060547,2.7699999809265137,2.799999952316284,719200,0.0,0.0
2024-08-12 00:00:00-04:00,2.799999952316284,2.8499999046325684,2.6600000858306885,2.819999933242798,719500,0.0,0.0
2024-08-13 00:00:00-04:00,2.819999933242798,2.9000000953674316,2.7300000190734863,2.799999952316284,339700,0.0,0.0
2024-08-14 00:00:00-04:00,2.819999933242798,2.8499999046325684,2.690000057220459,2.819999933242798,474600,0.0,0.0
2024-08-15 00:00:00-04:00,2.940000057220459,3.009999990463257,2.7799999713897705,2.809999942779541,408600,0.0,0.0
2024-08-16 00:00:00-04:00,2.799999952316284,2.940000057220459,2.799999952316284,2.9100000858306885,282100,0.0,0.0
2024-08-19 00:00:00-04:00,2.7799999713897705,3.0299999713897705,2.680000066757202,3.009999990463257,478200,0.0,0.0
2024-08-20 00:00:00-04:00,3.009999990463257,3.140000104904175,2.9200000762939453,2.9700000286102295,229800,0.0,0.0
2024-08-21 00:00:00-04:00,2.990000009536743,3.0999999046325684,2.869999885559082,3.0,319000,0.0,0.0
2024-08-22 00:00:00-04:00,3.0,3.0199999809265137,2.880000114440918,2.9000000953674316,127600,0.0,0.0
2024-08-23 00:00:00-04:00,2.930000066757202,3.119999885559082,2.9200000762939453,3.049999952316284,306200,0.0,0.0
2024-08-26 00:00:00-04:00,3.059999942779541,3.1700000762939453,3.0299999713897705,3.1600000858306885,279900,0.0,0.0
2024-08-27 00:00:00-04:00,3.119999885559082,3.130000114440918,2.990000009536743,3.0,204700,0.0,0.0
2024-08-28 00:00:00-04:00,2.990000009536743,3.069999933242798,2.9000000953674316,2.9100000858306885,175100,0.0,0.0
2024-08-29 00:00:00-04:00,2.950000047683716,3.0299999713897705,2.880000114440918,2.9000000953674316,285800,0.0,0.0
2024-08-30 00:00:00-04:00,2.9200000762939453,2.9800000190734863,2.859999895095825,2.890000104904175,216100,0.0,0.0
2024-09-03 00:00:00-04:00,2.8399999141693115,2.9000000953674316,2.8299999237060547,2.8499999046325684,211800,0.0,0.0
2024-09-04 00:00:00-04:00,2.8499999046325684,2.890000104904175,2.7799999713897705,2.8299999237060547,241400,0.0,0.0
2024-09-05 00:00:00-04:00,2.8499999046325684,2.859999895095825,2.7200000286102295,2.809999942779541,153200,0.0,0.0
2024-09-06 00:00:00-04:00,2.799999952316284,2.8399999141693115,2.7300000190734863,2.740000009536743,177400,0.0,0.0
2024-09-09 00:00:00-04:00,2.759999990463257,2.869999885559082,2.609999895095825,2.619999885559082,356400,0.0,0.0
2024-09-10 00:00:00-04:00,2.619999885559082,2.759999990463257,2.559999942779541,2.690000057220459,363000,0.0,0.0
2024-09-11 00:00:00-04:00,2.6700000762939453,2.75,2.630000114440918,2.7300000190734863,146800,0.0,0.0
2024-09-12 00:00:00-04:00,2.740000009536743,2.7899999618530273,2.609999895095825,2.7300000190734863,289800,0.0,0.0
2024-09-13 00:00:00-04:00,2.740000009536743,2.8299999237060547,2.740000009536743,2.7799999713897705,190200,0.0,0.0
2024-09-16 00:00:00-04:00,2.7799999713897705,2.869999885559082,2.700000047683716,2.8499999046325684,293600,0.0,0.0
2024-09-17 00:00:00-04:00,2.9000000953674316,3.200000047683716,2.8299999237060547,3.1600000858306885,4238900,0.0,0.0
2024-09-18 00:00:00-04:00,3.1500000953674316,3.25,3.059999942779541,3.109999895095825,452400,0.0,0.0
2024-09-19 00:00:00-04:00,3.2100000381469727,3.299999952316284,3.140000104904175,3.2100000381469727,398400,0.0,0.0
2024-09-20 00:00:00-04:00,3.190000057220459,3.2200000286102295,3.0799999237060547,3.0999999046325684,7967900,0.0,0.0
2024-09-23 00:00:00-04:00,3.0899999141693115,3.119999885559082,2.890000104904175,2.9200000762939453,564300,0.0,0.0
2024-09-24 00:00:00-04:00,3.109999895095825,3.130000114440918,2.869999885559082,2.890000104904175,994500,0.0,0.0
2024-09-25 00:00:00-04:00,2.9000000953674316,2.940000057220459,2.8299999237060547,2.9100000858306885,332900,0.0,0.0
2024-09-26 00:00:00-04:00,2.9800000190734863,3.1600000858306885,2.930000066757202,3.0999999046325684,709500,0.0,0.0
2024-09-27 00:00:00-04:00,3.1700000762939453,3.299999952316284,3.140000104904175,3.2300000190734863,580000,0.0,0.0
2024-09-30 00:00:00-04:00,3.190000057220459,3.299999952316284,3.059999942779541,3.0799999237060547,702600,0.0,0.0
2024-10-01 00:00:00-04:00,3.0199999809265137,3.0899999141693115,3.0,3.0399999618530273,417700,0.0,0.0
2024-10-02 00:00:00-04:00,3.0399999618530273,3.109999895095825,3.0,3.0899999141693115,436600,0.0,0.0
2024-10-03 00:00:00-04:00,3.0999999046325684,3.1500000953674316,3.0199999809265137,3.0999999046325684,377000,0.0,0.0
2024-10-04 00:00:00-04:00,3.119999885559082,3.190000057220459,3.069999933242798,3.1600000858306885,328300,0.0,0.0
2024-10-07 00:00:00-04:00,3.180000066757202,3.259999990463257,3.0299999713897705,3.119999885559082,477500,0.0,0.0
2024-10-08 00:00:00-04:00,3.0799999237060547,3.1500000953674316,3.069999933242798,3.069999933242798,243500,0.0,0.0
2024-10-09 00:00:00-04:00,3.059999942779541,3.0999999046325684,3.0299999713897705,3.0899999141693115,267900,0.0,0.0
2024-10-10 00:00:00-04:00,3.0199999809265137,3.0299999713897705,2.9100000858306885,2.9700000286102295,361900,0.0,0.0
2024-10-11 00:00:00-04:00,2.9800000190734863,3.1700000762939453,2.9700000286102295,3.1500000953674316,358200,0.0,0.0
2024-10-14 00:00:00-04:00,3.1700000762939453,3.2300000190734863,3.0899999141693115,3.2200000286102295,194400,0.0,0.0
2024-10-15 00:00:00-04:00,3.2300000190734863,3.4200000762939453,3.180000066757202,3.390000104904175,725400,0.0,0.0
2024-10-16 00:00:00-04:00,3.4000000953674316,3.559999942779541,3.3499999046325684,3.5199999809265137,465000,0.0,0.0
2024-10-17 00:00:00-04:00,3.4800000190734863,3.509999990463257,3.319999933242798,3.369999885559082,239000,0.0,0.0
2024-10-18 00:00:00-04:00,3.380000114440918,3.430000066757202,3.3499999046325684,3.4100000858306885,232100,0.0,0.0
2024-10-21 00:00:00-04:00,3.4000000953674316,3.4200000762939453,3.2300000190734863,3.2899999618530273,184800,0.0,0.0
2024-10-22 00:00:00-04:00,3.259999990463257,3.309999942779541,3.259999990463257,3.299999952316284,83900,0.0,0.0
2024-10-23 00:00:00-04:00,3.299999952316284,3.3299999237060547,3.0199999809265137,3.059999942779541,1070300,0.0,0.0
2024-10-24 00:00:00-04:00,3.069999933242798,3.0999999046325684,2.9800000190734863,2.990000009536743,431800,0.0,0.0
2024-10-25 00:00:00-04:00,2.990000009536743,3.0899999141693115,2.9000000953674316,2.9100000858306885,587900,0.0,0.0
2024-10-28 00:00:00-04:00,2.9600000381469727,3.2899999618530273,2.950000047683716,3.180000066757202,608200,0.0,0.0
2024-10-29 00:00:00-04:00,3.200000047683716,3.2799999713897705,3.1500000953674316,3.190000057220459,363500,0.0,0.0
2024-10-30 00:00:00-04:00,3.180000066757202,3.2699999809265137,3.1600000858306885,3.2100000381469727,215500,0.0,0.0
2024-10-31 00:00:00-04:00,3.259999990463257,3.259999990463257,3.0799999237060547,3.140000104904175,468400,0.0,0.0
2024-11-01 00:00:00-04:00,3.319999933242798,3.740000009536743,3.2899999618530273,3.5,1674300,0.0,0.0
2024-11-04 00:00:00-05:00,3.5,3.5899999141693115,3.4000000953674316,3.490000009536743,747900,0.0,0.0
2024-11-05 00:00:00-05:00,3.4600000381469727,3.8399999141693115,3.4600000381469727,3.819999933242798,791000,0.0,0.0
2024-11-06 00:00:00-05:00,3.9600000381469727,4.090000152587891,3.8399999141693115,4.010000228881836,785100,0.0,0.0
2024-11-07 00:00:00-05:00,4.019999980926514,4.389999866485596,3.940000057220459,4.179999828338623,1009600,0.0,0.0
2024-11-08 00:00:00-05:00,4.170000076293945,4.21999979019165,4.0,4.079999923706055,451700,0.0,0.0
2024-11-11 00:00:00-05:00,4.150000095367432,4.199999809265137,4.0,4.059999942779541,425600,0.0,0.0
2024-11-12 00:00:00-05:00,3.990000009536743,4.090000152587891,3.950000047683716,4.019999980926514,421100,0.0,0.0
2024-11-13 00:00:00-05:00,4.03000020980835,4.199999809265137,3.990000009536743,4.039999961853027,1053300,0.0,0.0
2024-11-14 00:00:00-05:00,4.0,4.010000228881836,3.7300000190734863,3.740000009536743,608000,0.0,0.0
2024-11-15 00:00:00-05:00,3.799999952316284,3.9100000858306885,3.700000047683716,3.880000114440918,1097400,0.0,0.0
2024-11-18 00:00:00-05:00,3.890000104904175,4.150000095367432,3.7200000286102295,3.930000066757202,812000,0.0,0.0
2024-11-19 00:00:00-05:00,3.890000104904175,4.300000190734863,3.809999942779541,4.25,631600,0.0,0.0
2024-11-20 00:00:00-05:00,4.28000020980835,4.510000228881836,4.119999885559082,4.329999923706055,808600,0.0,0.0
2024-11-21 00:00:00-05:00,4.400000095367432,4.53000020980835,4.300000190734863,4.329999923706055,676200,0.0,0.0
2024-11-22 00:00:00-05:00,4.369999885559082,4.699999809265137,4.300000190734863,4.610000133514404,700800,0.0,0.0
2024-11-25 00:00:00-05:00,4.619999885559082,4.670000076293945,4.510000228881836,4.550000190734863,307900,0.0,0.0
2024-11-26 00:00:00-05:00,4.550000190734863,4.619999885559082,4.46999979019165,4.559999942779541,618600,0.0,0.0
2024-11-27 00:00:00-05:00,4.610000133514404,4.710000038146973,4.46999979019165,4.590000152587891,514400,0.0,0.0
2024-11-29 00:00:00-05:00,4.579999923706055,4.639999866485596,4.53000020980835,4.579999923706055,256500,0.0,0.0
2024-12-02 00:00:00-05:00,4.610000133514404,4.829999923706055,4.559999942779541,4.71999979019165,484700,0.0,0.0
2024-12-03 00:00:00-05:00,4.710000038146973,4.900000095367432,4.659999847412109,4.769999980926514,805000,0.0,0.0
2024-12-04 00:00:00-05:00,4.78000020980835,5.0,4.710000038146973,4.889999866485596,475600,0.0,0.0
2024-12-05 00:00:00-05:00,4.889999866485596,4.889999866485596,4.579999923706055,4.630000114440918,382400,0.0,0.0
2024-12-06 00:00:00-05:00,4.710000038146973,4.840000152587891,4.670000076293945,4.730000019073486,361100,0.0,0.0
2024-12-09 00:00:00-05:00,4.75,5.480000019073486,4.75,5.449999809265137,1317200,0.0,0.0
2024-12-10 00:00:00-05:00,5.460000038146973,5.960000038146973,5.449999809265137,5.670000076293945,1874000,0.0,0.0
2024-12-11 00:00:00-05:00,5.800000190734863,6.079999923706055,5.679999828338623,5.809999942779541,1060600,0.0,0.0
2024-12-12 00:00:00-05:00,5.800000190734863,5.860000133514404,5.510000228881836,5.630000114440918,729600,0.0,0.0
2024-12-13 00:00:00-05:00,5.590000152587891,5.769999980926514,5.46999979019165,5.53000020980835,798800,0.0,0.0
2024-12-16 00:00:00-05:00,5.5,5.769999980926514,5.420000076293945,5.610000133514404,675400,0.0,0.0
2024-12-17 00:00:00-05:00,5.570000171661377,6.010000228881836,5.5,5.630000114440918,865800,0.0,0.0
2024-12-18 00:00:00-05:00,5.639999866485596,5.71999979019165,5.119999885559082,5.190000057220459,1339600,0.0,0.0
2024-12-19 00:00:00-05:00,5.230000019073486,5.360000133514404,5.090000152587891,5.119999885559082,688900,0.0,0.0
2024-12-20 00:00:00-05:00,5.070000171661377,5.480000019073486,5.070000171661377,5.28000020980835,3250100,0.0,0.0
2024-12-23 00:00:00-05:00,5.260000228881836,5.269999980926514,4.809999942779541,4.929999828338623,691200,0.0,0.0
2024-12-24 00:00:00-05:00,4.920000076293945,5.019999980926514,4.840000152587891,5.0,247000,0.0,0.0
2024-12-26 00:00:00-05:00,4.929999828338623,5.010000228881836,4.849999904632568,4.96999979019165,257200,0.0,0.0
2024-12-27 00:00:00-05:00,4.880000114440918,5.090000152587891,4.800000190734863,4.989999771118164,612100,0.0,0.0
2024-12-30 00:00:00-05:00,4.940000057220459,4.96999979019165,4.659999847412109,4.670000076293945,549700,0.0,0.0
2024-12-31 00:00:00-05:00,4.670000076293945,4.789999961853027,4.619999885559082,4.769999980926514,645300,0.0,0.0
2025-01-02 00:00:00-05:00,4.860000133514404,5.090000152587891,4.78000020980835,5.0,465400,0.0,0.0
2025-01-03 00:00:00-05:00,5.199999809265137,5.510000228881836,5.110000133514404,5.429999828338623,613400,0.0,0.0
2025-01-06 00:00:00-05:00,5.449999809265137,5.5,4.920000076293945,5.139999866485596,1030100,0.0,0.0
2025-01-07 00:00:00-05:00,5.190000057220459,5.400000095367432,4.889999866485596,4.989999771118164,468200,0.0,0.0
2025-01-08 00:00:00-05:00,4.880000114440918,4.940000057220459,4.590000152587891,4.760000228881836,704200,0.0,0.0
2025-01-10 00:00:00-05:00,4.699999809265137,4.699999809265137,4.380000114440918,4.389999866485596,633400,0.0,0.0
2025-01-13 00:00:00-05:00,4.260000228881836,4.570000171661377,4.239999771118164,4.519999980926514,727400,0.0,0.0
2025-01-14 00:00:00-05:00,4.599999904632568,4.699999809265137,4.460000038146973,4.53000020980835,674200,0.0,0.0
2025-01-15 00:00:00-05:00,4.71999979019165,4.940000057220459,4.630000114440918,4.869999885559082,813000,0.0,0.0
2025-01-16 00:00:00-05:00,4.829999923706055,4.989999771118164,4.760000228881836,4.920000076293945,602600,0.0,0.0
2025-01-17 00:00:00-05:00,5.010000228881836,5.070000171661377,4.849999904632568,5.0,638800,0.0,0.0
2025-01-21 00:00:00-05:00,5.050000190734863,5.429999828338623,5.010000228881836,5.050000190734863,729000,0.0,0.0
2025-01-22 00:00:00-05:00,5.079999923706055,5.139999866485596,4.869999885559082,4.869999885559082,436600,0.0,0.0
2025-01-23 00:00:00-05:00,4.800000190734863,5.010000228881836,4.739999771118164,4.980000019073486,776800,0.0,0.0
2025-01-24 00:00:00-05:00,4.940000057220459,5.159999847412109,4.880000114440918,4.909999847412109,412900,0.0,0.0
2025-01-27 00:00:00-05:00,4.849999904632568,4.960000038146973,4.679999828338623,4.71999979019165,464200,0.0,0.0
2025-01-28 00:00:00-05:00,4.739999771118164,4.760000228881836,4.550000190734863,4.579999923706055,1617400,0.0,0.0
2025-01-29 00:00:00-05:00,4.590000152587891,4.679999828338623,4.409999847412109,4.46999979019165,1069200,0.0,0.0
2025-01-30 00:00:00-05:00,4.539999961853027,4.630000114440918,4.409999847412109,4.5,363200,0.0,0.0
2025-01-31 00:00:00-05:00,4.480000019073486,4.510000228881836,4.179999828338623,4.190000057220459,663400,0.0,0.0
2025-02-03 00:00:00-05:00,4.150000095367432,4.309999942779541,4.0,4.269999980926514,643500,0.0,0.0
2025-02-04 00:00:00-05:00,4.28000020980835,4.510000228881836,4.25,4.449999809265137,488900,0.0,0.0
2025-02-05 00:00:00-05:00,4.46999979019165,4.480000019073486,4.28000020980835,4.369999885559082,382700,0.0,0.0
2025-02-06 00:00:00-05:00,4.409999847412109,4.420000076293945,4.25,4.389999866485596,611300,0.0,0.0
2025-02-07 00:00:00-05:00,4.400000095367432,4.510000228881836,4.25,4.320000171661377,422400,0.0,0.0
2025-02-10 00:00:00-05:00,4.320000171661377,4.320000171661377,4.159999847412109,4.179999828338623,449100,0.0,0.0
2025-02-11 00:00:00-05:00,4.210000038146973,4.210000038146973,4.070000171661377,4.139999866485596,323000,0.0,0.0
2025-02-12 00:00:00-05:00,4.03000020980835,4.139999866485596,3.9700000286102295,4.119999885559082,628800,0.0,0.0
2025-02-13 00:00:00-05:00,4.21999979019165,4.239999771118164,4.039999961853027,4.099999904632568,413700,0.0,0.0
2025-02-14 00:00:00-05:00,4.110000133514404,4.360000133514404,4.059999942779541,4.309999942779541,503600,0.0,0.0
2025-02-18 00:00:00-05:00,4.340000152587891,4.400000095367432,4.230000019073486,4.389999866485596,461100,0.0,0.0
2025-02-19 00:00:00-05:00,4.400000095367432,4.409999847412109,4.199999809265137,4.230000019073486,358800,0.0,0.0
2025-02-20 00:00:00-05:00,4.190000057220459,4.309999942779541,4.139999866485596,4.260000228881836,367200,0.0,0.0
2025-02-21 00:00:00-05:00,4.320000171661377,4.460000038146973,4.159999847412109,4.179999828338623,676100,0.0,0.0
2025-02-24 00:00:00-05:00,4.199999809265137,4.300000190734863,4.010000228881836,4.110000133514404,685700,0.0,0.0
2025-02-25 00:00:00-05:00,4.099999904632568,4.159999847412109,3.880000114440918,4.010000228881836,1036200,0.0,0.0
2025-02-26 00:00:00-05:00,4.019999980926514,4.300000190734863,3.950000047683716,4.159999847412109,487300,0.0,0.0
2025-02-27 00:00:00-05:00,4.110000133514404,4.150000095367432,3.9200000762939453,3.930000066757202,483900,0.0,0.0
2025-02-28 00:00:00-05:00,3.5,3.609999895095825,2.809999942779541,3.0399999618530273,2725700,0.0,0.0
2025-03-03 00:00:00-05:00,3.119999885559082,3.119999885559082,2.7300000190734863,2.740000009536743,2061500,0.0,0.0
2025-03-04 00:00:00-05:00,2.7200000286102295,2.759999990463257,2.4800000190734863,2.680000066757202,1595100,0.0,0.0
2025-03-05 00:00:00-05:00,2.7100000381469727,2.809999942779541,2.619999885559082,2.7300000190734863,1281900,0.0,0.0
2025-03-06 00:00:00-05:00,2.6700000762939453,2.740000009536743,2.4700000286102295,2.7300000190734863,1529900,0.0,0.0
2025-03-07 00:00:00-05:00,2.7699999809265137,2.8499999046325684,2.680000066757202,2.819999933242798,1407000,0.0,0.0
2025-03-10 00:00:00-04:00,2.75,2.7799999713897705,2.559999942779541,2.630000114440918,1474200,0.0,0.0
2025-03-11 00:00:00-04:00,2.7100000381469727,2.8299999237060547,2.619999885559082,2.759999990463257,1186700,0.0,0.0
2025-03-12 00:00:00-04:00,2.799999952316284,2.8399999141693115,2.630000114440918,2.759999990463257,816000,0.0,0.0
2025-03-13 00:00:00-04:00,2.740000009536743,2.7799999713897705,2.5199999809265137,2.5299999713897705,697600,0.0,0.0
2025-03-14 00:00:00-04:00,2.5899999141693115,2.809999942779541,2.569999933242798,2.7799999713897705,1281800,0.0,0.0
2025-03-17 00:00:00-04:00,2.799999952316284,2.9700000286102295,2.759999990463257,2.9200000762939453,725600,0.0,0.0
2025-03-18 00:00:00-04:00,2.8499999046325684,2.859999895095825,2.640000104904175,2.7300000190734863,962000,0.0,0.0
2025-03-19 00:00:00-04:00,2.7300000190734863,2.7799999713897705,2.640000104904175,2.6600000858306885,513700,0.0,0.0
2025-03-20 00:00:00-04:00,2.630000114440918,2.640000104904175,2.5199999809265137,2.549999952316284,603300,0.0,0.0
2025-03-21 00:00:00-04:00,2.490000009536743,2.5999999046325684,2.430000066757202,2.549999952316284,1449600,0.0,0.0
2025-03-24 00:00:00-04:00,2.640000104904175,3.1700000762939453,2.640000104904175,3.069999933242798,2047200,0.0,0.0
2025-03-25 00:00:00-04:00,3.0899999141693115,3.130000114440918,2.890000104904175,2.940000057220459,864600,0.0,0.0
2025-03-26 00:00:00-04:00,2.9100000858306885,2.930000066757202,2.7899999618530273,2.819999933242798,717300,0.0,0.0
2025-03-27 00:00:00-04:00,2.819999933242798,3.0399999618530273,2.7899999618530273,2.9200000762939453,929400,0.0,0.0
2025-03-28 00:00:00-04:00,2.880000114440918,3.009999990463257,2.75,2.809999942779541,836100,0.0,0.0
2025-03-31 00:00:00-04:00,2.759999990463257,2.7799999713897705,2.6600000858306885,2.690000057220459,1309600,0.0,0.0
2025-04-01 00:00:00-04:00,2.690000057220459,2.7100000381469727,2.450000047683716,2.509999990463257,2025700,0.0,0.0
2025-04-02 00:00:00-04:00,2.4700000286102295,2.5899999141693115,2.4100000858306885,2.490000009536743,1718000,0.0,0.0
2025-04-03 00:00:00-04:00,2.299999952316284,2.380000114440918,2.2200000286102295,2.2899999618530273,1454100,0.0,0.0
2025-04-04 00:00:00-04:00,2.2100000381469727,2.25,2.0,2.130000114440918,1247900,0.0,0.0
2025-04-07 00:00:00-04:00,2.009999990463257,2.2200000286102295,1.899999976158142,2.059999942779541,1051200,0.0,0.0
2025-04-08 00:00:00-04:00,2.1500000953674316,2.190000057220459,1.9700000286102295,1.9700000286102295,1220700,0.0,0.0
2025-04-09 00:00:00-04:00,1.9299999475479126,2.3499999046325684,1.909999966621399,2.309999942779541,1534100,0.0,0.0
2025-04-10 00:00:00-04:00,2.259999990463257,2.299999952316284,2.109999895095825,2.25,922400,0.0,0.0
2025-04-11 00:00:00-04:00,2.240000009536743,2.369999885559082,2.190000057220459,2.3499999046325684,722200,0.0,0.0
2025-04-14 00:00:00-04:00,2.430000066757202,2.4700000286102295,2.25,2.299999952316284,506700,0.0,0.0
2025-04-15 00:00:00-04:00,2.2699999809265137,2.3499999046325684,2.2100000381469727,2.25,496200,0.0,0.0
2025-04-16 00:00:00-04:00,2.2100000381469727,2.259999990463257,2.0799999237060547,2.119999885559082,592600,0.0,0.0
2025-04-17 00:00:00-04:00,2.119999885559082,2.190000057220459,2.049999952316284,2.109999895095825,557200,0.0,0.0
2025-04-21 00:00:00-04:00,2.119999885559082,2.240000009536743,2.0999999046325684,2.130000114440918,650700,0.0,0.0
2025-04-22 00:00:00-04:00,2.1500000953674316,2.240000009536743,2.1500000953674316,2.2300000190734863,454300,0.0,0.0
2025-04-23 00:00:00-04:00,2.3299999237060547,2.430000066757202,2.2699999809265137,2.2799999713897705,624500,0.0,0.0
2025-04-24 00:00:00-04:00,2.2799999713897705,2.3299999237060547,2.2200000286102295,2.299999952316284,331100,0.0,0.0
2025-04-25 00:00:00-04:00,2.299999952316284,2.309999942779541,2.2100000381469727,2.259999990463257,355200,0.0,0.0
2025-04-28 00:00:00-04:00,2.259999990463257,2.380000114440918,2.259999990463257,2.3299999237060547,339500,0.0,0.0
2025-04-29 00:00:00-04:00,2.299999952316284,2.369999885559082,2.25,2.3299999237060547,335600,0.0,0.0
2025-04-30 00:00:00-04:00,2.2799999713897705,2.3499999046325684,2.25,2.299999952316284,336600,0.0,0.0
2025-05-01 00:00:00-04:00,2.3299999237060547,2.4000000953674316,2.2699999809265137,2.319999933242798,471800,0.0,0.0
2025-05-02 00:00:00-04:00,2.369999885559082,2.5899999141693115,2.369999885559082,2.5199999809265137,591200,0.0,0.0
2025-05-05 00:00:00-04:00,2.509999990463257,2.5299999713897705,2.450000047683716,2.509999990463257,645000,0.0,0.0
2025-05-06 00:00:00-04:00,2.450000047683716,2.5299999713897705,2.240000009536743,2.259999990463257,892200,0.0,0.0
2025-05-07 00:00:00-04:00,2.25,2.3399999141693115,2.2300000190734863,2.2799999713897705,325900,0.0,0.0
2025-05-08 00:00:00-04:00,2.319999933242798,2.4700000286102295,2.2799999713897705,2.4600000381469727,491400,0.0,0.0
2025-05-09 00:00:00-04:00,2.5,2.5199999809265137,2.4000000953674316,2.4600000381469727,448300,0.0,0.0
2025-05-12 00:00:00-04:00,2.609999895095825,2.700000047683716,2.569999933242798,2.640000104904175,450000,0.0,0.0
2025-05-13 00:00:00-04:00,2.640000104904175,2.640000104904175,2.4600000381469727,2.559999942779541,490100,0.0,0.0
2025-05-14 00:00:00-04:00,2.5799999237060547,2.690000057220459,2.450000047683716,2.4700000286102295,661900,0.0,0.0
2025-05-15 00:00:00-04:00,2.2300000190734863,2.509999990463257,1.9500000476837158,2.509999990463257,1595400,0.0,0.0
2025-05-16 00:00:00-04:00,2.559999942779541,2.5799999237060547,2.380000114440918,2.4700000286102295,586300,0.0,0.0
2025-05-19 00:00:00-04:00,2.4000000953674316,2.4600000381469727,2.3299999237060547,2.430000066757202,417800,0.0,0.0
2025-05-20 00:00:00-04:00,2.4200000762939453,2.4800000190734863,2.3499999046325684,2.450000047683716,732200,0.0,0.0
2025-05-21 00:00:00-04:00,2.4200000762939453,2.490000009536743,2.309999942779541,2.3399999141693115,713200,0.0,0.0
2025-05-22 00:00:00-04:00,2.309999942779541,2.509999990463257,2.299999952316284,2.4600000381469727,532400,0.0,0.0
2025-05-23 00:00:00-04:00,2.319999933242798,2.430000066757202,2.319999933242798,2.4000000953674316,6709900,0.0,0.0
2025-05-27 00:00:00-04:00,2.4600000381469727,2.559999942779541,2.430000066757202,2.549999952316284,995100,0.0,0.0
2025-05-28 00:00:00-04:00,2.549999952316284,2.549999952316284,2.319999933242798,2.3299999237060547,618500,0.0,0.0
2025-05-29 00:00:00-04:00,2.4800000190734863,2.5399999618530273,2.2699999809265137,2.3499999046325684,1331900,0.0,0.0
2025-05-30 00:00:00-04:00,2.3399999141693115,2.380000114440918,2.25,2.299999952316284,870700,0.0,0.0
2025-06-02 00:00:00-04:00,2.2899999618530273,2.3399999141693115,2.2200000286102295,2.25,870400,0.0,0.0
2025-06-03 00:00:00-04:00,2.2699999809265137,2.390000104904175,2.200000047683716,2.3399999141693115,736300,0.0,0.0
2025-06-04 00:00:00-04:00,2.3399999141693115,2.4200000762939453,2.299999952316284,2.3299999237060547,726700,0.0,0.0
2025-06-05 00:00:00-04:00,2.3299999237060547,2.359999895095825,2.25,2.259999990463257,754400,0.0,0.0
2025-06-06 00:00:00-04:00,2.309999942779541,2.509999990463257,2.2799999713897705,2.369999885559082,698700,0.0,0.0
2025-06-09 00:00:00-04:00,2.440000057220459,2.440000057220459,2.3299999237060547,2.380000114440918,474800,0.0,0.0
2025-06-10 00:00:00-04:00,2.4000000953674316,2.509999990463257,2.4000000953674316,2.440000057220459,622800,0.0,0.0
2025-06-11 00:00:00-04:00,2.4600000381469727,2.5,2.3499999046325684,2.359999895095825,575400,0.0,0.0
2025-06-12 00:00:00-04:00,2.3399999141693115,2.3499999046325684,2.2300000190734863,2.25,597300,0.0,0.0
2025-06-13 00:00:00-04:00,2.200000047683716,2.3499999046325684,2.1700000762939453,2.2300000190734863,720200,0.0,0.0
2025-06-16 00:00:00-04:00,2.259999990463257,2.2799999713897705,2.180000066757202,2.240000009536743,519700,0.0,0.0
2025-06-17 00:00:00-04:00,2.2799999713897705,2.309999942779541,2.2100000381469727,2.2200000286102295,513600,0.0,0.0
2025-06-18 00:00:00-04:00,2.200000047683716,2.390000104904175,2.200000047683716,2.3499999046325684,776000,0.0,0.0
2025-06-20 00:00:00-04:00,2.390000104904175,2.4000000953674316,2.2300000190734863,2.2899999618530273,1073800,0.0,0.0
2025-06-23 00:00:00-04:00,2.2699999809265137,2.380000114440918,2.2300000190734863,2.359999895095825,528900,0.0,0.0
2025-06-24 00:00:00-04:00,2.4200000762939453,2.559999942779541,2.369999885559082,2.5,989000,0.0,0.0
2025-06-25 00:00:00-04:00,2.5299999713897705,2.5799999237060547,2.4200000762939453,2.509999990463257,550100,0.0,0.0
2025-06-26 00:00:00-04:00,2.509999990463257,2.559999942779541,2.450000047683716,2.5199999809265137,1731700,0.0,0.0
2025-06-27 00:00:00-04:00,2.5199999809265137,2.5299999713897705,2.319999933242798,2.390000104904175,2260000,0.0,0.0
2025-06-30 00:00:00-04:00,2.380000114440918,2.4700000286102295,2.3399999141693115,2.440000057220459,652700,0.0,0.0
2025-07-01 00:00:00-04:00,2.440000057220459,2.509999990463257,2.390000104904175,2.4000000953674316,628900,0.0,0.0
2025-07-02 00:00:00-04:00,2.490000009536743,2.8499999046325684,2.4700000286102295,2.809999942779541,1471200,0.0,0.0
2025-07-03 00:00:00-04:00,2.8399999141693115,2.9100000858306885,2.690000057220459,2.7699999809265137,1467700,0.0,0.0
2025-07-07 00:00:00-04:00,2.7100000381469727,2.740000009536743,2.549999952316284,2.5799999237060547,610000,0.0,0.0
2025-07-08 00:00:00-04:00,2.5999999046325684,2.7300000190734863,2.559999942779541,2.6700000762939453,504200,0.0,0.0
2025-07-09 00:00:00-04:00,2.680000066757202,2.940000057220459,2.680000066757202,2.9100000858306885,1237800,0.0,0.0
2025-07-10 00:00:00-04:00,2.9000000953674316,3.1500000953674316,2.869999885559082,3.109999895095825,1324100,0.0,0.0
2025-07-11 00:00:00-04:00,3.0899999141693115,3.119999885559082,2.9700000286102295,2.990000009536743,625000,0.0,0.0
2025-07-14 00:00:00-04:00,2.990000009536743,3.0999999046325684,2.9200000762939453,3.069999933242798,659200,0.0,0.0
2025-07-15 00:00:00-04:00,3.0899999141693115,3.119999885559082,2.7699999809265137,2.809999942779541,1000800,0.0,0.0
2025-07-16 00:00:00-04:00,2.819999933242798,2.930000066757202,2.7899999618530273,2.859999895095825,494700,0.0,0.0
2025-07-17 00:00:00-04:00,2.859999895095825,2.950000047683716,2.8399999141693115,2.880000114440918,627500,0.0,0.0
2025-07-18 00:00:00-04:00,2.930000066757202,2.9600000381469727,2.809999942779541,2.819999933242798,617700,0.0,0.0
2025-07-21 00:00:00-04:00,2.8499999046325684,2.9000000953674316,2.809999942779541,2.8399999141693115,649800,0.0,0.0
2025-07-22 00:00:00-04:00,2.8399999141693115,3.140000104904175,2.8299999237060547,3.049999952316284,686500,0.0,0.0
2025-07-23 00:00:00-04:00,3.180000066757202,3.390000104904175,3.1600000858306885,3.3299999237060547,1023000,0.0,0.0
2025-07-24 00:00:00-04:00,3.3299999237060547,3.3399999141693115,3.2300000190734863,3.240000009536743,548600,0.0,0.0
2025-07-25 00:00:00-04:00,3.2300000190734863,3.2300000190734863,3.009999990463257,3.109999895095825,1455000,0.0,0.0
2025-07-28 00:00:00-04:00,3.109999895095825,3.1500000953674316,2.990000009536743,3.0399999618530273,753200,0.0,0.0
2025-07-29 00:00:00-04:00,3.059999942779541,3.069999933242798,2.809999942779541,2.819999933242798,1289600,0.0,0.0
2025-07-30 00:00:00-04:00,2.8399999141693115,2.930000066757202,2.7699999809265137,2.7899999618530273,595700,0.0,0.0
2025-07-31 00:00:00-04:00,2.7300000190734863,2.7799999713897705,2.6500000953674316,2.680000066757202,906500,0.0,0.0
2025-08-01 00:00:00-04:00,2.619999885559082,2.809999942779541,2.5799999237060547,2.690000057220459,780700,0.0,0.0
2025-08-04 00:00:00-04:00,2.7300000190734863,2.869999885559082,2.690000057220459,2.8399999141693115,572900,0.0,0.0
2025-08-05 00:00:00-04:00,2.890000104904175,2.9600000381469727,2.8299999237060547,2.930000066757202,1027100,0.0,0.0
2025-08-06 00:00:00-04:00,2.9200000762939453,2.9200000762939453,2.8399999141693115,2.859999895095825,738700,0.0,0.0
2025-08-07 00:00:00-04:00,2.890000104904175,2.9200000762939453,2.759999990463257,2.7799999713897705,553400,0.0,0.0
2025-08-08 00:00:00-04:00,2.809999942779541,2.8399999141693115,2.7100000381469727,2.7699999809265137,860700,0.0,0.0
2025-08-11 00:00:00-04:00,2.759999990463257,2.9600000381469727,2.75,2.799999952316284,1000400,0.0,0.0
2025-08-12 00:00:00-04:00,2.8399999141693115,3.0399999618530273,2.8299999237060547,2.859999895095825,1823600,0.0,0.0
2025-08-13 00:00:00-04:00,2.9100000858306885,3.140000104904175,2.859999895095825,3.049999952316284,1614900,0.0,0.0
2025-08-14 00:00:00-04:00,3.4000000953674316,3.869999885559082,3.0899999141693115,3.0999999046325684,3017400,0.0,0.0
2025-08-15 00:00:00-04:00,3.1500000953674316,3.259999990463257,2.990000009536743,3.009999990463257,1539100,0.0,0.0
2025-08-18 00:00:00-04:00,3.009999990463257,3.119999885559082,2.940000057220459,3.0,1066900,0.0,0.0
2025-08-19 00:00:00-04:00,3.0,3.0299999713897705,2.8399999141693115,2.869999885559082,1547100,0.0,0.0
2025-08-20 00:00:00-04:00,2.869999885559082,2.880000114440918,2.740000009536743,2.819999933242798,1570100,0.0,0.0
2025-08-21 00:00:00-04:00,2.7899999618530273,2.890000104904175,2.759999990463257,2.819999933242798,1446200,0.0,0.0
2025-08-22 00:00:00-04:00,2.880000114440918,3.059999942779541,2.859999895095825,2.890000104904175,1218100,0.0,0.0
2025-08-25 00:00:00-04:00,2.869999885559082,2.869999885559082,2.6700000762939453,2.680000066757202,946300,0.0,0.0
2025-08-26 00:00:00-04:00,2.680000066757202,2.759999990463257,2.619999885559082,2.630000114440918,1887200,0.0,0.0
2025-08-27 00:00:00-04:00,2.619999885559082,2.7200000286102295,2.609999895095825,2.6700000762939453,2726900,0.0,0.0
2025-08-28 00:00:00-04:00,2.680000066757202,2.7899999618530273,2.6600000858306885,2.7200000286102295,678800,0.0,0.0
2025-08-29 00:00:00-04:00,2.7100000381469727,2.740000009536743,2.6600000858306885,2.7300000190734863,514400,0.0,0.0
2025-09-02 00:00:00-04:00,2.700000047683716,2.759999990463257,2.4600000381469727,2.509999990463257,1568600,0.0,0.0
2025-09-03 00:00:00-04:00,2.4800000190734863,2.5199999809265137,2.390000104904175,2.4100000858306885,1448800,0.0,0.0
2025-09-04 00:00:00-04:00,2.4100000858306885,2.430000066757202,2.2899999618530273,2.4200000762939453,1473100,0.0,0.0
2025-09-05 00:00:00-04:00,2.440000057220459,2.5,2.4000000953674316,2.4200000762939453,722300,0.0,0.0
2025-09-08 00:00:00-04:00,2.450000047683716,2.5,2.369999885559082,2.450000047683716,477200,0.0,0.0
2025-09-09 00:00:00-04:00,2.4200000762939453,2.4600000381469727,2.4000000953674316,2.450000047683716,431700,0.0,0.0
2025-09-10 00:00:00-04:00,2.430000066757202,2.490000009536743,2.4200000762939453,2.430000066757202,624800,0.0,0.0
2025-09-11 00:00:00-04:00,2.430000066757202,2.5399999618530273,2.430000066757202,2.440000057220459,524900,0.0,0.0
2025-09-12 00:00:00-04:00,2.450000047683716,2.450000047683716,2.390000104904175,2.430000066757202,508700,0.0,0.0
2025-09-15 00:00:00-04:00,2.440000057220459,2.4600000381469727,2.380000114440918,2.440000057220459,454400,0.0,0.0
2025-09-16 00:00:00-04:00,2.430000066757202,2.5,2.4100000858306885,2.490000009536743,404900,0.0,0.0
2025-09-17 00:00:00-04:00,2.5,2.5,2.3399999141693115,2.3499999046325684,565900,0.0,0.0
2025-09-18 00:00:00-04:00,2.3499999046325684,2.5,2.3499999046325684,2.490000009536743,571700,0.0,0.0
2025-09-19 00:00:00-04:00,2.5,2.5,2.4000000953674316,2.450000047683716,1134500,0.0,0.0
2025-09-22 00:00:00-04:00,2.440000057220459,2.5299999713897705,2.4000000953674316,2.5199999809265137,553900,0.0,0.0
2025-09-23 00:00:00-04:00,2.5399999618530273,2.5799999237060547,2.440000057220459,2.4600000381469727,645100,0.0,0.0
2025-09-24 00:00:00-04:00,2.4600000381469727,2.5,2.450000047683716,2.4800000190734863,331400,0.0,0.0
2025-09-25 00:00:00-04:00,2.440000057220459,2.509999990463257,2.380000114440918,2.4000000953674316,525500,0.0,0.0
2025-09-26 00:00:00-04:00,2.430000066757202,2.4800000190734863,2.369999885559082,2.4600000381469727,707500,0.0,0.0
2025-09-29 00:00:00-04:00,2.490000009536743,2.490000009536743,2.4200000762939453,2.4700000286102295,232900,0.0,0.0
2025-09-30 00:00:00-04:00,2.4600000381469727,2.509999990463257,2.4200000762939453,2.440000057220459,594200,0.0,0.0
2025-10-01 00:00:00-04:00,2.4200000762939453,2.5199999809265137,2.4100000858306885,2.5,472700,0.0,0.0
2025-10-02 00:00:00-04:00,2.490000009536743,2.5199999809265137,2.4200000762939453,2.5199999809265137,502100,0.0,0.0
2025-10-03 00:00:00-04:00,2.5399999618530273,2.5799999237060547,2.4800000190734863,2.5399999618530273,295700,0.0,0.0
2025-10-06 00:00:00-04:00,2.569999933242798,2.7300000190734863,2.5199999809265137,2.690000057220459,714000,0.0,0.0
2025-10-07 00:00:00-04:00,2.700000047683716,2.7300000190734863,2.509999990463257,2.559999942779541,400300,0.0,0.0
2025-10-08 00:00:00-04:00,2.569999933242798,2.680000066757202,2.559999942779541,2.6500000953674316,295700,0.0,0.0
2025-10-09 00:00:00-04:00,2.640000104904175,2.700000047683716,2.619999885559082,2.680000066757202,418700,0.0,0.0
2025-10-10 00:00:00-04:00,2.799999952316284,2.930000066757202,2.509999990463257,2.5899999141693115,1323600,0.0,0.0
2025-10-13 00:00:00-04:00,2.630000114440918,2.690000057220459,2.4600000381469727,2.5,784900,0.0,0.0
2025-10-14 00:00:00-04:00,2.4700000286102295,2.549999952316284,2.4600000381469727,2.5199999809265137,485100,0.0,0.0
2025-10-15 00:00:00-04:00,2.569999933242798,2.740000009536743,2.549999952316284,2.740000009536743,599400,0.0,0.0
2025-10-16 00:00:00-04:00,2.740000009536743,2.7899999618530273,2.5899999141693115,2.640000104904175,486200,0.0,0.0
2025-10-17 00:00:00-04:00,2.609999895095825,2.690000057220459,2.549999952316284,2.6500000953674316,573300,0.0,0.0
2025-10-20 00:00:00-04:00,2.6600000858306885,2.7799999713897705,2.6600000858306885,2.740000009536743,480400,0.0,0.0
2025-10-21 00:00:00-04:00,2.740000009536743,2.7899999618530273,2.7100000381469727,2.759999990463257,371000,0.0,0.0
2025-10-22 00:00:00-04:00,2.759999990463257,2.7799999713897705,2.5199999809265137,2.559999942779541,641000,0.0,0.0
2025-10-23 00:00:00-04:00,2.569999933242798,2.6500000953674316,2.559999942779541,2.5899999141693115,395100,0.0,0.0
2025-10-24 00:00:00-04:00,2.619999885559082,2.700000047683716,2.619999885559082,2.700000047683716,425900,0.0,0.0
2025-10-27 00:00:00-04:00,2.7200000286102295,2.819999933242798,2.5899999141693115,2.5999999046325684,366200,0.0,0.0
2025-10-28 00:00:00-04:00,2.5899999141693115,2.7300000190734863,2.549999952316284,2.5899999141693115,957000,0.0,0.0
2025-10-29 00:00:00-04:00,2.5799999237060547,2.5999999046325684,2.4000000953674316,2.4200000762939453,1038300,0.0,0.0
2025-10-30 00:00:00-04:00,2.4000000953674316,2.4800000190734863,2.319999933242798,2.359999895095825,1101500,0.0,0.0
2025-10-31 00:00:00-04:00,2.359999895095825,2.4000000953674316,2.309999942779541,2.369999885559082,601700,0.0,0.0
2025-11-03 00:00:00-05:00,2.380000114440918,2.380000114440918,2.2200000286102295,2.259999990463257,588600,0.0,0.0
2025-11-04 00:00:00-05:00,2.2300000190734863,2.259999990463257,2.130000114440918,2.1700000762939453,946200,0.0,0.0
2025-11-05 00:00:00-05:00,2.1700000762939453,2.2300000190734863,2.109999895095825,2.1500000953674316,627500,0.0,0.0
2025-11-06 00:00:00-05:00,2.140000104904175,2.1600000858306885,2.0299999713897705,2.0399999618530273,899400,0.0,0.0
2025-11-07 00:00:00-05:00,1.6399999856948853,1.7699999809265137,1.6100000143051147,1.690000057220459,4982300,0.0,0.0
2025-11-10 00:00:00-05:00,1.7300000190734863,1.7799999713897705,1.6699999570846558,1.75,1504700,0.0,0.0
2025-11-11 00:00:00-05:00,1.7400000095367432,1.909999966621399,1.7400000095367432,1.7999999523162842,3754900,0.0,0.0
2025-11-12 00:00:00-05:00,1.7999999523162842,2.009999990463257,1.7999999523162842,1.9299999475479126,3210500,0.0,0.0
2025-11-13 00:00:00-05:00,1.8899999856948853,1.9199999570846558,1.6100000143051147,1.6299999952316284,1418700,0.0,0.0
2025-11-14 00:00:00-05:00,1.6200000047683716,1.7000000476837158,1.590000033378601,1.649999976158142,1416500,0.0,0.0
2025-11-17 00:00:00-05:00,1.6399999856948853,1.690000057220459,1.5700000524520874,1.5700000524520874,1493500,0.0,0.0
2025-11-18 00:00:00-05:00,1.559999942779541,1.659999966621399,1.5499999523162842,1.6399999856948853,1214000,0.0,0.0
2025-11-19 00:00:00-05:00,1.6299999952316284,1.659999966621399,1.600000023841858,1.6200000047683716,908900,0.0,0.0
2025-11-20 00:00:00-05:00,1.649999976158142,1.7300000190734863,1.5700000524520874,1.5700000524520874,879200,0.0,0.0
2025-11-21 00:00:00-05:00,1.5800000429153442,1.6299999952316284,1.5399999618530273,1.5399999618530273,1240200,0.0,0.0
2025-11-24 00:00:00-05:00,1.5399999618530273,1.6200000047683716,1.5199999809265137,1.590000033378601,931500,0.0,0.0
2025-11-25 00:00:00-05:00,1.600000023841858,1.7000000476837158,1.5700000524520874,1.6799999475479126,660700,0.0,0.0
2025-11-26 00:00:00-05:00,1.649999976158142,1.7699999809265137,1.649999976158142,1.7400000095367432,914600,0.0,0.0
2025-11-28 00:00:00-05:00,1.75,1.7899999618530273,1.7200000286102295,1.7300000190734863,570000,0.0,0.0
2025-12-01 00:00:00-05:00,1.690000057220459,1.7400000095367432,1.649999976158142,1.649999976158142,986600,0.0,0.0
2025-12-02 00:00:00-05:00,1.6299999952316284,1.7100000381469727,1.6200000047683716,1.649999976158142,932500,0.0,0.0
2025-12-03 00:00:00-05:00,1.6699999570846558,1.7599999904632568,1.659999966621399,1.690000057220459,2325400,0.0,0.0
2025-12-04 00:00:00-05:00,1.7200000286102295,1.7799999713897705,1.6699999570846558,1.7699999809265137,700900,0.0,0.0
2025-12-05 00:00:00-05:00,1.7699999809265137,1.840000033378601,1.75,1.8300000429153442,820600,0.0,0.0
2025-12-08 00:00:00-05:00,1.8700000047683716,1.9299999475479126,1.8600000143051147,1.9199999570846558,969500,0.0,0.0
2025-12-09 00:00:00-05:00,1.9199999570846558,1.9500000476837158,1.8600000143051147,1.8700000047683716,602800,0.0,0.0
2025-12-10 00:00:00-05:00,1.8600000143051147,1.8700000047683716,1.7599999904632568,1.8200000524520874,1480000,0.0,0.0
2025-12-11 00:00:00-05:00,1.8200000524520874,1.840000033378601,1.7000000476837158,1.7100000381469727,1118700,0.0,0.0
2025-12-12 00:00:00-05:00,1.7200000286102295,1.7599999904632568,1.659999966621399,1.6699999570846558,800200,0.0,0.0
2025-12-15 00:00:00-05:00,1.7000000476837158,1.7000000476837158,1.6200000047683716,1.6299999952316284,1148300,0.0,0.0
2025-12-16 00:00:00-05:00,1.6299999952316284,1.6799999475479126,1.6100000143051147,1.6799999475479126,1661500,0.0,0.0
2025-12-17 00:00:00-05:00,1.6799999475479126,1.75,1.600000023841858,1.6100000143051147,1106300,0.0,0.0
2025-12-18 00:00:00-05:00,1.6299999952316284,1.6699999570846558,1.6200000047683716,1.6399999856948853,788900,0.0,0.0
2025-12-19 00:00:00-05:00,1.6399999856948853,1.7100000381469727,1.6100000143051147,1.659999966621399,1278400,0.0,0.0
2025-12-22 00:00:00-05:00,1.75,1.75,1.6799999475479126,1.7000000476837158,1602400,0.0,0.0
2025-12-23 00:00:00-05:00,1.6799999475479126,1.7300000190734863,1.649999976158142,1.649999976158142,639900,0.0,0.0
2025-12-24 00:00:00-05:00,1.6399999856948853,1.690000057220459,1.6399999856948853,1.6799999475479126,258100,0.0,0.0
2025-12-26 00:00:00-05:00,1.659999966621399,1.659999966621399,1.6200000047683716,1.6299999952316284,338200,0.0,0.0
2025-12-29 00:00:00-05:00,1.649999976158142,1.690000057220459,1.6299999952316284,1.6399999856948853,2240400,0.0,0.0
2025-12-30 00:00:00-05:00,1.6399999856948853,1.659999966621399,1.590000033378601,1.600000023841858,2919100,0.0,0.0
2025-12-31 00:00:00-05:00,1.600000023841858,1.659999966621399,1.590000033378601,1.6299999952316284,914500,0.0,0.0
2026-01-02 00:00:00-05:00,1.6399999856948853,1.659999966621399,1.5800000429153442,1.6100000143051147,982300,0.0,0.0
2026-01-05 00:00:00-05:00,1.6200000047683716,1.659999966621399,1.6100000143051147,1.6299999952316284,732900,0.0,0.0
2026-01-06 00:00:00-05:00,1.6299999952316284,1.7200000286102295,1.6299999952316284,1.7200000286102295,591700,0.0,0.0
2026-01-07 00:00:00-05:00,1.7200000286102295,1.7400000095367432,1.6699999570846558,1.7000000476837158,634400,0.0,0.0
2026-01-08 00:00:00-05:00,1.7000000476837158,1.7100000381469727,1.659999966621399,1.6799999475479126,502400,0.0,0.0
2026-01-09 00:00:00-05:00,1.6799999475479126,1.7100000381469727,1.6100000143051147,1.6399999856948853,601200,0.0,0.0
2026-01-12 00:00:00-05:00,1.649999976158142,1.690000057220459,1.6200000047683716,1.6799999475479126,359700,0.0,0.0
2026-01-13 00:00:00-05:00,1.6799999475479126,1.7200000286102295,1.659999966621399,1.7100000381469727,429200,0.0,0.0
2026-01-14 00:00:00-05:00,1.7100000381469727,1.7899999618530273,1.7000000476837158,1.7799999713897705,560100,0.0,0.0
2026-01-15 00:00:00-05:00,1.7699999809265137,1.7899999618530273,1.7300000190734863,1.7799999713897705,384700,0.0,0.0
2026-01-16 00:00:00-05:00,1.7899999618530273,1.7899999618530273,1.6699999570846558,1.6699999570846558,442800,0.0,0.0
2026-01-20 00:00:00-05:00,1.649999976158142,1.6799999475479126,1.6100000143051147,1.6100000143051147,549400,0.0,0.0
2026-01-21 00:00:00-05:00,1.6200000047683716,1.7200000286102295,1.6200000047683716,1.7100000381469727,415000,0.0,0.0
2026-01-22 00:00:00-05:00,1.7200000286102295,1.850000023841858,1.7100000381469727,1.8300000429153442,777500,0.0,0.0
2026-01-23 00:00:00-05:00,1.8200000524520874,1.8899999856948853,1.659999966621399,1.6799999475479126,1222200,0.0,0.0
2026-01-26 00:00:00-05:00,1.690000057220459,1.7100000381469727,1.5399999618530273,1.5499999523162842,1287000,0.0,0.0
2026-01-27 00:00:00-05:00,1.5399999618530273,1.5499999523162842,1.3200000524520874,1.4299999475479126,2674700,0.0,0.0
2026-01-28 00:00:00-05:00,1.4600000381469727,1.4800000190734863,1.2799999713897705,1.2899999618530273,1708300,0.0,0.0
2026-01-29 00:00:00-05:00,1.2999999523162842,1.340000033378601,1.2599999904632568,1.2999999523162842,1595700,0.0,0.0
2026-01-30 00:00:00-05:00,1.2999999523162842,1.2999999523162842,1.2200000286102295,1.2400000095367432,1078700,0.0,0.0
2026-02-02 00:00:00-05:00,1.2599999904632568,1.4600000381469727,1.25,1.440000057220459,1723000,0.0,0.0
2026-02-03 00:00:00-05:00,1.4199999570846558,1.4800000190734863,1.309999942779541,1.3600000143051147,983500,0.0,0.0
2026-02-04 00:00:00-05:00,1.3700000047683716,1.3899999856948853,1.2799999713897705,1.3200000524520874,1537700,0.0,0.0
2026-02-05 00:00:00-05:00,1.2999999523162842,1.340000033378601,1.2400000095367432,1.2699999809265137,1667800,0.0,0.0
2026-02-06 00:00:00-05:00,1.2999999523162842,1.3600000143051147,1.2699999809265137,1.3300000429153442,1202200,0.0,0.0
2026-02-09 00:00:00-05:00,1.3300000429153442,1.350000023841858,1.2799999713897705,1.2899999618530273,691200,0.0,0.0
2026-02-10 00:00:00-05:00,1.2899999618530273,1.3300000429153442,1.2400000095367432,1.25,857400,0.0,0.0
2026-02-11 00:00:00-05:00,1.2599999904632568,1.2699999809265137,1.159999966621399,1.190000057220459,1557300,0.0,0.0
2026-02-12 00:00:00-05:00,1.2000000476837158,1.2200000286102295,1.1200000047683716,1.1799999475479126,1486000,0.0,0.0
2026-02-13 00:00:00-05:00,1.190000057220459,1.2799999713897705,1.190000057220459,1.2000000476837158,1380700,0.0,0.0
2026-02-17 00:00:00-05:00,1.2000000476837158,1.2300000190734863,1.159999966621399,1.2100000381469727,927000,0.0,0.0
2026-02-18 00:00:00-05:00,1.190000057220459,1.2200000286102295,1.1399999856948853,1.1699999570846558,1064200,0.0,0.0
2026-02-19 00:00:00-05:00,1.1699999570846558,1.2100000381469727,1.149999976158142,1.1799999475479126,709700,0.0,0.0
2026-02-20 00:00:00-05:00,1.1699999570846558,1.190000057220459,1.1399999856948853,1.1699999570846558,1752000,0.0,0.0
2026-02-23 00:00:00-05:00,1.159999966621399,1.1799999475479126,1.0499999523162842,1.0700000524520874,1098800,0.0,0.0
2026-02-24 00:00:00-05:00,1.1100000143051147,1.1799999475479126,1.090000033378601,1.1100000143051147,1655300,0.0,0.0
2026-02-25 00:00:00-05:00,1.1200000047683716,1.2400000095367432,1.1100000143051147,1.1200000047683716,1596000,0.0,0.0
2026-02-26 00:00:00-05:00,1.1200000047683716,1.2000000476837158,1.0499999523162842,1.0700000524520874,1194100,0.0,0.0
2026-02-27 00:00:00-05:00,1.0499999523162842,1.0700000524520874,1.0,1.0099999904632568,1238000,0.0,0.0
2026-03-02 00:00:00-05:00,1.0199999809265137,1.090000033378601,0.9700000286102295,1.0199999809265137,2630900,0.0,0.0
2026-03-03 00:00:00-05:00,1.0,1.0299999713897705,0.9599999785423279,0.9800000190734863,1954100,0.0,0.0
2026-03-04 00:00:00-05:00,1.0099999904632568,1.1100000143051147,0.9599999785423279,1.0800000429153442,1824400,0.0,0.0
2026-03-05 00:00:00-05:00,1.090000033378601,1.2899999618530273,1.090000033378601,1.2599999904632568,5461700,0.0,0.0
2026-03-06 00:00:00-05:00,1.2300000190734863,1.2599999904632568,1.149999976158142,1.2300000190734863,1779800,0.0,0.0
2026-03-09 00:00:00-04:00,1.2300000190734863,1.2899999618530273,1.149999976158142,1.25,1125700,0.0,0.0
2026-03-10 00:00:00-04:00,1.2699999809265137,1.2899999618530273,1.2100000381469727,1.2400000095367432,925400,0.0,0.0
2026-03-11 00:00:00-04:00,1.25,1.2899999618530273,1.1799999475479126,1.2699999809265137,9799000,0.0,0.0
2026-03-12 00:00:00-04:00,1.9299999475479126,2.130000114440918,1.6299999952316284,1.7100000381469727,41024000,0.0,0.0
2026-03-13 00:00:00-04:00,1.7200000286102295,1.940000057220459,1.5399999618530273,1.6100000143051147,6129300,0.0,0.0
2026-03-16 00:00:00-04:00,1.6200000047683716,1.7599999904632568,1.4900000095367432,1.5,3095100,0.0,0.0
2026-03-17 00:00:00-04:00,1.4900000095367432,1.559999942779541,1.4199999570846558,1.4700000286102295,2607500,0.0,0.0
2026-03-18 00:00:00-04:00,1.4600000381469727,1.5499999523162842,1.409999966621399,1.4700000286102295,1853400,0.0,0.0
2026-03-19 00:00:00-04:00,1.4299999475479126,1.6699999570846558,1.4199999570846558,1.6699999570846558,1995400,0.0,0.0
2026-03-20 00:00:00-04:00,1.659999966621399,1.6699999570846558,1.5499999523162842,1.600000023841858,1823300,0.0,0.0
2026-03-23 00:00:00-04:00,1.5800000429153442,1.649999976158142,1.4299999475479126,1.6100000143051147,1950600,0.0,0.0
2026-03-24 00:00:00-04:00,1.559999942779541,1.7100000381469727,1.5499999523162842,1.6699999570846558,1379300,0.0,0.0
2026-03-25 00:00:00-04:00,1.690000057220459,1.7899999618530273,1.690000057220459,1.75,1155900,0.0,0.0
2026-03-26 00:00:00-04:00,1.7100000381469727,1.75,1.6399999856948853,1.659999966621399,732000,0.0,0.0
2026-03-27 00:00:00-04:00,1.6200000047683716,1.6399999856948853,1.565000057220459,1.5800000429153442,979298,0.0,0.0
