Date,Open,High,Low,Close,Volume,Dividends,Stock Splits
2022-01-03 00:00:00-05:00,18.049999237060547,18.940000534057617,17.90999984741211,18.440000534057617,16108400,0.0,0.0
2022-01-04 00:00:00-05:00,18.389999389648438,18.450000762939453,16.84000015258789,17.399999618530273,28170100,0.0,0.0
2022-01-05 00:00:00-05:00,17.299999237060547,17.5,15.770000457763672,15.979999542236328,30878600,0.0,0.0
2022-01-06 00:00:00-05:00,15.800000190734863,16.049999237060547,14.800000190734863,15.579999923706055,50293200,0.0,0.0
2022-01-07 00:00:00-05:00,15.619999885559082,16.479999542236328,15.520000457763672,15.890000343322754,23053700,0.0,0.0
2022-01-10 00:00:00-05:00,15.350000381469727,16.0,14.75,15.609999656677246,22173400,0.0,0.0
2022-01-11 00:00:00-05:00,15.524999618530273,16.81999969482422,15.329999923706055,16.40999984741211,20145300,0.0,0.0
2022-01-12 00:00:00-05:00,16.6299991607666,17.209999084472656,16.059999465942383,16.25,15831400,0.0,0.0
2022-01-13 00:00:00-05:00,16.260000228881836,16.389999389648438,15.260000228881836,15.300000190734863,16354500,0.0,0.0
2022-01-14 00:00:00-05:00,15.09000015258789,15.729999542236328,14.729999542236328,15.170000076293945,16689700,0.0,0.0
2022-01-18 00:00:00-05:00,14.899999618530273,14.960000038146973,14.260000228881836,14.399999618530273,15705400,0.0,0.0
2022-01-19 00:00:00-05:00,14.460000038146973,14.649999618530273,13.84000015258789,13.890000343322754,15014200,0.0,0.0
2022-01-20 00:00:00-05:00,14.100000381469727,14.84000015258789,13.649999618530273,13.6899995803833,20377500,0.0,0.0
2022-01-21 00:00:00-05:00,13.470000267028809,13.680000305175781,12.77299976348877,12.979999542236328,23868800,0.0,0.0
2022-01-24 00:00:00-05:00,12.25,13.15999984741211,11.149999618530273,13.119999885559082,36924600,0.0,0.0
2022-01-25 00:00:00-05:00,12.869999885559082,13.470000267028809,12.704999923706055,13.050000190734863,18463000,0.0,0.0
2022-01-26 00:00:00-05:00,13.350000381469727,13.579999923706055,12.34000015258789,12.40999984741211,22797200,0.0,0.0
2022-01-27 00:00:00-05:00,12.654999732971191,12.654999732971191,11.399999618530273,11.609999656677246,39144300,0.0,0.0
2022-01-28 00:00:00-05:00,9.970000267028809,12.859999656677246,9.9399995803833,12.729999542236328,69488900,0.0,0.0
2022-01-31 00:00:00-05:00,12.638999938964844,14.539999961853027,11.850000381469727,14.149999618530273,52585200,0.0,0.0
2022-02-01 00:00:00-05:00,14.289999961853027,14.739999771118164,13.40999984741211,14.649999618530273,29358500,0.0,0.0
2022-02-02 00:00:00-05:00,14.59000015258789,14.850000381469727,13.539999961853027,14.020000457763672,24362500,0.0,0.0
2022-02-03 00:00:00-05:00,13.40999984741211,14.680000305175781,13.239999771118164,14.149999618530273,22621600,0.0,0.0
2022-02-04 00:00:00-05:00,14.15999984741211,15.329999923706055,13.770000457763672,15.180000305175781,23091500,0.0,0.0
2022-02-07 00:00:00-05:00,15.0600004196167,15.239999771118164,13.770000457763672,13.90999984741211,24001200,0.0,0.0
2022-02-08 00:00:00-05:00,13.819999694824219,13.821000099182129,12.930000305175781,13.380000114440918,25121100,0.0,0.0
2022-02-09 00:00:00-05:00,13.593999862670898,14.279999732971191,13.220000267028809,13.90999984741211,23897000,0.0,0.0
2022-02-10 00:00:00-05:00,13.380000114440918,14.699999809265137,13.319999694824219,13.520000457763672,27800900,0.0,0.0
2022-02-11 00:00:00-05:00,13.611000061035156,14.1899995803833,13.069999694824219,13.319999694824219,17639100,0.0,0.0
2022-02-14 00:00:00-05:00,13.104999542236328,13.869999885559082,12.970000267028809,13.350000381469727,21779500,0.0,0.0
2022-02-15 00:00:00-05:00,13.680000305175781,13.770000457763672,13.3100004196167,13.670000076293945,17185000,0.0,0.0
2022-02-16 00:00:00-05:00,13.520000457763672,14.0600004196167,13.279999732971191,13.510000228881836,16271200,0.0,0.0
2022-02-17 00:00:00-05:00,13.350000381469727,13.489999771118164,12.149999618530273,12.25,23159200,0.0,0.0
2022-02-18 00:00:00-05:00,12.350000381469727,12.4399995803833,11.640000343322754,11.8100004196167,19269400,0.0,0.0
2022-02-22 00:00:00-05:00,11.470000267028809,11.739999771118164,10.979999542236328,11.3100004196167,22043000,0.0,0.0
2022-02-23 00:00:00-05:00,11.369999885559082,11.598999977111816,10.829999923706055,10.859999656677246,16146100,0.0,0.0
2022-02-24 00:00:00-05:00,10.0,11.649999618530273,9.930000305175781,11.510000228881836,31330200,0.0,0.0
2022-02-25 00:00:00-05:00,11.539999961853027,11.699999809265137,10.90999984741211,11.609999656677246,15928400,0.0,0.0
2022-02-28 00:00:00-05:00,11.494999885559082,12.095000267028809,11.3100004196167,12.010000228881836,17105400,0.0,0.0
2022-03-01 00:00:00-05:00,12.055000305175781,12.260000228881836,11.510000228881836,11.770000457763672,12587300,0.0,0.0
2022-03-02 00:00:00-05:00,11.770000457763672,11.770000457763672,11.074999809265137,11.489999771118164,11838700,0.0,0.0
2022-03-03 00:00:00-05:00,11.520000457763672,11.829999923706055,11.109999656677246,11.380000114440918,14725900,0.0,0.0
2022-03-04 00:00:00-05:00,11.1899995803833,11.67300033569336,10.850000381469727,10.960000038146973,18217500,0.0,0.0
2022-03-07 00:00:00-05:00,11.039999961853027,12.029999732971191,11.039999961853027,11.420000076293945,26532000,0.0,0.0
2022-03-08 00:00:00-05:00,11.260000228881836,12.069999694824219,11.010000228881836,11.75,16700300,0.0,0.0
2022-03-09 00:00:00-05:00,11.989999771118164,12.470000267028809,11.899999618530273,12.420000076293945,18056500,0.0,0.0
2022-03-10 00:00:00-05:00,12.029999732971191,12.109999656677246,11.609999656677246,12.050000190734863,15593400,0.0,0.0
2022-03-11 00:00:00-05:00,12.4399995803833,12.460000038146973,11.010000228881836,11.020000457763672,21050100,0.0,0.0
2022-03-14 00:00:00-04:00,10.90999984741211,11.140000343322754,10.399999618530273,10.649999618530273,17131300,0.0,0.0
2022-03-15 00:00:00-04:00,10.529999732971191,11.119999885559082,10.199999809265137,11.039999961853027,16286600,0.0,0.0
2022-03-16 00:00:00-04:00,11.25,12.850000381469727,11.1899995803833,12.779999732971191,35061600,0.0,0.0
2022-03-17 00:00:00-04:00,12.630000114440918,13.710000038146973,12.454999923706055,13.390000343322754,27387000,0.0,0.0
2022-03-18 00:00:00-04:00,13.329999923706055,13.949999809265137,13.210000038146973,13.4399995803833,25838100,0.0,0.0
2022-03-21 00:00:00-04:00,13.289999961853027,13.300000190734863,12.515000343322754,13.050000190734863,23467400,0.0,0.0
2022-03-22 00:00:00-04:00,13.180000305175781,13.857000350952148,12.890000343322754,13.420000076293945,22472700,0.0,0.0
2022-03-23 00:00:00-04:00,13.260000228881836,13.34000015258789,12.720000267028809,13.079999923706055,15530600,0.0,0.0
2022-03-24 00:00:00-04:00,13.020000457763672,13.244999885559082,12.609999656677246,12.960000038146973,10404300,0.0,0.0
2022-03-25 00:00:00-04:00,12.880000114440918,12.979999542236328,12.260000228881836,12.390000343322754,11156900,0.0,0.0
2022-03-28 00:00:00-04:00,12.460000038146973,13.020000457763672,12.274999618530273,12.8100004196167,12380200,0.0,0.0
2022-03-29 00:00:00-04:00,13.1899995803833,16.489999771118164,13.149999618530273,15.90999984741211,101513600,0.0,0.0
2022-03-30 00:00:00-04:00,15.579999923706055,15.65999984741211,14.399999618530273,14.5600004196167,36848500,0.0,0.0
2022-03-31 00:00:00-04:00,14.619999885559082,14.640000343322754,13.489999771118164,13.510000228881836,26911100,0.0,0.0
2022-04-01 00:00:00-04:00,13.539999961853027,13.75,13.229999542236328,13.5,19582000,0.0,0.0
2022-04-04 00:00:00-04:00,13.5,13.930000305175781,13.369999885559082,13.829999923706055,12934100,0.0,0.0
2022-04-05 00:00:00-04:00,13.800000190734863,13.949999809265137,12.90999984741211,13.029999732971191,13238500,0.0,0.0
2022-04-06 00:00:00-04:00,12.770000457763672,12.890000343322754,12.039999961853027,12.510000228881836,15547800,0.0,0.0
2022-04-07 00:00:00-04:00,12.40999984741211,12.65999984741211,11.5600004196167,12.069999694824219,14671700,0.0,0.0
2022-04-08 00:00:00-04:00,11.460000038146973,11.6899995803833,11.0600004196167,11.239999771118164,25046500,0.0,0.0
2022-04-11 00:00:00-04:00,11.020000457763672,11.510000228881836,10.84000015258789,11.350000381469727,14568300,0.0,0.0
2022-04-12 00:00:00-04:00,11.65999984741211,12.079999923706055,11.354999542236328,11.430000305175781,13906400,0.0,0.0
2022-04-13 00:00:00-04:00,11.319999694824219,11.930000305175781,11.25,11.890000343322754,9031800,0.0,0.0
2022-04-14 00:00:00-04:00,11.779999732971191,11.890000343322754,11.305000305175781,11.380000114440918,12083900,0.0,0.0
2022-04-18 00:00:00-04:00,11.28499984741211,11.390000343322754,10.899999618530273,10.989999771118164,11320000,0.0,0.0
2022-04-19 00:00:00-04:00,10.979999542236328,11.635000228881836,10.829999923706055,11.5600004196167,13253500,0.0,0.0
2022-04-20 00:00:00-04:00,11.550000190734863,11.5600004196167,10.680000305175781,10.710000038146973,15342400,0.0,0.0
2022-04-21 00:00:00-04:00,10.869000434875488,11.109999656677246,10.199999809265137,10.4399995803833,14642000,0.0,0.0
2022-04-22 00:00:00-04:00,10.399999618530273,10.65999984741211,10.149999618530273,10.260000228881836,13172500,0.0,0.0
2022-04-25 00:00:00-04:00,10.130000114440918,10.449999809265137,9.975000381469727,10.390000343322754,13322000,0.0,0.0
2022-04-26 00:00:00-04:00,10.329999923706055,10.505000114440918,9.850000381469727,10.0,14430900,0.0,0.0
2022-04-27 00:00:00-04:00,9.595000267028809,10.039999961853027,9.380000114440918,9.510000228881836,18996400,0.0,0.0
2022-04-28 00:00:00-04:00,9.600000381469727,10.199999809265137,9.260000228881836,10.09000015258789,26970200,0.0,0.0
2022-04-29 00:00:00-04:00,9.050000190734863,10.789999961853027,9.0,9.805000305175781,32541400,0.0,0.0
2022-05-02 00:00:00-04:00,9.760000228881836,10.489999771118164,9.520000457763672,10.479999542236328,22709500,0.0,0.0
2022-05-03 00:00:00-04:00,10.119999885559082,10.510000228881836,9.640000343322754,10.100000381469727,27084000,0.0,0.0
2022-05-04 00:00:00-04:00,10.09000015258789,10.920000076293945,9.852999687194824,10.899999618530273,26056600,0.0,0.0
2022-05-05 00:00:00-04:00,10.850000381469727,10.96500015258789,10.364999771118164,10.609999656677246,17641300,0.0,0.0
2022-05-06 00:00:00-04:00,10.5,10.670000076293945,9.90999984741211,10.119999885559082,15359700,0.0,0.0
2022-05-09 00:00:00-04:00,9.859999656677246,10.239999771118164,9.390000343322754,9.5,18935700,0.0,0.0
2022-05-10 00:00:00-04:00,9.635000228881836,9.9350004196167,8.914999961853027,9.270000457763672,22732700,0.0,0.0
2022-05-11 00:00:00-04:00,8.979999542236328,9.369999885559082,8.010000228881836,8.149999618530273,31547700,0.0,0.0
2022-05-12 00:00:00-04:00,7.9019999504089355,8.829999923706055,7.710000038146973,8.5600004196167,32064200,0.0,0.0
2022-05-13 00:00:00-04:00,10.539999961853027,10.854999542236328,9.84000015258789,10.6899995803833,48560100,0.0,0.0
2022-05-16 00:00:00-04:00,10.640000343322754,10.640000343322754,9.944999694824219,10.109999656677246,20918900,0.0,0.0
2022-05-17 00:00:00-04:00,10.350000381469727,10.550000190734863,9.5,10.0600004196167,21824200,0.0,0.0
2022-05-18 00:00:00-04:00,9.899999618530273,10.449999809265137,9.675000190734863,9.729999542236328,16585300,0.0,0.0
2022-05-19 00:00:00-04:00,9.739999771118164,10.449999809265137,9.625,10.210000038146973,15708500,0.0,0.0
2022-05-20 00:00:00-04:00,10.350000381469727,10.550000190734863,9.571000099182129,10.079999923706055,12809200,0.0,0.0
2022-05-23 00:00:00-04:00,9.989999771118164,10.114999771118164,9.550000190734863,10.0600004196167,14168600,0.0,0.0
2022-05-24 00:00:00-04:00,9.890000343322754,9.920000076293945,8.970000267028809,9.109999656677246,12972000,0.0,0.0
2022-05-25 00:00:00-04:00,9.069999694824219,9.369999885559082,8.970000267028809,9.229999542236328,11818500,0.0,0.0
2022-05-26 00:00:00-04:00,9.119999885559082,9.53499984741211,9.0600004196167,9.279999732971191,10712900,0.0,0.0
2022-05-27 00:00:00-04:00,9.350000381469727,10.420000076293945,9.274999618530273,10.380000114440918,17019200,0.0,0.0
2022-05-31 00:00:00-04:00,10.260000228881836,10.550000190734863,9.989999771118164,10.0600004196167,24393200,0.0,0.0
2022-06-01 00:00:00-04:00,9.960000038146973,10.005000114440918,9.220000267028809,9.369999885559082,21328600,0.0,0.0
2022-06-02 00:00:00-04:00,9.289999961853027,9.71500015258789,9.149999618530273,9.699999809265137,13374700,0.0,0.0
2022-06-03 00:00:00-04:00,9.380000114440918,9.449999809265137,9.050000190734863,9.170000076293945,13193800,0.0,0.0
2022-06-06 00:00:00-04:00,9.260000228881836,9.800000190734863,9.050000190734863,9.109999656677246,24087700,0.0,0.0
2022-06-07 00:00:00-04:00,8.729999542236328,8.795000076293945,8.25,8.720000267028809,31787700,0.0,0.0
2022-06-08 00:00:00-04:00,8.65999984741211,8.930000305175781,8.229999542236328,8.380000114440918,32988700,0.0,0.0
2022-06-09 00:00:00-04:00,8.289999961853027,8.430000305175781,8.0,8.029999732971191,19896500,0.0,0.0
2022-06-10 00:00:00-04:00,7.739999771118164,8.119999885559082,7.610000133514404,7.809999942779541,21890200,0.0,0.0
2022-06-13 00:00:00-04:00,7.300000190734863,7.474999904632568,7.019999980926514,7.230000019073486,27700900,0.0,0.0
2022-06-14 00:00:00-04:00,7.239999771118164,7.480000019073486,7.099999904632568,7.230000019073486,16209800,0.0,0.0
2022-06-15 00:00:00-04:00,7.039999961853027,7.210000038146973,6.869999885559082,7.050000190734863,32871000,0.0,0.0
2022-06-16 00:00:00-04:00,6.940000057220459,7.139999866485596,6.809999942779541,6.889999866485596,21709300,0.0,0.0
2022-06-17 00:00:00-04:00,6.840000152587891,7.21999979019165,6.840000152587891,7.190000057220459,18196700,0.0,0.0
2022-06-21 00:00:00-04:00,7.349999904632568,8.020000457763672,7.349999904632568,7.550000190734863,19619900,0.0,0.0
2022-06-22 00:00:00-04:00,7.300000190734863,7.730000019073486,7.28000020980835,7.489999771118164,15371500,0.0,0.0
2022-06-23 00:00:00-04:00,7.75,8.069999694824219,7.610000133514404,7.980000019073486,16915800,0.0,0.0
2022-06-24 00:00:00-04:00,8.079999923706055,8.380000114440918,7.840000152587891,8.0,60504200,0.0,0.0
2022-06-27 00:00:00-04:00,8.121999740600586,9.720000267028809,7.820000171661377,9.119999885559082,73442400,0.0,0.0
2022-06-28 00:00:00-04:00,9.0600004196167,9.300000190734863,8.770000457763672,8.864999771118164,34571700,0.0,0.0
2022-06-29 00:00:00-04:00,8.520000457763672,8.8149995803833,8.4399995803833,8.470000267028809,12722100,0.0,0.0
2022-06-30 00:00:00-04:00,8.430000305175781,8.510000228881836,8.0600004196167,8.220000267028809,13039400,0.0,0.0
2022-07-01 00:00:00-04:00,8.220000267028809,8.395000457763672,8.020000457763672,8.180000305175781,10409000,0.0,0.0
2022-07-05 00:00:00-04:00,8.020000457763672,8.4399995803833,7.78000020980835,8.399999618530273,12854100,0.0,0.0
2022-07-06 00:00:00-04:00,8.4399995803833,8.800000190734863,8.260000228881836,8.630000114440918,14051300,0.0,0.0
2022-07-07 00:00:00-04:00,8.619999885559082,9.020000457763672,8.484999656677246,9.020000457763672,12394400,0.0,0.0
2022-07-08 00:00:00-04:00,8.850000381469727,9.25,8.760000228881836,9.0,9873600,0.0,0.0
2022-07-11 00:00:00-04:00,8.859999656677246,8.9399995803833,8.289999961853027,8.34000015258789,10120500,0.0,0.0
2022-07-12 00:00:00-04:00,8.359999656677246,8.520000457763672,8.100000381469727,8.399999618530273,11153500,0.0,0.0
2022-07-13 00:00:00-04:00,8.199999809265137,8.470000267028809,8.079999923706055,8.359999656677246,8250600,0.0,0.0
2022-07-14 00:00:00-04:00,8.289999961853027,8.350000381469727,8.050000190734863,8.239999771118164,8007000,0.0,0.0
2022-07-15 00:00:00-04:00,8.300000190734863,8.420000076293945,8.100000381469727,8.40999984741211,10206100,0.0,0.0
2022-07-18 00:00:00-04:00,8.630000114440918,8.84000015258789,8.555000305175781,8.619999885559082,9070900,0.0,0.0
2022-07-19 00:00:00-04:00,8.729999542236328,9.069999694824219,8.699999809265137,9.029999732971191,10444000,0.0,0.0
2022-07-20 00:00:00-04:00,9.029999732971191,9.4399995803833,8.960000038146973,9.40999984741211,10889300,0.0,0.0
2022-07-21 00:00:00-04:00,9.34000015258789,9.5,9.199999809265137,9.40999984741211,7446600,0.0,0.0
2022-07-22 00:00:00-04:00,9.449999809265137,9.5,8.9399995803833,9.079999923706055,8296300,0.0,0.0
2022-07-25 00:00:00-04:00,9.029999732971191,9.029999732971191,8.739999771118164,8.890000343322754,5470100,0.0,0.0
2022-07-26 00:00:00-04:00,8.710000038146973,8.729999542236328,8.369999885559082,8.430000305175781,7255400,0.0,0.0
2022-07-27 00:00:00-04:00,8.630000114440918,8.930000305175781,8.489999771118164,8.899999618530273,6037000,0.0,0.0
2022-07-28 00:00:00-04:00,8.890000343322754,9.175000190734863,8.574999809265137,9.109999656677246,7384800,0.0,0.0
2022-07-29 00:00:00-04:00,9.010000228881836,9.149999618530273,8.90999984741211,9.050000190734863,7679200,0.0,0.0
2022-08-01 00:00:00-04:00,8.9399995803833,9.039999961853027,8.711999893188477,9.039999961853027,9478600,0.0,0.0
2022-08-02 00:00:00-04:00,8.8100004196167,9.329999923706055,8.789999961853027,9.229999542236328,11339200,0.0,0.0
2022-08-03 00:00:00-04:00,9.399999618530273,10.760000228881836,9.399999618530273,10.3100004196167,37485700,0.0,0.0
2022-08-04 00:00:00-04:00,10.970000267028809,11.350000381469727,10.260000228881836,10.880000114440918,27870300,0.0,0.0
2022-08-05 00:00:00-04:00,10.420000076293945,10.614999771118164,9.9399995803833,10.399999618530273,17288100,0.0,0.0
2022-08-08 00:00:00-04:00,10.520000457763672,10.904999732971191,10.279999732971191,10.680000305175781,13033200,0.0,0.0
2022-08-09 00:00:00-04:00,10.470000267028809,10.510000228881836,10.0,10.100000381469727,8266000,0.0,0.0
2022-08-10 00:00:00-04:00,10.510000228881836,10.65999984741211,10.15999984741211,10.579999923706055,11168700,0.0,0.0
2022-08-11 00:00:00-04:00,11.010000228881836,11.295000076293945,10.510000228881836,10.510000228881836,14230000,0.0,0.0
2022-08-12 00:00:00-04:00,10.649999618530273,10.930000305175781,10.430000305175781,10.930000305175781,7333600,0.0,0.0
2022-08-15 00:00:00-04:00,10.789999961853027,11.1899995803833,10.789999961853027,11.010000228881836,7086900,0.0,0.0
2022-08-16 00:00:00-04:00,11.024999618530273,11.59000015258789,10.619999885559082,10.899999618530273,20374700,0.0,0.0
2022-08-17 00:00:00-04:00,10.75,10.8149995803833,10.3100004196167,10.420000076293945,9287000,0.0,0.0
2022-08-18 00:00:00-04:00,10.329999923706055,10.420000076293945,9.9399995803833,10.170000076293945,9525400,0.0,0.0
2022-08-19 00:00:00-04:00,9.850000381469727,9.880000114440918,9.1899995803833,9.260000228881836,13783800,0.0,0.0
2022-08-22 00:00:00-04:00,8.970000267028809,9.265000343322754,8.890000343322754,9.039999961853027,8228100,0.0,0.0
2022-08-23 00:00:00-04:00,9.039999961853027,9.335000038146973,8.9350004196167,9.180000305175781,6071600,0.0,0.0
2022-08-24 00:00:00-04:00,9.199999809265137,9.489999771118164,9.157999992370605,9.319999694824219,5350300,0.0,0.0
2022-08-25 00:00:00-04:00,9.430000305175781,9.829999923706055,9.34000015258789,9.8100004196167,6123500,0.0,0.0
2022-08-26 00:00:00-04:00,9.869999885559082,9.970000267028809,9.210000038146973,9.380000114440918,7071900,0.0,0.0
2022-08-29 00:00:00-04:00,9.260000228881836,9.59000015258789,9.218000411987305,9.380000114440918,5129100,0.0,0.0
2022-08-30 00:00:00-04:00,9.5,9.640000343322754,9.289999961853027,9.470000267028809,5410700,0.0,0.0
2022-08-31 00:00:00-04:00,9.510000228881836,9.6850004196167,9.40999984741211,9.550000190734863,7247400,0.0,0.0
2022-09-01 00:00:00-04:00,9.399999618530273,9.630000114440918,8.989999771118164,9.630000114440918,8311000,0.0,0.0
2022-09-02 00:00:00-04:00,9.819999694824219,9.850000381469727,9.270000457763672,9.449999809265137,7305000,0.0,0.0
2022-09-06 00:00:00-04:00,9.529999732971191,9.739999771118164,9.350000381469727,9.569999694824219,13242200,0.0,0.0
2022-09-07 00:00:00-04:00,9.619999885559082,9.920000076293945,9.449999809265137,9.850000381469727,9342600,0.0,0.0
2022-09-08 00:00:00-04:00,9.619999885559082,10.109999656677246,9.529999732971191,10.100000381469727,11116400,0.0,0.0
2022-09-09 00:00:00-04:00,10.40999984741211,10.930000305175781,10.289999961853027,10.600000381469727,15651500,0.0,0.0
2022-09-12 00:00:00-04:00,10.760000228881836,11.279999732971191,10.5600004196167,11.010000228881836,14394700,0.0,0.0
2022-09-13 00:00:00-04:00,10.520000457763672,10.914999961853027,10.319999694824219,10.40999984741211,15029400,0.0,0.0
2022-09-14 00:00:00-04:00,10.40999984741211,10.904999732971191,10.274999618530273,10.779999732971191,17007400,0.0,0.0
2022-09-15 00:00:00-04:00,10.649999618530273,11.625,10.649999618530273,11.25,18488600,0.0,0.0
2022-09-16 00:00:00-04:00,10.90999984741211,11.029999732971191,10.199999809265137,10.25,46281800,0.0,0.0
2022-09-19 00:00:00-04:00,9.979999542236328,10.295000076293945,9.760000228881836,10.260000228881836,10074700,0.0,0.0
2022-09-20 00:00:00-04:00,10.15999984741211,10.260000228881836,9.899999618530273,9.9399995803833,5799700,0.0,0.0
2022-09-21 00:00:00-04:00,10.010000228881836,10.520000457763672,9.850000381469727,9.920000076293945,8110900,0.0,0.0
2022-09-22 00:00:00-04:00,10.619999885559082,11.100000381469727,9.600000381469727,9.649999618530273,28957600,0.0,0.0
2022-09-23 00:00:00-04:00,9.484999656677246,9.579999923706055,9.164999961853027,9.4399995803833,10079600,0.0,0.0
2022-09-26 00:00:00-04:00,9.420000076293945,9.739999771118164,9.239999771118164,9.239999771118164,7810500,0.0,0.0
2022-09-27 00:00:00-04:00,9.454999923706055,9.789999961853027,9.369999885559082,9.609999656677246,8530000,0.0,0.0
2022-09-28 00:00:00-04:00,9.545000076293945,10.149999618530273,9.539999961853027,10.010000228881836,9015800,0.0,0.0
2022-09-29 00:00:00-04:00,9.800000190734863,9.899999618530273,9.5600004196167,9.770000457763672,5561600,0.0,0.0
2022-09-30 00:00:00-04:00,9.739999771118164,10.479000091552734,9.670000076293945,10.100000381469727,7938400,0.0,0.0
2022-10-03 00:00:00-04:00,10.020000457763672,10.1899995803833,9.710000038146973,10.100000381469727,8883100,0.0,0.0
2022-10-04 00:00:00-04:00,10.399999618530273,10.960000038146973,10.390000343322754,10.819999694824219,10021900,0.0,0.0
2022-10-05 00:00:00-04:00,10.649999618530273,10.970000267028809,10.515000343322754,10.760000228881836,5980700,0.0,0.0
2022-10-06 00:00:00-04:00,10.760000228881836,11.180000305175781,10.699999809265137,11.170000076293945,7227800,0.0,0.0
2022-10-07 00:00:00-04:00,10.90999984741211,11.170000076293945,10.649999618530273,10.800000190734863,6673700,0.0,0.0
2022-10-10 00:00:00-04:00,10.817999839782715,10.84000015258789,10.395000457763672,10.520000457763672,4699900,0.0,0.0
2022-10-11 00:00:00-04:00,10.4399995803833,10.640000343322754,9.845000267028809,10.4399995803833,6979400,0.0,0.0
2022-10-12 00:00:00-04:00,10.4399995803833,10.675000190734863,10.130000114440918,10.65999984741211,5630000,0.0,0.0
2022-10-13 00:00:00-04:00,10.175000190734863,10.9399995803833,9.949999809265137,10.630000114440918,8549700,0.0,0.0
2022-10-14 00:00:00-04:00,10.800000190734863,11.020000457763672,9.885000228881836,9.890000343322754,5715800,0.0,0.0
2022-10-17 00:00:00-04:00,10.329999923706055,10.579999923706055,10.109999656677246,10.210000038146973,7054100,0.0,0.0
2022-10-18 00:00:00-04:00,10.630000114440918,10.789999961853027,10.3100004196167,10.4399995803833,6890400,0.0,0.0
2022-10-19 00:00:00-04:00,10.300000190734863,10.399999618530273,9.904999732971191,10.109999656677246,5774100,0.0,0.0
2022-10-20 00:00:00-04:00,10.079999923706055,10.479999542236328,9.819999694824219,9.829999923706055,7947900,0.0,0.0
2022-10-21 00:00:00-04:00,9.770000457763672,10.149999618530273,9.539999961853027,10.140000343322754,8035200,0.0,0.0
2022-10-24 00:00:00-04:00,10.149999618530273,10.239999771118164,9.699999809265137,10.210000038146973,5482000,0.0,0.0
2022-10-25 00:00:00-04:00,10.220000267028809,10.90999984741211,10.220000267028809,10.829999923706055,7570100,0.0,0.0
2022-10-26 00:00:00-04:00,10.800000190734863,11.5,10.75,11.079999923706055,8238000,0.0,0.0
2022-10-27 00:00:00-04:00,11.119999885559082,11.489999771118164,11.020000457763672,11.15999984741211,6803100,0.0,0.0
2022-10-28 00:00:00-04:00,11.100000381469727,11.569999694824219,11.020000457763672,11.5,9593300,0.0,0.0
2022-10-31 00:00:00-04:00,11.449999809265137,12.359999656677246,11.354999542236328,11.680000305175781,12545300,0.0,0.0
2022-11-01 00:00:00-04:00,12.020000457763672,12.15999984741211,11.625,11.920000076293945,8745100,0.0,0.0
2022-11-02 00:00:00-04:00,11.880000114440918,12.015000343322754,11.319999694824219,11.399999618530273,14620400,0.0,0.0
2022-11-03 00:00:00-04:00,11.850000381469727,12.760000228881836,11.5,12.329999923706055,22831700,0.0,0.0
2022-11-04 00:00:00-04:00,12.470000267028809,12.59000015258789,11.819999694824219,12.279999732971191,10887000,0.0,0.0
2022-11-07 00:00:00-05:00,12.399999618530273,12.539999961853027,11.869999885559082,12.029999732971191,12563800,0.0,0.0
2022-11-08 00:00:00-05:00,11.723999977111816,11.723999977111816,9.600000381469727,9.739999771118164,42935000,0.0,0.0
2022-11-09 00:00:00-05:00,9.574999809265137,9.635000228881836,8.289999961853027,8.399999618530273,37581000,0.0,0.0
2022-11-10 00:00:00-05:00,9.210000038146973,9.40999984741211,8.734999656677246,9.270000457763672,26896900,0.0,0.0
2022-11-11 00:00:00-05:00,8.850000381469727,10.539999961853027,8.574999809265137,10.470000267028809,31084400,0.0,0.0
2022-11-14 00:00:00-05:00,10.0,10.279999732971191,9.539999961853027,9.5600004196167,17382900,0.0,0.0
2022-11-15 00:00:00-05:00,9.90999984741211,10.399999618530273,9.720999717712402,10.149999618530273,16877200,0.0,0.0
2022-11-16 00:00:00-05:00,9.84000015258789,10.020999908447266,9.270000457763672,9.319999694824219,13759600,0.0,0.0
2022-11-17 00:00:00-05:00,9.130000114440918,9.571000099182129,9.029999732971191,9.470000267028809,10392600,0.0,0.0
2022-11-18 00:00:00-05:00,9.550000190734863,9.600000381469727,9.100000381469727,9.1899995803833,8570700,0.0,0.0
2022-11-21 00:00:00-05:00,9.029999732971191,9.029999732971191,8.729999542236328,8.850000381469727,11079200,0.0,0.0
2022-11-22 00:00:00-05:00,8.800000190734863,9.1899995803833,8.649999618530273,9.09000015258789,7808500,0.0,0.0
2022-11-23 00:00:00-05:00,9.010000228881836,9.5,9.010000228881836,9.460000038146973,7444700,0.0,0.0
2022-11-25 00:00:00-05:00,9.329999923706055,9.430000305175781,9.239999771118164,9.390000343322754,1823800,0.0,0.0
2022-11-28 00:00:00-05:00,9.300000190734863,9.539999961853027,9.069999694824219,9.1899995803833,5908500,0.0,0.0
2022-11-29 00:00:00-05:00,9.279999732971191,9.428999900817871,9.029999732971191,9.180000305175781,7360000,0.0,0.0
2022-11-30 00:00:00-05:00,9.289999961853027,9.630000114440918,9.050000190734863,9.59000015258789,7533400,0.0,0.0
2022-12-01 00:00:00-05:00,9.600000381469727,10.079999923706055,9.550000190734863,9.869999885559082,8576100,0.0,0.0
2022-12-02 00:00:00-05:00,9.680000305175781,10.050000190734863,9.574999809265137,9.989999771118164,8184400,0.0,0.0
2022-12-05 00:00:00-05:00,10.0,10.170000076293945,9.649999618530273,9.670000076293945,4483400,0.0,0.0
2022-12-06 00:00:00-05:00,9.670000076293945,9.760000228881836,9.210000038146973,9.390000343322754,7658200,0.0,0.0
2022-12-07 00:00:00-05:00,9.270000457763672,9.420000076293945,9.164999961853027,9.260000228881836,5071000,0.0,0.0
2022-12-08 00:00:00-05:00,9.430000305175781,9.5600004196167,9.154999732971191,9.520000457763672,6337300,0.0,0.0
2022-12-09 00:00:00-05:00,9.489999771118164,9.489999771118164,9.274999618530273,9.3100004196167,5323400,0.0,0.0
2022-12-12 00:00:00-05:00,9.399999618530273,9.640000343322754,9.3100004196167,9.579999923706055,6070400,0.0,0.0
2022-12-13 00:00:00-05:00,10.100000381469727,10.239999771118164,9.239999771118164,9.350000381469727,10907200,0.0,0.0
2022-12-14 00:00:00-05:00,9.270000457763672,9.4399995803833,8.9399995803833,9.09000015258789,11071000,0.0,0.0
2022-12-15 00:00:00-05:00,8.824999809265137,9.0,8.609999656677246,8.670000076293945,9036300,0.0,0.0
2022-12-16 00:00:00-05:00,8.569999694824219,8.720000267028809,8.364999771118164,8.609999656677246,12381300,0.0,0.0
2022-12-19 00:00:00-05:00,8.5600004196167,8.5600004196167,8.029999732971191,8.199999809265137,8209700,0.0,0.0
2022-12-20 00:00:00-05:00,8.130000114440918,8.430000305175781,8.020000457763672,8.100000381469727,6312400,0.0,0.0
2022-12-21 00:00:00-05:00,8.170000076293945,8.234999656677246,7.96999979019165,8.170000076293945,4776600,0.0,0.0
2022-12-22 00:00:00-05:00,8.050000190734863,8.109999656677246,7.690000057220459,7.989999771118164,7869700,0.0,0.0
2022-12-23 00:00:00-05:00,7.989999771118164,8.0,7.760000228881836,7.949999809265137,5243900,0.0,0.0
2022-12-27 00:00:00-05:00,7.849999904632568,7.929999828338623,7.679999828338623,7.699999809265137,5353000,0.0,0.0
2022-12-28 00:00:00-05:00,7.670000076293945,7.809999942779541,7.565000057220459,7.699999809265137,6282000,0.0,0.0
2022-12-29 00:00:00-05:00,7.769999980926514,8.149999618530273,7.735000133514404,8.050000190734863,7422600,0.0,0.0
2022-12-30 00:00:00-05:00,7.849999904632568,8.170000076293945,7.760000228881836,8.140000343322754,9435800,0.0,0.0
2023-01-03 00:00:00-05:00,8.260000228881836,8.380000114440918,7.914999961853027,8.079999923706055,5282400,0.0,0.0
2023-01-04 00:00:00-05:00,8.170000076293945,8.369999885559082,8.050000190734863,8.359999656677246,9287900,0.0,0.0
2023-01-05 00:00:00-05:00,8.15999984741211,8.229999542236328,7.949999809265137,8.109999656677246,4469100,0.0,0.0
2023-01-06 00:00:00-05:00,8.140000343322754,8.319999694824219,7.927999973297119,8.25,5880100,0.0,0.0
2023-01-09 00:00:00-05:00,8.4399995803833,8.6899995803833,8.390000343322754,8.550000190734863,7311200,0.0,0.0
2023-01-10 00:00:00-05:00,8.489999771118164,8.734999656677246,8.369999885559082,8.720000267028809,6335300,0.0,0.0
2023-01-11 00:00:00-05:00,8.760000228881836,8.84000015258789,8.630000114440918,8.760000228881836,4901500,0.0,0.0
2023-01-12 00:00:00-05:00,8.8100004196167,9.050000190734863,8.489999771118164,9.039999961853027,7845600,0.0,0.0
2023-01-13 00:00:00-05:00,8.930000305175781,9.4399995803833,8.899999618530273,9.319999694824219,10717600,0.0,0.0
2023-01-17 00:00:00-05:00,9.359999656677246,9.675000190734863,9.289999961853027,9.520000457763672,7924300,0.0,0.0
2023-01-18 00:00:00-05:00,9.65999984741211,9.699999809265137,9.170000076293945,9.3100004196167,7824500,0.0,0.0
2023-01-19 00:00:00-05:00,9.180000305175781,9.300000190734863,9.039999961853027,9.050000190734863,3549700,0.0,0.0
2023-01-20 00:00:00-05:00,9.15999984741211,9.569999694824219,9.0600004196167,9.520000457763672,6450900,0.0,0.0
2023-01-23 00:00:00-05:00,9.579999923706055,9.779999732971191,9.430000305175781,9.710000038146973,5774700,0.0,0.0
2023-01-24 00:00:00-05:00,9.600000381469727,9.84000015258789,9.5600004196167,9.710000038146973,5211000,0.0,0.0
2023-01-25 00:00:00-05:00,9.550000190734863,9.779999732971191,9.324999809265137,9.6899995803833,5877800,0.0,0.0
2023-01-26 00:00:00-05:00,9.9399995803833,10.0,9.550000190734863,9.640000343322754,5727000,0.0,0.0
2023-01-27 00:00:00-05:00,9.609999656677246,10.545000076293945,9.59000015258789,10.390000343322754,12460900,0.0,0.0
2023-01-30 00:00:00-05:00,10.300000190734863,10.649999618530273,10.010000228881836,10.149999618530273,6890700,0.0,0.0
2023-01-31 00:00:00-05:00,10.239999771118164,10.420000076293945,10.149999618530273,10.40999984741211,7155400,0.0,0.0
2023-02-01 00:00:00-05:00,10.260000228881836,10.880000114440918,10.15999984741211,10.779999732971191,10457700,0.0,0.0
2023-02-02 00:00:00-05:00,11.119999885559082,11.520000457763672,10.970000267028809,11.140000343322754,15067800,0.0,0.0
2023-02-03 00:00:00-05:00,10.765000343322754,11.234999656677246,10.550000190734863,10.739999771118164,11173900,0.0,0.0
2023-02-06 00:00:00-05:00,10.630000114440918,10.729999542236328,10.420000076293945,10.600000381469727,6529800,0.0,0.0
2023-02-07 00:00:00-05:00,10.600000381469727,10.739999771118164,10.220000267028809,10.550000190734863,7756700,0.0,0.0
2023-02-08 00:00:00-05:00,10.600000381469727,10.795000076293945,10.390000343322754,10.470000267028809,13081300,0.0,0.0
2023-02-09 00:00:00-05:00,11.065999984741211,11.15999984741211,9.899999618530273,10.079999923706055,16889500,0.0,0.0
2023-02-10 00:00:00-05:00,9.920000076293945,10.324999809265137,9.84000015258789,9.979999542236328,8612300,0.0,0.0
2023-02-13 00:00:00-05:00,9.979999542236328,10.079999923706055,9.8100004196167,9.920000076293945,5829700,0.0,0.0
2023-02-14 00:00:00-05:00,9.890000343322754,10.260000228881836,9.8100004196167,10.0600004196167,5431500,0.0,0.0
2023-02-15 00:00:00-05:00,10.0600004196167,10.630000114440918,10.020000457763672,10.630000114440918,7752600,0.0,0.0
2023-02-16 00:00:00-05:00,10.432000160217285,10.920000076293945,10.329999923706055,10.34000015258789,8078100,0.0,0.0
2023-02-17 00:00:00-05:00,10.199999809265137,10.369999885559082,9.8100004196167,10.350000381469727,9328900,0.0,0.0
2023-02-21 00:00:00-05:00,10.130000114440918,10.289999961853027,9.829999923706055,9.899999618530273,5568900,0.0,0.0
2023-02-22 00:00:00-05:00,9.890000343322754,10.095000267028809,9.789999961853027,9.949999809265137,5135800,0.0,0.0
2023-02-23 00:00:00-05:00,10.0649995803833,10.100000381469727,9.71500015258789,10.09000015258789,4670700,0.0,0.0
2023-02-24 00:00:00-05:00,9.8100004196167,9.920000076293945,9.470000267028809,9.59000015258789,6090400,0.0,0.0
2023-02-27 00:00:00-05:00,9.720000267028809,9.875,9.609999656677246,9.720000267028809,4516800,0.0,0.0
2023-02-28 00:00:00-05:00,9.729999542236328,10.15999984741211,9.720000267028809,10.069999694824219,6183900,0.0,0.0
2023-03-01 00:00:00-05:00,10.010000228881836,10.109999656677246,9.699999809265137,9.729999542236328,4785400,0.0,0.0
2023-03-02 00:00:00-05:00,9.479999542236328,9.739999771118164,9.210000038146973,9.619999885559082,8123200,0.0,0.0
2023-03-03 00:00:00-05:00,9.609999656677246,9.949999809265137,9.579000473022461,9.899999618530273,4935000,0.0,0.0
2023-03-06 00:00:00-05:00,9.944999694824219,10.039999961853027,9.675000190734863,9.720000267028809,4740500,0.0,0.0
2023-03-07 00:00:00-05:00,9.710000038146973,9.779999732971191,9.399999618530273,9.420000076293945,6980400,0.0,0.0
2023-03-08 00:00:00-05:00,9.420000076293945,9.720000267028809,9.34000015258789,9.649999618530273,3962500,0.0,0.0
2023-03-09 00:00:00-05:00,9.579999923706055,9.831999778747559,9.350000381469727,9.4399995803833,7287500,0.0,0.0
2023-03-10 00:00:00-05:00,9.319999694824219,9.369999885559082,8.510000228881836,9.010000228881836,12787000,0.0,0.0
2023-03-13 00:00:00-04:00,8.850000381469727,9.270000457763672,8.710000038146973,8.989999771118164,8538100,0.0,0.0
2023-03-14 00:00:00-04:00,9.329999923706055,9.475000381469727,9.0,9.109999656677246,7339600,0.0,0.0
2023-03-15 00:00:00-04:00,8.8100004196167,9.220000267028809,8.760000228881836,9.199999809265137,5927900,0.0,0.0
2023-03-16 00:00:00-04:00,9.100000381469727,9.369999885559082,8.979999542236328,9.3100004196167,4240100,0.0,0.0
2023-03-17 00:00:00-04:00,9.289999961853027,9.369999885559082,9.043999671936035,9.1899995803833,6001200,0.0,0.0
2023-03-20 00:00:00-04:00,9.15999984741211,9.1899995803833,8.800000190734863,8.800000190734863,6042000,0.0,0.0
2023-03-21 00:00:00-04:00,8.930000305175781,9.380000114440918,8.880000114440918,9.34000015258789,6674500,0.0,0.0
2023-03-22 00:00:00-04:00,9.319999694824219,9.399999618530273,8.920000076293945,8.930000305175781,4657200,0.0,0.0
2023-03-23 00:00:00-04:00,8.890000343322754,9.0600004196167,8.539999961853027,8.569999694824219,9078100,0.0,0.0
2023-03-24 00:00:00-04:00,8.5,8.734999656677246,8.375,8.680000305175781,5005300,0.0,0.0
2023-03-27 00:00:00-04:00,8.760000228881836,8.84000015258789,8.520000457763672,8.609999656677246,4069800,0.0,0.0
2023-03-28 00:00:00-04:00,8.600000381469727,8.710000038146973,8.539999961853027,8.670000076293945,3027500,0.0,0.0
2023-03-29 00:00:00-04:00,8.829999923706055,9.220000267028809,8.739999771118164,9.100000381469727,8636700,0.0,0.0
2023-03-30 00:00:00-04:00,9.220000267028809,9.479999542236328,9.199999809265137,9.460000038146973,11434200,0.0,0.0
2023-03-31 00:00:00-04:00,9.5,9.729999542236328,9.479999542236328,9.710000038146973,7841600,0.0,0.0
2023-04-03 00:00:00-04:00,9.649999618530273,9.819999694824219,9.529999732971191,9.760000228881836,8771600,0.0,0.0
2023-04-04 00:00:00-04:00,9.800000190734863,9.800000190734863,9.604999542236328,9.760000228881836,6472700,0.0,0.0
2023-04-05 00:00:00-04:00,9.699999809265137,9.779999732971191,9.520000457763672,9.75,9488800,0.0,0.0
2023-04-06 00:00:00-04:00,9.720000267028809,10.079999923706055,9.710000038146973,10.010000228881836,6895000,0.0,0.0
2023-04-10 00:00:00-04:00,9.930000305175781,10.0,9.645000457763672,9.979999542236328,5884900,0.0,0.0
2023-04-11 00:00:00-04:00,10.0,10.020000457763672,9.824999809265137,9.960000038146973,6217200,0.0,0.0
2023-04-12 00:00:00-04:00,10.119999885559082,10.199999809265137,9.65999984741211,10.010000228881836,5637400,0.0,0.0
2023-04-13 00:00:00-04:00,10.09000015258789,10.140000343322754,9.899999618530273,10.069999694824219,5893600,0.0,0.0
2023-04-14 00:00:00-04:00,10.039999961853027,10.104999542236328,9.914999961853027,10.0,8618500,0.0,0.0
2023-04-17 00:00:00-04:00,9.850000381469727,9.90999984741211,9.579999923706055,9.880000114440918,7762100,0.0,0.0
2023-04-18 00:00:00-04:00,9.970000267028809,10.020000457763672,9.75,9.84000015258789,3515900,0.0,0.0
2023-04-19 00:00:00-04:00,9.670000076293945,9.859999656677246,9.619999885559082,9.819999694824219,3042300,0.0,0.0
2023-04-20 00:00:00-04:00,9.699999809265137,9.835000038146973,9.619999885559082,9.729999542236328,3626700,0.0,0.0
2023-04-21 00:00:00-04:00,9.6899995803833,9.760000228881836,9.550000190734863,9.640000343322754,4759800,0.0,0.0
2023-04-24 00:00:00-04:00,9.630000114440918,9.6899995803833,9.383999824523926,9.399999618530273,3977900,0.0,0.0
2023-04-25 00:00:00-04:00,9.300000190734863,9.369999885559082,9.050000190734863,9.09000015258789,4345300,0.0,0.0
2023-04-26 00:00:00-04:00,9.149999618530273,9.25,8.800000190734863,8.819999694824219,7099200,0.0,0.0
2023-04-27 00:00:00-04:00,8.899999618530273,8.9399995803833,8.720000267028809,8.819999694824219,8924700,0.0,0.0
2023-04-28 00:00:00-04:00,8.770000457763672,8.9399995803833,8.720000267028809,8.850000381469727,4550100,0.0,0.0
2023-05-01 00:00:00-04:00,8.800000190734863,8.850000381469727,8.645000457763672,8.819999694824219,6564000,0.0,0.0
2023-05-02 00:00:00-04:00,8.75,8.789999961853027,8.40999984741211,8.460000038146973,7051000,0.0,0.0
2023-05-03 00:00:00-04:00,8.40999984741211,8.590999603271484,8.329999923706055,8.380000114440918,6100000,0.0,0.0
2023-05-04 00:00:00-04:00,8.359999656677246,8.600000381469727,8.210000038146973,8.479999542236328,6071700,0.0,0.0
2023-05-05 00:00:00-04:00,8.619999885559082,8.859999656677246,8.600000381469727,8.850000381469727,5325200,0.0,0.0
2023-05-08 00:00:00-04:00,8.819999694824219,8.949999809265137,8.760000228881836,8.90999984741211,4851800,0.0,0.0
2023-05-09 00:00:00-04:00,8.869999885559082,9.170000076293945,8.84000015258789,9.109999656677246,7773500,0.0,0.0
2023-05-10 00:00:00-04:00,9.3100004196167,9.380000114440918,8.789999961853027,9.069999694824219,11104000,0.0,0.0
2023-05-11 00:00:00-04:00,9.550000190734863,9.960000038146973,9.180000305175781,9.649999618530273,23998400,0.0,0.0
2023-05-12 00:00:00-04:00,9.619999885559082,9.640000343322754,8.710000038146973,8.739999771118164,15479100,0.0,0.0
2023-05-15 00:00:00-04:00,8.720000267028809,8.744999885559082,8.510000228881836,8.649999618530273,10032900,0.0,0.0
2023-05-16 00:00:00-04:00,8.529999732971191,8.59000015258789,8.3100004196167,8.350000381469727,9509000,0.0,0.0
2023-05-17 00:00:00-04:00,8.380000114440918,8.654999732971191,8.34000015258789,8.460000038146973,9629000,0.0,0.0
2023-05-18 00:00:00-04:00,8.425000190734863,8.670000076293945,8.390000343322754,8.619999885559082,5201900,0.0,0.0
2023-05-19 00:00:00-04:00,8.579999923706055,8.670000076293945,8.430000305175781,8.470000267028809,4813000,0.0,0.0
2023-05-22 00:00:00-04:00,8.470000267028809,8.78499984741211,8.449999809265137,8.760000228881836,6963200,0.0,0.0
2023-05-23 00:00:00-04:00,8.699999809265137,8.864999771118164,8.59000015258789,8.680000305175781,4313200,0.0,0.0
2023-05-24 00:00:00-04:00,8.550000190734863,8.65999984741211,8.460000038146973,8.600000381469727,2911600,0.0,0.0
2023-05-25 00:00:00-04:00,8.65999984741211,8.739999771118164,8.579999923706055,8.600000381469727,5062600,0.0,0.0
2023-05-26 00:00:00-04:00,8.600000381469727,8.880000114440918,8.600000381469727,8.819999694824219,4544500,0.0,0.0
2023-05-30 00:00:00-04:00,9.0,9.180000305175781,8.90999984741211,8.920000076293945,7134900,0.0,0.0
2023-05-31 00:00:00-04:00,8.819999694824219,9.029999732971191,8.739999771118164,8.920000076293945,5338200,0.0,0.0
2023-06-01 00:00:00-04:00,8.920000076293945,9.119999885559082,8.78499984741211,9.020000457763672,4888000,0.0,0.0
2023-06-02 00:00:00-04:00,9.119999885559082,9.350000381469727,8.92199993133545,9.34000015258789,9531200,0.0,0.0
2023-06-05 00:00:00-04:00,9.289999961853027,9.324999809265137,8.979999542236328,9.029999732971191,6164300,0.0,0.0
2023-06-06 00:00:00-04:00,8.729999542236328,9.119999885559082,8.600000381469727,9.119999885559082,10484400,0.0,0.0
2023-06-07 00:00:00-04:00,9.199999809265137,9.579999923706055,9.15999984741211,9.399999618530273,8088900,0.0,0.0
2023-06-08 00:00:00-04:00,9.359999656677246,9.539999961853027,9.170000076293945,9.5,5689800,0.0,0.0
2023-06-09 00:00:00-04:00,9.609999656677246,9.798999786376953,9.399999618530273,9.40999984741211,4520900,0.0,0.0
2023-06-12 00:00:00-04:00,9.359999656677246,9.40999984741211,9.229999542236328,9.359999656677246,6510300,0.0,0.0
2023-06-13 00:00:00-04:00,9.470000267028809,9.6899995803833,9.359999656677246,9.600000381469727,10102700,0.0,0.0
2023-06-14 00:00:00-04:00,9.649999618530273,9.979999542236328,9.579999923706055,9.949999809265137,8686700,0.0,0.0
2023-06-15 00:00:00-04:00,9.819999694824219,10.140000343322754,9.800000190734863,9.979999542236328,10373900,0.0,0.0
2023-06-16 00:00:00-04:00,10.069999694824219,10.220000267028809,9.944999694824219,10.029999732971191,14175500,0.0,0.0
2023-06-20 00:00:00-04:00,9.949999809265137,10.050000190734863,9.640000343322754,10.0,7452900,0.0,0.0
2023-06-21 00:00:00-04:00,9.960000038146973,10.0600004196167,9.75,9.760000228881836,5614600,0.0,0.0
2023-06-22 00:00:00-04:00,9.6899995803833,9.710000038146973,9.100000381469727,9.449999809265137,14812600,0.0,0.0
2023-06-23 00:00:00-04:00,9.359999656677246,9.579999923706055,9.300000190734863,9.489999771118164,12427200,0.0,0.0
2023-06-26 00:00:00-04:00,9.470000267028809,9.739999771118164,9.380000114440918,9.630000114440918,5827200,0.0,0.0
2023-06-27 00:00:00-04:00,9.600000381469727,10.020000457763672,9.5600004196167,9.9399995803833,11603800,0.0,0.0
2023-06-28 00:00:00-04:00,10.010000228881836,10.520000457763672,9.979999542236328,10.180000305175781,13019500,0.0,0.0
2023-06-29 00:00:00-04:00,9.989999771118164,10.149999618530273,9.710000038146973,9.970000267028809,11985800,0.0,0.0
2023-06-30 00:00:00-04:00,10.125,10.140000343322754,9.859999656677246,9.979999542236328,8507300,0.0,0.0
2023-07-03 00:00:00-04:00,10.0,10.800000190734863,9.979999542236328,10.65999984741211,12564500,0.0,0.0
2023-07-05 00:00:00-04:00,10.720000267028809,10.760000228881836,10.390000343322754,10.720000267028809,12285700,0.0,0.0
2023-07-06 00:00:00-04:00,10.569999694824219,10.640000343322754,10.194999694824219,10.40999984741211,10419500,0.0,0.0
2023-07-07 00:00:00-04:00,10.399999618530273,10.90999984741211,10.399999618530273,10.789999961853027,12637700,0.0,0.0
2023-07-10 00:00:00-04:00,10.880000114440918,11.270000457763672,10.539999961853027,11.210000038146973,14643400,0.0,0.0
2023-07-11 00:00:00-04:00,11.470000267028809,12.020000457763672,11.324999809265137,11.829999923706055,23071300,0.0,0.0
2023-07-12 00:00:00-04:00,12.039999961853027,12.114999771118164,11.6899995803833,11.9399995803833,15229600,0.0,0.0
2023-07-13 00:00:00-04:00,11.979999542236328,12.609999656677246,11.84000015258789,12.449999809265137,18580400,0.0,0.0
2023-07-14 00:00:00-04:00,12.5,12.505000114440918,12.0600004196167,12.380000114440918,14574600,0.0,0.0
2023-07-17 00:00:00-04:00,12.34000015258789,12.850000381469727,12.220000267028809,12.489999771118164,15187700,0.0,0.0
2023-07-18 00:00:00-04:00,12.510000228881836,12.760000228881836,12.390000343322754,12.59000015258789,12904700,0.0,0.0
2023-07-19 00:00:00-04:00,12.680000305175781,13.229999542236328,12.666999816894531,13.119999885559082,16594200,0.0,0.0
2023-07-20 00:00:00-04:00,12.949999809265137,13.079999923706055,12.569999694824219,12.8100004196167,10455900,0.0,0.0
2023-07-21 00:00:00-04:00,12.90999984741211,12.949999809265137,12.649999618530273,12.760000228881836,8728500,0.0,0.0
2023-07-24 00:00:00-04:00,12.680000305175781,12.930000305175781,12.640000343322754,12.739999771118164,7916200,0.0,0.0
2023-07-25 00:00:00-04:00,12.739999771118164,12.890000343322754,12.520000457763672,12.539999961853027,5928600,0.0,0.0
2023-07-26 00:00:00-04:00,12.460000038146973,12.800000190734863,12.399999618530273,12.739999771118164,12181100,0.0,0.0
2023-07-27 00:00:00-04:00,12.880000114440918,12.9399995803833,12.09000015258789,12.229999542236328,10579500,0.0,0.0
2023-07-28 00:00:00-04:00,12.449999809265137,12.739999771118164,12.369999885559082,12.729999542236328,9039000,0.0,0.0
2023-07-31 00:00:00-04:00,12.800000190734863,13.015000343322754,12.71500015258789,12.859999656677246,10249200,0.0,0.0
2023-08-01 00:00:00-04:00,12.680000305175781,12.890000343322754,12.529999732971191,12.869999885559082,9747600,0.0,0.0
2023-08-02 00:00:00-04:00,12.539999961853027,12.5600004196167,12.180000305175781,12.4399995803833,14714900,0.0,0.0
2023-08-03 00:00:00-04:00,11.380000114440918,11.800000190734863,10.890000343322754,11.539999961853027,21999800,0.0,0.0
2023-08-04 00:00:00-04:00,11.680000305175781,11.760000228881836,11.220000267028809,11.279999732971191,11685000,0.0,0.0
2023-08-07 00:00:00-04:00,11.3100004196167,11.5,11.069999694824219,11.34000015258789,9660200,0.0,0.0
2023-08-08 00:00:00-04:00,11.09000015258789,11.15999984741211,10.930000305175781,11.100000381469727,8251300,0.0,0.0
2023-08-09 00:00:00-04:00,11.039999961853027,11.100000381469727,10.75,10.800000190734863,10370500,0.0,0.0
2023-08-10 00:00:00-04:00,10.930000305175781,11.100000381469727,10.65999984741211,10.729999542236328,6645900,0.0,0.0
2023-08-11 00:00:00-04:00,10.604999542236328,10.789999961853027,10.579999923706055,10.720000267028809,6713600,0.0,0.0
2023-08-14 00:00:00-04:00,10.65999984741211,10.680000305175781,10.510000228881836,10.649999618530273,5419200,0.0,0.0
2023-08-15 00:00:00-04:00,10.550000190734863,10.604999542236328,10.395000457763672,10.40999984741211,4962300,0.0,0.0
2023-08-16 00:00:00-04:00,10.329999923706055,10.420000076293945,10.15999984741211,10.1899995803833,4759000,0.0,0.0
2023-08-17 00:00:00-04:00,10.239999771118164,10.319999694824219,10.050000190734863,10.069999694824219,7550100,0.0,0.0
2023-08-18 00:00:00-04:00,9.859999656677246,10.300000190734863,9.84000015258789,10.25,8363500,0.0,0.0
2023-08-21 00:00:00-04:00,10.28499984741211,10.444999694824219,10.130000114440918,10.390000343322754,6461200,0.0,0.0
2023-08-22 00:00:00-04:00,10.5,10.604999542236328,10.319999694824219,10.380000114440918,6444800,0.0,0.0
2023-08-23 00:00:00-04:00,10.390000343322754,10.600000381469727,10.335000038146973,10.5,6019400,0.0,0.0
2023-08-24 00:00:00-04:00,10.520000457763672,10.520000457763672,10.270000457763672,10.369999885559082,4885100,0.0,0.0
2023-08-25 00:00:00-04:00,10.380000114440918,10.600000381469727,10.329999923706055,10.539999961853027,4784400,0.0,0.0
2023-08-28 00:00:00-04:00,10.619999885559082,10.720000267028809,10.5,10.550000190734863,4881500,0.0,0.0
2023-08-29 00:00:00-04:00,10.475000381469727,11.079999923706055,10.449999809265137,11.020000457763672,9553700,0.0,0.0
2023-08-30 00:00:00-04:00,10.899999618530273,11.149999618530273,10.899999618530273,11.0600004196167,7218000,0.0,0.0
2023-08-31 00:00:00-04:00,11.100000381469727,11.164999961853027,10.765000343322754,10.890000343322754,28595700,0.0,0.0
2023-09-01 00:00:00-04:00,11.180000305175781,11.369999885559082,11.0600004196167,11.109999656677246,9246300,0.0,0.0
2023-09-05 00:00:00-04:00,11.0,11.020000457763672,10.65999984741211,10.819999694824219,9895100,0.0,0.0
2023-09-06 00:00:00-04:00,10.770000457763672,10.9350004196167,10.699999809265137,10.789999961853027,5866800,0.0,0.0
2023-09-07 00:00:00-04:00,10.609999656677246,10.770000457763672,10.52299976348877,10.739999771118164,4420300,0.0,0.0
2023-09-08 00:00:00-04:00,10.6899995803833,10.800000190734863,10.515000343322754,10.739999771118164,4874700,0.0,0.0
2023-09-11 00:00:00-04:00,10.819999694824219,10.899999618530273,10.710000038146973,10.84000015258789,5331800,0.0,0.0
2023-09-12 00:00:00-04:00,10.8100004196167,11.010000228881836,10.789999961853027,10.800000190734863,5042800,0.0,0.0
2023-09-13 00:00:00-04:00,10.760000228881836,10.810999870300293,10.59000015258789,10.619999885559082,4808500,0.0,0.0
2023-09-14 00:00:00-04:00,10.649999618530273,10.65999984741211,10.420000076293945,10.569999694824219,6470800,0.0,0.0
2023-09-15 00:00:00-04:00,10.470000267028809,10.694999694824219,10.430000305175781,10.670000076293945,8992200,0.0,0.0
2023-09-18 00:00:00-04:00,10.649999618530273,10.789999961853027,10.579999923706055,10.600000381469727,5412100,0.0,0.0
2023-09-19 00:00:00-04:00,10.579999923706055,10.600000381469727,10.359999656677246,10.470000267028809,4583700,0.0,0.0
2023-09-20 00:00:00-04:00,10.449999809265137,10.649999618530273,10.210000038146973,10.220000267028809,4883500,0.0,0.0
2023-09-21 00:00:00-04:00,10.010000228881836,10.020000457763672,9.819999694824219,9.829999923706055,7251000,0.0,0.0
2023-09-22 00:00:00-04:00,9.90999984741211,9.970000267028809,9.640000343322754,9.699999809265137,5370600,0.0,0.0
2023-09-25 00:00:00-04:00,9.569999694824219,9.770000457763672,9.550000190734863,9.680000305175781,3894800,0.0,0.0
2023-09-26 00:00:00-04:00,9.609999656677246,9.770000457763672,9.489999771118164,9.529999732971191,5751400,0.0,0.0
2023-09-27 00:00:00-04:00,9.640000343322754,9.770000457763672,9.4399995803833,9.569999694824219,4445700,0.0,0.0
2023-09-28 00:00:00-04:00,9.600000381469727,9.84000015258789,9.479999542236328,9.680000305175781,3848900,0.0,0.0
2023-09-29 00:00:00-04:00,9.84000015258789,10.010000228881836,9.6899995803833,9.8100004196167,4609800,0.0,0.0
2023-10-02 00:00:00-04:00,9.770000457763672,9.899999618530273,9.59000015258789,9.729999542236328,5825400,0.0,0.0
2023-10-03 00:00:00-04:00,9.619999885559082,9.779999732971191,9.489999771118164,9.529999732971191,4405500,0.0,0.0
2023-10-04 00:00:00-04:00,9.5,9.6899995803833,9.430000305175781,9.680000305175781,4485600,0.0,0.0
2023-10-05 00:00:00-04:00,9.569999694824219,9.819999694824219,9.489999771118164,9.729999542236328,4888500,0.0,0.0
2023-10-06 00:00:00-04:00,9.619999885559082,9.989999771118164,9.619999885559082,9.930000305175781,5126300,0.0,0.0
2023-10-09 00:00:00-04:00,9.819999694824219,9.960000038146973,9.71500015258789,9.869999885559082,3637400,0.0,0.0
2023-10-10 00:00:00-04:00,9.859999656677246,10.1899995803833,9.859999656677246,10.039999961853027,4895800,0.0,0.0
2023-10-11 00:00:00-04:00,10.050000190734863,10.180000305175781,9.680000305175781,9.720000267028809,6391400,0.0,0.0
2023-10-12 00:00:00-04:00,9.739999771118164,9.770000457763672,9.279999732971191,9.289999961853027,7034200,0.0,0.0
2023-10-13 00:00:00-04:00,9.300000190734863,9.364999771118164,9.119999885559082,9.140000343322754,5586000,0.0,0.0
2023-10-16 00:00:00-04:00,9.15999984741211,9.385000228881836,9.140000343322754,9.319999694824219,3913900,0.0,0.0
2023-10-17 00:00:00-04:00,9.220000267028809,9.640000343322754,9.220000267028809,9.600000381469727,6263900,0.0,0.0
2023-10-18 00:00:00-04:00,9.5,9.5600004196167,9.149999618530273,9.210000038146973,5151200,0.0,0.0
2023-10-19 00:00:00-04:00,9.239999771118164,9.239999771118164,8.960000038146973,8.970000267028809,5382500,0.0,0.0
2023-10-20 00:00:00-04:00,8.949999809265137,9.229999542236328,8.890000343322754,9.130000114440918,5349300,0.0,0.0
2023-10-23 00:00:00-04:00,9.050000190734863,9.390000343322754,8.972999572753906,9.170000076293945,5031500,0.0,0.0
2023-10-24 00:00:00-04:00,9.34000015258789,9.595000267028809,9.25,9.319999694824219,5658200,0.0,0.0
2023-10-25 00:00:00-04:00,9.210000038146973,9.289999961853027,9.010000228881836,9.029999732971191,5804800,0.0,0.0
2023-10-26 00:00:00-04:00,9.069999694824219,9.229999542236328,8.9399995803833,9.100000381469727,4447800,0.0,0.0
2023-10-27 00:00:00-04:00,9.199999809265137,9.199999809265137,8.890000343322754,8.899999618530273,4421200,0.0,0.0
2023-10-30 00:00:00-04:00,9.0,9.140000343322754,8.904999732971191,9.079999923706055,3914000,0.0,0.0
2023-10-31 00:00:00-04:00,9.119999885559082,9.15999984741211,9.045000076293945,9.140000343322754,3753200,0.0,0.0
2023-11-01 00:00:00-04:00,9.170000076293945,9.229999542236328,8.920000076293945,9.079999923706055,4146000,0.0,0.0
2023-11-02 00:00:00-04:00,9.1899995803833,9.505000114440918,9.1899995803833,9.479999542236328,7793500,0.0,0.0
2023-11-03 00:00:00-04:00,9.65999984741211,9.789999961853027,9.5600004196167,9.6899995803833,8838300,0.0,0.0
2023-11-06 00:00:00-05:00,9.779999732971191,9.819999694824219,9.520000457763672,9.59000015258789,4896600,0.0,0.0
2023-11-07 00:00:00-05:00,9.609999656677246,9.850000381469727,9.59000015258789,9.760000228881836,13420500,0.0,0.0
2023-11-08 00:00:00-05:00,8.78499984741211,8.899999618530273,8.279999732971191,8.364999771118164,27080200,0.0,0.0
2023-11-09 00:00:00-05:00,8.539999961853027,8.619999885559082,7.920000076293945,7.929999828338623,15764200,0.0,0.0
2023-11-10 00:00:00-05:00,8.0,8.300000190734863,7.989999771118164,8.229999542236328,10981400,0.0,0.0
2023-11-13 00:00:00-05:00,8.15999984741211,8.40999984741211,8.130000114440918,8.3100004196167,7994900,0.0,0.0
2023-11-14 00:00:00-05:00,8.550000190734863,8.710000038146973,8.449999809265137,8.5,10708700,0.0,0.0
2023-11-15 00:00:00-05:00,8.569999694824219,8.609999656677246,8.3100004196167,8.329999923706055,11201200,0.0,0.0
2023-11-16 00:00:00-05:00,8.279999732971191,8.289999961853027,7.909999847412109,7.940000057220459,13541300,0.0,0.0
2023-11-17 00:00:00-05:00,7.980000019073486,8.135000228881836,7.925000190734863,8.100000381469727,9142200,0.0,0.0
2023-11-20 00:00:00-05:00,8.100000381469727,8.270000457763672,7.985000133514404,8.130000114440918,13184600,0.0,0.0
2023-11-21 00:00:00-05:00,8.0600004196167,8.130000114440918,7.960000038146973,7.980000019073486,7764100,0.0,0.0
2023-11-22 00:00:00-05:00,8.029999732971191,8.255000114440918,7.980000019073486,8.220000267028809,8522800,0.0,0.0
2023-11-24 00:00:00-05:00,8.199999809265137,8.300000190734863,8.130000114440918,8.289999961853027,3613000,0.0,0.0
2023-11-27 00:00:00-05:00,8.270000457763672,8.460000038146973,8.210000038146973,8.390000343322754,7071300,0.0,0.0
2023-11-28 00:00:00-05:00,8.380000114440918,8.649999618530273,8.345000267028809,8.640000343322754,10075600,0.0,0.0
2023-11-29 00:00:00-05:00,8.84000015258789,9.180000305175781,8.770000457763672,8.920000076293945,13982600,0.0,0.0
2023-11-30 00:00:00-05:00,9.1899995803833,9.199999809265137,8.6899995803833,8.800000190734863,15221700,0.0,0.0
2023-12-01 00:00:00-05:00,8.819999694824219,9.390000343322754,8.819999694824219,9.319999694824219,16329000,0.0,0.0
2023-12-04 00:00:00-05:00,9.460000038146973,9.734999656677246,9.329999923706055,9.550000190734863,18297500,0.0,0.0
2023-12-05 00:00:00-05:00,9.789999961853027,10.638999938964844,9.65999984741211,10.529999732971191,38892500,0.0,0.0
2023-12-06 00:00:00-05:00,10.880000114440918,11.649999618530273,10.729999542236328,11.270000457763672,51461800,0.0,0.0
2023-12-07 00:00:00-05:00,11.069999694824219,11.699999809265137,10.8100004196167,11.479999542236328,26167900,0.0,0.0
2023-12-08 00:00:00-05:00,11.229999542236328,11.739999771118164,11.020000457763672,11.729999542236328,23220100,0.0,0.0
2023-12-11 00:00:00-05:00,11.550000190734863,11.789999961853027,11.324999809265137,11.710000038146973,18603200,0.0,0.0
2023-12-12 00:00:00-05:00,11.770000457763672,11.899999618530273,11.539999961853027,11.630000114440918,13394300,0.0,0.0
2023-12-13 00:00:00-05:00,11.630000114440918,12.020000457763672,11.119999885559082,11.989999771118164,24506100,0.0,0.0
2023-12-14 00:00:00-05:00,12.350000381469727,12.390000343322754,11.789999961853027,12.09000015258789,22749700,0.0,0.0
2023-12-15 00:00:00-05:00,12.010000228881836,12.020000457763672,11.520000457763672,11.6899995803833,16810200,0.0,0.0
2023-12-18 00:00:00-05:00,11.550000190734863,11.979999542236328,11.4399995803833,11.930000305175781,14413000,0.0,0.0
2023-12-19 00:00:00-05:00,12.0600004196167,13.1899995803833,12.039999961853027,13.170000076293945,31841800,0.0,0.0
2023-12-20 00:00:00-05:00,13.319999694824219,13.449999809265137,12.59000015258789,12.619999885559082,32610100,0.0,0.0
2023-12-21 00:00:00-05:00,12.8100004196167,13.0600004196167,12.510000228881836,12.890000343322754,14515400,0.0,0.0
2023-12-22 00:00:00-05:00,13.010000228881836,13.149999618530273,12.795000076293945,12.949999809265137,10553800,0.0,0.0
2023-12-26 00:00:00-05:00,13.0,13.140000343322754,12.859999656677246,12.9399995803833,8151100,0.0,0.0
2023-12-27 00:00:00-05:00,13.029999732971191,13.510000228881836,12.90999984741211,13.260000228881836,16095200,0.0,0.0
2023-12-28 00:00:00-05:00,13.109999656677246,13.279999732971191,13.0600004196167,13.180000305175781,8604400,0.0,0.0
2023-12-29 00:00:00-05:00,13.15999984741211,13.170000076293945,12.520000457763672,12.739999771118164,14597000,0.0,0.0
2024-01-02 00:00:00-05:00,12.739999771118164,12.75,12.279999732971191,12.369999885559082,11659200,0.0,0.0
2024-01-03 00:00:00-05:00,11.680000305175781,11.970000267028809,11.550000190734863,11.789999961853027,13694100,0.0,0.0
2024-01-04 00:00:00-05:00,11.649999618530273,12.170000076293945,11.630000114440918,11.979999542236328,9611900,0.0,0.0
2024-01-05 00:00:00-05:00,11.819999694824219,12.15999984741211,11.770000457763672,11.890000343322754,8188700,0.0,0.0
2024-01-08 00:00:00-05:00,11.970000267028809,12.579999923706055,11.960000038146973,12.420000076293945,17238700,0.0,0.0
2024-01-09 00:00:00-05:00,12.25,12.354999542236328,12.135000228881836,12.199999809265137,7344300,0.0,0.0
2024-01-10 00:00:00-05:00,12.180000305175781,12.345000267028809,11.779999732971191,12.140000343322754,8569200,0.0,0.0
2024-01-11 00:00:00-05:00,12.529999732971191,12.579999923706055,11.630000114440918,11.710000038146973,13483000,0.0,0.0
2024-01-12 00:00:00-05:00,11.5,11.5600004196167,10.989999771118164,11.020000457763672,16539300,0.0,0.0
2024-01-16 00:00:00-05:00,10.920000076293945,11.026000022888184,10.619999885559082,10.930000305175781,9399000,0.0,0.0
2024-01-17 00:00:00-05:00,10.710000038146973,10.739999771118164,10.520000457763672,10.649999618530273,8611600,0.0,0.0
2024-01-18 00:00:00-05:00,10.760000228881836,10.824999809265137,10.529999732971191,10.670000076293945,8032200,0.0,0.0
2024-01-19 00:00:00-05:00,10.680000305175781,10.75,10.380000114440918,10.710000038146973,7977200,0.0,0.0
2024-01-22 00:00:00-05:00,10.8100004196167,11.170000076293945,10.8100004196167,10.989999771118164,9454000,0.0,0.0
2024-01-23 00:00:00-05:00,11.15999984741211,11.300000190734863,10.873000144958496,10.949999809265137,6929500,0.0,0.0
2024-01-24 00:00:00-05:00,11.100000381469727,11.225000381469727,10.729999542236328,10.8100004196167,6848000,0.0,0.0
2024-01-25 00:00:00-05:00,10.850000381469727,10.89799976348877,10.619999885559082,10.699999809265137,5299900,0.0,0.0
2024-01-26 00:00:00-05:00,10.760000228881836,11.010000228881836,10.710000038146973,10.789999961853027,4742100,0.0,0.0
2024-01-29 00:00:00-05:00,10.829999923706055,11.329999923706055,10.760000228881836,11.3100004196167,10871000,0.0,0.0
2024-01-30 00:00:00-05:00,11.229999542236328,11.28499984741211,10.949999809265137,11.010000228881836,7035500,0.0,0.0
2024-01-31 00:00:00-05:00,10.9399995803833,11.170000076293945,10.699999809265137,10.739999771118164,7341400,0.0,0.0
2024-02-01 00:00:00-05:00,10.789999961853027,10.944999694824219,10.609999656677246,10.90999984741211,5807500,0.0,0.0
2024-02-02 00:00:00-05:00,10.75,11.020000457763672,10.649999618530273,10.920000076293945,7401500,0.0,0.0
2024-02-05 00:00:00-05:00,10.819999694824219,10.880000114440918,10.510000228881836,10.5600004196167,7633200,0.0,0.0
2024-02-06 00:00:00-05:00,10.569999694824219,10.800000190734863,10.53499984741211,10.779999732971191,5098200,0.0,0.0
2024-02-07 00:00:00-05:00,10.84000015258789,11.079999923706055,10.640000343322754,11.0,7559200,0.0,0.0
2024-02-08 00:00:00-05:00,11.050000190734863,11.34000015258789,11.0,11.220000267028809,7844600,0.0,0.0
2024-02-09 00:00:00-05:00,11.399999618530273,11.600000381469727,11.25,11.550000190734863,11957000,0.0,0.0
2024-02-12 00:00:00-05:00,11.729999542236328,12.130000114440918,11.649999618530273,12.010000228881836,22042300,0.0,0.0
2024-02-13 00:00:00-05:00,11.609999656677246,11.9350004196167,11.430000305175781,11.84000015258789,36725400,0.0,0.0
2024-02-14 00:00:00-05:00,13.64799976348877,13.899999618530273,12.765000343322754,13.380000114440918,76339000,0.0,0.0
2024-02-15 00:00:00-05:00,13.399999618530273,13.545000076293945,13.039999961853027,13.420000076293945,24372900,0.0,0.0
2024-02-16 00:00:00-05:00,13.380000114440918,14.354999542236328,13.319999694824219,14.0,34950700,0.0,0.0
2024-02-20 00:00:00-05:00,14.0,14.234999656677246,13.680000305175781,14.09000015258789,16920700,0.0,0.0
2024-02-21 00:00:00-05:00,13.76200008392334,13.890000343322754,13.390000343322754,13.59000015258789,14259000,0.0,0.0
2024-02-22 00:00:00-05:00,13.710000038146973,14.09000015258789,13.595000267028809,13.970000267028809,10961900,0.0,0.0
2024-02-23 00:00:00-05:00,14.039999961853027,14.5,14.010000228881836,14.479999542236328,15963200,0.0,0.0
2024-02-26 00:00:00-05:00,14.710000038146973,15.609999656677246,14.680000305175781,15.59000015258789,28000800,0.0,0.0
2024-02-27 00:00:00-05:00,15.890000343322754,16.290000915527344,15.550000190734863,16.25,24830300,0.0,0.0
2024-02-28 00:00:00-05:00,16.059999465942383,16.530000686645508,15.899999618530273,16.1299991607666,25143400,0.0,0.0
2024-02-29 00:00:00-05:00,16.170000076293945,16.510000228881836,15.65999984741211,16.309999465942383,21226300,0.0,0.0
2024-03-01 00:00:00-05:00,16.299999237060547,16.600000381469727,16.125,16.579999923706055,13176200,0.0,0.0
2024-03-04 00:00:00-05:00,17.06999969482422,17.219999313354492,16.540000915527344,16.6299991607666,17405200,0.0,0.0
2024-03-05 00:00:00-05:00,16.299999237060547,16.329999923706055,15.65999984741211,15.930000305175781,17683600,0.0,0.0
2024-03-06 00:00:00-05:00,16.100000381469727,16.59000015258789,15.770000457763672,16.399999618530273,13102400,0.0,0.0
2024-03-07 00:00:00-05:00,16.6200008392334,16.6200008392334,16.1299991607666,16.360000610351562,9854700,0.0,0.0
2024-03-08 00:00:00-05:00,16.579999923706055,17.6200008392334,16.56999969482422,17.0,20002800,0.0,0.0
2024-03-11 00:00:00-04:00,16.989999771118164,17.479999542236328,16.760000228881836,16.860000610351562,14947000,0.0,0.0
2024-03-12 00:00:00-04:00,16.8799991607666,16.899999618530273,16.190000534057617,16.389999389648438,13396500,0.0,0.0
2024-03-13 00:00:00-04:00,16.309999465942383,17.360000610351562,16.229999542236328,17.15999984741211,15815100,0.0,0.0
2024-03-14 00:00:00-04:00,19.1200008392334,19.229999542236328,17.7450008392334,18.049999237060547,48665200,0.0,0.0
2024-03-15 00:00:00-04:00,17.81999969482422,18.360000610351562,17.5,18.149999618530273,17775500,0.0,0.0
2024-03-18 00:00:00-04:00,18.100000381469727,18.40999984741211,17.829999923706055,18.209999084472656,13180600,0.0,0.0
2024-03-19 00:00:00-04:00,17.719999313354492,17.829999923706055,16.69499969482422,17.239999771118164,14724400,0.0,0.0
2024-03-20 00:00:00-04:00,17.239999771118164,18.56999969482422,17.1200008392334,18.559999465942383,14773200,0.0,0.0
2024-03-21 00:00:00-04:00,18.65999984741211,19.415000915527344,18.399999618530273,19.09000015258789,16075900,0.0,0.0
2024-03-22 00:00:00-04:00,18.639999389648438,18.945999145507812,18.239999771118164,18.299999237060547,11310900,0.0,0.0
2024-03-25 00:00:00-04:00,18.399999618530273,19.100000381469727,18.3700008392334,19.079999923706055,15708500,0.0,0.0
2024-03-26 00:00:00-04:00,19.31999969482422,19.610000610351562,19.16200065612793,19.280000686645508,12760300,0.0,0.0
2024-03-27 00:00:00-04:00,20.530000686645508,20.549999237060547,19.6200008392334,20.010000228881836,31268300,0.0,0.0
2024-03-28 00:00:00-04:00,20.010000228881836,20.540000915527344,19.8799991607666,20.1299991607666,16728200,0.0,0.0
2024-04-01 00:00:00-04:00,19.979999542236328,20.149999618530273,19.3700008392334,19.40999984741211,15674500,0.0,0.0
2024-04-02 00:00:00-04:00,18.3700008392334,19.329999923706055,18.030000686645508,19.200000762939453,15975500,0.0,0.0
2024-04-03 00:00:00-04:00,18.920000076293945,19.540000915527344,18.860000610351562,19.209999084472656,8633800,0.0,0.0
2024-04-04 00:00:00-04:00,19.25,19.290000915527344,18.299999237060547,18.450000762939453,15445800,0.0,0.0
2024-04-05 00:00:00-04:00,18.229999542236328,18.825000762939453,17.8700008392334,18.399999618530273,11636500,0.0,0.0
2024-04-08 00:00:00-04:00,18.8799991607666,19.100000381469727,18.440000534057617,18.559999465942383,9365600,0.0,0.0
2024-04-09 00:00:00-04:00,18.65999984741211,18.75,18.0,18.299999237060547,7926800,0.0,0.0
2024-04-10 00:00:00-04:00,17.68000030517578,18.440000534057617,17.59000015258789,18.34000015258789,7749100,0.0,0.0
2024-04-11 00:00:00-04:00,17.700000762939453,19.048999786376953,17.700000762939453,19.0,14077500,0.0,0.0
2024-04-12 00:00:00-04:00,18.850000381469727,18.889999389648438,17.829999923706055,17.969999313354492,9613200,0.0,0.0
2024-04-15 00:00:00-04:00,18.079999923706055,18.260000228881836,16.975000381469727,17.190000534057617,14132300,0.0,0.0
2024-04-16 00:00:00-04:00,17.1299991607666,17.579999923706055,16.84000015258789,17.309999465942383,9347700,0.0,0.0
2024-04-17 00:00:00-04:00,17.3799991607666,17.450000762939453,16.459999084472656,17.079999923706055,10395400,0.0,0.0
2024-04-18 00:00:00-04:00,17.187000274658203,17.594999313354492,16.889999389648438,17.079999923706055,7952300,0.0,0.0
2024-04-19 00:00:00-04:00,16.889999389648438,17.229999542236328,16.5,16.6299991607666,9555200,0.0,0.0
2024-04-22 00:00:00-04:00,16.940000534057617,17.344999313354492,16.670000076293945,17.190000534057617,7426200,0.0,0.0
2024-04-23 00:00:00-04:00,17.1299991607666,17.81999969482422,17.049999237060547,17.6200008392334,6961300,0.0,0.0
2024-04-24 00:00:00-04:00,17.670000076293945,17.889999389648438,17.079999923706055,17.309999465942383,7318100,0.0,0.0
2024-04-25 00:00:00-04:00,16.889999389648438,17.260000228881836,16.56999969482422,17.1200008392334,7145600,0.0,0.0
2024-04-26 00:00:00-04:00,17.1200008392334,17.899999618530273,16.920000076293945,17.8799991607666,8203900,0.0,0.0
2024-04-29 00:00:00-04:00,17.709999084472656,18.290000915527344,17.299999237060547,17.34000015258789,8431500,0.0,0.0
2024-04-30 00:00:00-04:00,17.139999389648438,17.299999237060547,16.469999313354492,16.489999771118164,8986300,0.0,0.0
2024-05-01 00:00:00-04:00,16.43000030517578,17.350000381469727,16.309999465942383,16.649999618530273,8903500,0.0,0.0
2024-05-02 00:00:00-04:00,16.93000030517578,17.6299991607666,16.760000228881836,17.610000610351562,7544700,0.0,0.0
2024-05-03 00:00:00-04:00,17.8799991607666,18.135000228881836,17.6299991607666,17.950000762939453,9478800,0.0,0.0
2024-05-06 00:00:00-04:00,17.6299991607666,18.459999084472656,17.479999542236328,17.780000686645508,18716900,0.0,0.0
2024-05-07 00:00:00-04:00,17.75,18.260000228881836,17.670000076293945,17.989999771118164,12486200,0.0,0.0
2024-05-08 00:00:00-04:00,17.600000381469727,17.937999725341797,17.3700008392334,17.850000381469727,23043800,0.0,0.0
2024-05-09 00:00:00-04:00,19.04199981689453,19.469999313354492,17.040000915527344,17.299999237060547,51207400,0.0,0.0
2024-05-10 00:00:00-04:00,17.420000076293945,17.690000534057617,16.219999313354492,16.229999542236328,24466200,0.0,0.0
2024-05-13 00:00:00-04:00,16.6200008392334,17.610000610351562,16.56999969482422,16.889999389648438,24385600,0.0,0.0
2024-05-14 00:00:00-04:00,17.770000457763672,18.670000076293945,17.649999618530273,18.020000457763672,33654500,0.0,0.0
2024-05-15 00:00:00-04:00,18.350000381469727,18.579999923706055,17.56999969482422,18.520000457763672,19468500,0.0,0.0
2024-05-16 00:00:00-04:00,18.40999984741211,19.239999771118164,17.860000610351562,17.899999618530273,22141600,0.0,0.0
2024-05-17 00:00:00-04:00,18.959999084472656,20.34000015258789,18.450000762939453,20.09000015258789,53207400,0.0,0.0
2024-05-20 00:00:00-04:00,19.940000534057617,20.889999389648438,19.530000686645508,20.84000015258789,25792900,0.0,0.0
2024-05-21 00:00:00-04:00,21.040000915527344,21.209999084472656,20.40999984741211,20.959999084472656,20960700,0.0,0.0
2024-05-22 00:00:00-04:00,20.899999618530273,21.030000686645508,19.59000015258789,19.65999984741211,20978600,0.0,0.0
2024-05-23 00:00:00-04:00,19.920000076293945,19.940000534057617,19.114999771118164,19.239999771118164,17758100,0.0,0.0
2024-05-24 00:00:00-04:00,19.299999237060547,20.565000534057617,19.066999435424805,20.510000228881836,20914800,0.0,0.0
2024-05-28 00:00:00-04:00,20.618000030517578,20.989999771118164,20.049999237060547,20.469999313354492,18147600,0.0,0.0
2024-05-29 00:00:00-04:00,20.75,21.139999389648438,20.270000457763672,21.084999084472656,23053100,0.0,0.0
2024-05-30 00:00:00-04:00,21.299999237060547,22.260000228881836,20.90999984741211,21.84000015258789,36175500,0.0,0.0
2024-05-31 00:00:00-04:00,21.90999984741211,22.34000015258789,20.165000915527344,20.899999618530273,31219300,0.0,0.0
2024-06-03 00:00:00-04:00,21.899999618530273,22.399999618530273,20.729999542236328,21.280000686645508,26098100,0.0,0.0
2024-06-04 00:00:00-04:00,21.040000915527344,21.625,20.65999984741211,20.780000686645508,17412400,0.0,0.0
2024-06-05 00:00:00-04:00,21.0,21.59000015258789,20.389999389648438,21.56999969482422,14410400,0.0,0.0
2024-06-06 00:00:00-04:00,22.25,23.25,21.743999481201172,22.969999313354492,40881200,0.0,0.0
2024-06-07 00:00:00-04:00,22.520000457763672,23.690000534057617,22.145000457763672,22.18000030517578,24723100,0.0,0.0
2024-06-10 00:00:00-04:00,22.100000381469727,23.524999618530273,22.059999465942383,23.420000076293945,17942200,0.0,0.0
2024-06-11 00:00:00-04:00,22.832000732421875,23.30500030517578,22.1299991607666,23.219999313354492,14472800,0.0,0.0
2024-06-12 00:00:00-04:00,24.0,24.280000686645508,23.530000686645508,23.700000762939453,21351400,0.0,0.0
2024-06-13 00:00:00-04:00,23.690000534057617,23.739999771118164,22.920000076293945,23.309999465942383,13045800,0.0,0.0
2024-06-14 00:00:00-04:00,23.100000381469727,23.56999969482422,22.360000610351562,22.420000076293945,13059600,0.0,0.0
2024-06-17 00:00:00-04:00,22.31999969482422,22.719999313354492,21.700000762939453,22.25,13998300,0.0,0.0
2024-06-18 00:00:00-04:00,21.969999313354492,22.219999313354492,21.799999237060547,21.860000610351562,10181100,0.0,0.0
2024-06-20 00:00:00-04:00,22.0,22.06999969482422,21.18000030517578,21.729999542236328,13386600,0.0,0.0
2024-06-21 00:00:00-04:00,21.520000457763672,22.329999923706055,21.25,22.290000915527344,20734700,0.0,0.0
2024-06-24 00:00:00-04:00,21.850000381469727,22.329999923706055,20.8799991607666,21.3700008392334,19032600,0.0,0.0
2024-06-25 00:00:00-04:00,21.479999542236328,22.28499984741211,21.219999313354492,22.139999389648438,12077800,0.0,0.0
2024-06-26 00:00:00-04:00,22.68000030517578,23.329999923706055,22.219999313354492,22.309999465942383,19146100,0.0,0.0
2024-06-27 00:00:00-04:00,22.440000534057617,22.791000366210938,22.270000457763672,22.59000015258789,7318600,0.0,0.0
2024-06-28 00:00:00-04:00,22.639999389648438,23.084999084472656,22.34000015258789,22.709999084472656,11668100,0.0,0.0
2024-07-01 00:00:00-04:00,22.81999969482422,23.1299991607666,22.43000030517578,22.790000915527344,11188200,0.0,0.0
2024-07-02 00:00:00-04:00,22.635000228881836,22.799999237060547,22.06999969482422,22.459999084472656,9492200,0.0,0.0
2024-07-03 00:00:00-04:00,22.450000762939453,23.128999710083008,22.450000762939453,22.889999389648438,7631200,0.0,0.0
2024-07-05 00:00:00-04:00,22.079999923706055,22.739999771118164,21.719999313354492,22.68000030517578,9400900,0.0,0.0
2024-07-08 00:00:00-04:00,22.719999313354492,22.8799991607666,21.90999984741211,22.09000015258789,10579900,0.0,0.0
2024-07-09 00:00:00-04:00,22.25,23.270000457763672,22.149999618530273,22.600000381469727,12158900,0.0,0.0
2024-07-10 00:00:00-04:00,22.709999084472656,22.8700008392334,22.079999923706055,22.31999969482422,12625300,0.0,0.0
2024-07-11 00:00:00-04:00,22.649999618530273,22.979999542236328,21.979999542236328,22.040000915527344,13151500,0.0,0.0
2024-07-12 00:00:00-04:00,22.0,22.44499969482422,21.75,22.280000686645508,10380700,0.0,0.0
2024-07-15 00:00:00-04:00,23.0,24.010000228881836,22.760000228881836,23.940000534057617,20401700,0.0,0.0
2024-07-16 00:00:00-04:00,24.059999465942383,24.809999465942383,23.350000381469727,24.6299991607666,23046700,0.0,0.0
2024-07-17 00:00:00-04:00,24.1299991607666,24.8799991607666,23.56999969482422,24.18000030517578,14124900,0.0,0.0
2024-07-18 00:00:00-04:00,24.219999313354492,24.450000762939453,22.65999984741211,22.829999923706055,14304700,0.0,0.0
2024-07-19 00:00:00-04:00,22.940000534057617,23.8700008392334,22.799999237060547,23.40999984741211,9348400,0.0,0.0
2024-07-22 00:00:00-04:00,23.239999771118164,24.020000457763672,23.094999313354492,23.420000076293945,16691400,0.0,0.0
2024-07-23 00:00:00-04:00,23.229999542236328,23.399999618530273,22.81999969482422,22.8700008392334,10292600,0.0,0.0
2024-07-24 00:00:00-04:00,22.65999984741211,22.9060001373291,21.360000610351562,21.40999984741211,13153100,0.0,0.0
2024-07-25 00:00:00-04:00,21.15999984741211,21.78499984741211,20.6299991607666,21.18000030517578,9131000,0.0,0.0
2024-07-26 00:00:00-04:00,21.59000015258789,21.985000610351562,21.125,21.200000762939453,8362500,0.0,0.0
2024-07-29 00:00:00-04:00,21.559999465942383,21.84000015258789,20.950000762939453,21.18000030517578,8115100,0.0,0.0
2024-07-30 00:00:00-04:00,21.299999237060547,21.350000381469727,20.290000915527344,20.399999618530273,11020800,0.0,0.0
2024-07-31 00:00:00-04:00,20.84000015258789,21.20800018310547,20.530000686645508,20.56999969482422,9201900,0.0,0.0
2024-08-01 00:00:00-04:00,20.889999389648438,21.299999237060547,19.829999923706055,20.239999771118164,13110700,0.0,0.0
2024-08-02 00:00:00-04:00,19.200000762939453,19.290000915527344,17.690000534057617,17.8799991607666,30564500,0.0,0.0
2024-08-05 00:00:00-04:00,14.699999809265137,16.725000381469727,13.979999542236328,16.420000076293945,44991100,0.0,0.0
2024-08-06 00:00:00-04:00,17.030000686645508,17.520000457763672,16.25,17.209999084472656,22515100,0.0,0.0
2024-08-07 00:00:00-04:00,17.600000381469727,17.639999389648438,16.860000610351562,17.1200008392334,32590300,0.0,0.0
2024-08-08 00:00:00-04:00,17.665000915527344,18.100000381469727,16.68000030517578,17.729999542236328,48790500,0.0,0.0
2024-08-09 00:00:00-04:00,17.799999237060547,18.280000686645508,17.549999237060547,17.920000076293945,17345900,0.0,0.0
2024-08-12 00:00:00-04:00,18.360000610351562,18.790000915527344,18.106000900268555,18.540000915527344,18899100,0.0,0.0
2024-08-13 00:00:00-04:00,18.780000686645508,18.84000015258789,18.360000610351562,18.40999984741211,12907000,0.0,0.0
2024-08-14 00:00:00-04:00,18.729999542236328,19.059999465942383,18.56999969482422,18.649999618530273,13613600,0.0,0.0
2024-08-15 00:00:00-04:00,19.31999969482422,20.06999969482422,19.135000228881836,19.549999237060547,23025900,0.0,0.0
2024-08-16 00:00:00-04:00,19.510000228881836,20.040000915527344,19.399999618530273,19.979999542236328,14101700,0.0,0.0
2024-08-19 00:00:00-04:00,19.934999465942383,20.309999465942383,19.809999465942383,20.280000686645508,11372200,0.0,0.0
2024-08-20 00:00:00-04:00,20.360000610351562,20.43000030517578,19.690000534057617,19.829999923706055,10363700,0.0,0.0
2024-08-21 00:00:00-04:00,19.729999542236328,20.204999923706055,19.520000457763672,20.18000030517578,9837100,0.0,0.0
2024-08-22 00:00:00-04:00,20.139999389648438,20.3700008392334,19.850000381469727,19.889999389648438,7417900,0.0,0.0
2024-08-23 00:00:00-04:00,20.062000274658203,21.209999084472656,20.0,21.1200008392334,13294500,0.0,0.0
2024-08-26 00:00:00-04:00,21.1200008392334,21.15999984741211,20.790000915527344,20.959999084472656,10676300,0.0,0.0
2024-08-27 00:00:00-04:00,20.799999237060547,21.540000915527344,20.59000015258789,21.360000610351562,8052600,0.0,0.0
2024-08-28 00:00:00-04:00,21.149999618530273,21.198999404907227,20.0,20.31999969482422,10959700,0.0,0.0
2024-08-29 00:00:00-04:00,20.399999618530273,20.655000686645508,20.09000015258789,20.170000076293945,7621500,0.0,0.0
2024-08-30 00:00:00-04:00,20.3799991607666,20.399999618530273,19.834999084472656,20.1200008392334,11026200,0.0,0.0
2024-09-03 00:00:00-04:00,19.7549991607666,19.96500015258789,19.209999084472656,19.3700008392334,11353500,0.0,0.0
2024-09-04 00:00:00-04:00,19.010000228881836,19.610000610351562,18.81100082397461,19.110000610351562,9923300,0.0,0.0
2024-09-05 00:00:00-04:00,19.0,19.68000030517578,18.84000015258789,19.670000076293945,11493500,0.0,0.0
2024-09-06 00:00:00-04:00,19.739999771118164,20.239999771118164,18.709999084472656,18.940000534057617,12834200,0.0,0.0
2024-09-09 00:00:00-04:00,19.209999084472656,19.829999923706055,19.040000915527344,19.65999984741211,10350600,0.0,0.0
2024-09-10 00:00:00-04:00,19.600000381469727,19.73900032043457,18.825000762939453,19.700000762939453,10336500,0.0,0.0
2024-09-11 00:00:00-04:00,19.579999923706055,20.795000076293945,19.540000915527344,20.639999389648438,12396200,0.0,0.0
2024-09-12 00:00:00-04:00,20.829999923706055,21.735000610351562,20.670000076293945,21.639999389648438,13507200,0.0,0.0
2024-09-13 00:00:00-04:00,21.69499969482422,22.43000030517578,21.610000610351562,22.06999969482422,11931600,0.0,0.0
2024-09-16 00:00:00-04:00,21.70400047302246,22.53499984741211,21.5,22.209999084472656,8155600,0.0,0.0
2024-09-17 00:00:00-04:00,22.545000076293945,22.93000030517578,22.399999618530273,22.639999389648438,8636600,0.0,0.0
2024-09-18 00:00:00-04:00,22.700000762939453,23.4950008392334,22.34000015258789,22.950000762939453,13807200,0.0,0.0
2024-09-19 00:00:00-04:00,23.93600082397461,24.059999465942383,22.739999771118164,22.809999465942383,14118900,0.0,0.0
2024-09-20 00:00:00-04:00,22.809999465942383,22.954999923706055,22.309999465942383,22.729999542236328,22849800,0.0,0.0
2024-09-23 00:00:00-04:00,22.781999588012695,23.325000762939453,22.62299919128418,22.700000762939453,11694200,0.0,0.0
2024-09-24 00:00:00-04:00,22.68000030517578,22.850000381469727,22.25200080871582,22.770000457763672,7446100,0.0,0.0
2024-09-25 00:00:00-04:00,22.579999923706055,22.81999969482422,22.334999084472656,22.389999389648438,4989400,0.0,0.0
2024-09-26 00:00:00-04:00,22.780000686645508,22.8799991607666,22.190000534057617,22.43000030517578,9350700,0.0,0.0
2024-09-27 00:00:00-04:00,22.549999237060547,23.979999542236328,22.410999298095703,23.889999389648438,18021300,0.0,0.0
2024-09-30 00:00:00-04:00,23.969999313354492,24.1299991607666,23.079999923706055,23.420000076293945,10101300,0.0,0.0
2024-10-01 00:00:00-04:00,23.399999618530273,23.459999084472656,22.280000686645508,22.329999923706055,11467400,0.0,0.0
2024-10-02 00:00:00-04:00,22.420000076293945,23.18000030517578,22.329999923706055,22.6299991607666,12009700,0.0,0.0
2024-10-03 00:00:00-04:00,22.464000701904297,22.708999633789062,22.049999237060547,22.43000030517578,7146000,0.0,0.0
2024-10-04 00:00:00-04:00,23.0,23.389999389648438,22.610000610351562,22.889999389648438,9715300,0.0,0.0
2024-10-07 00:00:00-04:00,22.75,23.424999237060547,22.719999313354492,23.31999969482422,10007900,0.0,0.0
2024-10-08 00:00:00-04:00,23.469999313354492,25.799999237060547,23.440000534057617,25.610000610351562,39241500,0.0,0.0
2024-10-09 00:00:00-04:00,25.489999771118164,25.690000534057617,24.170000076293945,25.649999618530273,22201800,0.0,0.0
2024-10-10 00:00:00-04:00,25.5,25.8700008392334,24.704999923706055,25.5,12990200,0.0,0.0
2024-10-11 00:00:00-04:00,25.75,26.649999618530273,25.690000534057617,26.270000457763672,16868900,0.0,0.0
2024-10-14 00:00:00-04:00,26.899999618530273,27.139999389648438,26.15999984741211,27.0,17233000,0.0,0.0
2024-10-15 00:00:00-04:00,27.135000228881836,27.329999923706055,25.905000686645508,26.799999237060547,16466500,0.0,0.0
2024-10-16 00:00:00-04:00,27.040000915527344,27.172000885009766,26.565000534057617,26.93000030517578,12382000,0.0,0.0
2024-10-17 00:00:00-04:00,27.079999923706055,27.079999923706055,26.086000442504883,26.31999969482422,11588300,0.0,0.0
2024-10-18 00:00:00-04:00,26.549999237060547,27.040000915527344,26.420000076293945,26.829999923706055,10721200,0.0,0.0
2024-10-21 00:00:00-04:00,26.780000686645508,27.104999542236328,26.18000030517578,26.969999313354492,10284200,0.0,0.0
2024-10-22 00:00:00-04:00,26.899999618530273,27.600000381469727,26.81999969482422,27.40999984741211,11978800,0.0,0.0
2024-10-23 00:00:00-04:00,27.110000610351562,27.38599967956543,26.280000686645508,26.700000762939453,10203200,0.0,0.0
2024-10-24 00:00:00-04:00,26.950000762939453,27.329999923706055,26.690000534057617,27.219999313354492,7687300,0.0,0.0
2024-10-25 00:00:00-04:00,27.510000228881836,27.75,26.920000076293945,27.059999465942383,8752200,0.0,0.0
2024-10-28 00:00:00-04:00,27.934999465942383,28.229999542236328,27.510000228881836,27.8799991607666,14670900,0.0,0.0
2024-10-29 00:00:00-04:00,28.25,28.360000610351562,27.600000381469727,28.030000686645508,13257600,0.0,0.0
2024-10-30 00:00:00-04:00,27.915000915527344,28.575000762939453,27.549999237060547,28.209999084472656,26660900,0.0,0.0
2024-10-31 00:00:00-04:00,26.020000457763672,26.479999542236328,23.149999618530273,23.489999771118164,45738900,0.0,0.0
2024-11-01 00:00:00-04:00,23.700000762939453,24.118000030517578,23.0,23.969999313354492,21594100,0.0,0.0
2024-11-04 00:00:00-05:00,23.75,24.559999465942383,23.540000915527344,24.31999969482422,15067200,0.0,0.0
2024-11-05 00:00:00-05:00,24.53499984741211,25.274999618530273,24.420000076293945,24.959999084472656,12947200,0.0,0.0
2024-11-06 00:00:00-05:00,27.729999542236328,30.059999465942383,26.739999771118164,29.860000610351562,49591600,0.0,0.0
2024-11-07 00:00:00-05:00,29.059999465942383,30.040000915527344,28.670000076293945,29.360000610351562,24913000,0.0,0.0
2024-11-08 00:00:00-05:00,29.350000381469727,30.6299991607666,29.209999084472656,30.540000915527344,22564100,0.0,0.0
2024-11-11 00:00:00-05:00,32.939998626708984,34.31999969482422,32.22999954223633,32.79999923706055,43967200,0.0,0.0
2024-11-12 00:00:00-05:00,31.739999771118164,33.7599983215332,31.459999084472656,33.0,26059500,0.0,0.0
2024-11-13 00:00:00-05:00,33.630001068115234,34.099998474121094,31.822999954223633,31.90999984741211,23203600,0.0,0.0
2024-11-14 00:00:00-05:00,32.849998474121094,33.0,31.591999053955078,32.220001220703125,13023400,0.0,0.0
2024-11-15 00:00:00-05:00,32.0099983215332,32.35499954223633,31.260000228881836,32.31999969482422,17537500,0.0,0.0
2024-11-18 00:00:00-05:00,33.11000061035156,35.6150016784668,32.900001525878906,35.0,36877100,0.0,0.0
2024-11-19 00:00:00-05:00,34.560001373291016,36.31999969482422,34.0,35.2400016784668,27227500,0.0,0.0
2024-11-20 00:00:00-05:00,37.0,38.11000061035156,35.720001220703125,36.08000183105469,36004100,0.0,0.0
2024-11-21 00:00:00-05:00,37.125,37.125,34.630001068115234,35.09000015258789,27042400,0.0,0.0
2024-11-22 00:00:00-05:00,34.97999954223633,36.834999084472656,34.16999816894531,36.650001525878906,21650100,0.0,0.0
2024-11-25 00:00:00-05:00,39.220001220703125,39.7400016784668,37.29999923706055,37.849998474121094,29944600,0.0,0.0
2024-11-26 00:00:00-05:00,37.04999923706055,37.90999984741211,36.150001525878906,36.41999816894531,16612100,0.0,0.0
2024-11-27 00:00:00-05:00,37.5099983215332,38.290000915527344,37.040000915527344,37.650001525878906,15118500,0.0,0.0
2024-11-29 00:00:00-05:00,38.619998931884766,39.14500045776367,37.5099983215332,37.540000915527344,13399500,0.0,0.0
2024-12-02 00:00:00-05:00,37.92499923706055,38.790000915527344,37.52000045776367,37.619998931884766,16071000,0.0,0.0
2024-12-03 00:00:00-05:00,37.04999923706055,38.70500183105469,36.61000061035156,38.63999938964844,17947600,0.0,0.0
2024-12-04 00:00:00-05:00,39.95000076293945,40.56999969482422,37.779998779296875,40.0,35447100,0.0,0.0
2024-12-05 00:00:00-05:00,42.709999084472656,42.7599983215332,38.790000915527344,38.91999816894531,50453500,0.0,0.0
2024-12-06 00:00:00-05:00,39.59000015258789,41.709999084472656,38.939998626708984,41.66999816894531,37242700,0.0,0.0
2024-12-09 00:00:00-05:00,41.38999938964844,42.09000015258789,39.2400016784668,39.540000915527344,26493400,0.0,0.0
2024-12-10 00:00:00-05:00,39.810001373291016,40.5,37.189998626708984,37.36000061035156,27808800,0.0,0.0
2024-12-11 00:00:00-05:00,38.5,38.54999923706055,37.70000076293945,37.84000015258789,23327700,0.0,0.0
2024-12-12 00:00:00-05:00,37.380001068115234,40.189998626708984,35.619998931884766,39.33000183105469,26270400,0.0,0.0
2024-12-13 00:00:00-05:00,39.40999984741211,40.34700012207031,38.959999084472656,40.20000076293945,19794900,0.0,0.0
2024-12-16 00:00:00-05:00,41.02000045776367,43.83000183105469,40.529998779296875,43.20000076293945,36584000,0.0,0.0
2024-12-17 00:00:00-05:00,42.310001373291016,42.310001373291016,40.34000015258789,41.630001068115234,27260400,0.0,0.0
2024-12-18 00:00:00-05:00,41.439998626708984,41.48899841308594,36.63999938964844,37.08000183105469,33565200,0.0,0.0
2024-12-19 00:00:00-05:00,38.47999954223633,38.68000030517578,36.209999084472656,36.939998626708984,25513100,0.0,0.0
2024-12-20 00:00:00-05:00,35.11000061035156,38.474998474121094,34.02000045776367,38.33000183105469,29109100,0.0,0.0
2024-12-23 00:00:00-05:00,37.91999816894531,38.5,37.08000183105469,37.5,16662300,0.0,0.0
2024-12-24 00:00:00-05:00,38.0,39.59000015258789,37.689998626708984,39.58000183105469,10144500,0.0,0.0
2024-12-26 00:00:00-05:00,39.34000015258789,40.46500015258789,38.79999923706055,40.380001068115234,11874900,0.0,0.0
2024-12-27 00:00:00-05:00,40.25,40.439998626708984,38.220001220703125,39.02000045776367,14388800,0.0,0.0
2024-12-30 00:00:00-05:00,37.810001373291016,38.959999084472656,37.45000076293945,38.279998779296875,12749600,0.0,0.0
2024-12-31 00:00:00-05:00,38.95000076293945,39.099998474121094,37.029998779296875,37.2599983215332,14168100,0.0,0.0
2025-01-02 00:00:00-05:00,38.540000915527344,39.70000076293945,37.349998474121094,39.439998626708984,18993300,0.0,0.0
2025-01-03 00:00:00-05:00,39.779998779296875,41.380001068115234,39.02399826049805,41.349998474121094,19978800,0.0,0.0
2025-01-06 00:00:00-05:00,42.11000061035156,43.119998931884766,41.459999084472656,42.709999084472656,22219300,0.0,0.0
2025-01-07 00:00:00-05:00,42.33000183105469,43.1879997253418,39.8650016784668,40.560001373291016,17649200,0.0,0.0
2025-01-08 00:00:00-05:00,40.255001068115234,40.83000183105469,39.209999084472656,40.810001373291016,14022200,0.0,0.0
2025-01-10 00:00:00-05:00,40.06999969482422,40.529998779296875,38.779998779296875,40.08000183105469,13972900,0.0,0.0
2025-01-13 00:00:00-05:00,39.0099983215332,39.797000885009766,38.41999816894531,39.59000015258789,13763100,0.0,0.0
2025-01-14 00:00:00-05:00,41.79999923706055,43.77000045776367,41.279998779296875,41.7599983215332,32498800,0.0,0.0
2025-01-15 00:00:00-05:00,43.9900016784668,46.220001220703125,43.643001556396484,45.560001373291016,32265300,0.0,0.0
2025-01-16 00:00:00-05:00,45.61000061035156,46.849998474121094,45.25,46.08000183105469,18649700,0.0,0.0
2025-01-17 00:00:00-05:00,47.7400016784668,49.27000045776367,46.970001220703125,48.150001525878906,35226600,0.0,0.0
2025-01-21 00:00:00-05:00,49.93000030517578,50.63999938964844,48.150001525878906,50.0,29947100,0.0,0.0
2025-01-22 00:00:00-05:00,50.209999084472656,51.09000015258789,49.720001220703125,50.15999984741211,20153200,0.0,0.0
2025-01-23 00:00:00-05:00,49.38999938964844,50.90999984741211,49.2599983215332,50.36000061035156,16838700,0.0,0.0
2025-01-24 00:00:00-05:00,50.90999984741211,52.060001373291016,50.599998474121094,51.119998931884766,19901100,0.0,0.0
2025-01-27 00:00:00-05:00,48.33000183105469,50.14500045776367,46.65999984741211,47.7400016784668,29648700,0.0,0.0
2025-01-28 00:00:00-05:00,47.89799880981445,49.79999923706055,47.01100158691406,49.400001525878906,17600400,0.0,0.0
2025-01-29 00:00:00-05:00,48.81999969482422,51.709999084472656,48.599998474121094,51.150001525878906,17767600,0.0,0.0
2025-01-30 00:00:00-05:00,51.959999084472656,53.5099983215332,51.066001892089844,53.0,16825700,0.0,0.0
2025-01-31 00:00:00-05:00,53.2599983215332,53.4900016784668,51.6349983215332,51.95000076293945,14290800,0.0,0.0
2025-02-03 00:00:00-05:00,48.4900016784668,52.31999969482422,48.08000183105469,51.900001525878906,19031800,0.0,0.0
2025-02-04 00:00:00-05:00,52.0,53.310001373291016,51.540000915527344,52.58000183105469,17469600,0.0,0.0
2025-02-05 00:00:00-05:00,52.31999969482422,54.33000183105469,52.209999084472656,54.20000076293945,16616600,0.0,0.0
2025-02-06 00:00:00-05:00,54.79999923706055,54.880001068115234,52.15999984741211,53.16999816894531,15893900,0.0,0.0
2025-02-07 00:00:00-05:00,54.38999938964844,55.97999954223633,54.11000061035156,55.86000061035156,25050300,0.0,0.0
2025-02-10 00:00:00-05:00,57.18000030517578,57.27000045776367,55.54999923706055,56.27000045776367,23555900,0.0,0.0
2025-02-11 00:00:00-05:00,55.900001525878906,55.9900016784668,53.279998779296875,53.34000015258789,24210900,0.0,0.0
2025-02-12 00:00:00-05:00,53.16999816894531,56.7400016784668,52.650001525878906,55.90999984741211,48482700,0.0,0.0
2025-02-13 00:00:00-05:00,62.09000015258789,66.91000366210938,61.20000076293945,63.79999923706055,77989700,0.0,0.0
2025-02-14 00:00:00-05:00,63.30500030517578,66.08000183105469,61.72100067138672,65.27999877929688,39353300,0.0,0.0
2025-02-18 00:00:00-05:00,65.20999908447266,65.5780029296875,59.9010009765625,60.439998626708984,42371200,0.0,0.0
2025-02-19 00:00:00-05:00,61.09000015258789,61.9109992980957,58.650001525878906,59.22999954223633,26252600,0.0,0.0
2025-02-20 00:00:00-05:00,59.09000015258789,59.099998474121094,54.22999954223633,56.060001373291016,36348800,0.0,0.0
2025-02-21 00:00:00-05:00,57.869998931884766,57.869998931884766,51.439998626708984,51.599998474121094,33697500,0.0,0.0
2025-02-24 00:00:00-05:00,52.2400016784668,52.560001373291016,47.970001220703125,49.93000030517578,40671100,0.0,0.0
2025-02-25 00:00:00-05:00,47.5099983215332,48.84000015258789,44.02000045776367,45.91999816894531,59731300,0.0,0.0
2025-02-26 00:00:00-05:00,47.310001373291016,50.52000045776367,46.540000915527344,48.849998474121094,43151500,0.0,0.0
2025-02-27 00:00:00-05:00,51.7599983215332,52.93000030517578,48.41999816894531,48.779998779296875,48033000,0.0,0.0
2025-02-28 00:00:00-05:00,48.185001373291016,51.16999816894531,47.40999984741211,50.099998474121094,46083500,0.0,0.0
2025-03-03 00:00:00-05:00,54.720001220703125,54.84000015258789,46.68000030517578,46.88999938964844,52710100,0.0,0.0
2025-03-04 00:00:00-05:00,45.189998626708984,48.27000045776367,42.13999938964844,46.220001220703125,62405400,0.0,0.0
2025-03-05 00:00:00-05:00,46.70000076293945,48.290000915527344,44.91999816894531,48.119998931884766,33830100,0.0,0.0
2025-03-06 00:00:00-05:00,46.22999954223633,48.790000915527344,44.65999984741211,44.84000015258789,40627600,0.0,0.0
2025-03-07 00:00:00-05:00,43.63999938964844,45.369998931884766,40.95000076293945,44.41999816894531,53582200,0.0,0.0
2025-03-10 00:00:00-04:00,40.92499923706055,41.196998596191406,35.22999954223633,35.630001068115234,89410600,0.0,0.0
2025-03-11 00:00:00-04:00,36.19499969482422,38.349998474121094,35.56999969482422,36.36000061035156,69609300,0.0,0.0
2025-03-12 00:00:00-04:00,38.9900016784668,39.67100143432617,36.85100173950195,38.91999816894531,50844300,0.0,0.0
2025-03-13 00:00:00-04:00,38.27000045776367,38.68000030517578,35.90999984741211,36.02000045776367,47786300,0.0,0.0
2025-03-14 00:00:00-04:00,37.400001525878906,39.459999084472656,37.0099983215332,39.2400016784668,37821400,0.0,0.0
2025-03-17 00:00:00-04:00,39.349998474121094,42.91999816894531,38.959999084472656,42.02000045776367,45895500,0.0,0.0
2025-03-18 00:00:00-04:00,40.79999923706055,41.560001373291016,38.849998474121094,40.099998474121094,44644600,0.0,0.0
2025-03-19 00:00:00-04:00,40.775001525878906,43.84000015258789,40.17599868774414,42.79999923706055,56447100,0.0,0.0
2025-03-20 00:00:00-04:00,42.20000076293945,44.2400016784668,41.93000030517578,43.65999984741211,49146600,0.0,0.0
2025-03-21 00:00:00-04:00,41.95000076293945,44.72999954223633,41.5,44.36000061035156,43674200,0.0,0.0
2025-03-24 00:00:00-04:00,46.400001525878906,48.9900016784668,46.099998474121094,48.36000061035156,50762000,0.0,0.0
2025-03-25 00:00:00-04:00,48.75,49.880001068115234,47.20000076293945,48.150001525878906,43367900,0.0,0.0
2025-03-26 00:00:00-04:00,47.97999954223633,48.0,43.79999923706055,44.72999954223633,44462500,0.0,0.0
2025-03-27 00:00:00-04:00,44.11000061035156,45.59000015258789,43.2400016784668,43.9900016784668,51945500,0.0,0.0
2025-03-28 00:00:00-04:00,42.689998626708984,43.06999969482422,40.56999969482422,41.91999816894531,44330400,0.0,0.0
2025-03-31 00:00:00-04:00,39.775001525878906,41.95000076293945,38.8380012512207,41.619998931884766,40954800,0.0,0.0
2025-04-01 00:00:00-04:00,41.79999923706055,43.369998931884766,40.61000061035156,42.15999984741211,42942700,0.0,0.0
2025-04-02 00:00:00-04:00,40.689998626708984,43.5989990234375,40.54999923706055,42.68000030517578,44551400,0.0,0.0
2025-04-03 00:00:00-04:00,37.974998474121094,39.88999938964844,37.439998626708984,38.2599983215332,62216600,0.0,0.0
2025-04-04 00:00:00-04:00,35.625,36.25,31.59000015258789,34.5099983215332,80694700,0.0,0.0
2025-04-07 00:00:00-04:00,30.67300033569336,37.108001708984375,29.65999984741211,35.40999984741211,81135600,0.0,0.0
2025-04-08 00:00:00-04:00,37.1349983215332,37.849998474121094,33.084999084472656,34.16999816894531,63299900,0.0,0.0
2025-04-09 00:00:00-04:00,33.709999084472656,42.68000030517578,33.54999923706055,42.209999084472656,88299900,0.0,0.0
2025-04-10 00:00:00-04:00,40.29999923706055,42.130001068115234,37.779998779296875,40.5099983215332,64055500,0.0,0.0
2025-04-11 00:00:00-04:00,40.73500061035156,43.790000915527344,40.08000183105469,43.68000030517578,51352100,0.0,0.0
2025-04-14 00:00:00-04:00,45.0099983215332,45.09000015258789,42.5099983215332,44.13999938964844,45143500,0.0,0.0
2025-04-15 00:00:00-04:00,44.189998626708984,45.560001373291016,43.6870002746582,44.08000183105469,30788300,0.0,0.0
2025-04-16 00:00:00-04:00,41.86000061035156,43.13999938964844,40.06999969482422,40.65999984741211,46736500,0.0,0.0
2025-04-17 00:00:00-04:00,41.029998779296875,41.75,40.119998931884766,41.18000030517578,23940000,0.0,0.0
2025-04-21 00:00:00-04:00,40.72999954223633,41.558998107910156,39.209999084472656,39.849998474121094,27727700,0.0,0.0
2025-04-22 00:00:00-04:00,41.029998779296875,43.369998931884766,40.8120002746582,42.09000015258789,39232000,0.0,0.0
2025-04-23 00:00:00-04:00,45.29999923706055,47.220001220703125,44.27000045776367,44.65999984741211,48982800,0.0,0.0
2025-04-24 00:00:00-04:00,45.09000015258789,48.279998779296875,44.959999084472656,48.150001525878906,42991300,0.0,0.0
2025-04-25 00:00:00-04:00,48.900001525878906,49.9900016784668,48.47999954223633,49.45000076293945,34624100,0.0,0.0
2025-04-28 00:00:00-04:00,50.52000045776367,51.06999969482422,47.7400016784668,48.93000030517578,35081000,0.0,0.0
2025-04-29 00:00:00-04:00,49.439998626708984,49.880001068115234,48.459999084472656,49.369998931884766,28708400,0.0,0.0
2025-04-30 00:00:00-04:00,46.40999984741211,49.900001525878906,46.18000030517578,49.11000061035156,49380900,0.0,0.0
2025-05-01 00:00:00-04:00,51.125,51.29999923706055,46.529998779296875,46.619998931884766,88530700,0.0,0.0
2025-05-02 00:00:00-04:00,46.775001525878906,50.06999969482422,46.709999084472656,48.59000015258789,59187300,0.0,0.0
2025-05-05 00:00:00-04:00,47.209999084472656,48.34000015258789,45.560001373291016,48.04999923706055,37137900,0.0,0.0
2025-05-06 00:00:00-04:00,46.32500076293945,48.880001068115234,45.82500076293945,48.689998626708984,31103100,0.0,0.0
2025-05-07 00:00:00-04:00,48.849998474121094,50.5099983215332,48.31999969482422,49.9900016784668,38651800,0.0,0.0
2025-05-08 00:00:00-04:00,51.729000091552734,54.84000015258789,51.61000061035156,54.06999969482422,49440000,0.0,0.0
2025-05-09 00:00:00-04:00,54.939998626708984,56.314998626708984,53.742000579833984,54.650001525878906,44325500,0.0,0.0
2025-05-12 00:00:00-04:00,59.18000030517578,59.33000183105469,55.888999938964844,57.43000030517578,41385900,0.0,0.0
2025-05-13 00:00:00-04:00,58.91999816894531,63.415000915527344,58.81999969482422,62.56999969482422,57297900,0.0,0.0
2025-05-14 00:00:00-04:00,62.375,63.779998779296875,61.09000015258789,61.38999938964844,41568200,0.0,0.0
2025-05-15 00:00:00-04:00,60.30500030517578,60.83000183105469,57.68000030517578,60.68000030517578,36789200,0.0,0.0
2025-05-16 00:00:00-04:00,60.904998779296875,62.13999938964844,60.459999084472656,61.7599983215332,24538700,0.0,0.0
2025-05-19 00:00:00-04:00,59.85499954223633,64.36000061035156,59.68000030517578,64.2699966430664,34290800,0.0,0.0
2025-05-20 00:00:00-04:00,64.04000091552734,65.27999877929688,63.349998474121094,64.91000366210938,31331800,0.0,0.0
2025-05-21 00:00:00-04:00,64.05999755859375,66.88999938964844,63.31999969482422,63.86000061035156,40230100,0.0,0.0
2025-05-22 00:00:00-04:00,64.88999938964844,65.875,63.75,64.7699966430664,27235000,0.0,0.0
2025-05-23 00:00:00-04:00,62.849998474121094,64.45999908447266,62.63199996948242,63.16999816894531,28585500,0.0,0.0
2025-05-27 00:00:00-04:00,64.95999908447266,67.12999725341797,63.83000183105469,66.0199966430664,29735900,0.0,0.0
2025-05-28 00:00:00-04:00,66.13999938964844,66.61000061035156,64.80999755859375,65.13999938964844,17994200,0.0,0.0
2025-05-29 00:00:00-04:00,66.32499694824219,66.53500366210938,63.630001068115234,63.95000076293945,21300500,0.0,0.0
2025-05-30 00:00:00-04:00,63.59000015258789,66.48999786376953,62.91999816894531,66.1500015258789,35691700,0.0,0.0
2025-06-02 00:00:00-04:00,66.02999877929688,68.19999694824219,65.37999725341797,67.9800033569336,30252600,0.0,0.0
2025-06-03 00:00:00-04:00,69.9000015258789,72.72000122070312,69.05999755859375,71.72000122070312,43343500,0.0,0.0
2025-06-04 00:00:00-04:00,72.95999908447266,73.0,71.12999725341797,72.2699966430664,31915100,0.0,0.0
2025-06-05 00:00:00-04:00,73.55000305175781,76.75,71.19999694824219,72.51000213623047,64664700,0.0,0.0
2025-06-06 00:00:00-04:00,74.5999984741211,77.80000305175781,73.0999984741211,74.87999725341797,66229100,0.0,0.0
2025-06-09 00:00:00-04:00,72.05999755859375,73.7300033569336,68.55999755859375,73.4000015258789,65748800,0.0,0.0
2025-06-10 00:00:00-04:00,73.23999786376953,74.63999938964844,70.75,72.51000213623047,39178600,0.0,0.0
2025-06-11 00:00:00-04:00,73.05000305175781,75.38999938964844,72.31999969482422,74.87999725341797,34056700,0.0,0.0
2025-06-12 00:00:00-04:00,73.5260009765625,75.58999633789062,73.2300033569336,73.83999633789062,22611100,0.0,0.0
2025-06-13 00:00:00-04:00,72.0,74.81999969482422,71.69000244140625,72.5999984741211,27789300,0.0,0.0
2025-06-16 00:00:00-04:00,73.69999694824219,76.87999725341797,73.36000061035156,76.75,27114900,0.0,0.0
2025-06-17 00:00:00-04:00,76.11000061035156,77.05000305175781,72.86000061035156,74.94999694824219,26677500,0.0,0.0
2025-06-18 00:00:00-04:00,75.16999816894531,78.73999786376953,74.54000091552734,78.3499984741211,36185600,0.0,0.0
2025-06-20 00:00:00-04:00,78.47000122070312,79.37999725341797,75.79000091552734,78.5,37245800,0.0,0.0
2025-06-23 00:00:00-04:00,77.86000061035156,79.04499816894531,74.38999938964844,76.3499984741211,35289900,0.0,0.0
2025-06-24 00:00:00-04:00,77.9000015258789,82.2699966430664,76.83000183105469,82.01000213623047,42266600,0.0,0.0
2025-06-25 00:00:00-04:00,84.94000244140625,85.55000305175781,81.9000015258789,82.75,38974900,0.0,0.0
2025-06-26 00:00:00-04:00,83.41000366210938,84.80000305175781,82.52999877929688,84.5199966430664,25222500,0.0,0.0
2025-06-27 00:00:00-04:00,84.65499877929688,84.87999725341797,81.91999816894531,83.02999877929688,37005900,0.0,0.0
2025-06-30 00:00:00-04:00,85.6500015258789,94.23999786376953,85.5,93.62999725341797,101945000,0.0,0.0
2025-07-01 00:00:00-04:00,95.01200103759766,99.18000030517578,89.69999694824219,92.33000183105469,121171500,0.0,0.0
2025-07-02 00:00:00-04:00,91.25,100.87999725341797,90.9000015258789,97.9800033569336,113204200,0.0,0.0
2025-07-03 00:00:00-04:00,95.48999786376953,95.6500015258789,92.11000061035156,94.4000015258789,56373800,0.0,0.0
2025-07-07 00:00:00-04:00,93.58999633789062,95.69999694824219,91.25,93.45999908447266,49466000,0.0,0.0
2025-07-08 00:00:00-04:00,95.4000015258789,98.04000091552734,90.69999694824219,91.2699966430664,59808300,0.0,0.0
2025-07-09 00:00:00-04:00,92.91000366210938,94.6500015258789,91.74099731445312,94.54000091552734,42206400,0.0,0.0
2025-07-10 00:00:00-04:00,95.9000015258789,98.76000213623047,93.54100036621094,98.69999694824219,50119500,0.0,0.0
2025-07-11 00:00:00-04:00,97.5,101.5,97.33000183105469,98.33999633789062,60338900,0.0,0.0
2025-07-14 00:00:00-04:00,100.87000274658203,101.88999938964844,98.9000015258789,99.95999908447266,47356300,0.0,0.0
2025-07-15 00:00:00-04:00,99.01000213623047,101.26000213623047,97.16000366210938,99.54000091552734,45879400,0.0,0.0
2025-07-16 00:00:00-04:00,100.0199966430664,104.62000274658203,99.69999694824219,103.25,54557800,0.0,0.0
2025-07-17 00:00:00-04:00,103.53500366210938,106.63999938964844,102.72000122070312,105.44999694824219,39114400,0.0,0.0
2025-07-18 00:00:00-04:00,109.75,113.43900299072266,106.94999694824219,109.73999786376953,74033300,0.0,0.0
2025-07-21 00:00:00-04:00,109.0,110.30999755859375,104.06999969482422,104.33999633789062,46430600,0.0,0.0
2025-07-22 00:00:00-04:00,103.70999908447266,105.93000030517578,98.75,101.8499984741211,44667400,0.0,0.0
2025-07-23 00:00:00-04:00,102.12999725341797,102.68000030517578,100.54000091552734,102.08000183105469,33805200,0.0,0.0
2025-07-24 00:00:00-04:00,103.0,103.04000091552734,100.31999969482422,101.93000030517578,26698100,0.0,0.0
2025-07-25 00:00:00-04:00,101.54499816894531,106.38999938964844,101.05000305175781,104.8499984741211,35637800,0.0,0.0
2025-07-28 00:00:00-04:00,105.83999633789062,107.12999725341797,104.66000366210938,106.7699966430664,30578400,0.0,0.0
2025-07-29 00:00:00-04:00,106.61000061035156,107.41999816894531,103.0,103.31999969482422,30568000,0.0,0.0
2025-07-30 00:00:00-04:00,103.8499984741211,107.45999908447266,103.3499984741211,106.0999984741211,39913500,0.0,0.0
2025-07-31 00:00:00-04:00,103.86499786376953,109.05999755859375,101.06999969482422,103.05000305175781,58057600,0.0,0.0
2025-08-01 00:00:00-04:00,97.80000305175781,104.58999633789062,93.36000061035156,99.9000015258789,76745100,0.0,0.0
2025-08-04 00:00:00-04:00,101.22899627685547,106.79000091552734,97.15299987792969,106.37000274658203,46466000,0.0,0.0
2025-08-05 00:00:00-04:00,105.97000122070312,107.30000305175781,103.22000122070312,105.45999908447266,33460900,0.0,0.0
2025-08-06 00:00:00-04:00,104.50499725341797,105.9000015258789,101.18000030517578,105.6500015258789,33023500,0.0,0.0
2025-08-07 00:00:00-04:00,107.88999938964844,112.63400268554688,107.4000015258789,111.2300033569336,44736000,0.0,0.0
2025-08-08 00:00:00-04:00,111.5,117.0,110.9000015258789,114.62999725341797,41905700,0.0,0.0
2025-08-11 00:00:00-04:00,116.22000122070312,117.47000122070312,113.38999938964844,113.62000274658203,36942300,0.0,0.0
2025-08-12 00:00:00-04:00,115.04000091552734,117.69999694824219,113.18000030517578,114.08999633789062,31461900,0.0,0.0
2025-08-13 00:00:00-04:00,115.6500015258789,116.4000015258789,107.27999877929688,108.62000274658203,54719700,0.0,0.0
2025-08-14 00:00:00-04:00,107.87999725341797,111.45999908447266,106.30999755859375,110.70999908447266,34395300,0.0,0.0
2025-08-15 00:00:00-04:00,110.7300033569336,114.36000061035156,108.61000061035156,114.16999816894531,32215900,0.0,0.0
2025-08-18 00:00:00-04:00,113.0,115.08999633789062,109.77999877929688,115.0199966430664,35579200,0.0,0.0
2025-08-19 00:00:00-04:00,116.12000274658203,117.45999908447266,106.5,107.5,49635700,0.0,0.0
2025-08-20 00:00:00-04:00,106.66500091552734,107.9800033569336,99.0,105.33999633789062,56515300,0.0,0.0
2025-08-21 00:00:00-04:00,105.02999877929688,108.20999908447266,104.3499984741211,106.30000305175781,34679000,0.0,0.0
2025-08-22 00:00:00-04:00,105.52999877929688,111.88300323486328,103.80000305175781,109.31999969482422,39922200,0.0,0.0
2025-08-25 00:00:00-04:00,108.48999786376953,109.8499984741211,105.94999694824219,107.94000244140625,29478100,0.0,0.0
2025-08-26 00:00:00-04:00,106.8499984741211,109.36000061035156,105.12000274658203,108.80000305175781,27361000,0.0,0.0
2025-08-27 00:00:00-04:00,108.69000244140625,109.2699966430664,102.80999755859375,102.91999816894531,35942700,0.0,0.0
2025-08-28 00:00:00-04:00,104.0,105.4000015258789,102.76000213623047,103.69000244140625,26059100,0.0,0.0
2025-08-29 00:00:00-04:00,102.83999633789062,104.4000015258789,101.93000030517578,104.02999877929688,22269200,0.0,0.0
2025-09-02 00:00:00-04:00,100.33999633789062,101.9000015258789,97.9000015258789,100.83999633789062,40899100,0.0,0.0
2025-09-03 00:00:00-04:00,101.58999633789062,102.69000244140625,99.41000366210938,100.81999969482422,24194800,0.0,0.0
2025-09-04 00:00:00-04:00,100.75,104.75,100.5999984741211,102.91000366210938,30626300,0.0,0.0
2025-09-05 00:00:00-04:00,104.9800033569336,106.02999877929688,95.66000366210938,101.25,62538400,0.0,0.0
2025-09-08 00:00:00-04:00,110.62999725341797,117.30000305175781,110.12000274658203,117.27999877929688,102382400,0.0,0.0
2025-09-09 00:00:00-04:00,116.52999877929688,118.69999694824219,113.76000213623047,118.5,51536300,0.0,0.0
2025-09-10 00:00:00-04:00,120.83000183105469,123.44000244140625,116.69000244140625,117.45999908447266,46671200,0.0,0.0
2025-09-11 00:00:00-04:00,117.87999725341797,121.69000244140625,117.37000274658203,117.75,35760900,0.0,0.0
2025-09-12 00:00:00-04:00,117.93000030517578,118.56999969482422,114.05000305175781,115.02999877929688,37245800,0.0,0.0
2025-09-15 00:00:00-04:00,115.34500122070312,116.52999877929688,112.42500305175781,114.83000183105469,36787500,0.0,0.0
2025-09-16 00:00:00-04:00,115.05999755859375,118.12999725341797,113.79000091552734,117.37999725341797,36628500,0.0,0.0
2025-09-17 00:00:00-04:00,117.08999633789062,119.12999725341797,114.88999938964844,118.63999938964844,34516600,0.0,0.0
2025-09-18 00:00:00-04:00,120.08000183105469,124.36000061035156,119.85900115966797,120.91000366210938,35865100,0.0,0.0
2025-09-19 00:00:00-04:00,121.69999694824219,125.18000030517578,121.0,124.77999877929688,202388400,0.0,0.0
2025-09-22 00:00:00-04:00,123.625,126.63999938964844,122.19999694824219,124.88999938964844,33482600,0.0,0.0
2025-09-23 00:00:00-04:00,125.41000366210938,127.77999877929688,124.06999969482422,126.19999694824219,28923500,0.0,0.0
2025-09-24 00:00:00-04:00,127.51499938964844,130.07000732421875,125.0,126.80000305175781,26956400,0.0,0.0
2025-09-25 00:00:00-04:00,123.33000183105469,125.80000305175781,120.62000274658203,122.6500015258789,32876000,0.0,0.0
2025-09-26 00:00:00-04:00,124.18000030517578,125.05999755859375,120.45999908447266,121.77999877929688,25714800,0.0,0.0
2025-09-29 00:00:00-04:00,123.77999877929688,136.83999633789062,123.77999877929688,136.72000122070312,62109900,0.0,0.0
2025-09-30 00:00:00-04:00,135.6699981689453,143.6199951171875,135.57000732421875,143.17999267578125,50851200,0.0,0.0
2025-10-01 00:00:00-04:00,141.25999450683594,143.1699981689453,137.77999877929688,139.13999938964844,34759600,0.0,0.0
2025-10-02 00:00:00-04:00,142.77999877929688,146.6999969482422,140.14999389648438,145.6999969482422,34579900,0.0,0.0
2025-10-03 00:00:00-04:00,146.82000732421875,150.2100067138672,145.22999572753906,148.6699981689453,34531700,0.0,0.0
2025-10-06 00:00:00-04:00,153.0,153.86000061035156,144.11900329589844,144.25999450683594,28117000,0.0,0.0
2025-10-07 00:00:00-04:00,146.3300018310547,147.1199951171875,141.25999450683594,145.0,24867400,0.0,0.0
2025-10-08 00:00:00-04:00,146.11000061035156,151.35000610351562,144.5500030517578,150.8699951171875,23927600,0.0,0.0
2025-10-09 00:00:00-04:00,150.50999450683594,153.0800018310547,147.3000030517578,152.4600067138672,19633000,0.0,0.0
2025-10-10 00:00:00-04:00,151.5050048828125,153.55999755859375,138.94000244140625,138.9600067138672,41634300,0.0,0.0
2025-10-13 00:00:00-04:00,144.6199951171875,146.55999755859375,136.52000427246094,140.67999267578125,28260800,0.0,0.0
2025-10-14 00:00:00-04:00,136.72000122070312,141.2100067138672,133.0500030517578,134.9499969482422,31171000,0.0,0.0
2025-10-15 00:00:00-04:00,138.09500122070312,139.64999389648438,133.53500366210938,134.14999389648438,22187000,0.0,0.0
2025-10-16 00:00:00-04:00,135.3800048828125,137.47999572753906,130.57000732421875,131.44000244140625,23359400,0.0,0.0
2025-10-17 00:00:00-04:00,128.16000366210938,131.2050018310547,125.5999984741211,129.91000366210938,25237100,0.0,0.0
2025-10-20 00:00:00-04:00,133.4250030517578,140.197998046875,132.89999389648438,135.8000030517578,27605900,0.0,0.0
2025-10-21 00:00:00-04:00,135.2899932861328,135.30999755859375,131.35000610351562,131.83999633789062,19498300,0.0,0.0
2025-10-22 00:00:00-04:00,131.6300048828125,132.36000061035156,120.87999725341797,127.22000122070312,37786900,0.0,0.0
2025-10-23 00:00:00-04:00,128.27999877929688,135.57000732421875,127.27999877929688,134.3300018310547,24591100,0.0,0.0
2025-10-24 00:00:00-04:00,137.99000549316406,142.1999969482422,137.10000610351562,139.7899932861328,24330400,0.0,0.0
2025-10-27 00:00:00-04:00,144.99000549316406,149.1999969482422,143.17999267578125,145.86000061035156,25833300,0.0,0.0
2025-10-28 00:00:00-04:00,146.0,148.11000061035156,145.6300048828125,146.25,13446700,0.0,0.0
2025-10-29 00:00:00-04:00,146.0,147.72000122070312,142.74000549316406,144.8000030517578,19792600,0.0,0.0
2025-10-30 00:00:00-04:00,142.38999938964844,144.14999389648438,137.25,138.07000732421875,19706900,0.0,0.0
2025-10-31 00:00:00-04:00,143.60000610351562,150.47000122070312,143.3000030517578,146.77999877929688,26028100,0.0,0.0
2025-11-03 00:00:00-05:00,148.7899932861328,149.41200256347656,142.5,147.0800018310547,17187600,0.0,0.0
2025-11-04 00:00:00-05:00,139.8699951171875,144.39999389648438,136.6300048828125,136.8000030517578,26617700,0.0,0.0
2025-11-05 00:00:00-05:00,139.63499450683594,144.77000427246094,135.50999450683594,142.47999572753906,32318500,0.0,0.0
2025-11-06 00:00:00-05:00,140.0,140.16000366210938,126.1500015258789,127.08000183105469,50477800,0.0,0.0
2025-11-07 00:00:00-05:00,123.76599884033203,132.1999969482422,120.69999694824219,130.36000061035156,44897800,0.0,0.0
2025-11-10 00:00:00-05:00,135.4499969482422,138.99000549316406,131.64999389648438,135.8800048828125,30980500,0.0,0.0
2025-11-11 00:00:00-05:00,133.99000549316406,134.66700744628906,130.89999389648438,131.92999267578125,17218400,0.0,0.0
2025-11-12 00:00:00-05:00,133.3300018310547,133.83999633789062,128.3300018310547,132.97999572753906,22044600,0.0,0.0
2025-11-13 00:00:00-05:00,129.8699951171875,130.14999389648438,119.47000122070312,121.52999877929688,36727300,0.0,0.0
2025-11-14 00:00:00-05:00,115.1500015258789,126.5,114.0,122.5,32063800,0.0,0.0
2025-11-17 00:00:00-05:00,120.49500274658203,120.9800033569336,112.41999816894531,115.97000122070312,40078600,0.0,0.0
2025-11-18 00:00:00-05:00,113.91000366210938,116.97100067138672,112.3499984741211,114.30000305175781,28581100,0.0,0.0
2025-11-19 00:00:00-05:00,114.73999786376953,119.19999694824219,113.55000305175781,118.16000366210938,25278800,0.0,0.0
2025-11-20 00:00:00-05:00,121.62999725341797,122.62999725341797,105.23500061035156,106.20999908447266,42907300,0.0,0.0
2025-11-21 00:00:00-05:00,107.83999633789062,109.98999786376953,102.0999984741211,107.30000305175781,40155600,0.0,0.0
2025-11-24 00:00:00-05:00,109.91500091552734,115.72000122070312,108.63999938964844,114.97000122070312,30736500,0.0,0.0
2025-11-25 00:00:00-05:00,112.46499633789062,116.80999755859375,109.19000244140625,115.56999969482422,22078800,0.0,0.0
2025-11-26 00:00:00-05:00,121.33000183105469,128.89999389648438,120.86000061035156,128.1999969482422,47127600,0.0,0.0
2025-11-28 00:00:00-05:00,128.0749969482422,129.9499969482422,127.1500015258789,128.49000549316406,12783400,0.0,0.0
2025-12-01 00:00:00-05:00,123.44999694824219,125.29000091552734,118.86000061035156,123.23999786376953,31467300,0.0,0.0
2025-12-02 00:00:00-05:00,125.25,129.17999267578125,124.51000213623047,125.94999694824219,25394800,0.0,0.0
2025-12-03 00:00:00-05:00,126.0999984741211,134.33999633789062,124.4000015258789,133.63999938964844,25004500,0.0,0.0
2025-12-04 00:00:00-05:00,133.2100067138672,137.36000061035156,132.77000427246094,137.0800018310547,20572100,0.0,0.0
2025-12-05 00:00:00-05:00,135.05999755859375,135.24000549316406,129.9600067138672,131.9499969482422,23123000,0.0,0.0
2025-12-08 00:00:00-05:00,134.10000610351562,138.08999633789062,132.0019989013672,136.42999267578125,22593100,0.0,0.0
2025-12-09 00:00:00-05:00,134.5,139.75,133.57000732421875,135.7100067138672,18948200,0.0,0.0
2025-12-10 00:00:00-05:00,135.25999450683594,137.4600067138672,133.42999267578125,135.66000366210938,18232100,0.0,0.0
2025-12-11 00:00:00-05:00,131.77499389648438,131.77499389648438,122.52999877929688,123.37999725341797,44624800,0.0,0.0
2025-12-12 00:00:00-05:00,125.33999633789062,125.6500015258789,117.83499908447266,119.5,31553300,0.0,0.0
2025-12-15 00:00:00-05:00,120.4000015258789,120.66000366210938,114.10099792480469,115.26000213623047,28422000,0.0,0.0
2025-12-16 00:00:00-05:00,116.69499969482422,120.69999694824219,115.76000213623047,119.4000015258789,21011900,0.0,0.0
2025-12-17 00:00:00-05:00,120.97000122070312,124.69999694824219,115.58999633789062,115.80000305175781,36270000,0.0,0.0
2025-12-18 00:00:00-05:00,121.87000274658203,124.25,117.05000305175781,117.16000366210938,24274300,0.0,0.0
2025-12-19 00:00:00-05:00,119.47000122070312,122.95999908447266,118.19999694824219,121.3499984741211,27580900,0.0,0.0
2025-12-22 00:00:00-05:00,123.51000213623047,124.55000305175781,121.06999969482422,122.37000274658203,16977000,0.0,0.0
2025-12-23 00:00:00-05:00,120.29499816894531,121.1500015258789,116.75,120.23999786376953,16953500,0.0,0.0
2025-12-24 00:00:00-05:00,119.95999908447266,120.66999816894531,118.5999984741211,120.44000244140625,7980700,0.0,0.0
2025-12-26 00:00:00-05:00,120.70999908447266,121.02999877929688,117.69999694824219,118.12999725341797,12959100,0.0,0.0
2025-12-29 00:00:00-05:00,116.88999938964844,118.94999694824219,116.0199966430664,117.43000030517578,15386400,0.0,0.0
2025-12-30 00:00:00-05:00,117.625,118.63600158691406,115.18000030517578,115.44999694824219,16471600,0.0,0.0
2025-12-31 00:00:00-05:00,114.83999633789062,115.6500015258789,112.8499984741211,113.0999984741211,15992200,0.0,0.0
2026-01-02 00:00:00-05:00,115.47799682617188,116.02999877929688,110.41000366210938,115.20999908447266,25793500,0.0,0.0
2026-01-05 00:00:00-05:00,117.91999816894531,123.41999816894531,117.55000305175781,123.23999786376953,26231000,0.0,0.0
2026-01-06 00:00:00-05:00,124.16000366210938,124.3499984741211,118.05000305175781,121.69999694824219,20349800,0.0,0.0
2026-01-07 00:00:00-05:00,120.05000305175781,120.0999984741211,116.55000305175781,116.97000122070312,18916800,0.0,0.0
2026-01-08 00:00:00-05:00,115.75,117.31999969482422,113.87000274658203,115.38999938964844,20102400,0.0,0.0
2026-01-09 00:00:00-05:00,116.9749984741211,118.2300033569336,114.88200378417969,115.2699966430664,18094800,0.0,0.0
2026-01-12 00:00:00-05:00,114.51000213623047,119.62000274658203,114.45500183105469,117.5199966430664,17111700,0.0,0.0
2026-01-13 00:00:00-05:00,117.4000015258789,120.43000030517578,116.0,120.23999786376953,20026100,0.0,0.0
2026-01-14 00:00:00-05:00,120.29000091552734,120.87999725341797,116.61000061035156,119.66999816894531,17838700,0.0,0.0
2026-01-15 00:00:00-05:00,119.61000061035156,119.87999725341797,110.12999725341797,110.3499984741211,33323900,0.0,0.0
2026-01-16 00:00:00-05:00,111.05000305175781,111.25,106.87999725341797,108.73999786376953,30258500,0.0,0.0
2026-01-20 00:00:00-05:00,105.0,108.3499984741211,104.44999694824219,105.77999877929688,23515700,0.0,0.0
2026-01-21 00:00:00-05:00,105.7249984741211,108.5,104.94999694824219,105.91999816894531,20051300,0.0,0.0
2026-01-22 00:00:00-05:00,107.4800033569336,108.08000183105469,105.0999984741211,106.25,14834400,0.0,0.0
2026-01-23 00:00:00-05:00,106.9000015258789,111.45999908447266,106.5,106.98999786376953,17691100,0.0,0.0
2026-01-26 00:00:00-05:00,106.26000213623047,108.48999786376953,104.83000183105469,107.0,11501600,0.0,0.0
2026-01-27 00:00:00-05:00,107.69999694824219,109.04900360107422,104.66000366210938,105.23999786376953,18339500,0.0,0.0
2026-01-28 00:00:00-05:00,105.29000091552734,107.25,103.0,103.4000015258789,22380200,0.0,0.0
2026-01-29 00:00:00-05:00,103.81999969482422,103.81999969482422,99.19999694824219,101.23999786376953,29463800,0.0,0.0
2026-01-30 00:00:00-05:00,102.73500061035156,104.30000305175781,98.37000274658203,99.4800033569336,23773100,0.0,0.0
2026-02-02 00:00:00-05:00,95.87999725341797,95.88500213623047,88.66999816894531,89.91000366210938,59741800,0.0,0.0
2026-02-03 00:00:00-05:00,90.0999984741211,90.3499984741211,84.93000030517578,87.06999969482422,36550000,0.0,0.0
2026-02-04 00:00:00-05:00,84.7699966430664,85.30000305175781,77.62000274658203,80.62000274658203,62547900,0.0,0.0
2026-02-05 00:00:00-05:00,77.66999816894531,79.41000366210938,71.87000274658203,72.68000030517578,56483100,0.0,0.0
2026-02-06 00:00:00-05:00,77.86000061035156,84.30000305175781,77.12000274658203,82.81999969482422,54593900,0.0,0.0
2026-02-09 00:00:00-05:00,84.87999725341797,88.5999984741211,82.83000183105469,86.55999755859375,41278100,0.0,0.0
2026-02-10 00:00:00-05:00,85.31500244140625,88.22000122070312,85.20999908447266,85.5999984741211,41823800,0.0,0.0
2026-02-11 00:00:00-05:00,77.875,79.9000015258789,74.25,77.97000122070312,68727600,0.0,0.0
2026-02-12 00:00:00-05:00,78.87000274658203,79.0,70.43000030517578,71.12000274658203,57569300,0.0,0.0
2026-02-13 00:00:00-05:00,72.46499633789062,77.07499694824219,71.5199966430664,75.97000122070312,43506900,0.0,0.0
2026-02-17 00:00:00-05:00,74.33999633789062,76.72000122070312,72.87000274658203,75.44000244140625,31818500,0.0,0.0
2026-02-18 00:00:00-05:00,74.79000091552734,78.26499938964844,74.05999755859375,75.20999908447266,25655400,0.0,0.0
2026-02-19 00:00:00-05:00,74.38999938964844,76.13999938964844,73.52999877929688,75.6500015258789,20780400,0.0,0.0
2026-02-20 00:00:00-05:00,75.19999694824219,78.08000183105469,75.12999725341797,76.11000061035156,30283900,0.0,0.0
2026-02-23 00:00:00-05:00,74.59500122070312,74.94999694824219,71.41999816894531,71.77999877929688,30422700,0.0,0.0
2026-02-24 00:00:00-05:00,70.91200256347656,73.87999725341797,69.22000122070312,73.38999938964844,23571800,0.0,0.0
2026-02-25 00:00:00-05:00,76.91000366210938,78.11299896240234,74.63999938964844,77.52999877929688,32366200,0.0,0.0
2026-02-26 00:00:00-05:00,76.93000030517578,79.56900024414062,76.44999694824219,79.44999694824219,22685800,0.0,0.0
2026-02-27 00:00:00-05:00,76.80000305175781,77.79000091552734,74.81999969482422,75.8499984741211,23485300,0.0,0.0
2026-03-02 00:00:00-05:00,73.48500061035156,79.54000091552734,73.0,78.77999877929688,26904700,0.0,0.0
2026-03-03 00:00:00-05:00,74.04000091552734,77.4000015258789,72.25,76.06999969482422,26929200,0.0,0.0
2026-03-04 00:00:00-05:00,79.5999984741211,83.8499984741211,79.58000183105469,82.20999908447266,38493800,0.0,0.0
2026-03-05 00:00:00-05:00,82.12000274658203,84.75,78.55000305175781,80.55999755859375,39868300,0.0,0.0
2026-03-06 00:00:00-05:00,77.91000366210938,79.0,76.37999725341797,77.08999633789062,28734400,0.0,0.0
2026-03-09 00:00:00-04:00,75.91999816894531,79.6500015258789,75.55000305175781,79.3499984741211,25186600,0.0,0.0
2026-03-10 00:00:00-04:00,80.20500183105469,80.75,77.66000366210938,78.52999877929688,22663600,0.0,0.0
2026-03-11 00:00:00-04:00,78.11000061035156,79.7699966430664,76.73500061035156,78.69000244140625,22677200,0.0,0.0
2026-03-12 00:00:00-04:00,77.33499908447266,77.81999969482422,75.06999969482422,76.12000274658203,22668300,0.0,0.0
2026-03-13 00:00:00-04:00,76.75,77.62999725341797,72.79499816894531,73.38999938964844,33417500,0.0,0.0
2026-03-16 00:00:00-04:00,75.0999984741211,75.80500030517578,74.11000061035156,75.30999755859375,22783400,0.0,0.0
2026-03-17 00:00:00-04:00,75.4000015258789,77.69999694824219,75.38999938964844,77.3499984741211,20210200,0.0,0.0
2026-03-18 00:00:00-04:00,76.12999725341797,77.25,74.83000183105469,74.9000015258789,21937600,0.0,0.0
2026-03-19 00:00:00-04:00,72.27999877929688,75.16000366210938,71.69999694824219,74.16000366210938,21552500,0.0,0.0
2026-03-20 00:00:00-04:00,73.0999984741211,73.41000366210938,69.9000015258789,70.88999938964844,34441100,0.0,0.0
2026-03-23 00:00:00-04:00,71.84600067138672,73.5999984741211,70.91999816894531,72.48999786376953,26070200,0.0,0.0
2026-03-24 00:00:00-04:00,71.51000213623047,71.83999633789062,68.57599639892578,69.08000183105469,29061200,0.0,0.0
2026-03-25 00:00:00-04:00,71.82499694824219,74.58999633789062,71.75,72.54000091552734,27500100,0.0,0.0
2026-03-26 00:00:00-04:00,71.1500015258789,73.23999786376953,69.69999694824219,70.3499984741211,21327000,0.0,0.0
2026-03-27 00:00:00-04:00,68.73500061035156,68.88999938964844,65.87200164794922,66.0199966430664,30222076,0.0,0.0
