Date,Open,High,Low,Close,Volume,Dividends,Stock Splits
2022-01-03 00:00:00-05:00,173.4499969482422,177.36000061035156,171.4499969482422,174.16000366210938,385500,0.0,0.0
2022-01-04 00:00:00-05:00,176.1999969482422,181.50999450683594,175.9600067138672,177.11000061035156,234500,0.0,0.0
2022-01-05 00:00:00-05:00,178.7899932861328,179.4499969482422,171.8000030517578,172.02000427246094,205500,0.0,0.0
2022-01-06 00:00:00-05:00,174.63999938964844,177.27999877929688,171.25999450683594,174.3800048828125,312900,0.0,0.0
2022-01-07 00:00:00-05:00,175.89999389648438,179.3000030517578,174.0,175.1699981689453,176600,0.0,0.0
2022-01-10 00:00:00-05:00,175.5500030517578,180.27000427246094,171.75999450683594,180.00999450683594,277400,0.0,0.0
2022-01-11 00:00:00-05:00,178.9199981689453,179.8800048828125,174.36000061035156,176.57000732421875,221600,0.0,0.0
2022-01-12 00:00:00-05:00,175.16000366210938,175.8300018310547,163.5500030517578,166.74000549316406,429700,0.0,0.0
2022-01-13 00:00:00-05:00,168.0,170.83999633789062,166.2100067138672,167.3699951171875,247500,0.0,0.0
2022-01-14 00:00:00-05:00,166.02000427246094,168.3000030517578,163.1300048828125,167.2100067138672,238000,0.0,0.0
2022-01-18 00:00:00-05:00,167.2100067138672,172.30999755859375,165.60000610351562,168.27000427246094,205700,0.0,0.0
2022-01-19 00:00:00-05:00,167.6999969482422,168.9600067138672,162.88999938964844,163.22999572753906,265600,0.0,0.0
2022-01-20 00:00:00-05:00,162.7100067138672,168.00999450683594,156.5,157.35000610351562,300600,0.0,0.0
2022-01-21 00:00:00-05:00,156.9499969482422,160.42999267578125,153.42999267578125,157.25,482300,0.0,0.0
2022-01-24 00:00:00-05:00,154.66000366210938,169.0800018310547,153.5,168.5800018310547,399600,0.0,0.0
2022-01-25 00:00:00-05:00,165.25999450683594,170.3000030517578,163.25,166.85000610351562,238500,0.0,0.0
2022-01-26 00:00:00-05:00,167.80999755859375,168.89999389648438,157.77000427246094,158.57000732421875,194200,0.0,0.0
2022-01-27 00:00:00-05:00,159.82000732421875,161.8800048828125,153.9600067138672,154.94000244140625,161000,0.0,0.0
2022-01-28 00:00:00-05:00,155.61000061035156,157.7899932861328,153.00999450683594,156.89999389648438,277900,0.0,0.0
2022-01-31 00:00:00-05:00,156.4600067138672,161.3300018310547,156.0800018310547,160.97000122070312,255400,0.0,0.0
2022-02-01 00:00:00-05:00,161.2899932861328,168.6999969482422,160.5,168.17999267578125,487500,0.0,0.0
2022-02-02 00:00:00-05:00,167.1300048828125,172.58999633789062,165.0,170.25,660000,0.0,0.0
2022-02-03 00:00:00-05:00,169.58999633789062,171.5,163.60000610351562,164.02999877929688,236900,0.0,0.0
2022-02-04 00:00:00-05:00,162.17999267578125,162.17999267578125,152.00999450683594,152.72000122070312,278600,0.0,0.0
2022-02-07 00:00:00-05:00,151.32000732421875,154.0,146.42999267578125,151.49000549316406,418000,0.0,0.0
2022-02-08 00:00:00-05:00,151.5800018310547,157.64999389648438,150.4499969482422,156.8300018310547,349000,0.0,0.0
2022-02-09 00:00:00-05:00,160.42999267578125,165.0,159.69000244140625,164.75999450683594,197200,0.0,0.0
2022-02-10 00:00:00-05:00,162.3300018310547,166.27000427246094,161.3000030517578,162.6699981689453,372000,0.0,0.0
2022-02-11 00:00:00-05:00,162.9499969482422,164.27999877929688,159.1999969482422,161.55999755859375,303500,0.0,0.0
2022-02-14 00:00:00-05:00,161.58999633789062,165.14999389648438,160.5800018310547,161.17999267578125,293000,0.0,0.0
2022-02-15 00:00:00-05:00,173.58999633789062,178.27000427246094,163.6999969482422,175.44000244140625,467800,0.0,0.0
2022-02-16 00:00:00-05:00,176.1999969482422,185.80999755859375,176.1999969482422,184.72999572753906,506700,0.0,0.0
2022-02-17 00:00:00-05:00,183.82000732421875,186.99000549316406,178.33999633789062,185.32000732421875,331300,0.0,0.0
2022-02-18 00:00:00-05:00,184.0,189.4199981689453,183.86000061035156,186.3300018310547,281300,0.0,0.0
2022-02-22 00:00:00-05:00,187.0,189.94000244140625,182.3300018310547,184.85000610351562,374000,0.0,0.0
2022-02-23 00:00:00-05:00,184.17999267578125,190.4499969482422,182.1199951171875,183.1699981689453,395000,0.0,0.0
2022-02-24 00:00:00-05:00,178.85000610351562,186.61000061035156,176.8800048828125,186.30999755859375,374800,0.0,0.0
2022-02-25 00:00:00-05:00,184.77000427246094,192.47999572753906,184.77000427246094,191.55999755859375,273300,0.0,0.0
2022-02-28 00:00:00-05:00,187.02999877929688,194.52000427246094,187.02999877929688,194.11000061035156,434000,0.0,0.0
2022-03-01 00:00:00-05:00,192.13999938964844,195.19000244140625,188.1999969482422,191.47000122070312,345400,0.0,0.0
2022-03-02 00:00:00-05:00,192.8300018310547,201.77000427246094,192.72000122070312,200.8800048828125,363400,0.0,0.0
2022-03-03 00:00:00-05:00,200.91000366210938,200.91000366210938,194.3000030517578,195.1300048828125,205100,0.0,0.0
2022-03-04 00:00:00-05:00,192.3000030517578,195.39999389648438,189.8300018310547,190.85000610351562,451000,0.0,0.0
2022-03-07 00:00:00-05:00,189.13999938964844,191.88999938964844,187.75,188.07000732421875,374400,0.0,0.0
2022-03-08 00:00:00-05:00,186.27999877929688,195.5800018310547,183.7899932861328,187.25999450683594,495900,0.0,0.0
2022-03-09 00:00:00-05:00,191.1300048828125,192.61000061035156,184.07000732421875,185.14999389648438,418300,0.0,0.0
2022-03-10 00:00:00-05:00,181.4199981689453,186.27999877929688,180.0,185.5500030517578,352400,0.0,0.0
2022-03-11 00:00:00-05:00,183.35000610351562,190.1199951171875,183.35000610351562,187.9499969482422,300600,0.0,0.0
2022-03-14 00:00:00-04:00,189.49000549316406,190.24000549316406,179.3800048828125,181.58999633789062,400900,0.0,0.0
2022-03-15 00:00:00-04:00,181.85000610351562,186.74000549316406,180.9499969482422,185.5,255000,0.0,0.0
2022-03-16 00:00:00-04:00,186.80999755859375,196.83999633789062,186.80999755859375,192.72999572753906,349100,0.0,0.0
2022-03-17 00:00:00-04:00,190.39999389648438,195.22999572753906,190.39999389648438,194.52000427246094,153000,0.0,0.0
2022-03-18 00:00:00-04:00,192.25,193.42999267578125,182.9600067138672,190.30999755859375,396700,0.0,0.0
2022-03-21 00:00:00-04:00,190.57000732421875,192.5,185.8800048828125,188.47000122070312,185600,0.0,0.0
2022-03-22 00:00:00-04:00,189.72999572753906,192.66000366210938,185.47000122070312,186.8000030517578,230600,0.0,0.0
2022-03-23 00:00:00-04:00,185.3000030517578,185.33999633789062,179.0399932861328,179.69000244140625,179300,0.0,0.0
2022-03-24 00:00:00-04:00,180.30999755859375,181.80999755859375,173.35000610351562,173.97000122070312,255100,0.0,0.0
2022-03-25 00:00:00-04:00,174.63999938964844,176.0,171.08999633789062,172.69000244140625,209000,0.0,0.0
2022-03-28 00:00:00-04:00,173.22000122070312,174.22999572753906,161.77999877929688,164.7100067138672,274200,0.0,0.0
2022-03-29 00:00:00-04:00,166.5399932861328,174.0,166.5399932861328,173.27999877929688,244100,0.0,0.0
2022-03-30 00:00:00-04:00,172.49000549316406,173.66000366210938,164.1300048828125,164.41000366210938,161200,0.0,0.0
2022-03-31 00:00:00-04:00,163.6999969482422,167.6300048828125,159.2899932861328,160.1999969482422,595100,0.0,0.0
2022-04-01 00:00:00-04:00,159.6199951171875,163.4199981689453,155.6699981689453,157.86000061035156,261900,0.0,0.0
2022-04-04 00:00:00-04:00,157.49000549316406,160.91000366210938,154.94000244140625,155.1199951171875,377700,0.0,0.0
2022-04-05 00:00:00-04:00,154.0,155.1699981689453,149.74000549316406,153.83999633789062,301700,0.0,0.0
2022-04-06 00:00:00-04:00,152.9600067138672,159.0,152.9600067138672,156.77999877929688,494300,0.0,0.0
2022-04-07 00:00:00-04:00,155.2100067138672,155.67999267578125,150.25999450683594,153.9499969482422,516400,0.0,0.0
2022-04-08 00:00:00-04:00,154.9499969482422,158.88999938964844,152.14999389648438,156.57000732421875,250700,0.0,0.0
2022-04-11 00:00:00-04:00,156.30999755859375,165.0,155.47000122070312,161.61000061035156,448200,0.0,0.0
2022-04-12 00:00:00-04:00,161.5800018310547,166.36000061035156,154.10000610351562,154.85000610351562,293900,0.0,0.0
2022-04-13 00:00:00-04:00,153.60000610351562,155.3800048828125,150.02999877929688,155.2100067138672,248700,0.0,0.0
2022-04-14 00:00:00-04:00,155.80999755859375,159.05999755859375,152.22999572753906,153.66000366210938,230600,0.0,0.0
2022-04-18 00:00:00-04:00,152.3699951171875,156.13999938964844,152.3699951171875,154.89999389648438,179400,0.0,0.0
2022-04-19 00:00:00-04:00,155.9499969482422,166.05999755859375,155.9499969482422,164.22000122070312,288000,0.0,0.0
2022-04-20 00:00:00-04:00,166.5399932861328,170.0,161.55999755859375,161.7100067138672,210300,0.0,0.0
2022-04-21 00:00:00-04:00,162.9499969482422,165.5,156.97000122070312,158.52000427246094,248000,0.0,0.0
2022-04-22 00:00:00-04:00,159.24000549316406,164.19000244140625,155.94000244140625,160.50999450683594,251300,0.0,0.0
2022-04-25 00:00:00-04:00,159.67999267578125,165.91000366210938,158.69000244140625,165.35000610351562,225100,0.0,0.0
2022-04-26 00:00:00-04:00,163.6699981689453,164.07000732421875,159.5500030517578,159.7100067138672,222100,0.0,0.0
2022-04-27 00:00:00-04:00,160.24000549316406,162.39999389648438,155.1999969482422,158.17999267578125,255200,0.0,0.0
2022-04-28 00:00:00-04:00,167.25999450683594,176.8000030517578,162.60000610351562,173.77000427246094,348700,0.0,0.0
2022-04-29 00:00:00-04:00,173.5500030517578,189.99000549316406,173.5500030517578,183.7100067138672,508100,0.0,0.0
2022-05-02 00:00:00-04:00,184.5500030517578,188.72999572753906,179.47999572753906,187.86000061035156,301100,0.0,0.0
2022-05-03 00:00:00-04:00,188.27999877929688,195.97999572753906,185.32000732421875,194.6999969482422,243800,0.0,0.0
2022-05-04 00:00:00-04:00,194.58999633789062,201.0500030517578,192.11000061035156,200.72000122070312,183200,0.0,0.0
2022-05-05 00:00:00-04:00,196.16000366210938,197.6999969482422,186.24000549316406,190.02000427246094,208400,0.0,0.0
2022-05-06 00:00:00-04:00,190.41000366210938,194.17999267578125,188.3800048828125,191.6300048828125,208400,0.0,0.0
2022-05-09 00:00:00-04:00,188.75,196.02999877929688,186.5500030517578,188.97999572753906,177600,0.0,0.0
2022-05-10 00:00:00-04:00,189.4499969482422,189.77999877929688,177.1699981689453,181.35000610351562,167100,0.0,0.0
2022-05-11 00:00:00-04:00,183.52000427246094,186.32000732421875,178.36000061035156,179.52999877929688,161600,0.0,0.0
2022-05-12 00:00:00-04:00,179.3000030517578,184.50999450683594,175.17999267578125,179.66000366210938,254100,0.0,0.0
2022-05-13 00:00:00-04:00,181.0399932861328,193.13999938964844,180.0,191.97999572753906,266000,0.0,0.0
2022-05-16 00:00:00-04:00,191.6699981689453,191.6699981689453,182.67999267578125,186.0500030517578,192500,0.0,0.0
2022-05-17 00:00:00-04:00,188.66000366210938,194.63999938964844,187.97999572753906,192.9199981689453,176600,0.0,0.0
2022-05-18 00:00:00-04:00,188.67999267578125,189.97000122070312,173.8000030517578,176.42999267578125,280600,0.0,0.0
2022-05-19 00:00:00-04:00,175.0500030517578,182.50999450683594,173.7100067138672,179.44000244140625,197600,0.0,0.0
2022-05-20 00:00:00-04:00,180.69000244140625,180.69000244140625,165.0399932861328,170.9600067138672,311200,0.0,0.0
2022-05-23 00:00:00-04:00,171.02999877929688,171.02999877929688,164.60000610351562,166.3300018310547,284500,0.0,0.0
2022-05-24 00:00:00-04:00,167.19000244140625,169.0399932861328,164.1300048828125,168.83999633789062,230600,0.0,0.0
2022-05-25 00:00:00-04:00,166.27000427246094,179.5,166.27000427246094,177.9600067138672,198700,0.0,0.0
2022-05-26 00:00:00-04:00,179.3800048828125,185.36000061035156,176.4600067138672,178.8300018310547,239300,0.0,0.0
2022-05-27 00:00:00-04:00,179.0399932861328,185.72999572753906,179.0399932861328,185.0,144700,0.0,0.0
2022-05-31 00:00:00-04:00,183.35000610351562,184.13999938964844,179.8800048828125,181.14999389648438,207300,0.0,0.0
2022-06-01 00:00:00-04:00,181.99000549316406,185.39999389648438,178.99000549316406,184.7100067138672,230900,0.0,0.0
2022-06-02 00:00:00-04:00,185.1699981689453,186.24000549316406,180.3699951171875,181.9199981689453,165000,0.0,0.0
2022-06-03 00:00:00-04:00,179.75,183.1199951171875,172.0,182.72000122070312,182500,0.0,0.0
2022-06-06 00:00:00-04:00,183.49000549316406,190.1699981689453,180.64999389648438,187.91000366210938,141200,0.0,0.0
2022-06-07 00:00:00-04:00,186.0399932861328,188.25,182.05999755859375,186.8699951171875,85900,0.0,0.0
2022-06-08 00:00:00-04:00,186.0,190.74000549316406,183.7899932861328,186.42999267578125,183000,0.0,0.0
2022-06-09 00:00:00-04:00,187.11000061035156,190.74000549316406,185.2899932861328,188.57000732421875,166700,0.0,0.0
2022-06-10 00:00:00-04:00,185.99000549316406,188.47999572753906,180.85000610351562,183.13999938964844,188000,0.0,0.0
2022-06-13 00:00:00-04:00,176.33999633789062,177.55999755859375,166.72999572753906,170.0500030517578,210000,0.0,0.0
2022-06-14 00:00:00-04:00,170.74000549316406,178.0,170.47000122070312,173.66000366210938,186400,0.0,0.0
2022-06-15 00:00:00-04:00,176.50999450683594,177.38999938964844,170.38999938964844,172.9600067138672,141100,0.0,0.0
2022-06-16 00:00:00-04:00,170.0,170.0,153.1199951171875,157.0800018310547,307200,0.0,0.0
2022-06-17 00:00:00-04:00,156.3300018310547,164.52000427246094,151.55999755859375,164.11000061035156,543700,0.0,0.0
2022-06-21 00:00:00-04:00,167.49000549316406,169.0399932861328,160.1300048828125,160.8300018310547,180500,0.0,0.0
2022-06-22 00:00:00-04:00,159.4600067138672,166.25,158.72999572753906,164.6699981689453,121000,0.0,0.0
2022-06-23 00:00:00-04:00,165.66000366210938,168.27999877929688,163.3300018310547,166.36000061035156,139000,0.0,0.0
2022-06-24 00:00:00-04:00,167.1300048828125,180.0500030517578,167.1300048828125,177.3000030517578,705600,0.0,0.0
2022-06-27 00:00:00-04:00,180.67999267578125,180.67999267578125,175.1300048828125,178.36000061035156,166300,0.0,0.0
2022-06-28 00:00:00-04:00,179.58999633789062,182.60000610351562,174.08999633789062,175.0399932861328,158800,0.0,0.0
2022-06-29 00:00:00-04:00,174.22000122070312,174.89999389648438,171.10000610351562,174.27000427246094,135700,0.0,0.0
2022-06-30 00:00:00-04:00,171.50999450683594,172.36000061035156,164.6300048828125,169.33999633789062,238800,0.0,0.0
2022-07-01 00:00:00-04:00,168.66000366210938,174.97999572753906,167.63999938964844,173.27999877929688,109900,0.0,0.0
2022-07-05 00:00:00-04:00,169.0,178.33999633789062,167.89999389648438,177.7899932861328,156800,0.0,0.0
2022-07-06 00:00:00-04:00,176.5800018310547,178.4499969482422,166.8699951171875,169.39999389648438,193900,0.0,0.0
2022-07-07 00:00:00-04:00,171.19000244140625,176.72000122070312,171.19000244140625,174.69000244140625,156700,0.0,0.0
2022-07-08 00:00:00-04:00,174.8000030517578,176.61000061035156,171.0800018310547,171.24000549316406,88500,0.0,0.0
2022-07-11 00:00:00-04:00,169.9499969482422,169.9499969482422,163.42999267578125,163.69000244140625,118900,0.0,0.0
2022-07-12 00:00:00-04:00,163.69000244140625,171.0,163.69000244140625,165.89999389648438,161000,0.0,0.0
2022-07-13 00:00:00-04:00,163.94000244140625,165.4499969482422,159.57000732421875,161.5,202900,0.0,0.0
2022-07-14 00:00:00-04:00,156.80999755859375,159.0500030517578,147.9600067138672,150.97999572753906,419600,0.0,0.0
2022-07-15 00:00:00-04:00,154.0500030517578,162.77999877929688,152.99000549316406,161.27999877929688,247600,0.0,0.0
2022-07-18 00:00:00-04:00,163.25,169.61000061035156,161.25,166.0,158100,0.0,0.0
2022-07-19 00:00:00-04:00,168.97000122070312,176.08999633789062,166.4199981689453,174.9600067138672,157300,0.0,0.0
2022-07-20 00:00:00-04:00,171.69000244140625,174.97999572753906,168.19000244140625,172.74000549316406,300600,0.0,0.0
2022-07-21 00:00:00-04:00,170.8699951171875,170.8699951171875,162.9499969482422,167.10000610351562,163800,0.0,0.0
2022-07-22 00:00:00-04:00,168.22000122070312,172.5399932861328,165.13999938964844,167.22000122070312,125700,0.0,0.0
2022-07-25 00:00:00-04:00,168.22999572753906,168.38999938964844,163.52999877929688,164.47000122070312,115500,0.0,0.0
2022-07-26 00:00:00-04:00,161.17999267578125,164.1300048828125,159.10000610351562,160.5800018310547,212600,0.0,0.0
2022-07-27 00:00:00-04:00,161.4600067138672,164.44000244140625,157.3800048828125,163.52999877929688,147500,0.0,0.0
2022-07-28 00:00:00-04:00,165.16000366210938,172.07000732421875,159.0500030517578,171.9600067138672,252700,0.0,0.0
2022-07-29 00:00:00-04:00,171.69000244140625,173.67999267578125,166.1300048828125,171.63999938964844,214900,0.0,0.0
2022-08-01 00:00:00-04:00,170.49000549316406,184.24000549316406,169.9499969482422,180.75,282400,0.0,0.0
2022-08-02 00:00:00-04:00,180.32000732421875,180.32000732421875,174.10000610351562,174.8000030517578,192200,0.0,0.0
2022-08-03 00:00:00-04:00,175.3699951171875,181.2100067138672,174.3000030517578,178.5,170500,0.0,0.0
2022-08-04 00:00:00-04:00,178.99000549316406,180.08999633789062,176.33999633789062,176.88999938964844,100200,0.0,0.0
2022-08-05 00:00:00-04:00,175.6300048828125,182.05999755859375,175.6300048828125,179.22000122070312,90500,0.0,0.0
2022-08-08 00:00:00-04:00,179.6300048828125,185.44000244140625,178.0800018310547,180.61000061035156,99800,0.0,0.0
2022-08-09 00:00:00-04:00,180.5,180.5,173.49000549316406,178.02999877929688,122700,0.0,0.0
2022-08-10 00:00:00-04:00,182.99000549316406,186.02000427246094,180.16000366210938,182.85000610351562,152400,0.0,0.0
2022-08-11 00:00:00-04:00,184.97999572753906,186.69000244140625,180.88999938964844,182.14999389648438,165900,0.0,0.0
2022-08-12 00:00:00-04:00,180.92999267578125,184.9600067138672,180.49000549316406,184.80999755859375,113500,0.0,0.0
2022-08-15 00:00:00-04:00,184.66000366210938,186.33999633789062,182.5399932861328,186.02999877929688,179400,0.0,0.0
2022-08-16 00:00:00-04:00,187.52999877929688,203.9199981689453,186.91000366210938,198.57000732421875,290300,0.0,0.0
2022-08-17 00:00:00-04:00,196.32000732421875,197.86000061035156,188.5500030517578,189.27999877929688,169100,0.0,0.0
2022-08-18 00:00:00-04:00,190.0800018310547,190.42999267578125,185.9199981689453,188.4199981689453,105400,0.0,0.0
2022-08-19 00:00:00-04:00,186.82000732421875,186.82000732421875,184.07000732421875,186.14999389648438,114400,0.0,0.0
2022-08-22 00:00:00-04:00,181.80999755859375,184.2100067138672,180.30999755859375,181.42999267578125,128900,0.0,0.0
2022-08-23 00:00:00-04:00,181.1199951171875,184.80999755859375,181.1199951171875,181.83999633789062,96700,0.0,0.0
2022-08-24 00:00:00-04:00,181.38999938964844,183.8000030517578,178.66000366210938,182.3000030517578,86800,0.0,0.0
2022-08-25 00:00:00-04:00,181.85000610351562,189.19000244140625,181.85000610351562,188.66000366210938,98800,0.0,0.0
2022-08-26 00:00:00-04:00,190.89999389648438,191.94000244140625,183.6300048828125,184.27999877929688,113500,0.0,0.0
2022-08-29 00:00:00-04:00,181.9600067138672,185.35000610351562,180.66000366210938,184.27000427246094,95700,0.0,0.0
2022-08-30 00:00:00-04:00,185.0,185.0,179.97999572753906,180.42999267578125,72500,0.0,0.0
2022-08-31 00:00:00-04:00,179.49000549316406,181.32000732421875,173.97999572753906,174.47999572753906,166600,0.0,0.0
2022-09-01 00:00:00-04:00,171.6699981689453,173.83999633789062,167.6199951171875,173.61000061035156,180700,0.0,0.0
2022-09-02 00:00:00-04:00,175.5800018310547,179.97000122070312,170.02000427246094,171.10000610351562,109100,0.0,0.0
2022-09-06 00:00:00-04:00,172.3699951171875,172.3699951171875,164.5500030517578,165.08999633789062,150200,0.0,0.0
2022-09-07 00:00:00-04:00,165.02999877929688,170.74000549316406,162.64999389648438,170.02999877929688,136200,0.0,0.0
2022-09-08 00:00:00-04:00,167.50999450683594,169.47999572753906,163.44000244140625,168.19000244140625,124100,0.0,0.0
2022-09-09 00:00:00-04:00,166.35000610351562,171.8000030517578,165.72000122070312,170.69000244140625,115800,0.0,0.0
2022-09-12 00:00:00-04:00,171.05999755859375,175.72999572753906,171.05999755859375,174.19000244140625,110700,0.0,0.0
2022-09-13 00:00:00-04:00,167.38999938964844,168.47000122070312,159.02999877929688,161.1199951171875,225400,0.0,0.0
2022-09-14 00:00:00-04:00,161.72999572753906,163.0,153.1699981689453,161.0,218500,0.0,0.0
2022-09-15 00:00:00-04:00,159.02000427246094,163.47999572753906,157.67999267578125,159.19000244140625,158500,0.0,0.0
2022-09-16 00:00:00-04:00,156.9600067138672,160.07000732421875,154.97999572753906,156.83999633789062,241100,0.0,0.0
2022-09-19 00:00:00-04:00,155.94000244140625,160.67999267578125,155.94000244140625,158.7899932861328,126400,0.0,0.0
2022-09-20 00:00:00-04:00,156.16000366210938,156.16000366210938,150.24000549316406,153.10000610351562,155300,0.0,0.0
2022-09-21 00:00:00-04:00,154.52999877929688,156.24000549316406,150.02999877929688,150.27000427246094,124500,0.0,0.0
2022-09-22 00:00:00-04:00,150.00999450683594,151.99000549316406,147.38999938964844,148.89999389648438,177200,0.0,0.0
2022-09-23 00:00:00-04:00,146.50999450683594,148.2899932861328,143.27999877929688,147.67999267578125,173700,0.0,0.0
2022-09-26 00:00:00-04:00,146.6699981689453,152.35000610351562,146.6699981689453,150.77000427246094,250900,0.0,0.0
2022-09-27 00:00:00-04:00,152.44000244140625,153.08999633789062,150.02999877929688,151.7100067138672,197400,0.0,0.0
2022-09-28 00:00:00-04:00,152.6300048828125,158.97000122070312,152.00999450683594,157.52999877929688,162400,0.0,0.0
2022-09-29 00:00:00-04:00,146.72999572753906,149.0,140.6999969482422,147.0,899600,0.0,0.0
2022-09-30 00:00:00-04:00,146.77000427246094,153.72000122070312,144.1300048828125,151.10000610351562,315500,0.0,0.0
2022-10-03 00:00:00-04:00,152.8800048828125,162.0,152.8800048828125,156.27000427246094,254100,0.0,0.0
2022-10-04 00:00:00-04:00,159.55999755859375,161.9600067138672,157.05999755859375,160.75999450683594,226700,0.0,0.0
2022-10-05 00:00:00-04:00,157.69000244140625,159.6699981689453,154.13999938964844,158.0399932861328,167100,0.0,0.0
2022-10-06 00:00:00-04:00,156.13999938964844,159.27000427246094,151.52000427246094,152.67999267578125,264600,0.0,0.0
2022-10-07 00:00:00-04:00,152.5399932861328,155.16000366210938,150.22999572753906,154.6300048828125,190000,0.0,0.0
2022-10-10 00:00:00-04:00,156.07000732421875,158.6199951171875,152.67999267578125,155.22999572753906,120900,0.0,0.0
2022-10-11 00:00:00-04:00,155.2100067138672,159.83999633789062,153.11000061035156,157.52999877929688,164800,0.0,0.0
2022-10-12 00:00:00-04:00,157.89999389648438,159.60000610351562,154.9199981689453,156.10000610351562,112100,0.0,0.0
2022-10-13 00:00:00-04:00,153.7100067138672,160.6999969482422,151.7100067138672,158.88999938964844,129500,0.0,0.0
2022-10-14 00:00:00-04:00,160.77999877929688,160.77999877929688,153.57000732421875,154.42999267578125,93800,0.0,0.0
2022-10-17 00:00:00-04:00,158.8300018310547,159.39999389648438,154.7100067138672,156.89999389648438,254600,0.0,0.0
2022-10-18 00:00:00-04:00,160.80999755859375,163.74000549316406,158.94000244140625,159.0,193800,0.0,0.0
2022-10-19 00:00:00-04:00,156.0,159.10000610351562,145.22000122070312,147.47999572753906,210000,0.0,0.0
2022-10-20 00:00:00-04:00,147.24000549316406,148.6999969482422,139.60000610351562,141.05999755859375,251300,0.0,0.0
2022-10-21 00:00:00-04:00,140.74000549316406,144.38999938964844,138.8800048828125,143.14999389648438,207800,0.0,0.0
2022-10-24 00:00:00-04:00,143.58999633789062,148.92999267578125,143.1999969482422,148.24000549316406,219300,0.0,0.0
2022-10-25 00:00:00-04:00,149.38999938964844,155.0,148.57000732421875,154.14999389648438,305100,0.0,0.0
2022-10-26 00:00:00-04:00,156.6999969482422,159.8300018310547,152.08999633789062,154.61000061035156,186200,0.0,0.0
2022-10-27 00:00:00-04:00,156.5800018310547,164.02000427246094,153.82000732421875,157.9499969482422,163800,0.0,0.0
2022-10-28 00:00:00-04:00,158.3000030517578,160.7899932861328,149.3800048828125,156.92999267578125,269600,0.0,0.0
2022-10-31 00:00:00-04:00,156.2899932861328,159.60000610351562,155.72999572753906,157.75,323000,0.0,0.0
2022-11-01 00:00:00-04:00,158.49000549316406,168.89999389648438,158.49000549316406,167.75,248800,0.0,0.0
2022-11-02 00:00:00-04:00,166.36000061035156,166.36000061035156,155.0,155.33999633789062,223100,0.0,0.0
2022-11-03 00:00:00-04:00,152.22999572753906,158.9600067138672,151.55999755859375,155.86000061035156,137000,0.0,0.0
2022-11-04 00:00:00-04:00,158.0800018310547,158.41000366210938,150.72999572753906,153.8800048828125,145600,0.0,0.0
2022-11-07 00:00:00-05:00,155.8800048828125,160.99000549316406,153.6999969482422,159.6300048828125,144700,0.0,0.0
2022-11-08 00:00:00-05:00,161.85000610351562,165.50999450683594,159.89999389648438,165.02999877929688,159400,0.0,0.0
2022-11-09 00:00:00-05:00,164.10000610351562,165.33999633789062,159.24000549316406,159.5500030517578,121000,0.0,0.0
2022-11-10 00:00:00-05:00,166.8300018310547,178.63999938964844,166.41000366210938,175.8000030517578,222000,0.0,0.0
2022-11-11 00:00:00-05:00,176.3300018310547,181.8800048828125,175.60000610351562,181.0500030517578,184900,0.0,0.0
2022-11-14 00:00:00-05:00,178.83999633789062,184.74000549316406,178.82000732421875,178.9600067138672,156100,0.0,0.0
2022-11-15 00:00:00-05:00,183.0,189.6199951171875,179.0,180.27000427246094,164200,0.0,0.0
2022-11-16 00:00:00-05:00,177.8800048828125,178.6699981689453,174.5,176.19000244140625,134100,0.0,0.0
2022-11-17 00:00:00-05:00,174.0,179.8000030517578,173.92999267578125,179.39999389648438,122600,0.0,0.0
2022-11-18 00:00:00-05:00,182.77000427246094,182.77000427246094,172.35000610351562,178.36000061035156,167000,0.0,0.0
2022-11-21 00:00:00-05:00,177.50999450683594,181.47000122070312,176.75999450683594,179.49000549316406,196200,0.0,0.0
2022-11-22 00:00:00-05:00,181.74000549316406,183.1999969482422,179.5800018310547,179.82000732421875,135500,0.0,0.0
2022-11-23 00:00:00-05:00,178.55999755859375,182.07000732421875,178.55999755859375,181.89999389648438,74000,0.0,0.0
2022-11-25 00:00:00-05:00,179.97999572753906,183.3000030517578,179.97999572753906,181.55999755859375,39300,0.0,0.0
2022-11-28 00:00:00-05:00,181.24000549316406,181.82000732421875,179.05999755859375,180.44000244140625,111700,0.0,0.0
2022-11-29 00:00:00-05:00,180.17999267578125,184.66000366210938,180.17999267578125,182.08999633789062,140900,0.0,0.0
2022-11-30 00:00:00-05:00,180.3800048828125,189.97000122070312,179.99000549316406,187.6199951171875,224800,0.0,0.0
2022-12-01 00:00:00-05:00,187.6199951171875,189.66000366210938,181.25,182.74000549316406,119600,0.0,0.0
2022-12-02 00:00:00-05:00,181.25999450683594,184.8300018310547,180.69000244140625,183.32000732421875,119500,0.0,0.0
2022-12-05 00:00:00-05:00,181.5,181.5,175.5800018310547,176.5500030517578,160600,0.0,0.0
2022-12-06 00:00:00-05:00,177.92999267578125,181.41000366210938,176.47000122070312,180.44000244140625,145200,0.0,0.0
2022-12-07 00:00:00-05:00,179.83999633789062,183.07000732421875,178.77000427246094,178.9600067138672,111200,0.0,0.0
2022-12-08 00:00:00-05:00,179.60000610351562,181.75999450683594,178.75,181.5399932861328,106600,0.0,0.0
2022-12-09 00:00:00-05:00,178.75,182.8000030517578,178.75,181.17999267578125,143800,0.0,0.0
2022-12-12 00:00:00-05:00,182.0399932861328,182.64999389648438,179.02999877929688,179.77999877929688,207600,0.0,0.0
2022-12-13 00:00:00-05:00,185.77999877929688,186.66000366210938,174.74000549316406,175.77000427246094,275800,0.0,0.0
2022-12-14 00:00:00-05:00,175.3300018310547,180.57000732421875,175.07000732421875,177.41000366210938,179000,0.0,0.0
2022-12-15 00:00:00-05:00,175.42999267578125,176.9600067138672,169.4499969482422,170.36000061035156,276900,0.0,0.0
2022-12-16 00:00:00-05:00,167.33999633789062,169.52000427246094,165.94000244140625,167.10000610351562,405900,0.0,0.0
2022-12-19 00:00:00-05:00,167.10000610351562,168.74000549316406,161.2100067138672,161.8699951171875,246300,0.0,0.0
2022-12-20 00:00:00-05:00,160.72000122070312,164.24000549316406,157.52999877929688,158.7100067138672,239500,0.0,0.0
2022-12-21 00:00:00-05:00,159.5,167.7899932861328,159.19000244140625,165.17999267578125,226300,0.0,0.0
2022-12-22 00:00:00-05:00,159.47000122070312,166.42999267578125,157.47000122070312,166.27000427246094,284600,0.0,0.0
2022-12-23 00:00:00-05:00,166.3699951171875,170.36000061035156,165.8800048828125,169.00999450683594,248800,0.0,0.0
2022-12-27 00:00:00-05:00,168.6699981689453,173.75,168.6699981689453,172.5,213800,0.0,0.0
2022-12-28 00:00:00-05:00,174.22999572753906,174.3800048828125,169.4199981689453,169.9600067138672,152900,0.0,0.0
2022-12-29 00:00:00-05:00,172.24000549316406,176.5399932861328,170.0500030517578,175.0,168600,0.0,0.0
2022-12-30 00:00:00-05:00,173.69000244140625,181.25999450683594,173.69000244140625,179.25,307500,0.0,0.0
2023-01-03 00:00:00-05:00,180.05999755859375,182.9499969482422,174.2100067138672,174.3000030517578,238900,0.0,0.0
2023-01-04 00:00:00-05:00,176.7100067138672,180.85000610351562,176.7100067138672,179.33999633789062,173900,0.0,0.0
2023-01-05 00:00:00-05:00,177.9600067138672,181.50999450683594,175.4199981689453,180.24000549316406,128600,0.0,0.0
2023-01-06 00:00:00-05:00,182.85000610351562,185.22000122070312,181.19000244140625,184.22999572753906,170700,0.0,0.0
2023-01-09 00:00:00-05:00,184.72999572753906,187.92999267578125,182.86000061035156,184.24000549316406,129700,0.0,0.0
2023-01-10 00:00:00-05:00,183.99000549316406,189.52999877929688,182.22000122070312,189.3699951171875,161500,0.0,0.0
2023-01-11 00:00:00-05:00,189.4199981689453,195.5,189.4199981689453,191.97000122070312,132700,0.0,0.0
2023-01-12 00:00:00-05:00,193.5800018310547,194.41000366210938,188.3699951171875,193.5399932861328,155700,0.0,0.0
2023-01-13 00:00:00-05:00,189.6999969482422,191.47999572753906,185.88999938964844,189.0500030517578,139700,0.0,0.0
2023-01-17 00:00:00-05:00,185.35000610351562,188.80999755859375,184.19000244140625,186.19000244140625,132400,0.0,0.0
2023-01-18 00:00:00-05:00,186.86000061035156,191.4600067138672,184.1699981689453,184.33999633789062,104800,0.0,0.0
2023-01-19 00:00:00-05:00,182.88999938964844,184.07000732421875,178.8699951171875,184.0399932861328,145000,0.0,0.0
2023-01-20 00:00:00-05:00,185.6199951171875,190.02999877929688,184.92999267578125,189.9600067138672,97600,0.0,0.0
2023-01-23 00:00:00-05:00,190.99000549316406,192.24000549316406,188.77000427246094,191.83999633789062,94700,0.0,0.0
2023-01-24 00:00:00-05:00,189.8800048828125,191.86000061035156,188.67999267578125,189.0399932861328,93800,0.0,0.0
2023-01-25 00:00:00-05:00,187.14999389648438,194.47999572753906,186.55999755859375,193.63999938964844,158500,0.0,0.0
2023-01-26 00:00:00-05:00,195.0,202.72000122070312,195.0,200.6300048828125,342300,0.0,0.0
2023-01-27 00:00:00-05:00,204.85000610351562,217.30999755859375,201.97999572753906,214.83999633789062,445500,0.0,0.0
2023-01-30 00:00:00-05:00,211.75,219.9199981689453,211.75,214.17999267578125,245200,0.0,0.0
2023-01-31 00:00:00-05:00,215.47000122070312,223.2899932861328,215.47000122070312,220.0,396000,0.0,0.0
2023-02-01 00:00:00-05:00,219.3699951171875,234.00999450683594,219.3699951171875,231.63999938964844,359700,0.0,0.0
2023-02-02 00:00:00-05:00,235.83999633789062,253.6699981689453,234.6699981689453,241.7100067138672,1012700,0.0,0.0
2023-02-03 00:00:00-05:00,237.4499969482422,251.75999450683594,236.89999389648438,243.1300048828125,464300,0.0,0.0
2023-02-06 00:00:00-05:00,242.9499969482422,244.16000366210938,234.61000061035156,236.0,298100,0.0,0.0
2023-02-07 00:00:00-05:00,234.2899932861328,236.0,229.10000610351562,235.9199981689453,323900,0.0,0.0
2023-02-08 00:00:00-05:00,233.77999877929688,237.05999755859375,231.99000549316406,232.32000732421875,175800,0.0,0.0
2023-02-09 00:00:00-05:00,234.1199951171875,236.05999755859375,230.36000061035156,231.4499969482422,179600,0.0,0.0
2023-02-10 00:00:00-05:00,228.99000549316406,233.17999267578125,227.22000122070312,231.50999450683594,187200,0.0,0.0
2023-02-13 00:00:00-05:00,230.58999633789062,232.8699951171875,229.25,232.24000549316406,152000,0.0,0.0
2023-02-14 00:00:00-05:00,231.72999572753906,234.99000549316406,230.2100067138672,233.19000244140625,186200,0.0,0.0
2023-02-15 00:00:00-05:00,228.6699981689453,234.41000366210938,227.57000732421875,234.1199951171875,256000,0.0,0.0
2023-02-16 00:00:00-05:00,229.6999969482422,235.27999877929688,226.60000610351562,233.50999450683594,211900,0.0,0.0
2023-02-17 00:00:00-05:00,235.72000122070312,242.92999267578125,232.6999969482422,241.52000427246094,416800,0.0,0.0
2023-02-21 00:00:00-05:00,240.3800048828125,240.3800048828125,222.02000427246094,223.2899932861328,240200,0.0,0.0
2023-02-22 00:00:00-05:00,223.4499969482422,231.75999450683594,223.4499969482422,228.97999572753906,276400,0.0,0.0
2023-02-23 00:00:00-05:00,229.80999755859375,230.9499969482422,225.8000030517578,229.38999938964844,176700,0.0,0.0
2023-02-24 00:00:00-05:00,224.6999969482422,225.2100067138672,219.25999450683594,221.24000549316406,248300,0.0,0.0
2023-02-27 00:00:00-05:00,224.02999877929688,227.11000061035156,223.63999938964844,227.0,192900,0.0,0.0
2023-02-28 00:00:00-05:00,227.19000244140625,230.8699951171875,226.47999572753906,227.10000610351562,225700,0.0,0.0
2023-03-01 00:00:00-05:00,225.5399932861328,233.1199951171875,225.5,232.85000610351562,205700,0.0,0.0
2023-03-02 00:00:00-05:00,230.8800048828125,233.9499969482422,229.4600067138672,232.75,120700,0.0,0.0
2023-03-03 00:00:00-05:00,234.5500030517578,241.3000030517578,233.80999755859375,238.02000427246094,381200,0.0,0.0
2023-03-06 00:00:00-05:00,236.30999755859375,240.5,233.10000610351562,235.44000244140625,281800,0.0,0.0
2023-03-07 00:00:00-05:00,235.25,240.9499969482422,234.8000030517578,235.47999572753906,169500,0.0,0.0
2023-03-08 00:00:00-05:00,236.2100067138672,239.9199981689453,234.33999633789062,234.6999969482422,174500,0.0,0.0
2023-03-09 00:00:00-05:00,235.33999633789062,237.4199981689453,231.61000061035156,234.74000549316406,292300,0.0,0.0
2023-03-10 00:00:00-05:00,232.49000549316406,232.49000549316406,223.3699951171875,225.24000549316406,287500,0.0,0.0
2023-03-13 00:00:00-04:00,218.80999755859375,219.97999572753906,207.19000244140625,207.47000122070312,544300,0.0,0.0
2023-03-14 00:00:00-04:00,214.0500030517578,216.4600067138672,198.99000549316406,201.60000610351562,340600,0.0,0.0
2023-03-15 00:00:00-04:00,194.1999969482422,199.4199981689453,189.07000732421875,199.2899932861328,353400,0.0,0.0
2023-03-16 00:00:00-04:00,195.1699981689453,203.1300048828125,193.8800048828125,202.94000244140625,324400,0.0,0.0
2023-03-17 00:00:00-04:00,200.8800048828125,200.8800048828125,190.75999450683594,196.0399932861328,693000,0.0,0.0
2023-03-20 00:00:00-04:00,198.9600067138672,205.9199981689453,197.49000549316406,200.24000549316406,222400,0.0,0.0
2023-03-21 00:00:00-04:00,206.49000549316406,210.2899932861328,203.3000030517578,204.25,204800,0.0,0.0
2023-03-22 00:00:00-04:00,204.6300048828125,206.38999938964844,198.75,198.75999450683594,164000,0.0,0.0
2023-03-23 00:00:00-04:00,199.99000549316406,202.52000427246094,195.0,197.9600067138672,243800,0.0,0.0
2023-03-24 00:00:00-04:00,195.61000061035156,199.10000610351562,191.08999633789062,198.36000061035156,138400,0.0,0.0
2023-03-27 00:00:00-04:00,201.33999633789062,201.33999633789062,197.88999938964844,198.5399932861328,170400,0.0,0.0
2023-03-28 00:00:00-04:00,198.36000061035156,201.52000427246094,196.32000732421875,199.38999938964844,194600,0.0,0.0
2023-03-29 00:00:00-04:00,200.50999450683594,200.50999450683594,196.91000366210938,199.64999389648438,316600,0.0,0.0
2023-03-30 00:00:00-04:00,203.1199951171875,207.86000061035156,201.5800018310547,206.4600067138672,208200,0.0,0.0
2023-03-31 00:00:00-04:00,208.5399932861328,210.77999877929688,208.42999267578125,210.0,182900,0.0,0.0
2023-04-03 00:00:00-04:00,209.99000549316406,211.69000244140625,206.00999450683594,209.97999572753906,187100,0.0,0.0
2023-04-04 00:00:00-04:00,211.4600067138672,211.4600067138672,200.72999572753906,203.4600067138672,256700,0.0,0.0
2023-04-05 00:00:00-04:00,200.8000030517578,201.0,192.5,194.6699981689453,192000,0.0,0.0
2023-04-06 00:00:00-04:00,194.85000610351562,197.57000732421875,192.97999572753906,193.5399932861328,160000,0.0,0.0
2023-04-10 00:00:00-04:00,193.13999938964844,200.1999969482422,191.55999755859375,196.4600067138672,154700,0.0,0.0
2023-04-11 00:00:00-04:00,199.97000122070312,206.0,199.36000061035156,205.36000061035156,269000,0.0,0.0
2023-04-12 00:00:00-04:00,207.8300018310547,207.9499969482422,200.2100067138672,203.77000427246094,184800,0.0,0.0
2023-04-13 00:00:00-04:00,206.0500030517578,207.36000061035156,202.7100067138672,205.27000427246094,166800,0.0,0.0
2023-04-14 00:00:00-04:00,206.80999755859375,210.07000732421875,204.86000061035156,208.27000427246094,153400,0.0,0.0
2023-04-17 00:00:00-04:00,208.5,209.7100067138672,200.9600067138672,204.6300048828125,155500,0.0,0.0
2023-04-18 00:00:00-04:00,206.2100067138672,210.75999450683594,204.0,208.0800018310547,212000,0.0,0.0
2023-04-19 00:00:00-04:00,204.82000732421875,208.00999450683594,200.8800048828125,206.3000030517578,164600,0.0,0.0
2023-04-20 00:00:00-04:00,203.60000610351562,207.3300018310547,201.36000061035156,204.8800048828125,224500,0.0,0.0
2023-04-21 00:00:00-04:00,204.27999877929688,204.38999938964844,201.0,203.92999267578125,178700,0.0,0.0
2023-04-24 00:00:00-04:00,203.19000244140625,209.02999877929688,203.19000244140625,206.8699951171875,331000,0.0,0.0
2023-04-25 00:00:00-04:00,205.8800048828125,205.8800048828125,186.33999633789062,187.63999938964844,563200,0.0,0.0
2023-04-26 00:00:00-04:00,186.1199951171875,193.9199981689453,184.7899932861328,186.02999877929688,380100,0.0,0.0
2023-04-27 00:00:00-04:00,185.1999969482422,194.22000122070312,184.02999877929688,193.19000244140625,250200,0.0,0.0
2023-04-28 00:00:00-04:00,191.92999267578125,197.27000427246094,191.61000061035156,193.4600067138672,198400,0.0,0.0
2023-05-01 00:00:00-04:00,194.77000427246094,200.6199951171875,194.60000610351562,198.3300018310547,254000,0.0,0.0
2023-05-02 00:00:00-04:00,196.42999267578125,196.77000427246094,190.14999389648438,196.07000732421875,255200,0.0,0.0
2023-05-03 00:00:00-04:00,195.6999969482422,198.5,190.83999633789062,191.82000732421875,290300,0.0,0.0
2023-05-04 00:00:00-04:00,189.97999572753906,191.22999572753906,186.72000122070312,189.41000366210938,228300,0.0,0.0
2023-05-05 00:00:00-04:00,192.5,198.55999755859375,191.75,196.92999267578125,234200,0.0,0.0
2023-05-08 00:00:00-04:00,198.0,204.75999450683594,196.49000549316406,201.8800048828125,265600,0.0,0.0
2023-05-09 00:00:00-04:00,199.89999389648438,205.05999755859375,198.42999267578125,202.07000732421875,207800,0.0,0.0
2023-05-10 00:00:00-04:00,206.25,208.47000122070312,203.10000610351562,204.17999267578125,191900,0.0,0.0
2023-05-11 00:00:00-04:00,201.5500030517578,205.5399932861328,201.39999389648438,203.61000061035156,206100,0.0,0.0
2023-05-12 00:00:00-04:00,205.35000610351562,205.47000122070312,198.25,199.47000122070312,251100,0.0,0.0
2023-05-15 00:00:00-04:00,199.91000366210938,204.47000122070312,196.41000366210938,202.05999755859375,249900,0.0,0.0
2023-05-16 00:00:00-04:00,198.57000732421875,201.4199981689453,195.5,197.52999877929688,280900,0.0,0.0
2023-05-17 00:00:00-04:00,199.69000244140625,207.27999877929688,196.58999633789062,205.6699981689453,235900,0.0,0.0
2023-05-18 00:00:00-04:00,205.22000122070312,208.97000122070312,204.1999969482422,208.75999450683594,111300,0.0,0.0
2023-05-19 00:00:00-04:00,209.86000061035156,209.86000061035156,203.82000732421875,204.22999572753906,184400,0.0,0.0
2023-05-22 00:00:00-04:00,205.57000732421875,206.24000549316406,202.0800018310547,204.35000610351562,141400,0.0,0.0
2023-05-23 00:00:00-04:00,203.4499969482422,210.66000366210938,202.2100067138672,206.39999389648438,202800,0.0,0.0
2023-05-24 00:00:00-04:00,206.69000244140625,206.69000244140625,201.77000427246094,203.0500030517578,114000,0.0,0.0
2023-05-25 00:00:00-04:00,203.05999755859375,205.64999389648438,197.52999877929688,201.0399932861328,113200,0.0,0.0
2023-05-26 00:00:00-04:00,210.0399932861328,214.07000732421875,206.08999633789062,212.60000610351562,169000,0.0,0.0
2023-05-30 00:00:00-04:00,213.3000030517578,216.47999572753906,211.6699981689453,216.47000122070312,149900,0.0,0.0
2023-05-31 00:00:00-04:00,212.22999572753906,214.89999389648438,207.32000732421875,209.11000061035156,474200,0.0,0.0
2023-06-01 00:00:00-04:00,208.6199951171875,208.69000244140625,204.8800048828125,204.88999938964844,189600,0.0,0.0
2023-06-02 00:00:00-04:00,207.88999938964844,220.0,207.38999938964844,218.49000549316406,193300,0.0,0.0
2023-06-05 00:00:00-04:00,215.6199951171875,216.77999877929688,208.44000244140625,210.9600067138672,146100,0.0,0.0
2023-06-06 00:00:00-04:00,211.67999267578125,221.5800018310547,211.67999267578125,220.16000366210938,225300,0.0,0.0
2023-06-07 00:00:00-04:00,223.41000366210938,230.91000366210938,222.2899932861328,230.10000610351562,297300,0.0,0.0
2023-06-08 00:00:00-04:00,228.92999267578125,231.49000549316406,225.77999877929688,230.89999389648438,133800,0.0,0.0
2023-06-09 00:00:00-04:00,232.52999877929688,232.52999877929688,224.82000732421875,226.25999450683594,121400,0.0,0.0
2023-06-12 00:00:00-04:00,224.5,228.97999572753906,223.3300018310547,226.72999572753906,202400,0.0,0.0
2023-06-13 00:00:00-04:00,228.33999633789062,234.5399932861328,226.91000366210938,227.85000610351562,303300,0.0,0.0
2023-06-14 00:00:00-04:00,227.9499969482422,230.05999755859375,219.5,221.83999633789062,289600,0.0,0.0
2023-06-15 00:00:00-04:00,220.27999877929688,228.92999267578125,220.19000244140625,228.75999450683594,183000,0.0,0.0
2023-06-16 00:00:00-04:00,230.1999969482422,230.1999969482422,219.3800048828125,221.7899932861328,791600,0.0,0.0
2023-06-20 00:00:00-04:00,221.97000122070312,226.16000366210938,220.6999969482422,224.47000122070312,209700,0.0,0.0
2023-06-21 00:00:00-04:00,225.08999633789062,229.1999969482422,222.8699951171875,226.47999572753906,143500,0.0,0.0
2023-06-22 00:00:00-04:00,225.99000549316406,229.99000549316406,222.52999877929688,229.88999938964844,106600,0.0,0.0
2023-06-23 00:00:00-04:00,227.5800018310547,232.0,226.3800048828125,228.36000061035156,362800,0.0,0.0
2023-06-26 00:00:00-04:00,228.1699981689453,234.97999572753906,228.1699981689453,229.0,146700,0.0,0.0
2023-06-27 00:00:00-04:00,229.0,238.13999938964844,228.6699981689453,235.89999389648438,112700,0.0,0.0
2023-06-28 00:00:00-04:00,234.44000244140625,242.99000549316406,234.44000244140625,240.99000549316406,178200,0.0,0.0
2023-06-29 00:00:00-04:00,240.75999450683594,246.69000244140625,239.92999267578125,240.67999267578125,192900,0.0,0.0
2023-06-30 00:00:00-04:00,241.58999633789062,244.2899932861328,236.9499969482422,240.4199981689453,166300,0.0,0.0
2023-07-03 00:00:00-04:00,238.55999755859375,245.52000427246094,236.58999633789062,239.08999633789062,103000,0.0,0.0
2023-07-05 00:00:00-04:00,238.69000244140625,242.61000061035156,237.7100067138672,241.64999389648438,177700,0.0,0.0
2023-07-06 00:00:00-04:00,238.36000061035156,241.94000244140625,235.5,236.6300048828125,117300,0.0,0.0
2023-07-07 00:00:00-04:00,238.97000122070312,245.25,238.97000122070312,243.67999267578125,173100,0.0,0.0
2023-07-10 00:00:00-04:00,242.75,248.0,241.10000610351562,243.11000061035156,351100,0.0,0.0
2023-07-11 00:00:00-04:00,245.8699951171875,256.3900146484375,245.27000427246094,250.85000610351562,239800,0.0,0.0
2023-07-12 00:00:00-04:00,255.0500030517578,255.0500030517578,249.02000427246094,251.19000244140625,225800,0.0,0.0
2023-07-13 00:00:00-04:00,251.50999450683594,254.0,248.02999877929688,248.3000030517578,283200,0.0,0.0
2023-07-14 00:00:00-04:00,247.64999389648438,247.8000030517578,240.92999267578125,243.25999450683594,192600,0.0,0.0
2023-07-17 00:00:00-04:00,242.66000366210938,246.9199981689453,240.8800048828125,244.22999572753906,140400,0.0,0.0
2023-07-18 00:00:00-04:00,244.42999267578125,248.7100067138672,244.42999267578125,247.4199981689453,137500,0.0,0.0
2023-07-19 00:00:00-04:00,250.27999877929688,250.85000610351562,245.3800048828125,249.97999572753906,192700,0.0,0.0
2023-07-20 00:00:00-04:00,250.5800018310547,251.85000610351562,241.1699981689453,243.0800018310547,189400,0.0,0.0
2023-07-21 00:00:00-04:00,245.13999938964844,245.13999938964844,231.22999572753906,232.3699951171875,286100,0.0,0.0
2023-07-24 00:00:00-04:00,231.88999938964844,235.2100067138672,228.05999755859375,232.94000244140625,209100,0.0,0.0
2023-07-25 00:00:00-04:00,230.0,234.89999389648438,217.2899932861328,218.30999755859375,401900,0.0,0.0
2023-07-26 00:00:00-04:00,219.25,225.07000732421875,218.1300048828125,221.91000366210938,285100,0.0,0.0
2023-07-27 00:00:00-04:00,224.3000030517578,224.5500030517578,218.52999877929688,221.1699981689453,180000,0.0,0.0
2023-07-28 00:00:00-04:00,224.27999877929688,224.27999877929688,216.22000122070312,219.99000549316406,145100,0.0,0.0
2023-07-31 00:00:00-04:00,220.61000061035156,226.9199981689453,219.17999267578125,225.60000610351562,217900,0.0,0.0
2023-08-01 00:00:00-04:00,221.85000610351562,226.97000122070312,218.41000366210938,225.4600067138672,139800,0.0,0.0
2023-08-02 00:00:00-04:00,222.5,226.75,222.5,225.1699981689453,112800,0.0,0.0
2023-08-03 00:00:00-04:00,225.72000122070312,225.72000122070312,221.97999572753906,224.42999267578125,171300,0.0,0.0
2023-08-04 00:00:00-04:00,223.63999938964844,224.19000244140625,219.83999633789062,221.42999267578125,129700,0.0,0.0
2023-08-07 00:00:00-04:00,220.55999755859375,226.16000366210938,220.24000549316406,225.69000244140625,116400,0.0,0.0
2023-08-08 00:00:00-04:00,221.22000122070312,221.7100067138672,218.3800048828125,219.58999633789062,107300,0.0,0.0
2023-08-09 00:00:00-04:00,220.89999389648438,223.4199981689453,218.2899932861328,223.2100067138672,145500,0.0,0.0
2023-08-10 00:00:00-04:00,224.39999389648438,226.6300048828125,219.88999938964844,221.4499969482422,138400,0.0,0.0
2023-08-11 00:00:00-04:00,219.41000366210938,227.00999450683594,218.63999938964844,226.08999633789062,102000,0.0,0.0
2023-08-14 00:00:00-04:00,224.05999755859375,229.52000427246094,222.44000244140625,229.3000030517578,140900,0.0,0.0
2023-08-15 00:00:00-04:00,227.8800048828125,228.25,222.3300018310547,223.19000244140625,120900,0.0,0.0
2023-08-16 00:00:00-04:00,222.41000366210938,225.9499969482422,218.63999938964844,219.32000732421875,119900,0.0,0.0
2023-08-17 00:00:00-04:00,220.25,222.99000549316406,218.47000122070312,218.61000061035156,123200,0.0,0.0
2023-08-18 00:00:00-04:00,216.42999267578125,222.44000244140625,215.5,221.3699951171875,100400,0.0,0.0
2023-08-21 00:00:00-04:00,220.6999969482422,223.13999938964844,218.02999877929688,219.8699951171875,105000,0.0,0.0
2023-08-22 00:00:00-04:00,218.94000244140625,221.13999938964844,217.9600067138672,219.05999755859375,115800,0.0,0.0
2023-08-23 00:00:00-04:00,217.6300048828125,222.47999572753906,216.1699981689453,222.27000427246094,125500,0.0,0.0
2023-08-24 00:00:00-04:00,220.58999633789062,220.58999633789062,216.94000244140625,217.57000732421875,113000,0.0,0.0
2023-08-25 00:00:00-04:00,219.14999389648438,220.82000732421875,214.49000549316406,218.6999969482422,102400,0.0,0.0
2023-08-28 00:00:00-04:00,220.1999969482422,223.82000732421875,219.83999633789062,221.72000122070312,101700,0.0,0.0
2023-08-29 00:00:00-04:00,222.52999877929688,225.9199981689453,220.3000030517578,225.60000610351562,101500,0.0,0.0
2023-08-30 00:00:00-04:00,223.92999267578125,229.35000610351562,223.86000061035156,229.0,143800,0.0,0.0
2023-08-31 00:00:00-04:00,229.57000732421875,231.5800018310547,228.88999938964844,230.0,165200,0.0,0.0
2023-09-01 00:00:00-04:00,232.11000061035156,234.10000610351562,231.75999450683594,233.47999572753906,108100,0.0,0.0
2023-09-05 00:00:00-04:00,231.30999755859375,232.1300048828125,225.8800048828125,227.47000122070312,188200,0.0,0.0
2023-09-06 00:00:00-04:00,226.7100067138672,230.0,224.1999969482422,225.24000549316406,135300,0.0,0.0
2023-09-07 00:00:00-04:00,224.32000732421875,226.1699981689453,218.80999755859375,219.1999969482422,147100,0.0,0.0
2023-09-08 00:00:00-04:00,218.7899932861328,226.27000427246094,218.3000030517578,222.27000427246094,133800,0.0,0.0
2023-09-11 00:00:00-04:00,225.5800018310547,225.5800018310547,220.94000244140625,221.0399932861328,121500,0.0,0.0
2023-09-12 00:00:00-04:00,220.33999633789062,223.86000061035156,218.77000427246094,222.61000061035156,153400,0.0,0.0
2023-09-13 00:00:00-04:00,222.61000061035156,223.11000061035156,218.35000610351562,220.5800018310547,144100,0.0,0.0
2023-09-14 00:00:00-04:00,222.4600067138672,234.55999755859375,222.4600067138672,234.19000244140625,266100,0.0,0.0
2023-09-15 00:00:00-04:00,233.5500030517578,235.0,222.97999572753906,225.1300048828125,812800,0.0,0.0
2023-09-18 00:00:00-04:00,226.19000244140625,230.39999389648438,225.49000549316406,225.9199981689453,140600,0.0,0.0
2023-09-19 00:00:00-04:00,227.0,228.02000427246094,224.2100067138672,224.97000122070312,139000,0.0,0.0
2023-09-20 00:00:00-04:00,225.72999572753906,228.50999450683594,225.72999572753906,226.5500030517578,162500,0.0,0.0
2023-09-21 00:00:00-04:00,224.49000549316406,228.5399932861328,222.5,225.22999572753906,137400,0.0,0.0
2023-09-22 00:00:00-04:00,227.63999938964844,231.4600067138672,222.1999969482422,223.0,260700,0.0,0.0
2023-09-25 00:00:00-04:00,221.8300018310547,227.47000122070312,221.8300018310547,223.69000244140625,134300,0.0,0.0
2023-09-26 00:00:00-04:00,221.52999877929688,225.25,220.97999572753906,221.55999755859375,113900,0.0,0.0
2023-09-27 00:00:00-04:00,221.55999755859375,228.35000610351562,221.55999755859375,225.47000122070312,97000,0.0,0.0
2023-09-28 00:00:00-04:00,218.33999633789062,230.4499969482422,218.33999633789062,229.19000244140625,182300,0.0,0.0
2023-09-29 00:00:00-04:00,231.57000732421875,232.3000030517578,228.7100067138672,230.07000732421875,224800,0.0,0.0
2023-10-02 00:00:00-04:00,230.41000366210938,232.89999389648438,216.8800048828125,218.85000610351562,175300,0.0,0.0
2023-10-03 00:00:00-04:00,217.72999572753906,218.86000061035156,213.83999633789062,214.07000732421875,111300,0.0,0.0
2023-10-04 00:00:00-04:00,212.69000244140625,217.10000610351562,211.75,214.32000732421875,75300,0.0,0.0
2023-10-05 00:00:00-04:00,212.6300048828125,214.85000610351562,207.9600067138672,207.99000549316406,129500,0.0,0.0
2023-10-06 00:00:00-04:00,206.8000030517578,214.85000610351562,206.8000030517578,210.8800048828125,159200,0.0,0.0
2023-10-09 00:00:00-04:00,209.72999572753906,218.82000732421875,208.57000732421875,217.08999633789062,177300,0.0,0.0
2023-10-10 00:00:00-04:00,217.52000427246094,222.83999633789062,217.52000427246094,221.52000427246094,97900,0.0,0.0
2023-10-11 00:00:00-04:00,221.50999450683594,223.0800018310547,216.74000549316406,218.07000732421875,124200,0.0,0.0
2023-10-12 00:00:00-04:00,217.6300048828125,217.6300048828125,207.8300018310547,212.69000244140625,134100,0.0,0.0
2023-10-13 00:00:00-04:00,212.4199981689453,216.36000061035156,210.0500030517578,212.39999389648438,204700,0.0,0.0
2023-10-16 00:00:00-04:00,215.7899932861328,219.0,214.9499969482422,216.17999267578125,80900,0.0,0.0
2023-10-17 00:00:00-04:00,215.0,222.0800018310547,215.0,216.49000549316406,113900,0.0,0.0
2023-10-18 00:00:00-04:00,214.47999572753906,215.19000244140625,212.2899932861328,212.8300018310547,116800,0.0,0.0
2023-10-19 00:00:00-04:00,211.72000122070312,213.67999267578125,206.10000610351562,207.0500030517578,153100,0.0,0.0
2023-10-20 00:00:00-04:00,207.47000122070312,208.55999755859375,204.22999572753906,204.7100067138672,145200,0.0,0.0
2023-10-23 00:00:00-04:00,203.61000061035156,205.0,198.8800048828125,199.16000366210938,168000,0.0,0.0
2023-10-24 00:00:00-04:00,187.24000549316406,194.6999969482422,182.64999389648438,186.52000427246094,436600,0.0,0.0
2023-10-25 00:00:00-04:00,183.49000549316406,185.7100067138672,178.39999389648438,184.9199981689453,221400,0.0,0.0
2023-10-26 00:00:00-04:00,186.13999938964844,192.88999938964844,186.13999938964844,189.0399932861328,230300,0.0,0.0
2023-10-27 00:00:00-04:00,189.64999389648438,190.35000610351562,185.1300048828125,186.55999755859375,193700,0.0,0.0
2023-10-30 00:00:00-04:00,189.7100067138672,190.14999389648438,184.47000122070312,186.07000732421875,184900,0.0,0.0
2023-10-31 00:00:00-04:00,192.0399932861328,193.72999572753906,189.25,191.3699951171875,167000,0.0,0.0
2023-11-01 00:00:00-04:00,189.32000732421875,196.8800048828125,186.2899932861328,196.33999633789062,193200,0.0,0.0
2023-11-02 00:00:00-04:00,199.6699981689453,201.7899932861328,198.6999969482422,201.77000427246094,159800,0.0,0.0
2023-11-03 00:00:00-04:00,205.52999877929688,213.8300018310547,205.52999877929688,210.02000427246094,163400,0.0,0.0
2023-11-06 00:00:00-05:00,208.14999389648438,208.14999389648438,201.9199981689453,204.2899932861328,104000,0.0,0.0
2023-11-07 00:00:00-05:00,203.92999267578125,203.92999267578125,199.99000549316406,202.66000366210938,98200,0.0,0.0
2023-11-08 00:00:00-05:00,201.7899932861328,204.36000061035156,199.94000244140625,201.47000122070312,77500,0.0,0.0
2023-11-09 00:00:00-05:00,204.77999877929688,204.77999877929688,198.5,198.55999755859375,169900,0.0,0.0
2023-11-10 00:00:00-05:00,199.72999572753906,202.9499969482422,198.3699951171875,201.6199951171875,95700,0.0,0.0
2023-11-13 00:00:00-05:00,199.83999633789062,204.41000366210938,199.8000030517578,203.6999969482422,77600,0.0,0.0
2023-11-14 00:00:00-05:00,210.83999633789062,221.32000732421875,210.83999633789062,218.5800018310547,133100,0.0,0.0
2023-11-15 00:00:00-05:00,218.97999572753906,225.9600067138672,218.97999572753906,222.74000549316406,142100,0.0,0.0
2023-11-16 00:00:00-05:00,220.2899932861328,221.36000061035156,202.4600067138672,204.99000549316406,224600,0.0,0.0
2023-11-17 00:00:00-05:00,208.86000061035156,211.5,206.74000549316406,209.6699981689453,140700,0.0,0.0
2023-11-20 00:00:00-05:00,208.1999969482422,212.32000732421875,207.02000427246094,212.19000244140625,73700,0.0,0.0
2023-11-21 00:00:00-05:00,210.00999450683594,210.02999877929688,204.6699981689453,205.6999969482422,107600,0.0,0.0
2023-11-22 00:00:00-05:00,206.5500030517578,207.5399932861328,205.0,207.07000732421875,108600,0.0,0.0
2023-11-24 00:00:00-05:00,207.0,210.08999633789062,206.67999267578125,209.75999450683594,50200,0.0,0.0
2023-11-27 00:00:00-05:00,208.02999877929688,209.69000244140625,207.42999267578125,207.52999877929688,169100,0.0,0.0
2023-11-28 00:00:00-05:00,208.8000030517578,211.94000244140625,206.38999938964844,209.17999267578125,112800,0.0,0.0
2023-11-29 00:00:00-05:00,212.30999755859375,215.2899932861328,208.89999389648438,209.2899932861328,114000,0.0,0.0
2023-11-30 00:00:00-05:00,210.50999450683594,212.38999938964844,204.69000244140625,209.82000732421875,141700,0.0,0.0
2023-12-01 00:00:00-05:00,209.30999755859375,218.00999450683594,208.32000732421875,217.61000061035156,118000,0.0,0.0
2023-12-04 00:00:00-05:00,217.39999389648438,222.72000122070312,216.75,222.7100067138672,146600,0.0,0.0
2023-12-05 00:00:00-05:00,220.07000732421875,222.13999938964844,215.30999755859375,217.22000122070312,196800,0.0,0.0
2023-12-06 00:00:00-05:00,219.8699951171875,223.75,214.47999572753906,214.6199951171875,92700,0.0,0.0
2023-12-07 00:00:00-05:00,215.07000732421875,215.8800048828125,213.00999450683594,215.80999755859375,91400,0.0,0.0
2023-12-08 00:00:00-05:00,215.83999633789062,218.32000732421875,213.50999450683594,215.2100067138672,63000,0.0,0.0
2023-12-11 00:00:00-05:00,215.05999755859375,218.67999267578125,213.27000427246094,216.5,78500,0.0,0.0
2023-12-12 00:00:00-05:00,215.6300048828125,217.14999389648438,211.02999877929688,211.1999969482422,124500,0.0,0.0
2023-12-13 00:00:00-05:00,211.0,222.77999877929688,208.4199981689453,221.75,211300,0.0,0.0
2023-12-14 00:00:00-05:00,227.64999389648438,238.27999877929688,227.64999389648438,234.33999633789062,278600,0.0,0.0
2023-12-15 00:00:00-05:00,236.4499969482422,237.38999938964844,229.52000427246094,233.1699981689453,424500,0.0,0.0
2023-12-18 00:00:00-05:00,233.14999389648438,234.72000122070312,221.41000366210938,223.05999755859375,342700,0.0,0.0
2023-12-19 00:00:00-05:00,225.47999572753906,227.4499969482422,222.6699981689453,225.5500030517578,346000,0.0,0.0
2023-12-20 00:00:00-05:00,225.66000366210938,227.8300018310547,220.6199951171875,221.7899932861328,195400,0.0,0.0
2023-12-21 00:00:00-05:00,227.4600067138672,227.58999633789062,224.13999938964844,226.27999877929688,152300,0.0,0.0
2023-12-22 00:00:00-05:00,226.3699951171875,228.55999755859375,224.08999633789062,224.17999267578125,139900,0.0,0.0
2023-12-26 00:00:00-05:00,224.80999755859375,225.6699981689453,222.8300018310547,223.3300018310547,166600,0.0,0.0
2023-12-27 00:00:00-05:00,224.42999267578125,226.72000122070312,221.52999877929688,223.99000549316406,160500,0.0,0.0
2023-12-28 00:00:00-05:00,223.4499969482422,228.0399932861328,222.52000427246094,227.47999572753906,139700,0.0,0.0
2023-12-29 00:00:00-05:00,226.60000610351562,226.60000610351562,222.82000732421875,224.97000122070312,126300,0.0,0.0
2024-01-02 00:00:00-05:00,222.97999572753906,225.6300048828125,220.63999938964844,222.83999633789062,165600,0.0,0.0
2024-01-03 00:00:00-05:00,220.0,220.00999450683594,208.0,208.6699981689453,180100,0.0,0.0
2024-01-04 00:00:00-05:00,209.85000610351562,209.85000610351562,205.94000244140625,207.0,119400,0.0,0.0
2024-01-05 00:00:00-05:00,205.3300018310547,209.97999572753906,204.3800048828125,205.5399932861328,106000,0.0,0.0
2024-01-08 00:00:00-05:00,205.7899932861328,209.10000610351562,204.27999877929688,208.75,107500,0.0,0.0
2024-01-09 00:00:00-05:00,205.0500030517578,209.05999755859375,204.2899932861328,209.0500030517578,93700,0.0,0.0
2024-01-10 00:00:00-05:00,208.33999633789062,210.64999389648438,207.16000366210938,210.44000244140625,101400,0.0,0.0
2024-01-11 00:00:00-05:00,209.41000366210938,209.57000732421875,205.0,209.5,87700,0.0,0.0
2024-01-12 00:00:00-05:00,211.85000610351562,212.24000549316406,200.10000610351562,202.22999572753906,148500,0.0,0.0
2024-01-16 00:00:00-05:00,200.27999877929688,205.33999633789062,198.22999572753906,202.58999633789062,160400,0.0,0.0
2024-01-17 00:00:00-05:00,199.3800048828125,203.74000549316406,199.3800048828125,202.5399932861328,89000,0.0,0.0
2024-01-18 00:00:00-05:00,204.69000244140625,205.11000061035156,201.36000061035156,203.39999389648438,90100,0.0,0.0
2024-01-19 00:00:00-05:00,204.25,206.7899932861328,201.11000061035156,204.4600067138672,102200,0.0,0.0
2024-01-22 00:00:00-05:00,206.30999755859375,209.3300018310547,204.75999450683594,207.57000732421875,127700,0.0,0.0
2024-01-23 00:00:00-05:00,211.13999938964844,211.13999938964844,206.1300048828125,207.75,161500,0.0,0.0
2024-01-24 00:00:00-05:00,210.0,210.0,203.1300048828125,205.07000732421875,176900,0.0,0.0
2024-01-25 00:00:00-05:00,208.99000549316406,211.8000030517578,205.3699951171875,211.58999633789062,233100,0.0,0.0
2024-01-26 00:00:00-05:00,214.1699981689453,215.35000610351562,211.3800048828125,213.9199981689453,140400,0.0,0.0
2024-01-29 00:00:00-05:00,213.9199981689453,220.07000732421875,212.92999267578125,219.67999267578125,119000,0.0,0.0
2024-01-30 00:00:00-05:00,218.11000061035156,221.85000610351562,217.86000061035156,218.36000061035156,110300,0.0,0.0
2024-01-31 00:00:00-05:00,214.9499969482422,219.10000610351562,208.64999389648438,209.05999755859375,225300,0.0,0.0
2024-02-01 00:00:00-05:00,210.77000427246094,214.82000732421875,209.75,213.6699981689453,192600,0.0,0.0
2024-02-02 00:00:00-05:00,209.9600067138672,215.80999755859375,207.3699951171875,213.27000427246094,157900,0.0,0.0
2024-02-05 00:00:00-05:00,209.27999877929688,213.57000732421875,207.61000061035156,210.8000030517578,123300,0.0,0.0
2024-02-06 00:00:00-05:00,210.8000030517578,211.6699981689453,209.07000732421875,209.8000030517578,97900,0.0,0.0
2024-02-07 00:00:00-05:00,211.07000732421875,211.8800048828125,207.1999969482422,210.74000549316406,252400,0.0,0.0
2024-02-08 00:00:00-05:00,200.0,215.0,195.08999633789062,206.7899932861328,373300,0.0,0.0
2024-02-09 00:00:00-05:00,205.7100067138672,217.32000732421875,203.55999755859375,215.9199981689453,290900,0.0,0.0
2024-02-12 00:00:00-05:00,217.0399932861328,225.9600067138672,217.0399932861328,222.39999389648438,216300,0.0,0.0
2024-02-13 00:00:00-05:00,215.11000061035156,221.42999267578125,212.02000427246094,218.35000610351562,357500,0.0,0.0
2024-02-14 00:00:00-05:00,218.88999938964844,222.1999969482422,213.5399932861328,221.00999450683594,251100,0.0,0.0
2024-02-15 00:00:00-05:00,221.33999633789062,223.5,220.36000061035156,221.33999633789062,151500,0.0,0.0
2024-02-16 00:00:00-05:00,218.58999633789062,220.6699981689453,216.25999450683594,216.88999938964844,168900,0.0,0.0
2024-02-20 00:00:00-05:00,212.1999969482422,214.10000610351562,207.58999633789062,208.17999267578125,159000,0.0,0.0
2024-02-21 00:00:00-05:00,207.5,211.0,205.99000549316406,208.7899932861328,150900,0.0,0.0
2024-02-22 00:00:00-05:00,209.85000610351562,211.99000549316406,208.1300048828125,211.91000366210938,113500,0.0,0.0
2024-02-23 00:00:00-05:00,211.91000366210938,216.5500030517578,210.8699951171875,214.6199951171875,92400,0.0,0.0
2024-02-26 00:00:00-05:00,212.88999938964844,215.86000061035156,210.3800048828125,211.1300048828125,139200,0.0,0.0
2024-02-27 00:00:00-05:00,213.52999877929688,215.86000061035156,211.47999572753906,212.0,194900,0.0,0.0
2024-02-28 00:00:00-05:00,209.60000610351562,211.8800048828125,207.97999572753906,208.2899932861328,159700,0.0,0.0
2024-02-29 00:00:00-05:00,212.08999633789062,212.08999633789062,208.0399932861328,208.8300018310547,302700,0.0,0.0
2024-03-01 00:00:00-05:00,209.99000549316406,211.0500030517578,207.2100067138672,209.8000030517578,195600,0.0,0.0
2024-03-04 00:00:00-05:00,208.9499969482422,211.22999572753906,205.5,205.5,169000,0.0,0.0
2024-03-05 00:00:00-05:00,204.0800018310547,208.44000244140625,203.75,205.27000427246094,128900,0.0,0.0
2024-03-06 00:00:00-05:00,206.8800048828125,209.08999633789062,204.60000610351562,206.4199981689453,232300,0.0,0.0
2024-03-07 00:00:00-05:00,206.83999633789062,210.69000244140625,206.80999755859375,210.14999389648438,162300,0.0,0.0
2024-03-08 00:00:00-05:00,213.1999969482422,217.47000122070312,209.5399932861328,209.6999969482422,140600,0.0,0.0
2024-03-11 00:00:00-04:00,208.72000122070312,210.61000061035156,206.25,210.52000427246094,193100,0.0,0.0
2024-03-12 00:00:00-04:00,210.02999877929688,211.61000061035156,207.89999389648438,210.8699951171875,106100,0.0,0.0
2024-03-13 00:00:00-04:00,210.33999633789062,214.33999633789062,209.75999450683594,210.42999267578125,175800,0.0,0.0
2024-03-14 00:00:00-04:00,208.49000549316406,210.27999877929688,202.97999572753906,204.6999969482422,302400,0.0,0.0
2024-03-15 00:00:00-04:00,204.02999877929688,210.64999389648438,204.02999877929688,210.0,323800,0.0,0.0
2024-03-18 00:00:00-04:00,211.08999633789062,211.27000427246094,208.05999755859375,208.27000427246094,130900,0.0,0.0
2024-03-19 00:00:00-04:00,208.47000122070312,210.33999633789062,208.0500030517578,209.2100067138672,127900,0.0,0.0
2024-03-20 00:00:00-04:00,208.0399932861328,218.9600067138672,208.0399932861328,218.61000061035156,181400,0.0,0.0
2024-03-21 00:00:00-04:00,219.99000549316406,226.9199981689453,217.39999389648438,224.58999633789062,186700,0.0,0.0
2024-03-22 00:00:00-04:00,224.55999755859375,225.49000549316406,221.67999267578125,224.00999450683594,159100,0.0,0.0
2024-03-25 00:00:00-04:00,224.0,225.75999450683594,222.02000427246094,222.6300048828125,82600,0.0,0.0
2024-03-26 00:00:00-04:00,225.36000061035156,226.89999389648438,223.1999969482422,225.5399932861328,122900,0.0,0.0
2024-03-27 00:00:00-04:00,228.3000030517578,234.33999633789062,227.02999877929688,233.72999572753906,129700,0.0,0.0
2024-03-28 00:00:00-04:00,234.80999755859375,236.61000061035156,233.9600067138672,235.77999877929688,183400,0.0,0.0
2024-04-01 00:00:00-04:00,235.77999877929688,235.77999877929688,232.50999450683594,234.35000610351562,233900,0.0,0.0
2024-04-02 00:00:00-04:00,230.97000122070312,230.97000122070312,224.27000427246094,226.36000061035156,212900,0.0,0.0
2024-04-03 00:00:00-04:00,224.52999877929688,227.47999572753906,224.05999755859375,225.63999938964844,126200,0.0,0.0
2024-04-04 00:00:00-04:00,229.05999755859375,229.05999755859375,221.88999938964844,222.55999755859375,98100,0.0,0.0
2024-04-05 00:00:00-04:00,221.47000122070312,224.61000061035156,220.67999267578125,224.05999755859375,140100,0.0,0.0
2024-04-08 00:00:00-04:00,225.99000549316406,227.55999755859375,224.66000366210938,224.82000732421875,75400,0.0,0.0
2024-04-09 00:00:00-04:00,224.82000732421875,230.8000030517578,224.82000732421875,229.97999572753906,153900,0.0,0.0
2024-04-10 00:00:00-04:00,225.14999389648438,226.36000061035156,217.8800048828125,220.0399932861328,208200,0.0,0.0
2024-04-11 00:00:00-04:00,218.19000244140625,220.72999572753906,215.69000244140625,220.3800048828125,147100,0.0,0.0
2024-04-12 00:00:00-04:00,220.19000244140625,220.19000244140625,216.60000610351562,217.50999450683594,182000,0.0,0.0
2024-04-15 00:00:00-04:00,218.25,220.13999938964844,214.5399932861328,215.1199951171875,182200,0.0,0.0
2024-04-16 00:00:00-04:00,214.16000366210938,217.8699951171875,211.8800048828125,216.39999389648438,109600,0.0,0.0
2024-04-17 00:00:00-04:00,218.24000549316406,218.25,211.5800018310547,211.8699951171875,141500,0.0,0.0
2024-04-18 00:00:00-04:00,212.91000366210938,216.22999572753906,211.10000610351562,211.49000549316406,143100,0.0,0.0
2024-04-19 00:00:00-04:00,210.9199981689453,215.4600067138672,210.49000549316406,215.1199951171875,157000,0.0,0.0
2024-04-22 00:00:00-04:00,215.0800018310547,218.80999755859375,214.5,216.86000061035156,152200,0.0,0.0
2024-04-23 00:00:00-04:00,218.22999572753906,223.0399932861328,217.6699981689453,222.19000244140625,151400,0.0,0.0
2024-04-24 00:00:00-04:00,220.25999450683594,225.5,219.6300048828125,221.5399932861328,193900,0.0,0.0
2024-04-25 00:00:00-04:00,217.3699951171875,218.47000122070312,206.6199951171875,217.1199951171875,321800,0.0,0.0
2024-04-26 00:00:00-04:00,217.1199951171875,226.47000122070312,217.1199951171875,221.97000122070312,170300,0.0,0.0
2024-04-29 00:00:00-04:00,222.50999450683594,222.50999450683594,217.75,218.47000122070312,142000,0.0,0.0
2024-04-30 00:00:00-04:00,215.6699981689453,216.27000427246094,210.08999633789062,210.24000549316406,181700,0.0,0.0
2024-05-01 00:00:00-04:00,211.5399932861328,215.61000061035156,209.80999755859375,210.63999938964844,199400,0.0,0.0
2024-05-02 00:00:00-04:00,212.17999267578125,213.4499969482422,208.41000366210938,208.4499969482422,218500,0.0,0.0
2024-05-03 00:00:00-04:00,211.91000366210938,215.16000366210938,211.02999877929688,213.75,201900,0.0,0.0
2024-05-06 00:00:00-04:00,216.4199981689453,221.6999969482422,216.4199981689453,221.60000610351562,150000,0.0,0.0
2024-05-07 00:00:00-04:00,221.72999572753906,223.77000427246094,219.3000030517578,219.3000030517578,134200,0.0,0.0
2024-05-08 00:00:00-04:00,217.22000122070312,222.2899932861328,217.22000122070312,221.69000244140625,241800,0.0,0.0
2024-05-09 00:00:00-04:00,221.00999450683594,226.6300048828125,220.30999755859375,226.27999877929688,136100,0.0,0.0
2024-05-10 00:00:00-04:00,226.82000732421875,226.8300018310547,221.5800018310547,224.82000732421875,137900,0.0,0.0
2024-05-13 00:00:00-04:00,227.4199981689453,235.67999267578125,227.4199981689453,234.85000610351562,219500,0.0,0.0
2024-05-14 00:00:00-04:00,240.8699951171875,244.69000244140625,239.75999450683594,242.99000549316406,289700,0.0,0.0
2024-05-15 00:00:00-04:00,245.08999633789062,245.08999633789062,236.97000122070312,239.72999572753906,152700,0.0,0.0
2024-05-16 00:00:00-04:00,243.52000427246094,245.14999389648438,238.97000122070312,243.8800048828125,190400,0.0,0.0
2024-05-17 00:00:00-04:00,243.57000732421875,244.6999969482422,240.6300048828125,241.1300048828125,169000,0.0,0.0
2024-05-20 00:00:00-04:00,240.13999938964844,242.0,238.5500030517578,239.00999450683594,127600,0.0,0.0
2024-05-21 00:00:00-04:00,238.02000427246094,240.50999450683594,236.97000122070312,240.0,164000,0.0,0.0
2024-05-22 00:00:00-04:00,238.58999633789062,240.60000610351562,234.66000366210938,234.75999450683594,137900,0.0,0.0
2024-05-23 00:00:00-04:00,235.02000427246094,235.02000427246094,227.13999938964844,228.0800018310547,128500,0.0,0.0
2024-05-24 00:00:00-04:00,230.1300048828125,231.61000061035156,229.60000610351562,231.3000030517578,69100,0.0,0.0
2024-05-28 00:00:00-04:00,232.22000122070312,234.75,231.39999389648438,232.44000244140625,135100,0.0,0.0
2024-05-29 00:00:00-04:00,228.30999755859375,230.22999572753906,226.94000244140625,227.38999938964844,127800,0.0,0.0
2024-05-30 00:00:00-04:00,227.9600067138672,233.99000549316406,227.83999633789062,233.61000061035156,122900,0.0,0.0
2024-05-31 00:00:00-04:00,235.41000366210938,237.1199951171875,232.8000030517578,235.07000732421875,161000,0.0,0.0
2024-06-03 00:00:00-04:00,239.58999633789062,243.86000061035156,237.4600067138672,242.72999572753906,189700,0.0,0.0
2024-06-04 00:00:00-04:00,240.50999450683594,241.77000427246094,236.1199951171875,237.72999572753906,161300,0.0,0.0
2024-06-05 00:00:00-04:00,237.88999938964844,238.0,233.5500030517578,236.72999572753906,127700,0.0,0.0
2024-06-06 00:00:00-04:00,234.4199981689453,237.4199981689453,234.4199981689453,235.42999267578125,97000,0.0,0.0
2024-06-07 00:00:00-04:00,235.5,236.32000732421875,234.05999755859375,234.22000122070312,118400,0.0,0.0
2024-06-10 00:00:00-04:00,227.0500030517578,232.2100067138672,225.33999633789062,231.4600067138672,173100,0.0,0.0
2024-06-11 00:00:00-04:00,229.3699951171875,231.77000427246094,225.49000549316406,230.30999755859375,206100,0.0,0.0
2024-06-12 00:00:00-04:00,238.14999389648438,243.8800048828125,234.02000427246094,234.5399932861328,154000,0.0,0.0
2024-06-13 00:00:00-04:00,232.6999969482422,234.75999450683594,230.0399932861328,233.36000061035156,110500,0.0,0.0
2024-06-14 00:00:00-04:00,229.60000610351562,231.3699951171875,225.9600067138672,229.92999267578125,198800,0.0,0.0
2024-06-17 00:00:00-04:00,228.77000427246094,235.75999450683594,228.47999572753906,235.75,102200,0.0,0.0
2024-06-18 00:00:00-04:00,234.91000366210938,236.36000061035156,232.5800018310547,233.1199951171875,98500,0.0,0.0
2024-06-20 00:00:00-04:00,231.16000366210938,233.33999633789062,226.91000366210938,228.22000122070312,262000,0.0,0.0
2024-06-21 00:00:00-04:00,228.22000122070312,231.0500030517578,226.89999389648438,228.64999389648438,542400,0.0,0.0
2024-06-24 00:00:00-04:00,229.83999633789062,234.8000030517578,228.4600067138672,229.75999450683594,168000,0.0,0.0
2024-06-25 00:00:00-04:00,228.22999572753906,228.63999938964844,223.0399932861328,223.66000366210938,276400,0.0,0.0
2024-06-26 00:00:00-04:00,222.2899932861328,225.86000061035156,221.55999755859375,222.08999633789062,221100,0.0,0.0
2024-06-27 00:00:00-04:00,222.24000549316406,226.3300018310547,221.74000549316406,226.13999938964844,221300,0.0,0.0
2024-06-28 00:00:00-04:00,227.82000732421875,230.63999938964844,227.0500030517578,227.8699951171875,304100,0.0,0.0
2024-07-01 00:00:00-04:00,228.0399932861328,230.02000427246094,225.4199981689453,228.24000549316406,205500,0.0,0.0
2024-07-02 00:00:00-04:00,229.08999633789062,230.64999389648438,227.13999938964844,227.30999755859375,179600,0.0,0.0
2024-07-03 00:00:00-04:00,229.19000244140625,229.19000244140625,225.4499969482422,225.61000061035156,118400,0.0,0.0
2024-07-05 00:00:00-04:00,224.67999267578125,225.69000244140625,222.89999389648438,224.75999450683594,166100,0.0,0.0
2024-07-08 00:00:00-04:00,227.1699981689453,230.5800018310547,226.0,227.27000427246094,159000,0.0,0.0
2024-07-09 00:00:00-04:00,225.1199951171875,226.30999755859375,222.35000610351562,222.60000610351562,204900,0.0,0.0
2024-07-10 00:00:00-04:00,224.24000549316406,228.55999755859375,224.24000549316406,227.27999877929688,160300,0.0,0.0
2024-07-11 00:00:00-04:00,234.08999633789062,244.47999572753906,234.08999633789062,243.5500030517578,205700,0.0,0.0
2024-07-12 00:00:00-04:00,245.0,250.14999389648438,244.7899932861328,247.97999572753906,174400,0.0,0.0
2024-07-15 00:00:00-04:00,247.74000549316406,255.32000732421875,245.75999450683594,249.61000061035156,219200,0.0,0.0
2024-07-16 00:00:00-04:00,254.50999450683594,259.6700134277344,252.94000244140625,259.6199951171875,236500,0.0,0.0
2024-07-17 00:00:00-04:00,256.2300109863281,258.010009765625,254.6999969482422,255.83999633789062,187100,0.0,0.0
2024-07-18 00:00:00-04:00,254.0,258.69000244140625,250.47000122070312,250.91000366210938,171800,0.0,0.0
2024-07-19 00:00:00-04:00,250.92999267578125,251.5399932861328,244.3800048828125,245.86000061035156,163000,0.0,0.0
2024-07-22 00:00:00-04:00,246.36000061035156,252.00999450683594,243.52000427246094,251.92999267578125,148100,0.0,0.0
2024-07-23 00:00:00-04:00,251.0500030517578,251.3800048828125,245.74000549316406,247.3800048828125,159100,0.0,0.0
2024-07-24 00:00:00-04:00,247.25,254.02000427246094,244.50999450683594,245.02000427246094,221000,0.0,0.0
2024-07-25 00:00:00-04:00,245.47999572753906,253.14999389648438,245.10000610351562,249.4499969482422,145700,0.0,0.0
2024-07-26 00:00:00-04:00,252.1999969482422,255.6300048828125,249.44000244140625,254.2100067138672,171000,0.0,0.0
2024-07-29 00:00:00-04:00,254.97000122070312,257.7099914550781,253.5,255.60000610351562,94700,0.0,0.0
2024-07-30 00:00:00-04:00,256.3800048828125,258.67999267578125,254.67999267578125,257.19000244140625,131200,0.0,0.0
2024-07-31 00:00:00-04:00,256.54998779296875,277.1300048828125,255.64999389648438,269.2200012207031,433000,0.0,0.0
2024-08-01 00:00:00-04:00,271.5899963378906,273.5799865722656,259.4700012207031,263.42999267578125,229500,0.0,0.0
2024-08-02 00:00:00-04:00,239.75999450683594,242.42999267578125,228.2100067138672,235.35000610351562,324500,0.0,0.0
2024-08-05 00:00:00-04:00,220.82000732421875,235.25,220.0,230.1699981689453,285000,0.0,0.0
2024-08-06 00:00:00-04:00,230.39999389648438,235.8300018310547,226.00999450683594,232.6999969482422,138100,0.0,0.0
2024-08-07 00:00:00-04:00,236.77999877929688,238.22000122070312,227.17999267578125,227.22999572753906,117900,0.0,0.0
2024-08-08 00:00:00-04:00,230.02999877929688,234.7899932861328,230.02999877929688,234.3000030517578,86000,0.0,0.0
2024-08-09 00:00:00-04:00,235.3800048828125,235.3800048828125,231.35000610351562,233.9199981689453,91300,0.0,0.0
2024-08-12 00:00:00-04:00,230.64999389648438,231.22000122070312,226.0500030517578,226.5500030517578,122000,0.0,0.0
2024-08-13 00:00:00-04:00,227.7100067138672,230.6699981689453,225.69000244140625,229.85000610351562,105300,0.0,0.0
2024-08-14 00:00:00-04:00,228.86000061035156,228.86000061035156,223.13999938964844,223.2100067138672,122200,0.0,0.0
2024-08-15 00:00:00-04:00,232.33999633789062,236.27000427246094,230.0399932861328,231.99000549316406,153100,0.0,0.0
2024-08-16 00:00:00-04:00,231.49000549316406,235.2100067138672,229.4199981689453,230.36000061035156,96600,0.0,0.0
2024-08-19 00:00:00-04:00,230.3800048828125,231.5,228.66000366210938,230.02999877929688,85600,0.0,0.0
2024-08-20 00:00:00-04:00,229.02999877929688,230.3699951171875,224.97000122070312,226.25999450683594,100500,0.0,0.0
2024-08-21 00:00:00-04:00,230.88999938964844,235.6199951171875,229.6699981689453,235.0399932861328,139900,0.0,0.0
2024-08-22 00:00:00-04:00,235.0399932861328,235.0399932861328,229.7899932861328,230.88999938964844,101500,0.0,0.0
2024-08-23 00:00:00-04:00,232.91000366210938,242.05999755859375,232.83999633789062,241.77999877929688,147300,0.0,0.0
2024-08-26 00:00:00-04:00,245.0500030517578,245.9499969482422,243.02999877929688,244.05999755859375,163500,0.0,0.0
2024-08-27 00:00:00-04:00,243.24000549316406,243.5,239.91000366210938,240.36000061035156,109300,0.0,0.0
2024-08-28 00:00:00-04:00,238.5399932861328,241.8300018310547,237.41000366210938,241.67999267578125,270900,0.0,0.0
2024-08-29 00:00:00-04:00,243.85000610351562,243.85000610351562,239.47000122070312,242.1999969482422,152700,0.0,0.0
2024-08-30 00:00:00-04:00,242.86000061035156,248.22999572753906,240.86000061035156,245.63999938964844,611400,0.0,0.0
2024-09-03 00:00:00-04:00,242.16000366210938,245.63999938964844,237.72000122070312,237.74000549316406,385600,0.0,0.0
2024-09-04 00:00:00-04:00,236.22999572753906,237.5399932861328,233.6999969482422,233.72000122070312,374800,0.0,0.0
2024-09-05 00:00:00-04:00,235.99000549316406,235.99000549316406,229.88999938964844,230.77000427246094,145300,0.0,0.0
2024-09-06 00:00:00-04:00,229.91000366210938,232.24000549316406,221.5,221.88999938964844,200700,0.0,0.0
2024-09-09 00:00:00-04:00,222.08999633789062,224.9600067138672,220.22000122070312,223.2100067138672,224900,0.0,0.0
2024-09-10 00:00:00-04:00,221.86000061035156,223.27999877929688,208.5399932861328,216.52999877929688,294700,0.0,0.0
2024-09-11 00:00:00-04:00,214.83999633789062,216.47999572753906,211.3000030517578,214.52000427246094,342200,0.0,0.0
2024-09-12 00:00:00-04:00,215.58999633789062,216.3800048828125,212.5500030517578,212.92999267578125,245300,0.0,0.0
2024-09-13 00:00:00-04:00,217.67999267578125,223.42999267578125,216.66000366210938,221.6999969482422,272900,0.0,0.0
2024-09-16 00:00:00-04:00,223.8800048828125,224.66000366210938,219.6699981689453,219.80999755859375,141900,0.0,0.0
2024-09-17 00:00:00-04:00,223.19000244140625,226.39999389648438,221.83999633789062,222.0500030517578,180800,0.0,0.0
2024-09-18 00:00:00-04:00,221.86000061035156,228.77000427246094,218.47000122070312,219.9499969482422,287500,0.0,0.0
2024-09-19 00:00:00-04:00,226.86000061035156,227.57000732421875,221.92999267578125,227.33999633789062,231800,0.0,0.0
2024-09-20 00:00:00-04:00,225.47999572753906,225.47999572753906,222.91000366210938,224.9499969482422,612200,0.0,0.0
2024-09-23 00:00:00-04:00,226.77999877929688,229.3699951171875,224.75,227.9499969482422,200900,0.0,0.0
2024-09-24 00:00:00-04:00,229.97000122070312,231.72000122070312,226.8800048828125,230.24000549316406,420000,0.0,0.0
2024-09-25 00:00:00-04:00,236.02000427246094,239.02999877929688,231.2899932861328,231.6999969482422,427600,0.0,0.0
2024-09-26 00:00:00-04:00,234.74000549316406,240.91000366210938,231.6199951171875,238.2100067138672,204200,0.0,0.0
2024-09-27 00:00:00-04:00,242.02999877929688,246.8000030517578,239.9199981689453,244.35000610351562,181100,0.0,0.0
2024-09-30 00:00:00-04:00,241.83999633789062,242.9199981689453,236.3300018310547,238.58999633789062,174600,0.0,0.0
2024-10-01 00:00:00-04:00,236.8000030517578,236.8000030517578,230.3000030517578,233.36000061035156,169900,0.0,0.0
2024-10-02 00:00:00-04:00,231.52000427246094,233.13999938964844,228.47999572753906,228.64999389648438,111800,0.0,0.0
2024-10-03 00:00:00-04:00,225.58999633789062,225.58999633789062,221.9600067138672,223.50999450683594,107700,0.0,0.0
2024-10-04 00:00:00-04:00,229.16000366210938,232.42999267578125,228.4600067138672,231.82000732421875,139600,0.0,0.0
2024-10-07 00:00:00-04:00,230.07000732421875,230.67999267578125,225.9499969482422,229.00999450683594,106800,0.0,0.0
2024-10-08 00:00:00-04:00,229.99000549316406,230.6699981689453,224.38999938964844,228.27999877929688,112700,0.0,0.0
2024-10-09 00:00:00-04:00,227.6999969482422,228.6300048828125,223.42999267578125,223.61000061035156,174700,0.0,0.0
2024-10-10 00:00:00-04:00,221.30999755859375,223.05999755859375,219.5,221.8300018310547,127700,0.0,0.0
2024-10-11 00:00:00-04:00,220.7899932861328,224.39999389648438,220.7899932861328,223.1300048828125,299100,0.0,0.0
2024-10-14 00:00:00-04:00,221.8800048828125,226.0500030517578,221.38999938964844,225.64999389648438,80200,0.0,0.0
2024-10-15 00:00:00-04:00,224.4499969482422,232.1199951171875,224.4499969482422,225.8300018310547,194600,0.0,0.0
2024-10-16 00:00:00-04:00,229.5,237.1199951171875,228.77999877929688,234.99000549316406,115600,0.0,0.0
2024-10-17 00:00:00-04:00,235.05999755859375,235.5399932861328,231.55999755859375,235.27999877929688,109000,0.0,0.0
2024-10-18 00:00:00-04:00,236.67999267578125,236.67999267578125,233.8000030517578,234.64999389648438,94400,0.0,0.0
2024-10-21 00:00:00-04:00,235.32000732421875,236.0500030517578,229.77000427246094,229.97000122070312,206400,0.0,0.0
2024-10-22 00:00:00-04:00,229.9499969482422,229.9499969482422,225.86000061035156,225.89999389648438,115400,0.0,0.0
2024-10-23 00:00:00-04:00,227.1300048828125,231.82000732421875,227.02000427246094,229.77000427246094,112700,0.0,0.0
2024-10-24 00:00:00-04:00,229.85000610351562,231.30999755859375,224.22999572753906,225.13999938964844,350100,0.0,0.0
2024-10-25 00:00:00-04:00,225.39999389648438,228.27999877929688,222.1999969482422,222.8699951171875,193100,0.0,0.0
2024-10-28 00:00:00-04:00,225.10000610351562,228.50999450683594,221.25,225.5800018310547,830800,0.0,0.0
2024-10-29 00:00:00-04:00,231.05999755859375,233.1199951171875,223.1699981689453,231.4199981689453,366500,0.0,0.0
2024-10-30 00:00:00-04:00,228.02000427246094,237.72000122070312,228.02000427246094,233.02999877929688,179500,0.0,0.0
2024-10-31 00:00:00-04:00,235.36000061035156,235.36000061035156,227.8300018310547,227.83999633789062,149600,0.0,0.0
2024-11-01 00:00:00-04:00,228.5800018310547,232.94000244140625,226.8300018310547,227.97999572753906,142500,0.0,0.0
2024-11-04 00:00:00-05:00,227.3800048828125,237.6300048828125,227.3800048828125,236.97999572753906,251300,0.0,0.0
2024-11-05 00:00:00-05:00,235.14999389648438,242.8699951171875,235.14999389648438,242.0399932861328,166400,0.0,0.0
2024-11-06 00:00:00-05:00,254.61000061035156,263.3599853515625,254.61000061035156,259.20001220703125,359700,0.0,0.0
2024-11-07 00:00:00-05:00,257.75,262.8800048828125,256.0899963378906,259.8800048828125,179900,0.0,0.0
2024-11-08 00:00:00-05:00,261.20001220703125,263.3299865722656,258.3299865722656,260.45001220703125,161900,0.0,0.0
2024-11-11 00:00:00-05:00,263.1199951171875,266.17999267578125,261.8999938964844,265.75,172200,0.0,0.0
2024-11-12 00:00:00-05:00,262.3800048828125,263.1099853515625,256.010009765625,258.6600036621094,166600,0.0,0.0
2024-11-13 00:00:00-05:00,262.7799987792969,266.5199890136719,262.510009765625,264.7900085449219,155200,0.0,0.0
2024-11-14 00:00:00-05:00,265.1300048828125,267.9200134277344,260.1199951171875,261.6199951171875,131200,0.0,0.0
2024-11-15 00:00:00-05:00,264.239990234375,264.239990234375,256.3999938964844,258.17999267578125,112300,0.0,0.0
2024-11-18 00:00:00-05:00,257.989990234375,260.0,255.82000732421875,255.89999389648438,87900,0.0,0.0
2024-11-19 00:00:00-05:00,251.8800048828125,254.08999633789062,249.74000549316406,250.47000122070312,119100,0.0,0.0
2024-11-20 00:00:00-05:00,248.1999969482422,251.77999877929688,246.7100067138672,250.47999572753906,133300,0.0,0.0
2024-11-21 00:00:00-05:00,252.97999572753906,259.3999938964844,252.13999938964844,258.1600036621094,106300,0.0,0.0
2024-11-22 00:00:00-05:00,258.9800109863281,264.4599914550781,258.9800109863281,261.29998779296875,184800,0.0,0.0
2024-11-25 00:00:00-05:00,264.70001220703125,276.5799865722656,263.989990234375,266.82000732421875,253800,0.0,0.0
2024-11-26 00:00:00-05:00,263.75,264.5799865722656,258.42999267578125,263.7200012207031,153200,0.0,0.0
2024-11-27 00:00:00-05:00,264.20001220703125,267.0400085449219,259.70001220703125,260.0299987792969,162300,0.0,0.0
2024-11-29 00:00:00-05:00,261.80999755859375,263.75,259.1700134277344,259.8299865722656,66000,0.0,0.0
2024-12-02 00:00:00-05:00,258.69000244140625,267.0199890136719,257.79998779296875,265.0199890136719,275600,0.0,0.0
2024-12-03 00:00:00-05:00,265.5899963378906,265.5899963378906,262.4200134277344,265.3500061035156,283600,0.0,0.0
2024-12-04 00:00:00-05:00,265.6099853515625,267.8399963378906,261.9800109863281,265.3699951171875,123500,0.0,0.0
2024-12-05 00:00:00-05:00,263.9200134277344,266.19000244140625,258.1000061035156,259.1600036621094,207400,0.0,0.0
2024-12-06 00:00:00-05:00,261.70001220703125,262.9800109863281,256.0299987792969,258.9800109863281,99700,0.0,0.0
2024-12-09 00:00:00-05:00,261.5899963378906,261.70001220703125,256.79998779296875,257.260009765625,126400,0.0,0.0
2024-12-10 00:00:00-05:00,257.55999755859375,258.19000244140625,254.44000244140625,256.739990234375,179700,0.0,0.0
2024-12-11 00:00:00-05:00,258.4599914550781,259.57000732421875,255.02000427246094,255.6300048828125,164800,0.0,0.0
2024-12-12 00:00:00-05:00,255.05999755859375,256.94000244140625,253.17999267578125,254.9499969482422,107000,0.0,0.0
2024-12-13 00:00:00-05:00,254.61000061035156,256.20001220703125,250.57000732421875,253.72000122070312,97600,0.0,0.0
2024-12-16 00:00:00-05:00,252.55999755859375,257.3900146484375,252.55999755859375,256.6700134277344,159700,0.0,0.0
2024-12-17 00:00:00-05:00,254.66000366210938,256.8999938964844,251.83999633789062,252.3000030517578,182700,0.0,0.0
2024-12-18 00:00:00-05:00,253.36000061035156,255.8300018310547,243.42999267578125,243.50999450683594,166000,0.0,0.0
2024-12-19 00:00:00-05:00,248.7100067138672,249.0,240.69000244140625,243.86000061035156,153800,0.0,0.0
2024-12-20 00:00:00-05:00,241.61000061035156,249.3800048828125,238.3800048828125,245.77000427246094,658700,0.0,0.0
2024-12-23 00:00:00-05:00,245.22999572753906,245.22999572753906,240.97999572753906,243.77999877929688,124900,0.0,0.0
2024-12-24 00:00:00-05:00,243.19000244140625,247.0399932861328,243.0500030517578,247.0399932861328,50000,0.0,0.0
2024-12-26 00:00:00-05:00,245.6699981689453,249.57000732421875,245.6699981689453,249.27000427246094,64300,0.0,0.0
2024-12-27 00:00:00-05:00,246.57000732421875,248.0,242.27999877929688,244.52999877929688,86800,0.0,0.0
2024-12-30 00:00:00-05:00,242.72999572753906,244.64999389648438,238.94000244140625,242.9600067138672,109300,0.0,0.0
2024-12-31 00:00:00-05:00,243.6699981689453,247.00999450683594,242.77999877929688,243.02999877929688,117700,0.0,0.0
2025-01-02 00:00:00-05:00,244.44000244140625,246.72000122070312,235.8800048828125,236.4199981689453,179100,0.0,0.0
2025-01-03 00:00:00-05:00,236.0,238.9499969482422,230.66000366210938,236.92999267578125,124900,0.0,0.0
2025-01-06 00:00:00-05:00,238.69000244140625,244.3699951171875,235.69000244140625,237.0500030517578,152100,0.0,0.0
2025-01-07 00:00:00-05:00,239.36000061035156,241.66000366210938,236.6300048828125,241.36000061035156,135400,0.0,0.0
2025-01-08 00:00:00-05:00,238.8000030517578,243.47999572753906,237.57000732421875,241.99000549316406,103100,0.0,0.0
2025-01-10 00:00:00-05:00,236.19000244140625,239.86000061035156,235.1699981689453,237.8000030517578,127100,0.0,0.0
2025-01-13 00:00:00-05:00,234.94000244140625,242.25,233.75999450683594,241.9199981689453,145400,0.0,0.0
2025-01-14 00:00:00-05:00,242.3800048828125,248.60000610351562,242.3800048828125,248.58999633789062,171300,0.0,0.0
2025-01-15 00:00:00-05:00,255.92999267578125,255.92999267578125,248.97000122070312,249.8000030517578,218000,0.0,0.0
2025-01-16 00:00:00-05:00,248.4199981689453,250.25,244.63999938964844,245.36000061035156,338600,0.0,0.0
2025-01-17 00:00:00-05:00,248.8800048828125,249.75999450683594,244.0500030517578,244.77999877929688,291700,0.0,0.0
2025-01-21 00:00:00-05:00,248.57000732421875,256.989990234375,247.07000732421875,256.9200134277344,220000,0.0,0.0
2025-01-22 00:00:00-05:00,256.2200012207031,260.8299865722656,254.60000610351562,256.6099853515625,230100,0.0,0.0
2025-01-23 00:00:00-05:00,254.8699951171875,261.55999755859375,254.33999633789062,259.8399963378906,115400,0.0,0.0
2025-01-24 00:00:00-05:00,258.29998779296875,262.04998779296875,258.29998779296875,261.0799865722656,102800,0.0,0.0
2025-01-27 00:00:00-05:00,262.5,272.0,261.0799865722656,271.1199951171875,191500,0.0,0.0
2025-01-28 00:00:00-05:00,270.42999267578125,274.5299987792969,269.6400146484375,273.32000732421875,120200,0.0,0.0
2025-01-29 00:00:00-05:00,272.3500061035156,276.1700134277344,270.3399963378906,274.30999755859375,213600,0.0,0.0
2025-01-30 00:00:00-05:00,300.0199890136719,312.55999755859375,293.07000732421875,305.8599853515625,915100,0.0,0.0
2025-01-31 00:00:00-05:00,304.5799865722656,304.5799865722656,292.8699951171875,296.67999267578125,341100,0.0,0.0
2025-02-03 00:00:00-05:00,287.7799987792969,292.6000061035156,283.2799987792969,289.3699951171875,399700,0.0,0.0
2025-02-04 00:00:00-05:00,290.2200012207031,295.67999267578125,289.05999755859375,295.6099853515625,171100,0.0,0.0
2025-02-05 00:00:00-05:00,300.0,304.55999755859375,295.0,304.239990234375,159100,0.0,0.0
2025-02-06 00:00:00-05:00,306.0299987792969,309.989990234375,301.1099853515625,303.1300048828125,123300,0.0,0.0
2025-02-07 00:00:00-05:00,301.0,301.0,292.9599914550781,293.6300048828125,144500,0.0,0.0
2025-02-10 00:00:00-05:00,294.1300048828125,294.4200134277344,289.70001220703125,294.04998779296875,121600,0.0,0.0
2025-02-11 00:00:00-05:00,293.5199890136719,301.2300109863281,291.3500061035156,300.989990234375,185100,0.0,0.0
2025-02-12 00:00:00-05:00,298.0400085449219,305.0,296.4800109863281,301.0299987792969,217500,0.0,0.0
2025-02-13 00:00:00-05:00,304.4800109863281,304.4800109863281,299.3299865722656,299.7200012207031,182700,0.0,0.0
2025-02-14 00:00:00-05:00,303.239990234375,306.4599914550781,301.05999755859375,303.3699951171875,123700,0.0,0.0
2025-02-18 00:00:00-05:00,302.4599914550781,303.4700012207031,298.1099853515625,300.7900085449219,117100,0.0,0.0
2025-02-19 00:00:00-05:00,296.80999755859375,298.42999267578125,294.30999755859375,294.5,179100,0.0,0.0
2025-02-20 00:00:00-05:00,291.2900085449219,293.07000732421875,285.7099914550781,287.54998779296875,149700,0.0,0.0
2025-02-21 00:00:00-05:00,290.32000732421875,290.32000732421875,275.010009765625,276.3699951171875,157500,0.0,0.0
2025-02-24 00:00:00-05:00,279.1099853515625,279.1099853515625,273.9800109863281,274.1499938964844,141300,0.0,0.0
2025-02-25 00:00:00-05:00,276.6700134277344,280.1099853515625,273.92999267578125,275.5400085449219,116000,0.0,0.0
2025-02-26 00:00:00-05:00,275.55999755859375,279.3299865722656,272.5,272.6300048828125,97900,0.0,0.0
2025-02-27 00:00:00-05:00,273.4599914550781,275.05999755859375,266.739990234375,266.95001220703125,179600,0.0,0.0
2025-02-28 00:00:00-05:00,266.8999938964844,269.6199951171875,265.3999938964844,268.3999938964844,183300,0.0,0.0
2025-03-03 00:00:00-05:00,271.1099853515625,273.69000244140625,258.05999755859375,259.55999755859375,203200,0.0,0.0
2025-03-04 00:00:00-05:00,254.92999267578125,260.9100036621094,249.0,255.39999389648438,197400,0.0,0.0
2025-03-05 00:00:00-05:00,255.77000427246094,260.7699890136719,253.94000244140625,260.54998779296875,189300,0.0,0.0
2025-03-06 00:00:00-05:00,256.25,260.9599914550781,255.72000122070312,257.17999267578125,169900,0.0,0.0
2025-03-07 00:00:00-05:00,255.63999938964844,257.010009765625,247.94000244140625,254.83999633789062,134300,0.0,0.0
2025-03-10 00:00:00-04:00,250.0,250.39999389648438,242.60000610351562,247.9199981689453,208000,0.0,0.0
2025-03-11 00:00:00-04:00,248.6699981689453,249.47999572753906,240.6300048828125,246.9600067138672,282300,0.0,0.0
2025-03-12 00:00:00-04:00,248.69000244140625,249.10000610351562,240.75,243.02999877929688,140000,0.0,0.0
2025-03-13 00:00:00-04:00,242.3800048828125,243.02000427246094,226.9499969482422,227.02000427246094,292800,0.0,0.0
2025-03-14 00:00:00-04:00,228.02000427246094,231.2100067138672,223.77999877929688,230.8800048828125,282700,0.0,0.0
2025-03-17 00:00:00-04:00,228.9600067138672,237.50999450683594,228.9600067138672,234.64999389648438,155400,0.0,0.0
2025-03-18 00:00:00-04:00,232.4499969482422,233.49000549316406,229.3699951171875,232.50999450683594,184700,0.0,0.0
2025-03-19 00:00:00-04:00,233.5,237.0500030517578,228.60000610351562,234.55999755859375,261300,0.0,0.0
2025-03-20 00:00:00-04:00,231.02999877929688,236.75999450683594,230.6999969482422,232.07000732421875,190600,0.0,0.0
2025-03-21 00:00:00-04:00,229.4199981689453,234.3699951171875,227.99000549316406,233.75999450683594,391100,0.0,0.0
2025-03-24 00:00:00-04:00,238.22000122070312,244.07000732421875,238.22000122070312,241.92999267578125,146100,0.0,0.0
2025-03-25 00:00:00-04:00,239.99000549316406,243.69000244140625,238.86000061035156,242.35000610351562,116900,0.0,0.0
2025-03-26 00:00:00-04:00,243.5500030517578,246.4199981689453,237.02999877929688,237.6199951171875,151900,0.0,0.0
2025-03-27 00:00:00-04:00,232.89999389648438,233.16000366210938,224.77000427246094,226.16000366210938,253000,0.0,0.0
2025-03-28 00:00:00-04:00,223.77999877929688,226.85000610351562,215.52999877929688,218.1699981689453,290700,0.0,0.0
2025-03-31 00:00:00-04:00,213.1999969482422,223.75,207.9600067138672,220.83999633789062,522600,0.0,0.0
2025-04-01 00:00:00-04:00,220.0,227.05999755859375,216.61000061035156,225.25,315000,0.0,0.0
2025-04-02 00:00:00-04:00,222.7899932861328,231.6199951171875,222.7899932861328,230.7899932861328,232900,0.0,0.0
2025-04-03 00:00:00-04:00,211.72000122070312,217.19000244140625,207.55999755859375,213.47000122070312,379400,0.0,0.0
2025-04-04 00:00:00-04:00,205.3800048828125,224.66000366210938,205.3699951171875,212.5800018310547,549600,0.0,0.0
2025-04-07 00:00:00-04:00,207.9600067138672,226.2100067138672,201.67999267578125,215.6300048828125,363400,0.0,0.0
2025-04-08 00:00:00-04:00,223.1699981689453,224.36000061035156,205.85000610351562,210.85000610351562,433800,0.0,0.0
2025-04-09 00:00:00-04:00,210.27999877929688,236.97000122070312,208.6699981689453,233.2100067138672,399800,0.0,0.0
2025-04-10 00:00:00-04:00,222.99000549316406,226.22000122070312,216.6199951171875,223.72000122070312,242600,0.0,0.0
2025-04-11 00:00:00-04:00,224.07000732421875,230.24000549316406,217.86000061035156,228.27999877929688,292800,0.0,0.0
2025-04-14 00:00:00-04:00,230.75999450683594,232.07000732421875,220.0,225.47999572753906,242600,0.0,0.0
2025-04-15 00:00:00-04:00,225.10000610351562,226.89999389648438,219.6300048828125,222.16000366210938,140600,0.0,0.0
2025-04-16 00:00:00-04:00,218.69000244140625,221.0,213.3300018310547,216.77999877929688,230700,0.0,0.0
2025-04-17 00:00:00-04:00,215.97999572753906,221.61000061035156,212.74000549316406,218.5500030517578,161000,0.0,0.0
2025-04-21 00:00:00-04:00,216.75999450683594,217.4499969482422,211.35000610351562,216.41000366210938,220100,0.0,0.0
2025-04-22 00:00:00-04:00,220.80999755859375,224.92999267578125,218.02000427246094,223.0,339900,0.0,0.0
2025-04-23 00:00:00-04:00,227.57000732421875,234.4600067138672,219.0399932861328,219.30999755859375,194300,0.0,0.0
2025-04-24 00:00:00-04:00,219.2899932861328,224.72000122070312,217.86000061035156,221.52999877929688,682400,0.0,0.0
2025-04-25 00:00:00-04:00,218.08999633789062,223.8699951171875,217.97999572753906,223.5399932861328,153200,0.0,0.0
2025-04-28 00:00:00-04:00,221.3800048828125,226.72000122070312,221.3800048828125,224.4499969482422,325100,0.0,0.0
2025-04-29 00:00:00-04:00,212.16000366210938,219.58999633789062,207.02000427246094,216.25999450683594,368500,0.0,0.0
2025-04-30 00:00:00-04:00,213.69000244140625,219.9199981689453,204.57000732421875,218.13999938964844,505500,0.0,0.0
2025-05-01 00:00:00-04:00,220.67999267578125,223.25999450683594,217.2100067138672,218.35000610351562,283500,0.0,0.0
2025-05-02 00:00:00-04:00,220.3000030517578,224.80999755859375,217.27999877929688,222.3300018310547,123000,0.0,0.0
2025-05-05 00:00:00-04:00,220.3800048828125,223.75999450683594,219.6999969482422,220.7100067138672,121800,0.0,0.0
2025-05-06 00:00:00-04:00,217.39999389648438,220.4499969482422,216.60000610351562,220.27000427246094,110900,0.0,0.0
2025-05-07 00:00:00-04:00,221.13999938964844,222.47000122070312,216.19000244140625,217.83999633789062,143000,0.0,0.0
2025-05-08 00:00:00-04:00,220.50999450683594,227.44000244140625,218.55999755859375,225.86000061035156,145100,0.0,0.0
2025-05-09 00:00:00-04:00,226.3300018310547,226.3300018310547,222.3300018310547,225.02999877929688,88100,0.0,0.0
2025-05-12 00:00:00-04:00,238.66000366210938,241.9600067138672,233.3800048828125,235.9600067138672,189100,0.0,0.0
2025-05-13 00:00:00-04:00,238.5,241.89999389648438,237.74000549316406,239.82000732421875,137600,0.0,0.0
2025-05-14 00:00:00-04:00,237.4600067138672,240.9600067138672,235.19000244140625,235.1999969482422,133200,0.0,0.0
2025-05-15 00:00:00-04:00,234.41000366210938,235.4199981689453,231.8699951171875,233.67999267578125,121800,0.0,0.0
2025-05-16 00:00:00-04:00,234.25999450683594,236.32000732421875,232.1199951171875,235.07000732421875,101700,0.0,0.0
2025-05-19 00:00:00-04:00,231.1300048828125,234.6699981689453,230.41000366210938,233.94000244140625,92000,0.0,0.0
2025-05-20 00:00:00-04:00,233.00999450683594,234.4600067138672,230.3300018310547,231.7100067138672,93200,0.0,0.0
2025-05-21 00:00:00-04:00,227.89999389648438,230.4499969482422,224.83999633789062,225.5,186500,0.0,0.0
2025-05-22 00:00:00-04:00,225.27000427246094,227.80999755859375,222.22000122070312,226.61000061035156,139300,0.0,0.0
2025-05-23 00:00:00-04:00,220.99000549316406,225.77999877929688,220.99000549316406,225.19000244140625,137700,0.0,0.0
2025-05-27 00:00:00-04:00,229.07000732421875,230.8699951171875,226.07000732421875,229.7100067138672,105300,0.0,0.0
2025-05-28 00:00:00-04:00,231.19000244140625,237.77999877929688,227.08999633789062,228.60000610351562,118700,0.0,0.0
2025-05-29 00:00:00-04:00,227.75999450683594,227.75999450683594,224.6199951171875,226.25,102400,0.0,0.0
2025-05-30 00:00:00-04:00,225.50999450683594,228.97000122070312,224.16000366210938,227.91000366210938,116300,0.0,0.0
2025-06-02 00:00:00-04:00,226.1999969482422,230.02000427246094,224.3699951171875,229.22999572753906,260000,0.0,0.0
2025-06-03 00:00:00-04:00,229.0,234.36000061035156,229.0,233.6699981689453,110900,0.0,0.0
2025-06-04 00:00:00-04:00,233.02000427246094,233.02000427246094,228.3300018310547,228.72999572753906,81400,0.0,0.0
2025-06-05 00:00:00-04:00,229.0,230.3800048828125,227.42999267578125,230.02999877929688,109800,0.0,0.0
2025-06-06 00:00:00-04:00,234.14999389648438,234.30999755859375,229.75,232.07000732421875,76000,0.0,0.0
2025-06-09 00:00:00-04:00,234.36000061035156,238.25,230.47999572753906,237.47999572753906,98900,0.0,0.0
2025-06-10 00:00:00-04:00,239.75,244.89999389648438,237.0800018310547,243.60000610351562,95700,0.0,0.0
2025-06-11 00:00:00-04:00,244.11000061035156,246.32000732421875,242.60000610351562,243.07000732421875,93500,0.0,0.0
2025-06-12 00:00:00-04:00,240.07000732421875,243.32000732421875,238.5500030517578,239.67999267578125,108000,0.0,0.0
2025-06-13 00:00:00-04:00,235.91000366210938,237.0800018310547,231.47999572753906,232.49000549316406,104800,0.0,0.0
2025-06-16 00:00:00-04:00,238.72999572753906,241.07000732421875,235.55999755859375,239.97999572753906,113300,0.0,0.0
2025-06-17 00:00:00-04:00,238.1300048828125,238.8800048828125,234.67999267578125,234.97999572753906,135200,0.0,0.0
2025-06-18 00:00:00-04:00,233.25999450683594,238.36000061035156,232.8699951171875,235.7899932861328,207300,0.0,0.0
2025-06-20 00:00:00-04:00,238.27999877929688,238.72000122070312,235.75999450683594,237.6199951171875,382500,0.0,0.0
2025-06-23 00:00:00-04:00,237.3300018310547,240.0,234.44000244140625,239.44000244140625,189300,0.0,0.0
2025-06-24 00:00:00-04:00,240.6199951171875,246.8300018310547,240.24000549316406,245.99000549316406,150500,0.0,0.0
2025-06-25 00:00:00-04:00,244.47000122070312,245.27999877929688,240.5800018310547,240.72999572753906,115400,0.0,0.0
2025-06-26 00:00:00-04:00,241.3300018310547,244.27999877929688,236.2100067138672,239.88999938964844,107700,0.0,0.0
2025-06-27 00:00:00-04:00,240.82000732421875,244.72999572753906,238.33999633789062,244.1300048828125,238200,0.0,0.0
2025-06-30 00:00:00-04:00,243.9199981689453,244.32000732421875,236.05999755859375,238.5399932861328,220200,0.0,0.0
2025-07-01 00:00:00-04:00,236.75999450683594,251.13999938964844,236.75999450683594,248.9199981689453,230100,0.0,0.0
2025-07-02 00:00:00-04:00,251.13999938964844,259.3800048828125,249.22999572753906,258.94000244140625,175300,0.0,0.0
2025-07-03 00:00:00-04:00,259.1300048828125,260.4200134277344,257.1400146484375,258.6600036621094,76800,0.0,0.0
2025-07-07 00:00:00-04:00,255.33999633789062,259.3900146484375,252.6199951171875,254.33999633789062,145800,0.0,0.0
2025-07-08 00:00:00-04:00,255.55999755859375,259.7300109863281,253.4499969482422,254.08999633789062,166900,0.0,0.0
2025-07-09 00:00:00-04:00,256.4800109863281,261.0199890136719,254.25,261.010009765625,119200,0.0,0.0
2025-07-10 00:00:00-04:00,261.75,274.5,255.27000427246094,265.9700012207031,327800,0.0,0.0
2025-07-11 00:00:00-04:00,263.8500061035156,264.29998779296875,260.7699890136719,263.2200012207031,92100,0.0,0.0
2025-07-14 00:00:00-04:00,262.4200134277344,263.6600036621094,260.67999267578125,263.32000732421875,87400,0.0,0.0
2025-07-15 00:00:00-04:00,265.4100036621094,265.4100036621094,248.1999969482422,248.30999755859375,198600,0.0,0.0
2025-07-16 00:00:00-04:00,249.1199951171875,252.3800048828125,246.14999389648438,248.11000061035156,108600,0.0,0.0
2025-07-17 00:00:00-04:00,242.6300048828125,245.0500030517578,229.4600067138672,229.52000427246094,248100,0.0,0.0
2025-07-18 00:00:00-04:00,232.1300048828125,234.36000061035156,227.2899932861328,229.9600067138672,175200,0.0,0.0
2025-07-21 00:00:00-04:00,230.77999877929688,234.02999877929688,230.69000244140625,231.77000427246094,143200,0.0,0.0
2025-07-22 00:00:00-04:00,232.5399932861328,237.7100067138672,232.5,233.82000732421875,287700,0.0,0.0
2025-07-23 00:00:00-04:00,235.4199981689453,240.8300018310547,234.14999389648438,238.52000427246094,126800,0.0,0.0
2025-07-24 00:00:00-04:00,236.11000061035156,237.13999938964844,228.0500030517578,232.57000732421875,177600,0.0,0.0
2025-07-25 00:00:00-04:00,235.14999389648438,237.67999267578125,229.64999389648438,237.66000366210938,121100,0.0,0.0
2025-07-28 00:00:00-04:00,237.47000122070312,238.0,226.14999389648438,229.1999969482422,479900,0.0,0.0
2025-07-29 00:00:00-04:00,230.75,233.61000061035156,212.85000610351562,220.3300018310547,530600,0.0,0.0
2025-07-30 00:00:00-04:00,221.25,226.94000244140625,219.52999877929688,222.0,421200,0.0,0.0
2025-07-31 00:00:00-04:00,220.85000610351562,226.36000061035156,220.85000610351562,222.1199951171875,223900,0.0,0.0
2025-08-01 00:00:00-04:00,218.94000244140625,225.7100067138672,218.35000610351562,223.02000427246094,337400,0.0,0.0
2025-08-04 00:00:00-04:00,225.13999938964844,228.14999389648438,223.8000030517578,223.94000244140625,216400,0.0,0.0
2025-08-05 00:00:00-04:00,224.55999755859375,230.6999969482422,224.55999755859375,229.16000366210938,246800,0.0,0.0
2025-08-06 00:00:00-04:00,229.75,231.44000244140625,228.7100067138672,229.3800048828125,193600,0.0,0.0
2025-08-07 00:00:00-04:00,231.82000732421875,231.82000732421875,223.49000549316406,223.99000549316406,177800,0.0,0.0
2025-08-08 00:00:00-04:00,228.13999938964844,228.13999938964844,220.55999755859375,222.27999877929688,142000,0.0,0.0
2025-08-11 00:00:00-04:00,223.60000610351562,224.0,220.58999633789062,223.02000427246094,189700,0.0,0.0
2025-08-12 00:00:00-04:00,225.85000610351562,234.25999450683594,224.32000732421875,234.10000610351562,166500,0.0,0.0
2025-08-13 00:00:00-04:00,235.30999755859375,243.89999389648438,231.35000610351562,243.17999267578125,136400,0.0,0.0
2025-08-14 00:00:00-04:00,244.16000366210938,244.16000366210938,240.16000366210938,242.1999969482422,185900,0.0,0.0
2025-08-15 00:00:00-04:00,244.0,244.0,239.49000549316406,240.5500030517578,175300,0.0,0.0
2025-08-18 00:00:00-04:00,240.36000061035156,242.6199951171875,239.07000732421875,240.44000244140625,118600,0.0,0.0
2025-08-19 00:00:00-04:00,241.80999755859375,245.85000610351562,241.3000030517578,245.08999633789062,145200,0.0,0.0
2025-08-20 00:00:00-04:00,241.9499969482422,243.49000549316406,239.41000366210938,240.85000610351562,119700,0.0,0.0
2025-08-21 00:00:00-04:00,236.9600067138672,241.24000549316406,236.9600067138672,240.13999938964844,127500,0.0,0.0
2025-08-22 00:00:00-04:00,242.88999938964844,254.6999969482422,242.52000427246094,253.82000732421875,187100,0.0,0.0
2025-08-25 00:00:00-04:00,255.42999267578125,256.8500061035156,252.38999938964844,252.8300018310547,133500,0.0,0.0
2025-08-26 00:00:00-04:00,255.17999267578125,259.760009765625,254.16000366210938,254.36000061035156,115900,0.0,0.0
2025-08-27 00:00:00-04:00,254.05999755859375,257.8999938964844,254.05999755859375,256.6099853515625,126200,0.0,0.0
2025-08-28 00:00:00-04:00,257.5,263.3800048828125,252.80999755859375,258.0400085449219,243000,0.0,0.0
2025-08-29 00:00:00-04:00,258.7300109863281,258.92999267578125,251.17999267578125,251.5399932861328,161000,0.0,0.0
2025-09-02 00:00:00-04:00,246.25,254.17999267578125,246.25,253.35000610351562,146500,0.0,0.0
2025-09-03 00:00:00-04:00,252.36000061035156,256.32000732421875,252.24000549316406,253.67999267578125,98600,0.0,0.0
2025-09-04 00:00:00-04:00,254.11000061035156,259.5199890136719,252.89999389648438,259.0,97600,0.0,0.0
2025-09-05 00:00:00-04:00,259.1700134277344,262.6700134277344,254.22000122070312,257.4800109863281,185200,0.0,0.0
2025-09-08 00:00:00-04:00,256.6400146484375,256.6400146484375,251.8699951171875,254.36000061035156,137100,0.0,0.0
2025-09-09 00:00:00-04:00,253.60000610351562,258.95001220703125,250.41000366210938,253.94000244140625,82500,0.0,0.0
2025-09-10 00:00:00-04:00,249.89999389648438,252.1699981689453,246.4499969482422,247.00999450683594,140800,0.0,0.0
2025-09-11 00:00:00-04:00,247.77000427246094,253.6300048828125,247.77000427246094,252.85000610351562,123200,0.0,0.0
2025-09-12 00:00:00-04:00,251.83999633789062,251.83999633789062,242.24000549316406,244.24000549316406,88800,0.0,0.0
2025-09-15 00:00:00-04:00,242.88999938964844,245.91000366210938,241.80999755859375,242.74000549316406,103600,0.0,0.0
2025-09-16 00:00:00-04:00,242.9499969482422,244.24000549316406,239.36000061035156,243.00999450683594,111100,0.0,0.0
2025-09-17 00:00:00-04:00,244.30999755859375,251.60000610351562,242.1199951171875,242.82000732421875,116500,0.0,0.0
2025-09-18 00:00:00-04:00,243.66000366210938,248.10000610351562,241.17999267578125,245.4499969482422,120100,0.0,0.0
2025-09-19 00:00:00-04:00,245.77000427246094,245.77000427246094,240.33999633789062,241.1999969482422,331000,0.0,0.0
2025-09-22 00:00:00-04:00,240.25999450683594,242.11000061035156,238.47999572753906,239.77999877929688,133200,0.0,0.0
2025-09-23 00:00:00-04:00,240.11000061035156,245.25,238.88999938964844,242.35000610351562,147100,0.0,0.0
2025-09-24 00:00:00-04:00,242.97999572753906,247.69000244140625,240.69000244140625,242.2899932861328,117800,0.0,0.0
2025-09-25 00:00:00-04:00,236.77999877929688,238.0500030517578,228.1999969482422,236.30999755859375,196300,0.0,0.0
2025-09-26 00:00:00-04:00,237.27999877929688,240.17999267578125,235.22999572753906,239.0,171300,0.0,0.0
2025-09-29 00:00:00-04:00,241.49000549316406,241.57000732421875,236.08999633789062,240.61000061035156,207200,0.0,0.0
2025-09-30 00:00:00-04:00,240.57000732421875,244.91000366210938,238.63999938964844,244.4499969482422,191900,0.0,0.0
2025-10-01 00:00:00-04:00,243.32000732421875,251.60000610351562,242.0800018310547,251.13999938964844,169700,0.0,0.0
2025-10-02 00:00:00-04:00,250.1999969482422,253.24000549316406,247.0,251.52000427246094,180600,0.0,0.0
2025-10-03 00:00:00-04:00,253.00999450683594,257.79998779296875,252.3300018310547,253.38999938964844,225200,0.0,0.0
2025-10-06 00:00:00-04:00,255.82000732421875,255.82000732421875,247.0,247.50999450683594,181200,0.0,0.0
2025-10-07 00:00:00-04:00,246.22000122070312,247.0,241.30999755859375,243.1999969482422,131600,0.0,0.0
2025-10-08 00:00:00-04:00,243.5500030517578,248.41000366210938,237.97000122070312,247.8800048828125,150200,0.0,0.0
2025-10-09 00:00:00-04:00,246.0399932861328,246.30999755859375,242.02000427246094,243.94000244140625,141400,0.0,0.0
2025-10-10 00:00:00-04:00,245.08999633789062,245.08999633789062,234.00999450683594,235.05999755859375,164600,0.0,0.0
2025-10-13 00:00:00-04:00,235.8699951171875,241.0399932861328,235.8699951171875,239.35000610351562,181100,0.0,0.0
2025-10-14 00:00:00-04:00,235.3699951171875,250.47000122070312,235.3699951171875,246.2100067138672,231600,0.0,0.0
2025-10-15 00:00:00-04:00,247.30999755859375,251.1699981689453,245.19000244140625,248.4600067138672,128400,0.0,0.0
2025-10-16 00:00:00-04:00,247.27999877929688,248.7100067138672,242.69000244140625,244.52999877929688,100900,0.0,0.0
2025-10-17 00:00:00-04:00,244.6199951171875,249.39999389648438,241.25999450683594,243.74000549316406,214700,0.0,0.0
2025-10-20 00:00:00-04:00,244.58999633789062,248.0800018310547,242.5399932861328,245.8699951171875,103900,0.0,0.0
2025-10-21 00:00:00-04:00,246.3000030517578,252.88999938964844,244.13999938964844,251.3699951171875,94700,0.0,0.0
2025-10-22 00:00:00-04:00,250.19000244140625,251.0500030517578,246.14999389648438,248.82000732421875,125000,0.0,0.0
2025-10-23 00:00:00-04:00,247.75999450683594,247.88999938964844,238.0,240.97000122070312,126000,0.0,0.0
2025-10-24 00:00:00-04:00,244.47000122070312,245.5800018310547,238.72000122070312,239.3300018310547,107600,0.0,0.0
2025-10-27 00:00:00-04:00,239.47999572753906,243.55999755859375,232.6999969482422,234.3300018310547,242600,0.0,0.0
2025-10-28 00:00:00-04:00,239.8800048828125,248.0399932861328,233.49000549316406,235.88999938964844,448300,0.0,0.0
2025-10-29 00:00:00-04:00,234.1300048828125,242.52000427246094,229.63999938964844,237.3800048828125,265800,0.0,0.0
2025-10-30 00:00:00-04:00,234.4600067138672,241.97999572753906,233.9600067138672,238.22000122070312,313200,0.0,0.0
2025-10-31 00:00:00-04:00,235.97999572753906,239.52000427246094,234.11000061035156,234.60000610351562,205000,0.0,0.0
2025-11-03 00:00:00-05:00,234.60000610351562,236.4600067138672,232.1300048828125,234.97999572753906,244700,0.0,0.0
2025-11-04 00:00:00-05:00,232.86000061035156,235.50999450683594,229.63999938964844,230.42999267578125,201700,0.0,0.0
2025-11-05 00:00:00-05:00,230.1199951171875,235.5,229.99000549316406,233.86000061035156,204300,0.0,0.0
2025-11-06 00:00:00-05:00,230.66000366210938,232.49000549316406,226.10000610351562,226.61000061035156,183800,0.0,0.0
2025-11-07 00:00:00-05:00,226.41000366210938,229.61000061035156,223.9600067138672,226.61000061035156,144300,0.0,0.0
2025-11-10 00:00:00-05:00,230.10000610351562,230.10000610351562,221.88999938964844,222.61000061035156,186000,0.0,0.0
2025-11-11 00:00:00-05:00,223.49000549316406,223.69000244140625,216.88999938964844,217.97999572753906,169800,0.0,0.0
2025-11-12 00:00:00-05:00,216.99000549316406,226.1300048828125,216.33999633789062,224.75999450683594,190700,0.0,0.0
2025-11-13 00:00:00-05:00,225.5399932861328,226.89999389648438,222.19000244140625,223.27999877929688,117500,0.0,0.0
2025-11-14 00:00:00-05:00,223.13999938964844,224.30999755859375,219.80999755859375,222.08999633789062,108600,0.0,0.0
2025-11-17 00:00:00-05:00,220.10000610351562,222.5800018310547,216.77999877929688,216.77999877929688,94000,0.0,0.0
2025-11-18 00:00:00-05:00,215.0,220.9199981689453,212.97999572753906,220.3000030517578,139000,0.0,0.0
2025-11-19 00:00:00-05:00,219.1300048828125,222.5500030517578,218.24000549316406,219.4499969482422,150800,0.0,0.0
2025-11-20 00:00:00-05:00,222.97000122070312,224.7100067138672,210.6699981689453,210.94000244140625,233000,0.0,0.0
2025-11-21 00:00:00-05:00,212.74000549316406,223.97000122070312,212.74000549316406,222.92999267578125,190200,0.0,0.0
2025-11-24 00:00:00-05:00,223.77000427246094,227.38999938964844,221.10000610351562,223.8000030517578,155500,0.0,0.0
2025-11-25 00:00:00-05:00,224.52999877929688,237.0399932861328,224.52999877929688,233.6199951171875,174000,0.0,0.0
2025-11-26 00:00:00-05:00,235.0,241.97000122070312,234.24000549316406,234.5,245200,0.0,0.0
2025-11-28 00:00:00-05:00,233.30999755859375,235.50999450683594,231.6699981689453,232.57000732421875,68400,0.0,0.0
2025-12-01 00:00:00-05:00,230.77000427246094,235.1300048828125,228.83999633789062,232.1199951171875,115000,0.0,0.0
2025-12-02 00:00:00-05:00,235.1699981689453,235.1699981689453,229.99000549316406,230.47999572753906,151300,0.0,0.0
2025-12-03 00:00:00-05:00,230.6699981689453,240.13999938964844,230.55999755859375,236.22999572753906,168500,0.0,0.0
2025-12-04 00:00:00-05:00,233.5800018310547,236.77000427246094,230.5399932861328,233.89999389648438,129800,0.0,0.0
2025-12-05 00:00:00-05:00,235.10000610351562,240.44000244140625,233.33999633789062,238.89999389648438,209800,0.0,0.0
2025-12-08 00:00:00-05:00,240.60000610351562,243.16000366210938,238.10000610351562,238.67999267578125,220400,0.0,0.0
2025-12-09 00:00:00-05:00,222.17999267578125,241.64999389648438,222.17999267578125,237.77999877929688,154100,0.0,0.0
2025-12-10 00:00:00-05:00,238.83999633789062,247.66000366210938,237.5,244.3800048828125,190100,0.0,0.0
2025-12-11 00:00:00-05:00,245.52000427246094,249.91000366210938,242.82000732421875,248.57000732421875,196900,0.0,0.0
2025-12-12 00:00:00-05:00,250.0,250.0,241.1999969482422,243.63999938964844,145900,0.0,0.0
2025-12-15 00:00:00-05:00,245.8300018310547,246.25999450683594,241.08999633789062,242.42999267578125,153400,0.0,0.0
2025-12-16 00:00:00-05:00,243.13999938964844,243.4499969482422,240.0500030517578,242.14999389648438,180200,0.0,0.0
2025-12-17 00:00:00-05:00,240.02999877929688,245.27999877929688,237.77999877929688,242.33999633789062,180800,0.0,0.0
2025-12-18 00:00:00-05:00,244.38999938964844,247.16000366210938,235.39999389648438,236.1300048828125,224500,0.0,0.0
2025-12-19 00:00:00-05:00,235.0399932861328,238.1699981689453,233.77000427246094,236.89999389648438,367900,0.0,0.0
2025-12-22 00:00:00-05:00,237.49000549316406,239.99000549316406,234.19000244140625,236.89999389648438,167400,0.0,0.0
2025-12-23 00:00:00-05:00,235.8300018310547,239.57000732421875,233.6699981689453,237.3800048828125,239400,0.0,0.0
2025-12-24 00:00:00-05:00,237.0,241.92999267578125,235.9499969482422,240.88999938964844,145200,0.0,0.0
2025-12-26 00:00:00-05:00,238.89999389648438,242.72999572753906,238.58999633789062,241.4600067138672,140100,0.0,0.0
2025-12-29 00:00:00-05:00,241.74000549316406,241.74000549316406,238.72000122070312,239.80999755859375,160300,0.0,0.0
2025-12-30 00:00:00-05:00,238.99000549316406,240.0,236.35000610351562,236.52000427246094,146000,0.0,0.0
2025-12-31 00:00:00-05:00,236.6199951171875,237.38999938964844,231.69000244140625,232.52999877929688,165500,0.0,0.0
2026-01-02 00:00:00-05:00,232.6300048828125,234.97999572753906,227.74000549316406,234.75999450683594,275400,0.0,0.0
2026-01-05 00:00:00-05:00,232.58999633789062,243.52999877929688,232.58999633789062,240.19000244140625,179000,0.0,0.0
2026-01-06 00:00:00-05:00,236.99000549316406,243.2899932861328,235.02999877929688,242.07000732421875,185500,0.0,0.0
2026-01-07 00:00:00-05:00,241.97999572753906,245.11000061035156,239.41000366210938,241.77000427246094,144400,0.0,0.0
2026-01-08 00:00:00-05:00,239.1999969482422,253.47000122070312,239.1999969482422,250.64999389648438,153400,0.0,0.0
2026-01-09 00:00:00-05:00,250.8000030517578,256.1000061035156,247.5399932861328,256.0299987792969,187200,0.0,0.0
2026-01-12 00:00:00-05:00,252.97999572753906,257.07000732421875,248.42999267578125,251.44000244140625,192900,0.0,0.0
2026-01-13 00:00:00-05:00,242.19000244140625,247.0399932861328,237.3800048828125,245.52999877929688,279200,0.0,0.0
2026-01-14 00:00:00-05:00,244.74000549316406,246.3300018310547,241.6699981689453,245.50999450683594,105600,0.0,0.0
2026-01-15 00:00:00-05:00,243.72000122070312,249.97000122070312,243.5,248.5,87000,0.0,0.0
2026-01-16 00:00:00-05:00,249.0,252.1300048828125,246.52999877929688,247.57000732421875,104200,0.0,0.0
2026-01-20 00:00:00-05:00,242.30999755859375,245.30999755859375,241.4199981689453,244.80999755859375,151700,0.0,0.0
2026-01-21 00:00:00-05:00,246.75,253.99000549316406,246.3699951171875,253.75,149300,0.0,0.0
2026-01-22 00:00:00-05:00,256.239990234375,258.75,249.38999938964844,249.82000732421875,117100,0.0,0.0
2026-01-23 00:00:00-05:00,246.61000061035156,248.10000610351562,235.3699951171875,238.0399932861328,170100,0.0,0.0
2026-01-26 00:00:00-05:00,239.0500030517578,241.16000366210938,235.57000732421875,238.5399932861328,115400,0.0,0.0
2026-01-27 00:00:00-05:00,238.92999267578125,242.5500030517578,235.39999389648438,241.14999389648438,82700,0.0,0.0
2026-01-28 00:00:00-05:00,242.6199951171875,244.88999938964844,240.02000427246094,243.88999938964844,175600,0.0,0.0
2026-01-29 00:00:00-05:00,239.58999633789062,240.61000061035156,234.1999969482422,237.1999969482422,216100,0.0,0.0
2026-01-30 00:00:00-05:00,235.1999969482422,235.9499969482422,231.42999267578125,234.50999450683594,191900,0.0,0.0
2026-02-02 00:00:00-05:00,234.24000549316406,239.75999450683594,233.6999969482422,235.77000427246094,298200,0.0,0.0
2026-02-03 00:00:00-05:00,235.0,238.33999633789062,229.80999755859375,231.88999938964844,356200,0.0,0.0
2026-02-04 00:00:00-05:00,234.13999938964844,242.22000122070312,234.13999938964844,237.0399932861328,267200,0.0,0.0
2026-02-05 00:00:00-05:00,232.41000366210938,236.2899932861328,218.91000366210938,220.5500030517578,275600,0.0,0.0
2026-02-06 00:00:00-05:00,220.3800048828125,231.2899932861328,219.25,225.2100067138672,493100,0.0,0.0
2026-02-09 00:00:00-05:00,225.75999450683594,229.9600067138672,222.4600067138672,223.50999450683594,335600,0.0,0.0
2026-02-10 00:00:00-05:00,223.2100067138672,232.14999389648438,223.2100067138672,228.55999755859375,332900,0.0,0.0
2026-02-11 00:00:00-05:00,228.66000366210938,234.8000030517578,223.07000732421875,232.2899932861328,184600,0.0,0.0
2026-02-12 00:00:00-05:00,236.50999450683594,239.39999389648438,230.36000061035156,234.05999755859375,269800,0.0,0.0
2026-02-13 00:00:00-05:00,234.6300048828125,234.6300048828125,227.92999267578125,229.44000244140625,210900,0.0,0.0
2026-02-17 00:00:00-05:00,227.72000122070312,230.97000122070312,220.1999969482422,227.39999389648438,251200,0.0,0.0
2026-02-18 00:00:00-05:00,226.3000030517578,231.72999572753906,226.24000549316406,229.77999877929688,228800,0.0,0.0
2026-02-19 00:00:00-05:00,228.02000427246094,228.02000427246094,220.8699951171875,223.2100067138672,214000,0.0,0.0
2026-02-20 00:00:00-05:00,223.72999572753906,229.77999877929688,222.25,226.17999267578125,177800,0.0,0.0
2026-02-23 00:00:00-05:00,226.1999969482422,226.1999969482422,216.42999267578125,220.47999572753906,239500,0.0,0.0
2026-02-24 00:00:00-05:00,222.67999267578125,223.6699981689453,218.6999969482422,219.50999450683594,175100,0.0,0.0
2026-02-25 00:00:00-05:00,217.6999969482422,221.3699951171875,214.80999755859375,217.02999877929688,170300,0.0,0.0
2026-02-26 00:00:00-05:00,224.27999877929688,225.1199951171875,217.9499969482422,218.3300018310547,243600,0.0,0.0
2026-02-27 00:00:00-05:00,213.97000122070312,216.61000061035156,213.13999938964844,213.77999877929688,184700,0.0,0.0
2026-03-02 00:00:00-05:00,208.8699951171875,211.3699951171875,206.0,210.75999450683594,212700,0.0,0.0
2026-03-03 00:00:00-05:00,205.19000244140625,212.0,203.0,211.44000244140625,328100,0.0,0.0
2026-03-04 00:00:00-05:00,216.08999633789062,216.08999633789062,211.6199951171875,212.47999572753906,152700,0.0,0.0
2026-03-05 00:00:00-05:00,210.89999389648438,214.8800048828125,206.50999450683594,207.6300048828125,172200,0.0,0.0
2026-03-06 00:00:00-05:00,203.02000427246094,208.6699981689453,197.50999450683594,204.77999877929688,179600,0.0,0.0
2026-03-09 00:00:00-04:00,198.67999267578125,204.22999572753906,195.1699981689453,204.1699981689453,331500,0.0,0.0
2026-03-10 00:00:00-04:00,210.35000610351562,210.35000610351562,198.05999755859375,199.39999389648438,274300,0.0,0.0
2026-03-11 00:00:00-04:00,200.16000366210938,202.0800018310547,196.3300018310547,199.52000427246094,233800,0.0,0.0
2026-03-12 00:00:00-04:00,197.02000427246094,200.2899932861328,195.82000732421875,196.69000244140625,318200,0.0,0.0
2026-03-13 00:00:00-04:00,198.5399932861328,200.2100067138672,194.8000030517578,196.4600067138672,231200,0.0,0.0
2026-03-16 00:00:00-04:00,197.80999755859375,197.8800048828125,189.91000366210938,191.0,218100,0.0,0.0
2026-03-17 00:00:00-04:00,192.8699951171875,195.32000732421875,188.97000122070312,189.11000061035156,197200,0.0,0.0
2026-03-18 00:00:00-04:00,186.27000427246094,189.66000366210938,186.27000427246094,189.4499969482422,422700,0.0,0.0
2026-03-19 00:00:00-04:00,188.02000427246094,192.35000610351562,185.11000061035156,188.97000122070312,289400,0.0,0.0
2026-03-20 00:00:00-04:00,189.72999572753906,190.72999572753906,184.61000061035156,185.0800018310547,436100,0.0,0.0
2026-03-23 00:00:00-04:00,191.27000427246094,194.8300018310547,191.0,191.6999969482422,261800,0.0,0.0
2026-03-24 00:00:00-04:00,188.92999267578125,193.97000122070312,187.99000549316406,189.88999938964844,201800,0.0,0.0
2026-03-25 00:00:00-04:00,192.05999755859375,194.3800048828125,188.47999572753906,194.0800018310547,184100,0.0,0.0
2026-03-26 00:00:00-04:00,193.19000244140625,198.88999938964844,193.19000244140625,198.5500030517578,204100,0.0,0.0
2026-03-27 00:00:00-04:00,197.22000122070312,199.99000549316406,194.1199951171875,195.55999755859375,190900,0.0,0.0
2026-03-30 00:00:00-04:00,197.85000610351562,199.39999389648438,193.3000030517578,193.4499969482422,254900,0.0,0.0
2026-03-31 00:00:00-04:00,196.35000610351562,198.10000610351562,192.05999755859375,195.41000366210938,171900,0.0,0.0
2026-04-01 00:00:00-04:00,193.2899932861328,196.13999938964844,192.8800048828125,194.02999877929688,150400,0.0,0.0
2026-04-02 00:00:00-04:00,192.80999755859375,195.27999877929688,189.99000549316406,194.75999450683594,121100,0.0,0.0
2026-04-06 00:00:00-04:00,193.8300018310547,196.6999969482422,190.6300048828125,195.39999389648438,150700,0.0,0.0
2026-04-07 00:00:00-04:00,196.0,196.77999877929688,193.58999633789062,195.13999938964844,135200,0.0,0.0
2026-04-08 00:00:00-04:00,201.24000549316406,204.5,200.63999938964844,200.67999267578125,158500,0.0,0.0
2026-04-09 00:00:00-04:00,199.00999450683594,203.8300018310547,197.57000732421875,202.0500030517578,130400,0.0,0.0
2026-04-10 00:00:00-04:00,202.30999755859375,204.6999969482422,200.41000366210938,204.0,140900,0.0,0.0
2026-04-13 00:00:00-04:00,202.2899932861328,205.8000030517578,199.75,205.72999572753906,199100,0.0,0.0
2026-04-14 00:00:00-04:00,204.91000366210938,209.14999389648438,200.7100067138672,206.57000732421875,129900,0.0,0.0
2026-04-15 00:00:00-04:00,206.9600067138672,207.33999633789062,201.57000732421875,202.5399932861328,238000,0.0,0.0
2026-04-16 00:00:00-04:00,202.99000549316406,205.3300018310547,201.63999938964844,204.08999633789062,136800,0.0,0.0
2026-04-17 00:00:00-04:00,207.75,215.61000061035156,204.7100067138672,211.44000244140625,256900,0.0,0.0
2026-04-20 00:00:00-04:00,210.6699981689453,213.16000366210938,210.33999633789062,212.7100067138672,152500,0.0,0.0
2026-04-21 00:00:00-04:00,213.52000427246094,214.22999572753906,205.14999389648438,207.99000549316406,379800,0.0,0.0
2026-04-22 00:00:00-04:00,209.50999450683594,209.5399932861328,199.17999267578125,202.4499969482422,552000,0.0,0.0
2026-04-23 00:00:00-04:00,202.89999389648438,202.92999267578125,197.69000244140625,202.00999450683594,362500,0.0,0.0
2026-04-24 00:00:00-04:00,201.92999267578125,204.3000030517578,198.64999389648438,203.05999755859375,271400,0.0,0.0
2026-04-27 00:00:00-04:00,203.41000366210938,205.75,197.74000549316406,200.02999877929688,489600,0.0,0.0
2026-04-28 00:00:00-04:00,193.0,206.4499969482422,188.00999450683594,200.55999755859375,680100,0.0,0.0
2026-04-29 00:00:00-04:00,200.55999755859375,204.99000549316406,199.8000030517578,201.38999938964844,407400,0.0,0.0
2026-04-30 00:00:00-04:00,201.75,206.61000061035156,198.16000366210938,203.69000244140625,608800,0.0,0.0
2026-05-01 00:00:00-04:00,205.14999389648438,206.72999572753906,200.63999938964844,203.00999450683594,220700,0.0,0.0
2026-05-04 00:00:00-04:00,201.8800048828125,201.8800048828125,187.97999572753906,193.35000610351562,509200,0.0,0.0
2026-05-05 00:00:00-04:00,194.6199951171875,200.74000549316406,193.77000427246094,198.5,335400,0.0,0.0
2026-05-06 00:00:00-04:00,202.3800048828125,203.55999755859375,197.36000061035156,197.6999969482422,256400,0.0,0.0
2026-05-07 00:00:00-04:00,197.8800048828125,202.3699951171875,195.13999938964844,200.4499969482422,217000,0.0,0.0
2026-05-08 00:00:00-04:00,201.16000366210938,201.8800048828125,198.64999389648438,200.38999938964844,176700,0.0,0.0
2026-05-11 00:00:00-04:00,200.57000732421875,201.9600067138672,196.05999755859375,197.49000549316406,308100,0.0,0.0
2026-05-12 00:00:00-04:00,197.6300048828125,197.6300048828125,193.61000061035156,193.67999267578125,235100,0.0,0.0
2026-05-13 00:00:00-04:00,192.11000061035156,195.8800048828125,191.55999755859375,192.85000610351562,356600,0.0,0.0
2026-05-14 00:00:00-04:00,193.8300018310547,198.1199951171875,192.0,193.08999633789062,481500,0.0,0.0
2026-05-15 00:00:00-04:00,192.91000366210938,192.91000366210938,179.1199951171875,179.1699981689453,288200,0.0,0.0
2026-05-18 00:00:00-04:00,178.69000244140625,182.19000244140625,175.1999969482422,176.27999877929688,277800,0.0,0.0
2026-05-19 00:00:00-04:00,175.6300048828125,180.5800018310547,172.00999450683594,177.5,319000,0.0,0.0
2026-05-20 00:00:00-04:00,177.75999450683594,182.9600067138672,175.0500030517578,182.8300018310547,216500,0.0,0.0
2026-05-21 00:00:00-04:00,180.08999633789062,185.8699951171875,178.5,185.3800048828125,262400,0.0,0.0
2026-05-22 00:00:00-04:00,184.3000030517578,188.0399932861328,184.3000030517578,187.72000122070312,111800,0.0,0.0
2026-05-26 00:00:00-04:00,188.4499969482422,191.9600067138672,187.6699981689453,190.02000427246094,202600,0.0,0.0
2026-05-27 00:00:00-04:00,191.47000122070312,196.97999572753906,190.72999572753906,193.9600067138672,317400,0.0,0.0
2026-05-28 00:00:00-04:00,192.8000030517578,197.0500030517578,190.77000427246094,194.75,199300,0.0,0.0
2026-05-29 00:00:00-04:00,194.4499969482422,194.8300018310547,187.4499969482422,187.7100067138672,309500,0.0,0.0
2026-06-01 00:00:00-04:00,186.0,188.0,181.52000427246094,186.6199951171875,310800,0.0,0.0
2026-06-02 00:00:00-04:00,186.2899932861328,190.75,186.24000549316406,189.9600067138672,167000,0.0,0.0
2026-06-03 00:00:00-04:00,188.5500030517578,189.94000244140625,186.6699981689453,186.9199981689453,248100,0.0,0.0
2026-06-04 00:00:00-04:00,190.55999755859375,191.6999969482422,188.1199951171875,190.14999389648438,152800,0.0,0.0
2026-06-05 00:00:00-04:00,190.07000732421875,191.6999969482422,187.6300048828125,190.97999572753906,245300,0.0,0.0
2026-06-08 00:00:00-04:00,191.00999450683594,197.58999633789062,189.8800048828125,193.4600067138672,222900,0.0,0.0
2026-06-09 00:00:00-04:00,195.35000610351562,202.10000610351562,195.35000610351562,201.0399932861328,217100,0.0,0.0
2026-06-10 00:00:00-04:00,203.0800018310547,203.0800018310547,198.1199951171875,198.1300048828125,211800,0.0,0.0
2026-06-11 00:00:00-04:00,199.5,200.91000366210938,193.55999755859375,199.47999572753906,174500,0.0,0.0
2026-06-12 00:00:00-04:00,200.3699951171875,200.3699951171875,195.7899932861328,199.52999877929688,207600,0.0,0.0
2026-06-15 00:00:00-04:00,201.0399932861328,204.0399932861328,198.64999389648438,199.5500030517578,261700,0.0,0.0
2026-06-16 00:00:00-04:00,200.4600067138672,201.94000244140625,198.83999633789062,199.82000732421875,188300,0.0,0.0
2026-06-17 00:00:00-04:00,198.5399932861328,201.47000122070312,189.2100067138672,190.1300048828125,223200,0.0,0.0
2026-06-18 00:00:00-04:00,191.22999572753906,197.22999572753906,189.1300048828125,197.0500030517578,530200,0.0,0.0
2026-06-22 00:00:00-04:00,195.49000549316406,200.67999267578125,195.10000610351562,196.1999969482422,216500,0.0,0.0
2026-06-23 00:00:00-04:00,196.6999969482422,200.47000122070312,194.35000610351562,199.4499969482422,196200,0.0,0.0
2026-06-24 00:00:00-04:00,201.5399932861328,206.8800048828125,201.3300018310547,206.3300018310547,250600,0.0,0.0
2026-06-25 00:00:00-04:00,207.5,208.1199951171875,198.77000427246094,203.0500030517578,176300,0.0,0.0
2026-06-26 00:00:00-04:00,202.1699981689453,205.92999267578125,201.3300018310547,205.1699981689453,614400,0.0,0.0
2026-06-29 00:00:00-04:00,202.55999755859375,203.36000061035156,199.47000122070312,201.4600067138672,360100,0.0,0.0
2026-06-30 00:00:00-04:00,200.1999969482422,201.57000732421875,197.52999877929688,201.0800018310547,157100,0.0,0.0
2026-07-01 00:00:00-04:00,199.61000061035156,202.94000244140625,198.00999450683594,198.02000427246094,199700,0.0,0.0
2026-07-02 00:00:00-04:00,199.25999450683594,206.8000030517578,196.49000549316406,205.39999389648438,318000,0.0,0.0
2026-07-06 00:00:00-04:00,204.00999450683594,208.0500030517578,200.24000549316406,207.97000122070312,213000,0.0,0.0
2026-07-07 00:00:00-04:00,208.30999755859375,211.3000030517578,207.47999572753906,208.74000549316406,154900,0.0,0.0
2026-07-08 00:00:00-04:00,206.49000549316406,206.49000549316406,202.47000122070312,204.75,153600,0.0,0.0
2026-07-09 00:00:00-04:00,205.0,215.4600067138672,203.64999389648438,211.72999572753906,182900,0.0,0.0
2026-07-10 00:00:00-04:00,213.3300018310547,216.60000610351562,211.4199981689453,211.97000122070312,376800,0.0,0.0
2026-07-13 00:00:00-04:00,213.6699981689453,215.44000244140625,210.5500030517578,210.72999572753906,168400,0.0,0.0
2026-07-14 00:00:00-04:00,209.16000366210938,213.2899932861328,207.5500030517578,212.7899932861328,137700,0.0,0.0
2026-07-15 00:00:00-04:00,211.1300048828125,220.3000030517578,211.1300048828125,218.42999267578125,271000,0.0,0.0
2026-07-16 00:00:00-04:00,219.60000610351562,228.6999969482422,217.1300048828125,226.66000366210938,319600,0.0,0.0
2026-07-17 00:00:00-04:00,223.85000610351562,230.22000122070312,218.55999755859375,220.36000061035156,178500,0.0,0.0
2026-07-20 00:00:00-04:00,220.11000061035156,221.57000732421875,209.82000732421875,210.1199951171875,393200,0.0,0.0
2026-07-21 00:00:00-04:00,211.35000610351562,216.86000061035156,210.72000122070312,216.11000061035156,246161,0.0,0.0
