Date,Open,High,Low,Close,Volume,Dividends,Stock Splits
2022-01-03 00:00:00-05:00,205.0,205.5749969482422,193.50999450683594,198.3300018310547,5311600,0.0,0.0
2022-01-04 00:00:00-05:00,195.88999938964844,197.44500732421875,183.32000732421875,189.19000244140625,6503400,0.0,0.0
2022-01-05 00:00:00-05:00,185.0,191.36000061035156,178.99000549316406,179.2899932861328,5003400,0.0,0.0
2022-01-06 00:00:00-05:00,180.25,192.1699981689453,176.25,187.49000549316406,6368600,0.0,0.0
2022-01-07 00:00:00-05:00,185.0,193.27000427246094,184.80999755859375,188.99000549316406,3531900,0.0,0.0
2022-01-10 00:00:00-05:00,182.61000061035156,193.17999267578125,174.8699951171875,192.5,7052000,0.0,0.0
2022-01-11 00:00:00-05:00,189.61000061035156,198.5,188.74000549316406,196.11000061035156,3663100,0.0,0.0
2022-01-12 00:00:00-05:00,196.61000061035156,200.67999267578125,185.6999969482422,187.97000122070312,6002800,0.0,0.0
2022-01-13 00:00:00-05:00,188.14999389648438,188.49000549316406,173.52999877929688,174.89999389648438,7565400,0.0,0.0
2022-01-14 00:00:00-05:00,173.8699951171875,181.5,172.1699981689453,176.6999969482422,4674700,0.0,0.0
2022-01-18 00:00:00-05:00,172.72999572753906,183.8800048828125,170.0500030517578,172.85000610351562,4732600,0.0,0.0
2022-01-19 00:00:00-05:00,171.7100067138672,181.88699340820312,171.52000427246094,175.7100067138672,4438500,0.0,0.0
2022-01-20 00:00:00-05:00,177.3300018310547,182.5,173.3350067138672,173.88999938964844,3172300,0.0,0.0
2022-01-21 00:00:00-05:00,171.8800048828125,173.25,163.11000061035156,164.72999572753906,6318100,0.0,0.0
2022-01-24 00:00:00-05:00,157.1750030517578,168.22000122070312,150.02000427246094,167.27000427246094,8756300,0.0,0.0
2022-01-25 00:00:00-05:00,167.0,168.9499969482422,157.5,158.58999633789062,5278000,0.0,0.0
2022-01-26 00:00:00-05:00,162.25999450683594,171.24000549316406,159.27000427246094,160.94000244140625,5049000,0.0,0.0
2022-01-27 00:00:00-05:00,164.16000366210938,167.77000427246094,158.36000061035156,159.80999755859375,3890900,0.0,0.0
2022-01-28 00:00:00-05:00,160.60000610351562,169.1699981689453,156.1199951171875,168.89999389648438,4517600,0.0,0.0
2022-01-31 00:00:00-05:00,170.6999969482422,180.8800048828125,170.24000549316406,180.63999938964844,4939800,0.0,0.0
2022-02-01 00:00:00-05:00,182.00999450683594,182.91400146484375,176.24000549316406,182.14999389648438,3007000,0.0,0.0
2022-02-02 00:00:00-05:00,183.0,185.0,174.0800018310547,177.0399932861328,3525400,0.0,0.0
2022-02-03 00:00:00-05:00,171.97300720214844,175.8000030517578,169.52000427246094,170.6300048828125,3217900,0.0,0.0
2022-02-04 00:00:00-05:00,170.88999938964844,178.63999938964844,169.0,177.2100067138672,2080600,0.0,0.0
2022-02-07 00:00:00-05:00,176.8000030517578,183.19000244140625,176.36000061035156,178.83999633789062,1988600,0.0,0.0
2022-02-08 00:00:00-05:00,175.97999572753906,184.1199951171875,175.8300018310547,178.89999389648438,3821600,0.0,0.0
2022-02-09 00:00:00-05:00,182.10000610351562,187.0,181.00999450683594,186.89999389648438,2571500,0.0,0.0
2022-02-10 00:00:00-05:00,182.22999572753906,193.47999572753906,182.22000122070312,187.8800048828125,3465300,0.0,0.0
2022-02-11 00:00:00-05:00,188.49000549316406,191.25,178.61000061035156,181.86000061035156,3268700,0.0,0.0
2022-02-14 00:00:00-05:00,180.06300354003906,186.6199951171875,179.91000366210938,180.60000610351562,2648900,0.0,0.0
2022-02-15 00:00:00-05:00,185.10299682617188,189.5,182.41000366210938,189.3000030517578,2471000,0.0,0.0
2022-02-16 00:00:00-05:00,186.23599243164062,186.61199951171875,180.33999633789062,183.27999877929688,2754900,0.0,0.0
2022-02-17 00:00:00-05:00,181.86000061035156,181.8800048828125,168.9600067138672,169.85000610351562,3644400,0.0,0.0
2022-02-18 00:00:00-05:00,169.05999755859375,170.97999572753906,164.1199951171875,164.92999267578125,3345100,0.0,0.0
2022-02-22 00:00:00-05:00,161.5,170.8800048828125,161.4770050048828,166.7100067138672,3281200,0.0,0.0
2022-02-23 00:00:00-05:00,170.61500549316406,171.60000610351562,161.63600158691406,161.8300018310547,3659400,0.0,0.0
2022-02-24 00:00:00-05:00,153.5,184.3300018310547,153.5,182.8800048828125,9574700,0.0,0.0
2022-02-25 00:00:00-05:00,182.50999450683594,183.6999969482422,174.25999450683594,181.75,5477700,0.0,0.0
2022-02-28 00:00:00-05:00,187.35000610351562,197.25,186.72999572753906,195.2100067138672,8335700,0.0,0.0
2022-03-01 00:00:00-05:00,201.3300018310547,205.67999267578125,195.85400390625,197.63999938964844,6864800,0.0,0.0
2022-03-02 00:00:00-05:00,198.60000610351562,203.3699951171875,190.27000427246094,201.75,4295700,0.0,0.0
2022-03-03 00:00:00-05:00,200.0,204.8000030517578,189.0800018310547,191.02000427246094,5157800,0.0,0.0
2022-03-04 00:00:00-05:00,193.75999450683594,193.86000061035156,177.27999877929688,179.02999877929688,4721700,0.0,0.0
2022-03-07 00:00:00-05:00,180.99000549316406,182.4600067138672,165.58999633789062,167.39999389648438,5122400,0.0,0.0
2022-03-08 00:00:00-05:00,165.0,165.00999450683594,155.36000061035156,156.77000427246094,6671800,0.0,0.0
2022-03-09 00:00:00-05:00,161.30999755859375,171.0800018310547,157.6699981689453,169.7899932861328,9287200,0.0,0.0
2022-03-10 00:00:00-05:00,187.89999389648438,198.6699981689453,182.5500030517578,191.02000427246094,24135400,0.0,0.0
2022-03-11 00:00:00-05:00,191.1199951171875,197.0,189.5,190.5399932861328,7983100,0.0,0.0
2022-03-14 00:00:00-04:00,188.00999450683594,191.9199981689453,178.0,183.1199951171875,5855500,0.0,0.0
2022-03-15 00:00:00-04:00,183.5,189.0399932861328,178.16000366210938,188.63999938964844,5086000,0.0,0.0
2022-03-16 00:00:00-04:00,191.58999633789062,197.82000732421875,181.27999877929688,189.66000366210938,7738900,0.0,0.0
2022-03-17 00:00:00-04:00,189.27999877929688,205.11000061035156,186.52000427246094,204.1300048828125,6523500,0.0,0.0
2022-03-18 00:00:00-04:00,201.60000610351562,209.6750030517578,200.75,208.05999755859375,6604100,0.0,0.0
2022-03-21 00:00:00-04:00,203.0,205.49000549316406,195.5,204.1300048828125,6307100,0.0,0.0
2022-03-22 00:00:00-04:00,204.1999969482422,219.75,204.00999450683594,217.05999755859375,6391900,0.0,0.0
2022-03-23 00:00:00-04:00,213.2449951171875,223.97999572753906,210.56500244140625,219.47999572753906,4624900,0.0,0.0
2022-03-24 00:00:00-04:00,220.0,223.49000549316406,215.1999969482422,223.39999389648438,3055300,0.0,0.0
2022-03-25 00:00:00-04:00,225.0,225.75,216.6999969482422,221.9499969482422,2806700,0.0,0.0
2022-03-28 00:00:00-04:00,220.14999389648438,225.75,216.91000366210938,222.1199951171875,2691200,0.0,0.0
2022-03-29 00:00:00-04:00,224.4499969482422,225.44000244140625,213.5500030517578,223.00999450683594,4299900,0.0,0.0
2022-03-30 00:00:00-04:00,220.74000549316406,231.5,218.3800048828125,224.9600067138672,4551600,0.0,0.0
2022-03-31 00:00:00-04:00,225.0500030517578,232.35000610351562,223.02999877929688,227.0800018310547,4145200,0.0,0.0
2022-04-01 00:00:00-04:00,225.3000030517578,232.86000061035156,224.52999877929688,227.85000610351562,3909200,0.0,0.0
2022-04-04 00:00:00-04:00,228.0,230.07000732421875,225.60000610351562,229.02999877929688,3005500,0.0,0.0
2022-04-05 00:00:00-04:00,229.99000549316406,230.3699951171875,217.88499450683594,219.9600067138672,3565300,0.0,0.0
2022-04-06 00:00:00-04:00,212.53500366210938,215.58999633789062,207.1999969482422,211.22000122070312,4390500,0.0,0.0
2022-04-07 00:00:00-04:00,210.77999877929688,221.5,210.27999877929688,217.02999877929688,3544100,0.0,0.0
2022-04-08 00:00:00-04:00,221.5,227.6999969482422,215.1999969482422,218.2100067138672,6730400,0.0,0.0
2022-04-11 00:00:00-04:00,213.77000427246094,219.99000549316406,208.44000244140625,216.60000610351562,3158900,0.0,0.0
2022-04-12 00:00:00-04:00,227.35000610351562,236.1790008544922,222.3300018310547,223.50999450683594,8701400,0.0,0.0
2022-04-13 00:00:00-04:00,224.11000061035156,242.0,223.75,239.86000061035156,8119700,0.0,0.0
2022-04-14 00:00:00-04:00,238.02000427246094,239.5500030517578,235.05999755859375,235.22000122070312,4356400,0.0,0.0
2022-04-18 00:00:00-04:00,234.0,234.5,222.16000366210938,224.99000549316406,3601300,0.0,0.0
2022-04-19 00:00:00-04:00,224.99000549316406,230.75999450683594,222.3000030517578,228.66000366210938,2710400,0.0,0.0
2022-04-20 00:00:00-04:00,229.32000732421875,232.0,217.5,222.49000549316406,3422400,0.0,0.0
2022-04-21 00:00:00-04:00,223.80999755859375,227.1999969482422,207.82000732421875,209.85000610351562,3180700,0.0,0.0
2022-04-22 00:00:00-04:00,209.0,214.1649932861328,203.67999267578125,205.6199951171875,2816800,0.0,0.0
2022-04-25 00:00:00-04:00,202.83999633789062,216.5,202.02000427246094,214.5800018310547,3017800,0.0,0.0
2022-04-26 00:00:00-04:00,211.74000549316406,212.85000610351562,201.07000732421875,201.39999389648438,3337000,0.0,0.0
2022-04-27 00:00:00-04:00,200.08999633789062,206.9600067138672,198.13999938964844,201.05999755859375,2605900,0.0,0.0
2022-04-28 00:00:00-04:00,202.80999755859375,209.97000122070312,198.57000732421875,207.05999755859375,2601200,0.0,0.0
2022-04-29 00:00:00-04:00,206.61000061035156,212.19000244140625,197.8000030517578,198.75999450683594,2938700,0.0,0.0
2022-05-02 00:00:00-04:00,198.5,204.5,196.57000732421875,203.64999389648438,2278600,0.0,0.0
2022-05-03 00:00:00-04:00,203.64999389648438,207.8300018310547,195.11000061035156,199.39999389648438,3338600,0.0,0.0
2022-05-04 00:00:00-04:00,200.36000061035156,200.6999969482422,181.38999938964844,200.38999938964844,6187300,0.0,0.0
2022-05-05 00:00:00-04:00,199.02000427246094,199.0399932861328,177.17300415039062,180.97999572753906,4986900,0.0,0.0
2022-05-06 00:00:00-04:00,178.6649932861328,178.88999938964844,160.74000549316406,164.80999755859375,8285600,0.0,0.0
2022-05-09 00:00:00-04:00,159.00999450683594,160.60000610351562,142.05999755859375,143.69000244140625,9275400,0.0,0.0
2022-05-10 00:00:00-04:00,150.6699981689453,154.27000427246094,139.7100067138672,151.8800048828125,7393100,0.0,0.0
2022-05-11 00:00:00-04:00,148.32400512695312,152.7449951171875,136.82000732421875,137.39999389648438,6478300,0.0,0.0
2022-05-12 00:00:00-04:00,134.1999969482422,145.0,130.0,139.80999755859375,5989000,0.0,0.0
2022-05-13 00:00:00-04:00,143.05999755859375,157.75799560546875,143.05999755859375,156.2899932861328,6244100,0.0,0.0
2022-05-16 00:00:00-04:00,154.0,157.67999267578125,144.82000732421875,146.38999938964844,4115800,0.0,0.0
2022-05-17 00:00:00-04:00,151.3300018310547,154.8699951171875,140.8000030517578,147.27000427246094,5316000,0.0,0.0
2022-05-18 00:00:00-04:00,144.17999267578125,148.4199981689453,136.36000061035156,138.5,5895100,0.0,0.0
2022-05-19 00:00:00-04:00,138.60000610351562,148.7899932861328,136.67999267578125,142.63999938964844,4582200,0.0,0.0
2022-05-20 00:00:00-04:00,151.77999877929688,156.7050018310547,142.0500030517578,148.74000549316406,8197500,0.0,0.0
2022-05-23 00:00:00-04:00,147.75999450683594,153.97000122070312,144.8699951171875,149.27000427246094,4388800,0.0,0.0
2022-05-24 00:00:00-04:00,146.69000244140625,148.3800048828125,137.0500030517578,139.8699951171875,4244400,0.0,0.0
2022-05-25 00:00:00-04:00,138.8249969482422,148.82000732421875,137.6999969482422,146.63999938964844,4515800,0.0,0.0
2022-05-26 00:00:00-04:00,145.6999969482422,160.25,145.25999450683594,155.83999633789062,5502200,0.0,0.0
2022-05-27 00:00:00-04:00,158.88999938964844,167.36000061035156,158.6699981689453,166.82000732421875,4522100,0.0,0.0
2022-05-31 00:00:00-04:00,167.57000732421875,170.55999755859375,158.0500030517578,159.99000549316406,5849600,0.0,0.0
2022-06-01 00:00:00-04:00,163.00999450683594,168.0,158.35000610351562,161.4499969482422,4977100,0.0,0.0
2022-06-02 00:00:00-04:00,161.0,176.55999755859375,160.99000549316406,174.02000427246094,8498700,0.0,0.0
2022-06-03 00:00:00-04:00,165.86399841308594,170.82000732421875,160.69000244140625,162.10000610351562,9303200,0.0,0.0
2022-06-06 00:00:00-04:00,167.47999572753906,171.35000610351562,162.7100067138672,168.97000122070312,6826000,0.0,0.0
2022-06-07 00:00:00-04:00,166.10000610351562,181.88999938964844,165.8419952392578,176.67999267578125,5790900,0.0,0.0
2022-06-08 00:00:00-04:00,176.0,180.47000122070312,175.0500030517578,178.83999633789062,2893000,0.0,0.0
2022-06-09 00:00:00-04:00,176.5,179.5800018310547,173.41000366210938,173.5500030517578,2914500,0.0,0.0
2022-06-10 00:00:00-04:00,168.125,170.5,165.0800018310547,169.32000732421875,4201700,0.0,0.0
2022-06-13 00:00:00-04:00,158.7100067138672,160.8800048828125,150.6300048828125,154.52000427246094,5620300,0.0,0.0
2022-06-14 00:00:00-04:00,156.0,162.25,153.5399932861328,159.25999450683594,3283000,0.0,0.0
2022-06-15 00:00:00-04:00,161.3300018310547,167.5,159.27000427246094,164.35000610351562,3635000,0.0,0.0
2022-06-16 00:00:00-04:00,157.0399932861328,161.4499969482422,153.75999450683594,157.2100067138672,3776800,0.0,0.0
2022-06-17 00:00:00-04:00,158.5,165.50999450683594,157.92999267578125,163.89999389648438,4364800,0.0,0.0
2022-06-21 00:00:00-04:00,165.0,170.85000610351562,163.0800018310547,164.63999938964844,4520300,0.0,0.0
2022-06-22 00:00:00-04:00,162.61000061035156,171.6699981689453,161.89700317382812,165.7100067138672,2986500,0.0,0.0
2022-06-23 00:00:00-04:00,168.58999633789062,176.60000610351562,166.64999389648438,174.89999389648438,4344300,0.0,0.0
2022-06-24 00:00:00-04:00,177.99000549316406,188.67999267578125,177.2899932861328,184.99000549316406,6131900,0.0,0.0
2022-06-27 00:00:00-04:00,185.02000427246094,185.63999938964844,177.3300018310547,181.92999267578125,2863000,0.0,0.0
2022-06-28 00:00:00-04:00,181.44000244140625,183.92999267578125,171.7100067138672,174.19000244140625,3111300,0.0,0.0
2022-06-29 00:00:00-04:00,174.375,177.86000061035156,171.72000122070312,175.94000244140625,2238100,0.0,0.0
2022-06-30 00:00:00-04:00,173.6199951171875,174.8000030517578,163.5500030517578,168.55999755859375,4214600,0.0,0.0
2022-07-01 00:00:00-04:00,168.24000549316406,179.6300048828125,167.47000122070312,179.25,3710400,0.0,0.0
2022-07-05 00:00:00-04:00,179.1999969482422,188.97000122070312,175.72000122070312,187.02000427246094,6384100,0.0,0.0
2022-07-06 00:00:00-04:00,188.2899932861328,190.6999969482422,183.07000732421875,185.9199981689453,3207200,0.0,0.0
2022-07-07 00:00:00-04:00,185.32000732421875,192.82000732421875,185.32000732421875,190.1999969482422,3485300,0.0,0.0
2022-07-08 00:00:00-04:00,185.0,194.85000610351562,184.10000610351562,190.3800048828125,3143200,0.0,0.0
2022-07-11 00:00:00-04:00,188.0,188.37600708007812,181.0500030517578,185.3699951171875,2420300,0.0,0.0
2022-07-12 00:00:00-04:00,186.89999389648438,190.2100067138672,172.89999389648438,174.38999938964844,4124500,0.0,0.0
2022-07-13 00:00:00-04:00,169.97999572753906,178.74000549316406,168.33799743652344,174.97000122070312,2949200,0.0,0.0
2022-07-14 00:00:00-04:00,172.33999633789062,174.6699981689453,167.64999389648438,172.75,2970500,0.0,0.0
2022-07-15 00:00:00-04:00,174.07000732421875,179.22000122070312,171.1300048828125,177.89999389648438,2928300,0.0,0.0
2022-07-18 00:00:00-04:00,183.52000427246094,183.52000427246094,176.7100067138672,177.25,2690500,0.0,0.0
2022-07-19 00:00:00-04:00,180.35000610351562,180.7100067138672,174.5,180.5500030517578,2560000,0.0,0.0
2022-07-20 00:00:00-04:00,182.97999572753906,187.5399932861328,181.02999877929688,184.3000030517578,3081700,0.0,0.0
2022-07-21 00:00:00-04:00,183.5500030517578,189.24000549316406,181.61000061035156,189.0,2506900,0.0,0.0
2022-07-22 00:00:00-04:00,190.0,193.9199981689453,181.0,183.52999877929688,2801600,0.0,0.0
2022-07-25 00:00:00-04:00,182.8000030517578,184.0749969482422,178.42999267578125,182.6199951171875,1698800,0.0,0.0
2022-07-26 00:00:00-04:00,182.1699981689453,182.61000061035156,168.10000610351562,169.1699981689453,3533700,0.0,0.0
2022-07-27 00:00:00-04:00,175.3000030517578,178.7050018310547,171.5,176.9600067138672,2824900,0.0,0.0
2022-07-28 00:00:00-04:00,176.77999877929688,182.5500030517578,174.75,182.08999633789062,2748100,0.0,0.0
2022-07-29 00:00:00-04:00,182.91000366210938,184.0,178.05999755859375,183.60000610351562,2635100,0.0,0.0
2022-08-01 00:00:00-04:00,180.77999877929688,187.64999389648438,178.99000549316406,183.3000030517578,2422400,0.0,0.0
2022-08-02 00:00:00-04:00,180.52000427246094,189.63999938964844,179.52000427246094,188.13999938964844,2771300,0.0,0.0
2022-08-03 00:00:00-04:00,191.07000732421875,197.13999938964844,190.8000030517578,195.32000732421875,3135100,0.0,0.0
2022-08-04 00:00:00-04:00,191.30999755859375,192.0,182.4499969482422,189.24000549316406,5036300,0.0,0.0
2022-08-05 00:00:00-04:00,186.0,192.61000061035156,184.82000732421875,191.1699981689453,2751000,0.0,0.0
2022-08-08 00:00:00-04:00,193.69000244140625,197.47999572753906,188.91000366210938,189.52000427246094,3188800,0.0,0.0
2022-08-09 00:00:00-04:00,188.16000366210938,190.0,184.82000732421875,186.77999877929688,1821500,0.0,0.0
2022-08-10 00:00:00-04:00,193.33999633789062,201.74000549316406,193.3300018310547,200.8000030517578,3901300,0.0,0.0
2022-08-11 00:00:00-04:00,204.0,205.72999572753906,196.072998046875,198.05999755859375,2913300,0.0,0.0
2022-08-12 00:00:00-04:00,203.0,203.0,199.02999877929688,200.8699951171875,1767200,0.0,0.0
2022-08-15 00:00:00-04:00,199.25999450683594,202.89999389648438,196.2100067138672,201.82000732421875,2438000,0.0,0.0
2022-08-16 00:00:00-04:00,200.0,201.07000732421875,195.77999877929688,200.41000366210938,2926200,0.0,0.0
2022-08-17 00:00:00-04:00,196.39999389648438,198.50999450683594,194.27000427246094,196.88999938964844,2237600,0.0,0.0
2022-08-18 00:00:00-04:00,195.3300018310547,197.25,193.80999755859375,195.75999450683594,1642600,0.0,0.0
2022-08-19 00:00:00-04:00,192.74000549316406,193.5,188.5500030517578,190.52000427246094,2235600,0.0,0.0
2022-08-22 00:00:00-04:00,186.36000061035156,188.64999389648438,184.0,185.8800048828125,2470500,0.0,0.0
2022-08-23 00:00:00-04:00,191.4600067138672,193.88900756835938,190.08999633789062,192.36000061035156,3410200,0.0,0.0
2022-08-24 00:00:00-04:00,196.1999969482422,199.41000366210938,194.58999633789062,194.6199951171875,3223100,0.0,0.0
2022-08-25 00:00:00-04:00,199.2949981689453,203.6699981689453,197.5399932861328,202.94000244140625,3042300,0.0,0.0
2022-08-26 00:00:00-04:00,202.63999938964844,202.6999969482422,194.52000427246094,194.55999755859375,3583600,0.0,0.0
2022-08-29 00:00:00-04:00,191.0050048828125,197.19000244140625,190.69000244140625,192.0500030517578,2707000,0.0,0.0
2022-08-30 00:00:00-04:00,196.32000732421875,198.13999938964844,189.1199951171875,193.2949981689453,7286700,0.0,0.0
2022-08-31 00:00:00-04:00,197.2100067138672,197.94000244140625,178.38499450683594,182.61000061035156,15736300,0.0,0.0
2022-09-01 00:00:00-04:00,178.4499969482422,180.0,169.0800018310547,172.97000122070312,6886300,0.0,0.0
2022-09-02 00:00:00-04:00,174.27999877929688,177.1300048828125,170.91000366210938,172.4499969482422,4350000,0.0,0.0
2022-09-06 00:00:00-04:00,172.4499969482422,172.69000244140625,168.6199951171875,171.14999389648438,2964800,0.0,0.0
2022-09-07 00:00:00-04:00,170.69000244140625,173.08999633789062,166.8000030517578,171.9600067138672,3204700,0.0,0.0
2022-09-08 00:00:00-04:00,170.1699981689453,179.8800048828125,169.16000366210938,179.875,3184300,0.0,0.0
2022-09-09 00:00:00-04:00,183.74000549316406,191.52000427246094,183.7100067138672,190.86000061035156,4174700,0.0,0.0
2022-09-12 00:00:00-04:00,191.27999877929688,195.2899932861328,191.25,195.10000610351562,3042900,0.0,0.0
2022-09-13 00:00:00-04:00,186.6300048828125,189.8000030517578,183.0,184.6999969482422,3903500,0.0,0.0
2022-09-14 00:00:00-04:00,184.6999969482422,185.49000549316406,181.5,184.11000061035156,2701700,0.0,0.0
2022-09-15 00:00:00-04:00,181.82000732421875,185.13999938964844,177.8800048828125,178.86000061035156,2760100,0.0,0.0
2022-09-16 00:00:00-04:00,174.14999389648438,175.1999969482422,169.38499450683594,171.00999450683594,4952100,0.0,0.0
2022-09-19 00:00:00-04:00,170.22000122070312,175.85000610351562,170.0,175.38999938964844,2240500,0.0,0.0
2022-09-20 00:00:00-04:00,173.8000030517578,175.9510040283203,172.6199951171875,173.8699951171875,2156600,0.0,0.0
2022-09-21 00:00:00-04:00,173.6699981689453,176.85000610351562,169.24000549316406,169.25,3380100,0.0,0.0
2022-09-22 00:00:00-04:00,167.0399932861328,169.125,159.6699981689453,161.27999877929688,3575800,0.0,0.0
2022-09-23 00:00:00-04:00,159.0800018310547,161.64999389648438,157.05999755859375,160.38999938964844,2980500,0.0,0.0
2022-09-26 00:00:00-04:00,159.99000549316406,165.8000030517578,159.13499450683594,159.35000610351562,2749900,0.0,0.0
2022-09-27 00:00:00-04:00,163.9499969482422,165.1199951171875,160.16000366210938,162.5800018310547,2162900,0.0,0.0
2022-09-28 00:00:00-04:00,164.11000061035156,167.89999389648438,162.57000732421875,167.25,2458500,0.0,0.0
2022-09-29 00:00:00-04:00,163.47999572753906,166.24000549316406,160.88999938964844,165.6999969482422,2096200,0.0,0.0
2022-09-30 00:00:00-04:00,166.14999389648438,171.60499572753906,164.60000610351562,164.80999755859375,2598000,0.0,0.0
2022-10-03 00:00:00-04:00,166.6300048828125,170.69000244140625,163.88999938964844,169.30999755859375,2562200,0.0,0.0
2022-10-04 00:00:00-04:00,174.5800018310547,178.69000244140625,173.0,175.07000732421875,2806300,0.0,0.0
2022-10-05 00:00:00-04:00,171.00999450683594,178.33999633789062,170.35000610351562,176.6999969482422,2126100,0.0,0.0
2022-10-06 00:00:00-04:00,178.4199981689453,181.83999633789062,176.6300048828125,178.38999938964844,2656900,0.0,0.0
2022-10-07 00:00:00-04:00,174.44000244140625,175.22000122070312,170.3300018310547,171.8800048828125,2591800,0.0,0.0
2022-10-10 00:00:00-04:00,171.74000549316406,172.4600067138672,160.2899932861328,161.0800018310547,3502700,0.0,0.0
2022-10-11 00:00:00-04:00,158.72000122070312,160.5,151.75,155.7899932861328,3426200,0.0,0.0
2022-10-12 00:00:00-04:00,154.32000732421875,155.77999877929688,149.5,152.99000549316406,3070500,0.0,0.0
2022-10-13 00:00:00-04:00,145.45199584960938,155.42599487304688,142.36000061035156,152.60000610351562,3578300,0.0,0.0
2022-10-14 00:00:00-04:00,155.75,156.5399932861328,145.8249969482422,145.97999572753906,3998300,0.0,0.0
2022-10-17 00:00:00-04:00,149.35000610351562,154.0399932861328,148.0,151.61000061035156,3247800,0.0,0.0
2022-10-18 00:00:00-04:00,157.25999450683594,161.5,154.7969970703125,156.8800048828125,3710800,0.0,0.0
2022-10-19 00:00:00-04:00,155.41000366210938,157.00999450683594,151.41000366210938,152.5399932861328,2032800,0.0,0.0
2022-10-20 00:00:00-04:00,152.10000610351562,158.44900512695312,152.10000610351562,153.8800048828125,2092800,0.0,0.0
2022-10-21 00:00:00-04:00,152.49000549316406,157.0500030517578,148.58900451660156,156.32000732421875,2693600,0.0,0.0
2022-10-24 00:00:00-04:00,158.11000061035156,158.6999969482422,154.22000122070312,157.97000122070312,2054900,0.0,0.0
2022-10-25 00:00:00-04:00,159.22000122070312,164.6699981689453,159.2100067138672,162.11000061035156,2125100,0.0,0.0
2022-10-26 00:00:00-04:00,158.0500030517578,167.35899353027344,156.7899932861328,161.77000427246094,2358900,0.0,0.0
2022-10-27 00:00:00-04:00,164.75,168.1300048828125,162.0500030517578,164.72999572753906,2285800,0.0,0.0
2022-10-28 00:00:00-04:00,162.5500030517578,164.97999572753906,158.86000061035156,163.64999389648438,1872700,0.0,0.0
2022-10-31 00:00:00-04:00,161.6199951171875,164.80999755859375,159.60000610351562,161.1999969482422,2190200,0.0,0.0
2022-11-01 00:00:00-04:00,165.0,168.47999572753906,159.5399932861328,160.52999877929688,2581000,0.0,0.0
2022-11-02 00:00:00-04:00,161.0,161.1699981689453,147.94000244140625,147.99000549316406,4432800,0.0,0.0
2022-11-03 00:00:00-04:00,146.13999938964844,146.13999938964844,139.6699981689453,141.52999877929688,4000300,0.0,0.0
2022-11-04 00:00:00-04:00,140.9600067138672,141.1699981689453,126.41999816894531,127.55999755859375,8248500,0.0,0.0
2022-11-07 00:00:00-05:00,129.8300018310547,129.89999389648438,122.9000015258789,124.68000030517578,5413900,0.0,0.0
2022-11-08 00:00:00-05:00,126.0,129.8300018310547,120.5,127.0,4574800,0.0,0.0
2022-11-09 00:00:00-05:00,124.55000305175781,124.62000274658203,120.5,122.36000061035156,3718400,0.0,0.0
2022-11-10 00:00:00-05:00,132.49000549316406,136.09500122070312,130.67999267578125,135.75999450683594,5229500,0.0,0.0
2022-11-11 00:00:00-05:00,136.75,144.82699584960938,135.33999633789062,143.1199951171875,4620200,0.0,0.0
2022-11-14 00:00:00-05:00,141.5500030517578,144.1300048828125,138.2899932861328,142.00999450683594,3043700,0.0,0.0
2022-11-15 00:00:00-05:00,148.99000549316406,151.4250030517578,146.02999877929688,148.3000030517578,3967100,0.0,0.0
2022-11-16 00:00:00-05:00,146.7050018310547,147.6300048828125,142.09300231933594,143.64999389648438,2539500,0.0,0.0
2022-11-17 00:00:00-05:00,139.6199951171875,141.3699951171875,137.8699951171875,139.22999572753906,3927400,0.0,0.0
2022-11-18 00:00:00-05:00,146.5050048828125,146.72000122070312,137.1999969482422,138.99000549316406,5404900,0.0,0.0
2022-11-21 00:00:00-05:00,137.11000061035156,137.50999450683594,134.3800048828125,135.55999755859375,2887200,0.0,0.0
2022-11-22 00:00:00-05:00,135.82000732421875,136.30999755859375,132.47999572753906,135.8000030517578,3851200,0.0,0.0
2022-11-23 00:00:00-05:00,135.5800018310547,141.6199951171875,133.83999633789062,140.88999938964844,2578100,0.0,0.0
2022-11-25 00:00:00-05:00,139.85000610351562,141.3699951171875,138.52000427246094,140.0500030517578,1022500,0.0,0.0
2022-11-28 00:00:00-05:00,139.67999267578125,141.0,136.66099548339844,139.4499969482422,3382200,0.0,0.0
2022-11-29 00:00:00-05:00,140.0,140.32000732421875,136.25,138.0,10554600,0.0,0.0
2022-11-30 00:00:00-05:00,112.29000091552734,117.80999755859375,108.88999938964844,117.6500015258789,38648000,0.0,0.0
2022-12-01 00:00:00-05:00,118.63999938964844,124.91899871826172,118.56999969482422,124.06999969482422,14442800,0.0,0.0
2022-12-02 00:00:00-05:00,121.75,125.55000305175781,120.7300033569336,124.0,8851000,0.0,0.0
2022-12-05 00:00:00-05:00,122.45999908447266,124.41000366210938,116.69200134277344,118.33000183105469,5780700,0.0,0.0
2022-12-06 00:00:00-05:00,118.33999633789062,118.80000305175781,112.98999786376953,113.83000183105469,4740900,0.0,0.0
2022-12-07 00:00:00-05:00,114.33000183105469,114.98999786376953,110.33200073242188,113.19999694824219,4655200,0.0,0.0
2022-12-08 00:00:00-05:00,113.52999877929688,116.37000274658203,111.75,114.23999786376953,4292600,0.0,0.0
2022-12-09 00:00:00-05:00,113.76000213623047,117.0,112.94999694824219,115.08000183105469,3014600,0.0,0.0
2022-12-12 00:00:00-05:00,114.76000213623047,118.58000183105469,114.4000015258789,118.54000091552734,3034600,0.0,0.0
2022-12-13 00:00:00-05:00,124.2300033569336,125.5199966430664,118.43000030517578,120.98999786376953,4455100,0.0,0.0
2022-12-14 00:00:00-05:00,121.0,123.80000305175781,118.80000305175781,120.56999969482422,3936000,0.0,0.0
2022-12-15 00:00:00-05:00,118.9000015258789,121.08999633789062,114.66999816894531,114.98999786376953,3237200,0.0,0.0
2022-12-16 00:00:00-05:00,114.00199890136719,114.91500091552734,110.76000213623047,111.5,5041900,0.0,0.0
2022-12-19 00:00:00-05:00,110.81999969482422,111.28500366210938,107.58000183105469,108.08999633789062,4214000,0.0,0.0
2022-12-20 00:00:00-05:00,107.0510025024414,110.48200225830078,106.0270004272461,109.83000183105469,3453800,0.0,0.0
2022-12-21 00:00:00-05:00,108.83999633789062,109.12000274658203,104.3499984741211,107.3499984741211,6792700,0.0,0.0
2022-12-22 00:00:00-05:00,104.75,105.66999816894531,101.87100219726562,103.97000122070312,4377800,0.0,0.0
2022-12-23 00:00:00-05:00,103.0,103.27999877929688,100.94999694824219,101.98999786376953,3325200,0.0,0.0
2022-12-27 00:00:00-05:00,101.06999969482422,102.31999969482422,99.30999755859375,100.66000366210938,3101900,0.0,0.0
2022-12-28 00:00:00-05:00,99.5999984741211,101.68000030517578,98.69999694824219,99.95999908447266,3532000,0.0,0.0
2022-12-29 00:00:00-05:00,101.43000030517578,105.51000213623047,100.47000122070312,104.56999969482422,3142800,0.0,0.0
2022-12-30 00:00:00-05:00,103.5,106.18699645996094,102.98999786376953,105.29000091552734,3148900,0.0,0.0
2023-01-03 00:00:00-05:00,107.5,108.45999908447266,101.71700286865234,103.27999877929688,3447500,0.0,0.0
2023-01-04 00:00:00-05:00,104.7699966430664,106.88999938964844,102.54000091552734,104.36499786376953,3038200,0.0,0.0
2023-01-05 00:00:00-05:00,98.0,98.01000213623047,94.51499938964844,94.88999938964844,10001700,0.0,0.0
2023-01-06 00:00:00-05:00,94.38500213623047,95.95999908447266,92.26000213623047,94.72000122070312,6772300,0.0,0.0
2023-01-09 00:00:00-05:00,97.04000091552734,99.80000305175781,95.80000305175781,96.56999969482422,6431700,0.0,0.0
2023-01-10 00:00:00-05:00,94.72000122070312,96.02999877929688,92.25,95.66999816894531,7705000,0.0,0.0
2023-01-11 00:00:00-05:00,96.91999816894531,98.5,94.87999725341797,97.0,5250100,0.0,0.0
2023-01-12 00:00:00-05:00,97.05999755859375,98.05000305175781,92.70999908447266,97.9800033569336,4804800,0.0,0.0
2023-01-13 00:00:00-05:00,96.43000030517578,99.93000030517578,96.12999725341797,99.52999877929688,4210300,0.0,0.0
2023-01-17 00:00:00-05:00,100.4000015258789,105.75900268554688,98.12999725341797,104.43000030517578,6653500,0.0,0.0
2023-01-18 00:00:00-05:00,106.66500091552734,107.4000015258789,100.9000015258789,101.0,5224100,0.0,0.0
2023-01-19 00:00:00-05:00,99.30999755859375,101.79000091552734,98.19999694824219,99.8499984741211,4737500,0.0,0.0
2023-01-20 00:00:00-05:00,100.31999969482422,103.76000213623047,99.56999969482422,103.41000366210938,4134700,0.0,0.0
2023-01-23 00:00:00-05:00,102.06999969482422,106.3499984741211,102.0,106.30000305175781,3653800,0.0,0.0
2023-01-24 00:00:00-05:00,107.15499877929688,109.01000213623047,104.13500213623047,104.5999984741211,5082200,0.0,0.0
2023-01-25 00:00:00-05:00,101.72000122070312,101.94000244140625,97.26000213623047,100.81999969482422,7646200,0.0,0.0
2023-01-26 00:00:00-05:00,102.62999725341797,104.55000305175781,100.87999725341797,104.47000122070312,6069500,0.0,0.0
2023-01-27 00:00:00-05:00,103.61000061035156,105.84100341796875,102.5199966430664,104.3499984741211,6095700,0.0,0.0
2023-01-30 00:00:00-05:00,102.9800033569336,103.58000183105469,100.875,101.37000274658203,5268100,0.0,0.0
2023-01-31 00:00:00-05:00,101.0,105.91999816894531,100.73999786376953,105.9000015258789,4648300,0.0,0.0
2023-02-01 00:00:00-05:00,105.9000015258789,111.63999938964844,105.0999984741211,110.5,5393700,0.0,0.0
2023-02-02 00:00:00-05:00,117.58999633789062,117.58999633789062,113.91000366210938,115.93000030517578,7125800,0.0,0.0
2023-02-03 00:00:00-05:00,112.46199798583984,117.41200256347656,112.22000122070312,113.55999755859375,4019100,0.0,0.0
2023-02-06 00:00:00-05:00,111.38999938964844,115.12000274658203,108.82499694824219,109.41999816894531,3864700,0.0,0.0
2023-02-07 00:00:00-05:00,109.73500061035156,115.08000183105469,107.76000213623047,114.58999633789062,4115300,0.0,0.0
2023-02-08 00:00:00-05:00,118.33000183105469,119.19000244140625,114.38999938964844,114.4800033569336,5212100,0.0,0.0
2023-02-09 00:00:00-05:00,117.04000091552734,117.79000091552734,113.12000274658203,113.41999816894531,3640900,0.0,0.0
2023-02-10 00:00:00-05:00,111.9000015258789,112.62000274658203,107.5999984741211,108.95999908447266,3461500,0.0,0.0
2023-02-13 00:00:00-05:00,110.2300033569336,113.29000091552734,108.6449966430664,112.16999816894531,2670700,0.0,0.0
2023-02-14 00:00:00-05:00,111.94000244140625,116.66000366210938,110.41000366210938,116.30999755859375,3931000,0.0,0.0
2023-02-15 00:00:00-05:00,116.70999908447266,120.55999755859375,115.25,120.5199966430664,4198500,0.0,0.0
2023-02-16 00:00:00-05:00,117.86000061035156,118.7300033569336,115.05999755859375,115.12000274658203,4219100,0.0,0.0
2023-02-17 00:00:00-05:00,113.93000030517578,114.29000091552734,110.45999908447266,114.25,3713300,0.0,0.0
2023-02-21 00:00:00-05:00,112.0199966430664,114.7490005493164,111.51000213623047,112.43000030517578,3620800,0.0,0.0
2023-02-22 00:00:00-05:00,114.41999816894531,118.30999755859375,113.12000274658203,117.62999725341797,5260100,0.0,0.0
2023-02-23 00:00:00-05:00,119.69000244140625,120.55000305175781,114.83899688720703,117.44000244140625,5061100,0.0,0.0
2023-02-24 00:00:00-05:00,115.77999877929688,118.80000305175781,115.30000305175781,117.27999877929688,4800600,0.0,0.0
2023-02-27 00:00:00-05:00,118.63500213623047,123.23999786376953,118.30000305175781,120.6500015258789,5501900,0.0,0.0
2023-02-28 00:00:00-05:00,120.19999694824219,122.68000030517578,120.08999633789062,120.69000244140625,3503800,0.0,0.0
2023-03-01 00:00:00-05:00,120.2300033569336,121.05000305175781,118.61000061035156,120.20999908447266,2768300,0.0,0.0
2023-03-02 00:00:00-05:00,119.0,123.93000030517578,118.70999908447266,123.63999938964844,3849000,0.0,0.0
2023-03-03 00:00:00-05:00,123.30000305175781,127.12000274658203,121.69999694824219,126.04000091552734,4878300,0.0,0.0
2023-03-06 00:00:00-05:00,130.0,130.19000244140625,127.31500244140625,127.58999633789062,7582900,0.0,0.0
2023-03-07 00:00:00-05:00,127.0,128.60000610351562,124.51000213623047,124.93000030517578,9777400,0.0,0.0
2023-03-08 00:00:00-05:00,132.8800048828125,134.9600067138672,125.0,128.9199981689453,24696900,0.0,0.0
2023-03-09 00:00:00-05:00,128.11000061035156,130.08999633789062,121.5199966430664,121.68000030517578,8030600,0.0,0.0
2023-03-10 00:00:00-05:00,119.87999725341797,124.51000213623047,118.1500015258789,119.72000122070312,8049500,0.0,0.0
2023-03-13 00:00:00-04:00,119.11000061035156,123.5999984741211,118.2300033569336,121.41000366210938,6261700,0.0,0.0
2023-03-14 00:00:00-04:00,124.87999725341797,128.16000366210938,122.87000274658203,128.00999450683594,6557300,0.0,0.0
2023-03-15 00:00:00-04:00,126.55999755859375,130.19000244140625,126.52999877929688,129.32000732421875,6123700,0.0,0.0
2023-03-16 00:00:00-04:00,130.3000030517578,134.08900451660156,129.5500030517578,133.52000427246094,6939900,0.0,0.0
2023-03-17 00:00:00-04:00,133.75,136.47000122070312,131.86000061035156,133.1199951171875,5728900,0.0,0.0
2023-03-20 00:00:00-04:00,132.30999755859375,133.28500366210938,130.22000122070312,132.74000549316406,4245700,0.0,0.0
2023-03-21 00:00:00-04:00,131.75,136.89999389648438,131.27000427246094,136.02000427246094,4738000,0.0,0.0
2023-03-22 00:00:00-04:00,135.6999969482422,137.8800048828125,133.25,133.25999450683594,3739100,0.0,0.0
2023-03-23 00:00:00-04:00,135.9600067138672,138.3300018310547,133.1300048828125,134.5399932861328,3210800,0.0,0.0
2023-03-24 00:00:00-04:00,134.39999389648438,135.0,130.7899932861328,131.5399932861328,2701400,0.0,0.0
2023-03-27 00:00:00-04:00,131.9199981689453,133.24400329589844,130.2899932861328,131.38999938964844,2562900,0.0,0.0
2023-03-28 00:00:00-04:00,131.0,131.63999938964844,127.55999755859375,128.63999938964844,2694500,0.0,0.0
2023-03-29 00:00:00-04:00,131.0800018310547,131.39999389648438,128.68099975585938,129.60000610351562,2695800,0.0,0.0
2023-03-30 00:00:00-04:00,131.1300048828125,133.5,129.9499969482422,131.72000122070312,3425800,0.0,0.0
2023-03-31 00:00:00-04:00,132.52000427246094,138.24000549316406,132.11000061035156,137.25999450683594,4528400,0.0,0.0
2023-04-03 00:00:00-04:00,135.5,137.58999633789062,134.1699981689453,136.5500030517578,2788000,0.0,0.0
2023-04-04 00:00:00-04:00,137.5,138.6699981689453,135.72999572753906,136.86000061035156,3045800,0.0,0.0
2023-04-05 00:00:00-04:00,135.3699951171875,135.61000061035156,125.69999694824219,127.80000305175781,7795800,0.0,0.0
2023-04-06 00:00:00-04:00,126.0,128.13999938964844,123.70099639892578,127.81999969482422,3989200,0.0,0.0
2023-04-10 00:00:00-04:00,126.72000122070312,128.17999267578125,124.55000305175781,128.10000610351562,2673600,0.0,0.0
2023-04-11 00:00:00-04:00,127.54000091552734,131.72000122070312,127.2699966430664,129.86000061035156,4014700,0.0,0.0
2023-04-12 00:00:00-04:00,132.5,137.16000366210938,131.15699768066406,135.0,5517800,0.0,0.0
2023-04-13 00:00:00-04:00,136.60499572753906,140.2100067138672,135.72000122070312,136.10000610351562,4748400,0.0,0.0
2023-04-14 00:00:00-04:00,134.4499969482422,136.6999969482422,133.86000061035156,135.77000427246094,2912500,0.0,0.0
2023-04-17 00:00:00-04:00,136.66000366210938,137.94700622558594,134.6439971923828,137.3699951171875,2346500,0.0,0.0
2023-04-18 00:00:00-04:00,139.0500030517578,139.88999938964844,136.125,136.3800048828125,1926900,0.0,0.0
2023-04-19 00:00:00-04:00,135.0,135.68600463867188,132.00999450683594,132.8300018310547,2859200,0.0,0.0
2023-04-20 00:00:00-04:00,131.02999877929688,131.9199981689453,129.07000732421875,129.88999938964844,2445800,0.0,0.0
2023-04-21 00:00:00-04:00,130.5800018310547,132.74000549316406,130.14999389648438,132.25,1937600,0.0,0.0
2023-04-24 00:00:00-04:00,132.4949951171875,133.72999572753906,129.02000427246094,130.39999389648438,2054400,0.0,0.0
2023-04-25 00:00:00-04:00,128.19000244140625,128.47000122070312,121.80999755859375,122.1500015258789,6106600,0.0,0.0
2023-04-26 00:00:00-04:00,123.81999969482422,125.91799926757812,122.87200164794922,124.12000274658203,2706700,0.0,0.0
2023-04-27 00:00:00-04:00,125.19000244140625,127.5,123.55999755859375,126.05000305175781,3097300,0.0,0.0
2023-04-28 00:00:00-04:00,123.19999694824219,123.97000122070312,119.41999816894531,120.05000305175781,5191100,0.0,0.0
2023-05-01 00:00:00-04:00,118.55999755859375,119.93800354003906,116.88999938964844,118.79000091552734,3724400,0.0,0.0
2023-05-02 00:00:00-04:00,118.9000015258789,119.1500015258789,116.04000091552734,116.73999786376953,3077400,0.0,0.0
2023-05-03 00:00:00-04:00,116.45999908447266,119.02799987792969,115.66999816894531,117.66999816894531,1908600,0.0,0.0
2023-05-04 00:00:00-04:00,118.38999938964844,120.16000366210938,117.44999694824219,117.87999725341797,2130200,0.0,0.0
2023-05-05 00:00:00-04:00,119.2300033569336,123.2300033569336,119.0199966430664,122.44999694824219,2997700,0.0,0.0
2023-05-08 00:00:00-04:00,126.0,132.8800048828125,125.4000015258789,132.41000366210938,6057700,0.0,0.0
2023-05-09 00:00:00-04:00,132.41000366210938,134.1699981689453,129.16000366210938,129.94000244140625,3388900,0.0,0.0
2023-05-10 00:00:00-04:00,132.35000610351562,135.9550018310547,131.02999877929688,133.8000030517578,3995600,0.0,0.0
2023-05-11 00:00:00-04:00,134.39500427246094,134.80999755859375,131.27000427246094,132.14999389648438,2557800,0.0,0.0
2023-05-12 00:00:00-04:00,132.75999450683594,132.94000244140625,129.25,130.22999572753906,2026400,0.0,0.0
2023-05-15 00:00:00-04:00,130.88999938964844,135.9199981689453,130.41000366210938,135.5500030517578,3140600,0.0,0.0
2023-05-16 00:00:00-04:00,134.0,135.61000061035156,133.3000030517578,134.00999450683594,1963500,0.0,0.0
2023-05-17 00:00:00-04:00,134.83999633789062,139.08999633789062,133.61000061035156,137.22999572753906,3147600,0.0,0.0
2023-05-18 00:00:00-04:00,137.44000244140625,141.9600067138672,137.22999572753906,141.85000610351562,3952100,0.0,0.0
2023-05-19 00:00:00-04:00,142.74000549316406,148.33999633789062,142.38999938964844,144.72000122070312,6041000,0.0,0.0
2023-05-22 00:00:00-04:00,144.25999450683594,148.55999755859375,143.82000732421875,147.41000366210938,3433400,0.0,0.0
2023-05-23 00:00:00-04:00,146.11000061035156,148.6300048828125,143.7899932861328,143.89999389648438,3223100,0.0,0.0
2023-05-24 00:00:00-04:00,144.0500030517578,149.47999572753906,143.14999389648438,149.1999969482422,4865800,0.0,0.0
2023-05-25 00:00:00-04:00,150.64999389648438,151.1300048828125,147.19000244140625,149.61000061035156,3556400,0.0,0.0
2023-05-26 00:00:00-04:00,150.2899932861328,158.17999267578125,150.0,154.1199951171875,5650100,0.0,0.0
2023-05-30 00:00:00-04:00,159.5399932861328,160.77999877929688,154.91000366210938,158.58999633789062,6715700,0.0,0.0
2023-05-31 00:00:00-04:00,158.8300018310547,161.7949981689453,157.00999450683594,160.1300048828125,10277600,0.0,0.0
2023-06-01 00:00:00-04:00,146.72000122070312,159.7899932861328,142.4949951171875,157.5500030517578,15842100,0.0,0.0
2023-06-02 00:00:00-04:00,158.66000366210938,159.39999389648438,150.52999877929688,151.32000732421875,7988800,0.0,0.0
2023-06-05 00:00:00-04:00,151.0500030517578,154.75999450683594,148.24000549316406,154.0800018310547,4680700,0.0,0.0
2023-06-06 00:00:00-04:00,153.77999877929688,155.77000427246094,152.39999389648438,153.0399932861328,2894400,0.0,0.0
2023-06-07 00:00:00-04:00,154.75,155.89999389648438,148.39999389648438,149.22999572753906,3492100,0.0,0.0
2023-06-08 00:00:00-04:00,149.1199951171875,151.69000244140625,148.50999450683594,151.3000030517578,2276600,0.0,0.0
2023-06-09 00:00:00-04:00,153.52999877929688,153.8300018310547,146.83999633789062,149.52999877929688,3548600,0.0,0.0
2023-06-12 00:00:00-04:00,150.23500061035156,151.86000061035156,148.91000366210938,151.11000061035156,2446200,0.0,0.0
2023-06-13 00:00:00-04:00,153.05999755859375,154.27000427246094,150.57000732421875,153.11000061035156,3145800,0.0,0.0
2023-06-14 00:00:00-04:00,153.14999389648438,154.0,150.67999267578125,153.9600067138672,2673700,0.0,0.0
2023-06-15 00:00:00-04:00,153.22999572753906,161.19000244140625,152.2209930419922,159.80999755859375,7568000,0.0,0.0
2023-06-16 00:00:00-04:00,162.10000610351562,162.25,154.80999755859375,155.13999938964844,6351900,0.0,0.0
2023-06-20 00:00:00-04:00,152.60000610351562,155.72000122070312,150.25999450683594,152.0800018310547,3595400,0.0,0.0
2023-06-21 00:00:00-04:00,150.5800018310547,151.3800048828125,143.27000427246094,143.85000610351562,6245200,0.0,0.0
2023-06-22 00:00:00-04:00,142.55999755859375,146.94000244140625,141.5,145.8000030517578,3306400,0.0,0.0
2023-06-23 00:00:00-04:00,143.42999267578125,144.9499969482422,142.2100067138672,143.64999389648438,2920400,0.0,0.0
2023-06-26 00:00:00-04:00,143.0399932861328,145.17999267578125,141.35000610351562,141.80999755859375,2186100,0.0,0.0
2023-06-27 00:00:00-04:00,142.49000549316406,145.07000732421875,142.07000732421875,144.27999877929688,2563100,0.0,0.0
2023-06-28 00:00:00-04:00,143.88999938964844,146.02000427246094,142.43800354003906,145.08999633789062,2374800,0.0,0.0
2023-06-29 00:00:00-04:00,145.77000427246094,146.49000549316406,143.1699981689453,143.99000549316406,2450100,0.0,0.0
2023-06-30 00:00:00-04:00,145.08999633789062,149.32000732421875,144.8699951171875,146.8699951171875,3092700,0.0,0.0
2023-07-03 00:00:00-04:00,147.17999267578125,147.5500030517578,145.00999450683594,145.9600067138672,1386400,0.0,0.0
2023-07-05 00:00:00-04:00,145.55999755859375,147.27000427246094,144.8800048828125,145.0800018310547,3179100,0.0,0.0
2023-07-06 00:00:00-04:00,142.75,143.71499633789062,139.3699951171875,143.61000061035156,3788800,0.0,0.0
2023-07-07 00:00:00-04:00,143.50999450683594,146.8000030517578,143.47999572753906,144.0500030517578,2285000,0.0,0.0
2023-07-10 00:00:00-04:00,143.8000030517578,149.97999572753906,143.5,149.9499969482422,3451900,0.0,0.0
2023-07-11 00:00:00-04:00,150.75,152.74000549316406,149.27000427246094,150.7899932861328,3520700,0.0,0.0
2023-07-12 00:00:00-04:00,153.19000244140625,153.92999267578125,144.33999633789062,146.1300048828125,4597300,0.0,0.0
2023-07-13 00:00:00-04:00,147.97999572753906,153.5399932861328,147.52999877929688,150.75,4044700,0.0,0.0
2023-07-14 00:00:00-04:00,150.4499969482422,152.24000549316406,148.92999267578125,149.39999389648438,2659900,0.0,0.0
2023-07-17 00:00:00-04:00,149.07000732421875,155.55999755859375,148.42999267578125,152.72999572753906,3687600,0.0,0.0
2023-07-18 00:00:00-04:00,153.0,154.22500610351562,150.74000549316406,152.9499969482422,2410700,0.0,0.0
2023-07-19 00:00:00-04:00,155.0,161.5,154.89500427246094,157.61000061035156,4787500,0.0,0.0
2023-07-20 00:00:00-04:00,154.92999267578125,156.13999938964844,147.5,148.07000732421875,4791900,0.0,0.0
2023-07-21 00:00:00-04:00,149.92999267578125,152.375,148.8800048828125,150.89999389648438,5951300,0.0,0.0
2023-07-24 00:00:00-04:00,150.97000122070312,151.78500366210938,147.14999389648438,149.74000549316406,2745100,0.0,0.0
2023-07-25 00:00:00-04:00,150.6199951171875,153.41000366210938,150.5399932861328,150.94000244140625,2246200,0.0,0.0
2023-07-26 00:00:00-04:00,150.27999877929688,154.9499969482422,148.4499969482422,154.6300048828125,2798600,0.0,0.0
2023-07-27 00:00:00-04:00,156.9499969482422,158.0800018310547,152.19500732421875,152.85000610351562,2671000,0.0,0.0
2023-07-28 00:00:00-04:00,155.5,157.0399932861328,153.5,155.60000610351562,2003100,0.0,0.0
2023-07-31 00:00:00-04:00,157.88999938964844,163.41000366210938,157.66000366210938,161.66000366210938,3914800,0.0,0.0
2023-08-01 00:00:00-04:00,161.0,166.99000549316406,159.02000427246094,165.9600067138672,4018400,0.0,0.0
2023-08-02 00:00:00-04:00,161.51300048828125,161.60000610351562,152.55999755859375,154.72999572753906,4608600,0.0,0.0
2023-08-03 00:00:00-04:00,154.0,158.5,153.22999572753906,157.5500030517578,2457200,0.0,0.0
2023-08-04 00:00:00-04:00,155.22999572753906,155.99000549316406,148.625,150.49000549316406,4469100,0.0,0.0
2023-08-07 00:00:00-04:00,151.25999450683594,152.0500030517578,147.8000030517578,150.97000122070312,2329800,0.0,0.0
2023-08-08 00:00:00-04:00,147.1699981689453,147.7100067138672,142.88999938964844,145.8800048828125,4283600,0.0,0.0
2023-08-09 00:00:00-04:00,145.11000061035156,147.11000061035156,144.24600219726562,145.4600067138672,2495200,0.0,0.0
2023-08-10 00:00:00-04:00,147.35000610351562,150.99000549316406,146.6300048828125,147.86000061035156,2349800,0.0,0.0
2023-08-11 00:00:00-04:00,147.22000122070312,150.0780029296875,146.86000061035156,148.22000122070312,2046100,0.0,0.0
2023-08-14 00:00:00-04:00,147.35000610351562,152.5500030517578,146.5800018310547,152.3699951171875,2230200,0.0,0.0
2023-08-15 00:00:00-04:00,150.52000427246094,151.67999267578125,149.05999755859375,149.6300048828125,1964800,0.0,0.0
2023-08-16 00:00:00-04:00,149.0,151.33999633789062,147.75999450683594,149.0,1876200,0.0,0.0
2023-08-17 00:00:00-04:00,149.0,149.0,143.91000366210938,144.3800048828125,3359000,0.0,0.0
2023-08-18 00:00:00-04:00,141.66000366210938,147.3040008544922,140.52000427246094,146.8000030517578,3196700,0.0,0.0
2023-08-21 00:00:00-04:00,150.75999450683594,155.1199951171875,150.50999450683594,153.89999389648438,4245800,0.0,0.0
2023-08-22 00:00:00-04:00,154.33999633789062,155.0,151.61000061035156,152.3300018310547,1707600,0.0,0.0
2023-08-23 00:00:00-04:00,153.47999572753906,155.44000244140625,151.57000732421875,153.80999755859375,1918500,0.0,0.0
2023-08-24 00:00:00-04:00,155.5500030517578,155.5500030517578,145.2899932861328,145.4499969482422,3354300,0.0,0.0
2023-08-25 00:00:00-04:00,146.0,150.44000244140625,144.6999969482422,149.5800018310547,2839100,0.0,0.0
2023-08-28 00:00:00-04:00,146.02000427246094,147.99000549316406,142.36000061035156,144.02999877929688,5794000,0.0,0.0
2023-08-29 00:00:00-04:00,142.92999267578125,148.41000366210938,141.9709930419922,146.6999969482422,3620200,0.0,0.0
2023-08-30 00:00:00-04:00,147.0,150.1699981689453,145.3800048828125,149.17999267578125,6193900,0.0,0.0
2023-08-31 00:00:00-04:00,154.11000061035156,164.41000366210938,153.5800018310547,163.02999877929688,13727100,0.0,0.0
2023-09-01 00:00:00-04:00,163.1199951171875,166.25,160.30999755859375,161.22999572753906,4232500,0.0,0.0
2023-09-05 00:00:00-04:00,161.02999877929688,165.58999633789062,160.10000610351562,165.42999267578125,3288200,0.0,0.0
2023-09-06 00:00:00-04:00,164.99000549316406,168.22999572753906,164.04800415039062,166.22999572753906,4268600,0.0,0.0
2023-09-07 00:00:00-04:00,164.39999389648438,167.9499969482422,163.1999969482422,166.63999938964844,3000900,0.0,0.0
2023-09-08 00:00:00-04:00,166.47500610351562,169.22999572753906,166.0,168.08999633789062,2691500,0.0,0.0
2023-09-11 00:00:00-04:00,169.5,172.63999938964844,168.6699981689453,172.2899932861328,2967700,0.0,0.0
2023-09-12 00:00:00-04:00,170.44000244140625,172.35000610351562,168.27499389648438,169.67999267578125,2110000,0.0,0.0
2023-09-13 00:00:00-04:00,169.52000427246094,170.77999877929688,168.3300018310547,168.47000122070312,1705500,0.0,0.0
2023-09-14 00:00:00-04:00,169.35000610351562,171.8000030517578,168.57000732421875,170.72999572753906,2083400,0.0,0.0
2023-09-15 00:00:00-04:00,166.1199951171875,168.21099853515625,163.44000244140625,165.4499969482422,4727600,0.0,0.0
2023-09-18 00:00:00-04:00,164.97999572753906,168.60000610351562,164.0,166.97000122070312,2445300,0.0,0.0
2023-09-19 00:00:00-04:00,166.9499969482422,167.6199951171875,162.88999938964844,165.5,2347700,0.0,0.0
2023-09-20 00:00:00-04:00,165.5,168.56500244140625,163.8800048828125,163.88999938964844,2780100,0.0,0.0
2023-09-21 00:00:00-04:00,168.19000244140625,171.0,159.36000061035156,162.52999877929688,6792100,0.0,0.0
2023-09-22 00:00:00-04:00,162.63999938964844,166.58999633789062,162.00999450683594,162.57000732421875,3134400,0.0,0.0
2023-09-25 00:00:00-04:00,161.89999389648438,162.0,159.25,159.9199981689453,2176700,0.0,0.0
2023-09-26 00:00:00-04:00,158.11000061035156,161.0,157.58999633789062,160.47999572753906,2414100,0.0,0.0
2023-09-27 00:00:00-04:00,161.02999877929688,164.69000244140625,160.6699981689453,163.0399932861328,2631100,0.0,0.0
2023-09-28 00:00:00-04:00,162.2899932861328,166.13999938964844,161.42999267578125,165.25,1815900,0.0,0.0
2023-09-29 00:00:00-04:00,167.52999877929688,169.51499938964844,166.97000122070312,167.3800048828125,2599700,0.0,0.0
2023-10-02 00:00:00-04:00,168.0,172.00999450683594,167.07000732421875,169.5399932861328,2763000,0.0,0.0
2023-10-03 00:00:00-04:00,167.30999755859375,169.0,160.86000061035156,162.02999877929688,3254100,0.0,0.0
2023-10-04 00:00:00-04:00,163.6199951171875,165.0449981689453,162.19000244140625,164.0500030517578,1985700,0.0,0.0
2023-10-05 00:00:00-04:00,164.07000732421875,166.11000061035156,160.9199981689453,165.2899932861328,2409800,0.0,0.0
2023-10-06 00:00:00-04:00,163.50999450683594,176.94500732421875,163.0,176.69000244140625,6897000,0.0,0.0
2023-10-09 00:00:00-04:00,176.5,185.25,176.10000610351562,181.82000732421875,6683500,0.0,0.0
2023-10-10 00:00:00-04:00,181.52000427246094,185.1999969482422,180.75999450683594,183.85000610351562,3556200,0.0,0.0
2023-10-11 00:00:00-04:00,183.85000610351562,188.66000366210938,183.3000030517578,188.22000122070312,3552600,0.0,0.0
2023-10-12 00:00:00-04:00,188.22000122070312,190.36000061035156,184.8800048828125,187.55999755859375,3084500,0.0,0.0
2023-10-13 00:00:00-04:00,187.55999755859375,189.3249969482422,185.38999938964844,185.72000122070312,2690100,0.0,0.0
2023-10-16 00:00:00-04:00,185.52999877929688,189.5800018310547,183.35000610351562,187.6699981689453,2540400,0.0,0.0
2023-10-17 00:00:00-04:00,185.99000549316406,190.27999877929688,185.1999969482422,187.13999938964844,3176200,0.0,0.0
2023-10-18 00:00:00-04:00,186.22000122070312,189.3800048828125,185.97000122070312,187.7899932861328,2173400,0.0,0.0
2023-10-19 00:00:00-04:00,191.75,191.99000549316406,183.9600067138672,184.52000427246094,3518100,0.0,0.0
2023-10-20 00:00:00-04:00,183.0,183.60000610351562,176.3000030517578,178.75999450683594,3839800,0.0,0.0
2023-10-23 00:00:00-04:00,176.0,181.1699981689453,173.2899932861328,179.0800018310547,2534200,0.0,0.0
2023-10-24 00:00:00-04:00,181.0,184.16000366210938,179.05299377441406,182.82000732421875,1825900,0.0,0.0
2023-10-25 00:00:00-04:00,181.19000244140625,181.97999572753906,175.1199951171875,175.3800048828125,2050200,0.0,0.0
2023-10-26 00:00:00-04:00,176.1199951171875,178.4499969482422,170.1699981689453,171.63999938964844,2515000,0.0,0.0
2023-10-27 00:00:00-04:00,174.22000122070312,175.6999969482422,171.2220001220703,172.82000732421875,1795100,0.0,0.0
2023-10-30 00:00:00-04:00,174.60000610351562,175.72999572753906,171.68299865722656,174.61000061035156,1669400,0.0,0.0
2023-10-31 00:00:00-04:00,175.1649932861328,177.58999633789062,172.5800018310547,176.77000427246094,1651000,0.0,0.0
2023-11-01 00:00:00-04:00,178.1199951171875,179.6300048828125,174.80999755859375,178.35000610351562,2074700,0.0,0.0
2023-11-02 00:00:00-04:00,180.88999938964844,184.6699981689453,179.71400451660156,182.8000030517578,3352200,0.0,0.0
2023-11-03 00:00:00-04:00,182.6699981689453,188.74000549316406,178.35000610351562,188.24000549316406,3263000,0.0,0.0
2023-11-06 00:00:00-05:00,188.97999572753906,189.5,183.60000610351562,186.77999877929688,1936600,0.0,0.0
2023-11-07 00:00:00-05:00,191.14999389648438,194.8300018310547,189.4499969482422,192.36000061035156,3065800,0.0,0.0
2023-11-08 00:00:00-05:00,192.52000427246094,194.77999877929688,191.2100067138672,193.8300018310547,1717600,0.0,0.0
2023-11-09 00:00:00-05:00,193.44000244140625,194.17999267578125,189.1199951171875,190.75999450683594,2459100,0.0,0.0
2023-11-10 00:00:00-05:00,192.3699951171875,196.9499969482422,190.1999969482422,196.30999755859375,2041500,0.0,0.0
2023-11-13 00:00:00-05:00,198.0,201.5500030517578,197.1699981689453,200.9600067138672,3085900,0.0,0.0
2023-11-14 00:00:00-05:00,205.0,209.06700134277344,203.5,207.97000122070312,3736500,0.0,0.0
2023-11-15 00:00:00-05:00,208.7100067138672,210.08999633789062,202.6699981689453,204.2899932861328,3693500,0.0,0.0
2023-11-16 00:00:00-05:00,200.3300018310547,207.11000061035156,198.86000061035156,204.27000427246094,3013500,0.0,0.0
2023-11-17 00:00:00-05:00,204.27000427246094,207.91000366210938,203.0399932861328,207.08999633789062,1857500,0.0,0.0
2023-11-20 00:00:00-05:00,208.0,209.02699279785156,206.06500244140625,207.72999572753906,2229600,0.0,0.0
2023-11-21 00:00:00-05:00,207.74000549316406,209.32000732421875,205.85000610351562,208.97999572753906,2277100,0.0,0.0
2023-11-22 00:00:00-05:00,209.89999389648438,210.64999389648438,206.5500030517578,209.61000061035156,2199900,0.0,0.0
2023-11-24 00:00:00-05:00,208.86000061035156,212.86000061035156,207.6750030517578,210.66000366210938,1658000,0.0,0.0
2023-11-27 00:00:00-05:00,209.6199951171875,213.13999938964844,207.57000732421875,210.07000732421875,4012500,0.0,0.0
2023-11-28 00:00:00-05:00,208.92999267578125,214.7050018310547,207.22000122070312,212.35000610351562,7147600,0.0,0.0
2023-11-29 00:00:00-05:00,220.0,235.6300048828125,218.8300018310547,234.44000244140625,12996500,0.0,0.0
2023-11-30 00:00:00-05:00,231.19000244140625,238.47999572753906,229.19000244140625,236.99000549316406,7425800,0.0,0.0
2023-12-01 00:00:00-05:00,235.72000122070312,236.64999389648438,229.8000030517578,235.02999877929688,3868900,0.0,0.0
2023-12-04 00:00:00-05:00,234.0800018310547,237.85000610351562,230.91000366210938,237.38999938964844,3448500,0.0,0.0
2023-12-05 00:00:00-05:00,233.9600067138672,239.07000732421875,233.3280029296875,238.97000122070312,2576400,0.0,0.0
2023-12-06 00:00:00-05:00,240.0,244.63999938964844,237.78900146484375,239.4199981689453,3759700,0.0,0.0
2023-12-07 00:00:00-05:00,239.6300048828125,240.7100067138672,234.24000549316406,240.1699981689453,2477500,0.0,0.0
2023-12-08 00:00:00-05:00,238.33999633789062,243.49000549316406,237.6300048828125,242.5500030517578,1886700,0.0,0.0
2023-12-11 00:00:00-05:00,242.6300048828125,249.27999877929688,241.38999938964844,246.97000122070312,2774100,0.0,0.0
2023-12-12 00:00:00-05:00,244.63999938964844,250.2899932861328,243.27000427246094,248.5500030517578,2977200,0.0,0.0
2023-12-13 00:00:00-05:00,249.75,253.3000030517578,247.17999267578125,252.0399932861328,2648300,0.0,0.0
2023-12-14 00:00:00-05:00,253.8249969482422,257.3699951171875,247.8699951171875,252.67999267578125,3820100,0.0,0.0
2023-12-15 00:00:00-05:00,256.6000061035156,260.7690124511719,254.02000427246094,260.0799865722656,6019700,0.0,0.0
2023-12-18 00:00:00-05:00,260.1700134277344,261.80999755859375,257.3399963378906,259.79998779296875,2846800,0.0,0.0
2023-12-19 00:00:00-05:00,260.1199951171875,260.7699890136719,256.239990234375,258.3299865722656,2783000,0.0,0.0
2023-12-20 00:00:00-05:00,255.89999389648438,259.57000732421875,253.6300048828125,253.9499969482422,2247800,0.0,0.0
2023-12-21 00:00:00-05:00,254.25,257.7099914550781,250.61000061035156,257.32000732421875,3178000,0.0,0.0
2023-12-22 00:00:00-05:00,256.9700012207031,256.9700012207031,253.75999450683594,255.6300048828125,1801700,0.0,0.0
2023-12-26 00:00:00-05:00,254.8300018310547,258.239990234375,253.58299255371094,257.8699951171875,1814400,0.0,0.0
2023-12-27 00:00:00-05:00,258.2650146484375,259.5400085449219,255.72999572753906,257.32000732421875,1553000,0.0,0.0
2023-12-28 00:00:00-05:00,257.4100036621094,257.4200134277344,255.11000061035156,256.1300048828125,1025600,0.0,0.0
2023-12-29 00:00:00-05:00,255.8300018310547,257.17999267578125,251.8800048828125,255.32000732421875,1858900,0.0,0.0
2024-01-02 00:00:00-05:00,251.47000122070312,252.2899932861328,243.02999877929688,246.88999938964844,3756800,0.0,0.0
2024-01-03 00:00:00-05:00,240.32000732421875,248.83099365234375,238.61000061035156,244.36000061035156,3157600,0.0,0.0
2024-01-04 00:00:00-05:00,246.0,247.61000061035156,243.63999938964844,245.64999389648438,2103000,0.0,0.0
2024-01-05 00:00:00-05:00,245.0,249.47999572753906,244.64999389648438,247.4600067138672,2407500,0.0,0.0
2024-01-08 00:00:00-05:00,251.89999389648438,261.6390075683594,251.55999755859375,261.2799987792969,4009200,0.0,0.0
2024-01-09 00:00:00-05:00,265.69500732421875,276.55999755859375,264.989990234375,273.7699890136719,6066900,0.0,0.0
2024-01-10 00:00:00-05:00,274.8699951171875,282.31500244140625,274.8699951171875,282.0400085449219,4674000,0.0,0.0
2024-01-11 00:00:00-05:00,284.0,287.760009765625,280.3500061035156,284.5199890136719,3460700,0.0,0.0
2024-01-12 00:00:00-05:00,287.0,290.3299865722656,282.510009765625,283.3500061035156,2534400,0.0,0.0
2024-01-16 00:00:00-05:00,279.3900146484375,287.20001220703125,279.05999755859375,286.2900085449219,2690800,0.0,0.0
2024-01-17 00:00:00-05:00,279.5400085449219,283.2300109863281,272.79901123046875,276.2699890136719,4419700,0.0,0.0
2024-01-18 00:00:00-05:00,281.6700134277344,284.4599914550781,279.1700134277344,283.1099853515625,2705900,0.0,0.0
2024-01-19 00:00:00-05:00,285.0,290.8500061035156,283.79998779296875,290.5400085449219,3011200,0.0,0.0
2024-01-22 00:00:00-05:00,300.4800109863281,302.0,295.3699951171875,298.6600036621094,4229400,0.0,0.0
2024-01-23 00:00:00-05:00,298.1700134277344,299.70001220703125,291.7049865722656,297.2699890136719,2989300,0.0,0.0
2024-01-24 00:00:00-05:00,300.5799865722656,307.54998779296875,298.5400085449219,300.2799987792969,4454200,0.0,0.0
2024-01-25 00:00:00-05:00,305.6099853515625,306.29998779296875,290.7900085449219,293.4599914550781,4332900,0.0,0.0
2024-01-26 00:00:00-05:00,290.489990234375,293.75,286.75,290.30999755859375,2811500,0.0,0.0
2024-01-29 00:00:00-05:00,294.0,300.70001220703125,293.75,300.6700134277344,3131500,0.0,0.0
2024-01-30 00:00:00-05:00,301.0,302.614990234375,298.3999938964844,301.3500061035156,2147400,0.0,0.0
2024-01-31 00:00:00-05:00,298.0,300.114990234375,290.8900146484375,292.5,2494100,0.0,0.0
2024-02-01 00:00:00-05:00,296.1400146484375,299.8999938964844,294.1700134277344,299.3699951171875,1853600,0.0,0.0
2024-02-02 00:00:00-05:00,299.75,305.2099914550781,296.7099914550781,303.57000732421875,2374500,0.0,0.0
2024-02-05 00:00:00-05:00,305.0,307.7659912109375,295.57000732421875,302.489990234375,2481300,0.0,0.0
2024-02-06 00:00:00-05:00,305.3699951171875,307.7699890136719,295.30999755859375,302.1099853515625,2087600,0.0,0.0
2024-02-07 00:00:00-05:00,307.7300109863281,321.07000732421875,306.7099914550781,317.7799987792969,4017400,0.0,0.0
2024-02-08 00:00:00-05:00,316.7099914550781,323.9289855957031,314.0299987792969,323.0400085449219,2531100,0.0,0.0
2024-02-09 00:00:00-05:00,330.0,336.989990234375,326.42999267578125,329.3399963378906,3870000,0.0,0.0
2024-02-12 00:00:00-05:00,329.70001220703125,330.6679992675781,320.6300048828125,321.2900085449219,3414100,0.0,0.0
2024-02-13 00:00:00-05:00,307.5400085449219,326.3399963378906,302.0,322.44000244140625,4531400,0.0,0.0
2024-02-14 00:00:00-05:00,327.760009765625,334.8999938964844,326.55999755859375,334.54998779296875,2394900,0.0,0.0
2024-02-15 00:00:00-05:00,337.5,338.4530029296875,327.1130065917969,331.3800048828125,2919900,0.0,0.0
2024-02-16 00:00:00-05:00,331.7900085449219,332.3699951171875,325.1300048828125,329.239990234375,2123900,0.0,0.0
2024-02-20 00:00:00-05:00,327.0,327.0,315.07000732421875,323.7099914550781,4136700,0.0,0.0
2024-02-21 00:00:00-05:00,283.0299987792969,294.5989990234375,273.1600036621094,292.3599853515625,9015100,0.0,0.0
2024-02-22 00:00:00-05:00,304.92999267578125,313.6600036621094,297.0,310.9100036621094,4797900,0.0,0.0
2024-02-23 00:00:00-05:00,313.7799987792969,317.0,308.5799865722656,311.489990234375,2965200,0.0,0.0
2024-02-26 00:00:00-05:00,313.1600036621094,323.3139953613281,309.489990234375,321.0299987792969,3884900,0.0,0.0
2024-02-27 00:00:00-05:00,323.3999938964844,329.0899963378906,320.7099914550781,321.2099914550781,2790400,0.0,0.0
2024-02-28 00:00:00-05:00,318.8599853515625,321.69000244140625,314.54998779296875,320.94000244140625,2072600,0.0,0.0
2024-02-29 00:00:00-05:00,324.9100036621094,328.9800109863281,321.07000732421875,324.1499938964844,3812100,0.0,0.0
2024-03-01 00:00:00-05:00,319.25,319.7200012207031,309.1199951171875,314.6000061035156,5837400,0.0,0.0
2024-03-04 00:00:00-05:00,317.3299865722656,317.989990234375,311.2900085449219,313.80999755859375,4796600,0.0,0.0
2024-03-05 00:00:00-05:00,307.5299987792969,308.5,289.79998779296875,297.55999755859375,13249300,0.0,0.0
2024-03-06 00:00:00-05:00,360.04998779296875,365.0,324.010009765625,329.57000732421875,23050900,0.0,0.0
2024-03-07 00:00:00-05:00,329.75,331.8500061035156,315.2099914550781,329.67999267578125,9729500,0.0,0.0
2024-03-08 00:00:00-05:00,331.0,341.739990234375,322.4100036621094,322.8500061035156,6021300,0.0,0.0
2024-03-11 00:00:00-04:00,319.1499938964844,323.5,316.0,317.3699951171875,3292000,0.0,0.0
2024-03-12 00:00:00-04:00,318.6099853515625,333.80999755859375,317.3699951171875,329.2699890136719,4156500,0.0,0.0
2024-03-13 00:00:00-04:00,329.7300109863281,334.82501220703125,325.5,332.1700134277344,2730900,0.0,0.0
2024-03-14 00:00:00-04:00,333.0,337.7799987792969,325.4750061035156,328.5899963378906,2776800,0.0,0.0
2024-03-15 00:00:00-04:00,325.5799865722656,327.3900146484375,315.6000061035156,315.6499938964844,4483100,0.0,0.0
2024-03-18 00:00:00-04:00,319.0299987792969,322.3699951171875,315.8999938964844,321.05999755859375,2736600,0.0,0.0
2024-03-19 00:00:00-04:00,318.1499938964844,321.4800109863281,310.2200012207031,320.8599853515625,2933600,0.0,0.0
2024-03-20 00:00:00-04:00,321.0,328.4700012207031,318.06298828125,326.8699951171875,2528800,0.0,0.0
2024-03-21 00:00:00-04:00,325.8900146484375,333.2300109863281,322.04998779296875,329.4599914550781,3253400,0.0,0.0
2024-03-22 00:00:00-04:00,327.7300109863281,328.3900146484375,319.54998779296875,327.5799865722656,2601700,0.0,0.0
2024-03-25 00:00:00-04:00,326.0,329.25,321.0,324.760009765625,1695200,0.0,0.0
2024-03-26 00:00:00-04:00,326.0,332.5,323.8599853515625,330.010009765625,2417700,0.0,0.0
2024-03-27 00:00:00-04:00,333.3399963378906,333.8399963378906,317.55999755859375,322.25,3175600,0.0,0.0
2024-03-28 00:00:00-04:00,322.4200134277344,327.6499938964844,319.94000244140625,320.5899963378906,2253100,0.0,0.0
2024-04-01 00:00:00-04:00,321.0,321.989990234375,313.7200012207031,319.5899963378906,1830900,0.0,0.0
2024-04-02 00:00:00-04:00,312.9200134277344,319.7099914550781,310.9599914550781,319.54998779296875,2125300,0.0,0.0
2024-04-03 00:00:00-04:00,316.57000732421875,323.54998779296875,314.4800109863281,320.0400085449219,2013400,0.0,0.0
2024-04-04 00:00:00-04:00,324.29998779296875,325.989990234375,308.8800048828125,309.19000244140625,2667000,0.0,0.0
2024-04-05 00:00:00-04:00,309.7200012207031,317.5,309.3299865722656,315.5,1769300,0.0,0.0
2024-04-08 00:00:00-04:00,316.17999267578125,316.6400146484375,309.5,313.7300109863281,1457300,0.0,0.0
2024-04-09 00:00:00-04:00,314.989990234375,316.0,308.6300048828125,310.7699890136719,1860800,0.0,0.0
2024-04-10 00:00:00-04:00,305.989990234375,315.08099365234375,305.3399963378906,312.5299987792969,1939000,0.0,0.0
2024-04-11 00:00:00-04:00,313.5400085449219,317.9049987792969,310.135009765625,317.79998779296875,1869000,0.0,0.0
2024-04-12 00:00:00-04:00,313.8900146484375,314.8699951171875,307.0,309.04998779296875,2176300,0.0,0.0
2024-04-15 00:00:00-04:00,310.0299987792969,312.0,298.3900146484375,299.5,2571600,0.0,0.0
2024-04-16 00:00:00-04:00,297.54998779296875,301.6499938964844,296.79998779296875,299.1499938964844,1828300,0.0,0.0
2024-04-17 00:00:00-04:00,304.0,304.79998779296875,291.7099914550781,293.69000244140625,2290300,0.0,0.0
2024-04-18 00:00:00-04:00,293.0,297.5,290.17999267578125,294.1000061035156,2100000,0.0,0.0
2024-04-19 00:00:00-04:00,291.95001220703125,292.7300109863281,280.8800048828125,282.6400146484375,3116600,0.0,0.0
2024-04-22 00:00:00-04:00,285.739990234375,291.2900085449219,281.3999938964844,289.1499938964844,2483400,0.0,0.0
2024-04-23 00:00:00-04:00,292.2099914550781,302.80999755859375,292.1700134277344,299.6499938964844,2593000,0.0,0.0
2024-04-24 00:00:00-04:00,303.6000061035156,304.82000732421875,294.739990234375,297.6199951171875,1656200,0.0,0.0
2024-04-25 00:00:00-04:00,289.55999755859375,299.8500061035156,287.9100036621094,298.0199890136719,2022100,0.0,0.0
2024-04-26 00:00:00-04:00,300.3399963378906,305.7799987792969,298.2699890136719,304.07000732421875,2007800,0.0,0.0
2024-04-29 00:00:00-04:00,312.57000732421875,313.8630065917969,302.04998779296875,304.0400085449219,1899600,0.0,0.0
2024-04-30 00:00:00-04:00,302.0,303.06500244140625,292.3299865722656,292.5400085449219,1930200,0.0,0.0
2024-05-01 00:00:00-04:00,290.44000244140625,302.5,288.54998779296875,295.44000244140625,2090800,0.0,0.0
2024-05-02 00:00:00-04:00,303.7550048828125,307.94000244140625,298.0429992675781,303.5400085449219,3920500,0.0,0.0
2024-05-03 00:00:00-04:00,304.760009765625,311.54998779296875,300.0,310.2099914550781,4080800,0.0,0.0
2024-05-06 00:00:00-04:00,307.3800048828125,317.8999938964844,304.29998779296875,317.80999755859375,2903500,0.0,0.0
2024-05-07 00:00:00-04:00,315.7099914550781,321.5150146484375,311.6499938964844,312.54998779296875,3199000,0.0,0.0
2024-05-08 00:00:00-04:00,311.8800048828125,319.2300109863281,308.57000732421875,313.760009765625,2073100,0.0,0.0
2024-05-09 00:00:00-04:00,313.0299987792969,318.25,309.3800048828125,317.94000244140625,2158400,0.0,0.0
2024-05-10 00:00:00-04:00,320.0,327.5,318.3900146484375,320.760009765625,2657400,0.0,0.0
2024-05-13 00:00:00-04:00,325.0,325.0,316.6300048828125,319.17999267578125,1894400,0.0,0.0
2024-05-14 00:00:00-04:00,319.19000244140625,330.7900085449219,319.17999267578125,329.54998779296875,2948700,0.0,0.0
2024-05-15 00:00:00-04:00,333.2099914550781,344.3699951171875,330.92999267578125,343.1199951171875,3143200,0.0,0.0
2024-05-16 00:00:00-04:00,343.0,344.0799865722656,338.8299865722656,339.05999755859375,2074700,0.0,0.0
2024-05-17 00:00:00-04:00,340.0,346.2799987792969,338.7099914550781,345.92999267578125,2044900,0.0,0.0
2024-05-20 00:00:00-04:00,346.0,349.5899963378906,344.6499938964844,348.75,2175000,0.0,0.0
2024-05-21 00:00:00-04:00,343.05499267578125,351.6499938964844,340.5199890136719,349.32000732421875,2099300,0.0,0.0
2024-05-22 00:00:00-04:00,350.0,352.94000244140625,342.8599853515625,345.4200134277344,1907500,0.0,0.0
2024-05-23 00:00:00-04:00,350.0,350.4100036621094,341.2749938964844,342.3500061035156,1836000,0.0,0.0
2024-05-24 00:00:00-04:00,342.6700134277344,355.75,340.80999755859375,351.4700012207031,2670000,0.0,0.0
2024-05-28 00:00:00-04:00,358.6400146484375,358.8399963378906,343.1099853515625,346.82000732421875,3235300,0.0,0.0
2024-05-29 00:00:00-04:00,342.010009765625,353.5400085449219,341.9599914550781,349.5199890136719,2638900,0.0,0.0
2024-05-30 00:00:00-04:00,346.1499938964844,346.6300048828125,314.1300048828125,315.9200134277344,6143300,0.0,0.0
2024-05-31 00:00:00-04:00,329.760009765625,329.7699890136719,306.5,313.6700134277344,5401800,0.0,0.0
2024-06-03 00:00:00-04:00,319.3699951171875,319.4800109863281,305.1099853515625,308.69000244140625,4364700,0.0,0.0
2024-06-04 00:00:00-04:00,310.0,312.3800048828125,303.5050048828125,305.5799865722656,8475400,0.0,0.0
2024-06-05 00:00:00-04:00,334.6099853515625,342.5899963378906,316.3900146484375,342.17999267578125,16035600,0.0,0.0
2024-06-06 00:00:00-04:00,342.92999267578125,349.3399963378906,336.19000244140625,340.489990234375,4683500,0.0,0.0
2024-06-07 00:00:00-04:00,343.0,349.9200134277344,337.1300048828125,349.1199951171875,5096800,0.0,0.0
2024-06-10 00:00:00-04:00,367.1000061035156,384.9800109863281,367.1000061035156,374.57000732421875,15590700,0.0,0.0
2024-06-11 00:00:00-04:00,372.8599853515625,385.0,370.1400146484375,384.6300048828125,7011700,0.0,0.0
2024-06-12 00:00:00-04:00,390.25,390.7049865722656,378.8699951171875,387.3699951171875,5827800,0.0,0.0
2024-06-13 00:00:00-04:00,387.8500061035156,389.8900146484375,380.94000244140625,382.80999755859375,3969500,0.0,0.0
2024-06-14 00:00:00-04:00,382.0,388.3450012207031,381.1499938964844,385.43499755859375,3415000,0.0,0.0
2024-06-17 00:00:00-04:00,382.75,394.6400146484375,376.54998779296875,390.42999267578125,4853100,0.0,0.0
2024-06-18 00:00:00-04:00,390.0,393.2900085449219,386.6600036621094,389.510009765625,4092800,0.0,0.0
2024-06-20 00:00:00-04:00,390.260009765625,393.25,379.20001220703125,382.1400146484375,5848000,0.0,0.0
2024-06-21 00:00:00-04:00,380.6300048828125,381.0,370.70001220703125,380.6300048828125,52256000,0.0,0.0
2024-06-24 00:00:00-04:00,375.1000061035156,381.760009765625,374.0,377.92999267578125,5400900,0.0,0.0
2024-06-25 00:00:00-04:00,379.75,387.80999755859375,379.5450134277344,386.760009765625,3146300,0.0,0.0
2024-06-26 00:00:00-04:00,385.5899963378906,387.510009765625,379.75,380.3699951171875,2952100,0.0,0.0
2024-06-27 00:00:00-04:00,381.0,391.5400085449219,379.94000244140625,387.2900085449219,3666300,0.0,0.0
2024-06-28 00:00:00-04:00,389.3299865722656,393.2900085449219,381.7820129394531,383.19000244140625,8480500,0.0,0.0
2024-07-01 00:00:00-04:00,385.2799987792969,392.739990234375,377.9200134277344,392.1499938964844,2880200,0.0,0.0
2024-07-02 00:00:00-04:00,382.2699890136719,387.1650085449219,381.4700012207031,385.04998779296875,3242700,0.0,0.0
2024-07-03 00:00:00-04:00,384.25,390.0799865722656,382.38299560546875,387.17999267578125,1456800,0.0,0.0
2024-07-05 00:00:00-04:00,387.8699951171875,391.4649963378906,385.30999755859375,389.67999267578125,1909000,0.0,0.0
2024-07-08 00:00:00-04:00,390.3680114746094,397.1199951171875,379.7900085449219,390.7099914550781,2976500,0.0,0.0
2024-07-09 00:00:00-04:00,392.510009765625,398.3269958496094,383.20001220703125,385.8800048828125,2967600,0.0,0.0
2024-07-10 00:00:00-04:00,385.0,385.0199890136719,365.5899963378906,374.45001220703125,5826700,0.0,0.0
2024-07-11 00:00:00-04:00,375.69000244140625,379.7799987792969,367.5,370.42999267578125,3125500,0.0,0.0
2024-07-12 00:00:00-04:00,368.20001220703125,374.489990234375,367.7550048828125,371.32000732421875,2609700,0.0,0.0
2024-07-15 00:00:00-04:00,371.6700134277344,383.57000732421875,364.2099914550781,377.3699951171875,3522400,0.0,0.0
2024-07-16 00:00:00-04:00,378.239990234375,379.3349914550781,368.5,369.04998779296875,2606300,0.0,0.0
2024-07-17 00:00:00-04:00,360.0,363.59698486328125,350.7200012207031,354.94000244140625,3498700,0.0,0.0
2024-07-18 00:00:00-04:00,351.739990234375,352.20001220703125,336.3399963378906,343.04998779296875,4552800,0.0,0.0
2024-07-19 00:00:00-04:00,294.510009765625,316.75,290.1000061035156,304.9599914550781,42145700,0.0,0.0
2024-07-22 00:00:00-04:00,285.010009765625,285.010009765625,261.5899963378906,263.9100036621094,49567500,0.0,0.0
2024-07-23 00:00:00-04:00,269.0199890136719,277.0,258.7699890136719,268.8800048828125,33583100,0.0,0.0
2024-07-24 00:00:00-04:00,270.0,275.44000244140625,257.3599853515625,258.1400146484375,14736300,0.0,0.0
2024-07-25 00:00:00-04:00,258.3900146484375,262.7900085449219,250.22000122070312,254.14999389648438,10511400,0.0,0.0
2024-07-26 00:00:00-04:00,259.95001220703125,260.5400085449219,251.25999450683594,256.1600036621094,9584400,0.0,0.0
2024-07-29 00:00:00-04:00,259.510009765625,265.5,257.45001220703125,258.80999755859375,11792200,0.0,0.0
2024-07-30 00:00:00-04:00,247.5500030517578,248.3300018310547,226.22000122070312,233.64999389648438,25824900,0.0,0.0
2024-07-31 00:00:00-04:00,234.6699981689453,236.91000366210938,228.2100067138672,231.9600067138672,11980400,0.0,0.0
2024-08-01 00:00:00-04:00,232.0,232.1999969482422,221.66000366210938,224.22000122070312,9914200,0.0,0.0
2024-08-02 00:00:00-04:00,217.14999389648438,221.47500610351562,211.13999938964844,217.88999938964844,8978100,0.0,0.0
2024-08-05 00:00:00-04:00,201.53500366210938,224.1199951171875,200.80999755859375,222.0500030517578,10942200,0.0,0.0
2024-08-06 00:00:00-04:00,230.19000244140625,235.24000549316406,221.55999755859375,231.69000244140625,10613400,0.0,0.0
2024-08-07 00:00:00-04:00,238.3699951171875,243.5,230.10000610351562,230.6699981689453,9349000,0.0,0.0
2024-08-08 00:00:00-04:00,233.8800048828125,242.0399932861328,229.72000122070312,240.52000427246094,6675000,0.0,0.0
2024-08-09 00:00:00-04:00,242.17999267578125,246.00999450683594,238.8000030517578,240.89999389648438,5938900,0.0,0.0
2024-08-12 00:00:00-04:00,242.0,242.8699951171875,235.60000610351562,239.33999633789062,3729400,0.0,0.0
2024-08-13 00:00:00-04:00,242.0,248.97000122070312,240.0050048828125,248.11000061035156,5126800,0.0,0.0
2024-08-14 00:00:00-04:00,250.0,258.9599914550781,249.25599670410156,256.2200012207031,5713900,0.0,0.0
2024-08-15 00:00:00-04:00,260.25,263.6499938964844,257.5199890136719,260.489990234375,5898100,0.0,0.0
2024-08-16 00:00:00-04:00,260.44000244140625,262.6400146484375,257.8500061035156,262.5400085449219,3495600,0.0,0.0
2024-08-19 00:00:00-04:00,264.0,270.9800109863281,262.6000061035156,266.7799987792969,5466600,0.0,0.0
2024-08-20 00:00:00-04:00,269.3599853515625,270.1199951171875,264.3949890136719,266.5299987792969,3876500,0.0,0.0
2024-08-21 00:00:00-04:00,267.010009765625,274.4200134277344,265.64300537109375,273.2099914550781,5258400,0.0,0.0
2024-08-22 00:00:00-04:00,275.239990234375,278.5,267.2300109863281,267.6400146484375,4420700,0.0,0.0
2024-08-23 00:00:00-04:00,270.1000061035156,273.6000061035156,266.80999755859375,271.5400085449219,3248600,0.0,0.0
2024-08-26 00:00:00-04:00,271.05999755859375,271.739990234375,265.2699890136719,265.8699951171875,3558400,0.0,0.0
2024-08-27 00:00:00-04:00,261.80999755859375,270.42999267578125,260.75,269.8299865722656,3686900,0.0,0.0
2024-08-28 00:00:00-04:00,269.79998779296875,270.7200012207031,261.4800109863281,264.20001220703125,7072600,0.0,0.0
2024-08-29 00:00:00-04:00,262.010009765625,285.7300109863281,261.3299865722656,271.6700134277344,13100200,0.0,0.0
2024-08-30 00:00:00-04:00,277.7799987792969,284.1099853515625,273.3500061035156,277.2799987792969,6617000,0.0,0.0
2024-09-03 00:00:00-04:00,275.7799987792969,277.510009765625,265.2900085449219,266.6000061035156,5503200,0.0,0.0
2024-09-04 00:00:00-04:00,260.44000244140625,267.197998046875,258.4100036621094,259.32000732421875,4372200,0.0,0.0
2024-09-05 00:00:00-04:00,255.39999389648438,259.0,252.6699981689453,256.42999267578125,3928000,0.0,0.0
2024-09-06 00:00:00-04:00,255.8000030517578,257.3999938964844,244.49000549316406,246.38999938964844,4320100,0.0,0.0
2024-09-09 00:00:00-04:00,249.11500549316406,249.5,244.1699981689453,246.5800018310547,3198200,0.0,0.0
2024-09-10 00:00:00-04:00,248.75,250.3300018310547,243.5500030517578,247.74000549316406,2199200,0.0,0.0
2024-09-11 00:00:00-04:00,247.72999572753906,254.5800018310547,242.25,253.52999877929688,2666100,0.0,0.0
2024-09-12 00:00:00-04:00,255.67999267578125,258.3800048828125,252.47999572753906,257.1000061035156,2645700,0.0,0.0
2024-09-13 00:00:00-04:00,257.0,261.5799865722656,256.0,259.1300048828125,2133900,0.0,0.0
2024-09-16 00:00:00-04:00,260.7699890136719,270.04998779296875,259.3500061035156,267.80999755859375,3698600,0.0,0.0
2024-09-17 00:00:00-04:00,270.20001220703125,272.3999938964844,267.32000732421875,268.7200012207031,2775400,0.0,0.0
2024-09-18 00:00:00-04:00,269.489990234375,272.0199890136719,263.45001220703125,267.1199951171875,3178600,0.0,0.0
2024-09-19 00:00:00-04:00,276.0,283.989990234375,273.75,277.3800048828125,6219000,0.0,0.0
2024-09-20 00:00:00-04:00,284.1300048828125,300.45001220703125,283.8800048828125,299.8500061035156,17875100,0.0,0.0
2024-09-23 00:00:00-04:00,297.7799987792969,302.1579895019531,292.57000732421875,293.1400146484375,5519300,0.0,0.0
2024-09-24 00:00:00-04:00,294.8900146484375,295.3999938964844,285.2799987792969,288.5400085449219,4110700,0.0,0.0
2024-09-25 00:00:00-04:00,290.0,291.7300109863281,285.5400085449219,286.4700012207031,2953500,0.0,0.0
2024-09-26 00:00:00-04:00,291.25,292.375,277.8800048828125,281.4800109863281,4532100,0.0,0.0
2024-09-27 00:00:00-04:00,283.79998779296875,286.45001220703125,281.1499938964844,285.8599853515625,2896400,0.0,0.0
2024-09-30 00:00:00-04:00,284.0,285.4100036621094,278.20001220703125,280.4700012207031,2853700,0.0,0.0
2024-10-01 00:00:00-04:00,282.260009765625,282.9739990234375,272.6700134277344,275.1499938964844,3122600,0.0,0.0
2024-10-02 00:00:00-04:00,274.885009765625,282.1499938964844,274.86199951171875,280.239990234375,2592600,0.0,0.0
2024-10-03 00:00:00-04:00,279.0,286.8999938964844,278.55999755859375,283.75,3336400,0.0,0.0
2024-10-04 00:00:00-04:00,288.1600036621094,292.55999755859375,283.79998779296875,292.239990234375,3118400,0.0,0.0
2024-10-07 00:00:00-04:00,291.0,293.0,285.7900085449219,286.9700012207031,2314300,0.0,0.0
2024-10-08 00:00:00-04:00,287.8800048828125,295.25,286.7799987792969,293.010009765625,2886300,0.0,0.0
2024-10-09 00:00:00-04:00,293.739990234375,298.7699890136719,292.5,298.3399963378906,2534400,0.0,0.0
2024-10-10 00:00:00-04:00,297.7200012207031,315.5299987792969,297.0,314.9200134277344,7859900,0.0,0.0
2024-10-11 00:00:00-04:00,314.9200134277344,322.5899963378906,313.0,320.2099914550781,4606800,0.0,0.0
2024-10-14 00:00:00-04:00,321.57000732421875,323.94000244140625,309.6000061035156,310.5199890136719,4474200,0.0,0.0
2024-10-15 00:00:00-04:00,309.54998779296875,310.5199890136719,300.69000244140625,302.30999755859375,3765400,0.0,0.0
2024-10-16 00:00:00-04:00,303.8500061035156,307.2049865722656,299.2699890136719,306.239990234375,2889200,0.0,0.0
2024-10-17 00:00:00-04:00,310.0,313.739990234375,306.239990234375,310.3399963378906,3078400,0.0,0.0
2024-10-18 00:00:00-04:00,310.3399963378906,313.8800048828125,306.80999755859375,310.1499938964844,2897100,0.0,0.0
2024-10-21 00:00:00-04:00,309.6600036621094,316.99798583984375,308.1099853515625,309.54998779296875,3293500,0.0,0.0
2024-10-22 00:00:00-04:00,309.0,311.55999755859375,304.260009765625,308.510009765625,2259200,0.0,0.0
2024-10-23 00:00:00-04:00,307.1400146484375,308.0660095214844,298.32000732421875,299.29998779296875,3102900,0.0,0.0
2024-10-24 00:00:00-04:00,302.1099853515625,305.9070129394531,301.0,304.4700012207031,1980900,0.0,0.0
2024-10-25 00:00:00-04:00,305.2200012207031,311.3500061035156,295.1300048828125,300.6199951171875,6045800,0.0,0.0
2024-10-28 00:00:00-04:00,301.1449890136719,305.0,295.30999755859375,301.32000732421875,3464800,0.0,0.0
2024-10-29 00:00:00-04:00,303.239990234375,313.1499938964844,300.3999938964844,310.94000244140625,3454800,0.0,0.0
2024-10-30 00:00:00-04:00,311.5,315.47601318359375,307.135009765625,307.45001220703125,2083800,0.0,0.0
2024-10-31 00:00:00-04:00,306.1199951171875,307.4049987792969,294.67999267578125,296.8699951171875,3475700,0.0,0.0
2024-11-01 00:00:00-04:00,296.7900085449219,304.3800048828125,295.7099914550781,303.1300048828125,2975900,0.0,0.0
2024-11-04 00:00:00-05:00,300.5199890136719,302.92999267578125,295.0799865722656,298.8800048828125,2321900,0.0,0.0
2024-11-05 00:00:00-05:00,300.0,308.8900146484375,298.61700439453125,307.5799865722656,2260000,0.0,0.0
2024-11-06 00:00:00-05:00,317.1700134277344,324.66400146484375,316.75,320.0,4227700,0.0,0.0
2024-11-07 00:00:00-05:00,322.5,333.2200012207031,320.45098876953125,330.7799987792969,3575200,0.0,0.0
2024-11-08 00:00:00-05:00,330.54998779296875,333.1499938964844,323.239990234375,330.0299987792969,2845700,0.0,0.0
2024-11-11 00:00:00-05:00,334.0,342.7900085449219,331.8800048828125,342.4200134277344,3345400,0.0,0.0
2024-11-12 00:00:00-05:00,339.80999755859375,343.8900146484375,336.5249938964844,343.5,3183700,0.0,0.0
2024-11-13 00:00:00-05:00,345.6000061035156,359.45001220703125,344.0899963378906,347.8800048828125,4745700,0.0,0.0
2024-11-14 00:00:00-05:00,347.8900146484375,351.0899963378906,343.5299987792969,344.3599853515625,2582100,0.0,0.0
2024-11-15 00:00:00-05:00,340.3999938964844,343.010009765625,332.75,336.75,3460500,0.0,0.0
2024-11-18 00:00:00-05:00,339.9700012207031,347.29998779296875,336.75,342.9700012207031,2384400,0.0,0.0
2024-11-19 00:00:00-05:00,341.5400085449219,354.3399963378906,338.52899169921875,353.2900085449219,3169500,0.0,0.0
2024-11-20 00:00:00-05:00,357.30999755859375,357.30999755859375,344.46600341796875,350.1499938964844,2499900,0.0,0.0
2024-11-21 00:00:00-05:00,354.5,362.3999938964844,351.5,357.54998779296875,4553900,0.0,0.0
2024-11-22 00:00:00-05:00,359.67999267578125,372.55999755859375,357.95001220703125,372.260009765625,3442500,0.0,0.0
2024-11-25 00:00:00-05:00,375.0,377.4200134277344,360.7799987792969,363.67999267578125,5022800,0.0,0.0
2024-11-26 00:00:00-05:00,363.0,367.3500061035156,359.25,364.29998779296875,6951300,0.0,0.0
2024-11-27 00:00:00-05:00,359.2200012207031,359.2200012207031,340.5199890136719,347.5899963378906,10807700,0.0,0.0
2024-11-29 00:00:00-05:00,349.5,350.1600036621094,344.7200012207031,345.9700012207031,2425500,0.0,0.0
2024-12-02 00:00:00-05:00,344.8999938964844,354.3399963378906,336.55999755859375,346.79998779296875,5465300,0.0,0.0
2024-12-03 00:00:00-05:00,345.0,351.95001220703125,343.3999938964844,349.95001220703125,3581900,0.0,0.0
2024-12-04 00:00:00-05:00,353.1000061035156,366.44000244140625,348.5,364.1600036621094,5063900,0.0,0.0
2024-12-05 00:00:00-05:00,361.20001220703125,366.25,358.6000061035156,364.8399963378906,3191200,0.0,0.0
2024-12-06 00:00:00-05:00,364.0,371.2699890136719,360.989990234375,365.6499938964844,3238100,0.0,0.0
2024-12-09 00:00:00-05:00,365.6499938964844,366.5899963378906,351.7699890136719,353.6000061035156,2852600,0.0,0.0
2024-12-10 00:00:00-05:00,353.6000061035156,357.260009765625,344.6000061035156,346.7749938964844,2419300,0.0,0.0
2024-12-11 00:00:00-05:00,348.19000244140625,364.8999938964844,348.19000244140625,362.9700012207031,3528900,0.0,0.0
2024-12-12 00:00:00-05:00,360.4700012207031,365.8399963378906,357.54998779296875,365.5,2189800,0.0,0.0
2024-12-13 00:00:00-05:00,366.0,370.2900085449219,361.5199890136719,368.0199890136719,3119000,0.0,0.0
2024-12-16 00:00:00-05:00,368.760009765625,389.0,364.8900146484375,388.20001220703125,5181800,0.0,0.0
2024-12-17 00:00:00-05:00,386.75,388.0,373.239990234375,376.4200134277344,3890000,0.0,0.0
2024-12-18 00:00:00-05:00,376.4200134277344,379.1820068359375,345.46600341796875,349.17999267578125,4824400,0.0,0.0
2024-12-19 00:00:00-05:00,364.92999267578125,365.0,349.75,351.0299987792969,4375900,0.0,0.0
2024-12-20 00:00:00-05:00,347.0,365.44000244140625,345.04998779296875,362.2900085449219,5221100,0.0,0.0
2024-12-23 00:00:00-05:00,358.489990234375,365.7300109863281,354.2300109863281,361.5,2752300,0.0,0.0
2024-12-24 00:00:00-05:00,361.07000732421875,366.0,359.260009765625,365.7900085449219,1289700,0.0,0.0
2024-12-26 00:00:00-05:00,365.75,366.6400146484375,361.94000244140625,365.0799865722656,1231500,0.0,0.0
2024-12-27 00:00:00-05:00,361.1499938964844,361.9200134277344,349.8500061035156,354.989990234375,3345400,0.0,0.0
2024-12-30 00:00:00-05:00,347.6099853515625,352.875,344.3399963378906,349.30999755859375,2465400,0.0,0.0
2024-12-31 00:00:00-05:00,351.8599853515625,351.8599853515625,339.7200012207031,342.1600036621094,2237200,0.0,0.0
2025-01-02 00:00:00-05:00,346.5199890136719,350.5,341.0369873046875,347.3399963378906,2713000,0.0,0.0
2025-01-03 00:00:00-05:00,349.2300109863281,359.69000244140625,348.0,359.0199890136719,2661400,0.0,0.0
2025-01-06 00:00:00-05:00,362.5,368.3900146484375,356.0299987792969,366.3599853515625,2899200,0.0,0.0
2025-01-07 00:00:00-05:00,366.05999755859375,370.3699951171875,354.125,359.92999267578125,2646800,0.0,0.0
2025-01-08 00:00:00-05:00,356.1940002441406,365.06500244140625,351.30999755859375,358.7200012207031,2549800,0.0,0.0
2025-01-10 00:00:00-05:00,354.9100036621094,354.9100036621094,343.989990234375,348.8399963378906,2831700,0.0,0.0
2025-01-13 00:00:00-05:00,342.864990234375,345.1700134277344,335.54998779296875,341.4599914550781,3337900,0.0,0.0
2025-01-14 00:00:00-05:00,344.9949951171875,351.97198486328125,343.25,348.0400085449219,2535300,0.0,0.0
2025-01-15 00:00:00-05:00,355.0,365.27099609375,352.9599914550781,362.0199890136719,2882100,0.0,0.0
2025-01-16 00:00:00-05:00,366.260009765625,369.01800537109375,360.6600036621094,363.3800048828125,2444900,0.0,0.0
2025-01-17 00:00:00-05:00,370.1400146484375,370.95001220703125,349.54998779296875,357.0,4915500,0.0,0.0
2025-01-21 00:00:00-05:00,360.8699951171875,370.0,358.29998779296875,366.4100036621094,2686000,0.0,0.0
2025-01-22 00:00:00-05:00,368.760009765625,381.489990234375,363.0,377.9800109863281,3608900,0.0,0.0
2025-01-23 00:00:00-05:00,376.80999755859375,377.95001220703125,371.8399963378906,377.70001220703125,2379000,0.0,0.0
2025-01-24 00:00:00-05:00,378.29998779296875,384.29998779296875,373.6700134277344,374.9200134277344,2281700,0.0,0.0
2025-01-27 00:00:00-05:00,366.5,382.45001220703125,359.6600036621094,373.75,3783500,0.0,0.0
2025-01-28 00:00:00-05:00,372.6700134277344,411.29998779296875,372.57000732421875,408.67999267578125,8247200,0.0,0.0
2025-01-29 00:00:00-05:00,404.3500061035156,404.3500061035156,390.2200012207031,397.07000732421875,4279500,0.0,0.0
2025-01-30 00:00:00-05:00,399.7300109863281,403.0799865722656,390.8500061035156,396.8699951171875,2785200,0.0,0.0
2025-01-31 00:00:00-05:00,398.3999938964844,408.1000061035156,397.3500061035156,398.07000732421875,3120800,0.0,0.0
2025-02-03 00:00:00-05:00,386.94500732421875,399.94000244140625,384.239990234375,397.57000732421875,3555200,0.0,0.0
2025-02-04 00:00:00-05:00,396.5199890136719,408.44000244140625,396.0,407.5199890136719,2865700,0.0,0.0
2025-02-05 00:00:00-05:00,408.0,419.3900146484375,405.0199890136719,417.2200012207031,3108600,0.0,0.0
2025-02-06 00:00:00-05:00,415.5,421.625,413.7239990234375,420.510009765625,2413300,0.0,0.0
2025-02-07 00:00:00-05:00,424.0,431.32501220703125,419.32000732421875,421.5899963378906,3501500,0.0,0.0
2025-02-10 00:00:00-05:00,424.7749938964844,431.90399169921875,424.4849853515625,428.9200134277344,2258800,0.0,0.0
2025-02-11 00:00:00-05:00,426.6499938964844,434.78399658203125,424.0799865722656,431.6400146484375,2323800,0.0,0.0
2025-02-12 00:00:00-05:00,425.20001220703125,437.59600830078125,424.2099914550781,434.6300048828125,2011000,0.0,0.0
2025-02-13 00:00:00-05:00,435.0,454.1300048828125,432.1969909667969,453.7699890136719,3681300,0.0,0.0
2025-02-14 00:00:00-05:00,449.4700012207031,453.4599914550781,442.8699951171875,451.739990234375,2845500,0.0,0.0
2025-02-18 00:00:00-05:00,451.6700134277344,455.44000244140625,445.2699890136719,455.3599853515625,2753400,0.0,0.0
2025-02-19 00:00:00-05:00,455.3599853515625,455.5899963378906,444.5799865722656,450.1400146484375,2415200,0.0,0.0
2025-02-20 00:00:00-05:00,441.9200134277344,442.7300109863281,418.30999755859375,436.1400146484375,4768900,0.0,0.0
2025-02-21 00:00:00-05:00,428.8599853515625,433.2300109863281,404.5400085449219,406.67999267578125,5598200,0.0,0.0
2025-02-24 00:00:00-05:00,405.489990234375,405.8999938964844,382.3399963378906,391.7200012207031,5384400,0.0,0.0
2025-02-25 00:00:00-05:00,387.2699890136719,389.0,369.30999755859375,379.75,4503800,0.0,0.0
2025-02-26 00:00:00-05:00,384.69000244140625,401.70001220703125,381.74700927734375,394.55999755859375,3421000,0.0,0.0
2025-02-27 00:00:00-05:00,401.6400146484375,406.5299987792969,380.0,380.239990234375,3223100,0.0,0.0
2025-02-28 00:00:00-05:00,379.0,390.5199890136719,377.3800048828125,389.6600036621094,3773100,0.0,0.0
2025-03-03 00:00:00-05:00,399.0,404.6000061035156,378.3399963378906,382.7300109863281,5065000,0.0,0.0
2025-03-04 00:00:00-05:00,376.9750061035156,396.1600036621094,370.5799865722656,390.1600036621094,8045100,0.0,0.0
2025-03-05 00:00:00-05:00,361.67999267578125,367.32000732421875,343.0,365.44000244140625,15958100,0.0,0.0
2025-03-06 00:00:00-05:00,356.5799865722656,371.7200012207031,345.82000732421875,347.7300109863281,5613700,0.0,0.0
2025-03-07 00:00:00-05:00,344.55999755859375,347.7300109863281,318.0400085449219,333.5,6869400,0.0,0.0
2025-03-10 00:00:00-04:00,322.6499938964844,323.94500732421875,303.7900085449219,308.8599853515625,6997000,0.0,0.0
2025-03-11 00:00:00-04:00,310.4100036621094,339.0,308.0,329.75,8352500,0.0,0.0
2025-03-12 00:00:00-04:00,343.5899963378906,347.7300109863281,336.760009765625,346.760009765625,5123900,0.0,0.0
2025-03-13 00:00:00-04:00,346.57000732421875,347.8349914550781,330.625,332.5299987792969,4349600,0.0,0.0
2025-03-14 00:00:00-04:00,338.510009765625,354.5,337.1400146484375,353.7349853515625,4365500,0.0,0.0
2025-03-17 00:00:00-04:00,353.0,370.8599853515625,352.5660095214844,364.8299865722656,4255100,0.0,0.0
2025-03-18 00:00:00-04:00,362.1000061035156,368.4670104980469,356.7099914550781,363.1499938964844,3185600,0.0,0.0
2025-03-19 00:00:00-04:00,366.2200012207031,381.260009765625,362.2560119628906,375.04998779296875,4056600,0.0,0.0
2025-03-20 00:00:00-04:00,371.2799987792969,377.489990234375,364.4599914550781,369.0299987792969,2883000,0.0,0.0
2025-03-21 00:00:00-04:00,358.9100036621094,372.19000244140625,353.0299987792969,362.239990234375,8119500,0.0,0.0
2025-03-24 00:00:00-04:00,370.0,373.6300048828125,361.6600036621094,372.6400146484375,4146900,0.0,0.0
2025-03-25 00:00:00-04:00,378.0799865722656,392.6940002441406,377.0,384.95001220703125,4258400,0.0,0.0
2025-03-26 00:00:00-04:00,383.8949890136719,384.77301025390625,370.3599853515625,371.4100036621094,3275300,0.0,0.0
2025-03-27 00:00:00-04:00,368.7200012207031,371.4599914550781,360.2799987792969,366.55999755859375,2666100,0.0,0.0
2025-03-28 00:00:00-04:00,365.82000732421875,367.6400146484375,353.4800109863281,357.1099853515625,3457500,0.0,0.0
2025-03-31 00:00:00-04:00,345.7850036621094,353.6400146484375,337.8900146484375,352.5799865722656,3297000,0.0,0.0
2025-04-01 00:00:00-04:00,358.94000244140625,363.1700134277344,351.25,362.3800048828125,2682100,0.0,0.0
2025-04-02 00:00:00-04:00,353.1600036621094,376.2699890136719,353.02899169921875,371.489990234375,2472000,0.0,0.0
2025-04-03 00:00:00-04:00,350.9419860839844,360.9100036621094,341.80999755859375,347.3900146484375,4304400,0.0,0.0
2025-04-04 00:00:00-04:00,328.0199890136719,334.0450134277344,310.30999755859375,321.6300048828125,7032800,0.0,0.0
2025-04-07 00:00:00-04:00,300.05999755859375,341.7699890136719,298.0,324.3599853515625,6299600,0.0,0.0
2025-04-08 00:00:00-04:00,342.7099914550781,351.05999755859375,318.3800048828125,325.0400085449219,5300600,0.0,0.0
2025-04-09 00:00:00-04:00,324.6000061035156,382.6499938964844,324.489990234375,378.010009765625,7657000,0.0,0.0
2025-04-10 00:00:00-04:00,369.0,375.98699951171875,354.2040100097656,368.6099853515625,4552600,0.0,0.0
2025-04-11 00:00:00-04:00,366.9800109863281,378.7900085449219,360.65399169921875,377.8999938964844,3383300,0.0,0.0
2025-04-14 00:00:00-04:00,386.9549865722656,389.25299072265625,372.82000732421875,378.6600036621094,3048000,0.0,0.0
2025-04-15 00:00:00-04:00,383.3999938964844,400.0199890136719,379.6700134277344,392.79998779296875,5204800,0.0,0.0
2025-04-16 00:00:00-04:00,386.1099853515625,395.3500061035156,373.4800109863281,379.8399963378906,4186700,0.0,0.0
2025-04-17 00:00:00-04:00,383.79998779296875,384.94000244140625,373.10101318359375,375.6199951171875,2098300,0.0,0.0
2025-04-21 00:00:00-04:00,363.79998779296875,372.0899963378906,355.6600036621094,362.69000244140625,2904900,0.0,0.0
2025-04-22 00:00:00-04:00,368.8399963378906,374.7099914550781,362.8999938964844,368.45001220703125,2577100,0.0,0.0
2025-04-23 00:00:00-04:00,382.5,396.30499267578125,382.5,385.75,3580600,0.0,0.0
2025-04-24 00:00:00-04:00,386.0,414.8489990234375,386.0,414.04998779296875,4624900,0.0,0.0
2025-04-25 00:00:00-04:00,414.69000244140625,425.7349853515625,412.6000061035156,424.8800048828125,3335500,0.0,0.0
2025-04-28 00:00:00-04:00,424.8399963378906,428.0,415.3299865722656,423.0799865722656,2798700,0.0,0.0
2025-04-29 00:00:00-04:00,424.489990234375,432.3699951171875,423.0799865722656,430.989990234375,2407100,0.0,0.0
2025-04-30 00:00:00-04:00,419.010009765625,429.54998779296875,414.4100036621094,428.8699951171875,3187200,0.0,0.0
2025-05-01 00:00:00-04:00,431.510009765625,439.6300048828125,427.75,431.8800048828125,3080100,0.0,0.0
2025-05-02 00:00:00-04:00,438.17999267578125,443.70001220703125,434.3999938964844,440.5799865722656,2708700,0.0,0.0
2025-05-05 00:00:00-04:00,436.0,451.1499938964844,435.40399169921875,443.4700012207031,3281000,0.0,0.0
2025-05-06 00:00:00-04:00,432.2019958496094,447.5,430.57000732421875,443.2099914550781,3431200,0.0,0.0
2025-05-07 00:00:00-04:00,425.4200134277344,429.8399963378906,417.06201171875,422.5199890136719,6673400,0.0,0.0
2025-05-08 00:00:00-04:00,427.4849853515625,432.906005859375,424.7200012207031,428.6300048828125,3619000,0.0,0.0
2025-05-09 00:00:00-04:00,418.94500732421875,420.0,404.6300048828125,410.57000732421875,4693300,0.0,0.0
2025-05-12 00:00:00-04:00,419.69000244140625,429.4700012207031,415.1000061035156,429.44000244140625,3278500,0.0,0.0
2025-05-13 00:00:00-04:00,428.2099914550781,448.0,427.0,440.20001220703125,3734600,0.0,0.0
2025-05-14 00:00:00-04:00,442.5,445.4700012207031,431.260009765625,435.94000244140625,2847300,0.0,0.0
2025-05-15 00:00:00-04:00,423.5899963378906,433.8599853515625,422.0899963378906,431.8399963378906,2531900,0.0,0.0
2025-05-16 00:00:00-04:00,435.8699951171875,440.8900146484375,431.82000732421875,439.260009765625,2133400,0.0,0.0
2025-05-19 00:00:00-04:00,432.42999267578125,445.5,431.69000244140625,444.3500061035156,2015600,0.0,0.0
2025-05-20 00:00:00-04:00,441.8900146484375,443.010009765625,436.69500732421875,442.25,2132600,0.0,0.0
2025-05-21 00:00:00-04:00,436.79998779296875,450.6700134277344,432.05999755859375,434.739990234375,4321100,0.0,0.0
2025-05-22 00:00:00-04:00,430.7149963378906,448.8800048828125,430.0,444.07000732421875,2590900,0.0,0.0
2025-05-23 00:00:00-04:00,438.5,459.92999267578125,437.3999938964844,455.5899963378906,4487800,0.0,0.0
2025-05-27 00:00:00-04:00,464.0,474.2300109863281,459.6000061035156,472.2200012207031,3997200,0.0,0.0
2025-05-28 00:00:00-04:00,472.9849853515625,473.4100036621094,465.9800109863281,468.8299865722656,2893400,0.0,0.0
2025-05-29 00:00:00-04:00,472.0,472.489990234375,453.42498779296875,458.80999755859375,3324000,0.0,0.0
2025-05-30 00:00:00-04:00,462.0299987792969,473.1199951171875,456.7650146484375,471.3699951171875,4488700,0.0,0.0
2025-06-02 00:00:00-04:00,471.0,479.9700012207031,465.5249938964844,479.1700134277344,3483400,0.0,0.0
2025-06-03 00:00:00-04:00,480.7650146484375,491.20001220703125,477.45001220703125,488.760009765625,7632200,0.0,0.0
2025-06-04 00:00:00-04:00,454.75,470.95001220703125,445.260009765625,460.55999755859375,15453600,0.0,0.0
2025-06-05 00:00:00-04:00,462.32501220703125,468.6000061035156,452.7099914550781,462.94000244140625,6178300,0.0,0.0
2025-06-06 00:00:00-04:00,463.1199951171875,478.46600341796875,463.1199951171875,468.4100036621094,4343000,0.0,0.0
2025-06-09 00:00:00-04:00,470.30999755859375,471.7699890136719,458.12799072265625,464.3900146484375,2724600,0.0,0.0
2025-06-10 00:00:00-04:00,465.489990234375,470.010009765625,457.2300109863281,467.6499938964844,2472500,0.0,0.0
2025-06-11 00:00:00-04:00,466.0199890136719,479.94000244140625,465.552001953125,476.9800109863281,2756500,0.0,0.0
2025-06-12 00:00:00-04:00,474.0199890136719,488.7359924316406,473.0,481.7300109863281,3520200,0.0,0.0
2025-06-13 00:00:00-04:00,475.0,485.4949951171875,473.05999755859375,480.6199951171875,2610700,0.0,0.0
2025-06-16 00:00:00-04:00,481.8399963378906,487.4599914550781,477.2799987792969,479.3900146484375,2710300,0.0,0.0
2025-06-17 00:00:00-04:00,479.45001220703125,493.20001220703125,474.0,492.0299987792969,3398700,0.0,0.0
2025-06-18 00:00:00-04:00,490.7099914550781,490.7099914550781,478.82000732421875,485.1600036621094,2830300,0.0,0.0
2025-06-20 00:00:00-04:00,484.5400085449219,490.0,474.2900085449219,476.29998779296875,5183100,0.0,0.0
2025-06-23 00:00:00-04:00,470.7550048828125,494.29998779296875,461.510009765625,491.80999755859375,4431700,0.0,0.0
2025-06-24 00:00:00-04:00,490.8999938964844,493.5,481.1199951171875,485.3800048828125,3633500,0.0,0.0
2025-06-25 00:00:00-04:00,488.0799865722656,500.4100036621094,487.5450134277344,494.0899963378906,2957600,0.0,0.0
2025-06-26 00:00:00-04:00,497.0799865722656,506.3500061035156,494.0899963378906,505.2200012207031,3017000,0.0,0.0
2025-06-27 00:00:00-04:00,504.5899963378906,505.3699951171875,495.57000732421875,499.3299865722656,3466300,0.0,0.0
2025-06-30 00:00:00-04:00,502.625,510.0199890136719,499.7200012207031,509.30999755859375,2702800,0.0,0.0
2025-07-01 00:00:00-04:00,509.3699951171875,516.6199951171875,481.5,492.07000732421875,4089100,0.0,0.0
2025-07-02 00:00:00-04:00,491.0,496.5,489.1440124511719,496.1000061035156,2113200,0.0,0.0
2025-07-03 00:00:00-04:00,499.989990234375,517.97998046875,499.989990234375,514.0999755859375,2654000,0.0,0.0
2025-07-07 00:00:00-04:00,507.70001220703125,508.1549987792969,498.9100036621094,505.4599914550781,3269400,0.0,0.0
2025-07-08 00:00:00-04:00,507.6400146484375,509.385009765625,497.739990234375,507.7099914550781,2143300,0.0,0.0
2025-07-09 00:00:00-04:00,512.0,513.9199829101562,507.0400085449219,513.510009765625,1869300,0.0,0.0
2025-07-10 00:00:00-04:00,512.989990234375,514.5,486.57000732421875,487.1099853515625,4178700,0.0,0.0
2025-07-11 00:00:00-04:00,488.0,489.32598876953125,477.4700012207031,478.45001220703125,3384400,0.0,0.0
2025-07-14 00:00:00-04:00,466.82000732421875,480.7170104980469,463.5,476.17999267578125,3340500,0.0,0.0
2025-07-15 00:00:00-04:00,479.0899963378906,480.7200012207031,470.5199890136719,473.2799987792969,2529100,0.0,0.0
2025-07-16 00:00:00-04:00,475.82000732421875,476.6499938964844,464.8349914550781,470.45001220703125,1980400,0.0,0.0
2025-07-17 00:00:00-04:00,470.3500061035156,474.30999755859375,466.94000244140625,469.8299865722656,2256600,0.0,0.0
2025-07-18 00:00:00-04:00,472.30999755859375,477.260009765625,465.760009765625,475.9599914550781,2903400,0.0,0.0
2025-07-21 00:00:00-04:00,478.7149963378906,490.0400085449219,474.1099853515625,481.5799865722656,3416200,0.0,0.0
2025-07-22 00:00:00-04:00,481.5,485.45599365234375,470.0,471.2300109863281,1975600,0.0,0.0
2025-07-23 00:00:00-04:00,471.2300109863281,472.0,454.0400085449219,461.5199890136719,3024000,0.0,0.0
2025-07-24 00:00:00-04:00,463.9800109863281,468.5,460.1199951171875,462.0299987792969,2486100,0.0,0.0
2025-07-25 00:00:00-04:00,462.0,470.80999755859375,460.29998779296875,467.9200134277344,1794700,0.0,0.0
2025-07-28 00:00:00-04:00,471.0,476.57000732421875,468.0,472.17999267578125,1825800,0.0,0.0
2025-07-29 00:00:00-04:00,473.8699951171875,480.7200012207031,458.0,465.510009765625,2749900,0.0,0.0
2025-07-30 00:00:00-04:00,463.5199890136719,466.67999267578125,453.4200134277344,463.1499938964844,2117500,0.0,0.0
2025-07-31 00:00:00-04:00,465.760009765625,467.8999938964844,453.760009765625,454.57000732421875,2832800,0.0,0.0
2025-08-01 00:00:00-04:00,448.95001220703125,454.0,438.0899963378906,446.6600036621094,3014400,0.0,0.0
2025-08-04 00:00:00-04:00,452.8999938964844,457.489990234375,448.0,454.8599853515625,1882800,0.0,0.0
2025-08-05 00:00:00-04:00,454.6300048828125,457.79998779296875,438.5,441.75,3104600,0.0,0.0
2025-08-06 00:00:00-04:00,445.0,451.8999938964844,442.010009765625,451.69000244140625,2035700,0.0,0.0
2025-08-07 00:00:00-04:00,451.69000244140625,451.9849853515625,422.0,425.0,5710100,0.0,0.0
2025-08-08 00:00:00-04:00,431.0,434.5,420.4200134277344,424.489990234375,3632100,0.0,0.0
2025-08-11 00:00:00-04:00,423.82000732421875,434.0,419.739990234375,426.42999267578125,2525400,0.0,0.0
2025-08-12 00:00:00-04:00,428.010009765625,438.29998779296875,427.489990234375,435.79998779296875,2311000,0.0,0.0
2025-08-13 00:00:00-04:00,440.0,442.42498779296875,427.8599853515625,432.1199951171875,2461100,0.0,0.0
2025-08-14 00:00:00-04:00,432.3399963378906,435.0,419.80999755859375,424.8599853515625,2911600,0.0,0.0
2025-08-15 00:00:00-04:00,425.2799987792969,428.9320068359375,423.0,427.8999938964844,2264400,0.0,0.0
2025-08-18 00:00:00-04:00,426.0,428.9700012207031,421.6990051269531,426.3399963378906,2252700,0.0,0.0
2025-08-19 00:00:00-04:00,431.0,436.0,415.8999938964844,418.6000061035156,2786800,0.0,0.0
2025-08-20 00:00:00-04:00,417.42498779296875,420.94000244140625,409.30999755859375,419.1700134277344,2212600,0.0,0.0
2025-08-21 00:00:00-04:00,417.7900085449219,417.92999267578125,413.6600036621094,414.05999755859375,1800400,0.0,0.0
2025-08-22 00:00:00-04:00,415.0,423.9930114746094,412.5509948730469,420.54998779296875,2202300,0.0,0.0
2025-08-25 00:00:00-04:00,422.6099853515625,426.0,418.5249938964844,418.8299865722656,2413300,0.0,0.0
2025-08-26 00:00:00-04:00,419.32000732421875,425.0,416.70001220703125,417.6000061035156,3146700,0.0,0.0
2025-08-27 00:00:00-04:00,421.6000061035156,427.4150085449219,419.9800109863281,422.6099853515625,8119600,0.0,0.0
2025-08-28 00:00:00-04:00,410.0,442.1700134277344,409.25,442.0,9981800,0.0,0.0
2025-08-29 00:00:00-04:00,444.864990234375,448.0,420.3900146484375,423.70001220703125,5485100,0.0,0.0
2025-09-02 00:00:00-04:00,417.1090087890625,418.0199890136719,407.69500732421875,413.5,3762800,0.0,0.0
2025-09-03 00:00:00-04:00,412.9849853515625,414.4800109863281,404.2799987792969,413.20001220703125,3036500,0.0,0.0
2025-09-04 00:00:00-04:00,413.20001220703125,415.489990234375,402.6600036621094,412.4599914550781,2763400,0.0,0.0
2025-09-05 00:00:00-04:00,414.07000732421875,418.11199951171875,407.05999755859375,417.6300048828125,2169300,0.0,0.0
2025-09-08 00:00:00-04:00,419.0,428.8450012207031,416.4200134277344,428.05999755859375,2545800,0.0,0.0
2025-09-09 00:00:00-04:00,428.1700134277344,431.0069885253906,420.6300048828125,423.510009765625,2126800,0.0,0.0
2025-09-10 00:00:00-04:00,427.56500244140625,433.8070068359375,422.1700134277344,424.8699951171875,2278800,0.0,0.0
2025-09-11 00:00:00-04:00,428.25,438.260009765625,427.1000061035156,433.3800048828125,2411900,0.0,0.0
2025-09-12 00:00:00-04:00,435.3900146484375,443.0,435.0,436.1000061035156,2764700,0.0,0.0
2025-09-15 00:00:00-04:00,441.57501220703125,448.8699951171875,436.75,444.7699890136719,2879400,0.0,0.0
2025-09-16 00:00:00-04:00,444.79998779296875,448.32000732421875,434.79998779296875,444.9800109863281,2908000,0.0,0.0
2025-09-17 00:00:00-04:00,445.0,454.0,434.3399963378906,445.5,3872800,0.0,0.0
2025-09-18 00:00:00-04:00,468.92498779296875,504.2200012207031,462.1199951171875,502.6300048828125,10120500,0.0,0.0
2025-09-19 00:00:00-04:00,499.0,507.1960144042969,495.80999755859375,502.54998779296875,7092800,0.0,0.0
2025-09-22 00:00:00-04:00,496.0,500.29998779296875,486.3299865722656,493.1400146484375,3875400,0.0,0.0
2025-09-23 00:00:00-04:00,493.1400146484375,495.05999755859375,481.1000061035156,484.1000061035156,2734500,0.0,0.0
2025-09-24 00:00:00-04:00,482.3900146484375,486.9599914550781,474.4800109863281,476.3299865722656,2218200,0.0,0.0
2025-09-25 00:00:00-04:00,476.8999938964844,481.54998779296875,469.0,473.0899963378906,2714800,0.0,0.0
2025-09-26 00:00:00-04:00,472.1000061035156,483.70001220703125,470.2900085449219,481.4200134277344,2359700,0.0,0.0
2025-09-29 00:00:00-04:00,486.4200134277344,490.5,482.6499938964844,488.45001220703125,2197900,0.0,0.0
2025-09-30 00:00:00-04:00,486.4200134277344,490.8810119628906,479.2539978027344,490.3800048828125,2288200,0.0,0.0
2025-10-01 00:00:00-04:00,487.75,500.8370056152344,485.3599853515625,499.9599914550781,2512400,0.0,0.0
2025-10-02 00:00:00-04:00,501.2250061035156,502.2699890136719,492.3450012207031,496.79998779296875,2588800,0.0,0.0
2025-10-03 00:00:00-04:00,499.8399963378906,501.8699951171875,486.29998779296875,489.8800048828125,1983500,0.0,0.0
2025-10-06 00:00:00-04:00,495.510009765625,503.5,494.3800048828125,495.95001220703125,1949400,0.0,0.0
2025-10-07 00:00:00-04:00,497.0,497.8559875488281,476.5199890136719,484.6199951171875,2857500,0.0,0.0
2025-10-08 00:00:00-04:00,491.7699890136719,510.0,490.3299865722656,509.95001220703125,3617500,0.0,0.0
2025-10-09 00:00:00-04:00,509.95001220703125,511.4599914550781,501.8999938964844,509.1300048828125,2203800,0.0,0.0
2025-10-10 00:00:00-04:00,509.0,517.4099731445312,493.2869873046875,493.6600036621094,3142600,0.0,0.0
2025-10-13 00:00:00-04:00,501.1499938964844,511.17999267578125,497.5,508.6099853515625,2340600,0.0,0.0
2025-10-14 00:00:00-04:00,500.0950012207031,500.5400085449219,487.5899963378906,488.94000244140625,2768500,0.0,0.0
2025-10-15 00:00:00-04:00,494.0,495.5,484.7799987792969,489.0199890136719,1730800,0.0,0.0
2025-10-16 00:00:00-04:00,489.7300109863281,498.30999755859375,475.38800048828125,482.2300109863281,2174000,0.0,0.0
2025-10-17 00:00:00-04:00,478.0150146484375,486.0,475.4200134277344,484.6499938964844,1926800,0.0,0.0
2025-10-20 00:00:00-04:00,486.5299987792969,504.44500732421875,486.45001220703125,503.6099853515625,2820100,0.0,0.0
2025-10-21 00:00:00-04:00,501.239990234375,507.6000061035156,498.3500061035156,503.95001220703125,1440900,0.0,0.0
2025-10-22 00:00:00-04:00,502.67999267578125,505.3599853515625,491.6700134277344,500.1099853515625,1682000,0.0,0.0
2025-10-23 00:00:00-04:00,499.9800109863281,522.4299926757812,499.9800109863281,521.97998046875,3147300,0.0,0.0
2025-10-24 00:00:00-04:00,528.7999877929688,535.52001953125,521.8699951171875,527.3200073242188,2550500,0.0,0.0
2025-10-27 00:00:00-04:00,532.5399780273438,534.3400268554688,525.239990234375,529.7000122070312,1932200,0.0,0.0
2025-10-28 00:00:00-04:00,536.8099975585938,553.6400146484375,535.97998046875,546.9400024414062,3367400,0.0,0.0
2025-10-29 00:00:00-04:00,541.0,549.0,533.2999877929688,545.5,1780600,0.0,0.0
2025-10-30 00:00:00-04:00,543.1099853515625,549.97998046875,534.10498046875,538.6799926757812,1954900,0.0,0.0
2025-10-31 00:00:00-04:00,542.4099731445312,549.5,537.2999877929688,543.010009765625,1873100,0.0,0.0
2025-11-03 00:00:00-05:00,549.3200073242188,555.8099975585938,545.0999755859375,551.9199829101562,1910500,0.0,0.0
2025-11-04 00:00:00-05:00,539.7899780273438,549.47998046875,531.0999755859375,533.9199829101562,2505100,0.0,0.0
2025-11-05 00:00:00-05:00,531.8800048828125,535.1900024414062,526.0,534.1400146484375,1646200,0.0,0.0
2025-11-06 00:00:00-05:00,526.6799926757812,540.0,517.0999755859375,532.52001953125,3099900,0.0,0.0
2025-11-07 00:00:00-05:00,526.6599731445312,542.260009765625,519.0999755859375,539.8099975585938,2427100,0.0,0.0
2025-11-10 00:00:00-05:00,547.8200073242188,558.97998046875,544.25,557.530029296875,2164500,0.0,0.0
2025-11-11 00:00:00-05:00,555.219970703125,558.5,551.2100219726562,556.72998046875,1355800,0.0,0.0
2025-11-12 00:00:00-05:00,561.0999755859375,566.9000244140625,545.0,545.8599853515625,1991500,0.0,0.0
2025-11-13 00:00:00-05:00,540.989990234375,543.8499755859375,526.1400146484375,529.780029296875,2406000,0.0,0.0
2025-11-14 00:00:00-05:00,522.469970703125,544.0399780273438,509.04998779296875,537.5499877929688,1942300,0.0,0.0
2025-11-17 00:00:00-05:00,537.0,540.6699829101562,526.5800170898438,529.780029296875,1395300,0.0,0.0
2025-11-18 00:00:00-05:00,524.8200073242188,531.3300170898438,513.0,513.6699829101562,2573000,0.0,0.0
2025-11-19 00:00:00-05:00,513.3699951171875,525.97998046875,509.2909851074219,520.5900268554688,1521900,0.0,0.0
2025-11-20 00:00:00-05:00,532.5599975585938,539.3200073242188,500.1300048828125,501.30999755859375,2483100,0.0,0.0
2025-11-21 00:00:00-05:00,497.9100036621094,501.0,477.54998779296875,490.6700134277344,3063700,0.0,0.0
2025-11-24 00:00:00-05:00,498.1600036621094,509.19000244140625,494.0299987792969,506.82000732421875,2649200,0.0,0.0
2025-11-25 00:00:00-05:00,503.70001220703125,513.7100219726562,493.010009765625,512.3400268554688,1652200,0.0,0.0
2025-11-26 00:00:00-05:00,513.0,515.0,497.0,501.5400085449219,2213800,0.0,0.0
2025-11-28 00:00:00-05:00,505.3699951171875,510.69000244140625,501.94000244140625,509.1600036621094,1018900,0.0,0.0
2025-12-01 00:00:00-05:00,503.2149963378906,506.739990234375,495.010009765625,504.1300048828125,2058600,0.0,0.0
2025-12-02 00:00:00-05:00,513.469970703125,521.0,507.0,516.5499877929688,5055300,0.0,0.0
2025-12-03 00:00:00-05:00,497.989990234375,525.0,486.29998779296875,524.1699829101562,5578800,0.0,0.0
2025-12-04 00:00:00-05:00,523.9099731445312,525.27001953125,510.260009765625,513.1199951171875,2477300,0.0,0.0
2025-12-05 00:00:00-05:00,516.1400146484375,526.8900146484375,508.32000732421875,512.030029296875,2629400,0.0,0.0
2025-12-08 00:00:00-05:00,513.0,520.2999877929688,508.8999938964844,515.1900024414062,1660500,0.0,0.0
2025-12-09 00:00:00-05:00,512.22998046875,529.89599609375,511.7300109863281,517.97998046875,2035800,0.0,0.0
2025-12-10 00:00:00-05:00,516.0,521.6099853515625,504.5400085449219,519.5399780273438,2359300,0.0,0.0
2025-12-11 00:00:00-05:00,516.6699829101562,528.1900024414062,512.510009765625,517.6500244140625,2001500,0.0,0.0
2025-12-12 00:00:00-05:00,516.4099731445312,517.4359741210938,498.760009765625,504.7799987792969,2677700,0.0,0.0
2025-12-15 00:00:00-05:00,509.010009765625,509.010009765625,487.42999267578125,487.4700012207031,2184900,0.0,0.0
2025-12-16 00:00:00-05:00,486.4840087890625,491.44000244140625,482.0,488.5299987792969,1758700,0.0,0.0
2025-12-17 00:00:00-05:00,489.4100036621094,490.44000244140625,469.8349914550781,470.0199890136719,2317300,0.0,0.0
2025-12-18 00:00:00-05:00,479.70001220703125,482.0400085449219,473.9100036621094,477.260009765625,1835100,0.0,0.0
2025-12-19 00:00:00-05:00,480.0,489.2049865722656,478.6300048828125,481.2799987792969,4662700,0.0,0.0
2025-12-22 00:00:00-05:00,479.7799987792969,485.8699951171875,474.8500061035156,483.1400146484375,2303300,0.0,0.0
2025-12-23 00:00:00-05:00,482.489990234375,483.5899963378906,473.5,478.8399963378906,2053000,0.0,0.0
2025-12-24 00:00:00-05:00,476.8299865722656,478.0,470.67401123046875,477.1099853515625,745100,0.0,0.0
2025-12-26 00:00:00-05:00,477.0,482.1549987792969,475.1499938964844,481.19000244140625,1150700,0.0,0.0
2025-12-29 00:00:00-05:00,478.2950134277344,483.2900085449219,474.6340026855469,475.9100036621094,1314600,0.0,0.0
2025-12-30 00:00:00-05:00,476.0,478.1199951171875,472.23699951171875,475.6300048828125,1168100,0.0,0.0
2025-12-31 00:00:00-05:00,475.9800109863281,476.05999755859375,468.3999938964844,468.760009765625,1661000,0.0,0.0
2026-01-02 00:00:00-05:00,474.0,474.0,449.4549865722656,453.5799865722656,3325000,0.0,0.0
2026-01-05 00:00:00-05:00,458.6300048828125,466.489990234375,455.0050048828125,456.54998779296875,2615700,0.0,0.0
2026-01-06 00:00:00-05:00,457.7749938964844,460.4599914550781,451.2900085449219,458.32000732421875,2340100,0.0,0.0
2026-01-07 00:00:00-05:00,462.9700012207031,486.54998779296875,462.28399658203125,478.9100036621094,3967100,0.0,0.0
2026-01-08 00:00:00-05:00,478.20001220703125,479.989990234375,460.6300048828125,463.8699951171875,2455500,0.0,0.0
2026-01-09 00:00:00-05:00,472.19000244140625,475.9800109863281,466.25,470.6099853515625,2397500,0.0,0.0
2026-01-12 00:00:00-05:00,460.25,468.6099853515625,459.6499938964844,466.989990234375,1938900,0.0,0.0
2026-01-13 00:00:00-05:00,467.0,476.54998779296875,460.94000244140625,468.0199890136719,2693300,0.0,0.0
2026-01-14 00:00:00-05:00,465.79998779296875,477.0,451.760009765625,460.70001220703125,3754900,0.0,0.0
2026-01-15 00:00:00-05:00,463.9599914550781,472.30999755859375,450.0,455.0,2835000,0.0,0.0
2026-01-16 00:00:00-05:00,456.75,459.70001220703125,443.614990234375,453.8800048828125,3437900,0.0,0.0
2026-01-20 00:00:00-05:00,443.0260009765625,450.2650146484375,440.2309875488281,442.7300109863281,3231500,0.0,0.0
2026-01-21 00:00:00-05:00,445.0,456.1199951171875,439.1700134277344,445.8800048828125,2686800,0.0,0.0
2026-01-22 00:00:00-05:00,454.45001220703125,454.4700012207031,446.2799987792969,453.7699890136719,1514700,0.0,0.0
2026-01-23 00:00:00-05:00,454.69000244140625,458.8599853515625,449.4219970703125,452.489990234375,1770800,0.0,0.0
2026-01-26 00:00:00-05:00,453.989990234375,469.9599914550781,452.489990234375,468.3299865722656,1957100,0.0,0.0
2026-01-27 00:00:00-05:00,478.4750061035156,487.20001220703125,473.3999938964844,476.6600036621094,2834500,0.0,0.0
2026-01-28 00:00:00-05:00,479.4599914550781,487.0,468.9100036621094,469.19000244140625,2382500,0.0,0.0
2026-01-29 00:00:00-05:00,460.739990234375,461.54998779296875,431.3900146484375,444.6199951171875,5230300,0.0,0.0
2026-01-30 00:00:00-05:00,440.5,448.739990234375,438.25,441.4049987792969,2595400,0.0,0.0
2026-02-02 00:00:00-05:00,440.0,447.239990234375,434.7439880371094,438.8500061035156,2073700,0.0,0.0
2026-02-03 00:00:00-05:00,435.9200134277344,436.7090148925781,415.04998779296875,421.7300109863281,3834900,0.0,0.0
2026-02-04 00:00:00-05:00,411.94000244140625,421.9800109863281,401.54998779296875,415.3599853515625,4733000,0.0,0.0
2026-02-05 00:00:00-05:00,414.7900085449219,416.2900085449219,374.5199890136719,377.1600036621094,6053200,0.0,0.0
2026-02-06 00:00:00-05:00,384.94000244140625,396.989990234375,378.3699951171875,395.5,4943000,0.0,0.0
2026-02-09 00:00:00-05:00,396.18499755859375,410.75,386.2539978027344,408.0400085449219,2825900,0.0,0.0
2026-02-10 00:00:00-05:00,401.2099914550781,418.8800048828125,400.7799987792969,413.3900146484375,3121400,0.0,0.0
2026-02-11 00:00:00-05:00,413.70001220703125,416.5899963378906,404.3999938964844,415.80999755859375,2470900,0.0,0.0
2026-02-12 00:00:00-05:00,418.8999938964844,420.6700134277344,402.2879943847656,411.5400085449219,3502500,0.0,0.0
2026-02-13 00:00:00-05:00,416.9100036621094,432.8500061035156,412.5799865722656,429.6400146484375,3536700,0.0,0.0
2026-02-17 00:00:00-05:00,423.5920104980469,425.8819885253906,400.0199890136719,414.2850036621094,4428100,0.0,0.0
2026-02-18 00:00:00-05:00,409.75,421.760009765625,402.0,415.760009765625,2752700,0.0,0.0
2026-02-19 00:00:00-05:00,417.6199951171875,424.0,409.9700012207031,422.1400146484375,2000400,0.0,0.0
2026-02-20 00:00:00-05:00,419.2799987792969,431.8800048828125,387.1099853515625,388.6000061035156,8360800,0.0,0.0
2026-02-23 00:00:00-05:00,384.9599914550781,385.1099853515625,342.7200012207031,350.3299865722656,15076300,0.0,0.0
2026-02-24 00:00:00-05:00,349.1000061035156,360.8999938964844,345.04998779296875,350.25,7138700,0.0,0.0
2026-02-25 00:00:00-05:00,349.57000732421875,365.9800109863281,346.5,363.30999755859375,5697900,0.0,0.0
2026-02-26 00:00:00-05:00,367.24798583984375,385.0899963378906,364.6600036621094,381.1000061035156,6199800,0.0,0.0
2026-02-27 00:00:00-05:00,369.05999755859375,373.5,359.2900085449219,371.9800109863281,5125800,0.0,0.0
2026-03-02 00:00:00-05:00,375.8999938964844,387.1499938964844,373.08599853515625,384.8599853515625,3771500,0.0,0.0
2026-03-03 00:00:00-05:00,369.5,394.9200134277344,367.989990234375,391.4200134277344,7713200,0.0,0.0
2026-03-04 00:00:00-05:00,386.18499755859375,408.4100036621094,380.1099853515625,407.67999267578125,8352500,0.0,0.0
2026-03-05 00:00:00-05:00,407.29998779296875,429.69000244140625,407.0,426.1600036621094,5946200,0.0,0.0
2026-03-06 00:00:00-05:00,425.9599914550781,433.7099914550781,420.2300109863281,428.989990234375,4604200,0.0,0.0
2026-03-09 00:00:00-04:00,425.57501220703125,438.2799987792969,425.5199890136719,434.1300048828125,3850400,0.0,0.0
2026-03-10 00:00:00-04:00,445.0,447.95001220703125,428.54998779296875,436.3299865722656,3316800,0.0,0.0
2026-03-11 00:00:00-04:00,442.510009765625,452.0,436.2149963378906,442.0299987792969,2905500,0.0,0.0
2026-03-12 00:00:00-04:00,441.0,450.0299987792969,438.3299865722656,441.5400085449219,2360000,0.0,0.0
2026-03-13 00:00:00-04:00,443.989990234375,450.6400146484375,434.5799865722656,441.7799987792969,2227100,0.0,0.0
2026-03-16 00:00:00-04:00,442.989990234375,443.5199890136719,423.7699890136719,423.8399963378906,3666400,0.0,0.0
2026-03-17 00:00:00-04:00,424.0899963378906,439.010009765625,419.6000061035156,433.20001220703125,2931500,0.0,0.0
2026-03-18 00:00:00-04:00,428.7699890136719,442.42999267578125,427.989990234375,435.80999755859375,2799100,0.0,0.0
2026-03-19 00:00:00-04:00,439.0,440.7099914550781,423.3800048828125,428.17999267578125,2359800,0.0,0.0
2026-03-20 00:00:00-04:00,423.67498779296875,424.30999755859375,403.6099853515625,409.0,9111500,0.0,0.0
2026-03-23 00:00:00-04:00,411.05999755859375,417.42999267578125,407.0,413.30999755859375,3603300,0.0,0.0
2026-03-24 00:00:00-04:00,410.4049987792969,410.8599853515625,390.6000061035156,392.989990234375,3636300,0.0,0.0
2026-03-25 00:00:00-04:00,398.9800109863281,400.32000732421875,383.5,385.8599853515625,3128700,0.0,0.0
2026-03-26 00:00:00-04:00,383.1700134277344,395.5,381.19000244140625,392.6199951171875,2458700,0.0,0.0
2026-03-27 00:00:00-04:00,370.8500061035156,374.4599914550781,361.8070068359375,369.5799865722656,6032000,0.0,0.0
2026-03-30 00:00:00-04:00,379.57000732421875,390.48699951171875,376.3900146484375,380.05999755859375,4381700,0.0,0.0
2026-03-31 00:00:00-04:00,381.8999938964844,392.8800048828125,379.0,390.4100036621094,2976600,0.0,0.0
2026-04-01 00:00:00-04:00,396.75,396.94000244140625,386.3699951171875,393.30999755859375,2118900,0.0,0.0
2026-04-02 00:00:00-04:00,391.17999267578125,400.79998779296875,386.75,399.1199951171875,1990100,0.0,0.0
2026-04-06 00:00:00-04:00,405.0,405.0,392.7300109863281,398.6099853515625,1595700,0.0,0.0
2026-04-07 00:00:00-04:00,397.864990234375,423.7300109863281,395.5790100097656,423.2300109863281,4626800,0.0,0.0
2026-04-08 00:00:00-04:00,439.989990234375,449.8999938964844,423.3500061035156,426.510009765625,4727200,0.0,0.0
2026-04-09 00:00:00-04:00,425.9800109863281,427.0199890136719,390.80999755859375,394.67999267578125,5420500,0.0,0.0
2026-04-10 00:00:00-04:00,396.10198974609375,398.04998779296875,364.4700012207031,379.0199890136719,8939000,0.0,0.0
2026-04-13 00:00:00-04:00,380.1000061035156,403.05999755859375,378.25,402.239990234375,4166500,0.0,0.0
2026-04-14 00:00:00-04:00,404.6499938964844,411.44000244140625,393.3999938964844,398.489990234375,3187000,0.0,0.0
2026-04-15 00:00:00-04:00,407.0,411.9800109863281,402.04998779296875,411.1600036621094,3108100,0.0,0.0
2026-04-16 00:00:00-04:00,421.8500061035156,425.7699890136719,411.0899963378906,418.20001220703125,2991100,0.0,0.0
2026-04-17 00:00:00-04:00,428.9599914550781,431.8399963378906,420.3599853515625,423.95001220703125,2906300,0.0,0.0
2026-04-20 00:00:00-04:00,422.5400085449219,433.80999755859375,417.0199890136719,433.1499938964844,2885100,0.0,0.0
2026-04-21 00:00:00-04:00,439.75,459.1499938964844,436.5,449.6099853515625,3671100,0.0,0.0
2026-04-22 00:00:00-04:00,455.3299865722656,467.95001220703125,452.6300048828125,466.67999267578125,2892400,0.0,0.0
2026-04-23 00:00:00-04:00,453.6099853515625,454.0,436.510009765625,445.3900146484375,3225500,0.0,0.0
2026-04-24 00:00:00-04:00,447.93499755859375,451.0450134277344,435.55999755859375,448.1300048828125,2271700,0.0,0.0
2026-04-27 00:00:00-04:00,453.54998779296875,457.9800109863281,442.6199951171875,454.6099853515625,2297100,0.0,0.0
2026-04-28 00:00:00-04:00,457.625,463.69000244140625,450.32000732421875,454.989990234375,1872900,0.0,0.0
2026-04-29 00:00:00-04:00,450.32000732421875,453.1600036621094,443.239990234375,452.3800048828125,1914800,0.0,0.0
2026-04-30 00:00:00-04:00,447.010009765625,450.010986328125,432.54998779296875,445.75,2442700,0.0,0.0
2026-05-01 00:00:00-04:00,454.69000244140625,457.9700012207031,445.56500244140625,455.6400146484375,1522000,0.0,0.0
2026-05-04 00:00:00-04:00,456.8999938964844,471.80999755859375,455.3999938964844,469.239990234375,2183600,0.0,0.0
2026-05-05 00:00:00-04:00,474.3900146484375,480.6600036621094,466.0,476.5299987792969,2225000,0.0,0.0
2026-05-06 00:00:00-04:00,468.3999938964844,475.2959899902344,457.4599914550781,468.07000732421875,2198900,0.0,0.0
2026-05-07 00:00:00-04:00,486.0899963378906,506.7900085449219,486.0899963378906,505.7200012207031,5114500,0.0,0.0
2026-05-08 00:00:00-04:00,499.17498779296875,528.9149780273438,492.3299865722656,527.77001953125,4041200,0.0,0.0
2026-05-11 00:00:00-04:00,523.780029296875,542.6699829101562,522.0,542.260009765625,2793300,0.0,0.0
2026-05-12 00:00:00-04:00,542.0,552.4299926757812,533.0,546.1799926757812,3545400,0.0,0.0
2026-05-13 00:00:00-04:00,540.8400268554688,568.3699951171875,538.3679809570312,562.5700073242188,2800900,0.0,0.0
2026-05-14 00:00:00-04:00,559.7050170898438,583.780029296875,555.0,579.9500122070312,2815900,0.0,0.0
2026-05-15 00:00:00-04:00,573.1699829101562,598.25,560.6900024414062,594.0800170898438,3859400,0.0,0.0
2026-05-18 00:00:00-04:00,589.4949951171875,621.0499877929688,587.3699951171875,618.8300170898438,4699800,0.0,0.0
2026-05-19 00:00:00-04:00,619.97998046875,634.239990234375,613.2899780273438,616.8800048828125,4465000,0.0,0.0
2026-05-20 00:00:00-04:00,614.2999877929688,651.0,614.0640258789062,650.1099853515625,4383300,0.0,0.0
2026-05-21 00:00:00-04:00,650.52001953125,659.5499877929688,642.0499877929688,648.22998046875,2646100,0.0,0.0
2026-05-22 00:00:00-04:00,650.5,674.8400268554688,649.5999755859375,663.4600219726562,2778400,0.0,0.0
