Date,Open,High,Low,Close,Volume,Dividends,Stock Splits
2022-01-03 00:00:00-05:00,15.369999885559082,15.704999923706055,14.479999542236328,15.479999542236328,816100,0.0,0.0
2022-01-04 00:00:00-05:00,15.510000228881836,15.574999809265137,14.140000343322754,14.949999809265137,602100,0.0,0.0
2022-01-05 00:00:00-05:00,14.880000114440918,15.270000457763672,13.050000190734863,13.149999618530273,1408900,0.0,0.0
2022-01-06 00:00:00-05:00,12.979999542236328,13.569999694824219,12.130000114440918,13.350000381469727,1219400,0.0,0.0
2022-01-07 00:00:00-05:00,13.270000457763672,13.444999694824219,12.720000267028809,12.890000343322754,404200,0.0,0.0
2022-01-10 00:00:00-05:00,12.649999618530273,12.654999732971191,11.920000076293945,12.069999694824219,361800,0.0,0.0
2022-01-11 00:00:00-05:00,11.779999732971191,12.859999656677246,11.654999732971191,12.550000190734863,616900,0.0,0.0
2022-01-12 00:00:00-05:00,12.770000457763672,14.425000190734863,12.350000381469727,13.369999885559082,1319100,0.0,0.0
2022-01-13 00:00:00-05:00,13.260000228881836,13.899999618530273,12.760000228881836,13.25,1330800,0.0,0.0
2022-01-14 00:00:00-05:00,12.979999542236328,13.34000015258789,12.270000457763672,12.9399995803833,863800,0.0,0.0
2022-01-18 00:00:00-05:00,12.59000015258789,13.175000190734863,11.8149995803833,12.170000076293945,897300,0.0,0.0
2022-01-19 00:00:00-05:00,12.369999885559082,12.82699966430664,11.0,11.300000190734863,702600,0.0,0.0
2022-01-20 00:00:00-05:00,11.630000114440918,12.119999885559082,11.300000190734863,11.40999984741211,1545700,0.0,0.0
2022-01-21 00:00:00-05:00,11.3100004196167,11.345000267028809,10.75,11.050000190734863,3157400,0.0,0.0
2022-01-24 00:00:00-05:00,10.779999732971191,11.420000076293945,10.569999694824219,11.300000190734863,1129300,0.0,0.0
2022-01-25 00:00:00-05:00,11.130000114440918,12.225000381469727,10.970000267028809,11.859999656677246,683900,0.0,0.0
2022-01-26 00:00:00-05:00,12.279999732971191,12.40999984741211,11.0,11.279999732971191,595100,0.0,0.0
2022-01-27 00:00:00-05:00,11.380000114440918,11.6899995803833,10.895000457763672,11.039999961853027,471700,0.0,0.0
2022-01-28 00:00:00-05:00,11.0,11.520000457763672,10.859999656677246,11.25,978500,0.0,0.0
2022-01-31 00:00:00-05:00,11.279999732971191,11.899999618530273,11.050000190734863,11.850000381469727,477700,0.0,0.0
2022-02-01 00:00:00-05:00,11.850000381469727,11.960000038146973,11.300000190734863,11.539999961853027,647700,0.0,0.0
2022-02-02 00:00:00-05:00,11.569999694824219,12.029999732971191,10.949999809265137,11.100000381469727,561900,0.0,0.0
2022-02-03 00:00:00-05:00,10.760000228881836,11.529999732971191,10.760000228881836,11.149999618530273,644600,0.0,0.0
2022-02-04 00:00:00-05:00,11.0600004196167,11.520000457763672,10.75,11.449999809265137,650200,0.0,0.0
2022-02-07 00:00:00-05:00,11.420000076293945,12.100000381469727,11.140000343322754,11.90999984741211,460900,0.0,0.0
2022-02-08 00:00:00-05:00,11.789999961853027,11.979999542236328,11.510000228881836,11.880000114440918,566000,0.0,0.0
2022-02-09 00:00:00-05:00,11.930000305175781,12.600000381469727,11.880000114440918,12.40999984741211,1060200,0.0,0.0
2022-02-10 00:00:00-05:00,12.039999961853027,12.595000267028809,11.50100040435791,12.010000228881836,598400,0.0,0.0
2022-02-11 00:00:00-05:00,11.880000114440918,12.5,11.880000114440918,12.25,446100,0.0,0.0
2022-02-14 00:00:00-05:00,12.34000015258789,12.550000190734863,11.699999809265137,11.930000305175781,261200,0.0,0.0
2022-02-15 00:00:00-05:00,12.079999923706055,12.5,11.885000228881836,12.4399995803833,625500,0.0,0.0
2022-02-16 00:00:00-05:00,12.449999809265137,12.640000343322754,11.90999984741211,12.359999656677246,409900,0.0,0.0
2022-02-17 00:00:00-05:00,12.229999542236328,12.229999542236328,11.670000076293945,11.779999732971191,303200,0.0,0.0
2022-02-18 00:00:00-05:00,11.630000114440918,11.805000305175781,11.1899995803833,11.529999732971191,558400,0.0,0.0
2022-02-22 00:00:00-05:00,12.0,12.0,11.449999809265137,11.489999771118164,509200,0.0,0.0
2022-02-23 00:00:00-05:00,11.520000457763672,11.520000457763672,10.8100004196167,11.010000228881836,537200,0.0,0.0
2022-02-24 00:00:00-05:00,10.75,11.949999809265137,10.470000267028809,11.90999984741211,593400,0.0,0.0
2022-02-25 00:00:00-05:00,11.930000305175781,12.4399995803833,11.699999809265137,12.149999618530273,459900,0.0,0.0
2022-02-28 00:00:00-05:00,11.960000038146973,12.6899995803833,11.960000038146973,12.399999618530273,722200,0.0,0.0
2022-03-01 00:00:00-05:00,12.300000190734863,12.800000190734863,11.979999542236328,12.119999885559082,433100,0.0,0.0
2022-03-02 00:00:00-05:00,12.199999809265137,12.600000381469727,11.9399995803833,12.479999542236328,425400,0.0,0.0
2022-03-03 00:00:00-05:00,12.5600004196167,12.569999694824219,11.760000228881836,11.90999984741211,406500,0.0,0.0
2022-03-04 00:00:00-05:00,11.720000267028809,12.029999732971191,11.039999961853027,11.289999961853027,820000,0.0,0.0
2022-03-07 00:00:00-05:00,11.220000267028809,12.140000343322754,11.220000267028809,11.579999923706055,1121100,0.0,0.0
2022-03-08 00:00:00-05:00,11.470000267028809,11.949999809265137,11.039999961853027,11.430000305175781,735100,0.0,0.0
2022-03-09 00:00:00-05:00,11.609999656677246,12.109999656677246,11.609999656677246,11.970000267028809,475300,0.0,0.0
2022-03-10 00:00:00-05:00,11.760000228881836,12.5,11.40999984741211,11.710000038146973,614000,0.0,0.0
2022-03-11 00:00:00-05:00,11.720000267028809,12.029999732971191,11.25,11.380000114440918,518800,0.0,0.0
2022-03-14 00:00:00-04:00,11.449999809265137,11.609999656677246,10.890000343322754,10.970000267028809,926300,0.0,0.0
2022-03-15 00:00:00-04:00,11.020000457763672,11.260000228881836,10.289999961853027,10.670000076293945,657600,0.0,0.0
2022-03-16 00:00:00-04:00,11.010000228881836,11.383000373840332,10.430000305175781,10.869999885559082,1440400,0.0,0.0
2022-03-17 00:00:00-04:00,10.760000228881836,11.539999961853027,10.710000038146973,11.140000343322754,1427900,0.0,0.0
2022-03-18 00:00:00-04:00,11.140000343322754,11.800000190734863,11.069999694824219,11.260000228881836,6477700,0.0,0.0
2022-03-21 00:00:00-04:00,11.140000343322754,11.210000038146973,9.739999771118164,9.880000114440918,1497800,0.0,0.0
2022-03-22 00:00:00-04:00,9.789999961853027,10.350000381469727,9.539999961853027,9.699999809265137,1243600,0.0,0.0
2022-03-23 00:00:00-04:00,9.619999885559082,9.619999885559082,8.829999923706055,8.970000267028809,704600,0.0,0.0
2022-03-24 00:00:00-04:00,8.9399995803833,9.399999618530273,8.699999809265137,9.130000114440918,559700,0.0,0.0
2022-03-25 00:00:00-04:00,9.300000190734863,10.420000076293945,9.220000267028809,9.789999961853027,797800,0.0,0.0
2022-03-28 00:00:00-04:00,9.84000015258789,9.970000267028809,9.510000228881836,9.630000114440918,274400,0.0,0.0
2022-03-29 00:00:00-04:00,9.6899995803833,10.130000114440918,9.5600004196167,9.699999809265137,641300,0.0,0.0
2022-03-30 00:00:00-04:00,9.5,9.770000457763672,8.770000457763672,9.010000228881836,547700,0.0,0.0
2022-03-31 00:00:00-04:00,9.029999732971191,9.199999809265137,8.579999923706055,8.600000381469727,537200,0.0,0.0
2022-04-01 00:00:00-04:00,8.699999809265137,8.880000114440918,8.399999618530273,8.449999809265137,547300,0.0,0.0
2022-04-04 00:00:00-04:00,8.5600004196167,8.880000114440918,8.4399995803833,8.649999618530273,550800,0.0,0.0
2022-04-05 00:00:00-04:00,8.619999885559082,8.710000038146973,8.229999542236328,8.270000457763672,378100,0.0,0.0
2022-04-06 00:00:00-04:00,8.170000076293945,8.430000305175781,7.900000095367432,8.279999732971191,307400,0.0,0.0
2022-04-07 00:00:00-04:00,8.380000114440918,8.5649995803833,7.920000076293945,8.170000076293945,237300,0.0,0.0
2022-04-08 00:00:00-04:00,8.260000228881836,8.369999885559082,7.820000171661377,8.079999923706055,375000,0.0,0.0
2022-04-11 00:00:00-04:00,8.010000228881836,8.149999618530273,7.789999961853027,7.96999979019165,586900,0.0,0.0
2022-04-12 00:00:00-04:00,8.020000457763672,8.180000305175781,7.800000190734863,7.909999847412109,336800,0.0,0.0
2022-04-13 00:00:00-04:00,7.96999979019165,8.770000457763672,7.860000133514404,8.579999923706055,674800,0.0,0.0
2022-04-14 00:00:00-04:00,8.579999923706055,8.835000038146973,8.260000228881836,8.630000114440918,682900,0.0,0.0
2022-04-18 00:00:00-04:00,8.539999961853027,8.600000381469727,7.949999809265137,8.260000228881836,676300,0.0,0.0
2022-04-19 00:00:00-04:00,8.369999885559082,9.109999656677246,8.210000038146973,8.720000267028809,1209400,0.0,0.0
2022-04-20 00:00:00-04:00,8.899999618530273,8.949999809265137,8.361000061035156,8.6899995803833,451500,0.0,0.0
2022-04-21 00:00:00-04:00,8.880000114440918,9.109999656677246,8.079999923706055,8.149999618530273,556000,0.0,0.0
2022-04-22 00:00:00-04:00,8.130000114440918,8.210000038146973,7.869999885559082,8.100000381469727,291200,0.0,0.0
2022-04-25 00:00:00-04:00,8.079999923706055,8.520000457763672,8.069999694824219,8.489999771118164,238800,0.0,0.0
2022-04-26 00:00:00-04:00,8.34000015258789,8.460000038146973,8.140000343322754,8.15999984741211,267800,0.0,0.0
2022-04-27 00:00:00-04:00,8.15999984741211,8.739999771118164,7.829999923706055,8.039999961853027,421200,0.0,0.0
2022-04-28 00:00:00-04:00,8.149999618530273,8.329999923706055,7.440000057220459,7.440000057220459,828000,0.0,0.0
2022-04-29 00:00:00-04:00,7.53000020980835,8.050000190734863,7.25,7.28000020980835,544000,0.0,0.0
2022-05-02 00:00:00-04:00,7.179999828338623,7.945000171661377,7.130000114440918,7.909999847412109,434800,0.0,0.0
2022-05-03 00:00:00-04:00,7.670000076293945,8.149999618530273,7.5,7.599999904632568,313700,0.0,0.0
2022-05-04 00:00:00-04:00,7.599999904632568,7.989999771118164,7.110000133514404,7.929999828338623,426100,0.0,0.0
2022-05-05 00:00:00-04:00,7.809999942779541,7.889999866485596,7.21999979019165,7.380000114440918,346400,0.0,0.0
2022-05-06 00:00:00-04:00,7.349999904632568,7.670000076293945,6.800000190734863,6.96999979019165,391400,0.0,0.0
2022-05-09 00:00:00-04:00,6.849999904632568,6.9679999351501465,6.110000133514404,6.179999828338623,408000,0.0,0.0
2022-05-10 00:00:00-04:00,6.25,6.679999828338623,6.130000114440918,6.309999942779541,547100,0.0,0.0
2022-05-11 00:00:00-04:00,6.210000038146973,6.210000038146973,5.429999828338623,5.639999866485596,536800,0.0,0.0
2022-05-12 00:00:00-04:00,5.579999923706055,6.070000171661377,5.449999809265137,5.809999942779541,481100,0.0,0.0
2022-05-13 00:00:00-04:00,6.039999961853027,6.429999828338623,5.679999828338623,5.800000190734863,676600,0.0,0.0
2022-05-16 00:00:00-04:00,5.769999980926514,6.389999866485596,5.590000152587891,5.989999771118164,644900,0.0,0.0
2022-05-17 00:00:00-04:00,6.190000057220459,6.429999828338623,6.090000152587891,6.170000076293945,476800,0.0,0.0
2022-05-18 00:00:00-04:00,6.0,6.090000152587891,5.519999980926514,5.570000171661377,419200,0.0,0.0
2022-05-19 00:00:00-04:00,5.550000190734863,5.71999979019165,5.360000133514404,5.539999961853027,307300,0.0,0.0
2022-05-20 00:00:00-04:00,5.679999828338623,5.829999923706055,5.409999847412109,5.78000020980835,533900,0.0,0.0
2022-05-23 00:00:00-04:00,5.670000076293945,5.820000171661377,5.340000152587891,5.559999942779541,693000,0.0,0.0
2022-05-24 00:00:00-04:00,5.510000228881836,5.559999942779541,5.230000019073486,5.389999866485596,644900,0.0,0.0
2022-05-25 00:00:00-04:00,5.369999885559082,5.590000152587891,5.264999866485596,5.489999771118164,287000,0.0,0.0
2022-05-26 00:00:00-04:00,5.53000020980835,5.840000152587891,5.420000076293945,5.539999961853027,500700,0.0,0.0
2022-05-27 00:00:00-04:00,5.590000152587891,5.75,5.360000133514404,5.610000133514404,409600,0.0,0.0
2022-05-31 00:00:00-04:00,5.610000133514404,5.695000171661377,5.215000152587891,5.420000076293945,669700,0.0,0.0
2022-06-01 00:00:00-04:00,5.440000057220459,5.559999942779541,5.010000228881836,5.019999980926514,432600,0.0,0.0
2022-06-02 00:00:00-04:00,5.039999961853027,5.079999923706055,4.864999771118164,4.989999771118164,694900,0.0,0.0
2022-06-03 00:00:00-04:00,4.980000019073486,5.71999979019165,4.960000038146973,5.650000095367432,1280200,0.0,0.0
2022-06-06 00:00:00-04:00,5.650000095367432,5.769999980926514,5.420000076293945,5.5,358000,0.0,0.0
2022-06-07 00:00:00-04:00,5.420000076293945,5.840000152587891,5.400000095367432,5.730000019073486,430600,0.0,0.0
2022-06-08 00:00:00-04:00,5.639999866485596,6.010000228881836,5.639999866485596,5.760000228881836,248500,0.0,0.0
2022-06-09 00:00:00-04:00,5.75,5.795000076293945,5.510000228881836,5.550000190734863,193800,0.0,0.0
2022-06-10 00:00:00-04:00,5.400000095367432,5.400000095367432,5.130000114440918,5.380000114440918,268600,0.0,0.0
2022-06-13 00:00:00-04:00,5.199999809265137,5.289999961853027,4.900000095367432,4.989999771118164,335300,0.0,0.0
2022-06-14 00:00:00-04:00,5.019999980926514,5.099999904632568,4.730000019073486,4.860000133514404,181500,0.0,0.0
2022-06-15 00:00:00-04:00,5.050000190734863,5.300000190734863,4.650000095367432,4.820000171661377,393200,0.0,0.0
2022-06-16 00:00:00-04:00,4.659999847412109,4.730000019073486,4.510000228881836,4.579999923706055,218100,0.0,0.0
2022-06-17 00:00:00-04:00,4.619999885559082,5.079999923706055,4.559999942779541,4.929999828338623,549700,0.0,0.0
2022-06-21 00:00:00-04:00,4.949999809265137,5.284999847412109,4.889999866485596,5.03000020980835,228700,0.0,0.0
2022-06-22 00:00:00-04:00,4.929999828338623,5.389999866485596,4.929999828338623,5.349999904632568,355100,0.0,0.0
2022-06-23 00:00:00-04:00,5.380000114440918,5.869999885559082,5.250999927520752,5.760000228881836,506500,0.0,0.0
2022-06-24 00:00:00-04:00,5.809999942779541,5.980000019073486,5.485000133514404,5.929999828338623,1480700,0.0,0.0
2022-06-27 00:00:00-04:00,5.949999809265137,6.019999980926514,5.570000171661377,5.610000133514404,330100,0.0,0.0
2022-06-28 00:00:00-04:00,5.590000152587891,5.590000152587891,5.329999923706055,5.409999847412109,258000,0.0,0.0
2022-06-29 00:00:00-04:00,5.420000076293945,5.510000228881836,5.230000019073486,5.480000019073486,212000,0.0,0.0
2022-06-30 00:00:00-04:00,5.349999904632568,5.670000076293945,5.239999771118164,5.570000171661377,218800,0.0,0.0
2022-07-01 00:00:00-04:00,5.539999961853027,5.980000019073486,5.539999961853027,5.820000171661377,361000,0.0,0.0
2022-07-05 00:00:00-04:00,5.679999828338623,6.119999885559082,5.491000175476074,6.059999942779541,385800,0.0,0.0
2022-07-06 00:00:00-04:00,5.980000019073486,6.260000228881836,5.949999809265137,6.159999847412109,234600,0.0,0.0
2022-07-07 00:00:00-04:00,6.210000038146973,6.619999885559082,6.159999847412109,6.5,368500,0.0,0.0
2022-07-08 00:00:00-04:00,6.300000190734863,6.829999923706055,6.300000190734863,6.699999809265137,316300,0.0,0.0
2022-07-11 00:00:00-04:00,6.590000152587891,6.590000152587891,6.199999809265137,6.289999961853027,164400,0.0,0.0
2022-07-12 00:00:00-04:00,6.320000171661377,6.369999885559082,6.059999942779541,6.269999980926514,159400,0.0,0.0
2022-07-13 00:00:00-04:00,6.170000076293945,6.5,6.130000114440918,6.420000076293945,183000,0.0,0.0
2022-07-14 00:00:00-04:00,6.349999904632568,6.989999771118164,6.25,6.889999866485596,344800,0.0,0.0
2022-07-15 00:00:00-04:00,7.03000020980835,7.039999961853027,6.300000190734863,6.650000095367432,358700,0.0,0.0
2022-07-18 00:00:00-04:00,6.690000057220459,7.184999942779541,6.510000228881836,6.71999979019165,395900,0.0,0.0
2022-07-19 00:00:00-04:00,6.800000190734863,7.53000020980835,6.659999847412109,7.28000020980835,370200,0.0,0.0
2022-07-20 00:00:00-04:00,7.429999828338623,8.079999923706055,7.170000076293945,7.880000114440918,537100,0.0,0.0
2022-07-21 00:00:00-04:00,7.829999923706055,7.940000057220459,7.630000114440918,7.769999980926514,154900,0.0,0.0
2022-07-22 00:00:00-04:00,7.679999828338623,7.960000038146973,7.429999828338623,7.46999979019165,166800,0.0,0.0
2022-07-25 00:00:00-04:00,7.489999771118164,7.880000114440918,7.269999980926514,7.849999904632568,240200,0.0,0.0
2022-07-26 00:00:00-04:00,7.679999828338623,8.100000381469727,7.519999980926514,7.960000038146973,171900,0.0,0.0
2022-07-27 00:00:00-04:00,8.0,8.130000114440918,7.840000152587891,8.109999656677246,245400,0.0,0.0
2022-07-28 00:00:00-04:00,8.210000038146973,8.75,7.829999923706055,7.889999866485596,296600,0.0,0.0
2022-07-29 00:00:00-04:00,7.809999942779541,7.929999828338623,7.449999809265137,7.539999961853027,326100,0.0,0.0
2022-08-01 00:00:00-04:00,7.429999828338623,7.739999771118164,7.119999885559082,7.199999809265137,190200,0.0,0.0
2022-08-02 00:00:00-04:00,7.079999923706055,7.610000133514404,7.070000171661377,7.5,185000,0.0,0.0
2022-08-03 00:00:00-04:00,7.639999866485596,7.96999979019165,7.519999980926514,7.739999771118164,253700,0.0,0.0
2022-08-04 00:00:00-04:00,7.78000020980835,8.199999809265137,7.570000171661377,8.15999984741211,186400,0.0,0.0
2022-08-05 00:00:00-04:00,8.029999732971191,9.0,7.889999866485596,8.960000038146973,397600,0.0,0.0
2022-08-08 00:00:00-04:00,8.960000038146973,9.59000015258789,8.925000190734863,9.220000267028809,499400,0.0,0.0
2022-08-09 00:00:00-04:00,9.180000305175781,9.5600004196167,9.020000457763672,9.5,280900,0.0,0.0
2022-08-10 00:00:00-04:00,9.699999809265137,9.75,9.289999961853027,9.529999732971191,281200,0.0,0.0
2022-08-11 00:00:00-04:00,9.579999923706055,9.59000015258789,8.279999732971191,8.470000267028809,297700,0.0,0.0
2022-08-12 00:00:00-04:00,8.8100004196167,10.050000190734863,8.430000305175781,9.770000457763672,498800,0.0,0.0
2022-08-15 00:00:00-04:00,9.6899995803833,10.710000038146973,9.6899995803833,10.680000305175781,320500,0.0,0.0
2022-08-16 00:00:00-04:00,10.710000038146973,10.739999771118164,9.901000022888184,9.949999809265137,265200,0.0,0.0
2022-08-17 00:00:00-04:00,9.729999542236328,9.9399995803833,9.25,9.640000343322754,298600,0.0,0.0
2022-08-18 00:00:00-04:00,9.569999694824219,10.029999732971191,8.5649995803833,9.0,336800,0.0,0.0
2022-08-19 00:00:00-04:00,8.850000381469727,8.970000267028809,8.149999618530273,8.5,354800,0.0,0.0
2022-08-22 00:00:00-04:00,8.600000381469727,8.640000343322754,8.149999618530273,8.470000267028809,225400,0.0,0.0
2022-08-23 00:00:00-04:00,8.539999961853027,9.069999694824219,8.470000267028809,8.899999618530273,189500,0.0,0.0
2022-08-24 00:00:00-04:00,8.859999656677246,9.449999809265137,8.829999923706055,9.1899995803833,141900,0.0,0.0
2022-08-25 00:00:00-04:00,9.279999732971191,9.425999641418457,8.270000457763672,8.289999961853027,581500,0.0,0.0
2022-08-26 00:00:00-04:00,8.329999923706055,8.479999542236328,7.949999809265137,8.359999656677246,589300,0.0,0.0
2022-08-29 00:00:00-04:00,8.170000076293945,9.034000396728516,8.130000114440918,8.229999542236328,1064200,0.0,0.0
2022-08-30 00:00:00-04:00,8.25,8.779999732971191,8.0600004196167,8.239999771118164,855600,0.0,0.0
2022-08-31 00:00:00-04:00,8.350000381469727,9.180000305175781,8.289999961853027,9.020000457763672,1093300,0.0,0.0
2022-09-01 00:00:00-04:00,8.5,8.75,8.1899995803833,8.670000076293945,515200,0.0,0.0
2022-09-02 00:00:00-04:00,8.5,9.378999710083008,8.210000038146973,8.84000015258789,952900,0.0,0.0
2022-09-06 00:00:00-04:00,8.90999984741211,9.710000038146973,8.699999809265137,8.850000381469727,679000,0.0,0.0
2022-09-07 00:00:00-04:00,8.930000305175781,9.90999984741211,8.770000457763672,9.399999618530273,767200,0.0,0.0
2022-09-08 00:00:00-04:00,9.289999961853027,9.425000190734863,7.159999847412109,8.34000015258789,1263100,0.0,0.0
2022-09-09 00:00:00-04:00,8.34000015258789,8.84000015258789,8.210000038146973,8.5,541000,0.0,0.0
2022-09-12 00:00:00-04:00,8.350000381469727,9.154999732971191,8.350000381469727,8.960000038146973,814900,0.0,0.0
2022-09-13 00:00:00-04:00,8.789999961853027,9.109999656677246,8.529999732971191,8.649999618530273,775900,0.0,0.0
2022-09-14 00:00:00-04:00,8.670000076293945,9.34000015258789,8.529999732971191,8.989999771118164,655700,0.0,0.0
2022-09-15 00:00:00-04:00,8.9399995803833,9.039999961853027,8.1899995803833,8.75,730300,0.0,0.0
2022-09-16 00:00:00-04:00,8.5600004196167,8.640000343322754,7.639999866485596,8.119999885559082,4592900,0.0,0.0
2022-09-19 00:00:00-04:00,8.0,8.0,7.190000057220459,7.300000190734863,758000,0.0,0.0
2022-09-20 00:00:00-04:00,7.139999866485596,7.409999847412109,6.760000228881836,7.389999866485596,496600,0.0,0.0
2022-09-21 00:00:00-04:00,7.389999866485596,7.539999961853027,6.980000019073486,7.179999828338623,518100,0.0,0.0
2022-09-22 00:00:00-04:00,7.159999847412109,7.460000038146973,7.0,7.420000076293945,454500,0.0,0.0
2022-09-23 00:00:00-04:00,7.46999979019165,7.650000095367432,7.340000152587891,7.579999923706055,651500,0.0,0.0
2022-09-26 00:00:00-04:00,7.570000171661377,8.430000305175781,7.5,7.610000133514404,1083500,0.0,0.0
2022-09-27 00:00:00-04:00,7.71999979019165,8.470000267028809,7.610000133514404,8.130000114440918,1066400,0.0,0.0
2022-09-28 00:00:00-04:00,8.1899995803833,8.479999542236328,7.869999885559082,8.350000381469727,488400,0.0,0.0
2022-09-29 00:00:00-04:00,8.270000457763672,8.270000457763672,7.440000057220459,7.900000095367432,552600,0.0,0.0
2022-09-30 00:00:00-04:00,7.840000152587891,8.579999923706055,7.690000057220459,7.800000190734863,587200,0.0,0.0
2022-10-03 00:00:00-04:00,7.829999923706055,8.489999771118164,7.610000133514404,8.09000015258789,432700,0.0,0.0
2022-10-04 00:00:00-04:00,8.170000076293945,8.510000228881836,8.03499984741211,8.5,405800,0.0,0.0
2022-10-05 00:00:00-04:00,8.3100004196167,8.729999542236328,8.154999732971191,8.569999694824219,254200,0.0,0.0
2022-10-06 00:00:00-04:00,8.479999542236328,8.59000015258789,8.270000457763672,8.449999809265137,194700,0.0,0.0
2022-10-07 00:00:00-04:00,8.399999618530273,8.430000305175781,7.820000171661377,7.889999866485596,358700,0.0,0.0
2022-10-10 00:00:00-04:00,7.900000095367432,8.010000228881836,7.199999809265137,7.239999771118164,467400,0.0,0.0
2022-10-11 00:00:00-04:00,7.269999980926514,7.559999942779541,7.105000019073486,7.539999961853027,373000,0.0,0.0
2022-10-12 00:00:00-04:00,7.559999942779541,7.710000038146973,7.179999828338623,7.570000171661377,440400,0.0,0.0
2022-10-13 00:00:00-04:00,7.360000133514404,7.619999885559082,7.119999885559082,7.480000019073486,260100,0.0,0.0
2022-10-14 00:00:00-04:00,7.519999980926514,7.585000038146973,7.110000133514404,7.150000095367432,436400,0.0,0.0
2022-10-17 00:00:00-04:00,7.25,7.599999904632568,7.050000190734863,7.53000020980835,351000,0.0,0.0
2022-10-18 00:00:00-04:00,7.670000076293945,7.710000038146973,7.110000133514404,7.300000190734863,312300,0.0,0.0
2022-10-19 00:00:00-04:00,7.25,7.494999885559082,6.849999904632568,7.079999923706055,403700,0.0,0.0
2022-10-20 00:00:00-04:00,7.230000019073486,7.320000171661377,7.0,7.090000152587891,231900,0.0,0.0
2022-10-21 00:00:00-04:00,7.150000095367432,7.5,7.019999980926514,7.489999771118164,3175300,0.0,0.0
2022-10-24 00:00:00-04:00,7.46999979019165,7.519999980926514,6.989999771118164,7.329999923706055,1346300,0.0,0.0
2022-10-25 00:00:00-04:00,7.420000076293945,7.71999979019165,7.244999885559082,7.300000190734863,661800,0.0,0.0
2022-10-26 00:00:00-04:00,7.300000190734863,7.630000114440918,7.170000076293945,7.380000114440918,352700,0.0,0.0
2022-10-27 00:00:00-04:00,7.429999828338623,7.429999828338623,7.079999923706055,7.25,520900,0.0,0.0
2022-10-28 00:00:00-04:00,7.369999885559082,8.100000381469727,7.28000020980835,7.989999771118164,588600,0.0,0.0
2022-10-31 00:00:00-04:00,7.760000228881836,8.239999771118164,7.760000228881836,8.170000076293945,797700,0.0,0.0
2022-11-01 00:00:00-04:00,8.260000228881836,8.305000305175781,7.96999979019165,8.010000228881836,408100,0.0,0.0
2022-11-02 00:00:00-04:00,8.029999732971191,8.029999732971191,7.300000190734863,7.329999923706055,563000,0.0,0.0
2022-11-03 00:00:00-04:00,7.199999809265137,7.704999923706055,7.139999866485596,7.289999961853027,267200,0.0,0.0
2022-11-04 00:00:00-04:00,7.409999847412109,7.409999847412109,6.539999961853027,6.809999942779541,511100,0.0,0.0
2022-11-07 00:00:00-05:00,6.840000152587891,7.059999942779541,6.704999923706055,6.960000038146973,309900,0.0,0.0
2022-11-08 00:00:00-05:00,6.960000038146973,7.099999904632568,6.71999979019165,7.019999980926514,461700,0.0,0.0
2022-11-09 00:00:00-05:00,7.059999942779541,7.480000019073486,6.5,6.679999828338623,419100,0.0,0.0
2022-11-10 00:00:00-05:00,7.119999885559082,7.860000133514404,7.050000190734863,7.789999961853027,790000,0.0,0.0
2022-11-11 00:00:00-05:00,7.789999961853027,8.5649995803833,7.789999961853027,8.40999984741211,717500,0.0,0.0
2022-11-14 00:00:00-05:00,8.329999923706055,8.9399995803833,8.118000030517578,8.470000267028809,1419500,0.0,0.0
2022-11-15 00:00:00-05:00,8.9399995803833,9.25,8.140000343322754,8.170000076293945,1374200,0.0,0.0
2022-11-16 00:00:00-05:00,8.050000190734863,8.260000228881836,7.320000171661377,7.5,672300,0.0,0.0
2022-11-17 00:00:00-05:00,7.369999885559082,7.800000190734863,7.159999847412109,7.590000152587891,347900,0.0,0.0
2022-11-18 00:00:00-05:00,7.840000152587891,8.149999618530273,7.599999904632568,7.880000114440918,514500,0.0,0.0
2022-11-21 00:00:00-05:00,7.809999942779541,7.809999942779541,7.21999979019165,7.360000133514404,650800,0.0,0.0
2022-11-22 00:00:00-05:00,7.46999979019165,7.46999979019165,7.010000228881836,7.150000095367432,411300,0.0,0.0
2022-11-23 00:00:00-05:00,7.179999828338623,7.820000171661377,6.920000076293945,7.010000228881836,421900,0.0,0.0
2022-11-25 00:00:00-05:00,7.010000228881836,7.460000038146973,6.909999847412109,7.010000228881836,227600,0.0,0.0
2022-11-28 00:00:00-05:00,7.03000020980835,7.03000020980835,6.630000114440918,6.739999771118164,325700,0.0,0.0
2022-11-29 00:00:00-05:00,6.78000020980835,7.190000057220459,6.590000152587891,7.099999904632568,544400,0.0,0.0
2022-11-30 00:00:00-05:00,7.119999885559082,7.599999904632568,6.920000076293945,7.550000190734863,838200,0.0,0.0
2022-12-01 00:00:00-05:00,7.610000133514404,7.610000133514404,6.949999809265137,7.340000152587891,454200,0.0,0.0
2022-12-02 00:00:00-05:00,7.28000020980835,7.650000095367432,7.0,7.610000133514404,414100,0.0,0.0
2022-12-05 00:00:00-05:00,7.519999980926514,7.53000020980835,7.204999923706055,7.28000020980835,349800,0.0,0.0
2022-12-06 00:00:00-05:00,7.21999979019165,7.309999942779541,7.03000020980835,7.139999866485596,358600,0.0,0.0
2022-12-07 00:00:00-05:00,7.210000038146973,7.210000038146973,6.869999885559082,7.0,255400,0.0,0.0
2022-12-08 00:00:00-05:00,7.099999904632568,7.329999923706055,6.769999980926514,7.309999942779541,363400,0.0,0.0
2022-12-09 00:00:00-05:00,6.650000095367432,6.699999809265137,4.699999809265137,5.679999828338623,4968800,0.0,0.0
2022-12-12 00:00:00-05:00,5.570000171661377,5.760000228881836,4.860000133514404,4.929999828338623,2348800,0.0,0.0
2022-12-13 00:00:00-05:00,5.090000152587891,5.090000152587891,4.460000038146973,4.929999828338623,2157000,0.0,0.0
2022-12-14 00:00:00-05:00,4.760000228881836,5.170000076293945,4.730000019073486,4.840000152587891,2018100,0.0,0.0
2022-12-15 00:00:00-05:00,4.75,5.079999923706055,4.619999885559082,4.769999980926514,1895400,0.0,0.0
2022-12-16 00:00:00-05:00,4.820000171661377,5.019999980926514,4.46999979019165,4.550000190734863,4069300,0.0,0.0
2022-12-19 00:00:00-05:00,4.5,4.554999828338623,4.34499979019165,4.449999809265137,1374300,0.0,0.0
2022-12-20 00:00:00-05:00,4.380000114440918,4.59499979019165,4.25,4.340000152587891,2037100,0.0,0.0
2022-12-21 00:00:00-05:00,4.644999980926514,4.644999980926514,4.059999942779541,4.199999809265137,1559000,0.0,0.0
2022-12-22 00:00:00-05:00,4.150000095367432,4.260000228881836,4.019999980926514,4.190000057220459,1792200,0.0,0.0
2022-12-23 00:00:00-05:00,4.340000152587891,4.630000114440918,4.010000228881836,4.099999904632568,2515600,0.0,0.0
2022-12-27 00:00:00-05:00,4.099999904632568,4.190000057220459,3.8499999046325684,3.890000104904175,1223100,0.0,0.0
2022-12-28 00:00:00-05:00,3.950000047683716,4.059999942779541,3.8499999046325684,3.9600000381469727,1013000,0.0,0.0
2022-12-29 00:00:00-05:00,3.9600000381469727,4.184999942779541,3.869999885559082,4.119999885559082,1192300,0.0,0.0
2022-12-30 00:00:00-05:00,4.050000190734863,4.34499979019165,4.050000190734863,4.309999942779541,864500,0.0,0.0
2023-01-03 00:00:00-05:00,4.340000152587891,4.599999904632568,4.150000095367432,4.260000228881836,1375300,0.0,0.0
2023-01-04 00:00:00-05:00,4.25,4.445000171661377,4.110000133514404,4.440000057220459,1137700,0.0,0.0
2023-01-05 00:00:00-05:00,4.409999847412109,4.409999847412109,4.010000228881836,4.110000133514404,1241300,0.0,0.0
2023-01-06 00:00:00-05:00,4.139999866485596,4.260000228881836,4.059999942779541,4.130000114440918,796800,0.0,0.0
2023-01-09 00:00:00-05:00,4.159999847412109,4.159999847412109,3.819999933242798,3.8299999237060547,906600,0.0,0.0
2023-01-10 00:00:00-05:00,3.8299999237060547,3.9800000190734863,3.5999999046325684,3.75,1199600,0.0,0.0
2023-01-11 00:00:00-05:00,4.230000019073486,4.289999961853027,3.934999942779541,4.050000190734863,1557000,0.0,0.0
2023-01-12 00:00:00-05:00,4.050000190734863,4.300000190734863,3.859999895095825,4.28000020980835,1427100,0.0,0.0
2023-01-13 00:00:00-05:00,4.190000057220459,4.380000114440918,4.105000019073486,4.159999847412109,1276700,0.0,0.0
2023-01-17 00:00:00-05:00,4.179999828338623,4.210000038146973,3.934999942779541,4.019999980926514,1126600,0.0,0.0
2023-01-18 00:00:00-05:00,4.039999961853027,4.199999809265137,3.8450000286102295,3.869999885559082,867000,0.0,0.0
2023-01-19 00:00:00-05:00,3.8499999046325684,3.8989999294281006,3.7300000190734863,3.809999942779541,544000,0.0,0.0
2023-01-20 00:00:00-05:00,3.7899999618530273,3.930000066757202,3.7699999809265137,3.8399999141693115,911900,0.0,0.0
2023-01-23 00:00:00-05:00,3.8399999141693115,3.9200000762939453,3.75,3.890000104904175,1522100,0.0,0.0
2023-01-24 00:00:00-05:00,3.869999885559082,4.090000152587891,3.819999933242798,3.950000047683716,565800,0.0,0.0
2023-01-25 00:00:00-05:00,3.869999885559082,3.940000057220459,3.7300000190734863,3.9100000858306885,540500,0.0,0.0
2023-01-26 00:00:00-05:00,3.9600000381469727,4.035999774932861,3.799999952316284,3.9100000858306885,581500,0.0,0.0
2023-01-27 00:00:00-05:00,3.9000000953674316,4.105000019073486,3.9000000953674316,4.039999961853027,1001900,0.0,0.0
2023-01-30 00:00:00-05:00,3.990000009536743,4.070000171661377,3.9100000858306885,3.9700000286102295,1344900,0.0,0.0
2023-01-31 00:00:00-05:00,3.9700000286102295,4.110000133514404,3.930000066757202,4.0,1312600,0.0,0.0
2023-02-01 00:00:00-05:00,4.039999961853027,4.050000190734863,3.8399999141693115,4.0,857700,0.0,0.0
2023-02-02 00:00:00-05:00,4.039999961853027,4.235000133514404,3.9700000286102295,4.150000095367432,1201200,0.0,0.0
2023-02-03 00:00:00-05:00,4.489999771118164,4.570000171661377,4.25,4.349999904632568,1881700,0.0,0.0
2023-02-06 00:00:00-05:00,4.420000076293945,4.489999771118164,4.119999885559082,4.239999771118164,1108800,0.0,0.0
2023-02-07 00:00:00-05:00,4.239999771118164,4.300000190734863,4.09499979019165,4.210000038146973,1028200,0.0,0.0
2023-02-08 00:00:00-05:00,4.150000095367432,4.179999828338623,4.0,4.010000228881836,594500,0.0,0.0
2023-02-09 00:00:00-05:00,4.039999961853027,4.150000095367432,3.859999895095825,3.940000057220459,934500,0.0,0.0
2023-02-10 00:00:00-05:00,3.9200000762939453,4.0,3.859999895095825,3.9000000953674316,687000,0.0,0.0
2023-02-13 00:00:00-05:00,3.9000000953674316,3.9600000381469727,3.75,3.8399999141693115,539000,0.0,0.0
2023-02-14 00:00:00-05:00,3.7899999618530273,3.940000057220459,3.7200000286102295,3.9000000953674316,651000,0.0,0.0
2023-02-15 00:00:00-05:00,3.859999895095825,3.950000047683716,3.740000009536743,3.8299999237060547,500100,0.0,0.0
2023-02-16 00:00:00-05:00,3.799999952316284,3.8499999046325684,3.680000066757202,3.7200000286102295,725900,0.0,0.0
2023-02-17 00:00:00-05:00,3.75,3.890000104904175,3.7100000381469727,3.890000104904175,695600,0.0,0.0
2023-02-21 00:00:00-05:00,3.7899999618530273,3.8499999046325684,3.572999954223633,3.5799999237060547,929800,0.0,0.0
2023-02-22 00:00:00-05:00,3.5999999046325684,3.690000057220459,3.5299999713897705,3.6500000953674316,660600,0.0,0.0
2023-02-23 00:00:00-05:00,3.6500000953674316,3.680000066757202,3.51200008392334,3.569999933242798,637200,0.0,0.0
2023-02-24 00:00:00-05:00,3.740000009536743,3.880000114440918,3.5799999237060547,3.5899999141693115,1055200,0.0,0.0
2023-02-27 00:00:00-05:00,3.619999885559082,3.680000066757202,3.549999952316284,3.5999999046325684,666300,0.0,0.0
2023-02-28 00:00:00-05:00,3.5999999046325684,3.740000009536743,3.565000057220459,3.5999999046325684,1494500,0.0,0.0
2023-03-01 00:00:00-05:00,3.5899999141693115,3.703000068664551,3.490000009536743,3.5,1091300,0.0,0.0
2023-03-02 00:00:00-05:00,3.4700000286102295,3.4700000286102295,3.2799999713897705,3.3299999237060547,1307200,0.0,0.0
2023-03-03 00:00:00-05:00,3.359999895095825,3.559999942779541,3.2899999618530273,3.5,1271800,0.0,0.0
2023-03-06 00:00:00-05:00,3.559999942779541,3.5799999237060547,3.4000000953674316,3.450000047683716,881700,0.0,0.0
2023-03-07 00:00:00-05:00,3.440000057220459,3.5399999618530273,3.4149999618530273,3.440000057220459,934900,0.0,0.0
2023-03-08 00:00:00-05:00,3.440000057220459,3.4649999141693115,3.309999942779541,3.3499999046325684,776300,0.0,0.0
2023-03-09 00:00:00-05:00,3.3499999046325684,3.430000066757202,3.009999990463257,3.0350000858306885,1488500,0.0,0.0
2023-03-10 00:00:00-05:00,3.0199999809265137,3.0899999141693115,2.930000066757202,3.049999952316284,1130800,0.0,0.0
2023-03-13 00:00:00-04:00,2.9600000381469727,3.259999990463257,2.9600000381469727,3.2100000381469727,1222800,0.0,0.0
2023-03-14 00:00:00-04:00,3.240000009536743,3.2899999618530273,3.1600000858306885,3.2699999809265137,942600,0.0,0.0
2023-03-15 00:00:00-04:00,3.190000057220459,3.240000009536743,3.140000104904175,3.190000057220459,965200,0.0,0.0
2023-03-16 00:00:00-04:00,3.1600000858306885,3.3299999237060547,3.0799999237060547,3.2300000190734863,835200,0.0,0.0
2023-03-17 00:00:00-04:00,3.200000047683716,3.2260000705718994,3.0399999618530273,3.059999942779541,5810400,0.0,0.0
2023-03-20 00:00:00-04:00,3.130000114440918,3.140000104904175,2.990000009536743,3.0399999618530273,1212800,0.0,0.0
2023-03-21 00:00:00-04:00,3.059999942779541,3.1700000762939453,2.9749999046325684,3.130000114440918,1074600,0.0,0.0
2023-03-22 00:00:00-04:00,3.180000066757202,3.180000066757202,2.9100000858306885,2.9100000858306885,775400,0.0,0.0
2023-03-23 00:00:00-04:00,2.940000057220459,3.0,2.6700000762939453,2.7799999713897705,1034000,0.0,0.0
2023-03-24 00:00:00-04:00,2.6600000858306885,2.9100000858306885,2.6500000953674316,2.8299999237060547,1306400,0.0,0.0
2023-03-27 00:00:00-04:00,2.8499999046325684,2.930000066757202,2.7249999046325684,2.7899999618530273,934500,0.0,0.0
2023-03-28 00:00:00-04:00,2.7799999713897705,2.880000114440918,2.734999895095825,2.740000009536743,946600,0.0,0.0
2023-03-29 00:00:00-04:00,2.9000000953674316,3.2200000286102295,2.859999895095825,2.9600000381469727,1368200,0.0,0.0
2023-03-30 00:00:00-04:00,3.1600000858306885,3.1600000858306885,2.8949999809265137,2.9000000953674316,1529600,0.0,0.0
2023-03-31 00:00:00-04:00,2.869999885559082,3.0399999618530273,2.825000047683716,3.009999990463257,1023200,0.0,0.0
2023-04-03 00:00:00-04:00,3.0299999713897705,3.1649999618530273,3.009999990463257,3.1500000953674316,2322800,0.0,0.0
2023-04-04 00:00:00-04:00,3.140000104904175,3.1500000953674316,2.9000000953674316,2.9200000762939453,1294800,0.0,0.0
2023-04-05 00:00:00-04:00,2.9200000762939453,3.0999999046325684,2.9079999923706055,2.950000047683716,945800,0.0,0.0
2023-04-06 00:00:00-04:00,2.9600000381469727,3.005000114440918,2.9100000858306885,3.0,588300,0.0,0.0
2023-04-10 00:00:00-04:00,2.950000047683716,2.9749999046325684,2.700000047683716,2.734999895095825,1293600,0.0,0.0
2023-04-11 00:00:00-04:00,2.7699999809265137,2.890000104904175,2.75,2.859999895095825,947700,0.0,0.0
2023-04-12 00:00:00-04:00,2.880000114440918,2.984999895095825,2.8299999237060547,2.8499999046325684,730400,0.0,0.0
2023-04-13 00:00:00-04:00,2.8499999046325684,3.130000114440918,2.8399999141693115,3.0999999046325684,711500,0.0,0.0
2023-04-14 00:00:00-04:00,3.059999942779541,3.130000114440918,2.9200000762939453,2.9200000762939453,491800,0.0,0.0
2023-04-17 00:00:00-04:00,3.0,3.1449999809265137,2.9600000381469727,3.0999999046325684,587100,0.0,0.0
2023-04-18 00:00:00-04:00,3.0899999141693115,3.0999999046325684,2.7699999809265137,2.994999885559082,824800,0.0,0.0
2023-04-19 00:00:00-04:00,2.950000047683716,2.9600000381469727,2.8350000381469727,2.8450000286102295,544400,0.0,0.0
2023-04-20 00:00:00-04:00,2.7799999713897705,2.9000000953674316,2.6500000953674316,2.809999942779541,662700,0.0,0.0
2023-04-21 00:00:00-04:00,2.799999952316284,2.875,2.7100000381469727,2.799999952316284,636200,0.0,0.0
2023-04-24 00:00:00-04:00,2.7899999618530273,2.809999942779541,2.684999942779541,2.700000047683716,707400,0.0,0.0
2023-04-25 00:00:00-04:00,2.700000047683716,2.7699999809265137,2.5999999046325684,2.5999999046325684,721200,0.0,0.0
2023-04-26 00:00:00-04:00,2.5799999237060547,2.609999895095825,2.490000009536743,2.569999933242798,637300,0.0,0.0
2023-04-27 00:00:00-04:00,2.559999942779541,2.635999917984009,2.559999942779541,2.609999895095825,626700,0.0,0.0
2023-04-28 00:00:00-04:00,2.5799999237060547,2.7799999713897705,2.5299999713897705,2.759999990463257,751400,0.0,0.0
2023-05-01 00:00:00-04:00,2.75,2.930000066757202,2.700000047683716,2.819999933242798,797900,0.0,0.0
2023-05-02 00:00:00-04:00,2.7699999809265137,2.8499999046325684,2.680000066757202,2.7200000286102295,669100,0.0,0.0
2023-05-03 00:00:00-04:00,2.7300000190734863,2.865000009536743,2.690999984741211,2.799999952316284,706900,0.0,0.0
2023-05-04 00:00:00-04:00,2.7699999809265137,2.890000104904175,2.740000009536743,2.859999895095825,565600,0.0,0.0
2023-05-05 00:00:00-04:00,2.890000104904175,2.994999885559082,2.884999990463257,2.9200000762939453,466100,0.0,0.0
2023-05-08 00:00:00-04:00,2.9000000953674316,2.9200000762939453,2.7750000953674316,2.859999895095825,501500,0.0,0.0
2023-05-09 00:00:00-04:00,2.8299999237060547,3.1050000190734863,2.7899999618530273,3.0399999618530273,489300,0.0,0.0
2023-05-10 00:00:00-04:00,3.0899999141693115,3.1649999618530273,3.009999990463257,3.059999942779541,561600,0.0,0.0
2023-05-11 00:00:00-04:00,3.0199999809265137,3.049999952316284,2.9100000858306885,3.009999990463257,434700,0.0,0.0
2023-05-12 00:00:00-04:00,2.9700000286102295,3.069999933242798,2.799999952316284,2.869999885559082,399900,0.0,0.0
2023-05-15 00:00:00-04:00,2.880000114440918,3.059999942779541,2.8299999237060547,2.9600000381469727,420100,0.0,0.0
2023-05-16 00:00:00-04:00,2.940000057220459,2.9600000381469727,2.825000047683716,2.8399999141693115,441400,0.0,0.0
2023-05-17 00:00:00-04:00,2.880000114440918,2.9049999713897705,2.8299999237060547,2.880000114440918,404600,0.0,0.0
2023-05-18 00:00:00-04:00,2.869999885559082,2.940000057220459,2.734999895095825,2.759999990463257,563200,0.0,0.0
2023-05-19 00:00:00-04:00,2.8299999237060547,2.869999885559082,2.734999895095825,2.759999990463257,673200,0.0,0.0
2023-05-22 00:00:00-04:00,2.7799999713897705,2.9809999465942383,2.759999990463257,2.9200000762939453,594600,0.0,0.0
2023-05-23 00:00:00-04:00,2.9000000953674316,3.065000057220459,2.9000000953674316,2.990000009536743,495900,0.0,0.0
2023-05-24 00:00:00-04:00,2.9600000381469727,3.0450000762939453,2.9100000858306885,3.0,524100,0.0,0.0
2023-05-25 00:00:00-04:00,3.0,3.049999952316284,2.9200000762939453,2.9600000381469727,793500,0.0,0.0
2023-05-26 00:00:00-04:00,2.890000104904175,2.930000066757202,2.7699999809265137,2.809999942779541,665400,0.0,0.0
2023-05-30 00:00:00-04:00,2.799999952316284,2.880000114440918,2.575000047683716,2.619999885559082,720700,0.0,0.0
2023-05-31 00:00:00-04:00,2.619999885559082,2.75,2.5899999141693115,2.7100000381469727,740600,0.0,0.0
2023-06-01 00:00:00-04:00,2.7100000381469727,2.7100000381469727,2.565000057220459,2.690000057220459,374500,0.0,0.0
2023-06-02 00:00:00-04:00,2.690000057220459,2.9100000858306885,2.690000057220459,2.890000104904175,422500,0.0,0.0
2023-06-05 00:00:00-04:00,2.940000057220459,3.369999885559082,2.930000066757202,3.299999952316284,1282200,0.0,0.0
2023-06-06 00:00:00-04:00,3.25,3.375,2.890000104904175,3.0299999713897705,1208200,0.0,0.0
2023-06-07 00:00:00-04:00,3.009999990463257,3.0769999027252197,2.7899999618530273,2.799999952316284,726200,0.0,0.0
2023-06-08 00:00:00-04:00,2.8299999237060547,2.8299999237060547,2.6500000953674316,2.7200000286102295,676600,0.0,0.0
2023-06-09 00:00:00-04:00,2.890000104904175,3.0510001182556152,2.869999885559082,2.950000047683716,892600,0.0,0.0
2023-06-12 00:00:00-04:00,2.950000047683716,3.1600000858306885,2.890000104904175,2.9100000858306885,674500,0.0,0.0
2023-06-13 00:00:00-04:00,2.930000066757202,3.065000057220459,2.9200000762939453,2.930000066757202,569300,0.0,0.0
2023-06-14 00:00:00-04:00,2.9200000762939453,2.9800000190734863,2.700000047683716,2.7100000381469727,677100,0.0,0.0
2023-06-15 00:00:00-04:00,2.700000047683716,2.8299999237060547,2.609999895095825,2.7699999809265137,860800,0.0,0.0
2023-06-16 00:00:00-04:00,2.809999942779541,2.884999990463257,2.6600000858306885,2.8399999141693115,1773500,0.0,0.0
2023-06-20 00:00:00-04:00,2.799999952316284,3.0,2.7799999713897705,2.9600000381469727,975500,0.0,0.0
2023-06-21 00:00:00-04:00,2.940000057220459,3.015000104904175,2.7899999618530273,2.890000104904175,831500,0.0,0.0
2023-06-22 00:00:00-04:00,2.869999885559082,2.9089999198913574,2.630000114440918,2.6600000858306885,959900,0.0,0.0
2023-06-23 00:00:00-04:00,2.6600000858306885,2.7300000190734863,2.490000009536743,2.680000066757202,3362700,0.0,0.0
2023-06-26 00:00:00-04:00,2.609999895095825,2.744999885559082,2.5759999752044678,2.7300000190734863,979100,0.0,0.0
2023-06-27 00:00:00-04:00,2.7799999713897705,2.7799999713897705,2.5799999237060547,2.5799999237060547,503800,0.0,0.0
2023-06-28 00:00:00-04:00,2.559999942779541,2.700000047683716,2.490000009536743,2.690000057220459,653200,0.0,0.0
2023-06-29 00:00:00-04:00,2.6600000858306885,2.759999990463257,2.630000114440918,2.6700000762939453,634800,0.0,0.0
2023-06-30 00:00:00-04:00,2.700000047683716,2.819999933242798,2.6600000858306885,2.759999990463257,471300,0.0,0.0
2023-07-03 00:00:00-04:00,2.7300000190734863,2.7699999809265137,2.700000047683716,2.759999990463257,179500,0.0,0.0
2023-07-05 00:00:00-04:00,2.75,2.8350000381469727,2.677999973297119,2.7899999618530273,361000,0.0,0.0
2023-07-06 00:00:00-04:00,2.799999952316284,2.799999952316284,2.6500000953674316,2.680000066757202,501600,0.0,0.0
2023-07-07 00:00:00-04:00,2.7300000190734863,2.765000104904175,2.6600000858306885,2.740000009536743,503600,0.0,0.0
2023-07-10 00:00:00-04:00,2.740000009536743,2.8499999046325684,2.7100000381469727,2.8299999237060547,544700,0.0,0.0
2023-07-11 00:00:00-04:00,2.8399999141693115,2.9100000858306885,2.7209999561309814,2.75,492200,0.0,0.0
2023-07-12 00:00:00-04:00,2.799999952316284,2.799999952316284,2.674999952316284,2.7799999713897705,482500,0.0,0.0
2023-07-13 00:00:00-04:00,2.75,2.819999933242798,2.7049999237060547,2.7100000381469727,323700,0.0,0.0
2023-07-14 00:00:00-04:00,2.75,2.75,2.559999942779541,2.630000114440918,387200,0.0,0.0
2023-07-17 00:00:00-04:00,2.630000114440918,2.6500000953674316,2.549999952316284,2.5899999141693115,365100,0.0,0.0
2023-07-18 00:00:00-04:00,2.5899999141693115,2.690000057220459,2.559999942779541,2.619999885559082,304500,0.0,0.0
2023-07-19 00:00:00-04:00,2.6500000953674316,2.75,2.630000114440918,2.7100000381469727,324300,0.0,0.0
2023-07-20 00:00:00-04:00,2.700000047683716,2.7200000286102295,2.5999999046325684,2.609999895095825,295800,0.0,0.0
2023-07-21 00:00:00-04:00,2.640000104904175,2.6500000953674316,2.559999942779541,2.630000114440918,233700,0.0,0.0
2023-07-24 00:00:00-04:00,2.630000114440918,2.640000104904175,2.549999952316284,2.5899999141693115,278600,0.0,0.0
2023-07-25 00:00:00-04:00,2.569999933242798,2.5799999237060547,2.4600000381469727,2.509999990463257,411600,0.0,0.0
2023-07-26 00:00:00-04:00,2.5199999809265137,2.5799999237060547,2.490000009536743,2.5299999713897705,298800,0.0,0.0
2023-07-27 00:00:00-04:00,2.559999942779541,2.565000057220459,2.450000047683716,2.4800000190734863,602700,0.0,0.0
2023-07-28 00:00:00-04:00,2.509999990463257,2.619999885559082,2.450000047683716,2.5999999046325684,313900,0.0,0.0
2023-07-31 00:00:00-04:00,2.5999999046325684,2.6500000953674316,2.559999942779541,2.640000104904175,298100,0.0,0.0
2023-08-01 00:00:00-04:00,2.5899999141693115,2.6600000858306885,2.5450000762939453,2.6500000953674316,327900,0.0,0.0
2023-08-02 00:00:00-04:00,2.640000104904175,2.6500000953674316,2.559999942779541,2.630000114440918,306400,0.0,0.0
2023-08-03 00:00:00-04:00,2.619999885559082,2.7049999237060547,2.555000066757202,2.5899999141693115,1282800,0.0,0.0
2023-08-04 00:00:00-04:00,2.609999895095825,2.6600000858306885,2.5899999141693115,2.609999895095825,321000,0.0,0.0
2023-08-07 00:00:00-04:00,2.609999895095825,2.6549999713897705,2.494999885559082,2.619999885559082,483700,0.0,0.0
2023-08-08 00:00:00-04:00,2.609999895095825,2.6500000953674316,2.5399999618530273,2.619999885559082,404500,0.0,0.0
2023-08-09 00:00:00-04:00,2.619999885559082,2.640000104904175,2.569999933242798,2.630000114440918,810100,0.0,0.0
2023-08-10 00:00:00-04:00,2.630000114440918,2.680000066757202,2.5799999237060547,2.5999999046325684,489600,0.0,0.0
2023-08-11 00:00:00-04:00,2.6600000858306885,2.9700000286102295,2.6600000858306885,2.9100000858306885,1050700,0.0,0.0
2023-08-14 00:00:00-04:00,2.930000066757202,2.930000066757202,2.569999933242798,2.630000114440918,789900,0.0,0.0
2023-08-15 00:00:00-04:00,2.619999885559082,2.6600000858306885,2.5250000953674316,2.5450000762939453,435200,0.0,0.0
2023-08-16 00:00:00-04:00,2.549999952316284,2.619999885559082,2.490000009536743,2.5,674600,0.0,0.0
2023-08-17 00:00:00-04:00,2.509999990463257,2.569999933242798,2.4700000286102295,2.509999990463257,659000,0.0,0.0
2023-08-18 00:00:00-04:00,2.509999990463257,2.5899999141693115,2.4700000286102295,2.509999990463257,421800,0.0,0.0
2023-08-21 00:00:00-04:00,2.509999990463257,2.6549999713897705,2.4700000286102295,2.630000114440918,425000,0.0,0.0
2023-08-22 00:00:00-04:00,2.6600000858306885,2.700000047683716,2.549999952316284,2.549999952316284,364900,0.0,0.0
2023-08-23 00:00:00-04:00,2.559999942779541,2.680000066757202,2.549999952316284,2.6500000953674316,286100,0.0,0.0
2023-08-24 00:00:00-04:00,2.640000104904175,2.640000104904175,2.5250000953674316,2.5799999237060547,357100,0.0,0.0
2023-08-25 00:00:00-04:00,2.609999895095825,2.687999963760376,2.559999942779541,2.619999885559082,315000,0.0,0.0
2023-08-28 00:00:00-04:00,2.6500000953674316,2.6630001068115234,2.619999885559082,2.630000114440918,206700,0.0,0.0
2023-08-29 00:00:00-04:00,2.630000114440918,2.6700000762939453,2.5,2.575000047683716,399300,0.0,0.0
2023-08-30 00:00:00-04:00,2.569999933242798,2.625,2.559000015258789,2.609999895095825,274900,0.0,0.0
2023-08-31 00:00:00-04:00,2.609999895095825,2.680000066757202,2.5799999237060547,2.5899999141693115,412000,0.0,0.0
2023-09-01 00:00:00-04:00,2.5999999046325684,2.6700000762939453,2.5899999141693115,2.5899999141693115,321700,0.0,0.0
2023-09-05 00:00:00-04:00,2.5899999141693115,2.690000057220459,2.5899999141693115,2.619999885559082,408800,0.0,0.0
2023-09-06 00:00:00-04:00,2.630000114440918,2.630000114440918,2.549999952316284,2.569999933242798,330500,0.0,0.0
2023-09-07 00:00:00-04:00,2.5399999618530273,2.625,2.509999990463257,2.609999895095825,319100,0.0,0.0
2023-09-08 00:00:00-04:00,2.609999895095825,2.630000114440918,2.559999942779541,2.609999895095825,294400,0.0,0.0
2023-09-11 00:00:00-04:00,2.640000104904175,2.690000057220459,2.5399999618530273,2.680000066757202,419600,0.0,0.0
2023-09-12 00:00:00-04:00,2.690000057220459,2.7149999141693115,2.549999952316284,2.569999933242798,426900,0.0,0.0
2023-09-13 00:00:00-04:00,2.559999942779541,2.5999999046325684,2.5,2.5799999237060547,899000,0.0,0.0
2023-09-14 00:00:00-04:00,2.5899999141693115,2.619999885559082,2.5199999809265137,2.5999999046325684,820800,0.0,0.0
2023-09-15 00:00:00-04:00,2.549999952316284,2.5899999141693115,2.490000009536743,2.5799999237060547,1528500,0.0,0.0
2023-09-18 00:00:00-04:00,2.5799999237060547,2.5799999237060547,2.4000000953674316,2.440000057220459,1082600,0.0,0.0
2023-09-19 00:00:00-04:00,2.4600000381469727,2.505000114440918,2.380000114440918,2.4100000858306885,1104300,0.0,0.0
2023-09-20 00:00:00-04:00,2.4600000381469727,2.490000009536743,2.319999933242798,2.3299999237060547,525000,0.0,0.0
2023-09-21 00:00:00-04:00,2.309999942779541,2.390000104904175,2.2799999713897705,2.359999895095825,617000,0.0,0.0
2023-09-22 00:00:00-04:00,2.4100000858306885,2.5199999809265137,2.240000009536743,2.25,632700,0.0,0.0
2023-09-25 00:00:00-04:00,2.240000009536743,2.240000009536743,2.109999895095825,2.119999885559082,632400,0.0,0.0
2023-09-26 00:00:00-04:00,2.130000114440918,2.2149999141693115,2.0899999141693115,2.119999885559082,445700,0.0,0.0
2023-09-27 00:00:00-04:00,2.2049999237060547,2.2049999237060547,2.119999885559082,2.1700000762939453,314200,0.0,0.0
2023-09-28 00:00:00-04:00,2.1600000858306885,2.200000047683716,1.9800000190734863,2.0199999809265137,501600,0.0,0.0
2023-09-29 00:00:00-04:00,2.049999952316284,2.049999952316284,1.9600000381469727,1.9700000286102295,400600,0.0,0.0
2023-10-02 00:00:00-04:00,1.9600000381469727,1.975000023841858,1.8799999952316284,1.9299999475479126,1564300,0.0,0.0
2023-10-03 00:00:00-04:00,1.940000057220459,1.9600000381469727,1.840000033378601,1.8799999952316284,422300,0.0,0.0
2023-10-04 00:00:00-04:00,1.909999966621399,1.9199999570846558,1.8200000524520874,1.8899999856948853,324000,0.0,0.0
2023-10-05 00:00:00-04:00,1.9199999570846558,2.1600000858306885,1.8550000190734863,2.119999885559082,2012000,0.0,0.0
2023-10-06 00:00:00-04:00,2.109999895095825,2.25,2.0850000381469727,2.2100000381469727,613000,0.0,0.0
2023-10-09 00:00:00-04:00,2.1700000762939453,2.2309999465942383,2.130000114440918,2.200000047683716,507500,0.0,0.0
2023-10-10 00:00:00-04:00,2.430000066757202,2.7899999618530273,2.430000066757202,2.490000009536743,1624500,0.0,0.0
2023-10-11 00:00:00-04:00,2.5399999618530273,2.559999942779541,2.174999952316284,2.309999942779541,972400,0.0,0.0
2023-10-12 00:00:00-04:00,2.309999942779541,2.440000057220459,2.2149999141693115,2.4000000953674316,1047000,0.0,0.0
2023-10-13 00:00:00-04:00,2.430000066757202,2.5999999046325684,2.299999952316284,2.3399999141693115,1658400,0.0,0.0
2023-10-16 00:00:00-04:00,2.380000114440918,2.4200000762939453,2.244999885559082,2.2899999618530273,1147200,0.0,0.0
2023-10-17 00:00:00-04:00,2.2699999809265137,2.4700000286102295,2.2699999809265137,2.430000066757202,762200,0.0,0.0
2023-10-18 00:00:00-04:00,2.4600000381469727,2.4649999141693115,2.319999933242798,2.3399999141693115,508500,0.0,0.0
2023-10-19 00:00:00-04:00,2.2699999809265137,2.319999933242798,2.2200000286102295,2.2300000190734863,505300,0.0,0.0
2023-10-20 00:00:00-04:00,2.2300000190734863,2.2899999618530273,2.1600000858306885,2.2200000286102295,567600,0.0,0.0
2023-10-23 00:00:00-04:00,2.2100000381469727,2.2300000190734863,2.1500000953674316,2.2300000190734863,674800,0.0,0.0
2023-10-24 00:00:00-04:00,2.2100000381469727,2.390000104904175,2.1600000858306885,2.3299999237060547,536700,0.0,0.0
2023-10-25 00:00:00-04:00,2.2899999618530273,2.2899999618530273,2.1500000953674316,2.1700000762939453,453200,0.0,0.0
2023-10-26 00:00:00-04:00,2.2200000286102295,2.2200000286102295,2.130000114440918,2.1500000953674316,357100,0.0,0.0
2023-10-27 00:00:00-04:00,2.109999895095825,2.1500000953674316,1.965000033378601,1.9900000095367432,544300,0.0,0.0
2023-10-30 00:00:00-04:00,2.009999990463257,2.2200000286102295,1.9800000190734863,2.2100000381469727,557700,0.0,0.0
2023-10-31 00:00:00-04:00,2.2200000286102295,2.4200000762939453,2.1649999618530273,2.309999942779541,429900,0.0,0.0
2023-11-01 00:00:00-04:00,2.299999952316284,2.369999885559082,2.2300000190734863,2.2699999809265137,306600,0.0,0.0
2023-11-02 00:00:00-04:00,2.319999933242798,2.4649999141693115,2.309999942779541,2.3499999046325684,751000,0.0,0.0
2023-11-03 00:00:00-04:00,2.440000057220459,2.549999952316284,2.4000000953674316,2.4200000762939453,1072300,0.0,0.0
2023-11-06 00:00:00-05:00,2.4200000762939453,2.509999990463257,2.369999885559082,2.380000114440918,369000,0.0,0.0
2023-11-07 00:00:00-05:00,2.380000114440918,2.390000104904175,2.299999952316284,2.309999942779541,305800,0.0,0.0
2023-11-08 00:00:00-05:00,2.3499999046325684,2.3499999046325684,2.1600000858306885,2.200000047683716,304600,0.0,0.0
2023-11-09 00:00:00-05:00,2.2699999809265137,2.4100000858306885,1.9950000047683716,2.009999990463257,456300,0.0,0.0
2023-11-10 00:00:00-05:00,2.119999885559082,2.134999990463257,1.9500000476837158,2.009999990463257,574000,0.0,0.0
2023-11-13 00:00:00-05:00,2.009999990463257,2.0199999809265137,1.899999976158142,1.940000057220459,388500,0.0,0.0
2023-11-14 00:00:00-05:00,2.049999952316284,2.1700000762939453,2.0299999713897705,2.1600000858306885,623000,0.0,0.0
2023-11-15 00:00:00-05:00,2.130000114440918,2.390000104904175,2.130000114440918,2.319999933242798,571200,0.0,0.0
2023-11-16 00:00:00-05:00,2.299999952316284,2.299999952316284,2.115000009536743,2.2200000286102295,378300,0.0,0.0
2023-11-17 00:00:00-05:00,2.240000009536743,2.4100000858306885,2.234999895095825,2.2899999618530273,525900,0.0,0.0
2023-11-20 00:00:00-05:00,2.2699999809265137,2.38100004196167,2.2300000190734863,2.25,352500,0.0,0.0
2023-11-21 00:00:00-05:00,2.2799999713897705,2.2799999713897705,2.140000104904175,2.180000066757202,260500,0.0,0.0
2023-11-22 00:00:00-05:00,2.259999990463257,2.259999990463257,2.200000047683716,2.240000009536743,195100,0.0,0.0
2023-11-24 00:00:00-05:00,2.25,2.369999885559082,2.2300000190734863,2.3299999237060547,121700,0.0,0.0
2023-11-27 00:00:00-05:00,2.3299999237060547,2.3299999237060547,2.2100000381469727,2.240000009536743,232500,0.0,0.0
2023-11-28 00:00:00-05:00,2.299999952316284,2.299999952316284,1.965000033378601,1.9850000143051147,1747100,0.0,0.0
2023-11-29 00:00:00-05:00,2.0,2.009999990463257,1.7699999809265137,1.7899999618530273,2458100,0.0,0.0
2023-11-30 00:00:00-05:00,1.7899999618530273,1.840000033378601,1.6749999523162842,1.7000000476837158,1121800,0.0,0.0
2023-12-01 00:00:00-05:00,1.7400000095367432,1.7790000438690186,1.5099999904632568,1.6699999570846558,3852100,0.0,0.0
2023-12-04 00:00:00-05:00,1.649999976158142,1.7200000286102295,1.6299999952316284,1.6799999475479126,844700,0.0,0.0
2023-12-05 00:00:00-05:00,1.7699999809265137,1.8650000095367432,1.6399999856948853,1.75,2761300,0.0,0.0
2023-12-06 00:00:00-05:00,1.75,1.8600000143051147,1.649999976158142,1.7300000190734863,9998500,0.0,0.0
2023-12-07 00:00:00-05:00,1.899999976158142,1.9500000476837158,1.809999942779541,1.850000023841858,4802000,0.0,0.0
2023-12-08 00:00:00-05:00,1.899999976158142,1.9299999475479126,1.8550000190734863,1.8700000047683716,1984300,0.0,0.0
2023-12-11 00:00:00-05:00,1.8899999856948853,1.8899999856948853,1.7899999618530273,1.840000033378601,1332000,0.0,0.0
2023-12-12 00:00:00-05:00,1.809999942779541,1.9800000190734863,1.7799999713897705,1.9600000381469727,1241000,0.0,0.0
2023-12-13 00:00:00-05:00,1.940000057220459,2.069999933242798,1.8799999952316284,2.0199999809265137,2132100,0.0,0.0
2023-12-14 00:00:00-05:00,2.049999952316284,2.1500000953674316,1.909999966621399,1.9500000476837158,1851700,0.0,0.0
2023-12-15 00:00:00-05:00,1.9500000476837158,2.0399999618530273,1.850000023841858,1.8700000047683716,2104900,0.0,0.0
2023-12-18 00:00:00-05:00,1.8799999952316284,1.8849999904632568,1.809999942779541,1.840000033378601,1882700,0.0,0.0
2023-12-19 00:00:00-05:00,1.840000033378601,1.9900000095367432,1.8300000429153442,1.9700000286102295,1397600,0.0,0.0
2023-12-20 00:00:00-05:00,1.9700000286102295,2.069999933242798,1.8450000286102295,1.8700000047683716,1104600,0.0,0.0
2023-12-21 00:00:00-05:00,1.909999966621399,1.9850000143051147,1.8799999952316284,1.9500000476837158,718900,0.0,0.0
2023-12-22 00:00:00-05:00,1.9700000286102295,2.119999885559082,1.9500000476837158,2.109999895095825,1215000,0.0,0.0
2023-12-26 00:00:00-05:00,2.109999895095825,2.2200000286102295,2.109999895095825,2.1700000762939453,708600,0.0,0.0
2023-12-27 00:00:00-05:00,2.1700000762939453,2.2200000286102295,2.0199999809265137,2.1500000953674316,1335900,0.0,0.0
2023-12-28 00:00:00-05:00,2.1500000953674316,2.200000047683716,2.109999895095825,2.200000047683716,936700,0.0,0.0
2023-12-29 00:00:00-05:00,2.190000057220459,2.2200000286102295,2.0999999046325684,2.130000114440918,838300,0.0,0.0
2024-01-02 00:00:00-05:00,2.1500000953674316,2.25,2.0999999046325684,2.1700000762939453,1003000,0.0,0.0
2024-01-03 00:00:00-05:00,2.1500000953674316,2.1700000762939453,2.049999952316284,2.0999999046325684,797900,0.0,0.0
2024-01-04 00:00:00-05:00,2.0999999046325684,2.2300000190734863,2.069999933242798,2.1600000858306885,763600,0.0,0.0
2024-01-05 00:00:00-05:00,2.069999933242798,2.069999933242798,1.899999976158142,2.0399999618530273,998100,0.0,0.0
2024-01-08 00:00:00-05:00,1.9900000095367432,2.190000057220459,1.9800000190734863,2.1600000858306885,1002600,0.0,0.0
2024-01-09 00:00:00-05:00,2.0999999046325684,2.140000104904175,2.009999990463257,2.109999895095825,854900,0.0,0.0
2024-01-10 00:00:00-05:00,2.0899999141693115,2.1500000953674316,2.059999942779541,2.0899999141693115,462000,0.0,0.0
2024-01-11 00:00:00-05:00,2.0899999141693115,2.0899999141693115,1.940000057220459,1.9500000476837158,582800,0.0,0.0
2024-01-12 00:00:00-05:00,1.9500000476837158,2.0399999618530273,1.9199999570846558,1.9299999475479126,449000,0.0,0.0
2024-01-16 00:00:00-05:00,1.909999966621399,1.909999966621399,1.8300000429153442,1.840000033378601,730100,0.0,0.0
2024-01-17 00:00:00-05:00,1.7999999523162842,1.840000033378601,1.7799999713897705,1.8200000524520874,666600,0.0,0.0
2024-01-18 00:00:00-05:00,1.8200000524520874,1.8200000524520874,1.7699999809265137,1.7799999713897705,701000,0.0,0.0
2024-01-19 00:00:00-05:00,1.7899999618530273,1.7999999523162842,1.690000057220459,1.7000000476837158,1103800,0.0,0.0
2024-01-22 00:00:00-05:00,1.75,1.7760000228881836,1.6699999570846558,1.75,680100,0.0,0.0
2024-01-23 00:00:00-05:00,1.75,1.8700000047683716,1.7100000381469727,1.7200000286102295,400000,0.0,0.0
2024-01-24 00:00:00-05:00,1.7400000095367432,1.7899999618530273,1.6799999475479126,1.690000057220459,465000,0.0,0.0
2024-01-25 00:00:00-05:00,1.7599999904632568,1.7599999904632568,1.6799999475479126,1.7300000190734863,560700,0.0,0.0
2024-01-26 00:00:00-05:00,1.7200000286102295,1.7599999904632568,1.6799999475479126,1.690000057220459,409000,0.0,0.0
2024-01-29 00:00:00-05:00,1.690000057220459,1.8200000524520874,1.659999966621399,1.809999942779541,429100,0.0,0.0
2024-01-30 00:00:00-05:00,1.7999999523162842,1.7999999523162842,1.7000000476837158,1.7300000190734863,457300,0.0,0.0
2024-01-31 00:00:00-05:00,1.75,1.809999942779541,1.659999966621399,1.6699999570846558,731000,0.0,0.0
2024-02-01 00:00:00-05:00,1.6699999570846558,1.7599999904632568,1.6399999856948853,1.7200000286102295,904100,0.0,0.0
2024-02-02 00:00:00-05:00,1.7000000476837158,1.7300000190734863,1.649999976158142,1.7000000476837158,503900,0.0,0.0
2024-02-05 00:00:00-05:00,1.7000000476837158,1.7200000286102295,1.6399999856948853,1.7000000476837158,444500,0.0,0.0
2024-02-06 00:00:00-05:00,1.7000000476837158,1.7599999904632568,1.690000057220459,1.7400000095367432,360600,0.0,0.0
2024-02-07 00:00:00-05:00,1.7400000095367432,1.75,1.690000057220459,1.7000000476837158,365800,0.0,0.0
2024-02-08 00:00:00-05:00,1.7000000476837158,1.7699999809265137,1.7000000476837158,1.7599999904632568,468400,0.0,0.0
2024-02-09 00:00:00-05:00,1.7699999809265137,1.8600000143051147,1.7599999904632568,1.840000033378601,492200,0.0,0.0
2024-02-12 00:00:00-05:00,1.809999942779541,1.8899999856948853,1.7999999523162842,1.8300000429153442,474800,0.0,0.0
2024-02-13 00:00:00-05:00,1.7699999809265137,1.7699999809265137,1.659999966621399,1.6699999570846558,684600,0.0,0.0
2024-02-14 00:00:00-05:00,1.7200000286102295,1.7549999952316284,1.684999942779541,1.7300000190734863,338100,0.0,0.0
2024-02-15 00:00:00-05:00,1.7300000190734863,1.7949999570846558,1.7100000381469727,1.7899999618530273,530900,0.0,0.0
2024-02-16 00:00:00-05:00,1.7999999523162842,2.0199999809265137,1.7999999523162842,2.009999990463257,1270700,0.0,0.0
2024-02-20 00:00:00-05:00,2.0,2.109999895095825,1.9500000476837158,1.9700000286102295,1155800,0.0,0.0
2024-02-21 00:00:00-05:00,1.940000057220459,2.0199999809265137,1.8899999856948853,1.9199999570846558,738100,0.0,0.0
2024-02-22 00:00:00-05:00,1.909999966621399,2.0199999809265137,1.8799999952316284,1.9800000190734863,672800,0.0,0.0
2024-02-23 00:00:00-05:00,1.9800000190734863,2.440000057220459,1.9800000190734863,2.319999933242798,2930200,0.0,0.0
2024-02-26 00:00:00-05:00,2.3499999046325684,2.5799999237060547,2.299999952316284,2.4000000953674316,3058400,0.0,0.0
2024-02-27 00:00:00-05:00,2.4200000762939453,2.615000009536743,2.4040000438690186,2.4600000381469727,1623000,0.0,0.0
2024-02-28 00:00:00-05:00,2.4100000858306885,2.6549999713897705,2.25,2.3499999046325684,1597700,0.0,0.0
2024-02-29 00:00:00-05:00,2.380000114440918,2.5,2.3299999237060547,2.380000114440918,2571200,0.0,0.0
2024-03-01 00:00:00-05:00,2.390000104904175,2.630000114440918,2.3299999237060547,2.549999952316284,1474500,0.0,0.0
2024-03-04 00:00:00-05:00,2.5799999237060547,2.5799999237060547,2.2899999618530273,2.3499999046325684,976200,0.0,0.0
2024-03-05 00:00:00-05:00,2.3499999046325684,2.369999885559082,2.240000009536743,2.2699999809265137,761500,0.0,0.0
2024-03-06 00:00:00-05:00,2.2799999713897705,2.2950000762939453,2.1600000858306885,2.2200000286102295,638200,0.0,0.0
2024-03-07 00:00:00-05:00,2.259999990463257,2.2769999504089355,2.1500000953674316,2.1500000953674316,596700,0.0,0.0
2024-03-08 00:00:00-05:00,2.200000047683716,2.365000009536743,2.1600000858306885,2.2799999713897705,873200,0.0,0.0
2024-03-11 00:00:00-04:00,2.430000066757202,2.430000066757202,2.2100000381469727,2.240000009536743,505300,0.0,0.0
2024-03-12 00:00:00-04:00,2.259999990463257,2.259999990463257,2.0999999046325684,2.140000104904175,359300,0.0,0.0
2024-03-13 00:00:00-04:00,2.130000114440918,2.2699999809265137,2.130000114440918,2.2200000286102295,607400,0.0,0.0
2024-03-14 00:00:00-04:00,2.190000057220459,2.2049999237060547,2.069999933242798,2.0799999237060547,568200,0.0,0.0
2024-03-15 00:00:00-04:00,2.059999942779541,2.194999933242798,2.059999942779541,2.140000104904175,852800,0.0,0.0
2024-03-18 00:00:00-04:00,2.2100000381469727,2.240000009536743,2.049999952316284,2.049999952316284,459300,0.0,0.0
2024-03-19 00:00:00-04:00,2.0299999713897705,2.1050000190734863,2.0299999713897705,2.049999952316284,369300,0.0,0.0
2024-03-20 00:00:00-04:00,2.109999895095825,2.109999895095825,1.9900000095367432,2.0999999046325684,311100,0.0,0.0
2024-03-21 00:00:00-04:00,2.1700000762939453,2.190000057220459,2.0799999237060547,2.1500000953674316,455800,0.0,0.0
2024-03-22 00:00:00-04:00,2.1500000953674316,2.180000066757202,2.130000114440918,2.1500000953674316,466400,0.0,0.0
2024-03-25 00:00:00-04:00,2.2100000381469727,2.2200000286102295,2.059999942779541,2.069999933242798,339900,0.0,0.0
2024-03-26 00:00:00-04:00,2.0999999046325684,2.130000114440918,1.9800000190734863,1.9800000190734863,325000,0.0,0.0
2024-03-27 00:00:00-04:00,1.9900000095367432,2.0799999237060547,1.9600000381469727,2.059999942779541,289500,0.0,0.0
2024-03-28 00:00:00-04:00,2.4200000762939453,2.5880000591278076,2.0299999713897705,2.059999942779541,1900200,0.0,0.0
2024-04-01 00:00:00-04:00,2.0799999237060547,2.244999885559082,1.9900000095367432,2.1600000858306885,1270500,0.0,0.0
2024-04-02 00:00:00-04:00,2.0799999237060547,2.25,2.049999952316284,2.1500000953674316,1070700,0.0,0.0
2024-04-03 00:00:00-04:00,2.1600000858306885,2.2100000381469727,2.069999933242798,2.1700000762939453,494900,0.0,0.0
2024-04-04 00:00:00-04:00,2.1600000858306885,2.240000009536743,2.0799999237060547,2.0899999141693115,442500,0.0,0.0
2024-04-05 00:00:00-04:00,2.0799999237060547,2.119999885559082,2.0399999618530273,2.0999999046325684,870300,0.0,0.0
2024-04-08 00:00:00-04:00,2.109999895095825,2.247999906539917,2.0799999237060547,2.240000009536743,1107700,0.0,0.0
2024-04-09 00:00:00-04:00,2.25,2.440000057220459,2.2260000705718994,2.259999990463257,1234200,0.0,0.0
2024-04-10 00:00:00-04:00,2.2300000190734863,2.359999895095825,2.190000057220459,2.2200000286102295,875300,0.0,0.0
2024-04-11 00:00:00-04:00,2.2200000286102295,2.309999942779541,2.2200000286102295,2.2899999618530273,620800,0.0,0.0
2024-04-12 00:00:00-04:00,2.2699999809265137,2.2750000953674316,2.0820000171661377,2.109999895095825,584500,0.0,0.0
2024-04-15 00:00:00-04:00,2.109999895095825,2.130000114440918,1.9700000286102295,2.0,740300,0.0,0.0
2024-04-16 00:00:00-04:00,2.0,2.0899999141693115,1.9049999713897705,1.9299999475479126,734900,0.0,0.0
2024-04-17 00:00:00-04:00,1.9299999475479126,1.9600000381469727,1.840000033378601,1.840000033378601,578600,0.0,0.0
2024-04-18 00:00:00-04:00,1.8200000524520874,1.8700000047683716,1.7599999904632568,1.7899999618530273,651100,0.0,0.0
2024-04-19 00:00:00-04:00,1.7699999809265137,1.8200000524520874,1.7400000095367432,1.7899999618530273,570200,0.0,0.0
2024-04-22 00:00:00-04:00,1.7899999618530273,1.8799999952316284,1.7899999618530273,1.850000023841858,326300,0.0,0.0
2024-04-23 00:00:00-04:00,1.850000023841858,1.9739999771118164,1.850000023841858,1.9299999475479126,443600,0.0,0.0
2024-04-24 00:00:00-04:00,1.9500000476837158,1.9500000476837158,1.8600000143051147,1.8799999952316284,533500,0.0,0.0
2024-04-25 00:00:00-04:00,1.850000023841858,1.8899999856948853,1.809999942779541,1.8799999952316284,466400,0.0,0.0
2024-04-26 00:00:00-04:00,1.899999976158142,1.909999966621399,1.840000033378601,1.8899999856948853,255600,0.0,0.0
2024-04-29 00:00:00-04:00,1.9199999570846558,2.065000057220459,1.8899999856948853,2.0399999618530273,601000,0.0,0.0
2024-04-30 00:00:00-04:00,2.009999990463257,2.059999942779541,1.9500000476837158,2.009999990463257,399200,0.0,0.0
2024-05-01 00:00:00-04:00,2.0199999809265137,2.1500000953674316,1.9900000095367432,2.0899999141693115,655100,0.0,0.0
2024-05-02 00:00:00-04:00,2.109999895095825,2.1700000762939453,2.0299999713897705,2.1500000953674316,594700,0.0,0.0
2024-05-03 00:00:00-04:00,2.2200000286102295,2.2300000190734863,2.109999895095825,2.140000104904175,261800,0.0,0.0
2024-05-06 00:00:00-04:00,2.1600000858306885,2.2100000381469727,2.0999999046325684,2.2100000381469727,450100,0.0,0.0
2024-05-07 00:00:00-04:00,2.2200000286102295,2.2750000953674316,2.1649999618530273,2.180000066757202,770400,0.0,0.0
2024-05-08 00:00:00-04:00,2.180000066757202,2.180000066757202,2.0999999046325684,2.1500000953674316,412100,0.0,0.0
2024-05-09 00:00:00-04:00,2.140000104904175,2.1549999713897705,1.9500000476837158,1.9600000381469727,493900,0.0,0.0
2024-05-10 00:00:00-04:00,1.9700000286102295,2.0,1.809999942779541,1.850000023841858,867200,0.0,0.0
2024-05-13 00:00:00-04:00,1.8799999952316284,1.9700000286102295,1.8600000143051147,1.899999976158142,357300,0.0,0.0
2024-05-14 00:00:00-04:00,2.009999990463257,2.009999990463257,1.809999942779541,1.8600000143051147,318300,0.0,0.0
2024-05-15 00:00:00-04:00,1.9299999475479126,1.9700000286102295,1.8799999952316284,1.8899999856948853,414300,0.0,0.0
2024-05-16 00:00:00-04:00,1.8799999952316284,1.909999966621399,1.809999942779541,1.850000023841858,410800,0.0,0.0
2024-05-17 00:00:00-04:00,2.0199999809265137,2.049999952316284,1.840000033378601,1.9700000286102295,11040600,0.0,0.0
2024-05-20 00:00:00-04:00,1.8700000047683716,2.299999952316284,1.8700000047683716,2.240000009536743,12271300,0.0,0.0
2024-05-21 00:00:00-04:00,2.2200000286102295,2.359999895095825,2.180000066757202,2.3499999046325684,2700700,0.0,0.0
2024-05-22 00:00:00-04:00,2.3499999046325684,2.5299999713897705,2.2950000762939453,2.440000057220459,4277300,0.0,0.0
2024-05-23 00:00:00-04:00,2.5899999141693115,2.9189999103546143,2.450000047683716,2.5899999141693115,13071500,0.0,0.0
2024-05-24 00:00:00-04:00,2.5899999141693115,2.740000009536743,2.559999942779541,2.630000114440918,2927800,0.0,0.0
2024-05-28 00:00:00-04:00,2.5999999046325684,2.6500000953674316,2.490000009536743,2.5199999809265137,2039000,0.0,0.0
2024-05-29 00:00:00-04:00,2.5,2.5299999713897705,2.309999942779541,2.4100000858306885,7998500,0.0,0.0
2024-05-30 00:00:00-04:00,2.390000104904175,2.490000009536743,2.390000104904175,2.4800000190734863,1553300,0.0,0.0
2024-05-31 00:00:00-04:00,2.4700000286102295,2.559999942779541,2.4700000286102295,2.5199999809265137,1822200,0.0,0.0
2024-06-03 00:00:00-04:00,2.5199999809265137,2.694999933242798,2.430000066757202,2.5799999237060547,1729400,0.0,0.0
2024-06-04 00:00:00-04:00,2.559999942779541,2.619999885559082,2.5,2.609999895095825,1595600,0.0,0.0
2024-06-05 00:00:00-04:00,2.619999885559082,2.700000047683716,2.5910000801086426,2.619999885559082,2028800,0.0,0.0
2024-06-06 00:00:00-04:00,2.609999895095825,2.619999885559082,2.3450000286102295,2.3550000190734863,654400,0.0,0.0
2024-06-07 00:00:00-04:00,2.319999933242798,2.4100000858306885,2.309999942779541,2.375,495300,0.0,0.0
2024-06-10 00:00:00-04:00,2.3499999046325684,2.369999885559082,2.25,2.2799999713897705,735500,0.0,0.0
2024-06-11 00:00:00-04:00,2.240000009536743,2.259999990463257,2.119999885559082,2.25,753400,0.0,0.0
2024-06-12 00:00:00-04:00,2.3299999237060547,2.380000114440918,2.2100000381469727,2.2200000286102295,761700,0.0,0.0
2024-06-13 00:00:00-04:00,2.2300000190734863,2.2899999618530273,2.1700000762939453,2.180000066757202,933900,0.0,0.0
2024-06-14 00:00:00-04:00,2.1600000858306885,2.240000009536743,2.1500000953674316,2.1700000762939453,672100,0.0,0.0
2024-06-17 00:00:00-04:00,2.130000114440918,2.13700008392334,1.9600000381469727,2.0,1185200,0.0,0.0
2024-06-18 00:00:00-04:00,1.9900000095367432,2.069999933242798,1.9600000381469727,2.0399999618530273,858200,0.0,0.0
2024-06-20 00:00:00-04:00,2.0399999618530273,2.059999942779541,2.009999990463257,2.0299999713897705,599500,0.0,0.0
2024-06-21 00:00:00-04:00,2.0399999618530273,2.140000104904175,2.015000104904175,2.109999895095825,2824200,0.0,0.0
2024-06-24 00:00:00-04:00,2.119999885559082,2.190000057220459,2.0899999141693115,2.1600000858306885,2998900,0.0,0.0
2024-06-25 00:00:00-04:00,2.109999895095825,2.240000009536743,2.069999933242798,2.0799999237060547,2828800,0.0,0.0
2024-06-26 00:00:00-04:00,2.059999942779541,2.240000009536743,2.009999990463257,2.200000047683716,3262200,0.0,0.0
2024-06-27 00:00:00-04:00,2.2100000381469727,2.369999885559082,2.1700000762939453,2.309999942779541,3181800,0.0,0.0
2024-06-28 00:00:00-04:00,2.309999942779541,2.3949999809265137,2.140000104904175,2.359999895095825,6893200,0.0,0.0
2024-07-01 00:00:00-04:00,2.3399999141693115,2.4700000286102295,2.3350000381469727,2.440000057220459,10546300,0.0,0.0
2024-07-02 00:00:00-04:00,2.430000066757202,2.509999990463257,2.319999933242798,2.319999933242798,1228800,0.0,0.0
2024-07-03 00:00:00-04:00,2.309999942779541,2.3299999237060547,2.180000066757202,2.180000066757202,517800,0.0,0.0
2024-07-05 00:00:00-04:00,2.1500000953674316,2.2049999237060547,2.0999999046325684,2.1700000762939453,697400,0.0,0.0
2024-07-08 00:00:00-04:00,2.2100000381469727,2.3499999046325684,2.2100000381469727,2.3499999046325684,775900,0.0,0.0
2024-07-09 00:00:00-04:00,2.3399999141693115,2.7200000286102295,2.309999942779541,2.7100000381469727,2635300,0.0,0.0
2024-07-10 00:00:00-04:00,2.7200000286102295,2.7699999809265137,2.5999999046325684,2.680000066757202,3581700,0.0,0.0
2024-07-11 00:00:00-04:00,2.680000066757202,2.859999895095825,2.630000114440918,2.809999942779541,3763100,0.0,0.0
2024-07-12 00:00:00-04:00,2.859999895095825,3.0999999046325684,2.7899999618530273,2.9700000286102295,5531000,0.0,0.0
2024-07-15 00:00:00-04:00,3.177999973297119,3.177999973297119,2.934000015258789,3.0799999237060547,4206000,0.0,0.0
2024-07-16 00:00:00-04:00,3.109999895095825,3.299999952316284,3.069999933242798,3.2300000190734863,2854500,0.0,0.0
2024-07-17 00:00:00-04:00,3.190000057220459,3.2699999809265137,2.994999885559082,3.190000057220459,2683600,0.0,0.0
2024-07-18 00:00:00-04:00,3.190000057220459,3.325000047683716,3.0,3.0199999809265137,1308800,0.0,0.0
2024-07-19 00:00:00-04:00,3.0199999809265137,3.059999942779541,2.940000057220459,2.950000047683716,1996600,0.0,0.0
2024-07-22 00:00:00-04:00,2.990000009536743,3.1500000953674316,2.9649999141693115,3.140000104904175,1402500,0.0,0.0
2024-07-23 00:00:00-04:00,3.109999895095825,3.194999933242798,3.0950000286102295,3.130000114440918,894300,0.0,0.0
2024-07-24 00:00:00-04:00,3.0999999046325684,3.244999885559082,3.069999933242798,3.109999895095825,1881200,0.0,0.0
2024-07-25 00:00:00-04:00,3.130000114440918,3.2950000762939453,3.059999942779541,3.2699999809265137,1226900,0.0,0.0
2024-07-26 00:00:00-04:00,3.3499999046325684,3.450000047683716,3.200000047683716,3.2799999713897705,1377800,0.0,0.0
2024-07-29 00:00:00-04:00,3.2899999618530273,3.299999952316284,3.134999990463257,3.25,1019700,0.0,0.0
2024-07-30 00:00:00-04:00,3.2699999809265137,3.309999942779541,3.0399999618530273,3.2100000381469727,1284900,0.0,0.0
2024-07-31 00:00:00-04:00,3.25,3.2950000762939453,3.140000104904175,3.1500000953674316,1108500,0.0,0.0
2024-08-01 00:00:00-04:00,3.130000114440918,3.1600000858306885,2.9749999046325684,3.069999933242798,2368100,0.0,0.0
2024-08-02 00:00:00-04:00,2.9100000858306885,2.930000066757202,2.7100000381469727,2.734999895095825,1275100,0.0,0.0
2024-08-05 00:00:00-04:00,2.549999952316284,2.619999885559082,2.4549999237060547,2.5450000762939453,1424600,0.0,0.0
2024-08-06 00:00:00-04:00,2.549999952316284,2.6500000953674316,2.4200000762939453,2.5399999618530273,1207300,0.0,0.0
2024-08-07 00:00:00-04:00,2.630000114440918,2.630000114440918,2.3949999809265137,2.4100000858306885,1124700,0.0,0.0
2024-08-08 00:00:00-04:00,2.359999895095825,2.5350000858306885,2.3399999141693115,2.490000009536743,939500,0.0,0.0
2024-08-09 00:00:00-04:00,2.509999990463257,2.5899999141693115,2.3299999237060547,2.4000000953674316,832100,0.0,0.0
2024-08-12 00:00:00-04:00,2.4100000858306885,2.5899999141693115,2.3299999237060547,2.5899999141693115,7055000,0.0,0.0
2024-08-13 00:00:00-04:00,2.700000047683716,2.940000057220459,2.5850000381469727,2.5999999046325684,1894800,0.0,0.0
2024-08-14 00:00:00-04:00,2.5899999141693115,2.630000114440918,2.494999885559082,2.5899999141693115,1671000,0.0,0.0
2024-08-15 00:00:00-04:00,2.7100000381469727,2.809999942779541,2.5799999237060547,2.7100000381469727,1153200,0.0,0.0
2024-08-16 00:00:00-04:00,2.7100000381469727,2.8350000381469727,2.690000057220459,2.799999952316284,1390200,0.0,0.0
2024-08-19 00:00:00-04:00,2.799999952316284,2.8399999141693115,2.6449999809265137,2.75,3613000,0.0,0.0
2024-08-20 00:00:00-04:00,2.7300000190734863,2.819999933242798,2.680000066757202,2.7699999809265137,872600,0.0,0.0
2024-08-21 00:00:00-04:00,2.7799999713897705,2.9100000858306885,2.7100000381469727,2.8399999141693115,1183200,0.0,0.0
2024-08-22 00:00:00-04:00,2.819999933242798,2.880000114440918,2.7100000381469727,2.740000009536743,926400,0.0,0.0
2024-08-23 00:00:00-04:00,2.619999885559082,2.8450000286102295,2.5999999046325684,2.75,1589900,0.0,0.0
2024-08-26 00:00:00-04:00,2.799999952316284,2.9200000762939453,2.7300000190734863,2.9000000953674316,1721000,0.0,0.0
2024-08-27 00:00:00-04:00,2.890000104904175,2.940000057220459,2.7100000381469727,2.7200000286102295,1155700,0.0,0.0
2024-08-28 00:00:00-04:00,2.7100000381469727,2.9000000953674316,2.680000066757202,2.869999885559082,1939500,0.0,0.0
2024-08-29 00:00:00-04:00,2.9000000953674316,2.9600000381469727,2.809999942779541,2.809999942779541,965400,0.0,0.0
2024-08-30 00:00:00-04:00,2.8499999046325684,2.940000057220459,2.7980000972747803,2.890000104904175,3553800,0.0,0.0
2024-09-03 00:00:00-04:00,2.8399999141693115,2.950000047683716,2.700000047683716,2.740000009536743,1315600,0.0,0.0
2024-09-04 00:00:00-04:00,2.700000047683716,2.865000009536743,2.621999979019165,2.7899999618530273,1062900,0.0,0.0
2024-09-05 00:00:00-04:00,2.7899999618530273,3.0299999713897705,2.75,2.990000009536743,3584400,0.0,0.0
2024-09-06 00:00:00-04:00,2.9800000190734863,3.059999942779541,2.809999942779541,2.859999895095825,2529600,0.0,0.0
2024-09-09 00:00:00-04:00,2.859999895095825,3.069999933242798,2.859999895095825,3.069999933242798,2225800,0.0,0.0
2024-09-10 00:00:00-04:00,3.0899999141693115,3.140000104904175,2.940000057220459,3.0999999046325684,1457000,0.0,0.0
2024-09-11 00:00:00-04:00,3.0799999237060547,3.1480000019073486,3.0399999618530273,3.069999933242798,1310600,0.0,0.0
2024-09-12 00:00:00-04:00,3.0799999237060547,3.119999885559082,2.9600000381469727,3.059999942779541,1720500,0.0,0.0
2024-09-13 00:00:00-04:00,3.0999999046325684,3.109999895095825,2.940000057220459,2.9700000286102295,1581000,0.0,0.0
2024-09-16 00:00:00-04:00,2.9800000190734863,3.009999990463257,2.7300000190734863,2.819999933242798,2282300,0.0,0.0
2024-09-17 00:00:00-04:00,2.869999885559082,3.0299999713897705,2.799999952316284,2.890000104904175,2187500,0.0,0.0
2024-09-18 00:00:00-04:00,2.869999885559082,2.990000009536743,2.8299999237060547,2.890000104904175,1492700,0.0,0.0
2024-09-19 00:00:00-04:00,2.990000009536743,3.0299999713897705,2.890000104904175,2.9700000286102295,2342600,0.0,0.0
2024-09-20 00:00:00-04:00,2.940000057220459,2.9700000286102295,2.8399999141693115,2.890000104904175,18558700,0.0,0.0
2024-09-23 00:00:00-04:00,2.9000000953674316,2.9000000953674316,2.5799999237060547,2.5950000286102295,2288600,0.0,0.0
2024-09-24 00:00:00-04:00,2.5899999141693115,2.630000114440918,2.5250000953674316,2.5350000858306885,1737000,0.0,0.0
2024-09-25 00:00:00-04:00,2.5399999618530273,2.7699999809265137,2.5199999809265137,2.740000009536743,2057100,0.0,0.0
2024-09-26 00:00:00-04:00,2.759999990463257,2.815000057220459,2.6500000953674316,2.7100000381469727,1268900,0.0,0.0
2024-09-27 00:00:00-04:00,2.7100000381469727,2.7699999809265137,2.6700000762939453,2.680000066757202,2175000,0.0,0.0
2024-09-30 00:00:00-04:00,2.680000066757202,2.765000104904175,2.640000104904175,2.7300000190734863,1201300,0.0,0.0
2024-10-01 00:00:00-04:00,2.7100000381469727,2.75,2.505000114440918,2.5899999141693115,1561800,0.0,0.0
2024-10-02 00:00:00-04:00,2.559999942779541,2.5850000381469727,2.4100000858306885,2.5199999809265137,3281900,0.0,0.0
2024-10-03 00:00:00-04:00,2.5,2.515000104904175,2.4100000858306885,2.450000047683716,980600,0.0,0.0
2024-10-04 00:00:00-04:00,2.490000009536743,2.549999952316284,2.4600000381469727,2.5399999618530273,894200,0.0,0.0
2024-10-07 00:00:00-04:00,2.5299999713897705,2.5299999713897705,2.4100000858306885,2.440000057220459,638300,0.0,0.0
2024-10-08 00:00:00-04:00,2.450000047683716,2.609999895095825,2.4100000858306885,2.5199999809265137,889300,0.0,0.0
2024-10-09 00:00:00-04:00,2.509999990463257,2.6700000762939453,2.450000047683716,2.5999999046325684,1323000,0.0,0.0
2024-10-10 00:00:00-04:00,2.549999952316284,2.5799999237060547,2.4700000286102295,2.559999942779541,663700,0.0,0.0
2024-10-11 00:00:00-04:00,2.5399999618530273,2.7799999713897705,2.5399999618530273,2.75,2196900,0.0,0.0
2024-10-14 00:00:00-04:00,2.7300000190734863,2.805000066757202,2.6500000953674316,2.75,716400,0.0,0.0
2024-10-15 00:00:00-04:00,2.75,2.8399999141693115,2.694999933242798,2.809999942779541,1311500,0.0,0.0
2024-10-16 00:00:00-04:00,2.859999895095825,2.9200000762939453,2.799999952316284,2.8499999046325684,2163600,0.0,0.0
2024-10-17 00:00:00-04:00,2.859999895095825,2.928999900817871,2.7799999713897705,2.799999952316284,1007200,0.0,0.0
2024-10-18 00:00:00-04:00,2.799999952316284,2.940000057220459,2.7300000190734863,2.9100000858306885,1019200,0.0,0.0
2024-10-21 00:00:00-04:00,2.9000000953674316,2.9200000762939453,2.7100000381469727,2.7300000190734863,826900,0.0,0.0
2024-10-22 00:00:00-04:00,2.680000066757202,2.7300000190734863,2.5899999141693115,2.6700000762939453,633800,0.0,0.0
2024-10-23 00:00:00-04:00,2.6600000858306885,2.734999895095825,2.549999952316284,2.5799999237060547,816500,0.0,0.0
2024-10-24 00:00:00-04:00,2.549999952316284,2.759999990463257,2.549999952316284,2.5799999237060547,1219000,0.0,0.0
2024-10-25 00:00:00-04:00,2.6600000858306885,2.7750000953674316,2.569999933242798,2.640000104904175,1000500,0.0,0.0
2024-10-28 00:00:00-04:00,2.700000047683716,2.7300000190734863,2.440000057220459,2.640000104904175,4707000,0.0,0.0
2024-10-29 00:00:00-04:00,2.5899999141693115,2.819999933242798,2.509999990463257,2.799999952316284,2488600,0.0,0.0
2024-10-30 00:00:00-04:00,2.7799999713897705,2.8299999237060547,2.684999942779541,2.700000047683716,863000,0.0,0.0
2024-10-31 00:00:00-04:00,2.680000066757202,2.690000057220459,2.5899999141693115,2.5899999141693115,717400,0.0,0.0
2024-11-01 00:00:00-04:00,2.619999885559082,2.7200000286102295,2.615000009536743,2.7200000286102295,1151600,0.0,0.0
2024-11-04 00:00:00-05:00,2.75,2.9049999713897705,2.630000114440918,2.869999885559082,1637600,0.0,0.0
2024-11-05 00:00:00-05:00,2.880000114440918,2.950000047683716,2.7850000858306885,2.940000057220459,1113200,0.0,0.0
2024-11-06 00:00:00-05:00,3.049999952316284,3.25,2.9600000381469727,3.180000066757202,4168700,0.0,0.0
2024-11-07 00:00:00-05:00,3.059999942779541,3.305000066757202,3.059999942779541,3.109999895095825,2142600,0.0,0.0
2024-11-08 00:00:00-05:00,3.119999885559082,3.2249999046325684,3.0950000286102295,3.140000104904175,1512400,0.0,0.0
2024-11-11 00:00:00-05:00,3.200000047683716,3.240000009536743,3.0899999141693115,3.109999895095825,2684400,0.0,0.0
2024-11-12 00:00:00-05:00,3.069999933242798,3.130000114440918,2.9800000190734863,2.990000009536743,1072600,0.0,0.0
2024-11-13 00:00:00-05:00,3.059999942779541,3.184999942779541,2.819999933242798,2.8499999046325684,1201300,0.0,0.0
2024-11-14 00:00:00-05:00,2.8499999046325684,2.859999895095825,2.7100000381469727,2.809999942779541,1433300,0.0,0.0
2024-11-15 00:00:00-05:00,2.819999933242798,2.819999933242798,2.619999885559082,2.6700000762939453,1832100,0.0,0.0
2024-11-18 00:00:00-05:00,2.940000057220459,2.9700000286102295,2.640000104904175,2.7300000190734863,1416400,0.0,0.0
2024-11-19 00:00:00-05:00,2.7200000286102295,2.8299999237060547,2.6700000762939453,2.7899999618530273,1201800,0.0,0.0
2024-11-20 00:00:00-05:00,2.7699999809265137,2.819999933242798,2.5999999046325684,2.640000104904175,738000,0.0,0.0
2024-11-21 00:00:00-05:00,2.6600000858306885,2.6700000762939453,2.509999990463257,2.5999999046325684,1640100,0.0,0.0
2024-11-22 00:00:00-05:00,2.630000114440918,2.799999952316284,2.569999933242798,2.700000047683716,1246400,0.0,0.0
2024-11-25 00:00:00-05:00,2.700000047683716,2.859999895095825,2.700000047683716,2.759999990463257,1815600,0.0,0.0
2024-11-26 00:00:00-05:00,2.740000009536743,2.815000057220459,2.680000066757202,2.7799999713897705,746800,0.0,0.0
2024-11-27 00:00:00-05:00,2.8499999046325684,2.930000066757202,2.7899999618530273,2.9200000762939453,1057300,0.0,0.0
2024-11-29 00:00:00-05:00,2.9200000762939453,3.009999990463257,2.8399999141693115,2.859999895095825,696100,0.0,0.0
2024-12-02 00:00:00-05:00,2.799999952316284,3.255000114440918,2.7100000381469727,3.2300000190734863,3437200,0.0,0.0
2024-12-03 00:00:00-05:00,3.200000047683716,3.299999952316284,3.005000114440918,3.069999933242798,1592700,0.0,0.0
2024-12-04 00:00:00-05:00,3.059999942779541,3.180000066757202,2.9000000953674316,3.130000114440918,879300,0.0,0.0
2024-12-05 00:00:00-05:00,3.109999895095825,3.115000009536743,2.890000104904175,2.9000000953674316,870600,0.0,0.0
2024-12-06 00:00:00-05:00,2.9200000762939453,3.0299999713897705,2.9000000953674316,3.0299999713897705,619700,0.0,0.0
2024-12-09 00:00:00-05:00,3.0,3.119999885559082,2.934999942779541,2.9800000190734863,884500,0.0,0.0
2024-12-10 00:00:00-05:00,2.9800000190734863,3.049999952316284,2.9040000438690186,2.9600000381469727,1349200,0.0,0.0
2024-12-11 00:00:00-05:00,2.9600000381469727,2.9749999046325684,2.684999942779541,2.7799999713897705,1690600,0.0,0.0
2024-12-12 00:00:00-05:00,2.799999952316284,2.799999952316284,2.619999885559082,2.630000114440918,1012500,0.0,0.0
2024-12-13 00:00:00-05:00,2.619999885559082,2.6700000762939453,2.5299999713897705,2.559999942779541,1468700,0.0,0.0
2024-12-16 00:00:00-05:00,2.619999885559082,2.640000104904175,2.509999990463257,2.619999885559082,909000,0.0,0.0
2024-12-17 00:00:00-05:00,2.6600000858306885,2.680000066757202,2.569999933242798,2.630000114440918,945500,0.0,0.0
2024-12-18 00:00:00-05:00,2.609999895095825,2.6549999713897705,2.4000000953674316,2.490000009536743,1816500,0.0,0.0
2024-12-19 00:00:00-05:00,2.4800000190734863,2.5350000858306885,2.390000104904175,2.450000047683716,3758900,0.0,0.0
2024-12-20 00:00:00-05:00,2.430000066757202,2.5899999141693115,2.380000114440918,2.5399999618530273,2427000,0.0,0.0
2024-12-23 00:00:00-05:00,2.509999990463257,2.5250000953674316,2.434999942779541,2.4800000190734863,859000,0.0,0.0
2024-12-24 00:00:00-05:00,2.490000009536743,2.5999999046325684,2.450000047683716,2.569999933242798,1042300,0.0,0.0
2024-12-26 00:00:00-05:00,2.569999933242798,2.630000114440918,2.515000104904175,2.619999885559082,715500,0.0,0.0
2024-12-27 00:00:00-05:00,2.5799999237060547,2.630000114440918,2.4649999141693115,2.5399999618530273,1029200,0.0,0.0
2024-12-30 00:00:00-05:00,2.490000009536743,2.575000047683716,2.450000047683716,2.549999952316284,817600,0.0,0.0
2024-12-31 00:00:00-05:00,2.569999933242798,2.5799999237060547,2.490000009536743,2.509999990463257,504000,0.0,0.0
2025-01-02 00:00:00-05:00,2.5899999141693115,2.8299999237060547,2.5399999618530273,2.700000047683716,1010900,0.0,0.0
2025-01-03 00:00:00-05:00,2.7300000190734863,2.7899999618530273,2.6700000762939453,2.740000009536743,775200,0.0,0.0
2025-01-06 00:00:00-05:00,2.759999990463257,2.7899999618530273,2.6449999809265137,2.6700000762939453,809500,0.0,0.0
2025-01-07 00:00:00-05:00,2.819999933242798,2.8399999141693115,2.684999942779541,2.75,1442500,0.0,0.0
2025-01-08 00:00:00-05:00,2.740000009536743,2.7899999618530273,2.680000066757202,2.75,582300,0.0,0.0
2025-01-10 00:00:00-05:00,2.6600000858306885,2.680000066757202,2.359999895095825,2.365000009536743,2469700,0.0,0.0
2025-01-13 00:00:00-05:00,2.369999885559082,2.380000114440918,2.0299999713897705,2.1500000953674316,2195500,0.0,0.0
2025-01-14 00:00:00-05:00,2.1600000858306885,2.1600000858306885,1.8799999952316284,1.9249999523162842,2510900,0.0,0.0
2025-01-15 00:00:00-05:00,2.0399999618530273,2.049999952316284,1.909999966621399,1.9199999570846558,1300700,0.0,0.0
2025-01-16 00:00:00-05:00,1.9299999475479126,1.965000033378601,1.7699999809265137,1.8600000143051147,2237900,0.0,0.0
2025-01-17 00:00:00-05:00,1.8899999856948853,1.940000057220459,1.8300000429153442,1.850000023841858,1389800,0.0,0.0
2025-01-21 00:00:00-05:00,1.8799999952316284,1.9800000190734863,1.875,1.899999976158142,1354900,0.0,0.0
2025-01-22 00:00:00-05:00,1.899999976158142,1.9700000286102295,1.8849999904632568,1.9299999475479126,826600,0.0,0.0
2025-01-23 00:00:00-05:00,1.909999966621399,2.0299999713897705,1.8799999952316284,1.9900000095367432,1464600,0.0,0.0
2025-01-24 00:00:00-05:00,1.9700000286102295,2.109999895095825,1.9299999475479126,1.9500000476837158,1183400,0.0,0.0
2025-01-27 00:00:00-05:00,1.9199999570846558,2.049999952316284,1.909999966621399,1.9299999475479126,985900,0.0,0.0
2025-01-28 00:00:00-05:00,1.9299999475479126,1.9700000286102295,1.8799999952316284,1.899999976158142,862200,0.0,0.0
2025-01-29 00:00:00-05:00,1.8799999952316284,1.9199999570846558,1.8200000524520874,1.840000033378601,896100,0.0,0.0
2025-01-30 00:00:00-05:00,1.850000023841858,2.0,1.840000033378601,1.8799999952316284,1075900,0.0,0.0
2025-01-31 00:00:00-05:00,1.8799999952316284,2.0250000953674316,1.8350000381469727,1.8899999856948853,1556900,0.0,0.0
2025-02-03 00:00:00-05:00,1.8799999952316284,1.8799999952316284,1.7300000190734863,1.7599999904632568,1926700,0.0,0.0
2025-02-04 00:00:00-05:00,1.7599999904632568,1.7899999618530273,1.6699999570846558,1.7799999713897705,1717800,0.0,0.0
2025-02-05 00:00:00-05:00,1.7999999523162842,1.8819999694824219,1.7699999809265137,1.8300000429153442,1091200,0.0,0.0
2025-02-06 00:00:00-05:00,1.8300000429153442,1.850000023841858,1.659999966621399,1.6699999570846558,1632100,0.0,0.0
2025-02-07 00:00:00-05:00,1.6699999570846558,1.718999981880188,1.5800000429153442,1.590000033378601,1190700,0.0,0.0
2025-02-10 00:00:00-05:00,1.6399999856948853,1.6799999475479126,1.6050000190734863,1.6399999856948853,1844400,0.0,0.0
2025-02-11 00:00:00-05:00,1.6399999856948853,1.659999966621399,1.5099999904632568,1.5800000429153442,1935600,0.0,0.0
2025-02-12 00:00:00-05:00,1.5499999523162842,1.6150000095367432,1.5499999523162842,1.5700000524520874,1024200,0.0,0.0
2025-02-13 00:00:00-05:00,1.6200000047683716,1.649999976158142,1.5199999809265137,1.6299999952316284,1235700,0.0,0.0
2025-02-14 00:00:00-05:00,1.690000057220459,1.7599999904632568,1.5299999713897705,1.5700000524520874,1813700,0.0,0.0
2025-02-18 00:00:00-05:00,1.559999942779541,1.600000023841858,1.5099999904632568,1.5499999523162842,663200,0.0,0.0
2025-02-19 00:00:00-05:00,1.5299999713897705,1.5499999523162842,1.4500000476837158,1.5099999904632568,822800,0.0,0.0
2025-02-20 00:00:00-05:00,1.4900000095367432,1.5299999713897705,1.4249999523162842,1.4600000381469727,807500,0.0,0.0
2025-02-21 00:00:00-05:00,1.5399999618530273,1.5399999618530273,1.409999966621399,1.409999966621399,918300,0.0,0.0
2025-02-24 00:00:00-05:00,1.399999976158142,1.4800000190734863,1.3600000143051147,1.409999966621399,1374300,0.0,0.0
2025-02-25 00:00:00-05:00,1.4299999475479126,1.4550000429153442,1.3250000476837158,1.399999976158142,1260000,0.0,0.0
2025-02-26 00:00:00-05:00,1.3899999856948853,1.4600000381469727,1.350000023841858,1.3899999856948853,1326600,0.0,0.0
2025-02-27 00:00:00-05:00,1.3799999952316284,1.4299999475479126,1.2899999618530273,1.2899999618530273,843300,0.0,0.0
2025-02-28 00:00:00-05:00,1.2899999618530273,1.399999976158142,1.284999966621399,1.3700000047683716,1532900,0.0,0.0
2025-03-03 00:00:00-05:00,1.3899999856948853,1.4199999570846558,1.2699999809265137,1.2799999713897705,1607600,0.0,0.0
2025-03-04 00:00:00-05:00,1.25,1.340000033378601,1.2300000190734863,1.3200000524520874,1691300,0.0,0.0
2025-03-05 00:00:00-05:00,1.3200000524520874,1.434999942779541,1.3049999475479126,1.4199999570846558,1624000,0.0,0.0
2025-03-06 00:00:00-05:00,1.3899999856948853,1.4700000286102295,1.3650000095367432,1.4199999570846558,1764400,0.0,0.0
2025-03-07 00:00:00-05:00,1.4500000476837158,1.5499999523162842,1.4049999713897705,1.5299999713897705,1171200,0.0,0.0
2025-03-10 00:00:00-04:00,1.5199999809265137,1.559999942779541,1.409999966621399,1.4299999475479126,1632700,0.0,0.0
2025-03-11 00:00:00-04:00,1.440000057220459,1.5549999475479126,1.409999966621399,1.5399999618530273,1631000,0.0,0.0
2025-03-12 00:00:00-04:00,1.559999942779541,1.5850000381469727,1.4850000143051147,1.5299999713897705,1134700,0.0,0.0
2025-03-13 00:00:00-04:00,1.5399999618530273,1.5549999475479126,1.440000057220459,1.4700000286102295,799000,0.0,0.0
2025-03-14 00:00:00-04:00,1.4500000476837158,1.4900000095367432,1.4199999570846558,1.440000057220459,857200,0.0,0.0
2025-03-17 00:00:00-04:00,1.4500000476837158,1.5049999952316284,1.4199999570846558,1.4600000381469727,991900,0.0,0.0
2025-03-18 00:00:00-04:00,1.4500000476837158,1.5099999904632568,1.399999976158142,1.440000057220459,873600,0.0,0.0
2025-03-19 00:00:00-04:00,1.4600000381469727,1.5,1.440000057220459,1.4800000190734863,953300,0.0,0.0
2025-03-20 00:00:00-04:00,1.4500000476837158,1.5700000524520874,1.4299999475479126,1.4800000190734863,1920300,0.0,0.0
2025-03-21 00:00:00-04:00,1.4800000190734863,1.590000033378601,1.399999976158142,1.5299999713897705,8897000,0.0,0.0
2025-03-24 00:00:00-04:00,1.5399999618530273,1.5399999618530273,1.4500000476837158,1.4900000095367432,2092600,0.0,0.0
2025-03-25 00:00:00-04:00,1.4900000095367432,1.531999945640564,1.4450000524520874,1.4800000190734863,1009900,0.0,0.0
2025-03-26 00:00:00-04:00,1.590000033378601,1.6100000143051147,1.4450000524520874,1.4800000190734863,1982800,0.0,0.0
2025-03-27 00:00:00-04:00,1.4800000190734863,1.5700000524520874,1.4500000476837158,1.5499999523162842,1304100,0.0,0.0
2025-03-28 00:00:00-04:00,1.5299999713897705,1.5499999523162842,1.4900000095367432,1.5199999809265137,814700,0.0,0.0
2025-03-31 00:00:00-04:00,1.4900000095367432,1.4900000095367432,1.3600000143051147,1.3700000047683716,2550400,0.0,0.0
2025-04-01 00:00:00-04:00,1.350000023841858,1.3600000143051147,1.2000000476837158,1.2050000429153442,2037900,0.0,0.0
2025-04-02 00:00:00-04:00,1.1699999570846558,1.2699999809265137,1.0399999618530273,1.2599999904632568,3039700,0.0,0.0
2025-04-03 00:00:00-04:00,1.1799999475479126,1.2649999856948853,1.1699999570846558,1.2100000381469727,1548600,0.0,0.0
2025-04-04 00:00:00-04:00,1.1299999952316284,1.2050000429153442,1.090000033378601,1.159999966621399,3211100,0.0,0.0
2025-04-07 00:00:00-04:00,1.0700000524520874,1.2400000095367432,1.0299999713897705,1.225000023841858,2294600,0.0,0.0
2025-04-08 00:00:00-04:00,1.2799999713897705,1.2799999713897705,1.0199999809265137,1.059999942779541,3475300,0.0,0.0
2025-04-09 00:00:00-04:00,1.0199999809265137,1.3799999952316284,1.0099999904632568,1.1950000524520874,2781500,0.0,0.0
2025-04-10 00:00:00-04:00,1.1399999856948853,1.149999976158142,1.024999976158142,1.065000057220459,1584700,0.0,0.0
2025-04-11 00:00:00-04:00,1.0499999523162842,1.2799999713897705,1.034999966621399,1.2400000095367432,1710000,0.0,0.0
2025-04-14 00:00:00-04:00,1.25,1.2799999713897705,1.1299999952316284,1.2400000095367432,2254100,0.0,0.0
2025-04-15 00:00:00-04:00,1.2699999809265137,1.2899999618530273,1.159999966621399,1.190000057220459,1543800,0.0,0.0
2025-04-16 00:00:00-04:00,1.1799999475479126,1.2000000476837158,1.1449999809265137,1.1699999570846558,793200,0.0,0.0
2025-04-17 00:00:00-04:00,1.159999966621399,1.190000057220459,1.1200000047683716,1.159999966621399,952500,0.0,0.0
2025-04-21 00:00:00-04:00,1.1649999618530273,1.4149999618530273,1.1299999952316284,1.2400000095367432,1701200,0.0,0.0
2025-04-22 00:00:00-04:00,1.2400000095367432,1.4249999523162842,1.2300000190734863,1.3799999952316284,1893700,0.0,0.0
2025-04-23 00:00:00-04:00,1.3700000047683716,1.5499999523162842,1.3700000047683716,1.4199999570846558,2163500,0.0,0.0
2025-04-24 00:00:00-04:00,1.440000057220459,1.465000033378601,1.3600000143051147,1.399999976158142,584800,0.0,0.0
2025-04-25 00:00:00-04:00,1.3700000047683716,1.4199999570846558,1.3250000476837158,1.3899999856948853,769500,0.0,0.0
2025-04-28 00:00:00-04:00,1.3899999856948853,1.4049999713897705,1.274999976158142,1.399999976158142,1350000,0.0,0.0
2025-04-29 00:00:00-04:00,1.3899999856948853,1.4550000429153442,1.375,1.4299999475479126,3160800,0.0,0.0
2025-04-30 00:00:00-04:00,1.3899999856948853,1.5099999904632568,1.3700000047683716,1.4600000381469727,740400,0.0,0.0
2025-05-01 00:00:00-04:00,1.4500000476837158,1.4900000095367432,1.3899999856948853,1.4900000095367432,753300,0.0,0.0
2025-05-02 00:00:00-04:00,1.5,1.6100000143051147,1.4800000190734863,1.5800000429153442,1307200,0.0,0.0
2025-05-05 00:00:00-04:00,1.5700000524520874,1.5700000524520874,1.440000057220459,1.4500000476837158,929500,0.0,0.0
2025-05-06 00:00:00-04:00,1.440000057220459,1.440000057220459,1.2400000095367432,1.25,1069200,0.0,0.0
2025-05-07 00:00:00-04:00,1.2599999904632568,1.2799999713897705,1.2050000429153442,1.225000023841858,2814600,0.0,0.0
2025-05-08 00:00:00-04:00,1.2300000190734863,1.4600000381469727,1.2050000429153442,1.3899999856948853,1718800,0.0,0.0
2025-05-09 00:00:00-04:00,1.3799999952316284,1.4600000381469727,1.3550000190734863,1.3899999856948853,537400,0.0,0.0
2025-05-12 00:00:00-04:00,1.4800000190734863,1.5299999713897705,1.340000033378601,1.3899999856948853,893800,0.0,0.0
2025-05-13 00:00:00-04:00,1.4199999570846558,1.4199999570846558,1.3300000429153442,1.3300000429153442,869000,0.0,0.0
2025-05-14 00:00:00-04:00,1.3600000143051147,1.5199999809265137,1.2400000095367432,1.2699999809265137,1977300,0.0,0.0
2025-05-15 00:00:00-04:00,1.2599999904632568,1.2899999618530273,1.1299999952316284,1.2699999809265137,1787800,0.0,0.0
2025-05-16 00:00:00-04:00,1.2400000095367432,1.309999942779541,1.2400000095367432,1.284999966621399,889900,0.0,0.0
2025-05-19 00:00:00-04:00,1.2699999809265137,1.2899999618530273,1.1749999523162842,1.2300000190734863,1480000,0.0,0.0
2025-05-20 00:00:00-04:00,1.2200000286102295,1.2999999523162842,1.1799999475479126,1.2799999713897705,730400,0.0,0.0
2025-05-21 00:00:00-04:00,1.25,1.2699999809265137,1.1950000524520874,1.2200000286102295,547000,0.0,0.0
2025-05-22 00:00:00-04:00,1.2300000190734863,1.2450000047683716,1.1699999570846558,1.2100000381469727,617000,0.0,0.0
2025-05-23 00:00:00-04:00,1.159999966621399,1.2400000095367432,1.159999966621399,1.2200000286102295,933400,0.0,0.0
2025-05-27 00:00:00-04:00,1.2300000190734863,1.25,1.059999942779541,1.0800000429153442,1959700,0.0,0.0
2025-05-28 00:00:00-04:00,1.0800000429153442,1.1950000524520874,1.065000057220459,1.100000023841858,1357800,0.0,0.0
2025-05-29 00:00:00-04:00,1.1399999856948853,1.4700000286102295,1.1200000047683716,1.4500000476837158,3989400,0.0,0.0
2025-05-30 00:00:00-04:00,1.4490000009536743,1.4500000476837158,1.340000033378601,1.399999976158142,4007700,0.0,0.0
2025-06-02 00:00:00-04:00,1.4199999570846558,1.4600000381469727,1.2599999904632568,1.4249999523162842,1486200,0.0,0.0
2025-06-03 00:00:00-04:00,1.4199999570846558,1.5299999713897705,1.3849999904632568,1.4450000524520874,2037300,0.0,0.0
2025-06-04 00:00:00-04:00,1.440000057220459,1.5850000381469727,1.4199999570846558,1.5299999713897705,1972900,0.0,0.0
2025-06-05 00:00:00-04:00,1.5499999523162842,1.7000000476837158,1.5199999809265137,1.5700000524520874,2094900,0.0,0.0
2025-06-06 00:00:00-04:00,1.600000023841858,1.6699999570846558,1.5700000524520874,1.600000023841858,1732900,0.0,0.0
2025-06-09 00:00:00-04:00,1.600000023841858,1.6349999904632568,1.524999976158142,1.6299999952316284,1790300,0.0,0.0
2025-06-10 00:00:00-04:00,1.6100000143051147,1.6749999523162842,1.5800000429153442,1.6100000143051147,1027600,0.0,0.0
2025-06-11 00:00:00-04:00,1.5800000429153442,1.6150000095367432,1.5149999856948853,1.5199999809265137,876400,0.0,0.0
2025-06-12 00:00:00-04:00,1.5,1.565000057220459,1.4500000476837158,1.5299999713897705,902100,0.0,0.0
2025-06-13 00:00:00-04:00,1.4900000095367432,1.590000033378601,1.4450000524520874,1.4800000190734863,1456600,0.0,0.0
2025-06-16 00:00:00-04:00,1.4800000190734863,1.4950000047683716,1.3300000429153442,1.4049999713897705,3291800,0.0,0.0
2025-06-17 00:00:00-04:00,1.3799999952316284,1.440000057220459,1.3550000190734863,1.3650000095367432,1295300,0.0,0.0
2025-06-18 00:00:00-04:00,1.350000023841858,1.4299999475479126,1.3079999685287476,1.399999976158142,645600,0.0,0.0
2025-06-20 00:00:00-04:00,1.4199999570846558,1.4500000476837158,1.350000023841858,1.3700000047683716,1337600,0.0,0.0
2025-06-23 00:00:00-04:00,1.3700000047683716,1.4049999713897705,1.309999942779541,1.3899999856948853,995700,0.0,0.0
2025-06-24 00:00:00-04:00,1.399999976158142,1.4900000095367432,1.3600000143051147,1.4500000476837158,586100,0.0,0.0
2025-06-25 00:00:00-04:00,1.440000057220459,1.440000057220459,1.3700000047683716,1.3799999952316284,880000,0.0,0.0
2025-06-26 00:00:00-04:00,1.3700000047683716,1.4500000476837158,1.2400000095367432,1.2599999904632568,1269800,0.0,0.0
2025-06-27 00:00:00-04:00,1.2599999904632568,1.3489999771118164,1.2100000381469727,1.309999942779541,1890500,0.0,0.0
2025-06-30 00:00:00-04:00,1.309999942779541,1.309999942779541,1.2599999904632568,1.2699999809265137,816700,0.0,0.0
2025-07-01 00:00:00-04:00,1.2599999904632568,1.375,1.2350000143051147,1.3600000143051147,1228500,0.0,0.0
2025-07-02 00:00:00-04:00,1.3700000047683716,1.5099999904632568,1.340999960899353,1.4500000476837158,1943200,0.0,0.0
2025-07-03 00:00:00-04:00,1.4700000286102295,1.4700000286102295,1.3849999904632568,1.440000057220459,867600,0.0,0.0
2025-07-07 00:00:00-04:00,1.4299999475479126,1.4900000095367432,1.3799999952316284,1.4199999570846558,1040900,0.0,0.0
2025-07-08 00:00:00-04:00,1.4500000476837158,1.475000023841858,1.409999966621399,1.4600000381469727,522600,0.0,0.0
2025-07-09 00:00:00-04:00,1.4900000095367432,1.5800000429153442,1.4800000190734863,1.5399999618530273,1438900,0.0,0.0
2025-07-10 00:00:00-04:00,1.559999942779541,1.559999942779541,1.4800000190734863,1.5199999809265137,869100,0.0,0.0
2025-07-11 00:00:00-04:00,1.5399999618530273,1.5399999618530273,1.4299999475479126,1.4500000476837158,600100,0.0,0.0
2025-07-14 00:00:00-04:00,1.4299999475479126,1.5,1.4199999570846558,1.4600000381469727,482900,0.0,0.0
2025-07-15 00:00:00-04:00,1.4600000381469727,1.5,1.399999976158142,1.409999966621399,418600,0.0,0.0
2025-07-16 00:00:00-04:00,1.4199999570846558,1.4500000476837158,1.340000033378601,1.440000057220459,1107300,0.0,0.0
2025-07-17 00:00:00-04:00,1.4299999475479126,1.5149999856948853,1.4299999475479126,1.4900000095367432,915400,0.0,0.0
2025-07-18 00:00:00-04:00,1.5199999809265137,1.6050000190734863,1.465000033378601,1.5,701300,0.0,0.0
2025-07-21 00:00:00-04:00,1.5,1.5700000524520874,1.475000023841858,1.5,532500,0.0,0.0
2025-07-22 00:00:00-04:00,1.5099999904632568,1.7000000476837158,1.4950000047683716,1.6799999475479126,1548500,0.0,0.0
2025-07-23 00:00:00-04:00,1.690000057220459,1.7949999570846558,1.690000057220459,1.7100000381469727,1261100,0.0,0.0
2025-07-24 00:00:00-04:00,1.7200000286102295,1.7599999904632568,1.6549999713897705,1.7100000381469727,677400,0.0,0.0
2025-07-25 00:00:00-04:00,1.7400000095367432,1.7699999809265137,1.6649999618530273,1.7400000095367432,654300,0.0,0.0
2025-07-28 00:00:00-04:00,1.7599999904632568,1.809999942779541,1.6799999475479126,1.7000000476837158,904100,0.0,0.0
2025-07-29 00:00:00-04:00,1.7200000286102295,1.7200000286102295,1.5299999713897705,1.5499999523162842,1010300,0.0,0.0
2025-07-30 00:00:00-04:00,1.590000033378601,1.5950000286102295,1.5399999618530273,1.5499999523162842,542000,0.0,0.0
2025-07-31 00:00:00-04:00,1.5199999809265137,1.5399999618530273,1.3910000324249268,1.4149999618530273,1016100,0.0,0.0
2025-08-01 00:00:00-04:00,1.3700000047683716,1.4450000524520874,1.340000033378601,1.3899999856948853,804400,0.0,0.0
2025-08-04 00:00:00-04:00,1.3899999856948853,1.4299999475479126,1.3550000190734863,1.399999976158142,684000,0.0,0.0
2025-08-05 00:00:00-04:00,1.4199999570846558,1.5099999904632568,1.3799999952316284,1.5,911200,0.0,0.0
2025-08-06 00:00:00-04:00,1.5,1.5399999618530273,1.4249999523162842,1.4299999475479126,658600,0.0,0.0
2025-08-07 00:00:00-04:00,1.4299999475479126,1.475000023841858,1.4110000133514404,1.4600000381469727,581300,0.0,0.0
2025-08-08 00:00:00-04:00,1.4700000286102295,1.4700000286102295,1.3799999952316284,1.399999976158142,490900,0.0,0.0
2025-08-11 00:00:00-04:00,1.4299999475479126,1.5,1.409999966621399,1.4800000190734863,613000,0.0,0.0
2025-08-12 00:00:00-04:00,1.5099999904632568,1.5850000381469727,1.4800000190734863,1.559999942779541,731400,0.0,0.0
2025-08-13 00:00:00-04:00,1.5499999523162842,1.7050000429153442,1.5299999713897705,1.6200000047683716,1035100,0.0,0.0
2025-08-14 00:00:00-04:00,1.6200000047683716,1.6299999952316284,1.5499999523162842,1.5700000524520874,812100,0.0,0.0
2025-08-15 00:00:00-04:00,1.5800000429153442,1.649999976158142,1.5399999618530273,1.6399999856948853,456800,0.0,0.0
2025-08-18 00:00:00-04:00,1.5299999713897705,1.6799999475479126,1.50600004196167,1.5299999713897705,563300,0.0,0.0
2025-08-19 00:00:00-04:00,1.5199999809265137,1.5700000524520874,1.4900000095367432,1.5199999809265137,768800,0.0,0.0
2025-08-20 00:00:00-04:00,1.5299999713897705,1.5299999713897705,1.4500000476837158,1.4600000381469727,498700,0.0,0.0
2025-08-21 00:00:00-04:00,1.4600000381469727,1.5049999952316284,1.440000057220459,1.5,1356800,0.0,0.0
2025-08-22 00:00:00-04:00,1.5199999809265137,1.6399999856948853,1.5099999904632568,1.600000023841858,1024700,0.0,0.0
2025-08-25 00:00:00-04:00,1.5800000429153442,1.6050000190734863,1.5299999713897705,1.590000033378601,617600,0.0,0.0
2025-08-26 00:00:00-04:00,1.600000023841858,1.6100000143051147,1.5499999523162842,1.600000023841858,460800,0.0,0.0
2025-08-27 00:00:00-04:00,1.590000033378601,1.6150000095367432,1.5700000524520874,1.5800000429153442,396200,0.0,0.0
2025-08-28 00:00:00-04:00,1.600000023841858,1.6169999837875366,1.5549999475479126,1.5700000524520874,338800,0.0,0.0
2025-08-29 00:00:00-04:00,1.590000033378601,1.600000023841858,1.5499999523162842,1.5700000524520874,511200,0.0,0.0
2025-09-02 00:00:00-04:00,1.559999942779541,1.659999966621399,1.5499999523162842,1.600000023841858,678700,0.0,0.0
2025-09-03 00:00:00-04:00,1.4900000095367432,1.4900000095367432,1.3300000429153442,1.4299999475479126,2856400,0.0,0.0
2025-09-04 00:00:00-04:00,1.4299999475479126,1.4850000143051147,1.4049999713897705,1.4800000190734863,993000,0.0,0.0
2025-09-05 00:00:00-04:00,1.4700000286102295,1.6100000143051147,1.4700000286102295,1.6100000143051147,2977200,0.0,0.0
2025-09-08 00:00:00-04:00,1.6299999952316284,1.6299999952316284,1.5299999713897705,1.5499999523162842,1265400,0.0,0.0
2025-09-09 00:00:00-04:00,1.5299999713897705,1.6100000143051147,1.524999976158142,1.6100000143051147,393600,0.0,0.0
2025-09-10 00:00:00-04:00,1.6100000143051147,1.6299999952316284,1.5399999618530273,1.5499999523162842,879500,0.0,0.0
2025-09-11 00:00:00-04:00,1.5499999523162842,1.690000057220459,1.5399999618530273,1.6100000143051147,1065200,0.0,0.0
2025-09-12 00:00:00-04:00,1.590000033378601,1.6349999904632568,1.5499999523162842,1.559999942779541,1006400,0.0,0.0
2025-09-15 00:00:00-04:00,1.559999942779541,1.63100004196167,1.5299999713897705,1.600000023841858,843300,0.0,0.0
2025-09-16 00:00:00-04:00,1.600000023841858,1.725000023841858,1.590000033378601,1.7100000381469727,1304500,0.0,0.0
2025-09-17 00:00:00-04:00,1.7400000095367432,1.7999999523162842,1.649999976158142,1.6699999570846558,1038100,0.0,0.0
2025-09-18 00:00:00-04:00,1.690000057220459,1.8700000047683716,1.6699999570846558,1.8700000047683716,910300,0.0,0.0
2025-09-19 00:00:00-04:00,1.8600000143051147,1.8799999952316284,1.7999999523162842,1.840000033378601,1885200,0.0,0.0
2025-09-22 00:00:00-04:00,1.850000023841858,1.8700000047683716,1.7799999713897705,1.7799999713897705,651400,0.0,0.0
2025-09-23 00:00:00-04:00,1.7899999618530273,1.8899999856948853,1.75,1.7699999809265137,2550700,0.0,0.0
2025-09-24 00:00:00-04:00,1.7999999523162842,1.940000057220459,1.7799999713897705,1.909999966621399,2040900,0.0,0.0
2025-09-25 00:00:00-04:00,1.909999966621399,1.909999966621399,1.774999976158142,1.809999942779541,898100,0.0,0.0
2025-09-26 00:00:00-04:00,1.809999942779541,2.119999885559082,1.7940000295639038,2.0799999237060547,2535100,0.0,0.0
2025-09-29 00:00:00-04:00,2.0999999046325684,2.1449999809265137,2.015000104904175,2.109999895095825,1550500,0.0,0.0
2025-09-30 00:00:00-04:00,2.0899999141693115,2.309999942779541,2.0299999713897705,2.180000066757202,4202600,0.0,0.0
2025-10-01 00:00:00-04:00,2.1700000762939453,2.3499999046325684,2.0999999046325684,2.2100000381469727,3149100,0.0,0.0
2025-10-02 00:00:00-04:00,2.240000009536743,2.319999933242798,2.125,2.130000114440918,1452900,0.0,0.0
2025-10-03 00:00:00-04:00,2.140000104904175,2.6449999809265137,2.130000114440918,2.4200000762939453,4670000,0.0,0.0
2025-10-06 00:00:00-04:00,2.4100000858306885,2.4100000858306885,2.2750000953674316,2.3299999237060547,2215500,0.0,0.0
2025-10-07 00:00:00-04:00,2.3399999141693115,2.549999952316284,2.2100000381469727,2.4800000190734863,7980700,0.0,0.0
2025-10-08 00:00:00-04:00,2.5199999809265137,2.765000104904175,2.4100000858306885,2.430000066757202,4900300,0.0,0.0
2025-10-09 00:00:00-04:00,2.430000066757202,2.549999952316284,2.4100000858306885,2.450000047683716,2517900,0.0,0.0
2025-10-10 00:00:00-04:00,2.4200000762939453,2.509999990463257,2.3550000190734863,2.4100000858306885,2145500,0.0,0.0
2025-10-13 00:00:00-04:00,2.4200000762939453,2.4600000381469727,2.359999895095825,2.4000000953674316,1116200,0.0,0.0
2025-10-14 00:00:00-04:00,2.3499999046325684,2.424999952316284,2.2799999713897705,2.4100000858306885,842100,0.0,0.0
2025-10-15 00:00:00-04:00,2.430000066757202,2.5399999618530273,2.390000104904175,2.490000009536743,1107900,0.0,0.0
2025-10-16 00:00:00-04:00,2.5899999141693115,2.6500000953674316,2.5,2.5299999713897705,2000200,0.0,0.0
2025-10-17 00:00:00-04:00,2.5199999809265137,2.549999952316284,2.359999895095825,2.4200000762939453,1048100,0.0,0.0
2025-10-20 00:00:00-04:00,2.4800000190734863,2.505000114440918,2.4049999713897705,2.4600000381469727,748900,0.0,0.0
2025-10-21 00:00:00-04:00,2.490000009536743,2.490000009536743,2.3499999046325684,2.380000114440918,1050800,0.0,0.0
2025-10-22 00:00:00-04:00,2.380000114440918,2.4100000858306885,2.194999933242798,2.2699999809265137,1321100,0.0,0.0
2025-10-23 00:00:00-04:00,2.2799999713897705,2.319999933242798,2.174999952316284,2.2100000381469727,862300,0.0,0.0
2025-10-24 00:00:00-04:00,2.25,2.4149999618530273,2.25,2.380000114440918,1182000,0.0,0.0
2025-10-27 00:00:00-04:00,2.4200000762939453,2.505000114440918,2.369999885559082,2.390000104904175,815400,0.0,0.0
2025-10-28 00:00:00-04:00,2.4000000953674316,2.509999990463257,2.359999895095825,2.440000057220459,787900,0.0,0.0
2025-10-29 00:00:00-04:00,2.390000104904175,2.4800000190734863,2.3499999046325684,2.359999895095825,981000,0.0,0.0
2025-10-30 00:00:00-04:00,2.3499999046325684,2.5399999618530273,2.3399999141693115,2.4600000381469727,750300,0.0,0.0
2025-10-31 00:00:00-04:00,2.430000066757202,2.505000114440918,2.390000104904175,2.4200000762939453,1475400,0.0,0.0
2025-11-03 00:00:00-05:00,2.48799991607666,2.48799991607666,2.2799999713897705,2.380000114440918,1081000,0.0,0.0
2025-11-04 00:00:00-05:00,2.380000114440918,2.380000114440918,2.2200000286102295,2.309999942779541,1449600,0.0,0.0
2025-11-05 00:00:00-05:00,2.309999942779541,2.3499999046325684,2.180000066757202,2.200000047683716,1155100,0.0,0.0
2025-11-06 00:00:00-05:00,2.2200000286102295,2.2899999618530273,2.1500000953674316,2.240000009536743,1609600,0.0,0.0
2025-11-07 00:00:00-05:00,2.2300000190734863,2.305000066757202,2.1050000190734863,2.2699999809265137,2477900,0.0,0.0
2025-11-10 00:00:00-05:00,2.299999952316284,2.4100000858306885,2.2799999713897705,2.2899999618530273,966700,0.0,0.0
2025-11-11 00:00:00-05:00,2.2799999713897705,2.4049999713897705,2.2100000381469727,2.359999895095825,1530400,0.0,0.0
2025-11-12 00:00:00-05:00,2.3499999046325684,2.6600000858306885,2.3399999141693115,2.6500000953674316,1895900,0.0,0.0
2025-11-13 00:00:00-05:00,2.6500000953674316,2.6700000762939453,2.4600000381469727,2.5399999618530273,1300900,0.0,0.0
2025-11-14 00:00:00-05:00,2.5399999618530273,2.7249999046325684,2.5,2.5799999237060547,1491700,0.0,0.0
2025-11-17 00:00:00-05:00,2.5799999237060547,2.9000000953674316,2.5199999809265137,2.869999885559082,2209600,0.0,0.0
2025-11-18 00:00:00-05:00,2.869999885559082,2.8919999599456787,2.7100000381469727,2.859999895095825,1239200,0.0,0.0
2025-11-19 00:00:00-05:00,2.859999895095825,3.075000047683716,2.759999990463257,2.759999990463257,2048300,0.0,0.0
2025-11-20 00:00:00-05:00,2.869999885559082,2.940000057220459,2.75,2.7799999713897705,1651700,0.0,0.0
2025-11-21 00:00:00-05:00,2.7799999713897705,3.0,2.750999927520752,2.9200000762939453,1672200,0.0,0.0
2025-11-24 00:00:00-05:00,2.950000047683716,3.005000114440918,2.880000114440918,2.890000104904175,1923500,0.0,0.0
2025-11-25 00:00:00-05:00,2.940000057220459,3.0899999141693115,2.8299999237060547,3.069999933242798,3052200,0.0,0.0
2025-11-26 00:00:00-05:00,3.0799999237060547,3.190000057220459,3.0399999618530273,3.130000114440918,1719300,0.0,0.0
2025-11-28 00:00:00-05:00,3.1500000953674316,3.240000009536743,3.0799999237060547,3.1700000762939453,1286000,0.0,0.0
2025-12-01 00:00:00-05:00,3.1700000762939453,3.180000066757202,2.934999942779541,3.0,1275600,0.0,0.0
2025-12-02 00:00:00-05:00,3.0,3.0350000858306885,2.875,2.890000104904175,1697800,0.0,0.0
2025-12-03 00:00:00-05:00,2.9100000858306885,3.375,2.809999942779541,3.2899999618530273,5035600,0.0,0.0
2025-12-04 00:00:00-05:00,3.2699999809265137,3.3550000190734863,3.1700000762939453,3.190000057220459,3227100,0.0,0.0
2025-12-05 00:00:00-05:00,3.2100000381469727,3.299999952316284,3.125,3.2699999809265137,1660200,0.0,0.0
2025-12-08 00:00:00-05:00,3.2699999809265137,3.4800000190734863,3.2699999809265137,3.3399999141693115,1820600,0.0,0.0
2025-12-09 00:00:00-05:00,3.430000066757202,3.4749999046325684,3.2699999809265137,3.299999952316284,1154700,0.0,0.0
2025-12-10 00:00:00-05:00,3.309999942779541,3.3399999141693115,3.1500000953674316,3.259999990463257,1667600,0.0,0.0
2025-12-11 00:00:00-05:00,3.259999990463257,3.4800000190734863,3.259999990463257,3.380000114440918,3191000,0.0,0.0
2025-12-12 00:00:00-05:00,3.4000000953674316,3.619999885559082,3.369999885559082,3.5999999046325684,1808900,0.0,0.0
2025-12-15 00:00:00-05:00,3.680000066757202,3.799999952316284,3.4100000858306885,3.430000066757202,4050600,0.0,0.0
2025-12-16 00:00:00-05:00,3.4000000953674316,3.6600000858306885,3.3399999141693115,3.5199999809265137,5110400,0.0,0.0
2025-12-17 00:00:00-05:00,3.5199999809265137,3.7100000381469727,3.4700000286102295,3.640000104904175,1944400,0.0,0.0
2025-12-18 00:00:00-05:00,3.6700000762939453,3.7100000381469727,3.509999990463257,3.5999999046325684,1354600,0.0,0.0
2025-12-19 00:00:00-05:00,3.609999895095825,3.765000104904175,3.450000047683716,3.450000047683716,8567800,0.0,0.0
2025-12-22 00:00:00-05:00,3.4700000286102295,3.7149999141693115,3.4100000858306885,3.6500000953674316,1912300,0.0,0.0
2025-12-23 00:00:00-05:00,3.609999895095825,3.6410000324249268,3.319999933242798,3.390000104904175,2934900,0.0,0.0
2025-12-24 00:00:00-05:00,3.380000114440918,3.5299999713897705,3.369999885559082,3.430000066757202,1231400,0.0,0.0
2025-12-26 00:00:00-05:00,3.430000066757202,3.5,3.3550000190734863,3.4800000190734863,1004200,0.0,0.0
2025-12-29 00:00:00-05:00,3.4800000190734863,3.5799999237060547,3.3919999599456787,3.4600000381469727,1621600,0.0,0.0
2025-12-30 00:00:00-05:00,3.4600000381469727,3.5799999237060547,3.390000104904175,3.5399999618530273,1643000,0.0,0.0
2025-12-31 00:00:00-05:00,3.5299999713897705,3.7699999809265137,3.4800000190734863,3.7200000286102295,2069200,0.0,0.0
2026-01-02 00:00:00-05:00,3.7100000381469727,3.744999885559082,3.555000066757202,3.5899999141693115,3449500,0.0,0.0
2026-01-05 00:00:00-05:00,3.569999933242798,3.6500000953674316,3.359999895095825,3.490000009536743,2059300,0.0,0.0
2026-01-06 00:00:00-05:00,3.4600000381469727,3.75,3.450000047683716,3.630000114440918,4540500,0.0,0.0
2026-01-07 00:00:00-05:00,3.7300000190734863,6.489999771118164,3.7200000286102295,5.170000076293945,41378900,0.0,0.0
2026-01-08 00:00:00-05:00,4.354000091552734,6.460000038146973,4.340000152587891,5.809999942779541,19186300,0.0,0.0
2026-01-09 00:00:00-05:00,6.074999809265137,6.849999904632568,5.730000019073486,6.760000228881836,11786300,0.0,0.0
2026-01-12 00:00:00-05:00,6.704999923706055,6.860000133514404,5.889999866485596,6.230000019073486,5775100,0.0,0.0
2026-01-13 00:00:00-05:00,6.179999828338623,7.559999942779541,6.179999828338623,7.505000114440918,9430900,0.0,0.0
2026-01-14 00:00:00-05:00,7.519999980926514,8.449999809265137,7.519999980926514,8.3100004196167,11281200,0.0,0.0
2026-01-15 00:00:00-05:00,8.3100004196167,9.720000267028809,8.039999961853027,9.5600004196167,14487500,0.0,0.0
2026-01-16 00:00:00-05:00,9.520000457763672,9.869999885559082,9.085000038146973,9.619999885559082,11687900,0.0,0.0
2026-01-20 00:00:00-05:00,9.399999618530273,10.420000076293945,9.199999809265137,9.8100004196167,7303200,0.0,0.0
2026-01-21 00:00:00-05:00,9.199999809265137,10.305000305175781,8.770000457763672,10.050000190734863,9087900,0.0,0.0
2026-01-22 00:00:00-05:00,10.300000190734863,10.670000076293945,10.079999923706055,10.289999961853027,11081200,0.0,0.0
2026-01-23 00:00:00-05:00,10.289999961853027,10.479999542236328,9.84000015258789,9.960000038146973,6771500,0.0,0.0
2026-01-26 00:00:00-05:00,9.239999771118164,9.739999771118164,9.050000190734863,9.609999656677246,10013300,0.0,0.0
2026-01-27 00:00:00-05:00,9.75,10.520000457763672,9.633000373840332,10.5,5387600,0.0,0.0
2026-01-28 00:00:00-05:00,10.6899995803833,10.708000183105469,9.885000228881836,10.130000114440918,3004400,0.0,0.0
2026-01-29 00:00:00-05:00,10.140000343322754,10.579999923706055,10.109999656677246,10.3100004196167,4594000,0.0,0.0
2026-01-30 00:00:00-05:00,10.350000381469727,10.600000381469727,10.149999618530273,10.510000228881836,4565300,0.0,0.0
2026-02-02 00:00:00-05:00,10.479999542236328,10.949999809265137,10.220000267028809,10.609999656677246,7167100,0.0,0.0
2026-02-03 00:00:00-05:00,10.925000190734863,11.0,10.279999732971191,10.585000038146973,5670100,0.0,0.0
2026-02-04 00:00:00-05:00,10.579999923706055,11.399999618530273,10.470000267028809,11.239999771118164,4107100,0.0,0.0
2026-02-05 00:00:00-05:00,11.180000305175781,12.239999771118164,11.15999984741211,11.880000114440918,6011200,0.0,0.0
2026-02-06 00:00:00-05:00,11.9399995803833,12.470000267028809,11.899999618530273,12.289999961853027,4304700,0.0,0.0
2026-02-09 00:00:00-05:00,12.220000267028809,12.479999542236328,11.770000457763672,12.010000228881836,2714000,0.0,0.0
2026-02-10 00:00:00-05:00,12.020000457763672,12.295000076293945,11.680000305175781,11.949999809265137,4148100,0.0,0.0
2026-02-11 00:00:00-05:00,11.979999542236328,12.199999809265137,11.404999732971191,11.5600004196167,4739700,0.0,0.0
2026-02-12 00:00:00-05:00,11.869999885559082,12.569999694824219,11.649999618530273,12.3100004196167,3345200,0.0,0.0
2026-02-13 00:00:00-05:00,12.369999885559082,12.6899995803833,11.890000343322754,12.0,3194400,0.0,0.0
2026-02-17 00:00:00-05:00,12.029999732971191,12.479999542236328,11.880000114440918,12.449999809265137,3545000,0.0,0.0
2026-02-18 00:00:00-05:00,12.380000114440918,12.869999885559082,12.3100004196167,12.65999984741211,2835300,0.0,0.0
2026-02-19 00:00:00-05:00,12.699999809265137,13.279999732971191,12.199999809265137,12.390000343322754,3385500,0.0,0.0
2026-02-20 00:00:00-05:00,12.380000114440918,12.760000228881836,12.15999984741211,12.539999961853027,2413100,0.0,0.0
2026-02-23 00:00:00-05:00,12.699999809265137,13.199999809265137,12.649999618530273,13.020000457763672,3560500,0.0,0.0
2026-02-24 00:00:00-05:00,13.039999961853027,14.0,12.930000305175781,13.609999656677246,3608300,0.0,0.0
2026-02-25 00:00:00-05:00,13.631999969482422,14.170000076293945,13.414999961853027,13.460000038146973,3535200,0.0,0.0
2026-02-26 00:00:00-05:00,13.460000038146973,13.614999771118164,12.84000015258789,13.569999694824219,2047300,0.0,0.0
2026-02-27 00:00:00-05:00,13.539999961853027,13.789999961853027,13.210000038146973,13.65999984741211,5972100,0.0,0.0
2026-03-02 00:00:00-05:00,13.260000228881836,14.625,13.09000015258789,14.529999732971191,3903000,0.0,0.0
2026-03-03 00:00:00-05:00,14.220000267028809,14.630000114440918,13.84000015258789,14.100000381469727,2741100,0.0,0.0
2026-03-04 00:00:00-05:00,14.3100004196167,15.270000457763672,14.180000305175781,15.119999885559082,4876800,0.0,0.0
2026-03-05 00:00:00-05:00,14.739999771118164,16.0,14.739999771118164,15.539999961853027,5877800,0.0,0.0
2026-03-06 00:00:00-05:00,15.579999923706055,15.970000267028809,14.970000267028809,15.470000267028809,5052100,0.0,0.0
2026-03-09 00:00:00-04:00,15.600000381469727,16.0,14.960000038146973,15.760000228881836,4157500,0.0,0.0
2026-03-10 00:00:00-04:00,15.755000114440918,16.405000686645508,15.25,15.579999923706055,5073600,0.0,0.0
2026-03-11 00:00:00-04:00,15.399999618530273,15.770000457763672,15.220000267028809,15.5,4767500,0.0,0.0
2026-03-12 00:00:00-04:00,15.300000190734863,15.555000305175781,14.1899995803833,14.649999618530273,6985100,0.0,0.0
2026-03-13 00:00:00-04:00,15.149999618530273,15.5600004196167,13.539999961853027,13.619999885559082,5345500,0.0,0.0
2026-03-16 00:00:00-04:00,14.149999618530273,14.279999732971191,13.479999542236328,13.510000228881836,5908600,0.0,0.0
2026-03-17 00:00:00-04:00,13.510000228881836,13.630000114440918,12.90999984741211,13.359999656677246,5887100,0.0,0.0
2026-03-18 00:00:00-04:00,13.359999656677246,13.989999771118164,13.15999984741211,13.5,4686400,0.0,0.0
2026-03-19 00:00:00-04:00,13.380000114440918,15.289999961853027,13.359999656677246,15.260000228881836,6593100,0.0,0.0
2026-03-20 00:00:00-04:00,15.359999656677246,15.460000038146973,14.579999923706055,14.600000381469727,17307200,0.0,0.0
2026-03-23 00:00:00-04:00,14.649999618530273,15.289999961853027,14.199999809265137,14.319999694824219,5192600,0.0,0.0
2026-03-24 00:00:00-04:00,14.529999732971191,14.949999809265137,13.859999656677246,14.670000076293945,4059800,0.0,0.0
2026-03-25 00:00:00-04:00,14.899999618530273,16.155000686645508,14.899999618530273,15.989999771118164,5661300,0.0,0.0
2026-03-26 00:00:00-04:00,15.890000343322754,16.389999389648438,14.979999542236328,15.15999984741211,4252900,0.0,0.0
2026-03-27 00:00:00-04:00,15.119999885559082,15.515000343322754,14.914999961853027,14.970000267028809,3870200,0.0,0.0
2026-03-30 00:00:00-04:00,15.079999923706055,15.3100004196167,14.539999961853027,14.9399995803833,5229300,0.0,0.0
2026-03-31 00:00:00-04:00,15.390000343322754,16.344999313354492,15.234999656677246,16.18000030517578,6519800,0.0,0.0
2026-04-01 00:00:00-04:00,16.3799991607666,16.809999465942383,16.110000610351562,16.600000381469727,5241400,0.0,0.0
2026-04-02 00:00:00-04:00,16.40999984741211,18.18000030517578,16.290000915527344,17.809999465942383,5480000,0.0,0.0
2026-04-06 00:00:00-04:00,17.809999465942383,18.200000762939453,17.09000015258789,17.1200008392334,5251000,0.0,0.0
2026-04-07 00:00:00-04:00,16.95199966430664,17.06999969482422,16.1200008392334,17.059999465942383,4631200,0.0,0.0
2026-04-08 00:00:00-04:00,17.170000076293945,17.625999450683594,16.799999237060547,16.940000534057617,3840400,0.0,0.0
2026-04-09 00:00:00-04:00,16.940000534057617,17.54800033569336,16.81999969482422,17.360000610351562,3430100,0.0,0.0
2026-04-10 00:00:00-04:00,17.440000534057617,17.5049991607666,16.59000015258789,17.010000228881836,3067600,0.0,0.0
2026-04-13 00:00:00-04:00,17.84000015258789,18.0,14.0,16.309999465942383,14071600,0.0,0.0
2026-04-14 00:00:00-04:00,16.24799919128418,18.100000381469727,16.15999984741211,17.850000381469727,5467100,0.0,0.0
2026-04-15 00:00:00-04:00,17.895000457763672,19.440000534057617,17.704999923706055,18.200000762939453,6459900,0.0,0.0
2026-04-16 00:00:00-04:00,18.1299991607666,18.5,17.625,18.229999542236328,2917900,0.0,0.0
2026-04-17 00:00:00-04:00,18.610000610351562,19.780000686645508,18.44499969482422,19.010000228881836,5255500,0.0,0.0
2026-04-20 00:00:00-04:00,19.010000228881836,21.850000381469727,18.799999237060547,21.709999084472656,7627200,0.0,0.0
2026-04-21 00:00:00-04:00,21.860000610351562,23.274999618530273,20.700000762939453,22.40999984741211,8970100,0.0,0.0
2026-04-22 00:00:00-04:00,22.610000610351562,23.6299991607666,21.540000915527344,21.649999618530273,11240300,0.0,0.0
2026-04-23 00:00:00-04:00,21.75,24.280000686645508,21.450000762939453,22.469999313354492,9454300,0.0,0.0
2026-04-24 00:00:00-04:00,22.459999084472656,22.84000015258789,20.719999313354492,21.489999771118164,5750800,0.0,0.0
2026-04-27 00:00:00-04:00,20.700000762939453,21.665000915527344,19.0,19.149999618530273,22572600,0.0,0.0
2026-04-28 00:00:00-04:00,10.510000228881836,10.600000381469727,8.699999809265137,9.899999618530273,51259600,0.0,0.0
2026-04-29 00:00:00-04:00,9.75,9.789999961853027,9.041000366210938,9.109999656677246,13505200,0.0,0.0
2026-04-30 00:00:00-04:00,9.140000343322754,10.699999809265137,8.899999618530273,10.649999618530273,12711100,0.0,0.0
2026-05-01 00:00:00-04:00,10.385000228881836,11.239999771118164,9.949999809265137,10.029999732971191,9788800,0.0,0.0
2026-05-04 00:00:00-04:00,9.975000381469727,10.399999618530273,9.814000129699707,10.140000343322754,5547500,0.0,0.0
2026-05-05 00:00:00-04:00,10.270000457763672,10.399999618530273,9.770000457763672,9.989999771118164,4442000,0.0,0.0
2026-05-06 00:00:00-04:00,10.180000305175781,10.930000305175781,9.84000015258789,10.899999618530273,6044400,0.0,0.0
2026-05-07 00:00:00-04:00,10.8100004196167,10.880000114440918,10.005000114440918,10.399999618530273,4972200,0.0,0.0
2026-05-08 00:00:00-04:00,10.470000267028809,10.539999961853027,9.9350004196167,10.119999885559082,3133600,0.0,0.0
2026-05-11 00:00:00-04:00,10.449999809265137,10.6899995803833,10.100000381469727,10.4399995803833,3786108,0.0,0.0
