Date,Open,High,Low,Close,Volume,Dividends,Stock Splits
2022-01-03 00:00:00-05:00,10.950697349176489,11.076495617054125,10.774580014088038,11.038755416870117,475400,0.0,0.0
2022-01-04 00:00:00-05:00,11.10794722650503,11.10794722650503,10.598466399838786,10.717974662780762,472500,0.0,0.0
2022-01-05 00:00:00-05:00,10.661364973027448,10.724262918830604,10.158173008692291,10.16446304321289,305900,0.0,0.0
2022-01-06 00:00:00-05:00,10.170752421424407,10.315419606958692,9.96947612855908,10.239941596984863,224100,0.0,0.0
2022-01-07 00:00:00-05:00,10.258813148351404,10.328002341775825,10.032377260414412,10.13930606842041,224600,0.0,0.0
2022-01-10 00:00:00-05:00,10.095274356641212,10.208492584143224,9.749330839008593,10.192768096923828,282700,0.0,0.0
2022-01-11 00:00:00-05:00,10.18333228013933,10.466376611269768,10.133013207958275,10.359448432922363,403400,0.0,0.0
2022-01-12 00:00:00-05:00,10.460088098376742,10.670800068571017,10.29026195488311,10.35315990447998,394100,0.0,0.0
2022-01-13 00:00:00-05:00,10.384607860217011,10.45379702963248,9.969475243126672,9.982054710388184,362200,0.0,0.0
2022-01-14 00:00:00-05:00,9.963067420062888,10.03902466069886,9.716206538909601,9.931418418884277,342900,0.1,0.0
2022-01-18 00:00:00-05:00,9.779501265707438,9.85545848559077,9.6263209628242,9.697214126586914,360200,0.0,0.0
2022-01-19 00:00:00-05:00,9.811152101493091,9.906098493271573,9.595939636230469,9.595939636230469,176400,0.0,0.0
2022-01-20 00:00:00-05:00,9.671896073733114,9.975725588976527,9.583279609680176,9.583279609680176,321800,0.0,0.0
2022-01-21 00:00:00-05:00,9.570621996821627,9.641515788214372,9.114877919738351,9.178175926208496,367700,0.0,0.0
2022-01-24 00:00:00-05:00,9.019931714243006,9.507324805398385,8.608496474002509,9.48200511932373,543600,0.0,0.0
2022-01-25 00:00:00-05:00,9.24780091819614,9.361737059646996,9.057908153983874,9.159184455871582,357500,0.0,0.0
2022-01-26 00:00:00-05:00,9.317430898240191,9.49466446591399,8.956633238050394,9.038920402526855,283000,0.0,0.0
2022-01-27 00:00:00-05:00,9.241472571021276,9.292110727274453,8.836366717341427,8.912323951721191,444200,0.0,0.0
2022-01-28 00:00:00-05:00,9.0325913564435,9.178175926208496,8.716102531401829,9.178175926208496,287500,0.0,0.0
2022-01-31 00:00:00-05:00,9.39338725413227,9.716205960353626,9.247802098841392,9.68455696105957,511300,0.0,0.0
2022-02-01 00:00:00-05:00,9.722535856221732,9.950408181784137,9.62125953537377,9.931418418884277,247500,0.0,0.0
2022-02-02 00:00:00-05:00,10.020035240101805,10.020035240101805,9.757349563383576,9.87445068359375,126200,0.0,0.0
2022-02-03 00:00:00-05:00,9.640245516901826,9.659235273542087,9.330086735629061,9.355405807495117,219900,0.0,0.0
2022-02-04 00:00:00-05:00,9.3364220946264,9.684559988377297,9.3364220946264,9.58961296081543,214300,0.0,0.0
2022-02-07 00:00:00-05:00,9.608602469847787,9.834575145833067,9.488336358904697,9.507326126098633,191000,0.0,0.0
2022-02-08 00:00:00-05:00,9.488333403599157,9.678226790810555,9.45035508834954,9.595939636230469,130600,0.0,0.0
2022-02-09 00:00:00-05:00,9.722537539049366,10.007377995304047,9.722537539049366,9.975728988647461,254000,0.0,0.0
2022-02-10 00:00:00-05:00,9.811151246975763,10.013703853743925,9.5959388004574,9.7225341796875,278800,0.0,0.0
2022-02-11 00:00:00-05:00,9.627589247394521,9.906099123681967,9.222483369140123,9.380727767944336,265100,0.0,0.0
2022-02-14 00:00:00-05:00,9.367978550965711,9.476315767907746,9.176795191200055,9.28513240814209,152500,0.1,0.0
2022-02-15 00:00:00-05:00,9.412590798119757,9.552791437814706,9.365432025428177,9.444454193115234,234900,0.0,0.0
2022-02-16 00:00:00-05:00,9.431710384468955,9.591029814585811,9.25964510822016,9.540047645568848,207200,0.0,0.0
2022-02-17 00:00:00-05:00,9.552792432544578,9.552792432544578,9.13856217691665,9.202289581298828,138900,0.0,0.0
2022-02-18 00:00:00-05:00,9.323372226378918,9.323372226378918,8.985615237197877,9.055715560913086,174900,0.0,0.0
2022-02-22 00:00:00-05:00,8.92825985711836,9.132188506862374,8.698839518401028,8.851786613464355,381300,0.0,0.0
2022-02-23 00:00:00-05:00,8.92188893709965,8.97924403465045,8.507658622407918,8.520403861999512,309400,0.0,0.0
2022-02-24 00:00:00-05:00,8.380203061505126,8.947380538175468,8.227256531084636,8.941007614135742,421500,0.0,0.0
2022-02-25 00:00:00-05:00,8.966500576601236,9.042973857794939,8.84541803331678,9.030228614807129,228600,0.0,0.0
2022-02-28 00:00:00-05:00,9.023852976736926,9.121993931589635,8.794433202122665,9.049344062805176,258500,0.0,0.0
2022-03-01 00:00:00-05:00,8.960124810060533,9.100325467738578,8.858159866628254,8.928260803222656,266400,0.0,0.0
2022-03-02 00:00:00-05:00,8.928261700064992,9.144936239021014,8.819924430586982,9.068462371826172,172400,0.0,0.0
2022-03-03 00:00:00-05:00,9.164054678674985,9.221409776925386,8.673350489426417,8.705214500427246,176900,0.0,0.0
2022-03-04 00:00:00-05:00,8.686094470622372,8.781685875330494,8.335591640433709,8.399319648742676,243800,0.0,0.0
2022-03-07 00:00:00-05:00,8.354707997024239,8.494909220397796,7.92773201365197,7.946850776672363,309800,0.0,0.0
2022-03-08 00:00:00-05:00,7.870379283159905,7.985088847798052,7.711059869393553,7.749296188354492,487300,0.0,0.0
2022-03-09 00:00:00-05:00,7.9277354324916764,8.15715582563246,7.87038094196194,8.11254596710205,402400,0.0,0.0
2022-03-10 00:00:00-05:00,7.972344398498536,8.048180116325952,7.814299432046652,7.972344398498535,243600,0.0,0.0
2022-03-11 00:00:00-05:00,8.004208098886547,8.053915194989484,7.813024669258861,7.8321428298950195,261500,0.0,0.0
2022-03-14 00:00:00-04:00,7.825716326107524,7.934942298123939,7.440212823374186,7.485188007354736,259100,0.1,0.0
2022-03-15 00:00:00-04:00,7.543016173478343,7.857843794483737,7.543016173478343,7.812868595123291,181700,0.0,0.0
2022-03-16 00:00:00-04:00,7.870692057885196,8.249770385650466,7.8674794569857145,8.211219787597656,363300,0.0,0.0
2022-03-17 00:00:00-04:00,8.15339323756006,8.622422497101892,8.15339323756006,8.603147506713867,288900,0.0,0.0
2022-03-18 00:00:00-04:00,8.641700745873187,8.821602153722624,8.577450549440382,8.802327156066895,247800,0.0,0.0
2022-03-21 00:00:00-04:00,8.705946836454906,8.770196998064353,8.461794751761099,8.673821449279785,271300,0.0,0.0
2022-03-22 00:00:00-04:00,8.64169883525727,8.975801988708175,8.64169883525727,8.930826187133789,303300,0.0,0.0
2022-03-23 00:00:00-04:00,8.866577896053293,8.956528292905547,8.69310108028202,8.770201683044434,199000,0.0,0.0
2022-03-24 00:00:00-04:00,8.763777017446722,9.085029832580883,8.673826008622354,9.046479225158691,208700,0.0,0.0
2022-03-25 00:00:00-04:00,9.078602372187184,9.078602372187184,8.76377483868291,8.8922758102417,136800,0.0,0.0
2022-03-28 00:00:00-04:00,8.879427167903604,9.027203774062658,8.834451972122674,8.97580337524414,128600,0.0,0.0
2022-03-29 00:00:00-04:00,9.123576899759636,9.245653273474726,9.033626532538959,9.162127494812012,203200,0.0,0.0
2022-03-30 00:00:00-04:00,9.23280498791426,9.23280498791426,8.892277206624074,8.950102806091309,173100,0.0,0.0
2022-03-31 00:00:00-04:00,9.027203416177018,9.174979403736371,8.91155221704983,8.962952613830566,230000,0.0,0.0
2022-04-01 00:00:00-04:00,9.040057296955968,9.168558959757899,8.94882194969482,9.104308128356934,235800,0.0,0.0
2022-04-04 00:00:00-04:00,9.078604199027652,9.219955602556212,9.059329202600466,9.149279594421387,233400,0.0,0.0
2022-04-05 00:00:00-04:00,9.149280705323443,9.149280705323443,8.715589250236068,8.73165225982666,145200,0.0,0.0
2022-04-06 00:00:00-04:00,8.545323969311415,8.673824957240848,8.448947768808557,8.53247356414795,311000,0.0,0.0
2022-04-07 00:00:00-04:00,8.538897436483714,8.648123412393048,8.442521863735923,8.5067720413208,193300,0.0,0.0
2022-04-08 00:00:00-04:00,8.545321916621797,8.590297098408255,8.166243633733371,8.198369026184082,580400,0.0,0.0
2022-04-11 00:00:00-04:00,8.121273582952764,8.224074413551701,8.031322549808051,8.076297760009766,359900,0.0,0.0
2022-04-12 00:00:00-04:00,8.281897377327272,8.314022167028664,7.992769368086054,8.044170379638672,183100,0.0,0.0
2022-04-13 00:00:00-04:00,8.044170630393443,8.259409424163023,7.992769617238541,8.179096221923828,289000,0.0,0.0
2022-04-14 00:00:00-04:00,8.13376327276057,8.192046087588965,7.926533222198486,7.926533222198486,294300,0.1,0.0
2022-04-18 00:00:00-04:00,7.829396053142764,7.900631029732201,7.719305241763834,7.7905402183532715,471100,0.0,0.0
2022-04-19 00:00:00-04:00,7.803494379601576,8.039865634156946,7.771114611866923,7.991296291351318,244900,0.0,0.0
2022-04-20 00:00:00-04:00,8.075483263744658,8.075483263744658,7.926536582461071,7.945964813232422,215600,0.0,0.0
2022-04-21 00:00:00-04:00,8.03015009011511,8.107861765891611,7.730962299949651,7.751685619354248,277400,0.0,0.0
2022-04-22 00:00:00-04:00,7.706355038711057,7.797018264406171,7.576836585998535,7.576836585998535,311500,0.0,0.0
2022-04-25 00:00:00-04:00,7.55093232231201,7.712183293213523,7.537980786820177,7.68692684173584,161000,0.0,0.0
2022-04-26 00:00:00-04:00,7.596264628558539,7.667500244768472,7.4343663991253965,7.4473185539245605,298700,0.0,0.0
2022-04-27 00:00:00-04:00,7.544453884740478,7.628641000665398,7.401983950952881,7.47321891784668,412300,0.0,0.0
2022-04-28 00:00:00-04:00,7.557405718221753,7.70635172030586,7.3566517397687905,7.648068904876709,691900,0.0,0.0
2022-04-29 00:00:00-04:00,7.641595069743691,7.784065656921278,7.395509734652445,7.421413421630859,382100,0.0,0.0
2022-05-02 00:00:00-04:00,7.363131641681039,7.686928111152991,7.3585985108714,7.6675004959106445,448200,0.0,0.0
2022-05-03 00:00:00-04:00,7.7128306669442965,7.756866876544869,7.557408532733103,7.622168064117432,367200,0.0,0.0
2022-05-04 00:00:00-04:00,7.622166189466552,7.926534306373472,7.462858201405477,7.8941545486450195,316100,0.0,0.0
2022-05-05 00:00:00-04:00,7.784063701076576,7.784063701076576,7.396155113333402,7.47321891784668,313100,0.0,0.0
2022-05-06 00:00:00-04:00,7.479696279726806,7.479696279726806,7.155899909328179,7.27246618270874,354600,0.0,0.0
2022-05-09 00:00:00-04:00,7.123521277483474,7.201232344581265,6.702586176305606,6.7349653244018555,486500,0.0,0.0
2022-05-10 00:00:00-04:00,6.896861822883249,7.019904778433162,6.5730654815724385,6.825626850128174,523000,0.0,0.0
2022-05-11 00:00:00-04:00,6.825625445324805,6.955143831674042,6.663727307990163,6.68963098526001,371500,0.0,0.0
2022-05-12 00:00:00-04:00,6.56659002411653,6.832102925176592,6.514782658914201,6.825626850128174,505800,0.0,0.0
2022-05-13 00:00:00-04:00,6.956387310197772,7.288515186701874,6.956387310197772,7.2440571784973145,197900,0.1,0.0
2022-05-16 00:00:00-04:00,7.263671324069904,7.31597493970523,6.989077030230303,7.0283050537109375,309300,0.0,0.0
2022-05-17 00:00:00-04:00,7.191751289019441,7.283282893524404,7.002150598158342,7.198289394378662,391600,0.0,0.0
2022-05-18 00:00:00-04:00,7.1459886307059115,7.177370426553307,6.8387044156244015,6.9236979484558105,289000,0.0,0.0
2022-05-19 00:00:00-04:00,6.825628180939743,7.134219892060467,6.8060144806505605,6.982539653778076,314400,0.0,0.0
2022-05-20 00:00:00-04:00,7.054456818406656,7.145988456963109,6.7994762261118575,7.008691310882568,389300,0.0,0.0
2022-05-23 00:00:00-04:00,7.008689502181189,7.093683011012224,6.917157887245893,6.989075183868408,374800,0.0,0.0
2022-05-24 00:00:00-04:00,6.806013561156037,6.9629243892873784,6.662178323614871,6.6687164306640625,503000,0.0,0.0
2022-05-25 00:00:00-04:00,6.642566432150076,6.855049980959347,6.642566432150076,6.766788005828857,363700,0.0,0.0
2022-05-26 00:00:00-04:00,6.812553899379054,7.008692810534625,6.766788382062505,6.9694647789001465,584200,0.0,0.0
2022-05-27 00:00:00-04:00,7.0871469973130985,7.2571340651620515,7.0086915714231885,7.23751974105835,336500,0.0,0.0
2022-05-31 00:00:00-04:00,7.244057849092917,7.322513274982826,7.113298805943068,7.23751974105835,404100,0.0,0.0
2022-06-01 00:00:00-04:00,7.2440543691295325,7.381351454357951,7.211364468168861,7.263668060302734,520900,0.0,0.0
2022-06-02 00:00:00-04:00,7.237519582038326,7.623259218486281,7.11329864965238,7.597107410430908,313100,0.0,0.0
2022-06-03 00:00:00-04:00,7.551338756020754,7.551338756020754,7.374813657563207,7.4467315673828125,258900,0.0,0.0
2022-06-06 00:00:00-04:00,7.570954779422961,7.603644691815899,7.387892142934018,7.433657646179199,182900,0.0,0.0
2022-06-07 00:00:00-04:00,7.400965454722693,7.534993493103559,7.355199965570599,7.4467315673828125,597700,0.0,0.0
2022-06-08 00:00:00-04:00,7.41404373176973,7.518650949567619,7.302898406982422,7.302898406982422,263400,0.0,0.0
2022-06-09 00:00:00-04:00,7.2832858511450365,7.335589468242341,7.119836891838886,7.159064292907715,243500,0.0,0.0
2022-06-10 00:00:00-04:00,6.949849756749452,7.0806087982176615,6.8517800080170765,6.9236979484558105,276300,0.0,0.0
2022-06-13 00:00:00-04:00,6.662178370747958,6.806013609306718,6.341818605169626,6.407198429107666,409600,0.0,0.0
2022-06-14 00:00:00-04:00,6.473252852825764,6.565727488621426,6.3015133435820925,6.393988609313965,391000,0.1,0.0
2022-06-15 00:00:00-04:00,6.578937328044987,6.704438866891281,6.446830279276233,6.63178014755249,320600,0.0,0.0
2022-06-16 00:00:00-04:00,6.433620088166199,6.479858033643393,6.142984543437257,6.1892218589782715,313100,0.0,0.0
2022-06-17 00:00:00-04:00,6.1826141361044336,6.334537679853044,6.176009257630458,6.235456943511963,327000,0.0,0.0
2022-06-21 00:00:00-04:00,6.308119246873953,6.479858766794836,6.308119246873953,6.42701530456543,498000,0.0,0.0
2022-06-22 00:00:00-04:00,6.341145366700323,6.585543592404708,6.341145366700323,6.499673843383789,406800,0.0,0.0
2022-06-23 00:00:00-04:00,6.565726416957033,6.697834097850164,6.4071979558086065,6.5921478271484375,489500,0.0,0.0
2022-06-24 00:00:00-04:00,6.6714122300500724,6.82994068032464,6.618569413291883,6.82333517074585,388900,0.0,0.0
2022-06-27 00:00:00-04:00,6.843149778837507,6.968651917418891,6.737464165254835,6.84975528717041,325100,0.0,0.0
2022-06-28 00:00:00-04:00,6.922418062310213,7.047920274739544,6.6846252918273,6.730862617492676,290400,0.0,0.0
2022-06-29 00:00:00-04:00,6.757281686398783,6.757281686398783,6.5426076534075435,6.63178014755249,285800,0.0,0.0
2022-06-30 00:00:00-04:00,6.631780696237941,6.651596597708714,6.420409400719967,6.552516460418701,250500,0.0,0.0
2022-07-01 00:00:00-04:00,6.486461307189891,6.730859475818004,6.486461307189891,6.678016662597656,286300,0.0,0.0
2022-07-05 00:00:00-04:00,6.644990821670977,6.82333517074585,6.542607313007929,6.82333517074585,184600,0.0,0.0
2022-07-06 00:00:00-04:00,6.882783722822222,6.942232051108969,6.717649757552852,6.790308475494385,384800,0.0,0.0
2022-07-07 00:00:00-04:00,6.829939088468072,6.955440591534072,6.790306670168541,6.895992279052734,337800,0.0,0.0
2022-07-08 00:00:00-04:00,6.8629679898396345,6.942232219499228,6.75067684033785,6.882783889770508,172800,0.0,0.0
2022-07-11 00:00:00-04:00,6.88278241392893,6.9158093266893195,6.697832584381103,6.6978325843811035,205500,0.0,0.0
2022-07-12 00:00:00-04:00,6.783700181740953,6.810121577690052,6.516182839078574,6.5260910987854,326100,0.0,0.0
2022-07-13 00:00:00-04:00,6.420408736181298,6.651595909241224,6.407197716610745,6.605358600616455,138900,0.0,0.0
2022-07-14 00:00:00-04:00,6.471917212998036,6.571998790760869,6.438556687077091,6.5453104972839355,173900,0.1,0.0
2022-07-15 00:00:00-04:00,6.5853417535003045,6.732127666473389,6.538637405131197,6.732127666473389,205800,0.0,0.0
2022-07-18 00:00:00-04:00,6.805523308213044,6.838883844470321,6.638721263225963,6.665409564971924,183500,0.0,0.0
2022-07-19 00:00:00-04:00,6.785504758367117,6.885585694223051,6.7254559423339275,6.83220911026001,298500,0.0,0.0
2022-07-20 00:00:00-04:00,6.918947079029551,7.039044726036734,6.8522266589249,7.019028663635254,190800,0.0,0.0
2022-07-21 00:00:00-04:00,7.09241979940202,7.132451915641154,6.918945598901733,7.079075336456299,200800,0.0,0.0
2022-07-22 00:00:00-04:00,7.152469161613339,7.152469161613339,6.83888125749612,6.898930072784424,259900,0.0,0.0
2022-07-25 00:00:00-04:00,6.912273081303328,6.958978063381039,6.832208215840238,6.9189453125,194900,0.0,0.0
2022-07-26 00:00:00-04:00,6.952308626420224,6.952308626420224,6.756816500619694,6.765490531921387,203900,0.0,0.0
2022-07-27 00:00:00-04:00,6.8055227136011975,7.092422409527766,6.8055227136011975,7.039045810699463,196000,0.0,0.0
2022-07-28 00:00:00-04:00,7.165814927957525,7.165814927957525,6.98566906965429,7.1324543952941895,285700,0.0,0.0
2022-07-29 00:00:00-04:00,7.165817435440471,7.325947284698485,7.099096983066028,7.325947284698486,309700,0.0,0.0
2022-08-01 00:00:00-04:00,7.3259423382179145,7.532777064412516,7.12578047994453,7.472728252410889,338700,0.0,0.0
2022-08-02 00:00:00-04:00,7.406010827288339,7.599501168151945,7.3466288327579745,7.479403495788574,245600,0.0,0.0
2022-08-03 00:00:00-04:00,7.606171670551292,7.788986791967094,7.526106779274868,7.779645919799805,201400,0.0,0.0
2022-08-04 00:00:00-04:00,7.799661090771865,7.799661090771865,7.646203559132055,7.732940673828125,193700,0.0,0.0
2022-08-05 00:00:00-04:00,7.712925712014878,7.782982255238708,7.612844117881849,7.739614009857178,176700,0.0,0.0
2022-08-08 00:00:00-04:00,7.799660941437612,7.806333173893974,7.572810764613283,7.606170654296875,234700,0.0,0.0
2022-08-09 00:00:00-04:00,7.512764162264741,7.518101440765676,7.372650420826436,7.399338722229004,144400,0.0,0.0
2022-08-10 00:00:00-04:00,7.572811989268007,7.772973904935641,7.566139755732629,7.739614009857178,161000,0.0,0.0
2022-08-11 00:00:00-04:00,7.819678954237173,7.849703369042416,7.679565230579112,7.706253528594971,253900,0.0,0.0
2022-08-12 00:00:00-04:00,7.712983014252265,7.874511299758113,7.712983014252265,7.840859413146973,146500,0.1,0.0
2022-08-15 00:00:00-04:00,7.827399094280178,7.874511350726904,7.766825826359329,7.84758996963501,171200,0.0,0.0
2022-08-16 00:00:00-04:00,7.766826313633282,7.827399585354367,7.64567977019111,7.746635437011719,114500,0.0,0.0
2022-08-17 00:00:00-04:00,7.598567258091154,7.75336568532556,7.578376382141057,7.6927924156188965,161600,0.0,0.0
2022-08-18 00:00:00-04:00,7.679329562670838,7.787015064396179,7.620102279979413,7.760093688964844,178800,0.0,0.0
2022-08-19 00:00:00-04:00,7.578375556966484,7.638948820077603,7.47741990449585,7.484150409698486,206400,0.0,0.0
2022-08-22 00:00:00-04:00,7.356272951725671,7.4134809539267446,7.201474563829034,7.228395938873291,427100,0.0,0.0
2022-08-23 00:00:00-04:00,7.228397883030177,7.376465806526189,7.228397883030177,7.33608341217041,408800,0.0,0.0
2022-08-24 00:00:00-04:00,7.363006950742766,7.514440171604308,7.346181322583292,7.389928340911865,288300,0.0,0.0
2022-08-25 00:00:00-04:00,7.389925938535611,7.558184732857712,7.389925938535611,7.53126335144043,201500,0.0,0.0
2022-08-26 00:00:00-04:00,7.564914225036696,7.564914225036696,7.275509574042972,7.2822394371032715,145400,0.0,0.0
2022-08-29 00:00:00-04:00,7.235126816128137,7.302430578136943,7.201474935123734,7.255317687988281,135800,0.0,0.0
2022-08-30 00:00:00-04:00,7.214938477435109,7.295702635088251,7.147634691795924,7.235129356384277,237700,0.0,0.0
2022-08-31 00:00:00-04:00,7.336081922078318,7.403385685048534,7.248587928815793,7.2687788009643555,191000,0.0,0.0
2022-09-01 00:00:00-04:00,7.080330891843035,7.18128591908933,7.006296606129769,7.147634029388428,305500,0.0,0.0
2022-09-02 00:00:00-04:00,7.201475675970222,7.3360825719791745,7.087059653898535,7.167823791503906,189900,0.0,0.0
2022-09-06 00:00:00-04:00,7.1341709846327594,7.201474096951985,6.979372606771819,6.992833614349365,212500,0.0,0.0
2022-09-07 00:00:00-04:00,6.938993112192069,7.174555044286909,6.932262606226291,7.1207122802734375,172000,0.0,0.0
2022-09-08 00:00:00-04:00,7.120712848332705,7.251954515853377,7.0937914641783,7.194746494293213,188600,0.0,0.0
2022-09-09 00:00:00-04:00,7.17455511846006,7.403387188811248,7.17455511846006,7.33608341217041,155800,0.0,0.0
2022-09-12 00:00:00-04:00,7.396656465325376,7.423577846818986,7.268780063694817,7.329353332519531,259200,0.0,0.0
2022-09-13 00:00:00-04:00,7.01975536123605,7.143593813372953,6.945721099331816,6.979372978210449,219100,0.0,0.0
2022-09-14 00:00:00-04:00,6.999762408636589,7.108496476264113,6.938599333569566,7.060925483703613,263000,0.1,0.0
2022-09-15 00:00:00-04:00,6.972577529632339,7.094903007763862,6.897822386662256,6.918210506439209,174200,0.0,0.0
2022-09-16 00:00:00-04:00,6.816270480200702,6.843453986326995,6.714332494253578,6.782290935516357,261400,0.0,0.0
2022-09-19 00:00:00-04:00,6.700743741331601,6.857049465179443,6.700743741331601,6.857049465179443,246800,0.0,0.0
2022-09-20 00:00:00-04:00,6.795885866327004,6.843456859997315,6.6667643200335105,6.775498390197754,284200,0.0,0.0
2022-09-21 00:00:00-04:00,6.7483148399406385,6.918211985775146,6.700743198394775,6.700743198394775,237800,0.0,0.0
2022-09-22 00:00:00-04:00,6.666762735300736,6.666762735300736,6.490069589231858,6.537640571594238,306000,0.0,0.0
2022-09-23 00:00:00-04:00,6.42211129915442,6.50298262749761,6.231826697549296,6.347356796264648,463600,0.0,0.0
2022-09-26 00:00:00-04:00,6.238622702119393,6.476478290723476,6.238622702119393,6.292989730834961,273500,0.0,0.0
2022-09-27 00:00:00-04:00,6.320174547976835,6.449296105765742,6.3065824639431405,6.354154109954834,351900,0.0,0.0
2022-09-28 00:00:00-04:00,6.422109397941638,6.571619007566196,6.36774238500651,6.544435501098633,287500,0.0,0.0
2022-09-29 00:00:00-04:00,6.490070766454527,6.496866807483597,6.299786154383585,6.388132095336914,214200,0.0,0.0
2022-09-30 00:00:00-04:00,6.442497707559717,6.578415905762885,6.401722766583568,6.415314197540283,222500,0.0,0.0
2022-10-03 00:00:00-04:00,6.469683271061447,6.768701946229515,6.443178970374155,6.632784366607666,296200,0.0,0.0
2022-10-04 00:00:00-04:00,6.782293231565926,6.952190364398011,6.782293231565926,6.897823333740234,238200,0.0,0.0
2022-10-05 00:00:00-04:00,6.863844853301903,6.863844853301903,6.680355627320244,6.816273212432861,157500,0.0,0.0
2022-10-06 00:00:00-04:00,6.727924620131875,6.897821713045367,6.673557602248036,6.68035364151001,243800,0.0,0.0
2022-10-07 00:00:00-04:00,6.5716210632649075,6.590649458933969,6.476478436813478,6.510457992553711,178400,0.0,0.0
2022-10-10 00:00:00-04:00,6.4696827508940835,6.496866264632879,6.2726014661552085,6.306581020355225,248600,0.0,0.0
2022-10-11 00:00:00-04:00,6.231824848612958,6.313375367962575,6.1502743292633415,6.204641342163086,212400,0.0,0.0
2022-10-12 00:00:00-04:00,6.1842551643279355,6.25900966063167,6.170663084214865,6.238622188568115,172900,0.0,0.0
2022-10-13 00:00:00-04:00,6.15027704906913,6.333765636722515,5.995330410488268,6.272602558135986,233200,0.0,0.0
2022-10-14 00:00:00-04:00,6.361916329381575,6.389397582534648,5.984048607123254,5.997788906097412,309000,0.1,0.0
2022-10-17 00:00:00-04:00,6.0939734295275745,6.203898438708835,6.073362654107273,6.100843906402588,443900,0.0,0.0
2022-10-18 00:00:00-04:00,6.279473003861965,6.310389497696234,6.1420660733964105,6.2519917488098145,431400,0.0,0.0
2022-10-19 00:00:00-04:00,6.251989695241788,6.284966797349619,6.093972039191799,6.121453285217285,342700,0.0,0.0
2022-10-20 00:00:00-04:00,6.087103347932189,6.279472781696069,6.087103347932189,6.16267728805542,280600,0.0,0.0
2022-10-21 00:00:00-04:00,6.121455326979571,6.279473035735098,6.100844549387043,6.272602558135986,258900,0.0,0.0
2022-10-24 00:00:00-04:00,6.286342989667886,6.471841957496522,6.217640177853622,6.423749923706055,421400,0.0,0.0
2022-10-25 00:00:00-04:00,6.423750200014295,6.684821813424862,6.423750200014295,6.650470733642578,385900,0.0,0.0
2022-10-26 00:00:00-04:00,6.636730564091986,6.7260448235613195,6.478713481711188,6.485583305358887,335600,0.0,0.0
2022-10-27 00:00:00-04:00,6.526803710548617,6.602376991323367,6.382526970738827,6.416878700256348,373600,0.0,0.0
2022-10-28 00:00:00-04:00,6.403137533431092,6.5542847451589346,6.389397235203864,6.526803493499756,384300,0.0,0.0
2022-10-31 00:00:00-04:00,6.451229709942116,6.629857504133296,6.451229709942116,6.609246730804443,416400,0.0,0.0
2022-11-01 00:00:00-04:00,6.657337936835524,6.753522625910164,6.616116395235385,6.66420841217041,319200,0.0,0.0
2022-11-02 00:00:00-04:00,6.698560236271254,6.698560236271254,6.327563080162876,6.334433555603027,271700,0.0,0.0
2022-11-03 00:00:00-04:00,6.224509826304812,6.348862442941128,6.183287620544434,6.183287620544434,223100,0.0,0.0
2022-11-04 00:00:00-04:00,6.2726026102540695,6.389398109590171,6.135196333154188,6.190158843994141,196400,0.0,0.0
2022-11-07 00:00:00-05:00,6.197028910218594,6.265731716604828,6.142065747822932,6.231379985809326,376900,0.0,0.0
2022-11-08 00:00:00-05:00,6.279471602742829,6.508939998467468,6.238249401759984,6.451229572296143,416300,0.0,0.0
2022-11-09 00:00:00-05:00,6.389395943526709,6.410006714303249,6.293211254561872,6.300081729888916,266600,0.0,0.0
2022-11-10 00:00:00-05:00,6.5130642001081975,6.750090465584475,6.5130642001081975,6.732914924621582,508200,0.0,0.0
2022-11-11 00:00:00-05:00,6.712304223775322,7.011162833373936,6.698563266678657,6.987116813659668,411800,0.0,0.0
2022-11-14 00:00:00-05:00,6.938546009552784,6.938546009552784,6.765082359313965,6.765082359313965,516100,0.1,0.0
2022-11-15 00:00:00-05:00,6.917729760469604,7.039154434001253,6.869159494030203,6.952422618865967,383200,0.0,0.0
2022-11-16 00:00:00-05:00,6.910792974032248,6.910792974032248,6.758144751758669,6.792837619781494,355200,0.0,0.0
2022-11-17 00:00:00-05:00,6.681819886604688,6.820590674453482,6.6748811817844205,6.765082359313965,258900,0.0,0.0
2022-11-18 00:00:00-05:00,6.792835172117519,6.8552821797147745,6.68875726726288,6.730388164520264,278700,0.0,0.0
2022-11-21 00:00:00-05:00,6.667942654247527,6.772021244184788,6.654065905949357,6.709574222564697,284500,0.0,0.0
2022-11-22 00:00:00-05:00,6.6956967022814355,6.8275294483551665,6.619372933620179,6.813652038574219,242200,0.0,0.0
2022-11-23 00:00:00-05:00,6.785898156692665,6.931607656761741,6.785898156692665,6.88303804397583,205300,0.0,0.0
2022-11-25 00:00:00-05:00,6.889974376324008,6.889974376324008,6.78589581971159,6.8691582679748535,55700,0.0,0.0
2022-11-28 00:00:00-05:00,6.76508125187285,6.869159160294105,6.716511649504425,6.7373270988464355,354800,0.0,0.0
2022-11-29 00:00:00-05:00,6.772021244184788,6.806714107497208,6.688758769261778,6.709574222564697,305600,0.0,0.0
2022-11-30 00:00:00-05:00,6.730388275364976,6.938544750213623,6.69569541927167,6.938544750213623,307700,0.0,0.0
2022-12-01 00:00:00-05:00,6.94548415561745,7.112009087639277,6.9177300002804785,7.014869213104248,370200,0.0,0.0
2022-12-02 00:00:00-05:00,6.848344476682822,6.9940539617914474,6.841405772222584,6.8760986328125,606600,0.0,0.0
2022-12-05 00:00:00-05:00,6.876100106009423,6.959362592237351,6.744268001576391,6.792837619781494,295400,0.0,0.0
2022-12-06 00:00:00-05:00,6.73732656465477,6.77201941861485,6.584678404257111,6.591617107391357,290300,0.0,0.0
2022-12-07 00:00:00-05:00,6.563865083862399,6.6887591339114,6.549987673096346,6.598557949066162,475200,0.0,0.0
2022-12-08 00:00:00-05:00,6.619372737280821,6.792836384129596,6.619372737280821,6.723450660705566,460400,0.0,0.0
2022-12-09 00:00:00-05:00,6.633249529386875,6.737327443126553,6.6263108253479,6.6263108253479,231200,0.0,0.0
2022-12-12 00:00:00-05:00,6.626312524992657,6.7616139799012185,6.626312524992657,6.751205921173096,342300,0.0,0.0
2022-12-13 00:00:00-05:00,6.966301277634939,7.05997182250683,6.785898893817537,6.80671501159668,637700,0.0,0.0
2022-12-14 00:00:00-05:00,6.827744717353359,6.9328951935891805,6.782179978952825,6.862794876098633,598800,0.1,0.0
2022-12-15 00:00:00-05:00,6.897844252858612,6.897844252858612,6.631464012529801,6.708573818206787,699500,0.0,0.0
2022-12-16 00:00:00-05:00,6.659500987654621,6.736610758421335,6.589400709847939,6.61043119430542,990100,0.0,0.0
2022-12-19 00:00:00-05:00,6.617442261985672,6.617442261985672,6.414152210201312,6.456212520599365,393500,0.0,0.0
2022-12-20 00:00:00-05:00,6.386111105872248,6.512291346406167,6.386111105872248,6.463221549987793,580100,0.0,0.0
2022-12-21 00:00:00-05:00,6.547343787697808,6.547343787697808,6.44219332746974,6.519303798675537,502200,0.0,0.0
2022-12-22 00:00:00-05:00,6.442193087035828,6.4632235794121895,6.323023639533345,6.414153099060059,661300,0.0,0.0
2022-12-23 00:00:00-05:00,6.344053574587496,6.407143715770385,6.323023750368553,6.3580732345581055,609500,0.0,0.0
2022-12-27 00:00:00-05:00,6.3580722693163425,6.400132579894961,6.273952316685063,6.351062774658203,732600,0.0,0.0
2022-12-28 00:00:00-05:00,6.2879728639359875,6.344052834326807,6.238902388449535,6.245912551879883,605400,0.0,0.0
2022-12-29 00:00:00-05:00,6.273952912366183,6.40013318755628,6.273952912366183,6.372093200683594,744800,0.0,0.0
2022-12-30 00:00:00-05:00,6.358074922708122,6.379105421036988,6.287975267190605,6.375600337982178,689900,0.0,0.0
2023-01-03 00:00:00-05:00,6.477243423461914,6.517200557882817,6.344754259235157,6.477243423461914,334100,0.0,0.0
2023-01-04 00:00:00-05:00,6.5473435498568255,6.603423525864186,6.4632235858457845,6.554353713989258,173600,0.0,0.0
2023-01-05 00:00:00-05:00,6.547343475832083,6.547343475832083,6.4211631969791005,6.435183525085449,121700,0.0,0.0
2023-01-06 00:00:00-05:00,6.470232568921408,6.645482647193724,6.40714310230521,6.589402675628662,220500,0.0,0.0
2023-01-09 00:00:00-05:00,6.666513638167138,6.778673589713522,6.666513638167138,6.7366132736206055,160500,0.0,0.0
2023-01-10 00:00:00-05:00,6.743624264322833,6.785684585571289,6.652494125389617,6.785684585571289,263900,0.0,0.0
2023-01-11 00:00:00-05:00,6.799704372920769,6.883824348449707,6.799704372920769,6.883824348449707,260200,0.0,0.0
2023-01-12 00:00:00-05:00,6.925884428610898,6.939904089779722,6.775169227020872,6.918874263763428,251000,0.0,0.0
2023-01-13 00:00:00-05:00,6.904709479287991,6.922413592420767,6.848055506820759,6.918873310089111,234200,0.1,0.0
2023-01-17 00:00:00-05:00,6.947202137461728,6.975529131202529,6.8905474746113216,6.940120220184326,237900,0.0,0.0
2023-01-18 00:00:00-05:00,6.982609276287175,7.032182014073325,6.8693013191223145,6.8693013191223145,234000,0.0,0.0
2023-01-19 00:00:00-05:00,6.8055641256731905,6.862218093444378,6.720583174016409,6.741828918457031,315100,0.0,0.0
2023-01-20 00:00:00-05:00,6.763075886368108,6.883465770525363,6.763075886368108,6.855138778686523,421400,0.0,0.0
2023-01-23 00:00:00-05:00,6.925955425940401,7.081754207611084,6.869301446309009,7.081754207611084,152800,0.0,0.0
2023-01-24 00:00:00-05:00,6.968446659540746,7.06050955071636,6.73474881092909,6.989691734313965,180100,0.0,0.0
2023-01-25 00:00:00-05:00,6.925955906213006,6.982609889773005,6.816188897486604,6.968446731567383,178800,0.0,0.0
2023-01-26 00:00:00-05:00,7.074672362229963,7.095918111331231,6.961364401831405,7.060509204864502,255400,0.0,0.0
2023-01-27 00:00:00-05:00,7.046346385899647,7.138409285810894,7.01093747433858,7.095919132232666,187500,0.0,0.0
2023-01-30 00:00:00-05:00,7.025100576355579,7.039263734281425,6.9401196026942715,6.954282760620117,146000,0.0,0.0
2023-01-31 00:00:00-05:00,7.003855087285574,7.046345233917236,6.961364265285208,7.046345233917236,305400,0.0,0.0
2023-02-01 00:00:00-05:00,7.046344569331819,7.328198190016619,7.039262653771582,7.272961139678955,374400,0.0,0.0
2023-02-02 00:00:00-05:00,7.428759713794118,7.491787820870575,7.365023820336708,7.442923545837402,396900,0.0,0.0
2023-02-03 00:00:00-05:00,7.329616009201969,7.350861083110479,7.180899141104955,7.209226131439209,313100,0.0,0.0
2023-02-06 00:00:00-05:00,7.173817024549631,7.173817024549631,7.010936328145049,7.046345233917236,334200,0.0,0.0
2023-02-07 00:00:00-05:00,7.0534253417366575,7.212765039174474,7.025098359455327,7.1950602531433105,539900,0.0,0.0
2023-02-08 00:00:00-05:00,7.202143117761236,7.202143117761236,7.1065392866851775,7.138407230377197,275100,0.0,0.0
2023-02-09 00:00:00-05:00,7.223390113078519,7.272962858346035,7.141950090996687,7.166736125946045,313200,0.0,0.0
2023-02-10 00:00:00-05:00,7.124245915561128,7.134868115956908,7.0463461773585125,7.103000164031982,305200,0.0,0.0
2023-02-13 00:00:00-05:00,7.138408794036359,7.202144695381665,7.088836726487242,7.180899620056152,278600,0.0,0.0
2023-02-14 00:00:00-05:00,7.137984180747963,7.313215863606947,7.109375051686474,7.2524213790893555,388000,0.1,0.0
2023-02-15 00:00:00-05:00,7.273876751702797,7.370432800765875,7.223810955342084,7.366856575012207,277900,0.0,0.0
2023-02-16 00:00:00-05:00,7.259575295311554,7.323946025248185,7.195205247470565,7.2166619300842285,293100,0.0,0.0
2023-02-17 00:00:00-05:00,7.180899669247072,7.2881837544247405,7.137985625918658,7.273879528045654,329900,0.0,0.0
2023-02-21 00:00:00-05:00,7.202357634399577,7.209510089912546,7.045007705688477,7.045007705688477,283900,0.0,0.0
2023-02-22 00:00:00-05:00,7.0163960489176755,7.177322147660303,7.0163960489176755,7.123680114746094,240700,0.0,0.0
2023-02-23 00:00:00-05:00,7.130831392446723,7.230962988824901,7.105798493352178,7.159440517425537,203300,0.0,0.0
2023-02-24 00:00:00-05:00,7.07361395368877,7.109374852441828,7.03069992025151,7.080765724182129,216200,0.0,0.0
2023-02-27 00:00:00-05:00,7.123678730103424,7.180896978369691,7.11652627854631,7.145135402679443,211500,0.0,0.0
2023-02-28 00:00:00-05:00,7.202356507100132,7.245270551365415,7.145138236143484,7.195204734802246,386000,0.0,0.0
2023-03-01 00:00:00-05:00,7.216659623085616,7.245268751456706,7.1236797853557166,7.152288913726807,303800,0.0,0.0
2023-03-02 00:00:00-05:00,7.1522905231097935,7.205932565614002,7.10222470771861,7.202356338500977,172200,0.0,0.0
2023-03-03 00:00:00-05:00,7.238114939931032,7.259571611657143,7.203068883622815,7.245267391204834,449700,0.0,0.0
2023-03-06 00:00:00-05:00,7.259573811636793,7.3883152451985366,7.245269586849656,7.302487850189209,484700,0.0,0.0
2023-03-07 00:00:00-05:00,7.38116253977063,7.38116253977063,7.238116886305207,7.266726016998291,362700,0.0,0.0
2023-03-08 00:00:00-05:00,7.295333596860256,7.316790269794972,7.2524202509908235,7.309638500213623,231800,0.0,0.0
2023-03-09 00:00:00-05:00,7.338250201721677,7.366859336379448,7.170170938773648,7.180899620056152,148900,0.0,0.0
2023-03-10 00:00:00-05:00,7.173744798659053,7.188049702315361,6.937719345092773,6.937719345092773,328600,0.0,0.0
2023-03-13 00:00:00-04:00,6.901959579031521,7.077191284323056,6.823284634564598,7.002091884613037,203300,0.0,0.0
2023-03-14 00:00:00-04:00,7.0960304260748295,7.186356681759629,7.059900475108622,7.146613597869873,234300,0.1,0.0
2023-03-15 00:00:00-04:00,6.958735802262209,7.030996403522447,6.890087645300456,6.980413913726807,454900,0.0,0.0
2023-03-16 00:00:00-04:00,6.879248435708618,7.161065931733883,6.879248435708618,7.103257179260254,210400,0.0,0.0
2023-03-17 00:00:00-04:00,7.124935429012961,7.146614228467131,7.02377045476564,7.081579208374023,131800,0.0,0.0
2023-03-20 00:00:00-04:00,7.067126136250273,7.096030510849337,7.002091121118718,7.052674293518066,246100,0.0,0.0
2023-03-21 00:00:00-04:00,7.067125378172964,7.218873500823975,7.067125378172964,7.218873500823975,183400,0.0,0.0
2023-03-22 00:00:00-04:00,7.218873018185227,7.240551812210669,7.052673065464012,7.05989933013916,205100,0.0,0.0
2023-03-23 00:00:00-04:00,7.096032149066649,7.297640604691647,7.096032149066649,7.2477803230285645,212500,0.0,0.0
2023-03-24 00:00:00-04:00,7.175517769819498,7.197195877614965,7.096030226011748,7.139387130737305,200800,0.0,0.0
2023-03-27 00:00:00-04:00,7.1538389728894085,7.226100251053795,7.110482757298474,7.139387130737305,178300,0.0,0.0
2023-03-28 00:00:00-04:00,7.0888060878271855,7.132162312215131,7.074353553608029,7.096031665802002,119900,0.0,0.0
2023-03-29 00:00:00-04:00,7.132161465615151,7.247778969105355,7.132161465615151,7.1971964836120605,387500,0.0,0.0
2023-03-30 00:00:00-04:00,7.283911261029664,7.356172561645508,7.283911261029664,7.356172561645508,169400,0.0,0.0
2023-03-31 00:00:00-04:00,7.413977699170307,7.529595172281543,7.333045054511741,7.522368907928467,270200,0.0,0.0
2023-04-03 00:00:00-04:00,7.52237198806226,7.52237198806226,7.392301932985981,7.486241340637207,282200,0.0,0.0
2023-04-04 00:00:00-04:00,7.450110171889195,7.507918922722882,7.399526998058716,7.413979530334473,124300,0.0,0.0
2023-04-05 00:00:00-04:00,7.37062411571844,7.39952849699048,7.229715343159092,7.2477803230285645,183600,0.0,0.0
2023-04-06 00:00:00-04:00,7.262232580649479,7.262232580649479,7.1791325738105245,7.255006313323975,251100,0.0,0.0
2023-04-10 00:00:00-04:00,7.233326156312154,7.330878670233345,7.161064881748031,7.32003927230835,178700,0.0,0.0
2023-04-11 00:00:00-04:00,7.334493445690953,7.341719713271823,7.291137218475342,7.291137218475342,196100,0.0,0.0
2023-04-12 00:00:00-04:00,7.370621754879587,7.377848020166698,7.211647364236075,7.2405524253845215,291300,0.0,0.0
2023-04-13 00:00:00-04:00,7.2477780703041645,7.341717452524149,7.2477780703041645,7.305586814880371,241600,0.0,0.0
2023-04-14 00:00:00-04:00,7.27639583120248,7.3712736913267145,7.258149687321346,7.32018518447876,238300,0.1,0.0
2023-04-17 00:00:00-04:00,7.312887142689636,7.312887142689636,7.239903962000517,7.283693313598633,163200,0.0,0.0
2023-04-18 00:00:00-04:00,7.35667461067062,7.3712715214787,7.276393689283226,7.305586814880371,153700,0.0,0.0
2023-04-19 00:00:00-04:00,7.276393370165194,7.276393370165194,7.247200245848361,7.25449800491333,103900,0.0,0.0
2023-04-20 00:00:00-04:00,7.239903437212469,7.286612585945465,7.213629410546568,7.23260498046875,115000,0.0,0.0
2023-04-21 00:00:00-04:00,7.2180070877075195,7.247200211887552,7.196841846470828,7.2180070877075195,114000,0.0,0.0
2023-04-24 00:00:00-04:00,7.196113806941887,7.225306939577829,7.159622913161348,7.174219131469727,131800,0.0,0.0
2023-04-25 00:00:00-04:00,7.123130362082977,7.137726578421571,6.955269350065055,6.9625678062438965,183900,0.0,0.0
2023-04-26 00:00:00-04:00,6.999060215527577,7.093938068970774,6.999060215527577,7.057446479797363,475200,0.0,0.0
2023-04-27 00:00:00-04:00,7.057445771779266,7.108533573885298,6.977164840467058,7.072041988372803,234400,0.0,0.0
2023-04-28 00:00:00-04:00,7.101234666288492,7.101234666288492,7.01365528423572,7.086638450622559,234200,0.0,0.0
2023-05-01 00:00:00-04:00,7.020955695670949,7.166921373082343,7.020955695670949,7.15232515335083,259900,0.0,0.0
2023-05-02 00:00:00-04:00,7.181517465375453,7.181517465375453,7.024604119143213,7.057446479797363,93100,0.0,0.0
2023-05-03 00:00:00-04:00,7.03555177971702,7.152324307841921,7.03555177971702,7.042849540710449,184900,0.0,0.0
2023-05-04 00:00:00-04:00,7.0574462094774075,7.086639340494122,7.0282530784606925,7.028253078460693,106600,0.0,0.0
2023-05-05 00:00:00-04:00,7.115834197518556,7.115834197518556,7.039202471019165,7.064746379852295,341600,0.0,0.0
2023-05-08 00:00:00-04:00,7.137725274128288,7.137725274128288,7.03919891779423,7.079339027404785,150000,0.0,0.0
2023-05-09 00:00:00-04:00,7.03555324175453,7.100507852218677,7.03555324175453,7.064746379852295,111900,0.0,0.0
2023-05-10 00:00:00-04:00,7.1523219837313725,7.166918196994436,7.072040374718225,7.108531951904297,196400,0.0,0.0
2023-05-11 00:00:00-04:00,7.130429632823295,7.137727393816724,7.042849540710449,7.042849540710449,141500,0.0,0.0
2023-05-12 00:00:00-04:00,7.0649746808933465,7.109223266364208,6.969103331795984,7.013351917266846,230400,0.1,0.0
2023-05-15 00:00:00-04:00,7.035473478558719,7.131344795227051,7.035473478558719,7.131344795227051,225600,0.0,0.0
2023-05-16 00:00:00-04:00,7.11659779116223,7.138722436629033,7.0797247886657715,7.0797247886657715,143600,0.0,0.0
2023-05-17 00:00:00-04:00,7.131344920640816,7.249340172982422,7.0944712284572695,7.241965293884277,168100,0.0,0.0
2023-05-18 00:00:00-04:00,7.278838296893582,7.374709606170654,7.2198406763087855,7.374709606170654,116200,0.0,0.0
2023-05-19 00:00:00-04:00,7.374712727333802,7.374712727333802,7.2862162590026855,7.2862162590026855,170400,0.0,0.0
2023-05-22 00:00:00-04:00,7.337839603424072,7.367338428534329,7.306128173020993,7.337839603424072,193500,0.0,0.0
2023-05-23 00:00:00-04:00,7.271464106969678,7.323087557349517,7.241965293884277,7.241965293884277,238500,0.0,0.0
2023-05-24 00:00:00-04:00,7.190342662743146,7.219841476304164,7.146094090748024,7.160843849182129,196000,0.0,0.0
2023-05-25 00:00:00-04:00,7.2345921935237545,7.352587463405492,7.219842433134894,7.323088645935059,236600,0.0,0.0
2023-05-26 00:00:00-04:00,7.3525867463699806,7.5517035690504155,7.3525867463699806,7.544328689575195,307000,0.0,0.0
2023-05-30 00:00:00-04:00,7.595951783762842,7.618075717836154,7.485330706781909,7.522204399108887,368100,0.0,0.0
2023-05-31 00:00:00-04:00,7.5369558505982,7.5369558505982,7.4189605712890625,7.4189605712890625,212100,0.0,0.0
2023-06-01 00:00:00-04:00,7.418961467925634,7.61807834999772,7.418961467925634,7.610703468322754,277800,0.0,0.0
2023-06-02 00:00:00-04:00,7.64757322527773,7.682234307287135,7.5885756089507845,7.618074417114258,184600,0.0,0.0
2023-06-05 00:00:00-04:00,7.618074302846013,7.629873685273004,7.559076687404009,7.625449180603027,137600,0.0,0.0
2023-06-06 00:00:00-04:00,7.64757525587689,7.713209998389346,7.606277054143861,7.669699192047119,226400,0.0,0.0
2023-06-07 00:00:00-04:00,7.706571429896787,7.721321186757999,7.551702499389648,7.551702499389648,273800,0.0,0.0
2023-06-08 00:00:00-04:00,7.522204412804754,7.7065721714681406,7.522204412804754,7.699197292327881,286700,0.0,0.0
2023-06-09 00:00:00-04:00,7.765573285590919,7.787697932948151,7.688139129763107,7.721325397491455,194200,0.0,0.0
2023-06-12 00:00:00-04:00,7.772945400355965,8.008935928344727,7.74344658435737,8.008935928344727,399200,0.0,0.0
2023-06-13 00:00:00-04:00,8.031060218811035,8.178554292394228,7.972062589377758,8.031060218811035,360200,0.0,0.0
2023-06-14 00:00:00-04:00,8.038499725244979,8.07199353029465,7.9194109561017285,7.96406888961792,235200,0.1,0.0
2023-06-15 00:00:00-04:00,8.008729739474612,8.060830912873111,7.949185338497683,8.045945167541504,174900,0.0,0.0
2023-06-16 00:00:00-04:00,8.150146656709607,8.150146656709607,7.9715134725761505,7.978956699371338,222700,0.0,0.0
2023-06-20 00:00:00-04:00,8.00128908128475,8.03106129133372,7.852428031039896,7.882200241088867,212700,0.0,0.0
2023-06-21 00:00:00-04:00,7.830101230712136,7.87475920330479,7.786187155428142,7.792885780334473,156200,0.0,0.0
2023-06-22 00:00:00-04:00,7.703568524504676,7.826379004294722,7.703568524504676,7.815214157104492,168200,0.0,0.0
2023-06-23 00:00:00-04:00,7.777997214916516,7.807769425210124,7.681237354005916,7.785440444946289,183400,0.0,0.0
2023-06-26 00:00:00-04:00,7.785438614916078,7.889641681362679,7.770552158355713,7.770552158355713,165300,0.0,0.0
2023-06-27 00:00:00-04:00,7.777996162323236,7.934300422668456,7.7556671850811725,7.934300422668457,312000,0.0,0.0
2023-06-28 00:00:00-04:00,7.934300572309809,8.03106042195083,7.87550076550415,7.993844985961914,251600,0.0,0.0
2023-06-29 00:00:00-04:00,7.949187781915987,8.031061180969166,7.949187781915987,7.98640251159668,177100,0.0,0.0
2023-06-30 00:00:00-04:00,8.098048561555377,8.149405852174182,8.068276352902894,8.120377540588379,248400,0.0,0.0
2023-07-03 00:00:00-04:00,8.17247807195619,8.239465713500977,8.13600724350526,8.239465713500977,232400,0.0,0.0
2023-07-05 00:00:00-04:00,8.179920077308685,8.217135507024727,8.060831270077575,8.06827449798584,204400,0.0,0.0
2023-07-06 00:00:00-04:00,8.008732101748416,8.038504311018558,7.889643264667845,7.919415473937988,161300,0.0,0.0
2023-07-07 00:00:00-04:00,7.889644155584352,8.053390970148069,7.889644155584352,7.971517562866211,174600,0.0,0.0
2023-07-10 00:00:00-04:00,8.00128811417522,8.142705917358398,8.00128811417522,8.142705917358398,132400,0.0,0.0
2023-07-11 00:00:00-04:00,8.179922708192933,8.187365938495143,8.057112247508528,8.157593727111816,162400,0.0,0.0
2023-07-12 00:00:00-04:00,8.291570467001867,8.336228436886216,8.209696339171172,8.284127235412598,236500,0.0,0.0
2023-07-13 00:00:00-04:00,8.299010425416727,8.400236498218037,8.299010425416727,8.35855484008789,195400,0.0,0.0
2023-07-14 00:00:00-04:00,8.373573113054235,8.373573113054235,8.283454023398196,8.290964126586914,162800,0.1,0.0
2023-07-17 00:00:00-04:00,8.305987200082644,8.343536296581972,8.275947493161317,8.313496589660645,147900,0.0,0.0
2023-07-18 00:00:00-04:00,8.305988311767578,8.327016037806576,8.245908173680608,8.305988311767578,213500,0.0,0.0
2023-07-19 00:00:00-04:00,8.321005656708843,8.339029621852282,8.245906040678854,8.283455848693848,188600,0.0,0.0
2023-07-20 00:00:00-04:00,8.245904381492487,8.24965943315872,8.035626501603465,8.065666198730469,341700,0.0,0.0
2023-07-21 00:00:00-04:00,8.073178457848867,8.178317783970234,8.073178457848867,8.155787467956543,208700,0.0,0.0
2023-07-24 00:00:00-04:00,8.155786585643568,8.180569357615116,8.095707181846057,8.118237495422363,193700,0.0,0.0
2023-07-25 00:00:00-04:00,8.178317783970234,8.22337698359149,8.150530537460627,8.155787467956543,223500,0.0,0.0
2023-07-26 00:00:00-04:00,8.17831577377836,8.17831577377836,8.04689182748081,8.103216171264648,320800,0.0,0.0
2023-07-27 00:00:00-04:00,8.238395169308173,8.238395169308173,8.080686576991692,8.103216171264648,250800,0.0,0.0
2023-07-28 00:00:00-04:00,8.19333665567093,8.268436270935482,8.19333665567093,8.253416061401367,250300,0.0,0.0
2023-07-31 00:00:00-04:00,8.268435565201683,8.30598536962898,8.257170409012609,8.29847526550293,140700,0.0,0.0
2023-08-01 00:00:00-04:00,8.185827274976981,8.493735151835073,8.182072938464374,8.456185340881348,515300,0.0,0.0
2023-08-02 00:00:00-04:00,8.321005143666392,8.34353474060509,8.118237338812163,8.125746726989746,240500,0.0,0.0
2023-08-03 00:00:00-04:00,8.073178130904916,8.15203208515025,8.036379618923759,8.058157920837402,192800,0.0,0.0
2023-08-04 00:00:00-04:00,8.073178130904916,8.110727939870662,8.013098723040935,8.058157920837402,235800,0.0,0.0
2023-08-07 00:00:00-04:00,8.208355991251114,8.298475090251678,8.14151706862494,8.238395690917969,401700,0.0,0.0
2023-08-08 00:00:00-04:00,8.245906040678854,8.283455848693848,8.178317245695483,8.283455848693848,506500,0.0,0.0
2023-08-09 00:00:00-04:00,8.260925461075633,8.373574158154575,8.253415356949583,8.29847526550293,448800,0.0,0.0
2023-08-10 00:00:00-04:00,8.358557390846892,8.358557390846892,8.178319130284928,8.2609281539917,315100,0.0,0.0
2023-08-11 00:00:00-04:00,8.178316989373847,8.238396393833648,8.148277287143948,8.170806884765625,175800,0.0,0.0
2023-08-14 00:00:00-04:00,8.15564775423889,8.265551551147546,8.125329390659248,8.261761665344238,214400,0.1,0.0
2023-08-15 00:00:00-04:00,8.30723995155676,8.31406145717555,8.15640567022201,8.185966491699219,675700,0.0,0.0
2023-08-16 00:00:00-04:00,8.185968879208668,8.185968879208668,8.011637687683105,8.011637687683105,207200,0.0,0.0
2023-08-17 00:00:00-04:00,8.072272156030532,8.072272156030532,7.784248047613285,7.822145462036133,233000,0.0,0.0
2023-08-18 00:00:00-04:00,7.6932910170056426,7.943417671594419,7.6932910170056426,7.814565181732178,270400,0.0,0.0
2023-08-21 00:00:00-04:00,7.8221440305116525,7.916888994923263,7.806985212086086,7.87520170211792,266400,0.0,0.0
2023-08-22 00:00:00-04:00,7.935838623611981,7.935838623611981,7.806985410903007,7.814565181732178,138400,0.0,0.0
2023-08-23 00:00:00-04:00,7.844883955858417,7.981316223743826,7.819113022819042,7.958577632904053,231900,0.0,0.0
2023-08-24 00:00:00-04:00,8.011636720400553,8.011636720400553,7.784249305725098,7.784249305725098,175300,0.0,0.0
2023-08-25 00:00:00-04:00,7.791825769645795,7.890360620625298,7.753927638831105,7.844883441925049,172000,0.0,0.0
2023-08-28 00:00:00-04:00,7.897940603149897,7.91309942217424,7.844883652294583,7.8903608322143555,165900,0.0,0.0
2023-08-29 00:00:00-04:00,7.92826134787505,8.087432971146656,7.882783431434465,8.057114601135254,458200,0.0,0.0
2023-08-30 00:00:00-04:00,8.019215372372416,8.11017047009431,8.011635600183876,8.079852104187012,251500,0.0,0.0
2023-08-31 00:00:00-04:00,8.079849088474496,8.197332622160015,8.079849088474496,8.148065567016602,219200,0.0,0.0
2023-09-01 00:00:00-04:00,8.231443223583632,8.413354126180536,8.14048813370858,8.352717399597168,236500,0.0,0.0
2023-09-05 00:00:00-04:00,8.337558790667694,8.3981955240448,8.232960678588595,8.292080879211426,155300,0.0,0.0
2023-09-06 00:00:00-04:00,8.29965911041747,8.314818652370185,8.193545208135447,8.216283798217773,144700,0.0,0.0
2023-09-07 00:00:00-04:00,8.185963502693484,8.243568591946065,8.125326794905476,8.208702087402344,228800,0.0,0.0
2023-09-08 00:00:00-04:00,8.231443677722377,8.261762042686762,8.148068354782028,8.185966491699219,145800,0.0,0.0
2023-09-11 00:00:00-04:00,8.28449923192512,8.292078279085555,8.208702977547537,8.246601104736328,323900,0.0,0.0
2023-09-12 00:00:00-04:00,8.24660284497782,8.345137707323362,8.208704709791565,8.261761665344238,250400,0.0,0.0
2023-09-13 00:00:00-04:00,8.254182373492846,8.436092549613319,8.2238640108061,8.367876052856445,407200,0.0,0.0
2023-09-14 00:00:00-04:00,8.444363695692342,8.448952691172634,8.237844309998033,8.283737182617188,264700,0.1,0.0
2023-09-15 00:00:00-04:00,8.299035092045392,8.300564757168427,8.107813092039313,8.161355018615723,223400,0.0,0.0
2023-09-18 00:00:00-04:00,8.161357600722404,8.26461768846429,8.107815657206286,8.130762100219727,205300,0.0,0.0
2023-09-19 00:00:00-04:00,8.138409089506402,8.207248401052682,8.107813596778914,8.176652908325195,201700,0.0,0.0
2023-09-20 00:00:00-04:00,8.2531398564366,8.2531398564366,8.123108863830566,8.123108863830566,112200,0.0,0.0
2023-09-21 00:00:00-04:00,8.031324465953782,8.084866395634833,8.008378028869629,8.008378028869629,161400,0.0,0.0
2023-09-22 00:00:00-04:00,8.031326069574709,8.129996425246826,7.993081513828746,8.046624183654785,170500,0.0,0.0
2023-09-25 00:00:00-04:00,8.038977397963974,8.054274786911977,7.924243698308987,7.939541816711426,192300,0.0,0.0
2023-09-26 00:00:00-04:00,7.870699118468387,7.924241056115472,7.710072576072943,7.7559661865234375,225400,0.0,0.0
2023-09-27 00:00:00-04:00,7.817155174461066,7.878346153053583,7.801857065085935,7.847750663757324,182600,0.0,0.0
2023-09-28 00:00:00-04:00,7.8630518376169,8.016029357910156,7.80950988787785,8.016029357910156,119300,0.0,0.0
2023-09-29 00:00:00-04:00,8.115463165451098,8.138410335600781,7.947188294411936,7.970134735107422,188400,0.0,0.0
2023-10-02 00:00:00-04:00,7.939539795263304,8.065746322132846,7.878348796141966,8.031326293945312,298200,0.0,0.0
2023-10-03 00:00:00-04:00,7.977780969639144,7.983135161555822,7.717718968908036,7.725368022918701,381300,0.0,0.0
2023-10-04 00:00:00-04:00,7.778912269373916,7.847752317157534,7.733018661033452,7.832454204559326,118600,0.0,0.0
2023-10-05 00:00:00-04:00,7.8630476788399255,7.866872206006253,7.740665727333307,7.771261215209961,139400,0.0,0.0
2023-10-06 00:00:00-04:00,7.710072750693694,7.993081288094557,7.710072750693694,7.9624857902526855,196200,0.0,0.0
2023-10-09 00:00:00-04:00,7.878347236774421,7.958660133679439,7.878347236774421,7.9242401123046875,204700,0.0,0.0
2023-10-10 00:00:00-04:00,7.947188406058854,8.07339492583835,7.947188406058854,7.9624857902526855,169100,0.0,0.0
2023-10-11 00:00:00-04:00,7.993081175802908,8.031325729931517,7.924241124262252,7.970134735107422,102500,0.0,0.0
2023-10-12 00:00:00-04:00,7.947188147395563,8.046623694508792,7.847752600282335,7.8630499839782715,214800,0.0,0.0
2023-10-13 00:00:00-04:00,7.901669912537507,7.917118301825864,7.747189702752658,7.762638092041016,130800,0.1,0.0
2023-10-16 00:00:00-04:00,7.778086647199519,7.928705513758301,7.778086647199519,7.855327129364014,194200,0.0,0.0
2023-10-17 00:00:00-04:00,7.801259233820765,7.9171192204476775,7.801259233820765,7.855327129364014,278700,0.0,0.0
2023-10-18 00:00:00-04:00,7.870772079072257,7.870772079072257,7.693120062410937,7.716291904449463,164000,0.0,0.0
2023-10-19 00:00:00-04:00,7.747189745400083,7.751051842743432,7.623605576891887,7.669950008392334,182700,0.0,0.0
2023-10-20 00:00:00-04:00,7.639056402984337,7.654504060665507,7.507747997904465,7.515471458435059,170700,0.0,0.0
2023-10-23 00:00:00-04:00,7.453676078085772,7.569536774556019,7.3996081950381205,7.500020503997803,125700,0.0,0.0
2023-10-24 00:00:00-04:00,7.51546744320633,7.581121610669738,7.4768479513263415,7.538640022277832,131900,0.0,0.0
2023-10-25 00:00:00-04:00,7.538642236982588,7.538642236982588,7.306921534529717,7.3300933837890625,259600,0.0,0.0
2023-10-26 00:00:00-04:00,7.2991954998210815,7.3532641166272015,7.191059739448083,7.2219557762146,354300,0.0,0.0
2023-10-27 00:00:00-04:00,7.322368810924641,7.345541395608919,7.237404876941594,7.2605767250061035,163200,0.0,0.0
2023-10-30 00:00:00-04:00,7.299198538908765,7.314646932033913,7.225820144804168,7.291474342346191,187500,0.0,0.0
2023-10-31 00:00:00-04:00,7.3146454868902016,7.391885227396016,7.214233161274839,7.36871337890625,236000,0.0,0.0
2023-11-01 00:00:00-04:00,7.407333323776686,7.62360561988571,7.368713086745136,7.577261924743652,423500,0.0,0.0
2023-11-02 00:00:00-04:00,7.631331223347354,7.816707511375252,7.631331223347354,7.770363807678223,186500,0.0,0.0
2023-11-03 00:00:00-04:00,7.785811335158576,7.839879234121383,7.716295044137895,7.778087139129639,296100,0.0,0.0
2023-11-06 00:00:00-05:00,7.8707731685608895,7.917117595672607,7.778085050957133,7.917117595672607,457400,0.0,0.0
2023-11-07 00:00:00-05:00,7.94801351252811,8.094769512320088,7.886221435076787,8.07932186126709,365700,0.0,0.0
2023-11-08 00:00:00-05:00,8.102495193481445,8.172011477529777,8.094770998227231,8.102495193481445,282400,0.0,0.0
2023-11-09 00:00:00-05:00,8.094768791274454,8.210629478640087,8.040700912475586,8.040700912475586,243600,0.0,0.0
2023-11-10 00:00:00-05:00,8.102495270316242,8.187459945678711,8.056151571591085,8.187459945678711,227100,0.0,0.0
2023-11-13 00:00:00-05:00,8.141112327575684,8.177415147478444,8.114078391118259,8.141112327575684,235800,0.0,0.0
2023-11-14 00:00:00-05:00,8.211295307940985,8.250285463875345,8.172305152006622,8.195699691772461,505500,0.1,0.0
2023-11-15 00:00:00-05:00,8.23469172438293,8.281479327226707,8.109923048223271,8.172307014465332,368700,0.0,0.0
2023-11-16 00:00:00-05:00,8.156709535838099,8.211295307940985,8.141113175994207,8.195699691772461,182000,0.0,0.0
2023-11-17 00:00:00-05:00,8.195701559562758,8.206618716471342,8.148913213043443,8.172307014465332,176500,0.0,0.0
2023-11-20 00:00:00-05:00,8.219093702113046,8.367255406115364,8.219093702113046,8.359457969665527,183600,0.0,0.0
2023-11-21 00:00:00-05:00,8.28927642943141,8.28927642943141,8.211296109946272,8.226892471313477,180600,0.0,0.0
2023-11-22 00:00:00-05:00,8.226891383802643,8.29707351332682,8.226891383802643,8.265881538391113,312000,0.0,0.0
2023-11-24 00:00:00-05:00,8.328267396459003,8.328267396459003,8.250287069414988,8.258085250854492,34800,0.0,0.0
2023-11-27 00:00:00-05:00,8.289276246805015,8.289276246805015,8.226892290061503,8.242487907409668,279900,0.0,0.0
2023-11-28 00:00:00-05:00,8.20349961062814,8.250287212726864,8.180105065903252,8.219095230102539,531800,0.0,0.0
2023-11-29 00:00:00-05:00,8.219092718161706,8.390648942001787,8.219092718161706,8.33606243133545,172100,0.0,0.0
2023-11-30 00:00:00-05:00,8.398448234497003,8.398448234497003,8.29707412259307,8.304871559143066,310800,0.0,0.0
2023-12-01 00:00:00-05:00,8.273678856863544,8.476427062903827,8.265881420996866,8.468628883361816,192600,0.0,0.0
2023-12-04 00:00:00-05:00,8.382851766365812,8.437437539891604,8.351659789540303,8.359457969665527,227900,0.0,0.0
2023-12-05 00:00:00-05:00,8.351659789540303,8.383631881848489,8.293174925951899,8.359457969665527,170600,0.0,0.0
2023-12-06 00:00:00-05:00,8.390650054271608,8.429640211723182,8.300973212705767,8.304871559143066,174400,0.0,0.0
2023-12-07 00:00:00-05:00,8.31266863743576,8.359456968910436,8.242486512061395,8.33606243133545,201800,0.0,0.0
2023-12-08 00:00:00-05:00,8.297076831639956,8.375056428328525,8.289278648868407,8.343864440917969,156100,0.0,0.0
2023-12-11 00:00:00-05:00,8.289273769445426,8.42183982382512,8.289273769445426,8.375051498413086,184200,0.0,0.0
2023-12-12 00:00:00-05:00,8.398448748275728,8.421842546707637,8.172305969957298,8.406246185302734,297200,0.0,0.0
2023-12-13 00:00:00-05:00,8.437440571773624,8.538814718802826,8.391432333647897,8.515420913696289,273100,0.0,0.0
2023-12-14 00:00:00-05:00,8.554768139362052,8.704299927064943,8.554768139362052,8.664949417114258,418400,0.1,0.0
2023-12-15 00:00:00-05:00,8.601992188090339,8.712172757392153,8.594121932983398,8.594121932983398,292500,0.0,0.0
2023-12-18 00:00:00-05:00,8.601989011226658,8.649209023331455,8.601989011226658,8.609858512878418,208900,0.0,0.0
2023-12-19 00:00:00-05:00,8.609860410743561,8.68856144899765,8.609860410743561,8.649210929870605,235700,0.0,0.0
2023-12-20 00:00:00-05:00,8.6177317601404,8.680692298527546,8.507551193237305,8.507551193237305,332900,0.0,0.0
2023-12-21 00:00:00-05:00,8.546899249479248,8.657080544792308,8.546899249479248,8.63347053527832,365000,0.0,0.0
2023-12-22 00:00:00-05:00,8.672819356764439,8.720039366565258,8.653143727223663,8.680688858032227,266500,0.0,0.0
2023-12-26 00:00:00-05:00,8.65708021905787,8.743650751050938,8.65708021905787,8.727910995483398,255200,0.0,0.0
2023-12-27 00:00:00-05:00,8.727910357530169,8.743650111947234,8.657079586281906,8.672820091247559,340400,0.0,0.0
2023-12-28 00:00:00-05:00,8.664949838764732,8.700365224388863,8.64920933379908,8.672820091247559,314200,0.0,0.0
2023-12-29 00:00:00-05:00,8.672821482377664,8.68069098557418,8.57051043533588,8.601990699768066,483300,0.0,0.0
2024-01-02 00:00:00-05:00,8.56263902455753,8.56263902455753,8.452457738658852,8.476068496704102,332300,0.0,0.0
2024-01-03 00:00:00-05:00,8.452456895120154,8.452456895120154,8.35801612400998,8.38162612915039,212400,0.0,0.0
2024-01-04 00:00:00-05:00,8.31079475525194,8.460325764097007,8.31079475525194,8.413105010986328,312700,0.0,0.0
2024-01-05 00:00:00-05:00,8.420976218834758,8.491806981278124,8.420976218834758,8.4524564743042,194500,0.0,0.0
2024-01-08 00:00:00-05:00,8.483939761770175,8.657081604003906,8.483939761770175,8.657081604003906,163400,0.0,0.0
2024-01-09 00:00:00-05:00,8.617729074416362,8.720040105047342,8.59411906751647,8.672820091247559,312000,0.0,0.0
2024-01-10 00:00:00-05:00,8.67282178556114,8.751522074118451,8.661016404530615,8.71217155456543,194100,0.0,0.0
2024-01-11 00:00:00-05:00,8.69642758438049,8.790868335229845,8.664947334097373,8.782998085021973,206900,0.0,0.0
2024-01-12 00:00:00-05:00,8.81476738585175,8.818737335200188,8.743296180222082,8.790943145751953,171700,0.1,0.0
2024-01-16 00:00:00-05:00,8.759178612307279,8.806826337144937,8.732972552980291,8.783002853393555,194400,0.0,0.0
2024-01-17 00:00:00-05:00,8.759177983693693,8.767119396819194,8.655941885066715,8.695648193359375,162500,0.0,0.0
2024-01-18 00:00:00-05:00,8.81476602308597,8.85447156911075,8.755206189379308,8.84653091430664,186200,0.0,0.0
2024-01-19 00:00:00-05:00,8.894180214201414,8.94182794224487,8.854473900387692,8.933886528015137,160600,0.0,0.0
2024-01-22 00:00:00-05:00,8.949769273046533,8.993445536233036,8.92991573765727,8.973592758178711,233400,0.0,0.0
2024-01-23 00:00:00-05:00,8.973590228925085,8.973590228925085,8.910060448255521,8.957707405090332,188200,0.0,0.0
2024-01-24 00:00:00-05:00,8.973590415526445,9.07682650059491,8.973590415526445,9.02123737335205,200200,0.0,0.0
2024-01-25 00:00:00-05:00,9.060943676429881,9.07682650059491,8.989472482356733,9.02123737335205,226200,0.0,0.0
2024-01-26 00:00:00-05:00,8.989474041516495,9.01329828189618,8.949768488886761,8.96565055847168,218100,0.0,0.0
2024-01-29 00:00:00-05:00,8.9815341738864,9.047445790852317,8.965651345572246,9.045063972473145,217200,0.0,0.0
2024-01-30 00:00:00-05:00,9.037119770781992,9.037119770781992,8.97756069764501,9.005354881286621,252700,0.0,0.0
2024-01-31 00:00:00-05:00,9.013297063507284,9.029179130945316,8.894178149715586,8.941825866699219,352000,0.0,0.0
2024-02-01 00:00:00-05:00,8.9815328140376,9.354770134890995,8.94976791955359,9.235651969909668,485400,0.0,0.0
2024-02-02 00:00:00-05:00,9.203885938533947,9.227709417120499,9.100649854879245,9.172121047973633,272900,0.0,0.0
2024-02-05 00:00:00-05:00,9.188004493713379,9.200711057712553,9.08079844531481,9.188004493713379,177700,0.0,0.0
2024-02-06 00:00:00-05:00,9.291241136730688,9.291241136730688,9.148299478053833,9.2435941696167,182500,0.0,0.0
2024-02-07 00:00:00-05:00,9.338886758415748,9.338886758415748,9.267415566502486,9.315062522888184,191500,0.0,0.0
2024-02-08 00:00:00-05:00,9.29124044742103,9.39447654495552,9.29124044742103,9.338888168334961,213000,0.0,0.0
2024-02-09 00:00:00-05:00,9.378594821231598,9.442124613230783,9.370653407897986,9.394476890563965,190000,0.0,0.0
2024-02-12 00:00:00-05:00,9.394476890563965,9.465948095896762,9.378594821231598,9.394476890563965,300000,0.0,0.0
2024-02-13 00:00:00-05:00,9.299181499875868,9.30712291260939,9.156239100011666,9.211828231811523,243700,0.0,0.0
2024-02-14 00:00:00-05:00,9.211825651338307,9.388052095087634,9.211825651338307,9.348000526428223,175100,0.1,0.0
2024-02-15 00:00:00-05:00,9.388052543008943,9.388052543008943,9.24787242797282,9.38004207611084,401500,0.0,0.0
2024-02-16 00:00:00-05:00,9.452137314788803,9.460147783860206,9.299941458113656,9.307951927185059,243100,0.0,0.0
2024-02-20 00:00:00-05:00,9.267900820795532,9.315962873767102,9.159762538470229,9.251880645751953,225700,0.0,0.0
2024-02-21 00:00:00-05:00,9.187795290614062,9.259887963574023,9.17177435710289,9.203815460205078,301400,0.0,0.0
2024-02-22 00:00:00-05:00,9.428103991310962,9.532237003955174,9.380041954465808,9.508206367492676,333400,0.0,0.0
2024-02-23 00:00:00-05:00,9.580300589742732,9.580300589742732,9.404074111378423,9.412084579467773,249200,0.0,0.0
2024-02-26 00:00:00-05:00,9.436115616657744,9.484177663294851,9.412084975299349,9.420095443725586,181600,0.0,0.0
2024-02-27 00:00:00-05:00,9.484178665266892,9.484178665266892,9.420096438927553,9.444127082824707,174400,0.0,0.0
2024-02-28 00:00:00-05:00,9.428104448431949,9.508206828497421,9.40407304688413,9.45213508605957,155000,0.0,0.0
2024-02-29 00:00:00-05:00,9.52422690261211,9.576293406755887,9.484175334236827,9.500195503234863,194400,0.0,0.0
2024-03-01 00:00:00-05:00,9.532239834091802,9.604332528803887,9.505005308393708,9.596322059631348,303800,0.0,0.0
2024-03-04 00:00:00-05:00,9.540250140986853,9.660404884769985,9.540250140986853,9.612342834472656,356800,0.0,0.0
2024-03-05 00:00:00-05:00,9.660404044425725,9.660404044425725,9.4921880288985,9.572290420532227,361900,0.0,0.0
2024-03-06 00:00:00-05:00,9.644383034501773,9.676424143695986,9.588311284391976,9.636372566223145,359500,0.0,0.0
2024-03-07 00:00:00-05:00,9.732494751167694,9.76453585660014,9.692443942317297,9.74050521850586,315800,0.0,0.0
2024-03-08 00:00:00-05:00,9.772546637084382,9.796577275948687,9.576294764532042,9.704459190368652,298600,0.0,0.0
2024-03-11 00:00:00-04:00,9.628364456545405,9.644384631835674,9.556271757938127,9.564281463623047,279600,0.0,0.0
2024-03-12 00:00:00-04:00,9.596322578124012,9.60433304772936,9.492189528936196,9.564281463623047,266700,0.0,0.0
2024-03-13 00:00:00-04:00,9.548257538069228,9.564277707067264,9.471359046254372,9.500195503234863,202300,0.0,0.0
2024-03-14 00:00:00-04:00,9.475962337758773,9.524433074223028,9.374982343006444,9.387100219726562,131300,0.1,0.0
2024-03-15 00:00:00-04:00,9.362867082709355,9.387102070511604,9.257847775011111,9.265926361083984,218200,0.0,0.0
2024-03-18 00:00:00-04:00,9.306316403032461,9.356401930369431,9.26996354439435,9.28208065032959,173800,0.0,0.0
2024-03-19 00:00:00-04:00,9.233610658669482,9.31439418952682,9.20048892565577,9.306316375732422,165600,0.0,0.0
2024-03-20 00:00:00-04:00,9.306314992536858,9.38709851138736,9.26592284790357,9.370942115783691,168000,0.0,0.0
2024-03-21 00:00:00-04:00,9.451727626400391,9.556746916411269,9.451727626400391,9.500198364257812,209500,0.0,0.0
2024-03-22 00:00:00-04:00,9.49211905455123,9.49211905455123,9.427491922621622,9.459805488586426,180100,0.0,0.0
2024-03-25 00:00:00-04:00,9.427494265235397,9.451729253127043,9.40325927734375,9.40325927734375,154400,0.0,0.0
2024-03-26 00:00:00-04:00,9.419413777860749,9.474346765521448,9.387100210388796,9.39517879486084,256000,0.0,0.0
2024-03-27 00:00:00-04:00,9.484040461479722,9.484040461479722,9.379021179589461,9.467884063720703,308900,0.0,0.0
2024-03-28 00:00:00-04:00,9.540591485574042,9.564826471753978,9.467885756617916,9.492120742797852,288100,0.0,0.0
2024-04-01 00:00:00-04:00,9.57290248795561,9.629451030670152,9.500196778513418,9.58098030090332,323900,0.0,0.0
2024-04-02 00:00:00-04:00,9.524432620516034,9.57290335467133,9.41133475443113,9.459805488586426,223600,0.0,0.0
2024-04-03 00:00:00-04:00,9.419414057967524,9.520394055622264,9.387100489534657,9.500198364257812,150100,0.0,0.0
2024-04-04 00:00:00-04:00,9.613293976777058,9.653686123654163,9.43153047145427,9.435569763183594,226500,0.0,0.0
2024-04-05 00:00:00-04:00,9.443651668250448,9.556749574429517,9.427495264748556,9.524435997009277,143000,0.0,0.0
2024-04-08 00:00:00-04:00,9.572902905611565,9.629451450793264,9.524432173730004,9.532510757446289,173400,0.0,0.0
2024-04-09 00:00:00-04:00,9.516355049797852,9.609257235953786,9.516355049797852,9.597139358520508,261300,0.0,0.0
2024-04-10 00:00:00-04:00,9.451728342196885,9.589061211041098,9.451728342196885,9.5405912399292,282000,0.0,0.0
2024-04-11 00:00:00-04:00,9.605217796481806,9.758707056206399,9.580982041986145,9.750628471374512,287000,0.0,0.0
2024-04-12 00:00:00-04:00,9.67731490249754,9.718044497301,9.567345229583927,9.595855712890625,329300,0.1,0.0
2024-04-15 00:00:00-04:00,9.620294120288337,9.66102293902009,9.465521812438965,9.465521812438965,367200,0.0,0.0
2024-04-16 00:00:00-04:00,9.506251195406561,9.506251195406561,9.449230228975502,9.457375526428223,233500,0.0,0.0
2024-04-17 00:00:00-04:00,9.465522843428666,9.498106368074534,9.388136681075038,9.424793243408203,457600,0.0,0.0
2024-04-18 00:00:00-04:00,9.416647564813365,9.416647564813365,9.33518836806028,9.359625816345215,269700,0.0,0.0
2024-04-19 00:00:00-04:00,9.318895164080661,9.384062980224687,9.237436753392306,9.261874198913574,337300,0.0,0.0
2024-04-22 00:00:00-04:00,9.302604217572487,9.318895589713298,9.229291100807782,9.278166770935059,296000,0.0,0.0
2024-04-23 00:00:00-04:00,9.31889766333273,9.506253534182795,9.31889766333273,9.47367000579834,195700,0.0,0.0
2024-04-24 00:00:00-04:00,9.530690986257987,9.636587647720615,9.47367000579834,9.47367000579834,353000,0.0,0.0
2024-04-25 00:00:00-04:00,9.384064674377441,9.424793498648407,9.367772523187034,9.384064674377441,333800,0.0,0.0
2024-04-26 00:00:00-04:00,9.449229876373266,9.55512573097871,9.449229876373266,9.530688285827637,224300,0.0,0.0
2024-04-29 00:00:00-04:00,9.604001752304908,9.612147826606465,9.530688637295707,9.5877103805542,139700,0.0,0.0
2024-04-30 00:00:00-04:00,9.620291492491397,9.652875004688017,9.392206130262853,9.43293571472168,400000,0.0,0.0
2024-05-01 00:00:00-04:00,9.424791087883117,9.56327123016967,9.375916200518645,9.408499717712402,554100,0.0,0.0
2024-05-02 00:00:00-04:00,9.465519998980051,9.465519998980051,9.343332012489434,9.37591552734375,215700,0.0,0.0
2024-05-03 00:00:00-04:00,9.522541964417616,9.555125482723275,9.48995844611196,9.514396667480469,146100,0.0,0.0
2024-05-06 00:00:00-04:00,9.546980224803605,9.685460372381694,9.546980224803605,9.652876853942871,316700,0.0,0.0
2024-05-07 00:00:00-04:00,9.726189187790956,9.730262224702354,9.620293335504048,9.652876853942871,214900,0.0,0.0
2024-05-08 00:00:00-04:00,9.59585539506444,9.67731458197333,9.57956402379409,9.620293617248535,198400,0.0,0.0
2024-05-09 00:00:00-04:00,9.69360666172815,9.69360666172815,9.612962387072237,9.661023139953613,166200,0.0,0.0
2024-05-10 00:00:00-04:00,9.69360804042755,9.718046267873573,9.648806177148268,9.677316665649414,152800,0.0,0.0
2024-05-13 00:00:00-04:00,9.766919918369979,9.767734836588179,9.669169351660852,9.709898948669434,231700,0.0,0.0
2024-05-14 00:00:00-04:00,9.668826302599873,9.833122253417969,9.668826302599873,9.833122253417969,303200,0.1,0.0
2024-05-15 00:00:00-04:00,9.857762964123477,9.989199678297185,9.857762964123477,9.980984687805176,266200,0.0,0.0
2024-05-16 00:00:00-04:00,9.989201262406075,9.989201262406075,9.911160407205319,9.923482894897461,163100,0.0,0.0
2024-05-17 00:00:00-04:00,9.849551133006,9.964558686510506,9.849551133006,9.948128700256348,131800,0.0,0.0
2024-05-20 00:00:00-04:00,9.972773551940918,10.009740237114565,9.94812857287525,9.972773551940918,148900,0.0,0.0
2024-05-21 00:00:00-04:00,9.94812857287525,10.022061943222544,9.94812857287525,9.972773551940918,195600,0.0,0.0
2024-05-22 00:00:00-04:00,9.96455727046483,10.022060647332946,9.96455727046483,10.005631446838379,262400,0.0,0.0
2024-05-23 00:00:00-04:00,10.030277624886237,10.095996006723622,9.882410874039662,9.907055854797363,219900,0.0,0.0
2024-05-24 00:00:00-04:00,9.956342639715205,10.063135188790898,9.939913438624597,10.054920196533203,171400,0.0,0.0
2024-05-28 00:00:00-04:00,10.05491920197528,10.079564176310669,10.005630820153913,10.06313419342041,188400,0.0,0.0
2024-05-29 00:00:00-04:00,9.972773594436289,10.05492117473066,9.957986450248907,9.964558601379395,278200,0.0,0.0
2024-05-30 00:00:00-04:00,9.948128383207173,9.972773361802966,9.874195797694309,9.890625,183800,0.0,0.0
2024-05-31 00:00:00-04:00,9.948128615265606,9.997417790182114,9.812584363526277,9.964558601379395,267300,0.0,0.0
2024-06-03 00:00:00-04:00,9.964557111884739,9.964557111884739,9.874194552040802,9.915267944335938,250200,0.0,0.0
2024-06-04 00:00:00-04:00,9.931697804293902,9.972771979502198,9.898838620812212,9.939912796020508,186500,0.0,0.0
2024-06-05 00:00:00-04:00,10.005632836163565,10.301365536952318,9.957165473666322,10.24386215209961,587100,0.0,0.0
2024-06-06 00:00:00-04:00,10.276721000671387,10.350654369275832,10.252076022186682,10.276721000671387,198500,0.0,0.0
2024-06-07 00:00:00-04:00,10.268506347975789,10.29315054385197,10.227432165898914,10.24386215209961,225700,0.0,0.0
2024-06-10 00:00:00-04:00,10.202788197781391,10.33422495662159,10.186358211213927,10.317795753479004,246500,0.0,0.0
2024-06-11 00:00:00-04:00,10.317796493592454,10.35065568565955,10.284937301525357,10.326010704040527,236600,0.0,0.0
2024-06-12 00:00:00-04:00,10.35065178182182,10.465658518968407,10.35065178182182,10.432799339294434,374000,0.0,0.0
2024-06-13 00:00:00-04:00,10.465662302361553,10.494413997042091,10.424588117064387,10.441018104553223,292100,0.0,0.0
2024-06-14 00:00:00-04:00,10.39172892551164,10.457447308617136,10.342440529894981,10.441018104553223,139300,0.0,0.0
2024-06-17 00:00:00-04:00,10.49897808711305,10.606617544525388,10.49897808711305,10.573497772216797,353600,0.1,0.0
2024-06-18 00:00:00-04:00,10.639736286635104,10.681135405784104,10.627316077107855,10.656295776367188,182400,0.0,0.0
2024-06-20 00:00:00-04:00,10.739096633759754,10.739096633759754,10.532097859421642,10.573497772216797,327700,0.0,0.0
2024-06-21 00:00:00-04:00,10.573497772216797,10.631457176347416,10.532097859421642,10.573497772216797,121000,0.0,0.0
2024-06-24 00:00:00-04:00,10.556935485400654,10.599991260184888,10.49069595336914,10.49069595336914,208700,0.0,0.0
2024-06-25 00:00:00-04:00,10.532098770141602,10.540378121706429,10.49069885376656,10.532098770141602,244700,0.0,0.0
2024-06-26 00:00:00-04:00,10.532094395688134,10.590053780757412,10.515534120161256,10.565214157104492,221300,0.0,0.0
2024-06-27 00:00:00-04:00,10.598336377848522,10.672856055736855,10.590056238163688,10.656295776367188,293600,0.0,0.0
2024-06-28 00:00:00-04:00,10.664576301387232,10.722535702000101,10.639736671072802,10.68941593170166,312700,0.0,0.0
2024-07-01 00:00:00-04:00,10.648014944680707,10.83017405772082,10.610755108158012,10.797054290771484,373800,0.0,0.0
2024-07-02 00:00:00-04:00,10.755653381347656,10.772213658096286,10.73081375586217,10.755653381347656,233400,0.0,0.0
2024-07-03 00:00:00-04:00,10.780494689941406,10.82189380596916,10.755654272759728,10.780494689941406,222100,0.0,0.0
2024-07-05 00:00:00-04:00,10.821894605656261,11.012333869934082,10.81361525562142,11.012333869934082,277900,0.0,0.0
2024-07-08 00:00:00-04:00,11.01233207777795,11.016472146940403,10.896412510141621,10.966792106628418,229700,0.0,0.0
2024-07-09 00:00:00-04:00,11.00405216217041,11.119971732152903,10.929532495012912,11.00405216217041,255400,0.0,0.0
2024-07-10 00:00:00-04:00,11.086852524813501,11.095131874084473,11.012332853912206,11.095131874084473,186000,0.0,0.0
2024-07-11 00:00:00-04:00,11.037172720320767,11.078572626123334,10.937813420177118,10.946093559265137,218400,0.0,0.0
2024-07-12 00:00:00-04:00,10.946093345136001,11.020613016195353,10.813614280869379,10.846734046936035,198400,0.0,0.0
2024-07-15 00:00:00-04:00,10.9301695792627,11.130416764065565,10.880107385206193,11.038636207580566,340700,0.1,0.0
2024-07-16 00:00:00-04:00,10.988575799578008,11.088699401003053,10.988575799578008,10.996919631958008,252900,0.0,0.0
2024-07-17 00:00:00-04:00,10.846732256761069,10.896794448059197,10.521330002602085,10.563048362731934,395000,0.0,0.0
2024-07-18 00:00:00-04:00,10.596422861831522,10.597257563230613,10.321082799746605,10.337770462036133,269100,0.0,0.0
2024-07-19 00:00:00-04:00,10.312740578228027,10.446239510246327,10.287709876598447,10.346115112304688,482200,0.0,0.0
2024-07-22 00:00:00-04:00,10.387832626304748,10.495466146330674,10.34611426320481,10.437894821166992,255300,0.0,0.0
2024-07-23 00:00:00-04:00,10.48795655500667,10.663173049048597,10.462925854632571,10.554705619812012,136000,0.0,0.0
2024-07-24 00:00:00-04:00,10.471268762785952,10.487955629659204,10.195928695829139,10.23764705657959,239000,0.0,0.0
2024-07-25 00:00:00-04:00,10.1792416241311,10.245990686921866,10.095805693498438,10.112492561340332,218200,0.0,0.0
2024-07-26 00:00:00-04:00,10.179241760318266,10.20427246027179,10.095805828569324,10.104148864746094,133100,0.0,0.0
2024-07-29 00:00:00-04:00,10.137520952044316,10.204269999632366,10.087459564208984,10.087459564208984,184600,0.0,0.0
2024-07-30 00:00:00-04:00,10.170896625834487,10.229302645861404,9.903900405293733,9.937274932861328,218100,0.0,0.0
2024-07-31 00:00:00-04:00,10.112493050272287,10.24599118230836,10.104149218092124,10.229304313659668,242700,0.0,0.0
2024-08-01 00:00:00-04:00,10.387830278355214,10.437892461901958,10.070771904456265,10.087459564208984,290600,0.0,0.0
2024-08-02 00:00:00-04:00,9.937278290055396,9.937278290055396,9.611876735266092,9.645251274108887,301800,0.0,0.0
2024-08-05 00:00:00-04:00,9.019475887731096,9.445000955902893,8.92769533137689,9.386595726013184,483900,0.0,0.0
2024-08-06 00:00:00-04:00,9.378252709071809,9.737029542615758,9.378252709071809,9.620218276977539,263500,0.0,0.0
2024-08-07 00:00:00-04:00,9.795435354577341,9.862184425813409,9.578500475204276,9.59518814086914,337100,0.0,0.0
2024-08-08 00:00:00-04:00,9.653591235019785,9.862182235228245,9.595186009589103,9.787089347839355,199700,0.0,0.0
2024-08-09 00:00:00-04:00,9.76206053288549,9.853841099929255,9.76206053288549,9.837153434753418,75500,0.0,0.0
2024-08-12 00:00:00-04:00,9.878872982158319,9.995683469497232,9.853842277115946,9.920591354370117,136600,0.0,0.0
2024-08-13 00:00:00-04:00,9.978994876521732,10.095806139420816,9.937276511506942,10.045743942260742,108900,0.0,0.0
2024-08-14 00:00:00-04:00,10.120834611442767,10.220958188003138,10.05325085908715,10.15420913696289,113800,0.0,0.0
2024-08-15 00:00:00-04:00,10.263575272764255,10.3308773425683,10.246750156465223,10.305639266967773,178700,0.1,0.0
2024-08-16 00:00:00-04:00,10.28040524538586,10.298071985503402,10.229928271975544,10.288817405700684,65300,0.0,0.0
2024-08-19 00:00:00-04:00,10.288816309181327,10.351912719795859,10.256006881689455,10.329197883605957,155600,0.0,0.0
2024-08-20 00:00:00-04:00,10.330877023724105,10.34349646228687,10.271987915039062,10.271987915039062,119300,0.0,0.0
2024-08-21 00:00:00-04:00,10.297228566841206,10.381356573705622,10.288815605693937,10.314054489135742,187100,0.0,0.0
2024-08-22 00:00:00-04:00,10.38135586058251,10.41500690055587,10.263576819523712,10.29722785949707,177100,0.0,0.0
2024-08-23 00:00:00-04:00,10.305639967404199,10.515959150412447,10.2593694904051,10.423418998718262,293800,0.0,0.0
2024-08-26 00:00:00-04:00,10.45707119595734,10.507547356188619,10.347705112384098,10.431832313537598,116500,0.0,0.0
2024-08-27 00:00:00-04:00,10.34770397394543,10.448657085605383,10.305639976844446,10.322465896606445,200900,0.0,0.0
2024-08-28 00:00:00-04:00,10.305638628746424,10.406591727200531,10.187859612731343,10.238336563110352,146900,0.0,0.0
2024-08-29 00:00:00-04:00,10.271991098466971,10.457072243227003,10.246753015823751,10.381357192993164,135100,0.0,0.0
2024-08-30 00:00:00-04:00,10.465484619140625,10.583263677753225,10.410801971898039,10.465484619140625,164800,0.0,0.0
2024-09-03 00:00:00-04:00,10.465481445452914,10.465481445452914,10.141590536521472,10.229924201965332,272900,0.0,0.0
2024-09-04 00:00:00-04:00,10.154212103669572,10.263578198856838,10.145799944273772,10.179450988769531,156300,0.0,0.0
2024-09-05 00:00:00-04:00,10.238338168800725,10.243385463478246,10.07428945837284,10.103734016418457,126500,0.0,0.0
2024-09-06 00:00:00-04:00,10.078496065490889,10.128973028440907,9.809287735901743,9.851351737976074,249000,0.0,0.0
2024-09-09 00:00:00-04:00,9.927066448753084,10.120559728588416,9.90182836927545,9.91865348815918,213900,0.0,0.0
2024-09-10 00:00:00-04:00,9.994368240332857,10.059146269966638,9.935479122483965,9.96071720123291,220700,0.0,0.0
2024-09-11 00:00:00-04:00,10.019607925686534,10.179450988769531,9.93548071559923,10.179450988769531,341400,0.0,0.0
2024-09-12 00:00:00-04:00,10.196273167181392,10.322465149349135,10.137384056885486,10.229924201965332,342800,0.0,0.0
2024-09-13 00:00:00-04:00,10.204687700146351,10.33087889947043,10.204687700146351,10.29722785949707,543400,0.0,0.0
2024-09-16 00:00:00-04:00,10.297229133784413,10.377808183990243,10.254818639042295,10.36508560180664,263800,0.1,0.0
2024-09-17 00:00:00-04:00,10.415977904439583,10.447362108434596,10.348121434097663,10.407496452331543,119000,0.0,0.0
2024-09-18 00:00:00-04:00,10.449906104459075,10.712850532834212,10.424460130394685,10.534727096557617,377900,0.0,0.0
2024-09-19 00:00:00-04:00,10.738295555114746,10.78749201738005,10.662805380364096,10.738295555114746,276000,0.0,0.0
2024-09-20 00:00:00-04:00,10.738295622832977,10.738295622832977,10.611064954072779,10.687403678894043,134100,0.0,0.0
2024-09-23 00:00:00-04:00,10.721330278273763,10.721330278273763,10.656017854651786,10.678919792175293,146100,0.0,0.0
2024-09-24 00:00:00-04:00,10.729812935503112,10.729812935503112,10.644992762676358,10.695884704589844,180600,0.0,0.0
2024-09-25 00:00:00-04:00,10.661956473676575,10.721331484459418,10.661956473676575,10.695884704589844,159300,0.0,0.0
2024-09-26 00:00:00-04:00,10.76374062119737,10.848561598640492,10.76374062119737,10.8146333694458,170100,0.0,0.0
2024-09-27 00:00:00-04:00,10.865526117694232,10.865526117694232,10.80615110991893,10.8146333694458,179600,0.0,0.0
2024-09-30 00:00:00-04:00,10.857044187641037,10.89945467764961,10.814633697632464,10.882490158081055,226300,0.0,0.0
2024-10-01 00:00:00-04:00,10.907937437447096,10.924901959051352,10.66195753657576,10.82311725616455,242800,0.0,0.0
2024-10-02 00:00:00-04:00,10.848562285853948,10.967311500014056,10.763741303037753,10.924901008605957,199100,0.0,0.0
2024-10-03 00:00:00-04:00,10.84008037200983,10.953739910196445,10.780706167489853,10.865527153015137,183000,0.0,0.0
2024-10-04 00:00:00-04:00,10.992757516512247,11.001239776611328,10.875704592100917,11.001239776611328,107400,0.0,0.0
2024-10-07 00:00:00-04:00,11.03516759854679,11.043649858331069,10.806151437848186,10.882490158081055,302800,0.0,0.0
2024-10-08 00:00:00-04:00,10.975793838500977,11.02159772298546,10.907937370327316,10.975793838500977,159700,0.0,0.0
2024-10-09 00:00:00-04:00,10.984275223267105,11.043650234868647,10.94186473181253,11.02668571472168,241200,0.0,0.0
2024-10-10 00:00:00-04:00,11.018203846011916,11.0606143389729,10.9639185120914,11.04365062713623,120100,0.0,0.0
2024-10-11 00:00:00-04:00,11.035168332764892,11.11150705807691,11.018203812067613,11.069096565246582,143200,0.0,0.0
2024-10-14 00:00:00-04:00,11.069097201968043,11.187845618028218,11.050436389910194,11.103025436401367,173900,0.0,0.0
2024-10-15 00:00:00-04:00,11.145761059028667,11.171402919190454,10.949172105888223,10.957718849182129,322100,0.1,0.0
2024-10-16 00:00:00-04:00,10.906433143360385,10.97908574654253,10.906433143360385,10.949170112609863,259600,0.0,0.0
2024-10-17 00:00:00-04:00,10.983363236148083,11.069691470420324,10.95344677696706,10.991909980773926,191900,0.0,0.0
2024-10-18 00:00:00-04:00,11.11157093482073,11.11157093482073,10.89788687838187,11.009002685546875,99700,0.0,0.0
2024-10-21 00:00:00-04:00,10.991906266719452,11.026095679091057,10.897885586482511,10.949170112609863,180000,0.0,0.0
2024-10-22 00:00:00-04:00,10.86369815182888,10.991908267777859,10.86369815182888,10.957718849182129,235800,0.0,0.0
2024-10-23 00:00:00-04:00,10.889338332695191,11.060285399311303,10.786770092725524,10.795317649841309,264500,0.0,0.0
2024-10-24 00:00:00-04:00,10.812413470902602,10.910708761290463,10.79531916940473,10.86369800567627,194200,0.0,0.0
2024-10-25 00:00:00-04:00,10.94062385269764,11.043192101971494,10.923528736915337,11.009002685546875,309000,0.0,0.0
2024-10-28 00:00:00-04:00,11.009002532113342,11.036353738815848,10.897886726496969,10.914981842041016,234300,0.0,0.0
2024-10-29 00:00:00-04:00,10.897886845761205,11.009002652593606,10.863697429438925,10.966265678405762,194900,0.0,0.0
2024-10-30 00:00:00-04:00,10.91498234625318,10.991907924335,10.872245370558828,10.897887229919434,197400,0.0,0.0
2024-10-31 00:00:00-04:00,10.88079093026611,10.923527901312687,10.667106890173155,10.718391418457031,247800,0.0,0.0
2024-11-01 00:00:00-04:00,10.735489164144253,10.991909422991133,10.735489164144253,10.923530578613281,203400,0.0,0.0
2024-11-04 00:00:00-05:00,10.966265871085593,10.966265871085593,10.863697620316607,10.932076454162598,129500,0.0,0.0
2024-11-05 00:00:00-05:00,10.914982968456577,11.085930065838737,10.914982968456577,11.051740646362305,133900,0.0,0.0
2024-11-06 00:00:00-05:00,11.367993784690347,11.367993784690347,11.026098750593876,11.128667831420898,331100,0.0,0.0
2024-11-07 00:00:00-05:00,11.179949223786814,11.325254440307617,11.158581145238438,11.325254440307617,242800,0.0,0.0
2024-11-08 00:00:00-05:00,11.325255764112473,11.444919137334642,11.325255764112473,11.427824020385742,190100,0.0,0.0
2024-11-11 00:00:00-05:00,11.393634260638944,11.427823678373478,11.335512332004237,11.367992401123047,216400,0.0,0.0
2024-11-12 00:00:00-05:00,11.376538970019643,11.402180827305683,11.28251746807092,11.325254440307617,207400,0.0,0.0
2024-11-13 00:00:00-05:00,11.265425682067871,11.385088252864625,11.265425682067871,11.265425682067871,154700,0.0,0.0
2024-11-14 00:00:00-05:00,11.248329416708543,11.359445231936217,11.188498137409045,11.299613952636719,163500,0.0,0.0
2024-11-15 00:00:00-05:00,11.170425318641305,11.19626261778044,11.041237180239772,11.10152530670166,230700,0.1,0.0
2024-11-18 00:00:00-05:00,11.101525220224925,11.299612547670145,11.101525220224925,11.256549835205078,172200,0.0,0.0
2024-11-19 00:00:00-05:00,11.21349071831941,11.340955688814491,11.161815286306199,11.265165328979492,187100,0.0,0.0
2024-11-20 00:00:00-05:00,11.27377759520633,11.294447767199994,11.135977543719358,11.222102165222168,231200,0.0,0.0
2024-11-21 00:00:00-05:00,11.29961359588212,11.402963622573825,11.213488984315532,11.325450897216797,213500,0.0,0.0
2024-11-22 00:00:00-05:00,11.351287743506466,11.36851233534176,11.265162320271271,11.282387733459473,187600,0.0,0.0
2024-11-25 00:00:00-05:00,11.316840247566144,11.402104090504814,11.299614830558856,11.3082275390625,152600,0.0,0.0
2024-11-26 00:00:00-05:00,11.282389876966286,11.382294335567934,11.282389876966286,11.334064483642578,204800,0.0,0.0
2024-11-27 00:00:00-05:00,11.265164817897366,11.342677551723991,11.187652084070741,11.3082275390625,229700,0.0,0.0
2024-11-29 00:00:00-05:00,11.342677041029642,11.420189771366323,11.308227029919234,11.351289749145508,138900,0.0,0.0
2024-12-02 00:00:00-05:00,11.377124535038975,11.514924548993415,11.342674531550365,11.471861839294434,377100,0.0,0.0
2024-12-03 00:00:00-05:00,11.42879938258481,11.566599389686342,11.42879938258481,11.523536682128906,307900,0.0,0.0
2024-12-04 00:00:00-05:00,11.523540658845333,11.704403435919145,11.483061913324065,11.661340713500977,287000,0.0,0.0
2024-12-05 00:00:00-05:00,11.687178018410632,11.738853449583056,11.626890699837066,11.661340713500977,138300,0.0,0.0
2024-12-06 00:00:00-05:00,11.64411465888726,11.756076573256587,11.635501951211769,11.704401969909668,145700,0.0,0.0
2024-12-09 00:00:00-05:00,11.713014934287346,11.764689538766763,11.514926760174827,11.53215217590332,195000,0.0,0.0
2024-12-10 00:00:00-05:00,11.5493761196891,11.59243883523153,11.273776054382324,11.273776054382324,352100,0.0,0.0
2024-12-11 00:00:00-05:00,11.30822450037137,11.411574510584128,11.29961179418209,11.394349098205566,365100,0.0,0.0
2024-12-12 00:00:00-05:00,11.359901635908319,11.489089793587137,11.325451624797912,11.351289749145508,147600,0.0,0.0
2024-12-13 00:00:00-05:00,11.402961804394847,11.497699929771194,11.368511800990595,11.394349098205566,161700,0.0,0.0
2024-12-16 00:00:00-05:00,11.446419162369557,11.503694637281736,11.416045929856812,11.472454071044922,225800,0.1,0.0
2024-12-17 00:00:00-05:00,11.394352230514272,11.463777005927525,11.324927455101017,11.42038631439209,249700,0.0,0.0
2024-12-18 00:00:00-05:00,11.385672438806079,11.498487891012047,11.134007453918457,11.134007453918457,281500,0.0,0.0
2024-12-19 00:00:00-05:00,11.160041395321654,11.316247531446178,11.038548469543457,11.038548469543457,257200,0.0,0.0
2024-12-20 00:00:00-05:00,10.97780239809571,11.186077545259526,10.925734232011191,11.064583778381348,296500,0.0,0.0
2024-12-23 00:00:00-05:00,11.090618389463483,11.21211216212615,11.07326260914517,11.194755554199219,336200,0.0,0.0
2024-12-24 00:00:00-05:00,11.194754856145758,11.342282703891046,11.194754856145758,11.290214538574219,170700,0.0,0.0
2024-12-26 00:00:00-05:00,11.246823032036401,11.299759354893284,11.203432345685487,11.2988920211792,174200,0.0,0.0
2024-12-27 00:00:00-05:00,11.203433573420458,11.272858348146475,11.108842048883467,11.246824264526367,314300,0.0,0.0
2024-12-30 00:00:00-05:00,11.07326234718178,11.168721205695752,11.012515048483255,11.081940650939941,382000,0.0,0.0
2024-12-31 00:00:00-05:00,11.107972418838548,11.22946533568981,11.055903434753418,11.055903434753418,257100,0.0,0.0
2025-01-02 00:00:00-05:00,11.107974523450938,11.281536457271866,11.073262136686752,11.147026062011719,221300,0.0,0.0
2025-01-03 00:00:00-05:00,11.25550282466007,11.350961685180664,11.186078048352616,11.350961685180664,159200,0.0,0.0
2025-01-06 00:00:00-05:00,11.429063384194496,11.53320053607041,11.37699439445228,11.472454071044922,205300,0.0,0.0
2025-01-07 00:00:00-05:00,11.524523625949298,11.524523625949298,11.282405070310716,11.350961685180664,238100,0.0,0.0
2025-01-08 00:00:00-05:00,11.333603866781239,11.397821318132642,11.255500800578508,11.342281341552734,135200,0.0,0.0
2025-01-10 00:00:00-05:00,11.29021538581089,11.29021538581089,11.055906141476513,11.116653442382812,261500,0.0,0.0
2025-01-13 00:00:00-05:00,11.064584305181704,11.194755554199219,11.055906001218238,11.194755554199219,213100,0.0,0.0
2025-01-14 00:00:00-05:00,11.212110522954012,11.264178683905383,11.107973373442771,11.134007453918457,190000,0.0,0.0
2025-01-15 00:00:00-05:00,11.30018758221045,11.440127851421385,11.30018758221045,11.405142784118652,199100,0.1,0.0
2025-01-16 00:00:00-05:00,11.457621422498855,11.527591560892846,11.378904808278154,11.48386001586914,161400,0.0,0.0
2025-01-17 00:00:00-05:00,11.658784091026744,11.667530565900073,11.501350879745832,11.536335945129395,201300,0.0,0.0
2025-01-21 00:00:00-05:00,11.60630828769731,11.829337584672935,11.594062720955224,11.807472229003906,219900,0.0,0.0
2025-01-22 00:00:00-05:00,11.894936581387471,11.964906727880695,11.840709425916742,11.938667297363281,165500,0.0,0.0
2025-01-23 00:00:00-05:00,11.894936065936188,12.02612987639839,11.868696636555823,11.99989128112793,223100,0.0,0.0
2025-01-24 00:00:00-05:00,12.008637443856506,12.017383920695645,11.921175177794945,11.938667297363281,128900,0.0,0.0
2025-01-27 00:00:00-05:00,11.51009880346351,11.676278510535775,11.30893486071376,11.361412048339844,429300,0.0,0.0
2025-01-28 00:00:00-05:00,11.45761875721944,11.641290536305267,11.409513985472545,11.571319580078125,199900,0.0,0.0
2025-01-29 00:00:00-05:00,11.580069366097417,11.640418884771059,11.536337818738113,11.562577247619629,255300,0.0,0.0
2025-01-30 00:00:00-05:00,11.650038999035369,11.807472229003906,11.571322384051099,11.807472229003906,179400,0.0,0.0
2025-01-31 00:00:00-05:00,11.89493596098412,11.973651746100968,11.734004465621405,11.746249198913574,180400,0.0,0.0
2025-02-03 00:00:00-05:00,11.44887506568061,11.851203782683095,11.44887506568061,11.737502098083496,207600,0.0,0.0
2025-02-04 00:00:00-05:00,11.903682551978827,11.903682551978827,11.80659882507627,11.8162202835083,171200,0.0,0.0
2025-02-05 00:00:00-05:00,11.789979562649943,11.894935607910156,11.781233920636486,11.894935607910156,205500,0.0,0.0
2025-02-06 00:00:00-05:00,11.894936752656077,11.894936752656077,11.807473651225243,11.842458724975586,208000,0.0,0.0
2025-02-07 00:00:00-05:00,11.894936752656077,11.95616042319169,11.833712248010512,11.842458724975586,171000,0.0,0.0
2025-02-10 00:00:00-05:00,11.956159767125971,11.98239836247146,11.877443146979598,11.973651885986328,252700,0.0,0.0
2025-02-11 00:00:00-05:00,11.938665358899293,11.973650426465431,11.877441699186004,11.96490478515625,267000,0.0,0.0
2025-02-12 00:00:00-05:00,11.894935303666731,11.964905442643959,11.816218688789887,11.947412490844727,192500,0.0,0.0
2025-02-13 00:00:00-05:00,11.964903861760357,12.026127516748687,11.929918796894205,12.008634567260742,182000,0.0,0.0
2025-02-14 00:00:00-05:00,12.069862365722656,12.122339560355424,12.034877291264154,12.069862365722656,227200,0.0,0.0
2025-02-18 00:00:00-05:00,12.175582609572508,12.211704415422545,12.149152491256903,12.184392929077148,161500,0.1,0.0
2025-02-19 00:00:00-05:00,12.202010534425456,12.202010534425456,12.052238500876117,12.105098724365234,265800,0.0,0.0
2025-02-20 00:00:00-05:00,12.105101422434577,12.131532380268355,11.964139674780922,11.999380111694336,241200,0.0,0.0
2025-02-21 00:00:00-05:00,11.999379234027092,12.113910855668106,11.831987380981445,11.831987380981445,210800,0.0,0.0
2025-02-24 00:00:00-05:00,11.805555405173664,11.876036267756335,11.620542930844609,11.638163566589355,392600,0.0,0.0
2025-02-25 00:00:00-05:00,11.620543433592067,11.71745525398462,11.422316314076575,11.541253089904785,309600,0.0,0.0
2025-02-26 00:00:00-05:00,11.558872130713665,11.717454488119502,11.558872130713665,11.6734037399292,188800,0.0,0.0
2025-02-27 00:00:00-05:00,11.761504727242663,11.761504727242663,11.391479802776729,11.435529708862305,250000,0.0,0.0
2025-02-28 00:00:00-05:00,11.426721488457622,11.567683219909668,11.373860419064005,11.567683219909668,247600,0.0,0.0
2025-03-03 00:00:00-05:00,11.611734711650325,11.726266335809646,11.241709722888904,11.268139839172363,391000,0.0,0.0
2025-03-04 00:00:00-05:00,11.162415777772521,11.320998116714836,11.039073865239827,11.153605461120605,362400,0.0,0.0
2025-03-05 00:00:00-05:00,11.171228733784462,11.400291139467196,11.171228733784462,11.356241226196289,171500,0.0,0.0
2025-03-06 00:00:00-05:00,11.206466520834057,11.356238543124459,11.100745241605194,11.153605461120605,196700,0.0,0.0
2025-03-07 00:00:00-05:00,11.09193965804009,11.188850661970328,10.880497009356809,11.127180099487305,265200,0.0,0.0
2025-03-10 00:00:00-04:00,10.950973678041382,11.061980647792554,10.686670048798758,10.72191047668457,477500,0.0,0.0
2025-03-11 00:00:00-04:00,10.739532859989472,10.797679622031014,10.510470443600381,10.73072338104248,422100,0.0,0.0
2025-03-12 00:00:00-04:00,10.827634285869884,10.93335559418664,10.730723296629092,10.898115158081055,301500,0.0,0.0
2025-03-13 00:00:00-04:00,10.915733959590499,10.933353754579512,10.686670743346419,10.75715160369873,208400,0.0,0.0
2025-03-14 00:00:00-04:00,10.836445696818783,11.02145821506441,10.810015577126082,10.977407455444336,173700,0.0,0.0
2025-03-17 00:00:00-04:00,10.977404866380644,11.181677409520683,10.977404866380644,11.08398151397705,192400,0.1,0.0
2025-03-18 00:00:00-04:00,11.066220221390333,11.066220221390333,10.808659753313668,10.932999610900879,322600,0.0,0.0
2025-03-19 00:00:00-04:00,10.897474347522726,11.190560375974808,10.879711147254838,11.030694961547852,259700,0.0,0.0
2025-03-20 00:00:00-04:00,10.995168064477998,11.181677409520683,10.940991665474517,11.08398151397705,180000,0.0,0.0
2025-03-21 00:00:00-04:00,10.950760633527096,11.146151572574272,10.950760633527096,11.137269973754883,190200,0.0,0.0
2025-03-24 00:00:00-04:00,11.252727728832909,11.43035546252882,11.252727728832909,11.377067565917969,138600,0.0,0.0
2025-03-25 00:00:00-04:00,11.43035546252882,11.43035546252882,11.323778822311272,11.377067565917969,212500,0.0,0.0
2025-03-26 00:00:00-04:00,11.403712226966178,11.430356176936876,11.155033384249242,11.26161003112793,215200,0.0,0.0
2025-03-27 00:00:00-04:00,11.199439411439315,11.31489765448457,11.155033111572266,11.155033111572266,233000,0.0,0.0
2025-03-28 00:00:00-04:00,11.075101588411089,11.1550342918224,10.89747382916149,10.968524932861328,277600,0.0,0.0
2025-03-31 00:00:00-04:00,10.835303047651793,10.941879698966881,10.70918704714703,10.87971019744873,205200,0.0,0.0
2025-04-01 00:00:00-04:00,10.853068427420645,11.030696215308849,10.746491754687721,10.977407455444336,261400,0.0,0.0
2025-04-02 00:00:00-04:00,10.888592489009952,11.101745805190573,10.884151689048355,11.075101852416992,152000,0.0,0.0
2025-04-03 00:00:00-04:00,10.719844674649675,10.746489472421343,10.444521873643168,10.45340347290039,486500,0.0,0.0
2025-04-04 00:00:00-04:00,10.302421145683184,10.302421145683184,9.716248215883752,9.769536972045898,686900,0.0,0.0
2025-04-07 00:00:00-04:00,9.210007743647921,9.991570709689839,8.925803336722112,9.49421215057373,911100,0.0,0.0
2025-04-08 00:00:00-04:00,9.893877587650401,10.1247932898499,9.5208588072563,9.65407943725586,533500,0.0,0.0
2025-04-09 00:00:00-04:00,9.6984841261398,10.657674789428711,9.60078907882189,10.657674789428711,365100,0.0,0.0
2025-04-10 00:00:00-04:00,10.240250788994672,10.422319364804935,10.035979058864541,10.213606834411621,288300,0.0,0.0
2025-04-11 00:00:00-04:00,10.213607054533032,10.400116434626087,10.169199897940198,10.329065322875977,222900,0.0,0.0
2025-04-14 00:00:00-04:00,10.480047946275688,10.552875200425495,10.266894635448757,10.36458969116211,223600,0.0,0.0
2025-04-15 00:00:00-04:00,10.310842956446788,10.551817522110376,10.310842956446788,10.481047630310059,258400,0.1,0.0
2025-04-16 00:00:00-04:00,10.3377172138425,10.417444616992073,10.081513597234215,10.221261024475098,182600,0.0,0.0
2025-04-17 00:00:00-04:00,10.283966261677058,10.309945176007805,10.179156134844904,10.248133659362793,117800,0.0,0.0
2025-04-21 00:00:00-04:00,10.131678775209952,10.15407383224392,9.88980805852311,9.997305870056152,180200,0.0,0.0
2025-04-22 00:00:00-04:00,10.104803842884413,10.301883594332487,10.050159185223283,10.239176750183105,116700,0.0,0.0
2025-04-23 00:00:00-04:00,10.51687897709553,10.660209391439025,10.409381166337909,10.454172134399414,177500,0.0,0.0
2025-04-24 00:00:00-04:00,10.543752766039598,10.794580960108018,10.454170840999742,10.785622596740723,199300,0.0,0.0
2025-04-25 00:00:00-04:00,10.83041373508604,10.928953170776367,10.710374568691787,10.928953170776367,146500,0.0,0.0
2025-04-28 00:00:00-04:00,10.937912184077415,10.937912184077415,10.749790810717199,10.902079582214355,176500,0.0,0.0
2025-04-29 00:00:00-04:00,10.848329111236621,10.973743631724567,10.821454876245108,10.937911033630371,147400,0.0,0.0
2025-04-30 00:00:00-04:00,10.83937209859877,10.928953170776367,10.66020824561044,10.928953170776367,224400,0.0,0.0
2025-05-01 00:00:00-04:00,10.991662578639312,11.224574086149778,10.96478748390154,11.06332778930664,331900,0.0,0.0
2025-05-02 00:00:00-04:00,11.126032747332227,11.30519574360236,11.126032747332227,11.22457218170166,169100,0.0,0.0
2025-05-05 00:00:00-04:00,11.143947177184643,11.271153187080044,11.143051853551214,11.233529090881348,75000,0.0,0.0
2025-05-06 00:00:00-04:00,11.152907627903769,11.242489558375528,11.0902007891635,11.197698593139648,93400,0.0,0.0
2025-05-07 00:00:00-04:00,11.179781817034746,11.281009791016281,11.117074978565299,11.215615272521973,217800,0.0,0.0
2025-05-08 00:00:00-04:00,11.341030070716942,11.439570374416022,11.267573359202187,11.358946800231934,111300,0.0,0.0
2025-05-09 00:00:00-04:00,11.376860698433168,11.397464250341708,11.27652976439747,11.278321266174316,157800,0.0,0.0
2025-05-12 00:00:00-04:00,11.600816676539436,11.699356980307082,11.538109831826707,11.618733406066895,247900,0.0,0.0
2025-05-13 00:00:00-04:00,11.672483074178205,11.959144795580517,11.627692100116896,11.923312187194824,200000,0.0,0.0
2025-05-14 00:00:00-04:00,12.030807691500113,12.066640292973373,11.905393159185403,11.994975090026855,218900,0.0,0.0
2025-05-15 00:00:00-04:00,11.913744408724476,12.085230608193566,11.868616416193406,11.976923942565918,320900,0.1,0.0
2025-05-16 00:00:00-04:00,12.094256691792005,12.103282463323097,12.004001558715913,12.08523178100586,211200,0.0,0.0
2025-05-19 00:00:00-04:00,11.877641658076634,12.130357199957356,11.823488758046036,12.076204299926758,154300,0.0,0.0
2025-05-20 00:00:00-04:00,12.067178651908788,12.103280872543163,11.976923530695268,12.031076431274414,233800,0.0,0.0
2025-05-21 00:00:00-04:00,11.940822754369327,12.049130297924947,11.742260932922363,11.742260932922363,289700,0.0,0.0
2025-05-22 00:00:00-04:00,11.751285948529794,11.877643306635525,11.715182862505362,11.733234405517578,339600,0.0,0.0
2025-05-23 00:00:00-04:00,11.642977075156137,11.77836104996879,11.543696182222735,11.7512845993042,178500,0.0,0.0
2025-05-27 00:00:00-04:00,11.796412555630322,12.004000987238012,11.796412555630322,11.949847221374512,241000,0.0,0.0
2025-05-28 00:00:00-04:00,11.985949572005456,12.031980488663274,11.859592218226934,11.904719352722168,194700,0.0,0.0
2025-05-29 00:00:00-04:00,12.049128218836783,12.049128218836783,11.850565570906983,11.940820693969727,154900,0.0,0.0
2025-05-30 00:00:00-04:00,11.949846464499457,11.967898005558917,11.77836112815885,11.940820693969727,189300,0.0,0.0
2025-06-02 00:00:00-04:00,11.913744481166779,12.067179140258466,11.814463585590634,12.013026237487793,300500,0.0,0.0
2025-06-03 00:00:00-04:00,12.031078542479964,12.166461678429602,11.999489201474715,12.139385223388672,144000,0.0,0.0
2025-06-04 00:00:00-04:00,12.139383964709713,12.333433737330356,12.104184662880662,12.310870170593262,175500,0.0,0.0
2025-06-05 00:00:00-04:00,12.374049044473184,12.446253492083574,12.273865222783407,12.301844596862793,210200,0.0,0.0
2025-06-06 00:00:00-04:00,12.455278199969877,12.473328879959112,12.274767096353324,12.464303970336914,179400,0.0,0.0
2025-06-09 00:00:00-04:00,12.437227539350198,12.473329762628264,12.34697241152748,12.428202629089355,199300,0.0,0.0
2025-06-10 00:00:00-04:00,12.41015033122855,12.522066958350724,12.365022339693295,12.41917610168457,153500,0.0,0.0
2025-06-11 00:00:00-04:00,12.401124807977682,12.495893678165334,12.328920364379883,12.328920364379883,139700,0.0,0.0
2025-06-12 00:00:00-04:00,12.355997841590629,12.437228062569764,12.336142177436573,12.365023612976074,147100,0.0,0.0
2025-06-13 00:00:00-04:00,12.283792371945042,12.410150578613623,12.274767462053966,12.328920364379883,98400,0.0,0.0
2025-06-16 00:00:00-04:00,12.365289415005227,12.501670932890653,12.301643955178491,12.447117805480957,116700,0.1,0.0
2025-06-17 00:00:00-04:00,12.365290452888143,12.538040447848987,12.324375820669829,12.428935050964355,136100,0.0,0.0
2025-06-18 00:00:00-04:00,12.465302467346191,12.538039392480101,12.419841672364361,12.465302467346191,99900,0.0,0.0
2025-06-20 00:00:00-04:00,12.565316674853008,12.619869807252154,12.328922080037044,12.40165901184082,118600,0.0,0.0
2025-06-23 00:00:00-04:00,12.3198283426572,12.65623683068125,12.301643678232509,12.592592239379883,259900,0.0,0.0
2025-06-24 00:00:00-04:00,12.72897387931701,12.938092319701374,12.707152628629895,12.929000854492188,585300,0.0,0.0
2025-06-25 00:00:00-04:00,13.01992130279541,13.05628976414597,12.965369044315828,13.01992130279541,188900,0.0,0.0
2025-06-26 00:00:00-04:00,13.029013453204945,13.210855757421788,13.019921121220976,13.092658042907715,174000,0.0,0.0
2025-06-27 00:00:00-04:00,13.092658901761324,13.210856624028944,13.033560474173793,13.1381196975708,195900,0.0,0.0
2025-06-30 00:00:00-04:00,13.247226706809744,13.319963642160406,13.183582105151082,13.274503707885742,268300,0.0,0.0
2025-07-01 00:00:00-04:00,13.274504668394618,13.319964605958646,13.110846118467386,13.256319999694824,307100,0.0,0.0
2025-07-02 00:00:00-04:00,13.21995057557634,13.310872178329912,13.183582107893443,13.265411376953125,121400,0.0,0.0
2025-07-03 00:00:00-04:00,13.256316953556535,13.36542233940604,13.24358803522872,13.338146209716797,74800,0.0,0.0
2025-07-07 00:00:00-04:00,13.274502081674047,13.301778212315877,13.156304359436035,13.156304359436035,123500,0.0,0.0
2025-07-08 00:00:00-04:00,13.183579444885254,13.213583446340323,13.109024231258948,13.183579444885254,141000,0.0,0.0
2025-07-09 00:00:00-04:00,13.165394781170672,13.301777157752566,13.14721098454858,13.183579444885254,191700,0.0,0.0
2025-07-10 00:00:00-04:00,13.247224993570683,13.247224993570683,13.110843474199328,13.174488067626953,201300,0.0,0.0
2025-07-11 00:00:00-04:00,13.056289762965353,13.21085594046438,13.029013633728027,13.029013633728027,168400,0.0,0.0
2025-07-14 00:00:00-04:00,13.001737321219908,13.138118832576628,12.965368860385283,13.119935035705566,212900,0.0,0.0
2025-07-15 00:00:00-04:00,13.193179369568966,13.275579658878744,13.173952751815804,13.238957405090332,211100,0.1,0.0
2025-07-16 00:00:00-04:00,13.229803845298242,13.376292885054673,13.174870891961357,13.34882640838623,271900,0.0,0.0
2025-07-17 00:00:00-04:00,13.367136861612467,13.568558837929855,13.367136861612467,13.550248146057129,352100,0.0,0.0
2025-07-18 00:00:00-04:00,13.531936695463267,13.696737289428711,13.46784796365159,13.696737289428711,405500,0.0,0.0
2025-07-21 00:00:00-04:00,13.678425699162359,13.678425699162359,13.568558927768128,13.614336967468262,165600,0.0,0.0
2025-07-22 00:00:00-04:00,13.577714081696831,13.586869863841647,13.415660404936043,13.47700309753418,150300,0.0,0.0
2025-07-23 00:00:00-04:00,13.449536891605343,13.538346065025404,13.348825898902513,13.35798168182373,234100,0.0,0.0
2025-07-24 00:00:00-04:00,13.37629392069714,13.522783844938917,13.365307154550417,13.41291618347168,209400,0.0,0.0
2025-07-25 00:00:00-04:00,13.440381077609977,13.568558537309647,13.412913730694227,13.522781372070312,152000,0.0,0.0
2025-07-28 00:00:00-04:00,13.641802903797297,13.641802903797297,13.531936136737828,13.541091918945312,181500,0.0,0.0
2025-07-29 00:00:00-04:00,13.641801187432035,13.677508384291286,13.504467964172363,13.504467964172363,134900,0.0,0.0
2025-07-30 00:00:00-04:00,13.513625953547852,13.559403993162976,13.449536348829286,13.531936645507812,280700,0.0,0.0
2025-07-31 00:00:00-04:00,13.696737264299806,13.751671086568663,13.559404018342887,13.614336967468262,218000,0.0,0.0
2025-08-01 00:00:00-04:00,13.522781046359926,13.522781046359926,13.202335658542099,13.229802131652832,287700,0.0,0.0
2025-08-04 00:00:00-04:00,13.385447229534218,13.440381050109863,13.321358499815515,13.440381050109863,139900,0.0,0.0
2025-08-05 00:00:00-04:00,13.440380270440697,13.458690960808081,13.321357727050781,13.321357727050781,140600,0.0,0.0
2025-08-06 00:00:00-04:00,13.321358563358839,13.485243225238014,13.303046998698457,13.422069549560547,217600,0.0,0.0
2025-08-07 00:00:00-04:00,13.49531378868037,13.541091826261008,13.440380842098358,13.47700309753418,210000,0.0,0.0
2025-08-08 00:00:00-04:00,13.55024763733027,13.559403419494629,13.458691561973556,13.559403419494629,124800,0.0,0.0
2025-08-11 00:00:00-04:00,13.568558537309647,13.638141085800015,13.460522750909377,13.522781372070312,144700,0.0,0.0
2025-08-12 00:00:00-04:00,13.568558927768128,13.664692898452758,13.469678920827668,13.614336967468262,193300,0.0,0.0
2025-08-13 00:00:00-04:00,13.669270579748721,13.719625636816176,13.586870284183016,13.650959014892578,120800,0.0,0.0
2025-08-14 00:00:00-04:00,13.61433571183662,13.660113747314709,13.54017527689925,13.586869239807129,178800,0.0,0.0
2025-08-15 00:00:00-04:00,13.688263893127441,13.688263893127441,13.60161689331266,13.688263893127441,109400,0.1,0.0
2025-08-18 00:00:00-04:00,13.69748306274414,13.775833440250885,13.669830246879162,13.69748306274414,141400,0.0,0.0
2025-08-19 00:00:00-04:00,13.697481441354059,13.781362899544932,13.4854750797061,13.559216499328613,146700,0.0,0.0
2025-08-20 00:00:00-04:00,13.494693657267392,13.5407813875547,13.264251489562419,13.374863624572754,239000,0.0,0.0
2025-08-21 00:00:00-04:00,13.319555849987628,13.503909390794307,13.319555849987628,13.365644454956055,145700,0.0,0.0
2025-08-22 00:00:00-04:00,13.439386858897945,13.629271503369727,13.35642753967176,13.513128280639648,98700,0.0,0.0
2025-08-25 00:00:00-04:00,13.513127820576004,13.697481368653817,13.513127820576004,13.586869239807129,121500,0.0,0.0
2025-08-26 00:00:00-04:00,13.614523180091574,13.734352329231445,13.596087385413394,13.65139389038086,70600,0.0,0.0
2025-08-27 00:00:00-04:00,13.642176628112793,13.706700154355975,13.63295873034459,13.642176628112793,100200,0.0,0.0
2025-08-28 00:00:00-04:00,13.642176021489245,13.771223068237305,13.638488335105675,13.771223068237305,142900,0.0,0.0
2025-08-29 00:00:00-04:00,13.798876978003658,13.798876978003658,13.639410691644011,13.660611152648926,151800,0.0,0.0
2025-09-02 00:00:00-04:00,13.47625774112175,13.623740586480423,13.411734216044104,13.577651977539062,175800,0.0,0.0
2025-09-03 00:00:00-04:00,13.614525073683373,13.623742093237349,13.439388516149892,13.476259231567383,282300,0.0,0.0
2025-09-04 00:00:00-04:00,13.402516390904493,13.64125431404964,13.402516390904493,13.549999237060547,224600,0.0,0.0
2025-09-05 00:00:00-04:00,13.660610021122581,13.679045814602986,13.531562983027808,13.596086502075195,120800,0.0,0.0
2025-09-08 00:00:00-04:00,13.642177595317362,13.79887835221812,13.596088982275873,13.789660453796387,168000,0.0,0.0
2025-09-09 00:00:00-04:00,13.789659426462705,13.83574803607058,13.706700104981955,13.817312240600586,155300,0.0,0.0
2025-09-10 00:00:00-04:00,13.891053910005203,14.001666047579974,13.844966178649393,13.881836891174316,174300,0.0,0.0
2025-09-11 00:00:00-04:00,13.891052179294881,14.047752907768974,13.88183516161236,13.946358680725098,161400,0.0,0.0
2025-09-12 00:00:00-04:00,13.937142372131348,13.974935225670793,13.918707455598604,13.937142372131348,142500,0.0,0.0
2025-09-15 00:00:00-04:00,13.992816665227977,14.101381275774083,13.981681719925843,14.057769775390625,177700,0.1,0.0
2025-09-16 00:00:00-04:00,14.085607442550128,14.131074619216735,14.029932716587114,14.09488582611084,129500,0.0,0.0
2025-09-17 00:00:00-04:00,14.09488495800146,14.150559680535444,13.99281566576213,14.085606575012207,119400,0.0,0.0
2025-09-18 00:00:00-04:00,14.196954458718048,14.280466096080099,14.13200047136998,14.271186828613281,152100,0.0,0.0
2025-09-19 00:00:00-04:00,14.317582416042633,14.317582416042633,14.206233860149764,14.234070777893066,75800,0.0,0.0
2025-09-22 00:00:00-04:00,14.159838273770431,14.29902374609408,14.10416355388918,14.271186828613281,100400,0.0,0.0
2025-09-23 00:00:00-04:00,14.29902399982724,14.29902399982724,14.178396175377056,14.206233978271484,124500,0.0,0.0
2025-09-24 00:00:00-04:00,14.2340710317506,14.2340710317506,14.122722473871885,14.16911792755127,195800,0.0,0.0
2025-09-25 00:00:00-04:00,14.076328538451202,14.150560918376975,13.997456524165097,14.011375427246094,236300,0.0,0.0
2025-09-26 00:00:00-04:00,14.076327323913574,14.103236846913777,14.011374218312769,14.076327323913574,118300,0.0,0.0
2025-09-29 00:00:00-04:00,14.215512377537747,14.234070912822311,14.141280006238828,14.196954727172852,173700,0.0,0.0
2025-09-30 00:00:00-04:00,14.178395923784414,14.32686066357488,14.106019230398614,14.271186828613281,272000,0.0,0.0
2025-10-01 00:00:00-04:00,14.18767681212358,14.526362149078675,14.18767681212358,14.345420837402344,322700,0.0,0.0
2025-10-02 00:00:00-04:00,14.36397755147249,14.440066486520477,14.289745177944441,14.336140632629395,171300,0.0,0.0
2025-10-03 00:00:00-04:00,14.308304648214385,14.456769404966222,14.308304648214385,14.345420837402344,180500,0.0,0.0
2025-10-06 00:00:00-04:00,14.48460519209323,14.48460519209323,14.336140446959925,14.401094436645508,148000,0.0,0.0
2025-10-07 00:00:00-04:00,14.419651568403749,14.474398007570457,14.261907561146465,14.271186828613281,150700,0.0,0.0
2025-10-08 00:00:00-04:00,14.326861364708465,14.391815355235277,14.271187527022278,14.336140632629395,150300,0.0,0.0
2025-10-09 00:00:00-04:00,14.345420837402344,14.373257758063374,14.289746111160529,14.345420837402344,100500,0.0,0.0
2025-10-10 00:00:00-04:00,14.382535697258087,14.41037261534624,13.872187479403705,13.909303665161133,172900,0.0,0.0
2025-10-13 00:00:00-04:00,14.057770815979413,14.141282469467262,14.029933893123404,14.048492431640625,142600,0.0,0.0
2025-10-14 00:00:00-04:00,13.937141723371834,14.011374096245957,13.760839174106025,13.844350814819336,238400,0.0,0.0
2025-10-15 00:00:00-04:00,13.984665478680892,14.059499738588764,13.853705969889491,13.928540229797363,116500,0.12,0.0
2025-10-16 00:00:00-04:00,13.937891649784234,13.993081974687996,13.764837785516603,13.769515037536621,231000,0.0,0.0
2025-10-17 00:00:00-04:00,13.675974087887997,13.816288995869947,13.638556957511762,13.704036712646484,137700,0.0,0.0
2025-10-20 00:00:00-04:00,13.769517119535191,13.984665392419538,13.769517119535191,13.919185638427734,162400,0.0,0.0
2025-10-21 00:00:00-04:00,13.937893584949082,13.984665219548521,13.872413831766705,13.900476455688477,150200,0.0,0.0
2025-10-22 00:00:00-04:00,13.956601825248995,13.975309942799282,13.657264807686984,13.797578811645508,194200,0.0,0.0
2025-10-23 00:00:00-04:00,13.797579743803857,13.937893757241932,13.769517119535191,13.919185638427734,73600,0.0,0.0
2025-10-24 00:00:00-04:00,13.994017888466988,14.07820664127903,13.994017888466988,14.031435012817383,116100,0.0,0.0
2025-10-27 00:00:00-04:00,14.171750327822364,14.265293593469881,14.171750327822364,14.199813842773438,119000,0.0,0.0
2025-10-28 00:00:00-04:00,14.274647799289506,14.293355916770112,14.13433290375891,14.284002304077148,112700,0.0,0.0
2025-10-29 00:00:00-04:00,14.312065511750355,14.368190758582536,14.199814125991278,14.237231254577637,190700,0.0,0.0
2025-10-30 00:00:00-04:00,14.143688004921247,14.255939390822045,14.087562758018205,14.115625381469727,96800,0.0,0.0
2025-10-31 00:00:00-04:00,14.209167268725237,14.443024537672684,14.209167268725237,14.30271053314209,206600,0.0,0.0
2025-11-03 00:00:00-05:00,14.424317187902249,14.526279155283575,14.293356789166118,14.405608177185059,253100,0.0,0.0
2025-11-04 00:00:00-05:00,14.340127747168525,14.460797827478013,14.213844607070863,14.312065124511719,196600,0.0,0.0
2025-11-05 00:00:00-05:00,14.293355916770112,14.321419431133037,14.162396418121837,14.284002304077148,163100,0.0,0.0
2025-11-06 00:00:00-05:00,14.340128860669317,14.349483366312853,13.928540425396085,13.956603050231934,169500,0.0,0.0
2025-11-07 00:00:00-05:00,13.81628886221671,13.93789386569205,13.666619450064854,13.806934356689453,236100,0.0,0.0
2025-11-10 00:00:00-05:00,14.087561145390282,14.178296980566666,13.844349391065407,14.031435012817383,115400,0.0,0.0
2025-11-11 00:00:00-05:00,14.05949924247197,14.115625381469727,13.99401949038685,14.115625381469727,115800,0.0,0.0
2025-11-12 00:00:00-05:00,14.190459456851286,14.190459456851286,13.965956687927246,13.965956687927246,115000,0.0,0.0
2025-11-13 00:00:00-05:00,13.928539987599489,13.954731888902328,13.638556566427836,13.647911071777344,191100,0.0,0.0
2025-11-14 00:00:00-05:00,13.507597588315992,13.769518413078183,13.470180455077797,13.582432746887207,206200,0.0,0.0
2025-11-17 00:00:00-05:00,13.629591554317859,13.74277836735065,13.393785468950668,13.42208194732666,194000,0.12,0.0
2025-11-18 00:00:00-05:00,13.271167134148255,13.497541675734734,13.205141713430349,13.280599594116211,261000,0.0,0.0
2025-11-19 00:00:00-05:00,13.299463597657159,13.486221974415479,13.252302200595912,13.33719253540039,180100,0.0,0.0
2025-11-20 00:00:00-05:00,13.488108482146437,13.582430378109136,12.893877029418945,12.893877029418945,221300,0.0,0.0
2025-11-21 00:00:00-05:00,12.91274103246002,13.14854712136164,12.752393719573453,12.950469970703125,301400,0.0,0.0
2025-11-24 00:00:00-05:00,13.129683521303619,13.393786097439527,13.06365810215186,13.384353637695312,226600,0.0,0.0
2025-11-25 00:00:00-05:00,13.365489021194332,13.535269690896895,13.271166227019835,13.506972312927246,217100,0.0,0.0
2025-11-26 00:00:00-05:00,13.61072829009077,13.884263328305737,13.591863370441313,13.695618629455566,169400,0.0,0.0
2025-11-28 00:00:00-05:00,13.818236389091334,13.893694265245903,13.723914493662543,13.87483024597168,149900,0.0,0.0
2025-12-01 00:00:00-05:00,13.789939586295686,13.940855335057687,13.709765482324771,13.837100982666016,157800,0.0,0.0
2025-12-02 00:00:00-05:00,13.893693013453017,14.006880717015733,13.865396537326719,13.950286865234375,121600,0.0,0.0
2025-12-03 00:00:00-05:00,13.940856329329064,14.072908068678244,13.84181819946384,14.063475608825684,89900,0.0,0.0
2025-12-04 00:00:00-05:00,14.06347498837852,14.138932864812205,13.959720633164412,14.072907447814941,153900,0.0,0.0
2025-12-05 00:00:00-05:00,14.13893289450307,14.252119709391282,14.110636415663228,14.157797813415527,100500,0.0,0.0
2025-12-08 00:00:00-05:00,14.167230569514132,14.195527048946463,14.082340231688274,14.110636711120605,161000,0.0,0.0
2025-12-09 00:00:00-05:00,14.148365622189122,14.204959480470578,14.016313885884967,14.02574634552002,226900,0.0,0.0
2025-12-10 00:00:00-05:00,13.988017686102449,14.004995394161806,13.799372987275053,13.865398406982422,560200,0.0,0.0
2025-12-11 00:00:00-05:00,13.78050776247844,13.808805141322605,13.61072798705775,13.771076202392578,297600,0.0,0.0
2025-12-12 00:00:00-05:00,13.752209918410475,13.855964265289378,13.535268765974013,13.620158195495605,196800,0.0,0.0
2025-12-15 00:00:00-05:00,13.686739635682658,13.686739635682658,13.42993450164795,13.42993450164795,188200,0.12,0.0
2025-12-16 00:00:00-05:00,13.448956489562988,13.601136895074669,13.372866286807147,13.448956489562988,203800,0.0,0.0
2025-12-17 00:00:00-05:00,13.544069100413152,13.57260360740175,13.201663180151064,13.268241882324219,240000,0.0,0.0
2025-12-18 00:00:00-05:00,13.467978244421934,13.639181649804723,13.33482084651687,13.525046348571777,192300,0.0,0.0
2025-12-19 00:00:00-05:00,13.639183139036168,13.772340551480388,13.629671636128197,13.724784851074219,95500,0.0,0.0
2025-12-22 00:00:00-05:00,13.81038707559221,13.89408576450111,13.705762353855773,13.7152738571167,133200,0.0,0.0
2025-12-23 00:00:00-05:00,13.67722875113987,13.800875572331284,13.667717247878944,13.7152738571167,159300,0.0,0.0
2025-12-24 00:00:00-05:00,13.715274124089467,13.915011161122495,13.715274124089467,13.76283073425293,63000,0.0,0.0
2025-12-26 00:00:00-05:00,13.819897078661109,13.924521795907243,13.81323920807758,13.848431587219238,140200,0.0,0.0
2025-12-29 00:00:00-05:00,13.819897318111167,13.929277788678833,13.715273506119111,13.791363716125488,127200,0.0,0.0
2025-12-30 00:00:00-05:00,13.77234009211126,13.953055013067683,13.715272890700568,13.819896697998047,277900,0.0,0.0
2025-12-31 00:00:00-05:00,13.876963744424458,13.900741592014645,13.715271841024304,13.734293937683105,210900,0.0,0.0
2026-01-02 00:00:00-05:00,13.915009671737051,14.029144979672814,13.72478415851078,13.876964569091797,349900,0.0,0.0
2026-01-05 00:00:00-05:00,13.962566979296758,14.08145804442819,13.886476770177989,14.038657188415527,207600,0.0,0.0
2026-01-06 00:00:00-05:00,14.07670167277558,14.14328037605443,14.048168072379902,14.067190170288086,299000,0.0,0.0
2026-01-07 00:00:00-05:00,14.105235544753688,14.181325751985074,14.057678938467367,14.114747047424316,189600,0.0,0.0
2026-01-08 00:00:00-05:00,14.124258465784855,14.124258465784855,13.89598693838647,13.924521446228027,161200,0.0,0.0
2026-01-09 00:00:00-05:00,13.943542583616672,14.038655789067843,13.943542583616672,14.029144287109375,137900,0.0,0.0
2026-01-12 00:00:00-05:00,14.01012182757878,14.162303143627259,14.01012182757878,14.124258041381836,180900,0.0,0.0
2026-01-13 00:00:00-05:00,14.190837351329517,14.200348854064941,14.076702039704902,14.200348854064941,278200,0.0,0.0
2026-01-14 00:00:00-05:00,14.181324349093147,14.181324349093147,13.943542248251031,14.0006103515625,301800,0.0,0.0
2026-01-15 00:00:00-05:00,14.096506382415996,14.163633226030708,13.962254524230957,13.962254524230957,147700,0.12,0.0
2026-01-16 00:00:00-05:00,14.067737310962825,14.106095112794485,13.904716424547734,13.943074226379395,166300,0.0,0.0
2026-01-20 00:00:00-05:00,13.78964357725148,13.933485111312315,13.521138953560909,13.617033004760742,238900,0.0,0.0
2026-01-21 00:00:00-05:00,13.73210620880127,13.751285567466665,13.578674997566733,13.73210620880127,220300,0.0,0.0
2026-01-22 00:00:00-05:00,13.770463579665016,13.808821381270462,13.717722174033858,13.722517013549805,190800,0.0,0.0
2026-01-23 00:00:00-05:00,13.732107146677524,13.794439152075057,13.712928701224435,13.751286506652832,212200,0.0,0.0
2026-01-26 00:00:00-05:00,13.81841045529839,13.856768255224436,13.765668137454291,13.789642333984375,155100,0.0,0.0
2026-01-27 00:00:00-05:00,13.847180421270027,13.856770101159555,13.799233850866813,13.828001976013184,182000,0.0,0.0
2026-01-28 00:00:00-05:00,13.866359241283815,13.923896403859061,13.78964363419827,13.856769561767578,181400,0.0,0.0
2026-01-29 00:00:00-05:00,13.923896334853888,13.952664458737852,13.636212352447734,13.895127296447754,298700,0.0,0.0
2026-01-30 00:00:00-05:00,13.88553637653845,13.914305412374551,13.703337055520246,13.789642333984375,214400,0.0,0.0
2026-02-02 00:00:00-05:00,13.722517443990728,13.808821814418538,13.722517443990728,13.73210620880127,226200,0.0,0.0
2026-02-03 00:00:00-05:00,13.760875877085224,13.799233681650751,13.23345537841758,13.386886596679688,218900,0.0,0.0
2026-02-04 00:00:00-05:00,13.310170245942128,13.454011776417845,12.800969801403538,12.993718147277832,556300,0.0,0.0
2026-02-05 00:00:00-05:00,12.936181005577073,12.96495004333264,12.6580867089283,12.696444511413574,284900,0.0,0.0
2026-02-06 00:00:00-05:00,12.744392311450936,12.988923651347706,12.581371418186423,12.801929473876953,732300,0.0,0.0
2026-02-09 00:00:00-05:00,12.811518925591097,12.993719187604949,12.753982674603094,12.936182022094727,263800,0.0,0.0
2026-02-10 00:00:00-05:00,13.041665628943786,13.05604923327807,12.942893578936161,12.993718147277832,188300,0.0,0.0
2026-02-11 00:00:00-05:00,13.12797150837564,13.12797150837564,12.85946686049634,12.964951515197754,232700,0.0,0.0
2026-02-12 00:00:00-05:00,13.051254067283285,13.080023104276712,12.552602648184838,12.610138893127441,342300,0.0,0.0
2026-02-13 00:00:00-05:00,12.648496762706522,12.87864448728262,12.591918936645762,12.849875450134277,404500,0.0,0.0
2026-02-17 00:00:00-05:00,12.791819788333857,12.975665502632657,12.724086379667217,12.811171531677246,388100,0.12,0.0
2026-02-18 00:00:00-05:00,12.936962482174868,13.072428391266934,12.849877320814684,12.927286148071289,399100,0.0,0.0
2026-02-19 00:00:00-05:00,12.985342164056132,13.0143702411982,12.888580676534653,12.956314086914062,247500,0.0,0.0
2026-02-20 00:00:00-05:00,12.9466373417847,13.159512053889049,12.93696100878316,13.043397903442383,175200,0.0,0.0
2026-02-23 00:00:00-05:00,13.06275054611687,13.546556121898977,12.8014950922573,12.840200424194336,150900,0.0,0.0
2026-02-24 00:00:00-05:00,12.84020026051316,12.998888059174151,12.84020026051316,12.946637153625488,197500,0.0,0.0
2026-02-25 00:00:00-05:00,13.062750924553805,13.164349655474199,13.024046514281379,13.11113166809082,192600,0.0,0.0
2026-02-26 00:00:00-05:00,13.072427040435777,13.130483193486029,12.936961145341996,13.01436996459961,285700,0.0,0.0
2026-02-27 00:00:00-05:00,12.995018084006494,13.14983572088751,12.961151841287009,13.043397903442383,212100,0.0,0.0
2026-03-02 00:00:00-05:00,12.95631410359438,13.236921310424805,12.907933359771356,13.236921310424805,213100,0.0,0.0
2026-03-03 00:00:00-05:00,13.130482975429304,13.149835641315278,12.762790628668917,12.995018005371094,207400,0.0,0.0
2026-03-04 00:00:00-05:00,13.033723551710072,13.236921947314851,13.015338886628468,13.091779708862305,228500,0.0,0.0
2026-03-05 00:00:00-05:00,13.062750625902483,13.158544108345572,12.867293496913323,12.888580322265625,174300,0.0,0.0
2026-03-06 00:00:00-05:00,12.820848032180589,12.869228775349775,12.646677725885885,12.704734802246094,160400,0.0,0.0
2026-03-09 00:00:00-04:00,12.569269012940754,12.7531156539917,12.424127704983425,12.7531156539917,227000,0.0,0.0
2026-03-10 00:00:00-04:00,12.82084811132932,12.956314008482149,12.801495444827804,12.830524444580078,223000,0.0,0.0
2026-03-11 00:00:00-04:00,12.888580460077408,13.06275076557659,12.820847973621468,12.859552383422852,214200,0.0,0.0
2026-03-12 00:00:00-04:00,12.830524896270093,12.936961797417688,12.54024134802961,12.588622093200684,325500,0.0,0.0
2026-03-13 00:00:00-04:00,12.617649846990206,12.77246748933098,12.385423383479047,12.443479537963867,190300,0.0,0.0
2026-03-16 00:00:00-04:00,12.550919852924531,12.843936683158647,12.550919852924531,12.795101165771484,228700,0.12,0.0
2026-03-17 00:00:00-04:00,12.873239517211914,13.00998046057138,12.824403066807324,12.873239517211914,130900,0.0,0.0
2026-03-18 00:00:00-04:00,12.873239111364287,12.951377056957089,12.746264716906536,12.795101165771484,78600,0.0,0.0
2026-03-19 00:00:00-04:00,12.629058030322211,12.746264950862734,12.609523077826555,12.65835952758789,137600,0.0,0.0
2026-03-20 00:00:00-04:00,12.63882422542855,12.702311887805187,12.502083287653228,12.589988708496094,354100,0.0,0.0
2026-03-23 00:00:00-04:00,12.716963712103116,12.922075128610112,12.609523334148607,12.707196235656738,134100,0.0,0.0
2026-03-24 00:00:00-04:00,12.629058287041362,12.814635682133426,12.550920338425986,12.707196235656738,237700,0.0,0.0
2026-03-25 00:00:00-04:00,12.853705659691988,13.009981569120308,12.775567704977828,12.902542114257812,163000,0.0,0.0
2026-03-26 00:00:00-04:00,12.824403138421303,12.86347211266758,12.492316391589044,12.521617889404297,165500,0.0,0.0
2026-03-27 00:00:00-04:00,12.463014371804372,12.463014371804372,12.169996611490404,12.238367080688477,170900,0.0,0.0
2026-03-30 00:00:00-04:00,12.336040029880266,12.438595734109077,12.033254792269794,12.062557220458984,221400,0.0,0.0
2026-03-31 00:00:00-04:00,12.257902797103151,12.629058525781439,12.20906634542588,12.570454597473145,237600,0.0,0.0
2026-04-01 00:00:00-04:00,12.677893516357381,13.127187176358765,12.606592616589651,12.8341703414917,367100,0.0,0.0
2026-04-02 00:00:00-04:00,12.629058196666788,12.90254101486354,12.5802217462622,12.873239517211914,94600,0.0,0.0
2026-04-06 00:00:00-04:00,12.941609529389723,13.019747474671588,12.848820370063338,12.970911026000977,109100,0.0,0.0
2026-04-07 00:00:00-04:00,12.863473136900732,12.941611091614892,12.746266204829492,12.902542114257812,169800,0.0,0.0
2026-04-08 00:00:00-04:00,13.635085203879337,13.635085203879337,13.127187601566359,13.283464431762695,201300,0.0,0.0
2026-04-09 00:00:00-04:00,13.22486090197064,13.361602783203125,13.146722950260036,13.361602783203125,190200,0.0,0.0
2026-04-10 00:00:00-04:00,13.390903213622957,13.400670689676797,13.268812557383315,13.342066764831543,88800,0.0,0.0
2026-04-13 00:00:00-04:00,13.29323037617442,13.552062903905338,13.29323037617442,13.5374116897583,216100,0.0,0.0
2026-04-14 00:00:00-04:00,13.586248904089183,13.967172110069589,13.576481427440953,13.869499206542969,216900,0.0,0.0
2026-04-15 00:00:00-04:00,13.889200157875816,14.09606061773921,13.889200157875816,14.017255783081055,157200,0.12,0.0
2026-04-16 00:00:00-04:00,14.017255896932422,14.027106618771768,13.871468783492956,13.92860221862793,194900,0.0,0.0
2026-04-17 00:00:00-04:00,14.105910240326422,14.14531218750099,14.017255624329515,14.066508293151855,180900,0.0,0.0
2026-04-20 00:00:00-04:00,14.017255125232449,14.075373065701834,13.928601451808658,14.046807289123535,132900,0.0,0.0
2026-04-21 00:00:00-04:00,14.06650918845194,14.174865254640999,13.99755601136187,14.027107238769531,228600,0.0,0.0
2026-04-22 00:00:00-04:00,14.135462780376203,14.302921295166016,14.056658883935883,14.302921295166016,128800,0.0,0.0
2026-04-23 00:00:00-04:00,14.204415577971101,14.312770697847032,13.968003894923697,14.066508293151855,104700,0.0,0.0
2026-04-24 00:00:00-04:00,14.184713688512357,14.391574139526417,14.13644646913959,14.38172435760498,104600,0.0,0.0
2026-04-27 00:00:00-04:00,14.381725751836786,14.479245647936743,14.29307113003381,14.362024307250977,118700,0.0,0.0
2026-04-28 00:00:00-04:00,14.253668086490944,14.253668086490944,13.997554963028346,14.115760803222656,77900,0.0,0.0
2026-04-29 00:00:00-04:00,14.115760828698418,14.28912920674633,14.0960603250054,14.283219337463379,110800,0.0,0.0
2026-04-30 00:00:00-04:00,14.430977484468142,14.434918337035255,14.22411701340006,14.362024307250977,243100,0.0,0.0
2026-05-01 00:00:00-04:00,14.440827199318742,14.785594940185547,14.401425252312523,14.785594940185547,200000,0.0,0.0
2026-05-04 00:00:00-04:00,14.687089798994922,14.736342468264215,14.549183452340737,14.608285903930664,143000,0.0,0.0
2026-05-05 00:00:00-04:00,14.775745287938859,14.874250632291751,14.706792110541784,14.864399909973145,144600,0.0,0.0
2026-05-06 00:00:00-04:00,14.98260510033361,15.07125971846722,14.93335243032421,15.061408996582031,202200,0.0,0.0
2026-05-07 00:00:00-04:00,15.120511810090314,15.20916548541622,14.943202580605481,15.002305030822754,163900,0.0,0.0
2026-05-08 00:00:00-04:00,15.061408262298496,15.198330095811068,15.051557540893555,15.051557540893555,171100,0.0,0.0
2026-05-11 00:00:00-04:00,15.002305565107479,15.26826941880663,15.002305565107479,15.189465522766113,174900,0.0,0.0
2026-05-12 00:00:00-04:00,15.179614459660453,15.287970518842663,14.875234112736223,15.120512008666992,153400,0.0,0.0
2026-05-13 00:00:00-04:00,15.179614312296339,15.376624046056163,15.105735779563467,15.3372220993042,237000,0.0,0.0
2026-05-14 00:00:00-04:00,15.347073197373675,15.63273755318808,15.337222475589876,15.57363510131836,224800,0.0,0.0
2026-05-15 00:00:00-04:00,15.385043583163977,15.40489570667219,15.246081558410525,15.365191459655762,131700,0.12,0.0
2026-05-18 00:00:00-04:00,15.365190969714968,15.37511703115257,14.988010101099338,15.087267875671387,228800,0.0,0.0
2026-05-19 00:00:00-04:00,14.96815857079815,15.136897835512299,14.878825907525796,15.01778793334961,157900,0.0,0.0
2026-05-20 00:00:00-04:00,15.09719392800301,15.234169978674267,14.988010092059216,15.216303825378418,161800,0.0,0.0
2026-05-21 00:00:00-04:00,15.117045595411183,15.434672945333162,15.112083511135479,15.365191459655762,118200,0.0,0.0
2026-05-22 00:00:00-04:00,15.67289284441899,15.980594134483292,15.643115605574495,15.831706047058105,771300,0.0,0.0
2026-05-26 00:00:00-04:00,15.940890218079444,16.278368753992694,15.940890218079444,16.159259796142578,353900,0.0,0.0
2026-05-27 00:00:00-04:00,16.218813098387773,16.27836757299214,16.010369597468582,16.04014778137207,323700,0.0,0.0
2026-05-28 00:00:00-04:00,16.079852716615388,16.466959657959688,16.071910731312077,16.43718147277832,241600,0.0,0.0
2026-05-29 00:00:00-04:00,16.50666105557222,16.814363271682303,16.49177291044523,16.56621742248535,375900,0.0,0.0
2026-06-01 00:00:00-04:00,16.645625394905927,16.79451253809487,16.586069023068156,16.67540168762207,290300,0.0,0.0
2026-06-02 00:00:00-04:00,16.695253372192383,16.74488368075105,16.576144418056963,16.695253372192383,179300,0.0,0.0
2026-06-03 00:00:00-04:00,16.705180280671623,16.705180280671623,16.323035404811478,16.486812591552734,266000,0.0,0.0
2026-06-04 00:00:00-04:00,16.387553644132673,16.544380881350232,16.248592561382587,16.49673843383789,212100,0.0,0.0
2026-06-05 00:00:00-04:00,16.377627070060715,16.42725548571921,15.662966714682415,15.79200267791748,334800,0.0,0.0
2026-06-08 00:00:00-04:00,16.030221964909924,16.18903516174895,15.712595571231873,15.772150993347168,144500,0.0,0.0
2026-06-09 00:00:00-04:00,15.94089003979143,16.08878514381004,15.206378497254882,15.782076835632324,232800,0.0,0.0
2026-06-10 00:00:00-04:00,15.742372979994634,15.881335002038954,15.385043283225237,15.464449882507324,203200,0.0,0.0
2026-06-11 00:00:00-04:00,15.603412237251678,15.831705978405088,15.484302335788854,15.79200267791748,176700,0.0,0.0
2026-06-12 00:00:00-04:00,15.841632737693596,16.11955585334397,15.821780613275015,16.060001373291016,157800,0.0,0.0
2026-06-15 00:00:00-04:00,16.3799991607666,16.790000915527344,16.350000381469727,16.6200008392334,154700,0.12,0.0
2026-06-16 00:00:00-04:00,16.700000762939453,16.84000015258789,16.360000610351562,16.360000610351562,101800,0.0,0.0
2026-06-17 00:00:00-04:00,16.479999542236328,16.733999252319336,16.31999969482422,16.459999084472656,109500,0.0,0.0
2026-06-18 00:00:00-04:00,16.760000228881836,17.280000686645508,16.760000228881836,17.280000686645508,333400,0.0,0.0
2026-06-22 00:00:00-04:00,17.350000381469727,17.43000030517578,16.93000030517578,17.0,273300,0.0,0.0
2026-06-23 00:00:00-04:00,16.610000610351562,16.780000686645508,16.174999237060547,16.239999771118164,343200,0.0,0.0
2026-06-24 00:00:00-04:00,16.299999237060547,16.729999542236328,15.770000457763672,15.949999809265137,455200,0.0,0.0
2026-06-25 00:00:00-04:00,16.219999313354492,16.399999618530273,15.859999656677246,16.100000381469727,240200,0.0,0.0
2026-06-26 00:00:00-04:00,15.949999809265137,16.0049991607666,15.569999694824219,15.670000076293945,424900,0.0,0.0
2026-06-29 00:00:00-04:00,15.829999923706055,16.59600067138672,15.760000228881836,16.260000228881836,232700,0.0,0.0
2026-06-30 00:00:00-04:00,16.389999389648438,16.6299991607666,16.299999237060547,16.540000915527344,289100,0.0,0.0
2026-07-01 00:00:00-04:00,16.5,16.69499969482422,16.3700008392334,16.59000015258789,393600,0.0,0.0
2026-07-02 00:00:00-04:00,16.610000610351562,16.610000610351562,15.961000442504883,16.049999237060547,220500,0.0,0.0
2026-07-06 00:00:00-04:00,16.049999237060547,16.354999542236328,16.049999237060547,16.200000762939453,214300,0.0,0.0
2026-07-07 00:00:00-04:00,16.149999618530273,16.200000762939453,15.670000076293945,15.890000343322754,197200,0.0,0.0
2026-07-08 00:00:00-04:00,15.6899995803833,15.949999809265137,15.5600004196167,15.84000015258789,208000,0.0,0.0
2026-07-09 00:00:00-04:00,16.0,16.189899444580078,15.930000305175781,16.110000610351562,200156,0.0,0.0
