Date,Open,High,Low,Close,Volume,Dividends,Stock Splits
2022-01-03 00:00:00-05:00,51.07256626661751,51.57173203030398,49.645125628730106,51.34404373168945,287400,0.0,0.0
2022-01-04 00:00:00-05:00,51.78191072482752,52.753971463394336,51.431617423141354,52.44746398925781,201900,0.0,0.0
2022-01-05 00:00:00-05:00,52.613842778084305,52.85904602880003,50.87989500599992,50.949954986572266,111700,0.0,0.0
2022-01-06 00:00:00-05:00,51.230192724798485,52.09716668694768,50.81859865441367,51.16889190673828,144600,0.0,0.0
2022-01-07 00:00:00-05:00,52.6751553169897,52.6751553169897,50.82736467609682,51.32653045654297,107900,0.0,0.0
2022-01-10 00:00:00-05:00,51.40533846199579,52.92910639977568,51.19516184610685,52.83277893066406,132700,0.0,0.0
2022-01-11 00:00:00-05:00,52.832785087448265,53.174319205004444,51.703092744266776,52.692665100097656,187200,0.0,0.0
2022-01-12 00:00:00-05:00,52.87656275377067,53.410758430857626,51.1776449163933,51.195159912109375,114200,0.0,0.0
2022-01-13 00:00:00-05:00,52.41242616297434,52.508756973582905,49.338616095308765,49.67139434814453,491200,0.0,0.0
2022-01-14 00:00:00-05:00,49.8115060227938,51.09882640373166,49.76772020614105,50.809837341308594,409800,0.0,0.0
2022-01-18 00:00:00-05:00,50.783579314390046,51.799425883637646,50.424530182345066,50.75730514526367,229000,0.0,0.0
2022-01-19 00:00:00-05:00,50.442037220827395,50.71351467263806,48.27022762827465,48.401588439941406,231300,0.0,0.0
2022-01-20 00:00:00-05:00,48.43660807022751,49.80274418413123,47.90241245003962,48.016258239746094,165400,0.0,0.0
2022-01-21 00:00:00-05:00,47.63969279926632,48.953287232989,47.473302032983014,48.10382843017578,126200,0.0,0.0
2022-01-24 00:00:00-05:00,47.53461483715068,50.33695100453711,47.42077236275719,49.63636779785156,257700,0.0,0.0
2022-01-25 00:00:00-05:00,50.00416679979637,50.70475326406001,48.970805439715726,49.73269271850586,438200,0.0,0.0
2022-01-26 00:00:00-05:00,50.415761478361524,51.186404594324394,49.21601265533483,49.723934173583984,163800,0.0,0.0
2022-01-27 00:00:00-05:00,49.74145635051807,50.844877866410876,49.55755387808406,50.1793212890625,212500,0.0,0.0
2022-01-28 00:00:00-05:00,49.899081552379734,52.66638747302376,49.303585045601814,52.61384582519531,303000,0.0,0.0
2022-01-31 00:00:00-05:00,52.070893714064994,52.491243622094416,51.40534052817944,52.24604034423828,210200,0.0,0.0
2022-02-01 00:00:00-05:00,52.23727889029483,52.87656118203195,51.66805323869577,52.78898620605469,150800,0.0,0.0
2022-02-02 00:00:00-05:00,52.622599557977956,52.92034779951317,51.23018915501088,51.615509033203125,145300,0.0,0.0
2022-02-03 00:00:00-05:00,51.37906559662228,51.67681386128682,49.846538451569785,50.7135124206543,98100,0.0,0.0
2022-02-04 00:00:00-05:00,50.64345413824109,52.6663877663578,49.93411182281084,52.1934928894043,106200,0.0,0.0
2022-02-07 00:00:00-05:00,52.37739697680273,52.57005524805602,52.12343455032809,52.324851989746094,124500,0.0,0.0
2022-02-08 00:00:00-05:00,52.51752152910603,53.16555976407262,52.02711159781546,52.50876235961914,86700,0.0,0.0
2022-02-09 00:00:00-05:00,52.31609755865803,52.31609755865803,48.87447931971444,49.79399490356445,230200,0.0,0.0
2022-02-10 00:00:00-05:00,49.522519009863096,49.5575490032555,46.14220148230879,46.282318115234375,358100,0.0,0.0
2022-02-11 00:00:00-05:00,46.29107438203061,48.41033873975912,46.11592776669213,47.43827819824219,176300,0.0,0.0
2022-02-14 00:00:00-05:00,47.201824474442674,48.13885483349657,46.536268140138525,47.00916290283203,208200,0.0,0.0
2022-02-15 00:00:00-05:00,47.48205984764414,48.095067893407744,47.35945823849141,47.779808044433594,92100,0.0,0.0
2022-02-16 00:00:00-05:00,47.394498310486554,47.902423224465174,46.571313458219834,47.79733657836914,120600,0.0,0.0
2022-02-17 00:00:00-05:00,47.23685823553129,47.23685823553129,42.96329975725309,44.87239074707031,284500,0.0,0.0
2022-02-18 00:00:00-05:00,44.58340611681651,46.81651654549827,44.58340611681651,45.31901931762695,247900,0.0,0.0
2022-02-22 00:00:00-05:00,45.30149594167919,45.94077820714772,44.653457849294604,45.24895095825195,101600,0.0,0.0
2022-02-23 00:00:00-05:00,45.634284416617916,45.748130235987496,43.479989721346996,43.61134719848633,107200,0.0,0.0
2022-02-24 00:00:00-05:00,42.954542937443875,43.92660348014639,42.04378320908802,43.83027267456055,183300,0.0,0.0
2022-02-25 00:00:00-05:00,44.39073930896847,53.31442749577135,44.39073930896847,53.19182586669922,467100,0.0,0.0
2022-02-28 00:00:00-05:00,52.289822082408655,53.80483413488263,51.59799478461513,51.685569763183594,309800,0.0,0.0
2022-03-01 00:00:00-05:00,51.352794679988506,52.683904370190945,49.71518089758065,51.58048629760742,264900,0.0,0.0
2022-03-02 00:00:00-05:00,52.902836217756764,54.26897588600948,52.52627214267385,52.9378662109375,191400,0.0,0.0
2022-03-03 00:00:00-05:00,52.85028500283787,53.29690901167516,51.04628399489227,51.49290466308594,98100,0.0,0.0
2022-03-04 00:00:00-05:00,51.032836786792664,52.41306034867065,50.15692496625626,51.563690185546875,172700,0.6,0.0
2022-03-07 00:00:00-05:00,51.289417946062244,52.351124755038676,50.20116610430285,50.687782287597656,141100,0.0,0.0
2022-03-08 00:00:00-05:00,50.89127892140581,51.360199566234506,49.732244763808204,50.04191207885742,179400,0.0,0.0
2022-03-09 00:00:00-05:00,50.05960586656232,51.41328443477129,50.024214738941296,50.53737258911133,153000,0.0,0.0
2022-03-10 00:00:00-05:00,50.18346447327063,51.89989342366545,49.96227501896332,51.784873962402344,189800,0.0,0.0
2022-03-11 00:00:00-05:00,52.31573334115119,52.87312836432233,52.00606606430604,52.45729446411133,131500,0.0,0.0
2022-03-14 00:00:00-04:00,52.48384439886404,53.08548011011877,51.53715360690697,51.678714752197266,155200,0.0,0.0
2022-03-15 00:00:00-04:00,52.085697641645865,55.0053980934511,52.085697641645865,54.386070251464844,225300,0.0,0.0
2022-03-16 00:00:00-04:00,54.69574039580624,54.69574039580624,52.60771093357801,53.81983184814453,151700,0.0,0.0
2022-03-17 00:00:00-04:00,53.74018492275429,54.492227628072825,53.16509105980518,54.44799041748047,104000,0.0,0.0
2022-03-18 00:00:00-04:00,55.38583037171579,56.580255285333514,54.94345152409799,56.18211364746094,535300,0.0,0.0
2022-03-21 00:00:00-04:00,56.18212846033711,57.6596725809074,55.89015672388891,57.580047607421875,132500,0.0,0.0
2022-03-22 00:00:00-04:00,57.83662187356324,58.37632469077615,56.58026399782582,56.819149017333984,217900,0.0,0.0
2022-03-23 00:00:00-04:00,56.500632876989215,56.59795677367441,55.40353173492398,55.704349517822266,127000,0.0,0.0
2022-03-24 00:00:00-04:00,55.748597719033604,58.10205376372915,55.64242770858193,57.987037658691406,120300,0.0,0.0
2022-03-25 00:00:00-04:00,57.93394851118449,59.853871476120176,57.86316626128358,59.71230697631836,178300,0.0,0.0
2022-03-28 00:00:00-04:00,59.48227805402439,59.63268528069363,58.765619547236554,58.97796630859375,149900,0.0,0.0
2022-03-29 00:00:00-04:00,58.79215516091444,61.119072576196054,58.79215516091444,60.51743698120117,242800,0.0,0.0
2022-03-30 00:00:00-04:00,60.50859240670053,60.66784909914337,59.25223780529987,59.57075119018555,100300,0.0,0.0
2022-03-31 00:00:00-04:00,59.40264247637215,60.43780755769004,58.64175017296751,58.730224609375,115400,0.0,0.0
2022-04-01 00:00:00-04:00,58.98681029484454,60.136998317985594,58.491348008035416,59.99543380737305,140800,0.0,0.0
2022-04-04 00:00:00-04:00,60.11044933851529,60.81825155486765,59.27877481538053,60.791709899902344,108600,0.0,0.0
2022-04-05 00:00:00-04:00,60.66785284815013,61.234097400678955,60.19008274129753,60.54398727416992,147900,0.0,0.0
2022-04-06 00:00:00-04:00,60.66784705822571,60.906728713770235,59.517659123702174,60.68553924560547,119500,0.0,0.0
2022-04-07 00:00:00-04:00,60.49975135465037,61.915369595608695,59.75655785329849,61.62339782714844,139400,0.0,0.0
2022-04-08 00:00:00-04:00,61.68531682534108,62.14538792565742,61.375652935689075,61.747249603271484,109900,0.0,0.0
2022-04-11 00:00:00-04:00,61.50837333890657,61.77380343961661,60.41127530629627,61.145626068115234,91500,0.0,0.0
2022-04-12 00:00:00-04:00,60.68553538613337,62.10115329249106,60.68553538613337,61.826873779296875,100700,0.0,0.0
2022-04-13 00:00:00-04:00,61.879962896999075,63.52561295046276,61.879962896999075,63.38404846191406,132500,0.0,0.0
2022-04-14 00:00:00-04:00,62.9947594200648,64.29535460566166,62.72933610168133,63.96799850463867,110600,0.0,0.0
2022-04-18 00:00:00-04:00,63.49906602854371,63.96799334518304,62.62315767324226,63.50791549682617,137900,0.0,0.0
2022-04-19 00:00:00-04:00,63.26019218611748,64.24227403139787,62.96822044829524,63.8618278503418,166900,0.0,0.0
2022-04-20 00:00:00-04:00,64.25112261282032,64.55193706569155,63.49023026122372,64.10955810546875,90600,0.0,0.0
2022-04-21 00:00:00-04:00,64.31305510972827,64.59617737299845,62.605472060895444,62.87089538574219,117800,0.0,0.0
2022-04-22 00:00:00-04:00,62.63201720770283,62.94168114569289,61.6322431364299,61.80034255981445,107100,0.0,0.0
2022-04-25 00:00:00-04:00,61.2783351861601,62.95937657752498,61.20755293280075,62.87089538574219,160400,0.0,0.0
2022-04-26 00:00:00-04:00,62.233877627114715,62.80012898590472,61.685331959481935,61.91537094116211,96500,0.0,0.0
2022-04-27 00:00:00-04:00,62.11885760756331,62.57893554201053,61.349115726950316,61.83573532104492,102100,0.0,0.0
2022-04-28 00:00:00-04:00,61.2606323173464,61.49067125092173,55.6158796023578,59.154911041259766,218200,0.0,0.0
2022-04-29 00:00:00-04:00,58.63291313162179,59.818492431301436,56.64220751476928,57.15536880493164,171700,0.0,0.0
2022-05-02 00:00:00-04:00,57.420802228879765,59.8450375408054,57.420802228879765,59.18146896362305,215500,0.0,0.0
2022-05-03 00:00:00-04:00,58.74792231350412,58.96911177496297,57.30576270468574,57.37654495239258,170300,0.0,0.0
2022-05-04 00:00:00-04:00,57.94279278642457,58.040116695111195,55.99632811302617,57.88970947265625,98300,0.0,0.0
2022-05-05 00:00:00-04:00,57.916257200518324,58.20822895718367,56.24406513986084,57.049198150634766,115900,0.0,0.0
2022-05-06 00:00:00-04:00,57.049190971706,57.854317130997075,55.553947997093665,56.19097137451172,93200,0.0,0.0
2022-05-09 00:00:00-04:00,55.642423654205835,56.739521557462155,55.474320868649144,55.86361312866211,130800,0.0,0.0
2022-05-10 00:00:00-04:00,56.465246616674435,56.9164750174107,55.04963538415233,55.633575439453125,117000,0.0,0.0
2022-05-11 00:00:00-04:00,55.76629093397328,56.49179216248285,54.31528847695414,54.58071517944336,112000,0.0,0.0
2022-05-12 00:00:00-04:00,54.456848132283135,55.85476723592248,53.94369030473951,55.16465377807617,127900,0.0,0.0
2022-05-13 00:00:00-04:00,55.60702716559172,56.01401832440495,54.82844272065162,55.29736328125,121700,0.0,0.0
2022-05-16 00:00:00-04:00,55.82821037185854,57.4473186076045,55.00538542829629,56.120182037353516,93100,0.0,0.0
2022-05-17 00:00:00-04:00,56.721831050086664,57.45618174707831,55.474322512196494,57.394248962402344,79500,0.0,0.0
2022-05-18 00:00:00-04:00,57.30576246776161,58.818704318031735,56.73951798878136,57.022640228271484,220100,0.0,0.0
2022-05-19 00:00:00-04:00,56.59796759138566,57.111128826504626,55.19120230470089,56.12904357910156,186800,0.0,0.0
2022-05-20 00:00:00-04:00,56.68643771329193,56.9961016246001,55.235435314447635,56.73952102661133,95300,0.0,0.0
2022-05-23 00:00:00-04:00,56.99610232755428,57.21729180266914,55.60703269383971,55.77513885498047,105700,0.0,0.0
2022-05-24 00:00:00-04:00,55.50085919124504,57.18189707107125,54.430303009212295,56.934165954589844,109100,0.0,0.0
2022-05-25 00:00:00-04:00,56.925311004807995,58.66828487100845,56.4917815927097,58.208213806152344,135400,0.0,0.0
2022-05-26 00:00:00-04:00,58.743960334955524,59.33327147992434,56.922441392907174,58.315364837646484,81800,0.6,0.0
2022-05-27 00:00:00-04:00,57.88678121004956,59.788658142089844,57.8064165669041,59.788658142089844,71300,0.0,0.0
2022-05-31 00:00:00-04:00,59.12790609090653,59.47613694052231,58.05642078937834,58.77074432373047,136700,0.0,0.0
2022-06-01 00:00:00-04:00,59.22613569787211,59.22613569787211,58.038575517712665,58.17251205444336,102700,0.0,0.0
2022-06-02 00:00:00-04:00,58.36002004129257,58.97612401823519,57.66355823029406,58.645748138427734,100900,0.0,0.0
2022-06-03 00:00:00-04:00,58.395734748782644,58.922543140928944,58.04750385614137,58.485023498535156,84100,0.0,0.0
2022-06-06 00:00:00-04:00,59.05648126749401,59.52079367842536,58.127863257926414,59.08326721191406,114800,0.0,0.0
2022-06-07 00:00:00-04:00,58.54751295643413,59.333263312327176,58.44929331041082,58.940391540527344,87300,0.0,0.0
2022-06-08 00:00:00-04:00,58.42251804185267,59.11897979553678,58.30644335367019,58.5832405090332,102200,0.0,0.0
2022-06-09 00:00:00-04:00,58.3064426148352,58.770748173976244,57.51176120726093,57.64569091796875,105000,0.0,0.0
2022-06-10 00:00:00-04:00,56.73493062319351,58.79752976291962,56.10989923903678,56.60099411010742,78600,0.0,0.0
2022-06-13 00:00:00-04:00,55.77953267282932,56.02954389026093,54.75269504783969,54.841983795166016,103200,0.0,0.0
2022-06-14 00:00:00-04:00,55.26164573033926,55.386651333013575,54.51160870814619,54.94020080566406,116100,0.0,0.0
2022-06-15 00:00:00-04:00,55.34201297997828,55.75274669233199,54.645551171539594,55.100929260253906,154400,0.0,0.0
2022-06-16 00:00:00-04:00,54.3955335416443,54.886631873048216,53.06511280606112,53.574066162109375,116000,0.0,0.0
2022-06-17 00:00:00-04:00,53.76157580863812,54.484826944619556,53.58299490277447,53.88658142089844,244600,0.0,0.0
2022-06-21 00:00:00-04:00,54.53840091309168,54.591972799245895,53.779432933148826,54.22588348388672,118800,0.0,0.0
2022-06-22 00:00:00-04:00,54.011588616878264,55.699171137746035,54.011588616878264,55.24378967285156,147100,0.0,0.0
2022-06-23 00:00:00-04:00,55.56523662848233,58.82432369271371,55.56523662848233,58.73503494262695,130200,0.0,0.0
2022-06-24 00:00:00-04:00,58.97612246349593,63.663853404109624,58.91361965677955,63.65492248535156,440400,0.0,0.0
2022-06-27 00:00:00-04:00,64.15494582484008,65.0746329130624,63.19061095450606,64.84248352050781,204900,0.0,0.0
2022-06-28 00:00:00-04:00,64.96748776325633,65.49429615711135,62.967384338378906,62.967384338378906,243400,0.0,0.0
2022-06-29 00:00:00-04:00,62.76201890226965,62.76201890226965,59.58329317806586,60.74406051635742,304000,0.0,0.0
2022-06-30 00:00:00-04:00,60.190466887484014,63.3513308111669,60.190466887484014,63.02096176147461,176600,0.0,0.0
2022-07-01 00:00:00-04:00,62.43164905588088,63.47634180462955,61.5655338187439,62.244140625,163100,0.0,0.0
2022-07-05 00:00:00-04:00,61.44945555680288,61.53874430743498,60.55655442589189,61.52088928222656,193200,0.0,0.0
2022-07-06 00:00:00-04:00,61.32444990703138,62.029842617507455,60.0118841554047,60.36011505126953,140100,0.0,0.0
2022-07-07 00:00:00-04:00,60.360107076336085,60.779771642134996,58.94932184178053,59.52970886230469,96300,0.0,0.0
2022-07-08 00:00:00-04:00,59.22613269690853,60.48511972887611,58.59217372162061,60.11903381347656,103800,0.0,0.0
2022-07-11 00:00:00-04:00,59.70829776085347,59.74401462158196,58.8511135402536,59.34220504760742,77000,0.0,0.0
2022-07-12 00:00:00-04:00,59.306488933030536,60.0475984748079,59.13684235780413,59.520790100097656,71800,0.0,0.0
2022-07-13 00:00:00-04:00,58.86896794140236,60.01188022343896,58.84218199921315,59.5654296875,46500,0.0,0.0
2022-07-14 00:00:00-04:00,58.8064701246924,59.699371272273765,58.49395608549795,59.485076904296875,58000,0.0,0.0
2022-07-15 00:00:00-04:00,60.21725280392694,61.2083735771524,59.333275803615706,61.10122299194336,80700,0.0,0.0
2022-07-18 00:00:00-04:00,61.77089813998458,61.77089813998458,60.547621185123305,60.74406051635742,90400,0.0,0.0
2022-07-19 00:00:00-04:00,61.15479647117301,62.70844934184219,61.15479647117301,61.699466705322266,86900,0.0,0.0
2022-07-20 00:00:00-04:00,61.27087503541749,63.708491187766036,61.27087503541749,63.43169403076172,121300,0.0,0.0
2022-07-21 00:00:00-04:00,62.95847192596125,63.833511376117876,62.04770879439845,62.82453536987305,85600,0.0,0.0
2022-07-22 00:00:00-04:00,62.85131370169327,63.1370418076492,61.3512394423508,62.244140625,78000,0.0,0.0
2022-07-25 00:00:00-04:00,62.36020453691008,63.02095620260156,61.47623442647241,61.84232711791992,66700,0.0,0.0
2022-07-26 00:00:00-04:00,62.01196033341783,63.038797657245496,60.80654556731263,62.47627258300781,112800,0.0,0.0
2022-07-27 00:00:00-04:00,59.708303722465736,66.99437373119407,59.708303722465736,64.56568145751953,234900,0.0,0.0
2022-07-28 00:00:00-04:00,65.36036344439843,66.37827024139597,64.02101167863376,65.46751403808594,88900,0.0,0.0
2022-07-29 00:00:00-04:00,65.37820911592414,65.82465959411286,63.67276501934223,64.13707733154297,112600,0.0,0.0
2022-08-01 00:00:00-04:00,63.47633895914173,64.72640192127244,62.878096828535384,64.440673828125,110000,0.0,0.0
2022-08-02 00:00:00-04:00,64.26209995156606,64.60139995248701,63.33348189335053,63.61027908325195,71900,0.0,0.0
2022-08-03 00:00:00-04:00,63.72636023148264,64.33353331173343,63.06560844759809,63.904937744140625,70700,0.0,0.0
2022-08-04 00:00:00-04:00,64.02994951183129,64.23531980216781,62.22629193658504,63.30670166015625,81500,0.0,0.0
2022-08-05 00:00:00-04:00,62.60130390640312,62.63702077200947,61.6458998913936,62.413795471191406,60800,0.0,0.0
2022-08-08 00:00:00-04:00,62.98523303567112,63.51204131962244,62.12804895196307,62.73522186279297,99300,0.0,0.0
2022-08-09 00:00:00-04:00,62.90488218518231,63.08346649941554,61.85125857423887,62.351287841796875,84500,0.0,0.0
2022-08-10 00:00:00-04:00,62.91381235691057,62.91381235691057,61.17265789065551,62.17270278930664,151600,0.0,0.0
2022-08-11 00:00:00-04:00,62.65487381329435,62.878099107038985,60.342263040001654,60.54762649536133,74900,0.0,0.0
2022-08-12 00:00:00-04:00,60.940494715479,62.4584237270641,60.502975122399974,62.10126876831055,67400,0.0,0.0
2022-08-15 00:00:00-04:00,62.0119907260697,63.333487608396645,61.5298300331504,63.30670166015625,65000,0.0,0.0
2022-08-16 00:00:00-04:00,62.922730229892984,64.00313954806855,62.386991029219075,63.27989196777344,99000,0.0,0.0
2022-08-17 00:00:00-04:00,62.699522541139636,63.994226539437065,62.6638056761272,62.744163513183594,84000,0.0,0.0
2022-08-18 00:00:00-04:00,62.762010056491555,63.55669137553885,62.49413704032771,63.288818359375,62300,0.0,0.0
2022-08-19 00:00:00-04:00,63.11025051170265,63.52991512193622,62.3334240962302,63.41383361816406,81600,0.0,0.0
2022-08-22 00:00:00-04:00,62.60128910328005,62.72629469719486,61.28872355488062,61.61016845703125,80600,0.0,0.0
2022-08-23 00:00:00-04:00,61.52981216792428,62.333417630993075,61.02978296753506,61.23515319824219,123500,0.0,0.0
2022-08-24 00:00:00-04:00,61.047641941494916,61.58338116252953,60.476185864085494,60.53868865966797,59100,0.0,0.0
2022-08-25 00:00:00-04:00,60.735128323741385,61.967336171160476,60.72620421781414,61.9494743347168,65600,0.0,0.0
2022-08-26 00:00:00-04:00,61.78874888144114,62.20841345775199,60.15474516514841,60.45832824707031,72100,0.0,0.0
2022-08-29 00:00:00-04:00,60.217252281161045,60.44047755585421,59.25291745953585,59.440425872802734,65900,0.0,0.0
2022-08-30 00:00:00-04:00,59.529714271018264,59.770801381157725,58.12785982666033,58.39573287963867,124900,0.0,0.0
2022-08-31 00:00:00-04:00,58.36894746276649,58.735033372021356,57.49390138580755,57.77069854736328,174600,0.0,0.0
2022-09-01 00:00:00-04:00,57.52736758420828,58.07713616217521,56.698207459298835,56.761295318603516,260200,0.6,0.0
2022-09-02 00:00:00-04:00,57.256991457483196,57.69860650610775,55.950168468751535,56.40980911254883,140700,0.0,0.0
2022-09-06 00:00:00-04:00,56.40979883610894,57.90588858258926,55.63471557503538,56.22053527832031,167300,0.0,0.0
2022-09-07 00:00:00-04:00,56.71623793671152,57.11279072049088,55.86905558307941,56.977603912353516,178200,0.0,0.0
2022-09-08 00:00:00-04:00,56.60807490900754,58.077127934770836,56.01324414980738,57.0587043762207,141900,0.0,0.0
2022-09-09 00:00:00-04:00,57.2299426249146,58.194289414575486,57.166854774228746,58.03206253051758,122200,0.0,0.0
2022-09-12 00:00:00-04:00,58.32948698451701,59.78952224905193,58.30245031310872,59.42000961303711,96000,0.0,0.0
2022-09-13 00:00:00-04:00,58.38355570539482,59.059499941334515,57.302047678315446,57.6985969543457,113100,0.0,0.0
2022-09-14 00:00:00-04:00,57.98700221631304,58.14922911543112,56.68017938390559,57.77971649169922,126300,0.0,0.0
2022-09-15 00:00:00-04:00,57.590450123601585,60.159036838106424,57.590450123601585,58.74406051635742,117500,0.0,0.0
2022-09-16 00:00:00-04:00,58.51874442737094,58.51874442737094,56.54498854672511,57.265995025634766,468000,0.0,0.0
2022-09-19 00:00:00-04:00,57.2389621381794,57.89688084804003,56.283629722396,57.38316345214844,84500,0.0,0.0
2022-09-20 00:00:00-04:00,56.83338962841961,57.284019095520215,56.30164671971969,57.229942321777344,75000,0.0,0.0
2022-09-21 00:00:00-04:00,57.35611882781605,57.779711633007864,56.45485988096028,56.86943817138672,79800,0.0,0.0
2022-09-22 00:00:00-04:00,56.716233218820015,57.04068703220952,55.69780951302086,56.067325592041016,111300,0.0,0.0
2022-09-23 00:00:00-04:00,55.733856136835314,56.247573486624866,54.003437086467706,56.13942337036133,150000,0.0,0.0
2022-09-26 00:00:00-04:00,55.6437367348216,56.91451189148801,54.949766835361146,55.31026840209961,104400,0.0,0.0
2022-09-27 00:00:00-04:00,55.7248390185793,57.59044465252014,55.481498704844,55.769901275634766,87400,0.0,0.0
2022-09-28 00:00:00-04:00,56.08534938099004,57.98700305843739,56.08534938099004,57.419212341308594,88200,0.0,0.0
2022-09-29 00:00:00-04:00,57.013637564617284,57.35611691565316,56.310656709675676,56.67116165161133,86500,0.0,0.0
2022-09-30 00:00:00-04:00,56.37374815722276,57.13080583318771,55.29223670041138,55.3463134765625,133800,0.0,0.0
2022-10-03 00:00:00-04:00,55.995224812485844,56.445854330028396,55.238167085493146,55.75188446044922,127000,0.0,0.0
2022-10-04 00:00:00-04:00,56.13041101606415,57.89687788117159,55.99522422503786,56.79734420776367,108600,0.0,0.0
2022-10-05 00:00:00-04:00,56.64412659984707,56.65314111511616,55.6797797478678,56.07633590698242,70700,0.0,0.0
2022-10-06 00:00:00-04:00,55.98620523363757,56.71622622372684,55.941142973564666,56.46387481689453,51000,0.0,0.0
2022-10-07 00:00:00-04:00,56.24757906800988,56.445857165859785,55.1119941394844,55.2471809387207,92000,0.0,0.0
2022-10-10 00:00:00-04:00,55.274216475943106,55.869047282249625,54.59827222159342,55.20211410522461,53200,0.0,0.0
2022-10-11 00:00:00-04:00,54.95876688385084,56.544984460864335,54.859627855533766,56.11237716674805,91800,0.0,0.0
2022-10-12 00:00:00-04:00,55.87806065898835,57.33809934581663,55.41842005984941,57.06772232055664,58600,0.0,0.0
2022-10-13 00:00:00-04:00,56.22053101202079,58.23033794171596,56.20250542149974,57.55439376831055,71900,0.0,0.0
2022-10-14 00:00:00-04:00,58.185275041667985,58.22132622444203,56.590049741261524,56.64412307739258,55000,0.0,0.0
2022-10-17 00:00:00-04:00,57.44624972236162,58.10416837463999,57.2119204589018,57.75267791748047,74200,0.0,0.0
2022-10-18 00:00:00-04:00,58.52775610191212,59.06851007534419,57.96897309959841,58.80714416503906,62500,0.0,0.0
2022-10-19 00:00:00-04:00,58.248368490140436,58.8432027489854,57.49131420731306,58.059104919433594,49800,0.0,0.0
2022-10-20 00:00:00-04:00,57.91490521878158,58.98739875219905,57.28402323168223,57.62649917602539,53000,0.0,0.0
2022-10-21 00:00:00-04:00,57.95095901575366,58.55480092222957,57.175872253327626,57.987003326416016,72100,0.0,0.0
2022-10-24 00:00:00-04:00,58.32949214733133,59.02345865379126,57.41020741974748,58.473690032958984,91300,0.0,0.0
2022-10-25 00:00:00-04:00,58.36554059620585,60.330285687532744,58.15824798003002,60.18608093261719,72000,0.0,0.0
2022-10-26 00:00:00-04:00,60.52855847555211,61.17745918754138,59.80754851637216,59.86162185668945,71600,0.0,0.0
2022-10-27 00:00:00-04:00,60.068911769408516,60.825966004250304,59.49210657827375,59.85261154174805,69100,0.0,0.0
2022-10-28 00:00:00-04:00,60.32127191226136,63.90828616014175,60.32127191226136,62.99801254272461,119200,0.0,0.0
2022-10-31 00:00:00-04:00,63.08813343877378,63.17825796847414,61.664142490901135,62.18687438964844,73000,0.0,0.0
2022-11-01 00:00:00-04:00,62.331067678771205,63.72801482245741,61.71821136299402,61.95253372192383,78800,0.0,0.0
2022-11-02 00:00:00-04:00,62.14179653089036,62.6645283273834,60.69076919555664,60.69076919555664,100000,0.0,0.0
2022-11-03 00:00:00-04:00,63.719013401062156,66.26056369953021,61.565004777143464,66.08031463623047,99200,0.0,0.0
2022-11-04 00:00:00-04:00,66.38673990025758,68.46864594788758,65.44942973405325,67.90084838867188,108100,0.0,0.0
2022-11-07 00:00:00-05:00,67.67552925466873,70.82092784796174,67.51330924948125,70.34326171875,187400,0.0,0.0
2022-11-08 00:00:00-05:00,69.89263408459269,71.50588154865868,69.62225365009063,71.05525207519531,128300,0.0,0.0
2022-11-09 00:00:00-05:00,70.50549198848258,71.64107333573021,69.86559207121005,70.80290222167969,134700,0.0,0.0
2022-11-10 00:00:00-05:00,72.38011695568775,72.53333623026195,70.09993250655177,71.32564544677734,208100,0.0,0.0
2022-11-11 00:00:00-05:00,71.84837487448829,71.84837487448829,69.07249526105123,70.6136474609375,109600,0.0,0.0
2022-11-14 00:00:00-05:00,70.50550323459511,70.94711827340981,68.72100717047194,70.00079345703125,133300,0.0,0.0
2022-11-15 00:00:00-05:00,70.5415464294881,72.63246725749273,70.02782901973018,71.28057861328125,128800,0.0,0.0
2022-11-16 00:00:00-05:00,70.97414691811635,71.93849378215182,70.18104146603221,71.62305450439453,85200,0.0,0.0
2022-11-17 00:00:00-05:00,70.84796063680986,71.98354874337193,70.82993160873612,71.78527069091797,62200,0.0,0.0
2022-11-18 00:00:00-05:00,72.62345057436362,73.03802888183863,71.30761328297064,71.93849182128906,71300,0.0,0.0
2022-11-21 00:00:00-05:00,71.44279693102908,72.5873996960262,71.2715623990835,72.45220947265625,62400,0.0,0.0
2022-11-22 00:00:00-05:00,72.40714510097632,73.61483574222346,72.20887389593204,73.58779907226562,59000,0.0,0.0
2022-11-23 00:00:00-05:00,73.68695088143306,73.78608993916447,72.59642812244935,73.11014556884766,50500,0.0,0.0
2022-11-25 00:00:00-05:00,73.23724143695611,73.59135101001786,73.18275824527939,73.21907806396484,23800,0.6,0.0
2022-11-28 00:00:00-05:00,72.95577895438423,73.94547515857606,72.42915187058668,72.60166931152344,71900,0.0,0.0
2022-11-29 00:00:00-05:00,72.41098102608606,73.33711215546228,72.25662699240621,72.91036987304688,49100,0.0,0.0
2022-11-30 00:00:00-05:00,73.04656738733021,74.34497158395347,72.18399412779142,74.2723388671875,124600,0.0,0.0
2022-12-01 00:00:00-05:00,74.44484389409907,74.83527329313887,73.09196352745766,73.11920166015625,95200,0.0,0.0
2022-12-02 00:00:00-05:00,72.47454638698963,74.1633800255532,72.10228033079969,73.6730728149414,99800,0.0,0.0
2022-12-05 00:00:00-05:00,73.09196637589494,73.09196637589494,71.8752835526288,72.34742736816406,135000,0.0,0.0
2022-12-06 00:00:00-05:00,72.19309103244434,74.14523858253153,71.9388591519305,72.102294921875,115400,0.0,0.0
2022-12-07 00:00:00-05:00,72.22939064558197,72.7923305299281,71.56656606207774,72.09319305419922,99000,0.0,0.0
2022-12-08 00:00:00-05:00,72.0659459397778,73.30079194043365,71.68459134597497,72.19306182861328,80800,0.0,0.0
2022-12-09 00:00:00-05:00,72.02963900193855,72.35651046803687,71.73000567013213,72.05687713623047,111100,0.0,0.0
2022-12-12 00:00:00-05:00,71.90252860301442,72.32019619120685,71.194309347936,71.6573715209961,146600,0.0,0.0
2022-12-13 00:00:00-05:00,72.96485287960154,73.42792195072776,71.39405348361925,72.29295349121094,255400,0.0,0.0
2022-12-14 00:00:00-05:00,72.44731327234608,73.8819151812555,72.1385982247322,73.6095199584961,148800,0.0,0.0
2022-12-15 00:00:00-05:00,73.27357366142598,73.69124822286265,71.86621668434641,72.80142974853516,135400,0.0,0.0
2022-12-16 00:00:00-05:00,73.05563131824307,73.66397260299723,71.33047829117206,72.65612030029297,661000,0.0,0.0
2022-12-19 00:00:00-05:00,72.75600477578062,72.83772609486327,70.8492594338448,71.08533477783203,114300,0.0,0.0
2022-12-20 00:00:00-05:00,71.14891091423577,72.67430896321244,70.99455684987049,72.60166931152344,110800,0.0,0.0
2022-12-21 00:00:00-05:00,73.34619987576859,74.15429685656721,73.04656654294277,73.46424102783203,115800,0.0,0.0
2022-12-22 00:00:00-05:00,73.27354651633094,74.11796316067363,72.43821155751564,73.86373138427734,89100,0.0,0.0
2022-12-23 00:00:00-05:00,73.72755797526816,74.27234844872913,73.12829815267915,73.95455169677734,93100,0.0,0.0
2022-12-27 00:00:00-05:00,74.25418241214007,74.78080948973074,73.75480039908551,73.77295684814453,76200,0.0,0.0
2022-12-28 00:00:00-05:00,73.66401209444989,74.6446267947849,72.42009072999322,72.77420043945312,83400,0.0,0.0
2022-12-29 00:00:00-05:00,73.08288636455478,74.46301187662046,72.51086476058538,73.46424102783203,81500,0.0,0.0
2022-12-30 00:00:00-05:00,73.18276843740146,73.93638919366236,71.02179087938747,71.11258697509766,100300,0.0,0.0
2023-01-03 00:00:00-05:00,71.44854108376161,72.78326518278288,70.00485751208416,72.0387191772461,108700,0.0,0.0
2023-01-04 00:00:00-05:00,72.30203091091575,73.12829130494148,72.14767685729488,72.47454833984375,59800,0.0,0.0
2023-01-05 00:00:00-05:00,72.19309027636693,73.69125033061802,72.19309027636693,73.50965118408203,101400,0.0,0.0
2023-01-06 00:00:00-05:00,74.11798263651195,77.41393569209637,73.77295469606845,77.33221435546875,155900,0.0,0.0
2023-01-09 00:00:00-05:00,77.4048542428756,77.97687589184018,76.01565386160578,77.06890106201172,157300,0.0,0.0
2023-01-10 00:00:00-05:00,76.82374119981537,78.88484075510894,76.20631811644728,78.72140502929688,110700,0.0,0.0
2023-01-11 00:00:00-05:00,78.83034785919494,79.01193999299046,77.46838607384099,78.8212661743164,129500,0.0,0.0
2023-01-12 00:00:00-05:00,79.18446720315318,80.19231960366434,77.1869257741436,79.60213470458984,148800,0.0,0.0
2023-01-13 00:00:00-05:00,79.6384749670421,81.49982622030733,78.23111807579389,81.44534301757812,92000,0.0,0.0
2023-01-17 00:00:00-05:00,81.09122669465486,81.09122669465486,78.21294825812332,79.7020263671875,144900,0.0,0.0
2023-01-18 00:00:00-05:00,80.06523078676484,80.06523078676484,78.08584513304454,78.87578582763672,86700,0.0,0.0
2023-01-19 00:00:00-05:00,78.96656208166362,79.08459630080117,77.44116428318347,78.72140502929688,154000,0.0,0.0
2023-01-20 00:00:00-05:00,79.59307423605735,80.93687305980737,78.81221535443316,80.84607696533203,139600,0.0,0.0
2023-01-23 00:00:00-05:00,80.51011444062313,81.68140262695793,80.3557604052209,81.47257232666016,109300,0.0,0.0
2023-01-24 00:00:00-05:00,81.45441109189385,83.06153022147588,80.61907601417862,82.94348907470703,73000,0.0,0.0
2023-01-25 00:00:00-05:00,82.59847259360903,84.64141599079264,82.59847259360903,84.3871841430664,118800,0.0,0.0
2023-01-26 00:00:00-05:00,84.71405070039607,84.74128883573563,83.23404735883274,84.37809753417969,98900,0.0,0.0
2023-01-27 00:00:00-05:00,84.29637265567841,84.67772731628767,83.55183363608526,84.26913452148438,65800,0.0,0.0
2023-01-30 00:00:00-05:00,83.82424250982497,84.63233961682343,83.4247313369992,84.25099182128906,89400,0.0,0.0
2023-01-31 00:00:00-05:00,84.43256611214609,85.46765672452904,84.16017785627005,84.75943756103516,95000,0.0,0.0
2023-02-01 00:00:00-05:00,84.73220119206886,86.5572323318087,83.41564060968432,85.49490356445312,134900,0.0,0.0
2023-02-02 00:00:00-05:00,85.4949203980239,87.46522427973979,85.4949203980239,87.2291488647461,154700,0.0,0.0
2023-02-03 00:00:00-05:00,86.83871303944652,89.1812897863934,86.72067880421523,88.79994201660156,171200,0.0,0.0
2023-02-06 00:00:00-05:00,88.45492703123341,88.45492703123341,84.54155681243029,85.18621826171875,125200,0.0,0.0
2023-02-07 00:00:00-05:00,84.61417641414988,84.75036709647286,80.84607949355483,84.677734375,133700,0.0,0.0
2023-02-08 00:00:00-05:00,84.35993775535273,85.34054522534629,83.28852726808222,84.00582122802734,100000,0.0,0.0
2023-02-09 00:00:00-05:00,84.6232486495121,85.31331143764832,83.63355944190837,84.61417388916016,70500,0.0,0.0
2023-02-10 00:00:00-05:00,84.06938501977442,84.53245411630186,83.37024745837252,84.44165802001953,102400,0.0,0.0
2023-02-13 00:00:00-05:00,84.3417630668109,85.86716072664872,84.3417630668109,85.71280670166016,127400,0.0,0.0
2023-02-14 00:00:00-05:00,85.11355099840962,85.90349152355856,84.1874198028019,84.22373962402344,80700,0.0,0.0
2023-02-15 00:00:00-05:00,83.76974713013834,85.03183139944025,83.04336460469536,84.66864013671875,75700,0.0,0.0
2023-02-16 00:00:00-05:00,83.72435312610334,85.07723360047682,83.22497115650262,84.85932159423828,75000,0.0,0.0
2023-02-17 00:00:00-05:00,85.19527444683088,86.1123239781163,84.84116484023596,85.50398254394531,88800,0.0,0.0
2023-02-21 00:00:00-05:00,84.92289409437895,85.74007291683726,84.8320979868389,85.45860290527344,79200,0.0,0.0
2023-02-22 00:00:00-05:00,85.32238749507309,86.07600819243311,82.08091794774721,83.53367614746094,148500,0.0,0.0
2023-02-23 00:00:00-05:00,81.62694391478928,81.73589646800913,74.09983125294457,78.294677734375,233900,0.0,0.0
2023-02-24 00:00:00-05:00,78.21294651419157,80.41932549311947,77.17785582553876,80.13785552978516,132000,0.0,0.0
2023-02-27 00:00:00-05:00,80.61000162666537,80.76435568009668,78.43086072144817,79.17539978027344,80000,0.0,0.0
2023-02-28 00:00:00-05:00,78.62154451035008,79.40240349089372,77.18694941038976,77.40486145019531,210100,0.0,0.0
2023-03-01 00:00:00-05:00,77.205093190751,78.06767337422787,75.16214996867625,75.6070556640625,172300,0.0,0.0
2023-03-02 00:00:00-05:00,75.18939144520942,76.73295277131781,75.18939144520942,75.78865814208984,89000,0.0,0.0
2023-03-03 00:00:00-05:00,76.06301285832278,76.95012620384742,74.94726234034141,76.81294250488281,92500,0.6,0.0
2023-03-06 00:00:00-05:00,76.81296334384757,77.2702378128173,74.30710120758077,75.77037811279297,156700,0.0,0.0
2023-03-07 00:00:00-05:00,75.6972095375639,78.37683809913635,75.6972095375639,77.96529388427734,176400,0.0,0.0
2023-03-08 00:00:00-05:00,77.8281039534749,78.74265278248741,77.45314256185576,78.67863464355469,178900,0.0,0.0
2023-03-09 00:00:00-05:00,78.72436432051065,79.09018524502521,77.80981549795115,78.3585433959961,91300,0.0,0.0
2023-03-10 00:00:00-05:00,78.22135139805373,78.65119041555447,76.87696365479071,77.94699096679688,149100,0.0,0.0
2023-03-13 00:00:00-04:00,76.93184545699377,78.07503142562653,75.2673669657626,76.43798828125,126500,0.0,0.0
2023-03-14 00:00:00-04:00,77.4348455550131,78.38597714840516,76.7397934877853,77.60861206054688,141400,0.0,0.0
2023-03-15 00:00:00-04:00,76.24594354712447,77.92871015722244,74.709501131296,77.62690734863281,157400,0.0,0.0
2023-03-16 00:00:00-04:00,76.76722428917854,79.43770496394251,76.76722428917854,79.12675476074219,108100,0.0,0.0
2023-03-17 00:00:00-04:00,79.01701766615655,79.03530557206555,76.79466380444593,77.4439926147461,385000,0.0,0.0
2023-03-20 00:00:00-04:00,77.91955762234673,79.30052831105876,77.91955762234673,78.56889343261719,109800,0.0,0.0
2023-03-21 00:00:00-04:00,79.42856034854464,80.75466026937309,79.2548008245732,80.34310913085938,121000,0.0,0.0
2023-03-22 00:00:00-04:00,80.16019895977698,81.19363653058228,78.77008095887534,78.93470001220703,92200,0.0,0.0
2023-03-23 00:00:00-04:00,79.09018569183469,79.3828410376089,77.66348477591335,78.61461639404297,76900,0.0,0.0
2023-03-24 00:00:00-04:00,78.03844851678767,80.07788837430422,78.03844851678767,80.01387023925781,70900,0.0,0.0
2023-03-27 00:00:00-04:00,80.5077297249073,81.29424225088184,80.18763904048829,81.0015869140625,80700,0.0,0.0
2023-03-28 00:00:00-04:00,80.77294716437338,81.27595177933469,78.75179521803925,79.88583374023438,112000,0.0,0.0
2023-03-29 00:00:00-04:00,80.39798456032871,80.46200269420727,78.39512055013016,79.1541976928711,93200,0.0,0.0
2023-03-30 00:00:00-04:00,79.42856857372787,80.86441003155167,79.1907839120154,80.69979095458984,92800,0.0,0.0
2023-03-31 00:00:00-04:00,80.86439832615864,82.47400607040552,80.58089044810637,82.15391540527344,117500,0.0,0.0
2023-04-03 00:00:00-04:00,82.08075734318582,82.83068710332346,81.33997502501862,82.08990478515625,89600,0.0,0.0
2023-04-04 00:00:00-04:00,82.00759071501335,82.00759071501335,80.0138740156037,81.54117584228516,80300,0.0,0.0
2023-04-05 00:00:00-04:00,81.30338571018466,82.75751488137112,81.01073038770008,82.66606140136719,73500,0.0,0.0
2023-04-06 00:00:00-04:00,82.94042865894775,83.2056486346652,81.94356688970262,82.62947845458984,74000,0.0,0.0
2023-04-10 00:00:00-04:00,82.60204639036324,84.62319837790838,82.37340919298319,84.22079467773438,138400,0.0,0.0
2023-04-11 00:00:00-04:00,84.04703075134498,86.36998539238115,83.90984704460976,85.62919616699219,83400,0.0,0.0
2023-04-12 00:00:00-04:00,86.04988892947318,86.69007724385517,85.57432664739088,86.12305450439453,53500,0.0,0.0
2023-04-13 00:00:00-04:00,85.67492102534345,87.41256492102471,84.47686448168103,86.43399810791016,163000,0.0,0.0
2023-04-14 00:00:00-04:00,86.10478898695003,86.63522907686635,84.99818554399329,85.80298614501953,80100,0.0,0.0
2023-04-17 00:00:00-04:00,85.87613469711096,86.57119374674294,84.58661752519319,84.89756774902344,78000,0.0,0.0
2023-04-18 00:00:00-04:00,85.17191826339374,85.17191826339374,83.40683898616093,83.97386169433594,64100,0.0,0.0
2023-04-19 00:00:00-04:00,84.13847313533036,84.21163869960179,83.10503570544226,83.94641876220703,88600,0.0,0.0
2023-04-20 00:00:00-04:00,83.76352120103319,84.84268906359294,83.56232632619461,84.58661651611328,102000,0.0,0.0
2023-04-21 00:00:00-04:00,84.44942609164833,85.34568691407779,84.2299363508821,84.97986602783203,98800,0.0,0.0
2023-04-24 00:00:00-04:00,84.86098471203269,85.27252888455625,84.23909124363804,84.91585540771484,87800,0.0,0.0
2023-04-25 00:00:00-04:00,84.45856379696093,84.79694929878643,83.82752999281644,83.91898345947266,89500,0.0,0.0
2023-04-26 00:00:00-04:00,83.4617330682319,84.8061210434716,82.98616374140141,84.50431823730469,123700,0.0,0.0
2023-04-27 00:00:00-04:00,83.74524423925668,85.49203602384009,78.21222048795984,82.2911148071289,146100,0.0,0.0
2023-04-28 00:00:00-04:00,81.95271737952002,83.70864937636229,80.31567421313098,80.48029327392578,116100,0.0,0.0
2023-05-01 00:00:00-04:00,79.97730003973788,82.6569286469551,79.97730003973788,82.37342071533203,104300,0.0,0.0
2023-05-02 00:00:00-04:00,81.39483058180554,81.39483058180554,75.01127787733313,75.52342987060547,165900,0.0,0.0
2023-05-03 00:00:00-04:00,75.84353535900094,77.54459675463387,74.95642187039674,75.4136962890625,228000,0.0,0.0
2023-05-04 00:00:00-04:00,74.70034042077489,75.166762225983,72.67918856814389,74.88324737548828,167500,0.0,0.0
2023-05-05 00:00:00-04:00,75.7612063860454,77.06901122720733,74.82836983842859,75.09358978271484,136800,0.0,0.0
2023-05-08 00:00:00-04:00,74.91069246957478,76.09045423278923,74.40768785932573,76.00814819335938,214400,0.0,0.0
2023-05-09 00:00:00-04:00,75.76121215199622,76.19105116415827,73.84980868807064,74.36195373535156,235200,0.0,0.0
2023-05-10 00:00:00-04:00,74.78266437357219,76.82211159675664,71.7280742378318,72.19449615478516,217500,0.0,0.0
2023-05-11 00:00:00-04:00,71.68232375061179,73.41996765565503,70.94154154511368,73.27364349365234,128400,0.0,0.0
2023-05-12 00:00:00-04:00,73.20047808100077,73.66689986719993,72.23105870111289,73.45655059814453,90900,0.0,0.0
2023-05-15 00:00:00-04:00,73.47483942199257,73.89553796537163,72.60602094545303,73.84980773925781,117800,0.0,0.0
2023-05-16 00:00:00-04:00,73.99615234802224,74.05102304738288,72.32252624298107,72.88040161132812,131400,0.0,0.0
2023-05-17 00:00:00-04:00,73.27365493730545,73.27365493730545,71.59088145802124,71.65489959716797,126900,0.0,0.0
2023-05-18 00:00:00-04:00,71.46283785902892,72.13046150812768,71.20676532867427,71.60916900634766,172900,0.0,0.0
2023-05-19 00:00:00-04:00,72.24020948185859,72.24020948185859,71.26164252160956,71.35309600830078,178600,0.0,0.0
2023-05-22 00:00:00-04:00,71.60001552684075,72.86209016748784,71.18846444280508,72.44139862060547,97500,0.0,0.0
2023-05-23 00:00:00-04:00,72.24935080242626,72.39568195069731,71.39882019109704,71.86524200439453,145400,0.0,0.0
2023-05-24 00:00:00-04:00,71.61830431322781,72.94440407487139,71.45368527307387,72.71576690673828,110200,0.0,0.0
2023-05-25 00:00:00-04:00,72.87242855022711,73.37004080645711,71.78505518228164,72.2181625366211,129000,0.6,0.0
2023-05-26 00:00:00-04:00,71.99699347394022,73.67412787503096,71.99699347394022,73.15808868408203,77600,0.0,0.0
2023-05-30 00:00:00-04:00,73.01986539962436,73.14887520355865,72.0154309217778,72.05229187011719,95200,0.0,0.0
2023-05-31 00:00:00-04:00,71.94170868567215,73.22259675476715,71.33352061720956,72.71577453613281,191100,0.0,0.0
2023-06-01 00:00:00-04:00,72.61440176360772,73.08436298927282,71.86797993780455,71.96012878417969,193700,0.0,0.0
2023-06-02 00:00:00-04:00,72.12600896088394,72.78028202595388,71.96935519849018,72.27345275878906,167200,0.0,0.0
2023-06-05 00:00:00-04:00,71.66526517099399,71.72056011627414,68.3202127476264,68.7348861694336,163400,0.0,0.0
2023-06-06 00:00:00-04:00,68.72567001978915,71.02020967296663,68.72567001978915,70.86355590820312,134500,0.0,0.0
2023-06-07 00:00:00-04:00,71.02021159807461,72.96458282439627,71.02021159807461,72.73420715332031,121700,0.0,0.0
2023-06-08 00:00:00-04:00,72.48541166535743,72.82636319262551,71.25981128712968,71.4256820678711,90400,0.0,0.0
2023-06-09 00:00:00-04:00,71.34274844524752,71.34274844524752,69.05742533081121,70.13558197021484,111100,0.0,0.0
2023-06-12 00:00:00-04:00,70.22771316363533,70.59631561425738,68.70723244888626,69.66559600830078,112400,0.0,0.0
2023-06-13 00:00:00-04:00,69.79460435572264,70.35672149933299,69.07583345878004,69.84989929199219,131200,0.0,0.0
2023-06-14 00:00:00-04:00,69.80383555488767,70.43045772623768,69.31544020657967,69.94206237792969,161500,0.0,0.0
2023-06-15 00:00:00-04:00,69.82224238785727,70.29221063850872,67.9239494589016,69.00210571289062,177100,0.0,0.0
2023-06-16 00:00:00-04:00,69.84990906539603,69.914413974647,68.71645762511999,69.0850601196289,331200,0.0,0.0
2023-06-20 00:00:00-04:00,69.36150238865083,69.36150238865083,67.84102861827233,67.89631652832031,153400,0.0,0.0
2023-06-21 00:00:00-04:00,67.89631119399456,67.96081609415178,67.04853049749762,67.21440124511719,138800,0.0,0.0
2023-06-22 00:00:00-04:00,67.0208949653759,67.0208949653759,64.93829687926723,65.88744354248047,202400,0.0,0.0
2023-06-23 00:00:00-04:00,65.64783382073011,66.34817766462054,64.12735334314804,64.50517272949219,302000,0.0,0.0
2023-06-26 00:00:00-04:00,64.36697028249128,65.40827296395103,64.36697028249128,64.7355728149414,193300,0.0,0.0
2023-06-27 00:00:00-04:00,64.94751177659836,65.99802426607063,64.24716777344767,64.3485336303711,190900,0.0,0.0
2023-06-28 00:00:00-04:00,64.4775469094319,64.4775469094319,62.0539902387854,62.293582916259766,155000,0.0,0.0
2023-06-29 00:00:00-04:00,62.39494658375499,62.74511507658583,61.4826608849933,62.35808563232422,167000,0.0,0.0
2023-06-30 00:00:00-04:00,62.78196512472415,63.19664548342236,62.404152741561504,62.51472854614258,176600,0.0,0.0
2023-07-03 00:00:00-04:00,62.13693190426196,62.708266151191594,61.943417166715186,62.38573455810547,70900,0.0,0.0
2023-07-05 00:00:00-04:00,62.367311009383215,62.367311009383215,60.40451253783989,61.077205657958984,157200,0.0,0.0
2023-07-06 00:00:00-04:00,60.72702692646766,61.19699525336157,59.46456574657906,59.501426696777344,92800,0.0,0.0
2023-07-07 00:00:00-04:00,59.80552653254009,61.42737325027379,59.63965576560702,60.13726806640625,205300,0.0,0.0
2023-07-10 00:00:00-04:00,59.87003684803416,60.985054370157606,59.66730511119203,60.201778411865234,247500,0.0,0.0
2023-07-11 00:00:00-04:00,60.41371645687562,61.48266299350384,60.41371645687562,61.30757522583008,159400,0.0,0.0
2023-07-12 00:00:00-04:00,62.03555919979012,62.090847109993,61.003473682789455,61.92497634887695,138600,0.0,0.0
2023-07-13 00:00:00-04:00,62.017122822503175,62.41336918997052,61.344422884986486,62.192203521728516,162000,0.0,0.0
2023-07-14 00:00:00-04:00,62.017127274403585,62.47787857055664,60.62565639147945,62.47787857055664,100400,0.0,0.0
2023-07-17 00:00:00-04:00,62.18301377120855,63.132160556791284,62.04478694125283,62.63454818725586,123300,0.0,0.0
2023-07-18 00:00:00-04:00,62.745104840160806,63.58367552976164,62.59766808899864,63.25193405151367,72100,0.0,0.0
2023-07-19 00:00:00-04:00,63.30723272092601,63.69426919837551,62.83727140557136,63.26116180419922,150000,0.0,0.0
2023-07-20 00:00:00-04:00,63.408602738492235,63.408602738492235,62.43181206153561,63.049217224121094,93000,0.0,0.0
2023-07-21 00:00:00-04:00,63.21508132310412,63.961503261438885,62.94784470697284,63.40859603881836,195100,0.0,0.0
2023-07-24 00:00:00-04:00,63.40859197348234,64.0536480150138,63.021562566867615,63.90620422363281,145900,0.0,0.0
2023-07-25 00:00:00-04:00,63.84170786825615,64.01679563633125,63.37173950845384,63.694271087646484,145100,0.0,0.0
2023-07-26 00:00:00-04:00,63.68504608157764,64.4775388903857,63.611324185291544,64.22872924804688,162500,0.0,0.0
2023-07-27 00:00:00-04:00,66.48641311553939,70.47652100801511,66.36661327960164,67.7120132446289,389800,0.0,0.0
2023-07-28 00:00:00-04:00,68.14511681019245,69.37071699782229,67.71201647886745,69.15877532958984,182600,0.0,0.0
2023-07-31 00:00:00-04:00,69.28778050094843,70.30143192203562,68.47685373967334,69.20484161376953,181700,0.0,0.0
2023-08-01 00:00:00-04:00,68.89154274002648,69.41679898956791,68.44921835754066,69.11270141601562,157000,0.0,0.0
2023-08-02 00:00:00-04:00,68.82703630860435,68.94682912408908,68.0345434541487,68.88232421875,103100,0.0,0.0
2023-08-03 00:00:00-04:00,68.61508697990395,69.84990419584803,68.22805755137966,69.4628677368164,131500,0.0,0.0
2023-08-04 00:00:00-04:00,69.39836155043479,70.91884231213741,68.92840026612325,69.3154296875,176500,0.0,0.0
2023-08-07 00:00:00-04:00,69.19563828401661,70.46731658150357,69.15878436077786,70.12635803222656,106000,0.0,0.0
2023-08-08 00:00:00-04:00,69.57345275878906,69.57345275878906,68.58744516647421,69.11270141601562,100600,0.0,0.0
2023-08-09 00:00:00-04:00,68.92840576171875,69.23249631389837,67.85024224405514,68.92840576171875,132100,0.0,0.0
2023-08-10 00:00:00-04:00,69.34307826337393,70.2461540039482,69.10348559252643,69.42601013183594,98900,0.0,0.0
2023-08-11 00:00:00-04:00,69.07584295726048,69.65638713911893,68.18198419514746,68.26492309570312,125300,0.0,0.0
2023-08-14 00:00:00-04:00,67.88709841031512,68.5782253965134,67.0669616158004,68.15433502197266,97300,0.0,0.0
2023-08-15 00:00:00-04:00,68.0345471435689,68.20962787869368,67.4355689726487,67.61065673828125,93000,0.0,0.0
2023-08-16 00:00:00-04:00,67.53691655026982,67.94237988491243,66.79971176555708,66.81814575195312,90600,0.0,0.0
2023-08-17 00:00:00-04:00,67.21440304510953,67.55535451342544,66.80893964440196,66.9471664428711,109200,0.0,0.0
2023-08-18 00:00:00-04:00,67.04854162743105,70.44888197232196,66.7536610305474,68.98369598388672,223900,0.0,0.0
2023-08-21 00:00:00-04:00,68.95605278745603,72.23660034280473,68.95605278745603,71.93250274658203,157500,0.0,0.0
2023-08-22 00:00:00-04:00,71.66525012204244,71.91405974728572,70.01576674664459,70.62395477294922,124400,0.0,0.0
2023-08-23 00:00:00-04:00,70.63318410327217,71.74820153832718,70.02498894023795,71.56390380859375,88700,0.0,0.0
2023-08-24 00:00:00-04:00,71.25057967356712,72.87242619358892,71.08470892685459,71.58232116699219,117700,0.0,0.0
2023-08-25 00:00:00-04:00,71.62840449144349,72.93693657467608,71.55468259169615,72.0983657836914,152700,0.0,0.0
2023-08-28 00:00:00-04:00,72.20893940471285,72.94614424695393,72.08914660581391,72.6144027709961,127900,0.0,0.0
2023-08-29 00:00:00-04:00,72.69734106585018,73.04750953016173,70.85433582746025,71.13999938964844,119100,0.0,0.0
2023-08-30 00:00:00-04:00,71.10314918482301,72.36560333952255,71.01099329368539,72.17208862304688,114100,0.0,0.0
2023-08-31 00:00:00-04:00,71.95850054626654,73.0914139664056,71.80992556981923,71.96778869628906,106800,0.6,0.0
2023-09-01 00:00:00-04:00,72.25567444911273,73.58359682097897,72.17210233375133,73.2400131225586,110000,0.0,0.0
2023-09-05 00:00:00-04:00,72.77569156037214,72.81283707764312,68.5969165119566,69.33980560302734,143400,0.0,0.0
2023-09-06 00:00:00-04:00,69.58124381365484,70.54700595131672,69.47909541838793,69.69268035888672,79100,0.0,0.0
2023-09-07 00:00:00-04:00,69.73910478783122,70.67700953144825,69.50695063934657,69.80410766601562,109300,0.0,0.0
2023-09-08 00:00:00-04:00,69.58122182562911,71.40130898056407,69.50693081895088,71.09486389160156,95200,0.0,0.0
2023-09-11 00:00:00-04:00,71.27132485129617,72.06064755321395,71.27132485129617,71.50347900390625,127700,0.0,0.0
2023-09-12 00:00:00-04:00,71.49419154530966,71.94921878986828,71.31775920527224,71.73563385009766,173800,0.0,0.0
2023-09-13 00:00:00-04:00,71.5313327834475,71.86563531323311,70.89058508722805,71.36418151855469,151300,0.0,0.0
2023-09-14 00:00:00-04:00,71.77277370807784,71.83777658292246,69.62767175342313,69.66481018066406,144700,0.0,0.0
2023-09-15 00:00:00-04:00,69.87840381923262,71.45704931080378,69.69268332073584,70.91845703125,553100,0.0,0.0
2023-09-18 00:00:00-04:00,71.19704712282739,71.28990738426266,69.65554694560714,70.14771270751953,85100,0.0,0.0
2023-09-19 00:00:00-04:00,70.10125487919116,71.02059027953565,69.76695238538979,70.34269714355469,84100,0.0,0.0
2023-09-20 00:00:00-04:00,70.50058200266197,71.20633271683192,70.24057044606872,70.38915252685547,59000,0.0,0.0
2023-09-21 00:00:00-04:00,70.34271127804625,70.66772568877704,69.57195775775412,70.1755599975586,80600,0.0,0.0
2023-09-22 00:00:00-04:00,70.16626134595033,70.93701475088844,69.92482615398895,70.2684097290039,68700,0.0,0.0
2023-09-25 00:00:00-04:00,69.72980403680313,70.67699675892494,69.72980403680313,70.43555450439453,53300,0.0,0.0
2023-09-26 00:00:00-04:00,70.32414591892383,70.83488085385731,69.98055518886142,70.39842987060547,80300,0.0,0.0
2023-09-27 00:00:00-04:00,70.98344766935855,71.15987998706055,69.33051142961166,70.24983978271484,125300,0.0,0.0
2023-09-28 00:00:00-04:00,70.40770087037177,72.03277970206638,69.50694175581029,70.21269226074219,157100,0.0,0.0
2023-09-29 00:00:00-04:00,70.25913126508944,70.68629402603932,69.4883778316272,69.8783950805664,104300,0.0,0.0
2023-10-02 00:00:00-04:00,69.82269553222943,70.39843338158762,69.1169448201821,70.09199523925781,143100,0.0,0.0
2023-10-03 00:00:00-04:00,69.57195204801917,70.83487115588262,69.38623156706723,70.36127471923828,98900,0.0,0.0
2023-10-04 00:00:00-04:00,70.15698933212703,71.74492292155531,70.15698933212703,71.39204406738281,119600,0.0,0.0
2023-10-05 00:00:00-04:00,71.51277384980042,73.04499281745179,71.51277384980042,72.50639343261719,125400,0.0,0.0
2023-10-06 00:00:00-04:00,72.17207426138741,73.12854810622763,71.8470599089827,72.84996032714844,84200,0.0,0.0
2023-10-09 00:00:00-04:00,72.93354064978483,74.35432275906933,71.73562451642414,74.2521743774414,80000,0.0,0.0
2023-10-10 00:00:00-04:00,74.30789826522067,76.33228276523162,72.44138397387624,76.03512573242188,263300,0.0,0.0
2023-10-11 00:00:00-04:00,76.00726964275704,76.72230841434013,75.48724659781125,76.05370330810547,77500,0.0,0.0
2023-10-12 00:00:00-04:00,76.31370385560919,76.31370385560919,74.32646512275012,74.97649383544922,78000,0.0,0.0
2023-10-13 00:00:00-04:00,75.39439786769326,75.56154916978274,74.50292661814393,74.7443618774414,67500,0.0,0.0
2023-10-16 00:00:00-04:00,74.96723521849565,76.63874115940223,74.76293839482419,76.42516326904297,60800,0.0,0.0
2023-10-17 00:00:00-04:00,76.52731596637861,78.02238253696778,75.93299468024183,77.02876281738281,136300,0.0,0.0
2023-10-18 00:00:00-04:00,76.57373560034819,77.307343675794,75.96085223547435,76.1558609008789,97700,0.0,0.0
2023-10-19 00:00:00-04:00,75.68226560110945,75.68226560110945,71.44777546160144,72.74783325195312,315000,0.0,0.0
2023-10-20 00:00:00-04:00,73.20284831647933,75.37580776091568,73.20284831647933,74.84649658203125,171900,0.0,0.0
2023-10-23 00:00:00-04:00,74.35432258808825,74.73505875233165,72.4599440851379,72.57138061523438,84400,0.0,0.0
2023-10-24 00:00:00-04:00,72.83140649543031,73.70430844175655,72.68282442593521,73.57430267333984,66200,0.0,0.0
2023-10-25 00:00:00-04:00,72.92426543328413,74.26147569552816,72.92426543328413,73.7693099975586,100200,0.0,0.0
2023-10-26 00:00:00-04:00,74.01075962616811,74.34506225676051,72.81285013212701,73.89933013916016,69900,0.0,0.0
2023-10-27 00:00:00-04:00,74.21503845928844,74.58648652369058,73.96431508956697,74.50291442871094,77000,0.0,0.0
2023-10-30 00:00:00-04:00,75.14366608878589,75.6636962890625,74.60506667072036,75.6636962890625,74700,0.0,0.0
2023-10-31 00:00:00-04:00,75.89584829500072,76.54587717067243,75.19009759799759,76.43444061279297,73200,0.0,0.0
2023-11-01 00:00:00-04:00,76.35086424233411,77.5209232379567,75.92370142150304,76.9358901977539,146500,0.0,0.0
2023-11-02 00:00:00-04:00,78.8766976249381,80.68749719210497,77.07517912288719,79.97246551513672,198500,0.0,0.0
2023-11-03 00:00:00-04:00,82.12687075900998,83.48265041537304,79.20172646836009,80.84537506103516,222600,0.0,0.0
2023-11-06 00:00:00-05:00,80.39963197619282,81.81112617950842,80.38105567554837,81.4303970336914,125900,0.0,0.0
2023-11-07 00:00:00-05:00,81.08681720425595,82.516887900181,81.08681720425595,81.9318618774414,161000,0.0,0.0
2023-11-08 00:00:00-05:00,82.1454326847482,82.54473815036897,81.06824099351883,81.43968200683594,95900,0.0,0.0
2023-11-09 00:00:00-05:00,81.91327800436953,82.37758635293854,81.38396677039219,81.71826934814453,85400,0.0,0.0
2023-11-10 00:00:00-05:00,81.75541581637715,82.01542736103238,81.14252538844705,81.37467956542969,96800,0.0,0.0
2023-11-13 00:00:00-05:00,81.46754595722186,82.11757481130519,80.92894657253385,81.71826934814453,63800,0.0,0.0
2023-11-14 00:00:00-05:00,83.29691157191435,84.24410453263627,82.0897141647286,84.06766510009766,123200,0.0,0.0
2023-11-15 00:00:00-05:00,83.85407704738982,84.09551224862257,83.32476589886879,83.6497802734375,98500,0.0,0.0
2023-11-16 00:00:00-05:00,83.77979055273612,83.77979055273612,82.62830795567523,83.23190307617188,79300,0.0,0.0
2023-11-17 00:00:00-05:00,83.53835085603299,84.2905280562439,82.9440367819533,83.05547332763672,98400,0.0,0.0
2023-11-20 00:00:00-05:00,83.06475198286914,83.44548818932077,82.56330525379893,82.86974334716797,69800,0.0,0.0
2023-11-21 00:00:00-05:00,82.21042142168078,83.19475269017192,82.1268493335026,82.47972106933594,48100,0.0,0.0
2023-11-22 00:00:00-05:00,83.11119774795469,84.02124526518114,82.52617175566989,83.53836059570312,70900,0.0,0.0
2023-11-24 00:00:00-05:00,83.44487082701015,84.54799619878581,83.44487082701015,84.37972259521484,29300,0.6,0.0
2023-11-27 00:00:00-05:00,84.25818340803103,85.27717549712168,83.98707555189412,84.46385192871094,59500,0.0,0.0
2023-11-28 00:00:00-05:00,84.51060468593218,84.80975697854764,83.91230010070124,84.29558563232422,80600,0.0,0.0
2023-11-29 00:00:00-05:00,84.84716306259509,85.70722512540361,82.75308960659932,82.8465805053711,72600,0.0,0.0
2023-11-30 00:00:00-05:00,83.1083125013292,83.94968040662269,82.68762498250643,83.17375183105469,86100,0.0,0.0
2023-12-01 00:00:00-05:00,82.67829216691344,84.21144848699322,82.67829216691344,83.99642944335938,105100,0.0,0.0
2023-12-04 00:00:00-05:00,83.93098647999248,85.0902006184901,83.16440835306383,84.94062805175781,80000,0.0,0.0
2023-12-05 00:00:00-05:00,84.49188605749642,85.20237527910801,83.70661412757185,83.76270294189453,77700,0.0,0.0
2023-12-06 00:00:00-05:00,83.74403178511005,84.45451406727176,83.69728633891485,83.8094711303711,76600,0.0,0.0
2023-12-07 00:00:00-05:00,84.1553604829668,84.3236341014293,83.41683379719902,84.16471099853516,70700,0.0,0.0
2023-12-08 00:00:00-05:00,83.83750872236912,85.25848030340622,83.83750872236912,85.12760162353516,64800,0.0,0.0
2023-12-11 00:00:00-05:00,84.82845259839304,85.85678817936117,84.82845259839304,85.73526000976562,103500,0.0,0.0
2023-12-12 00:00:00-05:00,85.95960590258828,86.16527440565929,85.4080468555815,85.70719909667969,72100,0.0,0.0
2023-12-13 00:00:00-05:00,85.65111921126172,86.94121204820092,84.40776468203353,86.38030242919922,159900,0.0,0.0
2023-12-14 00:00:00-05:00,86.99729961790898,87.79192929343675,84.74431065985476,86.35225677490234,146600,0.0,0.0
2023-12-15 00:00:00-05:00,86.81968979924014,87.11884209189486,85.23978796459473,85.32392120361328,323200,0.0,0.0
2023-12-18 00:00:00-05:00,85.73525329812145,86.62336674170612,84.8471469868896,85.59502410888672,60200,0.0,0.0
2023-12-19 00:00:00-05:00,86.10920820110348,87.01601567602889,85.78201146591233,86.5672836303711,89200,0.0,0.0
2023-12-20 00:00:00-05:00,86.69813955800143,87.50211254326882,85.49218008010035,85.70719909667969,104800,0.0,0.0
2023-12-21 00:00:00-05:00,86.06245220151264,86.7542476509287,85.72590499162186,86.12789154052734,68600,0.0,0.0
2023-12-22 00:00:00-05:00,86.40833895735963,88.08172427957314,85.81938498099036,87.6703872680664,71000,0.0,0.0
2023-12-26 00:00:00-05:00,88.2219553888701,88.45566830828629,87.12817350541461,88.03498077392578,52600,0.0,0.0
2023-12-27 00:00:00-05:00,88.34349432574346,88.88571007675617,87.7077948220207,88.42762756347656,63900,0.0,0.0
2023-12-28 00:00:00-05:00,88.23130259555545,88.65199014815455,87.13752779703243,87.30580139160156,58300,0.0,0.0
2023-12-29 00:00:00-05:00,86.95990469286687,87.61430518257488,85.78199664962726,86.35225677490234,74700,0.0,0.0
2024-01-02 00:00:00-05:00,86.00635686354687,87.10948216078646,85.43609675288515,86.20267486572266,76300,0.0,0.0
2024-01-03 00:00:00-05:00,86.17464073378706,87.38995094822808,84.97803154979468,86.47379302978516,105400,0.0,0.0
2024-01-04 00:00:00-05:00,86.91317027390672,87.59560807248445,85.8848347524801,86.00636291503906,72600,0.0,0.0
2024-01-05 00:00:00-05:00,85.37066537811364,86.0998486348506,84.26753997802734,84.26753997802734,91900,0.0,0.0
2024-01-08 00:00:00-05:00,84.54800625678214,85.46415710449219,84.32363667042743,85.46415710449219,105000,0.0,0.0
2024-01-09 00:00:00-05:00,84.74432160482947,84.91259522307567,82.78113414685943,83.18312072753906,82500,0.0,0.0
2024-01-10 00:00:00-05:00,82.7624280254714,83.91229886815698,82.7624280254714,83.8842544555664,72100,0.0,0.0
2024-01-11 00:00:00-05:00,83.74402805766367,84.95933114875476,82.99614374595117,84.75366973876953,105500,0.0,0.0
2024-01-12 00:00:00-05:00,85.6230777162595,86.2868288077678,85.03412361704288,86.05311584472656,69000,0.0,0.0
2024-01-16 00:00:00-05:00,85.50155426470963,86.1466043606777,84.8752052009356,84.96868896484375,57500,0.0,0.0
2024-01-17 00:00:00-05:00,84.32364068114639,85.84745388177947,84.32364068114639,85.33328247070312,73400,0.0,0.0
2024-01-18 00:00:00-05:00,85.92223127075339,87.0253495336903,85.09020661755092,86.84773254394531,62800,0.0,0.0
2024-01-19 00:00:00-05:00,87.4740849627874,88.58656091667216,86.25877473758457,88.43698120117188,60800,0.0,0.0
2024-01-22 00:00:00-05:00,88.87636900099325,90.55910525790365,88.87636900099325,90.08232879638672,94700,0.0,0.0
2024-01-23 00:00:00-05:00,90.79280847079366,90.90498612095975,89.42792571239892,89.5027084350586,78300,0.0,0.0
2024-01-24 00:00:00-05:00,90.45625875187997,90.45625875187997,88.59589860478249,89.82990264892578,54200,0.0,0.0
2024-01-25 00:00:00-05:00,90.52169127779423,90.83953743035151,88.41827496545748,90.38146209716797,82600,0.0,0.0
2024-01-26 00:00:00-05:00,90.65257694272026,90.68997186926428,89.2970376018231,89.66163635253906,64400,0.0,0.0
2024-01-29 00:00:00-05:00,89.68033427885698,90.32538430910493,88.71743805723386,90.29733276367188,65300,0.0,0.0
2024-01-30 00:00:00-05:00,89.49337082664903,89.49337082664903,86.64206982840662,89.13812255859375,59700,0.0,0.0
2024-01-31 00:00:00-05:00,89.25965442152464,90.18515572118184,87.86672008208173,87.93215942382812,67300,0.0,0.0
2024-02-01 00:00:00-05:00,88.09108600772548,90.64322736258059,88.09108600772548,89.90469360351562,52100,0.0,0.0
2024-02-02 00:00:00-05:00,89.01659113698227,90.05427722421982,89.01659113698227,89.82056427001953,52700,0.0,0.0
2024-02-05 00:00:00-05:00,88.93244699801457,89.24094979625747,88.01629625046982,88.8296127319336,45000,0.0,0.0
2024-02-06 00:00:00-05:00,88.69874258374297,89.53076017488252,88.41829130302223,89.33444213867188,53700,0.0,0.0
2024-02-07 00:00:00-05:00,89.06333300524079,89.66164475365275,88.29675477014393,89.306396484375,68400,0.0,0.0
2024-02-08 00:00:00-05:00,89.26899814366521,90.98912919837787,89.26899814366521,90.41886901855469,52600,0.0,0.0
2024-02-09 00:00:00-05:00,90.06361039099923,92.47552951652223,90.06361039099923,92.03614807128906,92700,0.0,0.0
2024-02-12 00:00:00-05:00,92.03615605212227,93.2514662344346,91.29762941305215,92.46619415283203,79300,0.0,0.0
2024-02-13 00:00:00-05:00,90.68061494204144,91.5687212045122,88.38088061485753,88.99787902832031,131500,0.0,0.0
2024-02-14 00:00:00-05:00,89.93273837417895,90.9891254501806,88.89505232789317,90.718017578125,68000,0.0,0.0
2024-02-15 00:00:00-05:00,90.8301918194662,91.23217119112206,89.00722678077041,90.23188018798828,85400,0.0,0.0
2024-02-16 00:00:00-05:00,90.09167544064849,91.13870494897073,89.13812255859375,89.13812255859375,65500,0.0,0.0
2024-02-20 00:00:00-05:00,88.28740472107705,89.67098136661744,87.548870956188,87.7545394897461,58800,0.0,0.0
2024-02-21 00:00:00-05:00,87.97890316548423,88.5585138471345,86.98796254325123,87.78258514404297,50000,0.0,0.0
2024-02-22 00:00:00-05:00,87.48342327785993,88.34348512498408,86.73553906936355,88.2313003540039,58200,0.0,0.0
2024-02-23 00:00:00-05:00,88.13783013698794,89.5401078938531,88.02565248114497,89.11007690429688,38100,0.0,0.0
2024-02-26 00:00:00-05:00,88.5958958285211,90.12905923639175,88.5958958285211,89.60553741455078,43700,0.0,0.0
2024-02-27 00:00:00-05:00,89.61489682320374,90.09167325265196,89.3344384217981,89.89535522460938,99100,0.0,0.0
2024-02-28 00:00:00-05:00,89.49336048283988,90.18514877550227,88.71743182449606,88.86700439453125,46000,0.0,0.0
2024-02-29 00:00:00-05:00,94.42003483532345,104.65665952145922,94.42003483532345,103.57223510742188,170400,0.0,0.0
2024-03-01 00:00:00-05:00,102.85239774757467,102.85239774757467,97.57049048304467,101.5716552734375,186600,0.0,0.0
2024-03-04 00:00:00-05:00,101.11356861422213,102.65606829447748,98.29031233759815,98.30901336669922,115200,0.0,0.0
2024-03-05 00:00:00-05:00,98.85123383917197,99.7673918016889,98.57078256013071,98.77645111083984,100100,0.0,0.0
2024-03-06 00:00:00-05:00,99.40278860035947,100.14132234105315,98.35575206943561,99.50562286376953,98600,0.0,0.0
2024-03-07 00:00:00-05:00,99.9449995188234,100.15066090339292,97.7200478892333,98.65489959716797,74600,0.0,0.0
2024-03-08 00:00:00-05:00,99.32245707499409,99.32245707499409,96.88734914636095,97.56428527832031,76900,0.6,0.0
2024-03-11 00:00:00-04:00,96.93434737789158,97.64889938731567,96.43604391967071,97.07537841796875,68700,0.0,0.0
2024-03-12 00:00:00-04:00,96.48305126068837,97.87453927300483,95.58046269707158,97.13178253173828,77400,0.0,0.0
2024-03-13 00:00:00-04:00,96.40784504559625,97.38565123065798,95.88133678176959,96.60528564453125,130000,0.0,0.0
2024-03-14 00:00:00-04:00,96.12578425179228,96.22920654403752,94.01034001190956,94.6778793334961,105400,0.0,0.0
2024-03-15 00:00:00-04:00,94.17017056446473,95.54285784263786,93.92571724357082,95.1385726928711,352600,0.0,0.0
2024-03-18 00:00:00-04:00,95.19498225813467,96.35142816174691,94.07614510952426,94.1607666015625,153100,0.0,0.0
2024-03-19 00:00:00-04:00,94.47102941766693,95.88132539091762,94.47102941766693,95.34541320800781,85000,0.0,0.0
2024-03-20 00:00:00-04:00,94.9881398548305,97.02836644145836,94.88471756950496,96.78392028808594,88800,0.0,0.0
2024-03-21 00:00:00-04:00,97.30102574624262,97.30102574624262,96.3514315483321,97.05657958984375,120800,0.0,0.0
2024-03-22 00:00:00-04:00,97.85574498885305,97.85574498885305,96.11638127124648,97.47026062011719,98400,0.0,0.0
2024-03-25 00:00:00-04:00,97.91213517713213,98.15658845596968,96.94373321533203,96.94373321533203,69100,0.0,0.0
2024-03-26 00:00:00-04:00,97.33863184180954,98.3352387511666,96.89673793350622,97.00016021728516,98100,0.0,0.0
2024-03-27 00:00:00-04:00,97.58308808693447,98.17540986102182,97.20700769585211,97.742919921875,84500,0.0,0.0
2024-03-28 00:00:00-04:00,97.74290606009995,98.65489854786757,97.2258018721915,97.89334106445312,117200,0.0,0.0
2024-04-01 00:00:00-04:00,97.72410623846906,98.01556509586864,96.5206548842743,97.67709350585938,89000,0.0,0.0
2024-04-02 00:00:00-04:00,97.48906125950967,97.79932091987672,95.2325862834237,96.24800109863281,123400,0.0,0.0
2024-04-03 00:00:00-04:00,95.56164565030645,96.60526514691226,95.46762736216284,95.80609893798828,150100,0.0,0.0
2024-04-04 00:00:00-04:00,96.2009991846904,97.573686549369,95.84372674943555,96.08817291259766,102900,0.0,0.0
2024-04-05 00:00:00-04:00,96.52067199716531,97.63950206565579,96.17279636432939,97.29163360595703,89700,0.0,0.0
2024-04-08 00:00:00-04:00,97.13178518011372,98.26942310401817,96.71810322705349,98.16600799560547,83800,0.0,0.0
2024-04-09 00:00:00-04:00,98.46687302179856,98.47626983077389,97.14119129634292,97.61128997802734,66800,0.0,0.0
2024-04-10 00:00:00-04:00,95.8060993718372,96.84031489237134,94.67785838959811,95.0257339477539,82000,0.0,0.0
2024-04-11 00:00:00-04:00,95.59926623155128,95.71209249516832,94.24537976069264,94.49923706054688,81300,0.0,0.0
2024-04-12 00:00:00-04:00,94.39581279228136,94.5180358621086,92.20515130515759,92.56242370605469,112500,0.0,0.0
2024-04-15 00:00:00-04:00,92.55302131954856,93.58723687929928,90.47518621889293,91.44358825683594,112700,0.0,0.0
2024-04-16 00:00:00-04:00,90.87946996610897,91.84787198950899,90.47518486017991,90.92647552490234,83400,0.0,0.0
2024-04-17 00:00:00-04:00,97.76172423618868,97.76172423618868,92.00771383495538,92.20515441894531,117300,0.0,0.0
2024-04-18 00:00:00-04:00,92.26156812577278,93.79409447602404,91.67865032955274,92.24276733398438,97700,0.0,0.0
2024-04-19 00:00:00-04:00,91.77266863476854,93.8411000420635,91.77266863476854,92.24276733398438,99000,0.0,0.0
2024-04-22 00:00:00-04:00,93.0419370008335,94.12316548215506,92.16755310223363,92.93851470947266,124700,0.0,0.0
2024-04-23 00:00:00-04:00,93.1641465482593,93.79408418769432,92.47780653964587,93.40859985351562,107600,0.0,0.0
2024-04-24 00:00:00-04:00,92.82568228636374,95.15736756590155,92.82568228636374,94.630859375,103900,0.0,0.0
2024-04-25 00:00:00-04:00,103.42170519704261,111.74245004417742,102.97040732727554,110.04069519042969,486300,0.0,0.0
2024-04-26 00:00:00-04:00,110.04069202116528,114.03653051596751,108.62099210041627,113.82028198242188,333300,0.0,0.0
2024-04-29 00:00:00-04:00,113.754471631614,113.83909312036548,109.87145928598554,110.7740478515625,198200,0.0,0.0
2024-04-30 00:00:00-04:00,110.19113361293783,110.19113361293783,107.53038039349289,107.9722671508789,265600,0.0,0.0
2024-05-01 00:00:00-04:00,108.73383630341384,111.06552195765966,107.19191306243724,107.88765716552734,231200,0.0,0.0
2024-05-02 00:00:00-04:00,108.20730438048716,112.48520498714146,108.20730438048716,110.91507720947266,239300,0.0,0.0
2024-05-03 00:00:00-04:00,113.61345471761759,113.64166666613144,111.26296112773171,113.43482208251953,193000,0.0,0.0
2024-05-06 00:00:00-04:00,113.9237090112562,116.22719677882856,113.54762864378148,115.64427185058594,103200,0.0,0.0
2024-05-07 00:00:00-04:00,115.64427394940924,116.151981378744,113.8390967605322,113.91431427001953,113700,0.0,0.0
2024-05-08 00:00:00-04:00,113.56645012305948,115.6066768550139,113.56645012305948,115.05196380615234,107500,0.0,0.0
2024-05-09 00:00:00-04:00,114.8075094709324,114.8075094709324,113.37840535141589,114.04595184326172,157100,0.0,0.0
2024-05-10 00:00:00-04:00,114.04594290038132,116.0297599084093,112.12793942077971,113.5288314819336,109500,0.0,0.0
2024-05-13 00:00:00-04:00,113.82968338912994,114.23396850285562,113.1997529386915,113.44420623779297,107900,0.0,0.0
2024-05-14 00:00:00-04:00,114.40320429867417,114.40320429867417,113.14333622466138,113.44420623779297,146500,0.0,0.0
2024-05-15 00:00:00-04:00,113.75446882941573,113.75446882941573,111.57321138971986,111.86467742919922,128600,0.0,0.0
2024-05-16 00:00:00-04:00,112.24075836576317,113.03052787897731,111.44159204359808,112.67324829101562,142200,0.0,0.0
2024-05-17 00:00:00-04:00,113.03052142002038,113.03052142002038,111.0467045279646,111.96809387207031,142900,0.0,0.0
2024-05-20 00:00:00-04:00,112.32537006573189,113.05872279562337,110.61421130493979,110.90567016601562,129900,0.0,0.0
2024-05-21 00:00:00-04:00,110.35096121087375,110.56720257591085,109.5047821945332,109.72102355957031,90900,0.0,0.0
2024-05-22 00:00:00-04:00,109.29793795120612,109.81504934410074,107.09787967555177,108.49877166748047,155100,0.0,0.0
2024-05-23 00:00:00-04:00,109.09420162429087,110.8993605235692,108.53658218743766,109.39663696289062,143900,0.6,0.0
2024-05-24 00:00:00-04:00,109.77469353824586,109.86920323869118,108.1491007323256,108.49879455566406,162200,0.0,0.0
2024-05-28 00:00:00-04:00,108.79175723410708,109.49113754443724,106.466784410069,106.9109878540039,177200,0.0,0.0
2024-05-29 00:00:00-04:00,106.23050976704273,107.00550073152185,105.44606567074779,105.83356475830078,143000,0.0,0.0
2024-05-30 00:00:00-04:00,106.37227213163104,108.35700427830626,106.28720837115668,107.46859741210938,127500,0.0,0.0
2024-05-31 00:00:00-04:00,107.90335249897421,108.00731531603849,105.56892649682926,107.19451904296875,184300,0.0,0.0
2024-06-03 00:00:00-04:00,107.13782734970366,109.05640231058415,106.24942033899934,108.26251220703125,228200,0.0,0.0
2024-06-04 00:00:00-04:00,107.65762947899019,109.69906609640867,107.65762947899019,108.52713012695312,147000,0.0,0.0
2024-06-05 00:00:00-04:00,109.30212131401801,109.75577069187767,108.07347376194659,109.35882568359375,120500,0.0,0.0
2024-06-06 00:00:00-04:00,108.6310868827508,109.13199468002442,106.28720786400879,106.47623443603516,143200,0.0,0.0
2024-06-07 00:00:00-04:00,105.85246469552955,106.29666815643431,104.03785274558521,104.63327026367188,108800,0.0,0.0
2024-06-10 00:00:00-04:00,103.9622369842623,105.12472698867111,102.24213480622048,104.4158935546875,212100,0.0,0.0
2024-06-11 00:00:00-04:00,103.65980521871118,104.57656431171105,103.55584240132191,103.82992553710938,191500,0.0,0.0
2024-06-12 00:00:00-04:00,105.38936409033836,105.38936409033836,104.1796227684639,104.75613403320312,119600,0.0,0.0
2024-06-13 00:00:00-04:00,104.75612886427766,105.09636949559493,102.79030291854389,103.19670104980469,144100,0.0,0.0
2024-06-14 00:00:00-04:00,102.22324402574817,102.70524560820877,99.23668878779539,102.21379089355469,350100,0.0,0.0
2024-06-17 00:00:00-04:00,102.50676743052128,103.60309996430443,101.92079584757234,103.50858306884766,83800,0.0,0.0
2024-06-18 00:00:00-04:00,103.23451484535697,103.57474829399463,102.77140509708522,103.33847045898438,65800,0.0,0.0
2024-06-20 00:00:00-04:00,102.68633617125498,104.08509674811424,101.835734625529,102.2704849243164,60400,0.0,0.0
2024-06-21 00:00:00-04:00,102.29883519863364,102.31774146075612,101.2497611802504,102.14762115478516,268500,0.0,0.0
2024-06-24 00:00:00-04:00,102.34610721509341,104.05675642208156,101.72233027360744,102.8564682006836,128200,0.0,0.0
2024-06-25 00:00:00-04:00,102.70525152085698,103.56530633429814,102.44062148922202,102.9226303100586,58900,0.0,0.0
2024-06-26 00:00:00-04:00,102.60127860852687,104.2268711695171,102.07201859727492,103.81101989746094,146200,0.0,0.0
2024-06-27 00:00:00-04:00,103.99059257305828,104.43479602660022,102.57292565867004,102.82810974121094,92700,0.0,0.0
2024-06-28 00:00:00-04:00,103.48968883847057,105.60673616194407,103.48968883847057,104.58602142333984,409000,0.0,0.0
2024-07-01 00:00:00-04:00,104.32138007762352,104.56711102842631,101.5238515651726,102.82810974121094,149500,0.0,0.0
2024-07-02 00:00:00-04:00,103.2817597425593,103.82992601666602,102.46896346319467,102.8092041015625,87100,0.0,0.0
2024-07-03 00:00:00-04:00,103.30065838227496,103.88662271906402,102.78084433129148,103.480224609375,57900,0.0,0.0
2024-07-05 00:00:00-04:00,103.25340073446009,104.16070663994081,103.13998479229011,103.3006591796875,110200,0.0,0.0
2024-07-08 00:00:00-04:00,104.06620672593093,104.79393926059126,103.08329010009766,103.08329010009766,102200,0.0,0.0
2024-07-09 00:00:00-04:00,103.10218379540599,103.5274881883823,101.50495067073317,101.68451690673828,166000,0.0,0.0
2024-07-10 00:00:00-04:00,102.30830185180828,102.35556030273438,101.36319051830428,102.35556030273438,97000,0.0,0.0
2024-07-11 00:00:00-04:00,103.98114605097092,105.72015465935468,103.763774481565,104.68997955322266,113300,0.0,0.0
2024-07-12 00:00:00-04:00,106.05092156384181,106.42896746699228,104.70886545775228,105.14361572265625,112500,0.0,0.0
2024-07-15 00:00:00-04:00,106.0414741314002,109.17924303809066,104.68996482218745,108.3853530883789,218100,0.0,0.0
2024-07-16 00:00:00-04:00,109.32100946481874,111.96732367739143,108.73504514263382,111.78775024414062,224900,0.0,0.0
2024-07-17 00:00:00-04:00,111.23958864387886,113.30938454046033,111.23958864387886,112.52494049072266,165600,0.0,0.0
2024-07-18 00:00:00-04:00,111.63655809050837,113.31885518249484,110.45516887303162,111.1356430053711,108000,0.0,0.0
2024-07-19 00:00:00-04:00,111.39080779421703,112.74231711302419,111.20178843645607,111.40026092529297,115200,0.0,0.0
2024-07-22 00:00:00-04:00,111.43806973699395,112.37372784534558,109.33046849973307,111.65544128417969,102300,0.0,0.0
2024-07-23 00:00:00-04:00,110.91826478857737,113.48896872564427,110.30394099013274,112.45879364013672,85800,0.0,0.0
2024-07-24 00:00:00-04:00,111.6554398609785,112.80847671244538,111.26794800715645,111.85391235351562,65000,0.0,0.0
2024-07-25 00:00:00-04:00,111.67435087966936,113.8670087328411,111.24904648272498,111.579833984375,141200,0.0,0.0
2024-07-26 00:00:00-04:00,112.77067386230827,114.46242386209413,112.77067386230827,113.81974792480469,98600,0.0,0.0
2024-07-29 00:00:00-04:00,114.39626534419395,114.92552533114404,111.51367317821249,112.32646942138672,119200,0.0,0.0
2024-07-30 00:00:00-04:00,113.08256806436145,114.82156938875917,112.6667167865155,114.19779968261719,129600,0.0,0.0
2024-07-31 00:00:00-04:00,106.61799353827125,106.83537228974751,95.95714021861647,99.6147232055664,370500,0.0,0.0
2024-08-01 00:00:00-04:00,98.8680924003857,98.9626020870468,91.04257209056556,91.5434799194336,273600,0.0,0.0
2024-08-02 00:00:00-04:00,88.73650077285446,91.01422250270387,87.89535227950293,89.63435363769531,140200,0.0,0.0
2024-08-05 00:00:00-04:00,87.06365920929906,89.26576315073115,86.10909473722303,89.08619689941406,176200,0.0,0.0
2024-08-06 00:00:00-04:00,88.74594166019924,89.61544221932552,87.9520445157516,88.22612762451172,105900,0.0,0.0
2024-08-07 00:00:00-04:00,89.15235729759085,89.59656079536535,85.92952406352656,86.33592224121094,113800,0.0,0.0
2024-08-08 00:00:00-04:00,87.35662863189332,89.82336944434282,87.35662863189332,89.19959259033203,155900,0.0,0.0
2024-08-09 00:00:00-04:00,89.13343931700918,89.89898432961678,88.6703368253711,89.44532775878906,113700,0.0,0.0
2024-08-12 00:00:00-04:00,89.34137300582906,89.34137300582906,87.27157688260935,87.42279815673828,99300,0.0,0.0
2024-08-13 00:00:00-04:00,88.31118705520967,89.38861317583931,87.51728994964661,89.16178131103516,124200,0.0,0.0
2024-08-14 00:00:00-04:00,89.322470345588,89.76667380712355,88.41516436932744,89.18070220947266,67300,0.0,0.0
2024-08-15 00:00:00-04:00,91.03310557340383,91.78919737677234,89.91787412927948,90.1541519165039,86800,0.0,0.0
2024-08-16 00:00:00-04:00,90.0880015982088,91.53402061746861,90.0880015982088,90.50385284423828,68700,0.0,0.0
2024-08-19 00:00:00-04:00,90.80628787063432,91.74194596072101,89.90842788404743,91.18433380126953,142800,0.0,0.0
2024-08-20 00:00:00-04:00,91.4206093370868,91.4206093370868,90.30537783524291,90.89134216308594,83400,0.0,0.0
2024-08-21 00:00:00-04:00,91.26939375988607,91.411161890499,90.57945936990407,90.93860626220703,104100,0.0,0.0
2024-08-22 00:00:00-04:00,91.27884355046906,92.64925193810588,90.70232512820427,91.01421356201172,143200,0.0,0.0
2024-08-23 00:00:00-04:00,91.47731490397223,93.09345420819983,90.76848149629558,92.04438018798828,111900,0.0,0.0
2024-08-26 00:00:00-04:00,92.76266368907665,92.76266368907665,91.43005346518244,92.11053466796875,81800,0.0,0.0
2024-08-27 00:00:00-04:00,92.09163752616912,92.90443373405515,91.20323069182248,92.2333984375,141900,0.0,0.0
2024-08-28 00:00:00-04:00,91.87427086438196,92.28066902178917,90.99531704536761,91.2977523803711,304000,0.0,0.0
2024-08-29 00:00:00-04:00,92.11054815208027,93.72668763997224,89.53984421439463,91.14653778076172,119000,0.0,0.0
2024-08-30 00:00:00-04:00,91.65688836523042,92.4318792694007,90.70232402366813,91.20323181152344,295300,0.0,0.0
2024-09-03 00:00:00-04:00,90.89134893645961,91.60018238764249,90.63617206670953,91.42061614990234,123100,0.0,0.0
2024-09-04 00:00:00-04:00,91.12762447409087,92.03493040363476,89.39806916591662,89.78556823730469,94200,0.0,0.0
2024-09-05 00:00:00-04:00,90.15416376580046,90.69287690305221,89.29411625678974,89.72886657714844,88300,0.0,0.0
2024-09-06 00:00:00-04:00,89.99518235838912,90.29954116259952,87.3320373791834,87.74102020263672,146700,0.6,0.0
2024-09-09 00:00:00-04:00,88.24511438170855,89.68131090015488,88.24511438170855,88.77774047851562,242100,0.0,0.0
2024-09-10 00:00:00-04:00,88.50191463011707,88.50191463011707,86.94207496095149,87.33203125,85600,0.0,0.0
2024-09-11 00:00:00-04:00,86.69478032331607,87.91221544265339,85.24907067673873,87.75052642822266,188500,0.0,0.0
2024-09-12 00:00:00-04:00,88.36876893712362,88.91090831222617,87.41764671719024,88.55899047851562,105800,0.0,0.0
2024-09-13 00:00:00-04:00,89.47206401906229,90.44220545888082,89.05356793387298,89.52912902832031,100000,0.0,0.0
2024-09-16 00:00:00-04:00,89.75738956002844,90.85117410124106,88.96795652498267,89.84298706054688,143100,0.0,0.0
2024-09-17 00:00:00-04:00,89.9856646912433,91.31723711553504,89.09160757301431,89.1201400756836,125500,0.0,0.0
2024-09-18 00:00:00-04:00,89.49107274312193,90.10930354447805,88.5019121687348,88.73969268798828,180200,0.0,0.0
2024-09-19 00:00:00-04:00,90.13784970324946,90.62292406783995,88.9679734348971,90.16638946533203,165800,0.0,0.0
2024-09-20 00:00:00-04:00,89.73837072336988,90.12833427634654,88.52093556873646,88.6731185913086,726300,0.0,0.0
2024-09-23 00:00:00-04:00,89.09161596061783,89.35792901925126,87.68395914884499,87.95978546142578,185300,0.0,0.0
2024-09-24 00:00:00-04:00,87.90270575657884,88.04537552777131,86.92305112100246,87.6744384765625,128800,0.0,0.0
2024-09-25 00:00:00-04:00,87.62687277438285,88.20705781149452,86.21921618923209,87.11326599121094,179400,0.0,0.0
2024-09-26 00:00:00-04:00,88.05489445951406,89.24379720197946,86.78990019997413,86.90403747558594,149600,0.0,0.0
2024-09-27 00:00:00-04:00,87.71248822842432,89.46254954908437,87.46519443085755,88.18804931640625,135500,0.0,0.0
2024-09-30 00:00:00-04:00,88.17852768904105,88.63506948300262,86.9040275773946,88.02635192871094,177600,0.0,0.0
2024-10-01 00:00:00-04:00,87.97879333367082,87.97879333367082,86.47601868976615,86.58064270019531,163000,0.0,0.0
2024-10-02 00:00:00-04:00,86.67576545390394,87.26546384371163,85.59148670165087,85.63904571533203,159100,0.0,0.0
2024-10-03 00:00:00-04:00,85.0778741526148,85.72463751048232,83.86043895109621,83.92701721191406,153800,0.0,0.0
2024-10-04 00:00:00-04:00,84.89715995391397,84.98275745907094,84.07919437436975,84.39306640625,125400,0.0,0.0
2024-10-07 00:00:00-04:00,84.35502172488452,84.40257347619252,82.38619925988615,82.51935577392578,166100,0.0,0.0
2024-10-08 00:00:00-04:00,82.76664337165147,84.17430729669863,82.50984359309159,83.8509292602539,181500,0.0,0.0
2024-10-09 00:00:00-04:00,83.57510739005,84.17431174266271,82.47180219369942,83.0615005493164,103300,0.0,0.0
2024-10-10 00:00:00-04:00,82.36717075178936,83.84141287972753,81.39702942215864,83.21366882324219,163400,0.0,0.0
2024-10-11 00:00:00-04:00,83.13757671914894,84.47865495313076,82.97588046574509,83.20415496826172,109400,0.0,0.0
2024-10-14 00:00:00-04:00,82.9759053072215,84.12676239013672,82.9759053072215,84.12676239013672,113800,0.0,0.0
2024-10-15 00:00:00-04:00,83.99359044018661,85.315649580419,83.71776416004295,84.4120864868164,116800,0.0,0.0
2024-10-16 00:00:00-04:00,84.82107160446027,85.20152190668458,83.92701448270604,84.02212524414062,105800,0.0,0.0
2024-10-17 00:00:00-04:00,84.23136681753047,84.52621958881134,82.90930774240283,84.4786605834961,86000,0.0,0.0
2024-10-18 00:00:00-04:00,84.4786648703794,84.4786648703794,83.49901026564976,83.83190155029297,112800,0.0,0.0
2024-10-21 00:00:00-04:00,83.5750930077743,84.15527801006637,81.78697899815869,81.92013549804688,117900,0.0,0.0
2024-10-22 00:00:00-04:00,81.55871362698888,81.93916388820773,80.94999611163279,81.8060073852539,47700,0.0,0.0
2024-10-23 00:00:00-04:00,81.22582724113254,83.21366890908216,81.22582724113254,83.07099914550781,95800,0.0,0.0
2024-10-24 00:00:00-04:00,82.96639373272401,82.96639373272401,81.435086391123,81.82504272460938,76100,0.0,0.0
2024-10-25 00:00:00-04:00,81.82503375155216,82.81420161418322,81.35898595066833,81.6538314819336,74500,0.0,0.0
2024-10-28 00:00:00-04:00,82.13890428205947,83.09953962488235,81.0260931781922,82.50032806396484,63300,0.0,0.0
2024-10-29 00:00:00-04:00,81.89161499259532,83.39438971883666,81.47312618443544,83.16612243652344,97400,0.0,0.0
2024-10-30 00:00:00-04:00,82.98540345942061,85.04933668069431,82.98540345942061,83.83190155029297,106700,0.0,0.0
2024-10-31 00:00:00-04:00,83.94604113807847,84.25990592572182,82.6430012090023,82.70957946777344,96600,0.0,0.0
2024-11-01 00:00:00-04:00,83.0995417662427,83.35634154433495,81.29240829717712,82.39570617675781,100700,0.0,0.0
2024-11-04 00:00:00-05:00,82.01526718389752,83.56559369490007,81.03560526204558,82.4718017578125,112100,0.0,0.0
2024-11-05 00:00:00-05:00,82.24353487062182,84.21235746435495,82.24353487062182,83.79386138916016,174100,0.0,0.0
2024-11-06 00:00:00-05:00,93.57139770363356,96.59596653429534,89.95713776396288,91.70719909667969,394100,0.0,0.0
2024-11-07 00:00:00-05:00,92.0115477017903,94.76028992393967,86.69477877420606,93.69503784179688,360700,0.0,0.0
2024-11-08 00:00:00-05:00,92.59173384759094,96.18697418043918,92.43004483413146,95.026611328125,280400,0.0,0.0
2024-11-11 00:00:00-05:00,95.78750719082129,95.78750719082129,92.81049758755887,93.18143463134766,151400,0.0,0.0
2024-11-12 00:00:00-05:00,93.37164994450856,95.51167455786953,92.90560217163697,93.2099609375,237300,0.0,0.0
2024-11-13 00:00:00-05:00,94.07548691398729,95.19780398424321,93.4572561205603,93.67601013183594,89200,0.0,0.0
2024-11-14 00:00:00-05:00,94.00890086982606,94.32277289099072,90.81313742614601,91.91643524169922,178300,0.0,0.0
2024-11-15 00:00:00-05:00,92.46810280859113,92.46810280859113,90.79412568009009,90.88923645019531,181200,0.0,0.0
2024-11-18 00:00:00-05:00,90.72753556073121,91.65012514882639,89.823972478063,91.09847259521484,138400,0.0,0.0
2024-11-19 00:00:00-05:00,90.30903958266127,90.68948987012588,89.19622847842795,90.22344207763672,93100,0.0,0.0
2024-11-20 00:00:00-05:00,90.090287693854,90.95580504321006,89.46254361623426,90.85118103027344,80700,0.0,0.0
2024-11-21 00:00:00-05:00,91.42187133560749,92.37299356535439,91.12701850997496,91.93547821044922,137400,0.0,0.0
2024-11-22 00:00:00-05:00,91.93546942458326,94.73176357839871,91.93546942458326,94.54154205322266,213200,0.0,0.0
2024-11-25 00:00:00-05:00,94.7507881831807,95.55924053368255,94.20864886517491,94.65567016601562,249600,0.0,0.0
2024-11-26 00:00:00-05:00,94.65567090951612,95.37852575803035,93.02925294272357,94.08499908447266,190800,0.0,0.0
2024-11-27 00:00:00-05:00,94.12303854030236,94.98856310126587,93.35263199088443,94.69371032714844,111500,0.0,0.0
2024-11-29 00:00:00-05:00,94.74127012770604,95.01709639923406,92.58221896165355,93.9803695678711,116300,0.0,0.0
2024-12-02 00:00:00-05:00,93.88469422451394,95.15741682618354,93.14785174951821,95.0712890625,129800,0.6,0.0
2024-12-03 00:00:00-05:00,94.83205233618811,95.57845885686793,94.03779624846209,95.25310516357422,135200,0.0,0.0
2024-12-04 00:00:00-05:00,95.12869422544561,96.21002567334861,93.88467865108595,95.64543151855469,142700,0.0,0.0
2024-12-05 00:00:00-05:00,95.89423405613744,96.37270045136863,94.42055668272722,94.57366943359375,84900,0.0,0.0
2024-12-06 00:00:00-05:00,94.94689578997546,94.94689578997546,93.03302974236723,93.91340637207031,74900,0.0,0.0
2024-12-09 00:00:00-05:00,94.00907265180044,94.71720815345284,93.0617112600657,94.35356903076172,117500,0.0,0.0
2024-12-10 00:00:00-05:00,94.18132682638296,95.94208701972549,93.41578494734459,95.52103424072266,111900,0.0,0.0
2024-12-11 00:00:00-05:00,95.87511087284054,96.00908089657143,95.08085480299397,95.11913299560547,109100,0.0,0.0
2024-12-12 00:00:00-05:00,94.65980156506956,96.10477230126273,94.38229014548155,95.77941131591797,67800,0.0,0.0
2024-12-13 00:00:00-05:00,95.69329511007525,95.69329511007525,94.00909107190861,94.74593353271484,98800,0.0,0.0
2024-12-16 00:00:00-05:00,94.41100958065543,97.95165862142824,94.35358863835087,97.2435302734375,117800,0.0,0.0
2024-12-17 00:00:00-05:00,96.70763909872183,97.32964696035738,95.42535248315762,95.46363067626953,164500,0.0,0.0
2024-12-18 00:00:00-05:00,95.88467094807986,96.69806973073207,90.49714150173246,91.1861343383789,163200,0.0,0.0
2024-12-19 00:00:00-05:00,91.49235699489924,92.84162861463575,90.55455952166024,90.98518371582031,127700,0.0,0.0
2024-12-20 00:00:00-05:00,89.91341728535093,91.2914030417118,87.96127323077931,88.70767974853516,523500,0.0,0.0
2024-12-23 00:00:00-05:00,88.5163009699665,89.03304565713272,87.74118758962679,88.59285736083984,101600,0.0,0.0
2024-12-24 00:00:00-05:00,88.73639257141627,89.83685958488523,88.22921199291487,89.7698745727539,34300,0.0,0.0
2024-12-26 00:00:00-05:00,89.42537816593237,90.21963423917325,89.19571631010061,89.96126556396484,55900,0.0,0.0
2024-12-27 00:00:00-05:00,89.66461222475674,89.74116861101523,87.56893408186707,88.81294250488281,88100,0.0,0.0
2024-12-30 00:00:00-05:00,88.54500013550613,89.05217340475684,87.46366858598705,88.40145874023438,67000,0.0,0.0
2024-12-31 00:00:00-05:00,88.90863697053416,90.40144992010995,88.42059915978113,89.39666748046875,103200,0.0,0.0
2025-01-02 00:00:00-05:00,89.72203949897222,90.43016786980796,88.21965499147485,88.38233184814453,74700,0.0,0.0
2025-01-03 00:00:00-05:00,88.38232391939684,88.95648220372422,87.26271416983566,88.5737075805664,70500,0.0,0.0
2025-01-06 00:00:00-05:00,88.5928432196651,89.53063330530632,87.722030839323,87.99954223632812,100900,0.0,0.0
2025-01-07 00:00:00-05:00,87.87514907088637,88.0473972831779,87.26271260514284,87.8655776977539,106600,0.0,0.0
2025-01-08 00:00:00-05:00,87.08089134353193,89.61676491424902,85.39668744474655,89.03303527832031,100300,0.0,0.0
2025-01-10 00:00:00-05:00,87.62634169761998,88.50671817661808,86.76510066346168,87.55935668945312,86200,0.0,0.0
2025-01-13 00:00:00-05:00,87.07132551521624,89.78901884091809,86.98520505565338,89.73159790039062,89500,0.0,0.0
2025-01-14 00:00:00-05:00,90.03780541647897,91.31052781767902,89.64546675719643,90.46842956542969,73900,0.0,0.0
2025-01-15 00:00:00-05:00,91.80814250563495,91.80814250563495,90.79378869201089,91.54976654052734,98900,0.0,0.0
2025-01-16 00:00:00-05:00,91.30096925741191,93.44449685668722,90.70766824564727,92.95645904541016,201800,0.0,0.0
2025-01-17 00:00:00-05:00,93.90382702868216,93.90382702868216,91.91341205670423,92.80335998535156,124000,0.0,0.0
2025-01-21 00:00:00-05:00,93.5306183917019,93.77942298671216,92.54497868558477,93.02344512939453,89700,0.0,0.0
2025-01-22 00:00:00-05:00,92.72679217731728,93.34879997356087,92.33444621478186,92.98516082763672,98200,0.0,0.0
2025-01-23 00:00:00-05:00,92.7363657385855,93.46362944596281,91.90383153311885,93.3105239868164,70900,0.0,0.0
2025-01-24 00:00:00-05:00,92.9181777157352,92.9181777157352,91.76028985030055,92.28660583496094,74200,0.0,0.0
2025-01-27 00:00:00-05:00,92.0760914822485,94.62152938438368,91.9995350925012,93.57847595214844,94900,0.0,0.0
2025-01-28 00:00:00-05:00,93.39665680568135,94.75549987661486,93.08086717205309,93.47321319580078,71700,0.0,0.0
2025-01-29 00:00:00-05:00,92.87034242643274,93.77942577638653,91.97082314905029,93.32966613769531,71700,0.0,0.0
2025-01-30 00:00:00-05:00,93.52105383705893,94.82247584075603,93.50191109094688,94.34400939941406,68400,0.0,0.0
2025-01-31 00:00:00-05:00,94.15263245325436,95.21482861279935,93.1861281286338,93.99952697753906,108300,0.0,0.0
2025-02-03 00:00:00-05:00,92.58326147631857,94.32487912626928,92.58326147631857,93.8464126586914,98400,0.0,0.0
2025-02-04 00:00:00-05:00,93.12870953267031,96.40141829835798,92.98516813751168,96.18132781982422,95600,0.0,0.0
2025-02-05 00:00:00-05:00,96.43969663958597,96.81289988708438,95.18611687495383,96.26744842529297,79700,0.0,0.0
2025-02-06 00:00:00-05:00,96.45884321592956,97.09998653315814,95.41578251551357,96.08563995361328,95500,0.0,0.0
2025-02-07 00:00:00-05:00,96.03778125475331,96.03778125475331,94.30573513531621,95.27223205566406,101500,0.0,0.0
2025-02-10 00:00:00-05:00,95.41577367785486,96.48754109905313,94.47798357252235,95.74113464355469,92000,0.0,0.0
2025-02-11 00:00:00-05:00,95.12869976149167,96.32486584459572,95.12869976149167,96.25787353515625,50300,0.0,0.0
2025-02-12 00:00:00-05:00,95.19568960574874,96.27702117150837,95.1574114130468,96.14305114746094,88100,0.0,0.0
2025-02-13 00:00:00-05:00,96.86074540695604,97.77940007787693,96.07606075257664,97.02342224121094,72500,0.0,0.0
2025-02-14 00:00:00-05:00,97.59758380378756,98.42054667659993,96.82247049599721,97.97078704833984,85500,0.0,0.0
2025-02-18 00:00:00-05:00,98.04734014122066,98.53537794495432,96.11433897279814,98.43011474609375,115300,0.0,0.0
2025-02-19 00:00:00-05:00,97.66457992476576,98.90859574867315,97.4827676187998,97.9803695678711,94000,0.0,0.0
2025-02-20 00:00:00-05:00,97.98036214696869,99.64542340142091,97.45404611498894,99.00428009033203,119800,0.0,0.0
2025-02-21 00:00:00-05:00,99.43489578457364,100.00905403346695,96.99471410075428,97.3392105102539,106700,0.0,0.0
2025-02-24 00:00:00-05:00,97.43491402286404,98.12390692451234,94.08564865159966,94.15263366699219,99000,0.0,0.0
2025-02-25 00:00:00-05:00,94.22917908991678,94.7650591506916,93.06171984252742,93.20526123046875,132600,0.0,0.0
2025-02-26 00:00:00-05:00,92.91818034314657,94.69807606783158,92.68851849826353,93.72200775146484,109000,0.0,0.0
2025-02-27 00:00:00-05:00,84.26751147743504,86.19094871091633,75.95176928049939,76.36325073242188,319700,0.0,0.0
2025-02-28 00:00:00-05:00,76.45893305311449,77.14792584511176,75.23406022326067,77.06179809570312,248700,0.0,0.0
2025-03-03 00:00:00-05:00,76.93740350333076,77.89433636456418,75.05224459856998,77.71251678466797,267300,0.0,0.0
2025-03-04 00:00:00-05:00,76.97567569054827,79.13833853168062,76.64074337458327,77.8656234741211,167300,0.0,0.0
2025-03-05 00:00:00-05:00,77.80820482650562,79.14791222724078,77.80820482650562,78.74600219726562,150900,0.0,0.0
2025-03-06 00:00:00-05:00,79.27231362049247,80.76513382786419,78.60246354724879,79.71250915527344,195300,0.0,0.0
2025-03-07 00:00:00-05:00,79.71251174865274,80.2101136334202,77.40630000564926,79.74121856689453,178500,0.0,0.0
2025-03-10 00:00:00-04:00,79.24001047040508,80.05930117396021,78.40143818581468,79.39423370361328,276000,0.6,0.0
2025-03-11 00:00:00-04:00,79.11470299908456,80.57978682331891,76.96526282687427,77.10020446777344,241800,0.0,0.0
2025-03-12 00:00:00-04:00,78.54600791290991,78.54600791290991,76.54115768214261,77.0230941772461,251000,0.0,0.0
2025-03-13 00:00:00-04:00,77.0230929863397,77.8712985572509,75.86644100371474,76.2809066772461,117000,0.0,0.0
2025-03-14 00:00:00-04:00,76.62790756076802,77.88094546867764,76.24235686958293,77.01345825195312,166900,0.0,0.0
2025-03-17 00:00:00-04:00,76.52187832999364,77.9966028713023,76.14596844118036,76.83995819091797,193900,0.0,0.0
2025-03-18 00:00:00-04:00,76.83995673778925,78.22793621101624,76.45440606702981,77.08092498779297,214400,0.0,0.0
2025-03-19 00:00:00-04:00,77.25442947065126,79.05686743872265,77.25442947065126,78.74842834472656,154100,0.0,0.0
2025-03-20 00:00:00-04:00,77.97733152861531,79.57735697407571,77.72672247555484,79.0665054321289,129500,0.0,0.0
2025-03-21 00:00:00-04:00,78.94121214827484,80.2424394249528,78.3821639585479,79.39423370361328,466900,0.0,0.0
2025-03-24 00:00:00-04:00,80.38701065534578,80.69544972497289,79.49060846021581,80.01110076904297,162500,0.0,0.0
2025-03-25 00:00:00-04:00,79.8086940709408,80.59906970343422,79.22073090306262,80.22315979003906,129400,0.0,0.0
2025-03-26 00:00:00-04:00,80.30990002707128,81.45691127828763,80.30990002707128,81.43762969970703,112300,0.0,0.0
2025-03-27 00:00:00-04:00,81.56294323208456,83.23043955372368,81.44727581434084,83.15332794189453,128600,0.0,0.0
2025-03-28 00:00:00-04:00,82.87381539081679,83.13405790163335,81.42800568817968,82.56537628173828,132300,0.0,0.0
2025-03-31 00:00:00-04:00,81.59185546089697,82.07379198771412,80.57978581307383,80.9267807006836,230500,0.0,0.0
2025-04-01 00:00:00-04:00,80.38701640671913,82.35331837393592,79.79905323914984,81.7557144165039,226000,0.0,0.0
2025-04-02 00:00:00-04:00,81.04244773175833,82.4497015009666,80.3484579598161,82.430419921875,238600,0.0,0.0
2025-04-03 00:00:00-04:00,79.93399847162983,80.42557582395055,78.6424046614431,79.278564453125,278800,0.0,0.0
2025-04-04 00:00:00-04:00,77.36046229402402,79.20145621550152,76.3098367200504,78.14119720458984,318200,0.0,0.0
2025-04-07 00:00:00-04:00,76.78212756772686,79.41349676901851,74.324248448757,75.1146240234375,330500,0.0,0.0
2025-04-08 00:00:00-04:00,77.94841608851138,78.16046198204083,73.51459418188752,74.30496978759766,233700,0.0,0.0
2025-04-09 00:00:00-04:00,74.21822681409834,78.72915310162543,73.44712541218493,78.4978256225586,242800,0.0,0.0
2025-04-10 00:00:00-04:00,76.60863303231821,77.9676902050033,74.97004443970623,75.8086166381836,360400,0.0,0.0
2025-04-11 00:00:00-04:00,76.08814610555173,77.61106003947357,74.3242565389398,74.97969055175781,220800,0.0,0.0
2025-04-14 00:00:00-04:00,75.32668034978362,75.35559536468904,71.59648899786104,74.46883392333984,364500,0.0,0.0
2025-04-15 00:00:00-04:00,74.21823069906854,76.73394014613065,74.11220406691126,75.72187042236328,288200,0.0,0.0
2025-04-16 00:00:00-04:00,75.62547603763485,77.63997446729091,75.37486699413918,75.82788848876953,171400,0.0,0.0
2025-04-17 00:00:00-04:00,75.76042768864556,77.42793146432611,75.4327143493171,77.17732238769531,154800,0.0,0.0
2025-04-21 00:00:00-04:00,76.45441297651493,76.81104866610727,74.22786849846456,74.8351058959961,204100,0.0,0.0
2025-04-22 00:00:00-04:00,75.51945806327087,76.5122462079193,74.37245404219343,75.88573455810547,249500,0.0,0.0
2025-04-23 00:00:00-04:00,76.96526779832179,78.3918032633879,76.58935786671168,77.25443267822266,264000,0.0,0.0
2025-04-24 00:00:00-04:00,84.82082182178546,84.82082182178546,76.55078992925725,77.12911224365234,263800,0.0,0.0
2025-04-25 00:00:00-04:00,76.49296055486138,78.60384474182153,75.74114080437346,78.00624084472656,221100,0.0,0.0
2025-04-28 00:00:00-04:00,77.73636009935657,78.84481553691595,76.99417375999414,77.49539184570312,193600,0.0,0.0
2025-04-29 00:00:00-04:00,77.03273755431489,79.50989116469862,77.03273755431489,79.22073364257812,304500,0.0,0.0
2025-04-30 00:00:00-04:00,78.31469444453278,78.92193188948444,77.5725153451474,78.63277435302734,199100,0.0,0.0
2025-05-01 00:00:00-04:00,78.30504437288212,79.59663808136618,77.94841605147694,78.35324096679688,213900,0.0,0.0
2025-05-02 00:00:00-04:00,79.18217048337328,81.64004228513807,79.18217048337328,81.60149383544922,256000,0.0,0.0
2025-05-05 00:00:00-04:00,81.65933400822242,84.0979318880878,81.17739743579784,82.9798355102539,175700,0.0,0.0
2025-05-06 00:00:00-04:00,82.40150999471089,84.92686018658571,82.40150999471089,84.6376953125,267700,0.0,0.0
2025-05-07 00:00:00-04:00,85.42807393359705,86.69075275026081,84.74372488518524,85.16783142089844,359500,0.0,0.0
2025-05-08 00:00:00-04:00,85.38952078867068,85.80398654683482,84.58951164467184,85.01361083984375,108900,0.0,0.0
2025-05-09 00:00:00-04:00,85.33168585634134,86.21844735892039,84.84974929792642,86.03531646728516,221100,0.0,0.0
2025-05-12 00:00:00-04:00,88.01124819219484,88.19438642979033,84.33889412684867,85.8039779663086,226400,0.0,0.0
2025-05-13 00:00:00-04:00,85.81362241475625,86.55580883282545,84.96541671930258,86.03531646728516,265100,0.0,0.0
2025-05-14 00:00:00-04:00,85.73651120412886,86.05459109908452,83.88587657600772,85.05216217041016,175700,0.0,0.0
2025-05-15 00:00:00-04:00,85.10035779341545,86.06423090374464,84.32925636364482,85.48590850830078,99200,0.0,0.0
2025-05-16 00:00:00-04:00,85.62084528153714,87.0280990600586,85.18709799431885,87.0280990600586,245900,0.0,0.0
2025-05-19 00:00:00-04:00,85.89073022136446,87.50039649020738,85.89073022136446,87.30762481689453,126100,0.0,0.0
2025-05-20 00:00:00-04:00,87.02810524935876,87.68353926783662,86.5076128799409,86.94135284423828,171900,0.0,0.0
2025-05-21 00:00:00-04:00,86.2088035333659,86.61362842874422,84.92685067756712,85.17745971679688,116100,0.0,0.0
2025-05-22 00:00:00-04:00,84.9557717966358,85.71723240434437,84.34853440992701,84.40636444091797,116700,0.0,0.0
2025-05-23 00:00:00-04:00,83.59113249544735,85.13426771588121,83.581432597946,84.9013442993164,122900,0.6,0.0
2025-05-27 00:00:00-04:00,85.49334671605892,87.1141253591599,85.03720723681606,86.91031646728516,176300,0.0,0.0
2025-05-28 00:00:00-04:00,87.06560445464812,87.63821678957807,86.42506322053353,87.30823516845703,102000,0.0,0.0
2025-05-29 00:00:00-04:00,87.48291853808854,88.23992508491655,86.64826839556001,87.56056213378906,163800,0.0,0.0
2025-05-30 00:00:00-04:00,87.56057185973056,88.90959801574401,86.88120142864,88.54080200195312,146900,0.0,0.0
2025-06-02 00:00:00-04:00,88.14287307629922,89.83158053472933,87.48291733095286,89.5404281616211,133400,0.0,0.0
2025-06-03 00:00:00-04:00,89.40456040251422,90.69535006156828,88.181699636804,89.12310791015625,155300,0.0,0.0
2025-06-04 00:00:00-04:00,89.01634893503284,89.50161031614007,87.92936077573223,88.40491485595703,106500,0.0,0.0
2025-06-05 00:00:00-04:00,88.0943570185541,88.46316044538375,86.64828002591138,86.95884704589844,129900,0.0,0.0
2025-06-06 00:00:00-04:00,87.91965434247153,88.44373752777932,86.36681938850465,86.77444458007812,131800,0.0,0.0
2025-06-09 00:00:00-04:00,86.8617841753199,87.12382205395784,82.6691262856074,82.96998596191406,213500,0.0,0.0
2025-06-10 00:00:00-04:00,83.35820149123606,83.8725773830592,80.15547333586395,80.52427673339844,243400,0.0,0.0
2025-06-11 00:00:00-04:00,80.58251038010454,82.35856895790312,80.58251038010454,82.0285873413086,235400,0.0,0.0
2025-06-12 00:00:00-04:00,81.90240970417662,82.38767105206462,81.21333947871572,81.91211700439453,122300,0.0,0.0
2025-06-13 00:00:00-04:00,80.79601699696478,81.76653972365504,80.39809912486139,81.47537994384766,101900,0.0,0.0
2025-06-16 00:00:00-04:00,82.09651887124092,82.51384396518574,81.31039778442673,81.59185028076172,116000,0.0,0.0
2025-06-17 00:00:00-04:00,81.06777266606801,82.06741001919416,80.45634593475344,81.2521743774414,118300,0.0,0.0
2025-06-18 00:00:00-04:00,80.96101584336927,82.22269853313195,80.95131594593397,81.72772979736328,157700,0.0,0.0
2025-06-20 00:00:00-04:00,81.80537048580904,83.95993235988672,81.80537048580904,83.65906524658203,352200,0.0,0.0
2025-06-23 00:00:00-04:00,83.68817555344363,84.56164005853292,82.88263993657183,84.47429656982422,165300,0.0,0.0
2025-06-24 00:00:00-04:00,85.10515388170789,85.891275046592,83.62995495472555,84.0181655883789,181400,0.0,0.0
2025-06-25 00:00:00-04:00,84.50342639095123,84.50342639095123,82.50415163881736,82.55267333984375,103800,0.0,0.0
2025-06-26 00:00:00-04:00,82.73706054469078,83.62993965560025,82.42649357548311,83.59111785888672,130000,0.0,0.0
2025-06-27 00:00:00-04:00,83.87257595631534,84.31901554170904,82.80500239085204,83.35820007324219,441800,0.0,0.0
2025-06-30 00:00:00-04:00,83.38731168923624,83.81434406246119,81.8053622953815,82.62059783935547,141600,0.0,0.0
2025-07-01 00:00:00-04:00,82.44591169177751,84.47430826284793,81.90242127480245,83.55230712890625,146800,0.0,0.0
2025-07-02 00:00:00-04:00,83.43584430858083,83.90169109493738,79.7187402962512,81.62096405029297,183100,0.0,0.0
2025-07-03 00:00:00-04:00,81.94124319910583,83.2708621477657,79.41788531073448,80.99012756347656,95600,0.0,0.0
2025-07-07 00:00:00-04:00,80.79602177168773,80.79602177168773,78.2241349130701,78.38912200927734,145000,0.0,0.0
2025-07-08 00:00:00-04:00,78.46676368976657,80.05842042430683,78.17561130437565,78.68998718261719,240400,0.0,0.0
2025-07-09 00:00:00-04:00,79.28200387645082,79.75755793905098,77.70004709378983,78.48617553710938,228600,0.0,0.0
2025-07-10 00:00:00-04:00,78.18531461994253,79.44699722531554,78.18531461994253,78.65116882324219,235300,0.0,0.0
2025-07-11 00:00:00-04:00,78.1853055815263,78.47646535049245,77.61270074826014,77.85533142089844,128500,0.0,0.0
2025-07-14 00:00:00-04:00,77.80681330363895,78.18531661400404,76.86540497624317,77.17597198486328,141600,0.0,0.0
2025-07-15 00:00:00-04:00,77.43801872491403,77.98150914891089,76.61307578720405,76.79747009277344,151500,0.0,0.0
2025-07-16 00:00:00-04:00,77.10802677880223,77.55447374385885,76.5548291271894,77.02068328857422,155900,0.0,0.0
2025-07-17 00:00:00-04:00,77.02068322393113,77.92326964469987,76.71982355184177,77.66122436523438,228000,0.0,0.0
2025-07-18 00:00:00-04:00,78.21443132784064,78.35031133620346,76.99157789308944,77.06922149658203,119500,0.0,0.0
2025-07-21 00:00:00-04:00,77.32154149335409,78.16589890536915,75.0408146362911,75.37079620361328,182000,0.0,0.0
2025-07-22 00:00:00-04:00,75.32227869038047,76.05017082507337,75.05053347814874,75.40962219238281,201900,0.0,0.0
2025-07-23 00:00:00-04:00,75.70078058411328,76.76835421401455,73.98295843653139,75.78812408447266,195900,0.0,0.0
2025-07-24 00:00:00-04:00,75.32226760859838,76.438370198488,74.73995546741703,75.3416748046875,228600,0.0,0.0
2025-07-25 00:00:00-04:00,75.64254965684526,76.87511035902638,75.27374625271915,76.0889892578125,241100,0.0,0.0
2025-07-28 00:00:00-04:00,76.00163697371227,76.85570176395271,75.78812077615216,76.57424926757812,213700,0.0,0.0
2025-07-29 00:00:00-04:00,77.13715412986336,77.52535731986018,76.24426754116749,77.1080322265625,187600,0.0,0.0
2025-07-30 00:00:00-04:00,73.167712836484,76.13751021624458,70.9161002509169,72.06131744384766,314000,0.0,0.0
2025-07-31 00:00:00-04:00,71.39165163901673,72.9833083682155,70.12026919672407,71.96426391601562,334600,0.0,0.0
2025-08-01 00:00:00-04:00,71.8186798110706,72.92507509688109,71.4401765503723,72.67273712158203,226000,0.0,0.0
2025-08-04 00:00:00-04:00,72.68245011531864,72.95419530792721,70.74140456297043,71.69252014160156,160200,0.0,0.0
2025-08-05 00:00:00-04:00,72.01279236122937,72.98331520924864,71.13932772161338,72.63392639160156,213500,0.0,0.0
2025-08-06 00:00:00-04:00,73.0609546934451,75.9919376756733,72.77950219485356,75.7978286743164,268900,0.0,0.0
2025-08-07 00:00:00-04:00,75.83665129455841,76.58395799998533,74.05089288977447,74.91465759277344,166700,0.0,0.0
2025-08-08 00:00:00-04:00,74.9825931805417,75.80753607501278,73.15800558789839,75.05052947998047,156700,0.0,0.0
2025-08-11 00:00:00-04:00,75.00200238758907,75.58431459902037,73.44916735560513,73.68209075927734,142600,0.0,0.0
2025-08-12 00:00:00-04:00,74.00236034086231,75.82694046135107,73.26476097108983,75.80753326416016,141600,0.0,0.0
2025-08-13 00:00:00-04:00,75.8075360829444,77.12744767603674,75.65224888163881,76.4383773803711,112000,0.0,0.0
2025-08-14 00:00:00-04:00,76.24426276562795,76.36072815803294,75.04081666211265,75.60372161865234,104600,0.0,0.0
2025-08-15 00:00:00-04:00,75.85606709024988,76.17633399311163,74.9146587710618,76.03075408935547,135900,0.0,0.0
2025-08-18 00:00:00-04:00,76.10838532598784,76.84598462187394,75.59400950019239,76.66158294677734,99500,0.0,0.0
2025-08-19 00:00:00-04:00,76.96245920957459,78.12708358065342,76.41896141917012,77.0303955078125,124500,0.0,0.0
2025-08-20 00:00:00-04:00,77.43801329723998,77.49624229444356,76.54513411911279,77.0303955078125,112200,0.0,0.0
2025-08-21 00:00:00-04:00,76.48689891754147,78.29207190418893,76.48689891754147,78.14649200439453,143300,0.0,0.0
2025-08-22 00:00:00-04:00,78.70939507063953,79.96137033096124,78.30177728481416,79.62168884277344,132000,0.0,0.0
2025-08-25 00:00:00-04:00,79.78667317101561,80.06812565275935,79.05878111962689,79.41787719726562,115800,0.0,0.0
2025-08-26 00:00:00-04:00,79.22377868624483,80.05842894126091,78.76763916015625,78.76763916015625,141800,0.0,0.0
2025-08-27 00:00:00-04:00,78.4667642962158,79.21407097394705,78.18531180501193,79.19465637207031,113600,0.0,0.0
2025-08-28 00:00:00-04:00,79.23348036115787,79.6799199581471,77.91356876810222,79.10731506347656,147800,0.0,0.0
2025-08-29 00:00:00-04:00,79.38876605920153,79.38876605920153,77.81651649605311,78.9520263671875,130400,0.0,0.0
2025-09-02 00:00:00-04:00,78.83556643882773,80.22341427099954,78.16590337020257,80.21370697021484,196200,0.0,0.0
2025-09-03 00:00:00-04:00,79.81578694105606,81.24245653349804,79.50521996480684,80.40780639648438,186400,0.0,0.0
2025-09-04 00:00:00-04:00,80.43692510405202,80.93189379365565,80.01960001370017,80.55339050292969,140900,0.0,0.0
2025-09-05 00:00:00-04:00,80.48495608765639,81.90245806884167,79.38027503154962,80.12324523925781,109300,0.6,0.0
2025-09-08 00:00:00-04:00,80.70980297976378,81.84381060807318,79.66378230254197,81.26702880859375,188200,0.0,0.0
2025-09-09 00:00:00-04:00,81.52120103067197,81.52120103067197,79.10655338068123,80.68047332763672,137600,0.0,0.0
2025-09-10 00:00:00-04:00,80.46540581317078,80.46540581317078,78.85238877504781,79.33140563964844,141400,0.0,0.0
2025-09-11 00:00:00-04:00,79.5953465112257,82.51834489799838,79.39983156705321,82.47924041748047,162600,0.0,0.0
2025-09-12 00:00:00-04:00,81.89268889415031,82.29350426590746,80.94443311540391,80.96398162841797,199900,0.0,0.0
2025-09-15 00:00:00-04:00,81.0910587450282,81.62873603762493,79.16521339340255,79.29229736328125,227900,0.0,0.0
2025-09-16 00:00:00-04:00,79.03812164072878,80.14280271763616,78.08008796129191,79.6051254272461,249500,0.0,0.0
2025-09-17 00:00:00-04:00,79.45848597802319,81.32568579941821,79.34117999279103,80.10369873046875,183000,0.0,0.0
2025-09-18 00:00:00-04:00,80.3774262741651,81.40389098343543,79.95706240510654,81.18882751464844,174700,0.0,0.0
2025-09-19 00:00:00-04:00,81.33546108540449,82.2348492891777,79.90818100036164,80.17213439941406,502900,0.0,0.0
2025-09-22 00:00:00-04:00,80.29922298727607,82.23485401059456,80.0841520448609,81.94157409667969,166600,0.0,0.0
2025-09-23 00:00:00-04:00,82.05888200590253,82.3032794315018,81.14972328433657,81.7656021118164,124000,0.0,0.0
2025-09-24 00:00:00-04:00,81.48209752497849,82.53789615888579,81.40388856133706,81.67761993408203,76200,0.0,0.0
2025-09-25 00:00:00-04:00,81.57985645142516,82.46946664723137,81.2083750551466,82.04910278320312,185000,0.0,0.0
2025-09-26 00:00:00-04:00,81.92202327072275,83.40795639518575,81.92202327072275,83.16355895996094,171500,0.0,0.0
2025-09-29 00:00:00-04:00,83.32974383766201,84.40509101466246,82.97781094941931,83.77943420410156,173800,0.0,0.0
2025-09-30 00:00:00-04:00,83.59369418210976,84.15091999175388,83.13422584709461,84.08248901367188,100500,0.0,0.0
2025-10-01 00:00:00-04:00,83.61324481018507,84.26822811103787,83.00714397709274,83.82831573486328,92200,0.0,0.0
2025-10-02 00:00:00-04:00,83.45683958258829,84.51263084343238,82.89961372382523,84.16069793701172,108800,0.0,0.0
2025-10-03 00:00:00-04:00,84.11181325337779,84.77657450480245,83.15377212751808,83.44705200195312,131700,0.0,0.0
2025-10-06 00:00:00-04:00,83.46660098570086,83.68167190038234,81.83402807286173,82.00999450683594,148400,0.0,0.0
2025-10-07 00:00:00-04:00,81.64828441763818,82.35215016011718,77.95299672804057,78.4026870727539,149900,0.0,0.0
2025-10-08 00:00:00-04:00,78.86216236465901,79.58558414075011,78.15829656003946,79.02835083007812,158600,0.0,0.0
2025-10-09 00:00:00-04:00,78.67642319803394,79.03812661760199,77.62062452046854,77.65972900390625,134100,0.0,0.0
2025-10-10 00:00:00-04:00,77.5717390480661,78.07031186957069,76.33020344526459,76.76033782958984,116700,0.0,0.0
2025-10-13 00:00:00-04:00,77.4153219967746,78.35380710789767,76.39862792845376,76.71145629882812,111500,0.0,0.0
2025-10-14 00:00:00-04:00,76.41817954747832,77.90411996102176,76.33020006086406,77.45442962646484,115700,0.0,0.0
2025-10-15 00:00:00-04:00,77.55218942125202,79.2922978205385,77.28823603666707,77.9334487915039,128600,0.0,0.0
2025-10-16 00:00:00-04:00,77.73792790480158,78.26582722587696,76.59414977168026,77.41532897949219,150100,0.0,0.0
2025-10-17 00:00:00-04:00,77.65972040815103,78.96968689544171,77.29800957020132,78.6764144897461,179500,0.0,0.0
2025-10-20 00:00:00-04:00,79.21409482331548,80.01571810554971,78.32449204520546,79.49759674072266,125500,0.0,0.0
2025-10-21 00:00:00-04:00,79.42915614403397,81.89267868981321,79.0870012707892,81.60918426513672,98300,0.0,0.0
2025-10-22 00:00:00-04:00,81.96110998123561,82.71385816370028,80.97374983725845,81.29635620117188,119800,0.0,0.0
2025-10-23 00:00:00-04:00,81.01286039413712,82.19574302546972,80.65114952336569,81.81448364257812,84700,0.0,0.0
2025-10-24 00:00:00-04:00,81.91224350213832,82.34238536546566,81.38434415853233,82.1370849609375,75300,0.0,0.0
2025-10-27 00:00:00-04:00,82.09798815088975,82.76274946031299,81.41367087030889,82.05888366699219,78700,0.0,0.0
2025-10-28 00:00:00-04:00,81.65807216880678,82.52812646609141,80.88577535668779,81.94157409667969,79700,0.0,0.0
2025-10-29 00:00:00-04:00,81.46254858526493,81.89268296619821,75.58723260947956,76.49639129638672,173500,0.0,0.0
2025-10-30 00:00:00-04:00,76.77011709982612,78.40269009077626,76.75056858774572,77.44465637207031,164100,0.0,0.0
2025-10-31 00:00:00-04:00,76.86787415136382,76.86787415136382,73.34855278140392,74.27726745605469,184100,0.0,0.0
2025-11-03 00:00:00-05:00,73.72981153921909,74.14039741292581,72.09723857108717,72.96729278564453,206100,0.0,0.0
2025-11-04 00:00:00-05:00,73.16281208247727,73.97421335138435,71.99948537121904,73.34855651855469,171800,0.0,0.0
2025-11-05 00:00:00-05:00,73.96443541661873,74.2479298475629,72.5175994740887,73.11392974853516,272100,0.0,0.0
2025-11-06 00:00:00-05:00,77.40555104723508,78.65686464245347,73.32900387763279,73.62227630615234,212100,0.0,0.0
2025-11-07 00:00:00-05:00,74.16972799570316,75.82184940051891,73.92533058793106,74.31636047363281,161600,0.0,0.0
2025-11-10 00:00:00-05:00,74.07196820370112,77.01451528573716,74.05241969142688,76.66258239746094,265100,0.0,0.0
2025-11-11 00:00:00-05:00,77.08294818984864,78.725299223315,76.04670546985334,78.50045776367188,100400,0.0,0.0
2025-11-12 00:00:00-05:00,78.14851945985211,79.8201968760142,77.74770412099282,78.08985900878906,159300,0.0,0.0
2025-11-13 00:00:00-05:00,78.08986208054465,79.16521671080055,77.913895637268,78.83283233642578,138900,0.0,0.0
2025-11-14 00:00:00-05:00,78.539556934812,78.87194132818867,76.88743532903926,78.24628448486328,106400,0.0,0.0
2025-11-17 00:00:00-05:00,77.97255295254895,78.43202128363605,75.18642392814728,75.49925231933594,152900,0.0,0.0
2025-11-18 00:00:00-05:00,75.50903069715729,76.32043198500224,73.34855823048973,76.07603454589844,109600,0.0,0.0
2025-11-19 00:00:00-05:00,75.78274670985081,77.03406773226371,75.31350785256099,76.38885498046875,108900,0.0,0.0
2025-11-20 00:00:00-05:00,77.27846833240584,78.25605802689084,75.18642698288134,75.19619750976562,103600,0.0,0.0
2025-11-21 00:00:00-05:00,75.19619264306257,77.17092787483104,74.90292022874817,76.3302001953125,145200,0.0,0.0
2025-11-24 00:00:00-05:00,76.00759856963623,76.32042697280801,73.35833139874647,74.46300506591797,236400,0.0,0.0
2025-11-25 00:00:00-05:00,74.97135390042125,76.79944180314152,74.97135390042125,75.52857971191406,134300,0.0,0.0
2025-11-26 00:00:00-05:00,75.3721631537821,77.02429210663438,75.16687021512749,76.05648040771484,260700,0.0,0.0
2025-11-28 00:00:00-05:00,76.04670395499198,76.54527679229595,75.70454905033928,76.27154541015625,67900,0.0,0.0
2025-12-01 00:00:00-05:00,75.75926090694797,77.45374749542569,75.75926090694797,77.0892333984375,165300,0.6,0.0
2025-12-02 00:00:00-05:00,77.59166861489838,78.95119485502555,76.69516403549774,77.81825256347656,378200,0.0,0.0
2025-12-03 00:00:00-05:00,77.91677047752793,79.5422957794919,77.91677047752793,78.44876098632812,159400,0.0,0.0
2025-12-04 00:00:00-05:00,78.38965127828207,79.75903129398482,77.9758833993401,79.02015686035156,148200,0.0,0.0
2025-12-05 00:00:00-05:00,78.99060913125379,79.35512325225042,78.24188087665905,78.97090911865234,147000,0.0,0.0
2025-12-08 00:00:00-05:00,78.91178323729007,78.91178323729007,74.70512835663516,75.47355651855469,189100,0.0,0.0
2025-12-09 00:00:00-05:00,75.5326694377457,77.09908716219921,75.5326694377457,77.0892333984375,184700,0.0,0.0
2025-12-10 00:00:00-05:00,77.08923680539941,78.36995556712083,76.6754689037552,78.05470275878906,172100,0.0,0.0
2025-12-11 00:00:00-05:00,78.23202303013548,79.9462094886831,77.90691649876057,79.75902557373047,175400,0.0,0.0
2025-12-12 00:00:00-05:00,79.94621385866957,80.90182597912987,78.2320273064218,79.57184600830078,190500,0.0,0.0
2025-12-15 00:00:00-05:00,79.3058549267043,81.1579641123213,78.96104836504945,79.21719360351562,207300,0.0,0.0
2025-12-16 00:00:00-05:00,79.53244163941623,80.58656878848306,79.4043652697249,79.75902557373047,136600,0.0,0.0
2025-12-17 00:00:00-05:00,79.3748178648243,81.06930444962883,79.3748178648243,80.22206115722656,202800,0.0,0.0
2025-12-18 00:00:00-05:00,80.64568732953377,82.02492119802979,79.16793836676375,81.7687759399414,180900,0.0,0.0
2025-12-19 00:00:00-05:00,81.33528983136483,81.89683406287251,78.45860736526294,79.22703552246094,461100,0.0,0.0
2025-12-22 00:00:00-05:00,79.12852649631695,80.55701407568075,78.82312746591133,79.08911895751953,100000,0.0,0.0
2025-12-23 00:00:00-05:00,79.04971668527811,79.6802223156042,78.80342518855011,78.97090911865234,299300,0.0,0.0
2025-12-24 00:00:00-05:00,78.94133965734486,79.91665929514963,78.94133965734486,79.50288391113281,65000,0.0,0.0
2025-12-26 00:00:00-05:00,79.74918269315947,80.08414303319209,79.04971575265064,79.94622039794922,82200,0.0,0.0
2025-12-29 00:00:00-05:00,79.96591465781975,80.32057498470824,79.12852514230725,79.64080810546875,84300,0.0,0.0
2025-12-30 00:00:00-05:00,79.54229625424524,80.3205782523452,79.31571229609366,79.91666412353516,113600,0.0,0.0
2025-12-31 00:00:00-05:00,79.91666571128417,80.47821001015588,78.9511997593578,79.01030731201172,118700,0.0,0.0
2026-01-02 00:00:00-05:00,78.81327091301655,79.8476981002376,77.25670700859186,77.41433715820312,137500,0.0,0.0
2026-01-05 00:00:00-05:00,77.49314823697279,84.62574678225758,77.36507186796325,83.51250457763672,366000,0.0,0.0
2026-01-06 00:00:00-05:00,82.84259511361137,84.675004248882,82.70467249192168,84.30064392089844,282700,0.0,0.0
2026-01-07 00:00:00-05:00,84.53708486756385,84.53708486756385,80.04473069468905,80.57672119140625,593000,0.0,0.0
2026-01-08 00:00:00-05:00,79.98563005212559,82.15299224853516,79.62111592579902,82.15299224853516,493000,0.0,0.0
2026-01-09 00:00:00-05:00,82.02491497313791,83.23666482156618,81.43381693613246,82.08402252197266,136700,0.0,0.0
2026-01-12 00:00:00-05:00,82.15298757177789,83.67014402938483,81.45352065260799,82.69483184814453,134900,0.0,0.0
2026-01-13 00:00:00-05:00,82.63570837960421,82.8721535941014,81.96579530429999,82.53719329833984,130900,0.0,0.0
2026-01-14 00:00:00-05:00,82.16283886980116,82.8524520042797,81.69980968684297,82.57660675048828,131400,0.0,0.0
2026-01-15 00:00:00-05:00,82.38942302693991,84.25138601089826,82.38942302693991,83.26622009277344,117300,0.0,0.0
2026-01-16 00:00:00-05:00,82.89186283471923,83.24652317974116,81.96580443202647,82.67512512207031,111000,0.0,0.0
2026-01-20 00:00:00-05:00,82.41897911930567,82.92140829417923,81.96579621128087,82.51749420166016,93300,0.0,0.0
2026-01-21 00:00:00-05:00,83.08888477069696,84.43856470061121,83.08888477069696,84.4287109375,189200,0.0,0.0
2026-01-22 00:00:00-05:00,84.66516412431544,86.08379798088599,84.42871888470393,85.02967071533203,106800,0.0,0.0
2026-01-23 00:00:00-05:00,84.7341210204403,85.15774265737366,83.35488725952573,84.34990692138672,96700,0.0,0.0
2026-01-26 00:00:00-05:00,84.07405474027738,84.8818979980956,82.7046747333747,83.64058685302734,108400,0.0,0.0
2026-01-27 00:00:00-05:00,83.39429876731441,84.1627270020019,82.21209512330164,82.69483184814453,109900,0.0,0.0
2026-01-28 00:00:00-05:00,83.31548669019702,84.5272441536391,82.43868956863955,83.05934143066406,187100,0.0,0.0
2026-01-29 00:00:00-05:00,83.57162491702493,84.42871443775887,80.56686592214804,83.30562591552734,193400,0.0,0.0
2026-01-30 00:00:00-05:00,82.68497706204336,84.1134646584868,82.55690819658513,83.75880432128906,177300,0.0,0.0
2026-02-02 00:00:00-05:00,83.27607268573084,85.47299595939955,82.60615957017538,84.68486022949219,138200,0.0,0.0
2026-02-03 00:00:00-05:00,84.31050500909475,84.31050500909475,77.5818196705966,79.01030731201172,320400,0.0,0.0
2026-02-04 00:00:00-05:00,79.33541034388529,81.51262612538265,78.44875951254214,80.13339233398438,188600,0.0,0.0
2026-02-05 00:00:00-05:00,80.62597567661157,81.91654814910908,78.04484576405561,78.82312774658203,306700,0.0,0.0
2026-02-06 00:00:00-05:00,79.47333217678892,80.49790562540575,78.74431150773789,80.1530990600586,189500,0.0,0.0
2026-02-09 00:00:00-05:00,79.8575441282904,79.8575441282904,78.32068775489394,78.724609375,119000,0.0,0.0
2026-02-10 00:00:00-05:00,78.60639037012685,80.70479109287815,78.36995265172855,79.42407989501953,146300,0.0,0.0
2026-02-11 00:00:00-05:00,80.08414310055691,80.15310441823635,75.95629525543323,76.12377166748047,235200,0.0,0.0
2026-02-12 00:00:00-05:00,76.30109959352251,77.11878913347732,71.68067641282757,72.96138763427734,354500,0.0,0.0
2026-02-13 00:00:00-05:00,72.961383358154,74.98097643775613,71.09942042862895,74.01551055908203,261300,0.0,0.0
2026-02-17 00:00:00-05:00,74.60662234816202,76.21244017628392,73.42441867232378,74.74454498291016,214900,0.0,0.0
2026-02-18 00:00:00-05:00,74.74453759026656,75.86762608569036,74.37016974764587,75.43415069580078,242400,0.0,0.0
2026-02-19 00:00:00-05:00,75.3848924859681,75.86762919585077,74.13373508143133,74.75438690185547,276900,0.0,0.0
2026-02-20 00:00:00-05:00,74.8529068459145,76.5276858348983,74.42928521699942,74.99082946777344,396900,0.0,0.0
2026-02-23 00:00:00-05:00,75.02038597948919,75.02038597948919,72.60672497643118,73.79878234863281,309900,0.0,0.0
2026-02-24 00:00:00-05:00,73.79878270237457,74.87260994778775,73.2667922034308,74.31106567382812,352100,0.0,0.0
2026-02-25 00:00:00-05:00,74.07463089295463,74.85291290283203,73.0007960887674,74.85291290283203,350900,0.0,0.0
2026-02-26 00:00:00-05:00,75.5425239497274,77.8872161615306,74.14359013048902,77.24686431884766,437500,0.0,0.0
2026-02-27 00:00:00-05:00,78.73445614004301,82.42882822825321,75.85777354458263,81.0594482421875,561100,0.0,0.0
2026-03-02 00:00:00-05:00,81.05945399504265,83.62088398807796,79.85755032111643,83.18741607666016,393700,0.0,0.0
2026-03-03 00:00:00-05:00,81.66040285888867,85.1971524353415,81.07915857137291,84.64545440673828,319400,0.0,0.0
2026-03-04 00:00:00-05:00,84.6454583145218,85.04937996989288,79.55215205495783,80.38954162597656,683300,0.0,0.0
2026-03-05 00:00:00-05:00,80.39939157783463,83.82776478081334,80.26146894991133,82.91156768798828,392300,0.0,0.0
2026-03-06 00:00:00-05:00,81.68011508983943,81.68011508983943,79.26645392673595,81.23678588867188,290200,0.0,0.0
2026-03-09 00:00:00-04:00,81.5841145686137,82.368101016971,78.99398452129088,81.5543441772461,333400,0.6,0.0
2026-03-10 00:00:00-04:00,80.95891043003309,81.37571103529463,77.64433484834363,78.93444061279297,269700,0.0,0.0
2026-03-11 00:00:00-04:00,78.57718398165596,79.44056318876937,77.25730777337195,78.26954650878906,391500,0.0,0.0
2026-03-12 00:00:00-04:00,77.93213365466306,79.45048423677297,76.41378307255316,78.57718658447266,454600,0.0,0.0
2026-03-13 00:00:00-04:00,79.33140001997569,80.87952094281025,78.41839844654828,80.14515686035156,261800,0.0,0.0
2026-03-16 00:00:00-04:00,80.20469901324545,81.46502688864257,78.25962183890795,78.65657806396484,241400,0.0,0.0
2026-03-17 00:00:00-04:00,79.61918916421666,80.68104264225845,79.40086287636157,79.91690063476562,359700,0.0,0.0
2026-03-18 00:00:00-04:00,79.04360500588872,80.12530291347882,78.75581194400357,79.79782104492188,254000,0.0,0.0
2026-03-19 00:00:00-04:00,79.678730156043,81.27647337089527,79.5497226089262,80.37339782714844,438300,0.0,0.0
2026-03-20 00:00:00-04:00,80.67112127548648,80.67112127548648,78.91459245627532,80.10546112060547,515300,0.0,0.0
2026-03-23 00:00:00-04:00,80.89936856912504,83.68798062439251,80.89936856912504,83.2215576171875,281700,0.0,0.0
2026-03-24 00:00:00-04:00,80.80012743742795,81.73297340605004,79.21231015032336,81.12761688232422,225500,0.0,0.0
2026-03-25 00:00:00-04:00,81.83221294550613,83.11239279987637,80.55203309113587,82.8543701171875,489200,0.0,0.0
2026-03-26 00:00:00-04:00,82.09023626259562,84.06508384949358,82.09023626259562,82.8146743774414,278500,0.0,0.0
2026-03-27 00:00:00-04:00,81.87190395354554,82.45740848092403,80.61157615739454,80.8398208618164,293100,0.0,0.0
2026-03-30 00:00:00-04:00,81.54442113071995,82.0207701237122,79.66881069381303,81.8421401977539,360600,0.0,0.0
2026-03-31 00:00:00-04:00,82.81467469530814,83.39026085130607,81.03830900185203,82.32840728759766,250100,0.0,0.0
2026-04-01 00:00:00-04:00,82.32840360066336,83.4696498736718,81.03830537269255,82.55665588378906,232700,0.0,0.0
2026-04-02 00:00:00-04:00,82.31847731972212,83.65820548008696,81.66350600629286,83.04292297363281,178300,0.0,0.0
2026-04-06 00:00:00-04:00,82.88414216825414,83.78721779008687,81.43525834944715,83.2215576171875,263900,0.0,0.0
2026-04-07 00:00:00-04:00,83.25132491256548,84.14447451320781,82.78490192271282,82.94368743896484,221400,0.0,0.0
2026-04-08 00:00:00-04:00,83.97577237773768,84.79944765416363,82.3978734542845,82.83452606201172,258100,0.0,0.0
2026-04-09 00:00:00-04:00,82.83452714020241,82.83452714020241,80.92914630746328,81.83221435546875,299900,0.0,0.0
2026-04-10 00:00:00-04:00,81.83221201985971,82.59635407151887,78.5374882513764,80.57188415527344,317200,0.0,0.0
2026-04-13 00:00:00-04:00,80.3833309007448,81.4054880946162,78.10083822935997,78.53749084472656,395700,0.0,0.0
2026-04-14 00:00:00-04:00,78.40847960354516,79.21231045197892,78.26954606360131,78.76573944091797,194100,0.0,0.0
2026-04-15 00:00:00-04:00,78.64664859721407,80.24439184319033,78.24969238971693,79.8077392578125,154700,0.0,0.0
2026-04-16 00:00:00-04:00,79.99629421982716,81.62380783726046,79.99629421982716,81.27647399902344,224400,0.0,0.0
2026-04-17 00:00:00-04:00,81.92152862596355,82.68566308635006,81.54441681815645,82.57649993896484,141700,0.0,0.0
2026-04-20 00:00:00-04:00,82.57650008408942,83.25132337306127,81.87190640419837,82.56657409667969,156000,0.0,0.0
2026-04-21 00:00:00-04:00,82.71543465970751,84.01546645952291,82.44749356676516,82.97345733642578,217000,0.0,0.0
2026-04-22 00:00:00-04:00,83.09254632746567,83.89637717619586,82.29863389494221,82.98338317871094,335900,0.0,0.0
2026-04-23 00:00:00-04:00,74.26030422922476,77.11837541704871,69.16935522517213,71.6404037475586,905600,0.0,0.0
2026-04-24 00:00:00-04:00,72.71217689914259,73.85342322390142,71.08466316639988,72.97019958496094,522200,0.0,0.0
2026-04-27 00:00:00-04:00,72.97019843948227,76.17561105784887,72.97019843948227,75.38169860839844,448300,0.0,0.0
2026-04-28 00:00:00-04:00,76.27484943685349,77.86266678975036,75.51070736709943,77.17791748046875,334000,0.0,0.0
2026-04-29 00:00:00-04:00,76.41377895488986,78.74588627886152,75.77865204720337,78.36878204345703,294300,0.0,0.0
2026-04-30 00:00:00-04:00,77.7634270951762,78.9245177869015,76.65195119864943,77.8031234741211,302400,0.0,0.0
2026-05-01 00:00:00-04:00,79.0634539310796,79.0634539310796,77.05883594186683,77.64434051513672,289700,0.0,0.0
2026-05-04 00:00:00-04:00,77.3664710897712,78.87490320858454,75.88781693373099,76.3840103149414,467400,0.0,0.0
2026-05-05 00:00:00-04:00,76.41377943608589,78.54741245408276,75.83819330633604,78.3390121459961,239700,0.0,0.0
2026-05-06 00:00:00-04:00,78.30923992389249,79.26193026914443,77.93212812362142,77.98175048828125,291900,0.0,0.0
2026-05-07 00:00:00-04:00,77.90235710584226,79.61918945369125,77.49547491857668,78.48786163330078,260000,0.0,0.0
2026-05-08 00:00:00-04:00,78.38862975584888,79.71843198022727,77.88251794859416,79.56957244873047,209100,0.0,0.0
2026-05-11 00:00:00-04:00,79.569568108125,80.37339893452348,76.12598495253613,77.01913452148438,277000,0.0,0.0
2026-05-12 00:00:00-04:00,77.4359355399081,78.39855188202098,77.10844610100806,77.93212890625,211300,0.0,0.0
2026-05-13 00:00:00-04:00,77.66419202969024,78.57718605613499,77.10845028077186,78.14053344726562,357100,0.0,0.0
2026-05-14 00:00:00-04:00,78.63672214253153,79.4604049432132,78.25961791187106,78.4283218383789,240300,0.0,0.0
2026-05-15 00:00:00-04:00,78.43825172342284,78.69627440528072,77.49547974295803,78.19015502929688,279700,0.0,0.0
2026-05-18 00:00:00-04:00,78.1702981112001,80.73065764980545,77.19776337165248,80.37339782714844,265800,0.0,0.0
2026-05-19 00:00:00-04:00,80.8795172396767,81.45510335125746,79.28177402347033,79.43063354492188,272900,0.0,0.0
2026-05-20 00:00:00-04:00,79.43063432763337,79.66880502151692,78.11075816709858,79.38101196289062,232800,0.0,0.0
2026-05-21 00:00:00-04:00,78.55734051174734,79.24208223598869,75.44123908182401,78.20999908447266,269700,0.0,0.0
2026-05-22 00:00:00-04:00,78.0999984741211,78.75,77.76000213623047,78.5,163600,0.6,0.0
2026-05-26 00:00:00-04:00,78.01000213623047,78.80000305175781,76.97000122070312,77.83000183105469,177600,0.0,0.0
2026-05-27 00:00:00-04:00,77.5199966430664,78.76000213623047,76.1500015258789,77.29000091552734,409100,0.0,0.0
2026-05-28 00:00:00-04:00,77.3499984741211,78.5,76.56999969482422,77.19999694824219,196000,0.0,0.0
2026-05-29 00:00:00-04:00,77.19999694824219,77.94000244140625,76.4800033569336,76.75,243400,0.0,0.0
2026-06-01 00:00:00-04:00,76.77999877929688,79.4000015258789,76.04000091552734,79.38999938964844,254000,0.0,0.0
2026-06-02 00:00:00-04:00,78.94000244140625,80.0,78.05000305175781,79.16000366210938,190500,0.0,0.0
2026-06-03 00:00:00-04:00,78.26000213623047,79.13999938964844,77.62999725341797,79.05000305175781,176500,0.0,0.0
2026-06-04 00:00:00-04:00,79.97000122070312,82.1500015258789,79.91000366210938,80.54000091552734,223200,0.0,0.0
2026-06-05 00:00:00-04:00,81.12999725341797,82.51000213623047,81.12999725341797,81.58000183105469,187300,0.0,0.0
2026-06-08 00:00:00-04:00,80.86000061035156,82.38999938964844,80.76000213623047,80.83999633789062,139800,0.0,0.0
2026-06-09 00:00:00-04:00,80.73999786376953,82.1500015258789,79.72000122070312,80.51000213623047,290200,0.0,0.0
2026-06-10 00:00:00-04:00,80.94999694824219,82.9000015258789,79.80000305175781,81.5199966430664,211300,0.0,0.0
2026-06-11 00:00:00-04:00,81.51000213623047,81.69000244140625,79.77999877929688,79.8499984741211,227500,0.0,0.0
2026-06-12 00:00:00-04:00,79.83999633789062,80.04000091552734,77.33999633789062,77.41000366210938,257000,0.0,0.0
2026-06-15 00:00:00-04:00,76.87999725341797,77.37999725341797,73.0199966430664,74.02999877929688,377200,0.0,0.0
2026-06-16 00:00:00-04:00,74.51000213623047,75.80000305175781,74.4000015258789,75.2699966430664,297500,0.0,0.0
2026-06-17 00:00:00-04:00,74.91000366210938,75.7699966430664,74.43000030517578,75.16999816894531,216700,0.0,0.0
2026-06-18 00:00:00-04:00,75.19000244140625,75.58999633789062,74.12999725341797,75.33000183105469,540500,0.0,0.0
2026-06-22 00:00:00-04:00,75.20999908447266,76.91999816894531,74.79000091552734,76.44999694824219,354100,0.0,0.0
2026-06-23 00:00:00-04:00,77.2300033569336,77.98999786376953,76.23999786376953,77.13999938964844,439000,0.0,0.0
2026-06-24 00:00:00-04:00,77.13999938964844,78.01000213623047,76.30999755859375,76.91000366210938,222800,0.0,0.0
2026-06-25 00:00:00-04:00,77.06999969482422,78.37999725341797,76.2300033569336,76.61000061035156,156000,0.0,0.0
2026-06-26 00:00:00-04:00,76.9800033569336,79.66000366210938,76.80000305175781,78.8499984741211,669000,0.0,0.0
2026-06-29 00:00:00-04:00,78.48999786376953,79.0,76.9800033569336,77.0999984741211,342700,0.0,0.0
2026-06-30 00:00:00-04:00,76.98999786376953,77.58000183105469,76.4800033569336,76.62000274658203,217100,0.0,0.0
2026-07-01 00:00:00-04:00,77.31999969482422,80.0,76.58999633789062,79.19000244140625,215800,0.0,0.0
2026-07-02 00:00:00-04:00,79.5999984741211,81.3499984741211,79.0,80.9800033569336,187800,0.0,0.0
2026-07-06 00:00:00-04:00,80.2300033569336,82.88999938964844,79.93000030517578,82.25,223400,0.0,0.0
2026-07-07 00:00:00-04:00,83.4800033569336,84.37000274658203,82.5999984741211,83.94000244140625,358400,0.0,0.0
2026-07-08 00:00:00-04:00,83.87000274658203,84.25,82.66999816894531,82.77999877929688,200300,0.0,0.0
2026-07-09 00:00:00-04:00,82.05999755859375,83.86000061035156,81.98999786376953,83.4800033569336,269900,0.0,0.0
