Date,Open,High,Low,Close,Volume,Dividends,Stock Splits
2025-02-21 00:00:00-05:00,217.5,219.0,165.0,190.5,7922,0.0,0.0
2025-02-24 00:00:00-05:00,175.0,192.5,151.5,151.5,2420,0.0,0.0
2025-02-25 00:00:00-05:00,153.0,165.0,116.0,136.5,3080,0.0,0.0
2025-02-26 00:00:00-05:00,140.75,147.5,117.5,138.0,2150,0.0,0.0
2025-02-27 00:00:00-05:00,135.0,153.5,125.5,148.5,2936,0.0,0.0
2025-02-28 00:00:00-05:00,143.0,150.25,135.0,135.0,862,0.0,0.0
2025-03-03 00:00:00-05:00,140.0,152.5,129.0,135.0,2338,0.0,0.0
2025-03-04 00:00:00-05:00,136.5,144.0,125.5,139.0,2084,0.0,0.0
2025-03-05 00:00:00-05:00,128.5,148.5,128.5,145.0,1174,0.0,0.0
2025-03-06 00:00:00-05:00,140.14999389648438,149.0,135.0,145.0,430,0.0,0.0
2025-03-07 00:00:00-05:00,135.5,149.35000610351562,131.5,143.5,1046,0.0,0.0
2025-03-10 00:00:00-04:00,140.0,147.1999969482422,133.0,133.0,224,0.0,0.0
2025-03-11 00:00:00-04:00,135.0,138.8000030517578,120.0,127.0,1058,0.0,0.0
2025-03-12 00:00:00-04:00,120.0,149.0,120.0,144.5,2658,0.0,0.0
2025-03-13 00:00:00-04:00,137.0,150.0,125.0,133.5,3048,0.0,0.0
2025-03-14 00:00:00-04:00,137.5,148.0,137.0,145.0,1782,0.0,0.0
2025-03-17 00:00:00-04:00,140.5,181.5,140.0,174.5,1708,0.0,0.0
2025-03-18 00:00:00-04:00,175.0,210.5,159.5,200.0,1058,0.0,0.0
2025-03-19 00:00:00-04:00,197.5,208.5,172.5,199.0,1236,0.0,0.0
2025-03-20 00:00:00-04:00,208.5,237.5,182.0,236.75,17144,0.0,0.0
2025-03-21 00:00:00-04:00,258.0,284.5,207.5,248.0,19316,0.0,0.0
2025-03-24 00:00:00-04:00,267.0,267.0,195.5,197.5,8296,0.0,0.0
2025-03-25 00:00:00-04:00,186.5,217.5,186.5,209.5,2564,0.0,0.0
2025-03-26 00:00:00-04:00,203.5,225.0,194.0,197.5,2098,0.0,0.0
2025-03-27 00:00:00-04:00,200.0,215.5500030517578,188.5500030517578,193.5,2398,0.0,0.0
2025-03-28 00:00:00-04:00,181.5,204.5500030517578,176.1999969482422,191.0,1990,0.0,0.0
2025-03-31 00:00:00-04:00,186.0,224.0,177.5,216.0,3070,0.0,0.0
2025-04-01 00:00:00-04:00,223.0,228.5,200.0,228.5,2142,0.0,0.0
2025-04-02 00:00:00-04:00,230.5,240.0,205.0,228.0,1672,0.0,0.0
2025-04-03 00:00:00-04:00,217.5,228.5,210.0,225.5,658,0.0,0.0
2025-04-04 00:00:00-04:00,219.5,227.5,205.5,205.5,1096,0.0,0.0
2025-04-07 00:00:00-04:00,200.0,224.6999969482422,194.0,197.0,2098,0.0,0.0
2025-04-08 00:00:00-04:00,209.5,226.5,184.0,191.0,2300,0.0,0.0
2025-04-09 00:00:00-04:00,210.5,218.0,184.0,215.0,7326,0.0,0.0
2025-04-10 00:00:00-04:00,231.5,235.0,184.0,195.5,6978,0.0,0.0
2025-04-11 00:00:00-04:00,196.0,200.0,137.5,144.5,8094,0.0,0.0
2025-04-14 00:00:00-04:00,150.5,207.0,149.5,191.5,8960,0.0,0.0
2025-04-15 00:00:00-04:00,183.5,198.0,180.5,197.0,948,0.0,0.0
2025-04-16 00:00:00-04:00,190.5,210.0,178.0,183.5,2882,0.0,0.0
2025-04-17 00:00:00-04:00,181.0,197.5,154.5,164.5,2982,0.0,0.0
2025-04-21 00:00:00-04:00,163.75,172.5,153.5,155.0,1030,0.0,0.0
2025-04-22 00:00:00-04:00,157.5,176.25,157.5,174.75,1276,0.0,0.0
2025-04-23 00:00:00-04:00,177.5,210.0,176.1999969482422,208.5,2878,0.0,0.0
2025-04-24 00:00:00-04:00,209.0,213.5,193.5,213.5,848,0.0,0.0
2025-04-25 00:00:00-04:00,200.5,211.5,192.0,197.5,986,0.0,0.0
2025-04-28 00:00:00-04:00,200.5,217.60000610351562,181.5,197.0,650,0.0,0.0
2025-04-29 00:00:00-04:00,192.5,201.0,182.5,201.0,1368,0.0,0.0
2025-04-30 00:00:00-04:00,200.0,220.0,162.75,217.0,2152,0.0,0.0
2025-05-01 00:00:00-04:00,212.5,224.0,203.0,215.0,1252,0.0,0.0
2025-05-02 00:00:00-04:00,213.0,229.0,203.0,223.0,1206,0.0,0.0
2025-05-05 00:00:00-04:00,221.5,231.75,215.5,228.5,446,0.0,0.0
2025-05-06 00:00:00-04:00,228.5,228.5,216.8000030517578,227.0,312,0.0,0.0
2025-05-07 00:00:00-04:00,218.5,231.14999389648438,206.0,216.0,482,0.0,0.0
2025-05-08 00:00:00-04:00,330.0,352.0,142.0,150.0,251712,0.0,0.0
2025-05-09 00:00:00-04:00,141.0,142.5,115.0,135.5,13826,0.0,0.0
2025-05-12 00:00:00-04:00,142.0,146.5,122.80000305175781,128.0,8302,0.0,0.0
2025-05-13 00:00:00-04:00,128.5,133.25,104.0,105.0,6338,0.0,0.0
2025-05-14 00:00:00-04:00,106.0,107.4000015258789,70.5,89.5,6880,0.0,0.0
2025-05-15 00:00:00-04:00,93.5,130.0,93.5,116.5,21636,0.0,0.0
2025-05-16 00:00:00-04:00,119.5,121.5,110.5,118.0,3042,0.0,0.0
2025-05-19 00:00:00-04:00,115.0,137.5,114.5999984741211,134.0,3292,0.0,0.0
2025-05-20 00:00:00-04:00,150.0,150.0,130.0,133.0,3764,0.0,0.0
2025-05-21 00:00:00-04:00,131.0,133.0,109.5,113.0,3870,0.0,0.0
2025-05-22 00:00:00-04:00,115.5,125.0,115.0,124.0,1184,0.0,0.0
2025-05-23 00:00:00-04:00,123.5,125.0,112.5,118.0,1520,0.0,0.0
2025-05-27 00:00:00-04:00,120.0,125.0,117.5,125.0,2364,0.0,0.0
2025-05-28 00:00:00-04:00,127.5,127.5,114.5,116.0,864,0.0,0.0
2025-05-29 00:00:00-04:00,121.0,128.0,116.0,116.5,872,0.0,0.0
2025-05-30 00:00:00-04:00,117.0,118.5,100.0,100.5,2396,0.0,0.0
2025-06-02 00:00:00-04:00,102.5,102.5,88.5,94.0,2130,0.0,0.0
2025-06-03 00:00:00-04:00,96.0,100.5,92.5,93.5,1832,0.0,0.0
2025-06-04 00:00:00-04:00,96.5,103.5999984741211,96.0,98.0,1714,0.0,0.0
2025-06-05 00:00:00-04:00,101.0,104.75,85.5,87.0,2998,0.0,0.0
2025-06-06 00:00:00-04:00,89.0,95.0,71.0,84.5,3306,0.0,0.0
2025-06-09 00:00:00-04:00,85.0,91.0,85.0,88.0,1312,0.0,0.0
2025-06-10 00:00:00-04:00,86.5,86.75,71.0,71.0,5500,0.0,0.0
2025-06-11 00:00:00-04:00,70.0,78.0,70.0,71.0,4886,0.0,0.0
2025-06-12 00:00:00-04:00,71.0,75.0,67.5,70.5,1796,0.0,0.0
2025-06-13 00:00:00-04:00,74.0,74.0,65.0,66.5,2724,0.0,0.0
2025-06-16 00:00:00-04:00,66.5,72.5,66.5,69.0,1274,0.0,0.0
2025-06-17 00:00:00-04:00,70.0,70.69999694824219,64.0,65.5,850,0.0,0.0
2025-06-18 00:00:00-04:00,66.5,69.0,58.5,61.0,3038,0.0,0.0
2025-06-20 00:00:00-04:00,61.5,64.19999694824219,60.0,60.5,1406,0.0,0.0
2025-06-23 00:00:00-04:00,60.0,62.0,51.5,53.5,2646,0.0,0.0
2025-06-24 00:00:00-04:00,53.5,55.0,48.599998474121094,50.5,3262,0.0,0.0
2025-06-25 00:00:00-04:00,50.0,51.25,45.0,46.0,3452,0.0,0.0
2025-06-26 00:00:00-04:00,46.54999923706055,59.5,46.5,55.5,5818,0.0,0.0
2025-06-27 00:00:00-04:00,60.0,63.0,50.5,50.5,27936,0.0,0.0
2025-06-30 00:00:00-04:00,52.5,54.0,48.0,48.45000076293945,5770,0.0,0.0
2025-07-01 00:00:00-04:00,47.0,48.0,43.45000076293945,45.0,5682,0.0,0.0
2025-07-02 00:00:00-04:00,46.5,49.95000076293945,45.0,45.650001525878906,5180,0.0,0.0
2025-07-03 00:00:00-04:00,46.0,48.75,44.0,45.5,1708,0.0,0.0
2025-07-07 00:00:00-04:00,47.400001525878906,47.650001525878906,46.0,47.0,2494,0.0,0.0
2025-07-08 00:00:00-04:00,46.95000076293945,47.25,41.0,44.20000076293945,4700,0.0,0.0
2025-07-09 00:00:00-04:00,45.5,45.75,42.0,43.04999923706055,3022,0.0,0.0
2025-07-10 00:00:00-04:00,44.70000076293945,50.5,42.5,50.0,8296,0.0,0.0
2025-07-11 00:00:00-04:00,50.5,51.5,43.0,45.599998474121094,6422,0.0,0.0
2025-07-14 00:00:00-04:00,45.599998474121094,48.95000076293945,42.599998474121094,43.04999923706055,4406,0.0,0.0
2025-07-15 00:00:00-04:00,43.0,44.54999923706055,37.54999923706055,40.45000076293945,4498,0.0,0.0
2025-07-16 00:00:00-04:00,40.0,42.5,39.099998474121094,42.5,1836,0.0,0.0
2025-07-17 00:00:00-04:00,43.45000076293945,49.0,42.5,46.0,6348,0.0,0.0
2025-07-18 00:00:00-04:00,50.0,87.0,46.900001525878906,50.5,657306,0.0,0.0
2025-07-21 00:00:00-04:00,55.5,63.5,51.0,59.0,92494,0.0,0.0
2025-07-22 00:00:00-04:00,57.0,58.0,50.0,51.5,23496,0.0,0.0
2025-07-23 00:00:00-04:00,53.0,57.0,51.5,53.0,11614,0.0,0.0
2025-07-24 00:00:00-04:00,53.5,53.5,45.5,47.5,15678,0.0,0.0
2025-07-25 00:00:00-04:00,45.5,47.25,44.5,47.0,10876,0.0,0.0
2025-07-28 00:00:00-04:00,49.599998474121094,52.5,47.5,49.5,36780,0.0,0.0
2025-07-29 00:00:00-04:00,46.5,48.75,42.5,43.95000076293945,10978,0.0,0.0
2025-07-30 00:00:00-04:00,45.5,47.0,43.0,45.29999923706055,3972,0.0,0.0
2025-07-31 00:00:00-04:00,44.5,45.5,41.79999923706055,43.400001525878906,4834,0.0,0.0
2025-08-01 00:00:00-04:00,43.5,43.5,38.5,42.0,5970,0.0,0.0
2025-08-04 00:00:00-04:00,42.0,44.0,38.29999923706055,41.099998474121094,4086,0.0,0.0
2025-08-05 00:00:00-04:00,42.0,43.75,39.400001525878906,40.54999923706055,6370,0.0,0.0
2025-08-06 00:00:00-04:00,40.0,42.0,40.0,40.5,3232,0.0,0.0
2025-08-07 00:00:00-04:00,40.54999923706055,40.900001525878906,35.25,37.95000076293945,9688,0.0,0.0
2025-08-08 00:00:00-04:00,40.0,40.20000076293945,38.900001525878906,40.0,5246,0.0,0.0
2025-08-11 00:00:00-04:00,40.0,40.5,35.650001525878906,36.900001525878906,10796,0.0,0.0
2025-08-12 00:00:00-04:00,35.25,37.04999923706055,35.0,35.349998474121094,5284,0.0,0.0
2025-08-13 00:00:00-04:00,36.150001525878906,37.5,33.5,34.95000076293945,5002,0.0,0.0
2025-08-14 00:00:00-04:00,34.0,35.0,32.5,33.400001525878906,5116,0.0,0.0
2025-08-15 00:00:00-04:00,32.599998474121094,33.75,30.75,31.049999237060547,3256,0.0,0.0
2025-08-18 00:00:00-04:00,36.650001525878906,55.0,34.099998474121094,37.5,1804358,0.0,0.0
2025-08-19 00:00:00-04:00,36.70000076293945,44.400001525878906,36.70000076293945,43.5,89238,0.0,0.0
2025-08-20 00:00:00-04:00,42.5,45.5,39.5,41.04999923706055,21238,0.0,0.0
2025-08-21 00:00:00-04:00,42.0,49.5,37.54999923706055,37.849998474121094,57910,0.0,0.0
2025-08-22 00:00:00-04:00,39.0,47.349998474121094,39.0,47.25,40312,0.0,0.0
2025-08-25 00:00:00-04:00,45.849998474121094,89.5,43.5,82.0,495750,0.0,0.0
2025-08-26 00:00:00-04:00,76.5,97.5,76.5,86.5,97260,0.0,0.0
2025-08-27 00:00:00-04:00,85.5,94.5,75.0,77.5,35578,0.0,0.0
2025-08-28 00:00:00-04:00,75.0,81.0,63.25,67.0,46662,0.0,0.0
2025-08-29 00:00:00-04:00,64.5,68.94999694824219,55.5,61.5,18200,0.0,0.0
2025-09-02 00:00:00-04:00,60.5,75.5,59.5,70.0,32074,0.0,0.0
2025-09-03 00:00:00-04:00,71.5,77.5,67.0,73.5,35592,0.0,0.0
2025-09-04 00:00:00-04:00,73.0,73.5,63.5,68.5,12286,0.0,0.0
2025-09-05 00:00:00-04:00,68.0,71.0,59.0,66.0,15650,0.0,0.0
2025-09-08 00:00:00-04:00,68.0,80.0,68.0,79.5,31866,0.0,0.0
2025-09-09 00:00:00-04:00,82.5,84.5,73.5,83.5,29662,0.0,0.0
2025-09-10 00:00:00-04:00,86.0,86.0,69.0,70.5,22420,0.0,0.0
2025-09-11 00:00:00-04:00,72.0,81.25,70.5,76.5,18294,0.0,0.0
2025-09-12 00:00:00-04:00,78.0,80.44999694824219,71.75,75.0,16540,0.0,0.0
2025-09-15 00:00:00-04:00,71.5,75.0,65.75,68.5,12442,0.0,0.0
2025-09-16 00:00:00-04:00,68.0,73.0,68.0,68.5,6350,0.0,0.0
2025-09-17 00:00:00-04:00,66.5,74.0,66.5,70.0,12758,0.0,0.0
2025-09-18 00:00:00-04:00,69.5,72.5,69.0,69.0,7280,0.0,0.0
2025-09-19 00:00:00-04:00,68.5,75.0,68.25,68.5,32260,0.0,0.0
2025-09-22 00:00:00-04:00,66.5,67.44999694824219,55.5,55.5,18028,0.0,0.0
2025-09-23 00:00:00-04:00,56.5,57.20000076293945,51.0,51.0,14418,0.0,0.0
2025-09-24 00:00:00-04:00,55.5,56.0,48.0,49.150001525878906,40890,0.0,0.0
2025-09-25 00:00:00-04:00,47.5,54.0,45.54999923706055,50.5,29842,0.0,0.0
2025-09-26 00:00:00-04:00,37.5,49.5,36.95000076293945,48.5,72498,0.0,0.0
2025-09-29 00:00:00-04:00,50.0,51.5,44.04999923706055,47.0,19006,0.0,0.0
2025-09-30 00:00:00-04:00,46.849998474121094,47.900001525878906,43.25,44.349998474121094,18602,0.0,0.0
2025-10-01 00:00:00-04:00,44.04999923706055,47.0,41.5,42.20000076293945,27120,0.0,0.0
2025-10-02 00:00:00-04:00,41.0,43.5,39.0,40.04999923706055,19326,0.0,0.0
2025-10-03 00:00:00-04:00,39.849998474121094,41.349998474121094,32.0,33.900001525878906,60292,0.0,0.0
2025-10-06 00:00:00-04:00,35.0,37.95000076293945,33.79999923706055,35.79999923706055,20608,0.0,0.0
2025-10-07 00:00:00-04:00,35.79999923706055,36.25,34.0,35.75,11598,0.0,0.0
2025-10-08 00:00:00-04:00,35.04999923706055,36.099998474121094,34.099998474121094,35.400001525878906,11254,0.0,0.0
2025-10-09 00:00:00-04:00,34.5,36.0,34.20000076293945,35.400001525878906,9140,0.0,0.0
2025-10-10 00:00:00-04:00,35.45000076293945,35.45000076293945,32.45000076293945,32.95000076293945,13706,0.0,0.0
2025-10-13 00:00:00-04:00,33.150001525878906,33.150001525878906,28.5,29.950000762939453,22282,0.0,0.0
2025-10-14 00:00:00-04:00,31.600000381469727,33.5,29.950000762939453,31.200000762939453,17346,0.0,0.0
2025-10-15 00:00:00-04:00,31.5,31.649999618530273,27.700000762939453,29.049999237060547,20250,0.0,0.0
2025-10-16 00:00:00-04:00,30.0,31.0,25.0,25.549999237060547,18592,0.0,0.0
2025-10-17 00:00:00-04:00,25.549999237060547,26.100000381469727,23.350000381469727,24.0,13282,0.0,0.0
2025-10-20 00:00:00-04:00,25.200000762939453,26.399999618530273,20.600000381469727,21.5,22158,0.0,0.0
2025-10-21 00:00:00-04:00,21.5,21.5,17.600000381469727,17.950000762939453,34098,0.0,0.0
2025-10-22 00:00:00-04:00,21.450000762939453,22.049999237060547,18.0,18.5,79524,0.0,0.0
2025-10-23 00:00:00-04:00,18.75,21.0,16.799999237060547,20.149999618530273,887704,0.0,0.0
2025-10-24 00:00:00-04:00,44.349998474121094,73.0,43.650001525878906,57.5,14493198,0.0,0.0
2025-10-27 00:00:00-04:00,45.75,46.5,39.45000076293945,41.0,558480,0.0,0.0
2025-10-28 00:00:00-04:00,37.04999923706055,39.5,31.0,32.5,250432,0.0,0.0
2025-10-29 00:00:00-04:00,31.5,31.850000381469727,30.0,31.200000762939453,81278,0.0,0.0
2025-10-30 00:00:00-04:00,28.299999237060547,40.849998474121094,27.5,39.29999923706055,304224,0.0,0.0
2025-10-31 00:00:00-04:00,35.0,38.5,33.5,34.95000076293945,88814,0.0,0.0
2025-11-03 00:00:00-05:00,33.25,35.70000076293945,33.0,33.400001525878906,31392,0.0,0.0
2025-11-04 00:00:00-05:00,32.45000076293945,33.900001525878906,30.600000381469727,31.899999618530273,40710,0.0,0.0
2025-11-05 00:00:00-05:00,30.75,34.45000076293945,30.75,32.849998474121094,19300,0.0,0.0
2025-11-06 00:00:00-05:00,33.45000076293945,35.400001525878906,32.599998474121094,34.5,25894,0.0,0.0
2025-11-07 00:00:00-05:00,31.25,33.349998474121094,31.149999618530273,31.950000762939453,20784,0.0,0.0
2025-11-10 00:00:00-05:00,30.5,31.5,28.75,29.5,30502,0.0,0.0
2025-11-11 00:00:00-05:00,28.75,32.0,28.399999618530273,29.549999237060547,21992,0.0,0.0
2025-11-12 00:00:00-05:00,29.299999237060547,30.200000762939453,28.049999237060547,28.549999237060547,33120,0.0,0.0
2025-11-13 00:00:00-05:00,27.299999237060547,28.799999237060547,27.0,27.5,26708,0.0,0.0
2025-11-14 00:00:00-05:00,26.5,34.5,26.5,32.29999923706055,54570,0.0,0.0
2025-11-17 00:00:00-05:00,35.0,35.5,29.25,29.25,34920,0.0,0.0
2025-11-18 00:00:00-05:00,27.450000762939453,30.0,27.450000762939453,28.649999618530273,20072,0.0,0.0
2025-11-19 00:00:00-05:00,29.350000381469727,30.0,27.75,28.950000762939453,15154,0.0,0.0
2025-11-20 00:00:00-05:00,27.5,28.950000762939453,23.5,24.450000762939453,39852,0.0,0.0
2025-11-21 00:00:00-05:00,24.5,25.5,22.0,25.0,28718,0.0,0.0
2025-11-24 00:00:00-05:00,25.899999618530273,26.899999618530273,24.850000381469727,25.549999237060547,11742,0.0,0.0
2025-11-25 00:00:00-05:00,25.450000762939453,28.299999237060547,25.450000762939453,27.5,8646,0.0,0.0
2025-11-26 00:00:00-05:00,30.0,33.150001525878906,28.850000381469727,31.600000381469727,65402,0.0,0.0
2025-11-28 00:00:00-05:00,30.799999237060547,31.5,29.75,30.0,11094,0.0,0.0
2025-12-01 00:00:00-05:00,28.25,29.850000381469727,27.700000762939453,27.950000762939453,13426,0.0,0.0
2025-12-02 00:00:00-05:00,28.25,29.850000381469727,27.950000762939453,28.0,8034,0.0,0.0
2025-12-03 00:00:00-05:00,28.299999237060547,28.850000381469727,26.200000762939453,28.399999618530273,16666,0.0,0.0
2025-12-04 00:00:00-05:00,28.399999618530273,31.0,26.5,30.5,13726,0.0,0.0
2025-12-05 00:00:00-05:00,30.25,30.549999237060547,27.100000381469727,28.350000381469727,14602,0.0,0.0
2025-12-08 00:00:00-05:00,29.299999237060547,32.25,28.75,30.5,20416,0.0,0.0
2025-12-09 00:00:00-05:00,30.450000762939453,30.75,29.0,30.100000381469727,6018,0.0,0.0
2025-12-10 00:00:00-05:00,30.450000762939453,31.899999618530273,29.299999237060547,30.600000381469727,10494,0.0,0.0
2025-12-11 00:00:00-05:00,30.0,31.5,29.5,31.0,3624,0.0,0.0
2025-12-12 00:00:00-05:00,31.25,31.25,28.25,28.649999618530273,5362,0.0,0.0
2025-12-15 00:00:00-05:00,28.5,29.899999618530273,27.049999237060547,29.0,8682,0.0,0.0
2025-12-16 00:00:00-05:00,28.0,28.75,26.0,27.0,8500,0.0,0.0
2025-12-17 00:00:00-05:00,25.549999237060547,27.399999618530273,25.049999237060547,25.100000381469727,4960,0.0,0.0
2025-12-18 00:00:00-05:00,25.149999618530273,26.0,23.5,23.950000762939453,7402,0.0,0.0
2025-12-19 00:00:00-05:00,24.149999618530273,24.850000381469727,22.5,24.299999237060547,14028,0.0,0.0
2025-12-22 00:00:00-05:00,23.850000381469727,24.75,23.25,23.350000381469727,8396,0.0,0.0
2025-12-23 00:00:00-05:00,22.5,23.100000381469727,21.0,21.399999618530273,8710,0.0,0.0
2025-12-24 00:00:00-05:00,21.0,22.350000381469727,21.0,21.700000762939453,2636,0.0,0.0
2025-12-26 00:00:00-05:00,22.0,22.0,20.049999237060547,20.25,7380,0.0,0.0
2025-12-29 00:00:00-05:00,20.0,20.350000381469727,18.899999618530273,19.0,8382,0.0,0.0
2025-12-30 00:00:00-05:00,18.549999237060547,19.049999237060547,17.5,18.399999618530273,11558,0.0,0.0
2025-12-31 00:00:00-05:00,17.600000381469727,20.899999618530273,17.549999237060547,20.0,15730,0.0,0.0
2026-01-02 00:00:00-05:00,20.0,21.700000762939453,19.5,21.700000762939453,4680,0.0,0.0
2026-01-05 00:00:00-05:00,22.0,22.5,20.549999237060547,20.75,5228,0.0,0.0
2026-01-06 00:00:00-05:00,21.0,21.75,21.0,21.0,3412,0.0,0.0
2026-01-07 00:00:00-05:00,21.399999618530273,22.149999618530273,20.149999618530273,20.25,8480,0.0,0.0
2026-01-08 00:00:00-05:00,20.850000381469727,22.100000381469727,20.100000381469727,20.149999618530273,10344,0.0,0.0
2026-01-09 00:00:00-05:00,21.100000381469727,21.100000381469727,19.649999618530273,19.649999618530273,9176,0.0,0.0
2026-01-12 00:00:00-05:00,21.0,21.850000381469727,20.5,21.700000762939453,11380,0.0,0.0
2026-01-13 00:00:00-05:00,21.950000762939453,21.950000762939453,20.5,21.0,6022,0.0,0.0
2026-01-14 00:00:00-05:00,22.5,22.5,20.5,20.899999618530273,3092,0.0,0.0
2026-01-15 00:00:00-05:00,21.350000381469727,21.5,20.0,20.399999618530273,4334,0.0,0.0
2026-01-16 00:00:00-05:00,19.799999237060547,20.350000381469727,19.649999618530273,20.299999237060547,5914,0.0,0.0
2026-01-20 00:00:00-05:00,19.549999237060547,20.0,19.5,19.5,4460,0.0,0.0
2026-01-21 00:00:00-05:00,19.5,20.0,19.5,19.850000381469727,4690,0.0,0.0
2026-01-22 00:00:00-05:00,19.600000381469727,20.950000762939453,19.350000381469727,20.350000381469727,6276,0.0,0.0
2026-01-23 00:00:00-05:00,19.899999618530273,21.25,19.899999618530273,20.100000381469727,2916,0.0,0.0
2026-01-26 00:00:00-05:00,19.549999237060547,19.850000381469727,18.350000381469727,19.25,8364,0.0,0.0
2026-01-27 00:00:00-05:00,19.25,19.899999618530273,19.25,19.649999618530273,7482,0.0,0.0
2026-01-28 00:00:00-05:00,19.450000762939453,19.5,18.799999237060547,18.850000381469727,4588,0.0,0.0
2026-01-29 00:00:00-05:00,18.149999618530273,18.600000381469727,16.100000381469727,16.75,14240,0.0,0.0
2026-01-30 00:00:00-05:00,16.75,17.950000762939453,16.75,17.950000762939453,5692,0.0,0.0
2026-02-02 00:00:00-05:00,18.399999618530273,18.399999618530273,16.149999618530273,16.700000762939453,12158,0.0,0.0
2026-02-03 00:00:00-05:00,17.0,18.200000762939453,16.25,18.100000381469727,7908,0.0,0.0
2026-02-04 00:00:00-05:00,18.149999618530273,18.149999618530273,16.25,16.75,5412,0.0,0.0
2026-02-05 00:00:00-05:00,16.549999237060547,17.149999618530273,15.899999618530273,15.949999809265137,6574,0.0,0.0
2026-02-06 00:00:00-05:00,17.350000381469727,17.350000381469727,15.0,15.600000381469727,9468,0.0,0.0
2026-02-09 00:00:00-05:00,15.75,15.899999618530273,14.300000190734863,15.350000381469727,7694,0.0,0.0
2026-02-10 00:00:00-05:00,15.449999809265137,15.5,14.050000190734863,15.100000381469727,9576,0.0,0.0
2026-02-11 00:00:00-05:00,15.100000381469727,15.949999809265137,13.5,15.699999809265137,20954,0.0,0.0
2026-02-12 00:00:00-05:00,15.5,15.5,13.800000190734863,14.050000190734863,13992,0.0,0.0
2026-02-13 00:00:00-05:00,14.649999618530273,14.649999618530273,13.899999618530273,13.949999809265137,8260,0.0,0.0
2026-02-17 00:00:00-05:00,13.800000190734863,13.850000381469727,12.5,12.899999618530273,6244,0.0,0.0
2026-02-18 00:00:00-05:00,14.100000381469727,14.5,12.5,12.899999618530273,280946,0.0,0.0
2026-02-19 00:00:00-05:00,13.25,13.25,12.5,12.800000190734863,19398,0.0,0.0
2026-02-20 00:00:00-05:00,12.5,12.649999618530273,10.5,11.399999618530273,28716,0.0,0.0
2026-02-23 00:00:00-05:00,12.5,13.25,11.800000190734863,12.5,44970,0.0,0.0
2026-02-24 00:00:00-05:00,12.300000190734863,12.300000190734863,11.25,12.149999618530273,21384,0.0,0.0
2026-02-25 00:00:00-05:00,12.149999618530273,12.449999809265137,11.800000190734863,12.100000381469727,21166,0.0,0.0
2026-02-26 00:00:00-05:00,12.100000381469727,12.25,11.550000190734863,11.75,9108,0.0,0.0
2026-02-27 00:00:00-05:00,11.699999809265137,12.0,11.399999618530273,11.949999809265137,8008,0.0,0.0
2026-03-02 00:00:00-05:00,11.649999618530273,12.0,11.25,11.649999618530273,12500,0.0,0.0
2026-03-03 00:00:00-05:00,11.600000381469727,11.600000381469727,10.850000381469727,10.949999809265137,20446,0.0,0.0
2026-03-04 00:00:00-05:00,11.0,11.350000381469727,10.350000381469727,10.649999618530273,15230,0.0,0.0
2026-03-05 00:00:00-05:00,10.949999809265137,10.949999809265137,9.350000381469727,9.649999618530273,37296,0.0,0.0
2026-03-06 00:00:00-05:00,9.350000381469727,9.399999618530273,7.849999904632568,8.25,61046,0.0,0.0
2026-03-09 00:00:00-04:00,9.050000190734863,9.100000381469727,8.399999618530273,8.75,50324,0.0,0.0
2026-03-10 00:00:00-04:00,9.0,9.649999618530273,8.300000190734863,9.100000381469727,44862,0.0,0.0
2026-03-11 00:00:00-04:00,9.899999618530273,10.5,9.300000190734863,9.600000381469727,68356,0.0,0.0
2026-03-12 00:00:00-04:00,10.050000190734863,10.5,8.199999809265137,8.300000190734863,1229442,0.0,0.0
2026-03-13 00:00:00-04:00,8.350000381469727,8.699999809265137,8.0,8.149999618530273,113492,0.0,0.0
2026-03-16 00:00:00-04:00,8.300000190734863,8.399999618530273,7.75,8.300000190734863,65028,0.0,0.0
2026-03-17 00:00:00-04:00,8.0,8.050000190734863,7.300000190734863,7.800000190734863,83672,0.0,0.0
2026-03-18 00:00:00-04:00,7.5,7.599999904632568,6.449999809265137,6.699999809265137,58648,0.0,0.0
2026-03-19 00:00:00-04:00,6.599999904632568,6.599999904632568,5.5,6.0,84100,0.0,0.0
2026-03-20 00:00:00-04:00,6.150000095367432,6.849999904632568,5.400000095367432,6.849999904632568,67506,0.0,0.0
2026-03-23 00:00:00-04:00,6.449999809265137,6.5,5.75,6.300000190734863,315354,0.0,0.0
2026-03-24 00:00:00-04:00,6.199999809265137,6.449999809265137,5.800000190734863,5.800000190734863,53218,0.0,0.0
2026-03-25 00:00:00-04:00,5.800000190734863,6.25,5.599999904632568,6.25,26152,0.0,0.0
2026-03-26 00:00:00-04:00,6.099999904632568,6.150000095367432,5.5,5.550000190734863,22726,0.0,0.0
2026-03-27 00:00:00-04:00,5.650000095367432,5.650000095367432,5.0,5.050000190734863,28818,0.0,0.0
2026-03-30 00:00:00-04:00,5.150000095367432,5.449999809265137,4.949999809265137,5.0,24068,0.0,0.0
2026-03-31 00:00:00-04:00,5.050000190734863,5.75,4.800000190734863,4.800000190734863,72534,0.0,0.0
2026-04-01 00:00:00-04:00,4.800000190734863,5.5,4.75,5.349999904632568,24382,0.0,0.0
2026-04-02 00:00:00-04:00,5.349999904632568,5.599999904632568,5.0,5.099999904632568,22520,0.0,0.0
2026-04-06 00:00:00-04:00,5.050000190734863,5.449999809265137,5.050000190734863,5.150000095367432,19488,0.0,0.0
2026-04-07 00:00:00-04:00,5.199999809265137,6.599999904632568,5.199999809265137,6.349999904632568,259530,0.0,0.0
2026-04-08 00:00:00-04:00,5.949999809265137,6.75,5.650000095367432,6.300000190734863,1046584,0.0,0.0
2026-04-09 00:00:00-04:00,6.0,6.150000095367432,4.800000190734863,5.300000190734863,862764,0.0,0.0
2026-04-10 00:00:00-04:00,7.550000190734863,7.949999809265137,5.699999809265137,6.0,4302206,0.0,0.0
2026-04-13 00:00:00-04:00,5.650000095367432,6.400000095367432,5.150000095367432,6.0,515174,0.0,0.0
2026-04-14 00:00:00-04:00,7.099999904632568,7.599999904632568,6.5,7.199999809265137,3720744,0.0,0.0
2026-04-15 00:00:00-04:00,5.849999904632568,8.25,5.849999904632568,7.400000095367432,698056,0.0,0.0
2026-04-16 00:00:00-04:00,6.75,7.650000095367432,6.5,7.349999904632568,240258,0.0,0.0
2026-04-17 00:00:00-04:00,7.349999904632568,7.400000095367432,6.849999904632568,7.199999809265137,93344,0.0,0.0
2026-04-20 00:00:00-04:00,7.099999904632568,7.099999904632568,6.5,6.599999904632568,91694,0.0,0.0
2026-04-21 00:00:00-04:00,6.599999904632568,7.0,6.5,6.699999809265137,65484,0.0,0.0
2026-04-22 00:00:00-04:00,6.75,7.199999809265137,6.550000190734863,7.050000190734863,102518,0.0,0.0
2026-04-23 00:00:00-04:00,6.949999809265137,7.0,6.5,6.800000190734863,56912,0.0,0.0
2026-04-24 00:00:00-04:00,6.599999904632568,6.849999904632568,6.199999809265137,6.5,59848,0.0,0.0
2026-04-27 00:00:00-04:00,6.099999904632568,6.349999904632568,5.599999904632568,6.25,32884,0.0,0.0
2026-04-28 00:00:00-04:00,6.25,6.25,5.5,5.75,51436,0.0,0.0
2026-04-29 00:00:00-04:00,5.599999904632568,5.849999904632568,5.199999809265137,5.400000095367432,38384,0.0,0.0
2026-04-30 00:00:00-04:00,5.400000095367432,5.75,5.300000190734863,5.5,29004,0.0,0.0
2026-05-01 00:00:00-04:00,5.5,5.699999809265137,5.400000095367432,5.400000095367432,22444,0.0,0.0
2026-05-04 00:00:00-04:00,5.349999904632568,5.5,5.199999809265137,5.199999809265137,36342,0.0,0.0
2026-05-05 00:00:00-04:00,5.300000190734863,5.349999904632568,5.150000095367432,5.150000095367432,39024,0.0,0.0
2026-05-06 00:00:00-04:00,5.099999904632568,5.349999904632568,4.599999904632568,4.650000095367432,76032,0.0,0.0
2026-05-07 00:00:00-04:00,4.800000190734863,4.800000190734863,3.950000047683716,4.400000095367432,41194,0.0,0.0
2026-05-08 00:00:00-04:00,4.449999809265137,4.699999809265137,4.150000095367432,4.199999809265137,62044,0.0,0.0
2026-05-11 00:00:00-04:00,4.300000190734863,4.650000095367432,4.25,4.599999904632568,43584,0.0,0.0
2026-05-12 00:00:00-04:00,4.449999809265137,4.5,3.5,3.950000047683716,48464,0.0,0.0
2026-05-13 00:00:00-04:00,5.449999809265137,6.0,4.550000190734863,4.849999904632568,3729316,0.0,0.0
2026-05-14 00:00:00-04:00,4.150000095367432,4.699999809265137,4.0,4.699999809265137,249914,0.0,0.0
2026-05-15 00:00:00-04:00,4.150000095367432,4.650000095367432,4.150000095367432,4.199999809265137,102598,0.0,0.0
2026-05-18 00:00:00-04:00,4.449999809265137,10.949999809265137,4.300000190734863,8.699999809265137,12850362,0.0,0.0
2026-05-19 00:00:00-04:00,6.449999809265137,9.600000381469727,6.449999809265137,8.399999618530273,1563864,0.0,0.0
2026-05-20 00:00:00-04:00,11.0,11.550000190734863,5.099999904632568,6.449999809265137,2580474,0.0,0.0
2026-05-21 00:00:00-04:00,5.25,5.349999904632568,4.599999904632568,5.349999904632568,371708,0.0,0.0
2026-05-22 00:00:00-04:00,4.900000095367432,5.099999904632568,4.050000190734863,4.150000095367432,268446,0.0,0.0
2026-05-26 00:00:00-04:00,3.9100000858306885,4.25,3.359999895095825,3.819999933242798,306400,0.0,0.02
2026-05-27 00:00:00-04:00,3.740000009536743,3.809000015258789,3.0399999618530273,3.1600000858306885,286700,0.0,0.0
2026-05-28 00:00:00-04:00,3.930000066757202,4.179999828338623,3.4200000762939453,3.7200000286102295,9810800,0.0,0.0
2026-05-29 00:00:00-04:00,3.7300000190734863,3.880000114440918,3.4200000762939453,3.4200000762939453,300900,0.0,0.0
2026-06-01 00:00:00-04:00,3.380000114440918,3.9000000953674316,3.200000047683716,3.8499999046325684,259400,0.0,0.0
2026-06-02 00:00:00-04:00,3.700000047683716,4.440000057220459,3.630000114440918,4.25,138200,0.0,0.0
2026-06-03 00:00:00-04:00,4.190000057220459,4.489999771118164,4.050000190734863,4.389999866485596,59500,0.0,0.0
2026-06-04 00:00:00-04:00,4.25,4.400000095367432,4.050000190734863,4.289999961853027,74000,0.0,0.0
2026-06-05 00:00:00-04:00,4.179999828338623,4.400000095367432,3.799999952316284,4.349999904632568,78800,0.0,0.0
2026-06-08 00:00:00-04:00,4.340000152587891,4.340000152587891,3.930000066757202,4.019999980926514,39800,0.0,0.0
2026-06-09 00:00:00-04:00,4.050000190734863,4.195000171661377,3.559999942779541,3.630000114440918,44600,0.0,0.0
2026-06-10 00:00:00-04:00,3.6600000858306885,3.7750000953674316,3.5299999713897705,3.740000009536743,26000,0.0,0.0
2026-06-11 00:00:00-04:00,3.740000009536743,3.809999942779541,3.5999999046325684,3.7200000286102295,20800,0.0,0.0
2026-06-12 00:00:00-04:00,3.619999885559082,3.7899999618530273,3.4000000953674316,3.4800000190734863,31700,0.0,0.0
2026-06-15 00:00:00-04:00,3.509999990463257,3.740000009536743,3.490000009536743,3.740000009536743,24600,0.0,0.0
2026-06-16 00:00:00-04:00,3.6600000858306885,3.7699999809265137,3.5799999237060547,3.690000057220459,14700,0.0,0.0
2026-06-17 00:00:00-04:00,3.7249999046325684,3.869999885559082,3.630000114440918,3.700000047683716,37600,0.0,0.0
2026-06-18 00:00:00-04:00,3.6500000953674316,3.6500000953674316,3.390000104904175,3.390000104904175,34000,0.0,0.0
2026-06-22 00:00:00-04:00,3.369999885559082,3.4800000190734863,3.0999999046325684,3.0999999046325684,40200,0.0,0.0
2026-06-23 00:00:00-04:00,3.1619999408721924,3.369999885559082,3.072000026702881,3.119999885559082,21200,0.0,0.0
2026-06-24 00:00:00-04:00,3.130000114440918,3.1700000762939453,2.809999942779541,2.819999933242798,29500,0.0,0.0
2026-06-25 00:00:00-04:00,2.9000000953674316,3.0199999809265137,2.8350000381469727,2.859999895095825,24800,0.0,0.0
2026-06-26 00:00:00-04:00,2.9509999752044678,3.130000114440918,2.927000045776367,3.049999952316284,20900,0.0,0.0
2026-06-29 00:00:00-04:00,3.0799999237060547,3.1700000762939453,2.9100000858306885,2.930000066757202,12900,0.0,0.0
2026-06-30 00:00:00-04:00,3.0199999809265137,3.3949999809265137,3.0,3.0999999046325684,60200,0.0,0.0
2026-07-01 00:00:00-04:00,2.950000047683716,3.0940001010894775,2.940000057220459,3.069999933242798,11100,0.0,0.0
2026-07-02 00:00:00-04:00,3.049999952316284,3.0799999237060547,2.890000104904175,2.9800000190734863,9400,0.0,0.0
2026-07-06 00:00:00-04:00,2.9200000762939453,3.299999952316284,2.9200000762939453,3.130000114440918,26200,0.0,0.0
2026-07-07 00:00:00-04:00,3.130000114440918,3.302999973297119,2.940000057220459,2.9800000190734863,18100,0.0,0.0
2026-07-08 00:00:00-04:00,2.9100000858306885,2.9649999141693115,2.799999952316284,2.880000114440918,10500,0.0,0.0
2026-07-09 00:00:00-04:00,2.819999933242798,2.990000009536743,2.819999933242798,2.950000047683716,4910,0.0,0.0
