Date,Open,High,Low,Close,Volume,Dividends,Stock Splits
2022-01-03 00:00:00-05:00,2.5742218657639917,2.7466780454026902,2.5742218657639917,2.6919968128204346,126900,0.0,0.0
2022-01-04 00:00:00-05:00,2.700409167124531,2.7677090190802343,2.624696633104985,2.7508840560913086,129200,0.0,0.0
2022-01-05 00:00:00-05:00,2.7424714312885485,2.8181837607823543,2.5910465717315674,2.5910465717315674,184400,0.0,0.0
2022-01-06 00:00:00-05:00,2.574222106453628,2.6314271090090666,2.473272314311638,2.5069222450256348,100800,0.0,0.0
2022-01-07 00:00:00-05:00,2.532159321913831,2.6331092998286434,2.532159321913831,2.582634210586548,80900,0.0,0.0
2022-01-10 00:00:00-05:00,2.540572049138563,2.5658094959164353,2.5153346023606913,2.5321595668792725,73400,0.0,0.0
2022-01-11 00:00:00-05:00,2.5405720636011804,2.6499345341639207,2.49850965206528,2.6331095695495605,63400,0.0,0.0
2022-01-12 00:00:00-05:00,2.6583472154575984,2.8165020150126585,2.6162846002037665,2.767709493637085,181500,0.0,0.0
2022-01-13 00:00:00-05:00,2.7761216163635254,2.885484080922305,2.734059207136836,2.7761216163635254,118800,0.0,0.0
2022-01-14 00:00:00-05:00,2.7508844265642756,2.9107217970544097,2.7508844265642756,2.8434219360351562,123200,0.0,0.0
2022-01-18 00:00:00-05:00,2.8350095121514225,2.8602471629114907,2.5405723926911623,2.5742223262786865,270200,0.0,0.0
2022-01-19 00:00:00-05:00,2.6078718994680457,2.6667594756775945,2.540572041593587,2.565809488296509,67700,0.0,0.0
2022-01-20 00:00:00-05:00,2.5658096237751287,2.6162845198461233,2.494303420723182,2.5069222450256348,59500,0.0,0.0
2022-01-21 00:00:00-05:00,2.5069217726221464,2.5069217726221464,2.3975593178404737,2.456446886062622,179900,0.0,0.0
2022-01-24 00:00:00-05:00,2.3807343585584295,2.43962192685242,2.296609547523258,2.4227969646453857,371800,0.0,0.0
2022-01-25 00:00:00-05:00,2.3470847711171476,2.538889488156513,2.313434841871932,2.4648597240448,136300,0.0,0.0
2022-01-26 00:00:00-05:00,2.490097170978711,2.5910469587143563,2.4227973124882807,2.4648597240448,113000,0.0,0.0
2022-01-27 00:00:00-05:00,2.464859940794746,2.5237473221521936,2.3723224266636254,2.4143848419189453,106400,0.0,0.0
2022-01-28 00:00:00-05:00,2.6331095695495605,2.641522051856741,2.50692213437246,2.6331095695495605,276100,0.0,0.0
2022-01-31 00:00:00-05:00,2.6583470044225836,2.935959119870695,2.607871910238874,2.851834297180176,241200,0.0,0.0
2022-02-01 00:00:00-05:00,2.860246879081544,2.941847939876856,2.8047244540578835,2.927546739578247,122000,0.0,0.0
2022-02-02 00:00:00-05:00,2.9443714475898486,2.9443714475898486,2.784534092298318,2.8097715377807617,173900,0.0,0.0
2022-02-03 00:00:00-05:00,2.7761217337261423,2.8265966269320333,2.683584429515343,2.784534215927124,89100,0.0,0.0
2022-02-04 00:00:00-05:00,2.7340595618895507,2.8181843912583866,2.6751721813313654,2.767709493637085,84000,0.0,0.0
2022-02-07 00:00:00-05:00,2.767709156714949,2.927546513627636,2.6919968194997033,2.8602466583251953,172000,0.0,0.0
2022-02-08 00:00:00-05:00,2.8854839731184407,2.9443713438357286,2.80977143876969,2.9359588623046875,305500,0.0,0.0
2022-02-09 00:00:00-05:00,2.969608919974416,3.0116713294928714,2.8265965270422773,2.8770716190338135,207300,0.0,0.0
2022-02-10 00:00:00-05:00,2.8181842543796685,2.97718043490459,2.8181842543796685,2.826596736907959,119700,0.0,0.0
2022-02-11 00:00:00-05:00,2.860246879081544,3.062146661141058,2.7845343354533485,2.927546739578247,175800,0.0,0.0
2022-02-14 00:00:00-05:00,2.9023091907944876,2.9107216730635392,2.8181841675345702,2.851834297180176,117600,0.0,0.0
2022-02-15 00:00:00-05:00,2.9443713438357286,2.9443713438357286,2.8350088833628133,2.9359588623046875,129500,0.0,0.0
2022-02-16 00:00:00-05:00,2.935959108459702,3.087383989283502,2.851834286096145,3.070559024810791,237100,0.0,0.0
2022-02-17 00:00:00-05:00,3.095796559968203,3.104209042444907,2.9704503103250857,3.045321464538574,164900,0.0,0.0
2022-02-18 00:00:00-05:00,3.062146642110793,3.1546839497186694,2.986434098953126,3.1462714672088623,202500,0.0,0.0
2022-02-22 00:00:00-05:00,3.14627142721288,3.575308430897845,3.112621497601416,3.4659459590911865,1028800,0.0,0.0
2022-02-23 00:00:00-05:00,3.4659458788095705,3.469311032148291,3.1967462475839232,3.2892837524414062,558000,0.0,0.0
2022-02-24 00:00:00-05:00,3.0705591162951316,3.2388087660350813,3.0284965032907407,3.1799213886260986,390700,0.0,0.0
2022-02-25 00:00:00-05:00,3.2724588965524744,3.2724588965524744,3.112621528730119,3.1799213886260986,174800,0.0,0.0
2022-02-28 00:00:00-05:00,3.062146419076129,3.1630962018410287,3.0369087728155146,3.0957963466644287,273900,0.0,0.0
2022-03-01 00:00:00-05:00,3.1042088285615037,3.2085235639713554,2.94437147194769,3.0957963466644287,313500,0.0,0.0
2022-03-02 00:00:00-05:00,3.1630964152553407,3.264046405400732,3.0957965555380156,3.213571310043335,189400,0.0,0.0
2022-03-03 00:00:00-05:00,3.230396266574978,3.3229337740151443,3.1715088894754007,3.2472212314605713,394000,0.0,0.0
2022-03-04 00:00:00-05:00,3.2051587104797363,3.280871250465009,3.0621465138053017,3.2051587104797363,422100,0.0,0.0
2022-03-07 00:00:00-05:00,3.2135709657141605,3.3397583897327605,3.0621462975750977,3.1210336685180664,398200,0.0,0.0
2022-03-08 00:00:00-05:00,3.1210338819567527,3.322933653852239,3.087383953402404,3.2388086318969727,252100,0.0,0.0
2022-03-09 00:00:00-05:00,3.272458764645177,3.322933657532604,3.137858849709309,3.2219836711883545,187700,0.0,0.0
2022-03-10 00:00:00-05:00,3.196746037486575,3.4070584800033563,3.175714933633465,3.3902335166931152,166200,0.0,0.0
2022-03-11 00:00:00-05:00,3.398645890072216,3.4659457451407705,3.2640461799351077,3.331346035003662,225100,0.0,0.0
2022-03-14 00:00:00-04:00,3.364996212064077,3.364996212064077,3.1294465012879202,3.297696352005005,254900,0.0,0.0
2022-03-15 00:00:00-04:00,3.2808712467930814,3.3649960682721263,3.1715087783009275,3.2219836711883545,145700,0.0,0.0
2022-03-16 00:00:00-04:00,3.2640459537506104,3.3397582854561914,3.188333421475654,3.2640459537506104,146700,0.0,0.0
2022-03-17 00:00:00-04:00,3.2388087490177746,3.3229337740151443,3.1967463368037907,3.2472212314605713,175800,0.0,0.0
2022-03-18 00:00:00-04:00,3.2472212399019975,3.2556337223666634,3.1630964152553407,3.213571310043335,111300,0.0,0.0
2022-03-21 00:00:00-04:00,3.1967463536000937,3.314521308987462,3.146271458678109,3.1799213886260986,175700,0.0,0.0
2022-03-22 00:00:00-04:00,3.188334003074931,3.230396417250838,3.1042091747231173,3.1378591060638428,140000,0.0,0.0
2022-03-23 00:00:00-04:00,3.104208953756214,3.1967462583561264,3.0537340603380794,3.070559024810791,203500,0.0,0.0
2022-03-24 00:00:00-04:00,3.0621465243060357,3.2556336145878957,3.028496394991968,3.154683828353882,292900,0.0,0.0
2022-03-25 00:00:00-04:00,3.1799213801846724,3.2976963352593947,3.028496495251287,3.213571310043335,192600,0.0,0.0
2022-03-28 00:00:00-04:00,3.1967463451140037,3.2724588878653975,3.1546839327906753,3.213571310043335,116300,0.0,0.0
2022-03-29 00:00:00-04:00,3.2556335997799724,3.3313461396805084,3.15552500204909,3.2219836711883545,117800,0.0,0.0
2022-03-30 00:00:00-04:00,3.2724587880253906,3.356583610105469,3.2556336230399783,3.2892837524414062,121100,0.0,0.0
2022-03-31 00:00:00-04:00,3.3313459445378877,3.4070584800033563,3.2892835362622845,3.3902335166931152,163900,0.0,0.0
2022-04-01 00:00:00-04:00,3.3734087758472273,3.533245737265816,3.3061087175986787,3.457533597946167,219300,0.0,0.0
2022-04-04 00:00:00-04:00,3.423883654687058,3.533245722385709,3.390233725989197,3.5248334407806396,281600,0.0,0.0
2022-04-05 00:00:00-04:00,3.5753086004864905,3.659433428505467,3.440708875656128,3.440708875656128,177800,0.0,0.0
2022-04-06 00:00:00-04:00,3.3734090132409467,3.4995960547000005,3.35658384706774,3.440708875656128,139400,0.0,0.0
2022-04-07 00:00:00-04:00,3.474358406027429,3.5080083333528322,3.4070585513766236,3.4491207599639893,101600,0.0,0.0
2022-04-08 00:00:00-04:00,3.4575333422589316,3.5921330476634843,3.4070584527322247,3.575308084487915,78100,0.0,0.0
2022-04-11 00:00:00-04:00,3.533245818314114,3.5837211138701126,3.4659459590911865,3.4659459590911865,99200,0.0,0.0
2022-04-12 00:00:00-04:00,3.4238836879400836,3.491183545989426,3.331346182552839,3.373408794403076,308200,0.0,0.0
2022-04-13 00:00:00-04:00,3.3313459445378877,3.4154707610890935,3.230395964107057,3.3902335166931152,170300,0.0,0.0
2022-04-14 00:00:00-04:00,3.3565834745526217,3.4491207751036654,3.3061085833429615,3.3649959564208984,157700,0.0,0.0
2022-04-18 00:00:00-04:00,3.381820914131561,3.4491207689578567,3.3734086328476622,3.3986458778381348,91300,0.0,0.0
2022-04-19 00:00:00-04:00,3.3986462610772286,3.46594612349241,3.3734090132409467,3.440708875656128,151700,0.0,0.0
2022-04-20 00:00:00-04:00,3.373408895140865,3.513897332957238,3.264046421975469,3.297696352005005,246500,0.0,0.0
2022-04-21 00:00:00-04:00,3.3061087082742993,3.364996083577474,3.146271346167714,3.154683828353882,191000,0.0,0.0
2022-04-22 00:00:00-04:00,3.154683851062874,3.188333780049774,3.0284964167926,3.053734064102173,170000,0.0,0.0
2022-04-25 00:00:00-04:00,2.994846569678349,3.1126215249216114,2.885484297481194,3.045321464538574,224200,0.0,0.0
2022-04-26 00:00:00-04:00,3.0621462739084735,3.1042086813997893,2.986433739854726,3.0200836658477783,93200,0.0,0.0
2022-04-27 00:00:00-04:00,3.0200840171084615,3.095796559968203,2.9527841572948277,3.045321464538574,160100,0.0,0.0
2022-04-28 00:00:00-04:00,3.053733925263649,3.1967461169559024,2.9780213879160087,3.1630961894989014,63000,0.0,0.0
2022-04-29 00:00:00-04:00,3.163096205010864,3.213571096443897,2.9780214025203566,3.0789713859558105,234300,0.0,0.0
2022-05-02 00:00:00-04:00,3.0957965686949227,3.0957965686949227,2.9368003886967955,3.011671543121338,119000,0.0,0.0
2022-05-03 00:00:00-04:00,3.02008381510766,3.0873838709892776,3.0032588512796035,3.0621464252471924,110000,0.0,0.0
2022-05-04 00:00:00-04:00,3.03690876096576,3.1630961894989014,2.9527839423232582,3.1630961894989014,155800,0.0,0.0
2022-05-05 00:00:00-04:00,3.1210337954833376,3.1210337954833376,2.9780214025203566,3.0789713859558105,89500,0.0,0.0
2022-05-06 00:00:00-04:00,3.0200838146684923,3.0453212604069075,2.8602466583251953,2.8602466583251953,366000,0.0,0.0
2022-05-09 00:00:00-04:00,2.8434216874446077,2.8434216874446077,2.6751718490365697,2.6919968128204346,302700,0.0,0.0
2022-05-10 00:00:00-04:00,2.7340594290967606,2.83500921943625,2.6919970164553066,2.826596736907959,161300,0.0,0.0
2022-05-11 00:00:00-04:00,2.843421565463235,2.9780212699598936,2.8350088833628133,2.9359588623046875,121900,0.0,0.0
2022-05-12 00:00:00-04:00,2.9275464981317327,3.0663525492429926,2.893896570658626,2.944371461868286,76000,0.0,0.0
2022-05-13 00:00:00-04:00,2.9443716873378705,3.195905175201095,2.9359592048253953,2.9948465824127197,155200,0.0,0.0
2022-05-16 00:00:00-04:00,3.036908891593416,3.121033914423806,2.994846480462919,3.087383985519409,78800,0.0,0.0
2022-05-17 00:00:00-04:00,3.1294462742527287,3.177397401009117,3.0284962909184396,3.0957963466644287,161900,0.0,0.0
2022-05-18 00:00:00-04:00,3.028496508122174,3.112621533695759,2.927546718117157,3.011671543121338,69200,0.0,0.0
2022-05-19 00:00:00-04:00,3.07897150329331,3.121033914423806,3.0032589626890185,3.087383985519409,91100,0.0,0.0
2022-05-20 00:00:00-04:00,3.078971510842348,3.1378588865694237,3.01167145229915,3.053734064102173,50200,0.0,0.0
2022-05-23 00:00:00-04:00,3.0873840896402136,3.1546839497186694,3.0705591246205994,3.1462714672088623,162400,0.0,0.0
2022-05-24 00:00:00-04:00,3.1294463966499055,3.1799212900065017,3.078130114672122,3.087383985519409,47700,0.0,0.0
2022-05-25 00:00:00-04:00,3.1042089245919002,3.2127300045921428,3.0604639371460793,3.2051587104797363,60700,0.0,0.0
2022-05-26 00:00:00-04:00,3.314520841554331,3.3397582854561914,3.2135708653775144,3.2640459537506104,77600,0.0,0.0
2022-05-27 00:00:00-04:00,3.2892837524414062,3.331346163481445,3.2303961764159546,3.2892837524414062,79600,0.0,0.0
2022-05-31 00:00:00-04:00,3.3313462777065324,3.3313462777065324,3.205158839690308,3.314521312713623,213700,0.0,0.0
2022-06-01 00:00:00-04:00,3.331346163481445,3.348171127897461,3.163096318751892,3.2892837524414062,63800,0.0,0.0
2022-06-02 00:00:00-04:00,3.2135712156406226,3.331346167255557,3.146271357900315,3.272458791732788,150700,0.0,0.0
2022-06-03 00:00:00-04:00,3.196746221204037,3.3061086895750647,3.1126213998181655,3.2388086318969727,123100,0.0,0.0
2022-06-06 00:00:00-04:00,3.3061088265004646,3.3061088265004646,3.163096423652104,3.1799213886260986,109000,0.0,0.0
2022-06-07 00:00:00-04:00,3.1967462319379525,3.205158714104787,3.0957964459359415,3.188333749771118,49500,0.0,0.0
2022-06-08 00:00:00-04:00,3.1967458795796984,3.272458411305261,3.1126210671839325,3.129446029663086,105600,0.0,0.0
2022-06-09 00:00:00-04:00,3.1294461380880145,3.163096064212179,2.910721417711564,2.9359588623046875,95000,0.0,0.0
2022-06-10 00:00:00-04:00,2.893896677524144,2.9359590884188043,2.7845342086286324,2.8181841373443604,242600,0.0,0.0
2022-06-13 00:00:00-04:00,2.759296516907282,2.8005177360920475,2.540571799121015,2.616284132003784,532900,0.0,0.0
2022-06-14 00:00:00-04:00,2.6246966223080275,2.666759230176693,2.498509400410168,2.5489842891693115,151900,0.0,0.0
2022-06-15 00:00:00-04:00,2.565809386821588,2.740789130716564,2.548984423018382,2.6751718521118164,124100,0.0,0.0
2022-06-16 00:00:00-04:00,2.616284404365801,2.725646874928542,2.582634475137081,2.6331095695495605,163700,0.0,0.0
2022-06-17 00:00:00-04:00,2.6415216586301407,2.6751715828496097,2.555714271642746,2.5910465717315674,79900,0.0,0.0
2022-06-21 00:00:00-04:00,2.5910468355426404,2.71723426478297,2.5826343536312444,2.6583468914031982,81500,0.0,0.0
2022-06-22 00:00:00-04:00,2.624696637510285,2.725646616182655,2.5742217484587906,2.7172341346740723,153400,0.0,0.0
2022-06-23 00:00:00-04:00,2.7256472279919697,2.8350095121514225,2.4900974923098764,2.5742223262786865,308700,0.0,0.0
2022-06-24 00:00:00-04:00,2.574221729141095,2.641521781274096,2.574221729141095,2.582634210586548,49100,0.0,0.0
2022-06-27 00:00:00-04:00,2.574221868723191,2.7172342616198315,2.548984423018382,2.6751718521118164,132500,0.0,0.0
2022-06-28 00:00:00-04:00,2.7004090260142117,2.734058950233681,2.5742216096218327,2.5910465717315674,127500,0.0,0.0
2022-06-29 00:00:00-04:00,2.5994595449768774,2.624696992920023,2.540572166442871,2.540572166442871,34500,0.0,0.0
2022-06-30 00:00:00-04:00,2.506921877577473,2.6078716549229064,2.473271951795662,2.582634210586548,95100,0.0,0.0
2022-07-01 00:00:00-04:00,2.5489841664572306,2.6440452224341686,2.5489841664572306,2.5910465717315674,117900,0.0,0.0
2022-07-05 00:00:00-04:00,2.4816846733235285,2.64993451907874,2.363909721124061,2.5321595668792725,308200,0.0,0.0
2022-07-06 00:00:00-04:00,2.540571799121015,2.633109295436,2.481684429101083,2.616284132003784,147500,0.0,0.0
2022-07-07 00:00:00-04:00,2.6246968789847074,2.708821902379488,2.5994594321370927,2.666759490966797,46700,0.0,0.0
2022-07-08 00:00:00-04:00,2.658347100852202,2.691155642493032,2.599459522263336,2.624696969985962,185400,0.0,0.0
2022-07-11 00:00:00-04:00,2.591046832526397,2.7088217797182286,2.574221868723191,2.6751718521118164,51300,0.0,0.0
2022-07-12 00:00:00-04:00,2.658346773377497,2.7004091810669837,2.6036655430964744,2.6499342918395996,88100,0.0,0.0
2022-07-13 00:00:00-04:00,2.6415219275804063,2.698726724350143,2.5826343536312444,2.6583468914031982,52900,0.0,0.0
2022-07-14 00:00:00-04:00,2.6078722732027044,2.666759857851444,2.5237474388036856,2.6415224075317383,109200,0.0,0.0
2022-07-15 00:00:00-04:00,2.666759483349991,2.700409412384033,2.6162843892295307,2.700409412384033,85600,0.0,0.0
2022-07-18 00:00:00-04:00,2.708821902379488,2.777804337324061,2.6499345264017204,2.666759490966797,45200,0.0,0.0
2022-07-19 00:00:00-04:00,2.6919970311490364,2.776121856891123,2.6162844874117535,2.624696969985962,28000,0.0,0.0
2022-07-20 00:00:00-04:00,2.5826343403936107,2.68358432338232,2.515334485447397,2.523746967315674,70200,0.0,0.0
2022-07-21 00:00:00-04:00,2.5237471083498555,2.5237471083498555,2.3891471903662125,2.4312098026275635,115200,0.0,0.0
2022-07-22 00:00:00-04:00,2.4564472192505136,2.565809488296509,2.448034737016206,2.565809488296509,50600,0.0,0.0
2022-07-25 00:00:00-04:00,2.60787189970576,2.7340593338012695,2.5910469352356116,2.7340593338012695,120000,0.0,0.0
2022-07-26 00:00:00-04:00,2.7677090190802343,2.8181839080470117,2.6583467596522166,2.7508840560913086,116500,0.0,0.0
2022-07-27 00:00:00-04:00,2.7929466886755847,3.0116714257302495,2.734059313468012,3.0032589435577393,220100,0.0,0.0
2022-07-28 00:00:00-04:00,3.03690886336506,3.2808712467930814,3.03690886336506,3.2219836711883545,242200,0.0,0.0
2022-07-29 00:00:00-04:00,3.2808712739503267,3.373408778912646,3.2388086622932377,3.272458791732788,183600,0.0,0.0
2022-08-01 00:00:00-04:00,3.2640463058173825,3.3229336812734376,3.163096318751892,3.2892837524414062,279400,0.0,0.0
2022-08-02 00:00:00-04:00,3.3061087199803234,3.3061087199803234,3.0369088879309976,3.1042089462280273,208100,0.0,0.0
2022-08-03 00:00:00-04:00,3.112621528730119,3.1883338711130964,3.0621466338081342,3.1799213886260986,104800,0.0,0.0
2022-08-04 00:00:00-04:00,3.196746250603523,3.2388086616832936,3.078971499580165,3.1042089462280273,179100,0.0,0.0
2022-08-05 00:00:00-04:00,3.0032586322926362,3.322933322854951,3.0032586322926362,3.2640459537506104,187700,0.0,0.0
2022-08-08 00:00:00-04:00,3.3229336702072763,3.4238836569365794,3.272458777127323,3.3397586345672607,392700,0.0,0.0
2022-08-09 00:00:00-04:00,3.3649959422274516,3.3649959422274516,3.171508659503822,3.230396032333374,246000,0.0,0.0
2022-08-10 00:00:00-04:00,3.2219835751205537,3.3061085946606923,2.97802139953599,3.0957963466644287,143100,0.0,0.0
2022-08-11 00:00:00-04:00,3.0705590064922035,3.2808712617157956,3.0705590064922035,3.154683828353882,148100,0.0,0.0
2022-08-12 00:00:00-04:00,3.1546834962731736,3.2892833976524707,3.1546834962731736,3.2640459537506104,139300,0.0,0.0
2022-08-15 00:00:00-04:00,3.2388087781348553,3.2976963563332378,3.156366529682048,3.2808713912963867,86700,0.0,0.0
2022-08-16 00:00:00-04:00,3.297696226088131,3.297696226088131,3.1126214174230427,3.154683828353882,220900,0.0,0.0
2022-08-17 00:00:00-04:00,3.112621528730119,3.2026350712840514,3.112621528730119,3.1799213886260986,128300,0.0,0.0
2022-08-18 00:00:00-04:00,3.1967462439991627,3.35658360634147,3.104208939814846,3.3061087131500244,318900,0.0,0.0
2022-08-19 00:00:00-04:00,3.2892838615264695,3.2892838615264695,3.1597314707711854,3.1799213886260986,61200,0.0,0.0
2022-08-22 00:00:00-04:00,3.146271458678109,3.221983801061086,3.078971598782129,3.1799213886260986,105400,0.0,0.0
2022-08-23 00:00:00-04:00,3.1883337512896635,3.36499607744672,3.1883337512896635,3.356583595275879,173900,0.0,0.0
2022-08-24 00:00:00-04:00,3.3649960894735833,3.4911835230566015,3.348171125071767,3.474358558654785,275100,0.0,0.0
2022-08-25 00:00:00-04:00,3.4575333173079565,3.8108579425839357,3.393598217018918,3.760382652282715,412500,0.0,0.0
2022-08-26 00:00:00-04:00,3.709908015556176,3.768795590822022,3.381821013106549,3.676258087158203,257200,0.0,0.0
2022-08-29 00:00:00-04:00,3.6089581340698293,3.886570236515389,3.5046431983638784,3.7687954902648926,287700,0.0,0.0
2022-08-30 00:00:00-04:00,3.726733260014757,3.726733260014757,3.45753381258651,3.541658639907837,555000,0.0,0.0
2022-08-31 00:00:00-04:00,3.4995956363223475,3.676257954611579,3.4995956363223475,3.53324556350708,265100,0.0,0.0
2022-09-01 00:00:00-04:00,3.4743584534178598,3.6510207748552954,3.4154708792257877,3.600545883178711,199300,0.0,0.0
2022-09-02 00:00:00-04:00,3.575308218320755,3.7687955026519,3.541658290710015,3.70149564743042,219300,0.0,0.0
2022-09-06 00:00:00-04:00,3.7014956264216177,3.819270372390747,3.680464321499579,3.819270372390747,142100,0.0,0.0
2022-09-07 00:00:00-04:00,3.8276833780391644,4.138945433525398,3.8276833780391644,4.0968828201293945,343200,0.0,0.0
2022-09-08 00:00:00-04:00,4.096882374389883,4.206244836409843,3.8865701325693904,3.8949828147888184,282700,0.0,0.0
2022-09-09 00:00:00-04:00,3.9791083010470976,4.0800580978393555,3.9286334026509686,4.0800580978393555,123600,0.0,0.0
2022-09-12 00:00:00-04:00,4.063232333106834,4.197832035708529,4.021170126613182,4.122119903564453,190100,0.0,0.0
2022-09-13 00:00:00-04:00,4.096882602890027,4.096882602890027,3.861333103551212,3.9959328174591064,222600,0.0,0.0
2022-09-14 00:00:00-04:00,4.071645235633696,4.288687388176868,3.9816312985612967,4.206244945526123,200600,0.0,0.0
2022-09-15 00:00:00-04:00,4.155770178294126,4.189420106771099,3.9286329605051593,3.9959328174591064,299100,0.0,0.0
2022-09-16 00:00:00-04:00,3.9622822688714936,4.004344873454165,3.819269894656884,3.836094856262207,277100,0.0,0.0
2022-09-19 00:00:00-04:00,3.7687955154976853,4.071645266165376,3.72084418797649,4.037995338439941,220800,0.0,0.0
2022-09-20 00:00:00-04:00,4.021170560103334,4.071645454020263,3.9370453357696533,3.9370453357696533,111100,0.0,0.0
2022-09-21 00:00:00-04:00,3.91180789230904,4.035471356118579,3.718320608139038,3.718320608139038,215200,0.0,0.0
2022-09-22 00:00:00-04:00,3.6678457198196797,3.7772077839851956,3.6510207560143098,3.70149564743042,148100,0.0,0.0
2022-09-23 00:00:00-04:00,3.617371090941624,3.617371090941624,3.4827709695910074,3.583721160888672,273000,0.0,0.0
2022-09-26 00:00:00-04:00,3.415470997488299,3.5542770546898352,3.3515360923703006,3.4070587158203125,299200,0.0,0.0
2022-09-27 00:00:00-04:00,3.4070584800033563,3.5332455042607815,3.322933462882767,3.3902335166931152,236000,0.0,0.0
2022-09-28 00:00:00-04:00,3.4407084615235406,3.608958097310532,3.3565834430606585,3.5500705242156982,103800,0.0,0.0
2022-09-29 00:00:00-04:00,3.541658308986639,3.672051678866453,3.381820951441398,3.600545883178711,166000,0.0,0.0
2022-09-30 00:00:00-04:00,3.63419579220894,3.7940331489293446,3.592133182126125,3.70149564743042,157300,0.0,0.0
2022-10-03 00:00:00-04:00,3.7519705175512446,3.8781579459446998,3.734304365826692,3.819270372390747,222100,0.0,0.0
2022-10-04 00:00:00-04:00,3.861332982234824,3.9454578007842023,3.735145553841369,3.819270372390747,226900,0.0,0.0
2022-10-05 00:00:00-04:00,3.768795472492229,3.9202201455287877,3.7014956178093135,3.8697452545166016,108500,0.0,0.0
2022-10-06 00:00:00-04:00,3.8360953452651763,3.926108881271117,3.760382807820468,3.7687954902648926,147300,0.0,0.0
2022-10-07 00:00:00-04:00,3.7435584237703643,3.869745872005747,3.6846712420956687,3.6930835247039795,76400,0.0,0.0
2022-10-10 00:00:00-04:00,3.760383612599281,3.760383612599281,3.6341965580372046,3.743558645248413,69000,0.0,0.0
2022-10-11 00:00:00-04:00,3.7435577162436053,3.7940330069090766,3.5584831213123462,3.575308084487915,121800,0.0,0.0
2022-10-12 00:00:00-04:00,3.5753081730573824,3.6594329910192127,3.5164205999147136,3.53324556350708,77000,0.0,0.0
2022-10-13 00:00:00-04:00,3.4322958400972863,3.64260808913402,3.4322958400972863,3.617370843887329,144200,0.0,0.0
2022-10-14 00:00:00-04:00,3.625783226874222,3.699812989781757,3.4491209006410575,3.5248334407806396,166200,0.0,0.0
2022-10-17 00:00:00-04:00,3.608958152025562,3.684670689846964,3.5668955418717205,3.6678457260131836,78300,0.0,0.0
2022-10-18 00:00:00-04:00,3.735145943316299,3.7772081564075535,3.4911837435150406,3.541658639907837,191900,0.0,0.0
2022-10-19 00:00:00-04:00,3.4995955594726116,3.6173707031716527,3.4701519741172335,3.5080082416534424,92500,0.0,0.0
2022-10-20 00:00:00-04:00,3.457533594252969,3.6089582738693147,3.4163121707283035,3.474358558654785,172000,0.0,0.0
2022-10-21 00:00:00-04:00,3.4911832662124476,3.6341956536759503,3.4827705840610585,3.592133045196533,61100,0.0,0.0
2022-10-24 00:00:00-04:00,3.5500706941380686,3.5753083412834914,3.4238836618273325,3.4911835193634033,98600,0.0,0.0
2022-10-25 00:00:00-04:00,3.5164206415039683,3.7250505134278256,3.5080083601776786,3.718320608139038,101800,0.0,0.0
2022-10-26 00:00:00-04:00,3.7856209075814613,3.903395667942902,3.6846711129859404,3.8529207706451416,237900,0.0,0.0
2022-10-27 00:00:00-04:00,3.852920205969213,3.9959325945893505,3.7940330349882863,3.8949828147888184,130300,0.0,0.0
2022-10-28 00:00:00-04:00,3.869745237195785,4.021170310693347,3.7940331015857773,3.9706950187683105,184000,0.0,0.0
2022-10-31 00:00:00-04:00,3.970695372578385,4.130532741546631,3.962283090600483,4.130532741546631,159300,0.0,0.0
2022-11-01 00:00:00-04:00,4.155771102069658,4.2062460060050535,3.9959337057048008,4.147358417510986,248700,0.0,0.0
2022-11-02 00:00:00-04:00,4.05482028376271,4.315607423011814,4.01275767372885,4.13894510269165,214500,0.0,0.0
2022-11-03 00:00:00-04:00,4.021170576173912,4.2398951173547355,4.021170576173912,4.189420223236084,78600,0.0,0.0
2022-11-04 00:00:00-04:00,4.298782434463288,4.315607398152157,4.189419969916249,4.273544788360596,135500,0.0,0.0
2022-11-07 00:00:00-05:00,4.298782802835878,4.416557558750354,4.071645573002841,4.0968828201293945,203200,0.0,0.0
2022-11-08 00:00:00-05:00,4.088470324967062,4.138945217727299,3.9791078567504883,3.9791078567504883,67200,0.0,0.0
2022-11-09 00:00:00-05:00,3.979108142708233,4.037995722396514,3.7856208393196744,3.8108584880828857,100100,0.0,0.0
2022-11-10 00:00:00-05:00,3.9454576470171614,3.9538699279748575,3.7351454082708657,3.760382652282715,107500,0.0,0.0
2022-11-11 00:00:00-05:00,3.903395327606805,3.987520149101583,3.802445541813072,3.928632974624634,104300,0.0,0.0
2022-11-14 00:00:00-05:00,4.021170686363412,4.231482951523576,3.886570563886515,4.063232898712158,258300,0.0,0.0
2022-11-15 00:00:00-05:00,4.164182300685038,4.2483075198009175,3.945457773944566,3.9706950187683105,210200,0.0,0.0
2022-11-16 00:00:00-05:00,3.928632996734799,3.96228292552209,3.8066519045961695,3.827683210372925,138800,0.0,0.0
2022-11-17 00:00:00-05:00,3.785621264195014,3.9033960356510886,3.701496427440676,3.743558645248413,115200,0.0,0.0
2022-11-18 00:00:00-05:00,3.7267329918105156,4.0043455037000015,3.6846707817463797,3.9791078567504883,81800,0.0,0.0
2022-11-21 00:00:00-05:00,4.012758130393815,4.029583096094338,3.8091757646202966,3.903395652770996,58600,0.0,0.0
2022-11-22 00:00:00-05:00,3.9202212060498547,4.037996384744959,3.8108591131742355,4.012758731842041,156000,0.0,0.0
2022-11-23 00:00:00-05:00,3.970695273399063,4.273545038676412,3.953870308724699,4.22307014465332,144700,0.0,0.0
2022-11-25 00:00:00-05:00,4.223070023249464,4.450207240393086,4.223070023249464,4.416557312011719,119800,0.0,0.0
2022-11-28 00:00:00-05:00,4.408144969213846,4.677344818158812,4.374495038238078,4.610044956207275,186700,0.0,0.0
2022-11-29 00:00:00-05:00,4.584806959761206,4.75305700302124,4.48385717448846,4.75305700302124,153600,0.0,0.0
2022-11-30 00:00:00-05:00,4.736231996802799,4.811944134516462,4.5763946376358415,4.5848069190979,201700,0.0,0.0
2022-12-01 00:00:00-05:00,4.559569487859717,4.828768901901532,4.324019599434359,4.736231803894043,360600,0.0,0.0
2022-12-02 00:00:00-05:00,4.626869455498776,4.727819238254533,4.509094708950392,4.5427446365356445,187000,0.0,0.0
2022-12-05 00:00:00-05:00,4.517507126544724,4.534332090844864,4.2651326620426335,4.281957626342773,384600,0.0,0.0
2022-12-06 00:00:00-05:00,4.23989487299923,4.298782446646555,4.164182335615351,4.206244945526123,188100,0.0,0.0
2022-12-07 00:00:00-05:00,4.214657735127997,4.500682125922018,4.189420088312072,4.450207233428955,293900,0.0,0.0
2022-12-08 00:00:00-05:00,4.408144764416908,4.4586200596743595,4.181007540313575,4.189420223236084,198000,0.0,0.0
2022-12-09 00:00:00-05:00,4.164183385489451,4.265133594499121,4.096883513575591,4.147358417510986,95200,0.0,0.0
2022-12-12 00:00:00-05:00,4.172594673980126,4.500681640358197,4.172594673980126,4.483856678009033,153700,0.0,0.0
2022-12-13 00:00:00-05:00,4.58480696120349,4.618456889638324,4.366082426377066,4.382907390594482,121000,0.0,0.0
2022-12-14 00:00:00-05:00,4.458619435054659,4.525919284451315,4.3492569792157205,4.483856678009033,151000,0.0,0.0
2022-12-15 00:00:00-05:00,4.500681796888995,4.525919441859862,4.399732019283042,4.492269515991211,98300,0.0,0.0
2022-12-16 00:00:00-05:00,4.4838575527847295,4.525078979322436,4.424970373643466,4.47544527053833,53400,0.0,0.0
2022-12-19 00:00:00-05:00,4.5343321881019145,4.567982117423951,4.441795083035712,4.559569835662842,150100,0.0,0.0
2022-12-20 00:00:00-05:00,4.626869783377032,4.758945939021036,4.4838573804358965,4.534332275390625,168600,0.0,0.0
2022-12-21 00:00:00-05:00,4.6268696784973145,4.668932290575536,4.547792384974606,4.6268696784973145,241700,0.0,0.0
2022-12-22 00:00:00-05:00,4.685757472950185,4.795119547386342,4.636964952990674,4.710994720458984,184800,0.0,0.0
2022-12-23 00:00:00-05:00,4.70258252303421,4.954957008361816,4.70258252303421,4.954957008361816,242300,0.0,0.0
2022-12-27 00:00:00-05:00,4.971782300653447,5.325107004461299,4.753057732334541,5.148444652557373,388800,0.0,0.0
2022-12-28 00:00:00-05:00,5.215744519732421,5.22836354568188,4.8119449155432825,5.148444652557373,295200,0.0,0.0
2022-12-29 00:00:00-05:00,5.173681363224887,5.257806181907654,4.988606360984022,5.047493934631348,314300,0.0,0.0
2022-12-30 00:00:00-05:00,5.121022571827749,5.172924777456563,4.904763175466659,5.1383233070373535,214900,0.165,0.0
2023-01-03 00:00:00-05:00,5.034518289668232,5.242127087189225,4.973965517483602,4.991266250610352,306200,0.0,0.0
2023-01-04 00:00:00-05:00,4.939364310807754,5.198875733829072,4.93071373754876,5.1210222244262695,166400,0.0,0.0
2023-01-05 00:00:00-05:00,5.051819253037138,5.328630995681124,5.051819253037138,5.190225124359131,174900,0.0,0.0
2023-01-06 00:00:00-05:00,5.3459320438975935,5.4756877621316535,5.198876003213186,5.441086292266846,422200,0.0,0.0
2023-01-09 00:00:00-05:00,5.492987729367011,5.570841231923095,5.338146111490267,5.5448899269104,387000,0.0,0.0
2023-01-10 00:00:00-05:00,5.562191779974804,5.570842354215766,5.354582947976716,5.432436466217041,213000,0.0,0.0
2023-01-11 00:00:00-05:00,5.484338168205672,5.56219126678082,5.4064846571484795,5.527589797973633,244100,0.0,0.0
2023-01-12 00:00:00-05:00,5.484337900186275,5.579491728514851,5.345931619239393,5.536240100860596,159600,0.0,0.0
2023-01-13 00:00:00-05:00,5.510288794282423,5.605443035093025,5.441085860049994,5.536240100860596,253800,0.0,0.0
2023-01-17 00:00:00-05:00,5.53624042432622,5.864954793618057,5.432436016912603,5.813052177429199,367500,0.0,0.0
2023-01-18 00:00:00-05:00,5.925507285927604,5.993845250818331,5.26807894567342,5.276729106903076,493200,0.0,0.0
2023-01-19 00:00:00-05:00,5.112371739225123,5.276728921638651,4.861510885141857,5.0085673332214355,702500,0.0,0.0
2023-01-20 00:00:00-05:00,5.008567509070786,5.303545390430923,4.952340017390813,5.276729106903076,279000,0.0,0.0
2023-01-23 00:00:00-05:00,5.276729067586083,5.570841971880021,5.216176701983487,5.3459320068359375,209900,0.0,0.0
2023-01-24 00:00:00-05:00,5.363232740095323,5.5794921314295225,5.112371879146216,5.510289192199707,233600,0.0,0.0
2023-01-25 00:00:00-05:00,5.518939762918039,5.839003562927246,5.406484780488191,5.839003562927246,192500,0.0,0.0
2023-01-26 00:00:00-05:00,5.839003472358092,5.864954780394007,5.648695392528893,5.7871012687683105,248800,0.0,0.0
2023-01-27 00:00:00-05:00,5.7524998919861146,5.761150053148814,5.492988457392253,5.510289192199707,147300,0.0,0.0
2023-01-30 00:00:00-05:00,5.475687484393673,5.475687484393673,5.242127368411831,5.285379409790039,147100,0.0,0.0
2023-01-31 00:00:00-05:00,5.276729155294645,5.458387080086017,5.10372180429432,5.397834300994873,283000,0.0,0.0
2023-02-01 00:00:00-05:00,5.2940294918874375,5.415135040953525,5.077770113174892,5.259428024291992,142200,0.0,0.0
2023-02-02 00:00:00-05:00,5.259427723237457,5.467036929408413,5.121021860778158,5.337281227111816,260100,0.0,0.0
2023-02-03 00:00:00-05:00,5.3113306591334,5.3113306591334,4.9739661163050775,5.1383233070373535,463000,0.0,0.0
2023-02-06 00:00:00-05:00,5.1123718822010025,5.181574821472168,4.973966003658671,5.181574821472168,294400,0.0,0.0
2023-02-07 00:00:00-05:00,5.146973124868995,5.377938316359523,5.112371656759244,5.285379409790039,304400,0.0,0.0
2023-02-08 00:00:00-05:00,5.25077778082275,5.410809669048285,5.207525740769568,5.371882915496826,122400,0.0,0.0
2023-02-09 00:00:00-05:00,5.371883263472438,5.432436040972928,5.216176651662385,5.224826812744141,100700,0.0,0.0
2023-02-10 00:00:00-05:00,5.250777563074754,5.376207979048996,5.236071754571551,5.337281227111816,80000,0.0,0.0
2023-02-13 00:00:00-05:00,5.319980806715467,5.544890346419439,5.285379339068703,5.423785209655762,242700,0.0,0.0
2023-02-14 00:00:00-05:00,5.3978335081579765,5.588141978787777,5.384858061859309,5.44973611831665,138100,0.0,0.0
2023-02-15 00:00:00-05:00,5.501639032630165,5.501639032630165,5.250778171608415,5.3459320068359375,117100,0.0,0.0
2023-02-16 00:00:00-05:00,5.268078605245321,5.51893945192538,5.2507778714219375,5.423785209655762,182200,0.0,0.0
2023-02-17 00:00:00-05:00,5.415134699639311,5.456656375640342,5.181574189368257,5.406484127044678,262800,0.0,0.0
2023-02-21 00:00:00-05:00,5.371883433169479,5.4064849035536575,5.207526242603601,5.302680492401123,173500,0.0,0.0
2023-02-22 00:00:00-05:00,5.328630959482882,5.38053316087605,5.224826556696548,5.259428024291992,155700,0.0,0.0
2023-02-23 00:00:00-05:00,5.319981475977035,5.449737202216881,5.285380003977354,5.432436466217041,243900,0.0,0.0
2023-02-24 00:00:00-05:00,5.33728144844709,5.406484382546562,5.259427941344172,5.371882915496826,182400,0.0,0.0
2023-02-27 00:00:00-05:00,5.389183814119295,5.449736589552378,5.268078675735163,5.285379409790039,311100,0.0,0.0
2023-02-28 00:00:00-05:00,5.3199811108582695,5.389184050108124,5.224826863148691,5.3459320068359375,211100,0.0,0.0
2023-03-01 00:00:00-05:00,5.328630919112507,5.475687361520046,5.319980758520196,5.467037200927734,218000,0.0,0.0
2023-03-02 00:00:00-05:00,5.441086147072763,5.441086147072763,5.086420884181606,5.103721618652344,129100,0.0,0.0
2023-03-03 00:00:00-05:00,5.14697243131218,5.302679429306512,5.095070236141395,5.11237096786499,181300,0.0,0.0
2023-03-06 00:00:00-05:00,5.060469554435153,5.389183920445202,5.025868085642732,5.363232612609863,185300,0.0,0.0
2023-03-07 00:00:00-05:00,5.458386274501522,5.4843375795625375,5.190224713787032,5.3113298416137695,123100,0.0,0.0
2023-03-08 00:00:00-05:00,5.250778045275516,5.441086123633834,5.250778045275516,5.363232612609863,182500,0.0,0.0
2023-03-09 00:00:00-05:00,5.311330566688685,5.418595288114097,5.077770439183149,5.086421012878418,105100,0.0,0.0
2023-03-10 00:00:00-05:00,5.017218038619294,5.155623916931974,4.627950887141801,4.662552356719971,469200,0.0,0.0
2023-03-13 00:00:00-04:00,4.550097865728889,4.740405951708692,4.093357716909649,4.524146556854248,359200,0.0,0.0
2023-03-14 00:00:00-04:00,4.610650280277012,4.688503795228997,4.264635162412933,4.290586471557617,351400,0.0,0.0
2023-03-15 00:00:00-04:00,4.238684318783898,4.286261238248681,4.05702638994444,4.2473344802856445,385800,0.0,0.0
2023-03-16 00:00:00-04:00,4.169481351501063,4.567398677732712,4.082977262116913,4.550097942352295,217800,0.0,0.0
2023-03-17 00:00:00-04:00,4.472244147621055,4.56739839251228,4.29750644245325,4.515495777130127,237100,0.0,0.0
2023-03-20 00:00:00-04:00,4.446292691207501,4.4722439980305415,4.307886821436693,4.3424882888793945,196100,0.0,0.0
2023-03-21 00:00:00-04:00,4.403041126710449,4.627950668334961,4.368439658768217,4.627950668334961,213800,0.0,0.0
2023-03-22 00:00:00-04:00,4.610650309942718,4.688503825395627,4.472244426899387,4.550097942352295,152500,0.0,0.0
2023-03-23 00:00:00-04:00,4.56739864226179,4.649577031560045,4.420342186429273,4.454943656921387,71600,0.0,0.0
2023-03-24 00:00:00-04:00,4.498195294913515,4.645251750946045,4.411691618565575,4.645251750946045,74900,0.0,0.0
2023-03-27 00:00:00-04:00,4.697153899569092,4.861511088870237,4.662552429451174,4.852860927581787,185200,0.0,0.0
2023-03-28 00:00:00-04:00,4.904762759193561,5.017217734752835,4.826909251116829,4.930713653564453,295500,0.0,0.0
2023-03-29 00:00:00-04:00,4.9739654539532,5.025867652670523,4.857185197477717,4.870161056518555,143700,0.0,0.0
2023-03-30 00:00:00-04:00,4.904763054853495,4.930713950788711,4.8009586461485245,4.82690954208374,61500,0.0,0.0
2023-03-31 00:00:00-04:00,4.844210638283953,4.922064156862191,4.619301069309834,4.679853439331055,145600,0.0,0.0
2023-04-03 00:00:00-04:00,4.749056016725889,4.8269095292892805,4.679853077772674,4.800958633422852,95600,0.0,0.0
2023-04-04 00:00:00-04:00,4.775007062324813,4.835559836817925,4.645251352686448,4.671202659606934,129300,0.0,0.0
2023-04-05 00:00:00-04:00,4.714454559745661,4.82690954208374,4.567398520321313,4.82690954208374,233300,0.0,0.0
2023-04-06 00:00:00-04:00,4.861510592869215,5.034518338289561,4.844209859575383,4.948014259338379,79700,0.0,0.0
2023-04-10 00:00:00-04:00,4.861511046586093,5.138323217603864,4.861511046586093,5.086421012878418,143100,0.0,0.0
2023-04-11 00:00:00-04:00,5.164274198382346,5.3632328593324035,5.164274198382346,5.302680492401123,146600,0.0,0.0
2023-04-12 00:00:00-04:00,5.389183314012329,5.441085511360521,5.285378919315943,5.380532741546631,116100,0.0,0.0
2023-04-13 00:00:00-04:00,5.397833375928005,5.423784680371616,5.2724029648281965,5.328630447387695,130200,0.0,0.0
2023-04-14 00:00:00-04:00,5.389184087469633,5.441086292266846,5.276729104167977,5.441086292266846,117200,0.0,0.0
2023-04-17 00:00:00-04:00,5.44108662797592,5.449737202216881,5.276729429736393,5.432436466217041,194100,0.0,0.0
2023-04-18 00:00:00-04:00,5.458386669206816,5.605443112728472,5.233477129836424,5.259428024291992,207600,0.0,0.0
2023-04-19 00:00:00-04:00,5.190225343463365,5.250778120963976,5.0345187316530025,5.060469627380371,219700,0.0,0.0
2023-04-20 00:00:00-04:00,4.9739661163050775,5.207526247875772,4.965315542459243,5.1383233070373535,69000,0.0,0.0
2023-04-21 00:00:00-04:00,5.2075258946060305,5.2334772019009765,5.051819288282461,5.1210222244262695,86800,0.0,0.0
2023-04-24 00:00:00-04:00,5.1210222244262695,5.198875733829072,5.069120022318413,5.1210222244262695,153200,0.0,0.0
2023-04-25 00:00:00-04:00,5.086420973710251,5.181574808733139,5.025868195755824,5.155623912811279,124800,0.0,0.0
2023-04-26 00:00:00-04:00,5.129672617018794,5.33987677192009,5.129672617018794,5.181574821472168,136500,0.0,0.0
2023-04-27 00:00:00-04:00,5.181574135367448,5.250777477957287,5.04316827515177,5.05181884765625,126900,0.0,0.0
2023-04-28 00:00:00-04:00,5.008567509070786,5.31133057678582,4.95666530424667,5.276729106903076,334200,0.0,0.0
2023-05-01 00:00:00-04:00,5.3113306591334,5.3113306591334,5.017218160570121,5.1383233070373535,73600,0.0,0.0
2023-05-02 00:00:00-04:00,5.129672212028739,5.129672212028739,4.948014304542879,5.043168544769287,167800,0.0,0.0
2023-05-03 00:00:00-04:00,5.0691201096312755,5.095071004891175,4.913413088143701,5.0085673332214355,181100,0.0,0.0
2023-05-04 00:00:00-04:00,4.930713639198848,5.043168614430485,4.870161277521834,4.9047627449035645,137700,0.0,0.0
2023-05-05 00:00:00-04:00,4.930713703148362,5.251642874126977,4.930713703148362,5.190225124359131,81500,0.0,0.0
2023-05-08 00:00:00-04:00,5.22482672161665,5.302680232404839,5.172924518585205,5.172924518585205,80600,0.0,0.0
2023-05-09 00:00:00-04:00,5.1815740179985434,5.406483948236539,5.1815740179985434,5.328630447387695,145400,0.0,0.0
2023-05-10 00:00:00-04:00,5.363232435032908,5.510288878772673,5.190225096799084,5.423785209655762,180300,0.0,0.0
2023-05-11 00:00:00-04:00,5.423785519733052,5.484338297817701,5.268078906420878,5.3459320068359375,169200,0.0,0.0
2023-05-12 00:00:00-04:00,5.285379154896832,5.449736326732866,5.2576978992475825,5.319980621337891,191000,0.0,0.0
2023-05-15 00:00:00-04:00,5.432435962676751,5.432435962676751,5.181574695208629,5.363232612609863,137500,0.0,0.0
2023-05-16 00:00:00-04:00,5.423785238456011,5.423785238456011,5.146973083329992,5.190225124359131,337800,0.0,0.0
2023-05-17 00:00:00-04:00,5.207525830622466,5.51893945192538,5.121022161505555,5.423785209655762,334000,0.0,0.0
2023-05-18 00:00:00-04:00,5.397834159199754,5.4410862020546835,5.224826812744141,5.224826812744141,136800,0.0,0.0
2023-05-19 00:00:00-04:00,5.259428332773619,5.415135358567847,5.198875967171023,5.3459320068359375,133300,0.0,0.0
2023-05-22 00:00:00-04:00,5.345931722127685,5.665995917835688,5.2680786258588475,5.61409330368042,318000,0.0,0.0
2023-05-23 00:00:00-04:00,5.683297298485649,5.855439682163979,5.54489099912436,5.6919474601745605,552800,0.0,0.0
2023-05-24 00:00:00-04:00,5.735199506065353,5.743849667754264,5.449737158135942,5.6919474601745605,301600,0.0,0.0
2023-05-25 00:00:00-04:00,5.665996309360135,5.665996309360135,5.423785605666067,5.562191486358643,218800,0.0,0.0
2023-05-26 00:00:00-04:00,5.544890751272071,5.778450881181822,5.510289281098927,5.562191486358643,256100,0.0,0.0
2023-05-30 00:00:00-04:00,5.596793060512332,5.8563045041143305,5.518939957417388,5.847654342651367,222600,0.0,0.0
2023-05-31 00:00:00-04:00,5.88225537950335,5.88225537950335,5.579491913476736,5.640044689178467,365800,0.0,0.0
2023-06-01 00:00:00-04:00,5.797481793042953,6.020661392264445,5.698867234970489,5.95145845413208,278900,0.0,0.0
2023-06-02 00:00:00-04:00,5.951458071194155,6.098514511504322,5.873604564563592,6.003360271453857,407000,0.0,0.0
2023-06-05 00:00:00-04:00,6.037962014452364,6.319964435824935,6.003360546029993,6.159067153930664,536300,0.0,0.0
2023-06-06 00:00:00-04:00,6.089864076461786,6.271521987725501,6.089864076461786,6.150416851043701,380600,0.0,0.0
2023-06-07 00:00:00-04:00,6.228269434091939,6.340724400848871,6.076888128825606,6.219619274139404,414800,0.0,0.0
2023-06-08 00:00:00-04:00,6.202319752028878,6.35802637389596,6.055263291802262,6.185019016265869,194800,0.0,0.0
2023-06-09 00:00:00-04:00,6.185018224627963,6.258546445330186,6.089863983869433,6.098514556884766,139900,0.0,0.0
2023-06-12 00:00:00-04:00,6.05526308318493,6.089864553518851,5.934157937016209,5.98606014251709,158400,0.0,0.0
2023-06-13 00:00:00-04:00,5.986059265997795,6.063912769090311,5.8312176470541495,5.8736042976379395,220400,0.0,0.0
2023-06-14 00:00:00-04:00,5.916856722262818,5.954918089055857,5.735198811492852,5.821702480316162,113800,0.0,0.0
2023-06-15 00:00:00-04:00,5.830352862926346,6.132251359208702,5.830352862926346,6.020661354064941,267100,0.0,0.0
2023-06-16 00:00:00-04:00,6.063913113883397,6.40127762566345,6.003360339981532,6.288822650909424,347100,0.0,0.0
2023-06-20 00:00:00-04:00,6.401277288251184,6.49643152437223,6.19366808330363,6.435878753662109,435300,0.0,0.0
2023-06-21 00:00:00-04:00,6.427228862199437,6.600236620070711,6.185018578654521,6.280172824859619,608300,0.0,0.0
2023-06-22 00:00:00-04:00,6.271521528399853,6.323423726033598,5.916856304994929,5.942807197570801,309100,0.0,0.0
2023-06-23 00:00:00-04:00,5.9255071590799275,6.098514917272115,5.830352912698326,5.977409362792969,259000,0.0,0.0
2023-06-26 00:00:00-04:00,6.202319752028878,6.349376212255494,6.046612717679719,6.185019016265869,347400,0.0,0.0
2023-06-27 00:00:00-04:00,6.176368056692532,6.219620099641847,5.873604993493475,5.908206462860107,213600,0.0,0.0
2023-06-28 00:00:00-04:00,5.8909059749303205,6.081214476900337,5.813052459353307,5.847654342651367,229700,0.0,0.0
2023-06-29 00:00:00-04:00,5.813052165385302,6.012010818756876,5.813052165385302,5.95145845413208,217900,0.0,0.0
2023-06-30 00:00:00-04:00,5.986059807708262,6.027581487290187,5.82170262657384,5.9947099685668945,139800,0.0,0.0
2023-07-03 00:00:00-04:00,6.115815330330585,6.124465490920323,5.890905380249023,5.890905380249023,229900,0.0,0.0
2023-07-05 00:00:00-04:00,5.873604316220851,6.107164413755332,5.830352278258834,6.037961483001709,501300,0.0,0.0
2023-07-06 00:00:00-04:00,6.003359876214923,6.003359876214923,5.596792048891141,5.657344818115234,238300,0.0,0.0
2023-07-07 00:00:00-04:00,5.709247553394157,5.829487715958394,5.67464608556914,5.7784504890441895,146400,0.0,0.0
2023-07-10 00:00:00-04:00,5.726548160698093,5.80440166782413,5.683296533114092,5.795751094818115,233900,0.0,0.0
2023-07-11 00:00:00-04:00,5.78710063446959,5.908205762905279,5.740388697606883,5.8736042976379395,209100,0.0,0.0
2023-07-12 00:00:00-04:00,5.8476537039295575,6.09851454618574,5.8476537039295575,5.934157371520996,326100,0.0,0.0
2023-07-13 00:00:00-04:00,5.977409311765611,6.089864291758232,5.916856947525004,6.020661354064941,405300,0.0,0.0
2023-07-14 00:00:00-04:00,6.020660763007109,6.020660763007109,5.787100664980196,5.804401397705078,171400,0.0,0.0
2023-07-17 00:00:00-04:00,5.81305188149619,6.089864032989161,5.81305188149619,6.055262565612793,281500,0.0,0.0
2023-07-18 00:00:00-04:00,6.05526247171356,6.098514511504322,6.003360271453857,6.003360271453857,260200,0.0,0.0
2023-07-19 00:00:00-04:00,6.089863661799813,6.13311569962499,5.778450061911754,5.8736042976379395,227500,0.0,0.0
2023-07-20 00:00:00-04:00,5.916856308754717,6.115814939384832,5.864954111087991,6.081213474273682,202900,0.0,0.0
2023-07-21 00:00:00-04:00,6.10716443205315,6.2741165236205765,6.050071972762154,6.2023186683654785,245900,0.0,0.0
2023-07-24 00:00:00-04:00,6.280172611772835,6.3839770154842785,6.063913231132978,6.1071648597717285,352000,0.0,0.0
2023-07-25 00:00:00-04:00,6.029311210208183,6.159066918063991,5.968758849028957,6.098514556884766,217000,0.0,0.0
2023-07-26 00:00:00-04:00,6.003359913060073,6.271521471300605,6.003359913060073,6.219619274139404,143700,0.0,0.0
2023-07-27 00:00:00-04:00,6.245570663791396,6.245570663791396,5.8044017465515,5.821702480316162,219200,0.0,0.0
2023-07-28 00:00:00-04:00,5.9601084958448105,6.0379620059262304,5.804401888164011,5.830352783203125,209300,0.0,0.0
2023-07-31 00:00:00-04:00,5.873604724528632,5.89090545841971,5.596792569789342,5.61409330368042,795100,0.0,0.0
2023-08-01 00:00:00-04:00,5.562191396622069,5.7524998919861146,5.406484783354984,5.510289192199707,357400,0.0,0.0
2023-08-02 00:00:00-04:00,5.458386642164602,5.596792511860685,5.33728150618053,5.492988109588623,311000,0.0,0.0
2023-08-03 00:00:00-04:00,5.42378511607143,5.588142290798689,5.328630875443644,5.371882915496826,304000,0.0,0.0
2023-08-04 00:00:00-04:00,5.354581849113534,5.492987708708714,5.285378919315943,5.380532741546631,232400,0.0,0.0
2023-08-07 00:00:00-04:00,5.3632325067959625,5.389183814119295,5.242127368411831,5.285379409790039,281300,0.0,0.0
2023-08-08 00:00:00-04:00,5.207525970205436,5.665996047536987,5.207525970205436,5.596792697906494,433100,0.0,0.0
2023-08-09 00:00:00-04:00,5.570841931030793,5.717898382099443,5.536240461659586,5.579492092132568,284600,0.0,0.0
2023-08-10 00:00:00-04:00,5.579491628560541,5.769800106772445,5.579491628560541,5.74384880065918,378600,0.0,0.0
2023-08-11 00:00:00-04:00,5.6659958426494885,5.916856686982291,5.6659958426494885,5.890905380249023,518900,0.0,0.0
2023-08-14 00:00:00-04:00,5.908206274459778,5.968759050161509,5.198875762580836,5.640044689178467,878800,0.0,0.0
2023-08-15 00:00:00-04:00,5.579492117365161,5.9082064903602385,5.570841956224266,5.648695468902588,365300,0.0,0.0
2023-08-16 00:00:00-04:00,5.553541146373269,6.029311552187292,5.544890572867281,5.7871012687683105,418900,0.0,0.0
2023-08-17 00:00:00-04:00,5.830352898852105,5.992980133419059,5.705787857725857,5.7871012687683105,361800,0.0,0.0
2023-08-18 00:00:00-04:00,5.778450604010148,5.808727198320934,5.6486953033257885,5.735198974609375,471900,0.0,0.0
2023-08-21 00:00:00-04:00,5.717897587339328,5.7438484795196585,5.614092781172025,5.657344818115234,89400,0.0,0.0
2023-08-22 00:00:00-04:00,5.691947110900839,5.925507236918646,5.60717338664465,5.839003562927246,247600,0.0,0.0
2023-08-23 00:00:00-04:00,5.873605043477019,6.09851500875613,5.813052265329092,6.029311656951904,277900,0.0,0.0
2023-08-24 00:00:00-04:00,6.003360364548241,6.107164766677346,5.882255228730953,6.055262565612793,216100,0.0,0.0
2023-08-25 00:00:00-04:00,6.098514523007491,6.1763676173028825,5.9687588158724765,6.167717456817627,256400,0.0,0.0
2023-08-28 00:00:00-04:00,6.1850181827347654,6.444529184206602,6.141766142915115,6.4272284507751465,291000,0.0,0.0
2023-08-29 00:00:00-04:00,6.41857832441523,6.522382725555686,6.21961968265501,6.358025550842285,383800,0.0,0.0
2023-08-30 00:00:00-04:00,6.340725189504824,6.483456352571448,6.210969474221881,6.280172824859619,181600,0.0,0.0
2023-08-31 00:00:00-04:00,6.271522575524717,6.323424781824314,6.029311866977858,6.228270530700684,457400,0.0,0.0
2023-09-01 00:00:00-04:00,6.262871203928029,6.366676015788717,6.089863871630245,6.14176607131958,381000,0.0,0.0
2023-09-05 00:00:00-04:00,6.115815732181781,6.124465893339894,5.8217028281289664,5.839003562927246,198200,0.0,0.0
2023-09-06 00:00:00-04:00,5.882255554208438,5.921181897799206,5.66599616489904,5.717898368835449,304400,0.0,0.0
2023-09-07 00:00:00-04:00,5.700596946661569,5.700596946661569,5.380532775599086,5.44973611831665,519400,0.0,0.0
2023-09-08 00:00:00-04:00,5.389183588037775,5.562190921328707,5.19887552141775,5.250777721405029,439000,0.0,0.0
2023-09-11 00:00:00-04:00,5.264618623683989,5.371883345109401,5.043168969366184,5.086421012878418,429700,0.0,0.0
2023-09-12 00:00:00-04:00,5.069119585960295,5.389183344314815,5.069119585960295,5.3113298416137695,220600,0.0,0.0
2023-09-13 00:00:00-04:00,5.31133062549471,5.449736918777032,5.164274170903403,5.397834300994873,290100,0.0,0.0
2023-09-14 00:00:00-04:00,5.423785341919734,5.605443257736159,5.345931831574968,5.5708417892456055,269500,0.0,0.0
2023-09-15 00:00:00-04:00,5.570841997638075,5.60544346742299,5.371883340133785,5.415135383605957,161700,0.0,0.0
2023-09-18 00:00:00-04:00,5.423785628725095,5.648695598288787,5.363232849423625,5.631394863128662,136300,0.0,0.0
2023-09-19 00:00:00-04:00,5.614092969839493,5.622743542511643,5.467036946750998,5.501638412475586,109500,0.0,0.0
2023-09-20 00:00:00-04:00,5.527589204688229,5.63139401245029,5.276728376520416,5.3113298416137695,210400,0.0,0.0
2023-09-21 00:00:00-04:00,5.2853790286895785,5.51893912783065,5.13832259358557,5.337281227111816,444500,0.0,0.0
2023-09-22 00:00:00-04:00,5.345931955263071,5.406484732763561,5.216176651662385,5.224826812744141,151300,0.0,0.0
2023-09-25 00:00:00-04:00,5.216176875974279,5.276729243596659,5.069120418922095,5.095071315765381,126500,0.0,0.0
2023-09-26 00:00:00-04:00,5.043168271040797,5.138322506102509,4.896111838440512,4.913412570953369,247400,0.0,0.0
2023-09-27 00:00:00-04:00,4.99126645717209,5.0950708602284935,4.896112214796038,4.999917030334473,231300,0.0,0.0
2023-09-28 00:00:00-04:00,4.9826165277062815,5.302680324890193,4.9826165277062815,5.224826812744141,193500,0.0,0.0
2023-09-29 00:00:00-04:00,5.268078343117576,5.268078343117576,5.017217508919788,5.034518241882324,169600,0.0,0.0
2023-10-02 00:00:00-04:00,5.02586788073962,5.02586788073962,4.887462011212699,4.9047627449035645,247100,0.0,0.0
2023-10-03 00:00:00-04:00,4.852860811654587,4.896112442027742,4.671202891634005,4.731755256652832,341500,0.0,0.0
2023-10-04 00:00:00-04:00,4.6625523430343705,4.800958633422852,4.584699242953031,4.800958633422852,208800,0.0,0.0
2023-10-05 00:00:00-04:00,4.792307769671927,4.913412905507983,4.697153528131156,4.9047627449035645,257200,0.0,0.0
2023-10-06 00:00:00-04:00,4.870161210250384,5.095070745124958,4.757706236572085,5.043168544769287,134100,0.0,0.0
2023-10-09 00:00:00-04:00,4.96531521897989,5.231746853836019,4.939364324097158,5.146973133087158,176700,0.0,0.0
2023-10-10 00:00:00-04:00,5.216176048952123,5.319980444831269,5.09507050794445,5.242126941680908,183000,0.0,0.0
2023-10-11 00:00:00-04:00,5.311330152123179,5.579491728514851,5.172924283658322,5.536240100860596,227700,0.0,0.0
2023-10-12 00:00:00-04:00,5.570841185811115,5.70059688483655,5.319980360186872,5.588141918182373,377400,0.0,0.0
2023-10-13 00:00:00-04:00,5.66599624578762,5.683296980680078,5.4064848099187,5.415135383605957,117100,0.0,0.0
2023-10-16 00:00:00-04:00,5.415135730217201,5.5102895719752825,5.345932373735755,5.432436466217041,131900,0.0,0.0
2023-10-17 00:00:00-04:00,5.449736474044325,6.063913138697899,5.329495900557114,6.055262565612793,590700,0.0,0.0
2023-10-18 00:00:00-04:00,5.994709399013805,6.258546086088828,5.94280720134708,6.081213474273682,791000,0.0,0.0
2023-10-19 00:00:00-04:00,6.037962044509241,6.225675197251957,5.761149883270264,5.761149883270264,269400,0.0,0.0
2023-10-20 00:00:00-04:00,5.78710106224146,5.916856772826288,5.6140933106343445,5.7784504890441895,310600,0.0,0.0
2023-10-23 00:00:00-04:00,5.553540812405696,5.6227437463638195,5.207525730133057,5.207525730133057,606600,0.0,0.0
2023-10-24 00:00:00-04:00,5.216176651662385,5.415135306327366,5.198875917016824,5.224826812744141,289800,0.0,0.0
2023-10-25 00:00:00-04:00,5.2767284727837565,5.665995580908382,5.2767284727837565,5.501638412475586,343700,0.0,0.0
2023-10-26 00:00:00-04:00,5.492988109588623,5.640044552381725,5.4324357478376015,5.492988109588623,179700,0.0,0.0
2023-10-27 00:00:00-04:00,5.536240715323255,5.579492347777972,5.3026805801251555,5.354582786560059,64600,0.0,0.0
2023-10-30 00:00:00-04:00,5.294030376817061,5.448872032061713,4.913413757162736,5.017218589782715,339900,0.0,0.0
2023-10-31 00:00:00-04:00,5.0172179035738225,5.095071001788153,4.705804273270375,4.844210147857666,344800,0.0,0.0
2023-11-01 00:00:00-04:00,4.861511131201615,5.198876086512002,4.84421039599201,5.1383233070373535,277200,0.0,0.0
2023-11-02 00:00:00-04:00,5.129672727998168,5.337281962785301,5.129672727998168,5.302680492401123,192300,0.0,0.0
2023-11-03 00:00:00-04:00,5.3545822215223255,5.397833849412951,5.112371537903116,5.164273738861084,368500,0.0,0.0
2023-11-06 00:00:00-05:00,5.129672786544475,5.198876140584732,5.086421154311642,5.095071315765381,74500,0.0,0.0
2023-11-07 00:00:00-05:00,5.129672426498991,5.311330341579921,5.1037215314771665,5.216176509857178,172300,0.0,0.0
2023-11-08 00:00:00-05:00,5.233476502412133,5.27672812548013,5.01721714962621,5.11237096786499,123000,0.0,0.0
2023-11-09 00:00:00-05:00,5.112371558330782,5.294029468650538,5.034518462823764,5.069119930267334,109600,0.0,0.0
2023-11-10 00:00:00-05:00,5.112371664922158,5.319980886394195,5.103721504121927,5.146973133087158,104400,0.0,0.0
2023-11-13 00:00:00-05:00,5.337281834192506,5.337281834192506,5.082095686895923,5.155623912811279,87000,0.0,0.0
2023-11-14 00:00:00-05:00,5.303544956201294,5.449736422599744,5.216176313773014,5.371882915496826,184400,0.0,0.0
2023-11-15 00:00:00-05:00,5.3286311276795395,5.430705584052661,5.164273945172275,5.172924518585205,113700,0.0,0.0
2023-11-16 00:00:00-05:00,5.355412159363599,5.547986941619513,5.282050420841433,5.373752593994141,284200,0.339,0.0
2023-11-17 00:00:00-05:00,5.373752055329243,5.6947098478261395,5.327900754713796,5.648858547210693,235000,0.0,0.0
2023-11-20 00:00:00-05:00,6.666754306665011,7.061073868558103,6.419158221332985,6.7859673500061035,1162100,0.0,0.0
2023-11-21 00:00:00-05:00,6.840988903932369,6.850158902917612,6.446669327616653,6.70343542098999,645200,0.0,0.0
2023-11-22 00:00:00-05:00,6.905180411505019,7.010637801242982,6.492519976686212,6.730946063995361,447100,0.0,0.0
2023-11-24 00:00:00-05:00,7.0610741217945705,7.473734133057324,6.9877123808830115,7.271989345550537,607200,0.0,0.0
2023-11-27 00:00:00-05:00,7.611287400313596,8.033117811643,7.281159157257881,7.592946529388428,1129100,0.0,0.0
2023-11-28 00:00:00-05:00,7.519584954264934,7.684649297929132,7.1619462717765705,7.3820319175720215,504300,0.0,0.0
2023-11-29 00:00:00-05:00,7.372861773665078,7.813033082673918,7.244478730278599,7.758011341094971,308900,0.0,0.0
2023-11-30 00:00:00-05:00,7.886394782450075,7.886394782450075,7.547095647729136,7.693819999694824,328200,0.0,0.0
2023-12-01 00:00:00-05:00,7.702989589406362,7.794692200403949,7.134436112298145,7.189457416534424,837200,0.0,0.0
2023-12-04 00:00:00-05:00,7.207797926830148,7.3636914051650795,7.061074010058358,7.143606185913086,677200,0.0,0.0
2023-12-05 00:00:00-05:00,7.20779794694574,7.611287953970918,7.033563595916426,7.547095775604248,449300,0.0,0.0
2023-12-06 00:00:00-05:00,7.602116796545373,7.6571385335618745,7.44163767766649,7.629627227783203,374500,0.0,0.0
2023-12-07 00:00:00-05:00,7.64796908550645,7.959756928250408,7.25364906385486,7.913905620574951,408800,0.0,0.0
2023-12-08 00:00:00-05:00,7.913904933131613,7.941415365530806,7.657138856810444,7.886394500732422,301200,0.0,0.0
2023-12-11 00:00:00-05:00,7.813032544025618,8.06062817770879,7.702989068454372,7.978096008300781,414100,0.0,0.0
2023-12-12 00:00:00-05:00,7.950586029114256,8.564991242402922,7.84971385773138,8.48245906829834,746500,0.0,0.0
2023-12-13 00:00:00-05:00,8.574161835005116,8.66586357215424,8.115650525636733,8.61084270477295,611600,0.0,0.0
2023-12-14 00:00:00-05:00,8.665863031643193,8.665863031643193,8.17067088339332,8.32656478881836,288400,0.0,0.0
2023-12-15 00:00:00-05:00,8.30822492097941,8.574161432961638,8.143160577493585,8.564990997314453,489100,0.0,0.0
2023-12-18 00:00:00-05:00,8.693373811288634,8.748395551979467,8.409097295585212,8.592501640319824,486700,0.0,0.0
2023-12-19 00:00:00-05:00,8.574161367524558,8.702543967441839,8.344905725339848,8.445777893066406,218300,0.0,0.0
2023-12-20 00:00:00-05:00,8.427437497385371,8.785076634206122,8.262374020387343,8.271544456481934,640400,0.0,0.0
2023-12-21 00:00:00-05:00,8.409799575199127,8.829336585679588,7.95212382847958,8.381195068359375,603300,0.345,0.0
2023-12-22 00:00:00-05:00,8.467009890634188,8.877011781397485,8.247706236509314,8.514684677124023,388900,0.0,0.0
2023-12-26 00:00:00-05:00,8.581428616545784,8.924685433852092,8.581428616545784,8.781661987304688,243900,0.0,0.0
2023-12-27 00:00:00-05:00,8.819801899017103,8.896081194046712,8.562358596301479,8.600499153137207,334800,0.0,0.0
2023-12-28 00:00:00-05:00,8.57189369345509,8.714918052924595,8.400265735140971,8.514684677124023,194300,0.0,0.0
2023-12-29 00:00:00-05:00,8.482766284715565,8.90835504309018,8.415058290417122,8.801958084106445,315100,0.127,0.0
2024-01-02 00:00:00-05:00,8.76326777136428,8.801957656610142,8.4730931708005,8.589162826538086,323400,0.0,0.0
2024-01-03 00:00:00-05:00,8.598834962567278,8.82130155748048,8.454714849718155,8.531126976013184,165200,0.0,0.0
2024-01-04 00:00:00-05:00,8.42473057275695,8.705232471037231,8.357023504274006,8.386040687561035,190600,0.0,0.0
2024-01-05 00:00:00-05:00,8.424730724833147,8.705232628176814,8.260298479172413,8.63752555847168,286000,0.0,0.0
2024-01-08 00:00:00-05:00,8.55047228591673,8.840646864239247,8.492437001276404,8.753594398498535,212100,0.0,0.0
2024-01-09 00:00:00-05:00,8.69555933312076,8.801957203904303,8.434402851753003,8.444074630737305,219900,0.0,0.0
2024-01-10 00:00:00-05:00,8.46342046222837,8.682018359817693,8.328005402754451,8.656869888305664,185800,0.0,0.0
2024-01-11 00:00:00-05:00,8.676215584013432,8.76326805928669,8.434403562672006,8.482766151428223,406500,0.0,0.0
2024-01-12 00:00:00-05:00,8.566579734681936,8.65916532806649,8.478867165100175,8.527596473693848,214300,0.066,0.0
2024-01-16 00:00:00-05:00,8.58607127410556,8.936920600287413,8.58607127410556,8.703021049499512,577500,0.0,0.0
2024-01-17 00:00:00-05:00,8.693275619263053,8.956412400208945,8.556833740239906,8.771242141723633,356500,0.0,0.0
2024-01-18 00:00:00-05:00,8.839462561955912,8.868700704773852,8.537342521644584,8.751749992370605,224000,0.0,0.0
2024-01-19 00:00:00-05:00,8.75174976758274,8.917428854891922,8.5275962550081,8.858954429626465,281000,0.0,0.0
2024-01-22 00:00:00-05:00,8.897938107508203,9.20980420206211,8.849208797875587,9.053871154785156,422000,0.0,0.0
2024-01-23 00:00:00-05:00,9.044124827271903,9.073362969807814,8.62505500803387,8.712766647338867,322500,0.0,0.0
2024-01-24 00:00:00-05:00,8.829716871868174,8.897937341822763,8.615308485595499,8.703021049499512,245900,0.0,0.0
2024-01-25 00:00:00-05:00,8.810225023937178,9.312135303939913,8.810225023937178,9.248786926269531,410100,0.0,0.0
2024-01-26 00:00:00-05:00,9.278025068010116,9.423237082477787,9.034379463443896,9.248786926269531,267700,0.0,0.0
2024-01-29 00:00:00-05:00,9.248787262056132,9.355991926795344,8.9174290791063,9.180566787719727,236600,0.0,0.0
2024-01-30 00:00:00-05:00,9.141583692753843,9.336500001136109,9.024633907724484,9.258533477783203,282500,0.0,0.0
2024-01-31 00:00:00-05:00,9.326753953358427,9.58989166675019,9.21955021610675,9.258533477783203,159600,0.0,0.0
2024-02-01 00:00:00-05:00,9.297516735925758,9.531416305895574,9.229296260376463,9.482686996459961,167500,0.0,0.0
2024-02-02 00:00:00-05:00,9.37548252811909,9.53921258610348,9.297516010875896,9.35599136352539,356900,0.0,0.0
2024-02-05 00:00:00-05:00,9.326754023261374,9.385229380931456,8.839462783936384,8.84920883178711,268300,0.0,0.0
2024-02-06 00:00:00-05:00,8.878445594903539,8.995395374868686,8.712766507594358,8.858954429626465,337000,0.0,0.0
2024-02-07 00:00:00-05:00,8.040304923757127,8.557808319961111,8.030558876542905,8.371663093566895,552000,0.0,0.0
2024-02-08 00:00:00-05:00,8.28395037400693,8.391154103074236,7.981829422003863,8.089034080505371,386800,0.0,0.0
2024-02-09 00:00:00-05:00,8.225475395835389,8.439883793168566,8.176747017316512,8.264458656311035,264400,0.0,0.0
2024-02-12 00:00:00-05:00,8.235221155743076,8.381409074497626,8.118271378399964,8.12801742553711,104000,0.0,0.0
2024-02-13 00:00:00-05:00,8.040304841151883,8.342425795649248,8.040304841151883,8.332679748535156,124600,0.0,0.0
2024-02-14 00:00:00-05:00,8.40090030577534,8.566579390680223,8.2644584330789,8.371663093566895,198500,0.0,0.0
2024-02-15 00:00:00-05:00,8.274205012186984,8.4203929414951,8.157255226401059,8.17674732208252,222500,0.0,0.0
2024-02-16 00:00:00-05:00,8.18649179388322,8.26445831158236,8.098780158547344,8.108525276184082,187200,0.0,0.0
2024-02-20 00:00:00-05:00,7.903863154062088,8.352171107982103,7.903863154062088,8.205984115600586,258300,0.0,0.0
2024-02-21 00:00:00-05:00,8.215730529954849,8.400900790538978,8.05979748326626,8.157255172729492,305700,0.0,0.0
2024-02-22 00:00:00-05:00,8.118271959588098,8.615309245954947,8.118271959588098,8.400900840759277,276700,0.0,0.0
2024-02-23 00:00:00-05:00,8.430137745691093,8.430137745691093,8.177721064403714,8.264458656311035,163800,0.0,0.0
2024-02-26 00:00:00-05:00,8.27420484238067,8.430137886895121,8.030559227968276,8.098780632019043,166400,0.0,0.0
2024-02-27 00:00:00-05:00,8.108525379557983,8.196237945446294,7.845388611327264,7.933101177215576,249100,0.0,0.0
2024-02-28 00:00:00-05:00,7.81615159171628,7.933101372636857,7.728438558950168,7.806405544281006,264600,0.0,0.0
2024-02-29 00:00:00-05:00,7.786913479502211,8.235221439480652,7.669963698129693,7.825896739959717,575000,0.0,0.0
2024-03-01 00:00:00-05:00,7.864879749004931,8.074415115803765,7.782040671718644,7.9233551025390625,175400,0.0,0.0
2024-03-04 00:00:00-05:00,8.011067979764677,8.332680113128017,7.825896794231694,7.845388889312744,447700,0.0,0.0
2024-03-05 00:00:00-05:00,7.8453887771763675,8.576325602451789,7.747930162032617,7.796659469604492,388500,0.0,0.0
2024-03-06 00:00:00-05:00,7.825896767129457,7.991575857007619,7.733311639400727,7.8356428146362305,314000,0.0,0.0
2024-03-07 00:00:00-05:00,7.8064056726630495,7.8064056726630495,7.4653014422926445,7.650472164154053,304300,0.0,0.0
2024-03-08 00:00:00-05:00,7.630980602364314,7.728438755611425,7.523776401433926,7.6797099113464355,319400,0.0,0.0
2024-03-11 00:00:00-04:00,7.796659379806106,7.796659379806106,7.104705822670945,7.543267726898193,409900,0.0,0.0
2024-03-12 00:00:00-04:00,7.4847928151941785,7.757676097156407,7.387334666178066,7.74793004989624,421100,0.0,0.0
2024-03-13 00:00:00-04:00,7.708946704864502,8.07539008465179,7.669963445690042,7.708946704864502,652000,0.0,0.0
2024-03-14 00:00:00-04:00,7.747930187807803,7.747930187807803,7.426318057971444,7.591997146606445,370800,0.0,0.0
2024-03-15 00:00:00-04:00,7.504284346825726,7.767421578085404,7.504284346825726,7.6992011070251465,248200,0.0,0.0
2024-03-18 00:00:00-04:00,7.796659482319842,8.673783302307129,7.76742180478561,8.673783302307129,937800,0.0,0.0
2024-03-19 00:00:00-04:00,8.615308620541919,8.956411905091954,8.303442547939783,8.556833267211914,502300,0.0,0.0
2024-03-20 00:00:00-04:00,8.49835944150244,9.053871154785156,8.49835944150244,9.053871154785156,373000,0.0,0.0
2024-03-21 00:00:00-04:00,9.17082030245154,9.463195210479542,8.732258405126645,9.41446590423584,999900,0.0,0.0
2024-03-22 00:00:00-04:00,9.424211865001213,9.511924429549174,9.161074171357331,9.375482559204102,338400,0.0,0.0
2024-03-25 00:00:00-04:00,9.375483266552926,9.589891670576092,9.014887863543306,9.034379959106445,358900,0.0,0.0
2024-03-26 00:00:00-04:00,9.024633147677507,9.092853617507261,8.780987550360733,8.907683372497559,173700,0.0,0.0
2024-03-27 00:00:00-04:00,8.975904352736606,9.149379537149455,8.897937831516456,9.141583442687988,140900,0.0,0.0
2024-03-28 00:00:00-04:00,9.16107411935361,9.278024824376478,8.90768340362859,8.92717456817627,88200,0.0,0.0
2024-04-01 00:00:00-04:00,8.897937672181243,9.28777027130127,8.868700459605797,9.28777027130127,163000,0.0,0.0
2024-04-02 00:00:00-04:00,9.258533052043852,9.365736784365932,8.995395350752071,9.063616752624512,147900,0.0,0.0
2024-04-03 00:00:00-04:00,9.044125070407988,9.59963771087914,9.044125070407988,9.482686996459961,273000,0.0,0.0
2024-04-04 00:00:00-04:00,9.560654051058597,9.736078256513181,9.443703341509897,9.511924743652344,467400,0.0,0.0
2024-04-05 00:00:00-04:00,9.482686640363623,10.398794649161546,9.482686640363623,10.184386253356934,771100,0.0,0.0
2024-04-08 00:00:00-04:00,10.252607932065503,10.535236808473849,10.057690696390011,10.525490760803223,550400,0.0,0.0
2024-04-09 00:00:00-04:00,10.70091460126962,11.302232523764959,10.43290480564491,10.574219703674316,744800,0.0,0.0
2024-04-10 00:00:00-04:00,10.48650698733318,10.613202812559985,10.214598218983566,10.291590690612793,569300,0.0,0.0
2024-04-11 00:00:00-04:00,10.30133645493392,10.428032288112759,10.086928979801373,10.379302978515625,356800,0.0,0.0
2024-04-12 00:00:00-04:00,10.272098327946976,10.428031361250778,9.84328248636152,9.969977378845215,392700,0.0,0.0
2024-04-15 00:00:00-04:00,10.057690806867628,10.135657330220534,9.170820906652615,9.258533477783203,492700,0.0,0.0
2024-04-16 00:00:00-04:00,9.346245277413267,9.346245277413267,8.87064915244566,9.131836891174316,533000,0.0,0.0
2024-04-17 00:00:00-04:00,9.278025260253344,9.291669354907972,8.810225206487459,8.897937774658203,322600,0.0,0.0
2024-04-18 00:00:00-04:00,9.014887206486007,9.122090935966824,8.64454578268745,8.74200439453125,308800,0.0,0.0
2024-04-19 00:00:00-04:00,8.868700561746035,9.044124768653282,8.761495898677687,8.897937774658203,281700,0.0,0.0
2024-04-22 00:00:00-04:00,8.897938135031358,10.004089470545928,8.81022556330819,9.95048713684082,687900,0.0,0.0
2024-04-23 00:00:00-04:00,9.999215630503201,10.135656571439334,9.843282595470935,10.00896167755127,378500,0.0,0.0
2024-04-24 00:00:00-04:00,9.950486945733102,10.008962302236903,9.414466407279583,9.64836597442627,417100,0.0,0.0
2024-04-25 00:00:00-04:00,9.560654220527512,9.843283093172484,9.394975130070021,9.58989143371582,240200,0.0,0.0
2024-04-26 00:00:00-04:00,9.7068407733761,9.90175706813582,9.580144949423731,9.823790550231934,271000,0.0,0.0
2024-04-29 00:00:00-04:00,9.911503457197803,10.077182545818355,9.78480762887419,9.979723930358887,297400,0.0,0.0
2024-04-30 00:00:00-04:00,9.95048641013394,10.291590624271464,9.940740363002192,10.047945022583008,449100,0.0,0.0
2024-05-01 00:00:00-04:00,10.038199591834125,10.34031963599595,9.799426999050015,10.116166114807129,217600,0.0,0.0
2024-05-02 00:00:00-04:00,10.26235322719662,10.315955560874762,10.038199703513982,10.174640655517578,235700,0.0,0.0
2024-05-03 00:00:00-04:00,10.223369950614066,10.6034574508667,10.194132736574408,10.6034574508667,300800,0.0,0.0
2024-05-06 00:00:00-04:00,10.691169459735498,10.905576923987581,10.515744325861768,10.778882026672363,476300,0.0,0.0
2024-05-07 00:00:00-04:00,10.856848229657205,11.207697557737905,10.525490066197221,10.642439842224121,526200,0.0,0.0
2024-05-08 00:00:00-04:00,10.68142327298392,10.944560040925188,10.535236282953685,10.720406532287598,475000,0.0,0.0
2024-05-09 00:00:00-04:00,10.817865598451268,10.817865598451268,10.196081517660183,10.486507415771484,382800,0.0,0.0
2024-05-10 00:00:00-04:00,10.564473942255988,10.681423725117382,10.057690620422363,10.057690620422363,367300,0.0,0.0
2024-05-13 00:00:00-04:00,10.086928500793867,10.708711636245893,9.560654026891923,9.71658706665039,308000,0.0,0.0
2024-05-14 00:00:00-04:00,9.843282730334689,10.038199026795589,9.619128292328993,9.862773895263672,206900,0.0,0.0
2024-05-15 00:00:00-04:00,9.969977548880975,10.74964365813121,9.921249172218129,10.68142318725586,373000,0.0,0.0
2024-05-16 00:00:00-04:00,10.720406726746686,10.720406726746686,10.369557386649483,10.593710899353027,260700,0.0,0.0
2024-05-17 00:00:00-04:00,10.583965196151516,10.63269450510811,10.096673965454102,10.096673965454102,574900,0.0,0.0
2024-05-20 00:00:00-04:00,10.125911908725914,10.330574258758647,9.940740724230743,9.999216079711914,903600,0.0,0.0
2024-05-21 00:00:00-04:00,9.999216193148527,10.301336233164967,9.677604057939151,9.833537101745605,516500,0.0,0.0
2024-05-22 00:00:00-04:00,9.804299773579238,9.950486768077333,9.209803889236035,9.346245765686035,400000,0.0,0.0
2024-05-23 00:00:00-04:00,9.404719668217405,9.46319502042228,9.02463313190539,9.112345695495605,352500,0.0,0.0
2024-05-24 00:00:00-04:00,9.17082085325219,9.453449731119333,9.005141759733423,9.239041328430176,222600,0.0,0.0
2024-05-28 00:00:00-04:00,9.365736662232209,9.720484973153281,9.221498695486252,9.658111572265625,339600,0.0,0.0
2024-05-29 00:00:00-04:00,9.492433145618634,9.755570861720845,9.365737311506564,9.745824813842773,251600,0.0,0.0
2024-05-30 00:00:00-04:00,9.853028431523281,10.232140952654774,9.823791217681435,10.13565731048584,327100,0.0,0.0
2024-05-31 00:00:00-04:00,10.20387869650348,10.20387869650348,9.599637678094583,9.687349319458008,464100,0.0,0.0
2024-06-03 00:00:00-04:00,9.706841186251202,9.73900239949037,9.097727158322373,9.141583442687988,612600,0.0,0.0
2024-06-04 00:00:00-04:00,9.131837015317615,9.131837015317615,8.664037907455867,8.761495590209961,464900,0.0,0.0
2024-06-05 00:00:00-04:00,8.771242313223702,8.87844605134454,8.527596693411931,8.625055313110352,433200,0.0,0.0
2024-06-06 00:00:00-04:00,8.625054950151407,8.712766588867774,8.29467081952622,8.469120979309082,312400,0.0,0.0
2024-06-07 00:00:00-04:00,8.439883850404357,8.673783414844445,8.43013780286079,8.50810432434082,132100,0.0,0.0
2024-06-10 00:00:00-04:00,8.439883342343572,8.966157795370435,8.303442402684063,8.907683372497559,402100,0.0,0.0
2024-06-11 00:00:00-04:00,8.858954171083289,8.888191382862747,8.664037876829891,8.74200439453125,174000,0.0,0.0
2024-06-12 00:00:00-04:00,8.790733700453151,9.083107677116145,8.687427088592935,8.74200439453125,231500,0.0,0.0
2024-06-13 00:00:00-04:00,9.326753222483543,9.482686256969933,8.985649941903114,9.35599136352539,577700,0.0,0.0
2024-06-14 00:00:00-04:00,9.287770691681974,9.385229310590244,9.209804168329068,9.258533477783203,161400,0.0,0.0
2024-06-17 00:00:00-04:00,9.268279155958098,9.268279155958098,8.868700507350384,8.878445625305176,219000,0.0,0.0
2024-06-18 00:00:00-04:00,8.927175288816215,9.346246048913791,8.927175288816215,9.258533477783203,168300,0.0,0.0
2024-06-20 00:00:00-04:00,9.278025435294765,9.404720336782495,8.839462586167018,8.97590446472168,150400,0.0,0.0
2024-06-21 00:00:00-04:00,8.92717527155865,9.083108317963019,8.586071964907655,8.810225486755371,165600,0.0,0.0
2024-06-24 00:00:00-04:00,8.82971755254651,8.975904550699878,8.644546363489022,8.79073429107666,199100,0.0,0.0
2024-06-25 00:00:00-04:00,8.810224951629396,9.024633342129547,8.771241692396114,8.780987739562988,137900,0.0,0.0
2024-06-26 00:00:00-04:00,8.771241972617574,8.84920849357499,8.61530893070274,8.693275451660156,161500,0.0,0.0
2024-06-27 00:00:00-04:00,8.644545858245198,9.258532887585613,8.537342127827365,9.209803581237793,270300,0.0,0.0
2024-06-28 00:00:00-04:00,9.278025114224521,9.482686530822724,8.790733902664853,8.839462280273438,377200,0.0,0.0
2024-07-01 00:00:00-04:00,8.849208786299474,8.849208786299474,8.18649240680508,8.381409645080566,328700,0.0,0.0
2024-07-02 00:00:00-04:00,8.430138137860158,8.527596758300161,8.254713922276157,8.439884185791016,146000,0.0,0.0
2024-07-03 00:00:00-04:00,8.547088652757449,8.751750077877077,8.342426298203558,8.566579818725586,280900,0.0,0.0
2024-07-05 00:00:00-04:00,8.6348000420729,8.693275397141363,8.459375835735985,8.673783302307129,135300,0.0,0.0
2024-07-08 00:00:00-04:00,8.66403845894108,8.8492087185643,8.556833792823294,8.79073429107666,156600,0.0,0.0
2024-07-09 00:00:00-04:00,8.771241503403855,9.005141053763753,8.771241503403855,8.907683372497559,115700,0.0,0.0
2024-07-10 00:00:00-04:00,8.790733880275827,9.07336274508324,8.703021313709003,9.044124603271484,329200,0.0,0.0
2024-07-11 00:00:00-04:00,9.170820515694567,9.346245650477254,9.053870735650852,9.083107948303223,172200,0.0,0.0
2024-07-12 00:00:00-04:00,9.083107689924967,9.151329090085513,8.829716971755326,8.966157913208008,231400,0.0,0.0
2024-07-15 00:00:00-04:00,8.917429140062513,9.024633805534538,8.498359314144524,8.547088623046875,227900,0.0,0.0
2024-07-16 00:00:00-04:00,8.58607205111784,8.722513003374491,8.410646907434396,8.625055313110352,253200,0.0,0.0
2024-07-17 00:00:00-04:00,8.547088456552277,8.62505497750357,8.147508874884094,8.264458656311035,276600,0.0,0.0
2024-07-18 00:00:00-04:00,8.274205041898481,8.327807375780695,8.001322207418106,8.19623851776123,256000,0.0,0.0
2024-07-19 00:00:00-04:00,8.27420461873149,8.439883706408404,8.18649205120439,8.225475311279297,241800,0.0,0.0
2024-07-22 00:00:00-04:00,8.274204812554151,8.57632578228752,8.274204812554151,8.527596473693848,209900,0.0,0.0
2024-07-23 00:00:00-04:00,8.556833604884321,8.829717358614024,8.478867083657049,8.712766647338867,178500,0.0,0.0
2024-07-24 00:00:00-04:00,8.634799805528157,8.74687748888623,8.34242582649795,8.352170944213867,163100,0.0,0.0
2024-07-25 00:00:00-04:00,8.391154828104355,8.41064692385581,8.128018041499708,8.19623851776123,140300,0.0,0.0
2024-07-26 00:00:00-04:00,8.29369671348606,8.420392541088066,8.11827157843186,8.225475311279297,111900,0.0,0.0
2024-07-29 00:00:00-04:00,8.42039215387203,8.42039215387203,7.962338171980041,8.050050735473633,209000,0.0,0.0
2024-07-30 00:00:00-04:00,8.05005089934498,8.147508582317393,7.7869132035076225,7.913609027862549,288200,0.0,0.0
2024-07-31 00:00:00-04:00,8.050050750954968,8.361916817812666,7.94284609339699,8.27420425415039,264800,0.0,0.0
2024-08-01 00:00:00-04:00,8.322934236962295,8.361917498492838,7.933101621656862,8.137763977050781,226500,0.0,0.0
2024-08-02 00:00:00-04:00,7.952592520881667,7.952592520881667,7.52377619371609,7.58225154876709,275600,0.0,0.0
2024-08-05 00:00:00-04:00,7.1631807641344745,7.796659436275263,6.890297944106425,7.562759876251221,710700,0.0,0.0
2024-08-06 00:00:00-04:00,7.621234688533849,7.864879828715576,7.489665838824262,7.74793004989624,229700,0.0,0.0
2024-08-07 00:00:00-04:00,7.9233552542895636,8.020812939467369,7.738184537130654,7.777167797088623,164100,0.0,0.0
2024-08-08 00:00:00-04:00,7.855134459168907,8.322933559455453,7.855134459168907,8.27420425415039,375700,0.0,0.0
2024-08-09 00:00:00-04:00,8.196238422489445,8.712766871253251,8.167001208636396,8.586071968078613,423200,0.0,0.0
2024-08-12 00:00:00-04:00,8.693275836502929,8.888192147525224,8.352171595138199,8.868700981140137,335800,0.0,0.0
2024-08-13 00:00:00-04:00,8.927175292377726,9.068490196907666,8.771242245609704,9.034379959106445,279000,0.0,0.0
2024-08-14 00:00:00-04:00,9.161074102659656,9.404719700383946,9.01488711579876,9.131836891174316,350800,0.0,0.0
2024-08-15 00:00:00-04:00,9.268278799268247,9.419338810247663,9.151329023403454,9.35599136352539,285300,0.0,0.0
2024-08-16 00:00:00-04:00,9.385229170676793,9.472941740499776,9.161074722303141,9.200057983398438,303700,0.0,0.0
2024-08-19 00:00:00-04:00,9.170820740119025,9.258533309656833,8.9174290791063,9.180566787719727,314800,0.0,0.0
2024-08-20 00:00:00-04:00,9.180566389710071,9.258532908267057,8.936920786860938,9.005141258239746,217300,0.0,0.0
2024-08-21 00:00:00-04:00,9.141583043000548,9.207854490196738,8.907683489566631,8.966157913208008,231100,0.0,0.0
2024-08-22 00:00:00-04:00,8.95641264348074,8.985650787273313,8.371663709143586,8.439884185791016,314600,0.0,0.0
2024-08-23 00:00:00-04:00,8.430137580881775,8.857005343594214,8.430137580881775,8.61530876159668,373100,0.0,0.0
2024-08-26 00:00:00-04:00,8.566579196586902,8.780987583270814,8.381408950883204,8.498358726501465,224900,0.0,0.0
2024-08-27 00:00:00-04:00,8.400900421665572,8.576325556204663,8.283950641784255,8.430137634277344,259700,0.0,0.0
2024-08-28 00:00:00-04:00,8.35217080990299,8.576325243580307,8.344374715855624,8.498358726501465,309400,0.0,0.0
2024-08-29 00:00:00-04:00,8.459375668832939,8.712766390638928,8.459375668832939,8.595816612243652,289400,0.0,0.0
2024-08-30 00:00:00-04:00,8.595816375916836,9.239040604123648,8.595816375916836,8.907683372497559,656100,0.0,0.0
2024-09-03 00:00:00-04:00,8.761495416578335,8.91255635541996,8.498358655979388,8.683528900146484,466400,0.0,0.0
2024-09-04 00:00:00-04:00,8.693275135458661,9.237091738771475,8.693275135458661,9.190312385559082,585300,0.0,0.0
2024-09-05 00:00:00-04:00,9.23904070679392,9.453449095056902,9.105523765624586,9.170820236206055,630500,0.0,0.0
2024-09-06 00:00:00-04:00,9.219550219784903,9.219550219784903,8.936921340159294,9.034379959106445,226800,0.0,0.0
2024-09-09 00:00:00-04:00,9.131837479603087,9.453449614968156,9.073363052864485,9.404720306396484,310600,0.0,0.0
2024-09-10 00:00:00-04:00,9.375483178047464,9.375483178047464,8.9759045171179,9.219550132751465,298100,0.0,0.0
2024-09-11 00:00:00-04:00,9.278025349624551,9.9115035689509,9.224423017574049,9.814044952392578,616500,0.0,0.0
2024-09-12 00:00:00-04:00,9.814045119654304,9.97972421296659,9.619128812649931,9.892011642456055,338200,0.0,0.0
2024-09-13 00:00:00-04:00,9.99921591616467,10.184386168196951,9.823790782024655,10.145402908325195,276600,0.0,0.0
2024-09-16 00:00:00-04:00,10.233115615655962,10.350065396874207,10.018707218705392,10.203878402709961,396000,0.0,0.0
2024-09-17 00:00:00-04:00,10.262352972788365,10.350065542292974,9.960232932754996,10.057690620422363,193200,0.0,0.0
2024-09-18 00:00:00-04:00,10.057690674476605,10.18438650561593,9.794553893982828,10.07718276977539,290900,0.0,0.0
2024-09-19 00:00:00-04:00,10.145402908325195,10.301335947812218,10.011885034141732,10.145402908325195,336700,0.0,0.0
2024-09-20 00:00:00-04:00,10.11616606215852,10.11616606215852,9.833537185493727,9.872520446777344,237400,0.0,0.0
2024-09-23 00:00:00-04:00,9.853028467995664,9.853028467995664,9.550908421831625,9.706841468811035,314200,0.0,0.0
2024-09-24 00:00:00-04:00,9.862774600076774,9.892011814276703,9.638621075486844,9.745824813842773,182600,0.0,0.0
2024-09-25 00:00:00-04:00,9.755570098550287,9.823790569491383,9.609382180118242,9.619128227233887,189800,0.0,0.0
2024-09-26 00:00:00-04:00,9.619128215334413,9.794553345462171,9.365736567246364,9.394974708557129,294400,0.0,0.0
2024-09-27 00:00:00-04:00,9.46319543624609,9.599637311096753,9.394974963537877,9.511924743652344,323900,0.0,0.0
2024-09-30 00:00:00-04:00,9.482686452129029,9.541161805981982,9.190312471166925,9.22929573059082,346500,0.0,0.0
2024-10-01 00:00:00-04:00,9.180566568610903,9.52167079102044,9.083107953798397,9.511924743652344,226700,0.0,0.0
2024-10-02 00:00:00-04:00,9.550907639526944,9.648365321189283,9.37060948782861,9.560653686523438,186100,0.0,0.0
2024-10-03 00:00:00-04:00,9.658111605363697,9.901757209654141,9.599637180817155,9.8822660446167,227200,0.0,0.0
2024-10-04 00:00:00-04:00,9.930994936369705,10.015784436392606,9.628874891882392,9.687349319458008,250800,0.0,0.0
2024-10-07 00:00:00-04:00,9.648365975259205,9.65811202291639,9.355991981017738,9.424212455749512,215700,0.0,0.0
2024-10-08 00:00:00-04:00,9.385228673063665,9.666882556892654,9.29751610789128,9.619128227233887,176500,0.0,0.0
2024-10-09 00:00:00-04:00,9.560653819206095,10.14052968203199,9.37548264143971,10.047945022583008,551100,0.0,0.0
2024-10-10 00:00:00-04:00,9.979723875215257,10.252607625220236,9.892011307673245,10.164895057678223,307500,0.0,0.0
2024-10-11 00:00:00-04:00,10.116165695779936,10.350065255010469,9.804299616805894,10.145402908325195,277200,0.0,0.0
2024-10-14 00:00:00-04:00,10.203878685510325,10.41633713530977,9.979724234887238,10.116166114807129,201200,0.0,0.0
2024-10-15 00:00:00-04:00,10.106419816825037,10.359811474930034,9.882266301186634,10.223369598388672,289200,0.0,0.0
2024-10-16 00:00:00-04:00,10.291590937602928,10.359811410733746,9.755570411682129,9.755570411682129,277900,0.0,0.0
2024-10-17 00:00:00-04:00,9.823791054149138,10.03819945410014,9.716587318890765,9.833537101745605,300900,0.0,0.0
2024-10-18 00:00:00-04:00,9.843282710149891,10.125911571797186,9.823790615826663,10.067436218261719,240300,0.0,0.0
2024-10-21 00:00:00-04:00,10.06743691759557,10.233116013115032,9.940741083996318,10.174640655517578,317200,0.0,0.0
2024-10-22 00:00:00-04:00,10.184386030340919,10.340319067717228,10.12591160604191,10.291590690612793,232500,0.0,0.0
2024-10-23 00:00:00-04:00,10.301335753252827,10.350065059530737,10.057690151297487,10.272098541259766,321500,0.0,0.0
2024-10-24 00:00:00-04:00,10.330573856338647,10.68142318725586,10.203878032259992,10.68142318725586,283300,0.0,0.0
2024-10-25 00:00:00-04:00,10.720407088493353,11.00303596546717,10.530363805707207,10.973798751831055,342400,0.0,0.0
2024-10-28 00:00:00-04:00,11.02252797647049,11.278842708605742,10.808119576100315,10.934815406799316,391300,0.0,0.0
2024-10-29 00:00:00-04:00,11.042018577265637,11.353884649530583,10.77888181115064,10.905576705932617,570300,0.0,0.0
2024-10-30 00:00:00-04:00,10.925069525853502,11.207698404975513,10.847103002608414,11.012782096862793,310700,0.0,0.0
2024-10-31 00:00:00-04:00,11.042018441223458,11.125832958300848,10.86659331301863,11.051764488220215,286800,0.0,0.0
2024-11-01 00:00:00-04:00,11.10049398653684,11.441597272439013,10.886085596055846,10.925068855285645,368600,0.0,0.0
2024-11-04 00:00:00-05:00,10.954306769087339,11.28566495848468,10.954306769087339,11.032273292541504,324100,0.0,0.0
2024-11-05 00:00:00-05:00,11.071255972094262,11.44159740374454,10.99328945273991,11.412360191345215,334500,0.0,0.0
2024-11-06 00:00:00-05:00,11.500072681165353,11.86066806312927,11.368503832095836,11.597530364990234,530900,0.0,0.0
2024-11-07 00:00:00-05:00,11.568293237899207,11.821684890689802,11.358757868454454,11.636513710021973,364800,0.0,0.0
2024-11-08 00:00:00-05:00,11.850921768358942,11.997109685193825,11.032272408273034,11.275918006896973,497300,0.0,0.0
2024-11-11 00:00:00-05:00,11.305156234279307,11.490326481696883,10.809093033273463,11.314901351928711,328700,0.0,0.0
2024-11-12 00:00:00-05:00,11.431851909138379,12.123805498936333,11.22719048301454,11.88990592956543,285900,0.0,0.0
2024-11-13 00:00:00-05:00,11.987363723162554,12.547748418083316,11.870413946526114,12.377196311950684,605200,0.0,0.0
2024-11-14 00:00:00-05:00,12.396688453666442,12.981437339091995,12.298255794327373,12.825504302978516,474100,0.0,0.0
2024-11-15 00:00:00-05:00,12.88397973205308,13.25432115971895,12.406433644352695,12.640334129333496,529200,0.0,0.0
2024-11-18 00:00:00-05:00,12.815758762255836,13.176355084309373,12.76897940723391,13.059404373168945,295600,0.0,0.0
2024-11-19 00:00:00-05:00,13.108133820336066,13.585678999729035,12.864488206837498,13.342033386230469,335900,0.0,0.0
2024-11-20 00:00:00-05:00,13.566187376967646,13.566187376967646,13.000929647046846,13.351778984069824,372700,0.0,0.0
2024-11-21 00:00:00-05:00,13.43949141273669,13.790340746158433,13.166608597853111,13.497966766357422,534100,0.0,0.0
2024-11-22 00:00:00-05:00,13.497966851873102,13.780595715723086,13.166608681269489,13.53695011138916,321500,0.0,0.0
2024-11-25 00:00:00-05:00,13.644154014098405,13.84881636148725,13.410254454063791,13.614916801452637,580000,0.0,0.0
2024-11-26 00:00:00-05:00,13.60517111963471,14.03398699121954,13.536950645150233,13.566187858581543,287200,0.0,0.0
2024-11-27 00:00:00-05:00,13.712375026809514,13.741613170041054,13.244575888316096,13.420001029968262,294900,0.0,0.0
2024-11-29 00:00:00-05:00,13.479999542236328,13.699999809265137,13.130000114440918,13.630000114440918,266700,0.35,0.0
2024-12-02 00:00:00-05:00,13.649999618530273,14.194999694824219,13.170000076293945,13.989999771118164,452500,0.0,0.0
2024-12-03 00:00:00-05:00,14.069999694824219,14.430000305175781,13.92199993133545,14.170000076293945,408800,0.0,0.0
2024-12-04 00:00:00-05:00,14.1899995803833,14.390000343322754,13.670000076293945,13.869999885559082,328600,0.0,0.0
2024-12-05 00:00:00-05:00,13.850000381469727,14.319999694824219,13.711999893188477,14.119999885559082,341000,0.0,0.0
2024-12-06 00:00:00-05:00,14.149999618530273,14.274999618530273,13.800000190734863,14.210000038146973,228100,0.0,0.0
2024-12-09 00:00:00-05:00,14.260000228881836,14.899999618530273,14.222000122070312,14.390000343322754,353800,0.0,0.0
2024-12-10 00:00:00-05:00,14.460000038146973,14.595000267028809,14.039999961853027,14.180000305175781,188800,0.0,0.0
2024-12-11 00:00:00-05:00,14.25,15.039999961853027,14.104999542236328,14.960000038146973,402500,0.0,0.0
2024-12-12 00:00:00-05:00,15.010000228881836,15.413999557495117,14.75,14.949999809265137,483200,0.0,0.0
2024-12-13 00:00:00-05:00,15.039999961853027,15.390000343322754,14.729999542236328,15.199999809265137,400800,0.0,0.0
2024-12-16 00:00:00-05:00,15.420000076293945,16.34000015258789,15.199999809265137,15.479999542236328,576000,0.0,0.0
2024-12-17 00:00:00-05:00,15.399999618530273,15.585000038146973,14.949999809265137,15.130000114440918,432400,0.0,0.0
2024-12-18 00:00:00-05:00,15.109999656677246,15.380000114440918,13.704999923706055,13.819999694824219,512700,0.0,0.0
2024-12-19 00:00:00-05:00,13.920000076293945,14.392000198364258,13.520000457763672,13.550000190734863,375200,0.0,0.0
2024-12-20 00:00:00-05:00,13.3100004196167,14.0600004196167,13.100000381469727,13.670000076293945,314300,0.0,0.0
2024-12-23 00:00:00-05:00,13.789999961853027,14.100000381469727,13.449999809265137,14.0,184600,0.0,0.0
2024-12-24 00:00:00-05:00,14.239999771118164,14.399999618530273,14.100000381469727,14.369999885559082,90300,0.0,0.0
2024-12-26 00:00:00-05:00,14.319999694824219,14.630000114440918,14.25,14.4399995803833,189900,0.0,0.0
2024-12-27 00:00:00-05:00,14.399999618530273,14.640000343322754,14.20199966430664,14.619999885559082,346400,0.0,0.0
2024-12-30 00:00:00-05:00,14.510000228881836,14.9399995803833,14.234999656677246,14.710000038146973,337100,0.0,0.0
2024-12-31 00:00:00-05:00,14.75,14.819999694824219,14.4399995803833,14.489999771118164,91700,0.0,0.0
2025-01-02 00:00:00-05:00,14.619999885559082,15.699999809265137,14.619999885559082,15.680000305175781,715700,0.0,0.0
2025-01-03 00:00:00-05:00,15.869999885559082,16.049999237060547,15.270000457763672,15.84000015258789,447800,0.0,0.0
2025-01-06 00:00:00-05:00,16.0,16.600000381469727,15.635000228881836,15.680000305175781,477100,0.0,0.0
2025-01-07 00:00:00-05:00,15.869999885559082,16.25,15.520000457763672,15.899999618530273,776700,0.0,0.0
2025-01-08 00:00:00-05:00,15.800000190734863,15.890000343322754,14.819999694824219,15.020000457763672,922900,0.0,0.0
2025-01-10 00:00:00-05:00,15.34000015258789,15.380000114440918,14.600000381469727,15.109999656677246,414100,0.0,0.0
2025-01-13 00:00:00-05:00,14.869999885559082,14.869999885559082,14.100000381469727,14.119999885559082,328200,0.0,0.0
2025-01-14 00:00:00-05:00,14.180000305175781,14.890000343322754,14.100000381469727,14.520000457763672,450800,0.0,0.0
2025-01-15 00:00:00-05:00,14.8100004196167,15.0,14.289999961853027,14.3100004196167,425600,0.0,0.0
2025-01-16 00:00:00-05:00,14.34000015258789,14.449999809265137,13.5,13.670000076293945,415700,0.0,0.0
2025-01-17 00:00:00-05:00,13.609999656677246,13.65999984741211,12.880000114440918,13.199999809265137,637400,0.0,0.0
2025-01-21 00:00:00-05:00,13.220000267028809,14.305000305175781,13.109999656677246,14.140000343322754,680000,0.0,0.0
2025-01-22 00:00:00-05:00,14.4399995803833,14.6899995803833,14.0,14.34000015258789,467600,0.0,0.0
2025-01-23 00:00:00-05:00,14.260000228881836,14.463000297546387,13.859999656677246,13.859999656677246,218800,0.0,0.0
2025-01-24 00:00:00-05:00,13.960000038146973,14.350000381469727,13.649999618530273,13.760000228881836,287500,0.0,0.0
2025-01-27 00:00:00-05:00,13.40999984741211,13.529999732971191,13.050000190734863,13.510000228881836,304700,0.0,0.0
2025-01-28 00:00:00-05:00,13.569999694824219,13.600000381469727,12.723999977111816,13.350000381469727,511600,0.0,0.0
2025-01-29 00:00:00-05:00,13.380000114440918,14.210000038146973,13.199999809265137,14.210000038146973,250800,0.0,0.0
2025-01-30 00:00:00-05:00,14.380000114440918,14.720000267028809,14.350000381469727,14.59000015258789,326200,0.0,0.0
2025-01-31 00:00:00-05:00,14.640000343322754,14.640000343322754,14.381999969482422,14.520000457763672,222900,0.0,0.0
2025-02-03 00:00:00-05:00,13.9399995803833,14.510000228881836,13.291999816894531,14.300000190734863,426600,0.0,0.0
2025-02-04 00:00:00-05:00,14.300000190734863,14.664999961853027,14.229999542236328,14.600000381469727,158500,0.0,0.0
2025-02-05 00:00:00-05:00,14.5600004196167,14.609999656677246,14.0600004196167,14.210000038146973,433200,0.0,0.0
2025-02-06 00:00:00-05:00,14.130000114440918,14.46500015258789,14.050000190734863,14.40999984741211,135100,0.0,0.0
2025-02-07 00:00:00-05:00,14.380000114440918,14.380000114440918,13.277000427246094,13.609999656677246,413600,0.0,0.0
2025-02-10 00:00:00-05:00,13.609999656677246,14.229999542236328,13.359999656677246,13.600000381469727,354600,0.0,0.0
2025-02-11 00:00:00-05:00,13.380000114440918,13.390000343322754,12.604999542236328,12.850000381469727,608400,0.0,0.0
2025-02-12 00:00:00-05:00,12.59000015258789,13.399999618530273,12.5,13.09000015258789,343900,0.0,0.0
2025-02-13 00:00:00-05:00,13.15999984741211,13.489999771118164,12.880000114440918,13.430000305175781,176300,0.0,0.0
2025-02-14 00:00:00-05:00,13.399999618530273,13.534000396728516,13.199999809265137,13.3100004196167,126800,0.0,0.0
2025-02-18 00:00:00-05:00,12.550000190734863,13.515000343322754,12.503000259399414,13.4399995803833,451800,0.0,0.0
2025-02-19 00:00:00-05:00,13.359999656677246,13.489999771118164,13.109999656677246,13.220000267028809,171500,0.0,0.0
2025-02-20 00:00:00-05:00,13.210000038146973,13.300000190734863,12.944999694824219,13.25,117400,0.0,0.0
2025-02-21 00:00:00-05:00,13.350000381469727,13.479999542236328,12.819999694824219,12.930000305175781,184900,0.0,0.0
2025-02-24 00:00:00-05:00,13.029999732971191,13.199999809265137,12.6899995803833,13.020000457763672,189300,0.0,0.0
2025-02-25 00:00:00-05:00,13.050000190734863,13.104999542236328,12.180000305175781,12.4399995803833,332400,0.0,0.0
2025-02-26 00:00:00-05:00,12.479999542236328,12.539999961853027,11.930000305175781,12.170000076293945,341300,0.0,0.0
2025-02-27 00:00:00-05:00,12.149999618530273,12.149999618530273,11.520000457763672,11.670000076293945,509200,0.0,0.0
2025-02-28 00:00:00-05:00,11.5,12.045000076293945,11.40999984741211,11.899999618530273,492500,0.0,0.0
2025-03-03 00:00:00-05:00,12.130000114440918,12.699999809265137,11.770000457763672,12.079999923706055,313300,0.0,0.0
2025-03-04 00:00:00-05:00,12.09000015258789,12.25,11.65999984741211,11.930000305175781,127600,0.0,0.0
2025-03-05 00:00:00-05:00,11.819999694824219,12.3100004196167,11.65999984741211,12.199999809265137,240700,0.0,0.0
2025-03-06 00:00:00-05:00,12.15999984741211,12.260000228881836,11.805000305175781,12.020000457763672,225400,0.0,0.0
2025-03-07 00:00:00-05:00,12.15999984741211,12.390000343322754,11.739999771118164,12.300000190734863,192700,0.0,0.0
2025-03-10 00:00:00-04:00,11.9399995803833,12.119999885559082,11.329999923706055,11.640000343322754,331800,0.0,0.0
2025-03-11 00:00:00-04:00,11.729999542236328,11.970000267028809,11.25,11.710000038146973,337200,0.0,0.0
2025-03-12 00:00:00-04:00,11.59000015258789,12.75,11.479999542236328,12.4399995803833,295000,0.0,0.0
2025-03-13 00:00:00-04:00,12.520000457763672,12.520000457763672,11.869999885559082,12.050000190734863,187400,0.0,0.0
2025-03-14 00:00:00-04:00,12.239999771118164,12.631999969482422,11.845000267028809,12.40999984741211,285900,0.0,0.0
2025-03-17 00:00:00-04:00,12.520000457763672,12.65999984741211,12.170000076293945,12.199999809265137,179400,0.0,0.0
2025-03-18 00:00:00-04:00,12.09000015258789,12.119999885559082,11.550000190734863,11.619999885559082,195900,0.0,0.0
2025-03-19 00:00:00-04:00,11.5600004196167,12.260000228881836,11.520000457763672,12.210000038146973,254700,0.0,0.0
2025-03-20 00:00:00-04:00,12.119999885559082,12.460000038146973,12.069999694824219,12.260000228881836,130400,0.0,0.0
2025-03-21 00:00:00-04:00,12.0,12.699999809265137,11.944999694824219,12.5600004196167,241900,0.0,0.0
2025-03-24 00:00:00-04:00,12.729999542236328,12.850000381469727,12.109999656677246,12.149999618530273,175500,0.0,0.0
2025-03-25 00:00:00-04:00,12.180000305175781,12.619999885559082,12.121999740600586,12.380000114440918,442100,0.0,0.0
2025-03-26 00:00:00-04:00,12.430000305175781,12.588000297546387,11.989999771118164,12.109999656677246,126000,0.0,0.0
2025-03-27 00:00:00-04:00,11.970000267028809,12.600000381469727,11.520000457763672,11.890000343322754,200600,0.0,0.0
2025-03-28 00:00:00-04:00,11.760000228881836,11.789999961853027,11.420000076293945,11.569999694824219,152400,0.0,0.0
2025-03-31 00:00:00-04:00,11.350000381469727,11.390000343322754,10.819999694824219,11.09000015258789,332300,0.0,0.0
2025-04-01 00:00:00-04:00,10.979999542236328,11.609999656677246,10.949999809265137,11.329999923706055,308300,0.0,0.0
2025-04-02 00:00:00-04:00,11.300000190734863,11.489999771118164,11.079999923706055,11.220000267028809,132600,0.0,0.0
2025-04-03 00:00:00-04:00,10.859999656677246,11.329999923706055,10.619999885559082,11.079999923706055,202400,0.0,0.0
2025-04-04 00:00:00-04:00,10.699999809265137,10.699999809265137,9.574000358581543,10.0,555500,0.0,0.0
2025-04-07 00:00:00-04:00,9.359999656677246,10.1899995803833,9.3100004196167,9.539999961853027,381600,0.0,0.0
2025-04-08 00:00:00-04:00,9.850000381469727,10.229999542236328,9.039999961853027,9.229999542236328,434900,0.0,0.0
2025-04-09 00:00:00-04:00,9.260000228881836,10.1899995803833,8.649999618530273,10.149999618530273,400900,0.0,0.0
2025-04-10 00:00:00-04:00,10.149999618530273,10.229999542236328,9.39799976348877,9.869999885559082,366900,0.0,0.0
2025-04-11 00:00:00-04:00,9.970000267028809,11.0,9.970000267028809,10.699999809265137,404100,0.0,0.0
2025-04-14 00:00:00-04:00,11.989999771118164,12.220000267028809,11.270000457763672,11.40999984741211,882700,0.0,0.0
2025-04-15 00:00:00-04:00,11.4399995803833,11.699999809265137,11.079999923706055,11.210000038146973,223700,0.0,0.0
2025-04-16 00:00:00-04:00,10.970000267028809,11.579999923706055,10.970000267028809,11.229999542236328,211900,0.0,0.0
2025-04-17 00:00:00-04:00,11.300000190734863,11.640000343322754,11.260000228881836,11.350000381469727,76500,0.0,0.0
2025-04-21 00:00:00-04:00,11.229999542236328,11.229999542236328,10.729999542236328,11.0,185300,0.0,0.0
2025-04-22 00:00:00-04:00,11.1899995803833,11.529999732971191,11.09000015258789,11.369999885559082,138600,0.0,0.0
2025-04-23 00:00:00-04:00,11.760000228881836,11.829999923706055,11.199999809265137,11.369999885559082,344300,0.0,0.0
2025-04-24 00:00:00-04:00,11.5,11.649999618530273,11.069999694824219,11.1899995803833,224200,0.0,0.0
2025-04-25 00:00:00-04:00,11.140000343322754,11.539999961853027,10.949999809265137,11.010000228881836,175600,0.0,0.0
2025-04-28 00:00:00-04:00,10.979999542236328,11.125,10.699999809265137,10.899999618530273,139900,0.0,0.0
2025-04-29 00:00:00-04:00,10.899999618530273,11.114999771118164,10.779999732971191,10.949999809265137,222400,0.0,0.0
2025-04-30 00:00:00-04:00,10.819999694824219,10.899999618530273,10.489999771118164,10.510000228881836,192000,0.0,0.0
2025-05-01 00:00:00-04:00,10.529999732971191,10.890000343322754,10.295000076293945,10.300000190734863,144900,0.0,0.0
2025-05-02 00:00:00-04:00,10.479999542236328,10.569999694824219,10.295000076293945,10.4399995803833,202900,0.0,0.0
2025-05-05 00:00:00-04:00,10.4399995803833,10.744999885559082,10.300000190734863,10.350000381469727,222600,0.0,0.0
2025-05-06 00:00:00-04:00,10.300000190734863,10.6899995803833,10.279999732971191,10.680000305175781,220000,0.0,0.0
2025-05-07 00:00:00-04:00,10.630000114440918,11.029999732971191,10.4399995803833,10.890000343322754,207800,0.0,0.0
2025-05-08 00:00:00-04:00,10.989999771118164,11.15999984741211,10.645000457763672,10.880000114440918,179200,0.0,0.0
2025-05-09 00:00:00-04:00,10.850000381469727,11.968999862670898,10.850000381469727,11.84000015258789,661700,0.0,0.0
2025-05-12 00:00:00-04:00,12.0,12.489999771118164,11.789999961853027,12.359999656677246,542200,0.0,0.0
2025-05-13 00:00:00-04:00,12.300000190734863,12.970000267028809,12.300000190734863,12.829999923706055,298200,0.0,0.0
2025-05-14 00:00:00-04:00,12.75,13.520000457763672,12.369999885559082,13.079999923706055,679000,0.0,0.0
2025-05-15 00:00:00-04:00,12.989999771118164,13.619999885559082,12.619999885559082,13.1899995803833,345500,0.0,0.0
2025-05-16 00:00:00-04:00,13.079999923706055,13.1899995803833,12.755000114440918,12.989999771118164,231800,0.0,0.0
2025-05-19 00:00:00-04:00,13.09000015258789,13.890000343322754,13.010000228881836,13.479999542236328,425800,0.0,0.0
2025-05-20 00:00:00-04:00,13.390000343322754,13.979999542236328,13.100000381469727,13.920000076293945,282900,0.0,0.0
2025-05-21 00:00:00-04:00,13.9399995803833,14.130000114440918,13.329999923706055,13.34000015258789,361700,0.0,0.0
2025-05-22 00:00:00-04:00,13.279999732971191,13.729999542236328,13.069999694824219,13.640000343322754,295600,0.0,0.0
2025-05-23 00:00:00-04:00,13.329999923706055,13.720000267028809,13.260000228881836,13.569999694824219,635700,0.0,0.0
2025-05-27 00:00:00-04:00,13.649999618530273,13.84000015258789,13.449999809265137,13.6899995803833,469100,0.0,0.0
2025-05-28 00:00:00-04:00,13.619999885559082,13.619999885559082,13.069999694824219,13.5,315700,0.0,0.0
2025-05-29 00:00:00-04:00,13.510000228881836,13.645000457763672,13.199999809265137,13.529999732971191,273000,0.0,0.0
2025-05-30 00:00:00-04:00,13.470000267028809,13.529999732971191,12.920000076293945,13.010000228881836,485000,0.0,0.0
2025-06-02 00:00:00-04:00,13.039999961853027,13.119999885559082,12.449999809265137,12.529999732971191,305100,0.0,0.0
2025-06-03 00:00:00-04:00,12.470000267028809,12.729999542236328,12.420000076293945,12.550000190734863,240100,0.0,0.0
2025-06-04 00:00:00-04:00,12.520000457763672,12.569999694824219,11.84000015258789,11.850000381469727,303300,0.0,0.0
2025-06-05 00:00:00-04:00,11.869999885559082,12.288000106811523,11.84000015258789,12.270000457763672,234100,0.0,0.0
2025-06-06 00:00:00-04:00,12.390000343322754,12.57800006866455,11.994999885559082,12.369999885559082,170200,0.0,0.0
2025-06-09 00:00:00-04:00,12.359999656677246,12.5,12.020000457763672,12.149999618530273,394200,0.0,0.0
2025-06-10 00:00:00-04:00,12.170000076293945,12.770000457763672,12.15999984741211,12.619999885559082,253700,0.0,0.0
2025-06-11 00:00:00-04:00,12.5600004196167,12.734000205993652,12.329999923706055,12.4399995803833,252600,0.0,0.0
2025-06-12 00:00:00-04:00,12.380000114440918,12.720000267028809,12.380000114440918,12.720000267028809,192000,0.0,0.0
2025-06-13 00:00:00-04:00,12.460000038146973,12.609999656677246,12.09000015258789,12.329999923706055,201400,0.0,0.0
2025-06-16 00:00:00-04:00,12.430000305175781,12.593999862670898,12.029999732971191,12.069999694824219,43400,0.0,0.0
2025-06-17 00:00:00-04:00,12.010000228881836,12.180000305175781,11.680000305175781,11.880000114440918,237700,0.0,0.0
2025-06-18 00:00:00-04:00,11.930000305175781,12.520000457763672,11.913999557495117,12.220000267028809,143000,0.0,0.0
2025-06-20 00:00:00-04:00,12.270000457763672,12.423999786376953,11.699999809265137,11.699999809265137,111200,0.0,0.0
2025-06-23 00:00:00-04:00,11.630000114440918,11.920000076293945,11.359999656677246,11.520000457763672,219500,0.0,0.0
2025-06-24 00:00:00-04:00,11.609999656677246,12.220000267028809,11.609999656677246,11.970000267028809,202800,0.0,0.0
2025-06-25 00:00:00-04:00,11.949999809265137,11.989999771118164,11.484999656677246,11.550000190734863,167300,0.0,0.0
2025-06-26 00:00:00-04:00,11.539999961853027,11.883000373840332,11.539999961853027,11.760000228881836,246900,0.0,0.0
2025-06-27 00:00:00-04:00,11.760000228881836,11.970000267028809,11.470000267028809,11.850000381469727,169900,0.0,0.0
2025-06-30 00:00:00-04:00,11.899999618530273,12.069999694824219,11.470000267028809,11.680000305175781,253400,0.0,0.0
2025-07-01 00:00:00-04:00,11.609999656677246,11.880000114440918,11.494999885559082,11.800000190734863,347500,0.0,0.0
2025-07-02 00:00:00-04:00,11.760000228881836,12.15999984741211,11.739999771118164,11.819999694824219,97900,0.0,0.0
2025-07-03 00:00:00-04:00,11.739999771118164,12.081000328063965,11.61400032043457,11.770000457763672,169500,0.0,0.0
2025-07-07 00:00:00-04:00,11.8100004196167,11.8100004196167,11.199999809265137,11.270000457763672,455800,0.0,0.0
2025-07-08 00:00:00-04:00,11.260000228881836,11.859999656677246,11.199999809265137,11.8100004196167,271400,0.0,0.0
2025-07-09 00:00:00-04:00,11.760000228881836,11.838000297546387,11.319999694824219,11.5,264500,0.0,0.0
2025-07-10 00:00:00-04:00,11.479999542236328,11.75,11.359999656677246,11.449999809265137,162700,0.0,0.0
2025-07-11 00:00:00-04:00,11.380000114440918,11.472999572753906,10.970000267028809,11.050000190734863,353100,0.0,0.0
2025-07-14 00:00:00-04:00,11.050000190734863,11.1899995803833,10.880000114440918,11.119999885559082,188600,0.0,0.0
2025-07-15 00:00:00-04:00,11.15999984741211,11.404999732971191,10.96500015258789,11.350000381469727,109900,0.0,0.0
2025-07-16 00:00:00-04:00,11.40999984741211,11.4399995803833,11.15999984741211,11.220000267028809,135500,0.0,0.0
2025-07-17 00:00:00-04:00,11.170000076293945,11.59000015258789,11.170000076293945,11.449999809265137,321600,0.0,0.0
2025-07-18 00:00:00-04:00,11.579999923706055,11.758000373840332,11.3100004196167,11.420000076293945,172700,0.0,0.0
2025-07-21 00:00:00-04:00,11.470000267028809,11.529999732971191,11.300000190734863,11.40999984741211,293300,0.0,0.0
2025-07-22 00:00:00-04:00,11.449999809265137,11.699999809265137,11.3100004196167,11.470000267028809,154000,0.0,0.0
2025-07-23 00:00:00-04:00,11.630000114440918,11.949999809265137,11.449999809265137,11.84000015258789,148800,0.0,0.0
2025-07-24 00:00:00-04:00,11.739999771118164,12.050000190734863,11.59000015258789,11.979999542236328,110600,0.0,0.0
2025-07-25 00:00:00-04:00,12.100000381469727,12.279999732971191,11.979999542236328,12.100000381469727,203000,0.0,0.0
2025-07-28 00:00:00-04:00,12.119999885559082,12.305000305175781,12.111000061035156,12.1899995803833,138600,0.0,0.0
2025-07-29 00:00:00-04:00,12.149999618530273,12.829999923706055,12.149999618530273,12.760000228881836,358400,0.0,0.0
2025-07-30 00:00:00-04:00,12.899999618530273,13.0,12.359999656677246,12.460000038146973,583800,0.0,0.0
2025-07-31 00:00:00-04:00,12.479999542236328,12.529999732971191,12.017999649047852,12.210000038146973,162800,0.0,0.0
2025-08-01 00:00:00-04:00,12.25,12.34000015258789,11.859999656677246,12.09000015258789,131200,0.0,0.0
2025-08-04 00:00:00-04:00,12.15999984741211,12.350000381469727,11.9399995803833,12.010000228881836,102000,0.0,0.0
2025-08-05 00:00:00-04:00,12.15999984741211,12.34000015258789,11.946999549865723,12.319999694824219,240200,0.0,0.0
2025-08-06 00:00:00-04:00,12.359999656677246,13.15999984741211,12.229999542236328,12.890000343322754,243900,0.0,0.0
2025-08-07 00:00:00-04:00,12.949999809265137,13.180000305175781,12.760000228881836,12.960000038146973,245900,0.0,0.0
2025-08-08 00:00:00-04:00,12.989999771118164,13.029999732971191,12.5600004196167,12.600000381469727,256300,0.0,0.0
2025-08-11 00:00:00-04:00,12.729999542236328,12.930000305175781,12.5,12.890000343322754,193900,0.0,0.0
2025-08-12 00:00:00-04:00,12.90999984741211,13.399999618530273,12.5,12.630000114440918,367600,0.0,0.0
2025-08-13 00:00:00-04:00,12.770000457763672,13.0,12.3100004196167,12.329999923706055,148900,0.0,0.0
2025-08-14 00:00:00-04:00,12.180000305175781,12.239999771118164,11.739999771118164,11.90999984741211,171700,0.0,0.0
2025-08-15 00:00:00-04:00,11.979999542236328,12.119999885559082,11.640000343322754,11.710000038146973,53700,0.0,0.0
2025-08-18 00:00:00-04:00,11.609999656677246,12.152999877929688,11.569999694824219,11.609999656677246,140700,0.0,0.0
2025-08-19 00:00:00-04:00,11.630000114440918,11.732999801635742,10.890000343322754,11.039999961853027,373600,0.0,0.0
2025-08-20 00:00:00-04:00,10.9399995803833,11.309000015258789,10.9399995803833,10.979999542236328,384100,0.0,0.0
2025-08-21 00:00:00-04:00,10.770000457763672,11.390000343322754,10.770000457763672,11.100000381469727,171900,0.0,0.0
2025-08-22 00:00:00-04:00,11.100000381469727,11.399999618530273,10.970000267028809,11.020000457763672,210000,0.0,0.0
2025-08-25 00:00:00-04:00,10.930000305175781,10.930000305175781,10.149999618530273,10.319999694824219,353100,0.0,0.0
2025-08-26 00:00:00-04:00,10.359999656677246,10.789999961853027,10.1850004196167,10.579999923706055,394500,0.0,0.0
2025-08-27 00:00:00-04:00,10.479999542236328,10.510000228881836,10.229999542236328,10.300000190734863,324200,0.0,0.0
2025-08-28 00:00:00-04:00,10.34000015258789,11.194999694824219,10.300000190734863,10.800000190734863,307400,0.0,0.0
2025-08-29 00:00:00-04:00,10.680000305175781,10.880000114440918,10.645000457763672,10.680000305175781,147900,0.0,0.0
2025-09-02 00:00:00-04:00,10.5,10.529999732971191,9.970000267028809,10.300000190734863,475600,0.0,0.0
2025-09-03 00:00:00-04:00,10.5,10.65999984741211,10.0,10.0600004196167,339100,0.0,0.0
2025-09-04 00:00:00-04:00,10.0600004196167,10.399999618530273,10.0600004196167,10.319999694824219,156700,0.0,0.0
2025-09-05 00:00:00-04:00,10.34000015258789,10.470000267028809,9.989999771118164,10.130000114440918,240200,0.0,0.0
2025-09-08 00:00:00-04:00,9.199999809265137,9.199999809265137,8.395000457763672,8.729999542236328,786100,0.0,0.0
2025-09-09 00:00:00-04:00,8.729999542236328,9.0,8.489999771118164,8.5600004196167,562000,0.0,0.0
2025-09-10 00:00:00-04:00,8.569999694824219,9.15999984741211,8.569999694824219,8.979999542236328,300800,0.0,0.0
2025-09-11 00:00:00-04:00,9.0,9.199999809265137,8.859999656677246,8.979999542236328,272600,0.0,0.0
2025-09-12 00:00:00-04:00,9.020000457763672,9.069999694824219,8.350000381469727,8.5600004196167,450800,0.0,0.0
2025-09-15 00:00:00-04:00,8.699999809265137,8.835000038146973,8.300000190734863,8.399999618530273,804100,0.0,0.0
2025-09-16 00:00:00-04:00,8.5600004196167,8.699999809265137,8.460000038146973,8.630000114440918,466200,0.0,0.0
2025-09-17 00:00:00-04:00,8.630000114440918,8.8100004196167,8.300000190734863,8.34000015258789,365500,0.0,0.0
2025-09-18 00:00:00-04:00,8.40999984741211,8.40999984741211,7.639999866485596,7.739999771118164,782400,0.0,0.0
2025-09-19 00:00:00-04:00,7.75,7.909999847412109,7.429999828338623,7.679999828338623,608800,0.0,0.0
2025-09-22 00:00:00-04:00,8.329999923706055,8.84000015258789,8.0,8.670000076293945,550600,0.0,0.0
2025-09-23 00:00:00-04:00,8.899999618530273,9.1899995803833,8.800000190734863,8.84000015258789,437100,0.0,0.0
2025-09-24 00:00:00-04:00,9.40999984741211,9.670000076293945,8.880000114440918,9.0,520100,0.0,0.0
2025-09-25 00:00:00-04:00,8.90999984741211,8.90999984741211,8.460000038146973,8.579999923706055,424400,0.0,0.0
2025-09-26 00:00:00-04:00,8.710000038146973,9.069999694824219,8.51200008392334,8.640000343322754,322500,0.0,0.0
2025-09-29 00:00:00-04:00,8.600000381469727,8.710000038146973,8.210000038146973,8.289999961853027,389700,0.0,0.0
2025-09-30 00:00:00-04:00,8.289999961853027,8.364999771118164,7.869999885559082,8.010000228881836,491300,0.0,0.0
2025-10-01 00:00:00-04:00,8.079999923706055,8.1899995803833,7.715000152587891,7.760000228881836,256700,0.0,0.0
2025-10-02 00:00:00-04:00,7.940000057220459,8.027999877929688,7.534999847412109,7.980000019073486,630400,0.0,0.0
2025-10-03 00:00:00-04:00,8.020000457763672,8.09000015258789,7.789999961853027,7.860000133514404,453800,0.0,0.0
2025-10-06 00:00:00-04:00,7.909999847412109,8.0600004196167,7.684999942779541,7.829999923706055,372200,0.0,0.0
2025-10-07 00:00:00-04:00,7.849999904632568,7.909999847412109,7.670000076293945,7.699999809265137,196600,0.0,0.0
2025-10-08 00:00:00-04:00,7.800000190734863,7.940000057220459,7.599999904632568,7.929999828338623,248200,0.0,0.0
2025-10-09 00:00:00-04:00,7.840000152587891,9.100000381469727,7.840000152587891,8.90999984741211,618100,0.0,0.0
2025-10-10 00:00:00-04:00,9.180000305175781,9.357999801635742,8.40999984741211,8.430000305175781,428900,0.0,0.0
2025-10-13 00:00:00-04:00,8.649999618530273,9.529999732971191,8.590999603271484,9.460000038146973,800900,0.0,0.0
2025-10-14 00:00:00-04:00,9.239999771118164,10.0600004196167,8.850000381469727,8.850000381469727,1067700,0.0,0.0
2025-10-15 00:00:00-04:00,9.399999618530273,10.359999656677246,9.15999984741211,9.829999923706055,1070600,0.0,0.0
2025-10-16 00:00:00-04:00,9.829999923706055,10.010000228881836,9.539999961853027,9.680000305175781,515000,0.0,0.0
2025-10-17 00:00:00-04:00,9.5,9.8100004196167,9.420000076293945,9.510000228881836,247400,0.0,0.0
2025-10-20 00:00:00-04:00,9.420000076293945,9.720000267028809,9.229999542236328,9.289999961853027,271300,0.0,0.0
2025-10-21 00:00:00-04:00,9.270000457763672,9.479999542236328,8.829999923706055,8.920000076293945,295600,0.0,0.0
2025-10-22 00:00:00-04:00,8.930000305175781,9.119999885559082,8.569999694824219,8.9399995803833,399500,0.0,0.0
2025-10-23 00:00:00-04:00,8.989999771118164,10.1899995803833,8.989999771118164,9.569999694824219,686700,0.0,0.0
2025-10-24 00:00:00-04:00,9.550000190734863,9.850000381469727,9.420000076293945,9.449999809265137,355300,0.0,0.0
2025-10-27 00:00:00-04:00,12.444999694824219,13.699999809265137,11.859999656677246,13.15999984741211,1844200,0.0,0.0
2025-10-28 00:00:00-04:00,12.859999656677246,13.989999771118164,12.670000076293945,13.529999732971191,814900,0.0,0.0
2025-10-29 00:00:00-04:00,14.0,14.890000343322754,13.760000228881836,14.260000228881836,904700,0.0,0.0
2025-10-30 00:00:00-04:00,14.039999961853027,14.449999809265137,13.65999984741211,14.220000267028809,547900,0.0,0.0
2025-10-31 00:00:00-04:00,14.75,15.970000267028809,14.65999984741211,15.5600004196167,1048800,0.0,0.0
2025-11-03 00:00:00-05:00,15.989999771118164,16.540000915527344,15.0,16.31999969482422,851700,0.0,0.0
2025-11-04 00:00:00-05:00,15.630000114440918,16.219999313354492,15.552000045776367,15.880000114440918,377400,0.0,0.0
2025-11-05 00:00:00-05:00,16.100000381469727,16.18000030517578,15.255000114440918,15.470000267028809,574900,0.0,0.0
2025-11-06 00:00:00-05:00,15.739999771118164,15.739999771118164,14.579999923706055,14.640000343322754,336500,0.0,0.0
2025-11-07 00:00:00-05:00,14.170000076293945,14.774999618530273,13.970000267028809,14.529999732971191,308000,0.0,0.0
2025-11-10 00:00:00-05:00,15.0600004196167,15.239999771118164,14.399999618530273,14.869999885559082,326300,0.0,0.0
2025-11-11 00:00:00-05:00,14.880000114440918,15.460000038146973,14.6850004196167,14.979999542236328,313100,0.0,0.0
2025-11-12 00:00:00-05:00,14.6899995803833,15.1899995803833,13.75,14.970000267028809,377500,0.0,0.0
2025-11-13 00:00:00-05:00,15.479999542236328,15.479999542236328,14.279999732971191,14.609999656677246,262100,0.0,0.0
2025-11-14 00:00:00-05:00,14.34000015258789,15.399999618530273,14.253999710083008,14.930000305175781,271500,0.0,0.0
2025-11-17 00:00:00-05:00,15.100000381469727,15.239999771118164,14.569999694824219,14.819999694824219,347100,0.0,0.0
2025-11-18 00:00:00-05:00,14.649999618530273,15.100000381469727,14.529999732971191,14.619999885559082,314500,0.0,0.0
2025-11-19 00:00:00-05:00,14.680000305175781,15.109999656677246,14.520000457763672,14.720000267028809,275700,0.0,0.0
2025-11-20 00:00:00-05:00,15.109999656677246,15.149999618530273,14.1899995803833,14.239999771118164,387300,0.0,0.0
2025-11-21 00:00:00-05:00,14.15999984741211,14.350000381469727,13.553999900817871,13.770000457763672,175100,0.0,0.0
2025-11-24 00:00:00-05:00,13.720000267028809,13.890000343322754,13.510000228881836,13.859999656677246,186800,0.0,0.0
2025-11-25 00:00:00-05:00,13.84000015258789,14.319999694824219,13.569000244140625,14.149999618530273,272600,0.0,0.0
2025-11-26 00:00:00-05:00,14.399999618530273,15.010000228881836,14.399999618530273,14.869999885559082,459900,0.0,0.0
2025-11-28 00:00:00-05:00,15.279999732971191,15.899999618530273,14.890000343322754,15.899999618530273,375600,0.0,0.0
2025-12-01 00:00:00-05:00,15.579999923706055,16.790000915527344,15.539999961853027,16.350000381469727,440000,0.0,0.0
2025-12-02 00:00:00-05:00,16.3799991607666,17.149999618530273,16.280000686645508,16.549999237060547,486500,0.0,0.0
2025-12-03 00:00:00-05:00,16.639999389648438,17.959999084472656,16.639999389648438,17.950000762939453,632800,0.0,0.0
2025-12-04 00:00:00-05:00,18.360000610351562,18.503000259399414,17.18000030517578,17.190000534057617,522200,0.0,0.0
2025-12-05 00:00:00-05:00,17.899999618530273,17.989999771118164,16.982999801635742,17.100000381469727,471400,0.0,0.0
2025-12-08 00:00:00-05:00,16.889999389648438,17.06999969482422,16.600000381469727,16.81999969482422,184000,0.0,0.0
2025-12-09 00:00:00-05:00,16.90999984741211,17.139999389648438,16.350000381469727,16.850000381469727,354500,0.0,0.0
2025-12-10 00:00:00-05:00,16.850000381469727,17.170000076293945,16.729999542236328,16.899999618530273,310800,0.0,0.0
2025-12-11 00:00:00-05:00,16.479999542236328,16.899999618530273,16.239999771118164,16.510000228881836,283400,0.0,0.0
2025-12-12 00:00:00-05:00,16.43000030517578,16.729999542236328,16.049999237060547,16.170000076293945,149200,0.0,0.0
2025-12-15 00:00:00-05:00,16.329999923706055,16.469999313354492,15.960000038146973,16.469999313354492,161800,0.0,0.0
2025-12-16 00:00:00-05:00,16.219999313354492,16.649999618530273,15.670000076293945,16.06999969482422,233000,0.0,0.0
2025-12-17 00:00:00-05:00,16.190000534057617,16.639999389648438,15.975000381469727,16.25,276700,0.0,0.0
2025-12-18 00:00:00-05:00,16.43000030517578,17.889999389648438,16.229999542236328,17.510000228881836,375100,0.0,0.0
2025-12-19 00:00:00-05:00,17.700000762939453,17.961000442504883,17.15999984741211,17.549999237060547,275100,0.0,0.0
2025-12-22 00:00:00-05:00,17.540000915527344,17.8799991607666,17.43400001525879,17.479999542236328,172500,0.0,0.0
2025-12-23 00:00:00-05:00,17.5,18.139999389648438,17.5,17.68000030517578,292900,0.0,0.0
2025-12-24 00:00:00-05:00,17.56999969482422,17.770000457763672,17.219999313354492,17.610000610351562,206200,0.0,0.0
2025-12-26 00:00:00-05:00,17.6299991607666,17.93000030517578,17.440000534057617,17.530000686645508,113300,0.0,0.0
2025-12-29 00:00:00-05:00,17.360000610351562,17.947999954223633,17.200000762939453,17.350000381469727,236400,0.0,0.0
2025-12-30 00:00:00-05:00,17.420000076293945,17.68000030517578,17.01300048828125,17.31999969482422,278400,0.0,0.0
2025-12-31 00:00:00-05:00,17.280000686645508,17.549999237060547,17.19499969482422,17.5,103800,0.0,0.0
2026-01-02 00:00:00-05:00,17.549999237060547,17.565000534057617,16.860000610351562,17.350000381469727,216800,0.0,0.0
2026-01-05 00:00:00-05:00,17.510000228881836,17.59000015258789,16.92799949645996,17.5,226500,0.0,0.0
2026-01-06 00:00:00-05:00,17.639999389648438,18.274999618530273,16.56999969482422,16.56999969482422,404700,0.0,0.0
2026-01-07 00:00:00-05:00,16.770000457763672,16.780000686645508,16.079999923706055,16.18000030517578,309700,0.0,0.0
2026-01-08 00:00:00-05:00,16.149999618530273,16.645000457763672,15.954999923706055,16.520000457763672,211300,0.0,0.0
2026-01-09 00:00:00-05:00,16.520000457763672,16.950000762939453,16.174999237060547,16.950000762939453,336500,0.0,0.0
2026-01-12 00:00:00-05:00,16.81999969482422,16.90999984741211,16.18000030517578,16.360000610351562,304500,0.0,0.0
2026-01-13 00:00:00-05:00,16.350000381469727,16.600000381469727,16.174999237060547,16.329999923706055,214400,0.0,0.0
2026-01-14 00:00:00-05:00,16.299999237060547,16.559999465942383,15.510000228881836,15.539999961853027,197400,0.0,0.0
2026-01-15 00:00:00-05:00,15.720000267028809,15.789999961853027,15.20300006866455,15.510000228881836,251800,0.0,0.0
2026-01-16 00:00:00-05:00,15.470000267028809,15.880000114440918,15.069999694824219,15.289999961853027,305800,0.0,0.0
2026-01-20 00:00:00-05:00,14.890000343322754,15.539999961853027,14.770000457763672,15.279999732971191,216200,0.0,0.0
2026-01-21 00:00:00-05:00,15.210000038146973,15.949999809265137,15.210000038146973,15.770000457763672,447900,0.0,0.0
2026-01-22 00:00:00-05:00,16.030000686645508,16.530000686645508,15.649999618530273,16.34000015258789,579500,0.0,0.0
2026-01-23 00:00:00-05:00,16.489999771118164,16.950000762939453,16.235000610351562,16.450000762939453,284000,0.0,0.0
2026-01-26 00:00:00-05:00,16.540000915527344,17.979999542236328,16.139999389648438,17.0,819400,0.0,0.0
2026-01-27 00:00:00-05:00,17.139999389648438,17.719999313354492,17.09000015258789,17.5,605100,0.0,0.0
2026-01-28 00:00:00-05:00,17.6299991607666,17.6299991607666,16.90999984741211,17.290000915527344,263600,0.0,0.0
2026-01-29 00:00:00-05:00,17.510000228881836,17.579999923706055,16.469999313354492,17.1299991607666,328000,0.0,0.0
2026-01-30 00:00:00-05:00,17.0,17.270000457763672,16.469999313354492,16.520000457763672,210700,0.0,0.0
2026-02-02 00:00:00-05:00,16.31999969482422,16.725000381469727,16.010000228881836,16.299999237060547,229800,0.0,0.0
2026-02-03 00:00:00-05:00,16.5,16.639999389648438,15.800000190734863,16.459999084472656,476100,0.0,0.0
2026-02-04 00:00:00-05:00,16.420000076293945,16.420000076293945,15.329999923706055,15.920000076293945,302300,0.0,0.0
2026-02-05 00:00:00-05:00,15.6899995803833,15.779999732971191,15.149999618530273,15.3100004196167,341100,0.0,0.0
2026-02-06 00:00:00-05:00,15.720000267028809,15.920000076293945,15.430000305175781,15.609999656677246,325300,0.0,0.0
2026-02-09 00:00:00-05:00,15.65999984741211,15.890000343322754,15.239999771118164,15.6899995803833,249100,0.0,0.0
2026-02-10 00:00:00-05:00,15.739999771118164,16.34000015258789,15.420000076293945,16.139999389648438,347100,0.0,0.0
2026-02-11 00:00:00-05:00,16.420000076293945,16.489999771118164,15.829999923706055,15.970000267028809,241600,0.0,0.0
2026-02-12 00:00:00-05:00,16.219999313354492,16.479999542236328,15.175000190734863,15.220000267028809,259700,0.0,0.0
2026-02-13 00:00:00-05:00,15.369999885559082,15.6899995803833,15.1899995803833,15.550000190734863,173800,0.0,0.0
2026-02-17 00:00:00-05:00,15.59000015258789,15.59000015258789,14.71399974822998,15.180000305175781,137500,0.0,0.0
2026-02-18 00:00:00-05:00,15.890000343322754,16.049999237060547,15.449999809265137,15.739999771118164,370200,0.0,0.0
2026-02-19 00:00:00-05:00,15.6899995803833,16.524999618530273,15.6899995803833,16.43000030517578,544800,0.0,0.0
2026-02-20 00:00:00-05:00,16.459999084472656,16.658000946044922,16.229999542236328,16.3799991607666,333100,0.0,0.0
2026-02-23 00:00:00-05:00,16.200000762939453,16.354999542236328,15.699999809265137,15.770000457763672,316200,0.0,0.0
2026-02-24 00:00:00-05:00,15.84000015258789,16.229999542236328,15.84000015258789,16.110000610351562,169000,0.0,0.0
2026-02-25 00:00:00-05:00,16.18000030517578,16.18000030517578,15.699999809265137,15.800000190734863,117600,0.0,0.0
2026-02-26 00:00:00-05:00,15.619999885559082,16.299999237060547,15.305000305175781,16.020000457763672,287400,0.0,0.0
2026-02-27 00:00:00-05:00,15.84000015258789,16.0,15.354999542236328,15.6899995803833,460500,0.0,0.0
2026-03-02 00:00:00-05:00,15.510000228881836,15.824999809265137,15.326000213623047,15.350000381469727,212800,0.0,0.0
2026-03-03 00:00:00-05:00,14.890000343322754,15.045000076293945,14.479999542236328,14.699999809265137,206798,0.0,0.0
