Date,Open,High,Low,Close,Volume,Dividends,Stock Splits
2022-01-03 00:00:00-05:00,9.51009193932242,9.751006583187992,9.486000532374309,9.690777778625488,1313700,0.0,0.0
2022-01-04 00:00:00-05:00,9.769075131172427,9.89555574483274,9.720892313770639,9.793167114257812,892000,0.0,0.0
2022-01-05 00:00:00-05:00,9.817255980911902,9.871461783220626,9.654639722754483,9.672707557678223,840900,0.0,0.0
2022-01-06 00:00:00-05:00,9.751005208524445,9.817255850311401,9.648616599833252,9.68475341796875,482000,0.0,0.0
2022-01-07 00:00:00-05:00,9.702823552463833,9.77509719730863,9.642594749247255,9.6486177444458,463000,0.0,0.0
2022-01-10 00:00:00-05:00,9.696799535934879,9.720890365422783,9.594410925881595,9.672707557678223,467300,0.0,0.0
2022-01-11 00:00:00-05:00,9.757030075718184,9.82328073022092,9.624526469174796,9.751007080078125,652600,0.0,0.0
2022-01-12 00:00:00-05:00,9.305315232796401,9.335429636824344,9.196904182434082,9.196904182434082,6187600,0.0,0.0
2022-01-13 00:00:00-05:00,9.257133251031835,9.317362064519923,9.220996422446609,9.287247657775879,1865000,0.0,0.0
2022-01-14 00:00:00-05:00,9.233039624193607,9.347474227474924,9.208948219458234,9.335428237915039,1090400,0.0,0.0
2022-01-18 00:00:00-05:00,9.323383461082347,9.329406456645723,9.10656079026106,9.1607666015625,1101800,0.0,0.0
2022-01-19 00:00:00-05:00,9.142697394713975,9.148719815369503,8.913828752655686,8.931897163391113,1441800,0.0,0.0
2022-01-20 00:00:00-05:00,8.96803568542737,9.010195507232487,8.769281419225399,8.775303840637207,1394100,0.0,0.0
2022-01-21 00:00:00-05:00,8.733143772747763,8.775303593364892,8.450069296527596,8.462115287780762,1828200,0.0,0.0
2022-01-24 00:00:00-05:00,8.431999112554962,8.431999112554962,7.974261880021161,8.377793312072754,2408300,0.0,0.0
2022-01-25 00:00:00-05:00,8.245293043594735,8.570527380006858,8.191087799513172,8.516322135925293,1272800,0.0,0.0
2022-01-26 00:00:00-05:00,8.636777834502967,8.733143463578877,8.317566544592905,8.36574935913086,981000,0.0,0.0
2022-01-27 00:00:00-05:00,8.401885591640212,8.48018280335109,8.215177342039551,8.251314163208008,1118400,0.0,0.0
2022-01-28 00:00:00-05:00,8.257337739228232,8.371771780159762,8.064606481076416,8.36574935913086,1066400,0.0,0.0
2022-01-31 00:00:00-05:00,8.347679932190173,8.582571571450366,8.335634516383829,8.57654857635498,798800,0.0,0.0
2022-02-01 00:00:00-05:00,8.642798245927322,8.811438046390915,8.552455064890754,8.751209259033203,1584800,0.0,0.0
2022-02-02 00:00:00-05:00,8.793372398272991,8.847577634637076,8.546434752153543,8.690983772277832,1213700,0.0,0.0
2022-02-03 00:00:00-05:00,8.666891558978186,8.69700538491958,8.52836554723325,8.534388542175293,804600,0.0,0.0
2022-02-04 00:00:00-05:00,8.498253122019705,8.66087057694296,8.413933470771687,8.58859634399414,860700,0.0,0.0
2022-02-07 00:00:00-05:00,8.612686145849743,8.781325991222968,8.612686145849743,8.68496036529541,684700,0.0,0.0
2022-02-08 00:00:00-05:00,8.71507588321961,8.847578348648678,8.71507588321961,8.793373107910156,889400,0.0,0.0
2022-02-09 00:00:00-05:00,8.853600699342076,8.91382950606334,8.799394888169832,8.817463874816895,828400,0.0,0.0
2022-02-10 00:00:00-05:00,8.769280819563726,8.835532045639155,8.552457580799677,8.582571983337402,987600,0.0,0.0
2022-02-11 00:00:00-05:00,8.582571799614403,8.703028832802278,8.438023359788954,8.54643440246582,844400,0.0,0.0
2022-02-14 00:00:00-05:00,8.534390348855863,8.612687576524255,8.486207527888318,8.552458763122559,670800,0.0,0.0
2022-02-15 00:00:00-05:00,8.612685070213018,8.805416297997963,8.612685070213018,8.769279479980469,720100,0.0,0.0
2022-02-16 00:00:00-05:00,8.793372760389778,8.962012620697605,8.733143951659024,8.913829803466797,914300,0.0,0.0
2022-02-17 00:00:00-05:00,8.829508903685939,8.889737707761595,8.62473165909004,8.666892051696777,827800,0.0,0.0
2022-02-18 00:00:00-05:00,8.624733199190192,8.847578895048091,8.624733199190192,8.78735065460205,1687600,0.0,0.0
2022-02-22 00:00:00-05:00,8.739167806233654,8.745190802575525,8.492230700062379,8.58859634399414,1266300,0.0,0.0
2022-02-23 00:00:00-05:00,8.703027540581642,8.709050534942856,8.365747897734684,8.377793312072754,1325500,0.0,0.0
2022-02-24 00:00:00-05:00,8.203130770505988,8.522342015324398,8.052559352748423,8.46813678741455,1074400,0.0,0.0
2022-02-25 00:00:00-05:00,8.59461748253584,8.937920158431062,8.588594487495891,8.931897163391113,1436800,0.0,0.0
2022-02-28 00:00:00-05:00,8.919852569361364,9.04030960933433,8.781326542604097,8.943943977355957,1141500,0.0,0.0
2022-03-01 00:00:00-05:00,8.895761145664462,9.052355010160671,8.805417935055852,9.016218185424805,917000,0.0,0.0
2022-03-02 00:00:00-05:00,9.052356227076759,9.251110512996153,9.016219397482988,9.184859275817871,948300,0.0,0.0
2022-03-03 00:00:00-05:00,9.239062309265137,9.293268111698758,9.154742108325685,9.239062309265137,757300,0.0,0.0
2022-03-04 00:00:00-05:00,9.142699293985897,9.305316173155038,9.11258488691471,9.269179344177246,823500,0.0,0.0
2022-03-07 00:00:00-05:00,9.23304053598858,9.287246345592282,8.968035057729267,8.99212646484375,1160400,0.0,0.0
2022-03-08 00:00:00-05:00,9.02826181796871,9.305313241856537,9.010193409171606,9.14871883392334,964700,0.0,0.0
2022-03-09 00:00:00-05:00,9.281221935433978,9.383610543659032,9.130650520324707,9.130650520324707,1034400,0.0,0.0
2022-03-10 00:00:00-05:00,9.094514196586852,9.269177024630125,9.04030839230025,9.263154029846191,743900,0.0,0.0
2022-03-11 00:00:00-05:00,9.29929235174051,9.383612569181215,9.22099570444102,9.257132530212402,670600,0.0,0.0
2022-03-14 00:00:00-04:00,9.305314630590884,9.347475023255333,9.082468974221026,9.154743194580078,962800,0.0,0.0
2022-03-15 00:00:00-04:00,9.214970623486655,9.305313241856537,9.0704222043411,9.14871883392334,989800,0.0,0.0
2022-03-16 00:00:00-04:00,9.160765226190469,9.335428050613672,9.142696816597553,9.299290657043457,1235100,0.0,0.0
2022-03-17 00:00:00-04:00,9.239063660180863,9.341452285441104,9.214972252730481,9.317360877990723,799000,0.0,0.0
2022-03-18 00:00:00-04:00,9.30531532968495,9.389635546964248,9.233041103896044,9.32940673828125,4001700,0.0,0.0
2022-03-21 00:00:00-04:00,9.34747580673527,9.467932850763406,9.32940681934268,9.383612632751465,870100,0.0,0.0
2022-03-22 00:00:00-04:00,9.4558854750795,9.498045865106564,9.40770266452092,9.449862480163574,885800,0.0,0.0
2022-03-23 00:00:00-04:00,9.449862260647187,9.485999654918869,9.401679451207874,9.407702445983887,662500,0.0,0.0
2022-03-24 00:00:00-04:00,9.419749703450295,9.492023927337497,9.347475479563093,9.431795120239258,770600,0.0,0.0
2022-03-25 00:00:00-04:00,9.486001326326031,9.588389958021263,9.449863925687039,9.510092735290527,1157600,0.0,0.0
2022-03-28 00:00:00-04:00,9.510091280554002,9.540205680749217,9.39565724907348,9.449862480163574,920200,0.0,0.0
2022-03-29 00:00:00-04:00,9.485999519653134,9.564296727471636,9.431793716210757,9.492022514343262,1372300,0.0,0.0
2022-03-30 00:00:00-04:00,9.492022659587954,9.566275698802077,9.430144831854168,9.448708534240723,829000,0.42,0.0
2022-03-31 00:00:00-04:00,9.448709574390106,9.522962621778284,9.318766593933105,9.318766593933105,1084300,0.0,0.0
2022-04-01 00:00:00-04:00,9.343518412714158,9.430146680389845,9.287828474859323,9.423958778381348,923200,0.0,0.0
2022-04-04 00:00:00-04:00,9.423956598816906,9.498210225523916,9.263075314580194,9.46108341217041,814000,0.0,0.0
2022-04-05 00:00:00-04:00,9.479647331598526,9.498211034912522,9.22594928741455,9.22594928741455,929400,0.0,0.0
2022-04-06 00:00:00-04:00,9.176449464971002,9.256890428338815,9.077445383937036,9.201200485229492,894200,0.0,0.0
2022-04-07 00:00:00-04:00,9.19501110039115,9.24451313292835,9.003190871837194,9.058880805969238,785700,0.0,0.0
2022-04-08 00:00:00-04:00,9.065068122477713,9.207386908684128,9.027941893109624,9.120758056640625,589400,0.0,0.0
2022-04-11 00:00:00-04:00,9.14551008160846,9.275453078950125,9.126946964877034,9.207387924194336,729700,0.0,0.0
2022-04-12 00:00:00-04:00,9.250700950622559,9.349705014799026,9.238325737655886,9.250700950622559,781100,0.0,0.0
2022-04-13 00:00:00-04:00,9.250701652919162,9.43633458239834,9.238326439012983,9.423958778381348,575400,0.0,0.0
2022-04-14 00:00:00-04:00,9.436333507509625,9.504398651517366,9.386831477302042,9.479647636413574,954600,0.0,0.0
2022-04-18 00:00:00-04:00,9.498210646670277,9.522961659966503,9.368267679337416,9.380642890930176,719800,0.0,0.0
2022-04-19 00:00:00-04:00,9.386831256648911,9.454896399056668,9.07125537891064,9.096006393432617,1113900,0.0,0.0
2022-04-20 00:00:00-04:00,9.170260487456055,9.331142395333375,9.139322158342633,9.256889343261719,773700,0.0,0.0
2022-04-21 00:00:00-04:00,9.312578162178609,9.38683120533866,9.225949316769848,9.238325119018555,673500,0.0,0.0
2022-04-22 00:00:00-04:00,9.238326636285837,9.24451394831564,9.071256819153765,9.102195739746094,662900,0.0,0.0
2022-04-25 00:00:00-04:00,9.07125666574924,9.17644863991775,8.966064691580732,9.145509719848633,979400,0.0,0.0
2022-04-26 00:00:00-04:00,9.108382276801558,9.145508503859531,8.966063499450684,8.966063499450684,774500,0.0,0.0
2022-04-27 00:00:00-04:00,8.972252080149266,9.17644811476449,8.972252080149266,9.065068244934082,691900,0.0,0.0
2022-04-28 00:00:00-04:00,9.157884633176561,9.244512892811189,9.00319063798814,9.232137680053711,1152500,0.0,0.0
2022-04-29 00:00:00-04:00,9.207386686331072,9.244512914802586,9.015565872192383,9.015565872192383,1130800,0.0,0.0
2022-05-02 00:00:00-04:00,9.015565744477968,9.151696623870198,8.848496538501337,9.009378433227539,1277500,0.0,0.0
2022-05-03 00:00:00-04:00,9.02175342542008,9.269263572712655,8.997002410690822,9.244512557983398,835100,0.0,0.0
2022-05-04 00:00:00-04:00,9.275451306289748,9.461084208459651,9.207386164542099,9.442521095275879,976600,0.0,0.0
2022-05-05 00:00:00-04:00,9.393019184745262,9.49821114429303,9.281639324021567,9.386831283569336,729500,0.0,0.0
2022-05-06 00:00:00-04:00,9.294016404038764,9.560089699962996,9.170260723950303,9.436334609985352,1137700,0.0,0.0
2022-05-09 00:00:00-04:00,9.324953584863167,9.3497045998087,8.755679651005154,8.774243354797363,1740500,0.0,0.0
2022-05-10 00:00:00-04:00,8.817556594289137,8.990813681437158,8.56385856915186,8.644299507141113,1270200,0.0,0.0
2022-05-11 00:00:00-04:00,8.656674876956458,8.836119868033165,8.60717285114983,8.662862777709961,921700,0.0,0.0
2022-05-12 00:00:00-04:00,8.631925457750219,8.712366412065336,8.477231451015946,8.687615394592285,1179000,0.0,0.0
2022-05-13 00:00:00-04:00,8.737116610643485,8.947500534501382,8.687614580337009,8.922749519348145,918200,0.0,0.0
2022-05-16 00:00:00-04:00,8.904185840124226,9.139320764205063,8.873246925619512,9.046504020690918,867800,0.0,0.0
2022-05-17 00:00:00-04:00,9.164072075858503,9.269263444418863,9.10838214596078,9.238325119018555,823100,0.0,0.0
2022-05-18 00:00:00-04:00,9.238326263026979,9.244513574806795,8.910374544153798,8.978440284729004,1511400,0.0,0.0
2022-05-19 00:00:00-04:00,8.891811063946646,9.052692965840288,8.867060047509993,8.9165620803833,1511000,0.0,0.0
2022-05-20 00:00:00-04:00,9.009378863189355,9.021754076391558,8.768056009583207,8.928937911987305,1006500,0.0,0.0
2022-05-23 00:00:00-04:00,8.92893674033706,9.015564991717508,8.842307898845908,8.885622024536133,1085100,0.0,0.0
2022-05-24 00:00:00-04:00,8.879435695339625,8.904186711342986,8.66905176425567,8.897998809814453,847400,0.0,0.0
2022-05-25 00:00:00-04:00,8.854684190276183,9.015565490356883,8.836120486715892,8.891810417175293,954600,0.0,0.0
2022-05-26 00:00:00-04:00,9.046504661173122,9.108382494563433,8.972251615171203,9.009378433227539,865200,0.0,0.0
2022-05-27 00:00:00-04:00,9.040317438846904,9.139322097729972,9.021754323479803,9.108383178710938,712700,0.0,0.0
2022-05-31 00:00:00-04:00,9.071255712731146,9.133133546368551,9.009378469204496,9.08363151550293,1003900,0.0,0.0
2022-06-01 00:00:00-04:00,9.114570149990506,9.12075805158535,8.935125134515463,9.058880805969238,1601400,0.0,0.0
2022-06-02 00:00:00-04:00,9.089818146931092,9.151695975940521,9.00937779537383,9.046504020690918,1078200,0.0,0.0
2022-06-03 00:00:00-04:00,9.0279417100719,9.15169678897441,8.935124958311945,9.089818954467773,1076800,0.0,0.0
2022-06-06 00:00:00-04:00,9.120757370043448,9.126945271175906,8.72474113933787,8.743304252624512,1909600,0.0,0.0
2022-06-07 00:00:00-04:00,8.72474076423304,8.80518111505367,8.631924021568864,8.681426048278809,1814100,0.0,0.0
2022-06-08 00:00:00-04:00,8.67523869497882,8.67523869497882,8.5205447147412,8.607172966003418,1523200,0.0,0.0
2022-06-09 00:00:00-04:00,8.619551252732705,8.681428508600835,8.471044540405273,8.471044540405273,1349600,0.0,0.0
2022-06-10 00:00:00-04:00,8.41535405449924,8.458668186788186,8.353476216848636,8.378227233886719,967300,0.0,0.0
2022-06-13 00:00:00-04:00,8.3534751004664,8.3658509023869,7.518127354375473,7.586193084716797,3380600,0.0,0.0
2022-06-14 00:00:00-04:00,7.493375504045286,7.580004337484947,7.245865394375751,7.320118427276611,1719700,0.0,0.0
2022-06-15 00:00:00-04:00,7.3324973889138585,7.437689378400184,7.060235560792464,7.2211174964904785,2065700,0.0,0.0
2022-06-16 00:00:00-04:00,7.115924269942781,7.146863189138606,6.880789310209637,6.955042362213135,2472800,0.0,0.0
2022-06-17 00:00:00-04:00,6.973605350854634,7.097360424804118,6.837474474454831,7.0664215087890625,2614300,0.0,0.0
2022-06-21 00:00:00-04:00,7.22111696164572,7.505753984448179,7.183990136884156,7.437688827514648,1999800,0.0,0.0
2022-06-22 00:00:00-04:00,7.363432522222135,7.573816409733164,7.363432522222135,7.518126487731934,2474700,0.0,0.0
2022-06-23 00:00:00-04:00,7.530504147969825,7.734700185662451,7.505753130980137,7.666635036468506,1683500,0.0,0.0
2022-06-24 00:00:00-04:00,7.747075144966634,8.019336302183243,7.7408872438658465,7.889393329620361,2261100,0.0,0.0
2022-06-27 00:00:00-04:00,7.932708231245326,8.031712298076657,7.827516262709339,7.858455181121826,1386500,0.0,0.0
2022-06-28 00:00:00-04:00,7.889394320269378,7.945084256947832,7.635696244388249,7.67282247543335,1727900,0.0,0.0
2022-06-29 00:00:00-04:00,7.621585286875318,7.704846378579233,7.4742776244139835,7.570347785949707,1847900,0.42,0.0
2022-06-30 00:00:00-04:00,7.448659025201437,7.679227784048547,7.448659025201437,7.634395122528076,1301300,0.0,0.0
2022-07-01 00:00:00-04:00,7.5959659989704065,7.922605502359641,7.5959659989704065,7.8841776847839355,1056500,0.0,0.0
2022-07-05 00:00:00-04:00,7.788107170947269,7.941819667816162,7.621584993939718,7.941819667816162,1079200,0.0,0.0
2022-07-06 00:00:00-04:00,7.93541436773712,8.037889351821688,7.724059560362925,7.756082534790039,765000,0.0,0.0
2022-07-07 00:00:00-04:00,7.800917596651813,7.9097974450398345,7.794512755970348,7.832940578460693,629500,0.0,0.0
2022-07-08 00:00:00-04:00,7.832939941490178,7.916201031180813,7.775298212442054,7.864963531494141,625200,0.0,0.0
2022-07-11 00:00:00-04:00,7.858558847997519,7.93541509308611,7.724060266392699,7.7368693351745605,844000,0.0,0.0
2022-07-12 00:00:00-04:00,7.756083206706092,7.877772718947896,7.6792269619845435,7.730464458465576,631700,0.0,0.0
2022-07-13 00:00:00-04:00,7.685631900684539,7.948224226230064,7.672822220999808,7.916200637817383,1076200,0.0,0.0
2022-07-14 00:00:00-04:00,7.807321494388082,7.82653601561504,7.62799023853088,7.724061012268066,898100,0.0,0.0
2022-07-15 00:00:00-04:00,7.8649634193817155,7.980248097432969,7.666418263625854,7.941819667816162,1056800,0.0,0.0
2022-07-18 00:00:00-04:00,7.999462288489918,8.025081038870061,7.788107445153935,7.967438697814941,1076800,0.0,0.0
2022-07-19 00:00:00-04:00,8.03788926937527,8.358123896754373,8.03148443023591,8.319695472717285,1157400,0.0,0.0
2022-07-20 00:00:00-04:00,8.294078271181823,8.415767794289982,8.24924561045734,8.377339363098145,1034100,0.0,0.0
2022-07-21 00:00:00-04:00,8.294078076372625,8.409362756441167,8.185198236485485,8.402957916259766,853000,0.0,0.0
2022-07-22 00:00:00-04:00,8.46700509647544,8.511837756146905,8.338911346843268,8.402957916259766,677100,0.0,0.0
2022-07-25 00:00:00-04:00,8.422171239722939,8.5182420033588,8.345314995293732,8.479813575744629,704100,0.0,0.0
2022-07-26 00:00:00-04:00,8.473409295911631,8.582289135413976,8.473409295911631,8.531051635742188,652000,0.0,0.0
2022-07-27 00:00:00-04:00,8.582288635419292,8.806453141523175,8.582288635419292,8.755215644836426,757800,0.0,0.0
2022-07-28 00:00:00-04:00,8.768024670340651,9.024212763309315,8.755215601631743,9.01140308380127,861200,0.0,0.0
2022-07-29 00:00:00-04:00,9.030616460540287,9.088258178636442,8.883308218830397,8.908926963806152,990500,0.0,0.0
2022-08-01 00:00:00-04:00,8.870501123233577,9.030618467618304,8.755216439820831,8.921738624572754,966200,0.0,0.0
2022-08-02 00:00:00-04:00,8.90252304081625,8.90252304081625,8.639930725097656,8.639930725097656,786400,0.0,0.0
2022-08-03 00:00:00-04:00,8.742406518344104,8.787239788880694,8.633526678296812,8.671955108642578,532200,0.0,0.0
2022-08-04 00:00:00-04:00,8.748811160573068,8.768025069911602,8.607907733559095,8.6975736618042,519600,0.0,0.0
2022-08-05 00:00:00-04:00,8.774429358354785,8.928141844998288,8.691168275389774,8.780834197998047,704700,0.0,0.0
2022-08-08 00:00:00-04:00,8.857691603084792,9.056237382473038,8.825668011467435,8.889715194702148,1013200,0.0,0.0
2022-08-09 00:00:00-04:00,8.851285443442993,8.889713869816452,8.697572959547395,8.812857627868652,965400,0.0,0.0
2022-08-10 00:00:00-04:00,8.908930445376352,9.017810306772843,8.902525603929666,8.972977638244629,806800,0.0,0.0
2022-08-11 00:00:00-04:00,8.998593606429566,9.043426261073416,8.91533252580591,8.928141593933105,726800,0.0,0.0
2022-08-12 00:00:00-04:00,8.934548637810648,9.056238174438477,8.883311131061854,9.056238174438477,848300,0.0,0.0
2022-08-15 00:00:00-04:00,9.005001234678767,9.043429061760294,8.947358883257179,8.972977638244629,892400,0.0,0.0
2022-08-16 00:00:00-04:00,8.99859424726791,9.004999087187185,8.915333160714784,8.992189407348633,1001300,0.0,0.0
2022-08-17 00:00:00-04:00,8.889714204088445,8.947356540416548,8.768024691662644,8.883309364318848,767200,0.0,0.0
2022-08-18 00:00:00-04:00,8.883310193168773,8.966571285544735,8.851286602131989,8.921738624572754,516900,0.0,0.0
2022-08-19 00:00:00-04:00,8.87050081152322,8.902523790635517,8.74881129201946,8.793643951416016,695500,0.0,0.0
2022-08-22 00:00:00-04:00,8.697573330780072,8.710383010384342,8.614312245749732,8.627121925354004,658400,0.0,0.0
2022-08-23 00:00:00-04:00,8.646336949575817,8.780835548778965,8.646336949575817,8.729598045349121,830200,0.0,0.0
2022-08-24 00:00:00-04:00,8.723191899602517,8.812857822589011,8.678359243508833,8.787239074707031,467900,0.0,0.0
2022-08-25 00:00:00-04:00,8.819262487192876,8.979379810976633,8.81285764764974,8.947356224060059,750500,0.0,0.0
2022-08-26 00:00:00-04:00,8.934547292695193,8.966570882291782,8.77442995551141,8.83847713470459,693400,0.0,0.0
2022-08-29 00:00:00-04:00,8.780834197998047,8.876904349450454,8.723191862806951,8.780834197998047,554100,0.0,0.0
2022-08-30 00:00:00-04:00,8.774428536955384,8.812856960418427,8.486217498779297,8.486217498779297,810400,0.0,0.0
2022-08-31 00:00:00-04:00,8.460598605015184,8.563073584720591,8.383742370236128,8.39014720916748,999600,0.0,0.0
2022-09-01 00:00:00-04:00,8.338910272604515,8.36452901923068,8.037889541647754,8.178792953491211,1103000,0.0,0.0
2022-09-02 00:00:00-04:00,8.326101239700773,8.326101239700773,8.012271416488462,8.050699234008789,911900,0.0,0.0
2022-09-06 00:00:00-04:00,8.133961900722555,8.249246597290039,7.986654220263451,8.249246597290039,1713400,0.0,0.0
2022-09-07 00:00:00-04:00,8.223625328823188,8.338909990135368,8.153173319888374,8.319695472717285,1181600,0.0,0.0
2022-09-08 00:00:00-04:00,8.268457972088774,8.49262245532675,8.230030158893113,8.447789192199707,991200,0.0,0.0
2022-09-09 00:00:00-04:00,8.499028183306999,8.639930994159133,8.499028183306999,8.627121925354004,1003800,0.0,0.0
2022-09-12 00:00:00-04:00,8.697572589968921,8.793642735621665,8.665549004484976,8.736001014709473,898500,0.0,0.0
2022-09-13 00:00:00-04:00,8.556669482605885,8.65274024245167,8.396552160328685,8.409361839294434,1125200,0.0,0.0
2022-09-14 00:00:00-04:00,8.454194901213823,8.575884414052325,8.422171313056367,8.492623329162598,1112500,0.0,0.0
2022-09-15 00:00:00-04:00,8.454194011459512,8.582287739809079,8.165982969973212,8.185196876525879,1471600,0.0,0.0
2022-09-16 00:00:00-04:00,8.165982816022622,8.249243890579915,8.069912674271393,8.217220306396484,9222500,0.0,0.0
2022-09-19 00:00:00-04:00,8.101936535163688,8.268458702519565,8.05069903917713,8.07631778717041,1367800,0.0,0.0
2022-09-20 00:00:00-04:00,8.018673819184478,8.089125203758522,7.941816985905025,8.005864143371582,787400,0.0,0.0
2022-09-21 00:00:00-04:00,8.082722520642575,8.12115094752702,7.8905816078186035,7.8905816078186035,880600,0.0,0.0
2022-09-22 00:00:00-04:00,7.8777736922091925,7.8841785327603935,7.5767529050940965,7.595966815948486,1024700,0.0,0.0
2022-09-23 00:00:00-04:00,7.4998966075931115,7.525515358850848,7.269327846273481,7.416635513305664,1059200,0.0,0.0
2022-09-26 00:00:00-04:00,7.3653966018734875,7.410229255298747,6.878639810288327,6.897854328155518,1754300,0.0,0.0
2022-09-27 00:00:00-04:00,7.000329313584164,7.0707807133665845,6.680094678720099,6.897854328155518,2504600,0.0,0.0
2022-09-28 00:00:00-04:00,6.987520973467007,7.224494575362862,6.9426883114540425,7.013139724731445,1561200,0.0,0.0
2022-09-29 00:00:00-04:00,7.013138688579345,7.05309987327219,6.453685913848415,6.49364709854126,2012000,0.42,0.0
2022-09-30 00:00:00-04:00,6.839974244363917,6.9998176893425885,6.726751645380345,6.753392219543457,3226900,0.0,0.0
2022-10-03 00:00:00-04:00,6.793353563277746,6.859955324110077,6.50030721297071,6.746732711791992,2344000,0.0,0.0
2022-10-04 00:00:00-04:00,6.919895506898975,7.239582375607248,6.919895506898975,7.172981262207031,2459600,0.0,0.0
2022-10-05 00:00:00-04:00,7.006478630896439,7.039778875267371,6.693451379550387,6.966517448425293,1924000,0.0,0.0
2022-10-06 00:00:00-04:00,6.88659541225953,7.039778562067324,6.733411627290316,6.793353080749512,2350900,0.0,0.0
2022-10-07 00:00:00-04:00,6.733413828258253,6.879937358479534,6.726754158600361,6.806675910949707,2569900,0.0,0.0
2022-10-10 00:00:00-04:00,6.800014190302219,6.953197358287192,6.693451876023718,6.726752758026123,2085800,0.0,0.0
2022-10-11 00:00:00-04:00,6.720093142863032,7.133022470565058,6.646831067921964,7.119701862335205,2007300,0.0,0.0
2022-10-12 00:00:00-04:00,7.099720957608716,7.166322722547938,6.926556876895941,7.086400985717773,2094800,0.0,0.0
2022-10-13 00:00:00-04:00,6.926557931779881,7.226265284488972,6.806675625857844,7.186304092407227,1440400,0.0,0.0
2022-10-14 00:00:00-04:00,7.206282309256416,7.312844610773037,6.946536858100005,6.9531965255737305,874400,0.0,0.0
2022-10-17 00:00:00-04:00,7.113041536355127,7.266224705879647,7.053100075180662,7.246244430541992,1109900,0.0,0.0
2022-10-18 00:00:00-04:00,7.359466878790705,7.472689495015292,7.232923655875467,7.306185722351074,741000,0.0,0.0
2022-10-19 00:00:00-04:00,7.212942282309815,7.332825183618901,7.139680862155034,7.266223430633545,790600,0.0,0.0
2022-10-20 00:00:00-04:00,7.17964269762765,7.259564434493311,7.05310010638073,7.066420078277588,749200,0.0,0.0
2022-10-21 00:00:00-04:00,7.126361352736866,7.239583969116211,7.01979903971195,7.239583969116211,778800,0.0,0.0
2022-10-24 00:00:00-04:00,7.292865110744143,7.339486598968506,7.119701034851333,7.339486598968506,731900,0.0,0.0
2022-10-25 00:00:00-04:00,7.332825634959835,7.779055756007911,7.299524756417462,7.752415180206299,1220100,0.0,0.0
2022-10-26 00:00:00-04:00,7.825675964355469,7.978859103886668,7.739093941296426,7.825675964355469,883100,0.0,0.0
2022-10-27 00:00:00-04:00,7.965541515966837,8.178666168649862,7.9189206569828166,7.9855217933654785,915500,0.0,0.0
2022-10-28 00:00:00-04:00,7.978860826616419,8.15868521375633,7.9655408545106,8.125384330749512,783800,0.0,0.0
2022-10-31 00:00:00-04:00,8.098743124001315,8.172005187973319,8.025481695190775,8.072102546691895,864900,0.0,0.0
2022-11-01 00:00:00-04:00,8.191985146862027,8.278567178575535,7.952219325144177,7.978859901428223,964500,0.0,0.0
2022-11-02 00:00:00-04:00,7.938898722557012,8.098742167535946,7.799035549410098,7.865637302398682,716000,0.0,0.0
2022-11-03 00:00:00-04:00,7.725775880356047,7.76573643307744,7.5392911837844325,7.7124552726745605,880400,0.0,0.0
2022-11-04 00:00:00-04:00,7.852319183926386,8.08542475803059,7.819018296888415,8.032143592834473,633100,0.0,0.0
2022-11-07 00:00:00-05:00,8.145364750559917,8.238607097595928,8.00550218274819,8.198646545410156,860100,0.0,0.0
2022-11-08 00:00:00-05:00,8.245265799119641,8.57827330004453,8.145363167745332,8.38512897491455,887800,0.0,0.0
2022-11-09 00:00:00-05:00,8.32518880865145,8.38513026969958,8.198646218231008,8.251927375793457,808200,0.0,0.0
2022-11-10 00:00:00-05:00,8.511672958774911,8.604915303170676,8.405110642414899,8.591594696044922,1266400,0.0,0.0
2022-11-11 00:00:00-05:00,8.618233835734133,8.884640217300994,8.47171099279183,8.851339340209961,1034300,0.0,0.0
2022-11-14 00:00:00-05:00,8.791398688887451,8.83802017512409,8.5982543463684,8.75143814086914,757900,0.0,0.0
2022-11-15 00:00:00-05:00,8.83136079977407,8.911282539367676,8.704817569046384,8.911282539367676,736200,0.0,0.0
2022-11-16 00:00:00-05:00,8.831360691610001,8.831360691610001,8.58493517209082,8.664856910705566,516100,0.0,0.0
2022-11-17 00:00:00-05:00,8.518332312193078,8.664855798425448,8.42508997819767,8.658195495605469,662800,0.0,0.0
2022-11-18 00:00:00-05:00,8.764758276552811,8.80471946048364,8.564953627221612,8.704816818237305,1210300,0.0,0.0
2022-11-21 00:00:00-05:00,8.658197088192688,8.738118831248928,8.61157623020027,8.644876480102539,685000,0.0,0.0
2022-11-22 00:00:00-05:00,8.658195645240106,8.7847382251995,8.644875039369934,8.758097648620605,729700,0.0,0.0
2022-11-23 00:00:00-05:00,8.74477767791188,8.771418254490776,8.624894765726124,8.758097648620605,558400,0.0,0.0
2022-11-25 00:00:00-05:00,8.77142063550355,8.864662996421162,8.75810002601748,8.778080940246582,296900,0.0,0.0
2022-11-28 00:00:00-05:00,8.718137426632996,8.77807888496247,8.65153566511992,8.691496849060059,609100,0.0,0.0
2022-11-29 00:00:00-05:00,8.711479007527464,8.791400757531378,8.624896952899489,8.7714204788208,648300,0.0,0.0
2022-11-30 00:00:00-05:00,8.718137241846849,8.931261857913038,8.644875178703003,8.924601554870605,2093500,0.0,0.0
2022-12-01 00:00:00-05:00,8.99120363362704,9.151047101341653,8.86466104714334,8.937922477722168,957300,0.0,0.0
2022-12-02 00:00:00-05:00,8.811379590572688,8.858001080130395,8.671517027384077,8.818039894104004,754900,0.0,0.0
2022-12-05 00:00:00-05:00,8.75809978860522,8.811380954781917,8.538314819335938,8.538314819335938,759600,0.0,0.0
2022-12-06 00:00:00-05:00,8.551632883410017,8.5982537311494,8.37846882729029,8.485031127929688,758800,0.0,0.0
2022-12-07 00:00:00-05:00,8.445072770240106,8.598255958296882,8.42509185732364,8.578275680541992,603300,0.0,0.0
2022-12-08 00:00:00-05:00,8.57161473176374,8.764759095969952,8.57161473176374,8.61823558807373,489500,0.0,0.0
2022-12-09 00:00:00-05:00,8.61823512177942,8.678176582455688,8.511672807315609,8.558294296264648,496900,0.0,0.0
2022-12-12 00:00:00-05:00,8.551633966461994,8.771418898156547,8.531653691351988,8.718137741088867,839900,0.0,0.0
2022-12-13 00:00:00-05:00,8.991203669119422,9.077785706596986,8.6848367038763,8.69815731048584,1027700,0.0,0.0
2022-12-14 00:00:00-05:00,8.671516585049165,8.784738563498552,8.564953639468408,8.61157512664795,654700,0.0,0.0
2022-12-15 00:00:00-05:00,8.32518897769207,8.351829557014225,8.07210315655085,8.205306053161621,1212700,0.0,0.0
2022-12-16 00:00:00-05:00,8.065443199934892,8.165345853062284,7.905599717124915,8.058783531188965,2944700,0.0,0.0
2022-12-19 00:00:00-05:00,8.09208411970699,8.211967054421976,7.958881211780101,7.9855217933654785,825900,0.0,0.0
2022-12-20 00:00:00-05:00,7.945560771277385,8.01216190374313,7.832338147407936,7.952220439910889,793500,0.0,0.0
2022-12-21 00:00:00-05:00,8.08542473273188,8.19864736720976,8.078764428312807,8.112065315246582,741500,0.0,0.0
2022-12-22 00:00:00-05:00,8.065443538121613,8.065443538121613,7.832338608039946,7.9855217933654785,869000,0.0,0.0
2022-12-23 00:00:00-05:00,7.912259570127157,8.018821885927684,7.912259570127157,7.958880424499512,556700,0.0,0.0
2022-12-27 00:00:00-05:00,7.9921810077137145,8.005501614270747,7.812356630162645,7.819016933441162,708600,0.0,0.0
2022-12-28 00:00:00-05:00,7.799035384297694,7.825675957896846,7.499328772516899,7.505989074707031,1277400,0.0,0.0
2022-12-29 00:00:00-05:00,7.595758281953207,7.79601006486332,7.47836923764026,7.720052719116211,997500,0.4,0.0
2022-12-30 00:00:00-05:00,7.609572017036415,7.726960448313267,7.499087664216546,7.692434787750244,1254900,0.0,0.0
2023-01-03 00:00:00-05:00,7.775295771357417,7.8650639169650685,7.651001314587652,7.809822082519531,801000,0.0,0.0
2023-01-04 00:00:00-05:00,7.899589071563211,8.010073392023417,7.844347240600393,7.920305252075195,689000,0.0,0.0
2023-01-05 00:00:00-05:00,7.865062507460385,7.941019851576963,7.816725417082113,7.8236308097839355,628400,0.0,0.0
2023-01-06 00:00:00-05:00,7.892684899858813,7.941021340767188,7.782201230048461,7.858158588409424,1121800,0.0,0.0
2023-01-09 00:00:00-05:00,7.954832869878601,8.003169315290275,7.768391165802691,7.80291748046875,1397900,0.0,0.0
2023-01-10 00:00:00-05:00,7.796010953406989,7.906494617462158,7.726958334105216,7.906494617462158,618300,0.0,0.0
2023-01-11 00:00:00-05:00,7.934115350273463,8.18960898213522,7.934115350273463,8.14127254486084,622500,0.0,0.0
2023-01-12 00:00:00-05:00,8.21722881393373,8.293186815102372,8.12746134469994,8.279376029968262,625800,0.0,0.0
2023-01-13 00:00:00-05:00,8.175796794133786,8.479626786731526,8.14817588571581,8.472722053527832,590900,0.0,0.0
2023-01-17 00:00:00-05:00,8.507249234289898,8.61773288795062,8.500344499836993,8.534870147705078,566400,0.0,0.0
2023-01-18 00:00:00-05:00,8.576301980247687,8.672975507968998,8.514154759465024,8.527965545654297,519000,0.0,0.0
2023-01-19 00:00:00-05:00,8.452007407459536,8.548680933679929,8.41748110105693,8.534870147705078,604100,0.0,0.0
2023-01-20 00:00:00-05:00,8.583208973461861,8.65916633605957,8.479630033336273,8.65916633605957,673700,0.0,0.0
2023-01-23 00:00:00-05:00,8.666071143385368,8.866322957154482,8.659165749471184,8.831796646118164,487100,0.0,0.0
2023-01-24 00:00:00-05:00,8.831794696364868,9.01133094729067,8.811079177730187,8.90775203704834,685600,0.0,0.0
2023-01-25 00:00:00-05:00,8.852512779218168,8.976807244098312,8.742029103117888,8.949186325073242,610800,0.0,0.0
2023-01-26 00:00:00-05:00,8.99061532278292,9.066572662571922,8.907751932151065,8.95608901977539,580100,0.0,0.0
2023-01-27 00:00:00-05:00,8.956088262961831,9.059666504697326,8.956088262961831,8.97680377960205,774700,0.0,0.0
2023-01-30 00:00:00-05:00,8.942280389107259,8.997522223811758,8.838702113669976,8.900849342346191,512700,0.0,0.0
2023-01-31 00:00:00-05:00,8.969900352740556,9.163247412183418,8.921563917147113,9.135625839233398,808200,0.0,0.0
2023-02-01 00:00:00-05:00,9.073478736539151,9.301351431559892,9.03895243093778,9.218488693237305,908900,0.0,0.0
2023-02-02 00:00:00-05:00,9.273730664472184,9.31516170501709,9.170151746040888,9.31516170501709,648500,0.0,0.0
2023-02-03 00:00:00-05:00,9.204678805285868,9.308257073657133,9.149436974349916,9.29444694519043,694300,0.0,0.0
2023-02-06 00:00:00-05:00,9.211585034348037,9.211585034348037,9.045859526507607,9.066575050354004,450000,0.0,0.0
2023-02-07 00:00:00-05:00,9.011330233629657,9.21158198733101,8.990614716635562,9.190866470336914,537700,0.0,0.0
2023-02-08 00:00:00-05:00,9.177058036446143,9.197773558744467,8.949185315560822,9.025142669677734,539900,0.0,0.0
2023-02-09 00:00:00-05:00,9.114908831326515,9.149435133347923,8.859415250023197,8.880130767822266,447900,0.0,0.0
2023-02-10 00:00:00-05:00,8.887038174338176,8.997521839022214,8.859417258167168,8.962995529174805,519300,0.0,0.0
2023-02-13 00:00:00-05:00,8.976804193460715,9.163245827421427,8.969898801417482,9.149435043334961,383500,0.0,0.0
2023-02-14 00:00:00-05:00,9.128720962541275,9.177057397382887,9.011331913467759,9.038952827453613,492500,0.0,0.0
2023-02-15 00:00:00-05:00,8.97680531880263,9.177057103419154,8.95608979861044,9.170151710510254,325600,0.0,0.0
2023-02-16 00:00:00-05:00,9.032045656688863,9.183960982979242,9.018235531681231,9.121813774108887,446900,0.0,0.0
2023-02-17 00:00:00-05:00,9.128720314538832,9.149435833924098,9.018236666438098,9.14253044128418,427300,0.0,0.0
2023-02-21 00:00:00-05:00,9.066572687962418,9.080382814083432,8.714405581661406,8.748931884765625,688100,0.0,0.0
2023-02-22 00:00:00-05:00,8.776555089385777,8.907754285230732,8.776555089385777,8.790365219116211,659000,0.0,0.0
2023-02-23 00:00:00-05:00,8.84560752236128,8.900849357157707,8.714407670818808,8.769649505615234,756000,0.0,0.0
2023-02-24 00:00:00-05:00,8.679880549461814,8.714406857621361,8.55558676203582,8.63154411315918,665200,0.0,0.0
2023-02-27 00:00:00-05:00,7.499084440662573,7.782199608736817,7.285022539635451,7.706241607666016,7036400,0.0,0.0
2023-02-28 00:00:00-05:00,7.754578125985857,7.885777951933083,7.685526175228701,7.775294303894043,2657700,0.0,0.0
2023-03-01 00:00:00-05:00,7.7200524375605255,7.7960097805374176,7.595758004930626,7.630284309387207,1562100,0.0,0.0
2023-03-02 00:00:00-05:00,7.561231732746522,7.61647355669904,7.478368996817747,7.533610820770264,2072300,0.0,0.0
2023-03-03 00:00:00-05:00,7.554326583387369,7.789104672013263,7.519800936206098,7.720052719116211,1672600,0.0,0.0
2023-03-06 00:00:00-05:00,7.740767188476856,7.789103614797535,7.637188943922709,7.650999069213867,1555200,0.0,0.0
2023-03-07 00:00:00-05:00,7.671716430798222,7.706242740128318,7.526706458439482,7.602664470672607,1558800,0.0,0.0
2023-03-08 00:00:00-05:00,7.657904461126655,7.671714586417813,7.568136341863665,7.650999069213867,1514300,0.0,0.0
2023-03-09 00:00:00-05:00,7.699337570774754,7.733863881110322,7.374791965810368,7.381696701049805,2012400,0.0,0.0
2023-03-10 00:00:00-05:00,7.409316596169013,7.430032774635196,7.070960250302091,7.112391948699951,2124000,0.0,0.0
2023-03-13 00:00:00-04:00,6.974288454898772,7.043340418109541,6.73260493732456,6.9535722732543945,2683400,0.0,0.0
2023-03-14 00:00:00-04:00,7.167634898365778,7.257403043528121,7.022624919031933,7.119298458099365,2108100,0.0,0.0
2023-03-15 00:00:00-04:00,6.905236108612931,6.925951632549073,6.739510600054532,6.78784704208374,3377600,0.0,0.0
2023-03-16 00:00:00-04:00,6.787846290429571,6.90523534395965,6.642836321865037,6.829277992248535,2071200,0.0,0.0
2023-03-17 00:00:00-04:00,6.794750469016849,6.81546598695541,6.463298889327654,6.532351493835449,5010900,0.0,0.0
2023-03-20 00:00:00-04:00,6.601406222022543,6.80165804927504,6.580690038885122,6.6980791091918945,2474400,0.0,0.0
2023-03-21 00:00:00-04:00,6.849992752075195,6.953571007301407,6.767130016187328,6.849992752075195,2108300,0.0,0.0
2023-03-22 00:00:00-04:00,6.843088445808247,6.905235672223796,6.684268341443704,6.691173076629639,1529200,0.0,0.0
2023-03-23 00:00:00-04:00,6.725700030202176,6.870710019534589,6.553069121879524,6.573785305023193,1829400,0.0,0.0
2023-03-24 00:00:00-04:00,6.559973224281675,6.794751318726754,6.477110483630681,6.780940532684326,1454800,0.0,0.0
2023-03-27 00:00:00-04:00,6.939761516536513,7.001908738781111,6.829277858561469,6.967382431030273,1821300,0.0,0.0
2023-03-28 00:00:00-04:00,6.960475961834903,7.001907656438378,6.8361815365589225,6.884518623352051,1349500,0.0,0.0
2023-03-29 00:00:00-04:00,6.974288016171684,7.001908931425382,6.898330005323091,6.98809814453125,1493100,0.0,0.0
2023-03-30 00:00:00-04:00,7.067180925056414,7.117506511207078,6.9305826116611735,7.059991359710693,1401100,0.4,0.0
2023-03-31 00:00:00-04:00,7.13188615631835,7.354757213033758,7.124696590454049,7.311621189117432,1507000,0.0,0.0
2023-04-03 00:00:00-04:00,7.254106044769288,7.347568344246527,7.196590889034792,7.254106044769287,1185000,0.0,0.0
2023-04-04 00:00:00-04:00,7.311621782325745,7.318811348773351,7.167833881547591,7.268485069274902,1015200,0.0,0.0
2023-04-05 00:00:00-04:00,7.246916092282439,7.4122726704236594,7.210968950457417,7.354756832122803,1301000,0.0,0.0
2023-04-06 00:00:00-04:00,7.426652155191797,7.441031288188161,7.361947427977758,7.376326560974121,863900,0.0,0.0
2023-04-10 00:00:00-04:00,7.376325739086494,7.433840893393877,7.031234127607472,7.218158721923828,2601200,0.0,0.0
2023-04-11 00:00:00-04:00,7.261295129543451,7.347567857429144,7.196590412220508,7.282863140106201,1050700,0.0,0.0
2023-04-12 00:00:00-04:00,7.376325904950607,7.41227304860971,7.304431617632401,7.340378761291504,909600,0.0,0.0
2023-04-13 00:00:00-04:00,7.333189005737756,7.383515279812555,7.246916274568456,7.3619465827941895,1344200,0.0,0.0
2023-04-14 00:00:00-04:00,7.405084089240243,7.433841669395874,7.196591461703222,7.268485069274902,939400,0.0,0.0
2023-04-17 00:00:00-04:00,7.232538830906383,7.448220345894367,7.160644535487178,7.41227388381958,974000,0.0,0.0
2023-04-18 00:00:00-04:00,7.405082814614378,7.412272379824454,7.268483818161618,7.333188533782959,749700,0.0,0.0
2023-04-19 00:00:00-04:00,7.261295856504773,7.491356487232371,7.261295856504773,7.4482197761535645,665800,0.0,0.0
2023-04-20 00:00:00-04:00,7.376326826242506,7.455410003662109,7.369137259485772,7.455410003662109,635300,0.0,0.0
2023-04-21 00:00:00-04:00,7.455408390676821,7.462597955878086,7.340378089995295,7.419461250305176,702400,0.0,0.0
2023-04-24 00:00:00-04:00,7.419461326366154,7.491355607846473,7.297241459230421,7.46978759765625,1009100,0.0,0.0
2023-04-25 00:00:00-04:00,7.405083192976656,7.441030335229082,7.304431331796805,7.31881046295166,725300,0.0,0.0
2023-04-26 00:00:00-04:00,7.31162210577681,7.527304309302773,7.275674957583346,7.426652431488037,1260300,0.0,0.0
2023-04-27 00:00:00-04:00,7.448220859094444,7.606387908533891,7.433842410400782,7.599198341369629,856200,0.0,0.0
2023-04-28 00:00:00-04:00,7.606386925405581,7.764553954401881,7.59200847857034,7.714227676391602,1271300,0.0,0.0
2023-05-01 00:00:00-04:00,7.6926589230333775,7.757363641652168,7.541681474801105,7.548871040344238,1281100,0.0,0.0
2023-05-02 00:00:00-04:00,7.5129248962655835,7.548872043121694,7.182212379332003,7.376326560974121,1360000,0.0,0.0
2023-05-03 00:00:00-04:00,7.448219789591083,7.577629237426208,7.390704631805419,7.39070463180542,1423900,0.0,0.0
2023-05-04 00:00:00-04:00,7.297242029628292,7.333189173178304,7.024045384171565,7.031234264373779,2231400,0.0,0.0
2023-05-05 00:00:00-04:00,7.203781078826549,7.433841721689979,7.182212379332003,7.376326560974121,1362800,0.0,0.0
2023-05-08 00:00:00-04:00,7.383514401374892,7.541680713550422,7.325998568470127,7.4410295486450195,1497100,0.0,0.0
2023-05-09 00:00:00-04:00,7.297242074502613,7.36913636204475,7.0528030052557735,7.225348472595215,1460800,0.0,0.0
2023-05-10 00:00:00-04:00,7.347568606283554,7.469788487986779,7.304431895126924,7.39070463180542,1401500,0.0,0.0
2023-05-11 00:00:00-04:00,7.304432440690772,7.41227388381958,7.282864426318937,7.41227388381958,864900,0.0,0.0
2023-05-12 00:00:00-04:00,7.42665177683015,7.469788487986779,7.354757486780689,7.39070463180542,1117100,0.0,0.0
2023-05-15 00:00:00-04:00,7.405082326226117,7.584817330815904,7.38351431765304,7.505733489990234,1089100,0.0,0.0
2023-05-16 00:00:00-04:00,7.4913552390345695,7.520112813083977,7.383514507757952,7.397892951965332,884000,0.0,0.0
2023-05-17 00:00:00-04:00,7.455410594853241,7.656713680560744,7.39789542750824,7.635145664215088,1066300,0.0,0.0
2023-05-18 00:00:00-04:00,7.620763888880552,7.79330931560282,7.584816753571435,7.778930187225342,1345900,0.0,0.0
2023-05-19 00:00:00-04:00,7.81487818102246,7.83644619032341,7.6495223003240875,7.707037448883057,1230700,0.0,0.0
2023-05-22 00:00:00-04:00,7.692660484788449,7.80050193292518,7.635145320036131,7.786122798919678,1260700,0.0,0.0
2023-05-23 00:00:00-04:00,7.76455269393576,8.052128440304443,7.742984684366774,7.8076887130737305,1664700,0.0,0.0
2023-05-24 00:00:00-04:00,7.73579531566607,7.742984880916453,7.505734027096532,7.699848175048828,1289900,0.0,0.0
2023-05-25 00:00:00-04:00,7.642333709628852,7.6782808534695945,7.484166688110429,7.563250541687012,1317700,0.0,0.0
2023-05-26 00:00:00-04:00,7.533764090843397,7.79176928184594,7.504277763214264,7.75491189956665,1472700,0.26,0.0
2023-05-30 00:00:00-04:00,7.77702546572574,7.7991400328408025,7.555877685546875,7.555877685546875,4574500,0.0,0.0
2023-05-31 00:00:00-04:00,7.548507521468056,7.651710028128319,7.408447629509434,7.452676773071289,3850100,0.0,0.0
2023-06-01 00:00:00-04:00,7.445305322520092,7.452676377382671,7.150441334721653,7.319988250732422,18281400,0.0,0.0
2023-06-02 00:00:00-04:00,7.5190200090713954,7.90234294238163,7.460047358255891,7.872856616973877,4807900,0.0,0.0
2023-06-05 00:00:00-04:00,7.79177024813316,7.8065137652808785,7.614852260418083,7.71805477142334,2868900,0.0,0.0
2023-06-06 00:00:00-04:00,7.66645167334728,7.998173714557534,7.66645167334728,7.961315631866455,1758600,0.0,0.0
2023-06-07 00:00:00-04:00,8.012916599934318,8.197206312084626,8.005544842726035,8.175091743469238,2608400,0.0,0.0
2023-06-08 00:00:00-04:00,8.130862311892031,8.130862311892031,7.924458020752304,7.99817419052124,2068600,0.0,0.0
2023-06-09 00:00:00-04:00,7.946572626059496,8.057146881207991,7.931829813845397,8.049775123596191,1371500,0.0,0.0
2023-06-12 00:00:00-04:00,7.990803578332444,8.167721567525659,7.953945488164791,8.145606994628906,1413000,0.0,0.0
2023-06-13 00:00:00-04:00,8.211950302124023,8.374124752042365,8.182463974592551,8.211950302124023,1989200,0.0,0.0
2023-06-14 00:00:00-04:00,8.219321548651731,8.352010377146076,8.086633423166903,8.160348892211914,1954200,0.0,0.0
2023-06-15 00:00:00-04:00,8.09400403331038,8.366753433122595,8.08663297891748,8.359381675720215,2064900,0.0,0.0
2023-06-16 00:00:00-04:00,8.410982837209078,8.44046916474055,8.204578544488779,8.211950302124023,4469500,0.0,0.0
2023-06-20 00:00:00-04:00,8.189835548400879,8.219321877801594,8.108748318301304,8.189835548400879,923800,0.0,0.0
2023-06-21 00:00:00-04:00,8.189835250448533,8.315152321594825,8.116119781133348,8.248807907104492,954100,0.0,0.0
2023-06-22 00:00:00-04:00,8.256180231862903,8.256180231862903,8.108748580099373,8.116120338439941,778800,0.0,0.0
2023-06-23 00:00:00-04:00,8.020288136837667,8.064517272853537,7.843370186755303,7.880227565765381,4830700,0.0,0.0
2023-06-26 00:00:00-04:00,7.880226160733287,8.094002154719242,7.865483352359764,8.027658462524414,1010500,0.0,0.0
2023-06-27 00:00:00-04:00,8.027660475933592,8.234064765996171,7.983430633701149,8.219321250915527,789900,0.0,0.0
2023-06-28 00:00:00-04:00,8.152977393819548,8.293037269491228,8.138233879007013,8.285665512084961,1032600,0.0,0.0
2023-06-29 00:00:00-04:00,8.315523353836738,8.464814469945544,8.30805862006225,8.420026779174805,1771000,0.14,0.0
2023-06-30 00:00:00-04:00,8.502137426941795,8.502137426941795,8.360310332731283,8.420026779174805,1081200,0.0,0.0
2023-07-03 00:00:00-04:00,8.382703760267708,8.464814407428266,8.337916781703939,8.405097961425781,525500,0.0,0.0
2023-07-05 00:00:00-04:00,8.360311975188589,8.405099674758269,8.24087905883789,8.24087905883789,1404400,0.0,0.0
2023-07-06 00:00:00-04:00,8.136374645589306,8.181162343752534,7.949760541682431,8.061729431152344,1058000,0.0,0.0
2023-07-07 00:00:00-04:00,8.069193709239775,8.27073655987113,8.061728974655876,8.181161880493164,1026100,0.0,0.0
2023-07-10 00:00:00-04:00,8.196090971010108,8.434957504272461,8.16623274333685,8.434957504272461,978600,0.0,0.0
2023-07-11 00:00:00-04:00,8.472279065388822,8.554388999938965,8.457349598083605,8.554388999938965,837600,0.0,0.0
2023-07-12 00:00:00-04:00,8.651428464711461,8.703680176907353,8.539459594736595,8.569317817687988,878000,0.0,0.0
2023-07-13 00:00:00-04:00,8.584248089134363,8.748468686686632,8.539460394574196,8.703680992126465,1225800,0.0,0.0
2023-07-14 00:00:00-04:00,8.68129022005013,8.68129022005013,8.54692780615916,8.576786041259766,852000,0.0,0.0
2023-07-17 00:00:00-04:00,8.56931973226026,8.64396566225436,8.502139249517185,8.629036903381348,668200,0.0,0.0
2023-07-18 00:00:00-04:00,8.658895083056105,8.830579724425313,8.651430347724485,8.793256759643555,769500,0.0,0.0
2023-07-19 00:00:00-04:00,8.845509294214699,8.935083983568921,8.830579823384154,8.90522575378418,681900,0.0,0.0
2023-07-20 00:00:00-04:00,8.905224217048634,8.912688239299523,8.696215932746744,8.711145401000977,1072300,0.0,0.0
2023-07-21 00:00:00-04:00,8.778328383929738,8.83058010977858,8.5991789994111,8.621572494506836,913000,0.0,0.0
2023-07-24 00:00:00-04:00,8.591712060125468,8.703680218762592,8.56185383703049,8.606640815734863,871900,0.0,0.0
2023-07-25 00:00:00-04:00,8.614105813120144,8.696215751175338,8.561854099073768,8.584247589111328,1202600,0.0,0.0
2023-07-26 00:00:00-04:00,8.584247828718455,8.763397177771848,8.584247828718455,8.72607421875,987200,0.0,0.0
2023-07-27 00:00:00-04:00,8.763398204352017,8.808185902800094,8.509602907524311,8.539461135864258,1011200,0.0,0.0
2023-07-28 00:00:00-04:00,8.614105453416737,8.793254789988813,8.539459540573615,8.778326034545898,1171200,0.0,0.0
2023-07-31 00:00:00-04:00,8.808184728887767,8.830578219189151,8.576782956186053,8.636499404907227,1786300,0.0,0.0
2023-08-01 00:00:00-04:00,8.576783576549962,8.591713045748223,8.42002770934958,8.442421913146973,1602000,0.0,0.0
2023-08-02 00:00:00-04:00,8.367777584658004,8.43495878509315,8.300596384222857,8.427494049072266,1024000,0.0,0.0
2023-08-03 00:00:00-04:00,8.427491923443913,8.434956657582001,8.240877841249073,8.26327133178711,1417900,0.0,0.0
2023-08-04 00:00:00-04:00,8.300596384222857,8.472281753321166,8.285667624057496,8.427494049072266,1000500,0.0,0.0
2023-08-07 00:00:00-04:00,8.472279203720033,8.524530916389066,8.3453815770585,8.420026779174805,1301600,0.0,0.0
2023-08-08 00:00:00-04:00,8.293132210536822,8.427494620517866,8.211022244368658,8.360313415527344,1250200,0.0,0.0
2023-08-09 00:00:00-04:00,8.308058656938572,8.405098060809065,8.225948720683322,8.233412742614746,1083100,0.0,0.0
2023-08-10 00:00:00-04:00,8.263270054003518,8.330451227105355,8.196088880901682,8.270734786987305,898200,0.0,0.0
2023-08-11 00:00:00-04:00,8.218484878540039,8.285666066345064,8.166232448093755,8.218484878540039,735800,0.0,0.0
2023-08-14 00:00:00-04:00,8.19609086813078,8.19609086813078,8.061729201225816,8.121445655822754,958900,0.0,0.0
2023-08-15 00:00:00-04:00,8.054263448498142,8.069192916198668,7.927365820548468,7.964688777923584,912600,0.0,0.0
2023-08-16 00:00:00-04:00,7.934831004235436,8.016940945614657,7.845256328582764,7.845256328582764,661800,0.0,0.0
2023-08-17 00:00:00-04:00,7.860185937011216,7.897508900546672,7.703430059663353,7.733288288116455,874400,0.0,0.0
2023-08-18 00:00:00-04:00,7.65864195672395,7.7855395871241955,7.621318998628075,7.74821662902832,1053200,0.0,0.0
2023-08-21 00:00:00-04:00,7.755682561924447,7.822863042630567,7.7183595980590525,7.807934284210205,1021600,0.0,0.0
2023-08-22 00:00:00-04:00,7.815399102351592,7.860186089964606,7.733288438600511,7.740753173828125,1026900,0.0,0.0
2023-08-23 00:00:00-04:00,7.7034299342431645,7.934831734894468,7.7034299342431645,7.90497350692749,630800,0.0,0.0
2023-08-24 00:00:00-04:00,7.867651194321318,7.979619380483433,7.837792963886329,7.890044689178467,624600,0.0,0.0
2023-08-25 00:00:00-04:00,7.949759975640587,8.039335365589062,7.785540088446328,7.867650032043457,611800,0.0,0.0
2023-08-28 00:00:00-04:00,7.890043766490953,8.084122597560349,7.890043766490953,8.069193840026855,627900,0.0,0.0
2023-08-29 00:00:00-04:00,8.084122429798983,8.188626577869902,8.031870711701657,8.143838882446289,848100,0.0,0.0
2023-08-30 00:00:00-04:00,8.106515559057762,8.136373784046185,8.069193311729407,8.113980293273926,526600,0.0,0.0
2023-08-31 00:00:00-04:00,8.099051575311128,8.181161516451505,8.099051575311128,8.1513032913208,629200,0.0,0.0
2023-09-01 00:00:00-04:00,8.196090999838237,8.263272190308436,8.158768749022618,8.211020469665527,597100,0.0,0.0
2023-09-05 00:00:00-04:00,8.121444988432412,8.13637374491671,8.01694084553739,8.07665729522705,1073400,0.0,0.0
2023-09-06 00:00:00-04:00,8.04680100250014,8.076659234514233,7.912439314374927,7.99454927444458,997300,0.0,0.0
2023-09-07 00:00:00-04:00,7.972153139623858,8.076656561144391,7.957223672620256,8.016940116882324,832900,0.0,0.0
2023-09-08 00:00:00-04:00,8.039333685995642,8.084120659736636,7.957223047676967,8.009474754333496,981900,0.0,0.0
2023-09-11 00:00:00-04:00,8.091586397232238,8.09905113107453,8.002011726753338,8.046798706054688,921700,0.0,0.0
2023-09-12 00:00:00-04:00,8.054265290450116,8.121446486713936,8.016942324539508,8.031871795654297,1126000,0.0,0.0
2023-09-13 00:00:00-04:00,8.046800554892721,8.106517015599147,8.024407060096904,8.031871795654297,1071000,0.0,0.0
2023-09-14 00:00:00-04:00,8.151304371574867,8.293130781772238,8.091587913399517,8.24087905883789,1429300,0.0,0.0
2023-09-15 00:00:00-04:00,8.15876711389906,8.211018824070043,8.121444158687146,8.18862533569336,5060100,0.0,0.0
2023-09-18 00:00:00-04:00,8.233413598827909,8.285666029038927,8.158768388617741,8.181161880493164,1130300,0.0,0.0
2023-09-19 00:00:00-04:00,8.181161029713786,8.315523390746193,8.173696295906165,8.233412742614746,812500,0.0,0.0
2023-09-20 00:00:00-04:00,8.30805981571205,8.30805981571205,8.136374473571777,8.136374473571777,966600,0.0,0.0
2023-09-21 00:00:00-04:00,8.09158723855592,8.1214454651534,7.875114917755127,7.875114917755127,2419300,0.0,0.0
2023-09-22 00:00:00-04:00,7.927365820548468,8.031869958823552,7.890042863173352,7.964688777923584,853000,0.0,0.0
2023-09-25 00:00:00-04:00,7.927364934053077,7.979616641409354,7.890041980851684,7.8975067138671875,685800,0.0,0.0
2023-09-26 00:00:00-04:00,7.8527220666133255,7.904973789453953,7.740753173828125,7.740753173828125,1105300,0.0,0.0
2023-09-27 00:00:00-04:00,7.800469631896365,7.875115560419833,7.66610795718099,7.740753173828125,1242100,0.0,0.0
2023-09-28 00:00:00-04:00,7.756218610468832,7.887680005347815,7.709820904910505,7.849014759063721,1571600,0.36,0.0
2023-09-29 00:00:00-04:00,7.90314698188135,8.003676334644926,7.8180832862854,7.8180832862854,1103600,0.0,0.0
2023-10-02 00:00:00-04:00,7.810349737650496,7.810349737650496,7.57835901265013,7.655688762664795,1423700,0.0,0.0
2023-10-03 00:00:00-04:00,7.6092906869669035,7.632489537085736,7.377299973344127,7.470096111297607,1301300,0.0,0.0
2023-10-04 00:00:00-04:00,7.462362915431948,7.508761353147762,7.199440893302826,7.470096111297607,1461600,0.0,0.0
2023-10-05 00:00:00-04:00,7.477829963974995,7.725286353586161,7.446897915273599,7.6711554527282715,1152100,0.0,0.0
2023-10-06 00:00:00-04:00,7.593825060719852,7.74848604371084,7.570626208262493,7.640223503112793,1132300,0.0,0.0
2023-10-09 00:00:00-04:00,7.6556898298947464,7.856748535421897,7.578360069100042,7.8180832862854,867400,0.0,0.0
2023-10-10 00:00:00-04:00,7.856746579088018,7.918610667310908,7.841280925771348,7.887678623199463,664600,0.0,0.0
2023-10-11 00:00:00-04:00,7.926344856487527,8.081005096435547,7.926344856487527,8.081005096435547,798300,0.0,0.0
2023-10-12 00:00:00-04:00,8.04234085770456,8.04234085770456,7.887680598417604,8.011408805847168,753600,0.0,0.0
2023-10-13 00:00:00-04:00,8.065539760520961,8.096471809735267,7.825815826001428,7.8335490226745605,651300,0.0,0.0
2023-10-16 00:00:00-04:00,7.926344446972145,7.988208539755138,7.849013962254324,7.965009689331055,761200,0.0,0.0
2023-10-17 00:00:00-04:00,7.872216051464605,8.011409935714552,7.864482853040054,7.972745418548584,930300,0.0,0.0
2023-10-18 00:00:00-04:00,7.895413425869604,7.9263454762779,7.725286779884851,7.740753173828125,800700,0.0,0.0
2023-10-19 00:00:00-04:00,7.694353584588987,7.771684067842402,7.531960159739333,7.539693355560303,786600,0.0,0.0
2023-10-20 00:00:00-04:00,7.562893951404233,7.663423307849152,7.446898937225342,7.446898937225342,1413800,0.0,0.0
2023-10-23 00:00:00-04:00,7.446897953741173,7.454631150326022,7.253572463989258,7.253572463989258,1298500,0.0,0.0
2023-10-24 00:00:00-04:00,7.3077028692168025,7.392766550921175,7.269037626394648,7.299969673156738,750100,0.0,0.0
2023-10-25 00:00:00-04:00,7.230372618890715,7.307702361686192,7.153042138617121,7.168508529663086,830700,0.0,0.0
2023-10-26 00:00:00-04:00,7.207174021958382,7.400499511710298,7.1917083662669015,7.253572463989258,1250300,0.0,0.0
2023-10-27 00:00:00-04:00,7.29996886100373,7.369566142844977,7.122109796278842,7.153041839599609,1186800,0.0,0.0
2023-10-30 00:00:00-04:00,7.25357170231015,7.292236943696038,7.106643932539403,7.191707611083984,852400,0.0,0.0
2023-10-31 00:00:00-04:00,7.276771365362425,7.392767102483135,7.238106119655521,7.292237758636475,1087600,0.0,0.0
2023-11-01 00:00:00-04:00,7.323169609634182,7.38503370610068,7.214907072078709,7.354101657867432,1266600,0.0,0.0
2023-11-02 00:00:00-04:00,7.477830042558408,7.70208758236977,7.454631190158122,7.686621189117432,856600,0.0,0.0
2023-11-03 00:00:00-04:00,7.895413351109278,7.949544254441676,7.779418347546069,7.856748104095459,853500,0.0,0.0
2023-11-06 00:00:00-05:00,7.879946679902337,7.879946679902337,7.663422336717145,7.686621189117432,879800,0.0,0.0
2023-11-07 00:00:00-05:00,7.702087501429667,7.702087501429667,7.60929135532548,7.6711554527282715,1033800,0.0,0.0
2023-11-08 00:00:00-05:00,7.539694698834114,7.818083160683502,7.369568047853684,7.763952255249023,1044700,0.0,0.0
2023-11-09 00:00:00-05:00,7.802617440991531,7.802617440991531,7.508762587108796,7.531961441040039,1066600,0.0,0.0
2023-11-10 00:00:00-05:00,7.609290642992747,7.609290642992747,7.462362872306888,7.539693355560303,1124700,0.0,0.0
2023-11-13 00:00:00-05:00,7.508761353147762,7.539693399132256,7.431430869447454,7.470096111297607,797000,0.0,0.0
2023-11-14 00:00:00-05:00,7.733017787851724,7.887677996113149,7.7098189409820215,7.879944801330566,1123600,0.0,0.0
2023-11-15 00:00:00-05:00,7.8335492722584315,8.073272476937534,7.8335492722584315,8.050073623657227,1113200,0.0,0.0
2023-11-16 00:00:00-05:00,8.065539313907443,8.065539313907443,7.647956303898058,7.655688762664795,1175200,0.0,0.0
2023-11-17 00:00:00-05:00,7.756217725253555,7.8258150131261575,7.647955932987862,7.73301887512207,1022300,0.0,0.0
2023-11-20 00:00:00-05:00,7.709821102758386,7.872214551336306,7.647957002107583,7.787150859832764,955100,0.0,0.0
2023-11-21 00:00:00-05:00,7.717554013345656,7.763952460285015,7.6866219612121816,7.702088356018066,512700,0.0,0.0
2023-11-22 00:00:00-05:00,7.7252867591819605,7.810350450685504,7.686621511905646,7.787150859832764,782200,0.0,0.0
2023-11-24 00:00:00-05:00,7.756219058050305,7.802617503764341,7.717553809534987,7.763952255249023,268900,0.0,0.0
2023-11-27 00:00:00-05:00,7.7330202039324245,7.779418649646461,7.7020881526158265,7.763952255249023,625000,0.0,0.0
2023-11-28 00:00:00-05:00,7.779418421208058,7.779418421208058,7.663422679068259,7.740753173828125,766100,0.0,0.0
2023-11-29 00:00:00-05:00,7.8490146785426,7.949544022858648,7.8335490226745605,7.8335490226745605,809000,0.0,0.0
2023-11-30 00:00:00-05:00,7.856748772750563,7.934079273359476,7.810351062367862,7.903147220611572,868100,0.0,0.0
2023-12-01 00:00:00-05:00,7.8799469273290015,8.135137261657897,7.818082827333585,8.119670867919922,1161700,0.0,0.0
2023-12-04 00:00:00-05:00,8.05007351934789,8.20473376834301,8.05007351934789,8.189268112182617,1040300,0.0,0.0
2023-12-05 00:00:00-05:00,8.166069609107819,8.181535265930894,8.073272718256288,8.135137557983398,843800,0.0,0.0
2023-12-06 00:00:00-05:00,8.181534791372659,8.274330939363411,7.910878806624296,7.918612003326416,1286600,0.0,0.0
2023-12-07 00:00:00-05:00,7.910879686081127,8.104205200256853,7.879947633312143,8.09647274017334,730900,0.0,0.0
2023-12-08 00:00:00-05:00,8.065539964793494,8.142869721048642,7.9882094710601015,8.119670867919922,714700,0.0,0.0
2023-12-11 00:00:00-05:00,8.111935580870782,8.21246490182978,8.096469928596042,8.181532859802246,906500,0.0,0.0
2023-12-12 00:00:00-05:00,8.197001430835051,8.382593732387678,8.142869789773515,8.351661682128906,993400,0.0,0.0
2023-12-13 00:00:00-05:00,8.35939419477863,8.7305787674994,8.28979690302394,8.676447868347168,1822100,0.0,0.0
2023-12-14 00:00:00-05:00,8.869773864746094,9.02443411233767,8.831108618478641,8.869773864746094,2134600,0.0,0.0
2023-12-15 00:00:00-05:00,8.568185910649698,8.622316813454077,8.336195168307986,8.428991317749023,5199900,0.0,0.0
2023-12-18 00:00:00-05:00,8.336196675177339,8.428992841392416,8.251133707183111,8.312997817993164,2188200,0.0,0.0
2023-12-19 00:00:00-05:00,8.359394758776926,8.444457711394984,8.320729512140268,8.428991317749023,1507400,0.0,0.0
2023-12-20 00:00:00-05:00,8.421258215261444,8.5217875538479,8.282063632991248,8.289796829223633,1665700,0.0,0.0
2023-12-21 00:00:00-05:00,8.359395130940312,8.483123335703453,8.328463079749527,8.45992374420166,1286200,0.0,0.0
2023-12-22 00:00:00-05:00,8.467656054406195,8.583651787330123,8.413525154861945,8.452190399169922,1147200,0.0,0.0
2023-12-26 00:00:00-05:00,8.498586618816189,8.591382746469623,8.467654576265046,8.568183898925781,812600,0.0,0.0
2023-12-27 00:00:00-05:00,8.568184896550457,8.583651288365871,8.483121954000142,8.498587608337402,1331100,0.0,0.0
2023-12-28 00:00:00-05:00,8.506538150888172,8.5144883686468,8.347537586588059,8.371387481689453,3650300,0.3,0.0
2023-12-29 00:00:00-05:00,8.355487653751725,8.387287766038598,8.140836327184466,8.148786544799805,2295700,0.0,0.0
2024-01-02 00:00:00-05:00,8.116987208021406,8.188537657046524,8.045436758996289,8.13288688659668,1247800,0.0,0.0
2024-01-03 00:00:00-05:00,8.037486586774158,8.053387023615288,7.846685893727933,7.926186561584473,2901100,0.0,0.0
2024-01-04 00:00:00-05:00,7.926185661298967,7.981835667572876,7.862585437507508,7.870534896850586,1588900,0.0,0.0
2024-01-05 00:00:00-05:00,7.806935165544691,7.981836171091736,7.798985705700136,7.854635715484619,1254500,0.0,0.0
2024-01-08 00:00:00-05:00,7.870535463047034,8.053386688232422,7.814885452769733,8.053386688232422,1257300,0.0,0.0
2024-01-09 00:00:00-05:00,7.957985789585928,8.005685578440534,7.918235460090773,7.950035572052002,847500,0.0,0.0
2024-01-10 00:00:00-05:00,7.9420862934943255,8.04543685913086,7.9420862934943255,8.04543685913086,926300,0.0,0.0
2024-01-11 00:00:00-05:00,7.9579848604763646,8.053385185221886,7.822834210876613,8.029535293579102,1256400,0.0,0.0
2024-01-12 00:00:00-05:00,8.14878781953161,8.236237952456898,8.02158735048588,8.037487030029297,696100,0.0,0.0
2024-01-16 00:00:00-05:00,7.957985865936806,7.965936083547008,7.743334539508236,7.783084869384766,1363900,0.0,0.0
2024-01-17 00:00:00-05:00,7.679735725657737,7.767186619084756,7.58433537133477,7.703585624694824,1160300,0.0,0.0
2024-01-18 00:00:00-05:00,7.751285942703167,7.7592361615293814,7.647935372486174,7.743335723876953,996000,0.0,0.0
2024-01-19 00:00:00-05:00,7.7989850746141,7.8228349685668945,7.624084083219867,7.8228349685668945,1411300,0.0,0.0
2024-01-22 00:00:00-05:00,7.894386438687242,7.950036451229994,7.8069355524919954,7.846685886383057,1067800,0.0,0.0
2024-01-23 00:00:00-05:00,7.8864351912239865,7.942085196505327,7.814884751191143,7.8228349685668945,1082700,0.0,0.0
2024-01-24 00:00:00-05:00,7.910285951653612,7.918236169900214,7.71153504453581,7.735384941101074,1006600,0.0,0.0
2024-01-25 00:00:00-05:00,7.8466862940939475,7.862586731746376,7.679735489616434,7.743335723876953,794100,0.0,0.0
2024-01-26 00:00:00-05:00,7.80693509749345,7.8864357606421684,7.775134983868865,7.830785751342773,749300,0.0,0.0
2024-01-29 00:00:00-05:00,7.814883720949453,7.918234258686067,7.806933504621785,7.910284042358398,784000,0.0,0.0
2024-01-30 00:00:00-05:00,7.854636512920162,7.910286528354467,7.743335723876953,7.743335723876953,1053900,0.0,0.0
2024-01-31 00:00:00-05:00,7.727434526061134,7.735383985150788,7.433283310859378,7.449182987213135,1586400,0.0,0.0
2024-02-01 00:00:00-05:00,7.552534103393555,7.568434539113935,7.306082656949193,7.552534103393555,2169800,0.0,0.0
2024-02-02 00:00:00-05:00,7.47303499765546,7.480985217171554,7.274284058801062,7.290184497833252,1698000,0.0,0.0
2024-02-05 00:00:00-05:00,7.202732863712689,7.250432654566197,6.996031748215473,7.186832427978516,2037300,0.0,0.0
2024-02-06 00:00:00-05:00,7.162982214968668,7.27428222747518,7.13118210308474,7.218632221221924,1396300,0.0,0.0
2024-02-07 00:00:00-05:00,7.242483012915581,7.2583834499148026,6.948331752001071,7.0198822021484375,2820600,0.0,0.0
2024-02-08 00:00:00-05:00,7.01193175009627,7.107332094390321,6.924481624037027,7.059632301330566,1505400,0.0,0.0
2024-02-09 00:00:00-05:00,7.107331206378199,7.178881645202637,7.035781525728208,7.178881645202637,2373600,0.0,0.0
2024-02-12 00:00:00-05:00,7.210683497340638,7.369684847870563,7.17888337886958,7.32198429107666,1558100,0.0,0.0
2024-02-13 00:00:00-05:00,7.1073320059942695,7.170932992907153,7.011931662886743,7.051681995391846,2132800,0.0,0.0
2024-02-14 00:00:00-05:00,7.155032734413728,7.194783067906492,7.035782492109986,7.067582607269287,1645100,0.0,0.0
2024-02-15 00:00:00-05:00,7.123232188883561,7.449183539116734,7.123232188883561,7.377633094787598,1628700,0.0,0.0
2024-02-16 00:00:00-05:00,7.274282699485791,7.377633259358344,7.218632689621541,7.314033031463623,1050900,0.0,0.0
2024-02-20 00:00:00-05:00,7.274282776484895,7.282232994599521,7.210682547916959,7.242482662200928,1052300,0.0,0.0
2024-02-21 00:00:00-05:00,7.226582935865962,7.29018316400899,7.194782821794448,7.202733039855957,763800,0.0,0.0
2024-02-22 00:00:00-05:00,7.2345331539274715,7.266333267998985,7.162982707722933,7.202733039855957,829900,0.0,0.0
2024-02-23 00:00:00-05:00,7.202733087976864,7.282232994599521,7.123232423179679,7.242482662200928,957600,0.0,0.0
2024-02-26 00:00:00-05:00,7.21068231033842,7.282232754663528,7.099382293098924,7.1073317527771,1085600,0.0,0.0
2024-02-27 00:00:00-05:00,7.162983109056327,7.21863312225585,7.0993828773498535,7.0993828773498535,1195700,0.0,0.0
2024-02-28 00:00:00-05:00,6.932431605585735,7.035782164586011,6.678029937979473,6.749580383300781,3990500,0.0,0.0
2024-02-29 00:00:00-05:00,6.860881623029049,7.035782639147659,6.837031725704782,7.0198822021484375,1954300,0.0,0.0
2024-03-01 00:00:00-05:00,7.011931672907532,7.155032566860594,6.964231880372867,7.131182670593262,1395800,0.0,0.0
2024-03-04 00:00:00-05:00,6.988081307745095,7.099382079815337,6.654179749708854,6.670080184936523,3376100,0.0,0.0
2024-03-05 00:00:00-05:00,6.638281173581905,6.773431862733246,6.598530837094816,6.701881408691406,1532200,0.0,0.0
2024-03-06 00:00:00-05:00,6.781380036452373,6.884730588434055,6.717779813413564,6.733680248260498,1344900,0.0,0.0
2024-03-07 00:00:00-05:00,6.900630545786795,6.988080656870367,6.892680328913449,6.924480438232422,1401700,0.0,0.0
2024-03-08 00:00:00-05:00,6.980132124171758,7.115282810930317,6.9403817883884305,6.964232444763184,1172400,0.0,0.0
2024-03-11 00:00:00-04:00,6.932431833132282,7.035782395524883,6.884731281960874,6.98013162612915,975200,0.0,0.0
2024-03-12 00:00:00-04:00,6.956281970500682,7.043732099472704,6.9324320731764155,7.0198822021484375,779700,0.0,0.0
2024-03-13 00:00:00-04:00,7.0039818854036655,7.147082014490324,7.0039818854036655,7.083481788635254,949200,0.0,0.0
2024-03-14 00:00:00-04:00,7.075533050361591,7.075533050361591,6.8290823131836955,6.8926825523376465,1481900,0.0,0.0
2024-03-15 00:00:00-04:00,6.829081571986553,7.059632603440338,6.821131353411525,7.043732166290283,3027400,0.0,0.0
2024-03-18 00:00:00-04:00,7.05963196201003,7.1947826328075655,6.972181840154068,7.1073317527771,1724500,0.0,0.0
2024-03-19 00:00:00-04:00,7.075532610361264,7.210683299702568,7.03578303199291,7.091433048248291,1456900,0.0,0.0
2024-03-20 00:00:00-04:00,7.0516827567810765,7.314033918197172,7.027832857972689,7.210683345794678,1256900,0.0,0.0
2024-03-21 00:00:00-04:00,7.210681077668333,7.361732158348958,7.202731619349122,7.298131942749023,1138900,0.0,0.0
2024-03-22 00:00:00-04:00,7.321982774388308,7.353782886272236,7.210682003707324,7.218632221221924,985800,0.0,0.0
2024-03-25 00:00:00-04:00,7.2345334442857725,7.369684124057618,7.2265832259051805,7.282233238220215,968100,0.0,0.0
2024-03-26 00:00:00-04:00,7.3299327400929934,7.3378821991600285,7.170932186135602,7.178881645202637,1844100,0.0,0.0
2024-03-27 00:00:00-04:00,7.2364463627812965,7.359794563963703,7.2364463627812965,7.343348503112793,1814400,0.3,0.0
2024-03-28 00:00:00-04:00,7.343347049234526,7.532481024832211,7.343347049234526,7.507811546325684,1389500,0.0,0.0
2024-04-01 00:00:00-04:00,7.483142747185184,7.491365384614808,7.335124294250821,7.368017196655273,1226100,0.0,0.0
2024-04-02 00:00:00-04:00,7.236445400116703,7.351570163444235,7.1706595970070754,7.187105655670166,1901400,0.0,0.0
2024-04-03 00:00:00-04:00,7.154213884826037,7.285785511839951,7.121320978072558,7.261116027832031,985200,0.0,0.0
2024-04-04 00:00:00-04:00,7.343348150461246,7.433803441369136,7.236446015263539,7.244669437408447,1135700,0.0,0.0
2024-04-05 00:00:00-04:00,7.211775471528929,7.269337849613062,7.14598888828174,7.23644495010376,1003400,0.0,0.0
2024-04-08 00:00:00-04:00,7.285783220250851,7.318676116658564,7.162435054779053,7.162435054779053,825600,0.0,0.0
2024-04-09 00:00:00-04:00,7.195328629659985,7.244668371038231,7.170659151085155,7.23644495010376,903900,0.0,0.0
2024-04-10 00:00:00-04:00,7.121319632207423,7.12954305339883,6.7841672056458435,6.825283527374268,2587000,0.0,0.0
2024-04-11 00:00:00-04:00,6.874622816366695,6.989748365891933,6.833507276891424,6.98152494430542,1279900,0.0,0.0
2024-04-12 00:00:00-04:00,6.923962285083796,6.9486317646292814,6.817060161415209,6.841729640960693,1143500,0.0,0.0
2024-04-15 00:00:00-04:00,6.858176622964008,6.981524807428803,6.841729780113432,6.899292945861816,1948900,0.0,0.0
2024-04-16 00:00:00-04:00,6.874622175986805,6.915738495860684,6.784166899647129,6.849952697753906,1977800,0.0,0.0
2024-04-17 00:00:00-04:00,6.899293027000284,7.039088055959702,6.899293027000284,6.965078830718994,1489000,0.0,0.0
2024-04-18 00:00:00-04:00,6.973301468012353,7.039088055959702,6.92396250733764,6.965078830718994,1065200,0.0,0.0
2024-04-19 00:00:00-04:00,6.940409549033926,7.104874865850448,6.940409549033926,7.088428020477295,1010000,0.0,0.0
2024-04-22 00:00:00-04:00,7.1459882144609415,7.203551371345823,7.071979785714968,7.162435054779053,782700,0.0,0.0
2024-04-23 00:00:00-04:00,7.137766691916905,7.335124101148035,7.137766691916905,7.294007778167725,1071500,0.0,0.0
2024-04-24 00:00:00-04:00,7.2364454816788895,7.269338383604439,7.154212834750692,7.252891540527344,1067900,0.0,0.0
2024-04-25 00:00:00-04:00,7.154212951660157,7.195329275796151,7.104873990079887,7.154212951660156,846300,0.0,0.0
2024-04-26 00:00:00-04:00,7.203552440621093,7.359793525692595,7.195329019241375,7.277561664581299,961600,0.0,0.0
2024-04-29 00:00:00-04:00,7.318677884026521,7.359794210522362,7.211776533057514,7.244669437408447,1590900,0.0,0.0
2024-04-30 00:00:00-04:00,7.178882212836184,7.21999853571436,6.973301382673929,7.006195068359375,1706600,0.0,0.0
2024-05-01 00:00:00-04:00,7.0144177563957095,7.236445431010042,6.9979716976624085,7.129543304443359,1236300,0.0,0.0
2024-05-02 00:00:00-04:00,7.261115975751642,7.261115975751642,7.047311691273165,7.088428020477295,1270100,0.0,0.0
2024-05-03 00:00:00-04:00,7.244668253302564,7.277561152277312,7.088426395001082,7.12131929397583,1382200,0.0,0.0
2024-05-06 00:00:00-04:00,7.187105655670166,7.236445400116703,7.137766695452262,7.187105655670166,1108500,0.0,0.0
2024-05-07 00:00:00-04:00,7.236445544709895,7.236445544709895,7.113096573243203,7.1377668380737305,1331000,0.0,0.0
2024-05-08 00:00:00-04:00,7.080203366650151,7.096650209163446,6.932185705173572,6.948631763458252,3022500,0.0,0.0
2024-05-09 00:00:00-04:00,6.989747698076837,7.187105091925326,6.932185320928171,7.12131929397583,3419500,0.0,0.0
2024-05-10 00:00:00-04:00,7.071980644072943,7.113096181401579,6.817060077800931,6.882845878601074,2433700,0.0,0.0
2024-05-13 00:00:00-04:00,6.948632231935055,7.080203843997513,6.891069847714897,7.055534362792969,1773400,0.0,0.0
2024-05-14 00:00:00-04:00,7.113097714667493,7.351571490029453,7.104875075966496,7.285785675048828,1952000,0.0,0.0
2024-05-15 00:00:00-04:00,7.40091011224747,7.40091011224747,7.104873990079887,7.154212951660156,1560300,0.0,0.0
2024-05-16 00:00:00-04:00,7.12131929397583,7.1542121929505775,7.071980337627993,7.12131929397583,990800,0.0,0.0
2024-05-17 00:00:00-04:00,7.1459882144609415,7.1953279511867665,7.08842584180457,7.162435054779053,772300,0.0,0.0
2024-05-20 00:00:00-04:00,7.1871059748554265,7.1871059748554265,7.022641459777354,7.055534362792969,1235000,0.0,0.0
2024-05-21 00:00:00-04:00,7.055534028430284,7.063757449851645,6.981524804095291,7.006195068359375,827500,0.0,0.0
2024-05-22 00:00:00-04:00,6.989748954772949,7.104874513997428,6.97330211021429,6.989748954772949,771800,0.0,0.0
2024-05-23 00:00:00-04:00,6.9897492677266815,6.9979726903742,6.78416840691119,6.808837890625,1495300,0.0,0.0
2024-05-24 00:00:00-04:00,6.825283443789748,6.874622401876749,6.800613964746247,6.866399765014648,938300,0.0,0.0
2024-05-28 00:00:00-04:00,6.882847125995176,6.956856361365353,6.79239182955871,6.808837890625,818800,0.0,0.0
2024-05-29 00:00:00-04:00,6.7512748821053865,6.78416778545359,6.521024166553622,6.570363521575928,2536800,0.0,0.0
2024-05-30 00:00:00-04:00,6.6608189966777385,6.718381376318294,6.59503319588036,6.669041633605957,1345800,0.0,0.0
2024-05-31 00:00:00-04:00,6.718381404571809,6.849953006719878,6.685488504034792,6.825283527374268,1086000,0.0,0.0
2024-06-03 00:00:00-04:00,6.915739758901429,6.940409241639783,6.86640079342472,6.932186603546143,845900,0.0,0.0
2024-06-04 00:00:00-04:00,6.882846045975067,6.940408427017818,6.841729723417977,6.907515525817871,1008000,0.0,0.0
2024-06-05 00:00:00-04:00,6.94863187286628,7.0802034781298095,6.891069491620644,7.063757419586182,1191300,0.0,0.0
2024-06-06 00:00:00-04:00,7.022641099747208,7.063757422465979,6.956855297088623,6.956855297088623,1050300,0.0,0.0
2024-06-07 00:00:00-04:00,6.849953062218726,6.874622541764212,6.7923906818697235,6.841729640960693,1402800,0.0,0.0
2024-06-10 00:00:00-04:00,6.784167542509774,6.825283866279805,6.751274640339479,6.767720699310303,1545700,0.0,0.0
2024-06-11 00:00:00-04:00,6.743051052093506,6.784167374847398,6.685488670775235,6.743051052093506,1293400,0.0,0.0
2024-06-12 00:00:00-04:00,6.948631509211848,6.997971250717805,6.84995281042852,6.858176231384277,1137300,0.0,0.0
2024-06-13 00:00:00-04:00,6.825284369624402,6.86640069642664,6.784168042822163,6.817060947418213,1064700,0.0,0.0
2024-06-14 00:00:00-04:00,6.7430520257637125,6.800615199622508,6.7183825422406525,6.792391777038574,802800,0.0,0.0
2024-06-17 00:00:00-04:00,6.784167801181371,7.039088390892441,6.751274897756912,7.014418125152588,1683600,0.0,0.0
2024-06-18 00:00:00-04:00,7.0061950136463365,7.03086449348914,6.89106946733221,6.907515525817871,1189100,0.0,0.0
2024-06-20 00:00:00-04:00,6.907515637957596,6.948631961182187,6.899293000695588,6.915739059448242,974600,0.0,0.0
2024-06-21 00:00:00-04:00,6.915739085815641,6.973301468012353,6.899293027000284,6.965078830718994,3928500,0.0,0.0
2024-06-24 00:00:00-04:00,6.965079436315826,7.09665105519308,6.965079436315826,7.047311305999756,985800,0.0,0.0
2024-06-25 00:00:00-04:00,7.030864293729178,7.071980615118076,6.932185592932982,6.940408229827881,1185600,0.0,0.0
2024-06-26 00:00:00-04:00,6.907516300437076,7.006195799331609,6.87462339554847,6.989748954772949,855200,0.0,0.0
2024-06-27 00:00:00-04:00,7.006195071704668,7.014417708901325,6.825283721491486,6.899292945861816,1581900,0.0,0.0
2024-06-28 00:00:00-04:00,6.976047039031982,7.010159704684286,6.890764968246172,6.976047039031982,2428600,0.3,0.0
2024-07-01 00:00:00-04:00,6.976046706199467,7.018686926247872,6.805482979420622,6.916348934173584,1524800,0.0,0.0
2024-07-02 00:00:00-04:00,6.924877278655771,7.095440598167477,6.9078213533596315,7.061327934265137,1142400,0.0,0.0
2024-07-03 00:00:00-04:00,7.078384055960123,7.180722038747958,7.069855687400306,7.121025085449219,897400,0.0,0.0
2024-07-05 00:00:00-04:00,7.0783843994140625,7.180722387167491,7.0698560304404365,7.0783843994140625,1371500,0.0,0.0
2024-07-08 00:00:00-04:00,7.12102589037324,7.189251219943636,7.1039691513256,7.172194480895996,828300,0.0,0.0
2024-07-09 00:00:00-04:00,7.155138338546021,7.266004699069102,7.095440566996635,7.257476329803467,842500,0.0,0.0
2024-07-10 00:00:00-04:00,7.291588634268579,7.4109825448641935,7.248947603351566,7.393926620483398,1627900,0.0,0.0
2024-07-11 00:00:00-04:00,7.513321501383351,7.760638509897807,7.462152100551724,7.743581771850586,2327300,0.0,0.0
2024-07-12 00:00:00-04:00,7.803279098147778,7.862976870831745,7.487736749112793,7.607131481170654,2914700,0.0,0.0
2024-07-15 00:00:00-04:00,7.624187060085865,7.726525861945573,7.573018472466048,7.6497721672058105,2147900,0.0,0.0
2024-07-16 00:00:00-04:00,7.700941052404809,7.914145406782761,7.692413496345342,7.89708948135376,1319300,0.0,0.0
2024-07-17 00:00:00-04:00,7.8288649941323625,8.067653668963741,7.8288649941323625,8.016484260559082,1736000,0.0,0.0
2024-07-18 00:00:00-04:00,7.94825791665916,8.135877972596495,7.931201991561249,7.999427318572998,1941000,0.0,0.0
2024-07-19 00:00:00-04:00,7.973842344582714,8.076180326377072,7.914144578553517,7.982369899749756,1645200,0.0,0.0
2024-07-22 00:00:00-04:00,7.973842628706935,7.982370184177832,7.786222582077003,7.871503829956055,1594500,0.0,0.0
2024-07-23 00:00:00-04:00,7.837391029664845,8.042067810240193,7.837391029664845,7.931201457977295,1955000,0.0,0.0
2024-07-24 00:00:00-04:00,7.871503994287802,7.931201763690448,7.675356388092041,7.675356388092041,1624000,0.0,0.0
2024-07-25 00:00:00-04:00,7.675355165337146,7.862975185994381,7.658298430136534,7.786221504211426,1470500,0.0,0.0
2024-07-26 00:00:00-04:00,7.931202949642287,7.948258876800537,7.837392503686391,7.948258876800537,1058600,0.0,0.0
2024-07-29 00:00:00-04:00,7.939730099598727,8.016482979979726,7.845919668060799,7.914144992828369,951000,0.0,0.0
2024-07-30 00:00:00-04:00,7.965315728559735,8.076182103222898,7.956787358206377,8.042069435119629,1157200,0.0,0.0
2024-07-31 00:00:00-04:00,8.084708304747295,8.127349336054532,7.905617437214942,7.914144992828369,1798000,0.0,0.0
2024-08-01 00:00:00-04:00,7.931202582861598,7.948258509231091,7.683885550678102,7.777695178985596,1207000,0.0,0.0
2024-08-02 00:00:00-04:00,7.632715559091787,7.752110287754414,7.530377568799556,7.692413330078125,1529000,0.0,0.0
2024-08-05 00:00:00-04:00,7.376869882792587,7.547434006460637,7.197778203589147,7.393926620483398,1741600,0.0,0.0
2024-08-06 00:00:00-04:00,7.376870674655018,7.564490742843743,7.2660051210040635,7.496265411376953,1932300,0.0,0.0
2024-08-07 00:00:00-04:00,7.581546244634851,7.692412593496348,7.453623159036215,7.462151527404785,1219200,0.0,0.0
2024-08-08 00:00:00-04:00,7.402454707952273,7.5815463803482155,7.240418959288809,7.5047926902771,1617700,0.0,0.0
2024-08-09 00:00:00-04:00,7.504792829703582,7.573018152520978,7.393926476797813,7.445095062255859,1325500,0.0,0.0
2024-08-12 00:00:00-04:00,7.385398423221586,7.445095379906322,7.103968751264923,7.146609783172607,2093000,0.0,0.0
2024-08-13 00:00:00-04:00,7.15513836287502,7.197778582728064,6.933405641074922,7.112497329711914,3566300,0.0,0.0
2024-08-14 00:00:00-04:00,7.155137746378497,7.197777962557601,6.9504609674928375,7.121025085449219,3001100,0.0,0.0
2024-08-15 00:00:00-04:00,7.223363884728834,7.240419810466391,7.095440781801781,7.172194480895996,1110500,0.0,0.0
2024-08-16 00:00:00-04:00,7.163665023339117,7.248947079004328,7.1551374684205635,7.180721759796143,892600,0.0,0.0
2024-08-19 00:00:00-04:00,7.214835696244505,7.325702062905851,7.214835696244505,7.2830610275268555,860800,0.0,0.0
2024-08-20 00:00:00-04:00,7.25747585646598,7.266004225175389,7.163665427282492,7.206306457519531,1276900,0.0,0.0
2024-08-21 00:00:00-04:00,7.2404196540669,7.300117426134033,7.206306990018566,7.274532318115234,1200000,0.0,0.0
2024-08-22 00:00:00-04:00,7.300117237461162,7.3086447932703,7.112497183389368,7.163665771484375,2731600,0.0,0.0
2024-08-23 00:00:00-04:00,7.197778701782227,7.248948105086328,7.129553372916809,7.197778701782227,3192600,0.0,0.0
2024-08-26 00:00:00-04:00,7.248947487756571,7.368342209758281,7.189250533410719,7.206306457519531,2172300,0.0,0.0
2024-08-27 00:00:00-04:00,7.172194288154225,7.197778582728064,7.112497329711914,7.112497329711914,1186400,0.0,0.0
2024-08-28 00:00:00-04:00,7.121026071381799,7.163666293464601,6.967518669291381,6.976047039031982,1972700,0.0,0.0
2024-08-29 00:00:00-04:00,7.018687313378208,7.078385088696845,6.907821759165257,7.044272422790527,1984700,0.0,0.0
2024-08-30 00:00:00-04:00,7.078385013390132,7.095440939506778,6.993102942876596,7.069856643676758,1184000,0.0,0.0
2024-09-03 00:00:00-04:00,7.0016305144379185,7.027214807351453,6.88223579199141,6.967517852783203,1628400,0.0,0.0
2024-09-04 00:00:00-04:00,6.94193392158539,6.984574140893086,6.805482861201619,6.8310675621032715,1547400,0.0,0.0
2024-09-05 00:00:00-04:00,6.882236270148822,6.950461598198347,6.839596050100417,6.916348934173584,1175500,0.0,0.0
2024-09-06 00:00:00-04:00,6.941934280608534,6.941934280608534,6.7287295131483,6.762842178344727,2254000,0.0,0.0
2024-09-09 00:00:00-04:00,6.754313677954606,6.779897971488745,6.711672646524357,6.720201015472412,1579200,0.0,0.0
2024-09-10 00:00:00-04:00,6.703144415732455,6.745785038799692,6.609334394336536,6.6860880851745605,1312700,0.0,0.0
2024-09-11 00:00:00-04:00,6.669032578300839,6.703145243629842,6.532581510329779,6.6434478759765625,1216800,0.0,0.0
2024-09-12 00:00:00-04:00,6.660504099934589,6.7116730970929614,6.472884443687224,6.506997108459473,2681800,0.0,0.0
2024-09-13 00:00:00-04:00,6.575222492218018,6.592278824744774,6.430243462413061,6.575222492218018,2075300,0.0,0.0
2024-09-16 00:00:00-04:00,6.498469053315162,6.651976458871544,6.413187387258873,6.609335422515869,2664300,0.0,0.0
2024-09-17 00:00:00-04:00,6.677560173121929,6.865180228741601,6.669032210587412,6.805482864379883,2656100,0.0,0.0
2024-09-18 00:00:00-04:00,6.831067353175114,7.010159034044087,6.788426321861544,6.865180015563965,2348000,0.0,0.0
2024-09-19 00:00:00-04:00,6.993101996981933,7.172193670188141,6.941933412243011,7.121025085449219,3261900,0.0,0.0
2024-09-20 00:00:00-04:00,7.052800426118714,7.0869130902524775,6.771370337032614,6.79695463180542,6713600,0.0,0.0
2024-09-23 00:00:00-04:00,6.822539407678171,6.899293106144163,6.745785709212179,6.7713704109191895,1701400,0.0,0.0
2024-09-24 00:00:00-04:00,6.796954839034044,6.831067910862896,6.737257878307407,6.788426876068115,1048100,0.0,0.0
2024-09-25 00:00:00-04:00,6.779898345432963,6.788426714851399,6.558166027069092,6.558166027069092,2407100,0.0,0.0
2024-09-26 00:00:00-04:00,6.651976509589988,6.720201842955208,6.609335472909194,6.677560806274414,1122200,0.0,0.0
2024-09-27 00:00:00-04:00,6.771370842979124,6.788427176320429,6.651976509589988,6.677560806274414,1742300,0.0,0.0
2024-09-30 00:00:00-04:00,6.651132181298301,6.765654664924798,6.624703657343179,6.721607685089111,1522000,0.25,0.0
2024-10-01 00:00:00-04:00,6.686369602077017,6.703988477152213,6.52779930633314,6.554227828979492,2540600,0.0,0.0
2024-10-02 00:00:00-04:00,6.53660961421416,6.607085121634179,6.492562212043068,6.50137186050415,1416800,0.0,0.0
2024-10-03 00:00:00-04:00,6.492562212043068,6.518990737359155,6.439705581478054,6.50137186050415,1747900,0.0,0.0
2024-10-04 00:00:00-04:00,6.571847154001406,6.571847154001406,6.369229866730746,6.4397053718566895,2052200,0.0,0.0
2024-10-07 00:00:00-04:00,6.430896219266857,6.44851509575524,6.263516682593648,6.281135559082031,2231500,0.0,0.0
2024-10-08 00:00:00-04:00,6.272325910804264,6.307563663781029,6.2194692813391175,6.281135559082031,1427500,0.0,0.0
2024-10-09 00:00:00-04:00,6.228278755627902,6.333992011605063,6.2106598796317085,6.254706859588623,1192900,0.0,0.0
2024-10-10 00:00:00-04:00,6.219468927471495,6.307563304901123,6.166612301013719,6.307563304901123,1884600,0.0,0.0
2024-10-11 00:00:00-04:00,6.316372914227313,6.333991789605985,6.237087764989726,6.27232551574707,1120700,0.0,0.0
2024-10-14 00:00:00-04:00,6.245897624513849,6.34280123234903,6.219469100516076,6.333992004394531,1175200,0.0,0.0
2024-10-15 00:00:00-04:00,6.342801012836227,6.430895809735246,6.325182137469848,6.3516106605529785,1418600,0.0,0.0
2024-10-16 00:00:00-04:00,6.413276831414758,6.5013712068324505,6.413276831414758,6.474942684173584,1017300,0.0,0.0
2024-10-17 00:00:00-04:00,6.439705556907531,6.457324433695311,6.333992296180848,6.3868489265441895,1217600,0.0,0.0
2024-10-18 00:00:00-04:00,6.413277451759439,6.413277451759439,6.333992296180848,6.3868489265441895,1049200,0.0,0.0
2024-10-21 00:00:00-04:00,6.386848562835216,6.386848562835216,6.157802757570281,6.184231281280518,2029100,0.0,0.0
2024-10-22 00:00:00-04:00,6.175421756507744,6.210659506382407,6.104945836691305,6.131374359130859,1233200,0.0,0.0
2024-10-23 00:00:00-04:00,6.113755484193528,6.1578024615033,6.052089211879312,6.131374359130859,1025000,0.0,0.0
2024-10-24 00:00:00-04:00,6.166611712990088,6.245896855149999,6.131373965378368,6.201849460601807,1692300,0.0,0.0
2024-10-25 00:00:00-04:00,6.2370881026882135,6.272325855353457,6.052089691162109,6.052089691162109,1506800,0.0,0.0
2024-10-28 00:00:00-04:00,6.113756005007087,6.148993757883553,6.052089727439695,6.087327480316162,1098100,0.0,0.0
2024-10-29 00:00:00-04:00,6.052089646275523,6.131374799217861,6.008042665804226,6.096137046813965,1505300,0.0,0.0
2024-10-30 00:00:00-04:00,6.087326920624169,6.254706441431452,6.087326920624169,6.175421714782715,1510800,0.0,0.0
2024-10-31 00:00:00-04:00,6.193040858482807,6.228278609649291,6.025661330408447,6.034470558166504,1804600,0.0,0.0
2024-11-01 00:00:00-04:00,6.1049462077744465,6.131374731820432,5.928757447691674,5.946376323699951,1489300,0.0,0.0
2024-11-04 00:00:00-05:00,5.946376286341067,6.016851789931405,5.911138534545898,5.911138534545898,1992700,0.0,0.0
2024-11-05 00:00:00-05:00,5.911138745319411,5.981614251422694,5.8582821157419485,5.972805023193359,1086400,0.0,0.0
2024-11-06 00:00:00-05:00,6.069708812236331,6.1930413716048225,5.96399554997805,6.148993968963623,2104900,0.0,0.0
2024-11-07 00:00:00-05:00,6.1313748722981725,6.254707007181812,6.0961371194742755,6.16661262512207,1473400,0.0,0.0
2024-11-08 00:00:00-05:00,6.228278856478859,6.5013716488754625,6.113755950615628,6.4397053718566895,2876100,0.0,0.0
2024-11-11 00:00:00-05:00,6.4573244583330585,6.518990737359155,6.395658599374122,6.50137186050415,1366400,0.0,0.0
2024-11-12 00:00:00-05:00,6.422086384275213,6.466133784249123,6.333992004394531,6.333992004394531,1275700,0.0,0.0
2024-11-13 00:00:00-05:00,6.4044674322211765,6.413277080138165,6.245897550319582,6.263516426086426,1640900,0.0,0.0
2024-11-14 00:00:00-05:00,6.289944491710283,6.325182243031126,6.184231237747754,6.228278636932373,1377400,0.0,0.0
2024-11-15 00:00:00-05:00,6.263516432344092,6.263516432344092,6.1225650060013885,6.184231281280518,1588600,0.0,0.0
2024-11-18 00:00:00-05:00,6.1666124725876665,6.378038984301303,6.157802824566029,6.333992004394531,1353600,0.0,0.0
2024-11-19 00:00:00-05:00,6.272325765080262,6.422086421785721,6.254706889001216,6.369229793548584,1474100,0.0,0.0
2024-11-20 00:00:00-05:00,6.351611219384181,6.386848973217248,6.281135711718046,6.342801570892334,850300,0.0,0.0
2024-11-21 00:00:00-05:00,6.369230049756409,6.439705556907531,6.3428015245411595,6.3868489265441895,1757500,0.0,0.0
2024-11-22 00:00:00-05:00,6.439705444246623,6.527799826644338,6.378039166534648,6.510180950164795,1729300,0.0,0.0
2024-11-25 00:00:00-05:00,6.563037320302929,6.607084719795083,6.4925618171691895,6.4925618171691895,1724600,0.0,0.0
2024-11-26 00:00:00-05:00,6.4573244583330585,6.518990737359155,6.35161119720303,6.50137186050415,1220300,0.0,0.0
2024-11-27 00:00:00-05:00,6.527799524954847,6.62470355114738,6.518990297155778,6.536609172821045,1010900,0.0,0.0
2024-11-29 00:00:00-05:00,6.563037320302929,6.607084719795083,6.483752589311038,6.4925618171691895,665800,0.0,0.0
2024-12-02 00:00:00-05:00,6.554227864299964,6.712797740831251,6.474942716000761,6.668750762939453,1693300,0.0,0.0
2024-12-03 00:00:00-05:00,6.6070848306492715,6.642322582807363,6.351610917469538,6.369229793548584,2189200,0.0,0.0
2024-12-04 00:00:00-05:00,6.395657880626627,6.4044671080305635,6.281134983905661,6.32518196105957,2316900,0.0,0.0
2024-12-05 00:00:00-05:00,6.325182385879069,6.510180794525064,6.325182385879069,6.448514938354492,1846400,0.0,0.0
2024-12-06 00:00:00-05:00,6.483752845479056,6.545418703123881,6.466133968999513,6.510180950164795,1564400,0.0,0.0
2024-12-09 00:00:00-05:00,6.518990334675086,6.607084713508439,6.518990334675086,6.571846961975098,1547700,0.0,0.0
2024-12-10 00:00:00-05:00,6.554228167518241,6.598275147447785,6.448514911606771,6.563037395477295,1392500,0.0,0.0
2024-12-11 00:00:00-05:00,6.536609326333089,6.563037430418087,6.316373165311447,6.369229793548584,1953300,0.0,0.0
2024-12-12 00:00:00-05:00,6.342801046231801,6.501371345431228,6.325182170772657,6.4661335945129395,1532500,0.0,0.0
2024-12-13 00:00:00-05:00,6.448514911606771,6.571847043503486,6.422086387595335,6.563037395477295,2017400,0.0,0.0
2024-12-16 00:00:00-05:00,6.51899029151822,6.686369820227075,6.510180643659639,6.615894317626953,1822100,0.0,0.0
2024-12-17 00:00:00-05:00,6.580655832982918,6.686369501917656,6.5366088559882956,6.5982747077941895,2568700,0.0,0.0
2024-12-18 00:00:00-05:00,6.615894026597508,6.730416503251362,6.307563086184584,6.32518196105957,2652200,0.0,0.0
2024-12-19 00:00:00-05:00,6.3780389915619775,6.457324143578417,6.2458976316240955,6.254706859588623,2416500,0.0,0.0
2024-12-20 00:00:00-05:00,6.166612217907481,6.430895766701793,6.166612217907481,6.395658016204834,7027000,0.0,0.0
2024-12-23 00:00:00-05:00,6.342800833790318,6.413276753333549,6.2811349817822695,6.4044671058654785,2091500,0.0,0.0
2024-12-24 00:00:00-05:00,6.404467691287537,6.527799826644338,6.3956584630813405,6.510180950164795,880700,0.0,0.0
2024-12-26 00:00:00-05:00,6.474942684173584,6.518990081915988,6.3956579563312195,6.474942684173584,1341100,0.0,0.0
2024-12-27 00:00:00-05:00,6.42208698924128,6.510181377420528,6.210660457611084,6.210660457611084,1861500,0.0,0.0
2024-12-30 00:00:00-05:00,6.17542224555761,6.17542224555761,5.999233062164244,6.052089691162109,3189800,0.0,0.0
2024-12-31 00:00:00-05:00,6.125226538268385,6.289785146857366,6.079516152717548,6.2349324226379395,2603300,0.25,0.0
2025-01-02 00:00:00-05:00,6.308069627230969,6.344638111429235,6.19836417463617,6.289785385131836,1184900,0.0,0.0
2025-01-03 00:00:00-05:00,6.298927049309111,6.399490595005509,6.298927049309111,6.344637870788574,1799400,0.0,0.0
2025-01-06 00:00:00-05:00,6.381205974905403,6.500053754954391,6.344637494264281,6.372063636779785,1977900,0.0,0.0
2025-01-07 00:00:00-05:00,6.271501064300537,6.362922273648504,6.180079854952569,6.271501064300537,3120800,0.0,0.0
2025-01-08 00:00:00-05:00,6.234932706670751,6.234932706670751,6.052089848345876,6.088658332824707,3228400,0.0,0.0
2025-01-10 00:00:00-05:00,6.024663308195613,6.033805210750952,5.914957426016704,5.997236728668213,1899500,0.0,0.0
2025-01-13 00:00:00-05:00,5.988094511259026,6.052089133573637,5.8966728749284325,6.033804893493652,1253500,0.0,0.0
2025-01-14 00:00:00-05:00,6.033805449397569,6.125226658220271,5.960668482339407,6.052089691162109,1514900,0.0,0.0
2025-01-15 00:00:00-05:00,6.234932300078999,6.253216541126064,6.070373694724717,6.106942176818848,1312900,0.0,0.0
2025-01-16 00:00:00-05:00,6.088658231473851,6.189221780082031,6.088658231473851,6.170937538146973,1485700,0.0,0.0
2025-01-17 00:00:00-05:00,6.353779754260418,6.5274802650527075,6.280642788859601,6.445201396942139,2899800,0.0,0.0
2025-01-21 00:00:00-05:00,6.481769819021257,6.509195962824708,6.381206274570312,6.43605899810791,1725200,0.0,0.0
2025-01-22 00:00:00-05:00,6.408633034953846,6.42691727664845,6.244074423771705,6.262358665466309,1337600,0.0,0.0
2025-01-23 00:00:00-05:00,6.2806428081887775,6.344637871076792,6.207505842562876,6.2349324226379395,1452300,0.0,0.0
2025-01-24 00:00:00-05:00,6.234932362383948,6.344637809762614,6.21664812115417,6.225790023803711,1170700,0.0,0.0
2025-01-27 00:00:00-05:00,6.225790397524734,6.390348578470812,6.216648494326424,6.308069705963135,2143000,0.0,0.0
2025-01-28 00:00:00-05:00,6.289785488574201,6.335495876608432,6.189221937409733,6.20750617980957,1876100,0.0,0.0
2025-01-29 00:00:00-05:00,6.234932706670751,6.280643094303929,6.006379460712698,6.088658332824707,3022100,0.0,0.0
2025-01-30 00:00:00-05:00,6.1252264976501465,6.1983638987217535,6.088658015079693,6.1252264976501465,1751000,0.0,0.0
2025-01-31 00:00:00-05:00,6.134369137375874,6.180079960798098,6.0246636842794,6.079516410827637,3366800,0.0,0.0
2025-02-03 00:00:00-05:00,5.942384084363944,6.052089532067296,5.841820539337189,6.015521049499512,3398500,0.0,0.0
2025-02-04 00:00:00-05:00,6.015520720386557,6.170936980762065,5.933241421145246,6.152652740478516,1483700,0.0,0.0
2025-02-05 00:00:00-05:00,6.152653157207783,6.207505881773696,6.1252265769594745,6.143510818481445,1374400,0.0,0.0
2025-02-06 00:00:00-05:00,6.170936980762065,6.180079318869177,6.042947298777219,6.152652740478516,1508900,0.0,0.0
2025-02-07 00:00:00-05:00,6.125226398339598,6.161794880317155,6.052089434384487,6.097800254821777,1737800,0.0,0.0
2025-02-10 00:00:00-05:00,6.116084191818918,6.125226093893575,5.988094511259026,6.033804893493652,1169900,0.0,0.0
2025-02-11 00:00:00-05:00,6.0063786600042235,6.116084098815918,5.997236322137917,6.116084098815918,1243000,0.0,0.0
2025-02-12 00:00:00-05:00,6.006379067154244,6.070373692833691,5.978952487626843,5.997236728668213,1604000,0.0,0.0
2025-02-13 00:00:00-05:00,6.0429476293906985,6.052089532067296,5.978952566931728,6.015521049499512,1132900,0.0,0.0
2025-02-14 00:00:00-05:00,6.033804960670106,6.152652740478516,6.00637881821012,6.152652740478516,1643200,0.0,0.0
2025-02-18 00:00:00-05:00,6.143510876486031,6.280642907160913,6.143510876486031,6.262358665466309,2694200,0.0,0.0
2025-02-19 00:00:00-05:00,6.234932520889758,6.298927148855516,6.152653215298687,6.262358665466309,2723300,0.0,0.0
2025-02-20 00:00:00-05:00,6.262358348751966,6.344637650181819,6.244074107982074,6.298926830291748,1185500,0.0,0.0
2025-02-21 00:00:00-05:00,6.344637911153831,6.426917215968054,6.0338053693496185,6.143510818481445,4321600,0.0,0.0
2025-02-24 00:00:00-05:00,6.152653077543336,6.207505801399018,6.033805291224011,6.1252264976501465,2274800,0.0,0.0
2025-02-25 00:00:00-05:00,6.170936907531569,6.308068925996182,6.134368427398429,6.244073867797852,1883800,0.0,0.0
2025-02-26 00:00:00-05:00,6.271500687102255,6.3720637933713125,6.2349322055624725,6.298926830291748,1201700,0.0,0.0
2025-02-27 00:00:00-05:00,6.298926969119222,6.344637790016753,6.189221522081983,6.216648101806641,1559900,0.0,0.0
2025-02-28 00:00:00-05:00,6.216648121911658,6.362922051767703,6.189221542098301,6.335495471954346,2270100,0.0,0.0
2025-03-03 00:00:00-05:00,5.046455488437603,5.211013663215859,4.369938111751847,4.635059833526611,22960800,0.0,0.0
2025-03-04 00:00:00-05:00,4.598491310404021,4.616775551887645,4.333369154995406,4.525353908538818,6296800,0.0,0.0
2025-03-05 00:00:00-05:00,4.452217001640366,4.571064790825192,4.351653890112323,4.534496307373047,4816900,0.0,0.0
2025-03-06 00:00:00-05:00,4.534496464317818,4.644201918471299,4.44307525252325,4.5710649490356445,4283500,0.0,0.0
2025-03-07 00:00:00-05:00,4.662485728910409,4.982460158515211,4.625917247580184,4.900181293487549,4394900,0.0,0.0
2025-03-10 00:00:00-04:00,4.891038966984608,5.009886749559785,4.625917258735789,4.68991231918335,3224400,0.0,0.0
2025-03-11 00:00:00-04:00,4.717338458269784,4.763049277969262,4.543637953714721,4.580206871032715,2480500,0.0,0.0
2025-03-12 00:00:00-04:00,4.680770219666329,4.680770219666329,4.571064769814159,4.635059833526611,1999800,0.0,0.0
2025-03-13 00:00:00-04:00,4.6167755319553905,4.726480980383502,4.607633193287698,4.625917434692383,1639700,0.0,0.0
2025-03-14 00:00:00-04:00,4.607633014107854,4.6624857361888195,4.55278029202689,4.580206871032715,2492500,0.0,0.0
2025-03-17 00:00:00-04:00,4.616775229920456,4.6259171320593735,4.461358970182798,4.561922073364258,3361500,0.0,0.0
2025-03-18 00:00:00-04:00,4.571064769814159,4.662485978024301,4.488785464459678,4.635059833526611,2583500,0.0,0.0
2025-03-19 00:00:00-04:00,4.662486310016999,4.799618350062063,4.653344406510389,4.717339038848877,2402000,0.0,0.0
2025-03-20 00:00:00-04:00,4.708196819499895,4.7264810612172825,4.644201755523682,4.644201755523682,1331200,0.0,0.0
2025-03-21 00:00:00-04:00,4.598491191864014,4.644201576429401,4.552780371367935,4.598491191864014,3921000,0.0,0.0
2025-03-24 00:00:00-04:00,4.644201918471299,4.662486160830213,4.561922609890826,4.5710649490356445,1774900,0.0,0.0
2025-03-25 00:00:00-04:00,4.580206887010402,4.580206887010402,4.4430748633642745,4.47964334487915,2936900,0.0,0.0
2025-03-26 00:00:00-04:00,4.461359359222283,4.57106481003987,4.443075117419352,4.543638229370117,2903900,0.0,0.0
2025-03-27 00:00:00-04:00,4.525353870122574,4.653343995352128,4.497927726095312,4.6167755126953125,3068600,0.0,0.0
2025-03-28 00:00:00-04:00,4.58020714890669,4.653344116118414,4.470501262158393,4.543638229370117,4193900,0.0,0.0
2025-03-31 00:00:00-04:00,4.529571280900368,4.782777115013506,4.501437547764255,4.773399353027344,3596800,0.125,0.0
2025-04-01 00:00:00-04:00,4.773399179959865,4.91406873489547,4.735887239020022,4.829667091369629,2177500,0.0,0.0
2025-04-02 00:00:00-04:00,4.745265114915547,4.857800940444544,4.735887353043608,4.7921552658081055,1900600,0.0,0.0
2025-04-03 00:00:00-04:00,4.670241426740219,4.7265093418602655,4.548327387057967,4.567083358764648,2662300,0.0,0.0
2025-04-04 00:00:00-04:00,4.482681220238978,4.482681220238978,4.163829288861085,4.417035102844238,4170400,0.0,0.0
2025-04-07 00:00:00-04:00,4.266987683867971,4.64210710678494,4.145073647831143,4.304499626159668,4342000,0.0,0.0
2025-04-08 00:00:00-04:00,4.454547844965048,4.501438001151538,4.182586012309816,4.238853931427002,3590400,0.0,0.0
2025-04-09 00:00:00-04:00,4.191963352588973,4.623351136170717,4.1075617060117615,4.538949489593506,4898600,0.0,0.0
2025-04-10 00:00:00-04:00,4.426412989351088,4.463925376907951,4.10756149612738,4.210719108581543,2419600,0.0,0.0
2025-04-11 00:00:00-04:00,4.182585550278832,4.220097492213184,4.0137818115742485,4.154451370239258,2218400,0.0,0.0
2025-04-14 00:00:00-04:00,4.220097375059325,4.276365286398803,4.098183343568318,4.191963195800781,1725900,0.0,0.0
2025-04-15 00:00:00-04:00,4.1732072830200195,4.28574355443162,4.135695341608691,4.1732072830200195,1565700,0.0,0.0
2025-04-16 00:00:00-04:00,4.135695335283252,4.1544513059602295,3.9293796578365003,3.9387574195861816,3525300,0.0,0.0
2025-04-17 00:00:00-04:00,3.938757591864113,4.15445148767243,3.9012456488694176,4.116939544677734,2320700,0.0,0.0
2025-04-21 00:00:00-04:00,4.07942718547606,4.116939124643569,3.9762691291766172,4.0981831550598145,2661000,0.0,0.0
2025-04-22 00:00:00-04:00,4.145073300264103,4.220097178556697,4.107561361117806,4.1825852394104,1655100,0.0,0.0
2025-04-23 00:00:00-04:00,4.276365087276143,4.3326329959955885,4.135695091888735,4.1825852394104,2505000,0.0,0.0
2025-04-24 00:00:00-04:00,4.182585835175511,4.191963597709055,4.08880597395182,4.145073890686035,2314500,0.0,0.0
2025-04-25 00:00:00-04:00,4.126317918441297,4.154451653219579,4.0325380572176055,4.145073890686035,2420400,0.0,0.0
2025-04-28 00:00:00-04:00,4.135695034848465,4.313876966924651,4.135695034848465,4.285743236541748,1756600,0.0,0.0
2025-04-29 00:00:00-04:00,4.248231356505214,4.342011204370956,4.145073300264103,4.1825852394104,3432500,0.0,0.0
2025-04-30 00:00:00-04:00,4.107561609139002,4.1919632537256835,3.9950257849050166,4.1732072830200195,3650000,0.0,0.0
2025-05-01 00:00:00-04:00,4.238853090830385,4.257609060149996,4.126317274912717,4.201341152191162,2158700,0.0,0.0
2025-05-02 00:00:00-04:00,4.229475525948775,4.257609257644419,4.154451198012653,4.210719108581543,2199900,0.0,0.0
2025-05-05 00:00:00-04:00,4.098183677958884,4.2294759289747095,4.098183677958884,4.163829803466797,1718100,0.0,0.0
2025-05-06 00:00:00-04:00,4.145073588133767,4.182585529885216,4.060671495604195,4.088805675506592,2001600,0.0,0.0
2025-05-07 00:00:00-04:00,4.12631769543178,4.182585609124959,4.098183514996377,4.135695457458496,1661900,0.0,0.0
2025-05-08 00:00:00-04:00,4.20134144133961,4.20134144133961,4.041915467561967,4.1075615882873535,3752700,0.0,0.0
2025-05-09 00:00:00-04:00,3.957513612468649,3.9856477936525936,3.6855520223824443,3.8731119632720947,5747500,0.0,0.0
2025-05-12 00:00:00-04:00,3.9856476640353313,4.013781844304324,3.8731118373146107,3.995025873184204,4880000,0.0,0.0
2025-05-13 00:00:00-04:00,3.9668919444842525,4.079427778341676,3.9575137347406404,3.9856479167938232,2981600,0.0,0.0
2025-05-14 00:00:00-04:00,3.9856479167938232,4.032538071156576,3.920001790121499,3.9856479167938232,3326300,0.0,0.0
2025-05-15 00:00:00-04:00,3.976269478405675,4.182585609124959,3.9575135071746153,4.135695457458496,3212000,0.0,0.0
2025-05-16 00:00:00-04:00,4.163829790593533,4.276365622106904,4.116939637207473,4.248231887817383,2192900,0.0,0.0
2025-05-19 00:00:00-04:00,4.154451312314355,4.1825854919616585,4.060671458786034,4.1732072830200195,2002800,0.0,0.0
2025-05-20 00:00:00-04:00,4.173207203348285,4.2107191440434635,4.116939292305517,4.126317501068115,1844900,0.0,0.0
2025-05-21 00:00:00-04:00,4.079427355238985,4.116939295967531,3.8731116812319843,3.8824894428253174,2198300,0.0,0.0
2025-05-22 00:00:00-04:00,3.8449777820881508,3.938757640738566,3.7793321046216795,3.8731119632720947,3039700,0.0,0.0
2025-05-23 00:00:00-04:00,3.816844107889103,3.976269646504076,3.798088135865127,3.929379940032959,2205600,0.0,0.0
2025-05-27 00:00:00-04:00,4.0044034759685,4.05129362549359,3.9575133264434106,4.041915416717529,2381300,0.0,0.0
2025-05-28 00:00:00-04:00,4.023159503936768,4.070049654133116,3.9950257715610498,4.023159503936768,1800000,0.0,0.0
2025-05-29 00:00:00-04:00,4.070049366953883,4.22947532975937,4.0419151893856755,4.201341152191162,3582300,0.0,0.0
2025-05-30 00:00:00-04:00,4.182585434166339,4.276365286398803,4.1356952844613035,4.191963195800781,2826700,0.0,0.0
2025-06-02 00:00:00-04:00,4.182585785945458,4.182585785945458,3.910623968008983,3.929379940032959,1889000,0.0,0.0
2025-06-03 00:00:00-04:00,3.92937970749987,4.060671503898107,3.8824895566259756,4.004403591156006,1697200,0.0,0.0
2025-06-04 00:00:00-04:00,3.9950257787947283,4.013781749471706,3.920001448909204,3.9387574195861816,1160900,0.0,0.0
2025-06-05 00:00:00-04:00,3.9481356285134774,4.00440354054441,3.910623687159523,3.9387574195861816,1969300,0.0,0.0
2025-06-06 00:00:00-04:00,4.0044034759685,4.060671387092044,3.985647505593986,4.041915416717529,1524100,0.0,0.0
2025-06-09 00:00:00-04:00,4.070049590025347,4.182585412110883,4.0606713812627495,4.126317501068115,1144800,0.0,0.0
2025-06-10 00:00:00-04:00,4.126317789567218,4.285743772257092,4.116939580148926,4.2669878005981445,1614700,0.0,0.0
2025-06-11 00:00:00-04:00,4.285744087613492,4.313877823583249,4.22009795838794,4.238853931427002,1066900,0.0,0.0
2025-06-12 00:00:00-04:00,4.182585434166339,4.220097375059325,4.1356952844613035,4.191963195800781,1443800,0.0,0.0
2025-06-13 00:00:00-04:00,4.1356952626531065,4.191963173695875,4.051293619677757,4.126317501068115,1906400,0.0,0.0
2025-06-16 00:00:00-04:00,4.1732070333948315,4.21071897256234,4.088805393856731,4.0981831550598145,1164900,0.0,0.0
2025-06-17 00:00:00-04:00,4.060671215892306,4.135695094227323,4.041915246308552,4.0981831550598145,1803000,0.0,0.0
2025-06-18 00:00:00-04:00,4.098183665288578,4.3044998035740685,4.098183665288578,4.248231887817383,1605400,0.0,0.0
2025-06-20 00:00:00-04:00,4.210719283140786,4.285743614187111,4.154451370239258,4.154451370239258,3182300,0.0,0.0
2025-06-23 00:00:00-04:00,4.145073657058674,4.229475750991696,4.10756171468347,4.220097541809082,1220800,0.0,0.0
2025-06-24 00:00:00-04:00,4.257609904466063,4.285744087613492,4.191963775240512,4.238853931427002,1218500,0.0,0.0
2025-06-25 00:00:00-04:00,4.210719166247274,4.276365286398803,4.182585434166339,4.191963195800781,1984300,0.0,0.0
2025-06-26 00:00:00-04:00,4.238853089666801,4.313876966924651,4.210718912106316,4.285743236541748,1484300,0.0,0.0
2025-06-27 00:00:00-04:00,4.313877397747092,4.342011578117308,4.191963361438866,4.220097541809082,2433800,0.0,0.0
2025-06-30 00:00:00-04:00,4.263504202653386,4.340671624609337,4.167044925208446,4.215274333953857,1929500,0.125,0.0
2025-07-01 00:00:00-04:00,4.195982252514104,4.5142980809183735,4.186336555266082,4.408193111419678,2415400,0.0,0.0
2025-07-02 00:00:00-04:00,4.417839072437584,4.456422783641518,4.379255361233649,4.437130928039551,1515000,0.0,0.0
2025-07-03 00:00:00-04:00,4.437130993618024,4.581820142748269,4.437130993618024,4.495006561279297,1463500,0.0,0.0
2025-07-07 00:00:00-04:00,4.437131121642481,4.485360992728846,4.359963695867607,4.388901710510254,1798600,0.0,0.0
2025-07-08 00:00:00-04:00,4.379255382994807,4.562528242101266,4.369609685122952,4.456422805786133,1585200,0.0,0.0
2025-07-09 00:00:00-04:00,4.4853609488005475,4.523944661310107,4.234566357534278,4.35031795501709,4271800,0.0,0.0
2025-07-10 00:00:00-04:00,4.350318039485962,4.504652892520874,4.340671881194208,4.427485466003418,3314600,0.0,0.0
2025-07-11 00:00:00-04:00,4.359963810711561,4.417839381567192,4.273150224451039,4.282796382904053,1664600,0.0,0.0
2025-07-14 00:00:00-04:00,4.253858505781454,4.302088379706055,4.176691075465427,4.195982933044434,1711800,0.0,0.0
2025-07-15 00:00:00-04:00,4.205628701323072,4.244212412898632,4.070585250854492,4.070585250854492,1626900,0.0,0.0
2025-07-16 00:00:00-04:00,4.089876977610075,4.186336713459872,4.051293267251799,4.157398700714111,1604300,0.0,0.0
2025-07-17 00:00:00-04:00,4.1284613609313965,4.186336929454914,4.109169504756891,4.1284613609313965,1631200,0.0,0.0
2025-07-18 00:00:00-04:00,4.128461517974666,4.16704523179137,4.032001773478757,4.060939788818359,1576200,0.0,0.0
2025-07-21 00:00:00-04:00,4.060939552937664,4.118815120301003,4.022355841362105,4.070585250854492,1563700,0.0,0.0
2025-07-22 00:00:00-04:00,4.07058518780939,4.22492049167541,4.060939490041954,4.215274333953857,1934900,0.0,0.0
2025-07-23 00:00:00-04:00,4.24421221909294,4.359963348534014,4.24421221909294,4.302087783813477,1950300,0.0,0.0
2025-07-24 00:00:00-04:00,4.282796146972687,4.417839138196555,4.282796146972687,4.2924418449401855,1749500,0.0,0.0
2025-07-25 00:00:00-04:00,4.302088024670371,4.340671736644212,4.22492060072269,4.311733722686768,1202300,0.0,0.0
2025-07-28 00:00:00-04:00,4.331025466887786,4.340671624609337,4.205628636186422,4.215274333953857,1067600,0.0,0.0
2025-07-29 00:00:00-04:00,4.215274206755621,4.340671493627168,4.195982351848775,4.302087783813477,2139900,0.0,0.0
2025-07-30 00:00:00-04:00,4.321379945151546,4.369609815815715,4.11881522428865,4.1477532386779785,1860700,0.0,0.0
2025-07-31 00:00:00-04:00,4.109169661066314,4.138107216451767,4.032001773478757,4.060939788818359,1807200,0.0,0.0
2025-08-01 00:00:00-04:00,4.022355775327338,4.080231341740537,3.954834051201547,4.012709617614746,1855200,0.0,0.0
2025-08-04 00:00:00-04:00,4.051293350938976,4.051293350938976,3.9837720863942674,4.032001495361328,1683000,0.0,0.0
2025-08-05 00:00:00-04:00,4.022355797549563,4.051293350938976,3.9741259286283848,4.032001495361328,1250200,0.0,0.0
2025-08-06 00:00:00-04:00,4.041647697149884,4.118815120301003,3.9741259719155937,4.070585250854492,3561800,0.0,0.0
2025-08-07 00:00:00-04:00,4.080231189727783,4.109169201833328,3.9934176133652457,4.080231189727783,1976000,0.0,0.0
2025-08-08 00:00:00-04:00,4.012710011167947,4.060939884552896,3.9066050256477167,3.9258968830108643,2440900,0.0,0.0
2025-08-11 00:00:00-04:00,3.9066046908875562,3.954834100185527,3.6365182509932605,3.6461641788482666,3641700,0.0,0.0
2025-08-12 00:00:00-04:00,3.684747956033679,3.7812074662824116,3.6751020280065125,3.7040398120880127,2739400,0.0,0.0
2025-08-13 00:00:00-04:00,3.7329774547880827,3.810145106059862,3.694393744140721,3.781207323074341,2844800,0.0,0.0
2025-08-14 00:00:00-04:00,3.732977617917959,3.732977617917959,3.6654561213344095,3.7233316898345947,2073400,0.0,0.0
2025-08-15 00:00:00-04:00,3.723331646222954,3.742623732140779,3.6751020063710502,3.6847479343414307,1486700,0.0,0.0
2025-08-18 00:00:00-04:00,3.6847478902682917,3.732977529543323,3.617226395283248,3.6461641788482666,1339800,0.0,0.0
2025-08-19 00:00:00-04:00,3.6365182509932605,3.7136856738333104,3.617226395283248,3.6461641788482666,1408700,0.0,0.0
2025-08-20 00:00:00-04:00,3.626872398463257,3.7619156212150617,3.6172264704079184,3.7136857509613037,1724700,0.0,0.0
2025-08-21 00:00:00-04:00,3.675101883206372,3.713685593794829,3.5689966790881154,3.5786426067352295,1836900,0.0,0.0
2025-08-22 00:00:00-04:00,3.5979347927681924,3.896958807293455,3.58828886423438,3.87766695022583,3798800,0.0,0.0
2025-08-25 00:00:00-04:00,3.8583750931582053,3.9066049658043442,3.8390832360905804,3.87766695022583,1533000,0.0,0.0
2025-08-26 00:00:00-04:00,3.858374705853275,3.9837719941824923,3.858374705853275,3.945188283920288,1729600,0.0,0.0
2025-08-27 00:00:00-04:00,3.9355422603400347,4.1284612781719545,3.916250404552255,4.070585250854492,3757600,0.0,0.0
2025-08-28 00:00:00-04:00,4.070585272709716,4.109169444446559,4.04164771884974,4.089877128601074,1437900,0.0,0.0
2025-08-29 00:00:00-04:00,4.099523325171135,4.138107037317592,4.032001598937771,4.1091694831848145,1480700,0.0,0.0
2025-09-02 00:00:00-04:00,4.051293691876965,4.186337152239246,4.051293691876965,4.1188154220581055,2632600,0.0,0.0
2025-09-03 00:00:00-04:00,4.138106753984776,4.234566027746429,4.060939334975452,4.080231189727783,2021800,0.0,0.0
2025-09-04 00:00:00-04:00,4.1091694831848145,4.167045051404499,4.04164775695145,4.1091694831848145,2164200,0.0,0.0
2025-09-05 00:00:00-04:00,4.157398678041457,4.263504110925116,4.080231257745744,4.138106822967529,1224100,0.0,0.0
2025-09-08 00:00:00-04:00,4.128461466329215,4.27315016135478,4.099523451351616,4.224920749664307,4372300,0.0,0.0
2025-09-09 00:00:00-04:00,4.176690555893249,4.311733542147214,4.147753003101597,4.157398700714111,2287800,0.0,0.0
2025-09-10 00:00:00-04:00,4.157398964098845,4.176690820500184,3.9451885436841096,3.964480400085449,2381500,0.0,0.0
2025-09-11 00:00:00-04:00,3.983772401684666,4.128461559945316,3.9741262431553506,4.099523544311523,2380300,0.0,0.0
2025-09-12 00:00:00-04:00,4.099523481498434,4.099523481498434,3.9837723406451206,4.041647911071777,1347800,0.0,0.0
2025-09-15 00:00:00-04:00,4.089876887126899,4.138106753984776,4.041647480223122,4.080231189727783,1333100,0.0,0.0
2025-09-16 00:00:00-04:00,4.099523410066757,4.215274548903178,4.051293538907845,4.186336994171143,2238400,0.0,0.0
2025-09-17 00:00:00-04:00,4.186337131258744,4.27315025825181,4.080231687207047,4.099523544311523,2476300,0.0,0.0
2025-09-18 00:00:00-04:00,4.147752785420733,4.186336493754072,4.080231065860347,4.167044639587402,1568900,0.0,0.0
2025-09-19 00:00:00-04:00,4.186336994171143,4.253858261848651,4.109169568280195,4.186336994171143,6411100,0.0,0.0
2025-09-22 00:00:00-04:00,4.186337067115493,4.186337067115493,4.0320017526902605,4.041647911071777,1830800,0.0,0.0
2025-09-23 00:00:00-04:00,4.060939767880663,4.147753353497722,4.0320017526902605,4.041647911071777,1471200,0.0,0.0
2025-09-24 00:00:00-04:00,4.03200181446878,4.147753417049792,4.03200181446878,4.099523544311523,2550300,0.0,0.0
2025-09-25 00:00:00-04:00,4.089876793155219,4.089876793155219,3.9934175216098766,4.003063678741455,1324500,0.0,0.0
2025-09-26 00:00:00-04:00,4.00306417661673,4.05129358841082,3.9644804631998003,4.022356033325195,1665300,0.0,0.0
2025-09-29 00:00:00-04:00,4.032001334801181,4.032001334801181,3.8680207988981765,3.896958351135254,2433700,0.0,0.0
2025-09-30 00:00:00-04:00,3.9815669781263576,3.9815669781263576,3.7924424897085833,3.852165937423706,2977800,0.125,0.0
2025-10-01 00:00:00-04:00,3.832258020525436,3.91188951936692,3.7526267590038307,3.802396297454834,2272900,0.0,0.0
2025-10-02 00:00:00-04:00,3.7725345064265348,3.8123501364701067,3.7128110613611773,3.7227649688720703,1525400,0.0,0.0
2025-10-03 00:00:00-04:00,3.7426729878512086,3.7824886200645373,3.70285735563788,3.752626895904541,3124800,0.0,0.0
2025-10-06 00:00:00-04:00,3.7526269057589228,3.762580813838394,3.5435945987701416,3.5435945987701416,3493000,0.0,0.0
2025-10-07 00:00:00-04:00,3.5635023133718122,3.5734562211676044,3.483871051005478,3.4938249588012695,2565700,0.0,0.0
2025-10-08 00:00:00-04:00,3.4938249233718994,3.603317908015288,3.4838710156770456,3.5933640003204346,3174700,0.0,0.0
2025-10-09 00:00:00-04:00,3.573456116383276,3.6132719837188056,3.42414750382457,3.4440553188323975,2683800,0.0,0.0
2025-10-10 00:00:00-04:00,3.463963237098527,3.503778868301058,3.404239790294731,3.424147605895996,2606800,0.0,0.0
2025-10-13 00:00:00-04:00,3.434101514311341,3.473917145520999,3.3246082911649,3.3544700145721436,1945100,0.0,0.0
2025-10-14 00:00:00-04:00,3.3146543503615464,3.4241475724178647,3.294746534954921,3.3843319416046143,2774900,0.0,0.0
2025-10-15 00:00:00-04:00,3.4141937687006063,3.4141937687006063,3.33456226732889,3.364424228668213,1993000,0.0,0.0
2025-10-16 00:00:00-04:00,3.334562305574991,3.374378175377465,3.244977132489177,3.2648849487304688,2286300,0.0,0.0
2025-10-17 00:00:00-04:00,3.2449771004840287,3.2748388245514413,3.1852536523492034,3.225069284439087,2423400,0.0,0.0
2025-10-20 00:00:00-04:00,3.2350231243876224,3.244977032200635,3.1852535853225583,3.2151153087615967,2045300,0.0,0.0
2025-10-21 00:00:00-04:00,3.2051613334015094,3.225069148607988,3.135483980178833,3.135483980178833,1953300,0.0,0.0
2025-10-22 00:00:00-04:00,3.135484083102393,3.1653458068923346,3.0757603982026245,3.1155762672424316,2222300,0.0,0.0
2025-10-23 00:00:00-04:00,3.1354839793797766,3.1354839793797766,3.035944666052872,3.0658063888549805,2462900,0.0,0.0
2025-10-24 00:00:00-04:00,3.105621984959645,3.115576129770292,3.0658063549965533,3.095668077468872,1817500,0.0,0.0
2025-10-27 00:00:00-04:00,3.105622189308558,3.155391967357132,3.0956682811628213,3.125530242919922,1637100,0.0,0.0
2025-10-28 00:00:00-04:00,3.1056219864986168,3.2051612987755465,3.1056219864986168,3.1653456687927246,1547500,0.0,0.0
2025-10-29 00:00:00-04:00,3.165345737827306,3.1952074609656917,3.0060829771027033,3.035944700241089,2361000,0.0,0.0
2025-10-30 00:00:00-04:00,3.035944773496739,3.1056221291675805,2.8965900621550547,2.9065439701080322,3999100,0.0,0.0
2025-10-31 00:00:00-04:00,2.926451614737348,2.926451614737348,2.816958396343028,2.9164977073669434,3495200,0.0,0.0
2025-11-03 00:00:00-05:00,2.9065438337248763,2.9961290010980868,2.8766821112671397,2.8866360187530518,2675300,0.0,0.0
2025-11-04 00:00:00-05:00,2.8766821112671397,2.916497741210789,2.836866244003616,2.8866360187530518,1812500,0.0,0.0
2025-11-05 00:00:00-05:00,2.886636019714416,3.0259907245635986,2.8766821122251884,3.0259907245635986,1826000,0.0,0.0
2025-11-06 00:00:00-05:00,2.996129138900762,3.035944770675674,2.9264517832946657,2.9762213230133057,2601300,0.0,0.0
2025-11-07 00:00:00-05:00,2.9264516830444336,2.9662673134553983,2.6576959404505445,2.9264516830444336,5461600,0.0,0.0
2025-11-10 00:00:00-05:00,2.936405627836158,2.9662673510225743,2.617880343194505,2.6875576972961426,5331900,0.0,0.0
2025-11-11 00:00:00-05:00,2.68755759825151,2.906543797534805,2.6576958761655884,2.846820116043091,2651700,0.0,0.0
2025-11-12 00:00:00-05:00,2.8368662774680544,2.846820185071386,2.6477420330047607,2.6477420330047607,4574300,0.0,0.0
2025-11-13 00:00:00-05:00,2.6278342851073795,2.707465547973703,2.607926232070916,2.657696008682251,2907500,0.0,0.0
2025-11-14 00:00:00-05:00,2.677603686713062,2.7074654087524057,2.617880242634375,2.6377880573272705,2767000,0.0,0.0
2025-11-17 00:00:00-05:00,2.637788124914953,2.6477420325164487,2.5083870887756348,2.5083870887756348,3022500,0.0,0.0
2025-11-18 00:00:00-05:00,2.4984331814868086,2.5183409966922907,2.4387097358703613,2.4387097358703613,2203600,0.0,0.0
2025-11-19 00:00:00-05:00,2.4586176915194353,2.4586176915194353,2.309308831629472,2.3889403343200684,4972600,0.0,0.0
2025-11-20 00:00:00-05:00,2.408848153981578,2.448663786721787,2.3093088348111634,2.319262742996216,2113900,0.0,0.0
2025-11-21 00:00:00-05:00,2.3391705520580133,2.4884794116872015,2.3192627357501068,2.458617687225342,2624500,0.0,0.0
2025-11-24 00:00:00-05:00,2.438709769206515,2.4884793079005503,2.319262639020951,2.478525400161743,3852200,0.0,0.0
2025-11-25 00:00:00-05:00,2.4685714583696527,2.548202719181617,2.4685714583696527,2.5083870887756348,2652600,0.0,0.0
2025-11-26 00:00:00-05:00,2.5083872238555625,2.5979723970933004,2.4884794075805097,2.5282950401306152,2685300,0.0,0.0
2025-11-28 00:00:00-05:00,2.5382488801942658,2.5382488801942658,2.488479340841414,2.518341064453125,1121500,0.0,0.0
2025-12-01 00:00:00-05:00,2.488479340841414,2.548202788064836,2.458617617229703,2.518341064453125,3500600,0.0,0.0
2025-12-02 00:00:00-05:00,2.518341029865436,2.5581566608008766,2.4685714911961347,2.5482027530670166,2147400,0.0,0.0
2025-12-03 00:00:00-05:00,2.5681106291805915,2.787096841816749,2.5681106291805915,2.7671890258789062,2909000,0.0,0.0
2025-12-04 00:00:00-05:00,2.747281072192326,2.787096702071655,2.5979722228249678,2.6079261302948,2546600,0.0,0.0
2025-12-05 00:00:00-05:00,2.6079261302948,2.647741997494003,2.578064407885303,2.6079261302948,2841400,0.0,0.0
2025-12-08 00:00:00-05:00,2.5880183840024573,2.657695975459359,2.518341029865436,2.5482027530670166,5778900,0.0,0.0
2025-12-09 00:00:00-05:00,2.5183409966922907,2.528294904295032,2.3889401978566553,2.4387097358703613,3777800,0.0,0.0
2025-12-10 00:00:00-05:00,2.408848013062138,2.4884792738840673,2.359078237728555,2.4387097358703613,3176900,0.0,0.0
2025-12-11 00:00:00-05:00,2.4188019537289014,2.518341031116971,2.3690324150348663,2.478525400161743,4487600,0.0,0.0
2025-12-12 00:00:00-05:00,2.4785254375314376,2.4984332533092095,2.3690324507536924,2.378986358642578,2857500,0.0,0.0
2025-12-15 00:00:00-05:00,2.378986429426421,2.378986429426421,2.1898619365905354,2.319262742996216,7601000,0.0,0.0
2025-12-16 00:00:00-05:00,2.140092369360624,2.2296775419249713,2.1201845532352133,2.2097697257995605,8430500,0.0,0.0
2025-12-17 00:00:00-05:00,2.179907969423909,2.2296775090025607,2.1400923377609877,2.1699540615081787,6240700,0.0,0.0
2025-12-18 00:00:00-05:00,2.1898618748904632,2.2495853223180498,2.0803686506200036,2.239631414413452,8418600,0.0,0.0
2025-12-19 00:00:00-05:00,2.2296773703552413,2.249585184948781,2.140092204684314,2.2197234630584717,38682500,0.0,0.0
2025-12-22 00:00:00-05:00,2.209769690699659,2.279447046031843,2.1998157827950613,2.239631414413452,5023000,0.0,0.0
2025-12-23 00:00:00-05:00,2.179907833871393,2.249585184948781,2.140092204684314,2.2197234630584717,3906800,0.0,0.0
2025-12-24 00:00:00-05:00,2.22967747202474,2.2993548262792967,2.219723564274089,2.2694931030273438,1867700,0.0,0.0
2025-12-26 00:00:00-05:00,2.249585253940043,2.359078237562488,2.229677438735962,2.229677438735962,3424900,0.0,0.0
2025-12-29 00:00:00-05:00,2.179908037185669,2.2396314865365357,2.140092404285091,2.179908037185669,3571000,0.0,0.0
2025-12-30 00:00:00-05:00,2.1400922706237595,2.1998157162445464,2.1400922706237595,2.1600000858306885,3924500,0.0,0.0
2025-12-31 00:00:00-05:00,2.1600000858306885,2.200000047683716,2.1500000953674316,2.180000066757202,5483100,0.01,0.0
2026-01-02 00:00:00-05:00,2.200000047683716,2.259999990463257,2.109999895095825,2.140000104904175,4048500,0.0,0.0
2026-01-05 00:00:00-05:00,2.130000114440918,2.140000104904175,2.0299999713897705,2.0799999237060547,5115200,0.0,0.0
2026-01-06 00:00:00-05:00,2.059999942779541,2.0799999237060547,1.9800000190734863,2.0399999618530273,3861700,0.0,0.0
2026-01-07 00:00:00-05:00,2.009999990463257,2.0799999237060547,1.9900000095367432,1.9900000095367432,4110700,0.0,0.0
2026-01-08 00:00:00-05:00,2.0,2.0799999237060547,1.9700000286102295,2.059999942779541,2613400,0.0,0.0
2026-01-09 00:00:00-05:00,2.069999933242798,2.200000047683716,2.059999942779541,2.1600000858306885,3232100,0.0,0.0
2026-01-12 00:00:00-05:00,2.1600000858306885,2.1600000858306885,2.0799999237060547,2.0999999046325684,2095300,0.0,0.0
2026-01-13 00:00:00-05:00,2.0799999237060547,2.140000104904175,2.059999942779541,2.069999933242798,1252900,0.0,0.0
2026-01-14 00:00:00-05:00,2.049999952316284,2.1500000953674316,2.049999952316284,2.119999885559082,2041900,0.0,0.0
2026-01-15 00:00:00-05:00,2.119999885559082,2.240000009536743,2.109999895095825,2.2100000381469727,2981600,0.0,0.0
2026-01-16 00:00:00-05:00,2.190000057220459,2.3399999141693115,2.190000057220459,2.309999942779541,3562800,0.0,0.0
2026-01-20 00:00:00-05:00,2.2899999618530273,2.4600000381469727,2.25,2.430000066757202,4581200,0.0,0.0
2026-01-21 00:00:00-05:00,2.430000066757202,2.440000057220459,2.259999990463257,2.3399999141693115,3422100,0.0,0.0
2026-01-22 00:00:00-05:00,2.3499999046325684,2.380000114440918,2.2799999713897705,2.2899999618530273,1607100,0.0,0.0
2026-01-23 00:00:00-05:00,2.299999952316284,2.3399999141693115,2.25,2.309999942779541,2135200,0.0,0.0
2026-01-26 00:00:00-05:00,2.309999942779541,2.309999942779541,2.240000009536743,2.25,1627800,0.0,0.0
2026-01-27 00:00:00-05:00,2.240000009536743,2.319999933242798,2.190000057220459,2.309999942779541,1956600,0.0,0.0
2026-01-28 00:00:00-05:00,2.2899999618530273,2.3299999237060547,2.190000057220459,2.2100000381469727,2044400,0.0,0.0
2026-01-29 00:00:00-05:00,2.200000047683716,2.2300000190734863,2.190000057220459,2.2100000381469727,1577100,0.0,0.0
2026-01-30 00:00:00-05:00,2.200000047683716,2.2100000381469727,2.069999933242798,2.130000114440918,3900700,0.0,0.0
2026-02-02 00:00:00-05:00,2.119999885559082,2.1700000762939453,2.0799999237060547,2.0799999237060547,2364900,0.0,0.0
2026-02-03 00:00:00-05:00,2.069999933242798,2.109999895095825,2.0,2.059999942779541,2203300,0.0,0.0
2026-02-04 00:00:00-05:00,2.049999952316284,2.069999933242798,2.009999990463257,2.0399999618530273,2299800,0.0,0.0
2026-02-05 00:00:00-05:00,2.0199999809265137,2.049999952316284,1.9600000381469727,1.9700000286102295,2262700,0.0,0.0
2026-02-06 00:00:00-05:00,1.9800000190734863,2.0799999237060547,1.9600000381469727,2.059999942779541,2399700,0.0,0.0
2026-02-09 00:00:00-05:00,2.0399999618530273,2.049999952316284,1.909999966621399,1.9199999570846558,2274600,0.0,0.0
2026-02-10 00:00:00-05:00,1.909999966621399,1.9500000476837158,1.8600000143051147,1.8600000143051147,1966600,0.0,0.0
2026-02-11 00:00:00-05:00,1.8799999952316284,1.8899999856948853,1.8300000429153442,1.8300000429153442,1973600,0.0,0.0
2026-02-12 00:00:00-05:00,1.8300000429153442,1.840000033378601,1.649999976158142,1.659999966621399,3952000,0.0,0.0
2026-02-13 00:00:00-05:00,1.659999966621399,1.7400000095367432,1.659999966621399,1.690000057220459,2739100,0.0,0.0
2026-02-17 00:00:00-05:00,1.7000000476837158,1.75,1.6699999570846558,1.7400000095367432,2860800,0.0,0.0
2026-02-18 00:00:00-05:00,1.7200000286102295,1.8300000429153442,1.6699999570846558,1.7899999618530273,2358100,0.0,0.0
2026-02-19 00:00:00-05:00,1.7599999904632568,1.7899999618530273,1.7200000286102295,1.75,1484900,0.0,0.0
2026-02-20 00:00:00-05:00,1.7300000190734863,1.7899999618530273,1.7200000286102295,1.7599999904632568,1651000,0.0,0.0
2026-02-23 00:00:00-05:00,1.75,1.7799999713897705,1.6799999475479126,1.690000057220459,1491200,0.0,0.0
2026-02-24 00:00:00-05:00,1.690000057220459,1.7300000190734863,1.649999976158142,1.659999966621399,1993600,0.0,0.0
2026-02-25 00:00:00-05:00,1.6699999570846558,1.6799999475479126,1.6100000143051147,1.659999966621399,1757100,0.0,0.0
2026-02-26 00:00:00-05:00,1.6399999856948853,1.7100000381469727,1.6100000143051147,1.6299999952316284,3109200,0.0,0.0
2026-02-27 00:00:00-05:00,1.559999942779541,1.899999976158142,1.5499999523162842,1.850000023841858,9327700,0.0,0.0
2026-03-02 00:00:00-05:00,1.7899999618530273,2.140000104904175,1.7699999809265137,2.059999942779541,6223000,0.0,0.0
2026-03-03 00:00:00-05:00,2.0199999809265137,2.0899999141693115,1.850000023841858,2.0199999809265137,3578319,0.0,0.0
