Date,Open,High,Low,Close,Volume,Dividends,Stock Splits
2022-01-03 00:00:00-05:00,18.95250004638967,19.081624035123312,18.837723471569703,18.866416931152344,72300,0.0,0.0
2022-01-04 00:00:00-05:00,18.895111043127844,18.938151914993533,18.75163964591603,18.78033447265625,28900,0.0,0.0
2022-01-05 00:00:00-05:00,18.765986955639242,18.773160662284678,18.471871824399635,18.493392944335938,76100,0.0,0.0
2022-01-06 00:00:00-05:00,18.644044867181897,18.85925205632494,18.457532517222692,18.758821487426758,67800,0.0,0.0
2022-01-07 00:00:00-05:00,18.916631930400573,19.153358775115727,18.830548819483866,19.081623077392578,94200,0.0,0.0
2022-01-10 00:00:00-05:00,18.974019902242556,19.28248107135286,18.966846195764,19.153358459472656,74600,0.0,0.0
2022-01-11 00:00:00-05:00,19.099284391561362,19.243484900542665,19.012765186330956,19.200223922729492,31100,0.135,0.0
2022-01-12 00:00:00-05:00,19.20022713491473,19.26511723729259,19.07765709433413,19.185808181762695,44800,0.0,0.0
2022-01-13 00:00:00-05:00,19.12813093750339,19.351640557617607,19.034400165224323,19.04882049560547,32400,0.0,0.0
2022-01-14 00:00:00-05:00,19.041608247046845,19.301168664715078,18.73157805376496,18.74599838256836,48400,0.0,0.0
2022-01-18 00:00:00-05:00,18.782046090227755,18.84693618863622,18.14035664507529,18.190826416015625,204000,0.0,0.0
2022-01-19 00:00:00-05:00,18.169196519732914,18.277346220703144,18.08267593383789,18.08267593383789,65300,0.0,0.0
2022-01-20 00:00:00-05:00,18.13314625802476,18.35665583023569,18.02499655374193,18.046627044677734,66300,0.0,0.0
2022-01-21 00:00:00-05:00,18.046628208418888,18.183617200918462,17.65728759765625,17.65728759765625,90600,0.0,0.0
2022-01-24 00:00:00-05:00,17.5275019745143,17.62123270376713,16.748822368957207,17.31841278076172,237000,0.0,0.0
2022-01-25 00:00:00-05:00,17.130962212739625,17.98895270035337,17.130962212739625,17.743812561035156,545100,0.0,0.0
2022-01-26 00:00:00-05:00,17.859166528058065,17.960106066505844,17.650075912475586,17.650075912475586,59500,0.0,0.0
2022-01-27 00:00:00-05:00,17.765436358044212,17.902426718409767,17.570767438280452,17.57797622680664,64500,0.0,0.0
2022-01-28 00:00:00-05:00,17.635657877566246,17.74380896875711,17.419358445581015,17.642868041992188,86000,0.0,0.0
2022-01-31 00:00:00-05:00,17.650069745114514,17.981730273721123,17.63564942317562,17.967309951782227,110500,0.0,0.0
2022-02-01 00:00:00-05:00,17.931271762336543,18.025001163298374,17.72218108874702,17.90964126586914,82000,0.0,0.0
2022-02-02 00:00:00-05:00,17.909630371944736,17.99614955479025,17.779850222478853,17.8375301361084,71800,0.0,0.0
2022-02-03 00:00:00-05:00,17.65728949187965,17.808700204040754,17.563560098788173,17.570770263671875,53500,0.0,0.0
2022-02-04 00:00:00-05:00,17.484245672529394,17.606815697200407,17.32562620686021,17.35446548461914,46200,0.0,0.0
2022-02-07 00:00:00-05:00,17.325632304291986,17.412151543215632,17.21748119283967,17.2607421875,49000,0.0,0.0
2022-02-08 00:00:00-05:00,17.224686776171055,17.224686776171055,17.001177197349065,17.030017852783203,69000,0.0,0.0
2022-02-09 00:00:00-05:00,17.167003355024086,17.188633842207977,16.871393572833593,16.90023422241211,121600,0.0,0.0
2022-02-10 00:00:00-05:00,16.835344880844357,16.921864083011744,16.68393421425454,16.76324462890625,108900,0.0,0.0
2022-02-11 00:00:00-05:00,16.74882270041775,16.74882270041775,16.51089285443326,16.54694366455078,80400,0.0,0.0
2022-02-14 00:00:00-05:00,16.510889598494913,16.575779668712375,16.402739939864976,16.43878936767578,89400,0.0,0.0
2022-02-15 00:00:00-05:00,16.485936552647118,16.623742835644286,16.35538337753284,16.536706924438477,113300,0.135,0.0
2022-02-16 00:00:00-05:00,16.50769963092329,16.62374661666633,16.485940302325524,16.587482452392578,63400,0.0,0.0
2022-02-17 00:00:00-05:00,16.500449649446825,16.70353260469099,16.427919923760378,16.43517303466797,60900,0.0,0.0
2022-02-18 00:00:00-05:00,16.39165224209405,16.529458553046073,16.39165224209405,16.413410186767578,38000,0.0,0.0
2022-02-22 00:00:00-05:00,16.326377122882818,16.406159949630307,16.224836349487305,16.224836349487305,82500,0.0,0.0
2022-02-23 00:00:00-05:00,16.232090047335667,16.304619772878738,16.123296150715788,16.1740665435791,61100,0.0,0.0
2022-02-24 00:00:00-05:00,15.956477679567834,16.16681373118903,15.891201069298454,16.152307510375977,192900,0.0,0.0
2022-02-25 00:00:00-05:00,16.152298470247928,16.35537991441249,16.130539151206616,16.333621978759766,59600,0.0,0.0
2022-02-28 00:00:00-05:00,16.24659371638107,16.427917310053605,16.217582660755866,16.275606155395508,55700,0.0,0.0
2022-03-01 00:00:00-05:00,16.253841650424185,16.362635495306638,16.253841650424185,16.282854080200195,69300,0.0,0.0
2022-03-02 00:00:00-05:00,16.34813983530126,16.435174406679096,16.304621166222773,16.427921295166016,61200,0.0,0.0
2022-03-03 00:00:00-05:00,16.44967105810689,16.5367055788418,16.42791173622878,16.48593521118164,48400,0.0,0.0
2022-03-04 00:00:00-05:00,16.38440239351686,16.471436956310654,16.340885112119963,16.398908615112305,37300,0.0,0.0
2022-03-07 00:00:00-05:00,16.31186957505233,16.355386848195295,15.9927396774292,15.9927396774292,71600,0.0,0.0
2022-03-08 00:00:00-05:00,15.95647961728565,16.16681569444957,15.95647961728565,16.09428596496582,81300,0.0,0.0
2022-03-09 00:00:00-05:00,16.181321071851617,16.239344580690666,16.036262991448776,16.101539611816406,56500,0.0,0.0
2022-03-10 00:00:00-05:00,16.058017151297665,16.174064141576714,15.985488819915194,16.108787536621094,53000,0.0,0.0
2022-03-11 00:00:00-05:00,16.195819105589802,16.217578429173063,16.007242451368153,16.0362548828125,51300,0.0,0.0
2022-03-14 00:00:00-04:00,15.985489808568554,15.985489808568554,15.41975965842759,15.535806655883789,121800,0.0,0.0
2022-03-15 00:00:00-04:00,15.568652707998243,15.787620544433592,15.568652707998243,15.787620544433594,74000,0.135,0.0
2022-03-16 00:00:00-04:00,15.84601503629547,16.057685191144643,15.816819968964024,15.984695434570312,51900,0.0,0.0
2022-03-17 00:00:00-04:00,15.962792006103449,16.16716155820062,15.962792006103449,16.101470947265625,62300,0.0,0.0
2022-03-18 00:00:00-04:00,16.079579433234677,16.2182584125878,16.079579433234677,16.116073608398438,38400,0.0,0.0
2022-03-21 00:00:00-04:00,16.064976782152034,16.15986244674527,16.04307944778598,16.101470947265625,110700,0.0,0.0
2022-03-22 00:00:00-04:00,16.057677670696684,16.17446066965597,16.021183505583092,16.101470947265625,77800,0.0,0.0
2022-03-23 00:00:00-04:00,16.086877822875977,16.159866169919407,16.035784030916698,16.086877822875977,80300,0.0,0.0
2022-03-24 00:00:00-04:00,16.0868763326128,16.145267840136338,16.057679882769357,16.10877227783203,73400,0.0,0.0
2022-03-25 00:00:00-04:00,16.1160745878209,16.130672815639,16.06498218262118,16.09417724609375,60900,0.0,0.0
2022-03-28 00:00:00-04:00,16.13066291809082,16.14526113695166,16.057673215949407,16.13066291809082,56200,0.0,0.0
2022-03-29 00:00:00-04:00,16.159868792432576,16.48102286176357,16.159868792432576,16.459125518798828,87500,0.0,0.0
2022-03-30 00:00:00-04:00,16.422632352508227,16.7145899825645,16.422632352508227,16.597806930541992,61400,0.0,0.0
2022-03-31 00:00:00-04:00,16.626994613779342,16.780271766596655,16.605097281021273,16.72917938232422,96500,0.0,0.0
2022-04-01 00:00:00-04:00,16.729181427104912,16.860562655385728,16.729181427104912,16.845964431762695,56300,0.0,0.0
2022-04-04 00:00:00-04:00,16.8751648107314,16.999246956110436,16.86786569721927,16.962751388549805,59500,0.0,0.0
2022-04-05 00:00:00-04:00,16.94814674647044,16.991941410966447,16.634293337227213,16.663488388061523,57100,0.0,0.0
2022-04-06 00:00:00-04:00,16.63430236755909,16.72918807448538,16.393435758559885,16.422632217407227,66500,0.0,0.0
2022-04-07 00:00:00-04:00,16.364239768417935,16.554012563725134,16.335043311218197,16.400733947753906,65300,0.0,0.0
2022-04-08 00:00:00-04:00,16.451819984811056,16.517509198186605,16.34963382499377,16.38612937927246,51000,0.0,0.0
2022-04-11 00:00:00-04:00,16.38613781440379,16.38613781440379,16.028488159179688,16.028488159179688,120200,0.0,0.0
2022-04-12 00:00:00-04:00,16.120287039028813,16.274512342079742,16.024813031714142,16.076221466064453,95000,0.135,0.0
2022-04-13 00:00:00-04:00,16.032160812558097,16.171699022687715,15.980752366924838,16.010128021240234,105200,0.0,0.0
2022-04-14 00:00:00-04:00,15.980748558280952,16.054189777729047,15.833866119384766,15.833866119384766,48400,0.0,0.0
2022-04-18 00:00:00-04:00,15.804491092290379,15.929340750019222,15.767769780737892,15.782458305358887,71600,0.0,0.0
2022-04-19 00:00:00-04:00,15.73840291239066,15.870596906178214,15.73840291239066,15.863252639770508,74000,0.0,0.0
2022-04-20 00:00:00-04:00,15.892613734175507,15.973399189820077,15.833861057554268,15.958710670471191,65900,0.0,0.0
2022-04-21 00:00:00-04:00,16.03215630281144,16.03215630281144,15.870586747587565,15.914650917053223,60200,0.0,0.0
2022-04-22 00:00:00-04:00,15.855893836577597,15.966054930145633,15.855893836577597,15.958710670471191,87500,0.0,0.0
2022-04-25 00:00:00-04:00,15.797152176471279,15.936690406047347,15.760430852490588,15.907313346862793,59200,0.0,0.0
2022-04-26 00:00:00-04:00,15.826521857362481,15.980748558280952,15.819178996114948,15.833866119384766,34900,0.0,0.0
2022-04-27 00:00:00-04:00,15.936678968100153,16.01011876180235,15.863237773623684,15.892613410949707,151100,0.0,0.0
2022-04-28 00:00:00-04:00,15.95137181326424,15.95137181326424,15.76776946154298,15.89996337890625,41100,0.0,0.0
2022-04-29 00:00:00-04:00,15.899967238793296,15.899967238793296,15.71636484250059,15.723709106445312,49900,0.0,0.0
2022-05-02 00:00:00-04:00,15.620882717282392,15.657602613909912,15.42259191363554,15.525408744812012,109300,0.0,0.0
2022-05-03 00:00:00-04:00,15.518067995200667,15.672294677622556,15.496036612550814,15.64291763305664,60700,0.0,0.0
2022-05-04 00:00:00-04:00,15.591514228782966,15.767772350637799,15.444633160958125,15.716363906860352,85600,0.0,0.0
2022-05-05 00:00:00-04:00,15.60620019115206,15.664952888781876,15.422597835962037,15.44463062286377,50600,0.0,0.0
2022-05-06 00:00:00-04:00,15.444630954132078,15.554792089453953,15.378533992783987,15.496039390563965,55600,0.0,0.0
2022-05-09 00:00:00-04:00,15.422594395436434,15.481347079959498,15.275711983741528,15.290400505065918,70800,0.0,0.0
2022-05-10 00:00:00-04:00,15.382804746387015,15.58238977424879,15.146260154810232,15.17582893371582,107900,0.135,0.0
2022-05-11 00:00:00-04:00,15.079726744458217,15.271919513004805,15.05015938540609,15.131470680236816,48000,0.0,0.0
2022-05-12 00:00:00-04:00,15.005809081696006,15.242355048617823,14.961457329736753,15.064945220947266,116300,0.0,0.0
2022-05-13 00:00:00-04:00,15.07972537784797,15.30887767692176,15.07972537784797,15.249741554260254,77700,0.0,0.0
2022-05-16 00:00:00-04:00,15.294099248484361,15.331058807412054,15.1240816116333,15.1240816116333,76900,0.0,0.0
2022-05-17 00:00:00-04:00,15.212788497430825,15.29410122950421,15.168436738989422,15.17582893371582,48800,0.0,0.0
2022-05-18 00:00:00-04:00,15.1462515731086,15.227564259111103,15.05754810648422,15.109292030334473,70800,0.0,0.0
2022-05-19 00:00:00-04:00,15.00580665642319,15.220176007760129,15.00580665642319,15.146255493164062,51300,0.0,0.0
2022-05-20 00:00:00-04:00,15.168428144722787,15.205387687496916,15.02797934433197,15.109292030334473,65300,0.0,0.0
2022-05-23 00:00:00-04:00,15.10190918895298,15.198004905605513,14.998421277186091,15.153653144836426,53200,0.0,0.0
2022-05-24 00:00:00-04:00,15.15365274579635,15.15365274579635,14.850579803673783,15.07234001159668,119500,0.0,0.0
2022-05-25 00:00:00-04:00,15.109299289428911,15.338451666537816,15.035378758450177,15.264531135559082,87400,0.0,0.0
2022-05-26 00:00:00-04:00,15.227571280839141,15.501075407284581,15.168435139182005,15.404979705810547,173100,0.0,0.0
2022-05-27 00:00:00-04:00,15.493683675957106,15.730229659565405,15.441939726701715,15.656309127807617,96800,0.0,0.0
2022-05-31 00:00:00-04:00,15.648915844177615,15.671092425136102,15.47150742626005,15.50107479095459,56500,0.0,0.0
2022-06-01 00:00:00-04:00,15.567606155167423,15.663703281449022,15.44194165843406,15.52325439453125,86000,0.0,0.0
2022-06-02 00:00:00-04:00,15.597171256003575,15.648915199525025,15.508466345740578,15.611955642700195,47600,0.0,0.0
2022-06-03 00:00:00-04:00,15.478905871196568,15.49368885455568,15.301497381631123,15.316280364990234,76500,0.0,0.0
2022-06-06 00:00:00-04:00,15.441941285284152,15.456725675111297,15.3014938116773,15.375412940979004,38900,0.0,0.0
2022-06-07 00:00:00-04:00,15.353239990358194,15.619351996213046,15.353239990358194,15.589784622192383,64600,0.0,0.0
2022-06-08 00:00:00-04:00,15.604567500593408,15.671095848083496,15.51586256730093,15.671095848083496,78500,0.0,0.0
2022-06-09 00:00:00-04:00,15.671087937564856,15.671087937564856,15.412366873470289,15.47889518737793,75400,0.0,0.0
2022-06-10 00:00:00-04:00,15.345847616671543,15.404983773945304,15.190614322629669,15.227575302124023,62800,0.0,0.0
2022-06-13 00:00:00-04:00,15.07973338244214,15.07973338244214,14.673172499573987,14.724916458129883,89600,0.0,0.0
2022-06-14 00:00:00-04:00,14.795620273395066,14.907258387631716,14.758408515007911,14.825390815734863,83200,0.135,0.0
2022-06-15 00:00:00-04:00,14.825384772758738,14.92213615685106,14.736074601680663,14.795614242553711,278300,0.0,0.0
2022-06-16 00:00:00-04:00,14.654208203309866,14.736074320738904,14.140677923359608,14.185332298278809,183100,0.0,0.0
2022-06-17 00:00:00-04:00,14.311853253187891,14.341623780834713,14.058809446337468,14.096022605895996,117400,0.0,0.0
2022-06-21 00:00:00-04:00,14.207665661588175,14.274647959505408,14.043931944200233,14.066258430480957,224200,0.0,0.0
2022-06-22 00:00:00-04:00,14.006716550454904,14.200220778300498,14.006716550454904,14.081141471862793,91300,0.0,0.0
2022-06-23 00:00:00-04:00,14.125798517024371,14.237435210390672,14.081144123585364,14.177895545959473,100400,0.0,0.0
2022-06-24 00:00:00-04:00,14.237430415812646,14.341625858131705,14.177890771431938,14.289528846740723,111600,0.0,0.0
2022-06-27 00:00:00-04:00,14.326745091502726,14.326745091502726,14.163011372919067,14.192780494689941,79900,0.0,0.0
2022-06-28 00:00:00-04:00,14.289528200641149,14.408607484018406,14.244872404721903,14.296969413757324,129800,0.0,0.0
2022-06-29 00:00:00-04:00,14.319300419031148,14.587229574539604,14.319300419031148,14.550016403198242,147300,0.0,0.0
2022-06-30 00:00:00-04:00,14.572337656674833,14.736071277253494,14.47558629440942,14.728630065917969,211900,0.0,0.0
2022-07-01 00:00:00-04:00,14.669095035683878,14.788175758945327,14.64676855344639,14.713750839233398,70500,0.0,0.0
2022-07-05 00:00:00-04:00,14.691423096856823,14.706308364868164,14.557458523829325,14.706308364868164,66000,0.0,0.0
2022-07-06 00:00:00-04:00,14.736078136613935,14.780733942633644,14.616998826302751,14.65421199798584,81800,0.0,0.0
2022-07-07 00:00:00-04:00,14.661653837812898,14.698865587942146,14.624440668146375,14.646768569946289,52900,0.0,0.0
2022-07-08 00:00:00-04:00,14.661651115242114,14.795614242553711,14.639323217588341,14.795614242553711,42400,0.0,0.0
2022-07-11 00:00:00-04:00,14.79561518781149,14.922137110192034,14.773288708268343,14.862597465515137,123600,0.0,0.0
2022-07-12 00:00:00-04:00,14.911303169860984,14.978741340026684,14.836371710877017,14.881331443786621,75500,0.135,0.0
2022-07-13 00:00:00-04:00,14.813897548593745,14.963759080609792,14.753952649947504,14.93378734588623,76100,0.0,0.0
2022-07-14 00:00:00-04:00,14.903808509675283,14.903808509675283,14.738960458437944,14.86634349822998,49500,0.0,0.0
2022-07-15 00:00:00-04:00,14.963752930164016,14.963752930164016,14.761439873637705,14.918794631958008,320700,0.0,0.0
2022-07-18 00:00:00-04:00,14.986233006115137,14.986233006115137,14.529152442085088,14.63405704498291,92800,0.0,0.0
2022-07-19 00:00:00-04:00,14.716483235160714,14.918797763350518,14.671524927518146,14.911304473876953,68900,0.0,0.0
2022-07-20 00:00:00-04:00,14.948766349833896,15.061162799168311,14.8288766133174,15.03868293762207,39100,0.0,0.0
2022-07-21 00:00:00-04:00,15.05366833230027,15.233502922982213,14.993723468739622,15.21851634979248,64400,0.0,0.0
2022-07-22 00:00:00-04:00,15.218525337457535,15.26348508357879,15.121115412593072,15.128608703613281,53100,0.0,0.0
2022-07-25 00:00:00-04:00,15.241001049303303,15.270972776001903,15.136097862060103,15.203536033630371,81400,0.0,0.0
2022-07-26 00:00:00-04:00,15.25599322811832,15.285964965820314,15.188555031789761,15.285964965820312,50200,0.0,0.0
2022-07-27 00:00:00-04:00,15.39835782365718,15.548220764147812,15.360892803133984,15.518247604370117,42400,0.0,0.0
2022-07-28 00:00:00-04:00,15.518249531232897,15.847947183730678,15.42083960825808,15.780508995056152,45900,0.0,0.0
2022-07-29 00:00:00-04:00,15.885406219008052,16.140172272970897,15.885406219008052,16.132678985595703,51300,0.0,0.0
2022-08-01 00:00:00-04:00,16.24507885065363,16.349982037547928,16.18513396825707,16.290037155151367,155600,0.0,0.0
2022-08-02 00:00:00-04:00,16.30502333287047,16.30502333287047,15.847942722565783,15.930367469787598,101600,0.0,0.0
2022-08-03 00:00:00-04:00,15.937857359805099,16.065240383256793,15.930364072637541,15.945350646972656,45500,0.0,0.0
2022-08-04 00:00:00-04:00,15.945353216272729,16.06524297187489,15.750532006119554,15.90039348602295,123200,0.0,0.0
2022-08-05 00:00:00-04:00,15.840449712312434,15.885409445695938,15.660615066374584,15.750533103942871,64000,0.0,0.0
2022-08-08 00:00:00-04:00,15.810478164421664,15.945354507697477,15.802984875439813,15.87791633605957,29400,0.0,0.0
2022-08-09 00:00:00-04:00,15.930366785585221,16.09521484375,15.750532150533106,16.09521484375,50800,0.0,0.0
2022-08-10 00:00:00-04:00,16.110204641986513,16.282546023055836,16.005301441196302,16.177642822265625,73600,0.0,0.0
2022-08-11 00:00:00-04:00,16.1851314275201,16.334992895386925,16.177638139746986,16.215103149414062,38100,0.0,0.0
2022-08-12 00:00:00-04:00,16.290032244700416,16.42490854673538,16.222594093682936,16.38744354248047,30100,0.0,0.0
2022-08-15 00:00:00-04:00,16.424910128291142,16.54479986848901,16.33499210854352,16.409923553466797,85700,0.0,0.0
2022-08-16 00:00:00-04:00,16.47400723975364,16.511704620940698,16.406150803166607,16.4136905670166,35000,0.135,0.0
2022-08-17 00:00:00-04:00,16.406159743284206,16.451396912972097,15.968863268131406,16.262907028198242,70500,0.0,0.0
2022-08-18 00:00:00-04:00,16.285520505329508,16.285520505329508,16.059331861689977,16.074411392211914,21900,0.0,0.0
2022-08-19 00:00:00-04:00,16.06688053576845,16.240292356798346,15.855772743658287,15.946247100830078,57400,0.0,0.0
2022-08-22 00:00:00-04:00,15.92363717035787,15.976414144700883,15.765304809264133,15.84070110321045,28000,0.0,0.0
2022-08-23 00:00:00-04:00,15.757754891412375,16.006561494611272,15.704977951046514,15.91608715057373,48000,0.0,0.0
2022-08-24 00:00:00-04:00,15.893467236964511,16.066877588116316,15.720056885812705,15.772833824157715,42800,0.0,0.0
2022-08-25 00:00:00-04:00,15.90854638521917,15.90854638521917,15.493867780500226,15.531566619873047,67300,0.0,0.0
2022-08-26 00:00:00-04:00,15.576803205967963,15.591882741152615,15.335536395268008,15.373233795166016,68400,0.0,0.0
2022-08-29 00:00:00-04:00,15.395853097942997,15.441090265433331,15.335536395268008,15.373233795166016,41400,0.0,0.0
2022-08-30 00:00:00-04:00,15.471245157945345,15.516482313219832,15.229978412397097,15.305373191833496,54500,0.0,0.0
2022-08-31 00:00:00-04:00,15.350617210496088,15.493868492504728,15.22998379508684,15.23752212524414,53000,0.0,0.0
2022-09-01 00:00:00-04:00,15.275216596875117,15.275216596875117,14.96609337855562,15.041489601135254,81600,0.0,0.0
2022-09-02 00:00:00-04:00,15.049030159664568,15.26013932656493,15.049030159664568,15.10934829711914,59200,0.0,0.0
2022-09-06 00:00:00-04:00,15.192284911924865,15.192284911924865,14.996255252911569,15.056571960449219,47100,0.0,0.0
2022-09-07 00:00:00-04:00,15.116887882704827,15.19228412272619,14.966096840725768,14.981176376342773,54000,0.0,0.0
2022-09-08 00:00:00-04:00,15.003795951989176,15.154588449220759,15.003795951989176,15.064112663269043,48600,0.0,0.0
2022-09-09 00:00:00-04:00,15.109350337850437,15.162127277187912,15.011334789311917,15.056571960449219,54000,0.0,0.0
2022-09-12 00:00:00-04:00,15.109347484491238,15.222441110008939,15.041491021567923,15.049029350280762,42200,0.0,0.0
2022-09-13 00:00:00-04:00,15.02246736810102,15.227421598793457,14.931375472793727,15.113557815551758,54300,0.135,0.0
2022-09-14 00:00:00-04:00,15.212237763147277,15.29573708187345,15.045236229982402,15.181873321533203,69300,0.0,0.0
2022-09-15 00:00:00-04:00,15.121143063920663,15.204643814918352,15.037642312922973,15.105960845947266,46900,0.0,0.0
2022-09-16 00:00:00-04:00,15.052823645768886,15.098368849154959,14.931368804835417,15.007278442382812,67100,0.0,0.0
2022-09-19 00:00:00-04:00,14.938964882000171,15.068010874394018,14.938964882000171,15.04523754119873,43100,0.0,0.0
2022-09-20 00:00:00-04:00,15.030050622850489,15.052823948930131,14.885823901247237,14.946551322937012,38100,0.0,0.0
2022-09-21 00:00:00-04:00,14.954144210185873,15.113553168134693,14.64291595602818,14.680870056152344,122200,0.0,0.0
2022-09-22 00:00:00-04:00,14.718826111212318,14.718826111212318,14.38482593176109,14.42278003692627,71700,0.0,0.0
2022-09-23 00:00:00-04:00,14.354462360589142,14.475917241916994,14.073598490464633,14.157097816467285,130000,0.0,0.0
2022-09-26 00:00:00-04:00,14.134325617702213,14.278552381170586,13.967324073687355,14.035642623901367,67700,0.0,0.0
2022-09-27 00:00:00-04:00,14.103959849266282,14.111550959449923,13.891413107693017,13.990096092224121,103400,0.0,0.0
2022-09-28 00:00:00-04:00,14.058411904204126,14.248185278349897,13.974911156266085,14.202638626098633,64000,0.0,0.0
2022-09-29 00:00:00-04:00,14.19504891366029,14.19504891366029,13.732001419113452,13.815502166748047,143500,0.0,0.0
2022-09-30 00:00:00-04:00,13.8534591716227,13.936959936793054,13.686459089138236,13.739595413208008,102000,0.0,0.0
2022-10-03 00:00:00-04:00,13.830684426102296,14.134323014624943,13.830684426102296,14.050822257995605,112500,0.0,0.0
2022-10-04 00:00:00-04:00,14.255776223715824,14.392411835336217,14.134321381482636,14.270956993103027,119100,0.0,0.0
2022-10-05 00:00:00-04:00,14.179869926091603,14.248188471925411,14.04323283442399,14.195052146911621,77200,0.0,0.0
2022-10-06 00:00:00-04:00,14.278549268880713,14.331685585719207,14.141912198235417,14.1798677444458,79100,0.0,0.0
2022-10-07 00:00:00-04:00,14.157097886847177,14.17987122015551,13.663687248017814,13.71682357788086,136300,0.0,0.0
2022-10-10 00:00:00-04:00,13.73959449479177,13.823093806524412,13.663684844970703,13.663684844970703,66500,0.0,0.0
2022-10-11 00:00:00-04:00,13.766934839735246,14.042274003344962,13.65985914668565,13.981087684631348,154100,0.135,0.0
2022-10-12 00:00:00-04:00,13.912255272514638,14.034627930865744,13.874012905031694,14.011682510375977,57200,0.0,0.0
2022-10-13 00:00:00-04:00,13.78223318314308,14.111110226661802,13.759287764247453,14.042275428771973,50300,0.0,0.0
2022-10-14 00:00:00-04:00,14.103461748730107,14.103461748730107,13.904605828095859,14.04992389678955,60400,0.0,0.0
2022-10-17 00:00:00-04:00,14.134051810118201,14.202886596433453,13.843417180295768,13.935195922851562,106400,0.0,0.0
2022-10-18 00:00:00-04:00,13.99638466210559,14.01933008111782,13.70574998193601,13.75928783416748,81300,0.0,0.0
2022-10-19 00:00:00-04:00,13.69810008796612,13.78223182348653,13.552782033557296,13.598672866821289,65600,0.0,0.0
2022-10-20 00:00:00-04:00,13.652214004240943,13.83577300515141,13.613971633969639,13.782235145568848,95500,0.0,0.0
2022-10-21 00:00:00-04:00,13.713397951603563,13.950494770839272,13.67515558798683,13.851067543029785,82100,0.0,0.0
2022-10-24 00:00:00-04:00,13.85871646377468,14.095813290675203,13.85871646377468,14.026978492736816,69800,0.0,0.0
2022-10-25 00:00:00-04:00,14.095816561173592,14.332913443085117,14.095816561173592,14.218189239501953,81900,0.0,0.0
2022-10-26 00:00:00-04:00,14.256425355006318,14.570005420005717,14.218184452951524,14.355854034423828,89100,0.0,0.0
2022-10-27 00:00:00-04:00,14.37880276143011,14.516472388565928,14.264078558416058,14.363507270812988,115200,0.0,0.0
2022-10-28 00:00:00-04:00,14.43233492174698,14.59294843449618,14.309960845961402,14.524113655090332,114300,0.0,0.0
2022-10-31 00:00:00-04:00,14.570005874204183,14.638840667086157,14.424689274828415,14.554710388183594,74900,0.0,0.0
2022-11-01 00:00:00-04:00,14.646494395975086,14.730626163868648,14.562364086878997,14.608253479003906,90100,0.0,0.0
2022-11-02 00:00:00-04:00,14.577651977442724,14.799453264858885,14.50116872458209,14.71532154083252,117500,0.0,0.0
2022-11-03 00:00:00-04:00,14.623549978921826,14.661790894715226,14.432342482359967,14.547066688537598,81300,0.0,0.0
2022-11-04 00:00:00-04:00,14.570013598719875,14.615904457502232,14.355862092926433,14.424696922302246,84800,0.0,0.0
2022-11-07 00:00:00-05:00,14.417047021297673,14.562365142154217,14.371157625847346,14.447639465332031,93500,0.0,0.0
2022-11-08 00:00:00-05:00,14.524119383046413,14.730623802704224,14.455284576493808,14.516470909118652,83200,0.0,0.0
2022-11-09 00:00:00-05:00,14.501170629269565,14.501170629269565,14.332908617912809,14.355854034423828,77700,0.0,0.0
2022-11-10 00:00:00-05:00,14.623545660593468,14.692378996935641,14.508820029496851,14.600600242614746,171600,0.0,0.0
2022-11-11 00:00:00-05:00,14.608245846417926,14.64648674340882,14.40938997271252,14.478224754333496,149500,0.0,0.0
2022-11-14 00:00:00-05:00,14.5394139796549,14.547062452345783,14.28702021604372,14.317612648010254,137300,0.0,0.0
2022-11-15 00:00:00-05:00,14.475544396680393,14.637324648007265,14.4447282710598,14.537175178527832,147900,0.135,0.0
2022-11-16 00:00:00-05:00,14.467840729075885,14.544878106277014,14.359985756085495,14.406209945678711,130300,0.0,0.0
2022-11-17 00:00:00-05:00,14.359985756085495,14.437024602680406,14.229020157692277,14.406209945678711,141700,0.0,0.0
2022-11-18 00:00:00-05:00,14.44472549270462,14.514060292621078,14.398502782558134,14.46013355255127,135800,0.0,0.0
2022-11-21 00:00:00-05:00,14.521766060149247,14.668139707419858,14.467839313626822,14.660435676574707,129400,0.0,0.0
2022-11-22 00:00:00-05:00,14.72976852269788,14.775991232218024,14.560282805468281,14.75287914276123,178100,0.0,0.0
2022-11-23 00:00:00-05:00,14.698955285687015,14.806808785513768,14.660436598432813,14.706659317016602,104700,0.0,0.0
2022-11-25 00:00:00-05:00,14.645027438622407,14.745176899616744,14.591100692749023,14.591100692749023,40500,0.0,0.0
2022-11-28 00:00:00-05:00,14.583397970520053,14.79140241131838,14.544877813301612,14.74517822265625,225100,0.0,0.0
2022-11-29 00:00:00-05:00,14.77599370436543,14.79140176658119,14.560285241525856,14.645028114318848,113900,0.0,0.0
2022-11-30 00:00:00-05:00,14.698952093809776,14.84532571849943,14.64502535560659,14.837621688842773,148900,0.0,0.0
2022-12-01 00:00:00-05:00,14.883845936885468,15.13807306427723,14.876141906431952,15.014811515808105,146100,0.0,0.0
2022-12-02 00:00:00-05:00,14.999402982324447,15.099553905671197,14.845326786289206,14.983996391296387,149700,0.0,0.0
2022-12-05 00:00:00-05:00,14.945482074967929,14.960890141404828,14.66044019285577,14.668144226074219,69800,0.0,0.0
2022-12-06 00:00:00-05:00,14.752881534149687,14.860736499704176,14.660436100124329,14.722066879272461,75400,0.0,0.0
2022-12-07 00:00:00-05:00,14.791409184980584,14.891558700824065,14.729778374601265,14.845335960388184,94600,0.0,0.0
2022-12-08 00:00:00-05:00,14.960890867615623,14.960890867615623,14.668144938074947,14.691255569458008,169400,0.0,0.0
2022-12-09 00:00:00-05:00,14.668141567570743,14.698956225465494,14.44472905291003,14.467841148376465,135400,0.0,0.0
2022-12-12 00:00:00-05:00,14.521766555380145,14.645028114318848,14.475543838126553,14.645028114318848,204600,0.0,0.0
2022-12-13 00:00:00-05:00,14.912713256080933,14.92047238985501,14.679945162472393,14.749775886535645,146500,0.135,0.0
2022-12-14 00:00:00-05:00,14.71873591930196,14.835121418870727,14.641147559460249,14.780807495117188,189500,0.0,0.0
2022-12-15 00:00:00-05:00,14.765291213989258,14.79632626300236,14.710977288385813,14.765291213989258,239000,0.0,0.0
2022-12-16 00:00:00-05:00,14.749772949531131,14.81960365968955,14.710977288385813,14.765291213989258,196400,0.0,0.0
2022-12-19 00:00:00-05:00,14.726496735085853,14.77305153219765,14.672184285025361,14.718737602233887,153800,0.0,0.0
2022-12-20 00:00:00-05:00,14.703222563794625,14.788570075502586,14.648908627376082,14.749775886535645,112300,0.0,0.0
2022-12-21 00:00:00-05:00,14.765296984127446,14.780813774746235,14.625635509232225,14.656670570373535,158000,0.0,0.0
2022-12-22 00:00:00-05:00,14.625629109923578,14.749772259978593,14.571316666762394,14.710976600646973,116600,0.0,0.0
2022-12-23 00:00:00-05:00,14.73425586793782,14.835123115110108,14.672184285025361,14.718737602233887,105900,0.0,0.0
2022-12-27 00:00:00-05:00,14.718743703182085,14.718743703182085,14.493734676821468,14.5325288772583,125400,0.0,0.0
2022-12-28 00:00:00-05:00,14.579079406039261,14.6877043192395,14.369587233521553,14.41614055633545,161200,0.0,0.0
2022-12-29 00:00:00-05:00,14.392859906632555,14.579076115667647,14.354065726360394,14.517003059387207,418200,0.0,0.0
2022-12-30 00:00:00-05:00,14.517006274132243,14.8739190272664,14.517006274132243,14.757534980773926,392000,0.0,0.0
2023-01-03 00:00:00-05:00,14.81960341298042,15.005818143668481,14.742013571884613,14.943746566772461,120200,0.0,0.0
2023-01-04 00:00:00-05:00,14.982538432479789,15.192030527099789,14.951503388778438,15.160995483398438,49100,0.0,0.0
2023-01-05 00:00:00-05:00,15.067894732920198,15.067894732920198,14.912714999107832,15.005823135375977,158900,0.0,0.0
2023-01-06 00:00:00-05:00,15.052369130686456,15.215307919802978,15.052369130686456,15.160995483398438,92400,0.0,0.0
2023-01-09 00:00:00-05:00,15.16100223935938,15.269627160573291,15.106688298848866,15.14548397064209,65200,0.0,0.0
2023-01-10 00:00:00-05:00,15.168757382353178,15.308418817878199,15.114444930738626,15.28514289855957,71100,0.0,0.0
2023-01-11 00:00:00-05:00,15.339457962007767,15.471360286917681,15.285145501145491,15.455842018127441,67100,0.0,0.0
2023-01-12 00:00:00-05:00,15.517911635166344,15.719644664011911,15.455840047821814,15.696367263793945,82400,0.0,0.0
2023-01-13 00:00:00-05:00,15.603260371298854,15.704126144144604,15.603260371298854,15.642054557800293,100600,0.0,0.0
2023-01-17 00:00:00-05:00,15.661582186563528,15.79437372112271,15.661582186563528,15.778752326965332,83800,0.135,0.0
2023-01-18 00:00:00-05:00,15.864675522708481,16.06776854956735,15.786562590858107,15.833431243896484,161500,0.0,0.0
2023-01-19 00:00:00-05:00,15.825616413247232,15.880295006871,15.70063634499864,15.794370651245117,78500,0.0,0.0
2023-01-20 00:00:00-05:00,15.841242254004834,15.95841090364453,15.786562160284777,15.903732299804688,101600,0.0,0.0
2023-01-23 00:00:00-05:00,15.90373417708391,16.03652572631836,15.880299848437694,16.03652572631836,72600,0.0,0.0
2023-01-24 00:00:00-05:00,16.083387162423502,16.130254313134458,15.966218540706176,16.067764282226562,93400,0.0,0.0
2023-01-25 00:00:00-05:00,16.067768948272548,16.161504766795,15.97403461963038,16.02871322631836,145500,0.0,0.0
2023-01-26 00:00:00-05:00,16.145881445279784,16.145881445279784,15.981844139773127,16.099014282226562,82400,0.0,0.0
2023-01-27 00:00:00-05:00,16.130254541622527,16.26304604541781,16.130254541622527,16.21617889404297,80700,0.0,0.0
2023-01-30 00:00:00-05:00,16.21617975566722,16.372404098510742,16.099011126064585,16.372404098510742,74400,0.0,0.0
2023-01-31 00:00:00-05:00,16.403651971679803,16.55206638287573,16.403651971679803,16.48957633972168,81600,0.0,0.0
2023-02-01 00:00:00-05:00,16.48958115515017,16.669239895448527,16.47395826732929,16.661428451538086,104000,0.0,0.0
2023-02-02 00:00:00-05:00,16.731723574610626,16.794213612177014,16.69266785983664,16.716100692749023,129800,0.0,0.0
2023-02-03 00:00:00-05:00,16.69267362321531,16.73172935147383,16.52863628679235,16.55207061767578,90600,0.0,0.0
2023-02-06 00:00:00-05:00,16.54425600193595,16.559878886196117,16.39584158122484,16.52863311767578,85700,0.0,0.0
2023-02-07 00:00:00-05:00,16.52863163204032,16.65361171512765,16.513008749184376,16.591121673583984,67000,0.0,0.0
2023-02-08 00:00:00-05:00,16.606744556439928,16.692668922267508,16.56768734930007,16.591121673583984,47800,0.0,0.0
2023-02-09 00:00:00-05:00,16.6614225193712,16.677045401629677,16.49738672529736,16.51300811767578,67400,0.0,0.0
2023-02-10 00:00:00-05:00,16.536442861650603,16.606744343721736,16.51300853766686,16.544254302978516,35100,0.0,0.0
2023-02-13 00:00:00-05:00,16.59112018699969,16.606743068455803,16.497385878022957,16.52081871032715,43200,0.0,0.0
2023-02-14 00:00:00-05:00,16.524758346924656,16.556203348345942,16.414697093320918,16.469728469848633,44100,0.135,0.0
2023-02-15 00:00:00-05:00,16.414692825042895,16.47758431098362,16.398971078146186,16.461862564086914,44900,0.0,0.0
2023-02-16 00:00:00-05:00,16.351805725963423,16.383252227095905,16.210300969222377,16.226022720336914,73600,0.0,0.0
2023-02-17 00:00:00-05:00,16.194572437226455,16.23387905137154,15.998036367598589,16.01375961303711,102800,0.0,0.0
2023-02-21 00:00:00-05:00,16.01375089746256,16.037334253333754,15.715015394524013,15.746461868286133,135100,0.0,0.0
2023-02-22 00:00:00-05:00,15.793641128296327,15.801502752236644,15.707164764404299,15.707164764404297,101900,0.0,0.0
2023-02-23 00:00:00-05:00,15.80936339772452,15.80936339772452,15.644272304098376,15.72288703918457,88300,0.0,0.0
2023-02-24 00:00:00-05:00,15.667855721638654,15.667855721638654,15.542072756944664,15.620687484741211,85200,0.0,0.0
2023-02-27 00:00:00-05:00,15.699300247831557,15.762191728314738,15.699300247831557,15.738608360290527,56300,0.0,0.0
2023-02-28 00:00:00-05:00,15.79363920819797,15.887975685109991,15.754332592726504,15.832945823669434,69700,0.0,0.0
2023-03-01 00:00:00-05:00,15.887975198069656,15.92728331178741,15.793638724049485,15.84080696105957,90800,0.0,0.0
2023-03-02 00:00:00-05:00,15.817225035425235,15.887976647670047,15.620688947258403,15.65213394165039,104700,0.0,0.0
2023-03-03 00:00:00-05:00,15.683583783536287,15.74647528519734,15.644275657840831,15.699305534362793,109200,0.0,0.0
2023-03-06 00:00:00-05:00,15.730742081265717,15.974446308566579,15.667850619399342,15.958723068237305,149400,0.0,0.0
2023-03-07 00:00:00-05:00,15.990175272375618,16.060928379731806,15.864392303620454,16.029481887817383,218500,0.0,0.0
2023-03-08 00:00:00-05:00,16.060923066196064,16.060923066196064,15.927278518676758,15.927278518676758,57400,0.0,0.0
2023-03-09 00:00:00-05:00,15.998040730064046,16.037347354927558,15.738613107390645,15.7543363571167,44200,0.0,0.0
2023-03-10 00:00:00-05:00,15.777916933963906,15.777916933963906,15.33767651587453,15.345538139343262,86400,0.0,0.0
2023-03-13 00:00:00-04:00,15.235475533235169,15.235475533235169,14.582975838817719,14.606560707092285,195600,0.0,0.0
2023-03-14 00:00:00-04:00,14.816414802639573,14.951037558925103,14.594684270234676,14.72138786315918,185200,0.135,0.0
2023-03-15 00:00:00-04:00,14.555085944375756,14.594681754355237,14.341274612189391,14.380868911743164,143200,0.0,0.0
2023-03-16 00:00:00-04:00,14.33335607168074,14.650115013122559,14.206652495104011,14.650115013122559,124200,0.0,0.0
2023-03-17 00:00:00-04:00,14.602599640099063,14.681789742711185,14.214569798767803,14.222487449645996,51300,0.0,0.0
2023-03-20 00:00:00-04:00,14.206650138361551,14.246244433063811,13.438508133563289,13.493942260742188,275700,0.0,0.0
2023-03-21 00:00:00-04:00,13.5810503739469,13.874053298017055,13.5810503739469,13.747349739074707,134300,0.0,0.0
2023-03-22 00:00:00-04:00,13.779028383649855,13.953246954394976,13.747353241058166,13.802785873413086,113900,0.0,0.0
2023-03-23 00:00:00-04:00,13.897813026020152,13.969083985983413,13.707757636260117,13.763190269470215,68400,0.0,0.0
2023-03-24 00:00:00-04:00,13.763186239045066,13.763186239045066,13.501859965848816,13.517698287963867,93900,0.0,0.0
2023-03-27 00:00:00-04:00,13.59688994910635,13.731512681688619,13.406834593182976,13.549376487731934,143100,0.0,0.0
2023-03-28 00:00:00-04:00,13.541457026476719,13.61272797217599,13.486024404360768,13.533537864685059,116400,0.0,0.0
2023-03-29 00:00:00-04:00,13.731515292194478,13.779028762601707,13.66024433137064,13.699838638305664,102700,0.0,0.0
2023-03-30 00:00:00-04:00,13.802785427839076,13.905731525971257,13.75527196027237,13.779027938842773,108300,0.0,0.0
2023-03-31 00:00:00-04:00,13.937406081308676,14.349193432742442,13.92156775769376,14.127461433410645,250000,0.0,0.0
2023-04-03 00:00:00-04:00,14.230407516056248,14.333355109127528,14.072028811184111,14.127461433410645,102200,0.0,0.0
2023-04-04 00:00:00-04:00,14.22248529704781,14.357107997985361,13.905726444966911,13.976997375488281,64500,0.0,0.0
2023-04-05 00:00:00-04:00,13.897811719605771,14.056191951397484,13.826540766342083,14.032434463500977,69900,0.0,0.0
2023-04-06 00:00:00-04:00,14.032434463500977,14.087868601926159,13.945326695398784,14.032434463500977,90300,0.0,0.0
2023-04-10 00:00:00-04:00,14.056193686318249,14.06411284992786,13.889895781794465,13.929490089416504,129100,0.0,0.0
2023-04-11 00:00:00-04:00,14.085104524171498,14.132985474169123,13.973381800141057,13.997323036193848,105000,0.135,0.0
2023-04-12 00:00:00-04:00,14.045199519826362,14.156922208329053,14.005297472427204,14.0292387008667,98300,0.0,0.0
2023-04-13 00:00:00-04:00,14.172883798399546,14.244705965518218,14.021259054248176,14.12500286102295,100900,0.0,0.0
2023-04-14 00:00:00-04:00,14.069141267211279,14.164904672754469,13.981359794413356,14.013279914855957,68200,0.0,0.0
2023-04-17 00:00:00-04:00,14.109042231005274,14.125003051048047,14.045200472941758,14.101061820983887,88200,0.0,0.0
2023-04-18 00:00:00-04:00,14.132982952047621,14.324509762074843,14.125004063561866,14.164904594421387,96600,0.0,0.0
2023-04-19 00:00:00-04:00,14.132985474169123,14.16490712223951,13.997323036193848,13.997323036193848,61500,0.0,0.0
2023-04-20 00:00:00-04:00,14.01327895889363,14.140962476169067,14.005298548800468,14.085101127624512,48300,0.0,0.0
2023-04-21 00:00:00-04:00,14.061162378681399,14.093082499124,13.997320615688505,14.013279914855957,38500,0.0,0.0
2023-04-24 00:00:00-04:00,14.085100749146477,14.101061568903924,13.949436825423277,13.989338874816895,62300,0.0,0.0
2023-04-25 00:00:00-04:00,13.965394001700728,14.005294518577012,13.885591445841008,13.893571853637695,58000,0.0,0.0
2023-04-26 00:00:00-04:00,13.861658096313477,13.925499865833704,13.821756039045928,13.861658096313477,91700,0.0,0.0
2023-04-27 00:00:00-04:00,13.893575858587237,13.909536678781464,13.829734099917925,13.869634628295898,89200,0.0,0.0
2023-04-28 00:00:00-04:00,13.965397770504566,14.101061695445198,13.925497242860436,14.04520034790039,48900,0.0,0.0
2023-05-01 00:00:00-04:00,14.077117770944557,14.077117770944557,13.941453871972783,13.949434280395508,61300,0.0,0.0
2023-05-02 00:00:00-04:00,13.917520895001266,14.005302385860551,13.725995566615543,13.73397445678711,124800,0.0,0.0
2023-05-03 00:00:00-04:00,13.84569454303373,13.861655362793273,13.606286812963225,13.630228042602539,107300,0.0,0.0
2023-05-04 00:00:00-04:00,13.582349755608698,13.582349755608698,13.350922390262044,13.374863624572754,111400,0.0,0.0
2023-05-05 00:00:00-04:00,13.470624848531122,13.566388258909667,13.43072431543626,13.550427436828613,144500,0.0,0.0
2023-05-08 00:00:00-04:00,13.56638795606148,13.574368366923856,13.446684837341309,13.446684837341309,74300,0.0,0.0
2023-05-09 00:00:00-04:00,13.490928849554189,13.490928849554189,13.370258955349424,13.394392013549805,72600,0.135,0.0
2023-05-10 00:00:00-04:00,13.44266112495558,13.44266112495558,13.249588966369629,13.249588966369629,84800,0.0,0.0
2023-05-11 00:00:00-04:00,13.16109719428168,13.169142058546273,13.064560357507554,13.15305233001709,73800,0.0,0.0
2023-05-12 00:00:00-04:00,13.161099318934982,13.161099318934982,13.000205076471238,13.056517601013184,68400,0.0,0.0
2023-05-15 00:00:00-04:00,13.096740805304393,13.233500439346063,13.096740805304393,13.209365844726562,96000,0.0,0.0
2023-05-16 00:00:00-04:00,13.209367054059562,13.217411919669246,13.12891993236395,13.136964797973633,75400,0.0,0.0
2023-05-17 00:00:00-04:00,13.217410059386024,13.563331559909614,13.177185736998975,13.50701904296875,89500,0.0,0.0
2023-05-18 00:00:00-04:00,13.53919895022757,13.64377913495487,13.474841559379716,13.619646072387695,88400,0.0,0.0
2023-05-19 00:00:00-04:00,13.643779462332422,13.740316318121186,13.619646399186182,13.659869194030762,68300,0.0,0.0
2023-05-22 00:00:00-04:00,13.78053636251642,13.917295985853986,13.724223847212885,13.796626091003418,148700,0.0,0.0
2023-05-23 00:00:00-04:00,13.820760971801084,13.869028623867164,13.692046210024204,13.748358726501465,171600,0.0,0.0
2023-05-24 00:00:00-04:00,13.764447789523222,13.796625711210465,13.716178605390978,13.732268333435059,91400,0.0,0.0
2023-05-25 00:00:00-04:00,13.740312621165362,13.796625132556887,13.64377579135071,13.764447212219238,72100,0.0,0.0
2023-05-26 00:00:00-04:00,13.81271434110716,13.901206303913343,13.748356968448334,13.885116577148438,64900,0.0,0.0
2023-05-30 00:00:00-04:00,13.885122690917822,13.973614692687988,13.836855023771127,13.973614692687988,85200,0.0,0.0
2023-05-31 00:00:00-04:00,13.98969526332792,14.046007766691186,13.925337897426953,14.00578498840332,70300,0.0,0.0
2023-06-01 00:00:00-04:00,14.013831951878444,14.311485772794727,14.005787088134667,14.198859214782715,91200,0.0,0.0
2023-06-02 00:00:00-04:00,14.231038481399244,14.327573776245117,14.231038481399244,14.327573776245117,60700,0.0,0.0
2023-06-05 00:00:00-04:00,14.359755098904863,14.399977887923225,14.206905738713203,14.23908519744873,82600,0.0,0.0
2023-06-06 00:00:00-04:00,14.335620015594467,14.44824504852295,14.287352363539544,14.44824504852295,83800,0.0,0.0
2023-06-07 00:00:00-04:00,14.472381922652858,14.609141570363136,14.42411426299077,14.480426788330078,63200,0.0,0.0
2023-06-08 00:00:00-04:00,14.544784289085666,14.657409340614027,14.480426897583566,14.617186546325684,62900,0.0,0.0
2023-06-09 00:00:00-04:00,14.705675460885187,14.761987974877487,14.625228354724364,14.745898246765137,83200,0.0,0.0
2023-06-12 00:00:00-04:00,14.810256249062638,14.826345977853167,14.64131869996506,14.73785400390625,106900,0.0,0.0
2023-06-13 00:00:00-04:00,14.774322105133177,14.790531277523225,14.644651817596314,14.709486961364746,119500,0.135,0.0
2023-06-14 00:00:00-04:00,14.766216299393607,14.774320884919272,14.668964364668895,14.71759033203125,115200,0.0,0.0
2023-06-15 00:00:00-04:00,14.73380622440065,15.098503464674602,14.725701635177806,14.993146896362305,163400,0.0,0.0
2023-06-16 00:00:00-04:00,14.993146234237015,15.025564589696735,14.814849916585358,14.83105754852295,81400,0.0,0.0
2023-06-20 00:00:00-04:00,14.903992392670041,14.903992392670041,14.644651817596314,14.709486961364746,139100,0.0,0.0
2023-06-21 00:00:00-04:00,14.628445496745156,14.636550084520016,14.555505752563477,14.555505752563477,95400,0.0,0.0
2023-06-22 00:00:00-04:00,14.563609813763295,14.668967905234991,14.53929759710983,14.571714401245117,113200,0.0,0.0
2023-06-23 00:00:00-04:00,14.571714401245117,14.660863317753169,14.506879247182537,14.571714401245117,110200,0.0,0.0
2023-06-26 00:00:00-04:00,14.571715380149248,14.741908637116833,14.571715380149248,14.67707347869873,92300,0.0,0.0
2023-06-27 00:00:00-04:00,14.677075448618895,14.79864119374507,14.677075448618895,14.693283081054688,118900,0.0,0.0
2023-06-28 00:00:00-04:00,14.766225282588616,14.831060460445492,14.709494695187919,14.782434463500977,72000,0.0,0.0
2023-06-29 00:00:00-04:00,14.709489296852103,14.750012234261218,14.571714401245117,14.571714401245117,102300,0.0,0.0
2023-06-30 00:00:00-04:00,14.693278384751961,14.83105326407029,14.604131024575507,14.75001049041748,91700,0.0,0.0
2023-07-03 00:00:00-04:00,14.790533167704979,14.985038623867434,14.750011777343119,14.91209888458252,48600,0.0,0.0
2023-07-05 00:00:00-04:00,14.96072826371922,15.009355798159994,14.887790053642675,14.895893096923828,54900,0.0,0.0
2023-07-06 00:00:00-04:00,14.831055719927864,14.839160307793538,14.563610503528905,14.579819679260254,83800,0.0,0.0
2023-07-07 00:00:00-04:00,14.571712827650371,14.733801468198923,14.539296027015762,14.620340347290039,88200,0.0,0.0
2023-07-10 00:00:00-04:00,14.69328137308166,14.750013490285395,14.596029406602387,14.66896915435791,123600,0.0,0.0
2023-07-11 00:00:00-04:00,14.767748544850376,14.800401684145243,14.702440709199019,14.743257522583008,89900,0.131,0.0
2023-07-12 00:00:00-04:00,14.751420310380855,14.873872300237315,14.735092963183586,14.775911331176758,136600,0.0,0.0
2023-07-13 00:00:00-04:00,14.816726671990311,14.857545035933478,14.75958251953125,14.75958251953125,83000,0.0,0.0
2023-07-14 00:00:00-04:00,14.784075443186468,14.792239117027192,14.637132428176615,14.70244026184082,79500,0.0,0.0
2023-07-17 00:00:00-04:00,14.686110229334165,14.751418051059192,14.482023091810799,14.522841453552246,147100,0.0,0.0
2023-07-18 00:00:00-04:00,14.555491911011691,14.677943859610378,14.522838784680511,14.596308708190918,128000,0.0,0.0
2023-07-19 00:00:00-04:00,14.686112478653307,14.808564468509768,14.58815150959275,14.775911331176758,117800,0.0,0.0
2023-07-20 00:00:00-04:00,14.743257292029098,14.784075661836395,14.596314274846021,14.63713264465332,83900,0.0,0.0
2023-07-21 00:00:00-04:00,14.718767542393694,14.751420680546085,14.58815187566099,14.669785499572754,363700,0.0,0.0
2023-07-24 00:00:00-04:00,14.80856536171311,14.82489270989519,14.743257526046412,14.80040168762207,123800,0.0,0.0
2023-07-25 00:00:00-04:00,14.800396722679455,14.90652289320026,14.751416251625832,14.865704536437988,87100,0.0,0.0
2023-07-26 00:00:00-04:00,14.890197020241752,14.914688036716516,14.841216544353477,14.882033348083496,74400,0.0,0.0
2023-07-27 00:00:00-04:00,14.931018015427757,14.931018015427757,14.75958398397949,14.775911331176758,103000,0.0,0.0
2023-07-28 00:00:00-04:00,14.816725326635474,14.979995653460493,14.800397982540726,14.947340965270996,95200,0.0,0.0
2023-07-31 00:00:00-04:00,14.971828977845306,15.069789908638935,14.914684842038866,14.98815631866455,99500,0.0,0.0
2023-08-01 00:00:00-04:00,14.988162928155282,15.061634437180482,14.947344558107055,14.9555082321167,93400,0.0,0.0
2023-08-02 00:00:00-04:00,14.922849436384734,14.939175221153857,14.841214284295054,14.931013107299805,59500,0.0,0.0
2023-08-03 00:00:00-04:00,14.857543888669987,14.898360692400006,14.824889200036969,14.882033348083496,44100,0.0,0.0
2023-08-04 00:00:00-04:00,14.882039800254498,14.939183973076123,14.824895627432873,14.890203475952148,100200,0.0,0.0
2023-08-07 00:00:00-04:00,14.890196818000609,14.979995653460493,14.8085616545881,14.947340965270996,64300,0.0,0.0
2023-08-08 00:00:00-04:00,14.914685765469665,14.939175221153857,14.873867410894317,14.931013107299805,41700,0.0,0.0
2023-08-09 00:00:00-04:00,14.955507057222508,14.979998077327446,14.857546090925723,14.96367073059082,85200,0.0,0.0
2023-08-10 00:00:00-04:00,14.979993575729205,15.020810373243537,14.898358423639525,14.931013107299805,72700,0.0,0.0
2023-08-11 00:00:00-04:00,14.931017822672029,15.053469810947664,14.931017822672029,15.012651443481445,61300,0.0,0.0
2023-08-14 00:00:00-04:00,14.988164391828674,15.053472233221884,14.971837042214931,15.02898120880127,60800,0.0,0.0
2023-08-15 00:00:00-04:00,15.029802333530013,15.087356028119533,14.816030347754248,14.832474708557129,84500,0.131,0.0
2023-08-16 00:00:00-04:00,14.807804799494871,14.881802838057304,14.700918046806821,14.717362403869629,92700,0.0,0.0
2023-08-17 00:00:00-04:00,14.700916376008758,14.733805086396485,14.610475558882557,14.676251411437988,67900,0.0,0.0
2023-08-18 00:00:00-04:00,14.668036460876465,14.7502567091362,14.651592097580359,14.668036460876465,72200,0.0,0.0
2023-08-21 00:00:00-04:00,14.668028149705894,14.709137466432079,14.54469863130743,14.569363594055176,82300,0.0,0.0
2023-08-22 00:00:00-04:00,14.61869665599049,14.635139441749018,14.552920808296648,14.569363594055176,50300,0.0,0.0
2023-08-23 00:00:00-04:00,14.626924970658274,14.70914363861084,14.577591888022054,14.70914363861084,78600,0.0,0.0
2023-08-24 00:00:00-04:00,14.668028149705894,14.733803997399734,14.569363594055176,14.569363594055176,60300,0.0,0.0
2023-08-25 00:00:00-04:00,14.643366813659668,14.676255533284237,14.58581312253714,14.643366813659668,62200,0.0,0.0
2023-08-28 00:00:00-04:00,14.676249476696828,14.717358791042102,14.60225145629948,14.6104736328125,71300,0.0,0.0
2023-08-29 00:00:00-04:00,14.569368762724855,14.709142684688342,14.569368762724855,14.643366813659668,65300,0.0,0.0
2023-08-30 00:00:00-04:00,14.643367367595104,14.659811728029453,14.594035854512583,14.63514518737793,56500,0.0,0.0
2023-08-31 00:00:00-04:00,14.733809626701637,14.733809626701637,14.618702241313663,14.651589393615723,58100,0.0,0.0
2023-09-01 00:00:00-04:00,14.783137834006968,14.783137834006968,14.56936590306756,14.577588081359863,73200,0.0,0.0
2023-09-05 00:00:00-04:00,14.585809541708,14.610476075370771,14.520033686827357,14.536478042602539,59100,0.0,0.0
2023-09-06 00:00:00-04:00,14.470703989006594,14.594033536232107,14.470703989006594,14.495368957519531,36000,0.0,0.0
2023-09-07 00:00:00-04:00,14.511809082876097,14.6104736328125,14.47892194504384,14.6104736328125,87500,0.0,0.0
2023-09-08 00:00:00-04:00,14.561144828796385,14.602255723374917,14.536479860269544,14.561144828796387,32700,0.0,0.0
2023-09-11 00:00:00-04:00,14.585811851656242,14.585811851656242,14.47070447944064,14.478926658630371,42500,0.0,0.0
2023-09-12 00:00:00-04:00,14.488039313689615,14.512890722108473,14.38035303715556,14.405202865600586,92400,0.131,0.0
2023-09-13 00:00:00-04:00,14.380353927612305,14.45490657751148,14.347218714335371,14.380353927612305,67400,0.0,0.0
2023-09-14 00:00:00-04:00,14.380350671909483,14.446619503486199,14.347215466134339,14.355499267578125,62900,0.0,0.0
2023-09-15 00:00:00-04:00,14.338932532049563,14.396917565689996,14.264379894519388,14.289231300354004,68800,0.0,0.0
2023-09-18 00:00:00-04:00,14.24781608581543,14.30580112847122,14.21468087288417,14.24781608581543,132300,0.0,0.0
2023-09-19 00:00:00-04:00,14.25609830907433,14.30580112847122,14.206397069651354,14.24781608581543,77400,0.0,0.0
2023-09-20 00:00:00-04:00,14.2809476852417,14.338932719640729,14.256096279081962,14.2809476852417,64500,0.0,0.0
2023-09-21 00:00:00-04:00,14.20639602301317,14.24781503612575,14.123559576761803,14.140127182006836,74100,0.0,0.0
2023-09-22 00:00:00-04:00,14.222964676116984,14.280949718772774,14.17326343669401,14.24781608581543,127700,0.0,0.0
2023-09-25 00:00:00-04:00,14.098710123228642,14.222964005918083,14.090426320386166,14.123559951782227,61400,0.0,0.0
2023-09-26 00:00:00-04:00,14.14841013359046,14.173261539963177,14.024156261674287,14.065573692321777,101900,0.0,0.0
2023-09-27 00:00:00-04:00,14.082140528552515,14.173260766975883,14.02415549681896,14.057289123535156,110900,0.0,0.0
2023-09-28 00:00:00-04:00,14.115275174244957,14.123557395614625,14.02415493944307,14.08213996887207,78500,0.0,0.0
2023-09-29 00:00:00-04:00,14.10699355149057,14.189828417768137,14.090425946245537,14.140127182006836,129600,0.0,0.0
2023-10-02 00:00:00-04:00,14.140129147018396,14.156696754565779,13.941322596371844,14.040726661682129,107300,0.0,0.0
2023-10-03 00:00:00-04:00,14.040723111842508,14.040723111842508,13.833632809779779,13.916467666625977,56100,0.0,0.0
2023-10-04 00:00:00-04:00,13.899904915479617,14.164980311726714,13.899904915479617,14.148412704467773,138800,0.0,0.0
2023-10-05 00:00:00-04:00,14.214682758826967,14.214682758826967,13.974458753099105,13.999308586120605,76200,0.0,0.0
2023-10-06 00:00:00-04:00,13.941318139936062,13.999303167842584,13.850197907526661,13.9578857421875,122800,0.0,0.0
2023-10-09 00:00:00-04:00,14.024156261674287,14.098708900818732,13.899902389758113,14.065573692321777,63000,0.0,0.0
2023-10-10 00:00:00-04:00,14.116494537593773,14.216671427412267,14.033014061454637,14.19997501373291,104400,0.131,0.0
2023-10-11 00:00:00-04:00,14.300153279297781,14.300153279297781,13.991277523410597,14.058061599731445,172200,0.0,0.0
2023-10-12 00:00:00-04:00,14.066409206126416,14.066409206126416,13.941189267417688,13.966232299804688,114300,0.0,0.0
2023-10-13 00:00:00-04:00,14.041365868295884,14.091453529918054,13.941190545051544,14.007974624633789,91300,0.0,0.0
2023-10-16 00:00:00-04:00,13.982929073520046,14.091452598571777,13.982929073520046,14.091452598571777,42100,0.0,0.0
2023-10-17 00:00:00-04:00,14.058060463587271,14.133192742408433,14.007972808459112,14.083105087280273,109500,0.0,0.0
2023-10-18 00:00:00-04:00,14.066409206126416,14.074757414341386,13.949535883374748,13.966232299804688,67300,0.0,0.0
2023-10-19 00:00:00-04:00,13.999627223406442,14.066411306842005,13.899450302124023,13.899450302124023,70200,0.0,0.0
2023-10-20 00:00:00-04:00,13.907798255774527,14.016323384522515,13.88275362785004,13.891101837158203,81600,0.0,0.0
2023-10-23 00:00:00-04:00,13.782576046928591,13.907795981558706,13.74918321515637,13.76587963104248,80600,0.0,0.0
2023-10-24 00:00:00-04:00,13.815968072909548,13.916144981670872,13.782576831494406,13.832664489746094,64900,0.0,0.0
2023-10-25 00:00:00-04:00,13.874406744979103,13.874406744979103,13.749185200013919,13.84101390838623,80900,0.0,0.0
2023-10-26 00:00:00-04:00,13.77423102372723,13.907799197182715,13.740838184234246,13.807623863220215,116500,0.0,0.0
2023-10-27 00:00:00-04:00,13.891099750275528,13.907796166383521,13.715792157915223,13.740835189819336,67500,0.0,0.0
2023-10-30 00:00:00-04:00,13.707444547987901,13.841012698164366,13.707444547987901,13.832664489746094,90100,0.0,0.0
2023-10-31 00:00:00-04:00,13.899447698169153,13.949535353297751,13.824315419347332,13.907795906066895,93800,0.0,0.0
2023-11-01 00:00:00-04:00,13.882753868046454,14.216675877117913,13.882753868046454,14.158238410949707,69700,0.0,0.0
2023-11-02 00:00:00-04:00,14.208329660897839,14.600686006663395,14.208329660897839,14.525553703308105,92500,0.0,0.0
2023-11-03 00:00:00-04:00,14.617377827293563,14.750945970717938,14.617377827293563,14.71755313873291,131400,0.0,0.0
2023-11-06 00:00:00-05:00,14.72590282135099,14.72590282135099,14.442070090087299,14.517202377319336,55500,0.0,0.0
2023-11-07 00:00:00-05:00,14.467117821200295,14.600686006663395,14.467117821200295,14.525553703308105,71400,0.0,0.0
2023-11-08 00:00:00-05:00,14.592337859879743,14.650773742243205,14.475466095152822,14.55894660949707,115500,0.0,0.0
2023-11-09 00:00:00-05:00,14.634077809891396,14.634077809891396,14.341896827843769,14.40868091583252,70600,0.0,0.0
2023-11-10 00:00:00-05:00,14.508853812302343,14.609030723571777,14.442069735542049,14.609030723571777,91500,0.0,0.0
2023-11-13 00:00:00-05:00,14.567291272693339,14.64242355808092,14.542246646811483,14.609030723571777,34300,0.0,0.0
2023-11-14 00:00:00-05:00,14.719211423550922,14.988362461470318,14.719211423550922,14.870609283447266,163700,0.131,0.0
2023-11-15 00:00:00-05:00,14.887435595365496,14.9463122000814,14.794914299802127,14.9210786819458,100100,0.0,0.0
2023-11-16 00:00:00-05:00,14.870610558980326,14.996774918293506,14.870610558980326,14.971541404724121,106600,0.0,0.0
2023-11-17 00:00:00-05:00,14.929489854657668,14.979955286661706,14.862202077229897,14.9210786819458,132200,0.0,0.0
2023-11-20 00:00:00-05:00,14.946309957094496,15.06406314885513,14.879022189764575,15.022008895874023,61300,0.0,0.0
2023-11-21 00:00:00-05:00,15.139760419274713,15.26592476858199,15.09770617092787,15.198637008666992,216000,0.0,0.0
2023-11-22 00:00:00-05:00,15.282748147478891,15.32480239868164,15.139761447415957,15.32480239868164,67700,0.0,0.0
2023-11-24 00:00:00-05:00,15.350039615162537,15.434149742126465,15.324806095793187,15.434149742126465,43100,0.0,0.0
2023-11-27 00:00:00-05:00,15.392090163166149,15.484611440932415,15.274336976384973,15.32480239868164,104600,0.0,0.0
2023-11-28 00:00:00-05:00,15.324798887525175,15.324798887525175,15.080881398754299,15.291155815124512,141800,0.0,0.0
2023-11-29 00:00:00-05:00,15.299575192087218,15.341629456215609,15.122943753359822,15.232287406921387,173100,0.0,0.0
2023-11-30 00:00:00-05:00,15.274339252143887,15.51825843740909,15.232284994675377,15.417325973510742,118500,0.0,0.0
2023-12-01 00:00:00-05:00,15.42573483059598,15.787407165902966,15.4173236595113,15.762173652648926,124000,0.0,0.0
2023-12-04 00:00:00-05:00,15.678066905845618,15.905163760997803,15.56872486684671,15.577136039733887,184100,0.0,0.0
2023-12-05 00:00:00-05:00,15.644417456358786,15.8042264676903,15.644417456358786,15.711705207824707,150400,0.0,0.0
2023-12-06 00:00:00-05:00,15.804234592955087,15.812644162478628,15.50984992734284,15.568726539611816,146100,0.0,0.0
2023-12-07 00:00:00-05:00,15.627601084745784,15.636012257424106,15.49302553042695,15.518259048461914,78900,0.0,0.0
2023-12-08 00:00:00-05:00,15.47620366837185,15.518259533076806,15.383683974555353,15.501437187194824,84100,0.0,0.0
2023-12-11 00:00:00-05:00,15.501434571999994,15.509845743521964,15.400502118003278,15.476201057434082,103100,0.0,0.0
2023-12-12 00:00:00-05:00,15.510936329899597,15.51940781640942,15.316096987486207,15.383867263793945,158500,0.131,0.0
2023-12-13 00:00:00-05:00,15.426218279397677,15.739656719624815,15.426218279397677,15.705772399902344,243900,0.0,0.0
2023-12-14 00:00:00-05:00,15.773543048361566,16.171693105706176,15.680358339203526,16.112394332885742,204600,0.0,0.0
2023-12-15 00:00:00-05:00,16.154754373562852,16.247939107155364,16.070041126276095,16.23946762084961,126100,0.0,0.0
2023-12-18 00:00:00-05:00,16.171693105706176,16.180164589790575,16.0107381396433,16.112394332885742,132200,0.0,0.0
2023-12-19 00:00:00-05:00,16.0954534282584,16.43430475622551,16.0954534282584,16.290292739868164,218000,0.0,0.0
2023-12-20 00:00:00-05:00,16.188635350659325,16.349588693761348,15.993794456963222,16.019208908081055,212900,0.0,0.0
2023-12-21 00:00:00-05:00,16.10392070170492,16.137805017754435,15.866724026277662,15.8836669921875,165500,0.0,0.0
2023-12-22 00:00:00-05:00,15.883666968145338,16.11239216027147,15.790482271552435,15.849781036376953,149600,0.0,0.0
2023-12-26 00:00:00-05:00,15.849783465624192,15.976854113461206,15.722714433557584,15.739657402038574,140500,0.0,0.0
2023-12-27 00:00:00-05:00,15.798951418776635,15.92602041258188,15.748124144408521,15.773538589477539,183200,0.0,0.0
2023-12-28 00:00:00-05:00,15.773547841524863,15.866730963228408,15.739661894890215,15.79896068572998,154600,0.0,0.0
2023-12-29 00:00:00-05:00,15.722717830850398,15.815902561860362,15.570234313114366,15.612591743469238,288100,0.0,0.0
2024-01-02 00:00:00-05:00,15.638000269780337,15.756599426269533,15.629530401817824,15.756599426269531,126600,0.0,0.0
2024-01-03 00:00:00-05:00,15.71424270656155,15.824370384216309,15.629531097006051,15.824370384216309,94400,0.0,0.0
2024-01-04 00:00:00-05:00,15.697301349305983,15.875197668242516,15.697301349305983,15.815898895263672,100200,0.0,0.0
2024-01-05 00:00:00-05:00,15.824370132460324,15.959910644517214,15.798955680535773,15.89214038848877,51300,0.0,0.0
2024-01-08 00:00:00-05:00,15.926024472673726,16.01920917924619,15.900611636896022,15.98532485961914,90500,0.0,0.0
2024-01-09 00:00:00-05:00,16.036153776364916,16.036153776364916,15.951440545034156,16.002267837524414,63100,0.0,0.0
2024-01-10 00:00:00-05:00,15.993793984496147,16.205576223577648,15.926023732620875,16.188634872436523,111800,0.0,0.0
2024-01-11 00:00:00-05:00,16.222521350235784,16.222521350235784,16.0276820521262,16.103923797607422,109600,0.0,0.0
2024-01-12 00:00:00-05:00,16.137808803753924,16.20557906752231,16.129338934582098,16.14628028869629,56600,0.0,0.0
2024-01-16 00:00:00-05:00,16.164194512199316,16.19831333660381,16.010655734997428,16.05330467224121,77800,0.131,0.0
2024-01-17 00:00:00-05:00,16.027714676498082,16.087423834636407,15.797406529148075,15.925354957580566,70700,0.0,0.0
2024-01-18 00:00:00-05:00,15.916823835674753,16.002123324869263,15.822994234865547,15.908293724060059,94600,0.0,0.0
2024-01-19 00:00:00-05:00,15.874181115059491,15.950950522674045,15.840060655251659,15.916830062866211,86200,0.0,0.0
2024-01-22 00:00:00-05:00,15.976530596960995,16.078890294052822,15.950941892902181,16.07036018371582,91000,0.0,0.0
2024-01-23 00:00:00-05:00,16.095950962927994,16.12153966769934,16.02771170528401,16.061830520629883,144900,0.0,0.0
2024-01-24 00:00:00-05:00,16.138604626064947,16.138604626064947,16.01918629687279,16.044775009155273,68700,0.0,0.0
2024-01-25 00:00:00-05:00,16.12154360604196,16.13860383135867,16.078894669702823,16.09595489501953,77400,0.0,0.0
2024-01-26 00:00:00-05:00,16.147129506065856,16.155659616379754,16.104478954496354,16.138599395751953,101500,0.0,0.0
2024-01-29 00:00:00-05:00,16.113011701155422,16.351849948165796,16.113011701155422,16.32625961303711,117700,0.0,0.0
2024-01-30 00:00:00-05:00,16.27508168566919,16.385969891591884,16.24949134878585,16.37744140625,82100,0.0,0.0
2024-01-31 00:00:00-05:00,16.420091070442396,16.462740006857295,16.343321683333468,16.394500732421875,102100,0.0,0.0
2024-02-01 00:00:00-05:00,16.403024314621543,16.53097269987927,16.403024314621543,16.513914108276367,110600,0.0,0.0
2024-02-02 00:00:00-05:00,16.385971177173566,16.47127067985776,16.32626201338044,16.42009162902832,99300,0.0,0.0
2024-02-05 00:00:00-05:00,16.377441745828257,16.42862079370355,16.33479118347168,16.33479118347168,43700,0.0,0.0
2024-02-06 00:00:00-05:00,16.343321621386814,16.462739944458008,16.343321621386814,16.462739944458008,54200,0.0,0.0
2024-02-07 00:00:00-05:00,16.471273524186774,16.505393981933594,16.377445519288973,16.505393981933594,128300,0.0,0.0
2024-02-08 00:00:00-05:00,16.496859553702702,16.496859553702702,16.377441236721697,16.41156005859375,127500,0.0,0.0
2024-02-09 00:00:00-05:00,16.411562348072408,16.488331741684846,16.385972007884003,16.471271514892578,82500,0.0,0.0
2024-02-12 00:00:00-05:00,16.496859378985896,16.624807806817955,16.454210445359383,16.61627769470215,96700,0.0,0.0
2024-02-13 00:00:00-05:00,16.57419677013124,16.608548224594642,16.402444411716736,16.453969955444336,116400,0.131,0.0
2024-02-14 00:00:00-05:00,16.471142785593624,16.625721027555418,16.471142785593624,16.608545303344727,97500,0.0,0.0
2024-02-15 00:00:00-05:00,16.677252685352666,16.70301628112793,16.539850117153563,16.70301628112793,65700,0.0,0.0
2024-02-16 00:00:00-05:00,16.625725828252374,16.72018906275311,16.591374369911968,16.59996223449707,124100,0.0,0.0
2024-02-20 00:00:00-05:00,16.574198640741766,16.617137963667272,16.53126095578395,16.59996223449707,107300,0.0,0.0
2024-02-21 00:00:00-05:00,16.58278557949788,16.70301403900917,16.57419771539225,16.591373443603516,66700,0.0,0.0
2024-02-22 00:00:00-05:00,16.6772517591928,16.745953039477072,16.56561279296875,16.56561279296875,79900,0.0,0.0
2024-02-23 00:00:00-05:00,16.625726808149505,16.754541508582804,16.608551077966986,16.720190048217773,99300,0.0,0.0
2024-02-26 00:00:00-05:00,16.771713856055722,17.16674574277237,16.608547728166588,17.072280883789062,410700,0.0,0.0
2024-02-27 00:00:00-05:00,17.063695478894488,17.261211431750244,17.003580432489773,17.11522102355957,207900,0.0,0.0
2024-02-28 00:00:00-05:00,17.04652452942517,17.175339246177906,17.04652452942517,17.106637954711914,94600,0.0,0.0
2024-02-29 00:00:00-05:00,17.2182707523199,17.252622204693893,17.132395397319723,17.158157348632812,102500,0.0,0.0
2024-03-01 00:00:00-05:00,17.166748483569062,17.27838908709493,17.15816061883879,17.244037628173828,117300,0.0,0.0
2024-03-04 00:00:00-05:00,17.183924213029616,17.269801222364656,17.183924213029616,17.244037628173828,88700,0.0,0.0
2024-03-05 00:00:00-05:00,17.31274120851515,17.355678899904248,17.175338630508517,17.20969009399414,122200,0.0,0.0
2024-03-06 00:00:00-05:00,17.26980417472956,17.295566135356818,17.192515016911806,17.218276977539062,43800,0.0,0.0
2024-03-07 00:00:00-05:00,17.269804597579853,17.32991802447265,17.244040998353782,17.29556655883789,46400,0.0,0.0
2024-03-08 00:00:00-05:00,17.35567360774337,17.432962739050783,17.312735929446998,17.415788650512695,99200,0.0,0.0
2024-03-11 00:00:00-04:00,17.424375636462138,17.424375636462138,17.355672733899187,17.390024185180664,74000,0.0,0.0
2024-03-12 00:00:00-04:00,17.373602852330567,17.416820109600387,17.347671508789062,17.347671508789062,113500,0.131,0.0
2024-03-13 00:00:00-04:00,17.36496121616446,17.41682226102094,17.25259369557038,17.295812606811523,102700,0.0,0.0
2024-03-14 00:00:00-04:00,17.287168951828185,17.330386214754597,17.079723122242196,17.13158416748047,90400,0.0,0.0
2024-03-15 00:00:00-04:00,17.045147585935606,17.17480266888432,17.045147585935606,17.062435150146484,82900,0.0,0.0
2024-03-18 00:00:00-04:00,17.062433014615177,17.114294052124023,17.027859539153496,17.114294052124023,62600,0.0,0.0
2024-03-19 00:00:00-04:00,17.079718996292883,17.174798930121998,17.079718996292883,17.122936248779297,91200,0.0,0.0
2024-03-20 00:00:00-04:00,17.17480254584929,17.235307371521056,17.053791245872905,17.22666358947754,66800,0.0,0.0
2024-03-21 00:00:00-04:00,17.209373474121094,17.25259072929892,17.174799999705357,17.209373474121094,66500,0.0,0.0
2024-03-22 00:00:00-04:00,17.25259337445823,17.330385764611492,17.235307458916395,17.287168502807617,50100,0.0,0.0
2024-03-25 00:00:00-04:00,17.34767499735873,17.34767499735873,17.097011887247273,17.105655670166016,72300,0.0,0.0
2024-03-26 00:00:00-04:00,17.192085912596923,17.226661035645268,17.148868657419097,17.209373474121094,46600,0.0,0.0
2024-03-27 00:00:00-04:00,17.200732330567007,17.287168502807617,17.19208854847966,17.287168502807617,84500,0.0,0.0
2024-03-28 00:00:00-04:00,17.364959394134242,17.503256598329187,17.27852322935422,17.35631561279297,153500,0.0,0.0
2024-04-01 00:00:00-04:00,17.40818214416504,17.45140106450617,17.330389736184237,17.40818214416504,43200,0.0,0.0
2024-04-02 00:00:00-04:00,17.339030191818306,17.373605321454104,17.243951882585705,17.30445671081543,54800,0.0,0.0
2024-04-03 00:00:00-04:00,17.252597328203436,17.40818214416504,17.252597328203436,17.40818214416504,48200,0.0,0.0
2024-04-04 00:00:00-04:00,17.33902590978149,17.408174503343265,17.14022390937046,17.183441162109375,93800,0.0,0.0
2024-04-05 00:00:00-04:00,17.200726421941752,17.261231227136303,17.157509174983442,17.166152954101562,58300,0.0,0.0
2024-04-08 00:00:00-04:00,17.148871732104194,17.287168951828185,17.05379177530661,17.13158416748047,58600,0.0,0.0
2024-04-09 00:00:00-04:00,17.18466005272498,17.236866150221935,17.14985488132573,17.210763931274414,55200,0.131,0.0
2024-04-10 00:00:00-04:00,17.106351856586674,17.15855795951565,16.932329300687297,16.967134475708008,68100,0.0,0.0
2024-04-11 00:00:00-04:00,17.00193974289903,17.088949361718324,16.897525876872937,16.99323844909668,75800,0.0,0.0
2024-04-12 00:00:00-04:00,16.949731768429796,16.984536943204574,16.784412167055844,16.79311180114746,55800,0.0,0.0
2024-04-15 00:00:00-04:00,16.767009772962655,16.79311199474257,16.532079819330818,16.566884994506836,99700,0.0,0.0
2024-04-16 00:00:00-04:00,16.50597011401169,16.540775276907116,16.366752781633004,16.471166610717773,116300,0.0,0.0
2024-04-17 00:00:00-04:00,16.532077884368572,16.59298527419573,16.47117049454141,16.558181762695312,65200,0.0,0.0
2024-04-18 00:00:00-04:00,16.540777042369346,16.566880917327083,16.488570952055554,16.497270584106445,63100,0.0,0.0
2024-04-19 00:00:00-04:00,16.471172267778343,16.60168835425921,16.471172267778343,16.592987060546875,51400,0.0,0.0
2024-04-22 00:00:00-04:00,16.601686452146836,16.679996426983532,16.57558257400064,16.662593841552734,55500,0.0,0.0
2024-04-23 00:00:00-04:00,16.662590170982632,16.84531395855034,16.64518758938542,16.827911376953125,53800,0.0,0.0
2024-04-24 00:00:00-04:00,16.82791524942557,16.87142005382849,16.679996591012962,16.77570915222168,36300,0.0,0.0
2024-04-25 00:00:00-04:00,16.68000036456261,16.697402954101562,16.575586486931165,16.697402954101562,51700,0.0,0.0
2024-04-26 00:00:00-04:00,16.775708999698047,16.836616389149135,16.767007706976194,16.80181121826172,29900,0.0,0.0
2024-04-29 00:00:00-04:00,16.810512663823637,16.87142005382849,16.732202688216848,16.77570915222168,43100,0.0,0.0
2024-04-30 00:00:00-04:00,16.784414172463585,16.862722505858983,16.732206404063618,16.749608993530273,54100,0.0,0.0
2024-05-01 00:00:00-04:00,16.827915234540498,17.036741282773242,16.81921394174723,16.975833892822266,92900,0.0,0.0
2024-05-02 00:00:00-04:00,17.019338607788086,17.045442486030776,16.94102863266191,17.019338607788086,69500,0.0,0.0
2024-05-03 00:00:00-04:00,17.097648600706094,17.410888501536743,17.097648600706094,17.228164672851562,177600,0.0,0.0
2024-05-06 00:00:00-04:00,17.28907381745858,17.28907381745858,17.18465996340545,17.254268646240234,63000,0.0,0.0
2024-05-07 00:00:00-04:00,17.349983092480226,17.419591782877653,17.28907569583274,17.31517791748047,48500,0.0,0.0
2024-05-08 00:00:00-04:00,17.306478599768273,17.35868636822894,17.001941581759077,17.045446395874023,140800,0.0,0.0
2024-05-09 00:00:00-04:00,17.05414769061747,17.141158978449646,17.010641216900243,17.045446395874023,85400,0.0,0.0
2024-05-10 00:00:00-04:00,17.036745200482667,17.097652604439695,16.97583779652564,17.001941680908203,53600,0.0,0.0
2024-05-13 00:00:00-04:00,17.019340543919334,17.115053115428957,17.001939616046563,17.0976505279541,40500,0.0,0.0
2024-05-14 00:00:00-04:00,17.159842167674515,17.159842167674515,17.045967854600974,17.098526000976562,41400,0.131,0.0
2024-05-15 00:00:00-04:00,17.238677978515625,17.238677978515625,17.12480366371126,17.238677978515625,60400,0.0,0.0
2024-05-16 00:00:00-04:00,17.20363921373266,17.247437669711367,17.0985262608643,17.238677978515625,73400,0.0,0.0
2024-05-17 00:00:00-04:00,17.273713165831005,17.33503099743273,17.19487762451172,17.19487762451172,38900,0.0,0.0
2024-05-20 00:00:00-04:00,17.27371597290039,17.335033814466588,17.212399802074543,17.27371597290039,54800,0.0,0.0
2024-05-21 00:00:00-04:00,17.343791437459075,17.343791437459075,17.256197864426298,17.335033416748047,55400,0.0,0.0
2024-05-22 00:00:00-04:00,17.299992753234594,17.378828296908544,17.256195971522455,17.29123306274414,70500,0.0,0.0
2024-05-23 00:00:00-04:00,17.37006601404101,17.37006601404101,17.11604171068997,17.168598175048828,56100,0.0,0.0
2024-05-24 00:00:00-04:00,17.256195207049863,17.326271057128906,17.168599976766046,17.326271057128906,35000,0.0,0.0
2024-05-28 00:00:00-04:00,17.36131031377547,17.37882969616695,17.238677978515625,17.238677978515625,31400,0.0,0.0
2024-05-29 00:00:00-04:00,17.212397109183186,17.212397109183186,17.04596633530813,17.081005096435547,48000,0.0,0.0
2024-05-30 00:00:00-04:00,17.045963504970622,17.413862082021634,17.045963504970622,17.387584686279297,75500,0.0,0.0
2024-05-31 00:00:00-04:00,17.46642303466797,17.46642303466797,17.33503102252566,17.46642303466797,63600,0.0,0.0
2024-06-03 00:00:00-04:00,17.40510406393406,17.46642021498593,17.308749157572667,17.387584686279297,70700,0.0,0.0
2024-06-04 00:00:00-04:00,17.32627499459165,17.518983208417687,17.32627499459165,17.396350860595703,46200,0.0,0.0
2024-06-05 00:00:00-04:00,17.405110302773622,17.510223264900198,17.34379245900264,17.440147399902344,35900,0.0,0.0
2024-06-06 00:00:00-04:00,17.3875867369008,17.457662585044513,17.34378828759848,17.413864135742188,75600,0.0,0.0
2024-06-07 00:00:00-04:00,17.352552150969924,17.45766678383691,17.352552150969924,17.440147399902344,30500,0.0,0.0
2024-06-10 00:00:00-04:00,17.405109030034893,17.440146124601547,17.335033170161296,17.378829956054688,62200,0.0,0.0
2024-06-11 00:00:00-04:00,17.441433915173075,17.46788597323572,17.362074377295155,17.40616226196289,37700,0.131,0.0
2024-06-12 00:00:00-04:00,17.459070215475432,17.511977701822804,17.3268048632974,17.39734649658203,110000,0.0,0.0
2024-06-13 00:00:00-04:00,17.397347435380382,17.441437009715695,17.35325954289036,17.432619094848633,36500,0.0,0.0
2024-06-14 00:00:00-04:00,17.459069489022678,17.459069489022678,17.335622056372387,17.423799514770508,61100,0.0,0.0
2024-06-17 00:00:00-04:00,17.344439517113983,17.3797094904444,17.300351629989688,17.309167861938477,30800,0.0,0.0
2024-06-18 00:00:00-04:00,17.35325814106613,17.406163944149398,17.265080681363912,17.291534423828125,70500,0.0,0.0
2024-06-20 00:00:00-04:00,17.335623526054306,17.335623526054306,17.220993997710263,17.247446060180664,60900,0.0,0.0
2024-06-21 00:00:00-04:00,17.317985056313315,17.317985056313315,17.203355545445007,17.273897171020508,77600,0.0,0.0
2024-06-24 00:00:00-04:00,17.247442710851885,17.34443807266162,17.247442710851885,17.300350189208984,28900,0.0,0.0
2024-06-25 00:00:00-04:00,17.300350189208984,17.34443807266162,17.2298085665778,17.300350189208984,47100,0.0,0.0
2024-06-26 00:00:00-04:00,17.3003549574705,17.35326076856436,17.247447464531227,17.326807022094727,44800,0.0,0.0
2024-06-27 00:00:00-04:00,17.35325622427221,17.441433674234585,17.291532513852044,17.414979934692383,58700,0.0,0.0
2024-06-28 00:00:00-04:00,17.503160947299552,17.56488467028315,17.39734764943816,17.54724884033203,93100,0.0,0.0
2024-07-01 00:00:00-04:00,17.59134248439158,17.626612470607057,17.485529162053734,17.538434982299805,66200,0.0,0.0
2024-07-02 00:00:00-04:00,17.58252048637796,17.635426294344306,17.529612996566303,17.608972549438477,89300,0.0,0.0
2024-07-03 00:00:00-04:00,17.63542175498885,17.697145462036133,17.59133387333933,17.697145462036133,43600,0.0,0.0
2024-07-05 00:00:00-04:00,17.714786287082944,17.74124003264563,17.591338838147777,17.723604202270508,47700,0.0,0.0
2024-07-08 00:00:00-04:00,17.67069340578437,17.75886916908341,17.59133387333933,17.697145462036133,86200,0.0,0.0
2024-07-09 00:00:00-04:00,17.750051256384534,17.776504994481172,17.67950963663837,17.697145462036133,56900,0.0,0.0
2024-07-10 00:00:00-04:00,17.644243219623757,17.81178023093934,17.635425305149756,17.767690658569336,108600,0.0,0.0
2024-07-11 00:00:00-04:00,17.767687077669635,18.023401500343322,17.750051252275956,18.014583587646484,120800,0.0,0.0
2024-07-12 00:00:00-04:00,18.00576878823365,18.032222530898146,17.899955499420837,17.970497131347656,65000,0.0,0.0
2024-07-15 00:00:00-04:00,17.94404558435892,17.94404558435892,17.71478485357055,17.767690658569336,114500,0.0,0.0
2024-07-16 00:00:00-04:00,17.946086443481455,17.946086443481455,17.79520433823061,17.88395881652832,113200,0.131,0.0
2024-07-17 00:00:00-04:00,17.848458806375376,17.91058643599294,17.76857994176681,17.786331176757812,60400,0.0,0.0
2024-07-18 00:00:00-04:00,17.777454095160344,17.875082493868565,17.69757523713038,17.84845733642578,50800,0.0,0.0
2024-07-19 00:00:00-04:00,17.786332626819064,17.830709025063488,17.715327681066253,17.76858139038086,52300,0.0,0.0
2024-07-22 00:00:00-04:00,17.724201854289305,17.79520510140237,17.697576694653744,17.786331176757812,75500,0.0,0.0
2024-07-23 00:00:00-04:00,17.795204110885226,17.88395858804904,17.440187895080822,17.502315521240234,376600,0.0,0.0
2024-07-24 00:00:00-04:00,17.475688486798614,17.53781610628766,17.37805840311545,17.41356086730957,133200,0.0,0.0
2024-07-25 00:00:00-04:00,17.44018573463652,17.591067819268872,17.44018573463652,17.528940200805664,73200,0.0,0.0
2024-07-26 00:00:00-04:00,17.697574978053726,17.697574978053726,17.51119041442871,17.51119041442871,86700,0.0,0.0
2024-07-29 00:00:00-04:00,17.537815816707642,17.59994343517085,17.511188969001708,17.528940200805664,40100,0.0,0.0
2024-07-30 00:00:00-04:00,17.591068006746617,17.662071241868524,17.54669161961442,17.617694854736328,49900,0.0,0.0
2024-07-31 00:00:00-04:00,17.777452730207187,17.777452730207187,17.670947030061143,17.750825881958008,68500,0.0,0.0
2024-08-01 00:00:00-04:00,17.70645021584149,17.795202994586965,17.65319651717331,17.74195098876953,95800,0.0,0.0
2024-08-02 00:00:00-04:00,17.74195318340283,17.74195318340283,17.56444591110395,17.670949935913086,69400,0.0,0.0
2024-08-05 00:00:00-04:00,17.431312138188716,17.466814605909665,17.191677252475653,17.32480812072754,91300,0.0,0.0
2024-08-06 00:00:00-04:00,17.32480854099042,17.440188178180698,17.28930607240826,17.431312561035156,54700,0.0,0.0
2024-08-07 00:00:00-04:00,17.440187650478364,17.59994536856242,17.440187650478364,17.48456573486328,78100,0.0,0.0
2024-08-08 00:00:00-04:00,17.511191138241703,17.599945615405517,17.431312278079353,17.502315521240234,72900,0.0,0.0
2024-08-09 00:00:00-04:00,17.46681474608522,17.573318764401115,17.46681474608522,17.502315521240234,57400,0.0,0.0
2024-08-12 00:00:00-04:00,17.528942126397375,17.635447836070355,17.422436416724395,17.48456573486328,139200,0.0,0.0
2024-08-13 00:00:00-04:00,17.58373898148185,17.610542370543822,17.45865195470485,17.51226043701172,129700,0.131,0.0
2024-08-14 00:00:00-04:00,17.539064952424383,17.592675142357,17.46758640336393,17.485456466674805,67900,0.0,0.0
2024-08-15 00:00:00-04:00,17.583740234375,17.65521878393819,17.521196716530092,17.583740234375,98400,0.0,0.0
2024-08-16 00:00:00-04:00,17.619480017499097,17.77137216007164,17.619480017499097,17.753503799438477,56900,0.0,0.0
2024-08-19 00:00:00-04:00,17.78924078008509,17.84284926599697,17.664153744896353,17.798175811767578,75100,0.0,0.0
2024-08-20 00:00:00-04:00,17.869653701782227,17.896458795840772,17.78924012378957,17.869653701782227,88800,0.0,0.0
2024-08-21 00:00:00-04:00,17.8785933268678,17.905398427813658,17.842853192273324,17.89646339416504,71200,0.0,0.0
2024-08-22 00:00:00-04:00,17.914332771448787,17.93220283975769,17.807115769962394,17.887529373168945,67400,0.0,0.0
2024-08-23 00:00:00-04:00,17.959007043050622,18.101964173997256,17.91433187451516,18.075159072875977,88600,0.0,0.0
2024-08-26 00:00:00-04:00,18.191308064942884,18.191308064942884,17.994740782993038,18.066219329833984,63900,0.0,0.0
2024-08-27 00:00:00-04:00,18.110895042896413,18.137698433670515,18.03048146220803,18.128765106201172,73900,0.0,0.0
2024-08-28 00:00:00-04:00,18.15557165534258,18.218115183606358,18.03941963202175,18.08409309387207,78600,0.0,0.0
2024-08-29 00:00:00-04:00,18.084093988568014,18.18237765452122,17.959006925851874,18.093029022216797,114000,0.0,0.0
2024-08-30 00:00:00-04:00,18.155565936904818,18.209174415076866,18.093022428340298,18.200241088867188,73600,0.0,0.0
2024-09-03 00:00:00-04:00,18.19130921029719,18.29852618521768,18.155569082534967,18.2717227935791,73700,0.0,0.0
2024-09-04 00:00:00-04:00,18.271727299312072,18.28959566341636,18.235987162736482,18.28066062927246,58400,0.0,0.0
2024-09-05 00:00:00-04:00,18.31639200008266,18.361065445239053,18.22704340558718,18.307456970214844,54900,0.0,0.0
2024-09-06 00:00:00-04:00,18.37000473049132,18.396809826304132,18.128765684908362,18.155569076538086,65700,0.0,0.0
2024-09-09 00:00:00-04:00,18.280657710202778,18.289592742919922,18.17344072596351,18.289592742919922,56100,0.0,0.0
2024-09-10 00:00:00-04:00,18.33545441297424,18.33545441297424,18.218554277745643,18.26351547241211,35800,0.131,0.0
2024-09-11 00:00:00-04:00,18.3084774017334,18.317469983217023,18.245531046507562,18.3084774017334,61700,0.0,0.0
2024-09-12 00:00:00-04:00,18.335451491834625,18.380414394497397,18.27250514326611,18.371421813964844,53400,0.0,0.0
2024-09-13 00:00:00-04:00,18.443363152485585,18.524294672692015,18.41638540736358,18.506309509277344,85800,0.0,0.0
2024-09-16 00:00:00-04:00,18.542279318130245,18.749103546142578,18.47933124793735,18.749103546142578,108200,0.0,0.0
2024-09-17 00:00:00-04:00,18.794066082122665,18.84801985955783,18.686158527252335,18.7401123046875,80600,0.0,0.0
2024-09-18 00:00:00-04:00,18.857012194113707,18.874997358075884,18.731119476697742,18.830036163330078,77900,0.0,0.0
2024-09-19 00:00:00-04:00,18.866005783235394,19.126785529129478,18.785074256244794,19.036861419677734,115500,0.0,0.0
2024-09-20 00:00:00-04:00,19.04585400213888,19.081822616823743,18.94693731022599,19.036861419677734,81600,0.0,0.0
2024-09-23 00:00:00-04:00,19.045853711040532,19.2077167625478,18.946937020639492,19.18973159790039,116100,0.0,0.0
2024-09-24 00:00:00-04:00,19.225697665872765,19.315621762040973,19.180736475368402,19.306629180908203,64100,0.0,0.0
2024-09-25 00:00:00-04:00,19.351591344305913,19.369576505881597,19.189728320443596,19.261667251586914,77200,0.0,0.0
2024-09-26 00:00:00-04:00,19.378574177909794,19.48648347010581,19.117796104106116,19.153764724731445,114200,0.0,0.0
2024-09-27 00:00:00-04:00,19.26167348758294,19.369582776813417,19.198727116848477,19.3336124420166,48800,0.0,0.0
2024-09-30 00:00:00-04:00,19.378570063503986,19.603379468951406,19.369579196626578,19.55841827392578,143500,0.0,0.0
2024-10-01 00:00:00-04:00,19.666325022660597,19.666325022660597,19.50446199705821,19.612369537353516,145300,0.0,0.0
2024-10-02 00:00:00-04:00,19.61236859283826,19.66632407554689,19.53143708393466,19.594385147094727,46600,0.0,0.0
2024-10-03 00:00:00-04:00,19.522444367760126,19.549422108926887,19.40554425302283,19.468490600585938,50800,0.0,0.0
2024-10-04 00:00:00-04:00,19.48647686664,19.603376988007895,19.423530515506567,19.549423217773438,68100,0.0,0.0
2024-10-07 00:00:00-04:00,19.540431683827215,19.58539459073118,19.36058520168993,19.378568649291992,67300,0.0,0.0
2024-10-08 00:00:00-04:00,19.333605459481056,19.60337601238682,19.27965169193177,19.594385147094727,72400,0.0,0.0
2024-10-09 00:00:00-04:00,19.5134552768233,19.549423886490153,19.33360708301057,19.369577407836914,57800,0.0,0.0
2024-10-10 00:00:00-04:00,19.36058523669718,19.45950020174571,19.25267597509207,19.315622329711914,48700,0.0,0.0
2024-10-11 00:00:00-04:00,19.33360648449074,19.42353057861328,19.33360648449074,19.42353057861328,73400,0.0,0.0
2024-10-14 00:00:00-04:00,19.423535942069574,19.639352798461914,19.38756560842423,19.639352798461914,91700,0.0,0.0
2024-10-15 00:00:00-04:00,19.69453166801427,19.730717323351907,19.513598214798225,19.60406494140625,72200,0.131,0.0
2024-10-16 00:00:00-04:00,19.649297133225083,19.69453135857302,19.558832133547742,19.667390823364258,64100,0.0,0.0
2024-10-17 00:00:00-04:00,19.658347692758937,19.71262877343292,19.45027539337076,19.504554748535156,82500,0.0,0.0
2024-10-18 00:00:00-04:00,19.50455157211478,19.50455157211478,19.323619842529297,19.323619842529297,69900,0.0,0.0
2024-10-21 00:00:00-04:00,19.28743688471537,19.35980993824957,19.18792328903971,19.251251220703125,70100,0.0,0.0
2024-10-22 00:00:00-04:00,19.22410874800886,19.359807994069367,19.187921362120974,19.30552864074707,68400,0.0,0.0
2024-10-23 00:00:00-04:00,19.251250064572524,19.296482573248827,19.097457119359653,19.115549087524414,35500,0.0,0.0
2024-10-24 00:00:00-04:00,19.151736474873136,19.18792213671226,19.07936342568529,19.115549087524414,54800,0.0,0.0
2024-10-25 00:00:00-04:00,19.206015830386622,19.242203217735344,19.07031657884811,19.115549087524414,44100,0.0,0.0
2024-10-28 00:00:00-04:00,19.124593485971452,19.142687177329403,18.997941097484556,19.025081634521484,55100,0.0,0.0
2024-10-29 00:00:00-04:00,18.988898824310784,19.061271881660556,18.86224640532613,18.889385223388672,61500,0.0,0.0
2024-10-30 00:00:00-04:00,18.8893846049319,19.025085592840814,18.8893846049319,18.96175765991211,57000,0.0,0.0
2024-10-31 00:00:00-04:00,19.006989426256254,19.07031562544097,18.8893821487622,18.925569534301758,59500,0.0,0.0
2024-11-01 00:00:00-04:00,18.988894696656565,19.079361430056295,18.88938111736592,18.898427963256836,82400,0.0,0.0
2024-11-04 00:00:00-05:00,18.934616646590694,19.07031589325068,18.789870553418776,18.970802307128906,57000,0.0,0.0
2024-11-05 00:00:00-05:00,18.943663493102633,19.052222200226804,18.835103060468924,18.970802307128906,32100,0.0,0.0
2024-11-06 00:00:00-05:00,19.016036403541214,19.269341202023742,18.862243464958453,19.034130096435547,73900,0.0,0.0
2024-11-07 00:00:00-05:00,18.98889901505038,19.26934439940904,18.970805319153737,19.160785675048828,60400,0.0,0.0
2024-11-08 00:00:00-05:00,19.18792403563176,19.613117251510204,19.18792403563176,19.558837890625,53800,0.0,0.0
2024-11-11 00:00:00-05:00,19.51359881390384,19.631206079757828,19.468366311965745,19.531692504882812,70500,0.0,0.0
2024-11-12 00:00:00-05:00,19.53260363876986,19.60542023350577,19.286854575708848,19.40517807006836,77600,0.131,0.0
2024-11-13 00:00:00-05:00,19.423381341154556,19.468889974765133,19.177630553154017,19.214038848876953,56800,0.0,0.0
2024-11-14 00:00:00-05:00,19.21403876254632,19.377872620477223,19.077509390241843,19.141223907470703,54900,0.0,0.0
2024-11-15 00:00:00-05:00,19.13212511998598,19.13212511998598,18.904578441782654,19.004697799682617,62000,0.0,0.0
2024-11-18 00:00:00-05:00,18.977392274449095,19.10481785176002,18.959188124535164,19.050207138061523,50600,0.0,0.0
2024-11-19 00:00:00-05:00,19.041104856021356,19.15032801827378,18.931881693768936,19.059309005737305,33700,0.0,0.0
2024-11-20 00:00:00-05:00,18.995595140703088,19.113918635061136,18.986493066361213,19.022899627685547,46200,0.0,0.0
2024-11-21 00:00:00-05:00,19.032003065571143,19.232243507309093,19.01379891558316,19.123022079467773,68400,0.0,0.0
2024-11-22 00:00:00-05:00,19.077510833740234,19.18673399263956,19.059308420626362,19.077510833740234,47800,0.0,0.0
2024-11-25 00:00:00-05:00,19.195837777394775,19.250448493688154,19.041105967860727,19.08661460876465,63100,0.0,0.0
2024-11-26 00:00:00-05:00,19.068409916164047,19.10481647732947,18.886371902207433,18.950084686279297,62000,0.0,0.0
2024-11-27 00:00:00-05:00,18.995596217774754,19.06841108059528,18.94098376862691,19.059309005737305,66000,0.0,0.0
2024-11-29 00:00:00-05:00,19.11391900627223,19.17763179185956,19.004695848091668,19.159427642822266,43600,0.0,0.0
2024-12-02 00:00:00-05:00,19.15942559103153,19.423380515675653,19.123019032898938,19.396074295043945,84500,0.0,0.0
2024-12-03 00:00:00-05:00,19.314157950316652,19.450687321540073,19.168528241318537,19.377872467041016,51700,0.0,0.0
2024-12-04 00:00:00-05:00,19.38697780058289,19.54170962327111,19.25955220638442,19.477996826171875,65100,0.0,0.0
2024-12-05 00:00:00-05:00,19.52350055493784,19.56900918420487,19.40517534117489,19.44158363342285,49800,0.0,0.0
2024-12-06 00:00:00-05:00,19.432486127179118,19.514403067945363,19.25955017044556,19.332365036010742,70000,0.0,0.0
2024-12-09 00:00:00-05:00,19.36877184029733,19.405178402245323,19.295956980358152,19.314159393310547,75400,0.0,0.0
2024-12-10 00:00:00-05:00,19.37002706899751,19.37918568401553,19.24180995239967,19.360868453979492,84300,0.131,0.0
2024-12-11 00:00:00-05:00,19.4616118420396,19.4616118420396,19.14106729762879,19.25096893310547,124700,0.0,0.0
2024-12-12 00:00:00-05:00,19.168542102758312,19.223492044100414,19.067799087941843,19.07695770263672,90400,0.0,0.0
2024-12-13 00:00:00-05:00,19.08611535732341,19.23264969141661,19.049480900386584,19.095273971557617,107400,0.0,0.0
2024-12-16 00:00:00-05:00,19.205174926393642,19.269285229630576,19.122749140487592,19.196016311645508,130800,0.0,0.0
2024-12-17 00:00:00-05:00,19.13190591272741,19.370024632765276,18.930421648153978,19.00368881225586,131800,0.0,0.0
2024-12-18 00:00:00-05:00,18.98537203522615,19.113590885568527,18.518293197928326,18.59156036376953,130800,0.0,0.0
2024-12-19 00:00:00-05:00,18.591563884753096,18.701465527742258,18.426714040510383,18.545772552490234,122900,0.0,0.0
2024-12-20 00:00:00-05:00,18.47250168275958,18.765570343084995,18.47250168275958,18.701461791992188,78000,0.0,0.0
2024-12-23 00:00:00-05:00,18.765574464666212,18.829683029839522,18.692307283492806,18.747257232666016,79300,0.0,0.0
2024-12-24 00:00:00-05:00,18.692304597659966,18.774730382989997,18.692304597659966,18.728939056396484,27600,0.0,0.0
2024-12-26 00:00:00-05:00,18.774733080666312,18.774733080666312,18.683148667492706,18.747257232666016,72800,0.0,0.0
2024-12-27 00:00:00-05:00,18.655674195479396,18.74725686000512,18.509138089218062,18.545772552490234,82900,0.0,0.0
2024-12-30 00:00:00-05:00,18.344284652075366,18.554927534151915,18.335126038051122,18.472501754760742,139400,0.0,0.0
2024-12-31 00:00:00-05:00,18.47250507949576,18.554930873722167,18.362603438251444,18.499980926513672,262500,0.0,0.0
2025-01-02 00:00:00-05:00,18.60987598137837,18.73809307379741,18.481658888959334,18.67398452758789,101100,0.0,0.0
2025-01-03 00:00:00-05:00,18.664828382567656,18.893788504637964,18.64651290039063,18.875473022460938,55200,0.0,0.0
2025-01-06 00:00:00-05:00,18.912106109597666,18.921264724281794,18.701463212344095,18.728939056396484,100100,0.0,0.0
2025-01-07 00:00:00-05:00,18.692303544797582,18.72893800147063,18.52745198342295,18.554927825927734,98200,0.0,0.0
2025-01-08 00:00:00-05:00,18.554930014035904,18.664829903361017,18.426712894214187,18.63735580444336,48000,0.0,0.0
2025-01-10 00:00:00-05:00,18.5640851943081,18.59155928814213,18.408392257549878,18.45418357849121,64500,0.0,0.0
2025-01-13 00:00:00-05:00,18.40839672984847,18.52745524131721,18.33512955044601,18.390079498291016,80000,0.0,0.0
2025-01-14 00:00:00-05:00,18.446313185542525,18.547717767548324,18.400219394495185,18.520061492919922,72600,0.131,0.0
2025-01-15 00:00:00-05:00,18.66755326093457,18.851924860658016,18.575367461072847,18.78739356994629,123600,0.0,0.0
2025-01-16 00:00:00-05:00,18.741301549164373,18.851924860658016,18.53849419610689,18.78739356994629,118900,0.0,0.0
2025-01-17 00:00:00-05:00,18.796616965785304,18.88880278840348,18.722868659350425,18.805835723876953,112000,0.0,0.0
2025-01-21 00:00:00-05:00,18.870359460303874,18.999420275538974,18.805829931835213,18.934890747070312,70400,0.0,0.0
2025-01-22 00:00:00-05:00,18.98098110030022,19.01785435977785,18.805828282462997,18.898014068603516,89900,0.0,0.0
2025-01-23 00:00:00-05:00,18.89802020732027,18.990206023405857,18.815053148673055,18.953330993652344,86300,0.0,0.0
2025-01-24 00:00:00-05:00,18.999425888061523,19.073174193568143,18.851929277048292,18.999425888061523,85700,0.0,0.0
2025-01-27 00:00:00-05:00,18.99020767211914,19.100829254387364,18.898021848030055,18.99020767211914,66000,0.0,0.0
2025-01-28 00:00:00-05:00,18.971765689919895,19.08238900444709,18.934892423942788,19.06395149230957,71100,0.0,0.0
2025-01-29 00:00:00-05:00,19.128484983123528,19.137703741099145,18.94411334020784,18.999425888061523,82300,0.0,0.0
2025-01-30 00:00:00-05:00,19.1008260078585,19.2206680862945,19.1008260078585,19.1377010345459,83100,0.0,0.0
2025-01-31 00:00:00-05:00,19.174577581631745,19.32207419700596,19.110048032192818,19.146923065185547,116700,0.0,0.0
2025-02-03 00:00:00-05:00,19.027078250644685,19.165357846333308,18.99942373814544,19.128482818603516,77000,0.0,0.0
2025-02-04 00:00:00-05:00,19.15614128460823,19.275981621867018,19.146922526619353,19.24832534790039,55900,0.0,0.0
2025-02-05 00:00:00-05:00,19.29441618997338,19.460350291824536,19.248322407071374,19.42347526550293,71800,0.0,0.0
2025-02-06 00:00:00-05:00,19.4326943982476,19.524880207538047,19.285197806702115,19.322071075439453,70500,0.0,0.0
2025-02-07 00:00:00-05:00,19.312855308249905,19.46957066654547,19.220669493082248,19.30363655090332,73800,0.0,0.0
2025-02-10 00:00:00-05:00,19.303634357275854,19.303634357275854,19.183792283687065,19.275978088378906,78800,0.0,0.0
2025-02-11 00:00:00-05:00,19.25835283801956,19.40677930630085,19.23052221169817,19.388225555419922,48800,0.131,0.0
2025-02-12 00:00:00-05:00,19.314010789249934,19.388224017503823,19.19341495685596,19.276905059814453,75500,0.0,0.0
2025-02-13 00:00:00-05:00,19.286186002309076,19.397504983477543,19.286186002309076,19.36039924621582,54900,0.0,0.0
2025-02-14 00:00:00-05:00,19.32328919671974,19.443885038679635,19.32328919671974,19.388225555419922,47400,0.0,0.0
2025-02-18 00:00:00-05:00,19.42533428827067,19.48099377505783,19.369673032100327,19.453163146972656,65000,0.0,0.0
2025-02-19 00:00:00-05:00,19.43461116429906,19.5273763858166,19.43461116429906,19.453163146972656,34900,0.0,0.0
2025-02-20 00:00:00-05:00,19.53665228669836,19.53665228669836,19.406779567549687,19.471715927124023,61600,0.0,0.0
2025-02-21 00:00:00-05:00,19.4902719807068,19.4902719807068,19.36039924621582,19.36039924621582,34800,0.0,0.0
2025-02-24 00:00:00-05:00,19.36039643560283,19.36039643560283,19.29545830840132,19.30473518371582,42500,0.0,0.0
2025-02-25 00:00:00-05:00,19.304735150173656,19.416055884371207,19.286183168959937,19.341842651367188,31400,0.0,0.0
2025-02-26 00:00:00-05:00,19.351122658852216,19.4160590270685,19.286186290635932,19.406782150268555,89300,0.0,0.0
2025-02-27 00:00:00-05:00,19.46243852529625,19.508822901868758,19.286183202469864,19.30473518371582,47000,0.0,0.0
2025-02-28 00:00:00-05:00,19.360400288072803,19.48099615239225,19.30473902510992,19.46244239807129,54800,0.0,0.0
2025-03-03 00:00:00-05:00,19.490273029552732,19.610868893872176,19.360400288072803,19.46244239807129,94400,0.0,0.0
2025-03-04 00:00:00-05:00,19.434609668735792,19.47171540061075,19.21196819995385,19.30473518371582,55000,0.0,0.0
2025-03-05 00:00:00-05:00,19.332563702188065,19.42533067583737,19.211966105629113,19.37894630432129,44700,0.0,0.0
2025-03-06 00:00:00-05:00,19.35111902790502,19.36967100864058,19.082094959334945,19.137754440307617,78500,0.0,0.0
2025-03-07 00:00:00-05:00,19.147030814575704,19.20269206347555,19.04498873035855,19.165584564208984,50100,0.0,0.0
2025-03-10 00:00:00-04:00,19.128483792895018,19.15631265517591,19.072822529566412,19.10993003845215,39900,0.0,0.0
2025-03-11 00:00:00-04:00,19.07351572138198,19.138867667528718,18.90546684231495,19.02683448791504,63900,0.131,0.0
2025-03-12 00:00:00-04:00,19.036171871930677,19.09218935543779,18.93347671358181,18.989492416381836,65100,0.0,0.0
2025-03-13 00:00:00-04:00,18.95214676708797,19.06417994949189,18.756090923764884,18.877458572387695,92100,0.0,0.0
2025-03-14 00:00:00-04:00,18.98015518316764,18.998827676700028,18.83077879632251,18.858787536621094,67800,0.0,0.0
2025-03-17 00:00:00-04:00,18.858788293407297,18.98949219196507,18.78410009698756,18.98015594482422,65300,0.0,0.0
2025-03-18 00:00:00-04:00,18.970819921879464,19.017501158135392,18.942812960832995,18.989492416381836,32700,0.0,0.0
2025-03-19 00:00:00-04:00,19.01750002192863,19.12019517414194,18.998827528541856,19.02683448791504,61600,0.0,0.0
2025-03-20 00:00:00-04:00,18.989492177781557,19.10152358197395,18.989492177781557,19.064180374145508,50000,0.0,0.0
2025-03-21 00:00:00-04:00,19.110863206507048,19.110863206507048,19.008168031299554,19.04551124572754,50700,0.0,0.0
2025-03-24 00:00:00-04:00,19.101522680755163,19.129531420835328,18.989491281848466,19.02683448791504,73600,0.0,0.0
2025-03-25 00:00:00-04:00,19.026833027962702,19.138866198979937,19.026833027962702,19.12952995300293,72400,0.0,0.0
2025-03-26 00:00:00-04:00,19.138868795702145,19.157541290189606,19.054844351215667,19.073516845703125,45300,0.0,0.0
2025-03-27 00:00:00-04:00,19.04551124572754,19.073519992079063,18.989495533731873,19.04551124572754,72700,0.0,0.0
2025-03-28 00:00:00-04:00,19.073514035596894,19.073514035596894,18.98948960348976,19.036169052124023,59100,0.0,0.0
2025-03-31 00:00:00-04:00,18.905468418017364,19.11086052026965,18.905468418017364,19.00816535949707,203500,0.0,0.0
2025-04-01 00:00:00-04:00,18.98949385493456,19.13887026085539,18.886796908098784,19.054845809936523,71800,0.0,0.0
2025-04-02 00:00:00-04:00,19.05484289534812,19.110858593823583,18.998827196872657,19.092187881469727,43100,0.0,0.0
2025-04-03 00:00:00-04:00,18.858786188730843,18.95214508830618,18.672064828166434,18.7187442779541,69300,0.0,0.0
2025-04-04 00:00:00-04:00,18.662734438270082,18.67207068729862,17.34635359727212,17.77581214904785,467600,0.0,0.0
2025-04-07 00:00:00-04:00,17.533070083673305,17.66377397188578,17.26232428013955,17.29966926574707,202500,0.0,0.0
2025-04-08 00:00:00-04:00,17.53567072517995,17.864758744948187,17.479256199712246,17.526268005371094,235700,0.131,0.0
2025-04-09 00:00:00-04:00,17.39463668301448,18.372498200614512,17.28180581814303,18.240861892700195,171700,0.0,0.0
2025-04-10 00:00:00-04:00,18.222054602497302,18.25966548477044,17.620294833211663,17.733125686645508,99200,0.0,0.0
2025-04-11 00:00:00-04:00,17.855357853288712,17.855357853288712,17.563880682912544,17.704917907714844,74100,0.0,0.0
2025-04-14 00:00:00-04:00,17.761332066412958,17.911772008831335,17.714320256926808,17.770734786987305,63400,0.0,0.0
2025-04-15 00:00:00-04:00,17.817751683074263,18.071618011960833,17.7989462384498,17.97759437561035,62000,0.0,0.0
2025-04-16 00:00:00-04:00,17.986991500284226,18.15623687933711,17.96818785302265,18.015199661254883,66500,0.0,0.0
2025-04-17 00:00:00-04:00,18.12803357798319,18.20325355990902,18.0810199684134,18.109228134155273,26800,0.0,0.0
2025-04-21 00:00:00-04:00,18.07161367951595,18.14683364659483,17.977590065706462,18.005796432495117,51000,0.0,0.0
2025-04-22 00:00:00-04:00,18.165641277100015,18.19384944067545,18.043409488377847,18.156238555908203,45100,0.0,0.0
2025-04-23 00:00:00-04:00,18.3536923786091,18.522937775728856,18.20325242414392,18.306678771972656,83300,0.0,0.0
2025-04-24 00:00:00-04:00,18.353690210811695,18.494727427291348,18.297273889511427,18.372495651245117,70200,0.0,0.0
2025-04-25 00:00:00-04:00,18.438313177468373,18.569947675716666,18.30667688583455,18.52293586730957,32800,0.0,0.0
2025-04-28 00:00:00-04:00,18.52293574079636,18.69217932593727,18.42891033123884,18.48532485961914,40400,0.0,0.0
2025-04-29 00:00:00-04:00,18.513535061730664,18.616961409600346,18.47592417640662,18.560546875,53600,0.0,0.0
2025-04-30 00:00:00-04:00,18.54174003454461,18.645168168002943,18.269068310043885,18.569948196411133,82400,0.0,0.0
2025-05-01 00:00:00-04:00,18.692177981604157,18.852020628340476,18.52293440863517,18.786203384399414,182700,0.0,0.0
2025-05-02 00:00:00-04:00,18.823814392089844,18.861423477434883,18.710983549283917,18.823814392089844,37100,0.0,0.0
2025-05-05 00:00:00-04:00,18.76740086494392,18.870829003448307,18.63576635658246,18.805011749267578,36300,0.0,0.0
2025-05-06 00:00:00-04:00,18.682779961987034,18.861426282367393,18.663974519825206,18.805011749267578,55500,0.0,0.0
2025-05-07 00:00:00-04:00,18.861426282367393,18.88023172452922,18.757999937248677,18.805011749267578,36400,0.0,0.0
2025-05-08 00:00:00-04:00,18.823814262871675,18.917839665666932,18.77680066478135,18.786203384399414,43600,0.0,0.0
2025-05-09 00:00:00-04:00,18.861424128845087,18.955449535533113,18.81441232219381,18.908437728881836,47500,0.0,0.0
2025-05-12 00:00:00-04:00,19.105891155172955,19.105891155172955,18.946048487711177,19.049476623535156,43800,0.0,0.0
2025-05-13 00:00:00-04:00,19.069348178061368,19.182913330831735,19.059884264909098,19.145057678222656,112400,0.131,0.0
2025-05-14 00:00:00-04:00,19.097739822529025,19.145057582998156,19.0314942358495,19.088275909423828,65700,0.0,0.0
2025-05-15 00:00:00-04:00,19.069351121632028,19.21130623071472,19.050423292405764,19.173452377319336,60000,0.0,0.0
2025-05-16 00:00:00-04:00,19.277552929913746,19.277552929913746,19.11666999747253,19.154523849487305,45500,0.0,0.0
2025-05-19 00:00:00-04:00,19.003102786244828,19.258623028810106,19.003102786244828,19.201841354370117,47700,0.0,0.0
2025-05-20 00:00:00-04:00,19.220766865208034,19.31540419013188,19.182913018272597,19.296476364135742,44600,0.0,0.0
2025-05-21 00:00:00-04:00,19.2680901465594,19.30594400079595,19.040961605968526,19.078815460205078,89700,0.0,0.0
2025-05-22 00:00:00-04:00,19.088275654469516,19.220766826058934,19.078811741490725,19.13559341430664,42500,0.0,0.0
2025-05-23 00:00:00-04:00,19.07881199631863,19.173449322313747,19.040958148954697,19.088275909423828,39100,0.0,0.0
2025-05-27 00:00:00-04:00,19.19237673944156,19.28701225836268,19.145057174924183,19.182912826538086,47600,0.0,0.0
2025-05-28 00:00:00-04:00,19.24915911556063,19.258623028810106,19.116667940181692,19.201841354370117,40100,0.0,0.0
2025-05-29 00:00:00-04:00,19.19238176689962,19.45736417738199,19.135598274604288,19.163990020751953,79100,0.0,0.0
2025-05-30 00:00:00-04:00,19.324867950520524,19.343795776367188,19.163985040937543,19.343795776367188,63500,0.0,0.0
2025-06-02 00:00:00-04:00,19.277549840998816,19.391113183903528,19.23023027724119,19.334331512451172,58200,0.0,0.0
2025-06-03 00:00:00-04:00,19.305941266689967,19.466824185789754,19.305941266689967,19.428970336914062,60400,0.0,0.0
2025-06-04 00:00:00-04:00,19.428969730187266,19.542533078324926,19.400577990624413,19.46682357788086,48900,0.0,0.0
2025-06-05 00:00:00-04:00,19.542535432271904,19.6087810275078,19.50468158001872,19.533071517944336,33400,0.0,0.0
2025-06-06 00:00:00-04:00,19.580390139434545,19.618243989850857,19.447897150334953,19.504680633544922,68700,0.0,0.0
2025-06-09 00:00:00-04:00,19.52360744467265,19.608780867870273,19.52360744467265,19.58039093017578,43500,0.0,0.0
2025-06-10 00:00:00-04:00,19.58133996524657,19.667056095135916,19.58133996524657,19.590864181518555,71300,0.131,0.0
2025-06-11 00:00:00-04:00,19.676585324148338,19.809920752807173,19.638490265913944,19.68610954284668,57300,0.0,0.0
2025-06-12 00:00:00-04:00,19.686106809845576,19.790871384424005,19.600390670019355,19.69563102722168,53100,0.0,0.0
2025-06-13 00:00:00-04:00,19.61943817138672,19.714678524058034,19.51467360179241,19.61943817138672,67700,0.0,0.0
2025-06-16 00:00:00-04:00,19.733728819779415,19.762301475874438,19.638490265913944,19.68610954284668,47000,0.0,0.0
2025-06-17 00:00:00-04:00,19.752775752085142,19.752775752085142,19.590867679668097,19.63848876953125,35600,0.0,0.0
2025-06-18 00:00:00-04:00,19.676581656366054,19.714678524058034,19.60038973754073,19.61943817138672,41700,0.0,0.0
2025-06-20 00:00:00-04:00,19.657532511198816,19.714677810668945,19.61943746144397,19.714677810668945,43800,0.0,0.0
2025-06-23 00:00:00-04:00,19.71467797735703,19.752773027433975,19.667056894062622,19.73372459411621,38300,0.0,0.0
2025-06-24 00:00:00-04:00,19.74324974673709,19.838490101282353,19.74324974673709,19.809917449951172,38700,0.0,0.0
2025-06-25 00:00:00-04:00,19.73372536432024,19.80991728400647,19.73372536432024,19.790870666503906,48500,0.0,0.0
2025-06-26 00:00:00-04:00,19.80039803583721,19.85754153055969,19.71468188547401,19.81944465637207,72200,0.0,0.0
2025-06-27 00:00:00-04:00,19.809919458731674,19.91468404101075,19.809919458731674,19.8956356048584,63900,0.0,0.0
2025-06-30 00:00:00-04:00,19.97182763429247,20.067067998978843,19.924208360228715,19.981351852416992,86200,0.0,0.0
2025-07-01 00:00:00-04:00,19.867066037649675,20.095641836418313,19.857541818964446,20.07659339904785,67500,0.0,0.0
2025-07-02 00:00:00-04:00,20.076591445006173,20.238499513778752,20.067067227247925,20.228975296020508,64400,0.0,0.0
2025-07-03 00:00:00-04:00,20.19087890558296,20.21944974040846,20.086114333732976,20.200401306152344,41600,0.0,0.0
2025-07-07 00:00:00-04:00,20.10516481899815,20.190880965336262,20.009924454560377,20.13373565673828,57200,0.0,0.0
2025-07-08 00:00:00-04:00,20.133734005548405,20.190879309459834,20.095638952832825,20.152782440185547,55900,0.0,0.0
2025-07-09 00:00:00-04:00,20.257547634115813,20.352787993657664,20.181355709794087,20.276596069335938,63200,0.0,0.0
2025-07-10 00:00:00-04:00,20.305166905607358,20.333739558437543,20.238499198895692,20.276596069335938,48000,0.0,0.0
2025-07-11 00:00:00-04:00,20.276595557222198,20.286117958032992,20.152782547977232,20.23849868774414,39500,0.0,0.0
2025-07-14 00:00:00-04:00,20.286117497748375,20.409930504184068,20.286117497748375,20.352787017822266,86300,0.0,0.0
2025-07-15 00:00:00-04:00,20.41123891675814,20.41123891675814,20.286664079930524,20.305830001831055,58900,0.131,0.0
2025-07-16 00:00:00-04:00,20.334577056918935,20.392074822620526,20.286664079930524,20.305830001831055,56500,0.0,0.0
2025-07-17 00:00:00-04:00,20.324997526481454,20.392078264455392,20.305833429109267,20.35374641418457,54600,0.0,0.0
2025-07-18 00:00:00-04:00,20.392075732114296,20.392075732114296,19.922521591186523,19.922521591186523,147100,0.0,0.0
2025-07-21 00:00:00-04:00,20.07584455257368,20.1525064129103,20.008763825486582,20.018346786499023,136400,0.0,0.0
2025-07-22 00:00:00-04:00,20.047095369765614,20.104591307217593,20.027929448027322,20.066261291503906,65400,0.0,0.0
2025-07-23 00:00:00-04:00,20.027930571395107,20.12375835769865,19.95126870790487,19.960851669311523,87200,0.0,0.0
2025-07-24 00:00:00-04:00,19.951265920821488,20.104589626383476,19.932100000685555,19.98001480102539,76200,0.0,0.0
2025-07-25 00:00:00-04:00,20.027929415829675,20.25791499303075,20.027929415829675,20.229167938232422,102700,0.0,0.0
2025-07-28 00:00:00-04:00,20.267499725877013,20.32499566826344,20.133341917720994,20.190837860107422,60300,0.0,0.0
2025-07-29 00:00:00-04:00,20.257915496826172,20.324994396707645,20.219585480220875,20.257915496826172,44700,0.0,0.0
2025-07-30 00:00:00-04:00,20.277084675846535,20.392078399658203,20.219588727822316,20.392078399658203,46300,0.0,0.0
2025-07-31 00:00:00-04:00,20.449572387959382,20.554983139038086,20.382493483732226,20.554983139038086,81100,0.0,0.0
2025-08-01 00:00:00-04:00,20.583728968337297,20.593311929478443,20.382492267662112,20.45915412902832,62100,0.0,0.0
2025-08-04 00:00:00-04:00,20.50706761037484,20.50706761037484,20.439988708503137,20.48790168762207,46200,0.0,0.0
2025-08-05 00:00:00-04:00,20.47832113473494,20.526234115212592,20.41124040319796,20.516651153564453,44100,0.0,0.0
2025-08-06 00:00:00-04:00,20.574146270751953,20.60289515454366,20.56456330948805,20.574146270751953,43200,0.0,0.0
2025-08-07 00:00:00-04:00,20.622061520039185,20.650808576685417,20.53581669457447,20.564563751220703,52900,0.0,0.0
2025-08-08 00:00:00-04:00,20.583730835064596,20.68914158941388,20.57414787305438,20.62206268310547,54300,0.0,0.0
2025-08-11 00:00:00-04:00,20.679558045063263,20.698723968543984,20.56456433194201,20.593313217163086,81400,0.0,0.0
2025-08-12 00:00:00-04:00,20.671409962687807,20.70997506882433,20.60391964771902,20.632843017578125,62600,0.131,0.0
2025-08-13 00:00:00-04:00,20.690694177968695,20.777467976319596,20.690694177968695,20.75818634033203,63900,0.0,0.0
2025-08-14 00:00:00-04:00,20.75818267889426,20.75818267889426,20.179691404916724,20.36288070678711,222900,0.0,0.0
2025-08-15 00:00:00-04:00,20.382161741483735,20.488218992977572,20.382161741483735,20.42072868347168,85200,0.0,0.0
2025-08-18 00:00:00-04:00,20.4496567173197,20.565355730711445,20.4496567173197,20.526790618896484,53600,0.0,0.0
2025-08-19 00:00:00-04:00,20.574993221913182,20.594276693327444,20.536426279084665,20.565351486206055,36300,0.0,0.0
2025-08-20 00:00:00-04:00,20.594279209864634,20.594279209864634,20.401448150104976,20.507505416870117,62300,0.0,0.0
2025-08-21 00:00:00-04:00,20.536427056230604,20.536427056230604,20.46893674269976,20.48822021484375,41700,0.0,0.0
2025-08-22 00:00:00-04:00,20.59427936796044,20.69069305960713,20.546070683163805,20.681053161621094,51000,0.0,0.0
2025-08-25 00:00:00-04:00,20.65212804027997,20.671411514282227,20.56535424624311,20.671411514282227,58500,0.0,0.0
2025-08-26 00:00:00-04:00,20.652126401152874,20.68105160986051,20.60391955894663,20.642484664916992,42100,0.0,0.0
2025-08-27 00:00:00-04:00,20.642485626755082,20.65212736344022,20.526788464479917,20.546070098876953,66000,0.0,0.0
2025-08-28 00:00:00-04:00,20.594278782302638,20.623202153384806,20.488221517739373,20.546070098876953,62600,0.0,0.0
2025-08-29 00:00:00-04:00,20.594276095581783,20.671408140027022,20.536425683018106,20.623199462890625,85300,0.0,0.0
2025-09-02 00:00:00-04:00,20.594280570582118,20.748544692993164,20.546071882970292,20.748544692993164,85200,0.0,0.0
2025-09-03 00:00:00-04:00,20.729259490966797,20.748542964404994,20.661769172906343,20.729259490966797,52200,0.0,0.0
2025-09-04 00:00:00-04:00,20.690694177968695,20.777467976319596,20.690694177968695,20.75818634033203,46200,0.0,0.0
2025-09-05 00:00:00-04:00,20.873879943885477,20.94137025573836,20.835314839529435,20.922088623046875,100900,0.0,0.0
2025-09-08 00:00:00-04:00,20.999221112508522,21.06671142578125,20.960654168368045,21.06671142578125,50400,0.0,0.0
2025-09-09 00:00:00-04:00,21.048283380124996,21.048283380124996,20.81548968600208,20.95128631591797,56100,0.131,0.0
2025-09-10 00:00:00-04:00,21.019184592016238,21.048284267524732,20.93188741555596,20.960987091064453,40200,0.0,0.0
2025-09-11 00:00:00-04:00,20.990084100939065,21.06768138254814,20.970686168085642,21.057981491088867,60200,0.0,0.0
2025-09-12 00:00:00-04:00,21.07738127400742,21.09678105692597,20.990084100939065,21.057981491088867,36800,0.0,0.0
2025-09-15 00:00:00-04:00,21.067684769525673,21.145282063609795,21.057984876506982,21.11618423461914,41400,0.0,0.0
2025-09-16 00:00:00-04:00,21.145282063609795,21.15498195662849,20.951289753432206,21.11618423461914,62800,0.0,0.0
2025-09-17 00:00:00-04:00,21.11618423461914,21.193781528703262,21.03858694053502,21.11618423461914,50200,0.0,0.0
2025-09-18 00:00:00-04:00,21.125880578449443,21.232575683599237,21.125880578449443,21.20347785949707,48100,0.0,0.0
2025-09-19 00:00:00-04:00,21.242278909854917,21.3004764172609,21.184081402448932,21.26167869567871,34700,0.0,0.0
2025-09-22 00:00:00-04:00,21.242277145385742,21.271376821704298,21.184079642813877,21.242277145385742,48200,0.0,0.0
2025-09-23 00:00:00-04:00,21.22287695829993,21.2907762017543,21.087082171521622,21.174379348754883,44000,0.0,0.0
2025-09-24 00:00:00-04:00,21.174378325099614,21.30047321385993,21.125880717899136,21.184078216552734,27500,0.0,0.0
2025-09-25 00:00:00-04:00,21.251978148541376,21.251978148541376,21.00948638340506,21.106483459472656,58900,0.0,0.0
2025-09-26 00:00:00-04:00,21.106481768476517,21.232576662216257,20.902787740047465,20.960987091064453,61400,0.0,0.0
2025-09-29 00:00:00-04:00,21.03858437568857,21.13558144398501,20.854290130931844,20.960987091064453,51500,0.0,0.0
2025-09-30 00:00:00-04:00,21.02888400416373,21.116181178632676,20.84458976361093,21.019184112548828,84300,0.0,0.0
2025-10-01 00:00:00-04:00,20.922187925513676,21.154979783856604,20.893090099511582,21.028884887695312,58200,0.0,0.0
2025-10-02 00:00:00-04:00,20.960987155838232,21.087082049967627,20.9027878046414,21.06768226623535,93200,0.0,0.0
2025-10-03 00:00:00-04:00,21.02888502892615,21.087082531386432,20.990085460575802,21.009485244750977,49200,0.0,0.0
2025-10-06 00:00:00-04:00,21.009484220933928,21.106481287017775,20.951286721309682,21.019184112548828,60100,0.0,0.0
2025-10-07 00:00:00-04:00,21.03858470210111,21.164679597797207,21.03858470210111,21.154979705810547,87300,0.0,0.0
2025-10-08 00:00:00-04:00,21.10648169278244,21.15497930172414,21.07738201737831,21.087081909179688,44300,0.0,0.0
2025-10-09 00:00:00-04:00,21.154978555616495,21.154978555616495,21.009483883857616,21.057981491088867,47900,0.0,0.0
2025-10-10 00:00:00-04:00,21.096781485016578,21.12588115998489,20.699095177442167,20.766992568969727,87500,0.0,0.0
2025-10-13 00:00:00-04:00,20.728197294943726,20.863992094000395,20.728197294943726,20.815492630004883,44000,0.0,0.0
2025-10-14 00:00:00-04:00,20.845745250697036,20.865262323516458,20.689597499573527,20.80670738220215,41200,0.131,0.0
2025-10-15 00:00:00-04:00,20.86526412280236,21.011654280853914,20.738394762109618,20.93358039855957,39900,0.0,0.0
2025-10-16 00:00:00-04:00,20.904301233534124,20.904301233534124,20.748153474630804,20.787189483642578,57500,0.0,0.0
2025-10-17 00:00:00-04:00,20.74815308575595,20.845745898598405,20.72863415090184,20.77743148803711,23900,0.0,0.0
2025-10-20 00:00:00-04:00,20.777431501186584,20.894541387529184,20.777431501186584,20.865262985229492,39100,0.0,0.0
2025-10-21 00:00:00-04:00,20.875020818625586,20.93357761864131,20.78718748002994,20.914058685302734,44500,0.0,0.0
2025-10-22 00:00:00-04:00,20.88478082009285,20.914059220850444,20.796947479248047,20.796947479248047,65900,0.0,0.0
2025-10-23 00:00:00-04:00,20.835988563884992,20.875024576160744,20.787191221754963,20.826229095458984,28700,0.0,0.0
2025-10-24 00:00:00-04:00,20.8555071172414,20.99213594983658,20.8555071172414,20.9043025970459,39900,0.0,0.0
2025-10-27 00:00:00-04:00,21.04093034210382,21.245875441831878,20.923820452054763,21.226356506347656,73300,0.0,0.0
2025-10-28 00:00:00-04:00,21.17756157625291,21.206838118807553,21.089728225732603,21.10924530029297,40400,0.0,0.0
2025-10-29 00:00:00-04:00,21.11900292178557,21.236114666049254,21.060447980367737,21.19707679748535,28000,0.0,0.0
2025-10-30 00:00:00-04:00,21.19707853753327,21.255635345186,21.128764123366597,21.236116409301758,59200,0.0,0.0
2025-10-31 00:00:00-04:00,21.294669069750963,21.333706937329115,21.236114129811718,21.31418800354004,59700,0.0,0.0
2025-11-03 00:00:00-05:00,21.32394834215474,21.343467276741748,21.22635553064776,21.333707809448242,50400,0.0,0.0
2025-11-04 00:00:00-05:00,21.255634473561226,21.333708352468463,21.216596603393555,21.216596603393555,41600,0.0,0.0
2025-11-05 00:00:00-05:00,21.29467114210952,21.29467114210952,21.21659726078319,21.2751522064209,38800,0.0,0.0
2025-11-06 00:00:00-05:00,21.275151110402163,21.275151110402163,21.187317765756376,21.206836700439453,31100,0.0,0.0
2025-11-07 00:00:00-05:00,21.138522290476743,21.206836700439453,21.040929478489417,21.206836700439453,34100,0.0,0.0
2025-11-10 00:00:00-05:00,21.29467114210952,21.323949545642456,21.206837792938877,21.2751522064209,58200,0.0,0.0
2025-11-11 00:00:00-05:00,21.4605770111084,21.519131953031273,21.353224733059758,21.4605770111084,86800,0.0,0.0
2025-11-12 00:00:00-05:00,21.392835507987428,21.491011314230644,21.235750098314647,21.304475784301758,54800,0.131,0.0
2025-11-13 00:00:00-05:00,21.392836867925574,21.392836867925574,20.960856177177313,21.01976203918457,144600,0.0,0.0
2025-11-14 00:00:00-05:00,20.90195059379887,21.13757591755244,20.862678770214803,20.882314682006836,121200,0.0,0.0
2025-11-17 00:00:00-05:00,20.862678319447497,20.872496275131383,20.63687095646883,20.685958862304688,116700,0.0,0.0
2025-11-18 00:00:00-05:00,20.617234594895216,20.774318137240115,20.617234594895216,20.64668846130371,63200,0.0,0.0
2025-11-19 00:00:00-05:00,20.617234697439528,20.695776469002624,20.558328836913095,20.57796287536621,59400,0.0,0.0
2025-11-20 00:00:00-05:00,20.62705377061422,20.73504941458394,20.38161048710751,20.43069839477539,80800,0.0,0.0
2025-11-21 00:00:00-05:00,20.528872612625857,20.57796051199624,20.420876986911026,20.5386905670166,36000,0.0,0.0
2025-11-24 00:00:00-05:00,20.53869113533666,20.676138755443663,20.53869113533666,20.66632080078125,61100,0.0,0.0
2025-11-25 00:00:00-05:00,20.725229581291252,20.89213107386162,20.646687812586578,20.833223342895508,50000,0.0,0.0
2025-11-26 00:00:00-05:00,20.793953986687946,20.96085548400879,20.793953986687946,20.96085548400879,36800,0.0,0.0
2025-11-28 00:00:00-05:00,21.049216497842497,21.108122361504673,20.951038810016446,20.99030876159668,34100,0.0,0.0
2025-12-01 00:00:00-05:00,20.990307477746654,21.08848515956777,20.911765706806463,20.96085548400879,62600,0.0,0.0
2025-12-02 00:00:00-05:00,20.99030806813699,21.06884984128631,20.921584250704285,20.9314022064209,38000,0.0,0.0
2025-12-03 00:00:00-05:00,20.931402897934504,21.009944673678618,20.764501390405307,20.99030876159668,88800,0.0,0.0
2025-12-04 00:00:00-05:00,21.029579299508512,21.039397254948977,20.94121957312786,20.96085548400879,53500,0.0,0.0
2025-12-05 00:00:00-05:00,20.94122171974474,21.059035324523478,20.862679940753488,20.980493545532227,53700,0.0,0.0
2025-12-08 00:00:00-05:00,21.117940560882918,21.117940560882918,20.911767226814153,21.009944915771484,102800,0.0,0.0
2025-12-09 00:00:00-05:00,20.96154053085532,21.208495540388043,20.96154053085532,21.08995819091797,93900,0.131,0.0
2025-12-10 00:00:00-05:00,21.020812165053407,21.178863228510274,21.01093373807269,21.119592666625977,58500,0.0,0.0
2025-12-11 00:00:00-05:00,21.070201613614365,21.15910556893859,21.001054511499348,21.149227142333984,68000,0.0,0.0
2025-12-12 00:00:00-05:00,21.080080837575398,21.178863223240686,21.040567129662367,21.050445556640625,56800,0.0,0.0
2025-12-15 00:00:00-05:00,21.109714766148073,21.109714766148073,20.991175534120305,21.030689239501953,90900,0.0,0.0
2025-12-16 00:00:00-05:00,21.08995872018621,21.08995872018621,20.971419483624107,21.001054763793945,89300,0.0,0.0
2025-12-17 00:00:00-05:00,20.96154131850825,21.040566849163504,20.922029495239258,20.922029495239258,44900,0.0,0.0
2025-12-18 00:00:00-05:00,20.902271003248984,21.08995733038854,20.902271003248984,20.91214942932129,64300,0.0,0.0
2025-12-19 00:00:00-05:00,20.912151068392692,21.0702021297032,20.912151068392692,20.922029495239258,74000,0.0,0.0
2025-12-22 00:00:00-05:00,20.99117660522461,21.050445282204173,20.941786355094518,20.99117660522461,76200,0.0,0.0
2025-12-23 00:00:00-05:00,20.922028123149406,21.00105364862208,20.902271270751953,20.902271270751953,58700,0.0,0.0
2025-12-24 00:00:00-05:00,20.87263708642261,20.9417860734389,20.843003690390017,20.862760543823242,71400,0.0,0.0
2025-12-26 00:00:00-05:00,20.862759171469555,21.001053368170645,20.82324546720232,20.843002319335938,64300,0.0,0.0
2025-12-29 00:00:00-05:00,20.79361045599201,20.902271260004994,20.79361045599201,20.8331241607666,121400,0.0,0.0
2025-12-30 00:00:00-05:00,20.813367852566962,21.010932613371182,20.813367852566962,20.88251495361328,212600,0.0,0.0
2025-12-31 00:00:00-05:00,20.843002330932272,20.941784707538204,20.813367052715357,20.91214942932129,188600,0.0,0.0
2026-01-02 00:00:00-05:00,20.991175543755077,21.10971477583725,20.96154026470524,21.099836349487305,133600,0.0,0.0
2026-01-05 00:00:00-05:00,21.139348707836916,21.139348707836916,21.040566325944962,21.080080032348633,66300,0.0,0.0
2026-01-06 00:00:00-05:00,21.109715043868714,21.178862145079123,21.040566058541103,21.08995819091797,97500,0.0,0.0
2026-01-07 00:00:00-05:00,21.168983987639667,21.1887408408415,21.020811356860353,21.080080032348633,84300,0.0,0.0
2026-01-08 00:00:00-05:00,21.129471385522336,21.188741948225488,21.030690882585056,21.109716415405273,36500,0.0,0.0
2026-01-09 00:00:00-05:00,21.050444752545882,21.168983987639667,21.050444752545882,21.080080032348633,44800,0.0,0.0
2026-01-12 00:00:00-05:00,21.050443961175027,21.198616586383935,21.050443961175027,21.178861618041992,66300,0.0,0.0
2026-01-13 00:00:00-05:00,21.21961212158203,21.259366848684373,21.199733810180803,21.21961212158203,42200,0.131,0.0
2026-01-14 00:00:00-05:00,21.259366848684373,21.29912347148683,21.150039927377847,21.21961212158203,62800,0.0,0.0
2026-01-15 00:00:00-05:00,21.19973365793816,21.269305851642724,21.179855346679688,21.179855346679688,51100,0.0,0.0
2026-01-16 00:00:00-05:00,21.219611866218493,21.29912321516643,21.12022220610855,21.150039672851562,51600,0.0,0.0
2026-01-20 00:00:00-05:00,21.2593662193786,21.2593662193786,20.951259984580375,21.050649642944336,64100,0.0,0.0
2026-01-21 00:00:00-05:00,21.120222167999838,21.219611827930443,21.06058913032151,21.140100479125977,52100,0.0,0.0
2026-01-22 00:00:00-05:00,21.169916305125266,21.219612083539243,21.169916305125266,21.209672927856445,58700,0.0,0.0
2026-01-23 00:00:00-05:00,21.21961193101086,21.24942750214482,21.07052838824078,21.1699161529541,93000,0.0,0.0
2026-01-26 00:00:00-05:00,21.2394901773805,21.269305748423417,21.070528323903627,21.150039672851562,84500,0.0,0.0
2026-01-27 00:00:00-05:00,21.199733325002583,21.269305517614537,21.050649784305534,21.090404510498047,130400,0.0,0.0
2026-01-28 00:00:00-05:00,20.9512599464241,21.1202217966251,20.9512599464241,21.04071044921875,90600,0.0,0.0
2026-01-29 00:00:00-05:00,21.11028305052755,21.150039672851562,21.020832545998612,21.150039672851562,52200,0.0,0.0
2026-01-30 00:00:00-05:00,21.17985524389448,21.20967271063749,21.070528323903627,21.150039672851562,114600,0.0,0.0
2026-02-02 00:00:00-05:00,21.090403355784385,21.289182662963867,21.080464200855417,21.289182662963867,90400,0.0,0.0
2026-02-03 00:00:00-05:00,21.209672927856445,21.269305966253107,21.17985546080806,21.209672927856445,73000,0.0,0.0
2026-02-04 00:00:00-05:00,21.179855498779574,21.309062627187444,21.15997908307846,21.21961212158203,48000,0.0,0.0
2026-02-05 00:00:00-05:00,21.259366657756168,21.26930581336752,21.100343959374737,21.1699161529541,71200,0.0,0.0
2026-02-06 00:00:00-05:00,21.239490573303314,21.30906276796713,21.169916482939367,21.259366989135742,56300,0.0,0.0
2026-02-09 00:00:00-05:00,21.289182779190927,21.358754968373578,21.219610590008273,21.319000244140625,89200,0.0,0.0
2026-02-10 00:00:00-05:00,21.299999237060547,21.440000534057617,21.270000457763672,21.389999389648438,47700,0.131,0.0
2026-02-11 00:00:00-05:00,21.3700008392334,21.459999084472656,21.31999969482422,21.360000610351562,77700,0.0,0.0
2026-02-12 00:00:00-05:00,21.420000076293945,21.459999084472656,21.299999237060547,21.299999237060547,44200,0.0,0.0
2026-02-13 00:00:00-05:00,21.389999389648438,21.399999618530273,21.299999237060547,21.360000610351562,39600,0.0,0.0
2026-02-17 00:00:00-05:00,21.40999984741211,21.459999084472656,21.360000610351562,21.399999618530273,41800,0.0,0.0
2026-02-18 00:00:00-05:00,21.450000762939453,21.489999771118164,21.400999069213867,21.450000762939453,66448,0.0,0.0
