Date,Open,High,Low,Close,Volume,Dividends,Stock Splits
2022-01-03 00:00:00-05:00,12.797431733812537,12.937856742409869,12.722538276853903,12.909771919250488,3058300,0.0,0.0
2022-01-04 00:00:00-05:00,12.947220633344035,13.003391181077665,12.872327164899573,12.881689071655273,3389500,0.0,0.0
2022-01-05 00:00:00-05:00,12.891050081661056,12.994028370408492,12.628922067539486,12.67573070526123,4737700,0.0,0.0
2022-01-06 00:00:00-05:00,12.788070217217431,12.891049393266181,12.741261581995314,12.862963676452637,4997000,0.0,0.0
2022-01-07 00:00:00-05:00,12.88168877316944,13.078284346480912,12.816156320198584,13.022113800048828,3210900,0.0,0.0
2022-01-10 00:00:00-05:00,13.05019803170314,13.340410871565918,12.984666474521434,13.331048965454102,5550600,0.0,0.0
2022-01-11 00:00:00-05:00,13.28424056007432,13.434028382082083,13.265517640323676,13.396581649780273,3174600,0.0,0.0
2022-01-12 00:00:00-05:00,13.499559600167004,13.771048625712643,13.490197694127378,13.71487808227539,2779700,0.0,0.0
2022-01-13 00:00:00-05:00,13.66807054938186,13.742964013257883,13.602538098889955,13.630623817443848,2269800,0.0,0.0
2022-01-14 00:00:00-05:00,13.668070500480406,13.80849552154541,13.649346688178134,13.80849552154541,2151500,0.0,0.0
2022-01-18 00:00:00-05:00,13.705516964794485,13.752324709035603,13.59317677157492,13.621261596679688,2281000,0.0,0.0
2022-01-19 00:00:00-05:00,13.574452299261011,13.62126093402545,13.443388300480674,13.452750205993652,1981500,0.0,0.0
2022-01-20 00:00:00-05:00,13.537006458576258,13.668070465959612,13.462112995157343,13.480835914611816,7842500,0.0,0.0
2022-01-21 00:00:00-05:00,13.499559909739162,13.780410847764907,13.480836097230537,13.72424030303955,7850000,0.0,0.0
2022-01-24 00:00:00-05:00,13.649346184811398,13.69615482104034,13.39658097765588,13.555728912353516,5381500,0.0,0.0
2022-01-25 00:00:00-05:00,13.452750929886207,13.724239954768233,13.368495561336527,13.59317684173584,5351500,0.0,0.0
2022-01-26 00:00:00-05:00,13.639984642915316,13.668070361082284,13.359134603649647,13.387219429016113,4418200,0.0,0.0
2022-01-27 00:00:00-05:00,13.377857304134517,13.630623406699645,13.377857304134517,13.49955940246582,4716000,0.0,0.0
2022-01-28 00:00:00-05:00,13.415304357320393,13.518282646321275,13.377857625610936,13.480835914611816,3470500,0.0,0.0
2022-01-31 00:00:00-05:00,13.443389103055965,13.537006378173828,13.424666183712695,13.537006378173828,2292000,0.0,0.0
2022-02-01 00:00:00-05:00,13.471474603140315,13.67743117658394,13.44338888537942,13.649346351623535,2634800,0.0,0.0
2022-02-02 00:00:00-05:00,13.621261770318215,13.73360196496985,13.60253795814269,13.686793327331543,3318600,0.0,0.0
2022-02-03 00:00:00-05:00,13.696154572527947,13.90211203251797,13.508920923809955,13.518281936645508,2458400,0.0,0.0
2022-02-04 00:00:00-05:00,13.705516676047086,13.827218772671056,13.630623215478561,13.761686325073242,2946600,0.0,0.0
2022-02-07 00:00:00-05:00,13.92083541566653,14.042537514595752,13.911473509718014,13.977005958557129,2040900,0.0,0.0
2022-02-08 00:00:00-05:00,14.061262300809798,14.12679386138916,13.977006927036017,14.12679386138916,2970300,0.0,0.0
2022-02-09 00:00:00-05:00,14.089346256188936,14.145515906696254,14.02381380686307,14.070622444152832,2100500,0.0,0.0
2022-02-10 00:00:00-05:00,14.070622190111532,14.164239463000825,14.014452540618343,14.061261177062988,2109500,0.0,0.0
2022-02-11 00:00:00-05:00,14.04253705897018,14.098707600038264,13.986366517902097,14.023813247680664,2622400,0.0,0.0
2022-02-14 00:00:00-05:00,14.098708152770996,14.126792978005858,14.014452784265911,14.098708152770996,2464900,0.0,0.0
2022-02-15 00:00:00-05:00,14.15487783667425,14.229771299344446,14.15487783667425,14.220409393310547,1631000,0.0,0.0
2022-02-16 00:00:00-05:00,14.211047665060407,14.295303029525265,14.201685759497545,14.285941123962402,1384800,0.0,0.0
2022-02-17 00:00:00-05:00,14.295303029525265,14.351472677301533,14.267217312836676,14.285941123962402,1536500,0.0,0.0
2022-02-18 00:00:00-05:00,14.304663896994294,14.37955735513559,14.248494249788543,14.370196342468262,1730400,0.0,0.0
2022-02-22 00:00:00-05:00,14.145515651302773,14.1548775571518,14.033175459515911,14.061261177062988,1316300,0.0,0.0
2022-02-23 00:00:00-05:00,14.070622514603262,14.154877883586597,13.995729051684854,14.042537689208984,1153300,0.0,0.0
2022-02-24 00:00:00-05:00,13.780410717554481,13.967644376868977,13.77104881138863,13.958282470703125,2230300,0.0,0.0
2022-02-25 00:00:00-05:00,13.99572898160941,14.126792987460648,13.96764415635575,14.070622444152832,2302900,0.0,0.0
2022-02-28 00:00:00-05:00,14.07062183617219,14.304664119707725,14.07062183617219,14.22977066040039,2811100,0.0,0.0
2022-03-01 00:00:00-05:00,14.19232453448737,14.201686440499156,14.070622434735636,14.098708152770996,1332000,0.0,0.0
2022-03-02 00:00:00-05:00,14.042537852343177,14.173601860373232,14.014453026622634,14.136155128479004,2253400,0.0,0.0
2022-03-03 00:00:00-05:00,14.042537618899173,14.276579912547492,13.96764415635575,14.070622444152832,3920900,0.0,0.0
2022-03-04 00:00:00-05:00,13.94892002336861,14.11743075661429,13.939559010366443,14.089345932006836,2309800,0.0,0.0
2022-03-07 00:00:00-05:00,13.892751064733273,13.977006435544274,13.836580519925768,13.874027252197266,2339800,0.0,0.0
2022-03-08 00:00:00-05:00,13.55573016651257,13.593177793200711,13.36849649707466,13.415305137634277,2706000,0.0,0.0
2022-03-09 00:00:00-05:00,13.462112995157343,13.518282646321275,13.368495719483445,13.480835914611816,2108400,0.0,0.0
2022-03-10 00:00:00-05:00,13.546367576260183,13.668069670432581,13.527643765094988,13.57445240020752,3894200,0.0,0.0
2022-03-11 00:00:00-05:00,13.611899912156428,13.714878201082877,13.50892162322998,13.50892162322998,2164100,0.0,0.0
2022-03-14 00:00:00-04:00,13.565091274353312,13.630623724397877,13.47147489154759,13.50892162322998,2271300,0.0,0.0
2022-03-15 00:00:00-04:00,13.452749993463756,13.593175895538588,13.452749993463756,13.56509017944336,1668900,0.0,0.0
2022-03-16 00:00:00-04:00,13.845941806537809,14.070622190111532,13.845941806537809,14.061261177062988,2612500,0.0,0.0
2022-03-17 00:00:00-04:00,13.920835900530436,14.15487820059208,13.883389168232595,14.051899909973145,3047800,0.0,0.0
2022-03-18 00:00:00-04:00,14.098708396584776,14.182962873746403,14.07062267806372,14.136155128479004,1584100,0.0,0.0
2022-03-21 00:00:00-04:00,14.089345157568845,14.154876708984375,14.070621346992732,14.154876708984375,2106100,0.0,0.0
2022-03-22 00:00:00-04:00,14.089346397560034,14.089346397560034,13.97700620261769,14.014452934265137,1410400,0.0,0.0
2022-03-23 00:00:00-04:00,14.01445223483637,14.145515342661128,13.9770055050578,14.023813247680664,2990200,0.0,0.0
2022-03-24 00:00:00-04:00,14.014453573714446,14.061262213609659,13.90211337364626,14.005091667175293,1984200,0.0,0.0
2022-03-25 00:00:00-04:00,13.930197321615045,14.014452689550698,13.88338868467296,13.977005958557129,2540700,0.0,0.0
2022-03-28 00:00:00-04:00,13.761686686034704,13.761686686034704,13.415304198619737,13.59317684173584,3355300,0.0,0.0
2022-03-29 00:00:00-04:00,13.574452452882388,13.930196831197431,13.574452452882388,13.902112007141113,2570400,0.0,0.0
2022-03-30 00:00:00-04:00,13.658708549959544,13.658708549959544,13.490197810988532,13.50892162322998,2124900,0.0,0.0
2022-03-31 00:00:00-04:00,13.490197329675182,13.555728884581155,13.4059419631958,13.4059419631958,2083800,0.0,0.0
2022-04-01 00:00:00-04:00,13.480836389219114,13.583815574645996,13.462113469105478,13.583815574645996,2276200,0.0,0.0
2022-04-04 00:00:00-04:00,13.705517232284441,13.845942253349445,13.696155326133304,13.80849552154541,3047800,0.0,0.0
2022-04-05 00:00:00-04:00,13.780410531752269,13.864665900507898,13.69615516299664,13.71487808227539,3145700,0.0,0.0
2022-04-06 00:00:00-04:00,13.58381464823358,13.771048300603347,13.58381464823358,13.733601570129395,3970000,0.0,0.0
2022-04-07 00:00:00-04:00,13.742963985691583,14.02381402826307,13.742963985691583,13.958282470703125,4070200,0.0,0.0
2022-04-08 00:00:00-04:00,13.958282250337698,14.211048356022122,13.911473613047935,14.070622444152832,4502800,0.0,0.0
2022-04-11 00:00:00-04:00,13.958282367673407,14.051899643039896,13.845942172913922,13.864665985107422,2847100,0.0,0.0
2022-04-12 00:00:00-04:00,13.874027394894272,13.939559846643796,13.78977202321669,13.81785774230957,2329100,0.0,0.0
2022-04-13 00:00:00-04:00,13.789771582258982,14.042537689208984,13.789771582258982,14.042537689208984,1527600,0.0,0.0
2022-04-14 00:00:00-04:00,14.014453014897729,14.10806939815472,13.948920564537271,13.958282470703125,2273600,0.0,0.0
2022-04-18 00:00:00-04:00,13.817856866899872,13.883388421697212,13.752324419302058,13.761686325073242,2352600,0.0,0.0
2022-04-19 00:00:00-04:00,13.583814305790117,13.630622940902647,13.527643765094988,13.57445240020752,2261700,0.0,0.0
2022-04-20 00:00:00-04:00,13.70551705956144,13.799133441491477,13.70551705956144,13.742963790893555,1780000,0.0,0.0
2022-04-21 00:00:00-04:00,13.780410426940863,13.808495252045633,13.602537784742847,13.621261596679688,1750300,0.0,0.0
2022-04-22 00:00:00-04:00,13.602537759635977,13.6306234774894,13.434027916517902,13.471474647521973,2937200,0.0,0.0
2022-04-25 00:00:00-04:00,13.471474292186068,13.649346036563578,13.443388575073461,13.639984130859375,2312300,0.0,0.0
2022-04-26 00:00:00-04:00,13.611900713744223,13.611900713744223,13.415305137634277,13.415305137634277,1430700,0.0,0.0
2022-04-27 00:00:00-04:00,13.47147489154759,13.565091274353312,13.47147489154759,13.50892162322998,1469100,0.0,0.0
2022-04-28 00:00:00-04:00,13.527644564883861,13.658708572387695,13.471474913668297,13.658708572387695,1807100,0.0,0.0
2022-04-29 00:00:00-04:00,13.583814551460263,13.771048202496146,13.583814551460263,13.611899375915527,2195800,0.0,0.0
2022-05-02 00:00:00-04:00,13.546367261513643,13.62126071883338,13.43402707553404,13.56509017944336,2152000,0.0,0.0
2022-05-03 00:00:00-04:00,13.565091366951943,13.72424020088862,13.565091366951943,13.630623817443848,1836900,0.0,0.0
2022-05-04 00:00:00-04:00,13.639985092590114,13.81785774230957,13.508921974692125,13.81785774230957,2438400,0.0,0.0
2022-05-05 00:00:00-04:00,13.696155210193892,13.696155210193892,13.452751009127851,13.537006378173828,1840500,0.0,0.0
2022-05-06 00:00:00-04:00,13.621261447990477,13.808495101312586,13.593176623192281,13.705516815185547,3893900,0.0,0.0
2022-05-09 00:00:00-04:00,13.565092073184605,13.602538807072188,13.40594323096224,13.415305137634277,4900600,0.0,0.0
2022-05-10 00:00:00-04:00,13.490197661152676,13.649346492235296,13.480835755135935,13.59317684173584,3093400,0.0,0.0
2022-05-11 00:00:00-04:00,13.359134959878718,13.40594270580415,13.031475381597536,13.040837287902832,2415500,0.0,0.0
2022-05-12 00:00:00-04:00,13.031475726580233,13.359135313535557,13.031475726580233,13.349773406982422,3737900,0.0,0.0
2022-05-13 00:00:00-04:00,13.387219035711382,13.443388684794101,13.340410399608801,13.434027671813965,2355800,0.0,0.0
2022-05-16 00:00:00-04:00,13.33104825782874,13.405941717146844,13.29360152816969,13.368494987487793,2610900,0.0,0.0
2022-05-17 00:00:00-04:00,13.377857837229106,13.434028382082083,13.340411104927297,13.396581649780273,2766200,0.0,0.0
2022-05-18 00:00:00-04:00,13.340411340076763,13.405942899559914,13.228071141191128,13.256155967712402,2111400,0.0,0.0
2022-05-19 00:00:00-04:00,13.359134410498203,13.742963625225538,13.349772504577906,13.649346351623535,5296100,0.0,0.0
2022-05-20 00:00:00-04:00,13.714877366868723,13.799132731229356,13.66806962471322,13.780409812927246,4158200,0.0,0.0
2022-05-23 00:00:00-04:00,13.892750139855906,14.10806861288256,13.874026328566389,14.023813247680664,2750800,0.0,0.0
2022-05-24 00:00:00-04:00,13.995729131765467,14.089346407349385,13.958282400092,13.986367225646973,1892500,0.0,0.0
2022-05-25 00:00:00-04:00,13.920835738840225,13.995729202566023,13.883389006977326,13.958282470703125,1455700,0.0,0.0
2022-05-26 00:00:00-04:00,13.920835565398402,13.967644202843958,13.883388834002059,13.89275074005127,1921900,0.0,0.0
2022-05-27 00:00:00-04:00,13.855302878781968,13.864664784067735,13.761685611525163,13.827218055725098,1400500,0.0,0.0
2022-05-31 00:00:00-04:00,13.508920993069685,13.55572873588882,13.3778569918949,13.49019718170166,2529700,0.0,0.0
2022-06-01 00:00:00-04:00,13.546368486092918,13.546368486092918,13.246793736932256,13.274879455566406,2275800,0.0,0.0
2022-06-02 00:00:00-04:00,13.059559507121428,13.106368143336296,12.919134491277301,13.05019760131836,2582000,0.0,0.0
2022-06-03 00:00:00-04:00,12.994028874123604,13.012751794257795,12.91913540798576,12.928497314453125,1988600,0.0,0.0
2022-06-06 00:00:00-04:00,13.087644552037244,13.097006457997903,12.909772802787165,12.937857627868652,2324200,0.0,0.0
2022-06-07 00:00:00-04:00,12.82551788750757,12.891050338745117,12.788071155143479,12.891050338745117,1566200,0.0,0.0
2022-06-08 00:00:00-04:00,12.76934669513552,12.797431517820892,12.694453239440918,12.694453239440918,2517500,0.0,0.0
2022-06-09 00:00:00-04:00,12.778709638690803,12.862965012280503,12.666369438171387,12.666369438171387,2365700,0.0,0.0
2022-06-10 00:00:00-04:00,12.638283306504864,12.657007117725387,12.49785829355277,12.53530502319336,3192600,0.0,0.0
2022-06-13 00:00:00-04:00,12.376157203196756,12.46977358849384,12.310624751408215,12.32934856414795,3452200,0.0,0.0
2022-06-14 00:00:00-04:00,12.43232607144186,12.460411788779496,12.301262961734794,12.394879341125488,5233100,0.0,0.0
2022-06-15 00:00:00-04:00,12.301262572876077,12.497858124022512,12.273176856426266,12.44168758392334,3275800,0.0,0.0
2022-06-16 00:00:00-04:00,12.441688780571384,12.54466707239052,12.366795315102825,12.479135513305664,4191800,0.0,0.0
2022-06-17 00:00:00-04:00,12.422965278449198,12.4323262915937,12.217007811661814,12.282539367675781,3537300,0.0,0.0
2022-06-21 00:00:00-04:00,12.451049666477658,12.591474679521959,12.422964842428891,12.507219314575195,2269900,0.0,0.0
2022-06-22 00:00:00-04:00,12.600836713426402,12.853601918039615,12.59147480771468,12.778708457946777,3634100,0.0,0.0
2022-06-23 00:00:00-04:00,12.79743275854634,12.891050033641099,12.778708946407185,12.853602409362793,2111600,0.0,0.0
2022-06-24 00:00:00-04:00,12.881688603673334,12.975304989427615,12.862964790842156,12.956582069396973,2986600,0.0,0.0
2022-06-27 00:00:00-04:00,13.04083643285474,13.218708176990239,13.04083643285474,13.162538528442383,3430300,0.0,0.0
2022-06-28 00:00:00-04:00,13.059559973210359,13.125092423370184,12.965943590239979,12.97530460357666,1938800,0.0,0.0
2022-06-29 00:00:00-04:00,12.947219524578873,13.02211298660966,12.90977279356348,12.965943336486816,1640700,0.0,0.0
2022-06-30 00:00:00-04:00,12.994028117039871,13.171899865553602,12.975304305196063,13.143815040588379,2396200,0.0,0.0
2022-07-01 00:00:00-04:00,13.031474458669681,13.209346201870286,13.022112553027423,13.19062328338623,2174800,0.0,0.0
2022-07-05 00:00:00-04:00,13.087645222983681,13.265517874153007,13.087645222983681,13.256155967712402,1818300,0.0,0.0
2022-07-06 00:00:00-04:00,13.274878609740394,13.387218798717548,13.265516704125517,13.368494987487793,1578200,0.0,0.0
2022-07-07 00:00:00-04:00,13.46211253269611,13.5650908181594,13.46211253269611,13.555728912353516,1497100,0.0,0.0
2022-07-08 00:00:00-04:00,13.462112995157343,13.537006458576258,13.368495719483445,13.480835914611816,1598700,0.0,0.0
2022-07-11 00:00:00-04:00,13.527644227372894,13.574452864085009,13.48083559066078,13.49955940246582,1372500,0.0,0.0
2022-07-12 00:00:00-04:00,13.565090641572832,13.593176358624872,13.480835276017647,13.49019718170166,3151500,0.0,0.0
2022-07-13 00:00:00-04:00,13.387219193124306,13.396581099014998,13.246793283165369,13.321686744689941,3431300,0.0,0.0
2022-07-14 00:00:00-04:00,13.228069620819491,13.256154444112829,13.125091340210297,13.237431526184082,2779000,0.0,0.0
2022-07-15 00:00:00-04:00,13.387219071849996,13.555728912353516,13.377857166044112,13.555728912353516,2685500,0.0,0.0
2022-07-18 00:00:00-04:00,13.55572873588882,13.639984101444005,13.462112357450087,13.49019718170166,3775700,0.0,0.0
2022-07-19 00:00:00-04:00,13.799133767473013,13.808495673727325,13.602538200135044,13.72424030303955,4024400,0.0,0.0
2022-07-20 00:00:00-04:00,13.71487773985163,13.71487773985163,13.527644087736341,13.555728912353516,3651700,0.0,0.0
2022-07-21 00:00:00-04:00,13.639984540444345,13.771048545837402,13.565091078162741,13.771048545837402,3181300,0.0,0.0
2022-07-22 00:00:00-04:00,13.742964513117151,13.761687433366891,13.639985326941675,13.6774320602417,1733100,0.0,0.0
2022-07-25 00:00:00-04:00,13.462112309949662,13.724239418573864,13.462112309949662,13.696154594421387,1958300,0.0,0.0
2022-07-26 00:00:00-04:00,13.555729147701237,13.696155058826065,13.54636813453331,13.621261596679688,3049400,0.0,0.0
2022-07-27 00:00:00-04:00,13.555730431701791,13.780411732223259,13.555730431701791,13.752326011657715,3439600,0.0,0.0
2022-07-28 00:00:00-04:00,13.742963884251187,13.948920461576655,13.574453145711708,13.864665985107422,2382500,0.0,0.0
2022-07-29 00:00:00-04:00,13.696155873291984,13.752325526841748,13.621262406691935,13.6774320602417,2551000,0.0,0.0
2022-08-01 00:00:00-04:00,13.415303868982505,13.47147441090225,13.349772314076532,13.4059419631958,3525100,0.0,0.0
2022-08-02 00:00:00-04:00,13.228071452209827,13.331049747076085,13.031475876337472,13.087645530700684,3426800,0.0,0.0
2022-08-03 00:00:00-04:00,13.115730507354975,13.115730507354975,12.984666499934544,13.003390312194824,2478600,0.0,0.0
2022-08-04 00:00:00-04:00,12.96594382306151,13.0595602077129,12.96594382306151,13.040837287902832,1709300,0.0,0.0
2022-08-05 00:00:00-04:00,12.956582069396973,12.994028802258793,12.909773430119564,12.956582069396973,1638400,0.0,0.0
2022-08-08 00:00:00-04:00,12.965943127492169,13.134452967945025,12.965943127492169,13.05019760131836,2127600,0.0,0.0
2022-08-09 00:00:00-04:00,12.975304358910801,13.022112995913607,12.928496614708486,12.937857627868652,1706600,0.0,0.0
2022-08-10 00:00:00-04:00,13.199985287456693,13.340410301935831,13.162538557408892,13.312325477600098,2491500,0.0,0.0
2022-08-11 00:00:00-04:00,13.256155724278608,13.340411095095718,13.19998607226755,13.218708992004395,2077800,0.0,0.0
2022-08-12 00:00:00-04:00,13.237432894960907,13.359134998883523,13.237432894960907,13.340411186218262,1384900,0.0,0.0
2022-08-15 00:00:00-04:00,13.25615550216058,13.368495697100863,13.25615550216058,13.331048965454102,1236500,0.0,0.0
2022-08-16 00:00:00-04:00,13.256155328812852,13.293602059969931,13.218708597655773,13.265517234802246,1542800,0.0,0.0
2022-08-17 00:00:00-04:00,13.537006187381564,13.555729106460952,13.246793352846888,13.293601989746094,2415000,0.0,0.0
2022-08-18 00:00:00-04:00,13.293602375188659,13.349772919656443,13.237432723521389,13.274879455566406,2184300,0.0,0.0
2022-08-19 00:00:00-04:00,13.003390565772488,13.040837298222783,12.965943833322193,13.012751579284668,1684800,0.0,0.0
2022-08-22 00:00:00-04:00,12.881687977705678,13.031474901874269,12.872326071745018,12.937857627868652,1927200,0.0,0.0
2022-08-23 00:00:00-04:00,12.947218750516885,13.106367571017563,12.937856845122626,13.031474113464355,2242100,0.0,0.0
2022-08-24 00:00:00-04:00,12.928497413062752,13.059560533403367,12.928497413062752,13.022113800048828,1129900,0.0,0.0
2022-08-25 00:00:00-04:00,13.115730600212272,13.14381542600102,13.059560055834263,13.125092506408691,2294300,0.0,0.0
2022-08-26 00:00:00-04:00,13.022113538190776,13.106368909744361,12.806795048932088,12.834879875183105,2076200,0.0,0.0
2022-08-29 00:00:00-04:00,12.900411352235746,13.03147536191032,12.834879793798722,12.891050338745117,2393900,0.0,0.0
2022-08-30 00:00:00-04:00,12.975304358910801,13.040836807834928,12.900410896826505,12.937857627868652,1863200,0.0,0.0
2022-08-31 00:00:00-04:00,12.90041167767254,12.994028957344694,12.872326850891113,12.872326850891113,1547800,0.0,0.0
2022-09-01 00:00:00-04:00,12.825516946835034,12.900410406070238,12.750623487599828,12.862963676452637,1543500,0.0,0.0
2022-09-02 00:00:00-04:00,12.84424169054643,12.881688422882695,12.675730948632973,12.713177680969238,1828800,0.0,0.0
2022-09-06 00:00:00-04:00,12.657007444719818,12.657007444719818,12.432326168271175,12.516581535339355,3267000,0.0,0.0
2022-09-07 00:00:00-04:00,12.329348020454697,12.47913494456523,12.2450926524424,12.46041202545166,4582000,0.0,0.0
2022-09-08 00:00:00-04:00,12.525943536871031,12.685092366370926,12.516581630947393,12.638283729553223,2578700,0.0,0.0
2022-09-09 00:00:00-04:00,12.778708693881432,12.90041079197941,12.778708693881432,12.84424114227295,1530900,0.0,0.0
2022-09-12 00:00:00-04:00,12.759985774912774,12.937857522717213,12.750623869028201,12.84424114227295,3372600,0.0,0.0
2022-09-13 00:00:00-04:00,12.694453855701541,12.7131767741339,12.479134490526427,12.507219314575195,2297200,0.0,0.0
2022-09-14 00:00:00-04:00,12.50721994392853,12.572752393740474,12.460412199092074,12.525943756103516,2190800,0.0,0.0
2022-09-15 00:00:00-04:00,12.582113336351581,12.610199054456297,12.507219873673336,12.554028511047363,1733400,0.0,0.0
2022-09-16 00:00:00-04:00,12.572752567122695,12.70381568295298,12.535305835056826,12.591475486755371,2775700,0.0,0.0
2022-09-19 00:00:00-04:00,12.460412763753485,12.572752963492743,12.413604123995325,12.54466724395752,3948700,0.0,0.0
2022-09-20 00:00:00-04:00,12.422965444495922,12.422965444495922,12.31062435725543,12.3761568069458,2720400,0.0,0.0
2022-09-21 00:00:00-04:00,12.32934790794884,12.32934790794884,12.142114254519191,12.160837173461914,2734000,0.0,0.0
2022-09-22 00:00:00-04:00,12.28253866088484,12.385516941952467,12.263815742872746,12.319985389709473,2708300,0.0,0.0
2022-09-23 00:00:00-04:00,12.207646125880904,12.217008031994737,12.048497293147753,12.170199394226074,2952800,0.0,0.0
2022-09-26 00:00:00-04:00,12.048496383290464,12.12338984094445,11.954880007623203,11.992326736450195,3449200,0.0,0.0
2022-09-27 00:00:00-04:00,12.04849702509826,12.095305661825545,11.936156832633065,11.982965469360352,2943200,0.0,0.0
2022-09-28 00:00:00-04:00,12.001687890084643,12.291900711504363,12.001687890084643,12.235730171203613,3655600,0.0,0.0
2022-09-29 00:00:00-04:00,12.235731022563355,12.235731022563355,12.076582188904874,12.142114639282227,2554100,0.0,0.0
2022-09-30 00:00:00-04:00,12.085944095073142,12.254454834899887,12.085944095073142,12.142114639282227,2870500,0.0,0.0
2022-10-03 00:00:00-04:00,12.095306484054287,12.235731510981632,12.029774923861599,12.217008590698242,3281500,0.0,0.0
2022-10-04 00:00:00-04:00,12.497858874490467,12.750624088113604,12.488496968445034,12.731901168823242,4804500,0.0,0.0
2022-10-05 00:00:00-04:00,12.544666848472906,12.65700793747103,12.469773384341167,12.591475486755371,3722200,0.0,0.0
2022-10-06 00:00:00-04:00,12.422965278449198,12.441688197538692,12.235730730751309,12.282539367675781,3185300,0.0,0.0
2022-10-07 00:00:00-04:00,12.207645584146878,12.348070598420772,12.207645584146878,12.301262855529785,3906100,0.0,0.0
2022-10-10 00:00:00-04:00,12.273177683076728,12.273177683076728,12.151475581998406,12.170199394226074,4078600,0.0,0.0
2022-10-11 00:00:00-04:00,12.12338984094445,12.12338984094445,11.954880007623203,11.992326736450195,3518500,0.0,0.0
2022-10-12 00:00:00-04:00,11.964242224617763,12.076582422407538,11.964242224617763,12.001688957214355,2047200,0.0,0.0
2022-10-13 00:00:00-04:00,11.842540040205089,12.114029072890249,11.823817120433969,12.057859420776367,2329900,0.0,0.0
2022-10-14 00:00:00-04:00,12.132752568784401,12.217007937556595,12.048497200012207,12.048497200012207,2981200,0.0,0.0
2022-10-17 00:00:00-04:00,12.039135844410378,12.151476043642761,11.870625991962076,11.917433738708496,11432500,0.0,0.0
2022-10-18 00:00:00-04:00,11.973602753759089,12.011049482048545,11.842538758345778,11.898709297180176,4921300,0.0,0.0
2022-10-19 00:00:00-04:00,11.758286076491569,11.823817637758458,11.580413420480637,11.627222061157227,5041600,0.0,0.0
2022-10-20 00:00:00-04:00,11.70211410522461,11.767645658517722,11.664667375799908,11.70211410522461,4517800,0.0,0.0
2022-10-21 00:00:00-04:00,11.571050751009091,11.889348415266708,11.496157287983829,11.870625495910645,4821700,0.0,0.0
2022-10-24 00:00:00-04:00,11.68339014948695,11.833177958132028,11.645943420525791,11.786369323730469,4411400,0.0,0.0
2022-10-25 00:00:00-04:00,11.945518817733582,11.982965548803573,11.833178624523608,11.92679500579834,2122100,0.0,0.0
2022-10-26 00:00:00-04:00,12.06722117553712,12.160837558818248,12.06722117553712,12.142114639282227,3258900,0.0,0.0
2022-10-27 00:00:00-04:00,12.263816914939532,12.563390774167194,12.170199637530624,12.207646369934082,3636100,0.0,0.0
2022-10-28 00:00:00-04:00,12.282539854166433,12.385518145238677,12.17956156309419,12.357433319091797,3071800,0.0,0.0
2022-10-31 00:00:00-04:00,12.32934816939568,12.413603538425798,12.301263343985807,12.3761568069458,3099700,0.0,0.0
2022-11-01 00:00:00-04:00,12.460412034725492,12.591475147019507,12.338709935594984,12.432326316833496,2406100,0.0,0.0
2022-11-02 00:00:00-04:00,12.413604653557043,12.507221044266473,12.28254063520314,12.291902542114258,2384400,0.0,0.0
2022-11-03 00:00:00-04:00,12.179560768264519,12.291900958321323,12.16083695685482,12.273177146911621,2232700,0.0,0.0
2022-11-04 00:00:00-04:00,12.254454715955173,12.385517829836724,12.217007984446086,12.348071098327637,2431300,0.0,0.0
2022-11-07 00:00:00-05:00,12.376156909466271,12.507220024331698,12.348071191023243,12.469773292541504,2854900,0.0,0.0
2022-11-08 00:00:00-05:00,12.516581143143759,12.638283237006542,12.451049589833204,12.563389778137207,2876600,0.0,0.0
2022-11-09 00:00:00-05:00,12.404241632355673,12.469773189245542,12.366794900875675,12.3761568069458,2582600,0.0,0.0
2022-11-10 00:00:00-05:00,12.666369220117472,12.984666895843203,12.619560580840064,12.956582069396973,3967300,0.0,0.0
2022-11-11 00:00:00-05:00,12.844241237486665,12.965943336486816,12.722539138486516,12.965943336486816,3151100,0.0,0.0
2022-11-14 00:00:00-05:00,12.713177771027988,12.91913524673669,12.694454851127485,12.834879875183105,3136600,0.0,0.0
2022-11-15 00:00:00-05:00,12.975305144290045,13.003390863872019,12.825518211055035,12.872326850891113,2926500,0.0,0.0
2022-11-16 00:00:00-05:00,12.862964619871658,12.937858084599835,12.862964619871658,12.891050338745117,1493500,0.0,0.0
2022-11-17 00:00:00-05:00,12.862964639304296,13.050198301407605,12.862964639304296,13.040837287902832,2121300,0.0,0.0
2022-11-18 00:00:00-05:00,13.125092042825322,13.22807032894717,13.115730136959568,13.19998550415039,2241200,0.0,0.0
2022-11-21 00:00:00-05:00,13.143814970716301,13.209346526220287,13.115730145900375,13.171899795532227,2022300,0.0,0.0
2022-11-22 00:00:00-05:00,13.265517094946755,13.377857287233613,13.246793283165369,13.321686744689941,2074800,0.0,0.0
2022-11-23 00:00:00-05:00,13.321686839856847,13.45275084486138,13.293602014784623,13.443388938903809,1716200,0.0,0.0
2022-11-25 00:00:00-05:00,13.452750791299719,13.668070163464131,13.452750791299719,13.649346351623535,1210400,0.0,0.0
2022-11-28 00:00:00-05:00,13.565091053669658,13.705516964794485,13.565091053669658,13.621261596679688,2223600,0.0,0.0
2022-11-29 00:00:00-05:00,13.51828185951239,13.639983953684789,13.480835129982458,13.57445240020752,1732900,0.0,0.0
2022-11-30 00:00:00-05:00,13.649347009322456,13.808495846434216,13.602538370265963,13.789772033691406,1788400,0.0,0.0
2022-12-01 00:00:00-05:00,13.89275066979002,13.977006038205806,13.817857207376097,13.920835494995117,2225900,0.0,0.0
2022-12-02 00:00:00-05:00,13.714878416843272,13.874027252197266,13.677431684571774,13.874027252197266,1637800,0.0,0.0
2022-12-05 00:00:00-05:00,13.705517281319871,13.771048839011263,13.630623817443848,13.630623817443848,3447400,0.0,0.0
2022-12-06 00:00:00-05:00,13.66807054938186,13.705517281319871,13.508921715445183,13.630623817443848,2371300,0.0,0.0
2022-12-07 00:00:00-05:00,13.649347714652452,13.808496559988226,13.649347714652452,13.752326011657715,3129800,0.0,0.0
2022-12-08 00:00:00-05:00,13.742963814465892,13.89275074005127,13.73360190841668,13.89275074005127,1819500,0.0,0.0
2022-12-09 00:00:00-05:00,14.005090329191612,14.154877248305885,13.958281693768285,14.023813247680664,2684000,0.0,0.0
2022-12-12 00:00:00-05:00,13.95828183205546,13.995728562205022,13.911473196168393,13.967643737792969,2956400,0.0,0.0
2022-12-13 00:00:00-05:00,14.276580496183488,14.370197774590151,14.192325124177598,14.267218589782715,4334600,0.0,0.0
2022-12-14 00:00:00-05:00,14.248495056079436,14.510622174407168,14.248495056079436,14.426366806030273,4520000,0.0,0.0
2022-12-15 00:00:00-05:00,14.323389034340554,14.33275094067528,14.164240197852283,14.173602104187012,2233100,0.0,0.0
2022-12-16 00:00:00-05:00,13.94892002336861,14.108068850811646,13.902112279956343,14.089345932006836,5071900,0.0,0.0
2022-12-19 00:00:00-05:00,14.070623227348264,14.089347040426569,13.986367854096988,14.005091667175293,2300300,0.0,0.0
2022-12-20 00:00:00-05:00,14.295303206144013,14.426366314441562,14.276579394786953,14.351472854614258,4403100,0.0,0.0
2022-12-21 00:00:00-05:00,14.351473030315056,14.463813221431359,14.351473030315056,14.417004585266113,1331700,0.0,0.0
2022-12-22 00:00:00-05:00,14.370196519638656,14.445089978703313,14.323387884523129,14.435728073120117,3114500,0.0,0.0
2022-12-23 00:00:00-05:00,14.454452672798036,14.557431860590611,14.407644925038387,14.548069953918457,3038200,0.0,0.0
2022-12-27 00:00:00-05:00,14.548068261717106,14.548068261717106,14.417004261953725,14.435728073120117,1471900,0.0,0.0
2022-12-28 00:00:00-05:00,14.454451315638215,14.538706682175562,14.398281666480301,14.417004585266113,1864500,0.0,0.0
2022-12-29 00:00:00-05:00,14.548068537501443,14.660408728228038,14.510621807259245,14.62296199798584,1923300,0.0,0.0
2022-12-30 00:00:00-05:00,14.566792732577952,14.613600477012831,14.519984095342577,14.604239463806152,1903800,0.0,0.0
2023-01-03 00:00:00-05:00,14.622962407049544,14.763388318986426,14.622962407049544,14.754026412963867,1967200,0.0,0.0
2023-01-04 00:00:00-05:00,14.510622189335404,14.70721775148358,14.445090632886176,14.604239463806152,6632700,0.0,0.0
2023-01-05 00:00:00-05:00,14.388919438004592,14.482536708235644,14.323387884523129,14.435728073120117,3914300,0.0,0.0
2023-01-06 00:00:00-05:00,14.454451967340326,14.651047533857803,14.342111771158985,14.585515975952148,5126900,0.0,0.0
2023-01-09 00:00:00-05:00,14.60423947322763,14.660409123705918,14.548068929948844,14.576153755187988,4012300,0.0,0.0
2023-01-10 00:00:00-05:00,14.370196841901345,14.463813221431359,14.30466439414981,14.417004585266113,5502100,0.0,0.0
2023-01-11 00:00:00-05:00,14.566793370265817,14.61360111674979,14.501260918147292,14.594878196716309,3823700,0.0,0.0
2023-01-12 00:00:00-05:00,14.613600822540532,14.744664831338394,14.585515996655461,14.735302925109863,3413700,0.0,0.0
2023-01-13 00:00:00-05:00,14.754026142602958,15.100407731085355,14.754026142602958,15.0723237991333,2836000,0.0,0.0
2023-01-17 00:00:00-05:00,15.016153698193538,15.128492993826393,15.016153698193538,15.119131088256836,2012800,0.0,0.0
2023-01-18 00:00:00-05:00,15.212749001182699,15.231472813113006,15.09104779483767,15.109769821166992,3504500,0.0,0.0
2023-01-19 00:00:00-05:00,15.06296111131489,15.231471836683124,15.006791464725767,15.165940284729004,2441400,0.0,0.0
2023-01-20 00:00:00-05:00,15.137855694046156,15.25955690163718,15.119131881924151,15.231472969055176,2265100,0.0,0.0
2023-01-23 00:00:00-05:00,15.194024855075208,15.259556409788999,15.062961745647627,15.15657901763916,3251800,0.0,0.0
2023-01-24 00:00:00-05:00,15.072323668693823,15.119131411942803,15.006792113904872,15.100407600402832,2617500,0.0,0.0
2023-01-25 00:00:00-05:00,15.13785570356977,15.222111072570796,15.128493797502879,15.203387260437012,2414100,0.0,0.0
2023-01-26 00:00:00-05:00,15.128493448638372,15.137855354489377,15.01615414962823,15.0723237991333,1789400,0.0,0.0
2023-01-27 00:00:00-05:00,15.016154928492355,15.044238861901079,14.922536757926952,15.006793022155762,3671300,0.0,0.0
2023-01-30 00:00:00-05:00,14.978707855953528,14.99743166931774,14.838282826924189,14.87572956085205,2314800,0.0,0.0
2023-01-31 00:00:00-05:00,14.75402665676336,14.819558214403134,14.688494206323073,14.791473388671875,2876800,0.0,0.0
2023-02-01 00:00:00-05:00,14.697855720953317,14.847642644597096,14.660408990042374,14.838281631469727,3768400,0.0,0.0
2023-02-02 00:00:00-05:00,14.950622304363456,14.969345224019998,14.641686541226122,14.735302925109863,3048300,0.0,0.0
2023-02-03 00:00:00-05:00,14.922535887547795,15.109769539356334,14.87572814419602,14.950621604919434,3517400,0.0,0.0
2023-02-06 00:00:00-05:00,14.810196308225876,14.885089772042907,14.725940938231588,14.791473388671875,2414300,0.0,0.0
2023-02-07 00:00:00-05:00,14.772749355996213,14.922536281396349,14.763388342759079,14.903813362121582,1913900,0.0,0.0
2023-02-08 00:00:00-05:00,15.07232442817817,15.137855986269212,15.05360061569472,15.091048240661621,2372300,0.0,0.0
2023-02-09 00:00:00-05:00,15.128493607899404,15.137855513848965,14.950621858860208,14.959982872009277,2561900,0.0,0.0
2023-02-10 00:00:00-05:00,14.988067812731112,15.053599365379263,14.978705907266963,15.025513648986816,2110800,0.0,0.0
2023-02-13 00:00:00-05:00,14.819557680239885,14.922535966076376,14.782110949681119,14.894451141357422,2426700,0.0,0.0
2023-02-14 00:00:00-05:00,14.866366630771548,14.997430636896917,14.810196087346247,14.903813362121582,2303000,0.0,0.0
2023-02-15 00:00:00-05:00,14.688493798645615,14.735302435432219,14.63232414874208,14.660408973693848,2272900,0.0,0.0
2023-02-16 00:00:00-05:00,14.529345757498428,14.632324043447532,14.529345757498428,14.566792488098145,1927200,0.0,0.0
2023-02-17 00:00:00-05:00,14.585515581739442,14.65104713787393,14.510622119642745,14.63232421875,1394300,0.0,0.0
2023-02-21 00:00:00-05:00,14.800836092996327,14.950623028707772,14.744665545704255,14.87572956085205,2456800,0.0,0.0
2023-02-22 00:00:00-05:00,14.875728829992223,14.885089843413851,14.754026727505883,14.763388633728027,1969400,0.0,0.0
2023-02-23 00:00:00-05:00,14.810196876525879,14.87572932948079,14.735303409835021,14.810196876525879,1870000,0.0,0.0
2023-02-24 00:00:00-05:00,14.445090688502022,14.445090688502022,14.304664776255235,14.398282051086426,2125100,0.0,0.0
2023-02-27 00:00:00-05:00,14.435729097793228,14.529346374669396,14.388920459355145,14.407644271850586,1950300,0.0,0.0
2023-02-28 00:00:00-05:00,14.388919260603362,14.40764307153891,14.342110626064942,14.370196342468262,2943700,0.0,0.0
2023-03-01 00:00:00-05:00,14.360835154629514,14.407643791507022,14.285941692745697,14.304664611816406,2149500,0.0,0.0
2023-03-02 00:00:00-05:00,14.267217489108425,14.37955767884938,14.211047840638178,14.351472854614258,1917200,0.0,0.0
2023-03-03 00:00:00-05:00,14.473175709550754,14.622962637065815,14.463813803380933,14.613600730895996,2226000,0.0,0.0
2023-03-06 00:00:00-05:00,14.622962627187169,14.754026635074563,14.622962627187169,14.64168643951416,1833200,0.0,0.0
2023-03-07 00:00:00-05:00,14.76338862283966,14.772749636254385,14.548069243891701,14.585515975952148,2197600,0.0,0.0
2023-03-08 00:00:00-05:00,14.70721754038329,14.791472907637505,14.660408903819784,14.688493728637695,3077200,0.0,0.0
2023-03-09 00:00:00-05:00,15.044238230689231,15.147217410469995,14.959982862796057,14.988068580627441,2901900,0.0,0.0
2023-03-10 00:00:00-05:00,14.913174629211426,15.006791899975774,14.828919264083604,14.913174629211426,3297600,0.0,0.0
2023-03-13 00:00:00-04:00,14.903813047197234,15.08168568695174,14.88508923551761,14.894451141357422,3871100,0.0,0.0
2023-03-14 00:00:00-04:00,14.959983036356215,15.053600311279297,14.828919922824502,15.053600311279297,2360000,0.0,0.0
2023-03-15 00:00:00-04:00,15.006792566618257,15.062962217331705,14.950622023104307,15.053600311279297,2373700,0.0,0.0
2023-03-16 00:00:00-04:00,15.15657889994181,15.4093432110749,15.100407465822515,15.390621185302734,4716200,0.0,0.0
2023-03-17 00:00:00-04:00,15.40934354445324,15.446791168009607,15.334450082941473,15.343811988830566,3838100,0.0,0.0
2023-03-20 00:00:00-04:00,15.231473132312745,15.353174341208215,15.194025507667355,15.325090408325195,2125900,0.0,0.0
2023-03-21 00:00:00-04:00,15.278279797524736,15.437428619815655,15.212748244628633,15.35317325592041,1749200,0.0,0.0
2023-03-22 00:00:00-04:00,15.315728361287253,15.521684938139403,15.315728361287253,15.38125991821289,2043800,0.0,0.0
2023-03-23 00:00:00-04:00,15.184663772583008,15.287642955917013,15.109770308049468,15.184663772583008,2474100,0.0,0.0
2023-03-24 00:00:00-04:00,15.203388048212608,15.325091047787339,15.15658030105377,15.315729141235352,1424900,0.0,0.0
2023-03-27 00:00:00-04:00,15.362535652346192,15.474876736330131,15.315727908953441,15.428067207336426,2220600,0.0,0.0
2023-03-28 00:00:00-04:00,15.35317356255654,15.437428928134548,15.34381165686999,15.390621185302734,1173500,0.0,0.0
2023-03-29 00:00:00-04:00,15.437428797787266,15.465514514609769,15.371897244135678,15.418704986572266,1474800,0.0,0.0
2023-03-30 00:00:00-04:00,15.315727872573378,15.45615288801903,15.28764215524387,15.306365966796875,1327400,0.0,0.0
2023-03-31 00:00:00-04:00,15.3063660031547,15.446791018933908,15.3063660031547,15.428067207336426,1665400,0.0,0.0
2023-04-03 00:00:00-04:00,15.362535956494762,15.474877042702838,15.315728212175308,15.46551513671875,2760100,0.0,0.0
2023-04-04 00:00:00-04:00,15.446792925441434,15.690197149447803,15.409345297624528,15.605941772460938,5351500,0.0,0.0
2023-04-05 00:00:00-04:00,15.48423957824707,15.53104732446964,15.418706233693985,15.48423957824707,5314100,0.0,0.0
2023-04-06 00:00:00-04:00,15.680833861103897,16.055301178278715,15.6714719549744,15.98040771484375,6585700,0.0,0.0
2023-04-10 00:00:00-04:00,15.624663175280494,15.67147091722741,15.474876258329287,15.559131622314453,2950400,0.0,0.0
2023-04-11 00:00:00-04:00,15.50296160537546,15.559133043563818,15.474877671882343,15.48423957824707,2741900,0.0,0.0
2023-04-12 00:00:00-04:00,15.624663175280494,15.680832822736972,15.540407811295328,15.559131622314453,2860000,0.0,0.0
2023-04-13 00:00:00-04:00,15.605941137067699,15.79317569732666,15.605941137067699,15.79317569732666,2269600,0.0,0.0
2023-04-14 00:00:00-04:00,15.708919393960228,15.81189678896644,15.652747957846664,15.737003326416016,2195800,0.0,0.0
2023-04-17 00:00:00-04:00,15.568491605066722,15.63402494305632,15.540407674386348,15.615301132202148,1518900,0.0,0.0
2023-04-18 00:00:00-04:00,15.755726972589487,15.755726972589487,15.605940049065483,15.643385887145996,1494200,0.0,0.0
2023-04-19 00:00:00-04:00,15.624664001276216,15.634025907280694,15.5404086328369,15.5872163772583,849500,0.0,0.0
2023-04-20 00:00:00-04:00,15.634025907280694,15.634025907280694,15.559132444845858,15.5872163772583,965900,0.0,0.0
2023-04-21 00:00:00-04:00,15.699557791798389,15.811897094997798,15.671472073198021,15.77445125579834,1615800,0.0,0.0
2023-04-24 00:00:00-04:00,15.765089663789098,15.830621222894939,15.746365851015696,15.7838134765625,961400,0.0,0.0
2023-04-25 00:00:00-04:00,15.858707257736965,15.87742928528198,15.774451884180543,15.79317569732666,2278600,0.0,0.0
2023-04-26 00:00:00-04:00,15.727641420397088,15.839982507023223,15.727641420397088,15.737003326416016,1739400,0.0,0.0
2023-04-27 00:00:00-04:00,15.737003944628995,15.793175382949201,15.652748572749752,15.7838134765625,2501700,0.0,0.0
2023-04-28 00:00:00-04:00,15.605941288756245,15.652749036475402,15.512324007716812,15.531047821044922,2957400,0.0,0.0
2023-05-01 00:00:00-04:00,15.605940829333809,15.662110482063445,15.568493203780006,15.577855110168457,1333100,0.0,0.0
2023-05-02 00:00:00-04:00,15.51232209476664,15.587215553242244,15.474876258329287,15.559131622314453,1383600,0.0,0.0
2023-05-03 00:00:00-04:00,15.615301954985854,15.69955732266823,15.615301954985854,15.643385887145996,1708800,0.0,0.0
2023-05-04 00:00:00-04:00,15.615300360031481,15.708917624072116,15.615300360031481,15.680831909179688,1805000,0.0,0.0
2023-05-05 00:00:00-04:00,15.708920323770238,15.811897724871676,15.69955841719718,15.79317569732666,1679800,0.0,0.0
2023-05-08 00:00:00-04:00,15.821259646519758,15.971046580629208,15.821259646519758,15.942962646484375,1704600,0.0,0.0
2023-05-09 00:00:00-04:00,15.980407067550601,16.017854690551758,15.961683256050021,16.017854690551758,1389300,0.0,0.0
2023-05-10 00:00:00-04:00,15.886788683894114,15.942960114464984,15.77444939395401,15.896150588989258,3052600,0.0,0.0
2023-05-11 00:00:00-04:00,15.60594077318199,15.624664585891521,14.988069238575951,15.128494262695312,5991700,0.0,0.0
2023-05-12 00:00:00-04:00,15.437429905209648,15.521685276120397,15.31572869478359,15.334450721740723,3007900,0.0,0.0
2023-05-15 00:00:00-04:00,15.428067512782395,15.474877042702838,15.353174050510674,15.46551513671875,1656700,0.0,0.0
2023-05-16 00:00:00-04:00,15.437429243978286,15.465514961612556,15.390621500188805,15.399983406066895,1261000,0.0,0.0
2023-05-17 00:00:00-04:00,15.268918167549606,15.287641978886615,15.156578870729403,15.24083423614502,1991600,0.0,0.0
2023-05-18 00:00:00-04:00,15.137855046415323,15.156578857736282,14.988068127049507,15.034875869750977,2666000,0.0,0.0
2023-05-19 00:00:00-04:00,15.091047149088574,15.175300727967757,15.05359952683035,15.147216796875,1599100,0.0,0.0
2023-05-22 00:00:00-04:00,15.37189769744873,15.418705441265665,15.325089953631796,15.37189769744873,1398200,0.0,0.0
2023-05-23 00:00:00-04:00,15.297005024585456,15.353174677181677,15.268919305486813,15.278281211853027,1639700,0.0,0.0
2023-05-24 00:00:00-04:00,15.278280081641592,15.297003892988924,15.194024716179522,15.212748527526855,1211000,0.0,0.0
2023-05-25 00:00:00-04:00,15.306366768450658,15.306366768450658,15.137856026849937,15.184663772583008,2256300,0.0,0.0
2023-05-26 00:00:00-04:00,15.09104761083531,15.184663098143442,15.062961893282294,15.0723237991333,2496300,0.0,0.0
2023-05-30 00:00:00-04:00,15.09104793548893,15.13785568014997,14.997430660565849,15.053600311279297,2400500,0.0,0.0
2023-05-31 00:00:00-04:00,14.828919410705566,14.866366140821471,14.669770584512857,14.828919410705566,2472100,0.0,0.0
2023-06-01 00:00:00-04:00,14.828920920242084,14.885090574733594,14.77275037295001,14.87572956085205,1405400,0.0,0.0
2023-06-02 00:00:00-04:00,15.07232442817817,15.119132173785761,15.016154776328854,15.091048240661621,1293900,0.0,0.0
2023-06-05 00:00:00-04:00,15.025514409582676,15.07232393927293,14.988068571431453,15.016154289245605,1482200,0.0,0.0
2023-06-06 00:00:00-04:00,15.250196944635439,15.325090408325195,15.203387413828702,15.325090408325195,1905300,0.0,0.0
2023-06-07 00:00:00-04:00,15.081686344539472,15.175301835817468,15.025514907051427,15.062962532043457,1444100,0.0,0.0
2023-06-08 00:00:00-04:00,14.969345245120225,15.10040836130231,14.969345245120225,15.091048240661621,1665500,0.0,0.0
2023-06-09 00:00:00-04:00,15.240834894328474,15.240834894328474,15.128493807055834,15.175301551818848,1643300,0.0,0.0
2023-06-12 00:00:00-04:00,15.072324763539541,15.100408697288552,14.988069391090354,15.044239044189453,2046400,0.0,0.0
2023-06-13 00:00:00-04:00,15.184662949315959,15.2314724781122,15.137855206120665,15.15657901763916,1838600,0.0,0.0
2023-06-14 00:00:00-04:00,15.137855996426477,15.156579808922492,15.025514907051427,15.062962532043457,1533400,0.0,0.0
2023-06-15 00:00:00-04:00,15.016153698193538,15.137854899395949,15.016153698193538,15.119131088256836,1079400,0.0,0.0
2023-06-16 00:00:00-04:00,15.109770277682454,15.194025648313483,15.034876813299434,15.062962532043457,3243600,0.0,0.0
2023-06-20 00:00:00-04:00,15.10040709153125,15.147216618803734,15.03487553895066,15.081685066223145,1820000,0.0,0.0
2023-06-21 00:00:00-04:00,15.00679288015645,15.109770277682454,14.978707161412428,15.062962532043457,1355700,0.0,0.0
2023-06-22 00:00:00-04:00,15.044238719547442,15.119132183930462,15.044238719547442,15.062962532043457,1265200,0.0,0.0
2023-06-23 00:00:00-04:00,15.016154448972184,15.016154448972184,14.894451456083948,14.903813362121582,1152600,0.0,0.0
2023-06-26 00:00:00-04:00,14.782111553371802,14.875728829992223,14.707218089195672,14.763388633728027,1442300,0.0,0.0
2023-06-27 00:00:00-04:00,14.62296239245356,14.651047217692705,14.529346010722913,14.576153755187988,1156300,0.0,0.0
2023-06-28 00:00:00-04:00,14.70721690119346,14.725939819324855,14.65104636119838,14.697854995727539,1465900,0.0,0.0
2023-06-29 00:00:00-04:00,14.688493090261618,14.70721690119346,14.632323443066985,14.697854995727539,961900,0.0,0.0
2023-06-30 00:00:00-04:00,14.641685662426257,14.725940135024484,14.641685662426257,14.7072172164917,1743000,0.0,0.0
2023-07-03 00:00:00-04:00,14.651047452877142,14.679133171367628,14.622962627187169,14.64168643951416,822500,0.0,0.0
2023-07-05 00:00:00-04:00,14.679133181284218,14.707218006993164,14.604239717526688,14.613600730895996,817900,0.0,0.0
2023-07-06 00:00:00-04:00,14.463813466926165,14.501260197933851,14.370197085807195,14.454451560974121,1526900,0.0,0.0
2023-07-07 00:00:00-04:00,14.388919300974713,14.529345204983974,14.388919300974713,14.491897583007812,1894900,0.0,0.0
2023-07-10 00:00:00-04:00,14.5106232200304,14.566793767262764,14.248496082814007,14.548069953918457,1643400,0.0,0.0
2023-07-11 00:00:00-04:00,14.6042386633354,14.622961581523032,14.435727935644467,14.491897583007812,3296800,0.0,0.0
2023-07-12 00:00:00-04:00,14.360835893094302,14.632324929583808,14.360835893094302,14.594878196716309,3018100,0.0,0.0
2023-07-13 00:00:00-04:00,14.660408728228038,14.679132539749373,14.59487717350431,14.62296199798584,2165500,0.0,0.0
2023-07-14 00:00:00-04:00,14.538707070532713,14.538707070532713,14.379558238999987,14.398282051086426,2484000,0.0,0.0
2023-07-17 00:00:00-04:00,14.323388169233947,14.370196805279905,14.285941438957277,14.295303344726562,2671600,0.0,0.0
2023-07-18 00:00:00-04:00,14.41700457652188,14.529345660370522,14.407643563534888,14.445090293884277,2738600,0.0,0.0
2023-07-19 00:00:00-04:00,14.538706928941536,14.54806883489358,14.398281910862837,14.454451560974121,3142000,0.0,0.0
2023-07-20 00:00:00-04:00,14.360834437000488,14.435727895141785,14.351472531532714,14.370196342468262,3152200,0.0,0.0
2023-07-21 00:00:00-04:00,14.548068676398046,14.594877312847814,14.491898134098227,14.566792488098145,4053700,0.0,0.0
2023-07-24 00:00:00-04:00,14.491897583007812,14.548068123171607,14.47317466482018,14.491897583007812,3506600,0.0,0.0
2023-07-25 00:00:00-04:00,14.388919260603362,14.398281166071136,14.332749613397613,14.370196342468262,3685000,0.0,0.0
2023-07-26 00:00:00-04:00,14.407644130404439,14.482537594049903,14.379558411937007,14.463813781738281,3680400,0.0,0.0
2023-07-27 00:00:00-04:00,14.604239717526688,14.800835283090334,14.557431079478103,14.613600730895996,4836100,0.0,0.0
2023-07-28 00:00:00-04:00,14.435729567784977,14.491899221499008,14.314027461003844,14.332751274108887,2617300,0.0,0.0
2023-07-31 00:00:00-04:00,14.239132488948542,14.304664042287675,14.211047665060407,14.285941123962402,1906100,0.0,0.0
2023-08-01 00:00:00-04:00,13.967643067225408,14.285940704615866,13.967643067225408,14.154876708984375,5161300,0.0,0.0
2023-08-02 00:00:00-04:00,14.108068075344526,14.276578799327812,14.108068075344526,14.154876708984375,3098900,0.0,0.0
2023-08-03 00:00:00-04:00,14.154877906845963,14.201686544447009,14.117431175325226,14.1923246383667,3305100,0.0,0.0
2023-08-04 00:00:00-04:00,14.11743078389642,14.304664436308745,14.108068878075684,14.23913288116455,3127900,0.0,0.0
2023-08-07 00:00:00-04:00,14.33275018089252,14.417004655037138,14.323388275054068,14.388919830322266,2991100,0.0,0.0
2023-08-08 00:00:00-04:00,14.295304085345167,14.388920469486735,14.276580272836542,14.379558563232422,2489500,0.0,0.0
2023-08-09 00:00:00-04:00,14.39828198083814,14.501260268409625,14.39828198083814,14.426366806030273,2007900,0.0,0.0
2023-08-10 00:00:00-04:00,14.435728934018657,14.491898585266695,14.304664926439058,14.314026832580566,2329600,0.0,0.0
2023-08-11 00:00:00-04:00,14.304664532875291,14.370196981262353,14.27657970802397,14.360835075378418,2022600,0.0,0.0
2023-08-14 00:00:00-04:00,14.257855721649419,14.342111087972047,14.248494708680607,14.295303344726562,1317900,0.0,0.0
2023-08-15 00:00:00-04:00,14.211048056502822,14.276579611647016,14.211048056502822,14.23913288116455,2398700,0.0,0.0
2023-08-16 00:00:00-04:00,14.182962241644866,14.220408971870182,14.108068781194238,14.117430686950684,1602800,0.0,0.0
2023-08-17 00:00:00-04:00,14.19232503447633,14.248495579725413,14.126793475686172,14.145516395568848,1576300,0.0,0.0
2023-08-18 00:00:00-04:00,14.023813484188805,14.108068850811646,14.014452471186639,14.089345932006836,1954800,0.0,0.0
2023-08-21 00:00:00-04:00,14.005090887627462,14.089346256188936,13.986367075591357,14.070622444152832,1707800,0.0,0.0
2023-08-22 00:00:00-04:00,14.117431397025793,14.173601941589254,14.079984664916992,14.079984664916992,1220700,0.0,0.0
2023-08-23 00:00:00-04:00,14.211048623647795,14.285942087601628,14.211048623647795,14.257856369018555,1254800,0.0,0.0
2023-08-24 00:00:00-04:00,14.267218489132711,14.285942301802168,14.164240197852283,14.173602104187012,1135700,0.0,0.0
2023-08-25 00:00:00-04:00,14.239133449430353,14.295303993795985,14.173601891670877,14.257856369018555,1586000,0.0,0.0
2023-08-28 00:00:00-04:00,14.22977114993259,14.314026517752007,14.22977114993259,14.304664611816406,939200,0.0,0.0
2023-08-29 00:00:00-04:00,14.173600791647248,14.370196342468262,14.173600791647248,14.370196342468262,1465800,0.0,0.0
2023-08-30 00:00:00-04:00,14.388920927822918,14.435729567784977,14.323389367556365,14.332751274108887,1126700,0.0,0.0
2023-08-31 00:00:00-04:00,14.407643572273445,14.426366491059259,14.379557854894014,14.417004585266113,1656200,0.0,0.0
2023-09-01 00:00:00-04:00,14.510622562173955,14.54806929436432,14.370197539660222,14.407644271850586,1369300,0.0,0.0
2023-09-05 00:00:00-04:00,14.398282131296142,14.435728862877125,14.323388668134173,14.342111587524414,1757000,0.0,0.0
2023-09-06 00:00:00-04:00,14.27657936512826,14.27657936512826,14.173601081279763,14.201685905456543,2178100,0.0,0.0
2023-09-07 00:00:00-04:00,14.304664288222773,14.342111018317578,14.276579463851785,14.32338809967041,1782300,0.0,0.0
2023-09-08 00:00:00-04:00,14.276579611647016,14.304664436308745,14.229770975343815,14.23913288116455,1293000,0.0,0.0
2023-09-11 00:00:00-04:00,14.426367292541249,14.55743130252533,14.407644372715252,14.501260757446289,1878400,0.0,0.0
2023-09-12 00:00:00-04:00,14.791473703059793,14.85700526209242,14.716580237650925,14.800835609436035,2297100,0.0,0.0
2023-09-13 00:00:00-04:00,14.894451699676386,14.969345163601306,14.885089793485644,14.94126033782959,1756000,0.0,0.0
2023-09-14 00:00:00-04:00,15.19402502173755,15.315728012341783,15.1659410897527,15.25019645690918,2233100,0.0,0.0
2023-09-15 00:00:00-04:00,15.259557399120599,15.315728837317883,15.259557399120599,15.278281211853027,2127700,0.0,0.0
2023-09-18 00:00:00-04:00,15.250196964343,15.287642803435759,15.194025527302328,15.268918991088867,1500200,0.0,0.0
2023-09-19 00:00:00-04:00,15.268918676305148,15.30636630022691,15.240834743964813,15.259556770324707,1398200,0.0,0.0
2023-09-20 00:00:00-04:00,15.278280388894029,15.343811944326632,15.240834551047241,15.25019645690918,1148800,0.0,0.0
2023-09-21 00:00:00-04:00,14.997429994339246,14.997429994339246,14.903812723574898,14.913174629211426,1514600,0.0,0.0
2023-09-22 00:00:00-04:00,14.847642329363284,14.903812870937376,14.810195599247379,14.828919410705566,1327800,0.0,0.0
2023-09-25 00:00:00-04:00,14.913174874557726,14.96934452370005,14.866366238405472,14.950621604919434,1446800,0.0,0.0
2023-09-26 00:00:00-04:00,14.97870706979205,15.034876721335483,14.94126033782959,14.94126033782959,1218400,0.0,0.0
2023-09-27 00:00:00-04:00,15.025514498599085,15.0348764045926,14.857004654718306,14.93189811706543,1482300,0.0,0.0
2023-09-28 00:00:00-04:00,14.538707651014791,14.632324929583808,14.510622824564301,14.594878196716309,1961800,0.0,0.0
2023-09-29 00:00:00-04:00,14.519984000576084,14.585515556597612,14.454451551754067,14.482537269592285,1339300,0.0,0.0
2023-10-02 00:00:00-04:00,14.285941692745697,14.342111342758315,14.22977114993259,14.304664611816406,2445600,0.0,0.0
2023-10-03 00:00:00-04:00,13.939558844191511,14.08934576404628,13.920835032809432,13.995728492736816,2335800,0.0,0.0
2023-10-04 00:00:00-04:00,13.705516500072367,13.733601324224844,13.621261134814471,13.696154594421387,5103200,0.0,0.0
2023-10-05 00:00:00-04:00,13.874027171279375,13.948920635385566,13.86466615786649,13.930197715759277,1826900,0.0,0.0
2023-10-06 00:00:00-04:00,14.042537712283753,14.229771369887436,14.033175806203444,14.1923246383667,3471400,0.0,0.0
2023-10-09 00:00:00-04:00,14.136155159693962,14.285942087601628,14.136155159693962,14.257856369018555,2699000,0.0,0.0
2023-10-10 00:00:00-04:00,14.3701968331855,14.482537024233666,14.33275010283611,14.445090293884277,1457000,0.0,0.0
2023-10-11 00:00:00-04:00,14.37019730581053,14.398282131296142,14.304664855943429,14.342111587524414,1453600,0.0,0.0
2023-10-12 00:00:00-04:00,14.370198007518423,14.40764474092796,14.285942634146828,14.332751274108887,1068200,0.0,0.0
2023-10-13 00:00:00-04:00,14.108069652644442,14.220409850259598,14.079984826440786,14.173602104187012,1211400,0.0,0.0
2023-10-16 00:00:00-04:00,14.033176026580863,14.117431397025793,14.023814120353533,14.079984664916992,1543400,0.0,0.0
2023-10-17 00:00:00-04:00,13.93955955117193,14.042537840594775,13.920835738840225,13.958282470703125,1739800,0.0,0.0
2023-10-18 00:00:00-04:00,13.733601324224844,13.752324242726342,13.66806977026891,13.696154594421387,1990900,0.0,0.0
2023-10-19 00:00:00-04:00,13.658708653173985,13.70551729133082,13.56509137686032,13.602538108825684,1950800,0.0,0.0
2023-10-20 00:00:00-04:00,13.56509137686032,13.639984840791048,13.56509137686032,13.602538108825684,1319500,0.0,0.0
2023-10-23 00:00:00-04:00,13.50892147318616,13.621261666985568,13.50892147318616,13.59317684173584,1453700,0.0,0.0
2023-10-24 00:00:00-04:00,13.62126152666313,13.658708257543832,13.593176701702724,13.649346351623535,1393200,0.0,0.0
2023-10-25 00:00:00-04:00,13.593176211372713,13.649345859267386,13.537005670677585,13.57445240020752,1293500,0.0,0.0
2023-10-26 00:00:00-04:00,12.937857803147653,13.031475078421572,12.348071111643169,12.525943756103516,8691300,0.0,0.0
2023-10-27 00:00:00-04:00,12.600837068633748,12.694454342789026,12.572752243507363,12.610198974609375,3380900,0.0,0.0
2023-10-30 00:00:00-04:00,12.497858301759246,12.5727517610896,12.479134490526427,12.507219314575195,2635300,0.0,0.0
2023-10-31 00:00:00-04:00,12.638283893969932,12.731901168823242,12.600837162588707,12.731901168823242,2246300,0.0,0.0
2023-11-01 00:00:00-04:00,12.741261727900357,12.806794175081942,12.731900714989104,12.778708457946777,1906200,0.0,0.0
2023-11-02 00:00:00-04:00,12.90977241085592,13.003389682019383,12.891049492303505,12.984665870666504,1876500,0.0,0.0
2023-11-03 00:00:00-04:00,13.087644567728876,13.134453204787807,12.984666280439626,13.115730285644531,1426100,0.0,0.0
2023-11-06 00:00:00-05:00,12.975304899238727,12.975304899238727,12.816156062482074,12.834879875183105,1743300,0.0,0.0
2023-11-07 00:00:00-05:00,12.891049639178014,12.919134463726852,12.844241003062967,12.900410652160645,1228000,0.0,0.0
2023-11-08 00:00:00-05:00,12.937858084599835,12.965943803473296,12.844241700089874,12.891050338745117,1312400,0.0,0.0
2023-11-09 00:00:00-05:00,12.928496411961275,12.928496411961275,12.694454123418026,12.722538948059082,1785100,0.0,0.0
2023-11-10 00:00:00-05:00,12.816155433654785,12.825517339545957,12.694454228271491,12.816155433654785,1853600,0.0,0.0
2023-11-13 00:00:00-05:00,12.703814744979796,12.788070109107222,12.685091826729508,12.769347190856934,1281600,0.0,0.0
2023-11-14 00:00:00-05:00,12.87232676844947,12.965944047522047,12.87232676844947,12.928497314453125,1928100,0.0,0.0
2023-11-15 00:00:00-05:00,12.891050492261968,12.91913531866936,12.797433213836616,12.806795120239258,1351500,0.0,0.0
2023-11-16 00:00:00-05:00,12.797432505650576,12.881687873010753,12.797432505650576,12.84424114227295,996400,0.0,0.0
2023-11-17 00:00:00-05:00,13.068921728111372,13.115730365455137,13.03147499679646,13.05955982208252,1833800,0.0,0.0
2023-11-20 00:00:00-05:00,13.022113011526672,13.134453204787807,12.96594336129635,13.115730285644531,2082300,0.0,0.0
2023-11-21 00:00:00-05:00,13.125092506408691,13.199985970379027,13.10636869401585,13.125092506408691,1855800,0.0,0.0
2023-11-22 00:00:00-05:00,13.153176700815038,13.153176700815038,13.050197523198676,13.106368064880371,956600,0.0,0.0
2023-11-24 00:00:00-05:00,13.097006403779348,13.199985583319314,13.087644497857445,13.143815040588379,870400,0.0,0.0
2023-11-27 00:00:00-05:00,13.143814970716301,13.199985513148635,13.143814970716301,13.171899795532227,1263300,0.0,0.0
2023-11-28 00:00:00-05:00,13.162538459259917,13.199985189028489,13.115729823849085,13.19062328338623,1700400,0.0,0.0
2023-11-29 00:00:00-05:00,13.10636869401585,13.14381542600102,13.078283868227103,13.125092506408691,1527600,0.0,0.0
2023-11-30 00:00:00-05:00,13.19998505115247,13.246792793273926,13.153176416230563,13.246792793273926,1965300,0.0,0.0
2023-12-01 00:00:00-05:00,13.143815135341615,13.265517234802246,13.134453229352223,13.265517234802246,830900,0.0,0.0
2023-12-04 00:00:00-05:00,13.115730136959568,13.22807032894717,13.115730136959568,13.19998550415039,2487000,0.0,0.0
2023-12-05 00:00:00-05:00,13.106368134526374,13.134452959116226,13.078283309936523,13.078283309936523,1250500,0.0,0.0
2023-12-06 00:00:00-05:00,13.143814873748095,13.143814873748095,13.05019760131836,13.05019760131836,1313800,0.0,0.0
2023-12-07 00:00:00-05:00,13.087644740939533,13.228070653974813,13.05955991545268,13.181262016296387,1585200,0.0,0.0
2023-12-08 00:00:00-05:00,13.097006081402595,13.162538528442383,13.059559351437201,13.162538528442383,838200,0.0,0.0
2023-12-11 00:00:00-05:00,13.134453134666476,13.19062367739741,13.068921578814125,13.143815040588379,2065000,0.0,0.0
2023-12-12 00:00:00-05:00,13.097006081402595,13.171899541333381,13.050197445745738,13.162538528442383,1264900,0.0,0.0
2023-12-13 00:00:00-05:00,13.087643970219712,13.293601428195833,13.078282957475693,13.246792793273926,1974600,0.0,0.0
2023-12-14 00:00:00-05:00,13.237432631065484,13.265517456702963,13.087644811131078,13.153177261352539,3230600,0.0,0.0
2023-12-15 00:00:00-05:00,13.068922177142827,13.097007003393845,12.788071236231056,12.834879875183105,6680300,0.0,0.0
2023-12-18 00:00:00-05:00,12.797432990975603,12.956581825846882,12.797432990975603,12.919135093688965,2182100,0.0,0.0
2023-12-19 00:00:00-05:00,12.853602016045597,12.947219288275692,12.82551719149676,12.900410652160645,1379200,0.0,0.0
2023-12-20 00:00:00-05:00,12.947219437729737,12.965943249512081,12.816155433654785,12.816155433654785,1488700,0.0,0.0
2023-12-21 00:00:00-05:00,13.078283309936523,13.11573004032315,13.003389849163268,13.078283309936523,2059100,0.0,0.0
2023-12-22 00:00:00-05:00,13.134453449060548,13.228070724919487,13.125092435715061,13.153177261352539,944000,0.0,0.0
2023-12-26 00:00:00-05:00,13.134452811367987,13.19062335271631,13.134452811367987,13.162538528442383,757800,0.0,0.0
2023-12-27 00:00:00-05:00,13.162538782460574,13.181261701404361,13.143814970716301,13.171899795532227,1003300,0.0,0.0
2023-12-28 00:00:00-05:00,13.293601666175961,13.377857031983632,13.293601666175961,13.312325477600098,1587000,0.0,0.0
2023-12-29 00:00:00-05:00,13.293601275141599,13.35913372039795,13.293601275141599,13.35913372039795,1118300,0.0,0.0
2024-01-02 00:00:00-05:00,13.218707992711119,13.434027356610757,13.218707992711119,13.424665451049805,1739200,0.0,0.0
2024-01-03 00:00:00-05:00,13.368494910484543,13.462112180493161,13.349771992163092,13.424665451049805,1278700,0.0,0.0
2024-01-04 00:00:00-05:00,13.574452959638078,13.658708327752876,13.54636813453331,13.621261596679688,1753500,0.0,0.0
2024-01-05 00:00:00-05:00,13.714877366868723,13.892750001141271,13.714877366868723,13.780409812927246,1668000,0.0,0.0
2024-01-08 00:00:00-05:00,13.742964446962436,13.892751379441503,13.742964446962436,13.883389472961426,1929500,0.0,0.0
2024-01-09 00:00:00-05:00,13.84594256860192,13.930197940279502,13.808495835945276,13.81785774230957,1405800,0.0,0.0
2024-01-10 00:00:00-05:00,13.911473903332471,13.93955962197268,13.883389077492778,13.930197715759277,1076100,0.0,0.0
2024-01-11 00:00:00-05:00,13.892750590621477,14.005090783602183,13.855303859627908,13.977005958557129,2946700,0.0,0.0
2024-01-12 00:00:00-05:00,14.06126174526285,14.108069490798464,13.995729294472062,14.079984664916992,1924300,0.0,0.0
2024-01-16 00:00:00-05:00,13.95828263282828,14.070622829721804,13.95828263282828,14.051899909973145,3249200,0.0,0.0
2024-01-17 00:00:00-05:00,13.88338844966131,13.911473274230957,13.855303625091663,13.911473274230957,2245000,0.0,0.0
2024-01-18 00:00:00-05:00,13.89275066979002,13.930197400996981,13.827219113377963,13.920835494995117,1274700,0.0,0.0
2024-01-19 00:00:00-05:00,13.724239908711276,13.780410451822727,13.686793177570472,13.771048545837402,1083400,0.0,0.0
2024-01-22 00:00:00-05:00,13.827219577421841,13.874027323401046,13.799133858473686,13.845942497253418,1127800,0.0,0.0
2024-01-23 00:00:00-05:00,13.827219659177025,13.85530448549071,13.752325301006318,13.789772033691406,3511800,0.0,0.0
2024-01-24 00:00:00-05:00,13.864665890923053,13.911473635487821,13.724239978827248,13.742963790893555,1657100,0.0,0.0
2024-01-25 00:00:00-05:00,13.705516500072367,13.714877512922884,13.611899229163491,13.696154594421387,1465300,0.0,0.0
2024-01-26 00:00:00-05:00,13.658708886800255,13.7148785393088,13.60253834149118,13.668070793151855,1252200,0.0,0.0
2024-01-29 00:00:00-05:00,13.724238883182526,13.827218055725098,13.714876977896761,13.827218055725098,1594700,0.0,0.0
2024-01-30 00:00:00-05:00,13.677430930577968,13.714877660785145,13.593176457212175,13.611899375915527,1646700,0.0,0.0
2024-01-31 00:00:00-05:00,13.761687178266277,13.855304456181225,13.639985074097053,13.668070793151855,1961800,0.0,0.0
2024-02-01 00:00:00-05:00,13.73360241629562,13.73360241629562,13.162539518182907,13.462113380432129,3501400,0.0,0.0
2024-02-02 00:00:00-05:00,13.490197082079824,13.55572863578305,13.302963433784567,13.368494987487793,5799100,0.0,0.0
2024-02-05 00:00:00-05:00,13.228069662741635,13.228069662741635,12.965942561305408,13.031474113464355,4500500,0.0,0.0
2024-02-06 00:00:00-05:00,13.059560396462407,13.284240794233677,13.059560396462407,13.256155967712402,2700200,0.0,0.0
2024-02-07 00:00:00-05:00,13.265517549355023,13.331049107233676,13.25615564314364,13.274879455566406,1434500,0.0,0.0
2024-02-08 00:00:00-05:00,13.162538606562066,13.18126152525565,13.050197523198676,13.106368064880371,973000,0.0,0.0
2024-02-09 00:00:00-05:00,13.265517408272396,13.340410871565918,13.246793596048763,13.331048965454102,1206400,0.0,0.0
2024-02-12 00:00:00-05:00,13.340411104927297,13.405942663255335,13.31232627890107,13.396581649780273,1139600,0.0,0.0
2024-02-13 00:00:00-05:00,13.415303545488852,13.462112180493161,13.377856816045496,13.424665451049805,2094800,0.0,0.0
2024-02-14 00:00:00-05:00,13.480835373790173,13.62126128166744,13.471474360838734,13.611899375915527,2201300,0.0,0.0
2024-02-15 00:00:00-05:00,13.49955940246582,13.555729052279968,13.462112671656227,13.49955940246582,1142800,0.0,0.0
2024-02-16 00:00:00-05:00,13.621261770318215,13.742963871057613,13.611899864230452,13.686793327331543,1432000,0.0,0.0
2024-02-20 00:00:00-05:00,13.780410867918782,13.930197797004771,13.780410867918782,13.874027252197266,1838300,0.0,0.0
2024-02-21 00:00:00-05:00,13.752325614332609,13.799134254455566,13.696155960425498,13.799134254455566,1454200,0.0,0.0
2024-02-22 00:00:00-05:00,13.771048370648163,13.789771289580132,13.69615490931932,13.705516815185547,1601600,0.0,0.0
2024-02-23 00:00:00-05:00,13.705517139507068,13.742963871057613,13.639984689693236,13.686793327331543,5120800,0.0,0.0
2024-02-26 00:00:00-05:00,13.855304079010672,13.920835636086911,13.808495441327427,13.864665985107422,1608500,0.0,0.0
2024-02-27 00:00:00-05:00,13.864665914704137,13.930197471447613,13.836580196556502,13.89275074005127,1165800,0.0,0.0
2024-02-28 00:00:00-05:00,13.742963800394266,13.761686719673017,13.69615516299664,13.71487808227539,964500,0.0,0.0
2024-02-29 00:00:00-05:00,13.696155304131576,13.696155304131576,13.602538028371622,13.658708572387695,1372900,0.0,0.0
2024-03-01 00:00:00-05:00,13.611900005074586,13.649346737012596,13.565091366951943,13.630623817443848,1073500,0.0,0.0
2024-03-04 00:00:00-05:00,13.537005993542225,13.583814629771167,13.480835451507401,13.555728912353516,1726300,0.0,0.0
2024-03-05 00:00:00-05:00,13.537006458576258,13.565091284158223,13.44338918290236,13.480835914611816,956000,0.0,0.0
2024-03-06 00:00:00-05:00,13.677432542417419,13.771049825368078,13.63998580779727,13.752326011657715,1749200,0.0,0.0
2024-03-07 00:00:00-05:00,13.827218800522015,13.920835180020998,13.817856894731975,13.911473274230957,1429100,0.0,0.0
2024-03-08 00:00:00-05:00,13.836579068210437,13.864664784067735,13.780409422096696,13.827218055725098,1157500,0.0,0.0
2024-03-11 00:00:00-04:00,13.65870794226778,13.724239496596262,13.602537400843033,13.639984130859375,1326400,0.0,0.0
2024-03-12 00:00:00-04:00,13.574452299261011,13.583814204773988,13.452750205993652,13.452750205993652,2101800,0.0,0.0
2024-03-13 00:00:00-04:00,13.48083559066078,13.508921308368341,13.434027846749153,13.49955940246582,1488800,0.0,0.0
2024-03-14 00:00:00-04:00,13.565090463262276,13.565090463262276,13.3965806271674,13.424665451049805,1199600,0.0,0.0
2024-03-15 00:00:00-04:00,13.452751321645326,13.583815331294948,13.424666495577737,13.546368598937988,2316700,0.0,0.0
2024-03-18 00:00:00-04:00,13.621261911259216,13.677431562765976,13.611900005074586,13.630623817443848,1208100,0.0,0.0
2024-03-19 00:00:00-04:00,13.621261182876445,13.621261182876445,13.4714742631341,13.49019718170166,1779200,0.0,0.0
2024-03-20 00:00:00-04:00,13.527644322596469,13.621261596679688,13.434027941313744,13.621261596679688,1568900,0.0,0.0
2024-03-21 00:00:00-04:00,13.508921387806321,13.602537768980566,13.434027925746728,13.443388938903809,1859700,0.0,0.0
2024-03-22 00:00:00-04:00,13.537005817321258,13.537005817321258,13.462112357450087,13.49019718170166,1147400,0.0,0.0
2024-03-25 00:00:00-04:00,13.28423952265136,13.340410063117739,13.181261240063527,13.246792793273926,2264300,0.0,0.0
2024-03-26 00:00:00-04:00,13.490197566623763,13.527644297627836,13.462112741570833,13.471474647521973,2070400,0.0,0.0
2024-03-27 00:00:00-04:00,13.731387221346717,13.731387221346717,13.549831352807125,13.559386253356934,1714300,0.292,0.0
2024-03-28 00:00:00-04:00,13.320495663459939,13.3396072860516,13.205828661786938,13.27271842956543,1484600,0.0,0.0
2024-04-01 00:00:00-04:00,13.167605461414533,13.167605461414533,13.014716135911264,13.062494277954102,1158900,0.0,0.0
2024-04-02 00:00:00-04:00,12.97649481578945,12.995606438612853,12.880938524257106,12.94782829284668,1856100,0.0,0.0
2024-04-03 00:00:00-04:00,12.909605948030316,12.97649480527335,12.87138361370682,12.928716659545898,1760200,0.0,0.0
2024-04-04 00:00:00-04:00,12.947828298587494,13.005161344498454,12.86182781842872,12.880938529968262,1783300,0.0,0.0
2024-04-05 00:00:00-04:00,12.919160775491532,13.014716148376465,12.842715201374418,13.014716148376465,1822600,0.0,0.0
2024-04-08 00:00:00-04:00,13.024271946578285,13.167605461414533,13.014716135911264,13.062494277954102,2064200,0.0,0.0
2024-04-09 00:00:00-04:00,13.0624952210415,13.081605932463033,12.986050552770704,13.043383598327637,1432000,0.0,0.0
2024-04-10 00:00:00-04:00,12.900049166585612,12.986049640169613,12.86182683513631,12.966938018798828,2419000,0.0,0.0
2024-04-11 00:00:00-04:00,12.890494309179617,12.995606411907664,12.87138359768782,12.976494789123535,3030900,0.0,0.0
2024-04-12 00:00:00-04:00,12.909606034511496,12.957384180559014,12.75671669619331,12.775827407836914,2244600,0.0,0.0
2024-04-15 00:00:00-04:00,12.718494476176632,12.75671681110047,12.584715848297028,12.594271659851074,1788800,0.0,0.0
2024-04-16 00:00:00-04:00,12.632493935537502,12.708938605026706,12.632493935537502,12.642048835754395,2279100,0.0,0.0
2024-04-17 00:00:00-04:00,12.59427068867711,12.59427068867711,12.527380924249163,12.565603256225586,1639900,0.0,0.0
2024-04-18 00:00:00-04:00,12.575159072875977,12.642047926042675,12.536936740881824,12.575159072875977,1287700,0.0,0.0
2024-04-19 00:00:00-04:00,12.594271605910757,12.670716275431024,12.584715794397637,12.651604652404785,1316700,0.0,0.0
2024-04-22 00:00:00-04:00,12.718493406345509,12.814048779971175,12.70893759559526,12.766270637512207,1561400,0.0,0.0
2024-04-23 00:00:00-04:00,12.775827413015461,12.8140497476105,12.708938555297227,12.785383224487305,1702400,0.0,0.0
2024-04-24 00:00:00-04:00,12.728049316752834,12.737605128262071,12.622938124028266,12.642048835754395,924500,0.0,0.0
2024-04-25 00:00:00-04:00,12.565604254068779,12.603826589080464,12.470048872185743,12.48915958404541,1697100,0.0,0.0
2024-04-26 00:00:00-04:00,12.498715417790603,12.498715417790603,12.4318265592246,12.450937271118164,1213500,0.0,0.0
2024-04-29 00:00:00-04:00,12.565604220100331,12.60382655500869,12.527381885191973,12.584715843200684,1333100,0.0,0.0
2024-04-30 00:00:00-04:00,12.55604935888278,12.642048929224723,12.4987154006958,12.4987154006958,909500,0.0,0.0
2024-05-01 00:00:00-04:00,12.517826952972186,12.689827003974456,12.49871532992063,12.603826522827148,1293600,0.0,0.0
2024-05-02 00:00:00-04:00,12.69938281411308,12.718494437162548,12.6229381444999,12.680272102355957,1033500,0.0,0.0
2024-05-03 00:00:00-04:00,12.74716088472534,12.814049742416461,12.708938550145792,12.775827407836914,1334000,0.0,0.0
2024-05-06 00:00:00-04:00,12.814048779971175,12.814048779971175,12.718493406345509,12.766270637512207,1575600,0.0,0.0
2024-05-07 00:00:00-04:00,12.680272065127696,12.69938277682871,12.632493918936644,12.689826965332031,1732100,0.0,0.0
2024-05-08 00:00:00-04:00,12.48915866697707,12.546492620930788,12.470047956520686,12.47960376739502,1562700,0.0,0.0
2024-05-09 00:00:00-04:00,12.307603581414385,12.87138369993195,12.202492389143716,12.775827407836914,2941900,0.0,0.0
2024-05-10 00:00:00-04:00,12.62293718348423,12.708937658074714,12.584714851587602,12.66115951538086,1949300,0.0,0.0
2024-05-13 00:00:00-04:00,12.584714896996294,12.622937229030839,12.517826043758912,12.52738094329834,1818900,0.0,0.0
2024-05-14 00:00:00-04:00,12.804493887804872,12.890494368142166,12.804493887804872,12.852272033691406,1458400,0.0,0.0
2024-05-15 00:00:00-04:00,12.842716275931577,12.871383710358714,12.756716706527186,12.794939041137695,1100000,0.0,0.0
2024-05-16 00:00:00-04:00,12.708937650817118,12.756715793483687,12.680271129734084,12.718493461608887,1187400,0.0,0.0
2024-05-17 00:00:00-04:00,12.68982701941807,12.68982701941807,12.622938161240914,12.63249397277832,1009700,0.0,0.0
2024-05-20 00:00:00-04:00,12.680272065127696,12.737605111523083,12.670716253631017,12.689826965332031,594400,0.0,0.0
2024-05-21 00:00:00-04:00,12.642047906932435,12.689826049675972,12.58471486467401,12.613381385803223,1014600,0.0,0.0
2024-05-22 00:00:00-04:00,12.536936810056455,12.556048431805122,12.45093633477202,12.47960376739502,1034000,0.0,0.0
2024-05-23 00:00:00-04:00,12.556049413724535,12.575160125675433,12.412714973277213,12.44138240814209,1351200,0.0,0.0
2024-05-24 00:00:00-04:00,12.508271190226266,12.613382383542696,12.508271190226266,12.536937713623047,1559800,0.0,0.0
2024-05-28 00:00:00-04:00,12.556048375793456,12.594270707828,12.508270232927206,12.52738094329834,1324500,0.0,0.0
2024-05-29 00:00:00-04:00,12.441381450736877,12.470047972103417,12.355380975344975,12.364935874938965,1109400,0.0,0.0
2024-05-30 00:00:00-04:00,12.412714936038684,12.489159606197646,12.412714936038684,12.450937271118164,1206500,0.0,0.0
2024-05-31 00:00:00-04:00,12.622938101200106,12.785383251393972,12.61338228970815,12.75671672821045,1855000,0.0,0.0
2024-06-03 00:00:00-04:00,12.756715738054229,12.88093763263837,12.747159927303983,12.766270637512207,2004200,0.0,0.0
2024-06-04 00:00:00-04:00,12.82360552700966,12.82360552700966,12.747160858010773,12.80449390411377,1814000,0.0,0.0
2024-06-05 00:00:00-04:00,12.775826410018917,12.938271547117779,12.766270599297274,12.909605026245117,1113300,0.0,0.0
2024-06-06 00:00:00-04:00,12.81404965657541,12.95738409375777,12.81404965657541,12.928716659545898,1529700,0.0,0.0
2024-06-07 00:00:00-04:00,12.861826902582369,12.900049234232107,12.82360457093263,12.871382713317871,809200,0.0,0.0
2024-06-10 00:00:00-04:00,12.833160363056509,12.957383168561066,12.814048741613222,12.909605026245117,1591400,0.0,0.0
2024-06-11 00:00:00-04:00,12.823605580880079,12.823605580880079,12.670716242240038,12.747160911560059,936700,0.0,0.0
2024-06-12 00:00:00-04:00,12.871383727028178,12.890494438712011,12.728049288583883,12.747160911560059,2454200,0.0,0.0
2024-06-13 00:00:00-04:00,12.546493547302891,12.632494028937185,12.479604688828374,12.4987154006958,1371800,0.0,0.0
2024-06-14 00:00:00-04:00,12.489158647743414,12.536936790749218,12.450936315597225,12.517826080322266,1071500,0.0,0.0
2024-06-17 00:00:00-04:00,12.489159550283613,12.613382366558866,12.470048838475607,12.584715843200684,1420200,0.0,0.0
2024-06-18 00:00:00-04:00,12.22160249919292,12.259824831891017,12.05915735740294,12.106935501098633,4963900,0.0,0.0
2024-06-20 00:00:00-04:00,12.059158320305533,12.087824844295003,12.020935984555452,12.049602508544922,1782100,0.0,0.0
2024-06-21 00:00:00-04:00,12.059157402669166,12.145157879385774,12.040046691894531,12.040046691894531,1695700,0.0,0.0
2024-06-24 00:00:00-04:00,12.231158217567954,12.35538102571914,12.212046595717483,12.307602882385254,1430400,0.0,0.0
2024-06-25 00:00:00-04:00,12.326714471276205,12.412714953146654,12.240714900698109,12.403159141540527,1888000,0.0,0.0
2024-06-26 00:00:00-04:00,12.31715962533424,12.384048484287701,12.28849219038931,12.345826148986816,952900,0.0,0.0
2024-06-27 00:00:00-04:00,12.355381955625298,12.364936855977378,12.298047997051038,12.336270332336426,1576200,0.0,0.0
2024-06-28 00:00:00-04:00,12.393603307597788,12.460492161217143,12.364935874938965,12.364935874938965,1655200,0.0,0.0
2024-07-01 00:00:00-04:00,12.422269821166992,12.51782610738519,12.393603299818446,12.422269821166992,1552700,0.0,0.0
2024-07-02 00:00:00-04:00,12.422270747631643,12.460493082711123,12.374492600959204,12.450937271118164,1062100,0.0,0.0
2024-07-03 00:00:00-04:00,12.479603711724367,12.57515908616459,12.479603711724367,12.52738094329834,438700,0.0,0.0
2024-07-05 00:00:00-04:00,12.536936727733892,12.64204791278451,12.527380916922304,12.622937202453613,981100,0.0,0.0
2024-07-08 00:00:00-04:00,12.61338237166682,12.622938183220866,12.556049324927237,12.594271659851074,895700,0.0,0.0
2024-07-09 00:00:00-04:00,12.57515906704276,12.57515906704276,12.479603692747842,12.565603256225586,942700,0.0,0.0
2024-07-10 00:00:00-04:00,12.594270662384828,12.66115951538086,12.565603229993151,12.66115951538086,780200,0.0,0.0
2024-07-11 00:00:00-04:00,12.900050196008545,12.938272530507989,12.766271569614327,12.80449390411377,2642800,0.0,0.0
2024-07-12 00:00:00-04:00,12.861827839904803,12.900050174340043,12.785383171034324,12.842716217041016,2537600,0.0,0.0
2024-07-15 00:00:00-04:00,12.833161375748205,12.880938610542087,12.72804927210005,12.794939041137695,2672300,0.0,0.0
2024-07-16 00:00:00-04:00,12.747159976815677,12.747159976815677,12.670715313101315,12.708937644958496,2681900,0.0,0.0
2024-07-17 00:00:00-04:00,12.99560634832911,13.138939873339519,12.966938914293166,13.091161727905273,2792000,0.0,0.0
2024-07-18 00:00:00-04:00,12.995606449651985,13.052939495586227,12.833161300684411,12.890494346618652,2274700,0.0,0.0
2024-07-19 00:00:00-04:00,12.804492969220927,12.823604590721423,12.651603642386045,12.766270637512207,4167400,0.0,0.0
2024-07-22 00:00:00-04:00,12.804492930891579,12.96693806799044,12.804492930891579,12.909605026245117,2261500,0.0,0.0
2024-07-23 00:00:00-04:00,13.024272892187936,13.062495226338834,12.91916170109605,13.052939414978027,2368700,0.0,0.0
2024-07-24 00:00:00-04:00,13.052939457675388,13.110273414735444,12.938272454847608,12.976494789123535,2276100,0.0,0.0
2024-07-25 00:00:00-04:00,13.091160798662898,13.21538360345737,13.043382656620063,13.062494277954102,3278700,0.0,0.0
2024-07-26 00:00:00-04:00,13.081604963210319,13.177161247114944,13.081604963210319,13.158050537109375,2454800,0.0,0.0
2024-07-29 00:00:00-04:00,13.244051064260997,13.263162686951626,13.014717059727412,13.091161727905273,6187700,0.0,0.0
2024-07-30 00:00:00-04:00,13.0624952210415,13.091161743819965,12.938272407278376,13.043383598327637,3617000,0.0,0.0
2024-07-31 00:00:00-04:00,12.966938841910135,13.31094075808258,12.756716461240666,13.263162612915039,4492700,0.0,0.0
2024-08-01 00:00:00-04:00,12.995606301617944,13.234496116638184,12.919161633714854,13.234496116638184,4409100,0.0,0.0
2024-08-02 00:00:00-04:00,13.100717364131617,13.50205232234686,13.100717364131617,13.45427417755127,3899700,0.0,0.0
2024-08-05 00:00:00-04:00,12.83316113893456,13.25360681189157,12.814049516335807,13.205828666687012,5747500,0.0,0.0
2024-08-06 00:00:00-04:00,12.78538231456672,12.890493499399355,12.699381840025348,12.718493461608887,4109900,0.0,0.0
2024-08-07 00:00:00-04:00,13.196273803710938,13.358718039794569,13.148495658372305,13.196273803710938,3184700,0.0,0.0
2024-08-08 00:00:00-04:00,13.177162128544417,13.291829130124764,13.138939794684301,13.253606796264648,1912800,0.0,0.0
2024-08-09 00:00:00-04:00,13.15805141726052,13.291829130124764,13.14849560597241,13.253606796264648,1519700,0.0,0.0
2024-08-12 00:00:00-04:00,13.186717971375671,13.272718450589728,13.158051448735092,13.234496116638184,1379100,0.0,0.0
2024-08-13 00:00:00-04:00,13.282273251961804,13.435163497924805,13.282273251961804,13.435163497924805,1367400,0.0,0.0
2024-08-14 00:00:00-04:00,13.559385275390206,13.69316389765489,13.54027456437657,13.664497375488281,1840700,0.0,0.0
2024-08-15 00:00:00-04:00,13.788720094099919,13.82694242716309,13.760052660833315,13.798274993896484,1271000,0.0,0.0
2024-08-16 00:00:00-04:00,13.807831746389326,13.855609893798828,13.769609410720195,13.855609893798828,1374800,0.0,0.0
2024-08-19 00:00:00-04:00,13.893831184836444,14.065832138061523,13.865164663063029,14.065832138061523,2088400,0.0,0.0
2024-08-20 00:00:00-04:00,14.08494378135393,14.15183355164362,14.075387969699351,14.104055404663086,2096500,0.0,0.0
2024-08-21 00:00:00-04:00,14.237832049878206,14.295166004193371,14.190054817789905,14.276054382324219,2231300,0.0,0.0
2024-08-22 00:00:00-04:00,14.323832576547064,14.333388387515557,14.180499057188824,14.218721389770508,2329300,0.0,0.0
2024-08-23 00:00:00-04:00,14.266500380214195,14.409833908081055,14.256944568678446,14.409833908081055,2565000,0.0,0.0
2024-08-26 00:00:00-04:00,14.228278167247698,14.276055402751028,14.132721873656328,14.161388397216797,1490300,0.0,0.0
2024-08-27 00:00:00-04:00,14.25694463427281,14.371611639352333,14.25694463427281,14.295166969299316,1371900,0.0,0.0
2024-08-28 00:00:00-04:00,14.209166492703389,14.390723267612923,14.209166492703389,14.304722785949707,2105600,0.0,0.0
2024-08-29 00:00:00-04:00,14.304721820851407,14.333388342374315,14.256943677451702,14.28561019897461,1024900,0.0,0.0
2024-08-30 00:00:00-04:00,14.170943251879331,14.266499539017845,14.142276730254695,14.228277206420898,1859500,0.0,0.0
2024-09-03 00:00:00-04:00,14.180499986200559,14.33338932654358,14.180499986200559,14.25694465637207,2147900,0.0,0.0
2024-09-04 00:00:00-04:00,14.180498987518979,14.333388317094554,14.180498987518979,14.314276695251465,972500,0.0,0.0
2024-09-05 00:00:00-04:00,14.314277703354527,14.323833514949055,14.199610698097262,14.25694465637207,1577200,0.0,0.0
2024-09-06 00:00:00-04:00,14.228278204798627,14.256944728434753,14.132721910955068,14.151833534240723,1480300,0.0,0.0
2024-09-09 00:00:00-04:00,14.17094324622033,14.276054432996887,14.17094324622033,14.218721389770508,1103400,0.0,0.0
2024-09-10 00:00:00-04:00,14.190054873823952,14.228277206420898,14.151832541227003,14.228277206420898,1027900,0.0,0.0
2024-09-11 00:00:00-04:00,14.084943726860642,14.170944208834404,14.037165580064958,14.161388397216797,1012100,0.0,0.0
2024-09-12 00:00:00-04:00,14.132721873656328,14.170944208834404,14.056277203300173,14.161388397216797,779500,0.0,0.0
2024-09-13 00:00:00-04:00,14.03716564677204,14.190055899503264,14.008499123075342,14.046721458435059,2608700,0.0,0.0
2024-09-16 00:00:00-04:00,14.065832098540168,14.15183257491107,14.037164665555006,14.142276763916016,1930100,0.0,0.0
2024-09-17 00:00:00-04:00,14.20916560417247,14.285610269472329,14.170943271522543,14.190054893493652,1922100,0.0,0.0
2024-09-18 00:00:00-04:00,14.209166544012483,14.276055402751028,14.12316606203872,14.161388397216797,1569700,0.0,0.0
2024-09-19 00:00:00-04:00,14.161387421382244,14.276054419014988,14.161387421382244,14.266499519348145,1119000,0.0,0.0
2024-09-20 00:00:00-04:00,14.190054907598993,14.209165618296808,14.104054431228093,14.142276763916016,1241200,0.0,0.0
2024-09-23 00:00:00-04:00,14.113610208630057,14.256943728045535,14.104054397657748,14.228277206420898,1905000,0.0,0.0
2024-09-24 00:00:00-04:00,14.13272095292096,14.190054907598993,14.07538699824293,14.142276763916016,2326700,0.0,0.0
2024-09-25 00:00:00-04:00,14.065832186873006,14.075387086635772,13.903387044106111,13.932053565979004,5770000,0.0,0.0
2024-09-26 00:00:00-04:00,13.979832616799927,14.018054952207274,13.922498658042725,13.998943328857422,842900,0.0,0.0
2024-09-27 00:00:00-04:00,13.97027591901772,14.01805406306952,13.893831253051758,13.893831253051758,1628900,0.0,0.0
2024-09-30 00:00:00-04:00,14.114740203503741,14.114740203503741,13.860597382915378,13.899696350097656,2770500,0.326,0.0
2024-10-01 00:00:00-04:00,14.026768351858932,14.03654239459718,13.889921499401368,13.958344459533691,1370100,0.0,0.0
2024-10-02 00:00:00-04:00,13.919245265367453,14.007218173929724,13.870371323700313,13.997443199157715,1530100,0.0,0.0
2024-10-03 00:00:00-04:00,13.929020695000885,13.96811966317282,13.870371776646516,13.919245719909668,1407700,0.0,0.0
2024-10-04 00:00:00-04:00,13.968119312373824,14.163614148323788,13.968119312373824,14.104966163635254,1791700,0.0,0.0
2024-10-07 00:00:00-04:00,13.98766934328882,14.104966245539918,13.968119393483848,14.007218360900879,2078600,0.0,0.0
2024-10-08 00:00:00-04:00,13.977893829345703,14.01699279525493,13.929019888910949,13.977893829345703,2092700,0.0,0.0
2024-10-09 00:00:00-04:00,13.929020466933112,13.977894409396022,13.889921499401368,13.958344459533691,1938600,0.0,0.0
2024-10-10 00:00:00-04:00,13.968119041776148,13.997443033552337,13.909470126030882,13.987668991088867,909300,0.0,0.0
2024-10-11 00:00:00-04:00,13.801948016657738,13.987668803871228,13.79217304213221,13.977893829345703,3156100,0.0,0.0
2024-10-14 00:00:00-04:00,13.831272725792871,14.026768497676827,13.831272725792871,14.016993522644043,1044300,0.0,0.0
2024-10-15 00:00:00-04:00,13.850822175763602,13.899696116969958,13.713975326824382,13.733525276184082,2893300,0.0,0.0
2024-10-16 00:00:00-04:00,13.674876896556547,13.772624782802431,13.665101921493374,13.762849807739258,2003900,0.0,0.0
2024-10-17 00:00:00-04:00,13.782399223545807,13.93879508972168,13.772624248861591,13.93879508972168,2029100,0.0,0.0
2024-10-18 00:00:00-04:00,13.919245451164327,14.036542353415426,13.880146483747296,14.007218360900879,1179900,0.0,0.0
2024-10-21 00:00:00-04:00,13.968118973182484,13.997442964814669,13.82149808282867,13.83127212524414,1089700,0.0,0.0
2024-10-22 00:00:00-04:00,13.782399716198505,13.821498684140069,13.743300748256942,13.811723709106445,978500,0.0,0.0
2024-10-23 00:00:00-04:00,13.635777742440844,13.674876709967117,13.498931822195342,13.547804832458496,1337800,0.0,0.0
2024-10-24 00:00:00-04:00,13.518480715348845,13.547804707675231,13.469606773342932,13.489156723022461,811800,0.0,0.0
2024-10-25 00:00:00-04:00,13.362084467234569,13.430507424784064,13.244787569067057,13.264336585998535,1595000,0.0,0.0
2024-10-28 00:00:00-04:00,13.235013153570419,13.33276103893546,13.195914185862986,13.293662071228027,1889400,0.0,0.0
2024-10-29 00:00:00-04:00,13.362084806573677,13.567354616628009,13.362084806573677,13.538030624389648,1550600,0.0,0.0
2024-10-30 00:00:00-04:00,13.459832464832116,13.596678381114153,13.459832464832116,13.577129364013672,1296000,0.0,0.0
2024-10-31 00:00:00-04:00,13.596678320090986,13.665101277924915,13.528255362257056,13.626002311706543,1312100,0.0,0.0
2024-11-01 00:00:00-04:00,13.68465160248368,13.753074562194366,13.626002685451011,13.645552635192871,811800,0.0,0.0
2024-11-04 00:00:00-05:00,13.63577739377137,13.792173259877396,13.62600241909152,13.733525276184082,1538900,0.0,0.0
2024-11-05 00:00:00-05:00,13.723750531680944,13.919245367592342,13.723750531680944,13.899696350097656,908600,0.0,0.0
2024-11-06 00:00:00-05:00,13.674876394399341,13.674876394399341,13.410958602735507,13.479381561279297,1205100,0.0,0.0
2024-11-07 00:00:00-05:00,13.528255814791818,13.586903799984771,13.489156847265543,13.547804832458496,1037100,0.0,0.0
2024-11-08 00:00:00-05:00,13.450057382592034,13.547804331698293,13.410958416510953,13.469606399536133,984200,0.0,0.0
2024-11-11 00:00:00-05:00,13.342535018920898,13.41095891123156,13.332760976184733,13.342535018920898,1310200,0.0,0.0
2024-11-12 00:00:00-05:00,13.303435967805484,13.33276089240847,13.215463990575262,13.235013008117676,1003700,0.0,0.0
2024-11-13 00:00:00-05:00,13.225238406174118,13.293662299984248,13.156815444556923,13.254563331604004,1745400,0.0,0.0
2024-11-14 00:00:00-05:00,13.225237619942696,13.440282399346245,13.215463577573399,13.264336585998535,2323400,0.0,0.0
2024-11-15 00:00:00-05:00,13.303435512832362,13.371859402373007,13.195913589544032,13.313210487365723,2197000,0.0,0.0
2024-11-18 00:00:00-05:00,13.25456277056313,13.332760704013646,13.225237846374512,13.225237846374512,3790700,0.0,0.0
2024-11-19 00:00:00-05:00,13.254562504551316,13.322985461899084,13.225237580951234,13.313210487365723,1679500,0.0,0.0
2024-11-20 00:00:00-05:00,13.176364319699092,13.176364319699092,12.912446519043941,12.990644454956055,3779100,0.0,0.0
2024-11-21 00:00:00-05:00,12.980869252443238,13.049293144311978,12.9515452600383,13.029743194580078,4011200,0.0,0.0
2024-11-22 00:00:00-05:00,13.02974315396278,13.117716063096275,13.000419161649251,13.078617095947266,1558100,0.0,0.0
2024-11-25 00:00:00-05:00,13.11771614685108,13.20568905654627,13.078617179452431,13.186139106750488,1588100,0.0,0.0
2024-11-26 00:00:00-05:00,13.117716187719529,13.166590130168336,13.078617220199066,13.1372652053833,964800,0.0,0.0
2024-11-27 00:00:00-05:00,13.186138653886859,13.322985501178731,13.186138653886859,13.264336585998535,2240300,0.0,0.0
2024-11-29 00:00:00-05:00,13.264336546891798,13.322985461899084,13.264336546891798,13.313210487365723,373100,0.0,0.0
2024-12-02 00:00:00-05:00,13.322986002230648,13.596678774914569,13.322986002230648,13.547804832458496,2566300,0.0,0.0
2024-12-03 00:00:00-05:00,13.655327838548358,13.723750799403916,13.577129902658312,13.606453895568848,1467000,0.0,0.0
2024-12-04 00:00:00-05:00,13.401183354559043,13.469606311706556,13.36208438873291,13.36208438873291,1372300,0.0,0.0
2024-12-05 00:00:00-05:00,13.410958788690161,13.52825569018861,13.391408839010632,13.489156723022461,1687700,0.0,0.0
2024-12-06 00:00:00-05:00,13.46960643896157,13.528255354351296,13.410958455764728,13.420732498168945,960300,0.0,0.0
2024-12-09 00:00:00-05:00,13.381633718438456,13.528255542859418,13.362084701164733,13.43050765991211,1858700,0.0,0.0
2024-12-10 00:00:00-05:00,13.313210438382136,13.32298541287953,13.156814575195312,13.156814575195312,1533500,0.0,0.0
2024-12-11 00:00:00-05:00,13.205689388080463,13.322986293221197,13.205689388080463,13.254563331604004,2134700,0.0,0.0
2024-12-12 00:00:00-05:00,13.225238303278555,13.283887221489088,13.137265392059222,13.147040367126465,1738000,0.0,0.0
2024-12-13 00:00:00-05:00,13.18613879384704,13.18613879384704,13.08839184376638,13.117715835571289,1096700,0.0,0.0
2024-12-16 00:00:00-05:00,13.039518210399883,13.09816619539396,12.98086929321289,12.98086929321289,2452200,0.0,0.0
2024-12-17 00:00:00-05:00,12.980868840401335,13.117715687602079,12.961319823482876,13.059066772460938,1184100,0.0,0.0
2024-12-18 00:00:00-05:00,13.039517976932409,13.068841968904412,12.814698219299316,12.814698219299316,1287300,0.0,0.0
2024-12-19 00:00:00-05:00,12.804924279050859,12.824473296457379,12.687626445840122,12.716951370239258,1494600,0.0,0.0
2024-12-20 00:00:00-05:00,12.746275095851768,12.892895986009194,12.726726078854124,12.804924011230469,1848700,0.0,0.0
2024-12-23 00:00:00-05:00,12.824473340436409,12.883122257242903,12.746275406156355,12.873347282409668,1830200,0.0,0.0
2024-12-24 00:00:00-05:00,12.814698365603176,12.892896299883228,12.795149348129616,12.873347282409668,968400,0.0,0.0
2024-12-26 00:00:00-05:00,12.765825767725618,12.883122672930403,12.765825767725618,12.844023704528809,2100300,0.0,0.0
2024-12-27 00:00:00-05:00,12.931995186055913,13.0199680946184,12.91244616870475,12.971095085144043,1193300,0.0,0.0
2024-12-30 00:00:00-05:00,12.931995267023254,12.961320191522955,12.853797332743202,12.873347282409668,1319400,0.0,0.0
2024-12-31 00:00:00-05:00,12.863572617425238,12.951545528657553,12.824473649343421,12.941770553588867,1109200,0.0,0.0
2025-01-02 00:00:00-05:00,12.902670821401564,13.010193676403672,12.892895846911758,12.951544761657715,885100,0.0,0.0
2025-01-03 00:00:00-05:00,12.951544948769854,12.971094898031904,12.902671007807616,12.961319923400879,1050300,0.0,0.0
2025-01-06 00:00:00-05:00,12.92222073172613,13.08839156878424,12.92222073172613,13.000418663024902,2253600,0.0,0.0
2025-01-07 00:00:00-05:00,13.039518542920483,13.147040472946816,13.029743567774561,13.049293518066406,3030400,0.0,0.0
2025-01-08 00:00:00-05:00,12.912446560575738,12.971095478794926,12.844023599480794,12.941770553588867,4788200,0.0,0.0
2025-01-10 00:00:00-05:00,12.746275214922324,12.83424812271574,12.658302307128906,12.658302307128906,2401400,0.0,0.0
2025-01-13 00:00:00-05:00,12.707176021264809,12.726725970288566,12.570329174677136,12.69740104675293,1828000,0.0,0.0
2025-01-14 00:00:00-05:00,12.736499973638146,12.804923862819068,12.70717598238511,12.746274948120117,1694200,0.0,0.0
2025-01-15 00:00:00-05:00,12.853797019821021,12.902670960604459,12.78537406203994,12.804924011230469,891400,0.0,0.0
2025-01-16 00:00:00-05:00,12.726726118179762,12.7853741015468,12.638753210936315,12.756050109863281,2157900,0.0,0.0
2025-01-17 00:00:00-05:00,12.72672661493228,12.75605060776038,12.628978729248047,12.628978729248047,1403100,0.0,0.0
2025-01-21 00:00:00-05:00,12.69740115506833,12.81469805363285,12.69740115506833,12.804924011230469,1700700,0.0,0.0
2025-01-22 00:00:00-05:00,12.668077155430499,12.746275087757185,12.599654197692871,12.599654197692871,2867600,0.0,0.0
2025-01-23 00:00:00-05:00,12.560555768584837,12.658302722076147,12.511681825742722,12.628978729248047,1380600,0.0,0.0
2025-01-24 00:00:00-05:00,12.628978089555533,12.756049961631325,12.628978089555533,12.69740104675293,1427300,0.0,0.0
2025-01-27 00:00:00-05:00,12.883122669357475,13.088392486457158,12.804924732575971,13.049293518066406,2591200,0.0,0.0
2025-01-28 00:00:00-05:00,13.088391883595461,13.147039867383747,13.029742967614279,13.068841934204102,1552100,0.0,0.0
2025-01-29 00:00:00-05:00,13.039517816379009,13.127490723404723,13.010193824768066,13.010193824768066,2235800,0.0,0.0
2025-01-30 00:00:00-05:00,13.479381829994091,13.567354739700097,13.293661967875902,13.391408920288086,3679800,0.0,0.0
2025-01-31 00:00:00-05:00,13.254563103494927,13.274112121252145,13.06884230774029,13.08839225769043,2315200,0.0,0.0
2025-02-03 00:00:00-05:00,12.951544761657715,13.0199677187006,12.892895846911758,12.951544761657715,1692400,0.0,0.0
2025-02-04 00:00:00-05:00,12.922221082159119,13.039517982288212,12.912446107433471,13.019968032836914,2100400,0.0,0.0
2025-02-05 00:00:00-05:00,13.039517942309958,13.127490850185284,13.029742967614279,13.068841934204102,1801900,0.0,0.0
2025-02-06 00:00:00-05:00,13.303436279296875,13.352310222586624,13.22523834291045,13.303436279296875,3144600,0.0,0.0
2025-02-07 00:00:00-05:00,13.293661737288387,13.313210754554568,13.21546380383787,13.225237846374512,1468800,0.0,0.0
2025-02-10 00:00:00-05:00,13.195913956565283,13.205688931370519,13.117716022509217,13.127490997314453,1192800,0.0,0.0
2025-02-11 00:00:00-05:00,13.117716187719529,13.166590130168336,13.08839219512741,13.1372652053833,775800,0.0,0.0
2025-02-12 00:00:00-05:00,12.971094898031904,12.990643915101066,12.89289603317659,12.961319923400879,1973500,0.0,0.0
2025-02-13 00:00:00-05:00,13.205688564077393,13.381633444713488,13.17636364047731,13.313210487365723,1460800,0.0,0.0
2025-02-14 00:00:00-05:00,13.303435967805484,13.33276089240847,13.225238033250013,13.235013008117676,868500,0.0,0.0
2025-02-18 00:00:00-05:00,13.498931595768703,13.655327463250467,13.450057654132426,13.58690357208252,1690000,0.0,0.0
2025-02-19 00:00:00-05:00,13.401183667905077,13.44028263464542,13.352309726431423,13.43050765991211,1174000,0.0,0.0
2025-02-20 00:00:00-05:00,13.469606897405948,13.586903799984771,13.469606897405948,13.547804832458496,976200,0.0,0.0
2025-02-21 00:00:00-05:00,13.616228561938271,13.782399404985938,13.616228561938271,13.743300437927246,1472700,0.0,0.0
2025-02-24 00:00:00-05:00,13.713975864616316,13.850822718921968,13.684651871619723,13.762849807739258,1556200,0.0,0.0
2025-02-25 00:00:00-05:00,13.987668930098822,14.036541938781738,13.958344006257608,14.036541938781738,1193800,0.0,0.0
2025-02-26 00:00:00-05:00,14.036542540516681,14.08541648348767,14.00721854761126,14.016993522644043,1796200,0.0,0.0
2025-02-27 00:00:00-05:00,13.948570561800414,14.08541648348767,13.948570561800414,14.016993522644043,1319300,0.0,0.0
2025-02-28 00:00:00-05:00,14.026767857016775,14.095190814735247,14.007217907844137,14.085415840148926,899700,0.0,0.0
2025-03-03 00:00:00-05:00,14.251586879314287,14.711000437195798,14.222262887336756,14.505730628967285,3421100,0.0,0.0
2025-03-04 00:00:00-05:00,14.564378425019902,14.71100024740171,14.476406450222278,14.495955467224121,2031300,0.0,0.0
2025-03-05 00:00:00-05:00,14.623027348326248,14.740324246979453,14.623027348326248,14.701225280761719,1117900,0.0,0.0
2025-03-06 00:00:00-05:00,14.70122550795968,14.730549500027942,14.603477624808269,14.662126541137695,1074400,0.0,0.0
2025-03-07 00:00:00-05:00,14.740324705277935,14.877171557391222,14.740324705277935,14.82829761505127,1575000,0.0,0.0
2025-03-10 00:00:00-04:00,14.759874196184764,14.838072128620235,14.67190128914664,14.701225280761719,2275900,0.0,0.0
2025-03-11 00:00:00-04:00,14.701225589132314,14.730549581362489,14.495955779135276,14.56437873840332,1909600,0.0,0.0
2025-03-12 00:00:00-04:00,14.583928295413948,14.623027261399258,14.505730363443327,14.593703269958496,1789300,0.0,0.0
2025-03-13 00:00:00-04:00,14.662126127777006,14.798972973892358,14.652351153298865,14.691450119018555,1594800,0.0,0.0
2025-03-14 00:00:00-04:00,14.603477810925668,14.77942362996343,14.55460480091999,14.67190170288086,1836500,0.0,0.0
2025-03-17 00:00:00-04:00,14.671901930061967,14.896720762586524,14.671901930061967,14.838072776794434,1291700,0.0,0.0
2025-03-18 00:00:00-04:00,14.740324890883715,14.838072776794434,14.701225922958011,14.838072776794434,1588800,0.0,0.0
2025-03-19 00:00:00-04:00,14.769648925312957,14.818522868405752,14.671901971320294,14.789198875427246,1139200,0.0,0.0
2025-03-20 00:00:00-04:00,14.789198461151026,14.83807240287476,14.750099494210618,14.818522453308105,927600,0.0,0.0
2025-03-21 00:00:00-04:00,14.711000116812187,14.965143860930313,14.711000116812187,14.847846031188965,2903100,0.0,0.0
2025-03-24 00:00:00-04:00,14.75009963752144,14.789198604841731,14.662126728002558,14.67190170288086,1095700,0.0,0.0
2025-03-25 00:00:00-04:00,14.759874196184764,14.808747204812269,14.67190128914664,14.701225280761719,1698700,0.0,0.0
2025-03-26 00:00:00-04:00,14.652351939615881,14.711000857439242,14.564379028977301,14.681676864624023,1578200,0.0,0.0
2025-03-27 00:00:00-04:00,14.6328022449085,14.82829707495482,14.6328022449085,14.798973083496094,1274400,0.0,0.0
2025-03-28 00:00:00-04:00,14.779423401208115,14.779423401208115,14.55460457564441,14.711000442504883,935400,0.0,0.0
2025-03-31 00:00:00-04:00,14.869999885559082,14.960000038146973,14.75,14.869999885559082,1768500,0.339,0.0
2025-04-01 00:00:00-04:00,15.0,15.020000457763672,14.880000114440918,14.899999618530273,1375000,0.0,0.0
2025-04-02 00:00:00-04:00,15.0,15.069999694824219,14.890000343322754,14.979999542236328,1114100,0.0,0.0
2025-04-03 00:00:00-04:00,15.279999732971191,15.369999885559082,15.09000015258789,15.1899995803833,4306700,0.0,0.0
2025-04-04 00:00:00-04:00,14.970000267028809,15.199999809265137,14.720000267028809,14.720000267028809,4265500,0.0,0.0
2025-04-07 00:00:00-04:00,14.09000015258789,14.579999923706055,13.930000305175781,14.380000114440918,5757000,0.0,0.0
2025-04-08 00:00:00-04:00,14.399999618530273,14.460000038146973,13.970000267028809,14.0600004196167,3911700,0.0,0.0
2025-04-09 00:00:00-04:00,13.75,14.399999618530273,13.6899995803833,14.34000015258789,4508800,0.0,0.0
2025-04-10 00:00:00-04:00,14.069999694824219,14.079999923706055,13.600000381469727,13.869999885559082,2876200,0.0,0.0
2025-04-11 00:00:00-04:00,13.729999542236328,13.949999809265137,13.609999656677246,13.880000114440918,3385200,0.0,0.0
2025-04-14 00:00:00-04:00,14.170000076293945,14.359999656677246,14.140000343322754,14.300000190734863,1846300,0.0,0.0
2025-04-15 00:00:00-04:00,14.5,14.630000114440918,14.5,14.539999961853027,1253800,0.0,0.0
2025-04-16 00:00:00-04:00,14.680000305175781,14.729999542236328,14.609999656677246,14.649999618530273,1551700,0.0,0.0
2025-04-17 00:00:00-04:00,14.5600004196167,14.770000457763672,14.5600004196167,14.710000038146973,1971100,0.0,0.0
2025-04-21 00:00:00-04:00,14.859999656677246,14.949999809265137,14.8100004196167,14.930000305175781,1869900,0.0,0.0
2025-04-22 00:00:00-04:00,15.180000305175781,15.34000015258789,15.180000305175781,15.329999923706055,1923900,0.0,0.0
2025-04-23 00:00:00-04:00,15.270000457763672,15.300000190734863,15.170000076293945,15.180000305175781,1597100,0.0,0.0
2025-04-24 00:00:00-04:00,15.010000228881836,15.170000076293945,14.949999809265137,15.109999656677246,2808800,0.0,0.0
2025-04-25 00:00:00-04:00,15.010000228881836,15.039999961853027,14.90999984741211,15.029999732971191,2188200,0.0,0.0
2025-04-28 00:00:00-04:00,15.039999961853027,15.199999809265137,15.039999961853027,15.15999984741211,1534000,0.0,0.0
2025-04-29 00:00:00-04:00,15.15999984741211,15.300000190734863,15.109999656677246,15.279999732971191,1111400,0.0,0.0
2025-04-30 00:00:00-04:00,15.270000457763672,15.300000190734863,15.149999618530273,15.289999961853027,1807800,0.0,0.0
2025-05-01 00:00:00-04:00,15.199999809265137,15.199999809265137,15.010000228881836,15.029999732971191,1674900,0.0,0.0
2025-05-02 00:00:00-04:00,15.300000190734863,15.390000343322754,15.289999961853027,15.319999694824219,1387000,0.0,0.0
2025-05-05 00:00:00-04:00,15.399999618530273,15.430000305175781,15.34000015258789,15.380000114440918,1228600,0.0,0.0
2025-05-06 00:00:00-04:00,15.399999618530273,15.420000076293945,15.170000076293945,15.170000076293945,2298700,0.0,0.0
2025-05-07 00:00:00-04:00,15.100000381469727,15.170000076293945,14.989999771118164,15.0600004196167,2347900,0.0,0.0
2025-05-08 00:00:00-04:00,14.829999923706055,14.829999923706055,14.220000267028809,14.270000457763672,3107300,0.0,0.0
2025-05-09 00:00:00-04:00,14.5,14.579999923706055,14.34000015258789,14.359999656677246,4353400,0.0,0.0
2025-05-12 00:00:00-04:00,13.5600004196167,14.3100004196167,13.550000190734863,14.1899995803833,5381700,0.0,0.0
2025-05-13 00:00:00-04:00,13.970000267028809,13.970000267028809,13.670000076293945,13.720000267028809,2901100,0.0,0.0
2025-05-14 00:00:00-04:00,13.890000343322754,13.930000305175781,13.630000114440918,13.710000038146973,2732600,0.0,0.0
2025-05-15 00:00:00-04:00,13.930000305175781,14.020000457763672,13.850000381469727,14.0,1715900,0.0,0.0
2025-05-16 00:00:00-04:00,13.989999771118164,14.109999656677246,13.970000267028809,14.109999656677246,1136700,0.0,0.0
2025-05-19 00:00:00-04:00,14.09000015258789,14.25,14.09000015258789,14.229999542236328,1338000,0.0,0.0
2025-05-20 00:00:00-04:00,14.15999984741211,14.270000457763672,14.140000343322754,14.270000457763672,1681900,0.0,0.0
2025-05-21 00:00:00-04:00,14.359999656677246,14.399999618530273,14.3100004196167,14.319999694824219,1241700,0.0,0.0
2025-05-22 00:00:00-04:00,14.319999694824219,14.4399995803833,14.3100004196167,14.40999984741211,1980800,0.0,0.0
2025-05-23 00:00:00-04:00,14.449999809265137,14.59000015258789,14.449999809265137,14.569999694824219,1991100,0.0,0.0
2025-05-27 00:00:00-04:00,14.6899995803833,14.75,14.649999618530273,14.670000076293945,2148600,0.0,0.0
2025-05-28 00:00:00-04:00,14.510000228881836,14.600000381469727,14.510000228881836,14.59000015258789,1393600,0.0,0.0
2025-05-29 00:00:00-04:00,14.600000381469727,14.800000190734863,14.579999923706055,14.800000190734863,2504300,0.0,0.0
2025-05-30 00:00:00-04:00,14.930000305175781,15.039999961853027,14.880000114440918,15.029999732971191,1725300,0.0,0.0
2025-06-02 00:00:00-04:00,14.979999542236328,15.079999923706055,14.90999984741211,15.079999923706055,2112200,0.0,0.0
2025-06-03 00:00:00-04:00,14.9399995803833,15.010000228881836,14.899999618530273,14.970000267028809,1105800,0.0,0.0
2025-06-04 00:00:00-04:00,14.9399995803833,15.09000015258789,14.9399995803833,15.029999732971191,1743400,0.0,0.0
2025-06-05 00:00:00-04:00,14.960000038146973,15.010000228881836,14.920000076293945,14.989999771118164,1729600,0.0,0.0
2025-06-06 00:00:00-04:00,14.920000076293945,15.010000228881836,14.920000076293945,14.960000038146973,1625700,0.0,0.0
2025-06-09 00:00:00-04:00,14.970000267028809,15.079999923706055,14.90999984741211,15.050000190734863,1151200,0.0,0.0
2025-06-10 00:00:00-04:00,15.0600004196167,15.270000457763672,15.0600004196167,15.239999771118164,2445500,0.0,0.0
2025-06-11 00:00:00-04:00,15.220000267028809,15.289999961853027,15.149999618530273,15.170000076293945,1895500,0.0,0.0
2025-06-12 00:00:00-04:00,15.270000457763672,15.420000076293945,15.260000228881836,15.390000343322754,3026300,0.0,0.0
2025-06-13 00:00:00-04:00,15.220000267028809,15.329999923706055,15.180000305175781,15.199999809265137,2391400,0.0,0.0
2025-06-16 00:00:00-04:00,15.130000114440918,15.180000305175781,15.029999732971191,15.069999694824219,1892400,0.0,0.0
2025-06-17 00:00:00-04:00,14.989999771118164,15.020000457763672,14.859999656677246,14.890000343322754,2230100,0.0,0.0
2025-06-18 00:00:00-04:00,14.899999618530273,14.989999771118164,14.869999885559082,14.899999618530273,1896600,0.0,0.0
2025-06-20 00:00:00-04:00,14.819999694824219,14.850000381469727,14.6899995803833,14.770000457763672,3413400,0.0,0.0
2025-06-23 00:00:00-04:00,14.609999656677246,14.75,14.5600004196167,14.720000267028809,1671900,0.0,0.0
2025-06-24 00:00:00-04:00,15.0,15.140000343322754,14.989999771118164,15.079999923706055,2277200,0.0,0.0
2025-06-25 00:00:00-04:00,14.989999771118164,15.029999732971191,14.899999618530273,14.970000267028809,1741900,0.0,0.0
2025-06-26 00:00:00-04:00,15.09000015258789,15.130000114440918,15.039999961853027,15.0600004196167,1775600,0.0,0.0
2025-06-27 00:00:00-04:00,15.180000305175781,15.180000305175781,15.069999694824219,15.100000381469727,1536100,0.0,0.0
2025-06-30 00:00:00-04:00,15.260000228881836,15.479999542236328,15.260000228881836,15.460000038146973,3119800,0.0,0.0
2025-07-01 00:00:00-04:00,15.390000343322754,15.529999732971191,15.3100004196167,15.369999885559082,3550500,0.0,0.0
2025-07-02 00:00:00-04:00,15.380000114440918,15.449999809265137,15.369999885559082,15.420000076293945,1461100,0.0,0.0
2025-07-03 00:00:00-04:00,15.350000381469727,15.390000343322754,15.3100004196167,15.34000015258789,1649100,0.0,0.0
2025-07-07 00:00:00-04:00,15.239999771118164,15.260000228881836,15.039999961853027,15.069999694824219,2146100,0.0,0.0
2025-07-08 00:00:00-04:00,15.029999732971191,15.100000381469727,14.930000305175781,15.020000457763672,2113100,0.0,0.0
2025-07-09 00:00:00-04:00,15.0,15.140000343322754,15.0,15.130000114440918,1629500,0.0,0.0
2025-07-10 00:00:00-04:00,14.869999885559082,14.880000114440918,14.760000228881836,14.84000015258789,3164300,0.0,0.0
2025-07-11 00:00:00-04:00,14.800000190734863,14.819999694824219,14.619999885559082,14.680000305175781,3165200,0.0,0.0
2025-07-14 00:00:00-04:00,15.15999984741211,15.25,15.020000457763672,15.039999961853027,4536900,0.0,0.0
2025-07-15 00:00:00-04:00,14.930000305175781,14.960000038146973,14.699999809265137,14.75,3701000,0.0,0.0
2025-07-16 00:00:00-04:00,14.710000038146973,14.75,14.630000114440918,14.720000267028809,3598600,0.0,0.0
2025-07-17 00:00:00-04:00,14.729999542236328,14.789999961853027,14.680000305175781,14.739999771118164,3107200,0.0,0.0
2025-07-18 00:00:00-04:00,14.720000267028809,14.720000267028809,14.40999984741211,14.430000305175781,3644000,0.0,0.0
2025-07-21 00:00:00-04:00,14.5,14.579999923706055,14.420000076293945,14.4399995803833,4393400,0.0,0.0
2025-07-22 00:00:00-04:00,14.449999809265137,14.600000381469727,14.420000076293945,14.550000190734863,3241800,0.0,0.0
2025-07-23 00:00:00-04:00,14.789999961853027,14.859999656677246,14.649999618530273,14.739999771118164,4702500,0.0,0.0
2025-07-24 00:00:00-04:00,14.710000038146973,14.779999732971191,14.630000114440918,14.65999984741211,4299700,0.0,0.0
2025-07-25 00:00:00-04:00,14.59000015258789,14.600000381469727,14.350000381469727,14.479999542236328,6383200,0.0,0.0
2025-07-28 00:00:00-04:00,14.399999618530273,14.430000305175781,14.289999961853027,14.3100004196167,5199700,0.0,0.0
2025-07-29 00:00:00-04:00,14.380000114440918,14.430000305175781,14.300000190734863,14.319999694824219,6438200,0.0,0.0
2025-07-30 00:00:00-04:00,14.170000076293945,14.390000343322754,13.489999771118164,13.600000381469727,15944900,0.0,0.0
2025-07-31 00:00:00-04:00,13.890000343322754,13.9399995803833,13.59000015258789,13.720000267028809,12886400,0.0,0.0
2025-08-01 00:00:00-04:00,14.09000015258789,14.229999542236328,14.069999694824219,14.15999984741211,6279100,0.0,0.0
2025-08-04 00:00:00-04:00,14.09000015258789,14.289999961853027,14.09000015258789,14.260000228881836,7655800,0.0,0.0
2025-08-05 00:00:00-04:00,14.199999809265137,14.279999732971191,14.1899995803833,14.199999809265137,4086400,0.0,0.0
2025-08-06 00:00:00-04:00,14.25,14.319999694824219,14.210000038146973,14.270000457763672,5457700,0.0,0.0
2025-08-07 00:00:00-04:00,14.300000190734863,14.399999618530273,14.260000228881836,14.359999656677246,5007800,0.0,0.0
2025-08-08 00:00:00-04:00,14.380000114440918,14.489999771118164,14.380000114440918,14.4399995803833,3045400,0.0,0.0
2025-08-11 00:00:00-04:00,14.390000343322754,14.5,14.390000343322754,14.430000305175781,2306800,0.0,0.0
2025-08-12 00:00:00-04:00,14.5600004196167,14.649999618530273,14.550000190734863,14.630000114440918,4504800,0.0,0.0
2025-08-13 00:00:00-04:00,14.720000267028809,14.8100004196167,14.680000305175781,14.770000457763672,3458700,0.0,0.0
2025-08-14 00:00:00-04:00,14.6899995803833,14.819999694824219,14.6899995803833,14.800000190734863,2426400,0.0,0.0
2025-08-15 00:00:00-04:00,14.880000114440918,15.029999732971191,14.880000114440918,15.0,2303700,0.0,0.0
2025-08-18 00:00:00-04:00,15.100000381469727,15.1899995803833,15.079999923706055,15.15999984741211,3561900,0.0,0.0
2025-08-19 00:00:00-04:00,15.199999809265137,15.329999923706055,15.1899995803833,15.199999809265137,3222200,0.0,0.0
2025-08-20 00:00:00-04:00,15.430000305175781,15.5600004196167,15.40999984741211,15.479999542236328,3275100,0.0,0.0
2025-08-21 00:00:00-04:00,15.270000457763672,15.350000381469727,15.270000457763672,15.3100004196167,3385500,0.0,0.0
2025-08-22 00:00:00-04:00,15.40999984741211,15.529999732971191,15.369999885559082,15.520000457763672,3462700,0.0,0.0
2025-08-25 00:00:00-04:00,15.260000228881836,15.319999694824219,15.069999694824219,15.069999694824219,2808400,0.0,0.0
2025-08-26 00:00:00-04:00,14.899999618530273,14.899999618530273,14.819999694824219,14.880000114440918,1890400,0.0,0.0
2025-08-27 00:00:00-04:00,14.800000190734863,14.869999885559082,14.779999732971191,14.859999656677246,1898400,0.0,0.0
2025-08-28 00:00:00-04:00,14.989999771118164,15.0,14.930000305175781,14.970000267028809,2721200,0.0,0.0
2025-08-29 00:00:00-04:00,14.960000038146973,15.010000228881836,14.899999618530273,14.989999771118164,1747000,0.0,0.0
2025-09-02 00:00:00-04:00,15.119999885559082,15.229999542236328,15.09000015258789,15.15999984741211,2429200,0.0,0.0
2025-09-03 00:00:00-04:00,15.109999656677246,15.210000038146973,15.109999656677246,15.149999618530273,3713500,0.0,0.0
2025-09-04 00:00:00-04:00,15.239999771118164,15.319999694824219,15.210000038146973,15.289999961853027,2018900,0.0,0.0
2025-09-05 00:00:00-04:00,15.4399995803833,15.539999961853027,15.359999656677246,15.399999618530273,3326100,0.0,0.0
2025-09-08 00:00:00-04:00,15.649999618530273,15.6899995803833,14.869999885559082,15.270000457763672,9457800,0.0,0.0
2025-09-09 00:00:00-04:00,15.279999732971191,15.350000381469727,15.199999809265137,15.270000457763672,3904000,0.0,0.0
2025-09-10 00:00:00-04:00,15.350000381469727,15.380000114440918,15.239999771118164,15.289999961853027,3202800,0.0,0.0
2025-09-11 00:00:00-04:00,15.180000305175781,15.359999656677246,15.15999984741211,15.34000015258789,1843700,0.0,0.0
2025-09-12 00:00:00-04:00,15.199999809265137,15.199999809265137,15.029999732971191,15.100000381469727,2820500,0.0,0.0
2025-09-15 00:00:00-04:00,15.079999923706055,15.149999618530273,15.029999732971191,15.0600004196167,3221500,0.0,0.0
2025-09-16 00:00:00-04:00,15.100000381469727,15.1899995803833,15.100000381469727,15.119999885559082,2027100,0.0,0.0
2025-09-17 00:00:00-04:00,15.069999694824219,15.239999771118164,15.069999694824219,15.09000015258789,3602200,0.0,0.0
2025-09-18 00:00:00-04:00,15.029999732971191,15.079999923706055,15.010000228881836,15.020000457763672,3766800,0.0,0.0
2025-09-19 00:00:00-04:00,15.029999732971191,15.100000381469727,15.029999732971191,15.0600004196167,1823700,0.0,0.0
2025-09-22 00:00:00-04:00,15.050000190734863,15.09000015258789,15.010000228881836,15.010000228881836,1422100,0.0,0.0
2025-09-23 00:00:00-04:00,15.039999961853027,15.100000381469727,15.029999732971191,15.0600004196167,1229900,0.0,0.0
2025-09-24 00:00:00-04:00,14.960000038146973,15.029999732971191,14.930000305175781,14.960000038146973,1585000,0.0,0.0
2025-09-25 00:00:00-04:00,14.899999618530273,14.899999618530273,14.649999618530273,14.649999618530273,1881100,0.0,0.0
2025-09-26 00:00:00-04:00,14.729999542236328,14.770000457763672,14.710000038146973,14.739999771118164,1470300,0.0,0.0
2025-09-29 00:00:00-04:00,14.649999618530273,14.699999809265137,14.579999923706055,14.619999885559082,2198900,0.0,0.0
2025-09-30 00:00:00-04:00,14.460000038146973,14.65999984741211,14.420000076293945,14.640000343322754,2496400,0.0,0.0
2025-10-01 00:00:00-04:00,14.520000457763672,14.779999732971191,14.510000228881836,14.739999771118164,4128500,0.0,0.0
2025-10-02 00:00:00-04:00,14.630000114440918,14.630000114440918,14.380000114440918,14.4399995803833,3823600,0.0,0.0
2025-10-03 00:00:00-04:00,14.449999809265137,14.619999885559082,14.449999809265137,14.600000381469727,2674900,0.0,0.0
2025-10-06 00:00:00-04:00,14.569999694824219,14.720000267028809,14.510000228881836,14.550000190734863,3408800,0.0,0.0
2025-10-07 00:00:00-04:00,14.420000076293945,14.550000190734863,14.420000076293945,14.460000038146973,2805500,0.0,0.0
2025-10-08 00:00:00-04:00,14.350000381469727,14.369999885559082,14.3100004196167,14.3100004196167,2603000,0.0,0.0
2025-10-09 00:00:00-04:00,14.25,14.25,14.079999923706055,14.079999923706055,2334000,0.0,0.0
2025-10-10 00:00:00-04:00,13.850000381469727,13.90999984741211,13.670000076293945,13.710000038146973,2954100,0.0,0.0
2025-10-13 00:00:00-04:00,13.739999771118164,13.789999961853027,13.710000038146973,13.720000267028809,2456500,0.0,0.0
2025-10-14 00:00:00-04:00,13.859999656677246,13.890000343322754,13.739999771118164,13.800000190734863,4312700,0.0,0.0
2025-10-15 00:00:00-04:00,13.8100004196167,13.930000305175781,13.8100004196167,13.859999656677246,2833300,0.0,0.0
2025-10-16 00:00:00-04:00,13.859999656677246,13.949999809265137,13.850000381469727,13.880000114440918,3105700,0.0,0.0
2025-10-17 00:00:00-04:00,13.899999618530273,14.050000190734863,13.899999618530273,14.039999961853027,2654300,0.0,0.0
2025-10-20 00:00:00-04:00,14.010000228881836,14.079999923706055,13.989999771118164,14.079999923706055,1859800,0.0,0.0
2025-10-21 00:00:00-04:00,14.0600004196167,14.130000114440918,14.0600004196167,14.109999656677246,1973800,0.0,0.0
2025-10-22 00:00:00-04:00,14.09000015258789,14.140000343322754,14.069999694824219,14.140000343322754,2526600,0.0,0.0
2025-10-23 00:00:00-04:00,14.0600004196167,14.119999885559082,14.020000457763672,14.0600004196167,1708000,0.0,0.0
2025-10-24 00:00:00-04:00,14.0600004196167,14.0600004196167,13.989999771118164,14.010000228881836,1467500,0.0,0.0
2025-10-27 00:00:00-04:00,14.170000076293945,14.229999542236328,14.100000381469727,14.170000076293945,3277400,0.0,0.0
2025-10-28 00:00:00-04:00,14.109999656677246,14.180000305175781,14.079999923706055,14.100000381469727,2427300,0.0,0.0
2025-10-29 00:00:00-04:00,13.880000114440918,13.9399995803833,13.739999771118164,13.770000457763672,3576800,0.0,0.0
2025-10-30 00:00:00-04:00,13.369999885559082,13.369999885559082,12.989999771118164,13.229999542236328,5215800,0.0,0.0
2025-10-31 00:00:00-04:00,13.420000076293945,13.5,13.359999656677246,13.4399995803833,2927500,0.0,0.0
2025-11-03 00:00:00-05:00,13.369999885559082,13.4399995803833,13.350000381469727,13.420000076293945,2656100,0.0,0.0
2025-11-04 00:00:00-05:00,13.550000190734863,13.680000305175781,13.520000457763672,13.5600004196167,3009200,0.0,0.0
2025-11-05 00:00:00-05:00,13.5,13.640000343322754,13.5,13.59000015258789,2928300,0.0,0.0
2025-11-06 00:00:00-05:00,13.59000015258789,13.680000305175781,13.569999694824219,13.640000343322754,3644300,0.0,0.0
2025-11-07 00:00:00-05:00,13.600000381469727,13.680000305175781,13.5600004196167,13.65999984741211,2599800,0.0,0.0
2025-11-10 00:00:00-05:00,13.619999885559082,13.729999542236328,13.5600004196167,13.710000038146973,3996800,0.0,0.0
2025-11-11 00:00:00-05:00,13.779999732971191,14.020000457763672,13.779999732971191,14.010000228881836,4581100,0.0,0.0
2025-11-12 00:00:00-05:00,13.960000038146973,14.149999618530273,13.960000038146973,14.09000015258789,3120900,0.0,0.0
2025-11-13 00:00:00-05:00,14.119999885559082,14.319999694824219,14.119999885559082,14.239999771118164,4223800,0.0,0.0
2025-11-14 00:00:00-05:00,14.359999656677246,14.40999984741211,14.270000457763672,14.289999961853027,2656300,0.0,0.0
2025-11-17 00:00:00-05:00,14.130000114440918,14.25,14.079999923706055,14.140000343322754,2495900,0.0,0.0
2025-11-18 00:00:00-05:00,13.949999809265137,14.130000114440918,13.90999984741211,14.069999694824219,4673500,0.0,0.0
2025-11-19 00:00:00-05:00,14.119999885559082,14.220000267028809,14.039999961853027,14.09000015258789,1928500,0.0,0.0
2025-11-20 00:00:00-05:00,14.100000381469727,14.15999984741211,14.010000228881836,14.0600004196167,3504600,0.0,0.0
2025-11-21 00:00:00-05:00,14.100000381469727,14.350000381469727,14.09000015258789,14.300000190734863,4069800,0.0,0.0
2025-11-24 00:00:00-05:00,14.270000457763672,14.300000190734863,14.220000267028809,14.220000267028809,2768700,0.0,0.0
2025-11-25 00:00:00-05:00,14.300000190734863,14.5600004196167,14.300000190734863,14.5,4200900,0.0,0.0
2025-11-26 00:00:00-05:00,14.510000228881836,14.539999961853027,14.489999771118164,14.520000457763672,2137500,0.0,0.0
2025-11-28 00:00:00-05:00,14.380000114440918,14.4399995803833,14.380000114440918,14.420000076293945,2098600,0.0,0.0
2025-12-01 00:00:00-05:00,14.479999542236328,14.539999961853027,14.460000038146973,14.460000038146973,3049800,0.0,0.0
2025-12-02 00:00:00-05:00,14.420000076293945,14.420000076293945,14.289999961853027,14.289999961853027,2520800,0.0,0.0
2025-12-03 00:00:00-05:00,14.319999694824219,14.399999618530273,14.279999732971191,14.3100004196167,2122900,0.0,0.0
2025-12-04 00:00:00-05:00,14.390000343322754,14.420000076293945,14.260000228881836,14.279999732971191,1865800,0.0,0.0
2025-12-05 00:00:00-05:00,14.229999542236328,14.329999923706055,14.15999984741211,14.180000305175781,1872200,0.0,0.0
2025-12-08 00:00:00-05:00,14.239999771118164,14.270000457763672,14.170000076293945,14.220000267028809,1862500,0.0,0.0
2025-12-09 00:00:00-05:00,14.329999923706055,14.40999984741211,14.25,14.260000228881836,1671800,0.0,0.0
2025-12-10 00:00:00-05:00,14.279999732971191,14.399999618530273,14.270000457763672,14.369999885559082,2045500,0.0,0.0
2025-12-11 00:00:00-05:00,14.369999885559082,14.529999732971191,14.369999885559082,14.390000343322754,2029000,0.0,0.0
2025-12-12 00:00:00-05:00,14.279999732971191,14.350000381469727,14.199999809265137,14.329999923706055,2123400,0.0,0.0
2025-12-15 00:00:00-05:00,14.399999618530273,14.609999656677246,14.399999618530273,14.609999656677246,2642200,0.0,0.0
2025-12-16 00:00:00-05:00,14.600000381469727,14.65999984741211,14.479999542236328,14.529999732971191,3091500,0.0,0.0
2025-12-17 00:00:00-05:00,14.449999809265137,14.539999961853027,14.430000305175781,14.470000267028809,1790400,0.0,0.0
2025-12-18 00:00:00-05:00,14.680000305175781,14.899999618530273,14.65999984741211,14.829999923706055,5091900,0.0,0.0
2025-12-19 00:00:00-05:00,14.779999732971191,15.010000228881836,14.739999771118164,14.899999618530273,5065000,0.0,0.0
2025-12-22 00:00:00-05:00,14.880000114440918,15.119999885559082,14.850000381469727,15.100000381469727,4893700,0.0,0.0
2025-12-23 00:00:00-05:00,15.390000343322754,15.550000190734863,15.380000114440918,15.460000038146973,2635900,0.0,0.0
2025-12-24 00:00:00-05:00,15.520000457763672,15.619999885559082,15.520000457763672,15.579999923706055,1261600,0.0,0.0
2025-12-26 00:00:00-05:00,15.59000015258789,15.670000076293945,15.550000190734863,15.649999618530273,1228100,0.0,0.0
2025-12-29 00:00:00-05:00,15.65999984741211,15.779999732971191,15.640000343322754,15.760000228881836,1655100,0.0,0.0
2025-12-30 00:00:00-05:00,15.579999923706055,15.6899995803833,15.550000190734863,15.630000114440918,1597600,0.0,0.0
2025-12-31 00:00:00-05:00,15.59000015258789,15.619999885559082,15.5,15.59000015258789,942200,0.0,0.0
2026-01-02 00:00:00-05:00,15.630000114440918,15.649999618530273,15.579999923706055,15.619999885559082,1240200,0.0,0.0
2026-01-05 00:00:00-05:00,15.630000114440918,15.710000038146973,15.479999542236328,15.6899995803833,2475200,0.0,0.0
2026-01-06 00:00:00-05:00,15.670000076293945,15.970000267028809,15.670000076293945,15.789999961853027,2594500,0.0,0.0
2026-01-07 00:00:00-05:00,15.8100004196167,15.979999542236328,15.8100004196167,15.899999618530273,1653200,0.0,0.0
2026-01-08 00:00:00-05:00,16.040000915527344,16.420000076293945,16.040000915527344,16.3700008392334,3153900,0.0,0.0
2026-01-09 00:00:00-05:00,16.260000228881836,16.3799991607666,16.200000762939453,16.309999465942383,3253600,0.0,0.0
2026-01-12 00:00:00-05:00,16.399999618530273,16.399999618530273,16.209999084472656,16.260000228881836,2127700,0.0,0.0
2026-01-13 00:00:00-05:00,16.010000228881836,16.020000457763672,15.869999885559082,16.010000228881836,2729600,0.0,0.0
2026-01-14 00:00:00-05:00,16.239999771118164,16.479999542236328,16.200000762939453,16.469999313354492,3856500,0.0,0.0
2026-01-15 00:00:00-05:00,16.360000610351562,16.399999618530273,16.15999984741211,16.329999923706055,2221800,0.0,0.0
2026-01-16 00:00:00-05:00,16.049999237060547,16.200000762939453,16.049999237060547,16.15999984741211,3189100,0.0,0.0
2026-01-20 00:00:00-05:00,15.90999984741211,16.25,15.90999984741211,16.149999618530273,4847200,0.0,0.0
2026-01-21 00:00:00-05:00,15.880000114440918,16.149999618530273,15.779999732971191,16.079999923706055,6810800,0.0,0.0
2026-01-22 00:00:00-05:00,15.960000038146973,16.040000915527344,15.880000114440918,15.9399995803833,3862400,0.0,0.0
2026-01-23 00:00:00-05:00,16.059999465942383,16.290000915527344,16.040000915527344,16.290000915527344,1749700,0.0,0.0
2026-01-26 00:00:00-05:00,16.420000076293945,16.6200008392334,16.40999984741211,16.610000610351562,2962200,0.0,0.0
2026-01-27 00:00:00-05:00,16.68000030517578,16.93000030517578,16.68000030517578,16.90999984741211,3910600,0.0,0.0
2026-01-28 00:00:00-05:00,16.670000076293945,16.770000457763672,16.6299991607666,16.690000534057617,5644000,0.0,0.0
2026-01-29 00:00:00-05:00,16.860000610351562,17.260000228881836,16.860000610351562,17.170000076293945,4917800,0.0,0.0
2026-01-30 00:00:00-05:00,17.09000015258789,17.239999771118164,17.049999237060547,17.229999542236328,5626300,0.0,0.0
2026-02-02 00:00:00-05:00,17.209999084472656,17.549999237060547,17.209999084472656,17.489999771118164,4396900,0.0,0.0
2026-02-03 00:00:00-05:00,17.34000015258789,17.540000915527344,17.34000015258789,17.43000030517578,4168900,0.0,0.0
2026-02-04 00:00:00-05:00,17.6299991607666,17.829999923706055,17.6299991607666,17.739999771118164,2500300,0.0,0.0
2026-02-05 00:00:00-05:00,17.81999969482422,17.940000534057617,17.760000228881836,17.799999237060547,2681000,0.0,0.0
2026-02-06 00:00:00-05:00,17.790000915527344,17.989999771118164,17.700000762939453,17.889999389648438,3133900,0.0,0.0
2026-02-09 00:00:00-05:00,17.709999084472656,17.790000915527344,17.579999923706055,17.729999542236328,2320400,0.0,0.0
2026-02-10 00:00:00-05:00,18.0,18.15999984741211,17.979999542236328,18.100000381469727,2128400,0.0,0.0
2026-02-11 00:00:00-05:00,18.200000762939453,18.299999237060547,18.1200008392334,18.280000686645508,1895200,0.0,0.0
2026-02-12 00:00:00-05:00,18.299999237060547,18.450000762939453,18.229999542236328,18.3700008392334,2919000,0.0,0.0
2026-02-13 00:00:00-05:00,18.3700008392334,18.5,18.360000610351562,18.459999084472656,3087200,0.0,0.0
2026-02-17 00:00:00-05:00,18.239999771118164,18.3799991607666,18.200000762939453,18.260000228881836,2981600,0.0,0.0
2026-02-18 00:00:00-05:00,18.75,18.790000915527344,18.459999084472656,18.540000915527344,3107200,0.0,0.0
2026-02-19 00:00:00-05:00,18.600000381469727,18.719999313354492,18.559999465942383,18.65999984741211,2718900,0.0,0.0
2026-02-20 00:00:00-05:00,18.610000610351562,18.700000762939453,18.520000457763672,18.65999984741211,2000800,0.0,0.0
2026-02-23 00:00:00-05:00,18.639999389648438,18.81999969482422,18.639999389648438,18.799999237060547,2002200,0.0,0.0
2026-02-24 00:00:00-05:00,18.739999771118164,18.739999771118164,18.489999771118164,18.649999618530273,3226000,0.0,0.0
2026-02-25 00:00:00-05:00,18.610000610351562,18.700000762939453,18.540000915527344,18.610000610351562,1802600,0.0,0.0
2026-02-26 00:00:00-05:00,18.440000534057617,18.559999465942383,18.360000610351562,18.530000686645508,3103800,0.0,0.0
2026-02-27 00:00:00-05:00,18.549999237060547,18.780000686645508,18.549999237060547,18.75,2145100,0.0,0.0
2026-03-02 00:00:00-05:00,18.450000762939453,18.5,18.290000915527344,18.440000534057617,2854500,0.0,0.0
2026-03-03 00:00:00-05:00,17.799999237060547,18.149999618530273,17.510000228881836,18.079999923706055,3565700,0.0,0.0
2026-03-04 00:00:00-05:00,18.149999618530273,18.260000228881836,18.079999923706055,18.219999313354492,2766900,0.0,0.0
2026-03-05 00:00:00-05:00,17.920000076293945,17.979999542236328,17.6200008392334,17.760000228881836,2716600,0.0,0.0
2026-03-06 00:00:00-05:00,17.790000915527344,17.8799991607666,17.709999084472656,17.8799991607666,2310100,0.0,0.0
2026-03-09 00:00:00-04:00,17.770000457763672,18.09000015258789,17.729999542236328,18.06999969482422,2734200,0.0,0.0
2026-03-10 00:00:00-04:00,18.149999618530273,18.34000015258789,18.1200008392334,18.209999084472656,2167200,0.0,0.0
2026-03-11 00:00:00-04:00,18.149999618530273,18.18000030517578,18.0,18.1200008392334,1749000,0.0,0.0
2026-03-12 00:00:00-04:00,17.899999618530273,17.899999618530273,17.75,17.770000457763672,2336600,0.0,0.0
2026-03-13 00:00:00-04:00,17.920000076293945,17.959999084472656,17.739999771118164,17.770000457763672,2500400,0.0,0.0
2026-03-16 00:00:00-04:00,18.079999923706055,18.239999771118164,18.079999923706055,18.219999313354492,2876300,0.0,0.0
2026-03-17 00:00:00-04:00,18.389999389648438,18.520000457763672,18.309999465942383,18.389999389648438,2838600,0.0,0.0
2026-03-18 00:00:00-04:00,18.299999237060547,18.309999465942383,17.989999771118164,18.030000686645508,3158900,0.0,0.0
2026-03-19 00:00:00-04:00,17.979999542236328,18.200000762939453,17.979999542236328,18.110000610351562,2523200,0.0,0.0
2026-03-20 00:00:00-04:00,18.1200008392334,18.1200008392334,17.780000686645508,17.829999923706055,2631300,0.0,0.0
2026-03-23 00:00:00-04:00,17.940000534057617,17.989999771118164,17.790000915527344,17.860000610351562,3335100,0.0,0.0
2026-03-24 00:00:00-04:00,17.790000915527344,18.1200008392334,17.780000686645508,18.040000915527344,3251400,0.0,0.0
2026-03-25 00:00:00-04:00,18.3700008392334,18.389999389648438,18.229999542236328,18.290000915527344,2675000,0.0,0.0
2026-03-26 00:00:00-04:00,18.09000015258789,18.270000457763672,18.040000915527344,18.059999465942383,2359500,0.0,0.0
2026-03-27 00:00:00-04:00,18.0,18.190000534057617,17.8700008392334,17.90999984741211,2311200,0.0,0.0
2026-03-30 00:00:00-04:00,18.200000762939453,18.34000015258789,18.139999389648438,18.270000457763672,3198900,0.0,0.0
2026-03-31 00:00:00-04:00,18.219999313354492,18.59000015258789,18.18000030517578,18.520000457763672,4945200,0.0,0.0
2026-04-01 00:00:00-04:00,18.56999969482422,18.899999618530273,18.56999969482422,18.770000457763672,4076600,0.0,0.0
2026-04-02 00:00:00-04:00,18.559999465942383,18.829999923706055,18.459999084472656,18.739999771118164,2642300,0.0,0.0
2026-04-06 00:00:00-04:00,18.260000228881836,18.34000015258789,18.15999984741211,18.219999313354492,3584200,0.0,0.0
2026-04-07 00:00:00-04:00,18.229999542236328,18.309999465942383,18.079999923706055,18.290000915527344,4223200,0.0,0.0
2026-04-08 00:00:00-04:00,18.469999313354492,18.75,18.40999984741211,18.65999984741211,3265200,0.0,0.0
2026-04-09 00:00:00-04:00,18.329999923706055,18.600000381469727,18.299999237060547,18.459999084472656,2803500,0.0,0.0
2026-04-10 00:00:00-04:00,18.190000534057617,18.229999542236328,18.059999465942383,18.079999923706055,2684700,0.0,0.0
2026-04-13 00:00:00-04:00,17.790000915527344,17.860000610351562,17.610000610351562,17.81999969482422,2890400,0.0,0.0
2026-04-14 00:00:00-04:00,17.81999969482422,17.93000030517578,17.719999313354492,17.850000381469727,3180700,0.0,0.0
2026-04-15 00:00:00-04:00,17.899999618530273,17.969999313354492,17.829999923706055,17.850000381469727,2566400,0.0,0.0
2026-04-16 00:00:00-04:00,17.81999969482422,17.8799991607666,17.700000762939453,17.780000686645508,2983600,0.0,0.0
2026-04-17 00:00:00-04:00,17.790000915527344,17.979999542236328,17.790000915527344,17.81999969482422,2810300,0.0,0.0
2026-04-20 00:00:00-04:00,17.65999984741211,17.719999313354492,17.549999237060547,17.549999237060547,3313000,0.0,0.0
2026-04-21 00:00:00-04:00,17.290000915527344,17.290000915527344,17.059999465942383,17.059999465942383,3681900,0.0,0.0
2026-04-22 00:00:00-04:00,16.780000686645508,16.8799991607666,16.579999923706055,16.600000381469727,3133400,0.0,0.0
2026-04-23 00:00:00-04:00,16.709999084472656,16.780000686645508,16.549999237060547,16.649999618530273,1822500,0.0,0.0
2026-04-24 00:00:00-04:00,16.600000381469727,16.68000030517578,16.559999465942383,16.6299991607666,1472100,0.0,0.0
2026-04-27 00:00:00-04:00,16.459999084472656,16.559999465942383,16.34000015258789,16.360000610351562,2139600,0.0,0.0
2026-04-28 00:00:00-04:00,16.510000228881836,16.549999237060547,16.350000381469727,16.40999984741211,2550900,0.0,0.0
2026-04-29 00:00:00-04:00,16.309999465942383,16.389999389648438,16.239999771118164,16.299999237060547,2215300,0.0,0.0
2026-04-30 00:00:00-04:00,16.700000762939453,16.770000457763672,16.639999389648438,16.68000030517578,2101000,0.0,0.0
2026-05-01 00:00:00-04:00,16.639999389648438,16.709999084472656,16.549999237060547,16.6200008392334,1173461,0.0,0.0
