Date,Open,High,Low,Close,Volume,Dividends,Stock Splits
2022-01-03 00:00:00-05:00,2.5915107010053817,2.769677082214527,2.5591168486187357,2.737283229827881,366600,0.0,0.0
2022-01-04 00:00:00-05:00,2.737283483702218,2.907351224505353,2.7291848267718413,2.7939727306365967,524300,0.0,0.0
2022-01-05 00:00:00-05:00,2.826366626602491,2.88305587435069,2.696791010095424,2.729184865951538,319600,0.0,0.0
2022-01-06 00:00:00-05:00,2.810169477493087,2.8749571841060377,2.729184651144302,2.866858720779419,315800,0.0,0.0
2022-01-07 00:00:00-05:00,2.8830554485321045,2.9073508368358345,2.7615785070134553,2.8830554485321045,368000,0.0,0.0
2022-01-10 00:00:00-05:00,2.8992531825024517,2.9640410957939274,2.826366997267508,2.9559426307678223,414200,0.0,0.0
2022-01-11 00:00:00-05:00,2.9964345195523925,3.206994772651609,2.980237591858807,3.126009941101074,507800,0.0,0.0
2022-01-12 00:00:00-05:00,3.15840398888716,3.215093235802437,3.101714548889275,3.2069947719573975,431000,0.0,0.0
2022-01-13 00:00:00-05:00,3.223191965752618,3.255585823807197,3.149495803520613,3.1665027141571045,385300,0.0,0.0
2022-01-14 00:00:00-05:00,3.134108433482949,3.3284719537408076,3.134108433482949,3.320373296737671,435300,0.0,0.0
2022-01-18 00:00:00-05:00,3.3527673042734394,3.506638318815187,3.279881318770155,3.3851611614227295,795800,0.0,0.0
2022-01-19 00:00:00-05:00,3.39325978092492,3.4742444228943814,3.258015061978947,3.368964195251465,529100,0.0,0.0
2022-01-20 00:00:00-05:00,3.3203731800392564,3.4337516709418088,3.2499165657152163,3.271782398223877,360900,0.0,0.0
2022-01-21 00:00:00-05:00,3.215093322256181,3.3203733550726713,2.980237671352165,3.142207145690918,723700,0.0,0.0
2022-01-24 00:00:00-05:00,3.077419242975311,3.1179115633271017,2.8911543762744594,3.0612223148345947,535000,0.0,0.0
2022-01-25 00:00:00-05:00,3.03692686643663,3.3284719537408076,2.9721391550724165,3.320373296737671,409500,0.0,0.0
2022-01-26 00:00:00-05:00,3.3851617506389955,3.5228358605694505,3.2636849582677048,3.3608665466308594,751300,0.0,0.0
2022-01-27 00:00:00-05:00,3.47424453495291,3.498540121409997,3.255585801500113,3.3446691036224365,329300,0.0,0.0
2022-01-28 00:00:00-05:00,3.360865632141124,3.4418502670745434,3.271782340631762,3.3770625591278076,252800,0.0,0.0
2022-01-31 00:00:00-05:00,3.458047289714421,3.976349353790283,3.3446687976714657,3.976349353790283,1532400,0.0,0.0
2022-02-01 00:00:00-05:00,3.9682508175016245,4.195007786407326,3.8062811678323674,4.122121810913086,1567600,0.0,0.0
2022-02-02 00:00:00-05:00,4.195007798637483,4.535143639152855,4.073531043737867,4.47845458984375,1617600,0.0,0.0
2022-02-03 00:00:00-05:00,4.397469944907504,4.397469944907504,4.089728317234276,4.243598937988281,1266700,0.0,0.0
2022-02-04 00:00:00-05:00,4.275992764328503,4.4136664439366236,4.170712550953016,4.20310640335083,806800,0.0,0.0
2022-02-07 00:00:00-05:00,4.203107049939143,4.389371922963371,4.105925477795695,4.308387279510498,955900,0.0,0.0
2022-02-08 00:00:00-05:00,4.292190382790851,4.331872723220504,4.089728579567986,4.186910152435303,874800,0.0,0.0
2022-02-09 00:00:00-05:00,4.2435993060024835,4.340781267229185,4.170713317789023,4.3326826095581055,1244300,0.0,0.0
2022-02-10 00:00:00-05:00,4.373175037173537,4.842886359973298,4.373175037173537,4.462258338928223,1684500,0.0,0.0
2022-02-11 00:00:00-05:00,4.567538209146901,4.761901742602751,4.535144351265133,4.648522853851318,1070300,0.0,0.0
2022-02-14 00:00:00-05:00,4.713310753284272,4.737605952569191,4.275993304503438,4.429863929748535,1375900,0.0,0.0
2022-02-15 00:00:00-05:00,4.324583841265849,4.46225791653689,4.195008036570346,4.454159259796143,695600,0.0,0.0
2022-02-16 00:00:00-05:00,4.527046054326087,4.680917071478637,4.373175037173537,4.462258338928223,682500,0.0,0.0
2022-02-17 00:00:00-05:00,4.440260304219234,4.570616838767815,4.39952420282252,4.521733283996582,608100,0.033,0.0
2022-02-18 00:00:00-05:00,4.415818362979758,4.455739793499992,4.057338601902929,4.106222152709961,1053100,0.0,0.0
2022-02-22 00:00:00-05:00,4.301756594733747,4.3750817241467,4.154290891379369,4.293609142303467,931600,0.0,0.0
2022-02-23 00:00:00-05:00,4.301757326861137,4.407671507037195,4.212137277334952,4.269167900085449,394700,0.0,0.0
2022-02-24 00:00:00-05:00,4.4158195939297755,4.725415890502365,4.122517818835108,4.326199531555176,1489800,0.0,0.0
2022-02-25 00:00:00-05:00,4.326198762444607,4.415818808886575,4.212137132376988,4.3669352531433105,539300,0.0,0.0
2022-02-28 00:00:00-05:00,4.383229702932475,4.603205894570769,4.334346147956405,4.595058441162109,986000,0.0,0.0
2022-03-01 00:00:00-05:00,4.684678212505501,4.9698324607857085,4.664309968665785,4.831328868865967,1147900,0.0,0.0
2022-03-02 00:00:00-05:00,4.953537343687847,5.026862857236533,4.766150222334897,4.88021183013916,1168700,0.0,0.0
2022-03-03 00:00:00-05:00,4.831328806899967,4.880212358393148,4.464701976455142,4.774298191070557,1452200,0.0,0.0
2022-03-04 00:00:00-05:00,4.7987404152193385,5.271281864761523,4.790593349792052,5.132778644561768,1733900,0.0,0.0
2022-03-07 00:00:00-05:00,5.360901969811242,5.7275292415669945,5.279429372251737,5.613467216491699,2528900,0.0,0.0
2022-03-08 00:00:00-05:00,5.727528537391196,6.037124370053792,5.344606793202177,5.6216139793396,2959700,0.0,0.0
2022-03-09 00:00:00-05:00,5.4505209967797885,5.784558778227085,5.230544830474412,5.57273006439209,2601800,0.0,0.0
2022-03-10 00:00:00-05:00,5.662349545456344,5.6704969976890816,4.9128014221802125,5.393489837646484,2084800,0.0,0.0
2022-03-11 00:00:00-05:00,5.238691843714123,5.4635564016254445,5.124630229676932,5.222397327423096,788400,0.0,0.0
2022-03-14 00:00:00-04:00,5.051305321597585,5.051305321597585,4.448407757593753,4.521733283996582,2341600,0.0,0.0
2022-03-15 00:00:00-04:00,4.195842518590606,4.350640635844499,4.024749883125353,4.171400547027588,1990800,0.0,0.0
2022-03-16 00:00:00-04:00,4.309905010077252,4.456555703378567,4.187695904746804,4.326199531555176,1016000,0.0,0.0
2022-03-17 00:00:00-04:00,4.440260705598199,4.717267929500646,4.4239661858681725,4.627647876739502,983300,0.0,0.0
2022-03-18 00:00:00-04:00,4.652089195085433,4.692825682916588,4.521733055612842,4.619500160217285,837500,0.0,0.0
2022-03-21 00:00:00-04:00,4.74170868950074,5.035009969558348,4.74170868950074,4.98612642288208,1440800,0.0,0.0
2022-03-22 00:00:00-04:00,5.010569764682475,5.173514964959953,4.92094971028386,5.124631404876709,1204400,0.0,0.0
2022-03-23 00:00:00-04:00,5.344606289725774,5.653387814190618,5.295722741805063,5.393489837646484,2163800,0.0,0.0
2022-03-24 00:00:00-04:00,5.4260796529914455,5.857884971371407,5.385343551422141,5.703086853027344,3168400,0.0,0.0
2022-03-25 00:00:00-04:00,5.637908419035737,5.849737143723402,5.499404827878603,5.776412010192871,1318500,0.0,0.0
2022-03-28 00:00:00-04:00,5.629761091139058,5.654203061853184,5.238692279156673,5.360901355743408,1597800,0.0,0.0
2022-03-29 00:00:00-04:00,5.140925942907179,5.2631350377892465,4.854956979446586,5.230545997619629,1239300,0.0,0.0
2022-03-30 00:00:00-04:00,5.393491134694997,5.523847682324131,5.310389199792672,5.369049549102783,980400,0.0,0.0
2022-03-31 00:00:00-04:00,5.344607697143137,5.4668167933726854,5.157220519855697,5.320166110992432,871100,0.0,0.0
2022-04-01 00:00:00-04:00,5.287576273459896,5.654203533823376,5.238692716443161,5.605319976806641,1101400,0.0,0.0
2022-04-04 00:00:00-04:00,5.784559078270343,5.817148112858417,5.483110314084684,5.531993865966797,1102100,0.0,0.0
2022-04-05 00:00:00-04:00,5.580877159226916,5.955651428114392,5.580877159226916,5.768264293670654,2150100,0.0,0.0
2022-04-06 00:00:00-04:00,5.9149152645699345,6.094154944484821,5.662349678315634,5.711233615875244,1491400,0.0,0.0
2022-04-07 00:00:00-04:00,5.7275280927283445,5.9963878049923025,5.65420257538657,5.939356803894043,1051300,0.0,0.0
2022-04-08 00:00:00-04:00,6.0208297146980305,6.2978368944933605,5.988240680427043,6.126744270324707,2180300,0.0,0.0
2022-04-11 00:00:00-04:00,6.0045358866892995,6.0045358866892995,5.51977365490436,5.605319976806641,2547700,0.0,0.0
2022-04-12 00:00:00-04:00,5.751971539950465,5.874180645692134,5.617541640182241,5.637909889221191,1479900,0.0,0.0
2022-04-13 00:00:00-04:00,5.760118227212641,5.996388952191713,5.589025579677178,5.9800944328308105,1339200,0.0,0.0
2022-04-14 00:00:00-04:00,5.9475048053644795,6.102302529723602,5.800853757141389,6.028977394104004,1168700,0.0,0.0
2022-04-18 00:00:00-04:00,6.191922707466242,6.705200222035213,6.1267446350442745,6.493371486663818,3216500,0.0,0.0
2022-04-19 00:00:00-04:00,6.485223401821867,6.546327737983613,6.338572761938541,6.436339855194092,1631500,0.0,0.0
2022-04-20 00:00:00-04:00,6.534108193222146,6.5878801404085845,6.077860921255576,6.363015174865723,1524500,0.0,0.0
2022-04-21 00:00:00-04:00,6.3956056913120785,6.47707829856922,5.74382444476292,5.833444118499756,1441800,0.0,0.0
2022-04-22 00:00:00-04:00,5.751969846985436,5.8578844000207475,5.426079123757053,5.491257190704346,1364100,0.0,0.0
2022-04-25 00:00:00-04:00,5.222397761511238,5.4138586352140585,4.929096443893408,5.360901355743408,2076400,0.0,0.0
2022-04-26 00:00:00-04:00,5.434226471150542,5.694938733891637,5.271280918445443,5.328311920166016,1418400,0.0,0.0
2022-04-27 00:00:00-04:00,5.3446076154789175,5.401638629779156,5.1816624153239506,5.352755069732666,1411600,0.0,0.0
2022-04-28 00:00:00-04:00,5.39348999496287,5.662349710614784,5.116483215332492,5.57273006439209,1229700,0.0,0.0
2022-04-29 00:00:00-04:00,5.589024571399025,5.662349701049,5.263133854480742,5.328311920166016,901000,0.0,0.0
2022-05-02 00:00:00-04:00,5.2061028890726195,5.369048442914261,5.083893820814368,5.312017440795898,1101900,0.0,0.0
2022-05-03 00:00:00-04:00,5.3283122055453624,5.5808774178489085,5.181661549899027,5.531993865966797,1192000,0.0,0.0
2022-05-04 00:00:00-04:00,5.629761415089381,5.727528915079719,5.328312627056755,5.548288822174072,1569900,0.0,0.0
2022-05-05 00:00:00-04:00,5.621613214856391,5.8008528830757236,5.230544459340506,5.279428005218506,1456000,0.0,0.0
2022-05-06 00:00:00-04:00,5.360901579899621,5.442374171533422,5.140925388242377,5.385343551635742,1084100,0.0,0.0
2022-05-09 00:00:00-04:00,5.197955585980012,5.197955585980012,4.64394127228806,4.741708755493164,1973000,0.0,0.0
2022-05-10 00:00:00-04:00,4.888360685908355,5.063527068137511,4.611353456056107,4.7009735107421875,1279700,0.0,0.0
2022-05-11 00:00:00-04:00,4.806886705082365,5.1246299496401875,4.782444737735506,4.88021183013916,1001800,0.0,0.0
2022-05-12 00:00:00-04:00,4.782444850711048,4.91280136548722,4.558394967291032,4.741708755493164,1310700,0.0,0.0
2022-05-13 00:00:00-04:00,4.863916796434729,5.1327768546326205,4.84762228277048,5.035009384155273,1681000,0.0,0.0
2022-05-16 00:00:00-04:00,5.035010271209452,5.401637475984205,5.035010271209452,5.312017440795898,982500,0.0,0.0
2022-05-17 00:00:00-04:00,5.426078869593624,5.540140869900521,5.222397225678045,5.393489837646484,1220700,0.0,0.0
2022-05-18 00:00:00-04:00,5.483110566252116,5.483110566252116,4.941317355693468,5.067599773406982,1309400,0.0,0.0
2022-05-19 00:00:00-04:00,4.904654985217961,5.254987345414964,4.888360465871403,5.132778644561768,775400,0.0,0.0
2022-05-20 00:00:00-04:00,5.230546120916005,5.295724202791641,5.002422445859264,5.181662559509277,756100,0.0,0.0
2022-05-23 00:00:00-04:00,5.238691885602806,5.36904840546527,5.096114964039249,5.328311920166016,723000,0.0,0.0
2022-05-24 00:00:00-04:00,5.216128826141357,5.338957685705982,5.117865894674529,5.216128826141357,557700,0.033,0.0
2022-05-25 00:00:00-04:00,5.199751656811718,5.633746855307864,5.199751656811718,5.609180927276611,954700,0.0,0.0
2022-05-26 00:00:00-04:00,5.682878952598931,6.05136518079222,5.682878952598931,5.895781993865967,1166600,0.0,0.0
2022-05-27 00:00:00-04:00,5.854838775312005,6.280645210400395,5.854838775312005,6.116873264312744,1682700,0.0,0.0
2022-05-31 00:00:00-04:00,6.313399251514829,6.526302264722521,6.108684620507116,6.272456169128418,1952300,0.0,0.0
2022-06-01 00:00:00-04:00,6.3461534275992655,6.681885290434044,6.329776273082012,6.673696517944336,2327000,0.0,0.0
2022-06-02 00:00:00-04:00,6.599999123683983,7.00942832840342,6.5680632271404775,6.804713726043701,1975400,0.0,0.0
2022-06-03 00:00:00-04:00,6.763772553433993,7.177296260321214,6.755583779612594,6.976675987243652,1974300,0.0,0.0
2022-06-06 00:00:00-04:00,7.132258256903624,7.181390115268107,6.362531145510083,6.493548393249512,3106900,0.0,0.0
2022-06-07 00:00:00-04:00,6.485358775344888,6.919353521057513,6.403473011103084,6.837468147277832,2509500,0.0,0.0
2022-06-08 00:00:00-04:00,6.722828296952655,7.001240311101926,6.632754143343786,6.812902450561523,1384700,0.0,0.0
2022-06-09 00:00:00-04:00,6.747394618977763,6.796526478165083,6.370720025418547,6.526302814483643,1552600,0.0,0.0
2022-06-10 00:00:00-04:00,6.411662397716614,6.698263203198328,6.32158784769487,6.640942573547363,1344500,0.0,0.0
2022-06-13 00:00:00-04:00,6.346153527359764,6.4607936107826625,5.994044504472636,6.1004958152771,1811100,0.0,0.0
2022-06-14 00:00:00-04:00,6.329776060479325,6.559056606482029,6.157815748592835,6.264267444610596,1978300,0.0,0.0
2022-06-15 00:00:00-04:00,6.190570306052601,6.698262880423291,6.190570306052601,6.591811180114746,1948300,0.0,0.0
2022-06-16 00:00:00-04:00,6.395284517581672,7.083125357589464,6.3870961360324365,6.583621978759766,4380100,0.0,0.0
2022-06-17 00:00:00-04:00,6.632754987152407,6.853846403564465,6.002233488903424,6.092308044433594,8607900,0.0,0.0
2022-06-21 00:00:00-04:00,6.223324931660546,7.091314951954842,6.223324931660546,7.042183876037598,4547900,0.0,0.0
2022-06-22 00:00:00-04:00,6.550869573160706,6.755584247321978,6.313400582370611,6.41166353225708,2488400,0.0,0.0
2022-06-23 00:00:00-04:00,6.501737104085274,6.5344914157058795,5.404466493408411,5.55186128616333,3911000,0.0,0.0
2022-06-24 00:00:00-04:00,5.666501618435914,6.272456799715187,5.486352506379442,5.912158966064453,10290500,0.0,0.0
2022-06-27 00:00:00-04:00,6.034986878726038,6.346153193539537,6.026798497000498,6.305210113525391,2487500,0.0,0.0
2022-06-28 00:00:00-04:00,6.665508732363301,6.927543212737014,6.452605326597484,6.616376876831055,2802700,0.0,0.0
2022-06-29 00:00:00-04:00,6.714640095224979,6.784243104677788,6.075930631432626,6.157816410064697,1910200,0.0,0.0
2022-06-30 00:00:00-04:00,5.985856572197338,6.174194073777817,5.666501814025995,5.6828789710998535,3125300,0.0,0.0
2022-07-01 00:00:00-04:00,5.69925620686719,5.775410007835248,5.355335513105204,5.633747577667236,1805300,0.0,0.0
2022-07-05 00:00:00-04:00,5.469974686157333,5.543672076734737,5.011413969095836,5.240694522857666,1956500,0.0,0.0
2022-07-06 00:00:00-04:00,5.126055151370712,5.248883632066806,4.765757311522037,5.003226280212402,2275500,0.0,0.0
2022-07-07 00:00:00-04:00,5.207940471348824,5.51910642264275,5.166997387789584,5.388089179992676,1757800,0.0,0.0
2022-07-08 00:00:00-04:00,5.510918040208211,5.510918040208211,5.207940471348824,5.388089179992676,1104300,0.0,0.0
2022-07-11 00:00:00-04:00,5.20794039556623,5.338957636309826,5.093299919453408,5.22431755065918,1001400,0.0,0.0
2022-07-12 00:00:00-04:00,4.995037006834742,5.1260546385110475,4.9049624582689395,5.044168472290039,1064900,0.0,0.0
2022-07-13 00:00:00-04:00,4.970471816707169,5.232506317448104,4.970471816707169,5.101489067077637,747800,0.0,0.0
2022-07-14 00:00:00-04:00,4.438212871237475,4.438212871237475,3.8568233392215174,4.258063793182373,6030400,0.0,0.0
2022-07-15 00:00:00-04:00,4.331761130642196,4.380892590348696,4.176177979673877,4.266252517700195,2928100,0.0,0.0
2022-07-18 00:00:00-04:00,4.389081714531425,4.50372179638267,4.213027010270392,4.274441242218018,3104500,0.0,0.0
2022-07-19 00:00:00-04:00,4.29081841280287,4.368610190053543,4.184367103059992,4.323573112487793,1580200,0.0,0.0
2022-07-20 00:00:00-04:00,4.2580643209156,4.413647492895887,4.161438986637971,4.389081954956055,1371300,0.0,0.0
2022-07-21 00:00:00-04:00,4.266253302740424,4.3194791581655085,4.057444267717905,4.192555904388428,1840400,0.0,0.0
2022-07-22 00:00:00-04:00,4.159802174364417,4.22531080853358,4.012407747483802,4.053350448608398,1478900,0.0,0.0
2022-07-25 00:00:00-04:00,4.135235612498299,4.475061861334608,4.069726604014027,4.454590320587158,1860200,0.0,0.0
2022-07-26 00:00:00-04:00,4.561042637147288,4.561042637147288,4.327667665793564,4.397270679473877,1021000,0.0,0.0
2022-07-27 00:00:00-04:00,4.470967290674131,4.577418985800216,4.315384134058039,4.561041831970215,927300,0.0,0.0
2022-07-28 00:00:00-04:00,4.6756822596013,4.68387064189961,4.4545904710764646,4.569230556488037,869600,0.0,0.0
2022-07-29 00:00:00-04:00,4.700247510592442,4.941810825838897,4.667493202470429,4.855830669403076,1597800,0.0,0.0
2022-08-01 00:00:00-04:00,4.692059565412501,4.757568187752429,4.503722080954114,4.683870792388916,1752800,0.0,0.0
2022-08-02 00:00:00-04:00,4.7002482414245605,4.806699954604139,4.552853831957446,4.7002482414245605,1033100,0.0,0.0
2022-08-03 00:00:00-04:00,4.65111655167174,4.65111655167174,3.7749381289100095,3.9468984603881836,4968000,0.0,0.0
2022-08-04 00:00:00-04:00,3.9796528573048717,3.9796528573048717,3.7585610535913903,3.7831265926361084,1727100,0.0,0.0
2022-08-05 00:00:00-04:00,3.725806149148131,3.971463452868425,3.6848630699636784,3.815880298614502,1782300,0.0,0.0
2022-08-08 00:00:00-04:00,3.873200292799308,4.102480819277191,3.7757561764232896,4.061537742614746,2243100,0.0,0.0
2022-08-09 00:00:00-04:00,4.143424154380149,4.2375930892667455,4.004218140481289,4.086103916168213,1516700,0.0,0.0
2022-08-10 00:00:00-04:00,4.077915455384342,4.2253098487854,3.9141439071609425,4.2253098487854,2362000,0.0,0.0
2022-08-11 00:00:00-04:00,4.258063793182373,4.405458564402391,4.1270465658420346,4.258063793182373,2162200,0.0,0.0
2022-08-12 00:00:00-04:00,4.1761786015344935,4.30310185085593,4.094292823163658,4.290818691253662,1212200,0.0,0.0
2022-08-15 00:00:00-04:00,4.07791577748981,4.163895944714018,3.9468985285623304,4.11067008972168,1408700,0.0,0.0
2022-08-16 00:00:00-04:00,4.1352354734135055,4.2678903033079045,4.020595005268478,4.069726467132568,1334200,0.0,0.0
2022-08-17 00:00:00-04:00,4.061538621373875,4.169627929831486,4.0124071530260705,4.11067008972168,1172700,0.0,0.0
2022-08-18 00:00:00-04:00,4.192556558989153,4.348139762878418,4.176179400183035,4.348139762878418,1355400,0.0,0.0
2022-08-19 00:00:00-04:00,4.282630347042845,4.303101889434636,4.1475187139041,4.159801483154297,1533800,0.0,0.0
2022-08-22 00:00:00-04:00,4.094292859870323,4.213027337188074,3.9960299249443616,4.159801483154297,1273000,0.0,0.0
2022-08-23 00:00:00-04:00,4.294149451215458,4.508444611365956,4.195243992684459,4.343602180480957,1481400,0.033,0.0
2022-08-24 00:00:00-04:00,4.368327371278246,4.4631116410494815,4.281785023958094,4.3930535316467285,1149100,0.0,0.0
2022-08-25 00:00:00-04:00,4.426021624067072,4.500200884777032,4.360084678109418,4.458990097045898,931900,0.0,0.0
2022-08-26 00:00:00-04:00,4.467233538361233,4.533170500947106,4.335359613189485,4.368328094482422,800100,0.0,0.0
2022-08-29 00:00:00-04:00,4.36008463068724,4.516685072141012,4.294147685446745,4.426021575927734,901800,0.0,0.0
2022-08-30 00:00:00-04:00,4.302390168988271,4.335359038929463,4.071610830506657,4.145790100097656,1892100,0.0,0.0
2022-08-31 00:00:00-04:00,4.038642331969747,4.195242793037632,4.013915777899979,4.129305839538574,2119900,0.0,0.0
2022-09-01 00:00:00-04:00,4.0221580869807765,4.079852724689955,3.8161049111274403,3.8325891494750977,1993600,0.0,0.0
2022-09-02 00:00:00-04:00,3.9974313247823177,4.046884037250001,3.8078623971485888,3.8902835845947266,2214700,0.0,0.0
2022-09-06 00:00:00-04:00,3.9562205394374734,3.9562205394374734,3.7584093159580076,3.7666516304016113,1660300,0.0,0.0
2022-09-07 00:00:00-04:00,3.667746793733168,3.7007152742105,3.5647201939876823,3.6430206298828125,1505400,0.0,0.0
2022-09-08 00:00:00-04:00,3.6100522979901823,3.7336843013763428,3.602634134117524,3.7336843013763428,1253600,0.0,0.0
2022-09-09 00:00:00-04:00,3.79962029463165,3.91500995158137,3.79962029463165,3.8985257148742676,1383500,0.0,0.0
2022-09-12 00:00:00-04:00,3.9314946247416356,3.9809473403529156,3.8202261128700665,3.8655576705932617,2326600,0.0,0.0
2022-09-13 00:00:00-04:00,3.7419256420553615,3.873799548836619,3.7336837193891546,3.8325891494750977,2375600,0.0,0.0
2022-09-14 00:00:00-04:00,3.8737996063872813,4.055126623920617,3.824346890609621,3.9067680835723877,1919400,0.0,0.0
2022-09-15 00:00:00-04:00,3.783136434432126,3.8490733878227545,3.721320245866979,3.8325891494750977,2045300,0.0,0.0
2022-09-16 00:00:00-04:00,3.824346899437601,3.9150104084135533,3.684230674569834,3.8820419311523438,7283200,0.0,0.0
2022-09-19 00:00:00-04:00,3.725440934872642,3.8985256122484993,3.6924724623263065,3.8573148250579834,1677500,0.0,0.0
2022-09-20 00:00:00-04:00,3.8161051111521753,3.8243470342503905,3.610051924498368,3.6842308044433594,1299900,0.0,0.0
2022-09-21 00:00:00-04:00,3.766652616441908,3.807863020402499,3.6512625421155627,3.6677467823028564,1187900,0.0,0.0
2022-09-22 00:00:00-04:00,3.6924728321147686,3.824346735506828,3.643020118342746,3.7913782596588135,2597300,0.0,0.0
2022-09-23 00:00:00-04:00,3.6018094205685913,3.6018094205685913,3.3380616069346125,3.395756244659424,2611100,0.0,0.0
2022-09-26 00:00:00-04:00,3.3463035579636236,3.4204828276844856,3.2391560077667236,3.2391560077667236,1660600,0.0,0.0
2022-09-27 00:00:00-04:00,3.329819147358873,3.585325027283192,3.2968506720792985,3.461693048477173,2306600,0.0,0.0
2022-09-28 00:00:00-04:00,3.4864197879223906,3.610051773341106,3.4781774721540275,3.568840980529785,2710700,0.0,0.0
2022-09-29 00:00:00-04:00,3.4946613198663776,3.684230238171454,3.3875139779667114,3.593567132949829,3716100,0.0,0.0
2022-09-30 00:00:00-04:00,3.5853248181032065,3.6347775281373305,3.4905405554582702,3.593567132949829,5208100,0.0,0.0
2022-10-03 00:00:00-04:00,3.7996205491721367,3.952099847181384,3.7996205491721367,3.9150102138519287,3519000,0.0,0.0
2022-10-04 00:00:00-04:00,4.071610957677275,4.252937586433436,4.013915924747232,4.244695663452148,2564100,0.0,0.0
2022-10-05 00:00:00-04:00,4.244694837340991,4.6032272600919875,4.145789422723168,4.590864181518555,2621500,0.0,0.0
2022-10-06 00:00:00-04:00,4.574380922717812,4.796918349643717,4.574380922717812,4.763949871063232,2503500,0.0,0.0
2022-10-07 00:00:00-04:00,4.763949968708409,4.838128850527288,4.285906233462537,4.376569747924805,5409000,0.0,0.0
2022-10-10 00:00:00-04:00,4.384811494431773,4.434264206889641,4.137547539127209,4.170516014099121,1945300,0.0,0.0
2022-10-11 00:00:00-04:00,4.121063811107995,4.121063811107995,3.906768304283049,4.046884536743164,2311900,0.0,0.0
2022-10-12 00:00:00-04:00,4.088095196655108,4.252937586433436,4.005674001765945,4.244695663452148,3239200,0.0,0.0
2022-10-13 00:00:00-04:00,4.1210630381302495,4.5908643659625685,4.112820723406694,4.582622051239014,10808000,0.0,0.0
2022-10-14 00:00:00-04:00,4.61559101061071,4.805159946066884,4.417780152577435,4.442506313323975,2793500,0.0,0.0
2022-10-17 00:00:00-04:00,4.533169341943275,4.619711681464618,4.417779686919882,4.582622051239014,1928700,0.0,0.0
2022-10-18 00:00:00-04:00,4.615591352061009,4.648559830838817,4.252937692489858,4.327116966247559,2896500,0.0,0.0
2022-10-19 00:00:00-04:00,4.3271166894327875,4.533169865120064,4.3271166894327875,4.475474834442139,1967600,0.0,0.0
2022-10-20 00:00:00-04:00,4.557895720780896,4.656801135633112,4.42190028409012,4.4672322273254395,1618500,0.0,0.0
2022-10-21 00:00:00-04:00,4.54965427648865,4.586743912405406,4.463111923687972,4.541412353515625,1661400,0.0,0.0
2022-10-24 00:00:00-04:00,4.566137935854645,4.566137935854645,4.335358619689941,4.335358619689941,1853800,0.0,0.0
2022-10-25 00:00:00-04:00,4.3436007988360235,4.384811589956316,4.203484580645308,4.236453056335449,1829700,0.0,0.0
2022-10-26 00:00:00-04:00,4.236453145799066,4.3806905247508015,4.236453145799066,4.302390098571777,1663300,0.0,0.0
2022-10-27 00:00:00-04:00,4.393053392266394,4.401295707471203,4.1499105959376354,4.154031753540039,1502800,0.0,0.0
2022-10-28 00:00:00-04:00,4.170516572684882,4.170516572684882,3.9067683445687607,4.079853057861328,2305000,0.0,0.0
2022-10-31 00:00:00-04:00,4.055126718699443,4.277664141407814,4.046884402702897,4.244695663452148,1975700,0.0,0.0
2022-11-01 00:00:00-04:00,4.417780479394164,4.5991071126721055,4.318874650045473,4.327116966247559,2214800,0.0,0.0
2022-11-02 00:00:00-04:00,4.285905907591215,4.310632461660984,4.129305839538574,4.129305839538574,1882900,0.0,0.0
2022-11-03 00:00:00-04:00,4.137548114372468,4.261180109213365,4.083974236840904,4.09633731842041,1055600,0.0,0.0
2022-11-04 00:00:00-04:00,4.335359196294797,4.45899079274706,4.162274489643315,4.2611799240112305,1377200,0.0,0.0
2022-11-07 00:00:00-05:00,4.285905336795855,4.3765688322901495,4.182878762420809,4.269421100616455,1697300,0.0,0.0
2022-11-08 00:00:00-05:00,4.27766416307255,4.298269560153013,4.154032173605026,4.2611799240112305,1658400,0.0,0.0
2022-11-09 00:00:00-05:00,4.219969054700354,4.335359119089962,4.055126667022705,4.055126667022705,2338800,0.0,0.0
2022-11-10 00:00:00-05:00,4.219968269220016,4.219968269220016,3.997430890769375,4.186999797821045,2447200,0.0,0.0
2022-11-11 00:00:00-05:00,4.36008463068724,4.5084427574783525,4.2034841892334684,4.426021575927734,3220900,0.0,0.0
2022-11-14 00:00:00-05:00,4.401296125836884,4.722738982090005,4.393877962844378,4.541412353515625,2047100,0.0,0.0
2022-11-15 00:00:00-05:00,4.640317347391176,4.644438504994641,4.458990342990956,4.574380397796631,1388200,0.0,0.0
2022-11-16 00:00:00-05:00,4.574381016477454,4.578501781623027,4.368327824618384,4.376569747924805,1681100,0.0,0.0
2022-11-17 00:00:00-05:00,4.327116158066993,4.426021575927734,4.219968425543592,4.426021575927734,1602300,0.0,0.0
2022-11-18 00:00:00-05:00,4.384811181660023,4.557895859423918,4.294147685446745,4.426021575927734,1959400,0.0,0.0
2022-11-21 00:00:00-05:00,4.270941201873076,4.370458181671845,3.980683146404005,4.320699691772461,2596900,0.033,0.0
2022-11-22 00:00:00-05:00,4.411924163342944,4.528027316328312,4.295820614912215,4.445096492767334,1572000,0.0,0.0
2022-11-23 00:00:00-05:00,4.337285503736867,4.43680247547441,4.25435469395558,4.312406063079834,942900,0.0,0.0
2022-11-25 00:00:00-05:00,4.353871471996372,4.478267878856752,4.3206991495596405,4.345578193664551,681800,0.0,0.0
2022-11-28 00:00:00-05:00,4.204595882760646,4.254354364779408,4.129957962009871,4.163130283355713,1551300,0.0,0.0
2022-11-29 00:00:00-05:00,4.22947535685087,4.345578493387281,4.163130707401492,4.212889194488525,1544100,0.0,0.0
2022-11-30 00:00:00-05:00,4.3041135155537225,4.320699678803733,4.16396017905167,4.295820236206055,3281800,0.0,0.0
2022-12-01 00:00:00-05:00,4.328992575699695,4.449242358484539,4.270941201873076,4.320699691772461,1295200,0.0,0.0
2022-12-02 00:00:00-05:00,4.254355333644393,4.540466769271136,4.254355333644393,4.469975471496582,1975300,0.0,0.0
2022-12-05 00:00:00-05:00,4.561198999543063,4.631690288444352,4.134105022128715,4.212889194488525,2023500,0.0,0.0
2022-12-06 00:00:00-05:00,4.163131426902673,4.254355533384201,4.047028270300511,4.105079650878906,1971900,0.0,0.0
2022-12-07 00:00:00-05:00,4.0884935571865135,4.196303830783281,4.022148895110158,4.080200672149658,1624300,0.0,0.0
2022-12-08 00:00:00-05:00,4.221182877913165,4.262648090070033,3.901898727534037,3.930924415588379,1634200,0.0,0.0
2022-12-09 00:00:00-05:00,3.9226317908596733,3.9226317908596733,3.425046443939209,3.425046443939209,3629300,0.0,0.0
2022-12-12 00:00:00-05:00,3.4499253564140666,3.6323735601352056,3.445779111900903,3.6074941158294678,3090600,0.0,0.0
2022-12-13 00:00:00-05:00,3.6904249377730074,3.697059719884772,3.4665115208027744,3.6074941158294678,3250900,0.0,0.0
2022-12-14 00:00:00-05:00,3.607493593967705,3.7061813171211067,3.5038299826729706,3.5743212699890137,2944700,0.0,0.0
2022-12-15 00:00:00-05:00,3.5826150093000457,3.748476650517265,3.5079770730296245,3.657252550125122,3388100,0.0,0.0
2022-12-16 00:00:00-05:00,3.599200664932965,3.6779848345193176,3.3918734449795966,3.5411489009857178,15674800,0.0,0.0
2022-12-19 00:00:00-05:00,3.557735272378269,3.653106004807407,3.5038301445609847,3.5328562259674072,2100400,0.0,0.0
2022-12-20 00:00:00-05:00,3.5162701491465267,3.665546029828933,3.5079772643560414,3.6240804195404053,1214700,0.0,0.0
2022-12-21 00:00:00-05:00,3.7318901044368324,3.7816485917092204,3.619933211489981,3.748476266860962,1346700,0.0,0.0
2022-12-22 00:00:00-05:00,3.72359678928141,3.731890068135456,3.5079766798651404,3.632373094558716,1246000,0.0,0.0
2022-12-23 00:00:00-05:00,3.673839209428462,3.7982356548309326,3.6572530430711594,3.7982356548309326,1004200,0.0,0.0
2022-12-27 00:00:00-05:00,3.847992707373868,3.8811650276184078,3.7816480668847885,3.881165027618408,1053700,0.0,0.0
2022-12-28 00:00:00-05:00,3.8479937397050565,3.8728731842856883,3.582615106553549,3.6406664848327637,1731100,0.0,0.0
2022-12-29 00:00:00-05:00,3.648960077996726,3.7526237143293297,3.6340324099672485,3.7070114612579346,1039300,0.0,0.0
2022-12-30 00:00:00-05:00,3.673838844369062,3.785795752740051,3.590908020823159,3.781649112701416,1298300,0.0,0.0
2023-01-03 00:00:00-05:00,3.731890818651985,3.7567702647722987,3.4291931976195507,3.5245635509490967,2070800,0.0,0.0
2023-01-04 00:00:00-05:00,3.449924893635514,3.573492058795366,3.4084596859486305,3.499683380126953,1595700,0.0,0.0
2023-01-05 00:00:00-05:00,3.4748044585998747,3.566028551478765,3.4499250167437,3.5328562259674072,1200200,0.0,0.0
2023-01-06 00:00:00-05:00,3.6074942545140676,3.6738389146194184,3.541149594408717,3.6240804195404053,817000,0.0,0.0
2023-01-09 00:00:00-05:00,3.6987183598816085,3.773356300222811,3.5867614493698037,3.6240804195404053,1238900,0.0,0.0
2023-01-10 00:00:00-05:00,3.6489590940187964,3.7318899016326883,3.541148846398095,3.6738381385803223,1287600,0.0,0.0
2023-01-11 00:00:00-05:00,3.715304322273821,3.7235972066120095,3.6033474178681892,3.657252550125122,873700,0.0,0.0
2023-01-12 00:00:00-05:00,3.7153045303045698,3.872873296006336,3.69871836525414,3.847993850708008,1675400,0.0,0.0
2023-01-13 00:00:00-05:00,3.847993850708008,3.897752345859297,3.7318906953549993,3.847993850708008,956300,0.0,0.0
2023-01-17 00:00:00-05:00,3.8728724119976166,4.030441141733279,3.8562862507330875,4.01385498046875,1266800,0.0,0.0
2023-01-18 00:00:00-05:00,4.055320724354799,4.221182754467784,3.955803743554206,3.964097023010254,1370200,0.0,0.0
2023-01-19 00:00:00-05:00,3.9309247870324793,4.0884935571865135,3.8977524559943015,4.080200672149658,828300,0.0,0.0
2023-01-20 00:00:00-05:00,4.113372651431499,4.129958815532216,3.997269502726473,4.071907043457031,901100,0.0,0.0
2023-01-23 00:00:00-05:00,4.080199414635049,4.129957895856787,3.9682425353021973,4.0221476554870605,980500,0.0,0.0
2023-01-24 00:00:00-05:00,4.026295559824195,4.121665913277298,3.9889765883180655,3.997269868850708,871000,0.0,0.0
2023-01-25 00:00:00-05:00,3.964097105764772,4.047027924829864,3.8894591708835202,4.030441761016846,545700,0.0,0.0
2023-01-26 00:00:00-05:00,4.088492883992439,4.171424093378157,4.014684597991338,4.113372325897217,554200,0.0,0.0
2023-01-27 00:00:00-05:00,4.113372729967762,4.1465450588025545,3.930924525931052,3.9392178058624268,1185800,0.0,0.0
2023-01-30 00:00:00-05:00,3.8894593810337694,3.918485070413496,3.773356228069505,3.781649112701416,710300,0.0,0.0
2023-01-31 00:00:00-05:00,3.7733564133637554,3.9392180686003555,3.731890801831916,3.8562872409820557,925800,0.0,0.0
2023-02-01 00:00:00-05:00,3.831406928220459,3.8894586921432985,3.6655453105056166,3.8148207664489746,1295700,0.0,0.0
2023-02-02 00:00:00-05:00,3.814821442119777,3.969902457823707,3.702864929194148,3.781649112701416,1253900,0.0,0.0
2023-02-03 00:00:00-05:00,3.7650623321533203,3.9558033928326863,3.7650623321533203,3.7650623321533203,932200,0.0,0.0
2023-02-06 00:00:00-05:00,3.7650628677620563,3.7940885565232705,3.635690548520042,3.715304374694824,1072700,0.0,0.0
2023-02-07 00:00:00-05:00,3.7235973294333173,3.8894593715667725,3.682132115483973,3.8894593715667725,1167600,0.0,0.0
2023-02-08 00:00:00-05:00,3.8894597009791627,3.8894597009791627,3.744330451251539,3.756770372390747,594400,0.0,0.0
2023-02-09 00:00:00-05:00,3.7567693416394974,3.7816483862010233,3.6672037530602672,3.6738381385803223,728300,0.0,0.0
2023-02-10 00:00:00-05:00,3.7484771363932605,3.930924965381011,3.740184250980152,3.906045913696289,1115400,0.0,0.0
2023-02-13 00:00:00-05:00,3.8728736738946243,3.9184855333724546,3.7940890856338005,3.8645803928375244,729900,0.0,0.0
2023-02-14 00:00:00-05:00,3.9060452531539096,4.038734560888034,3.8314073198308,3.964097023010254,1236900,0.0,0.0
2023-02-15 00:00:00-05:00,3.9475113719909953,4.013856034470612,3.818968291852703,3.997269868850708,1292300,0.0,0.0
2023-02-16 00:00:00-05:00,3.939218246239516,3.9972700259128624,3.889459747424675,3.906045913696289,1365600,0.0,0.0
2023-02-17 00:00:00-05:00,3.8645799042770257,3.868726544281357,3.624909569172589,3.6406664848327637,2219000,0.0,0.0
2023-02-21 00:00:00-05:00,3.6489593652571592,3.6945712139739477,3.5245629468669115,3.5328562259674072,1391500,0.0,0.0
2023-02-22 00:00:00-05:00,3.5328562259674072,3.6157870397458014,3.5079767841112326,3.5328562259674072,963200,0.0,0.0
2023-02-23 00:00:00-05:00,3.6240807301735822,3.690425395965576,3.5577360643815883,3.690425395965576,1067400,0.0,0.0
2023-02-24 00:00:00-05:00,3.6074934296879198,3.7484759978998734,3.566028224325465,3.740183115005493,947000,0.0,0.0
2023-02-27 00:00:00-05:00,3.7982355260662026,3.814821691861215,3.731890862886155,3.8065288066864014,1112300,0.0,0.0
2023-02-28 00:00:00-05:00,3.8479937621720692,3.897752256178498,3.760916298799479,3.8894593715667725,1763900,0.0,0.0
2023-03-01 00:00:00-05:00,3.906046252854118,4.0719079299718475,3.868727276641271,4.005563259124756,1769100,0.0,0.0
2023-03-02 00:00:00-05:00,4.013855949562015,4.138251991357148,3.9806836190239303,4.1299591064453125,1473600,0.0,0.0
2023-03-03 00:00:00-05:00,4.080200445126859,4.328992914070352,4.022148671317366,4.304113864898682,1666400,0.0,0.0
2023-03-06 00:00:00-05:00,4.304112846798169,4.304112846798169,4.1382508446237,4.163130283355713,1605400,0.0,0.0
2023-03-07 00:00:00-05:00,4.146544979632934,4.179717307834371,3.980683338625755,4.071907043457031,1557300,0.0,0.0
2023-03-08 00:00:00-05:00,4.071907320421146,4.18801087246868,3.984829854108181,4.105079650878906,2094200,0.0,0.0
2023-03-09 00:00:00-05:00,4.146544942407323,4.167277746208429,3.9226315313351416,3.930924415588379,1779200,0.0,0.0
2023-03-10 00:00:00-05:00,3.964096617837622,4.034587508782463,3.7567693979714245,3.8148207664489746,1902300,0.0,0.0
2023-03-13 00:00:00-04:00,3.607493275126755,3.8355532789076108,3.4333383919083023,3.6987173557281494,2261600,0.0,0.0
2023-03-14 00:00:00-04:00,3.7235979417148517,3.887801513015482,3.603348129231632,3.6821327209472656,1975700,0.0,0.0
2023-03-15 00:00:00-04:00,3.5494424731925647,3.5701748805465674,3.3172357936417036,3.383580446243286,2814900,0.0,0.0
2023-03-16 00:00:00-04:00,3.325528875129565,3.5162695422907664,3.2177186233421304,3.499683380126953,1837600,0.0,0.0
2023-03-17 00:00:00-04:00,3.4748046273140387,3.499683674932867,3.3255291552650723,3.449925184249878,7142100,0.0,0.0
2023-03-20 00:00:00-04:00,3.483097640650248,3.483097640650248,3.358701607048369,3.3752877712249756,2050800,0.0,0.0
2023-03-21 00:00:00-04:00,3.4333388958616515,3.590907641684994,3.4333388958616515,3.566028594970703,1531200,0.0,0.0
2023-03-22 00:00:00-04:00,3.5660295764002568,3.6074947974844203,3.4499260082955745,3.458219289779663,1466000,0.0,0.0
2023-03-23 00:00:00-04:00,3.5533679865967818,3.688093118895102,3.4860056212033066,3.536527395248413,1391700,0.063,0.0
2023-03-24 00:00:00-04:00,3.4607451393288113,3.5609467239962393,3.4127492704711977,3.544948101043701,1002500,0.0,0.0
2023-03-27 00:00:00-04:00,3.595469931624612,3.755455762021475,3.502846471602976,3.747035264968872,1506000,0.0,0.0
2023-03-28 00:00:00-04:00,3.7470351464083467,3.9482806832748034,3.7175642106795292,3.8312385082244873,2730100,0.0,0.0
2023-03-29 00:00:00-04:00,3.9407017207710595,3.9558583724058813,3.8480786754180576,3.9154410362243652,1065300,0.0,0.0
2023-03-30 00:00:00-04:00,3.9154414685292416,3.9348079687192112,3.7891368273164168,3.8312385082244873,941900,0.0,0.0
2023-03-31 00:00:00-04:00,3.8564993311855287,3.8817604209210295,3.738615182613125,3.8143980503082275,1562900,0.0,0.0
2023-04-03 00:00:00-04:00,3.9659627829697865,4.277513900580332,3.9575422871639856,4.226992130279541,3822800,0.0,0.0
2023-04-04 00:00:00-04:00,4.269093995981016,4.285934586829583,4.08384709513542,4.142789363861084,2072800,0.0,0.0
2023-04-05 00:00:00-04:00,4.1848900545468934,4.1848900545468934,4.033324758121518,4.151208877563477,1412900,0.0,0.0
2023-04-06 00:00:00-04:00,4.083847633054152,4.092268130343251,3.7049340882957478,3.7386152744293213,2701000,0.0,0.0
2023-04-10 00:00:00-04:00,3.730193505589202,3.856498111291003,3.5449470450014946,3.5533671379089355,2483400,0.0,0.0
2023-04-11 00:00:00-04:00,3.544947437897421,3.6038897008273283,3.477585081126852,3.5028457641601562,2570100,0.0,0.0
2023-04-12 00:00:00-04:00,3.5196862510910565,3.6038895961191235,3.4860050736843524,3.5870490074157715,1949600,0.0,0.0
2023-04-13 00:00:00-04:00,3.6123106256727167,3.7638759632737964,3.5828396881836926,3.7386152744293213,1500200,0.0,0.0
2023-04-14 00:00:00-04:00,3.7386152744293213,3.7975575509187793,3.6628324048730763,3.7386152744293213,1111600,0.0,0.0
2023-04-17 00:00:00-04:00,3.7301941710258664,3.772295847607492,3.60388994430368,3.629150629043579,913500,0.0,0.0
2023-04-18 00:00:00-04:00,3.6459913739304484,3.7133537381075175,3.561788418709112,3.7049336433410645,1317800,0.0,0.0
2023-04-19 00:00:00-04:00,3.671251845703906,3.671251845703906,3.5112660568520595,3.5954689979553223,1283000,0.0,0.0
2023-04-20 00:00:00-04:00,3.5281073003299133,3.5786290743750198,3.4944261176331755,3.536527395248413,1284500,0.0,0.0
2023-04-21 00:00:00-04:00,3.5365270727712823,3.552525693320109,3.4396937817257176,3.460744619369507,1116600,0.0,0.0
2023-04-24 00:00:00-04:00,3.460744292190102,3.6207300810419483,3.443903703969449,3.5954689979553223,1877800,0.0,0.0
2023-04-25 00:00:00-04:00,3.536527666017916,3.536527666017916,3.4396943587287248,3.477585792541504,1401700,0.0,0.0
2023-04-26 00:00:00-04:00,3.494425719416002,3.5281068982745056,3.393382182840491,3.435483455657959,1601300,0.0,0.0
2023-04-27 00:00:00-04:00,3.4439046072660116,3.499478603121714,3.4018029249159456,3.477585792541504,1132500,0.0,0.0
2023-04-28 00:00:00-04:00,3.469165277106024,3.6081002660099535,3.4270639964901837,3.6038904190063477,1121300,0.0,0.0
2023-05-01 00:00:00-04:00,3.55336792950386,3.603890104248582,3.469164974114927,3.5786290168762207,1058300,0.0,0.0
2023-05-02 00:00:00-04:00,3.536527345980169,3.5491580904490103,3.397592368913821,3.452324390411377,1389000,0.0,0.0
2023-05-03 00:00:00-04:00,3.435483962067315,3.5028463297139085,3.3975925298882608,3.4018027782440186,1288600,0.0,0.0
2023-05-04 00:00:00-04:00,3.406012602100188,3.5196864829585177,3.3765416703056825,3.460744619369507,1123700,0.0,0.0
2023-05-05 00:00:00-04:00,3.5449472332933647,3.6207300810419483,3.528106645072712,3.5954689979553223,1189200,0.0,0.0
2023-05-08 00:00:00-04:00,3.637571286404155,3.7217742417930877,3.5702085205816463,3.5786290168762207,1159200,0.0,0.0
2023-05-09 00:00:00-04:00,3.494425801912976,3.5702082553780325,3.452324126590242,3.4860053062438965,1373100,0.0,0.0
2023-05-10 00:00:00-04:00,3.1828747564198654,3.368121460857722,2.9555265738724237,3.233396530151367,3583600,0.0,0.0
2023-05-11 00:00:00-04:00,3.11551234334664,3.212345841881592,3.107092047854717,3.149193525314331,1644100,0.0,0.0
2023-05-12 00:00:00-04:00,3.1576139165891646,3.21655598682057,3.064990663368384,3.1070921421051025,1379300,0.0,0.0
2023-05-15 00:00:00-04:00,3.115512409345309,3.182874774707688,3.098671818004714,3.140773296356201,1150900,0.0,0.0
2023-05-16 00:00:00-04:00,3.1155121326446533,3.208135376791697,3.1070918377221948,3.1155121326446533,992700,0.0,0.0
2023-05-17 00:00:00-04:00,3.1660341651760313,3.233396530151367,3.1407732783102804,3.233396530151367,1086000,0.0,0.0
2023-05-18 00:00:00-04:00,3.208135329282868,3.317599362409458,3.1955049874640546,3.3091790676116943,1280300,0.0,0.0
2023-05-19 00:00:00-04:00,3.342860205168974,3.3664369500068094,3.241816468098601,3.2839181423187256,742300,0.0,0.0
2023-05-22 00:00:00-04:00,3.292338597357768,3.427063519761195,3.292338597357768,3.3849618434906006,1031800,0.0,0.0
2023-05-23 00:00:00-04:00,3.4388543894419707,3.5628926539305246,3.4388543894419707,3.473071813583374,917100,0.063,0.0
2023-05-24 00:00:00-04:00,3.4730721851702486,3.5415070407749565,3.4559634712690714,3.5243983268737793,848800,0.0,0.0
2023-05-25 00:00:00-04:00,3.396082845004895,3.4388546281506596,3.323370711681121,3.353311061859131,1177700,0.0,0.0
2023-05-26 00:00:00-04:00,3.370419502258301,3.396082570068154,3.3190933666385947,3.370419502258301,759600,0.0,0.0
2023-05-30 00:00:00-04:00,3.293430193276511,3.3319248981173857,3.2249953437389025,3.3190934658050537,1079700,0.0,0.0
2023-05-31 00:00:00-04:00,3.259212767619378,3.336202177280143,3.242104055239639,3.3019845485687256,2027000,0.0,0.0
2023-06-01 00:00:00-04:00,3.310538940414749,3.413191419750741,3.261779130002519,3.361865282058716,862100,0.0,0.0
2023-06-02 00:00:00-04:00,3.413191221959314,3.507289135608469,3.3875281546004534,3.481626272201538,1379700,0.0,0.0
2023-06-05 00:00:00-04:00,3.5671699339241676,3.584278645994869,3.455963101512672,3.473071813583374,580600,0.0,0.0
2023-06-06 00:00:00-04:00,3.4987351225707934,3.5543385393634397,3.4217457134880718,3.5329525470733643,1410900,0.0,0.0
2023-06-07 00:00:00-04:00,3.5329527486336105,3.6826538873970622,3.5158440354062472,3.6698224544525146,1627500,0.0,0.0
2023-06-08 00:00:00-04:00,3.678377436260782,3.7125948666340403,3.5500618684090903,3.5842792987823486,805100,0.0,0.0
2023-06-09 00:00:00-04:00,3.5842788566919292,3.6013875697683435,3.438854591590459,3.490180730819702,1534800,0.0,0.0
2023-06-12 00:00:00-04:00,3.4388546281506596,3.4559633414089657,3.353311061859131,3.353311061859131,1193800,0.0,0.0
2023-06-13 00:00:00-04:00,3.404636965300568,3.5415066618661797,3.3875282532298665,3.473071813583374,963600,0.0,0.0
2023-06-14 00:00:00-04:00,3.507289305554181,3.5329525781084854,3.370419606341571,3.438854455947876,944600,0.0,0.0
2023-06-15 00:00:00-04:00,3.4303003391248126,3.5072893417750564,3.4303003391248126,3.498735189437866,916400,0.0,0.0
2023-06-16 00:00:00-04:00,3.5500615009220042,3.5500615009220042,3.4217459463529867,3.455963373184204,1817900,0.0,0.0
2023-06-20 00:00:00-04:00,3.4474090488306994,3.4474090488306994,3.301984584132745,3.361865282058716,863600,0.0,0.0
2023-06-21 00:00:00-04:00,3.3618652129412014,3.4131913495779984,3.32764778851667,3.3362021446228027,754500,0.0,0.0
2023-06-22 00:00:00-04:00,3.301984754348529,3.3182380933077718,3.2164411871187557,3.2592129707336426,1020300,0.0,0.0
2023-06-23 00:00:00-04:00,3.2164411209614547,3.2592129036965907,3.165114981679291,3.1736693382263184,4377100,0.0,0.0
2023-06-26 00:00:00-04:00,3.165114947794443,3.216441086527123,3.1052344526063167,3.1308975219726562,852600,0.0,0.0
2023-06-27 00:00:00-04:00,3.1223435765369554,3.13517501093326,3.0710172270958207,3.1052348613739014,587800,0.0,0.0
2023-06-28 00:00:00-04:00,3.1052344526063167,3.139451878428103,3.0376549754227042,3.1308975219726562,920400,0.0,0.0
2023-06-29 00:00:00-04:00,3.1565604240468357,3.224995272063482,3.1223430000385126,3.2164409160614014,670400,0.0,0.0
2023-06-30 00:00:00-04:00,3.2592126960718053,3.2677670520738857,3.2078865600593205,3.2164409160614014,636400,0.0,0.0
2023-07-03 00:00:00-04:00,3.2506585796536984,3.2848760061839557,3.23354986638857,3.2763216495513916,430000,0.0,0.0
2023-07-05 00:00:00-04:00,3.2763215814799755,3.284875937934808,3.2249954427509815,3.2506585121154785,618100,0.0,0.0
2023-07-06 00:00:00-04:00,3.2164407421656946,3.2335494532448803,3.0881252051198813,3.182223320007324,943300,0.0,0.0
2023-07-07 00:00:00-04:00,3.1565604942012935,3.361865246766059,3.1394517818168914,3.3190934658050537,1268500,0.0,0.0
2023-07-10 00:00:00-04:00,3.327647856930699,3.37041963834072,3.2848758715687363,3.361865282058716,610800,0.0,0.0
2023-07-11 00:00:00-04:00,3.378973962542359,3.438854455947876,3.3575879700644187,3.438854455947876,882200,0.0,0.0
2023-07-12 00:00:00-04:00,3.481626544225448,3.5158439700440463,3.426023125294253,3.507289409637451,1138300,0.0,0.0
2023-07-13 00:00:00-04:00,3.515844139045946,3.6099418606182962,3.4859035840875516,3.5415070056915283,729600,0.0,0.0
2023-07-14 00:00:00-04:00,3.5415066935981803,3.5415066935981803,3.3789739274702177,3.396082639694214,904600,0.0,0.0
2023-07-17 00:00:00-04:00,3.396082708275884,3.4559632022691176,3.3661423593032964,3.421745777130127,504600,0.0,0.0
2023-07-18 00:00:00-04:00,3.438854723301376,3.575724433154912,3.426023289978585,3.5415070056915283,872400,0.0,0.0
2023-07-19 00:00:00-04:00,3.57572412374964,3.618496108329791,3.5072892747444984,3.5329525470733643,662800,0.0,0.0
2023-07-20 00:00:00-04:00,3.592832770604073,3.627050194483817,3.5509165691177405,3.6099414825439453,765300,0.0,0.0
2023-07-21 00:00:00-04:00,3.635604892168857,3.635604892168857,3.580001474281338,3.6184961795806885,820600,0.0,0.0
2023-07-24 00:00:00-04:00,3.6184957817157914,3.7382567566648794,3.6184957817157914,3.7040393352508545,826700,0.0,0.0
2023-07-25 00:00:00-04:00,3.7040401506988507,3.763920855308109,3.674100002346186,3.729703426361084,746400,0.0,0.0
2023-07-26 00:00:00-04:00,3.6869310316384456,3.7468117296766703,3.678376879292347,3.6954855918884277,419600,0.0,0.0
2023-07-27 00:00:00-04:00,3.704039778248519,3.763920476836625,3.6612682003174895,3.6783769130706787,823800,0.0,0.0
2023-07-28 00:00:00-04:00,3.7040393352508545,3.729702605263293,3.6604119801816286,3.7040393352508545,533200,0.0,0.0
2023-07-31 00:00:00-04:00,3.721148091982821,3.849463627824403,3.721148091982821,3.8066916465759277,761400,0.0,0.0
2023-08-01 00:00:00-04:00,3.806691514571908,3.8494634943371864,3.755365383595872,3.832354784011841,619400,0.0,0.0
2023-08-02 00:00:00-04:00,3.7981371469922918,3.7981371469922918,3.58855535547012,3.601386785507202,875400,0.0,0.0
2023-08-03 00:00:00-04:00,3.5928327407398397,3.7211482831742337,3.5671698769952798,3.6612679958343506,736800,0.0,0.0
2023-08-04 00:00:00-04:00,3.669821913836829,3.751088595623018,3.6569904827825295,3.7040393352508545,794000,0.0,0.0
2023-08-07 00:00:00-04:00,3.7297034621811593,3.7297034621811593,3.6356053277211577,3.712594747543335,757400,0.0,0.0
2023-08-08 00:00:00-04:00,3.644159888992036,3.712594747543335,3.5680258437161605,3.712594747543335,696200,0.0,0.0
2023-08-09 00:00:00-04:00,3.7810287796390547,3.815246201435475,3.725425367243911,3.7639200687408447,862400,0.0,0.0
2023-08-10 00:00:00-04:00,3.789583408370492,4.148866790382446,3.7639205427432922,4.080431938171387,3084400,0.0,0.0
2023-08-11 00:00:00-04:00,4.080431194908897,4.37127967173089,4.063322484972534,4.311398983001709,2824600,0.0,0.0
2023-08-14 00:00:00-04:00,4.277182340981115,4.294291054028884,4.174530062694504,4.200192928314209,1058400,0.0,0.0
2023-08-15 00:00:00-04:00,4.13175797306343,4.1916386711889455,4.029105697337306,4.0547685623168945,1335100,0.0,0.0
2023-08-16 00:00:00-04:00,4.046214207950989,4.106094903086959,4.013707533222781,4.071877479553223,865700,0.0,0.0
2023-08-17 00:00:00-04:00,4.1232039235511975,4.242964914885578,4.11037208283745,4.200192928314209,935000,0.0,0.0
2023-08-18 00:00:00-04:00,4.140312906459763,4.225856477274237,4.123204192296868,4.183084487915039,1011700,0.0,0.0
2023-08-21 00:00:00-04:00,4.234410355646269,4.251519068699034,4.046214512065857,4.080431938171387,973000,0.0,0.0
2023-08-22 00:00:00-04:00,4.071877648442719,4.097540513205509,4.007719670727981,4.0291056632995605,566700,0.0,0.0
2023-08-23 00:00:00-04:00,3.977779247392108,3.977779247392108,3.8836811314071484,3.926453113555908,633000,0.0,0.0
2023-08-24 00:00:00-04:00,3.9030355389083082,3.9377291550566063,3.8596683119326713,3.8683419227600098,426900,0.063,0.0
2023-08-25 00:00:00-04:00,3.9030348715908407,3.9281875942447106,3.848392208030455,3.885688066482544,627600,0.0,0.0
2023-08-28 00:00:00-04:00,3.911709221957237,3.9767596500411853,3.8900256080690756,3.963749647140503,511400,0.0,0.0
2023-08-29 00:00:00-04:00,3.989769192280487,4.093850030629777,3.9333919681128333,4.05915641784668,574000,0.0,0.0
2023-08-30 00:00:00-04:00,3.4693649420955293,3.573445791099068,3.2958966536327,3.408651113510132,5745900,0.0,0.0
2023-08-31 00:00:00-04:00,3.486711342282628,3.6341594012416727,3.4780381460041156,3.590792179107666,2035200,0.0,0.0
2023-09-01 00:00:00-04:00,3.6515061852092274,3.8423210515632737,3.6515061852092274,3.8076274394989014,1276800,0.0,0.0
2023-09-05 00:00:00-04:00,3.8423208700166525,3.8770144804417788,3.7564541221773955,3.816300868988037,1364000,0.0,0.0
2023-09-06 00:00:00-04:00,3.7902806334667156,3.83364785533742,3.7382402153701575,3.8076274394989014,749800,0.0,0.0
2023-09-07 00:00:00-04:00,3.7816072773021014,3.859667694355223,3.738240057265564,3.755586862564087,1218800,0.0,0.0
2023-09-08 00:00:00-04:00,3.7729342842608866,3.807627900525957,3.668853435465676,3.7208938598632812,770000,0.0,0.0
2023-09-11 00:00:00-04:00,3.7382399669308333,3.7642603810400637,3.612475528160531,3.6601791381835938,1061700,0.0,0.0
2023-09-12 00:00:00-04:00,3.703546446668519,3.7772704725823556,3.703546446668519,3.755586862564087,1122600,0.0,0.0
2023-09-13 00:00:00-04:00,3.7729337517663493,3.7729337517663493,3.642832502343964,3.694873332977295,741100,0.0,0.0
2023-09-14 00:00:00-04:00,3.729567258269346,3.798954486846924,3.7078836459437268,3.798954486846924,1002200,0.0,0.0
2023-09-15 00:00:00-04:00,3.781607041508757,3.7980865675518802,3.6731894117580053,3.746913433074951,3602000,0.0,0.0
2023-09-18 00:00:00-04:00,3.755586683028372,3.7816070965224817,3.677525856126485,3.7642602920532227,972700,0.0,0.0
2023-09-19 00:00:00-04:00,3.7902812456319506,3.8683420921745713,3.755587627964241,3.7729344367980957,822600,0.0,0.0
2023-09-20 00:00:00-04:00,3.7382400035858154,3.8336476381479025,3.7208931985363862,3.7382400035858154,877800,0.0,0.0
2023-09-21 00:00:00-04:00,3.7295676596105074,3.7555876663368757,3.6775268189966703,3.703547239303589,552500,0.0,0.0
2023-09-22 00:00:00-04:00,3.7555868867097804,3.7729336921198304,3.6775260555743228,3.68619966506958,541100,0.0,0.0
2023-09-25 00:00:00-04:00,3.67752621231409,3.9030351058366146,3.67752621231409,3.8943614959716797,1459400,0.0,0.0
2023-09-26 00:00:00-04:00,3.8423208890567,3.885688109093238,3.738240057265564,3.755586862564087,919000,0.0,0.0
2023-09-27 00:00:00-04:00,3.807627236704981,3.894361262246464,3.794617236268873,3.885688066482544,1087300,0.0,0.0
2023-09-28 00:00:00-04:00,3.850994661369606,3.8900250783371444,3.7729338274345294,3.8076274394989014,813000,0.0,0.0
2023-09-29 00:00:00-04:00,3.807627439498902,3.8145660791956804,3.7555870214023437,3.8076274394989014,776600,0.0,0.0
2023-10-02 00:00:00-04:00,3.8076275183789865,3.8076275183789865,3.5734454253028414,3.6081390380859375,991300,0.0,0.0
2023-10-03 00:00:00-04:00,3.590792519914954,3.634159746165007,3.5647725150293397,3.625486135482788,540700,0.0,0.0
2023-10-04 00:00:00-04:00,3.5821190964695777,3.6081390997110643,3.38263061276937,3.3913040161132812,1119000,0.0,0.0
2023-10-05 00:00:00-04:00,3.3913037508711095,3.439007362136482,3.3505385722318484,3.3826303482055664,783900,0.0,0.0
2023-10-06 00:00:00-04:00,3.4259973615332826,3.4346707641988257,3.356609933418705,3.3826303482055664,2222000,0.0,0.0
2023-10-09 00:00:00-04:00,3.495385316960474,3.608139361832341,3.484977149475557,3.5560989379882812,959400,0.0,0.0
2023-10-10 00:00:00-04:00,3.5560986241819896,3.61681265343264,3.547425427763604,3.599465847015381,559400,0.0,0.0
2023-10-11 00:00:00-04:00,3.564772234180863,3.6081390434337663,3.5127318149290865,3.599465847015381,594600,0.0,0.0
2023-10-12 00:00:00-04:00,3.590792553884321,3.5994661646485935,3.5344153246581254,3.5560989379882812,574600,0.0,0.0
2023-10-13 00:00:00-04:00,3.634159512663002,3.66017951587678,3.5994658993243025,3.6168127059936523,497200,0.0,0.0
2023-10-16 00:00:00-04:00,3.712220634286085,3.790281063497112,3.668853407495105,3.7816078662872314,1235500,0.0,0.0
2023-10-17 00:00:00-04:00,3.7729341890791788,3.946402679608882,3.7729341890791788,3.920382261276245,1218700,0.0,0.0
2023-10-18 00:00:00-04:00,3.946402328000325,3.9654836906905073,3.8683414935378386,3.8943614959716797,704800,0.0,0.0
2023-10-19 00:00:00-04:00,3.8770145913070966,4.031401286187817,3.8431886717187185,4.007115840911865,1019200,0.0,0.0
2023-10-20 00:00:00-04:00,4.024462189274512,4.024462189274512,3.9047691194131016,3.9290549755096436,729800,0.0,0.0
2023-10-23 00:00:00-04:00,3.8943615769862063,3.946402410097459,3.811964349457622,3.8423211574554443,728800,0.0,0.0
2023-10-24 00:00:00-04:00,3.859667346980069,3.937728170588075,3.8509941519016375,3.9290549755096436,645500,0.0,0.0
2023-10-25 00:00:00-04:00,3.911708902952021,3.929055709931787,3.842321261452455,3.8770148754119873,436500,0.0,0.0
2023-10-26 00:00:00-04:00,3.833648249916143,3.903035481186577,3.772934215764253,3.859668254852295,381800,0.0,0.0
2023-10-27 00:00:00-04:00,3.8509945334221554,3.8596677293598463,3.759923701383844,3.8336477279663086,513400,0.0,0.0
2023-10-30 00:00:00-04:00,3.8249743509451903,3.907371992054265,3.772933931414428,3.8423211574554443,448200,0.0,0.0
2023-10-31 00:00:00-04:00,3.833648064752823,3.9377289066314196,3.790280840513157,3.8770148754119873,584100,0.0,0.0
2023-11-01 00:00:00-04:00,3.9030353767770567,3.946402601951228,3.805893172880982,3.824974536895752,577900,0.0,0.0
2023-11-02 00:00:00-04:00,3.8509951857864926,3.972422844547446,3.80762795801017,3.963749647140503,754300,0.0,0.0
2023-11-03 00:00:00-04:00,3.972422092024027,3.9810957013684036,3.824974041813278,3.885688066482544,804300,0.0,0.0
2023-11-06 00:00:00-05:00,3.9203817196902833,3.9238512461821724,3.7208932519670412,3.755586862564087,810700,0.0,0.0
2023-11-07 00:00:00-05:00,3.686199502063658,3.703546306706622,3.495384650991053,3.6341590881347656,886300,0.0,0.0
2023-11-08 00:00:00-05:00,3.434671222310314,3.595129296419646,3.339263573473773,3.373957395553589,1670200,0.0,0.0
2023-11-09 00:00:00-05:00,3.434671222310314,3.5647724864364125,3.373957395553589,3.373957395553589,1035900,0.0,0.0
2023-11-10 00:00:00-05:00,3.391304063946481,3.504058309007689,3.391304063946481,3.4867115020751953,648000,0.0,0.0
2023-11-13 00:00:00-05:00,3.4693644897871576,3.5994657408702713,3.4693644897871576,3.564772129058838,550900,0.0,0.0
2023-11-14 00:00:00-05:00,3.59946578896666,3.6688530135166855,3.530078564416635,3.590792179107666,990900,0.0,0.0
2023-11-15 00:00:00-05:00,3.599466130597173,3.6775265588345385,3.590792519914954,3.625486135482788,615800,0.0,0.0
2023-11-16 00:00:00-05:00,3.5907918697371324,3.6515058927777297,3.478037846348089,3.6341590881347656,1536200,0.0,0.0
2023-11-17 00:00:00-05:00,3.6948738628768707,3.9464027881622314,3.686200252000568,3.9464027881622314,1602300,0.0,0.0
2023-11-20 00:00:00-05:00,3.9464023882897465,4.076503229607473,3.9464023882897465,4.050483226776123,1112300,0.0,0.0
2023-11-21 00:00:00-05:00,4.007116419280838,4.067830454814378,3.959412800091971,4.041810035705566,613400,0.0,0.0
2023-11-22 00:00:00-05:00,3.9389401964069384,4.066428198844002,3.8861865835966136,4.044447422027588,661500,0.063,0.0
2023-11-24 00:00:00-05:00,4.026862462510622,4.1191813800681105,4.026862462510622,4.079616069793701,308100,0.0,0.0
2023-11-27 00:00:00-05:00,4.044447027156537,4.044447027156537,3.9301473342693534,4.000485897064209,620200,0.0,0.0
2023-11-28 00:00:00-05:00,4.009278384091141,4.009278384091141,3.938940233023508,3.9653172492980957,678700,0.0,0.0
2023-11-29 00:00:00-05:00,3.9916939433940875,4.035655498504639,3.9661965097489826,4.035655498504639,648800,0.0,0.0
2023-11-30 00:00:00-05:00,4.053239399295365,4.132369599102665,4.026862386527335,4.088408470153809,946300,0.0,0.0
2023-12-01 00:00:00-05:00,4.088408335875108,4.149953998231797,4.02686225427004,4.097200393676758,957900,0.0,0.0
2023-12-04 00:00:00-05:00,4.026862595788976,4.088408682613779,3.982901464555616,4.070824146270752,668500,0.0,0.0
2023-12-05 00:00:00-05:00,4.070824438056974,4.079616497234471,4.009278346820705,4.044447422027588,658500,0.0,0.0
2023-12-06 00:00:00-05:00,4.009278275285495,4.079616424444259,3.930147647857666,3.930147647857666,886500,0.0,0.0
2023-12-07 00:00:00-05:00,3.930147672758199,3.956524688484074,3.8861865388796635,3.9477322101593018,632100,0.0,0.0
2023-12-08 00:00:00-05:00,3.956524688484074,3.999606658379821,3.894978597955994,3.9477322101593018,654300,0.0,0.0
2023-12-11 00:00:00-05:00,3.930147635608748,3.930147635608748,3.7543022632598877,3.7543022632598877,688200,0.0,0.0
2023-12-12 00:00:00-05:00,3.736717896332604,3.736717896332604,3.5872491133995466,3.640002727508545,770100,0.0,0.0
2023-12-13 00:00:00-05:00,3.648794908050782,3.8246402740478516,3.6312103714510755,3.8246402740478516,1108000,0.0,0.0
2023-12-14 00:00:00-05:00,3.8598095231537886,3.9916937632862797,3.8598095231537886,3.9477322101593018,992900,0.0,0.0
2023-12-15 00:00:00-05:00,3.9741092007061134,3.9741092007061134,3.890582753392191,3.930147647857666,1820800,0.0,0.0
2023-12-18 00:00:00-05:00,3.991693682591776,4.066428069847772,3.947732130353508,4.018070697784424,772200,0.0,0.0
2023-12-19 00:00:00-05:00,4.026862904664952,4.132370130815929,4.009278366973123,4.123578071594238,725000,0.0,0.0
2023-12-20 00:00:00-05:00,4.13237086281177,4.246670587679597,4.044448158778258,4.062032699584961,876600,0.0,0.0
2023-12-21 00:00:00-05:00,4.053239787726657,4.1323699951171875,4.044447309545245,4.1323699951171875,653200,0.0,0.0
2023-12-22 00:00:00-05:00,4.185123487183537,4.1939155449851855,4.07082380102343,4.097200393676758,653000,0.0,0.0
2023-12-26 00:00:00-05:00,4.132369307972714,4.2027078639825675,4.09720023959197,4.149953842163086,572400,0.0,0.0
2023-12-27 00:00:00-05:00,4.185124025708788,4.185124025708788,4.105993399069822,4.1323699951171875,512100,0.0,0.0
2023-12-28 00:00:00-05:00,4.105993462675888,4.121819672098532,4.004002894283435,4.009278297424316,553000,0.0,0.0
2023-12-29 00:00:00-05:00,4.009278300687382,4.009278300687382,3.9125631353570967,3.9477322101593018,482800,0.0,0.0
2024-01-02 00:00:00-05:00,3.930147669559536,4.0532398505155145,3.930147669559536,4.009278297424316,754000,0.0,0.0
2024-01-03 00:00:00-05:00,4.114785854477133,4.220293506577939,4.0004865618446805,4.141162872314453,1701600,0.0,0.0
2024-01-04 00:00:00-05:00,4.1939161496098425,4.1939161496098425,4.001365402337215,4.009278297424316,656400,0.0,0.0
2024-01-05 00:00:00-05:00,4.0796166343667295,4.088409113088224,4.000486422115582,4.035655498504639,897800,0.0,0.0
2024-01-08 00:00:00-05:00,3.965316825290984,4.000485897064209,3.8510171324037996,4.000485897064209,1178700,0.0,0.0
2024-01-09 00:00:00-05:00,3.9741095319263535,3.9916940706816195,3.8510177606394924,3.8861868381500244,789600,0.0,0.0
2024-01-10 00:00:00-05:00,3.8861863877670393,3.8949784465014945,3.7938674651889204,3.8422248363494873,536600,0.0,0.0
2024-01-11 00:00:00-05:00,3.877394359148154,3.8861868381500244,3.807056204127091,3.8861868381500244,621600,0.0,0.0
2024-01-12 00:00:00-05:00,3.9565240784587425,3.9916931478385056,3.8554131088040178,3.9213550090789795,616400,0.0,0.0
2024-01-16 00:00:00-05:00,3.9213552745455598,3.9213552745455598,3.7630944516227385,3.7806789875030518,718000,0.0,0.0
2024-01-17 00:00:00-05:00,3.763094663619995,3.763094663619995,3.631210427463626,3.763094663619995,862600,0.0,0.0
2024-01-18 00:00:00-05:00,3.780678825912925,3.7982633610416574,3.688359911674984,3.7718863487243652,505100,0.0,0.0
2024-01-19 00:00:00-05:00,3.7894713914164093,3.7894713914164093,3.705944943179462,3.7279253005981445,440900,0.0,0.0
2024-01-22 00:00:00-05:00,3.710340424733392,3.798263523383365,3.701548366417438,3.7806789875030518,477700,0.0,0.0
2024-01-23 00:00:00-05:00,3.79826407438265,3.8598097492677343,3.7806795359514163,3.833433151245117,417900,0.0,0.0
2024-01-24 00:00:00-05:00,3.8773940716812962,3.8958581923666133,3.807055921875046,3.851017475128174,654700,0.0,0.0
2024-01-25 00:00:00-05:00,3.8949787857257885,3.921355802723251,3.815848573230325,3.9125633239746094,569400,0.0,0.0
2024-01-26 00:00:00-05:00,3.92135558883704,3.9521284242818897,3.8729982161025,3.930147647857666,539200,0.0,0.0
2024-01-29 00:00:00-05:00,3.938939543768861,3.938939543768861,3.877393462730087,3.9213550090789795,408500,0.0,0.0
2024-01-30 00:00:00-05:00,3.8773944286835254,3.9477325849660003,3.851017829701838,3.9389405250549316,440300,0.0,0.0
2024-01-31 00:00:00-05:00,3.938940005585532,3.938940005585532,3.7455101013183594,3.7455101013183594,511400,0.0,0.0
2024-02-01 00:00:00-05:00,3.7630944761563114,3.8598092145043665,3.7191329265447166,3.736717462539673,630000,0.0,0.0
2024-02-02 00:00:00-05:00,3.727925417690209,3.727925417690209,3.6136261300782744,3.640002727508545,741900,0.0,0.0
2024-02-05 00:00:00-05:00,3.6224180372858727,3.657587111881002,3.5432878290710508,3.596041440963745,608900,0.0,0.0
2024-02-06 00:00:00-05:00,3.6048333129464787,3.688360175212333,3.5916450154697084,3.6312103271484375,490300,0.0,0.0
2024-02-07 00:00:00-05:00,3.5960417729058594,3.6839644675096195,3.5960417729058594,3.666379928588867,522100,0.0,0.0
2024-02-08 00:00:00-05:00,3.666379762699829,3.7191333770751953,3.644398985231312,3.7191333770751953,935900,0.0,0.0
2024-02-09 00:00:00-05:00,3.7103402065486057,3.7455096954895133,3.6663790790571382,3.675171136856079,1428800,0.0,0.0
2024-02-12 00:00:00-05:00,3.6927562188156684,3.8949786091328584,3.6927562188156684,3.851017475128174,816600,0.0,0.0
2024-02-13 00:00:00-05:00,3.780679332298625,3.851017482234674,3.7103407631141323,3.7279253005981445,772100,0.0,0.0
2024-02-14 00:00:00-05:00,3.7367177789643726,3.7938676305995234,3.675171688146108,3.7279253005981445,604400,0.0,0.0
2024-02-15 00:00:00-05:00,3.7455105281078973,3.912563436658686,3.7455105281078973,3.8861868381500244,678100,0.0,0.0
2024-02-16 00:00:00-05:00,3.8686018510497036,3.8861863877670393,3.829036538623592,3.8422248363494873,439500,0.0,0.0
2024-02-20 00:00:00-05:00,3.8422244892392943,3.8686015015565864,3.754301813595633,3.7718863487243652,402000,0.0,0.0
2024-02-21 00:00:00-05:00,3.780678825912925,3.851016966427854,3.7147365047438887,3.7718863487243652,594600,0.0,0.0
2024-02-22 00:00:00-05:00,3.7455102573306007,3.776283093115511,3.69275622563012,3.7279253005981445,479500,0.0,0.0
2024-02-23 00:00:00-05:00,3.675171822138161,3.736717915200317,3.6180219684193995,3.7191333770751953,577900,0.0,0.0
2024-02-26 00:00:00-05:00,3.683964300824951,3.736717915200317,3.661983523356434,3.7191333770751953,382600,0.0,0.0
2024-02-27 00:00:00-05:00,3.7367176160454725,3.859809373066823,3.7367176160454725,3.8422248363494873,594000,0.0,0.0
2024-02-28 00:00:00-05:00,3.824639954110562,3.8686015015565864,3.763094290784193,3.7718863487243652,306600,0.0,0.0
2024-02-29 00:00:00-05:00,3.8598089280402053,4.053239228877279,3.833432335629572,3.9213550090789795,1332600,0.0,0.0
2024-03-01 00:00:00-05:00,3.956524533754754,3.991693607181589,3.8949784456335803,3.903770923614502,570900,0.0,0.0
2024-03-04 00:00:00-05:00,3.947731700011688,3.960920415794528,3.763094290784193,3.7718863487243652,753400,0.0,0.0
2024-03-05 00:00:00-05:00,3.7455101013183594,3.8246403070761716,3.7103406085668107,3.7455101013183594,707200,0.0,0.0
2024-03-06 00:00:00-05:00,3.8070559289004215,3.833432944750662,3.7103407631141323,3.7279253005981445,745100,0.0,0.0
2024-03-07 00:00:00-05:00,3.7573770055710423,3.8644755344511768,3.7573770055710423,3.793076515197754,533000,0.063,0.0
2024-03-08 00:00:00-05:00,3.819852169882721,3.8644763535890614,3.819852169882721,3.8287768363952637,429300,0.0,0.0
2024-03-11 00:00:00-04:00,3.8109264121911384,3.9537244560255687,3.8109264121911384,3.9358747005462646,575800,0.0,0.0
2024-03-12 00:00:00-04:00,3.935875587312998,3.935875587312998,3.8466267898084086,3.873401641845703,463700,0.0,0.0
2024-03-13 00:00:00-04:00,3.9001753894380484,4.02512410976746,3.9001753894380484,3.980499505996704,685700,0.0,0.0
2024-03-14 00:00:00-04:00,4.2839466530279555,5.047024637299439,4.239322040270058,4.765890598297119,6652800,0.0,0.0
2024-03-15 00:00:00-04:00,4.765889863544007,5.047023859204142,4.7569647721396615,4.944387435913086,2995100,0.0,0.0
2024-03-18 00:00:00-04:00,4.989012287431757,5.185359626705161,4.864063555049607,5.149660110473633,2573000,0.0,0.0
2024-03-19 00:00:00-04:00,5.0247116168527155,5.390631857407461,4.962237252984336,5.381707191467285,1851500,0.0,0.0
2024-03-20 00:00:00-04:00,5.337082458198824,5.506655362749617,5.238908581759571,5.470955848693848,1667500,0.0,0.0
2024-03-21 00:00:00-04:00,5.479880332946777,5.578054206134844,5.390631550762972,5.479880332946777,1921300,0.0,0.0
2024-03-22 00:00:00-04:00,5.462030612048906,5.551279394813411,5.399556676899635,5.506655216217041,1276800,0.0,0.0
2024-03-25 00:00:00-04:00,5.569129859478999,6.247421545877294,5.542355434031173,6.202796936035156,4986500,0.0,0.0
2024-03-26 00:00:00-04:00,6.247421693607025,6.292046304504378,5.939513240245141,6.033224582672119,2630200,0.0,0.0
2024-03-27 00:00:00-04:00,6.068923310879571,6.167096761154893,5.997523857626917,6.131397247314453,1305500,0.0,0.0
2024-03-28 00:00:00-04:00,6.193871482494808,6.27419559977696,6.1670966348768355,6.220645904541016,1539800,0.0,0.0
2024-04-01 00:00:00-04:00,6.283120393591871,6.532124566451612,6.283120393591871,6.43484354019165,1969100,0.0,0.0
2024-04-02 00:00:00-04:00,6.5062422964177244,6.622265924338246,6.470542784068604,6.559791564941406,1430200,0.0,0.0
2024-04-03 00:00:00-04:00,6.568717508168131,6.689203271587648,6.564254962152495,6.675816059112549,1217800,0.0,0.0
2024-04-04 00:00:00-04:00,6.65796618914428,6.698128251468936,6.3812947243844045,6.461618423461914,1861200,0.0,0.0
2024-04-05 00:00:00-04:00,6.506242275238037,6.55086687831505,6.381293982422857,6.506242275238037,1170400,0.0,0.0
2024-04-08 00:00:00-04:00,6.506242662869822,6.533017511425585,6.300970242514909,6.318819999694824,1697500,0.0,0.0
2024-04-09 00:00:00-04:00,6.345595355000461,6.443768814544091,6.332207716867573,6.425919055938721,982900,0.0,0.0
2024-04-10 00:00:00-04:00,6.390219277403857,6.537479886268983,6.345595095501217,6.524092674255371,1198500,0.0,0.0
2024-04-11 00:00:00-04:00,6.5419425511263025,6.586567159412445,6.309895694525056,6.3812947273254395,971900,0.0,0.0
2024-04-12 00:00:00-04:00,6.461618225882435,6.51963004462511,6.256346225738525,6.256346225738525,1050300,0.0,0.0
2024-04-15 00:00:00-04:00,6.247420860610554,6.309895222422498,6.02429868701732,6.077847957611084,1188400,0.0,0.0
2024-04-16 00:00:00-04:00,6.02429868701732,6.135859773813937,5.979674082069964,6.077847957611084,894000,0.0,0.0
2024-04-17 00:00:00-04:00,6.086773345151648,6.167097042166805,5.98859946483113,6.006449222564697,975500,0.0,0.0
2024-04-18 00:00:00-04:00,6.051074265126437,6.086773783162549,5.894888554539581,5.926125526428223,1110000,0.0,0.0
2024-04-19 00:00:00-04:00,5.890425440281659,6.068923438818548,5.881500774419296,6.042148590087891,773400,0.0,0.0
2024-04-22 00:00:00-04:00,6.006449039438592,6.0510736451978815,5.877038193422788,5.935050010681152,721700,0.0,0.0
2024-04-23 00:00:00-04:00,5.890425447194995,5.8993505386396174,5.711927874020395,5.738702297210693,1067000,0.0,0.0
2024-04-24 00:00:00-04:00,5.720852703733545,5.835091494294417,5.658378764119127,5.756552219390869,991200,0.0,0.0
2024-04-25 00:00:00-04:00,5.711927874020395,5.7476273886553155,5.6405288447505555,5.738702297210693,935200,0.0,0.0
2024-04-26 00:00:00-04:00,5.71192754377895,5.71192754377895,5.5512793116380825,5.703002452850342,864200,0.0,0.0
2024-04-29 00:00:00-04:00,5.899350789366917,6.015374004075598,5.8547261813907925,5.94397497177124,1408500,0.0,0.0
2024-04-30 00:00:00-04:00,5.943975232793978,5.961824991653919,5.685153516538925,5.711928367614746,1202300,0.0,0.0
2024-05-01 00:00:00-04:00,5.738701878236734,5.810101327865591,5.453105782008313,5.488805294036865,1056200,0.0,0.0
2024-05-02 00:00:00-04:00,5.578054428100586,5.613753942394688,5.479880551005917,5.578054428100586,967500,0.0,0.0
2024-05-03 00:00:00-04:00,5.57805459260729,5.6405289572503365,5.506655561913403,5.595904350280762,974100,0.0,0.0
2024-05-06 00:00:00-04:00,5.640528843759894,5.73870229620279,5.622679086445569,5.658378601074219,747300,0.0,0.0
2024-05-07 00:00:00-04:00,5.658378566397246,5.703002746623691,5.578054446189153,5.631603717803955,1096500,0.0,0.0
2024-05-08 00:00:00-04:00,5.685152739536294,5.756551765217792,5.381706880389928,5.399556636810303,1292600,0.0,0.0
2024-05-09 00:00:00-04:00,5.4084810239769,5.5780539140320835,5.4084810239769,5.551279067993164,1155300,0.0,0.0
2024-05-10 00:00:00-04:00,5.6048295572220175,5.631603981497209,5.515580341446577,5.533430099487305,690200,0.0,0.0
2024-05-13 00:00:00-04:00,5.542355311993653,5.604829679282653,5.372782394127917,5.390632152557373,1115900,0.0,0.0
2024-05-14 00:00:00-04:00,5.390631908023686,5.5512797266013685,5.337082635164459,5.542355060577393,1226600,0.0,0.0
2024-05-15 00:00:00-04:00,5.524505046956269,5.694077949271837,5.506655290163671,5.640528678894043,1232600,0.0,0.0
2024-05-16 00:00:00-04:00,5.670276813243368,5.723463843534598,5.517026018854621,5.562099933624268,882600,0.063,0.0
2024-05-17 00:00:00-04:00,5.58914420775614,5.611681166226273,5.535055765341863,5.544070720672607,764900,0.0,0.0
2024-05-20 00:00:00-04:00,5.562100096534731,5.733380375876688,5.544070616070142,5.69732141494751,680000,0.0,0.0
2024-05-21 00:00:00-04:00,5.679292822421914,5.751410755555675,5.638726377569976,5.652248382568359,843500,0.0,0.0
2024-05-22 00:00:00-04:00,5.652247437925817,5.670276918196047,5.345745843475204,5.408849239349365,1103000,0.0,0.0
2024-05-23 00:00:00-04:00,5.47195275375254,5.553085201797639,5.30067247254687,5.336731433868408,925500,0.0,0.0
2024-05-24 00:00:00-04:00,5.318701768140693,5.399834213362746,5.300672288107268,5.363775253295898,1091500,0.0,0.0
2024-05-28 00:00:00-04:00,5.408849822882499,5.7153514504000045,5.408849822882499,5.625203609466553,1126800,0.0,0.0
2024-05-29 00:00:00-04:00,5.6252027843914405,5.647739741319201,5.56209982082175,5.634217739105225,771600,0.0,0.0
2024-05-30 00:00:00-04:00,5.634218156867448,5.719858083714871,5.634218156867448,5.670277118682861,804400,0.0,0.0
2024-05-31 00:00:00-04:00,5.706336563302697,5.949734791078654,5.697322037014505,5.751410484313965,3379300,0.0,0.0
2024-06-03 00:00:00-04:00,5.778453633889897,5.850571552899957,5.535055442302591,5.598158836364746,1355300,0.0,0.0
2024-06-04 00:00:00-04:00,5.526041076034213,5.53505560124097,5.30067235772799,5.408849239349365,1390000,0.0,0.0
2024-06-05 00:00:00-04:00,5.426878778001453,5.449415736045869,5.323209372796549,5.372790336608887,703800,0.0,0.0
2024-06-06 00:00:00-04:00,5.336731375680509,5.408849297537264,5.291657459591677,5.372790336608887,677000,0.0,0.0
2024-06-07 00:00:00-04:00,5.300672135937031,5.399834058345796,5.2285542178736755,5.309686660766602,628500,0.0,0.0
2024-06-10 00:00:00-04:00,5.363775940891759,5.489982747161206,5.3547614146478075,5.46293830871582,710200,0.0,0.0
2024-06-11 00:00:00-04:00,5.489982715172409,5.805498869294059,5.453923750693178,5.787469387054443,1029800,0.0,0.0
2024-06-12 00:00:00-04:00,5.886631502012982,5.958749427880632,5.769439657549678,5.850572109222412,1236900,0.0,0.0
2024-06-13 00:00:00-04:00,5.895645449788119,5.913674929487357,5.701828220628777,5.7604241371154785,1292900,0.0,0.0
2024-06-14 00:00:00-04:00,5.742394439409583,5.742394439409583,5.498996257781982,5.498996257781982,915700,0.0,0.0
2024-06-17 00:00:00-04:00,5.517026403245014,5.535055884437708,5.372790553703468,5.47195291519165,1107800,0.0,0.0
2024-06-18 00:00:00-04:00,5.5170270430141635,5.697322305705354,5.494490081445666,5.652248382568359,760700,0.0,0.0
2024-06-20 00:00:00-04:00,5.670276738619286,5.7604241371154785,5.598158819822332,5.7604241371154785,854100,0.0,0.0
2024-06-21 00:00:00-04:00,5.769439336805866,5.778453862109799,5.688306459786855,5.69732141494751,1448200,0.0,0.0
2024-06-24 00:00:00-04:00,5.742395141119603,5.8821239429511065,5.742395141119603,5.841557502746582,1320200,0.0,0.0
2024-06-25 00:00:00-04:00,5.823528021528653,5.868601939501845,5.7514100966569375,5.841557502746582,578700,0.0,0.0
2024-06-26 00:00:00-04:00,5.832543295493208,5.8505727790242235,5.68830742724509,5.742395877838135,858800,0.0,0.0
2024-06-27 00:00:00-04:00,5.796483113642412,5.796483113642412,5.580129356612231,5.598158836364746,732700,0.0,0.0
2024-06-28 00:00:00-04:00,5.68830734913524,5.7423957989855605,5.5936524544329815,5.652248382568359,1684400,0.0,0.0
2024-07-01 00:00:00-04:00,5.715351368685704,5.724365894736108,5.535056119253305,5.616189002990723,662500,0.0,0.0
2024-07-02 00:00:00-04:00,5.67027759251898,5.719858561694219,5.553085741897398,5.589144706726074,465300,0.0,0.0
2024-07-03 00:00:00-04:00,5.625203375957634,5.8595870648842405,5.625203375957634,5.850572109222412,438200,0.0,0.0
2024-07-05 00:00:00-04:00,5.8145126673162775,5.8145126673162775,5.584636905013419,5.643232822418213,832000,0.0,0.0
2024-07-08 00:00:00-04:00,5.598158779963487,5.679291652960747,5.589143825249703,5.634217739105225,510200,0.0,0.0
2024-07-09 00:00:00-04:00,5.589144565125998,5.674784926816995,5.580130039075594,5.616189002990723,438600,0.0,0.0
2024-07-10 00:00:00-04:00,5.670277013165708,5.859586774102162,5.670277013165708,5.823527812957764,767900,0.0,0.0
2024-07-11 00:00:00-04:00,5.85958716326193,6.148059301432486,5.796483762139909,6.102985382080078,1214700,0.0,0.0
2024-07-12 00:00:00-04:00,6.166088185641052,6.175102710723877,6.00832991305287,6.175102710723877,983500,0.0,0.0
2024-07-15 00:00:00-04:00,6.211161670768597,6.346382985864651,6.170595233254109,6.175102710723877,1107200,0.0,0.0
2024-07-16 00:00:00-04:00,6.175103135951739,6.292294979095459,6.093970685192559,6.292294979095459,928600,0.0,0.0
2024-07-17 00:00:00-04:00,6.310324460359359,6.373427859711379,6.220177054039859,6.292294979095459,788700,0.0,0.0
2024-07-18 00:00:00-04:00,6.265251079668934,6.337369440767178,6.211162631237833,6.256236553192139,649400,0.0,0.0
2024-07-19 00:00:00-04:00,6.211162272697754,6.211162272697754,6.048896936771239,6.102985382080078,847000,0.0,0.0
2024-07-22 00:00:00-04:00,6.111999553537829,6.265249913984479,6.026359203729865,6.238205909729004,735200,0.0,0.0
2024-07-23 00:00:00-04:00,6.211162039799391,6.382442325116635,6.093970627619581,6.3283538818359375,1075900,0.0,0.0
2024-07-24 00:00:00-04:00,6.355397627975565,6.463574502784987,6.310323715209961,6.310323715209961,1087800,0.0,0.0
2024-07-25 00:00:00-04:00,6.310325299642491,6.526679103584685,6.238207364995093,6.490620136260986,1309000,0.0,0.0
2024-07-26 00:00:00-04:00,6.535693028752298,6.626741842395002,6.472589630967646,6.562737464904785,1031400,0.0,0.0
2024-07-29 00:00:00-04:00,6.63485488761511,6.697957850782349,6.166087991905475,6.238205909729004,1537100,0.0,0.0
2024-07-30 00:00:00-04:00,6.220177054039859,6.314831938139519,6.175103135951739,6.292294979095459,676100,0.0,0.0
2024-07-31 00:00:00-04:00,6.42751674784628,6.531186164816331,6.34638386162153,6.45456075668335,1102100,0.0,0.0
2024-08-01 00:00:00-04:00,6.454560434550909,6.572653689549498,6.157073773049403,6.220177173614502,885000,0.0,0.0
2024-08-02 00:00:00-04:00,6.08495596374415,6.130029883566439,5.571115083168434,5.616189002990723,1356200,0.0,0.0
2024-08-05 00:00:00-04:00,5.3908198983811415,5.413356856765476,5.120377257482588,5.381804943084717,1309600,0.0,0.0
2024-08-06 00:00:00-04:00,5.37279041764502,5.517026263533994,5.318701975436655,5.381804943084717,1151300,0.0,0.0
2024-08-07 00:00:00-04:00,5.751409500454474,5.918182291896505,5.607173235806119,5.8325419425964355,1088700,0.0,0.0
2024-08-08 00:00:00-04:00,5.940720412482709,5.958749895364094,5.670277739405162,5.724366188049316,1083300,0.0,0.0
2024-08-09 00:00:00-04:00,5.706335915972834,5.724365396360713,5.521533634532889,5.535055637359619,953300,0.0,0.0
2024-08-12 00:00:00-04:00,5.607174194991969,5.832542940334772,5.589144712558815,5.751410484313965,1115600,0.0,0.0
2024-08-13 00:00:00-04:00,5.679292554581351,5.769439966747119,5.589144712558815,5.751410484313965,813000,0.0,0.0
2024-08-14 00:00:00-04:00,5.82352835529188,5.877616802045632,5.7694399085381285,5.868602275848389,810700,0.0,0.0
2024-08-15 00:00:00-04:00,5.985793571091888,6.008330530901536,5.886631635700243,5.940720081329346,709300,0.0,0.0
2024-08-16 00:00:00-04:00,5.913675054601036,6.057910895246494,5.877616094439672,6.0128374099731445,900000,0.0,0.0
2024-08-19 00:00:00-04:00,6.012837879645199,6.148059205741018,5.886631509222248,5.931704998016357,978100,0.0,0.0
2024-08-20 00:00:00-04:00,5.931705588390077,5.949735071673517,5.634218899284919,5.652248382568359,852400,0.0,0.0
2024-08-21 00:00:00-04:00,5.706335657388699,5.737887139173544,5.566607298178642,5.634217739105225,926100,0.0,0.0
2024-08-22 00:00:00-04:00,5.670276698246962,5.72346372745953,5.589143825249703,5.634217739105225,721100,0.0,0.0
2024-08-23 00:00:00-04:00,5.673376149537465,5.828187445735351,5.664269398356979,5.76444149017334,993500,0.063,0.0
2024-08-26 00:00:00-04:00,5.88282662130259,5.992105029530391,5.830008593722348,5.928359508514404,944800,0.0,0.0
2024-08-27 00:00:00-04:00,5.873719644817218,5.946572348407833,5.846400260925293,5.846400260925293,739900,0.0,0.0
2024-08-28 00:00:00-04:00,5.773548325330362,5.969338701986824,5.747139093909866,5.919252872467041,792200,0.0,0.0
2024-08-29 00:00:00-04:00,5.982998893500412,6.064957485032056,5.932912629206499,6.010318279266357,639100,0.0,0.0
2024-08-30 00:00:00-04:00,5.955678893454457,6.001211780666272,5.846400485226656,5.928359508514404,1005200,0.0,0.0
2024-09-03 00:00:00-04:00,5.800868055664458,5.807242608268966,5.263582289039295,5.354647636413574,1833200,0.0,0.0
2024-09-04 00:00:00-04:00,5.372860184480415,5.427499387602534,5.218048891850853,5.2271552085876465,723600,0.0,0.0
2024-09-05 00:00:00-04:00,5.281795266109053,5.2909015835702515,5.11787720946927,5.136090278625488,798300,0.0,0.0
2024-09-06 00:00:00-04:00,5.154302655946136,5.1998355398419465,4.976725364066755,4.990385055541992,621600,0.0,0.0
2024-09-09 00:00:00-04:00,5.017705347260567,5.227155417134867,5.017705347260567,5.117877006530762,1074900,0.0,0.0
2024-09-10 00:00:00-04:00,5.108770838945458,5.108770838945458,4.853787439172989,4.9175333976745605,1092300,0.0,0.0
2024-09-11 00:00:00-04:00,4.9357463782515865,4.981278832736892,4.853787352250702,4.890213489532471,1077000,0.0,0.0
2024-09-12 00:00:00-04:00,4.926639846373263,5.017705627869901,4.872000638015576,4.972172737121582,1028500,0.0,0.0
2024-09-13 00:00:00-04:00,5.03591884213411,5.145197261991867,5.03591884213411,5.090558052062988,619700,0.0,0.0
2024-09-16 00:00:00-04:00,5.13608966852199,5.218048687106171,5.081450467543793,5.20894193649292,643400,0.0,0.0
2024-09-17 00:00:00-04:00,5.2089426463808985,5.372860705888431,5.195282952833214,5.354647636413574,883900,0.0,0.0
2024-09-18 00:00:00-04:00,5.363753407566243,5.43660567804336,5.2635817527771,5.2635817527771,900900,0.0,0.0
2024-09-19 00:00:00-04:00,5.391073763393105,5.504905555916663,5.354647624524273,5.4821391105651855,1165400,0.0,0.0
2024-09-20 00:00:00-04:00,5.445713101764983,5.445713101764983,5.309114860627355,5.345541000366211,2665300,0.0,0.0
2024-09-23 00:00:00-04:00,5.381967140105067,5.5094590634249,5.309114860627355,5.345541000366211,873400,0.0,0.0
2024-09-24 00:00:00-04:00,5.391073476284136,5.473032501491082,5.300008133961864,5.436605930328369,936700,0.0,0.0
2024-09-25 00:00:00-04:00,5.409286675994259,5.427499744900618,5.145196959735153,5.172516345977783,900600,0.0,0.0
2024-09-26 00:00:00-04:00,5.035918828649285,5.145197248214423,4.985832560673217,5.0268120765686035,996000,0.0,0.0
2024-09-27 00:00:00-04:00,5.099663956656878,5.19983605052545,5.081450888156573,5.1816229820251465,664700,0.0,0.0
2024-09-30 00:00:00-04:00,5.1816227564361075,5.2508322400306096,5.126983553313989,5.2271552085876465,807200,0.0,0.0
2024-10-01 00:00:00-04:00,5.1543031748936565,5.445712705852369,5.13609010634835,5.372860431671143,907800,0.0,0.0
2024-10-02 00:00:00-04:00,5.509458131256428,5.5549905811092515,5.436605429871135,5.473031997680664,851600,0.0,0.0
2024-10-03 00:00:00-04:00,5.482138020149685,5.732568000736921,5.427498822714355,5.718908309936523,964200,0.0,0.0
2024-10-04 00:00:00-04:00,5.809974536842157,5.809974536842157,5.657895001290095,5.755335330963135,832500,0.0,0.0
2024-10-07 00:00:00-04:00,5.828188217787149,5.873720677019808,5.764442253780801,5.8099751472473145,808300,0.0,0.0
2024-10-08 00:00:00-04:00,5.6551631303012435,5.709802335155144,5.502173009323281,5.66426944732666,859700,0.0,0.0
2024-10-09 00:00:00-04:00,5.591417659609636,5.639682316465724,5.532225073987295,5.536778450012207,557500,0.0,0.0
2024-10-10 00:00:00-04:00,5.545884675341611,5.646056332972842,5.48213871974863,5.6369500160217285,533700,0.0,0.0
2024-10-11 00:00:00-04:00,5.600524367759601,5.737122607799364,5.600524367759601,5.7006964683532715,712400,0.0,0.0
2024-10-14 00:00:00-04:00,5.618737229965215,5.650609992244926,5.482138994970449,5.491245746612549,496000,0.0,0.0
2024-10-15 00:00:00-04:00,5.400179542804802,5.404732918268068,5.199835798992731,5.2635817527771,887100,0.0,0.0
2024-10-16 00:00:00-04:00,5.28179513354874,5.436606000374302,5.28179513354874,5.400179862976074,791200,0.0,0.0
2024-10-17 00:00:00-04:00,5.400179967126826,5.536778202121591,5.3819668980764455,5.491245746612549,571200,0.0,0.0
2024-10-18 00:00:00-04:00,5.4821391105651855,5.491245862399308,5.391984351729752,5.4821391105651855,810800,0.0,0.0
2024-10-21 00:00:00-04:00,5.536778048578903,5.536778048578903,5.354647363125836,5.372860431671143,705800,0.0,0.0
2024-10-22 00:00:00-04:00,5.409286568761756,5.491245594332539,5.3318809188857506,5.372860431671143,555500,0.0,0.0
2024-10-23 00:00:00-04:00,5.336434785459998,5.363754173674066,5.155214237395492,5.2453694343566895,679700,0.0,0.0
2024-10-24 00:00:00-04:00,5.2453694343566895,5.300008645018674,5.1543036490195355,5.2453694343566895,567300,0.0,0.0
2024-10-25 00:00:00-04:00,5.245369274821952,5.259028968513536,5.0131523108958715,5.063238143920898,916900,0.0,0.0
2024-10-28 00:00:00-04:00,4.899320328707514,4.953959535608654,4.835574370205943,4.9175333976745605,814400,0.0,0.0
2024-10-29 00:00:00-04:00,4.872000926926985,4.916623231983869,4.790042326647194,4.826468467712402,669900,0.0,0.0
2024-10-30 00:00:00-04:00,4.853787624612025,4.935746655211889,4.83375337825301,4.872000694274902,643200,0.0,0.0
2024-10-31 00:00:00-04:00,4.8902139233325626,4.953959886347326,4.803701948172527,4.862894535064697,600400,0.0,0.0
2024-11-01 00:00:00-04:00,4.926639962542332,4.953959784482284,4.739955887693143,4.771828651428223,637400,0.0,0.0
2024-11-04 00:00:00-05:00,4.799148146328048,4.972172515533355,4.771828326249817,4.890213489532471,600000,0.0,0.0
2024-11-05 00:00:00-05:00,4.890213577107082,4.944852784008222,4.835574370205943,4.9175333976745605,727500,0.0,0.0
2024-11-06 00:00:00-05:00,5.104216772719868,5.21804854692483,4.999491314649748,5.154302597045898,1070600,0.0,0.0
2024-11-07 00:00:00-05:00,5.154303419502133,5.186176616644386,5.0632380724539,5.099664211273193,735900,0.0,0.0
2024-11-08 00:00:00-05:00,5.06323748512413,5.117876687014986,5.035918101295591,5.108770370483398,822400,0.0,0.0
2024-11-11 00:00:00-05:00,5.099663755903563,5.115145058924597,5.026811484770251,5.035918235778809,817200,0.0,0.0
2024-11-12 00:00:00-05:00,5.063237995458865,5.354647535815668,4.908426690714119,4.944852828979492,1379300,0.0,0.0
2024-11-13 00:00:00-05:00,4.9175338203754215,4.958513337632243,4.7262963626661545,4.826468467712402,1246000,0.0,0.0
2024-11-14 00:00:00-05:00,4.8993207498428175,4.967619655781618,4.762722503731362,4.826468467712402,1123900,0.0,0.0
2024-11-15 00:00:00-05:00,4.881106782619523,4.98583181038487,4.780934695975531,4.790041446685791,888800,0.0,0.0
2024-11-18 00:00:00-05:00,4.844681035047164,4.9357463782515865,4.844681035047164,4.890213489532471,1022400,0.0,0.0
2024-11-19 00:00:00-05:00,4.8082553242951205,4.862894535064697,4.7399559851577635,4.862894535064697,820000,0.0,0.0
2024-11-20 00:00:00-05:00,4.844681538245006,4.8628946087776095,4.717189610282926,4.826468467712402,1100800,0.0,0.0
2024-11-21 00:00:00-05:00,4.862894505330776,4.972172926201753,4.808255294895288,4.926640033721924,998300,0.0,0.0
2024-11-22 00:00:00-05:00,4.920190258480985,4.984686851501465,4.828051515280147,4.984686851501465,1356200,0.063,0.0
2024-11-25 00:00:00-05:00,4.993900630146595,5.039969559893112,4.809623593110335,4.818837642669678,1090300,0.0,0.0
2024-11-26 00:00:00-05:00,4.8464789993639785,4.855692608902866,4.699057292591479,4.717484951019287,872300,0.0,0.0
2024-11-27 00:00:00-05:00,4.72669916251022,4.846479166086514,4.689843844386752,4.708271503448486,700200,0.0,0.0
2024-11-29 00:00:00-05:00,4.717484951019287,4.781981975191633,4.68984368305259,4.717484951019287,361400,0.0,0.0
2024-12-02 00:00:00-05:00,4.708271406875648,4.772767992593782,4.634560772140615,4.745126724243164,973500,0.0,0.0
2024-12-03 00:00:00-05:00,4.8004098038562955,4.837265122018912,4.570063845664919,4.616133213043213,1157700,0.0,0.0
2024-12-04 00:00:00-05:00,4.60691950049232,4.60691950049232,4.381180550412215,4.441070556640625,1746100,0.0,0.0
2024-12-05 00:00:00-05:00,4.450284167179568,4.519388223297001,4.413428846323636,4.441070556640625,1216500,0.0,0.0
2024-12-06 00:00:00-05:00,4.431856155395508,4.441070204554045,4.256793175533725,4.431856155395508,1413200,0.0,0.0
2024-12-09 00:00:00-05:00,4.542422789686731,4.57927811314199,4.422643208132195,4.450284481048584,933000,0.0,0.0
2024-12-10 00:00:00-05:00,4.459497928619385,4.523994516270458,4.4042149509112996,4.459497928619385,840800,0.0,0.0
2024-12-11 00:00:00-05:00,4.487139746126104,4.652067382345194,4.367359726779796,4.606919765472412,1812900,0.0,0.0
2024-12-12 00:00:00-05:00,4.597705147381253,4.680629833513197,4.524915827588784,4.551636219024658,1087200,0.0,0.0
2024-12-13 00:00:00-05:00,4.597705338131306,4.605998070698582,4.533208747886222,4.570064067840576,622100,0.0,0.0
2024-12-16 00:00:00-05:00,4.523994386580625,4.523994386580625,4.289041847894186,4.312076091766357,799000,0.0,0.0
2024-12-17 00:00:00-05:00,4.2567930210692815,4.376573019683576,4.21993770447258,4.348931312561035,1064100,0.0,0.0
2024-12-18 00:00:00-05:00,4.385788212576813,4.385788212576813,4.021841097383226,4.0356621742248535,1473000,0.0,0.0
2024-12-19 00:00:00-05:00,4.1277990995124085,4.158204755363158,3.9527361392974854,3.9527361392974854,1266300,0.0,0.0
2024-12-20 00:00:00-05:00,3.9066676698141545,4.044875347803355,3.888240008705601,3.9711647033691406,1532700,0.0,0.0
2024-12-23 00:00:00-05:00,3.9711643399723626,4.026447318239141,3.9204883863986635,3.9803783893585205,1004600,0.0,0.0
2024-12-24 00:00:00-05:00,3.980378227268419,4.004334227476819,3.8974535435701068,3.9895918369293213,522600,0.0,0.0
2024-12-26 00:00:00-05:00,3.9711644387094625,4.008019758470334,3.892846774380094,3.9435231685638428,775700,0.0,0.0
2024-12-27 00:00:00-05:00,3.9343092944610523,3.971164615866067,3.823743330246008,3.915881633758545,1091500,0.0,0.0
2024-12-30 00:00:00-05:00,3.952737082263252,3.971164743558298,3.869812386760494,3.906667709350586,1586900,0.0,0.0
2024-12-31 00:00:00-05:00,3.952736658858054,4.058696029467098,3.934308999536923,4.026447296142578,916500,0.0,0.0
2025-01-02 00:00:00-05:00,4.146228045532985,4.169262733655973,4.008020356145193,4.072517395019531,867400,0.0,0.0
2025-01-03 00:00:00-05:00,4.109371949332352,4.118585559242936,4.017233653476255,4.090944290161133,744800,0.0,0.0
2025-01-06 00:00:00-05:00,4.118585615350437,4.146227324158854,3.9665573152792835,3.9803783893585205,794200,0.0,0.0
2025-01-07 00:00:00-05:00,3.9988064765930176,4.044875410402322,3.962872470972705,3.9988064765930176,688200,0.0,0.0
2025-01-08 00:00:00-05:00,3.9711647648273525,4.008020087614837,3.920488805832087,3.9988064765930176,644700,0.0,0.0
2025-01-10 00:00:00-05:00,4.063302204683875,4.183082197857099,4.044874547222611,4.14622688293457,1015200,0.0,0.0
2025-01-13 00:00:00-05:00,4.238365939001943,4.376573614704742,4.210724667471437,4.219938278198242,1069800,0.0,0.0
2025-01-14 00:00:00-05:00,4.247579411595121,4.358145361385225,4.173868778401718,4.348931312561035,1548800,0.0,0.0
2025-01-15 00:00:00-05:00,4.422643060906781,4.441070722020972,4.275221332643157,4.367359638214111,1349200,0.0,0.0
2025-01-16 00:00:00-05:00,4.321290606672622,4.321290606672622,4.164655271094816,4.192296981811523,766100,0.0,0.0
2025-01-17 00:00:00-05:00,4.2015104031164,4.238365722844169,4.146227423524745,4.1738691329956055,565000,0.0,0.0
2025-01-21 00:00:00-05:00,4.192296629815035,4.229151948109449,4.090944284830372,4.183082580566406,698200,0.0,0.0
2025-01-22 00:00:00-05:00,4.173869759150597,4.183083370789713,4.063303344030283,4.072517395019531,894100,0.0,0.0
2025-01-23 00:00:00-05:00,4.100158775418537,4.183083479067723,4.0172345111194945,4.0356621742248535,773000,0.0,0.0
2025-01-24 00:00:00-05:00,4.044875347803355,4.090944720249788,3.961951092489912,3.9711647033691406,786400,0.0,0.0
2025-01-27 00:00:00-05:00,3.971164743558298,4.00802006614839,3.865205800949308,3.906667709350586,821500,0.0,0.0
2025-01-28 00:00:00-05:00,3.934309039675751,3.97116435869402,3.8338780097734286,3.86981201171875,698300,0.0,0.0
2025-01-29 00:00:00-05:00,3.842170666582573,3.8698119356277436,3.777673639893759,3.86059832572937,1148900,0.0,0.0
2025-01-30 00:00:00-05:00,3.906666896872064,3.906666896872064,3.8329562670216495,3.851383924484253,547300,0.0,0.0
2025-01-31 00:00:00-05:00,3.860598652588519,3.869812263266967,3.7316050276396435,3.7776739597320557,866300,0.0,0.0
2025-02-03 00:00:00-05:00,3.7776737439908556,3.7776737439908556,3.648680126408746,3.731604814529419,958600,0.0,0.0
2025-02-04 00:00:00-05:00,3.6855358483195895,3.860598853836783,3.6763220174857927,3.8421711921691895,809800,0.0,0.0
2025-02-05 00:00:00-05:00,3.8145290554513265,3.860598424168034,3.796101395834656,3.8237431049346924,587100,0.0,0.0
2025-02-06 00:00:00-05:00,3.8513846025599845,3.860598652588519,3.7592462990250732,3.7776739597320557,465900,0.0,0.0
2025-02-07 00:00:00-05:00,3.8053156704675724,3.823743331174555,3.7408186383180912,3.7776739597320557,466200,0.0,0.0
2025-02-10 00:00:00-05:00,3.832956769931161,3.9619508284442784,3.832956769931161,3.9435231685638428,612900,0.0,0.0
2025-02-11 00:00:00-05:00,3.9435234313813585,3.994199389592357,3.9343093811520333,3.9711647033691406,544500,0.0,0.0
2025-02-12 00:00:00-05:00,3.925095429596213,3.9527366991848853,3.855991376924414,3.86981201171875,784800,0.0,0.0
2025-02-13 00:00:00-05:00,3.860597854802788,3.9711637961964246,3.8375631738416143,3.9527361392974854,673700,0.0,0.0
2025-02-14 00:00:00-05:00,3.9803780559769635,4.044874638877851,3.97116400736254,4.017233371734619,479500,0.0,0.0
2025-02-18 00:00:00-05:00,4.035661029613447,4.077123369678314,3.9435227402193083,4.017233371734619,665400,0.0,0.0
2025-02-19 00:00:00-05:00,4.035661498890478,4.13701340933448,4.035661498890478,4.109372138977051,683700,0.0,0.0
2025-02-20 00:00:00-05:00,4.090944290161133,4.132406633133889,4.063302581729278,4.090944290161133,581200,0.0,0.0
2025-02-21 00:00:00-05:00,4.1001587151739605,4.1001587151739605,3.98959273816638,4.008020401000977,766200,0.0,0.0
2025-02-24 00:00:00-05:00,4.017233371734619,4.044874638877851,3.9435227402193083,4.017233371734619,555800,0.0,0.0
2025-02-25 00:00:00-05:00,4.00802006614839,4.017234116470964,3.897454098378114,3.906667709350586,728500,0.0,0.0
2025-02-26 00:00:00-05:00,3.915881724091923,3.915881724091923,3.7776740459598357,3.8329570293426514,685900,0.0,0.0
2025-02-27 00:00:00-05:00,3.8513845255918495,3.924173849832281,3.768460273742676,3.768460273742676,685700,0.0,0.0
2025-02-28 00:00:00-05:00,3.7525518246570755,3.75629474697962,3.5841078258858943,3.7431936264038086,1171800,0.063,0.0
2025-03-03 00:00:00-05:00,3.789983760206296,3.8461316115738056,3.4718121562336166,3.490528106689453,1369800,0.0,0.0
2025-03-04 00:00:00-05:00,3.4437382305498616,3.5653919085127996,3.340800279931032,3.490528106689453,1441100,0.0,0.0
2025-03-05 00:00:00-05:00,3.4624540349781516,3.49988593431115,3.3595160887006865,3.4718120098114014,927900,0.0,0.0
2025-03-06 00:00:00-05:00,3.481170131461535,3.4998860819173716,3.39694835441027,3.490528106689453,691800,0.0,0.0
2025-03-07 00:00:00-05:00,3.5279598892864055,3.6496137862812503,3.4998859645441462,3.6121816635131836,825000,0.0,0.0
2025-03-10 00:00:00-04:00,3.6308979988098145,3.724477752135127,3.607502948922621,3.6308979988098145,995400,0.0,0.0
2025-03-11 00:00:00-04:00,3.6964036864142304,3.7946623121357868,3.621539663472094,3.6589717864990234,745500,0.0,0.0
2025-03-12 00:00:00-04:00,3.677687746056597,3.7291564970184954,3.6121816979222703,3.705761671066284,672900,0.0,0.0
2025-03-13 00:00:00-04:00,3.715119695916356,3.771267769800809,3.518601995100087,3.54667592048645,847200,0.0,0.0
2025-03-14 00:00:00-04:00,3.7712674885683475,4.123127594905786,3.7572301922543714,4.052006721496582,1717700,0.0,0.0
2025-03-17 00:00:00-04:00,4.08008113793262,4.089438889871174,3.6823666405164577,3.7993414402008057,1772300,0.0,0.0
2025-03-18 00:00:00-04:00,3.799341349008941,3.8508100989942586,3.7431935000549297,3.8180572986602783,985700,0.0,0.0
2025-03-19 00:00:00-04:00,3.7806254042376253,3.8742051526151036,3.7572303555873963,3.7712676525115967,1216600,0.0,0.0
2025-03-20 00:00:00-04:00,3.7525518623676115,3.7525518623676115,3.668329862135648,3.6870458126068115,781600,0.0,0.0
2025-03-21 00:00:00-04:00,3.658971832365394,3.7057617078459284,3.6215397088692414,3.649613857269287,1661900,0.0,0.0
2025-03-24 00:00:00-04:00,3.658971924807408,3.761909653465252,3.60282384970049,3.6308979988098145,2494200,0.0,0.0
2025-03-25 00:00:00-04:00,3.602824066031412,3.6589721445097316,3.5747501383481244,3.5841081142425537,1186800,0.0,0.0
2025-03-26 00:00:00-04:00,3.6028237342834473,3.677687757657147,3.584107784217953,3.6028237342834473,1049900,0.0,0.0
2025-03-27 00:00:00-04:00,3.6028236685823747,3.677687690590855,3.570070868120902,3.6683297157287598,1008100,0.0,0.0
2025-03-28 00:00:00-04:00,3.668329725823972,3.682366576599884,3.509243929618834,3.565391778945923,1004200,0.0,0.0
2025-03-31 00:00:00-04:00,3.518602132797241,3.584107961262264,3.434380353342212,3.518602132797241,1337100,0.0,0.0
2025-04-01 00:00:00-04:00,3.5092441188470453,3.602823872771607,3.490528168062133,3.5747499465942383,890800,0.0,0.0
2025-04-02 00:00:00-04:00,3.518601949684183,3.5700709237840496,3.499885999668181,3.5560338497161865,622100,0.0,0.0
2025-04-03 00:00:00-04:00,3.4063061630747082,3.4063061630747082,3.2285044193267822,3.2285044193267822,1720600,0.0,0.0
2025-04-04 00:00:00-04:00,3.088134952365605,3.1236953947092254,2.9009752109561076,3.0507030487060547,2152400,0.0,0.0
2025-04-07 00:00:00-04:00,2.9290490118136345,3.2285044284191597,2.914076207516601,3.1255664825439453,1461600,0.0,0.0
2025-04-08 00:00:00-04:00,3.2004306415191968,3.2191465919165947,2.8073952369503896,2.900974988937378,1745400,0.0,0.0
2025-04-09 00:00:00-04:00,2.854185063280828,3.2565784360466563,2.8120742871752777,3.2097885608673096,1200200,0.0,0.0
2025-04-10 00:00:00-04:00,3.0881347971506803,3.0881347971506803,2.89161708970361,2.985197067260742,845300,0.0,0.0
2025-04-11 00:00:00-04:00,2.994555019606899,3.15831970017902,2.994555019606899,3.1349246501922607,1354200,0.0,0.0
2025-04-14 00:00:00-04:00,3.1910726228368254,3.221953962882895,3.017949749352392,3.1068506240844727,731200,0.0,0.0
2025-04-15 00:00:00-04:00,3.0974924901872254,3.1676774111781643,3.0132707188651273,3.04134464263916,1075500,0.0,0.0
2025-04-16 00:00:00-04:00,3.050702753091192,3.2004305763324266,3.0319868030750032,3.162998676300049,685000,0.0,0.0
2025-04-17 00:00:00-04:00,3.1817148778694992,3.2940105868449745,3.1676778026916943,3.2565786838531494,730900,0.0,0.0
2025-04-21 00:00:00-04:00,3.1910726787088675,3.2238254804756026,3.116208653716912,3.144282579421997,663300,0.0,0.0
2025-04-22 00:00:00-04:00,3.1817147350084354,3.270615389066452,3.134924635257819,3.2378625869750977,773000,0.0,0.0
2025-04-23 00:00:00-04:00,3.2940102316252444,3.3080473052893185,3.153640387431374,3.1817145347595215,716100,0.0,0.0
2025-04-24 00:00:00-04:00,3.1817145904861976,3.247220414805182,3.1723566155834857,3.219146490097046,509500,0.0,0.0
2025-04-25 00:00:00-04:00,3.1910728941892175,3.228504797656957,3.1489618912321387,3.2004308700561523,495900,0.0,0.0
2025-04-28 00:00:00-04:00,3.200430495015802,3.2565783436377624,3.1723565707048214,3.2285044193267822,427600,0.0,0.0
2025-04-29 00:00:00-04:00,3.1817145347595215,3.2097884589759524,3.1583194863566373,3.1817145347595215,397600,0.0,0.0
2025-04-30 00:00:00-04:00,3.1442825149043165,3.1536404899473283,3.041344789431189,3.060060739517212,598700,0.0,0.0
2025-05-01 00:00:00-04:00,3.0600607280992866,3.209788551340521,3.0600607280992866,3.162998676300049,738100,0.0,0.0
2025-05-02 00:00:00-04:00,3.1817146263162375,3.219146526348615,3.116208578147853,3.162998676300049,785100,0.0,0.0
2025-05-05 00:00:00-04:00,3.1255665181669707,3.1592552724413285,3.050702718940274,3.0694186687469482,595100,0.0,0.0
2025-05-06 00:00:00-04:00,3.088134957343344,3.1629989878948623,3.0694190054834003,3.0974929332733154,838500,0.0,0.0
2025-05-07 00:00:00-04:00,3.134924388552603,3.134924388552603,3.0039127442737827,3.04134464263916,908300,0.0,0.0
2025-05-08 00:00:00-04:00,3.078776643444644,3.247220414805182,3.078776643444644,3.219146490097046,1004700,0.0,0.0
2025-05-09 00:00:00-04:00,3.134924537468631,3.34080021136948,3.134924537468631,3.2097885608673096,646000,0.0,0.0
2025-05-12 00:00:00-04:00,3.3969483040041424,3.4764909807052775,3.2752944047346553,3.303368330001831,1299000,0.0,0.0
2025-05-13 00:00:00-04:00,3.331442541981221,3.630898216826444,3.331442541981221,3.5841081142425537,1301600,0.0,0.0
2025-05-14 00:00:00-04:00,3.5373179885555053,3.5373179885555053,3.3314423100962878,3.3408002853393555,1042400,0.0,0.0
2025-05-15 00:00:00-04:00,3.312726351210776,3.322084326430117,3.251899400729198,3.2940104007720947,825500,0.0,0.0
2025-05-16 00:00:00-04:00,3.294010299458864,3.34080017411646,3.2285044749382297,3.2659363746643066,684700,0.0,0.0
2025-05-19 00:00:00-04:00,3.2285045109390484,3.2285045109390484,3.162998685687963,3.2097885608673096,984100,0.0,0.0
2025-05-20 00:00:00-04:00,3.2004306072560302,3.2097885823545442,3.144282533553219,3.1536405086517334,653500,0.0,0.0
2025-05-21 00:00:00-04:00,3.1255667138412018,3.1536406403087645,3.0787768363952637,3.0787768363952637,902900,0.0,0.0
2025-05-22 00:00:00-04:00,3.0787769764507176,3.0834560759640337,3.0039131691316165,3.0507030487060547,1093500,0.0,0.0
2025-05-23 00:00:00-04:00,3.015396051336709,3.091735117000709,2.9963112849207088,3.063107967376709,1066300,0.063,0.0
2025-05-27 00:00:00-04:00,3.0821925947037756,3.1489892741454675,3.048794141228754,3.1299045085906982,1326300,0.0,0.0
2025-05-28 00:00:00-04:00,3.1489892651297153,3.1776164133799076,3.0965060462501874,3.1012773513793945,860100,0.0,0.0
2025-05-29 00:00:00-04:00,3.110819898544911,3.153760736943917,3.0631079822728835,3.1203622817993164,906200,0.0,0.0
2025-05-30 00:00:00-04:00,3.072650501761487,3.0821928854389795,3.015396199696531,3.0249385833740234,3515800,0.0,0.0
2025-06-02 00:00:00-04:00,3.053565437629074,3.1680740306298434,3.04402305487901,3.1012773513793945,1103800,0.0,0.0
2025-06-03 00:00:00-04:00,3.1108197084109332,3.2730404413292233,3.072650177726241,3.2348709106445312,1034600,0.0,0.0
2025-06-04 00:00:00-04:00,3.2157861294184786,3.330294956516507,3.168074212922785,3.177616596221924,807300,0.0,0.0
2025-06-05 00:00:00-04:00,3.1871589867914154,3.2634982808670294,3.1489894535077902,3.2062437534332275,1029700,0.0,0.0
2025-06-06 00:00:00-04:00,3.2634979948877567,3.354150742246677,3.244413229918336,3.2825827598571777,975600,0.0,0.0
2025-06-09 00:00:00-04:00,3.3016677944804127,3.4543459267053067,3.2730406446882454,3.3970916271209717,929300,0.0,0.0
2025-06-10 00:00:00-04:00,3.425718655966389,3.568854627382101,3.4114051953298303,3.4925155639648438,1193700,0.0,0.0
2025-06-11 00:00:00-04:00,3.540227592154171,3.6356514244864817,3.5020580592212465,3.6165666580200195,1026400,0.0,0.0
2025-06-12 00:00:00-04:00,3.568854652604159,3.5879394185933506,3.5211427376311804,3.578397035598755,732400,0.0,0.0
2025-06-13 00:00:00-04:00,3.731075416153136,3.7597025653297558,3.5783970597028074,3.664278507232666,1431400,0.0,0.0
2025-06-16 00:00:00-04:00,3.68336343084193,3.769245109552235,3.6165667465737568,3.654736280441284,1048300,0.0,0.0
2025-06-17 00:00:00-04:00,3.6642784692194574,3.8169568240859015,3.6261089373799353,3.769244909286499,856700,0.0,0.0
2025-06-18 00:00:00-04:00,3.759702517952448,3.85035504211522,3.7215329861979427,3.7406177520751953,1081300,0.0,0.0
2025-06-20 00:00:00-04:00,3.778787493019117,3.778787493019117,3.6404228189951455,3.654736280441284,882200,0.0,0.0
2025-06-23 00:00:00-04:00,3.6929055371905246,3.758748046423651,3.5116002649250464,3.5402274131774902,942400,0.0,0.0
2025-06-24 00:00:00-04:00,3.4543460531637757,3.5879396512595836,3.4543460531637757,3.5497701168060303,1262300,0.0,0.0
2025-06-25 00:00:00-04:00,3.5306849283952477,3.5402273108703017,3.4543456410864692,3.473430633544922,898100,0.0,0.0
2025-06-26 00:00:00-04:00,3.492515335845922,3.5402272473653325,3.459116884028165,3.5211424827575684,665300,0.0,0.0
2025-06-27 00:00:00-04:00,3.5497699604044577,3.607024259562184,3.51160042763264,3.559312343597412,1806300,0.0,0.0
2025-06-30 00:00:00-04:00,3.5402275346236,3.5402275346236,3.4400323985487162,3.444803476333618,731200,0.0,0.0
2025-07-01 00:00:00-04:00,3.444803358160993,3.6070240924331927,3.3780066789052907,3.5402274131774902,735800,0.0,0.0
2025-07-02 00:00:00-04:00,3.59748192405042,3.7263042126169017,3.5364107163077434,3.7024483680725098,578500,0.0,0.0
2025-07-03 00:00:00-04:00,3.7024483680725098,3.7072194459780423,3.6499651460614646,3.7024483680725098,394700,0.0,0.0
2025-07-07 00:00:00-04:00,3.664278663908166,3.769245109552235,3.5831685181938537,3.654736280441284,796600,0.0,0.0
2025-07-08 00:00:00-04:00,3.6642786283329585,3.826499600711739,3.65473624495872,3.788329839706421,665200,0.0,0.0
2025-07-09 00:00:00-04:00,3.7787873230964917,3.7787873230964917,3.607024200908008,3.6356513500213623,2004200,0.0,0.0
2025-07-10 00:00:00-04:00,3.626108902032837,3.6929055821008707,3.5612207895415176,3.683363199234009,665900,0.0,0.0
2025-07-11 00:00:00-04:00,3.6833631457158145,3.759702435049876,3.654735997531173,3.7310752868652344,805800,0.0,0.0
2025-07-14 00:00:00-04:00,3.7024482420368563,3.7024482420368563,3.578397035598755,3.578397035598755,1162200,0.0,0.0
2025-07-15 00:00:00-04:00,3.5783972297349833,3.607024380271859,3.4352612495422363,3.4352612495422363,998000,0.0,0.0
2025-07-16 00:00:00-04:00,3.4543460924283087,3.47343108738039,3.4018630957123,3.4161765575408936,1106300,0.0,0.0
2025-07-17 00:00:00-04:00,3.3970915609428065,3.482973236154626,3.378006794786482,3.444803476333618,697400,0.0,0.0
2025-07-18 00:00:00-04:00,3.4829732197515937,3.4991952481572364,3.3875491619110107,3.3875491619110107,1058500,0.0,0.0
2025-07-21 00:00:00-04:00,3.425718769367899,3.4638885298484157,3.36369339204233,3.368464469909668,919700,0.0,0.0
2025-07-22 00:00:00-04:00,3.37800664195355,3.478201773495252,3.37800664195355,3.454345703125,691100,0.0,0.0
2025-07-23 00:00:00-04:00,3.4829732135973575,3.626108958842782,3.4257186879908303,3.6070241928100586,756200,0.0,0.0
2025-07-24 00:00:00-04:00,3.587939596173111,3.654736280441284,3.5593124457724654,3.654736280441284,481700,0.0,0.0
2025-07-25 00:00:00-04:00,3.6547361833014897,3.664278566514743,3.5783971175954625,3.587939500808716,379500,0.0,0.0
2025-07-28 00:00:00-04:00,3.6165666906892793,3.7215331347113687,3.6165666906892793,3.7024483680725098,642600,0.0,0.0
2025-07-29 00:00:00-04:00,3.7024481386805923,3.759702435049876,3.664278380259387,3.7310752868652344,579600,0.0,0.0
2025-07-30 00:00:00-04:00,3.731075575684707,3.7453890371308463,3.6213380520613816,3.654736280441284,613800,0.0,0.0
2025-07-31 00:00:00-04:00,3.6261091857131373,3.673821103780079,3.5306853495792536,3.5497701168060303,542700,0.0,0.0
2025-08-01 00:00:00-04:00,3.530685312173524,3.540227695685816,3.4161764825176526,3.4352612495422363,713200,0.0,0.0
2025-08-04 00:00:00-04:00,3.4352609285343005,3.454345693775508,3.4066337806724882,3.4257185459136963,456500,0.0,0.0
2025-08-05 00:00:00-04:00,3.435261199881633,3.5116004943847656,3.416176433132941,3.5116004943847656,478200,0.0,0.0
2025-08-06 00:00:00-04:00,3.5116004872382396,3.5974819374325735,3.482973337173462,3.482973337173462,365400,0.0,0.0
2025-08-07 00:00:00-04:00,3.5306852203261165,3.587939519910452,3.3780068605928597,3.3970916271209717,762000,0.0,0.0
2025-08-08 00:00:00-04:00,3.568854652604159,3.645193716560925,3.449574751417534,3.578397035598755,1158200,0.0,0.0
2025-08-11 00:00:00-04:00,3.607024380271859,3.6451939143210264,3.4352612495422363,3.4352612495422363,1090800,0.0,0.0
2025-08-12 00:00:00-04:00,3.482973221416806,3.654736116096932,3.4362154762791532,3.6356513500213623,810800,0.0,0.0
2025-08-13 00:00:00-04:00,3.6261090336617294,3.6700040419443676,3.502058051889435,3.587939500808716,1042000,0.0,0.0
2025-08-14 00:00:00-04:00,3.5402275847424485,3.5927108061695234,3.487744363315374,3.587939500808716,973000,0.0,0.0
2025-08-15 00:00:00-04:00,3.568854719075413,3.607024251764718,3.5020580368691294,3.5306851863861084,1991500,0.0,0.0
2025-08-18 00:00:00-04:00,3.5306851863861084,3.5974818685923915,3.454345893499138,3.5306851863861084,727200,0.0,0.0
2025-08-19 00:00:00-04:00,3.5306851863861084,3.5879394854200655,3.5020580368691294,3.5306851863861084,587300,0.0,0.0
2025-08-20 00:00:00-04:00,3.559312343597412,3.607024259562184,3.5259138886678913,3.559312343597412,700400,0.0,0.0
2025-08-21 00:00:00-04:00,3.5593122219648037,3.6929055821008707,3.54022745623108,3.683363199234009,1095300,0.0,0.0
2025-08-22 00:00:00-04:00,3.695974136042338,3.8802878651446733,3.695974136042338,3.841485023498535,1362900,0.063,0.0
2025-08-25 00:00:00-04:00,3.8220836920098726,3.8608865345629577,3.754178486258788,3.783280849456787,680800,0.0,0.0
2025-08-26 00:00:00-04:00,3.7444778396540688,3.7920113919794156,3.666872153220779,3.6862735748291016,755100,0.0,0.0
2025-08-27 00:00:00-04:00,3.6668718945208205,3.7784301765397674,3.6571711844010504,3.754178285598755,780000,0.0,0.0
2025-08-28 00:00:00-04:00,3.754178486258788,3.7929815600950585,3.6911239827516167,3.783280849456787,488700,0.0,0.0
2025-08-29 00:00:00-04:00,3.792981670343104,3.8414852249442806,3.75417859537897,3.7638795375823975,541100,0.0,0.0
2025-09-02 00:00:00-04:00,3.754178505524583,3.8317844223121993,3.7444777948365293,3.8220837116241455,592200,0.0,0.0
2025-09-03 00:00:00-04:00,3.7735802690430877,3.8414852458543574,3.6862736390025477,3.695974349975586,665300,0.0,0.0
2025-09-04 00:00:00-04:00,3.7056749520843146,3.8220837116241455,3.6668721093320995,3.8220837116241455,639700,0.0,0.0
2025-09-05 00:00:00-04:00,3.7735801572470344,3.822083710675261,3.676572819107394,3.7153756618499756,739400,0.0,0.0
2025-09-08 00:00:00-04:00,3.725076418045746,3.7832809141539028,3.666872153220779,3.6862735748291016,569000,0.0,0.0
2025-09-09 00:00:00-04:00,3.686273485457019,3.841485085843751,3.686273485457019,3.7444777488708496,712900,0.0,0.0
2025-09-10 00:00:00-04:00,3.754178355627553,3.870587110519409,3.7347769350261064,3.870587110519409,594100,0.0,0.0
2025-09-11 00:00:00-04:00,3.8414850438145436,3.889988827411912,3.7978317310901843,3.8802878856658936,600200,0.0,0.0
2025-09-12 00:00:00-04:00,3.9093903780266976,3.9869960643038684,3.894838964924945,3.8996894359588623,738000,0.0,0.0
2025-09-15 00:00:00-04:00,3.909390340017653,3.977295083566785,3.8317844232118166,3.9287917613983154,624000,0.0,0.0
2025-09-16 00:00:00-04:00,3.9578937185391556,4.161608877219822,3.9481932389938943,4.1519083976745605,1201000,0.0,0.0
2025-09-17 00:00:00-04:00,4.132506754474333,4.219812915966728,4.064601551032376,4.08400297164917,694300,0.0,0.0
2025-09-18 00:00:00-04:00,4.093703328414573,4.181009949865883,4.064601429641698,4.171309471130371,595300,0.0,0.0
2025-09-19 00:00:00-04:00,4.151908437942824,4.18101033942724,4.011248013924457,4.0160980224609375,1156400,0.0,0.0
2025-09-22 00:00:00-04:00,4.016098075729055,4.0646018622682645,3.957893809421839,3.9869961738586426,671900,0.0,0.0
2025-09-23 00:00:00-04:00,4.02579880030703,4.229513952646482,4.02579880030703,4.132506847381592,916600,0.0,0.0
2025-09-24 00:00:00-04:00,4.181009949865883,4.263466100666266,4.171309471130371,4.171309471130371,528400,0.0,0.0
2025-09-25 00:00:00-04:00,4.1422071820987005,4.175189550481336,4.068481507129936,4.113104820251465,636400,0.0,0.0
2025-09-26 00:00:00-04:00,4.1325070144369365,4.258616025096029,4.098554179296918,4.122806072235107,706500,0.0,0.0
2025-09-29 00:00:00-04:00,4.113105033231422,4.1228059752049395,3.909390340017653,3.9287917613983154,793700,0.0,0.0
2025-09-30 00:00:00-04:00,3.8802880143895697,3.9190908575281553,3.8511858820356304,3.8996894359588623,758200,0.0,0.0
2025-10-01 00:00:00-04:00,3.86088655528281,3.9627441331728814,3.851185844592479,3.9287917613983154,529300,0.0,0.0
2025-10-02 00:00:00-04:00,3.8996893771160432,3.966624581188256,3.754178486258788,3.783280849456787,832800,0.0,0.0
2025-10-03 00:00:00-04:00,3.8123829828122746,3.9190907998735836,3.8123829828122746,3.889988899230957,734900,0.0,0.0
2025-10-06 00:00:00-04:00,3.938492188875759,4.020948344297969,3.9239412386737125,3.9578936100006104,626800,0.0,0.0
2025-10-07 00:00:00-04:00,3.96759460415964,3.9869960255403027,3.880287976663473,3.9287917613983154,445400,0.0,0.0
2025-10-08 00:00:00-04:00,3.938492279097448,3.938492279097448,3.8511858820356304,3.8996894359588623,521900,0.0,0.0
2025-10-09 00:00:00-04:00,3.8899890297395,3.9578937752280687,3.792981688782361,3.802682399749756,593600,0.0,0.0
2025-10-10 00:00:00-04:00,3.7541787105477855,3.7832810754844712,3.637770175933838,3.637770175933838,784900,0.0,0.0
2025-10-13 00:00:00-04:00,3.734777038301878,3.7735801118609484,3.671722535245153,3.7444777488708496,649500,0.0,0.0
2025-10-14 00:00:00-04:00,3.647470623602092,3.725076307737291,3.637769913085192,3.705674886703491,759700,0.0,0.0
2025-10-15 00:00:00-04:00,3.7347770832212666,3.8026822893039705,3.6717225794061648,3.7153756618499756,740000,0.0,0.0
2025-10-16 00:00:00-04:00,3.7153754895808597,3.7454478532102393,3.569864836043005,3.61836838722229,801400,0.0,0.0
2025-10-17 00:00:00-04:00,3.5989670753479004,3.6474706279907596,3.5116604493075707,3.5989670753479004,678900,0.0,0.0
2025-10-20 00:00:00-04:00,3.6280693550345378,3.666872198732791,3.5504636676380317,3.6571714878082275,707300,0.0,0.0
2025-10-21 00:00:00-04:00,3.6862735825425688,3.7027647678158315,3.573745290722197,3.5795657634735107,568800,0.0,0.0
2025-10-22 00:00:00-04:00,3.6183685804004617,3.6620218944339777,3.5892664481391807,3.647470712661743,535600,0.0,0.0
2025-10-23 00:00:00-04:00,3.773580094381511,3.851185778573811,3.7638793838574736,3.812382936477661,782500,0.0,0.0
2025-10-24 00:00:00-04:00,3.822083757013033,3.822083757013033,3.7590290211502886,3.7929816246032715,542700,0.0,0.0
2025-10-27 00:00:00-04:00,3.8414849079598614,3.8802877484389433,3.7444775754789843,3.754178285598755,807300,0.0,0.0
2025-10-28 00:00:00-04:00,3.7347771288499074,3.7541785504582297,3.67657286402494,3.6862735748291016,614300,0.0,0.0
2025-10-29 00:00:00-04:00,3.6862733147603617,3.80268206748078,3.681423075342063,3.754178285598755,628000,0.0,0.0
2025-10-30 00:00:00-04:00,3.7347770832212666,3.812382999989616,3.7105254221487463,3.7153756618499756,658700,0.0,0.0
2025-10-31 00:00:00-04:00,3.744477731526216,3.8220836470016986,3.7056748894300657,3.812382936477661,584800,0.0,0.0
2025-11-03 00:00:00-05:00,3.8123831570702467,3.822083868155588,3.754178659275003,3.773580312728882,422100,0.0,0.0
2025-11-04 00:00:00-05:00,3.7250763528545807,3.7609691903567004,3.676572799682617,3.676572799682617,535400,0.0,0.0
2025-11-05 00:00:00-05:00,3.686273465669691,3.763879381088073,3.6765727551527916,3.705674886703491,692700,0.0,0.0
2025-11-06 00:00:00-05:00,3.7153757719216634,3.7541786158138173,3.6862736390025477,3.695974349975586,652900,0.0,0.0
2025-11-07 00:00:00-05:00,3.7153757697600116,3.822083821684545,3.686273636857828,3.802682399749756,638500,0.0,0.0
2025-11-10 00:00:00-05:00,3.841485023498535,3.860886444321604,3.7444776881000106,3.841485023498535,715200,0.0,0.0
2025-11-11 00:00:00-05:00,3.6474707316124566,3.7832809141539028,3.5504636235708444,3.6862735748291016,1216400,0.0,0.0
2025-11-12 00:00:00-05:00,3.666872153220779,3.7832809141539028,3.6474707316124566,3.6862735748291016,964800,0.0,0.0
2025-11-13 00:00:00-05:00,3.686273530708207,3.8317844223121993,3.686273530708207,3.8220837116241455,974700,0.0,0.0
2025-11-14 00:00:00-05:00,3.8026822435678636,3.820143430078739,3.7153756171639345,3.7444777488708496,691900,0.0,0.0
2025-11-17 00:00:00-05:00,3.7444776658642804,3.7541783762182095,3.579565589847487,3.589266300201416,838200,0.0,0.0
2025-11-18 00:00:00-05:00,3.598966966750576,3.6523209886893775,3.560164125807148,3.61836838722229,717400,0.0,0.0
2025-11-19 00:00:00-05:00,3.6183686268098962,3.637770048566261,3.5019598649885166,3.511660575866699,840600,0.0,0.0
2025-11-20 00:00:00-05:00,3.5407627223682874,3.6251588786979134,3.4437553882598877,3.4437553882598877,880800,0.0,0.0
2025-11-21 00:00:00-05:00,3.4565945427883458,3.5207884979509654,3.4190656965511783,3.476346492767334,1110100,0.063,0.0
2025-11-24 00:00:00-05:00,3.4565945544645875,3.4862224795331516,3.3973387043274594,3.417090654373169,1102100,0.0,0.0
2025-11-25 00:00:00-05:00,3.3874626917443456,3.407214641571045,3.323268737076665,3.407214641571045,908100,0.0,0.0
2025-11-26 00:00:00-05:00,3.397338590659221,3.4565944388137657,3.38252451088968,3.387462615966797,594900,0.0,0.0
2025-11-28 00:00:00-05:00,3.41709063167448,3.5701683612427875,3.41709063167448,3.535602331161499,701900,0.0,0.0
2025-12-01 00:00:00-05:00,3.505974455762682,3.5356023810525175,3.4664705553762345,3.486222505569458,698100,0.0,0.0
2025-12-02 00:00:00-05:00,3.4862223143331708,3.4862223143331708,3.38845009560145,3.436842441558838,721800,0.0,0.0
2025-12-03 00:00:00-05:00,3.4960983088701014,3.5997961600197916,3.4664703850361622,3.565230131149292,820700,0.0,0.0
2025-12-04 00:00:00-05:00,3.5948583389761835,3.6146102884654634,3.505974330812611,3.515850305557251,580600,0.0,0.0
2025-12-05 00:00:00-05:00,3.505974292755127,3.5652301405797435,3.496098318117691,3.505974292755127,982400,0.0,0.0
2025-12-08 00:00:00-05:00,3.535602354647425,3.535602354647425,3.3973387043274594,3.417090654373169,802200,0.0,0.0
2025-12-09 00:00:00-05:00,3.436842432775245,3.5059742544826293,3.407214509186366,3.496098279953003,900000,0.0,0.0
2025-12-10 00:00:00-05:00,3.4862223054233765,3.535602178071508,3.4121523787202763,3.496098279953003,1348200,0.0,0.0
2025-12-11 00:00:00-05:00,3.4467186051830105,3.486222505569458,3.4072147047965635,3.486222505569458,1023700,0.0,0.0
2025-12-12 00:00:00-05:00,3.4960984046105072,3.5454782790193367,3.46647047996521,3.46647047996521,737500,0.0,0.0
2025-12-15 00:00:00-05:00,3.46647047996521,3.4862224297287416,3.3973386557928493,3.46647047996521,1133300,0.0,0.0
2025-12-16 00:00:00-05:00,3.4072145723167657,3.4170905470293786,3.3282065391540527,3.3282065391540527,1047700,0.0,0.0
2025-12-17 00:00:00-05:00,3.367710741917646,3.441780436036861,3.3578347670042965,3.407214641571045,894200,0.0,0.0
2025-12-18 00:00:00-05:00,3.3973385137692698,3.4072144882381767,3.357834615893642,3.367710590362549,819900,0.0,0.0
2025-12-19 00:00:00-05:00,3.3578346918895248,3.4368424894289173,3.3400577961660756,3.387462615966797,1457400,0.0,0.0
2025-12-22 00:00:00-05:00,3.4269664670039717,3.5405402921158395,3.4072145178942383,3.436842441558838,1120500,0.0,0.0
2025-12-23 00:00:00-05:00,3.436842403201358,3.456594352090646,3.36771058208885,3.426966428756714,681100,0.0,0.0
2025-12-24 00:00:00-05:00,3.4368426044188785,3.4368426044188785,3.3973387043274594,3.417090654373169,477000,0.0,0.0
2025-12-26 00:00:00-05:00,3.417090654373169,3.445731052577993,3.357834804236041,3.417090654373169,910500,0.0,0.0
2025-12-29 00:00:00-05:00,3.436842630086399,3.49609848066607,3.426966654989787,3.486222505569458,799900,0.0,0.0
2025-12-30 00:00:00-05:00,3.525726347973062,3.614610357842633,3.5207884782368724,3.594858407974243,1034900,0.0,0.0
2025-12-31 00:00:00-05:00,3.594858407974243,3.6096722526446277,3.5504164030394576,3.594858407974243,722400,0.0,0.0
2026-01-02 00:00:00-05:00,3.5751060617392785,3.644238118629034,3.56029221773562,3.614610195159912,815900,0.0,0.0
2026-01-05 00:00:00-05:00,3.6639901127242296,3.7331219350034206,3.4960983088701014,3.565230131149292,1142200,0.0,0.0
2026-01-06 00:00:00-05:00,3.584982277324656,3.5997961213515945,3.5405402743202297,3.555354118347168,848400,0.0,0.0
2026-01-07 00:00:00-05:00,3.54547816166237,3.555354136217236,3.4269664670039717,3.436842441558838,1147000,0.0,0.0
2026-01-08 00:00:00-05:00,3.4368424612022235,3.6146102396676647,3.4368424612022235,3.565230131149292,954200,0.0,0.0
2026-01-09 00:00:00-05:00,3.604734420776367,3.622511081659937,3.5553543101248355,3.604734420776367,846700,0.0,0.0
2026-01-12 00:00:00-05:00,3.594858237820163,3.703493956954295,3.5602922094556733,3.673866033554077,934500,0.0,0.0
2026-01-13 00:00:00-05:00,3.7034941647971187,3.8960757954372602,3.7034941647971187,3.8516340255737305,1337300,0.0,0.0
2026-01-14 00:00:00-05:00,3.8812620160171534,4.207169668123301,3.861510065642456,4.118285655975342,2130400,0.0,0.0
2026-01-15 00:00:00-05:00,3.9997739069641587,4.429379175783864,3.9355797158041805,4.355309009552002,2442600,0.0,0.0
2026-01-16 00:00:00-05:00,4.355308877929929,4.561717056794805,4.335556928383085,4.444192886352539,1585400,0.0,0.0
2026-01-20 00:00:00-05:00,4.459006956702274,4.6318368771864975,4.424441160974889,4.503448963165283,1452400,0.0,0.0
2026-01-21 00:00:00-05:00,4.552829063006804,4.778001204471735,4.552829063006804,4.7503485679626465,1555800,0.0,0.0
2026-01-22 00:00:00-05:00,4.7108444406967465,4.730596390243591,4.5834440600192465,4.691092491149902,1030100,0.0,0.0
2026-01-23 00:00:00-05:00,4.7404726004788245,4.851083612125876,4.646650486938597,4.691092491149902,984400,0.0,0.0
2026-01-26 00:00:00-05:00,4.710844363996151,4.7365219450813365,4.527151189108977,4.671340465545654,1109900,0.0,0.0
2026-01-27 00:00:00-05:00,4.691092532049265,4.759236593756725,4.572580833734955,4.7009687423706055,1304100,0.0,0.0
2026-01-28 00:00:00-05:00,4.760224604794937,4.839232403891346,4.7108444948978665,4.8293561935424805,1226600,0.0,0.0
2026-01-29 00:00:00-05:00,4.937992262879122,5.293527837665038,4.937992262879122,5.105884075164795,2614900,0.0,0.0
2026-01-30 00:00:00-05:00,5.036751898813746,5.096007748102893,4.913302095063783,5.076255798339844,1516200,0.0,0.0
2026-02-02 00:00:00-05:00,4.849107971894774,5.061441777652838,4.766150068330383,4.9083638191223145,1305200,0.0,0.0
2026-02-03 00:00:00-05:00,4.92811608577392,5.135511799897034,4.868860234727835,5.11575984954834,1309100,0.0,0.0
2026-02-04 00:00:00-05:00,5.175015373018082,5.313279487630526,5.086131837537069,5.155263423919678,979700,0.0,0.0
2026-02-05 00:00:00-05:00,5.046628076533971,5.086131975804703,4.542952654446711,4.572580814361572,1780900,0.0,0.0
2026-02-06 00:00:00-05:00,4.602208356000262,4.799728316953391,4.493572871945833,4.7799763679504395,1219300,0.0,0.0
2026-02-09 00:00:00-05:00,4.779976554569039,4.8589843536654485,4.7108444948978665,4.8293561935424805,729800,0.0,0.0
2026-02-10 00:00:00-05:00,4.799728644633385,4.839232545336241,4.6930677359967605,4.740472793579102,879700,0.0,0.0
2026-02-11 00:00:00-05:00,4.819480358584216,5.007124113180478,4.819480358584216,4.9281158447265625,820000,0.0,0.0
2026-02-12 00:00:00-05:00,4.849108087524655,4.878736247306733,4.617022798080143,4.691092491149902,1096000,0.0,0.0
2026-02-13 00:00:00-05:00,4.700968901903269,4.91824035618619,4.671340740857413,4.868860244750977,864000,0.0,0.0
2026-02-17 00:00:00-05:00,4.918240047262339,4.967620155595895,4.681216186554329,4.789852142333984,785800,0.0,0.0
2026-02-18 00:00:00-05:00,4.8787361908274205,4.962682093160604,4.705906281100604,4.7997283935546875,2250800,0.0,0.0
2026-02-19 00:00:00-05:00,4.898488250472404,5.12563590820928,4.879723827558964,5.076255798339844,1498400,0.0,0.0
2026-02-20 00:00:00-05:00,5.036751939294241,5.155263638825016,4.987372299951568,5.086132049560547,1053600,0.0,0.0
2026-02-23 00:00:00-05:00,5.086132108445186,5.165139909047081,4.913302191435813,4.977496147155762,782300,0.0,0.0
2026-02-24 00:00:00-05:00,5.086131726596747,5.18489146993459,4.9774957734633185,5.125635623931885,971000,0.0,0.0
2026-02-25 00:00:00-05:00,5.165139694328271,5.167114747984122,4.9824340453006934,5.046627998352051,694600,0.0,0.0
2026-02-26 00:00:00-05:00,4.987372033687972,5.021937826474823,4.860959184198446,5.0169997215271,744900,0.0,0.0
2026-02-27 00:00:00-05:00,5.099999904632568,5.21999979019165,5.050000190734863,5.150000095367432,1257400,0.063,0.0
2026-03-02 00:00:00-05:00,5.409999847412109,5.480000019073486,5.099999904632568,5.210000038146973,1731700,0.0,0.0
2026-03-03 00:00:00-05:00,5.239999771118164,5.329999923706055,5.001999855041504,5.289999961853027,2102900,0.0,0.0
2026-03-04 00:00:00-05:00,5.199999809265137,5.284999847412109,5.039999961853027,5.239999771118164,1214200,0.0,0.0
2026-03-05 00:00:00-05:00,5.25,5.380000114440918,5.175000190734863,5.309999942779541,1076800,0.0,0.0
2026-03-06 00:00:00-05:00,5.409999847412109,5.550000190734863,5.340000152587891,5.449999809265137,2151600,0.0,0.0
2026-03-09 00:00:00-04:00,5.559999942779541,5.599999904632568,5.324999809265137,5.400000095367432,2342500,0.0,0.0
2026-03-10 00:00:00-04:00,5.320000171661377,5.460000038146973,5.210999965667725,5.349999904632568,1848500,0.0,0.0
2026-03-11 00:00:00-04:00,5.269999980926514,5.679999828338623,5.269999980926514,5.570000171661377,1855700,0.0,0.0
2026-03-12 00:00:00-04:00,5.639999866485596,5.795000076293945,5.565000057220459,5.639999866485596,1948600,0.0,0.0
2026-03-13 00:00:00-04:00,5.199999809265137,5.389999866485596,5.019999980926514,5.389999866485596,2261200,0.0,0.0
2026-03-16 00:00:00-04:00,5.369999885559082,5.605000019073486,5.184999942779541,5.539999961853027,2259100,0.0,0.0
2026-03-17 00:00:00-04:00,5.610000133514404,5.710000038146973,5.510000228881836,5.519999980926514,1615900,0.0,0.0
2026-03-18 00:00:00-04:00,5.53000020980835,5.650000095367432,5.510000228881836,5.630000114440918,1262400,0.0,0.0
2026-03-19 00:00:00-04:00,5.659999847412109,6.150000095367432,5.650000095367432,6.139999866485596,2895700,0.0,0.0
2026-03-20 00:00:00-04:00,6.170000076293945,6.449999809265137,6.139999866485596,6.25,4088800,0.0,0.0
2026-03-23 00:00:00-04:00,5.900000095367432,6.090000152587891,5.760000228881836,6.059999942779541,2995500,0.0,0.0
2026-03-24 00:00:00-04:00,6.119999885559082,6.215000152587891,6.059999942779541,6.070000171661377,1341700,0.0,0.0
2026-03-25 00:00:00-04:00,5.929999828338623,6.239999771118164,5.929999828338623,6.170000076293945,1723900,0.0,0.0
2026-03-26 00:00:00-04:00,6.25,6.369999885559082,6.190000057220459,6.260000228881836,1328400,0.0,0.0
2026-03-27 00:00:00-04:00,6.260000228881836,6.468999862670898,6.244999885559082,6.440000057220459,1813000,0.0,0.0
2026-03-30 00:00:00-04:00,6.53000020980835,6.71999979019165,6.465000152587891,6.53000020980835,2390800,0.0,0.0
2026-03-31 00:00:00-04:00,6.539999961853027,6.715000152587891,6.199999809265137,6.340000152587891,2377800,0.0,0.0
2026-04-01 00:00:00-04:00,6.110000133514404,6.199999809265137,5.96999979019165,6.090000152587891,2105900,0.0,0.0
2026-04-02 00:00:00-04:00,6.335000038146973,6.5229997634887695,6.199999809265137,6.260000228881836,1415700,0.0,0.0
2026-04-06 00:00:00-04:00,6.210000038146973,6.320000171661377,6.199999809265137,6.269999980926514,1002700,0.0,0.0
2026-04-07 00:00:00-04:00,6.360000133514404,6.466000080108643,6.295000076293945,6.409999847412109,1202900,0.0,0.0
2026-04-08 00:00:00-04:00,5.724999904632568,5.980000019073486,5.550000190734863,5.96999979019165,2943700,0.0,0.0
2026-04-09 00:00:00-04:00,6.010000228881836,6.050000190734863,5.789999961853027,5.800000190734863,1518700,0.0,0.0
2026-04-10 00:00:00-04:00,5.739999771118164,5.820000171661377,5.650000095367432,5.800000190734863,965700,0.0,0.0
2026-04-13 00:00:00-04:00,6.0,6.050000190734863,5.84499979019165,5.869999885559082,1211600,0.0,0.0
2026-04-14 00:00:00-04:00,5.78000020980835,5.784999847412109,5.625,5.769999980926514,1575300,0.0,0.0
2026-04-15 00:00:00-04:00,5.75,5.815000057220459,5.679999828338623,5.690000057220459,906400,0.0,0.0
2026-04-16 00:00:00-04:00,5.670000076293945,5.710000038146973,5.46999979019165,5.539999961853027,1735500,0.0,0.0
