Date,Open,High,Low,Close,Volume,Dividends,Stock Splits
2022-01-03 00:00:00-05:00,6.021049367212535,6.124458433771191,5.98435642266381,6.031056880950928,1097100,0.0,0.0
2022-01-04 00:00:00-05:00,6.00437215454375,6.087766212245747,5.790883570425414,5.824240684509277,1881700,0.0,0.0
2022-01-05 00:00:00-05:00,5.810897360897137,5.850926784373187,5.644109262864781,5.690809726715088,1170300,0.0,0.0
2022-01-06 00:00:00-05:00,5.717495069627291,5.790882230623445,5.6574512601744456,5.69748067855835,1136800,0.0,0.0
2022-01-07 00:00:00-05:00,5.684138331367124,5.830911390372446,5.637437234187193,5.777539253234863,725700,0.0,0.0
2022-01-10 00:00:00-05:00,5.764196037010419,5.764196037010419,5.5974079638633745,5.670794486999512,856900,0.0,0.0
2022-01-11 00:00:00-05:00,5.6374387430478645,5.83424879001119,5.6307670650584765,5.804226875305176,742400,0.0,0.0
2022-01-12 00:00:00-05:00,5.7975538901728205,5.8575977060470965,5.744181750783706,5.830911636352539,568600,0.0,0.0
2022-01-13 00:00:00-05:00,5.870941395266041,6.037729499471064,5.870941395266041,5.9843573570251465,1245800,0.0,0.0
2022-01-14 00:00:00-05:00,5.930984284818929,6.02772103924509,5.830911056236043,5.910969257354736,1444200,0.0,0.0
2022-01-18 00:00:00-05:00,5.9376556630779564,5.99102780020143,5.730838790786012,5.837583065032959,995900,0.0,0.0
2022-01-19 00:00:00-05:00,5.877613432876134,6.03772987004115,5.857598401045884,6.0043721199035645,1235800,0.0,0.0
2022-01-20 00:00:00-05:00,6.077756722498804,6.104442786847197,5.9243120115570305,5.944326400756836,1311000,0.0,0.0
2022-01-21 00:00:00-05:00,6.037728897369016,6.104443750650327,5.774203413606561,5.837583065032959,1154200,0.0,0.0
2022-01-24 00:00:00-05:00,5.757525099770174,5.910969841346182,5.594072843473348,5.890955448150635,1424700,0.0,0.0
2022-01-25 00:00:00-05:00,5.81756804545988,5.844254111144494,5.584064493535009,5.7041521072387695,1253200,0.0,0.0
2022-01-26 00:00:00-05:00,5.704153079955805,5.797554007656419,5.624094869249806,5.690809726715088,618700,0.0,0.0
2022-01-27 00:00:00-05:00,5.730840326160602,5.954336448835249,5.664124818759185,5.804226875305176,1168800,0.0,0.0
2022-01-28 00:00:00-05:00,5.830911281323435,6.171159126396796,5.784210821262952,6.097772598266602,1821500,0.0,0.0
2022-01-31 00:00:00-05:00,6.137801194961294,6.538092840038652,6.124458479456599,6.424676895141602,3799400,0.0,0.0
2022-02-01 00:00:00-05:00,6.498063082927309,6.521413311030098,6.377976104649254,6.438019275665283,1323700,0.0,0.0
2022-02-02 00:00:00-05:00,6.484721806739292,6.511407878526444,6.317933699008058,6.3312764167785645,1581600,0.0,0.0
2022-02-03 00:00:00-05:00,6.271232094622644,6.35129093982713,6.191173885664246,6.237874984741211,1247000,0.0,0.0
2022-02-04 00:00:00-05:00,6.237874295400804,6.291246428808309,6.194509039353446,6.217859268188477,789700,0.0,0.0
2022-02-07 00:00:00-05:00,6.2245318922971355,6.291247387344314,6.091101538448891,6.1111159324646,1195800,0.0,0.0
2022-02-08 00:00:00-05:00,6.137800951814129,6.331275090813024,6.117119139167427,6.31126070022583,1031600,0.0,0.0
2022-02-09 00:00:00-05:00,6.337946783556431,6.384647240468125,6.281238813201086,6.297917366027832,740200,0.0,0.0
2022-02-10 00:00:00-05:00,6.204517135348056,6.324604128663927,6.131129967839721,6.197845458984375,1001500,0.0,0.0
2022-02-11 00:00:00-05:00,6.194509019347999,6.317932475108013,6.091100590735673,6.171158790588379,1046700,0.0,0.0
2022-02-14 00:00:00-05:00,6.131129264831543,6.1778303577763864,6.0710860931813215,6.131129264831543,445500,0.0,0.0
2022-02-15 00:00:00-05:00,6.171159389775729,6.271231990246634,6.164487713412048,6.197845458984375,1024300,0.0,0.0
2022-02-16 00:00:00-05:00,6.20785307685105,6.257889377919288,6.164487816011446,6.237874984741211,895000,0.0,0.0
2022-02-17 00:00:00-05:00,6.184502981489858,6.257889515587981,6.084429740905762,6.084429740905762,414700,0.0,0.0
2022-02-18 00:00:00-05:00,6.05774234918694,6.137800542442093,6.031056284768556,6.064414024353027,576000,0.0,0.0
2022-02-22 00:00:00-05:00,6.0043713992647305,6.071086891532774,5.937655906996687,5.9509992599487305,1010400,0.0,0.0
2022-02-23 00:00:00-05:00,6.004371407490207,6.01771476046053,5.820904757870886,5.830911636352539,757600,0.0,0.0
2022-02-24 00:00:00-05:00,5.677466287489408,5.737510096942254,5.443962725449681,5.69748067855835,2478800,0.0,0.0
2022-02-25 00:00:00-05:00,5.684137743114988,5.824239111417488,5.657451041061945,5.810896396636963,1297900,0.0,0.0
2022-02-28 00:00:00-05:00,5.69748161574668,5.730839363846002,5.490664086527786,5.544036865234375,1664300,0.0,0.0
2022-03-01 00:00:00-05:00,5.584065284135664,5.584065284135664,5.170430889338143,5.177102565765381,1925400,0.0,0.0
2022-03-02 00:00:00-05:00,5.170431192909035,5.3505626495440035,5.143745121879349,5.297190189361572,1439500,0.0,0.0
2022-03-03 00:00:00-05:00,5.297189796206061,5.443963175975865,5.280510923519642,5.410605430603027,1316500,0.0,0.0
2022-03-04 00:00:00-05:00,5.337218510782122,5.337218510782122,5.103715264560007,5.22380256652832,1913700,0.0,0.0
2022-03-07 00:00:00-05:00,5.203787584237416,5.210458941194222,4.76680272832391,4.783481597900391,1947100,0.0,0.0
2022-03-08 00:00:00-05:00,4.770139633203968,5.113723023616699,4.6767383880488955,4.870212554931641,1585600,0.0,0.0
2022-03-09 00:00:00-05:00,5.06368596929481,5.190444942229008,5.010313837137884,5.130401134490967,1080500,0.0,0.0
2022-03-10 00:00:00-05:00,5.023657338599713,5.110386902380171,4.950270490979605,5.070357799530029,1018900,0.0,0.0
2022-03-11 00:00:00-05:00,5.163758635960317,5.320539515129713,5.130401211920301,5.257160186767578,1087000,0.0,0.0
2022-03-14 00:00:00-04:00,5.310532693086714,5.4839924555327,5.290517982757166,5.337218761444092,1339600,0.0,0.0
2022-03-15 00:00:00-04:00,5.3839196903265485,5.457306861877441,5.307197316656172,5.457306861877441,928400,0.0,0.0
2022-03-16 00:00:00-04:00,5.517349867220221,5.650780200958252,5.5140140293460185,5.650780200958252,1302200,0.0,0.0
2022-03-17 00:00:00-04:00,5.597407602599528,5.7174945748675485,5.590735927405203,5.7108235359191895,1236500,0.0,0.0
2022-03-18 00:00:00-04:00,5.650780924201807,5.870941162109375,5.594072945574337,5.870941162109375,3747300,0.0,0.0
2022-03-21 00:00:00-04:00,5.797553628739696,5.870940794274996,5.650780570161214,5.730838775634766,703700,0.0,0.0
2022-03-22 00:00:00-04:00,5.764197500093331,5.840919880515795,5.684139281011695,5.717496395111084,761800,0.0,0.0
2022-03-23 00:00:00-04:00,5.637437808526159,5.697481627984685,5.530693523375946,5.590737342834473,736900,0.0,0.0
2022-03-24 00:00:00-04:00,5.577393142743913,5.604079209982075,5.485993219297855,5.5707221031188965,1029500,0.0,0.0
2022-03-25 00:00:00-04:00,5.590736271466798,5.690808860556414,5.514013910748359,5.68413782119751,1106600,0.0,0.0
2022-03-28 00:00:00-04:00,5.670794339062237,5.690808729168873,5.512678939355635,5.597407817840576,507600,0.0,0.0
2022-03-29 00:00:00-04:00,5.7041519807728935,5.730838045865855,5.597407720401046,5.677465915679932,686300,0.0,0.0
2022-03-30 00:00:00-04:00,5.6741305507469555,5.704152456008529,5.483992241587677,5.497334957122803,504700,0.0,0.0
2022-03-31 00:00:00-04:00,5.470649707359252,5.490664101775977,5.417277564750567,5.423949241638184,576200,0.0,0.0
2022-04-01 00:00:00-04:00,5.490663386992072,5.597408294559335,5.463977319161767,5.537364482879639,775600,0.0,0.0
2022-04-04 00:00:00-04:00,5.517350585148363,5.557379372355385,5.47732116169524,5.524021625518799,423200,0.0,0.0
2022-04-05 00:00:00-04:00,5.504006844544406,5.557378981228182,5.470649100055532,5.517350196838379,491500,0.0,0.0
2022-04-06 00:00:00-04:00,5.470649353293348,5.493999584642632,5.35056235831902,5.390591144561768,783300,0.0,0.0
2022-04-07 00:00:00-04:00,5.403933894185776,5.423948285072772,5.33054673385677,5.3639044761657715,413600,0.0,0.0
2022-04-08 00:00:00-04:00,5.337219130731176,5.4106056647301335,5.310533060527365,5.35723352432251,581100,0.0,0.0
2022-04-11 00:00:00-04:00,5.31720405219016,5.373912345114846,5.277174949645996,5.277174949645996,727700,0.0,0.0
2022-04-12 00:00:00-04:00,5.303861548057464,5.3739128821642135,5.270504118331886,5.297190189361572,848600,0.0,0.0
2022-04-13 00:00:00-04:00,5.277175401020026,5.370576966401713,5.277175401020026,5.350562572479248,933900,0.0,0.0
2022-04-14 00:00:00-04:00,5.317204583572306,5.3705770437547375,5.2638324415129345,5.297190189361572,817600,0.0,0.0
2022-04-18 00:00:00-04:00,5.263831010828541,5.330546170269891,5.2171305582810845,5.237144947052002,609000,0.0,0.0
2022-04-19 00:00:00-04:00,5.243817400857346,5.390590773426759,5.2177984370924975,5.37057638168335,630900,0.0,0.0
2022-04-20 00:00:00-04:00,5.423947819175349,5.490662661816775,5.397261754869587,5.483991622924805,462000,0.0,0.0
2022-04-21 00:00:00-04:00,5.537365406468059,5.537365406468059,5.270504365531693,5.290518760681152,455200,0.0,0.0
2022-04-22 00:00:00-04:00,5.290517859692091,5.317203927428713,5.1771022308729595,5.250488758087158,865500,0.0,0.0
2022-04-25 00:00:00-04:00,5.1904450454101365,5.21045943630535,5.010313936738177,5.050343036651611,1148200,0.0,0.0
2022-04-26 00:00:00-04:00,5.003642014094762,5.07035717732476,4.670065879821777,4.670065879821777,972000,0.0,0.0
2022-04-27 00:00:00-04:00,4.670065649359455,4.810167644290077,4.603350489421773,4.663393974304199,1504800,0.0,0.0
2022-04-28 00:00:00-04:00,4.766803599659056,4.783482472284307,4.296461236740589,4.549979209899902,2064800,0.0,0.0
2022-04-29 00:00:00-04:00,4.489934904724984,4.816839372691624,4.463248838691912,4.756795883178711,1743500,0.0,0.0
2022-05-02 00:00:00-04:00,4.770138861520794,4.963612997104506,4.70008785945614,4.736781120300293,1792400,0.0,0.0
2022-05-03 00:00:00-04:00,4.770139396255779,4.813504337454463,4.67006647949905,4.696752548217773,1486900,0.0,0.0
2022-05-04 00:00:00-04:00,4.73678082671084,4.843525401126531,4.496605931929258,4.783481597900391,2266100,0.0,0.0
2022-05-05 00:00:00-04:00,4.743453488703298,4.7501248470481325,4.383191230637027,4.409877300262451,1804100,0.0,0.0
2022-05-06 00:00:00-04:00,4.356504898684863,4.750124561019603,4.356504898684863,4.61002254486084,4651200,0.0,0.0
2022-05-09 00:00:00-04:00,4.516621889048119,4.54997963743304,4.20306039034674,4.25643253326416,2784200,0.0,0.0
2022-05-10 00:00:00-04:00,4.3364901351928715,4.456577439797002,4.149687343241204,4.169702053070068,2548700,0.0,0.0
2022-05-11 00:00:00-04:00,4.183045693963918,4.277781470697024,4.0429436591991355,4.136344909667969,2232400,0.0,0.0
2022-05-12 00:00:00-04:00,4.109658294066524,4.276446378314327,3.97622795391749,4.129673004150391,3744300,0.0,0.0
2022-05-13 00:00:00-04:00,4.189716639856278,4.399869337211034,4.183044964068248,4.203059673309326,2570100,0.0,0.0
2022-05-16 00:00:00-04:00,4.2364177003190395,4.276446806370512,4.13634477612883,4.229746341705322,2092600,0.0,0.0
2022-05-17 00:00:00-04:00,4.336490027815252,4.3431617036340135,4.18971665915563,4.249760150909424,3315400,0.0,0.0
2022-05-18 00:00:00-04:00,4.209731437414061,4.2297461485875125,3.8894982855001325,3.909512996673584,3159600,0.0,0.0
2022-05-19 00:00:00-04:00,3.902840987375649,4.052950194943364,3.8561405288256574,3.9828991889953613,2351200,0.0,0.0
2022-05-20 00:00:00-04:00,4.029601003980171,4.039608202230448,3.7627399450290606,3.78275465965271,2653500,0.0,0.0
2022-05-23 00:00:00-04:00,3.8361268043518066,3.8761559154398366,3.7227108305408403,3.8361268043518066,3914300,0.0,0.0
2022-05-24 00:00:00-04:00,3.7960972281671443,3.7960972281671443,3.579272505351742,3.6092944145202637,3029800,0.0,0.0
2022-05-25 00:00:00-04:00,3.609294230221907,3.7827539996169985,3.569265126082203,3.742724895477295,2065700,0.0,0.0
2022-05-26 00:00:00-04:00,3.7627385774599893,4.0396067340335176,3.7627385774599893,4.002913475036621,1973000,0.0,0.0
2022-05-27 00:00:00-04:00,3.996242635426909,4.16970240831174,3.996242635426909,4.143016338348389,1365100,0.0,0.0
2022-05-31 00:00:00-04:00,4.12300089488631,4.139679765183281,4.019592471666472,4.029599666595459,1361300,0.0,0.0
2022-06-01 00:00:00-04:00,4.022928469374098,4.549978755736195,4.022928469374098,4.343161582946777,4061300,0.0,0.0
2022-06-02 00:00:00-04:00,4.343162075149973,4.483263779975193,4.269775225481113,4.389862537384033,2432100,0.0,0.0
2022-06-03 00:00:00-04:00,4.436562615900079,4.509949453959524,4.33648971275047,4.503277778625488,2634600,0.0,0.0
2022-06-06 00:00:00-04:00,4.650051755920586,4.670066466465285,4.44990624108875,4.529964447021484,2519100,0.0,0.0
2022-06-07 00:00:00-04:00,4.503278376696636,4.603351293136723,4.503278376696636,4.59000825881958,2696600,0.0,0.0
2022-06-08 00:00:00-04:00,4.590008506719575,4.616694576795139,4.44456932937084,4.58333683013916,2935500,0.0,0.0
2022-06-09 00:00:00-04:00,4.443234907313175,4.493271528469808,4.176374200303359,4.229746341705322,3821800,0.0,0.0
2022-06-10 00:00:00-04:00,4.143016231494855,4.189717011787772,4.069629381926853,4.163030624389648,1908500,0.0,0.0
2022-06-13 00:00:00-04:00,4.15613864139367,4.2939872162919155,3.9976126159322254,4.066536903381348,2830300,0.2,0.0
2022-06-14 00:00:00-04:00,4.045859042913312,4.190600196220532,3.9355801941675805,3.942472457885742,2879000,0.0,0.0
2022-06-15 00:00:00-04:00,3.976933710938585,4.2381570427925315,3.976933710938585,4.211276531219482,1445600,0.0,0.0
2022-06-16 00:00:00-04:00,4.107890389811433,4.218169220574637,4.02518126673903,4.045858383178711,2070400,0.0,0.0
2022-06-17 00:00:00-04:00,4.073428748175695,4.142353357181512,4.018289323896555,4.128568172454834,1808600,0.0,0.0
2022-06-21 00:00:00-04:00,4.204384570928699,4.311217439911865,4.142352889940049,4.280201435089111,4237000,0.0,0.0
2022-06-22 00:00:00-04:00,4.231954967933789,4.300879251713119,4.121676113886861,4.1561384201049805,2075700,0.0,0.0
2022-06-23 00:00:00-04:00,4.176815151950607,4.218169718367123,4.090659723085314,4.197492599487305,1701200,0.0,0.0
2022-06-24 00:00:00-04:00,4.259524286111302,4.40426543294266,4.259524286111302,4.3835883140563965,4906000,0.0,0.0
2022-06-27 00:00:00-04:00,4.356019037322744,4.373249861893283,4.163030712757729,4.169923305511475,2387300,0.0,0.0
2022-06-28 00:00:00-04:00,4.183707563669309,4.211277273425213,4.080320987756235,4.149245262145996,1480600,0.0,0.0
2022-06-29 00:00:00-04:00,4.149245382658668,4.211277395739573,4.111337112807489,4.204384803771973,1091000,0.0,0.0
2022-06-30 00:00:00-04:00,4.114783080134416,4.231954514328625,4.10789081682369,4.204384803771973,1688000,0.0,0.0
2022-07-01 00:00:00-04:00,4.204384570928699,4.383588008279337,4.204384570928699,4.280201435089111,1826300,0.0,0.0
2022-07-05 00:00:00-04:00,4.176815682527618,4.2388477043607,4.083767978434914,4.225062847137451,1490500,0.0,0.0
2022-07-06 00:00:00-04:00,4.225063012990213,4.328449610551433,4.176815846486461,4.307772159576416,1130900,0.0,0.0
2022-07-07 00:00:00-04:00,4.3353405260707225,4.356017970611508,4.238846551746327,4.314663410186768,1192800,0.0,0.0
2022-07-08 00:00:00-04:00,4.314663974655456,4.314663974655456,4.135460527380342,4.204384803771973,2065700,0.0,0.0
2022-07-11 00:00:00-04:00,4.163030202475209,4.211277359866806,3.990719348635484,4.004504203796387,2415700,0.0,0.0
2022-07-12 00:00:00-04:00,3.9769344934745807,4.0665362163488865,3.9769344934745807,4.004504203796387,1267500,0.0,0.0
2022-07-13 00:00:00-04:00,3.935579632190354,4.018288756939285,3.9183484823701153,3.9769341945648193,1776500,0.0,0.0
2022-07-14 00:00:00-04:00,3.914902418187688,3.94936471986614,3.852870735286087,3.9011175632476807,1496900,0.0,0.0
2022-07-15 00:00:00-04:00,3.9493652047825356,3.9700426540598275,3.8528712083546237,3.8666560649871826,1388800,0.0,0.0
2022-07-18 00:00:00-04:00,3.9217941854234315,4.014841854540864,3.9217941854234315,3.956256151199341,1537000,0.0,0.0
2022-07-19 00:00:00-04:00,4.011397060190109,4.163030476957743,3.9872733155753157,4.128568172454834,1532800,0.0,0.0
2022-07-20 00:00:00-04:00,4.0941064535999585,4.235401319348696,4.087213860803964,4.218170166015625,954100,0.0,0.0
2022-07-21 00:00:00-04:00,4.183708623502124,4.424943809305326,4.1802623267453916,4.404266357421875,1005100,0.0,0.0
2022-07-22 00:00:00-04:00,4.390481306162619,4.43183587945572,4.300879566365766,4.307772159576416,1031000,0.0,0.0
2022-07-25 00:00:00-04:00,4.3491263963760725,4.383588702449097,4.266417256189105,4.3766961097717285,1217800,0.0,0.0
2022-07-26 00:00:00-04:00,4.321556241886902,4.428389116883509,4.300878794622216,4.3904805183410645,791500,0.0,0.0
2022-07-27 00:00:00-04:00,4.42494320344754,4.507652342343014,4.366357481232355,4.500760078430176,1102800,0.0,0.0
2022-07-28 00:00:00-04:00,4.438728088368289,4.5421146769784615,4.383588662084705,4.51454496383667,708300,0.0,0.0
2022-07-29 00:00:00-04:00,4.521438056237267,4.690302662335303,4.4456211668772845,4.659286975860596,1360900,0.0,0.0
2022-08-01 00:00:00-04:00,4.611038509817167,4.810919074916205,4.58346879936605,4.748887062072754,982600,0.0,0.0
2022-08-02 00:00:00-04:00,4.728209972381592,4.769564538310327,4.659285695833701,4.728209972381592,804500,0.0,0.0
2022-08-03 00:00:00-04:00,4.75577965401397,4.800580515661254,4.67996278594496,4.748887062072754,728300,0.0,0.0
2022-08-04 00:00:00-04:00,4.714426163731947,4.714426163731947,4.349126923941937,4.404266357421875,3260400,0.0,0.0
2022-08-05 00:00:00-04:00,4.369804008583991,4.45940541613025,4.245739965023612,4.259524822235107,2499200,0.0,0.0
2022-08-08 00:00:00-04:00,4.293987193312923,4.483529229276383,4.293987193312923,4.452513217926025,1469500,0.0,0.0
2022-08-09 00:00:00-04:00,4.486975863757027,4.486975863757027,4.314664968749281,4.418051242828369,1315400,0.0,0.0
2022-08-10 00:00:00-04:00,4.507652371222769,4.611038959832942,4.480082658080977,4.51454496383667,1316000,0.0,0.0
2022-08-11 00:00:00-04:00,4.521437050618272,4.652393347238631,4.466297626495361,4.466297626495361,1557400,0.0,0.0
2022-08-12 00:00:00-04:00,4.507652073320804,4.621377214679049,4.473189769842658,4.597253799438477,750700,0.0,0.0
2022-08-15 00:00:00-04:00,4.535222139531584,4.597254159183634,4.514545018752173,4.5765767097473145,529200,0.0,0.0
2022-08-16 00:00:00-04:00,4.583468591229373,4.728209728853438,4.566237440815678,4.652392864227295,913200,0.0,0.0
2022-08-17 00:00:00-04:00,4.5834687006880035,4.61103841054557,4.462850973568504,4.486974716186523,1124000,0.0,0.0
2022-08-18 00:00:00-04:00,4.459405263140957,4.590361566485891,4.452512999100123,4.5765767097473145,948400,0.0,0.0
2022-08-19 00:00:00-04:00,4.521436900106008,4.5558992033640715,4.411158055531214,4.431835174560547,1651700,0.0,0.0
2022-08-22 00:00:00-04:00,4.376696667465344,4.469744708524862,4.3422346856579646,4.418051242828369,1754400,0.0,0.0
2022-08-23 00:00:00-04:00,4.459405733671425,4.590362050834106,4.459405733671425,4.542115211486816,1382600,0.0,0.0
2022-08-24 00:00:00-04:00,4.535222084364561,4.590361510648145,4.480082658080977,4.51454496383667,1071600,0.0,0.0
2022-08-25 00:00:00-04:00,4.5421146769784615,4.562791797506353,4.4662978015100805,4.51454496383667,1081300,0.0,0.0
2022-08-26 00:00:00-04:00,4.528329398659822,4.56279137254898,4.293986530123299,4.356018543243408,2251900,0.0,0.0
2022-08-29 00:00:00-04:00,4.328449078452054,4.342233934521839,4.121675908748388,4.128568172454834,1030500,0.0,0.0
2022-08-30 00:00:00-04:00,4.13546102440518,4.218170166015625,4.018289576128594,4.218170166015625,1207300,0.0,0.0
2022-08-31 00:00:00-04:00,4.27330971150274,4.283648600981608,4.190600567613327,4.238847732543945,982300,0.0,0.0
2022-09-01 00:00:00-04:00,4.197492812201938,4.197492812201938,3.997612233397741,4.107891082763672,1233600,0.0,0.0
2022-09-02 00:00:00-04:00,4.149245382658668,4.29398652740953,4.128567935412741,4.204384803771973,1096400,0.0,0.0
2022-09-06 00:00:00-04:00,4.211277485390441,4.2526320521057865,4.187153741647161,4.245739459991455,527400,0.0,0.0
2022-09-07 00:00:00-04:00,4.197492861161987,4.335341424477281,4.197492861161987,4.321556568145752,660000,0.0,0.0
2022-09-08 00:00:00-04:00,4.2664169072166676,4.397373199462891,4.225062340505789,4.397373199462891,733400,0.0,0.0
2022-09-09 00:00:00-04:00,4.431835735665826,4.549007187189813,4.431835735665826,4.4731903076171875,2416900,0.0,0.0
2022-09-12 00:00:00-04:00,4.52832981841553,4.628270110674789,4.50765236923983,4.549006938934326,1872800,0.0,0.0
2022-09-13 00:00:00-04:00,4.411158818172794,4.411158818172794,4.107891614503615,4.135461330413818,2492400,0.0,0.0
2022-09-14 00:00:00-04:00,4.149245502787737,4.169922950632318,3.7460380634019317,3.8873329162597656,11026400,0.0,0.0
2022-09-15 00:00:00-04:00,3.8873333430454524,4.114783651022916,3.856317332201813,4.0596442222595215,6137200,0.0,0.0
2022-09-16 00:00:00-04:00,3.99761127365388,4.152690950507518,3.97969093206853,4.094105243682861,2960100,0.0,0.0
2022-09-19 00:00:00-04:00,4.073428748175695,4.149245620887958,4.038966772329679,4.128568172454834,1295400,0.0,0.0
2022-09-20 00:00:00-04:00,4.0734288764449404,4.080321469025322,3.944540484566697,3.9631500244140625,1645900,0.0,0.0
2022-09-21 00:00:00-04:00,3.983826823517136,3.983826823517136,3.735699118274027,3.742591381072998,2146100,0.0,0.0
2022-09-22 00:00:00-04:00,3.728807680645485,3.759823694480451,3.480680227279663,3.480680227279663,1270000,0.0,0.0
2022-09-23 00:00:00-04:00,3.4393245872879947,3.453109771516209,3.218766898146664,3.315260887145996,2182600,0.0,0.0
2022-09-26 00:00:00-04:00,3.3083686239288266,3.356615454103553,3.167073443491308,3.2394440174102783,1564300,0.0,0.0
2022-09-27 00:00:00-04:00,3.2980305726154517,3.308369463410804,3.153289388050169,3.170520544052124,1485200,0.0,0.0
2022-09-28 00:00:00-04:00,3.1843050260275088,3.3049227751003234,3.139504157190661,3.30147647857666,972200,0.0,0.0
2022-09-29 00:00:00-04:00,3.253229114487553,3.253229114487553,3.149842854348567,3.204982280731201,1265600,0.0,0.0
2022-09-30 00:00:00-04:00,3.2256590459811143,3.3841850436975696,3.2256590459811143,3.3359382152557373,1240300,0.0,0.0
2022-10-03 00:00:00-04:00,3.370400105285379,3.4841252390247393,3.3290455410762356,3.439324378967285,1574500,0.0,0.0
2022-10-04 00:00:00-04:00,3.5082498415440906,3.639206157979198,3.48412609334753,3.5496044158935547,1375400,0.0,0.0
2022-10-05 00:00:00-04:00,3.4737867445559263,3.577173321324457,3.4600018895639137,3.542711019515991,1252000,0.0,0.0
2022-10-06 00:00:00-04:00,3.5496035455151955,3.6323126739334826,3.4255395242309037,3.439324378967285,722400,0.0,0.0
2022-10-07 00:00:00-04:00,3.377292751715004,3.380739047619166,3.268392298935675,3.3566153049468994,2984200,0.0,0.0
2022-10-10 00:00:00-04:00,3.3635080752146935,3.4427709132747086,3.349723219523522,3.404862642288208,569400,0.0,0.0
2022-10-11 00:00:00-04:00,3.3841856126813505,3.4462176352867275,3.3221539187328983,3.377293348312378,869000,0.0,0.0
2022-10-12 00:00:00-04:00,3.3702568020180714,3.42654496259813,3.342112721728042,3.384328842163086,1037500,0.1,0.0
2022-10-13 00:00:00-04:00,3.2998969314414537,3.472279524340411,3.2400906709656625,3.3702571392059326,1010400,0.0,0.0
2022-10-14 00:00:00-04:00,3.285824776495498,3.2928606292771723,3.190838247663463,3.208428382873535,1145500,0.0,0.0
2022-10-17 00:00:00-04:00,3.2717527526579144,3.3984011229303257,3.2717527526579144,3.3069326877593994,967000,0.0,0.0
2022-10-18 00:00:00-04:00,3.391364747761281,3.475796981604996,3.299896326678653,3.356184482574463,635900,0.0,0.0
2022-10-19 00:00:00-04:00,3.2998964016104986,3.3702565980779533,3.2717523230235166,3.335076332092285,634700,0.0,0.0
2022-10-20 00:00:00-04:00,3.37729269775187,3.408954533711901,3.257680199112176,3.2787880897521973,1087300,0.0,0.0
2022-10-21 00:00:00-04:00,3.328040739228551,3.356184820006068,3.2506443493384247,3.3421127796173096,738400,0.0,0.0
2022-10-24 00:00:00-04:00,3.3491490056643816,3.3702568987356947,3.271752614893775,3.292860507965088,737800,0.0,0.0
2022-10-25 00:00:00-04:00,3.2295369172825303,3.2787888979182753,3.092334252288765,3.166212558746338,1615700,0.0,0.0
2022-10-26 00:00:00-04:00,3.138068120055661,3.2154645122599166,3.0557465303432734,3.081779956817627,1055100,0.0,0.0
2022-10-27 00:00:00-04:00,2.905879216678913,2.9692032312128203,2.751086603339295,2.8003387451171875,2217500,0.0,0.0
2022-10-28 00:00:00-04:00,2.772194628614804,2.965685434750469,2.7546044943290338,2.941059112548828,2601100,0.0,0.0
2022-10-31 00:00:00-04:00,2.9199508180924374,3.123995542526245,2.9199508180924374,3.123995542526245,1732400,0.0,0.0
2022-11-01 00:00:00-04:00,3.1591759120503236,3.2084282210536577,3.0888157102626375,3.0958518981933594,1619000,0.0,0.0
2022-11-02 00:00:00-04:00,3.0958515283224948,3.1028873799087155,2.9727209382769026,3.0114192962646484,1295900,0.0,0.0
2022-11-03 00:00:00-04:00,3.011419948888318,3.1310321358069064,2.983275529932483,3.053636074066162,852900,0.0,0.0
2022-11-04 00:00:00-04:00,3.1028873799087155,3.138067644351418,2.912914690026628,3.0114192962646484,1181400,0.0,0.0
2022-11-07 00:00:00-05:00,3.025491868589719,3.2154645919799805,3.025491868589719,3.2154645919799805,2003900,0.0,0.0
2022-11-08 00:00:00-05:00,3.201392550821588,3.250644527123999,3.148622144849672,3.2154645919799805,779800,0.0,0.0
2022-11-09 00:00:00-05:00,3.201392368626842,3.201392368626842,3.085297951801183,3.0958518981933594,780300,0.0,0.0
2022-11-10 00:00:00-05:00,3.211046379718309,3.272243478918594,3.196647082453908,3.261444091796875,5196900,0.1,0.0
2022-11-11 00:00:00-05:00,3.2758431440355187,3.4162361960357575,3.2700831509155317,3.3982369899749756,2709200,0.0,0.0
2022-11-14 00:00:00-05:00,3.376638469912081,3.3946376773191638,3.22544567698271,3.261444091796875,3208100,0.0,0.0
2022-11-15 00:00:00-05:00,3.347839215058312,3.3766378039069043,3.146248749811907,3.1966464519500732,1251400,0.0,0.0
2022-11-16 00:00:00-05:00,3.1822479002211717,3.2038466752453605,3.0958521135117385,3.139050006866455,1542100,0.0,0.0
2022-11-17 00:00:00-05:00,3.103051348565789,3.1664081852132657,3.0706528452517867,3.153449058532715,899900,0.0,0.0
2022-11-18 00:00:00-05:00,3.189447339219094,3.2470448729744628,3.1678485644538736,3.2110464572906494,1307500,0.0,0.0
2022-11-21 00:00:00-05:00,3.175047831871175,3.2110462451770236,3.1282500318960955,3.153449058532715,1276800,0.0,0.0
2022-11-22 00:00:00-05:00,3.1678483486175537,3.232645011804731,3.1426493220332454,3.1678483486175537,893200,0.0,0.0
2022-11-23 00:00:00-05:00,3.17504737951458,3.2434442863897597,3.1462487902954295,3.232644557952881,1098300,0.0,0.0
2022-11-25 00:00:00-05:00,3.211046138978161,3.3082413023993205,3.211046138978161,3.2758431434631348,486500,0.0,0.0
2022-11-28 00:00:00-05:00,3.232645328920841,3.2398451495958778,3.095852169158599,3.131850242614746,1211500,0.0,0.0
2022-11-29 00:00:00-05:00,3.131850186320833,3.1678486024362664,3.031055101826494,3.139050006866455,2088800,0.0,0.0
2022-11-30 00:00:00-05:00,3.1102507297975226,3.2326445624978617,3.1102507297975226,3.218245267868042,5068800,0.0,0.0
2022-12-01 00:00:00-05:00,3.247044324874878,3.2830423911758992,3.182247324904251,3.247044324874878,1674400,0.0,0.0
2022-12-02 00:00:00-05:00,3.232644911602285,3.3298404183297454,3.175047726862887,3.2758431434631348,1548700,0.0,0.0
2022-12-05 00:00:00-05:00,3.2398446106972454,3.247044430174702,3.0958516542109944,3.110250949859619,1495200,0.0,0.0
2022-12-06 00:00:00-05:00,3.131850324402863,3.333440845585925,3.110251548426393,3.3118417263031006,4156300,0.0,0.0
2022-12-07 00:00:00-05:00,3.3190410755951145,3.419836150212453,3.2902424828473036,3.2974419593811035,2529100,0.0,0.0
2022-12-08 00:00:00-05:00,3.3118417263031006,3.391038039264984,3.293842517451806,3.3118417263031006,2046000,0.0,0.0
2022-12-09 00:00:00-05:00,3.3046417236328125,3.3550390884405794,3.2470445391060507,3.3046417236328125,1069700,0.0,0.0
2022-12-12 00:00:00-05:00,3.304641983590077,3.3190412808544782,3.2326451539617467,3.261444091796875,1359000,0.0,0.0
2022-12-13 00:00:00-05:00,3.3406399081917764,3.383837798085332,3.1534490519863683,3.1678483486175537,2532000,0.0,0.0
2022-12-14 00:00:00-05:00,3.167848460515066,3.383837917612212,3.167848460515066,3.3190412521362305,1723500,0.0,0.0
2022-12-15 00:00:00-05:00,3.43423511558263,3.5242307950720133,3.369438116492266,3.3766379356384277,1505000,0.0,0.0
2022-12-16 00:00:00-05:00,3.3478396243873827,3.376638216757082,3.250644117659922,3.2758431434631348,1668100,0.0,0.0
2022-12-19 00:00:00-05:00,3.2542436715203755,3.283042260739526,3.2110457876916496,3.232644557952881,1445800,0.0,0.0
2022-12-20 00:00:00-05:00,3.2686437456833333,3.3118416398145167,3.1246507652460545,3.131850242614746,2516000,0.0,0.0
2022-12-21 00:00:00-05:00,3.1678485626621713,3.481033543031409,3.1210507596222157,3.4702341556549072,6815300,0.0,0.0
2022-12-22 00:00:00-05:00,3.434235176789781,3.4666336769123896,3.2902422243629412,3.35503888130188,1875700,0.0,0.0
2022-12-23 00:00:00-05:00,3.3838378687472583,3.4630341735257244,3.3622390950026064,3.4198362827301025,2130600,0.0,0.0
2022-12-27 00:00:00-05:00,3.4270356201789935,3.4630336857854833,3.3514392361072134,3.434235095977783,2805800,0.0,0.0
2022-12-28 00:00:00-05:00,3.434235607636586,3.5062320928824255,3.329840618203539,3.362239122390747,2090500,0.0,0.0
2022-12-29 00:00:00-05:00,3.3982375661668702,3.4990329998752103,3.3982375661668702,3.4558351039886475,1472000,0.0,0.0
2022-12-30 00:00:00-05:00,3.441435616299656,3.5854285946777416,3.4198364978897726,3.4630343914031982,1318400,0.0,0.0
2023-01-03 00:00:00-05:00,3.47743351337748,3.607027530670166,3.47743351337748,3.607027530670166,2068400,0.0,0.0
2023-01-04 00:00:00-05:00,3.6502256877506034,3.772619550439791,3.607027793276829,3.6574251651763916,1947500,0.0,0.0
2023-01-05 00:00:00-05:00,3.6142272163562086,3.7942186122769486,3.596228008102866,3.7582201957702637,3149800,0.0,0.0
2023-01-06 00:00:00-05:00,3.765419249690861,3.8050172251403205,3.7150215455045985,3.7510199546813965,2649100,0.0,0.0
2023-01-09 00:00:00-05:00,3.7798191697436616,3.9886091535602337,3.7798191697436616,3.938211441040039,2689000,0.0,0.0
2023-01-10 00:00:00-05:00,3.9454116910025805,3.9742102889196063,3.8698152856437957,3.9310123920440674,2679000,0.0,0.0
2023-01-11 00:00:00-05:00,3.938210703294534,3.9670096359871154,3.808617051056111,3.8446154594421387,1078100,0.0,0.0
2023-01-12 00:00:00-05:00,3.873415109875484,3.8842144980270694,3.7438210788310213,3.7654201984405518,1313000,0.0,0.0
2023-01-13 00:00:00-05:00,3.765419944855976,3.8158176583465746,3.729421529033215,3.7942185401916504,1054400,0.0,0.0
2023-01-17 00:00:00-05:00,3.8014183683050673,3.830216963698517,3.7150222388183813,3.7798192501068115,894800,0.0,0.0
2023-01-18 00:00:00-05:00,3.794218269003951,3.9238119387519172,3.7870187923377756,3.8662147521972656,1024900,0.0,0.0
2023-01-19 00:00:00-05:00,3.8230163457492687,3.8662142298287434,3.772618642670083,3.8446154594421387,871300,0.0,0.0
2023-01-20 00:00:00-05:00,3.844615644834016,4.003007894096616,3.8266164397730593,3.9886085987091064,960700,0.0,0.0
2023-01-23 00:00:00-05:00,3.9958091189179896,4.046206489960793,3.9310121066557095,4.0174078941345215,1153000,0.0,0.0
2023-01-24 00:00:00-05:00,4.024606948216295,4.053405538557577,3.9202119724025795,4.010207653045654,1023600,0.0,0.0
2023-01-25 00:00:00-05:00,3.9742105201400197,4.0008493792509885,3.851816300218555,3.9454119205474854,1002400,0.0,0.0
2023-01-26 00:00:00-05:00,3.9670106275570896,4.0102085224340485,3.877014927403504,3.9238123893737793,745400,0.0,0.0
2023-01-27 00:00:00-05:00,3.90221347108137,4.046206448746006,3.8878141733149065,3.9958090782165527,776500,0.0,0.0
2023-01-30 00:00:00-05:00,3.967009544372558,4.017406902981597,3.9454104311785008,3.9670095443725586,658100,0.0,0.0
2023-01-31 00:00:00-05:00,3.9886088128250807,4.075004589788022,3.9598102205041004,4.046205997467041,1008300,0.0,0.0
2023-02-01 00:00:00-05:00,4.031806374788875,4.197398438877113,4.031806374788875,4.154200553894043,1223900,0.0,0.0
2023-02-02 00:00:00-05:00,4.175800134253039,4.247796617262993,4.0555656814854215,4.182999610900879,1392600,0.0,0.0
2023-02-03 00:00:00-05:00,4.154201128022223,4.197399018975424,4.049806139058739,4.060605525970459,1765200,0.0,0.0
2023-02-06 00:00:00-05:00,4.0606050144897585,4.0606050144897585,3.9742092434659138,4.010207653045654,849800,0.0,0.0
2023-02-07 00:00:00-05:00,3.9958098722739286,4.060606553446405,3.909413725199949,3.9598114490509033,661000,0.0,0.0
2023-02-08 00:00:00-05:00,3.9454112268306,3.985009208481273,3.8878140377727752,3.9022133350372314,499900,0.0,0.0
2023-02-09 00:00:00-05:00,3.9382119431365457,3.9598110636293278,3.8158180713653564,3.8158180713653564,629200,0.0,0.0
2023-02-10 00:00:00-05:00,3.794218770154507,3.859015785240209,3.7582203521499267,3.8086180686950684,783700,0.0,0.0
2023-02-13 00:00:00-05:00,3.815818000375964,3.970610378353386,3.790618969718791,3.9310123920440674,3602500,0.0,0.0
2023-02-14 00:00:00-05:00,3.9382108931996838,4.028206575198186,3.9216518579918755,3.9886085987091064,1608000,0.0,0.0
2023-02-15 00:00:00-05:00,3.9598106174393557,4.100204026557032,3.938211499380354,4.082204818725586,1191500,0.0,0.0
2023-02-16 00:00:00-05:00,4.031806479530815,4.082204184973477,4.003007888793945,4.003007888793945,962300,0.0,0.0
2023-02-17 00:00:00-05:00,4.003008139583959,4.039006551913501,3.9454109545017344,3.9742095470428467,1081800,0.0,0.0
2023-02-21 00:00:00-05:00,3.945411241456735,3.9778097462484485,3.8662149345554715,3.8734147548675537,1057200,0.0,0.0
2023-02-22 00:00:00-05:00,3.8878136121542086,3.9490107046551746,3.868374580140598,3.909412384033203,1387600,0.0,0.0
2023-02-23 00:00:00-05:00,3.6358261385082895,3.7870189303785398,3.5134319409651034,3.6862235069274902,3702000,0.0,0.0
2023-02-24 00:00:00-05:00,3.607027565207464,3.685503615048957,3.56382933015873,3.6430256366729736,1230500,0.0,0.0
2023-02-27 00:00:00-05:00,3.6358262926178813,3.6502255903917478,3.448635078251276,3.491832971572876,1963100,0.0,0.0
2023-02-28 00:00:00-05:00,3.506232228012026,3.6214269521512756,3.4486350375955683,3.4702341556549072,1761500,0.0,0.0
2023-03-01 00:00:00-05:00,3.441435266426464,3.463034039334169,3.183687415035359,3.2974419593811035,6913100,0.0,0.0
2023-03-02 00:00:00-05:00,3.2758431434631348,3.315441122144896,3.2182456154174353,3.2758431434631348,4829600,0.0,0.0
2023-03-03 00:00:00-05:00,3.3046419549964203,3.383837917612212,3.283042837633544,3.3190412521362305,2264400,0.0,0.0
2023-03-06 00:00:00-05:00,3.3478394424770097,3.3838375093299686,3.2254452599031276,3.254243850708008,1745400,0.0,0.0
2023-03-07 00:00:00-05:00,3.2326452787813684,3.2506444868834405,3.1030515983978617,3.124650716781616,1416600,0.0,0.0
2023-03-08 00:00:00-05:00,3.1246507417483813,3.182247933490156,3.08145284794205,3.1750481128692627,2638600,0.0,0.0
2023-03-09 00:00:00-05:00,3.160648814933819,3.207446619050597,3.149849427308822,3.1750481128692627,1095700,0.0,0.0
2023-03-10 00:00:00-05:00,3.1534492220018415,3.1534492220018415,2.9950566072128924,3.038254499435425,1945600,0.0,0.0
2023-03-13 00:00:00-04:00,3.023505449295044,3.089875195177089,2.9681975621526533,3.023505449295044,1172800,0.1,0.0
2023-03-14 00:00:00-04:00,3.075126837512914,3.075126837512914,2.990321000021816,3.0308804512023926,1545500,0.0,0.0
2023-03-15 00:00:00-04:00,2.9645101259248734,3.0087565037280566,2.8907661629195687,2.90551495552063,1773400,0.0,0.0
2023-03-16 00:00:00-04:00,2.8833923660931355,2.949761946596533,2.8096482119365143,2.9128899574279785,1732700,0.0,0.0
2023-03-17 00:00:00-04:00,2.920263981532668,2.920263981532668,2.794899058584001,2.8538942337036133,3871100,0.0,0.0
2023-03-20 00:00:00-04:00,2.8833919809437014,2.898140774641051,2.735903868150715,2.7432782649993896,2558600,0.0,0.0
2023-03-21 00:00:00-04:00,2.787524717809785,2.828083989430764,2.758027129656162,2.8022735118865967,1211400,0.0,0.0
2023-03-22 00:00:00-04:00,2.802273494148247,2.8723303534793896,2.7617142227840077,2.787524700164795,1188400,0.0,0.0
2023-03-23 00:00:00-04:00,2.8022739425893475,2.853894729792178,2.7174682757035074,2.7580275535583496,1747000,0.0,0.0
2023-03-24 00:00:00-04:00,2.735903921222713,2.787524700164795,2.6946072629051496,2.787524700164795,807700,0.0,0.0
2023-03-27 00:00:00-04:00,2.7875248615847763,2.839145643516114,2.772776066747251,2.824396848678589,1171200,0.0,0.0
2023-03-28 00:00:00-04:00,2.8096475714669227,2.8686429165079144,2.8096475714669227,2.8612685203552246,556900,0.0,0.0
2023-03-29 00:00:00-04:00,2.883392256314849,2.9497618342913827,2.8760178587619007,2.92026424407959,766100,0.0,0.0
2023-03-30 00:00:00-04:00,2.97188470840872,2.97925892891549,2.920263758305513,2.9571359157562256,848200,0.0,0.0
2023-03-31 00:00:00-04:00,2.9571362713207336,3.01613144902426,2.9350129038624133,3.0087568759918213,772600,0.0,0.0
2023-04-03 00:00:00-04:00,3.0235058938311297,3.0788141407442797,2.964510711768321,3.0456292629241943,7919200,0.0,0.0
2023-04-04 00:00:00-04:00,3.0382542735666793,3.0530030670640333,2.7912118945762594,2.809647798538208,1270300,0.0,0.0
2023-04-05 00:00:00-04:00,2.8317711353302,2.86864329680123,2.7985864361535686,2.8317711353302,1223500,0.0,0.0
2023-04-06 00:00:00-04:00,2.82439661167707,2.82439661167707,2.691657469277787,2.728529453277588,1513000,0.0,0.0
2023-04-10 00:00:00-04:00,2.7211551615086402,2.846519911946786,2.6842831760856565,2.8170223236083984,1062700,0.0,0.0
2023-04-11 00:00:00-04:00,2.831771117777592,2.898140867358458,2.8096479265238017,2.8170223236083984,852200,0.0,0.0
2023-04-12 00:00:00-04:00,2.8391455018170135,2.842832788252117,2.662159796780401,2.706406354904175,2082400,0.0,0.0
2023-04-13 00:00:00-04:00,2.7137806596776675,2.7985863107869537,2.7064062628777075,2.728529453277588,1724700,0.0,0.0
2023-04-14 00:00:00-04:00,2.735903937891274,2.743278334927928,2.64003660059527,2.654785394668579,2151900,0.0,0.0
2023-04-17 00:00:00-04:00,2.6621597917052338,2.7064063497446553,2.62160069591338,2.654785394668579,3538800,0.0,0.0
2023-04-18 00:00:00-04:00,2.6695343964492118,2.728529753152169,2.643724092722456,2.6769089698791504,1633100,0.0,0.0
2023-04-19 00:00:00-04:00,2.6769088903409077,2.699032082514861,2.595790343216909,2.6621599197387695,1564500,0.0,0.0
2023-04-20 00:00:00-04:00,2.654785266278404,2.6695340596384356,2.6252876795583417,2.6474108695983887,842200,0.0,0.0
2023-04-21 00:00:00-04:00,2.6326622209633443,2.687970287013647,2.61791342679253,2.669534206390381,1247400,0.0,0.0
2023-04-24 00:00:00-04:00,2.684282908414557,2.7100932077271485,2.662159543547367,2.691657304763794,1105100,0.0,0.0
2023-04-25 00:00:00-04:00,2.691657632874564,2.713780824619074,2.595790292828854,2.6179134845733643,1340900,0.0,0.0
2023-04-26 00:00:00-04:00,2.5957903352465954,2.640036719458645,2.5367951562971958,2.551543951034546,1444600,0.0,0.0
2023-04-27 00:00:00-04:00,2.5515438524908793,3.0050695368779365,2.5515438524908793,2.964510440826416,2886200,0.0,0.0
2023-04-28 00:00:00-04:00,2.9645104927141763,3.1636193932830765,2.9645104927141763,3.0087568759918213,2304900,0.0,0.0
2023-05-01 00:00:00-04:00,2.986633849341466,3.045629026831046,2.8833921129152027,2.8981409072875977,1376400,0.0,0.0
2023-05-02 00:00:00-04:00,2.8907666012669546,2.8907666012669546,2.7948992590035386,2.824396848678589,1680700,0.0,0.0
2023-05-03 00:00:00-04:00,2.8170226089727683,2.8612691717820207,2.743278630656536,2.750653028488159,938100,0.0,0.0
2023-05-04 00:00:00-04:00,2.735903850077548,2.8096478180771496,2.7137806596776675,2.728529453277588,995900,0.0,0.0
2023-05-05 00:00:00-04:00,2.7580270586967393,2.7948990429401137,2.6990318839073404,2.7432782649993896,1209000,0.0,0.0
2023-05-08 00:00:00-04:00,2.765401669328489,2.824396848678589,2.743278477072201,2.824396848678589,1058200,0.0,0.0
2023-05-09 00:00:00-04:00,2.809648211141145,2.809648211141145,2.750653028488159,2.750653028488159,1007500,0.0,0.0
2023-05-10 00:00:00-04:00,2.758027261645404,2.7727760564280395,2.654785522347452,2.6621599197387695,1015100,0.0,0.0
2023-05-11 00:00:00-04:00,2.6474109976319244,2.6695341887418884,2.617913409485306,2.654785394668579,554800,0.0,0.0
2023-05-12 00:00:00-04:00,2.6547853769214917,2.673221457299631,2.5736670100605625,2.6400365829467773,984500,0.0,0.0
2023-05-15 00:00:00-04:00,2.654785266278404,2.6916574254979677,2.6105388861983108,2.6474108695983887,1622100,0.0,0.0
2023-05-16 00:00:00-04:00,2.59579000024024,2.6179131894910994,2.5072972432368013,2.57366681098938,2096900,0.0,0.0
2023-05-17 00:00:00-04:00,2.5957901657289915,2.617913356390265,2.555230894940244,2.610538959503174,1357300,0.0,0.0
2023-05-18 00:00:00-04:00,2.5957903295001645,2.7064064656049136,2.5957903295001645,2.6990320682525635,1970300,0.0,0.0
2023-05-19 00:00:00-04:00,2.72115501221803,2.783837471907905,2.6252876795583417,2.6474108695983887,1930500,0.0,0.0
2023-05-22 00:00:00-04:00,2.6621597917052338,2.691657555671346,2.617913409485306,2.654785394668579,2448800,0.0,0.0
2023-05-23 00:00:00-04:00,2.654785309458498,2.813335104386874,2.6363494053683416,2.728529453277588,2479300,0.0,0.0
2023-05-24 00:00:00-04:00,2.743278466862768,2.765401659036722,2.6252879327821805,2.6621599197387695,1817800,0.0,0.0
2023-05-25 00:00:00-04:00,2.64741094393863,2.6621597377128126,2.5957901657289915,2.610538959503174,1995400,0.0,0.0
2023-05-26 00:00:00-04:00,2.6252878453427564,2.746965486156583,2.6179134481970547,2.7359039783477783,931300,0.0,0.0
2023-05-30 00:00:00-04:00,2.7359040550143128,2.7536025734960523,2.6990320682525635,2.6990320682525635,608700,0.0,0.0
2023-05-31 00:00:00-04:00,2.6769088903409077,2.687970398518133,2.610539137999545,2.6621599197387695,918300,0.0,0.0
2023-06-01 00:00:00-04:00,2.654785326995802,2.7801502492427637,2.654785326995802,2.7432782649993896,934000,0.0,0.0
2023-06-02 00:00:00-04:00,2.7948988351931963,2.9386996509632786,2.7948988351931963,2.90551495552063,1176200,0.0,0.0
2023-06-05 00:00:00-04:00,2.86864329680123,2.9350128709739898,2.805960833283875,2.8317711353302,1081800,0.0,0.0
2023-06-06 00:00:00-04:00,2.824397007603936,2.942387548762822,2.824397007603936,2.9128899574279785,538500,0.0,0.0
2023-06-07 00:00:00-04:00,2.9276386079768524,2.9681978819615575,2.8907666206359863,2.8907666206359863,996600,0.0,0.0
2023-06-08 00:00:00-04:00,2.8907663385931412,2.8981407353418183,2.7432782278001158,2.809647798538208,1572600,0.0,0.0
2023-06-09 00:00:00-04:00,2.817022341069587,2.861268899670923,2.772775958287747,2.8317711353302,955700,0.0,0.0
2023-06-12 00:00:00-04:00,2.876017680940992,2.8981408722319846,2.809647931248518,2.868643283843994,993900,0.0,0.0
2023-06-13 00:00:00-04:00,2.868643216248827,2.9821779815109553,2.868643216248827,2.898919105529785,685700,0.1,0.0
2023-06-14 00:00:00-04:00,2.8686431526843643,2.879996701142415,2.7248325013278873,2.7399704456329346,1847100,0.0,0.0
2023-06-15 00:00:00-04:00,2.7248324274903752,2.8232292432653545,2.7248324274903752,2.8005223274230957,1104800,0.0,0.0
2023-06-16 00:00:00-04:00,2.800522733763502,2.8686434911742236,2.7816002109201365,2.830798625946045,2086600,0.0,0.0
2023-06-20 00:00:00-04:00,2.8080917285447127,2.8080917285447127,2.671850032210161,2.694556951522827,1919000,0.0,0.0
2023-06-21 00:00:00-04:00,2.694556608438102,2.7172635248596078,2.634004831314087,2.634004831314087,1138800,0.0,0.0
2023-06-22 00:00:00-04:00,2.634004831314087,2.6604963240351087,2.56588408204957,2.634004831314087,1690200,0.0,0.0
2023-06-23 00:00:00-04:00,2.581022449543539,2.6097844762101743,2.505332535269035,2.5280394554138184,3494500,0.0,0.0
2023-06-26 00:00:00-04:00,2.5356079099021,2.6188667805198897,2.5356079099021,2.573452949523926,1663900,0.0,0.0
2023-06-27 00:00:00-04:00,2.573452989593724,2.7172634566534675,2.5431769213331465,2.664280652999878,1389400,0.0,0.0
2023-06-28 00:00:00-04:00,2.649142709098852,2.6718496249503905,2.5583150456926984,2.664280652999878,1532200,0.0,0.0
2023-06-29 00:00:00-04:00,2.6642808465613697,2.7702466420255494,2.6037290665581465,2.7626776695251465,1708800,0.0,0.0
2023-06-30 00:00:00-04:00,2.8005224644635685,2.8686432153237575,2.7815999434398044,2.8459362983703613,1466100,0.0,0.0
2023-07-03 00:00:00-04:00,2.8686433067745116,2.9367642402648926,2.834582840029321,2.9367642402648926,727900,0.0,0.0
2023-07-05 00:00:00-04:00,2.8686430749498713,2.9064879346869685,2.785384383528257,2.8005223274230957,1352500,0.0,0.0
2023-07-06 00:00:00-04:00,2.7626776691882116,2.8156604766845703,2.717263653732794,2.8156604766845703,610300,0.0,0.0
2023-07-07 00:00:00-04:00,2.861074243928587,2.951902092229997,2.8232293823273893,2.898919105529785,1560400,0.0,0.0
2023-07-10 00:00:00-04:00,2.7929534993164205,2.819444812267463,2.6567118167877197,2.6567118167877197,2167600,0.0,0.0
2023-07-11 00:00:00-04:00,2.6642809115784694,2.7853846549987793,2.626436048152917,2.7853846549987793,1506500,0.0,0.0
2023-07-12 00:00:00-04:00,2.830798285030827,2.8383672571649257,2.7551085636898414,2.8232293128967285,819000,0.0,0.0
2023-07-13 00:00:00-04:00,2.8232293823273893,2.898919105529785,2.7929534930464306,2.898919105529785,1088900,0.0,0.0
2023-07-14 00:00:00-04:00,2.8989191036246527,2.8989191036246527,2.7702465742651414,2.7929534912109375,1254700,0.0,0.0
2023-07-17 00:00:00-04:00,2.7626776107819175,2.8005224724792313,2.664280789910367,2.7096946239471436,1088900,0.0,0.0
2023-07-18 00:00:00-04:00,2.7248325013278873,2.7399704456329346,2.6945566127177933,2.7399704456329346,743100,0.0,0.0
2023-07-19 00:00:00-04:00,2.770246439633418,2.8043067231675427,2.739970371385214,2.8005223274230957,871900,0.0,0.0
2023-07-20 00:00:00-04:00,2.8080915730541105,2.8194449418525043,2.781600078426952,2.7853846549987793,531000,0.0,0.0
2023-07-21 00:00:00-04:00,2.8080917068091376,2.8383675989916806,2.771003684747957,2.830798625946045,503800,0.0,0.0
2023-07-24 00:00:00-04:00,2.8686432153237575,2.8686432153237575,2.8156604090991664,2.8459362983703613,705100,0.0,0.0
2023-07-25 00:00:00-04:00,2.853505328523544,2.9746090685214126,2.853505328523544,2.951902151107788,1308700,0.0,0.0
2023-07-26 00:00:00-04:00,2.974609009190716,2.9973159261514346,2.883781160889306,2.898919105529785,1067600,0.0,0.0
2023-07-27 00:00:00-04:00,2.755108663146053,2.914057083699976,2.732401565465527,2.777815580368042,1640300,0.0,0.0
2023-07-28 00:00:00-04:00,2.792953626073722,2.876212325561937,2.792953626073722,2.838367462158203,850700,0.0,0.0
2023-07-31 00:00:00-04:00,2.8232293480712563,2.9254105633839247,2.8232293480712563,2.861074209213257,1366400,0.0,0.0
2023-08-01 00:00:00-04:00,2.838367463794552,2.853505409164773,2.7702467096285583,2.7853846549987793,1618600,0.0,0.0
2023-08-02 00:00:00-04:00,2.76267732804066,2.7853842427351494,2.717263318193164,2.75510835647583,1411900,0.0,0.0
2023-08-03 00:00:00-04:00,2.717263595485571,2.7815999505813056,2.649142844450488,2.6567118167877197,1862700,0.0,0.0
2023-08-04 00:00:00-04:00,2.671849829730726,2.7021257198532322,2.645358335644263,2.6794188022613525,1119000,0.0,0.0
2023-08-07 00:00:00-04:00,2.686987602381805,2.739970406696557,2.6340047980670533,2.6491427421569824,935300,0.0,0.0
2023-08-08 00:00:00-04:00,2.6264357240241996,2.65292721538204,2.57345292176704,2.641573667526245,1654200,0.0,0.0
2023-08-09 00:00:00-04:00,2.649142912698606,2.6665515675685794,2.611298050037477,2.6264359951019287,1318700,0.0,0.0
2023-08-10 00:00:00-04:00,2.649142912138846,2.686987774791979,2.634004967077593,2.6794188022613525,695700,0.0,0.0
2023-08-11 00:00:00-04:00,2.671850032210161,2.7096948977312714,2.6491431128974945,2.694556951522827,930000,0.0,0.0
2023-08-14 00:00:00-04:00,2.686987911882789,2.699098304641375,2.6264361285484092,2.6718499660491943,506800,0.0,0.0
2023-08-15 00:00:00-04:00,2.6567116110282907,2.6945564697834046,2.6340046957752223,2.641573667526245,623400,0.0,0.0
2023-08-16 00:00:00-04:00,2.634004831314087,2.652927351894607,2.6037289427520793,2.634004831314087,637300,0.0,0.0
2023-08-17 00:00:00-04:00,2.626435826022089,2.702125546471734,2.6112978819321597,2.6491427421569824,531200,0.0,0.0
2023-08-18 00:00:00-04:00,2.634004864945479,2.649142809419766,2.6112979482340477,2.6188669204711914,561500,0.0,0.0
2023-08-21 00:00:00-04:00,2.6264360643432108,2.6302204604798227,2.581022227952601,2.5961601734161377,494100,0.0,0.0
2023-08-22 00:00:00-04:00,2.5961601734161377,2.6112981188796742,2.5658842824890646,2.5961601734161377,582500,0.0,0.0
2023-08-23 00:00:00-04:00,2.5961603760326395,2.6264362693225847,2.5749671424545424,2.6112983226776123,483000,0.0,0.0
2023-08-24 00:00:00-04:00,2.596160104973025,2.6415739401663805,2.592375528477642,2.6264359951019287,583800,0.0,0.0
2023-08-25 00:00:00-04:00,2.649142912698606,2.660496461726215,2.611298050037477,2.6264359951019287,474200,0.0,0.0
2023-08-28 00:00:00-04:00,2.6415738728919793,2.724832568626069,2.6415738728919793,2.7096946239471436,662700,0.0,0.0
2023-08-29 00:00:00-04:00,2.717263923637067,2.770246916854735,2.6945570038831623,2.74753999710083,936000,0.0,0.0
2023-08-30 00:00:00-04:00,2.755108534145464,2.762677506198397,2.6907721814662713,2.7021255493164062,601500,0.0,0.0
2023-08-31 00:00:00-04:00,2.7551085004192197,2.7626774723794982,2.6983411204878687,2.7172634601593018,647800,0.0,0.0
2023-09-01 00:00:00-04:00,2.724832773208618,2.76948976750189,2.724832773208618,2.724832773208618,516600,0.0,0.0
2023-09-05 00:00:00-04:00,2.709694552719106,2.7437550175806296,2.618866887033083,2.634004831314087,734800,0.0,0.0
2023-09-06 00:00:00-04:00,2.6340048989679334,2.6415738713028425,2.581022092623568,2.603729009628296,583100,0.0,0.0
2023-09-07 00:00:00-04:00,2.618866814119176,2.6340047579787127,2.5583150386810303,2.5583150386810303,1789700,0.0,0.0
2023-09-08 00:00:00-04:00,2.5734533246663664,2.599187796557123,2.558315378794327,2.5658843517303467,458500,0.0,0.0
2023-09-11 00:00:00-04:00,2.5810220592854725,2.626435892708335,2.5673978009834943,2.6188669204711914,680600,0.0,0.0
2023-09-12 00:00:00-04:00,2.5885911318938337,2.6832033787559357,2.5734531868325807,2.6794188022613525,1945600,0.0,0.0
2023-09-13 00:00:00-04:00,2.6093175101556434,2.663840697865992,2.5937395095825195,2.5937395095825195,1104300,0.1,0.0
2023-09-14 00:00:00-04:00,2.609316962195087,2.656051139804625,2.6015279635442266,2.6171059608459473,970200,0.0,0.0
2023-09-15 00:00:00-04:00,2.617106553253836,2.640473740200186,2.5547945499420166,2.5547945499420166,1314300,0.0,0.0
2023-09-18 00:00:00-04:00,2.5703726118238723,2.5937396136208393,2.5236386082299385,2.5859506130218506,1077300,0.0,0.0
2023-09-19 00:00:00-04:00,2.570372638830954,2.605423234746895,2.4730100374683843,2.4769046306610107,710500,0.0,0.0
2023-09-20 00:00:00-04:00,2.500271708053812,2.535322305026068,2.44574870164486,2.453537702560425,754700,0.0,0.0
2023-09-21 00:00:00-04:00,2.4223817205699043,2.4613269141861918,2.375647711075694,2.437959909439087,1069500,0.0,0.0
2023-09-22 00:00:00-04:00,2.44574848377049,2.453537483992188,2.4068032969575874,2.4301702976226807,863700,0.0,0.0
2023-09-25 00:00:00-04:00,2.4068036424565182,2.4769048402193055,2.399014641116702,2.461326837539673,552800,0.0,0.0
2023-09-26 00:00:00-04:00,2.4457482107777575,2.500271206243823,2.4106976208402333,2.4145920276641846,500100,0.0,0.0
2023-09-27 00:00:00-04:00,2.4223813084343004,2.4846934961961122,2.3873309001292213,2.4691154956817627,710700,0.0,0.0
2023-09-28 00:00:00-04:00,2.4691154844355836,2.492482485100677,2.418486890142341,2.4301702976226807,561800,0.0,0.0
2023-09-29 00:00:00-04:00,2.46911591576856,2.5041663300369947,2.437959909439087,2.437959909439087,742200,0.0,0.0
2023-10-02 00:00:00-04:00,2.4379598278282932,2.500271838401343,2.4068036368373282,2.422381639480591,895200,0.0,0.0
2023-10-03 00:00:00-04:00,2.406803457658747,2.4223814591422785,2.3133354487575573,2.328913450241089,1178400,0.0,0.0
2023-10-04 00:00:00-04:00,2.3367026323107924,2.351501790579889,2.2588126188488755,2.297757625579834,582800,0.0,0.0
2023-10-05 00:00:00-04:00,2.2821796946717465,2.2977576978541245,2.215973088294416,2.235445499420166,1058500,0.0,0.0
2023-10-06 00:00:00-04:00,2.258812397144222,2.266601397725916,2.1575552038777825,2.243234395980835,1007800,0.0,0.0
2023-10-09 00:00:00-04:00,2.2120783031952143,2.2354453059464094,2.1575552967757585,2.196500301361084,806600,0.0,0.0
2023-10-10 00:00:00-04:00,2.219867304112279,2.2588124944020347,2.188711300444019,2.196500301361084,901800,0.0,0.0
2023-10-11 00:00:00-04:00,2.2198674285089828,2.2549180274521525,2.103032408205818,2.134188413619995,1408900,0.0,0.0
2023-10-12 00:00:00-04:00,2.141977144774509,2.157555145516516,2.095243142548489,2.118610143661499,1016200,0.0,0.0
2023-10-13 00:00:00-04:00,2.1186100811463384,2.1341880814286753,2.0796650804404964,2.087454080581665,651200,0.0,0.0
2023-10-16 00:00:00-04:00,2.1030322617114363,2.2042892722540866,2.079665259278517,2.180922269821167,1033900,0.0,0.0
2023-10-17 00:00:00-04:00,2.1731328593505412,2.2666010371668572,2.165343860007881,2.2120778560638428,659600,0.0,0.0
2023-10-18 00:00:00-04:00,2.1887113460378633,2.2003949405090615,2.157555341720581,2.157555341720581,579400,0.0,0.0
2023-10-19 00:00:00-04:00,2.141977144774509,2.188711147000529,2.110821143290496,2.118610143661499,855300,0.0,0.0
2023-10-20 00:00:00-04:00,2.1108211760948055,2.1108211760948055,2.040719985961914,2.040719985961914,1409800,0.0,0.0
2023-10-23 00:00:00-04:00,2.0640872172951634,2.0640872172951634,2.001775026321411,2.001775026321411,2020800,0.0,0.0
2023-10-24 00:00:00-04:00,2.0173530661786394,2.0718762575353473,2.009564065371171,2.05629825592041,3246000,0.0,0.0
2023-10-25 00:00:00-04:00,2.064087257656571,2.200394864700814,2.0586347899549047,2.180922269821167,2308900,0.0,0.0
2023-10-26 00:00:00-04:00,2.2743901494132333,2.480798735092321,2.1809219669570337,2.4457483291625977,4376100,0.0,0.0
2023-10-27 00:00:00-04:00,2.476904617368238,2.59373962695365,2.4457486148121284,2.5314276218414307,3346900,0.0,0.0
2023-10-30 00:00:00-04:00,2.539216958244177,2.7183641823350855,2.539216958244177,2.6872081756591797,12347900,0.0,0.0
2023-10-31 00:00:00-04:00,2.679419248400972,2.7495202653685524,2.593740041958365,2.6248960494995117,2151800,0.0,0.0
2023-11-01 00:00:00-04:00,2.648262708279352,2.7105747108303526,2.5547945187484347,2.6326847076416016,2425700,0.0,0.0
2023-11-02 00:00:00-04:00,2.6638408310967687,2.7300474296960453,2.6404738290683927,2.6949968338012695,2429500,0.0,0.0
2023-11-03 00:00:00-04:00,2.726153249677971,2.95203448922429,2.7105752459647383,2.8274104595184326,6681200,0.0,0.0
2023-11-06 00:00:00-05:00,2.85077724786377,2.865576220270566,2.7728870495282605,2.8040430545806885,1674300,0.0,0.0
2023-11-07 00:00:00-05:00,2.7806758880615234,2.827410078609641,2.7573088856396786,2.7806758880615234,1331500,0.0,0.0
2023-11-08 00:00:00-05:00,2.7728867222298192,2.8118317239484707,2.749519721198628,2.7573087215423584,1065300,0.0,0.0
2023-11-09 00:00:00-05:00,2.8040427236047405,2.8429879110278082,2.7440674395284588,2.7573087215423584,1540100,0.0,0.0
2023-11-10 00:00:00-05:00,2.7417305548954483,2.7728865543844683,2.67396627457727,2.7339415550231934,1211700,0.0,0.0
2023-11-13 00:00:00-05:00,2.7105748951838518,2.765097901124234,2.7105748951838518,2.7261528968811035,1194500,0.0,0.0
2023-11-14 00:00:00-05:00,2.7806757841061023,2.8196207866865532,2.7573087825578315,2.7884647846221924,1456900,0.0,0.0
2023-11-15 00:00:00-05:00,2.811831456311899,2.850776640028075,2.796253457107188,2.8351986408233643,1100400,0.0,0.0
2023-11-16 00:00:00-05:00,2.8118316816359035,2.8429878682464014,2.7612032730157234,2.7962536811828613,1180900,0.0,0.0
2023-11-17 00:00:00-05:00,2.796253898510998,2.959823101685145,2.796253898510998,2.9442451000213623,1746200,0.0,0.0
2023-11-20 00:00:00-05:00,2.952033655068442,2.9676116543798003,2.8819326581673286,2.959822654724121,1602900,0.0,0.0
2023-11-21 00:00:00-05:00,2.9676121025170366,3.037713295708487,2.9286670983575793,2.9442451000213623,1498300,0.0,0.0
2023-11-22 00:00:00-05:00,2.9208780376136545,2.9715066348346864,2.9130890369415283,2.9130890369415283,1189200,0.0,0.0
2023-11-24 00:00:00-05:00,2.928667157171332,2.990979165077818,2.928667157171332,2.9754011631011963,380200,0.0,0.0
2023-11-27 00:00:00-05:00,2.959822984619506,3.006556987762451,2.9442449835718576,3.006556987762451,1055800,0.0,0.0
2023-11-28 00:00:00-05:00,3.0143461978370087,3.0688693909985316,2.9754011925105166,2.9909791946411133,970700,0.0,0.0
2023-11-29 00:00:00-05:00,3.0065568147491404,3.138970187443222,3.0065568147491404,3.131181001663208,1596200,0.0,0.0
2023-11-30 00:00:00-05:00,3.138970187443222,3.154548187594429,3.09223600128519,3.131181001663208,1800400,0.0,0.0
2023-12-01 00:00:00-05:00,3.146759095057348,3.1934930968957644,3.115603093831737,3.177915096282959,1219300,0.0,0.0
2023-12-04 00:00:00-05:00,3.1701262308989446,3.209071046102688,3.1117084509800907,3.185704231262207,2083600,0.0,0.0
2023-12-05 00:00:00-05:00,3.14578304445635,3.1697356840404955,3.034003869371678,3.0499722957611084,2549600,0.1,0.0
2023-12-06 00:00:00-05:00,3.0419881903747177,3.1577593809803592,3.034003976897041,3.1138463020324707,2352600,0.0,0.0
2023-12-07 00:00:00-05:00,3.097878426919323,3.165744158389539,3.034004517361034,3.1377995014190674,2701500,0.0,0.0
2023-12-08 00:00:00-05:00,3.113846672766982,3.1777203881931966,3.0819096246951867,3.129815101623535,4649600,0.0,0.0
2023-12-11 00:00:00-05:00,3.1537674223251857,3.1697358495484087,3.04997245501557,3.1058621406555176,2540200,0.0,0.0
2023-12-12 00:00:00-05:00,3.1058620313885745,3.1058620313885745,2.9940828543998363,3.0419881343841553,2036700,0.0,0.0
2023-12-13 00:00:00-05:00,3.034003984450039,3.185704231262207,3.0140435458854897,3.185704231262207,2021500,0.0,0.0
2023-12-14 00:00:00-05:00,3.2016727963650737,3.30546737978068,3.1857041792719087,3.19368839263916,1481600,0.0,0.0
2023-12-15 00:00:00-05:00,3.2016728182250693,3.225625268131701,3.12981470707052,3.1537673473358154,1304600,0.0,0.0
2023-12-18 00:00:00-05:00,3.15376747990068,3.1777201211727957,3.069933140268938,3.0898935794830322,1322800,0.0,0.0
2023-12-19 00:00:00-05:00,3.097877875077118,3.1377989424655004,3.093885673158947,3.1138463020324707,1169300,0.0,0.0
2023-12-20 00:00:00-05:00,3.113846517235193,3.145783373353104,3.073925256729126,3.073925256729126,1005700,0.0,0.0
2023-12-21 00:00:00-05:00,3.113846354267129,3.1537674223251857,3.061948870612321,3.1058621406555176,871500,0.0,0.0
2023-12-22 00:00:00-05:00,3.1138463020324707,3.1857042233315593,3.097877875077118,3.1138463020324707,957100,0.0,0.0
2023-12-26 00:00:00-05:00,3.1218306776693203,3.169735961023753,3.1018700477589696,3.1617517471313477,1056900,0.0,0.0
2023-12-27 00:00:00-05:00,3.1777199876011104,3.1857042010228755,3.137798920492285,3.1537673473358154,1014000,0.0,0.0
2023-12-28 00:00:00-05:00,3.1537673694208532,3.1617515828985296,3.065940830807747,3.1138463020324707,1066000,0.0,0.0
2023-12-29 00:00:00-05:00,3.1138465707104155,3.1138465707104155,3.045980655115029,3.065941095352173,894300,0.0,0.0
2024-01-02 00:00:00-05:00,3.041988268192794,3.0898935502843337,3.0379962565311676,3.0579566955566406,856900,0.0,0.0
2024-01-03 00:00:00-05:00,3.0340039116011828,3.0340039116011828,2.9461775652368827,2.970130205154419,873000,0.0,0.0
2024-01-04 00:00:00-05:00,2.970130496284497,3.006059554861873,2.882303950952841,2.962146282196045,1027900,0.0,0.0
2024-01-05 00:00:00-05:00,2.9701303677949906,3.05795671896855,2.938193512822787,3.018035650253296,1778400,0.0,0.0
2024-01-08 00:00:00-05:00,2.8902880331708,2.9142408647019797,2.8224223116946936,2.866335391998291,1178700,0.0,0.0
2024-01-09 00:00:00-05:00,2.8503669645499516,2.8823038194466304,2.8144380979705237,2.866335391998291,817300,0.0,0.0
2024-01-10 00:00:00-05:00,2.8823038722325105,2.8823038722325105,2.8343985890101657,2.858351230621338,456100,0.0,0.0
2024-01-11 00:00:00-05:00,2.866335391998291,2.874319605722461,2.826414323377443,2.866335391998291,891600,0.0,0.0
2024-01-12 00:00:00-05:00,2.8583512026086835,2.914240889512358,2.85036698881654,2.906256675720215,747400,0.0,0.0
2024-01-16 00:00:00-05:00,2.9621460660027297,2.970130279508451,2.8823037405868472,2.922224998474121,806100,0.0,0.0
2024-01-17 00:00:00-05:00,2.8743196301929697,2.9222251033045015,2.8583512026086835,2.906256675720215,1009500,0.0,0.0
2024-01-18 00:00:00-05:00,2.90625665097781,2.930209292150319,2.8583511782741216,2.866335391998291,644400,0.0,0.0
2024-01-19 00:00:00-05:00,2.8743195270811253,2.922224998474121,2.834398459552517,2.922224998474121,715100,0.0,0.0
2024-01-22 00:00:00-05:00,2.9222249344233586,3.0659407743763145,2.898272294431199,3.0419881343841553,1343400,0.0,0.0
2024-01-23 00:00:00-05:00,3.065940986050013,3.097878031936499,2.9860988472304846,3.0100514888763428,858500,0.0,0.0
2024-01-24 00:00:00-05:00,3.0260198583038713,3.0499724994879647,2.9381935072955283,2.9461777210235596,712100,0.0,0.0
2024-01-25 00:00:00-05:00,2.970130101852023,3.0180353800209296,2.962145888823872,2.986098527908325,545600,0.0,0.0
2024-01-26 00:00:00-05:00,3.0100513844204855,3.0659408796546583,3.0060593727973783,3.026019811630249,638600,0.0,0.0
2024-01-29 00:00:00-05:00,3.034004186581737,3.073925256729126,3.002067330463826,3.073925256729126,893900,0.0,0.0
2024-01-30 00:00:00-05:00,3.0659410426996483,3.077917458923204,2.98609890240487,3.073925256729126,1223600,0.0,0.0
2024-01-31 00:00:00-05:00,3.0419882857599334,3.073925140672058,2.9461777210235596,2.9461777210235596,863200,0.0,0.0
2024-02-01 00:00:00-05:00,2.9860988187557687,3.0659409568139417,2.978114604949951,2.978114604949951,2776300,0.0,0.0
2024-02-02 00:00:00-05:00,2.9860987952810922,3.0483757766920916,2.88230382626276,3.018035650253296,911700,0.0,0.0
2024-02-05 00:00:00-05:00,3.01803566881022,3.01803566881022,2.8902880577772563,2.906256675720215,870900,0.0,0.0
2024-02-06 00:00:00-05:00,2.898272490331966,2.9142409180727475,2.8224223633839167,2.858351230621338,1232600,0.0,0.0
2024-02-07 00:00:00-05:00,2.890287872286285,2.914240702484158,2.852762088907384,2.8982722759246826,600100,0.0,0.0
2024-02-08 00:00:00-05:00,2.898272357956956,2.9302092119798426,2.868730596662987,2.922224998474121,636100,0.0,0.0
2024-02-09 00:00:00-05:00,2.9222251033045015,2.9541619584730743,2.8823038439851127,2.906256675720215,877500,0.0,0.0
2024-02-12 00:00:00-05:00,2.914240926351558,3.097878036250899,2.914240926351558,3.081909418106079,1632900,0.0,0.0
2024-02-13 00:00:00-05:00,3.010051430847809,3.01803564457584,2.922225079839466,2.9461777210235596,908800,0.0,0.0
2024-02-14 00:00:00-05:00,2.946177856382356,3.0579568537103516,2.946177856382356,3.0340042114257812,1174700,0.0,0.0
2024-02-15 00:00:00-05:00,3.0579565089558236,3.0859013503166564,3.034003869371678,3.0499722957611084,778500,0.0,0.0
2024-02-16 00:00:00-05:00,3.002067067730556,3.0419881343841553,2.990090652555146,3.0419881343841553,496300,0.0,0.0
2024-02-20 00:00:00-05:00,3.057956776426862,3.097878036250899,3.030012122980446,3.081909418106079,849900,0.0,0.0
2024-02-21 00:00:00-05:00,3.041988732260983,3.1377995014190674,3.041988732260983,3.1377995014190674,1048000,0.0,0.0
2024-02-22 00:00:00-05:00,3.041988452358549,3.089893737350334,2.818430265371539,2.8423829078674316,2537200,0.0,0.0
2024-02-23 00:00:00-05:00,2.8583510659855493,2.8743194928065785,2.7944773587014318,2.810445785522461,1114600,0.0,0.0
2024-02-26 00:00:00-05:00,2.7944773125515425,2.7944773125515425,2.5908795884077733,2.6268086433410645,2169600,0.0,0.0
2024-02-27 00:00:00-05:00,2.710643333556197,2.710643333556197,2.6427774166049294,2.6826984882354736,1461600,0.0,0.0
2024-02-28 00:00:00-05:00,2.658745844956982,2.674714273607397,2.5789037017049075,2.6108405590057373,1502300,0.0,0.0
2024-02-29 00:00:00-05:00,2.634792908837901,2.65076133571169,2.586887628216532,2.6188244819641113,1291900,0.0,0.0
2024-03-01 00:00:00-05:00,2.594871916283389,2.6092434247396668,2.562935061617288,2.5709192752838135,890500,0.0,0.0
2024-03-04 00:00:00-05:00,2.5948721303553226,2.6579474806320667,2.5868879160301153,2.6108405590057373,1210700,0.0,0.0
2024-03-05 00:00:00-05:00,2.6188246395855947,2.6188246395855947,2.570919356080909,2.594871997833252,899500,0.0,0.0
2024-03-06 00:00:00-05:00,2.60285634468053,2.63479320198136,2.5789037017049075,2.6108405590057373,937700,0.0,0.0
2024-03-07 00:00:00-05:00,2.618824870218602,2.7545567091274323,2.618824870218602,2.746572494506836,1472800,0.0,0.0
2024-03-08 00:00:00-05:00,2.7705247924659226,2.8104458605847205,2.7545563652184035,2.762540578842163,972900,0.0,0.0
2024-03-11 00:00:00-04:00,2.7625406079371584,2.8104458901842526,2.754556394229309,2.7944774627685547,763000,0.0,0.0
2024-03-12 00:00:00-04:00,2.7862585772687347,2.8314632199574197,2.7451631625227155,2.81091570854187,1393700,0.1,0.0
2024-03-13 00:00:00-04:00,2.8109154336067856,2.9013249060986825,2.8109154336067856,2.8684487342834473,857000,0.0,0.0
2024-03-14 00:00:00-04:00,2.852010968641145,2.884887144148196,2.736944158409004,2.7451632022857666,711600,0.0,0.0
2024-03-15 00:00:00-04:00,2.745162740142386,2.893105700975638,2.745162740142386,2.852010488510132,1666600,0.0,0.0
2024-03-18 00:00:00-04:00,2.827353676136715,2.827353676136715,2.7369440026791,2.7862584590911865,858100,0.0,0.0
2024-03-19 00:00:00-04:00,2.76160136513279,2.8355729579925537,2.76160136513279,2.8355729579925537,935000,0.0,0.0
2024-03-20 00:00:00-04:00,2.8191344765605946,2.880777396692881,2.8109154336067856,2.8684487342834473,650900,0.0,0.0
2024-03-21 00:00:00-04:00,2.8848866584825363,2.8848866584825363,2.8273533610308283,2.852010488510132,556400,0.0,0.0
2024-03-22 00:00:00-04:00,2.86022976867845,2.8684488118545253,2.7862583800937726,2.802696466445923,2199600,0.0,0.0
2024-03-25 00:00:00-04:00,2.8109159100989123,2.8520111318342085,2.7369443150179045,2.761601448059082,2042900,0.0,0.0
2024-03-26 00:00:00-04:00,2.769820293476664,2.794477620704418,2.7328346945499535,2.7533822059631348,1087700,0.0,0.0
2024-03-27 00:00:00-04:00,2.753382089497311,2.835572719545821,2.753382089497311,2.7862584590911865,1279900,0.0,0.0
2024-03-28 00:00:00-04:00,2.8026963879091347,2.8520106455837086,2.8026963879091347,2.819134473800659,2247400,0.0,0.0
2024-04-01 00:00:00-04:00,2.7533822062804276,2.8191347522995818,2.7287250750072922,2.81091570854187,1682900,0.0,0.0
2024-04-02 00:00:00-04:00,2.802696342102458,2.819134427725322,2.7558476217156014,2.769819974899292,549800,0.0,0.0
2024-04-03 00:00:00-04:00,2.753382204294029,2.8684490127764404,2.753382204294029,2.860229969024658,1929900,0.0,0.0
2024-04-04 00:00:00-04:00,2.8684488146748732,2.934201160148125,2.8437916851224037,2.901324987411499,1388800,0.0,0.0
2024-04-05 00:00:00-04:00,2.9013251877835695,2.9013251877835695,2.8109157065139647,2.860229969024658,1174300,0.0,0.0
2024-04-08 00:00:00-04:00,2.8684490127764404,2.888996720134626,2.852010925272876,2.860229969024658,727400,0.0,0.0
2024-04-09 00:00:00-04:00,2.876667777237256,2.9013249060986825,2.8602296913296383,2.8684487342834473,1553800,0.0,0.0
2024-04-10 00:00:00-04:00,2.8273539138922987,2.860230090293319,2.769820409233045,2.8355729579925537,1151200,0.0,0.0
2024-04-11 00:00:00-04:00,2.843792042750712,2.868449175404002,2.8191349100974223,2.8273539543151855,1227700,0.0,0.0
2024-04-12 00:00:00-04:00,2.8109155096219984,2.847901105935614,2.7944774232698477,2.802696466445923,1267100,0.0,0.0
2024-04-15 00:00:00-04:00,2.835572675525394,2.8520107620884145,2.7040677870637775,2.7369439601898193,1280700,0.0,0.0
2024-04-16 00:00:00-04:00,2.720505877878559,2.8520107665456984,2.671191618112425,2.8437917232513428,5421100,0.0,0.0
2024-04-17 00:00:00-04:00,2.8766677274053465,2.8766677274053465,2.753381889276428,2.769819974899292,1193300,0.0,0.0
2024-04-18 00:00:00-04:00,2.7944777374912784,2.876668178493829,2.76160136513279,2.8355729579925537,1640800,0.0,0.0
2024-04-19 00:00:00-04:00,2.8273535195144035,2.9013249060986825,2.8191344765605946,2.8684487342834473,1569400,0.0,0.0
2024-04-22 00:00:00-04:00,2.868448934114021,2.9917347829673067,2.8520108470612437,2.983515739440918,1065700,0.0,0.0
2024-04-23 00:00:00-04:00,2.958858566263315,3.0574872896494067,2.9506395223109294,3.0492682456970215,1420500,0.0,0.0
2024-04-24 00:00:00-04:00,3.016391756049723,3.0739250577304214,2.991734626757995,3.0657060146331787,1083400,0.0,0.0
2024-04-25 00:00:00-04:00,3.0328300016767513,3.357482515020629,3.008172871088825,3.295839786529541,2588600,0.0,0.0
2024-04-26 00:00:00-04:00,3.295839864760005,3.3739206821630465,3.2835110052372203,3.3287160396575928,2734900,0.0,0.0
2024-04-29 00:00:00-04:00,3.3369348868629682,3.42734456377358,3.246525405909816,3.2711825370788574,1566300,0.0,0.0
2024-04-30 00:00:00-04:00,3.2465250492095947,3.3163868152006732,3.205429835109714,3.2465250492095947,1138200,0.0,0.0
2024-05-01 00:00:00-04:00,3.2711823779519373,3.304058551244729,3.2218681180127504,3.254744291305542,1364000,0.0,0.0
2024-05-02 00:00:00-04:00,3.279401860668937,3.30405899394224,3.238306638546765,3.2629637718200684,1056000,0.0,0.0
2024-05-03 00:00:00-04:00,3.2958397845793788,3.31227787162827,3.2383062839508057,3.2383062839508057,817500,0.0,0.0
2024-05-06 00:00:00-04:00,3.2876205843788746,3.328715998449576,3.262963453510928,3.2794015407562256,1282500,0.0,0.0
2024-05-07 00:00:00-04:00,3.2629633346287394,3.295839703878981,3.2300871613359483,3.254744291305542,844800,0.0,0.0
2024-05-08 00:00:00-04:00,3.2383064410371203,3.328716120149139,3.221868353190837,3.3122780323028564,1169700,0.0,0.0
2024-05-09 00:00:00-04:00,3.3040589473630924,3.3287162762462637,3.295840099012,3.3204970359802246,992800,0.0,0.0
2024-05-10 00:00:00-04:00,3.3287160390974138,3.341044506703205,3.2711825370788574,3.2711825370788574,930400,0.0,0.0
2024-05-13 00:00:00-04:00,3.295839786529541,3.3204967211600125,3.2794015035134687,3.295839786529541,928400,0.0,0.0
2024-05-14 00:00:00-04:00,3.3204968802685335,3.3451542079954217,3.2711826167296856,3.3122780323028564,740200,0.0,0.0
2024-05-15 00:00:00-04:00,3.32049663843743,3.32049663843743,3.2711823784901295,3.30405855178833,731200,0.0,0.0
2024-05-16 00:00:00-04:00,3.312277872901906,3.3944683081779647,3.2794015028340273,3.345154047012329,1314400,0.0,0.0
2024-05-17 00:00:00-04:00,3.295839864760005,3.3615922145551806,3.2835110052372203,3.3287160396575928,888100,0.0,0.0
2024-05-20 00:00:00-04:00,3.3287159599571177,3.3533728945824803,3.304058633416845,3.345154047012329,602700,0.0,0.0
2024-05-21 00:00:00-04:00,3.3287159599571177,3.3821394489503738,3.3287159599571177,3.345154047012329,656500,0.0,0.0
2024-05-22 00:00:00-04:00,3.336934846114768,3.336934846114768,3.271182497133577,3.2794015407562256,731900,0.0,0.0
2024-05-23 00:00:00-04:00,3.295839782558668,3.295839782558668,3.1396775637750385,3.1807727813720703,2381000,0.0,0.0
2024-05-24 00:00:00-04:00,3.213649153377469,3.246525327475251,3.1889920228041326,3.2383062839508057,638400,0.0,0.0
2024-05-28 00:00:00-04:00,3.254744532840131,3.2711826207063974,3.188992181375067,3.205430269241333,763600,0.0,0.0
2024-05-29 00:00:00-04:00,3.1972112262331267,3.205430270168638,3.1150205909205546,3.1478967666625977,1609700,0.0,0.0
2024-05-30 00:00:00-04:00,3.180772665661028,3.213649034500122,3.172553622440616,3.213649034500122,561800,0.0,0.0
2024-05-31 00:00:00-04:00,3.2218679207496663,3.2547440920295707,3.164334425052395,3.2465250492095947,938400,0.0,0.0
2024-06-03 00:00:00-04:00,3.2711824599841597,3.304058634101395,3.230087242337616,3.295839786529541,897300,0.0,0.0
2024-06-04 00:00:00-04:00,3.295839944456574,3.3122780323028564,3.2465254849602614,3.3122780323028564,436300,0.0,0.0
2024-06-05 00:00:00-04:00,3.328716120149139,3.328716120149139,3.2711826167296856,3.3122780323028564,1329400,0.0,0.0
2024-06-06 00:00:00-04:00,3.295839703878981,3.3204966378911243,3.254744291305542,3.254744291305542,897300,0.0,0.0
2024-06-07 00:00:00-04:00,3.254744532840131,3.2794016646395305,3.188992181375067,3.205430269241333,736500,0.0,0.0
2024-06-10 00:00:00-04:00,3.197211145412829,3.2465254077793095,3.1766634381147325,3.2218682765960693,927300,0.0,0.0
2024-06-11 00:00:00-04:00,3.213649113992821,3.213649113992821,3.164334657493063,3.1972110271453857,1408500,0.0,0.0
2024-06-12 00:00:00-04:00,3.2393901917805477,3.306877625718018,3.205646575375722,3.2140824794769287,1497700,0.1,0.0
2024-06-13 00:00:00-04:00,3.2225185590798566,3.2225185590798566,3.1212877043522416,3.1381595134735107,1231200,0.0,0.0
2024-06-14 00:00:00-04:00,3.1381595134735107,3.146595418034145,3.070672276988434,3.1381595134735107,988700,0.0,0.0
2024-06-17 00:00:00-04:00,3.155031441840347,3.155031441840347,3.0875442028045654,3.0875442028045654,869000,0.0,0.0
2024-06-18 00:00:00-04:00,3.0875443469707355,3.1297238733375803,3.0031850931091992,3.0116209983825684,1268400,0.0,0.0
2024-06-20 00:00:00-04:00,3.0284926889707586,3.0495825518827355,2.9778772593354215,2.994749069213867,1002100,0.0,0.0
2024-06-21 00:00:00-04:00,2.994749129204022,3.036928654745067,2.9441336985547673,2.9694414138793945,1409700,0.0,0.0
2024-06-24 00:00:00-04:00,2.9863132825624614,3.053800524749413,2.9863132825624614,3.0116209983825684,1326800,0.0,0.0
2024-06-25 00:00:00-04:00,3.020057090327114,3.0369289019167063,2.9230440731230263,2.9356980323791504,1037100,0.0,0.0
2024-06-26 00:00:00-04:00,2.9188258656373107,2.969441294247385,2.876646341795582,2.9525694847106934,1268900,0.0,0.0
2024-06-27 00:00:00-04:00,2.9610056902962967,3.0116211240485415,2.897736297542063,2.9272620677948,1241100,0.0,0.0
2024-06-28 00:00:00-04:00,2.935697550996458,2.9483513070498164,2.8260305925189493,2.8682103157043457,18917900,0.0,0.0
2024-07-01 00:00:00-04:00,2.918825946946803,2.931479703887899,2.8260307907821782,2.8344666957855225,1621600,0.0,0.0
2024-07-02 00:00:00-04:00,2.8344667551897307,2.842902660369873,2.766979513748594,2.842902660369873,1912100,0.0,0.0
2024-07-03 00:00:00-04:00,2.8429023010101804,2.868210214479381,2.8260304927825928,2.8260304927825928,671000,0.0,0.0
2024-07-05 00:00:00-04:00,2.800722879284407,2.910389837761916,2.783851070461379,2.8682103157043457,3102400,0.0,0.0
2024-07-08 00:00:00-04:00,2.885082363819353,2.9272618893753406,2.8429026371355226,2.901954174041748,2011200,0.0,0.0
2024-07-09 00:00:00-04:00,2.9103897186532834,2.9103897186532834,2.8597742942556517,2.8850820064544678,1437100,0.0,0.0
2024-07-10 00:00:00-04:00,2.901953995615004,2.927261709392551,2.8850821864299725,2.9103899002075195,1236300,0.0,0.0
2024-07-11 00:00:00-04:00,2.952569661468986,3.083326293770128,2.952569661468986,3.0116209983825684,2072700,0.0,0.0
2024-07-12 00:00:00-04:00,3.0369286312137187,3.09598016764147,2.977877295913809,3.0622365474700928,1969600,0.0,0.0
2024-07-15 00:00:00-04:00,3.0791087109322044,3.1297241469981922,3.0495829393297798,3.1128523349761963,1673000,0.0,0.0
2024-07-16 00:00:00-04:00,3.0791084137766287,3.21830095008897,3.070672508579755,3.2056469917297363,2100000,0.0,0.0
2024-07-17 00:00:00-04:00,3.0706724752662975,3.155031526319832,2.9947491281902736,3.036928653717041,2937600,0.0,0.0
2024-07-18 00:00:00-04:00,3.0116206998166892,3.1001977969696357,3.0031847953796387,3.0031847953796387,2052400,0.0,0.0
2024-07-19 00:00:00-04:00,3.0116208180891135,3.0200567228574595,2.9525694847106934,2.9525694847106934,1943100,0.0,0.0
2024-07-22 00:00:00-04:00,2.9610053337860487,3.0622363902299963,2.9610053337860487,3.0453643798828125,1719800,0.0,0.0
2024-07-23 00:00:00-04:00,3.053800441050294,3.104416072431072,3.053800441050294,3.095980167388916,2351900,0.0,0.0
2024-07-24 00:00:00-04:00,3.1044160719407956,3.171903312267386,3.0875442618591475,3.1634674072265625,2149800,0.0,0.0
2024-07-25 00:00:00-04:00,3.222518680876129,3.2604803533976745,3.0580184351624924,3.0875442028045654,2844000,0.0,0.0
2024-07-26 00:00:00-04:00,3.1465954145986825,3.155031319150107,3.003184836096641,3.0706722736358643,1657300,0.0,0.0
2024-07-29 00:00:00-04:00,3.0622363690844403,3.087544082738713,3.036928454302338,3.0706722736358643,1583400,0.0,0.0
2024-07-30 00:00:00-04:00,3.087544262598626,3.0917621145561274,3.0369286312137187,3.0622365474700928,1436700,0.0,0.0
2024-07-31 00:00:00-04:00,3.0706722753303697,3.163467225447244,3.0706722753303697,3.1044158935546875,1213900,0.0,0.0
2024-08-01 00:00:00-04:00,3.0959801916303733,3.1044160967385825,2.931479740328532,2.9694414138793945,2808000,0.0,0.0
2024-08-02 00:00:00-04:00,2.9272617695577723,2.9356976743236745,2.851338626664652,2.91882586479187,1686000,0.0,0.0
2024-08-05 00:00:00-04:00,2.8260307907821782,2.8555565588578027,2.792287170768802,2.8344666957855225,1035300,0.0,0.0
2024-08-06 00:00:00-04:00,2.8513384062517932,2.868210214479381,2.8175945886687987,2.8260304927825928,1070100,0.0,0.0
2024-08-07 00:00:00-04:00,2.8513387069200506,2.8850823269334267,2.8175948857788344,2.8344666957855225,1848000,0.0,0.0
2024-08-08 00:00:00-04:00,2.842902662012354,2.8682105786952463,2.7669795153472103,2.7754154205322266,834600,0.0,0.0
2024-08-09 00:00:00-04:00,2.766979517025509,2.7838513274057743,2.686838317155326,2.70792818069458,1514600,0.0,0.0
2024-08-12 00:00:00-04:00,2.7247999910748453,2.741671801455111,2.6657486547439166,2.70792818069458,1134400,0.0,0.0
2024-08-13 00:00:00-04:00,2.7332358946071467,2.7838513257172424,2.707928179052099,2.7754154205322266,916300,0.0,0.0
2024-08-14 00:00:00-04:00,2.7922871709596375,2.809158980967479,2.7458897940019944,2.766979455947876,680500,0.0,0.0
2024-08-15 00:00:00-04:00,2.8007230757721464,2.8682105169267387,2.78806931883105,2.8344666957855225,819500,0.0,0.0
2024-08-16 00:00:00-04:00,2.809158665130516,2.885082002757493,2.792286857019592,2.8513383865356445,845500,0.0,0.0
2024-08-19 00:00:00-04:00,2.8513386847683644,2.9146078712379944,2.838684726797735,2.8935182094573975,816900,0.0,0.0
2024-08-20 00:00:00-04:00,2.89351791052074,2.9103897186532834,2.8513383901893796,2.8850820064544678,485200,0.0,0.0
2024-08-21 00:00:00-04:00,2.9019544091999654,2.9356980323791504,2.880864544149045,2.9356980323791504,320200,0.0,0.0
2024-08-22 00:00:00-04:00,2.9356976139850666,2.944133518577582,2.9061718473473466,2.9103899002075195,473500,0.0,0.0
2024-08-23 00:00:00-04:00,2.9103899032348424,3.0074029067135983,2.9103899032348424,2.977877140045166,957700,0.0,0.0
2024-08-26 00:00:00-04:00,3.0031847953796387,3.024274657036179,2.9736592304138743,3.0031847953796387,501600,0.0,0.0
2024-08-27 00:00:00-04:00,3.011621057527877,3.0411468271284487,2.9778774357717093,3.020056962966919,458800,0.0,0.0
2024-08-28 00:00:00-04:00,2.977877295913809,3.0791083575557816,2.977877295913809,3.0622365474700928,1231000,0.0,0.0
2024-08-29 00:00:00-04:00,3.0875443469707355,3.1044161575174734,2.9947491878358306,3.0116209983825684,745900,0.0,0.0
2024-08-30 00:00:00-04:00,3.020056962966919,3.0453646792840448,2.998967299933239,3.020056962966919,747900,0.0,0.0
2024-09-03 00:00:00-04:00,2.977877140045166,3.0200566630516184,2.9567874791058553,2.977877140045166,1620200,0.0,0.0
2024-09-04 00:00:00-04:00,2.9778772593354215,3.0495825518827355,2.9610054494569757,2.994749069213867,1502000,0.0,0.0
2024-09-05 00:00:00-04:00,3.0116209983825684,3.0369287142026753,2.9778773772890923,3.0116209983825684,1606300,0.0,0.0
2024-09-06 00:00:00-04:00,3.0200566630516184,3.0369284722541994,2.965223383707146,2.977877140045166,834700,0.0,0.0
2024-09-09 00:00:00-04:00,3.020056962966919,3.028492868405961,2.986313341210751,3.020056962966919,1876300,0.0,0.0
2024-09-10 00:00:00-04:00,3.0031850931091992,3.0242749568565452,2.9610055667423545,3.0116209983825684,1685300,0.0,0.0
2024-09-11 00:00:00-04:00,2.994749248492328,2.994749248492328,2.9188260994942383,2.9863133430480957,1030700,0.0,0.0
2024-09-12 00:00:00-04:00,2.986313079996506,3.008015812136785,2.91686379901374,2.9342262744903564,1066200,0.1,0.0
2024-09-13 00:00:00-04:00,2.9515887067757847,3.13389253616333,2.9515887067757847,3.13389253616333,1380700,0.0,0.0
2024-09-16 00:00:00-04:00,3.1338925029971114,3.1859795178168904,3.1165302337153773,3.1686172485351562,1455000,0.0,0.0
2024-09-17 00:00:00-04:00,3.168617400884346,3.255428751466964,3.125211518618451,3.1512551307678223,1907600,0.0,0.0
2024-09-18 00:00:00-04:00,3.2033416222028888,3.2033416222028888,3.1295518780666427,3.15993595123291,1626600,0.0,0.0
2024-09-19 00:00:00-04:00,3.2120233350835736,3.2597696852399425,3.1816392564432294,3.2033421993255615,1225100,0.0,0.0
2024-09-20 00:00:00-04:00,3.1772985811674728,3.203341986712953,3.1252115631019226,3.142573833465576,1538200,0.0,0.0
2024-09-23 00:00:00-04:00,3.1425737233581725,3.1946607395987323,3.0948275850183165,3.1859796047210693,1001900,0.0,0.0
2024-09-24 00:00:00-04:00,3.185979465072239,3.2424067358164206,3.185979465072239,3.2293851375579834,1070600,0.0,0.0
2024-09-25 00:00:00-04:00,3.2120230197906494,3.2337257535680335,3.1946607499789095,3.2120230197906494,793800,0.0,0.0
2024-09-26 00:00:00-04:00,3.2380662720551325,3.272790810043728,3.2207040030608347,3.2293851375579834,819400,0.0,0.0
2024-09-27 00:00:00-04:00,3.2467474937438965,3.2988343021255844,3.225044553430904,3.2467474937438965,1159400,0.0,0.0
2024-09-30 00:00:00-04:00,3.2467475045360645,3.2771315796803346,3.2120229654995147,3.2727909088134766,1164900,0.0,0.0
2024-10-01 00:00:00-04:00,3.2380662204283737,3.3031748316062046,3.2250444154029796,3.2901530265808105,923200,0.0,0.0
2024-10-02 00:00:00-04:00,3.2988342909829442,3.2988342909829442,3.1990011384346313,3.2207040786743164,770200,0.0,0.0
2024-10-03 00:00:00-04:00,3.2120230093540587,3.2120230093540587,3.151255065210417,3.1859796047210693,842400,0.0,0.0
2024-10-04 00:00:00-04:00,3.2033419800633056,3.2858128676067584,3.2033419800633056,3.2554287910461426,1231900,0.0,0.0
2024-10-07 00:00:00-04:00,3.2641098292258697,3.27279096413174,3.1772984801671695,3.2120230197906494,851300,0.0,0.0
2024-10-08 00:00:00-04:00,3.2033415592094387,3.2380660953025666,3.1608039404029893,3.1946604251861572,1012300,0.0,0.0
2024-10-09 00:00:00-04:00,3.1772984903248664,3.2641098396610992,3.172957819370763,3.2380664348602295,864700,0.0,0.0
2024-10-10 00:00:00-04:00,3.203341895125736,3.2727909745947223,3.194660760192113,3.2380664348602295,847600,0.0,0.0
2024-10-11 00:00:00-04:00,3.2554287047274757,3.2727909745947223,3.229385299926606,3.2380664348602295,836000,0.0,0.0
2024-10-14 00:00:00-04:00,3.2380666229912602,3.324877977371216,3.2120232166772738,3.324877977371216,920300,0.0,0.0
2024-10-15 00:00:00-04:00,3.4116892921018405,3.5419063142586555,3.376964752860023,3.437732696533203,2916000,0.0,0.0
2024-10-16 00:00:00-04:00,3.4724571592744797,3.541906236228105,3.3769646784632448,3.44641375541687,1763900,0.0,0.0
2024-10-17 00:00:00-04:00,3.5419061421996556,3.6113552173095878,3.515862946008001,3.5939929485321045,1971600,0.0,0.0
2024-10-18 00:00:00-04:00,3.6026747176607614,3.69816741424986,3.5592688335886646,3.68080472946167,1942900,0.0,0.0
2024-10-21 00:00:00-04:00,3.672123167127356,3.6808040940737428,3.6200363636016846,3.6200363636016846,1142000,0.0,0.0
2024-10-22 00:00:00-04:00,3.6113554328827786,3.6677829132652175,3.5939931630688866,3.65476131439209,1279900,0.0,0.0
2024-10-23 00:00:00-04:00,3.637399196624756,3.689486008243706,3.6113555838406897,3.637399196624756,1255600,0.0,0.0
2024-10-24 00:00:00-04:00,3.342240145691989,3.48547897951099,3.27279106431904,3.394327163696289,2148400,0.0,0.0
2024-10-25 00:00:00-04:00,3.385645844967108,3.3943269796680666,3.2207040786743164,3.2207040786743164,2185000,0.0,0.0
2024-10-28 00:00:00-04:00,3.2380664914344797,3.2684505677203113,3.151255140581512,3.1772985458374023,2707000,0.0,0.0
2024-10-29 00:00:00-04:00,3.1512550117108016,3.3075154368558657,3.1252114005453793,3.2467474937438965,4290000,0.0,0.0
2024-10-30 00:00:00-04:00,3.264109675546579,3.3248776170266217,3.2207040030608347,3.2293851375579834,2309500,0.0,0.0
2024-10-31 00:00:00-04:00,3.25542836334913,3.25542836334913,3.1772981571395933,3.1946604251861572,1233100,0.0,0.0
2024-11-01 00:00:00-04:00,3.2033416222028888,3.22070389059088,3.1512548170389145,3.15993595123291,1311200,0.0,0.0
2024-11-04 00:00:00-05:00,3.168617085426906,3.22070389059088,3.15993595123291,3.15993595123291,885300,0.0,0.0
2024-11-05 00:00:00-05:00,3.151255384777488,3.2380667423576104,3.151255384777488,3.2033421993255615,1699800,0.0,0.0
2024-11-06 00:00:00-05:00,3.290153556905684,3.324878099937733,3.185979927809537,3.2033421993255615,2784800,0.0,0.0
2024-11-07 00:00:00-05:00,3.2814721965375613,3.289285280277363,3.1946608448994995,3.2554287910461426,2156500,0.0,0.0
2024-11-08 00:00:00-05:00,3.290153167395303,3.290153167395303,3.168617281171364,3.2467474937438965,1132200,0.0,0.0
2024-11-11 00:00:00-05:00,3.2554284891458525,3.3248775640157686,3.246747354787113,3.2901530265808105,1393700,0.0,0.0
2024-11-12 00:00:00-05:00,3.29015323394348,3.30751550375522,3.1816389441328132,3.2120230197906494,1350900,0.0,0.0
2024-11-13 00:00:00-05:00,3.2120230197906494,3.22938528960239,3.1772984801671695,3.2120230197906494,1664800,0.0,0.0
2024-11-14 00:00:00-05:00,3.2207042212638863,3.2380664914344797,3.1772985458374023,3.1772985458374023,982100,0.0,0.0
2024-11-15 00:00:00-05:00,3.1946608515311263,3.1946608515311263,3.1252115631019226,3.142573833465576,861700,0.0,0.0
2024-11-18 00:00:00-05:00,3.1425736708960703,3.1686172820688694,3.099167997232369,3.13389253616333,1176600,0.0,0.0
2024-11-19 00:00:00-05:00,3.125211715698242,3.1469146581998046,3.099168308881127,3.125211715698242,776300,0.0,0.0
2024-11-20 00:00:00-05:00,3.1078492485019273,3.164276729867922,3.1035087844600895,3.1512551307678223,695300,0.0,0.0
2024-11-21 00:00:00-05:00,3.1338925246901526,3.2207040786743164,3.107849120587277,3.2207040786743164,1329900,0.0,0.0
2024-11-22 00:00:00-05:00,3.2120230300593593,3.2641098396610992,3.2120230300593593,3.2380664348602295,1247200,0.0,0.0
2024-11-25 00:00:00-05:00,3.255428617478151,3.2901531562819857,3.2207040786743164,3.2207040786743164,875700,0.0,0.0
2024-11-26 00:00:00-05:00,3.2120230197906494,3.22938528960239,3.1772984801671695,3.2120230197906494,1619400,0.0,0.0
2024-11-27 00:00:00-05:00,3.220704470841586,3.255429013873635,3.194661063567549,3.2033421993255615,960700,0.0,0.0
2024-11-29 00:00:00-05:00,3.2207038272560027,3.2293849612792846,3.1772981571395933,3.1946604251861572,472900,0.0,0.0
2024-12-02 00:00:00-05:00,3.220704100258652,3.2901531783317512,3.1990011598735193,3.2727909088134766,1043000,0.0,0.0
2024-12-03 00:00:00-05:00,3.272790810043728,3.290153079038026,3.2207040030608347,3.2293851375579834,1271300,0.0,0.0
2024-12-04 00:00:00-05:00,3.255428617478151,3.255428617478151,3.2033418092723993,3.2207040786743164,960900,0.0,0.0
2024-12-05 00:00:00-05:00,3.2207041435039905,3.238547575965924,3.086879995349174,3.1047232151031494,1373400,0.1,0.0
2024-12-06 00:00:00-05:00,3.1047231473649366,3.158252805458964,3.060115098953247,3.060115098953247,888400,0.0,0.0
2024-12-09 00:00:00-05:00,3.0958015649349577,3.1270273054519975,3.069928832816034,3.077958345413208,1053100,0.0,0.0
2024-12-10 00:00:00-05:00,3.077958135151746,3.122566180908856,3.05119330769748,3.09580135345459,941400,0.0,0.0
2024-12-11 00:00:00-05:00,3.033350150069056,3.0779581967184355,2.845996141433716,2.845996141433716,2928900,0.0,0.0
2024-12-12 00:00:00-05:00,2.8549180291426173,2.890604469941856,2.819231588343379,2.8727612495422363,1513100,0.0,0.0
2024-12-13 00:00:00-05:00,2.881682606726639,2.881682606726639,2.8147704297490583,2.8638393878936768,1214800,0.0,0.0
2024-12-16 00:00:00-05:00,2.8549179633751938,2.8549179633751938,2.8192315233980474,2.828153133392334,1017600,0.0,0.0
2024-12-17 00:00:00-05:00,2.8192314968426238,2.8236921954437695,2.761240926072016,2.810309886932373,1598600,0.0,0.0
2024-12-18 00:00:00-05:00,2.8370745365039323,2.8370745365039323,2.6898678759787,2.712171792984009,1595300,0.0,0.0
2024-12-19 00:00:00-05:00,2.7300152384268355,2.752319369992674,2.6586423577488936,2.7032504081726074,2519600,0.0,0.0
2024-12-20 00:00:00-05:00,2.685406992271607,2.774623086616333,2.6764853828371344,2.7300150394439697,1959800,0.0,0.0
2024-12-23 00:00:00-05:00,2.7210934300094975,2.76570147718186,2.6943286017060797,2.7300150394439697,1120400,0.0,0.0
2024-12-24 00:00:00-05:00,2.7210933742793,2.730014983531051,2.6809462390003933,2.694328546524048,520100,0.0,0.0
2024-12-26 00:00:00-05:00,2.685407121615261,2.6943287314794464,2.6407990722943344,2.658642292022705,853100,0.0,0.0
2024-12-27 00:00:00-05:00,2.640798891013543,2.730014983531051,2.6318772817617924,2.694328546524048,1540900,0.0,0.0
2024-12-30 00:00:00-05:00,2.7210935335276276,2.7210935335276276,2.622955826014992,2.640799045562744,1562000,0.0,0.0
2024-12-31 00:00:00-05:00,2.6407991117256513,2.7032503817074445,2.6407991117256513,2.6854071617126465,816300,0.0,0.0
2025-01-02 00:00:00-05:00,2.7121719375270033,2.7389367669845512,2.6497206687927246,2.6497206687927246,767900,0.0,0.0
2025-01-03 00:00:00-05:00,2.6586422786119073,2.6854071080694553,2.614034229515994,2.6497206687927246,1657900,0.0,0.0
2025-01-06 00:00:00-05:00,2.6497205585364796,2.7210934341200788,2.578347682952881,2.578347682952881,2427800,0.0,0.0
2025-01-07 00:00:00-05:00,2.57834770371834,2.57834770371834,2.4534449577331543,2.4534449577331543,2181200,0.0,0.0
2025-01-08 00:00:00-05:00,2.453444930111917,2.453444930111917,2.390993664176384,2.4356017112731934,1828000,0.0,0.0
2025-01-10 00:00:00-05:00,2.390993595123291,2.4534448592552,2.3731503767998885,2.390993595123291,1852900,0.0,0.0
2025-01-13 00:00:00-05:00,2.3909937823012557,2.524817930203143,2.38207217244113,2.5158963203430176,1938400,0.0,0.0
2025-01-14 00:00:00-05:00,2.5158962522870802,2.57388682116321,2.4534449849555293,2.4712882041931152,1406400,0.0,0.0
2025-01-15 00:00:00-05:00,2.524817956848699,2.5382004781340983,2.4980531269858597,2.5337395668029785,881700,0.0,0.0
2025-01-16 00:00:00-05:00,2.453444776787225,2.506974429958133,2.390993514754499,2.489131212234497,1688200,0.0,0.0
2025-01-17 00:00:00-05:00,2.5158965335338777,2.5515829759983624,2.471288480453272,2.4980533123016357,852200,0.0,0.0
2025-01-21 00:00:00-05:00,2.5337395668029785,2.5694262193280566,2.515896346894419,2.5337395668029785,1227100,0.0,0.0
2025-01-22 00:00:00-05:00,2.5158960388199514,2.524817647681769,2.471287994510861,2.489131212234497,824100,0.0,0.0
2025-01-23 00:00:00-05:00,2.471287994510861,2.4980528210963153,2.453444776787225,2.489131212234497,665000,0.0,0.0
2025-01-24 00:00:00-05:00,2.4802096033726793,2.506974429958133,2.462366385649043,2.489131212234497,556500,0.0,0.0
2025-01-27 00:00:00-05:00,2.4980531006227658,2.542661149923395,2.48913149076264,2.5158963203430176,907000,0.0,0.0
2025-01-28 00:00:00-05:00,2.4980530467586037,2.5158962660941118,2.4623666080875877,2.4802098274230957,759700,0.0,0.0
2025-01-29 00:00:00-05:00,2.480209800102089,2.4980530192410435,2.4445233618241806,2.4623665809631348,801300,0.0,0.0
2025-01-30 00:00:00-05:00,2.480209631802211,2.5158960676585407,2.462366413874046,2.506974458694458,1212400,0.0,0.0
2025-01-31 00:00:00-05:00,2.506974642668287,2.5158962522870802,2.4534449849555293,2.4712882041931152,851800,0.0,0.0
2025-02-03 00:00:00-05:00,2.453444930111917,2.457905841175571,2.4088368830151077,2.4356017112731934,737300,0.0,0.0
2025-02-04 00:00:00-05:00,2.4356019625818472,2.444523572921753,2.3820723005424145,2.444523572921753,1057600,0.0,0.0
2025-02-05 00:00:00-05:00,2.4445232786468947,2.4534448879128052,2.3999152323173414,2.408836841583252,913600,0.0,0.0
2025-02-06 00:00:00-05:00,2.4266801649652496,2.4266801649652496,2.3285422460920193,2.337463855743408,1267700,0.0,0.0
2025-02-07 00:00:00-05:00,2.337463699833052,2.337463699833052,2.230404391157311,2.239326000213623,1447800,0.0,0.0
2025-02-10 00:00:00-05:00,2.2571692046961576,2.408836770445539,2.2571692046961576,2.3642287254333496,1446400,0.0,0.0
2025-02-11 00:00:00-05:00,2.3374637411473316,2.408836827567271,2.328542131933332,2.3999152183532715,1093000,0.0,0.0
2025-02-12 00:00:00-05:00,2.3463856781027497,2.390993726359694,2.337463855743408,2.337463855743408,653600,0.0,0.0
2025-02-13 00:00:00-05:00,2.3553072877541386,2.382072116708305,2.3196206364406304,2.337463855743408,1120900,0.0,0.0
2025-02-14 00:00:00-05:00,2.355307327192745,2.3820721565950773,2.31962067528168,2.3463857173919678,517400,0.0,0.0
2025-02-18 00:00:00-05:00,2.3285422850824573,2.355307327192745,2.31962067528168,2.3463857173919678,631200,0.0,0.0
2025-02-19 00:00:00-05:00,2.328542076715661,2.399915161443101,2.306238160563535,2.3642287254333496,1595100,0.0,0.0
2025-02-20 00:00:00-05:00,2.364228835918299,2.444523320692555,2.364228835918299,2.4356017112731934,1480900,0.0,0.0
2025-02-21 00:00:00-05:00,2.471288403941469,2.511435756825028,2.4356019625818472,2.444523572921753,1434000,0.0,0.0
2025-02-24 00:00:00-05:00,2.471288190532612,2.489131409671566,2.4266801426852265,2.4623665809631348,1094600,0.0,0.0
2025-02-25 00:00:00-05:00,2.4980530467586037,2.524817875761866,2.44898408723198,2.4802098274230957,1709900,0.0,0.0
2025-02-26 00:00:00-05:00,2.480209792650161,2.596190929412842,2.4668274846901284,2.596190929412842,4198800,0.0,0.0
2025-02-27 00:00:00-05:00,2.5783476106921794,2.8638393177333397,2.5783476106921794,2.8192312717437744,5875800,0.0,0.0
2025-02-28 00:00:00-05:00,2.774623033078058,2.7790839440631916,2.542660979549693,2.560504198074341,5560200,0.0,0.0
2025-03-03 00:00:00-05:00,2.5694262193280566,2.6586423188708532,2.5337395668029785,2.5337395668029785,1311700,0.0,0.0
2025-03-04 00:00:00-05:00,2.542661009834851,2.542661009834851,2.4177584786746253,2.426680088043213,1348100,0.0,0.0
2025-03-05 00:00:00-05:00,2.4534449984198337,2.5203571772819653,2.4445233887520796,2.4802098274230957,1197000,0.0,0.0
2025-03-06 00:00:00-05:00,2.4623666080875877,2.4935923482787032,2.4445233887520796,2.4802098274230957,1427900,0.0,0.0
2025-03-07 00:00:00-05:00,2.47128817003375,2.5872693061828613,2.47128817003375,2.5872693061828613,2074100,0.0,0.0
2025-03-10 00:00:00-04:00,2.569426246065135,2.6229559063478347,2.5337395931687063,2.5515828132629395,2488300,0.0,0.0
2025-03-11 00:00:00-04:00,2.56942619221173,2.591730110508066,2.4534450513221366,2.5158963203430176,2413600,0.0,0.0
2025-03-12 00:00:00-04:00,2.5158962522870802,2.533739471524666,2.4534449849555293,2.4712882041931152,2230900,0.0,0.0
2025-03-13 00:00:00-04:00,2.489799899690303,2.526822910430381,2.4435211362652054,2.5175671577453613,2779600,0.1,0.0
2025-03-14 00:00:00-04:00,2.5175669666054907,2.7026822269260258,2.4990554626408907,2.684170722961426,2448200,0.0,0.0
2025-03-17 00:00:00-04:00,2.6841709330563512,2.711938191176645,2.637891948847977,2.6656594276428223,1883500,0.0,0.0
2025-03-18 00:00:00-04:00,2.6564033610343647,2.767472610292088,2.6564033610343647,2.7582168579101562,1636800,0.0,0.0
2025-03-19 00:00:00-04:00,2.7119381993127236,2.7628447290153777,2.7119381993127236,2.7489612102508545,1274600,0.0,0.0
2025-03-20 00:00:00-04:00,2.748961105528225,2.799867853966121,2.7304496007643615,2.7582168579101562,1218500,0.0,0.0
2025-03-21 00:00:00-04:00,2.7304495893617977,2.7304495893617977,2.6471475975977445,2.674915075302124,2677300,0.0,0.0
2025-03-24 00:00:00-04:00,2.693426474943726,2.7026822269260258,2.6286359903930916,2.684170722961426,797800,0.0,0.0
2025-03-25 00:00:00-04:00,2.7211937890825215,2.7211937890825215,2.6425197852132847,2.6564033031463623,1414200,0.0,0.0
2025-03-26 00:00:00-04:00,2.665659510879683,2.7350775480107625,2.651775771048732,2.72119402885437,718000,0.0,0.0
2025-03-27 00:00:00-04:00,2.711938096000498,2.7767283626740196,2.684170838854703,2.7582168579101562,753800,0.0,0.0
2025-03-28 00:00:00-04:00,2.7582168866903203,2.7952398966043575,2.7582168866903203,2.776728391647339,1328800,0.0,0.0
2025-03-31 00:00:00-04:00,2.7767281833972564,2.8415184458876572,2.77210019716782,2.7952396869659424,1694900,0.0,0.0
2025-04-01 00:00:00-04:00,2.7859843327785376,2.8507746045153706,2.776728579673276,2.823007345199585,1251500,0.0,0.0
2025-04-02 00:00:00-04:00,2.8044956591842873,2.869285926767218,2.7767284016487457,2.860030174255371,1217400,0.0,0.0
2025-04-03 00:00:00-04:00,2.7859842777252197,2.8044957835699407,2.758217018958138,2.7859842777252197,1663600,0.0,0.0
2025-04-04 00:00:00-04:00,2.7582169067098756,2.7582169067098756,2.6378919029413717,2.6471476554870605,2273500,0.0,0.0
2025-04-07 00:00:00-04:00,2.6378919426506147,2.6378919426506147,2.369474894110499,2.5175671577453613,2749300,0.0,0.0
2025-04-08 00:00:00-04:00,2.600868986458786,2.610124739337927,2.387986449563983,2.4064979553222656,1590700,0.0,0.0
2025-04-09 00:00:00-04:00,2.397242097336529,2.5221948660636837,2.3370798165971918,2.480544090270996,1836600,0.0,0.0
2025-04-10 00:00:00-04:00,2.4435211277902464,2.499055643707751,2.3648471199031738,2.434265375137329,1840400,0.0,0.0
2025-04-11 00:00:00-04:00,2.452776888950225,2.531450676435615,2.4203816442153814,2.5175671577453613,1646500,0.0,0.0
2025-04-14 00:00:00-04:00,2.5453343678576634,2.5731016253897105,2.508311357814934,2.5638458728790283,1199200,0.0,0.0
2025-04-15 00:00:00-04:00,2.526822852637619,2.554590110057593,2.4712883377976715,2.480544090270996,944000,0.0,0.0
2025-04-16 00:00:00-04:00,2.4897997840727046,2.508311288583134,2.4342652705414163,2.443521022796631,968600,0.0,0.0
2025-04-17 00:00:00-04:00,2.4435211085284423,2.526822881748047,2.4296373693212336,2.4990556240081787,1255900,0.0,0.0
2025-04-21 00:00:00-04:00,2.489799708138982,2.489799708138982,2.443520948274315,2.4712882041931152,879100,0.0,0.0
2025-04-22 00:00:00-04:00,2.517567007737213,2.5823572726718496,2.4805439992031353,2.57310152053833,1104400,0.0,0.0
2025-04-23 00:00:00-04:00,2.591612994908122,2.600868746934866,2.5268227307209163,2.5545899868011475,1542100,0.0,0.0
2025-04-24 00:00:00-04:00,2.7304495843645347,3.341329679251998,2.7119380797118566,3.332073926925659,10767700,0.0,0.0
2025-04-25 00:00:00-04:00,3.3320739384164506,3.53107294513081,3.3228181860581927,3.48016619682312,4668900,0.0,0.0
2025-04-28 00:00:00-04:00,3.480166244109551,3.525519497483611,3.373724980206053,3.433887481689453,3302600,0.0,0.0
2025-04-29 00:00:00-04:00,3.4338872295116536,3.5079332439460194,3.415375725903062,3.4986774921417236,2758100,0.0,0.0
2025-04-30 00:00:00-04:00,3.4523989866574922,3.503305735656873,3.4246317292054336,3.433887481689453,2066200,0.0,0.0
2025-05-01 00:00:00-04:00,3.433887481689453,3.4847942306888338,3.351511218379315,3.433887481689453,2338800,0.0,0.0
2025-05-02 00:00:00-04:00,3.4709104029535163,3.4894219074486386,3.359841375982783,3.3783528804779053,2259100,0.0,0.0
2025-05-05 00:00:00-04:00,3.3783526424908583,3.4164185519671495,3.3545615625135357,3.397385597229004,1330100,0.1,0.0
2025-05-06 00:00:00-04:00,3.3593199257667212,3.3878693598967193,3.302221057506725,3.3498034477233887,2468800,0.0,0.0
2025-05-07 00:00:00-04:00,3.330770490730097,3.3973858370152934,3.330770490730097,3.3688364028930664,1806300,0.0,0.0
2025-05-08 00:00:00-04:00,3.378352877357107,3.483034362585179,3.3621748873940462,3.4449682235717773,1861700,0.0,0.0
2025-05-09 00:00:00-04:00,3.444968230000174,3.5686826715204343,3.4211771483244777,3.549649715423584,2400200,0.0,0.0
2025-05-12 00:00:00-04:00,3.6067485791266884,3.6448144912719727,3.5163419243362717,3.6448144912719727,1850000,0.0,0.0
2025-05-13 00:00:00-04:00,3.6543309706769977,3.7494959779665855,3.606748580477571,3.616265058517456,2047400,0.0,0.0
2025-05-14 00:00:00-04:00,3.606748580477571,3.682880404796654,3.5972321024376854,3.616265058517456,2781900,0.0,0.0
2025-05-15 00:00:00-04:00,3.5877156257629395,3.668605802578111,3.568682669675926,3.5877156257629395,2161900,0.0,0.0
2025-05-16 00:00:00-04:00,3.5877156320616588,3.70191359567496,3.5877156320616588,3.692397117614746,2977000,0.0,0.0
2025-05-19 00:00:00-04:00,3.63529802096943,3.7685289406520956,3.5781991526300305,3.7209465503692627,1306300,0.0,0.0
2025-05-20 00:00:00-04:00,3.7209465494306087,3.759012461647272,3.687638762795661,3.7399795055389404,1840800,0.0,0.0
2025-05-21 00:00:00-04:00,3.711429820758598,3.797078117462608,3.559165955282973,3.597231864929199,10737300,0.0,0.0
2025-05-22 00:00:00-04:00,3.5877153887054134,3.701913344572619,3.582957263443419,3.6638472080230713,2900500,0.0,0.0
2025-05-23 00:00:00-04:00,3.6067485791266884,3.7019135863806327,3.6067485791266884,3.6448144912719727,1913000,0.0,0.0
2025-05-27 00:00:00-04:00,3.654330730608364,3.739979254231448,3.616264820949535,3.6638472080230713,4239200,0.0,0.0
2025-05-28 00:00:00-04:00,3.682880175409038,3.749495744429829,3.659089095236515,3.7304627895355225,1677100,0.0,0.0
2025-05-29 00:00:00-04:00,3.7304630274847748,3.7685289397014383,3.701913593322277,3.7399795055389404,915500,0.0,0.0
2025-05-30 00:00:00-04:00,3.7209465508422,3.7637705886568256,3.7019135947266477,3.711430072784424,1814000,0.0,0.0
2025-06-02 00:00:00-04:00,3.692397117614746,3.7209465517953877,3.6448145004229424,3.692397117614746,938600,0.0,0.0
2025-06-03 00:00:00-04:00,3.6733636979618844,3.7571088356312634,3.606748355831813,3.7304627895355225,917600,0.0,0.0
2025-06-04 00:00:00-04:00,3.739979506482396,3.7685289406520956,3.7209465503692627,3.7209465503692627,969500,0.0,0.0
2025-06-05 00:00:00-04:00,3.7304627895355225,3.768528699324135,3.7019133571940634,3.7304627895355225,1193900,0.0,0.0
2025-06-06 00:00:00-04:00,3.759012461176754,3.7828035428638236,3.731414606755907,3.7494959831237793,1358600,0.0,0.0
2025-06-09 00:00:00-04:00,3.7780454189060917,3.9588585019903046,3.768528940849028,3.9493422508239746,1847700,0.0,0.0
2025-06-10 00:00:00-04:00,3.8541774666362936,4.09208964473035,3.8541774666362936,4.0254740715026855,1990200,0.0,0.0
2025-06-11 00:00:00-04:00,3.996924659788227,3.996924659788227,3.8874852688534416,3.9112765789031982,2256200,0.0,0.0
2025-06-12 00:00:00-04:00,3.9017596226991187,4.00168275546326,3.8970012702385723,3.9398255348205566,1915900,0.0,0.0
2025-06-13 00:00:00-04:00,3.901759873370697,3.958858745221215,3.85417770705268,3.9112765789031982,3002000,0.0,0.0
2025-06-16 00:00:00-04:00,3.939825531323959,4.063539972499569,3.9303092801927786,4.015957355499268,1695300,0.0,0.0
2025-06-17 00:00:00-04:00,3.987407910299878,4.020715467942947,3.9017593863246263,3.9207923412323,2303800,0.0,0.0
2025-06-18 00:00:00-04:00,3.9303090572357178,4.034990082647729,3.9160340006765373,3.9303090572357178,1673300,0.0,0.0
2025-06-20 00:00:00-04:00,3.939825308235196,4.001682525320396,3.911276102676759,3.9683749675750732,2312700,0.0,0.0
2025-06-23 00:00:00-04:00,3.9683747318250293,4.0254735933312595,3.911275870318799,4.00644063949585,1256700,0.0,0.0
2025-06-24 00:00:00-04:00,4.054023730688982,4.073056686776567,3.9874081574916977,4.063539981842041,1970300,0.0,0.0
2025-06-25 00:00:00-04:00,4.054023730688982,4.0920896428641536,4.02547406966687,4.063539981842041,998600,0.0,0.0
2025-06-26 00:00:00-04:00,4.082572935201341,4.144430155890024,4.073056684054642,4.120638847351074,1249100,0.0,0.0
2025-06-27 00:00:00-04:00,4.1206388603266015,4.149188521419536,4.054023740745538,4.092089653015137,3870700,0.0,0.0
2025-06-30 00:00:00-04:00,4.092089653984768,4.116832542344017,4.034990331785371,4.073056697845459,1152600,0.0,0.0
2025-07-01 00:00:00-04:00,4.082572933424105,4.224368751078088,4.073056682281548,4.15870475769043,1578700,0.0,0.0
2025-07-02 00:00:00-04:00,4.158704755036163,4.234836579253897,4.130155547845246,4.215803623199463,1763800,0.0,0.0
2025-07-03 00:00:00-04:00,4.253869554651899,4.310968876856314,4.22627192707099,4.291935920715332,680700,0.0,0.0
2025-07-07 00:00:00-04:00,4.291935906912254,4.358551026300718,4.287177554446944,4.339518070220947,2030600,0.0,0.0
2025-07-08 00:00:00-04:00,4.330001814628744,4.453715802129577,4.325243462168317,4.434682846069336,2833500,0.0,0.0
2025-07-09 00:00:00-04:00,4.501298417378417,4.501298417378417,4.406133637115109,4.472748756408691,1430600,0.0,0.0
2025-07-10 00:00:00-04:00,4.472748755529449,4.548881033506596,4.467990856853318,4.491781711578369,1693100,0.0,0.0
2025-07-11 00:00:00-04:00,4.482265459570964,4.525089724118055,4.427069750905415,4.510814666748047,988800,0.0,0.0
2025-07-14 00:00:00-04:00,4.510814679670982,4.544122693181623,4.4489579126829355,4.482265472412109,1380400,0.0,0.0
2025-07-15 00:00:00-04:00,4.4917817169914445,4.520331377989963,4.368067729415108,4.377583980560303,1145000,0.0,0.0
2025-07-16 00:00:00-04:00,4.377583980560303,4.387100685486964,4.306210508736206,4.377583980560303,1106000,0.0,0.0
2025-07-17 00:00:00-04:00,4.37758399449506,4.406133655584458,4.320485126097732,4.3300018310546875,812700,0.0,0.0
2025-07-18 00:00:00-04:00,4.339518081269516,4.366164129092744,4.282419212884829,4.349034786224365,918900,0.0,0.0
2025-07-21 00:00:00-04:00,4.387100689167537,4.401375292788038,4.301452159881592,4.301452159881592,955100,0.0,0.0
2025-07-22 00:00:00-04:00,4.3109688720840715,4.4537158160926795,4.3109688720840715,4.387100696563721,1360700,0.0,0.0
2025-07-23 00:00:00-04:00,4.425166595822431,4.434682846963738,4.377583978771499,4.415649890899658,986300,0.0,0.0
2025-07-24 00:00:00-04:00,4.358551035611188,4.369970900039739,3.6495728528984164,3.692397117614746,5564100,0.0,0.0
2025-07-25 00:00:00-04:00,3.68288040667009,3.7114300676950025,3.568682670133374,3.5781991481781006,2193400,0.0,0.0
2025-07-28 00:00:00-04:00,3.530616758409451,3.8713068085889972,3.4782760157113444,3.8065948486328125,5613200,0.0,0.0
2025-07-29 00:00:00-04:00,3.7685289373665953,3.862742138111687,3.7590124593183254,3.7875618934631348,2496700,0.0,0.0
2025-07-30 00:00:00-04:00,3.7970783715114047,3.830386158125716,3.725704672704014,3.7875618934631348,2011900,0.0,0.0
2025-07-31 00:00:00-04:00,3.7399795041416257,3.827530966072801,3.733317992195272,3.768528938293457,1829800,0.0,0.0
2025-08-01 00:00:00-04:00,3.682880411252263,3.748544177909792,3.6686058076127797,3.7209465503692627,1858600,0.0,0.0
2025-08-04 00:00:00-04:00,3.7590124625955292,3.7875618967652285,3.706671719839046,3.7209465503692627,1450500,0.0,0.0
2025-08-05 00:00:00-04:00,3.759012221876982,3.773286824602352,3.7019133571940634,3.7304627895355225,1750000,0.0,0.0
2025-08-06 00:00:00-04:00,3.7304630191140955,3.7304630191140955,3.6305398863242013,3.6733639240264893,1907400,0.0,0.0
2025-08-07 00:00:00-04:00,3.6929032459439455,3.7515207023259767,3.66359451775293,3.712442398071289,1329300,0.1,0.0
2025-08-08 00:00:00-04:00,3.7417510574463084,3.7417510574463084,3.683133602142334,3.683133602142334,1086700,0.0,0.0
2025-08-11 00:00:00-04:00,3.712442296728733,3.805253383262584,3.6929031451347707,3.77105975151062,1347400,0.0,0.0
2025-08-12 00:00:00-04:00,3.8003686519658157,3.907833984039888,3.7808292677545645,3.8785252571105957,1359200,0.0,0.0
2025-08-13 00:00:00-04:00,3.8980645453725145,3.9273732733316984,3.8345621849984166,3.86875581741333,948800,0.0,0.0
2025-08-14 00:00:00-04:00,3.819907863420586,3.8492165908115292,3.712442296728733,3.77105975151062,759400,0.0,0.0
2025-08-15 00:00:00-04:00,3.771059819779776,3.795483876176918,3.717327268386166,3.7319815158843994,712900,0.0,0.0
2025-08-18 00:00:00-04:00,3.7612902092143,3.7759446895028246,3.6635944503743425,3.683133602142334,689500,0.0,0.0
2025-08-19 00:00:00-04:00,3.673363991567197,3.6929031431506614,3.6049769610250717,3.6342856884002686,774300,0.0,0.0
2025-08-20 00:00:00-04:00,3.6538247368322025,3.692903038895907,3.595207283736645,3.624516010284424,631400,0.0,0.0
2025-08-21 00:00:00-04:00,3.624516010284424,3.6635943123481285,3.575668132704793,3.624516010284424,661400,0.0,0.0
2025-08-22 00:00:00-04:00,3.6538248744903465,3.7124423297943214,3.6245161468383595,3.683133602142334,1023900,0.0,0.0
2025-08-25 00:00:00-04:00,3.6635944846009134,3.70267278850198,3.5658987248482483,3.595207452774048,715800,0.0,0.0
2025-08-26 00:00:00-04:00,3.585437774658203,3.611815605747475,3.5610137189532876,3.585437774658203,691700,0.0,0.0
2025-08-27 00:00:00-04:00,3.5854377412594136,3.634285619289163,3.5561290144415643,3.6049768924713135,779800,0.0,0.0
2025-08-28 00:00:00-04:00,3.634285582791961,3.634285582791961,3.546359403221409,3.556128978729248,788700,0.0,0.0
2025-08-29 00:00:00-04:00,3.565898590047514,3.614746468077263,3.5561290144415643,3.6049768924713135,689000,0.0,0.0
2025-09-02 00:00:00-04:00,3.5854378425598727,3.5952074184418454,3.536589730224948,3.5463595390319824,931800,0.0,0.0
2025-09-03 00:00:00-04:00,3.526820112990388,3.531705017336629,3.409585203781317,3.429124355316162,1249900,0.0,0.0
2025-09-04 00:00:00-04:00,3.4486634397875005,3.492626646348513,3.424239617306425,3.468202590942383,790500,0.0,0.0
2025-09-05 00:00:00-04:00,3.48774181110061,3.556129074420763,3.4682026595591546,3.497511386871338,545600,0.0,0.0
2025-09-08 00:00:00-04:00,3.5072808932521475,3.5170504688295887,3.429124288632618,3.468202590942383,837300,0.0,0.0
2025-09-09 00:00:00-04:00,3.4682026583858523,3.477972234153275,3.3998156280138945,3.429124355316162,656600,0.0,0.0
2025-09-10 00:00:00-04:00,3.409585203781317,3.4975113856881204,3.34608284483054,3.429124355316162,1335100,0.0,0.0
2025-09-11 00:00:00-04:00,3.4193547807055165,3.556129074420763,3.4193547807055165,3.497511386871338,1006000,0.0,0.0
2025-09-12 00:00:00-04:00,3.517050572520108,3.5268201483855783,3.463318021722553,3.4779722690582275,550200,0.0,0.0
2025-09-15 00:00:00-04:00,3.487741777653335,3.536589656038524,3.448663474945183,3.5170505046844482,1400800,0.0,0.0
2025-09-16 00:00:00-04:00,3.5170506068394913,3.5365897587610946,3.463318055517614,3.526820182800293,1071300,0.0,0.0
2025-09-17 00:00:00-04:00,3.517050578832063,3.6342857223531646,3.517050578832063,3.614746570587158,2318100,0.0,0.0
2025-09-18 00:00:00-04:00,3.634285722722355,3.722211905678317,3.6147465709543636,3.683133602142334,1926400,0.0,0.0
2025-09-19 00:00:00-04:00,3.702672720931752,3.839447015014548,3.6635944177438273,3.77105975151062,3883400,0.0,0.0
2025-09-22 00:00:00-04:00,3.7612902153466585,3.898064510870656,3.7612902153466585,3.8199079036712646,2080600,0.0,0.0
2025-09-23 00:00:00-04:00,3.819907759507138,3.829677335038356,3.712442195738685,3.7612900733947754,1184900,0.0,0.0
2025-09-24 00:00:00-04:00,3.7417509304712593,3.8492164944734677,3.7417509304712593,3.8296773433685303,1052800,0.0,0.0
2025-09-25 00:00:00-04:00,3.819907897817236,3.824792569297181,3.7368663863326126,3.7515206336975098,826300,0.0,0.0
2025-09-26 00:00:00-04:00,3.7612902820173044,3.8736405233204225,3.7515207059442104,3.8492166996002197,735600,0.0,0.0
2025-09-29 00:00:00-04:00,3.8589861392974854,3.8931795378823937,3.780829300549712,3.8589861392974854,815900,0.0,0.0
2025-09-30 00:00:00-04:00,3.8687556482460908,3.898064374923706,3.8296773460092703,3.898064374923706,749500,0.0,0.0
2025-10-01 00:00:00-04:00,3.86875581741333,3.8980645453725145,3.8013456732296875,3.86875581741333,685800,0.0,0.0
2025-10-02 00:00:00-04:00,3.868755681467498,3.888294832753693,3.815022898967934,3.8785252571105957,601000,0.0,0.0
2025-10-03 00:00:00-04:00,3.878525221130873,3.9176037562658013,3.819907767816062,3.8296773433685303,594500,0.0,0.0
2025-10-06 00:00:00-04:00,3.8589862367451286,3.8589862367451286,3.6635944843292236,3.6635944843292236,1853300,0.0,0.0
2025-10-07 00:00:00-04:00,3.663594450002175,3.6684793544062075,3.5658986911721415,3.614746570587158,1460700,0.0,0.0
2025-10-08 00:00:00-04:00,3.6147464347684974,3.624516010284424,3.575668132704793,3.624516010284424,1119300,0.0,0.0
2025-10-09 00:00:00-04:00,3.614746501749067,3.634285653142976,3.5610137189532876,3.585437774658203,1040200,0.0,0.0
2025-10-10 00:00:00-04:00,3.5658986907959274,3.590322514038328,3.5317050587464927,3.5463595390319824,1703000,0.0,0.0
2025-10-13 00:00:00-04:00,3.614746570587158,3.6831336017681813,3.5805529385341153,3.614746570587158,1083700,0.0,0.0
2025-10-14 00:00:00-04:00,3.5952073852333397,3.6538248399837325,3.5658986578581433,3.6342856884002686,989300,0.0,0.0
2025-10-15 00:00:00-04:00,3.575668267055145,3.673364025885178,3.5707833626511123,3.614746570587158,902300,0.0,0.0
2025-10-16 00:00:00-04:00,3.6147465378057984,3.741751023133065,3.6000920576516604,3.7026727199554443,2463200,0.0,0.0
2025-10-17 00:00:00-04:00,3.69290321225285,3.722211940176476,3.653824908354682,3.6635944843292236,521900,0.0,0.0
2025-10-20 00:00:00-04:00,3.6635944843292236,3.7124423642019337,3.6098617000067104,3.6635944843292236,710700,0.0,0.0
2025-10-21 00:00:00-04:00,3.74175109212556,3.74175109212556,3.6098617000067104,3.6635944843292236,586300,0.0,0.0
2025-10-22 00:00:00-04:00,3.6635945186482317,3.7124423989785282,3.6147466383179356,3.6440553665161133,2127000,0.0,0.0
2025-10-23 00:00:00-04:00,3.907834019389717,4.154027420992834,3.824792509209676,3.927373170852661,3194200,0.0,0.0
2025-10-24 00:00:00-04:00,3.956682156460098,3.956682156460098,3.673363992572229,3.7026727199554443,1729500,0.0,0.0
2025-10-27 00:00:00-04:00,3.7124423297943214,3.7905991697913497,3.673364026258338,3.683133602142334,1377200,0.0,0.0
2025-10-28 00:00:00-04:00,3.69290324684641,3.707557727408032,3.6440553665161133,3.6440553665161133,1666100,0.0,0.0
2025-10-29 00:00:00-04:00,3.6440553674407044,3.6635945195777806,3.5756683349609375,3.5756683349609375,3467600,0.0,0.0
2025-10-30 00:00:00-04:00,3.604977023589428,3.604977023589428,3.458433151245117,3.458433151245117,1106300,0.0,0.0
2025-10-31 00:00:00-04:00,3.468202557787399,3.5170504352076337,3.3998155293990706,3.487741708755493,1497700,0.0,0.0
2025-11-03 00:00:00-05:00,3.3705070027642443,3.4095853070171525,3.2972350658275085,3.3021199703216553,1255500,0.0,0.0
2025-11-04 00:00:00-05:00,3.282580614089966,3.3314287277600356,3.243502309493965,3.282580614089966,1010000,0.0,0.0
2025-11-05 00:00:00-05:00,3.311889579421006,3.3802766125457566,3.25815679407474,3.3509678840637207,1164100,0.0,0.0
2025-11-06 00:00:00-05:00,3.3411981293563495,3.3753915276289663,3.243502140045166,3.243502140045166,739900,0.0,0.0
2025-11-07 00:00:00-05:00,3.2239630955866465,3.331428664097071,3.214193519624341,3.3216590881347656,1309700,0.0,0.0
2025-11-10 00:00:00-05:00,3.3509676706291183,3.360737246167539,3.233732531243014,3.2630412578582764,876900,0.0,0.0
2025-11-11 00:00:00-05:00,3.3216590547266343,3.4291243892311445,3.3216590547266343,3.4095852375030518,1615100,0.0,0.0
2025-11-12 00:00:00-05:00,3.3998155619002945,3.492626646348513,3.380276410745412,3.468202590942383,2249000,0.0,0.0
2025-11-13 00:00:00-05:00,3.448663474945183,3.5463594646406196,3.438893899268145,3.5170505046844482,1091100,0.0,0.0
2025-11-14 00:00:00-05:00,3.4975113533303723,3.565898615994695,3.4721104099850626,3.5170505046844482,1370000,0.0,0.0
2025-11-17 00:00:00-05:00,3.48774181110061,3.5365896899542486,3.438893932246972,3.497511386871338,2195700,0.0,0.0
2025-11-18 00:00:00-05:00,3.497511427066056,3.6245161464701616,3.4682026994170463,3.614746570587158,1105400,0.0,0.0
2025-11-19 00:00:00-05:00,3.5952074188211514,3.6538248741191715,3.5952074188211514,3.614746570587158,1115500,0.0,0.0
2025-11-20 00:00:00-05:00,3.614746536816804,3.699741822912368,3.614746536816804,3.6342856884002686,1243700,0.0,0.0
2025-11-21 00:00:00-05:00,3.6538247728022837,3.7026726508627976,3.634285621578078,3.6733639240264893,1229300,0.0,0.0
2025-11-24 00:00:00-05:00,3.663594415775465,3.702672718942394,3.6294007840418723,3.6342856884002686,1113100,0.0,0.0
2025-11-25 00:00:00-05:00,3.673364060303766,3.688018540728111,3.6460093407450738,3.6635944843292236,924700,0.0,0.0
2025-11-26 00:00:00-05:00,3.653824908354682,3.678248964753569,3.6245161804310557,3.6635944843292236,812100,0.0,0.0
2025-11-28 00:00:00-05:00,3.683133636278308,3.683133636278308,3.6196312759812526,3.6635944843292236,689500,0.0,0.0
2025-12-01 00:00:00-05:00,3.663594416777824,3.7710597505162804,3.6245161136002033,3.7026727199554443,1757200,0.0,0.0
2025-12-02 00:00:00-05:00,3.722211872525714,3.7905991360296425,3.6782488979018293,3.77105975151062,988400,0.0,0.0
2025-12-03 00:00:00-05:00,3.800368616711125,3.858986070025936,3.7905990411586563,3.8296773433685303,689600,0.0,0.0
2025-12-04 00:00:00-05:00,3.800368683466385,3.819907834914537,3.7417509961968727,3.7905991077423096,781600,0.0,0.0
2025-12-05 00:00:00-05:00,3.7808293671465063,3.8589862072709606,3.7710597912465826,3.8199079036712646,892500,0.0,0.0
2025-12-08 00:00:00-05:00,3.8296775428583847,3.8394471189197557,3.751520701442353,3.780829429626465,940200,0.0,0.0
2025-12-09 00:00:00-05:00,3.7710597233690994,3.8296774106386122,3.761290147645024,3.7905991077423096,870700,0.0,0.0
2025-12-10 00:00:00-05:00,3.8003688236360045,3.951797369406871,3.790599247551596,3.9176039695739746,1118600,0.0,0.0
2025-12-11 00:00:00-05:00,3.9273732109323816,3.995760474675651,3.912718963648153,3.9762213230133057,1019700,0.0,0.0
2025-12-12 00:00:00-05:00,3.9957606445650065,4.054378102044304,3.9859908353933857,4.0152997970581055,1091100,0.0,0.0
2025-12-15 00:00:00-05:00,4.054377696094923,4.161843256971922,4.025068737364797,4.112995147705078,821100,0.0,0.0
2025-12-16 00:00:00-05:00,4.112995559523602,4.112995559523602,4.005529987886485,4.0152997970581055,1455100,0.0,0.0
2025-12-17 00:00:00-05:00,4.0152997283666565,4.093456337001996,3.995760576207822,4.054378032684326,1194900,0.0,0.0
2025-12-18 00:00:00-05:00,4.09345609383023,4.127649491614398,4.064147134408009,4.122764587402344,3061000,0.0,0.0
2025-12-19 00:00:00-05:00,4.103225464398813,4.112995272889577,3.942027351102081,3.966451406478882,2193300,0.0,0.0
2025-12-22 00:00:00-05:00,3.9664514399621322,4.0152995511280904,3.9469122886657715,3.9469122886657715,815600,0.0,0.0
2025-12-23 00:00:00-05:00,3.9664514399621322,3.9664514399621322,3.8882948347766892,3.9469122886657715,664600,0.0,0.0
2025-12-24 00:00:00-05:00,3.976221214969646,3.9908754618556825,3.956682063838227,3.966451406478882,247400,0.0,0.0
2025-12-26 00:00:00-05:00,3.966451406478882,3.9957603661010648,3.946912255347463,3.966451406478882,355100,0.0,0.0
2025-12-29 00:00:00-05:00,3.9371428149353567,4.039723472290437,3.9371428149353567,4.025068759918213,588000,0.0,0.0
2025-12-30 00:00:00-05:00,4.015299689433435,4.054377993372193,3.995760537464057,4.005529880523682,592900,0.0,0.0
2025-12-31 00:00:00-05:00,3.985990728554303,4.025069032493061,3.976221385494678,4.005529880523682,461400,0.0,0.0
2026-01-02 00:00:00-05:00,4.005529919362172,4.064147375838677,3.9762214240489877,4.054378032684326,585700,0.0,0.0
2026-01-05 00:00:00-05:00,4.025068759918213,4.059262622936638,3.956681965581558,4.025068759918213,1246700,0.0,0.0
2026-01-06 00:00:00-05:00,4.0934563647871505,4.265401184462085,4.083686555716352,4.1032257080078125,1282800,0.0,0.0
2026-01-07 00:00:00-05:00,4.132534543926482,4.210691150719872,4.044608128358859,4.181382656097412,1141800,0.0,0.0
2026-01-08 00:00:00-05:00,4.1618432661317275,4.279078169610061,4.1618432661317275,4.24976921081543,733800,0.0,0.0
2026-01-09 00:00:00-05:00,4.1716126423097215,4.2497692452621125,4.064147080325134,4.161843299865723,531200,0.0,0.0
2026-01-12 00:00:00-05:00,4.161843504399065,4.209714263012472,4.122764735152248,4.181382656097412,510600,0.0,0.0
2026-01-13 00:00:00-05:00,4.210690975189209,4.220460783556171,4.152073522537747,4.210690975189209,754600,0.0,0.0
2026-01-14 00:00:00-05:00,4.23023046591818,4.2986177324306505,4.23023046591818,4.288847923278809,714600,0.0,0.0
2026-01-15 00:00:00-05:00,4.327926228185894,4.327926228185894,4.259539427523565,4.288847923278809,1087900,0.0,0.0
2026-01-16 00:00:00-05:00,4.279078375732639,4.327926021609881,4.200921769648957,4.269308567047119,2994000,0.0,0.0
2026-01-20 00:00:00-05:00,4.249769225274575,4.269308375920776,4.015299417520161,4.025068759918213,779300,0.0,0.0
2026-01-21 00:00:00-05:00,4.054378030748151,4.210691247944181,4.049493126248242,4.191152095794678,1907800,0.0,0.0
2026-01-22 00:00:00-05:00,4.200921836597498,4.318156747591351,4.19603693217689,4.230230331420898,914700,0.0,0.0
2026-01-23 00:00:00-05:00,4.230230197812616,4.3181566112059855,4.200921703914901,4.30838680267334,599800,0.0,0.0
2026-01-26 00:00:00-05:00,4.3181566112059855,4.3181566112059855,4.2497693490277975,4.30838680267334,466700,0.0,0.0
2026-01-27 00:00:00-05:00,4.29861777018911,4.367004571452139,4.274193712945109,4.337696075439453,776800,0.0,0.0
2026-01-28 00:00:00-05:00,4.347465105103701,4.357234913636348,4.293732555724482,4.30838680267334,471800,0.0,0.0
2026-01-29 00:00:00-05:00,4.318156815759714,4.3474653110457915,4.244884645844255,4.327926158905029,501600,0.0,0.0
2026-01-30 00:00:00-05:00,4.288847923278809,4.312295092563116,4.249769618371723,4.288847923278809,624600,0.0,0.0
2026-02-02 00:00:00-05:00,4.298617393937268,4.440276354533093,4.269308434639809,4.3474650382995605,1668100,0.0,0.0
2026-02-03 00:00:00-05:00,4.37677404457333,4.5819353643072445,4.357234893448677,4.533087253570557,1478400,0.0,0.0
2026-02-04 00:00:00-05:00,4.572165705414291,4.757787880096832,4.528202963333007,4.728479385375977,1399300,0.0,0.0
2026-02-05 00:00:00-05:00,4.728479551044882,4.914101732230956,4.669862093699302,4.6991705894470215,2449500,0.0,0.0
2026-02-06 00:00:00-05:00,4.738248688008307,4.757787839605966,4.669861890341563,4.679631233215332,978600,0.0,0.0
2026-02-09 00:00:00-05:00,4.679631273041052,4.762672784500349,4.6210138177492155,4.728479385375977,850500,0.0,0.0
2026-02-10 00:00:00-05:00,4.7577876385500595,4.826174899176996,4.713824432850607,4.796865940093994,1502100,0.0,0.0
2026-02-11 00:00:00-05:00,4.826175173329263,4.82910583647899,4.748018565801684,4.777327060699463,1059500,0.0,0.0
2026-02-12 00:00:00-05:00,4.7968662530824675,4.7968662530824675,4.674746436327006,4.689401149749756,817200,0.0,0.0
2026-02-13 00:00:00-05:00,4.68940128379154,4.777327237590657,4.6600923219584045,4.748018741607666,777700,0.0,0.0
2026-02-17 00:00:00-05:00,4.7480187034934085,4.7480187034934085,4.650322941250775,4.6991705894470215,788900,0.0,0.0
2026-02-18 00:00:00-05:00,4.69917028738182,4.708940095903146,4.611243874090337,4.669861793518066,1168700,0.0,0.0
2026-02-19 00:00:00-05:00,4.650322698332667,4.6796311925494045,4.581935435410087,4.6307830810546875,944900,0.0,0.0
2026-02-20 00:00:00-05:00,4.630783148856359,4.645437862029411,4.523318047354716,4.591704845428467,1085600,0.0,0.0
2026-02-23 00:00:00-05:00,4.562396457619904,4.65032287531669,4.518433248771512,4.601474761962891,1116700,0.0,0.0
2026-02-24 00:00:00-05:00,4.611243997142413,4.66009210935234,4.542857199068663,4.591704845428467,1143900,0.0,0.0
2026-02-25 00:00:00-05:00,4.5917050541628655,4.63078335936722,4.4256224899694345,4.474470138549805,3712000,0.0,0.0
2026-02-26 00:00:00-05:00,4.640552997655844,4.85548366836269,4.4353916699651545,4.50377893447876,4633700,0.0,0.0
2026-02-27 00:00:00-05:00,4.601474759933123,4.842783265852112,4.581935607770249,4.738248825073242,4492600,0.0,0.0
2026-03-02 00:00:00-05:00,4.708940329753998,4.777327129398991,4.6112441030894935,4.738248825073242,4210000,0.0,0.0
2026-03-03 00:00:00-05:00,4.6307829179491105,4.689400836018175,4.552626314990491,4.660091876983643,1566800,0.0,0.0
2026-03-04 00:00:00-05:00,4.650322972671392,4.699170621197686,4.581935705714409,4.611244201660156,2495700,0.0,0.0
2026-03-05 00:00:00-05:00,4.591704775015929,4.660092037891102,4.4158524122870615,4.494009017944336,2812600,0.0,0.0
2026-03-06 00:00:00-05:00,4.474470002718984,4.503778963657593,4.357235090664806,4.4158525466918945,953100,0.0,0.0
2026-03-09 00:00:00-04:00,4.357235189791278,4.3718894376689,4.22046112261648,4.288847923278809,2776700,0.0,0.0
2026-03-10 00:00:00-04:00,4.259539224211718,4.347465173130801,4.200921769648957,4.269308567047119,2765300,0.0,0.0
2026-03-11 00:00:00-04:00,4.259539400283912,4.308387048180319,4.181382790969551,4.240000247955322,1921600,0.0,0.0
2026-03-12 00:00:00-04:00,4.190000057220459,4.230000019073486,4.074999809265137,4.110000133514404,1774900,0.1,0.0
2026-03-13 00:00:00-04:00,4.110000133514404,4.130000114440918,4.039999961853027,4.099999904632568,1291800,0.0,0.0
2026-03-16 00:00:00-04:00,4.159999847412109,4.210000038146973,4.090000152587891,4.210000038146973,1351700,0.0,0.0
2026-03-17 00:00:00-04:00,4.21999979019165,4.269999980926514,4.15500020980835,4.230000019073486,1309200,0.0,0.0
2026-03-18 00:00:00-04:00,4.190000057220459,4.199999809265137,4.0,4.010000228881836,1072800,0.0,0.0
2026-03-19 00:00:00-04:00,3.9800000190734863,4.065000057220459,3.9000000953674316,4.03000020980835,1174600,0.0,0.0
2026-03-20 00:00:00-04:00,4.079999923706055,4.079999923706055,3.869999885559082,3.9200000762939453,2396100,0.0,0.0
2026-03-23 00:00:00-04:00,4.0,4.130000114440918,3.9800000190734863,4.099999904632568,2164700,0.0,0.0
2026-03-24 00:00:00-04:00,4.059999942779541,4.175000190734863,4.050000190734863,4.159999847412109,901800,0.0,0.0
2026-03-25 00:00:00-04:00,4.21999979019165,4.320000171661377,4.175000190734863,4.25,2452200,0.0,0.0
2026-03-26 00:00:00-04:00,4.21999979019165,4.269999980926514,4.144999980926514,4.150000095367432,1171600,0.0,0.0
2026-03-27 00:00:00-04:00,4.130000114440918,4.170000076293945,3.940000057220459,3.940000057220459,1409200,0.0,0.0
2026-03-30 00:00:00-04:00,3.9700000286102295,4.025000095367432,3.9019999504089355,3.930000066757202,1980000,0.0,0.0
2026-03-31 00:00:00-04:00,4.0,4.125,3.940000057220459,4.050000190734863,1752200,0.0,0.0
2026-04-01 00:00:00-04:00,4.090000152587891,4.139999866485596,4.059999942779541,4.110000133514404,1158700,0.0,0.0
2026-04-02 00:00:00-04:00,4.059999942779541,4.130000114440918,4.010000228881836,4.090000152587891,890600,0.0,0.0
2026-04-06 00:00:00-04:00,4.070000171661377,4.09499979019165,4.0,4.03000020980835,607000,0.0,0.0
2026-04-07 00:00:00-04:00,4.03000020980835,4.079999923706055,3.8499999046325684,3.9100000858306885,1722500,0.0,0.0
2026-04-08 00:00:00-04:00,4.059999942779541,4.159999847412109,4.034999847412109,4.150000095367432,1678700,0.0,0.0
2026-04-09 00:00:00-04:00,4.099999904632568,4.190000057220459,4.099999904632568,4.150000095367432,927300,0.0,0.0
2026-04-10 00:00:00-04:00,4.130000114440918,4.199999809265137,4.09499979019165,4.119999885559082,1229500,0.0,0.0
2026-04-13 00:00:00-04:00,4.090000152587891,4.15500020980835,4.070000171661377,4.150000095367432,751500,0.0,0.0
2026-04-14 00:00:00-04:00,4.130000114440918,4.150000095367432,4.079999923706055,4.090000152587891,1300300,0.0,0.0
2026-04-15 00:00:00-04:00,4.070000171661377,4.110000133514404,4.039999961853027,4.110000133514404,791300,0.0,0.0
2026-04-16 00:00:00-04:00,4.079999923706055,4.190000057220459,4.079999923706055,4.119999885559082,768400,0.0,0.0
2026-04-17 00:00:00-04:00,4.179999828338623,4.264999866485596,4.164999961853027,4.199999809265137,1004600,0.0,0.0
2026-04-20 00:00:00-04:00,4.190000057220459,4.199999809265137,4.099999904632568,4.110000133514404,797600,0.0,0.0
2026-04-21 00:00:00-04:00,4.090000152587891,4.119999885559082,3.924999952316284,3.940000057220459,1092101,0.0,0.0
