Date,Open,High,Low,Close,Volume,Dividends,Stock Splits
2022-01-03 00:00:00-05:00,58.781892998744965,58.79962211607466,56.86682364280706,57.6381721496582,1224300,0.0,0.0
2022-01-04 00:00:00-05:00,57.709101212242714,58.329728609579874,56.33486787777861,56.45899200439453,1444300,0.0,0.0
2022-01-05 00:00:00-05:00,56.33486528590118,56.56538102727811,55.57238467790816,55.58124923706055,962900,0.0,0.0
2022-01-06 00:00:00-05:00,55.73197962637184,55.829506697887524,54.93403393408804,55.28867721557617,815300,0.0,0.0
2022-01-07 00:00:00-05:00,55.12021626796104,55.39506496093882,54.207014448068776,54.499595642089844,1432000,0.0,0.0
2022-01-10 00:00:00-05:00,54.038558529760515,54.7212445721552,53.719380288419764,54.6857795715332,1130200,0.0,0.0
2022-01-11 00:00:00-05:00,54.83650132433667,55.03155544766847,54.06515615445066,54.898563385009766,1676500,0.0,0.0
2022-01-12 00:00:00-05:00,54.84536745355117,55.590115539150325,54.84536745355117,55.08475112915039,1211900,0.0,0.0
2022-01-13 00:00:00-05:00,54.4818639865437,55.21774418955191,54.4818639865437,55.05815505981445,2059000,0.0,0.0
2022-01-14 00:00:00-05:00,54.96949238487771,55.35959724230087,53.99422855025551,55.33300018310547,1790000,0.0,0.0
2022-01-18 00:00:00-05:00,55.03154774332279,55.05814479927952,54.51731882943305,54.82762908935547,1441900,0.0,0.0
2022-01-19 00:00:00-05:00,55.09362282510023,55.572390238320196,54.464134216308594,54.464134216308594,1622000,0.0,0.0
2022-01-20 00:00:00-05:00,54.56166026612042,55.06702473212816,53.63072590148137,53.70165252685547,1178200,0.0,0.0
2022-01-21 00:00:00-05:00,53.78144270040631,54.286807125126884,53.34700489526528,53.48886489868164,1436900,0.0,0.0
2022-01-24 00:00:00-05:00,53.036698939967344,53.19628807476194,51.635865112705645,52.98350143432617,1580300,0.0,0.0
2022-01-25 00:00:00-05:00,52.38946798279649,53.143080569196904,51.70678200844247,53.02782440185547,1841200,0.0,0.0
2022-01-26 00:00:00-05:00,53.32041240865597,53.870106440523756,52.43380760403681,52.708656311035156,1349500,0.0,0.0
2022-01-27 00:00:00-05:00,52.73524697273634,53.32927387844479,52.017095950586025,52.30967712402344,1645900,0.0,0.0
2022-01-28 00:00:00-05:00,52.318546308924454,53.76371303984205,51.87524392121846,53.75484848022461,983100,0.0,0.0
2022-01-31 00:00:00-05:00,53.6395920018638,53.97650278292121,53.25835165590833,53.887840270996094,1247200,0.0,0.0
2022-02-01 00:00:00-05:00,53.905566821266994,54.09175300255802,53.214016215255384,53.48886489868164,776200,0.0,0.0
2022-02-02 00:00:00-05:00,53.60413050550996,54.5350649578152,53.453409298566,54.331146240234375,602600,0.0,0.0
2022-02-03 00:00:00-05:00,54.02081428269962,54.37545744754571,53.91442268609694,54.100608825683594,507000,0.0,0.0
2022-02-04 00:00:00-05:00,53.76370488423493,54.05628603916004,53.089886845272346,53.44452667236328,558600,0.0,0.0
2022-02-07 00:00:00-05:00,53.320407564430326,53.40020212488177,52.832775642617534,52.974632263183594,676400,0.0,0.0
2022-02-08 00:00:00-05:00,52.83277765675516,53.107626349261196,52.46040189974284,52.75298309326172,1147600,0.0,0.0
2022-02-09 00:00:00-05:00,53.28494415824418,53.94989772119463,53.231750037770524,53.878971099853516,541400,0.0,0.0
2022-02-10 00:00:00-05:00,53.196284172631245,54.100621409421414,52.203287815071484,52.43380355834961,1057800,0.0,0.0
2022-02-11 00:00:00-05:00,52.44266964239141,52.85937155380493,51.75998361383191,52.1412239074707,785800,0.0,0.0
2022-02-14 00:00:00-05:00,52.15008971209754,52.744116637217,51.50286866798107,51.742252349853516,894100,0.0,0.0
2022-02-15 00:00:00-05:00,52.17668704555367,52.32741160847006,51.44080687782596,51.60926055908203,932000,0.0,0.0
2022-02-16 00:00:00-05:00,51.81317866452225,52.11462440487088,51.05070144564381,51.39647674560547,860200,0.0,0.0
2022-02-17 00:00:00-05:00,51.41421130272366,51.458540864110105,50.83791685831359,51.006370544433594,469800,0.0,0.0
2022-02-18 00:00:00-05:00,50.917712169871365,51.35214661282261,50.65173141551547,50.704925537109375,508500,0.0,0.0
2022-02-22 00:00:00-05:00,50.722662074535414,51.1393674315333,50.30596009966659,50.97977828979492,902200,0.0,0.0
2022-02-23 00:00:00-05:00,51.28121335937898,51.42306996883546,49.88924432217215,49.92470932006836,700200,0.0,0.0
2022-02-24 00:00:00-05:00,49.100172521962286,50.678327911393616,49.03811045937535,50.49214172363281,822100,0.0,0.0
2022-02-25 00:00:00-05:00,50.63399695602919,51.96390405850394,50.447810773393606,51.88410949707031,573900,0.0,0.0
2022-02-28 00:00:00-05:00,51.36100760104282,51.75111242914222,50.571930004359764,51.050697326660156,981500,0.0,0.0
2022-03-01 00:00:00-05:00,50.891113041812645,51.51173364938974,50.447810675184066,50.855648040771484,830000,0.0,0.0
2022-03-02 00:00:00-05:00,50.99750296301801,51.644723990867874,50.99750296301801,51.423072814941406,1008700,0.0,0.0
2022-03-03 00:00:00-05:00,51.70678587524384,52.16782072547209,51.22801852514583,52.10575866699219,722400,0.0,0.0
2022-03-04 00:00:00-05:00,51.66246492278728,52.50474020520392,51.45854621350815,52.46040725708008,742600,0.0,0.0
2022-03-07 00:00:00-05:00,52.43380989468324,52.43380989468324,51.13049969267483,51.49401092529297,1312800,0.0,0.0
2022-03-08 00:00:00-05:00,51.33441418638835,51.82204610164563,50.430076974139006,51.08616256713867,716900,0.0,0.0
2022-03-09 00:00:00-05:00,51.77771631195317,52.017096606895066,51.325546016777245,51.69792175292969,846000,0.0,0.0
2022-03-10 00:00:00-05:00,51.24575026402712,52.03482789480703,51.06842865009121,51.928436279296875,510600,0.0,0.0
2022-03-11 00:00:00-05:00,52.28308433433279,52.327413896377486,50.86451467400104,51.183692932128906,543500,0.0,0.0
2022-03-14 00:00:00-04:00,51.27235591449425,51.88411199350128,51.00637177549841,51.25462341308594,573000,0.0,0.0
2022-03-15 00:00:00-04:00,51.67132413399886,51.857513703308584,51.28121925864889,51.72452163696289,808700,0.0,0.0
2022-03-16 00:00:00-04:00,51.866378084680065,52.2476183992916,51.10389745545699,52.23875045776367,765900,0.0,0.0
2022-03-17 00:00:00-04:00,52.26534818399512,53.08102289148035,52.194418183972815,53.00122833251953,528600,0.0,0.0
2022-03-18 00:00:00-04:00,52.61112073881338,53.59525245403408,52.60225618033654,53.45339584350586,1501900,0.0,0.0
2022-03-21 00:00:00-04:00,53.16969025426595,53.6573222115669,52.752984921345515,53.28494644165039,768700,0.0,0.0
2022-03-22 00:00:00-04:00,53.524323735700406,53.524323735700406,52.88597066414572,53.12535095214844,735300,0.0,0.0
2022-03-23 00:00:00-04:00,53.01896307809585,53.01896307809585,52.354009519301684,52.575660705566406,414500,0.0,0.0
2022-03-24 00:00:00-04:00,52.575654346386976,52.92142961399682,52.07915791376906,52.82390594482422,496200,0.0,0.0
2022-03-25 00:00:00-04:00,53.098759732914445,53.40020549339877,52.66432528470777,53.38247299194336,798100,0.0,0.0
2022-03-28 00:00:00-04:00,53.586393460768306,54.17155249966748,53.22288562421168,54.08289337158203,504500,0.0,0.0
2022-03-29 00:00:00-04:00,54.446403211825924,56.06002375369237,54.446403211825924,55.91816711425781,918500,0.0,0.0
2022-03-30 00:00:00-04:00,55.71773662128212,55.98496729563873,55.55739753706368,55.78009033203125,548700,0.295,0.0
2022-03-31 00:00:00-04:00,55.98496386271797,56.33236745590387,55.147640228271484,55.147640228271484,916900,0.0,0.0
2022-04-01 00:00:00-04:00,55.209999589230755,56.58178807812451,55.12983004382729,56.51052474975586,541600,0.0,0.0
2022-04-04 00:00:00-04:00,56.60851660887996,56.60851660887996,55.17437424246678,55.57522201538086,561900,0.0,0.0
2022-04-05 00:00:00-04:00,55.46833040861141,56.30565422468076,55.37034501989653,55.57522201538086,555300,0.0,0.0
2022-04-06 00:00:00-04:00,55.23671750400762,56.323459394131525,55.05856599246531,56.27001190185547,793100,0.0,0.0
2022-04-07 00:00:00-04:00,55.99387524991175,56.670859831408315,55.68210330738887,56.32345962524414,786800,0.0,0.0
2022-04-08 00:00:00-04:00,56.27001176442154,56.670859460457244,55.717734604340265,55.949337005615234,433800,0.0,0.0
2022-04-11 00:00:00-04:00,56.10077622305596,56.10077622305596,54.728987601695906,54.93386459350586,622900,0.0,0.0
2022-04-12 00:00:00-04:00,55.08528863346131,55.5663058750648,54.66662510117432,54.9516716003418,530200,0.0,0.0
2022-04-13 00:00:00-04:00,55.15654549311423,55.548486956198396,54.70225372220191,55.459407806396484,530000,0.0,0.0
2022-04-14 00:00:00-04:00,55.33470495758032,55.71773683825794,54.78242777535634,54.85369110107422,998400,0.0,0.0
2022-04-18 00:00:00-04:00,54.978403449543755,55.236724533362626,54.58646191901924,54.86260223388672,410600,0.0,0.0
2022-04-19 00:00:00-04:00,55.08529144126731,56.74212642589438,55.005121896913664,56.63523483276367,618600,0.0,0.0
2022-04-20 00:00:00-04:00,56.86683582817224,58.71963823162472,56.86683582817224,58.185176849365234,906200,0.0,0.0
2022-04-21 00:00:00-04:00,57.90013477167647,58.131737213655974,56.911378080353415,57.02717590332031,1130400,0.0,0.0
2022-04-22 00:00:00-04:00,57.24095983140453,57.721977100110706,56.86683415640334,56.9024658203125,736800,0.0,0.0
2022-04-25 00:00:00-04:00,56.93808879331706,57.04498377510773,55.6375637637301,56.75993728637695,807700,0.0,0.0
2022-04-26 00:00:00-04:00,56.47489402547314,56.90246378300709,55.69101443764971,55.699920654296875,741300,0.0,0.0
2022-04-27 00:00:00-04:00,55.735558445191,56.78666882229251,55.50395940865362,56.29674530029297,945700,0.0,0.0
2022-04-28 00:00:00-04:00,56.55506280897026,56.911369236459215,55.64647581213659,56.69758605957031,642500,0.0,0.0
2022-04-29 00:00:00-04:00,56.23438732121727,56.510524221005745,51.51330059768877,51.664730072021484,2011600,0.0,0.0
2022-05-02 00:00:00-04:00,52.07447737027336,52.07447737027336,48.912240664322084,50.034610748291016,2025600,0.0,0.0
2022-05-03 00:00:00-04:00,50.28403678861887,50.693790740323685,49.46452548718666,49.87428283691406,1266300,0.0,0.0
2022-05-04 00:00:00-04:00,50.02571293302297,50.02571293302297,48.440141205883094,49.669403076171875,874200,0.0,0.0
2022-05-05 00:00:00-04:00,49.46452363500743,49.794111425492815,47.12179782622893,47.77206039428711,1569500,0.0,0.0
2022-05-06 00:00:00-04:00,47.32667061392179,47.52263794990223,46.426989878748174,46.76548385620117,1445300,0.0,0.0
2022-05-09 00:00:00-04:00,46.6140569475541,46.720948536485835,44.859236655648225,45.06411361694336,934200,0.0,0.0
2022-05-10 00:00:00-04:00,46.28447125471745,48.73409208214563,45.438237925637765,45.63420867919922,2254300,0.0,0.0
2022-05-11 00:00:00-04:00,45.4738707630474,47.077258302772435,45.29571583685072,46.355735778808594,1729700,0.0,0.0
2022-05-12 00:00:00-04:00,46.364637949746474,46.81002352735791,45.76782290679784,46.302284240722656,1399300,0.0,0.0
2022-05-13 00:00:00-04:00,46.631866811546594,47.56717920674165,46.41808364546133,47.53154754638672,1056400,0.0,0.0
2022-05-16 00:00:00-04:00,47.522638894640316,47.68297797146228,47.139607033123646,47.46028518676758,1047900,0.0,0.0
2022-05-17 00:00:00-04:00,47.504824164235735,47.602806130423176,46.7387604782582,47.46919250488281,877300,0.0,0.0
2022-05-18 00:00:00-04:00,47.38903432925295,47.567189270698314,45.38479888354414,45.482784271240234,1241100,0.0,0.0
2022-05-19 00:00:00-04:00,45.01066570387827,45.98160640584819,44.93940577792884,45.69655990600586,1343200,0.0,0.0
2022-05-20 00:00:00-04:00,46.052864042220754,46.19538727454009,45.251168736660844,46.18647766113281,1016000,0.0,0.0
2022-05-23 00:00:00-04:00,46.64968560906772,46.64968560906772,45.44714587878471,46.17757797241211,747500,0.0,0.0
2022-05-24 00:00:00-04:00,46.10630813057682,46.27555680509607,45.251168736660844,46.18647766113281,1011600,0.0,0.0
2022-05-25 00:00:00-04:00,46.10631848925884,46.52498206489238,45.9192573419419,46.28447341918945,1091200,0.0,0.0
2022-05-26 00:00:00-04:00,46.53389100170243,46.916919508136985,46.51607516916691,46.62296676635742,551600,0.0,0.0
2022-05-27 00:00:00-04:00,46.89910484138324,47.9234896782488,46.66750242746759,47.825504302978516,540000,0.0,0.0
2022-05-31 00:00:00-04:00,47.34449005126953,47.709706102813264,46.98818021648532,47.34449005126953,924200,0.0,0.0
2022-06-01 00:00:00-04:00,47.60281200862037,47.78096692936224,46.44481012083188,47.059444427490234,640400,0.0,0.0
2022-06-02 00:00:00-04:00,47.17524327052429,47.97693873240409,46.58733439781995,47.941307067871094,523800,0.0,0.0
2022-06-03 00:00:00-04:00,47.522642138614145,47.780966602018985,46.94364289769782,47.032718658447266,490300,0.0,0.0
2022-06-06 00:00:00-04:00,47.291052474008254,47.291052474008254,46.17758825433206,46.40918731689453,752100,0.0,0.0
2022-06-07 00:00:00-04:00,46.17757326453069,47.14851388483014,45.86580474343446,47.12179183959961,712100,0.0,0.0
2022-06-08 00:00:00-04:00,46.96146087454635,46.96146087454635,45.678748113819125,45.7500114440918,569900,0.0,0.0
2022-06-09 00:00:00-04:00,45.50949920185167,46.24883750582784,45.06411361694336,45.06411361694336,509000,0.0,0.0
2022-06-10 00:00:00-04:00,44.53855971216613,44.698898798971726,44.07535828339691,44.173343658447266,658600,0.0,0.0
2022-06-13 00:00:00-04:00,43.28257704709397,43.48745403570024,41.99095799907614,42.115665435791016,788100,0.0,0.0
2022-06-14 00:00:00-04:00,42.40961884703972,42.445250511801305,41.313970640790075,41.77717208862305,932600,0.0,0.0
2022-06-15 00:00:00-04:00,41.98205249880195,43.229130285286296,41.98205249880195,42.48979187011719,1198900,0.0,0.0
2022-06-16 00:00:00-04:00,41.44757729089204,42.026579852462085,41.358501542045275,41.57228469848633,931500,0.0,0.0
2022-06-17 00:00:00-04:00,41.937519216656284,42.40071735520882,41.020022362390186,41.091285705566406,2245400,0.0,0.0
2022-06-21 00:00:00-04:00,41.36741638183594,41.990956947822625,41.3406943312154,41.36741638183594,1754900,0.0,0.0
2022-06-22 00:00:00-04:00,40.930936723370614,41.86624579014164,40.797319686108004,41.44758224487305,978700,0.0,0.0
2022-06-23 00:00:00-04:00,41.6702725195088,42.445245851890306,41.60791881203289,42.275997161865234,1001800,0.0,0.0
2022-06-24 00:00:00-04:00,42.667947057261436,43.88830279905787,42.445254230027345,43.710147857666016,1545700,0.0,0.0
2022-06-27 00:00:00-04:00,43.6032495183715,43.88829602136945,43.220217642838804,43.42509460449219,1112800,0.0,0.0
2022-06-28 00:00:00-04:00,43.73686251132303,43.96846491536294,42.84609135306372,42.89063262939453,773800,0.0,0.0
2022-06-29 00:00:00-04:00,42.733786748961194,42.82341161139746,42.4111317738397,42.76963806152344,432300,0.295,0.0
2022-06-30 00:00:00-04:00,42.40217575853335,43.01163446956602,41.971970212916716,42.55453872680664,1023900,0.0,0.0
2022-07-01 00:00:00-04:00,42.70690206737901,43.62108664974118,42.59934812442033,43.45976257324219,1068900,0.0,0.0
2022-07-05 00:00:00-04:00,43.172955610195906,43.414946854141576,42.294618920487295,43.28947067260742,1138400,0.0,0.0
2022-07-06 00:00:00-04:00,43.531458235358514,44.06921423044995,43.379095290371325,43.6031608581543,982900,0.0,0.0
2022-07-07 00:00:00-04:00,43.72863794257427,43.99751594573688,43.307393572272275,43.405982971191406,618500,0.0,0.0
2022-07-08 00:00:00-04:00,43.28050652643409,43.51353321598963,43.00266398749118,43.25361633300781,663700,0.0,0.0
2022-07-11 00:00:00-04:00,43.11918034818477,43.388058357808994,42.82341214431955,43.04747772216797,693300,0.0,0.0
2022-07-12 00:00:00-04:00,42.859265423921656,43.432872782498436,42.59934852113857,42.97578048706055,743500,0.0,0.0
2022-07-13 00:00:00-04:00,42.50971972736828,42.9668119805901,42.115365559510835,42.66208267211914,1259500,0.0,0.0
2022-07-14 00:00:00-04:00,41.998855473656754,42.231882186999435,41.568649943583594,41.69412612915039,667400,0.0,0.0
2022-07-15 00:00:00-04:00,42.21395611130667,42.563501306314784,41.79271512378391,42.16914367675781,623800,0.0,0.0
2022-07-18 00:00:00-04:00,42.482833439877076,42.73378578420862,41.96299967636829,42.02573776245117,1048000,0.0,0.0
2022-07-19 00:00:00-04:00,42.50971666773008,43.4149399906693,42.420091814794354,43.262577056884766,932800,0.0,0.0
2022-07-20 00:00:00-04:00,43.19984620001194,43.96166783426614,43.18192054263343,43.28050994873047,1222200,0.0,0.0
2022-07-21 00:00:00-04:00,43.97958648839994,46.03202777532281,43.513529727681494,43.87203598022461,2217200,0.0,0.0
2022-07-22 00:00:00-04:00,44.293288390621136,44.84000902910417,44.09611297762144,44.338104248046875,1496100,0.0,0.0
2022-07-25 00:00:00-04:00,44.50838982045322,44.99237232801549,44.2484729087287,44.768306732177734,1228000,0.0,0.0
2022-07-26 00:00:00-04:00,44.866895075321715,45.46738921679342,44.68764191911672,45.11784744262695,1352100,0.0,0.0
2022-07-27 00:00:00-04:00,45.1357778643059,45.252292940982954,44.26640218727776,44.92067337036133,947400,0.0,0.0
2022-07-28 00:00:00-04:00,45.180592600384365,46.20233130588522,45.12681561942165,46.067893981933594,984000,0.0,0.0
2022-07-29 00:00:00-04:00,45.8258943186442,46.75800455214185,45.69145360029952,46.560829162597656,735000,0.0,0.0
2022-08-01 00:00:00-04:00,46.498083842633214,46.713184855776156,45.98721466270753,46.533931732177734,785200,0.0,0.0
2022-08-02 00:00:00-04:00,46.354690414946816,47.053773962606705,46.27402666568071,46.50705337524414,755900,0.0,0.0
2022-08-03 00:00:00-04:00,46.50705023968906,47.7259675157653,46.19335980200886,47.09858322143555,1307000,0.0,0.0
2022-08-04 00:00:00-04:00,47.19717644445533,47.37642960292155,46.677346045769895,47.10755157470703,665400,0.0,0.0
2022-08-05 00:00:00-04:00,46.57876525948975,47.57361722510524,46.57876525948975,47.5108757019043,762800,0.0,0.0
2022-08-08 00:00:00-04:00,47.842489714303944,48.17410585778083,47.60945956669435,47.73493576049805,625700,0.0,0.0
2022-08-09 00:00:00-04:00,47.95004177562082,48.156181731856435,47.55568752268789,48.147220611572266,1761700,0.0,0.0
2022-08-10 00:00:00-04:00,48.72977841031458,48.828367806539255,48.11135867804506,48.577415466308594,829800,0.0,0.0
2022-08-11 00:00:00-04:00,48.702901672081,49.007631041854324,48.353359863599515,48.47883605957031,657500,0.0,0.0
2022-08-12 00:00:00-04:00,48.882154968001046,49.58123858671046,48.67601501425263,49.545387268066406,808900,0.0,0.0
2022-08-15 00:00:00-04:00,49.626043521154216,50.02040112866478,49.30338854008899,49.8501091003418,857100,0.0,0.0
2022-08-16 00:00:00-04:00,49.71567219744948,50.08313961346491,49.56330582453265,49.832183837890625,766900,0.0,0.0
2022-08-17 00:00:00-04:00,49.401974941954265,49.84114495483918,49.294424427786836,49.823219299316406,567300,0.0,0.0
2022-08-18 00:00:00-04:00,49.83218648653768,49.99351398692113,49.35716852372511,49.41990661621094,480000,0.0,0.0
2022-08-19 00:00:00-04:00,49.37508995769486,49.6439679623432,48.935919928892766,48.980735778808594,936600,0.0,0.0
2022-08-22 00:00:00-04:00,48.55948345830775,48.577409111546274,47.60048323334379,47.7438850402832,1476600,0.0,0.0
2022-08-23 00:00:00-04:00,47.627382255543125,47.66323357124268,46.71319421902232,46.77593231201172,507100,0.0,0.0
2022-08-24 00:00:00-04:00,46.77592719503185,47.37642470091516,46.75800153914302,46.991031646728516,538900,0.0,0.0
2022-08-25 00:00:00-04:00,47.29576282246563,47.54671517685881,47.00895915488217,47.52878952026367,371600,0.0,0.0
2022-08-26 00:00:00-04:00,47.49294442778555,47.5287923241212,46.49809265136719,46.49809265136719,364800,0.0,0.0
2022-08-29 00:00:00-04:00,46.18440469052137,46.60564915192651,45.92449116866825,46.256107330322266,410400,0.0,0.0
2022-08-30 00:00:00-04:00,46.45327877965377,46.45327877965377,45.36879874852146,45.46738815307617,867800,0.0,0.0
2022-08-31 00:00:00-04:00,45.68249381054267,45.996184270515464,45.306061839605725,45.422576904296875,590400,0.0,0.0
2022-09-01 00:00:00-04:00,45.17161694727255,45.43153039088206,44.79518503957795,45.413604736328125,1081700,0.0,0.0
2022-09-02 00:00:00-04:00,45.89759313375628,46.094771940576905,44.633863384251136,44.72349166870117,590000,0.0,0.0
2022-09-06 00:00:00-04:00,44.93859452556639,45.75419314261828,44.73245459147301,45.71834182739258,872200,0.0,0.0
2022-09-07 00:00:00-04:00,45.77211528799244,46.95518124790338,45.4225735387873,46.802818298339844,792300,0.0,0.0
2022-09-08 00:00:00-04:00,46.453280062775555,47.37642920552412,46.36365177480945,47.1254768371582,1215700,0.0,0.0
2022-09-09 00:00:00-04:00,47.044810468072455,47.65426569746026,46.82970600790016,47.52878952026367,1668000,0.0,0.0
2022-09-12 00:00:00-04:00,47.79767174499187,48.147213506985736,47.573606162280974,47.9589958190918,489500,0.0,0.0
2022-09-13 00:00:00-04:00,47.080659407015006,47.26887709595585,46.45327850711045,46.713191986083984,863500,0.0,0.0
2022-09-14 00:00:00-04:00,46.578749775543116,46.820740990976184,45.79003804586893,46.13957977294922,923900,0.0,0.0
2022-09-15 00:00:00-04:00,45.89759273966942,46.21128660409693,45.49427401053088,45.66456604003906,1465600,0.0,0.0
2022-09-16 00:00:00-04:00,45.5390906520229,45.57493854714767,43.97959267861753,45.17162322998047,3162700,0.0,0.0
2022-09-19 00:00:00-04:00,44.73244505144288,44.902733633993336,44.07817407347256,44.87584686279297,821300,0.0,0.0
2022-09-20 00:00:00-04:00,44.44564488702778,44.5442342810588,43.728635774487365,44.26639175415039,1228700,0.0,0.0
2022-09-21 00:00:00-04:00,44.57113403239349,44.92067586284954,43.5762821032677,43.594207763671875,1171200,0.0,0.0
2022-09-22 00:00:00-04:00,43.20880653132294,43.450797773065915,42.79652667604358,43.31636047363281,1041100,0.0,0.0
2022-09-23 00:00:00-04:00,42.877199886067324,43.26259305030824,42.33944373171593,42.92201232910156,3494200,0.0,0.0
2022-09-26 00:00:00-04:00,42.62624077553055,42.62624077553055,40.79786466752637,41.4969482421875,2788000,0.0,0.0
2022-09-27 00:00:00-04:00,41.72101133995547,42.10640442056674,40.17047789843618,40.36765670776367,1305500,0.0,0.0
2022-09-28 00:00:00-04:00,40.67239032755385,41.22807208089787,40.062931597188204,41.11155700683594,2242000,0.0,0.0
2022-09-29 00:00:00-04:00,40.70111104755141,40.746213541967826,39.42018231240641,39.81708908081055,1737700,0.295,0.0
2022-09-30 00:00:00-04:00,40.16889428820638,40.85446460722571,40.0967309836832,40.42147445678711,1386100,0.0,0.0
2022-10-03 00:00:00-04:00,41.00781764727037,41.756532218767504,40.52972495628073,41.50395202636719,1501200,0.0,0.0
2022-10-04 00:00:00-04:00,41.945963829260776,42.811944192129886,41.945963829260776,42.36091232299805,1780200,0.0,0.0
2022-10-05 00:00:00-04:00,41.5851357613894,41.75653006903368,40.57482536710197,41.558074951171875,1453700,0.0,0.0
2022-10-06 00:00:00-04:00,41.65730126469448,41.684362074102985,40.56580503128643,40.7552375793457,967800,0.0,0.0
2022-10-07 00:00:00-04:00,40.46657523140508,40.48461691704361,39.56451159607675,40.09672927856445,3254000,0.0,0.0
2022-10-10 00:00:00-04:00,40.295179816260344,40.61090414449287,39.51940800200518,39.52842712402344,998600,0.0,0.0
2022-10-11 00:00:00-04:00,39.4472506980888,40.331272834637666,38.851888710572204,39.98849105834961,2100000,0.0,0.0
2022-10-12 00:00:00-04:00,39.88925597570374,40.114771889738975,39.32997403130454,39.781005859375,2143800,0.0,0.0
2022-10-13 00:00:00-04:00,38.915017854785354,40.70110312666142,38.707543667966824,40.430484771728516,1764800,0.0,0.0
2022-10-14 00:00:00-04:00,40.91761637081383,41.05292388227868,39.51039554031637,39.57353973388672,1553500,0.0,0.0
2022-10-17 00:00:00-04:00,40.15085575477645,41.3415830633631,40.15085575477645,41.20627212524414,1572300,0.0,0.0
2022-10-18 00:00:00-04:00,41.693383995613246,42.02714659054214,40.66503196073517,40.99879455566406,1267200,0.0,0.0
2022-10-19 00:00:00-04:00,40.52972034569986,40.683069515515925,39.28487153671744,39.781005859375,1586500,0.0,0.0
2022-10-20 00:00:00-04:00,40.37637583300702,40.98977951750019,39.79003640357414,40.0516357421875,1732700,0.0,0.0
2022-10-21 00:00:00-04:00,40.07868641578724,40.123788908009026,39.1585811218445,40.10574722290039,1260000,0.0,0.0
2022-10-24 00:00:00-04:00,40.43950990528331,40.57481737080516,39.66373471500057,40.168888092041016,2009800,0.0,0.0
2022-10-25 00:00:00-04:00,40.41245131126077,42.3699312443575,40.41245131126077,42.22560119628906,1463900,0.0,0.0
2022-10-26 00:00:00-04:00,42.324830965911666,42.929215488741136,42.07225420830545,42.243648529052734,981500,0.0,0.0
2022-10-27 00:00:00-04:00,42.55936564986527,43.03745830980965,42.324827160802045,42.51426315307617,627300,0.0,0.0
2022-10-28 00:00:00-04:00,42.360918711097405,43.16375500864516,42.15344443294129,43.08256912231445,781300,0.0,0.0
2022-10-31 00:00:00-04:00,42.57740244775399,43.16374172088446,42.57740244775399,42.96529006958008,1319100,0.0,0.0
2022-11-01 00:00:00-04:00,43.36219959533491,43.41632465339933,42.62250767395322,42.66761016845703,678100,0.0,0.0
2022-11-02 00:00:00-04:00,42.38798257239264,43.091591286636934,41.819681373371935,42.03617477416992,1103900,0.0,0.0
2022-11-03 00:00:00-04:00,41.684365343316294,42.07225303372544,40.77328246374375,41.711429595947266,1974500,0.0,0.0
2022-11-04 00:00:00-04:00,41.91890285962941,42.73075815633433,41.476890115468905,42.12637710571289,872300,0.0,0.0
2022-11-07 00:00:00-05:00,42.44209392323678,42.65859071270323,42.027145471284136,42.46915817260742,978900,0.0,0.0
2022-11-08 00:00:00-05:00,42.568388402202814,43.082564479857574,42.24364833297368,42.649574279785156,663700,0.0,0.0
2022-11-09 00:00:00-05:00,42.62249997321596,43.253945105483425,42.26167320017765,42.3969841003418,720200,0.0,0.0
2022-11-10 00:00:00-05:00,43.858341041078305,45.61736614124702,43.858341041078305,45.59030532836914,889500,0.0,0.0
2022-11-11 00:00:00-05:00,45.68952967968594,45.71659049065825,44.49880582150337,44.90473175048828,984000,0.0,0.0
2022-11-14 00:00:00-05:00,44.886687826360756,44.886687826360756,43.93050251457966,43.97560501098633,515300,0.0,0.0
2022-11-15 00:00:00-05:00,44.46272493853907,44.561952505799916,43.55163858559876,43.86736297607422,936800,0.0,0.0
2022-11-16 00:00:00-05:00,43.80421397664319,44.038749021699275,43.60575886391119,43.74106979370117,831600,0.0,0.0
2022-11-17 00:00:00-05:00,43.19983852236937,43.54262375916464,42.893136666521094,43.48849868774414,743100,0.0,0.0
2022-11-18 00:00:00-05:00,44.137976618414605,44.41761760105625,43.56065640750273,44.28230667114258,969700,0.0,0.0
2022-11-21 00:00:00-05:00,44.14699446566797,44.56194636623388,44.0026644171102,44.498802185058594,467200,0.0,0.0
2022-11-22 00:00:00-05:00,44.56194345783387,44.97689189021777,44.336427556612236,44.93178939819336,796700,0.0,0.0
2022-11-23 00:00:00-05:00,44.94080816113366,45.19338486733223,44.38152969407988,44.83256149291992,679300,0.0,0.0
2022-11-25 00:00:00-05:00,44.85060719250872,45.43694651882592,44.84158462870854,45.33771896362305,338800,0.0,0.0
2022-11-28 00:00:00-05:00,45.13025292522008,45.38283314099059,43.7861797273254,43.87638473510742,1421000,0.0,0.0
2022-11-29 00:00:00-05:00,43.84931524599873,44.56194636623388,43.53359089902251,44.498802185058594,670500,0.0,0.0
2022-11-30 00:00:00-05:00,44.246223904707286,45.60834202204578,44.04777223017116,45.59931945800781,670600,0.0,0.0
2022-12-01 00:00:00-05:00,46.077411403775514,46.34802980180489,45.46400786632246,45.67148208618164,778100,0.0,0.0
2022-12-02 00:00:00-05:00,45.24751732091858,45.951125941012144,44.87767132303606,45.716590881347656,434800,0.0,0.0
2022-12-05 00:00:00-05:00,45.391846528920794,45.68050664666432,44.994939727298444,45.01298141479492,982900,0.0,0.0
2022-12-06 00:00:00-05:00,45.0039546490474,45.31967898911048,44.40859278164526,44.643131256103516,777300,0.0,0.0
2022-12-07 00:00:00-05:00,44.63410640027845,45.25652904388187,44.5619431018358,44.83256149291992,961100,0.0,0.0
2022-12-08 00:00:00-05:00,44.89571496719817,45.20241679157014,44.30035300707614,44.44468307495117,2164300,0.0,0.0
2022-12-09 00:00:00-05:00,44.29132811654629,44.63411330016296,44.03875137130246,44.09287643432617,661300,0.0,0.0
2022-12-12 00:00:00-05:00,44.2281857494637,44.931797833313134,43.92148392858066,44.92277526855469,650700,0.0,0.0
2022-12-13 00:00:00-05:00,46.16762055390202,46.203703927854015,44.81452500060149,45.59931945800781,874400,0.0,0.0
2022-12-14 00:00:00-05:00,45.52716030613161,46.14056395489667,45.15731429212035,45.42793273925781,776000,0.0,0.0
2022-12-15 00:00:00-05:00,44.9137487372744,45.22045050757313,44.0477684827014,44.309364318847656,1045000,0.0,0.0
2022-12-16 00:00:00-05:00,43.94854499163143,44.05679167317388,42.92921203723178,43.69596481323242,2460200,0.0,0.0
2022-12-19 00:00:00-05:00,43.5787073000867,43.69597312694401,43.09159197881586,43.452415466308594,836100,0.0,0.0
2022-12-20 00:00:00-05:00,43.24493074189632,43.49751090734676,42.91116815027584,43.03745651245117,811400,0.0,0.0
2022-12-21 00:00:00-05:00,43.29905756712661,44.14699620568687,43.109625016134416,43.80421447753906,785400,0.0,0.0
2022-12-22 00:00:00-05:00,43.45240668404031,43.53359255451012,42.36091043524622,43.36220169067383,957000,0.0,0.0
2022-12-23 00:00:00-05:00,43.145712113451495,43.91246494760026,42.974317793486314,43.9034423828125,396000,0.0,0.0
2022-12-27 00:00:00-05:00,43.91245932151938,43.91245932151938,43.425344118396495,43.786170959472656,354200,0.0,0.0
2022-12-28 00:00:00-05:00,43.97560880879714,44.03875299743971,42.884112472432584,42.99235916137695,479700,0.0,0.0
2022-12-29 00:00:00-05:00,43.46889289309062,44.34934559107134,43.26012643674583,44.195037841796875,471200,0.295,0.0
2022-12-30 00:00:00-05:00,44.02258232090901,44.02258232090901,43.31459138334601,43.80473709106445,872300,0.0,0.0
2023-01-03 00:00:00-05:00,44.231340617478054,44.558106670598136,43.16027564893193,43.56873321533203,1681600,0.0,0.0
2023-01-04 00:00:00-05:00,43.92273224526544,45.37502554987363,43.741195149372906,44.993797302246094,905000,0.0,0.0
2023-01-05 00:00:00-05:00,44.512726251272994,44.512726251272994,42.942436801828656,43.24197006225586,714300,0.0,0.0
2023-01-06 00:00:00-05:00,43.45981511820398,44.82133811784981,43.45981511820398,44.639801025390625,1431500,0.0,0.0
2023-01-09 00:00:00-05:00,44.53087925668039,44.95748743344237,44.222267244484506,44.31303405761719,1567500,0.0,0.0
2023-01-10 00:00:00-05:00,43.98627522874073,44.313041349842706,43.80473811006935,44.16781234741211,461000,0.0,0.0
2023-01-11 00:00:00-05:00,44.60349549153129,45.729022759784286,44.60349549153129,45.71994400024414,1208400,0.0,0.0
2023-01-12 00:00:00-05:00,45.94686564767696,46.27363174854477,45.38410373092257,46.101173400878906,898000,0.0,0.0
2023-01-13 00:00:00-05:00,45.67455471058531,46.39162427053162,45.64732536053452,46.355316162109375,622800,0.0,0.0
2023-01-17 00:00:00-05:00,46.618552946717664,46.88178158523881,46.364403068163405,46.536861419677734,1414600,0.0,0.0
2023-01-18 00:00:00-05:00,46.60947058765799,47.30838616224571,46.38255008146193,46.61854934692383,1421300,0.0,0.0
2023-01-19 00:00:00-05:00,46.38255400375311,47.02701092737216,46.319016533647805,46.682090759277344,630700,0.0,0.0
2023-01-20 00:00:00-05:00,46.73654232723866,47.06330490112305,46.137472414653146,47.06330490112305,975700,0.0,0.0
2023-01-23 00:00:00-05:00,47.11777319373614,47.91653433531928,46.72746965083371,47.898380279541016,1046600,0.0,0.0
2023-01-24 00:00:00-05:00,48.06176692991591,48.17068781023667,47.59884712912104,47.81669235229492,646000,0.0,0.0
2023-01-25 00:00:00-05:00,47.4536171855884,47.626078993724285,47.03608426726456,47.3991584777832,839900,0.0,0.0
2023-01-26 00:00:00-05:00,47.671455759431396,47.98914305245322,47.535302083832434,47.88929748535156,479200,0.0,0.0
2023-01-27 00:00:00-05:00,47.85299410438388,48.579138980866475,47.771302589371345,48.28868103027344,541900,0.0,0.0
2023-01-30 00:00:00-05:00,48.04360823264786,48.40668241536061,47.50807571753916,47.5806884765625,392600,0.0,0.0
2023-01-31 00:00:00-05:00,47.4354653847189,48.47022589514792,47.362852616681266,48.42483901977539,882300,0.0,0.0
2023-02-01 00:00:00-05:00,48.17068324123949,49.405131309561725,47.843917168738656,49.060211181640625,1004400,0.0,0.0
2023-02-02 00:00:00-05:00,49.46866698962679,50.38542424885629,49.46866698962679,49.868045806884766,874300,0.0,0.0
2023-02-03 00:00:00-05:00,49.1872893625899,49.332518353032256,48.5156065802436,48.83329391479492,1832800,0.0,0.0
2023-02-06 00:00:00-05:00,48.33406182565726,48.77882748615848,47.95283708454053,48.74251937866211,941000,0.0,0.0
2023-02-07 00:00:00-05:00,48.27960281292634,48.824214073293085,47.980069562876785,48.470218658447266,1558500,0.0,0.0
2023-02-08 00:00:00-05:00,48.216062078183576,48.97851502090287,48.14344932591739,48.75159454345703,1039300,0.0,0.0
2023-02-09 00:00:00-05:00,48.63360142670661,49.45051311903111,48.25237320026299,48.48836898803711,1171400,0.0,0.0
2023-02-10 00:00:00-05:00,48.40668052314355,48.697138472946946,47.816685864931216,48.29775619506836,591600,0.0,0.0
2023-02-13 00:00:00-05:00,48.43391073199794,48.79698144441875,48.37944856699544,48.579139709472656,715200,0.0,0.0
2023-02-14 00:00:00-05:00,48.47929079311101,48.98759391046502,48.00729578325337,48.74251937866211,594000,0.0,0.0
2023-02-15 00:00:00-05:00,48.787909032599885,49.75912852610674,48.67898815868727,49.7137451171875,977800,0.0,0.0
2023-02-16 00:00:00-05:00,48.97851580559358,49.550356387427506,48.742520028782934,49.01482391357422,1314500,0.0,0.0
2023-02-17 00:00:00-05:00,48.99666966961676,49.20543609589838,48.488366547453836,48.90590286254883,723000,0.0,0.0
2023-02-21 00:00:00-05:00,48.570064412983996,48.842371794875746,48.31591454991937,48.43391418457031,859900,0.0,0.0
2023-02-22 00:00:00-05:00,48.62452515406004,48.733446026099074,47.72592190030683,47.92560958862305,837700,0.0,0.0
2023-02-23 00:00:00-05:00,48.17068158434897,48.515601700406116,47.635149086733364,48.324989318847656,528200,0.0,0.0
2023-02-24 00:00:00-05:00,47.91653375423444,48.043608680609154,47.61699703132372,47.67145919799805,475100,0.0,0.0
2023-02-27 00:00:00-05:00,48.11621842113175,48.30683426126518,47.707764315565996,47.98006820678711,972400,0.0,0.0
2023-02-28 00:00:00-05:00,48.05268447103047,48.79698344390294,47.85299678290289,47.880226135253906,932900,0.0,0.0
2023-03-01 00:00:00-05:00,47.471763980953085,47.61699295043945,47.02700177675872,47.61699295043945,668100,0.0,0.0
2023-03-02 00:00:00-05:00,47.39915388061937,48.697139382915516,47.253924903003885,48.6245231628418,525500,0.0,0.0
2023-03-03 00:00:00-05:00,48.942208343184106,49.35974466540545,48.79697937187767,49.28712844848633,533000,0.0,0.0
2023-03-06 00:00:00-05:00,49.46866854620867,49.55943536036322,48.96036538435995,48.978519439697266,513100,0.0,0.0
2023-03-07 00:00:00-05:00,48.933141114292965,49.02390793787359,47.7259257405153,47.97099685668945,761900,0.0,0.0
2023-03-08 00:00:00-05:00,47.92560736177339,48.81513527758005,47.92560736177339,48.57006072998047,778700,0.0,0.0
2023-03-09 00:00:00-05:00,48.53375423440567,48.751595960065906,47.5806854314138,47.77130126953125,1104900,0.0,0.0
2023-03-10 00:00:00-05:00,47.825754939135464,47.92560049561575,45.63824184158797,45.91054916381836,690300,0.0,0.0
2023-03-13 00:00:00-04:00,45.56564130630636,46.954393786724566,45.456720425742596,46.309940338134766,898800,0.0,0.0
2023-03-14 00:00:00-04:00,46.945317357220105,47.489925209437004,46.545935033897585,47.453617095947266,1036600,0.0,0.0
2023-03-15 00:00:00-04:00,46.84547530171384,47.36285383901455,46.40070953432475,47.25393295288086,645700,0.0,0.0
2023-03-16 00:00:00-04:00,46.800080183547145,47.78037483865516,46.55500565413722,47.10869216918945,815900,0.0,0.0
2023-03-17 00:00:00-04:00,47.081468240950024,47.081468240950024,46.07394058411837,46.101173400878906,1270100,0.0,0.0
2023-03-20 00:00:00-04:00,46.43700526871602,47.09961263169676,46.064855832999946,46.91807556152344,1337200,0.0,0.0
2023-03-21 00:00:00-04:00,46.61854903676047,47.21761903063104,46.07393774799406,46.51870346069336,1471300,0.0,0.0
2023-03-22 00:00:00-04:00,46.25547840933729,46.300861821266004,44.82134250970214,44.86672592163086,696700,0.0,0.0
2023-03-23 00:00:00-04:00,45.111800367809685,45.71994570342902,44.55811374133096,44.87580108642578,733500,0.0,0.0
2023-03-24 00:00:00-04:00,44.657954506031906,46.04670683978374,44.630721691867755,45.946861267089844,713100,0.0,0.0
2023-03-27 00:00:00-04:00,46.35531979950368,46.64577776460963,46.08301589003336,46.31901168823242,405000,0.0,0.0
2023-03-28 00:00:00-04:00,46.001327860677755,46.39163143012273,45.82886951285438,46.14655685424805,350000,0.0,0.0
2023-03-29 00:00:00-04:00,46.62761840588923,47.1268427602287,46.44608133271169,47.10869216918945,526100,0.0,0.0
2023-03-30 00:00:00-04:00,47.51968685666328,47.72061688474653,47.24569358092198,47.547088623046875,534400,0.32,0.0
2023-03-31 00:00:00-04:00,47.94894450841711,48.67959439459982,47.830212813158205,48.58826446533203,880300,0.0,0.0
2023-04-03 00:00:00-04:00,48.4512645038417,48.88965442122304,47.793681369776365,48.085941314697266,662700,0.0,0.0
2023-04-04 00:00:00-04:00,48.08594398252155,48.11334226512377,47.419222244416616,47.73888397216797,535000,0.0,0.0
2023-04-05 00:00:00-04:00,47.60188061420969,47.830208902725296,47.15435911976649,47.35528564453125,794400,0.0,0.0
2023-04-06 00:00:00-04:00,47.57448195778782,47.68407855988385,47.172625427426915,47.61101531982422,339500,0.0,0.0
2023-04-10 00:00:00-04:00,47.263958789286235,47.702348713598006,46.98996552209305,47.68408203125,469300,0.0,0.0
2023-04-11 00:00:00-04:00,47.775411977685046,47.97633850091237,47.41921692375514,47.53794860839844,726900,0.0,0.0
2023-04-12 00:00:00-04:00,47.93980966234555,47.93980966234555,46.57897151073283,46.688568115234375,814600,0.0,0.0
2023-04-13 00:00:00-04:00,46.73423039229551,46.944295474542464,46.07664731904549,46.58810043334961,1023000,0.0,0.0
2023-04-14 00:00:00-04:00,46.56984137164138,47.11782789533758,45.75698970107289,46.0675163269043,696100,0.0,0.0
2023-04-17 00:00:00-04:00,46.177116477477725,46.94429970203438,46.03098650537233,46.92603302001953,660100,0.0,0.0
2023-04-18 00:00:00-04:00,46.9534305373556,47.23655887796067,46.569840673322894,46.80730056762695,1373600,0.0,0.0
2023-04-19 00:00:00-04:00,46.62463581808395,47.40095408944492,46.34151097009305,47.35528564453125,646100,0.0,0.0
2023-04-20 00:00:00-04:00,47.492282923637966,48.369062695295824,46.953428035720776,47.9398078918457,826900,0.0,0.0
2023-04-21 00:00:00-04:00,48.277735910115574,48.579127451935676,47.79368103300368,48.12247085571289,850900,0.0,0.0
2023-04-24 00:00:00-04:00,48.2229283488004,48.25946170696772,47.07215543863233,47.33701705932617,558600,0.0,0.0
2023-04-25 00:00:00-04:00,47.21829104156666,47.57448261631909,46.67943613811695,46.944297790527344,624700,0.0,0.0
2023-04-26 00:00:00-04:00,46.6703040796665,47.053897443188596,46.1314491412995,46.37804412841797,639600,0.0,0.0
2023-04-27 00:00:00-04:00,46.55157969040964,47.47402458399413,46.314116283022216,47.16349792480469,943200,0.0,0.0
2023-04-28 00:00:00-04:00,47.22742316143008,48.07680468783557,47.22742316143008,47.92154312133789,767900,0.0,0.0
2023-05-01 00:00:00-04:00,47.73888394148586,48.12247383372468,47.05389900476206,47.40095901489258,765900,0.0,0.0
2023-05-02 00:00:00-04:00,47.510556793131265,48.095076729345976,47.24569510827971,47.67495346069336,865600,0.0,0.0
2023-05-03 00:00:00-04:00,47.90327082113628,48.990112111180636,47.75714087050836,48.24119567871094,696700,0.0,0.0
2023-05-04 00:00:00-04:00,48.31427158707442,49.10885312701979,48.05854151181724,48.816593170166016,687700,0.0,0.0
2023-05-05 00:00:00-04:00,48.990118472900576,49.73903500262249,48.86225518499878,49.647705078125,719300,0.0,0.0
2023-05-08 00:00:00-04:00,49.373711411420736,49.602039704785405,49.09971467217252,49.419376373291016,797200,0.0,0.0
2023-05-09 00:00:00-04:00,49.099711152078086,49.31890783095918,48.58825804137721,48.89878463745117,678900,0.0,0.0
2023-05-10 00:00:00-04:00,49.41937030459778,49.802960118019264,48.91704881768318,49.62030029296875,630200,0.0,0.0
2023-05-11 00:00:00-04:00,49.22757633918857,49.31890625346019,48.21379826431427,48.77091979980469,961100,0.0,0.0
2023-05-12 00:00:00-04:00,48.7252570950803,49.04491880069054,48.3690655098685,48.67959213256836,483400,0.0,0.0
2023-05-15 00:00:00-04:00,48.74351297885585,48.89877799781695,48.40558815031115,48.46038818359375,493000,0.0,0.0
2023-05-16 00:00:00-04:00,48.30513013112336,48.46039517247655,47.02649385957257,47.03562545776367,687900,0.0,0.0
2023-05-17 00:00:00-04:00,47.31876072388582,47.72061729953174,46.916900664226354,47.70235061645508,679500,0.0,0.0
2023-05-18 00:00:00-04:00,47.41008384965128,48.04940372950741,47.400952251430546,47.748008728027344,894900,0.0,0.0
2023-05-19 00:00:00-04:00,48.16814769563572,48.314277692529,47.4374942271554,47.56536102294922,515200,0.0,0.0
2023-05-22 00:00:00-04:00,47.5836131955811,48.259466452078506,47.46488499588257,47.793678283691406,464300,0.0,0.0
2023-05-23 00:00:00-04:00,47.519676096801,48.26859250678999,47.18175124937005,47.218284606933594,659900,0.0,0.0
2023-05-24 00:00:00-04:00,46.962562925064134,47.263957952449644,46.633773100661784,46.81643295288086,500400,0.0,0.0
2023-05-25 00:00:00-04:00,47.01736522384056,47.337026948566326,46.597241969186314,46.79817199707031,1144600,0.0,0.0
2023-05-26 00:00:00-04:00,46.93516207069013,47.711480336110924,46.734232063449646,47.53794860839844,604500,0.0,0.0
2023-05-30 00:00:00-04:00,47.74800983948552,48.53345969724816,47.74800983948552,47.793678283691406,652600,0.0,0.0
2023-05-31 00:00:00-04:00,47.84848020156371,48.323403505590804,47.36442529808055,47.474021911621094,1015700,0.0,0.0
2023-06-01 00:00:00-04:00,47.382684718989736,47.939806268789454,46.816428087120485,47.291351318359375,459000,0.0,0.0
2023-06-02 00:00:00-04:00,47.78454713576227,48.8805236906953,47.78454713576227,48.843990325927734,726000,0.0,0.0
2023-06-05 00:00:00-04:00,48.60652650484131,48.82571970775092,47.784543283897435,48.058536529541016,725600,0.0,0.0
2023-06-06 00:00:00-04:00,48.28686942752409,48.78919100652386,48.012876155707254,48.58826446533203,512300,0.0,0.0
2023-06-07 00:00:00-04:00,48.8074520217682,49.17277866444538,48.414727100294805,48.90791702270508,764300,0.0,0.0
2023-06-08 00:00:00-04:00,48.59739027622155,48.75265531829935,48.076802076572754,48.159000396728516,619100,0.0,0.0
2023-06-09 00:00:00-04:00,48.04941254400947,48.30513914925888,46.72510758222816,46.9351692199707,887700,0.0,0.0
2023-06-12 00:00:00-04:00,46.88036847748892,47.200026705582516,46.29584509981104,47.081295013427734,1046500,0.0,0.0
2023-06-13 00:00:00-04:00,46.88949858248996,47.47401845752939,46.743368613730105,47.32788848876953,720100,0.0,0.0
2023-06-14 00:00:00-04:00,47.37355616116587,48.08594284813999,47.30962451392651,47.76628112792969,939200,0.0,0.0
2023-06-15 00:00:00-04:00,47.62015229402954,48.14074056776988,47.34615901585255,48.11334228515625,584500,0.0,0.0
2023-06-16 00:00:00-04:00,48.29600716217467,48.65219878349182,48.06767884245714,48.277740478515625,1043000,0.0,0.0
2023-06-20 00:00:00-04:00,48.12247350059948,48.12247350059948,47.12696192675839,47.848480224609375,1034500,0.0,0.0
2023-06-21 00:00:00-04:00,47.64755019634365,47.88501359047833,47.263960306760204,47.848480224609375,732100,0.0,0.0
2023-06-22 00:00:00-04:00,47.9580689328364,48.26859552350853,46.688564292269234,46.76163101196289,925500,0.0,0.0
2023-06-23 00:00:00-04:00,46.56071205678563,47.172633785266854,45.565200410998926,45.74786376953125,1328400,0.0,0.0
2023-06-26 00:00:00-04:00,45.674792145036456,46.962563633070104,45.674792145036456,46.63377380371094,1075300,0.0,0.0
2023-06-27 00:00:00-04:00,46.87123000303345,47.52881657783315,46.670299997619516,47.382686614990234,656400,0.0,0.0
2023-06-28 00:00:00-04:00,47.31876105594847,47.53795428637951,46.77990609545291,47.25482940673828,670300,0.0,0.0
2023-06-29 00:00:00-04:00,47.172114107147465,48.18300932803046,47.144541815370424,48.04515838623047,686200,0.32,0.0
2023-06-30 00:00:00-04:00,48.33923873088849,48.48627810437373,47.6683713702561,48.375999450683594,1276100,0.0,0.0
2023-07-03 00:00:00-04:00,48.247339093547474,49.29499503866757,48.247339093547474,49.13876724243164,392900,0.0,0.0
2023-07-05 00:00:00-04:00,48.909013950153074,49.90152873475655,48.688453161521856,49.37770080566406,1553900,0.0,0.0
2023-07-06 00:00:00-04:00,48.77116448260508,49.23985485787565,48.05434803300881,49.17552185058594,1006600,0.0,0.0
2023-07-07 00:00:00-04:00,48.92740058123956,49.25823654806231,48.183011768074046,48.80792999267578,1040100,0.0,0.0
2023-07-10 00:00:00-04:00,48.67927746384655,49.000925046271085,48.3484379472409,48.853885650634766,659600,0.0,0.0
2023-07-11 00:00:00-04:00,48.90901588935165,49.699353780215404,48.61493716331327,49.524742126464844,1096000,0.0,0.0
2023-07-12 00:00:00-04:00,50.13128242998004,50.756200630310275,50.085333284069456,50.287513732910156,828500,0.0,0.0
2023-07-13 00:00:00-04:00,50.32427784686424,50.517269895264626,50.030199065877255,50.41617965698242,788400,0.0,0.0
2023-07-14 00:00:00-04:00,50.22318082395984,50.53563990295015,50.06694953161724,50.37022018432617,1131700,0.0,0.0
2023-07-17 00:00:00-04:00,50.28751641577779,50.38860664559136,49.90153585700736,50.09452438354492,930600,0.0,0.0
2023-07-18 00:00:00-04:00,50.02100411033081,50.18642384126185,47.93488061976283,48.50465774536133,1590100,0.0,0.0
2023-07-19 00:00:00-04:00,48.78036035703942,49.12957667800738,48.32086187668612,48.375999450683594,1305800,0.0,0.0
2023-07-20 00:00:00-04:00,48.219771053964514,48.219771053964514,47.07102486728303,47.67756271362305,1839800,0.0,0.0
2023-07-21 00:00:00-04:00,47.93487902480201,48.486275772428485,47.69594136901588,48.385189056396484,1332200,0.0,0.0
2023-07-24 00:00:00-04:00,48.3024804262029,48.853877187899194,48.2381509208615,48.660888671875,1616300,0.0,0.0
2023-07-25 00:00:00-04:00,48.688461608029236,49.350140583016604,48.42195163135983,48.44952392578125,1972400,0.0,0.0
2023-07-26 00:00:00-04:00,48.52303939415227,49.313377350555,48.52303939415227,49.28580856323242,1426400,0.0,0.0
2023-07-27 00:00:00-04:00,49.52474474329443,49.52474474329443,47.89811973199227,47.916500091552734,656100,0.0,0.0
2023-07-28 00:00:00-04:00,48.50465818842417,48.789548506673306,47.38348428661101,47.46619415283203,659000,0.0,0.0
2023-07-31 00:00:00-04:00,47.59484440299526,47.95325258873474,47.264004999022035,47.51213455200195,730400,0.0,0.0
2023-08-01 00:00:00-04:00,47.41105347218586,47.64080271298814,47.126163151540766,47.54890441894531,1127700,0.0,0.0
2023-08-02 00:00:00-04:00,47.0342682401159,47.466197965710236,46.740189471194995,47.227256774902344,720400,0.0,0.0
2023-08-03 00:00:00-04:00,46.942367260165874,47.1904933589032,46.262307954791915,47.181304931640625,777700,0.0,0.0
2023-08-04 00:00:00-04:00,47.24563674208029,47.852174636132254,46.90560882566968,47.14454650878906,505900,0.0,0.0
2023-08-07 00:00:00-04:00,47.16292882322981,47.649996143047005,46.80452053085901,47.55809783935547,714900,0.0,0.0
2023-08-08 00:00:00-04:00,47.218060613074044,47.46619019102678,46.71261303088656,46.933170318603516,475000,0.0,0.0
2023-08-09 00:00:00-04:00,46.93317416363996,47.3742922809077,46.75856600441789,46.96074295043945,476400,0.0,0.0
2023-08-10 00:00:00-04:00,47.199677156021295,47.46618707473579,46.6207081788092,46.83207702636719,467100,0.0,0.0
2023-08-11 00:00:00-04:00,46.59314703367049,47.23644561316795,46.52881752629026,47.098594665527344,622400,0.0,0.0
2023-08-14 00:00:00-04:00,46.96074214757208,47.05264394482447,46.7126160592284,46.79532241821289,334900,0.0,0.0
2023-08-15 00:00:00-04:00,46.51962395072464,46.93317327334813,46.29906664912219,46.501243591308594,1576400,0.0,0.0
2023-08-16 00:00:00-04:00,46.55638773482705,46.923987935960724,46.446109076765076,46.60233688354492,1102100,0.0,0.0
2023-08-17 00:00:00-04:00,46.52881579503256,47.08940448622616,46.170407551337,46.2071647644043,857200,0.0,0.0
2023-08-18 00:00:00-04:00,45.93146949631699,46.67585832604979,45.913089135690775,46.60233688354492,563200,0.0,0.0
2023-08-21 00:00:00-04:00,46.54719996831637,46.54719996831637,45.766050406239074,46.17959976196289,849400,0.0,0.0
2023-08-22 00:00:00-04:00,46.39096379569208,46.65747374210542,46.13364578160749,46.519622802734375,400300,0.0,0.0
2023-08-23 00:00:00-04:00,46.85046369296777,47.63161319725977,46.49205544641873,47.62242126464844,616200,0.0,0.0
2023-08-24 00:00:00-04:00,47.59485543167717,48.18301295027544,47.13535693206035,47.162925720214844,504200,0.0,0.0
2023-08-25 00:00:00-04:00,47.36510237975917,47.75107940572025,47.218063011912804,47.40186309814453,483500,0.0,0.0
2023-08-28 00:00:00-04:00,47.6408019942824,48.210579121281775,47.63161356729481,47.67756271362305,1087600,0.0,0.0
2023-08-29 00:00:00-04:00,47.58566210808124,48.09111324744714,47.51214417325225,47.92569351196289,765700,0.0,0.0
2023-08-30 00:00:00-04:00,48.11867755827872,48.24733656153162,47.86135955177292,48.1094856262207,888700,0.0,0.0
2023-08-31 00:00:00-04:00,48.0175945020766,48.18301424684561,47.65918622364222,47.732704162597656,868200,0.0,0.0
2023-09-01 00:00:00-04:00,47.94407345345065,48.19220307265375,47.77865721301071,48.05435562133789,837500,0.0,0.0
2023-09-05 00:00:00-04:00,47.769463500977935,47.82460458286857,46.767756633651025,46.841278076171875,843300,0.0,0.0
2023-09-06 00:00:00-04:00,46.868846525828395,46.979125183118015,46.225547931197575,46.81370544433594,1007300,0.0,0.0
2023-09-07 00:00:00-04:00,46.61152324866929,47.39266920064645,46.61152324866929,47.04344940185547,2049900,0.0,0.0
2023-09-08 00:00:00-04:00,47.08940498148301,47.208872060174606,46.53800471133317,46.583953857421875,787800,0.0,0.0
2023-09-11 00:00:00-04:00,46.76775431874429,46.87803297137166,46.48286750731563,46.639095306396484,1006100,0.0,0.0
2023-09-12 00:00:00-04:00,46.49205743225622,46.639096809061904,46.34501805545053,46.43691635131836,1122100,0.0,0.0
2023-09-13 00:00:00-04:00,46.317448794351726,46.57476682470744,45.94984860324765,46.06012725830078,732800,0.0,0.0
2023-09-14 00:00:00-04:00,46.4920568526516,47.5029521173762,46.482868425457475,47.36510467529297,828000,0.0,0.0
2023-09-15 00:00:00-04:00,47.0526459453506,47.2180656817429,46.67585732483375,47.2088737487793,1564200,0.0,0.0
2023-09-18 00:00:00-04:00,47.162926417845306,47.34672652154986,46.859659226573875,47.00669860839844,625800,0.0,0.0
2023-09-19 00:00:00-04:00,46.97912013916194,47.273198864157095,46.64828069711867,46.77694320678711,575800,0.0,0.0
2023-09-20 00:00:00-04:00,47.11696730213385,47.54889692862323,46.776939460905325,46.83207702636719,588800,0.0,0.0
2023-09-21 00:00:00-04:00,46.54720092341128,46.55638935119573,45.214654530156835,45.25141525268555,1075300,0.0,0.0
2023-09-22 00:00:00-04:00,45.26060139772688,45.857950838756715,45.058420939711496,45.07680130004883,641400,0.0,0.0
2023-09-25 00:00:00-04:00,44.81028707482799,45.06760858939894,44.47025920514256,44.93894958496094,580700,0.0,0.0
2023-09-26 00:00:00-04:00,44.55296770043489,44.773528491064965,43.92804955029365,44.157798767089844,559200,0.0,0.0
2023-09-27 00:00:00-04:00,44.30484186770603,44.470261598226635,43.75344510310079,43.86372375488281,613800,0.0,0.0
2023-09-28 00:00:00-04:00,44.085779270213656,44.47436155724592,43.90998901996385,44.03951644897461,627600,0.32,0.0
2023-09-29 00:00:00-04:00,44.62238934603461,44.85368931373913,43.90073457619086,44.0302619934082,891100,0.0,0.0
2023-10-02 00:00:00-04:00,43.77120759821912,44.10427659039577,42.9847855825175,43.27159881591797,782000,0.0,0.0
2023-10-03 00:00:00-04:00,43.290102357645864,43.290102357645864,42.142852976706735,42.36490249633789,551400,0.0,0.0
2023-10-04 00:00:00-04:00,42.559197763212254,42.71648006085416,41.9485659364796,42.70722961425781,824400,0.0,0.0
2023-10-05 00:00:00-04:00,42.71647614929153,43.29010260775391,42.59620270776393,43.14207077026367,848400,0.0,0.0
2023-10-06 00:00:00-04:00,42.74423589231484,43.308608393456424,42.41116336512587,42.96628189086914,792600,0.0,0.0
2023-10-09 00:00:00-04:00,42.63320755037786,43.438130370642455,42.63320755037786,43.243839263916016,655300,0.0,0.0
2023-10-10 00:00:00-04:00,43.262341939485545,43.96549577764984,43.10505966450711,43.18832778930664,821000,0.0,0.0
2023-10-11 00:00:00-04:00,43.53065224906034,43.8267159187963,43.11431161056996,43.55841064453125,1050200,0.0,0.0
2023-10-12 00:00:00-04:00,42.85525857809342,42.873762999397165,41.30092248215366,41.745018005371094,2025100,0.0,0.0
2023-10-13 00:00:00-04:00,41.957812438460465,42.07808940905157,41.22690722790195,41.819034576416016,1220500,0.0,0.0
2023-10-16 00:00:00-04:00,42.17986027061248,42.327892101816126,41.63399223129455,42.10584259033203,1996000,0.0,0.0
2023-10-17 00:00:00-04:00,41.84679221248976,42.855260272595174,41.40269667171274,41.56923294067383,1490900,0.0,0.0
2023-10-18 00:00:00-04:00,41.291669736746776,41.40269272902916,40.17217525103579,40.246192932128906,1272100,0.0,0.0
2023-10-19 00:00:00-04:00,39.60780176342056,40.09815649156459,38.91390196501741,39.3487434387207,1829700,0.0,0.0
2023-10-20 00:00:00-04:00,39.53378640280396,39.996386295459324,39.06193606521262,39.191463470458984,1191100,0.0,0.0
2023-10-23 00:00:00-04:00,38.77512765620577,39.11745063088308,38.534577235195165,38.67335510253906,944500,0.0,0.0
2023-10-24 00:00:00-04:00,38.71961173073215,39.05268423643985,38.50681619194273,38.70111083984375,1074000,0.0,0.0
2023-10-25 00:00:00-04:00,38.395796407911156,38.54382825288784,37.674141604819546,37.69264602661133,971000,0.0,0.0
2023-10-26 00:00:00-04:00,37.85918262704017,38.368045454842814,37.79441890883946,38.13674545288086,1422400,0.0,0.0
2023-10-27 00:00:00-04:00,38.17374345108711,38.17374345108711,37.4150798724739,37.600120544433594,621000,0.0,0.0
2023-10-30 00:00:00-04:00,37.75741255268997,38.488317856481316,37.54461698025879,38.44205856323242,985800,0.0,0.0
2023-10-31 00:00:00-04:00,38.81214103424759,39.395018027399324,38.56233660861113,39.13595962524414,2178900,0.0,0.0
2023-11-01 00:00:00-04:00,39.20997108628728,39.74658517024936,38.91390741319978,39.72808074951172,803900,0.0,0.0
2023-11-02 00:00:00-04:00,40.43123940828064,40.69029427057206,40.14442614691671,40.41273498535156,1100600,0.0,0.0
2023-11-03 00:00:00-04:00,41.17138856272653,41.80052467030326,40.8290656460429,40.893829345703125,1121300,0.0,0.0
2023-11-06 00:00:00-05:00,40.80131899735534,40.82907739759704,39.774349951718975,40.02415084838867,877200,0.0,0.0
2023-11-07 00:00:00-05:00,40.10741497273893,40.2369459257229,39.70032828000497,40.014896392822266,465300,0.0,0.0
2023-11-08 00:00:00-05:00,40.11666595455215,40.495997750874174,40.11666595455215,40.36647033691406,436000,0.0,0.0
2023-11-09 00:00:00-05:00,40.53301086320389,40.53301086320389,39.56154809741536,39.718833923339844,1780800,0.0,0.0
2023-11-10 00:00:00-05:00,40.024140563190336,40.10740868380174,39.53378581367713,40.05189895629883,538500,0.0,0.0
2023-11-13 00:00:00-05:00,39.6910751371241,39.783593710755014,39.21922123527736,39.27473449707031,603900,0.0,0.0
2023-11-14 00:00:00-05:00,40.5792658978454,41.63399315986481,40.52375263639695,41.03261184692383,1144100,0.0,0.0
2023-11-15 00:00:00-05:00,40.86607488125979,41.55072430978849,40.86607488125979,41.337928771972656,908700,0.0,0.0
2023-11-16 00:00:00-05:00,41.495216736649134,41.54147955807112,41.069625602685846,41.1713981628418,698300,0.0,0.0
2023-11-17 00:00:00-05:00,41.61549000742055,41.61549000742055,41.07887591449728,41.50446701049805,842400,0.0,0.0
2023-11-20 00:00:00-05:00,41.43970722081263,41.874548803784606,41.032616977999155,41.83754348754883,622000,0.0,0.0
2023-11-21 00:00:00-05:00,41.67100230538245,41.78202529973345,41.31942537235405,41.69875717163086,826400,0.0,0.0
2023-11-22 00:00:00-05:00,42.23537938487564,42.281638676784084,41.93931568143231,42.16136169433594,561700,0.0,0.0
2023-11-24 00:00:00-05:00,41.976314514101844,42.30938701137197,41.87454197000739,42.30013656616211,253100,0.0,0.0
2023-11-27 00:00:00-05:00,42.170605580482416,42.45741523930658,42.03182420860454,42.198360443115234,633400,0.0,0.0
2023-11-28 00:00:00-05:00,41.99481999322067,42.45741991124135,41.6524970421054,42.33714294433594,850500,0.0,0.0
2023-11-29 00:00:00-05:00,42.69797356841521,43.04029651731259,42.55919218216524,42.76273727416992,720000,0.0,0.0
2023-11-30 00:00:00-05:00,42.7627370724779,43.65092805808816,42.6239556868825,43.5306510925293,1365700,0.0,0.0
2023-12-01 00:00:00-05:00,43.46589105082174,44.88144577404008,43.23459107490462,44.84444046020508,1158500,0.0,0.0
2023-12-04 00:00:00-05:00,44.67790717604609,45.96393456325008,44.67790717604609,45.81590270996094,1457800,0.0,0.0
2023-12-05 00:00:00-05:00,45.778885195736514,45.778885195736514,45.001717230791456,45.4550666809082,1257800,0.0,0.0
2023-12-06 00:00:00-05:00,45.75113296508789,45.9916833714709,45.48282416343803,45.75113296508789,1001800,0.0,0.0
2023-12-07 00:00:00-05:00,45.603104078154196,45.926922632548084,45.464322680923935,45.510581970214844,841000,0.0,0.0
2023-12-08 00:00:00-05:00,45.29777990611717,45.76963376540255,45.14974808404582,45.760379791259766,921200,0.0,0.0
2023-12-11 00:00:00-05:00,45.67712074545491,46.19523399031695,45.67712074545491,46.130470275878906,580000,0.0,0.0
2023-12-12 00:00:00-05:00,46.1397144027258,46.49129132534647,45.86215516038623,46.27849578857422,813000,0.0,0.0
2023-12-13 00:00:00-05:00,46.278496852358145,48.43421066441712,46.278496852358145,48.3972053527832,1669100,0.0,0.0
2023-12-14 00:00:00-05:00,49.035595570569,50.016308752549115,49.035595570569,49.933040618896484,2093400,0.0,0.0
2023-12-15 00:00:00-05:00,49.72023843269046,50.007048109754706,48.813539529644096,49.414920806884766,2305000,0.0,0.0
2023-12-18 00:00:00-05:00,49.46118111444949,49.553703213286205,48.684013131007035,48.78578567504883,2269300,0.0,0.0
2023-12-19 00:00:00-05:00,49.07259909296198,49.20212650251875,48.656258469845774,49.007835388183594,1767700,0.0,0.0
2023-12-20 00:00:00-05:00,49.14662129959935,49.25764783686908,47.89760275485609,47.916107177734375,936900,0.0,0.0
2023-12-21 00:00:00-05:00,48.39720447594041,48.42495934150233,47.69405062727548,48.15665054321289,1492500,0.0,0.0
2023-12-22 00:00:00-05:00,48.43421566342405,49.08185633018607,48.37870592556522,48.76728820800781,612200,0.0,0.0
2023-12-26 00:00:00-05:00,48.8135478659247,49.22988854978106,48.776542550193476,48.99858856201172,318400,0.0,0.0
2023-12-27 00:00:00-05:00,49.05410255608574,49.48894766892618,48.88756628007696,49.46118927001953,612800,0.0,0.0
2023-12-28 00:00:00-05:00,49.368106753695685,49.703184963659076,49.31225920183163,49.600799560546875,657300,0.32,0.0
2023-12-29 00:00:00-05:00,49.23780412991796,49.48910926117652,48.96787959562004,49.02372360229492,1222800,0.0,0.0
2024-01-02 00:00:00-05:00,48.912029845191775,49.31226177793302,48.651415024099116,49.302955627441406,1076300,0.0,0.0
2024-01-03 00:00:00-05:00,48.67003296239015,48.76310867373934,47.86956906258828,47.953338623046875,1169600,0.0,0.0
2024-01-04 00:00:00-05:00,47.934721498071525,48.586262112050946,47.55310541069383,48.31633758544922,971300,0.0,0.0
2024-01-05 00:00:00-05:00,47.944026462137735,48.837569578063075,47.5065663805042,48.232566833496094,995700,0.0,0.0
2024-01-08 00:00:00-05:00,48.288421236112114,49.28434635026825,48.288421236112114,49.20057678222656,556700,0.0,0.0
2024-01-09 00:00:00-05:00,48.73518614376289,49.526340333513154,48.539725021675515,49.33087921142578,1037300,0.0,0.0
2024-01-10 00:00:00-05:00,49.57287810264849,49.861418485189134,49.35880112874185,49.77764892578125,800100,0.0,0.0
2024-01-11 00:00:00-05:00,49.461182892011365,49.57287444611316,48.93995327246265,49.098182678222656,1275600,0.0,0.0
2024-01-12 00:00:00-05:00,49.5914918279226,49.796262642273135,48.94926093374674,49.5728759765625,544200,0.0,0.0
2024-01-16 00:00:00-05:00,49.08888377577574,49.591497618746594,48.91203494250934,49.582191467285156,1076300,0.0,0.0
2024-01-17 00:00:00-05:00,48.80964538873226,49.34949444365149,47.96264365305023,48.51179885864258,723300,0.0,0.0
2024-01-18 00:00:00-05:00,48.64210287922562,48.91202738785957,48.176717264592114,48.70726013183594,1474800,0.0,0.0
2024-01-19 00:00:00-05:00,48.958567403653085,50.43849386563942,48.8654916968557,50.001033782958984,1500700,0.0,0.0
2024-01-22 00:00:00-05:00,50.00103694356361,50.75495944786605,49.91726738190658,50.056880950927734,780700,0.0,0.0
2024-01-23 00:00:00-05:00,50.21511092060285,50.40126588544408,49.19126038928135,49.321571350097656,836400,0.0,0.0
2024-01-24 00:00:00-05:00,49.81487736685923,49.91726277171861,48.26048754425042,48.38148880004883,695100,0.0,0.0
2024-01-25 00:00:00-05:00,49.088878047882545,49.088878047882545,48.43733745266506,48.69795227050781,511600,0.0,0.0
2024-01-26 00:00:00-05:00,48.828257835201114,49.01441279117661,48.2511806672265,48.70726013183594,508900,0.0,0.0
2024-01-29 00:00:00-05:00,48.8189582824707,49.0051132636028,48.54903373735971,48.8189582824707,1366800,0.0,0.0
2024-01-30 00:00:00-05:00,48.465265730497784,48.62349871225769,48.05572759933808,48.20465087890625,613800,0.0,0.0
2024-01-31 00:00:00-05:00,48.4187242810144,48.84687823419792,47.636876233604525,47.953338623046875,797800,0.0,0.0
2024-02-01 00:00:00-05:00,47.87887124246105,49.358797654078835,47.543796579028204,49.293643951416016,1416200,0.0,0.0
2024-02-02 00:00:00-05:00,48.558332554024965,49.247104814993094,47.74856259161668,48.78171920776367,1817400,0.0,0.0
2024-02-05 00:00:00-05:00,48.04641203831025,48.35356826218334,47.34833358471938,47.553104400634766,982500,0.0,0.0
2024-02-06 00:00:00-05:00,47.55310523289234,48.158107990170556,47.46002952436216,47.90679931640625,941700,0.0,0.0
2024-02-07 00:00:00-05:00,47.748569585232204,47.87887700624458,47.00395321472508,47.08772277832031,1694300,0.0,0.0
2024-02-08 00:00:00-05:00,49.32157571706781,50.38265449481778,48.90272789674257,49.88934326171875,2542400,0.0,0.0
2024-02-09 00:00:00-05:00,49.889339913620454,50.764267201941024,49.74041664867812,50.51295852661133,1646300,0.0,0.0
2024-02-12 00:00:00-05:00,50.69911506392547,51.09934701657951,50.047574428166975,50.326805114746094,1233000,0.0,0.0
2024-02-13 00:00:00-05:00,49.18195321200178,50.37333928113515,48.52110647369253,50.30818557739258,1736300,0.0,0.0
2024-02-14 00:00:00-05:00,50.49434434978974,50.587420061987416,50.010342835017994,50.094112396240234,896800,0.0,0.0
2024-02-15 00:00:00-05:00,50.60602621256089,50.95972024220273,50.44779682203779,50.56879806518555,1256600,0.0,0.0
2024-02-16 00:00:00-05:00,50.25234193402253,51.33203645455107,49.98241741623775,50.95042037963867,1230800,0.0,0.0
2024-02-20 00:00:00-05:00,50.568807442294066,51.15519081655446,50.35472691448506,51.00626754760742,2027400,0.0,0.0
2024-02-21 00:00:00-05:00,51.06211141465131,51.33203592967609,50.78288074938214,50.987648010253906,976500,0.0,0.0
2024-02-22 00:00:00-05:00,51.015575667358114,51.08072937358912,50.63395958060044,50.97834396362305,920100,0.0,0.0
2024-02-23 00:00:00-05:00,51.01557587727071,51.01557587727071,50.41987926689068,50.51295852661133,694500,0.0,0.0
2024-02-26 00:00:00-05:00,50.336110370182965,50.336110370182965,49.442567281200226,49.721797943115234,1130600,0.0,0.0
2024-02-27 00:00:00-05:00,50.13134096467798,50.28957037563589,49.33087710766348,49.34018325805664,1002800,0.0,0.0
2024-02-28 00:00:00-05:00,49.228492865997886,49.86141762603814,49.116801305582165,49.209877014160156,1849000,0.0,0.0
2024-02-29 00:00:00-05:00,49.749727009192114,49.749727009192114,49.01441682540352,49.33087921142578,2513800,0.0,0.0
2024-03-01 00:00:00-05:00,49.09818718270368,49.79626567345303,48.558338112231006,49.470497131347656,1655800,0.0,0.0
2024-03-04 00:00:00-05:00,49.396026611328125,49.61010355827047,48.707257921271946,49.396026611328125,2455900,0.0,0.0
2024-03-05 00:00:00-05:00,49.181951326890356,49.65664308605026,48.930642671825545,49.19125747680664,1560100,0.0,0.0
2024-03-06 00:00:00-05:00,49.46118416237748,49.796262383899546,49.18195349464595,49.610107421875,1131300,0.0,0.0
2024-03-07 00:00:00-05:00,49.88003547919194,50.01034289667367,49.07026542011916,49.21918869018555,873800,0.0,0.0
2024-03-08 00:00:00-05:00,49.479798690203786,49.68456949801484,49.27502788239274,49.544952392578125,1362600,0.0,0.0
2024-03-11 00:00:00-04:00,49.51703418272312,49.842802719535406,49.09818638495679,49.33087921142578,1463000,0.0,0.0
2024-03-12 00:00:00-04:00,48.99579578187262,49.54495093617824,48.949257931631884,49.4984130859375,658500,0.0,0.0
2024-03-13 00:00:00-04:00,49.544954467418634,49.78695698689544,49.16333838726888,49.321571350097656,753000,0.0,0.0
2024-03-14 00:00:00-04:00,49.22849362592013,49.22849362592013,48.362876030462,48.92134094238281,734300,0.0,0.0
2024-03-15 00:00:00-04:00,48.49317881052967,49.01441196838921,48.38148725906348,48.56764221191406,1494000,0.0,0.0
2024-03-18 00:00:00-04:00,48.74449776769624,48.94926861417653,48.00919105195649,48.055728912353516,1373600,0.0,0.0
2024-03-19 00:00:00-04:00,48.06502674931612,48.353567114840295,47.75787408334183,47.89748764038086,971900,0.0,0.0
2024-03-20 00:00:00-04:00,47.70202233241155,48.502486104526234,47.47863568995224,48.40010070800781,1548100,0.0,0.0
2024-03-21 00:00:00-04:00,48.614174977492446,49.237793471720614,48.55832743229574,49.163330078125,966500,0.0,0.0
2024-03-22 00:00:00-04:00,49.33087070502688,49.33087070502688,48.48386910475743,48.5304069519043,827900,0.0,0.0
2024-03-25 00:00:00-04:00,48.725874469440775,48.958567286487984,48.232566833496094,48.232566833496094,572900,0.0,0.0
2024-03-26 00:00:00-04:00,48.28841233131782,48.31633433197896,47.748563314466104,47.795101165771484,710900,0.0,0.0
2024-03-27 00:00:00-04:00,47.79510111709453,48.826382425356435,47.79510111709453,48.8170051574707,621800,0.37,0.0
2024-03-28 00:00:00-04:00,49.00451206152346,49.529528204848035,49.00451206152346,49.25764465332031,1716500,0.0,0.0
2024-04-01 00:00:00-04:00,49.220139563572346,49.220139563572346,48.085733395771605,48.4326171875,698300,0.0,0.0
2024-04-02 00:00:00-04:00,48.04823573607122,48.24511545343905,47.71072560550924,48.020111083984375,756000,0.0,0.0
2024-04-03 00:00:00-04:00,47.92636353549445,48.21699809776517,47.62635527990298,47.98261642456055,709300,0.0,0.0
2024-04-04 00:00:00-04:00,48.47949610126647,48.75137965382088,47.823226813727516,48.029483795166016,684000,0.0,0.0
2024-04-05 00:00:00-04:00,47.87010126746559,48.41386474242081,47.62634239052948,48.36698913574219,925200,0.0,0.0
2024-04-08 00:00:00-04:00,48.59199768176646,49.45452030019775,48.56386945629268,49.342018127441406,1152600,0.0,0.0
2024-04-09 00:00:00-04:00,49.51077716529241,50.18579383261584,49.370146755727596,49.951412200927734,1307500,0.0,0.0
2024-04-10 00:00:00-04:00,48.63887922420566,49.17326908048167,48.01073456554261,48.58262634277344,1154800,0.0,0.0
2024-04-11 00:00:00-04:00,48.92013610790141,48.97638898890737,48.19824022870172,48.54512405395508,1712100,0.0,0.0
2024-04-12 00:00:00-04:00,48.395117449804864,48.69512564692542,47.898229543895155,48.00135803222656,1094500,0.0,0.0
2024-04-15 00:00:00-04:00,48.34824355383616,48.34824355383616,47.04508223081697,47.41071701049805,855500,0.0,0.0
2024-04-16 00:00:00-04:00,47.166964621413676,47.823230381532795,46.89508104857566,47.2982177734375,1347400,0.0,0.0
2024-04-17 00:00:00-04:00,46.82945628967138,46.93258479208609,45.376290715852086,45.56379318237305,2169000,0.0,0.0
2024-04-18 00:00:00-04:00,45.6106649916393,45.6106649916393,42.94808962734077,43.19184494018555,2362500,0.0,0.0
2024-04-19 00:00:00-04:00,43.30434370943568,43.30434370943568,42.28243977667155,42.77933120727539,2110500,0.0,0.0
2024-04-22 00:00:00-04:00,42.8074675417525,43.13560044518375,42.460583675785124,42.938720703125,1046000,0.0,0.0
2024-04-23 00:00:00-04:00,43.03247411610549,43.70749086354812,42.91996834454814,43.566864013671875,1030900,0.0,0.0
2024-04-24 00:00:00-04:00,43.14497277405999,43.50123386868976,42.97621770693957,43.15434646606445,1204400,0.0,0.0
2024-04-25 00:00:00-04:00,42.65746156924578,43.182477768364166,42.40432895054837,43.163726806640625,1377600,0.0,0.0
2024-04-26 00:00:00-04:00,43.21997192627548,43.48248178858067,43.07934509154976,43.126220703125,767700,0.0,0.0
2024-04-29 00:00:00-04:00,43.47310748362739,43.67936448027312,43.191850218625135,43.58561325073242,713700,0.0,0.0
2024-04-30 00:00:00-04:00,43.144972763790655,43.519981242340094,42.582454681396484,42.582454681396484,1255700,0.0,0.0
2024-05-01 00:00:00-04:00,42.798086136724486,44.15749670002264,42.657455731234435,43.14496994018555,777100,0.0,0.0
2024-05-02 00:00:00-04:00,43.48248023102508,43.96061717417338,42.976215060835266,43.75436019897461,913600,0.0,0.0
2024-05-03 00:00:00-04:00,44.54188153212003,44.96376916378362,44.2324996531532,44.298126220703125,1405100,0.0,0.0
2024-05-06 00:00:00-04:00,44.54188710269525,44.67314383059026,43.68873804146851,44.03562545776367,559700,0.0,0.0
2024-05-07 00:00:00-04:00,44.31687940009228,44.616887602890216,44.07312050008154,44.438758850097656,1037300,0.0,0.0
2024-05-08 00:00:00-04:00,44.232499786327075,44.52313428376585,43.74498558564577,44.420005798339844,601400,0.0,0.0
2024-05-09 00:00:00-04:00,44.57938730643163,45.329407840732195,44.53251169360909,45.11377716064453,671200,0.0,0.0
2024-05-10 00:00:00-04:00,45.22627992563235,45.22627992563235,44.49500682382304,44.738765716552734,438700,0.0,0.0
2024-05-13 00:00:00-04:00,45.05753196033489,45.13253223240711,44.31688505057743,44.45751190185547,2198600,0.0,0.0
2024-05-14 00:00:00-04:00,44.85127307701286,45.10440569037933,44.485638272054686,44.926273345947266,827400,0.0,0.0
2024-05-15 00:00:00-04:00,45.535663090069484,45.8544222520232,45.00127325626176,45.13252639770508,798600,0.0,0.0
2024-05-16 00:00:00-04:00,45.07627611453284,45.70441715674269,45.010645968858874,45.226280212402344,654500,0.0,0.0
2024-05-17 00:00:00-04:00,45.207533561628544,45.40441328827469,44.79501957088789,45.05752944946289,577000,0.0,0.0
2024-05-20 00:00:00-04:00,44.879396741968336,45.310661690264624,44.74814359193994,45.02002716064453,835400,0.0,0.0
2024-05-21 00:00:00-04:00,44.81377041348889,45.22628440313905,44.77626849145158,45.179405212402344,492400,0.0,0.0
2024-05-22 00:00:00-04:00,45.123153560984676,45.19815382478191,44.78564343294723,45.00127410888672,593300,0.0,0.0
2024-05-23 00:00:00-04:00,45.048148633047276,45.048148633047276,43.34185065039703,43.37935256958008,961100,0.0,0.0
2024-05-24 00:00:00-04:00,43.70748839557401,43.84811881388976,43.22935141078465,43.26685333251953,729500,0.0,0.0
2024-05-28 00:00:00-04:00,43.51997802014352,43.660608424424865,43.09809396005898,43.10746765136719,536600,0.0,0.0
2024-05-29 00:00:00-04:00,42.66683039495285,43.182472842580744,42.54495452222248,43.05121612548828,626000,0.0,0.0
2024-05-30 00:00:00-04:00,43.257468991279,43.819986996189925,43.257468991279,43.66998291015625,586100,0.0,0.0
2024-05-31 00:00:00-04:00,43.93249133238744,44.232499519244485,43.679358754155615,44.176246643066406,885400,0.0,0.0
2024-06-03 00:00:00-04:00,44.46688059489416,44.55125811993944,43.566856045330844,43.773109436035156,858800,0.0,0.0
2024-06-04 00:00:00-04:00,43.91374698893045,44.55126537613385,43.71686725721828,43.941871643066406,713300,0.0,0.0
2024-06-05 00:00:00-04:00,43.99812329740031,44.2043802923104,43.37935588905021,43.791866302490234,576700,0.0,0.0
2024-06-06 00:00:00-04:00,43.59498779532875,43.98874725875308,43.585614102743506,43.941871643066406,950800,0.0,0.0
2024-06-07 00:00:00-04:00,43.36997800914856,43.70748815010678,43.201226515049534,43.59498596191406,785500,0.0,0.0
2024-06-10 00:00:00-04:00,43.24810630999339,43.5856164835821,42.854343248679754,43.30435562133789,1065200,0.0,0.0
2024-06-11 00:00:00-04:00,43.24810419408756,44.17625354966654,43.06059815389193,43.85749435424805,1027400,0.0,0.0
2024-06-12 00:00:00-04:00,44.851267016828366,45.43253243395667,44.307499940910496,44.5418815612793,1057400,0.0,0.0
2024-06-13 00:00:00-04:00,44.616888473975045,44.804394498479525,44.14812520090381,44.55126190185547,1519600,0.0,0.0
2024-06-14 00:00:00-04:00,44.420011455054265,44.66376679824635,43.979372807167614,44.52313995361328,737100,0.0,0.0
2024-06-17 00:00:00-04:00,44.39187733472379,44.785640315484855,44.157495715054964,44.5043830871582,557800,0.0,0.0
2024-06-18 00:00:00-04:00,44.65438903834226,44.766891219077145,44.42938110049265,44.607513427734375,577000,0.0,0.0
2024-06-20 00:00:00-04:00,44.33562960042869,44.448131780455995,43.894990995450335,44.119998931884766,544000,0.0,0.0
2024-06-21 00:00:00-04:00,44.279377353124225,44.429381454091185,43.88561792922841,44.31687927246094,1428400,0.0,0.0
2024-06-24 00:00:00-04:00,44.26062764320588,45.46066406120585,44.16687641859681,45.03877639770508,523100,0.0,0.0
2024-06-25 00:00:00-04:00,44.79502206713129,44.8419012606043,44.363760667670114,44.45751190185547,399800,0.0,0.0
2024-06-26 00:00:00-04:00,44.14812223072882,44.68251203996723,43.93249156878874,44.09186935424805,1020500,0.0,0.0
2024-06-27 00:00:00-04:00,44.34500477932868,44.4856351913646,43.70748644382439,44.18562698364258,1274800,0.0,0.0
2024-06-28 00:00:00-04:00,44.44075974334124,44.89433288574219,43.98718660094029,44.89433288574219,1019000,0.37,0.0
2024-07-01 00:00:00-04:00,44.73369683342986,44.93213442003354,44.138380468939665,44.53525924682617,635200,0.0,0.0
2024-07-02 00:00:00-04:00,44.884889018259365,45.39516020064259,44.790395956934724,44.865989685058594,914600,0.0,0.0
2024-07-03 00:00:00-04:00,45.05497892150498,45.215617844942535,44.752596802945554,45.00773239135742,353900,0.0,0.0
2024-07-05 00:00:00-04:00,45.10222343303093,45.37625834217279,44.818740660154084,45.16836929321289,372900,0.0,0.0
2024-07-08 00:00:00-04:00,45.262867643207095,45.37626003565393,44.87544033139118,45.092777252197266,734900,0.0,0.0
2024-07-09 00:00:00-04:00,45.08333137135531,45.26287325338549,44.317928121621115,45.253421783447266,945500,0.0,0.0
2024-07-10 00:00:00-04:00,45.508551383363496,46.24560733517119,45.16837060416637,46.141666412353516,811800,0.0,0.0
2024-07-11 00:00:00-04:00,46.9921105834985,47.91815617538383,46.75587435277228,47.80476379394531,742900,0.0,0.0
2024-07-12 00:00:00-04:00,48.192191919580885,48.54182053792266,47.6630214557207,47.927608489990234,753200,0.0,0.0
2024-07-15 00:00:00-04:00,48.17329889360823,48.560726225367105,47.91816329396028,48.26779556274414,634300,0.0,0.0
2024-07-16 00:00:00-04:00,48.63632035975231,48.98594900084655,47.899260807718,48.06935119628906,917700,0.0,0.0
2024-07-17 00:00:00-04:00,48.03155397984576,49.96869042419975,48.03155397984576,48.607967376708984,2162700,0.0,0.0
2024-07-18 00:00:00-04:00,50.743543156705776,51.01757804988034,49.316674302368455,50.02538299560547,3803500,0.0,0.0
2024-07-19 00:00:00-04:00,49.45841720774187,50.69629634939369,49.19383378390253,50.460060119628906,1674600,0.0,0.0
2024-07-22 00:00:00-04:00,50.57346200186144,51.565653632341174,50.40337159610154,51.206573486328125,1193200,0.0,0.0
2024-07-23 00:00:00-04:00,51.055378997141695,51.19712219401239,50.59235794943201,50.82859420776367,690100,0.0,0.0
2024-07-24 00:00:00-04:00,50.8285883757309,51.34830736349256,49.91199064507641,50.053733825683594,988100,0.0,0.0
2024-07-25 00:00:00-04:00,50.422267963853415,51.05537941106914,49.666312651999085,49.77970504760742,760900,0.0,0.0
2024-07-26 00:00:00-04:00,50.063181364506875,50.97977908922259,49.87419165981472,50.75299072265625,636100,0.0,0.0
2024-07-29 00:00:00-04:00,50.771898139510206,51.49950627541242,50.49786320429781,51.282169342041016,1085300,0.0,0.0
2024-07-30 00:00:00-04:00,51.41445312875235,52.20820700845263,51.17821689794487,52.009769439697266,860500,0.0,0.0
2024-07-31 00:00:00-04:00,51.820782218456635,52.58618894065162,51.660139699373204,51.70738983154297,878600,0.0,0.0
2024-08-01 00:00:00-04:00,52.22710899399059,52.84132106250088,51.55619892952038,51.97197341918945,539500,0.0,0.0
2024-08-02 00:00:00-04:00,51.49950547199895,51.811339070240614,50.38447001927674,50.838043212890625,735200,0.0,0.0
2024-08-05 00:00:00-04:00,49.44897175378188,50.11988181387794,48.43787732482323,48.52292251586914,1305400,0.0,0.0
2024-08-06 00:00:00-04:00,48.617423283713734,49.94979565290881,48.47568008509923,49.430076599121094,818900,0.0,0.0
2024-08-07 00:00:00-04:00,49.62850785951209,50.601799978097105,49.3166743042302,49.411170959472656,1218200,0.0,0.0
2024-08-08 00:00:00-04:00,49.64740770265923,50.346664935271974,49.40172000117345,50.233272552490234,693300,0.0,0.0
2024-08-09 00:00:00-04:00,50.403365275206845,50.84749056840378,49.82694826182674,50.63015365600586,2019500,0.0,0.0
2024-08-12 00:00:00-04:00,50.41281127102307,50.582901649150344,49.82694641562848,50.091529846191406,722200,0.0,0.0
2024-08-13 00:00:00-04:00,50.95143244466314,51.33886335344351,50.63015460657441,50.98923110961914,1409400,0.0,0.0
2024-08-14 00:00:00-04:00,51.00813293457031,51.14042466370156,50.526212549209454,51.00813293457031,482800,0.0,0.0
2024-08-15 00:00:00-04:00,51.35775228946033,51.97196789739186,51.16876619903089,51.433349609375,715700,0.0,0.0
2024-08-16 00:00:00-04:00,51.225467348929165,51.50895012668761,50.828592181003174,51.31051254272461,670600,0.0,0.0
2024-08-19 00:00:00-04:00,51.37666185334653,51.9436310516074,51.37666185334653,51.71684265136719,364900,0.0,0.0
2024-08-20 00:00:00-04:00,51.82078037571521,51.82078037571521,51.102623811227566,51.51839828491211,592200,0.0,0.0
2024-08-21 00:00:00-04:00,51.527846148202705,51.60344347324291,51.083724479967515,51.51839828491211,377800,0.0,0.0
2024-08-22 00:00:00-04:00,51.811336988677176,52.028673909926354,51.45225687307112,51.990875244140625,547100,0.0,0.0
2024-08-23 00:00:00-04:00,52.24601058763065,53.427191852834746,51.89637833776124,53.30434799194336,1110900,0.0,0.0
2024-08-26 00:00:00-04:00,53.672876808932344,53.965811064966495,53.31379668938713,53.42719268798828,1627700,0.0,0.0
2024-08-27 00:00:00-04:00,52.992516185058705,53.78626650741353,52.992516185058705,53.75791931152344,729000,0.0,0.0
2024-08-28 00:00:00-04:00,53.55947921369107,53.82406264204085,52.42554457055381,52.77517318725586,643700,0.0,0.0
2024-08-29 00:00:00-04:00,52.8318778302066,53.07756195821213,52.48224916950204,53.05866622924805,953300,0.0,0.0
2024-08-30 00:00:00-04:00,53.379942826406264,53.682324927780776,52.794074350899045,53.606727600097656,908800,0.0,0.0
2024-09-03 00:00:00-04:00,53.115354983784776,53.97525474748778,52.9263652721039,53.83351516723633,662300,0.0,0.0
2024-09-04 00:00:00-04:00,53.568934436822744,54.19259803553158,53.40829550601986,53.5311393737793,774400,0.0,0.0
2024-09-05 00:00:00-04:00,53.83351831324832,54.041403764035,53.15315675330865,53.33269500732422,784500,0.0,0.0
2024-09-06 00:00:00-04:00,53.37048935587397,53.455534543987454,52.57673546837439,52.831871032714844,1087400,0.0,0.0
2024-09-09 00:00:00-04:00,52.93581983381217,53.531136198759384,52.397201467086305,53.33269500732422,1348100,0.0,0.0
2024-09-10 00:00:00-04:00,53.531132220766565,53.66342393543975,53.14370494007557,53.38938903808594,1471400,0.0,0.0
2024-09-11 00:00:00-04:00,52.74683250663991,53.24765223063012,51.94363065442775,52.44445037841797,1045500,0.0,0.0
2024-09-12 00:00:00-04:00,52.56728741404425,52.718478458509935,51.953071768270554,52.538936614990234,1352600,0.0,0.0
2024-09-13 00:00:00-04:00,52.97361769635974,53.42719086121823,52.81297517284037,53.23820114135742,659700,0.0,0.0
2024-09-16 00:00:00-04:00,53.531134027343846,53.720120137724116,53.181501792846554,53.55002975463867,1561900,0.0,0.0
2024-09-17 00:00:00-04:00,53.635077487038764,53.82406721105105,53.21930297795507,53.2760009765625,704600,0.0,0.0
2024-09-18 00:00:00-04:00,53.41773637261235,53.79571579096443,52.88856951253411,53.011409759521484,1341000,0.0,0.0
2024-09-19 00:00:00-04:00,53.55002975463867,53.88076265716214,52.88857115894973,53.55002975463867,1484600,0.0,0.0
2024-09-20 00:00:00-04:00,53.13425326082635,53.4082881570907,52.22710698837765,52.45389175415039,1637300,0.0,0.0
2024-09-23 00:00:00-04:00,52.80352548883124,53.14370625191895,52.49169192110785,52.727928161621094,2375200,0.0,0.0
2024-09-24 00:00:00-04:00,52.55784089749661,53.6256297772615,52.47279570168031,53.219303131103516,2752800,0.0,0.0
2024-09-25 00:00:00-04:00,53.38939872707994,53.38939872707994,52.642891224887954,52.879127502441406,1200500,0.0,0.0
2024-09-26 00:00:00-04:00,52.9736183877484,53.143708777375174,52.36885055536483,52.4255485534668,2907200,0.0,0.0
2024-09-27 00:00:00-04:00,52.84132354620723,53.27600099297313,52.55784076244106,52.95471954345703,1445100,0.0,0.0
2024-09-30 00:00:00-04:00,52.61228015659311,53.32569923339138,52.44105928787055,53.24959945678711,1790200,0.37,0.0
2024-10-01 00:00:00-04:00,53.344720556958265,53.344720556958265,52.24129564290973,52.431541442871094,712600,0.0,0.0
2024-10-02 00:00:00-04:00,51.813242143359666,52.32690103660358,51.43275058004757,52.25080490112305,668300,0.0,0.0
2024-10-03 00:00:00-04:00,52.12714829114742,52.12714829114742,51.57543947676503,52.117637634277344,936800,0.0,0.0
2024-10-04 00:00:00-04:00,52.28885570934216,52.412512385267846,51.565922451971595,52.098609924316406,1091900,0.0,0.0
2024-10-07 00:00:00-04:00,51.71811935140933,52.155685753995975,51.347142059206625,51.53738784790039,2295400,0.0,0.0
2024-10-08 00:00:00-04:00,51.7847074459089,51.7847074459089,50.938117453576126,51.356658935546875,907800,0.0,0.0
2024-10-09 00:00:00-04:00,51.356656344391446,51.64202321311379,50.804943920043186,51.53738784790039,2004900,0.0,0.0
2024-10-10 00:00:00-04:00,51.44227006185471,51.62300157693636,50.862022002070404,51.137874603271484,1204200,0.0,0.0
2024-10-11 00:00:00-04:00,51.48983370491073,51.946421477319625,51.32812349440757,51.898860931396484,924200,0.0,0.0
2024-10-14 00:00:00-04:00,51.82275729027041,52.07007791644585,51.48982986499977,51.832271575927734,673200,0.0,0.0
2024-10-15 00:00:00-04:00,51.85129131537282,52.90715201579123,51.53738884231249,52.46958923339844,1423100,0.0,0.0
2024-10-16 00:00:00-04:00,52.79300467112738,53.50642365316964,52.593248227028326,53.17349624633789,3523300,0.0,0.0
2024-10-17 00:00:00-04:00,52.05104975513488,53.51593396437979,51.57543710350869,52.02251052856445,2251900,0.0,0.0
2024-10-18 00:00:00-04:00,52.13666083701788,52.555198669433594,51.841779682970696,52.555198669433594,1179500,0.0,0.0
2024-10-21 00:00:00-04:00,52.117642778836945,52.23178881572887,51.29958831906448,51.889347076416016,2029500,0.0,0.0
2024-10-22 00:00:00-04:00,51.75617115487562,52.48861510990431,51.527875474246684,52.3173942565918,1699400,0.0,0.0
2024-10-23 00:00:00-04:00,52.203251762516324,52.56471480739896,51.84178508899671,52.526668548583984,1488100,0.0,0.0
2024-10-24 00:00:00-04:00,52.536180666532054,52.61228044355139,51.64203005837734,51.889347076416016,1385400,0.0,0.0
2024-10-25 00:00:00-04:00,52.079593735813184,52.127154282903845,50.87153697079713,50.99519729614258,1230500,0.0,0.0
2024-10-28 00:00:00-04:00,51.07128790257653,51.37567972528323,50.59567522601771,50.9571418762207,908700,0.0,0.0
2024-10-29 00:00:00-04:00,50.83347863104722,50.86201785746694,50.23420930578128,50.26274490356445,645900,0.0,0.0
2024-10-30 00:00:00-04:00,50.38640587052879,51.061774970274264,50.243720622464664,50.795433044433594,710200,0.0,0.0
2024-10-31 00:00:00-04:00,50.4815298393121,50.90006769367791,49.89177112892464,49.9298210144043,1016800,0.0,0.0
2024-11-01 00:00:00-04:00,50.16762647438803,50.700310347198204,49.94884145104187,50.14860153198242,695600,0.0,0.0
2024-11-04 00:00:00-05:00,50.139082691452444,50.60518466645389,49.76810541983721,50.02493667602539,671100,0.0,0.0
2024-11-05 00:00:00-05:00,49.77762177617634,50.462501525878906,49.66347212736211,50.462501525878906,582300,0.0,0.0
2024-11-06 00:00:00-05:00,51.432751584949706,51.432751584949706,49.739571715265825,50.26274490356445,1642800,0.0,0.0
2024-11-07 00:00:00-05:00,50.33884202966012,50.57664835889012,49.711033465638394,50.1771354675293,1178900,0.0,0.0
2024-11-08 00:00:00-05:00,50.34835172485574,50.94762463590084,50.09152047726498,50.9381103515625,990600,0.0,0.0
2024-11-11 00:00:00-05:00,50.77641129945939,51.42324484176869,50.66226164236705,50.80494689941406,994200,0.0,0.0
2024-11-12 00:00:00-05:00,50.62421859530529,50.89056055480208,50.17714148160392,50.27226257324219,1013400,0.0,0.0
2024-11-13 00:00:00-05:00,50.63372577898769,51.280559317931804,50.40543372326435,51.014217376708984,666600,0.0,0.0
2024-11-14 00:00:00-05:00,51.014212130565255,51.14738308748178,49.74908078258543,49.88225173950195,691500,0.0,0.0
2024-11-15 00:00:00-05:00,49.92030162108851,50.00591204034005,49.463713927959105,49.88225173950195,609100,0.0,0.0
2024-11-18 00:00:00-05:00,49.511278605598626,50.13908718972645,49.31152215352085,50.08201599121094,621900,0.0,0.0
2024-11-19 00:00:00-05:00,49.85371742875898,50.5956719956557,49.65396098823088,50.40542984008789,773400,0.0,0.0
2024-11-20 00:00:00-05:00,50.06299220635927,50.40543391991708,49.80616092119091,50.196163177490234,1057600,0.0,0.0
2024-11-21 00:00:00-05:00,50.158109850078034,50.56713702113458,49.98688900504801,50.120059967041016,592100,0.0,0.0
2024-11-22 00:00:00-05:00,50.31031014939857,51.16641444934987,50.31031014939857,51.12836456298828,806300,0.0,0.0
2024-11-25 00:00:00-05:00,51.39469862279859,52.55519457826971,51.39469862279859,51.81324005126953,875100,0.0,0.0
2024-11-26 00:00:00-05:00,51.85129262998108,51.85129262998108,51.033241870755475,51.22348403930664,593200,0.0,0.0
2024-11-27 00:00:00-05:00,51.60397876508774,52.08910213015004,51.04275562507771,51.4422721862793,1261700,0.0,0.0
2024-11-29 00:00:00-05:00,51.45177832146613,51.6610490555415,50.823969747876674,50.842994689941406,708300,0.0,0.0
2024-12-02 00:00:00-05:00,50.66225790808401,50.88104292039941,50.02493869849388,50.39591598510742,788500,0.0,0.0
2024-12-03 00:00:00-05:00,50.30079898043332,50.39592006673277,49.98689286409881,50.186649322509766,701600,0.0,0.0
2024-12-04 00:00:00-05:00,50.129581062439584,50.41494796671243,49.64445405940239,49.86323547363281,599200,0.0,0.0
2024-12-05 00:00:00-05:00,49.58737705924963,49.76810856414731,49.30201018833454,49.492252349853516,1267700,0.0,0.0
2024-12-06 00:00:00-05:00,49.70152933769207,49.75860417051361,48.62664357236092,49.04518508911133,574400,0.0,0.0
2024-12-09 00:00:00-05:00,48.96908097850234,50.49104372799019,48.96908097850234,50.20567321777344,954700,0.0,0.0
2024-12-10 00:00:00-05:00,50.12005898458853,50.48152560908162,49.511275382475844,49.73005676269531,1061400,0.0,0.0
2024-12-11 00:00:00-05:00,49.758600689434964,50.09152811934314,49.44469457383282,49.51128005981445,688500,0.0,0.0
2024-12-12 00:00:00-05:00,49.463720617128715,49.99640814546862,49.41616007303193,49.558841705322266,526100,0.0,0.0
2024-12-13 00:00:00-05:00,49.30201100279034,50.32933248078307,49.30201100279034,50.22469711303711,770700,0.0,0.0
2024-12-16 00:00:00-05:00,50.19616506322199,50.548117447095265,49.79664850618354,49.89177322387695,1001000,0.0,0.0
2024-12-17 00:00:00-05:00,49.73957018266276,50.224693473211566,49.340053682825705,49.47322463989258,863400,0.0,0.0
2024-12-18 00:00:00-05:00,49.4351836657708,49.834696579632876,47.561268524732554,47.618343353271484,1045000,0.0,0.0
2024-12-19 00:00:00-05:00,47.58029505928189,48.11298259088814,47.07614675721824,47.18077850341797,2008600,0.0,0.0
2024-12-20 00:00:00-05:00,47.409071039636714,48.54102788670721,47.39004609742082,48.25566101074219,2773700,0.0,0.0
2024-12-23 00:00:00-05:00,47.922733422029815,48.33176060661581,47.7705375134841,48.055904388427734,787400,0.0,0.0
2024-12-24 00:00:00-05:00,47.8941971648655,48.36980986214773,47.78956541951842,48.34127426147461,325400,0.0,0.0
2024-12-26 00:00:00-05:00,48.17005313161025,48.74079054234917,48.103467644652916,48.55054473876953,603400,0.0,0.0
2024-12-27 00:00:00-05:00,48.12249401962914,48.664692217348765,47.78956657493708,47.91322326660156,873800,0.0,0.0
2024-12-30 00:00:00-05:00,47.694442266449634,47.85615247571814,47.19029395196676,47.63737106323242,2077400,0.0,0.0
2024-12-31 00:00:00-05:00,48.05901868957663,48.26984339795551,47.59902886704338,48.039852142333984,979700,0.37,0.0
2025-01-02 00:00:00-05:00,48.01110240613639,48.193182784372,47.369039498334644,47.416954040527344,729000,0.0,0.0
2025-01-03 00:00:00-05:00,47.3882067881268,48.17401699045249,47.244459503653324,48.126102447509766,598500,0.0,0.0
2025-01-06 00:00:00-05:00,48.078184234217986,48.67233626459106,47.74277877807617,47.74277877807617,775700,0.0,0.0
2025-01-07 00:00:00-05:00,48.12610250224665,48.25067958291037,47.215711562718184,47.45528793334961,524600,0.0,0.0
2025-01-08 00:00:00-05:00,47.55111781258424,47.75236474556223,46.86114033949445,47.30195999145508,601500,0.0,0.0
2025-01-10 00:00:00-05:00,46.41073564739088,46.7844742074066,46.36282110353034,46.439483642578125,522100,0.0,0.0
2025-01-13 00:00:00-05:00,46.36282479193834,47.14863507183173,46.28615859114598,47.11030197143555,628400,0.0,0.0
2025-01-14 00:00:00-05:00,47.2540404770493,48.231512421389596,47.2540404770493,47.86735534667969,647400,0.0,0.0
2025-01-15 00:00:00-05:00,49.074821645208274,49.074821645208274,47.97277256148258,48.020687103271484,781400,0.0,0.0
2025-01-16 00:00:00-05:00,48.14526767898136,49.33356439629889,48.06860148785368,49.266483306884766,973800,0.0,0.0
2025-01-17 00:00:00-05:00,49.36231666302987,49.5635636043377,48.54775841783736,48.66275405883789,732200,0.0,0.0
2025-01-21 00:00:00-05:00,49.01732426760071,51.06809730544301,49.01732426760071,50.981849670410156,907300,0.0,0.0
2025-01-22 00:00:00-05:00,50.81894007868265,50.914772823170196,50.15771059212293,50.186458587646484,1039200,0.0,0.0
2025-01-23 00:00:00-05:00,50.25354259319864,51.010604868118286,49.98521820437472,50.81894302368164,1413000,0.0,0.0
2025-01-24 00:00:00-05:00,50.55061178467724,51.43225103170981,50.445197601739615,51.14476013183594,1168800,0.0,0.0
2025-01-27 00:00:00-05:00,51.556833304345155,52.198899867060746,51.231009299902595,51.50891876220703,1161100,0.0,0.0
2025-01-28 00:00:00-05:00,51.23100591404648,51.68141062279711,51.08726229713213,51.28850555419922,973000,0.0,0.0
2025-01-29 00:00:00-05:00,51.365171954805014,51.365171954805014,50.29187084728288,50.61769485473633,475200,0.0,0.0
2025-01-30 00:00:00-05:00,51.14475784943743,51.60474399983721,50.40686225744874,51.31725311279297,705500,0.0,0.0
2025-01-31 00:00:00-05:00,51.576004479813996,51.68141867536295,50.972270958899024,51.16393280029297,779500,0.0,0.0
2025-02-03 00:00:00-05:00,50.378118146753735,51.28850907223784,49.8510508706246,50.933937072753906,1418900,0.0,0.0
2025-02-04 00:00:00-05:00,50.48353220674123,51.892242410602485,50.445199110772634,51.50891876220703,1726900,0.0,0.0
2025-02-05 00:00:00-05:00,51.81558193210823,52.03599177476327,51.13518585404544,51.55683898925781,1426500,0.0,0.0
2025-02-06 00:00:00-05:00,53.67469129283146,54.13468116562223,51.98807516329878,52.85055160522461,6194700,0.0,0.0
2025-02-07 00:00:00-05:00,52.81221663559245,52.81221663559245,52.19890170112643,52.6109733581543,1341400,0.0,0.0
2025-02-10 00:00:00-05:00,52.67805437304249,53.03262638357489,52.33306380900216,52.70680236816406,1751200,0.0,0.0
2025-02-11 00:00:00-05:00,52.33306220220549,53.98134877728133,52.33306220220549,53.68427276611328,1399300,0.0,0.0
2025-02-12 00:00:00-05:00,52.649306875130904,53.46386880573141,52.50556323253951,52.96554946899414,902900,0.0,0.0
2025-02-13 00:00:00-05:00,53.08053507237429,53.569272869403875,52.75471109290288,53.52135467529297,906800,0.0,0.0
2025-02-14 00:00:00-05:00,53.66510895861853,54.086762070118176,53.24345584711888,53.2913703918457,504300,0.0,0.0
2025-02-18 00:00:00-05:00,53.166781701395095,53.77051511048838,53.166781701395095,53.41594314575195,512600,0.0,0.0
2025-02-19 00:00:00-05:00,52.99429163942826,53.53094401744088,52.99429163942826,53.30094909667969,502000,0.0,0.0
2025-02-20 00:00:00-05:00,53.176370167197945,53.626771235559936,53.04220433563031,53.44469451904297,503400,0.0,0.0
2025-02-21 00:00:00-05:00,53.943014501254304,54.019677036096255,52.82179522707379,53.3871955871582,1527500,0.0,0.0
2025-02-24 00:00:00-05:00,53.38720019135814,54.09634789194137,53.31053764990468,53.80885696411133,517000,0.0,0.0
2025-02-25 00:00:00-05:00,53.952597790699315,54.642578906078036,53.952597790699315,54.29758834838867,1308400,0.0,0.0
2025-02-26 00:00:00-05:00,54.527578662211106,54.84381754292746,54.24008411801171,54.45091247558594,763500,0.0,0.0
2025-02-27 00:00:00-05:00,54.479663499800814,55.0354824168323,54.278420232177076,54.604244232177734,1182100,0.0,0.0
2025-02-28 00:00:00-05:00,54.67132540743242,54.939653420331574,54.058010501911824,54.700077056884766,1905000,0.0,0.0
2025-03-03 00:00:00-05:00,54.671326119181415,55.16006395413694,54.249673030057934,54.642578125,831900,0.0,0.0
2025-03-04 00:00:00-05:00,54.49883313716837,54.84382370445021,54.24967531393448,54.27842330932617,1052100,0.0,0.0
2025-03-05 00:00:00-05:00,53.99093043436208,55.73504610081013,53.655524981447165,55.57213592529297,2616500,0.0,0.0
2025-03-06 00:00:00-05:00,55.09298503599347,55.715881420235064,54.78632391150553,55.23672866821289,2295000,0.0,0.0
2025-03-07 00:00:00-05:00,55.399641783800455,55.744628690024236,54.7288272085711,55.10256576538086,1160900,0.0,0.0
2025-03-10 00:00:00-04:00,54.968404597959314,55.50505334355043,53.406365594230735,53.51177978515625,1525900,0.0,0.0
2025-03-11 00:00:00-04:00,53.81843638271781,54.240089483935044,53.29136909228493,53.76093673706055,1569600,0.0,0.0
2025-03-12 00:00:00-04:00,53.84718712423114,54.36467299460516,53.68427693669425,53.75135803222656,1200700,0.0,0.0
2025-03-13 00:00:00-04:00,53.856769763992304,54.32633741124555,52.00723985884626,52.035987854003906,913400,0.0,0.0
2025-03-14 00:00:00-04:00,52.4863865381094,52.994287223930165,52.28514328398928,52.78346252441406,1169700,0.0,0.0
2025-03-17 00:00:00-04:00,52.57264168545781,53.454281013732135,52.57264168545781,53.26262283325195,912400,0.0,0.0
2025-03-18 00:00:00-04:00,53.26262051396078,53.66510706221767,52.764301223991325,52.860130310058594,1336200,0.0,0.0
2025-03-19 00:00:00-04:00,52.898466150743715,53.43511490959045,52.457646482935175,52.85055160522461,1175800,0.0,0.0
2025-03-20 00:00:00-04:00,52.74513208295181,53.15720371294715,52.40972298691287,52.67805099487305,994200,0.0,0.0
2025-03-21 00:00:00-04:00,52.371394318700766,52.67805177033079,51.11601286283428,51.27892303466797,1625100,0.0,0.0
2025-03-24 00:00:00-04:00,51.60475008159768,52.08390283502253,51.163930425801716,52.007240295410156,978200,0.0,0.0
2025-03-25 00:00:00-04:00,51.94016258429642,52.13182442927487,51.346014154944285,51.844329833984375,1335000,0.0,0.0
2025-03-26 00:00:00-04:00,51.87308261750869,52.34265030951252,51.79641641558807,52.14140701293945,719900,0.0,0.0
2025-03-27 00:00:00-04:00,52.27556618562232,52.687637857986026,51.9018276120007,51.988075256347656,736300,0.0,0.0
2025-03-28 00:00:00-04:00,52.256399808121095,52.256399808121095,51.048936438937986,51.41309356689453,839500,0.0,0.0
2025-03-31 00:00:00-04:00,51.50489432676649,52.480880331287636,51.50489432676649,52.14266586303711,1152500,0.445,0.0
2025-04-01 00:00:00-04:00,52.09434509277344,52.41323267053023,51.38893147417831,52.09434509277344,945800,0.0,0.0
2025-04-02 00:00:00-04:00,52.065356778251065,52.326263791708335,51.63051175582227,52.22962951660156,1031700,0.0,0.0
2025-04-03 00:00:00-04:00,50.62553758752506,51.32128962582289,48.093778550482284,48.34502029418945,2622800,0.0,0.0
2025-04-04 00:00:00-04:00,47.25307762618192,47.25307762618192,45.16582533012034,46.07416534423828,2146800,0.0,0.0
2025-04-07 00:00:00-04:00,44.392772596538435,46.199794998921675,42.527773310075546,43.755001068115234,3079400,0.0,0.0
2025-04-08 00:00:00-04:00,44.76963385525025,44.8469375841499,41.029970588775775,41.61942672729492,2070900,0.0,0.0
2025-04-09 00:00:00-04:00,40.720755596304535,45.059537362418105,38.95239055014561,44.7696418762207,2675100,0.0,0.0
2025-04-10 00:00:00-04:00,43.98691143843279,44.37343744283492,42.17022779045976,43.2138557434082,2512600,0.0,0.0
2025-04-11 00:00:00-04:00,43.04958135530962,44.257482087423924,42.450463624322666,44.10287094116211,1763100,0.0,0.0
2025-04-14 00:00:00-04:00,44.875930358769345,45.32044066622893,44.15118985996752,44.90492248535156,1519900,0.0,0.0
2025-04-15 00:00:00-04:00,44.98222136082311,45.610331199731114,44.55704164117826,45.03053665161133,2045300,0.0,0.0
2025-04-16 00:00:00-04:00,45.16582544756796,45.890565881227,44.71165359621775,45.272117614746094,2126800,0.0,0.0
2025-04-17 00:00:00-04:00,43.38779978602548,46.32541183677098,43.38779978602548,45.94854736328125,2872300,0.0,0.0
2025-04-21 00:00:00-04:00,45.25279402378802,45.455720458621585,43.0785727431473,43.928932189941406,2345900,0.0,0.0
2025-04-22 00:00:00-04:00,44.71165957810645,45.88090674948149,44.43142568824008,44.788963317871094,1405200,0.0,0.0
2025-04-23 00:00:00-04:00,45.65865196855393,46.87621439911153,45.18515321509102,45.513702392578125,1825400,0.0,0.0
2025-04-24 00:00:00-04:00,45.66831470463835,46.30608621981202,45.426734529402545,46.025856018066406,1440100,0.0,0.0
2025-04-25 00:00:00-04:00,45.900228615743885,46.00652447180721,45.48471046179845,45.71662902832031,801400,0.0,0.0
2025-04-28 00:00:00-04:00,45.68763948247783,46.509014252644256,45.60067047590069,46.14181137084961,1045600,0.0,0.0
2025-04-29 00:00:00-04:00,45.967873791555334,46.34473826153963,45.55235561023398,45.9775390625,778200,0.0,0.0
2025-04-30 00:00:00-04:00,45.66831305802435,46.12248495068276,44.94357255844815,45.9775390625,1176700,0.0,0.0
2025-05-01 00:00:00-04:00,46.23843846972364,46.78924090770376,45.86157403176045,46.480018615722656,1169200,0.0,0.0
2025-05-02 00:00:00-04:00,47.050146262522595,47.6299408043788,46.74092398135409,47.36903381347656,986500,0.0,0.0
2025-05-05 00:00:00-04:00,47.088805230294085,47.47533496805053,46.89554036141587,47.21442794799805,1279500,0.0,0.0
2025-05-06 00:00:00-04:00,46.62497035107624,47.1950996696574,46.3737286094635,46.9341926574707,1312800,0.0,0.0
2025-05-07 00:00:00-04:00,47.05981605198409,47.73624123933744,46.91486648104384,47.040489196777344,1402000,0.0,0.0
2025-05-08 00:00:00-04:00,47.253081107162515,48.09377903781062,46.73126707315166,47.74590301513672,1078200,0.0,0.0
2025-05-09 00:00:00-04:00,47.97781949455478,48.14209222795665,47.58162819410376,47.86185836791992,978400,0.0,0.0
2025-05-12 00:00:00-04:00,49.552924681238345,50.49991853186399,49.42730564339256,49.58191680908203,1686200,0.0,0.0
2025-05-13 00:00:00-04:00,49.63022778054396,49.668881490151826,48.799191455078024,49.176055908203125,1137500,0.0,0.0
2025-05-14 00:00:00-04:00,48.876502258560386,49.02144815029516,48.4416572109143,48.70256423950195,1075000,0.0,0.0
2025-05-15 00:00:00-04:00,48.54794710699185,49.282349118984826,48.25804798672735,49.18571853637695,739400,0.0,0.0
2025-05-16 00:00:00-04:00,49.14706986274402,49.475619037971114,48.98279343202006,49.398311614990234,1212200,0.0,0.0
2025-05-19 00:00:00-04:00,48.68323565587479,49.33066872566907,48.67357038503623,49.22437286376953,872000,0.0,0.0
2025-05-20 00:00:00-04:00,49.002122286076656,49.25336773478951,48.56727722962824,48.64458465576172,713700,0.0,0.0
2025-05-21 00:00:00-04:00,48.316027665052815,48.316027665052815,47.05981168300551,47.06947326660156,750400,0.0,0.0
2025-05-22 00:00:00-04:00,47.040486228161996,47.11778995788982,46.470356937314946,46.84722137451172,1005300,0.0,0.0
2025-05-23 00:00:00-04:00,46.39305244323828,46.67328631436952,46.103156987615264,46.538002014160156,897100,0.0,0.0
2025-05-27 00:00:00-04:00,47.47533453301165,47.47533453301165,46.68295189547061,47.378700256347656,1262500,0.0,0.0
2025-05-28 00:00:00-04:00,47.378700256347656,47.456007677678855,46.80857092580269,47.378700256347656,1543200,0.0,0.0
2025-05-29 00:00:00-04:00,47.6202811540345,48.49963281104182,47.6202811540345,48.05512619018555,1132400,0.0,0.0
2025-05-30 00:00:00-04:00,47.66860149149888,47.977823817948796,47.27240646912524,47.76523208618164,1455400,0.0,0.0
2025-06-02 00:00:00-04:00,47.48499343533609,47.8328694392349,46.71193769679458,47.82320785522461,887200,0.0,0.0
2025-06-03 00:00:00-04:00,47.60095178651345,47.87152406485207,47.29172948517269,47.69758605957031,873500,0.0,0.0
2025-06-04 00:00:00-04:00,47.70724468433144,47.70724468433144,46.98250426935565,47.06947326660156,1645400,0.0,0.0
2025-06-05 00:00:00-04:00,47.02116381125474,47.407693555029574,46.60564562687407,47.38836669921875,828700,0.0,0.0
2025-06-06 00:00:00-04:00,47.832872143740566,48.10344074597311,47.42701924039175,47.881187438964844,1289800,0.0,0.0
2025-06-09 00:00:00-04:00,47.97782416689489,48.66391097830678,47.784559289902845,48.171085357666016,1124100,0.0,0.0
2025-06-10 00:00:00-04:00,48.23872868468989,48.7702080308971,47.88119104960405,48.18075180053711,1426300,0.0,0.0
2025-06-11 00:00:00-04:00,48.354689036078916,48.85717624578595,47.765232815341406,47.939170837402344,1071800,0.0,0.0
2025-06-12 00:00:00-04:00,47.64927163335318,48.18074724306651,47.48499520927704,48.00680923461914,921900,0.0,0.0
2025-06-13 00:00:00-04:00,47.900515217999285,47.99714581031124,47.291732165015716,47.75556564331055,1274100,0.0,0.0
2025-06-16 00:00:00-04:00,48.04546386355662,48.200075019998266,47.27240439512764,47.378700256347656,861100,0.0,0.0
2025-06-17 00:00:00-04:00,46.96317907562465,47.53330836966949,46.847221637272284,47.11779022216797,832700,0.0,0.0
2025-06-18 00:00:00-04:00,46.90520861021187,47.89085618646917,46.90520861021187,47.475337982177734,789600,0.0,0.0
2025-06-20 00:00:00-04:00,47.649273225218586,47.95849554251758,47.22408977426687,47.4849967956543,1401800,0.0,0.0
2025-06-23 00:00:00-04:00,47.484996727508005,48.518959540659075,47.30139712881921,48.42232894897461,1065800,0.0,0.0
2025-06-24 00:00:00-04:00,48.43199248068238,48.88616438954338,48.31603502875523,48.80885696411133,1126100,0.0,0.0
2025-06-25 00:00:00-04:00,48.52862609617605,48.52862609617605,46.88588019050903,46.9921760559082,1523500,0.0,0.0
2025-06-26 00:00:00-04:00,47.243415529827246,47.50432254513954,46.88587792494183,47.407691955566406,1169800,0.0,0.0
2025-06-27 00:00:00-04:00,47.54297557294524,48.07445118040915,46.82789668721915,47.301395416259766,2856200,0.0,0.0
2025-06-30 00:00:00-04:00,47.44280044459739,47.55006777989225,46.18480961028763,46.93570327758789,3028100,0.445,0.0
2025-07-01 00:00:00-04:00,46.84793694911272,48.037661355137246,46.62364461256679,47.16974639892578,2726000,0.0,0.0
2025-07-02 00:00:00-04:00,47.12098784177754,48.252203467845206,46.85768717191187,48.174190521240234,2350500,0.0,0.0
2025-07-03 00:00:00-04:00,48.33021577222296,48.408228711786506,47.76460615022113,47.94989013671875,593000,0.0,0.0
2025-07-07 00:00:00-04:00,47.96939673792142,48.39848094745035,47.29651975485006,47.47205352783203,1538800,0.0,0.0
2025-07-08 00:00:00-04:00,47.27701659074271,47.97915169754858,47.16974553608744,47.325775146484375,1222200,0.0,0.0
2025-07-09 00:00:00-04:00,47.44279895042777,47.66709127722665,46.76991824999187,47.06247329711914,1090400,0.0,0.0
2025-07-10 00:00:00-04:00,47.013714879530006,48.11567607095937,46.877189438475604,47.87187957763672,1270000,0.0,0.0
2025-07-11 00:00:00-04:00,47.423293606894916,48.291208503835534,47.15999295500746,48.20344161987305,1172700,0.0,0.0
2025-07-14 00:00:00-04:00,48.174189179551064,48.56426134179092,48.04741395980444,48.50575256347656,1848800,0.0,0.0
2025-07-15 00:00:00-04:00,48.65202683670605,48.85681499502315,47.803616095078624,47.83287048339844,1495700,0.0,0.0
2025-07-16 00:00:00-04:00,48.37898085416787,49.10061645269599,47.68659964691967,48.08642578125,2214200,0.0,0.0
2025-07-17 00:00:00-04:00,48.203440473111655,48.749545929224055,46.691903036418715,48.144927978515625,3697300,0.0,0.0
2025-07-18 00:00:00-04:00,48.18393642863446,48.82755899064261,47.96939433461872,48.74954605102539,2075400,0.0,0.0
2025-07-21 00:00:00-04:00,48.886073014784024,49.54919976245214,48.54475569816823,48.63252258300781,1355200,0.0,0.0
2025-07-22 00:00:00-04:00,48.769048406106585,49.36391243914896,48.495997526692726,49.25664138793945,1672400,0.0,0.0
2025-07-23 00:00:00-04:00,49.33465649196886,49.94902467127886,48.90557602072645,49.77349090576172,1234900,0.0,0.0
2025-07-24 00:00:00-04:00,49.4906883302607,49.61746354887532,48.88607406616211,48.88607406616211,1040600,0.0,0.0
2025-07-25 00:00:00-04:00,48.88607617989094,48.983593293786754,48.135182498766966,48.59352111816406,929200,0.0,0.0
2025-07-28 00:00:00-04:00,48.447241734408905,48.66178384905859,47.55006866226977,47.58907699584961,999800,0.0,0.0
2025-07-29 00:00:00-04:00,47.87187863617924,48.88607292126554,47.46229860103165,48.82756042480469,925300,0.0,0.0
2025-07-30 00:00:00-04:00,48.730047659727255,48.92508189189782,47.55006972287403,48.04741668701172,906400,0.0,0.0
2025-07-31 00:00:00-04:00,47.6280800751635,48.115673031002586,47.38428359724396,47.51105880737305,672600,0.0,0.0
2025-08-01 00:00:00-04:00,47.59882923844974,47.6768421827824,46.301830093560575,46.6919059753418,810800,0.0,0.0
2025-08-04 00:00:00-04:00,46.78942061070844,47.150238364244046,46.68214956289104,46.9649543762207,740600,0.0,0.0
2025-08-05 00:00:00-04:00,47.12098725748499,47.63783464745726,46.90644514691264,47.54031753540039,985700,0.0,0.0
2025-08-06 00:00:00-04:00,47.45254734263497,47.58907277802471,46.83817916334205,46.9649543762207,555400,0.0,0.0
2025-08-07 00:00:00-04:00,47.31602564549311,47.42329670178556,46.70165741766144,47.159996032714844,563200,0.0,0.0
2025-08-08 00:00:00-04:00,47.20875263332745,47.2185028562049,46.78942236885145,46.85768508911133,606100,0.0,0.0
2025-08-11 00:00:00-04:00,46.71140841854585,47.13073867398047,46.331082773819276,46.399349212646484,914900,0.0,0.0
2025-08-12 00:00:00-04:00,46.662647575945414,47.130740119187124,46.20431269574848,47.08197784423828,484600,0.0,0.0
2025-08-13 00:00:00-04:00,47.18924738182524,47.97914933813782,47.10148049779051,47.80361557006836,772800,0.0,0.0
2025-08-14 00:00:00-04:00,47.23801192369864,47.44280382576799,46.838185783528424,47.3160285949707,481300,0.0,0.0
2025-08-15 00:00:00-04:00,47.364782757683756,47.7841130267461,47.17949876067174,47.68659591674805,681000,0.0,0.0
2025-08-18 00:00:00-04:00,47.676842171781615,47.7060965608947,47.21850356880033,47.2965202331543,660800,0.0,0.0
2025-08-19 00:00:00-04:00,47.69634312116838,49.36391014885888,47.530563300655565,49.33465576171875,858900,0.0,0.0
2025-08-20 00:00:00-04:00,49.549198504453784,49.68572393961819,48.50574985565254,48.769046783447266,873600,0.0,0.0
2025-08-21 00:00:00-04:00,48.36922364341041,48.759299527647315,48.1546852551155,48.320465087890625,561000,0.0,0.0
2025-08-22 00:00:00-04:00,48.57401474472763,50.621903803822505,48.34972241692499,50.290340423583984,909500,0.0,0.0
2025-08-25 00:00:00-04:00,50.212325902607006,50.397609892786974,49.753987318430234,50.00753402709961,596200,0.0,0.0
2025-08-26 00:00:00-04:00,50.14406109067333,50.504882580152334,49.7539889323718,49.8905143737793,656400,0.0,0.0
2025-08-27 00:00:00-04:00,50.17331619394678,51.40204881304647,50.12455764208487,51.13874816894531,2172900,0.0,0.0
2025-08-28 00:00:00-04:00,51.15825648923209,51.29478193355087,50.30009549064562,50.953468322753906,677600,0.0,0.0
2025-08-29 00:00:00-04:00,51.119246958323146,51.441060115279285,51.00222568308421,51.29478073120117,1085500,0.0,0.0
2025-09-02 00:00:00-04:00,50.63165615382106,50.74868115414338,49.792999305081025,49.99778747558594,750200,0.0,0.0
2025-09-03 00:00:00-04:00,49.91976649681249,50.70966844058179,49.83199961417146,50.573143005371094,670900,0.0,0.0
2025-09-04 00:00:00-04:00,50.70966773201542,51.00222276338462,50.18306644352743,50.738922119140625,1576200,0.0,0.0
2025-09-05 00:00:00-04:00,51.46056548739465,51.81163304137973,50.553642212946315,50.953468322753906,1122400,0.0,0.0
2025-09-08 00:00:00-04:00,50.446369127235926,51.031482933668585,50.02703886797291,50.846195220947266,1004100,0.0,0.0
2025-09-09 00:00:00-04:00,50.62190554518304,50.933964770255194,49.89051603891279,49.9782829284668,909600,0.0,0.0
2025-09-10 00:00:00-04:00,49.958775804092106,50.212326234476436,49.74423370454216,49.82225036621094,1064100,0.0,0.0
2025-09-11 00:00:00-04:00,49.96853167393524,51.382548380843296,49.78324395534558,51.33378982543945,690200,0.0,0.0
2025-09-12 00:00:00-04:00,51.314284948129014,51.56783538477807,50.758429240142036,50.894954681396484,759300,0.0,0.0
2025-09-15 00:00:00-04:00,51.08024090741595,51.10949529539162,50.46587271965269,50.612152099609375,550200,0.0,0.0
2025-09-16 00:00:00-04:00,50.68041334489022,50.93396004673311,50.31959187683045,50.738922119140625,792700,0.0,0.0
2025-09-17 00:00:00-04:00,51.060737221196604,51.66535147194839,50.34885192014193,50.43661880493164,786700,0.0,0.0
2025-09-18 00:00:00-04:00,50.65115719250498,51.15825433580021,50.54388986222645,51.04123306274414,828300,0.0,0.0
2025-09-19 00:00:00-04:00,51.02172864922909,51.15825408713743,50.32934751695724,50.42686462402344,1282600,0.0,0.0
2025-09-22 00:00:00-04:00,50.50488285727288,50.89495501771475,50.07579864473575,50.70967102050781,620400,0.0,0.0
2025-09-23 00:00:00-04:00,50.74868036008493,51.03148519304638,50.24158319340766,50.563392639160156,556400,0.0,0.0
2025-09-24 00:00:00-04:00,50.436619328928366,50.573144768899816,49.83200135185588,49.86125946044922,1016000,0.0,0.0
2025-09-25 00:00:00-04:00,49.79299398234028,50.105053176429294,49.58820211368766,49.91976547241211,742700,0.0,0.0
2025-09-26 00:00:00-04:00,50.075798415848276,50.417115739719016,49.91976880837685,50.09530258178711,760900,0.0,0.0
2025-09-29 00:00:00-04:00,50.231827163740626,50.31959404894387,49.85150523453965,50.2513313293457,739900,0.0,0.0
2025-09-30 00:00:00-04:00,50.3054379926934,50.90548391067902,50.12837513976503,50.63005447387695,1741500,0.445,0.0
2025-10-01 00:00:00-04:00,50.31527605588464,51.44650676117532,50.31527605588464,51.22026062011719,1161700,0.0,0.0
2025-10-02 00:00:00-04:00,51.12189233361843,51.15140155681129,50.266087336581,50.65956115722656,776500,0.0,0.0
2025-10-03 00:00:00-04:00,50.83662247362113,51.54487382852225,50.728416988572974,50.85629653930664,928800,0.0,0.0
2025-10-06 00:00:00-04:00,51.11205518204688,51.11205518204688,50.54152225017858,50.72842025756836,982200,0.0,0.0
2025-10-07 00:00:00-04:00,50.846457159044355,51.19074767668377,50.50217039384925,50.81694793701172,675200,0.0,0.0
2025-10-08 00:00:00-04:00,50.77760108029157,51.05303425180408,50.3152736629193,50.846458435058594,777700,0.0,0.0
2025-10-09 00:00:00-04:00,50.954667065917114,51.0235244249329,50.1972323642988,50.4529914855957,691300,0.0,0.0
2025-10-10 00:00:00-04:00,50.708741695731014,50.81694717816059,49.4201223202915,49.43979263305664,684300,0.0,0.0
2025-10-13 00:00:00-04:00,49.882454072758215,50.67923689728073,49.469309924635525,50.639888763427734,1220500,0.0,0.0
2025-10-14 00:00:00-04:00,50.216906045725146,51.35797566807807,50.18739682135784,51.08254623413086,1518500,0.0,0.0
2025-10-15 00:00:00-04:00,51.42683176025027,52.84333453411558,51.42683176025027,52.79414749145508,2045200,0.0,0.0
2025-10-16 00:00:00-04:00,53.10893063027047,55.42057912190435,52.951541844701076,53.53190994262695,1951500,0.0,0.0
2025-10-17 00:00:00-04:00,53.46304809991537,54.31885306759575,53.32533339314685,54.21064758300781,1749700,0.0,0.0
2025-10-20 00:00:00-04:00,54.584448473344196,55.23367764209121,54.348363433597825,55.13530731201172,1409900,0.0,0.0
2025-10-21 00:00:00-04:00,55.12547556239912,55.12547556239912,54.57461293723969,54.604122161865234,990100,0.0,0.0
2025-10-22 00:00:00-04:00,54.59428673525947,54.93857352900849,54.112281471566234,54.74184036254883,1097700,0.0,0.0
2025-10-23 00:00:00-04:00,54.840204871557255,55.02710287360273,54.39754775887642,54.81069564819336,1087300,0.0,0.0
2025-10-24 00:00:00-04:00,55.16481989042743,55.351717887567396,54.761507168669375,55.18449020385742,1014900,0.0,0.0
2025-10-27 00:00:00-04:00,55.273024119456565,55.79437750755378,54.9877595325104,55.64682388305664,1088600,0.0,0.0
2025-10-28 00:00:00-04:00,55.53861938425398,55.82388772874086,54.761510619249556,55.233680725097656,1077300,0.0,0.0
2025-10-29 00:00:00-04:00,54.968084763797286,55.23367903303373,54.38771293526829,54.76150894165039,1385200,0.0,0.0
2025-10-30 00:00:00-04:00,54.41722401875493,55.28286421261868,54.22048709936163,54.91890335083008,953000,0.0,0.0
2025-10-31 00:00:00-04:00,54.682814860558935,54.85003879244514,54.02374678487682,54.377872467041016,1006800,0.0,0.0
2025-11-03 00:00:00-05:00,53.77782824349642,54.37787413979478,53.34501003667287,54.35820007324219,1013900,0.0,0.0
2025-11-04 00:00:00-05:00,54.1811404300697,54.50575314378652,53.82701474060084,54.14179229736328,725900,0.0,0.0
2025-11-05 00:00:00-05:00,54.47624326768831,54.67298017641845,53.96472880596771,54.41722106933594,934900,0.0,0.0
2025-11-06 00:00:00-05:00,54.279507081229795,54.70249012727248,53.512237254661414,54.230323791503906,832800,0.0,0.0
2025-11-07 00:00:00-05:00,54.09261156289025,55.400905141401054,54.09261156289025,55.36155700683594,900100,0.0,0.0
2025-11-10 00:00:00-05:00,55.587801259586826,55.587801259586826,54.850040647606704,55.11563491821289,633500,0.0,0.0
2025-11-11 00:00:00-05:00,55.36155348503193,55.85339387847378,54.407385673416954,55.71567916870117,514100,0.0,0.0
2025-11-12 00:00:00-05:00,55.37139329496533,55.863233696407676,55.115634184846414,55.21400451660156,575200,0.0,0.0
2025-11-13 00:00:00-05:00,54.99759179951665,55.538615473500826,54.70248831847477,55.145145416259766,912600,0.0,0.0
2025-11-14 00:00:00-05:00,55.37139253063563,55.37139253063563,54.60411896331455,54.82052993774414,627800,0.0,0.0
2025-11-17 00:00:00-05:00,55.017266373932166,55.18449030550578,54.47624269494572,54.78118133544922,773400,0.0,0.0
2025-11-18 00:00:00-05:00,54.594286008429634,55.036943131959866,54.25983437647841,54.92873764038086,549300,0.0,0.0
2025-11-19 00:00:00-05:00,54.80085703721954,55.214004928786466,53.630278223928144,54.09260940551758,1069800,0.0,0.0
2025-11-20 00:00:00-05:00,54.564774217319,55.174655251910444,54.21064853515481,54.377872467041016,928000,0.0,0.0
2025-11-21 00:00:00-05:00,54.741837466285155,55.440249926621554,54.5155875824266,55.400901794433594,748800,0.0,0.0
2025-11-24 00:00:00-05:00,55.25335091431972,55.76486540078997,54.997595547306894,55.63698959350586,916500,0.0,0.0
2025-11-25 00:00:00-05:00,55.71567859807949,56.42392995816428,55.676330466420474,56.07963943481445,943600,0.0,0.0
2025-11-26 00:00:00-05:00,56.099316459176876,57.0534880637845,56.099316459176876,56.581321716308594,804700,0.0,0.0
2025-11-28 00:00:00-05:00,56.49279095309458,56.69936302895065,56.29605403456492,56.30589294433594,387700,0.0,0.0
2025-12-01 00:00:00-05:00,56.39442376181404,56.43376814313994,55.89274443735199,56.089481353759766,667200,0.0,0.0
2025-12-02 00:00:00-05:00,56.44360485694218,56.60099363345648,55.45992406561667,55.48943328857422,1192000,0.0,0.0
2025-12-03 00:00:00-05:00,55.45008734893919,56.05013325576585,54.68281750214816,55.017269134521484,807900,0.0,0.0
2025-12-04 00:00:00-05:00,55.282865287747754,56.374751646792944,54.72216749566152,55.843563079833984,1604000,0.0,0.0
2025-12-05 00:00:00-05:00,55.804211923173774,57.466631141854116,55.755028633143134,56.90593338012695,1710800,0.0,0.0
2025-12-08 00:00:00-05:00,56.85675060569282,57.004304229567296,56.246869548404405,56.45344161987305,1144800,0.0,0.0
2025-12-09 00:00:00-05:00,56.6501775821839,56.92560700618,56.168172337746256,56.286216735839844,1322700,0.0,0.0
2025-12-10 00:00:00-05:00,56.384583520122696,57.83059550624805,56.384583520122696,57.6240234375,920300,0.0,0.0
2025-12-11 00:00:00-05:00,57.673207020430546,58.21423071618692,57.35842946099249,58.06667709350586,753900,0.0,0.0
2025-12-12 00:00:00-05:00,58.283086124249785,58.46014896456964,56.8567482449818,57.24038314819336,1028800,0.0,0.0
2025-12-15 00:00:00-05:00,57.653530764816125,57.653530764816125,56.974788629188375,57.37810134887695,910000,0.0,0.0
2025-12-16 00:00:00-05:00,57.584672710717015,57.59450786726197,56.640340079740184,57.073158264160156,788600,0.0,0.0
2025-12-17 00:00:00-05:00,57.05348882716804,57.88961604176076,56.9157741097005,57.64369583129883,887600,0.0,0.0
2025-12-18 00:00:00-05:00,57.899453530070815,58.19455702489118,57.39777421167611,57.4371223449707,518000,0.0,0.0
2025-12-19 00:00:00-05:00,57.368265646499246,57.86010606099423,56.98463072358429,57.16169357299805,1724700,0.0,0.0
2025-12-22 00:00:00-05:00,56.87642374948723,57.22071052968185,56.65017761501012,56.8665885925293,809900,0.0,0.0
2025-12-23 00:00:00-05:00,56.8665886319967,56.8665886319967,56.25670383173655,56.37474822998047,890100,0.0,0.0
2025-12-24 00:00:00-05:00,56.64034454017576,57.594512402838404,56.41409464493714,57.46663284301758,480200,0.0,0.0
2025-12-26 00:00:00-05:00,57.47647208478796,57.65353493711817,56.82724287705876,57.32891845703125,606000,0.0,0.0
2025-12-29 00:00:00-05:00,57.39777561087735,57.565003305233645,56.67968904674647,57.063323974609375,827100,0.0,0.0
2025-12-30 00:00:00-05:00,57.0731634196212,57.319083632346675,56.79773398215096,57.19120407104492,886200,0.0,0.0
2025-12-31 00:00:00-05:00,57.24572085488384,57.4538862050051,56.62122102313313,56.76991271972656,908500,0.445,0.0
2026-01-02 00:00:00-05:00,56.68069889544772,57.493538271954044,56.36349346956169,57.394412994384766,776200,0.0,0.0
2026-01-05 00:00:00-05:00,58.30637752873824,58.84166310184191,57.81074357913565,57.85039520263672,975000,0.0,0.0
2026-01-06 00:00:00-05:00,57.74135685815804,57.74135685815804,56.77982575708563,57.26554870605469,810200,0.0,0.0
2026-01-07 00:00:00-05:00,57.52327623609064,58.2270793337386,57.51336522069257,57.82065963745117,1388700,0.0,0.0
2026-01-08 00:00:00-05:00,57.671967443904144,58.80201225897828,57.27545876640337,58.37576675415039,660700,0.0,0.0
2026-01-09 00:00:00-05:00,58.177514305632265,58.81192896652354,58.177514305632265,58.69297409057617,678000,0.0,0.0
2026-01-12 00:00:00-05:00,58.55419611403221,58.96061581262915,58.14777641543527,58.35594177246094,821800,0.0,0.0
2026-01-13 00:00:00-05:00,58.35594321010497,58.69297446466305,57.46380432313627,58.593849182128906,1289100,0.0,0.0
2026-01-14 00:00:00-05:00,58.44515582009025,59.059744654817926,58.23699046383751,58.63349914550781,756400,0.0,0.0
2026-01-15 00:00:00-05:00,58.61367428221908,59.476076330218866,58.41541993817426,58.7921028137207,792600,0.0,0.0
2026-01-16 00:00:00-05:00,58.792101092258086,59.67432892696898,58.75244946833273,59.376949310302734,883100,0.0,0.0
2026-01-20 00:00:00-05:00,58.83175119690778,59.07956818388951,58.14777767413757,58.32620620727539,1093100,0.0,0.0
2026-01-21 00:00:00-05:00,58.83174883652293,59.35712339918892,57.37458758287628,58.0189094543457,1525400,0.0,0.0
2026-01-22 00:00:00-05:00,57.99908577858657,58.39559446900775,56.59148711222693,56.70052719116211,1451400,0.0,0.0
2026-01-23 00:00:00-05:00,56.42296803115317,57.31511066917524,56.21480267607702,56.918601989746094,905900,0.0,0.0
2026-01-26 00:00:00-05:00,57.11685527789945,57.42414968786888,56.284190091537795,56.581573486328125,774700,0.0,0.0
2026-01-27 00:00:00-05:00,56.43288243281645,56.958253215203,56.26436492175339,56.92851638793945,880300,0.0,0.0
2026-01-28 00:00:00-05:00,56.94834266423916,57.4142360145103,56.294105989397956,56.37340545654297,1416800,0.0,0.0
2026-01-29 00:00:00-05:00,56.76991291767663,57.69179236444175,56.39323005801024,57.671966552734375,972800,0.0,0.0
2026-01-30 00:00:00-05:00,57.334937735628465,57.54310309525874,56.75008950043833,57.523277282714844,953600,0.0,0.0
2026-02-02 00:00:00-05:00,57.533190882712475,57.91978476580772,56.93842786293079,57.007816314697266,1051800,0.0,0.0
2026-02-03 00:00:00-05:00,57.19616143271113,58.00900084865208,56.938429648308116,57.781009674072266,1287000,0.0,0.0
2026-02-04 00:00:00-05:00,58.35594063195679,58.79210093116672,57.810744039331354,57.92969512939453,1690900,0.0,0.0
2026-02-05 00:00:00-05:00,58.385683794942814,59.59502812316685,57.9594382737319,59.2282600402832,1960700,0.0,0.0
2026-02-06 00:00:00-05:00,59.93205769678176,60.25917792632693,58.821838682185536,59.26791000366211,1627200,0.0,0.0
2026-02-09 00:00:00-05:00,59.089480921932285,59.83293185697142,58.42532945364275,59.09939193725586,1287900,0.0,0.0
2026-02-10 00:00:00-05:00,59.24808482873077,59.902321513471215,58.7127992372012,59.61485290527344,1200900,0.0,0.0
2026-02-11 00:00:00-05:00,59.48598439012449,59.95188150827277,58.84166253072705,58.861488342285156,653600,0.0,0.0
2026-02-12 00:00:00-05:00,59.21834877693202,59.515728404550416,56.74017891113349,57.51336669921875,1444200,0.0,0.0
2026-02-13 00:00:00-05:00,57.8008320822253,58.91105106129388,57.46380084804897,58.40550231933594,1315500,0.0,0.0
2026-02-17 00:00:00-05:00,58.930879333477264,59.595027033074615,58.40550475799754,59.525638580322266,1275300,0.0,0.0
2026-02-18 00:00:00-05:00,59.16878218293073,60.07083586021017,58.89122836881001,59.87258529663086,1386000,0.0,0.0
2026-02-19 00:00:00-05:00,59.466163269915285,60.33847630349891,59.466163269915285,60.19969940185547,1208500,0.0,0.0
2026-02-20 00:00:00-05:00,60.388039859025874,61.57756211906083,59.92214650806401,61.53791427612305,1323600,0.0,0.0
2026-02-23 00:00:00-05:00,61.40904789535289,61.86503022727078,60.85393650341786,61.45861053466797,1108900,0.0,0.0
2026-02-24 00:00:00-05:00,61.37930615309563,61.88485489637906,61.141403976222065,61.66677474975586,1143300,0.0,0.0
2026-02-25 00:00:00-05:00,61.80555481679085,62.24171513238642,61.41896092352178,61.954246520996094,1191700,0.0,0.0
2026-02-26 00:00:00-05:00,61.85511851613529,63.19332866952336,61.85511851613529,62.92568588256836,1250500,0.0,0.0
2026-02-27 00:00:00-05:00,62.63822002007298,63.45106321302928,62.35075519016713,62.58865737915039,1350500,0.0,0.0
2026-03-02 00:00:00-05:00,62.22188953090048,63.1933316658801,61.93442091853454,62.94551467895508,792000,0.0,0.0
2026-03-03 00:00:00-05:00,61.775814708466264,62.231797031117125,60.6358551204522,62.12275695800781,1044300,0.0,0.0
2026-03-04 00:00:00-05:00,62.22188759028367,62.22188759028367,61.11166858227421,61.90468215942383,816400,0.0,0.0
2026-03-05 00:00:00-05:00,61.95424668366754,61.95424668366754,60.4475189505543,60.863853454589844,937700,0.0,0.0
2026-03-06 00:00:00-05:00,60.24926443936166,60.24926443936166,58.91105422722586,59.32738494873047,835700,0.0,0.0
2026-03-09 00:00:00-04:00,59.04982990312151,60.30874061979132,57.97926251201314,59.99153518676758,1075100,0.0,0.0
2026-03-10 00:00:00-04:00,59.76354525546275,61.26035818719686,59.48598765978014,60.59621047973633,794000,0.0,0.0
2026-03-11 00:00:00-04:00,61.60730373674519,61.60730373674519,59.66441570827455,60.51690673828125,1075100,0.0,0.0
2026-03-12 00:00:00-04:00,60.001445123099046,60.15013682151161,59.27782000569095,59.654502868652344,1123200,0.0,0.0
2026-03-13 00:00:00-04:00,60.1699617322611,60.3087386319614,59.54546190222285,59.585113525390625,970000,0.0,0.0
2026-03-16 00:00:00-04:00,60.31865110876261,61.05219102959467,60.140222581570676,60.45743179321289,866500,0.0,0.0
2026-03-17 00:00:00-04:00,61.300006600626936,61.68660047353606,60.28891289688705,60.308738708496094,936900,0.0,0.0
2026-03-18 00:00:00-04:00,59.72389162826269,60.40786512544472,59.42651201128733,59.466163635253906,784200,0.0,0.0
2026-03-19 00:00:00-04:00,59.24808226478726,59.57519870230807,58.24689957787595,58.31629180908203,1161300,0.0,0.0
2026-03-20 00:00:00-04:00,58.365854437351935,58.365854437351935,56.17514952602122,56.50226974487305,2414400,0.0,0.0
2026-03-23 00:00:00-04:00,57.73144519029349,58.70288729586691,56.750088287966406,57.553016662597656,1435600,0.0,0.0
2026-03-24 00:00:00-04:00,57.12677180103126,57.999084855860545,56.57166039955049,57.26554870605469,959900,0.0,0.0
2026-03-25 00:00:00-04:00,57.81074650250833,58.09821511534741,56.750090099234484,57.781009674072266,1120500,0.0,0.0
2026-03-26 00:00:00-04:00,56.938427038463665,58.246900369094895,56.938427038463665,57.662052154541016,1245600,0.0,0.0
2026-03-27 00:00:00-04:00,57.354760864175816,57.77109156395359,56.50226987161723,56.68069839477539,887900,0.0,0.0
2026-03-30 00:00:00-04:00,57.26554706838906,57.66205195977585,56.45270769245116,56.7599983215332,727400,0.0,0.0
2026-03-31 00:00:00-04:00,57.61000061035156,58.349998474121094,56.93000030517578,57.849998474121094,1069500,0.5,0.0
2026-04-01 00:00:00-04:00,57.880001068115234,58.88999938964844,57.810001373291016,58.650001525878906,852900,0.0,0.0
2026-04-02 00:00:00-04:00,58.09000015258789,59.02000045776367,57.779998779296875,58.66999816894531,926000,0.0,0.0
2026-04-06 00:00:00-04:00,58.59000015258789,58.790000915527344,58.25,58.45000076293945,517700,0.0,0.0
2026-04-07 00:00:00-04:00,57.810001373291016,59.15999984741211,57.810001373291016,59.060001373291016,571400,0.0,0.0
2026-04-08 00:00:00-04:00,60.34000015258789,60.65999984741211,60.060001373291016,60.220001220703125,1197600,0.0,0.0
2026-04-09 00:00:00-04:00,60.16999816894531,60.9900016784668,59.779998779296875,60.470001220703125,537300,0.0,0.0
2026-04-10 00:00:00-04:00,60.4900016784668,60.869998931884766,60.02000045776367,60.68000030517578,590200,0.0,0.0
2026-04-13 00:00:00-04:00,60.560001373291016,60.65999984741211,59.72999954223633,60.43000030517578,730900,0.0,0.0
2026-04-14 00:00:00-04:00,60.209999084472656,61.400001525878906,59.849998474121094,61.099998474121094,878500,0.0,0.0
2026-04-15 00:00:00-04:00,60.81999969482422,61.33000183105469,60.689998626708984,61.33000183105469,547300,0.0,0.0
2026-04-16 00:00:00-04:00,61.38999938964844,62.560001373291016,61.38999938964844,62.400001525878906,1020600,0.0,0.0
2026-04-17 00:00:00-04:00,62.619998931884766,64.0199966430664,62.4900016784668,63.75,743000,0.0,0.0
2026-04-20 00:00:00-04:00,63.310001373291016,64.47000122070312,62.849998474121094,64.4000015258789,754000,0.0,0.0
2026-04-21 00:00:00-04:00,64.43000030517578,64.66000366210938,62.915000915527344,63.209999084472656,579203,0.0,0.0
