Date,Open,High,Low,Close,Volume,Dividends,Stock Splits
2022-01-03 00:00:00-05:00,11.6899995803833,12.149999618530273,11.6899995803833,12.109999656677246,119700,0.0,0.0
2022-01-04 00:00:00-05:00,12.140000343322754,12.369999885559082,12.109999656677246,12.130000114440918,110500,0.0,0.0
2022-01-05 00:00:00-05:00,12.069999694824219,12.289999961853027,11.600000381469727,11.619999885559082,146300,0.0,0.0
2022-01-06 00:00:00-05:00,11.819999694824219,11.859999656677246,11.619999885559082,11.729999542236328,231900,0.0,0.0
2022-01-07 00:00:00-05:00,11.75,11.869999885559082,11.670000076293945,11.75,244000,0.0,0.0
2022-01-10 00:00:00-05:00,11.670000076293945,11.75,11.149999618530273,11.1899995803833,212200,0.0,0.0
2022-01-11 00:00:00-05:00,11.140000343322754,11.430000305175781,11.029999732971191,11.399999618530273,335000,0.0,0.0
2022-01-12 00:00:00-05:00,11.420000076293945,11.430000305175781,11.220000267028809,11.289999961853027,229300,0.0,0.0
2022-01-13 00:00:00-05:00,11.289999961853027,11.454999923706055,11.15999984741211,11.3100004196167,358500,0.0,0.0
2022-01-14 00:00:00-05:00,11.239999771118164,11.380000114440918,11.079999923706055,11.359999656677246,279400,0.0,0.0
2022-01-18 00:00:00-05:00,11.319999694824219,11.319999694824219,10.779999732971191,10.800000190734863,338900,0.0,0.0
2022-01-19 00:00:00-05:00,10.890000343322754,10.960000038146973,10.670000076293945,10.779999732971191,278400,0.0,0.0
2022-01-20 00:00:00-05:00,10.770000457763672,10.960000038146973,10.5600004196167,10.569999694824219,133500,0.0,0.0
2022-01-21 00:00:00-05:00,10.470000267028809,10.760000228881836,10.319999694824219,10.350000381469727,366300,0.0,0.0
2022-01-24 00:00:00-05:00,10.1899995803833,10.75,10.149999618530273,10.75,474900,0.0,0.0
2022-01-25 00:00:00-05:00,10.600000381469727,11.079999923706055,10.569999694824219,10.970000267028809,244300,0.0,0.0
2022-01-26 00:00:00-05:00,11.170000076293945,11.170000076293945,10.520000457763672,10.630000114440918,284700,0.0,0.0
2022-01-27 00:00:00-05:00,10.680000305175781,10.890000343322754,10.430000305175781,10.539999961853027,264100,0.0,0.0
2022-01-28 00:00:00-05:00,10.510000228881836,10.729999542236328,10.329999923706055,10.729999542236328,181300,0.0,0.0
2022-01-31 00:00:00-05:00,10.59000015258789,10.960000038146973,10.484999656677246,10.9399995803833,333400,0.0,0.0
2022-02-01 00:00:00-05:00,10.890000343322754,11.055000305175781,10.729999542236328,10.9399995803833,362800,0.0,0.0
2022-02-02 00:00:00-05:00,10.890000343322754,10.949999809265137,10.5,10.510000228881836,241000,0.0,0.0
2022-02-03 00:00:00-05:00,10.600000381469727,10.680000305175781,10.4399995803833,10.600000381469727,210700,0.0,0.0
2022-02-04 00:00:00-05:00,10.829999923706055,10.829999923706055,10.4399995803833,10.670000076293945,188800,0.0,0.0
2022-02-07 00:00:00-05:00,10.640000343322754,10.819999694824219,10.579999923706055,10.75,601900,0.0,0.0
2022-02-08 00:00:00-05:00,10.869999885559082,11.100000381469727,10.770000457763672,11.100000381469727,302000,0.0,0.0
2022-02-09 00:00:00-05:00,11.140000343322754,11.279999732971191,10.84000015258789,11.09000015258789,116000,0.0,0.0
2022-02-10 00:00:00-05:00,10.9399995803833,11.199999809265137,10.880000114440918,10.949999809265137,229200,0.0,0.0
2022-02-11 00:00:00-05:00,10.850000381469727,11.40999984741211,10.850000381469727,11.279999732971191,233000,0.0,0.0
2022-02-14 00:00:00-05:00,11.260000228881836,11.449999809265137,11.119999885559082,11.180000305175781,199900,0.0,0.0
2022-02-15 00:00:00-05:00,11.3100004196167,11.65999984741211,11.3100004196167,11.609999656677246,207500,0.0,0.0
2022-02-16 00:00:00-05:00,11.489999771118164,11.899999618530273,11.479999542236328,11.880000114440918,243400,0.0,0.0
2022-02-17 00:00:00-05:00,11.729999542236328,11.789999961853027,11.59000015258789,11.609999656677246,158500,0.0,0.0
2022-02-18 00:00:00-05:00,11.539999961853027,11.59000015258789,11.210000038146973,11.279999732971191,208400,0.0,0.0
2022-02-22 00:00:00-05:00,11.25,11.34000015258789,11.109999656677246,11.149999618530273,132000,0.0,0.0
2022-02-23 00:00:00-05:00,11.0,11.449999809265137,10.800000190734863,10.84000015258789,255100,0.0,0.0
2022-02-24 00:00:00-05:00,10.449999809265137,10.609999656677246,10.100000381469727,10.520000457763672,294300,0.0,0.0
2022-02-25 00:00:00-05:00,10.59000015258789,10.920000076293945,10.390000343322754,10.510000228881836,879900,0.0,0.0
2022-02-28 00:00:00-05:00,10.420000076293945,10.5,10.020000457763672,10.050000190734863,706500,0.0,0.0
2022-03-01 00:00:00-05:00,10.050000190734863,10.210000038146973,9.569999694824219,9.670000076293945,528900,0.0,0.0
2022-03-02 00:00:00-05:00,9.65999984741211,10.260000228881836,9.65999984741211,10.199999809265137,417100,0.0,0.0
2022-03-03 00:00:00-05:00,10.220000267028809,10.359999656677246,9.819999694824219,9.859999656677246,363500,0.0,0.0
2022-03-04 00:00:00-05:00,9.90999984741211,9.90999984741211,9.529999732971191,9.760000228881836,277500,0.0,0.0
2022-03-07 00:00:00-05:00,9.710000038146973,9.75,9.109999656677246,9.180000305175781,367800,0.0,0.0
2022-03-08 00:00:00-05:00,9.279999732971191,9.710000038146973,9.149999618530273,9.380000114440918,317100,0.0,0.0
2022-03-09 00:00:00-05:00,9.609999656677246,10.050000190734863,9.569999694824219,9.9399995803833,443500,0.0,0.0
2022-03-10 00:00:00-05:00,9.800000190734863,9.920000076293945,9.510000228881836,9.699999809265137,383700,0.0,0.0
2022-03-11 00:00:00-05:00,9.8100004196167,9.977999687194824,9.649999618530273,9.6899995803833,231300,0.0,0.0
2022-03-14 00:00:00-04:00,9.739999771118164,9.779999732971191,9.470000267028809,9.539999961853027,212300,0.0,0.0
2022-03-15 00:00:00-04:00,9.5,9.84000015258789,9.420000076293945,9.680000305175781,304300,0.0,0.0
2022-03-16 00:00:00-04:00,9.479999542236328,9.829999923706055,9.34000015258789,9.710000038146973,641900,0.0,0.0
2022-03-17 00:00:00-04:00,9.65999984741211,9.84000015258789,9.5600004196167,9.829999923706055,348100,0.0,0.0
2022-03-18 00:00:00-04:00,9.850000381469727,9.920000076293945,9.609999656677246,9.819999694824219,581200,0.0,0.0
2022-03-21 00:00:00-04:00,9.890000343322754,10.0,9.800000190734863,9.899999618530273,311800,0.0,0.0
2022-03-22 00:00:00-04:00,9.880000114440918,10.180000305175781,9.880000114440918,10.119999885559082,295100,0.0,0.0
2022-03-23 00:00:00-04:00,10.029999732971191,10.069999694824219,9.779999732971191,9.899999618530273,325500,0.0,0.0
2022-03-24 00:00:00-04:00,9.90999984741211,10.010000228881836,9.8100004196167,9.960000038146973,219300,0.0,0.0
2022-03-25 00:00:00-04:00,10.079999923706055,10.079999923706055,9.899999618530273,10.020000457763672,336100,0.0,0.0
2022-03-28 00:00:00-04:00,10.050000190734863,10.079999923706055,9.699999809265137,9.90999984741211,232500,0.0,0.0
2022-03-29 00:00:00-04:00,10.180000305175781,10.180000305175781,9.949999809265137,10.079999923706055,394600,0.0,0.0
2022-03-30 00:00:00-04:00,10.010000228881836,10.069999694824219,9.850000381469727,9.880000114440918,218400,0.0,0.0
2022-03-31 00:00:00-04:00,9.829999923706055,9.90999984741211,9.609999656677246,9.699999809265137,206000,0.0,0.0
2022-04-01 00:00:00-04:00,9.800000190734863,9.920000076293945,9.680000305175781,9.880000114440918,272000,0.0,0.0
2022-04-04 00:00:00-04:00,9.949999809265137,10.6899995803833,9.880000114440918,10.640000343322754,390000,0.0,0.0
2022-04-05 00:00:00-04:00,10.600000381469727,10.800000190734863,10.369999885559082,10.640000343322754,159500,0.0,0.0
2022-04-06 00:00:00-04:00,10.539999961853027,10.71500015258789,10.270000457763672,10.5600004196167,313000,0.0,0.0
2022-04-07 00:00:00-04:00,10.619999885559082,10.699999809265137,10.430000305175781,10.460000038146973,249100,0.0,0.0
2022-04-08 00:00:00-04:00,10.4399995803833,10.779999732971191,10.4399995803833,10.75,180800,0.0,0.0
2022-04-11 00:00:00-04:00,10.609999656677246,10.9399995803833,10.609999656677246,10.670000076293945,144000,0.0,0.0
2022-04-12 00:00:00-04:00,10.779999732971191,10.984999656677246,10.630000114440918,10.670000076293945,238600,0.0,0.0
2022-04-13 00:00:00-04:00,10.640000343322754,11.130000114440918,10.640000343322754,11.100000381469727,196400,0.0,0.0
2022-04-14 00:00:00-04:00,11.039999961853027,11.1850004196167,10.770000457763672,10.789999961853027,131900,0.0,0.0
2022-04-18 00:00:00-04:00,10.699999809265137,10.9399995803833,10.670000076293945,10.75,178500,0.0,0.0
2022-04-19 00:00:00-04:00,10.670000076293945,11.210000038146973,10.670000076293945,11.199999809265137,140500,0.0,0.0
2022-04-20 00:00:00-04:00,11.100000381469727,11.34000015258789,10.850000381469727,10.850000381469727,176900,0.0,0.0
2022-04-21 00:00:00-04:00,11.010000228881836,11.0600004196167,10.430000305175781,10.479999542236328,169800,0.0,0.0
2022-04-22 00:00:00-04:00,10.430000305175781,10.4399995803833,10.039999961853027,10.100000381469727,189100,0.0,0.0
2022-04-25 00:00:00-04:00,9.960000038146973,10.199999809265137,9.850000381469727,10.15999984741211,199100,0.0,0.0
2022-04-26 00:00:00-04:00,10.010000228881836,10.039999961853027,9.630000114440918,9.630000114440918,247200,0.0,0.0
2022-04-27 00:00:00-04:00,9.710000038146973,9.720000267028809,9.539999961853027,9.600000381469727,153800,0.0,0.0
2022-04-28 00:00:00-04:00,9.630000114440918,9.880000114440918,9.234999656677246,9.819999694824219,213900,0.0,0.0
2022-04-29 00:00:00-04:00,9.739999771118164,9.779999732971191,9.199999809265137,9.239999771118164,288300,0.0,0.0
2022-05-02 00:00:00-04:00,9.25,9.347999572753906,9.100000381469727,9.279999732971191,293600,0.0,0.0
2022-05-03 00:00:00-04:00,9.270000457763672,9.4399995803833,9.119999885559082,9.350000381469727,133600,0.0,0.0
2022-05-04 00:00:00-04:00,9.449999809265137,9.640000343322754,9.149999618530273,9.600000381469727,106100,0.0,0.0
2022-05-05 00:00:00-04:00,9.4399995803833,9.529999732971191,8.600000381469727,8.744999885559082,397100,0.0,0.0
2022-05-06 00:00:00-04:00,8.779999732971191,8.8100004196167,8.390000343322754,8.390000343322754,272700,0.0,0.0
2022-05-09 00:00:00-04:00,8.1899995803833,8.385000228881836,7.789999961853027,7.840000152587891,388800,0.0,0.0
2022-05-10 00:00:00-04:00,7.949999809265137,8.449999809265137,7.909999847412109,8.270000457763672,315100,0.0,0.0
2022-05-11 00:00:00-04:00,8.479999542236328,8.479999542236328,8.069999694824219,8.109999656677246,246400,0.0,0.0
2022-05-12 00:00:00-04:00,8.0600004196167,8.34000015258789,7.96999979019165,8.329999923706055,291600,0.0,0.0
2022-05-13 00:00:00-04:00,8.390000343322754,8.567999839782715,8.319999694824219,8.489999771118164,224600,0.0,0.0
2022-05-16 00:00:00-04:00,8.520000457763672,8.949999809265137,8.520000457763672,8.899999618530273,290600,0.0,0.0
2022-05-17 00:00:00-04:00,9.039999961853027,9.449999809265137,9.020000457763672,9.430000305175781,265600,0.0,0.0
2022-05-18 00:00:00-04:00,9.319999694824219,9.609999656677246,9.25,9.319999694824219,269200,0.0,0.0
2022-05-19 00:00:00-04:00,9.260000228881836,9.4399995803833,9.199999809265137,9.25,157400,0.0,0.0
2022-05-20 00:00:00-04:00,9.399999618530273,9.5,9.079999923706055,9.260000228881836,215200,0.0,0.0
2022-05-23 00:00:00-04:00,9.449999809265137,9.449999809265137,9.130000114440918,9.180000305175781,149400,0.0,0.0
2022-05-24 00:00:00-04:00,9.100000381469727,9.15999984741211,8.920000076293945,9.029999732971191,230500,0.0,0.0
2022-05-25 00:00:00-04:00,8.989999771118164,9.329999923706055,8.989999771118164,9.279999732971191,156400,0.0,0.0
2022-05-26 00:00:00-04:00,9.329999923706055,9.699999809265137,9.239999771118164,9.4399995803833,229700,0.0,0.0
2022-05-27 00:00:00-04:00,9.470000267028809,9.699999809265137,9.449999809265137,9.640000343322754,123500,0.0,0.0
2022-05-31 00:00:00-04:00,9.569999694824219,9.800000190734863,9.430000305175781,9.510000228881836,375300,0.0,0.0
2022-06-01 00:00:00-04:00,9.550000190734863,9.65999984741211,9.109999656677246,9.239999771118164,255400,0.0,0.0
2022-06-02 00:00:00-04:00,9.239999771118164,9.380000114440918,9.0600004196167,9.380000114440918,183300,0.0,0.0
2022-06-03 00:00:00-04:00,9.180000305175781,9.239999771118164,9.039999961853027,9.069999694824219,213800,0.0,0.0
2022-06-06 00:00:00-04:00,9.109999656677246,9.28499984741211,9.074999809265137,9.210000038146973,212400,0.0,0.0
2022-06-07 00:00:00-04:00,9.109999656677246,9.300000190734863,8.899999618530273,9.140000343322754,186700,0.0,0.0
2022-06-08 00:00:00-04:00,9.020000457763672,9.229999542236328,8.989999771118164,9.020000457763672,214500,0.0,0.0
2022-06-09 00:00:00-04:00,8.949999809265137,9.024999618530273,8.770000457763672,8.779999732971191,146700,0.0,0.0
2022-06-10 00:00:00-04:00,8.600000381469727,8.65999984741211,8.34000015258789,8.350000381469727,318000,0.0,0.0
2022-06-13 00:00:00-04:00,8.130000114440918,8.170000076293945,7.829999923706055,7.869999885559082,287300,0.0,0.0
2022-06-14 00:00:00-04:00,7.920000076293945,7.920000076293945,7.449999809265137,7.46999979019165,381400,0.0,0.0
2022-06-15 00:00:00-04:00,7.610000133514404,7.869999885559082,7.510000228881836,7.789999961853027,250100,0.0,0.0
2022-06-16 00:00:00-04:00,7.579999923706055,7.579999923706055,7.005000114440918,7.070000171661377,341700,0.0,0.0
2022-06-17 00:00:00-04:00,7.119999885559082,7.809999942779541,7.079999923706055,7.769999980926514,478400,0.0,0.0
2022-06-21 00:00:00-04:00,7.909999847412109,7.920000076293945,7.5,7.5,229800,0.0,0.0
2022-06-22 00:00:00-04:00,7.400000095367432,7.639999866485596,7.400000095367432,7.519999980926514,288600,0.0,0.0
2022-06-23 00:00:00-04:00,7.53000020980835,7.670000076293945,7.429999828338623,7.539999961853027,249100,0.0,0.0
2022-06-24 00:00:00-04:00,7.639999866485596,7.840000152587891,7.610000133514404,7.789999961853027,762900,0.0,0.0
2022-06-27 00:00:00-04:00,7.880000114440918,7.949999809265137,7.71999979019165,7.840000152587891,199200,0.0,0.0
2022-06-28 00:00:00-04:00,7.849999904632568,8.15999984741211,7.710000038146973,7.730000019073486,238500,0.0,0.0
2022-06-29 00:00:00-04:00,7.670000076293945,8.039999961853027,7.639999866485596,8.039999961853027,349800,0.0,0.0
2022-06-30 00:00:00-04:00,7.869999885559082,7.909999847412109,7.690000057220459,7.800000190734863,252200,0.0,0.0
2022-07-01 00:00:00-04:00,7.730000019073486,8.029999732971191,7.730000019073486,8.020000457763672,150200,0.0,0.0
2022-07-05 00:00:00-04:00,7.809999942779541,7.860000133514404,7.650000095367432,7.760000228881836,186700,0.0,0.0
2022-07-06 00:00:00-04:00,7.71999979019165,7.809999942779541,7.590000152587891,7.690000057220459,239900,0.0,0.0
2022-07-07 00:00:00-04:00,7.739999771118164,7.769999980926514,7.599999904632568,7.619999885559082,132800,0.0,0.0
2022-07-08 00:00:00-04:00,7.550000190734863,7.635000228881836,7.389999866485596,7.420000076293945,150000,0.0,0.0
2022-07-11 00:00:00-04:00,7.340000152587891,7.360000133514404,6.945000171661377,7.0,393900,0.0,0.0
2022-07-12 00:00:00-04:00,6.960000038146973,7.199999809265137,6.909999847412109,7.139999866485596,168500,0.0,0.0
2022-07-13 00:00:00-04:00,7.019999980926514,7.070000171661377,6.909999847412109,7.050000190734863,171400,0.0,0.0
2022-07-14 00:00:00-04:00,6.949999809265137,7.010000228881836,6.760000228881836,6.869999885559082,245600,0.0,0.0
2022-07-15 00:00:00-04:00,7.039999961853027,7.130000114440918,6.934999942779541,7.03000020980835,221800,0.0,0.0
2022-07-18 00:00:00-04:00,7.150000095367432,7.179999828338623,6.980000019073486,7.010000228881836,129400,0.0,0.0
2022-07-19 00:00:00-04:00,7.130000114440918,7.449999809265137,7.099999904632568,7.360000133514404,344800,0.0,0.0
2022-07-20 00:00:00-04:00,7.309999942779541,7.53000020980835,7.309999942779541,7.449999809265137,212200,0.0,0.0
2022-07-21 00:00:00-04:00,7.349999904632568,7.480000019073486,7.25,7.289999961853027,171600,0.0,0.0
2022-07-22 00:00:00-04:00,7.369999885559082,7.369999885559082,7.03000020980835,7.119999885559082,183000,0.0,0.0
2022-07-25 00:00:00-04:00,7.159999847412109,7.159999847412109,7.03000020980835,7.039999961853027,147900,0.0,0.0
2022-07-26 00:00:00-04:00,6.980000019073486,7.090000152587891,6.960000038146973,7.010000228881836,170500,0.0,0.0
2022-07-27 00:00:00-04:00,7.070000171661377,7.199999809265137,7.070000171661377,7.170000076293945,170200,0.0,0.0
2022-07-28 00:00:00-04:00,7.199999809265137,7.21999979019165,7.019999980926514,7.21999979019165,155400,0.0,0.0
2022-07-29 00:00:00-04:00,7.230000019073486,7.400000095367432,7.159999847412109,7.369999885559082,118200,0.0,0.0
2022-08-01 00:00:00-04:00,7.360000133514404,7.5,7.289999961853027,7.380000114440918,169000,0.0,0.0
2022-08-02 00:00:00-04:00,7.389999866485596,7.400000095367432,7.239999771118164,7.239999771118164,109500,0.0,0.0
2022-08-03 00:00:00-04:00,7.28000020980835,7.619999885559082,7.269999980926514,7.590000152587891,208000,0.0,0.0
2022-08-04 00:00:00-04:00,7.53000020980835,7.900000095367432,7.480000019073486,7.5,307800,0.0,0.0
2022-08-05 00:00:00-04:00,7.380000114440918,7.519999980926514,7.239999771118164,7.239999771118164,162100,0.0,0.0
2022-08-08 00:00:00-04:00,7.25,7.610000133514404,7.25,7.329999923706055,186600,0.0,0.0
2022-08-09 00:00:00-04:00,7.329999923706055,7.409999847412109,7.190000057220459,7.400000095367432,151000,0.0,0.0
2022-08-10 00:00:00-04:00,7.510000228881836,8.010000228881836,7.510000228881836,7.880000114440918,251900,0.0,0.0
2022-08-11 00:00:00-04:00,7.949999809265137,8.050000190734863,7.849999904632568,7.869999885559082,131000,0.0,0.0
2022-08-12 00:00:00-04:00,7.929999828338623,8.180000305175781,7.889999866485596,8.180000305175781,115400,0.0,0.0
2022-08-15 00:00:00-04:00,8.0600004196167,8.220000267028809,8.015000343322754,8.039999961853027,218900,0.0,0.0
2022-08-16 00:00:00-04:00,7.96999979019165,8.239999771118164,7.940000057220459,8.100000381469727,118400,0.0,0.0
2022-08-17 00:00:00-04:00,7.940000057220459,8.0,7.75,7.760000228881836,126000,0.0,0.0
2022-08-18 00:00:00-04:00,7.71999979019165,7.849999904632568,7.610000133514404,7.800000190734863,123300,0.0,0.0
2022-08-19 00:00:00-04:00,7.690000057220459,7.71999979019165,7.550000190734863,7.599999904632568,137400,0.0,0.0
2022-08-22 00:00:00-04:00,7.489999771118164,7.510000228881836,7.039999961853027,7.099999904632568,188300,0.0,0.0
2022-08-23 00:00:00-04:00,7.090000152587891,7.230000019073486,7.090000152587891,7.099999904632568,130100,0.0,0.0
2022-08-24 00:00:00-04:00,7.099999904632568,7.199999809265137,7.070000171661377,7.110000133514404,143200,0.0,0.0
2022-08-25 00:00:00-04:00,7.190000057220459,7.309999942779541,7.110000133514404,7.289999961853027,116300,0.0,0.0
2022-08-26 00:00:00-04:00,7.28000020980835,7.329999923706055,7.0,7.03000020980835,149100,0.0,0.0
2022-08-29 00:00:00-04:00,6.96999979019165,7.070000171661377,6.920000076293945,7.019999980926514,130700,0.0,0.0
2022-08-30 00:00:00-04:00,7.050000190734863,7.079999923706055,6.829999923706055,6.860000133514404,136500,0.0,0.0
2022-08-31 00:00:00-04:00,6.829999923706055,7.079999923706055,6.820000171661377,7.0,292700,0.0,0.0
2022-09-01 00:00:00-04:00,6.960000038146973,7.050000190734863,6.835000038146973,7.039999961853027,231100,0.0,0.0
2022-09-02 00:00:00-04:00,7.110000133514404,7.110000133514404,6.75,6.78000020980835,251600,0.0,0.0
2022-09-06 00:00:00-04:00,6.78000020980835,6.894999980926514,6.670000076293945,6.699999809265137,194100,0.0,0.0
2022-09-07 00:00:00-04:00,6.699999809265137,6.769999980926514,6.46999979019165,6.590000152587891,188500,0.0,0.0
2022-09-08 00:00:00-04:00,6.53000020980835,6.610000133514404,6.349999904632568,6.510000228881836,252100,0.0,0.0
2022-09-09 00:00:00-04:00,6.539999961853027,6.96999979019165,6.539999961853027,6.96999979019165,216000,0.0,0.0
2022-09-12 00:00:00-04:00,7.059999942779541,7.349999904632568,7.0,7.289999961853027,174100,0.0,0.0
2022-09-13 00:00:00-04:00,7.059999942779541,7.119999885559082,6.860000133514404,6.889999866485596,302300,0.0,0.0
2022-09-14 00:00:00-04:00,6.889999866485596,6.960000038146973,6.659999847412109,6.699999809265137,187600,0.0,0.0
2022-09-15 00:00:00-04:00,6.670000076293945,6.829999923706055,6.619999885559082,6.619999885559082,329400,0.0,0.0
2022-09-16 00:00:00-04:00,6.559999942779541,6.809999942779541,6.5,6.78000020980835,681500,0.0,0.0
2022-09-19 00:00:00-04:00,6.800000190734863,6.849999904632568,6.579999923706055,6.739999771118164,236600,0.0,0.0
2022-09-20 00:00:00-04:00,6.670000076293945,6.710000038146973,6.599999904632568,6.599999904632568,189300,0.0,0.0
2022-09-21 00:00:00-04:00,6.670000076293945,6.679999828338623,6.429999828338623,6.429999828338623,477700,0.0,0.0
2022-09-22 00:00:00-04:00,6.409999847412109,6.449999809265137,6.210000038146973,6.239999771118164,312400,0.0,0.0
2022-09-23 00:00:00-04:00,6.239999771118164,6.320000171661377,6.190000057220459,6.289999961853027,368300,0.0,0.0
2022-09-26 00:00:00-04:00,6.190000057220459,6.320000171661377,5.960000038146973,6.0,296900,0.0,0.0
2022-09-27 00:00:00-04:00,6.019999980926514,6.190000057220459,5.900000095367432,5.909999847412109,542100,0.0,0.0
2022-09-28 00:00:00-04:00,5.909999847412109,6.46999979019165,5.909999847412109,6.460000038146973,217300,0.0,0.0
2022-09-29 00:00:00-04:00,6.360000133514404,6.360000133514404,6.144999980926514,6.25,237200,0.0,0.0
2022-09-30 00:00:00-04:00,6.289999961853027,6.480000019073486,6.179999828338623,6.190000057220459,411600,0.0,0.0
2022-10-03 00:00:00-04:00,6.260000228881836,6.539999961853027,6.260000228881836,6.440000057220459,226500,0.0,0.0
2022-10-04 00:00:00-04:00,6.559999942779541,6.755000114440918,6.559999942779541,6.670000076293945,378200,0.0,0.0
2022-10-05 00:00:00-04:00,6.489999771118164,6.949999809265137,6.400000095367432,6.940000057220459,334900,0.0,0.0
2022-10-06 00:00:00-04:00,6.929999828338623,7.099999904632568,6.78000020980835,7.050000190734863,357900,0.0,0.0
2022-10-07 00:00:00-04:00,6.920000076293945,7.320000171661377,6.920000076293945,7.190000057220459,270000,0.0,0.0
2022-10-10 00:00:00-04:00,7.179999828338623,7.5329999923706055,7.119999885559082,7.510000228881836,199900,0.0,0.0
2022-10-11 00:00:00-04:00,7.449999809265137,7.539999961853027,7.300000190734863,7.5,224900,0.0,0.0
2022-10-12 00:00:00-04:00,7.5,7.51200008392334,7.300000190734863,7.449999809265137,182700,0.0,0.0
2022-10-13 00:00:00-04:00,7.260000228881836,7.550000190734863,7.110000133514404,7.340000152587891,278700,0.0,0.0
2022-10-14 00:00:00-04:00,7.369999885559082,7.449999809265137,7.090000152587891,7.090000152587891,241000,0.0,0.0
2022-10-17 00:00:00-04:00,7.190000057220459,7.614999771118164,7.190000057220459,7.539999961853027,220600,0.0,0.0
2022-10-18 00:00:00-04:00,7.659999847412109,7.820000171661377,7.5,7.559999942779541,137700,0.0,0.0
2022-10-19 00:00:00-04:00,7.400000095367432,7.590000152587891,7.329999923706055,7.420000076293945,205200,0.0,0.0
2022-10-20 00:00:00-04:00,7.409999847412109,7.619999885559082,7.349999904632568,7.420000076293945,170200,0.0,0.0
2022-10-21 00:00:00-04:00,7.429999828338623,7.690000057220459,7.340000152587891,7.670000076293945,122500,0.0,0.0
2022-10-24 00:00:00-04:00,7.739999771118164,7.760000228881836,7.630000114440918,7.71999979019165,191200,0.0,0.0
2022-10-25 00:00:00-04:00,7.71999979019165,7.940000057220459,7.699999809265137,7.769999980926514,194100,0.0,0.0
2022-10-26 00:00:00-04:00,7.809999942779541,7.860000133514404,7.605000019073486,7.619999885559082,108600,0.0,0.0
2022-10-27 00:00:00-04:00,7.650000095367432,7.880000114440918,7.559999942779541,7.559999942779541,93700,0.0,0.0
2022-10-28 00:00:00-04:00,7.599999904632568,7.940000057220459,7.590000152587891,7.900000095367432,163500,0.0,0.0
2022-10-31 00:00:00-04:00,7.820000171661377,7.900000095367432,7.760000228881836,7.78000020980835,187000,0.0,0.0
2022-11-01 00:00:00-04:00,7.889999866485596,8.164999961853027,7.860000133514404,8.020000457763672,198900,0.0,0.0
2022-11-02 00:00:00-04:00,8.050000190734863,8.1850004196167,7.690000057220459,7.699999809265137,166100,0.0,0.0
2022-11-03 00:00:00-04:00,7.570000171661377,7.699999809265137,7.460000038146973,7.570000171661377,157100,0.0,0.0
2022-11-04 00:00:00-04:00,7.730000019073486,7.849999904632568,7.539999961853027,7.829999923706055,344900,0.0,0.0
2022-11-07 00:00:00-05:00,7.940000057220459,8.217000007629395,7.820000171661377,8.180000305175781,216100,0.0,0.0
2022-11-08 00:00:00-05:00,8.210000038146973,8.390000343322754,8.130000114440918,8.239999771118164,257000,0.0,0.0
2022-11-09 00:00:00-05:00,8.050000190734863,8.050000190734863,7.119999885559082,7.34499979019165,427300,0.0,0.0
2022-11-10 00:00:00-05:00,7.739999771118164,8.109999656677246,7.599999904632568,7.610000133514404,444300,0.0,0.0
2022-11-11 00:00:00-05:00,7.550000190734863,8.130000114440918,7.53000020980835,8.0,297900,0.0,0.0
2022-11-14 00:00:00-05:00,7.940000057220459,8.329999923706055,7.940000057220459,8.1899995803833,306300,0.0,0.0
2022-11-15 00:00:00-05:00,8.4399995803833,8.479999542236328,8.119999885559082,8.270000457763672,183100,0.0,0.0
2022-11-16 00:00:00-05:00,8.3100004196167,8.600000381469727,8.25,8.399999618530273,135300,0.0,0.0
2022-11-17 00:00:00-05:00,8.199999809265137,8.25,7.949999809265137,8.0,141100,0.0,0.0
2022-11-18 00:00:00-05:00,8.220000267028809,8.220000267028809,7.889999866485596,7.940000057220459,297200,0.0,0.0
2022-11-21 00:00:00-05:00,7.920000076293945,7.920000076293945,7.590000152587891,7.690000057220459,329900,0.0,0.0
2022-11-22 00:00:00-05:00,7.760000228881836,7.800000190734863,7.590000152587891,7.71999979019165,278900,0.0,0.0
2022-11-23 00:00:00-05:00,7.650000095367432,7.909999847412109,7.619999885559082,7.909999847412109,239900,0.0,0.0
2022-11-25 00:00:00-05:00,7.949999809265137,7.989999771118164,7.730000019073486,7.739999771118164,164200,0.0,0.0
2022-11-28 00:00:00-05:00,7.730000019073486,7.789999961853027,7.494999885559082,7.559999942779541,262700,0.0,0.0
2022-11-29 00:00:00-05:00,7.539999961853027,7.650000095367432,7.489999771118164,7.639999866485596,172000,0.0,0.0
2022-11-30 00:00:00-05:00,7.639999866485596,7.760000228881836,7.460000038146973,7.739999771118164,347900,0.0,0.0
2022-12-01 00:00:00-05:00,7.840000152587891,7.934999942779541,7.710000038146973,7.75,321700,0.0,0.0
2022-12-02 00:00:00-05:00,7.630000114440918,7.739999771118164,7.53000020980835,7.730000019073486,289800,0.0,0.0
2022-12-05 00:00:00-05:00,7.690000057220459,7.690000057220459,7.460000038146973,7.519999980926514,187000,0.0,0.0
2022-12-06 00:00:00-05:00,7.53000020980835,7.539999961853027,7.260000228881836,7.28000020980835,363200,0.0,0.0
2022-12-07 00:00:00-05:00,7.25,7.25,6.945000171661377,6.960000038146973,273000,0.0,0.0
2022-12-08 00:00:00-05:00,7.019999980926514,7.019999980926514,6.769999980926514,6.96999979019165,369700,0.0,0.0
2022-12-09 00:00:00-05:00,6.949999809265137,7.025000095367432,6.869999885559082,6.900000095367432,271700,0.0,0.0
2022-12-12 00:00:00-05:00,6.940000057220459,6.989999771118164,6.829999923706055,6.889999866485596,293000,0.0,0.0
2022-12-13 00:00:00-05:00,7.159999847412109,7.349999904632568,6.980000019073486,7.019999980926514,402500,0.0,0.0
2022-12-14 00:00:00-05:00,6.929999828338623,7.099999904632568,6.929999828338623,7.010000228881836,320400,0.0,0.0
2022-12-15 00:00:00-05:00,6.929999828338623,6.980000019073486,6.78000020980835,6.900000095367432,272800,0.0,0.0
2022-12-16 00:00:00-05:00,6.889999866485596,7.099999904632568,6.75,6.789999961853027,1009800,0.0,0.0
2022-12-19 00:00:00-05:00,6.78000020980835,6.920000076293945,6.755000114440918,6.889999866485596,300700,0.0,0.0
2022-12-20 00:00:00-05:00,6.860000133514404,7.179999828338623,6.820000171661377,7.079999923706055,306900,0.0,0.0
2022-12-21 00:00:00-05:00,7.159999847412109,7.789999961853027,7.159999847412109,7.739999771118164,394000,0.0,0.0
2022-12-22 00:00:00-05:00,7.659999847412109,7.75,7.449999809265137,7.579999923706055,277500,0.0,0.0
2022-12-23 00:00:00-05:00,7.559999942779541,7.699999809265137,7.460000038146973,7.659999847412109,393300,0.0,0.0
2022-12-27 00:00:00-05:00,7.650000095367432,7.78000020980835,7.550000190734863,7.579999923706055,177100,0.0,0.0
2022-12-28 00:00:00-05:00,7.550000190734863,7.650000095367432,7.369999885559082,7.389999866485596,294100,0.0,0.0
2022-12-29 00:00:00-05:00,7.46999979019165,7.639999866485596,7.394999980926514,7.53000020980835,217300,0.0,0.0
2022-12-30 00:00:00-05:00,7.449999809265137,7.550000190734863,7.409999847412109,7.53000020980835,247000,0.0,0.0
2023-01-03 00:00:00-05:00,7.599999904632568,7.894999980926514,7.599999904632568,7.829999923706055,223800,0.0,0.0
2023-01-04 00:00:00-05:00,7.960000038146973,8.010000228881836,7.840000152587891,7.980000019073486,235500,0.0,0.0
2023-01-05 00:00:00-05:00,7.650000095367432,8.097999572753906,7.559999942779541,7.949999809265137,277700,0.0,0.0
2023-01-06 00:00:00-05:00,8.079999923706055,8.289999961853027,7.9720001220703125,8.210000038146973,244500,0.0,0.0
2023-01-09 00:00:00-05:00,8.329999923706055,8.574999809265137,8.279999732971191,8.529999732971191,191500,0.0,0.0
2023-01-10 00:00:00-05:00,8.460000038146973,8.710000038146973,8.4399995803833,8.630000114440918,211500,0.0,0.0
2023-01-11 00:00:00-05:00,8.729999542236328,8.760000228881836,8.550000190734863,8.710000038146973,212400,0.0,0.0
2023-01-12 00:00:00-05:00,8.800000190734863,8.9350004196167,8.710000038146973,8.899999618530273,299500,0.0,0.0
2023-01-13 00:00:00-05:00,8.890000343322754,9.045000076293945,8.734999656677246,9.010000228881836,194600,0.0,0.0
2023-01-17 00:00:00-05:00,9.0,9.039999961853027,8.779999732971191,8.829999923706055,165800,0.0,0.0
2023-01-18 00:00:00-05:00,8.880000114440918,8.90999984741211,8.720000267028809,8.819999694824219,166700,0.0,0.0
2023-01-19 00:00:00-05:00,8.75,9.03499984741211,8.75,9.020000457763672,285800,0.0,0.0
2023-01-20 00:00:00-05:00,9.119999885559082,9.239999771118164,8.949999809265137,9.180000305175781,194400,0.0,0.0
2023-01-23 00:00:00-05:00,9.229999542236328,9.229999542236328,9.039999961853027,9.09000015258789,158500,0.0,0.0
2023-01-24 00:00:00-05:00,9.0600004196167,9.1850004196167,9.029999732971191,9.0600004196167,77500,0.0,0.0
2023-01-25 00:00:00-05:00,9.180000305175781,9.380000114440918,9.015000343322754,9.369999885559082,249200,0.0,0.0
2023-01-26 00:00:00-05:00,9.399999618530273,9.84000015258789,9.399999618530273,9.8100004196167,331900,0.0,0.0
2023-01-27 00:00:00-05:00,9.84000015258789,9.859999656677246,9.670000076293945,9.6899995803833,176100,0.0,0.0
2023-01-30 00:00:00-05:00,9.609999656677246,9.819999694824219,9.539999961853027,9.789999961853027,261800,0.0,0.0
2023-01-31 00:00:00-05:00,9.789999961853027,9.890000343322754,9.710000038146973,9.84000015258789,202900,0.0,0.0
2023-02-01 00:00:00-05:00,9.880000114440918,9.979999542236328,9.6899995803833,9.960000038146973,261900,0.0,0.0
2023-02-02 00:00:00-05:00,10.010000228881836,10.010000228881836,9.699999809265137,9.920000076293945,255100,0.0,0.0
2023-02-03 00:00:00-05:00,9.8100004196167,9.899999618530273,9.664999961853027,9.6899995803833,130800,0.0,0.0
2023-02-06 00:00:00-05:00,9.520000457763672,9.6899995803833,9.399999618530273,9.5600004196167,192500,0.0,0.0
2023-02-07 00:00:00-05:00,9.5600004196167,9.614999771118164,9.420000076293945,9.600000381469727,159600,0.0,0.0
2023-02-08 00:00:00-05:00,9.59000015258789,9.59000015258789,9.265000343322754,9.350000381469727,154700,0.0,0.0
2023-02-09 00:00:00-05:00,9.449999809265137,9.539999961853027,9.265000343322754,9.319999694824219,182400,0.0,0.0
2023-02-10 00:00:00-05:00,9.270000457763672,9.420000076293945,9.270000457763672,9.3100004196167,82400,0.0,0.0
2023-02-13 00:00:00-05:00,9.359999656677246,9.5,9.289999961853027,9.420000076293945,154600,0.0,0.0
2023-02-14 00:00:00-05:00,9.369999885559082,9.449999809265137,9.149999618530273,9.149999618530273,124800,0.0,0.0
2023-02-15 00:00:00-05:00,9.0600004196167,9.09000015258789,8.779999732971191,8.880000114440918,155900,0.0,0.0
2023-02-16 00:00:00-05:00,8.729999542236328,9.09000015258789,8.65999984741211,9.020000457763672,224900,0.0,0.0
2023-02-17 00:00:00-05:00,9.079999923706055,9.255000114440918,8.90999984741211,9.229999542236328,172900,0.0,0.0
2023-02-21 00:00:00-05:00,9.149999618530273,9.149999618530273,8.550000190734863,8.550000190734863,185000,0.0,0.0
2023-02-22 00:00:00-05:00,8.600000381469727,8.880000114440918,8.59000015258789,8.829999923706055,219300,0.0,0.0
2023-02-23 00:00:00-05:00,9.0,9.550000190734863,8.619999885559082,9.199999809265137,406700,0.0,0.0
2023-02-24 00:00:00-05:00,9.0,9.029999732971191,8.539999961853027,8.670000076293945,284100,0.0,0.0
2023-02-27 00:00:00-05:00,8.729999542236328,9.020000457763672,8.6899995803833,8.75,309500,0.0,0.0
2023-02-28 00:00:00-05:00,8.819999694824219,9.079999923706055,8.779999732971191,8.819999694824219,564500,0.0,0.0
2023-03-01 00:00:00-05:00,8.779999732971191,8.850000381469727,8.65999984741211,8.75,225100,0.0,0.0
2023-03-02 00:00:00-05:00,8.649999618530273,8.899999618530273,8.649999618530273,8.859999656677246,229500,0.0,0.0
2023-03-03 00:00:00-05:00,8.890000343322754,9.15999984741211,8.890000343322754,9.069999694824219,180900,0.0,0.0
2023-03-06 00:00:00-05:00,9.039999961853027,9.154999732971191,8.850000381469727,8.930000305175781,277500,0.0,0.0
2023-03-07 00:00:00-05:00,8.970000267028809,9.0600004196167,8.600000381469727,8.609999656677246,226100,0.0,0.0
2023-03-08 00:00:00-05:00,8.640000343322754,8.880000114440918,8.59000015258789,8.829999923706055,230700,0.0,0.0
2023-03-09 00:00:00-05:00,8.829999923706055,8.90999984741211,8.395000457763672,8.40999984741211,266500,0.0,0.0
2023-03-10 00:00:00-05:00,8.350000381469727,8.40999984741211,8.039999961853027,8.149999618530273,384800,0.0,0.0
2023-03-13 00:00:00-04:00,8.0,8.220000267028809,7.980000019073486,8.039999961853027,255300,0.0,0.0
2023-03-14 00:00:00-04:00,8.329999923706055,8.449999809265137,8.130000114440918,8.229999542236328,223500,0.0,0.0
2023-03-15 00:00:00-04:00,8.0,8.154999732971191,7.880000114440918,8.020000457763672,341000,0.0,0.0
2023-03-16 00:00:00-04:00,7.849999904632568,7.920000076293945,7.630000114440918,7.860000133514404,262500,0.0,0.0
2023-03-17 00:00:00-04:00,7.769999980926514,7.920000076293945,7.739999771118164,7.860000133514404,1071200,0.0,0.0
2023-03-20 00:00:00-04:00,7.869999885559082,7.929999828338623,7.760000228881836,7.809999942779541,248800,0.0,0.0
2023-03-21 00:00:00-04:00,7.900000095367432,8.210000038146973,7.900000095367432,8.15999984741211,300400,0.0,0.0
2023-03-22 00:00:00-04:00,8.119999885559082,8.140000343322754,7.797999858856201,7.809999942779541,222700,0.0,0.0
2023-03-23 00:00:00-04:00,7.869999885559082,8.045000076293945,7.738999843597412,7.769999980926514,347400,0.0,0.0
2023-03-24 00:00:00-04:00,7.699999809265137,7.929999828338623,7.619999885559082,7.860000133514404,194500,0.0,0.0
2023-03-27 00:00:00-04:00,7.929999828338623,8.050000190734863,7.909999847412109,7.960000038146973,172900,0.0,0.0
2023-03-28 00:00:00-04:00,7.880000114440918,8.09000015258789,7.860000133514404,7.900000095367432,170600,0.0,0.0
2023-03-29 00:00:00-04:00,8.0,8.25,7.949999809265137,8.15999984741211,228200,0.0,0.0
2023-03-30 00:00:00-04:00,8.25,8.329999923706055,8.119999885559082,8.140000343322754,233400,0.0,0.0
2023-03-31 00:00:00-04:00,8.279999732971191,8.390000343322754,8.170000076293945,8.3100004196167,344200,0.0,0.0
2023-04-03 00:00:00-04:00,8.3100004196167,8.3100004196167,7.889999866485596,7.960000038146973,300700,0.0,0.0
2023-04-04 00:00:00-04:00,7.940000057220459,8.020000457763672,7.748000144958496,7.900000095367432,262300,0.0,0.0
2023-04-05 00:00:00-04:00,7.849999904632568,8.024999618530273,7.820000171661377,7.949999809265137,108000,0.0,0.0
2023-04-06 00:00:00-04:00,7.949999809265137,8.114999771118164,7.940000057220459,8.010000228881836,134300,0.0,0.0
2023-04-10 00:00:00-04:00,7.940000057220459,8.140000343322754,7.929999828338623,8.109999656677246,147500,0.0,0.0
2023-04-11 00:00:00-04:00,8.270000457763672,8.9399995803833,8.199999809265137,8.869999885559082,403300,0.0,0.0
2023-04-12 00:00:00-04:00,9.0,9.154999732971191,8.800000190734863,8.850000381469727,169400,0.0,0.0
2023-04-13 00:00:00-04:00,8.850000381469727,9.029999732971191,8.850000381469727,8.850000381469727,142600,0.0,0.0
2023-04-14 00:00:00-04:00,8.869999885559082,8.890000343322754,8.670000076293945,8.729999542236328,134200,0.0,0.0
2023-04-17 00:00:00-04:00,8.75,8.989999771118164,8.6899995803833,8.979999542236328,128400,0.0,0.0
2023-04-18 00:00:00-04:00,8.970000267028809,9.015000343322754,8.890000343322754,8.970000267028809,250800,0.0,0.0
2023-04-19 00:00:00-04:00,8.899999618530273,9.039999961853027,8.819999694824219,8.949999809265137,128400,0.0,0.0
2023-04-20 00:00:00-04:00,8.90999984741211,8.90999984741211,8.4350004196167,8.5,203200,0.0,0.0
2023-04-21 00:00:00-04:00,8.479999542236328,8.65999984741211,8.319999694824219,8.329999923706055,145600,0.0,0.0
2023-04-24 00:00:00-04:00,8.300000190734863,8.484999656677246,8.239999771118164,8.260000228881836,203900,0.0,0.0
2023-04-25 00:00:00-04:00,8.109999656677246,8.289999961853027,7.960000038146973,7.96999979019165,273300,0.0,0.0
2023-04-26 00:00:00-04:00,7.940000057220459,8.15999984741211,7.909999847412109,8.09000015258789,283500,0.0,0.0
2023-04-27 00:00:00-04:00,8.149999618530273,8.59000015258789,8.149999618530273,8.59000015258789,378500,0.0,0.0
2023-04-28 00:00:00-04:00,8.5600004196167,9.055000305175781,8.545000076293945,8.869999885559082,303700,0.0,0.0
2023-05-01 00:00:00-04:00,8.84000015258789,8.960000038146973,8.585000038146973,8.609999656677246,239500,0.0,0.0
2023-05-02 00:00:00-04:00,8.579999923706055,8.585000038146973,8.34000015258789,8.390000343322754,167700,0.0,0.0
2023-05-03 00:00:00-04:00,8.380000114440918,8.76200008392334,8.380000114440918,8.5,228400,0.0,0.0
2023-05-04 00:00:00-04:00,8.380000114440918,8.380000114440918,8.050000190734863,8.170000076293945,153100,0.0,0.0
2023-05-05 00:00:00-04:00,8.329999923706055,8.329999923706055,8.199999809265137,8.229999542236328,168100,0.0,0.0
2023-05-08 00:00:00-04:00,8.180000305175781,8.385000228881836,8.180000305175781,8.359999656677246,145400,0.0,0.0
2023-05-09 00:00:00-04:00,8.350000381469727,8.399999618530273,7.389999866485596,8.3100004196167,597500,0.0,0.0
2023-05-10 00:00:00-04:00,8.430000305175781,8.460000038146973,7.744999885559082,7.744999885559082,242800,0.0,0.0
2023-05-11 00:00:00-04:00,7.659999847412109,7.755000114440918,7.550000190734863,7.630000114440918,222000,0.0,0.0
2023-05-12 00:00:00-04:00,7.699999809265137,7.75,7.59499979019165,7.659999847412109,200300,0.0,0.0
2023-05-15 00:00:00-04:00,7.75,8.270000457763672,7.710000038146973,8.260000228881836,331600,0.0,0.0
2023-05-16 00:00:00-04:00,8.229999542236328,8.350000381469727,8.09000015258789,8.119999885559082,355200,0.0,0.0
2023-05-17 00:00:00-04:00,8.220000267028809,8.295000076293945,7.994999885559082,8.25,427200,0.0,0.0
2023-05-18 00:00:00-04:00,8.210000038146973,8.210000038146973,7.570000171661377,7.75,415800,0.0,0.0
2023-05-19 00:00:00-04:00,7.840000152587891,8.300000190734863,7.809999942779541,8.069999694824219,410300,0.0,0.0
2023-05-22 00:00:00-04:00,8.069999694824219,8.274999618530273,7.980000019073486,8.109999656677246,385000,0.0,0.0
2023-05-23 00:00:00-04:00,8.069999694824219,8.430000305175781,8.069999694824219,8.180000305175781,346000,0.0,0.0
2023-05-24 00:00:00-04:00,8.119999885559082,8.119999885559082,7.659999847412109,7.679999828338623,387600,0.0,0.0
2023-05-25 00:00:00-04:00,7.599999904632568,7.670000076293945,7.320000171661377,7.329999923706055,405800,0.0,0.0
2023-05-26 00:00:00-04:00,7.369999885559082,7.53000020980835,7.260000228881836,7.449999809265137,231900,0.0,0.0
2023-05-30 00:00:00-04:00,7.480000019073486,7.659999847412109,7.28000020980835,7.289999961853027,263700,0.0,0.0
2023-05-31 00:00:00-04:00,7.420000076293945,7.5,7.210000038146973,7.320000171661377,540000,0.0,0.0
2023-06-01 00:00:00-04:00,7.329999923706055,7.539999961853027,7.260000228881836,7.28000020980835,265800,0.0,0.0
2023-06-02 00:00:00-04:00,7.369999885559082,7.75,7.349999904632568,7.710000038146973,323200,0.0,0.0
2023-06-05 00:00:00-04:00,7.71999979019165,7.940000057220459,7.679999828338623,7.920000076293945,237500,0.0,0.0
2023-06-06 00:00:00-04:00,7.900000095367432,8.350000381469727,7.869999885559082,8.329999923706055,322900,0.0,0.0
2023-06-07 00:00:00-04:00,8.380000114440918,8.579999923706055,8.329999923706055,8.529999732971191,303100,0.0,0.0
2023-06-08 00:00:00-04:00,8.479999542236328,8.619999885559082,8.319999694824219,8.460000038146973,217100,0.0,0.0
2023-06-09 00:00:00-04:00,8.420000076293945,8.489999771118164,7.914999961853027,7.989999771118164,235500,0.0,0.0
2023-06-12 00:00:00-04:00,7.989999771118164,8.220000267028809,7.940000057220459,8.199999809265137,168200,0.0,0.0
2023-06-13 00:00:00-04:00,8.300000190734863,8.479999542236328,8.229999542236328,8.4399995803833,238100,0.0,0.0
2023-06-14 00:00:00-04:00,8.40999984741211,8.65999984741211,8.369999885559082,8.470000267028809,201700,0.0,0.0
2023-06-15 00:00:00-04:00,8.420000076293945,8.640000343322754,8.420000076293945,8.5600004196167,293700,0.0,0.0
2023-06-16 00:00:00-04:00,8.640000343322754,8.640000343322754,8.369999885559082,8.420000076293945,303500,0.0,0.0
2023-06-20 00:00:00-04:00,8.390000343322754,8.390000343322754,8.234999656677246,8.329999923706055,150700,0.0,0.0
2023-06-21 00:00:00-04:00,8.25,8.350000381469727,8.229999542236328,8.25,139400,0.0,0.0
2023-06-22 00:00:00-04:00,8.199999809265137,8.23799991607666,8.109999656677246,8.170000076293945,105200,0.0,0.0
2023-06-23 00:00:00-04:00,8.010000228881836,8.289999961853027,7.960000038146973,8.170000076293945,507600,0.0,0.0
2023-06-26 00:00:00-04:00,8.0600004196167,8.420000076293945,8.0600004196167,8.210000038146973,144800,0.0,0.0
2023-06-27 00:00:00-04:00,8.220000267028809,8.6850004196167,8.210000038146973,8.640000343322754,170000,0.0,0.0
2023-06-28 00:00:00-04:00,8.649999618530273,8.850000381469727,8.600000381469727,8.710000038146973,248900,0.0,0.0
2023-06-29 00:00:00-04:00,8.710000038146973,8.84000015258789,8.65999984741211,8.779999732971191,207900,0.0,0.0
2023-06-30 00:00:00-04:00,8.880000114440918,8.920000076293945,8.710000038146973,8.75,157600,0.0,0.0
2023-07-03 00:00:00-04:00,8.699999809265137,8.890000343322754,8.699999809265137,8.75,74500,0.0,0.0
2023-07-05 00:00:00-04:00,8.680000305175781,8.71500015258789,8.399999618530273,8.640000343322754,137600,0.0,0.0
2023-07-06 00:00:00-04:00,8.609999656677246,8.609999656677246,8.380000114440918,8.40999984741211,134000,0.0,0.0
2023-07-07 00:00:00-04:00,8.399999618530273,8.75,8.399999618530273,8.680000305175781,348300,0.0,0.0
2023-07-10 00:00:00-04:00,8.670000076293945,8.774999618530273,8.503000259399414,8.5600004196167,225300,0.0,0.0
2023-07-11 00:00:00-04:00,8.579999923706055,8.680000305175781,8.279999732971191,8.3100004196167,132200,0.0,0.0
2023-07-12 00:00:00-04:00,8.460000038146973,8.5600004196167,8.350000381469727,8.430000305175781,120000,0.0,0.0
2023-07-13 00:00:00-04:00,8.510000228881836,8.619999885559082,8.319999694824219,8.600000381469727,133500,0.0,0.0
2023-07-14 00:00:00-04:00,8.609999656677246,8.609999656677246,8.260000228881836,8.270000457763672,92700,0.0,0.0
2023-07-17 00:00:00-04:00,8.270000457763672,8.4399995803833,8.15999984741211,8.170000076293945,122100,0.0,0.0
2023-07-18 00:00:00-04:00,8.170000076293945,8.57800006866455,8.15999984741211,8.369999885559082,141700,0.0,0.0
2023-07-19 00:00:00-04:00,8.40999984741211,8.600000381469727,8.40999984741211,8.470000267028809,146400,0.0,0.0
2023-07-20 00:00:00-04:00,8.510000228881836,8.569999694824219,8.390000343322754,8.5600004196167,163900,0.0,0.0
2023-07-21 00:00:00-04:00,8.619999885559082,8.699999809265137,8.5,8.510000228881836,121300,0.0,0.0
2023-07-24 00:00:00-04:00,8.479999542236328,8.670999526977539,8.479999542236328,8.579999923706055,100200,0.0,0.0
2023-07-25 00:00:00-04:00,8.579999923706055,8.579999923706055,8.125,8.130000114440918,139800,0.0,0.0
2023-07-26 00:00:00-04:00,8.109999656677246,8.260000228881836,8.029999732971191,8.25,98600,0.0,0.0
2023-07-27 00:00:00-04:00,8.289999961853027,8.475000381469727,8.239999771118164,8.270000457763672,97900,0.0,0.0
2023-07-28 00:00:00-04:00,8.380000114440918,8.479999542236328,8.329999923706055,8.329999923706055,104000,0.0,0.0
2023-07-31 00:00:00-04:00,8.369999885559082,8.529999732971191,8.335000038146973,8.399999618530273,132600,0.0,0.0
2023-08-01 00:00:00-04:00,8.319999694824219,8.359999656677246,8.164999961853027,8.329999923706055,110400,0.0,0.0
2023-08-02 00:00:00-04:00,8.210000038146973,8.319999694824219,8.180000305175781,8.25,128200,0.0,0.0
2023-08-03 00:00:00-04:00,8.220000267028809,8.354999542236328,8.140000343322754,8.229999542236328,159000,0.0,0.0
2023-08-04 00:00:00-04:00,8.239999771118164,8.359999656677246,8.020000457763672,8.029999732971191,143300,0.0,0.0
2023-08-07 00:00:00-04:00,8.050000190734863,8.239999771118164,7.920000076293945,8.229999542236328,150700,0.0,0.0
2023-08-08 00:00:00-04:00,8.100000381469727,8.40999984741211,8.09000015258789,8.399999618530273,154100,0.0,0.0
2023-08-09 00:00:00-04:00,8.619999885559082,9.850000381469727,8.619999885559082,9.789999961853027,802100,0.0,0.0
2023-08-10 00:00:00-04:00,9.789999961853027,9.835000038146973,9.239999771118164,9.3100004196167,364400,0.0,0.0
2023-08-11 00:00:00-04:00,9.260000228881836,9.420000076293945,9.119999885559082,9.319999694824219,323300,0.0,0.0
2023-08-14 00:00:00-04:00,9.300000190734863,9.335000038146973,9.140000343322754,9.199999809265137,333200,0.0,0.0
2023-08-15 00:00:00-04:00,9.130000114440918,9.329999923706055,9.069999694824219,9.149999618530273,213500,0.0,0.0
2023-08-16 00:00:00-04:00,9.130000114440918,9.21500015258789,9.074999809265137,9.100000381469727,150400,0.0,0.0
2023-08-17 00:00:00-04:00,9.100000381469727,9.194000244140625,8.9350004196167,8.949999809265137,156600,0.0,0.0
2023-08-18 00:00:00-04:00,8.829999923706055,8.970000267028809,8.640000343322754,8.649999618530273,158000,0.0,0.0
2023-08-21 00:00:00-04:00,8.569999694824219,8.729999542236328,8.5600004196167,8.640000343322754,250300,0.0,0.0
2023-08-22 00:00:00-04:00,8.619999885559082,8.829999923706055,8.59000015258789,8.670000076293945,472100,0.0,0.0
2023-08-23 00:00:00-04:00,8.710000038146973,8.779999732971191,8.609999656677246,8.65999984741211,180200,0.0,0.0
2023-08-24 00:00:00-04:00,8.569999694824219,8.800000190734863,8.569999694824219,8.710000038146973,180300,0.0,0.0
2023-08-25 00:00:00-04:00,8.710000038146973,8.779999732971191,8.539999961853027,8.619999885559082,119200,0.0,0.0
2023-08-28 00:00:00-04:00,8.65999984741211,8.96500015258789,8.649999618530273,8.890000343322754,204700,0.0,0.0
2023-08-29 00:00:00-04:00,8.920000076293945,9.329999923706055,8.920000076293945,9.25,262900,0.0,0.0
2023-08-30 00:00:00-04:00,9.199999809265137,9.270000457763672,9.100000381469727,9.170000076293945,179600,0.0,0.0
2023-08-31 00:00:00-04:00,9.149999618530273,9.199999809265137,8.930000305175781,8.9399995803833,337200,0.0,0.0
2023-09-01 00:00:00-04:00,8.989999771118164,9.0,8.720999717712402,8.739999771118164,247200,0.0,0.0
2023-09-05 00:00:00-04:00,8.710000038146973,8.710000038146973,8.350000381469727,8.390000343322754,273900,0.0,0.0
2023-09-06 00:00:00-04:00,8.430000305175781,8.479999542236328,8.274999618530273,8.40999984741211,397200,0.0,0.0
2023-09-07 00:00:00-04:00,8.390000343322754,8.399999618530273,7.945000171661377,7.980000019073486,647000,0.0,0.0
2023-09-08 00:00:00-04:00,8.0,8.199999809265137,7.900000095367432,8.15999984741211,143300,0.0,0.0
2023-09-11 00:00:00-04:00,8.220000267028809,8.4399995803833,8.220000267028809,8.390000343322754,180800,0.0,0.0
2023-09-12 00:00:00-04:00,8.40999984741211,8.65999984741211,8.40999984741211,8.619999885559082,203400,0.0,0.0
2023-09-13 00:00:00-04:00,8.699999809265137,8.869999885559082,8.5600004196167,8.869999885559082,257300,0.0,0.0
2023-09-14 00:00:00-04:00,8.949999809265137,9.229999542236328,8.9399995803833,8.970000267028809,236800,0.0,0.0
2023-09-15 00:00:00-04:00,9.010000228881836,9.0600004196167,8.380000114440918,8.470000267028809,702900,0.0,0.0
2023-09-18 00:00:00-04:00,8.600000381469727,8.600000381469727,8.229999542236328,8.25,307600,0.0,0.0
2023-09-19 00:00:00-04:00,8.239999771118164,8.420000076293945,8.239999771118164,8.270000457763672,111100,0.0,0.0
2023-09-20 00:00:00-04:00,8.34000015258789,8.489999771118164,8.279999732971191,8.289999961853027,135600,0.0,0.0
2023-09-21 00:00:00-04:00,8.220000267028809,8.335000038146973,8.170000076293945,8.239999771118164,148400,0.0,0.0
2023-09-22 00:00:00-04:00,8.25,8.319999694824219,8.09000015258789,8.100000381469727,118100,0.0,0.0
2023-09-25 00:00:00-04:00,8.0,8.187999725341797,7.985000133514404,8.0600004196167,211000,0.0,0.0
2023-09-26 00:00:00-04:00,8.0,8.024999618530273,7.820000171661377,7.889999866485596,204700,0.0,0.0
2023-09-27 00:00:00-04:00,8.119999885559082,8.220000267028809,7.940000057220459,8.069999694824219,302800,0.0,0.0
2023-09-28 00:00:00-04:00,8.100000381469727,8.258999824523926,8.100000381469727,8.140000343322754,135200,0.0,0.0
2023-09-29 00:00:00-04:00,8.140000343322754,8.255000114440918,8.119999885559082,8.15999984741211,173700,0.0,0.0
2023-10-02 00:00:00-04:00,8.15999984741211,8.260000228881836,8.050000190734863,8.199999809265137,320500,0.0,0.0
2023-10-03 00:00:00-04:00,8.15999984741211,8.15999984741211,7.625,7.690000057220459,179200,0.0,0.0
2023-10-04 00:00:00-04:00,7.730000019073486,7.809999942779541,7.670000076293945,7.679999828338623,152200,0.0,0.0
2023-10-05 00:00:00-04:00,7.650000095367432,7.849999904632568,7.650000095367432,7.78000020980835,195400,0.0,0.0
2023-10-06 00:00:00-04:00,7.769999980926514,7.789999961853027,7.630000114440918,7.71999979019165,136900,0.0,0.0
2023-10-09 00:00:00-04:00,7.659999847412109,7.920000076293945,7.659999847412109,7.849999904632568,105300,0.0,0.0
2023-10-10 00:00:00-04:00,7.789999961853027,7.869999885559082,7.590000152587891,7.659999847412109,197100,0.0,0.0
2023-10-11 00:00:00-04:00,7.670000076293945,7.744999885559082,7.559999942779541,7.630000114440918,129900,0.0,0.0
2023-10-12 00:00:00-04:00,7.630000114440918,7.630000114440918,7.34499979019165,7.400000095367432,126100,0.0,0.0
2023-10-13 00:00:00-04:00,7.389999866485596,7.570000171661377,7.389999866485596,7.440000057220459,222200,0.0,0.0
2023-10-16 00:00:00-04:00,7.639999866485596,7.639999866485596,7.480000019073486,7.5,212300,0.0,0.0
2023-10-17 00:00:00-04:00,7.429999828338623,7.579999923706055,7.349999904632568,7.380000114440918,164000,0.0,0.0
2023-10-18 00:00:00-04:00,7.320000171661377,7.360000133514404,7.215000152587891,7.260000228881836,213000,0.0,0.0
2023-10-19 00:00:00-04:00,7.289999961853027,7.329999923706055,7.050000190734863,7.079999923706055,265600,0.0,0.0
2023-10-20 00:00:00-04:00,7.090000152587891,7.144999980926514,7.019999980926514,7.039999961853027,158600,0.0,0.0
2023-10-23 00:00:00-04:00,7.0,7.099999904632568,6.96999979019165,6.989999771118164,249700,0.0,0.0
2023-10-24 00:00:00-04:00,7.019999980926514,7.130000114440918,6.980000019073486,7.0,246200,0.0,0.0
2023-10-25 00:00:00-04:00,6.960000038146973,6.960000038146973,6.769999980926514,6.769999980926514,212300,0.0,0.0
2023-10-26 00:00:00-04:00,6.809999942779541,6.820000171661377,6.599999904632568,6.71999979019165,202300,0.0,0.0
2023-10-27 00:00:00-04:00,6.679999828338623,6.699999809265137,6.570000171661377,6.679999828338623,225600,0.0,0.0
2023-10-30 00:00:00-04:00,6.78000020980835,6.869999885559082,6.690000057220459,6.760000228881836,199300,0.0,0.0
2023-10-31 00:00:00-04:00,6.730000019073486,6.864999771118164,6.650000095367432,6.829999923706055,217100,0.0,0.0
2023-11-01 00:00:00-04:00,6.789999961853027,6.789999961853027,6.679999828338623,6.739999771118164,174600,0.0,0.0
2023-11-02 00:00:00-04:00,6.800000190734863,6.889999866485596,6.679999828338623,6.739999771118164,213700,0.0,0.0
2023-11-03 00:00:00-04:00,6.900000095367432,7.039999961853027,6.75,6.860000133514404,532800,0.0,0.0
2023-11-06 00:00:00-05:00,6.909999847412109,7.090000152587891,6.75,6.769999980926514,366300,0.0,0.0
2023-11-07 00:00:00-05:00,6.71999979019165,6.760000228881836,6.510000228881836,6.570000171661377,284400,0.0,0.0
2023-11-08 00:00:00-05:00,6.599999904632568,6.659999847412109,6.53000020980835,6.599999904632568,204700,0.0,0.0
2023-11-09 00:00:00-05:00,6.639999866485596,6.639999866485596,6.360000133514404,6.389999866485596,334700,0.0,0.0
2023-11-10 00:00:00-05:00,6.510000228881836,7.355000019073486,6.510000228881836,7.190000057220459,1028900,0.0,0.0
2023-11-13 00:00:00-05:00,7.079999923706055,7.269999980926514,7.050000190734863,7.070000171661377,451200,0.0,0.0
2023-11-14 00:00:00-05:00,7.329999923706055,7.380000114440918,7.050000190734863,7.119999885559082,424200,0.0,0.0
2023-11-15 00:00:00-05:00,7.210000038146973,7.34499979019165,7.099999904632568,7.119999885559082,709100,0.0,0.0
2023-11-16 00:00:00-05:00,7.130000114440918,7.130000114440918,6.849999904632568,6.96999979019165,253500,0.0,0.0
2023-11-17 00:00:00-05:00,7.019999980926514,7.050000190734863,6.894999980926514,6.960000038146973,286700,0.0,0.0
2023-11-20 00:00:00-05:00,6.949999809265137,7.090000152587891,6.940000057220459,6.989999771118164,329500,0.0,0.0
2023-11-21 00:00:00-05:00,7.010000228881836,7.010000228881836,6.695000171661377,6.78000020980835,200600,0.0,0.0
2023-11-22 00:00:00-05:00,6.880000114440918,6.909999847412109,6.739999771118164,6.829999923706055,172300,0.0,0.0
2023-11-24 00:00:00-05:00,6.820000171661377,7.0,6.820000171661377,6.989999771118164,145700,0.0,0.0
2023-11-27 00:00:00-05:00,6.989999771118164,6.989999771118164,6.760000228881836,6.849999904632568,218100,0.0,0.0
2023-11-28 00:00:00-05:00,6.849999904632568,6.989999771118164,6.739999771118164,6.920000076293945,307900,0.0,0.0
2023-11-29 00:00:00-05:00,6.940000057220459,7.070000171661377,6.934999942779541,6.980000019073486,373700,0.0,0.0
2023-11-30 00:00:00-05:00,6.96999979019165,7.019999980926514,6.690000057220459,6.769999980926514,276100,0.0,0.0
2023-12-01 00:00:00-05:00,6.769999980926514,7.159999847412109,6.619999885559082,7.159999847412109,525500,0.0,0.0
2023-12-04 00:00:00-05:00,7.099999904632568,7.324999809265137,7.099999904632568,7.179999828338623,353600,0.0,0.0
2023-12-05 00:00:00-05:00,7.130000114440918,7.130000114440918,6.809999942779541,6.820000171661377,299500,0.0,0.0
2023-12-06 00:00:00-05:00,6.849999904632568,6.900000095367432,6.789000034332275,6.860000133514404,332100,0.0,0.0
2023-12-07 00:00:00-05:00,6.909999847412109,7.170000076293945,6.840000152587891,7.039999961853027,387000,0.0,0.0
2023-12-08 00:00:00-05:00,7.03000020980835,7.190000057220459,6.980000019073486,7.150000095367432,251900,0.0,0.0
2023-12-11 00:00:00-05:00,7.150000095367432,7.199999809265137,6.980000019073486,7.050000190734863,324800,0.0,0.0
2023-12-12 00:00:00-05:00,7.050000190734863,7.050000190734863,6.71999979019165,6.735000133514404,227300,0.0,0.0
2023-12-13 00:00:00-05:00,6.75,6.989999771118164,6.579999923706055,6.989999771118164,442600,0.0,0.0
2023-12-14 00:00:00-05:00,7.110000133514404,7.400000095367432,7.110000133514404,7.179999828338623,322400,0.0,0.0
2023-12-15 00:00:00-05:00,7.239999771118164,7.239999771118164,6.96999979019165,7.0,881900,0.0,0.0
2023-12-18 00:00:00-05:00,7.050000190734863,7.110000133514404,6.974999904632568,6.989999771118164,394500,0.0,0.0
2023-12-19 00:00:00-05:00,7.0,7.230000019073486,7.0,7.210000038146973,292100,0.0,0.0
2023-12-20 00:00:00-05:00,7.210000038146973,7.25,7.079999923706055,7.090000152587891,282400,0.0,0.0
2023-12-21 00:00:00-05:00,7.110000133514404,7.159999847412109,7.079999923706055,7.150000095367432,144900,0.0,0.0
2023-12-22 00:00:00-05:00,7.139999866485596,7.321000099182129,7.139999866485596,7.199999809265137,143100,0.0,0.0
2023-12-26 00:00:00-05:00,7.230000019073486,7.28000020980835,7.119999885559082,7.260000228881836,183000,0.0,0.0
2023-12-27 00:00:00-05:00,7.28000020980835,7.300000190734863,7.159999847412109,7.230000019073486,252700,0.0,0.0
2023-12-28 00:00:00-05:00,7.230000019073486,7.300000190734863,7.179999828338623,7.28000020980835,211400,0.0,0.0
2023-12-29 00:00:00-05:00,7.25,7.315000057220459,7.195000171661377,7.309999942779541,193500,0.0,0.0
2024-01-02 00:00:00-05:00,7.260000228881836,7.438000202178955,7.159999847412109,7.309999942779541,692800,0.0,0.0
2024-01-03 00:00:00-05:00,7.260000228881836,7.289999961853027,7.054999828338623,7.059999942779541,234400,0.0,0.0
2024-01-04 00:00:00-05:00,7.090000152587891,7.099999904632568,6.940000057220459,7.010000228881836,241700,0.0,0.0
2024-01-05 00:00:00-05:00,6.96999979019165,7.110000133514404,6.949999809265137,6.989999771118164,333400,0.0,0.0
2024-01-08 00:00:00-05:00,7.0,7.130000114440918,6.949999809265137,7.119999885559082,123800,0.0,0.0
2024-01-09 00:00:00-05:00,6.989999771118164,7.130000114440918,6.96999979019165,7.090000152587891,186500,0.0,0.0
2024-01-10 00:00:00-05:00,7.039999961853027,7.139999866485596,7.033999919891357,7.070000171661377,165900,0.0,0.0
2024-01-11 00:00:00-05:00,7.039999961853027,7.195000171661377,6.96999979019165,7.139999866485596,232300,0.0,0.0
2024-01-12 00:00:00-05:00,7.239999771118164,7.340000152587891,7.119999885559082,7.130000114440918,130400,0.0,0.0
2024-01-16 00:00:00-05:00,7.079999923706055,7.125,6.994999885559082,7.039999961853027,293400,0.0,0.0
2024-01-17 00:00:00-05:00,6.960000038146973,7.144999980926514,6.945000171661377,7.019999980926514,240700,0.0,0.0
2024-01-18 00:00:00-05:00,7.050000190734863,7.139999866485596,6.800000190734863,7.050000190734863,219900,0.0,0.0
2024-01-19 00:00:00-05:00,7.079999923706055,7.144999980926514,6.980000019073486,7.130000114440918,239100,0.0,0.0
2024-01-22 00:00:00-05:00,7.150000095367432,7.210000038146973,7.0,7.110000133514404,270300,0.0,0.0
2024-01-23 00:00:00-05:00,7.199999809265137,7.330999851226807,7.190000057220459,7.269999980926514,156800,0.0,0.0
2024-01-24 00:00:00-05:00,7.349999904632568,7.369999885559082,7.002999782562256,7.059999942779541,165600,0.0,0.0
2024-01-25 00:00:00-05:00,7.139999866485596,7.199999809265137,7.0,7.170000076293945,281900,0.0,0.0
2024-01-26 00:00:00-05:00,7.190000057220459,7.380000114440918,7.190000057220459,7.289999961853027,154700,0.0,0.0
2024-01-29 00:00:00-05:00,7.25,7.349999904632568,7.130000114440918,7.340000152587891,119200,0.0,0.0
2024-01-30 00:00:00-05:00,7.300000190734863,7.349999904632568,7.210000038146973,7.25,147000,0.0,0.0
2024-01-31 00:00:00-05:00,7.25,7.260000228881836,7.010000228881836,7.039999961853027,270100,0.0,0.0
2024-02-01 00:00:00-05:00,7.070000171661377,7.238999843597412,7.065000057220459,7.190000057220459,172900,0.0,0.0
2024-02-02 00:00:00-05:00,7.099999904632568,7.110000133514404,6.820000171661377,6.840000152587891,223700,0.0,0.0
2024-02-05 00:00:00-05:00,6.760000228881836,6.760000228881836,6.420000076293945,6.559999942779541,459000,0.0,0.0
2024-02-06 00:00:00-05:00,6.559999942779541,6.670000076293945,6.519999980926514,6.590000152587891,245700,0.0,0.0
2024-02-07 00:00:00-05:00,6.639999866485596,6.724999904632568,6.489999771118164,6.710000038146973,309600,0.0,0.0
2024-02-08 00:00:00-05:00,6.710000038146973,6.791999816894531,6.570000171661377,6.78000020980835,224300,0.0,0.0
2024-02-09 00:00:00-05:00,6.829999923706055,6.829999923706055,6.519999980926514,6.71999979019165,312600,0.0,0.0
2024-02-12 00:00:00-05:00,6.75,7.010000228881836,6.75,6.940000057220459,276900,0.0,0.0
2024-02-13 00:00:00-05:00,6.789999961853027,6.840000152587891,6.300000190734863,6.329999923706055,466900,0.0,0.0
2024-02-14 00:00:00-05:00,6.380000114440918,6.53000020980835,6.369999885559082,6.460000038146973,222800,0.0,0.0
2024-02-15 00:00:00-05:00,6.519999980926514,6.710000038146973,6.510000228881836,6.710000038146973,252700,0.0,0.0
2024-02-16 00:00:00-05:00,6.659999847412109,6.715000152587891,6.510000228881836,6.650000095367432,168100,0.0,0.0
2024-02-20 00:00:00-05:00,6.599999904632568,6.795000076293945,6.53000020980835,6.769999980926514,490300,0.0,0.0
2024-02-21 00:00:00-05:00,6.739999771118164,6.739999771118164,6.449999809265137,6.480000019073486,207800,0.0,0.0
2024-02-22 00:00:00-05:00,6.440000057220459,6.480000019073486,6.360000133514404,6.46999979019165,270200,0.0,0.0
2024-02-23 00:00:00-05:00,6.46999979019165,6.480000019073486,5.900000095367432,5.980000019073486,998700,0.0,0.0
2024-02-26 00:00:00-05:00,5.949999809265137,6.309999942779541,5.949999809265137,6.130000114440918,650000,0.0,0.0
2024-02-27 00:00:00-05:00,6.179999828338623,6.420000076293945,6.135000228881836,6.340000152587891,550300,0.0,0.0
2024-02-28 00:00:00-05:00,6.260000228881836,6.340000152587891,6.090000152587891,6.150000095367432,447300,0.0,0.0
2024-02-29 00:00:00-05:00,6.320000171661377,6.579999923706055,6.309999942779541,6.429999828338623,562000,0.0,0.0
2024-03-01 00:00:00-05:00,6.420000076293945,6.550000190734863,6.309999942779541,6.429999828338623,421200,0.0,0.0
2024-03-04 00:00:00-05:00,6.409999847412109,6.539999961853027,6.340000152587891,6.449999809265137,472000,0.0,0.0
2024-03-05 00:00:00-05:00,6.400000095367432,6.494999885559082,6.264999866485596,6.28000020980835,515100,0.0,0.0
2024-03-06 00:00:00-05:00,6.320000171661377,6.329999923706055,6.204999923706055,6.25,533700,0.0,0.0
2024-03-07 00:00:00-05:00,6.300000190734863,6.309999942779541,6.114999771118164,6.199999809265137,598800,0.0,0.0
2024-03-08 00:00:00-05:00,6.21999979019165,6.385000228881836,6.199999809265137,6.329999923706055,481200,0.0,0.0
2024-03-11 00:00:00-04:00,6.329999923706055,6.489999771118164,6.320000171661377,6.420000076293945,523200,0.0,0.0
2024-03-12 00:00:00-04:00,6.440000057220459,6.449999809265137,6.130000114440918,6.159999847412109,457500,0.0,0.0
2024-03-13 00:00:00-04:00,6.110000133514404,6.630000114440918,6.099999904632568,6.429999828338623,693400,0.0,0.0
2024-03-14 00:00:00-04:00,6.429999828338623,6.519999980926514,6.239999771118164,6.260000228881836,527300,0.0,0.0
2024-03-15 00:00:00-04:00,6.260000228881836,6.434999942779541,6.175000190734863,6.300000190734863,1353100,0.0,0.0
2024-03-18 00:00:00-04:00,6.28000020980835,6.385000228881836,6.215000152587891,6.269999980926514,485400,0.0,0.0
2024-03-19 00:00:00-04:00,6.21999979019165,6.429999828338623,6.150000095367432,6.269999980926514,584300,0.0,0.0
2024-03-20 00:00:00-04:00,6.230000019073486,6.670000076293945,6.230000019073486,6.570000171661377,750500,0.0,0.0
2024-03-21 00:00:00-04:00,6.619999885559082,6.84499979019165,6.539999961853027,6.739999771118164,799500,0.0,0.0
2024-03-22 00:00:00-04:00,6.769999980926514,6.860000133514404,6.590000152587891,6.639999866485596,629100,0.0,0.0
2024-03-25 00:00:00-04:00,6.949999809265137,7.650000095367432,6.929999828338623,7.159999847412109,1979200,0.0,0.0
2024-03-26 00:00:00-04:00,7.130000114440918,7.179999828338623,6.880000114440918,6.889999866485596,1753200,0.0,0.0
2024-03-27 00:00:00-04:00,6.900000095367432,7.085000038146973,6.869999885559082,7.03000020980835,718300,0.0,0.0
2024-03-28 00:00:00-04:00,7.059999942779541,7.130000114440918,6.954999923706055,6.96999979019165,891300,0.0,0.0
2024-04-01 00:00:00-04:00,7.079999923706055,7.159999847412109,6.920000076293945,7.0,717400,0.0,0.0
2024-04-02 00:00:00-04:00,6.929999828338623,7.03000020980835,6.860000133514404,6.949999809265137,537900,0.0,0.0
2024-04-03 00:00:00-04:00,6.920000076293945,7.389999866485596,6.920000076293945,7.389999866485596,515600,0.0,0.0
2024-04-04 00:00:00-04:00,7.429999828338623,7.565000057220459,7.25,7.28000020980835,440000,0.0,0.0
2024-04-05 00:00:00-04:00,7.230000019073486,7.300000190734863,7.054999828338623,7.300000190734863,338700,0.0,0.0
2024-04-08 00:00:00-04:00,7.329999923706055,7.510000228881836,7.28000020980835,7.400000095367432,398600,0.0,0.0
2024-04-09 00:00:00-04:00,7.409999847412109,7.519999980926514,7.369999885559082,7.449999809265137,278700,0.0,0.0
2024-04-10 00:00:00-04:00,7.199999809265137,7.349999904632568,7.110000133514404,7.309999942779541,454200,0.0,0.0
2024-04-11 00:00:00-04:00,7.300000190734863,7.670000076293945,7.300000190734863,7.639999866485596,464100,0.0,0.0
2024-04-12 00:00:00-04:00,7.579999923706055,7.614999771118164,7.210000038146973,7.230000019073486,338200,0.0,0.0
2024-04-15 00:00:00-04:00,7.300000190734863,7.460000038146973,7.190000057220459,7.300000190734863,802300,0.0,0.0
2024-04-16 00:00:00-04:00,7.260000228881836,7.329999923706055,7.170000076293945,7.260000228881836,368600,0.0,0.0
2024-04-17 00:00:00-04:00,7.349999904632568,7.489999771118164,7.199999809265137,7.199999809265137,292700,0.0,0.0
2024-04-18 00:00:00-04:00,7.230000019073486,7.40500020980835,7.170000076293945,7.210000038146973,461500,0.0,0.0
2024-04-19 00:00:00-04:00,7.179999828338623,7.320000171661377,7.179999828338623,7.289999961853027,305100,0.0,0.0
2024-04-22 00:00:00-04:00,7.340000152587891,7.519999980926514,7.309999942779541,7.409999847412109,347300,0.0,0.0
2024-04-23 00:00:00-04:00,7.369999885559082,7.579999923706055,7.340000152587891,7.440000057220459,272700,0.0,0.0
2024-04-24 00:00:00-04:00,7.230000019073486,7.494999885559082,7.230000019073486,7.46999979019165,427000,0.0,0.0
2024-04-25 00:00:00-04:00,7.409999847412109,7.554999828338623,7.309999942779541,7.460000038146973,570700,0.0,0.0
2024-04-26 00:00:00-04:00,7.480000019073486,7.684999942779541,7.465000152587891,7.610000133514404,409300,0.0,0.0
2024-04-29 00:00:00-04:00,7.670000076293945,7.860000133514404,7.644999980926514,7.71999979019165,394300,0.0,0.0
2024-04-30 00:00:00-04:00,7.670000076293945,7.670000076293945,7.489999771118164,7.550000190734863,343400,0.0,0.0
2024-05-01 00:00:00-04:00,7.550000190734863,7.885000228881836,7.550000190734863,7.739999771118164,351900,0.0,0.0
2024-05-02 00:00:00-04:00,7.889999866485596,7.96999979019165,7.744999885559082,7.96999979019165,315000,0.0,0.0
2024-05-03 00:00:00-04:00,8.09000015258789,8.15999984741211,7.960000038146973,8.039999961853027,156500,0.0,0.0
2024-05-06 00:00:00-04:00,8.050000190734863,8.210000038146973,8.050000190734863,8.140000343322754,249600,0.0,0.0
2024-05-07 00:00:00-04:00,8.199999809265137,8.28499984741211,8.170000076293945,8.210000038146973,309700,0.0,0.0
2024-05-08 00:00:00-04:00,8.520000457763672,8.680000305175781,7.940000057220459,8.609999656677246,790700,0.0,0.0
2024-05-09 00:00:00-04:00,8.569999694824219,8.680000305175781,8.414999961853027,8.670000076293945,506200,0.0,0.0
2024-05-10 00:00:00-04:00,8.649999618530273,8.699999809265137,8.279999732971191,8.380000114440918,398500,0.0,0.0
2024-05-13 00:00:00-04:00,8.550000190734863,8.84000015258789,8.300000190734863,8.34000015258789,441000,0.0,0.0
2024-05-14 00:00:00-04:00,8.430000305175781,8.5600004196167,8.399999618530273,8.4399995803833,320600,0.0,0.0
2024-05-15 00:00:00-04:00,8.520000457763672,8.550000190734863,8.364999771118164,8.460000038146973,326700,0.0,0.0
2024-05-16 00:00:00-04:00,8.460000038146973,8.710000038146973,8.4399995803833,8.625,408300,0.0,0.0
2024-05-17 00:00:00-04:00,8.630000114440918,8.789999961853027,8.555000305175781,8.75,341400,0.0,0.0
2024-05-20 00:00:00-04:00,8.800000190734863,8.845000267028809,8.640000343322754,8.649999618530273,469200,0.0,0.0
2024-05-21 00:00:00-04:00,8.609999656677246,8.720000267028809,8.550000190734863,8.649999618530273,271100,0.0,0.0
2024-05-22 00:00:00-04:00,8.539999961853027,8.6899995803833,8.444999694824219,8.550000190734863,285200,0.0,0.0
2024-05-23 00:00:00-04:00,8.550000190734863,8.670000076293945,8.5,8.630000114440918,389100,0.0,0.0
2024-05-24 00:00:00-04:00,8.680000305175781,8.699999809265137,8.529999732971191,8.539999961853027,190100,0.0,0.0
2024-05-28 00:00:00-04:00,8.5600004196167,8.65999984741211,8.539999961853027,8.619999885559082,209200,0.0,0.0
2024-05-29 00:00:00-04:00,8.5,8.630000114440918,8.479999542236328,8.619999885559082,199100,0.0,0.0
2024-05-30 00:00:00-04:00,8.680000305175781,9.010000228881836,8.680000305175781,8.920000076293945,299000,0.0,0.0
2024-05-31 00:00:00-04:00,8.970000267028809,9.109999656677246,8.869999885559082,9.069999694824219,334200,0.0,0.0
2024-06-03 00:00:00-04:00,9.1899995803833,9.1899995803833,8.9350004196167,9.039999961853027,605500,0.0,0.0
2024-06-04 00:00:00-04:00,9.0,9.085000038146973,8.8100004196167,8.829999923706055,456500,0.0,0.0
2024-06-05 00:00:00-04:00,8.829999923706055,9.015000343322754,8.8100004196167,8.960000038146973,308600,0.0,0.0
2024-06-06 00:00:00-04:00,8.9399995803833,9.09000015258789,8.9399995803833,9.010000228881836,219000,0.0,0.0
2024-06-07 00:00:00-04:00,8.9399995803833,9.0,8.789999961853027,8.850000381469727,170300,0.0,0.0
2024-06-10 00:00:00-04:00,8.75,8.850000381469727,8.670000076293945,8.819999694824219,234000,0.0,0.0
2024-06-11 00:00:00-04:00,8.75,8.770000457763672,8.645000457763672,8.699999809265137,188300,0.0,0.0
2024-06-12 00:00:00-04:00,8.920000076293945,8.9399995803833,8.649999618530273,8.65999984741211,271500,0.0,0.0
2024-06-13 00:00:00-04:00,8.649999618530273,8.649999618530273,8.3100004196167,8.359999656677246,225000,0.0,0.0
2024-06-14 00:00:00-04:00,8.239999771118164,8.350000381469727,8.180000305175781,8.279999732971191,204200,0.0,0.0
2024-06-17 00:00:00-04:00,8.239999771118164,8.305000305175781,8.175999641418457,8.25,237700,0.0,0.0
2024-06-18 00:00:00-04:00,8.25,8.489999771118164,8.25,8.289999961853027,354700,0.0,0.0
2024-06-20 00:00:00-04:00,8.229999542236328,8.604999542236328,8.210000038146973,8.539999961853027,347200,0.0,0.0
2024-06-21 00:00:00-04:00,8.510000228881836,9.024999618530273,8.5,9.0,952200,0.0,0.0
2024-06-24 00:00:00-04:00,9.039999961853027,9.25,8.989999771118164,9.020000457763672,631200,0.0,0.0
2024-06-25 00:00:00-04:00,9.020000457763672,9.194999694824219,8.850000381469727,9.149999618530273,373500,0.0,0.0
2024-06-26 00:00:00-04:00,9.390000343322754,9.399999618530273,9.210000038146973,9.260000228881836,581700,0.0,0.0
2024-06-27 00:00:00-04:00,9.289999961853027,9.529999732971191,9.289999961853027,9.479999542236328,412700,0.0,0.0
2024-06-28 00:00:00-04:00,9.510000228881836,9.725000381469727,9.510000228881836,9.609999656677246,1467400,0.0,0.0
2024-07-01 00:00:00-04:00,9.640000343322754,9.720000267028809,9.529999732971191,9.630000114440918,479100,0.0,0.0
2024-07-02 00:00:00-04:00,9.640000343322754,9.65999984741211,9.40999984741211,9.4399995803833,214500,0.0,0.0
2024-07-03 00:00:00-04:00,9.489999771118164,9.49899959564209,9.109999656677246,9.199999809265137,127300,0.0,0.0
2024-07-05 00:00:00-04:00,9.109999656677246,9.140000343322754,8.942999839782715,9.109999656677246,321700,0.0,0.0
2024-07-08 00:00:00-04:00,9.1899995803833,9.210000038146973,9.09000015258789,9.15999984741211,280500,0.0,0.0
2024-07-09 00:00:00-04:00,9.149999618530273,9.449999809265137,9.0,9.329999923706055,271500,0.0,0.0
2024-07-10 00:00:00-04:00,9.34000015258789,9.390000343322754,9.25,9.380000114440918,207700,0.0,0.0
2024-07-11 00:00:00-04:00,9.5,9.819999694824219,9.430000305175781,9.8100004196167,340200,0.0,0.0
2024-07-12 00:00:00-04:00,9.880000114440918,9.9350004196167,9.739999771118164,9.760000228881836,307700,0.0,0.0
2024-07-15 00:00:00-04:00,9.779999732971191,9.9399995803833,9.680000305175781,9.869999885559082,259800,0.0,0.0
2024-07-16 00:00:00-04:00,9.9399995803833,10.069999694824219,9.890000343322754,10.039999961853027,265900,0.0,0.0
2024-07-17 00:00:00-04:00,9.930000305175781,10.180000305175781,9.84000015258789,10.149999618530273,360100,0.0,0.0
2024-07-18 00:00:00-04:00,10.069999694824219,10.350000381469727,9.819999694824219,9.880000114440918,311300,0.0,0.0
2024-07-19 00:00:00-04:00,9.859999656677246,9.970000267028809,9.649999618530273,9.90999984741211,328900,0.0,0.0
2024-07-22 00:00:00-04:00,9.890000343322754,9.979999542236328,9.654999732971191,9.90999984741211,224400,0.0,0.0
2024-07-23 00:00:00-04:00,9.880000114440918,10.09000015258789,9.819999694824219,10.069999694824219,335900,0.0,0.0
2024-07-24 00:00:00-04:00,10.039999961853027,10.199999809265137,9.869999885559082,9.90999984741211,355800,0.0,0.0
2024-07-25 00:00:00-04:00,9.90999984741211,10.1899995803833,9.859999656677246,9.949999809265137,238200,0.0,0.0
2024-07-26 00:00:00-04:00,10.079999923706055,10.210000038146973,10.039999961853027,10.199999809265137,251200,0.0,0.0
2024-07-29 00:00:00-04:00,10.199999809265137,10.300000190734863,10.100000381469727,10.15999984741211,144500,0.0,0.0
2024-07-30 00:00:00-04:00,10.210000038146973,10.40999984741211,10.164999961853027,10.34000015258789,206600,0.0,0.0
2024-07-31 00:00:00-04:00,10.390000343322754,10.8149995803833,10.359999656677246,10.479999542236328,343700,0.0,0.0
2024-08-01 00:00:00-04:00,10.460000038146973,10.579999923706055,10.270000457763672,10.399999618530273,210000,0.0,0.0
2024-08-02 00:00:00-04:00,10.029999732971191,10.40999984741211,9.960000038146973,10.199999809265137,383200,0.0,0.0
2024-08-05 00:00:00-04:00,9.59000015258789,9.989999771118164,9.3100004196167,9.880000114440918,312500,0.0,0.0
2024-08-06 00:00:00-04:00,9.859999656677246,10.145000457763672,9.770000457763672,10.0600004196167,211000,0.0,0.0
2024-08-07 00:00:00-04:00,9.989999771118164,9.989999771118164,8.800000190734863,9.15999984741211,776700,0.0,0.0
2024-08-08 00:00:00-04:00,9.15999984741211,9.460000038146973,8.930000305175781,9.420000076293945,706500,0.0,0.0
2024-08-09 00:00:00-04:00,9.420000076293945,9.529999732971191,9.010000228881836,9.079999923706055,362100,0.0,0.0
2024-08-12 00:00:00-04:00,9.050000190734863,9.109999656677246,8.90999984741211,9.109999656677246,248700,0.0,0.0
2024-08-13 00:00:00-04:00,9.319999694824219,9.574999809265137,9.270000457763672,9.529999732971191,253900,0.0,0.0
2024-08-14 00:00:00-04:00,9.550000190734863,9.640000343322754,9.470000267028809,9.569999694824219,165800,0.0,0.0
2024-08-15 00:00:00-04:00,9.640000343322754,9.819999694824219,9.640000343322754,9.710000038146973,222800,0.0,0.0
2024-08-16 00:00:00-04:00,9.680000305175781,9.800000190734863,9.67199993133545,9.75,243600,0.0,0.0
2024-08-19 00:00:00-04:00,9.680000305175781,9.770000457763672,9.5600004196167,9.729999542236328,269000,0.0,0.0
2024-08-20 00:00:00-04:00,9.75,9.75,9.425000190734863,9.430000305175781,209100,0.0,0.0
2024-08-21 00:00:00-04:00,9.430000305175781,9.475000381469727,9.270000457763672,9.420000076293945,160900,0.0,0.0
2024-08-22 00:00:00-04:00,9.399999618530273,9.4399995803833,9.119999885559082,9.180000305175781,187200,0.0,0.0
2024-08-23 00:00:00-04:00,9.220000267028809,9.460000038146973,9.220000267028809,9.369999885559082,172600,0.0,0.0
2024-08-26 00:00:00-04:00,9.350000381469727,9.59000015258789,9.34000015258789,9.529999732971191,224300,0.0,0.0
2024-08-27 00:00:00-04:00,9.529999732971191,9.640000343322754,9.460000038146973,9.5,150800,0.0,0.0
2024-08-28 00:00:00-04:00,9.460000038146973,9.5649995803833,9.390000343322754,9.529999732971191,175000,0.0,0.0
2024-08-29 00:00:00-04:00,9.59000015258789,9.59000015258789,9.359999656677246,9.399999618530273,214000,0.0,0.0
2024-08-30 00:00:00-04:00,9.399999618530273,9.5600004196167,9.359999656677246,9.470000267028809,301700,0.0,0.0
2024-09-03 00:00:00-04:00,9.4399995803833,9.470000267028809,9.3100004196167,9.399999618530273,259200,0.0,0.0
2024-09-04 00:00:00-04:00,9.319999694824219,9.390000343322754,9.114999771118164,9.25,506800,0.0,0.0
2024-09-05 00:00:00-04:00,9.289999961853027,9.635000228881836,9.279999732971191,9.479999542236328,249900,0.0,0.0
2024-09-06 00:00:00-04:00,9.5,9.569999694824219,9.350000381469727,9.380000114440918,190200,0.0,0.0
2024-09-09 00:00:00-04:00,9.380000114440918,9.470000267028809,9.164999961853027,9.210000038146973,275500,0.0,0.0
2024-09-10 00:00:00-04:00,9.1899995803833,9.1899995803833,8.920000076293945,9.100000381469727,247300,0.0,0.0
2024-09-11 00:00:00-04:00,9.029999732971191,9.204999923706055,8.979999542236328,9.180000305175781,231000,0.0,0.0
2024-09-12 00:00:00-04:00,9.210000038146973,9.40999984741211,9.199999809265137,9.40999984741211,220800,0.0,0.0
2024-09-13 00:00:00-04:00,9.449999809265137,9.65999984741211,9.420000076293945,9.619999885559082,134100,0.0,0.0
2024-09-16 00:00:00-04:00,9.600000381469727,9.760000228881836,9.569999694824219,9.75,474600,0.0,0.0
2024-09-17 00:00:00-04:00,9.789999961853027,9.800000190734863,9.550000190734863,9.680000305175781,216800,0.0,0.0
2024-09-18 00:00:00-04:00,9.680000305175781,9.899999618530273,9.640000343322754,9.680000305175781,381800,0.0,0.0
2024-09-19 00:00:00-04:00,9.869999885559082,9.869999885559082,9.654999732971191,9.670000076293945,316800,0.0,0.0
2024-09-20 00:00:00-04:00,9.670000076293945,9.670000076293945,9.494999885559082,9.569999694824219,1054800,0.0,0.0
2024-09-23 00:00:00-04:00,9.569999694824219,9.604999542236328,9.489999771118164,9.520000457763672,260800,0.0,0.0
2024-09-24 00:00:00-04:00,9.5600004196167,9.6899995803833,9.489999771118164,9.569999694824219,235400,0.0,0.0
2024-09-25 00:00:00-04:00,9.569999694824219,9.569999694824219,9.454999923706055,9.5,345600,0.0,0.0
2024-09-26 00:00:00-04:00,9.600000381469727,9.75,9.585000038146973,9.720000267028809,187700,0.0,0.0
2024-09-27 00:00:00-04:00,9.739999771118164,9.989999771118164,9.729999542236328,9.869999885559082,134200,0.0,0.0
2024-09-30 00:00:00-04:00,9.869999885559082,9.869999885559082,9.524999618530273,9.579999923706055,212400,0.0,0.0
2024-10-01 00:00:00-04:00,9.550000190734863,9.720000267028809,9.430000305175781,9.699999809265137,234700,0.0,0.0
2024-10-02 00:00:00-04:00,9.670000076293945,9.890000343322754,9.468000411987305,9.729999542236328,210900,0.0,0.0
2024-10-03 00:00:00-04:00,9.65999984741211,9.710000038146973,9.5,9.569999694824219,283200,0.0,0.0
2024-10-04 00:00:00-04:00,9.670000076293945,9.789999961853027,9.579999923706055,9.779999732971191,146900,0.0,0.0
2024-10-07 00:00:00-04:00,9.720000267028809,9.760000228881836,9.420000076293945,9.529999732971191,261900,0.0,0.0
2024-10-08 00:00:00-04:00,9.529999732971191,9.657999992370605,9.479999542236328,9.5,321700,0.0,0.0
2024-10-09 00:00:00-04:00,9.5,9.609999656677246,9.4350004196167,9.449999809265137,158900,0.0,0.0
2024-10-10 00:00:00-04:00,9.430000305175781,9.529999732971191,9.324999809265137,9.510000228881836,398700,0.0,0.0
2024-10-11 00:00:00-04:00,9.550000190734863,9.760000228881836,9.550000190734863,9.619999885559082,169400,0.0,0.0
2024-10-14 00:00:00-04:00,9.65999984741211,9.65999984741211,9.520000457763672,9.59000015258789,198600,0.0,0.0
2024-10-15 00:00:00-04:00,9.600000381469727,9.640000343322754,9.510000228881836,9.520000457763672,225300,0.0,0.0
2024-10-16 00:00:00-04:00,9.609999656677246,10.09000015258789,9.59000015258789,10.09000015258789,298500,0.0,0.0
2024-10-17 00:00:00-04:00,10.100000381469727,10.130000114440918,9.989999771118164,10.0600004196167,195100,0.0,0.0
2024-10-18 00:00:00-04:00,10.079999923706055,10.170000076293945,10.029999732971191,10.140000343322754,284400,0.0,0.0
2024-10-21 00:00:00-04:00,10.140000343322754,10.15999984741211,9.720000267028809,9.720000267028809,262000,0.0,0.0
2024-10-22 00:00:00-04:00,9.680000305175781,9.755000114440918,9.529999732971191,9.65999984741211,428200,0.0,0.0
2024-10-23 00:00:00-04:00,9.609999656677246,9.670000076293945,9.350000381469727,9.640000343322754,300300,0.0,0.0
2024-10-24 00:00:00-04:00,9.680000305175781,9.850000381469727,9.529999732971191,9.84000015258789,147600,0.0,0.0
2024-10-25 00:00:00-04:00,9.850000381469727,10.024999618530273,9.850000381469727,9.949999809265137,126200,0.0,0.0
2024-10-28 00:00:00-04:00,9.960000038146973,10.130000114440918,9.90999984741211,9.9399995803833,183600,0.0,0.0
2024-10-29 00:00:00-04:00,9.850000381469727,9.930000305175781,9.694999694824219,9.720000267028809,99200,0.0,0.0
2024-10-30 00:00:00-04:00,9.75,9.960000038146973,9.640000343322754,9.850000381469727,238100,0.0,0.0
2024-10-31 00:00:00-04:00,9.90999984741211,9.960000038146973,9.71500015258789,9.789999961853027,169000,0.0,0.0
2024-11-01 00:00:00-04:00,9.920000076293945,10.130000114440918,9.869999885559082,9.899999618530273,127800,0.0,0.0
2024-11-04 00:00:00-05:00,9.859999656677246,9.96500015258789,9.770000457763672,9.859999656677246,167300,0.0,0.0
2024-11-05 00:00:00-05:00,9.84000015258789,10.109999656677246,9.829999923706055,10.0,232200,0.0,0.0
2024-11-06 00:00:00-05:00,10.5,10.789999961853027,10.34000015258789,10.399999618530273,545800,0.0,0.0
2024-11-07 00:00:00-05:00,9.649999618530273,9.65999984741211,8.0,8.239999771118164,1090400,0.0,0.0
2024-11-08 00:00:00-05:00,8.1899995803833,8.260000228881836,7.590000152587891,7.614999771118164,440100,0.0,0.0
2024-11-11 00:00:00-05:00,7.679999828338623,7.699999809265137,7.289999961853027,7.460000038146973,415700,0.0,0.0
2024-11-12 00:00:00-05:00,7.46999979019165,7.46999979019165,6.920000076293945,6.940000057220459,456400,0.0,0.0
2024-11-13 00:00:00-05:00,6.960000038146973,6.96999979019165,6.570000171661377,6.590000152587891,394300,0.0,0.0
2024-11-14 00:00:00-05:00,6.590000152587891,6.739999771118164,6.460000038146973,6.53000020980835,550900,0.0,0.0
2024-11-15 00:00:00-05:00,6.579999923706055,6.579999923706055,6.360000133514404,6.46999979019165,389000,0.0,0.0
2024-11-18 00:00:00-05:00,6.46999979019165,6.784999847412109,6.452000141143799,6.659999847412109,386500,0.0,0.0
2024-11-19 00:00:00-05:00,6.739999771118164,7.000999927520752,6.710000038146973,6.980000019073486,373400,0.0,0.0
2024-11-20 00:00:00-05:00,6.980000019073486,7.090000152587891,6.795000076293945,7.070000171661377,553800,0.0,0.0
2024-11-21 00:00:00-05:00,7.099999904632568,7.144999980926514,6.940000057220459,7.039999961853027,220200,0.0,0.0
2024-11-22 00:00:00-05:00,7.070000171661377,7.159999847412109,7.019999980926514,7.110000133514404,338600,0.0,0.0
2024-11-25 00:00:00-05:00,7.159999847412109,7.650000095367432,7.150000095367432,7.480000019073486,528100,0.0,0.0
2024-11-26 00:00:00-05:00,7.5,7.510000228881836,6.920000076293945,7.079999923706055,689100,0.0,0.0
2024-11-27 00:00:00-05:00,7.110000133514404,7.264999866485596,7.039999961853027,7.059999942779541,451700,0.0,0.0
2024-11-29 00:00:00-05:00,7.070000171661377,7.125,6.90500020980835,6.960000038146973,145000,0.0,0.0
2024-12-02 00:00:00-05:00,7.199999809265137,7.258999824523926,6.860000133514404,7.079999923706055,761500,0.0,0.0
2024-12-03 00:00:00-05:00,7.059999942779541,7.110000133514404,6.900000095367432,7.0,312200,0.0,0.0
2024-12-04 00:00:00-05:00,6.96999979019165,6.980000019073486,6.699999809265137,6.840000152587891,360900,0.0,0.0
2024-12-05 00:00:00-05:00,6.929999828338623,7.050000190734863,6.840000152587891,6.849999904632568,320200,0.0,0.0
2024-12-06 00:00:00-05:00,6.869999885559082,6.980000019073486,6.800000190734863,6.840000152587891,278200,0.0,0.0
2024-12-09 00:00:00-05:00,6.909999847412109,7.025000095367432,6.769999980926514,6.78000020980835,299000,0.0,0.0
2024-12-10 00:00:00-05:00,6.78000020980835,6.875,6.695000171661377,6.829999923706055,267600,0.0,0.0
2024-12-11 00:00:00-05:00,6.869999885559082,6.974999904632568,6.710000038146973,6.940000057220459,227300,0.0,0.0
2024-12-12 00:00:00-05:00,6.920000076293945,7.0,6.75,6.769999980926514,460500,0.0,0.0
2024-12-13 00:00:00-05:00,6.739999771118164,6.760000228881836,6.644999980926514,6.710000038146973,244100,0.0,0.0
2024-12-16 00:00:00-05:00,6.699999809265137,6.730000019073486,6.630000114440918,6.630000114440918,402600,0.0,0.0
2024-12-17 00:00:00-05:00,6.650000095367432,6.730000019073486,6.610000133514404,6.630000114440918,390600,0.0,0.0
2024-12-18 00:00:00-05:00,6.670000076293945,6.71999979019165,6.389999866485596,6.440000057220459,416300,0.0,0.0
2024-12-19 00:00:00-05:00,6.460000038146973,6.539999961853027,6.184999942779541,6.260000228881836,428700,0.0,0.0
2024-12-20 00:00:00-05:00,6.190000057220459,6.360000133514404,6.190000057220459,6.260000228881836,469000,0.0,0.0
2024-12-23 00:00:00-05:00,6.300000190734863,6.300000190734863,6.03000020980835,6.159999847412109,602900,0.0,0.0
2024-12-24 00:00:00-05:00,6.260000228881836,6.400000095367432,6.21999979019165,6.389999866485596,192600,0.0,0.0
2024-12-26 00:00:00-05:00,6.340000152587891,6.46999979019165,6.300000190734863,6.420000076293945,318100,0.0,0.0
2024-12-27 00:00:00-05:00,6.409999847412109,6.510000228881836,6.349999904632568,6.409999847412109,336600,0.0,0.0
2024-12-30 00:00:00-05:00,6.409999847412109,6.409999847412109,6.21999979019165,6.260000228881836,245400,0.0,0.0
2024-12-31 00:00:00-05:00,6.320000171661377,6.394999980926514,6.230000019073486,6.360000133514404,314000,0.0,0.0
2025-01-02 00:00:00-05:00,6.400000095367432,6.491000175476074,6.335000038146973,6.400000095367432,163200,0.0,0.0
2025-01-03 00:00:00-05:00,6.449999809265137,6.489999771118164,6.320000171661377,6.449999809265137,240400,0.0,0.0
2025-01-06 00:00:00-05:00,6.550000190734863,6.909999847412109,6.519999980926514,6.730000019073486,344900,0.0,0.0
2025-01-07 00:00:00-05:00,6.75,6.828999996185303,6.619999885559082,6.710000038146973,403000,0.0,0.0
2025-01-08 00:00:00-05:00,6.699999809265137,6.71999979019165,6.550000190734863,6.650000095367432,325400,0.0,0.0
2025-01-10 00:00:00-05:00,6.570000171661377,6.570000171661377,6.320000171661377,6.510000228881836,387900,0.0,0.0
2025-01-13 00:00:00-05:00,6.5,6.5,6.210000038146973,6.25,455200,0.0,0.0
2025-01-14 00:00:00-05:00,6.25,6.340000152587891,6.170000076293945,6.340000152587891,235500,0.0,0.0
2025-01-15 00:00:00-05:00,6.489999771118164,6.630000114440918,6.429999828338623,6.599999904632568,237200,0.0,0.0
2025-01-16 00:00:00-05:00,6.570000171661377,6.63100004196167,6.519999980926514,6.619999885559082,170800,0.0,0.0
2025-01-17 00:00:00-05:00,6.659999847412109,6.71999979019165,6.539999961853027,6.699999809265137,346500,0.0,0.0
2025-01-21 00:00:00-05:00,6.800000190734863,7.059999942779541,6.769999980926514,6.940000057220459,407000,0.0,0.0
2025-01-22 00:00:00-05:00,6.940000057220459,6.974999904632568,6.829999923706055,6.880000114440918,281900,0.0,0.0
2025-01-23 00:00:00-05:00,6.840000152587891,6.949999809265137,6.724999904632568,6.840000152587891,289100,0.0,0.0
2025-01-24 00:00:00-05:00,6.849999904632568,6.909999847412109,6.789999961853027,6.889999866485596,203900,0.0,0.0
2025-01-27 00:00:00-05:00,6.880000114440918,7.074999809265137,6.880000114440918,6.920000076293945,596900,0.0,0.0
2025-01-28 00:00:00-05:00,6.920000076293945,7.050000190734863,6.739999771118164,6.78000020980835,376900,0.0,0.0
2025-01-29 00:00:00-05:00,6.789999961853027,6.840000152587891,6.650000095367432,6.670000076293945,257900,0.0,0.0
2025-01-30 00:00:00-05:00,6.710000038146973,6.760000228881836,6.34499979019165,6.380000114440918,342500,0.0,0.0
2025-01-31 00:00:00-05:00,6.380000114440918,6.460000038146973,6.170000076293945,6.179999828338623,515800,0.0,0.0
2025-02-03 00:00:00-05:00,6.050000190734863,6.245999813079834,6.019999980926514,6.059999942779541,520600,0.0,0.0
2025-02-04 00:00:00-05:00,6.050000190734863,6.25,5.934999942779541,6.239999771118164,454400,0.0,0.0
2025-02-05 00:00:00-05:00,6.28000020980835,6.534999847412109,6.230000019073486,6.53000020980835,457700,0.0,0.0
2025-02-06 00:00:00-05:00,6.579999923706055,6.619999885559082,6.465000152587891,6.590000152587891,317200,0.0,0.0
2025-02-07 00:00:00-05:00,6.570000171661377,6.639999866485596,6.474999904632568,6.610000133514404,203200,0.0,0.0
2025-02-10 00:00:00-05:00,6.599999904632568,6.735000133514404,6.590000152587891,6.659999847412109,250700,0.0,0.0
2025-02-11 00:00:00-05:00,6.570000171661377,6.900000095367432,6.570000171661377,6.889999866485596,377800,0.0,0.0
2025-02-12 00:00:00-05:00,6.820000171661377,7.360000133514404,6.745999813079834,7.360000133514404,612600,0.0,0.0
2025-02-13 00:00:00-05:00,7.380000114440918,7.590000152587891,7.380000114440918,7.550000190734863,382400,0.0,0.0
2025-02-14 00:00:00-05:00,7.630000114440918,7.635000228881836,7.300000190734863,7.369999885559082,374700,0.0,0.0
2025-02-18 00:00:00-05:00,7.320000171661377,7.320000171661377,6.980000019073486,7.079999923706055,572400,0.0,0.0
2025-02-19 00:00:00-05:00,6.994999885559082,7.269999980926514,6.949999809265137,7.210000038146973,515100,0.0,0.0
2025-02-20 00:00:00-05:00,6.710000038146973,6.909999847412109,6.170000076293945,6.829999923706055,1056300,0.0,0.0
2025-02-21 00:00:00-05:00,6.769999980926514,6.965000152587891,6.739999771118164,6.920000076293945,630200,0.0,0.0
2025-02-24 00:00:00-05:00,6.960000038146973,7.139999866485596,6.925000190734863,6.949999809265137,642600,0.0,0.0
2025-02-25 00:00:00-05:00,6.889999866485596,6.940000057220459,6.635000228881836,6.800000190734863,787700,0.0,0.0
2025-02-26 00:00:00-05:00,6.789999961853027,7.019999980926514,6.71999979019165,6.940000057220459,552600,0.0,0.0
2025-02-27 00:00:00-05:00,6.920000076293945,6.920000076293945,6.695000171661377,6.710000038146973,437700,0.0,0.0
2025-02-28 00:00:00-05:00,6.670000076293945,6.795000076293945,6.670000076293945,6.769999980926514,378400,0.0,0.0
2025-03-03 00:00:00-05:00,6.769999980926514,6.991000175476074,6.675000190734863,6.710000038146973,370900,0.0,0.0
2025-03-04 00:00:00-05:00,6.610000133514404,6.78000020980835,6.53000020980835,6.699999809265137,323000,0.0,0.0
2025-03-05 00:00:00-05:00,6.690000057220459,6.840000152587891,6.610000133514404,6.739999771118164,259100,0.0,0.0
2025-03-06 00:00:00-05:00,6.679999828338623,6.894999980926514,6.650000095367432,6.880000114440918,359200,0.0,0.0
2025-03-07 00:00:00-05:00,6.880000114440918,6.96999979019165,6.75,6.889999866485596,416300,0.0,0.0
2025-03-10 00:00:00-04:00,6.769999980926514,6.866000175476074,6.554999828338623,6.599999904632568,412300,0.0,0.0
2025-03-11 00:00:00-04:00,6.630000114440918,6.710000038146973,6.494999885559082,6.650000095367432,358800,0.0,0.0
2025-03-12 00:00:00-04:00,6.650000095367432,6.71999979019165,6.559999942779541,6.630000114440918,242600,0.0,0.0
2025-03-13 00:00:00-04:00,6.630000114440918,6.809999942779541,6.630000114440918,6.730000019073486,191700,0.0,0.0
2025-03-14 00:00:00-04:00,6.809999942779541,6.889999866485596,6.684999942779541,6.690000057220459,176700,0.0,0.0
2025-03-17 00:00:00-04:00,6.679999828338623,6.914999961853027,6.644999980926514,6.849999904632568,284700,0.0,0.0
2025-03-18 00:00:00-04:00,6.820000171661377,6.820000171661377,6.684999942779541,6.710000038146973,240000,0.0,0.0
2025-03-19 00:00:00-04:00,6.730000019073486,6.90500020980835,6.71999979019165,6.869999885559082,181400,0.0,0.0
2025-03-20 00:00:00-04:00,6.840000152587891,6.994999885559082,6.769999980926514,6.789999961853027,319300,0.0,0.0
2025-03-21 00:00:00-04:00,6.710000038146973,6.824999809265137,6.690000057220459,6.730000019073486,801700,0.0,0.0
2025-03-24 00:00:00-04:00,6.760000228881836,6.760000228881836,6.619999885559082,6.650000095367432,218200,0.0,0.0
2025-03-25 00:00:00-04:00,6.639999866485596,6.699999809265137,6.494999885559082,6.570000171661377,381500,0.0,0.0
2025-03-26 00:00:00-04:00,6.579999923706055,6.630000114440918,6.545000076293945,6.610000133514404,111900,0.0,0.0
2025-03-27 00:00:00-04:00,6.559999942779541,6.864999771118164,6.550000190734863,6.809999942779541,187800,0.0,0.0
2025-03-28 00:00:00-04:00,6.789999961853027,6.800000190734863,6.40500020980835,6.414999961853027,142100,0.0,0.0
2025-03-31 00:00:00-04:00,6.309999942779541,6.409999847412109,6.269999980926514,6.329999923706055,330500,0.0,0.0
2025-04-01 00:00:00-04:00,6.340000152587891,6.454999923706055,6.269999980926514,6.340000152587891,242100,0.0,0.0
2025-04-02 00:00:00-04:00,6.309999942779541,6.494999885559082,6.25,6.449999809265137,158000,0.0,0.0
2025-04-03 00:00:00-04:00,6.260000228881836,6.329999923706055,6.110000133514404,6.179999828338623,486000,0.0,0.0
2025-04-04 00:00:00-04:00,6.03000020980835,6.039999961853027,5.560999870300293,5.690000057220459,549200,0.0,0.0
2025-04-07 00:00:00-04:00,5.5,5.860000133514404,5.281000137329102,5.440000057220459,395400,0.0,0.0
2025-04-08 00:00:00-04:00,5.610000133514404,5.610000133514404,5.210000038146973,5.28000020980835,321900,0.0,0.0
2025-04-09 00:00:00-04:00,5.239999771118164,5.699999809265137,5.159999847412109,5.5,602100,0.0,0.0
2025-04-10 00:00:00-04:00,5.369999885559082,5.369999885559082,5.15500020980835,5.300000190734863,329200,0.0,0.0
2025-04-11 00:00:00-04:00,5.340000152587891,5.360000133514404,5.139999866485596,5.190000057220459,224400,0.0,0.0
2025-04-14 00:00:00-04:00,5.21999979019165,5.324999809265137,5.130000114440918,5.199999809265137,428000,0.0,0.0
2025-04-15 00:00:00-04:00,5.199999809265137,5.28000020980835,5.179999828338623,5.210000038146973,401200,0.0,0.0
2025-04-16 00:00:00-04:00,5.210000038146973,5.304999828338623,5.150000095367432,5.159999847412109,315700,0.0,0.0
2025-04-17 00:00:00-04:00,5.170000076293945,5.375,5.170000076293945,5.360000133514404,284000,0.0,0.0
2025-04-21 00:00:00-04:00,5.409999847412109,5.460999965667725,5.139999866485596,5.239999771118164,329100,0.0,0.0
2025-04-22 00:00:00-04:00,5.300000190734863,5.420000076293945,5.119999885559082,5.300000190734863,917000,0.0,0.0
2025-04-23 00:00:00-04:00,5.389999866485596,5.46999979019165,5.34499979019165,5.360000133514404,1818400,0.0,0.0
2025-04-24 00:00:00-04:00,5.380000114440918,5.635000228881836,5.34499979019165,5.579999923706055,1750400,0.0,0.0
2025-04-25 00:00:00-04:00,5.519999980926514,5.610000133514404,5.46999979019165,5.570000171661377,377800,0.0,0.0
2025-04-28 00:00:00-04:00,5.559999942779541,5.610000133514404,5.485000133514404,5.550000190734863,304000,0.0,0.0
2025-04-29 00:00:00-04:00,5.519999980926514,5.630000114440918,5.440000057220459,5.449999809265137,333200,0.0,0.0
2025-04-30 00:00:00-04:00,5.400000095367432,5.494999885559082,5.300000190734863,5.420000076293945,444500,0.0,0.0
2025-05-01 00:00:00-04:00,5.449999809265137,5.449999809265137,5.25,5.28000020980835,389600,0.0,0.0
2025-05-02 00:00:00-04:00,5.329999923706055,5.389999866485596,5.284999847412109,5.329999923706055,358200,0.0,0.0
2025-05-05 00:00:00-04:00,5.340000152587891,5.340000152587891,5.230000019073486,5.260000228881836,328700,0.0,0.0
2025-05-06 00:00:00-04:00,5.230000019073486,5.449999809265137,5.230000019073486,5.449999809265137,414000,0.0,0.0
2025-05-07 00:00:00-04:00,5.460000038146973,5.599999904632568,5.445000171661377,5.5,561800,0.0,0.0
2025-05-08 00:00:00-04:00,5.230000019073486,5.315000057220459,4.255000114440918,4.670000076293945,2514500,0.0,0.0
2025-05-09 00:00:00-04:00,4.724999904632568,4.860000133514404,4.420000076293945,4.5,613200,0.0,0.0
2025-05-12 00:00:00-04:00,4.659999847412109,4.695000171661377,4.340000152587891,4.519999980926514,769300,0.0,0.0
2025-05-13 00:00:00-04:00,4.550000190734863,5.039999961853027,4.449999809265137,4.869999885559082,2977500,0.0,0.0
2025-05-14 00:00:00-04:00,4.829999923706055,4.985000133514404,4.764999866485596,4.940000057220459,1249000,0.0,0.0
2025-05-15 00:00:00-04:00,5.0,5.429999828338623,5.0,5.329999923706055,1188800,0.0,0.0
2025-05-16 00:00:00-04:00,5.340000152587891,5.369999885559082,5.239999771118164,5.309999942779541,652900,0.0,0.0
2025-05-19 00:00:00-04:00,5.230000019073486,5.349999904632568,5.019999980926514,5.050000190734863,379000,0.0,0.0
2025-05-20 00:00:00-04:00,5.010000228881836,5.105000019073486,4.934999942779541,5.099999904632568,387800,0.0,0.0
2025-05-21 00:00:00-04:00,5.059999942779541,5.139999866485596,4.889999866485596,4.920000076293945,381200,0.0,0.0
2025-05-22 00:00:00-04:00,4.860000133514404,5.025000095367432,4.860000133514404,4.96999979019165,367700,0.0,0.0
2025-05-23 00:00:00-04:00,4.960000038146973,5.019999980926514,4.885000228881836,5.019999980926514,270100,0.0,0.0
2025-05-27 00:00:00-04:00,5.019999980926514,5.175000190734863,5.0,5.039999961853027,284700,0.0,0.0
2025-05-28 00:00:00-04:00,5.019999980926514,5.019999980926514,4.885000228881836,4.900000095367432,195000,0.0,0.0
2025-05-29 00:00:00-04:00,4.909999847412109,4.960000038146973,4.824999809265137,4.960000038146973,263400,0.0,0.0
2025-05-30 00:00:00-04:00,4.920000076293945,4.974999904632568,4.84499979019165,4.909999847412109,441600,0.0,0.0
2025-06-02 00:00:00-04:00,4.900000095367432,4.96999979019165,4.809999942779541,4.909999847412109,325600,0.0,0.0
2025-06-03 00:00:00-04:00,4.889999866485596,5.059999942779541,4.880000114440918,5.059999942779541,324600,0.0,0.0
2025-06-04 00:00:00-04:00,5.070000171661377,5.119999885559082,4.985000133514404,5.099999904632568,350600,0.0,0.0
2025-06-05 00:00:00-04:00,5.079999923706055,5.130000114440918,5.014999866485596,5.039999961853027,292800,0.0,0.0
2025-06-06 00:00:00-04:00,5.059999942779541,5.099999904632568,4.945000171661377,5.019999980926514,260100,0.0,0.0
2025-06-09 00:00:00-04:00,5.039999961853027,5.244999885559082,5.039000034332275,5.130000114440918,313800,0.0,0.0
2025-06-10 00:00:00-04:00,5.139999866485596,5.289999961853027,5.110000133514404,5.260000228881836,235000,0.0,0.0
2025-06-11 00:00:00-04:00,5.260000228881836,5.340000152587891,5.179999828338623,5.199999809265137,367300,0.0,0.0
2025-06-12 00:00:00-04:00,5.199999809265137,5.46999979019165,5.182000160217285,5.449999809265137,302200,0.0,0.0
2025-06-13 00:00:00-04:00,5.369999885559082,5.449999809265137,5.244999885559082,5.260000228881836,346700,0.0,0.0
2025-06-16 00:00:00-04:00,5.300000190734863,5.585000038146973,5.239999771118164,5.570000171661377,366400,0.0,0.0
2025-06-17 00:00:00-04:00,5.539999961853027,5.539999961853027,5.369999885559082,5.429999828338623,263000,0.0,0.0
2025-06-18 00:00:00-04:00,5.440000057220459,5.579999923706055,5.389999866485596,5.559999942779541,353200,0.0,0.0
2025-06-20 00:00:00-04:00,5.619999885559082,5.739999771118164,5.571000099182129,5.630000114440918,595500,0.0,0.0
2025-06-23 00:00:00-04:00,5.570000171661377,5.755000114440918,5.539999961853027,5.739999771118164,235600,0.0,0.0
2025-06-24 00:00:00-04:00,5.789999961853027,5.90500020980835,5.744999885559082,5.860000133514404,254900,0.0,0.0
2025-06-25 00:00:00-04:00,5.829999923706055,5.965000152587891,5.690999984741211,5.710000038146973,216000,0.0,0.0
2025-06-26 00:00:00-04:00,5.75,5.909999847412109,5.710000038146973,5.880000114440918,412700,0.0,0.0
2025-06-27 00:00:00-04:00,5.929999828338623,6.03000020980835,5.875,5.989999771118164,800200,0.0,0.0
2025-06-30 00:00:00-04:00,5.989999771118164,6.239999771118164,5.989999771118164,6.099999904632568,350200,0.0,0.0
2025-07-01 00:00:00-04:00,6.099999904632568,6.394999980926514,6.099999904632568,6.309999942779541,367200,0.0,0.0
2025-07-02 00:00:00-04:00,6.309999942779541,6.400000095367432,6.195000171661377,6.369999885559082,367900,0.0,0.0
2025-07-03 00:00:00-04:00,6.400000095367432,6.525000095367432,6.360000133514404,6.489999771118164,371100,0.0,0.0
2025-07-07 00:00:00-04:00,6.46999979019165,6.5,6.269999980926514,6.420000076293945,497000,0.0,0.0
2025-07-08 00:00:00-04:00,6.409999847412109,6.429999828338623,6.159999847412109,6.300000190734863,410600,0.0,0.0
2025-07-09 00:00:00-04:00,6.340000152587891,6.340000152587891,5.994999885559082,6.130000114440918,256800,0.0,0.0
2025-07-10 00:00:00-04:00,6.150000095367432,6.320000171661377,6.130000114440918,6.269999980926514,341700,0.0,0.0
2025-07-11 00:00:00-04:00,6.199999809265137,6.21999979019165,5.960000038146973,6.159999847412109,433900,0.0,0.0
2025-07-14 00:00:00-04:00,6.150000095367432,6.329999923706055,6.144999980926514,6.300000190734863,225100,0.0,0.0
2025-07-15 00:00:00-04:00,6.349999904632568,6.360000133514404,6.090000152587891,6.239999771118164,1149200,0.0,0.0
2025-07-16 00:00:00-04:00,6.25,6.510000228881836,6.135000228881836,6.349999904632568,619800,0.0,0.0
2025-07-17 00:00:00-04:00,6.349999904632568,6.704999923706055,6.340000152587891,6.599999904632568,417500,0.0,0.0
2025-07-18 00:00:00-04:00,6.630000114440918,6.639999866485596,6.364999771118164,6.429999828338623,322800,0.0,0.0
2025-07-21 00:00:00-04:00,6.5,6.554999828338623,6.389999866485596,6.460000038146973,216200,0.0,0.0
2025-07-22 00:00:00-04:00,6.510000228881836,6.605000019073486,6.480000019073486,6.519999980926514,241400,0.0,0.0
2025-07-23 00:00:00-04:00,6.539999961853027,7.0,6.5,6.900000095367432,622100,0.0,0.0
2025-07-24 00:00:00-04:00,6.869999885559082,6.869999885559082,6.550000190734863,6.760000228881836,388700,0.0,0.0
2025-07-25 00:00:00-04:00,6.75,6.75,6.429999828338623,6.730000019073486,392400,0.0,0.0
2025-07-28 00:00:00-04:00,6.739999771118164,6.78000020980835,6.59499979019165,6.710000038146973,304900,0.0,0.0
2025-07-29 00:00:00-04:00,6.75,6.84499979019165,6.650000095367432,6.699999809265137,287900,0.0,0.0
2025-07-30 00:00:00-04:00,6.690000057220459,6.980000019073486,6.590000152587891,6.909999847412109,291800,0.0,0.0
2025-07-31 00:00:00-04:00,6.860000133514404,7.105000019073486,6.860000133514404,7.050000190734863,431200,0.0,0.0
2025-08-01 00:00:00-04:00,6.960000038146973,7.099999904632568,6.800000190734863,6.989999771118164,461500,0.0,0.0
2025-08-04 00:00:00-04:00,6.96999979019165,7.235000133514404,6.960000038146973,7.110000133514404,408000,0.0,0.0
2025-08-05 00:00:00-04:00,7.139999866485596,7.199999809265137,6.974999904632568,7.110000133514404,270300,0.0,0.0
2025-08-06 00:00:00-04:00,7.139999866485596,7.260000228881836,7.139999866485596,7.170000076293945,300300,0.0,0.0
2025-08-07 00:00:00-04:00,7.28000020980835,8.390000343322754,7.010000228881836,7.829999923706055,1371500,0.0,0.0
2025-08-08 00:00:00-04:00,7.849999904632568,7.920000076293945,7.445000171661377,7.789999961853027,951800,0.0,0.0
2025-08-11 00:00:00-04:00,7.820000171661377,8.005000114440918,7.414999961853027,7.46999979019165,446300,0.0,0.0
2025-08-12 00:00:00-04:00,7.539999961853027,7.639999866485596,7.329999923706055,7.420000076293945,572900,0.0,0.0
2025-08-13 00:00:00-04:00,7.460000038146973,7.599999904632568,7.349999904632568,7.550000190734863,404800,0.0,0.0
2025-08-14 00:00:00-04:00,7.460000038146973,7.559999942779541,7.369999885559082,7.559999942779541,513500,0.0,0.0
2025-08-15 00:00:00-04:00,7.599999904632568,7.954999923706055,7.579999923706055,7.820000171661377,678700,0.0,0.0
2025-08-18 00:00:00-04:00,7.855000019073486,8.048999786376953,7.829999923706055,7.889999866485596,553300,0.0,0.0
2025-08-19 00:00:00-04:00,7.869999885559082,7.96999979019165,7.695000171661377,7.769999980926514,254800,0.0,0.0
2025-08-20 00:00:00-04:00,7.769999980926514,7.849999904632568,7.710000038146973,7.800000190734863,237400,0.0,0.0
2025-08-21 00:00:00-04:00,7.71999979019165,7.840000152587891,7.679999828338623,7.829999923706055,248000,0.0,0.0
2025-08-22 00:00:00-04:00,7.900000095367432,7.989999771118164,7.800000190734863,7.940000057220459,567200,0.0,0.0
2025-08-25 00:00:00-04:00,7.889999866485596,8.229999542236328,7.840000152587891,8.079999923706055,585300,0.0,0.0
2025-08-26 00:00:00-04:00,7.989999771118164,8.276000022888184,7.929999828338623,8.079999923706055,937300,0.0,0.0
2025-08-27 00:00:00-04:00,7.960000038146973,8.100000381469727,7.909999847412109,8.039999961853027,353300,0.0,0.0
2025-08-28 00:00:00-04:00,8.069999694824219,8.079999923706055,7.860000133514404,8.069999694824219,536500,0.0,0.0
2025-08-29 00:00:00-04:00,8.119999885559082,8.119999885559082,7.960000038146973,8.0600004196167,401800,0.0,0.0
2025-09-02 00:00:00-04:00,7.920000076293945,8.039999961853027,7.764999866485596,7.829999923706055,575100,0.0,0.0
2025-09-03 00:00:00-04:00,7.800000190734863,7.929999828338623,7.789999961853027,7.889999866485596,874400,0.0,0.0
2025-09-04 00:00:00-04:00,7.809999942779541,8.010000228881836,7.71999979019165,8.0,637600,0.0,0.0
2025-09-05 00:00:00-04:00,8.050000190734863,8.140000343322754,7.96999979019165,8.0,334600,0.0,0.0
2025-09-08 00:00:00-04:00,7.980000019073486,7.980000019073486,7.434999942779541,7.829999923706055,508100,0.0,0.0
2025-09-09 00:00:00-04:00,7.809999942779541,7.809999942779541,7.639999866485596,7.730000019073486,394100,0.0,0.0
2025-09-10 00:00:00-04:00,7.769999980926514,7.769999980926514,7.565000057220459,7.570000171661377,420600,0.0,0.0
2025-09-11 00:00:00-04:00,7.570000171661377,7.650000095367432,7.510000228881836,7.630000114440918,282000,0.0,0.0
2025-09-12 00:00:00-04:00,7.590000152587891,7.639999866485596,7.454999923706055,7.519999980926514,234400,0.0,0.0
2025-09-15 00:00:00-04:00,7.550000190734863,7.675000190734863,7.485000133514404,7.630000114440918,208300,0.0,0.0
2025-09-16 00:00:00-04:00,7.610000133514404,7.824999809265137,7.480000019073486,7.769999980926514,243000,0.0,0.0
2025-09-17 00:00:00-04:00,7.769999980926514,8.015000343322754,7.764999866485596,7.909999847412109,276900,0.0,0.0
2025-09-18 00:00:00-04:00,7.900000095367432,8.175000190734863,7.900000095367432,8.170000076293945,219900,0.0,0.0
2025-09-19 00:00:00-04:00,8.180000305175781,8.1899995803833,7.925000190734863,7.960000038146973,555800,0.0,0.0
2025-09-22 00:00:00-04:00,7.909999847412109,8.369999885559082,7.909999847412109,8.300000190734863,239400,0.0,0.0
2025-09-23 00:00:00-04:00,8.270000457763672,8.380000114440918,8.170000076293945,8.199999809265137,207800,0.0,0.0
2025-09-24 00:00:00-04:00,8.170000076293945,8.25,8.024999618530273,8.069999694824219,170000,0.0,0.0
2025-09-25 00:00:00-04:00,8.09000015258789,8.149999618530273,8.050000190734863,8.100000381469727,226400,0.0,0.0
2025-09-26 00:00:00-04:00,8.109999656677246,8.274999618530273,8.074999809265137,8.229999542236328,212800,0.0,0.0
2025-09-29 00:00:00-04:00,8.260000228881836,8.289999961853027,8.170000076293945,8.239999771118164,148700,0.0,0.0
2025-09-30 00:00:00-04:00,8.25,8.430000305175781,8.189000129699707,8.289999961853027,186500,0.0,0.0
2025-10-01 00:00:00-04:00,8.25,8.319999694824219,8.164999961853027,8.170000076293945,218800,0.0,0.0
2025-10-02 00:00:00-04:00,8.170000076293945,8.270000457763672,8.085000038146973,8.109999656677246,139800,0.0,0.0
2025-10-03 00:00:00-04:00,8.119999885559082,8.289999961853027,8.119999885559082,8.270000457763672,138000,0.0,0.0
2025-10-06 00:00:00-04:00,8.300000190734863,8.494999885559082,8.260000228881836,8.34000015258789,151200,0.0,0.0
2025-10-07 00:00:00-04:00,8.300000190734863,8.390000343322754,8.1899995803833,8.220000267028809,200400,0.0,0.0
2025-10-08 00:00:00-04:00,8.270000457763672,8.338000297546387,8.015000343322754,8.020000457763672,208400,0.0,0.0
2025-10-09 00:00:00-04:00,8.039999961853027,8.0600004196167,7.840000152587891,7.869999885559082,289300,0.0,0.0
2025-10-10 00:00:00-04:00,7.860000133514404,7.934999942779541,7.579999923706055,7.599999904632568,338400,0.0,0.0
2025-10-13 00:00:00-04:00,7.619999885559082,7.78000020980835,7.619999885559082,7.71999979019165,182500,0.0,0.0
2025-10-14 00:00:00-04:00,7.599999904632568,7.840000152587891,7.599999904632568,7.760000228881836,281800,0.0,0.0
2025-10-15 00:00:00-04:00,7.860000133514404,8.09000015258789,7.823999881744385,7.949999809265137,195500,0.0,0.0
2025-10-16 00:00:00-04:00,8.029999732971191,8.0600004196167,7.809999942779541,7.889999866485596,151200,0.0,0.0
2025-10-17 00:00:00-04:00,7.860000133514404,8.260000228881836,7.85099983215332,8.199999809265137,280800,0.0,0.0
2025-10-20 00:00:00-04:00,8.3100004196167,8.319999694824219,8.135000228881836,8.140000343322754,239500,0.0,0.0
2025-10-21 00:00:00-04:00,8.09000015258789,8.329999923706055,8.050000190734863,8.239999771118164,214100,0.0,0.0
2025-10-22 00:00:00-04:00,8.239999771118164,8.34000015258789,8.119999885559082,8.319999694824219,241000,0.0,0.0
2025-10-23 00:00:00-04:00,8.3100004196167,8.375,8.152000427246094,8.359999656677246,238600,0.0,0.0
2025-10-24 00:00:00-04:00,8.449999809265137,8.604999542236328,8.425000190734863,8.600000381469727,219700,0.0,0.0
2025-10-27 00:00:00-04:00,8.640000343322754,8.680000305175781,8.175000190734863,8.229999542236328,302000,0.0,0.0
2025-10-28 00:00:00-04:00,8.220000267028809,8.274999618530273,7.989999771118164,8.0,278800,0.0,0.0
2025-10-29 00:00:00-04:00,8.010000228881836,8.010000228881836,7.510000228881836,7.599999904632568,423500,0.0,0.0
2025-10-30 00:00:00-04:00,7.539999961853027,7.925000190734863,7.539999961853027,7.769999980926514,343000,0.0,0.0
2025-10-31 00:00:00-04:00,7.690000057220459,7.869999885559082,7.690000057220459,7.800000190734863,285200,0.0,0.0
2025-11-03 00:00:00-05:00,7.769999980926514,7.800000190734863,7.614999771118164,7.769999980926514,230500,0.0,0.0
2025-11-04 00:00:00-05:00,7.659999847412109,8.050000190734863,7.630000114440918,7.739999771118164,426200,0.0,0.0
2025-11-05 00:00:00-05:00,7.739999771118164,7.909999847412109,7.699999809265137,7.880000114440918,285000,0.0,0.0
2025-11-06 00:00:00-05:00,7.889999866485596,8.9399995803833,7.889999866485596,8.489999771118164,961400,0.0,0.0
2025-11-07 00:00:00-05:00,8.460000038146973,8.59000015258789,7.849999904632568,7.860000133514404,443500,0.0,0.0
2025-11-10 00:00:00-05:00,7.989999771118164,8.239999771118164,7.880000114440918,8.100000381469727,427600,0.0,0.0
2025-11-11 00:00:00-05:00,8.100000381469727,8.199999809265137,7.914999961853027,7.980000019073486,622100,0.0,0.0
2025-11-12 00:00:00-05:00,8.0600004196167,8.1850004196167,7.889999866485596,8.15999984741211,285100,0.0,0.0
2025-11-13 00:00:00-05:00,8.069999694824219,8.21500015258789,8.039999961853027,8.100000381469727,199400,0.0,0.0
2025-11-14 00:00:00-05:00,8.0600004196167,8.180000305175781,8.039999961853027,8.170000076293945,209400,0.0,0.0
2025-11-17 00:00:00-05:00,8.140000343322754,8.229999542236328,8.039999961853027,8.050000190734863,170000,0.0,0.0
2025-11-18 00:00:00-05:00,8.039999961853027,8.229999542236328,8.0,8.15999984741211,195200,0.0,0.0
2025-11-19 00:00:00-05:00,8.199999809265137,8.199999809265137,8.0,8.069999694824219,191000,0.0,0.0
2025-11-20 00:00:00-05:00,8.199999809265137,8.199999809265137,7.894999980926514,7.960000038146973,314500,0.0,0.0
2025-11-21 00:00:00-05:00,7.960000038146973,8.345000267028809,7.960000038146973,8.239999771118164,474500,0.0,0.0
2025-11-24 00:00:00-05:00,8.279999732971191,8.399999618530273,8.199999809265137,8.359999656677246,467100,0.0,0.0
2025-11-25 00:00:00-05:00,8.359999656677246,8.744999885559082,8.359999656677246,8.699999809265137,407700,0.0,0.0
2025-11-26 00:00:00-05:00,8.649999618530273,8.8149995803833,8.635000228881836,8.729999542236328,390800,0.0,0.0
2025-11-28 00:00:00-05:00,8.770000457763672,8.770000457763672,8.604999542236328,8.680000305175781,85300,0.0,0.0
2025-12-01 00:00:00-05:00,8.609999656677246,8.694999694824219,8.529999732971191,8.630000114440918,290800,0.0,0.0
2025-12-02 00:00:00-05:00,8.670000076293945,8.854999542236328,8.520000457763672,8.710000038146973,425400,0.0,0.0
2025-12-03 00:00:00-05:00,8.75,8.819999694824219,8.65999984741211,8.680000305175781,193100,0.0,0.0
2025-12-04 00:00:00-05:00,8.680000305175781,8.829999923706055,8.539999961853027,8.760000228881836,402500,0.0,0.0
2025-12-05 00:00:00-05:00,8.770000457763672,9.039999961853027,8.710000038146973,8.869999885559082,401500,0.0,0.0
2025-12-08 00:00:00-05:00,8.869999885559082,8.869999885559082,8.460000038146973,8.5,249500,0.0,0.0
2025-12-09 00:00:00-05:00,8.5,8.619999885559082,8.289999961853027,8.319999694824219,221600,0.0,0.0
2025-12-10 00:00:00-05:00,8.329999923706055,8.489999771118164,8.324999809265137,8.470000267028809,319300,0.0,0.0
2025-12-11 00:00:00-05:00,8.489999771118164,8.744999885559082,8.472999572753906,8.699999809265137,276000,0.0,0.0
2025-12-12 00:00:00-05:00,8.680000305175781,8.699999809265137,8.489999771118164,8.520000457763672,272000,0.0,0.0
2025-12-15 00:00:00-05:00,8.5600004196167,8.579999923706055,8.399999618530273,8.40999984741211,298300,0.0,0.0
2025-12-16 00:00:00-05:00,8.40999984741211,8.505000114440918,8.260000228881836,8.279999732971191,293700,0.0,0.0
2025-12-17 00:00:00-05:00,8.289999961853027,8.3100004196167,8.114999771118164,8.149999618530273,383100,0.0,0.0
2025-12-18 00:00:00-05:00,8.220000267028809,8.229999542236328,8.079999923706055,8.100000381469727,327300,0.0,0.0
2025-12-19 00:00:00-05:00,8.09000015258789,8.1899995803833,7.929999828338623,7.980000019073486,691800,0.0,0.0
2025-12-22 00:00:00-05:00,8.020000457763672,8.029999732971191,7.59499979019165,7.639999866485596,382200,0.0,0.0
2025-12-23 00:00:00-05:00,7.599999904632568,7.744999885559082,7.579999923706055,7.619999885559082,347600,0.0,0.0
2025-12-24 00:00:00-05:00,7.619999885559082,7.664999961853027,7.431000232696533,7.559999942779541,131800,0.0,0.0
2025-12-26 00:00:00-05:00,7.489999771118164,7.610000133514404,7.46999979019165,7.480000019073486,264700,0.0,0.0
2025-12-29 00:00:00-05:00,7.420000076293945,7.599999904632568,7.380000114440918,7.5,350900,0.0,0.0
2025-12-30 00:00:00-05:00,7.489999771118164,7.53000020980835,7.389999866485596,7.400000095367432,208300,0.0,0.0
2025-12-31 00:00:00-05:00,7.389999866485596,7.409999847412109,7.269999980926514,7.389999866485596,450000,0.0,0.0
2026-01-02 00:00:00-05:00,7.389999866485596,7.53000020980835,7.255000114440918,7.260000228881836,391600,0.0,0.0
2026-01-05 00:00:00-05:00,7.239999771118164,7.34499979019165,7.150000095367432,7.170000076293945,327500,0.0,0.0
2026-01-06 00:00:00-05:00,7.150000095367432,7.210000038146973,7.034999847412109,7.059999942779541,332300,0.0,0.0
2026-01-07 00:00:00-05:00,7.059999942779541,7.130000114440918,6.804999828338623,6.840000152587891,390200,0.0,0.0
2026-01-08 00:00:00-05:00,6.800000190734863,6.960000038146973,6.739999771118164,6.909999847412109,429100,0.0,0.0
2026-01-09 00:00:00-05:00,6.900000095367432,7.110000133514404,6.889999866485596,7.059999942779541,627400,0.0,0.0
2026-01-12 00:00:00-05:00,7.039999961853027,7.184999942779541,7.0,7.110000133514404,452800,0.0,0.0
2026-01-13 00:00:00-05:00,7.110000133514404,7.15500020980835,6.965000152587891,7.090000152587891,504200,0.0,0.0
2026-01-14 00:00:00-05:00,7.090000152587891,7.320000171661377,7.090000152587891,7.269999980926514,422000,0.0,0.0
2026-01-15 00:00:00-05:00,7.269999980926514,7.505000114440918,7.215000152587891,7.480000019073486,367500,0.0,0.0
2026-01-16 00:00:00-05:00,7.440000057220459,7.510000228881836,7.369999885559082,7.489999771118164,303900,0.0,0.0
2026-01-20 00:00:00-05:00,7.389999866485596,7.53000020980835,7.315000057220459,7.329999923706055,549800,0.0,0.0
2026-01-21 00:00:00-05:00,7.340000152587891,7.579999923706055,7.294000148773193,7.539999961853027,651300,0.0,0.0
2026-01-22 00:00:00-05:00,7.570000171661377,7.960000038146973,7.570000171661377,7.800000190734863,394500,0.0,0.0
2026-01-23 00:00:00-05:00,7.760000228881836,7.78000020980835,7.489999771118164,7.570000171661377,381200,0.0,0.0
2026-01-26 00:00:00-05:00,7.590000152587891,7.769999980926514,7.579999923706055,7.619999885559082,402700,0.0,0.0
2026-01-27 00:00:00-05:00,7.639999866485596,7.639999866485596,7.389999866485596,7.5,546900,0.0,0.0
2026-01-28 00:00:00-05:00,7.489999771118164,7.534999847412109,7.260000228881836,7.320000171661377,365900,0.0,0.0
2026-01-29 00:00:00-05:00,7.380000114440918,7.755000114440918,7.340000152587891,7.730000019073486,453800,0.0,0.0
2026-01-30 00:00:00-05:00,7.670000076293945,7.71999979019165,7.510000228881836,7.71999979019165,581000,0.0,0.0
2026-02-02 00:00:00-05:00,7.699999809265137,7.949999809265137,7.644999980926514,7.769999980926514,402000,0.0,0.0
2026-02-03 00:00:00-05:00,7.769999980926514,7.894999980926514,7.639999866485596,7.829999923706055,419300,0.0,0.0
2026-02-04 00:00:00-05:00,7.869999885559082,8.020000457763672,7.710000038146973,7.760000228881836,253100,0.0,0.0
2026-02-05 00:00:00-05:00,7.690000057220459,7.829999923706055,7.590000152587891,7.769999980926514,269300,0.0,0.0
2026-02-06 00:00:00-05:00,7.840000152587891,8.045000076293945,7.795000076293945,8.0,372200,0.0,0.0
2026-02-09 00:00:00-05:00,7.96999979019165,8.164999961853027,7.860000133514404,8.109999656677246,247200,0.0,0.0
2026-02-10 00:00:00-05:00,8.130000114440918,8.28499984741211,7.985000133514404,8.170000076293945,228600,0.0,0.0
2026-02-11 00:00:00-05:00,8.180000305175781,8.244999885559082,8.100000381469727,8.220000267028809,308700,0.0,0.0
2026-02-12 00:00:00-05:00,8.260000228881836,8.369999885559082,7.889999866485596,8.0,211300,0.0,0.0
2026-02-13 00:00:00-05:00,8.029999732971191,8.069999694824219,7.704999923706055,7.71999979019165,190600,0.0,0.0
2026-02-17 00:00:00-05:00,7.71999979019165,7.980000019073486,7.71999979019165,7.840000152587891,335100,0.0,0.0
2026-02-18 00:00:00-05:00,7.690000057220459,8.0,7.690000057220459,7.730000019073486,384200,0.0,0.0
2026-02-19 00:00:00-05:00,7.303999900817871,8.704999923706055,7.300000190734863,8.010000228881836,1005700,0.0,0.0
2026-02-20 00:00:00-05:00,8.09000015258789,8.104999542236328,7.585000038146973,8.010000228881836,478000,0.0,0.0
2026-02-23 00:00:00-05:00,8.039999961853027,8.1899995803833,7.925000190734863,8.010000228881836,326100,0.0,0.0
2026-02-24 00:00:00-05:00,7.989999771118164,8.1899995803833,7.925000190734863,8.09000015258789,207400,0.0,0.0
2026-02-25 00:00:00-05:00,8.0600004196167,8.0600004196167,7.679999828338623,7.789999961853027,586100,0.0,0.0
2026-02-26 00:00:00-05:00,7.730000019073486,7.840000152587891,7.690000057220459,7.760000228881836,284900,0.0,0.0
2026-02-27 00:00:00-05:00,7.699999809265137,7.909999847412109,7.675000190734863,7.840000152587891,296200,0.0,0.0
2026-03-02 00:00:00-05:00,7.710000038146973,7.829999923706055,7.579999923706055,7.800000190734863,161500,0.0,0.0
2026-03-03 00:00:00-05:00,7.630000114440918,7.829999923706055,7.550000190734863,7.820000171661377,234200,0.0,0.0
2026-03-04 00:00:00-05:00,7.800000190734863,8.204999923706055,7.800000190734863,8.180000305175781,195000,0.0,0.0
2026-03-05 00:00:00-05:00,8.079999923706055,8.119999885559082,7.96999979019165,8.069999694824219,228500,0.0,0.0
2026-03-06 00:00:00-05:00,7.920000076293945,8.03499984741211,7.855000019073486,7.980000019073486,433900,0.0,0.0
2026-03-09 00:00:00-04:00,7.909999847412109,7.980000019073486,7.651000022888184,7.829999923706055,226900,0.0,0.0
2026-03-10 00:00:00-04:00,7.789999961853027,7.84499979019165,7.639999866485596,7.659999847412109,195300,0.0,0.0
2026-03-11 00:00:00-04:00,7.610000133514404,7.619999885559082,7.230000019073486,7.320000171661377,208100,0.0,0.0
2026-03-12 00:00:00-04:00,7.190000057220459,7.710000038146973,7.190000057220459,7.559999942779541,366200,0.0,0.0
2026-03-13 00:00:00-04:00,7.619999885559082,7.71999979019165,7.519999980926514,7.579999923706055,261800,0.0,0.0
2026-03-16 00:00:00-04:00,7.599999904632568,7.769999980926514,7.570000171661377,7.760000228881836,210500,0.0,0.0
2026-03-17 00:00:00-04:00,7.699999809265137,7.980000019073486,7.650000095367432,7.929999828338623,320300,0.0,0.0
2026-03-18 00:00:00-04:00,7.900000095367432,8.0,7.699999809265137,7.75,346700,0.0,0.0
2026-03-19 00:00:00-04:00,7.659999847412109,7.960000038146973,7.659999847412109,7.960000038146973,280200,0.0,0.0
2026-03-20 00:00:00-04:00,7.960000038146973,7.989999771118164,7.75,7.809999942779541,669300,0.0,0.0
2026-03-23 00:00:00-04:00,7.949999809265137,8.204999923706055,7.922999858856201,8.170000076293945,378900,0.0,0.0
2026-03-24 00:00:00-04:00,8.109999656677246,8.430000305175781,8.109999656677246,8.25,340900,0.0,0.0
2026-03-25 00:00:00-04:00,8.359999656677246,8.489999771118164,8.312999725341797,8.420000076293945,342800,0.0,0.0
2026-03-26 00:00:00-04:00,8.289999961853027,8.479999542236328,8.289999961853027,8.319999694824219,265500,0.0,0.0
2026-03-27 00:00:00-04:00,8.260000228881836,8.399999618530273,8.260000228881836,8.329999923706055,340100,0.0,0.0
2026-03-30 00:00:00-04:00,8.3100004196167,8.583000183105469,7.920000076293945,8.5600004196167,359400,0.0,0.0
2026-03-31 00:00:00-04:00,8.640000343322754,8.789999961853027,8.579999923706055,8.640000343322754,545500,0.0,0.0
2026-04-01 00:00:00-04:00,8.59000015258789,8.600000381469727,8.279999732971191,8.40999984741211,359100,0.0,0.0
2026-04-02 00:00:00-04:00,8.289999961853027,8.380000114440918,8.114999771118164,8.350000381469727,200000,0.0,0.0
2026-04-06 00:00:00-04:00,8.279999732971191,8.510000228881836,8.279999732971191,8.479999542236328,171900,0.0,0.0
2026-04-07 00:00:00-04:00,8.420000076293945,8.444999694824219,8.180000305175781,8.289999961853027,251700,0.0,0.0
2026-04-08 00:00:00-04:00,8.380000114440918,8.470000267028809,8.154999732971191,8.25,219400,0.0,0.0
2026-04-09 00:00:00-04:00,8.180000305175781,8.335000038146973,8.109999656677246,8.329999923706055,163200,0.0,0.0
2026-04-10 00:00:00-04:00,8.329999923706055,8.369999885559082,8.020000457763672,8.130000114440918,165500,0.0,0.0
2026-04-13 00:00:00-04:00,8.119999885559082,8.210000038146973,8.0,8.170000076293945,203700,0.0,0.0
2026-04-14 00:00:00-04:00,8.149999618530273,8.170000076293945,8.039999961853027,8.109999656677246,187700,0.0,0.0
2026-04-15 00:00:00-04:00,8.109999656677246,8.350000381469727,8.0,8.279999732971191,164300,0.0,0.0
2026-04-16 00:00:00-04:00,8.270000457763672,8.449999809265137,8.270000457763672,8.4399995803833,168200,0.0,0.0
2026-04-17 00:00:00-04:00,8.449999809265137,8.729999542236328,8.399999618530273,8.609999656677246,303400,0.0,0.0
2026-04-20 00:00:00-04:00,8.5600004196167,8.710000038146973,8.5600004196167,8.630000114440918,231500,0.0,0.0
2026-04-21 00:00:00-04:00,8.65999984741211,8.65999984741211,8.430000305175781,8.460000038146973,109000,0.0,0.0
