Date,Open,High,Low,Close,Volume,Dividends,Stock Splits
2022-01-03 00:00:00-05:00,16.239999771118164,16.6299991607666,16.079999923706055,16.25,479400,0.0,0.0
2022-01-04 00:00:00-05:00,16.8700008392334,16.950000762939453,16.260000228881836,16.440000534057617,601800,0.0,0.0
2022-01-05 00:00:00-05:00,16.459999084472656,16.510000228881836,15.90999984741211,15.90999984741211,513900,0.0,0.0
2022-01-06 00:00:00-05:00,16.0,16.209999084472656,15.5600004196167,16.0,344200,0.0,0.0
2022-01-07 00:00:00-05:00,15.949999809265137,16.030000686645508,15.210000038146973,15.619999885559082,394200,0.0,0.0
2022-01-10 00:00:00-05:00,14.619999885559082,14.670000076293945,14.0,14.279999732971191,870800,0.0,0.0
2022-01-11 00:00:00-05:00,14.350000381469727,14.520000457763672,13.970000267028809,14.470000267028809,478800,0.0,0.0
2022-01-12 00:00:00-05:00,14.5,14.539999961853027,13.579999923706055,13.770000457763672,711900,0.0,0.0
2022-01-13 00:00:00-05:00,13.890000343322754,13.960000038146973,13.4399995803833,13.489999771118164,457100,0.0,0.0
2022-01-14 00:00:00-05:00,13.289999961853027,13.34000015258789,12.579999923706055,12.960000038146973,538300,0.0,0.0
2022-01-18 00:00:00-05:00,13.0,13.029999732971191,12.65999984741211,12.779999732971191,506300,0.0,0.0
2022-01-19 00:00:00-05:00,12.869999885559082,13.15999984741211,12.770000457763672,12.970000267028809,549200,0.0,0.0
2022-01-20 00:00:00-05:00,12.880000114440918,13.069999694824219,11.859999656677246,11.920000076293945,637900,0.0,0.0
2022-01-21 00:00:00-05:00,11.779999732971191,12.489999771118164,11.609999656677246,12.029999732971191,517800,0.0,0.0
2022-01-24 00:00:00-05:00,11.8100004196167,13.119999885559082,11.760000228881836,13.050000190734863,718800,0.0,0.0
2022-01-25 00:00:00-05:00,12.699999809265137,13.460000038146973,12.609999656677246,13.3100004196167,528300,0.0,0.0
2022-01-26 00:00:00-05:00,13.4399995803833,13.539999961853027,12.670000076293945,12.779999732971191,322600,0.0,0.0
2022-01-27 00:00:00-05:00,12.90999984741211,13.180000305175781,12.609999656677246,12.75,297800,0.0,0.0
2022-01-28 00:00:00-05:00,12.699999809265137,12.75,12.3100004196167,12.739999771118164,320600,0.0,0.0
2022-01-31 00:00:00-05:00,12.59000015258789,13.1899995803833,12.470000267028809,13.180000305175781,543400,0.0,0.0
2022-02-01 00:00:00-05:00,13.180000305175781,13.470000267028809,12.920000076293945,13.279999732971191,375400,0.0,0.0
2022-02-02 00:00:00-05:00,13.239999771118164,13.239999771118164,12.600000381469727,12.850000381469727,443900,0.0,0.0
2022-02-03 00:00:00-05:00,12.6899995803833,13.140000343322754,12.5600004196167,12.699999809265137,431800,0.0,0.0
2022-02-04 00:00:00-05:00,12.65999984741211,12.989999771118164,12.369999885559082,12.859999656677246,399400,0.0,0.0
2022-02-07 00:00:00-05:00,12.869999885559082,13.149999618530273,12.65999984741211,13.029999732971191,272500,0.0,0.0
2022-02-08 00:00:00-05:00,13.039999961853027,13.4399995803833,13.039999961853027,13.319999694824219,324400,0.0,0.0
2022-02-09 00:00:00-05:00,13.649999618530273,13.84000015258789,13.300000190734863,13.520000457763672,346000,0.0,0.0
2022-02-10 00:00:00-05:00,13.289999961853027,13.800000190734863,13.229999542236328,13.390000343322754,331100,0.0,0.0
2022-02-11 00:00:00-05:00,13.399999618530273,13.520000457763672,12.9399995803833,13.079999923706055,303000,0.0,0.0
2022-02-14 00:00:00-05:00,13.079999923706055,13.260000228881836,12.720000267028809,12.8100004196167,296300,0.0,0.0
2022-02-15 00:00:00-05:00,13.130000114440918,13.369999885559082,13.020000457763672,13.289999961853027,217800,0.0,0.0
2022-02-16 00:00:00-05:00,13.239999771118164,13.420000076293945,13.09000015258789,13.220000267028809,325300,0.0,0.0
2022-02-17 00:00:00-05:00,13.050000190734863,13.09000015258789,12.699999809265137,12.760000228881836,238500,0.0,0.0
2022-02-18 00:00:00-05:00,12.699999809265137,13.0,12.65999984741211,12.84000015258789,281300,0.0,0.0
2022-02-22 00:00:00-05:00,12.670000076293945,13.020000457763672,12.470000267028809,12.569999694824219,234900,0.0,0.0
2022-02-23 00:00:00-05:00,12.619999885559082,12.699999809265137,12.260000228881836,12.3100004196167,283500,0.0,0.0
2022-02-24 00:00:00-05:00,12.0,12.9399995803833,11.770000457763672,12.880000114440918,289500,0.0,0.0
2022-02-25 00:00:00-05:00,12.84000015258789,13.25,12.609999656677246,13.1899995803833,241300,0.0,0.0
2022-02-28 00:00:00-05:00,13.010000228881836,13.050000190734863,12.619999885559082,12.699999809265137,323400,0.0,0.0
2022-03-01 00:00:00-05:00,12.789999961853027,12.789999961853027,12.149999618530273,12.25,469800,0.0,0.0
2022-03-02 00:00:00-05:00,12.3100004196167,13.100000381469727,12.3100004196167,12.899999618530273,363300,0.0,0.0
2022-03-03 00:00:00-05:00,12.75,13.0600004196167,12.539999961853027,12.859999656677246,395800,0.0,0.0
2022-03-04 00:00:00-05:00,12.739999771118164,12.789999961853027,12.279999732971191,12.5600004196167,381700,0.0,0.0
2022-03-07 00:00:00-05:00,12.649999618530273,12.670000076293945,11.449999809265137,11.470000267028809,426300,0.0,0.0
2022-03-08 00:00:00-05:00,11.5,12.079999923706055,11.479999542236328,11.819999694824219,528400,0.0,0.0
2022-03-09 00:00:00-05:00,12.09000015258789,12.350000381469727,12.069999694824219,12.149999618530273,443000,0.0,0.0
2022-03-10 00:00:00-05:00,12.010000228881836,12.279999732971191,11.90999984741211,12.25,767700,0.0,0.0
2022-03-11 00:00:00-05:00,9.5600004196167,9.899999618530273,9.0,9.300000190734863,3022900,0.0,0.0
2022-03-14 00:00:00-04:00,9.239999771118164,9.289999961853027,8.960000038146973,9.130000114440918,1024600,0.0,0.0
2022-03-15 00:00:00-04:00,9.539999961853027,9.800000190734863,9.220000267028809,9.6899995803833,965400,0.0,0.0
2022-03-16 00:00:00-04:00,9.800000190734863,10.0600004196167,9.489999771118164,9.720000267028809,846400,0.0,0.0
2022-03-17 00:00:00-04:00,9.600000381469727,9.65999984741211,9.149999618530273,9.619999885559082,732800,0.0,0.0
2022-03-18 00:00:00-04:00,9.649999618530273,10.050000190734863,9.649999618530273,9.869999885559082,782600,0.0,0.0
2022-03-21 00:00:00-04:00,9.779999732971191,9.869999885559082,9.199999809265137,9.260000228881836,652700,0.0,0.0
2022-03-22 00:00:00-04:00,9.34000015258789,9.630000114440918,9.34000015258789,9.539999961853027,428300,0.0,0.0
2022-03-23 00:00:00-04:00,9.460000038146973,9.649999618530273,9.430000305175781,9.449999809265137,383400,0.0,0.0
2022-03-24 00:00:00-04:00,9.430000305175781,9.520000457763672,9.25,9.399999618530273,368200,0.0,0.0
2022-03-25 00:00:00-04:00,9.399999618530273,9.510000228881836,9.239999771118164,9.270000457763672,397600,0.0,0.0
2022-03-28 00:00:00-04:00,9.25,9.5600004196167,9.149999618530273,9.5600004196167,444100,0.0,0.0
2022-03-29 00:00:00-04:00,9.59000015258789,10.050000190734863,9.59000015258789,9.75,880800,0.0,0.0
2022-03-30 00:00:00-04:00,9.5,9.630000114440918,9.300000190734863,9.319999694824219,731900,0.0,0.0
2022-03-31 00:00:00-04:00,9.329999923706055,9.399999618530273,9.15999984741211,9.359999656677246,756600,0.0,0.0
2022-04-01 00:00:00-04:00,9.319999694824219,9.319999694824219,9.0,9.119999885559082,595300,0.0,0.0
2022-04-04 00:00:00-04:00,9.100000381469727,9.289999961853027,9.020000457763672,9.0600004196167,450500,0.0,0.0
2022-04-05 00:00:00-04:00,9.079999923706055,9.149999618530273,8.930000305175781,9.020000457763672,342000,0.0,0.0
2022-04-06 00:00:00-04:00,9.0,9.109999656677246,8.760000228881836,9.0,516100,0.0,0.0
2022-04-07 00:00:00-04:00,9.0,9.1899995803833,8.930000305175781,9.119999885559082,386800,0.0,0.0
2022-04-08 00:00:00-04:00,9.130000114440918,9.300000190734863,9.069999694824219,9.140000343322754,369400,0.0,0.0
2022-04-11 00:00:00-04:00,9.029999732971191,9.380000114440918,9.010000228881836,9.09000015258789,381500,0.0,0.0
2022-04-12 00:00:00-04:00,9.229999542236328,9.460000038146973,8.989999771118164,9.039999961853027,359500,0.0,0.0
2022-04-13 00:00:00-04:00,9.109999656677246,9.399999618530273,9.109999656677246,9.220000267028809,373900,0.0,0.0
2022-04-14 00:00:00-04:00,9.210000038146973,9.350000381469727,9.0,9.029999732971191,365000,0.0,0.0
2022-04-18 00:00:00-04:00,8.989999771118164,9.149999618530273,8.920000076293945,9.029999732971191,337200,0.0,0.0
2022-04-19 00:00:00-04:00,9.039999961853027,9.300000190734863,8.989999771118164,9.220000267028809,244000,0.0,0.0
2022-04-20 00:00:00-04:00,9.220000267028809,9.279999732971191,9.0,9.010000228881836,231700,0.0,0.0
2022-04-21 00:00:00-04:00,9.130000114440918,9.279999732971191,9.0,9.100000381469727,339900,0.0,0.0
2022-04-22 00:00:00-04:00,9.0,9.079999923706055,8.829999923706055,8.859999656677246,569400,0.0,0.0
2022-04-25 00:00:00-04:00,8.800000190734863,9.0,8.680000305175781,8.960000038146973,465800,0.0,0.0
2022-04-26 00:00:00-04:00,8.880000114440918,8.970000267028809,8.609999656677246,8.680000305175781,568000,0.0,0.0
2022-04-27 00:00:00-04:00,8.649999618530273,8.819999694824219,8.619999885559082,8.65999984741211,394900,0.0,0.0
2022-04-28 00:00:00-04:00,8.789999961853027,9.140000343322754,8.630000114440918,9.079999923706055,407500,0.0,0.0
2022-04-29 00:00:00-04:00,8.989999771118164,9.069999694824219,8.800000190734863,8.819999694824219,353600,0.0,0.0
2022-05-02 00:00:00-04:00,8.75,8.850000381469727,8.609999656677246,8.760000228881836,461300,0.0,0.0
2022-05-03 00:00:00-04:00,8.770000457763672,8.899999618530273,8.5600004196167,8.800000190734863,300100,0.0,0.0
2022-05-04 00:00:00-04:00,8.819999694824219,9.050000190734863,8.5600004196167,9.029999732971191,232400,0.0,0.0
2022-05-05 00:00:00-04:00,8.930000305175781,8.970000267028809,8.4399995803833,8.59000015258789,320700,0.0,0.0
2022-05-06 00:00:00-04:00,8.5,8.619999885559082,8.329999923706055,8.520000457763672,332100,0.0,0.0
2022-05-09 00:00:00-04:00,8.40999984741211,8.6899995803833,8.399999618530273,8.520000457763672,359300,0.0,0.0
2022-05-10 00:00:00-04:00,8.699999809265137,8.699999809265137,8.239999771118164,8.520000457763672,329000,0.0,0.0
2022-05-11 00:00:00-04:00,8.59000015258789,8.699999809265137,8.229999542236328,8.260000228881836,335500,0.0,0.0
2022-05-12 00:00:00-04:00,8.25,8.649999618530273,8.149999618530273,8.539999961853027,247100,0.0,0.0
2022-05-13 00:00:00-04:00,8.649999618530273,8.890000343322754,8.59000015258789,8.779999732971191,449200,0.0,0.0
2022-05-16 00:00:00-04:00,8.699999809265137,8.75,8.430000305175781,8.510000228881836,280900,0.0,0.0
2022-05-17 00:00:00-04:00,8.630000114440918,8.770000457763672,8.470000267028809,8.739999771118164,186600,0.0,0.0
2022-05-18 00:00:00-04:00,8.5600004196167,8.699999809265137,8.140000343322754,8.229999542236328,339900,0.0,0.0
2022-05-19 00:00:00-04:00,8.140000343322754,8.34000015258789,8.050000190734863,8.079999923706055,329900,0.0,0.0
2022-05-20 00:00:00-04:00,8.170000076293945,8.170000076293945,7.800000190734863,8.069999694824219,418000,0.0,0.0
2022-05-23 00:00:00-04:00,8.09000015258789,8.289999961853027,7.809999942779541,8.199999809265137,495800,0.0,0.0
2022-05-24 00:00:00-04:00,8.029999732971191,8.130000114440918,7.539999961853027,7.690000057220459,936000,0.0,0.0
2022-05-25 00:00:00-04:00,7.679999828338623,8.510000228881836,7.679999828338623,8.40999984741211,421900,0.0,0.0
2022-05-26 00:00:00-04:00,8.5600004196167,8.989999771118164,8.489999771118164,8.890000343322754,244300,0.0,0.0
2022-05-27 00:00:00-04:00,8.880000114440918,8.970000267028809,8.600000381469727,8.6899995803833,409500,0.0,0.0
2022-05-31 00:00:00-04:00,8.649999618530273,8.649999618530273,8.239999771118164,8.279999732971191,331600,0.0,0.0
2022-06-01 00:00:00-04:00,8.380000114440918,8.420000076293945,8.210000038146973,8.25,309600,0.0,0.0
2022-06-02 00:00:00-04:00,8.279999732971191,8.550000190734863,8.220000267028809,8.430000305175781,534800,0.0,0.0
2022-06-03 00:00:00-04:00,7.699999809265137,8.510000228881836,7.699999809265137,8.140000343322754,1025000,0.0,0.0
2022-06-06 00:00:00-04:00,8.079999923706055,8.079999923706055,7.769999980926514,7.960000038146973,495200,0.0,0.0
2022-06-07 00:00:00-04:00,7.800000190734863,7.96999979019165,7.699999809265137,7.699999809265137,499000,0.0,0.0
2022-06-08 00:00:00-04:00,7.71999979019165,7.71999979019165,7.519999980926514,7.599999904632568,485600,0.0,0.0
2022-06-09 00:00:00-04:00,7.53000020980835,7.599999904632568,7.449999809265137,7.5,351900,0.0,0.0
2022-06-10 00:00:00-04:00,7.449999809265137,7.539999961853027,7.25,7.28000020980835,487500,0.0,0.0
2022-06-13 00:00:00-04:00,7.210000038146973,7.539999961853027,7.210000038146973,7.440000057220459,395300,0.0,0.0
2022-06-14 00:00:00-04:00,7.360000133514404,7.619999885559082,7.360000133514404,7.480000019073486,242900,0.0,0.0
2022-06-15 00:00:00-04:00,7.480000019073486,7.670000076293945,7.460000038146973,7.559999942779541,219100,0.0,0.0
2022-06-16 00:00:00-04:00,7.429999828338623,7.429999828338623,7.070000171661377,7.239999771118164,568700,0.0,0.0
2022-06-17 00:00:00-04:00,7.230000019073486,7.349999904632568,7.099999904632568,7.320000171661377,296400,0.0,0.0
2022-06-21 00:00:00-04:00,7.610000133514404,7.679999828338623,7.429999828338623,7.449999809265137,214300,0.0,0.0
2022-06-22 00:00:00-04:00,7.380000114440918,7.599999904632568,7.289999961853027,7.400000095367432,134800,0.0,0.0
2022-06-23 00:00:00-04:00,7.46999979019165,7.599999904632568,7.389999866485596,7.599999904632568,233200,0.0,0.0
2022-06-24 00:00:00-04:00,7.590000152587891,7.820000171661377,7.539999961853027,7.610000133514404,237900,0.0,0.0
2022-06-27 00:00:00-04:00,7.679999828338623,7.789999961853027,7.480000019073486,7.559999942779541,131300,0.0,0.0
2022-06-28 00:00:00-04:00,7.550000190734863,7.670000076293945,7.380000114440918,7.400000095367432,292200,0.0,0.0
2022-06-29 00:00:00-04:00,7.519999980926514,7.519999980926514,7.130000114440918,7.210000038146973,161300,0.0,0.0
2022-06-30 00:00:00-04:00,7.119999885559082,7.21999979019165,6.920000076293945,7.019999980926514,242800,0.0,0.0
2022-07-01 00:00:00-04:00,6.96999979019165,7.159999847412109,6.869999885559082,7.119999885559082,169300,0.0,0.0
2022-07-05 00:00:00-04:00,7.0,7.309999942779541,6.96999979019165,7.289999961853027,244400,0.0,0.0
2022-07-06 00:00:00-04:00,7.409999847412109,7.460000038146973,7.010000228881836,7.130000114440918,277100,0.0,0.0
2022-07-07 00:00:00-04:00,7.130000114440918,7.53000020980835,7.079999923706055,7.480000019073486,235400,0.0,0.0
2022-07-08 00:00:00-04:00,7.46999979019165,7.679999828338623,7.409999847412109,7.650000095367432,178500,0.0,0.0
2022-07-11 00:00:00-04:00,7.610000133514404,7.730000019073486,7.489999771118164,7.559999942779541,189200,0.0,0.0
2022-07-12 00:00:00-04:00,7.510000228881836,7.809999942779541,7.510000228881836,7.78000020980835,214400,0.0,0.0
2022-07-13 00:00:00-04:00,7.630000114440918,7.900000095367432,7.599999904632568,7.869999885559082,205800,0.0,0.0
2022-07-14 00:00:00-04:00,7.739999771118164,7.829999923706055,7.559999942779541,7.679999828338623,202600,0.0,0.0
2022-07-15 00:00:00-04:00,7.829999923706055,7.869999885559082,7.679999828338623,7.809999942779541,138800,0.0,0.0
2022-07-18 00:00:00-04:00,7.869999885559082,8.069999694824219,7.769999980926514,7.849999904632568,169700,0.0,0.0
2022-07-19 00:00:00-04:00,7.940000057220459,8.109999656677246,7.940000057220459,8.0,275900,0.0,0.0
2022-07-20 00:00:00-04:00,8.0,8.140000343322754,7.880000114440918,8.079999923706055,242200,0.0,0.0
2022-07-21 00:00:00-04:00,8.09000015258789,8.09000015258789,7.869999885559082,8.0,134900,0.0,0.0
2022-07-22 00:00:00-04:00,8.0,8.170000076293945,7.820000171661377,7.989999771118164,290100,0.0,0.0
2022-07-25 00:00:00-04:00,8.0600004196167,8.0600004196167,7.869999885559082,7.900000095367432,136100,0.0,0.0
2022-07-26 00:00:00-04:00,7.769999980926514,7.769999980926514,7.480000019073486,7.539999961853027,150700,0.0,0.0
2022-07-27 00:00:00-04:00,7.590000152587891,7.75,7.420000076293945,7.71999979019165,163400,0.0,0.0
2022-07-28 00:00:00-04:00,7.699999809265137,7.820000171661377,7.619999885559082,7.659999847412109,230300,0.0,0.0
2022-07-29 00:00:00-04:00,7.730000019073486,7.820000171661377,7.519999980926514,7.570000171661377,335400,0.0,0.0
2022-08-01 00:00:00-04:00,7.46999979019165,7.940000057220459,7.46999979019165,7.820000171661377,312200,0.0,0.0
2022-08-02 00:00:00-04:00,7.789999961853027,7.880000114440918,7.670000076293945,7.710000038146973,158600,0.0,0.0
2022-08-03 00:00:00-04:00,7.820000171661377,8.069999694824219,7.820000171661377,7.980000019073486,309100,0.0,0.0
2022-08-04 00:00:00-04:00,8.0,8.0600004196167,7.940000057220459,7.960000038146973,104900,0.0,0.0
2022-08-05 00:00:00-04:00,7.900000095367432,7.949999809265137,7.730000019073486,7.769999980926514,159400,0.0,0.0
2022-08-08 00:00:00-04:00,7.849999904632568,8.239999771118164,7.849999904632568,7.949999809265137,273300,0.0,0.0
2022-08-09 00:00:00-04:00,7.960000038146973,7.960000038146973,7.53000020980835,7.579999923706055,193900,0.0,0.0
2022-08-10 00:00:00-04:00,7.71999979019165,7.880000114440918,7.699999809265137,7.769999980926514,253400,0.0,0.0
2022-08-11 00:00:00-04:00,7.869999885559082,8.100000381469727,7.869999885559082,7.96999979019165,130300,0.0,0.0
2022-08-12 00:00:00-04:00,7.980000019073486,8.260000228881836,7.929999828338623,8.239999771118164,168700,0.0,0.0
2022-08-15 00:00:00-04:00,8.199999809265137,8.239999771118164,8.020000457763672,8.029999732971191,242300,0.0,0.0
2022-08-16 00:00:00-04:00,8.100000381469727,8.390000343322754,8.0600004196167,8.25,602100,0.0,0.0
2022-08-17 00:00:00-04:00,8.210000038146973,8.369999885559082,8.050000190734863,8.279999732971191,307700,0.0,0.0
2022-08-18 00:00:00-04:00,8.210000038146973,8.470000267028809,8.079999923706055,8.460000038146973,172500,0.0,0.0
2022-08-19 00:00:00-04:00,8.420000076293945,8.460000038146973,8.260000228881836,8.399999618530273,163100,0.0,0.0
2022-08-22 00:00:00-04:00,8.25,8.25,7.940000057220459,7.989999771118164,295400,0.0,0.0
2022-08-23 00:00:00-04:00,7.929999828338623,8.15999984741211,7.920000076293945,7.980000019073486,217400,0.0,0.0
2022-08-24 00:00:00-04:00,7.989999771118164,8.029999732971191,7.849999904632568,7.920000076293945,173400,0.0,0.0
2022-08-25 00:00:00-04:00,7.889999866485596,8.15999984741211,7.869999885559082,8.050000190734863,139100,0.0,0.0
2022-08-26 00:00:00-04:00,8.119999885559082,8.180000305175781,7.929999828338623,7.960000038146973,137100,0.0,0.0
2022-08-29 00:00:00-04:00,7.920000076293945,8.020000457763672,7.849999904632568,7.849999904632568,198900,0.0,0.0
2022-08-30 00:00:00-04:00,7.929999828338623,7.949999809265137,7.670000076293945,7.670000076293945,214900,0.0,0.0
2022-08-31 00:00:00-04:00,7.650000095367432,7.650000095367432,7.360000133514404,7.5,270900,0.0,0.0
2022-09-01 00:00:00-04:00,7.440000057220459,7.5,7.199999809265137,7.329999923706055,353600,0.0,0.0
2022-09-02 00:00:00-04:00,7.0,7.139999866485596,6.650000095367432,6.820000171661377,938800,0.0,0.0
2022-09-06 00:00:00-04:00,6.789999961853027,7.039999961853027,6.75,6.920000076293945,470200,0.0,0.0
2022-09-07 00:00:00-04:00,6.900000095367432,7.119999885559082,6.900000095367432,7.039999961853027,368900,0.0,0.0
2022-09-08 00:00:00-04:00,6.929999828338623,6.989999771118164,6.800000190734863,6.849999904632568,393300,0.0,0.0
2022-09-09 00:00:00-04:00,6.960000038146973,7.059999942779541,6.889999866485596,7.019999980926514,279700,0.0,0.0
2022-09-12 00:00:00-04:00,7.309999942779541,7.5,7.159999847412109,7.179999828338623,286100,0.0,0.0
2022-09-13 00:00:00-04:00,6.989999771118164,7.019999980926514,6.880000114440918,6.940000057220459,329700,0.0,0.0
2022-09-14 00:00:00-04:00,6.900000095367432,7.019999980926514,6.880000114440918,6.980000019073486,272500,0.0,0.0
2022-09-15 00:00:00-04:00,6.960000038146973,7.150000095367432,6.960000038146973,7.090000152587891,201200,0.0,0.0
2022-09-16 00:00:00-04:00,7.139999866485596,7.360000133514404,7.070000171661377,7.340000152587891,348800,0.0,0.0
2022-09-19 00:00:00-04:00,7.28000020980835,7.460000038146973,7.25,7.460000038146973,190000,0.0,0.0
2022-09-20 00:00:00-04:00,7.329999923706055,7.480000019073486,7.199999809265137,7.340000152587891,242600,0.0,0.0
2022-09-21 00:00:00-04:00,7.369999885559082,7.400000095367432,7.079999923706055,7.170000076293945,307000,0.0,0.0
2022-09-22 00:00:00-04:00,7.179999828338623,7.239999771118164,7.119999885559082,7.210000038146973,158500,0.0,0.0
2022-09-23 00:00:00-04:00,7.079999923706055,7.130000114440918,6.880000114440918,7.059999942779541,267000,0.0,0.0
2022-09-26 00:00:00-04:00,7.0,7.199999809265137,6.940000057220459,7.0,204900,0.0,0.0
2022-09-27 00:00:00-04:00,7.03000020980835,7.150000095367432,6.929999828338623,7.019999980926514,153100,0.0,0.0
2022-09-28 00:00:00-04:00,7.119999885559082,7.309999942779541,7.070000171661377,7.260000228881836,126200,0.0,0.0
2022-09-29 00:00:00-04:00,7.179999828338623,7.239999771118164,6.96999979019165,7.059999942779541,216400,0.0,0.0
2022-09-30 00:00:00-04:00,6.920000076293945,7.090000152587891,6.730000019073486,6.920000076293945,333600,0.0,0.0
2022-10-03 00:00:00-04:00,7.079999923706055,7.300000190734863,7.03000020980835,7.199999809265137,306300,0.0,0.0
2022-10-04 00:00:00-04:00,7.289999961853027,7.570000171661377,7.289999961853027,7.559999942779541,253800,0.0,0.0
2022-10-05 00:00:00-04:00,7.400000095367432,7.619999885559082,7.389999866485596,7.599999904632568,206000,0.0,0.0
2022-10-06 00:00:00-04:00,7.570000171661377,7.670000076293945,7.480000019073486,7.550000190734863,135900,0.0,0.0
2022-10-07 00:00:00-04:00,7.510000228881836,7.539999961853027,7.25,7.46999979019165,200700,0.0,0.0
2022-10-10 00:00:00-04:00,7.53000020980835,7.579999923706055,7.380000114440918,7.429999828338623,176700,0.0,0.0
2022-10-11 00:00:00-04:00,7.360000133514404,7.599999904632568,7.349999904632568,7.440000057220459,166700,0.0,0.0
2022-10-12 00:00:00-04:00,7.480000019073486,7.480000019073486,7.329999923706055,7.380000114440918,167000,0.0,0.0
2022-10-13 00:00:00-04:00,7.309999942779541,7.679999828338623,7.210000038146973,7.559999942779541,224700,0.0,0.0
2022-10-14 00:00:00-04:00,7.670000076293945,7.849999904632568,7.440000057220459,7.699999809265137,279200,0.0,0.0
2022-10-17 00:00:00-04:00,7.880000114440918,7.929999828338623,7.789999961853027,7.869999885559082,149600,0.0,0.0
2022-10-18 00:00:00-04:00,8.0,8.119999885559082,7.860000133514404,7.949999809265137,127100,0.0,0.0
2022-10-19 00:00:00-04:00,7.889999866485596,7.940000057220459,7.739999771118164,7.920000076293945,125600,0.0,0.0
2022-10-20 00:00:00-04:00,7.940000057220459,8.170000076293945,7.809999942779541,7.869999885559082,120300,0.0,0.0
2022-10-21 00:00:00-04:00,7.920000076293945,8.199999809265137,7.920000076293945,8.149999618530273,115400,0.0,0.0
2022-10-24 00:00:00-04:00,8.210000038146973,8.300000190734863,8.050000190734863,8.270000457763672,100200,0.0,0.0
2022-10-25 00:00:00-04:00,8.300000190734863,8.670000076293945,8.279999732971191,8.600000381469727,106800,0.0,0.0
2022-10-26 00:00:00-04:00,8.670000076293945,8.779999732971191,8.539999961853027,8.5600004196167,120700,0.0,0.0
2022-10-27 00:00:00-04:00,8.59000015258789,8.729999542236328,8.5,8.59000015258789,71600,0.0,0.0
2022-10-28 00:00:00-04:00,8.59000015258789,8.9399995803833,8.59000015258789,8.850000381469727,130800,0.0,0.0
2022-10-31 00:00:00-04:00,8.859999656677246,8.890000343322754,8.770000457763672,8.859999656677246,147700,0.0,0.0
2022-11-01 00:00:00-04:00,8.970000267028809,9.09000015258789,8.880000114440918,9.0600004196167,107600,0.0,0.0
2022-11-02 00:00:00-04:00,9.0,9.220000267028809,8.880000114440918,8.979999542236328,248900,0.0,0.0
2022-11-03 00:00:00-04:00,8.949999809265137,8.979999542236328,8.819999694824219,8.90999984741211,159900,0.0,0.0
2022-11-04 00:00:00-04:00,9.029999732971191,9.25,8.970000267028809,9.170000076293945,162800,0.0,0.0
2022-11-07 00:00:00-05:00,9.1899995803833,9.329999923706055,9.130000114440918,9.3100004196167,133300,0.0,0.0
2022-11-08 00:00:00-05:00,9.3100004196167,9.489999771118164,9.100000381469727,9.34000015258789,157000,0.0,0.0
2022-11-09 00:00:00-05:00,9.270000457763672,9.279999732971191,8.819999694824219,9.020000457763672,198400,0.0,0.0
2022-11-10 00:00:00-05:00,9.380000114440918,10.0,9.079999923706055,9.350000381469727,286300,0.0,0.0
2022-11-11 00:00:00-05:00,9.350000381469727,9.779999732971191,9.300000190734863,9.460000038146973,197900,0.0,0.0
2022-11-14 00:00:00-05:00,9.380000114440918,9.40999984741211,9.170000076293945,9.329999923706055,209100,0.0,0.0
2022-11-15 00:00:00-05:00,9.529999732971191,9.619999885559082,9.279999732971191,9.390000343322754,163900,0.0,0.0
2022-11-16 00:00:00-05:00,9.239999771118164,9.239999771118164,8.760000228881836,8.90999984741211,230800,0.0,0.0
2022-11-17 00:00:00-05:00,8.850000381469727,9.069999694824219,8.670000076293945,9.050000190734863,126100,0.0,0.0
2022-11-18 00:00:00-05:00,9.329999923706055,9.4399995803833,9.15999984741211,9.229999542236328,162800,0.0,0.0
2022-11-21 00:00:00-05:00,9.1899995803833,9.270000457763672,8.90999984741211,9.140000343322754,171500,0.0,0.0
2022-11-22 00:00:00-05:00,9.1899995803833,9.449999809265137,9.140000343322754,9.40999984741211,191100,0.0,0.0
2022-11-23 00:00:00-05:00,9.369999885559082,9.479999542236328,9.170000076293945,9.40999984741211,144100,0.0,0.0
2022-11-25 00:00:00-05:00,9.460000038146973,9.600000381469727,9.4399995803833,9.600000381469727,55000,0.0,0.0
2022-11-28 00:00:00-05:00,9.449999809265137,9.59000015258789,9.329999923706055,9.479999542236328,228800,0.0,0.0
2022-11-29 00:00:00-05:00,9.430000305175781,9.539999961853027,9.380000114440918,9.449999809265137,224700,0.0,0.0
2022-11-30 00:00:00-05:00,9.479999542236328,9.520000457763672,9.260000228881836,9.5,205200,0.0,0.0
2022-12-01 00:00:00-05:00,9.550000190734863,9.59000015258789,8.8100004196167,8.869999885559082,312600,0.0,0.0
2022-12-02 00:00:00-05:00,9.4399995803833,10.350000381469727,9.4399995803833,9.880000114440918,888600,0.0,0.0
2022-12-05 00:00:00-05:00,9.899999618530273,9.989999771118164,9.479999542236328,9.670000076293945,240800,0.0,0.0
2022-12-06 00:00:00-05:00,9.6899995803833,9.770000457763672,9.369999885559082,9.550000190734863,316100,0.0,0.0
2022-12-07 00:00:00-05:00,9.510000228881836,9.800000190734863,9.470000267028809,9.5600004196167,169200,0.0,0.0
2022-12-08 00:00:00-05:00,9.569999694824219,9.699999809265137,9.5600004196167,9.640000343322754,183700,0.0,0.0
2022-12-09 00:00:00-05:00,9.390000343322754,9.600000381469727,9.260000228881836,9.380000114440918,175800,0.0,0.0
2022-12-12 00:00:00-05:00,9.260000228881836,9.420000076293945,9.149999618530273,9.390000343322754,167900,0.0,0.0
2022-12-13 00:00:00-05:00,9.699999809265137,9.699999809265137,9.369999885559082,9.4399995803833,221900,0.0,0.0
2022-12-14 00:00:00-05:00,9.449999809265137,9.600000381469727,9.369999885559082,9.510000228881836,148200,0.0,0.0
2022-12-15 00:00:00-05:00,9.420000076293945,9.5,9.039999961853027,9.149999618530273,177900,0.0,0.0
2022-12-16 00:00:00-05:00,8.989999771118164,9.180000305175781,8.899999618530273,8.9399995803833,247300,0.0,0.0
2022-12-19 00:00:00-05:00,8.949999809265137,8.989999771118164,8.569999694824219,8.619999885559082,133400,0.0,0.0
2022-12-20 00:00:00-05:00,8.579999923706055,8.699999809265137,8.4399995803833,8.479999542236328,443700,0.0,0.0
2022-12-21 00:00:00-05:00,8.609999656677246,8.819999694824219,8.5,8.699999809265137,430100,0.0,0.0
2022-12-22 00:00:00-05:00,8.619999885559082,8.75,8.449999809265137,8.680000305175781,176000,0.0,0.0
2022-12-23 00:00:00-05:00,8.640000343322754,8.899999618530273,8.59000015258789,8.859999656677246,128100,0.0,0.0
2022-12-27 00:00:00-05:00,8.770000457763672,8.970000267028809,8.760000228881836,8.850000381469727,98400,0.0,0.0
2022-12-28 00:00:00-05:00,8.800000190734863,8.949999809265137,8.710000038146973,8.880000114440918,153600,0.0,0.0
2022-12-29 00:00:00-05:00,8.890000343322754,9.149999618530273,8.890000343322754,9.100000381469727,148100,0.0,0.0
2022-12-30 00:00:00-05:00,9.069999694824219,9.239999771118164,9.039999961853027,9.050000190734863,215600,0.0,0.0
2023-01-03 00:00:00-05:00,9.15999984741211,9.319999694824219,9.050000190734863,9.149999618530273,109400,0.0,0.0
2023-01-04 00:00:00-05:00,9.229999542236328,9.350000381469727,9.119999885559082,9.149999618530273,162000,0.0,0.0
2023-01-05 00:00:00-05:00,9.020000457763672,9.170000076293945,8.880000114440918,8.90999984741211,164600,0.0,0.0
2023-01-06 00:00:00-05:00,9.0,9.130000114440918,8.859999656677246,8.930000305175781,264800,0.0,0.0
2023-01-09 00:00:00-05:00,8.25,8.84000015258789,8.010000228881836,8.670000076293945,242300,0.0,0.0
2023-01-10 00:00:00-05:00,8.510000228881836,8.65999984741211,8.359999656677246,8.630000114440918,260700,0.0,0.0
2023-01-11 00:00:00-05:00,8.800000190734863,9.15999984741211,8.699999809265137,8.989999771118164,542900,0.0,0.0
2023-01-12 00:00:00-05:00,8.880000114440918,9.100000381469727,8.869999885559082,8.970000267028809,285000,0.0,0.0
2023-01-13 00:00:00-05:00,8.739999771118164,8.9399995803833,8.59000015258789,8.6899995803833,307100,0.0,0.0
2023-01-17 00:00:00-05:00,8.5,8.640000343322754,8.319999694824219,8.470000267028809,227100,0.0,0.0
2023-01-18 00:00:00-05:00,8.399999618530273,8.569999694824219,8.199999809265137,8.260000228881836,180800,0.0,0.0
2023-01-19 00:00:00-05:00,8.109999656677246,8.119999885559082,7.900000095367432,7.980000019073486,177100,0.0,0.0
2023-01-20 00:00:00-05:00,8.010000228881836,8.050000190734863,7.860000133514404,7.949999809265137,129300,0.0,0.0
2023-01-23 00:00:00-05:00,7.96999979019165,8.210000038146973,7.96999979019165,8.170000076293945,100000,0.0,0.0
2023-01-24 00:00:00-05:00,8.100000381469727,8.279999732971191,8.100000381469727,8.220000267028809,94200,0.0,0.0
2023-01-25 00:00:00-05:00,8.210000038146973,8.5,8.119999885559082,8.470000267028809,87300,0.0,0.0
2023-01-26 00:00:00-05:00,8.529999732971191,8.65999984741211,8.5,8.59000015258789,102800,0.0,0.0
2023-01-27 00:00:00-05:00,8.609999656677246,8.710000038146973,8.569999694824219,8.699999809265137,129900,0.0,0.0
2023-01-30 00:00:00-05:00,8.619999885559082,8.75,8.479999542236328,8.59000015258789,78500,0.0,0.0
2023-01-31 00:00:00-05:00,8.579999923706055,8.890000343322754,8.579999923706055,8.859999656677246,96600,0.0,0.0
2023-02-01 00:00:00-05:00,8.84000015258789,9.079999923706055,8.760000228881836,8.989999771118164,137000,0.0,0.0
2023-02-02 00:00:00-05:00,9.109999656677246,9.399999618530273,8.989999771118164,9.199999809265137,214100,0.0,0.0
2023-02-03 00:00:00-05:00,9.149999618530273,9.300000190734863,9.09000015258789,9.119999885559082,127800,0.0,0.0
2023-02-06 00:00:00-05:00,8.979999542236328,9.039999961853027,8.859999656677246,8.9399995803833,123700,0.0,0.0
2023-02-07 00:00:00-05:00,8.84000015258789,9.140000343322754,8.630000114440918,9.029999732971191,112900,0.0,0.0
2023-02-08 00:00:00-05:00,8.930000305175781,8.979999542236328,8.770000457763672,8.949999809265137,119900,0.0,0.0
2023-02-09 00:00:00-05:00,9.069999694824219,9.15999984741211,8.8100004196167,8.819999694824219,78900,0.0,0.0
2023-02-10 00:00:00-05:00,8.779999732971191,8.890000343322754,8.649999618530273,8.869999885559082,66300,0.0,0.0
2023-02-13 00:00:00-05:00,8.880000114440918,9.119999885559082,8.789999961853027,9.039999961853027,102500,0.0,0.0
2023-02-14 00:00:00-05:00,9.0600004196167,9.210000038146973,8.930000305175781,9.130000114440918,91100,0.0,0.0
2023-02-15 00:00:00-05:00,9.100000381469727,9.3100004196167,9.029999732971191,9.270000457763672,98700,0.0,0.0
2023-02-16 00:00:00-05:00,9.109999656677246,9.260000228881836,9.029999732971191,9.09000015258789,185600,0.0,0.0
2023-02-17 00:00:00-05:00,9.119999885559082,9.180000305175781,8.979999542236328,9.069999694824219,158200,0.0,0.0
2023-02-21 00:00:00-05:00,8.960000038146973,8.960000038146973,8.630000114440918,8.649999618530273,191500,0.0,0.0
2023-02-22 00:00:00-05:00,8.630000114440918,8.720000267028809,8.479999542236328,8.510000228881836,215200,0.0,0.0
2023-02-23 00:00:00-05:00,8.520000457763672,8.640000343322754,8.460000038146973,8.520000457763672,116100,0.0,0.0
2023-02-24 00:00:00-05:00,8.4399995803833,8.619999885559082,8.40999984741211,8.579999923706055,141300,0.0,0.0
2023-02-27 00:00:00-05:00,8.649999618530273,8.75,8.529999732971191,8.609999656677246,130100,0.0,0.0
2023-02-28 00:00:00-05:00,8.680000305175781,8.760000228881836,8.65999984741211,8.680000305175781,68600,0.0,0.0
2023-03-01 00:00:00-05:00,8.609999656677246,8.6899995803833,8.520000457763672,8.609999656677246,63800,0.0,0.0
2023-03-02 00:00:00-05:00,8.579999923706055,8.630000114440918,8.380000114440918,8.539999961853027,110600,0.0,0.0
2023-03-03 00:00:00-05:00,8.569999694824219,8.649999618530273,8.520000457763672,8.640000343322754,82900,0.0,0.0
2023-03-06 00:00:00-05:00,8.649999618530273,8.649999618530273,8.239999771118164,8.359999656677246,334400,0.0,0.0
2023-03-07 00:00:00-05:00,8.4399995803833,8.470000267028809,8.270000457763672,8.380000114440918,123300,0.0,0.0
2023-03-08 00:00:00-05:00,8.350000381469727,8.4399995803833,8.319999694824219,8.390000343322754,62500,0.0,0.0
2023-03-09 00:00:00-05:00,8.359999656677246,8.399999618530273,8.039999961853027,8.109999656677246,243700,0.0,0.0
2023-03-10 00:00:00-05:00,7.449999809265137,8.100000381469727,7.300000190734863,7.559999942779541,813300,0.0,0.0
2023-03-13 00:00:00-04:00,7.489999771118164,7.550000190734863,7.300000190734863,7.429999828338623,294300,0.0,0.0
2023-03-14 00:00:00-04:00,7.610000133514404,7.650000095367432,7.349999904632568,7.400000095367432,227700,0.0,0.0
2023-03-15 00:00:00-04:00,7.340000152587891,7.519999980926514,7.329999923706055,7.440000057220459,222500,0.0,0.0
2023-03-16 00:00:00-04:00,7.449999809265137,7.650000095367432,7.349999904632568,7.630000114440918,374100,0.0,0.0
2023-03-17 00:00:00-04:00,7.559999942779541,7.559999942779541,7.360000133514404,7.409999847412109,380900,0.0,0.0
2023-03-20 00:00:00-04:00,7.440000057220459,7.480000019073486,7.260000228881836,7.340000152587891,265000,0.0,0.0
2023-03-21 00:00:00-04:00,7.46999979019165,7.610000133514404,7.289999961853027,7.329999923706055,119300,0.0,0.0
2023-03-22 00:00:00-04:00,7.320000171661377,7.340000152587891,7.159999847412109,7.159999847412109,156900,0.0,0.0
2023-03-23 00:00:00-04:00,7.199999809265137,7.21999979019165,7.059999942779541,7.150000095367432,178400,0.0,0.0
2023-03-24 00:00:00-04:00,7.079999923706055,7.210000038146973,7.039999961853027,7.099999904632568,220400,0.0,0.0
2023-03-27 00:00:00-04:00,7.170000076293945,7.170000076293945,7.0,7.079999923706055,193300,0.0,0.0
2023-03-28 00:00:00-04:00,7.059999942779541,7.179999828338623,6.980000019073486,7.179999828338623,202100,0.0,0.0
2023-03-29 00:00:00-04:00,7.260000228881836,7.329999923706055,7.170000076293945,7.309999942779541,266500,0.0,0.0
2023-03-30 00:00:00-04:00,7.389999866485596,7.610000133514404,7.389999866485596,7.519999980926514,283500,0.0,0.0
2023-03-31 00:00:00-04:00,7.820000171661377,7.829999923706055,7.300000190734863,7.710000038146973,538800,0.0,0.0
2023-04-03 00:00:00-04:00,7.71999979019165,7.849999904632568,7.539999961853027,7.619999885559082,232400,0.0,0.0
2023-04-04 00:00:00-04:00,7.599999904632568,7.739999771118164,7.5,7.550000190734863,134100,0.0,0.0
2023-04-05 00:00:00-04:00,7.590000152587891,7.590000152587891,7.429999828338623,7.489999771118164,143800,0.0,0.0
2023-04-06 00:00:00-04:00,7.449999809265137,7.550000190734863,7.340000152587891,7.53000020980835,160200,0.0,0.0
2023-04-10 00:00:00-04:00,7.5,7.679999828338623,7.460000038146973,7.670000076293945,173600,0.0,0.0
2023-04-11 00:00:00-04:00,7.690000057220459,7.880000114440918,7.630000114440918,7.840000152587891,157000,0.0,0.0
2023-04-12 00:00:00-04:00,7.909999847412109,7.949999809265137,7.480000019073486,7.610000133514404,215900,0.0,0.0
2023-04-13 00:00:00-04:00,7.630000114440918,7.75,7.409999847412109,7.690000057220459,314300,0.0,0.0
2023-04-14 00:00:00-04:00,7.690000057220459,7.849999904632568,7.610000133514404,7.78000020980835,244300,0.0,0.0
2023-04-17 00:00:00-04:00,7.730000019073486,7.820000171661377,7.679999828338623,7.75,167000,0.0,0.0
2023-04-18 00:00:00-04:00,7.960000038146973,8.0600004196167,7.650000095367432,7.699999809265137,221300,0.0,0.0
2023-04-19 00:00:00-04:00,7.650000095367432,7.650000095367432,7.550000190734863,7.590000152587891,153200,0.0,0.0
2023-04-20 00:00:00-04:00,7.550000190734863,7.579999923706055,7.409999847412109,7.46999979019165,208700,0.0,0.0
2023-04-21 00:00:00-04:00,7.480000019073486,7.480000019073486,7.269999980926514,7.320000171661377,190700,0.0,0.0
2023-04-24 00:00:00-04:00,7.28000020980835,7.320000171661377,7.099999904632568,7.210000038146973,209300,0.0,0.0
2023-04-25 00:00:00-04:00,7.150000095367432,7.159999847412109,6.809999942779541,6.909999847412109,508900,0.0,0.0
2023-04-26 00:00:00-04:00,6.900000095367432,7.300000190734863,6.849999904632568,7.110000133514404,461200,0.0,0.0
2023-04-27 00:00:00-04:00,7.159999847412109,7.409999847412109,7.159999847412109,7.400000095367432,122300,0.0,0.0
2023-04-28 00:00:00-04:00,7.380000114440918,7.550000190734863,7.369999885559082,7.510000228881836,192100,0.0,0.0
2023-05-01 00:00:00-04:00,7.590000152587891,7.679999828338623,7.480000019073486,7.590000152587891,186200,0.0,0.0
2023-05-02 00:00:00-04:00,7.619999885559082,7.670000076293945,7.360000133514404,7.599999904632568,171200,0.0,0.0
2023-05-03 00:00:00-04:00,7.579999923706055,7.639999866485596,7.46999979019165,7.519999980926514,202400,0.0,0.0
2023-05-04 00:00:00-04:00,7.460000038146973,7.559999942779541,7.320000171661377,7.53000020980835,185900,0.0,0.0
2023-05-05 00:00:00-04:00,7.690000057220459,7.800000190734863,7.559999942779541,7.730000019073486,329900,0.0,0.0
2023-05-08 00:00:00-04:00,7.760000228881836,7.769999980926514,7.630000114440918,7.730000019073486,113500,0.0,0.0
2023-05-09 00:00:00-04:00,7.670000076293945,7.769999980926514,7.610000133514404,7.739999771118164,164300,0.0,0.0
2023-05-10 00:00:00-04:00,7.940000057220459,7.940000057220459,7.639999866485596,7.730000019073486,128200,0.0,0.0
2023-05-11 00:00:00-04:00,7.699999809265137,7.849999904632568,7.679999828338623,7.840000152587891,99900,0.0,0.0
2023-05-12 00:00:00-04:00,7.900000095367432,7.989999771118164,7.820000171661377,7.980000019073486,90100,0.0,0.0
2023-05-15 00:00:00-04:00,7.989999771118164,8.050000190734863,7.900000095367432,7.960000038146973,97700,0.0,0.0
2023-05-16 00:00:00-04:00,7.96999979019165,7.989999771118164,7.820000171661377,7.820000171661377,75000,0.0,0.0
2023-05-17 00:00:00-04:00,7.869999885559082,8.0,7.820000171661377,7.989999771118164,111500,0.0,0.0
2023-05-18 00:00:00-04:00,7.949999809265137,8.119999885559082,7.920000076293945,7.989999771118164,205500,0.0,0.0
2023-05-19 00:00:00-04:00,8.0,8.0,7.409999847412109,7.550000190734863,170600,0.0,0.0
2023-05-22 00:00:00-04:00,7.409999847412109,7.449999809265137,7.170000076293945,7.320000171661377,179700,0.0,0.0
2023-05-23 00:00:00-04:00,7.260000228881836,7.630000114440918,7.25,7.570000171661377,110100,0.0,0.0
2023-05-24 00:00:00-04:00,7.599999904632568,7.710000038146973,7.550000190734863,7.639999866485596,148100,0.0,0.0
2023-05-25 00:00:00-04:00,7.710000038146973,7.929999828338623,7.659999847412109,7.78000020980835,149100,0.0,0.0
2023-05-26 00:00:00-04:00,7.769999980926514,7.989999771118164,7.699999809265137,7.96999979019165,163100,0.0,0.0
2023-05-30 00:00:00-04:00,8.0,8.09000015258789,7.909999847412109,8.0,196100,0.0,0.0
2023-05-31 00:00:00-04:00,7.909999847412109,7.980000019073486,7.690000057220459,7.800000190734863,205600,0.0,0.0
2023-06-01 00:00:00-04:00,7.769999980926514,7.769999980926514,7.289999961853027,7.380000114440918,401400,0.0,0.0
2023-06-02 00:00:00-04:00,6.800000190734863,6.980000019073486,6.400000095367432,6.449999809265137,906900,0.0,0.0
2023-06-05 00:00:00-04:00,6.559999942779541,6.590000152587891,6.150000095367432,6.349999904632568,426400,0.0,0.0
2023-06-06 00:00:00-04:00,6.260000228881836,6.820000171661377,6.050000190734863,6.289999961853027,1257400,0.0,0.0
2023-06-07 00:00:00-04:00,6.300000190734863,6.53000020980835,6.269999980926514,6.329999923706055,298900,0.0,0.0
2023-06-08 00:00:00-04:00,6.5,6.75,6.46999979019165,6.730000019073486,355300,0.0,0.0
2023-06-09 00:00:00-04:00,6.730000019073486,6.820000171661377,6.599999904632568,6.619999885559082,277200,0.0,0.0
2023-06-12 00:00:00-04:00,6.619999885559082,6.670000076293945,6.460000038146973,6.539999961853027,286400,0.0,0.0
2023-06-13 00:00:00-04:00,6.550000190734863,6.690000057220459,6.519999980926514,6.639999866485596,209500,0.0,0.0
2023-06-14 00:00:00-04:00,6.659999847412109,6.75,6.539999961853027,6.550000190734863,215800,0.0,0.0
2023-06-15 00:00:00-04:00,6.659999847412109,6.980000019073486,6.510000228881836,6.980000019073486,268600,0.0,0.0
2023-06-16 00:00:00-04:00,7.039999961853027,7.039999961853027,6.690000057220459,6.760000228881836,411100,0.0,0.0
2023-06-20 00:00:00-04:00,6.760000228881836,6.769999980926514,6.619999885559082,6.760000228881836,228200,0.0,0.0
2023-06-21 00:00:00-04:00,6.760000228881836,7.070000171661377,6.710000038146973,7.0,173300,0.0,0.0
2023-06-22 00:00:00-04:00,7.019999980926514,7.019999980926514,6.820000171661377,6.820000171661377,158800,0.0,0.0
2023-06-23 00:00:00-04:00,6.809999942779541,7.0,6.690000057220459,6.75,400500,0.0,0.0
2023-06-26 00:00:00-04:00,6.739999771118164,6.909999847412109,6.739999771118164,6.820000171661377,162200,0.0,0.0
2023-06-27 00:00:00-04:00,6.800000190734863,7.010000228881836,6.800000190734863,6.900000095367432,119500,0.0,0.0
2023-06-28 00:00:00-04:00,6.949999809265137,6.96999979019165,6.809999942779541,6.829999923706055,154200,0.0,0.0
2023-06-29 00:00:00-04:00,6.869999885559082,7.039999961853027,6.849999904632568,6.960000038146973,106100,0.0,0.0
2023-06-30 00:00:00-04:00,6.960000038146973,7.03000020980835,6.869999885559082,7.010000228881836,140300,0.0,0.0
2023-07-03 00:00:00-04:00,7.110000133514404,7.300000190734863,7.070000171661377,7.070000171661377,133600,0.0,0.0
2023-07-05 00:00:00-04:00,7.010000228881836,7.199999809265137,7.010000228881836,7.159999847412109,174500,0.0,0.0
2023-07-06 00:00:00-04:00,7.099999904632568,7.150000095367432,6.920000076293945,7.079999923706055,275000,0.0,0.0
2023-07-07 00:00:00-04:00,7.050000190734863,7.440000057220459,7.050000190734863,7.409999847412109,266400,0.0,0.0
2023-07-10 00:00:00-04:00,7.400000095367432,7.480000019073486,7.309999942779541,7.349999904632568,133600,0.0,0.0
2023-07-11 00:00:00-04:00,7.349999904632568,7.590000152587891,7.340000152587891,7.559999942779541,146100,0.0,0.0
2023-07-12 00:00:00-04:00,7.610000133514404,7.789999961853027,7.570000171661377,7.679999828338623,157300,0.0,0.0
2023-07-13 00:00:00-04:00,7.690000057220459,7.769999980926514,7.579999923706055,7.579999923706055,104400,0.0,0.0
2023-07-14 00:00:00-04:00,7.590000152587891,7.710000038146973,7.5,7.650000095367432,241700,0.0,0.0
2023-07-17 00:00:00-04:00,7.650000095367432,7.800000190734863,7.630000114440918,7.699999809265137,101900,0.0,0.0
2023-07-18 00:00:00-04:00,7.679999828338623,7.940000057220459,7.679999828338623,7.929999828338623,89900,0.0,0.0
2023-07-19 00:00:00-04:00,7.96999979019165,8.100000381469727,7.900000095367432,8.0,159300,0.0,0.0
2023-07-20 00:00:00-04:00,7.940000057220459,8.029999732971191,7.860000133514404,7.989999771118164,273700,0.0,0.0
2023-07-21 00:00:00-04:00,8.020000457763672,8.020000457763672,7.71999979019165,7.809999942779541,136700,0.0,0.0
2023-07-24 00:00:00-04:00,7.809999942779541,7.980000019073486,7.75,7.940000057220459,100900,0.0,0.0
2023-07-25 00:00:00-04:00,7.940000057220459,8.020000457763672,7.820000171661377,8.0,161200,0.0,0.0
2023-07-26 00:00:00-04:00,7.989999771118164,8.140000343322754,7.920000076293945,8.130000114440918,89200,0.0,0.0
2023-07-27 00:00:00-04:00,8.130000114440918,8.329999923706055,8.119999885559082,8.199999809265137,123000,0.0,0.0
2023-07-28 00:00:00-04:00,8.229999542236328,8.569999694824219,8.220000267028809,8.5600004196167,116000,0.0,0.0
2023-07-31 00:00:00-04:00,8.579999923706055,8.680000305175781,8.449999809265137,8.670000076293945,101700,0.0,0.0
2023-08-01 00:00:00-04:00,8.640000343322754,8.770000457763672,8.4399995803833,8.75,134800,0.0,0.0
2023-08-02 00:00:00-04:00,8.5,8.760000228881836,8.489999771118164,8.75,112100,0.0,0.0
2023-08-03 00:00:00-04:00,8.800000190734863,9.079999923706055,8.770000457763672,9.0,228500,0.0,0.0
2023-08-04 00:00:00-04:00,9.0600004196167,9.0600004196167,8.90999984741211,8.989999771118164,142200,0.0,0.0
2023-08-07 00:00:00-04:00,8.890000343322754,8.9399995803833,8.609999656677246,8.819999694824219,151500,0.0,0.0
2023-08-08 00:00:00-04:00,8.8100004196167,9.020000457763672,8.649999618530273,9.010000228881836,133700,0.0,0.0
2023-08-09 00:00:00-04:00,9.039999961853027,9.050000190734863,8.800000190734863,8.960000038146973,125600,0.0,0.0
2023-08-10 00:00:00-04:00,8.970000267028809,9.1899995803833,8.970000267028809,9.029999732971191,138100,0.0,0.0
2023-08-11 00:00:00-04:00,8.979999542236328,9.100000381469727,8.890000343322754,8.920000076293945,68700,0.0,0.0
2023-08-14 00:00:00-04:00,8.880000114440918,8.989999771118164,8.819999694824219,8.829999923706055,51200,0.0,0.0
2023-08-15 00:00:00-04:00,8.760000228881836,8.84000015258789,8.640000343322754,8.829999923706055,62900,0.0,0.0
2023-08-16 00:00:00-04:00,8.880000114440918,8.970000267028809,8.6899995803833,8.859999656677246,107600,0.0,0.0
2023-08-17 00:00:00-04:00,8.920000076293945,9.0,8.800000190734863,8.8100004196167,74700,0.0,0.0
2023-08-18 00:00:00-04:00,8.789999961853027,8.930000305175781,8.75,8.819999694824219,99900,0.0,0.0
2023-08-21 00:00:00-04:00,8.84000015258789,8.90999984741211,8.770000457763672,8.770000457763672,65400,0.0,0.0
2023-08-22 00:00:00-04:00,8.739999771118164,8.800000190734863,8.510000228881836,8.569999694824219,128700,0.0,0.0
2023-08-23 00:00:00-04:00,8.5600004196167,8.59000015258789,8.390000343322754,8.550000190734863,120000,0.0,0.0
2023-08-24 00:00:00-04:00,8.5600004196167,8.609999656677246,8.380000114440918,8.430000305175781,88400,0.0,0.0
2023-08-25 00:00:00-04:00,8.470000267028809,8.529999732971191,8.239999771118164,8.3100004196167,103000,0.0,0.0
2023-08-28 00:00:00-04:00,8.350000381469727,8.479999542236328,8.239999771118164,8.4399995803833,134400,0.0,0.0
2023-08-29 00:00:00-04:00,8.460000038146973,8.729999542236328,8.40999984741211,8.65999984741211,107200,0.0,0.0
2023-08-30 00:00:00-04:00,8.65999984741211,8.8100004196167,8.609999656677246,8.739999771118164,129700,0.0,0.0
2023-08-31 00:00:00-04:00,8.800000190734863,9.069999694824219,8.720000267028809,8.989999771118164,361400,0.0,0.0
2023-09-01 00:00:00-04:00,9.390000343322754,9.5,8.619999885559082,8.710000038146973,500000,0.0,0.0
2023-09-05 00:00:00-04:00,8.670000076293945,8.670000076293945,8.220000267028809,8.289999961853027,244600,0.0,0.0
2023-09-06 00:00:00-04:00,8.279999732971191,8.350000381469727,8.15999984741211,8.210000038146973,105800,0.0,0.0
2023-09-07 00:00:00-04:00,8.149999618530273,8.1899995803833,8.020000457763672,8.170000076293945,187300,0.0,0.0
2023-09-08 00:00:00-04:00,8.180000305175781,8.180000305175781,7.940000057220459,8.050000190734863,93100,0.0,0.0
2023-09-11 00:00:00-04:00,8.199999809265137,8.25,8.039999961853027,8.149999618530273,106400,0.0,0.0
2023-09-12 00:00:00-04:00,8.130000114440918,8.180000305175781,7.989999771118164,8.020000457763672,92000,0.0,0.0
2023-09-13 00:00:00-04:00,7.96999979019165,8.010000228881836,7.710000038146973,7.860000133514404,130000,0.0,0.0
2023-09-14 00:00:00-04:00,7.880000114440918,8.109999656677246,7.840000152587891,8.100000381469727,94000,0.0,0.0
2023-09-15 00:00:00-04:00,8.069999694824219,8.119999885559082,7.96999979019165,8.100000381469727,100300,0.0,0.0
2023-09-18 00:00:00-04:00,8.09000015258789,8.09000015258789,7.889999866485596,7.909999847412109,40700,0.0,0.0
2023-09-19 00:00:00-04:00,7.869999885559082,7.929999828338623,7.820000171661377,7.869999885559082,74600,0.0,0.0
2023-09-20 00:00:00-04:00,7.849999904632568,8.079999923706055,7.849999904632568,7.900000095367432,55900,0.0,0.0
2023-09-21 00:00:00-04:00,7.829999923706055,7.869999885559082,7.739999771118164,7.769999980926514,47500,0.0,0.0
2023-09-22 00:00:00-04:00,7.78000020980835,7.78000020980835,7.679999828338623,7.730000019073486,68500,0.0,0.0
2023-09-25 00:00:00-04:00,7.71999979019165,7.949999809265137,7.699999809265137,7.900000095367432,44900,0.0,0.0
2023-09-26 00:00:00-04:00,7.840000152587891,7.96999979019165,7.75,7.820000171661377,51700,0.0,0.0
2023-09-27 00:00:00-04:00,7.989999771118164,8.069999694824219,7.900000095367432,7.960000038146973,59700,0.0,0.0
2023-09-28 00:00:00-04:00,8.029999732971191,8.149999618530273,8.0,8.130000114440918,80700,0.0,0.0
2023-09-29 00:00:00-04:00,8.149999618530273,8.210000038146973,7.900000095367432,8.119999885559082,91600,0.0,0.0
2023-10-02 00:00:00-04:00,8.09000015258789,8.220000267028809,7.989999771118164,8.09000015258789,111600,0.0,0.0
2023-10-03 00:00:00-04:00,8.010000228881836,8.029999732971191,7.849999904632568,7.900000095367432,70500,0.0,0.0
2023-10-04 00:00:00-04:00,7.900000095367432,8.039999961853027,7.809999942779541,7.989999771118164,57600,0.0,0.0
2023-10-05 00:00:00-04:00,7.980000019073486,7.980000019073486,7.840000152587891,7.929999828338623,86200,0.0,0.0
2023-10-06 00:00:00-04:00,7.800000190734863,8.199999809265137,7.800000190734863,8.109999656677246,63000,0.0,0.0
2023-10-09 00:00:00-04:00,8.069999694824219,8.210000038146973,7.920000076293945,8.149999618530273,58200,0.0,0.0
2023-10-10 00:00:00-04:00,8.0600004196167,8.420000076293945,8.0600004196167,8.390000343322754,121700,0.0,0.0
2023-10-11 00:00:00-04:00,8.40999984741211,8.430000305175781,8.3100004196167,8.369999885559082,30400,0.0,0.0
2023-10-12 00:00:00-04:00,8.430000305175781,8.430000305175781,8.140000343322754,8.1899995803833,65500,0.0,0.0
2023-10-13 00:00:00-04:00,8.239999771118164,8.239999771118164,8.0600004196167,8.100000381469727,63500,0.0,0.0
2023-10-16 00:00:00-04:00,8.180000305175781,8.470000267028809,8.180000305175781,8.430000305175781,59100,0.0,0.0
2023-10-17 00:00:00-04:00,8.40999984741211,8.819999694824219,8.40999984741211,8.649999618530273,149400,0.0,0.0
2023-10-18 00:00:00-04:00,8.550000190734863,8.550000190734863,8.359999656677246,8.359999656677246,68400,0.0,0.0
2023-10-19 00:00:00-04:00,8.3100004196167,8.449999809265137,8.239999771118164,8.279999732971191,66500,0.0,0.0
2023-10-20 00:00:00-04:00,8.319999694824219,8.390000343322754,8.239999771118164,8.239999771118164,68600,0.0,0.0
2023-10-23 00:00:00-04:00,8.25,8.3100004196167,8.100000381469727,8.130000114440918,72400,0.0,0.0
2023-10-24 00:00:00-04:00,8.199999809265137,8.239999771118164,7.960000038146973,8.0,85300,0.0,0.0
2023-10-25 00:00:00-04:00,8.050000190734863,8.119999885559082,7.989999771118164,7.989999771118164,46100,0.0,0.0
2023-10-26 00:00:00-04:00,8.039999961853027,8.069999694824219,7.96999979019165,8.0,59300,0.0,0.0
2023-10-27 00:00:00-04:00,7.980000019073486,8.119999885559082,7.900000095367432,7.900000095367432,71700,0.0,0.0
2023-10-30 00:00:00-04:00,7.980000019073486,8.069999694824219,7.949999809265137,8.0,54600,0.0,0.0
2023-10-31 00:00:00-04:00,7.900000095367432,8.109999656677246,7.900000095367432,8.100000381469727,53100,0.0,0.0
2023-11-01 00:00:00-04:00,8.050000190734863,8.069999694824219,7.820000171661377,7.909999847412109,163200,0.0,0.0
2023-11-02 00:00:00-04:00,8.050000190734863,8.229999542236328,8.0,8.180000305175781,197100,0.0,0.0
2023-11-03 00:00:00-04:00,8.25,8.5,8.15999984741211,8.350000381469727,74600,0.0,0.0
2023-11-06 00:00:00-05:00,8.350000381469727,8.460000038146973,8.220000267028809,8.430000305175781,58600,0.0,0.0
2023-11-07 00:00:00-05:00,8.430000305175781,8.539999961853027,8.359999656677246,8.430000305175781,46800,0.0,0.0
2023-11-08 00:00:00-05:00,8.479999542236328,8.479999542236328,8.239999771118164,8.329999923706055,49900,0.0,0.0
2023-11-09 00:00:00-05:00,8.329999923706055,8.489999771118164,8.220000267028809,8.25,56500,0.0,0.0
2023-11-10 00:00:00-05:00,8.289999961853027,8.289999961853027,8.069999694824219,8.220000267028809,74200,0.0,0.0
2023-11-13 00:00:00-05:00,7.949999809265137,8.270000457763672,7.949999809265137,8.170000076293945,44400,0.0,0.0
2023-11-14 00:00:00-05:00,8.239999771118164,8.569999694824219,8.239999771118164,8.550000190734863,112100,0.0,0.0
2023-11-15 00:00:00-05:00,8.579999923706055,8.720000267028809,8.5,8.640000343322754,77700,0.0,0.0
2023-11-16 00:00:00-05:00,8.569999694824219,8.619999885559082,8.399999618530273,8.4399995803833,37500,0.0,0.0
2023-11-17 00:00:00-05:00,8.520000457763672,8.640000343322754,8.5,8.529999732971191,74800,0.0,0.0
2023-11-20 00:00:00-05:00,8.5,8.600000381469727,8.420000076293945,8.510000228881836,80900,0.0,0.0
2023-11-21 00:00:00-05:00,8.579999923706055,8.579999923706055,8.380000114440918,8.390000343322754,50800,0.0,0.0
2023-11-22 00:00:00-05:00,8.369999885559082,8.460000038146973,8.100000381469727,8.420000076293945,97000,0.0,0.0
2023-11-24 00:00:00-05:00,8.470000267028809,8.489999771118164,8.390000343322754,8.420000076293945,17600,0.0,0.0
2023-11-27 00:00:00-05:00,8.390000343322754,8.520000457763672,8.369999885559082,8.399999618530273,82200,0.0,0.0
2023-11-28 00:00:00-05:00,8.399999618530273,8.5,8.3100004196167,8.390000343322754,117800,0.0,0.0
2023-11-29 00:00:00-05:00,8.479999542236328,8.729999542236328,8.40999984741211,8.649999618530273,146600,0.0,0.0
2023-11-30 00:00:00-05:00,8.75,8.75,8.199999809265137,8.270000457763672,248200,0.0,0.0
2023-12-01 00:00:00-05:00,8.470000267028809,8.529999732971191,7.880000114440918,8.15999984741211,218600,0.0,0.0
2023-12-04 00:00:00-05:00,8.09000015258789,8.09000015258789,7.659999847412109,7.860000133514404,296000,0.0,0.0
2023-12-05 00:00:00-05:00,7.949999809265137,8.020000457763672,7.820000171661377,7.940000057220459,130400,0.0,0.0
2023-12-06 00:00:00-05:00,7.920000076293945,8.050000190734863,7.880000114440918,7.900000095367432,110100,0.0,0.0
2023-12-07 00:00:00-05:00,7.900000095367432,7.929999828338623,7.699999809265137,7.760000228881836,113800,0.0,0.0
2023-12-08 00:00:00-05:00,7.71999979019165,7.769999980926514,7.679999828338623,7.690000057220459,55200,0.0,0.0
2023-12-11 00:00:00-05:00,7.699999809265137,7.71999979019165,7.610000133514404,7.659999847412109,62800,0.0,0.0
2023-12-12 00:00:00-05:00,7.630000114440918,7.639999866485596,7.550000190734863,7.630000114440918,93700,0.0,0.0
2023-12-13 00:00:00-05:00,7.610000133514404,7.670000076293945,7.420000076293945,7.5,198900,0.0,0.0
2023-12-14 00:00:00-05:00,7.650000095367432,7.710000038146973,7.300000190734863,7.380000114440918,241800,0.0,0.0
2023-12-15 00:00:00-05:00,7.460000038146973,7.460000038146973,7.170000076293945,7.409999847412109,168500,0.0,0.0
2023-12-18 00:00:00-05:00,7.400000095367432,7.46999979019165,7.230000019073486,7.230000019073486,110600,0.0,0.0
2023-12-19 00:00:00-05:00,7.309999942779541,7.46999979019165,7.25,7.269999980926514,163300,0.0,0.0
2023-12-20 00:00:00-05:00,7.239999771118164,7.590000152587891,7.230000019073486,7.230000019073486,131000,0.0,0.0
2023-12-21 00:00:00-05:00,7.28000020980835,7.400000095367432,7.139999866485596,7.400000095367432,181000,0.0,0.0
2023-12-22 00:00:00-05:00,7.400000095367432,7.519999980926514,7.230000019073486,7.269999980926514,149200,0.0,0.0
2023-12-26 00:00:00-05:00,7.289999961853027,7.579999923706055,7.25,7.539999961853027,70900,0.0,0.0
2023-12-27 00:00:00-05:00,7.599999904632568,7.679999828338623,7.449999809265137,7.510000228881836,82400,0.0,0.0
2023-12-28 00:00:00-05:00,7.550000190734863,7.71999979019165,7.539999961853027,7.679999828338623,57700,0.0,0.0
2023-12-29 00:00:00-05:00,7.679999828338623,7.75,7.489999771118164,7.539999961853027,106500,0.0,0.0
2024-01-02 00:00:00-05:00,7.5,7.570000171661377,7.340000152587891,7.53000020980835,107200,0.0,0.0
2024-01-03 00:00:00-05:00,7.519999980926514,7.519999980926514,7.239999771118164,7.269999980926514,109500,0.0,0.0
2024-01-04 00:00:00-05:00,7.349999904632568,7.559999942779541,7.239999771118164,7.309999942779541,62300,0.0,0.0
2024-01-05 00:00:00-05:00,7.239999771118164,7.420000076293945,7.239999771118164,7.320000171661377,188600,0.0,0.0
2024-01-08 00:00:00-05:00,7.210000038146973,7.269999980926514,7.059999942779541,7.199999809265137,188200,0.0,0.0
2024-01-09 00:00:00-05:00,7.019999980926514,7.300000190734863,7.0,7.150000095367432,211700,0.0,0.0
2024-01-10 00:00:00-05:00,7.159999847412109,7.309999942779541,7.159999847412109,7.239999771118164,101000,0.0,0.0
2024-01-11 00:00:00-05:00,7.239999771118164,7.349999904632568,7.150000095367432,7.340000152587891,90500,0.0,0.0
2024-01-12 00:00:00-05:00,7.440000057220459,7.5,7.269999980926514,7.400000095367432,70600,0.0,0.0
2024-01-16 00:00:00-05:00,7.409999847412109,7.489999771118164,7.21999979019165,7.449999809265137,112900,0.0,0.0
2024-01-17 00:00:00-05:00,7.380000114440918,7.449999809265137,7.210000038146973,7.409999847412109,68600,0.0,0.0
2024-01-18 00:00:00-05:00,7.360000133514404,7.46999979019165,7.309999942779541,7.400000095367432,62700,0.0,0.0
2024-01-19 00:00:00-05:00,7.440000057220459,7.489999771118164,7.340000152587891,7.440000057220459,63200,0.0,0.0
2024-01-22 00:00:00-05:00,7.409999847412109,7.71999979019165,7.389999866485596,7.579999923706055,226000,0.0,0.0
2024-01-23 00:00:00-05:00,7.659999847412109,7.710000038146973,7.53000020980835,7.550000190734863,130800,0.0,0.0
2024-01-24 00:00:00-05:00,7.260000228881836,7.590000152587891,7.260000228881836,7.579999923706055,126000,0.0,0.0
2024-01-25 00:00:00-05:00,7.599999904632568,7.710000038146973,7.559999942779541,7.559999942779541,88600,0.0,0.0
2024-01-26 00:00:00-05:00,7.610000133514404,7.690000057220459,7.420000076293945,7.5,106700,0.0,0.0
2024-01-29 00:00:00-05:00,7.480000019073486,7.550000190734863,7.340000152587891,7.389999866485596,98900,0.0,0.0
2024-01-30 00:00:00-05:00,7.380000114440918,7.519999980926514,7.340000152587891,7.429999828338623,122200,0.0,0.0
2024-01-31 00:00:00-05:00,7.460000038146973,7.5,7.289999961853027,7.340000152587891,116500,0.0,0.0
2024-02-01 00:00:00-05:00,7.360000133514404,7.5,7.199999809265137,7.46999979019165,145500,0.0,0.0
2024-02-02 00:00:00-05:00,7.369999885559082,7.599999904632568,7.349999904632568,7.519999980926514,131100,0.0,0.0
2024-02-05 00:00:00-05:00,7.440000057220459,7.489999771118164,7.349999904632568,7.409999847412109,117800,0.0,0.0
2024-02-06 00:00:00-05:00,7.420000076293945,7.519999980926514,7.369999885559082,7.420000076293945,55200,0.0,0.0
2024-02-07 00:00:00-05:00,7.400000095367432,7.409999847412109,7.300000190734863,7.320000171661377,59000,0.0,0.0
2024-02-08 00:00:00-05:00,7.360000133514404,7.440000057220459,7.320000171661377,7.340000152587891,48200,0.0,0.0
2024-02-09 00:00:00-05:00,7.320000171661377,7.5,7.300000190734863,7.5,66600,0.0,0.0
2024-02-12 00:00:00-05:00,7.5,7.789999961853027,7.5,7.730000019073486,105400,0.0,0.0
2024-02-13 00:00:00-05:00,7.570000171661377,7.570000171661377,7.369999885559082,7.420000076293945,118000,0.0,0.0
2024-02-14 00:00:00-05:00,7.5,7.539999961853027,7.449999809265137,7.539999961853027,38600,0.0,0.0
2024-02-15 00:00:00-05:00,7.539999961853027,7.650000095367432,7.539999961853027,7.599999904632568,92200,0.0,0.0
2024-02-16 00:00:00-05:00,7.559999942779541,7.630000114440918,7.46999979019165,7.510000228881836,59100,0.0,0.0
2024-02-20 00:00:00-05:00,7.449999809265137,7.480000019073486,7.150000095367432,7.159999847412109,58000,0.0,0.0
2024-02-21 00:00:00-05:00,7.159999847412109,7.199999809265137,6.869999885559082,7.03000020980835,102700,0.0,0.0
2024-02-22 00:00:00-05:00,6.96999979019165,7.179999828338623,6.949999809265137,7.150000095367432,92500,0.0,0.0
2024-02-23 00:00:00-05:00,7.190000057220459,7.369999885559082,7.179999828338623,7.360000133514404,71500,0.0,0.0
2024-02-26 00:00:00-05:00,7.380000114440918,7.46999979019165,7.300000190734863,7.409999847412109,33800,0.0,0.0
2024-02-27 00:00:00-05:00,7.519999980926514,7.630000114440918,7.449999809265137,7.599999904632568,77900,0.0,0.0
2024-02-28 00:00:00-05:00,7.519999980926514,7.590000152587891,7.46999979019165,7.519999980926514,47200,0.0,0.0
2024-02-29 00:00:00-05:00,7.630000114440918,7.71999979019165,7.510000228881836,7.690000057220459,79100,0.0,0.0
2024-03-01 00:00:00-05:00,7.659999847412109,7.739999771118164,7.510000228881836,7.699999809265137,77900,0.0,0.0
2024-03-04 00:00:00-05:00,7.679999828338623,7.760000228881836,7.610000133514404,7.690000057220459,58200,0.0,0.0
2024-03-05 00:00:00-05:00,7.739999771118164,7.739999771118164,7.429999828338623,7.5,89600,0.0,0.0
2024-03-06 00:00:00-05:00,7.46999979019165,7.5,7.360000133514404,7.420000076293945,51500,0.0,0.0
2024-03-07 00:00:00-05:00,7.5,7.519999980926514,7.369999885559082,7.409999847412109,40300,0.0,0.0
2024-03-08 00:00:00-05:00,7.489999771118164,7.489999771118164,7.239999771118164,7.320000171661377,142300,0.0,0.0
2024-03-11 00:00:00-04:00,7.25,7.260000228881836,7.050000190734863,7.230000019073486,72500,0.0,0.0
2024-03-12 00:00:00-04:00,7.130000114440918,7.239999771118164,7.039999961853027,7.190000057220459,59100,0.0,0.0
2024-03-13 00:00:00-04:00,7.199999809265137,7.389999866485596,7.170000076293945,7.320000171661377,57100,0.0,0.0
2024-03-14 00:00:00-04:00,7.340000152587891,7.360000133514404,6.989999771118164,7.199999809265137,123800,0.0,0.0
2024-03-15 00:00:00-04:00,6.599999904632568,7.070000171661377,6.599999904632568,6.929999828338623,354900,0.0,0.0
2024-03-18 00:00:00-04:00,6.900000095367432,6.960000038146973,6.710000038146973,6.800000190734863,138800,0.0,0.0
2024-03-19 00:00:00-04:00,6.710000038146973,6.820000171661377,6.699999809265137,6.730000019073486,62800,0.0,0.0
2024-03-20 00:00:00-04:00,6.789999961853027,6.820000171661377,6.639999866485596,6.78000020980835,76400,0.0,0.0
2024-03-21 00:00:00-04:00,6.78000020980835,6.940000057220459,6.75,6.809999942779541,69300,0.0,0.0
2024-03-22 00:00:00-04:00,6.840000152587891,6.869999885559082,6.409999847412109,6.409999847412109,67500,0.0,0.0
2024-03-25 00:00:00-04:00,6.400000095367432,6.519999980926514,6.230000019073486,6.460000038146973,111000,0.0,0.0
2024-03-26 00:00:00-04:00,6.519999980926514,6.610000133514404,6.46999979019165,6.53000020980835,47400,0.0,0.0
2024-03-27 00:00:00-04:00,6.610000133514404,6.909999847412109,6.570000171661377,6.900000095367432,53000,0.0,0.0
2024-03-28 00:00:00-04:00,6.920000076293945,6.980000019073486,6.789999961853027,6.800000190734863,66000,0.0,0.0
2024-04-01 00:00:00-04:00,6.789999961853027,6.960000038146973,6.789999961853027,6.940000057220459,74200,0.0,0.0
2024-04-02 00:00:00-04:00,6.900000095367432,6.900000095367432,6.630000114440918,6.75,47100,0.0,0.0
2024-04-03 00:00:00-04:00,6.710000038146973,6.78000020980835,6.5,6.539999961853027,56400,0.0,0.0
2024-04-04 00:00:00-04:00,6.550000190734863,6.550000190734863,6.300000190734863,6.329999923706055,51100,0.0,0.0
2024-04-05 00:00:00-04:00,6.329999923706055,6.409999847412109,6.269999980926514,6.289999961853027,41000,0.0,0.0
2024-04-08 00:00:00-04:00,6.28000020980835,6.389999866485596,6.25,6.309999942779541,25100,0.0,0.0
2024-04-09 00:00:00-04:00,6.340000152587891,6.380000114440918,6.269999980926514,6.28000020980835,26000,0.0,0.0
2024-04-10 00:00:00-04:00,6.199999809265137,6.199999809265137,5.900000095367432,6.019999980926514,101100,0.0,0.0
2024-04-11 00:00:00-04:00,5.989999771118164,6.019999980926514,5.809999942779541,5.840000152587891,54200,0.0,0.0
2024-04-12 00:00:00-04:00,5.760000228881836,5.849999904632568,5.579999923706055,5.840000152587891,106900,0.0,0.0
2024-04-15 00:00:00-04:00,5.840000152587891,5.840000152587891,5.559999942779541,5.610000133514404,42400,0.0,0.0
2024-04-16 00:00:00-04:00,5.570000171661377,5.659999847412109,5.449999809265137,5.610000133514404,46000,0.0,0.0
2024-04-17 00:00:00-04:00,5.639999866485596,5.650000095367432,5.349999904632568,5.440000057220459,80200,0.0,0.0
2024-04-18 00:00:00-04:00,5.440000057220459,5.690000057220459,5.380000114440918,5.579999923706055,93400,0.0,0.0
2024-04-19 00:00:00-04:00,5.550000190734863,5.860000133514404,5.440000057220459,5.75,106300,0.0,0.0
2024-04-22 00:00:00-04:00,5.769999980926514,6.0,5.71999979019165,5.920000076293945,63400,0.0,0.0
2024-04-23 00:00:00-04:00,5.960000038146973,6.130000114440918,5.960000038146973,6.079999923706055,47500,0.0,0.0
2024-04-24 00:00:00-04:00,6.0,6.110000133514404,5.869999885559082,5.909999847412109,35900,0.0,0.0
2024-04-25 00:00:00-04:00,5.840000152587891,5.900000095367432,5.78000020980835,5.880000114440918,50100,0.0,0.0
2024-04-26 00:00:00-04:00,5.869999885559082,6.03000020980835,5.869999885559082,6.010000228881836,29400,0.0,0.0
2024-04-29 00:00:00-04:00,6.079999923706055,6.090000152587891,5.900000095367432,5.949999809265137,25000,0.0,0.0
2024-04-30 00:00:00-04:00,5.920000076293945,6.099999904632568,5.889999866485596,6.070000171661377,69700,0.0,0.0
2024-05-01 00:00:00-04:00,6.079999923706055,6.079999923706055,5.860000133514404,5.860000133514404,54600,0.0,0.0
2024-05-02 00:00:00-04:00,5.909999847412109,6.03000020980835,5.869999885559082,5.980000019073486,34500,0.0,0.0
2024-05-03 00:00:00-04:00,6.090000152587891,6.090000152587891,5.900000095367432,5.96999979019165,26600,0.0,0.0
2024-05-06 00:00:00-04:00,6.019999980926514,6.070000171661377,5.949999809265137,5.980000019073486,35900,0.0,0.0
2024-05-07 00:00:00-04:00,5.949999809265137,6.0,5.880000114440918,5.880000114440918,42100,0.0,0.0
2024-05-08 00:00:00-04:00,5.829999923706055,5.96999979019165,5.829999923706055,5.940000057220459,37600,0.0,0.0
2024-05-09 00:00:00-04:00,6.0,6.139999866485596,5.880000114440918,6.110000133514404,90700,0.0,0.0
2024-05-10 00:00:00-04:00,6.119999885559082,6.239999771118164,5.949999809265137,6.039999961853027,53200,0.0,0.0
2024-05-13 00:00:00-04:00,6.159999847412109,6.159999847412109,5.909999847412109,5.920000076293945,47500,0.0,0.0
2024-05-14 00:00:00-04:00,6.0,6.25,5.920000076293945,6.190000057220459,84100,0.0,0.0
2024-05-15 00:00:00-04:00,6.25,6.25,6.139999866485596,6.210000038146973,53500,0.0,0.0
2024-05-16 00:00:00-04:00,6.199999809265137,6.269999980926514,6.099999904632568,6.230000019073486,68100,0.0,0.0
2024-05-17 00:00:00-04:00,6.210000038146973,6.210000038146973,6.039999961853027,6.070000171661377,39200,0.0,0.0
2024-05-20 00:00:00-04:00,6.199999809265137,6.199999809265137,5.849999904632568,5.889999866485596,73400,0.0,0.0
2024-05-21 00:00:00-04:00,5.860000133514404,5.989999771118164,5.789999961853027,5.960000038146973,48100,0.0,0.0
2024-05-22 00:00:00-04:00,5.980000019073486,6.0,5.760000228881836,5.769999980926514,43900,0.0,0.0
2024-05-23 00:00:00-04:00,5.769999980926514,5.809999942779541,5.75,5.800000190734863,56400,0.0,0.0
2024-05-24 00:00:00-04:00,5.829999923706055,5.869999885559082,5.769999980926514,5.829999923706055,37900,0.0,0.0
2024-05-28 00:00:00-04:00,5.849999904632568,5.849999904632568,5.75,5.760000228881836,81700,0.0,0.0
2024-05-29 00:00:00-04:00,5.739999771118164,5.820000171661377,5.699999809265137,5.710000038146973,96600,0.0,0.0
2024-05-30 00:00:00-04:00,5.71999979019165,5.829999923706055,5.699999809265137,5.769999980926514,82600,0.0,0.0
2024-05-31 00:00:00-04:00,5.78000020980835,5.809999942779541,5.690000057220459,5.769999980926514,109700,0.0,0.0
2024-06-03 00:00:00-04:00,5.829999923706055,5.880000114440918,5.670000076293945,5.71999979019165,74900,0.0,0.0
2024-06-04 00:00:00-04:00,5.679999828338623,5.860000133514404,5.5,5.599999904632568,238700,0.0,0.0
2024-06-05 00:00:00-04:00,5.639999866485596,5.730000019073486,5.550000190734863,5.71999979019165,91500,0.0,0.0
2024-06-06 00:00:00-04:00,5.670000076293945,5.960000038146973,5.670000076293945,5.800000190734863,206600,0.0,0.0
2024-06-07 00:00:00-04:00,5.5,5.679999828338623,5.190000057220459,5.619999885559082,212400,0.0,0.0
2024-06-10 00:00:00-04:00,5.539999961853027,5.539999961853027,5.099999904632568,5.199999809265137,195400,0.0,0.0
2024-06-11 00:00:00-04:00,5.130000114440918,5.159999847412109,4.900000095367432,5.099999904632568,158200,0.0,0.0
2024-06-12 00:00:00-04:00,5.199999809265137,5.539999961853027,5.199999809265137,5.440000057220459,105000,0.0,0.0
2024-06-13 00:00:00-04:00,5.380000114440918,5.400000095367432,5.199999809265137,5.230000019073486,106500,0.0,0.0
2024-06-14 00:00:00-04:00,5.199999809265137,5.230000019073486,5.099999904632568,5.159999847412109,85700,0.0,0.0
2024-06-17 00:00:00-04:00,5.159999847412109,5.329999923706055,5.119999885559082,5.309999942779541,115800,0.0,0.0
2024-06-18 00:00:00-04:00,5.289999961853027,5.289999961853027,5.050000190734863,5.059999942779541,102900,0.0,0.0
2024-06-20 00:00:00-04:00,5.090000152587891,5.150000095367432,5.010000228881836,5.079999923706055,77800,0.0,0.0
2024-06-21 00:00:00-04:00,5.070000171661377,5.079999923706055,5.0,5.0,130400,0.0,0.0
2024-06-24 00:00:00-04:00,4.96999979019165,5.110000133514404,4.96999979019165,5.019999980926514,75000,0.0,0.0
2024-06-25 00:00:00-04:00,5.019999980926514,5.019999980926514,4.949999809265137,4.980000019073486,58400,0.0,0.0
2024-06-26 00:00:00-04:00,4.960000038146973,5.0,4.900000095367432,4.900000095367432,87900,0.0,0.0
2024-06-27 00:00:00-04:00,4.960000038146973,5.429999828338623,4.849999904632568,5.329999923706055,213200,0.0,0.0
2024-06-28 00:00:00-04:00,5.309999942779541,6.079999923706055,5.28000020980835,6.03000020980835,884200,0.0,0.0
2024-07-01 00:00:00-04:00,5.989999771118164,6.019999980926514,5.300000190734863,5.559999942779541,299100,0.0,0.0
2024-07-02 00:00:00-04:00,5.650000095367432,5.650000095367432,5.190000057220459,5.510000228881836,140300,0.0,0.0
2024-07-03 00:00:00-04:00,5.429999828338623,5.769999980926514,5.349999904632568,5.730000019073486,108200,0.0,0.0
2024-07-05 00:00:00-04:00,5.75,5.809999942779541,5.170000076293945,5.570000171661377,285000,0.0,0.0
2024-07-08 00:00:00-04:00,5.539999961853027,5.690000057220459,5.46999979019165,5.489999771118164,59400,0.0,0.0
2024-07-09 00:00:00-04:00,5.440000057220459,5.590000152587891,5.369999885559082,5.519999980926514,44100,0.0,0.0
2024-07-10 00:00:00-04:00,5.599999904632568,5.599999904632568,5.329999923706055,5.539999961853027,40200,0.0,0.0
2024-07-11 00:00:00-04:00,5.630000114440918,6.019999980926514,5.630000114440918,6.010000228881836,105000,0.0,0.0
2024-07-12 00:00:00-04:00,6.039999961853027,6.050000190734863,5.909999847412109,5.940000057220459,57700,0.0,0.0
2024-07-15 00:00:00-04:00,6.019999980926514,6.019999980926514,5.800000190734863,5.820000171661377,67900,0.0,0.0
2024-07-16 00:00:00-04:00,5.949999809265137,6.0,5.800000190734863,5.940000057220459,68400,0.0,0.0
2024-07-17 00:00:00-04:00,5.789999961853027,6.28000020980835,5.789999961853027,6.28000020980835,155100,0.0,0.0
2024-07-18 00:00:00-04:00,6.21999979019165,6.21999979019165,5.659999847412109,5.670000076293945,128500,0.0,0.0
2024-07-19 00:00:00-04:00,5.590000152587891,5.630000114440918,5.320000171661377,5.329999923706055,60000,0.0,0.0
2024-07-22 00:00:00-04:00,5.329999923706055,5.559999942779541,5.190000057220459,5.46999979019165,145600,0.0,0.0
2024-07-23 00:00:00-04:00,5.429999828338623,5.489999771118164,5.110000133514404,5.130000114440918,102600,0.0,0.0
2024-07-24 00:00:00-04:00,5.139999866485596,5.309999942779541,5.03000020980835,5.190000057220459,62200,0.0,0.0
2024-07-25 00:00:00-04:00,5.179999828338623,5.769999980926514,5.139999866485596,5.619999885559082,201800,0.0,0.0
2024-07-26 00:00:00-04:00,5.650000095367432,5.679999828338623,5.389999866485596,5.489999771118164,88000,0.0,0.0
2024-07-29 00:00:00-04:00,5.510000228881836,5.510000228881836,5.289999961853027,5.420000076293945,37900,0.0,0.0
2024-07-30 00:00:00-04:00,5.429999828338623,5.769999980926514,5.429999828338623,5.75,91800,0.0,0.0
2024-07-31 00:00:00-04:00,5.659999847412109,6.119999885559082,5.659999847412109,5.860000133514404,112800,0.0,0.0
2024-08-01 00:00:00-04:00,5.909999847412109,5.909999847412109,5.420000076293945,5.599999904632568,83900,0.0,0.0
2024-08-02 00:00:00-04:00,5.349999904632568,5.449999809265137,5.230000019073486,5.25,67700,0.0,0.0
2024-08-05 00:00:00-04:00,4.989999771118164,5.059999942779541,4.889999866485596,5.039999961853027,144400,0.0,0.0
2024-08-06 00:00:00-04:00,5.03000020980835,5.070000171661377,4.71999979019165,4.739999771118164,94200,0.0,0.0
2024-08-07 00:00:00-04:00,4.800000190734863,4.800000190734863,4.440000057220459,4.449999809265137,62300,0.0,0.0
2024-08-08 00:00:00-04:00,4.550000190734863,4.690000057220459,4.369999885559082,4.650000095367432,80700,0.0,0.0
2024-08-09 00:00:00-04:00,4.599999904632568,4.820000171661377,4.599999904632568,4.650000095367432,47200,0.0,0.0
2024-08-12 00:00:00-04:00,4.699999809265137,4.699999809265137,4.539999961853027,4.559999942779541,55000,0.0,0.0
2024-08-13 00:00:00-04:00,4.610000133514404,4.75,4.53000020980835,4.699999809265137,40600,0.0,0.0
2024-08-14 00:00:00-04:00,4.690000057220459,4.690000057220459,4.550000190734863,4.630000114440918,32600,0.0,0.0
2024-08-15 00:00:00-04:00,4.800000190734863,4.960000038146973,4.730000019073486,4.860000133514404,32500,0.0,0.0
2024-08-16 00:00:00-04:00,4.869999885559082,5.099999904632568,4.869999885559082,5.090000152587891,27900,0.0,0.0
2024-08-19 00:00:00-04:00,5.019999980926514,5.159999847412109,5.010000228881836,5.079999923706055,217200,0.0,0.0
2024-08-20 00:00:00-04:00,5.010000228881836,5.050000190734863,4.820000171661377,4.829999923706055,33200,0.0,0.0
2024-08-21 00:00:00-04:00,4.900000095367432,4.960000038146973,4.760000228881836,4.909999847412109,36600,0.0,0.0
2024-08-22 00:00:00-04:00,4.900000095367432,5.210000038146973,4.829999923706055,5.150000095367432,48000,0.0,0.0
2024-08-23 00:00:00-04:00,5.269999980926514,6.010000228881836,5.260000228881836,5.900000095367432,93100,0.0,0.0
2024-08-26 00:00:00-04:00,5.96999979019165,5.96999979019165,5.369999885559082,5.369999885559082,142900,0.0,0.0
2024-08-27 00:00:00-04:00,5.340000152587891,5.510000228881836,5.340000152587891,5.380000114440918,40900,0.0,0.0
2024-08-28 00:00:00-04:00,5.329999923706055,5.559999942779541,5.329999923706055,5.550000190734863,42900,0.0,0.0
2024-08-29 00:00:00-04:00,5.659999847412109,5.659999847412109,5.409999847412109,5.489999771118164,82800,0.0,0.0
2024-08-30 00:00:00-04:00,5.449999809265137,5.489999771118164,5.179999828338623,5.360000133514404,70500,0.0,0.0
2024-09-03 00:00:00-04:00,5.260000228881836,5.329999923706055,4.800000190734863,5.119999885559082,69600,0.0,0.0
2024-09-04 00:00:00-04:00,5.039999961853027,5.25,4.889999866485596,4.940000057220459,40900,0.0,0.0
2024-09-05 00:00:00-04:00,4.960000038146973,4.960000038146973,4.739999771118164,4.75,72900,0.0,0.0
2024-09-06 00:00:00-04:00,4.739999771118164,4.880000114440918,4.539999961853027,4.539999961853027,86100,0.0,0.0
2024-09-09 00:00:00-04:00,4.639999866485596,4.829999923706055,4.539999961853027,4.559999942779541,103900,0.0,0.0
2024-09-10 00:00:00-04:00,4.539999961853027,4.96999979019165,4.539999961853027,4.96999979019165,83400,0.0,0.0
2024-09-11 00:00:00-04:00,4.889999866485596,4.949999809265137,4.610000133514404,4.739999771118164,51900,0.0,0.0
2024-09-12 00:00:00-04:00,4.820000171661377,4.880000114440918,4.650000095367432,4.829999923706055,35800,0.0,0.0
2024-09-13 00:00:00-04:00,4.929999828338623,5.199999809265137,4.869999885559082,5.190000057220459,40900,0.0,0.0
2024-09-16 00:00:00-04:00,5.190000057220459,5.190000057220459,4.940000057220459,4.949999809265137,28500,0.0,0.0
2024-09-17 00:00:00-04:00,5.070000171661377,5.110000133514404,4.900000095367432,5.110000133514404,61400,0.0,0.0
2024-09-18 00:00:00-04:00,5.139999866485596,5.300000190734863,5.03000020980835,5.099999904632568,62800,0.0,0.0
2024-09-19 00:00:00-04:00,5.269999980926514,5.349999904632568,4.960000038146973,5.059999942779541,47400,0.0,0.0
2024-09-20 00:00:00-04:00,4.949999809265137,5.050000190734863,4.769999980926514,4.820000171661377,211200,0.0,0.0
2024-09-23 00:00:00-04:00,4.769999980926514,4.889999866485596,4.630000114440918,4.820000171661377,117200,0.0,0.0
2024-09-24 00:00:00-04:00,4.860000133514404,4.940000057220459,4.730000019073486,4.920000076293945,61400,0.0,0.0
2024-09-25 00:00:00-04:00,4.869999885559082,4.900000095367432,4.699999809265137,4.789999961853027,40300,0.0,0.0
2024-09-26 00:00:00-04:00,4.880000114440918,4.880000114440918,4.690000057220459,4.690000057220459,198600,0.0,0.0
2024-09-27 00:00:00-04:00,4.78000020980835,4.989999771118164,4.75,4.980000019073486,27300,0.0,0.0
2024-09-30 00:00:00-04:00,5.010000228881836,5.170000076293945,4.949999809265137,5.099999904632568,63500,0.0,0.0
2024-10-01 00:00:00-04:00,5.090000152587891,5.090000152587891,4.690000057220459,4.690000057220459,49300,0.0,0.0
2024-10-02 00:00:00-04:00,4.679999828338623,4.710000038146973,4.550000190734863,4.610000133514404,41500,0.0,0.0
2024-10-03 00:00:00-04:00,4.53000020980835,4.579999923706055,4.460000038146973,4.480000019073486,66600,0.0,0.0
2024-10-04 00:00:00-04:00,4.590000152587891,4.679999828338623,4.460000038146973,4.650000095367432,38600,0.0,0.0
2024-10-07 00:00:00-04:00,4.679999828338623,4.679999828338623,4.449999809265137,4.590000152587891,37800,0.0,0.0
2024-10-08 00:00:00-04:00,4.610000133514404,4.670000076293945,4.510000228881836,4.650000095367432,47500,0.0,0.0
2024-10-09 00:00:00-04:00,4.710000038146973,4.710000038146973,4.489999771118164,4.53000020980835,40100,0.0,0.0
2024-10-10 00:00:00-04:00,4.449999809265137,4.510000228881836,4.300000190734863,4.309999942779541,68900,0.0,0.0
2024-10-11 00:00:00-04:00,4.329999923706055,4.550000190734863,4.329999923706055,4.539999961853027,29700,0.0,0.0
2024-10-14 00:00:00-04:00,4.489999771118164,4.570000171661377,4.360000133514404,4.429999828338623,35900,0.0,0.0
2024-10-15 00:00:00-04:00,4.409999847412109,4.550000190734863,4.360000133514404,4.360000133514404,47300,0.0,0.0
2024-10-16 00:00:00-04:00,4.449999809265137,4.550000190734863,4.300000190734863,4.5,52900,0.0,0.0
2024-10-17 00:00:00-04:00,4.420000076293945,4.480000019073486,4.360000133514404,4.429999828338623,37900,0.0,0.0
2024-10-18 00:00:00-04:00,4.460000038146973,4.46999979019165,4.309999942779541,4.420000076293945,56600,0.0,0.0
2024-10-21 00:00:00-04:00,4.369999885559082,4.369999885559082,4.199999809265137,4.199999809265137,34900,0.0,0.0
2024-10-22 00:00:00-04:00,4.139999866485596,4.260000228881836,4.079999923706055,4.110000133514404,64000,0.0,0.0
2024-10-23 00:00:00-04:00,4.099999904632568,4.190000057220459,3.930000066757202,4.110000133514404,48900,0.0,0.0
2024-10-24 00:00:00-04:00,4.130000114440918,4.130000114440918,3.940000057220459,3.990000009536743,36800,0.0,0.0
2024-10-25 00:00:00-04:00,3.9600000381469727,4.079999923706055,3.859999895095825,4.039999961853027,51800,0.0,0.0
2024-10-28 00:00:00-04:00,4.070000171661377,4.139999866485596,3.9800000190734863,4.130000114440918,37200,0.0,0.0
2024-10-29 00:00:00-04:00,4.070000171661377,4.170000076293945,3.9800000190734863,4.059999942779541,48300,0.0,0.0
2024-10-30 00:00:00-04:00,4.070000171661377,4.130000114440918,4.03000020980835,4.090000152587891,42400,0.0,0.0
2024-10-31 00:00:00-04:00,3.9800000190734863,4.059999942779541,3.950000047683716,4.019999980926514,40700,0.0,0.0
2024-11-01 00:00:00-04:00,3.940000057220459,3.990000009536743,3.9100000858306885,3.940000057220459,41900,0.0,0.0
2024-11-04 00:00:00-05:00,3.9100000858306885,3.950000047683716,3.7699999809265137,3.8499999046325684,38600,0.0,0.0
2024-11-05 00:00:00-05:00,3.7899999618530273,4.210000038146973,3.7799999713897705,4.210000038146973,56000,0.0,0.0
2024-11-06 00:00:00-05:00,4.429999828338623,4.570000171661377,4.269999980926514,4.559999942779541,132400,0.0,0.0
2024-11-07 00:00:00-05:00,4.489999771118164,4.489999771118164,4.239999771118164,4.289999961853027,64200,0.0,0.0
2024-11-08 00:00:00-05:00,4.289999961853027,4.300000190734863,4.099999904632568,4.110000133514404,47200,0.0,0.0
2024-11-11 00:00:00-05:00,4.239999771118164,4.28000020980835,4.150000095367432,4.190000057220459,26200,0.0,0.0
2024-11-12 00:00:00-05:00,4.110000133514404,4.170000076293945,4.039999961853027,4.039999961853027,62900,0.0,0.0
2024-11-13 00:00:00-05:00,4.130000114440918,4.130000114440918,3.869999885559082,3.869999885559082,46000,0.0,0.0
2024-11-14 00:00:00-05:00,3.859999895095825,4.090000152587891,3.859999895095825,3.990000009536743,60100,0.0,0.0
2024-11-15 00:00:00-05:00,4.059999942779541,4.199999809265137,3.9000000953674316,4.179999828338623,57500,0.0,0.0
2024-11-18 00:00:00-05:00,4.170000076293945,4.21999979019165,3.7799999713897705,3.8499999046325684,62800,0.0,0.0
2024-11-19 00:00:00-05:00,3.8399999141693115,3.859999895095825,3.6700000762939453,3.680000066757202,39800,0.0,0.0
2024-11-20 00:00:00-05:00,3.6600000858306885,3.7699999809265137,3.569999933242798,3.6700000762939453,29100,0.0,0.0
2024-11-21 00:00:00-05:00,3.6600000858306885,3.8299999237060547,3.640000104904175,3.7799999713897705,46900,0.0,0.0
2024-11-22 00:00:00-05:00,3.859999895095825,3.950000047683716,3.75,3.9100000858306885,27600,0.0,0.0
2024-11-25 00:00:00-05:00,3.9600000381469727,4.119999885559082,3.9600000381469727,4.0,33200,0.0,0.0
2024-11-26 00:00:00-05:00,4.019999980926514,4.210000038146973,3.9000000953674316,4.179999828338623,46400,0.0,0.0
2024-11-27 00:00:00-05:00,4.239999771118164,4.389999866485596,4.179999828338623,4.210000038146973,59300,0.0,0.0
2024-11-29 00:00:00-05:00,4.289999961853027,4.559999942779541,4.28000020980835,4.46999979019165,30400,0.0,0.0
2024-12-02 00:00:00-05:00,4.460000038146973,4.769999980926514,4.460000038146973,4.679999828338623,62300,0.0,0.0
2024-12-03 00:00:00-05:00,4.599999904632568,4.650000095367432,4.420000076293945,4.440000057220459,44000,0.0,0.0
2024-12-04 00:00:00-05:00,4.420000076293945,4.550000190734863,4.309999942779541,4.510000228881836,37000,0.0,0.0
2024-12-05 00:00:00-05:00,4.460000038146973,4.579999923706055,4.150000095367432,4.380000114440918,68000,0.0,0.0
2024-12-06 00:00:00-05:00,4.0,4.5,3.8499999046325684,4.21999979019165,135300,0.0,0.0
2024-12-09 00:00:00-05:00,4.21999979019165,4.320000171661377,3.8499999046325684,4.010000228881836,218300,0.0,0.0
2024-12-10 00:00:00-05:00,3.950000047683716,3.9600000381469727,3.690000057220459,3.7200000286102295,85500,0.0,0.0
2024-12-11 00:00:00-05:00,3.809999942779541,3.8399999141693115,3.5199999809265137,3.5299999713897705,69700,0.0,0.0
2024-12-12 00:00:00-05:00,3.5,3.5899999141693115,3.4700000286102295,3.5199999809265137,56000,0.0,0.0
2024-12-13 00:00:00-05:00,3.4700000286102295,3.549999952316284,3.299999952316284,3.4700000286102295,61900,0.0,0.0
2024-12-16 00:00:00-05:00,3.5,3.640000104904175,3.4100000858306885,3.450000047683716,56200,0.0,0.0
2024-12-17 00:00:00-05:00,3.390000104904175,3.5399999618530273,3.369999885559082,3.380000114440918,54800,0.0,0.0
2024-12-18 00:00:00-05:00,3.4100000858306885,3.509999990463257,3.2300000190734863,3.2300000190734863,111000,0.0,0.0
2024-12-19 00:00:00-05:00,3.2799999713897705,3.5799999237060547,3.2799999713897705,3.450000047683716,111700,0.0,0.0
2024-12-20 00:00:00-05:00,3.369999885559082,3.569999933242798,3.25,3.259999990463257,208500,0.0,0.0
2024-12-23 00:00:00-05:00,3.2699999809265137,3.559999942779541,3.2200000286102295,3.509999990463257,91800,0.0,0.0
2024-12-24 00:00:00-05:00,3.5,3.930000066757202,3.4600000381469727,3.559999942779541,334800,0.0,0.0
2024-12-26 00:00:00-05:00,3.6600000858306885,3.7799999713897705,3.4000000953674316,3.6700000762939453,144100,0.0,0.0
2024-12-27 00:00:00-05:00,3.6600000858306885,3.930000066757202,3.559999942779541,3.9000000953674316,406300,0.0,0.0
2024-12-30 00:00:00-05:00,3.869999885559082,4.0,3.7799999713897705,3.990000009536743,301500,0.0,0.0
2024-12-31 00:00:00-05:00,3.990000009536743,4.28000020980835,3.9000000953674316,4.25,189500,0.0,0.0
2025-01-02 00:00:00-05:00,4.230000019073486,4.630000114440918,4.039999961853027,4.559999942779541,102800,0.0,0.0
2025-01-03 00:00:00-05:00,4.650000095367432,4.75,4.380000114440918,4.550000190734863,93000,0.0,0.0
2025-01-06 00:00:00-05:00,4.550000190734863,4.71999979019165,4.150000095367432,4.429999828338623,116100,0.0,0.0
2025-01-07 00:00:00-05:00,4.400000095367432,4.449999809265137,4.039999961853027,4.389999866485596,85400,0.0,0.0
2025-01-08 00:00:00-05:00,4.340000152587891,4.340000152587891,4.110000133514404,4.28000020980835,153400,0.0,0.0
2025-01-10 00:00:00-05:00,4.139999866485596,4.329999923706055,4.050000190734863,4.25,94400,0.0,0.0
2025-01-13 00:00:00-05:00,4.110000133514404,4.190000057220459,3.950000047683716,4.159999847412109,105900,0.0,0.0
2025-01-14 00:00:00-05:00,4.130000114440918,4.130000114440918,3.7699999809265137,4.099999904632568,108600,0.0,0.0
2025-01-15 00:00:00-05:00,4.210000038146973,4.21999979019165,3.880000114440918,4.150000095367432,67900,0.0,0.0
2025-01-16 00:00:00-05:00,4.119999885559082,4.199999809265137,3.940000057220459,4.150000095367432,63100,0.0,0.0
2025-01-17 00:00:00-05:00,4.199999809265137,4.199999809265137,3.9000000953674316,4.150000095367432,103900,0.0,0.0
2025-01-21 00:00:00-05:00,4.190000057220459,4.190000057220459,4.059999942779541,4.150000095367432,55000,0.0,0.0
2025-01-22 00:00:00-05:00,4.090000152587891,4.199999809265137,3.9600000381469727,4.150000095367432,77000,0.0,0.0
2025-01-23 00:00:00-05:00,4.139999866485596,4.440000057220459,4.039999961853027,4.360000133514404,108800,0.0,0.0
2025-01-24 00:00:00-05:00,4.400000095367432,4.53000020980835,4.199999809265137,4.28000020980835,63500,0.0,0.0
2025-01-27 00:00:00-05:00,4.130000114440918,4.380000114440918,4.130000114440918,4.190000057220459,56100,0.0,0.0
2025-01-28 00:00:00-05:00,4.190000057220459,4.28000020980835,3.9700000286102295,4.179999828338623,53500,0.0,0.0
2025-01-29 00:00:00-05:00,4.170000076293945,4.260000228881836,4.0,4.150000095367432,50500,0.0,0.0
2025-01-30 00:00:00-05:00,4.159999847412109,4.400000095367432,4.139999866485596,4.369999885559082,32300,0.0,0.0
2025-01-31 00:00:00-05:00,4.389999866485596,4.599999904632568,4.300000190734863,4.329999923706055,88300,0.0,0.0
2025-02-03 00:00:00-05:00,4.199999809265137,4.480000019073486,4.090000152587891,4.190000057220459,36300,0.0,0.0
2025-02-04 00:00:00-05:00,4.269999980926514,4.269999980926514,4.059999942779541,4.110000133514404,51400,0.0,0.0
2025-02-05 00:00:00-05:00,4.110000133514404,4.170000076293945,3.940000057220459,4.0,40700,0.0,0.0
2025-02-06 00:00:00-05:00,4.050000190734863,4.070000171661377,3.700000047683716,4.050000190734863,50200,0.0,0.0
2025-02-07 00:00:00-05:00,3.990000009536743,4.360000133514404,3.859999895095825,4.28000020980835,70800,0.0,0.0
2025-02-10 00:00:00-05:00,4.28000020980835,4.28000020980835,3.9100000858306885,4.179999828338623,74000,0.0,0.0
2025-02-11 00:00:00-05:00,4.130000114440918,4.130000114440918,3.8399999141693115,3.950000047683716,133400,0.0,0.0
2025-02-12 00:00:00-05:00,3.869999885559082,3.940000057220459,3.809999942779541,3.9000000953674316,118900,0.0,0.0
2025-02-13 00:00:00-05:00,3.950000047683716,4.039999961853027,3.8499999046325684,3.9000000953674316,42500,0.0,0.0
2025-02-14 00:00:00-05:00,4.0,4.0,3.75,3.869999885559082,66200,0.0,0.0
2025-02-18 00:00:00-05:00,3.9000000953674316,4.010000228881836,3.7699999809265137,3.9000000953674316,39300,0.0,0.0
2025-02-19 00:00:00-05:00,3.9100000858306885,3.9100000858306885,3.7300000190734863,3.799999952316284,69600,0.0,0.0
2025-02-20 00:00:00-05:00,3.799999952316284,3.9800000190734863,3.549999952316284,3.740000009536743,116500,0.0,0.0
2025-02-21 00:00:00-05:00,3.8299999237060547,3.8299999237060547,3.569999933242798,3.6500000953674316,72200,0.0,0.0
2025-02-24 00:00:00-05:00,3.7200000286102295,3.7200000286102295,3.5199999809265137,3.5899999141693115,61100,0.0,0.0
2025-02-25 00:00:00-05:00,3.640000104904175,3.680000066757202,3.509999990463257,3.509999990463257,61400,0.0,0.0
2025-02-26 00:00:00-05:00,3.549999952316284,3.6600000858306885,3.4000000953674316,3.609999895095825,84400,0.0,0.0
2025-02-27 00:00:00-05:00,3.609999895095825,3.7100000381469727,3.5399999618530273,3.630000114440918,17500,0.0,0.0
2025-02-28 00:00:00-05:00,3.630000114440918,4.0,3.5799999237060547,3.799999952316284,244400,0.0,0.0
2025-03-03 00:00:00-05:00,3.7300000190734863,3.930000066757202,3.490000009536743,3.890000104904175,205800,0.0,0.0
2025-03-04 00:00:00-05:00,3.7899999618530273,4.159999847412109,3.4000000953674316,4.070000171661377,153000,0.0,0.0
2025-03-05 00:00:00-05:00,4.059999942779541,4.150000095367432,3.9000000953674316,4.139999866485596,99100,0.0,0.0
2025-03-06 00:00:00-05:00,4.139999866485596,4.150000095367432,3.799999952316284,4.130000114440918,58500,0.0,0.0
2025-03-07 00:00:00-05:00,4.150000095367432,4.400000095367432,3.940000057220459,4.130000114440918,42200,0.0,0.0
2025-03-10 00:00:00-04:00,4.059999942779541,4.21999979019165,3.6500000953674316,3.7200000286102295,111000,0.0,0.0
2025-03-11 00:00:00-04:00,3.7300000190734863,3.7300000190734863,3.549999952316284,3.5799999237060547,39900,0.0,0.0
2025-03-12 00:00:00-04:00,3.5799999237060547,3.5999999046325684,3.069999933242798,3.299999952316284,271800,0.0,0.0
2025-03-13 00:00:00-04:00,2.9800000190734863,2.9800000190734863,2.25,2.640000104904175,625100,0.0,0.0
2025-03-14 00:00:00-04:00,2.5299999713897705,2.5399999618530273,2.259999990463257,2.440000057220459,309900,0.0,0.0
2025-03-17 00:00:00-04:00,2.440000057220459,2.5999999046325684,2.440000057220459,2.490000009536743,119000,0.0,0.0
2025-03-18 00:00:00-04:00,2.4600000381469727,2.509999990463257,2.359999895095825,2.4200000762939453,53100,0.0,0.0
2025-03-19 00:00:00-04:00,2.3499999046325684,2.4800000190734863,2.3299999237060547,2.4600000381469727,65000,0.0,0.0
2025-03-20 00:00:00-04:00,2.440000057220459,2.440000057220459,2.190000057220459,2.3399999141693115,81100,0.0,0.0
2025-03-21 00:00:00-04:00,2.3399999141693115,2.390000104904175,2.1700000762939453,2.3499999046325684,153000,0.0,0.0
2025-03-24 00:00:00-04:00,2.3399999141693115,2.4100000858306885,2.2300000190734863,2.3399999141693115,52700,0.0,0.0
2025-03-25 00:00:00-04:00,2.309999942779541,2.4200000762939453,2.2200000286102295,2.25,38900,0.0,0.0
2025-03-26 00:00:00-04:00,2.2100000381469727,2.25,2.0999999046325684,2.25,45800,0.0,0.0
2025-03-27 00:00:00-04:00,2.25,2.4100000858306885,2.1700000762939453,2.319999933242798,298100,0.0,0.0
2025-03-28 00:00:00-04:00,2.2899999618530273,2.2899999618530273,2.119999885559082,2.190000057220459,102900,0.0,0.0
2025-03-31 00:00:00-04:00,2.1700000762939453,2.4000000953674316,2.059999942779541,2.200000047683716,128500,0.0,0.0
2025-04-01 00:00:00-04:00,2.190000057220459,2.2699999809265137,2.049999952316284,2.2300000190734863,51900,0.0,0.0
2025-04-02 00:00:00-04:00,2.200000047683716,2.2699999809265137,2.1600000858306885,2.190000057220459,105500,0.0,0.0
2025-04-03 00:00:00-04:00,2.0899999141693115,2.0999999046325684,1.850000023841858,1.909999966621399,60400,0.0,0.0
2025-04-04 00:00:00-04:00,1.8600000143051147,2.2100000381469727,1.7300000190734863,2.0899999141693115,86900,0.0,0.0
2025-04-07 00:00:00-04:00,1.9700000286102295,2.200000047683716,1.8799999952316284,2.0799999237060547,64200,0.0,0.0
2025-04-08 00:00:00-04:00,2.180000066757202,2.2100000381469727,1.8200000524520874,1.8799999952316284,103000,0.0,0.0
2025-04-09 00:00:00-04:00,1.8899999856948853,2.130000114440918,1.7000000476837158,1.899999976158142,385300,0.0,0.0
2025-04-10 00:00:00-04:00,1.840000033378601,1.8700000047683716,1.7200000286102295,1.7899999618530273,59900,0.0,0.0
2025-04-11 00:00:00-04:00,1.7899999618530273,1.9900000095367432,1.6699999570846558,1.9900000095367432,145400,0.0,0.0
2025-04-14 00:00:00-04:00,2.069999933242798,2.109999895095825,1.7699999809265137,1.7799999713897705,131400,0.0,0.0
2025-04-15 00:00:00-04:00,1.7599999904632568,1.7899999618530273,1.600000023841858,1.6200000047683716,69700,0.0,0.0
2025-04-16 00:00:00-04:00,1.6399999856948853,1.7599999904632568,1.5499999523162842,1.6299999952316284,77300,0.0,0.0
2025-04-17 00:00:00-04:00,1.6299999952316284,1.7300000190734863,1.5499999523162842,1.6699999570846558,114900,0.0,0.0
2025-04-21 00:00:00-04:00,1.6299999952316284,1.7100000381469727,1.4900000095367432,1.659999966621399,101700,0.0,0.0
2025-04-22 00:00:00-04:00,1.6200000047683716,1.7200000286102295,1.5700000524520874,1.7000000476837158,74200,0.0,0.0
2025-04-23 00:00:00-04:00,1.75,1.8600000143051147,1.6299999952316284,1.7000000476837158,98000,0.0,0.0
2025-04-24 00:00:00-04:00,1.690000057220459,1.75,1.659999966621399,1.7000000476837158,58400,0.0,0.0
2025-04-25 00:00:00-04:00,1.659999966621399,1.7300000190734863,1.559999942779541,1.590000033378601,78800,0.0,0.0
2025-04-28 00:00:00-04:00,1.5800000429153442,1.6399999856948853,1.4800000190734863,1.5399999618530273,75800,0.0,0.0
2025-04-29 00:00:00-04:00,1.5800000429153442,1.6200000047683716,1.5,1.5700000524520874,83900,0.0,0.0
2025-04-30 00:00:00-04:00,1.5700000524520874,1.600000023841858,1.4500000476837158,1.5299999713897705,114000,0.0,0.0
2025-05-01 00:00:00-04:00,1.5199999809265137,1.559999942779541,1.4700000286102295,1.5,63300,0.0,0.0
2025-05-02 00:00:00-04:00,1.5299999713897705,1.5399999618530273,1.4600000381469727,1.5,77100,0.0,0.0
2025-05-05 00:00:00-04:00,1.4600000381469727,1.4800000190734863,1.3600000143051147,1.3600000143051147,64400,0.0,0.0
2025-05-06 00:00:00-04:00,1.3200000524520874,1.3600000143051147,1.159999966621399,1.2000000476837158,132000,0.0,0.0
2025-05-07 00:00:00-04:00,1.2000000476837158,1.2599999904632568,1.2000000476837158,1.25,32900,0.0,0.0
2025-05-08 00:00:00-04:00,1.2400000095367432,1.25,1.1399999856948853,1.190000057220459,1041500,0.0,0.0
2025-05-09 00:00:00-04:00,1.190000057220459,1.190000057220459,1.0700000524520874,1.0700000524520874,73600,0.0,0.0
2025-05-12 00:00:00-04:00,1.1299999952316284,1.2300000190734863,1.1299999952316284,1.159999966621399,104000,0.0,0.0
2025-05-13 00:00:00-04:00,1.149999976158142,1.309999942779541,0.800000011920929,0.8999999761581421,1434400,0.0,0.0
2025-05-14 00:00:00-04:00,0.9100000262260437,1.0499999523162842,0.5799999833106995,0.6899999976158142,1555900,0.0,0.0
2025-05-15 00:00:00-04:00,0.7099999785423279,0.8500000238418579,0.5699999928474426,0.7900000214576721,1777000,0.0,0.0
2025-05-16 00:00:00-04:00,0.7900000214576721,0.8799999952316284,0.7699999809265137,0.8600000143051147,452900,0.0,0.0
2025-05-19 00:00:00-04:00,0.8700000047683716,0.9100000262260437,0.8199999928474426,0.9100000262260437,136800,0.0,0.0
2025-05-20 00:00:00-04:00,0.8999999761581421,0.9200000166893005,0.8500000238418579,0.9200000166893005,167800,0.0,0.0
2025-05-21 00:00:00-04:00,0.8799999952316284,0.8799999952316284,0.7900000214576721,0.8100000023841858,190900,0.0,0.0
2025-05-22 00:00:00-04:00,0.8899999856948853,0.9399999976158142,0.7900000214576721,0.8700000047683716,811400,0.0,0.0
2025-05-23 00:00:00-04:00,0.8399999737739563,0.8899999856948853,0.800000011920929,0.8700000047683716,163800,0.0,0.0
2025-05-27 00:00:00-04:00,0.8500000238418579,0.9200000166893005,0.800000011920929,0.9100000262260437,176200,0.0,0.0
2025-05-28 00:00:00-04:00,0.9200000166893005,0.9700000286102295,0.8600000143051147,0.949999988079071,152400,0.0,0.0
2025-05-29 00:00:00-04:00,0.9900000095367432,1.100000023841858,0.949999988079071,1.090000033378601,169400,0.0,0.0
2025-05-30 00:00:00-04:00,1.100000023841858,1.4800000190734863,0.9900000095367432,1.4299999475479126,4564300,0.0,0.0
2025-06-02 00:00:00-04:00,1.4700000286102295,2.2300000190734863,1.399999976158142,1.4600000381469727,4990300,0.0,0.0
2025-06-03 00:00:00-04:00,1.5299999713897705,1.5499999523162842,1.25,1.340000033378601,1220600,0.0,0.0
2025-06-04 00:00:00-04:00,1.340000033378601,1.4900000095367432,1.2599999904632568,1.2999999523162842,1531000,0.0,0.0
2025-06-05 00:00:00-04:00,1.3700000047683716,1.8300000429153442,1.3300000429153442,1.4600000381469727,3737500,0.0,0.0
2025-06-06 00:00:00-04:00,1.5199999809265137,1.5800000429153442,1.3300000429153442,1.350000023841858,778700,0.0,0.0
2025-06-09 00:00:00-04:00,1.2999999523162842,1.3799999952316284,1.190000057220459,1.2799999713897705,493800,0.0,0.0
2025-06-10 00:00:00-04:00,1.350000023841858,1.5199999809265137,1.25,1.2799999713897705,1198200,0.0,0.0
2025-06-11 00:00:00-04:00,1.2799999713897705,1.309999942779541,1.2100000381469727,1.2200000286102295,381800,0.0,0.0
2025-06-12 00:00:00-04:00,1.2200000286102295,1.2400000095367432,1.149999976158142,1.2200000286102295,267800,0.0,0.0
2025-06-13 00:00:00-04:00,1.1699999570846558,1.2300000190734863,1.1399999856948853,1.149999976158142,209400,0.0,0.0
2025-06-16 00:00:00-04:00,1.1399999856948853,1.2200000286102295,1.1399999856948853,1.2200000286102295,132500,0.0,0.0
2025-06-17 00:00:00-04:00,1.1799999475479126,1.2799999713897705,1.159999966621399,1.2200000286102295,139400,0.0,0.0
2025-06-18 00:00:00-04:00,1.2200000286102295,1.25,1.190000057220459,1.190000057220459,128000,0.0,0.0
2025-06-20 00:00:00-04:00,1.2300000190734863,1.2599999904632568,1.1799999475479126,1.2000000476837158,181000,0.0,0.0
2025-06-23 00:00:00-04:00,1.190000057220459,1.2599999904632568,1.190000057220459,1.190000057220459,159700,0.0,0.0
2025-06-24 00:00:00-04:00,1.2000000476837158,1.25,1.1699999570846558,1.1699999570846558,73200,0.0,0.0
2025-06-25 00:00:00-04:00,1.1299999952316284,1.1799999475479126,1.1200000047683716,1.1299999952316284,152800,0.0,0.0
2025-06-26 00:00:00-04:00,1.1299999952316284,1.350000023841858,1.1200000047683716,1.2699999809265137,397500,0.0,0.0
2025-06-27 00:00:00-04:00,1.2400000095367432,1.5800000429153442,1.2400000095367432,1.25,3351400,0.0,0.0
2025-06-30 00:00:00-04:00,1.309999942779541,1.5299999713897705,1.2699999809265137,1.3799999952316284,638500,0.0,0.0
2025-07-01 00:00:00-04:00,1.5399999618530273,1.8300000429153442,1.5399999618530273,1.6299999952316284,1950900,0.0,0.0
2025-07-02 00:00:00-04:00,1.7200000286102295,1.7699999809265137,1.600000023841858,1.600000023841858,454900,0.0,0.0
2025-07-03 00:00:00-04:00,1.6100000143051147,1.7599999904632568,1.6100000143051147,1.7300000190734863,217000,0.0,0.0
2025-07-07 00:00:00-04:00,1.659999966621399,1.690000057220459,1.4900000095367432,1.4900000095367432,262500,0.0,0.0
2025-07-08 00:00:00-04:00,1.5099999904632568,1.600000023841858,1.4299999475479126,1.4500000476837158,246800,0.0,0.0
2025-07-09 00:00:00-04:00,1.4299999475479126,1.5,1.409999966621399,1.4600000381469727,352000,0.0,0.0
2025-07-10 00:00:00-04:00,1.4299999475479126,1.5199999809265137,1.399999976158142,1.4600000381469727,141500,0.0,0.0
2025-07-11 00:00:00-04:00,1.4700000286102295,1.4800000190734863,1.4299999475479126,1.4700000286102295,69200,0.0,0.0
2025-07-14 00:00:00-04:00,1.4299999475479126,1.4600000381469727,1.409999966621399,1.4199999570846558,58400,0.0,0.0
2025-07-15 00:00:00-04:00,1.399999976158142,1.5299999713897705,1.399999976158142,1.4500000476837158,81400,0.0,0.0
2025-07-16 00:00:00-04:00,1.409999966621399,1.4299999475479126,1.3700000047683716,1.3700000047683716,73600,0.0,0.0
2025-07-17 00:00:00-04:00,1.3200000524520874,1.4900000095367432,1.3200000524520874,1.4299999475479126,124300,0.0,0.0
2025-07-18 00:00:00-04:00,1.4299999475479126,1.4700000286102295,1.399999976158142,1.4500000476837158,65200,0.0,0.0
2025-07-21 00:00:00-04:00,1.4900000095367432,1.4900000095367432,1.399999976158142,1.399999976158142,106000,0.0,0.0
2025-07-22 00:00:00-04:00,1.4199999570846558,1.5399999618530273,1.3700000047683716,1.4900000095367432,244900,0.0,0.0
2025-07-23 00:00:00-04:00,1.4700000286102295,1.649999976158142,1.4700000286102295,1.6299999952316284,145500,0.0,0.0
2025-07-24 00:00:00-04:00,1.600000023841858,2.2200000286102295,1.600000023841858,1.9700000286102295,1901700,0.0,0.0
2025-07-25 00:00:00-04:00,1.9299999475479126,1.9700000286102295,1.75,1.7899999618530273,344200,0.0,0.0
2025-07-28 00:00:00-04:00,1.850000023841858,2.309999942779541,1.7899999618530273,1.9700000286102295,755800,0.0,0.0
2025-07-29 00:00:00-04:00,1.9500000476837158,1.9900000095367432,1.7200000286102295,1.8899999856948853,224700,0.0,0.0
2025-07-30 00:00:00-04:00,1.940000057220459,1.9700000286102295,1.7699999809265137,1.840000033378601,204700,0.0,0.0
2025-07-31 00:00:00-04:00,1.850000023841858,1.9199999570846558,1.7799999713897705,1.7899999618530273,118900,0.0,0.0
2025-08-01 00:00:00-04:00,1.75,1.7899999618530273,1.6699999570846558,1.7000000476837158,117600,0.0,0.0
2025-08-04 00:00:00-04:00,1.6799999475479126,1.7799999713897705,1.6399999856948853,1.6799999475479126,143100,0.0,0.0
2025-08-05 00:00:00-04:00,1.7200000286102295,1.7999999523162842,1.649999976158142,1.659999966621399,63900,0.0,0.0
2025-08-06 00:00:00-04:00,1.6200000047683716,1.659999966621399,1.5399999618530273,1.559999942779541,89500,0.0,0.0
2025-08-07 00:00:00-04:00,1.5199999809265137,1.6100000143051147,1.5,1.5,95500,0.0,0.0
2025-08-08 00:00:00-04:00,1.5,1.5299999713897705,1.3700000047683716,1.3799999952316284,204500,0.0,0.0
2025-08-11 00:00:00-04:00,1.3799999952316284,1.409999966621399,1.2300000190734863,1.2699999809265137,201600,0.0,0.0
2025-08-12 00:00:00-04:00,1.3300000429153442,1.350000023841858,1.2200000286102295,1.2999999523162842,194800,0.0,0.0
2025-08-13 00:00:00-04:00,1.3899999856948853,1.6100000143051147,1.3899999856948853,1.590000033378601,330600,0.0,0.0
2025-08-14 00:00:00-04:00,1.5700000524520874,1.590000033378601,1.440000057220459,1.4600000381469727,117900,0.0,0.0
2025-08-15 00:00:00-04:00,1.440000057220459,1.559999942779541,1.409999966621399,1.5299999713897705,133500,0.0,0.0
2025-08-18 00:00:00-04:00,1.5700000524520874,1.6200000047683716,1.5,1.5800000429153442,88600,0.0,0.0
2025-08-19 00:00:00-04:00,1.5499999523162842,1.6299999952316284,1.5199999809265137,1.5199999809265137,78400,0.0,0.0
2025-08-20 00:00:00-04:00,1.4800000190734863,1.5399999618530273,1.440000057220459,1.5299999713897705,60100,0.0,0.0
2025-08-21 00:00:00-04:00,1.5700000524520874,1.6100000143051147,1.5,1.5299999713897705,57300,0.0,0.0
2025-08-22 00:00:00-04:00,1.5099999904632568,1.8300000429153442,1.5099999904632568,1.7899999618530273,311800,0.0,0.0
2025-08-25 00:00:00-04:00,1.7300000190734863,2.059999942779541,1.6799999475479126,1.9800000190734863,257000,0.0,0.0
2025-08-26 00:00:00-04:00,1.9199999570846558,2.0299999713897705,1.7599999904632568,1.809999942779541,188800,0.0,0.0
2025-08-27 00:00:00-04:00,1.7999999523162842,1.9600000381469727,1.7999999523162842,1.8700000047683716,152500,0.0,0.0
2025-08-28 00:00:00-04:00,1.8899999856948853,1.9800000190734863,1.8799999952316284,1.9299999475479126,106800,0.0,0.0
2025-08-29 00:00:00-04:00,2.0199999809265137,2.0299999713897705,1.899999976158142,1.9700000286102295,117000,0.0,0.0
2025-09-02 00:00:00-04:00,1.9600000381469727,2.049999952316284,1.7799999713897705,1.7899999618530273,190700,0.0,0.0
2025-09-03 00:00:00-04:00,1.7899999618530273,2.0999999046325684,1.7799999713897705,2.0299999713897705,1511700,0.0,0.0
2025-09-04 00:00:00-04:00,2.190000057220459,2.440000057220459,1.9199999570846558,2.0999999046325684,1068000,0.0,0.0
2025-09-05 00:00:00-04:00,2.0999999046325684,2.1700000762939453,1.8700000047683716,1.899999976158142,315200,0.0,0.0
2025-09-08 00:00:00-04:00,1.9700000286102295,2.0199999809265137,1.8899999856948853,1.9900000095367432,283800,0.0,0.0
2025-09-09 00:00:00-04:00,1.9500000476837158,2.0799999237060547,1.9500000476837158,2.0199999809265137,161900,0.0,0.0
2025-09-10 00:00:00-04:00,2.0,2.069999933242798,1.9500000476837158,1.9700000286102295,143700,0.0,0.0
2025-09-11 00:00:00-04:00,1.9900000095367432,2.0399999618530273,1.9600000381469727,1.9600000381469727,137800,0.0,0.0
2025-09-12 00:00:00-04:00,1.9800000190734863,1.9900000095367432,1.8300000429153442,1.8799999952316284,128000,0.0,0.0
2025-09-15 00:00:00-04:00,1.9600000381469727,2.0199999809265137,1.8799999952316284,2.0,151300,0.0,0.0
2025-09-16 00:00:00-04:00,2.0,2.0299999713897705,1.940000057220459,2.0199999809265137,142700,0.0,0.0
2025-09-17 00:00:00-04:00,2.049999952316284,2.049999952316284,1.9600000381469727,1.9900000095367432,180300,0.0,0.0
2025-09-18 00:00:00-04:00,2.0,2.0399999618530273,1.9199999570846558,2.0199999809265137,63800,0.0,0.0
2025-09-19 00:00:00-04:00,1.9500000476837158,2.009999990463257,1.8300000429153442,1.8300000429153442,196700,0.0,0.0
2025-09-22 00:00:00-04:00,1.9800000190734863,2.2100000381469727,1.8300000429153442,1.9600000381469727,256300,0.0,0.0
2025-09-23 00:00:00-04:00,1.940000057220459,2.009999990463257,1.940000057220459,1.9900000095367432,58400,0.0,0.0
2025-09-24 00:00:00-04:00,1.9600000381469727,2.0299999713897705,1.9600000381469727,1.9900000095367432,53400,0.0,0.0
2025-09-25 00:00:00-04:00,2.0,2.059999942779541,1.9500000476837158,1.9900000095367432,26800,0.0,0.0
2025-09-26 00:00:00-04:00,2.0399999618530273,2.0799999237060547,1.9700000286102295,2.0799999237060547,84700,0.0,0.0
2025-09-29 00:00:00-04:00,2.049999952316284,2.069999933242798,1.9700000286102295,2.0,48700,0.0,0.0
2025-09-30 00:00:00-04:00,2.0199999809265137,2.0899999141693115,1.9700000286102295,2.059999942779541,94400,0.0,0.0
2025-10-01 00:00:00-04:00,2.0299999713897705,2.0899999141693115,2.0,2.0299999713897705,22000,0.0,0.0
2025-10-02 00:00:00-04:00,2.0,2.0299999713897705,1.9700000286102295,2.0,33600,0.0,0.0
2025-10-03 00:00:00-04:00,2.0,2.0199999809265137,1.940000057220459,1.9900000095367432,57900,0.0,0.0
2025-10-06 00:00:00-04:00,2.0,2.0,1.9299999475479126,1.9500000476837158,47600,0.0,0.0
2025-10-07 00:00:00-04:00,1.9900000095367432,1.9900000095367432,1.850000023841858,1.8600000143051147,100200,0.0,0.0
2025-10-08 00:00:00-04:00,1.909999966621399,1.909999966621399,1.7100000381469727,1.7899999618530273,198900,0.0,0.0
2025-10-09 00:00:00-04:00,1.840000033378601,1.840000033378601,1.7000000476837158,1.7300000190734863,58900,0.0,0.0
2025-10-10 00:00:00-04:00,1.7799999713897705,1.8200000524520874,1.5199999809265137,1.559999942779541,160900,0.0,0.0
2025-10-13 00:00:00-04:00,1.559999942779541,1.6299999952316284,1.5399999618530273,1.6200000047683716,37000,0.0,0.0
2025-10-14 00:00:00-04:00,1.559999942779541,1.690000057220459,1.559999942779541,1.649999976158142,26000,0.0,0.0
2025-10-15 00:00:00-04:00,1.6799999475479126,1.7699999809265137,1.5499999523162842,1.600000023841858,57700,0.0,0.0
2025-10-16 00:00:00-04:00,1.5700000524520874,1.6399999856948853,1.5199999809265137,1.5299999713897705,100800,0.0,0.0
2025-10-17 00:00:00-04:00,1.5099999904632568,1.6200000047683716,1.4800000190734863,1.5,136100,0.0,0.0
2025-10-20 00:00:00-04:00,1.5,1.590000033378601,1.5,1.590000033378601,47600,0.0,0.0
2025-10-21 00:00:00-04:00,1.690000057220459,1.899999976158142,1.6200000047683716,1.8700000047683716,365400,0.0,0.0
2025-10-22 00:00:00-04:00,1.8700000047683716,1.8899999856948853,1.7599999904632568,1.7699999809265137,206200,0.0,0.0
2025-10-23 00:00:00-04:00,1.7599999904632568,1.7799999713897705,1.659999966621399,1.690000057220459,90000,0.0,0.0
2025-10-24 00:00:00-04:00,1.690000057220459,1.7200000286102295,1.6799999475479126,1.690000057220459,51000,0.0,0.0
2025-10-27 00:00:00-04:00,1.7000000476837158,1.7400000095367432,1.690000057220459,1.690000057220459,54000,0.0,0.0
2025-10-28 00:00:00-04:00,1.690000057220459,1.7000000476837158,1.5499999523162842,1.590000033378601,60300,0.0,0.0
2025-10-29 00:00:00-04:00,1.5499999523162842,1.6100000143051147,1.5299999713897705,1.5399999618530273,40600,0.0,0.0
2025-10-30 00:00:00-04:00,1.5,1.5399999618530273,1.4800000190734863,1.5199999809265137,39800,0.0,0.0
2025-10-31 00:00:00-04:00,1.4900000095367432,1.5499999523162842,1.4800000190734863,1.5299999713897705,52200,0.0,0.0
2025-11-03 00:00:00-05:00,1.4900000095367432,1.5299999713897705,1.4800000190734863,1.4900000095367432,43100,0.0,0.0
2025-11-04 00:00:00-05:00,1.4500000476837158,1.5,1.4500000476837158,1.4900000095367432,35600,0.0,0.0
2025-11-05 00:00:00-05:00,1.4700000286102295,1.4800000190734863,1.409999966621399,1.440000057220459,90000,0.0,0.0
2025-11-06 00:00:00-05:00,1.399999976158142,1.440000057220459,1.3700000047683716,1.4199999570846558,34900,0.0,0.0
2025-11-07 00:00:00-05:00,1.4299999475479126,1.4600000381469727,1.3799999952316284,1.409999966621399,55600,0.0,0.0
2025-11-10 00:00:00-05:00,1.409999966621399,1.4199999570846558,1.3600000143051147,1.399999976158142,31800,0.0,0.0
2025-11-11 00:00:00-05:00,1.3799999952316284,1.4500000476837158,1.3600000143051147,1.3899999856948853,16900,0.0,0.0
2025-11-12 00:00:00-05:00,1.3600000143051147,1.4299999475479126,1.3600000143051147,1.3799999952316284,52400,0.0,0.0
2025-11-13 00:00:00-05:00,1.3600000143051147,1.4500000476837158,1.3300000429153442,1.340000033378601,72300,0.0,0.0
2025-11-14 00:00:00-05:00,1.340000033378601,1.3600000143051147,1.2999999523162842,1.309999942779541,32500,0.0,0.0
2025-11-17 00:00:00-05:00,1.2999999523162842,1.340000033378601,1.2200000286102295,1.2599999904632568,51100,0.0,0.0
2025-11-18 00:00:00-05:00,1.2799999713897705,1.2999999523162842,1.2100000381469727,1.2699999809265137,38000,0.0,0.0
2025-11-19 00:00:00-05:00,1.25,1.2799999713897705,1.2000000476837158,1.2799999713897705,75200,0.0,0.0
2025-11-20 00:00:00-05:00,1.2999999523162842,1.3200000524520874,1.2200000286102295,1.2699999809265137,52200,0.0,0.0
2025-11-21 00:00:00-05:00,1.2599999904632568,1.2599999904632568,1.1699999570846558,1.25,30200,0.0,0.0
2025-11-24 00:00:00-05:00,1.2300000190734863,1.2400000095367432,1.159999966621399,1.1799999475479126,17600,0.0,0.0
2025-11-25 00:00:00-05:00,1.2000000476837158,1.2699999809265137,1.1399999856948853,1.190000057220459,50800,0.0,0.0
2025-11-26 00:00:00-05:00,1.1799999475479126,1.4500000476837158,1.149999976158142,1.399999976158142,121300,0.0,0.0
2025-11-28 00:00:00-05:00,1.4500000476837158,1.4800000190734863,1.2899999618530273,1.3700000047683716,57700,0.0,0.0
2025-12-01 00:00:00-05:00,1.350000023841858,1.4900000095367432,1.2599999904632568,1.4700000286102295,121000,0.0,0.0
2025-12-02 00:00:00-05:00,1.4700000286102295,1.5099999904632568,1.4199999570846558,1.4700000286102295,83600,0.0,0.0
2025-12-03 00:00:00-05:00,1.5299999713897705,1.7999999523162842,1.5199999809265137,1.7999999523162842,4906800,0.0,0.0
2025-12-04 00:00:00-05:00,1.809999942779541,1.899999976158142,1.649999976158142,1.7699999809265137,970600,0.0,0.0
2025-12-05 00:00:00-05:00,1.7400000095367432,1.8700000047683716,1.7000000476837158,1.7999999523162842,400900,0.0,0.0
2025-12-08 00:00:00-05:00,1.7799999713897705,1.840000033378601,1.7100000381469727,1.7599999904632568,201500,0.0,0.0
2025-12-09 00:00:00-05:00,1.7400000095367432,2.049999952316284,1.7400000095367432,1.9600000381469727,298800,0.0,0.0
2025-12-10 00:00:00-05:00,1.9299999475479126,2.009999990463257,1.8899999856948853,1.899999976158142,114500,0.0,0.0
2025-12-11 00:00:00-05:00,1.909999966621399,1.9900000095367432,1.8600000143051147,1.940000057220459,125300,0.0,0.0
2025-12-12 00:00:00-05:00,1.9199999570846558,1.9600000381469727,1.8600000143051147,1.909999966621399,59900,0.0,0.0
2025-12-15 00:00:00-05:00,1.9299999475479126,1.9600000381469727,1.7899999618530273,1.809999942779541,49100,0.0,0.0
2025-12-16 00:00:00-05:00,1.7699999809265137,1.840000033378601,1.7400000095367432,1.809999942779541,59100,0.0,0.0
2025-12-17 00:00:00-05:00,1.7699999809265137,1.909999966621399,1.7699999809265137,1.8600000143051147,79700,0.0,0.0
2025-12-18 00:00:00-05:00,1.8300000429153442,1.899999976158142,1.7799999713897705,1.7999999523162842,65700,0.0,0.0
2025-12-19 00:00:00-05:00,1.75,1.8899999856948853,1.7100000381469727,1.850000023841858,130600,0.0,0.0
2025-12-22 00:00:00-05:00,1.8600000143051147,1.899999976158142,1.7699999809265137,1.850000023841858,55000,0.0,0.0
2025-12-23 00:00:00-05:00,1.8300000429153442,1.850000023841858,1.7899999618530273,1.809999942779541,54300,0.0,0.0
2025-12-24 00:00:00-05:00,1.7699999809265137,1.8700000047683716,1.7599999904632568,1.8600000143051147,37800,0.0,0.0
2025-12-26 00:00:00-05:00,1.850000023841858,1.850000023841858,1.7999999523162842,1.8300000429153442,48300,0.0,0.0
2025-12-29 00:00:00-05:00,1.7899999618530273,1.909999966621399,1.7799999713897705,1.8700000047683716,193900,0.0,0.0
2025-12-30 00:00:00-05:00,1.8300000429153442,1.9299999475479126,1.809999942779541,1.8799999952316284,65600,0.0,0.0
2025-12-31 00:00:00-05:00,1.850000023841858,2.109999895095825,1.8200000524520874,1.9900000095367432,205200,0.0,0.0
2026-01-02 00:00:00-05:00,1.9600000381469727,2.0899999141693115,1.9500000476837158,2.0199999809265137,174600,0.0,0.0
2026-01-05 00:00:00-05:00,2.0299999713897705,2.0799999237060547,1.9700000286102295,1.9700000286102295,104900,0.0,0.0
2026-01-06 00:00:00-05:00,1.9700000286102295,2.0,1.9500000476837158,2.0,47900,0.0,0.0
2026-01-07 00:00:00-05:00,2.0,2.0199999809265137,1.7999999523162842,1.7999999523162842,56100,0.0,0.0
2026-01-08 00:00:00-05:00,1.7999999523162842,1.8799999952316284,1.7799999713897705,1.8200000524520874,65700,0.0,0.0
2026-01-09 00:00:00-05:00,1.840000033378601,1.840000033378601,1.659999966621399,1.659999966621399,126300,0.0,0.0
2026-01-12 00:00:00-05:00,1.659999966621399,1.7799999713897705,1.6200000047683716,1.7400000095367432,49700,0.0,0.0
2026-01-13 00:00:00-05:00,1.7799999713897705,1.8600000143051147,1.6799999475479126,1.6799999475479126,34000,0.0,0.0
2026-01-14 00:00:00-05:00,1.6799999475479126,1.7999999523162842,1.6399999856948853,1.690000057220459,41200,0.0,0.0
2026-01-15 00:00:00-05:00,1.659999966621399,1.6699999570846558,1.5800000429153442,1.659999966621399,38900,0.0,0.0
2026-01-16 00:00:00-05:00,1.6799999475479126,1.7200000286102295,1.659999966621399,1.6799999475479126,40500,0.0,0.0
2026-01-20 00:00:00-05:00,1.659999966621399,1.690000057220459,1.6100000143051147,1.6299999952316284,88900,0.0,0.0
2026-01-21 00:00:00-05:00,1.659999966621399,1.7300000190734863,1.649999976158142,1.6799999475479126,32000,0.0,0.0
2026-01-22 00:00:00-05:00,1.7200000286102295,1.7200000286102295,1.6399999856948853,1.6799999475479126,65900,0.0,0.0
2026-01-23 00:00:00-05:00,1.75,1.75,1.6200000047683716,1.659999966621399,56500,0.0,0.0
2026-01-26 00:00:00-05:00,1.6100000143051147,1.690000057220459,1.5399999618530273,1.5399999618530273,35200,0.0,0.0
2026-01-27 00:00:00-05:00,1.600000023841858,1.6299999952316284,1.5,1.5199999809265137,40400,0.0,0.0
2026-01-28 00:00:00-05:00,1.5,1.5499999523162842,1.4700000286102295,1.5299999713897705,20400,0.0,0.0
2026-01-29 00:00:00-05:00,1.4900000095367432,1.5499999523162842,1.4800000190734863,1.5199999809265137,52400,0.0,0.0
2026-01-30 00:00:00-05:00,1.5499999523162842,1.5499999523162842,1.4500000476837158,1.4700000286102295,88000,0.0,0.0
2026-02-02 00:00:00-05:00,1.4500000476837158,1.5199999809265137,1.4299999475479126,1.4500000476837158,52200,0.0,0.0
2026-02-03 00:00:00-05:00,1.440000057220459,1.4900000095367432,1.440000057220459,1.4500000476837158,17500,0.0,0.0
2026-02-04 00:00:00-05:00,1.4800000190734863,1.5399999618530273,1.4600000381469727,1.4900000095367432,29800,0.0,0.0
2026-02-05 00:00:00-05:00,1.4800000190734863,1.5099999904632568,1.440000057220459,1.440000057220459,18000,0.0,0.0
2026-02-06 00:00:00-05:00,1.4600000381469727,1.4700000286102295,1.4299999475479126,1.440000057220459,45600,0.0,0.0
2026-02-09 00:00:00-05:00,1.440000057220459,1.4800000190734863,1.4299999475479126,1.4600000381469727,51500,0.0,0.0
2026-02-10 00:00:00-05:00,1.5399999618530273,1.5399999618530273,1.4199999570846558,1.4199999570846558,48400,0.0,0.0
2026-02-11 00:00:00-05:00,1.4600000381469727,1.4600000381469727,1.409999966621399,1.409999966621399,65700,0.0,0.0
2026-02-12 00:00:00-05:00,1.4199999570846558,1.4700000286102295,1.3200000524520874,1.3799999952316284,26600,0.0,0.0
2026-02-13 00:00:00-05:00,1.3899999856948853,1.3899999856948853,1.350000023841858,1.3899999856948853,11600,0.0,0.0
2026-02-17 00:00:00-05:00,1.3600000143051147,1.3899999856948853,1.3300000429153442,1.350000023841858,39600,0.0,0.0
2026-02-18 00:00:00-05:00,1.350000023841858,1.440000057220459,1.3300000429153442,1.3899999856948853,48200,0.0,0.0
2026-02-19 00:00:00-05:00,1.3799999952316284,1.4600000381469727,1.3200000524520874,1.3799999952316284,27900,0.0,0.0
2026-02-20 00:00:00-05:00,1.350000023841858,1.409999966621399,1.350000023841858,1.3899999856948853,48100,0.0,0.0
2026-02-23 00:00:00-05:00,1.3600000143051147,1.399999976158142,1.3300000429153442,1.399999976158142,40200,0.0,0.0
2026-02-24 00:00:00-05:00,1.399999976158142,1.4600000381469727,1.350000023841858,1.3799999952316284,48800,0.0,0.0
2026-02-25 00:00:00-05:00,1.3799999952316284,1.4700000286102295,1.3700000047683716,1.4199999570846558,38100,0.0,0.0
2026-02-26 00:00:00-05:00,1.4500000476837158,1.4600000381469727,1.399999976158142,1.4299999475479126,24700,0.0,0.0
2026-02-27 00:00:00-05:00,1.3899999856948853,1.5,1.3899999856948853,1.440000057220459,74700,0.0,0.0
2026-03-02 00:00:00-05:00,1.4800000190734863,1.4800000190734863,1.3700000047683716,1.3799999952316284,22100,0.0,0.0
2026-03-03 00:00:00-05:00,1.309999942779541,1.4299999475479126,1.309999942779541,1.4199999570846558,34400,0.0,0.0
2026-03-04 00:00:00-05:00,1.4600000381469727,1.5199999809265137,1.4600000381469727,1.4800000190734863,32400,0.0,0.0
2026-03-05 00:00:00-05:00,1.4700000286102295,1.4900000095367432,1.4299999475479126,1.4800000190734863,35300,0.0,0.0
2026-03-06 00:00:00-05:00,1.4700000286102295,1.4900000095367432,1.4199999570846558,1.4900000095367432,46700,0.0,0.0
2026-03-09 00:00:00-04:00,1.4600000381469727,1.600000023841858,1.3700000047683716,1.5700000524520874,70700,0.0,0.0
2026-03-10 00:00:00-04:00,1.5800000429153442,1.6100000143051147,1.5199999809265137,1.5800000429153442,32200,0.0,0.0
2026-03-11 00:00:00-04:00,1.6399999856948853,1.6699999570846558,1.5499999523162842,1.6299999952316284,13778300,0.0,0.0
2026-03-12 00:00:00-04:00,2.5999999046325684,2.7300000190734863,2.25,2.4000000953674316,47169600,0.0,0.0
2026-03-13 00:00:00-04:00,2.4100000858306885,2.9000000953674316,2.380000114440918,2.690000057220459,4247500,0.0,0.0
2026-03-16 00:00:00-04:00,2.7100000381469727,2.9000000953674316,2.5799999237060547,2.7200000286102295,1612200,0.0,0.0
2026-03-17 00:00:00-04:00,2.7200000286102295,2.930000066757202,2.509999990463257,2.890000104904175,904700,0.0,0.0
2026-03-18 00:00:00-04:00,2.799999952316284,3.5999999046325684,2.799999952316284,3.569999933242798,1967000,0.0,0.0
2026-03-19 00:00:00-04:00,3.5399999618530273,3.680000066757202,3.369999885559082,3.6700000762939453,510700,0.0,0.0
2026-03-20 00:00:00-04:00,3.6600000858306885,3.940000057220459,3.4700000286102295,3.690000057220459,730800,0.0,0.0
2026-03-23 00:00:00-04:00,3.7899999618530273,4.139999866485596,3.7200000286102295,4.010000228881836,765500,0.0,0.0
2026-03-24 00:00:00-04:00,3.9700000286102295,4.480000019073486,3.9100000858306885,4.199999809265137,992400,0.0,0.0
2026-03-25 00:00:00-04:00,4.159999847412109,4.289999961853027,4.010000228881836,4.150000095367432,626900,0.0,0.0
2026-03-26 00:00:00-04:00,4.079999923706055,4.369999885559082,4.0,4.199999809265137,764800,0.0,0.0
2026-03-27 00:00:00-04:00,4.159999847412109,4.25,4.03000020980835,4.090000152587891,421100,0.0,0.0
2026-03-30 00:00:00-04:00,4.0,4.190000057220459,3.6600000858306885,3.9600000381469727,458900,0.0,0.0
2026-03-31 00:00:00-04:00,4.079999923706055,4.119999885559082,3.950000047683716,4.050000190734863,279300,0.0,0.0
2026-04-01 00:00:00-04:00,4.070000171661377,4.329999923706055,3.859999895095825,4.199999809265137,540400,0.0,0.0
2026-04-02 00:00:00-04:00,4.179999828338623,4.21999979019165,4.119999885559082,4.199999809265137,196400,0.0,0.0
2026-04-06 00:00:00-04:00,4.190000057220459,4.46999979019165,4.130000114440918,4.400000095367432,635700,0.0,0.0
2026-04-07 00:00:00-04:00,4.409999847412109,4.760000228881836,4.400000095367432,4.599999904632568,681100,0.0,0.0
2026-04-08 00:00:00-04:00,4.690000057220459,4.800000190734863,4.5,4.699999809265137,299200,0.0,0.0
2026-04-09 00:00:00-04:00,4.710000038146973,5.21999979019165,4.630000114440918,5.03000020980835,1094100,0.0,0.0
2026-04-10 00:00:00-04:00,4.980000019073486,5.130000114440918,4.619999885559082,5.050000190734863,486400,0.0,0.0
2026-04-13 00:00:00-04:00,4.940000057220459,5.190000057220459,4.809999942779541,5.099999904632568,362000,0.0,0.0
2026-04-14 00:00:00-04:00,5.099999904632568,5.300000190734863,5.010000228881836,5.119999885559082,529400,0.0,0.0
2026-04-15 00:00:00-04:00,5.099999904632568,5.210000038146973,4.940000057220459,5.179999828338623,426600,0.0,0.0
2026-04-16 00:00:00-04:00,5.150000095367432,5.28000020980835,5.099999904632568,5.099999904632568,203500,0.0,0.0
2026-04-17 00:00:00-04:00,5.079999923706055,5.329999923706055,5.059999942779541,5.150000095367432,303100,0.0,0.0
2026-04-20 00:00:00-04:00,5.190000057220459,5.519999980926514,5.190000057220459,5.389999866485596,778800,0.0,0.0
2026-04-21 00:00:00-04:00,5.449999809265137,5.539999961853027,5.059999942779541,5.059999942779541,422752,0.0,0.0
