Date,Open,High,Low,Close,Volume,Dividends,Stock Splits
2022-01-03 00:00:00-05:00,20.399999618530273,20.84000015258789,20.030000686645508,20.229999542236328,60400,0.0,0.0
2022-01-04 00:00:00-05:00,20.31999969482422,20.31999969482422,19.209999084472656,19.75,35400,0.0,0.0
2022-01-05 00:00:00-05:00,19.600000381469727,19.600000381469727,18.14699935913086,18.40999984741211,60000,0.0,0.0
2022-01-06 00:00:00-05:00,18.350000381469727,18.559999465942383,17.559999465942383,18.329999923706055,46700,0.0,0.0
2022-01-07 00:00:00-05:00,18.219999313354492,18.594999313354492,17.670000076293945,18.020000457763672,45000,0.0,0.0
2022-01-10 00:00:00-05:00,17.729999542236328,19.415000915527344,17.110000610351562,18.860000610351562,103800,0.0,0.0
2022-01-11 00:00:00-05:00,18.899999618530273,19.739999771118164,18.1200008392334,18.8700008392334,121200,0.0,0.0
2022-01-12 00:00:00-05:00,19.149999618530273,20.82699966430664,19.079999923706055,19.260000228881836,82100,0.0,0.0
2022-01-13 00:00:00-05:00,19.520000457763672,19.760000228881836,18.5,18.65999984741211,69300,0.0,0.0
2022-01-14 00:00:00-05:00,18.520000457763672,18.969999313354492,18.09000015258789,18.969999313354492,81700,0.0,0.0
2022-01-18 00:00:00-05:00,18.600000381469727,18.91699981689453,18.06999969482422,18.15999984741211,88600,0.0,0.0
2022-01-19 00:00:00-05:00,18.219999313354492,18.399999618530273,16.899999618530273,16.90999984741211,109500,0.0,0.0
2022-01-20 00:00:00-05:00,17.049999237060547,17.75,15.819999694824219,15.979999542236328,151100,0.0,0.0
2022-01-21 00:00:00-05:00,15.6899995803833,15.6899995803833,13.850000381469727,13.899999618530273,143700,0.0,0.0
2022-01-24 00:00:00-05:00,13.460000038146973,13.739999771118164,11.630000114440918,13.569999694824219,409600,0.0,0.0
2022-01-25 00:00:00-05:00,13.149999618530273,13.25,12.489999771118164,12.569999694824219,140100,0.0,0.0
2022-01-26 00:00:00-05:00,12.90999984741211,13.59000015258789,12.630000114440918,12.899999618530273,124500,0.0,0.0
2022-01-27 00:00:00-05:00,13.079999923706055,13.593000411987305,11.5600004196167,11.760000228881836,86200,0.0,0.0
2022-01-28 00:00:00-05:00,11.8100004196167,12.890000343322754,11.5600004196167,12.800000190734863,77900,0.0,0.0
2022-01-31 00:00:00-05:00,12.9399995803833,14.359999656677246,12.9399995803833,14.300000190734863,61600,0.0,0.0
2022-02-01 00:00:00-05:00,14.359999656677246,14.779999732971191,13.824999809265137,14.270000457763672,78100,0.0,0.0
2022-02-02 00:00:00-05:00,14.390000343322754,14.4399995803833,12.899999618530273,13.170000076293945,52000,0.0,0.0
2022-02-03 00:00:00-05:00,12.8100004196167,13.199999809265137,12.710000038146973,12.930000305175781,58800,0.0,0.0
2022-02-04 00:00:00-05:00,12.899999618530273,13.300999641418457,12.630000114440918,13.039999961853027,57700,0.0,0.0
2022-02-07 00:00:00-05:00,13.0,13.890000343322754,12.680000305175781,13.350000381469727,50900,0.0,0.0
2022-02-08 00:00:00-05:00,13.229999542236328,13.635000228881836,12.854999542236328,13.5600004196167,30900,0.0,0.0
2022-02-09 00:00:00-05:00,13.75,14.180000305175781,13.739999771118164,14.079999923706055,53800,0.0,0.0
2022-02-10 00:00:00-05:00,13.600000381469727,14.930000305175781,13.600000381469727,14.529999732971191,79200,0.0,0.0
2022-02-11 00:00:00-05:00,15.9350004196167,15.9350004196167,13.819999694824219,14.140000343322754,57800,0.0,0.0
2022-02-14 00:00:00-05:00,14.09000015258789,14.630000114440918,13.8100004196167,13.930000305175781,38400,0.0,0.0
2022-02-15 00:00:00-05:00,14.260000228881836,15.529999732971191,13.9399995803833,15.399999618530273,40600,0.0,0.0
2022-02-16 00:00:00-05:00,15.350000381469727,16.15999984741211,15.234999656677246,15.850000381469727,73900,0.0,0.0
2022-02-17 00:00:00-05:00,15.510000228881836,15.836000442504883,14.569999694824219,14.850000381469727,48800,0.0,0.0
2022-02-18 00:00:00-05:00,14.760000228881836,14.928999900817871,13.300000190734863,13.5600004196167,59500,0.0,0.0
2022-02-22 00:00:00-05:00,13.390000343322754,13.859999656677246,12.835000038146973,13.3100004196167,59200,0.0,0.0
2022-02-23 00:00:00-05:00,13.59000015258789,13.59000015258789,11.859999656677246,11.949999809265137,63700,0.0,0.0
2022-02-24 00:00:00-05:00,11.369999885559082,12.630000114440918,11.239999771118164,12.470000267028809,79400,0.0,0.0
2022-02-25 00:00:00-05:00,12.520000457763672,12.899999618530273,12.029999732971191,12.699999809265137,44800,0.0,0.0
2022-02-28 00:00:00-05:00,12.5,13.050000190734863,12.255000114440918,12.829999923706055,40700,0.0,0.0
2022-03-01 00:00:00-05:00,12.770000457763672,13.402999877929688,12.614999771118164,12.970000267028809,41800,0.0,0.0
2022-03-02 00:00:00-05:00,13.069999694824219,13.25,12.3100004196167,12.850000381469727,38200,0.0,0.0
2022-03-03 00:00:00-05:00,12.989999771118164,13.25,12.3100004196167,12.4399995803833,58000,0.0,0.0
2022-03-04 00:00:00-05:00,12.369999885559082,12.369999885559082,11.515999794006348,11.850000381469727,50700,0.0,0.0
2022-03-07 00:00:00-05:00,11.720000267028809,12.350000381469727,11.520000457763672,11.979999542236328,72900,0.0,0.0
2022-03-08 00:00:00-05:00,12.09000015258789,14.02400016784668,11.859999656677246,12.75,94200,0.0,0.0
2022-03-09 00:00:00-05:00,12.75,13.699999809265137,11.390000343322754,12.130000114440918,117000,0.0,0.0
2022-03-10 00:00:00-05:00,11.9399995803833,11.9399995803833,11.40999984741211,11.609999656677246,74800,0.0,0.0
2022-03-11 00:00:00-05:00,11.569999694824219,11.875,10.470000267028809,10.819999694824219,99200,0.0,0.0
2022-03-14 00:00:00-04:00,10.8100004196167,11.220000267028809,10.460000038146973,10.579999923706055,62900,0.0,0.0
2022-03-15 00:00:00-04:00,10.579999923706055,11.0,10.470000267028809,10.949999809265137,59900,0.0,0.0
2022-03-16 00:00:00-04:00,11.029999732971191,11.699999809265137,10.890000343322754,11.220000267028809,51900,0.0,0.0
2022-03-17 00:00:00-04:00,11.100000381469727,12.039999961853027,11.100000381469727,12.020000457763672,49500,0.0,0.0
2022-03-18 00:00:00-04:00,11.789999961853027,12.710000038146973,11.789999961853027,11.960000038146973,138300,0.0,0.0
2022-03-21 00:00:00-04:00,11.770000457763672,12.239999771118164,11.489999771118164,11.630000114440918,76900,0.0,0.0
2022-03-22 00:00:00-04:00,11.640000343322754,12.489999771118164,11.630000114440918,11.6899995803833,43600,0.0,0.0
2022-03-23 00:00:00-04:00,11.5600004196167,12.319999694824219,11.380000114440918,11.680000305175781,46000,0.0,0.0
2022-03-24 00:00:00-04:00,11.75,12.0,11.489999771118164,11.90999984741211,33400,0.0,0.0
2022-03-25 00:00:00-04:00,11.84000015258789,12.270000457763672,11.5600004196167,11.579999923706055,42400,0.0,0.0
2022-03-28 00:00:00-04:00,11.510000228881836,11.729999542236328,11.020000457763672,11.329999923706055,68400,0.0,0.0
2022-03-29 00:00:00-04:00,11.369999885559082,12.0600004196167,11.282999992370605,11.489999771118164,74300,0.0,0.0
2022-03-30 00:00:00-04:00,11.300000190734863,11.729999542236328,10.600000381469727,10.84000015258789,58500,0.0,0.0
2022-03-31 00:00:00-04:00,10.84000015258789,11.270000457763672,10.395000457763672,10.699999809265137,63600,0.0,0.0
2022-04-01 00:00:00-04:00,10.670000076293945,11.050000190734863,10.0,10.130000114440918,88700,0.0,0.0
2022-04-04 00:00:00-04:00,10.15999984741211,11.010000228881836,10.15999984741211,10.699999809265137,49400,0.0,0.0
2022-04-05 00:00:00-04:00,10.710000038146973,11.0600004196167,10.020000457763672,10.130000114440918,111300,0.0,0.0
2022-04-06 00:00:00-04:00,10.09000015258789,10.3100004196167,9.17300033569336,9.270000457763672,145800,0.0,0.0
2022-04-07 00:00:00-04:00,9.319999694824219,9.529999732971191,9.229999542236328,9.3100004196167,72100,0.0,0.0
2022-04-08 00:00:00-04:00,9.319999694824219,9.479999542236328,8.859999656677246,9.260000228881836,68300,0.0,0.0
2022-04-11 00:00:00-04:00,9.130000114440918,9.140000343322754,8.640000343322754,8.670000076293945,124600,0.0,0.0
2022-04-12 00:00:00-04:00,8.930000305175781,8.930000305175781,7.880000114440918,8.119999885559082,139700,0.0,0.0
2022-04-13 00:00:00-04:00,8.15999984741211,8.600000381469727,8.119999885559082,8.3100004196167,64800,0.0,0.0
2022-04-14 00:00:00-04:00,8.359999656677246,8.649999618530273,7.934999942779541,8.050000190734863,82700,0.0,0.0
2022-04-18 00:00:00-04:00,8.0,8.0,7.5,7.670000076293945,127500,0.0,0.0
2022-04-19 00:00:00-04:00,7.710000038146973,8.199999809265137,7.579999923706055,7.610000133514404,122100,0.0,0.0
2022-04-20 00:00:00-04:00,7.699999809265137,7.929999828338623,7.5,7.619999885559082,120100,0.0,0.0
2022-04-21 00:00:00-04:00,7.739999771118164,7.949999809265137,7.550000190734863,7.809999942779541,93000,0.0,0.0
2022-04-22 00:00:00-04:00,7.769999980926514,8.029999732971191,7.650000095367432,7.880000114440918,92100,0.0,0.0
2022-04-25 00:00:00-04:00,7.679999828338623,8.479999542236328,7.679999828338623,8.300000190734863,104600,0.0,0.0
2022-04-26 00:00:00-04:00,8.1899995803833,8.239999771118164,7.690000057220459,7.75,92100,0.0,0.0
2022-04-27 00:00:00-04:00,7.71999979019165,7.949999809265137,7.21999979019165,7.269999980926514,104200,0.0,0.0
2022-04-28 00:00:00-04:00,7.329999923706055,7.730000019073486,6.739999771118164,7.639999866485596,102600,0.0,0.0
2022-04-29 00:00:00-04:00,7.519999980926514,8.0,7.380000114440918,7.420000076293945,74400,0.0,0.0
2022-05-02 00:00:00-04:00,7.440000057220459,8.25,7.28000020980835,8.149999618530273,119200,0.0,0.0
2022-05-03 00:00:00-04:00,8.1899995803833,8.350000381469727,7.820000171661377,8.170000076293945,100600,0.0,0.0
2022-05-04 00:00:00-04:00,8.199999809265137,8.649999618530273,8.024999618530273,8.579999923706055,157800,0.0,0.0
2022-05-05 00:00:00-04:00,8.449999809265137,9.135000228881836,7.900000095367432,8.140000343322754,112800,0.0,0.0
2022-05-06 00:00:00-04:00,8.020000457763672,8.180000305175781,7.010000228881836,7.130000114440918,113100,0.0,0.0
2022-05-09 00:00:00-04:00,6.940000057220459,7.019999980926514,6.539999961853027,6.690000057220459,119800,0.0,0.0
2022-05-10 00:00:00-04:00,6.840000152587891,6.949999809265137,6.329999923706055,6.670000076293945,117000,0.0,0.0
2022-05-11 00:00:00-04:00,6.619999885559082,7.03000020980835,6.179999828338623,6.300000190734863,108800,0.0,0.0
2022-05-12 00:00:00-04:00,6.190000057220459,7.329999923706055,6.070000171661377,7.28000020980835,108300,0.0,0.0
2022-05-13 00:00:00-04:00,7.5,7.880000114440918,7.5,7.789999961853027,88000,0.0,0.0
2022-05-16 00:00:00-04:00,7.789999961853027,8.520000457763672,7.543000221252441,7.71999979019165,96000,0.0,0.0
2022-05-17 00:00:00-04:00,7.980000019073486,8.529999732971191,7.690000057220459,8.350000381469727,91500,0.0,0.0
2022-05-18 00:00:00-04:00,8.109999656677246,9.0,7.824999809265137,7.880000114440918,91100,0.0,0.0
2022-05-19 00:00:00-04:00,7.789999961853027,8.935999870300293,7.789999961853027,8.1899995803833,368000,0.0,0.0
2022-05-20 00:00:00-04:00,8.300000190734863,8.4399995803833,7.784999847412109,8.170000076293945,59200,0.0,0.0
2022-05-23 00:00:00-04:00,8.229999542236328,8.489999771118164,8.0600004196167,8.279999732971191,52500,0.0,0.0
2022-05-24 00:00:00-04:00,8.180000305175781,8.244999885559082,7.650000095367432,8.0600004196167,78100,0.0,0.0
2022-05-25 00:00:00-04:00,7.960000038146973,8.199999809265137,7.789999961853027,8.149999618530273,55900,0.0,0.0
2022-05-26 00:00:00-04:00,8.15999984741211,8.6899995803833,8.100000381469727,8.470000267028809,64800,0.0,0.0
2022-05-27 00:00:00-04:00,8.510000228881836,9.739999771118164,8.510000228881836,9.229999542236328,91300,0.0,0.0
2022-05-31 00:00:00-04:00,9.199999809265137,9.770000457763672,8.829999923706055,9.600000381469727,61600,0.0,0.0
2022-06-01 00:00:00-04:00,9.720000267028809,10.520000457763672,9.720000267028809,9.779999732971191,91900,0.0,0.0
2022-06-02 00:00:00-04:00,9.699999809265137,11.079999923706055,9.699999809265137,10.5600004196167,55600,0.0,0.0
2022-06-03 00:00:00-04:00,10.40999984741211,10.65999984741211,10.055000305175781,10.529999732971191,57000,0.0,0.0
2022-06-06 00:00:00-04:00,10.75,11.276000022888184,10.539999961853027,10.6899995803833,100100,0.0,0.0
2022-06-07 00:00:00-04:00,10.569999694824219,11.850000381469727,10.550000190734863,11.5,85600,0.0,0.0
2022-06-08 00:00:00-04:00,11.390000343322754,11.739999771118164,11.1899995803833,11.270000457763672,54500,0.0,0.0
2022-06-09 00:00:00-04:00,11.104999542236328,11.529999732971191,10.994999885559082,11.1899995803833,56000,0.0,0.0
2022-06-10 00:00:00-04:00,10.779999732971191,10.90999984741211,9.878999710083008,10.029999732971191,82600,0.0,0.0
2022-06-13 00:00:00-04:00,9.520000457763672,9.664999961853027,8.640000343322754,8.880000114440918,195800,0.0,0.0
2022-06-14 00:00:00-04:00,8.949999809265137,8.949999809265137,8.369999885559082,8.369999885559082,110600,0.0,0.0
2022-06-15 00:00:00-04:00,8.579999923706055,9.069999694824219,8.329999923706055,8.890000343322754,80600,0.0,0.0
2022-06-16 00:00:00-04:00,8.489999771118164,8.550000190734863,7.710000038146973,7.900000095367432,107400,0.0,0.0
2022-06-17 00:00:00-04:00,7.989999771118164,8.260000228881836,7.599999904632568,8.069999694824219,93400,0.0,0.0
2022-06-21 00:00:00-04:00,8.329999923706055,8.45199966430664,7.880000114440918,8.109999656677246,89200,0.0,0.0
2022-06-22 00:00:00-04:00,8.0,8.279999732971191,7.480000019073486,7.510000228881836,74800,0.0,0.0
2022-06-23 00:00:00-04:00,7.519999980926514,8.210000038146973,7.420000076293945,8.0,74100,0.0,0.0
2022-06-24 00:00:00-04:00,8.020000457763672,8.645000457763672,7.900000095367432,8.229999542236328,713600,0.0,0.0
2022-06-27 00:00:00-04:00,8.199999809265137,8.199999809265137,7.460000038146973,7.650000095367432,65400,0.0,0.0
2022-06-28 00:00:00-04:00,7.945000171661377,8.850000381469727,7.670000076293945,7.889999866485596,167100,0.0,0.0
2022-06-29 00:00:00-04:00,7.820000171661377,7.820000171661377,7.039999961853027,7.110000133514404,123600,0.0,0.0
2022-06-30 00:00:00-04:00,7.0,8.001999855041504,7.0,7.840000152587891,94800,0.0,0.0
2022-07-01 00:00:00-04:00,7.840000152587891,8.210000038146973,7.71999979019165,7.96999979019165,49800,0.0,0.0
2022-07-05 00:00:00-04:00,7.809999942779541,8.460000038146973,7.789999961853027,8.40999984741211,39200,0.0,0.0
2022-07-06 00:00:00-04:00,8.300000190734863,8.569999694824219,7.973999977111816,8.079999923706055,22500,0.0,0.0
2022-07-07 00:00:00-04:00,8.329999923706055,8.960000038146973,8.210000038146973,8.75,74100,0.0,0.0
2022-07-08 00:00:00-04:00,8.6899995803833,9.010000228881836,8.510000228881836,8.59000015258789,35500,0.0,0.0
2022-07-11 00:00:00-04:00,8.479999542236328,8.479999542236328,7.579999923706055,7.619999885559082,38800,0.0,0.0
2022-07-12 00:00:00-04:00,7.619999885559082,7.78000020980835,7.510000228881836,7.570000171661377,37800,0.0,0.0
2022-07-13 00:00:00-04:00,7.5,7.756999969482422,7.420000076293945,7.46999979019165,35200,0.0,0.0
2022-07-14 00:00:00-04:00,7.329999923706055,7.409999847412109,7.110000133514404,7.119999885559082,30900,0.0,0.0
2022-07-15 00:00:00-04:00,7.239999771118164,7.309999942779541,7.010000228881836,7.090000152587891,45100,0.0,0.0
2022-07-18 00:00:00-04:00,7.150000095367432,7.199999809265137,6.809999942779541,6.809999942779541,50300,0.0,0.0
2022-07-19 00:00:00-04:00,7.0,7.289999961853027,6.989999771118164,6.989999771118164,108500,0.0,0.0
2022-07-20 00:00:00-04:00,7.099999904632568,7.429999828338623,6.980000019073486,6.989999771118164,87500,0.0,0.0
2022-07-21 00:00:00-04:00,7.0,7.255000114440918,6.929999828338623,7.199999809265137,44900,0.0,0.0
2022-07-22 00:00:00-04:00,7.110000133514404,7.150000095367432,6.420000076293945,6.489999771118164,90100,0.0,0.0
2022-07-25 00:00:00-04:00,6.690000057220459,6.809999942779541,6.25,6.389999866485596,60000,0.0,0.0
2022-07-26 00:00:00-04:00,6.320000171661377,6.369999885559082,5.900000095367432,6.0,69700,0.0,0.0
2022-07-27 00:00:00-04:00,6.090000152587891,6.2270002365112305,5.918000221252441,6.199999809265137,173900,0.0,0.0
2022-07-28 00:00:00-04:00,6.179999828338623,6.329999923706055,5.960000038146973,6.289999961853027,84300,0.0,0.0
2022-07-29 00:00:00-04:00,6.21999979019165,6.659999847412109,6.21999979019165,6.53000020980835,49400,0.0,0.0
2022-08-01 00:00:00-04:00,6.409999847412109,6.760000228881836,6.409999847412109,6.630000114440918,89400,0.0,0.0
2022-08-02 00:00:00-04:00,6.550000190734863,7.5,6.550000190734863,7.25,54600,0.0,0.0
2022-08-03 00:00:00-04:00,7.28000020980835,7.61299991607666,6.550000190734863,7.349999904632568,94700,0.0,0.0
2022-08-04 00:00:00-04:00,7.360000133514404,7.510000228881836,7.010000228881836,7.010000228881836,64400,0.0,0.0
2022-08-05 00:00:00-04:00,6.820000171661377,6.889999866485596,6.039999961853027,6.239999771118164,97000,0.0,0.0
2022-08-08 00:00:00-04:00,6.400000095367432,6.945000171661377,6.110000133514404,6.309999942779541,61300,0.0,0.0
2022-08-09 00:00:00-04:00,6.289999961853027,6.5,6.25,6.420000076293945,47200,0.0,0.0
2022-08-10 00:00:00-04:00,6.610000133514404,6.885000228881836,6.380000114440918,6.809999942779541,87700,0.0,0.0
2022-08-11 00:00:00-04:00,6.949999809265137,8.149999618530273,6.949999809265137,7.570000171661377,94000,0.0,0.0
2022-08-12 00:00:00-04:00,7.610000133514404,8.470000267028809,7.445000171661377,8.220000267028809,100800,0.0,0.0
2022-08-15 00:00:00-04:00,8.109999656677246,8.154999732971191,7.769999980926514,7.960000038146973,19600,0.0,0.0
2022-08-16 00:00:00-04:00,7.880000114440918,7.9029998779296875,7.380000114440918,7.860000133514404,42200,0.0,0.0
2022-08-17 00:00:00-04:00,7.789999961853027,7.940000057220459,7.449999809265137,7.590000152587891,32600,0.0,0.0
2022-08-18 00:00:00-04:00,7.489999771118164,7.550000190734863,7.349999904632568,7.409999847412109,12400,0.0,0.0
2022-08-19 00:00:00-04:00,8.130000114440918,8.130000114440918,7.099999904632568,7.269999980926514,66800,0.0,0.0
2022-08-22 00:00:00-04:00,7.070000171661377,7.170000076293945,6.809999942779541,7.010000228881836,29500,0.0,0.0
2022-08-23 00:00:00-04:00,7.199999809265137,7.239999771118164,6.949999809265137,7.130000114440918,19500,0.0,0.0
2022-08-24 00:00:00-04:00,7.190000057220459,7.579999923706055,7.190000057220459,7.46999979019165,20200,0.0,0.0
2022-08-25 00:00:00-04:00,7.53000020980835,7.535999774932861,7.21999979019165,7.25,13900,0.0,0.0
2022-08-26 00:00:00-04:00,7.260000228881836,7.375,7.090000152587891,7.110000133514404,18600,0.0,0.0
2022-08-29 00:00:00-04:00,7.039999961853027,7.090000152587891,6.869999885559082,7.0,22000,0.0,0.0
2022-08-30 00:00:00-04:00,7.139999866485596,7.139999866485596,6.800000190734863,6.809999942779541,21400,0.0,0.0
2022-08-31 00:00:00-04:00,6.949999809265137,6.951000213623047,6.63700008392334,6.869999885559082,15400,0.0,0.0
2022-09-01 00:00:00-04:00,6.710000038146973,6.710000038146973,6.429999828338623,6.53000020980835,33400,0.0,0.0
2022-09-02 00:00:00-04:00,6.679999828338623,6.869999885559082,6.510000228881836,6.75,27200,0.0,0.0
2022-09-06 00:00:00-04:00,6.739999771118164,6.755000114440918,6.389999866485596,6.440000057220459,19600,0.0,0.0
2022-09-07 00:00:00-04:00,6.429999828338623,6.460000038146973,6.159999847412109,6.260000228881836,22500,0.0,0.0
2022-09-08 00:00:00-04:00,6.110000133514404,6.34499979019165,6.110000133514404,6.289999961853027,10600,0.0,0.0
2022-09-09 00:00:00-04:00,6.380000114440918,7.03000020980835,6.380000114440918,6.610000133514404,19800,0.0,0.0
2022-09-12 00:00:00-04:00,6.619999885559082,6.940000057220459,6.619999885559082,6.710000038146973,6700,0.0,0.0
2022-09-13 00:00:00-04:00,6.489999771118164,6.5,6.0,6.019999980926514,25200,0.0,0.0
2022-09-14 00:00:00-04:00,6.110000133514404,6.320000171661377,6.093999862670898,6.110000133514404,14600,0.0,0.0
2022-09-15 00:00:00-04:00,6.139999866485596,6.699999809265137,6.059999942779541,6.179999828338623,22200,0.0,0.0
2022-09-16 00:00:00-04:00,6.010000228881836,6.289999961853027,5.761000156402588,5.78000020980835,104200,0.0,0.0
2022-09-19 00:00:00-04:00,5.880000114440918,6.050000190734863,5.699999809265137,5.75,21300,0.0,0.0
2022-09-20 00:00:00-04:00,5.699999809265137,5.98199987411499,5.699999809265137,5.760000228881836,3700,0.0,0.0
2022-09-21 00:00:00-04:00,5.760000228881836,5.835000038146973,5.599999904632568,5.690000057220459,6500,0.0,0.0
2022-09-22 00:00:00-04:00,5.679999828338623,5.739999771118164,5.119999885559082,5.119999885559082,12500,0.0,0.0
2022-09-23 00:00:00-04:00,5.070000171661377,5.5,4.420000076293945,4.849999904632568,117100,0.0,0.0
2022-09-26 00:00:00-04:00,4.96999979019165,5.429999828338623,4.948999881744385,5.050000190734863,30900,0.0,0.0
2022-09-27 00:00:00-04:00,4.639999866485596,5.21999979019165,4.309999942779541,5.059999942779541,63700,0.0,0.0
2022-09-28 00:00:00-04:00,4.89300012588501,5.730000019073486,4.829999923706055,5.460000038146973,44500,0.0,0.0
2022-09-29 00:00:00-04:00,5.460000038146973,5.485000133514404,4.800000190734863,5.019999980926514,40400,0.0,0.0
2022-09-30 00:00:00-04:00,5.050000190734863,5.670000076293945,5.047999858856201,5.300000190734863,52000,0.0,0.0
2022-10-03 00:00:00-04:00,5.340000152587891,5.510000228881836,5.079999923706055,5.079999923706055,119200,0.0,0.0
2022-10-04 00:00:00-04:00,5.349999904632568,5.889999866485596,5.329999923706055,5.329999923706055,57400,0.0,0.0
2022-10-05 00:00:00-04:00,5.199999809265137,5.284999847412109,5.03000020980835,5.039999961853027,55200,0.0,0.0
2022-10-06 00:00:00-04:00,5.0,5.230000019073486,4.760000228881836,4.849999904632568,34600,0.0,0.0
2022-10-07 00:00:00-04:00,4.78000020980835,4.849999904632568,4.579999923706055,4.710000038146973,70000,0.0,0.0
2022-10-10 00:00:00-04:00,4.789999961853027,4.789999961853027,4.389999866485596,4.5,12100,0.0,0.0
2022-10-11 00:00:00-04:00,4.53000020980835,4.75,4.28000020980835,4.550000190734863,25900,0.0,0.0
2022-10-12 00:00:00-04:00,4.571000099182129,4.650000095367432,4.534999847412109,4.550000190734863,6900,0.0,0.0
2022-10-13 00:00:00-04:00,4.409999847412109,4.650000095367432,4.409999847412109,4.429999828338623,35400,0.0,0.0
2022-10-14 00:00:00-04:00,4.239999771118164,4.289999961853027,3.819999933242798,4.199999809265137,190700,0.0,0.0
2022-10-17 00:00:00-04:00,4.239999771118164,4.480000019073486,4.199999809265137,4.300000190734863,183600,0.0,0.0
2022-10-18 00:00:00-04:00,4.349999904632568,4.539999961853027,4.050000190734863,4.130000114440918,28800,0.0,0.0
2022-10-19 00:00:00-04:00,4.079999923706055,4.079999923706055,3.700000047683716,3.930000066757202,52700,0.0,0.0
2022-10-20 00:00:00-04:00,3.9600000381469727,4.188000202178955,3.75,3.869999885559082,36500,0.0,0.0
2022-10-21 00:00:00-04:00,3.869999885559082,4.070000171661377,3.759999990463257,4.039999961853027,48400,0.0,0.0
2022-10-24 00:00:00-04:00,4.079999923706055,4.099999904632568,3.9000000953674316,4.0,12500,0.0,0.0
2022-10-25 00:00:00-04:00,4.050000190734863,4.480000019073486,4.019999980926514,4.449999809265137,47700,0.0,0.0
2022-10-26 00:00:00-04:00,4.429999828338623,4.489999771118164,4.315000057220459,4.400000095367432,38200,0.0,0.0
2022-10-27 00:00:00-04:00,4.460000038146973,5.15500020980835,4.449999809265137,4.849999904632568,123900,0.0,0.0
2022-10-28 00:00:00-04:00,4.820000171661377,4.900000095367432,4.607999801635742,4.75,99800,0.0,0.0
2022-10-31 00:00:00-04:00,4.920000076293945,4.96999979019165,4.809999942779541,4.820000171661377,18800,0.0,0.0
2022-11-01 00:00:00-04:00,4.909999847412109,5.238999843597412,4.78000020980835,5.130000114440918,68500,0.0,0.0
2022-11-02 00:00:00-04:00,5.070000171661377,5.070000171661377,4.699999809265137,4.920000076293945,70000,0.0,0.0
2022-11-03 00:00:00-04:00,4.860000133514404,5.330999851226807,4.743000030517578,4.880000114440918,54500,0.0,0.0
2022-11-04 00:00:00-04:00,4.909999847412109,4.964000225067139,4.699999809265137,4.869999885559082,16200,0.0,0.0
2022-11-07 00:00:00-05:00,4.71999979019165,4.920000076293945,4.599999904632568,4.690000057220459,73400,0.0,0.0
2022-11-08 00:00:00-05:00,4.5,4.5,3.9600000381469727,4.150000095367432,165300,0.0,0.0
2022-11-09 00:00:00-05:00,4.079999923706055,4.079999923706055,3.7699999809265137,3.799999952316284,63100,0.0,0.0
2022-11-10 00:00:00-05:00,3.950000047683716,4.150000095367432,3.859999895095825,4.0,91500,0.0,0.0
2022-11-11 00:00:00-05:00,3.9600000381469727,4.308000087738037,3.9600000381469727,4.119999885559082,10500,0.0,0.0
2022-11-14 00:00:00-05:00,4.099999904632568,4.179999828338623,3.940000057220459,3.950000047683716,16100,0.0,0.0
2022-11-15 00:00:00-05:00,3.943000078201294,4.559999942779541,3.943000078201294,4.559999942779541,26800,0.0,0.0
2022-11-16 00:00:00-05:00,4.5,4.889999866485596,4.380000114440918,4.840000152587891,7300,0.0,0.0
2022-11-17 00:00:00-05:00,4.639999866485596,5.0,4.639999866485596,4.880000114440918,6800,0.0,0.0
2022-11-18 00:00:00-05:00,4.889999866485596,4.889999866485596,4.525000095367432,4.78000020980835,11500,0.0,0.0
2022-11-21 00:00:00-05:00,4.699999809265137,4.809999942779541,4.619999885559082,4.809999942779541,14400,0.0,0.0
2022-11-22 00:00:00-05:00,4.960000038146973,4.960000038146973,4.650000095367432,4.650000095367432,39800,0.0,0.0
2022-11-23 00:00:00-05:00,4.599999904632568,4.599999904632568,4.059999942779541,4.210000038146973,11700,0.0,0.0
2022-11-25 00:00:00-05:00,4.25,5.0,4.059999942779541,4.980000019073486,35000,0.0,0.0
2022-11-28 00:00:00-05:00,4.869999885559082,4.96999979019165,4.440000057220459,4.570000171661377,30100,0.0,0.0
2022-11-29 00:00:00-05:00,4.579999923706055,4.848999977111816,4.480000019073486,4.53000020980835,11600,0.0,0.0
2022-11-30 00:00:00-05:00,4.360000133514404,4.900000095367432,4.360000133514404,4.889999866485596,138500,0.0,0.0
2022-12-01 00:00:00-05:00,4.849999904632568,5.21999979019165,4.849999904632568,5.010000228881836,47100,0.0,0.0
2022-12-02 00:00:00-05:00,4.889999866485596,5.25,4.889999866485596,5.110000133514404,167100,0.0,0.0
2022-12-05 00:00:00-05:00,5.21999979019165,5.755000114440918,4.994999885559082,5.199999809265137,105100,0.0,0.0
2022-12-06 00:00:00-05:00,5.25,6.130000114440918,5.119999885559082,5.389999866485596,134900,0.0,0.0
2022-12-07 00:00:00-05:00,5.300000190734863,5.800000190734863,5.269999980926514,5.599999904632568,67400,0.0,0.0
2022-12-08 00:00:00-05:00,5.630000114440918,5.800000190734863,5.380000114440918,5.800000190734863,66100,0.0,0.0
2022-12-09 00:00:00-05:00,5.670000076293945,5.96999979019165,5.619999885559082,5.809999942779541,44600,0.0,0.0
2022-12-12 00:00:00-05:00,5.730000019073486,5.929999828338623,5.629000186920166,5.699999809265137,34000,0.0,0.0
2022-12-13 00:00:00-05:00,5.840000152587891,5.840000152587891,5.639999866485596,5.71999979019165,22600,0.0,0.0
2022-12-14 00:00:00-05:00,5.75,6.209000110626221,5.71999979019165,5.989999771118164,48800,0.0,0.0
2022-12-15 00:00:00-05:00,6.0,6.0,5.579999923706055,5.590000152587891,19500,0.0,0.0
2022-12-16 00:00:00-05:00,5.579999923706055,5.579999923706055,4.940000057220459,5.010000228881836,31800,0.0,0.0
2022-12-19 00:00:00-05:00,4.539999961853027,5.099999904632568,4.320000171661377,4.329999923706055,87100,0.0,0.0
2022-12-20 00:00:00-05:00,4.340000152587891,4.940000057220459,4.300000190734863,4.849999904632568,200100,0.0,0.0
2022-12-21 00:00:00-05:00,4.860000133514404,5.019999980926514,4.53000020980835,4.809999942779541,96800,0.0,0.0
2022-12-22 00:00:00-05:00,4.75,4.75,4.380000114440918,4.460000038146973,105500,0.0,0.0
2022-12-23 00:00:00-05:00,4.409999847412109,4.679999828338623,4.329999923706055,4.329999923706055,24200,0.0,0.0
2022-12-27 00:00:00-05:00,4.309999942779541,4.610000133514404,4.28000020980835,4.610000133514404,42400,0.0,0.0
2022-12-28 00:00:00-05:00,4.559999942779541,4.639999866485596,4.409999847412109,4.480000019073486,71500,0.0,0.0
2022-12-29 00:00:00-05:00,4.440000057220459,4.699999809265137,4.440000057220459,4.579999923706055,26500,0.0,0.0
2022-12-30 00:00:00-05:00,4.389999866485596,4.429999828338623,4.25,4.25,55800,0.0,0.0
2023-01-03 00:00:00-05:00,4.300000190734863,4.369999885559082,4.252999782562256,4.300000190734863,26000,0.0,0.0
2023-01-04 00:00:00-05:00,4.300000190734863,4.889999866485596,4.300000190734863,4.579999923706055,45100,0.0,0.0
2023-01-05 00:00:00-05:00,4.550000190734863,4.690000057220459,4.340000152587891,4.599999904632568,79000,0.0,0.0
2023-01-06 00:00:00-05:00,4.630000114440918,5.109000205993652,4.579999923706055,4.96999979019165,136500,0.0,0.0
2023-01-09 00:00:00-05:00,5.300000190734863,5.360000133514404,5.059999942779541,5.289999961853027,32300,0.0,0.0
2023-01-10 00:00:00-05:00,5.289999961853027,5.849999904632568,5.28000020980835,5.550000190734863,15100,0.0,0.0
2023-01-11 00:00:00-05:00,5.739999771118164,6.800000190734863,5.704999923706055,6.309999942779541,48900,0.0,0.0
2023-01-12 00:00:00-05:00,6.489999771118164,6.489999771118164,6.119999885559082,6.210000038146973,38200,0.0,0.0
2023-01-13 00:00:00-05:00,6.139999866485596,6.248000144958496,6.0,6.21999979019165,7100,0.0,0.0
2023-01-17 00:00:00-05:00,6.190000057220459,6.329999923706055,6.170000076293945,6.179999828338623,50200,0.0,0.0
2023-01-18 00:00:00-05:00,6.135000228881836,6.380000114440918,6.067999839782715,6.300000190734863,40300,0.0,0.0
2023-01-19 00:00:00-05:00,6.105999946594238,6.440000057220459,6.050000190734863,6.320000171661377,12300,0.0,0.0
2023-01-20 00:00:00-05:00,6.385000228881836,6.610000133514404,6.385000228881836,6.510000228881836,28200,0.0,0.0
2023-01-23 00:00:00-05:00,6.510000228881836,7.320000171661377,6.510000228881836,6.989999771118164,62100,0.0,0.0
2023-01-24 00:00:00-05:00,6.751999855041504,7.150000095367432,6.0,6.170000076293945,50600,0.0,0.0
2023-01-25 00:00:00-05:00,6.199999809265137,6.5,5.039999961853027,5.300000190734863,96100,0.0,0.0
2023-01-26 00:00:00-05:00,5.289999961853027,5.599999904632568,5.0,5.0,18400,0.0,0.0
2023-01-27 00:00:00-05:00,5.400000095367432,5.650000095367432,4.949999809265137,5.25,89900,0.0,0.0
2023-01-30 00:00:00-05:00,5.25,5.420000076293945,5.111999988555908,5.289999961853027,11000,0.0,0.0
2023-01-31 00:00:00-05:00,5.449999809265137,5.53000020980835,5.230000019073486,5.349999904632568,8900,0.0,0.0
2023-02-01 00:00:00-05:00,5.369999885559082,6.579999923706055,5.179999828338623,6.150000095367432,61200,0.0,0.0
2023-02-02 00:00:00-05:00,6.239999771118164,6.5,6.050000190734863,6.099999904632568,100100,0.0,0.0
2023-02-03 00:00:00-05:00,5.980000019073486,6.175000190734863,5.920000076293945,6.0,26900,0.0,0.0
2023-02-06 00:00:00-05:00,6.0,6.0,5.75,5.880000114440918,10900,0.0,0.0
2023-02-07 00:00:00-05:00,5.769999980926514,6.239999771118164,5.548999786376953,6.099999904632568,23200,0.0,0.0
2023-02-08 00:00:00-05:00,6.125,6.21999979019165,5.380000114440918,5.409999847412109,23500,0.0,0.0
2023-02-09 00:00:00-05:00,5.570000171661377,5.900000095367432,5.570000171661377,5.849999904632568,15400,0.0,0.0
2023-02-10 00:00:00-05:00,5.960000038146973,5.960000038146973,5.409999847412109,5.610000133514404,49100,0.0,0.0
2023-02-13 00:00:00-05:00,5.559999942779541,5.627999782562256,5.010000228881836,5.320000171661377,50200,0.0,0.0
2023-02-14 00:00:00-05:00,5.25,5.449999809265137,5.139999866485596,5.449999809265137,21100,0.0,0.0
2023-02-15 00:00:00-05:00,5.320000171661377,5.699999809265137,5.300000190734863,5.534999847412109,16300,0.0,0.0
2023-02-16 00:00:00-05:00,5.25,6.389999866485596,5.210000038146973,6.130000114440918,62500,0.0,0.0
2023-02-17 00:00:00-05:00,6.050000190734863,6.050000190734863,5.659999847412109,5.710000038146973,37800,0.0,0.0
2023-02-21 00:00:00-05:00,5.710000038146973,5.789999961853027,5.400000095367432,5.53000020980835,30800,0.0,0.0
2023-02-22 00:00:00-05:00,5.730000019073486,5.730000019073486,5.0,5.25,30300,0.0,0.0
2023-02-23 00:00:00-05:00,5.269999980926514,5.289999961853027,4.829999923706055,5.099999904632568,172500,0.0,0.0
2023-02-24 00:00:00-05:00,5.0,5.309999942779541,4.989999771118164,5.019999980926514,28800,0.0,0.0
2023-02-27 00:00:00-05:00,4.889999866485596,5.380000114440918,4.889999866485596,4.909999847412109,50000,0.0,0.0
2023-02-28 00:00:00-05:00,4.900000095367432,5.159999847412109,4.739999771118164,4.739999771118164,29900,0.0,0.0
2023-03-01 00:00:00-05:00,4.789999961853027,4.881999969482422,4.559999942779541,4.659999847412109,71700,0.0,0.0
2023-03-02 00:00:00-05:00,4.570000171661377,4.754000186920166,4.400000095367432,4.539999961853027,26000,0.0,0.0
2023-03-03 00:00:00-05:00,4.480000019073486,4.650000095367432,4.409999847412109,4.539999961853027,49000,0.0,0.0
2023-03-06 00:00:00-05:00,4.53000020980835,4.619999885559082,4.409999847412109,4.46999979019165,20500,0.0,0.0
2023-03-07 00:00:00-05:00,4.409999847412109,4.466000080108643,4.099999904632568,4.130000114440918,64800,0.0,0.0
2023-03-08 00:00:00-05:00,4.170000076293945,4.443999767303467,3.950000047683716,3.950000047683716,38400,0.0,0.0
2023-03-09 00:00:00-05:00,3.950000047683716,4.031000137329102,3.609999895095825,3.619999885559082,70300,0.0,0.0
2023-03-10 00:00:00-05:00,3.799999952316284,3.799999952316284,3.4700000286102295,3.619999885559082,29700,0.0,0.0
2023-03-13 00:00:00-04:00,3.4200000762939453,4.019999980926514,3.25,3.819999933242798,167100,0.0,0.0
2023-03-14 00:00:00-04:00,3.9800000190734863,4.269999980926514,3.75,4.170000076293945,86600,0.0,0.0
2023-03-15 00:00:00-04:00,4.070000171661377,4.829999923706055,3.825000047683716,4.789999961853027,41400,0.0,0.0
2023-03-16 00:00:00-04:00,4.769999980926514,4.949999809265137,4.567999839782715,4.940000057220459,45100,0.0,0.0
2023-03-17 00:00:00-04:00,4.900000095367432,4.900000095367432,4.019999980926514,4.150000095367432,44600,0.0,0.0
2023-03-20 00:00:00-04:00,4.130000114440918,4.230000019073486,3.890000104904175,4.199999809265137,66500,0.0,0.0
2023-03-21 00:00:00-04:00,4.289999961853027,4.519999980926514,4.019999980926514,4.329999923706055,41100,0.0,0.0
2023-03-22 00:00:00-04:00,4.480000019073486,4.769999980926514,4.159999847412109,4.460000038146973,54800,0.0,0.0
2023-03-23 00:00:00-04:00,4.150000095367432,4.809999942779541,4.079999923706055,4.539999961853027,50700,0.0,0.0
2023-03-24 00:00:00-04:00,4.619999885559082,4.71999979019165,4.504000186920166,4.71999979019165,9800,0.0,0.0
2023-03-27 00:00:00-04:00,4.769999980926514,4.954999923706055,4.730000019073486,4.849999904632568,49600,0.0,0.0
2023-03-28 00:00:00-04:00,4.869999885559082,4.949999809265137,4.513000011444092,4.739999771118164,57500,0.0,0.0
2023-03-29 00:00:00-04:00,4.769999980926514,4.800000190734863,4.389999866485596,4.489999771118164,54900,0.0,0.0
2023-03-30 00:00:00-04:00,4.5,4.699999809265137,4.489999771118164,4.650000095367432,38500,0.0,0.0
2023-03-31 00:00:00-04:00,4.5,4.829999923706055,4.25,4.25,86100,0.0,0.0
2023-04-03 00:00:00-04:00,4.309999942779541,4.309999942779541,3.8399999141693115,4.070000171661377,44000,0.0,0.0
2023-04-04 00:00:00-04:00,4.110000133514404,4.389999866485596,3.5799999237060547,3.8499999046325684,30200,0.0,0.0
2023-04-05 00:00:00-04:00,3.7699999809265137,4.0,3.5299999713897705,3.9000000953674316,22800,0.0,0.0
2023-04-06 00:00:00-04:00,3.809999942779541,4.019999980926514,3.619999885559082,4.019999980926514,23300,0.0,0.0
2023-04-10 00:00:00-04:00,4.019999980926514,4.420000076293945,4.019999980926514,4.400000095367432,47300,0.0,0.0
2023-04-11 00:00:00-04:00,4.78000020980835,5.039999961853027,4.630000114440918,4.840000152587891,53800,0.0,0.0
2023-04-12 00:00:00-04:00,4.849999904632568,5.320000171661377,4.703000068664551,5.070000171661377,25400,0.0,0.0
2023-04-13 00:00:00-04:00,5.079999923706055,5.5,5.039999961853027,5.5,57700,0.0,0.0
2023-04-14 00:00:00-04:00,5.349999904632568,5.650000095367432,5.249000072479248,5.5,43800,0.0,0.0
2023-04-17 00:00:00-04:00,5.420000076293945,5.5,5.039999961853027,5.090000152587891,22800,0.0,0.0
2023-04-18 00:00:00-04:00,5.090000152587891,5.179999828338623,4.670000076293945,5.079999923706055,32800,0.0,0.0
2023-04-19 00:00:00-04:00,5.050000190734863,5.360000133514404,4.78000020980835,4.940000057220459,54500,0.0,0.0
2023-04-20 00:00:00-04:00,4.900000095367432,5.025000095367432,4.360000133514404,4.510000228881836,71700,0.0,0.0
2023-04-21 00:00:00-04:00,4.599999904632568,4.989999771118164,4.559999942779541,4.96999979019165,24700,0.0,0.0
2023-04-24 00:00:00-04:00,4.900000095367432,4.9120001792907715,4.579999923706055,4.639999866485596,18800,0.0,0.0
2023-04-25 00:00:00-04:00,4.599999904632568,4.599999904632568,3.9000000953674316,4.019999980926514,27100,0.0,0.0
2023-04-26 00:00:00-04:00,4.039999961853027,4.440000057220459,4.039999961853027,4.070000171661377,10800,0.0,0.0
2023-04-27 00:00:00-04:00,4.25,4.510000228881836,4.079999923706055,4.260000228881836,29300,0.0,0.0
2023-04-28 00:00:00-04:00,4.260000228881836,4.900000095367432,4.199999809265137,4.900000095367432,19200,0.0,0.0
2023-05-01 00:00:00-04:00,4.949999809265137,4.949999809265137,4.400000095367432,4.690000057220459,18100,0.0,0.0
2023-05-02 00:00:00-04:00,4.519999980926514,4.53000020980835,4.309999942779541,4.309999942779541,7900,0.0,0.0
2023-05-03 00:00:00-04:00,4.349999904632568,4.465000152587891,4.309999942779541,4.400000095367432,11200,0.0,0.0
2023-05-04 00:00:00-04:00,4.360000133514404,4.519999980926514,4.130000114440918,4.190000057220459,22200,0.0,0.0
2023-05-05 00:00:00-04:00,4.320000171661377,4.539999961853027,4.25,4.400000095367432,11600,0.0,0.0
2023-05-08 00:00:00-04:00,4.460000038146973,4.889999866485596,4.400000095367432,4.889999866485596,8800,0.0,0.0
2023-05-09 00:00:00-04:00,4.889999866485596,5.5,4.820000171661377,5.380000114440918,48100,0.0,0.0
2023-05-10 00:00:00-04:00,5.570000171661377,6.0,5.019999980926514,5.75,81700,0.0,0.0
2023-05-11 00:00:00-04:00,5.53000020980835,6.0,5.2220001220703125,5.75,58400,0.0,0.0
2023-05-12 00:00:00-04:00,5.679999828338623,5.860000133514404,5.28000020980835,5.699999809265137,47600,0.0,0.0
2023-05-15 00:00:00-04:00,5.739999771118164,5.75,5.59499979019165,5.75,22100,0.0,0.0
2023-05-16 00:00:00-04:00,5.699999809265137,6.139999866485596,5.699999809265137,5.800000190734863,31100,0.0,0.0
2023-05-17 00:00:00-04:00,5.960000038146973,6.139999866485596,5.804999828338623,6.050000190734863,39600,0.0,0.0
2023-05-18 00:00:00-04:00,6.03000020980835,6.119999885559082,5.659999847412109,5.659999847412109,13300,0.0,0.0
2023-05-19 00:00:00-04:00,5.789999961853027,6.072999954223633,5.690000057220459,6.019999980926514,50400,0.0,0.0
2023-05-22 00:00:00-04:00,5.940000057220459,6.329999923706055,5.840000152587891,6.110000133514404,69800,0.0,0.0
2023-05-23 00:00:00-04:00,6.175000190734863,6.300000190734863,6.019999980926514,6.170000076293945,46000,0.0,0.0
2023-05-24 00:00:00-04:00,6.130000114440918,6.179999828338623,6.050000190734863,6.139999866485596,16900,0.0,0.0
2023-05-25 00:00:00-04:00,6.21999979019165,6.21999979019165,5.71999979019165,5.989999771118164,12100,0.0,0.0
2023-05-26 00:00:00-04:00,5.940000057220459,5.989999771118164,5.835000038146973,5.880000114440918,9700,0.0,0.0
2023-05-30 00:00:00-04:00,5.949999809265137,6.019999980926514,5.741000175476074,6.019999980926514,4200,0.0,0.0
2023-05-31 00:00:00-04:00,5.940000057220459,6.329999923706055,5.804999828338623,6.260000228881836,47400,0.0,0.0
2023-06-01 00:00:00-04:00,6.28000020980835,6.460000038146973,6.224999904632568,6.369999885559082,40000,0.0,0.0
2023-06-02 00:00:00-04:00,6.460000038146973,6.5,6.199999809265137,6.320000171661377,67500,0.0,0.0
2023-06-05 00:00:00-04:00,6.369999885559082,6.489999771118164,6.289999961853027,6.429999828338623,20500,0.0,0.0
2023-06-06 00:00:00-04:00,6.409999847412109,6.550000190734863,6.204999923706055,6.5,33000,0.0,0.0
2023-06-07 00:00:00-04:00,6.5,6.5,6.210999965667725,6.320000171661377,13400,0.0,0.0
2023-06-08 00:00:00-04:00,6.389999866485596,6.619999885559082,6.380000114440918,6.599999904632568,27800,0.0,0.0
2023-06-09 00:00:00-04:00,6.590000152587891,6.650000095367432,6.445000171661377,6.650000095367432,26200,0.0,0.0
2023-06-12 00:00:00-04:00,6.590000152587891,6.699999809265137,6.370999813079834,6.639999866485596,22500,0.0,0.0
2023-06-13 00:00:00-04:00,6.690000057220459,6.690000057220459,6.429999828338623,6.440000057220459,55100,0.0,0.0
2023-06-14 00:00:00-04:00,6.539999961853027,6.539999961853027,6.369999885559082,6.369999885559082,20000,0.0,0.0
2023-06-15 00:00:00-04:00,6.460000038146973,6.550000190734863,6.3379998207092285,6.489999771118164,33200,0.0,0.0
2023-06-16 00:00:00-04:00,6.349999904632568,6.46999979019165,6.150000095367432,6.179999828338623,26200,0.0,0.0
2023-06-20 00:00:00-04:00,6.179999828338623,6.46999979019165,5.989999771118164,6.239999771118164,27800,0.0,0.0
2023-06-21 00:00:00-04:00,6.275000095367432,6.539999961853027,6.150000095367432,6.465000152587891,27500,0.0,0.0
2023-06-22 00:00:00-04:00,6.409999847412109,6.550000190734863,6.25,6.550000190734863,11300,0.0,0.0
2023-06-23 00:00:00-04:00,6.550000190734863,6.699999809265137,6.300000190734863,6.699999809265137,39300,0.0,0.0
2023-06-26 00:00:00-04:00,6.690000057220459,6.690000057220459,6.449999809265137,6.619999885559082,12000,0.0,0.0
2023-06-27 00:00:00-04:00,6.670000076293945,6.960000038146973,6.577000141143799,6.949999809265137,53800,0.0,0.0
2023-06-28 00:00:00-04:00,6.889999866485596,7.699999809265137,6.769000053405762,6.949999809265137,39500,0.0,0.0
2023-06-29 00:00:00-04:00,6.940000057220459,7.099999904632568,6.809999942779541,7.0,7100,0.0,0.0
2023-06-30 00:00:00-04:00,7.019999980926514,7.349999904632568,6.985000133514404,7.139999866485596,14200,0.0,0.0
2023-07-03 00:00:00-04:00,7.199999809265137,7.300000190734863,7.050000190734863,7.300000190734863,1600,0.0,0.0
2023-07-05 00:00:00-04:00,7.050000190734863,7.440000057220459,6.909999847412109,7.28000020980835,20600,0.0,0.0
2023-07-06 00:00:00-04:00,7.119999885559082,7.320000171661377,6.869999885559082,7.28000020980835,13100,0.0,0.0
2023-07-07 00:00:00-04:00,7.420000076293945,7.690000057220459,7.179999828338623,7.429999828338623,19800,0.0,0.0
2023-07-10 00:00:00-04:00,7.699999809265137,7.710000038146973,7.489999771118164,7.570000171661377,32100,0.0,0.0
2023-07-11 00:00:00-04:00,7.630000114440918,7.630000114440918,7.389999866485596,7.449999809265137,29700,0.0,0.0
2023-07-12 00:00:00-04:00,7.480000019073486,7.5,7.019999980926514,7.190000057220459,18000,0.0,0.0
2023-07-13 00:00:00-04:00,7.210000038146973,7.239999771118164,7.0,7.079999923706055,22100,0.0,0.0
2023-07-14 00:00:00-04:00,6.550000190734863,7.289999961853027,6.550000190734863,6.960000038146973,56800,0.0,0.0
2023-07-17 00:00:00-04:00,6.949999809265137,7.190000057220459,6.71999979019165,7.110000133514404,34600,0.0,0.0
2023-07-18 00:00:00-04:00,7.150000095367432,7.300000190734863,7.1479997634887695,7.25,11800,0.0,0.0
2023-07-19 00:00:00-04:00,7.28000020980835,7.46999979019165,7.230000019073486,7.329999923706055,23300,0.0,0.0
2023-07-20 00:00:00-04:00,7.260000228881836,7.710000038146973,7.0,7.300000190734863,40100,0.0,0.0
2023-07-21 00:00:00-04:00,7.429999828338623,7.690000057220459,7.335000038146973,7.5,20100,0.0,0.0
2023-07-24 00:00:00-04:00,7.409999847412109,7.710000038146973,7.329999923706055,7.539999961853027,15000,0.0,0.0
2023-07-25 00:00:00-04:00,7.239999771118164,7.800000190734863,7.199999809265137,7.519999980926514,28200,0.0,0.0
2023-07-26 00:00:00-04:00,7.619999885559082,7.940000057220459,7.510000228881836,7.800000190734863,17700,0.0,0.0
2023-07-27 00:00:00-04:00,7.889999866485596,7.960000038146973,7.679999828338623,7.860000133514404,33400,0.0,0.0
2023-07-28 00:00:00-04:00,7.880000114440918,8.100000381469727,7.849999904632568,8.100000381469727,38800,0.0,0.0
2023-07-31 00:00:00-04:00,8.1899995803833,8.199999809265137,8.039999961853027,8.039999961853027,29000,0.0,0.0
2023-08-01 00:00:00-04:00,8.1899995803833,8.1899995803833,7.960000038146973,7.960000038146973,14600,0.0,0.0
2023-08-02 00:00:00-04:00,7.840000152587891,7.840000152587891,7.099999904632568,7.340000152587891,31800,0.0,0.0
2023-08-03 00:00:00-04:00,7.389999866485596,8.130000114440918,7.216000080108643,7.699999809265137,42900,0.0,0.0
2023-08-04 00:00:00-04:00,7.699999809265137,7.919000148773193,7.414999961853027,7.420000076293945,20900,0.0,0.0
2023-08-07 00:00:00-04:00,7.610000133514404,7.630000114440918,6.880000114440918,7.0,29600,0.0,0.0
2023-08-08 00:00:00-04:00,7.0,7.52400016784668,6.714000225067139,6.880000114440918,58800,0.0,0.0
2023-08-09 00:00:00-04:00,6.510000228881836,6.650000095367432,6.340000152587891,6.579999923706055,45200,0.0,0.0
2023-08-10 00:00:00-04:00,6.320000171661377,7.190000057220459,6.269999980926514,6.619999885559082,48000,0.0,0.0
2023-08-11 00:00:00-04:00,6.813000202178955,7.0,6.5,6.809999942779541,23300,0.0,0.0
2023-08-14 00:00:00-04:00,6.829999923706055,7.21999979019165,6.829999923706055,7.0,19500,0.0,0.0
2023-08-15 00:00:00-04:00,7.0,7.534999847412109,6.820000171661377,7.320000171661377,71900,0.0,0.0
2023-08-16 00:00:00-04:00,7.349999904632568,7.514999866485596,7.289999961853027,7.510000228881836,9800,0.0,0.0
2023-08-17 00:00:00-04:00,7.46999979019165,7.760000228881836,7.265999794006348,7.650000095367432,30500,0.0,0.0
2023-08-18 00:00:00-04:00,7.579999923706055,7.579999923706055,7.139999866485596,7.210000038146973,44300,0.0,0.0
2023-08-21 00:00:00-04:00,7.300000190734863,7.315000057220459,6.75,6.900000095367432,25100,0.0,0.0
2023-08-22 00:00:00-04:00,6.949999809265137,7.03000020980835,6.699999809265137,6.840000152587891,15800,0.0,0.0
2023-08-23 00:00:00-04:00,6.75,6.75,6.409999847412109,6.409999847412109,5000,0.0,0.0
2023-08-24 00:00:00-04:00,6.409999847412109,6.559999942779541,6.369999885559082,6.5,21500,0.0,0.0
2023-08-25 00:00:00-04:00,6.489999771118164,6.591000080108643,6.150000095367432,6.465000152587891,10000,0.0,0.0
2023-08-28 00:00:00-04:00,6.510000228881836,6.590000152587891,6.074999809265137,6.480000019073486,9500,0.0,0.0
2023-08-29 00:00:00-04:00,6.480000019073486,6.5,6.03000020980835,6.099999904632568,16600,0.0,0.0
2023-08-30 00:00:00-04:00,6.099999904632568,6.449999809265137,6.090000152587891,6.389999866485596,5700,0.0,0.0
2023-08-31 00:00:00-04:00,6.340000152587891,6.349999904632568,6.159999847412109,6.170000076293945,3500,0.0,0.0
2023-09-01 00:00:00-04:00,6.190000057220459,6.389999866485596,6.150000095367432,6.25,9400,0.0,0.0
2023-09-05 00:00:00-04:00,6.210000038146973,6.480000019073486,6.199999809265137,6.199999809265137,9000,0.0,0.0
2023-09-06 00:00:00-04:00,6.329999923706055,6.369999885559082,5.840000152587891,6.019999980926514,31700,0.0,0.0
2023-09-07 00:00:00-04:00,5.860000133514404,5.860000133514404,5.519999980926514,5.829999923706055,21000,0.0,0.0
2023-09-08 00:00:00-04:00,5.78000020980835,6.002999782562256,5.389999866485596,5.449999809265137,17300,0.0,0.0
2023-09-11 00:00:00-04:00,5.53000020980835,5.639999866485596,5.389999866485596,5.389999866485596,9100,0.0,0.0
2023-09-12 00:00:00-04:00,5.400000095367432,5.420000076293945,4.769999980926514,4.889999866485596,48700,0.0,0.0
2023-09-13 00:00:00-04:00,4.96999979019165,5.011000156402588,4.800000190734863,4.980000019073486,21400,0.0,0.0
2023-09-14 00:00:00-04:00,5.010000228881836,5.099999904632568,4.849999904632568,5.0,4900,0.0,0.0
2023-09-15 00:00:00-04:00,4.920000076293945,5.010000228881836,4.679999828338623,5.0,34800,0.0,0.0
2023-09-18 00:00:00-04:00,4.989999771118164,5.34499979019165,4.760000228881836,5.170000076293945,32100,0.0,0.0
2023-09-19 00:00:00-04:00,5.159999847412109,5.460000038146973,4.809999942779541,4.980000019073486,42100,0.0,0.0
2023-09-20 00:00:00-04:00,5.0,5.010000228881836,4.769999980926514,4.769999980926514,6000,0.0,0.0
2023-09-21 00:00:00-04:00,4.760000228881836,4.840000152587891,4.449999809265137,4.590000152587891,38600,0.0,0.0
2023-09-22 00:00:00-04:00,4.590000152587891,4.699999809265137,4.520999908447266,4.559999942779541,3400,0.0,0.0
2023-09-25 00:00:00-04:00,4.570000171661377,4.639999866485596,4.400000095367432,4.400000095367432,9000,0.0,0.0
2023-09-26 00:00:00-04:00,4.369999885559082,4.423999786376953,4.199999809265137,4.25,32100,0.0,0.0
2023-09-27 00:00:00-04:00,4.550000190734863,4.659999847412109,4.223999977111816,4.25,7500,0.0,0.0
2023-09-28 00:00:00-04:00,4.21999979019165,4.406000137329102,4.050000190734863,4.170000076293945,20300,0.0,0.0
2023-09-29 00:00:00-04:00,4.260000228881836,4.260000228881836,4.050000190734863,4.079999923706055,22700,0.0,0.0
2023-10-02 00:00:00-04:00,4.050000190734863,4.317999839782715,4.0,4.099999904632568,10300,0.0,0.0
2023-10-03 00:00:00-04:00,4.0,4.159999847412109,3.927999973297119,4.050000190734863,22600,0.0,0.0
2023-10-04 00:00:00-04:00,3.9200000762939453,4.420000076293945,3.9200000762939453,4.090000152587891,9300,0.0,0.0
2023-10-05 00:00:00-04:00,4.059999942779541,4.420000076293945,4.059999942779541,4.110000133514404,15500,0.0,0.0
2023-10-06 00:00:00-04:00,4.019999980926514,4.099999904632568,3.880000114440918,3.880000114440918,17100,0.0,0.0
2023-10-09 00:00:00-04:00,3.7799999713897705,4.0,3.5999999046325684,3.799999952316284,43800,0.0,0.0
2023-10-10 00:00:00-04:00,3.8399999141693115,4.179999828338623,3.75,3.75,17500,0.0,0.0
2023-10-11 00:00:00-04:00,3.8299999237060547,3.869999885559082,3.690000057220459,3.690000057220459,9100,0.0,0.0
2023-10-12 00:00:00-04:00,3.930000066757202,3.930000066757202,3.4800000190734863,3.5399999618530273,30900,0.0,0.0
2023-10-13 00:00:00-04:00,3.630000114440918,3.9049999713897705,3.5,3.5399999618530273,13600,0.0,0.0
2023-10-16 00:00:00-04:00,3.5899999141693115,3.674999952316284,3.5,3.509999990463257,8000,0.0,0.0
2023-10-17 00:00:00-04:00,3.549999952316284,3.625,3.4100000858306885,3.4100000858306885,15600,0.0,0.0
2023-10-18 00:00:00-04:00,3.4600000381469727,3.686000108718872,3.390000104904175,3.4100000858306885,9600,0.0,0.0
2023-10-19 00:00:00-04:00,3.3499999046325684,3.6700000762939453,3.309999942779541,3.309999942779541,16700,0.0,0.0
2023-10-20 00:00:00-04:00,3.4749999046325684,3.490000009536743,3.299999952316284,3.3450000286102295,9200,0.0,0.0
2023-10-23 00:00:00-04:00,3.25,3.369999885559082,3.0299999713897705,3.25,49700,0.0,0.0
2023-10-24 00:00:00-04:00,3.375,3.4800000190734863,3.1449999809265137,3.1600000858306885,13900,0.0,0.0
2023-10-25 00:00:00-04:00,3.1600000858306885,3.2699999809265137,3.0999999046325684,3.1549999713897705,17600,0.0,0.0
2023-10-26 00:00:00-04:00,3.069999933242798,3.25,2.8499999046325684,3.009999990463257,25400,0.0,0.0
2023-10-27 00:00:00-04:00,3.0399999618530273,3.299999952316284,2.8499999046325684,2.890000104904175,33100,0.0,0.0
2023-10-30 00:00:00-04:00,2.9700000286102295,3.069999933242798,2.9100000858306885,2.990000009536743,6500,0.0,0.0
2023-10-31 00:00:00-04:00,3.049999952316284,3.049999952316284,2.690000057220459,2.7699999809265137,11300,0.0,0.0
2023-11-01 00:00:00-04:00,2.7200000286102295,2.819999933242798,2.5799999237060547,2.5799999237060547,7200,0.0,0.0
2023-11-02 00:00:00-04:00,2.890000104904175,3.190000057220459,2.5999999046325684,3.0399999618530273,35000,0.0,0.0
2023-11-03 00:00:00-04:00,3.109999895095825,3.359999895095825,2.890000104904175,3.1500000953674316,13900,0.0,0.0
2023-11-06 00:00:00-05:00,3.0899999141693115,3.430000066757202,3.0899999141693115,3.2799999713897705,4200,0.0,0.0
2023-11-07 00:00:00-05:00,3.299999952316284,3.7699999809265137,3.2790000438690186,3.5199999809265137,14000,0.0,0.0
2023-11-08 00:00:00-05:00,3.5,3.5,3.2009999752044678,3.380000114440918,5100,0.0,0.0
2023-11-09 00:00:00-05:00,3.2899999618530273,3.430000066757202,3.2899999618530273,3.309999942779541,2200,0.0,0.0
2023-11-10 00:00:00-05:00,3.2799999713897705,3.380000114440918,3.200000047683716,3.380000114440918,8000,0.0,0.0
2023-11-13 00:00:00-05:00,3.3299999237060547,3.6710000038146973,3.2279999256134033,3.309999942779541,12100,0.0,0.0
2023-11-14 00:00:00-05:00,3.559999942779541,3.559999942779541,3.2100000381469727,3.3469998836517334,27000,0.0,0.0
2023-11-15 00:00:00-05:00,3.390000104904175,3.390000104904175,3.2100000381469727,3.378000020980835,9300,0.0,0.0
2023-11-16 00:00:00-05:00,3.3499999046325684,3.4700000286102295,3.200000047683716,3.2100000381469727,23600,0.0,0.0
2023-11-17 00:00:00-05:00,3.369999885559082,3.369999885559082,3.200000047683716,3.305000066757202,9400,0.0,0.0
2023-11-20 00:00:00-05:00,3.25,3.359999895095825,2.809999942779541,2.819999933242798,36200,0.0,0.0
2023-11-21 00:00:00-05:00,2.9200000762939453,2.9200000762939453,2.690000057220459,2.690000057220459,15500,0.0,0.0
2023-11-22 00:00:00-05:00,2.640000104904175,3.140000104904175,2.640000104904175,3.069999933242798,37500,0.0,0.0
2023-11-24 00:00:00-05:00,2.9800000190734863,3.1500000953674316,2.950000047683716,3.059999942779541,20000,0.0,0.0
2023-11-27 00:00:00-05:00,3.25,3.25,2.700000047683716,2.759999990463257,27500,0.0,0.0
2023-11-28 00:00:00-05:00,2.890000104904175,3.119999885559082,2.1700000762939453,2.299999952316284,109500,0.0,0.0
2023-11-29 00:00:00-05:00,2.5899999141693115,2.865000009536743,2.0999999046325684,2.8399999141693115,52400,0.0,0.0
2023-11-30 00:00:00-05:00,2.9000000953674316,3.0980000495910645,2.5,2.759999990463257,98900,0.0,0.0
2023-12-01 00:00:00-05:00,2.259999990463257,2.549999952316284,2.25,2.440000057220459,153000,0.0,0.0
2023-12-04 00:00:00-05:00,2.4800000190734863,2.4800000190734863,2.3499999046325684,2.359999895095825,23000,0.0,0.0
2023-12-05 00:00:00-05:00,2.3499999046325684,2.378000020980835,2.200000047683716,2.25,117900,0.0,0.0
2023-12-06 00:00:00-05:00,2.200000047683716,2.390000104904175,2.200000047683716,2.299999952316284,45500,0.0,0.0
2023-12-07 00:00:00-05:00,2.5,2.5,2.250999927520752,2.3499999046325684,26200,0.0,0.0
2023-12-08 00:00:00-05:00,2.2799999713897705,2.368000030517578,2.180000066757202,2.25,36500,0.0,0.0
2023-12-11 00:00:00-05:00,2.25,2.4800000190734863,2.25,2.4000000953674316,64600,0.0,0.0
2023-12-12 00:00:00-05:00,2.3499999046325684,2.380000114440918,2.180000066757202,2.2200000286102295,21300,0.0,0.0
2023-12-13 00:00:00-05:00,2.2300000190734863,2.490000009536743,2.1500000953674316,2.430000066757202,133700,0.0,0.0
2023-12-14 00:00:00-05:00,2.4800000190734863,2.8399999141693115,2.4649999141693115,2.819999933242798,149000,0.0,0.0
2023-12-15 00:00:00-05:00,2.799999952316284,3.1500000953674316,2.799999952316284,2.940000057220459,68900,0.0,0.0
2023-12-18 00:00:00-05:00,2.9000000953674316,3.0390000343322754,2.7869999408721924,2.9100000858306885,24100,0.0,0.0
2023-12-19 00:00:00-05:00,2.9600000381469727,3.4000000953674316,2.9000000953674316,3.309999942779541,78600,0.0,0.0
2023-12-20 00:00:00-05:00,3.380000114440918,4.0,3.319999933242798,3.6600000858306885,159500,0.0,0.0
2023-12-21 00:00:00-05:00,3.6500000953674316,3.700000047683716,3.3450000286102295,3.700000047683716,36800,0.0,0.0
2023-12-22 00:00:00-05:00,3.6500000953674316,4.0,3.2899999618530273,3.8499999046325684,49500,0.0,0.0
2023-12-26 00:00:00-05:00,3.819999933242798,4.03000020980835,3.7799999713897705,3.880000114440918,153100,0.0,0.0
2023-12-27 00:00:00-05:00,3.9000000953674316,4.019999980926514,3.6010000705718994,3.7200000286102295,50700,0.0,0.0
2023-12-28 00:00:00-05:00,3.7100000381469727,3.75,3.6500000953674316,3.690000057220459,60200,0.0,0.0
2023-12-29 00:00:00-05:00,3.7300000190734863,3.7300000190734863,3.4100000858306885,3.5899999141693115,10800,0.0,0.0
2024-01-02 00:00:00-05:00,3.4700000286102295,4.329999923706055,3.4059998989105225,4.130000114440918,110200,0.0,0.0
2024-01-03 00:00:00-05:00,4.0,4.043000221252441,3.4100000858306885,3.9600000381469727,52200,0.0,0.0
2024-01-04 00:00:00-05:00,3.940000057220459,4.079999923706055,3.940000057220459,4.079999923706055,2400,0.0,0.0
2024-01-05 00:00:00-05:00,4.0,4.0,3.5999999046325684,3.5999999046325684,16500,0.0,0.0
2024-01-08 00:00:00-05:00,3.609999895095825,3.609999895095825,3.1500000953674316,3.259999990463257,152700,0.0,0.0
2024-01-09 00:00:00-05:00,3.2200000286102295,3.5239999294281006,3.2200000286102295,3.490000009536743,20000,0.0,0.0
2024-01-10 00:00:00-05:00,3.490000009536743,3.5399999618530273,3.490000009536743,3.5,18300,0.0,0.0
2024-01-11 00:00:00-05:00,3.5399999618530273,3.5399999618530273,3.2200000286102295,3.299999952316284,46800,0.0,0.0
2024-01-12 00:00:00-05:00,3.3299999237060547,3.4200000762939453,3.259999990463257,3.3299999237060547,3500,0.0,0.0
2024-01-16 00:00:00-05:00,3.2200000286102295,3.3499999046325684,3.049999952316284,3.049999952316284,26300,0.0,0.0
2024-01-17 00:00:00-05:00,3.049999952316284,3.0799999237060547,3.009999990463257,3.049999952316284,14300,0.0,0.0
2024-01-18 00:00:00-05:00,3.0999999046325684,3.1700000762939453,3.0299999713897705,3.0999999046325684,15800,0.0,0.0
2024-01-19 00:00:00-05:00,3.061000108718872,3.069000005722046,2.880000114440918,2.9100000858306885,60500,0.0,0.0
2024-01-22 00:00:00-05:00,2.9000000953674316,3.0399999618530273,2.809999942779541,2.950000047683716,27300,0.0,0.0
2024-01-23 00:00:00-05:00,2.9600000381469727,3.0399999618530273,2.9000000953674316,2.9200000762939453,25600,0.0,0.0
2024-01-24 00:00:00-05:00,2.990000009536743,3.0429999828338623,2.8499999046325684,2.880000114440918,36500,0.0,0.0
2024-01-25 00:00:00-05:00,2.8399999141693115,2.878000020980835,2.759999990463257,2.7899999618530273,35600,0.0,0.0
2024-01-26 00:00:00-05:00,2.7799999713897705,2.8499999046325684,2.700000047683716,2.740000009536743,21600,0.0,0.0
2024-01-29 00:00:00-05:00,2.5999999046325684,2.632999897003174,2.430000066757202,2.559999942779541,70400,0.0,0.0
2024-01-30 00:00:00-05:00,2.5299999713897705,2.5299999713897705,2.3499999046325684,2.390000104904175,63900,0.0,0.0
2024-01-31 00:00:00-05:00,2.3499999046325684,2.450000047683716,2.3499999046325684,2.4000000953674316,36400,0.0,0.0
2024-02-01 00:00:00-05:00,2.450000047683716,2.5409998893737793,2.3499999046325684,2.4700000286102295,121200,0.0,0.0
2024-02-02 00:00:00-05:00,2.4100000858306885,2.7899999618530273,2.4100000858306885,2.619999885559082,26500,0.0,0.0
2024-02-05 00:00:00-05:00,2.509999990463257,2.7100000381469727,2.4709999561309814,2.5,28700,0.0,0.0
2024-02-06 00:00:00-05:00,2.5199999809265137,2.7100000381469727,2.5,2.680000066757202,18000,0.0,0.0
2024-02-07 00:00:00-05:00,2.680000066757202,2.680000066757202,2.559999942779541,2.559999942779541,10500,0.0,0.0
2024-02-08 00:00:00-05:00,2.609999895095825,2.6500000953674316,2.5799999237060547,2.630000114440918,41100,0.0,0.0
2024-02-09 00:00:00-05:00,2.6600000858306885,2.6700000762939453,2.619999885559082,2.6700000762939453,13300,0.0,0.0
2024-02-12 00:00:00-05:00,2.640000104904175,2.809999942779541,2.5850000381469727,2.630000114440918,126500,0.0,0.0
2024-02-13 00:00:00-05:00,2.6500000953674316,2.6500000953674316,2.4000000953674316,2.4200000762939453,35800,0.0,0.0
2024-02-14 00:00:00-05:00,2.25,2.5,2.25,2.5,72000,0.0,0.0
2024-02-15 00:00:00-05:00,2.5899999141693115,2.75,2.549999952316284,2.7100000381469727,200600,0.0,0.0
2024-02-16 00:00:00-05:00,2.7100000381469727,2.8499999046325684,2.6700000762939453,2.7699999809265137,25900,0.0,0.0
2024-02-20 00:00:00-05:00,2.7300000190734863,2.9700000286102295,2.7100000381469727,2.9000000953674316,77900,0.0,0.0
2024-02-21 00:00:00-05:00,2.890000104904175,2.8949999809265137,2.700000047683716,2.75,78700,0.0,0.0
2024-02-22 00:00:00-05:00,2.809999942779541,2.809999942779541,2.6600000858306885,2.75,9800,0.0,0.0
2024-02-23 00:00:00-05:00,2.75,2.9000000953674316,2.674999952316284,2.8499999046325684,39100,0.0,0.0
2024-02-26 00:00:00-05:00,2.809999942779541,2.9000000953674316,2.759999990463257,2.880000114440918,49900,0.0,0.0
2024-02-27 00:00:00-05:00,2.869999885559082,2.890000104904175,2.809999942779541,2.8499999046325684,10200,0.0,0.0
2024-02-28 00:00:00-05:00,2.809999942779541,2.890000104904175,2.7799999713897705,2.890000104904175,9500,0.0,0.0
2024-02-29 00:00:00-05:00,2.8399999141693115,2.9200000762939453,2.75,2.7699999809265137,46600,0.0,0.0
2024-03-01 00:00:00-05:00,2.819999933242798,2.8399999141693115,2.6500000953674316,2.7300000190734863,12100,0.0,0.0
2024-03-04 00:00:00-05:00,2.690000057220459,2.759999990463257,2.562999963760376,2.75,20700,0.0,0.0
2024-03-05 00:00:00-05:00,2.569999933242798,2.674999952316284,2.5260000228881836,2.619999885559082,25000,0.0,0.0
2024-03-06 00:00:00-05:00,2.569999933242798,2.7300000190734863,2.559999942779541,2.680000066757202,15700,0.0,0.0
2024-03-07 00:00:00-05:00,2.5399999618530273,2.630000114440918,2.507999897003174,2.630000114440918,26000,0.0,0.0
2024-03-08 00:00:00-05:00,2.630000114440918,2.805000066757202,2.559999942779541,2.690000057220459,38900,0.0,0.0
2024-03-11 00:00:00-04:00,2.759999990463257,2.759999990463257,2.700000047683716,2.700000047683716,13800,0.0,0.0
2024-03-12 00:00:00-04:00,2.690000057220459,2.75,2.5799999237060547,2.615000009536743,13300,0.0,0.0
2024-03-13 00:00:00-04:00,2.6649999618530273,2.6700000762939453,2.5899999141693115,2.5999999046325684,8700,0.0,0.0
2024-03-14 00:00:00-04:00,2.630000114440918,2.640000104904175,2.4110000133514404,2.4600000381469727,19100,0.0,0.0
2024-03-15 00:00:00-04:00,2.2799999713897705,2.2799999713897705,2.0199999809265137,2.1600000858306885,228400,0.0,0.0
2024-03-18 00:00:00-04:00,2.190000057220459,2.25,1.7400000095367432,1.8899999856948853,153900,0.0,0.0
2024-03-19 00:00:00-04:00,2.4200000762939453,2.4200000762939453,1.8849999904632568,1.9700000286102295,324900,0.0,0.0
2024-03-20 00:00:00-04:00,1.9800000190734863,2.0299999713897705,1.8799999952316284,1.9700000286102295,71300,0.0,0.0
2024-03-21 00:00:00-04:00,2.0,2.0,1.850000023841858,1.9299999475479126,46100,0.0,0.0
2024-03-22 00:00:00-04:00,1.940000057220459,1.9900000095367432,1.8839999437332153,1.9199999570846558,69800,0.0,0.0
2024-03-25 00:00:00-04:00,1.909999966621399,2.0,1.8700000047683716,2.0,54600,0.0,0.0
2024-03-26 00:00:00-04:00,1.9800000190734863,1.9800000190734863,1.8700000047683716,1.899999976158142,83500,0.0,0.0
2024-03-27 00:00:00-04:00,1.899999976158142,1.9700000286102295,1.850000023841858,1.9600000381469727,159800,0.0,0.0
2024-03-28 00:00:00-04:00,1.9500000476837158,2.0250000953674316,1.9199999570846558,1.9900000095367432,53200,0.0,0.0
2024-04-01 00:00:00-04:00,1.9900000095367432,2.059999942779541,1.9900000095367432,2.0,56600,0.0,0.0
2024-04-02 00:00:00-04:00,2.0299999713897705,2.0299999713897705,1.899999976158142,1.9800000190734863,48100,0.0,0.0
2024-04-03 00:00:00-04:00,1.9299999475479126,2.0199999809265137,1.9299999475479126,2.0,43600,0.0,0.0
2024-04-04 00:00:00-04:00,1.8700000047683716,2.0,1.8600000143051147,1.9600000381469727,88600,0.0,0.0
2024-04-05 00:00:00-04:00,1.9900000095367432,2.0,1.909999966621399,1.9800000190734863,36700,0.0,0.0
2024-04-08 00:00:00-04:00,1.9600000381469727,1.9600000381469727,1.8849999904632568,1.899999976158142,35800,0.0,0.0
2024-04-09 00:00:00-04:00,1.8899999856948853,1.9600000381469727,1.8799999952316284,1.9299999475479126,25900,0.0,0.0
2024-04-10 00:00:00-04:00,1.899999976158142,1.940000057220459,1.850000023841858,1.8899999856948853,20000,0.0,0.0
2024-04-11 00:00:00-04:00,1.899999976158142,1.899999976158142,1.809999942779541,1.850000023841858,10900,0.0,0.0
2024-04-12 00:00:00-04:00,1.8300000429153442,1.8389999866485596,1.7599999904632568,1.7999999523162842,15300,0.0,0.0
2024-04-15 00:00:00-04:00,1.6799999475479126,1.7610000371932983,1.399999976158142,1.5399999618530273,106400,0.0,0.0
2024-04-16 00:00:00-04:00,1.5,1.7699999809265137,1.4700000286102295,1.7599999904632568,117300,0.0,0.0
2024-04-17 00:00:00-04:00,1.75,1.7730000019073486,1.5499999523162842,1.590000033378601,12900,0.0,0.0
2024-04-18 00:00:00-04:00,1.5800000429153442,1.590000033378601,1.5199999809265137,1.5199999809265137,24400,0.0,0.0
2024-04-19 00:00:00-04:00,1.5099999904632568,1.5499999523162842,1.475000023841858,1.4800000190734863,41000,0.0,0.0
2024-04-22 00:00:00-04:00,1.5,1.5499999523162842,1.475000023841858,1.5,62400,0.0,0.0
2024-04-23 00:00:00-04:00,1.5,1.559999942779541,1.4800000190734863,1.5,21700,0.0,0.0
2024-04-24 00:00:00-04:00,1.5299999713897705,1.5800000429153442,1.4800000190734863,1.5,15800,0.0,0.0
2024-04-25 00:00:00-04:00,1.5119999647140503,1.555999994277954,1.4800000190734863,1.4800000190734863,9000,0.0,0.0
2024-04-26 00:00:00-04:00,1.4800000190734863,1.6100000143051147,1.4500000476837158,1.5299999713897705,64600,0.0,0.0
2024-04-29 00:00:00-04:00,1.5299999713897705,1.6100000143051147,1.5299999713897705,1.559999942779541,70600,0.0,0.0
2024-04-30 00:00:00-04:00,1.5499999523162842,1.649999976158142,1.5499999523162842,1.559999942779541,86100,0.0,0.0
2024-05-01 00:00:00-04:00,1.590000033378601,1.649999976158142,1.5299999713897705,1.6399999856948853,11000,0.0,0.0
2024-05-02 00:00:00-04:00,1.649999976158142,1.6799999475479126,1.5299999713897705,1.590000033378601,53000,0.0,0.0
2024-05-03 00:00:00-04:00,1.5700000524520874,1.6699999570846558,1.559999942779541,1.5700000524520874,7600,0.0,0.0
2024-05-06 00:00:00-04:00,1.6100000143051147,1.7100000381469727,1.5099999904632568,1.5199999809265137,65900,0.0,0.0
2024-05-07 00:00:00-04:00,1.6399999856948853,1.7999999523162842,1.5099999904632568,1.5199999809265137,176000,0.0,0.0
2024-05-08 00:00:00-04:00,1.5099999904632568,1.5099999904632568,1.440000057220459,1.4500000476837158,116300,0.0,0.0
2024-05-09 00:00:00-04:00,1.4800000190734863,1.5099999904632568,1.3639999628067017,1.4600000381469727,125400,0.0,0.0
2024-05-10 00:00:00-04:00,1.649999976158142,1.649999976158142,1.3200000524520874,1.4199999570846558,175300,0.0,0.0
2024-05-13 00:00:00-04:00,1.590000033378601,1.590000033378601,1.409999966621399,1.409999966621399,172300,0.0,0.0
2024-05-14 00:00:00-04:00,1.4800000190734863,1.5299999713897705,1.409999966621399,1.4299999475479126,96000,0.0,0.0
2024-05-15 00:00:00-04:00,1.5099999904632568,1.5399999618530273,1.440000057220459,1.4800000190734863,68800,0.0,0.0
2024-05-16 00:00:00-04:00,1.5499999523162842,1.6200000047683716,1.4900000095367432,1.6200000047683716,150300,0.0,0.0
2024-05-17 00:00:00-04:00,1.6200000047683716,1.7999999523162842,1.5800000429153442,1.7799999713897705,169500,0.0,0.0
2024-05-20 00:00:00-04:00,1.7699999809265137,1.7949999570846558,1.6100000143051147,1.7400000095367432,92300,0.0,0.0
2024-05-21 00:00:00-04:00,1.7599999904632568,1.850000023841858,1.6399999856948853,1.7100000381469727,265300,0.0,0.0
2024-05-22 00:00:00-04:00,1.6799999475479126,1.6799999475479126,1.5399999618530273,1.5800000429153442,71600,0.0,0.0
2024-05-23 00:00:00-04:00,1.5299999713897705,1.7000000476837158,1.5199999809265137,1.659999966621399,140100,0.0,0.0
2024-05-24 00:00:00-04:00,1.690000057220459,1.8200000524520874,1.659999966621399,1.7599999904632568,136600,0.0,0.0
2024-05-28 00:00:00-04:00,1.75,1.819000005722046,1.659999966621399,1.6950000524520874,30000,0.0,0.0
2024-05-29 00:00:00-04:00,1.7000000476837158,1.7999999523162842,1.7000000476837158,1.7899999618530273,44500,0.0,0.0
2024-05-30 00:00:00-04:00,1.7599999904632568,1.9600000381469727,1.7599999904632568,1.840000033378601,110100,0.0,0.0
2024-05-31 00:00:00-04:00,1.850000023841858,1.8799999952316284,1.8300000429153442,1.8300000429153442,23600,0.0,0.0
2024-06-03 00:00:00-04:00,1.850000023841858,1.8700000047683716,1.6100000143051147,1.7599999904632568,80100,0.0,0.0
2024-06-04 00:00:00-04:00,1.7599999904632568,1.8600000143051147,1.7000000476837158,1.809999942779541,68400,0.0,0.0
2024-06-05 00:00:00-04:00,1.809999942779541,1.840000033378601,1.7669999599456787,1.809999942779541,71200,0.0,0.0
2024-06-06 00:00:00-04:00,1.7799999713897705,1.8619999885559082,1.7000000476837158,1.8550000190734863,62700,0.0,0.0
2024-06-07 00:00:00-04:00,1.840000033378601,1.9299999475479126,1.7899999618530273,1.9049999713897705,65300,0.0,0.0
2024-06-10 00:00:00-04:00,1.7999999523162842,1.940000057220459,1.7999999523162842,1.8700000047683716,173100,0.0,0.0
2024-06-11 00:00:00-04:00,1.8600000143051147,1.8600000143051147,1.7400000095367432,1.7400000095367432,59700,0.0,0.0
2024-06-12 00:00:00-04:00,1.75,1.809999942779541,1.6799999475479126,1.690000057220459,29500,0.0,0.0
2024-06-13 00:00:00-04:00,1.7300000190734863,1.7300000190734863,1.6449999809265137,1.659999966621399,23000,0.0,0.0
2024-06-14 00:00:00-04:00,1.6299999952316284,1.6799999475479126,1.5700000524520874,1.6100000143051147,35600,0.0,0.0
2024-06-17 00:00:00-04:00,1.6200000047683716,1.6200000047683716,1.4700000286102295,1.4900000095367432,91000,0.0,0.0
2024-06-18 00:00:00-04:00,1.5299999713897705,1.5700000524520874,1.4900000095367432,1.5,58800,0.0,0.0
2024-06-20 00:00:00-04:00,1.4900000095367432,1.5399999618530273,1.4600000381469727,1.5,41600,0.0,0.0
2024-06-21 00:00:00-04:00,1.4800000190734863,1.5240000486373901,1.3300000429153442,1.5,197800,0.0,0.0
2024-06-24 00:00:00-04:00,1.4800000190734863,1.590000033378601,1.4600000381469727,1.5399999618530273,25700,0.0,0.0
2024-06-25 00:00:00-04:00,1.5099999904632568,1.5499999523162842,1.409999966621399,1.4600000381469727,84400,0.0,0.0
2024-06-26 00:00:00-04:00,1.4600000381469727,1.5,1.4600000381469727,1.4800000190734863,17100,0.0,0.0
2024-06-27 00:00:00-04:00,1.4800000190734863,1.649999976158142,1.4700000286102295,1.600000023841858,160800,0.0,0.0
2024-06-28 00:00:00-04:00,1.559999942779541,1.7200000286102295,1.559999942779541,1.7200000286102295,28600,0.0,0.0
2024-07-01 00:00:00-04:00,1.7400000095367432,1.7400000095367432,1.6699999570846558,1.6699999570846558,14200,0.0,0.0
2024-07-02 00:00:00-04:00,1.6200000047683716,1.649999976158142,1.5729999542236328,1.6100000143051147,12800,0.0,0.0
2024-07-03 00:00:00-04:00,1.6349999904632568,1.7599999904632568,1.5700000524520874,1.7599999904632568,13500,0.0,0.0
2024-07-05 00:00:00-04:00,1.7000000476837158,1.7999999523162842,1.7000000476837158,1.7799999713897705,51600,0.0,0.0
2024-07-08 00:00:00-04:00,1.7200000286102295,1.75,1.6699999570846558,1.7000000476837158,31500,0.0,0.0
2024-07-09 00:00:00-04:00,1.6699999570846558,1.7000000476837158,1.649999976158142,1.6799999475479126,12300,0.0,0.0
2024-07-10 00:00:00-04:00,1.659999966621399,1.6799999475479126,1.6200000047683716,1.6549999713897705,17700,0.0,0.0
2024-07-11 00:00:00-04:00,1.690000057220459,1.9500000476837158,1.690000057220459,1.8300000429153442,88400,0.0,0.0
2024-07-12 00:00:00-04:00,1.8600000143051147,1.9700000286102295,1.7999999523162842,1.9299999475479126,40700,0.0,0.0
2024-07-15 00:00:00-04:00,2.0,2.0,1.8700000047683716,1.9500000476837158,52700,0.0,0.0
2024-07-16 00:00:00-04:00,2.0,2.0,1.819000005722046,1.9299999475479126,66800,0.0,0.0
2024-07-17 00:00:00-04:00,1.899999976158142,1.9500000476837158,1.8799999952316284,1.9199999570846558,4700,0.0,0.0
2024-07-18 00:00:00-04:00,1.9049999713897705,1.9199999570846558,1.8300000429153442,1.8300000429153442,22200,0.0,0.0
2024-07-19 00:00:00-04:00,1.809999942779541,1.909999966621399,1.7599999904632568,1.909999966621399,7300,0.0,0.0
2024-07-22 00:00:00-04:00,1.899999976158142,1.909999966621399,1.8600000143051147,1.8899999856948853,11900,0.0,0.0
2024-07-23 00:00:00-04:00,1.899999976158142,1.9500000476837158,1.899999976158142,1.9500000476837158,9600,0.0,0.0
2024-07-24 00:00:00-04:00,1.899999976158142,2.0899999141693115,1.8849999904632568,1.9700000286102295,105000,0.0,0.0
2024-07-25 00:00:00-04:00,1.940000057220459,2.049999952316284,1.9010000228881836,1.9500000476837158,20000,0.0,0.0
2024-07-26 00:00:00-04:00,1.9800000190734863,2.0450000762939453,1.940000057220459,2.0199999809265137,33500,0.0,0.0
2024-07-29 00:00:00-04:00,1.9900000095367432,2.0,1.9199999570846558,1.9199999570846558,11600,0.0,0.0
2024-07-30 00:00:00-04:00,1.9199999570846558,2.049999952316284,1.909999966621399,2.049999952316284,19800,0.0,0.0
2024-07-31 00:00:00-04:00,2.1500000953674316,2.190000057220459,2.069999933242798,2.140000104904175,57800,0.0,0.0
2024-08-01 00:00:00-04:00,2.0999999046325684,2.319999933242798,2.0999999046325684,2.1449999809265137,51000,0.0,0.0
2024-08-02 00:00:00-04:00,2.0999999046325684,2.174999952316284,2.049999952316284,2.069999933242798,8200,0.0,0.0
2024-08-05 00:00:00-04:00,1.9500000476837158,2.130000114440918,1.909999966621399,2.0899999141693115,81900,0.0,0.0
2024-08-06 00:00:00-04:00,2.049999952316284,2.140000104904175,2.0299999713897705,2.0299999713897705,28400,0.0,0.0
2024-08-07 00:00:00-04:00,2.0899999141693115,2.0910000801086426,1.9199999570846558,1.9900000095367432,33900,0.0,0.0
2024-08-08 00:00:00-04:00,2.009999990463257,2.430000066757202,1.9600000381469727,2.4000000953674316,55300,0.0,0.0
2024-08-09 00:00:00-04:00,2.4000000953674316,2.9600000381469727,2.3499999046325684,2.674999952316284,177000,0.0,0.0
2024-08-12 00:00:00-04:00,2.630000114440918,2.680000066757202,2.4100000858306885,2.4600000381469727,67500,0.0,0.0
2024-08-13 00:00:00-04:00,2.440000057220459,2.5250000953674316,2.3299999237060547,2.4000000953674316,43200,0.0,0.0
2024-08-14 00:00:00-04:00,2.369999885559082,2.4200000762939453,2.25,2.2899999618530273,51400,0.0,0.0
2024-08-15 00:00:00-04:00,2.3399999141693115,2.4200000762939453,2.2899999618530273,2.319999933242798,38500,0.0,0.0
2024-08-16 00:00:00-04:00,2.299999952316284,2.3499999046325684,2.2899999618530273,2.3299999237060547,45100,0.0,0.0
2024-08-19 00:00:00-04:00,2.259999990463257,2.3299999237060547,2.259999990463257,2.299999952316284,73500,0.0,0.0
2024-08-20 00:00:00-04:00,2.299999952316284,2.5199999809265137,2.299999952316284,2.369999885559082,117100,0.0,0.0
2024-08-21 00:00:00-04:00,2.390000104904175,2.5350000858306885,2.369999885559082,2.450000047683716,79500,0.0,0.0
2024-08-22 00:00:00-04:00,2.4600000381469727,2.684999942779541,2.450000047683716,2.5,87500,0.0,0.0
2024-08-23 00:00:00-04:00,2.5299999713897705,2.75,2.5,2.6600000858306885,129000,0.0,0.0
2024-08-26 00:00:00-04:00,2.700000047683716,2.950000047683716,2.700000047683716,2.890000104904175,126800,0.0,0.0
2024-08-27 00:00:00-04:00,2.880000114440918,2.9000000953674316,2.609999895095825,2.7100000381469727,78600,0.0,0.0
2024-08-28 00:00:00-04:00,2.7100000381469727,2.7869999408721924,2.569999933242798,2.5899999141693115,56200,0.0,0.0
2024-08-29 00:00:00-04:00,2.609999895095825,2.75,2.5399999618530273,2.6500000953674316,47500,0.0,0.0
2024-08-30 00:00:00-04:00,2.619999885559082,2.7300000190734863,2.559999942779541,2.640000104904175,53400,0.0,0.0
2024-09-03 00:00:00-04:00,2.75,2.9800000190734863,2.5999999046325684,2.630000114440918,218800,0.0,0.0
2024-09-04 00:00:00-04:00,2.740000009536743,2.740000009536743,2.549999952316284,2.6500000953674316,68500,0.0,0.0
2024-09-05 00:00:00-04:00,2.690000057220459,3.0999999046325684,2.5999999046325684,3.0,130500,0.0,0.0
2024-09-06 00:00:00-04:00,2.930000066757202,3.0799999237060547,2.799999952316284,2.990000009536743,62200,0.0,0.0
2024-09-09 00:00:00-04:00,2.8299999237060547,2.9489998817443848,2.5999999046325684,2.884999990463257,114000,0.0,0.0
2024-09-10 00:00:00-04:00,2.859999895095825,2.859999895095825,2.6600000858306885,2.7300000190734863,63400,0.0,0.0
2024-09-11 00:00:00-04:00,2.7200000286102295,2.950000047683716,2.640000104904175,2.950000047683716,38900,0.0,0.0
2024-09-12 00:00:00-04:00,3.0,3.140000104904175,2.7249999046325684,2.8499999046325684,113300,0.0,0.0
2024-09-13 00:00:00-04:00,2.799999952316284,3.053999900817871,2.6029999256134033,2.8499999046325684,104300,0.0,0.0
2024-09-16 00:00:00-04:00,2.930000066757202,3.059999942779541,2.799999952316284,2.9600000381469727,111600,0.0,0.0
2024-09-17 00:00:00-04:00,3.240000009536743,3.369999885559082,2.9700000286102295,3.0,148800,0.0,0.0
2024-09-18 00:00:00-04:00,2.9800000190734863,3.049999952316284,2.8499999046325684,2.859999895095825,79300,0.0,0.0
2024-09-19 00:00:00-04:00,3.0,3.0739998817443848,2.869999885559082,3.0,66800,0.0,0.0
2024-09-20 00:00:00-04:00,3.009999990463257,3.009999990463257,2.799999952316284,2.890000104904175,115600,0.0,0.0
2024-09-23 00:00:00-04:00,2.880000114440918,2.880000114440918,2.619999885559082,2.619999885559082,92300,0.0,0.0
2024-09-24 00:00:00-04:00,2.5999999046325684,2.5999999046325684,2.190000057220459,2.4600000381469727,113700,0.0,0.0
2024-09-25 00:00:00-04:00,2.440000057220459,2.740000009536743,2.369999885559082,2.509999990463257,82000,0.0,0.0
2024-09-26 00:00:00-04:00,2.549999952316284,2.549999952316284,2.2699999809265137,2.299999952316284,88800,0.0,0.0
2024-09-27 00:00:00-04:00,2.319999933242798,2.678999900817871,2.309999942779541,2.640000104904175,81500,0.0,0.0
2024-09-30 00:00:00-04:00,2.5899999141693115,2.5999999046325684,2.4800000190734863,2.5899999141693115,55500,0.0,0.0
2024-10-01 00:00:00-04:00,2.5999999046325684,2.6700000762939453,2.51200008392334,2.6700000762939453,22600,0.0,0.0
2024-10-02 00:00:00-04:00,2.690000057220459,2.690000057220459,2.549999952316284,2.609999895095825,37800,0.0,0.0
2024-10-03 00:00:00-04:00,2.5799999237060547,2.6510000228881836,2.5799999237060547,2.630000114440918,17300,0.0,0.0
2024-10-04 00:00:00-04:00,2.6600000858306885,2.75,2.630000114440918,2.700000047683716,32800,0.0,0.0
2024-10-07 00:00:00-04:00,2.6500000953674316,2.76200008392334,2.6110000610351562,2.6500000953674316,33400,0.0,0.0
2024-10-08 00:00:00-04:00,2.75,2.8399999141693115,2.5199999809265137,2.5799999237060547,34000,0.0,0.0
2024-10-09 00:00:00-04:00,2.569999933242798,2.6500000953674316,2.549999952316284,2.609999895095825,24800,0.0,0.0
2024-10-10 00:00:00-04:00,2.369999885559082,2.5399999618530273,2.2799999713897705,2.490000009536743,38100,0.0,0.0
2024-10-11 00:00:00-04:00,2.490000009536743,2.680000066757202,2.490000009536743,2.619999885559082,27200,0.0,0.0
2024-10-14 00:00:00-04:00,2.5799999237060547,2.799999952316284,2.5,2.6500000953674316,50800,0.0,0.0
2024-10-15 00:00:00-04:00,2.6700000762939453,2.7799999713897705,2.628999948501587,2.759999990463257,25300,0.0,0.0
2024-10-16 00:00:00-04:00,2.759999990463257,2.9000000953674316,2.734999895095825,2.819999933242798,21300,0.0,0.0
2024-10-17 00:00:00-04:00,2.8399999141693115,2.880000114440918,2.6649999618530273,2.7799999713897705,9800,0.0,0.0
2024-10-18 00:00:00-04:00,2.7699999809265137,2.799999952316284,2.680000066757202,2.690000057220459,15100,0.0,0.0
2024-10-21 00:00:00-04:00,2.700000047683716,2.75,2.549999952316284,2.549999952316284,54800,0.0,0.0
2024-10-22 00:00:00-04:00,2.5199999809265137,2.700000047683716,2.509999990463257,2.509999990463257,42600,0.0,0.0
2024-10-23 00:00:00-04:00,2.509999990463257,2.619999885559082,2.4600000381469727,2.569999933242798,19000,0.0,0.0
2024-10-24 00:00:00-04:00,2.5799999237060547,2.619999885559082,2.5250000953674316,2.5999999046325684,5700,0.0,0.0
2024-10-25 00:00:00-04:00,2.5999999046325684,2.640000104904175,2.5,2.5,41300,0.0,0.0
2024-10-28 00:00:00-04:00,2.5,2.6500000953674316,2.5,2.619999885559082,25500,0.0,0.0
2024-10-29 00:00:00-04:00,2.630000114440918,2.7200000286102295,2.509999990463257,2.619999885559082,49800,0.0,0.0
2024-10-30 00:00:00-04:00,2.640000104904175,2.744999885559082,2.5999999046325684,2.6700000762939453,12700,0.0,0.0
2024-10-31 00:00:00-04:00,2.6600000858306885,2.7799999713897705,2.559999942779541,2.5999999046325684,18600,0.0,0.0
2024-11-01 00:00:00-04:00,2.630000114440918,2.630000114440918,2.549999952316284,2.549999952316284,9000,0.0,0.0
2024-11-04 00:00:00-05:00,2.5,2.6500000953674316,2.490000009536743,2.559999942779541,75300,0.0,0.0
2024-11-05 00:00:00-05:00,2.549999952316284,2.630000114440918,2.5299999713897705,2.5299999713897705,19900,0.0,0.0
2024-11-06 00:00:00-05:00,2.6700000762939453,2.6700000762939453,2.4800000190734863,2.4800000190734863,11100,0.0,0.0
2024-11-07 00:00:00-05:00,2.5299999713897705,2.549999952316284,2.380000114440918,2.380000114440918,46600,0.0,0.0
2024-11-08 00:00:00-05:00,2.380000114440918,2.380000114440918,1.8860000371932983,2.0899999141693115,143000,0.0,0.0
2024-11-11 00:00:00-05:00,2.049999952316284,2.0950000286102295,1.8209999799728394,1.899999976158142,67300,0.0,0.0
2024-11-12 00:00:00-05:00,1.9199999570846558,2.078000068664551,1.8799999952316284,1.9299999475479126,58300,0.0,0.0
2024-11-13 00:00:00-05:00,1.909999966621399,1.940000057220459,1.8009999990463257,1.9199999570846558,99700,0.0,0.0
2024-11-14 00:00:00-05:00,1.940000057220459,2.0,1.5499999523162842,1.850000023841858,138300,0.0,0.0
2024-11-15 00:00:00-05:00,1.8799999952316284,1.8990000486373901,1.8200000524520874,1.8300000429153442,42400,0.0,0.0
2024-11-18 00:00:00-05:00,1.840000033378601,1.8680000305175781,1.6169999837875366,1.649999976158142,93100,0.0,0.0
2024-11-19 00:00:00-05:00,1.6399999856948853,1.8799999952316284,1.5399999618530273,1.840000033378601,86600,0.0,0.0
2024-11-20 00:00:00-05:00,1.8600000143051147,1.8700000047683716,1.8200000524520874,1.840000033378601,25700,0.0,0.0
2024-11-21 00:00:00-05:00,1.840000033378601,1.8949999809265137,1.8389999866485596,1.850000023841858,25600,0.0,0.0
2024-11-22 00:00:00-05:00,1.8600000143051147,1.8600000143051147,1.7699999809265137,1.850000023841858,95600,0.0,0.0
2024-11-25 00:00:00-05:00,1.840000033378601,1.9700000286102295,1.840000033378601,1.9199999570846558,51500,0.0,0.0
2024-11-26 00:00:00-05:00,1.9199999570846558,1.9700000286102295,1.8700000047683716,1.9199999570846558,56700,0.0,0.0
2024-11-27 00:00:00-05:00,1.940000057220459,1.9600000381469727,1.8899999856948853,1.940000057220459,77900,0.0,0.0
2024-11-29 00:00:00-05:00,1.9500000476837158,2.009999990463257,1.9500000476837158,1.9600000381469727,126000,0.0,0.0
2024-12-02 00:00:00-05:00,2.0,2.299999952316284,1.9900000095367432,2.0299999713897705,112400,0.0,0.0
2024-12-03 00:00:00-05:00,2.049999952316284,2.180000066757202,2.049999952316284,2.130000114440918,133800,0.0,0.0
2024-12-04 00:00:00-05:00,2.119999885559082,2.119999885559082,1.9299999475479126,1.9600000381469727,45300,0.0,0.0
2024-12-05 00:00:00-05:00,1.9500000476837158,2.0899999141693115,1.9299999475479126,2.0399999618530273,149700,0.0,0.0
2024-12-06 00:00:00-05:00,2.059999942779541,2.059999942779541,1.9600000381469727,1.9900000095367432,39500,0.0,0.0
2024-12-09 00:00:00-05:00,1.9700000286102295,2.059999942779541,1.940000057220459,2.0,59700,0.0,0.0
2024-12-10 00:00:00-05:00,2.0,2.009999990463257,1.8700000047683716,1.9700000286102295,75000,0.0,0.0
2024-12-11 00:00:00-05:00,1.9900000095367432,2.0399999618530273,1.9500000476837158,2.0299999713897705,27200,0.0,0.0
2024-12-12 00:00:00-05:00,2.059999942779541,2.059999942779541,1.9199999570846558,1.9199999570846558,42700,0.0,0.0
2024-12-13 00:00:00-05:00,1.9700000286102295,2.049999952316284,1.940000057220459,1.9600000381469727,35700,0.0,0.0
2024-12-16 00:00:00-05:00,1.940000057220459,2.0,1.899999976158142,1.909999966621399,56900,0.0,0.0
2024-12-17 00:00:00-05:00,1.899999976158142,1.9299999475479126,1.7699999809265137,1.7999999523162842,52300,0.0,0.0
2024-12-18 00:00:00-05:00,1.8300000429153442,1.840000033378601,1.6649999618530273,1.6799999475479126,75600,0.0,0.0
2024-12-19 00:00:00-05:00,1.7599999904632568,1.7799999713897705,1.5499999523162842,1.6100000143051147,92600,0.0,0.0
2024-12-20 00:00:00-05:00,1.6299999952316284,1.687999963760376,1.5299999713897705,1.5499999523162842,94700,0.0,0.0
2024-12-23 00:00:00-05:00,1.5700000524520874,1.5800000429153442,1.4199999570846558,1.5399999618530273,83000,0.0,0.0
2024-12-24 00:00:00-05:00,1.5099999904632568,1.6979999542236328,1.5099999904632568,1.6200000047683716,28400,0.0,0.0
2024-12-26 00:00:00-05:00,1.6100000143051147,1.75600004196167,1.5199999809265137,1.5499999523162842,128000,0.0,0.0
2024-12-27 00:00:00-05:00,1.5499999523162842,1.6549999713897705,1.5199999809265137,1.6399999856948853,22300,0.0,0.0
2024-12-30 00:00:00-05:00,1.7200000286102295,1.7200000286102295,1.5199999809265137,1.5499999523162842,110800,0.0,0.0
2024-12-31 00:00:00-05:00,1.600000023841858,1.600000023841858,1.434999942779541,1.5299999713897705,158700,0.0,0.0
2025-01-02 00:00:00-05:00,1.5,1.5360000133514404,1.4500000476837158,1.5,101200,0.0,0.0
2025-01-03 00:00:00-05:00,1.5299999713897705,1.5299999713897705,1.4299999475479126,1.4500000476837158,80800,0.0,0.0
2025-01-06 00:00:00-05:00,1.5499999523162842,1.5499999523162842,1.440000057220459,1.4500000476837158,131700,0.0,0.0
2025-01-07 00:00:00-05:00,1.4600000381469727,1.600000023841858,1.4600000381469727,1.600000023841858,67700,0.0,0.0
2025-01-08 00:00:00-05:00,1.6399999856948853,1.649999976158142,1.4900000095367432,1.5800000429153442,76900,0.0,0.0
2025-01-10 00:00:00-05:00,1.5199999809265137,1.5299999713897705,1.4199999570846558,1.440000057220459,77200,0.0,0.0
2025-01-13 00:00:00-05:00,1.399999976158142,1.4800000190734863,1.3600000143051147,1.4500000476837158,40000,0.0,0.0
2025-01-14 00:00:00-05:00,1.5,1.5099999904632568,1.4299999475479126,1.4500000476837158,52900,0.0,0.0
2025-01-15 00:00:00-05:00,1.4900000095367432,1.5,1.399999976158142,1.399999976158142,46800,0.0,0.0
2025-01-16 00:00:00-05:00,1.399999976158142,1.4600000381469727,1.3600000143051147,1.3899999856948853,20900,0.0,0.0
2025-01-17 00:00:00-05:00,1.399999976158142,1.4500000476837158,1.3899999856948853,1.4299999475479126,14700,0.0,0.0
2025-01-21 00:00:00-05:00,1.4500000476837158,1.4700000286102295,1.4149999618530273,1.4500000476837158,67200,0.0,0.0
2025-01-22 00:00:00-05:00,1.4299999475479126,1.4800000190734863,1.3200000524520874,1.3300000429153442,88400,0.0,0.0
2025-01-23 00:00:00-05:00,1.340000033378601,1.4190000295639038,1.2300000190734863,1.2699999809265137,382200,0.0,0.0
2025-01-24 00:00:00-05:00,1.409999966621399,1.4700000286102295,1.309999942779541,1.3899999856948853,191200,0.0,0.0
2025-01-27 00:00:00-05:00,1.409999966621399,1.4700000286102295,1.350000023841858,1.399999976158142,94000,0.0,0.0
2025-01-28 00:00:00-05:00,1.399999976158142,1.4290000200271606,1.350000023841858,1.3899999856948853,64400,0.0,0.0
2025-01-29 00:00:00-05:00,1.399999976158142,1.4249999523162842,1.3200000524520874,1.350000023841858,119600,0.0,0.0
2025-01-30 00:00:00-05:00,1.3300000429153442,1.399999976158142,1.25,1.25,157500,0.0,0.0
2025-01-31 00:00:00-05:00,1.2599999904632568,1.3200000524520874,1.2599999904632568,1.2799999713897705,59300,0.0,0.0
2025-02-03 00:00:00-05:00,1.25,1.2899999618530273,1.2100000381469727,1.25,119700,0.0,0.0
2025-02-04 00:00:00-05:00,1.2100000381469727,1.3600000143051147,1.190000057220459,1.350000023841858,84300,0.0,0.0
2025-02-05 00:00:00-05:00,1.350000023841858,1.350000023841858,1.25,1.2699999809265137,50600,0.0,0.0
2025-02-06 00:00:00-05:00,1.2899999618530273,1.309999942779541,1.2300000190734863,1.25,53700,0.0,0.0
2025-02-07 00:00:00-05:00,1.2400000095367432,1.25,1.1150000095367432,1.1699999570846558,160300,0.0,0.0
2025-02-10 00:00:00-05:00,1.159999966621399,1.2089999914169312,1.159999966621399,1.190000057220459,61100,0.0,0.0
2025-02-11 00:00:00-05:00,1.1799999475479126,1.2000000476837158,1.159999966621399,1.190000057220459,73500,0.0,0.0
2025-02-12 00:00:00-05:00,1.1959999799728394,1.2000000476837158,1.159999966621399,1.159999966621399,29300,0.0,0.0
2025-02-13 00:00:00-05:00,1.190000057220459,1.2690000534057617,1.159999966621399,1.190000057220459,76000,0.0,0.0
2025-02-14 00:00:00-05:00,1.2100000381469727,1.2799999713897705,1.1699999570846558,1.2000000476837158,95900,0.0,0.0
2025-02-18 00:00:00-05:00,1.2300000190734863,1.2799999713897705,1.1799999475479126,1.1799999475479126,73800,0.0,0.0
2025-02-19 00:00:00-05:00,1.1699999570846558,1.2200000286102295,1.159999966621399,1.2000000476837158,54000,0.0,0.0
2025-02-20 00:00:00-05:00,1.190000057220459,1.2400000095367432,1.121000051498413,1.149999976158142,56600,0.0,0.0
2025-02-21 00:00:00-05:00,1.1799999475479126,1.190000057220459,1.1230000257492065,1.149999976158142,40400,0.0,0.0
2025-02-24 00:00:00-05:00,1.159999966621399,1.190000057220459,1.0399999618530273,1.090000033378601,162200,0.0,0.0
2025-02-25 00:00:00-05:00,1.1200000047683716,1.1200000047683716,1.0099999904632568,1.0299999713897705,96600,0.0,0.0
2025-02-26 00:00:00-05:00,1.0800000429153442,1.0800000429153442,0.9729999899864197,1.0199999809265137,101300,0.0,0.0
2025-02-27 00:00:00-05:00,1.0099999904632568,1.0700000524520874,0.949999988079071,1.0399999618530273,56700,0.0,0.0
2025-02-28 00:00:00-05:00,1.0299999713897705,1.0399999618530273,0.9700000286102295,1.0,57600,0.0,0.0
2025-03-03 00:00:00-05:00,1.0199999809265137,1.034999966621399,0.8870000243186951,0.902999997138977,170400,0.0,0.0
2025-03-04 00:00:00-05:00,0.9340000152587891,0.9700000286102295,0.8840000033378601,0.8999999761581421,123400,0.0,0.0
2025-03-05 00:00:00-05:00,0.9380000233650208,0.9380000233650208,0.8799999952316284,0.890999972820282,82400,0.0,0.0
2025-03-06 00:00:00-05:00,0.9120000004768372,0.9200000166893005,0.8360000252723694,0.8360000252723694,50100,0.0,0.0
2025-03-07 00:00:00-05:00,0.8569999933242798,0.8569999933242798,0.7210000157356262,0.7720000147819519,252400,0.0,0.0
2025-03-10 00:00:00-04:00,0.7990000247955322,0.800000011920929,0.6980000138282776,0.7210000157356262,103100,0.0,0.0
2025-03-11 00:00:00-04:00,0.7559999823570251,0.8090000152587891,0.75,0.7979999780654907,91700,0.0,0.0
2025-03-12 00:00:00-04:00,0.8230000138282776,0.8600000143051147,0.7490000128746033,0.753000020980835,112300,0.0,0.0
2025-03-13 00:00:00-04:00,0.8009999990463257,0.8700000047683716,0.699999988079071,0.800000011920929,156300,0.0,0.0
2025-03-14 00:00:00-04:00,0.8999999761581421,0.8999999761581421,0.8130000233650208,0.8849999904632568,156900,0.0,0.0
2025-03-17 00:00:00-04:00,0.8999999761581421,0.9179999828338623,0.8199999928474426,0.890999972820282,87600,0.0,0.0
2025-03-18 00:00:00-04:00,1.0,1.0399999618530273,0.847000002861023,0.8899999856948853,145700,0.0,0.0
2025-03-19 00:00:00-04:00,0.9649999737739563,0.9750000238418579,0.8999999761581421,0.9300000071525574,47700,0.0,0.0
2025-03-20 00:00:00-04:00,0.9300000071525574,0.9599999785423279,0.9300000071525574,0.9300000071525574,35000,0.0,0.0
2025-03-21 00:00:00-04:00,0.949999988079071,1.0199999809265137,0.949999988079071,0.9800000190734863,50000,0.0,0.0
2025-03-24 00:00:00-04:00,1.0199999809265137,1.0199999809265137,0.9800000190734863,1.0,25300,0.0,0.0
2025-03-25 00:00:00-04:00,1.0,1.0199999809265137,0.9829999804496765,0.9829999804496765,78000,0.0,0.0
2025-03-26 00:00:00-04:00,1.0199999809265137,1.0199999809265137,0.9700000286102295,1.0,10700,0.0,0.0
2025-03-27 00:00:00-04:00,0.9800000190734863,0.9800000190734863,0.9599999785423279,0.9629999995231628,14100,0.0,0.0
2025-03-28 00:00:00-04:00,0.9700000286102295,0.9860000014305115,0.8999999761581421,0.9100000262260437,32200,0.0,0.0
2025-03-31 00:00:00-04:00,0.9399999976158142,0.9900000095367432,0.8799999952316284,0.8820000290870667,27400,0.0,0.0
2025-04-01 00:00:00-04:00,0.7260000109672546,0.8500000238418579,0.699999988079071,0.7799999713897705,220300,0.0,0.0
2025-04-02 00:00:00-04:00,0.7599999904632568,0.8190000057220459,0.7400000095367432,0.7620000243186951,32100,0.0,0.0
2025-04-03 00:00:00-04:00,0.7200000286102295,0.8299999833106995,0.7200000286102295,0.75,58100,0.0,0.0
2025-04-04 00:00:00-04:00,0.75,0.8479999899864197,0.7229999899864197,0.7400000095367432,39100,0.0,0.0
2025-04-07 00:00:00-04:00,0.7699999809265137,0.8259999752044678,0.7120000123977661,0.7739999890327454,51700,0.0,0.0
2025-04-08 00:00:00-04:00,0.7799999713897705,0.8100000023841858,0.7080000042915344,0.7670000195503235,56500,0.0,0.0
2025-04-09 00:00:00-04:00,0.7699999809265137,0.8980000019073486,0.7400000095367432,0.7450000047683716,36000,0.0,0.0
2025-04-10 00:00:00-04:00,0.75,0.7699999809265137,0.7210000157356262,0.722000002861023,22400,0.0,0.0
2025-04-11 00:00:00-04:00,0.8220000267028809,0.8220000267028809,0.7099999785423279,0.7689999938011169,30300,0.0,0.0
2025-04-14 00:00:00-04:00,0.7599999904632568,0.7990000247955322,0.7200000286102295,0.7609999775886536,18600,0.0,0.0
2025-04-15 00:00:00-04:00,0.7990000247955322,0.800000011920929,0.7400000095367432,0.7409999966621399,24600,0.0,0.0
2025-04-16 00:00:00-04:00,0.6499999761581421,0.7739999890327454,0.6499999761581421,0.7080000042915344,141900,0.0,0.0
2025-04-17 00:00:00-04:00,0.722000002861023,0.800000011920929,0.722000002861023,0.7599999904632568,63300,0.0,0.0
2025-04-21 00:00:00-04:00,0.7599999904632568,0.7799999713897705,0.75,0.75,37600,0.0,0.0
2025-04-22 00:00:00-04:00,0.75,0.7799999713897705,0.7300000190734863,0.7799999713897705,33700,0.0,0.0
2025-04-23 00:00:00-04:00,0.7749999761581421,0.7870000004768372,0.7329999804496765,0.7870000004768372,17100,0.0,0.0
2025-04-24 00:00:00-04:00,0.7710000276565552,0.8650000095367432,0.7509999871253967,0.843999981880188,24100,0.0,0.0
2025-04-25 00:00:00-04:00,0.8299999833106995,0.843999981880188,0.777999997138977,0.7799999713897705,27400,0.0,0.0
2025-04-28 00:00:00-04:00,0.7639999985694885,0.8199999928474426,0.7609999775886536,0.7699999809265137,2500,0.0,0.0
2025-04-29 00:00:00-04:00,0.7599999904632568,0.800000011920929,0.7599999904632568,0.800000011920929,3100,0.0,0.0
2025-04-30 00:00:00-04:00,0.7710000276565552,0.8050000071525574,0.7710000276565552,0.7799999713897705,4200,0.0,0.0
2025-05-01 00:00:00-04:00,0.7799999713897705,0.800000011920929,0.7699999809265137,0.7799999713897705,12000,0.0,0.0
2025-05-02 00:00:00-04:00,0.7900000214576721,0.8299999833106995,0.7720000147819519,0.8299999833106995,34900,0.0,0.0
2025-05-05 00:00:00-04:00,0.7900000214576721,0.8399999737739563,0.7900000214576721,0.8100000023841858,29900,0.0,0.0
2025-05-06 00:00:00-04:00,0.8199999928474426,0.9200000166893005,0.8100000023841858,0.8999999761581421,36800,0.0,0.0
2025-05-07 00:00:00-04:00,0.8820000290870667,0.8970000147819519,0.8100000023841858,0.8299999833106995,26200,0.0,0.0
2025-05-08 00:00:00-04:00,0.8100000023841858,0.8700000047683716,0.8100000023841858,0.8500000238418579,11600,0.0,0.0
2025-05-09 00:00:00-04:00,0.7900000214576721,0.9100000262260437,0.7900000214576721,0.8199999928474426,16500,0.0,0.0
2025-05-12 00:00:00-04:00,0.8899999856948853,0.9200000166893005,0.859000027179718,0.9200000166893005,57100,0.0,0.0
2025-05-13 00:00:00-04:00,0.9200000166893005,0.9890000224113464,0.8999999761581421,0.9580000042915344,78200,0.0,0.0
2025-05-14 00:00:00-04:00,1.0299999713897705,1.2619999647140503,1.0299999713897705,1.2400000095367432,191500,0.0,0.0
2025-05-15 00:00:00-04:00,1.2200000286102295,1.2200000286102295,1.0299999713897705,1.0449999570846558,48600,0.0,0.0
2025-05-16 00:00:00-04:00,1.0299999713897705,1.2699999809265137,1.0299999713897705,1.159999966621399,114200,0.0,0.0
2025-05-19 00:00:00-04:00,1.2699999809265137,1.3200000524520874,1.149999976158142,1.25,304000,0.0,0.0
2025-05-20 00:00:00-04:00,1.2230000495910645,1.2300000190734863,1.2050000429153442,1.2100000381469727,14500,0.0,0.0
2025-05-21 00:00:00-04:00,1.2300000190734863,1.2999999523162842,1.1200000047683716,1.1200000047683716,44100,0.0,0.0
2025-05-22 00:00:00-04:00,1.1150000095367432,1.2000000476837158,1.1150000095367432,1.1749999523162842,9500,0.0,0.0
2025-05-23 00:00:00-04:00,1.1699999570846558,1.2599999904632568,1.1200000047683716,1.2000000476837158,57500,0.0,0.0
2025-05-27 00:00:00-04:00,1.2000000476837158,1.2330000400543213,1.1299999952316284,1.1799999475479126,35900,0.0,0.0
2025-05-28 00:00:00-04:00,1.184999942779541,1.2100000381469727,1.1299999952316284,1.159999966621399,43900,0.0,0.0
2025-05-29 00:00:00-04:00,1.1699999570846558,1.3300000429153442,1.159999966621399,1.25,62100,0.0,0.0
2025-05-30 00:00:00-04:00,1.25,1.2799999713897705,1.1799999475479126,1.2000000476837158,19400,0.0,0.0
2025-06-02 00:00:00-04:00,1.2100000381469727,1.340000033378601,1.2009999752044678,1.2999999523162842,52600,0.0,0.0
2025-06-03 00:00:00-04:00,1.5299999713897705,1.559999942779541,1.25600004196167,1.2799999713897705,301700,0.0,0.0
2025-06-04 00:00:00-04:00,1.2999999523162842,1.4140000343322754,1.2699999809265137,1.2799999713897705,60300,0.0,0.0
2025-06-05 00:00:00-04:00,1.309999942779541,1.309999942779541,1.2350000143051147,1.2699999809265137,14400,0.0,0.0
2025-06-06 00:00:00-04:00,1.2599999904632568,1.2999999523162842,1.25,1.25,15900,0.0,0.0
2025-06-09 00:00:00-04:00,1.2799999713897705,1.3700000047683716,1.25,1.25,54500,0.0,0.0
2025-06-10 00:00:00-04:00,1.2799999713897705,1.309999942779541,1.2699999809265137,1.2699999809265137,14400,0.0,0.0
2025-06-11 00:00:00-04:00,1.2799999713897705,1.350000023841858,1.2799999713897705,1.2899999618530273,84500,0.0,0.0
2025-06-12 00:00:00-04:00,1.2599999904632568,1.3600000143051147,1.2100000381469727,1.2200000286102295,77300,0.0,0.0
2025-06-13 00:00:00-04:00,1.2100000381469727,1.2599999904632568,1.2100000381469727,1.2100000381469727,65400,0.0,0.0
2025-06-16 00:00:00-04:00,1.2400000095367432,1.2400000095367432,1.149999976158142,1.159999966621399,103200,0.0,0.0
2025-06-17 00:00:00-04:00,1.159999966621399,1.190000057220459,1.1109999418258667,1.1299999952316284,32300,0.0,0.0
2025-06-18 00:00:00-04:00,1.1299999952316284,1.1299999952316284,1.031000018119812,1.0700000524520874,70500,0.0,0.0
2025-06-20 00:00:00-04:00,1.059999942779541,1.100000023841858,1.0199999809265137,1.0199999809265137,58200,0.0,0.0
2025-06-23 00:00:00-04:00,0.949999988079071,1.0199999809265137,0.949999988079071,0.949999988079071,48800,0.0,0.0
2025-06-24 00:00:00-04:00,0.9700000286102295,1.0099999904632568,0.949999988079071,1.0099999904632568,98000,0.0,0.0
2025-06-25 00:00:00-04:00,1.0299999713897705,1.059999942779541,0.9900000095367432,1.0199999809265137,81100,0.0,0.0
2025-06-26 00:00:00-04:00,1.0299999713897705,1.149999976158142,1.0299999713897705,1.1200000047683716,70200,0.0,0.0
2025-06-27 00:00:00-04:00,1.1399999856948853,1.2100000381469727,1.1399999856948853,1.1699999570846558,271800,0.0,0.0
2025-06-30 00:00:00-04:00,1.1799999475479126,1.2899999618530273,1.1799999475479126,1.2400000095367432,75800,0.0,0.0
2025-07-01 00:00:00-04:00,1.2400000095367432,1.4299999475479126,1.2400000095367432,1.3899999856948853,110000,0.0,0.0
2025-07-02 00:00:00-04:00,1.3899999856948853,1.4700000286102295,1.350000023841858,1.4600000381469727,65900,0.0,0.0
2025-07-03 00:00:00-04:00,1.3799999952316284,1.4700000286102295,1.3799999952316284,1.409999966621399,92900,0.0,0.0
2025-07-07 00:00:00-04:00,1.399999976158142,1.4529999494552612,1.25,1.2799999713897705,177200,0.0,0.0
2025-07-08 00:00:00-04:00,1.2799999713897705,1.3899999856948853,1.2799999713897705,1.350000023841858,84800,0.0,0.0
2025-07-09 00:00:00-04:00,1.350000023841858,1.3630000352859497,1.2710000276565552,1.309999942779541,55400,0.0,0.0
2025-07-10 00:00:00-04:00,1.3300000429153442,1.3899999856948853,1.2999999523162842,1.3200000524520874,55400,0.0,0.0
2025-07-11 00:00:00-04:00,1.2999999523162842,1.3300000429153442,1.2400000095367432,1.2400000095367432,93400,0.0,0.0
2025-07-14 00:00:00-04:00,1.2699999809265137,1.3600000143051147,1.2400000095367432,1.2599999904632568,55100,0.0,0.0
2025-07-15 00:00:00-04:00,1.2300000190734863,1.2890000343322754,1.2100000381469727,1.2699999809265137,133100,0.0,0.0
2025-07-16 00:00:00-04:00,1.2799999713897705,1.3969999551773071,1.2799999713897705,1.3700000047683716,189700,0.0,0.0
2025-07-17 00:00:00-04:00,1.3700000047683716,1.4199999570846558,1.309999942779541,1.3600000143051147,157500,0.0,0.0
2025-07-18 00:00:00-04:00,1.340000033378601,1.4010000228881836,1.2599999904632568,1.3300000429153442,117100,0.0,0.0
2025-07-21 00:00:00-04:00,1.3200000524520874,1.559000015258789,1.2100000381469727,1.4900000095367432,330400,0.0,0.0
2025-07-22 00:00:00-04:00,1.4800000190734863,1.649999976158142,1.4420000314712524,1.590000033378601,342500,0.0,0.0
2025-07-23 00:00:00-04:00,1.5800000429153442,1.687999963760376,1.409999966621399,1.4199999570846558,193300,0.0,0.0
2025-07-24 00:00:00-04:00,1.4199999570846558,1.440000057220459,1.3799999952316284,1.409999966621399,203000,0.0,0.0
2025-07-25 00:00:00-04:00,1.409999966621399,1.555999994277954,1.3700000047683716,1.5449999570846558,177000,0.0,0.0
2025-07-28 00:00:00-04:00,1.5800000429153442,1.75,1.5499999523162842,1.590000033378601,168200,0.0,0.0
2025-07-29 00:00:00-04:00,1.5700000524520874,1.6200000047683716,1.2599999904632568,1.2999999523162842,148100,0.0,0.0
2025-07-30 00:00:00-04:00,1.340000033378601,1.3600000143051147,1.2000000476837158,1.2300000190734863,174500,0.0,0.0
2025-07-31 00:00:00-04:00,1.2400000095367432,1.25,1.1299999952316284,1.1299999952316284,82000,0.0,0.0
2025-08-01 00:00:00-04:00,1.100000023841858,1.1699999570846558,1.0499999523162842,1.1399999856948853,108500,0.0,0.0
2025-08-04 00:00:00-04:00,1.100000023841858,1.190000057220459,1.0700000524520874,1.159999966621399,73900,0.0,0.0
2025-08-05 00:00:00-04:00,1.149999976158142,1.2200000286102295,1.1460000276565552,1.2000000476837158,55800,0.0,0.0
2025-08-06 00:00:00-04:00,1.2100000381469727,1.2400000095367432,1.1979999542236328,1.2400000095367432,48300,0.0,0.0
2025-08-07 00:00:00-04:00,1.2400000095367432,1.2999999523162842,1.2050000429153442,1.2100000381469727,125800,0.0,0.0
2025-08-08 00:00:00-04:00,1.2300000190734863,1.340000033378601,1.2300000190734863,1.3200000524520874,136900,0.0,0.0
2025-08-11 00:00:00-04:00,1.2999999523162842,1.3799999952316284,1.2999999523162842,1.3600000143051147,83200,0.0,0.0
2025-08-12 00:00:00-04:00,1.3899999856948853,1.5,1.3799999952316284,1.440000057220459,221300,0.0,0.0
2025-08-13 00:00:00-04:00,1.3899999856948853,1.4800000190734863,1.2799999713897705,1.2999999523162842,143400,0.0,0.0
2025-08-14 00:00:00-04:00,1.2899999618530273,1.2999999523162842,1.1699999570846558,1.1699999570846558,140900,0.0,0.0
2025-08-15 00:00:00-04:00,1.2200000286102295,1.2380000352859497,1.0800000429153442,1.2200000286102295,344700,0.0,0.0
2025-08-18 00:00:00-04:00,1.25,1.3600000143051147,1.1790000200271606,1.350000023841858,238400,0.0,0.0
2025-08-19 00:00:00-04:00,1.3200000524520874,1.340000033378601,1.25,1.2599999904632568,45600,0.0,0.0
2025-08-20 00:00:00-04:00,1.2300000190734863,1.25,1.2000000476837158,1.2100000381469727,68900,0.0,0.0
2025-08-21 00:00:00-04:00,1.2200000286102295,1.2649999856948853,1.1799999475479126,1.2000000476837158,51000,0.0,0.0
2025-08-22 00:00:00-04:00,1.187000036239624,1.600000023841858,1.187000036239624,1.5,561600,0.0,0.0
2025-08-25 00:00:00-04:00,1.4900000095367432,3.0899999141693115,1.4600000381469727,2.0999999046325684,15695900,0.0,0.0
2025-08-26 00:00:00-04:00,2.119999885559082,2.3350000381469727,1.899999976158142,1.9299999475479126,1456300,0.0,0.0
2025-08-27 00:00:00-04:00,1.8899999856948853,1.9700000286102295,1.7200000286102295,1.7200000286102295,379400,0.0,0.0
2025-08-28 00:00:00-04:00,1.7400000095367432,2.5360000133514404,1.7300000190734863,2.299999952316284,3535000,0.0,0.0
2025-08-29 00:00:00-04:00,2.119999885559082,2.200000047683716,1.940000057220459,1.9900000095367432,687800,0.0,0.0
2025-09-02 00:00:00-04:00,2.0,2.140000104904175,1.8650000095367432,2.0299999713897705,344300,0.0,0.0
2025-09-03 00:00:00-04:00,2.009999990463257,2.072000026702881,1.909999966621399,1.9800000190734863,165900,0.0,0.0
2025-09-04 00:00:00-04:00,2.0,2.0299999713897705,1.7699999809265137,1.850000023841858,350900,0.0,0.0
2025-09-05 00:00:00-04:00,1.8300000429153442,2.25,1.8300000429153442,1.9700000286102295,566400,0.0,0.0
2025-09-08 00:00:00-04:00,2.0,2.1700000762939453,1.9299999475479126,1.9500000476837158,526300,0.0,0.0
2025-09-09 00:00:00-04:00,1.899999976158142,1.934000015258789,1.7999999523162842,1.8200000524520874,228800,0.0,0.0
2025-09-10 00:00:00-04:00,1.899999976158142,2.390000104904175,1.899999976158142,2.369999885559082,1515700,0.0,0.0
2025-09-11 00:00:00-04:00,2.5999999046325684,2.9800000190734863,2.4200000762939453,2.8399999141693115,1564600,0.0,0.0
2025-09-12 00:00:00-04:00,2.8399999141693115,2.9700000286102295,2.609999895095825,2.819999933242798,783500,0.0,0.0
2025-09-15 00:00:00-04:00,3.0,3.0899999141693115,2.740000009536743,2.8299999237060547,653900,0.0,0.0
2025-09-16 00:00:00-04:00,2.799999952316284,2.8299999237060547,2.549999952316284,2.75,476400,0.0,0.0
2025-09-17 00:00:00-04:00,2.75,3.369999885559082,2.549999952316284,2.630000114440918,1659900,0.0,0.0
2025-09-18 00:00:00-04:00,2.7100000381469727,2.7929999828338623,2.3550000190734863,2.4000000953674316,1013400,0.0,0.0
2025-09-19 00:00:00-04:00,2.069999933242798,2.0999999046325684,1.850000023841858,2.0,2650200,0.0,0.0
2025-09-22 00:00:00-04:00,2.0399999618530273,2.0799999237060547,1.8949999809265137,1.9199999570846558,1091700,0.0,0.0
2025-09-23 00:00:00-04:00,1.9500000476837158,2.2890000343322754,1.9500000476837158,2.0799999237060547,1303700,0.0,0.0
2025-09-24 00:00:00-04:00,2.109999895095825,2.2300000190734863,2.0299999713897705,2.1700000762939453,751500,0.0,0.0
2025-09-25 00:00:00-04:00,2.1600000858306885,2.200000047683716,2.059999942779541,2.0799999237060547,573500,0.0,0.0
2025-09-26 00:00:00-04:00,2.0999999046325684,2.117000102996826,1.9199999570846558,1.9500000476837158,469600,0.0,0.0
2025-09-29 00:00:00-04:00,1.9600000381469727,1.9900000095367432,1.850000023841858,1.8799999952316284,396100,0.0,0.0
2025-09-30 00:00:00-04:00,1.8600000143051147,1.899999976158142,1.7599999904632568,1.7999999523162842,329000,0.0,0.0
2025-10-01 00:00:00-04:00,1.7300000190734863,1.8300000429153442,1.7300000190734863,1.7400000095367432,245800,0.0,0.0
2025-10-02 00:00:00-04:00,1.809999942779541,1.940000057220459,1.7699999809265137,1.8600000143051147,463800,0.0,0.0
2025-10-03 00:00:00-04:00,1.899999976158142,1.9149999618530273,1.7599999904632568,1.7999999523162842,269900,0.0,0.0
2025-10-06 00:00:00-04:00,1.7400000095367432,1.8200000524520874,1.659999966621399,1.75,320800,0.0,0.0
2025-10-07 00:00:00-04:00,1.7699999809265137,1.809999942779541,1.6699999570846558,1.690000057220459,318200,0.0,0.0
2025-10-08 00:00:00-04:00,1.6799999475479126,1.7400000095367432,1.649999976158142,1.7200000286102295,171900,0.0,0.0
2025-10-09 00:00:00-04:00,1.7699999809265137,1.7699999809265137,1.659999966621399,1.690000057220459,169300,0.0,0.0
2025-10-10 00:00:00-04:00,1.690000057220459,1.7799999713897705,1.5700000524520874,1.5800000429153442,266900,0.0,0.0
2025-10-13 00:00:00-04:00,1.6299999952316284,1.6990000009536743,1.5299999713897705,1.6100000143051147,140900,0.0,0.0
2025-10-14 00:00:00-04:00,1.590000033378601,1.840000033378601,1.559999942779541,1.7799999713897705,577700,0.0,0.0
2025-10-15 00:00:00-04:00,1.8600000143051147,1.909999966621399,1.694000005722046,1.7100000381469727,464000,0.0,0.0
2025-10-16 00:00:00-04:00,1.8300000429153442,1.9199999570846558,1.7070000171661377,1.7599999904632568,476100,0.0,0.0
2025-10-17 00:00:00-04:00,1.6799999475479126,1.7699999809265137,1.659999966621399,1.659999966621399,241300,0.0,0.0
2025-10-20 00:00:00-04:00,1.6799999475479126,1.75,1.659999966621399,1.7100000381469727,153500,0.0,0.0
2025-10-21 00:00:00-04:00,1.690000057220459,1.75,1.6399999856948853,1.659999966621399,94700,0.0,0.0
2025-10-22 00:00:00-04:00,1.6799999475479126,1.6799999475479126,1.5399999618530273,1.5700000524520874,127300,0.0,0.0
2025-10-23 00:00:00-04:00,1.5700000524520874,1.6200000047683716,1.5700000524520874,1.600000023841858,57100,0.0,0.0
2025-10-24 00:00:00-04:00,1.649999976158142,1.840000033378601,1.6200000047683716,1.7400000095367432,174000,0.0,0.0
2025-10-27 00:00:00-04:00,1.7599999904632568,1.7799999713897705,1.6799999475479126,1.7100000381469727,181600,0.0,0.0
2025-10-28 00:00:00-04:00,1.659999966621399,1.7400000095367432,1.6100000143051147,1.6299999952316284,135800,0.0,0.0
2025-10-29 00:00:00-04:00,1.6399999856948853,1.649999976158142,1.4800000190734863,1.5199999809265137,212500,0.0,0.0
2025-10-30 00:00:00-04:00,1.5199999809265137,1.5399999618530273,1.3899999856948853,1.4199999570846558,228300,0.0,0.0
2025-10-31 00:00:00-04:00,1.4199999570846558,1.4700000286102295,1.3700000047683716,1.4299999475479126,111000,0.0,0.0
2025-11-03 00:00:00-05:00,1.3899999856948853,1.440000057220459,1.3300000429153442,1.3899999856948853,172600,0.0,0.0
2025-11-04 00:00:00-05:00,1.309999942779541,1.4149999618530273,1.2799999713897705,1.309999942779541,158200,0.0,0.0
2025-11-05 00:00:00-05:00,1.350000023841858,1.350000023841858,1.2300000190734863,1.2699999809265137,212100,0.0,0.0
2025-11-06 00:00:00-05:00,1.2999999523162842,1.2999999523162842,1.1799999475479126,1.1799999475479126,189400,0.0,0.0
2025-11-07 00:00:00-05:00,1.1799999475479126,1.2799999713897705,1.149999976158142,1.25,156400,0.0,0.0
2025-11-10 00:00:00-05:00,1.3200000524520874,1.3899999856948853,1.0499999523162842,1.2899999618530273,265900,0.0,0.0
2025-11-11 00:00:00-05:00,1.3200000524520874,1.5099999904632568,1.2999999523162842,1.4900000095367432,446900,0.0,0.0
2025-11-12 00:00:00-05:00,1.309999942779541,1.4049999713897705,1.2200000286102295,1.2300000190734863,288600,0.0,0.0
2025-11-13 00:00:00-05:00,1.2200000286102295,1.25,1.0700000524520874,1.090000033378601,327500,0.0,0.0
2025-11-14 00:00:00-05:00,1.1100000143051147,1.1399999856948853,1.0119999647140503,1.0199999809265137,411500,0.0,0.0
2025-11-17 00:00:00-05:00,1.0399999618530273,1.1299999952316284,1.0199999809265137,1.090000033378601,171500,0.0,0.0
2025-11-18 00:00:00-05:00,1.0800000429153442,1.100000023841858,1.0399999618530273,1.100000023841858,117700,0.0,0.0
2025-11-19 00:00:00-05:00,1.100000023841858,1.1100000143051147,1.059999942779541,1.090000033378601,112600,0.0,0.0
2025-11-20 00:00:00-05:00,1.1200000047683716,1.190000057220459,1.059999942779541,1.059999942779541,79400,0.0,0.0
2025-11-21 00:00:00-05:00,1.090000033378601,1.1749999523162842,1.0399999618530273,1.1699999570846558,182300,0.0,0.0
2025-11-24 00:00:00-05:00,1.159999966621399,1.2799999713897705,1.159999966621399,1.2599999904632568,125800,0.0,0.0
2025-11-25 00:00:00-05:00,1.3200000524520874,1.3300000429153442,1.2300000190734863,1.25,120600,0.0,0.0
2025-11-26 00:00:00-05:00,1.25,1.2999999523162842,1.1799999475479126,1.25,232000,0.0,0.0
2025-11-28 00:00:00-05:00,1.25,1.3200000524520874,1.25,1.2899999618530273,32000,0.0,0.0
2025-12-01 00:00:00-05:00,1.25,1.2599999904632568,1.1799999475479126,1.2000000476837158,87900,0.0,0.0
2025-12-02 00:00:00-05:00,1.2000000476837158,1.2200000286102295,1.159999966621399,1.1799999475479126,33700,0.0,0.0
2025-12-03 00:00:00-05:00,1.2000000476837158,1.25,1.2000000476837158,1.2300000190734863,107500,0.0,0.0
2025-12-04 00:00:00-05:00,1.2100000381469727,1.2200000286102295,1.190000057220459,1.2100000381469727,107600,0.0,0.0
2025-12-05 00:00:00-05:00,1.2200000286102295,1.25,1.190000057220459,1.190000057220459,64700,0.0,0.0
2025-12-08 00:00:00-05:00,1.2000000476837158,1.2280000448226929,1.159999966621399,1.1699999570846558,33200,0.0,0.0
2025-12-09 00:00:00-05:00,1.159999966621399,1.2100000381469727,1.159999966621399,1.2000000476837158,79900,0.0,0.0
2025-12-10 00:00:00-05:00,1.2100000381469727,1.2599999904632568,1.1699999570846558,1.2200000286102295,67800,0.0,0.0
2025-12-11 00:00:00-05:00,1.2000000476837158,1.25,1.2000000476837158,1.2200000286102295,80900,0.0,0.0
2025-12-12 00:00:00-05:00,1.2000000476837158,1.2699999809265137,1.190000057220459,1.2400000095367432,60900,0.0,0.0
2025-12-15 00:00:00-05:00,1.25,1.25,1.1100000143051147,1.1200000047683716,121700,0.0,0.0
2025-12-16 00:00:00-05:00,1.100000023841858,1.1200000047683716,1.065000057220459,1.0800000429153442,67700,0.0,0.0
2025-12-17 00:00:00-05:00,1.090000033378601,1.1030000448226929,1.034999966621399,1.0499999523162842,87800,0.0,0.0
2025-12-18 00:00:00-05:00,1.059999942779541,1.1720000505447388,1.059999942779541,1.1399999856948853,55500,0.0,0.0
2025-12-19 00:00:00-05:00,1.1399999856948853,1.1399999856948853,1.0800000429153442,1.090000033378601,120400,0.0,0.0
2025-12-22 00:00:00-05:00,1.090000033378601,1.100000023841858,1.0299999713897705,1.0299999713897705,126800,0.0,0.0
2025-12-23 00:00:00-05:00,1.0499999523162842,1.0750000476837158,0.9800000190734863,0.996999979019165,136900,0.0,0.0
2025-12-24 00:00:00-05:00,1.0,1.1100000143051147,1.0,1.0700000524520874,138400,0.0,0.0
2025-12-26 00:00:00-05:00,1.0399999618530273,1.149999976158142,1.0399999618530273,1.100000023841858,41900,0.0,0.0
2025-12-29 00:00:00-05:00,1.090000033378601,1.090000033378601,1.0299999713897705,1.0499999523162842,201800,0.0,0.0
2025-12-30 00:00:00-05:00,1.0499999523162842,1.0750000476837158,1.0299999713897705,1.0399999618530273,80600,0.0,0.0
2025-12-31 00:00:00-05:00,1.0399999618530273,1.0679999589920044,0.8600000143051147,1.0099999904632568,279000,0.0,0.0
2026-01-02 00:00:00-05:00,1.0299999713897705,1.031999945640564,0.8600000143051147,0.921999990940094,261300,0.0,0.0
2026-01-05 00:00:00-05:00,0.8999999761581421,0.9700000286102295,0.8999999761581421,0.9200000166893005,141000,0.0,0.0
2026-01-06 00:00:00-05:00,0.9200000166893005,1.0,0.9200000166893005,1.0,107400,0.0,0.0
2026-01-07 00:00:00-05:00,0.9750000238418579,1.1699999570846558,0.9610000252723694,1.1399999856948853,348300,0.0,0.0
2026-01-08 00:00:00-05:00,1.159999966621399,1.3899999856948853,1.159999966621399,1.2999999523162842,924100,0.0,0.0
2026-01-09 00:00:00-05:00,1.4500000476837158,1.5199999809265137,1.25,1.3200000524520874,743900,0.0,0.0
2026-01-12 00:00:00-05:00,1.3700000047683716,1.399999976158142,1.2300000190734863,1.3799999952316284,352200,0.0,0.0
2026-01-13 00:00:00-05:00,1.3899999856948853,1.4299999475479126,1.3079999685287476,1.3899999856948853,142700,0.0,0.0
2026-01-14 00:00:00-05:00,1.409999966621399,1.409999966621399,1.2799999713897705,1.2999999523162842,135000,0.0,0.0
2026-01-15 00:00:00-05:00,1.3200000524520874,1.347000002861023,1.25,1.2999999523162842,102700,0.0,0.0
2026-01-16 00:00:00-05:00,1.2999999523162842,1.3799999952316284,1.2200000286102295,1.309999942779541,300800,0.0,0.0
2026-01-20 00:00:00-05:00,1.2599999904632568,1.375,1.2599999904632568,1.2999999523162842,95200,0.0,0.0
2026-01-21 00:00:00-05:00,1.309999942779541,1.350000023841858,1.2599999904632568,1.2899999618530273,199400,0.0,0.0
2026-01-22 00:00:00-05:00,1.309999942779541,1.4500000476837158,1.2949999570846558,1.399999976158142,286200,0.0,0.0
2026-01-23 00:00:00-05:00,1.399999976158142,1.4199999570846558,1.350000023841858,1.350000023841858,116700,0.0,0.0
2026-01-26 00:00:00-05:00,1.3300000429153442,1.3700000047683716,1.25,1.2799999713897705,146400,0.0,0.0
2026-01-27 00:00:00-05:00,1.2799999713897705,1.2999999523162842,1.2599999904632568,1.2599999904632568,41300,0.0,0.0
2026-01-28 00:00:00-05:00,1.2599999904632568,1.3049999475479126,1.1549999713897705,1.159999966621399,253200,0.0,0.0
2026-01-29 00:00:00-05:00,1.159999966621399,1.2400000095367432,1.100000023841858,1.1299999952316284,191000,0.0,0.0
2026-01-30 00:00:00-05:00,1.1100000143051147,1.159999966621399,1.0499999523162842,1.059999942779541,112500,0.0,0.0
2026-02-02 00:00:00-05:00,1.0499999523162842,1.1100000143051147,1.0499999523162842,1.0700000524520874,76600,0.0,0.0
2026-02-03 00:00:00-05:00,1.059999942779541,1.100000023841858,0.9919999837875366,1.0199999809265137,145900,0.0,0.0
2026-02-04 00:00:00-05:00,1.0399999618530273,1.0549999475479126,0.9599999785423279,1.0,165500,0.0,0.0
2026-02-05 00:00:00-05:00,0.9900000095367432,1.0199999809265137,0.9300000071525574,0.949999988079071,117500,0.0,0.0
2026-02-06 00:00:00-05:00,0.949999988079071,1.159999966621399,0.9419999718666077,1.0549999475479126,292900,0.0,0.0
2026-02-09 00:00:00-05:00,1.0399999618530273,1.1399999856948853,1.0399999618530273,1.090000033378601,94600,0.0,0.0
2026-02-10 00:00:00-05:00,1.1200000047683716,1.1399999856948853,1.059999942779541,1.0700000524520874,71900,0.0,0.0
2026-02-11 00:00:00-05:00,1.090000033378601,1.090000033378601,0.949999988079071,1.0199999809265137,211200,0.0,0.0
2026-02-12 00:00:00-05:00,1.0199999809265137,1.0399999618530273,0.949999988079071,0.9700000286102295,70000,0.0,0.0
2026-02-13 00:00:00-05:00,0.9700000286102295,1.0750000476837158,0.9700000286102295,1.0199999809265137,59300,0.0,0.0
2026-02-17 00:00:00-05:00,1.0199999809265137,1.0399999618530273,0.949999988079071,0.9660000205039978,122500,0.0,0.0
2026-02-18 00:00:00-05:00,0.9700000286102295,1.0399999618530273,0.9620000123977661,1.0199999809265137,34900,0.0,0.0
2026-02-19 00:00:00-05:00,1.0,1.0499999523162842,0.9900000095367432,1.0099999904632568,21000,0.0,0.0
2026-02-20 00:00:00-05:00,1.0099999904632568,1.0499999523162842,0.9710000157356262,0.9929999709129333,32700,0.0,0.0
2026-02-23 00:00:00-05:00,0.9769999980926514,0.9900000095367432,0.9300000071525574,0.949999988079071,135200,0.0,0.0
2026-02-24 00:00:00-05:00,0.9509999752044678,0.9900000095367432,0.9509999752044678,0.9729999899864197,69500,0.0,0.0
2026-02-25 00:00:00-05:00,0.9599999785423279,1.0499999523162842,0.9599999785423279,1.0,54600,0.0,0.0
2026-02-26 00:00:00-05:00,1.0,1.0700000524520874,0.9539999961853027,0.9610000252723694,86100,0.0,0.0
2026-02-27 00:00:00-05:00,0.9599999785423279,1.0099999904632568,0.9599999785423279,0.9980000257492065,42400,0.0,0.0
2026-03-02 00:00:00-05:00,0.9649999737739563,1.0049999952316284,0.9649999737739563,0.9860000014305115,40000,0.0,0.0
2026-03-03 00:00:00-05:00,0.9700000286102295,0.996999979019165,0.9649999737739563,0.9739999771118164,38800,0.0,0.0
2026-03-04 00:00:00-05:00,0.9769999980926514,0.9980000257492065,0.8500000238418579,0.8650000095367432,366600,0.0,0.0
2026-03-05 00:00:00-05:00,0.875,0.9300000071525574,0.8700000047683716,0.8809999823570251,115300,0.0,0.0
2026-03-06 00:00:00-05:00,0.8629999756813049,0.9290000200271606,0.8629999756813049,0.8700000047683716,66400,0.0,0.0
2026-03-09 00:00:00-04:00,0.8299999833106995,0.8700000047683716,0.8100000023841858,0.8539999723434448,83900,0.0,0.0
2026-03-10 00:00:00-04:00,0.8700000047683716,0.8700000047683716,0.8199999928474426,0.8199999928474426,70000,0.0,0.0
2026-03-11 00:00:00-04:00,0.8029999732971191,0.8600000143051147,0.8019999861717224,0.8019999861717224,37500,0.0,0.0
2026-03-12 00:00:00-04:00,0.800000011920929,0.8119999766349792,0.800000011920929,0.800000011920929,44500,0.0,0.0
2026-03-13 00:00:00-04:00,0.8029999732971191,0.8199999928474426,0.7009999752044678,0.7409999966621399,98700,0.0,0.0
2026-03-16 00:00:00-04:00,0.75,0.7799999713897705,0.7110000252723694,0.75,93800,0.0,0.0
2026-03-17 00:00:00-04:00,0.7599999904632568,0.796999990940094,0.7480000257492065,0.7799999713897705,16700,0.0,0.0
2026-03-18 00:00:00-04:00,0.7799999713897705,0.7799999713897705,0.7200000286102295,0.7200000286102295,39000,0.0,0.0
2026-03-19 00:00:00-04:00,0.7269999980926514,0.800000011920929,0.7200000286102295,0.7300000190734863,87600,0.0,0.0
2026-03-20 00:00:00-04:00,0.7400000095367432,0.781000018119812,0.7200000286102295,0.7699999809265137,192000,0.0,0.0
2026-03-23 00:00:00-04:00,0.7829999923706055,0.8199999928474426,0.7540000081062317,0.7900000214576721,99900,0.0,0.0
2026-03-24 00:00:00-04:00,0.7799999713897705,0.8190000057220459,0.7300000190734863,0.8169999718666077,139400,0.0,0.0
2026-03-25 00:00:00-04:00,0.8100000023841858,0.8399999737739563,0.800000011920929,0.8299999833106995,64000,0.0,0.0
2026-03-26 00:00:00-04:00,0.7739999890327454,0.847000002861023,0.7699999809265137,0.7699999809265137,77300,0.0,0.0
2026-03-27 00:00:00-04:00,0.7699999809265137,0.8199999928474426,0.6899999976158142,0.7099999785423279,110100,0.0,0.0
2026-03-30 00:00:00-04:00,0.7200000286102295,0.7310000061988831,0.5440000295639038,0.6000000238418579,373300,0.0,0.0
2026-03-31 00:00:00-04:00,0.574999988079071,0.5820000171661377,0.48899999260902405,0.5299999713897705,429800,0.0,0.0
2026-04-01 00:00:00-04:00,0.48399999737739563,0.6000000238418579,0.48399999737739563,0.578000009059906,328400,0.0,0.0
2026-04-02 00:00:00-04:00,0.5789999961853027,0.6200000047683716,0.5429999828338623,0.593999981880188,95100,0.0,0.0
2026-04-06 00:00:00-04:00,0.6000000238418579,0.7099999785423279,0.6000000238418579,0.6899999976158142,176000,0.0,0.0
2026-04-07 00:00:00-04:00,0.7099999785423279,0.7900000214576721,0.6399999856948853,0.699999988079071,241700,0.0,0.0
2026-04-08 00:00:00-04:00,0.75,0.902999997138977,0.718999981880188,0.878000020980835,303700,0.0,0.0
2026-04-09 00:00:00-04:00,0.8700000047683716,0.8700000047683716,0.800000011920929,0.8550000190734863,96200,0.0,0.0
2026-04-10 00:00:00-04:00,0.9049999713897705,0.9049999713897705,0.7860000133514404,0.8169999718666077,103500,0.0,0.0
2026-04-13 00:00:00-04:00,0.8130000233650208,0.9380000233650208,0.753000020980835,0.8709999918937683,132000,0.0,0.0
2026-04-14 00:00:00-04:00,0.8999999761581421,0.9259999990463257,0.847000002861023,0.8920000195503235,91400,0.0,0.0
2026-04-15 00:00:00-04:00,0.8650000095367432,0.9150000214576721,0.8650000095367432,0.8799999952316284,45600,0.0,0.0
2026-04-16 00:00:00-04:00,0.8899999856948853,0.9580000042915344,0.8889999985694885,0.9399999976158142,168700,0.0,0.0
2026-04-17 00:00:00-04:00,0.9599999785423279,0.9700000286102295,0.9179999828338623,0.921999990940094,97400,0.0,0.0
2026-04-20 00:00:00-04:00,0.9210000038146973,0.9700000286102295,0.9100000262260437,0.9300000071525574,118600,0.0,0.0
2026-04-21 00:00:00-04:00,0.9810000061988831,1.128999948501587,0.9520000219345093,1.0800000429153442,431400,0.0,0.0
2026-04-22 00:00:00-04:00,1.100000023841858,1.1950000524520874,1.0499999523162842,1.1299999952316284,224400,0.0,0.0
2026-04-23 00:00:00-04:00,1.1299999952316284,1.1299999952316284,0.9300000071525574,0.9599999785423279,185500,0.0,0.0
2026-04-24 00:00:00-04:00,0.9900000095367432,1.0,0.8349999785423279,0.9829999804496765,183700,0.0,0.0
2026-04-27 00:00:00-04:00,0.9259999990463257,0.9980000257492065,0.9139999747276306,0.9860000014305115,158200,0.0,0.0
2026-04-28 00:00:00-04:00,0.9309999942779541,1.0,0.9309999942779541,0.9729999899864197,194300,0.0,0.0
2026-04-29 00:00:00-04:00,0.9729999899864197,1.0,0.9100000262260437,0.9800000190734863,164000,0.0,0.0
2026-04-30 00:00:00-04:00,0.9700000286102295,0.9850000143051147,0.8999999761581421,0.9120000004768372,111700,0.0,0.0
2026-05-01 00:00:00-04:00,0.8999999761581421,0.9449999928474426,0.8999999761581421,0.9229999780654907,139400,0.0,0.0
2026-05-04 00:00:00-04:00,0.9049999713897705,0.9300000071525574,0.8339999914169312,0.878000020980835,148000,0.0,0.0
2026-05-05 00:00:00-04:00,0.8899999856948853,0.9259999990463257,0.8610000014305115,0.8690000176429749,87700,0.0,0.0
2026-05-06 00:00:00-04:00,0.8600000143051147,0.878000020980835,0.8309999704360962,0.8399999737739563,207300,0.0,0.0
2026-05-07 00:00:00-04:00,0.8299999833106995,0.8410000205039978,0.8050000071525574,0.8180000185966492,66500,0.0,0.0
2026-05-08 00:00:00-04:00,0.8100000023841858,0.8299999833106995,0.8100000023841858,0.8289999961853027,40300,0.0,0.0
2026-05-11 00:00:00-04:00,0.8080000281333923,0.8199999928474426,0.7400000095367432,0.7699999809265137,169800,0.0,0.0
2026-05-12 00:00:00-04:00,0.7599999904632568,0.7820000052452087,0.7250000238418579,0.7639999985694885,141400,0.0,0.0
2026-05-13 00:00:00-04:00,0.75,0.7509999871253967,0.6890000104904175,0.7080000042915344,225200,0.0,0.0
2026-05-14 00:00:00-04:00,0.7089999914169312,0.7164000272750854,0.6800000071525574,0.6899999976158142,194164,0.0,0.0
