Date,Open,High,Low,Close,Volume,Dividends,Stock Splits
2022-01-03 00:00:00-05:00,163.4108233973223,164.71588434230097,161.50122238979012,163.890625,389800,0.0,0.0
2022-01-04 00:00:00-05:00,164.619937896082,169.10128324653735,164.47598862539908,168.6502685546875,469000,0.0,0.0
2022-01-05 00:00:00-05:00,168.89018460109963,169.76342713792536,163.2669085508449,163.59317016601562,452500,0.0,0.0
2022-01-06 00:00:00-05:00,162.17295799292359,164.7926709067878,161.2229454529493,164.6199493408203,335800,0.0,0.0
2022-01-07 00:00:00-05:00,164.96537547084375,165.69466856900686,163.52597079435603,163.7082977294922,392400,0.0,0.0
2022-01-10 00:00:00-05:00,161.67394903444205,163.4204339515826,159.02544937543715,163.20932006835938,462900,0.0,0.0
2022-01-11 00:00:00-05:00,163.39161525694425,163.39161525694425,158.66076461122498,160.5991668701172,540900,0.0,0.0
2022-01-12 00:00:00-05:00,162.0385934207179,163.6315382123156,160.25373092176224,161.76031494140625,380700,0.0,0.0
2022-01-13 00:00:00-05:00,162.16335176612293,163.37244653974068,160.97343851419384,162.55677795410156,270900,0.0,0.0
2022-01-14 00:00:00-05:00,160.89667429636327,164.70630034955866,160.33051189611095,164.485595703125,334400,0.0,0.0
2022-01-18 00:00:00-05:00,162.00981933389303,162.81588255409588,159.28454960327372,161.81790161132812,323200,0.0,0.0
2022-01-19 00:00:00-05:00,162.15373793247937,162.77748877212238,159.7259431082383,160.70474243164062,283500,0.0,0.0
2022-01-20 00:00:00-05:00,160.3592989437992,163.0557817209165,157.81635620013637,157.9123077392578,760800,0.0,0.0
2022-01-21 00:00:00-05:00,156.89513119050233,158.86232077916577,154.7935977326922,155.2830047607422,744600,0.0,0.0
2022-01-24 00:00:00-05:00,151.58853931683836,158.98707279654454,151.04155839001353,158.3153533935547,623700,0.0,0.0
2022-01-25 00:00:00-05:00,155.68601531526897,156.73197920092466,150.45616660222748,151.83799743652344,659800,0.0,0.0
2022-01-26 00:00:00-05:00,154.0163244467955,155.8875478901022,148.58496643811333,149.5829620361328,761600,0.0,0.0
2022-01-27 00:00:00-05:00,150.65771485697928,153.93955631524906,148.4890167169205,149.16073608398438,376300,0.0,0.0
2022-01-28 00:00:00-05:00,148.54660364960694,149.05519226104684,145.56223660239527,149.0167999267578,621200,0.0,0.0
2022-01-31 00:00:00-05:00,149.28546220829674,153.04710462621526,148.65212064425202,152.07789611816406,1060500,0.0,0.0
2022-02-01 00:00:00-05:00,152.4521774267219,157.1734240865328,151.58854028058494,156.98150634765625,668900,0.0,0.0
2022-02-02 00:00:00-05:00,156.98148208426764,159.67796470102928,156.56885974157808,158.70877075195312,883000,0.0,0.0
2022-02-03 00:00:00-05:00,156.3385632341288,157.73959045315368,148.73850708101097,154.4385528564453,1434100,0.0,0.0
2022-02-04 00:00:00-05:00,152.6824639926022,155.1582419773911,149.7652767405928,152.70166015625,1497900,0.0,0.0
2022-02-07 00:00:00-05:00,153.77642582048148,154.16026127602828,148.7480993554677,149.70770263671875,502500,0.0,0.0
2022-02-08 00:00:00-05:00,149.17034947150285,153.97797200135568,148.69054775905516,152.71128845214844,480000,0.0,0.0
2022-02-09 00:00:00-05:00,155.43652932302606,158.766353750235,153.43096205775714,158.4784698486328,467500,0.0,0.0
2022-02-10 00:00:00-05:00,155.92589922531013,158.33449752242478,153.80517011887773,155.4556884765625,531200,0.0,0.0
2022-02-11 00:00:00-05:00,155.19662727425532,156.22340976522415,147.12637518688285,148.94961547851562,761700,0.0,0.0
2022-02-14 00:00:00-05:00,149.45823051541203,150.8592579311116,148.0092346433113,149.97640991210938,487000,0.0,0.0
2022-02-15 00:00:00-05:00,152.38501508243422,155.42695594832057,152.38501508243422,154.4961395263672,281900,0.0,0.0
2022-02-16 00:00:00-05:00,153.32540231568103,156.06986812839492,152.72084759759332,155.35975646972656,313000,0.0,0.0
2022-02-17 00:00:00-05:00,153.01834380678827,153.04713073348438,150.47538635702227,151.26226806640625,350100,0.0,0.0
2022-02-18 00:00:00-05:00,151.07030777358855,152.9511362769095,150.00516239795442,150.25465393066406,200900,0.0,0.0
2022-02-22 00:00:00-05:00,149.00720127357482,150.77286785535009,147.30869930967063,148.0955810546875,282600,0.0,0.0
2022-02-23 00:00:00-05:00,149.1319206603715,149.28546066989975,144.95764133590745,145.15916442871094,259200,0.0,0.0
2022-02-24 00:00:00-05:00,140.36117576902697,149.18952301048432,140.27480034567446,148.77688598632812,520900,0.0,0.0
2022-02-25 00:00:00-05:00,148.29708254174298,154.14107757001258,148.29708254174298,153.32540893554688,379400,0.0,0.0
2022-02-28 00:00:00-05:00,150.50415896152214,154.57288170853184,150.50415896152214,153.87237548828125,588700,0.0,0.0
2022-03-01 00:00:00-05:00,153.2294393364747,153.70924095961104,149.4965832941694,150.97438049316406,511500,0.0,0.0
2022-03-02 00:00:00-05:00,152.16428194607064,156.2137938591541,151.50215341489803,155.38853454589844,440500,0.0,0.0
2022-03-03 00:00:00-05:00,156.03149411070117,157.49008050635044,152.78803044421798,154.89915466308594,539100,0.0,0.0
2022-03-04 00:00:00-05:00,151.79963733344522,151.9723588865433,148.14355136903626,149.151123046875,754300,0.0,0.0
2022-03-07 00:00:00-05:00,148.29711283158508,148.95924156429334,143.11525998476816,143.23040771484375,732700,0.0,0.0
2022-03-08 00:00:00-05:00,144.50667560574055,148.73853020510361,143.46071139137413,145.2647705078125,541400,0.0,0.0
2022-03-09 00:00:00-05:00,149.7460617515576,151.04151710846273,147.34705408056942,149.96676635742188,315900,0.0,0.0
2022-03-10 00:00:00-05:00,147.35666794677238,150.67690152670838,146.6753578611098,150.32183837890625,308000,0.0,0.0
2022-03-11 00:00:00-05:00,150.90721851933475,152.69208134749806,148.60417632149154,148.6713409423828,266100,0.0,0.0
2022-03-14 00:00:00-04:00,149.9571966273757,152.35620463479088,148.55616950839678,149.63092041015625,266600,0.0,0.0
2022-03-15 00:00:00-04:00,150.139517473182,151.59810373986025,148.19150957938587,149.78445434570312,411200,0.0,0.0
2022-03-16 00:00:00-04:00,151.51178185783175,155.16786850808208,150.44662148676474,154.08352661132812,395000,0.0,0.0
2022-03-17 00:00:00-04:00,153.81478046467134,155.88752675580855,152.43296424629506,155.15823364257812,297600,0.0,0.0
2022-03-18 00:00:00-04:00,154.0643048615466,156.76078765381303,152.91278388893525,156.57846069335938,570400,0.0,0.0
2022-03-21 00:00:00-04:00,156.99108650710187,157.5188565435478,153.07590376558682,154.60166931152344,366500,0.0,0.0
2022-03-22 00:00:00-04:00,155.33099977742663,155.33099977742663,151.22389834115953,153.13351440429688,471100,0.0,0.0
2022-03-23 00:00:00-04:00,151.42538106267403,152.74962346216083,149.3814216532471,150.5713348388672,304700,0.0,0.0
2022-03-24 00:00:00-04:00,151.98197457738743,151.98197457738743,146.84809109117964,148.35467529296875,434100,0.0,0.0
2022-03-25 00:00:00-04:00,148.43142029903765,149.2566796609261,146.70414620230756,148.60415649414062,337600,0.0,0.0
2022-03-28 00:00:00-04:00,148.37384424080201,148.37384424080201,145.63898386674316,147.34707641601562,234400,0.0,0.0
2022-03-29 00:00:00-04:00,149.266284873203,151.3582128795071,148.54658245302593,151.0511474609375,360300,0.0,0.0
2022-03-30 00:00:00-04:00,149.78179951906026,151.8492895782306,145.02178747059403,145.8295440673828,418200,0.33,0.0
2022-03-31 00:00:00-04:00,145.30066571599707,146.91617891473106,143.0697021484375,143.0697021484375,462100,0.0,0.0
2022-04-01 00:00:00-04:00,144.0313098795466,144.52173034589464,140.5502533784422,142.77159118652344,631500,0.0,0.0
2022-04-04 00:00:00-04:00,142.03115477226794,142.82930047953633,139.38670193750852,140.88682556152344,483700,0.0,0.0
2022-04-05 00:00:00-04:00,140.54064745526134,142.0119237332504,137.53078918184895,138.02120971679688,643700,0.0,0.0
2022-04-06 00:00:00-04:00,137.3576913843274,137.39616437163494,132.39573248812707,133.3188934326172,963100,0.0,0.0
2022-04-07 00:00:00-04:00,133.1746319979396,134.33818287063153,131.5206460024343,133.1553955078125,549000,0.0,0.0
2022-04-08 00:00:00-04:00,132.93426017004185,134.47284227920622,130.28018145421314,130.65521240234375,337600,0.0,0.0
2022-04-11 00:00:00-04:00,129.42434170367153,132.06879485300934,129.42434170367153,129.9051513671875,414100,0.0,0.0
2022-04-12 00:00:00-04:00,131.04948564050832,132.62654080919992,129.41473565772938,130.04940795898438,507500,0.0,0.0
2022-04-13 00:00:00-04:00,130.56864725122276,133.50158859869933,129.55894420725295,133.06886291503906,370400,0.0,0.0
2022-04-14 00:00:00-04:00,133.37659392614177,134.74209157086023,132.5303789201934,132.58807373046875,347600,0.0,0.0
2022-04-18 00:00:00-04:00,132.91500533614598,133.9439302372472,131.50142395596706,132.33802795410156,217900,0.0,0.0
2022-04-19 00:00:00-04:00,133.03041782900516,135.6941075464284,132.44382943649995,135.444091796875,262200,0.0,0.0
2022-04-20 00:00:00-04:00,136.14606502071092,140.1464049115366,136.14606502071092,138.5020294189453,432800,0.0,0.0
2022-04-21 00:00:00-04:00,140.68489867655802,141.92538104817376,137.05959000931406,137.453857421875,447200,0.0,0.0
2022-04-22 00:00:00-04:00,136.18447156800443,136.52104407115561,132.53994218858176,133.39578247070312,386500,0.0,0.0
2022-04-25 00:00:00-04:00,132.0591619115199,133.48235416962444,129.0108309141391,132.95346069335938,415100,0.0,0.0
2022-04-26 00:00:00-04:00,132.04954486400305,132.41495015259198,128.35691628427375,128.47232055664062,390400,0.0,0.0
2022-04-27 00:00:00-04:00,128.0684372384051,130.72251560516725,127.27030621959894,129.20315551757812,447100,0.0,0.0
2022-04-28 00:00:00-04:00,132.42460707224018,139.60789011351542,120.69284660671414,125.02012634277344,1002600,0.0,0.0
2022-04-29 00:00:00-04:00,124.46236343991168,126.57793737469258,121.98139153099511,122.3564224243164,754600,0.0,0.0
2022-05-02 00:00:00-04:00,122.7891491268079,125.28935006233503,121.35633133996637,125.0585708618164,653600,0.0,0.0
2022-05-03 00:00:00-04:00,124.98164221435498,127.05874310182075,123.47189310435675,125.63553619384766,454800,0.0,0.0
2022-05-04 00:00:00-04:00,126.13558986286552,131.20332720193684,125.38552805382129,130.78021240234375,463700,0.0,0.0
2022-05-05 00:00:00-04:00,128.75119575870653,130.42441847058078,125.30859721760677,126.23175811767578,406800,0.0,0.0
2022-05-06 00:00:00-04:00,125.0200984650225,125.28935064898394,120.4524149101249,121.7986831665039,452600,0.0,0.0
2022-05-09 00:00:00-04:00,119.28886348799017,121.05823927653776,116.24052507903,116.8078842163086,668600,0.0,0.0
2022-05-10 00:00:00-04:00,118.55803876765636,119.53888717915406,114.81734045457834,116.55786895751953,705900,0.0,0.0
2022-05-11 00:00:00-04:00,116.07704742063638,120.07738663047078,114.92310736826134,115.56739044189453,413900,0.0,0.0
2022-05-12 00:00:00-04:00,114.49036828538655,119.17345596756647,114.25958175444313,119.08690643310547,584300,0.0,0.0
2022-05-13 00:00:00-04:00,120.23124364970329,121.38519105563168,119.78889971189763,120.02930450439453,439000,0.0,0.0
2022-05-16 00:00:00-04:00,119.27924902788313,119.84660084659781,116.47132266393716,118.42340850830078,312800,0.0,0.0
2022-05-17 00:00:00-04:00,120.60626614527916,121.85637391388859,118.21183663289442,121.50057220458984,247000,0.0,0.0
2022-05-18 00:00:00-04:00,120.55820789214549,121.62560584549539,116.32708172909587,116.58671569824219,224400,0.0,0.0
2022-05-19 00:00:00-04:00,116.31744677114762,119.03883061570329,115.38467505974664,117.61563110351562,347800,0.0,0.0
2022-05-20 00:00:00-04:00,118.44262002270004,118.44262002270004,113.70183767684989,116.25012969970703,246400,0.0,0.0
2022-05-23 00:00:00-04:00,117.8848862074506,117.8848862074506,115.63470095369,117.00019836425781,287500,0.0,0.0
2022-05-24 00:00:00-04:00,115.25007583530333,116.00013774277026,111.77862944894107,114.55770874023438,317400,0.0,0.0
2022-05-25 00:00:00-04:00,113.57684220169688,115.39430186921119,113.19219306148509,114.82695007324219,422700,0.0,0.0
2022-05-26 00:00:00-04:00,116.11551314157683,117.69256797123232,115.84626095162179,116.88481140136719,321100,0.0,0.0
2022-05-27 00:00:00-04:00,118.42341004101571,120.37549591064453,117.60603516007487,120.37549591064453,333100,0.0,0.0
2022-05-31 00:00:00-04:00,120.71204534732163,121.20247314621075,118.71187584366196,120.15430450439453,400800,0.0,0.0
2022-06-01 00:00:00-04:00,121.2409664594913,121.54868435054287,117.59642833125888,118.16378021240234,359200,0.0,0.0
2022-06-02 00:00:00-04:00,119.05806852157039,120.94284123704456,117.90412843832405,120.91399383544922,559900,0.0,0.0
2022-06-03 00:00:00-04:00,119.97161770371964,124.00079730583556,119.02922762618488,123.57768249511719,419500,0.0,0.0
2022-06-06 00:00:00-04:00,125.33744244024821,126.72217642969596,124.6643119379179,126.09712982177734,377400,0.0,0.0
2022-06-07 00:00:00-04:00,124.51044283992336,127.52992636960239,123.91424366517171,127.23182678222656,275000,0.0,0.0
2022-06-08 00:00:00-04:00,126.44331428045837,127.26068179909355,122.41412747232364,122.93339538574219,249600,0.0,0.0
2022-06-09 00:00:00-04:00,121.58713183363076,125.19320376950729,121.4044218411766,122.82762145996094,268600,0.0,0.0
2022-06-10 00:00:00-04:00,120.28893109876574,121.192855410999,118.0675932995909,118.46186065673828,335900,0.0,0.0
2022-06-13 00:00:00-04:00,115.19237459108149,115.61548942257063,112.1344249829846,112.96141815185547,380100,0.0,0.0
2022-06-14 00:00:00-04:00,112.50943795282335,114.30766836297873,111.8363074979907,113.32681274414062,410000,0.0,0.0
2022-06-15 00:00:00-04:00,113.89418319242405,116.53863605735974,113.27874747623754,114.47115325927734,331700,0.0,0.0
2022-06-16 00:00:00-04:00,111.51897489439119,111.51897489439119,106.12429083266827,106.94166564941406,551600,0.0,0.0
2022-06-17 00:00:00-04:00,107.21092688943618,108.56681353782376,105.90312413762204,106.03775024414062,639600,0.0,0.0
2022-06-21 00:00:00-04:00,107.4224852934442,108.44179934842884,105.46078114750523,106.4801025390625,433300,0.0,0.0
2022-06-22 00:00:00-04:00,104.42221881739968,107.8455879422541,104.1241192319129,107.40324401855469,411200,0.0,0.0
2022-06-23 00:00:00-04:00,106.10504982725503,107.61479888375541,105.82618673956318,106.92243194580078,382400,0.0,0.0
2022-06-24 00:00:00-04:00,108.49950544590982,113.0383496348623,107.76867273669555,112.71139526367188,828500,0.0,0.0
2022-06-27 00:00:00-04:00,113.1152725055176,113.7980213093433,111.99017971625155,112.64408111572266,245800,0.0,0.0
2022-06-28 00:00:00-04:00,112.57676177129618,114.9904280672939,111.0766381360744,111.26895904541016,256400,0.0,0.0
2022-06-29 00:00:00-04:00,111.4907844032902,111.4907844032902,108.8672509776082,110.07292175292969,233000,0.35,0.0
2022-06-30 00:00:00-04:00,108.30782565403506,110.83491442753476,107.94130436151885,109.49420166015625,429000,0.0,0.0
2022-07-01 00:00:00-04:00,109.60996203314366,111.3557712969865,106.87068103664258,108.82868957519531,402400,0.0,0.0
2022-07-05 00:00:00-04:00,106.32089305090142,109.9668409208729,105.29847905477217,109.80286407470703,282200,0.0,0.0
2022-07-06 00:00:00-04:00,109.43633901495527,110.092224300765,106.8996100060015,108.43321990966797,363000,0.0,0.0
2022-07-07 00:00:00-04:00,109.93790859480569,111.54868329776883,109.44599276233744,110.98925018310547,234900,0.0,0.0
2022-07-08 00:00:00-04:00,110.27547701785258,111.47150040400075,107.66158357805564,108.98299407958984,313700,0.0,0.0
2022-07-11 00:00:00-04:00,107.6519558192799,109.11804855801306,107.304721972953,108.9347915649414,273900,0.0,0.0
2022-07-12 00:00:00-04:00,108.77081973059676,110.75777068933427,107.62302585784035,108.02812957763672,222400,0.0,0.0
2022-07-13 00:00:00-04:00,106.25337172831424,108.4332194811823,105.54925666414724,107.37223052978516,155200,0.0,0.0
2022-07-14 00:00:00-04:00,105.06698828998205,107.43010037985894,104.96088865895919,107.37223052978516,217800,0.0,0.0
2022-07-15 00:00:00-04:00,109.3688252899658,110.85421281958311,107.04429546837412,110.64201354980469,425700,0.0,0.0
2022-07-18 00:00:00-04:00,112.16598871334874,112.65790455654977,110.52627168895597,110.81563568115234,327700,0.0,0.0
2022-07-19 00:00:00-04:00,112.42639890438878,116.3424230325568,112.42639890438878,116.02412414550781,235400,0.0,0.0
2022-07-20 00:00:00-04:00,116.35206495746301,117.66383552001545,115.2332061593044,117.52880096435547,231500,0.0,0.0
2022-07-21 00:00:00-04:00,116.96937439117475,118.98526012792426,116.79575747298021,118.9659652709961,198600,0.0,0.0
2022-07-22 00:00:00-04:00,119.4578766611813,121.1361685688258,119.31319467492213,119.83404541015625,515800,0.0,0.0
2022-07-25 00:00:00-04:00,120.64424860225265,120.93360518832,119.04311419578951,120.38381958007812,346700,0.0,0.0
2022-07-26 00:00:00-04:00,120.06554183476224,121.10723596638041,119.32284439184033,120.76000213623047,222800,0.0,0.0
2022-07-27 00:00:00-04:00,121.11687752592854,123.93333038498757,120.69247900768035,122.82410430908203,271500,0.0,0.0
2022-07-28 00:00:00-04:00,123.5668245852132,127.37674245025246,121.74385040728647,127.16454315185547,443700,0.0,0.0
2022-07-29 00:00:00-04:00,126.46038800514805,130.51143858269805,126.46038800514805,129.53726196289062,432500,0.0,0.0
2022-08-01 00:00:00-04:00,128.05193316544123,129.4890986649996,127.14528070336485,128.07122802734375,427800,0.0,0.0
2022-08-02 00:00:00-04:00,128.28338367205617,131.6303272655747,126.11317605354395,128.75601196289062,404100,0.0,0.0
2022-08-03 00:00:00-04:00,131.17703009757875,131.17703009757875,128.52455338604682,130.25106811523438,314600,0.0,0.0
2022-08-04 00:00:00-04:00,131.17700675789436,132.31515313440335,129.95204088266522,131.91004943847656,276300,0.0,0.0
2022-08-05 00:00:00-04:00,130.72365569688543,132.74918862177222,130.28961713231305,131.82322692871094,210100,0.0,0.0
2022-08-08 00:00:00-04:00,132.99034722297344,135.1412603039762,131.94864564604438,132.0065155029297,249800,0.0,0.0
2022-08-09 00:00:00-04:00,131.04196072303193,132.92280440294957,130.5596923580447,132.19940185546875,292900,0.0,0.0
2022-08-10 00:00:00-04:00,134.88082206951015,138.60393469213224,134.15741947224674,137.30181884765625,442400,0.0,0.0
2022-08-11 00:00:00-04:00,137.75513382686768,140.3497250979126,137.75513382686768,138.89328002929688,400000,0.0,0.0
2022-08-12 00:00:00-04:00,138.8257583362638,141.49752908098492,138.8257583362638,141.4203643798828,233500,0.0,0.0
2022-08-15 00:00:00-04:00,140.23399236871168,142.09555588136243,139.87711849390632,141.43002319335938,209900,0.0,0.0
2022-08-16 00:00:00-04:00,140.30151746359513,142.31739567179721,140.30151746359513,141.67115783691406,207600,0.0,0.0
2022-08-17 00:00:00-04:00,140.18575854962774,140.55228720032198,138.90292298985975,139.78065490722656,190300,0.0,0.0
2022-08-18 00:00:00-04:00,139.9542653512197,143.15651918267446,139.9542653512197,142.7417755126953,411500,0.0,0.0
2022-08-19 00:00:00-04:00,140.45581379996406,141.2274460170004,139.4719970729616,141.0634765625,274300,0.0,0.0
2022-08-22 00:00:00-04:00,138.92220417517515,140.67766783717843,137.89979774243056,138.82574462890625,414800,0.0,0.0
2022-08-23 00:00:00-04:00,139.89640344808748,142.17271076197537,139.15372074887685,139.44308471679688,361800,0.0,0.0
2022-08-24 00:00:00-04:00,139.89638707927017,140.25327564226706,138.73894606068126,139.7613525390625,277700,0.0,0.0
2022-08-25 00:00:00-04:00,140.78379863642294,142.1534391344039,140.11826588566055,142.10520935058594,165800,0.0,0.0
2022-08-26 00:00:00-04:00,142.42348192672313,142.84788039758283,137.6297337113813,137.63937377929688,233200,0.0,0.0
2022-08-29 00:00:00-04:00,135.8550395360172,136.70382207050372,135.06411214784447,135.69105529785156,246600,0.0,0.0
2022-08-30 00:00:00-04:00,136.66520550601996,136.66520550601996,131.97755661951686,133.74266052246094,310600,0.0,0.0
2022-08-31 00:00:00-04:00,134.55287044678897,134.55287044678897,132.3730227902388,132.71060180664062,346800,0.0,0.0
2022-09-01 00:00:00-04:00,132.45983583386828,132.84564465318257,129.80735972750907,132.6913299560547,267200,0.0,0.0
2022-09-02 00:00:00-04:00,134.48536225099082,134.9579905929171,130.60793481681029,131.03233337402344,208400,0.0,0.0
2022-09-06 00:00:00-04:00,131.34096244713075,132.75883259269733,129.97132208074808,132.63343811035156,280400,0.0,0.0
2022-09-07 00:00:00-04:00,133.07715437082197,136.83884231179326,132.20907706680237,136.45303344726562,258800,0.0,0.0
2022-09-08 00:00:00-04:00,134.95797786509758,137.83229320742413,134.35996980051178,137.677978515625,231800,0.0,0.0
2022-09-09 00:00:00-04:00,138.46889644083507,142.13413911286804,138.29528688659494,141.65187072753906,489700,0.0,0.0
2022-09-12 00:00:00-04:00,142.55852806012203,145.5485830174911,141.22746269647223,141.78689575195312,614300,0.0,0.0
2022-09-13 00:00:00-04:00,138.19884725063568,140.81274875181327,136.60736723662498,138.30494689941406,391500,0.0,0.0
2022-09-14 00:00:00-04:00,139.36591779774787,139.36591779774787,135.40167123788424,137.677978515625,588900,0.0,0.0
2022-09-15 00:00:00-04:00,137.44647562582347,141.15994769646298,137.18604660369243,140.21469116210938,1125600,0.0,0.0
2022-09-16 00:00:00-04:00,138.55568417633816,138.55568417633816,133.02889328117962,134.64932250976562,1085700,0.0,0.0
2022-09-19 00:00:00-04:00,133.58836513432684,139.85785519478262,133.58836513432684,139.7131805419922,481100,0.0,0.0
2022-09-20 00:00:00-04:00,137.99624812903178,140.08929062872718,137.1667461262238,139.24049377441406,607400,0.0,0.0
2022-09-21 00:00:00-04:00,140.73555256715468,141.6904344750018,137.5043487548828,137.5043487548828,399400,0.0,0.0
2022-09-22 00:00:00-04:00,137.16676156590916,137.50434055812065,135.49810258788426,136.7230682373047,447600,0.0,0.0
2022-09-23 00:00:00-04:00,135.0351334457039,135.49810692514396,129.9520210871954,132.8166961669922,578100,0.0,0.0
2022-09-26 00:00:00-04:00,132.72991178924087,133.93558280879373,129.8459414121115,130.2703399658203,518800,0.0,0.0
2022-09-27 00:00:00-04:00,131.4470472528137,134.4467566808069,129.7591081953372,131.23484802246094,477500,0.0,0.0
2022-09-28 00:00:00-04:00,132.52732143333452,138.03483183195425,131.53384992413885,137.7840576171875,617800,0.0,0.0
2022-09-29 00:00:00-04:00,136.47874341853037,136.47874341853037,133.94545502449282,135.85992431640625,598100,0.35,0.0
2022-09-30 00:00:00-04:00,136.16935171191074,138.32554761186964,135.1057493825253,135.71490478515625,605000,0.0,0.0
2022-10-03 00:00:00-04:00,137.31027678127055,140.83949153200163,136.02429039576353,139.630859375,454600,0.0,0.0
2022-10-04 00:00:00-04:00,142.96666964642827,147.39509928295968,142.24149041071743,147.35641479492188,563400,0.0,0.0
2022-10-05 00:00:00-04:00,145.52896426193965,150.51820096342985,145.23890436960482,150.15077209472656,659400,0.0,0.0
2022-10-06 00:00:00-04:00,149.26123108390357,152.89680602888328,149.26123108390357,152.49070739746094,627000,0.0,0.0
2022-10-07 00:00:00-04:00,151.0790148032694,151.57213139621567,144.8908242584515,145.9447479248047,534300,0.0,0.0
2022-10-10 00:00:00-04:00,146.97936017031103,148.42971901658774,145.81907604405225,147.12440490722656,273300,0.0,0.0
2022-10-11 00:00:00-04:00,146.40887241180536,149.21290804475902,145.66435082518183,147.3757781982422,518000,0.0,0.0
2022-10-12 00:00:00-04:00,147.59817590011204,148.10097108612132,145.06488722912584,145.1132354736328,365400,0.0,0.0
2022-10-13 00:00:00-04:00,142.05781305937296,150.48923368778665,140.70415070088077,149.2032470703125,555900,0.0,0.0
2022-10-14 00:00:00-04:00,149.62867123173282,149.93808816683637,142.2608538218649,142.4058837890625,349400,0.0,0.0
2022-10-17 00:00:00-04:00,145.3162606127869,147.15339041456107,143.71120825928895,146.82464599609375,448700,0.0,0.0
2022-10-18 00:00:00-04:00,150.54721580046754,150.54721580046754,147.00833736790568,148.4877166748047,547500,0.0,0.0
2022-10-19 00:00:00-04:00,146.52489009799913,147.15338768450292,142.8119755783069,143.97225952148438,514100,0.0,0.0
2022-10-20 00:00:00-04:00,144.17532241576703,145.12288595547378,139.27310299636216,140.4817352294922,422800,0.0,0.0
2022-10-21 00:00:00-04:00,140.80078879995114,143.46945769932057,139.8145557103489,142.6185760498047,697500,0.0,0.0
2022-10-24 00:00:00-04:00,143.30510818125435,143.30510818125435,140.11431624475838,141.95143127441406,680100,0.0,0.0
2022-10-25 00:00:00-04:00,142.13516147925412,146.3895413635027,142.13516147925412,146.08013916015625,434900,0.0,0.0
2022-10-26 00:00:00-04:00,146.44755989142737,149.2709230749332,145.40329985032605,147.30810546875,313100,0.0,0.0
2022-10-27 00:00:00-04:00,144.64910589254183,145.219576743303,127.69924929983509,128.44375610351562,2383500,0.0,0.0
2022-10-28 00:00:00-04:00,127.9700196289623,130.39694846534752,126.71303883274655,129.39137268066406,1553900,0.0,0.0
2022-10-31 00:00:00-04:00,129.01422150493457,129.2076144495353,121.69475296915303,122.35224914550781,1940700,0.0,0.0
2022-11-01 00:00:00-04:00,123.79294385862906,124.8662098474632,116.27041819051635,116.32843017578125,1790000,0.0,0.0
2022-11-02 00:00:00-04:00,114.56866394381181,117.64342462296871,111.94835016210382,112.0547103881836,1207900,0.0,0.0
2022-11-03 00:00:00-04:00,110.70102978593107,111.19415375070672,108.13872824585988,108.58351135253906,765200,0.0,0.0
2022-11-04 00:00:00-04:00,111.01042688648259,112.30608419508926,109.03793862503193,111.66792297363281,908600,0.0,0.0
2022-11-07 00:00:00-05:00,111.98703376762816,115.32285595515211,111.6292759521837,114.74271392822266,1199500,0.0,0.0
2022-11-08 00:00:00-05:00,115.86431412248874,119.83829721924926,115.09078659623115,118.51363372802734,704000,0.0,0.0
2022-11-09 00:00:00-05:00,117.42105227739785,119.61592537634746,114.59768150496559,114.7330551147461,707500,0.0,0.0
2022-11-10 00:00:00-05:00,120.37975884370377,124.7211707189969,119.03576051985819,123.3965072631836,1082900,0.0,0.0
2022-11-11 00:00:00-05:00,123.66726628232337,128.33741618031164,123.57057716755071,125.04994201660156,864300,0.0,0.0
2022-11-14 00:00:00-05:00,125.04025581011238,128.24071140875586,122.15886611831309,122.20721435546875,648300,0.0,0.0
2022-11-15 00:00:00-05:00,125.00157139833415,126.81935888910675,123.28048038193434,125.43667602539062,552400,0.0,0.0
2022-11-16 00:00:00-05:00,124.46012096132523,124.81787140106691,122.92273683903959,124.38276672363281,430900,0.0,0.0
2022-11-17 00:00:00-05:00,123.28048189773347,125.59138602707581,121.35634153992196,122.03317260742188,511300,0.0,0.0
2022-11-18 00:00:00-05:00,124.36341859695324,125.920137516621,122.93240215182007,125.46569061279297,544000,0.0,0.0
2022-11-21 00:00:00-05:00,124.49877671848967,126.05549553688127,122.96140014580155,123.02908325195312,392300,0.0,0.0
2022-11-22 00:00:00-05:00,124.31506909865811,126.23920193990578,123.37716204136042,125.79443359375,386000,0.0,0.0
2022-11-23 00:00:00-05:00,125.73642480449288,126.43259816668987,123.89930967046912,124.70184326171875,296800,0.0,0.0
2022-11-25 00:00:00-05:00,124.5954685690294,126.75166413990964,124.5954685690294,125.5237045288086,117300,0.0,0.0
2022-11-28 00:00:00-05:00,124.12167499869557,124.30538943492076,121.2403002595796,122.33290100097656,296000,0.0,0.0
2022-11-29 00:00:00-05:00,122.12019783005978,124.19903926812765,121.69475694413818,123.49320220947266,320100,0.0,0.0
2022-11-30 00:00:00-05:00,123.2804588052849,126.87734866602608,121.53036210363875,126.77098846435547,405100,0.0,0.0
2022-12-01 00:00:00-05:00,124.9919194150756,126.08451295849437,123.86064137674298,124.37310028076172,540300,0.0,0.0
2022-12-02 00:00:00-05:00,122.5843092023565,122.71001167045831,120.91156639414285,121.83012390136719,501100,0.0,0.0
2022-12-05 00:00:00-05:00,121.51104271917231,121.51104271917231,116.541147799842,117.34368133544922,576800,0.0,0.0
2022-12-06 00:00:00-05:00,118.26224730198129,118.51364487820314,115.06179143036833,116.19306945800781,699600,0.0,0.0
2022-12-07 00:00:00-05:00,116.57015468119769,117.42103646111649,115.08111894324522,116.27041625976562,695600,0.0,0.0
2022-12-08 00:00:00-05:00,116.51214874804252,117.55640878113797,116.0673729658513,116.44446563720703,442200,0.0,0.0
2022-12-09 00:00:00-05:00,116.6668504009174,117.63375614316837,115.41954110818499,115.88365173339844,342700,0.0,0.0
2022-12-12 00:00:00-05:00,117.32433911405738,121.03726099681833,116.27041539690438,121.00825500488281,608500,0.0,0.0
2022-12-13 00:00:00-05:00,125.69774096628795,127.4671801672706,120.49579095736892,122.40058898925781,1140500,0.0,0.0
2022-12-14 00:00:00-05:00,121.47237364713254,122.71968302102349,117.38236622235391,117.4983901977539,777200,0.0,0.0
2022-12-15 00:00:00-05:00,116.55080326821333,116.94723073284545,113.89181283720944,114.70401000976562,882000,0.0,0.0
2022-12-16 00:00:00-05:00,112.98293420132711,114.29792659738732,109.8308194245735,111.0394515991211,1271200,0.0,0.0
2022-12-19 00:00:00-05:00,112.29641540758851,112.66383687863917,109.80179719771208,110.34326934814453,641000,0.0,0.0
2022-12-20 00:00:00-05:00,110.48832482472112,114.11422165034988,110.48832482472112,114.09488677978516,732100,0.0,0.0
2022-12-21 00:00:00-05:00,115.21650337466113,116.52182478259274,114.31728064885827,115.40988159179688,597800,0.0,0.0
2022-12-22 00:00:00-05:00,113.9595109449286,114.75237335552791,112.56716432069359,114.54932403564453,525800,0.0,0.0
2022-12-23 00:00:00-05:00,114.01750791098951,115.27448815640764,113.53405510535244,114.70401000976562,413000,0.0,0.0
2022-12-27 00:00:00-05:00,115.21649587641626,118.26224317107192,115.18748250651856,115.99968719482422,711200,0.0,0.0
2022-12-28 00:00:00-05:00,115.7869591068484,116.6088274873406,113.05061416918964,113.4373779296875,222400,0.0,0.0
2022-12-29 00:00:00-05:00,114.11623792338764,117.59781991753725,113.95137388161166,116.51164245605469,214100,0.35,0.0
2022-12-30 00:00:00-05:00,115.65822701853631,117.40386072189823,114.92117773099473,116.35648345947266,354500,0.0,0.0
2023-01-03 00:00:00-05:00,117.81117645064137,118.67429690040592,115.03755093825914,117.07412719726562,469800,0.0,0.0
2023-01-04 00:00:00-05:00,118.29608474700436,120.82725331863425,117.70450676772919,120.34235382080078,626400,0.0,0.0
2023-01-05 00:00:00-05:00,119.86714697191923,120.39083928507115,117.68509936660888,117.72389221191406,463100,0.0,0.0
2023-01-06 00:00:00-05:00,119.01372170605984,122.74744597602427,118.9652288016664,122.20436096191406,360300,0.0,0.0
2023-01-09 00:00:00-05:00,123.59117728973595,127.85828663779316,122.22375725486064,126.07386016845703,913100,0.0,0.0
2023-01-10 00:00:00-05:00,125.23015023947781,127.79041902052398,125.23015023947781,125.43379974365234,682000,0.0,0.0
2023-01-11 00:00:00-05:00,126.75272298635626,130.44765471090992,126.75272298635626,130.33128356933594,697800,0.0,0.0
2023-01-12 00:00:00-05:00,130.92285344434472,131.5047387121691,128.8668844811576,130.7773895263672,410400,0.0,0.0
2023-01-13 00:00:00-05:00,130.09852667932532,133.46373030905704,129.78819870201957,133.1824951171875,337100,0.0,0.0
2023-01-17 00:00:00-05:00,132.86242185775944,133.7643275454549,132.24175128187494,132.50360107421875,249500,0.0,0.0
2023-01-18 00:00:00-05:00,132.88183802737916,133.92922252532526,129.29358536464784,129.50692749023438,380400,0.0,0.0
2023-01-19 00:00:00-05:00,128.34319259089855,129.5554413076736,126.9466797015004,128.508056640625,313400,0.0,0.0
2023-01-20 00:00:00-05:00,129.3905764624908,130.82587479090043,127.71282839221666,130.6610107421875,321400,0.0,0.0
2023-01-23 00:00:00-05:00,131.25259545525796,133.90985009003413,130.3021965616934,132.69760131835938,699700,0.0,0.0
2023-01-24 00:00:00-05:00,131.86357014589387,132.83336913803964,129.3517943077464,130.3700714111328,778900,0.0,0.0
2023-01-25 00:00:00-05:00,129.49724728826453,130.09851787721024,127.15033570146052,130.0306396484375,637800,0.0,0.0
2023-01-26 00:00:00-05:00,131.01012781418837,133.57039627849514,130.28277865048807,132.65878295898438,431300,0.0,0.0
2023-01-27 00:00:00-05:00,132.40663511661373,135.03479649751748,132.29026399056616,133.9389190673828,399100,0.0,0.0
2023-01-30 00:00:00-05:00,133.01762859896246,134.7244694373693,131.71810154706327,132.0672149658203,273500,0.0,0.0
2023-01-31 00:00:00-05:00,131.7278144600843,135.55851797257577,130.99077246613888,134.99603271484375,562100,0.0,0.0
2023-02-01 00:00:00-05:00,135.46151325313335,139.7577303923567,133.47343719967472,138.41940307617188,1098900,0.0,0.0
2023-02-02 00:00:00-05:00,146.5463236323861,153.10215937291002,141.93008584091214,151.4147186279297,1380200,0.0,0.0
2023-02-03 00:00:00-05:00,151.56984773217303,155.46844304623176,149.76602137473887,152.20022583007812,849200,0.0,0.0
2023-02-06 00:00:00-05:00,149.97937388227504,152.1032355565446,149.32961048203885,151.51165771484375,525800,0.0,0.0
2023-02-07 00:00:00-05:00,151.28864674232491,153.9168085910658,150.48371178197928,153.17005920410156,439900,0.0,0.0
2023-02-08 00:00:00-05:00,151.46318379174642,153.06336084170985,149.96000734808536,150.9394989013672,470800,0.0,0.0
2023-02-09 00:00:00-05:00,153.063377258037,154.09136182574488,149.0290098846535,150.3285369873047,623500,0.0,0.0
2023-02-10 00:00:00-05:00,149.02898293198535,150.42549560081753,148.10767701233948,150.31881713867188,476400,0.0,0.0
2023-02-13 00:00:00-05:00,150.7067519261067,152.9275998234245,149.4363176607212,151.88990783691406,380900,0.0,0.0
2023-02-14 00:00:00-05:00,150.45461756557458,152.95670078290706,149.94062527497866,152.23904418945312,432700,0.0,0.0
2023-02-15 00:00:00-05:00,150.49339037019894,157.55354017200509,150.36732657231548,157.00074768066406,591300,0.0,0.0
2023-02-16 00:00:00-05:00,154.5083648102654,156.37037688586582,153.97497246617127,155.2938995361328,478000,0.0,0.0
2023-02-17 00:00:00-05:00,154.168955318141,155.75942515951357,154.00409125629886,154.88661193847656,269500,0.0,0.0
2023-02-21 00:00:00-05:00,152.45239714596832,153.1215608118149,148.81565096024408,149.21327209472656,281500,0.0,0.0
2023-02-22 00:00:00-05:00,149.20359327846407,150.8037558294968,148.15620850402175,148.5635223388672,324400,0.0,0.0
2023-02-23 00:00:00-05:00,152.02568228058936,152.02568228058936,146.64330979754988,149.54299926757812,391500,0.0,0.0
2023-02-24 00:00:00-05:00,146.6626853382056,149.9697031800834,145.9644289376344,149.90182495117188,213700,0.0,0.0
2023-02-27 00:00:00-05:00,151.00741482559243,152.53968428451944,150.41583682007288,151.85113525390625,271400,0.0,0.0
2023-02-28 00:00:00-05:00,151.41472865183394,154.14955424610616,151.24015712992437,152.87911987304688,325500,0.0,0.0
2023-03-01 00:00:00-05:00,152.84030878541546,154.4113782292781,152.31660910549024,153.5191650390625,290200,0.0,0.0
2023-03-02 00:00:00-05:00,152.81120549128946,155.39085907769726,151.5698494012106,155.23570251464844,253700,0.0,0.0
2023-03-03 00:00:00-05:00,155.74001652643838,157.2917008323501,154.3919965198864,157.1559295654297,275800,0.0,0.0
2023-03-06 00:00:00-05:00,157.1753241937655,157.970551644224,153.6840420265002,154.2271270751953,290700,0.0,0.0
2023-03-07 00:00:00-05:00,154.19806061836826,155.01268833050202,152.66577622766323,153.02459716796875,310100,0.0,0.0
2023-03-08 00:00:00-05:00,152.68515690064035,154.53747654182243,151.79294359655333,154.44049072265625,354100,0.0,0.0
2023-03-09 00:00:00-05:00,155.3423813379651,156.7582942488903,150.89100792016447,151.0267791748047,401600,0.0,0.0
2023-03-10 00:00:00-05:00,150.9492213240437,151.29834958578257,145.20801252941718,146.36207580566406,605300,0.0,0.0
2023-03-13 00:00:00-04:00,144.09268854232226,148.41798233501402,142.2015840904524,144.02479553222656,506800,0.0,0.0
2023-03-14 00:00:00-04:00,148.35017467221198,149.8145660368953,142.9774791844285,145.73171997070312,499800,0.0,0.0
2023-03-15 00:00:00-04:00,142.14344914921202,142.14344914921202,133.8904500366198,135.26756286621094,537500,0.0,0.0
2023-03-16 00:00:00-04:00,134.62750540867555,138.55517955314915,132.3581644832526,137.46900939941406,598300,0.0,0.0
2023-03-17 00:00:00-04:00,136.24704633124114,136.24704633124114,132.24177232871298,133.0467071533203,1046300,0.0,0.0
2023-03-20 00:00:00-04:00,134.947500988168,137.51747676097293,134.54989471516046,136.23733520507812,567800,0.0,0.0
2023-03-21 00:00:00-04:00,139.77713341972657,140.82451810659742,137.5659929023186,138.69094848632812,428100,0.0,0.0
2023-03-22 00:00:00-04:00,138.38063156246167,138.93340933700927,134.05532120239494,134.1717071533203,272400,0.0,0.0
2023-03-23 00:00:00-04:00,134.86021535376395,136.16944961987488,128.60501621136106,130.2730712890625,680900,0.0,0.0
2023-03-24 00:00:00-04:00,128.01345743570303,129.56514162683382,126.88848713703108,129.138427734375,586900,0.0,0.0
2023-03-27 00:00:00-04:00,131.40775550772875,133.4249390654473,129.4196647341827,132.639404296875,507300,0.0,0.0
2023-03-28 00:00:00-04:00,133.24069402907344,134.6372070616733,131.93145936152123,133.60922241210938,359400,0.0,0.0
2023-03-29 00:00:00-04:00,135.37423331242937,136.9647030153521,134.29775587461253,136.2276611328125,347400,0.0,0.0
2023-03-30 00:00:00-04:00,138.0165596974917,138.0165596974917,134.51655664171088,135.0415496826172,289900,0.35,0.0
2023-03-31 00:00:00-04:00,135.28458259644924,137.15126047315727,134.77903822163833,136.82069396972656,529200,0.0,0.0
2023-04-03 00:00:00-04:00,137.06375374169556,139.28041710307676,135.36236647884212,136.5970916748047,305200,0.0,0.0
2023-04-04 00:00:00-04:00,136.5290080353787,137.4526299894646,127.9248598179653,128.33319091796875,311000,0.0,0.0
2023-04-05 00:00:00-04:00,127.3998868265083,127.3998868265083,124.38600936148883,125.5721206665039,380700,0.0,0.0
2023-04-06 00:00:00-04:00,125.68877607581031,125.88321738058144,123.34572645823872,123.60822296142578,427400,0.0,0.0
2023-04-10 00:00:00-04:00,123.63739787977315,126.78740066391094,123.63739787977315,126.38878631591797,270700,0.0,0.0
2023-04-11 00:00:00-04:00,127.05961877187065,130.6276695755174,126.85544574788236,129.77210998535156,535200,0.0,0.0
2023-04-12 00:00:00-04:00,131.66792490448745,131.66792490448745,128.35266151162568,129.2082061767578,239700,0.0,0.0
2023-04-13 00:00:00-04:00,129.50959738366376,129.50959738366376,126.21376798679812,128.70265197753906,318400,0.0,0.0
2023-04-14 00:00:00-04:00,129.29572650202888,130.49155464412735,126.77766185649737,128.00267028808594,265100,0.0,0.0
2023-04-17 00:00:00-04:00,128.3915456714332,130.37488547991106,128.15822204802646,129.83042907714844,249100,0.0,0.0
2023-04-18 00:00:00-04:00,130.71516210459316,131.72628065145307,127.90544289838525,129.28599548339844,582900,0.0,0.0
2023-04-19 00:00:00-04:00,128.51793749046962,129.3345998314292,126.99154291125049,128.4498748779297,475500,0.0,0.0
2023-04-20 00:00:00-04:00,127.21518685455233,128.58600786964072,125.46518521995567,125.815185546875,407600,0.0,0.0
2023-04-21 00:00:00-04:00,126.34016071072861,126.34016071072861,124.2498907546846,125.30960845947266,414000,0.0,0.0
2023-04-24 00:00:00-04:00,125.65960301744504,126.25265860380618,124.49294042449914,125.55265808105469,289200,0.0,0.0
2023-04-25 00:00:00-04:00,124.38599407061595,125.27071900386125,123.0346070724943,123.84154510498047,367800,0.0,0.0
2023-04-26 00:00:00-04:00,123.23879363109533,124.31796003882772,122.1110131836607,122.62628936767578,594000,0.0,0.0
2023-04-27 00:00:00-04:00,123.75405869604953,126.48600578120416,121.93600206946608,126.24295043945312,418400,0.0,0.0
2023-04-28 00:00:00-04:00,125.31932601689888,127.87627291326491,125.31932601689888,126.5443344116211,317900,0.0,0.0
2023-05-01 00:00:00-04:00,126.6512630941587,129.49986416173982,126.4665386878806,128.8873748779297,434900,0.0,0.0
2023-05-02 00:00:00-04:00,127.68182444961086,128.36237638911132,125.15404314870099,126.21377563476562,540700,0.0,0.0
2023-05-03 00:00:00-04:00,127.27351404650094,131.19156531757181,126.57351341314077,128.12905883789062,525100,0.0,0.0
2023-05-04 00:00:00-04:00,127.20544462482452,127.36100360946146,122.04295135592155,123.53044891357422,565100,0.0,0.0
2023-05-05 00:00:00-04:00,122.88878107742977,128.4498810119318,119.57350268781364,125.33877563476562,838900,0.0,0.0
2023-05-08 00:00:00-04:00,127.1276717528749,128.06101087438032,125.25129147083577,126.3012924194336,500500,0.0,0.0
2023-05-09 00:00:00-04:00,125.58183470413039,126.83600860017246,123.45267491173612,125.2318344116211,402000,0.0,0.0
2023-05-10 00:00:00-04:00,126.62212450820344,126.92351077821215,123.31656274200203,124.98878479003906,341800,0.0,0.0
2023-05-11 00:00:00-04:00,123.95822241202677,124.59989206489348,122.60683532579444,122.9179458618164,285500,0.0,0.0
2023-05-12 00:00:00-04:00,123.41378891986342,124.5999002341698,121.96517366946065,123.18045043945312,244600,0.0,0.0
2023-05-15 00:00:00-04:00,123.40406533468453,124.70684589664795,122.11100906382569,124.0360107421875,423200,0.0,0.0
2023-05-16 00:00:00-04:00,122.96656280581931,123.01516942410575,121.02212005531113,122.1207275390625,372800,0.0,0.0
2023-05-17 00:00:00-04:00,122.7915611095851,124.20127911890161,121.96516701709577,123.4915542602539,446300,0.0,0.0
2023-05-18 00:00:00-04:00,123.18046291918573,126.59296992940432,122.80129712193066,126.34991455078125,354100,0.0,0.0
2023-05-19 00:00:00-04:00,127.73042229451158,127.73042229451158,124.94013744378333,126.70958709716797,487400,0.0,0.0
2023-05-22 00:00:00-04:00,127.57488334790578,130.00543665839794,126.03877187548433,129.4026641845703,342700,0.0,0.0
2023-05-23 00:00:00-04:00,128.2846151436724,128.42072555092344,125.98045509416485,126.38878631591797,315800,0.0,0.0
2023-05-24 00:00:00-04:00,124.11377556078496,125.21237554949613,122.5873809886633,123.5401611328125,375500,0.0,0.0
2023-05-25 00:00:00-04:00,124.22071224003305,127.07905265314255,123.30682926188578,126.90404510498047,361500,0.0,0.0
2023-05-26 00:00:00-04:00,127.59432884826354,130.929040789003,126.49571403126531,130.57904052734375,261200,0.0,0.0
2023-05-30 00:00:00-04:00,130.45264168098248,131.39569749095153,129.47070354793763,129.8984832763672,319800,0.0,0.0
2023-05-31 00:00:00-04:00,128.78044580991877,130.1318328852729,125.04710457278672,126.28182983398438,430800,0.0,0.0
2023-06-01 00:00:00-04:00,126.22348323386785,128.93597392021206,125.07625447591954,127.91515350341797,547700,0.0,0.0
2023-06-02 00:00:00-04:00,129.97628357550514,137.39433773228907,129.43184195572678,136.0818328857422,634500,0.0,0.0
2023-06-05 00:00:00-04:00,134.59432936770733,135.40127488818328,132.58182400310082,134.54571533203125,368400,0.0,0.0
2023-06-06 00:00:00-04:00,134.52624936824463,140.34014311370805,133.75820110951963,140.0387420654297,367000,0.0,0.0
2023-06-07 00:00:00-04:00,140.91376707004395,143.37348593763164,139.61099400083162,143.31515502929688,512700,0.0,0.0
2023-06-08 00:00:00-04:00,143.15958910034874,143.72347924507702,140.90402852143563,141.30264282226562,390300,0.0,0.0
2023-06-09 00:00:00-04:00,141.30266739117812,142.26517200409126,139.38738987457438,141.28323364257812,335300,0.0,0.0
2023-06-12 00:00:00-04:00,141.06933105171797,143.21793203782318,140.3012678382832,142.80960083007812,313200,0.0,0.0
2023-06-13 00:00:00-04:00,143.26651818951012,145.90124419763876,143.15957326294583,145.4248504638672,280100,0.0,0.0
2023-06-14 00:00:00-04:00,145.20128065206933,145.5998801752146,141.94433283456758,143.9276580810547,376800,0.0,0.0
2023-06-15 00:00:00-04:00,142.84847655984385,148.26375662759392,141.8470897510544,147.76792907714844,342500,0.0,0.0
2023-06-16 00:00:00-04:00,148.12764045208857,148.12764045208857,145.76513493761104,147.03875732421875,561300,0.0,0.0
2023-06-20 00:00:00-04:00,145.94017372630998,148.42905845698087,144.79294461253073,148.3707275390625,413900,0.0,0.0
2023-06-21 00:00:00-04:00,147.2332088602564,149.7804241407829,147.18459482404126,147.59292602539062,596400,0.0,0.0
2023-06-22 00:00:00-04:00,147.07764504786803,147.07764504786803,144.41375320093113,145.01654052734375,284000,0.0,0.0
2023-06-23 00:00:00-04:00,142.62488472594598,145.0068243277937,141.39989103111853,144.2582244873047,460500,0.0,0.0
2023-06-26 00:00:00-04:00,144.30680762813188,148.1568106953178,143.71376684710737,145.72625732421875,400200,0.0,0.0
2023-06-27 00:00:00-04:00,145.99847546149104,149.27485659901038,145.99847546149104,148.8470916748047,384100,0.0,0.0
2023-06-28 00:00:00-04:00,149.26515334869973,149.36238142461815,147.41793858562258,147.84571838378906,320700,0.0,0.0
2023-06-29 00:00:00-04:00,147.89443948838073,149.56076498524695,146.94920800125897,147.5631103515625,327200,0.35,0.0
2023-06-30 00:00:00-04:00,149.41461008848964,150.7301279472196,147.80673510229312,149.9700469970703,417500,0.0,0.0
2023-07-03 00:00:00-04:00,149.32688400498301,151.86048174295635,149.10274655624858,151.50967407226562,148400,0.0,0.0
2023-07-05 00:00:00-04:00,150.10645854609797,150.71063645999078,148.50833785583922,150.0382537841797,347200,0.0,0.0
2023-07-06 00:00:00-04:00,148.50832508080845,149.307392791772,143.81141578154725,144.99050903320312,442900,0.0,0.0
2023-07-07 00:00:00-04:00,144.98074837313507,148.51805734494778,143.78216185251745,145.9259796142578,415500,0.0,0.0
2023-07-10 00:00:00-04:00,145.6434017467939,148.97606697439946,145.6434017467939,146.63734436035156,366300,0.0,0.0
2023-07-11 00:00:00-04:00,146.6958467262417,147.9236812399604,144.12326161203129,145.2244110107422,486200,0.0,0.0
2023-07-12 00:00:00-04:00,147.4071889254193,147.70927041808417,143.60677000477995,146.0624237060547,678000,0.0,0.0
2023-07-13 00:00:00-04:00,146.16961156859287,149.36585255202812,144.35710779037666,148.86888122558594,440500,0.0,0.0
2023-07-14 00:00:00-04:00,148.8688855312978,148.8688855312978,143.88937335840706,144.88331604003906,336800,0.0,0.0
2023-07-17 00:00:00-04:00,144.40583767817887,147.97237986067924,143.70422233509217,147.05638122558594,443300,0.0,0.0
2023-07-18 00:00:00-04:00,147.31946448415172,150.9542260111239,147.31946448415172,150.0284881591797,289400,0.0,0.0
2023-07-19 00:00:00-04:00,150.78859594199523,151.13940364941496,148.96633777358045,150.99322509765625,382900,0.0,0.0
2023-07-20 00:00:00-04:00,151.7825400642953,152.3184983538627,149.69718724873246,151.1004180908203,433200,0.0,0.0
2023-07-21 00:00:00-04:00,151.69481893896904,152.45489971875836,150.3305751981014,150.9347381591797,311900,0.0,0.0
2023-07-24 00:00:00-04:00,151.26606563125642,153.61452779809218,150.0967116267075,150.86654663085938,379300,0.0,0.0
2023-07-25 00:00:00-04:00,150.02849626734118,151.32452040862094,148.51807396983378,148.68373107910156,314200,0.0,0.0
2023-07-26 00:00:00-04:00,148.11855963075243,149.5705166537088,146.4717127400054,147.6800537109375,313300,0.0,0.0
2023-07-27 00:00:00-04:00,148.7032235790943,148.7032235790943,146.09165212989123,147.39743041992188,424000,0.0,0.0
2023-07-28 00:00:00-04:00,148.91763533057141,150.09672875829355,148.21601987393322,149.79464721679688,364500,0.0,0.0
2023-07-31 00:00:00-04:00,150.65219292361982,153.50736630285652,150.08700182207744,152.19183349609375,608100,0.0,0.0
2023-08-01 00:00:00-04:00,150.60343645954384,161.76104793677604,147.9723862440393,161.2445831298828,1113100,0.0,0.0
2023-08-02 00:00:00-04:00,159.84132560683562,161.75128155193298,156.68405695564462,157.11282348632812,597800,0.0,0.0
2023-08-03 00:00:00-04:00,155.36855619046423,156.92768980597256,152.22104135726835,156.55740356445312,361900,0.0,0.0
2023-08-04 00:00:00-04:00,156.92769936913976,157.79497186342826,154.6084848150456,155.31983947753906,325800,0.0,0.0
2023-08-07 00:00:00-04:00,156.12863550956388,158.6524938988333,155.16391072104162,157.77548217773438,405000,0.0,0.0
2023-08-08 00:00:00-04:00,155.05672879319846,157.86319026718522,153.03959576062755,157.3467254638672,282100,0.0,0.0
2023-08-09 00:00:00-04:00,157.71703906459177,157.71703906459177,155.16393271158216,155.32958984375,246700,0.0,0.0
2023-08-10 00:00:00-04:00,155.56346201246515,157.46366420077692,152.67904148033142,154.05303955078125,288600,0.0,0.0
2023-08-11 00:00:00-04:00,154.0335748960787,154.8618606073182,153.32220527042358,154.60850524902344,174800,0.0,0.0
2023-08-14 00:00:00-04:00,153.01037153561938,154.10176667213702,151.48045561754623,152.8739471435547,314200,0.0,0.0
2023-08-15 00:00:00-04:00,152.14311462633756,152.97140035282322,150.69115747876376,150.88604736328125,179600,0.0,0.0
2023-08-16 00:00:00-04:00,150.11623374394185,151.8410397798317,149.03457773759,149.1417694091797,175800,0.0,0.0
2023-08-17 00:00:00-04:00,149.9213127210093,150.5059822789778,144.8443480486602,145.20489501953125,268600,0.0,0.0
2023-08-18 00:00:00-04:00,144.43508705242445,145.63367387281372,143.06108894148286,143.70423889160156,341000,0.0,0.0
2023-08-21 00:00:00-04:00,144.10376924586143,144.24019363776247,142.50564856824494,143.8601531982422,222000,0.0,0.0
2023-08-22 00:00:00-04:00,144.26941253690256,146.44246330988628,144.084261979407,145.4387664794922,273900,0.0,0.0
2023-08-23 00:00:00-04:00,145.51673105851083,150.49624338294393,144.5325276350883,150.1356964111328,323100,0.0,0.0
2023-08-24 00:00:00-04:00,149.3658741972887,152.29900614159368,149.3658741972887,150.06748962402344,322200,0.0,0.0
2023-08-25 00:00:00-04:00,150.71061693647457,151.49993045569187,148.73245605994617,151.04193115234375,258600,0.0,0.0
2023-08-28 00:00:00-04:00,151.2855602879841,153.64376176228225,151.23683410633328,152.7764892578125,147200,0.0,0.0
2023-08-29 00:00:00-04:00,152.54260689627114,155.90452000765444,152.16256648400292,154.6669464111328,216600,0.0,0.0
2023-08-30 00:00:00-04:00,154.49152866245652,157.20055248379504,154.21867990965555,156.2650604248047,259700,0.0,0.0
2023-08-31 00:00:00-04:00,156.08965742347246,158.75969449628022,155.2516325448829,158.04833984375,242900,0.0,0.0
2023-09-01 00:00:00-04:00,159.17871417627043,160.9814638113995,159.17871417627043,160.67938232421875,329800,0.0,0.0
2023-09-05 00:00:00-04:00,159.31513940737057,159.31513940737057,155.57318600168347,156.51841735839844,296300,0.0,0.0
2023-09-06 00:00:00-04:00,156.65485582496464,158.76944130588237,155.64141962276858,157.55136108398438,261200,0.0,0.0
2023-09-07 00:00:00-04:00,156.44048897611114,158.94486931301813,155.6804080272071,158.3212127685547,320300,0.0,0.0
2023-09-08 00:00:00-04:00,157.53188306864106,157.53188306864106,153.12730080717247,153.42938232421875,242500,0.0,0.0
2023-09-11 00:00:00-04:00,154.27717727249683,154.27717727249683,150.515744914705,150.59368896484375,281100,0.0,0.0
2023-09-12 00:00:00-04:00,149.60948591762684,151.21734588364632,146.69583263631466,146.8030242919922,290500,0.0,0.0
2023-09-13 00:00:00-04:00,146.53020271438717,146.53020271438717,144.30842513795938,145.48753356933594,286000,0.0,0.0
2023-09-14 00:00:00-04:00,146.812772844102,149.45356237173363,146.32554076765334,149.3561248779297,209900,0.0,0.0
2023-09-15 00:00:00-04:00,147.97238907131918,149.3756049756945,145.93574767048426,147.47540283203125,589400,0.0,0.0
2023-09-18 00:00:00-04:00,148.07960460862574,153.0785964591731,147.58261828917597,152.8252410888672,373900,0.0,0.0
2023-09-19 00:00:00-04:00,152.38671356297638,154.23818956140687,151.47071485269103,151.6266326904297,681600,0.0,0.0
2023-09-20 00:00:00-04:00,153.0006186646222,154.16998759975,147.53387390873135,148.0503387451172,352200,0.0,0.0
2023-09-21 00:00:00-04:00,146.8322199750442,146.8322199750442,143.02207725376388,143.6165008544922,372500,0.0,0.0
2023-09-22 00:00:00-04:00,143.47034693049582,144.1719622801004,141.8332543608467,142.71026611328125,290100,0.0,0.0
2023-09-25 00:00:00-04:00,142.14510668085663,142.72005193457792,139.74793276215485,140.86856079101562,479900,0.0,0.0
2023-09-26 00:00:00-04:00,139.53353589967855,140.4008084722663,136.52244498836046,139.17298889160156,431600,0.0,0.0
2023-09-27 00:00:00-04:00,140.60544031361314,141.29731647463666,137.6430755313271,138.7247314453125,274800,0.0,0.0
2023-09-28 00:00:00-04:00,138.8126455079268,143.3062195476322,138.48049978511733,141.08872985839844,193300,0.35,0.0
2023-09-29 00:00:00-04:00,142.42707791155007,143.48209507010006,139.26202643590017,139.5746307373047,298700,0.0,0.0
2023-10-02 00:00:00-04:00,139.5062080307172,140.9812849867634,138.15812840354644,138.28512573242188,346900,0.0,0.0
2023-10-03 00:00:00-04:00,136.2923308514672,137.83578072037275,133.4203427983006,135.03216552734375,418500,0.0,0.0
2023-10-04 00:00:00-04:00,135.22751510982516,135.48150973794097,133.21517410195284,133.8599090576172,354800,0.0,0.0
2023-10-05 00:00:00-04:00,133.92828035551724,134.68045613890746,130.4506262822148,130.94883728027344,465100,0.0,0.0
2023-10-06 00:00:00-04:00,130.29436504901807,134.33858886091173,130.12829965187186,132.08203125,427400,0.0,0.0
2023-10-09 00:00:00-04:00,131.59359336391898,132.57045912596615,129.28818956925616,130.54833984375,348100,0.0,0.0
2023-10-10 00:00:00-04:00,131.62293212035308,135.2275551919117,131.58384913254102,134.56329345703125,432300,0.0,0.0
2023-10-11 00:00:00-04:00,134.52419932787643,136.12625868474703,132.54114798967356,134.64141845703125,363600,0.0,0.0
2023-10-12 00:00:00-04:00,135.1787127527398,135.71597709194978,131.2907756022157,131.73037719726562,456300,0.0,0.0
2023-10-13 00:00:00-04:00,131.35915377706075,132.69745523938533,126.24037128936337,126.90464782714844,313800,0.0,0.0
2023-10-16 00:00:00-04:00,128.93653064469672,130.2650688148272,127.73497490083984,128.36016845703125,292100,0.0,0.0
2023-10-17 00:00:00-04:00,127.21723766851439,132.64860950337044,126.08408459134881,129.51287841796875,467800,0.0,0.0
2023-10-18 00:00:00-04:00,127.10002554943188,127.10002554943188,122.76273847622456,122.78227996826172,389100,0.0,0.0
2023-10-19 00:00:00-04:00,122.64550876582967,124.67738404174997,121.03367864486673,121.92262268066406,465700,0.0,0.0
2023-10-20 00:00:00-04:00,121.53189178267615,121.64911092235313,118.22030948178823,119.92982482910156,328900,0.0,0.0
2023-10-23 00:00:00-04:00,119.74422900530875,121.12160610855504,116.13959129300976,116.27635192871094,541900,0.0,0.0
2023-10-24 00:00:00-04:00,117.73187780656149,118.00540652554031,115.40693959195794,115.66092681884766,429400,0.0,0.0
2023-10-25 00:00:00-04:00,115.23109121034105,115.23109121034105,112.50563467872612,112.61309051513672,437200,0.0,0.0
2023-10-26 00:00:00-04:00,113.36528680186915,116.501025339357,112.8670831230847,114.36168670654297,643900,0.0,0.0
2023-10-27 00:00:00-04:00,114.5961260915077,117.29227782110193,113.09175184575203,116.00281524658203,480000,0.0,0.0
2023-10-30 00:00:00-04:00,117.31182318577531,117.31182318577531,114.6938297099838,115.59254455566406,397600,0.0,0.0
2023-10-31 00:00:00-04:00,114.72312378076074,116.90153037615121,114.66450676385033,115.67068481445312,475100,0.0,0.0
2023-11-01 00:00:00-04:00,115.68045985647777,116.82339118824268,113.15038071421722,115.4753189086914,837300,0.0,0.0
2023-11-02 00:00:00-04:00,104.53441994134037,108.22697177653924,94.93182654896337,97.27630615234375,2341400,0.0,0.0
2023-11-03 00:00:00-04:00,99.64030550425751,105.21820798666816,98.555983936362,103.45985412597656,1530700,0.0,0.0
2023-11-06 00:00:00-05:00,103.86037930327078,103.92875961625445,97.86242344020485,98.84906005859375,896300,0.0,0.0
2023-11-07 00:00:00-05:00,98.43877960630438,100.49020408662952,97.6865960956421,99.58171844482422,647400,0.0,0.0
2023-11-08 00:00:00-05:00,99.91382969949751,104.71024420453176,99.28863620332727,103.68453216552734,857400,0.0,0.0
2023-11-09 00:00:00-05:00,106.01923823158805,106.75188754116179,104.18273331196511,104.2804183959961,650600,0.0,0.0
2023-11-10 00:00:00-05:00,104.18274965226937,108.16836431015972,102.6783752729805,107.70923614501953,841400,0.0,0.0
2023-11-13 00:00:00-05:00,107.66039368191247,107.7873835702784,106.13648520993893,106.9668197631836,554800,0.0,0.0
2023-11-14 00:00:00-05:00,109.50666168772338,114.654748956346,108.7544782529268,112.93546295166016,903000,0.0,0.0
2023-11-15 00:00:00-05:00,113.22853267103076,116.44241499798075,112.93546991307943,114.78174591064453,715600,0.0,0.0
2023-11-16 00:00:00-05:00,114.30307052357796,116.23726065390362,111.86090599839278,112.45679473876953,411700,0.0,0.0
2023-11-17 00:00:00-05:00,112.7205561593819,113.44343484212794,112.33957905273903,113.2578353881836,368800,0.0,0.0
2023-11-20 00:00:00-05:00,113.03314422665275,113.8244031635483,112.20280976223344,113.37504577636719,356500,0.0,0.0
2023-11-21 00:00:00-05:00,113.18945093232432,113.18945093232432,111.83160797054694,112.54471588134766,510800,0.0,0.0
2023-11-22 00:00:00-05:00,113.41413023611254,113.82441212808268,112.02698243779709,112.34934997558594,231500,0.0,0.0
2023-11-24 00:00:00-05:00,111.733904158974,114.0783834990094,111.43107815501206,112.68146514892578,138000,0.0,0.0
2023-11-27 00:00:00-05:00,112.31027294179229,113.78534252744168,111.15757088961709,113.70719146728516,284900,0.0,0.0
2023-11-28 00:00:00-05:00,112.96476345756285,114.30307232145675,111.53854024676893,112.25165557861328,314000,0.0,0.0
2023-11-29 00:00:00-05:00,113.80487573420771,115.4753155051435,113.80487573420771,114.97711181640625,426300,0.0,0.0
2023-11-30 00:00:00-05:00,115.54369364297176,117.41927432032391,114.61567404978365,117.02853393554688,702600,0.0,0.0
2023-12-01 00:00:00-05:00,116.54985969677956,121.93239250247537,116.51078416926424,121.43418884277344,523200,0.0,0.0
2023-12-04 00:00:00-05:00,120.38894492319487,124.19872321788796,120.38894492319487,123.86659240722656,554400,0.0,0.0
2023-12-05 00:00:00-05:00,122.72366078930573,123.75914371511658,120.75039494325817,120.95553588867188,786200,0.0,0.0
2023-12-06 00:00:00-05:00,122.03008403433175,125.22443963799867,120.84807721297423,121.58072662353516,521800,0.0,0.0
2023-12-07 00:00:00-05:00,122.2938312988829,122.82133972269376,119.65628917982863,120.44755554199219,496100,0.0,0.0
2023-12-08 00:00:00-05:00,120.00798289936918,121.66865951976696,119.94937332610785,120.89693450927734,381300,0.0,0.0
2023-12-11 00:00:00-05:00,121.61979298360022,127.98896221949491,121.61979298360022,127.4516830444336,725800,0.0,0.0
2023-12-12 00:00:00-05:00,127.58846229046655,127.58846229046655,125.64449368441892,126.1622314453125,311500,0.0,0.0
2023-12-13 00:00:00-05:00,125.90824751265791,134.26045408859466,125.90824751265791,132.87330627441406,727500,0.0,0.0
2023-12-14 00:00:00-05:00,136.22393910703755,145.89491991622057,136.22393910703755,145.3185577392578,1221300,0.0,0.0
2023-12-15 00:00:00-05:00,144.9571521780371,145.99262780335837,142.08516361374265,143.07180786132812,954500,0.0,0.0
2023-12-18 00:00:00-05:00,144.6152323822165,144.6152323822165,140.09235305384976,141.93862915039062,314200,0.0,0.0
2023-12-19 00:00:00-05:00,143.22806045851001,145.5041595871453,142.3488871908058,143.54066467285156,219900,0.0,0.0
2023-12-20 00:00:00-05:00,143.32576658525477,145.6800169905932,141.21573265584462,141.3524932861328,395300,0.0,0.0
2023-12-21 00:00:00-05:00,142.9252329669621,144.49798750288707,142.104669271468,144.32215881347656,330100,0.0,0.0
2023-12-22 00:00:00-05:00,145.20133860770804,146.8717857612417,144.41007965816732,145.3185577392578,244600,0.0,0.0
2023-12-26 00:00:00-05:00,145.7093377880905,149.51910926893345,145.54327235490427,148.32733154296875,196400,0.0,0.0
2023-12-27 00:00:00-05:00,148.9720549614696,149.40187835743257,146.88156245856982,147.9170379638672,292400,0.0,0.0
2023-12-28 00:00:00-05:00,148.07369574848843,148.6122197638792,145.70420502109397,146.3798065185547,230900,0.35,0.0
2023-12-29 00:00:00-05:00,145.69441408819964,146.7029158730351,144.80340301528304,144.93069458007812,188100,0.0,0.0
2024-01-02 00:00:00-05:00,144.07884682857772,145.81190958790904,141.58207947637288,141.72894287109375,386200,0.0,0.0
2024-01-03 00:00:00-05:00,140.14274832228207,140.14274832228207,135.18835762729148,138.55654907226562,505900,0.0,0.0
2024-01-04 00:00:00-05:00,139.44757368290746,139.85880613876813,135.68772128047388,136.12832641601562,805800,0.0,0.0
2024-01-05 00:00:00-05:00,135.0806498045297,138.45864202628098,135.0806498045297,136.64724731445312,248500,0.0,0.0
2024-01-08 00:00:00-05:00,135.62896271994785,138.82091810398902,134.4833835029117,138.55654907226562,241700,0.0,0.0
2024-01-09 00:00:00-05:00,136.97037913703613,138.0278404345819,135.19815772793345,137.3424530029297,185600,0.0,0.0
2024-01-10 00:00:00-05:00,136.53955461451608,137.9397170437338,135.91291256698278,137.6263885498047,207300,0.0,0.0
2024-01-11 00:00:00-05:00,136.8528586971468,137.91031976504422,134.267958844616,135.09042358398438,398000,0.0,0.0
2024-01-12 00:00:00-05:00,136.3926673847582,137.80261548038737,134.23858665657912,135.69747924804688,249300,0.0,0.0
2024-01-16 00:00:00-05:00,134.7673426826184,135.08067119842175,130.997689281111,131.77120971679688,322000,0.0,0.0
2024-01-17 00:00:00-05:00,128.54984805628845,131.5068220086605,128.33445340761224,130.71372985839844,285400,0.0,0.0
2024-01-18 00:00:00-05:00,132.04535348298822,134.91419462806533,130.34166343873983,134.89462280273438,457400,0.0,0.0
2024-01-19 00:00:00-05:00,134.92396562503603,138.13550722697482,134.16024627703362,136.93118286132812,512200,0.0,0.0
2024-01-22 00:00:00-05:00,138.13554264484517,139.12445771047697,136.88225852471416,137.4990997314453,252600,0.0,0.0
2024-01-23 00:00:00-05:00,139.18319031647164,139.18319031647164,135.46251182967418,135.91290283203125,312500,0.0,0.0
2024-01-24 00:00:00-05:00,138.3215809348862,138.3215809348862,133.0832339406982,133.2105255126953,391200,0.0,0.0
2024-01-25 00:00:00-05:00,134.90440969629225,136.41227691592204,133.2398931712524,134.953369140625,374900,0.0,0.0
2024-01-26 00:00:00-05:00,135.7562613038606,136.43186286072606,133.64135352886723,134.01341247558594,278100,0.0,0.0
2024-01-29 00:00:00-05:00,133.65110968085068,136.35350036621094,133.22029052659258,136.35350036621094,373300,0.0,0.0
2024-01-30 00:00:00-05:00,134.933800354987,137.26413276475844,134.933800354987,135.98147583007812,232100,0.0,0.0
2024-01-31 00:00:00-05:00,135.25690860024872,135.2862812813505,130.53751357253597,130.67459106445312,496100,0.0,0.0
2024-02-01 00:00:00-05:00,133.0538543798813,134.81628976885497,130.8899724694672,133.98402404785156,646900,0.0,0.0
2024-02-02 00:00:00-05:00,132.8874010089,136.7843305955652,132.15305419295353,136.39268493652344,535100,0.0,0.0
2024-02-05 00:00:00-05:00,134.03297457449153,134.58128445006633,132.30971283121022,133.18113708496094,459600,0.0,0.0
2024-02-06 00:00:00-05:00,133.80778917689355,135.12960452521256,132.72095525565808,134.62046813964844,489300,0.0,0.0
2024-02-07 00:00:00-05:00,135.70729712144623,139.65318613773275,133.84694289624088,137.82220458984375,722300,0.0,0.0
2024-02-08 00:00:00-05:00,148.39679939210464,150.5900538864363,142.46327962102117,144.91110229492188,1303300,0.0,0.0
2024-02-09 00:00:00-05:00,145.23422995791137,149.51301960214963,144.79362482439424,148.86679077148438,688900,0.0,0.0
2024-02-12 00:00:00-05:00,148.57302772208058,152.47974255167333,147.98554439386191,151.09918212890625,557000,0.0,0.0
2024-02-13 00:00:00-05:00,145.95877516615593,149.55217699940496,145.009018789103,147.07498168945312,767100,0.0,0.0
2024-02-14 00:00:00-05:00,148.1716157561276,150.4138149312508,146.97707700037023,150.2082061767578,631300,0.0,0.0
2024-02-15 00:00:00-05:00,151.0600396155723,154.5359509837146,150.4431834883448,154.32054138183594,512600,0.0,0.0
2024-02-16 00:00:00-05:00,153.42953413804668,158.707039635582,153.0966338141977,158.0216522216797,783700,0.0,0.0
2024-02-20 00:00:00-05:00,155.77948408229204,156.5236170027097,153.97787474074556,155.43678283691406,523400,0.0,0.0
2024-02-21 00:00:00-05:00,154.9471603040194,157.6299790742133,154.66321947499247,157.62017822265625,620200,0.0,0.0
2024-02-22 00:00:00-05:00,159.45118012618892,164.05308391433084,159.45118012618892,163.1131134033203,802300,0.0,0.0
2024-02-23 00:00:00-05:00,163.62227170717432,165.60011675960132,163.12292122269167,164.95388793945312,472300,0.0,0.0
2024-02-26 00:00:00-05:00,164.58179613272662,165.05178882720273,162.4766746807248,164.22930908203125,507800,0.0,0.0
2024-02-27 00:00:00-05:00,165.1986558665881,166.88275904163112,164.6601318966051,165.59030151367188,496300,0.0,0.0
2024-02-28 00:00:00-05:00,165.580507331719,167.36251435936904,164.25867719326322,167.12753295898438,363300,0.0,0.0
2024-02-29 00:00:00-05:00,167.98920554263722,168.9585338976413,166.70653372910198,167.91087341308594,596800,0.0,0.0
2024-03-01 00:00:00-05:00,168.2731501845745,169.15436051606795,167.20590290879707,167.8423309326172,447400,0.0,0.0
2024-03-04 00:00:00-05:00,169.13477221454335,169.947451189702,167.57794553472976,168.3612518310547,401900,0.0,0.0
2024-03-05 00:00:00-05:00,167.0296080215943,168.36122402330997,162.54519552964484,163.0641326904297,462200,0.0,0.0
2024-03-06 00:00:00-05:00,165.03221292593813,165.1497036371289,163.25999164396313,163.6907958984375,325600,0.0,0.0
2024-03-07 00:00:00-05:00,164.80698534381617,166.9121065247146,163.9845057045659,165.60986328125,583300,0.0,0.0
2024-03-08 00:00:00-05:00,168.6843603569635,171.89590261362505,167.95001353107457,169.46766662597656,452700,0.0,0.0
2024-03-11 00:00:00-04:00,168.0577280494215,169.0466431202956,164.49369851259496,167.98919677734375,340500,0.0,0.0
2024-03-12 00:00:00-04:00,168.40041452540638,172.47358011157684,168.1752040817414,171.78819274902344,461800,0.0,0.0
2024-03-13 00:00:00-04:00,171.78820437019252,172.36588697625785,170.5740938002009,171.00489807128906,352700,0.0,0.0
2024-03-14 00:00:00-04:00,171.31819951970294,171.31819951970294,166.06028165671043,167.47021484375,233200,0.0,0.0
2024-03-15 00:00:00-04:00,167.23525647334225,170.43701287499883,167.15692435100198,169.06622314453125,770600,0.0,0.0
2024-03-18 00:00:00-04:00,170.09430610560648,171.1125937818454,168.88998151247677,169.8984832763672,263500,0.0,0.0
2024-03-19 00:00:00-04:00,168.8507999931977,171.24966315360558,168.73330928927808,170.30970764160156,346600,0.0,0.0
2024-03-20 00:00:00-04:00,170.60344762463902,175.06827361252934,170.36845127884146,173.96185302734375,435900,0.0,0.0
2024-03-21 00:00:00-04:00,175.8907332299277,180.0128728999398,175.05846760253263,178.56375122070312,357100,0.0,0.0
2024-03-22 00:00:00-04:00,178.29941809048464,179.0337649278584,176.3117871792189,177.42799377441406,436100,0.0,0.0
2024-03-25 00:00:00-04:00,178.95540956186196,179.43517320482368,174.54932910990829,174.7059783935547,370700,0.0,0.0
2024-03-26 00:00:00-04:00,175.3620057684952,176.41945191624174,173.3841610515333,175.71449279785156,481400,0.0,0.0
2024-03-27 00:00:00-04:00,176.54838999169212,176.73477546601282,173.80146838512843,174.95909118652344,547500,0.35,0.0
2024-03-28 00:00:00-04:00,175.7929930473571,177.8531731407596,173.50716242005487,176.6857452392578,616900,0.0,0.0
2024-04-01 00:00:00-04:00,176.77404409485231,176.9113894411182,172.60461362022082,172.67327880859375,509900,0.0,0.0
2024-04-02 00:00:00-04:00,170.4659098933202,171.9669034608485,168.88643114303986,171.06434631347656,390900,0.0,0.0
2024-04-03 00:00:00-04:00,171.21154068105335,172.9479751218077,170.26973329782209,170.69158935546875,350900,0.0,0.0
2024-04-04 00:00:00-04:00,172.4966884450083,172.4966884450083,168.39592339422904,169.46527099609375,299700,0.0,0.0
2024-04-05 00:00:00-04:00,170.15203710869295,172.06506725415338,169.00421902141667,169.13174438476562,518900,0.0,0.0
2024-04-08 00:00:00-04:00,171.36851405374753,171.4666243014826,169.29852854004554,169.70074462890625,359400,0.0,0.0
2024-04-09 00:00:00-04:00,169.66150930088008,170.4757764535994,166.89496198902498,168.54312133789062,307900,0.0,0.0
2024-04-10 00:00:00-04:00,163.64771484935432,166.1984316149082,162.38217647313985,163.82431030273438,446700,0.0,0.0
2024-04-11 00:00:00-04:00,164.4521576035851,165.3939500122829,161.14603422869615,163.4711151123047,486900,0.0,0.0
2024-04-12 00:00:00-04:00,162.1761147617666,163.0296168490627,158.8994367785996,159.99819946289062,362600,0.0,0.0
2024-04-15 00:00:00-04:00,162.41158983944405,162.7255156571693,157.5554324293287,159.44883728027344,453000,0.0,0.0
2024-04-16 00:00:00-04:00,158.13422996267562,161.71502880532614,156.9667870885812,159.89028930664062,309800,0.0,0.0
2024-04-17 00:00:00-04:00,159.4880843311603,160.99888317487532,156.39779151473542,156.50570678710938,353400,0.0,0.0
2024-04-18 00:00:00-04:00,157.33958644991515,158.60512457177524,152.39512432234835,152.99356079101562,563100,0.0,0.0
2024-04-19 00:00:00-04:00,153.08187268544862,157.59467439647796,152.90529221208413,156.68231201171875,652800,0.0,0.0
2024-04-22 00:00:00-04:00,156.74114859042348,161.91123126534907,156.39777776228513,160.62606811523438,638400,0.0,0.0
2024-04-23 00:00:00-04:00,161.27358611517627,165.54112724627652,161.27358611517627,163.62808227539062,396900,0.0,0.0
2024-04-24 00:00:00-04:00,164.46196622694035,165.25660826708804,160.00803980596103,161.11660766601562,377800,0.0,0.0
2024-04-25 00:00:00-04:00,158.88963954474372,160.59664380314467,157.18262031682318,158.89944458007812,357800,0.0,0.0
2024-04-26 00:00:00-04:00,159.8118029443718,162.0976335609227,157.70256774615012,160.99887084960938,285200,0.0,0.0
2024-04-29 00:00:00-04:00,161.36186078179088,163.32394571580423,160.64570397234164,163.11793518066406,358800,0.0,0.0
2024-04-30 00:00:00-04:00,161.54824916739065,163.23564328204466,157.48673425642554,158.31080627441406,419700,0.0,0.0
2024-05-01 00:00:00-04:00,158.1244031197468,159.66464683681343,155.79933747679308,157.1728057861328,412800,0.0,0.0
2024-05-02 00:00:00-04:00,158.9288770858209,160.51816106643275,153.7587791768104,159.45863342285156,421100,0.0,0.0
2024-05-03 00:00:00-04:00,162.5979921421286,163.68694993468247,159.70390474161965,161.95050048828125,302800,0.0,0.0
2024-05-06 00:00:00-04:00,163.9125529736049,165.8255825078056,162.55870977885462,165.6490020751953,607300,0.0,0.0
2024-05-07 00:00:00-04:00,149.1184549512872,159.82163185659402,149.1184549512872,154.21006774902344,1305400,0.0,0.0
2024-05-08 00:00:00-04:00,153.69014109341262,157.8399472021383,153.5331706808618,154.3866729736328,426300,0.0,0.0
2024-05-09 00:00:00-04:00,154.82813743590987,159.67447490230353,154.46514152483553,157.94784545898438,327200,0.0,0.0
2024-05-10 00:00:00-04:00,158.46776710967194,159.50766958922043,155.91705105191605,158.13421630859375,273200,0.0,0.0
2024-05-13 00:00:00-04:00,159.19375610351562,160.46911423075073,158.46777933090016,159.19375610351562,310000,0.0,0.0
2024-05-14 00:00:00-04:00,159.81183741771952,160.5378143483074,156.88833459047203,159.2232208251953,277100,0.0,0.0
2024-05-15 00:00:00-04:00,161.5972936201194,164.39327024539799,161.0086622349498,163.89292907714844,344500,0.0,0.0
2024-05-16 00:00:00-04:00,163.84390684931208,163.84390684931208,156.79022366301476,157.1630096435547,409200,0.0,0.0
2024-05-17 00:00:00-04:00,157.52598941931424,158.7032373357967,156.30949142288804,156.65284729003906,234100,0.0,0.0
2024-05-20 00:00:00-04:00,156.61362411197905,158.75230454627666,156.07404774303785,157.13357543945312,218900,0.0,0.0
2024-05-21 00:00:00-04:00,156.40759312678546,156.97659955325426,154.67115874048866,154.85755920410156,207700,0.0,0.0
2024-05-22 00:00:00-04:00,154.37683247716666,155.72085577330458,153.04261421599008,155.39710998535156,383900,0.0,0.0
2024-05-23 00:00:00-04:00,157.3494090036433,157.3494090036433,146.40097090030892,146.97979736328125,753200,0.0,0.0
2024-05-24 00:00:00-04:00,147.7940601514349,149.58936988693992,143.96800003938938,146.69529724121094,626800,0.0,0.0
2024-05-28 00:00:00-04:00,147.15638681563715,147.33296729444547,141.34861654565594,143.29107666015625,447000,0.0,0.0
2024-05-29 00:00:00-04:00,141.67234088727966,143.07522437659537,139.99475174564807,140.82864379882812,351500,0.0,0.0
2024-05-30 00:00:00-04:00,140.95617569702557,144.2132439011143,140.92674562032164,143.869873046875,446000,0.0,0.0
2024-05-31 00:00:00-04:00,144.82147845921682,146.89147858147928,142.88882367812022,146.705078125,476700,0.0,0.0
2024-06-03 00:00:00-04:00,148.13739388131813,148.34341936005896,139.53364833661357,143.5166778564453,453200,0.0,0.0
2024-06-04 00:00:00-04:00,140.32830231322805,142.34926228928563,137.0319991563979,137.47348022460938,321700,0.0,0.0
2024-06-05 00:00:00-04:00,138.28773824062432,140.24000296483973,137.13010046674881,140.0045623779297,407600,0.0,0.0
2024-06-06 00:00:00-04:00,139.81816198502727,140.61280390517786,133.86322764692952,137.4832763671875,514200,0.0,0.0
2024-06-07 00:00:00-04:00,136.30602928609196,139.0725609854066,135.38384706314753,138.6409149169922,458300,0.0,0.0
2024-06-10 00:00:00-04:00,137.5617646575419,140.65204218776987,137.52251457914423,139.84759521484375,340700,0.0,0.0
2024-06-11 00:00:00-04:00,138.4152893494896,140.59320500117016,138.16022367632317,139.0725860595703,357300,0.0,0.0
2024-06-12 00:00:00-04:00,143.9483684640196,148.9222613534947,142.57491488856442,142.75149536132812,920200,0.0,0.0
2024-06-13 00:00:00-04:00,142.30020211500013,143.1733292460903,138.3760325425466,140.03399658203125,273600,0.0,0.0
2024-06-14 00:00:00-04:00,137.34595117209682,137.34595117209682,131.96002241210644,135.89401245117188,542700,0.0,0.0
2024-06-17 00:00:00-04:00,135.78611138480156,138.22889790576218,134.18700713858198,136.93392944335938,407300,0.0,0.0
2024-06-18 00:00:00-04:00,137.54214181824702,141.2603009061567,136.884845205002,139.82797241210938,379900,0.0,0.0
2024-06-20 00:00:00-04:00,139.52387749094524,139.94571861668538,137.12032615410294,137.73837280273438,228500,0.0,0.0
2024-06-21 00:00:00-04:00,138.02287630358794,138.47414748564222,135.71742036422012,138.44471740722656,507900,0.0,0.0
2024-06-24 00:00:00-04:00,139.17070581589547,142.40814943588535,136.58075391380802,139.8966827392578,578600,0.0,0.0
2024-06-25 00:00:00-04:00,138.32699525442217,138.8763766702384,133.99078911442038,135.04049682617188,389500,0.0,0.0
2024-06-26 00:00:00-04:00,134.00056740250255,135.31516052358612,132.40147859413173,134.23602294921875,400100,0.0,0.0
2024-06-27 00:00:00-04:00,133.89268305109857,134.54017472687346,131.64610219787647,133.8436279296875,475500,0.0,0.0
2024-06-28 00:00:00-04:00,133.8436240717981,136.0566469268053,131.34535875543114,132.9977569580078,855700,0.35,0.0
2024-07-01 00:00:00-04:00,134.05014554108286,134.73865344962806,129.6536212305769,130.0076904296875,433900,0.0,0.0
2024-07-02 00:00:00-04:00,130.42082304490287,132.47647183828028,128.78810031560795,131.6601104736328,409500,0.0,0.0
2024-07-03 00:00:00-04:00,132.94856226311975,134.19769479533053,131.8863095988799,133.42066955566406,212600,0.0,0.0
2024-07-05 00:00:00-04:00,132.62400463478673,132.62400463478673,130.4109816554586,130.57818603515625,273700,0.0,0.0
2024-07-08 00:00:00-04:00,131.21750209534838,134.5812949488158,131.21750209534838,133.7354278564453,402300,0.0,0.0
2024-07-09 00:00:00-04:00,133.73544373752497,133.73544373752497,130.38148073977112,131.33554077148438,337600,0.0,0.0
2024-07-10 00:00:00-04:00,132.34859220115592,135.6730489192714,131.35519629200076,135.16159057617188,314800,0.0,0.0
2024-07-11 00:00:00-04:00,137.9942741472588,139.73518968184857,137.0205386771279,139.2040557861328,319100,0.0,0.0
2024-07-12 00:00:00-04:00,140.37450359509631,145.20381497979048,140.37450359509631,143.13832092285156,574700,0.0,0.0
2024-07-15 00:00:00-04:00,143.64977241826267,149.15773129248635,142.7547240359941,147.7414093017578,613600,0.0,0.0
2024-07-16 00:00:00-04:00,149.17743235049747,157.12464630906433,148.5184450245303,155.46241760253906,672400,0.0,0.0
2024-07-17 00:00:00-04:00,153.72147161783442,154.48866664610227,148.12499557475726,148.95118713378906,596200,0.0,0.0
2024-07-18 00:00:00-04:00,148.52827906514793,152.91498952092317,146.65950988466608,146.9742431640625,476500,0.0,0.0
2024-07-19 00:00:00-04:00,146.8365418729254,147.4070118774943,144.6235186692813,145.91200256347656,313700,0.0,0.0
2024-07-22 00:00:00-04:00,147.3971650589188,152.5018737430005,143.4825775452621,150.11180114746094,399100,0.0,0.0
2024-07-23 00:00:00-04:00,148.951197552277,152.15761645071126,148.44956942147587,149.52166748046875,338900,0.0,0.0
2024-07-24 00:00:00-04:00,147.33813435428556,149.59049304313064,143.30550926866084,143.3546905517578,474800,0.0,0.0
2024-07-25 00:00:00-04:00,143.8563264716708,152.275662207401,142.48917062931676,148.42991638183594,337600,0.0,0.0
2024-07-26 00:00:00-04:00,151.81336708478952,154.21325471154103,150.63307627501732,152.93463134765625,448600,0.0,0.0
2024-07-29 00:00:00-04:00,153.64281190495996,154.85259357122894,151.1642220208777,153.2001953125,494900,0.0,0.0
2024-07-30 00:00:00-04:00,153.58377044100095,158.86552819371994,153.58377044100095,155.85581970214844,692200,0.0,0.0
2024-07-31 00:00:00-04:00,158.9737212760579,164.08825966938136,156.22956470005695,158.03932189941406,888600,0.0,0.0
2024-08-01 00:00:00-04:00,166.26194195386603,169.57656862074074,155.64927448655854,160.28187561035156,941400,0.0,0.0
2024-08-02 00:00:00-04:00,153.92804557270318,153.93787582767902,144.2497618363833,148.55776977539062,874900,0.0,0.0
2024-08-05 00:00:00-04:00,141.49578156353937,145.99066962341485,139.07620300693296,144.2989501953125,844000,0.0,0.0
2024-08-06 00:00:00-04:00,143.6104278937665,150.9183291257453,142.8137420478732,146.8660430908203,695800,0.0,0.0
2024-08-07 00:00:00-04:00,149.56100744900638,150.67244156323233,145.9513229014845,146.38409423828125,466100,0.0,0.0
2024-08-08 00:00:00-04:00,148.44955403128455,154.1542377137591,147.42665237479542,153.24935913085938,486900,0.0,0.0
2024-08-09 00:00:00-04:00,153.22970552804244,154.84275279918813,149.46266181576277,150.9183349609375,392600,0.0,0.0
2024-08-12 00:00:00-04:00,151.15437354287184,152.43301198806512,148.00696622179592,148.62661743164062,243200,0.0,0.0
2024-08-13 00:00:00-04:00,149.9937829817253,152.6690831312871,148.83318255332426,152.3248291015625,311700,0.0,0.0
2024-08-14 00:00:00-04:00,152.9838211244389,154.01656823761851,150.67245045096612,152.35433959960938,213500,0.0,0.0
2024-08-15 00:00:00-04:00,154.36081646772354,157.40003113689085,153.25922759274266,155.19683837890625,636700,0.0,0.0
2024-08-16 00:00:00-04:00,154.81324360925203,156.46564187942707,154.2231131619214,155.16732788085938,227400,0.0,0.0
2024-08-19 00:00:00-04:00,155.305012453757,158.14751662443445,154.2132539656133,157.1344451904297,379700,0.0,0.0
2024-08-20 00:00:00-04:00,156.475442102635,158.23603286812383,152.2461071723768,154.95091247558594,441200,0.0,0.0
2024-08-21 00:00:00-04:00,155.94436271562654,158.23607286180328,154.09525418387358,158.0098419189453,233400,0.0,0.0
2024-08-22 00:00:00-04:00,159.22947162967318,159.93764022796532,156.73122102482634,157.48855590820312,460600,0.0,0.0
2024-08-23 00:00:00-04:00,158.80652735068307,165.5537887730371,157.46887737456555,165.1210174560547,426300,0.0,0.0
2024-08-26 00:00:00-04:00,165.66196279645962,167.34386673835238,163.60631409594075,163.6751708984375,239800,0.0,0.0
2024-08-27 00:00:00-04:00,162.89815261350086,164.44235802495456,160.25235837880817,163.05552673339844,277400,0.0,0.0
2024-08-28 00:00:00-04:00,161.4916513736492,164.28497430245994,160.16383170266133,161.06871032714844,302700,0.0,0.0
2024-08-29 00:00:00-04:00,163.58667026645253,166.3603180048283,161.97360795457377,162.5145721435547,319100,0.0,0.0
2024-08-30 00:00:00-04:00,164.18662711786817,166.00622979929673,161.73755795069644,165.0521697998047,268500,0.0,0.0
2024-09-03 00:00:00-04:00,163.3899326094282,163.98007804465715,153.49526386717287,154.1542510986328,392300,0.0,0.0
2024-09-04 00:00:00-04:00,153.13135445145753,153.13135445145753,146.95456272464673,148.2725372314453,635300,0.0,0.0
2024-09-05 00:00:00-04:00,148.24304278199784,150.56425873616698,144.6431882499517,149.48233032226562,553700,0.0,0.0
2024-09-06 00:00:00-04:00,150.2691774668747,151.65600880751722,146.06934741759147,146.55130004882812,487400,0.0,0.0
2024-09-09 00:00:00-04:00,147.53484024788673,150.2691514198393,145.47919174235764,145.50869750976562,411500,0.0,0.0
2024-09-10 00:00:00-04:00,146.36442007290952,146.6299870334922,142.8727585820678,145.0956268310547,281500,0.0,0.0
2024-09-11 00:00:00-04:00,143.07930881332734,146.30540322669265,140.08926057146255,146.13819885253906,508300,0.0,0.0
2024-09-12 00:00:00-04:00,146.16771687686082,148.5086083272862,145.6267526751209,146.40377807617188,346600,0.0,0.0
2024-09-13 00:00:00-04:00,148.54793820253042,154.67554879523712,147.26929968994048,152.5018768310547,420600,0.0,0.0
2024-09-16 00:00:00-04:00,153.18051734060575,154.8624061713364,151.2035408098606,153.24935913085938,471600,0.0,0.0
2024-09-17 00:00:00-04:00,154.5968644489996,162.82932035832573,154.2723009437209,161.05889892578125,550800,0.0,0.0
2024-09-18 00:00:00-04:00,162.96698471151097,165.97669301014508,158.9245295436542,162.99649047851562,1048800,0.0,0.0
2024-09-19 00:00:00-04:00,169.21262017095668,171.88791981862573,166.38979168566695,171.3863067626953,820700,0.0,0.0
2024-09-20 00:00:00-04:00,168.89790449893061,170.383083314424,166.79307448512185,166.881591796875,760800,0.0,0.0
2024-09-23 00:00:00-04:00,167.96353108848587,168.8880853154594,164.39318253352036,165.0521697998047,378600,0.0,0.0
2024-09-24 00:00:00-04:00,166.44882542559893,169.0946196587025,165.04233362591697,165.71115112304688,236100,0.0,0.0
2024-09-25 00:00:00-04:00,166.48818939689812,166.48818939689812,161.42281645427795,162.12115478515625,283900,0.0,0.0
2024-09-26 00:00:00-04:00,165.19972029695992,166.47834384544402,164.28499628812665,166.23245239257812,422600,0.0,0.0
2024-09-27 00:00:00-04:00,167.3461771045094,170.44098195017915,164.44850565623904,164.77374267578125,325900,0.35,0.0
2024-09-30 00:00:00-04:00,163.91626586693303,165.00043937162923,161.38326419020302,163.49246215820312,349100,0.0,0.0
2024-10-01 00:00:00-04:00,163.65014052215423,164.47806163390698,159.27405912169473,161.36354064941406,380300,0.0,0.0
2024-10-02 00:00:00-04:00,160.61449269100436,163.14749437732405,159.53031918220358,162.24073791503906,310000,0.0,0.0
2024-10-03 00:00:00-04:00,161.03828298820935,161.6197873494197,158.06174645310378,161.49166870117188,286900,0.0,0.0
2024-10-04 00:00:00-04:00,165.11871512177981,165.6706525540014,161.708523827339,165.39468383789062,439100,0.0,0.0
2024-10-07 00:00:00-04:00,164.28092289423736,167.77982980116616,163.68956787845272,166.91250610351562,265500,0.0,0.0
2024-10-08 00:00:00-04:00,167.11950557271769,167.27720628801939,162.71384147346453,163.10809326171875,315400,0.0,0.0
2024-10-09 00:00:00-04:00,162.6941156748694,165.51293658096913,162.37871429173995,164.36964416503906,377700,0.0,0.0
2024-10-10 00:00:00-04:00,163.31502844364206,163.4530127811413,160.33849197568463,161.60008239746094,319500,0.0,0.0
2024-10-11 00:00:00-04:00,161.95491897145388,170.1748761946801,161.95491897145388,168.75559997558594,410000,0.0,0.0
2024-10-14 00:00:00-04:00,169.71163957137475,175.39859509451207,169.03156846399932,174.8367919921875,481100,0.0,0.0
2024-10-15 00:00:00-04:00,174.77766659783208,176.3447778986055,171.29847557900777,171.75184631347656,362400,0.0,0.0
2024-10-16 00:00:00-04:00,173.86103592377225,175.90124924696354,172.3333573938462,175.2014617919922,553900,0.0,0.0
2024-10-17 00:00:00-04:00,175.20146497521344,176.8671429269231,173.61463737473366,173.9990234375,400400,0.0,0.0
2024-10-18 00:00:00-04:00,174.7382342782681,175.57600612822444,173.09227262030538,174.53126525878906,375800,0.0,0.0
2024-10-21 00:00:00-04:00,174.36369194143617,175.18174734014195,170.4409662889677,170.49024963378906,344700,0.0,0.0
2024-10-22 00:00:00-04:00,169.8791707923383,169.89888713723232,167.17860303011466,167.3363037109375,310900,0.0,0.0
2024-10-23 00:00:00-04:00,166.87307560266646,169.07097443322112,164.5963264278058,165.57208251953125,316200,0.0,0.0
2024-10-24 00:00:00-04:00,166.48871402635,167.77000599096996,164.41894858119556,165.63124084472656,373100,0.0,0.0
2024-10-25 00:00:00-04:00,168.40079219930308,168.40079219930308,163.83742753017626,164.0345458984375,343200,0.0,0.0
2024-10-28 00:00:00-04:00,166.58725926056192,169.36666251131078,164.82301473320507,168.40077209472656,336300,0.0,0.0
2024-10-29 00:00:00-04:00,165.99589952347753,167.51374245464606,164.9511586961148,166.98150634765625,409800,0.0,0.0
2024-10-30 00:00:00-04:00,166.58728480235635,170.20446037175628,166.0649143411102,166.61685180664062,273300,0.0,0.0
2024-10-31 00:00:00-04:00,165.46366883329833,167.66156771243382,163.43332129982946,164.1429443359375,401700,0.0,0.0
2024-11-01 00:00:00-04:00,163.85714498512445,168.86402977643766,163.85714498512445,166.5872802734375,569600,0.0,0.0
2024-11-04 00:00:00-05:00,165.27642006985235,170.90422693123347,165.27642006985235,167.77000427246094,549900,0.0,0.0
2024-11-05 00:00:00-05:00,148.13669857387268,167.129344990811,142.25262503188875,165.5523681640625,994400,0.0,0.0
2024-11-06 00:00:00-05:00,180.83915208221615,182.61324753242891,175.7731331538779,178.98622131347656,1088400,0.0,0.0
2024-11-07 00:00:00-05:00,178.69050594663392,180.21819940981803,174.7283626192088,176.34475708007812,630600,0.0,0.0
2024-11-08 00:00:00-05:00,175.61543300241257,176.4532048963379,172.04754078048236,172.54034423828125,379200,0.0,0.0
2024-11-11 00:00:00-05:00,175.00435621006312,175.36902594522064,172.58962234804977,173.7624969482422,582900,0.0,0.0
2024-11-12 00:00:00-05:00,172.0278000279368,173.53579223091745,167.40531688241373,168.0853729248047,406100,0.0,0.0
2024-11-13 00:00:00-05:00,168.55848519602415,171.14077029216142,168.34165048910933,169.67221069335938,508700,0.0,0.0
2024-11-14 00:00:00-05:00,170.28329292265653,172.47134124589144,168.52891400246514,170.00732421875,555100,0.0,0.0
2024-11-15 00:00:00-05:00,170.14530174131173,171.45616055183493,166.34085900254365,167.2870330810547,427400,0.0,0.0
2024-11-18 00:00:00-05:00,166.90266014527043,170.72681953066393,165.59180123183228,170.01718139648438,551000,0.0,0.0
2024-11-19 00:00:00-05:00,167.22790069109044,169.74120098992535,165.1285534354853,169.54408264160156,406500,0.0,0.0
2024-11-20 00:00:00-05:00,169.29768872979295,169.54409043631742,163.4136147748555,168.7358856201172,442900,0.0,0.0
2024-11-21 00:00:00-05:00,169.96787774281083,173.08239862198164,167.80939659578527,171.23931884765625,246400,0.0,0.0
2024-11-22 00:00:00-05:00,171.79127250608352,175.94066881500294,171.22946939735812,174.81707763671875,551500,0.0,0.0
2024-11-25 00:00:00-05:00,176.79815503900343,180.07036183984258,176.33491863347052,179.59727478027344,857300,0.0,0.0
2024-11-26 00:00:00-05:00,178.15830568631563,178.15830568631563,168.8246067285852,169.4948272705078,689600,0.0,0.0
2024-11-27 00:00:00-05:00,171.25904245403134,173.88076030911074,167.08007899575995,167.2180633544922,452200,0.0,0.0
2024-11-29 00:00:00-05:00,169.2484106676993,172.44178229811203,169.04142661051958,170.2241668701172,273500,0.0,0.0
2024-12-02 00:00:00-05:00,170.93379474202212,173.42739399557848,169.55395111953453,172.00811767578125,411800,0.0,0.0
2024-12-03 00:00:00-05:00,172.4811932236938,174.9254939224115,169.09070336205852,172.2643585205078,456800,0.0,0.0
2024-12-04 00:00:00-05:00,173.07257130033307,173.52594203575103,167.31661578592787,170.43113708496094,336300,0.0,0.0
2024-12-05 00:00:00-05:00,171.38717406394932,171.38717406394932,165.8579190494,166.57740783691406,464300,0.0,0.0
2024-12-06 00:00:00-05:00,168.20365762617655,168.5486109776088,165.57208931353912,167.99667358398438,369900,0.0,0.0
2024-12-09 00:00:00-05:00,168.43034297587957,170.4114072006742,167.37575153573994,167.99667358398438,347300,0.0,0.0
2024-12-10 00:00:00-05:00,167.14907829921665,167.79958249272988,162.85183141472302,165.75936889648438,346300,0.0,0.0
2024-12-11 00:00:00-05:00,168.1740879731584,169.4849467819234,165.75933935539,167.5827178955078,339500,0.0,0.0
2024-12-12 00:00:00-05:00,168.9330099305863,170.96337269679643,166.24230741148736,168.97244262695312,518800,0.0,0.0
2024-12-13 00:00:00-05:00,167.66158729783297,168.992162604194,164.3597982274808,166.4492950439453,461500,0.0,0.0
2024-12-16 00:00:00-05:00,165.01028779406656,167.218052428697,163.2066255547367,163.5121612548828,309100,0.0,0.0
2024-12-17 00:00:00-05:00,162.71385788405652,163.1376767192783,160.13157232701744,160.17098999023438,423000,0.0,0.0
2024-12-18 00:00:00-05:00,162.033759648402,164.3400911003947,153.8039514985751,154.27703857421875,831900,0.0,0.0
2024-12-19 00:00:00-05:00,156.23838514415047,158.10118128724523,151.4384700780996,153.7743682861328,543600,0.0,0.0
2024-12-20 00:00:00-05:00,152.719783162691,156.87904540254343,152.719783162691,153.7152557373047,1004500,0.0,0.0
2024-12-23 00:00:00-05:00,153.19285823629713,154.2868823896566,151.87214872911832,153.90249633789062,339300,0.0,0.0
2024-12-24 00:00:00-05:00,153.81380829216997,156.58336123681053,152.65079938496658,156.26797485351562,203500,0.0,0.0
2024-12-26 00:00:00-05:00,155.78501460961797,157.70694493837183,154.43473805234396,157.14515686035156,243500,0.0,0.0
2024-12-27 00:00:00-05:00,155.73572792232738,158.09132761614748,153.0450255197351,154.24746704101562,312200,0.0,0.0
2024-12-30 00:00:00-05:00,152.3551157249371,153.26187226417937,150.1572165587393,151.34979248046875,525100,0.0,0.0
2024-12-31 00:00:00-05:00,151.65603772638025,153.3749018306281,151.21150442609283,153.24649047851562,354500,0.35,0.0
2025-01-02 00:00:00-05:00,154.52082031020961,154.90608451117112,150.44095999920202,151.4189453125,314800,0.0,0.0
2025-01-03 00:00:00-05:00,151.63625787700886,157.2374129552392,149.33454609519967,156.75335693359375,527500,0.0,0.0
2025-01-06 00:00:00-05:00,158.38332863658982,162.15693963751556,156.0223478192203,157.0398406982422,779800,0.0,0.0
2025-01-07 00:00:00-05:00,157.49424623589366,158.91676464212813,153.1970715467091,154.28370666503906,396300,0.0,0.0
2025-01-08 00:00:00-05:00,151.51773422843974,153.72065435635326,150.54962209230527,153.30575561523438,374100,0.0,0.0
2025-01-10 00:00:00-05:00,151.0138944521024,151.6955190951747,145.63006969777302,147.4180908203125,573700,0.0,0.0
2025-01-13 00:00:00-05:00,146.3413289019577,151.1126863305228,146.3413289019577,149.95689392089844,588200,0.0,0.0
2025-01-14 00:00:00-05:00,151.8535882495099,155.13327016527805,150.79657256940598,153.5230712890625,437900,0.0,0.0
2025-01-15 00:00:00-05:00,158.41296230517582,159.53912019774847,154.63933625158563,155.43951416015625,360700,0.0,0.0
2025-01-16 00:00:00-05:00,154.50104039068347,157.4152345910567,153.8984461923701,156.53604125976562,302500,0.0,0.0
2025-01-17 00:00:00-05:00,158.79822074719513,158.79822074719513,154.1750511669527,154.59982299804688,462400,0.0,0.0
2025-01-21 00:00:00-05:00,156.23968917698946,160.5072296544907,155.21230799314003,160.0923309326172,386300,0.0,0.0
2025-01-22 00:00:00-05:00,161.21849829831336,162.62125550826798,159.70707605438574,160.18124389648438,395400,0.0,0.0
2025-01-23 00:00:00-05:00,159.46995161894392,165.3872280206754,158.59075837080215,165.0711212158203,463100,0.0,0.0
2025-01-24 00:00:00-05:00,165.23907228249502,165.74287462019015,162.21622810927957,163.43128967285156,338500,0.0,0.0
2025-01-27 00:00:00-05:00,161.85070713829322,161.85070713829322,157.36583689788927,160.94187927246094,524500,0.0,0.0
2025-01-28 00:00:00-05:00,160.31952303301102,161.02090908530283,155.94331783119796,158.87725830078125,339900,0.0,0.0
2025-01-29 00:00:00-05:00,159.03532842869595,160.86285741523085,157.76098265804384,158.7389678955078,207700,0.0,0.0
2025-01-30 00:00:00-05:00,161.4555766667571,163.391770657913,158.96616931889113,161.0703125,445300,0.0,0.0
2025-01-31 00:00:00-05:00,161.39629994560744,161.39629994560744,155.16291625001188,156.80274963378906,1225900,0.0,0.0
2025-02-03 00:00:00-05:00,147.4181007168394,153.00938272318567,146.93405976133843,150.0359344482422,863100,0.0,0.0
2025-02-04 00:00:00-05:00,154.65909042076302,155.14314640604474,152.01163745682496,153.00936889648438,671600,0.0,0.0
2025-02-05 00:00:00-05:00,152.57471242419422,154.00710395391468,151.01389449110192,153.18719482421875,709200,0.0,0.0
2025-02-06 00:00:00-05:00,150.15448256181054,150.15448256181054,140.37469005594414,141.1353302001953,1375400,0.0,0.0
2025-02-07 00:00:00-05:00,142.0046257047615,142.34049389747906,136.42323253255663,137.351806640625,920700,0.0,0.0
2025-02-10 00:00:00-05:00,138.4187247419914,138.88301943128607,134.50681362079368,134.84268188476562,743300,0.0,0.0
2025-02-11 00:00:00-05:00,133.36087554984297,135.25756174884032,132.8274386799933,133.9733428955078,635000,0.0,0.0
2025-02-12 00:00:00-05:00,130.47633369221455,137.69757587514812,129.70580537909993,136.69984436035156,1310900,0.0,0.0
2025-02-13 00:00:00-05:00,136.81838937395005,137.2629226424099,134.64510389318397,134.75376892089844,507800,0.0,0.0
2025-02-14 00:00:00-05:00,136.17628339541966,139.42633082570427,135.2476941086176,135.50453186035156,690000,0.0,0.0
2025-02-18 00:00:00-05:00,135.87004806677515,136.36397730444827,132.12607107756338,134.84268188476562,557300,0.0,0.0
2025-02-19 00:00:00-05:00,133.3608680575428,135.0501123519543,132.65948204503903,134.319091796875,544000,0.0,0.0
2025-02-20 00:00:00-05:00,134.53643189109286,134.53643189109286,132.04702461383647,134.39813232421875,466400,0.0,0.0
2025-02-21 00:00:00-05:00,135.49465557785305,135.49465557785305,131.2271002493275,133.01512145996094,1022800,0.0,0.0
2025-02-24 00:00:00-05:00,133.36086997410683,133.8054031926496,130.49608694481236,131.7506561279297,768400,0.0,0.0
2025-02-25 00:00:00-05:00,131.39504034531407,132.4125332913376,127.38433765345067,131.54322814941406,808700,0.0,0.0
2025-02-26 00:00:00-05:00,132.71875611804603,134.6154420663519,131.62223290551543,132.8570556640625,458700,0.0,0.0
2025-02-27 00:00:00-05:00,132.71877900742578,132.71877900742578,127.69056841155526,128.36231994628906,714400,0.0,0.0
2025-02-28 00:00:00-05:00,128.4215860934173,129.20198756117364,126.11987431845876,127.82886505126953,739800,0.0,0.0
2025-03-03 00:00:00-05:00,129.40945069284044,130.44670502989223,120.05443041778913,122.20796203613281,640600,0.0,0.0
2025-03-04 00:00:00-05:00,119.0369431220733,121.57573903490763,115.76713406716438,118.55289459228516,878800,0.0,0.0
2025-03-05 00:00:00-05:00,120.05442546405104,123.17606150395419,118.71093748950553,122.51419067382812,610600,0.0,0.0
2025-03-06 00:00:00-05:00,120.61750205517204,124.11452149038873,119.40244051505465,122.08940887451172,557200,0.0,0.0
2025-03-07 00:00:00-05:00,121.47695163889759,122.61299033416542,118.05896239531977,121.1312026977539,487600,0.0,0.0
2025-03-10 00:00:00-04:00,118.81960450512395,119.945762453152,115.62882616463156,115.91529846191406,481700,0.0,0.0
2025-03-11 00:00:00-04:00,116.27092791754876,117.45636249159112,112.34913649310926,117.07109832763672,832300,0.0,0.0
2025-03-12 00:00:00-04:00,118.54300736197052,118.95790607891468,115.04598774038102,117.26866912841797,583700,0.0,0.0
2025-03-13 00:00:00-04:00,116.84387996920307,117.13035978417216,112.82329693974187,113.49504089355469,524400,0.0,0.0
2025-03-14 00:00:00-04:00,115.52016361082838,115.75724751633622,112.97148713214426,115.3028335571289,891000,0.0,0.0
2025-03-17 00:00:00-04:00,114.55206287606204,117.58478796098389,114.12728344881023,116.97232055664062,845500,0.0,0.0
2025-03-18 00:00:00-04:00,116.28080681383562,118.93814821771613,114.48290489759127,117.32793426513672,437700,0.0,0.0
2025-03-19 00:00:00-04:00,117.50574972274534,122.76115593294561,117.25878513103149,121.81281280517578,839000,0.0,0.0
2025-03-20 00:00:00-04:00,119.96551585340666,123.37362401602174,119.66915534502238,122.03013610839844,927100,0.0,0.0
2025-03-21 00:00:00-04:00,120.1927336065631,120.47921345624007,116.34008421460481,119.2740249633789,826600,0.0,0.0
2025-03-24 00:00:00-04:00,121.68439893929238,123.49218163386944,121.3188886152773,122.88958740234375,564300,0.0,0.0
2025-03-25 00:00:00-04:00,123.344000420637,125.60619706093276,120.94350420728922,123.36375427246094,512100,0.0,0.0
2025-03-26 00:00:00-04:00,121.68439656075816,124.28246140850739,120.66690362678719,121.42755126953125,417100,0.0,0.0
2025-03-27 00:00:00-04:00,120.6175097625689,121.03240848391295,117.91077984272631,119.32341766357422,586500,0.0,0.0
2025-03-28 00:00:00-04:00,118.54299829325988,119.05668130302257,114.79901435941979,116.59691619873047,693400,0.0,0.0
2025-03-31 00:00:00-04:00,114.18928628604755,114.28836441524132,110.12702251568945,112.80216979980469,937700,0.35,0.0
2025-04-01 00:00:00-04:00,112.2968578427543,114.68468074189744,110.18646427913134,113.6641616821289,534100,0.0,0.0
2025-04-02 00:00:00-04:00,111.79155734794948,120.79789281200033,111.79155734794948,120.39167022705078,764000,0.0,0.0
2025-04-03 00:00:00-04:00,111.70238896585592,113.50563819134067,101.19994817262027,101.76470184326172,1718400,0.0,0.0
2025-04-04 00:00:00-04:00,95.39387722050805,98.01948922091253,91.64866799722486,97.94022369384766,1534800,0.0,0.0
2025-04-07 00:00:00-04:00,94.09593300166067,99.01028211761177,89.72651735679214,94.89847564697266,2062100,0.0,0.0
2025-04-08 00:00:00-04:00,98.94093556815915,99.95154463609971,91.44060663286224,93.1943130493164,1185800,0.0,0.0
2025-04-09 00:00:00-04:00,91.51986637932224,107.1843550769092,90.75694891659931,106.21337127685547,1244600,0.0,0.0
2025-04-10 00:00:00-04:00,101.70524708356281,101.70524708356281,93.32311084953571,95.79019165039062,1019300,0.0,0.0
2025-04-11 00:00:00-04:00,95.42359834481744,98.44553037201263,92.25305290577379,98.37617492675781,1542600,0.0,0.0
2025-04-14 00:00:00-04:00,101.18012647134181,101.18012647134181,96.10724641356953,99.5453109741211,1084300,0.0,0.0
2025-04-15 00:00:00-04:00,98.59415830329085,100.28841935055894,97.24667450677755,98.0492172241211,606700,0.0,0.0
2025-04-16 00:00:00-04:00,96.0676191244174,97.5141809776918,93.55099533282717,95.75056457519531,766500,0.0,0.0
2025-04-17 00:00:00-04:00,95.95863153312821,98.29691168340818,94.95792503477851,97.48445892333984,839500,0.0,0.0
2025-04-21 00:00:00-04:00,95.76047455235272,96.62246259130579,94.175201807956,96.37476348876953,755300,0.0,0.0
2025-04-22 00:00:00-04:00,98.23746474637001,100.55592469808435,97.2466683446097,100.26859283447266,617300,0.0,0.0
2025-04-23 00:00:00-04:00,104.45966339977493,108.32377082150202,101.12067685377001,101.64579772949219,675800,0.0,0.0
2025-04-24 00:00:00-04:00,103.03291985195493,105.95577389036664,100.62528419634702,105.36128997802734,603700,0.0,0.0
2025-04-25 00:00:00-04:00,104.36058578798212,106.1142920758587,103.79583214688526,106.03502655029297,616500,0.0,0.0
2025-04-28 00:00:00-04:00,106.68895371031682,108.27422639473636,103.68684191062748,105.05413818359375,647600,0.0,0.0
2025-04-29 00:00:00-04:00,105.69816939046787,106.71868856120895,104.18225197690666,105.92605590820312,446400,0.0,0.0
2025-04-30 00:00:00-04:00,103.51841431282766,105.24239798413156,101.28912234574997,104.86589050292969,697000,0.0,0.0
2025-05-01 00:00:00-04:00,106.22327955412031,107.80855225866365,104.9847840725745,106.33226776123047,1062500,0.0,0.0
2025-05-02 00:00:00-04:00,108.82907092872952,112.46529939424885,107.44196204180281,110.7016830444336,681100,0.0,0.0
2025-05-05 00:00:00-04:00,109.16595177532174,111.27634546568436,108.4922098955213,109.26502990722656,1129000,0.0,0.0
2025-05-06 00:00:00-04:00,127.48577332565509,127.48577332565509,120.32231945464261,124.08734130859375,1772600,0.0,0.0
2025-05-07 00:00:00-04:00,125.33575063965927,129.25931122480262,123.58204425318966,128.70445251464844,1644300,0.0,0.0
2025-05-08 00:00:00-04:00,132.13261873539346,134.29254779775576,129.6160023366905,130.973388671875,1089400,0.0,0.0
2025-05-09 00:00:00-04:00,132.5982854391868,133.72779274248884,130.30954814973424,132.9846954345703,981100,0.0,0.0
2025-05-12 00:00:00-04:00,142.83321862731563,145.66689705458643,140.27696199418148,143.71502685546875,1821600,0.0,0.0
2025-05-13 00:00:00-04:00,143.8636364248986,146.63786941038742,142.94220301581868,143.0115509033203,953700,0.0,0.0
2025-05-14 00:00:00-04:00,142.4071739009914,143.13046621693033,139.95990538482783,141.01016235351562,543400,0.0,0.0
2025-05-15 00:00:00-04:00,139.42487747510407,139.88063537524278,138.2161045981821,138.4142608642578,597700,0.0,0.0
2025-05-16 00:00:00-04:00,138.71150993725587,140.84171636395038,138.1665688388314,140.1283416748047,870900,0.0,0.0
2025-05-19 00:00:00-04:00,137.00731777383643,141.85231131018102,137.00731777383643,139.99952697753906,586800,0.0,0.0
2025-05-20 00:00:00-04:00,139.52396466539284,141.34702652222995,138.38453966610402,139.38523864746094,642100,0.0,0.0
2025-05-21 00:00:00-04:00,136.76952039346494,138.01793346009268,133.3512760373389,133.42063903808594,887100,0.0,0.0
2025-05-22 00:00:00-04:00,132.46946904483355,134.23308533934394,131.54803569563148,133.75750732421875,568000,0.0,0.0
2025-05-23 00:00:00-04:00,130.05193899123893,133.9259568108396,129.06114252290246,133.1432342529297,531100,0.0,0.0
2025-05-27 00:00:00-04:00,135.3923226206387,138.4538950003352,134.6492253173018,138.28546142578125,536000,0.0,0.0
2025-05-28 00:00:00-04:00,138.26565165590668,138.909663319858,135.29326221916926,135.67967224121094,605200,0.0,0.0
2025-05-29 00:00:00-04:00,137.72069973792878,137.72069973792878,135.02573231776148,136.0858917236328,443100,0.0,0.0
2025-05-30 00:00:00-04:00,135.11489435509458,135.11489435509458,130.96345520066993,132.2118682861328,638900,0.0,0.0
2025-06-02 00:00:00-04:00,132.59828966064288,132.59828966064288,129.26921301044774,130.56715393066406,414500,0.0,0.0
2025-06-03 00:00:00-04:00,131.13192181900496,135.93727573622462,129.81416066988504,134.77804565429688,552100,0.0,0.0
2025-06-04 00:00:00-04:00,135.33288707019332,136.37322639398522,134.906851842192,135.04556274414062,519600,0.0,0.0
2025-06-05 00:00:00-04:00,135.1842691454832,139.3951540295921,134.8573045049852,137.1460418701172,664000,0.0,0.0
2025-06-06 00:00:00-04:00,139.68247053431844,140.6138215578897,138.02784238071223,138.55296325683594,624100,0.0,0.0
2025-06-09 00:00:00-04:00,140.45530767668654,142.4468183355727,138.5926205202021,140.7822723388672,595500,0.0,0.0
2025-06-10 00:00:00-04:00,141.66406362125062,143.65557404106798,140.1382438325947,142.62513732910156,635300,0.0,0.0
2025-06-11 00:00:00-04:00,143.2493553238832,144.68600718047958,141.95141436823363,142.54588317871094,655200,0.0,0.0
2025-06-12 00:00:00-04:00,140.25714642669126,141.29748574795968,138.89976009531833,140.3661346435547,524100,0.0,0.0
2025-06-13 00:00:00-04:00,137.2451381944225,139.46451272365124,135.2437249907244,136.4227752685547,562200,0.0,0.0
2025-06-16 00:00:00-04:00,138.99882634836686,141.40646956660828,138.39443991335065,140.9011688232422,526000,0.0,0.0
2025-06-17 00:00:00-04:00,139.34560764050178,140.90116527376924,137.57208870413186,137.7008819580078,436500,0.0,0.0
2025-06-18 00:00:00-04:00,137.66126000627375,141.21821560299145,137.04697105039324,138.39443969726562,395900,0.0,0.0
2025-06-20 00:00:00-04:00,139.72211841887597,140.74263754419215,137.1163189397569,138.39443969726562,561400,0.0,0.0
2025-06-23 00:00:00-04:00,137.23519783063665,140.04907097170016,134.9068354649857,139.71218872070312,546200,0.0,0.0
2025-06-24 00:00:00-04:00,143.82401894922546,144.78509273282714,141.69379747162867,143.79429626464844,678700,0.0,0.0
2025-06-25 00:00:00-04:00,144.30948803080824,144.30948803080824,140.9011611515854,142.30809020996094,851100,0.0,0.0
2025-06-26 00:00:00-04:00,143.32861938220162,146.64777844872003,142.6449674065795,145.64707946777344,689400,0.0,0.0
2025-06-27 00:00:00-04:00,145.65697351805167,147.80699989475215,144.259962082114,145.1615753173828,1403700,0.0,0.0
2025-06-30 00:00:00-04:00,145.84687643654186,145.84687643654186,142.91701570816102,143.96978759765625,657100,0.35,0.0
2025-07-01 00:00:00-04:00,143.16530722026187,148.90582290536838,142.529679657866,145.69789123535156,1089100,0.0,0.0
2025-07-02 00:00:00-04:00,146.22428023193947,151.16033179981466,145.72769568913156,150.7332763671875,704700,0.0,0.0
2025-07-03 00:00:00-04:00,151.7164988351773,153.79223367005235,149.6507053897327,150.6637420654297,585600,0.0,0.0
2025-07-07 00:00:00-04:00,149.3329028611593,152.00453010010696,146.42290958835073,148.00205993652344,582100,0.0,0.0
2025-07-08 00:00:00-04:00,148.9057991633043,150.73324137405547,148.03182087595798,148.4986114501953,950200,0.0,0.0
2025-07-09 00:00:00-04:00,150.1870089581373,151.3092947145698,147.4657205953196,149.6208953857422,769600,0.0,0.0
2025-07-10 00:00:00-04:00,149.9784384817877,152.9579453476395,149.46200153632006,150.64385986328125,391900,0.0,0.0
2025-07-11 00:00:00-04:00,148.84622671484786,151.6668380697868,147.9821745718392,150.85243225097656,530800,0.0,0.0
2025-07-14 00:00:00-04:00,150.0678339383458,150.21680321855857,144.29750962703278,145.33041381835938,865700,0.0,0.0
2025-07-15 00:00:00-04:00,146.88967538018858,148.0516963381519,144.6252514831021,144.63519287109375,835300,0.0,0.0
2025-07-16 00:00:00-04:00,145.7972179333173,145.7972179333173,142.70846161632795,144.95301818847656,804600,0.0,0.0
2025-07-17 00:00:00-04:00,145.36021654528494,152.18328277741773,145.1715120091291,151.27951049804688,790600,0.0,0.0
2025-07-18 00:00:00-04:00,152.42165893723055,152.68981883037767,149.70037021993525,151.20999145507812,716600,0.0,0.0
2025-07-21 00:00:00-04:00,152.09388970511208,152.4315635050427,147.72395246427192,147.74380493164062,484500,0.0,0.0
2025-07-22 00:00:00-04:00,147.83322312140118,150.03805968393212,147.1975955185265,148.2106170654297,587800,0.0,0.0
2025-07-23 00:00:00-04:00,150.80277356588667,152.57061312947917,148.54829090333416,152.27267456054688,623900,0.0,0.0
2025-07-24 00:00:00-04:00,151.51786242769228,154.23915098306801,150.95176396979554,153.38502502441406,590400,0.0,0.0
2025-07-25 00:00:00-04:00,153.95111719037374,156.31486419774086,152.95794821646228,156.12615966796875,444700,0.0,0.0
2025-07-28 00:00:00-04:00,156.52343951924777,158.95670052368357,154.03057564534362,158.81765747070312,1418000,0.0,0.0
2025-07-29 00:00:00-04:00,158.8077261064277,159.3043106347837,154.23915753828672,155.12307739257812,1027300,0.0,0.0
2025-07-30 00:00:00-04:00,156.48370597962392,157.79469634021456,150.97161497178857,152.57061767578125,1409700,0.0,0.0
2025-07-31 00:00:00-04:00,151.32916743112764,153.88161923351046,149.27331532186167,151.835693359375,1247700,0.0,0.0
2025-08-01 00:00:00-04:00,148.2701909843981,148.76677547650206,145.30062542053224,148.17088317871094,910500,0.0,0.0
2025-08-04 00:00:00-04:00,148.88597999015929,149.2633739343709,145.87667889880973,146.5023651123047,872900,0.0,0.0
2025-08-05 00:00:00-04:00,147.07839886059318,148.01198017888584,142.67866730660333,144.32733154296875,1138400,0.0,0.0
2025-08-06 00:00:00-04:00,136.74945058858785,152.62028795805395,134.6240694018247,144.6451416015625,2599600,0.0,0.0
2025-08-07 00:00:00-04:00,147.27700587177569,147.88283949197947,139.17275936560355,140.04673767089844,1339000,0.0,0.0
2025-08-08 00:00:00-04:00,141.51665660700922,141.913918146145,137.37514368556575,138.0504913330078,899800,0.0,0.0
2025-08-11 00:00:00-04:00,138.56694250938835,140.09641609460763,135.8853892521796,137.00765991210938,681800,0.0,0.0
2025-08-12 00:00:00-04:00,138.03062713164886,142.69851852772086,137.22616264449354,142.01324462890625,819300,0.0,0.0
2025-08-13 00:00:00-04:00,142.75810824836245,153.9312587730468,142.74816686009177,153.51412963867188,1687100,0.0,0.0
2025-08-14 00:00:00-04:00,149.33288523791956,149.33288523791956,146.22426154769732,147.20750427246094,1054600,0.0,0.0
2025-08-15 00:00:00-04:00,147.75373662394918,148.40921655887246,144.08894107907068,144.5855255126953,559500,0.0,0.0
2025-08-18 00:00:00-04:00,144.74445892445019,145.84687714659498,144.50609290319628,145.65817260742188,547100,0.0,0.0
2025-08-19 00:00:00-04:00,145.6780143802003,148.69725647616872,145.58863281175167,147.45579528808594,575300,0.0,0.0
2025-08-20 00:00:00-04:00,146.67118878235286,146.95921627524498,143.05605427446548,143.88038635253906,789800,0.0,0.0
2025-08-21 00:00:00-04:00,142.9766087151006,143.91017479830725,141.24848928639904,142.7481689453125,848400,0.0,0.0
2025-08-22 00:00:00-04:00,144.19820397409347,154.1398198250802,143.24475510285603,153.18638610839844,935700,0.0,0.0
2025-08-25 00:00:00-04:00,152.79906425545346,153.66311647865336,151.66685214573883,151.95486450195312,432600,0.0,0.0
2025-08-26 00:00:00-04:00,152.45143574084236,153.2559001757231,149.72022109401945,150.18701171875,460300,0.0,0.0
2025-08-27 00:00:00-04:00,149.2137181591816,152.59048674586833,148.0914323236013,151.67677307128906,439400,0.0,0.0
2025-08-28 00:00:00-04:00,152.9877492033507,153.34529065680434,149.63084822017868,151.865478515625,560600,0.0,0.0
2025-08-29 00:00:00-04:00,151.52780971124068,151.52780971124068,147.5253244849076,148.3099365234375,621500,0.0,0.0
2025-09-02 00:00:00-04:00,145.0622602736849,147.1578474490418,144.27766343948673,145.15164184570312,558000,0.0,0.0
2025-09-03 00:00:00-04:00,144.91330228524527,145.0523453485218,140.0169709017887,141.20877075195312,921300,0.0,0.0
2025-09-04 00:00:00-04:00,141.98345070396675,146.68113595628475,139.98717126167972,146.2838592529297,976400,0.0,0.0
2025-09-05 00:00:00-04:00,147.4955348465999,149.22365450415222,144.04923692122756,144.56568908691406,1086800,0.0,0.0
2025-09-08 00:00:00-04:00,144.66500102849037,144.66500102849037,141.58617104854804,142.73825073242188,624100,0.0,0.0
2025-09-09 00:00:00-04:00,142.19199845878842,142.2515861717744,139.59982686200868,141.41732788085938,469800,0.0,0.0
2025-09-10 00:00:00-04:00,142.72832167705226,145.0225396104814,139.19262735629755,140.46388244628906,740900,0.0,0.0
2025-09-11 00:00:00-04:00,141.14918449851024,144.85371607027517,139.51046158183513,143.9399871826172,633900,0.0,0.0
2025-09-12 00:00:00-04:00,142.96666419617492,142.96666419617492,137.42477975778016,137.91143798828125,1039900,0.0,0.0
2025-09-15 00:00:00-04:00,141.51666728987098,141.51666728987098,136.8487605025933,140.1063690185547,843800,0.0,0.0
2025-09-16 00:00:00-04:00,138.9940094549859,140.41424911709808,137.563843557733,140.31492614746094,703800,0.0,0.0
2025-09-17 00:00:00-04:00,141.10946001682672,144.9927546277047,138.14982050003178,139.3714141845703,771300,0.0,0.0
2025-09-18 00:00:00-04:00,140.40428812457878,144.42662536037668,140.2553188454792,143.43345642089844,627600,0.0,0.0
2025-09-19 00:00:00-04:00,143.75128929475815,145.04239689607388,140.57313630967047,142.4700927734375,878600,0.0,0.0
2025-09-22 00:00:00-04:00,141.66560303044128,143.84064521936088,140.9902554920016,143.18515014648438,902200,0.0,0.0
2025-09-23 00:00:00-04:00,144.5160119295229,146.33351297021824,142.11254483134846,143.29441833496094,725900,0.0,0.0
2025-09-24 00:00:00-04:00,143.4135786150154,144.39682125091858,139.18268468891446,142.00328063964844,720200,0.0,0.0
2025-09-25 00:00:00-04:00,139.91765928138972,141.03000375734155,138.65633035662208,140.03683471679688,481100,0.0,0.0
2025-09-26 00:00:00-04:00,140.45395988084397,143.6519653123574,139.86799380076425,142.9269561767578,698900,0.0,0.0
2025-09-29 00:00:00-04:00,143.98963802017863,144.19821017911545,141.17896791907168,143.38380432128906,680300,0.0,0.0
2025-09-30 00:00:00-04:00,142.68690091989473,144.259908008721,139.28199516933952,142.80636596679688,787500,0.35,0.0
2025-10-01 00:00:00-04:00,142.57738206258813,143.86167685340266,140.49660301109057,142.54750061035156,807400,0.0,0.0
2025-10-02 00:00:00-04:00,142.9158759384939,144.45903190603113,140.9047949641928,143.025390625,664500,0.0,0.0
2025-10-03 00:00:00-04:00,143.96124171870787,147.74444322701274,142.1691901039727,147.28648376464844,763200,0.0,0.0
2025-10-06 00:00:00-04:00,149.06856593196255,150.99004808819822,144.77760771675665,149.39710998535156,759200,0.0,0.0
2025-10-07 00:00:00-04:00,151.22899470493414,151.43807374045446,142.82629010825366,143.32408142089844,943300,0.0,0.0
2025-10-08 00:00:00-04:00,143.65260129985904,147.77431250212842,141.90038145825798,146.88824462890625,491900,0.0,0.0
2025-10-09 00:00:00-04:00,147.80418396523578,148.57077154897013,143.24441431290762,144.5784912109375,686300,0.0,0.0
2025-10-10 00:00:00-04:00,145.13601469396377,145.13601469396377,133.52751917327433,134.14479064941406,886700,0.0,0.0
2025-10-13 00:00:00-04:00,137.82846654019752,140.74551645608335,135.39924240755784,138.64483642578125,577900,0.0,0.0
2025-10-14 00:00:00-04:00,135.63817667839683,144.0209802105685,133.92577341904365,142.5076904296875,549200,0.0,0.0
2025-10-15 00:00:00-04:00,144.0010635856527,146.35063907920554,142.079596500491,144.78756713867188,798100,0.0,0.0
2025-10-16 00:00:00-04:00,145.96235034561144,146.84841815939242,141.80080761282932,143.15480041503906,641900,0.0,0.0
2025-10-17 00:00:00-04:00,141.9601224150879,143.14486816580643,139.38156707022128,139.8196258544922,615300,0.0,0.0
2025-10-20 00:00:00-04:00,142.38822610065245,145.74333456359201,141.12383195931633,144.3992919921875,643700,0.0,0.0
2025-10-21 00:00:00-04:00,144.08070234691422,149.33737679477977,144.08070234691422,146.27098083496094,420800,0.0,0.0
2025-10-22 00:00:00-04:00,145.2355980061565,146.32077942005375,140.47671428019584,140.57626342773438,663400,0.0,0.0
2025-10-23 00:00:00-04:00,142.666991257539,146.8882518075555,141.41254744463893,146.74887084960938,493500,0.0,0.0
2025-10-24 00:00:00-04:00,149.4966721895199,149.4966721895199,145.43469375721824,146.6592559814453,535000,0.0,0.0
2025-10-27 00:00:00-04:00,149.14823566668957,150.1338679676847,145.20573684548063,145.8528594970703,739500,0.0,0.0
2025-10-28 00:00:00-04:00,145.5641288040744,146.6493101188881,142.9656577858257,144.0707550048828,1001400,0.0,0.0
2025-10-29 00:00:00-04:00,144.83735526182633,153.00112970517148,144.83735526182633,149.96461486816406,1421600,0.0,0.0
2025-10-30 00:00:00-04:00,145.46458324345517,149.7455917251239,143.59288297905448,144.42918395996094,1525000,0.0,0.0
2025-10-31 00:00:00-04:00,144.55859795743766,144.9568401328633,137.09172807129536,140.26763916015625,1293900,0.0,0.0
2025-11-03 00:00:00-05:00,141.243296224922,143.6426538964951,135.9567551384678,136.34503173828125,855800,0.0,0.0
2025-11-04 00:00:00-05:00,133.87598170482664,135.3892713777943,131.91468293939812,134.60275268554688,941200,0.0,0.0
2025-11-05 00:00:00-05:00,135.1602958004684,139.74993244857598,133.2985610964959,137.0419464111328,834200,0.0,0.0
2025-11-06 00:00:00-05:00,137.44018949287792,138.84396469187814,131.94456894642937,134.76206970214844,857500,0.0,0.0
2025-11-07 00:00:00-05:00,132.49212301114486,135.77754835120237,131.6259710837363,135.35940551757812,933800,0.0,0.0
2025-11-10 00:00:00-05:00,137.808542355249,138.2764673948898,133.45785123282798,133.5773162841797,821800,0.0,0.0
2025-11-11 00:00:00-05:00,134.1547514341388,134.4235629818802,131.6558446499783,132.18350219726562,555800,0.0,0.0
2025-11-12 00:00:00-05:00,133.16910880359958,140.50656210763603,131.8748637157205,137.37046813964844,1828300,0.0,0.0
2025-11-13 00:00:00-05:00,136.93243252219122,141.5220691974743,135.59835540226243,136.94239807128906,1370400,0.0,0.0
2025-11-14 00:00:00-05:00,134.40365604482605,139.92914272050155,131.92464980887826,136.7731475830078,824800,0.0,0.0
2025-11-17 00:00:00-05:00,135.6282172826417,136.7731464207179,128.00206589065408,129.00759887695312,1003800,0.0,0.0
2025-11-18 00:00:00-05:00,127.39474769883323,132.20340585067584,127.39474769883323,129.41578674316406,883400,0.0,0.0
2025-11-19 00:00:00-05:00,130.0529513741746,131.22773147330216,128.4201966248583,130.41136169433594,627900,0.0,0.0
2025-11-20 00:00:00-05:00,132.34277135792,133.8958927825925,127.88256611514801,128.18124389648438,719400,0.0,0.0
2025-11-21 00:00:00-05:00,128.28082056527103,138.53530891067945,128.03192492210317,136.73330688476562,818700,0.0,0.0
2025-11-24 00:00:00-05:00,136.74326383126294,142.91587235526652,136.21560631624965,142.2886505126953,759200,0.0,0.0
2025-11-25 00:00:00-05:00,142.567421358905,146.67918224501088,142.567421358905,146.49996948242188,770800,0.0,0.0
2025-11-26 00:00:00-05:00,146.05195650880165,148.52099697012042,144.36941957487713,145.006591796875,817300,0.0,0.0
2025-11-28 00:00:00-05:00,144.30969362967565,147.6150351260081,142.87605226699577,145.34510803222656,309100,0.0,0.0
2025-12-01 00:00:00-05:00,143.71234560485613,145.9623566744682,142.0994915612696,144.34951782226562,601500,0.0,0.0
2025-12-02 00:00:00-05:00,144.9070416538596,145.7931095063064,142.38821904438555,142.73666381835938,515600,0.0,0.0
2025-12-03 00:00:00-05:00,142.08954879593747,145.69355291901238,136.57401272712613,137.3804473876953,1312700,0.0,0.0
2025-12-04 00:00:00-05:00,137.43021096066414,143.18469217802559,136.39481177446854,140.81520080566406,917800,0.0,0.0
2025-12-05 00:00:00-05:00,140.9247304641134,145.18582309113793,139.57073742057565,144.98670959472656,1000600,0.0,0.0
2025-12-08 00:00:00-05:00,144.47893849951294,147.03759301048683,144.16035997486364,145.45462036132812,705800,0.0,0.0
2025-12-09 00:00:00-05:00,145.61390391573306,150.24337206679073,145.61390391573306,148.19247436523438,1086500,0.0,0.0
2025-12-10 00:00:00-05:00,145.07629382503742,154.3152988917625,144.03092908459053,152.66262817382812,1302600,0.0,0.0
2025-12-11 00:00:00-05:00,152.32413591336734,156.55536191096087,151.40820175567796,151.9856414794922,873300,0.0,0.0
2025-12-12 00:00:00-05:00,152.70245048656548,154.65378370207705,147.60505769716238,149.49667358398438,551700,0.0,0.0
2025-12-15 00:00:00-05:00,151.30862973119227,151.30862973119227,146.3008507850117,147.3860321044922,520500,0.0,0.0
2025-12-16 00:00:00-05:00,147.7544112391607,148.8395925826269,142.81631506190928,143.57296752929688,1054600,0.0,0.0
2025-12-17 00:00:00-05:00,144.1703092890934,146.17143997392063,140.40700839612074,141.00436401367188,645800,0.0,0.0
2025-12-18 00:00:00-05:00,143.44354366386074,144.07076556674582,139.24218385215508,140.3074493408203,820400,0.0,0.0
2025-12-19 00:00:00-05:00,140.68577367099178,141.68135626317644,138.79417282239487,139.37161254882812,1129000,0.0,0.0
2025-12-22 00:00:00-05:00,141.09395861091087,144.1503891054393,139.44128795060746,142.54750061035156,714700,0.0,0.0
2025-12-23 00:00:00-05:00,141.69133450149357,144.0309446878327,141.39265665881157,143.46347045898438,604200,0.0,0.0
2025-12-24 00:00:00-05:00,143.33401542614234,145.69354111765136,143.15480267451517,144.46897888183594,228500,0.0,0.0
2025-12-26 00:00:00-05:00,144.35947390168292,145.42475455268408,143.10504532150466,144.59841918945312,399700,0.0,0.0
2025-12-29 00:00:00-05:00,144.2997544162895,144.35948694578326,142.29862352993337,142.9059295654297,434200,0.0,0.0
2025-12-30 00:00:00-05:00,142.5475051332949,143.20459327566945,141.4125416107318,141.76100158691406,300200,0.0,0.0
2025-12-31 00:00:00-05:00,141.89074487121957,141.89074487121957,139.28587087890904,140.0443878173828,464000,0.35,0.0
2026-01-02 00:00:00-05:00,141.571381977837,146.56156089522545,140.22402757861514,145.8130340576172,536400,0.0,0.0
2026-01-05 00:00:00-05:00,146.98073823041804,150.70340754341484,146.98073823041804,148.49774169921875,564000,0.0,0.0
2026-01-06 00:00:00-05:00,146.77114302669952,157.4401482173073,146.60147876733078,157.3203887939453,709500,0.0,0.0
2026-01-07 00:00:00-05:00,156.9511079802134,156.9511079802134,149.74528812271245,150.134521484375,613300,0.0,0.0
2026-01-08 00:00:00-05:00,148.8769915453,156.18262057188883,147.42984274826324,153.96697998046875,1167400,0.0,0.0
2026-01-09 00:00:00-05:00,154.535859528768,157.52996692705688,150.00478370003725,152.35015869140625,962000,0.0,0.0
2026-01-12 00:00:00-05:00,150.39401383774037,154.735460335163,148.2182879225083,151.8910675048828,846400,0.0,0.0
2026-01-13 00:00:00-05:00,154.34622253821735,154.69554114200028,152.32021118543716,153.68753051757812,684600,0.0,0.0
2026-01-14 00:00:00-05:00,153.9270545990535,156.45208391257523,153.43802681166457,154.98497009277344,473300,0.0,0.0
2026-01-15 00:00:00-05:00,156.19260684866458,158.73760125202625,154.925097084929,157.84934997558594,647400,0.0,0.0
2026-01-16 00:00:00-05:00,157.84935014969776,160.2745699009571,156.2325217533734,159.79551696777344,538100,0.0,0.0
2026-01-20 00:00:00-05:00,156.77146200623628,158.3982651993675,151.10261086204454,151.96092224121094,678100,0.0,0.0
2026-01-21 00:00:00-05:00,154.71551491362462,160.64385003800712,153.23841095596296,158.32839965820312,831400,0.0,0.0
2026-01-22 00:00:00-05:00,160.46419633711977,161.8814053600703,157.28045966614016,158.60784912109375,581400,0.0,0.0
2026-01-23 00:00:00-05:00,158.55793529293004,158.55793529293004,153.88713527615815,155.77342224121094,301400,0.0,0.0
2026-01-26 00:00:00-05:00,155.77342527134223,156.80140089918754,152.3701196306262,152.4799041748047,422300,0.0,0.0
2026-01-27 00:00:00-05:00,152.2303951805453,155.37420177279452,151.15251471864966,154.28634643554688,454400,0.0,0.0
2026-01-28 00:00:00-05:00,154.75542092759878,158.05891682283078,152.58968517798772,156.43212890625,757900,0.0,0.0
2026-01-29 00:00:00-05:00,158.72761149326536,162.67984007553505,157.14073818057375,161.74168395996094,930500,0.0,0.0
2026-01-30 00:00:00-05:00,158.3184271021501,162.53013948357776,158.29846212166814,161.1827850341797,1015200,0.0,0.0
2026-02-02 00:00:00-05:00,160.4442273374055,170.44455016861917,159.5360263468256,169.7858428955078,1582600,0.0,0.0
2026-02-03 00:00:00-05:00,169.66608160973624,176.17327912142557,167.37059628337045,170.8238067626953,1555600,0.0,0.0
2026-02-04 00:00:00-05:00,172.20108746316305,181.66247765981862,171.1831019282761,177.9497833251953,2198700,0.0,0.0
2026-02-05 00:00:00-05:00,189.62680435180664,204.58736666172626,187.51097330278716,199.60716247558594,4817000,0.0,0.0
2026-02-06 00:00:00-05:00,201.7828725870013,212.77125659234343,198.67899584016556,211.3839874267578,3311600,0.0,0.0
2026-02-09 00:00:00-05:00,213.9688903687385,218.1506627255758,207.01257976046202,216.16456604003906,1487400,0.0,0.0
2026-02-10 00:00:00-05:00,215.35615465754424,222.94123251038565,210.58554495228597,222.302490234375,1525700,0.0,0.0
2026-02-11 00:00:00-05:00,224.98720124222572,228.84961011220074,220.9651182194594,223.63986206054688,984100,0.0,0.0
2026-02-12 00:00:00-05:00,224.4582494898296,226.5541308002134,209.65739170278783,213.16049194335938,1583900,0.0,0.0
2026-02-13 00:00:00-05:00,212.9508957937881,221.18469122193093,210.94484929912412,219.75750732421875,1051900,0.0,0.0
2026-02-17 00:00:00-05:00,219.56786664159875,222.0330161808348,216.43403497232134,218.61973571777344,568400,0.0,0.0
2026-02-18 00:00:00-05:00,218.4500722400118,222.96118291496506,216.87317391018016,218.03089904785156,599700,0.0,0.0
2026-02-19 00:00:00-05:00,216.71349290944997,217.98100263897268,212.37203108979392,213.2902374267578,753500,0.0,0.0
2026-02-20 00:00:00-05:00,212.22232272427487,220.32636819655488,211.0945374458297,214.93698120117188,878400,0.0,0.0
2026-02-23 00:00:00-05:00,212.91098292190233,219.49801018466462,211.58359345625163,217.78140258789062,1041000,0.0,0.0
2026-02-24 00:00:00-05:00,219.13872307834353,226.89345010840907,219.13872307834353,223.25062561035156,1147500,0.0,0.0
2026-02-25 00:00:00-05:00,224.71774700180023,224.71774700180023,215.24638166704557,219.9670867919922,1032000,0.0,0.0
2026-02-26 00:00:00-05:00,221.22461386715088,221.38430324630215,216.07474560565194,220.36630249023438,671700,0.0,0.0
2026-02-27 00:00:00-05:00,216.82327498792478,220.835383120585,212.85109681493068,220.5459442138672,739300,0.0,0.0
2026-03-02 00:00:00-05:00,215.93502411645613,222.02304852650116,209.95678425245512,221.6238250732422,995600,0.0,0.0
2026-03-03 00:00:00-05:00,215.41603945178312,216.24441097799289,205.63528574606013,214.42799377441406,1024200,0.0,0.0
2026-03-04 00:00:00-05:00,216.53384350293365,216.53384350293365,205.7450642291991,209.0984649658203,931900,0.0,0.0
2026-03-05 00:00:00-05:00,206.77304517659704,209.14837520146307,195.2357540195061,198.5492401123047,1632200,0.0,0.0
2026-03-06 00:00:00-05:00,193.03009766542002,193.03009766542002,185.20550105642857,186.1336669921875,1609600,0.0,0.0
2026-03-09 00:00:00-04:00,183.48888752710357,196.02421471154707,178.02963049453325,195.60504150390625,2051600,0.0,0.0
2026-03-10 00:00:00-04:00,195.06608484759175,206.61336581782874,193.53909136404585,201.00439453125,1897900,0.0,0.0
2026-03-11 00:00:00-04:00,198.81871997158987,202.61124385815788,192.67081574065426,202.00244140625,1106600,0.0,0.0
2026-03-12 00:00:00-04:00,198.08016361303171,198.16998317883161,184.29729184864905,187.26145935058594,1497800,0.0,0.0
2026-03-13 00:00:00-04:00,189.92622078676473,194.28763247438462,184.86617183769465,185.85423278808594,904500,0.0,0.0
2026-03-16 00:00:00-04:00,189.76652782204232,191.183736841183,185.35521138050981,188.0698699951172,868500,0.0,0.0
2026-03-17 00:00:00-04:00,189.13774976696203,192.9402787720329,188.50899759917053,190.0260009765625,960700,0.0,0.0
2026-03-18 00:00:00-04:00,189.07787078344887,192.27158215443646,184.6366147184179,184.88612365722656,897100,0.0,0.0
2026-03-19 00:00:00-04:00,182.26129372121844,185.80432387250312,178.1992959164091,185.0458221435547,1509300,0.0,0.0
2026-03-20 00:00:00-04:00,184.56674524479712,185.33523704180845,172.60030626399188,175.0554656982422,1710700,0.0,0.0
2026-03-23 00:00:00-04:00,184.2673519626371,191.32345704761755,181.12353010080744,183.57870483398438,1667300,0.0,0.0
2026-03-24 00:00:00-04:00,180.97383716009355,191.78256692364857,178.87795584550045,189.11781311035156,897400,0.0,0.0
2026-03-25 00:00:00-04:00,192.27159481838547,196.03419412751225,191.24361914109159,194.74673461914062,1030900,0.0,0.0
2026-03-26 00:00:00-04:00,191.11387972793395,193.41933997609644,185.72447730156287,187.0219268798828,774500,0.0,0.0
2026-03-27 00:00:00-04:00,184.89610510033887,186.8921766817133,181.6125740496577,183.05972290039062,922600,0.0,0.0
2026-03-30 00:00:00-04:00,185.48495399294038,188.0798378583063,175.7541052329792,177.83999633789062,542500,0.0,0.0
2026-03-31 00:00:00-04:00,181.0500030517578,191.50999450683594,180.47999572753906,187.25999450683594,1111500,0.35,0.0
2026-04-01 00:00:00-04:00,189.91000366210938,196.52000427246094,189.91000366210938,191.3800048828125,1027500,0.0,0.0
2026-04-02 00:00:00-04:00,184.11000061035156,190.22000122070312,180.27000427246094,183.99000549316406,1077800,0.0,0.0
2026-04-06 00:00:00-04:00,184.38999938964844,185.85000610351562,180.3800048828125,185.3300018310547,724300,0.0,0.0
2026-04-07 00:00:00-04:00,183.88999938964844,189.1999969482422,182.69000244140625,185.3800048828125,867300,0.0,0.0
2026-04-08 00:00:00-04:00,195.0,206.75999450683594,193.30999755859375,204.14999389648438,1199900,0.0,0.0
2026-04-09 00:00:00-04:00,202.11000061035156,209.91000366210938,202.11000061035156,207.64999389648438,768900,0.0,0.0
2026-04-10 00:00:00-04:00,209.72999572753906,211.1699981689453,207.44000244140625,208.3300018310547,826000,0.0,0.0
2026-04-13 00:00:00-04:00,207.27000427246094,210.49000549316406,204.35000610351562,210.00999450683594,742800,0.0,0.0
2026-04-14 00:00:00-04:00,210.9600067138672,216.02999877929688,205.7899932861328,209.35000610351562,1108400,0.0,0.0
2026-04-15 00:00:00-04:00,207.1699981689453,207.1699981689453,193.0,193.41000366210938,2067400,0.0,0.0
2026-04-16 00:00:00-04:00,193.67999267578125,200.67999267578125,192.5,196.07000732421875,1618500,0.0,0.0
2026-04-17 00:00:00-04:00,200.1699981689453,208.27999877929688,200.1699981689453,205.39999389648438,1062300,0.0,0.0
2026-04-20 00:00:00-04:00,204.42999267578125,209.49000549316406,202.72000122070312,207.9600067138672,611000,0.0,0.0
2026-04-21 00:00:00-04:00,207.7100067138672,212.50999450683594,207.3699951171875,209.75999450683594,847400,0.0,0.0
2026-04-22 00:00:00-04:00,212.75,217.0500030517578,210.6199951171875,211.13999938964844,1886300,0.0,0.0
2026-04-23 00:00:00-04:00,212.1699981689453,216.27000427246094,210.02999877929688,213.47000122070312,808700,0.0,0.0
2026-04-24 00:00:00-04:00,213.24000549316406,215.67999267578125,207.8699951171875,212.25,1064200,0.0,0.0
2026-04-27 00:00:00-04:00,213.7899932861328,219.17999267578125,210.4600067138672,213.27999877929688,864500,0.0,0.0
2026-04-28 00:00:00-04:00,210.91000366210938,212.3699951171875,205.7100067138672,209.55999755859375,743600,0.0,0.0
2026-04-29 00:00:00-04:00,209.9600067138672,212.89999389648438,203.4499969482422,203.82000732421875,928100,0.0,0.0
2026-04-30 00:00:00-04:00,207.0500030517578,216.5399932861328,207.0500030517578,215.02999877929688,1041400,0.0,0.0
2026-05-01 00:00:00-04:00,214.16000366210938,218.3800048828125,210.67999267578125,213.02000427246094,966200,0.0,0.0
2026-05-04 00:00:00-04:00,213.0,216.6300048828125,210.72999572753906,212.49000549316406,892300,0.0,0.0
2026-05-05 00:00:00-04:00,215.6300048828125,224.97999572753906,215.5800018310547,222.02000427246094,1513800,0.0,0.0
2026-05-06 00:00:00-04:00,226.66000366210938,236.35000610351562,225.75999450683594,231.3699951171875,2206700,0.0,0.0
2026-05-07 00:00:00-04:00,211.1699981689453,217.83999633789062,201.0,206.25999450683594,3479000,0.0,0.0
2026-05-08 00:00:00-04:00,209.0800018310547,217.3800048828125,208.47999572753906,214.36000061035156,1536000,0.0,0.0
2026-05-11 00:00:00-04:00,213.85000610351562,217.27999877929688,209.33999633789062,211.3300018310547,1460300,0.0,0.0
2026-05-12 00:00:00-04:00,209.91000366210938,211.27000427246094,201.86000061035156,209.77999877929688,789100,0.0,0.0
2026-05-13 00:00:00-04:00,211.77000427246094,211.77000427246094,202.61000061035156,205.72000122070312,1055500,0.0,0.0
2026-05-14 00:00:00-04:00,207.97000122070312,210.8300018310547,205.66000366210938,207.3800048828125,676682,0.0,0.0
