Date,Open,High,Low,Close,Volume,Dividends,Stock Splits
2022-01-03 00:00:00-05:00,29.829999923706055,30.299999237060547,29.780000686645508,30.059999465942383,2326400,0.0,0.0
2022-01-04 00:00:00-05:00,30.149999618530273,30.489999771118164,29.280000686645508,29.90999984741211,1555300,0.0,0.0
2022-01-05 00:00:00-05:00,29.809999465942383,30.149999618530273,28.860000610351562,28.899999618530273,1772200,0.0,0.0
2022-01-06 00:00:00-05:00,28.690000534057617,29.219999313354492,28.280000686645508,28.8700008392334,1712000,0.0,0.0
2022-01-07 00:00:00-05:00,29.610000610351562,30.5,28.6299991607666,28.68000030517578,3748000,0.0,0.0
2022-01-10 00:00:00-05:00,28.190000534057617,29.170000076293945,27.079999923706055,29.110000610351562,3994800,0.0,0.0
2022-01-11 00:00:00-05:00,29.049999237060547,30.579999923706055,28.860000610351562,30.5,2316800,0.0,0.0
2022-01-12 00:00:00-05:00,30.649999618530273,30.780000686645508,30.079999923706055,30.170000076293945,1915400,0.0,0.0
2022-01-13 00:00:00-05:00,30.200000762939453,30.219999313354492,29.239999771118164,29.479999542236328,2112400,0.0,0.0
2022-01-14 00:00:00-05:00,29.020000457763672,29.06999969482422,27.399999618530273,27.809999465942383,4681000,0.0,0.0
2022-01-18 00:00:00-05:00,27.5,27.5,26.3700008392334,26.860000610351562,3734000,0.0,0.0
2022-01-19 00:00:00-05:00,26.950000762939453,27.09000015258789,25.950000762939453,26.0,2940200,0.0,0.0
2022-01-20 00:00:00-05:00,26.6200008392334,26.670000076293945,24.329999923706055,24.459999084472656,3782800,0.0,0.0
2022-01-21 00:00:00-05:00,24.059999465942383,24.31999969482422,22.8799991607666,23.030000686645508,5011300,0.0,0.0
2022-01-24 00:00:00-05:00,22.40999984741211,23.5,21.459999084472656,23.43000030517578,4174400,0.0,0.0
2022-01-25 00:00:00-05:00,22.81999969482422,23.399999618530273,22.309999465942383,22.950000762939453,1946300,0.0,0.0
2022-01-26 00:00:00-05:00,23.979999542236328,24.040000915527344,22.219999313354492,22.56999969482422,2741100,0.0,0.0
2022-01-27 00:00:00-05:00,22.8799991607666,23.229999542236328,22.06999969482422,22.200000762939453,2452400,0.0,0.0
2022-01-28 00:00:00-05:00,22.170000076293945,23.0,21.989999771118164,22.969999313354492,2188000,0.0,0.0
2022-01-31 00:00:00-05:00,22.969999313354492,25.299999237060547,22.969999313354492,25.219999313354492,3366600,0.0,0.0
2022-02-01 00:00:00-05:00,25.5,25.8799991607666,24.84000015258789,25.56999969482422,2433800,0.0,0.0
2022-02-02 00:00:00-05:00,25.8700008392334,26.059999465942383,25.18000030517578,25.559999465942383,2137300,0.0,0.0
2022-02-03 00:00:00-05:00,24.850000381469727,25.309999465942383,24.479999542236328,24.5,2341700,0.0,0.0
2022-02-04 00:00:00-05:00,24.579999923706055,25.479999542236328,24.350000381469727,25.290000915527344,2305200,0.0,0.0
2022-02-07 00:00:00-05:00,25.489999771118164,26.0,25.290000915527344,25.700000762939453,1831700,0.0,0.0
2022-02-08 00:00:00-05:00,25.440000534057617,26.6299991607666,25.440000534057617,26.59000015258789,3317900,0.0,0.0
2022-02-09 00:00:00-05:00,27.09000015258789,27.139999389648438,26.200000762939453,26.649999618530273,4938200,0.0,0.0
2022-02-10 00:00:00-05:00,27.299999237060547,29.739999771118164,27.059999465942383,27.84000015258789,7846000,0.0,0.0
2022-02-11 00:00:00-05:00,27.790000915527344,28.729999542236328,27.06999969482422,27.329999923706055,3787700,0.0,0.0
2022-02-14 00:00:00-05:00,27.510000228881836,27.969999313354492,27.110000610351562,27.31999969482422,2554600,0.0,0.0
2022-02-15 00:00:00-05:00,27.540000915527344,28.520000457763672,27.540000915527344,28.440000534057617,2041500,0.0,0.0
2022-02-16 00:00:00-05:00,28.139999389648438,28.530000686645508,27.770000457763672,28.469999313354492,1894400,0.0,0.0
2022-02-17 00:00:00-05:00,28.020000457763672,28.299999237060547,27.260000228881836,27.440000534057617,1745700,0.0,0.0
2022-02-18 00:00:00-05:00,27.399999618530273,27.84000015258789,26.709999084472656,26.920000076293945,1616000,0.0,0.0
2022-02-22 00:00:00-05:00,26.600000381469727,27.260000228881836,26.170000076293945,26.530000686645508,1704100,0.0,0.0
2022-02-23 00:00:00-05:00,26.799999237060547,26.93000030517578,25.6200008392334,25.81999969482422,1520900,0.0,0.0
2022-02-24 00:00:00-05:00,24.479999542236328,27.149999618530273,24.479999542236328,27.1299991607666,2319000,0.0,0.0
2022-02-25 00:00:00-05:00,26.90999984741211,27.399999618530273,26.510000228881836,27.270000457763672,1956800,0.0,0.0
2022-02-28 00:00:00-05:00,27.0,27.649999618530273,26.729999542236328,27.389999389648438,1339800,0.0,0.0
2022-03-01 00:00:00-05:00,27.31999969482422,27.56999969482422,26.639999389648438,26.8700008392334,1891100,0.0,0.0
2022-03-02 00:00:00-05:00,27.239999771118164,27.90999984741211,27.020000457763672,27.8799991607666,1593200,0.0,0.0
2022-03-03 00:00:00-05:00,28.0,28.18000030517578,26.530000686645508,26.959999084472656,2401100,0.0,0.0
2022-03-04 00:00:00-05:00,26.75,26.8799991607666,25.399999618530273,25.639999389648438,2157800,0.0,0.0
2022-03-07 00:00:00-05:00,25.700000762939453,25.940000534057617,23.75,23.799999237060547,3364500,0.0,0.0
2022-03-08 00:00:00-05:00,23.6299991607666,24.149999618530273,23.18000030517578,23.6299991607666,3387500,0.0,0.0
2022-03-09 00:00:00-05:00,24.670000076293945,24.950000762939453,24.200000762939453,24.65999984741211,1757400,0.0,0.0
2022-03-10 00:00:00-05:00,24.229999542236328,24.809999465942383,24.040000915527344,24.709999084472656,1614800,0.0,0.0
2022-03-11 00:00:00-05:00,25.0,25.170000076293945,24.010000228881836,24.020000457763672,1423200,0.0,0.0
2022-03-14 00:00:00-04:00,23.81999969482422,24.31999969482422,23.18000030517578,23.280000686645508,1539300,0.0,0.0
2022-03-15 00:00:00-04:00,23.469999313354492,24.540000915527344,23.18000030517578,24.489999771118164,1928600,0.0,0.0
2022-03-16 00:00:00-04:00,24.799999237060547,25.770000457763672,24.760000228881836,25.68000030517578,1914100,0.0,0.0
2022-03-17 00:00:00-04:00,25.3700008392334,26.079999923706055,25.3700008392334,25.850000381469727,1197200,0.0,0.0
2022-03-18 00:00:00-04:00,25.639999389648438,26.3700008392334,25.6200008392334,26.09000015258789,3295600,0.0,0.0
2022-03-21 00:00:00-04:00,26.170000076293945,26.229999542236328,25.40999984741211,25.889999389648438,1117200,0.0,0.0
2022-03-22 00:00:00-04:00,25.969999313354492,27.110000610351562,25.93000030517578,26.760000228881836,1623200,0.0,0.0
2022-03-23 00:00:00-04:00,26.399999618530273,27.219999313354492,26.049999237060547,27.040000915527344,1525500,0.0,0.0
2022-03-24 00:00:00-04:00,27.40999984741211,27.530000686645508,26.3799991607666,27.510000228881836,1424200,0.0,0.0
2022-03-25 00:00:00-04:00,27.56999969482422,27.700000762939453,26.280000686645508,26.459999084472656,1305800,0.0,0.0
2022-03-28 00:00:00-04:00,29.100000381469727,30.510000228881836,28.649999618530273,30.200000762939453,15369400,0.0,0.0
2022-03-29 00:00:00-04:00,30.15999984741211,31.219999313354492,29.719999313354492,30.950000762939453,30898000,0.0,0.0
2022-03-30 00:00:00-04:00,30.719999313354492,30.75,28.979999542236328,29.329999923706055,4775300,0.0,0.0
2022-03-31 00:00:00-04:00,29.5,29.549999237060547,28.139999389648438,28.219999313354492,4402200,0.0,0.0
2022-04-01 00:00:00-04:00,28.360000610351562,28.729999542236328,27.510000228881836,27.68000030517578,3415400,0.0,0.0
2022-04-04 00:00:00-04:00,27.709999084472656,28.459999084472656,27.709999084472656,28.290000915527344,2150000,0.0,0.0
2022-04-05 00:00:00-04:00,28.389999389648438,28.389999389648438,26.979999542236328,27.209999084472656,3967800,0.0,0.0
2022-04-06 00:00:00-04:00,26.6299991607666,26.8700008392334,25.75,26.34000015258789,3496100,0.0,0.0
2022-04-07 00:00:00-04:00,26.06999969482422,26.93000030517578,25.889999389648438,26.780000686645508,2563600,0.0,0.0
2022-04-08 00:00:00-04:00,26.829999923706055,27.229999542236328,26.649999618530273,26.709999084472656,2140800,0.0,0.0
2022-04-11 00:00:00-04:00,26.540000915527344,27.799999237060547,26.31999969482422,27.1299991607666,3015100,0.0,0.0
2022-04-12 00:00:00-04:00,27.780000686645508,28.059999465942383,26.969999313354492,27.219999313354492,2518100,0.0,0.0
2022-04-13 00:00:00-04:00,27.18000030517578,27.56999969482422,26.84000015258789,27.030000686645508,2214400,0.0,0.0
2022-04-14 00:00:00-04:00,27.18000030517578,27.25,26.049999237060547,26.079999923706055,1846300,0.0,0.0
2022-04-18 00:00:00-04:00,25.8700008392334,26.219999313354492,25.309999465942383,25.690000534057617,1984700,0.0,0.0
2022-04-19 00:00:00-04:00,25.639999389648438,26.25,25.43000030517578,25.889999389648438,1729400,0.0,0.0
2022-04-20 00:00:00-04:00,25.93000030517578,26.079999923706055,25.209999084472656,25.399999618530273,1992200,0.0,0.0
2022-04-21 00:00:00-04:00,25.549999237060547,26.010000228881836,24.440000534057617,24.81999969482422,2193600,0.0,0.0
2022-04-22 00:00:00-04:00,24.3700008392334,24.639999389648438,23.209999084472656,23.5,3267900,0.0,0.0
2022-04-25 00:00:00-04:00,23.290000915527344,24.329999923706055,23.18000030517578,24.280000686645508,2411600,0.0,0.0
2022-04-26 00:00:00-04:00,24.010000228881836,24.18000030517578,22.959999084472656,23.149999618530273,3013100,0.0,0.0
2022-04-27 00:00:00-04:00,23.190000534057617,23.520000457763672,22.600000381469727,22.649999618530273,2596200,0.0,0.0
2022-04-28 00:00:00-04:00,22.889999389648438,23.440000534057617,22.459999084472656,23.229999542236328,2345600,0.0,0.0
2022-04-29 00:00:00-04:00,23.030000686645508,23.809999465942383,22.729999542236328,22.81999969482422,1643800,0.0,0.0
2022-05-02 00:00:00-04:00,22.809999465942383,23.290000915527344,22.479999542236328,23.15999984741211,2204500,0.0,0.0
2022-05-03 00:00:00-04:00,22.899999618530273,23.610000610351562,22.889999389648438,23.25,1939600,0.0,0.0
2022-05-04 00:00:00-04:00,23.260000228881836,24.350000381469727,22.5,24.31999969482422,2849100,0.0,0.0
2022-05-05 00:00:00-04:00,23.81999969482422,24.06999969482422,22.40999984741211,22.81999969482422,2400300,0.0,0.0
2022-05-06 00:00:00-04:00,22.510000228881836,22.549999237060547,21.34000015258789,21.950000762939453,2430400,0.0,0.0
2022-05-09 00:00:00-04:00,20.899999618530273,21.489999771118164,19.860000610351562,20.020000457763672,5258200,0.0,0.0
2022-05-10 00:00:00-04:00,20.719999313354492,21.049999237060547,19.719999313354492,20.799999237060547,3739300,0.0,0.0
2022-05-11 00:00:00-04:00,20.65999984741211,20.889999389648438,18.920000076293945,19.010000228881836,5400900,0.0,0.0
2022-05-12 00:00:00-04:00,20.010000228881836,22.399999618530273,19.510000228881836,21.719999313354492,8963900,0.0,0.0
2022-05-13 00:00:00-04:00,22.059999465942383,22.979999542236328,21.850000381469727,22.639999389648438,4392600,0.0,0.0
2022-05-16 00:00:00-04:00,22.469999313354492,22.559999465942383,21.600000381469727,21.729999542236328,3266600,0.0,0.0
2022-05-17 00:00:00-04:00,22.34000015258789,22.479999542236328,21.209999084472656,21.479999542236328,3139400,0.0,0.0
2022-05-18 00:00:00-04:00,21.020000457763672,21.15999984741211,19.649999618530273,19.969999313354492,4508900,0.0,0.0
2022-05-19 00:00:00-04:00,19.940000534057617,21.790000915527344,19.809999465942383,21.350000381469727,2882000,0.0,0.0
2022-05-20 00:00:00-04:00,21.739999771118164,21.780000686645508,19.790000915527344,20.770000457763672,3679200,0.0,0.0
2022-05-23 00:00:00-04:00,20.799999237060547,21.110000610351562,20.030000686645508,20.959999084472656,2584200,0.0,0.0
2022-05-24 00:00:00-04:00,20.479999542236328,20.540000915527344,19.09000015258789,19.540000915527344,3106800,0.0,0.0
2022-05-25 00:00:00-04:00,19.31999969482422,20.270000457763672,19.31999969482422,19.950000762939453,1997000,0.0,0.0
2022-05-26 00:00:00-04:00,20.100000381469727,21.06999969482422,20.040000915527344,20.780000686645508,2386100,0.0,0.0
2022-05-27 00:00:00-04:00,21.149999618530273,22.1200008392334,21.010000228881836,22.110000610351562,2110300,0.0,0.0
2022-05-31 00:00:00-04:00,21.90999984741211,22.360000610351562,21.5,22.1299991607666,2467300,0.0,0.0
2022-06-01 00:00:00-04:00,22.389999389648438,22.6200008392334,21.739999771118164,21.950000762939453,1888700,0.0,0.0
2022-06-02 00:00:00-04:00,22.0,23.079999923706055,21.950000762939453,23.040000915527344,1646300,0.0,0.0
2022-06-03 00:00:00-04:00,22.690000534057617,22.989999771118164,22.1299991607666,22.6299991607666,1846700,0.0,0.0
2022-06-06 00:00:00-04:00,22.799999237060547,22.899999618530273,21.719999313354492,21.899999618530273,1927300,0.0,0.0
2022-06-07 00:00:00-04:00,21.329999923706055,22.270000457763672,21.1299991607666,22.110000610351562,2176700,0.0,0.0
2022-06-08 00:00:00-04:00,22.049999237060547,22.559999465942383,21.799999237060547,22.260000228881836,1100400,0.0,0.0
2022-06-09 00:00:00-04:00,22.139999389648438,22.579999923706055,21.579999923706055,21.600000381469727,1644500,0.0,0.0
2022-06-10 00:00:00-04:00,21.149999618530273,21.549999237060547,20.670000076293945,21.209999084472656,2106100,0.0,0.0
2022-06-13 00:00:00-04:00,20.280000686645508,20.770000457763672,19.889999389648438,20.049999237060547,3083800,0.0,0.0
2022-06-14 00:00:00-04:00,20.100000381469727,20.549999237060547,19.34000015258789,19.600000381469727,2422700,0.0,0.0
2022-06-15 00:00:00-04:00,19.170000076293945,20.219999313354492,18.899999618530273,19.420000076293945,5150900,0.0,0.0
2022-06-16 00:00:00-04:00,18.770000457763672,18.969999313354492,18.15999984741211,18.549999237060547,4662200,0.0,0.0
2022-06-17 00:00:00-04:00,18.8700008392334,19.40999984741211,18.65999984741211,19.06999969482422,3304000,0.0,0.0
2022-06-21 00:00:00-04:00,19.1299991607666,19.649999618530273,18.809999465942383,19.459999084472656,2429000,0.0,0.0
2022-06-22 00:00:00-04:00,19.18000030517578,19.799999237060547,19.100000381469727,19.360000610351562,1293000,0.0,0.0
2022-06-23 00:00:00-04:00,19.670000076293945,19.760000228881836,18.889999389648438,19.600000381469727,2169600,0.0,0.0
2022-06-24 00:00:00-04:00,19.719999313354492,20.3799991607666,19.649999618530273,20.34000015258789,2951000,0.0,0.0
2022-06-27 00:00:00-04:00,20.56999969482422,20.600000381469727,19.3799991607666,19.670000076293945,1656200,0.0,0.0
2022-06-28 00:00:00-04:00,19.6200008392334,20.020000457763672,19.280000686645508,19.299999237060547,1680400,0.0,0.0
2022-06-29 00:00:00-04:00,19.219999313354492,19.219999313354492,18.670000076293945,18.81999969482422,1191000,0.0,0.0
2022-06-30 00:00:00-04:00,18.469999313354492,18.59000015258789,17.8799991607666,18.040000915527344,2457600,0.0,0.0
2022-07-01 00:00:00-04:00,18.059999465942383,18.479999542236328,17.68000030517578,17.920000076293945,1935800,0.0,0.0
2022-07-05 00:00:00-04:00,17.5,18.6200008392334,17.43000030517578,18.6200008392334,2797100,0.0,0.0
2022-07-06 00:00:00-04:00,18.850000381469727,19.440000534057617,18.770000457763672,19.209999084472656,2743100,0.0,0.0
2022-07-07 00:00:00-04:00,19.209999084472656,19.84000015258789,19.15999984741211,19.780000686645508,1454500,0.0,0.0
2022-07-08 00:00:00-04:00,19.549999237060547,20.200000762939453,19.280000686645508,19.829999923706055,1361100,0.0,0.0
2022-07-11 00:00:00-04:00,19.860000610351562,20.110000610351562,19.350000381469727,19.43000030517578,1452200,0.0,0.0
2022-07-12 00:00:00-04:00,19.440000534057617,19.969999313354492,18.93000030517578,19.1200008392334,1596200,0.0,0.0
2022-07-13 00:00:00-04:00,18.899999618530273,19.690000534057617,18.530000686645508,19.209999084472656,1517900,0.0,0.0
2022-07-14 00:00:00-04:00,19.18000030517578,19.25,18.450000762939453,18.780000686645508,1273600,0.0,0.0
2022-07-15 00:00:00-04:00,19.200000762939453,19.3700008392334,18.68000030517578,19.1299991607666,1206100,0.0,0.0
2022-07-18 00:00:00-04:00,19.530000686645508,19.670000076293945,18.940000534057617,19.010000228881836,1166500,0.0,0.0
2022-07-19 00:00:00-04:00,19.290000915527344,19.969999313354492,19.18000030517578,19.93000030517578,1817100,0.0,0.0
2022-07-20 00:00:00-04:00,19.889999389648438,20.84000015258789,19.889999389648438,20.719999313354492,1506800,0.0,0.0
2022-07-21 00:00:00-04:00,20.709999084472656,21.860000610351562,20.5,21.84000015258789,1903600,0.0,0.0
2022-07-22 00:00:00-04:00,21.950000762939453,22.030000686645508,21.0,21.290000915527344,1454600,0.0,0.0
2022-07-25 00:00:00-04:00,21.309999465942383,21.829999923706055,20.8799991607666,21.3700008392334,2362900,0.0,0.0
2022-07-26 00:00:00-04:00,20.8799991607666,20.8799991607666,20.079999923706055,20.469999313354492,1449700,0.0,0.0
2022-07-27 00:00:00-04:00,20.729999542236328,21.43000030517578,20.360000610351562,21.299999237060547,1126500,0.0,0.0
2022-07-28 00:00:00-04:00,21.350000381469727,22.079999923706055,21.09000015258789,21.979999542236328,1694600,0.0,0.0
2022-07-29 00:00:00-04:00,22.15999984741211,22.15999984741211,21.59000015258789,22.110000610351562,1339500,0.0,0.0
2022-08-01 00:00:00-04:00,21.6299991607666,22.290000915527344,21.5,21.84000015258789,1355800,0.0,0.0
2022-08-02 00:00:00-04:00,21.34000015258789,22.149999618530273,21.34000015258789,21.559999465942383,1028700,0.0,0.0
2022-08-03 00:00:00-04:00,21.770000457763672,22.8700008392334,21.770000457763672,22.56999969482422,1770000,0.0,0.0
2022-08-04 00:00:00-04:00,22.59000015258789,22.969999313354492,22.229999542236328,22.799999237060547,1884700,0.0,0.0
2022-08-05 00:00:00-04:00,22.280000686645508,23.280000686645508,22.219999313354492,23.200000762939453,2230000,0.0,0.0
2022-08-08 00:00:00-04:00,23.600000381469727,24.559999465942383,22.8700008392334,22.940000534057617,3414300,0.0,0.0
2022-08-09 00:00:00-04:00,22.799999237060547,22.799999237060547,21.299999237060547,21.989999771118164,2657900,0.0,0.0
2022-08-10 00:00:00-04:00,22.959999084472656,23.18000030517578,22.5,22.770000457763672,5886100,0.0,0.0
2022-08-11 00:00:00-04:00,19.0,19.1299991607666,16.899999618530273,17.09000015258789,26434800,0.0,0.0
2022-08-12 00:00:00-04:00,17.25,17.450000762939453,16.84000015258789,17.170000076293945,8257900,0.0,0.0
2022-08-15 00:00:00-04:00,17.020000457763672,17.579999923706055,16.950000762939453,17.110000610351562,5289100,0.0,0.0
2022-08-16 00:00:00-04:00,16.959999084472656,17.34000015258789,16.790000915527344,17.219999313354492,5127900,0.0,0.0
2022-08-17 00:00:00-04:00,17.1299991607666,17.299999237060547,16.93000030517578,16.940000534057617,2969600,0.0,0.0
2022-08-18 00:00:00-04:00,16.920000076293945,17.239999771118164,16.920000076293945,17.100000381469727,1996900,0.0,0.0
2022-08-19 00:00:00-04:00,16.8799991607666,17.040000915527344,16.079999923706055,16.200000762939453,4871200,0.0,0.0
2022-08-22 00:00:00-04:00,15.869999885559082,16.190000534057617,15.619999885559082,15.770000457763672,4459800,0.0,0.0
2022-08-23 00:00:00-04:00,15.699999809265137,16.170000076293945,15.609999656677246,15.850000381469727,3981300,0.0,0.0
2022-08-24 00:00:00-04:00,15.84000015258789,16.020000457763672,15.520000457763672,15.539999961853027,3040500,0.0,0.0
2022-08-25 00:00:00-04:00,15.539999961853027,15.859999656677246,15.520000457763672,15.720000267028809,2789100,0.0,0.0
2022-08-26 00:00:00-04:00,15.649999618530273,15.90999984741211,15.239999771118164,15.3100004196167,2710000,0.0,0.0
2022-08-29 00:00:00-04:00,15.109999656677246,15.470000267028809,15.050000190734863,15.289999961853027,1859000,0.0,0.0
2022-08-30 00:00:00-04:00,15.460000038146973,15.550000190734863,15.0600004196167,15.1899995803833,1677900,0.0,0.0
2022-08-31 00:00:00-04:00,15.25,15.470000267028809,15.029999732971191,15.039999961853027,1841400,0.0,0.0
2022-09-01 00:00:00-04:00,14.800000190734863,15.039999961853027,14.619999885559082,14.949999809265137,2797900,0.0,0.0
2022-09-02 00:00:00-04:00,15.109999656677246,15.199999809265137,14.760000228881836,14.829999923706055,1796300,0.0,0.0
2022-09-06 00:00:00-04:00,14.84000015258789,14.880000114440918,14.529999732971191,14.789999961853027,1833700,0.0,0.0
2022-09-07 00:00:00-04:00,14.649999618530273,14.989999771118164,14.640000343322754,14.979999542236328,2324500,0.0,0.0
2022-09-08 00:00:00-04:00,14.9399995803833,15.779999732971191,14.720000267028809,15.760000228881836,2289600,0.0,0.0
2022-09-09 00:00:00-04:00,15.930000305175781,16.139999389648438,15.760000228881836,16.030000686645508,2739900,0.0,0.0
2022-09-12 00:00:00-04:00,16.18000030517578,16.329999923706055,15.770000457763672,15.920000076293945,2001100,0.0,0.0
2022-09-13 00:00:00-04:00,15.489999771118164,15.550000190734863,15.25,15.470000267028809,1774400,0.0,0.0
2022-09-14 00:00:00-04:00,15.470000267028809,15.609999656677246,15.1899995803833,15.520000457763672,1482600,0.0,0.0
2022-09-15 00:00:00-04:00,15.390000343322754,15.880000114440918,15.380000114440918,15.550000190734863,1375700,0.0,0.0
2022-09-16 00:00:00-04:00,15.399999618530273,15.550000190734863,15.069999694824219,15.380000114440918,2070300,0.0,0.0
2022-09-19 00:00:00-04:00,15.270000457763672,15.430000305175781,15.069999694824219,15.420000076293945,1371600,0.0,0.0
2022-09-20 00:00:00-04:00,15.149999618530273,15.25,14.859999656677246,14.970000267028809,1554000,0.0,0.0
2022-09-21 00:00:00-04:00,15.069999694824219,15.210000038146973,14.550000190734863,14.550000190734863,1940600,0.0,0.0
2022-09-22 00:00:00-04:00,14.5,14.59000015258789,14.220000267028809,14.359999656677246,1861400,0.0,0.0
2022-09-23 00:00:00-04:00,14.180000305175781,14.34000015258789,13.84000015258789,14.140000343322754,2328100,0.0,0.0
2022-09-26 00:00:00-04:00,14.039999961853027,14.390000343322754,13.899999618530273,13.920000076293945,2075700,0.0,0.0
2022-09-27 00:00:00-04:00,14.119999885559082,14.390000343322754,13.960000038146973,14.369999885559082,1468000,0.0,0.0
2022-09-28 00:00:00-04:00,14.420000076293945,14.65999984741211,14.289999961853027,14.390000343322754,1719700,0.0,0.0
2022-09-29 00:00:00-04:00,14.15999984741211,14.1899995803833,13.6899995803833,14.010000228881836,1741500,0.0,0.0
2022-09-30 00:00:00-04:00,13.880000114440918,14.40999984741211,13.84000015258789,13.899999618530273,1683400,0.0,0.0
2022-10-03 00:00:00-04:00,14.039999961853027,14.109999656677246,13.670000076293945,13.960000038146973,1730300,0.0,0.0
2022-10-04 00:00:00-04:00,14.329999923706055,14.630000114440918,14.220000267028809,14.380000114440918,1408300,0.0,0.0
2022-10-05 00:00:00-04:00,14.050000190734863,14.640000343322754,13.989999771118164,14.579999923706055,1543700,0.0,0.0
2022-10-06 00:00:00-04:00,14.579999923706055,14.899999618530273,14.510000228881836,14.6899995803833,1550700,0.0,0.0
2022-10-07 00:00:00-04:00,14.40999984741211,14.550000190734863,14.199999809265137,14.34000015258789,2337100,0.0,0.0
2022-10-10 00:00:00-04:00,14.40999984741211,14.479999542236328,14.15999984741211,14.34000015258789,1667600,0.0,0.0
2022-10-11 00:00:00-04:00,14.260000228881836,14.600000381469727,13.90999984741211,14.140000343322754,1805900,0.0,0.0
2022-10-12 00:00:00-04:00,14.199999809265137,14.5600004196167,13.920000076293945,14.460000038146973,1694800,0.0,0.0
2022-10-13 00:00:00-04:00,14.069999694824219,14.550000190734863,13.649999618530273,14.520000457763672,1999100,0.0,0.0
2022-10-14 00:00:00-04:00,14.680000305175781,14.899999618530273,14.1899995803833,14.1899995803833,1079800,0.0,0.0
2022-10-17 00:00:00-04:00,14.420000076293945,14.649999618530273,14.210000038146973,14.489999771118164,1929500,0.0,0.0
2022-10-18 00:00:00-04:00,14.770000457763672,15.0,14.579999923706055,14.699999809265137,1965700,0.0,0.0
2022-10-19 00:00:00-04:00,14.5600004196167,14.630000114440918,14.170000076293945,14.289999961853027,1821900,0.0,0.0
2022-10-20 00:00:00-04:00,14.289999961853027,14.4399995803833,14.029999732971191,14.319999694824219,1966500,0.0,0.0
2022-10-21 00:00:00-04:00,14.34000015258789,14.75,14.1899995803833,14.600000381469727,2962700,0.0,0.0
2022-10-24 00:00:00-04:00,14.720000267028809,14.800000190734863,14.300000190734863,14.630000114440918,3263100,0.0,0.0
2022-10-25 00:00:00-04:00,14.779999732971191,15.390000343322754,14.739999771118164,15.279999732971191,1730000,0.0,0.0
2022-10-26 00:00:00-04:00,15.220000267028809,15.850000381469727,15.220000267028809,15.680000305175781,1386100,0.0,0.0
2022-10-27 00:00:00-04:00,15.760000228881836,15.989999771118164,15.550000190734863,15.829999923706055,2017100,0.0,0.0
2022-10-28 00:00:00-04:00,15.819999694824219,16.06999969482422,15.5600004196167,15.979999542236328,1741900,0.0,0.0
2022-10-31 00:00:00-04:00,15.890000343322754,16.270000457763672,15.630000114440918,16.1200008392334,1668600,0.0,0.0
2022-11-01 00:00:00-04:00,16.360000610351562,16.450000762939453,16.010000228881836,16.139999389648438,1321300,0.0,0.0
2022-11-02 00:00:00-04:00,16.100000381469727,16.18000030517578,15.420000076293945,15.4399995803833,2649800,0.0,0.0
2022-11-03 00:00:00-04:00,15.329999923706055,15.329999923706055,14.850000381469727,14.920000076293945,2173000,0.0,0.0
2022-11-04 00:00:00-04:00,15.119999885559082,15.5600004196167,15.0,15.550000190734863,1427300,0.0,0.0
2022-11-07 00:00:00-05:00,15.640000343322754,15.770000457763672,15.319999694824219,15.65999984741211,1673900,0.0,0.0
2022-11-08 00:00:00-05:00,15.699999809265137,16.0,15.470000267028809,15.75,1619700,0.0,0.0
2022-11-09 00:00:00-05:00,15.649999618530273,15.6899995803833,15.149999618530273,15.170000076293945,1784500,0.0,0.0
2022-11-10 00:00:00-05:00,15.920000076293945,16.559999465942383,15.850000381469727,16.510000228881836,3377900,0.0,0.0
2022-11-11 00:00:00-05:00,16.549999237060547,17.899999618530273,16.450000762939453,17.670000076293945,4401600,0.0,0.0
2022-11-14 00:00:00-05:00,17.329999923706055,17.649999618530273,17.049999237060547,17.399999618530273,2498900,0.0,0.0
2022-11-15 00:00:00-05:00,17.739999771118164,18.280000686645508,17.639999389648438,17.799999237060547,2605600,0.0,0.0
2022-11-16 00:00:00-05:00,17.420000076293945,17.5,16.739999771118164,16.84000015258789,3805400,0.0,0.0
2022-11-17 00:00:00-05:00,17.850000381469727,17.850000381469727,16.729999542236328,17.350000381469727,5654200,0.0,0.0
2022-11-18 00:00:00-05:00,17.549999237060547,17.639999389648438,16.889999389648438,17.100000381469727,2618900,0.0,0.0
2022-11-21 00:00:00-05:00,16.899999618530273,17.200000762939453,16.719999313354492,17.139999389648438,2023000,0.0,0.0
2022-11-22 00:00:00-05:00,17.25,17.469999313354492,17.06999969482422,17.459999084472656,1148700,0.0,0.0
2022-11-23 00:00:00-05:00,17.5,17.979999542236328,17.399999618530273,17.780000686645508,1343900,0.0,0.0
2022-11-25 00:00:00-05:00,17.709999084472656,17.829999923706055,17.579999923706055,17.600000381469727,867500,0.0,0.0
2022-11-28 00:00:00-05:00,17.399999618530273,17.709999084472656,17.200000762939453,17.290000915527344,1629000,0.0,0.0
2022-11-29 00:00:00-05:00,17.25,17.40999984741211,16.860000610351562,16.969999313354492,1390900,0.0,0.0
2022-11-30 00:00:00-05:00,16.969999313354492,17.549999237060547,16.8799991607666,17.530000686645508,2402200,0.0,0.0
2022-12-01 00:00:00-05:00,17.579999923706055,17.8700008392334,17.360000610351562,17.860000610351562,1510000,0.0,0.0
2022-12-02 00:00:00-05:00,17.56999969482422,18.170000076293945,17.5,18.149999618530273,1278600,0.0,0.0
2022-12-05 00:00:00-05:00,18.040000915527344,18.239999771118164,17.790000915527344,18.200000762939453,1510700,0.0,0.0
2022-12-06 00:00:00-05:00,18.200000762939453,18.200000762939453,17.40999984741211,17.6299991607666,1277700,0.0,0.0
2022-12-07 00:00:00-05:00,17.530000686645508,17.719999313354492,17.459999084472656,17.520000457763672,1452800,0.0,0.0
2022-12-08 00:00:00-05:00,17.540000915527344,17.920000076293945,17.459999084472656,17.799999237060547,1130100,0.0,0.0
2022-12-09 00:00:00-05:00,17.719999313354492,18.15999984741211,17.549999237060547,17.790000915527344,1483800,0.0,0.0
2022-12-12 00:00:00-05:00,17.790000915527344,18.040000915527344,17.579999923706055,17.979999542236328,2116300,0.0,0.0
2022-12-13 00:00:00-05:00,18.540000915527344,18.93000030517578,17.920000076293945,18.0,2268700,0.0,0.0
2022-12-14 00:00:00-05:00,17.8700008392334,18.219999313354492,17.729999542236328,17.93000030517578,1436600,0.0,0.0
2022-12-15 00:00:00-05:00,17.600000381469727,17.950000762939453,17.469999313354492,17.780000686645508,2013400,0.0,0.0
2022-12-16 00:00:00-05:00,17.489999771118164,17.799999237060547,17.450000762939453,17.540000915527344,4383800,0.0,0.0
2022-12-19 00:00:00-05:00,17.440000534057617,17.5,17.100000381469727,17.139999389648438,2021900,0.0,0.0
2022-12-20 00:00:00-05:00,16.959999084472656,17.329999923706055,16.829999923706055,16.8700008392334,1345800,0.0,0.0
2022-12-21 00:00:00-05:00,17.0,17.329999923706055,16.920000076293945,17.25,1223800,0.0,0.0
2022-12-22 00:00:00-05:00,17.010000228881836,17.15999984741211,16.6299991607666,17.030000686645508,1238200,0.0,0.0
2022-12-23 00:00:00-05:00,17.09000015258789,17.239999771118164,16.90999984741211,17.0,787800,0.0,0.0
2022-12-27 00:00:00-05:00,16.850000381469727,16.889999389648438,16.25,16.290000915527344,1859400,0.0,0.0
2022-12-28 00:00:00-05:00,16.280000686645508,16.350000381469727,15.960000038146973,15.970000267028809,1655600,0.0,0.0
2022-12-29 00:00:00-05:00,16.100000381469727,16.760000228881836,16.030000686645508,16.639999389648438,2041100,0.0,0.0
2022-12-30 00:00:00-05:00,16.399999618530273,16.90999984741211,16.209999084472656,16.899999618530273,1691800,0.0,0.0
2023-01-03 00:00:00-05:00,17.1299991607666,17.31999969482422,16.700000762939453,16.850000381469727,1600100,0.0,0.0
2023-01-04 00:00:00-05:00,17.020000457763672,17.299999237060547,16.920000076293945,17.100000381469727,1152600,0.0,0.0
2023-01-05 00:00:00-05:00,17.020000457763672,17.43000030517578,16.829999923706055,17.360000610351562,941800,0.0,0.0
2023-01-06 00:00:00-05:00,17.43000030517578,17.6299991607666,17.299999237060547,17.549999237060547,964500,0.0,0.0
2023-01-09 00:00:00-05:00,17.700000762939453,18.18000030517578,17.649999618530273,17.780000686645508,1568000,0.0,0.0
2023-01-10 00:00:00-05:00,17.65999984741211,18.219999313354492,17.600000381469727,18.049999237060547,1472100,0.0,0.0
2023-01-11 00:00:00-05:00,18.260000228881836,18.68000030517578,18.170000076293945,18.350000381469727,1370600,0.0,0.0
2023-01-12 00:00:00-05:00,18.360000610351562,18.43000030517578,18.030000686645508,18.18000030517578,1042000,0.0,0.0
2023-01-13 00:00:00-05:00,17.920000076293945,18.149999618530273,17.8700008392334,18.09000015258789,765900,0.0,0.0
2023-01-17 00:00:00-05:00,18.010000228881836,18.270000457763672,18.010000228881836,18.020000457763672,999400,0.0,0.0
2023-01-18 00:00:00-05:00,18.209999084472656,18.40999984741211,18.09000015258789,18.270000457763672,1332200,0.0,0.0
2023-01-19 00:00:00-05:00,18.170000076293945,18.270000457763672,17.920000076293945,18.1299991607666,1212000,0.0,0.0
2023-01-20 00:00:00-05:00,18.260000228881836,18.389999389648438,18.100000381469727,18.309999465942383,1148900,0.0,0.0
2023-01-23 00:00:00-05:00,18.420000076293945,18.469999313354492,18.190000534057617,18.350000381469727,1317300,0.0,0.0
2023-01-24 00:00:00-05:00,18.139999389648438,18.329999923706055,18.020000457763672,18.219999313354492,1211000,0.0,0.0
2023-01-25 00:00:00-05:00,17.979999542236328,18.549999237060547,17.899999618530273,18.489999771118164,1200400,0.0,0.0
2023-01-26 00:00:00-05:00,18.68000030517578,18.829999923706055,18.219999313354492,18.479999542236328,727600,0.0,0.0
2023-01-27 00:00:00-05:00,18.40999984741211,18.6299991607666,18.40999984741211,18.549999237060547,1444800,0.0,0.0
2023-01-30 00:00:00-05:00,18.350000381469727,18.68000030517578,18.309999465942383,18.489999771118164,1309200,0.0,0.0
2023-01-31 00:00:00-05:00,18.520000457763672,18.639999389648438,18.350000381469727,18.440000534057617,1561000,0.0,0.0
2023-02-01 00:00:00-05:00,18.489999771118164,18.709999084472656,18.18000030517578,18.649999618530273,1563200,0.0,0.0
2023-02-02 00:00:00-05:00,18.829999923706055,19.75,18.799999237060547,19.450000762939453,3280200,0.0,0.0
2023-02-03 00:00:00-05:00,19.059999465942383,19.459999084472656,18.84000015258789,18.90999984741211,1693300,0.0,0.0
2023-02-06 00:00:00-05:00,18.65999984741211,18.65999984741211,17.920000076293945,18.049999237060547,5217300,0.0,0.0
2023-02-07 00:00:00-05:00,17.979999542236328,18.6299991607666,17.829999923706055,18.579999923706055,6383800,0.0,0.0
2023-02-08 00:00:00-05:00,18.389999389648438,18.700000762939453,17.790000915527344,17.860000610351562,4091500,0.0,0.0
2023-02-09 00:00:00-05:00,20.59000015258789,21.389999389648438,19.90999984741211,20.799999237060547,9495000,0.0,0.0
2023-02-10 00:00:00-05:00,20.579999923706055,20.610000610351562,19.65999984741211,20.09000015258789,4130800,0.0,0.0
2023-02-13 00:00:00-05:00,20.139999389648438,21.229999542236328,19.940000534057617,21.209999084472656,3483800,0.0,0.0
2023-02-14 00:00:00-05:00,21.049999237060547,21.239999771118164,20.809999465942383,21.170000076293945,2055400,0.0,0.0
2023-02-15 00:00:00-05:00,21.149999618530273,21.559999465942383,21.030000686645508,21.450000762939453,1896700,0.0,0.0
2023-02-16 00:00:00-05:00,21.219999313354492,21.440000534057617,21.0,21.0,1678600,0.0,0.0
2023-02-17 00:00:00-05:00,20.889999389648438,20.889999389648438,20.3700008392334,20.6200008392334,1890900,0.0,0.0
2023-02-21 00:00:00-05:00,20.25,20.5,19.729999542236328,19.729999542236328,1690100,0.0,0.0
2023-02-22 00:00:00-05:00,19.780000686645508,19.93000030517578,19.559999465942383,19.65999984741211,1774300,0.0,0.0
2023-02-23 00:00:00-05:00,19.8700008392334,19.899999618530273,19.530000686645508,19.690000534057617,1314200,0.0,0.0
2023-02-24 00:00:00-05:00,19.350000381469727,19.450000762939453,19.149999618530273,19.280000686645508,1195700,0.0,0.0
2023-02-27 00:00:00-05:00,19.40999984741211,19.59000015258789,19.239999771118164,19.31999969482422,1309700,0.0,0.0
2023-02-28 00:00:00-05:00,19.31999969482422,19.719999313354492,19.31999969482422,19.43000030517578,1454000,0.0,0.0
2023-03-01 00:00:00-05:00,19.3799991607666,19.75,19.229999542236328,19.709999084472656,1245700,0.0,0.0
2023-03-02 00:00:00-05:00,19.5,20.079999923706055,19.350000381469727,19.860000610351562,1161500,0.0,0.0
2023-03-03 00:00:00-05:00,19.989999771118164,20.549999237060547,19.920000076293945,20.34000015258789,2013100,0.0,0.0
2023-03-06 00:00:00-05:00,20.34000015258789,20.559999465942383,20.06999969482422,20.200000762939453,1349100,0.0,0.0
2023-03-07 00:00:00-05:00,20.239999771118164,20.399999618530273,19.760000228881836,19.770000457763672,1174000,0.0,0.0
2023-03-08 00:00:00-05:00,19.790000915527344,19.829999923706055,19.5,19.780000686645508,1128200,0.0,0.0
2023-03-09 00:00:00-05:00,19.8799991607666,20.239999771118164,19.56999969482422,19.6299991607666,1135100,0.0,0.0
2023-03-10 00:00:00-05:00,19.59000015258789,19.59000015258789,18.920000076293945,19.139999389648438,1388300,0.0,0.0
2023-03-13 00:00:00-04:00,18.899999618530273,19.299999237060547,18.469999313354492,19.18000030517578,1268300,0.0,0.0
2023-03-14 00:00:00-04:00,19.5,19.510000228881836,19.030000686645508,19.299999237060547,1101500,0.0,0.0
2023-03-15 00:00:00-04:00,18.760000228881836,19.239999771118164,18.729999542236328,19.229999542236328,1609300,0.0,0.0
2023-03-16 00:00:00-04:00,19.1200008392334,19.59000015258789,19.079999923706055,19.549999237060547,961400,0.0,0.0
2023-03-17 00:00:00-04:00,19.450000762939453,19.65999984741211,19.270000457763672,19.3700008392334,2162200,0.0,0.0
2023-03-20 00:00:00-04:00,19.219999313354492,19.43000030517578,19.049999237060547,19.290000915527344,1004900,0.0,0.0
2023-03-21 00:00:00-04:00,19.479999542236328,19.690000534057617,19.360000610351562,19.540000915527344,1020500,0.0,0.0
2023-03-22 00:00:00-04:00,19.530000686645508,19.649999618530273,19.040000915527344,19.049999237060547,1004700,0.0,0.0
2023-03-23 00:00:00-04:00,19.149999618530273,19.59000015258789,19.010000228881836,19.239999771118164,920000,0.0,0.0
2023-03-24 00:00:00-04:00,19.139999389648438,19.3700008392334,19.049999237060547,19.290000915527344,953000,0.0,0.0
2023-03-27 00:00:00-04:00,19.360000610351562,19.40999984741211,18.809999465942383,18.940000534057617,1583200,0.0,0.0
2023-03-28 00:00:00-04:00,18.899999618530273,18.979999542236328,18.65999984741211,18.68000030517578,854600,0.0,0.0
2023-03-29 00:00:00-04:00,18.93000030517578,19.020000457763672,18.799999237060547,18.950000762939453,726300,0.0,0.0
2023-03-30 00:00:00-04:00,19.030000686645508,19.280000686645508,18.940000534057617,19.040000915527344,984600,0.0,0.0
2023-03-31 00:00:00-04:00,19.139999389648438,19.65999984741211,19.030000686645508,19.6200008392334,1311600,0.0,0.0
2023-04-03 00:00:00-04:00,19.489999771118164,19.709999084472656,19.1299991607666,19.6299991607666,1794200,0.0,0.0
2023-04-04 00:00:00-04:00,19.6299991607666,20.520000457763672,19.610000610351562,20.209999084472656,2818700,0.0,0.0
2023-04-05 00:00:00-04:00,20.09000015258789,20.450000762939453,19.670000076293945,19.799999237060547,2196100,0.0,0.0
2023-04-06 00:00:00-04:00,19.700000762939453,20.139999389648438,19.520000457763672,19.8799991607666,1665100,0.0,0.0
2023-04-10 00:00:00-04:00,19.729999542236328,20.219999313354492,19.639999389648438,20.110000610351562,1179800,0.0,0.0
2023-04-11 00:00:00-04:00,20.299999237060547,20.389999389648438,20.059999465942383,20.170000076293945,1726100,0.0,0.0
2023-04-12 00:00:00-04:00,20.43000030517578,20.860000610351562,20.200000762939453,20.389999389648438,1320500,0.0,0.0
2023-04-13 00:00:00-04:00,20.549999237060547,20.850000381469727,20.469999313354492,20.6200008392334,1026100,0.0,0.0
2023-04-14 00:00:00-04:00,20.649999618530273,20.850000381469727,20.139999389648438,20.280000686645508,831800,0.0,0.0
2023-04-17 00:00:00-04:00,20.290000915527344,20.3799991607666,20.209999084472656,20.329999923706055,877500,0.0,0.0
2023-04-18 00:00:00-04:00,20.399999618530273,20.540000915527344,20.229999542236328,20.469999313354492,1117200,0.0,0.0
2023-04-19 00:00:00-04:00,20.34000015258789,20.450000762939453,20.25,20.40999984741211,826400,0.0,0.0
2023-04-20 00:00:00-04:00,20.290000915527344,20.559999465942383,20.290000915527344,20.360000610351562,831700,0.0,0.0
2023-04-21 00:00:00-04:00,20.360000610351562,20.610000610351562,20.200000762939453,20.450000762939453,1365100,0.0,0.0
2023-04-24 00:00:00-04:00,20.440000534057617,20.829999923706055,20.280000686645508,20.75,1809000,0.0,0.0
2023-04-25 00:00:00-04:00,20.549999237060547,20.81999969482422,20.280000686645508,20.290000915527344,1187700,0.0,0.0
2023-04-26 00:00:00-04:00,20.3799991607666,20.540000915527344,20.280000686645508,20.389999389648438,900700,0.0,0.0
2023-04-27 00:00:00-04:00,20.59000015258789,20.829999923706055,20.479999542236328,20.739999771118164,1914900,0.0,0.0
2023-04-28 00:00:00-04:00,20.68000030517578,21.40999984741211,20.670000076293945,21.139999389648438,2658900,0.0,0.0
2023-05-01 00:00:00-04:00,21.110000610351562,21.469999313354492,20.950000762939453,21.190000534057617,1216800,0.0,0.0
2023-05-02 00:00:00-04:00,21.139999389648438,21.34000015258789,20.790000915527344,21.329999923706055,1452900,0.0,0.0
2023-05-03 00:00:00-04:00,21.399999618530273,21.610000610351562,21.209999084472656,21.290000915527344,1539900,0.0,0.0
2023-05-04 00:00:00-04:00,21.260000228881836,21.459999084472656,21.079999923706055,21.200000762939453,704800,0.0,0.0
2023-05-05 00:00:00-04:00,21.329999923706055,21.65999984741211,21.329999923706055,21.610000610351562,2340300,0.0,0.0
2023-05-08 00:00:00-04:00,21.549999237060547,21.799999237060547,21.399999618530273,21.770000457763672,1887300,0.0,0.0
2023-05-09 00:00:00-04:00,21.610000610351562,21.809999465942383,21.530000686645508,21.780000686645508,1614600,0.0,0.0
2023-05-10 00:00:00-04:00,21.969999313354492,21.979999542236328,20.940000534057617,21.149999618530273,3857000,0.0,0.0
2023-05-11 00:00:00-04:00,17.0,17.690000534057617,15.680000305175781,16.139999389648438,16390800,0.0,0.0
2023-05-12 00:00:00-04:00,15.9399995803833,16.34000015258789,15.420000076293945,15.670000076293945,6044400,0.0,0.0
2023-05-15 00:00:00-04:00,15.600000381469727,15.859999656677246,15.260000228881836,15.529999732971191,3470100,0.0,0.0
2023-05-16 00:00:00-04:00,15.34000015258789,15.489999771118164,15.109999656677246,15.1899995803833,2427700,0.0,0.0
2023-05-17 00:00:00-04:00,15.170000076293945,15.380000114440918,15.100000381469727,15.180000305175781,2080000,0.0,0.0
2023-05-18 00:00:00-04:00,15.149999618530273,15.390000343322754,14.989999771118164,15.210000038146973,1985900,0.0,0.0
2023-05-19 00:00:00-04:00,15.199999809265137,15.350000381469727,15.100000381469727,15.220000267028809,2167000,0.0,0.0
2023-05-22 00:00:00-04:00,15.149999618530273,15.220000267028809,14.850000381469727,14.970000267028809,2567600,0.0,0.0
2023-05-23 00:00:00-04:00,14.90999984741211,15.289999961853027,14.850000381469727,15.079999923706055,2433200,0.0,0.0
2023-05-24 00:00:00-04:00,15.0600004196167,15.09000015258789,14.470000267028809,14.489999771118164,2581300,0.0,0.0
2023-05-25 00:00:00-04:00,14.449999809265137,14.579999923706055,14.199999809265137,14.390000343322754,1969900,0.0,0.0
2023-05-26 00:00:00-04:00,14.380000114440918,14.600000381469727,14.300000190734863,14.5,2317700,0.0,0.0
2023-05-30 00:00:00-04:00,14.680000305175781,15.529999732971191,14.510000228881836,15.420000076293945,2940200,0.0,0.0
2023-05-31 00:00:00-04:00,15.270000457763672,15.34000015258789,14.479999542236328,14.529999732971191,3102700,0.0,0.0
2023-06-01 00:00:00-04:00,14.529999732971191,14.619999885559082,14.270000457763672,14.3100004196167,2834000,0.0,0.0
2023-06-02 00:00:00-04:00,14.479999542236328,14.699999809265137,14.34000015258789,14.680000305175781,2523000,0.0,0.0
2023-06-05 00:00:00-04:00,14.65999984741211,15.449999809265137,14.600000381469727,15.399999618530273,2670500,0.0,0.0
2023-06-06 00:00:00-04:00,15.449999809265137,16.06999969482422,15.350000381469727,15.979999542236328,2655200,0.0,0.0
2023-06-07 00:00:00-04:00,16.079999923706055,16.229999542236328,15.800000190734863,15.899999618530273,1870000,0.0,0.0
2023-06-08 00:00:00-04:00,15.9399995803833,16.049999237060547,15.8100004196167,15.989999771118164,1301000,0.0,0.0
2023-06-09 00:00:00-04:00,16.020000457763672,16.06999969482422,15.520000457763672,15.789999961853027,2088400,0.0,0.0
2023-06-12 00:00:00-04:00,15.960000038146973,16.079999923706055,15.850000381469727,16.020000457763672,1559500,0.0,0.0
2023-06-13 00:00:00-04:00,16.15999984741211,16.360000610351562,16.1200008392334,16.290000915527344,1837200,0.0,0.0
2023-06-14 00:00:00-04:00,16.200000762939453,16.3700008392334,15.59000015258789,15.699999809265137,2565200,0.0,0.0
2023-06-15 00:00:00-04:00,15.59000015258789,16.170000076293945,15.510000228881836,16.139999389648438,1716300,0.0,0.0
2023-06-16 00:00:00-04:00,16.31999969482422,16.43000030517578,16.1200008392334,16.219999313354492,2943800,0.0,0.0
2023-06-20 00:00:00-04:00,16.030000686645508,16.309999465942383,16.0,16.020000457763672,2450800,0.0,0.0
2023-06-21 00:00:00-04:00,15.859999656677246,16.09000015258789,15.75,15.850000381469727,1856700,0.0,0.0
2023-06-22 00:00:00-04:00,15.739999771118164,15.760000228881836,15.5,15.760000228881836,1616200,0.0,0.0
2023-06-23 00:00:00-04:00,15.619999885559082,15.670000076293945,15.109999656677246,15.199999809265137,2511700,0.0,0.0
2023-06-26 00:00:00-04:00,15.130000114440918,15.399999618530273,14.949999809265137,15.270000457763672,2200100,0.0,0.0
2023-06-27 00:00:00-04:00,15.40999984741211,15.75,15.229999542236328,15.65999984741211,1395300,0.0,0.0
2023-06-28 00:00:00-04:00,15.59000015258789,15.710000038146973,15.5,15.670000076293945,1104500,0.0,0.0
2023-06-29 00:00:00-04:00,15.59000015258789,16.049999237060547,15.59000015258789,16.030000686645508,1876300,0.0,0.0
2023-06-30 00:00:00-04:00,16.09000015258789,16.469999313354492,15.989999771118164,16.329999923706055,1724800,0.0,0.0
2023-07-03 00:00:00-04:00,16.420000076293945,16.56999969482422,16.239999771118164,16.239999771118164,825700,0.0,0.0
2023-07-05 00:00:00-04:00,16.219999313354492,16.219999313354492,15.760000228881836,15.979999542236328,1638100,0.0,0.0
2023-07-06 00:00:00-04:00,15.699999809265137,16.15999984741211,15.619999885559082,15.899999618530273,1976700,0.0,0.0
2023-07-07 00:00:00-04:00,15.949999809265137,16.3799991607666,15.949999809265137,16.209999084472656,1602400,0.0,0.0
2023-07-10 00:00:00-04:00,16.219999313354492,16.690000534057617,16.200000762939453,16.65999984741211,1825400,0.0,0.0
2023-07-11 00:00:00-04:00,16.790000915527344,17.239999771118164,16.739999771118164,16.8799991607666,1652800,0.0,0.0
2023-07-12 00:00:00-04:00,17.09000015258789,17.190000534057617,16.90999984741211,17.149999618530273,1523300,0.0,0.0
2023-07-13 00:00:00-04:00,17.200000762939453,17.510000228881836,17.09000015258789,17.440000534057617,1679600,0.0,0.0
2023-07-14 00:00:00-04:00,17.40999984741211,17.40999984741211,16.950000762939453,17.1299991607666,1532000,0.0,0.0
2023-07-17 00:00:00-04:00,17.020000457763672,17.420000076293945,16.90999984741211,17.280000686645508,1473600,0.0,0.0
2023-07-18 00:00:00-04:00,17.25,17.670000076293945,17.219999313354492,17.40999984741211,1751000,0.0,0.0
2023-07-19 00:00:00-04:00,17.520000457763672,17.59000015258789,17.25,17.309999465942383,1031300,0.0,0.0
2023-07-20 00:00:00-04:00,17.219999313354492,17.25,16.270000457763672,16.299999237060547,1981600,0.0,0.0
2023-07-21 00:00:00-04:00,16.440000534057617,16.600000381469727,16.059999465942383,16.1200008392334,1128600,0.0,0.0
2023-07-24 00:00:00-04:00,16.1200008392334,16.649999618530273,16.100000381469727,16.56999969482422,1158900,0.0,0.0
2023-07-25 00:00:00-04:00,16.59000015258789,16.90999984741211,16.530000686645508,16.84000015258789,1132600,0.0,0.0
2023-07-26 00:00:00-04:00,16.799999237060547,17.5,16.799999237060547,17.309999465942383,1668000,0.0,0.0
2023-07-27 00:00:00-04:00,17.450000762939453,17.520000457763672,17.010000228881836,17.079999923706055,1002400,0.0,0.0
2023-07-28 00:00:00-04:00,17.31999969482422,17.450000762939453,16.940000534057617,17.06999969482422,1591800,0.0,0.0
2023-07-31 00:00:00-04:00,17.09000015258789,17.290000915527344,17.020000457763672,17.139999389648438,1222000,0.0,0.0
2023-08-01 00:00:00-04:00,17.030000686645508,17.31999969482422,16.889999389648438,17.290000915527344,931700,0.0,0.0
2023-08-02 00:00:00-04:00,17.06999969482422,17.1200008392334,16.709999084472656,16.719999313354492,1209300,0.0,0.0
2023-08-03 00:00:00-04:00,16.559999465942383,16.799999237060547,16.329999923706055,16.760000228881836,1275700,0.0,0.0
2023-08-04 00:00:00-04:00,16.81999969482422,16.850000381469727,16.18000030517578,16.260000228881836,1367200,0.0,0.0
2023-08-07 00:00:00-04:00,16.260000228881836,16.350000381469727,15.710000038146973,16.0,2431800,0.0,0.0
2023-08-08 00:00:00-04:00,15.899999618530273,15.899999618530273,15.430000305175781,15.869999885559082,2353900,0.0,0.0
2023-08-09 00:00:00-04:00,15.84000015258789,15.869999885559082,15.210000038146973,15.640000343322754,3553700,0.0,0.0
2023-08-10 00:00:00-04:00,16.579999923706055,17.079999923706055,14.609999656677246,14.640000343322754,8322800,0.0,0.0
2023-08-11 00:00:00-04:00,14.550000190734863,14.710000038146973,14.029999732971191,14.140000343322754,3977400,0.0,0.0
2023-08-14 00:00:00-04:00,14.029999732971191,14.109999656677246,13.6899995803833,13.989999771118164,2442900,0.0,0.0
2023-08-15 00:00:00-04:00,13.989999771118164,14.529999732971191,13.949999809265137,14.479999542236328,3849600,0.0,0.0
2023-08-16 00:00:00-04:00,14.359999656677246,14.479999542236328,13.850000381469727,13.869999885559082,2006800,0.0,0.0
2023-08-17 00:00:00-04:00,13.880000114440918,14.09000015258789,13.789999961853027,13.859999656677246,2706500,0.0,0.0
2023-08-18 00:00:00-04:00,13.640000343322754,14.0,13.550000190734863,13.75,1823600,0.0,0.0
2023-08-21 00:00:00-04:00,13.770000457763672,14.109999656677246,13.729999542236328,13.760000228881836,2189000,0.0,0.0
2023-08-22 00:00:00-04:00,13.800000190734863,14.029999732971191,13.770000457763672,13.890000343322754,2697500,0.0,0.0
2023-08-23 00:00:00-04:00,13.890000343322754,14.0600004196167,13.770000457763672,13.779999732971191,1949700,0.0,0.0
2023-08-24 00:00:00-04:00,13.75,13.890000343322754,13.5600004196167,13.59000015258789,1875300,0.0,0.0
2023-08-25 00:00:00-04:00,13.600000381469727,13.779999732971191,13.449999809265137,13.680000305175781,1563100,0.0,0.0
2023-08-28 00:00:00-04:00,13.6899995803833,13.829999923706055,13.550000190734863,13.640000343322754,979600,0.0,0.0
2023-08-29 00:00:00-04:00,13.619999885559082,13.970000267028809,13.569999694824219,13.869999885559082,2654500,0.0,0.0
2023-08-30 00:00:00-04:00,13.850000381469727,13.949999809265137,13.699999809265137,13.75,1482000,0.0,0.0
2023-08-31 00:00:00-04:00,13.760000228881836,13.920000076293945,13.649999618530273,13.779999732971191,1715800,0.0,0.0
2023-09-01 00:00:00-04:00,13.880000114440918,14.020000457763672,13.479999542236328,13.569999694824219,1744200,0.0,0.0
2023-09-05 00:00:00-04:00,13.510000228881836,13.569999694824219,13.289999961853027,13.5,1808300,0.0,0.0
2023-09-06 00:00:00-04:00,13.569999694824219,13.75,13.300000190734863,13.40999984741211,1572900,0.0,0.0
2023-09-07 00:00:00-04:00,13.279999732971191,13.319999694824219,13.130000114440918,13.220000267028809,1690300,0.0,0.0
2023-09-08 00:00:00-04:00,13.479999542236328,13.569999694824219,13.199999809265137,13.319999694824219,1331600,0.0,0.0
2023-09-11 00:00:00-04:00,13.359999656677246,13.399999618530273,13.170000076293945,13.300000190734863,1264000,0.0,0.0
2023-09-12 00:00:00-04:00,13.289999961853027,13.510000228881836,13.1899995803833,13.279999732971191,1324900,0.0,0.0
2023-09-13 00:00:00-04:00,13.289999961853027,13.34000015258789,13.09000015258789,13.140000343322754,1216000,0.0,0.0
2023-09-14 00:00:00-04:00,13.1899995803833,13.319999694824219,13.119999885559082,13.15999984741211,1652500,0.0,0.0
2023-09-15 00:00:00-04:00,13.25,13.670000076293945,12.920000076293945,13.300000190734863,6679000,0.0,0.0
2023-09-18 00:00:00-04:00,13.239999771118164,13.260000228881836,12.800000190734863,12.84000015258789,3123200,0.0,0.0
2023-09-19 00:00:00-04:00,12.8100004196167,13.010000228881836,12.779999732971191,12.949999809265137,1207600,0.0,0.0
2023-09-20 00:00:00-04:00,13.25,13.539999961853027,13.170000076293945,13.229999542236328,1822200,0.0,0.0
2023-09-21 00:00:00-04:00,13.0600004196167,13.109999656677246,12.899999618530273,12.920000076293945,1102800,0.0,0.0
2023-09-22 00:00:00-04:00,12.949999809265137,13.020000457763672,12.8100004196167,12.819999694824219,1133200,0.0,0.0
2023-09-25 00:00:00-04:00,12.75,12.859999656677246,12.680000305175781,12.850000381469727,836600,0.0,0.0
2023-09-26 00:00:00-04:00,12.720000267028809,12.75,12.5600004196167,12.600000381469727,1086700,0.0,0.0
2023-09-27 00:00:00-04:00,12.630000114440918,12.720000267028809,12.4399995803833,12.600000381469727,1443300,0.0,0.0
2023-09-28 00:00:00-04:00,12.649999618530273,12.699999809265137,12.510000228881836,12.630000114440918,1207600,0.0,0.0
2023-09-29 00:00:00-04:00,12.760000228881836,12.979999542236328,12.710000038146973,12.90999984741211,1227800,0.0,0.0
2023-10-02 00:00:00-04:00,12.859999656677246,12.930000305175781,12.699999809265137,12.8100004196167,1254500,0.0,0.0
2023-10-03 00:00:00-04:00,12.760000228881836,12.850000381469727,12.710000038146973,12.739999771118164,1244600,0.0,0.0
2023-10-04 00:00:00-04:00,12.779999732971191,12.84000015258789,12.460000038146973,12.609999656677246,1331300,0.0,0.0
2023-10-05 00:00:00-04:00,12.619999885559082,12.680000305175781,12.319999694824219,12.59000015258789,1461400,0.0,0.0
2023-10-06 00:00:00-04:00,12.449999809265137,12.550000190734863,12.34000015258789,12.460000038146973,1131600,0.0,0.0
2023-10-09 00:00:00-04:00,12.3100004196167,12.319999694824219,12.109999656677246,12.1899995803833,1612500,0.0,0.0
2023-10-10 00:00:00-04:00,12.210000038146973,12.420000076293945,12.109999656677246,12.109999656677246,1353700,0.0,0.0
2023-10-11 00:00:00-04:00,12.15999984741211,12.25,11.850000381469727,11.850000381469727,1556200,0.0,0.0
2023-10-12 00:00:00-04:00,11.819999694824219,11.819999694824219,11.40999984741211,11.430000305175781,1959800,0.0,0.0
2023-10-13 00:00:00-04:00,11.430000305175781,11.449999809265137,10.819999694824219,10.970000267028809,2540700,0.0,0.0
2023-10-16 00:00:00-04:00,11.050000190734863,11.390000343322754,10.920000076293945,11.279999732971191,1626500,0.0,0.0
2023-10-17 00:00:00-04:00,11.220000267028809,11.829999923706055,11.220000267028809,11.699999809265137,2131500,0.0,0.0
2023-10-18 00:00:00-04:00,11.579999923706055,11.59000015258789,11.329999923706055,11.369999885559082,1430200,0.0,0.0
2023-10-19 00:00:00-04:00,11.3100004196167,11.5,11.09000015258789,11.329999923706055,1936400,0.0,0.0
2023-10-20 00:00:00-04:00,11.359999656677246,11.399999618530273,11.180000305175781,11.1899995803833,1754800,0.0,0.0
2023-10-23 00:00:00-04:00,11.100000381469727,11.180000305175781,10.90999984741211,11.050000190734863,1991700,0.0,0.0
2023-10-24 00:00:00-04:00,11.079999923706055,11.220000267028809,10.84000015258789,10.850000381469727,1938500,0.0,0.0
2023-10-25 00:00:00-04:00,10.800000190734863,10.800000190734863,9.84000015258789,9.890000343322754,4006700,0.0,0.0
2023-10-26 00:00:00-04:00,9.899999618530273,10.270000457763672,9.890000343322754,10.010000228881836,2838900,0.0,0.0
2023-10-27 00:00:00-04:00,10.039999961853027,10.100000381469727,9.779999732971191,9.859999656677246,2230700,0.0,0.0
2023-10-30 00:00:00-04:00,9.979999542236328,10.420000076293945,9.970000267028809,10.380000114440918,1951300,0.0,0.0
2023-10-31 00:00:00-04:00,10.369999885559082,10.829999923706055,10.350000381469727,10.779999732971191,1730200,0.0,0.0
2023-11-01 00:00:00-04:00,10.699999809265137,10.8100004196167,10.350000381469727,10.65999984741211,1908400,0.0,0.0
2023-11-02 00:00:00-04:00,10.84000015258789,11.130000114440918,10.729999542236328,11.109999656677246,1613700,0.0,0.0
2023-11-03 00:00:00-04:00,11.319999694824219,11.399999618530273,11.09000015258789,11.34000015258789,1803700,0.0,0.0
2023-11-06 00:00:00-05:00,11.449999809265137,11.449999809265137,11.239999771118164,11.300000190734863,1684500,0.0,0.0
2023-11-07 00:00:00-05:00,10.6899995803833,10.84000015258789,10.100000381469727,10.779999732971191,2886200,0.0,0.0
2023-11-08 00:00:00-05:00,10.789999961853027,10.890000343322754,10.510000228881836,10.8100004196167,1869300,0.0,0.0
2023-11-09 00:00:00-05:00,10.829999923706055,10.829999923706055,10.25,10.359999656677246,2385900,0.0,0.0
2023-11-10 00:00:00-05:00,10.40999984741211,10.699999809265137,10.350000381469727,10.680000305175781,1898200,0.0,0.0
2023-11-13 00:00:00-05:00,10.670000076293945,10.770000457763672,10.489999771118164,10.609999656677246,1637100,0.0,0.0
2023-11-14 00:00:00-05:00,11.0,11.420000076293945,10.970000267028809,11.260000228881836,3227500,0.0,0.0
2023-11-15 00:00:00-05:00,11.270000457763672,11.6899995803833,11.229999542236328,11.350000381469727,3873500,0.0,0.0
2023-11-16 00:00:00-05:00,11.869999885559082,13.479999542236328,11.539999961853027,13.289999961853027,12414300,0.0,0.0
2023-11-17 00:00:00-05:00,13.399999618530273,13.739999771118164,13.229999542236328,13.710000038146973,4903000,0.0,0.0
2023-11-20 00:00:00-05:00,13.710000038146973,14.40999984741211,13.65999984741211,14.319999694824219,3493300,0.0,0.0
2023-11-21 00:00:00-05:00,14.270000457763672,14.270000457763672,13.779999732971191,14.029999732971191,3189600,0.0,0.0
2023-11-22 00:00:00-05:00,14.350000381469727,14.539999961853027,14.149999618530273,14.239999771118164,1949400,0.0,0.0
2023-11-24 00:00:00-05:00,14.25,14.579999923706055,14.079999923706055,14.520000457763672,1445700,0.0,0.0
2023-11-27 00:00:00-05:00,14.420000076293945,14.850000381469727,14.210000038146973,14.680000305175781,2404200,0.0,0.0
2023-11-28 00:00:00-05:00,14.640000343322754,14.979999542236328,14.460000038146973,14.949999809265137,2041100,0.0,0.0
2023-11-29 00:00:00-05:00,15.0,15.34000015258789,14.979999542236328,15.140000343322754,2854400,0.0,0.0
2023-11-30 00:00:00-05:00,15.260000228881836,15.34000015258789,15.039999961853027,15.100000381469727,2036200,0.0,0.0
2023-12-01 00:00:00-05:00,15.039999961853027,15.720000267028809,14.949999809265137,15.670000076293945,3214100,0.0,0.0
2023-12-04 00:00:00-05:00,15.65999984741211,15.930000305175781,15.5,15.6899995803833,2787300,0.0,0.0
2023-12-05 00:00:00-05:00,15.579999923706055,15.890000343322754,15.510000228881836,15.760000228881836,3562700,0.0,0.0
2023-12-06 00:00:00-05:00,15.899999618530273,16.25,15.800000190734863,15.850000381469727,2772100,0.0,0.0
2023-12-07 00:00:00-05:00,15.850000381469727,16.06999969482422,15.6899995803833,15.989999771118164,2263400,0.0,0.0
2023-12-08 00:00:00-05:00,15.90999984741211,16.270000457763672,15.880000114440918,16.170000076293945,1848100,0.0,0.0
2023-12-11 00:00:00-05:00,16.059999465942383,16.18000030517578,15.859999656677246,15.979999542236328,2233200,0.0,0.0
2023-12-12 00:00:00-05:00,16.6299991607666,16.760000228881836,16.309999465942383,16.59000015258789,3153500,0.0,0.0
2023-12-13 00:00:00-05:00,16.65999984741211,17.059999465942383,16.43000030517578,17.010000228881836,2620000,0.0,0.0
2023-12-14 00:00:00-05:00,17.360000610351562,17.489999771118164,16.850000381469727,17.3700008392334,2876500,0.0,0.0
2023-12-15 00:00:00-05:00,17.06999969482422,17.40999984741211,16.989999771118164,17.010000228881836,5255900,0.0,0.0
2023-12-18 00:00:00-05:00,17.030000686645508,17.1299991607666,16.829999923706055,16.969999313354492,2591600,0.0,0.0
2023-12-19 00:00:00-05:00,17.079999923706055,17.18000030517578,17.0,17.170000076293945,1872000,0.0,0.0
2023-12-20 00:00:00-05:00,17.18000030517578,17.489999771118164,16.940000534057617,16.959999084472656,1840000,0.0,0.0
2023-12-21 00:00:00-05:00,17.149999618530273,17.43000030517578,17.040000915527344,17.40999984741211,1455100,0.0,0.0
2023-12-22 00:00:00-05:00,17.309999465942383,17.40999984741211,17.06999969482422,17.200000762939453,1168700,0.0,0.0
2023-12-26 00:00:00-05:00,17.229999542236328,17.56999969482422,17.15999984741211,17.43000030517578,1399900,0.0,0.0
2023-12-27 00:00:00-05:00,17.34000015258789,17.649999618530273,17.34000015258789,17.450000762939453,1104400,0.0,0.0
2023-12-28 00:00:00-05:00,17.40999984741211,17.559999465942383,17.31999969482422,17.3799991607666,1250600,0.0,0.0
2023-12-29 00:00:00-05:00,17.350000381469727,17.440000534057617,17.1200008392334,17.139999389648438,1410700,0.0,0.0
2024-01-02 00:00:00-05:00,16.899999618530273,17.020000457763672,16.540000915527344,16.68000030517578,1749600,0.0,0.0
2024-01-03 00:00:00-05:00,16.280000686645508,16.350000381469727,15.6899995803833,15.770000457763672,2536700,0.0,0.0
2024-01-04 00:00:00-05:00,15.779999732971191,15.949999809265137,15.699999809265137,15.779999732971191,1233200,0.0,0.0
2024-01-05 00:00:00-05:00,15.65999984741211,16.110000610351562,15.569999694824219,16.100000381469727,1185200,0.0,0.0
2024-01-08 00:00:00-05:00,16.190000534057617,16.90999984741211,16.18000030517578,16.68000030517578,2362700,0.0,0.0
2024-01-09 00:00:00-05:00,16.450000762939453,16.639999389648438,16.389999389648438,16.559999465942383,1648300,0.0,0.0
2024-01-10 00:00:00-05:00,16.690000534057617,16.899999618530273,16.510000228881836,16.809999465942383,1278600,0.0,0.0
2024-01-11 00:00:00-05:00,16.719999313354492,16.75,16.360000610351562,16.6200008392334,1244100,0.0,0.0
2024-01-12 00:00:00-05:00,16.719999313354492,16.84000015258789,16.309999465942383,16.360000610351562,1155600,0.0,0.0
2024-01-16 00:00:00-05:00,16.1200008392334,16.229999542236328,15.670000076293945,15.720000267028809,1911100,0.0,0.0
2024-01-17 00:00:00-05:00,15.479999542236328,15.479999542236328,15.0,15.170000076293945,2443000,0.0,0.0
2024-01-18 00:00:00-05:00,15.329999923706055,15.8100004196167,15.300000190734863,15.789999961853027,2090200,0.0,0.0
2024-01-19 00:00:00-05:00,15.859999656677246,16.389999389648438,15.65999984741211,16.329999923706055,2513600,0.0,0.0
2024-01-22 00:00:00-05:00,16.440000534057617,16.809999465942383,16.43000030517578,16.739999771118164,1763600,0.0,0.0
2024-01-23 00:00:00-05:00,16.84000015258789,16.950000762939453,16.549999237060547,16.6299991607666,1522700,0.0,0.0
2024-01-24 00:00:00-05:00,16.8700008392334,16.8799991607666,16.1299991607666,16.260000228881836,1250400,0.0,0.0
2024-01-25 00:00:00-05:00,16.440000534057617,16.59000015258789,16.190000534057617,16.219999313354492,1393500,0.0,0.0
2024-01-26 00:00:00-05:00,16.31999969482422,16.530000686645508,16.219999313354492,16.280000686645508,1417500,0.0,0.0
2024-01-29 00:00:00-05:00,16.280000686645508,16.600000381469727,16.149999618530273,16.559999465942383,1366100,0.0,0.0
2024-01-30 00:00:00-05:00,16.399999618530273,16.40999984741211,15.90999984741211,16.010000228881836,1494100,0.0,0.0
2024-01-31 00:00:00-05:00,15.899999618530273,16.229999542236328,15.569999694824219,15.579999923706055,1196500,0.0,0.0
2024-02-01 00:00:00-05:00,15.6899995803833,15.890000343322754,15.539999961853027,15.859999656677246,1048800,0.0,0.0
2024-02-02 00:00:00-05:00,15.619999885559082,16.079999923706055,15.489999771118164,15.989999771118164,1454800,0.0,0.0
2024-02-05 00:00:00-05:00,15.819999694824219,15.989999771118164,15.5600004196167,15.829999923706055,2092800,0.0,0.0
2024-02-06 00:00:00-05:00,15.720000267028809,16.5,15.699999809265137,16.459999084472656,2783900,0.0,0.0
2024-02-07 00:00:00-05:00,18.309999465942383,19.450000762939453,17.979999542236328,19.280000686645508,10313800,0.0,0.0
2024-02-08 00:00:00-05:00,19.209999084472656,19.6200008392334,18.020000457763672,18.190000534057617,4654000,0.0,0.0
2024-02-09 00:00:00-05:00,18.350000381469727,18.549999237060547,18.1299991607666,18.299999237060547,2758900,0.0,0.0
2024-02-12 00:00:00-05:00,18.3799991607666,18.6299991607666,18.209999084472656,18.459999084472656,3027000,0.0,0.0
2024-02-13 00:00:00-05:00,17.780000686645508,18.520000457763672,17.670000076293945,18.15999984741211,2714100,0.0,0.0
2024-02-14 00:00:00-05:00,18.459999084472656,18.940000534057617,18.290000915527344,18.690000534057617,2605800,0.0,0.0
2024-02-15 00:00:00-05:00,18.8700008392334,19.290000915527344,18.809999465942383,19.239999771118164,2912900,0.0,0.0
2024-02-16 00:00:00-05:00,18.90999984741211,19.049999237060547,18.459999084472656,18.459999084472656,2792600,0.0,0.0
2024-02-20 00:00:00-05:00,18.149999618530273,18.649999618530273,18.149999618530273,18.610000610351562,2287500,0.0,0.0
2024-02-21 00:00:00-05:00,18.420000076293945,18.610000610351562,18.31999969482422,18.43000030517578,2158700,0.0,0.0
2024-02-22 00:00:00-05:00,18.34000015258789,18.68000030517578,18.329999923706055,18.510000228881836,2013400,0.0,0.0
2024-02-23 00:00:00-05:00,18.3799991607666,18.6299991607666,18.15999984741211,18.600000381469727,2576200,0.0,0.0
2024-02-26 00:00:00-05:00,18.56999969482422,18.799999237060547,18.350000381469727,18.780000686645508,2111200,0.0,0.0
2024-02-27 00:00:00-05:00,18.809999465942383,19.149999618530273,18.399999618530273,18.790000915527344,2503100,0.0,0.0
2024-02-28 00:00:00-05:00,18.8700008392334,19.219999313354492,18.639999389648438,18.860000610351562,2450500,0.0,0.0
2024-02-29 00:00:00-05:00,19.170000076293945,19.170000076293945,18.8799991607666,18.959999084472656,1811000,0.0,0.0
2024-03-01 00:00:00-05:00,19.020000457763672,19.329999923706055,18.850000381469727,19.229999542236328,1916700,0.0,0.0
2024-03-04 00:00:00-05:00,19.350000381469727,19.469999313354492,18.969999313354492,19.1299991607666,1928100,0.0,0.0
2024-03-05 00:00:00-05:00,18.889999389648438,19.049999237060547,18.639999389648438,18.739999771118164,1690700,0.0,0.0
2024-03-06 00:00:00-05:00,19.059999465942383,19.09000015258789,18.68000030517578,18.8799991607666,1550300,0.0,0.0
2024-03-07 00:00:00-05:00,18.950000762939453,19.149999618530273,18.770000457763672,19.030000686645508,1703900,0.0,0.0
2024-03-08 00:00:00-05:00,19.18000030517578,19.450000762939453,19.040000915527344,19.059999465942383,1721800,0.0,0.0
2024-03-11 00:00:00-04:00,18.969999313354492,19.270000457763672,18.940000534057617,18.959999084472656,1538200,0.0,0.0
2024-03-12 00:00:00-04:00,18.959999084472656,19.0,18.610000610351562,18.739999771118164,1271500,0.0,0.0
2024-03-13 00:00:00-04:00,18.600000381469727,19.020000457763672,18.579999923706055,18.8700008392334,1322700,0.0,0.0
2024-03-14 00:00:00-04:00,19.010000228881836,19.1200008392334,18.469999313354492,18.639999389648438,1909300,0.0,0.0
2024-03-15 00:00:00-04:00,18.540000915527344,18.850000381469727,18.479999542236328,18.809999465942383,8963200,0.0,0.0
2024-03-18 00:00:00-04:00,18.799999237060547,18.81999969482422,17.780000686645508,17.81999969482422,2721800,0.0,0.0
2024-03-19 00:00:00-04:00,17.75,18.690000534057617,17.6299991607666,18.59000015258789,2045400,0.0,0.0
2024-03-20 00:00:00-04:00,18.65999984741211,18.969999313354492,18.40999984741211,18.860000610351562,1944100,0.0,0.0
2024-03-21 00:00:00-04:00,18.979999542236328,19.510000228881836,18.860000610351562,19.510000228881836,2228800,0.0,0.0
2024-03-22 00:00:00-04:00,19.610000610351562,19.760000228881836,19.18000030517578,19.219999313354492,1618300,0.0,0.0
2024-03-25 00:00:00-04:00,19.219999313354492,19.34000015258789,18.889999389648438,18.889999389648438,1342300,0.0,0.0
2024-03-26 00:00:00-04:00,19.139999389648438,19.450000762939453,18.799999237060547,18.829999923706055,1584400,0.0,0.0
2024-03-27 00:00:00-04:00,18.8799991607666,19.239999771118164,18.8700008392334,19.219999313354492,1292100,0.0,0.0
2024-03-28 00:00:00-04:00,19.209999084472656,19.350000381469727,19.030000686645508,19.059999465942383,1358400,0.0,0.0
2024-04-01 00:00:00-04:00,19.049999237060547,19.1200008392334,18.75,18.790000915527344,1441000,0.0,0.0
2024-04-02 00:00:00-04:00,18.469999313354492,18.8799991607666,18.389999389648438,18.75,1326700,0.0,0.0
2024-04-03 00:00:00-04:00,18.579999923706055,19.09000015258789,18.540000915527344,19.020000457763672,1085700,0.0,0.0
2024-04-04 00:00:00-04:00,19.15999984741211,19.329999923706055,18.649999618530273,18.690000534057617,1506200,0.0,0.0
2024-04-05 00:00:00-04:00,18.6299991607666,18.68000030517578,18.299999237060547,18.299999237060547,1255900,0.0,0.0
2024-04-08 00:00:00-04:00,18.3799991607666,18.479999542236328,17.739999771118164,18.09000015258789,1469400,0.0,0.0
2024-04-09 00:00:00-04:00,18.1200008392334,18.239999771118164,17.860000610351562,18.1299991607666,1471800,0.0,0.0
2024-04-10 00:00:00-04:00,17.6200008392334,18.020000457763672,17.6200008392334,17.8799991607666,1428300,0.0,0.0
2024-04-11 00:00:00-04:00,17.889999389648438,17.989999771118164,17.75,17.799999237060547,919200,0.0,0.0
2024-04-12 00:00:00-04:00,17.600000381469727,17.68000030517578,17.43000030517578,17.479999542236328,1151400,0.0,0.0
2024-04-15 00:00:00-04:00,17.610000610351562,17.6299991607666,16.8700008392334,16.889999389648438,1389700,0.0,0.0
2024-04-16 00:00:00-04:00,16.719999313354492,17.059999465942383,16.65999984741211,16.93000030517578,930100,0.0,0.0
2024-04-17 00:00:00-04:00,17.020000457763672,17.09000015258789,16.8799991607666,16.979999542236328,909100,0.0,0.0
2024-04-18 00:00:00-04:00,17.0,17.079999923706055,16.719999313354492,16.8700008392334,1489700,0.0,0.0
2024-04-19 00:00:00-04:00,16.81999969482422,17.079999923706055,16.700000762939453,16.90999984741211,989000,0.0,0.0
2024-04-22 00:00:00-04:00,17.010000228881836,17.209999084472656,16.899999618530273,17.190000534057617,1028100,0.0,0.0
2024-04-23 00:00:00-04:00,17.350000381469727,17.760000228881836,17.200000762939453,17.709999084472656,1873900,0.0,0.0
2024-04-24 00:00:00-04:00,17.700000762939453,17.84000015258789,17.329999923706055,17.34000015258789,1081800,0.0,0.0
2024-04-25 00:00:00-04:00,17.06999969482422,17.190000534057617,16.850000381469727,17.1299991607666,770200,0.0,0.0
2024-04-26 00:00:00-04:00,17.1299991607666,17.3799991607666,16.93000030517578,16.969999313354492,1374900,0.0,0.0
2024-04-29 00:00:00-04:00,17.1200008392334,17.399999618530273,17.100000381469727,17.309999465942383,1015200,0.0,0.0
2024-04-30 00:00:00-04:00,17.219999313354492,17.3799991607666,16.829999923706055,16.899999618530273,1340200,0.0,0.0
2024-05-01 00:00:00-04:00,16.81999969482422,17.209999084472656,16.649999618530273,16.8700008392334,1459900,0.0,0.0
2024-05-02 00:00:00-04:00,16.940000534057617,17.059999465942383,16.520000457763672,16.940000534057617,1021700,0.0,0.0
2024-05-03 00:00:00-04:00,17.229999542236328,17.329999923706055,16.90999984741211,17.049999237060547,1022400,0.0,0.0
2024-05-06 00:00:00-04:00,17.229999542236328,17.93000030517578,17.229999542236328,17.8799991607666,2521500,0.0,0.0
2024-05-07 00:00:00-04:00,18.0,18.020000457763672,17.56999969482422,17.579999923706055,2004500,0.0,0.0
2024-05-08 00:00:00-04:00,16.299999237060547,16.989999771118164,15.699999809265137,16.84000015258789,3751700,0.0,0.0
2024-05-09 00:00:00-04:00,16.790000915527344,17.350000381469727,16.700000762939453,17.25,2198700,0.0,0.0
2024-05-10 00:00:00-04:00,17.260000228881836,17.34000015258789,16.40999984741211,16.6299991607666,1587800,0.0,0.0
2024-05-13 00:00:00-04:00,16.75,17.31999969482422,16.719999313354492,17.219999313354492,2127700,0.0,0.0
2024-05-14 00:00:00-04:00,17.530000686645508,17.649999618530273,17.270000457763672,17.31999969482422,1610000,0.0,0.0
2024-05-15 00:00:00-04:00,17.56999969482422,17.6299991607666,17.149999618530273,17.239999771118164,1638400,0.0,0.0
2024-05-16 00:00:00-04:00,17.149999618530273,17.209999084472656,16.920000076293945,17.040000915527344,1509300,0.0,0.0
2024-05-17 00:00:00-04:00,17.030000686645508,17.15999984741211,16.889999389648438,16.989999771118164,1146300,0.0,0.0
2024-05-20 00:00:00-04:00,16.940000534057617,16.959999084472656,16.329999923706055,16.43000030517578,1531200,0.0,0.0
2024-05-21 00:00:00-04:00,16.299999237060547,16.6200008392334,16.25,16.3799991607666,1438000,0.0,0.0
2024-05-22 00:00:00-04:00,16.309999465942383,16.450000762939453,15.960000038146973,16.110000610351562,1627600,0.0,0.0
2024-05-23 00:00:00-04:00,16.190000534057617,16.239999771118164,15.9399995803833,16.030000686645508,1131100,0.0,0.0
2024-05-24 00:00:00-04:00,16.110000610351562,16.25,16.010000228881836,16.239999771118164,1317400,0.0,0.0
2024-05-28 00:00:00-04:00,16.239999771118164,16.239999771118164,16.020000457763672,16.170000076293945,1592800,0.0,0.0
2024-05-29 00:00:00-04:00,16.0,16.34000015258789,15.869999885559082,15.890000343322754,1454500,0.0,0.0
2024-05-30 00:00:00-04:00,16.049999237060547,16.219999313354492,15.770000457763672,15.789999961853027,1466200,0.0,0.0
2024-05-31 00:00:00-04:00,15.850000381469727,15.920000076293945,15.569999694824219,15.800000190734863,1440000,0.0,0.0
2024-06-03 00:00:00-04:00,15.979999542236328,16.040000915527344,15.75,15.800000190734863,1323400,0.0,0.0
2024-06-04 00:00:00-04:00,15.729999542236328,15.930000305175781,15.640000343322754,15.6899995803833,1088100,0.0,0.0
2024-06-05 00:00:00-04:00,15.8100004196167,16.079999923706055,15.640000343322754,16.079999923706055,1295300,0.0,0.0
2024-06-06 00:00:00-04:00,16.079999923706055,16.239999771118164,15.710000038146973,15.869999885559082,1196200,0.0,0.0
2024-06-07 00:00:00-04:00,15.670000076293945,15.779999732971191,15.539999961853027,15.670000076293945,1082900,0.0,0.0
2024-06-10 00:00:00-04:00,15.479999542236328,15.630000114440918,15.130000114440918,15.460000038146973,1421900,0.0,0.0
2024-06-11 00:00:00-04:00,15.270000457763672,15.619999885559082,15.239999771118164,15.619999885559082,1917200,0.0,0.0
2024-06-12 00:00:00-04:00,16.030000686645508,16.299999237060547,15.850000381469727,15.949999809265137,2771300,0.0,0.0
2024-06-13 00:00:00-04:00,15.899999618530273,15.970000267028809,15.5,15.729999542236328,785000,0.0,0.0
2024-06-14 00:00:00-04:00,15.4399995803833,15.5600004196167,15.100000381469727,15.15999984741211,1131700,0.0,0.0
2024-06-17 00:00:00-04:00,15.039999961853027,15.229999542236328,14.970000267028809,15.180000305175781,1121400,0.0,0.0
2024-06-18 00:00:00-04:00,15.119999885559082,15.479999542236328,14.779999732971191,14.789999961853027,1474700,0.0,0.0
2024-06-20 00:00:00-04:00,14.789999961853027,14.859999656677246,14.449999809265137,14.600000381469727,1323900,0.0,0.0
2024-06-21 00:00:00-04:00,14.600000381469727,14.850000381469727,14.489999771118164,14.819999694824219,2771200,0.0,0.0
2024-06-24 00:00:00-04:00,14.850000381469727,15.180000305175781,14.819999694824219,15.079999923706055,1462200,0.0,0.0
2024-06-25 00:00:00-04:00,15.010000228881836,15.020000457763672,14.640000343322754,14.699999809265137,809400,0.0,0.0
2024-06-26 00:00:00-04:00,14.699999809265137,14.770000457763672,14.449999809265137,14.5,1540400,0.0,0.0
2024-06-27 00:00:00-04:00,14.489999771118164,14.630000114440918,14.380000114440918,14.600000381469727,1362900,0.0,0.0
2024-06-28 00:00:00-04:00,14.59000015258789,14.930000305175781,14.59000015258789,14.760000228881836,2310000,0.0,0.0
2024-07-01 00:00:00-04:00,14.699999809265137,14.760000228881836,14.369999885559082,14.420000076293945,1630700,0.0,0.0
2024-07-02 00:00:00-04:00,14.449999809265137,14.479999542236328,14.170000076293945,14.260000228881836,1086100,0.0,0.0
2024-07-03 00:00:00-04:00,14.260000228881836,14.5600004196167,14.180000305175781,14.520000457763672,634200,0.0,0.0
2024-07-05 00:00:00-04:00,14.470000267028809,14.729999542236328,14.3100004196167,14.479999542236328,1121500,0.0,0.0
2024-07-08 00:00:00-04:00,14.640000343322754,14.829999923706055,14.569999694824219,14.640000343322754,1638000,0.0,0.0
2024-07-09 00:00:00-04:00,14.619999885559082,14.670000076293945,14.399999618530273,14.420000076293945,1185500,0.0,0.0
2024-07-10 00:00:00-04:00,14.479999542236328,14.529999732971191,14.25,14.460000038146973,1460100,0.0,0.0
2024-07-11 00:00:00-04:00,14.800000190734863,15.09000015258789,14.760000228881836,14.960000038146973,1615900,0.0,0.0
2024-07-12 00:00:00-04:00,15.119999885559082,15.140000343322754,14.869999885559082,14.899999618530273,1328400,0.0,0.0
2024-07-15 00:00:00-04:00,14.8100004196167,14.819999694824219,13.949999809265137,14.0,2592300,0.0,0.0
2024-07-16 00:00:00-04:00,14.199999809265137,14.6899995803833,14.199999809265137,14.680000305175781,1667500,0.0,0.0
2024-07-17 00:00:00-04:00,14.449999809265137,14.600000381469727,14.100000381469727,14.229999542236328,1875100,0.0,0.0
2024-07-18 00:00:00-04:00,14.180000305175781,14.65999984741211,13.979999542236328,14.069999694824219,2060400,0.0,0.0
2024-07-19 00:00:00-04:00,14.109999656677246,14.109999656677246,13.640000343322754,13.819999694824219,1590300,0.0,0.0
2024-07-22 00:00:00-04:00,13.90999984741211,14.15999984741211,13.729999542236328,14.15999984741211,1412100,0.0,0.0
2024-07-23 00:00:00-04:00,13.989999771118164,14.25,13.859999656677246,14.079999923706055,1499400,0.0,0.0
2024-07-24 00:00:00-04:00,14.0600004196167,14.15999984741211,13.350000381469727,13.420000076293945,1682100,0.0,0.0
2024-07-25 00:00:00-04:00,13.420000076293945,13.949999809265137,13.399999618530273,13.579999923706055,1964600,0.0,0.0
2024-07-26 00:00:00-04:00,13.8100004196167,13.819999694824219,13.350000381469727,13.569999694824219,1231600,0.0,0.0
2024-07-29 00:00:00-04:00,13.5600004196167,13.819999694824219,13.550000190734863,13.789999961853027,1704000,0.0,0.0
2024-07-30 00:00:00-04:00,13.8100004196167,13.90999984741211,13.369999885559082,13.420000076293945,1503100,0.0,0.0
2024-07-31 00:00:00-04:00,13.489999771118164,13.649999618530273,13.199999809265137,13.5,1615500,0.0,0.0
2024-08-01 00:00:00-04:00,13.479999542236328,13.479999542236328,12.880000114440918,13.09000015258789,2340700,0.0,0.0
2024-08-02 00:00:00-04:00,12.619999885559082,12.890000343322754,12.430000305175781,12.539999961853027,2843900,0.0,0.0
2024-08-05 00:00:00-04:00,12.0,12.229999542236328,11.699999809265137,11.970000267028809,2468200,0.0,0.0
2024-08-06 00:00:00-04:00,12.020000457763672,12.539999961853027,11.819999694824219,12.449999809265137,2471400,0.0,0.0
2024-08-07 00:00:00-04:00,12.6899995803833,12.779999732971191,11.859999656677246,11.970000267028809,3302500,0.0,0.0
2024-08-08 00:00:00-04:00,10.609999656677246,11.960000038146973,10.229999542236328,11.779999732971191,8766700,0.0,0.0
2024-08-09 00:00:00-04:00,11.8100004196167,12.199999809265137,11.600000381469727,11.9399995803833,4208400,0.0,0.0
2024-08-12 00:00:00-04:00,11.90999984741211,11.920000076293945,11.149999618530273,11.40999984741211,4252600,0.0,0.0
2024-08-13 00:00:00-04:00,11.5600004196167,11.960000038146973,11.40999984741211,11.729999542236328,3697700,0.0,0.0
2024-08-14 00:00:00-04:00,11.800000190734863,11.880000114440918,11.130000114440918,11.210000038146973,2719100,0.0,0.0
2024-08-15 00:00:00-04:00,11.539999961853027,11.770000457763672,11.5,11.729999542236328,2157200,0.0,0.0
2024-08-16 00:00:00-04:00,11.5600004196167,11.75,11.430000305175781,11.609999656677246,2287400,0.0,0.0
2024-08-19 00:00:00-04:00,11.699999809265137,11.770000457763672,11.380000114440918,11.390000343322754,2072200,0.0,0.0
2024-08-20 00:00:00-04:00,11.420000076293945,11.59000015258789,11.319999694824219,11.5,1914300,0.0,0.0
2024-08-21 00:00:00-04:00,11.609999656677246,11.649999618530273,11.279999732971191,11.399999618530273,1985300,0.0,0.0
2024-08-22 00:00:00-04:00,11.350000381469727,11.420000076293945,11.0600004196167,11.09000015258789,1553800,0.0,0.0
2024-08-23 00:00:00-04:00,11.140000343322754,11.600000381469727,11.119999885559082,11.510000228881836,1838500,0.0,0.0
2024-08-26 00:00:00-04:00,11.640000343322754,11.850000381469727,11.479999542236328,11.770000457763672,1966300,0.0,0.0
2024-08-27 00:00:00-04:00,11.760000228881836,12.210000038146973,11.600000381469727,12.199999809265137,2120500,0.0,0.0
2024-08-28 00:00:00-04:00,12.15999984741211,12.220000267028809,11.800000190734863,11.949999809265137,1719500,0.0,0.0
2024-08-29 00:00:00-04:00,12.029999732971191,12.300000190734863,11.920000076293945,12.180000305175781,1491900,0.0,0.0
2024-08-30 00:00:00-04:00,12.229999542236328,12.369999885559082,12.15999984741211,12.229999542236328,1432800,0.0,0.0
2024-09-03 00:00:00-04:00,12.109999656677246,12.199999809265137,11.710000038146973,11.800000190734863,2283000,0.0,0.0
2024-09-04 00:00:00-04:00,11.729999542236328,12.050000190734863,11.670000076293945,12.020000457763672,1275700,0.0,0.0
2024-09-05 00:00:00-04:00,12.069999694824219,12.149999618530273,11.899999618530273,11.9399995803833,1117400,0.0,0.0
2024-09-06 00:00:00-04:00,11.970000267028809,12.0,11.510000228881836,11.59000015258789,1924900,0.0,0.0
2024-09-09 00:00:00-04:00,11.59000015258789,11.59000015258789,11.220000267028809,11.399999618530273,2454600,0.0,0.0
2024-09-10 00:00:00-04:00,11.420000076293945,11.479999542236328,11.210000038146973,11.289999961853027,1529400,0.0,0.0
2024-09-11 00:00:00-04:00,11.229999542236328,11.300000190734863,10.989999771118164,11.149999618530273,1732600,0.0,0.0
2024-09-12 00:00:00-04:00,11.170000076293945,11.510000228881836,10.880000114440918,11.239999771118164,4054200,0.0,0.0
2024-09-13 00:00:00-04:00,11.479999542236328,11.789999961853027,11.199999809265137,11.779999732971191,2037800,0.0,0.0
2024-09-16 00:00:00-04:00,11.850000381469727,12.15999984741211,11.84000015258789,12.130000114440918,1694100,0.0,0.0
2024-09-17 00:00:00-04:00,12.270000457763672,12.489999771118164,12.100000381469727,12.470000267028809,2430900,0.0,0.0
2024-09-18 00:00:00-04:00,12.5,12.529999732971191,12.079999923706055,12.1899995803833,2887200,0.0,0.0
2024-09-19 00:00:00-04:00,12.619999885559082,12.65999984741211,12.25,12.529999732971191,1990500,0.0,0.0
2024-09-20 00:00:00-04:00,12.510000228881836,12.8100004196167,12.4399995803833,12.640000343322754,8465300,0.0,0.0
2024-09-23 00:00:00-04:00,12.670000076293945,12.710000038146973,12.220000267028809,12.579999923706055,2549000,0.0,0.0
2024-09-24 00:00:00-04:00,12.720000267028809,12.989999771118164,12.600000381469727,12.850000381469727,2278700,0.0,0.0
2024-09-25 00:00:00-04:00,12.770000457763672,12.9399995803833,12.569999694824219,12.59000015258789,1769400,0.0,0.0
2024-09-26 00:00:00-04:00,11.75,12.1899995803833,11.5600004196167,12.029999732971191,3028500,0.0,0.0
2024-09-27 00:00:00-04:00,12.180000305175781,12.3100004196167,12.0600004196167,12.149999618530273,1615200,0.0,0.0
2024-09-30 00:00:00-04:00,12.100000381469727,12.470000267028809,12.029999732971191,12.289999961853027,1743300,0.0,0.0
2024-10-01 00:00:00-04:00,12.300000190734863,12.369999885559082,11.760000228881836,11.8100004196167,1981700,0.0,0.0
2024-10-02 00:00:00-04:00,11.789999961853027,11.989999771118164,11.600000381469727,11.890000343322754,2457000,0.0,0.0
2024-10-03 00:00:00-04:00,11.8100004196167,11.829999923706055,11.529999732971191,11.619999885559082,1198200,0.0,0.0
2024-10-04 00:00:00-04:00,11.779999732971191,12.050000190734863,11.710000038146973,12.020000457763672,1054600,0.0,0.0
2024-10-07 00:00:00-04:00,11.90999984741211,12.010000228881836,11.739999771118164,11.890000343322754,1480600,0.0,0.0
2024-10-08 00:00:00-04:00,11.899999618530273,12.079999923706055,11.75,11.949999809265137,1678000,0.0,0.0
2024-10-09 00:00:00-04:00,11.90999984741211,12.09000015258789,11.699999809265137,11.720000267028809,1210000,0.0,0.0
2024-10-10 00:00:00-04:00,11.630000114440918,11.9399995803833,11.470000267028809,11.90999984741211,1217900,0.0,0.0
2024-10-11 00:00:00-04:00,11.930000305175781,11.960000038146973,11.729999542236328,11.819999694824219,1272700,0.0,0.0
2024-10-14 00:00:00-04:00,11.880000114440918,12.260000228881836,11.8100004196167,12.199999809265137,1185700,0.0,0.0
2024-10-15 00:00:00-04:00,12.199999809265137,12.329999923706055,11.989999771118164,12.020000457763672,1650900,0.0,0.0
2024-10-16 00:00:00-04:00,12.15999984741211,12.520000457763672,12.09000015258789,12.380000114440918,1344000,0.0,0.0
2024-10-17 00:00:00-04:00,12.59000015258789,12.890000343322754,12.369999885559082,12.880000114440918,2504700,0.0,0.0
2024-10-18 00:00:00-04:00,12.859999656677246,13.029999732971191,12.699999809265137,12.989999771118164,1314200,0.0,0.0
2024-10-21 00:00:00-04:00,12.970000267028809,13.15999984741211,12.850000381469727,13.079999923706055,1595500,0.0,0.0
2024-10-22 00:00:00-04:00,12.949999809265137,13.100000381469727,12.680000305175781,12.970000267028809,1233100,0.0,0.0
2024-10-23 00:00:00-04:00,12.84000015258789,12.880000114440918,12.3100004196167,12.539999961853027,1199400,0.0,0.0
2024-10-24 00:00:00-04:00,12.5600004196167,12.760000228881836,12.479999542236328,12.699999809265137,1134000,0.0,0.0
2024-10-25 00:00:00-04:00,12.770000457763672,12.960000038146973,12.630000114440918,12.779999732971191,1124300,0.0,0.0
2024-10-28 00:00:00-04:00,12.9399995803833,13.1899995803833,12.880000114440918,13.0600004196167,1075100,0.0,0.0
2024-10-29 00:00:00-04:00,12.84000015258789,13.119999885559082,12.760000228881836,12.979999542236328,1242900,0.0,0.0
2024-10-30 00:00:00-04:00,12.949999809265137,13.260000228881836,12.850000381469727,12.90999984741211,1322800,0.0,0.0
2024-10-31 00:00:00-04:00,12.850000381469727,12.890000343322754,12.40999984741211,12.529999732971191,1262400,0.0,0.0
2024-11-01 00:00:00-04:00,12.420000076293945,12.899999618530273,12.420000076293945,12.800000190734863,1315500,0.0,0.0
2024-11-04 00:00:00-05:00,12.800000190734863,13.5,12.800000190734863,13.479999542236328,1582600,0.0,0.0
2024-11-05 00:00:00-05:00,13.529999732971191,13.800000190734863,13.300000190734863,13.770000457763672,1674400,0.0,0.0
2024-11-06 00:00:00-05:00,14.300000190734863,14.739999771118164,13.59000015258789,13.630000114440918,1922900,0.0,0.0
2024-11-07 00:00:00-05:00,13.619999885559082,13.8100004196167,13.449999809265137,13.520000457763672,1570100,0.0,0.0
2024-11-08 00:00:00-05:00,13.569999694824219,13.949999809265137,13.550000190734863,13.84000015258789,1503900,0.0,0.0
2024-11-11 00:00:00-05:00,13.899999618530273,14.40999984741211,13.899999618530273,14.34000015258789,1748500,0.0,0.0
2024-11-12 00:00:00-05:00,14.130000114440918,14.260000228881836,13.9399995803833,14.0600004196167,2373700,0.0,0.0
2024-11-13 00:00:00-05:00,14.399999618530273,14.609999656677246,14.0600004196167,14.079999923706055,4709300,0.0,0.0
2024-11-14 00:00:00-05:00,15.449999809265137,15.890000343322754,13.6899995803833,13.75,6215800,0.0,0.0
2024-11-15 00:00:00-05:00,13.869999885559082,13.880000114440918,13.039999961853027,13.050000190734863,1954800,0.0,0.0
2024-11-18 00:00:00-05:00,12.920000076293945,12.970000267028809,12.300000190734863,12.630000114440918,3031300,0.0,0.0
2024-11-19 00:00:00-05:00,12.489999771118164,12.970000267028809,12.369999885559082,12.899999618530273,2217300,0.0,0.0
2024-11-20 00:00:00-05:00,13.0,13.149999618530273,12.619999885559082,12.949999809265137,2522400,0.0,0.0
2024-11-21 00:00:00-05:00,12.859999656677246,13.550000190734863,12.739999771118164,13.5,2157900,0.0,0.0
2024-11-22 00:00:00-05:00,13.5,13.65999984741211,13.380000114440918,13.489999771118164,1799700,0.0,0.0
2024-11-25 00:00:00-05:00,13.699999809265137,14.550000190734863,13.670000076293945,14.0,2099700,0.0,0.0
2024-11-26 00:00:00-05:00,13.890000343322754,13.920000076293945,13.140000343322754,13.170000076293945,2034900,0.0,0.0
2024-11-27 00:00:00-05:00,13.3100004196167,13.75,13.239999771118164,13.640000343322754,1450300,0.0,0.0
2024-11-29 00:00:00-05:00,13.779999732971191,13.989999771118164,13.59000015258789,13.609999656677246,1055000,0.0,0.0
2024-12-02 00:00:00-05:00,13.550000190734863,14.130000114440918,13.539999961853027,14.079999923706055,1747700,0.0,0.0
2024-12-03 00:00:00-05:00,14.0,14.270000457763672,13.899999618530273,14.1899995803833,1513700,0.0,0.0
2024-12-04 00:00:00-05:00,14.050000190734863,14.899999618530273,14.050000190734863,14.649999618530273,2090700,0.0,0.0
2024-12-05 00:00:00-05:00,14.649999618530273,14.710000038146973,14.069999694824219,14.210000038146973,1212900,0.0,0.0
2024-12-06 00:00:00-05:00,14.390000343322754,14.75,14.319999694824219,14.699999809265137,1396700,0.0,0.0
2024-12-09 00:00:00-05:00,14.819999694824219,15.039999961853027,14.760000228881836,14.880000114440918,1501500,0.0,0.0
2024-12-10 00:00:00-05:00,14.880000114440918,14.880000114440918,14.510000228881836,14.520000457763672,1221500,0.0,0.0
2024-12-11 00:00:00-05:00,14.5600004196167,14.75,14.270000457763672,14.5600004196167,1797700,0.0,0.0
2024-12-12 00:00:00-05:00,14.529999732971191,14.65999984741211,14.399999618530273,14.489999771118164,1209300,0.0,0.0
2024-12-13 00:00:00-05:00,14.600000381469727,14.649999618530273,14.4399995803833,14.569999694824219,1236500,0.0,0.0
2024-12-16 00:00:00-05:00,14.510000228881836,14.979999542236328,14.470000267028809,14.65999984741211,1497500,0.0,0.0
2024-12-17 00:00:00-05:00,14.59000015258789,14.710000038146973,14.329999923706055,14.5600004196167,1606400,0.0,0.0
2024-12-18 00:00:00-05:00,14.619999885559082,14.789999961853027,13.920000076293945,13.960000038146973,1704300,0.0,0.0
2024-12-19 00:00:00-05:00,13.960000038146973,14.470000267028809,13.9399995803833,14.40999984741211,1499700,0.0,0.0
2024-12-20 00:00:00-05:00,14.300000190734863,15.170000076293945,14.239999771118164,14.5600004196167,4949300,0.0,0.0
2024-12-23 00:00:00-05:00,14.520000457763672,14.8100004196167,14.520000457763672,14.579999923706055,1158600,0.0,0.0
2024-12-24 00:00:00-05:00,14.600000381469727,14.859999656677246,14.460000038146973,14.779999732971191,454300,0.0,0.0
2024-12-26 00:00:00-05:00,14.609999656677246,15.020000457763672,14.539999961853027,14.90999984741211,1203900,0.0,0.0
2024-12-27 00:00:00-05:00,14.800000190734863,15.050000190734863,14.619999885559082,15.020000457763672,1263100,0.0,0.0
2024-12-30 00:00:00-05:00,14.819999694824219,15.100000381469727,14.529999732971191,15.069999694824219,1822600,0.0,0.0
2024-12-31 00:00:00-05:00,15.130000114440918,15.460000038146973,15.020000457763672,15.039999961853027,2444400,0.0,0.0
2025-01-02 00:00:00-05:00,14.989999771118164,15.149999618530273,14.720000267028809,14.739999771118164,1175000,0.0,0.0
2025-01-03 00:00:00-05:00,14.850000381469727,15.140000343322754,14.640000343322754,15.079999923706055,1071100,0.0,0.0
2025-01-06 00:00:00-05:00,15.109999656677246,15.510000228881836,14.979999542236328,14.989999771118164,1540400,0.0,0.0
2025-01-07 00:00:00-05:00,14.930000305175781,15.220000267028809,14.729999542236328,14.890000343322754,1305200,0.0,0.0
2025-01-08 00:00:00-05:00,14.920000076293945,14.920000076293945,14.460000038146973,14.75,1356400,0.0,0.0
2025-01-10 00:00:00-05:00,14.460000038146973,14.609999656677246,14.3100004196167,14.520000457763672,1189300,0.0,0.0
2025-01-13 00:00:00-05:00,14.199999809265137,14.420000076293945,12.9399995803833,14.399999618530273,5787400,0.0,0.0
2025-01-14 00:00:00-05:00,14.4399995803833,15.010000228881836,14.210000038146973,14.229999542236328,1969500,0.0,0.0
2025-01-15 00:00:00-05:00,14.449999809265137,14.789999961853027,14.170000076293945,14.229999542236328,2399900,0.0,0.0
2025-01-16 00:00:00-05:00,14.239999771118164,14.25,13.890000343322754,13.9399995803833,2516600,0.0,0.0
2025-01-17 00:00:00-05:00,14.069999694824219,14.170000076293945,13.920000076293945,14.0,2724700,0.0,0.0
2025-01-21 00:00:00-05:00,14.109999656677246,14.460000038146973,13.9399995803833,14.359999656677246,2906500,0.0,0.0
2025-01-22 00:00:00-05:00,14.34000015258789,14.5,14.0600004196167,14.140000343322754,1851400,0.0,0.0
2025-01-23 00:00:00-05:00,13.979999542236328,14.109999656677246,13.720000267028809,14.100000381469727,1823400,0.0,0.0
2025-01-24 00:00:00-05:00,14.100000381469727,14.3100004196167,13.930000305175781,13.930000305175781,1423100,0.0,0.0
2025-01-27 00:00:00-05:00,13.850000381469727,14.380000114440918,13.850000381469727,13.9399995803833,2007900,0.0,0.0
2025-01-28 00:00:00-05:00,14.0,14.3100004196167,13.850000381469727,13.920000076293945,1945100,0.0,0.0
2025-01-29 00:00:00-05:00,13.920000076293945,14.1899995803833,13.670000076293945,13.979999542236328,1873800,0.0,0.0
2025-01-30 00:00:00-05:00,14.039999961853027,14.15999984741211,13.930000305175781,14.029999732971191,1584100,0.0,0.0
2025-01-31 00:00:00-05:00,14.079999923706055,14.25,13.770000457763672,13.789999961853027,1864900,0.0,0.0
2025-02-03 00:00:00-05:00,13.5,13.699999809265137,13.329999923706055,13.569999694824219,1721800,0.0,0.0
2025-02-04 00:00:00-05:00,13.630000114440918,14.510000228881836,13.539999961853027,14.420000076293945,2604300,0.0,0.0
2025-02-05 00:00:00-05:00,14.539999961853027,14.609999656677246,14.229999542236328,14.260000228881836,1336500,0.0,0.0
2025-02-06 00:00:00-05:00,14.890000343322754,15.800000190734863,14.630000114440918,15.0,4628400,0.0,0.0
2025-02-07 00:00:00-05:00,15.180000305175781,15.770000457763672,13.869999885559082,13.880000114440918,3267000,0.0,0.0
2025-02-10 00:00:00-05:00,13.949999809265137,14.210000038146973,13.390000343322754,13.800000190734863,2972300,0.0,0.0
2025-02-11 00:00:00-05:00,13.630000114440918,13.699999809265137,13.109999656677246,13.229999542236328,2811900,0.0,0.0
2025-02-12 00:00:00-05:00,13.0,13.170000076293945,12.75,13.119999885559082,2076900,0.0,0.0
2025-02-13 00:00:00-05:00,13.279999732971191,13.300000190734863,12.949999809265137,13.170000076293945,1446400,0.0,0.0
2025-02-14 00:00:00-05:00,13.270000457763672,13.380000114440918,13.100000381469727,13.329999923706055,1301000,0.0,0.0
2025-02-18 00:00:00-05:00,13.319999694824219,13.319999694824219,12.880000114440918,12.920000076293945,2235200,0.0,0.0
2025-02-19 00:00:00-05:00,12.800000190734863,12.819999694824219,12.270000457763672,12.460000038146973,2859500,0.0,0.0
2025-02-20 00:00:00-05:00,12.380000114440918,12.569999694824219,12.239999771118164,12.260000228881836,3477400,0.0,0.0
2025-02-21 00:00:00-05:00,12.380000114440918,12.430000305175781,11.869999885559082,11.930000305175781,2533900,0.0,0.0
2025-02-24 00:00:00-05:00,12.0,12.800000190734863,11.9399995803833,12.510000228881836,1922500,0.0,0.0
2025-02-25 00:00:00-05:00,13.0,13.569999694824219,12.789999961853027,13.489999771118164,2678800,0.0,0.0
2025-02-26 00:00:00-05:00,13.569999694824219,13.84000015258789,13.40999984741211,13.5600004196167,1914700,0.0,0.0
2025-02-27 00:00:00-05:00,13.600000381469727,13.640000343322754,13.1899995803833,13.220000267028809,1292100,0.0,0.0
2025-02-28 00:00:00-05:00,13.1899995803833,13.220000267028809,12.90999984741211,13.220000267028809,1491000,0.0,0.0
2025-03-03 00:00:00-05:00,13.239999771118164,13.630000114440918,12.920000076293945,12.989999771118164,1881100,0.0,0.0
2025-03-04 00:00:00-05:00,12.850000381469727,13.210000038146973,12.680000305175781,13.050000190734863,2022400,0.0,0.0
2025-03-05 00:00:00-05:00,13.119999885559082,13.260000228881836,12.84000015258789,13.109999656677246,1320200,0.0,0.0
2025-03-06 00:00:00-05:00,12.890000343322754,13.100000381469727,12.760000228881836,12.960000038146973,1538000,0.0,0.0
2025-03-07 00:00:00-05:00,12.989999771118164,13.039999961853027,12.550000190734863,12.880000114440918,1348900,0.0,0.0
2025-03-10 00:00:00-04:00,12.699999809265137,12.850000381469727,11.960000038146973,12.079999923706055,1917300,0.0,0.0
2025-03-11 00:00:00-04:00,12.069999694824219,12.1899995803833,11.619999885559082,11.710000038146973,1916400,0.0,0.0
2025-03-12 00:00:00-04:00,11.819999694824219,11.90999984741211,11.460000038146973,11.6899995803833,1897900,0.0,0.0
2025-03-13 00:00:00-04:00,11.619999885559082,11.670000076293945,11.170000076293945,11.199999809265137,1426700,0.0,0.0
2025-03-14 00:00:00-04:00,11.260000228881836,11.579999923706055,11.220000267028809,11.420000076293945,1309300,0.0,0.0
2025-03-17 00:00:00-04:00,11.4399995803833,11.75,11.399999618530273,11.630000114440918,1198100,0.0,0.0
2025-03-18 00:00:00-04:00,11.460000038146973,11.520000457763672,11.3100004196167,11.34000015258789,1229200,0.0,0.0
2025-03-19 00:00:00-04:00,11.369999885559082,11.65999984741211,11.260000228881836,11.550000190734863,1301300,0.0,0.0
2025-03-20 00:00:00-04:00,11.5,11.800000190734863,11.420000076293945,11.699999809265137,1222900,0.0,0.0
2025-03-21 00:00:00-04:00,11.520000457763672,11.819999694824219,11.489999771118164,11.710000038146973,2896600,0.0,0.0
2025-03-24 00:00:00-04:00,11.869999885559082,12.100000381469727,11.819999694824219,12.020000457763672,1285000,0.0,0.0
2025-03-25 00:00:00-04:00,11.979999542236328,11.979999542236328,11.600000381469727,11.619999885559082,1592400,0.0,0.0
2025-03-26 00:00:00-04:00,11.569999694824219,11.649999618530273,11.319999694824219,11.449999809265137,971500,0.0,0.0
2025-03-27 00:00:00-04:00,11.380000114440918,11.510000228881836,11.140000343322754,11.210000038146973,1032100,0.0,0.0
2025-03-28 00:00:00-04:00,11.140000343322754,11.239999771118164,10.760000228881836,10.779999732971191,1184500,0.0,0.0
2025-03-31 00:00:00-04:00,10.579999923706055,10.739999771118164,10.420000076293945,10.670000076293945,1261700,0.0,0.0
2025-04-01 00:00:00-04:00,10.609999656677246,10.75,10.470000267028809,10.739999771118164,1275700,0.0,0.0
2025-04-02 00:00:00-04:00,10.460000038146973,10.869999885559082,10.449999809265137,10.770000457763672,925200,0.0,0.0
2025-04-03 00:00:00-04:00,9.989999771118164,10.020000457763672,8.880000114440918,8.899999618530273,4939800,0.0,0.0
2025-04-04 00:00:00-04:00,8.579999923706055,8.670000076293945,7.949999809265137,8.600000381469727,3129000,0.0,0.0
2025-04-07 00:00:00-04:00,8.069999694824219,8.869999885559082,8.029999732971191,8.569999694824219,3479500,0.0,0.0
2025-04-08 00:00:00-04:00,8.880000114440918,8.899999618530273,8.010000228881836,8.149999618530273,2638300,0.0,0.0
2025-04-09 00:00:00-04:00,7.989999771118164,9.079999923706055,7.71999979019165,8.979999542236328,6555400,0.0,0.0
2025-04-10 00:00:00-04:00,8.819999694824219,8.90999984741211,8.170000076293945,8.279999732971191,2306700,0.0,0.0
2025-04-11 00:00:00-04:00,8.180000305175781,8.210000038146973,7.699999809265137,8.0,2392600,0.0,0.0
2025-04-14 00:00:00-04:00,8.239999771118164,8.380000114440918,7.829999923706055,7.989999771118164,2009200,0.0,0.0
2025-04-15 00:00:00-04:00,7.929999828338623,8.109999656677246,7.789999961853027,7.880000114440918,1694200,0.0,0.0
2025-04-16 00:00:00-04:00,7.800000190734863,7.920000076293945,7.630000114440918,7.699999809265137,1825900,0.0,0.0
2025-04-17 00:00:00-04:00,7.730000019073486,8.119999885559082,7.710000038146973,8.069999694824219,2171600,0.0,0.0
2025-04-21 00:00:00-04:00,7.929999828338623,8.079999923706055,7.829999923706055,8.069999694824219,2067000,0.0,0.0
2025-04-22 00:00:00-04:00,8.180000305175781,8.359999656677246,8.050000190734863,8.319999694824219,1888400,0.0,0.0
2025-04-23 00:00:00-04:00,8.600000381469727,8.890000343322754,8.510000228881836,8.729999542236328,2584100,0.0,0.0
2025-04-24 00:00:00-04:00,8.800000190734863,9.210000038146973,8.720000267028809,9.149999618530273,2605900,0.0,0.0
2025-04-25 00:00:00-04:00,9.149999618530273,9.229999542236328,9.069999694824219,9.220000267028809,1512000,0.0,0.0
2025-04-28 00:00:00-04:00,9.220000267028809,9.359999656677246,9.09000015258789,9.170000076293945,1253000,0.0,0.0
2025-04-29 00:00:00-04:00,9.140000343322754,9.5,9.09000015258789,9.449999809265137,1833700,0.0,0.0
2025-04-30 00:00:00-04:00,9.15999984741211,9.289999961853027,8.989999771118164,9.210000038146973,1420100,0.0,0.0
2025-05-01 00:00:00-04:00,9.239999771118164,9.529999732971191,9.15999984741211,9.380000114440918,1567400,0.0,0.0
2025-05-02 00:00:00-04:00,9.510000228881836,9.630000114440918,9.380000114440918,9.460000038146973,1155500,0.0,0.0
2025-05-05 00:00:00-04:00,9.350000381469727,9.470000267028809,9.289999961853027,9.350000381469727,1164200,0.0,0.0
2025-05-06 00:00:00-04:00,9.15999984741211,9.279999732971191,9.119999885559082,9.1899995803833,1097800,0.0,0.0
2025-05-07 00:00:00-04:00,9.3100004196167,9.3100004196167,8.729999542236328,8.970000267028809,4985400,0.0,0.0
2025-05-08 00:00:00-04:00,9.229999542236328,9.930000305175781,9.229999542236328,9.84000015258789,3795700,0.0,0.0
2025-05-09 00:00:00-04:00,9.84000015258789,10.460000038146973,9.829999923706055,10.430000305175781,4211400,0.0,0.0
2025-05-12 00:00:00-04:00,11.180000305175781,11.350000381469727,10.979999542236328,11.25,2591400,0.0,0.0
2025-05-13 00:00:00-04:00,11.359999656677246,11.420000076293945,11.220000267028809,11.239999771118164,2156400,0.0,0.0
2025-05-14 00:00:00-04:00,11.220000267028809,11.390000343322754,10.90999984741211,10.920000076293945,1907300,0.0,0.0
2025-05-15 00:00:00-04:00,10.819999694824219,10.899999618530273,10.720000267028809,10.829999923706055,1711300,0.0,0.0
2025-05-16 00:00:00-04:00,10.850000381469727,10.90999984741211,10.699999809265137,10.890000343322754,1664200,0.0,0.0
2025-05-19 00:00:00-04:00,10.600000381469727,10.739999771118164,10.520000457763672,10.619999885559082,1691200,0.0,0.0
2025-05-20 00:00:00-04:00,10.640000343322754,10.699999809265137,10.380000114440918,10.479999542236328,1364100,0.0,0.0
2025-05-21 00:00:00-04:00,10.270000457763672,10.359999656677246,9.84000015258789,9.850000381469727,1161200,0.0,0.0
2025-05-22 00:00:00-04:00,9.829999923706055,10.029999732971191,9.770000457763672,9.960000038146973,1413500,0.0,0.0
2025-05-23 00:00:00-04:00,9.65999984741211,9.819999694824219,9.649999618530273,9.6899995803833,1214700,0.0,0.0
2025-05-27 00:00:00-04:00,9.949999809265137,10.329999923706055,9.829999923706055,10.3100004196167,1917100,0.0,0.0
2025-05-28 00:00:00-04:00,10.329999923706055,10.630000114440918,10.279999732971191,10.470000267028809,1672300,0.0,0.0
2025-05-29 00:00:00-04:00,10.670000076293945,10.720000267028809,10.470000267028809,10.59000015258789,1204900,0.0,0.0
2025-05-30 00:00:00-04:00,10.520000457763672,10.520000457763672,10.119999885559082,10.279999732971191,2044300,0.0,0.0
2025-06-02 00:00:00-04:00,10.25,10.300000190734863,9.84000015258789,10.100000381469727,1873800,0.0,0.0
2025-06-03 00:00:00-04:00,10.130000114440918,10.369999885559082,10.050000190734863,10.220000267028809,1517400,0.0,0.0
2025-06-04 00:00:00-04:00,10.130000114440918,10.380000114440918,10.119999885559082,10.15999984741211,1184400,0.0,0.0
2025-06-05 00:00:00-04:00,10.130000114440918,10.319999694824219,10.039999961853027,10.0600004196167,1211200,0.0,0.0
2025-06-06 00:00:00-04:00,10.15999984741211,10.220000267028809,9.960000038146973,10.039999961853027,1234800,0.0,0.0
2025-06-09 00:00:00-04:00,10.180000305175781,10.600000381469727,10.140000343322754,10.460000038146973,1504600,0.0,0.0
2025-06-10 00:00:00-04:00,10.479999542236328,10.699999809265137,10.399999618530273,10.510000228881836,1079500,0.0,0.0
2025-06-11 00:00:00-04:00,10.640000343322754,10.640000343322754,10.0600004196167,10.079999923706055,1235500,0.0,0.0
2025-06-12 00:00:00-04:00,9.949999809265137,10.319999694824219,9.880000114440918,10.170000076293945,1384700,0.0,0.0
2025-06-13 00:00:00-04:00,9.920000076293945,10.09000015258789,9.770000457763672,9.920000076293945,1589000,0.0,0.0
2025-06-16 00:00:00-04:00,10.039999961853027,10.399999618530273,9.920000076293945,10.369999885559082,1713700,0.0,0.0
2025-06-17 00:00:00-04:00,10.4399995803833,10.489999771118164,10.050000190734863,10.069999694824219,1500300,0.0,0.0
2025-06-18 00:00:00-04:00,10.029999732971191,10.25,9.930000305175781,9.930000305175781,1650300,0.0,0.0
2025-06-20 00:00:00-04:00,10.0600004196167,10.109999656677246,9.800000190734863,9.90999984741211,2514300,0.0,0.0
2025-06-23 00:00:00-04:00,9.850000381469727,10.100000381469727,9.649999618530273,10.0600004196167,1381500,0.0,0.0
2025-06-24 00:00:00-04:00,10.079999923706055,10.390000343322754,10.079999923706055,10.34000015258789,2190500,0.0,0.0
2025-06-25 00:00:00-04:00,10.600000381469727,10.880000114440918,10.520000457763672,10.75,2058900,0.0,0.0
2025-06-26 00:00:00-04:00,10.800000190734863,10.869999885559082,10.520000457763672,10.529999732971191,1947900,0.0,0.0
2025-06-27 00:00:00-04:00,10.649999618530273,10.8100004196167,10.5600004196167,10.729999542236328,1905600,0.0,0.0
2025-06-30 00:00:00-04:00,10.75,10.949999809265137,10.640000343322754,10.8100004196167,1528300,0.0,0.0
2025-07-01 00:00:00-04:00,10.699999809265137,11.390000343322754,10.65999984741211,11.119999885559082,1959900,0.0,0.0
2025-07-02 00:00:00-04:00,10.930000305175781,11.300000190734863,10.819999694824219,11.220000267028809,1677200,0.0,0.0
2025-07-03 00:00:00-04:00,11.300000190734863,11.380000114440918,11.09000015258789,11.119999885559082,1002600,0.0,0.0
2025-07-07 00:00:00-04:00,10.880000114440918,11.130000114440918,10.619999885559082,10.789999961853027,1449800,0.0,0.0
2025-07-08 00:00:00-04:00,10.720000267028809,10.949999809265137,10.5600004196167,10.760000228881836,1681700,0.0,0.0
2025-07-09 00:00:00-04:00,10.850000381469727,11.010000228881836,10.6899995803833,10.890000343322754,1802200,0.0,0.0
2025-07-10 00:00:00-04:00,10.899999618530273,11.119999885559082,10.8100004196167,11.09000015258789,1311500,0.0,0.0
2025-07-11 00:00:00-04:00,10.930000305175781,10.970000267028809,10.520000457763672,10.529999732971191,1399900,0.0,0.0
2025-07-14 00:00:00-04:00,10.479999542236328,10.779999732971191,10.380000114440918,10.699999809265137,1392500,0.0,0.0
2025-07-15 00:00:00-04:00,10.789999961853027,10.850000381469727,10.510000228881836,10.529999732971191,1106400,0.0,0.0
2025-07-16 00:00:00-04:00,10.619999885559082,10.619999885559082,10.279999732971191,10.5600004196167,1426200,0.0,0.0
2025-07-17 00:00:00-04:00,10.619999885559082,10.829999923706055,10.550000190734863,10.670000076293945,1842000,0.0,0.0
2025-07-18 00:00:00-04:00,10.779999732971191,10.789999961853027,10.489999771118164,10.520000457763672,1479300,0.0,0.0
2025-07-21 00:00:00-04:00,10.619999885559082,10.819999694824219,10.59000015258789,10.600000381469727,1559600,0.0,0.0
2025-07-22 00:00:00-04:00,10.600000381469727,10.789999961853027,10.470000267028809,10.739999771118164,1464800,0.0,0.0
2025-07-23 00:00:00-04:00,10.899999618530273,11.430000305175781,10.84000015258789,11.180000305175781,2962600,0.0,0.0
2025-07-24 00:00:00-04:00,11.140000343322754,11.319999694824219,11.079999923706055,11.279999732971191,2262400,0.0,0.0
2025-07-25 00:00:00-04:00,11.380000114440918,11.40999984741211,10.949999809265137,11.25,1865100,0.0,0.0
2025-07-28 00:00:00-04:00,11.319999694824219,11.489999771118164,11.1899995803833,11.4399995803833,3139000,0.0,0.0
2025-07-29 00:00:00-04:00,11.470000267028809,11.539999961853027,11.039999961853027,11.3100004196167,2554500,0.0,0.0
2025-07-30 00:00:00-04:00,11.8100004196167,12.109999656677246,11.319999694824219,11.399999618530273,2401500,0.0,0.0
2025-07-31 00:00:00-04:00,11.300000190734863,11.399999618530273,10.800000190734863,10.8100004196167,1614900,0.0,0.0
2025-08-01 00:00:00-04:00,10.5600004196167,10.5600004196167,10.220000267028809,10.359999656677246,2112700,0.0,0.0
2025-08-04 00:00:00-04:00,10.600000381469727,10.869999885559082,10.489999771118164,10.869999885559082,1507400,0.0,0.0
2025-08-05 00:00:00-04:00,10.960000038146973,11.0,10.739999771118164,10.859999656677246,2356800,0.0,0.0
2025-08-06 00:00:00-04:00,11.09000015258789,11.270000457763672,10.949999809265137,11.039999961853027,4079000,0.0,0.0
2025-08-07 00:00:00-04:00,11.699999809265137,11.720000267028809,10.109999656677246,10.970000267028809,3643000,0.0,0.0
2025-08-08 00:00:00-04:00,10.970000267028809,11.34000015258789,10.760000228881836,11.329999923706055,2071500,0.0,0.0
2025-08-11 00:00:00-04:00,11.329999923706055,11.529999732971191,11.220000267028809,11.300000190734863,2348200,0.0,0.0
2025-08-12 00:00:00-04:00,11.75,12.930000305175781,11.6899995803833,12.819999694824219,4238300,0.0,0.0
2025-08-13 00:00:00-04:00,12.789999961853027,13.40999984741211,12.760000228881836,13.380000114440918,4873400,0.0,0.0
2025-08-14 00:00:00-04:00,13.079999923706055,13.34000015258789,13.0,13.180000305175781,2316900,0.0,0.0
2025-08-15 00:00:00-04:00,13.260000228881836,13.329999923706055,12.920000076293945,12.960000038146973,2337900,0.0,0.0
2025-08-18 00:00:00-04:00,12.960000038146973,13.9399995803833,12.960000038146973,13.630000114440918,3140100,0.0,0.0
2025-08-19 00:00:00-04:00,13.65999984741211,13.699999809265137,13.1899995803833,13.3100004196167,2399200,0.0,0.0
2025-08-20 00:00:00-04:00,13.199999809265137,13.260000228881836,12.899999618530273,12.920000076293945,2222000,0.0,0.0
2025-08-21 00:00:00-04:00,12.789999961853027,12.930000305175781,12.640000343322754,12.880000114440918,1491600,0.0,0.0
2025-08-22 00:00:00-04:00,12.920000076293945,13.40999984741211,12.899999618530273,13.260000228881836,1899100,0.0,0.0
2025-08-25 00:00:00-04:00,13.220000267028809,13.40999984741211,13.130000114440918,13.359999656677246,1333500,0.0,0.0
2025-08-26 00:00:00-04:00,13.34000015258789,13.770000457763672,13.34000015258789,13.640000343322754,2202900,0.0,0.0
2025-08-27 00:00:00-04:00,13.520000457763672,13.970000267028809,13.479999542236328,13.9399995803833,1856500,0.0,0.0
2025-08-28 00:00:00-04:00,13.970000267028809,14.229999542236328,13.850000381469727,14.010000228881836,2253800,0.0,0.0
2025-08-29 00:00:00-04:00,14.010000228881836,14.140000343322754,13.800000190734863,13.920000076293945,1297600,0.0,0.0
2025-09-02 00:00:00-04:00,13.539999961853027,13.770000457763672,13.470000267028809,13.739999771118164,1765600,0.0,0.0
2025-09-03 00:00:00-04:00,13.739999771118164,14.1899995803833,13.680000305175781,14.069999694824219,1566500,0.0,0.0
2025-09-04 00:00:00-04:00,14.180000305175781,14.369999885559082,14.09000015258789,14.369999885559082,2017800,0.0,0.0
2025-09-05 00:00:00-04:00,14.399999618530273,14.779999732971191,14.369999885559082,14.6899995803833,2297300,0.0,0.0
2025-09-08 00:00:00-04:00,14.75,14.949999809265137,14.630000114440918,14.75,1825500,0.0,0.0
2025-09-09 00:00:00-04:00,14.760000228881836,15.069999694824219,14.739999771118164,14.989999771118164,1530200,0.0,0.0
2025-09-10 00:00:00-04:00,15.0,15.119999885559082,14.670000076293945,14.680000305175781,1768100,0.0,0.0
2025-09-11 00:00:00-04:00,14.84000015258789,15.149999618530273,14.800000190734863,15.149999618530273,1881300,0.0,0.0
2025-09-12 00:00:00-04:00,15.069999694824219,15.1899995803833,14.850000381469727,15.130000114440918,1240700,0.0,0.0
2025-09-15 00:00:00-04:00,15.199999809265137,15.649999618530273,15.199999809265137,15.5600004196167,2707600,0.0,0.0
2025-09-16 00:00:00-04:00,15.510000228881836,15.539999961853027,15.229999542236328,15.529999732971191,1929900,0.0,0.0
2025-09-17 00:00:00-04:00,15.489999771118164,15.720000267028809,15.069999694824219,15.09000015258789,1330800,0.0,0.0
2025-09-18 00:00:00-04:00,15.25,15.5600004196167,15.130000114440918,15.489999771118164,1579400,0.0,0.0
2025-09-19 00:00:00-04:00,15.449999809265137,15.65999984741211,15.369999885559082,15.569999694824219,2730500,0.0,0.0
2025-09-22 00:00:00-04:00,15.5,15.779999732971191,15.479999542236328,15.5600004196167,1257200,0.0,0.0
2025-09-23 00:00:00-04:00,15.520000457763672,15.949999809265137,15.510000228881836,15.529999732971191,1325200,0.0,0.0
2025-09-24 00:00:00-04:00,15.510000228881836,15.680000305175781,15.119999885559082,15.149999618530273,1397800,0.0,0.0
2025-09-25 00:00:00-04:00,14.989999771118164,15.3100004196167,14.760000228881836,15.289999961853027,2565700,0.0,0.0
2025-09-26 00:00:00-04:00,15.3100004196167,15.529999732971191,15.149999618530273,15.300000190734863,1541400,0.0,0.0
2025-09-29 00:00:00-04:00,15.420000076293945,15.529999732971191,15.239999771118164,15.479999542236328,1800900,0.0,0.0
2025-09-30 00:00:00-04:00,15.4399995803833,15.890000343322754,15.430000305175781,15.800000190734863,1450900,0.0,0.0
2025-10-01 00:00:00-04:00,15.630000114440918,16.440000534057617,15.59000015258789,16.389999389648438,2060700,0.0,0.0
2025-10-02 00:00:00-04:00,16.479999542236328,16.81999969482422,16.399999618530273,16.799999237060547,1562300,0.0,0.0
2025-10-03 00:00:00-04:00,16.8799991607666,17.530000686645508,16.809999465942383,17.010000228881836,1847700,0.0,0.0
2025-10-06 00:00:00-04:00,17.18000030517578,17.850000381469727,16.889999389648438,17.809999465942383,2270300,0.0,0.0
2025-10-07 00:00:00-04:00,17.8799991607666,17.93000030517578,17.31999969482422,17.549999237060547,1948600,0.0,0.0
2025-10-08 00:00:00-04:00,17.6299991607666,18.059999465942383,17.510000228881836,18.040000915527344,1845000,0.0,0.0
2025-10-09 00:00:00-04:00,18.0,18.010000228881836,17.40999984741211,17.729999542236328,1102000,0.0,0.0
2025-10-10 00:00:00-04:00,17.760000228881836,17.780000686645508,16.34000015258789,16.510000228881836,1953000,0.0,0.0
2025-10-13 00:00:00-04:00,16.920000076293945,17.100000381469727,16.469999313354492,16.489999771118164,1157300,0.0,0.0
2025-10-14 00:00:00-04:00,16.100000381469727,16.34000015258789,15.84000015258789,15.970000267028809,1526600,0.0,0.0
2025-10-15 00:00:00-04:00,16.170000076293945,16.540000915527344,16.049999237060547,16.440000534057617,1615500,0.0,0.0
2025-10-16 00:00:00-04:00,16.5,17.110000610351562,16.3700008392334,16.479999542236328,1165900,0.0,0.0
2025-10-17 00:00:00-04:00,16.459999084472656,16.829999923706055,16.239999771118164,16.510000228881836,1010400,0.0,0.0
2025-10-20 00:00:00-04:00,16.690000534057617,17.1200008392334,16.639999389648438,16.940000534057617,1150400,0.0,0.0
2025-10-21 00:00:00-04:00,16.920000076293945,17.110000610351562,16.610000610351562,16.81999969482422,895700,0.0,0.0
2025-10-22 00:00:00-04:00,16.739999771118164,17.059999465942383,16.43000030517578,16.56999969482422,923200,0.0,0.0
2025-10-23 00:00:00-04:00,16.549999237060547,17.3799991607666,16.5,17.3700008392334,1092200,0.0,0.0
2025-10-24 00:00:00-04:00,17.649999618530273,17.649999618530273,17.270000457763672,17.399999618530273,996800,0.0,0.0
2025-10-27 00:00:00-04:00,17.700000762939453,17.780000686645508,17.360000610351562,17.6200008392334,974200,0.0,0.0
2025-10-28 00:00:00-04:00,17.520000457763672,17.520000457763672,17.219999313354492,17.299999237060547,786000,0.0,0.0
2025-10-29 00:00:00-04:00,17.110000610351562,17.190000534057617,16.540000915527344,16.739999771118164,1354900,0.0,0.0
2025-10-30 00:00:00-04:00,16.530000686645508,16.979999542236328,16.43000030517578,16.860000610351562,1049700,0.0,0.0
2025-10-31 00:00:00-04:00,16.850000381469727,17.329999923706055,16.75,17.170000076293945,1326800,0.0,0.0
2025-11-03 00:00:00-05:00,17.079999923706055,17.170000076293945,16.760000228881836,16.809999465942383,1459400,0.0,0.0
2025-11-04 00:00:00-05:00,16.450000762939453,16.709999084472656,15.960000038146973,16.40999984741211,2398800,0.0,0.0
2025-11-05 00:00:00-05:00,17.020000457763672,17.889999389648438,15.880000114440918,16.639999389648438,3858000,0.0,0.0
2025-11-06 00:00:00-05:00,17.170000076293945,17.200000762939453,16.0,16.290000915527344,1710200,0.0,0.0
2025-11-07 00:00:00-05:00,16.290000915527344,16.459999084472656,15.90999984741211,16.290000915527344,1914100,0.0,0.0
2025-11-10 00:00:00-05:00,16.489999771118164,17.040000915527344,16.399999618530273,16.65999984741211,1617100,0.0,0.0
2025-11-11 00:00:00-05:00,16.760000228881836,17.229999542236328,16.649999618530273,16.889999389648438,1468200,0.0,0.0
2025-11-12 00:00:00-05:00,16.889999389648438,17.3700008392334,16.889999389648438,17.110000610351562,1697700,0.0,0.0
2025-11-13 00:00:00-05:00,17.010000228881836,17.059999465942383,16.5,16.579999923706055,1212800,0.0,0.0
2025-11-14 00:00:00-05:00,16.3700008392334,16.739999771118164,16.209999084472656,16.559999465942383,960200,0.0,0.0
2025-11-17 00:00:00-05:00,16.299999237060547,16.34000015258789,15.84000015258789,15.880000114440918,2109400,0.0,0.0
2025-11-18 00:00:00-05:00,16.34000015258789,16.489999771118164,15.930000305175781,16.280000686645508,1572600,0.0,0.0
2025-11-19 00:00:00-05:00,16.280000686645508,16.81999969482422,16.139999389648438,16.170000076293945,1450200,0.0,0.0
2025-11-20 00:00:00-05:00,16.520000457763672,16.700000762939453,15.770000457763672,15.949999809265137,1346300,0.0,0.0
2025-11-21 00:00:00-05:00,16.079999923706055,17.1200008392334,15.979999542236328,16.780000686645508,2349300,0.0,0.0
2025-11-24 00:00:00-05:00,16.829999923706055,17.729999542236328,16.729999542236328,17.639999389648438,2573500,0.0,0.0
2025-11-25 00:00:00-05:00,17.65999984741211,18.559999465942383,17.639999389648438,18.479999542236328,2141300,0.0,0.0
2025-11-26 00:00:00-05:00,18.420000076293945,18.860000610351562,18.31999969482422,18.6299991607666,1860300,0.0,0.0
2025-11-28 00:00:00-05:00,18.610000610351562,18.65999984741211,18.420000076293945,18.559999465942383,536400,0.0,0.0
2025-12-01 00:00:00-05:00,18.270000457763672,19.079999923706055,18.15999984741211,18.549999237060547,2010600,0.0,0.0
2025-12-02 00:00:00-05:00,18.649999618530273,18.889999389648438,18.510000228881836,18.780000686645508,1180300,0.0,0.0
2025-12-03 00:00:00-05:00,18.90999984741211,19.06999969482422,18.709999084472656,19.049999237060547,1430600,0.0,0.0
2025-12-04 00:00:00-05:00,19.0,19.06999969482422,18.649999618530273,18.760000228881836,1037500,0.0,0.0
2025-12-05 00:00:00-05:00,18.760000228881836,19.15999984741211,18.520000457763672,19.149999618530273,1122200,0.0,0.0
2025-12-08 00:00:00-05:00,19.18000030517578,19.450000762939453,18.920000076293945,19.030000686645508,1487800,0.0,0.0
2025-12-09 00:00:00-05:00,19.0,19.81999969482422,18.940000534057617,19.15999984741211,1415900,0.0,0.0
2025-12-10 00:00:00-05:00,19.15999984741211,19.31999969482422,18.700000762939453,19.020000457763672,1531000,0.0,0.0
2025-12-11 00:00:00-05:00,19.049999237060547,19.209999084472656,18.360000610351562,18.479999542236328,2115500,0.0,0.0
2025-12-12 00:00:00-05:00,18.489999771118164,18.709999084472656,18.25,18.420000076293945,1294600,0.0,0.0
2025-12-15 00:00:00-05:00,18.540000915527344,18.649999618530273,18.059999465942383,18.329999923706055,1536000,0.0,0.0
2025-12-16 00:00:00-05:00,18.239999771118164,18.3799991607666,17.920000076293945,18.239999771118164,1456600,0.0,0.0
2025-12-17 00:00:00-05:00,18.219999313354492,18.309999465942383,17.93000030517578,18.209999084472656,2535200,0.0,0.0
2025-12-18 00:00:00-05:00,18.440000534057617,18.68000030517578,18.18000030517578,18.299999237060547,836800,0.0,0.0
2025-12-19 00:00:00-05:00,18.270000457763672,18.450000762939453,18.110000610351562,18.440000534057617,3727100,0.0,0.0
2025-12-22 00:00:00-05:00,18.329999923706055,18.399999618530273,17.540000915527344,18.040000915527344,1491100,0.0,0.0
2025-12-23 00:00:00-05:00,17.950000762939453,17.989999771118164,17.780000686645508,17.889999389648438,1186800,0.0,0.0
2025-12-24 00:00:00-05:00,17.850000381469727,18.15999984741211,17.829999923706055,17.950000762939453,499400,0.0,0.0
2025-12-26 00:00:00-05:00,17.93000030517578,18.170000076293945,17.920000076293945,18.079999923706055,755500,0.0,0.0
2025-12-29 00:00:00-05:00,17.969999313354492,18.030000686645508,17.479999542236328,17.68000030517578,1118200,0.0,0.0
2025-12-30 00:00:00-05:00,17.719999313354492,17.940000534057617,17.59000015258789,17.729999542236328,944900,0.0,0.0
2025-12-31 00:00:00-05:00,17.709999084472656,17.780000686645508,17.3799991607666,17.559999465942383,888400,0.0,0.0
2026-01-02 00:00:00-05:00,17.809999465942383,17.8799991607666,17.299999237060547,17.489999771118164,1281100,0.0,0.0
2026-01-05 00:00:00-05:00,17.829999923706055,18.65999984741211,17.6200008392334,18.100000381469727,1289800,0.0,0.0
2026-01-06 00:00:00-05:00,17.860000610351562,18.040000915527344,16.8700008392334,17.040000915527344,1873800,0.0,0.0
2026-01-07 00:00:00-05:00,17.040000915527344,17.040000915527344,16.229999542236328,16.649999618530273,1545200,0.0,0.0
2026-01-08 00:00:00-05:00,16.510000228881836,16.989999771118164,16.5,16.760000228881836,1122500,0.0,0.0
2026-01-09 00:00:00-05:00,16.809999465942383,17.0,16.540000915527344,16.6299991607666,1051400,0.0,0.0
2026-01-12 00:00:00-05:00,16.610000610351562,17.06999969482422,16.489999771118164,16.860000610351562,1289700,0.0,0.0
2026-01-13 00:00:00-05:00,16.8700008392334,17.31999969482422,16.790000915527344,16.989999771118164,1570800,0.0,0.0
2026-01-14 00:00:00-05:00,16.989999771118164,17.139999389648438,16.030000686645508,16.200000762939453,1327700,0.0,0.0
2026-01-15 00:00:00-05:00,16.229999542236328,16.290000915527344,15.8100004196167,15.930000305175781,1161700,0.0,0.0
2026-01-16 00:00:00-05:00,15.970000267028809,16.209999084472656,15.8100004196167,15.850000381469727,1119800,0.0,0.0
2026-01-20 00:00:00-05:00,15.369999885559082,15.729999542236328,15.029999732971191,15.319999694824219,1738100,0.0,0.0
2026-01-21 00:00:00-05:00,15.5,15.8100004196167,15.369999885559082,15.569999694824219,1345800,0.0,0.0
2026-01-22 00:00:00-05:00,15.710000038146973,15.869999885559082,15.5,15.529999732971191,1139300,0.0,0.0
2026-01-23 00:00:00-05:00,15.420000076293945,15.430000305175781,14.800000190734863,14.90999984741211,1410600,0.0,0.0
2026-01-26 00:00:00-05:00,14.619999885559082,15.319999694824219,14.619999885559082,15.010000228881836,1528500,0.0,0.0
2026-01-27 00:00:00-05:00,15.0600004196167,15.069999694824219,14.630000114440918,14.739999771118164,1329200,0.0,0.0
2026-01-28 00:00:00-05:00,14.800000190734863,15.140000343322754,14.5,14.569999694824219,1094700,0.0,0.0
2026-01-29 00:00:00-05:00,14.550000190734863,14.619999885559082,14.180000305175781,14.34000015258789,1117700,0.0,0.0
2026-01-30 00:00:00-05:00,14.369999885559082,14.600000381469727,14.119999885559082,14.350000381469727,1931600,0.0,0.0
2026-02-02 00:00:00-05:00,14.430000305175781,15.0,14.220000267028809,14.84000015258789,1671100,0.0,0.0
2026-02-03 00:00:00-05:00,14.829999923706055,15.210000038146973,14.319999694824219,14.630000114440918,4345300,0.0,0.0
2026-02-04 00:00:00-05:00,16.100000381469727,17.440000534057617,14.699999809265137,15.5600004196167,7276800,0.0,0.0
2026-02-05 00:00:00-05:00,15.300000190734863,16.579999923706055,15.119999885559082,16.559999465942383,3633400,0.0,0.0
2026-02-06 00:00:00-05:00,16.709999084472656,17.219999313354492,16.440000534057617,17.079999923706055,2555800,0.0,0.0
2026-02-09 00:00:00-05:00,17.459999084472656,17.559999465942383,16.219999313354492,17.06999969482422,2628900,0.0,0.0
2026-02-10 00:00:00-05:00,17.0,17.540000915527344,16.8700008392334,17.450000762939453,1942700,0.0,0.0
2026-02-11 00:00:00-05:00,17.479999542236328,17.540000915527344,16.18000030517578,16.5,2286600,0.0,0.0
2026-02-12 00:00:00-05:00,16.56999969482422,16.760000228881836,15.829999923706055,16.290000915527344,1710300,0.0,0.0
2026-02-13 00:00:00-05:00,16.290000915527344,16.6299991607666,15.380000114440918,15.510000228881836,3181100,0.0,0.0
2026-02-17 00:00:00-05:00,15.390000343322754,15.779999732971191,15.1899995803833,15.600000381469727,2026100,0.0,0.0
2026-02-18 00:00:00-05:00,16.170000076293945,16.3799991607666,15.649999618530273,15.699999809265137,1901600,0.0,0.0
2026-02-19 00:00:00-05:00,15.609999656677246,15.930000305175781,15.3100004196167,15.65999984741211,1295500,0.0,0.0
2026-02-20 00:00:00-05:00,15.239999771118164,15.9399995803833,15.0,15.40999984741211,2910300,0.0,0.0
2026-02-23 00:00:00-05:00,15.239999771118164,15.449999809265137,14.609999656677246,14.90999984741211,2232000,0.0,0.0
2026-02-24 00:00:00-05:00,14.920000076293945,15.069999694824219,14.529999732971191,14.800000190734863,2096400,0.0,0.0
2026-02-25 00:00:00-05:00,15.050000190734863,15.420000076293945,14.720000267028809,15.399999618530273,1393100,0.0,0.0
2026-02-26 00:00:00-05:00,15.84000015258789,16.09000015258789,15.609999656677246,15.75,1402500,0.0,0.0
2026-02-27 00:00:00-05:00,15.460000038146973,15.59000015258789,15.100000381469727,15.399999618530273,2490800,0.0,0.0
2026-03-02 00:00:00-05:00,14.890000343322754,15.149999618530273,14.649999618530273,14.699999809265137,1367300,0.0,0.0
2026-03-03 00:00:00-05:00,14.34000015258789,14.770000457763672,14.199999809265137,14.75,1333700,0.0,0.0
2026-03-04 00:00:00-05:00,14.859999656677246,15.369999885559082,14.710000038146973,15.329999923706055,1800600,0.0,0.0
2026-03-05 00:00:00-05:00,15.199999809265137,15.479999542236328,14.920000076293945,15.199999809265137,1953000,0.0,0.0
2026-03-06 00:00:00-05:00,14.829999923706055,14.899999618530273,14.199999809265137,14.270000457763672,1520900,0.0,0.0
2026-03-09 00:00:00-04:00,13.989999771118164,14.260000228881836,13.350000381469727,14.199999809265137,2267300,0.0,0.0
2026-03-10 00:00:00-04:00,14.109999656677246,14.279999732971191,13.800000190734863,14.229999542236328,1394000,0.0,0.0
2026-03-11 00:00:00-04:00,14.079999923706055,14.369999885559082,13.819999694824219,14.149999618530273,1634700,0.0,0.0
2026-03-12 00:00:00-04:00,14.350000381469727,14.470000267028809,13.710000038146973,13.770000457763672,1273000,0.0,0.0
2026-03-13 00:00:00-04:00,13.699999809265137,13.899999618530273,13.109999656677246,13.149999618530273,1242300,0.0,0.0
2026-03-16 00:00:00-04:00,13.229999542236328,13.539999961853027,13.1899995803833,13.34000015258789,1017600,0.0,0.0
2026-03-17 00:00:00-04:00,13.520000457763672,13.699999809265137,13.4399995803833,13.489999771118164,1198700,0.0,0.0
2026-03-18 00:00:00-04:00,13.65999984741211,13.890000343322754,13.289999961853027,13.329999923706055,1382700,0.0,0.0
2026-03-19 00:00:00-04:00,13.149999618530273,13.569999694824219,13.100000381469727,13.430000305175781,1201400,0.0,0.0
2026-03-20 00:00:00-04:00,13.510000228881836,13.619999885559082,13.0600004196167,13.119999885559082,2297700,0.0,0.0
2026-03-23 00:00:00-04:00,13.619999885559082,13.819999694824219,13.460000038146973,13.59000015258789,1068500,0.0,0.0
2026-03-24 00:00:00-04:00,13.390000343322754,13.579999923706055,13.270000457763672,13.479999542236328,1165500,0.0,0.0
2026-03-25 00:00:00-04:00,13.680000305175781,13.770000457763672,13.180000305175781,13.260000228881836,785000,0.0,0.0
2026-03-26 00:00:00-04:00,13.069999694824219,13.34000015258789,12.800000190734863,12.8100004196167,794100,0.0,0.0
2026-03-27 00:00:00-04:00,12.649999618530273,12.779999732971191,12.4399995803833,12.699999809265137,1446300,0.0,0.0
2026-03-30 00:00:00-04:00,12.899999618530273,13.199999809265137,12.850000381469727,12.989999771118164,1279500,0.0,0.0
2026-03-31 00:00:00-04:00,13.270000457763672,13.569999694824219,13.039999961853027,13.399999618530273,1272200,0.0,0.0
2026-04-01 00:00:00-04:00,13.470000267028809,14.020000457763672,13.399999618530273,13.720000267028809,1231600,0.0,0.0
2026-04-02 00:00:00-04:00,13.329999923706055,13.729999542236328,13.210000038146973,13.579999923706055,920300,0.0,0.0
2026-04-06 00:00:00-04:00,13.579999923706055,13.760000228881836,13.479999542236328,13.59000015258789,832800,0.0,0.0
2026-04-07 00:00:00-04:00,13.460000038146973,13.539999961853027,13.079999923706055,13.399999618530273,961600,0.0,0.0
2026-04-08 00:00:00-04:00,14.229999542236328,14.369999885559082,13.149999618530273,13.279999732971191,1485500,0.0,0.0
2026-04-09 00:00:00-04:00,13.199999809265137,13.3100004196167,12.859999656677246,13.039999961853027,1097100,0.0,0.0
2026-04-10 00:00:00-04:00,13.020000457763672,13.109999656677246,12.75,12.970000267028809,687000,0.0,0.0
2026-04-13 00:00:00-04:00,12.800000190734863,13.350000381469727,12.729999542236328,13.3100004196167,1283200,0.0,0.0
2026-04-14 00:00:00-04:00,13.329999923706055,13.789999961853027,13.289999961853027,13.65999984741211,828000,0.0,0.0
2026-04-15 00:00:00-04:00,13.649999618530273,14.010000228881836,13.649999618530273,13.859999656677246,849700,0.0,0.0
2026-04-16 00:00:00-04:00,13.899999618530273,14.199999809265137,13.770000457763672,14.140000343322754,860600,0.0,0.0
2026-04-17 00:00:00-04:00,14.4399995803833,14.680000305175781,14.329999923706055,14.369999885559082,1048100,0.0,0.0
2026-04-20 00:00:00-04:00,14.369999885559082,14.720000267028809,14.140000343322754,14.619999885559082,1278700,0.0,0.0
2026-04-21 00:00:00-04:00,14.6899995803833,15.050000190734863,14.579999923706055,14.9399995803833,1655100,0.0,0.0
2026-04-22 00:00:00-04:00,14.989999771118164,15.149999618530273,14.520000457763672,14.710000038146973,1292300,0.0,0.0
2026-04-23 00:00:00-04:00,14.670000076293945,14.680000305175781,13.9399995803833,14.420000076293945,866200,0.0,0.0
2026-04-24 00:00:00-04:00,14.420000076293945,14.770000457763672,14.289999961853027,14.75,872900,0.0,0.0
2026-04-27 00:00:00-04:00,14.710000038146973,14.920000076293945,14.430000305175781,14.640000343322754,1096600,0.0,0.0
2026-04-28 00:00:00-04:00,14.65999984741211,14.770000457763672,14.380000114440918,14.479999542236328,1007100,0.0,0.0
2026-04-29 00:00:00-04:00,14.359999656677246,14.869999885559082,14.350000381469727,14.670000076293945,1541400,0.0,0.0
2026-04-30 00:00:00-04:00,14.520000457763672,14.859999656677246,14.300000190734863,14.829999923706055,1359900,0.0,0.0
2026-05-01 00:00:00-04:00,14.979999542236328,15.199999809265137,14.800000190734863,14.84000015258789,1165400,0.0,0.0
2026-05-04 00:00:00-04:00,14.729999542236328,15.460000038146973,14.460000038146973,14.869999885559082,2903600,0.0,0.0
2026-05-05 00:00:00-04:00,14.890000343322754,15.079999923706055,12.829999923706055,14.010000228881836,4591100,0.0,0.0
2026-05-06 00:00:00-04:00,14.170000076293945,14.920000076293945,14.100000381469727,14.760000228881836,2101900,0.0,0.0
2026-05-07 00:00:00-04:00,14.739999771118164,15.0600004196167,14.470000267028809,14.890000343322754,1595700,0.0,0.0
2026-05-08 00:00:00-04:00,14.890000343322754,15.109999656677246,14.569999694824219,15.0600004196167,1588300,0.0,0.0
2026-05-11 00:00:00-04:00,15.300000190734863,15.550000190734863,15.140000343322754,15.220000267028809,3544700,0.0,0.0
2026-05-12 00:00:00-04:00,15.180000305175781,15.319999694824219,14.539999961853027,14.710000038146973,1479400,0.0,0.0
2026-05-13 00:00:00-04:00,14.649999618530273,14.90999984741211,14.470000267028809,14.640000343322754,1530600,0.0,0.0
2026-05-14 00:00:00-04:00,14.699999809265137,15.0,14.619999885559082,14.6899995803833,1330218,0.0,0.0
