Date,Open,High,Low,Close,Volume,Dividends,Stock Splits
2022-01-03 00:00:00-05:00,65.41999816894531,66.75,63.04999923706055,65.83999633789062,493100,0.0,0.0
2022-01-04 00:00:00-05:00,65.73999786376953,66.05999755859375,61.80500030517578,65.94000244140625,662000,0.0,0.0
2022-01-05 00:00:00-05:00,65.0199966430664,65.7300033569336,59.439998626708984,60.880001068115234,548800,0.0,0.0
2022-01-06 00:00:00-05:00,60.0,64.3499984741211,58.18000030517578,60.720001220703125,671100,0.0,0.0
2022-01-07 00:00:00-05:00,60.369998931884766,63.689998626708984,59.77000045776367,60.869998931884766,360300,0.0,0.0
2022-01-10 00:00:00-05:00,59.77000045776367,60.59000015258789,57.38399887084961,60.45000076293945,621700,0.0,0.0
2022-01-11 00:00:00-05:00,60.04999923706055,63.459999084472656,59.0,61.88999938964844,511700,0.0,0.0
2022-01-12 00:00:00-05:00,61.516998291015625,61.516998291015625,57.2599983215332,57.75,712500,0.0,0.0
2022-01-13 00:00:00-05:00,58.119998931884766,58.63999938964844,54.36000061035156,54.81999969482422,558800,0.0,0.0
2022-01-14 00:00:00-05:00,53.900001525878906,56.15999984741211,53.0260009765625,55.619998931884766,700700,0.0,0.0
2022-01-18 00:00:00-05:00,53.90999984741211,55.95000076293945,51.72999954223633,51.88999938964844,683300,0.0,0.0
2022-01-19 00:00:00-05:00,51.7599983215332,55.69499969482422,51.21500015258789,53.2599983215332,797100,0.0,0.0
2022-01-20 00:00:00-05:00,54.56999969482422,58.279998779296875,53.04999923706055,53.2400016784668,805800,0.0,0.0
2022-01-21 00:00:00-05:00,52.0099983215332,54.33000183105469,51.0099983215332,51.29999923706055,772900,0.0,0.0
2022-01-24 00:00:00-05:00,49.70500183105469,52.959999084472656,46.849998474121094,52.58000183105469,1085500,0.0,0.0
2022-01-25 00:00:00-05:00,50.939998626708984,52.220001220703125,48.310001373291016,49.630001068115234,516600,0.0,0.0
2022-01-26 00:00:00-05:00,51.33000183105469,54.11000061035156,48.91999816894531,49.13999938964844,712300,0.0,0.0
2022-01-27 00:00:00-05:00,51.0,52.9900016784668,50.0099983215332,50.380001068115234,800900,0.0,0.0
2022-01-28 00:00:00-05:00,50.25,51.84000015258789,48.439998626708984,51.83000183105469,717400,0.0,0.0
2022-01-31 00:00:00-05:00,51.75,56.43000030517578,51.5,56.369998931884766,633200,0.0,0.0
2022-02-01 00:00:00-05:00,56.43000030517578,59.349998474121094,54.08000183105469,59.09000015258789,833100,0.0,0.0
2022-02-02 00:00:00-05:00,59.349998474121094,59.349998474121094,53.20000076293945,54.0099983215332,587000,0.0,0.0
2022-02-03 00:00:00-05:00,52.5099983215332,55.43000030517578,51.34000015258789,51.790000915527344,657600,0.0,0.0
2022-02-04 00:00:00-05:00,53.47999954223633,56.18000030517578,52.970001220703125,54.7400016784668,512300,0.0,0.0
2022-02-07 00:00:00-05:00,54.81999969482422,58.11000061035156,54.32500076293945,55.04999923706055,408800,0.0,0.0
2022-02-08 00:00:00-05:00,54.779998779296875,56.59000015258789,54.31999969482422,55.779998779296875,306400,0.0,0.0
2022-02-09 00:00:00-05:00,56.79999923706055,59.34000015258789,56.41999816894531,59.150001525878906,419900,0.0,0.0
2022-02-10 00:00:00-05:00,57.08000183105469,59.33000183105469,55.869998931884766,56.630001068115234,581600,0.0,0.0
2022-02-11 00:00:00-05:00,56.63999938964844,58.779998779296875,54.20000076293945,55.0099983215332,438500,0.0,0.0
2022-02-14 00:00:00-05:00,54.0,56.84000015258789,53.90999984741211,54.290000915527344,402200,0.0,0.0
2022-02-15 00:00:00-05:00,55.380001068115234,57.28499984741211,54.685001373291016,57.099998474121094,334200,0.0,0.0
2022-02-16 00:00:00-05:00,56.369998931884766,56.369998931884766,53.93000030517578,54.779998779296875,561200,0.0,0.0
2022-02-17 00:00:00-05:00,53.900001525878906,54.4010009765625,48.29999923706055,49.279998779296875,1189600,0.0,0.0
2022-02-18 00:00:00-05:00,55.2599983215332,57.209999084472656,52.220001220703125,55.650001525878906,1834900,0.0,0.0
2022-02-22 00:00:00-05:00,55.18000030517578,55.540000915527344,52.34000015258789,52.83000183105469,592000,0.0,0.0
2022-02-23 00:00:00-05:00,53.90999984741211,54.0,51.029998779296875,51.790000915527344,633900,0.0,0.0
2022-02-24 00:00:00-05:00,48.88999938964844,58.97999954223633,48.72999954223633,58.58000183105469,681000,0.0,0.0
2022-02-25 00:00:00-05:00,58.779998779296875,58.849998474121094,55.20000076293945,58.720001220703125,479700,0.0,0.0
2022-02-28 00:00:00-05:00,59.0099983215332,61.40999984741211,58.290000915527344,60.959999084472656,584300,0.0,0.0
2022-03-01 00:00:00-05:00,60.9900016784668,62.4900016784668,58.779998779296875,59.709999084472656,586800,0.0,0.0
2022-03-02 00:00:00-05:00,59.93000030517578,61.099998474121094,56.79999923706055,60.4900016784668,376400,0.0,0.0
2022-03-03 00:00:00-05:00,60.70000076293945,60.70000076293945,57.310001373291016,58.09000015258789,351800,0.0,0.0
2022-03-04 00:00:00-05:00,58.290000915527344,59.70000076293945,53.1619987487793,53.689998626708984,460600,0.0,0.0
2022-03-07 00:00:00-05:00,53.790000915527344,55.25,51.61000061035156,53.0,707400,0.0,0.0
2022-03-08 00:00:00-05:00,52.400001525878906,55.709999084472656,51.099998474121094,53.97999954223633,488700,0.0,0.0
2022-03-09 00:00:00-05:00,55.459999084472656,56.75,54.01100158691406,56.36000061035156,477800,0.0,0.0
2022-03-10 00:00:00-05:00,56.08000183105469,57.45000076293945,55.0099983215332,57.220001220703125,460500,0.0,0.0
2022-03-11 00:00:00-05:00,57.91999816894531,58.33000183105469,52.0099983215332,52.72999954223633,386200,0.0,0.0
2022-03-14 00:00:00-04:00,51.869998931884766,52.2599983215332,47.314998626708984,47.689998626708984,545100,0.0,0.0
2022-03-15 00:00:00-04:00,48.45000076293945,49.551998138427734,47.45199966430664,48.7599983215332,488700,0.0,0.0
2022-03-16 00:00:00-04:00,49.79999923706055,52.09000015258789,49.31999969482422,52.09000015258789,622000,0.0,0.0
2022-03-17 00:00:00-04:00,52.0,59.470001220703125,51.02000045776367,59.20000076293945,789700,0.0,0.0
2022-03-18 00:00:00-04:00,59.0,62.810001373291016,58.47999954223633,61.959999084472656,766700,0.0,0.0
2022-03-21 00:00:00-04:00,61.63999938964844,62.7400016784668,58.75,60.86000061035156,451100,0.0,0.0
2022-03-22 00:00:00-04:00,60.560001373291016,63.959999084472656,60.0099983215332,62.5099983215332,406500,0.0,0.0
2022-03-23 00:00:00-04:00,62.040000915527344,64.83399963378906,60.720001220703125,62.689998626708984,428200,0.0,0.0
2022-03-24 00:00:00-04:00,62.70000076293945,63.459999084472656,60.845001220703125,63.439998626708984,302900,0.0,0.0
2022-03-25 00:00:00-04:00,63.060001373291016,63.349998474121094,58.349998474121094,60.369998931884766,386200,0.0,0.0
2022-03-28 00:00:00-04:00,60.279998779296875,62.77000045776367,59.60499954223633,62.72999954223633,285000,0.0,0.0
2022-03-29 00:00:00-04:00,63.43000030517578,66.91000366210938,62.689998626708984,66.55999755859375,407900,0.0,0.0
2022-03-30 00:00:00-04:00,65.55000305175781,66.11499786376953,61.900001525878906,62.540000915527344,429700,0.0,0.0
2022-03-31 00:00:00-04:00,61.93000030517578,62.84000015258789,60.31999969482422,60.81999969482422,333100,0.0,0.0
2022-04-01 00:00:00-04:00,61.45000076293945,62.73899841308594,60.220001220703125,60.959999084472656,346000,0.0,0.0
2022-04-04 00:00:00-04:00,61.709999084472656,65.58000183105469,61.709999084472656,64.9800033569336,338100,0.0,0.0
2022-04-05 00:00:00-04:00,64.97000122070312,64.98999786376953,60.619998931884766,61.380001068115234,286300,0.0,0.0
2022-04-06 00:00:00-04:00,59.779998779296875,60.09000015258789,55.79999923706055,56.95000076293945,383800,0.0,0.0
2022-04-07 00:00:00-04:00,56.72999954223633,58.50299835205078,54.75,56.060001373291016,338000,0.0,0.0
2022-04-08 00:00:00-04:00,55.220001220703125,55.9900016784668,53.95500183105469,54.130001068115234,286200,0.0,0.0
2022-04-11 00:00:00-04:00,52.66999816894531,55.349998474121094,51.45000076293945,54.5,340600,0.0,0.0
2022-04-12 00:00:00-04:00,56.959999084472656,59.15999984741211,55.13999938964844,55.83000183105469,419400,0.0,0.0
2022-04-13 00:00:00-04:00,55.599998474121094,57.599998474121094,54.79999923706055,57.349998474121094,258700,0.0,0.0
2022-04-14 00:00:00-04:00,57.68000030517578,58.04999923706055,54.47999954223633,54.4900016784668,298900,0.0,0.0
2022-04-18 00:00:00-04:00,54.25,54.36000061035156,51.220001220703125,52.34000015258789,292000,0.0,0.0
2022-04-19 00:00:00-04:00,50.599998474121094,54.7599983215332,50.599998474121094,53.79999923706055,268800,0.0,0.0
2022-04-20 00:00:00-04:00,53.59000015258789,53.59000015258789,50.31999969482422,51.65999984741211,327400,0.0,0.0
2022-04-21 00:00:00-04:00,53.04999923706055,54.5099983215332,50.720001220703125,51.400001525878906,430100,0.0,0.0
2022-04-22 00:00:00-04:00,51.380001068115234,54.439998626708984,49.04999923706055,49.599998474121094,450600,0.0,0.0
2022-04-25 00:00:00-04:00,49.0,50.790000915527344,48.77000045776367,50.58000183105469,337800,0.0,0.0
2022-04-26 00:00:00-04:00,50.459999084472656,50.58000183105469,48.08000183105469,48.369998931884766,415500,0.0,0.0
2022-04-27 00:00:00-04:00,48.9900016784668,50.189998626708984,47.689998626708984,47.79999923706055,693800,0.0,0.0
2022-04-28 00:00:00-04:00,48.70000076293945,50.869998931884766,46.90999984741211,50.58000183105469,386600,0.0,0.0
2022-04-29 00:00:00-04:00,50.029998779296875,52.130001068115234,47.68000030517578,47.79999923706055,323500,0.0,0.0
2022-05-02 00:00:00-04:00,47.56999969482422,50.90999984741211,46.88999938964844,50.900001525878906,560400,0.0,0.0
2022-05-03 00:00:00-04:00,50.310001373291016,51.4900016784668,48.65999984741211,48.970001220703125,344200,0.0,0.0
2022-05-04 00:00:00-04:00,49.08000183105469,51.47999954223633,45.189998626708984,51.220001220703125,520800,0.0,0.0
2022-05-05 00:00:00-04:00,50.7400016784668,50.83000183105469,46.0,47.18000030517578,908900,0.0,0.0
2022-05-06 00:00:00-04:00,44.27000045776367,49.810001373291016,42.18000030517578,47.52000045776367,1158900,0.0,0.0
2022-05-09 00:00:00-04:00,45.52000045776367,46.060001373291016,42.52000045776367,43.02000045776367,1333100,0.0,0.0
2022-05-10 00:00:00-04:00,45.279998779296875,59.900001525878906,45.279998779296875,59.619998931884766,6815800,0.0,0.0
2022-05-11 00:00:00-04:00,57.16999816894531,59.58000183105469,49.750999450683594,50.11000061035156,1647500,0.0,0.0
2022-05-12 00:00:00-04:00,47.91999816894531,55.970001220703125,47.900001525878906,52.029998779296875,1002900,0.0,0.0
2022-05-13 00:00:00-04:00,55.47999954223633,57.58000183105469,54.58000183105469,56.77000045776367,704200,0.0,0.0
2022-05-16 00:00:00-04:00,55.84000015258789,58.59000015258789,53.07500076293945,53.29999923706055,512000,0.0,0.0
2022-05-17 00:00:00-04:00,55.060001373291016,56.81999969482422,50.130001068115234,52.0,608600,0.0,0.0
2022-05-18 00:00:00-04:00,50.529998779296875,52.0,47.79999923706055,48.81999969482422,1062300,0.0,0.0
2022-05-19 00:00:00-04:00,48.439998626708984,51.439998626708984,48.18000030517578,49.5099983215332,606700,0.0,0.0
2022-05-20 00:00:00-04:00,51.84000015258789,51.86000061035156,45.900001525878906,48.150001525878906,715600,0.0,0.0
2022-05-23 00:00:00-04:00,48.189998626708984,48.5099983215332,46.040000915527344,47.68000030517578,454000,0.0,0.0
2022-05-24 00:00:00-04:00,46.66999816894531,46.720001220703125,40.630001068115234,41.56999969482422,900000,0.0,0.0
2022-05-25 00:00:00-04:00,41.22999954223633,45.06999969482422,41.22999954223633,44.470001220703125,530000,0.0,0.0
2022-05-26 00:00:00-04:00,44.22999954223633,47.209999084472656,43.61000061035156,46.04999923706055,424800,0.0,0.0
2022-05-27 00:00:00-04:00,47.0,50.08000183105469,46.33000183105469,50.0099983215332,424700,0.0,0.0
2022-05-31 00:00:00-04:00,50.2599983215332,51.459999084472656,46.279998779296875,47.77000045776367,601200,0.0,0.0
2022-06-01 00:00:00-04:00,49.18000030517578,50.43000030517578,46.88999938964844,47.40999984741211,492100,0.0,0.0
2022-06-02 00:00:00-04:00,46.779998779296875,52.209999084472656,46.630001068115234,52.13999938964844,462400,0.0,0.0
2022-06-03 00:00:00-04:00,51.029998779296875,51.029998779296875,48.25,49.15999984741211,379700,0.0,0.0
2022-06-06 00:00:00-04:00,50.939998626708984,51.22999954223633,48.79999923706055,49.5099983215332,357300,0.0,0.0
2022-06-07 00:00:00-04:00,49.0,50.66999816894531,48.560001373291016,50.630001068115234,345200,0.0,0.0
2022-06-08 00:00:00-04:00,50.20000076293945,52.06999969482422,49.970001220703125,50.83000183105469,239300,0.0,0.0
2022-06-09 00:00:00-04:00,50.47999954223633,51.81999969482422,48.5,48.959999084472656,445400,0.0,0.0
2022-06-10 00:00:00-04:00,47.970001220703125,48.9900016784668,45.810001373291016,46.52000045776367,489800,0.0,0.0
2022-06-13 00:00:00-04:00,44.310001373291016,45.349998474121094,41.01900100708008,41.36000061035156,645200,0.0,0.0
2022-06-14 00:00:00-04:00,41.619998931884766,42.0,39.619998931884766,41.0099983215332,528400,0.0,0.0
2022-06-15 00:00:00-04:00,41.45000076293945,44.13999938964844,41.31999969482422,43.13999938964844,326100,0.0,0.0
2022-06-16 00:00:00-04:00,40.91999816894531,41.77000045776367,38.779998779296875,39.459999084472656,457400,0.0,0.0
2022-06-17 00:00:00-04:00,40.25,42.150001525878906,40.189998626708984,41.77000045776367,508200,0.0,0.0
2022-06-21 00:00:00-04:00,42.79999923706055,44.91999816894531,42.56999969482422,44.0,480900,0.0,0.0
2022-06-22 00:00:00-04:00,43.31999969482422,46.45000076293945,43.0,45.650001525878906,486700,0.0,0.0
2022-06-23 00:00:00-04:00,46.029998779296875,50.67499923706055,45.880001068115234,50.290000915527344,562200,0.0,0.0
2022-06-24 00:00:00-04:00,51.65999984741211,55.20000076293945,51.61000061035156,55.040000915527344,843700,0.0,0.0
2022-06-27 00:00:00-04:00,55.630001068115234,56.209999084472656,53.34000015258789,54.439998626708984,518600,0.0,0.0
2022-06-28 00:00:00-04:00,54.060001373291016,54.84000015258789,49.68000030517578,50.560001373291016,426000,0.0,0.0
2022-06-29 00:00:00-04:00,50.15999984741211,50.90999984741211,48.470001220703125,49.900001525878906,362900,0.0,0.0
2022-06-30 00:00:00-04:00,48.369998931884766,49.09000015258789,46.80400085449219,47.36000061035156,773600,0.0,0.0
2022-07-01 00:00:00-04:00,47.459999084472656,49.22999954223633,46.72999954223633,47.13999938964844,345300,0.0,0.0
2022-07-05 00:00:00-04:00,46.150001525878906,50.880001068115234,45.720001220703125,50.810001373291016,276000,0.0,0.0
2022-07-06 00:00:00-04:00,51.209999084472656,52.400001525878906,49.36000061035156,50.560001373291016,287200,0.0,0.0
2022-07-07 00:00:00-04:00,50.630001068115234,54.869998931884766,50.220001220703125,53.65999984741211,398600,0.0,0.0
2022-07-08 00:00:00-04:00,52.220001220703125,53.7400016784668,50.70000076293945,53.7400016784668,361100,0.0,0.0
2022-07-11 00:00:00-04:00,53.18000030517578,53.415000915527344,50.11000061035156,51.27000045776367,253300,0.0,0.0
2022-07-12 00:00:00-04:00,51.310001373291016,52.310001373291016,48.04999923706055,48.959999084472656,288600,0.0,0.0
2022-07-13 00:00:00-04:00,47.029998779296875,50.138999938964844,46.130001068115234,48.529998779296875,316500,0.0,0.0
2022-07-14 00:00:00-04:00,48.09000015258789,48.09000015258789,45.40999984741211,47.25,294800,0.0,0.0
2022-07-15 00:00:00-04:00,48.5099983215332,48.900001525878906,46.45000076293945,47.79999923706055,240300,0.0,0.0
2022-07-18 00:00:00-04:00,48.619998931884766,49.7400016784668,46.38999938964844,46.54999923706055,226400,0.0,0.0
2022-07-19 00:00:00-04:00,47.040000915527344,48.880001068115234,46.1150016784668,48.810001373291016,310500,0.0,0.0
2022-07-20 00:00:00-04:00,49.290000915527344,52.720001220703125,49.290000915527344,52.22999954223633,354300,0.0,0.0
2022-07-21 00:00:00-04:00,52.06999969482422,54.68000030517578,51.38999938964844,54.68000030517578,333100,0.0,0.0
2022-07-22 00:00:00-04:00,54.720001220703125,54.81999969482422,50.540000915527344,51.72999954223633,307100,0.0,0.0
2022-07-25 00:00:00-04:00,51.20000076293945,51.20000076293945,48.43000030517578,49.630001068115234,360600,0.0,0.0
2022-07-26 00:00:00-04:00,49.0,49.0,46.43000030517578,46.689998626708984,270900,0.0,0.0
2022-07-27 00:00:00-04:00,47.81999969482422,49.55799865722656,47.17499923706055,49.130001068115234,299700,0.0,0.0
2022-07-28 00:00:00-04:00,48.810001373291016,49.869998931884766,46.01499938964844,48.310001373291016,379200,0.0,0.0
2022-07-29 00:00:00-04:00,48.22999954223633,48.93000030517578,47.09000015258789,48.529998779296875,240900,0.0,0.0
2022-08-01 00:00:00-04:00,48.439998626708984,49.97999954223633,46.52000045776367,49.2599983215332,249000,0.0,0.0
2022-08-02 00:00:00-04:00,48.33000183105469,51.349998474121094,48.33000183105469,50.869998931884766,229800,0.0,0.0
2022-08-03 00:00:00-04:00,51.61000061035156,55.31999969482422,51.529998779296875,55.22999954223633,347400,0.0,0.0
2022-08-04 00:00:00-04:00,55.970001220703125,56.0,53.79999923706055,55.41999816894531,423400,0.0,0.0
2022-08-05 00:00:00-04:00,52.650001525878906,56.900001525878906,52.26499938964844,54.459999084472656,387800,0.0,0.0
2022-08-08 00:00:00-04:00,55.0,56.97999954223633,54.5,55.25,299600,0.0,0.0
2022-08-09 00:00:00-04:00,54.2400016784668,54.2400016784668,50.20000076293945,51.470001220703125,292900,0.0,0.0
2022-08-10 00:00:00-04:00,53.630001068115234,55.82500076293945,53.38199996948242,55.380001068115234,349100,0.0,0.0
2022-08-11 00:00:00-04:00,56.59000015258789,57.472999572753906,53.0,53.20000076293945,323600,0.0,0.0
2022-08-12 00:00:00-04:00,53.45000076293945,54.66999816894531,52.90999984741211,54.119998931884766,201900,0.0,0.0
2022-08-15 00:00:00-04:00,53.2400016784668,54.78499984741211,53.2400016784668,54.439998626708984,193600,0.0,0.0
2022-08-16 00:00:00-04:00,54.04999923706055,54.04999923706055,51.130001068115234,53.15999984741211,253600,0.0,0.0
2022-08-17 00:00:00-04:00,52.09000015258789,53.150001525878906,51.209999084472656,52.369998931884766,248200,0.0,0.0
2022-08-18 00:00:00-04:00,52.34000015258789,52.84000015258789,51.16999816894531,52.130001068115234,258500,0.0,0.0
2022-08-19 00:00:00-04:00,51.04999923706055,51.04999923706055,47.4900016784668,48.150001525878906,381000,0.0,0.0
2022-08-22 00:00:00-04:00,47.72999954223633,47.72999954223633,45.33000183105469,47.310001373291016,300400,0.0,0.0
2022-08-23 00:00:00-04:00,47.439998626708984,49.06999969482422,46.564998626708984,46.790000915527344,203500,0.0,0.0
2022-08-24 00:00:00-04:00,46.79999923706055,49.290000915527344,46.790000915527344,48.470001220703125,284600,0.0,0.0
2022-08-25 00:00:00-04:00,49.20000076293945,50.0,48.459999084472656,50.0,193600,0.0,0.0
2022-08-26 00:00:00-04:00,49.91999816894531,50.689998626708984,47.16999816894531,47.529998779296875,297100,0.0,0.0
2022-08-29 00:00:00-04:00,46.63999938964844,48.22999954223633,46.02000045776367,46.029998779296875,209200,0.0,0.0
2022-08-30 00:00:00-04:00,46.84000015258789,47.61000061035156,45.54999923706055,46.54999923706055,226000,0.0,0.0
2022-08-31 00:00:00-04:00,47.41999816894531,48.150001525878906,46.459999084472656,46.900001525878906,337400,0.0,0.0
2022-09-01 00:00:00-04:00,45.38999938964844,45.38999938964844,42.209999084472656,44.290000915527344,500700,0.0,0.0
2022-09-02 00:00:00-04:00,45.209999084472656,45.33000183105469,42.57500076293945,43.15999984741211,280600,0.0,0.0
2022-09-06 00:00:00-04:00,43.0,43.880001068115234,42.36000061035156,43.189998626708984,316800,0.0,0.0
2022-09-07 00:00:00-04:00,43.08000183105469,44.34000015258789,42.470001220703125,44.18000030517578,213200,0.0,0.0
2022-09-08 00:00:00-04:00,43.189998626708984,45.28499984741211,42.779998779296875,45.25,186200,0.0,0.0
2022-09-09 00:00:00-04:00,46.439998626708984,47.81999969482422,46.439998626708984,47.25,297900,0.0,0.0
2022-09-12 00:00:00-04:00,47.54999923706055,49.20000076293945,47.43000030517578,49.11000061035156,274300,0.0,0.0
2022-09-13 00:00:00-04:00,45.689998626708984,47.25,44.73099899291992,46.119998931884766,343400,0.0,0.0
2022-09-14 00:00:00-04:00,46.11000061035156,47.119998931884766,45.0260009765625,47.02000045776367,274400,0.0,0.0
2022-09-15 00:00:00-04:00,46.060001373291016,48.810001373291016,46.0099983215332,47.310001373291016,282100,0.0,0.0
2022-09-16 00:00:00-04:00,46.06999969482422,51.5890007019043,45.310001373291016,47.439998626708984,1249300,0.0,0.0
2022-09-19 00:00:00-04:00,46.619998931884766,47.61000061035156,44.290000915527344,47.029998779296875,409500,0.0,0.0
2022-09-20 00:00:00-04:00,46.709999084472656,47.8120002746582,45.45000076293945,45.84000015258789,270400,0.0,0.0
2022-09-21 00:00:00-04:00,46.209999084472656,48.599998474121094,45.5099983215332,46.06999969482422,246200,0.0,0.0
2022-09-22 00:00:00-04:00,45.7400016784668,46.0,42.5099983215332,42.88999938964844,276000,0.0,0.0
2022-09-23 00:00:00-04:00,41.7400016784668,42.72999954223633,40.27000045776367,41.4900016784668,379100,0.0,0.0
2022-09-26 00:00:00-04:00,41.4900016784668,43.21500015258789,40.209999084472656,40.540000915527344,290800,0.0,0.0
2022-09-27 00:00:00-04:00,41.36000061035156,42.439998626708984,40.724998474121094,41.709999084472656,219300,0.0,0.0
2022-09-28 00:00:00-04:00,42.0,43.31999969482422,41.14500045776367,42.959999084472656,299500,0.0,0.0
2022-09-29 00:00:00-04:00,41.65999984741211,42.025001525878906,40.20000076293945,41.150001525878906,294400,0.0,0.0
2022-09-30 00:00:00-04:00,41.06999969482422,43.0,40.630001068115234,40.83000183105469,281900,0.0,0.0
2022-10-03 00:00:00-04:00,41.11000061035156,42.0,40.209999084472656,41.349998474121094,218200,0.0,0.0
2022-10-04 00:00:00-04:00,42.810001373291016,44.810001373291016,42.5099983215332,44.5,277700,0.0,0.0
2022-10-05 00:00:00-04:00,43.220001220703125,44.400001525878906,42.380001068115234,44.290000915527344,221400,0.0,0.0
2022-10-06 00:00:00-04:00,44.31999969482422,45.26900100708008,43.36000061035156,44.65999984741211,248000,0.0,0.0
2022-10-07 00:00:00-04:00,43.310001373291016,44.06999969482422,42.39500045776367,42.77000045776367,554800,0.0,0.0
2022-10-10 00:00:00-04:00,42.79999923706055,43.0,38.79999923706055,40.08000183105469,281400,0.0,0.0
2022-10-11 00:00:00-04:00,39.869998931884766,40.94499969482422,37.79800033569336,40.27000045776367,327700,0.0,0.0
2022-10-12 00:00:00-04:00,40.560001373291016,40.95000076293945,38.400001525878906,40.189998626708984,170900,0.0,0.0
2022-10-13 00:00:00-04:00,38.15999984741211,41.130001068115234,36.5099983215332,40.439998626708984,486800,0.0,0.0
2022-10-14 00:00:00-04:00,41.130001068115234,42.0,38.47999954223633,38.63999938964844,272700,0.0,0.0
2022-10-17 00:00:00-04:00,40.060001373291016,42.59000015258789,39.65999984741211,41.09000015258789,570200,0.0,0.0
2022-10-18 00:00:00-04:00,42.08000183105469,43.369998931884766,40.72999954223633,41.68000030517578,526100,0.0,0.0
2022-10-19 00:00:00-04:00,40.790000915527344,41.21500015258789,40.09000015258789,40.45000076293945,362800,0.0,0.0
2022-10-20 00:00:00-04:00,40.25,42.36000061035156,39.810001373291016,42.15999984741211,627100,0.0,0.0
2022-10-21 00:00:00-04:00,41.70000076293945,43.650001525878906,40.36000061035156,43.470001220703125,384900,0.0,0.0
2022-10-24 00:00:00-04:00,43.619998931884766,44.68000030517578,41.7599983215332,44.65999984741211,287400,0.0,0.0
2022-10-25 00:00:00-04:00,45.0,48.34000015258789,45.0,47.869998931884766,455700,0.0,0.0
2022-10-26 00:00:00-04:00,46.88999938964844,49.11000061035156,45.90999984741211,46.310001373291016,345300,0.0,0.0
2022-10-27 00:00:00-04:00,46.88999938964844,48.380001068115234,46.310001373291016,47.779998779296875,341900,0.0,0.0
2022-10-28 00:00:00-04:00,47.630001068115234,49.709999084472656,47.630001068115234,49.70000076293945,271300,0.0,0.0
2022-10-31 00:00:00-04:00,49.33000183105469,50.0099983215332,48.314998626708984,48.81999969482422,295900,0.0,0.0
2022-11-01 00:00:00-04:00,50.060001373291016,50.73500061035156,49.150001525878906,50.380001068115234,404400,0.0,0.0
2022-11-02 00:00:00-04:00,50.380001068115234,51.06999969482422,47.41999816894531,47.47999954223633,529600,0.0,0.0
2022-11-03 00:00:00-04:00,47.13999938964844,48.29999923706055,45.5099983215332,47.2400016784668,361900,0.0,0.0
2022-11-04 00:00:00-04:00,41.0,42.61000061035156,34.529998779296875,38.43000030517578,1579700,0.0,0.0
2022-11-07 00:00:00-05:00,38.79999923706055,38.79999923706055,35.26499938964844,35.849998474121094,1211700,0.0,0.0
2022-11-08 00:00:00-05:00,36.0,36.06999969482422,33.02000045776367,35.0,880300,0.0,0.0
2022-11-09 00:00:00-05:00,34.779998779296875,36.540000915527344,34.22999954223633,36.36000061035156,770800,0.0,0.0
2022-11-10 00:00:00-05:00,39.13999938964844,42.41899871826172,39.13999938964844,39.75,877100,0.0,0.0
2022-11-11 00:00:00-05:00,39.54999923706055,42.119998931884766,38.96099853515625,40.0,1257900,0.0,0.0
2022-11-14 00:00:00-05:00,39.439998626708984,39.86000061035156,37.27000045776367,39.0,379300,0.0,0.0
2022-11-15 00:00:00-05:00,41.41999816894531,42.34000015258789,41.04999923706055,41.56999969482422,618600,0.0,0.0
2022-11-16 00:00:00-05:00,40.900001525878906,40.900001525878906,38.29999923706055,39.02000045776367,382200,0.0,0.0
2022-11-17 00:00:00-05:00,37.709999084472656,39.13999938964844,37.0,38.2400016784668,625000,0.0,0.0
2022-11-18 00:00:00-05:00,39.84000015258789,40.189998626708984,37.040000915527344,37.130001068115234,474300,0.0,0.0
2022-11-21 00:00:00-05:00,36.849998474121094,37.099998474121094,35.209999084472656,35.5099983215332,351300,0.0,0.0
2022-11-22 00:00:00-05:00,35.58000183105469,36.43000030517578,34.2400016784668,36.310001373291016,383800,0.0,0.0
2022-11-23 00:00:00-05:00,36.4900016784668,38.005001068115234,36.20000076293945,37.56999969482422,415700,0.0,0.0
2022-11-25 00:00:00-05:00,37.34000015258789,37.845001220703125,37.040000915527344,37.54999923706055,85300,0.0,0.0
2022-11-28 00:00:00-05:00,37.0,37.65999984741211,36.5099983215332,37.5,434400,0.0,0.0
2022-11-29 00:00:00-05:00,37.63999938964844,37.63999938964844,36.47999954223633,36.97999954223633,689800,0.0,0.0
2022-11-30 00:00:00-05:00,36.90999984741211,38.400001525878906,36.29499816894531,38.029998779296875,623700,0.0,0.0
2022-12-01 00:00:00-05:00,38.349998474121094,39.099998474121094,37.20000076293945,38.15999984741211,613500,0.0,0.0
2022-12-02 00:00:00-05:00,37.04999923706055,38.349998474121094,36.7599983215332,38.02000045776367,853600,0.0,0.0
2022-12-05 00:00:00-05:00,37.79999923706055,38.380001068115234,35.72999954223633,36.869998931884766,365600,0.0,0.0
2022-12-06 00:00:00-05:00,36.689998626708984,36.779998779296875,35.630001068115234,36.47999954223633,343600,0.0,0.0
2022-12-07 00:00:00-05:00,36.59000015258789,37.470001220703125,36.290000915527344,37.209999084472656,356200,0.0,0.0
2022-12-08 00:00:00-05:00,37.45000076293945,38.61000061035156,36.834999084472656,37.939998626708984,539300,0.0,0.0
2022-12-09 00:00:00-05:00,37.5099983215332,38.5099983215332,37.5099983215332,37.650001525878906,417300,0.0,0.0
2022-12-12 00:00:00-05:00,37.959999084472656,38.349998474121094,37.44499969482422,37.58000183105469,314700,0.0,0.0
2022-12-13 00:00:00-05:00,39.779998779296875,40.22999954223633,37.61000061035156,38.11000061035156,552000,0.0,0.0
2022-12-14 00:00:00-05:00,38.119998931884766,39.75299835205078,37.439998626708984,37.95000076293945,405200,0.0,0.0
2022-12-15 00:00:00-05:00,36.97999954223633,37.75,36.02000045776367,36.09000015258789,435400,0.0,0.0
2022-12-16 00:00:00-05:00,35.650001525878906,36.0,34.46500015258789,35.5099983215332,662500,0.0,0.0
2022-12-19 00:00:00-05:00,35.4900016784668,35.4900016784668,33.939998626708984,34.63999938964844,347000,0.0,0.0
2022-12-20 00:00:00-05:00,34.20000076293945,35.459999084472656,34.0099983215332,34.0099983215332,419500,0.0,0.0
2022-12-21 00:00:00-05:00,33.79999923706055,35.869998931884766,33.119998931884766,34.529998779296875,333600,0.0,0.0
2022-12-22 00:00:00-05:00,33.88999938964844,34.380001068115234,32.880001068115234,34.31999969482422,326900,0.0,0.0
2022-12-23 00:00:00-05:00,33.939998626708984,33.970001220703125,32.91999816894531,33.83000183105469,246300,0.0,0.0
2022-12-27 00:00:00-05:00,33.5099983215332,33.56999969482422,31.6200008392334,31.770000457763672,724400,0.0,0.0
2022-12-28 00:00:00-05:00,31.489999771118164,32.3650016784668,31.18000030517578,31.969999313354492,354700,0.0,0.0
2022-12-29 00:00:00-05:00,32.04999923706055,33.4900016784668,31.90999984741211,33.369998931884766,672400,0.0,0.0
2022-12-30 00:00:00-05:00,32.779998779296875,33.19900131225586,31.565000534057617,32.560001373291016,878900,0.0,0.0
2023-01-03 00:00:00-05:00,33.400001525878906,33.810001373291016,31.719999313354492,32.400001525878906,455400,0.0,0.0
2023-01-04 00:00:00-05:00,32.88999938964844,33.01499938964844,31.940000534057617,32.2400016784668,281800,0.0,0.0
2023-01-05 00:00:00-05:00,31.68000030517578,32.45000076293945,30.549999237060547,31.739999771118164,466600,0.0,0.0
2023-01-06 00:00:00-05:00,31.770000457763672,32.029998779296875,29.799999237060547,31.639999389648438,364300,0.0,0.0
2023-01-09 00:00:00-05:00,31.40999984741211,32.59000015258789,31.08799934387207,31.280000686645508,568300,0.0,0.0
2023-01-10 00:00:00-05:00,30.940000534057617,31.329999923706055,30.520000457763672,31.1200008392334,367000,0.0,0.0
2023-01-11 00:00:00-05:00,31.459999084472656,32.70000076293945,30.8700008392334,32.689998626708984,864000,0.0,0.0
2023-01-12 00:00:00-05:00,33.0,34.83000183105469,32.310001373291016,34.689998626708984,516300,0.0,0.0
2023-01-13 00:00:00-05:00,34.2400016784668,36.08000183105469,34.20000076293945,35.45000076293945,394600,0.0,0.0
2023-01-17 00:00:00-05:00,35.9900016784668,37.290000915527344,35.45000076293945,37.13999938964844,490800,0.0,0.0
2023-01-18 00:00:00-05:00,37.7400016784668,38.709999084472656,36.96500015258789,37.349998474121094,615400,0.0,0.0
2023-01-19 00:00:00-05:00,36.810001373291016,37.97999954223633,36.06999969482422,36.619998931884766,473700,0.0,0.0
2023-01-20 00:00:00-05:00,37.224998474121094,39.2599983215332,36.83000183105469,38.61000061035156,734400,0.0,0.0
2023-01-23 00:00:00-05:00,38.81999969482422,40.7130012512207,38.06999969482422,40.66999816894531,346900,0.0,0.0
2023-01-24 00:00:00-05:00,40.619998931884766,41.790000915527344,40.11000061035156,40.310001373291016,458500,0.0,0.0
2023-01-25 00:00:00-05:00,39.779998779296875,40.599998474121094,38.790000915527344,40.56999969482422,463500,0.0,0.0
2023-01-26 00:00:00-05:00,41.650001525878906,42.56999969482422,40.09000015258789,41.2599983215332,348100,0.0,0.0
2023-01-27 00:00:00-05:00,41.0099983215332,42.599998474121094,40.709999084472656,41.779998779296875,376500,0.0,0.0
2023-01-30 00:00:00-05:00,41.86000061035156,41.86000061035156,40.70199966430664,40.91999816894531,315900,0.0,0.0
2023-01-31 00:00:00-05:00,40.93000030517578,41.79199981689453,40.900001525878906,41.3650016784668,405300,0.0,0.0
2023-02-01 00:00:00-05:00,41.16999816894531,44.08000183105469,40.84000015258789,43.439998626708984,460200,0.0,0.0
2023-02-02 00:00:00-05:00,45.0,46.444000244140625,44.88999938964844,45.66999816894531,469100,0.0,0.0
2023-02-03 00:00:00-05:00,43.93000030517578,45.36000061035156,43.13999938964844,43.689998626708984,326200,0.0,0.0
2023-02-06 00:00:00-05:00,42.849998474121094,44.08000183105469,42.25,42.689998626708984,321500,0.0,0.0
2023-02-07 00:00:00-05:00,42.61000061035156,43.619998931884766,41.560001373291016,43.41999816894531,413900,0.0,0.0
2023-02-08 00:00:00-05:00,43.599998474121094,44.40999984741211,42.72999954223633,42.790000915527344,298800,0.0,0.0
2023-02-09 00:00:00-05:00,43.529998779296875,44.244998931884766,41.599998474121094,41.63999938964844,373200,0.0,0.0
2023-02-10 00:00:00-05:00,41.0099983215332,41.97999954223633,40.400001525878906,40.63999938964844,395300,0.0,0.0
2023-02-13 00:00:00-05:00,41.0,41.44200134277344,40.23500061035156,40.400001525878906,287500,0.0,0.0
2023-02-14 00:00:00-05:00,40.310001373291016,42.400001525878906,39.38999938964844,41.869998931884766,366000,0.0,0.0
2023-02-15 00:00:00-05:00,41.77000045776367,44.25,41.77000045776367,44.220001220703125,463000,0.0,0.0
2023-02-16 00:00:00-05:00,43.130001068115234,45.92100143432617,42.689998626708984,44.86000061035156,1025400,0.0,0.0
2023-02-17 00:00:00-05:00,46.45000076293945,47.709999084472656,45.04999923706055,45.959999084472656,806500,0.0,0.0
2023-02-21 00:00:00-05:00,45.130001068115234,46.15999984741211,42.40999984741211,42.63999938964844,524000,0.0,0.0
2023-02-22 00:00:00-05:00,43.630001068115234,44.65700149536133,42.9900016784668,43.68000030517578,408600,0.0,0.0
2023-02-23 00:00:00-05:00,44.22999954223633,44.560001373291016,42.89500045776367,44.099998474121094,334200,0.0,0.0
2023-02-24 00:00:00-05:00,42.58000183105469,43.150001525878906,42.095001220703125,42.439998626708984,300900,0.0,0.0
2023-02-27 00:00:00-05:00,43.33000183105469,43.57500076293945,41.68000030517578,41.810001373291016,261600,0.0,0.0
2023-02-28 00:00:00-05:00,41.619998931884766,42.349998474121094,41.189998626708984,41.45000076293945,265700,0.0,0.0
2023-03-01 00:00:00-05:00,41.4900016784668,42.494998931884766,40.93000030517578,41.189998626708984,259400,0.0,0.0
2023-03-02 00:00:00-05:00,40.90999984741211,42.79999923706055,40.08000183105469,42.7400016784668,285400,0.0,0.0
2023-03-03 00:00:00-05:00,43.2400016784668,44.91999816894531,43.2400016784668,44.63999938964844,296900,0.0,0.0
2023-03-06 00:00:00-05:00,45.0099983215332,45.72999954223633,44.06999969482422,44.470001220703125,350300,0.0,0.0
2023-03-07 00:00:00-05:00,44.5,45.099998474121094,43.2599983215332,43.56999969482422,286400,0.0,0.0
2023-03-08 00:00:00-05:00,43.54999923706055,43.7599983215332,42.689998626708984,42.90999984741211,246400,0.0,0.0
2023-03-09 00:00:00-05:00,42.86000061035156,43.93000030517578,40.779998779296875,40.779998779296875,283800,0.0,0.0
2023-03-10 00:00:00-05:00,40.45000076293945,40.45000076293945,38.400001525878906,39.75,633500,0.0,0.0
2023-03-13 00:00:00-04:00,38.95000076293945,41.029998779296875,38.13999938964844,40.04999923706055,323400,0.0,0.0
2023-03-14 00:00:00-04:00,41.08000183105469,42.0,40.40999984741211,40.970001220703125,297700,0.0,0.0
2023-03-15 00:00:00-04:00,40.099998474121094,41.40999984741211,39.86000061035156,41.209999084472656,299500,0.0,0.0
2023-03-16 00:00:00-04:00,40.959999084472656,43.154998779296875,40.869998931884766,42.72999954223633,321500,0.0,0.0
2023-03-17 00:00:00-04:00,42.7599983215332,42.7599983215332,41.0099983215332,41.59000015258789,529000,0.0,0.0
2023-03-20 00:00:00-04:00,41.5,41.5099983215332,39.93199920654297,40.61000061035156,227400,0.0,0.0
2023-03-21 00:00:00-04:00,41.08000183105469,41.849998474121094,40.7599983215332,41.56999969482422,241600,0.0,0.0
2023-03-22 00:00:00-04:00,41.439998626708984,41.560001373291016,39.720001220703125,39.72999954223633,160000,0.0,0.0
2023-03-23 00:00:00-04:00,40.25,41.650001525878906,40.08000183105469,40.66999816894531,235500,0.0,0.0
2023-03-24 00:00:00-04:00,40.2599983215332,40.75,38.77000045776367,40.20000076293945,324900,0.0,0.0
2023-03-27 00:00:00-04:00,40.529998779296875,41.0,39.84000015258789,40.61000061035156,168700,0.0,0.0
2023-03-28 00:00:00-04:00,40.290000915527344,40.38999938964844,39.83000183105469,40.33000183105469,164300,0.0,0.0
2023-03-29 00:00:00-04:00,41.060001373291016,42.25,40.56999969482422,42.0,241400,0.0,0.0
2023-03-30 00:00:00-04:00,42.4900016784668,43.01100158691406,41.66999816894531,42.310001373291016,185900,0.0,0.0
2023-03-31 00:00:00-04:00,42.58000183105469,45.0,42.58000183105469,44.380001068115234,364900,0.0,0.0
2023-04-03 00:00:00-04:00,43.93000030517578,44.5,43.0099983215332,43.994998931884766,226600,0.0,0.0
2023-04-04 00:00:00-04:00,44.16999816894531,44.5,43.189998626708984,43.58000183105469,204200,0.0,0.0
2023-04-05 00:00:00-04:00,43.2599983215332,43.2599983215332,40.44499969482422,40.845001220703125,227200,0.0,0.0
2023-04-06 00:00:00-04:00,40.97999954223633,42.400001525878906,40.4900016784668,42.18000030517578,272000,0.0,0.0
2023-04-10 00:00:00-04:00,41.560001373291016,41.91999816894531,40.224998474121094,41.90999984741211,276900,0.0,0.0
2023-04-11 00:00:00-04:00,41.81999969482422,42.025001525878906,40.22999954223633,41.380001068115234,252000,0.0,0.0
2023-04-12 00:00:00-04:00,42.290000915527344,42.650001525878906,40.189998626708984,40.349998474121094,257500,0.0,0.0
2023-04-13 00:00:00-04:00,40.810001373291016,41.849998474121094,40.810001373291016,41.65999984741211,267800,0.0,0.0
2023-04-14 00:00:00-04:00,41.33000183105469,41.470001220703125,39.7599983215332,40.36000061035156,199500,0.0,0.0
2023-04-17 00:00:00-04:00,40.29999923706055,40.86000061035156,40.189998626708984,40.52000045776367,176800,0.0,0.0
2023-04-18 00:00:00-04:00,41.209999084472656,41.209999084472656,40.2599983215332,40.709999084472656,195500,0.0,0.0
2023-04-19 00:00:00-04:00,40.09000015258789,40.869998931884766,39.7599983215332,40.5099983215332,155900,0.0,0.0
2023-04-20 00:00:00-04:00,39.81999969482422,40.40999984741211,39.599998474121094,39.90999984741211,190700,0.0,0.0
2023-04-21 00:00:00-04:00,39.77000045776367,40.27000045776367,39.61000061035156,40.0,174900,0.0,0.0
2023-04-24 00:00:00-04:00,39.84000015258789,40.0,37.540000915527344,38.279998779296875,322100,0.0,0.0
2023-04-25 00:00:00-04:00,37.790000915527344,37.790000915527344,35.7599983215332,35.88999938964844,335600,0.0,0.0
2023-04-26 00:00:00-04:00,36.5099983215332,37.0,35.58000183105469,35.779998779296875,215800,0.0,0.0
2023-04-27 00:00:00-04:00,36.189998626708984,37.13999938964844,35.715999603271484,36.83000183105469,213600,0.0,0.0
2023-04-28 00:00:00-04:00,36.810001373291016,37.7400016784668,35.77000045776367,37.54999923706055,283900,0.0,0.0
2023-05-01 00:00:00-04:00,37.380001068115234,38.40999984741211,37.0,38.119998931884766,331900,0.0,0.0
2023-05-02 00:00:00-04:00,37.88999938964844,38.060001373291016,36.310001373291016,36.310001373291016,327600,0.0,0.0
2023-05-03 00:00:00-04:00,36.47999954223633,37.349998474121094,35.0,35.16999816894531,661700,0.0,0.0
2023-05-04 00:00:00-04:00,35.22999954223633,35.27000045776367,32.81999969482422,33.72999954223633,724200,0.0,0.0
2023-05-05 00:00:00-04:00,34.29999923706055,34.86000061035156,33.88999938964844,33.959999084472656,326800,0.0,0.0
2023-05-08 00:00:00-04:00,33.93000030517578,35.65999984741211,33.93000030517578,35.5,309500,0.0,0.0
2023-05-09 00:00:00-04:00,35.150001525878906,36.599998474121094,34.42499923706055,35.63999938964844,608300,0.0,0.0
2023-05-10 00:00:00-04:00,37.439998626708984,38.22999954223633,35.88999938964844,37.470001220703125,762800,0.0,0.0
2023-05-11 00:00:00-04:00,37.18000030517578,37.29999923706055,35.900001525878906,36.70000076293945,276600,0.0,0.0
2023-05-12 00:00:00-04:00,36.40999984741211,36.68000030517578,35.02000045776367,35.459999084472656,303100,0.0,0.0
2023-05-15 00:00:00-04:00,35.31999969482422,36.279998779296875,35.0,36.060001373291016,182600,0.0,0.0
2023-05-16 00:00:00-04:00,35.68000030517578,36.0,35.279998779296875,35.900001525878906,197000,0.0,0.0
2023-05-17 00:00:00-04:00,36.0,37.9900016784668,35.58000183105469,37.86000061035156,317800,0.0,0.0
2023-05-18 00:00:00-04:00,37.97999954223633,39.362998962402344,37.52000045776367,39.2400016784668,368500,0.0,0.0
2023-05-19 00:00:00-04:00,39.369998931884766,39.439998626708984,38.880001068115234,39.220001220703125,363500,0.0,0.0
2023-05-22 00:00:00-04:00,39.27000045776367,41.66999816894531,39.077999114990234,41.130001068115234,380700,0.0,0.0
2023-05-23 00:00:00-04:00,41.04999923706055,41.900001525878906,40.369998931884766,40.40999984741211,243100,0.0,0.0
2023-05-24 00:00:00-04:00,39.970001220703125,41.119998931884766,39.88999938964844,40.90999984741211,349600,0.0,0.0
2023-05-25 00:00:00-04:00,41.58000183105469,41.9900016784668,40.064998626708984,40.22999954223633,208700,0.0,0.0
2023-05-26 00:00:00-04:00,40.150001525878906,41.459999084472656,40.150001525878906,40.560001373291016,224800,0.0,0.0
2023-05-30 00:00:00-04:00,41.209999084472656,41.92499923706055,40.83000183105469,41.459999084472656,240100,0.0,0.0
2023-05-31 00:00:00-04:00,41.150001525878906,43.25,41.150001525878906,42.83000183105469,757500,0.0,0.0
2023-06-01 00:00:00-04:00,42.34000015258789,44.810001373291016,41.78499984741211,44.45000076293945,407900,0.0,0.0
2023-06-02 00:00:00-04:00,45.0,46.29999923706055,44.65999984741211,45.63999938964844,454500,0.0,0.0
2023-06-05 00:00:00-04:00,45.029998779296875,45.41999816894531,43.53499984741211,44.13999938964844,347300,0.0,0.0
2023-06-06 00:00:00-04:00,43.869998931884766,46.560001373291016,43.810001373291016,46.040000915527344,603100,0.0,0.0
2023-06-07 00:00:00-04:00,46.790000915527344,47.9900016784668,45.900001525878906,46.220001220703125,714000,0.0,0.0
2023-06-08 00:00:00-04:00,46.0099983215332,48.0099983215332,45.02000045776367,47.75,438200,0.0,0.0
2023-06-09 00:00:00-04:00,47.97999954223633,50.13999938964844,47.58000183105469,48.11000061035156,482000,0.0,0.0
2023-06-12 00:00:00-04:00,48.75,49.70000076293945,48.650001525878906,49.25,467900,0.0,0.0
2023-06-13 00:00:00-04:00,50.0,54.029998779296875,49.900001525878906,53.89500045776367,580300,0.0,0.0
2023-06-14 00:00:00-04:00,53.90999984741211,54.2599983215332,52.15999984741211,52.5,597700,0.0,0.0
2023-06-15 00:00:00-04:00,51.84000015258789,53.45000076293945,51.505001068115234,53.27000045776367,394000,0.0,0.0
2023-06-16 00:00:00-04:00,53.93000030517578,54.0,51.900001525878906,52.56999969482422,600600,0.0,0.0
2023-06-20 00:00:00-04:00,52.040000915527344,52.84000015258789,50.70000076293945,51.959999084472656,370200,0.0,0.0
2023-06-21 00:00:00-04:00,51.959999084472656,51.959999084472656,48.220001220703125,48.27000045776367,571400,0.0,0.0
2023-06-22 00:00:00-04:00,48.08000183105469,49.54999923706055,47.380001068115234,48.2599983215332,390100,0.0,0.0
2023-06-23 00:00:00-04:00,47.189998626708984,47.79499816894531,47.0099983215332,47.290000915527344,393800,0.0,0.0
2023-06-26 00:00:00-04:00,46.9900016784668,47.91999816894531,45.970001220703125,46.11000061035156,183400,0.0,0.0
2023-06-27 00:00:00-04:00,46.52000045776367,47.709999084472656,46.16999816894531,47.220001220703125,191000,0.0,0.0
2023-06-28 00:00:00-04:00,47.15999984741211,49.09000015258789,47.01300048828125,48.22999954223633,181600,0.0,0.0
2023-06-29 00:00:00-04:00,48.0,48.689998626708984,47.5,47.959999084472656,165000,0.0,0.0
2023-06-30 00:00:00-04:00,48.52000045776367,48.9900016784668,47.439998626708984,47.599998474121094,185400,0.0,0.0
2023-07-03 00:00:00-04:00,47.4900016784668,48.40999984741211,47.27000045776367,48.33000183105469,95400,0.0,0.0
2023-07-05 00:00:00-04:00,47.61000061035156,48.97999954223633,47.231998443603516,48.52000045776367,178300,0.0,0.0
2023-07-06 00:00:00-04:00,47.70000076293945,47.849998474121094,46.29999923706055,47.7599983215332,186300,0.0,0.0
2023-07-07 00:00:00-04:00,48.02000045776367,49.470001220703125,48.02000045776367,48.52000045776367,291200,0.0,0.0
2023-07-10 00:00:00-04:00,48.13999938964844,50.36000061035156,48.119998931884766,50.36000061035156,265600,0.0,0.0
2023-07-11 00:00:00-04:00,50.599998474121094,51.25600051879883,50.060001373291016,51.0099983215332,253300,0.0,0.0
2023-07-12 00:00:00-04:00,52.0,52.130001068115234,49.63999938964844,50.369998931884766,290300,0.0,0.0
2023-07-13 00:00:00-04:00,50.59000015258789,52.59000015258789,50.59000015258789,51.83000183105469,217800,0.0,0.0
2023-07-14 00:00:00-04:00,51.650001525878906,52.189998626708984,49.95000076293945,50.459999084472656,253900,0.0,0.0
2023-07-17 00:00:00-04:00,50.380001068115234,51.63999938964844,50.19499969482422,51.220001220703125,150700,0.0,0.0
2023-07-18 00:00:00-04:00,51.18000030517578,51.86000061035156,50.849998474121094,51.56999969482422,156100,0.0,0.0
2023-07-19 00:00:00-04:00,52.0,52.65999984741211,50.83000183105469,51.349998474121094,168100,0.0,0.0
2023-07-20 00:00:00-04:00,51.0099983215332,51.04999923706055,47.939998626708984,48.349998474121094,241700,0.0,0.0
2023-07-21 00:00:00-04:00,49.27000045776367,49.65999984741211,48.130001068115234,48.54499816894531,217400,0.0,0.0
2023-07-24 00:00:00-04:00,48.88999938964844,49.29499816894531,47.665000915527344,48.130001068115234,164200,0.0,0.0
2023-07-25 00:00:00-04:00,48.290000915527344,49.15999984741211,48.0,48.59000015258789,143700,0.0,0.0
2023-07-26 00:00:00-04:00,48.16999816894531,49.31999969482422,47.95000076293945,49.06999969482422,234700,0.0,0.0
2023-07-27 00:00:00-04:00,50.0,50.0,47.005001068115234,47.52000045776367,193400,0.0,0.0
2023-07-28 00:00:00-04:00,48.650001525878906,49.97999954223633,48.650001525878906,49.7599983215332,185800,0.0,0.0
2023-07-31 00:00:00-04:00,49.900001525878906,51.64400100708008,49.900001525878906,51.52000045776367,220700,0.0,0.0
2023-08-01 00:00:00-04:00,51.18000030517578,51.650001525878906,50.599998474121094,51.41999816894531,158300,0.0,0.0
2023-08-02 00:00:00-04:00,50.279998779296875,50.5,47.27000045776367,48.439998626708984,302200,0.0,0.0
2023-08-03 00:00:00-04:00,47.72999954223633,48.65999984741211,47.310001373291016,48.220001220703125,236500,0.0,0.0
2023-08-04 00:00:00-04:00,49.52000045776367,50.29800033569336,46.25,49.54999923706055,621500,0.0,0.0
2023-08-07 00:00:00-04:00,49.869998931884766,49.97999954223633,47.31999969482422,49.02000045776367,265000,0.0,0.0
2023-08-08 00:00:00-04:00,47.83000183105469,48.380001068115234,47.09000015258789,48.25,246900,0.0,0.0
2023-08-09 00:00:00-04:00,48.09000015258789,48.55500030517578,47.5,47.95000076293945,304000,0.0,0.0
2023-08-10 00:00:00-04:00,48.470001220703125,49.68000030517578,46.810001373291016,47.66999816894531,235900,0.0,0.0
2023-08-11 00:00:00-04:00,47.06999969482422,48.0,46.95600128173828,47.959999084472656,134500,0.0,0.0
2023-08-14 00:00:00-04:00,47.54999923706055,48.470001220703125,47.04999923706055,48.40999984741211,137700,0.0,0.0
2023-08-15 00:00:00-04:00,48.04999923706055,48.25,47.38999938964844,47.70000076293945,183900,0.0,0.0
2023-08-16 00:00:00-04:00,47.59000015258789,47.70000076293945,45.79999923706055,45.900001525878906,240900,0.0,0.0
2023-08-17 00:00:00-04:00,45.7599983215332,46.130001068115234,44.560001373291016,44.970001220703125,238900,0.0,0.0
2023-08-18 00:00:00-04:00,44.06999969482422,46.11000061035156,43.810001373291016,45.7400016784668,185600,0.0,0.0
2023-08-21 00:00:00-04:00,45.88999938964844,46.849998474121094,45.4900016784668,45.7400016784668,152700,0.0,0.0
2023-08-22 00:00:00-04:00,46.27000045776367,46.86000061035156,46.0,46.2599983215332,142300,0.0,0.0
2023-08-23 00:00:00-04:00,46.40999984741211,47.59000015258789,46.33000183105469,47.29999923706055,132700,0.0,0.0
2023-08-24 00:00:00-04:00,47.540000915527344,47.939998626708984,45.599998474121094,45.7400016784668,216800,0.0,0.0
2023-08-25 00:00:00-04:00,45.81999969482422,47.099998474121094,45.619998931884766,46.779998779296875,134400,0.0,0.0
2023-08-28 00:00:00-04:00,47.060001373291016,47.849998474121094,46.66999816894531,46.77000045776367,203300,0.0,0.0
2023-08-29 00:00:00-04:00,46.560001373291016,48.494998931884766,46.220001220703125,48.02000045776367,235300,0.0,0.0
2023-08-30 00:00:00-04:00,47.72999954223633,48.56999969482422,47.560001373291016,48.15999984741211,151800,0.0,0.0
2023-08-31 00:00:00-04:00,48.15999984741211,48.959999084472656,47.875,48.70000076293945,388700,0.0,0.0
2023-09-01 00:00:00-04:00,49.0,50.130001068115234,48.79999923706055,49.54999923706055,230600,0.0,0.0
2023-09-05 00:00:00-04:00,49.029998779296875,49.4900016784668,48.77000045776367,49.06999969482422,165400,0.0,0.0
2023-09-06 00:00:00-04:00,49.119998931884766,49.720001220703125,48.78300094604492,49.689998626708984,147700,0.0,0.0
2023-09-07 00:00:00-04:00,49.040000915527344,52.9900016784668,48.18000030517578,52.040000915527344,335000,0.0,0.0
2023-09-08 00:00:00-04:00,52.0,52.68000030517578,51.564998626708984,51.599998474121094,252000,0.0,0.0
2023-09-11 00:00:00-04:00,51.91999816894531,51.91999816894531,49.7400016784668,50.029998779296875,353400,0.0,0.0
2023-09-12 00:00:00-04:00,49.5099983215332,49.9900016784668,47.56999969482422,47.65999984741211,172300,0.0,0.0
2023-09-13 00:00:00-04:00,47.459999084472656,47.779998779296875,46.650001525878906,47.22999954223633,213200,0.0,0.0
2023-09-14 00:00:00-04:00,47.22999954223633,47.720001220703125,45.935001373291016,46.68000030517578,245100,0.0,0.0
2023-09-15 00:00:00-04:00,46.47999954223633,46.47999954223633,44.959999084472656,45.88999938964844,503500,0.0,0.0
2023-09-18 00:00:00-04:00,45.88999938964844,47.244998931884766,45.45500183105469,46.38999938964844,299700,0.0,0.0
2023-09-19 00:00:00-04:00,46.13999938964844,46.13999938964844,44.380001068115234,45.36000061035156,301800,0.0,0.0
2023-09-20 00:00:00-04:00,45.650001525878906,46.25,44.2599983215332,44.290000915527344,178800,0.0,0.0
2023-09-21 00:00:00-04:00,43.459999084472656,43.720001220703125,42.75,43.040000915527344,237400,0.0,0.0
2023-09-22 00:00:00-04:00,43.470001220703125,43.619998931884766,42.529998779296875,42.93000030517578,145800,0.0,0.0
2023-09-25 00:00:00-04:00,42.5,43.59000015258789,42.18000030517578,43.189998626708984,154500,0.0,0.0
2023-09-26 00:00:00-04:00,42.869998931884766,43.36000061035156,42.209999084472656,42.400001525878906,178600,0.0,0.0
2023-09-27 00:00:00-04:00,42.7599983215332,43.630001068115234,42.27000045776367,43.15999984741211,177400,0.0,0.0
2023-09-28 00:00:00-04:00,42.900001525878906,45.189998626708984,42.45000076293945,44.630001068115234,226100,0.0,0.0
2023-09-29 00:00:00-04:00,45.130001068115234,46.560001373291016,45.01300048828125,45.61000061035156,229400,0.0,0.0
2023-10-02 00:00:00-04:00,45.45000076293945,45.915000915527344,44.04999923706055,44.54999923706055,158600,0.0,0.0
2023-10-03 00:00:00-04:00,44.040000915527344,44.439998626708984,42.119998931884766,42.310001373291016,177500,0.0,0.0
2023-10-04 00:00:00-04:00,42.470001220703125,43.779998779296875,42.099998474121094,43.34000015258789,221300,0.0,0.0
2023-10-05 00:00:00-04:00,43.08000183105469,43.095001220703125,41.099998474121094,41.279998779296875,327600,0.0,0.0
2023-10-06 00:00:00-04:00,40.5099983215332,42.499000549316406,40.347999572753906,42.459999084472656,277000,0.0,0.0
2023-10-09 00:00:00-04:00,41.630001068115234,43.099998474121094,41.459999084472656,42.63999938964844,205800,0.0,0.0
2023-10-10 00:00:00-04:00,42.79999923706055,44.44499969482422,42.79999923706055,43.11000061035156,332400,0.0,0.0
2023-10-11 00:00:00-04:00,43.400001525878906,44.2599983215332,42.34000015258789,43.11000061035156,255700,0.0,0.0
2023-10-12 00:00:00-04:00,42.40999984741211,42.70000076293945,41.45500183105469,41.81999969482422,320000,0.0,0.0
2023-10-13 00:00:00-04:00,41.65999984741211,41.790000915527344,41.185001373291016,41.27000045776367,309900,0.0,0.0
2023-10-16 00:00:00-04:00,41.5,43.16999816894531,41.375,42.810001373291016,178700,0.0,0.0
2023-10-17 00:00:00-04:00,42.040000915527344,44.279998779296875,42.040000915527344,43.720001220703125,277400,0.0,0.0
2023-10-18 00:00:00-04:00,43.31999969482422,43.55500030517578,41.77799987792969,41.939998626708984,162400,0.0,0.0
2023-10-19 00:00:00-04:00,42.279998779296875,43.63999938964844,41.77000045776367,42.650001525878906,505100,0.0,0.0
2023-10-20 00:00:00-04:00,42.86000061035156,42.86000061035156,40.84000015258789,41.04999923706055,613100,0.0,0.0
2023-10-23 00:00:00-04:00,40.4900016784668,41.619998931884766,39.709999084472656,40.66999816894531,206500,0.0,0.0
2023-10-24 00:00:00-04:00,40.84000015258789,42.59000015258789,40.84000015258789,41.599998474121094,240600,0.0,0.0
2023-10-25 00:00:00-04:00,41.20000076293945,41.349998474121094,40.16999816894531,40.290000915527344,400600,0.0,0.0
2023-10-26 00:00:00-04:00,40.54999923706055,40.95000076293945,39.15999984741211,40.060001373291016,195000,0.0,0.0
2023-10-27 00:00:00-04:00,40.220001220703125,40.58000183105469,39.66999816894531,39.97999954223633,181200,0.0,0.0
2023-10-30 00:00:00-04:00,40.25,40.53499984741211,39.20000076293945,39.22999954223633,186600,0.0,0.0
2023-10-31 00:00:00-04:00,39.2599983215332,40.290000915527344,38.56999969482422,39.459999084472656,274500,0.0,0.0
2023-11-01 00:00:00-04:00,39.40999984741211,39.59000015258789,38.40999984741211,39.130001068115234,261400,0.0,0.0
2023-11-02 00:00:00-04:00,39.9900016784668,42.9900016784668,39.9900016784668,41.720001220703125,481600,0.0,0.0
2023-11-03 00:00:00-04:00,38.95000076293945,40.5,38.20000076293945,39.900001525878906,879000,0.0,0.0
2023-11-06 00:00:00-05:00,39.709999084472656,39.810001373291016,37.08000183105469,37.400001525878906,605000,0.0,0.0
2023-11-07 00:00:00-05:00,39.13999938964844,40.439998626708984,37.849998474121094,38.25,769000,0.0,0.0
2023-11-08 00:00:00-05:00,38.09000015258789,38.27000045776367,36.93000030517578,38.20000076293945,328300,0.0,0.0
2023-11-09 00:00:00-05:00,38.45000076293945,38.5,35.41999816894531,35.61000061035156,450500,0.0,0.0
2023-11-10 00:00:00-05:00,35.40999984741211,36.369998931884766,35.32500076293945,36.209999084472656,426000,0.0,0.0
2023-11-13 00:00:00-05:00,36.0,36.099998474121094,35.387001037597656,35.790000915527344,253900,0.0,0.0
2023-11-14 00:00:00-05:00,37.279998779296875,38.66999816894531,37.18000030517578,37.90999984741211,552300,0.0,0.0
2023-11-15 00:00:00-05:00,38.06999969482422,40.66999816894531,38.06999969482422,38.779998779296875,523400,0.0,0.0
2023-11-16 00:00:00-05:00,38.470001220703125,38.54199981689453,36.369998931884766,36.650001525878906,449500,0.0,0.0
2023-11-17 00:00:00-05:00,36.810001373291016,37.04999923706055,36.279998779296875,36.75,612600,0.0,0.0
2023-11-20 00:00:00-05:00,36.970001220703125,38.83000183105469,36.619998931884766,37.599998474121094,470900,0.0,0.0
2023-11-21 00:00:00-05:00,37.310001373291016,37.61000061035156,36.06100082397461,37.02000045776367,334700,0.0,0.0
2023-11-22 00:00:00-05:00,37.2400016784668,37.86000061035156,35.900001525878906,36.060001373291016,408700,0.0,0.0
2023-11-24 00:00:00-05:00,35.880001068115234,36.28499984741211,35.599998474121094,36.189998626708984,131800,0.0,0.0
2023-11-27 00:00:00-05:00,35.86000061035156,36.25,35.5099983215332,35.560001373291016,343900,0.0,0.0
2023-11-28 00:00:00-05:00,35.52000045776367,35.970001220703125,35.11000061035156,35.279998779296875,445900,0.0,0.0
2023-11-29 00:00:00-05:00,35.970001220703125,37.290000915527344,35.970001220703125,36.2400016784668,484100,0.0,0.0
2023-11-30 00:00:00-05:00,36.540000915527344,37.2400016784668,35.95000076293945,36.2400016784668,590100,0.0,0.0
2023-12-01 00:00:00-05:00,36.33000183105469,37.83000183105469,36.130001068115234,37.689998626708984,488500,0.0,0.0
2023-12-04 00:00:00-05:00,37.36000061035156,38.439998626708984,37.2400016784668,38.099998474121094,353600,0.0,0.0
2023-12-05 00:00:00-05:00,38.0099983215332,38.599998474121094,37.31999969482422,38.41999816894531,381100,0.0,0.0
2023-12-06 00:00:00-05:00,38.47999954223633,39.0,37.744998931884766,38.02000045776367,342600,0.0,0.0
2023-12-07 00:00:00-05:00,37.81999969482422,37.880001068115234,36.18000030517578,36.22999954223633,346000,0.0,0.0
2023-12-08 00:00:00-05:00,35.790000915527344,36.70000076293945,35.38399887084961,36.540000915527344,289800,0.0,0.0
2023-12-11 00:00:00-05:00,36.099998474121094,37.27000045776367,35.63999938964844,36.61000061035156,361700,0.0,0.0
2023-12-12 00:00:00-05:00,36.61000061035156,36.61000061035156,35.70000076293945,35.79999923706055,460000,0.0,0.0
2023-12-13 00:00:00-05:00,35.779998779296875,36.88999938964844,34.540000915527344,36.849998474121094,674200,0.0,0.0
2023-12-14 00:00:00-05:00,37.5099983215332,39.09000015258789,37.06999969482422,37.400001525878906,586600,0.0,0.0
2023-12-15 00:00:00-05:00,37.709999084472656,38.77000045776367,37.310001373291016,38.31999969482422,1306100,0.0,0.0
2023-12-18 00:00:00-05:00,38.29999923706055,38.810001373291016,37.63999938964844,38.63999938964844,506600,0.0,0.0
2023-12-19 00:00:00-05:00,39.150001525878906,40.400001525878906,38.904998779296875,39.08000183105469,508300,0.0,0.0
2023-12-20 00:00:00-05:00,38.939998626708984,39.89500045776367,37.89500045776367,37.95000076293945,490900,0.0,0.0
2023-12-21 00:00:00-05:00,38.400001525878906,40.150001525878906,37.80400085449219,40.029998779296875,736200,0.0,0.0
2023-12-22 00:00:00-05:00,40.18000030517578,40.529998779296875,39.220001220703125,39.65999984741211,308200,0.0,0.0
2023-12-26 00:00:00-05:00,39.540000915527344,39.810001373291016,39.26900100708008,39.66999816894531,192100,0.0,0.0
2023-12-27 00:00:00-05:00,39.790000915527344,40.0,38.63999938964844,39.0,292600,0.0,0.0
2023-12-28 00:00:00-05:00,38.7599983215332,39.56999969482422,38.61000061035156,38.869998931884766,241200,0.0,0.0
2023-12-29 00:00:00-05:00,38.65999984741211,38.97700119018555,37.54999923706055,37.65999984741211,288300,0.0,0.0
2024-01-02 00:00:00-05:00,37.130001068115234,37.130001068115234,35.0,35.13999938964844,465700,0.0,0.0
2024-01-03 00:00:00-05:00,34.380001068115234,34.7400016784668,33.06999969482422,33.11000061035156,469700,0.0,0.0
2024-01-04 00:00:00-05:00,33.06999969482422,34.90999984741211,32.880001068115234,33.9900016784668,954100,0.0,0.0
2024-01-05 00:00:00-05:00,33.54999923706055,34.15999984741211,33.150001525878906,33.380001068115234,467100,0.0,0.0
2024-01-08 00:00:00-05:00,33.599998474121094,35.04999923706055,33.5,34.70000076293945,498600,0.0,0.0
2024-01-09 00:00:00-05:00,34.119998931884766,34.97999954223633,33.72999954223633,33.75,471000,0.0,0.0
2024-01-10 00:00:00-05:00,33.77000045776367,34.439998626708984,33.400001525878906,34.15999984741211,400900,0.0,0.0
2024-01-11 00:00:00-05:00,35.290000915527344,35.83700180053711,34.0,34.56999969482422,418700,0.0,0.0
2024-01-12 00:00:00-05:00,34.29999923706055,34.939998626708984,33.59000015258789,33.709999084472656,267500,0.0,0.0
2024-01-16 00:00:00-05:00,33.18000030517578,33.36000061035156,32.470001220703125,32.959999084472656,308200,0.0,0.0
2024-01-17 00:00:00-05:00,32.31999969482422,32.650001525878906,31.59000015258789,32.54999923706055,345600,0.0,0.0
2024-01-18 00:00:00-05:00,32.7599983215332,33.0,31.690000534057617,32.18000030517578,278400,0.0,0.0
2024-01-19 00:00:00-05:00,32.380001068115234,32.459999084472656,31.639999389648438,32.209999084472656,318300,0.0,0.0
2024-01-22 00:00:00-05:00,32.27000045776367,34.189998626708984,32.25,33.779998779296875,374400,0.0,0.0
2024-01-23 00:00:00-05:00,34.2599983215332,34.59000015258789,33.72200012207031,34.189998626708984,317000,0.0,0.0
2024-01-24 00:00:00-05:00,34.75,34.849998474121094,33.7400016784668,33.83000183105469,269400,0.0,0.0
2024-01-25 00:00:00-05:00,34.43000030517578,34.43000030517578,33.36000061035156,33.75,279100,0.0,0.0
2024-01-26 00:00:00-05:00,34.04999923706055,34.5,33.63999938964844,33.709999084472656,290100,0.0,0.0
2024-01-29 00:00:00-05:00,33.720001220703125,35.255001068115234,33.70000076293945,35.220001220703125,280600,0.0,0.0
2024-01-30 00:00:00-05:00,34.88999938964844,34.9900016784668,33.915000915527344,33.95000076293945,223200,0.0,0.0
2024-01-31 00:00:00-05:00,33.7599983215332,33.849998474121094,32.54999923706055,32.630001068115234,378000,0.0,0.0
2024-02-01 00:00:00-05:00,32.869998931884766,33.40399932861328,32.31999969482422,32.869998931884766,243400,0.0,0.0
2024-02-02 00:00:00-05:00,32.5,32.959999084472656,31.850000381469727,32.779998779296875,294000,0.0,0.0
2024-02-05 00:00:00-05:00,32.290000915527344,32.29999923706055,30.8700008392334,31.530000686645508,394700,0.0,0.0
2024-02-06 00:00:00-05:00,31.5,32.400001525878906,31.420000076293945,32.380001068115234,319000,0.0,0.0
2024-02-07 00:00:00-05:00,32.599998474121094,32.599998474121094,31.71500015258789,32.25,283100,0.0,0.0
2024-02-08 00:00:00-05:00,32.2599983215332,32.861000061035156,31.90999984741211,32.63999938964844,272800,0.0,0.0
2024-02-09 00:00:00-05:00,33.04999923706055,33.650001525878906,32.779998779296875,33.2599983215332,359200,0.0,0.0
2024-02-12 00:00:00-05:00,33.310001373291016,34.54999923706055,33.11000061035156,33.810001373291016,432000,0.0,0.0
2024-02-13 00:00:00-05:00,32.08000183105469,32.59000015258789,31.260000228881836,31.68000030517578,788900,0.0,0.0
2024-02-14 00:00:00-05:00,32.380001068115234,33.439998626708984,31.860000610351562,33.380001068115234,538500,0.0,0.0
2024-02-15 00:00:00-05:00,35.650001525878906,38.5,35.189998626708984,37.61000061035156,980400,0.0,0.0
2024-02-16 00:00:00-05:00,37.79999923706055,38.25,36.43000030517578,37.22999954223633,814000,0.0,0.0
2024-02-20 00:00:00-05:00,36.439998626708984,36.689998626708984,35.619998931884766,36.150001525878906,510600,0.0,0.0
2024-02-21 00:00:00-05:00,35.209999084472656,35.529998779296875,32.31100082397461,32.619998931884766,1345000,0.0,0.0
2024-02-22 00:00:00-05:00,33.43000030517578,33.93000030517578,32.22999954223633,32.97999954223633,626400,0.0,0.0
2024-02-23 00:00:00-05:00,32.66999816894531,32.97999954223633,31.790000915527344,31.950000762939453,390400,0.0,0.0
2024-02-26 00:00:00-05:00,31.75,33.5,31.6299991607666,33.189998626708984,472000,0.0,0.0
2024-02-27 00:00:00-05:00,33.56999969482422,34.099998474121094,32.93000030517578,33.20000076293945,419500,0.0,0.0
2024-02-28 00:00:00-05:00,33.220001220703125,34.849998474121094,33.220001220703125,34.25,548100,0.0,0.0
2024-02-29 00:00:00-05:00,35.0,35.849998474121094,34.709999084472656,34.849998474121094,545200,0.0,0.0
2024-03-01 00:00:00-05:00,35.0,36.198001861572266,34.689998626708984,35.7599983215332,433000,0.0,0.0
2024-03-04 00:00:00-05:00,36.20000076293945,36.20000076293945,35.0099983215332,35.58000183105469,383500,0.0,0.0
2024-03-05 00:00:00-05:00,34.81999969482422,34.9900016784668,32.27000045776367,32.84000015258789,565600,0.0,0.0
2024-03-06 00:00:00-05:00,33.79999923706055,35.7599983215332,33.470001220703125,35.45000076293945,595200,0.0,0.0
2024-03-07 00:00:00-05:00,35.400001525878906,36.90999984741211,35.20000076293945,36.56999969482422,593100,0.0,0.0
2024-03-08 00:00:00-05:00,37.0,37.79999923706055,35.98699951171875,36.630001068115234,696400,0.0,0.0
2024-03-11 00:00:00-04:00,36.470001220703125,37.150001525878906,35.900001525878906,35.95000076293945,321500,0.0,0.0
2024-03-12 00:00:00-04:00,35.95000076293945,36.34000015258789,35.20000076293945,35.56999969482422,265900,0.0,0.0
2024-03-13 00:00:00-04:00,36.720001220703125,36.78499984741211,35.630001068115234,35.900001525878906,611900,0.0,0.0
2024-03-14 00:00:00-04:00,35.709999084472656,37.70000076293945,35.709999084472656,36.790000915527344,906800,0.0,0.0
2024-03-15 00:00:00-04:00,36.290000915527344,37.474998474121094,36.095001220703125,36.189998626708984,962100,0.0,0.0
2024-03-18 00:00:00-04:00,36.119998931884766,37.25,35.040000915527344,36.63999938964844,641600,0.0,0.0
2024-03-19 00:00:00-04:00,36.0,36.88999938964844,35.20000076293945,36.58000183105469,659900,0.0,0.0
2024-03-20 00:00:00-04:00,36.599998474121094,38.439998626708984,36.060001373291016,37.90999984741211,607700,0.0,0.0
2024-03-21 00:00:00-04:00,38.5,40.13999938964844,38.0099983215332,39.060001373291016,1410500,0.0,0.0
2024-03-22 00:00:00-04:00,39.0,39.07500076293945,36.84000015258789,38.16999816894531,639100,0.0,0.0
2024-03-25 00:00:00-04:00,38.16999816894531,38.51499938964844,37.619998931884766,37.91999816894531,281000,0.0,0.0
2024-03-26 00:00:00-04:00,38.41999816894531,38.52000045776367,37.61000061035156,37.75,263700,0.0,0.0
2024-03-27 00:00:00-04:00,38.150001525878906,39.27000045776367,37.5099983215332,39.220001220703125,461400,0.0,0.0
2024-03-28 00:00:00-04:00,39.220001220703125,40.79999923706055,38.97999954223633,39.95000076293945,485200,0.0,0.0
2024-04-01 00:00:00-04:00,39.16999816894531,39.5,37.334999084472656,37.81999969482422,406400,0.0,0.0
2024-04-02 00:00:00-04:00,36.790000915527344,37.4900016784668,36.220001220703125,37.4900016784668,404000,0.0,0.0
2024-04-03 00:00:00-04:00,37.119998931884766,37.709999084472656,36.900001525878906,37.5099983215332,299500,0.0,0.0
2024-04-04 00:00:00-04:00,38.2400016784668,38.77000045776367,36.75,37.25,476400,0.0,0.0
2024-04-05 00:00:00-04:00,37.11000061035156,38.11000061035156,37.02000045776367,38.029998779296875,321500,0.0,0.0
2024-04-08 00:00:00-04:00,38.52000045776367,39.869998931884766,38.18000030517578,39.81999969482422,346500,0.0,0.0
2024-04-09 00:00:00-04:00,40.31999969482422,42.17499923706055,40.17499923706055,41.119998931884766,413400,0.0,0.0
2024-04-10 00:00:00-04:00,39.47999954223633,39.599998474121094,38.52000045776367,39.400001525878906,461100,0.0,0.0
2024-04-11 00:00:00-04:00,39.75,39.95000076293945,38.45500183105469,39.65999984741211,419100,0.0,0.0
2024-04-12 00:00:00-04:00,39.09000015258789,39.3650016784668,38.0,38.470001220703125,492900,0.0,0.0
2024-04-15 00:00:00-04:00,38.459999084472656,38.619998931884766,37.54999923706055,37.9900016784668,954900,0.0,0.0
2024-04-16 00:00:00-04:00,37.540000915527344,38.5099983215332,36.220001220703125,36.52000045776367,792100,0.0,0.0
2024-04-17 00:00:00-04:00,36.58000183105469,37.91999816894531,35.349998474121094,35.38999938964844,543700,0.0,0.0
2024-04-18 00:00:00-04:00,35.36000061035156,35.834999084472656,34.290000915527344,34.86000061035156,635400,0.0,0.0
2024-04-19 00:00:00-04:00,34.650001525878906,35.20000076293945,34.029998779296875,34.54999923706055,496200,0.0,0.0
2024-04-22 00:00:00-04:00,34.779998779296875,35.4900016784668,34.209999084472656,35.119998931884766,410500,0.0,0.0
2024-04-23 00:00:00-04:00,35.02000045776367,37.09000015258789,34.779998779296875,36.59000015258789,380000,0.0,0.0
2024-04-24 00:00:00-04:00,36.630001068115234,37.27000045776367,36.470001220703125,36.65999984741211,267700,0.0,0.0
2024-04-25 00:00:00-04:00,35.869998931884766,36.404998779296875,35.060001373291016,36.20000076293945,512200,0.0,0.0
2024-04-26 00:00:00-04:00,36.540000915527344,38.130001068115234,36.029998779296875,37.560001373291016,380400,0.0,0.0
2024-04-29 00:00:00-04:00,37.77000045776367,38.529998779296875,37.56999969482422,38.369998931884766,417100,0.0,0.0
2024-04-30 00:00:00-04:00,37.849998474121094,38.43000030517578,37.38999938964844,37.439998626708984,456600,0.0,0.0
2024-05-01 00:00:00-04:00,37.310001373291016,38.599998474121094,36.540000915527344,36.72999954223633,566100,0.0,0.0
2024-05-02 00:00:00-04:00,32.0,32.09000015258789,28.219999313354492,31.030000686645508,2289900,0.0,0.0
2024-05-03 00:00:00-04:00,31.360000610351562,32.540000915527344,30.950000762939453,31.979999542236328,795500,0.0,0.0
2024-05-06 00:00:00-04:00,32.0,33.084999084472656,32.0,32.970001220703125,543500,0.0,0.0
2024-05-07 00:00:00-04:00,32.849998474121094,32.849998474121094,31.649999618530273,31.829999923706055,433600,0.0,0.0
2024-05-08 00:00:00-04:00,31.3700008392334,32.11000061035156,31.360000610351562,32.099998474121094,355000,0.0,0.0
2024-05-09 00:00:00-04:00,31.979999542236328,31.989999771118164,31.43000030517578,31.65999984741211,300500,0.0,0.0
2024-05-10 00:00:00-04:00,31.65999984741211,32.279998779296875,31.3799991607666,32.2400016784668,405900,0.0,0.0
2024-05-13 00:00:00-04:00,32.5,34.0,32.3849983215332,33.290000915527344,502400,0.0,0.0
2024-05-14 00:00:00-04:00,33.650001525878906,34.63999938964844,33.53499984741211,33.619998931884766,527700,0.0,0.0
2024-05-15 00:00:00-04:00,34.20000076293945,34.29999923706055,33.09000015258789,33.439998626708984,406200,0.0,0.0
2024-05-16 00:00:00-04:00,33.20000076293945,33.90999984741211,33.0,33.369998931884766,288300,0.0,0.0
2024-05-17 00:00:00-04:00,33.58000183105469,33.58000183105469,32.93000030517578,33.150001525878906,316400,0.0,0.0
2024-05-20 00:00:00-04:00,33.06999969482422,33.06999969482422,32.19499969482422,32.43000030517578,380900,0.0,0.0
2024-05-21 00:00:00-04:00,32.16999816894531,32.400001525878906,31.6200008392334,32.02000045776367,434600,0.0,0.0
2024-05-22 00:00:00-04:00,31.989999771118164,32.130001068115234,31.540000915527344,32.0099983215332,456600,0.0,0.0
2024-05-23 00:00:00-04:00,32.279998779296875,32.33000183105469,30.899999618530273,31.5,616400,0.0,0.0
2024-05-24 00:00:00-04:00,31.5,31.739999771118164,30.947999954223633,31.049999237060547,358700,0.0,0.0
2024-05-28 00:00:00-04:00,31.25,31.264999389648438,29.31999969482422,29.860000610351562,625900,0.0,0.0
2024-05-29 00:00:00-04:00,29.389999389648438,30.34000015258789,29.200000762939453,29.670000076293945,364800,0.0,0.0
2024-05-30 00:00:00-04:00,29.309999465942383,29.600000381469727,27.950000762939453,28.459999084472656,715200,0.0,0.0
2024-05-31 00:00:00-04:00,28.790000915527344,28.989999771118164,27.809999465942383,28.389999389648438,501900,0.0,0.0
2024-06-03 00:00:00-04:00,29.1299991607666,29.34000015258789,28.59000015258789,28.75,535500,0.0,0.0
2024-06-04 00:00:00-04:00,28.280000686645508,28.670000076293945,27.809999465942383,28.059999465942383,488500,0.0,0.0
2024-06-05 00:00:00-04:00,28.31999969482422,28.889999389648438,28.0310001373291,28.489999771118164,306800,0.0,0.0
2024-06-06 00:00:00-04:00,28.190000534057617,28.940000534057617,28.15999984741211,28.239999771118164,305400,0.0,0.0
2024-06-07 00:00:00-04:00,27.93000030517578,28.190000534057617,27.31999969482422,27.3799991607666,354000,0.0,0.0
2024-06-10 00:00:00-04:00,27.049999237060547,28.229999542236328,26.709999084472656,27.829999923706055,372900,0.0,0.0
2024-06-11 00:00:00-04:00,27.5,28.34000015258789,27.31999969482422,28.079999923706055,404500,0.0,0.0
2024-06-12 00:00:00-04:00,29.280000686645508,31.350000381469727,28.649999618530273,29.280000686645508,694600,0.0,0.0
2024-06-13 00:00:00-04:00,29.329999923706055,29.374000549316406,28.209999084472656,28.670000076293945,517800,0.0,0.0
2024-06-14 00:00:00-04:00,28.479999542236328,28.479999542236328,27.530000686645508,27.950000762939453,406900,0.0,0.0
2024-06-17 00:00:00-04:00,27.59000015258789,27.889999389648438,26.739999771118164,26.959999084472656,720300,0.0,0.0
2024-06-18 00:00:00-04:00,26.799999237060547,27.510000228881836,26.280000686645508,26.809999465942383,875300,0.0,0.0
2024-06-20 00:00:00-04:00,26.780000686645508,27.895000457763672,26.360000610351562,27.459999084472656,413500,0.0,0.0
2024-06-21 00:00:00-04:00,27.510000228881836,28.040000915527344,27.290000915527344,27.979999542236328,961800,0.0,0.0
2024-06-24 00:00:00-04:00,27.8700008392334,28.459999084472656,27.809999465942383,28.139999389648438,498600,0.0,0.0
2024-06-25 00:00:00-04:00,28.110000610351562,29.020000457763672,27.684999465942383,28.989999771118164,411900,0.0,0.0
2024-06-26 00:00:00-04:00,28.829999923706055,29.795000076293945,28.59000015258789,29.760000228881836,540900,0.0,0.0
2024-06-27 00:00:00-04:00,29.68000030517578,30.75,29.600000381469727,30.530000686645508,442000,0.0,0.0
2024-06-28 00:00:00-04:00,30.84000015258789,31.125,30.395000457763672,30.860000610351562,573000,0.0,0.0
2024-07-01 00:00:00-04:00,30.75,31.040000915527344,30.260000228881836,30.760000228881836,500600,0.0,0.0
2024-07-02 00:00:00-04:00,31.1299991607666,31.4689998626709,30.649999618530273,31.1299991607666,381200,0.0,0.0
2024-07-03 00:00:00-04:00,31.1299991607666,31.5,30.780000686645508,30.790000915527344,315100,0.0,0.0
2024-07-05 00:00:00-04:00,30.75,31.25,30.71500015258789,31.09000015258789,892200,0.0,0.0
2024-07-08 00:00:00-04:00,31.100000381469727,31.889999389648438,30.719999313354492,31.780000686645508,549300,0.0,0.0
2024-07-09 00:00:00-04:00,31.639999389648438,32.09000015258789,31.03499984741211,32.02000045776367,663800,0.0,0.0
2024-07-10 00:00:00-04:00,32.75,33.900001525878906,32.599998474121094,32.84000015258789,884800,0.0,0.0
2024-07-11 00:00:00-04:00,33.720001220703125,34.369998931884766,31.940000534057617,32.4900016784668,1471300,0.0,0.0
2024-07-12 00:00:00-04:00,32.689998626708984,33.900001525878906,32.689998626708984,33.63999938964844,575600,0.0,0.0
2024-07-15 00:00:00-04:00,34.38999938964844,34.93000030517578,34.16999816894531,34.5,696200,0.0,0.0
2024-07-16 00:00:00-04:00,34.84000015258789,35.5,34.709999084472656,35.459999084472656,676700,0.0,0.0
2024-07-17 00:00:00-04:00,34.83000183105469,36.189998626708984,34.83000183105469,35.58000183105469,619000,0.0,0.0
2024-07-18 00:00:00-04:00,35.5,36.310001373291016,34.790000915527344,35.369998931884766,719000,0.0,0.0
2024-07-19 00:00:00-04:00,35.56999969482422,36.06999969482422,35.18000030517578,35.29999923706055,707200,0.0,0.0
2024-07-22 00:00:00-04:00,35.29999923706055,35.36000061035156,34.540000915527344,34.939998626708984,610400,0.0,0.0
2024-07-23 00:00:00-04:00,35.0,35.900001525878906,34.93899917602539,35.619998931884766,606000,0.0,0.0
2024-07-24 00:00:00-04:00,36.0,36.75,34.900001525878906,35.08000183105469,594900,0.0,0.0
2024-07-25 00:00:00-04:00,35.54999923706055,38.70000076293945,35.38999938964844,37.4900016784668,1197100,0.0,0.0
2024-07-26 00:00:00-04:00,37.97999954223633,38.18000030517578,37.02000045776367,37.75,457700,0.0,0.0
2024-07-29 00:00:00-04:00,38.33000183105469,38.39500045776367,37.400001525878906,37.79999923706055,683900,0.0,0.0
2024-07-30 00:00:00-04:00,36.400001525878906,38.47999954223633,34.54999923706055,37.02000045776367,1970500,0.0,0.0
2024-07-31 00:00:00-04:00,36.41999816894531,37.31999969482422,36.11000061035156,36.939998626708984,1156200,0.0,0.0
2024-08-01 00:00:00-04:00,35.75,35.849998474121094,29.420000076293945,29.424999237060547,2813200,0.0,0.0
2024-08-02 00:00:00-04:00,28.229999542236328,29.9950008392334,27.549999237060547,29.84000015258789,1307000,0.0,0.0
2024-08-05 00:00:00-04:00,27.5,29.389999389648438,27.239999771118164,28.65999984741211,1141000,0.0,0.0
2024-08-06 00:00:00-04:00,28.8799991607666,28.889999389648438,27.489999771118164,27.790000915527344,1215300,0.0,0.0
2024-08-07 00:00:00-04:00,28.31999969482422,28.34000015258789,26.895000457763672,27.040000915527344,994600,0.0,0.0
2024-08-08 00:00:00-04:00,27.479999542236328,28.530000686645508,27.149999618530273,28.389999389648438,578800,0.0,0.0
2024-08-09 00:00:00-04:00,28.399999618530273,28.600000381469727,27.84000015258789,28.229999542236328,559600,0.0,0.0
2024-08-12 00:00:00-04:00,28.65999984741211,28.75,27.579999923706055,27.989999771118164,601100,0.0,0.0
2024-08-13 00:00:00-04:00,28.280000686645508,30.049999237060547,28.25,30.0,1361100,0.0,0.0
2024-08-14 00:00:00-04:00,30.25,30.649999618530273,29.75,30.040000915527344,758500,0.0,0.0
2024-08-15 00:00:00-04:00,31.0,31.309999465942383,30.34000015258789,30.84000015258789,956500,0.0,0.0
2024-08-16 00:00:00-04:00,30.65999984741211,31.040000915527344,30.3799991607666,31.010000228881836,837800,0.0,0.0
2024-08-19 00:00:00-04:00,31.360000610351562,31.67799949645996,30.790000915527344,31.229999542236328,396900,0.0,0.0
2024-08-20 00:00:00-04:00,31.15999984741211,31.760000228881836,30.84000015258789,31.31999969482422,467300,0.0,0.0
2024-08-21 00:00:00-04:00,31.299999237060547,31.579999923706055,30.875,31.15999984741211,301700,0.0,0.0
2024-08-22 00:00:00-04:00,31.450000762939453,31.790000915527344,30.540000915527344,30.799999237060547,441900,0.0,0.0
2024-08-23 00:00:00-04:00,31.360000610351562,31.780000686645508,31.229999542236328,31.450000762939453,363100,0.0,0.0
2024-08-26 00:00:00-04:00,31.520000457763672,32.040000915527344,31.290000915527344,31.790000915527344,341500,0.0,0.0
2024-08-27 00:00:00-04:00,31.610000610351562,31.989999771118164,31.09000015258789,31.56999969482422,276000,0.0,0.0
2024-08-28 00:00:00-04:00,31.530000686645508,31.90999984741211,30.920000076293945,31.200000762939453,231700,0.0,0.0
2024-08-29 00:00:00-04:00,31.5,32.83000183105469,31.3799991607666,32.47999954223633,519200,0.0,0.0
2024-08-30 00:00:00-04:00,33.08000183105469,33.08000183105469,32.02000045776367,32.439998626708984,486600,0.0,0.0
2024-09-03 00:00:00-04:00,31.920000076293945,32.599998474121094,31.600000381469727,31.610000610351562,436400,0.0,0.0
2024-09-04 00:00:00-04:00,31.31999969482422,31.889999389648438,31.020000457763672,31.290000915527344,262300,0.0,0.0
2024-09-05 00:00:00-04:00,31.290000915527344,31.6299991607666,30.770000457763672,31.350000381469727,272500,0.0,0.0
2024-09-06 00:00:00-04:00,31.520000457763672,31.809999465942383,29.959999084472656,30.040000915527344,387200,0.0,0.0
2024-09-09 00:00:00-04:00,30.25,30.70199966430664,29.860000610351562,30.06999969482422,326700,0.0,0.0
2024-09-10 00:00:00-04:00,31.450000762939453,31.670000076293945,30.329999923706055,31.399999618530273,498700,0.0,0.0
2024-09-11 00:00:00-04:00,31.170000076293945,31.729999542236328,30.594999313354492,31.450000762939453,376500,0.0,0.0
2024-09-12 00:00:00-04:00,31.68000030517578,32.064998626708984,31.200000762939453,31.489999771118164,253000,0.0,0.0
2024-09-13 00:00:00-04:00,32.33000183105469,33.16999816894531,32.130001068115234,32.869998931884766,318000,0.0,0.0
2024-09-16 00:00:00-04:00,32.91999816894531,33.59000015258789,32.83000183105469,33.470001220703125,335400,0.0,0.0
2024-09-17 00:00:00-04:00,33.81999969482422,33.849998474121094,32.95000076293945,33.119998931884766,319600,0.0,0.0
2024-09-18 00:00:00-04:00,33.290000915527344,34.20000076293945,32.86199951171875,33.150001525878906,264600,0.0,0.0
2024-09-19 00:00:00-04:00,34.11000061035156,34.18000030517578,33.529998779296875,33.75,318900,0.0,0.0
2024-09-20 00:00:00-04:00,33.72999954223633,33.880001068115234,33.25,33.40999984741211,656200,0.0,0.0
2024-09-23 00:00:00-04:00,33.29999923706055,33.459999084472656,32.810001373291016,32.97999954223633,218100,0.0,0.0
2024-09-24 00:00:00-04:00,33.119998931884766,33.40999984741211,32.439998626708984,32.56999969482422,387300,0.0,0.0
2024-09-25 00:00:00-04:00,32.36000061035156,34.31999969482422,32.36000061035156,34.27000045776367,384500,0.0,0.0
2024-09-26 00:00:00-04:00,34.79999923706055,35.34000015258789,34.40399932861328,34.970001220703125,435800,0.0,0.0
2024-09-27 00:00:00-04:00,35.279998779296875,35.9900016784668,34.90999984741211,34.939998626708984,263700,0.0,0.0
2024-09-30 00:00:00-04:00,34.529998779296875,35.20500183105469,33.875,34.13999938964844,329200,0.0,0.0
2024-10-01 00:00:00-04:00,34.11000061035156,34.349998474121094,32.810001373291016,32.90999984741211,328900,0.0,0.0
2024-10-02 00:00:00-04:00,32.54999923706055,34.65999984741211,32.27399826049805,34.04999923706055,350500,0.0,0.0
2024-10-03 00:00:00-04:00,33.650001525878906,34.11000061035156,33.41999816894531,34.0,321000,0.0,0.0
2024-10-04 00:00:00-04:00,34.56999969482422,34.75,33.375,33.83000183105469,390900,0.0,0.0
2024-10-07 00:00:00-04:00,33.4900016784668,33.60100173950195,32.470001220703125,32.900001525878906,267700,0.0,0.0
2024-10-08 00:00:00-04:00,32.7599983215332,33.349998474121094,32.189998626708984,32.400001525878906,316700,0.0,0.0
2024-10-09 00:00:00-04:00,32.380001068115234,32.84000015258789,32.2599983215332,32.33000183105469,328900,0.0,0.0
2024-10-10 00:00:00-04:00,31.760000228881836,32.5099983215332,31.65999984741211,32.130001068115234,286900,0.0,0.0
2024-10-11 00:00:00-04:00,31.520000457763672,32.16999816894531,30.979999542236328,31.309999465942383,548600,0.0,0.0
2024-10-14 00:00:00-04:00,31.450000762939453,32.189998626708984,31.1299991607666,31.8799991607666,419900,0.0,0.0
2024-10-15 00:00:00-04:00,31.850000381469727,32.255001068115234,30.969999313354492,30.989999771118164,1186500,0.0,0.0
2024-10-16 00:00:00-04:00,31.219999313354492,31.30500030517578,30.68000030517578,31.110000610351562,505800,0.0,0.0
2024-10-17 00:00:00-04:00,31.219999313354492,31.225000381469727,30.440000534057617,30.809999465942383,349500,0.0,0.0
2024-10-18 00:00:00-04:00,30.90999984741211,32.20000076293945,30.639999389648438,31.469999313354492,2202100,0.0,0.0
2024-10-21 00:00:00-04:00,31.389999389648438,31.850000381469727,30.57200050354004,31.010000228881836,378400,0.0,0.0
2024-10-22 00:00:00-04:00,30.989999771118164,31.209999084472656,30.549999237060547,31.06999969482422,312100,0.0,0.0
2024-10-23 00:00:00-04:00,31.1299991607666,31.149999618530273,30.375,30.700000762939453,228900,0.0,0.0
2024-10-24 00:00:00-04:00,31.030000686645508,32.220001220703125,30.75,32.0,388200,0.0,0.0
2024-10-25 00:00:00-04:00,32.36000061035156,32.599998474121094,31.829999923706055,32.29999923706055,428500,0.0,0.0
2024-10-28 00:00:00-04:00,32.540000915527344,33.650001525878906,32.529998779296875,33.380001068115234,427700,0.0,0.0
2024-10-29 00:00:00-04:00,33.29999923706055,34.540000915527344,32.93000030517578,34.34000015258789,624900,0.0,0.0
2024-10-30 00:00:00-04:00,34.0,35.79999923706055,34.0,35.29999923706055,563000,0.0,0.0
2024-10-31 00:00:00-04:00,35.29999923706055,35.97999954223633,34.91999816894531,35.75,500300,0.0,0.0
2024-11-01 00:00:00-04:00,35.81999969482422,37.70000076293945,35.779998779296875,36.630001068115234,656300,0.0,0.0
2024-11-04 00:00:00-05:00,36.369998931884766,37.279998779296875,35.439998626708984,36.81999969482422,612300,0.0,0.0
2024-11-05 00:00:00-05:00,36.619998931884766,38.77000045776367,36.505001068115234,38.66999816894531,730200,0.0,0.0
2024-11-06 00:00:00-05:00,39.130001068115234,41.599998474121094,39.06999969482422,40.5,1047700,0.0,0.0
2024-11-07 00:00:00-05:00,42.540000915527344,43.33000183105469,39.349998474121094,41.560001373291016,796200,0.0,0.0
2024-11-08 00:00:00-05:00,41.779998779296875,41.779998779296875,40.54999923706055,40.779998779296875,503200,0.0,0.0
2024-11-11 00:00:00-05:00,40.849998474121094,40.86000061035156,37.790000915527344,40.279998779296875,641200,0.0,0.0
2024-11-12 00:00:00-05:00,39.4900016784668,40.672000885009766,39.4900016784668,39.959999084472656,542400,0.0,0.0
2024-11-13 00:00:00-05:00,40.060001373291016,41.619998931884766,39.650001525878906,39.95000076293945,685100,0.0,0.0
2024-11-14 00:00:00-05:00,39.91999816894531,39.959999084472656,37.48500061035156,37.599998474121094,692000,0.0,0.0
2024-11-15 00:00:00-05:00,37.599998474121094,37.65999984741211,35.7599983215332,36.43000030517578,740200,0.0,0.0
2024-11-18 00:00:00-05:00,36.43000030517578,36.58000183105469,36.02000045776367,36.540000915527344,397600,0.0,0.0
2024-11-19 00:00:00-05:00,36.099998474121094,36.84000015258789,35.529998779296875,36.83000183105469,504200,0.0,0.0
2024-11-20 00:00:00-05:00,36.7599983215332,37.130001068115234,35.619998931884766,36.119998931884766,437300,0.0,0.0
2024-11-21 00:00:00-05:00,36.40999984741211,38.69499969482422,36.13999938964844,38.54999923706055,412300,0.0,0.0
2024-11-22 00:00:00-05:00,38.869998931884766,39.654998779296875,38.25,38.560001373291016,457700,0.0,0.0
2024-11-25 00:00:00-05:00,38.869998931884766,39.47999954223633,38.119998931884766,38.349998474121094,783300,0.0,0.0
2024-11-26 00:00:00-05:00,38.02000045776367,38.224998474121094,37.5,37.66999816894531,324600,0.0,0.0
2024-11-27 00:00:00-05:00,37.720001220703125,37.9900016784668,36.63999938964844,37.09000015258789,231700,0.0,0.0
2024-11-29 00:00:00-05:00,37.16999816894531,38.0,37.04999923706055,37.849998474121094,163300,0.0,0.0
2024-12-02 00:00:00-05:00,37.869998931884766,39.459999084472656,37.744998931884766,38.86000061035156,551600,0.0,0.0
2024-12-03 00:00:00-05:00,38.70000076293945,39.13999938964844,38.215999603271484,38.61000061035156,391000,0.0,0.0
2024-12-04 00:00:00-05:00,38.959999084472656,41.459999084472656,38.94499969482422,40.72999954223633,619000,0.0,0.0
2024-12-05 00:00:00-05:00,40.77000045776367,40.96699905395508,39.34000015258789,39.45000076293945,499700,0.0,0.0
2024-12-06 00:00:00-05:00,40.06999969482422,41.0,39.9109992980957,40.650001525878906,440200,0.0,0.0
2024-12-09 00:00:00-05:00,40.459999084472656,41.29999923706055,39.2400016784668,39.41999816894531,346300,0.0,0.0
2024-12-10 00:00:00-05:00,39.08000183105469,39.97999954223633,37.91999816894531,37.93000030517578,342000,0.0,0.0
2024-12-11 00:00:00-05:00,38.439998626708984,39.56999969482422,38.290000915527344,39.040000915527344,277600,0.0,0.0
2024-12-12 00:00:00-05:00,38.869998931884766,39.70000076293945,38.16999816894531,38.470001220703125,208100,0.0,0.0
2024-12-13 00:00:00-05:00,38.52000045776367,38.52000045776367,36.66999816894531,36.81999969482422,307100,0.0,0.0
2024-12-16 00:00:00-05:00,36.72999954223633,37.64500045776367,36.72999954223633,37.290000915527344,340400,0.0,0.0
2024-12-17 00:00:00-05:00,36.959999084472656,37.58000183105469,36.310001373291016,37.459999084472656,320200,0.0,0.0
2024-12-18 00:00:00-05:00,37.63999938964844,37.869998931884766,34.79999923706055,35.04999923706055,400400,0.0,0.0
2024-12-19 00:00:00-05:00,35.540000915527344,35.9370002746582,33.880001068115234,34.5099983215332,547100,0.0,0.0
2024-12-20 00:00:00-05:00,33.970001220703125,35.744998931884766,33.779998779296875,35.279998779296875,568300,0.0,0.0
2024-12-23 00:00:00-05:00,35.31999969482422,35.70000076293945,34.31999969482422,34.77000045776367,318900,0.0,0.0
2024-12-24 00:00:00-05:00,34.869998931884766,34.869998931884766,34.45000076293945,34.5099983215332,125600,0.0,0.0
2024-12-26 00:00:00-05:00,34.279998779296875,34.970001220703125,34.0,34.630001068115234,293700,0.0,0.0
2024-12-27 00:00:00-05:00,34.130001068115234,34.55500030517578,33.16999816894531,33.43000030517578,274600,0.0,0.0
2024-12-30 00:00:00-05:00,32.84000015258789,32.9900016784668,32.20800018310547,32.790000915527344,310700,0.0,0.0
2024-12-31 00:00:00-05:00,33.0,33.540000915527344,32.650001525878906,32.97999954223633,342300,0.0,0.0
2025-01-02 00:00:00-05:00,33.43000030517578,33.55500030517578,32.7239990234375,33.189998626708984,307400,0.0,0.0
2025-01-03 00:00:00-05:00,33.34000015258789,34.36000061035156,33.29999923706055,33.88999938964844,619700,0.0,0.0
2025-01-06 00:00:00-05:00,34.29999923706055,34.9900016784668,34.08000183105469,34.849998474121094,453400,0.0,0.0
2025-01-07 00:00:00-05:00,35.0,36.67499923706055,34.54999923706055,35.11000061035156,443200,0.0,0.0
2025-01-08 00:00:00-05:00,34.79999923706055,34.900001525878906,33.84000015258789,34.7400016784668,340500,0.0,0.0
2025-01-10 00:00:00-05:00,33.970001220703125,34.189998626708984,33.02000045776367,33.68000030517578,299500,0.0,0.0
2025-01-13 00:00:00-05:00,33.029998779296875,33.439998626708984,32.38999938964844,33.13999938964844,323300,0.0,0.0
2025-01-14 00:00:00-05:00,33.31999969482422,33.970001220703125,32.040000915527344,32.400001525878906,426900,0.0,0.0
2025-01-15 00:00:00-05:00,33.31999969482422,33.79999923706055,33.0,33.45000076293945,313300,0.0,0.0
2025-01-16 00:00:00-05:00,33.63999938964844,34.25,33.28200149536133,33.790000915527344,298900,0.0,0.0
2025-01-17 00:00:00-05:00,34.29999923706055,34.29999923706055,32.709999084472656,32.79999923706055,291000,0.0,0.0
2025-01-21 00:00:00-05:00,33.22999954223633,33.6349983215332,32.9900016784668,33.36000061035156,330600,0.0,0.0
2025-01-22 00:00:00-05:00,33.52000045776367,34.0,32.65999984741211,32.84000015258789,281800,0.0,0.0
2025-01-23 00:00:00-05:00,32.5,33.744998931884766,32.119998931884766,33.689998626708984,551100,0.0,0.0
2025-01-24 00:00:00-05:00,33.81999969482422,35.09000015258789,33.310001373291016,33.52000045776367,304400,0.0,0.0
2025-01-27 00:00:00-05:00,33.0,35.349998474121094,32.67900085449219,34.70000076293945,640900,0.0,0.0
2025-01-28 00:00:00-05:00,34.7599983215332,37.459999084472656,34.130001068115234,36.84000015258789,657800,0.0,0.0
2025-01-29 00:00:00-05:00,36.84000015258789,36.84000015258789,34.90999984741211,35.209999084472656,329500,0.0,0.0
2025-01-30 00:00:00-05:00,35.09000015258789,35.90999984741211,34.84000015258789,35.16999816894531,301500,0.0,0.0
2025-01-31 00:00:00-05:00,35.470001220703125,36.1150016784668,34.689998626708984,35.09000015258789,327600,0.0,0.0
2025-02-03 00:00:00-05:00,33.779998779296875,34.79999923706055,33.619998931884766,34.689998626708984,265600,0.0,0.0
2025-02-04 00:00:00-05:00,34.95000076293945,35.2599983215332,34.18000030517578,35.0,298200,0.0,0.0
2025-02-05 00:00:00-05:00,35.0099983215332,35.470001220703125,34.375,35.36000061035156,280100,0.0,0.0
2025-02-06 00:00:00-05:00,35.47999954223633,35.47999954223633,33.35499954223633,33.59000015258789,291000,0.0,0.0
2025-02-07 00:00:00-05:00,33.619998931884766,33.915000915527344,32.79999923706055,33.15999984741211,304300,0.0,0.0
2025-02-10 00:00:00-05:00,33.619998931884766,34.41600036621094,33.400001525878906,33.93000030517578,318100,0.0,0.0
2025-02-11 00:00:00-05:00,33.4900016784668,33.84000015258789,32.95000076293945,33.34000015258789,288500,0.0,0.0
2025-02-12 00:00:00-05:00,32.689998626708984,34.70000076293945,32.68000030517578,34.099998474121094,375800,0.0,0.0
2025-02-13 00:00:00-05:00,34.209999084472656,34.209999084472656,31.899999618530273,33.4900016784668,463200,0.0,0.0
2025-02-14 00:00:00-05:00,33.529998779296875,34.25,31.530000686645508,31.649999618530273,565500,0.0,0.0
2025-02-18 00:00:00-05:00,31.6299991607666,32.209999084472656,30.790000915527344,32.040000915527344,809300,0.0,0.0
2025-02-19 00:00:00-05:00,38.11000061035156,41.04999923706055,36.54999923706055,37.22999954223633,2156700,0.0,0.0
2025-02-20 00:00:00-05:00,38.130001068115234,38.18199920654297,34.56999969482422,34.630001068115234,966900,0.0,0.0
2025-02-21 00:00:00-05:00,34.619998931884766,35.150001525878906,33.279998779296875,33.34000015258789,729400,0.0,0.0
2025-02-24 00:00:00-05:00,33.209999084472656,33.43000030517578,31.5,33.22999954223633,936700,0.0,0.0
2025-02-25 00:00:00-05:00,33.130001068115234,33.7400016784668,31.81999969482422,33.369998931884766,588600,0.0,0.0
2025-02-26 00:00:00-05:00,33.400001525878906,34.47999954223633,32.959999084472656,33.0099983215332,373400,0.0,0.0
2025-02-27 00:00:00-05:00,33.18000030517578,33.5099983215332,32.31999969482422,32.38999938964844,305900,0.0,0.0
2025-02-28 00:00:00-05:00,32.2599983215332,32.65999984741211,31.75,32.470001220703125,334100,0.0,0.0
2025-03-03 00:00:00-05:00,32.63999938964844,32.654998779296875,31.225000381469727,31.450000762939453,452700,0.0,0.0
2025-03-04 00:00:00-05:00,31.0,32.04999923706055,30.65999984741211,31.639999389648438,371700,0.0,0.0
2025-03-05 00:00:00-05:00,31.729999542236328,32.290000915527344,31.030000686645508,32.18000030517578,285600,0.0,0.0
2025-03-06 00:00:00-05:00,31.270000457763672,32.0,30.600000381469727,31.209999084472656,378900,0.0,0.0
2025-03-07 00:00:00-05:00,30.940000534057617,32.72999954223633,30.510000228881836,31.850000381469727,1099600,0.0,0.0
2025-03-10 00:00:00-04:00,31.030000686645508,31.145000457763672,30.1299991607666,30.579999923706055,646100,0.0,0.0
2025-03-11 00:00:00-04:00,30.540000915527344,31.0,29.65999984741211,30.1299991607666,648100,0.0,0.0
2025-03-12 00:00:00-04:00,30.489999771118164,30.691999435424805,29.8700008392334,30.459999084472656,427100,0.0,0.0
2025-03-13 00:00:00-04:00,30.1200008392334,30.239999771118164,28.760000228881836,29.030000686645508,1555300,0.0,0.0
2025-03-14 00:00:00-04:00,29.56999969482422,30.530000686645508,29.56999969482422,30.18000030517578,768400,0.0,0.0
2025-03-17 00:00:00-04:00,30.079999923706055,30.31999969482422,29.56999969482422,29.799999237060547,685100,0.0,0.0
2025-03-18 00:00:00-04:00,29.559999465942383,29.68000030517578,28.90999984741211,29.469999313354492,914100,0.0,0.0
2025-03-19 00:00:00-04:00,29.649999618530273,30.625,29.329999923706055,30.059999465942383,573500,0.0,0.0
2025-03-20 00:00:00-04:00,29.790000915527344,30.40999984741211,29.610000610351562,29.68000030517578,308600,0.0,0.0
2025-03-21 00:00:00-04:00,29.190000534057617,30.81999969482422,28.809999465942383,30.790000915527344,882000,0.0,0.0
2025-03-24 00:00:00-04:00,31.149999618530273,31.899999618530273,30.920000076293945,31.670000076293945,589400,0.0,0.0
2025-03-25 00:00:00-04:00,31.940000534057617,32.470001220703125,31.625,31.959999084472656,389100,0.0,0.0
2025-03-26 00:00:00-04:00,31.989999771118164,32.22999954223633,30.889999389648438,31.459999084472656,383700,0.0,0.0
2025-03-27 00:00:00-04:00,31.260000228881836,31.260000228881836,30.399999618530273,30.44499969482422,270300,0.0,0.0
2025-03-28 00:00:00-04:00,30.31999969482422,30.635000228881836,29.06999969482422,29.34000015258789,551700,0.0,0.0
2025-03-31 00:00:00-04:00,28.75,29.0,28.020000457763672,28.809999465942383,622700,0.0,0.0
2025-04-01 00:00:00-04:00,28.6299991607666,29.229999542236328,28.489999771118164,28.90999984741211,369000,0.0,0.0
2025-04-02 00:00:00-04:00,28.3799991607666,30.030000686645508,28.1200008392334,29.479999542236328,497600,0.0,0.0
2025-04-03 00:00:00-04:00,28.100000381469727,28.239999771118164,27.020000457763672,27.950000762939453,1042200,0.0,0.0
2025-04-04 00:00:00-04:00,26.8700008392334,27.145000457763672,25.770000457763672,26.399999618530273,873800,0.0,0.0
2025-04-07 00:00:00-04:00,24.709999084472656,27.5,24.0,25.899999618530273,1045300,0.0,0.0
2025-04-08 00:00:00-04:00,26.950000762939453,27.21500015258789,25.389999389648438,25.770000457763672,601700,0.0,0.0
2025-04-09 00:00:00-04:00,25.540000915527344,28.665000915527344,25.075000762939453,28.06999969482422,1274500,0.0,0.0
2025-04-10 00:00:00-04:00,27.690000534057617,27.940000534057617,26.825000762939453,27.25,618900,0.0,0.0
2025-04-11 00:00:00-04:00,27.239999771118164,27.270000457763672,26.209999084472656,27.020000457763672,345200,0.0,0.0
2025-04-14 00:00:00-04:00,27.6200008392334,27.71500015258789,26.450000762939453,27.149999618530273,381100,0.0,0.0
2025-04-15 00:00:00-04:00,27.059999465942383,27.93899917602539,26.959999084472656,27.43000030517578,374600,0.0,0.0
2025-04-16 00:00:00-04:00,26.75,27.079999923706055,26.135000228881836,26.920000076293945,525500,0.0,0.0
2025-04-17 00:00:00-04:00,26.799999237060547,27.110000610351562,26.200000762939453,26.549999237060547,843100,0.0,0.0
2025-04-21 00:00:00-04:00,26.040000915527344,26.229999542236328,25.34000015258789,25.829999923706055,479600,0.0,0.0
2025-04-22 00:00:00-04:00,25.739999771118164,27.079999923706055,25.5,26.739999771118164,544200,0.0,0.0
2025-04-23 00:00:00-04:00,28.31999969482422,30.1200008392334,28.110000610351562,29.559999465942383,1301100,0.0,0.0
2025-04-24 00:00:00-04:00,29.790000915527344,30.924999237060547,29.5049991607666,30.690000534057617,657600,0.0,0.0
2025-04-25 00:00:00-04:00,30.579999923706055,31.459999084472656,30.541000366210938,31.31999969482422,422600,0.0,0.0
2025-04-28 00:00:00-04:00,31.329999923706055,31.68000030517578,30.6200008392334,30.989999771118164,358900,0.0,0.0
2025-04-29 00:00:00-04:00,31.010000228881836,31.540000915527344,30.709999084472656,31.049999237060547,403600,0.0,0.0
2025-04-30 00:00:00-04:00,30.5,31.114999771118164,30.030000686645508,31.049999237060547,590200,0.0,0.0
2025-05-01 00:00:00-04:00,31.559999465942383,31.746999740600586,31.19499969482422,31.329999923706055,531100,0.0,0.0
2025-05-02 00:00:00-04:00,31.68000030517578,31.719999313354492,31.06999969482422,31.270000457763672,428800,0.0,0.0
2025-05-05 00:00:00-04:00,30.979999542236328,31.649999618530273,30.899999618530273,30.989999771118164,448400,0.0,0.0
2025-05-06 00:00:00-04:00,30.559999465942383,31.09000015258789,30.350000381469727,30.670000076293945,473200,0.0,0.0
2025-05-07 00:00:00-04:00,30.790000915527344,31.100000381469727,29.969999313354492,30.40999984741211,669000,0.0,0.0
2025-05-08 00:00:00-04:00,31.75,33.43000030517578,31.3700008392334,32.029998779296875,1622600,0.0,0.0
2025-05-09 00:00:00-04:00,32.43000030517578,32.52000045776367,31.329999923706055,31.690000534057617,795000,0.0,0.0
2025-05-12 00:00:00-04:00,32.459999084472656,32.779998779296875,31.674999237060547,32.27000045776367,654000,0.0,0.0
2025-05-13 00:00:00-04:00,32.29999923706055,33.06999969482422,31.959999084472656,32.900001525878906,741100,0.0,0.0
2025-05-14 00:00:00-04:00,33.0099983215332,33.599998474121094,32.7400016784668,32.970001220703125,405500,0.0,0.0
2025-05-15 00:00:00-04:00,32.689998626708984,33.220001220703125,31.889999389648438,33.130001068115234,866700,0.0,0.0
2025-05-16 00:00:00-04:00,33.099998474121094,33.099998474121094,32.400001525878906,32.540000915527344,728700,0.0,0.0
2025-05-19 00:00:00-04:00,31.959999084472656,32.65999984741211,31.59000015258789,32.2400016784668,498700,0.0,0.0
2025-05-20 00:00:00-04:00,32.150001525878906,32.380001068115234,31.850000381469727,32.150001525878906,580200,0.0,0.0
2025-05-21 00:00:00-04:00,31.690000534057617,32.060001373291016,31.09000015258789,31.1200008392334,496600,0.0,0.0
2025-05-22 00:00:00-04:00,31.170000076293945,31.690000534057617,31.030000686645508,31.420000076293945,492900,0.0,0.0
2025-05-23 00:00:00-04:00,30.700000762939453,31.09000015258789,30.59000015258789,30.709999084472656,390400,0.0,0.0
2025-05-27 00:00:00-04:00,31.360000610351562,31.829999923706055,30.97800064086914,31.489999771118164,623900,0.0,0.0
2025-05-28 00:00:00-04:00,31.3700008392334,31.75,31.059999465942383,31.229999542236328,483000,0.0,0.0
2025-05-29 00:00:00-04:00,31.68000030517578,31.68000030517578,31.125999450683594,31.309999465942383,351400,0.0,0.0
2025-05-30 00:00:00-04:00,31.3700008392334,31.604999542236328,30.899999618530273,31.5,732000,0.0,0.0
2025-06-02 00:00:00-04:00,31.309999465942383,31.829999923706055,30.959999084472656,31.270000457763672,489700,0.0,0.0
2025-06-03 00:00:00-04:00,31.309999465942383,32.029998779296875,31.22599983215332,31.84000015258789,678900,0.0,0.0
2025-06-04 00:00:00-04:00,31.729999542236328,32.099998474121094,31.559999465942383,31.649999618530273,496200,0.0,0.0
2025-06-05 00:00:00-04:00,31.649999618530273,32.72999954223633,31.649999618530273,31.799999237060547,704900,0.0,0.0
2025-06-06 00:00:00-04:00,32.029998779296875,32.459999084472656,31.93000030517578,32.18000030517578,620500,0.0,0.0
2025-06-09 00:00:00-04:00,32.16999816894531,32.34000015258789,31.860000610351562,31.93000030517578,441400,0.0,0.0
2025-06-10 00:00:00-04:00,32.04999923706055,32.04999923706055,31.190000534057617,31.450000762939453,527000,0.0,0.0
2025-06-11 00:00:00-04:00,31.549999237060547,31.549999237060547,31.0,31.09000015258789,419800,0.0,0.0
2025-06-12 00:00:00-04:00,31.0,31.165000915527344,30.34000015258789,30.59000015258789,511100,0.0,0.0
2025-06-13 00:00:00-04:00,30.040000915527344,30.267000198364258,29.239999771118164,29.459999084472656,344800,0.0,0.0
2025-06-16 00:00:00-04:00,29.59000015258789,30.489999771118164,29.450000762939453,30.440000534057617,543700,0.0,0.0
2025-06-17 00:00:00-04:00,30.010000228881836,30.479999542236328,29.81999969482422,29.969999313354492,336700,0.0,0.0
2025-06-18 00:00:00-04:00,30.079999923706055,30.56999969482422,29.80699920654297,30.1200008392334,333100,0.0,0.0
2025-06-20 00:00:00-04:00,30.440000534057617,30.690000534057617,27.634000778198242,28.200000762939453,992700,0.0,0.0
2025-06-23 00:00:00-04:00,28.010000228881836,28.299999237060547,27.350000381469727,28.09000015258789,708700,0.0,0.0
2025-06-24 00:00:00-04:00,28.520000457763672,29.18000030517578,28.320999145507812,28.850000381469727,749800,0.0,0.0
2025-06-25 00:00:00-04:00,28.93000030517578,29.09000015258789,27.860000610351562,28.15999984741211,608700,0.0,0.0
2025-06-26 00:00:00-04:00,28.200000762939453,28.690000534057617,27.860000610351562,28.3700008392334,507400,0.0,0.0
2025-06-27 00:00:00-04:00,28.469999313354492,29.049999237060547,28.260000228881836,29.0,711300,0.0,0.0
2025-06-30 00:00:00-04:00,29.1299991607666,30.239999771118164,28.979999542236328,29.860000610351562,982400,0.0,0.0
2025-07-01 00:00:00-04:00,29.719999313354492,30.799999237060547,29.469999313354492,30.459999084472656,1118000,0.0,0.0
2025-07-02 00:00:00-04:00,30.389999389648438,30.690000534057617,29.81999969482422,30.139999389648438,960800,0.0,0.0
2025-07-03 00:00:00-04:00,30.280000686645508,30.90999984741211,30.065000534057617,30.479999542236328,267900,0.0,0.0
2025-07-07 00:00:00-04:00,30.239999771118164,31.290000915527344,30.05299949645996,31.200000762939453,825200,0.0,0.0
2025-07-08 00:00:00-04:00,31.270000457763672,31.579999923706055,30.899999618530273,31.299999237060547,496200,0.0,0.0
2025-07-09 00:00:00-04:00,31.31999969482422,31.354999542236328,30.770000457763672,31.219999313354492,758300,0.0,0.0
2025-07-10 00:00:00-04:00,31.079999923706055,31.110000610351562,30.0,30.510000228881836,559200,0.0,0.0
2025-07-11 00:00:00-04:00,30.239999771118164,30.260000228881836,28.65999984741211,28.690000534057617,641500,0.0,0.0
2025-07-14 00:00:00-04:00,28.600000381469727,30.1200008392334,28.594999313354492,29.09000015258789,1139400,0.0,0.0
2025-07-15 00:00:00-04:00,29.25,29.530000686645508,28.6200008392334,28.649999618530273,405900,0.0,0.0
2025-07-16 00:00:00-04:00,28.770000457763672,29.09000015258789,28.299999237060547,28.920000076293945,740300,0.0,0.0
2025-07-17 00:00:00-04:00,28.860000610351562,29.260000228881836,28.200000762939453,28.440000534057617,791800,0.0,0.0
2025-07-18 00:00:00-04:00,28.709999084472656,29.030000686645508,28.309999465942383,28.809999465942383,735000,0.0,0.0
2025-07-21 00:00:00-04:00,28.809999465942383,29.59000015258789,28.809999465942383,28.950000762939453,399600,0.0,0.0
2025-07-22 00:00:00-04:00,29.030000686645508,29.809999465942383,29.030000686645508,29.239999771118164,485500,0.0,0.0
2025-07-23 00:00:00-04:00,29.270000457763672,30.31999969482422,28.510000228881836,30.299999237060547,1231600,0.0,0.0
2025-07-24 00:00:00-04:00,30.290000915527344,30.459999084472656,29.3799991607666,29.520000457763672,642500,0.0,0.0
2025-07-25 00:00:00-04:00,29.5,30.049999237060547,29.350000381469727,29.610000610351562,908100,0.0,0.0
2025-07-28 00:00:00-04:00,29.530000686645508,31.065000534057617,29.5,30.65999984741211,1203500,0.0,0.0
2025-07-29 00:00:00-04:00,30.860000610351562,30.989999771118164,28.940000534057617,28.979999542236328,954500,0.0,0.0
2025-07-30 00:00:00-04:00,28.850000381469727,29.03499984741211,28.09000015258789,28.6299991607666,880400,0.0,0.0
2025-07-31 00:00:00-04:00,28.6299991607666,28.809999465942383,27.479999542236328,27.610000610351562,897400,0.0,0.0
2025-08-01 00:00:00-04:00,27.399999618530273,27.559999465942383,27.059999465942383,27.520000457763672,1183500,0.0,0.0
2025-08-04 00:00:00-04:00,27.56999969482422,28.260000228881836,27.540000915527344,28.1299991607666,692100,0.0,0.0
2025-08-05 00:00:00-04:00,28.309999465942383,28.459999084472656,27.530000686645508,27.579999923706055,956700,0.0,0.0
2025-08-06 00:00:00-04:00,28.020000457763672,28.100000381469727,26.68000030517578,26.950000762939453,841000,0.0,0.0
2025-08-07 00:00:00-04:00,31.0,32.41999816894531,28.8700008392334,29.18000030517578,3981700,0.0,0.0
2025-08-08 00:00:00-04:00,29.25,29.719999313354492,28.469999313354492,29.09000015258789,2181200,0.0,0.0
2025-08-11 00:00:00-04:00,28.8700008392334,29.209999084472656,27.65999984741211,27.799999237060547,1310000,0.0,0.0
2025-08-12 00:00:00-04:00,27.84000015258789,28.270000457763672,27.440000534057617,28.200000762939453,2732300,0.0,0.0
2025-08-13 00:00:00-04:00,28.5,29.729999542236328,27.969999313354492,29.709999084472656,1858200,0.0,0.0
2025-08-14 00:00:00-04:00,29.360000610351562,30.229999542236328,29.06999969482422,29.729999542236328,1004600,0.0,0.0
2025-08-15 00:00:00-04:00,29.959999084472656,30.579999923706055,29.520000457763672,29.6299991607666,745600,0.0,0.0
2025-08-18 00:00:00-04:00,29.690000534057617,30.18000030517578,29.59000015258789,29.93000030517578,637500,0.0,0.0
2025-08-19 00:00:00-04:00,30.040000915527344,30.405000686645508,29.450000762939453,29.729999542236328,675800,0.0,0.0
2025-08-20 00:00:00-04:00,29.59000015258789,29.670000076293945,28.739999771118164,28.989999771118164,662100,0.0,0.0
2025-08-21 00:00:00-04:00,28.809999465942383,29.059999465942383,28.309999465942383,29.010000228881836,550100,0.0,0.0
2025-08-22 00:00:00-04:00,29.059999465942383,30.149999618530273,29.010000228881836,29.809999465942383,711400,0.0,0.0
2025-08-25 00:00:00-04:00,29.739999771118164,29.739999771118164,29.100000381469727,29.110000610351562,337800,0.0,0.0
2025-08-26 00:00:00-04:00,28.969999313354492,29.2549991607666,28.549999237060547,28.6200008392334,627400,0.0,0.0
2025-08-27 00:00:00-04:00,29.0,29.860000610351562,28.8799991607666,29.5,1431500,0.0,0.0
2025-08-28 00:00:00-04:00,29.610000610351562,30.90999984741211,29.530000686645508,30.709999084472656,1395200,0.0,0.0
2025-08-29 00:00:00-04:00,30.799999237060547,31.170000076293945,30.6299991607666,30.780000686645508,640000,0.0,0.0
2025-09-02 00:00:00-04:00,30.540000915527344,31.06999969482422,30.260000228881836,30.68000030517578,1039400,0.0,0.0
2025-09-03 00:00:00-04:00,30.670000076293945,30.940000534057617,30.149999618530273,30.770000457763672,1104400,0.0,0.0
2025-09-04 00:00:00-04:00,30.440000534057617,30.440000534057617,29.399999618530273,29.920000076293945,707300,0.0,0.0
2025-09-05 00:00:00-04:00,30.200000762939453,30.969999313354492,29.950000762939453,30.56999969482422,1228000,0.0,0.0
2025-09-08 00:00:00-04:00,30.399999618530273,32.185001373291016,30.139999389648438,32.04999923706055,1241300,0.0,0.0
2025-09-09 00:00:00-04:00,32.04999923706055,32.7400016784668,31.829999923706055,32.720001220703125,1253500,0.0,0.0
2025-09-10 00:00:00-04:00,32.720001220703125,32.84000015258789,30.959999084472656,31.030000686645508,945100,0.0,0.0
2025-09-11 00:00:00-04:00,31.190000534057617,31.559999465942383,30.950000762939453,31.5,728700,0.0,0.0
2025-09-12 00:00:00-04:00,31.530000686645508,31.600000381469727,30.56999969482422,30.780000686645508,520100,0.0,0.0
2025-09-15 00:00:00-04:00,30.780000686645508,31.049999237060547,30.450000762939453,30.799999237060547,624200,0.0,0.0
2025-09-16 00:00:00-04:00,30.75,31.030000686645508,30.219999313354492,30.969999313354492,863100,0.0,0.0
2025-09-17 00:00:00-04:00,31.09000015258789,32.25,31.09000015258789,31.489999771118164,1041500,0.0,0.0
2025-09-18 00:00:00-04:00,31.700000762939453,33.22999954223633,31.65999984741211,33.15999984741211,1282700,0.0,0.0
2025-09-19 00:00:00-04:00,33.40999984741211,33.470001220703125,32.400001525878906,32.66999816894531,1572200,0.0,0.0
2025-09-22 00:00:00-04:00,32.459999084472656,34.06999969482422,32.33000183105469,33.689998626708984,710400,0.0,0.0
2025-09-23 00:00:00-04:00,33.79999923706055,33.79999923706055,33.06999969482422,33.349998474121094,595600,0.0,0.0
2025-09-24 00:00:00-04:00,33.5,33.59000015258789,32.084999084472656,32.459999084472656,549600,0.0,0.0
2025-09-25 00:00:00-04:00,32.18000030517578,32.23500061035156,31.139999389648438,31.469999313354492,563100,0.0,0.0
2025-09-26 00:00:00-04:00,31.489999771118164,31.53499984741211,30.8700008392334,30.979999542236328,729500,0.0,0.0
2025-09-29 00:00:00-04:00,31.149999618530273,31.24799919128418,30.479999542236328,30.530000686645508,438600,0.0,0.0
2025-09-30 00:00:00-04:00,30.65999984741211,30.714000701904297,29.440000534057617,30.56999969482422,785700,0.0,0.0
2025-10-01 00:00:00-04:00,30.31999969482422,30.850000381469727,30.099000930786133,30.6299991607666,697500,0.0,0.0
2025-10-02 00:00:00-04:00,30.639999389648438,30.905000686645508,30.299999237060547,30.65999984741211,446000,0.0,0.0
2025-10-03 00:00:00-04:00,30.549999237060547,31.010000228881836,29.94499969482422,30.020000457763672,421200,0.0,0.0
2025-10-06 00:00:00-04:00,30.100000381469727,30.950000762939453,29.34000015258789,30.100000381469727,809300,0.0,0.0
2025-10-07 00:00:00-04:00,30.139999389648438,30.139999389648438,29.200000762939453,29.510000228881836,539700,0.0,0.0
2025-10-08 00:00:00-04:00,29.670000076293945,29.781999588012695,29.1299991607666,29.549999237060547,339200,0.0,0.0
2025-10-09 00:00:00-04:00,29.6200008392334,30.045000076293945,29.299999237060547,29.84000015258789,391100,0.0,0.0
2025-10-10 00:00:00-04:00,29.889999389648438,30.0,28.274999618530273,28.510000228881836,501400,0.0,0.0
2025-10-13 00:00:00-04:00,28.78499984741211,28.989999771118164,28.329999923706055,28.520000457763672,430900,0.0,0.0
2025-10-14 00:00:00-04:00,27.8700008392334,28.315000534057617,27.770000457763672,28.1299991607666,751600,0.0,0.0
2025-10-15 00:00:00-04:00,28.25,28.25,27.31999969482422,27.690000534057617,917600,0.0,0.0
2025-10-16 00:00:00-04:00,27.799999237060547,28.030000686645508,27.06999969482422,27.790000915527344,973600,0.0,0.0
2025-10-17 00:00:00-04:00,27.5,28.459999084472656,27.329999923706055,28.149999618530273,821400,0.0,0.0
2025-10-20 00:00:00-04:00,28.34000015258789,29.219999313354492,28.243999481201172,29.209999084472656,437100,0.0,0.0
2025-10-21 00:00:00-04:00,29.200000762939453,30.05500030517578,29.104999542236328,29.780000686645508,576900,0.0,0.0
2025-10-22 00:00:00-04:00,30.06999969482422,30.709999084472656,29.850000381469727,30.549999237060547,1148300,0.0,0.0
2025-10-23 00:00:00-04:00,30.440000534057617,31.31999969482422,30.40999984741211,31.049999237060547,646900,0.0,0.0
2025-10-24 00:00:00-04:00,31.450000762939453,32.27000045776367,31.375,31.6200008392334,897500,0.0,0.0
2025-10-27 00:00:00-04:00,32.0099983215332,32.08000183105469,31.040000915527344,31.079999923706055,435300,0.0,0.0
2025-10-28 00:00:00-04:00,31.239999771118164,31.239999771118164,30.579999923706055,30.670000076293945,320500,0.0,0.0
2025-10-29 00:00:00-04:00,30.43000030517578,30.860000610351562,29.68000030517578,29.84000015258789,491300,0.0,0.0
2025-10-30 00:00:00-04:00,29.639999389648438,29.979999542236328,29.3799991607666,29.809999465942383,384800,0.0,0.0
2025-10-31 00:00:00-04:00,29.75,30.09000015258789,29.479999542236328,29.93000030517578,501200,0.0,0.0
2025-11-03 00:00:00-05:00,30.020000457763672,30.639999389648438,29.860000610351562,30.299999237060547,990600,0.0,0.0
2025-11-04 00:00:00-05:00,30.0,30.0,28.559999465942383,28.899999618530273,647000,0.0,0.0
2025-11-05 00:00:00-05:00,29.110000610351562,29.559999465942383,28.90999984741211,29.329999923706055,737800,0.0,0.0
2025-11-06 00:00:00-05:00,32.0099983215332,39.4900016784668,31.600000381469727,38.36000061035156,3557100,0.0,0.0
2025-11-07 00:00:00-05:00,38.060001373291016,40.70000076293945,37.619998931884766,40.290000915527344,1687800,0.0,0.0
2025-11-10 00:00:00-05:00,40.79999923706055,43.130001068115234,40.209999084472656,42.310001373291016,1558300,0.0,0.0
2025-11-11 00:00:00-05:00,42.540000915527344,44.64500045776367,42.29999923706055,44.220001220703125,1335300,0.0,0.0
2025-11-12 00:00:00-05:00,44.31999969482422,46.058998107910156,43.970001220703125,45.63999938964844,1157000,0.0,0.0
2025-11-13 00:00:00-05:00,45.13999938964844,45.349998474121094,42.52000045776367,43.04999923706055,1195100,0.0,0.0
2025-11-14 00:00:00-05:00,42.06999969482422,43.69499969482422,41.7400016784668,43.27000045776367,769600,0.0,0.0
2025-11-17 00:00:00-05:00,43.130001068115234,43.2400016784668,41.44499969482422,41.540000915527344,776600,0.0,0.0
2025-11-18 00:00:00-05:00,41.380001068115234,42.80699920654297,41.0,42.220001220703125,610300,0.0,0.0
2025-11-19 00:00:00-05:00,42.11000061035156,42.31999969482422,41.02199935913086,41.18000030517578,700300,0.0,0.0
2025-11-20 00:00:00-05:00,42.029998779296875,42.18000030517578,40.029998779296875,40.08000183105469,549500,0.0,0.0
2025-11-21 00:00:00-05:00,40.119998931884766,41.459999084472656,39.220001220703125,41.34000015258789,646000,0.0,0.0
2025-11-24 00:00:00-05:00,41.369998931884766,42.2400016784668,41.189998626708984,41.29999923706055,589800,0.0,0.0
2025-11-25 00:00:00-05:00,41.5099983215332,42.7599983215332,41.09000015258789,42.18000030517578,608200,0.0,0.0
2025-11-26 00:00:00-05:00,42.02000045776367,42.220001220703125,40.801998138427734,41.08000183105469,611400,0.0,0.0
2025-11-28 00:00:00-05:00,41.08000183105469,41.27000045776367,40.18000030517578,40.400001525878906,285400,0.0,0.0
2025-12-01 00:00:00-05:00,39.77000045776367,40.97999954223633,39.70000076293945,40.02000045776367,704800,0.0,0.0
2025-12-02 00:00:00-05:00,40.33000183105469,41.58000183105469,39.90999984741211,40.93000030517578,747300,0.0,0.0
2025-12-03 00:00:00-05:00,40.63999938964844,40.77000045776367,38.5099983215332,39.400001525878906,944900,0.0,0.0
2025-12-04 00:00:00-05:00,39.619998931884766,39.66999816894531,38.7599983215332,39.38999938964844,395500,0.0,0.0
2025-12-05 00:00:00-05:00,39.369998931884766,41.79999923706055,39.209999084472656,40.959999084472656,956600,0.0,0.0
2025-12-08 00:00:00-05:00,41.2400016784668,43.345001220703125,41.0,43.040000915527344,1264400,0.0,0.0
2025-12-09 00:00:00-05:00,43.029998779296875,43.779998779296875,42.42499923706055,43.04999923706055,802300,0.0,0.0
2025-12-10 00:00:00-05:00,42.84000015258789,42.849998474121094,40.810001373291016,40.95000076293945,769400,0.0,0.0
2025-12-11 00:00:00-05:00,40.959999084472656,41.4900016784668,37.79999923706055,38.06999969482422,1086600,0.0,0.0
2025-12-12 00:00:00-05:00,37.939998626708984,38.779998779296875,37.61000061035156,37.83000183105469,1053800,0.0,0.0
2025-12-15 00:00:00-05:00,37.83000183105469,37.880001068115234,35.880001068115234,36.900001525878906,826900,0.0,0.0
2025-12-16 00:00:00-05:00,36.66999816894531,37.012001037597656,36.165000915527344,36.43000030517578,507400,0.0,0.0
2025-12-17 00:00:00-05:00,36.5,36.97999954223633,36.290000915527344,36.400001525878906,610200,0.0,0.0
2025-12-18 00:00:00-05:00,36.84000015258789,37.46900177001953,36.599998474121094,36.88999938964844,606700,0.0,0.0
2025-12-19 00:00:00-05:00,36.93000030517578,37.20000076293945,36.34000015258789,36.84000015258789,888200,0.0,0.0
2025-12-22 00:00:00-05:00,36.9900016784668,37.814998626708984,36.86000061035156,37.400001525878906,413000,0.0,0.0
2025-12-23 00:00:00-05:00,37.099998474121094,37.20500183105469,36.034000396728516,36.540000915527344,391100,0.0,0.0
2025-12-24 00:00:00-05:00,36.56999969482422,36.77000045776367,36.130001068115234,36.52000045776367,244000,0.0,0.0
2025-12-26 00:00:00-05:00,36.41999816894531,36.459999084472656,35.599998474121094,35.790000915527344,472300,0.0,0.0
2025-12-29 00:00:00-05:00,35.61000061035156,36.0,35.290000915527344,35.65999984741211,466300,0.0,0.0
2025-12-30 00:00:00-05:00,35.4900016784668,36.02000045776367,35.400001525878906,35.81999969482422,455500,0.0,0.0
2025-12-31 00:00:00-05:00,35.849998474121094,36.06999969482422,35.38999938964844,35.41999816894531,732200,0.0,0.0
2026-01-02 00:00:00-05:00,35.400001525878906,35.61000061035156,33.349998474121094,34.060001373291016,931700,0.0,0.0
2026-01-05 00:00:00-05:00,34.04999923706055,34.65999984741211,33.56999969482422,33.7599983215332,1047400,0.0,0.0
2026-01-06 00:00:00-05:00,33.66999816894531,33.744998931884766,32.275001525878906,33.2400016784668,743100,0.0,0.0
2026-01-07 00:00:00-05:00,33.099998474121094,35.709999084472656,33.099998474121094,35.459999084472656,806800,0.0,0.0
2026-01-08 00:00:00-05:00,35.099998474121094,35.48500061035156,34.40999984741211,34.66999816894531,684100,0.0,0.0
2026-01-09 00:00:00-05:00,34.5,35.060001373291016,33.439998626708984,33.79999923706055,729900,0.0,0.0
2026-01-12 00:00:00-05:00,34.33000183105469,34.56999969482422,32.90999984741211,33.04999923706055,838500,0.0,0.0
2026-01-13 00:00:00-05:00,33.08000183105469,33.08000183105469,31.489999771118164,31.559999465942383,829700,0.0,0.0
2026-01-14 00:00:00-05:00,31.399999618530273,31.600000381469727,29.290000915527344,30.450000762939453,1295900,0.0,0.0
2026-01-15 00:00:00-05:00,31.739999771118164,31.809999465942383,29.59000015258789,29.65999984741211,1471900,0.0,0.0
2026-01-16 00:00:00-05:00,29.65999984741211,29.75,28.459999084472656,28.6200008392334,1108200,0.0,0.0
2026-01-20 00:00:00-05:00,28.09000015258789,29.239999771118164,28.0,28.329999923706055,1514200,0.0,0.0
2026-01-21 00:00:00-05:00,28.31999969482422,29.239999771118164,28.0,28.40999984741211,827900,0.0,0.0
2026-01-22 00:00:00-05:00,28.530000686645508,29.649999618530273,28.530000686645508,29.329999923706055,1283400,0.0,0.0
2026-01-23 00:00:00-05:00,29.40999984741211,30.114999771118164,29.25,29.709999084472656,1391500,0.0,0.0
2026-01-26 00:00:00-05:00,29.700000762939453,30.479999542236328,29.530000686645508,30.059999465942383,792400,0.0,0.0
2026-01-27 00:00:00-05:00,30.989999771118164,31.200000762939453,29.200000762939453,29.889999389648438,692700,0.0,0.0
2026-01-28 00:00:00-05:00,30.200000762939453,31.149999618530273,30.040000915527344,30.209999084472656,897700,0.0,0.0
2026-01-29 00:00:00-05:00,29.639999389648438,29.639999389648438,28.309999465942383,28.860000610351562,1349000,0.0,0.0
2026-01-30 00:00:00-05:00,28.649999618530273,28.700000762939453,27.59000015258789,27.899999618530273,1190900,0.0,0.0
2026-02-02 00:00:00-05:00,27.850000381469727,28.299999237060547,26.6299991607666,26.81999969482422,1487500,0.0,0.0
2026-02-03 00:00:00-05:00,26.420000076293945,26.729999542236328,25.290000915527344,25.850000381469727,1935800,0.0,0.0
2026-02-04 00:00:00-05:00,25.389999389648438,26.670000076293945,24.739999771118164,26.06999969482422,1560800,0.0,0.0
2026-02-05 00:00:00-05:00,25.799999237060547,25.969999313354492,24.8799991607666,24.889999389648438,1066200,0.0,0.0
2026-02-06 00:00:00-05:00,25.1200008392334,25.65999984741211,23.8799991607666,25.209999084472656,945300,0.0,0.0
2026-02-09 00:00:00-05:00,25.020000457763672,25.614999771118164,24.62299919128418,25.43000030517578,806400,0.0,0.0
2026-02-10 00:00:00-05:00,25.59000015258789,26.299999237060547,25.5,26.280000686645508,1016400,0.0,0.0
2026-02-11 00:00:00-05:00,26.18000030517578,26.260000228881836,22.799999237060547,23.40999984741211,1969100,0.0,0.0
2026-02-12 00:00:00-05:00,23.450000762939453,23.639999389648438,22.18899917602539,22.3799991607666,1289600,0.0,0.0
2026-02-13 00:00:00-05:00,22.68000030517578,23.270000457763672,22.399999618530273,22.8700008392334,945400,0.0,0.0
2026-02-17 00:00:00-05:00,23.0,23.2450008392334,22.56999969482422,23.040000915527344,1359500,0.0,0.0
2026-02-18 00:00:00-05:00,22.860000610351562,24.43000030517578,22.84000015258789,24.059999465942383,2399000,0.0,0.0
2026-02-19 00:00:00-05:00,25.299999237060547,25.329999923706055,21.770000457763672,24.540000915527344,2717000,0.0,0.0
2026-02-20 00:00:00-05:00,24.405000686645508,26.670000076293945,24.385000228881836,25.139999389648438,2100400,0.0,0.0
2026-02-23 00:00:00-05:00,24.920000076293945,25.190000534057617,23.559999465942383,24.25,1579200,0.0,0.0
2026-02-24 00:00:00-05:00,24.229999542236328,25.790000915527344,24.135000228881836,24.940000534057617,1467300,0.0,0.0
2026-02-25 00:00:00-05:00,25.084999084472656,26.3700008392334,24.559999465942383,26.329999923706055,1159500,0.0,0.0
2026-02-26 00:00:00-05:00,26.440000534057617,27.700000762939453,26.360000610351562,27.34000015258789,1320200,0.0,0.0
2026-02-27 00:00:00-05:00,26.5,26.854999542236328,25.770000457763672,26.670000076293945,1358200,0.0,0.0
2026-03-02 00:00:00-05:00,25.899999618530273,27.110000610351562,25.899999618530273,26.399999618530273,781500,0.0,0.0
2026-03-03 00:00:00-05:00,25.940000534057617,27.420000076293945,25.850000381469727,26.899999618530273,952100,0.0,0.0
2026-03-04 00:00:00-05:00,26.399999618530273,27.100000381469727,26.375,26.81999969482422,893400,0.0,0.0
2026-03-05 00:00:00-05:00,26.729999542236328,27.5,26.450000762939453,26.989999771118164,840600,0.0,0.0
2026-03-06 00:00:00-05:00,26.700000762939453,26.93000030517578,26.25,26.6200008392334,636300,0.0,0.0
2026-03-09 00:00:00-04:00,26.239999771118164,26.770000457763672,25.81999969482422,26.56999969482422,710500,0.0,0.0
2026-03-10 00:00:00-04:00,26.540000915527344,26.56999969482422,25.389999389648438,25.739999771118164,525600,0.0,0.0
2026-03-11 00:00:00-04:00,25.950000762939453,26.440000534057617,25.149999618530273,25.530000686645508,515100,0.0,0.0
2026-03-12 00:00:00-04:00,25.31999969482422,26.030000686645508,25.040000915527344,25.149999618530273,523300,0.0,0.0
2026-03-13 00:00:00-04:00,25.18000030517578,26.030000686645508,25.1299991607666,25.59000015258789,1076300,0.0,0.0
2026-03-16 00:00:00-04:00,25.6299991607666,26.1200008392334,25.34000015258789,25.649999618530273,603500,0.0,0.0
2026-03-17 00:00:00-04:00,25.690000534057617,26.885000228881836,25.260000228881836,25.479999542236328,557700,0.0,0.0
2026-03-18 00:00:00-04:00,25.18000030517578,25.514999389648438,25.0,25.200000762939453,613900,0.0,0.0
2026-03-19 00:00:00-04:00,24.70199966430664,26.15999984741211,24.70199966430664,25.8700008392334,709800,0.0,0.0
2026-03-20 00:00:00-04:00,25.469999313354492,25.75,25.010000228881836,25.31999969482422,1043300,0.0,0.0
2026-03-23 00:00:00-04:00,25.5,26.239999771118164,25.270000457763672,25.979999542236328,791000,0.0,0.0
2026-03-24 00:00:00-04:00,25.579999923706055,25.69499969482422,24.309999465942383,24.329999923706055,531900,0.0,0.0
2026-03-25 00:00:00-04:00,24.81999969482422,24.90999984741211,23.600000381469727,23.940000534057617,479400,0.0,0.0
2026-03-26 00:00:00-04:00,23.739999771118164,24.450000762939453,23.700000762939453,24.0,471000,0.0,0.0
2026-03-27 00:00:00-04:00,23.895000457763672,23.895000457763672,23.0,23.18000030517578,376200,0.0,0.0
2026-03-30 00:00:00-04:00,23.309999465942383,24.020000457763672,23.125,23.81999969482422,474600,0.0,0.0
2026-03-31 00:00:00-04:00,24.06999969482422,24.229999542236328,23.625,24.110000610351562,476800,0.0,0.0
2026-04-01 00:00:00-04:00,24.219999313354492,24.260000228881836,23.399999618530273,24.049999237060547,318000,0.0,0.0
2026-04-02 00:00:00-04:00,23.56999969482422,24.479999542236328,23.329999923706055,24.469999313354492,395400,0.0,0.0
2026-04-06 00:00:00-04:00,24.469999313354492,24.674999237060547,23.850000381469727,24.540000915527344,327000,0.0,0.0
2026-04-07 00:00:00-04:00,24.239999771118164,24.709999084472656,24.010000228881836,24.420000076293945,563700,0.0,0.0
2026-04-08 00:00:00-04:00,25.040000915527344,25.219999313354492,22.920000076293945,23.110000610351562,856100,0.0,0.0
2026-04-09 00:00:00-04:00,22.81999969482422,22.844999313354492,20.850000381469727,21.34000015258789,963700,0.0,0.0
2026-04-10 00:00:00-04:00,21.010000228881836,21.05500030517578,19.889999389648438,20.219999313354492,1317000,0.0,0.0
2026-04-13 00:00:00-04:00,20.170000076293945,21.350000381469727,20.040000915527344,21.200000762939453,1409700,0.0,0.0
2026-04-14 00:00:00-04:00,21.360000610351562,21.709999084472656,20.5,20.700000762939453,926600,0.0,0.0
2026-04-15 00:00:00-04:00,20.920000076293945,21.5,20.809999465942383,21.40999984741211,942400,0.0,0.0
2026-04-16 00:00:00-04:00,21.850000381469727,22.079999923706055,20.947999954223633,21.110000610351562,667100,0.0,0.0
2026-04-17 00:00:00-04:00,21.8700008392334,22.200000762939453,21.1200008392334,21.559999465942383,688700,0.0,0.0
2026-04-20 00:00:00-04:00,21.459999084472656,22.3799991607666,21.40999984741211,21.739999771118164,641500,0.0,0.0
2026-04-21 00:00:00-04:00,21.809999465942383,22.5,21.030000686645508,21.059999465942383,658900,0.0,0.0
2026-04-22 00:00:00-04:00,21.190000534057617,21.860000610351562,21.06999969482422,21.860000610351562,584400,0.0,0.0
2026-04-23 00:00:00-04:00,21.65999984741211,22.780000686645508,20.93000030517578,21.600000381469727,1984000,0.0,0.0
2026-04-24 00:00:00-04:00,21.610000610351562,22.354999542236328,21.09000015258789,22.145000457763672,1071700,0.0,0.0
2026-04-27 00:00:00-04:00,22.149999618530273,22.774999618530273,21.739999771118164,21.959999084472656,756600,0.0,0.0
2026-04-28 00:00:00-04:00,22.329999923706055,22.780000686645508,21.579999923706055,21.790000915527344,703600,0.0,0.0
2026-04-29 00:00:00-04:00,21.760000228881836,21.969999313354492,21.360000610351562,21.719999313354492,505300,0.0,0.0
2026-04-30 00:00:00-04:00,20.829999923706055,21.059999465942383,19.790000915527344,20.790000915527344,2948000,0.0,0.0
2026-05-01 00:00:00-04:00,21.559999465942383,22.889999389648438,21.3799991607666,22.540000915527344,1021400,0.0,0.0
2026-05-04 00:00:00-04:00,22.700000762939453,23.270000457763672,22.420000076293945,22.579999923706055,631900,0.0,0.0
2026-05-05 00:00:00-04:00,22.540000915527344,22.81999969482422,21.760000228881836,22.719999313354492,688000,0.0,0.0
2026-05-06 00:00:00-04:00,22.280000686645508,23.288999557495117,21.729999542236328,23.18000030517578,1374700,0.0,0.0
2026-05-07 00:00:00-04:00,23.639999389648438,24.479999542236328,22.43000030517578,23.760000228881836,2206800,0.0,0.0
2026-05-08 00:00:00-04:00,23.325000762939453,23.360000610351562,21.485000610351562,21.920000076293945,1113100,0.0,0.0
2026-05-11 00:00:00-04:00,21.674999237060547,22.040000915527344,20.200000762939453,20.530000686645508,975500,0.0,0.0
2026-05-12 00:00:00-04:00,20.684999465942383,20.93000030517578,20.219999313354492,20.520000457763672,876900,0.0,0.0
2026-05-13 00:00:00-04:00,19.940000534057617,20.049999237060547,18.68000030517578,18.719999313354492,1133800,0.0,0.0
2026-05-14 00:00:00-04:00,18.989999771118164,19.604999542236328,18.6299991607666,19.219999313354492,1070600,0.0,0.0
2026-05-15 00:00:00-04:00,19.260000228881836,19.989999771118164,19.030000686645508,19.530000686645508,1092400,0.0,0.0
2026-05-18 00:00:00-04:00,19.31999969482422,21.1200008392334,19.31999969482422,21.100000381469727,1176400,0.0,0.0
2026-05-19 00:00:00-04:00,21.6200008392334,22.329999923706055,21.299999237060547,21.709999084472656,964000,0.0,0.0
2026-05-20 00:00:00-04:00,21.066999435424805,21.549999237060547,20.31599998474121,21.34000015258789,626700,0.0,0.0
2026-05-21 00:00:00-04:00,20.8700008392334,21.18000030517578,20.489999771118164,21.139999389648438,707600,0.0,0.0
2026-05-22 00:00:00-04:00,21.170000076293945,21.799999237060547,21.149999618530273,21.3700008392334,604800,0.0,0.0
2026-05-26 00:00:00-04:00,21.0,22.31999969482422,20.799999237060547,21.670000076293945,714200,0.0,0.0
2026-05-27 00:00:00-04:00,21.309999465942383,22.040000915527344,21.25,21.639999389648438,542000,0.0,0.0
2026-05-28 00:00:00-04:00,21.940000534057617,22.639999389648438,21.790000915527344,22.040000915527344,757700,0.0,0.0
2026-05-29 00:00:00-04:00,22.299999237060547,23.520000457763672,21.8700008392334,23.399999618530273,740100,0.0,0.0
2026-06-01 00:00:00-04:00,24.040000915527344,27.770000457763672,23.969999313354492,27.770000457763672,2249100,0.0,0.0
2026-06-02 00:00:00-04:00,26.209999084472656,27.190000534057617,25.280000686645508,26.690000534057617,1938300,0.0,0.0
2026-06-03 00:00:00-04:00,26.420000076293945,26.420000076293945,23.645000457763672,24.06999969482422,2636800,0.0,0.0
2026-06-04 00:00:00-04:00,24.469999313354492,25.479999542236328,24.1299991607666,24.56999969482422,931500,0.0,0.0
2026-06-05 00:00:00-04:00,24.59000015258789,25.329999923706055,24.479999542236328,24.729999542236328,1171200,0.0,0.0
2026-06-08 00:00:00-04:00,25.260000228881836,25.260000228881836,23.815000534057617,24.43000030517578,745900,0.0,0.0
2026-06-09 00:00:00-04:00,23.959999084472656,25.09000015258789,23.459999084472656,24.049999237060547,677900,0.0,0.0
2026-06-10 00:00:00-04:00,23.489999771118164,24.18000030517578,22.739999771118164,23.440000534057617,590400,0.0,0.0
2026-06-11 00:00:00-04:00,22.950000762939453,24.065000534057617,22.399999618530273,23.639999389648438,791300,0.0,0.0
2026-06-12 00:00:00-04:00,24.204999923706055,24.440000534057617,22.950000762939453,24.010000228881836,658000,0.0,0.0
2026-06-15 00:00:00-04:00,24.079999923706055,24.405000686645508,22.719999313354492,23.270000457763672,1108400,0.0,0.0
2026-06-16 00:00:00-04:00,23.270000457763672,23.8799991607666,22.719999313354492,22.799999237060547,545600,0.0,0.0
2026-06-17 00:00:00-04:00,22.3799991607666,22.8799991607666,21.53499984741211,21.559999465942383,563600,0.0,0.0
2026-06-18 00:00:00-04:00,21.43000030517578,21.43000030517578,20.540000915527344,20.950000762939453,1732000,0.0,0.0
2026-06-22 00:00:00-04:00,20.440000534057617,21.040000915527344,19.469999313354492,19.8700008392334,853500,0.0,0.0
2026-06-23 00:00:00-04:00,20.209999084472656,20.889999389648438,19.915000915527344,20.510000228881836,928800,0.0,0.0
2026-06-24 00:00:00-04:00,20.440000534057617,21.799999237060547,20.3799991607666,20.829999923706055,779400,0.0,0.0
2026-06-25 00:00:00-04:00,20.5,21.165000915527344,20.239999771118164,20.6299991607666,732100,0.0,0.0
2026-06-26 00:00:00-04:00,20.860000610351562,22.190000534057617,20.850000381469727,21.969999313354492,1329400,0.0,0.0
2026-06-29 00:00:00-04:00,22.34000015258789,22.825000762939453,22.059999465942383,22.479999542236328,935400,0.0,0.0
2026-06-30 00:00:00-04:00,22.25,23.579999923706055,22.219999313354492,22.899999618530273,1319200,0.0,0.0
2026-07-01 00:00:00-04:00,23.799999237060547,24.260000228881836,23.260000228881836,23.760000228881836,535400,0.0,0.0
2026-07-02 00:00:00-04:00,23.799999237060547,24.649999618530273,23.799999237060547,24.399999618530273,728500,0.0,0.0
2026-07-06 00:00:00-04:00,24.3799991607666,24.780000686645508,23.65999984741211,24.3799991607666,468364,0.0,0.0
