Date,Open,High,Low,Close,Volume,Dividends,Stock Splits
2022-01-03 00:00:00-05:00,15435.0,15435.0,14259.0,14553.0,1,0.0,0.0
2022-01-04 00:00:00-05:00,12568.5,15141.0,12568.5,13818.0,1,0.0,0.0
2022-01-05 00:00:00-05:00,14700.0,14700.0,13259.400390625,13259.400390625,3,0.0,0.0
2022-01-06 00:00:00-05:00,16170.0,16170.0,12847.7998046875,13435.7998046875,1,0.0,0.0
2022-01-07 00:00:00-05:00,12936.0,17787.0,12936.0,13818.0,1,0.0,0.0
2022-01-10 00:00:00-05:00,14332.5,14700.0,12642.0,13083.0,1,0.0,0.0
2022-01-11 00:00:00-05:00,11054.400390625,17052.0,11054.400390625,12392.099609375,1,0.0,0.0
2022-01-12 00:00:00-05:00,15288.0,15288.0,9922.5,12142.2001953125,1,0.0,0.0
2022-01-13 00:00:00-05:00,12171.599609375,12421.5,11760.0,12201.0,1,0.0,0.0
2022-01-14 00:00:00-05:00,10686.900390625,13068.2998046875,10686.900390625,12744.900390625,1,0.0,0.0
2022-01-18 00:00:00-05:00,16758.0,16758.0,11172.0,11172.0,3,0.0,0.0
2022-01-19 00:00:00-05:00,11319.0,11613.0,11025.0,11274.900390625,2,0.0,0.0
2022-01-20 00:00:00-05:00,11539.5,11539.5,11172.0,11260.2001953125,1,0.0,0.0
2022-01-21 00:00:00-05:00,11172.0,11304.2998046875,9922.5,10290.0,5,0.0,0.0
2022-01-24 00:00:00-05:00,11025.0,11025.0,7879.2001953125,9834.2998046875,2,0.0,0.0
2022-01-25 00:00:00-05:00,11671.7998046875,11671.7998046875,8937.599609375,10172.400390625,1,0.0,0.0
2022-01-26 00:00:00-05:00,11613.0,11613.0,10392.900390625,10392.900390625,3,0.0,0.0
2022-01-27 00:00:00-05:00,10922.099609375,10922.099609375,8614.2001953125,8702.400390625,2,0.0,0.0
2022-01-28 00:00:00-05:00,8467.2001953125,8526.0,7232.39990234375,7746.89990234375,3,0.0,0.0
2022-01-31 00:00:00-05:00,6615.0,9040.5,6615.0,8952.2998046875,2,0.0,0.0
2022-02-01 00:00:00-05:00,6629.7001953125,10672.2001953125,6629.7001953125,9804.900390625,1,0.0,0.0
2022-02-02 00:00:00-05:00,11319.0,11319.0,9804.900390625,10054.7998046875,1,0.0,0.0
2022-02-03 00:00:00-05:00,10084.2001953125,10084.2001953125,9702.0,9863.7001953125,0,0.0,0.0
2022-02-04 00:00:00-05:00,9246.2998046875,9760.7998046875,9246.2998046875,9275.7001953125,1,0.0,0.0
2022-02-07 00:00:00-05:00,9466.7998046875,9878.400390625,9319.7998046875,9731.400390625,1,0.0,0.0
2022-02-08 00:00:00-05:00,9922.5,10084.2001953125,9422.7001953125,9422.7001953125,0,0.0,0.0
2022-02-09 00:00:00-05:00,9760.7998046875,9760.7998046875,8761.2001953125,8805.2998046875,0,0.0,0.0
2022-02-10 00:00:00-05:00,8570.099609375,8658.2998046875,8349.599609375,8526.0,0,0.0,0.0
2022-02-11 00:00:00-05:00,13318.2001953125,13318.2001953125,7761.60009765625,8099.7001953125,3,0.0,0.0
2022-02-14 00:00:00-05:00,8334.900390625,8467.2001953125,8055.60009765625,8055.60009765625,1,0.0,0.0
2022-02-15 00:00:00-05:00,9319.7998046875,9319.7998046875,7864.5,8379.0,0,0.0,0.0
2022-02-16 00:00:00-05:00,8496.599609375,8496.599609375,8305.5,8408.400390625,0,0.0,0.0
2022-02-17 00:00:00-05:00,6717.89990234375,8628.900390625,6717.89990234375,8408.400390625,0,0.0,0.0
2022-02-18 00:00:00-05:00,8011.5,8393.7001953125,7952.7001953125,8232.0,1,0.0,0.0
2022-02-22 00:00:00-05:00,7364.7001953125,8379.0,7364.7001953125,7908.60009765625,1,0.0,0.0
2022-02-23 00:00:00-05:00,7908.60009765625,7908.60009765625,6967.7998046875,7305.89990234375,1,0.0,0.0
2022-02-24 00:00:00-05:00,7452.89990234375,7452.89990234375,5145.0,5806.5,6,0.0,0.0
2022-02-25 00:00:00-05:00,5880.0,6409.2001953125,5527.2001953125,5527.2001953125,3,0.0,0.0
2022-02-28 00:00:00-05:00,5644.7998046875,6218.10009765625,4336.5,5762.39990234375,1,0.0,0.0
2022-03-01 00:00:00-05:00,5718.2998046875,6321.0,5718.2998046875,6321.0,1,0.0,0.0
2022-03-02 00:00:00-05:00,7820.39990234375,7820.39990234375,6321.0,6394.5,2,0.0,0.0
2022-03-03 00:00:00-05:00,8085.0,8085.0,5659.5,6247.5,1,0.0,0.0
2022-03-04 00:00:00-05:00,5321.39990234375,5821.2001953125,5277.2998046875,5277.2998046875,4,0.0,0.0
2022-03-07 00:00:00-05:00,4748.10009765625,6438.60009765625,4748.10009765625,4851.0,3,0.0,0.0
2022-03-08 00:00:00-05:00,8526.0,8526.0,4689.2998046875,4689.2998046875,5,0.0,0.0
2022-03-09 00:00:00-05:00,4116.0,5350.7998046875,4116.0,5071.5,0,0.0,0.0
2022-03-10 00:00:00-05:00,4762.7998046875,4953.89990234375,4571.7001953125,4615.7998046875,1,0.0,0.0
2022-03-11 00:00:00-05:00,4116.0,4674.60009765625,4116.0,4542.2998046875,0,0.0,0.0
2022-03-14 00:00:00-04:00,4718.7001953125,4983.2998046875,4336.5,4557.0,1,0.0,0.0
2022-03-15 00:00:00-04:00,4748.10009765625,4968.60009765625,4704.0,4968.60009765625,0,0.0,0.0
2022-03-16 00:00:00-04:00,4953.89990234375,4998.0,4557.0,4748.10009765625,0,0.0,0.0
2022-03-17 00:00:00-04:00,4704.0,4704.0,4512.89990234375,4512.89990234375,1,0.0,0.0
2022-03-18 00:00:00-04:00,4998.0,4998.0,4557.0,4851.0,3,0.0,0.0
2022-03-21 00:00:00-04:00,6144.60009765625,6144.60009765625,4395.2998046875,4924.5,0,0.0,0.0
2022-03-22 00:00:00-04:00,5042.10009765625,5424.2998046875,4909.7998046875,5424.2998046875,0,0.0,0.0
2022-03-23 00:00:00-04:00,5541.89990234375,5762.39990234375,5541.89990234375,5571.2998046875,0,0.0,0.0
2022-03-24 00:00:00-04:00,5644.7998046875,6350.39990234375,5556.60009765625,6335.7001953125,0,0.0,0.0
2022-03-25 00:00:00-04:00,6056.39990234375,8187.89990234375,6056.39990234375,7350.0,1,0.0,0.0
2022-03-28 00:00:00-04:00,5468.39990234375,8584.7998046875,5468.39990234375,8011.5,1,0.0,0.0
2022-03-29 00:00:00-04:00,7820.39990234375,8570.099609375,7629.2998046875,8217.2998046875,1,0.0,0.0
2022-03-30 00:00:00-04:00,8217.2998046875,8217.2998046875,7893.89990234375,7996.7998046875,1,0.0,0.0
2022-03-31 00:00:00-04:00,7011.89990234375,7791.0,7011.89990234375,7011.89990234375,1,0.0,0.0
2022-04-01 00:00:00-04:00,6306.2998046875,7335.2998046875,6306.2998046875,6982.5,1,0.0,0.0
2022-04-04 00:00:00-04:00,5674.2001953125,6673.7998046875,5674.2001953125,6673.7998046875,0,0.0,0.0
2022-04-05 00:00:00-04:00,6615.0,6762.0,6556.2001953125,6600.2998046875,0,0.0,0.0
2022-04-06 00:00:00-04:00,4909.7998046875,9069.900390625,4909.7998046875,7056.0,0,0.0,0.0
2022-04-07 00:00:00-04:00,6982.5,6982.5,6673.7998046875,6850.2001953125,0,0.0,0.0
2022-04-08 00:00:00-04:00,4704.0,6615.0,4704.0,6570.89990234375,1,0.0,0.0
2022-04-11 00:00:00-04:00,6247.5,6570.89990234375,6027.0,6129.89990234375,0,0.0,0.0
2022-04-12 00:00:00-04:00,6174.0,6379.7998046875,5938.7998046875,5938.7998046875,1,0.0,0.0
2022-04-13 00:00:00-04:00,6174.0,6174.0,5791.7998046875,5865.2998046875,0,0.0,0.0
2022-04-14 00:00:00-04:00,6262.2001953125,6306.2998046875,6027.0,6306.2998046875,0,0.0,0.0
2022-04-18 00:00:00-04:00,5336.10009765625,6762.0,5336.10009765625,6762.0,0,0.0,0.0
2022-04-19 00:00:00-04:00,6600.2998046875,6953.10009765625,6600.2998046875,6762.0,0,0.0,0.0
2022-04-20 00:00:00-04:00,6909.0,7100.10009765625,6909.0,6909.0,2,0.0,0.0
2022-04-21 00:00:00-04:00,6703.2001953125,6703.2001953125,6703.2001953125,6703.2001953125,0,0.0,0.0
2022-04-22 00:00:00-04:00,6688.5,6997.2001953125,6468.0,6468.0,0,0.0,0.0
2022-04-25 00:00:00-04:00,6365.10009765625,6394.5,5497.7998046875,6379.7998046875,0,0.0,0.0
2022-04-26 00:00:00-04:00,6379.7998046875,6379.7998046875,6041.7001953125,6085.7998046875,0,0.0,0.0
2022-04-27 00:00:00-04:00,5982.89990234375,6129.89990234375,5982.89990234375,6129.89990234375,0,0.0,0.0
2022-04-28 00:00:00-04:00,6526.7998046875,7026.60009765625,5145.0,5145.0,0,0.0,0.0
2022-04-29 00:00:00-04:00,5880.0,5880.0,5350.7998046875,5586.0,0,0.0,0.0
2022-05-02 00:00:00-04:00,4351.2001953125,6159.2998046875,4351.2001953125,6159.2998046875,0,0.0,0.0
2022-05-03 00:00:00-04:00,6174.0,6174.0,5630.10009765625,5630.10009765625,0,0.0,0.0
2022-05-04 00:00:00-04:00,5571.2998046875,5924.10009765625,5571.2998046875,5688.89990234375,1,0.0,0.0
2022-05-05 00:00:00-04:00,5688.89990234375,5688.89990234375,5497.7998046875,5586.0,0,0.0,0.0
2022-05-06 00:00:00-04:00,4116.0,5791.7998046875,4116.0,5659.5,0,0.0,0.0
2022-05-09 00:00:00-04:00,5159.7001953125,5159.7001953125,4659.89990234375,4821.60009765625,1,0.0,0.0
2022-05-10 00:00:00-04:00,4762.7998046875,4762.7998046875,4321.7998046875,4321.7998046875,1,0.0,0.0
2022-05-11 00:00:00-04:00,4498.2001953125,4498.2001953125,4321.7998046875,4321.7998046875,2,0.0,0.0
2022-05-12 00:00:00-04:00,4263.0,4263.0,4013.10009765625,4042.5,1,0.0,0.0
2022-05-13 00:00:00-04:00,3924.89990234375,4498.2001953125,3924.89990234375,4189.5,0,0.0,0.0
2022-05-16 00:00:00-04:00,4130.7001953125,4395.2998046875,4116.0,4395.2998046875,0,0.0,0.0
2022-05-17 00:00:00-04:00,4395.2998046875,4704.0,4204.2001953125,4704.0,1,0.0,0.0
2022-05-18 00:00:00-04:00,4174.7998046875,4895.10009765625,3263.39990234375,4321.7998046875,1,0.0,0.0
2022-05-19 00:00:00-04:00,4130.7001953125,4248.2998046875,4130.7001953125,4248.2998046875,0,0.0,0.0
2022-05-20 00:00:00-04:00,3895.5,3895.5,3895.5,3895.5,0,0.0,0.0
2022-05-23 00:00:00-04:00,3719.10009765625,3719.10009765625,3719.10009765625,3719.10009765625,0,0.0,0.0
2022-05-24 00:00:00-04:00,4057.199951171875,4542.2998046875,4057.199951171875,4542.2998046875,1,0.0,0.0
2022-05-25 00:00:00-04:00,3998.39990234375,4248.2998046875,3278.10009765625,4013.10009765625,0,0.0,0.0
2022-05-26 00:00:00-04:00,4057.199951171875,4057.199951171875,3895.5,3895.5,0,0.0,0.0
2022-05-27 00:00:00-04:00,3924.89990234375,3969.0,3866.10009765625,3866.10009765625,0,0.0,0.0
2022-05-31 00:00:00-04:00,4101.2998046875,4248.2998046875,3689.699951171875,3807.300048828125,0,0.0,0.0
2022-06-01 00:00:00-04:00,3675.0,3704.39990234375,3528.0,3704.39990234375,0,0.0,0.0
2022-06-02 00:00:00-04:00,3880.800048828125,3880.800048828125,3204.60009765625,3719.10009765625,0,0.0,0.0
2022-06-03 00:00:00-04:00,3822.0,3822.0,3542.699951171875,3542.699951171875,0,0.0,0.0
2022-06-06 00:00:00-04:00,2910.60009765625,3777.89990234375,2910.60009765625,3498.60009765625,0,0.0,0.0
2022-06-07 00:00:00-04:00,3586.800048828125,3880.800048828125,3542.699951171875,3616.199951171875,0,0.0,0.0
2022-06-08 00:00:00-04:00,3557.39990234375,3807.300048828125,3557.39990234375,3704.39990234375,0,0.0,0.0
2022-06-09 00:00:00-04:00,3792.60009765625,3792.60009765625,3513.300048828125,3513.300048828125,0,0.0,0.0
2022-06-10 00:00:00-04:00,3513.300048828125,3675.0,3513.300048828125,3675.0,0,0.0,0.0
2022-06-13 00:00:00-04:00,3675.0,3880.800048828125,3248.699951171875,3248.699951171875,2,0.0,0.0
2022-06-14 00:00:00-04:00,3513.300048828125,3513.300048828125,3322.199951171875,3322.199951171875,0,0.0,0.0
2022-06-15 00:00:00-04:00,3704.39990234375,3704.39990234375,3704.39990234375,3704.39990234375,0,0.0,0.0
2022-06-16 00:00:00-04:00,3630.89990234375,3630.89990234375,3351.60009765625,3351.60009765625,0,0.0,0.0
2022-06-17 00:00:00-04:00,3234.0,3733.800048828125,3234.0,3454.5,0,0.0,0.0
2022-06-21 00:00:00-04:00,3675.0,3675.0,3160.5,3160.5,1,0.0,0.0
2022-06-22 00:00:00-04:00,3263.39990234375,3263.39990234375,3234.0,3234.0,0,0.0,0.0
2022-06-23 00:00:00-04:00,3719.10009765625,3719.10009765625,3307.5,3439.800048828125,0,0.0,0.0
2022-06-24 00:00:00-04:00,3425.10009765625,3425.10009765625,3087.0,3116.39990234375,1,0.0,0.0
2022-06-27 00:00:00-04:00,3013.5,3145.800048828125,2895.89990234375,3101.699951171875,1,0.0,0.0
2022-06-28 00:00:00-04:00,3072.300048828125,3087.0,3072.300048828125,3087.0,1,0.0,0.0
2022-06-29 00:00:00-04:00,3116.39990234375,3263.39990234375,2763.60009765625,2763.60009765625,1,0.0,0.0
2022-06-30 00:00:00-04:00,2793.0,2793.0,2440.199951171875,2469.60009765625,2,0.0,0.0
2022-07-01 00:00:00-04:00,2352.0,2499.0,2352.0,2499.0,0,0.0,0.0
2022-07-05 00:00:00-04:00,2499.0,2499.0,2175.60009765625,2234.39990234375,1,0.0,0.0
2022-07-06 00:00:00-04:00,2263.800048828125,2263.800048828125,2028.5999755859375,2234.39990234375,0,0.0,0.0
2022-07-07 00:00:00-04:00,2307.89990234375,2528.39990234375,2307.89990234375,2528.39990234375,1,0.0,0.0
2022-07-08 00:00:00-04:00,1808.0999755859375,2748.89990234375,1808.0999755859375,2499.0,0,0.0,0.0
2022-07-11 00:00:00-04:00,2646.0,2998.800048828125,2469.60009765625,2469.60009765625,6,0.0,0.0
2022-07-12 00:00:00-04:00,2675.39990234375,2675.39990234375,2499.0,2499.0,0,0.0,0.0
2022-07-13 00:00:00-04:00,2572.5,2587.199951171875,2572.5,2587.199951171875,0,0.0,0.0
2022-07-14 00:00:00-04:00,2352.0,2352.0,2352.0,2352.0,0,0.0,0.0
2022-07-15 00:00:00-04:00,2352.0,2484.300048828125,2352.0,2484.300048828125,0,0.0,0.0
2022-07-18 00:00:00-04:00,2587.199951171875,2587.199951171875,2499.0,2499.0,0,0.0,0.0
2022-07-19 00:00:00-04:00,2396.10009765625,2396.10009765625,2396.10009765625,2396.10009765625,0,0.0,0.0
2022-07-20 00:00:00-04:00,2499.0,2631.300048828125,2484.300048828125,2484.300048828125,0,0.0,0.0
2022-07-21 00:00:00-04:00,2601.89990234375,2601.89990234375,2499.0,2499.0,0,0.0,0.0
2022-07-22 00:00:00-04:00,2778.300048828125,2778.300048828125,2352.0,2352.0,0,0.0,0.0
2022-07-25 00:00:00-04:00,2352.0,2454.89990234375,2337.300048828125,2396.10009765625,0,0.0,0.0
2022-07-26 00:00:00-04:00,2278.5,2337.300048828125,2278.5,2337.300048828125,0,0.0,0.0
2022-07-27 00:00:00-04:00,2381.39990234375,2396.10009765625,2381.39990234375,2396.10009765625,0,0.0,0.0
2022-07-28 00:00:00-04:00,2587.199951171875,2587.199951171875,2410.800048828125,2410.800048828125,0,0.0,0.0
2022-07-29 00:00:00-04:00,1940.4000244140625,2352.0,1940.4000244140625,2322.60009765625,0,0.0,0.0
2022-08-01 00:00:00-04:00,2087.39990234375,2616.60009765625,2058.0,2337.300048828125,1,0.0,0.0
2022-08-02 00:00:00-04:00,2440.199951171875,2499.0,2352.0,2499.0,0,0.0,0.0
2022-08-03 00:00:00-04:00,2190.300048828125,2925.300048828125,2190.300048828125,2410.800048828125,0,0.0,0.0
2022-08-04 00:00:00-04:00,2410.800048828125,2410.800048828125,2410.800048828125,2410.800048828125,0,0.0,0.0
2022-08-05 00:00:00-04:00,2190.300048828125,2205.0,2190.300048828125,2205.0,1,0.0,0.0
2022-08-08 00:00:00-04:00,2440.199951171875,2440.199951171875,2131.5,2440.199951171875,0,0.0,0.0
2022-08-09 00:00:00-04:00,2440.199951171875,2440.199951171875,2440.199951171875,2440.199951171875,0,0.0,0.0
2022-08-10 00:00:00-04:00,2499.0,2528.39990234375,2410.800048828125,2410.800048828125,0,0.0,0.0
2022-08-11 00:00:00-04:00,2440.199951171875,2440.199951171875,2440.199951171875,2440.199951171875,0,0.0,0.0
2022-08-12 00:00:00-04:00,2058.0,2484.300048828125,2058.0,2484.300048828125,0,0.0,0.0
2022-08-15 00:00:00-04:00,2219.699951171875,2352.0,2219.699951171875,2352.0,0,0.0,0.0
2022-08-16 00:00:00-04:00,1852.199951171875,2925.300048828125,1852.199951171875,2249.10009765625,0,0.0,0.0
2022-08-17 00:00:00-04:00,2278.5,2337.300048828125,2013.9000244140625,2013.9000244140625,2,0.0,0.0
2022-08-18 00:00:00-04:00,2013.9000244140625,2013.9000244140625,2013.9000244140625,2013.9000244140625,0,0.0,0.0
2022-08-19 00:00:00-04:00,2205.0,2205.0,1911.0,1999.199951171875,1,0.0,0.0
2022-08-22 00:00:00-04:00,2028.5999755859375,2146.199951171875,1911.0,1911.0,2,0.0,0.0
2022-08-23 00:00:00-04:00,1969.800048828125,2013.9000244140625,1911.0,2013.9000244140625,0,0.0,0.0
2022-08-24 00:00:00-04:00,1558.199951171875,2469.60009765625,1558.199951171875,2469.60009765625,0,0.0,0.0
2022-08-25 00:00:00-04:00,1514.0999755859375,1514.0999755859375,1514.0999755859375,1514.0999755859375,0,0.0,0.0
2022-08-26 00:00:00-04:00,1940.4000244140625,1999.199951171875,1558.199951171875,1764.0,0,0.0,0.0
2022-08-29 00:00:00-04:00,1734.5999755859375,2131.5,1734.5999755859375,2131.5,0,0.0,0.0
2022-08-30 00:00:00-04:00,2763.60009765625,2763.60009765625,2763.60009765625,2763.60009765625,0,0.0,0.0
2022-08-31 00:00:00-04:00,2175.60009765625,2205.0,2175.60009765625,2205.0,0,0.0,0.0
2022-09-01 00:00:00-04:00,2160.89990234375,2793.0,2160.89990234375,2366.699951171875,0,0.0,0.0
2022-09-02 00:00:00-04:00,2807.699951171875,2807.699951171875,1999.199951171875,1999.199951171875,0,0.0,0.0
2022-09-06 00:00:00-04:00,2175.60009765625,2175.60009765625,2175.60009765625,2175.60009765625,0,0.0,0.0
2022-09-07 00:00:00-04:00,2190.300048828125,2587.199951171875,2028.5999755859375,2058.0,0,0.0,0.0
2022-09-08 00:00:00-04:00,2072.699951171875,2205.0,2058.0,2190.300048828125,0,0.0,0.0
2022-09-09 00:00:00-04:00,1764.0,1925.699951171875,1764.0,1925.699951171875,0,0.0,0.0
2022-09-12 00:00:00-04:00,1925.699951171875,1925.699951171875,1925.699951171875,1925.699951171875,0,0.0,0.0
2022-09-13 00:00:00-04:00,1925.699951171875,1925.699951171875,1925.699951171875,1925.699951171875,0,0.0,0.0
2022-09-14 00:00:00-04:00,1528.800048828125,1764.0,1528.800048828125,1690.5,0,0.0,0.0
2022-09-15 00:00:00-04:00,1690.5,1690.5,1690.5,1690.5,4,0.0,0.0
2022-09-16 00:00:00-04:00,1822.800048828125,1822.800048828125,1764.0,1764.0,0,0.0,0.0
2022-09-19 00:00:00-04:00,2013.9000244140625,2013.9000244140625,1543.5,1543.5,0,0.0,0.0
2022-09-20 00:00:00-04:00,1102.5,1646.4000244140625,1102.5,1543.5,0,0.0,0.0
2022-09-21 00:00:00-04:00,1484.699951171875,1617.0,1411.199951171875,1484.699951171875,1,0.0,0.0
2022-09-22 00:00:00-04:00,1602.300048828125,1602.300048828125,1602.300048828125,1602.300048828125,0,0.0,0.0
2022-09-23 00:00:00-04:00,1969.800048828125,1969.800048828125,1352.4000244140625,1352.4000244140625,0,0.0,0.0
2022-09-26 00:00:00-04:00,1528.800048828125,1528.800048828125,1323.0,1323.0,1,0.0,0.0
2022-09-27 00:00:00-04:00,1220.0999755859375,1470.0,1220.0999755859375,1234.800048828125,0,0.0,0.0
2022-09-28 00:00:00-04:00,1220.0999755859375,1572.9000244140625,1220.0999755859375,1323.0,0,0.0,0.0
2022-09-29 00:00:00-04:00,1323.0,1323.0,1323.0,1323.0,0,0.0,0.0
2022-09-30 00:00:00-04:00,1411.199951171875,1411.199951171875,1293.5999755859375,1293.5999755859375,0,0.0,0.0
2022-10-03 00:00:00-04:00,1220.0999755859375,1440.5999755859375,1220.0999755859375,1440.5999755859375,1,0.0,0.0
2022-10-04 00:00:00-04:00,1440.5999755859375,1440.5999755859375,1367.0999755859375,1396.5,0,0.0,0.0
2022-10-05 00:00:00-04:00,1352.4000244140625,1499.4000244140625,1220.0999755859375,1323.0,1,0.0,0.0
2022-10-06 00:00:00-04:00,1675.800048828125,1675.800048828125,1675.800048828125,1675.800048828125,0,0.0,0.0
2022-10-07 00:00:00-04:00,1220.0999755859375,1264.199951171875,1220.0999755859375,1264.199951171875,0,0.0,0.0
2022-10-10 00:00:00-04:00,1264.199951171875,1264.199951171875,1264.199951171875,1264.199951171875,0,0.0,0.0
2022-10-11 00:00:00-04:00,1264.199951171875,1264.199951171875,882.0,1220.0999755859375,0,0.0,0.0
2022-10-12 00:00:00-04:00,1220.0999755859375,1220.0999755859375,1220.0999755859375,1220.0999755859375,0,0.0,0.0
2022-10-13 00:00:00-04:00,852.5999755859375,1499.4000244140625,852.5999755859375,1323.0,1,0.0,0.0
2022-10-14 00:00:00-04:00,1323.0,1323.0,1205.4000244140625,1205.4000244140625,0,0.0,0.0
2022-10-17 00:00:00-04:00,1146.5999755859375,1146.5999755859375,999.5999755859375,1029.0,1,0.0,0.0
2022-10-18 00:00:00-04:00,1146.5999755859375,1146.5999755859375,1102.5,1102.5,0,0.0,0.0
2022-10-19 00:00:00-04:00,1176.0,1337.699951171875,1102.5,1337.699951171875,1,0.0,0.0
2022-10-20 00:00:00-04:00,1323.0,1425.9000244140625,896.7000122070312,896.7000122070312,0,0.0,0.0
2022-10-21 00:00:00-04:00,1323.0,1323.0,1131.9000244140625,1308.300048828125,1,0.0,0.0
2022-10-24 00:00:00-04:00,1323.0,1323.0,1029.0,1029.0,0,0.0,0.0
2022-10-25 00:00:00-04:00,1323.0,1323.0,1014.2999877929688,1014.2999877929688,1,0.0,0.0
2022-10-26 00:00:00-04:00,1029.0,1323.0,999.5999755859375,1131.9000244140625,5,0.0,0.0
2022-10-27 00:00:00-04:00,852.5999755859375,1220.0999755859375,852.5999755859375,1190.699951171875,1,0.0,0.0
2022-10-28 00:00:00-04:00,17.010000228881836,17.010000228881836,17.010000228881836,17.010000228881836,0,0.0,0.014285714285714285
2022-10-31 00:00:00-04:00,17.010000228881836,17.010000228881836,17.010000228881836,17.010000228881836,0,0.0,0.0
2022-11-01 00:00:00-04:00,968.0999755859375,989.0999755859375,968.0999755859375,989.0999755859375,4,0.0,0.0
2022-11-02 00:00:00-04:00,979.8599853515625,979.8599853515625,905.0999755859375,947.0999755859375,5,0.0,0.0
2022-11-03 00:00:00-04:00,1127.699951171875,1127.699951171875,1127.699951171875,1127.699951171875,1,0.0,0.0
2022-11-04 00:00:00-04:00,1173.9000244140625,1173.9000244140625,1173.9000244140625,1173.9000244140625,1,0.0,0.0
2022-11-07 00:00:00-05:00,1202.4599609375,1202.4599609375,1202.4599609375,1202.4599609375,1,0.0,0.0
2022-11-08 00:00:00-05:00,1202.4599609375,1202.4599609375,1202.4599609375,1202.4599609375,0,0.0,0.0
2022-11-09 00:00:00-05:00,1520.4000244140625,1520.4000244140625,1092.0,1520.4000244140625,5,0.0,0.0
2022-11-10 00:00:00-05:00,1077.300048828125,1077.300048828125,1077.300048828125,1077.300048828125,1,0.0,0.0
2022-11-11 00:00:00-05:00,1155.0,1155.0,1050.0,1050.0,3,0.0,0.0
2022-11-14 00:00:00-05:00,1050.0,1050.0,1050.0,1050.0,0,0.0,0.0
2022-11-15 00:00:00-05:00,972.2999877929688,972.2999877929688,972.2999877929688,972.2999877929688,1,0.0,0.0
2022-11-16 00:00:00-05:00,1092.0,1092.0,981.75,981.75,2,0.0,0.0
2022-11-17 00:00:00-05:00,982.7999877929688,982.7999877929688,982.7999877929688,982.7999877929688,1,0.0,0.0
2022-11-18 00:00:00-05:00,1050.0,1050.0,945.0,945.0,5,0.0,0.0
2022-11-21 00:00:00-05:00,930.2999877929688,930.2999877929688,928.2000122070312,928.2000122070312,1,0.0,0.0
2022-11-22 00:00:00-05:00,928.2000122070312,1008.0,928.2000122070312,1008.0,1,0.0,0.0
2022-11-23 00:00:00-05:00,928.2000122070312,928.2000122070312,903.8400268554688,903.8400268554688,1,0.0,0.0
2022-11-25 00:00:00-05:00,884.0999755859375,928.2000122070312,884.0999755859375,928.2000122070312,1,0.0,0.0
2022-11-28 00:00:00-05:00,840.0,945.0,779.0999755859375,945.0,6,0.0,0.0
2022-11-29 00:00:00-05:00,920.6400146484375,920.6400146484375,920.6400146484375,920.6400146484375,0,0.0,0.0
2022-11-30 00:00:00-05:00,831.5999755859375,920.219970703125,831.5999755859375,920.219970703125,3,0.0,0.0
2022-12-01 00:00:00-05:00,924.0,945.0,913.5,945.0,4,0.0,0.0
2022-12-02 00:00:00-05:00,987.8400268554688,987.8400268554688,987.8400268554688,987.8400268554688,1,0.0,0.0
2022-12-05 00:00:00-05:00,987.0,1050.0,987.0,1050.0,3,0.0,0.0
2022-12-06 00:00:00-05:00,999.5999755859375,1039.5,999.5999755859375,1039.5,1,0.0,0.0
2022-12-07 00:00:00-05:00,609.0,682.5,552.2999877929688,665.7000122070312,4005,0.0,0.0
2022-12-08 00:00:00-05:00,703.5,819.0,651.0,762.2999877929688,10958,0.0,0.0
2022-12-09 00:00:00-05:00,795.9000244140625,795.9000244140625,583.7999877929688,600.5999755859375,3440,0.0,0.0
2022-12-12 00:00:00-05:00,693.0,751.7999877929688,598.5,630.0,11603,0.0,0.0
2022-12-13 00:00:00-05:00,648.9000244140625,648.9000244140625,495.6000061035156,598.5,1861,0.0,0.0
2022-12-14 00:00:00-05:00,609.0,625.7999877929688,588.2100219726562,613.2000122070312,754,0.0,0.0
2022-12-15 00:00:00-05:00,558.5999755859375,659.4000244140625,558.5999755859375,606.9000244140625,1051,0.0,0.0
2022-12-16 00:00:00-05:00,617.4000244140625,619.5,567.0,567.0,590,0.0,0.0
2022-12-19 00:00:00-05:00,537.5999755859375,562.7999877929688,506.1000061035156,541.7999877929688,474,0.0,0.0
2022-12-20 00:00:00-05:00,506.1000061035156,527.0999755859375,495.6000061035156,516.5999755859375,446,0.0,0.0
2022-12-21 00:00:00-05:00,504.0,522.9000244140625,493.5,522.9000244140625,407,0.0,0.0
2022-12-22 00:00:00-05:00,525.0,577.5,516.5999755859375,527.0999755859375,135,0.0,0.0
2022-12-23 00:00:00-05:00,516.5999755859375,535.5,499.79998779296875,514.5,70,0.0,0.0
2022-12-27 00:00:00-05:00,525.0,525.0,451.5,504.0,271,0.0,0.0
2022-12-28 00:00:00-05:00,489.29998779296875,499.79998779296875,476.70001220703125,493.5,310,0.0,0.0
2022-12-29 00:00:00-05:00,488.25,592.2000122070312,480.8999938964844,522.6900024414062,136,0.0,0.0
2022-12-30 00:00:00-05:00,501.8999938964844,580.22998046875,495.6000061035156,541.7999877929688,106,0.0,0.0
2023-01-03 00:00:00-05:00,550.2000122070312,579.5999755859375,525.0,527.0999755859375,130,0.0,0.0
2023-01-04 00:00:00-05:00,604.7999877929688,625.7999877929688,527.0999755859375,611.0999755859375,534,0.0,0.0
2023-01-05 00:00:00-05:00,623.7000122070312,661.5,592.2000122070312,602.7000122070312,510,0.0,0.0
2023-01-06 00:00:00-05:00,634.2000122070312,647.6400146484375,609.0,630.0,319,0.0,0.0
2023-01-09 00:00:00-05:00,642.5999755859375,683.5499877929688,634.2000122070312,672.0,404,0.0,0.0
2023-01-10 00:00:00-05:00,686.7000122070312,686.7000122070312,609.0,630.0,142,0.0,0.0
2023-01-11 00:00:00-05:00,590.0999755859375,636.2999877929688,590.0999755859375,636.2999877929688,81,0.0,0.0
2023-01-12 00:00:00-05:00,619.5,638.4000244140625,609.0,614.6699829101562,187,0.0,0.0
2023-01-13 00:00:00-05:00,625.7999877929688,657.2999877929688,603.75,657.2999877929688,158,0.0,0.0
2023-01-17 00:00:00-05:00,688.7999877929688,688.7999877929688,611.0999755859375,626.219970703125,172,0.0,0.0
2023-01-18 00:00:00-05:00,619.5,667.7999877929688,585.9000244140625,619.5,144,0.0,0.0
2023-01-19 00:00:00-05:00,630.0,651.0,599.5499877929688,630.0,52,0.0,0.0
2023-01-20 00:00:00-05:00,619.5,665.7000122070312,600.5999755859375,600.5999755859375,71,0.0,0.0
2023-01-23 00:00:00-05:00,621.5999755859375,630.0,605.219970703125,609.0,28,0.0,0.0
2023-01-24 00:00:00-05:00,609.0,645.75,588.0,594.2999877929688,35,0.0,0.0
2023-01-25 00:00:00-05:00,609.0,619.5,592.2000122070312,592.2000122070312,50,0.0,0.0
2023-01-26 00:00:00-05:00,619.5,630.0,594.2999877929688,619.5,99,0.0,0.0
2023-01-27 00:00:00-05:00,638.4000244140625,638.4000244140625,596.4000244140625,611.0999755859375,48,0.0,0.0
2023-01-30 00:00:00-05:00,592.2000122070312,609.0,585.9000244140625,588.0,122,0.0,0.0
2023-01-31 00:00:00-05:00,588.0,630.0,564.9000244140625,627.9000244140625,154,0.0,0.0
2023-02-01 00:00:00-05:00,630.0,630.0,594.2999877929688,609.0,100,0.0,0.0
2023-02-02 00:00:00-05:00,592.2000122070312,619.5,588.0,609.0,97,0.0,0.0
2023-02-03 00:00:00-05:00,609.0,609.0,596.4000244140625,601.6500244140625,23,0.0,0.0
2023-02-06 00:00:00-05:00,602.7000122070312,604.7999877929688,588.0,598.5,39,0.0,0.0
2023-02-07 00:00:00-05:00,598.5,598.5,579.5999755859375,584.8499755859375,76,0.0,0.0
2023-02-08 00:00:00-05:00,579.5999755859375,588.0,567.0,579.5999755859375,87,0.0,0.0
2023-02-09 00:00:00-05:00,595.77001953125,595.77001953125,567.0,581.7000122070312,26,0.0,0.0
2023-02-10 00:00:00-05:00,564.9000244140625,594.2999877929688,558.5999755859375,577.5,133,0.0,0.0
2023-02-13 00:00:00-05:00,576.4500122070312,594.2999877929688,564.9000244140625,577.5,66,0.0,0.0
2023-02-14 00:00:00-05:00,585.9000244140625,585.9000244140625,556.5,567.0,75,0.0,0.0
2023-02-15 00:00:00-05:00,563.219970703125,567.0,554.4000244140625,563.010009765625,87,0.0,0.0
2023-02-16 00:00:00-05:00,550.2000122070312,567.0,546.0,561.75,18,0.0,0.0
2023-02-17 00:00:00-05:00,550.4099731445312,577.5,548.0999755859375,558.5999755859375,108,0.0,0.0
2023-02-21 00:00:00-05:00,567.0,567.0,534.4500122070312,534.4500122070312,50,0.0,0.0
2023-02-22 00:00:00-05:00,548.3099975585938,548.3099975585938,520.7999877929688,521.8499755859375,202,0.0,0.0
2023-02-23 00:00:00-05:00,520.7999877929688,552.2999877929688,520.7999877929688,535.5,87,0.0,0.0
2023-02-24 00:00:00-05:00,546.0,546.0,525.0,525.0,22,0.0,0.0
2023-02-27 00:00:00-05:00,535.5,556.5,525.0,546.0,57,0.0,0.0
2023-02-28 00:00:00-05:00,518.7000122070312,552.2999877929688,480.8999938964844,525.0,80,0.0,0.0
2023-03-01 00:00:00-05:00,552.2999877929688,552.2999877929688,504.0,549.989990234375,34,0.0,0.0
2023-03-02 00:00:00-05:00,518.7000122070312,546.0,497.70001220703125,546.0,9,0.0,0.0
2023-03-03 00:00:00-05:00,521.4299926757812,525.0,489.29998779296875,525.0,58,0.0,0.0
2023-03-06 00:00:00-05:00,522.9000244140625,525.0,493.5,525.0,115,0.0,0.0
2023-03-07 00:00:00-05:00,493.5,523.530029296875,491.3999938964844,491.3999938964844,17,0.0,0.0
2023-03-08 00:00:00-05:00,478.79998779296875,562.7999877929688,472.9200134277344,546.0,23,0.0,0.0
2023-03-09 00:00:00-05:00,491.3999938964844,517.6500244140625,491.3999938964844,517.6500244140625,35,0.0,0.0
2023-03-10 00:00:00-05:00,529.2000122070312,539.489990234375,456.75,464.1000061035156,129,0.0,0.0
2023-03-13 00:00:00-04:00,504.0,504.0,485.1000061035156,501.8999938964844,77,0.0,0.0
2023-03-14 00:00:00-04:00,543.9000244140625,543.9000244140625,483.0,498.75,23,0.0,0.0
2023-03-15 00:00:00-04:00,493.5,504.0,480.8999938964844,480.8999938964844,74,0.0,0.0
2023-03-16 00:00:00-04:00,459.8999938964844,476.70001220703125,459.8999938964844,470.3999938964844,9,0.0,0.0
2023-03-17 00:00:00-04:00,472.5,493.5,445.20001220703125,454.6499938964844,44,0.0,0.0
2023-03-20 00:00:00-04:00,487.20001220703125,525.0,456.75,462.0,89,0.0,0.0
2023-03-21 00:00:00-04:00,567.0,567.0,445.20001220703125,468.29998779296875,371,0.0,0.0
2023-03-22 00:00:00-04:00,537.5999755859375,537.5999755859375,444.1499938964844,514.5,669,0.0,0.0
2023-03-23 00:00:00-04:00,477.75,504.0,459.8999938964844,493.5,121,0.0,0.0
2023-03-24 00:00:00-04:00,493.5,504.0,462.0,504.0,224,0.0,0.0
2023-03-27 00:00:00-04:00,483.0,499.79998779296875,457.79998779296875,483.0,84,0.0,0.0
2023-03-28 00:00:00-04:00,497.70001220703125,497.70001220703125,466.20001220703125,480.8999938964844,160,0.0,0.0
2023-03-29 00:00:00-04:00,480.8999938964844,539.7000122070312,466.20001220703125,525.0,173,0.0,0.0
2023-03-30 00:00:00-04:00,541.7999877929688,543.9000244140625,504.0,535.5,110,0.0,0.0
2023-03-31 00:00:00-04:00,546.0,567.0,533.4000244140625,562.7999877929688,107,0.0,0.0
2023-04-03 00:00:00-04:00,567.0,567.0,493.5,537.5999755859375,49,0.0,0.0
2023-04-04 00:00:00-04:00,518.7000122070312,546.0,480.8999938964844,527.0999755859375,50,0.0,0.0
2023-04-05 00:00:00-04:00,504.0,510.29998779296875,474.6000061035156,491.3999938964844,48,0.0,0.0
2023-04-06 00:00:00-04:00,474.6000061035156,514.5,474.6000061035156,493.5,24,0.0,0.0
2023-04-10 00:00:00-04:00,485.1000061035156,485.1000061035156,451.5,483.0,10,0.0,0.0
2023-04-11 00:00:00-04:00,537.5999755859375,537.5999755859375,453.6000061035156,501.8999938964844,104,0.0,0.0
2023-04-12 00:00:00-04:00,488.25,488.25,436.79998779296875,480.8999938964844,51,0.0,0.0
2023-04-13 00:00:00-04:00,472.5,472.5,447.29998779296875,447.29998779296875,85,0.0,0.0
2023-04-14 00:00:00-04:00,451.5,562.7999877929688,451.5,548.0999755859375,278,0.0,0.0
2023-04-17 00:00:00-04:00,577.5,739.2000122070312,573.2999877929688,648.9000244140625,10517,0.0,0.0
2023-04-18 00:00:00-04:00,594.2999877929688,610.260009765625,516.5999755859375,556.5,1006,0.0,0.0
2023-04-19 00:00:00-04:00,554.4000244140625,592.2000122070312,554.4000244140625,556.5,241,0.0,0.0
2023-04-20 00:00:00-04:00,556.5,581.7000122070312,516.5999755859375,518.7000122070312,227,0.0,0.0
2023-04-21 00:00:00-04:00,543.9000244140625,560.7000122070312,514.5,518.7000122070312,215,0.0,0.0
2023-04-24 00:00:00-04:00,527.3099975585938,543.9000244140625,476.70001220703125,504.0,261,0.0,0.0
2023-04-25 00:00:00-04:00,483.0,512.4000244140625,483.0,512.4000244140625,149,0.0,0.0
2023-04-26 00:00:00-04:00,496.44000244140625,512.4000244140625,493.5,495.6000061035156,119,0.0,0.0
2023-04-27 00:00:00-04:00,533.4000244140625,533.4000244140625,493.5,510.29998779296875,103,0.0,0.0
2023-04-28 00:00:00-04:00,511.7699890136719,512.4000244140625,497.70001220703125,497.70001220703125,193,0.0,0.0
2023-05-01 00:00:00-04:00,504.0,522.9000244140625,477.75,510.29998779296875,250,0.0,0.0
2023-05-02 00:00:00-04:00,567.0,609.0,489.29998779296875,577.5,4729,0.0,0.0
2023-05-03 00:00:00-04:00,596.4000244140625,648.9000244140625,567.0,625.7999877929688,1307,0.0,0.0
2023-05-04 00:00:00-04:00,604.7999877929688,669.9000244140625,591.5700073242188,661.5,626,0.0,0.0
2023-05-05 00:00:00-04:00,684.5999755859375,699.2999877929688,636.2999877929688,651.0,584,0.0,0.0
2023-05-08 00:00:00-04:00,630.0,675.1500244140625,592.2000122070312,627.9000244140625,231,0.0,0.0
2023-05-09 00:00:00-04:00,611.0999755859375,627.9000244140625,590.0999755859375,611.0999755859375,131,0.0,0.0
2023-05-10 00:00:00-04:00,609.0,621.5999755859375,590.0999755859375,598.5,135,0.0,0.0
2023-05-11 00:00:00-04:00,648.9000244140625,648.9000244140625,590.0999755859375,602.7000122070312,258,0.0,0.0
2023-05-12 00:00:00-04:00,619.5,670.3200073242188,611.0999755859375,659.4000244140625,295,0.0,0.0
2023-05-15 00:00:00-04:00,644.7000122070312,672.0,630.0,646.7999877929688,147,0.0,0.0
2023-05-16 00:00:00-04:00,663.5999755859375,672.0,620.5499877929688,646.7999877929688,333,0.0,0.0
2023-05-17 00:00:00-04:00,653.0999755859375,653.0999755859375,619.5,619.5,170,0.0,0.0
2023-05-18 00:00:00-04:00,621.5999755859375,655.2000122070312,619.5,627.9000244140625,74,0.0,0.0
2023-05-19 00:00:00-04:00,646.7999877929688,646.7999877929688,627.9000244140625,640.5,83,0.0,0.0
2023-05-22 00:00:00-04:00,638.4000244140625,638.4000244140625,592.2000122070312,592.2000122070312,107,0.0,0.0
2023-05-23 00:00:00-04:00,598.5,625.5900268554688,592.6199951171875,611.0999755859375,88,0.0,0.0
2023-05-24 00:00:00-04:00,604.7999877929688,619.5,600.3900146484375,619.5,22,0.0,0.0
2023-05-25 00:00:00-04:00,617.4000244140625,644.7000122070312,617.4000244140625,630.0,102,0.0,0.0
2023-05-26 00:00:00-04:00,623.7000122070312,640.5,609.0,630.0,88,0.0,0.0
2023-05-30 00:00:00-04:00,606.9000244140625,640.5,606.9000244140625,625.7999877929688,75,0.0,0.0
2023-05-31 00:00:00-04:00,604.7999877929688,647.8499755859375,604.7999877929688,619.5,70,0.0,0.0
2023-06-01 00:00:00-04:00,627.9000244140625,655.2000122070312,619.5,653.0999755859375,70,0.0,0.0
2023-06-02 00:00:00-04:00,630.0,661.5,630.0,640.5,195,0.0,0.0
2023-06-05 00:00:00-04:00,636.2999877929688,647.010009765625,619.5,621.5999755859375,32,0.0,0.0
2023-06-06 00:00:00-04:00,625.7999877929688,661.5,623.7000122070312,655.2000122070312,89,0.0,0.0
2023-06-07 00:00:00-04:00,634.2000122070312,661.5,634.2000122070312,657.2999877929688,119,0.0,0.0
2023-06-08 00:00:00-04:00,642.5999755859375,699.0900268554688,642.5999755859375,651.0,242,0.0,0.0
2023-06-09 00:00:00-04:00,672.0,693.0,638.4000244140625,680.4000244140625,287,0.0,0.0
2023-06-12 00:00:00-04:00,682.5,693.0,680.4000244140625,693.0,95,0.0,0.0
2023-06-13 00:00:00-04:00,672.0,768.5999755859375,672.0,750.3300170898438,1401,0.0,0.0
2023-06-14 00:00:00-04:00,762.2999877929688,808.2899780273438,724.5,751.7999877929688,1062,0.0,0.0
2023-06-15 00:00:00-04:00,741.2999877929688,783.2999877929688,663.5999755859375,737.0999755859375,529,0.0,0.0
2023-06-16 00:00:00-04:00,760.2000122070312,760.2000122070312,718.2000122070312,722.4000244140625,155,0.0,0.0
2023-06-20 00:00:00-04:00,720.2999877929688,735.0,672.0,697.2000122070312,156,0.0,0.0
2023-06-21 00:00:00-04:00,686.7000122070312,711.9000244140625,682.5,693.0,262,0.0,0.0
2023-06-22 00:00:00-04:00,701.4000244140625,758.0999755859375,654.1500244140625,728.7000122070312,310,0.0,0.0
2023-06-23 00:00:00-04:00,678.2999877929688,753.9000244140625,655.2000122070312,676.2000122070312,469,0.0,0.0
2023-06-26 00:00:00-04:00,657.2999877929688,690.9000244140625,653.0999755859375,672.0,69,0.0,0.0
2023-06-27 00:00:00-04:00,669.9000244140625,685.22998046875,651.0,655.2000122070312,54,0.0,0.0
2023-06-28 00:00:00-04:00,651.0,688.7999877929688,634.2000122070312,686.7000122070312,115,0.0,0.0
2023-06-29 00:00:00-04:00,688.7999877929688,688.7999877929688,651.0,659.4000244140625,16,0.0,0.0
2023-06-30 00:00:00-04:00,688.7999877929688,688.7999877929688,663.5999755859375,677.25,14,0.0,0.0
2023-07-03 00:00:00-04:00,681.4500122070312,693.0,617.4000244140625,642.5999755859375,100,0.0,0.0
2023-07-05 00:00:00-04:00,651.0,663.5999755859375,619.5,640.5,192,0.0,0.0
2023-07-06 00:00:00-04:00,623.7000122070312,659.4000244140625,609.0,609.0,59,0.0,0.0
2023-07-07 00:00:00-04:00,622.02001953125,648.9000244140625,613.6199951171875,630.0,20,0.0,0.0
2023-07-10 00:00:00-04:00,663.5999755859375,663.5999755859375,630.0,636.2999877929688,46,0.0,0.0
2023-07-11 00:00:00-04:00,646.7999877929688,646.7999877929688,609.0,625.1699829101562,70,0.0,0.0
2023-07-12 00:00:00-04:00,655.2000122070312,655.2000122070312,491.3999938964844,598.5,363,0.0,0.0
2023-07-13 00:00:00-04:00,594.2999877929688,667.7999877929688,590.0999755859375,609.0,40,0.0,0.0
2023-07-14 00:00:00-04:00,609.0,634.2000122070312,577.5,577.5,43,0.0,0.0
2023-07-17 00:00:00-04:00,583.7999877929688,583.7999877929688,535.5,535.5,236,0.0,0.0
2023-07-18 00:00:00-04:00,583.7999877929688,609.0,535.5,550.2000122070312,33,0.0,0.0
2023-07-19 00:00:00-04:00,529.2000122070312,554.4000244140625,405.29998779296875,434.70001220703125,1655,0.0,0.0
2023-07-20 00:00:00-04:00,417.8999938964844,451.5,417.8999938964844,438.8999938964844,339,0.0,0.0
2023-07-21 00:00:00-04:00,449.3999938964844,449.3999938964844,430.5,436.79998779296875,49,0.0,0.0
2023-07-24 00:00:00-04:00,430.5,464.1000061035156,415.79998779296875,418.1099853515625,164,0.0,0.0
2023-07-25 00:00:00-04:00,417.8999938964844,450.8699951171875,413.70001220703125,434.70001220703125,211,0.0,0.0
2023-07-26 00:00:00-04:00,434.70001220703125,441.0,420.0,441.0,66,0.0,0.0
2023-07-27 00:00:00-04:00,447.29998779296875,455.70001220703125,424.20001220703125,424.20001220703125,33,0.0,0.0
2023-07-28 00:00:00-04:00,437.8500061035156,447.29998779296875,424.20001220703125,426.29998779296875,46,0.0,0.0
2023-07-31 00:00:00-04:00,430.5,430.5,415.79998779296875,430.5,20,0.0,0.0
2023-08-01 00:00:00-04:00,430.7099914550781,445.20001220703125,421.67999267578125,443.94000244140625,44,0.0,0.0
2023-08-02 00:00:00-04:00,443.1000061035156,443.1000061035156,420.4200134277344,424.20001220703125,20,0.0,0.0
2023-08-03 00:00:00-04:00,420.0,433.2300109863281,401.1000061035156,411.6000061035156,54,0.0,0.0
2023-08-04 00:00:00-04:00,399.0,411.6000061035156,386.3999938964844,410.9700012207031,73,0.0,0.0
2023-08-07 00:00:00-04:00,392.70001220703125,434.70001220703125,380.1000061035156,434.70001220703125,73,0.0,0.0
2023-08-08 00:00:00-04:00,420.0,426.29998779296875,399.0,426.29998779296875,21,0.0,0.0
2023-08-09 00:00:00-04:00,415.79998779296875,415.79998779296875,399.0,411.6000061035156,40,0.0,0.0
2023-08-10 00:00:00-04:00,399.0,399.0,388.5,392.70001220703125,121,0.0,0.0
2023-08-11 00:00:00-04:00,392.70001220703125,392.70001220703125,382.20001220703125,383.0400085449219,27,0.0,0.0
2023-08-14 00:00:00-04:00,384.29998779296875,417.8999938964844,367.5,393.75,52,0.0,0.0
2023-08-15 00:00:00-04:00,399.0,399.0,371.70001220703125,390.6000061035156,3,0.0,0.0
2023-08-16 00:00:00-04:00,386.3999938964844,405.29998779296875,369.6000061035156,375.8999938964844,62,0.0,0.0
2023-08-17 00:00:00-04:00,363.29998779296875,373.79998779296875,346.5,357.0,110,0.0,0.0
2023-08-18 00:00:00-04:00,333.2699890136719,366.45001220703125,287.70001220703125,365.3999938964844,163,0.0,0.0
2023-08-21 00:00:00-04:00,354.8999938964844,379.260009765625,333.8999938964844,354.8999938964844,77,0.0,0.0
2023-08-22 00:00:00-04:00,344.3999938964844,405.29998779296875,344.3999938964844,367.0799865722656,28,0.0,0.0
2023-08-23 00:00:00-04:00,359.1000061035156,382.20001220703125,359.1000061035156,382.20001220703125,14,0.0,0.0
2023-08-24 00:00:00-04:00,363.29998779296875,401.1000061035156,346.5,401.1000061035156,17,0.0,0.0
2023-08-25 00:00:00-04:00,428.3999938964844,428.3999938964844,367.5,367.5,69,0.0,0.0
2023-08-28 00:00:00-04:00,376.5299987792969,404.25,346.5,364.1400146484375,34,0.0,0.0
2023-08-29 00:00:00-04:00,363.29998779296875,417.8999938964844,354.8999938964844,382.20001220703125,44,0.0,0.0
2023-08-30 00:00:00-04:00,382.20001220703125,382.20001220703125,382.20001220703125,382.20001220703125,0,0.0,0.0
2023-08-31 00:00:00-04:00,409.5,409.5,367.5,407.82000732421875,20,0.0,0.0
2023-09-01 00:00:00-04:00,407.3999938964844,407.3999938964844,407.3999938964844,407.3999938964844,2,0.0,0.0
2023-09-05 00:00:00-04:00,388.5,388.5,375.8999938964844,387.45001220703125,4,0.0,0.0
2023-09-06 00:00:00-04:00,378.0,409.5,378.0,378.0,14,0.0,0.0
2023-09-07 00:00:00-04:00,375.8999938964844,395.2200012207031,375.8999938964844,395.2200012207031,7,0.0,0.0
2023-09-08 00:00:00-04:00,378.0,399.0,378.0,399.0,8,0.0,0.0
2023-09-11 00:00:00-04:00,380.1000061035156,398.1600036621094,363.29998779296875,375.8999938964844,63,0.0,0.0
2023-09-12 00:00:00-04:00,378.0,387.45001220703125,363.29998779296875,363.29998779296875,25,0.0,0.0
2023-09-13 00:00:00-04:00,367.5,399.0,365.3999938964844,392.70001220703125,31,0.0,0.0
2023-09-14 00:00:00-04:00,378.0,388.2900085449219,363.29998779296875,363.29998779296875,7,0.0,0.0
2023-09-15 00:00:00-04:00,382.20001220703125,388.5,348.6000061035156,348.6000061035156,90,0.0,0.0
2023-09-18 00:00:00-04:00,357.0,367.9200134277344,327.6000061035156,338.1000061035156,56,0.0,0.0
2023-09-19 00:00:00-04:00,338.1000061035156,358.67999267578125,325.5,348.80999755859375,15,0.0,0.0
2023-09-20 00:00:00-04:00,315.0,357.0,315.0,336.0,6,0.0,0.0
2023-09-21 00:00:00-04:00,331.79998779296875,331.79998779296875,294.0,306.6000061035156,121,0.0,0.0
2023-09-22 00:00:00-04:00,308.9100036621094,357.0,306.6000061035156,306.6000061035156,25,0.0,0.0
2023-09-25 00:00:00-04:00,312.8999938964844,312.8999938964844,312.8999938964844,312.8999938964844,3,0.0,0.0
2023-09-26 00:00:00-04:00,346.0799865722656,346.0799865722656,298.20001220703125,319.20001220703125,7,0.0,0.0
2023-09-27 00:00:00-04:00,319.20001220703125,346.5,306.6000061035156,308.70001220703125,13,0.0,0.0
2023-09-28 00:00:00-04:00,318.1499938964844,328.6499938964844,315.0,317.1000061035156,6,0.0,0.0
2023-09-29 00:00:00-04:00,359.1000061035156,365.3999938964844,315.0,325.5,150,0.0,0.0
2023-10-02 00:00:00-04:00,346.5,386.19000244140625,318.1499938964844,348.6000061035156,229,0.0,0.0
2023-10-03 00:00:00-04:00,361.4100036621094,361.4100036621094,336.0,338.1000061035156,89,0.0,0.0
2023-10-04 00:00:00-04:00,382.20001220703125,386.3999938964844,317.1000061035156,326.54998779296875,130,0.0,0.0
2023-10-05 00:00:00-04:00,340.20001220703125,357.0,321.29998779296875,337.04998779296875,87,0.0,0.0
2023-10-06 00:00:00-04:00,336.0,352.79998779296875,322.3500061035156,338.1000061035156,49,0.0,0.0
2023-10-09 00:00:00-04:00,350.9100036621094,378.0,350.70001220703125,367.5,442,0.0,0.0
2023-10-10 00:00:00-04:00,367.5,373.79998779296875,344.3999938964844,363.29998779296875,20,0.0,0.0
2023-10-11 00:00:00-04:00,403.20001220703125,403.20001220703125,369.6000061035156,385.3500061035156,98,0.0,0.0
2023-10-12 00:00:00-04:00,373.79998779296875,388.5,371.70001220703125,388.5,8,0.0,0.0
2023-10-13 00:00:00-04:00,388.5,388.5,348.6000061035156,359.1000061035156,44,0.0,0.0
2023-10-16 00:00:00-04:00,350.70001220703125,378.8399963378906,348.6000061035156,348.6000061035156,80,0.0,0.0
2023-10-17 00:00:00-04:00,373.79998779296875,378.0,350.70001220703125,375.8999938964844,40,0.0,0.0
2023-10-18 00:00:00-04:00,380.1000061035156,386.3999938964844,357.0,357.0,57,0.0,0.0
2023-10-19 00:00:00-04:00,378.0,396.8999938964844,315.0,336.0,174,0.0,0.0
2023-10-20 00:00:00-04:00,338.1000061035156,340.20001220703125,327.6000061035156,329.70001220703125,312,0.0,0.0
2023-10-23 00:00:00-04:00,348.6000061035156,348.6000061035156,289.79998779296875,291.8999938964844,630,0.0,0.0
2023-10-24 00:00:00-04:00,308.70001220703125,315.0,289.79998779296875,300.29998779296875,174,0.0,0.0
2023-10-25 00:00:00-04:00,304.5,315.0,289.79998779296875,289.79998779296875,53,0.0,0.0
2023-10-26 00:00:00-04:00,306.3900146484375,310.79998779296875,287.70001220703125,287.70001220703125,48,0.0,0.0
2023-10-27 00:00:00-04:00,306.6000061035156,306.6000061035156,285.6000061035156,291.2699890136719,65,0.0,0.0
2023-10-30 00:00:00-04:00,304.5,306.6000061035156,284.9700012207031,304.5,19,0.0,0.0
2023-10-31 00:00:00-04:00,304.5,315.0,304.5,315.0,27,0.0,0.0
2023-11-01 00:00:00-04:00,336.0,336.0,283.5,300.29998779296875,113,0.0,0.0
2023-11-02 00:00:00-04:00,306.6000061035156,321.29998779296875,275.1000061035156,296.1000061035156,121,0.0,0.0
2023-11-03 00:00:00-04:00,294.0,313.95001220703125,270.8999938964844,304.5,110,0.0,0.0
2023-11-06 00:00:00-05:00,304.5,306.6000061035156,243.60000610351562,268.79998779296875,378,0.0,0.0
2023-11-07 00:00:00-05:00,302.3999938964844,302.3999938964844,225.75,241.5,585,0.0,0.0
2023-11-08 00:00:00-05:00,247.8000030517578,248.22000122070312,218.39999389648438,231.0,134,0.0,0.0
2023-11-09 00:00:00-05:00,241.7100067138672,241.7100067138672,203.6999969482422,203.6999969482422,120,0.0,0.0
2023-11-10 00:00:00-05:00,231.0,231.0,205.3800048828125,218.39999389648438,179,0.0,0.0
2023-11-13 00:00:00-05:00,222.60000610351562,237.3000030517578,179.5500030517578,207.89999389648438,274,0.0,0.0
2023-11-14 00:00:00-05:00,191.10000610351562,218.39999389648438,191.10000610351562,218.39999389648438,190,0.0,0.0
2023-11-15 00:00:00-05:00,214.1999969482422,249.89999389648438,194.8800048828125,218.39999389648438,191,0.0,0.0
2023-11-16 00:00:00-05:00,212.10000610351562,231.0,201.60000610351562,218.39999389648438,190,0.0,0.0
2023-11-17 00:00:00-05:00,220.5,239.39999389648438,210.0,218.39999389648438,81,0.0,0.0
2023-11-20 00:00:00-05:00,222.60000610351562,228.89999389648438,210.0,212.10000610351562,74,0.0,0.0
2023-11-21 00:00:00-05:00,214.1999969482422,228.89999389648438,212.10000610351562,222.60000610351562,47,0.0,0.0
2023-11-22 00:00:00-05:00,220.5,222.60000610351562,201.60000610351562,213.14999389648438,54,0.0,0.0
2023-11-24 00:00:00-05:00,205.8000030517578,224.6999969482422,203.27999877929688,224.6999969482422,27,0.0,0.0
2023-11-27 00:00:00-05:00,212.10000610351562,224.6999969482422,205.8000030517578,220.5,46,0.0,0.0
2023-11-28 00:00:00-05:00,214.6199951171875,228.89999389648438,214.1999969482422,228.89999389648438,82,0.0,0.0
2023-11-29 00:00:00-05:00,228.89999389648438,235.1999969482422,197.39999389648438,203.6999969482422,207,0.0,0.0
2023-11-30 00:00:00-05:00,210.0,214.1999969482422,195.3000030517578,210.0,152,0.0,0.0
2023-12-01 00:00:00-05:00,201.60000610351562,224.6999969482422,186.89999389648438,224.6999969482422,219,0.0,0.0
2023-12-04 00:00:00-05:00,210.0,228.89999389648438,201.60000610351562,210.0,150,0.0,0.0
2023-12-05 00:00:00-05:00,210.0,237.3000030517578,210.0,218.39999389648438,72,0.0,0.0
2023-12-06 00:00:00-05:00,227.85000610351562,233.10000610351562,201.80999755859375,210.0,131,0.0,0.0
2023-12-07 00:00:00-05:00,210.0,226.8000030517578,210.0,216.3000030517578,50,0.0,0.0
2023-12-08 00:00:00-05:00,231.0,231.0,214.1999969482422,218.39999389648438,30,0.0,0.0
2023-12-11 00:00:00-05:00,212.10000610351562,214.1999969482422,178.5,184.8000030517578,293,0.0,0.0
2023-12-12 00:00:00-05:00,186.89999389648438,190.88999938964844,144.89999389648438,174.92999267578125,207,0.0,0.0
2023-12-13 00:00:00-05:00,176.39999389648438,207.89999389648438,176.39999389648438,178.5,193,0.0,0.0
2023-12-14 00:00:00-05:00,189.0,194.25,168.0,170.30999755859375,77,0.0,0.0
2023-12-15 00:00:00-05:00,175.35000610351562,177.4499969482422,168.0,175.35000610351562,133,0.0,0.0
2023-12-18 00:00:00-05:00,174.3000030517578,194.4600067138672,130.1999969482422,144.89999389648438,341,0.0,0.0
2023-12-19 00:00:00-05:00,144.89999389648438,155.39999389648438,134.39999389648438,140.91000366210938,132,0.0,0.0
2023-12-20 00:00:00-05:00,140.91000366210938,191.10000610351562,140.91000366210938,177.24000549316406,463,0.0,0.0
2023-12-21 00:00:00-05:00,171.36000061035156,199.5,165.47999572753906,182.07000732421875,332,0.0,0.0
2023-12-22 00:00:00-05:00,182.07000732421875,184.8000030517578,170.72999572753906,184.8000030517578,295,0.0,0.0
2023-12-26 00:00:00-05:00,195.3000030517578,195.3000030517578,179.33999633789062,189.0,116,0.0,0.0
2023-12-27 00:00:00-05:00,183.75,205.8000030517578,183.75,203.49000549316406,513,0.0,0.0
2023-12-28 00:00:00-05:00,195.3000030517578,196.77000427246094,182.6999969482422,192.36000061035156,296,0.0,0.0
2023-12-29 00:00:00-05:00,178.5,197.39999389648438,178.5,189.0,224,0.0,0.0
2024-01-02 00:00:00-05:00,197.39999389648438,205.58999633789062,192.57000732421875,205.58999633789062,21,0.0,0.0
2024-01-03 00:00:00-05:00,195.3000030517578,231.0,191.10000610351562,231.0,231,0.0,0.0
2024-01-04 00:00:00-05:00,233.10000610351562,279.29998779296875,214.1999969482422,266.70001220703125,1079,0.0,0.0
2024-01-05 00:00:00-05:00,277.20001220703125,277.20001220703125,258.7200012207031,266.70001220703125,188,0.0,0.0
2024-01-08 00:00:00-05:00,277.20001220703125,287.70001220703125,256.20001220703125,277.20001220703125,142,0.0,0.0
2024-01-09 00:00:00-05:00,277.20001220703125,302.3999938964844,273.0,293.3699951171875,185,0.0,0.0
2024-01-10 00:00:00-05:00,302.3999938964844,325.5,268.79998779296875,306.6000061035156,390,0.0,0.0
2024-01-11 00:00:00-05:00,312.8999938964844,317.1000061035156,283.5,310.79998779296875,91,0.0,0.0
2024-01-12 00:00:00-05:00,315.0,315.0,294.0,294.0,101,0.0,0.0
2024-01-16 00:00:00-05:00,300.29998779296875,312.8999938964844,294.0,298.20001220703125,30,0.0,0.0
2024-01-17 00:00:00-05:00,297.1499938964844,320.8800048828125,297.1499938964844,306.6000061035156,34,0.0,0.0
2024-01-18 00:00:00-05:00,300.29998779296875,351.3299865722656,300.29998779296875,306.6000061035156,625,0.0,0.0
2024-01-19 00:00:00-05:00,333.8999938964844,333.8999938964844,300.29998779296875,300.29998779296875,121,0.0,0.0
2024-01-22 00:00:00-05:00,308.70001220703125,312.8999938964844,271.5299987792969,273.0,230,0.0,0.0
2024-01-23 00:00:00-05:00,291.8999938964844,310.79998779296875,283.5,294.0,380,0.0,0.0
2024-01-24 00:00:00-05:00,298.20001220703125,300.29998779296875,245.6999969482422,247.8000030517578,288,0.0,0.0
2024-01-25 00:00:00-05:00,249.89999389648438,285.6000061035156,245.6999969482422,270.8999938964844,192,0.0,0.0
2024-01-26 00:00:00-05:00,282.45001220703125,285.6000061035156,268.79998779296875,285.6000061035156,166,0.0,0.0
2024-01-29 00:00:00-05:00,283.5,283.5,262.5,268.79998779296875,282,0.0,0.0
2024-01-30 00:00:00-05:00,258.29998779296875,268.79998779296875,252.0,254.10000610351562,175,0.0,0.0
2024-01-31 00:00:00-05:00,254.10000610351562,260.3999938964844,245.6999969482422,249.89999389648438,126,0.0,0.0
2024-02-01 00:00:00-05:00,252.0,252.0,249.89999389648438,252.0,96,0.0,0.0
2024-02-02 00:00:00-05:00,252.0,264.6000061035156,252.0,252.0,251,0.0,0.0
2024-02-05 00:00:00-05:00,270.8999938964844,270.8999938964844,252.0,254.10000610351562,82,0.0,0.0
2024-02-06 00:00:00-05:00,252.0,273.0,247.8000030517578,273.0,104,0.0,0.0
2024-02-07 00:00:00-05:00,285.6000061035156,287.70001220703125,275.1000061035156,277.20001220703125,68,0.0,0.0
2024-02-08 00:00:00-05:00,281.3999938964844,312.8999938964844,279.29998779296875,294.0,447,0.0,0.0
2024-02-09 00:00:00-05:00,294.0,304.5,291.8999938964844,298.20001220703125,74,0.0,0.0
2024-02-12 00:00:00-05:00,308.07000732421875,308.70001220703125,298.8299865722656,301.7699890136719,156,0.0,0.0
2024-02-13 00:00:00-05:00,275.1000061035156,300.29998779296875,275.1000061035156,289.79998779296875,74,0.0,0.0
2024-02-14 00:00:00-05:00,294.0,310.79998779296875,285.6000061035156,299.25,130,0.0,0.0
2024-02-15 00:00:00-05:00,294.0,298.20001220703125,281.3999938964844,289.79998779296875,242,0.0,0.0
2024-02-16 00:00:00-05:00,294.8399963378906,312.8999938964844,289.79998779296875,291.8999938964844,159,0.0,0.0
2024-02-20 00:00:00-05:00,237.3000030517578,254.10000610351562,222.60000610351562,249.89999389648438,5140,0.0,0.0
2024-02-21 00:00:00-05:00,245.6999969482422,258.29998779296875,216.3000030517578,239.39999389648438,436,0.0,0.0
2024-02-22 00:00:00-05:00,233.10000610351562,289.79998779296875,231.0,281.3999938964844,383,0.0,0.0
2024-02-23 00:00:00-05:00,273.0,294.0,256.20001220703125,256.20001220703125,230,0.0,0.0
2024-02-26 00:00:00-05:00,274.04998779296875,275.1000061035156,256.20001220703125,262.5,127,0.0,0.0
2024-02-27 00:00:00-05:00,262.5,262.5,241.5,241.5,75,0.0,0.0
2024-02-28 00:00:00-05:00,241.5,250.52999877929688,220.5,222.60000610351562,578,0.0,0.0
2024-02-29 00:00:00-05:00,235.1999969482422,237.3000030517578,226.8000030517578,228.89999389648438,165,0.0,0.0
2024-03-01 00:00:00-05:00,233.10000610351562,235.1999969482422,212.52000427246094,227.85000610351562,168,0.0,0.0
2024-03-04 00:00:00-05:00,228.89999389648438,237.3000030517578,220.5,231.0,178,0.0,0.0
2024-03-05 00:00:00-05:00,233.10000610351562,233.10000610351562,212.10000610351562,220.5,181,0.0,0.0
2024-03-06 00:00:00-05:00,222.60000610351562,228.89999389648438,216.3000030517578,224.6999969482422,42,0.0,0.0
2024-03-07 00:00:00-05:00,231.0,231.0,220.5,226.8000030517578,38,0.0,0.0
2024-03-08 00:00:00-05:00,241.5,241.5,226.8000030517578,226.8000030517578,40,0.0,0.0
2024-03-11 00:00:00-04:00,231.0,231.0,224.6999969482422,227.85000610351562,35,0.0,0.0
2024-03-12 00:00:00-04:00,228.89999389648438,241.5,226.8000030517578,240.4499969482422,108,0.0,0.0
2024-03-13 00:00:00-04:00,241.5,252.0,226.8000030517578,239.39999389648438,93,0.0,0.0
2024-03-14 00:00:00-04:00,239.39999389648438,304.5,239.39999389648438,262.5,948,0.0,0.0
2024-03-15 00:00:00-04:00,262.5,281.3999938964844,262.5,273.0,216,0.0,0.0
2024-03-18 00:00:00-04:00,275.1000061035156,286.6499938964844,262.5,268.79998779296875,88,0.0,0.0
2024-03-19 00:00:00-04:00,270.8999938964844,275.1000061035156,258.29998779296875,258.29998779296875,307,0.0,0.0
2024-03-20 00:00:00-04:00,262.5,273.0,260.3999938964844,273.0,50,0.0,0.0
2024-03-21 00:00:00-04:00,277.20001220703125,296.1000061035156,273.0,283.5,148,0.0,0.0
2024-03-22 00:00:00-04:00,285.6000061035156,304.5,277.20001220703125,283.5,630,0.0,0.0
2024-03-25 00:00:00-04:00,282.45001220703125,282.45001220703125,262.5,281.3999938964844,275,0.0,0.0
2024-03-26 00:00:00-04:00,283.5,283.5,268.79998779296875,278.25,118,0.0,0.0
2024-03-27 00:00:00-04:00,285.6000061035156,285.6000061035156,261.45001220703125,264.6000061035156,180,0.0,0.0
2024-03-28 00:00:00-04:00,273.0,282.239990234375,237.3000030517578,262.5,422,0.0,0.0
2024-04-01 00:00:00-04:00,254.10000610351562,262.5,235.1999969482422,235.1999969482422,248,0.0,0.0
2024-04-02 00:00:00-04:00,252.0,252.0,220.5,225.75,675,0.0,0.0
2024-04-03 00:00:00-04:00,233.10000610351562,241.5,212.10000610351562,236.25,730,0.0,0.0
2024-04-04 00:00:00-04:00,189.0,199.5,157.5,168.0,4074,0.0,0.0
2024-04-05 00:00:00-04:00,168.0,178.5,155.39999389648438,170.10000610351562,1545,0.0,0.0
2024-04-08 00:00:00-04:00,174.50999450683594,174.50999450683594,157.5,161.6999969482422,903,0.0,0.0
2024-04-09 00:00:00-04:00,163.8000030517578,165.89999389648438,147.0,156.4499969482422,732,0.0,0.0
2024-04-10 00:00:00-04:00,155.39999389648438,159.38999938964844,141.75,151.1999969482422,490,0.0,0.0
2024-04-11 00:00:00-04:00,157.2899932861328,157.5,147.0,148.88999938964844,375,0.0,0.0
2024-04-12 00:00:00-04:00,137.75999450683594,153.3000030517578,132.3000030517578,145.74000549316406,400,0.0,0.0
2024-04-15 00:00:00-04:00,150.77999877929688,156.4499969482422,140.6999969482422,142.8000030517578,271,0.0,0.0
2024-04-16 00:00:00-04:00,148.47000122070312,158.97000122070312,147.0,151.1999969482422,254,0.0,0.0
2024-04-17 00:00:00-04:00,154.35000610351562,155.39999389648438,144.89999389648438,145.9499969482422,421,0.0,0.0
2024-04-18 00:00:00-04:00,151.1999969482422,163.3800048828125,147.0,147.0,234,0.0,0.0
2024-04-19 00:00:00-04:00,151.1999969482422,157.0800018310547,147.0,153.3000030517578,857,0.0,0.0
2024-04-22 00:00:00-04:00,151.1999969482422,168.0,151.1999969482422,155.39999389648438,330,0.0,0.0
2024-04-23 00:00:00-04:00,161.6999969482422,161.6999969482422,151.1999969482422,151.41000366210938,130,0.0,0.0
2024-04-24 00:00:00-04:00,157.2899932861328,157.2899932861328,151.1999969482422,154.13999938964844,298,0.0,0.0
2024-04-25 00:00:00-04:00,151.1999969482422,157.5,147.2100067138672,149.10000610351562,211,0.0,0.0
2024-04-26 00:00:00-04:00,150.14999389648438,154.97999572753906,145.9499969482422,147.0,377,0.0,0.0
2024-04-29 00:00:00-04:00,147.4199981689453,155.39999389648438,144.89999389648438,150.57000732421875,536,0.0,0.0
2024-04-30 00:00:00-04:00,153.3000030517578,154.97999572753906,148.0500030517578,150.99000549316406,1503,0.0,0.0
2024-05-01 00:00:00-04:00,156.8699951171875,156.8699951171875,149.10000610351562,156.66000366210938,455,0.0,0.0
2024-05-02 00:00:00-04:00,158.75999450683594,158.75999450683594,151.1999969482422,151.41000366210938,284,0.0,0.0
2024-05-03 00:00:00-04:00,157.5,159.17999267578125,150.77999877929688,155.39999389648438,458,0.0,0.0
2024-05-06 00:00:00-04:00,159.60000610351562,197.39999389648438,157.5,165.89999389648438,625,0.0,0.0
2024-05-07 00:00:00-04:00,163.8000030517578,176.39999389648438,163.8000030517578,166.11000061035156,233,0.0,0.0
2024-05-08 00:00:00-04:00,170.10000610351562,170.10000610351562,163.8000030517578,166.9499969482422,68,0.0,0.0
2024-05-09 00:00:00-04:00,166.9499969482422,180.60000610351562,164.00999450683594,171.99000549316406,305,0.0,0.0
2024-05-10 00:00:00-04:00,178.2899932861328,178.2899932861328,164.00999450683594,166.11000061035156,327,0.0,0.0
2024-05-13 00:00:00-04:00,170.10000610351562,170.10000610351562,151.41000366210938,163.3800048828125,202,0.0,0.0
2024-05-14 00:00:00-04:00,162.75,162.75,155.39999389648438,157.2899932861328,759,0.0,0.0
2024-05-15 00:00:00-04:00,149.10000610351562,149.10000610351562,83.79000091552734,84.0,6910,0.0,0.0
2024-05-16 00:00:00-04:00,78.75,92.4000015258789,73.91999816894531,92.4000015258789,4006,0.0,0.0
2024-05-17 00:00:00-04:00,88.19999694824219,88.19999694824219,70.13999938964844,71.4000015258789,4551,0.0,0.0
2024-05-20 00:00:00-04:00,74.55000305175781,77.69999694824219,63.630001068115234,71.4000015258789,2454,0.0,0.0
2024-05-21 00:00:00-04:00,71.61000061035156,75.5999984741211,67.83000183105469,71.4000015258789,1256,0.0,0.0
2024-05-22 00:00:00-04:00,73.5,73.5,67.19999694824219,69.30000305175781,1711,0.0,0.0
2024-05-23 00:00:00-04:00,70.55999755859375,71.4000015258789,65.30999755859375,66.1500015258789,1816,0.0,0.0
2024-05-24 00:00:00-04:00,67.19999694824219,73.91999816894531,65.0999984741211,71.4000015258789,1692,0.0,0.0
2024-05-28 00:00:00-04:00,71.4000015258789,86.7300033569336,68.87999725341797,85.26000213623047,3279,0.0,0.0
2024-05-29 00:00:00-04:00,77.27999877929688,83.16000366210938,75.80999755859375,79.16999816894531,860,0.0,0.0
2024-05-30 00:00:00-04:00,79.80000305175781,80.8499984741211,75.5999984741211,79.58999633789062,524,0.0,0.0
2024-05-31 00:00:00-04:00,80.8499984741211,85.05000305175781,79.58999633789062,84.83999633789062,550,0.0,0.0
2024-06-03 00:00:00-04:00,84.0,99.95999908447266,79.80000305175781,91.13999938964844,1964,0.0,0.0
2024-06-04 00:00:00-04:00,93.23999786376953,94.5,84.0,85.88999938964844,585,0.0,0.0
2024-06-05 00:00:00-04:00,86.0999984741211,90.30000305175781,82.31999969482422,86.0999984741211,490,0.0,0.0
2024-06-06 00:00:00-04:00,87.1500015258789,87.1500015258789,78.54000091552734,80.01000213623047,3532,0.0,0.0
2024-06-07 00:00:00-04:00,79.80000305175781,88.19999694824219,76.6500015258789,84.0,1416,0.0,0.0
2024-06-10 00:00:00-04:00,171.57000732421875,243.60000610351562,126.0,182.49000549316406,1589123,0.0,0.0
2024-06-11 00:00:00-04:00,214.1999969482422,237.3000030517578,184.8000030517578,214.1999969482422,189603,0.0,0.0
2024-06-12 00:00:00-04:00,178.0800018310547,195.3000030517578,138.60000610351562,153.3000030517578,38505,0.0,0.0
2024-06-13 00:00:00-04:00,129.57000732421875,134.39999389648438,105.0,112.3499984741211,22650,0.0,0.0
2024-06-14 00:00:00-04:00,110.25,142.8000030517578,100.80000305175781,121.16999816894531,16311,0.0,0.0
2024-06-17 00:00:00-04:00,118.86000061035156,128.10000610351562,97.86000061035156,106.05000305175781,8636,0.0,0.0
2024-06-18 00:00:00-04:00,108.36000061035156,113.19000244140625,103.52999877929688,108.77999877929688,2910,0.0,0.0
2024-06-20 00:00:00-04:00,108.77999877929688,111.51000213623047,90.30000305175781,96.80999755859375,4653,0.0,0.0
2024-06-21 00:00:00-04:00,93.87000274658203,94.5,87.77999877929688,91.3499984741211,2300,0.0,0.0
2024-06-24 00:00:00-04:00,88.62000274658203,101.43000030517578,86.0999984741211,97.0199966430664,3003,0.0,0.0
2024-06-25 00:00:00-04:00,98.69999694824219,104.79000091552734,90.72000122070312,94.5,1681,0.0,0.0
2024-06-26 00:00:00-04:00,98.27999877929688,100.80000305175781,89.25,97.6500015258789,1509,0.0,0.0
2024-06-27 00:00:00-04:00,97.0199966430664,98.69999694824219,90.72000122070312,97.2300033569336,1303,0.0,0.0
2024-06-28 00:00:00-04:00,96.18000030517578,98.69999694824219,93.66000366210938,97.2300033569336,1509,0.0,0.0
2024-07-01 00:00:00-04:00,94.29000091552734,97.0199966430664,90.51000213623047,91.9800033569336,1398,0.0,0.0
2024-07-02 00:00:00-04:00,90.93000030517578,90.93000030517578,84.0,84.41999816894531,3148,0.0,0.0
2024-07-03 00:00:00-04:00,84.41999816894531,85.88999938964844,71.4000015258789,77.69999694824219,3427,0.0,0.0
2024-07-05 00:00:00-04:00,76.2300033569336,84.0,75.5999984741211,77.69999694824219,1183,0.0,0.0
2024-07-08 00:00:00-04:00,77.27999877929688,77.69999694824219,69.30000305175781,71.4000015258789,2484,0.0,0.0
2024-07-09 00:00:00-04:00,73.29000091552734,73.29000091552734,65.0999984741211,65.30999755859375,2538,0.0,0.0
2024-07-10 00:00:00-04:00,65.0999984741211,77.27999877929688,65.0999984741211,73.5,2549,0.0,0.0
2024-07-11 00:00:00-04:00,73.5,74.12999725341797,68.66999816894531,70.55999755859375,1545,0.0,0.0
2024-07-12 00:00:00-04:00,69.30000305175781,72.44999694824219,67.62000274658203,69.72000122070312,782,0.0,0.0
2024-07-15 00:00:00-04:00,68.25,71.81999969482422,67.19999694824219,71.4000015258789,748,0.0,0.0
2024-07-16 00:00:00-04:00,73.08000183105469,101.63999938964844,71.4000015258789,84.0,13966,0.0,0.0
2024-07-17 00:00:00-04:00,86.0999984741211,116.97000122070312,79.80000305175781,89.87999725341797,19424,0.0,0.0
2024-07-18 00:00:00-04:00,86.0999984741211,87.98999786376953,77.06999969482422,82.73999786376953,4185,0.0,0.0
2024-07-19 00:00:00-04:00,81.9000015258789,82.31999969482422,77.06999969482422,81.4800033569336,763,0.0,0.0
2024-07-22 00:00:00-04:00,81.9000015258789,86.0999984741211,81.9000015258789,81.9000015258789,978,0.0,0.0
2024-07-23 00:00:00-04:00,83.58000183105469,83.58000183105469,71.4000015258789,75.5999984741211,1353,0.0,0.0
2024-07-24 00:00:00-04:00,77.06999969482422,82.73999786376953,67.41000366210938,70.9800033569336,1418,0.0,0.0
2024-07-25 00:00:00-04:00,72.44999694824219,77.69999694824219,66.77999877929688,73.5,995,0.0,0.0
2024-07-26 00:00:00-04:00,73.29000091552734,74.97000122070312,67.19999694824219,68.66999816894531,2573,0.0,0.0
2024-07-29 00:00:00-04:00,69.93000030517578,69.93000030517578,56.90999984741211,60.060001373291016,4124,0.0,0.0
2024-07-30 00:00:00-04:00,60.900001525878906,63.0,58.79999923706055,60.060001373291016,1262,0.0,0.0
2024-07-31 00:00:00-04:00,59.849998474121094,60.900001525878906,58.79999923706055,59.220001220703125,1110,0.0,0.0
2024-08-01 00:00:00-04:00,60.060001373291016,69.30000305175781,60.060001373291016,68.87999725341797,1807,0.0,0.0
2024-08-02 00:00:00-04:00,68.45999908447266,71.4000015258789,61.529998779296875,63.0,546,0.0,0.0
2024-08-05 00:00:00-04:00,55.86000061035156,55.86000061035156,44.310001373291016,52.290000915527344,3343,0.0,0.0
2024-08-06 00:00:00-04:00,53.34000015258789,53.34000015258789,48.29999923706055,51.869998931884766,1356,0.0,0.0
2024-08-07 00:00:00-04:00,50.400001525878906,52.5,45.9900016784668,49.13999938964844,791,0.0,0.0
2024-08-08 00:00:00-04:00,50.81999969482422,51.029998779296875,48.29999923706055,51.029998779296875,571,0.0,0.0
2024-08-09 00:00:00-04:00,50.61000061035156,52.709999084472656,49.97999954223633,51.45000076293945,340,0.0,0.0
2024-08-12 00:00:00-04:00,35.70000076293945,36.75,27.510000228881836,31.079999923706055,22916,0.0,0.0
2024-08-13 00:00:00-04:00,29.610000610351562,34.02000045776367,27.93000030517578,30.030000686645508,10605,0.0,0.0
2024-08-14 00:00:00-04:00,31.290000915527344,33.599998474121094,28.559999465942383,28.770000457763672,38425,0.0,0.0
2024-08-15 00:00:00-04:00,28.979999542236328,29.399999618530273,26.459999084472656,28.139999389648438,8560,0.0,0.0
2024-08-16 00:00:00-04:00,28.139999389648438,29.81999969482422,27.299999237060547,28.979999542236328,3226,0.0,0.0
2024-08-19 00:00:00-04:00,29.399999618530273,31.709999084472656,27.93000030517578,29.399999618530273,4042,0.0,0.0
2024-08-20 00:00:00-04:00,29.81999969482422,36.119998931884766,29.81999969482422,33.38999938964844,17041,0.0,0.0
2024-08-21 00:00:00-04:00,33.599998474121094,35.06999969482422,30.8700008392334,33.18000030517578,3925,0.0,0.0
2024-08-22 00:00:00-04:00,32.130001068115234,34.650001525878906,32.130001068115234,32.34000015258789,2921,0.0,0.0
2024-08-23 00:00:00-04:00,34.439998626708984,38.849998474121094,32.130001068115234,33.599998474121094,13416,0.0,0.0
2024-08-26 00:00:00-04:00,33.599998474121094,34.86000061035156,30.450000762939453,32.970001220703125,3286,0.0,0.0
2024-08-27 00:00:00-04:00,33.599998474121094,33.599998474121094,30.030000686645508,31.5,3553,0.0,0.0
2024-08-28 00:00:00-04:00,31.290000915527344,32.34000015258789,27.299999237060547,28.139999389648438,3871,0.0,0.0
2024-08-29 00:00:00-04:00,28.350000381469727,30.030000686645508,27.719999313354492,28.979999542236328,1269,0.0,0.0
2024-08-30 00:00:00-04:00,29.399999618530273,31.290000915527344,28.979999542236328,31.290000915527344,1442,0.0,0.0
2024-09-03 00:00:00-04:00,31.079999923706055,31.079999923706055,28.350000381469727,30.239999771118164,829,0.0,0.0
2024-09-04 00:00:00-04:00,30.239999771118164,31.079999923706055,28.979999542236328,30.65999984741211,933,0.0,0.0
2024-09-05 00:00:00-04:00,30.65999984741211,34.86000061035156,28.979999542236328,33.599998474121094,3331,0.0,0.0
2024-09-06 00:00:00-04:00,32.54999923706055,33.599998474121094,28.979999542236328,28.979999542236328,3446,0.0,0.0
2024-09-09 00:00:00-04:00,30.239999771118164,30.239999771118164,28.559999465942383,28.979999542236328,621,0.0,0.0
2024-09-10 00:00:00-04:00,29.399999618530273,31.5,29.399999618530273,29.610000610351562,1135,0.0,0.0
2024-09-11 00:00:00-04:00,29.81999969482422,31.079999923706055,28.350000381469727,30.450000762939453,1187,0.0,0.0
2024-09-12 00:00:00-04:00,29.610000610351562,30.65999984741211,29.610000610351562,30.450000762939453,440,0.0,0.0
2024-09-13 00:00:00-04:00,29.610000610351562,31.5,29.399999618530273,31.079999923706055,815,0.0,0.0
2024-09-16 00:00:00-04:00,31.079999923706055,32.54999923706055,29.610000610351562,32.130001068115234,541,0.0,0.0
2024-09-17 00:00:00-04:00,31.920000076293945,32.130001068115234,30.030000686645508,30.8700008392334,188,0.0,0.0
2024-09-18 00:00:00-04:00,31.5,31.5,30.239999771118164,30.8700008392334,357,0.0,0.0
2024-09-19 00:00:00-04:00,31.5,31.5,30.450000762939453,31.079999923706055,570,0.0,0.0
2024-09-20 00:00:00-04:00,31.5,36.75,30.8700008392334,35.06999969482422,3032,0.0,0.0
2024-09-23 00:00:00-04:00,35.4900016784668,35.70000076293945,32.54999923706055,32.54999923706055,622,0.0,0.0
2024-09-24 00:00:00-04:00,32.34000015258789,33.599998474121094,32.130001068115234,32.54999923706055,753,0.0,0.0
2024-09-25 00:00:00-04:00,33.18000030517578,33.599998474121094,31.5,33.18000030517578,1258,0.0,0.0
2024-09-26 00:00:00-04:00,33.599998474121094,38.220001220703125,32.54999923706055,34.22999954223633,3084,0.0,0.0
2024-09-27 00:00:00-04:00,34.650001525878906,34.650001525878906,32.7599983215332,34.02000045776367,660,0.0,0.0
2024-09-30 00:00:00-04:00,34.02000045776367,35.06999969482422,31.920000076293945,32.34000015258789,838,0.0,0.0
2024-10-01 00:00:00-04:00,32.34000015258789,34.439998626708984,32.34000015258789,33.18000030517578,626,0.0,0.0
2024-10-02 00:00:00-04:00,35.06999969482422,36.540000915527344,33.18000030517578,35.06999969482422,1175,0.0,0.0
2024-10-03 00:00:00-04:00,35.90999984741211,35.90999984741211,33.599998474121094,35.06999969482422,365,0.0,0.0
2024-10-04 00:00:00-04:00,34.439998626708984,35.06999969482422,32.54999923706055,34.650001525878906,854,0.0,0.0
2024-10-07 00:00:00-04:00,34.650001525878906,35.70000076293945,32.130001068115234,35.06999969482422,1587,0.0,0.0
2024-10-08 00:00:00-04:00,35.06999969482422,35.06999969482422,32.34000015258789,33.599998474121094,440,0.0,0.0
2024-10-09 00:00:00-04:00,33.599998474121094,34.02000045776367,30.030000686645508,31.709999084472656,941,0.0,0.0
2024-10-10 00:00:00-04:00,31.5,33.38999938964844,31.290000915527344,31.5,696,0.0,0.0
2024-10-11 00:00:00-04:00,31.079999923706055,31.5,28.559999465942383,31.290000915527344,1060,0.0,0.0
2024-10-14 00:00:00-04:00,31.079999923706055,31.290000915527344,29.610000610351562,31.079999923706055,494,0.0,0.0
2024-10-15 00:00:00-04:00,30.239999771118164,31.5,29.81999969482422,30.239999771118164,536,0.0,0.0
2024-10-16 00:00:00-04:00,30.030000686645508,30.239999771118164,28.979999542236328,29.81999969482422,270,0.0,0.0
2024-10-17 00:00:00-04:00,29.81999969482422,30.450000762939453,28.979999542236328,29.610000610351562,1514,0.0,0.0
2024-10-18 00:00:00-04:00,27.510000228881836,31.290000915527344,27.510000228881836,30.450000762939453,1001,0.0,0.0
2024-10-21 00:00:00-04:00,30.450000762939453,31.920000076293945,28.350000381469727,28.350000381469727,2208,0.0,0.0
2024-10-22 00:00:00-04:00,29.190000534057617,29.81999969482422,24.360000610351562,24.989999771118164,4250,0.0,0.0
2024-10-23 00:00:00-04:00,29.610000610351562,63.630001068115234,27.299999237060547,53.130001068115234,331186,0.0,0.1
2024-10-24 00:00:00-04:00,36.33000183105469,38.220001220703125,31.079999923706055,31.5,34681,0.0,0.0
2024-10-25 00:00:00-04:00,32.7599983215332,52.5,32.54999923706055,36.959999084472656,125862,0.0,0.0
2024-10-28 00:00:00-04:00,34.02000045776367,37.16999816894531,31.5,31.709999084472656,13886,0.0,0.0
2024-10-29 00:00:00-04:00,30.8700008392334,31.079999923706055,24.149999618530273,24.989999771118164,26186,0.0,0.0
2024-10-30 00:00:00-04:00,23.729999542236328,24.947999954223633,21.420000076293945,23.520000457763672,15133,0.0,0.0
2024-10-31 00:00:00-04:00,20.790000915527344,22.049999237060547,18.92099952697754,19.530000686645508,46014,0.0,0.0
2024-11-01 00:00:00-04:00,18.899999618530273,20.579999923706055,18.500999450683594,19.509000778198242,5862,0.0,0.0
2024-11-04 00:00:00-05:00,20.3700008392334,20.579999923706055,18.795000076293945,18.878999710083008,4010,0.0,0.0
2024-11-05 00:00:00-05:00,19.089000701904297,19.089000701904297,14.90999984741211,16.065000534057617,14929,0.0,0.0
2024-11-06 00:00:00-05:00,16.54800033569336,16.54800033569336,14.699999809265137,15.498000144958496,7829,0.0,0.0
2024-11-07 00:00:00-05:00,15.329999923706055,16.59000015258789,15.03600025177002,15.980999946594238,12938,0.0,0.0
2024-11-08 00:00:00-05:00,15.960000038146973,15.960000038146973,14.805000305175781,15.329999923706055,11281,0.0,0.0
2024-11-11 00:00:00-05:00,15.539999961853027,16.253999710083008,15.35099983215332,15.35099983215332,7562,0.0,0.0
2024-11-12 00:00:00-05:00,15.35099983215332,15.939000129699707,15.329999923706055,15.708000183105469,1490,0.0,0.0
2024-11-13 00:00:00-05:00,15.539999961853027,17.114999771118164,15.329999923706055,15.645000457763672,17286,0.0,0.0
2024-11-14 00:00:00-05:00,15.75,15.75,13.649999618530273,14.112000465393066,8895,0.0,0.0
2024-11-15 00:00:00-05:00,14.90999984741211,14.90999984741211,12.600000381469727,13.145999908447266,6529,0.0,0.0
2024-11-18 00:00:00-05:00,13.229999542236328,13.649999618530273,11.151000022888184,12.390000343322754,12238,0.0,0.0
2024-11-19 00:00:00-05:00,12.28499984741211,13.4399995803833,11.88599967956543,13.314000129699707,3710,0.0,0.0
2024-11-20 00:00:00-05:00,13.229999542236328,14.699999809265137,13.229999542236328,13.755000114440918,5895,0.0,0.0
2024-11-21 00:00:00-05:00,13.755000114440918,16.757999420166016,13.755000114440918,16.170000076293945,9233,0.0,0.0
2024-11-22 00:00:00-05:00,17.010000228881836,20.30699920654297,16.59000015258789,17.7450008392334,58662,0.0,0.0
2024-11-25 00:00:00-05:00,16.59000015258789,17.219999313354492,14.720999717712402,15.75,11419,0.0,0.0
2024-11-26 00:00:00-05:00,15.329999923706055,17.913000106811523,14.699999809265137,16.69499969482422,112862,0.0,0.0
2024-11-27 00:00:00-05:00,15.119999885559082,15.581999778747559,13.4399995803833,14.90999984741211,20662,0.0,0.0
2024-11-29 00:00:00-05:00,14.489999771118164,17.43000030517578,13.670999526977539,16.54800033569336,26952,0.0,0.0
2024-12-02 00:00:00-05:00,17.43000030517578,19.17300033569336,15.87600040435791,16.905000686645508,38210,0.0,0.0
2024-12-03 00:00:00-05:00,16.3799991607666,17.43000030517578,14.489999771118164,14.699999809265137,14519,0.0,0.0
2024-12-04 00:00:00-05:00,15.329999923706055,15.939000129699707,14.657999992370605,15.309000015258789,7333,0.0,0.0
2024-12-05 00:00:00-05:00,14.678999900817871,15.015000343322754,14.006999969482422,14.699999809265137,4748,0.0,0.0
2024-12-06 00:00:00-05:00,14.657999992370605,14.90999984741211,14.069999694824219,14.489999771118164,4590,0.0,0.0
2024-12-09 00:00:00-05:00,13.96500015258789,14.678999900817871,13.670999526977539,14.069999694824219,6186,0.0,0.0
2024-12-10 00:00:00-05:00,13.649999618530273,13.755000114440918,12.642000198364258,12.85200023651123,6038,0.0,0.0
2024-12-11 00:00:00-05:00,13.376999855041504,13.628999710083008,12.600000381469727,13.229999542236328,3629,0.0,0.0
2024-12-12 00:00:00-05:00,13.041000366210938,13.418999671936035,12.746999740600586,12.8100004196167,2619,0.0,0.0
2024-12-13 00:00:00-05:00,13.208999633789062,13.355999946594238,12.8100004196167,13.314000129699707,1333,0.0,0.0
2024-12-16 00:00:00-05:00,13.314000129699707,15.456000328063965,12.8100004196167,15.288000106811523,404681,0.0,0.0
2024-12-17 00:00:00-05:00,24.989999771118164,31.5,14.994000434875488,17.639999389648438,3852605,0.0,0.0
2024-12-18 00:00:00-05:00,14.784000396728516,15.413999557495117,11.130000114440918,13.461000442504883,199538,0.0,0.0
2024-12-19 00:00:00-05:00,13.4399995803833,13.859999656677246,11.381999969482422,13.229999542236328,91938,0.0,0.0
2024-12-20 00:00:00-05:00,12.831000328063965,13.713000297546387,12.074999809265137,12.642000198364258,36343,0.0,0.0
2024-12-23 00:00:00-05:00,13.083000183105469,13.166999816894531,10.751999855041504,11.654999732971191,49729,0.0,0.0
2024-12-24 00:00:00-05:00,11.361000061035156,12.116999626159668,11.024999618530273,11.550000190734863,160452,0.0,0.0
2024-12-26 00:00:00-05:00,13.713000297546387,15.288000106811523,12.369000434875488,13.776000022888184,598700,0.0,0.0
2024-12-27 00:00:00-05:00,15.119999885559082,15.119999885559082,13.229999542236328,14.51099967956543,181010,0.0,0.0
2024-12-30 00:00:00-05:00,13.859999656677246,15.560999870300293,12.600000381469727,15.03600025177002,118667,0.0,0.0
2024-12-31 00:00:00-05:00,15.309000015258789,15.645000457763672,14.069999694824219,14.699999809265137,75857,0.0,0.0
2025-01-02 00:00:00-05:00,14.196000099182129,16.04400062561035,13.187999725341797,15.960000038146973,141024,0.0,0.0
2025-01-03 00:00:00-05:00,16.3799991607666,18.207000732421875,16.170000076293945,17.53499984741211,138981,0.0,0.0
2025-01-06 00:00:00-05:00,20.3700008392334,20.790000915527344,16.170000076293945,17.156999588012695,673133,0.0,0.0
2025-01-07 00:00:00-05:00,16.799999237060547,16.799999237060547,14.90999984741211,15.371999740600586,80576,0.0,0.0
2025-01-08 00:00:00-05:00,14.069999694824219,14.826000213623047,13.020000457763672,14.300999641418457,66248,0.0,0.0
2025-01-10 00:00:00-05:00,13.96500015258789,14.762999534606934,13.355999946594238,14.279999732971191,35610,0.0,0.0
2025-01-13 00:00:00-05:00,13.335000038146973,13.859999656677246,12.600000381469727,13.859999656677246,30167,0.0,0.0
2025-01-14 00:00:00-05:00,14.048999786376953,14.048999786376953,13.229999542236328,13.670999526977539,12857,0.0,0.0
2025-01-15 00:00:00-05:00,13.293000221252441,13.628999710083008,12.8100004196167,13.125,18052,0.0,0.0
2025-01-16 00:00:00-05:00,13.4399995803833,13.4399995803833,12.390000343322754,12.85200023651123,17514,0.0,0.0
2025-01-17 00:00:00-05:00,12.8100004196167,13.649999618530273,12.41100025177002,13.020000457763672,16952,0.0,0.0
2025-01-21 00:00:00-05:00,13.229999542236328,13.229999542236328,11.29800033569336,12.32699966430664,33490,0.0,0.0
2025-01-22 00:00:00-05:00,11.970000267028809,13.208999633789062,11.970000267028809,12.85200023651123,32333,0.0,0.0
2025-01-23 00:00:00-05:00,12.8100004196167,12.99899959564209,12.600000381469727,12.704999923706055,6929,0.0,0.0
2025-01-24 00:00:00-05:00,12.536999702453613,12.600000381469727,12.074999809265137,12.074999809265137,17443,0.0,0.0
2025-01-27 00:00:00-05:00,11.73900032043457,11.949000358581543,11.34000015258789,11.592000007629395,15319,0.0,0.0
2025-01-28 00:00:00-05:00,11.760000228881836,11.760000228881836,11.381999969482422,11.508000373840332,9048,0.0,0.0
2025-01-29 00:00:00-05:00,11.718000411987305,11.718000411987305,10.289999961853027,10.857000350952148,37605,0.0,0.0
2025-01-30 00:00:00-05:00,10.710000038146973,10.730999946594238,10.017000198364258,10.269000053405762,14300,0.0,0.0
2025-01-31 00:00:00-05:00,10.668000221252441,10.710000038146973,10.163999557495117,10.395000457763672,25600,0.0,0.0
2025-02-03 00:00:00-05:00,10.059000015258789,10.121999740600586,9.029999732971191,9.534000396728516,19938,0.0,0.0
2025-02-04 00:00:00-05:00,9.239999771118164,11.29800033569336,9.029999732971191,10.583999633789062,98810,0.0,0.0
2025-02-05 00:00:00-05:00,10.5,10.562999725341797,9.70199966430664,10.352999687194824,25548,0.0,0.0
2025-02-06 00:00:00-05:00,10.331999778747559,10.331999778747559,9.869999885559082,9.954000473022461,11624,0.0,0.0
2025-02-07 00:00:00-05:00,10.163999557495117,10.163999557495117,9.26099967956543,9.303000450134277,11267,0.0,0.0
2025-02-10 00:00:00-05:00,9.449999809265137,9.449999809265137,8.609999656677246,8.840999603271484,13800,0.0,0.0
2025-02-11 00:00:00-05:00,9.38700008392334,10.437000274658203,9.029999732971191,9.449999809265137,42219,0.0,0.0
2025-02-12 00:00:00-05:00,8.925000190734863,9.177000045776367,8.71500015258789,9.050999641418457,10143,0.0,0.0
2025-02-13 00:00:00-05:00,8.777999877929688,9.029999732971191,8.67300033569336,8.904000282287598,9371,0.0,0.0
2025-02-14 00:00:00-05:00,10.331999778747559,10.331999778747559,9.029999732971191,9.807000160217285,39081,0.0,0.0
2025-02-18 00:00:00-05:00,16.464000701904297,26.459999084472656,14.826000213623047,16.673999786376953,13696643,0.0,0.0
2025-02-19 00:00:00-05:00,12.99899959564209,14.048999786376953,11.045999526977539,13.4399995803833,419252,0.0,0.0
2025-02-20 00:00:00-05:00,12.600000381469727,16.3799991607666,11.571000099182129,12.473999977111816,342905,0.0,0.0
2025-02-21 00:00:00-05:00,12.390000343322754,13.125,11.592000007629395,12.01200008392334,75176,0.0,0.0
2025-02-24 00:00:00-05:00,11.34000015258789,11.633999824523926,10.310999870300293,11.151000022888184,48814,0.0,0.0
2025-02-25 00:00:00-05:00,11.003999710083008,11.003999710083008,9.008999824523926,9.239999771118164,47495,0.0,0.0
2025-02-26 00:00:00-05:00,8.98799991607666,10.1850004196167,8.98799991607666,9.869999885559082,32219,0.0,0.0
2025-02-27 00:00:00-05:00,10.121999740600586,10.248000144958496,9.555000305175781,9.555000305175781,22329,0.0,0.0
2025-02-28 00:00:00-05:00,9.65999984741211,9.65999984741211,8.925000190734863,9.029999732971191,23148,0.0,0.0
2025-03-03 00:00:00-05:00,8.925000190734863,9.407999992370605,8.819999694824219,8.819999694824219,21881,0.0,0.0
2025-03-04 00:00:00-05:00,8.609999656677246,8.819999694824219,6.867000102996826,8.378999710083008,40471,0.0,0.0
2025-03-05 00:00:00-05:00,8.357999801635742,8.357999801635742,7.769999980926514,7.959000110626221,26600,0.0,0.0
2025-03-06 00:00:00-05:00,7.938000202178955,8.819999694824219,7.244999885559082,8.442000389099121,53595,0.0,0.0
2025-03-07 00:00:00-05:00,8.946000099182129,9.534000396728516,8.609999656677246,9.449999809265137,20900,0.0,0.0
2025-03-10 00:00:00-04:00,8.736000061035156,9.428999900817871,8.71500015258789,8.946000099182129,19019,0.0,0.0
2025-03-11 00:00:00-04:00,9.177000045776367,9.197999954223633,8.1899995803833,8.211000442504883,10643,0.0,0.0
2025-03-12 00:00:00-04:00,8.399999618530273,8.484000205993652,7.664999961853027,8.105999946594238,13319,0.0,0.0
2025-03-13 00:00:00-04:00,7.938000202178955,7.980000019073486,7.6020002365112305,7.623000144958496,8786,0.0,0.0
2025-03-14 00:00:00-04:00,7.916999816894531,7.916999816894531,7.370999813079834,7.580999851226807,15610,0.0,0.0
2025-03-17 00:00:00-04:00,7.749000072479248,7.769999980926514,7.349999904632568,7.51800012588501,12033,0.0,0.0
2025-03-18 00:00:00-04:00,7.349999904632568,7.51800012588501,6.068999767303467,6.614999771118164,42076,0.0,0.0
2025-03-19 00:00:00-04:00,6.510000228881836,6.76200008392334,6.510000228881836,6.593999862670898,10743,0.0,0.0
2025-03-20 00:00:00-04:00,6.6570000648498535,6.8460001945495605,6.510000228881836,6.552000045776367,6886,0.0,0.0
2025-03-21 00:00:00-04:00,6.426000118255615,6.71999979019165,6.426000118255615,6.510000228881836,8652,0.0,0.0
2025-03-24 00:00:00-04:00,6.36299991607666,6.867000102996826,6.300000190734863,6.741000175476074,12757,0.0,0.0
2025-03-25 00:00:00-04:00,6.824999809265137,6.888000011444092,6.383999824523926,6.677999973297119,7062,0.0,0.0
2025-03-26 00:00:00-04:00,6.71999979019165,6.71999979019165,6.40500020980835,6.572999954223633,6410,0.0,0.0
2025-03-27 00:00:00-04:00,6.300000190734863,6.531000137329102,6.090000152587891,6.216000080108643,10233,0.0,0.0
2025-03-28 00:00:00-04:00,6.111000061035156,6.426000118255615,5.859000205993652,6.068999767303467,9652,0.0,0.0
2025-03-31 00:00:00-04:00,5.880000114440918,6.068999767303467,5.460000038146973,5.64900016784668,17948,0.0,0.0
2025-04-01 00:00:00-04:00,5.670000076293945,5.880000114440918,5.460000038146973,5.544000148773193,11090,0.0,0.0
2025-04-02 00:00:00-04:00,5.460000038146973,5.64900016784668,5.270999908447266,5.501999855041504,9276,0.0,0.0
2025-04-03 00:00:00-04:00,5.124000072479248,5.439000129699707,4.829999923706055,4.955999851226807,13705,0.0,0.0
2025-04-04 00:00:00-04:00,4.89300012588501,4.89300012588501,4.242000102996826,4.619999885559082,11195,0.0,0.0
2025-04-07 00:00:00-04:00,4.619999885559082,4.619999885559082,4.304999828338623,4.3470001220703125,16486,0.0,0.0
2025-04-08 00:00:00-04:00,4.452000141143799,4.619999885559082,4.431000232696533,4.452000141143799,14129,0.0,0.0
2025-04-09 00:00:00-04:00,4.598999977111816,4.619999885559082,4.199999809265137,4.598999977111816,19514,0.0,0.0
2025-04-10 00:00:00-04:00,4.4730000495910645,4.619999885559082,4.431000232696533,4.535999774932861,5805,0.0,0.0
2025-04-11 00:00:00-04:00,4.452000141143799,4.829999923706055,4.452000141143799,4.745999813079834,7881,0.0,0.0
2025-04-14 00:00:00-04:00,4.829999923706055,5.039999961853027,4.745999813079834,4.955999851226807,7671,0.0,0.0
2025-04-15 00:00:00-04:00,4.724999904632568,4.85099983215332,4.619999885559082,4.829999923706055,3990,0.0,0.0
2025-04-16 00:00:00-04:00,4.745999813079834,4.829999923706055,4.557000160217285,4.598999977111816,6238,0.0,0.0
2025-04-17 00:00:00-04:00,4.514999866485596,4.767000198364258,4.514999866485596,4.683000087738037,3071,0.0,0.0
2025-04-21 00:00:00-04:00,4.3470001220703125,4.514999866485596,4.09499979019165,4.116000175476074,26481,0.0,0.0
2025-04-22 00:00:00-04:00,4.0320000648498535,5.081999778747559,3.864000082015991,4.557000160217285,137033,0.0,0.0
2025-04-23 00:00:00-04:00,0.21699999272823334,0.21699999272823334,0.21699999272823334,0.21699999272823334,0,0.0,0.047619047619047616
2025-04-24 00:00:00-04:00,4.110000133514404,7.199999809265137,4.110000133514404,6.0,1479400,0.0,0.0
2025-04-25 00:00:00-04:00,5.699999809265137,6.0,4.349999904632568,5.139999866485596,335600,0.0,0.0
2025-04-28 00:00:00-04:00,4.989999771118164,5.199999809265137,4.309999942779541,4.420000076293945,163500,0.0,0.0
2025-04-29 00:00:00-04:00,4.360000133514404,4.599999904632568,4.269999980926514,4.269999980926514,98700,0.0,0.0
2025-04-30 00:00:00-04:00,4.400000095367432,4.539999961853027,4.050000190734863,4.420000076293945,125200,0.0,0.0
2025-05-01 00:00:00-04:00,4.579999923706055,5.329999923706055,4.321000099182129,4.989999771118164,354100,0.0,0.0
2025-05-02 00:00:00-04:00,4.900000095367432,5.900000095367432,4.550000190734863,5.800000190734863,934600,0.0,0.0
2025-05-05 00:00:00-04:00,6.46999979019165,6.789999961853027,5.6579999923706055,6.369999885559082,5557400,0.0,0.0
2025-05-06 00:00:00-04:00,4.940000057220459,7.099999904632568,4.559999942779541,5.289999961853027,1324300,0.0,0.0
2025-05-07 00:00:00-04:00,5.53000020980835,5.829999923706055,5.179999828338623,5.449999809265137,227400,0.0,0.0
2025-05-08 00:00:00-04:00,5.389999866485596,5.599999904632568,5.150000095367432,5.570000171661377,142000,0.0,0.0
2025-05-09 00:00:00-04:00,5.5,5.820000171661377,5.360000133514404,5.800000190734863,87200,0.0,0.0
2025-05-12 00:00:00-04:00,5.789999961853027,5.820000171661377,5.539999961853027,5.599999904632568,82400,0.0,0.0
2025-05-13 00:00:00-04:00,5.599999904632568,5.639999866485596,5.300000190734863,5.300000190734863,55200,0.0,0.0
2025-05-14 00:00:00-04:00,5.389999866485596,5.389999866485596,5.099999904632568,5.110000133514404,28600,0.0,0.0
2025-05-15 00:00:00-04:00,5.0,5.15500020980835,4.991000175476074,5.0,28400,0.0,0.0
2025-05-16 00:00:00-04:00,4.960000038146973,5.619999885559082,4.960000038146973,5.119999885559082,99000,0.0,0.0
2025-05-19 00:00:00-04:00,5.019999980926514,6.28000020980835,5.019999980926514,5.829999923706055,552900,0.0,0.0
2025-05-20 00:00:00-04:00,5.590000152587891,5.690000057220459,5.182000160217285,5.420000076293945,53700,0.0,0.0
2025-05-21 00:00:00-04:00,5.409999847412109,5.539999961853027,5.159999847412109,5.309999942779541,22100,0.0,0.0
2025-05-22 00:00:00-04:00,5.199999809265137,5.429999828338623,5.179999828338623,5.28000020980835,16100,0.0,0.0
2025-05-23 00:00:00-04:00,5.119999885559082,5.269999980926514,5.050000190734863,5.125,24200,0.0,0.0
2025-05-27 00:00:00-04:00,5.070000171661377,5.489999771118164,5.070000171661377,5.320000171661377,49400,0.0,0.0
2025-05-28 00:00:00-04:00,5.289999961853027,5.400000095367432,5.0,5.070000171661377,38100,0.0,0.0
2025-05-29 00:00:00-04:00,5.010000228881836,5.139999866485596,5.006999969482422,5.059999942779541,14400,0.0,0.0
2025-05-30 00:00:00-04:00,5.010000228881836,5.159999847412109,4.889999866485596,5.050000190734863,21700,0.0,0.0
2025-06-02 00:00:00-04:00,5.0,5.295000076293945,5.0,5.159999847412109,31600,0.0,0.0
2025-06-03 00:00:00-04:00,5.23799991607666,5.400000095367432,5.1529998779296875,5.199999809265137,62200,0.0,0.0
2025-06-04 00:00:00-04:00,5.340000152587891,5.900000095367432,5.25,5.550000190734863,139000,0.0,0.0
2025-06-05 00:00:00-04:00,5.670000076293945,5.820000171661377,5.369999885559082,5.739999771118164,167900,0.0,0.0
2025-06-06 00:00:00-04:00,5.659999847412109,6.070000171661377,5.5,5.800000190734863,192200,0.0,0.0
2025-06-09 00:00:00-04:00,6.0,6.385000228881836,5.849999904632568,6.099999904632568,126300,0.0,0.0
2025-06-10 00:00:00-04:00,5.980000019073486,6.150000095367432,5.809999942779541,6.0,69800,0.0,0.0
2025-06-11 00:00:00-04:00,5.875,6.767000198364258,5.875,6.545000076293945,104900,0.0,0.0
2025-06-12 00:00:00-04:00,6.289999961853027,6.797999858856201,6.230000019073486,6.409999847412109,100300,0.0,0.0
2025-06-13 00:00:00-04:00,6.21999979019165,7.550000190734863,6.050000190734863,6.75,380600,0.0,0.0
2025-06-16 00:00:00-04:00,6.900000095367432,7.289999961853027,5.800000190734863,6.019999980926514,183300,0.0,0.0
2025-06-17 00:00:00-04:00,6.159999847412109,6.360000133514404,5.699999809265137,5.760000228881836,81300,0.0,0.0
2025-06-18 00:00:00-04:00,9.6899995803833,15.369999885559082,9.210000038146973,11.210000038146973,37359900,0.0,0.0
2025-06-20 00:00:00-04:00,13.449999809265137,13.479999542236328,10.600000381469727,12.25,4123300,0.0,0.0
2025-06-23 00:00:00-04:00,12.100000381469727,12.100000381469727,9.260000228881836,9.300000190734863,364900,0.0,0.0
2025-06-24 00:00:00-04:00,8.09000015258789,8.800000190734863,7.630000114440918,8.729999542236328,293000,0.0,0.0
2025-06-25 00:00:00-04:00,8.720000267028809,8.800000190734863,7.159999847412109,7.239999771118164,132300,0.0,0.0
2025-06-26 00:00:00-04:00,8.579999923706055,14.279999732971191,8.399999618530273,11.0,15069700,0.0,0.0
2025-06-27 00:00:00-04:00,10.520000457763672,11.699999809265137,9.729999542236328,10.850000381469727,394100,0.0,0.0
2025-06-30 00:00:00-04:00,12.75,13.75,10.010000228881836,11.777000427246094,463700,0.0,0.0
2025-07-01 00:00:00-04:00,10.765000343322754,11.704999923706055,10.51099967956543,11.420000076293945,124900,0.0,0.0
2025-07-02 00:00:00-04:00,10.1899995803833,10.470000267028809,9.229999542236328,9.369999885559082,98000,0.0,0.0
2025-07-03 00:00:00-04:00,9.34000015258789,9.34000015258789,8.180000305175781,8.229999542236328,64900,0.0,0.0
2025-07-07 00:00:00-04:00,8.229999542236328,9.739999771118164,8.15999984741211,9.529999732971191,67400,0.0,0.0
2025-07-08 00:00:00-04:00,9.649999618530273,9.649999618530273,8.798999786376953,9.010000228881836,53500,0.0,0.0
2025-07-09 00:00:00-04:00,8.829999923706055,9.289999961853027,8.300999641418457,8.539999961853027,32500,0.0,0.0
2025-07-10 00:00:00-04:00,8.539999961853027,8.539999961853027,7.309999942779541,7.960000038146973,390900,0.0,0.0
2025-07-11 00:00:00-04:00,8.739999771118164,10.199999809265137,8.550000190734863,9.470000267028809,301300,0.0,0.0
2025-07-14 00:00:00-04:00,9.010000228881836,10.170000076293945,8.880000114440918,9.770000457763672,176500,0.0,0.0
2025-07-15 00:00:00-04:00,9.319999694824219,9.906000137329102,8.859999656677246,8.869999885559082,53300,0.0,0.0
2025-07-16 00:00:00-04:00,8.710000038146973,9.199999809265137,8.300000190734863,8.529999732971191,48700,0.0,0.0
2025-07-17 00:00:00-04:00,8.460000038146973,8.989999771118164,8.460000038146973,8.9399995803833,28300,0.0,0.0
2025-07-18 00:00:00-04:00,8.680000305175781,9.168999671936035,8.0,8.210000038146973,51900,0.0,0.0
2025-07-21 00:00:00-04:00,8.0,8.5,7.849999904632568,7.869999885559082,31400,0.0,0.0
2025-07-22 00:00:00-04:00,7.440000057220459,7.449999809265137,6.650000095367432,7.059999942779541,112700,0.0,0.0
2025-07-23 00:00:00-04:00,7.5,8.010000228881836,6.965000152587891,7.75,216000,0.0,0.0
2025-07-24 00:00:00-04:00,6.199999809265137,6.199999809265137,4.429999828338623,4.5,1261000,0.0,0.0
2025-07-25 00:00:00-04:00,4.599999904632568,4.639999866485596,4.301000118255615,4.400000095367432,218100,0.0,0.0
2025-07-28 00:00:00-04:00,4.409999847412109,4.409999847412109,3.880000114440918,4.010000228881836,217000,0.0,0.0
2025-07-29 00:00:00-04:00,4.099999904632568,4.150000095367432,3.869999885559082,3.9149999618530273,81300,0.0,0.0
2025-07-30 00:00:00-04:00,3.8499999046325684,3.950000047683716,3.569999933242798,3.740000009536743,70200,0.0,0.0
2025-07-31 00:00:00-04:00,3.7899999618530273,4.389999866485596,3.6500000953674316,4.119999885559082,220400,0.0,0.0
2025-08-01 00:00:00-04:00,4.03000020980835,4.21999979019165,3.871000051498413,4.090000152587891,32900,0.0,0.0
2025-08-04 00:00:00-04:00,3.9800000190734863,4.066999912261963,3.8299999237060547,3.859999895095825,36900,0.0,0.0
2025-08-05 00:00:00-04:00,3.8399999141693115,4.690000057220459,3.8399999141693115,4.320000171661377,380000,0.0,0.0
2025-08-06 00:00:00-04:00,4.230000019073486,4.400000095367432,4.090000152587891,4.21999979019165,198200,0.0,0.0
2025-08-07 00:00:00-04:00,4.360000133514404,4.400000095367432,4.026000022888184,4.139999866485596,91500,0.0,0.0
2025-08-08 00:00:00-04:00,4.300000190734863,4.300000190734863,4.045000076293945,4.050000190734863,128500,0.0,0.0
2025-08-11 00:00:00-04:00,4.190000057220459,4.190000057220459,3.9010000228881836,3.9800000190734863,64500,0.0,0.0
2025-08-12 00:00:00-04:00,3.9800000190734863,4.0279998779296875,3.7100000381469727,3.9600000381469727,77000,0.0,0.0
2025-08-13 00:00:00-04:00,3.940000057220459,4.159999847412109,3.6600000858306885,4.070000171661377,182300,0.0,0.0
2025-08-14 00:00:00-04:00,4.230000019073486,4.230000019073486,3.880000114440918,3.890000104904175,35200,0.0,0.0
2025-08-15 00:00:00-04:00,3.809999942779541,3.930000066757202,3.809999942779541,3.819999933242798,29800,0.0,0.0
2025-08-18 00:00:00-04:00,3.890000104904175,3.9600000381469727,3.619999885559082,3.9100000858306885,29700,0.0,0.0
2025-08-19 00:00:00-04:00,3.8399999141693115,3.9800000190734863,3.5,3.5,65700,0.0,0.0
2025-08-20 00:00:00-04:00,3.509999990463257,3.681999921798706,3.069999933242798,3.240000009536743,99100,0.0,0.0
2025-08-21 00:00:00-04:00,3.2799999713897705,3.559999942779541,3.25,3.450000047683716,110100,0.0,0.0
2025-08-22 00:00:00-04:00,3.4100000858306885,3.6519999504089355,3.309999942779541,3.375,89200,0.0,0.0
2025-08-25 00:00:00-04:00,3.440000057220459,3.7200000286102295,3.380000114440918,3.4800000190734863,75800,0.0,0.0
2025-08-26 00:00:00-04:00,3.359999895095825,3.4800000190734863,3.309999942779541,3.380000114440918,26200,0.0,0.0
2025-08-27 00:00:00-04:00,3.384999990463257,3.440000057220459,3.259999990463257,3.3299999237060547,37100,0.0,0.0
2025-08-28 00:00:00-04:00,3.259999990463257,3.4000000953674316,3.259999990463257,3.2799999713897705,22900,0.0,0.0
2025-08-29 00:00:00-04:00,3.430000066757202,3.7799999713897705,3.4200000762939453,3.559999942779541,151900,0.0,0.0
2025-09-02 00:00:00-04:00,3.380000114440918,3.450000047683716,3.2100000381469727,3.2149999141693115,64200,0.0,0.0
2025-09-03 00:00:00-04:00,3.2100000381469727,3.2100000381469727,2.819999933242798,2.9600000381469727,65700,0.0,0.0
2025-09-04 00:00:00-04:00,3.000999927520752,3.0299999713897705,2.9100000858306885,2.990000009536743,27700,0.0,0.0
2025-09-05 00:00:00-04:00,3.0,3.059000015258789,2.950000047683716,3.009999990463257,29400,0.0,0.0
2025-09-08 00:00:00-04:00,2.9600000381469727,3.0299999713897705,2.9549999237060547,3.0199999809265137,26600,0.0,0.0
2025-09-09 00:00:00-04:00,3.0,3.0,2.809999942779541,2.869999885559082,65800,0.0,0.0
2025-09-10 00:00:00-04:00,2.880000114440918,2.9700000286102295,2.880000114440918,2.9600000381469727,20600,0.0,0.0
2025-09-11 00:00:00-04:00,2.890000104904175,3.0399999618530273,2.871999979019165,3.0199999809265137,24500,0.0,0.0
2025-09-12 00:00:00-04:00,3.0,3.309999942779541,2.950000047683716,3.130000114440918,87200,0.0,0.0
2025-09-15 00:00:00-04:00,3.130000114440918,3.1989998817443848,2.9600000381469727,3.005000114440918,46800,0.0,0.0
2025-09-16 00:00:00-04:00,3.0899999141693115,3.2899999618530273,3.0399999618530273,3.200000047683716,122200,0.0,0.0
2025-09-17 00:00:00-04:00,3.200000047683716,3.440000057220459,3.0899999141693115,3.3499999046325684,92300,0.0,0.0
2025-09-18 00:00:00-04:00,3.450000047683716,3.5999999046325684,3.25,3.450000047683716,77300,0.0,0.0
2025-09-19 00:00:00-04:00,3.390000104904175,4.019999980926514,3.390000104904175,3.940000057220459,476800,0.0,0.0
2025-09-22 00:00:00-04:00,3.940000057220459,4.045000076293945,3.5999999046325684,3.7300000190734863,160600,0.0,0.0
2025-09-23 00:00:00-04:00,3.5399999618530273,3.700000047683716,3.4800000190734863,3.549999952316284,122600,0.0,0.0
2025-09-24 00:00:00-04:00,3.559999942779541,3.6700000762939453,3.440000057220459,3.5199999809265137,48500,0.0,0.0
2025-09-25 00:00:00-04:00,3.4200000762939453,3.5799999237060547,3.299999952316284,3.4600000381469727,69600,0.0,0.0
2025-09-26 00:00:00-04:00,3.430000066757202,3.509999990463257,3.319999933242798,3.4800000190734863,41600,0.0,0.0
2025-09-29 00:00:00-04:00,3.549999952316284,3.609999895095825,3.3499999046325684,3.5,38800,0.0,0.0
2025-09-30 00:00:00-04:00,3.5,3.640000104904175,3.5,3.559999942779541,17600,0.0,0.0
2025-10-01 00:00:00-04:00,3.5,3.7899999618530273,3.3959999084472656,3.7899999618530273,54000,0.0,0.0
2025-10-02 00:00:00-04:00,3.809999942779541,3.9200000762939453,3.690000057220459,3.9200000762939453,43000,0.0,0.0
2025-10-03 00:00:00-04:00,3.930000066757202,3.930000066757202,3.7070000171661377,3.740999937057495,35500,0.0,0.0
2025-10-06 00:00:00-04:00,3.940000057220459,4.203999996185303,3.809999942779541,4.130000114440918,147500,0.0,0.0
2025-10-07 00:00:00-04:00,4.110000133514404,4.429999828338623,4.099999904632568,4.420000076293945,92200,0.0,0.0
2025-10-08 00:00:00-04:00,4.329999923706055,4.579999923706055,4.202000141143799,4.539999961853027,56000,0.0,0.0
2025-10-09 00:00:00-04:00,4.449999809265137,4.769999980926514,4.210999965667725,4.539999961853027,110000,0.0,0.0
2025-10-10 00:00:00-04:00,4.599999904632568,4.75,4.25,4.25,100400,0.0,0.0
2025-10-13 00:00:00-04:00,4.25,4.389999866485596,4.199999809265137,4.340000152587891,53000,0.0,0.0
2025-10-14 00:00:00-04:00,4.260000228881836,4.429999828338623,4.199999809265137,4.269999980926514,22900,0.0,0.0
2025-10-15 00:00:00-04:00,4.199999809265137,4.335000038146973,4.0,4.179999828338623,84700,0.0,0.0
2025-10-16 00:00:00-04:00,4.339000225067139,4.449999809265137,4.190000057220459,4.420000076293945,61600,0.0,0.0
2025-10-17 00:00:00-04:00,4.400000095367432,4.460000038146973,4.179999828338623,4.389999866485596,30100,0.0,0.0
2025-10-20 00:00:00-04:00,4.375,4.590000152587891,4.300000190734863,4.510000228881836,37900,0.0,0.0
2025-10-21 00:00:00-04:00,4.449999809265137,4.492000102996826,4.340000152587891,4.340000152587891,16900,0.0,0.0
2025-10-22 00:00:00-04:00,4.28000020980835,4.295000076293945,4.0,4.079999923706055,14600,0.0,0.0
2025-10-23 00:00:00-04:00,4.135000228881836,4.480000019073486,4.130000114440918,4.349999904632568,31200,0.0,0.0
2025-10-24 00:00:00-04:00,4.440000057220459,4.449999809265137,4.300000190734863,4.360000133514404,11200,0.0,0.0
2025-10-27 00:00:00-04:00,4.320000171661377,4.440000057220459,4.320000171661377,4.369999885559082,8000,0.0,0.0
2025-10-28 00:00:00-04:00,4.369999885559082,4.480000019073486,4.230000019073486,4.230000019073486,9300,0.0,0.0
2025-10-29 00:00:00-04:00,4.179999828338623,4.804999828338623,4.130000114440918,4.699999809265137,99800,0.0,0.0
2025-10-30 00:00:00-04:00,4.599999904632568,4.599999904632568,4.340000152587891,4.349999904632568,45000,0.0,0.0
2025-10-31 00:00:00-04:00,5.28000020980835,6.0,4.730000019073486,5.25,31427500,0.0,0.0
2025-11-03 00:00:00-05:00,4.389999866485596,4.389999866485596,3.9000000953674316,3.9600000381469727,636400,0.0,0.0
2025-11-04 00:00:00-05:00,3.5,3.7809998989105225,3.2100000381469727,3.2100000381469727,200000,0.0,0.0
2025-11-05 00:00:00-05:00,3.240000009536743,3.865000009536743,3.2100000381469727,3.4800000190734863,127600,0.0,0.0
2025-11-06 00:00:00-05:00,3.4200000762939453,3.5399999618530273,3.2160000801086426,3.25,65200,0.0,0.0
2025-11-07 00:00:00-05:00,3.2899999618530273,3.3499999046325684,3.072000026702881,3.2300000190734863,50900,0.0,0.0
2025-11-10 00:00:00-05:00,3.3499999046325684,3.4600000381469727,3.200000047683716,3.309999942779541,73000,0.0,0.0
2025-11-11 00:00:00-05:00,3.380000114440918,3.437000036239624,3.259999990463257,3.2799999713897705,38800,0.0,0.0
2025-11-12 00:00:00-05:00,3.2200000286102295,3.3450000286102295,3.130000114440918,3.240000009536743,60800,0.0,0.0
2025-11-13 00:00:00-05:00,3.25,3.25,2.990000009536743,3.0299999713897705,45100,0.0,0.0
2025-11-14 00:00:00-05:00,3.109999895095825,3.25,3.049999952316284,3.1700000762939453,29600,0.0,0.0
2025-11-17 00:00:00-05:00,3.1649999618530273,3.299999952316284,3.0899999141693115,3.109999895095825,30900,0.0,0.0
2025-11-18 00:00:00-05:00,3.0999999046325684,3.25,3.049999952316284,3.130000114440918,58100,0.0,0.0
2025-11-19 00:00:00-05:00,3.119999885559082,3.180000066757202,3.119999885559082,3.130000114440918,19000,0.0,0.0
2025-11-20 00:00:00-05:00,3.2200000286102295,3.2200000286102295,3.0399999618530273,3.059999942779541,47900,0.0,0.0
2025-11-21 00:00:00-05:00,3.0450000762939453,3.180000066757202,3.0,3.140000104904175,33000,0.0,0.0
2025-11-24 00:00:00-05:00,3.190000057220459,3.319999933242798,3.140000104904175,3.2699999809265137,32700,0.0,0.0
2025-11-25 00:00:00-05:00,3.1700000762939453,3.3399999141693115,3.130000114440918,3.259999990463257,20400,0.0,0.0
2025-11-26 00:00:00-05:00,3.190000057220459,3.549999952316284,3.183000087738037,3.4600000381469727,58200,0.0,0.0
2025-11-28 00:00:00-05:00,3.4100000858306885,3.5899999141693115,3.4100000858306885,3.5299999713897705,24400,0.0,0.0
2025-12-01 00:00:00-05:00,3.4600000381469727,3.6500000953674316,3.4600000381469727,3.5399999618530273,17400,0.0,0.0
2025-12-02 00:00:00-05:00,3.5,3.609999895095825,3.5,3.549999952316284,17900,0.0,0.0
2025-12-03 00:00:00-05:00,3.562000036239624,3.630000114440918,3.5260000228881836,3.5399999618530273,13000,0.0,0.0
2025-12-04 00:00:00-05:00,3.5179998874664307,3.9000000953674316,3.502000093460083,3.809999942779541,70700,0.0,0.0
2025-12-05 00:00:00-05:00,3.8399999141693115,4.139999866485596,3.632999897003174,3.7200000286102295,202200,0.0,0.0
2025-12-08 00:00:00-05:00,3.687999963760376,3.759000062942505,3.5199999809265137,3.700000047683716,22600,0.0,0.0
2025-12-09 00:00:00-05:00,3.549999952316284,3.7300000190734863,3.4800000190734863,3.490000009536743,33800,0.0,0.0
2025-12-10 00:00:00-05:00,3.430000066757202,3.444999933242798,3.2330000400543213,3.2699999809265137,67800,0.0,0.0
2025-12-11 00:00:00-05:00,3.190000057220459,3.4800000190734863,3.190000057220459,3.309999942779541,41200,0.0,0.0
2025-12-12 00:00:00-05:00,3.309999942779541,3.4779999256134033,3.190000057220459,3.2899999618530273,16300,0.0,0.0
2025-12-15 00:00:00-05:00,3.25,3.3499999046325684,3.180000066757202,3.240000009536743,36100,0.0,0.0
2025-12-16 00:00:00-05:00,3.2300000190734863,3.25,3.0899999141693115,3.1700000762939453,19000,0.0,0.0
2025-12-17 00:00:00-05:00,2.6500000953674316,2.7899999618530273,2.5,2.619999885559082,120200,0.0,0.0
2025-12-18 00:00:00-05:00,2.509999990463257,2.559999942779541,1.7999999523162842,1.8799999952316284,201400,0.0,0.0
2025-12-19 00:00:00-05:00,1.9700000286102295,1.9800000190734863,1.8899999856948853,1.9299999475479126,48000,0.0,0.0
2025-12-22 00:00:00-05:00,2.055000066757202,2.075000047683716,1.75,1.7899999618530273,110100,0.0,0.0
2025-12-23 00:00:00-05:00,1.809999942779541,1.8300000429153442,1.6200000047683716,1.7899999618530273,87400,0.0,0.0
2025-12-24 00:00:00-05:00,1.7599999904632568,1.8200000524520874,1.7300000190734863,1.7999999523162842,37000,0.0,0.0
2025-12-26 00:00:00-05:00,1.7949999570846558,1.9199999570846558,1.7000000476837158,1.8200000524520874,58400,0.0,0.0
2025-12-29 00:00:00-05:00,1.850000023841858,1.850000023841858,1.659999966621399,1.75,172600,0.0,0.0
2025-12-30 00:00:00-05:00,1.7000000476837158,1.8200000524520874,1.6699999570846558,1.7899999618530273,49600,0.0,0.0
2025-12-31 00:00:00-05:00,1.7100000381469727,1.75,1.659999966621399,1.7000000476837158,27200,0.0,0.0
2026-01-02 00:00:00-05:00,1.7000000476837158,1.9520000219345093,1.6799999475479126,1.9199999570846558,57700,0.0,0.0
2026-01-05 00:00:00-05:00,1.9199999570846558,2.2200000286102295,1.9199999570846558,2.0999999046325684,244900,0.0,0.0
2026-01-06 00:00:00-05:00,2.119999885559082,2.190000057220459,2.0450000762939453,2.1600000858306885,60000,0.0,0.0
2026-01-07 00:00:00-05:00,2.119999885559082,2.190000057220459,2.0399999618530273,2.1700000762939453,43700,0.0,0.0
2026-01-08 00:00:00-05:00,2.2200000286102295,2.450000047683716,2.190000057220459,2.390000104904175,206600,0.0,0.0
2026-01-09 00:00:00-05:00,2.4100000858306885,2.4100000858306885,2.0799999237060547,2.1600000858306885,88100,0.0,0.0
2026-01-12 00:00:00-05:00,2.109999895095825,2.200000047683716,2.0399999618530273,2.1489999294281006,53600,0.0,0.0
2026-01-13 00:00:00-05:00,2.140000104904175,2.1700000762939453,2.0,2.1700000762939453,30700,0.0,0.0
2026-01-14 00:00:00-05:00,2.1700000762939453,2.1700000762939453,2.0,2.0399999618530273,35600,0.0,0.0
2026-01-15 00:00:00-05:00,2.0899999141693115,2.0999999046325684,1.809999942779541,1.940000057220459,84600,0.0,0.0
2026-01-16 00:00:00-05:00,1.9500000476837158,2.009999990463257,1.8949999809265137,1.965000033378601,45700,0.0,0.0
2026-01-20 00:00:00-05:00,1.940000057220459,1.9479999542236328,1.8300000429153442,1.8300000429153442,64800,0.0,0.0
2026-01-21 00:00:00-05:00,1.7999999523162842,1.899999976158142,1.7599999904632568,1.8450000286102295,67300,0.0,0.0
2026-01-22 00:00:00-05:00,1.9800000190734863,2.2799999713897705,1.7300000190734863,1.8799999952316284,340900,0.0,0.0
2026-01-23 00:00:00-05:00,2.009999990463257,2.049999952316284,1.840000033378601,1.8700000047683716,102800,0.0,0.0
2026-01-26 00:00:00-05:00,1.8899999856948853,1.9900000095367432,1.8600000143051147,1.9199999570846558,52700,0.0,0.0
2026-01-27 00:00:00-05:00,1.9199999570846558,1.9700000286102295,1.840000033378601,1.9500000476837158,40400,0.0,0.0
2026-01-28 00:00:00-05:00,1.9500000476837158,2.130000114440918,1.899999976158142,2.0799999237060547,86200,0.0,0.0
2026-01-29 00:00:00-05:00,2.009999990463257,2.1050000190734863,2.0,2.0299999713897705,39900,0.0,0.0
2026-01-30 00:00:00-05:00,2.009999990463257,2.119999885559082,1.899999976158142,1.940000057220459,54400,0.0,0.0
2026-02-02 00:00:00-05:00,2.0199999809265137,2.0199999809265137,1.909999966621399,1.9500000476837158,25000,0.0,0.0
2026-02-03 00:00:00-05:00,1.9199999570846558,1.996999979019165,1.850000023841858,1.8899999856948853,29400,0.0,0.0
2026-02-04 00:00:00-05:00,1.8899999856948853,1.899999976158142,1.7899999618530273,1.809999942779541,31200,0.0,0.0
2026-02-05 00:00:00-05:00,1.815999984741211,1.815999984741211,1.690000057220459,1.715000033378601,26700,0.0,0.0
2026-02-06 00:00:00-05:00,1.8200000524520874,1.9800000190734863,1.774999976158142,1.9600000381469727,44600,0.0,0.0
2026-02-09 00:00:00-05:00,1.9700000286102295,1.9800000190734863,1.8700000047683716,1.9500000476837158,8800,0.0,0.0
2026-02-10 00:00:00-05:00,1.909999966621399,2.1449999809265137,1.8600000143051147,2.0399999618530273,40700,0.0,0.0
2026-02-11 00:00:00-05:00,1.9500000476837158,2.4000000953674316,1.899999976158142,1.909999966621399,447200,0.0,0.0
2026-02-12 00:00:00-05:00,1.9299999475479126,2.059999942779541,1.7799999713897705,1.7999999523162842,62100,0.0,0.0
2026-02-13 00:00:00-05:00,1.840000033378601,2.0,1.7999999523162842,1.899999976158142,28300,0.0,0.0
2026-02-17 00:00:00-05:00,1.8600000143051147,1.9900000095367432,1.7999999523162842,1.7999999523162842,14400,0.0,0.0
2026-02-18 00:00:00-05:00,1.847000002861023,1.940000057220459,1.847000002861023,1.940000057220459,35700,0.0,0.0
2026-02-19 00:00:00-05:00,1.940000057220459,1.940000057220459,1.809999942779541,1.8600000143051147,32500,0.0,0.0
2026-02-20 00:00:00-05:00,1.8799999952316284,1.9600000381469727,1.8200000524520874,1.8799999952316284,21600,0.0,0.0
2026-02-23 00:00:00-05:00,1.9199999570846558,1.9600000381469727,1.809999942779541,1.850000023841858,8200,0.0,0.0
2026-02-24 00:00:00-05:00,1.7999999523162842,1.899999976158142,1.7999999523162842,1.899999976158142,4700,0.0,0.0
2026-02-25 00:00:00-05:00,1.840000033378601,1.940999984741211,1.840000033378601,1.909999966621399,11000,0.0,0.0
2026-02-26 00:00:00-05:00,1.9199999570846558,1.9700000286102295,1.8600000143051147,1.8799999952316284,9700,0.0,0.0
2026-02-27 00:00:00-05:00,1.899999976158142,1.9199999570846558,1.8600000143051147,1.9199999570846558,11100,0.0,0.0
2026-03-02 00:00:00-05:00,1.9199999570846558,1.9600000381469727,1.8799999952316284,1.9500000476837158,71000,0.0,0.0
2026-03-03 00:00:00-05:00,1.8899999856948853,2.140000104904175,1.8380000591278076,2.140000104904175,52100,0.0,0.0
2026-03-04 00:00:00-05:00,2.200000047683716,2.569999933242798,1.840000033378601,2.5,5316500,0.0,0.0
2026-03-05 00:00:00-05:00,2.430000066757202,2.430000066757202,2.1600000858306885,2.2699999809265137,151400,0.0,0.0
2026-03-06 00:00:00-05:00,2.130000114440918,2.4200000762939453,2.059999942779541,2.3299999237060547,87000,0.0,0.0
2026-03-09 00:00:00-04:00,2.319999933242798,2.319999933242798,2.1700000762939453,2.299999952316284,18900,0.0,0.0
2026-03-10 00:00:00-04:00,2.2200000286102295,2.2899999618530273,2.1700000762939453,2.25,26400,0.0,0.0
2026-03-11 00:00:00-04:00,2.200000047683716,2.5,2.109999895095825,2.5,94300,0.0,0.0
2026-03-12 00:00:00-04:00,2.509999990463257,2.509999990463257,2.3499999046325684,2.490000009536743,24400,0.0,0.0
2026-03-13 00:00:00-04:00,2.440000057220459,2.440000057220459,2.299999952316284,2.359999895095825,30400,0.0,0.0
2026-03-16 00:00:00-04:00,2.4000000953674316,2.690000057220459,2.3299999237060547,2.630000114440918,46000,0.0,0.0
2026-03-17 00:00:00-04:00,2.5999999046325684,2.7899999618530273,2.5999999046325684,2.7100000381469727,45000,0.0,0.0
2026-03-18 00:00:00-04:00,2.640000104904175,2.759999990463257,2.568000078201294,2.6500000953674316,28000,0.0,0.0
2026-03-19 00:00:00-04:00,2.5850000381469727,2.6600000858306885,2.5299999713897705,2.6600000858306885,15600,0.0,0.0
2026-03-20 00:00:00-04:00,2.559999942779541,2.609999895095825,2.2100000381469727,2.2300000190734863,28400,0.0,0.0
2026-03-23 00:00:00-04:00,2.2699999809265137,2.299999952316284,2.119999885559082,2.2899999618530273,28900,0.0,0.0
2026-03-24 00:00:00-04:00,2.240000009536743,2.325000047683716,2.190000057220459,2.2899999618530273,19800,0.0,0.0
2026-03-25 00:00:00-04:00,2.380000114440918,2.380000114440918,2.2200000286102295,2.319999933242798,12100,0.0,0.0
2026-03-26 00:00:00-04:00,2.200000047683716,2.2750000953674316,2.1410000324249268,2.1410000324249268,13400,0.0,0.0
2026-03-27 00:00:00-04:00,2.2799999713897705,2.2799999713897705,1.9700000286102295,2.049999952316284,34500,0.0,0.0
2026-03-30 00:00:00-04:00,1.8700000047683716,1.9850000143051147,1.850000023841858,1.909999966621399,35300,0.0,0.0
2026-03-31 00:00:00-04:00,2.0199999809265137,2.0850000381469727,1.9199999570846558,2.009999990463257,39900,0.0,0.0
2026-04-01 00:00:00-04:00,2.0,2.1670000553131104,2.0,2.0299999713897705,26200,0.0,0.0
2026-04-02 00:00:00-04:00,1.940000057220459,2.2300000190734863,1.940000057220459,2.2300000190734863,39400,0.0,0.0
2026-04-06 00:00:00-04:00,2.3299999237060547,2.3299999237060547,2.0999999046325684,2.1500000953674316,41000,0.0,0.0
2026-04-07 00:00:00-04:00,2.180000066757202,2.265000104904175,2.0199999809265137,2.059999942779541,25400,0.0,0.0
2026-04-08 00:00:00-04:00,2.1500000953674316,2.1549999713897705,1.940000057220459,2.005000114440918,42900,0.0,0.0
2026-04-09 00:00:00-04:00,2.0,2.005000114440918,1.940000057220459,1.9500000476837158,8500,0.0,0.0
2026-04-10 00:00:00-04:00,1.9700000286102295,2.0450000762939453,1.899999976158142,1.9500000476837158,18000,0.0,0.0
2026-04-13 00:00:00-04:00,1.9900000095367432,2.0199999809265137,1.8990000486373901,1.9900000095367432,20900,0.0,0.0
2026-04-14 00:00:00-04:00,2.0250000953674316,2.0999999046325684,1.9500000476837158,1.9600000381469727,21400,0.0,0.0
2026-04-15 00:00:00-04:00,1.9199999570846558,2.0399999618530273,1.9199999570846558,1.9800000190734863,7800,0.0,0.0
2026-04-16 00:00:00-04:00,2.0199999809265137,2.0350000858306885,1.9500000476837158,2.0,16700,0.0,0.0
2026-04-17 00:00:00-04:00,2.009999990463257,2.0199999809265137,1.9359999895095825,1.9359999895095825,15800,0.0,0.0
2026-04-20 00:00:00-04:00,2.0399999618530273,2.7799999713897705,2.009999990463257,2.4000000953674316,2037200,0.0,0.0
2026-04-21 00:00:00-04:00,2.4100000858306885,2.4600000381469727,2.25,2.369999885559082,125300,0.0,0.0
2026-04-22 00:00:00-04:00,2.2699999809265137,2.299999952316284,2.119999885559082,2.2200000286102295,88000,0.0,0.0
2026-04-23 00:00:00-04:00,2.180000066757202,2.190000057220459,2.049999952316284,2.130000114440918,41000,0.0,0.0
2026-04-24 00:00:00-04:00,2.0799999237060547,2.359999895095825,2.009999990463257,2.2699999809265137,184000,0.0,0.0
2026-04-27 00:00:00-04:00,2.25,2.5899999141693115,2.1500000953674316,2.509999990463257,231700,0.0,0.0
2026-04-28 00:00:00-04:00,2.359999895095825,2.5899999141693115,2.299999952316284,2.440000057220459,136400,0.0,0.0
2026-04-29 00:00:00-04:00,2.359999895095825,2.5799999237060547,2.319999933242798,2.5299999713897705,137000,0.0,0.0
2026-04-30 00:00:00-04:00,2.6600000858306885,3.1700000762939453,2.6600000858306885,3.059999942779541,434500,0.0,0.0
2026-05-01 00:00:00-04:00,3.069999933242798,3.069999933242798,2.809999942779541,2.950000047683716,100200,0.0,0.0
2026-05-04 00:00:00-04:00,2.9600000381469727,2.9749999046325684,2.8499999046325684,2.950000047683716,109000,0.0,0.0
2026-05-05 00:00:00-04:00,3.049999952316284,3.549999952316284,3.009999990463257,3.490000009536743,165200,0.0,0.0
2026-05-06 00:00:00-04:00,3.390000104904175,3.5889999866485596,3.1500000953674316,3.549999952316284,110200,0.0,0.0
2026-05-07 00:00:00-04:00,3.549999952316284,4.0,3.450000047683716,3.950000047683716,148400,0.0,0.0
2026-05-08 00:00:00-04:00,4.010000228881836,4.139999866485596,3.8269999027252197,4.019999980926514,72700,0.0,0.0
2026-05-11 00:00:00-04:00,4.099999904632568,4.460000038146973,4.079999923706055,4.340000152587891,169200,0.0,0.0
2026-05-12 00:00:00-04:00,4.400000095367432,5.090000152587891,4.400000095367432,4.949999809265137,224200,0.0,0.0
2026-05-13 00:00:00-04:00,5.0,5.039999961853027,4.71999979019165,4.840000152587891,142500,0.0,0.0
2026-05-14 00:00:00-04:00,4.940000057220459,5.045000076293945,4.159999847412109,4.195000171661377,228800,0.0,0.0
2026-05-15 00:00:00-04:00,4.0,4.099999904632568,3.5299999713897705,4.059999942779541,129700,0.0,0.0
2026-05-18 00:00:00-04:00,4.090000152587891,4.09499979019165,3.880000114440918,3.9100000858306885,42900,0.0,0.0
2026-05-19 00:00:00-04:00,3.9100000858306885,3.990000009536743,3.75,3.7699999809265137,29300,0.0,0.0
2026-05-20 00:00:00-04:00,3.7200000286102295,3.8610000610351562,3.4700000286102295,3.609999895095825,63700,0.0,0.0
2026-05-21 00:00:00-04:00,3.609999895095825,4.465000152587891,3.609999895095825,4.25,222500,0.0,0.0
2026-05-22 00:00:00-04:00,4.369999885559082,4.389999866485596,4.150000095367432,4.369999885559082,85700,0.0,0.0
2026-05-26 00:00:00-04:00,4.420000076293945,4.630000114440918,4.150000095367432,4.170000076293945,87300,0.0,0.0
2026-05-27 00:00:00-04:00,4.239999771118164,4.400000095367432,4.079999923706055,4.380000114440918,53700,0.0,0.0
2026-05-28 00:00:00-04:00,4.400000095367432,4.929999828338623,4.329999923706055,4.840000152587891,77300,0.0,0.0
2026-05-29 00:00:00-04:00,4.860000133514404,4.860000133514404,4.567999839782715,4.610000133514404,39600,0.0,0.0
2026-06-01 00:00:00-04:00,4.570000171661377,4.699999809265137,4.110000133514404,4.25,59200,0.0,0.0
2026-06-02 00:00:00-04:00,4.28000020980835,4.440000057220459,4.074999809265137,4.215000152587891,48800,0.0,0.0
2026-06-03 00:00:00-04:00,4.150000095367432,4.204999923706055,3.690000057220459,3.809999942779541,74200,0.0,0.0
2026-06-04 00:00:00-04:00,3.75,4.363999843597412,3.75,4.269999980926514,66200,0.0,0.0
2026-06-05 00:00:00-04:00,4.090000152587891,4.5,3.7699999809265137,3.869999885559082,132500,0.0,0.0
2026-06-08 00:00:00-04:00,3.799999952316284,4.150000095367432,3.7699999809265137,3.880000114440918,49900,0.0,0.0
2026-06-09 00:00:00-04:00,4.0,4.0,3.6500000953674316,3.6700000762939453,28100,0.0,0.0
2026-06-10 00:00:00-04:00,3.6500000953674316,3.890000104904175,3.5,3.5,37100,0.0,0.0
2026-06-11 00:00:00-04:00,3.5399999618530273,3.989000082015991,3.4100000858306885,3.950000047683716,73000,0.0,0.0
2026-06-12 00:00:00-04:00,3.875,4.010000228881836,3.6600000858306885,4.010000228881836,74300,0.0,0.0
2026-06-15 00:00:00-04:00,3.950000047683716,4.230000019073486,3.7070000171661377,3.990000009536743,39700,0.0,0.0
2026-06-16 00:00:00-04:00,3.9000000953674316,3.9100000858306885,3.680000066757202,3.700000047683716,33300,0.0,0.0
2026-06-17 00:00:00-04:00,3.690000057220459,3.799999952316284,3.6500000953674316,3.75,42200,0.0,0.0
2026-06-18 00:00:00-04:00,3.6449999809265137,3.6700000762939453,3.2300000190734863,3.369999885559082,76400,0.0,0.0
2026-06-22 00:00:00-04:00,3.3399999141693115,3.549999952316284,3.299999952316284,3.3299999237060547,15300,0.0,0.0
2026-06-23 00:00:00-04:00,3.299999952316284,3.4200000762939453,3.1600000858306885,3.259999990463257,12800,0.0,0.0
2026-06-24 00:00:00-04:00,3.3359999656677246,3.3359999656677246,2.75,3.009999990463257,101200,0.0,0.0
2026-06-25 00:00:00-04:00,2.2100000381469727,2.2699999809265137,2.0199999809265137,2.1700000762939453,428200,0.0,0.0
2026-06-26 00:00:00-04:00,2.1600000858306885,2.308000087738037,1.9700000286102295,2.1500000953674316,130500,0.0,0.0
2026-06-29 00:00:00-04:00,2.1500000953674316,2.2300000190734863,1.8849999904632568,2.115000009536743,199200,0.0,0.0
2026-06-30 00:00:00-04:00,2.240000009536743,2.5420000553131104,2.119999885559082,2.5299999713897705,126800,0.0,0.0
2026-07-01 00:00:00-04:00,2.4700000286102295,2.5,2.2799999713897705,2.3399999141693115,42000,0.0,0.0
2026-07-02 00:00:00-04:00,2.3299999237060547,2.549999952316284,2.1500000953674316,2.180000066757202,57200,0.0,0.0
2026-07-06 00:00:00-04:00,2.1500000953674316,2.1700000762939453,2.0,2.059999942779541,86891,0.0,0.0
