Date,Open,High,Low,Close,Volume,Dividends,Stock Splits
2022-01-03 00:00:00-05:00,17.90999984741211,18.315000534057617,17.510000228881836,17.81999969482422,236300,0.0,0.0
2022-01-04 00:00:00-05:00,17.610000610351562,17.850000381469727,16.93000030517578,17.200000762939453,273500,0.0,0.0
2022-01-05 00:00:00-05:00,17.030000686645508,17.25,16.459999084472656,16.489999771118164,345900,0.0,0.0
2022-01-06 00:00:00-05:00,16.610000610351562,16.639999389648438,14.869999885559082,15.279999732971191,265900,0.0,0.0
2022-01-07 00:00:00-05:00,15.15999984741211,15.460000038146973,14.680000305175781,15.229999542236328,220200,0.0,0.0
2022-01-10 00:00:00-05:00,15.229999542236328,15.779999732971191,14.4399995803833,15.65999984741211,282800,0.0,0.0
2022-01-11 00:00:00-05:00,15.40999984741211,16.020000457763672,15.260000228881836,15.5600004196167,210900,0.0,0.0
2022-01-12 00:00:00-05:00,15.829999923706055,16.643999099731445,14.989999771118164,15.079999923706055,268400,0.0,0.0
2022-01-13 00:00:00-05:00,15.0600004196167,15.119999885559082,13.989999771118164,14.270000457763672,308000,0.0,0.0
2022-01-14 00:00:00-05:00,14.369999885559082,14.380000114440918,13.479999542236328,13.920000076293945,823700,0.0,0.0
2022-01-18 00:00:00-05:00,13.729999542236328,13.729999542236328,12.505000114440918,12.640000343322754,381000,0.0,0.0
2022-01-19 00:00:00-05:00,12.6899995803833,13.375,12.619999885559082,12.6899995803833,237400,0.0,0.0
2022-01-20 00:00:00-05:00,13.039999961853027,13.5600004196167,12.380000114440918,12.550000190734863,371300,0.0,0.0
2022-01-21 00:00:00-05:00,12.420000076293945,13.425000190734863,12.149999618530273,12.9399995803833,630300,0.0,0.0
2022-01-24 00:00:00-05:00,12.680000305175781,13.010000228881836,11.399999618530273,12.710000038146973,630600,0.0,0.0
2022-01-25 00:00:00-05:00,12.630000114440918,12.899999618530273,11.880000114440918,12.489999771118164,240400,0.0,0.0
2022-01-26 00:00:00-05:00,12.609999656677246,13.119999885559082,12.380000114440918,12.460000038146973,261100,0.0,0.0
2022-01-27 00:00:00-05:00,12.300000190734863,12.800000190734863,11.380000114440918,11.520000457763672,386500,0.0,0.0
2022-01-28 00:00:00-05:00,11.720000267028809,12.229999542236328,11.430000305175781,12.069999694824219,317700,0.0,0.0
2022-01-31 00:00:00-05:00,11.890000343322754,12.4350004196167,11.880000114440918,12.15999984741211,277000,0.0,0.0
2022-02-01 00:00:00-05:00,11.890000343322754,12.289999961853027,11.479999542236328,12.199999809265137,663200,0.0,0.0
2022-02-02 00:00:00-05:00,12.199999809265137,12.71500015258789,10.880000114440918,11.359999656677246,505400,0.0,0.0
2022-02-03 00:00:00-05:00,11.210000038146973,11.569999694824219,10.600000381469727,10.729999542236328,338000,0.0,0.0
2022-02-04 00:00:00-05:00,10.630000114440918,10.819999694824219,10.279999732971191,10.640000343322754,305900,0.0,0.0
2022-02-07 00:00:00-05:00,10.579999923706055,11.079999923706055,10.579999923706055,10.930000305175781,255900,0.0,0.0
2022-02-08 00:00:00-05:00,10.920000076293945,11.079999923706055,10.470000267028809,10.859999656677246,221000,0.0,0.0
2022-02-09 00:00:00-05:00,11.21399974822998,11.5649995803833,10.829999923706055,11.359999656677246,251000,0.0,0.0
2022-02-10 00:00:00-05:00,11.0600004196167,11.729000091552734,10.9399995803833,11.1899995803833,218900,0.0,0.0
2022-02-11 00:00:00-05:00,11.170000076293945,11.350000381469727,10.640000343322754,10.800000190734863,298800,0.0,0.0
2022-02-14 00:00:00-05:00,10.729999542236328,10.789999961853027,10.359999656677246,10.520000457763672,185300,0.0,0.0
2022-02-15 00:00:00-05:00,10.619999885559082,11.369999885559082,10.529999732971191,11.289999961853027,295900,0.0,0.0
2022-02-16 00:00:00-05:00,11.09000015258789,11.09000015258789,10.34000015258789,10.600000381469727,196100,0.0,0.0
2022-02-17 00:00:00-05:00,10.59000015258789,10.59000015258789,9.979999542236328,10.229999542236328,461000,0.0,0.0
2022-02-18 00:00:00-05:00,10.329999923706055,10.369999885559082,10.0600004196167,10.210000038146973,324500,0.0,0.0
2022-02-22 00:00:00-05:00,10.220000267028809,10.550000190734863,10.100000381469727,10.220000267028809,213600,0.0,0.0
2022-02-23 00:00:00-05:00,10.25,10.279999732971191,9.864999771118164,9.960000038146973,376300,0.0,0.0
2022-02-24 00:00:00-05:00,9.470000267028809,10.574999809265137,9.329999923706055,10.539999961853027,255500,0.0,0.0
2022-02-25 00:00:00-05:00,10.680000305175781,10.8100004196167,10.359999656677246,10.569999694824219,179200,0.0,0.0
2022-02-28 00:00:00-05:00,10.40999984741211,11.09000015258789,10.270000457763672,11.0,328900,0.0,0.0
2022-03-01 00:00:00-05:00,10.899999618530273,11.479999542236328,10.8100004196167,11.140000343322754,321400,0.0,0.0
2022-03-02 00:00:00-05:00,11.1899995803833,11.295000076293945,10.579999923706055,11.100000381469727,239600,0.0,0.0
2022-03-03 00:00:00-05:00,10.90999984741211,12.043000221252441,10.069999694824219,11.699999809265137,2647800,0.0,0.0
2022-03-04 00:00:00-05:00,11.789999961853027,13.210000038146973,11.489999771118164,13.029999732971191,645100,0.0,0.0
2022-03-07 00:00:00-05:00,12.930000305175781,15.09000015258789,12.890000343322754,14.899999618530273,772100,0.0,0.0
2022-03-08 00:00:00-05:00,15.359999656677246,16.31999969482422,14.989999771118164,15.300000190734863,738800,0.0,0.0
2022-03-09 00:00:00-05:00,15.270000457763672,16.392000198364258,15.09000015258789,15.930000305175781,830700,0.0,0.0
2022-03-10 00:00:00-05:00,15.380000114440918,16.399999618530273,15.229999542236328,16.31999969482422,599600,0.0,0.0
2022-03-11 00:00:00-05:00,16.25,16.780000686645508,15.729999542236328,16.010000228881836,430900,0.0,0.0
2022-03-14 00:00:00-04:00,15.75,15.84000015258789,15.239999771118164,15.380000114440918,1077500,0.0,0.0
2022-03-15 00:00:00-04:00,15.539999961853027,15.819999694824219,15.229999542236328,15.729999542236328,1191800,0.0,0.0
2022-03-16 00:00:00-04:00,16.040000915527344,17.200000762939453,15.319999694824219,17.18000030517578,332600,0.0,0.0
2022-03-17 00:00:00-04:00,17.34000015258789,17.770000457763672,16.709999084472656,17.420000076293945,268100,0.0,0.0
2022-03-18 00:00:00-04:00,17.09000015258789,18.440000534057617,16.459999084472656,18.360000610351562,562800,0.0,0.0
2022-03-21 00:00:00-04:00,18.239999771118164,18.440000534057617,16.989999771118164,17.059999465942383,327200,0.0,0.0
2022-03-22 00:00:00-04:00,17.15999984741211,18.71500015258789,17.049999237060547,18.610000610351562,712900,0.0,0.0
2022-03-23 00:00:00-04:00,18.360000610351562,18.889999389648438,17.690000534057617,18.450000762939453,554500,0.0,0.0
2022-03-24 00:00:00-04:00,18.549999237060547,19.450000762939453,18.110000610351562,19.399999618530273,382200,0.0,0.0
2022-03-25 00:00:00-04:00,19.780000686645508,20.6200008392334,19.579999923706055,20.5,590600,0.0,0.0
2022-03-28 00:00:00-04:00,20.34000015258789,21.06999969482422,20.190000534057617,20.510000228881836,610800,0.0,0.0
2022-03-29 00:00:00-04:00,20.450000762939453,21.559999465942383,20.309999465942383,21.510000228881836,492900,0.0,0.0
2022-03-30 00:00:00-04:00,21.5,22.520000457763672,21.420000076293945,22.3799991607666,412600,0.0,0.0
2022-03-31 00:00:00-04:00,22.520000457763672,23.959999084472656,22.5,23.649999618530273,1210800,0.0,0.0
2022-04-01 00:00:00-04:00,23.850000381469727,24.280000686645508,22.920000076293945,23.739999771118164,1214400,0.0,0.0
2022-04-04 00:00:00-04:00,23.8700008392334,24.049999237060547,22.5,24.0,786400,0.0,0.0
2022-04-05 00:00:00-04:00,24.079999923706055,24.790000915527344,23.584999084472656,23.8700008392334,634300,0.0,0.0
2022-04-06 00:00:00-04:00,23.399999618530273,23.719999313354492,22.43000030517578,22.969999313354492,541000,0.0,0.0
2022-04-07 00:00:00-04:00,23.18000030517578,24.18000030517578,22.5,22.850000381469727,674700,0.0,0.0
2022-04-08 00:00:00-04:00,22.540000915527344,22.84000015258789,21.18000030517578,21.270000457763672,702600,0.0,0.0
2022-04-11 00:00:00-04:00,21.170000076293945,21.489999771118164,18.360000610351562,18.360000610351562,756900,0.0,0.0
2022-04-12 00:00:00-04:00,18.5,18.969999313354492,16.264999389648438,16.389999389648438,886000,0.0,0.0
2022-04-13 00:00:00-04:00,16.510000228881836,16.7450008392334,12.5,13.289999961853027,2382700,0.0,0.0
2022-04-14 00:00:00-04:00,13.199999809265137,13.550000190734863,12.359999656677246,13.239999771118164,1393700,0.0,0.0
2022-04-18 00:00:00-04:00,13.010000228881836,13.720000267028809,12.444999694824219,13.260000228881836,976100,0.0,0.0
2022-04-19 00:00:00-04:00,13.020000457763672,13.399999618530273,12.710000038146973,12.75,1040500,0.0,0.0
2022-04-20 00:00:00-04:00,12.859999656677246,12.90999984741211,11.84000015258789,12.020000457763672,1560600,0.0,0.0
2022-04-21 00:00:00-04:00,12.069999694824219,12.180000305175781,11.180000305175781,11.359999656677246,636400,0.0,0.0
2022-04-22 00:00:00-04:00,11.399999618530273,11.40999984741211,10.649999618530273,10.979999542236328,655200,0.0,0.0
2022-04-25 00:00:00-04:00,10.960000038146973,11.119999885559082,10.670000076293945,10.9399995803833,615800,0.0,0.0
2022-04-26 00:00:00-04:00,10.800000190734863,10.869999885559082,10.369999885559082,10.5,596900,0.0,0.0
2022-04-27 00:00:00-04:00,10.520000457763672,10.600000381469727,9.649999618530273,9.949999809265137,1070600,0.0,0.0
2022-04-28 00:00:00-04:00,10.09000015258789,10.239999771118164,9.350000381469727,9.890000343322754,467300,0.0,0.0
2022-04-29 00:00:00-04:00,9.760000228881836,10.15999984741211,9.479999542236328,9.619999885559082,344900,0.0,0.0
2022-05-02 00:00:00-04:00,9.460000038146973,10.130000114440918,9.460000038146973,9.800000190734863,338400,0.0,0.0
2022-05-03 00:00:00-04:00,9.829999923706055,10.029999732971191,9.460000038146973,9.600000381469727,433500,0.0,0.0
2022-05-04 00:00:00-04:00,9.670000076293945,9.680000305175781,9.069999694824219,9.5,694000,0.0,0.0
2022-05-05 00:00:00-04:00,9.550000190734863,9.619999885559082,8.760000228881836,8.8100004196167,512700,0.0,0.0
2022-05-06 00:00:00-04:00,8.850000381469727,8.850000381469727,8.100000381469727,8.630000114440918,2119600,0.0,0.0
2022-05-09 00:00:00-04:00,8.680000305175781,9.289999961853027,7.340000152587891,7.659999847412109,1324300,0.0,0.0
2022-05-10 00:00:00-04:00,7.550000190734863,7.829999923706055,6.880000114440918,7.550000190734863,1325400,0.0,0.0
2022-05-11 00:00:00-04:00,7.519999980926514,7.71999979019165,7.039999961853027,7.199999809265137,909600,0.0,0.0
2022-05-12 00:00:00-04:00,7.199999809265137,7.820000171661377,7.070000171661377,7.570000171661377,774400,0.0,0.0
2022-05-13 00:00:00-04:00,7.539999961853027,8.430000305175781,7.510000228881836,8.279999732971191,751200,0.0,0.0
2022-05-16 00:00:00-04:00,8.239999771118164,8.579999923706055,8.020000457763672,8.300000190734863,525900,0.0,0.0
2022-05-17 00:00:00-04:00,8.539999961853027,8.760000228881836,8.430000305175781,8.739999771118164,630500,0.0,0.0
2022-05-18 00:00:00-04:00,8.510000228881836,8.859999656677246,8.34000015258789,8.5,466900,0.0,0.0
2022-05-19 00:00:00-04:00,8.529999732971191,9.029999732971191,8.420000076293945,8.640000343322754,482200,0.0,0.0
2022-05-20 00:00:00-04:00,8.739999771118164,8.779999732971191,8.119999885559082,8.510000228881836,430400,0.0,0.0
2022-05-23 00:00:00-04:00,8.609999656677246,8.609999656677246,8.010000228881836,8.34000015258789,402000,0.0,0.0
2022-05-24 00:00:00-04:00,8.229999542236328,8.550000190734863,7.96999979019165,8.359999656677246,739600,0.0,0.0
2022-05-25 00:00:00-04:00,8.369999885559082,8.449999809265137,7.670000076293945,7.760000228881836,446300,0.0,0.0
2022-05-26 00:00:00-04:00,7.820000171661377,7.869999885559082,7.320000171661377,7.400000095367432,469000,0.0,0.0
2022-05-27 00:00:00-04:00,7.480000019073486,7.710000038146973,7.230000019073486,7.639999866485596,395300,0.0,0.0
2022-05-31 00:00:00-04:00,7.650000095367432,7.775000095367432,7.010000228881836,7.119999885559082,601900,0.0,0.0
2022-06-01 00:00:00-04:00,7.300000190734863,7.300000190734863,6.570000171661377,6.920000076293945,621000,0.0,0.0
2022-06-02 00:00:00-04:00,6.900000095367432,7.954999923706055,6.630000114440918,7.519999980926514,1204200,0.0,0.0
2022-06-03 00:00:00-04:00,7.5,8.050000190734863,7.360000133514404,7.96999979019165,356200,0.0,0.0
2022-06-06 00:00:00-04:00,8.279999732971191,8.600000381469727,7.510000228881836,7.53000020980835,576200,0.0,0.0
2022-06-07 00:00:00-04:00,7.400000095367432,8.350000381469727,7.380000114440918,8.0600004196167,1255200,0.0,0.0
2022-06-08 00:00:00-04:00,8.010000228881836,8.6899995803833,7.96999979019165,8.300000190734863,665900,0.0,0.0
2022-06-09 00:00:00-04:00,8.170000076293945,8.430000305175781,7.909999847412109,8.09000015258789,639200,0.0,0.0
2022-06-10 00:00:00-04:00,6.679999828338623,6.800000190734863,3.2100000381469727,4.920000076293945,8414400,0.0,0.0
2022-06-13 00:00:00-04:00,4.579999923706055,4.679999828338623,4.130000114440918,4.199999809265137,1775100,0.0,0.0
2022-06-14 00:00:00-04:00,4.110000133514404,4.429999828338623,4.0,4.269999980926514,650700,0.0,0.0
2022-06-15 00:00:00-04:00,4.090000152587891,4.449999809265137,4.079999923706055,4.409999847412109,944000,0.0,0.0
2022-06-16 00:00:00-04:00,4.269999980926514,4.449999809265137,4.083000183105469,4.360000133514404,607400,0.0,0.0
2022-06-17 00:00:00-04:00,4.360000133514404,4.909999847412109,4.320000171661377,4.590000152587891,864400,0.0,0.0
2022-06-21 00:00:00-04:00,4.670000076293945,4.980000019073486,4.480000019073486,4.489999771118164,486700,0.0,0.0
2022-06-22 00:00:00-04:00,4.460000038146973,5.150000095367432,4.460000038146973,4.920000076293945,785000,0.0,0.0
2022-06-23 00:00:00-04:00,4.960000038146973,5.139999866485596,4.829999923706055,5.110000133514404,509900,0.0,0.0
2022-06-24 00:00:00-04:00,5.130000114440918,5.239999771118164,4.960000038146973,5.139999866485596,1103700,0.0,0.0
2022-06-27 00:00:00-04:00,5.119999885559082,5.28000020980835,4.889999866485596,5.21999979019165,536500,0.0,0.0
2022-06-28 00:00:00-04:00,5.239999771118164,5.300000190734863,4.804999828338623,4.849999904632568,638900,0.0,0.0
2022-06-29 00:00:00-04:00,4.840000152587891,4.989999771118164,4.670000076293945,4.949999809265137,430700,0.0,0.0
2022-06-30 00:00:00-04:00,4.840000152587891,5.019999980926514,4.659999847412109,4.900000095367432,477800,0.0,0.0
2022-07-01 00:00:00-04:00,4.920000076293945,5.079999923706055,4.769999980926514,4.920000076293945,392200,0.0,0.0
2022-07-05 00:00:00-04:00,4.869999885559082,5.510000228881836,4.809999942779541,5.480000019073486,432200,0.0,0.0
2022-07-06 00:00:00-04:00,5.120999813079834,5.630000114440918,5.120999813079834,5.369999885559082,497600,0.0,0.0
2022-07-07 00:00:00-04:00,5.400000095367432,5.914999961853027,5.190000057220459,5.869999885559082,405200,0.0,0.0
2022-07-08 00:00:00-04:00,5.760000228881836,6.050000190734863,5.670000076293945,5.929999828338623,330000,0.0,0.0
2022-07-11 00:00:00-04:00,5.849999904632568,5.860000133514404,5.579999923706055,5.690000057220459,179200,0.0,0.0
2022-07-12 00:00:00-04:00,5.050000190734863,5.630000114440918,5.0,5.25,1029200,0.0,0.0
2022-07-13 00:00:00-04:00,5.130000114440918,5.46999979019165,5.039999961853027,5.25,519500,0.0,0.0
2022-07-14 00:00:00-04:00,5.139999866485596,5.269999980926514,4.920000076293945,5.159999847412109,476900,0.0,0.0
2022-07-15 00:00:00-04:00,5.289999961853027,5.409999847412109,4.980000019073486,5.389999866485596,269400,0.0,0.0
2022-07-18 00:00:00-04:00,5.460000038146973,5.670000076293945,5.090000152587891,5.170000076293945,207300,0.0,0.0
2022-07-19 00:00:00-04:00,5.269999980926514,5.639999866485596,5.230000019073486,5.570000171661377,352600,0.0,0.0
2022-07-20 00:00:00-04:00,5.639999866485596,6.059999942779541,5.489999771118164,5.920000076293945,315300,0.0,0.0
2022-07-21 00:00:00-04:00,5.889999866485596,5.949999809265137,5.710000038146973,5.800000190734863,122900,0.0,0.0
2022-07-22 00:00:00-04:00,5.880000114440918,5.880000114440918,5.389999866485596,5.610000133514404,305900,0.0,0.0
2022-07-25 00:00:00-04:00,5.650000095367432,5.980000019073486,5.480000019073486,5.96999979019165,228900,0.0,0.0
2022-07-26 00:00:00-04:00,5.949999809265137,6.190000057220459,5.679999828338623,6.150000095367432,216100,0.0,0.0
2022-07-27 00:00:00-04:00,6.190000057220459,6.239999771118164,5.929999828338623,6.210000038146973,279700,0.0,0.0
2022-07-28 00:00:00-04:00,6.170000076293945,6.409999847412109,5.659999847412109,6.25,965700,0.0,0.0
2022-07-29 00:00:00-04:00,6.260000228881836,6.409999847412109,5.684999942779541,5.880000114440918,304900,0.0,0.0
2022-08-01 00:00:00-04:00,5.880000114440918,5.989999771118164,5.5279998779296875,5.619999885559082,263900,0.0,0.0
2022-08-02 00:00:00-04:00,5.599999904632568,6.039999961853027,5.539999961853027,5.880000114440918,274400,0.0,0.0
2022-08-03 00:00:00-04:00,6.019999980926514,6.5,6.019999980926514,6.309999942779541,325300,0.0,0.0
2022-08-04 00:00:00-04:00,6.369999885559082,7.440000057220459,6.269999980926514,7.170000076293945,470200,0.0,0.0
2022-08-05 00:00:00-04:00,6.980000019073486,8.319999694824219,6.71999979019165,8.229999542236328,1226100,0.0,0.0
2022-08-08 00:00:00-04:00,8.170000076293945,8.359999656677246,7.639999866485596,7.670000076293945,829200,0.0,0.0
2022-08-09 00:00:00-04:00,7.53000020980835,7.619999885559082,7.099999904632568,7.400000095367432,340700,0.0,0.0
2022-08-10 00:00:00-04:00,7.659999847412109,7.809999942779541,7.449999809265137,7.760000228881836,399400,0.0,0.0
2022-08-11 00:00:00-04:00,6.920000076293945,8.114999771118164,6.860000133514404,7.570000171661377,548900,0.0,0.0
2022-08-12 00:00:00-04:00,7.639999866485596,8.539999961853027,7.630000114440918,8.40999984741211,275600,0.0,0.0
2022-08-15 00:00:00-04:00,8.420000076293945,8.449999809265137,7.75,7.820000171661377,258100,0.0,0.0
2022-08-16 00:00:00-04:00,8.640000343322754,9.329999923706055,7.099999904632568,7.28000020980835,2803300,0.0,0.0
2022-08-17 00:00:00-04:00,7.059999942779541,7.75,7.019999980926514,7.409999847412109,687900,0.0,0.0
2022-08-18 00:00:00-04:00,7.53000020980835,8.579999923706055,7.25,8.529999732971191,833900,0.0,0.0
2022-08-19 00:00:00-04:00,8.329999923706055,8.449999809265137,7.75,7.900000095367432,587900,0.0,0.0
2022-08-22 00:00:00-04:00,7.710000038146973,8.199999809265137,7.710000038146973,7.789999961853027,404700,0.0,0.0
2022-08-23 00:00:00-04:00,7.78000020980835,8.229999542236328,7.78000020980835,8.149999618530273,369200,0.0,0.0
2022-08-24 00:00:00-04:00,8.170000076293945,8.279999732971191,7.824999809265137,8.039999961853027,367200,0.0,0.0
2022-08-25 00:00:00-04:00,8.109999656677246,8.3100004196167,7.599999904632568,7.690000057220459,291000,0.0,0.0
2022-08-26 00:00:00-04:00,7.670000076293945,7.859000205993652,7.03000020980835,7.199999809265137,331800,0.0,0.0
2022-08-29 00:00:00-04:00,7.21999979019165,7.7729997634887695,7.090000152587891,7.150000095367432,253900,0.0,0.0
2022-08-30 00:00:00-04:00,7.21999979019165,7.40500020980835,7.010000228881836,7.190000057220459,235800,0.0,0.0
2022-08-31 00:00:00-04:00,7.480000019073486,7.619999885559082,7.179999828338623,7.400000095367432,270200,0.0,0.0
2022-09-01 00:00:00-04:00,7.5,8.600000381469727,7.5,8.1899995803833,835700,0.0,0.0
2022-09-02 00:00:00-04:00,8.079999923706055,8.479999542236328,7.940000057220459,8.130000114440918,258600,0.0,0.0
2022-09-06 00:00:00-04:00,8.119999885559082,8.140000343322754,7.349999904632568,7.46999979019165,406300,0.0,0.0
2022-09-07 00:00:00-04:00,7.510000228881836,7.980000019073486,7.449999809265137,7.940000057220459,256400,0.0,0.0
2022-09-08 00:00:00-04:00,7.769999980926514,8.6899995803833,7.769999980926514,8.579999923706055,260900,0.0,0.0
2022-09-09 00:00:00-04:00,8.630000114440918,8.6899995803833,8.220999717712402,8.3100004196167,197200,0.0,0.0
2022-09-12 00:00:00-04:00,8.40999984741211,8.520000457763672,8.170000076293945,8.380000114440918,168500,0.0,0.0
2022-09-13 00:00:00-04:00,8.069999694824219,8.800000190734863,7.900000095367432,8.760000228881836,373500,0.0,0.0
2022-09-14 00:00:00-04:00,8.760000228881836,8.869999885559082,8.109999656677246,8.420000076293945,755100,0.0,0.0
2022-09-15 00:00:00-04:00,8.300000190734863,9.515000343322754,8.239999771118164,9.100000381469727,410200,0.0,0.0
2022-09-16 00:00:00-04:00,8.90999984741211,9.399999618530273,8.359999656677246,8.84000015258789,634200,0.0,0.0
2022-09-19 00:00:00-04:00,8.729999542236328,9.145000457763672,8.529999732971191,8.720000267028809,500500,0.0,0.0
2022-09-20 00:00:00-04:00,8.630000114440918,8.949999809265137,8.430000305175781,8.789999961853027,491300,0.0,0.0
2022-09-21 00:00:00-04:00,8.869999885559082,8.869999885559082,8.09000015258789,8.149999618530273,206300,0.0,0.0
2022-09-22 00:00:00-04:00,7.96999979019165,8.604999542236328,7.8480000495910645,8.220000267028809,245000,0.0,0.0
2022-09-23 00:00:00-04:00,8.100000381469727,8.109999656677246,7.610000133514404,7.949999809265137,245700,0.0,0.0
2022-09-26 00:00:00-04:00,8.050000190734863,8.199999809265137,7.800000190734863,7.980000019073486,166400,0.0,0.0
2022-09-27 00:00:00-04:00,8.130000114440918,8.15999984741211,7.735000133514404,7.909999847412109,196700,0.0,0.0
2022-09-28 00:00:00-04:00,8.119999885559082,8.350000381469727,8.050000190734863,8.069999694824219,232000,0.0,0.0
2022-09-29 00:00:00-04:00,8.039999961853027,8.149999618530273,7.260000228881836,7.789999961853027,364200,0.0,0.0
2022-09-30 00:00:00-04:00,7.730000019073486,8.619999885559082,7.610000133514404,8.09000015258789,280700,0.0,0.0
2022-10-03 00:00:00-04:00,8.109999656677246,8.90999984741211,7.940000057220459,8.15999984741211,394300,0.0,0.0
2022-10-04 00:00:00-04:00,8.279999732971191,8.65999984741211,8.097999572753906,8.34000015258789,310300,0.0,0.0
2022-10-05 00:00:00-04:00,8.210000038146973,8.25,7.730000019073486,7.940000057220459,196100,0.0,0.0
2022-10-06 00:00:00-04:00,7.889999866485596,8.390000343322754,7.889999866485596,8.350000381469727,184700,0.0,0.0
2022-10-07 00:00:00-04:00,8.319999694824219,8.319999694824219,7.900000095367432,7.940000057220459,128200,0.0,0.0
2022-10-10 00:00:00-04:00,7.940000057220459,8.020000457763672,7.364999771118164,7.960000038146973,199900,0.0,0.0
2022-10-11 00:00:00-04:00,7.960000038146973,8.119999885559082,7.269999980926514,7.519999980926514,597500,0.0,0.0
2022-10-12 00:00:00-04:00,7.599999904632568,7.599999904632568,6.980000019073486,7.21999979019165,294600,0.0,0.0
2022-10-13 00:00:00-04:00,7.139999866485596,7.960000038146973,6.8429999351501465,7.909999847412109,229300,0.0,0.0
2022-10-14 00:00:00-04:00,7.949999809265137,8.154000282287598,7.360000133514404,7.5,193800,0.0,0.0
2022-10-17 00:00:00-04:00,7.519999980926514,7.840000152587891,6.760000228881836,6.96999979019165,564200,0.0,0.0
2022-10-18 00:00:00-04:00,7.130000114440918,7.15500020980835,6.730000019073486,6.980000019073486,1566400,0.0,0.0
2022-10-19 00:00:00-04:00,6.900000095367432,6.900000095367432,6.429999828338623,6.519999980926514,704700,0.0,0.0
2022-10-20 00:00:00-04:00,5.940000057220459,6.0,5.110000133514404,5.539999961853027,1180300,0.0,0.0
2022-10-21 00:00:00-04:00,5.570000171661377,5.820000171661377,5.40500020980835,5.429999828338623,427400,0.0,0.0
2022-10-24 00:00:00-04:00,5.380000114440918,5.429999828338623,4.945000171661377,5.010000228881836,456900,0.0,0.0
2022-10-25 00:00:00-04:00,5.139999866485596,5.385000228881836,5.019999980926514,5.079999923706055,473800,0.0,0.0
2022-10-26 00:00:00-04:00,5.150000095367432,5.840000152587891,5.050000190734863,5.380000114440918,400100,0.0,0.0
2022-10-27 00:00:00-04:00,5.440000057220459,5.880000114440918,5.050000190734863,5.159999847412109,315700,0.0,0.0
2022-10-28 00:00:00-04:00,5.25,5.579999923706055,5.079999923706055,5.429999828338623,420700,0.0,0.0
2022-10-31 00:00:00-04:00,5.409999847412109,5.630000114440918,5.380000114440918,5.559999942779541,357100,0.0,0.0
2022-11-01 00:00:00-04:00,5.659999847412109,5.920000076293945,5.554999828338623,5.800000190734863,335400,0.0,0.0
2022-11-02 00:00:00-04:00,5.789999961853027,5.934999942779541,5.480000019073486,5.519999980926514,318100,0.0,0.0
2022-11-03 00:00:00-04:00,5.46999979019165,6.159999847412109,5.46999979019165,6.099999904632568,262400,0.0,0.0
2022-11-04 00:00:00-04:00,6.139999866485596,6.139999866485596,5.480000019073486,5.78000020980835,212500,0.0,0.0
2022-11-07 00:00:00-05:00,5.78000020980835,5.960000038146973,5.599999904632568,5.610000133514404,266800,0.0,0.0
2022-11-08 00:00:00-05:00,6.46999979019165,6.670000076293945,5.690999984741211,6.449999809265137,543500,0.0,0.0
2022-11-09 00:00:00-05:00,6.409999847412109,7.179999828338623,5.909999847412109,6.949999809265137,528300,0.0,0.0
2022-11-10 00:00:00-05:00,7.210000038146973,7.650000095367432,6.860000133514404,7.269999980926514,710900,0.0,0.0
2022-11-11 00:00:00-05:00,7.239999771118164,7.809999942779541,6.784999847412109,7.139999866485596,361000,0.0,0.0
2022-11-14 00:00:00-05:00,7.349999904632568,7.369999885559082,6.730000019073486,6.809999942779541,321200,0.0,0.0
2022-11-15 00:00:00-05:00,7.389999866485596,7.639999866485596,6.809999942779541,7.179999828338623,771300,0.0,0.0
2022-11-16 00:00:00-05:00,7.329999923706055,7.510000228881836,7.039999961853027,7.25,384700,0.0,0.0
2022-11-17 00:00:00-05:00,7.230000019073486,7.230000019073486,6.650000095367432,6.809999942779541,254200,0.0,0.0
2022-11-18 00:00:00-05:00,6.949999809265137,7.0320000648498535,6.400000095367432,6.489999771118164,343300,0.0,0.0
2022-11-21 00:00:00-05:00,6.550000190734863,7.019999980926514,6.46999979019165,6.789999961853027,331500,0.0,0.0
2022-11-22 00:00:00-05:00,6.940000057220459,6.940000057220459,6.380000114440918,6.829999923706055,217400,0.0,0.0
2022-11-23 00:00:00-05:00,6.809999942779541,7.190000057220459,6.679999828338623,6.840000152587891,220600,0.0,0.0
2022-11-25 00:00:00-05:00,6.849999904632568,7.034999847412109,6.675000190734863,6.849999904632568,149200,0.0,0.0
2022-11-28 00:00:00-05:00,6.769999980926514,7.050000190734863,6.630000114440918,6.710000038146973,227300,0.0,0.0
2022-11-29 00:00:00-05:00,6.639999866485596,7.010000228881836,6.400000095367432,6.550000190734863,369200,0.0,0.0
2022-11-30 00:00:00-05:00,6.599999904632568,6.860000133514404,6.28000020980835,6.849999904632568,547100,0.0,0.0
2022-12-01 00:00:00-05:00,6.849999904632568,7.139999866485596,6.659999847412109,6.699999809265137,316400,0.0,0.0
2022-12-02 00:00:00-05:00,6.670000076293945,7.204999923706055,6.519999980926514,6.75,395800,0.0,0.0
2022-12-05 00:00:00-05:00,6.800000190734863,7.175000190734863,6.400000095367432,6.559999942779541,518300,0.0,0.0
2022-12-06 00:00:00-05:00,6.53000020980835,6.630000114440918,6.199999809265137,6.25,258100,0.0,0.0
2022-12-07 00:00:00-05:00,6.190000057220459,6.429999828338623,6.059999942779541,6.139999866485596,181700,0.0,0.0
2022-12-08 00:00:00-05:00,6.21999979019165,6.360000133514404,5.900000095367432,6.139999866485596,156300,0.0,0.0
2022-12-09 00:00:00-05:00,6.110000133514404,6.465000152587891,5.260000228881836,5.449999809265137,555700,0.0,0.0
2022-12-12 00:00:00-05:00,5.409999847412109,5.909999847412109,5.335000038146973,5.860000133514404,336000,0.0,0.0
2022-12-13 00:00:00-05:00,6.179999828338623,6.28000020980835,5.789999961853027,5.849999904632568,684300,0.0,0.0
2022-12-14 00:00:00-05:00,5.920000076293945,5.920000076293945,5.110000133514404,5.440000057220459,1738300,0.0,0.0
2022-12-15 00:00:00-05:00,5.519999980926514,5.519999980926514,5.300000190734863,5.480000019073486,1024100,0.0,0.0
2022-12-16 00:00:00-05:00,5.389999866485596,5.695000171661377,5.199999809265137,5.349999904632568,2932300,0.0,0.0
2022-12-19 00:00:00-05:00,5.71999979019165,6.150000095367432,5.420000076293945,6.039999961853027,1161700,0.0,0.0
2022-12-20 00:00:00-05:00,5.949999809265137,6.449999809265137,5.934999942779541,6.409999847412109,878000,0.0,0.0
2022-12-21 00:00:00-05:00,6.429999828338623,6.599999904632568,6.215000152587891,6.28000020980835,510000,0.0,0.0
2022-12-22 00:00:00-05:00,6.369999885559082,6.400000095367432,6.090000152587891,6.239999771118164,486100,0.0,0.0
2022-12-23 00:00:00-05:00,6.179999828338623,6.289999961853027,6.054999828338623,6.25,430900,0.0,0.0
2022-12-27 00:00:00-05:00,6.230000019073486,6.25,5.96999979019165,6.039999961853027,205600,0.0,0.0
2022-12-28 00:00:00-05:00,6.039999961853027,6.800000190734863,6.039999961853027,6.610000133514404,362300,0.0,0.0
2022-12-29 00:00:00-05:00,6.650000095367432,7.789999961853027,6.639999866485596,7.239999771118164,750900,0.0,0.0
2022-12-30 00:00:00-05:00,7.21999979019165,7.460000038146973,6.625999927520752,7.28000020980835,522100,0.0,0.0
2023-01-03 00:00:00-05:00,7.389999866485596,8.199999809265137,7.389999866485596,7.900000095367432,676800,0.0,0.0
2023-01-04 00:00:00-05:00,8.289999961853027,8.380000114440918,6.639999866485596,8.279999732971191,1768500,0.0,0.0
2023-01-05 00:00:00-05:00,8.260000228881836,9.369999885559082,7.820000171661377,9.140000343322754,3420900,0.0,0.0
2023-01-06 00:00:00-05:00,9.170000076293945,9.449999809265137,8.369999885559082,9.319999694824219,1790700,0.0,0.0
2023-01-09 00:00:00-05:00,9.789999961853027,10.670000076293945,9.510000228881836,10.199999809265137,886900,0.0,0.0
2023-01-10 00:00:00-05:00,10.260000228881836,12.40999984741211,10.111000061035156,12.300000190734863,1358300,0.0,0.0
2023-01-11 00:00:00-05:00,12.260000228881836,13.170000076293945,11.817999839782715,13.140000343322754,1184900,0.0,0.0
2023-01-12 00:00:00-05:00,13.260000228881836,14.020000457763672,11.88599967956543,13.970000267028809,624200,0.0,0.0
2023-01-13 00:00:00-05:00,13.970000267028809,15.0,13.494999885559082,13.699999809265137,705800,0.0,0.0
2023-01-17 00:00:00-05:00,13.600000381469727,14.25,13.119999885559082,13.989999771118164,558700,0.0,0.0
2023-01-18 00:00:00-05:00,13.020000457763672,13.369999885559082,12.380000114440918,12.430000305175781,4076100,0.0,0.0
2023-01-19 00:00:00-05:00,12.4399995803833,12.604999542236328,12.130000114440918,12.149999618530273,1060700,0.0,0.0
2023-01-20 00:00:00-05:00,12.199999809265137,12.640000343322754,12.0,12.630000114440918,1060500,0.0,0.0
2023-01-23 00:00:00-05:00,13.15999984741211,13.489999771118164,12.3100004196167,12.630000114440918,1005900,0.0,0.0
2023-01-24 00:00:00-05:00,12.710000038146973,13.069999694824219,12.414999961853027,12.800000190734863,728800,0.0,0.0
2023-01-25 00:00:00-05:00,13.100000381469727,13.319999694824219,12.149999618530273,12.859999656677246,1074500,0.0,0.0
2023-01-26 00:00:00-05:00,13.010000228881836,13.109999656677246,12.34000015258789,12.569999694824219,438100,0.0,0.0
2023-01-27 00:00:00-05:00,12.65999984741211,12.890000343322754,12.399999618530273,12.869999885559082,483100,0.0,0.0
2023-01-30 00:00:00-05:00,12.869999885559082,12.880000114440918,12.460000038146973,12.819999694824219,368900,0.0,0.0
2023-01-31 00:00:00-05:00,12.960000038146973,14.100000381469727,12.15999984741211,12.609999656677246,1200100,0.0,0.0
2023-02-01 00:00:00-05:00,12.520000457763672,12.930000305175781,12.199999809265137,12.619999885559082,1069400,0.0,0.0
2023-02-02 00:00:00-05:00,12.899999618530273,13.067999839782715,12.300000190734863,12.930000305175781,758800,0.0,0.0
2023-02-03 00:00:00-05:00,12.630000114440918,13.1899995803833,12.560999870300293,12.630000114440918,471500,0.0,0.0
2023-02-06 00:00:00-05:00,12.670000076293945,12.829999923706055,12.225000381469727,12.40999984741211,493900,0.0,0.0
2023-02-07 00:00:00-05:00,12.380000114440918,12.8100004196167,12.149999618530273,12.75,598300,0.0,0.0
2023-02-08 00:00:00-05:00,12.8100004196167,12.819999694824219,12.199999809265137,12.600000381469727,371300,0.0,0.0
2023-02-09 00:00:00-05:00,12.859999656677246,13.039999961853027,12.479999542236328,12.59000015258789,465400,0.0,0.0
2023-02-10 00:00:00-05:00,12.359999656677246,12.789999961853027,12.260000228881836,12.739999771118164,351300,0.0,0.0
2023-02-13 00:00:00-05:00,12.699999809265137,12.760000228881836,12.239999771118164,12.569999694824219,568900,0.0,0.0
2023-02-14 00:00:00-05:00,12.539999961853027,13.220000267028809,12.260000228881836,12.8100004196167,1046300,0.0,0.0
2023-02-15 00:00:00-05:00,12.720000267028809,13.180000305175781,12.550000190734863,12.949999809265137,805000,0.0,0.0
2023-02-16 00:00:00-05:00,12.930000305175781,13.149999618530273,12.699999809265137,12.720000267028809,1858000,0.0,0.0
2023-02-17 00:00:00-05:00,12.739999771118164,12.760000228881836,11.359999656677246,12.170000076293945,708400,0.0,0.0
2023-02-21 00:00:00-05:00,12.180000305175781,12.359999656677246,11.989999771118164,12.069999694824219,491600,0.0,0.0
2023-02-22 00:00:00-05:00,12.0600004196167,12.989999771118164,11.9399995803833,12.850000381469727,686400,0.0,0.0
2023-02-23 00:00:00-05:00,13.010000228881836,13.050000190734863,12.529999732971191,12.890000343322754,321000,0.0,0.0
2023-02-24 00:00:00-05:00,5.809999942779541,6.489999771118164,5.300000190734863,5.659999847412109,9926900,0.0,0.0
2023-02-27 00:00:00-05:00,5.769999980926514,5.809999942779541,5.170000076293945,5.800000190734863,2630500,0.0,0.0
2023-02-28 00:00:00-05:00,5.320000171661377,6.239999771118164,5.170000076293945,6.039999961853027,1633000,0.0,0.0
2023-03-01 00:00:00-05:00,6.130000114440918,6.610000133514404,6.070000171661377,6.289999961853027,2209700,0.0,0.0
2023-03-02 00:00:00-05:00,6.289999961853027,6.449999809265137,5.96999979019165,6.050000190734863,802100,0.0,0.0
2023-03-03 00:00:00-05:00,6.079999923706055,6.079999923706055,5.769999980926514,5.989999771118164,725900,0.0,0.0
2023-03-06 00:00:00-05:00,5.989999771118164,5.989999771118164,5.440000057220459,5.96999979019165,919800,0.0,0.0
2023-03-07 00:00:00-05:00,5.980000019073486,6.349999904632568,5.760000228881836,6.329999923706055,905800,0.0,0.0
2023-03-08 00:00:00-05:00,6.329999923706055,6.644999980926514,6.224999904632568,6.260000228881836,1142400,0.0,0.0
2023-03-09 00:00:00-05:00,5.079999923706055,5.699999809265137,4.699999809265137,4.820000171661377,3385200,0.0,0.0
2023-03-10 00:00:00-05:00,4.559999942779541,4.71999979019165,4.21999979019165,4.510000228881836,2219100,0.0,0.0
2023-03-13 00:00:00-04:00,4.429999828338623,4.795000076293945,4.320000171661377,4.5,1344500,0.0,0.0
2023-03-14 00:00:00-04:00,4.650000095367432,4.75,3.890000104904175,3.9700000286102295,2195100,0.0,0.0
2023-03-15 00:00:00-04:00,3.9700000286102295,4.039999961853027,3.619999885559082,3.799999952316284,3604100,0.0,0.0
2023-03-16 00:00:00-04:00,3.819999933242798,3.8499999046325684,3.625,3.680000066757202,1602800,0.0,0.0
2023-03-17 00:00:00-04:00,3.680000066757202,3.684999942779541,3.369999885559082,3.450000047683716,2526800,0.0,0.0
2023-03-20 00:00:00-04:00,3.450000047683716,3.5299999713897705,3.2300000190734863,3.450000047683716,1605900,0.0,0.0
2023-03-21 00:00:00-04:00,3.549999952316284,3.8399999141693115,3.440000057220459,3.700000047683716,1120800,0.0,0.0
2023-03-22 00:00:00-04:00,3.6600000858306885,3.6600000858306885,3.3299999237060547,3.3399999141693115,1003800,0.0,0.0
2023-03-23 00:00:00-04:00,3.4200000762939453,3.4739999771118164,3.065000057220459,3.140000104904175,971800,0.0,0.0
2023-03-24 00:00:00-04:00,3.1500000953674316,3.240000009536743,3.049999952316284,3.1500000953674316,833100,0.0,0.0
2023-03-27 00:00:00-04:00,3.2100000381469727,3.240000009536743,3.0799999237060547,3.119999885559082,714700,0.0,0.0
2023-03-28 00:00:00-04:00,3.130000114440918,3.2200000286102295,3.005000114440918,3.049999952316284,939600,0.0,0.0
2023-03-29 00:00:00-04:00,3.119999885559082,3.240000009536743,3.049999952316284,3.140000104904175,791400,0.0,0.0
2023-03-30 00:00:00-04:00,3.1600000858306885,3.240000009536743,2.759999990463257,2.8299999237060547,1080400,0.0,0.0
2023-03-31 00:00:00-04:00,2.8499999046325684,3.0299999713897705,2.8299999237060547,2.8499999046325684,1181500,0.0,0.0
2023-04-03 00:00:00-04:00,2.859999895095825,3.009999990463257,2.7200000286102295,2.7699999809265137,1402000,0.0,0.0
2023-04-04 00:00:00-04:00,2.7699999809265137,2.799999952316284,2.5399999618530273,2.619999885559082,965100,0.0,0.0
2023-04-05 00:00:00-04:00,2.5199999809265137,2.5899999141693115,2.369999885559082,2.4200000762939453,1174600,0.0,0.0
2023-04-06 00:00:00-04:00,2.440000057220459,2.509999990463257,2.2799999713897705,2.380000114440918,959700,0.0,0.0
2023-04-10 00:00:00-04:00,2.369999885559082,2.4600000381469727,2.2799999713897705,2.430000066757202,1159200,0.0,0.0
2023-04-11 00:00:00-04:00,2.4200000762939453,2.5199999809265137,2.380000114440918,2.5,1462900,0.0,0.0
2023-04-12 00:00:00-04:00,2.5399999618530273,2.5899999141693115,2.25,2.259999990463257,881900,0.0,0.0
2023-04-13 00:00:00-04:00,2.2899999618530273,2.569999933242798,2.2699999809265137,2.505000114440918,801600,0.0,0.0
2023-04-14 00:00:00-04:00,2.559999942779541,2.569999933242798,2.390000104904175,2.4100000858306885,577200,0.0,0.0
2023-04-17 00:00:00-04:00,2.430000066757202,2.640000104904175,2.430000066757202,2.5999999046325684,856700,0.0,0.0
2023-04-18 00:00:00-04:00,2.630000114440918,2.630000114440918,2.4200000762939453,2.4600000381469727,599500,0.0,0.0
2023-04-19 00:00:00-04:00,2.430000066757202,2.549999952316284,2.430000066757202,2.5,466500,0.0,0.0
2023-04-20 00:00:00-04:00,2.4800000190734863,2.569999933242798,2.447000026702881,2.4800000190734863,567200,0.0,0.0
2023-04-21 00:00:00-04:00,2.5,2.759999990463257,2.5,2.7300000190734863,659500,0.0,0.0
2023-04-24 00:00:00-04:00,2.740000009536743,2.809999942779541,2.630000114440918,2.6500000953674316,677100,0.0,0.0
2023-04-25 00:00:00-04:00,2.640000104904175,2.734999895095825,2.549999952316284,2.5999999046325684,1059300,0.0,0.0
2023-04-26 00:00:00-04:00,2.680000066757202,2.680000066757202,2.4749999046325684,2.5799999237060547,664300,0.0,0.0
2023-04-27 00:00:00-04:00,2.5999999046325684,2.6500000953674316,2.490000009536743,2.5,674500,0.0,0.0
2023-04-28 00:00:00-04:00,2.5199999809265137,2.7200000286102295,2.450000047683716,2.5,1577400,0.0,0.0
2023-05-01 00:00:00-04:00,2.4800000190734863,2.740000009536743,2.430000066757202,2.7200000286102295,1074700,0.0,0.0
2023-05-02 00:00:00-04:00,2.7200000286102295,2.815000057220459,2.6700000762939453,2.759999990463257,905500,0.0,0.0
2023-05-03 00:00:00-04:00,2.7699999809265137,3.015000104904175,2.690000057220459,2.930000066757202,839500,0.0,0.0
2023-05-04 00:00:00-04:00,2.700000047683716,2.7799999713897705,2.625,2.740000009536743,1181800,0.0,0.0
2023-05-05 00:00:00-04:00,2.799999952316284,2.880000114440918,2.75,2.8350000381469727,508800,0.0,0.0
2023-05-08 00:00:00-04:00,2.8499999046325684,3.119999885559082,2.759999990463257,3.0799999237060547,783000,0.0,0.0
2023-05-09 00:00:00-04:00,3.069999933242798,3.299999952316284,2.990000009536743,3.2699999809265137,697800,0.0,0.0
2023-05-10 00:00:00-04:00,3.309999942779541,3.3399999141693115,3.1649999618530273,3.2699999809265137,612100,0.0,0.0
2023-05-11 00:00:00-04:00,3.259999990463257,3.2990000247955322,3.119999885559082,3.180000066757202,560600,0.0,0.0
2023-05-12 00:00:00-04:00,3.1700000762939453,3.2699999809265137,3.0999999046325684,3.2699999809265137,561800,0.0,0.0
2023-05-15 00:00:00-04:00,3.4100000858306885,3.6700000762939453,3.1500000953674316,3.640000104904175,930700,0.0,0.0
2023-05-16 00:00:00-04:00,3.619999885559082,3.930000066757202,3.4100000858306885,3.799999952316284,625600,0.0,0.0
2023-05-17 00:00:00-04:00,3.75,3.809999942779541,3.440000057220459,3.6600000858306885,617000,0.0,0.0
2023-05-18 00:00:00-04:00,3.6500000953674316,3.6500000953674316,3.200000047683716,3.2799999713897705,520700,0.0,0.0
2023-05-19 00:00:00-04:00,3.3499999046325684,3.549999952316284,3.124000072479248,3.25,478500,0.0,0.0
2023-05-22 00:00:00-04:00,3.25,3.2799999713897705,3.005000114440918,3.069999933242798,609500,0.0,0.0
2023-05-23 00:00:00-04:00,3.069999933242798,3.5399999618530273,3.0250000953674316,3.4200000762939453,1049700,0.0,0.0
2023-05-24 00:00:00-04:00,3.4200000762939453,3.4240000247955322,3.200000047683716,3.259999990463257,485600,0.0,0.0
2023-05-25 00:00:00-04:00,3.259999990463257,3.259999990463257,2.869999885559082,2.9800000190734863,699100,0.0,0.0
2023-05-26 00:00:00-04:00,3.0299999713897705,3.069999933242798,2.8499999046325684,2.9100000858306885,417300,0.0,0.0
2023-05-30 00:00:00-04:00,2.9100000858306885,2.9600000381469727,2.819999933242798,2.890000104904175,562500,0.0,0.0
2023-05-31 00:00:00-04:00,2.890000104904175,3.0199999809265137,2.6700000762939453,2.7200000286102295,1953600,0.0,0.0
2023-06-01 00:00:00-04:00,2.740000009536743,2.950000047683716,2.6500000953674316,2.890000104904175,688500,0.0,0.0
2023-06-02 00:00:00-04:00,2.869999885559082,3.0899999141693115,2.869999885559082,3.069999933242798,554300,0.0,0.0
2023-06-05 00:00:00-04:00,3.069999933242798,3.1700000762939453,2.990000009536743,3.069999933242798,593700,0.0,0.0
2023-06-06 00:00:00-04:00,3.069999933242798,3.2200000286102295,3.0399999618530273,3.1500000953674316,633700,0.0,0.0
2023-06-07 00:00:00-04:00,3.1500000953674316,3.3550000190734863,3.109999895095825,3.1500000953674316,731200,0.0,0.0
2023-06-08 00:00:00-04:00,3.1500000953674316,3.2100000381469727,3.009999990463257,3.180000066757202,637900,0.0,0.0
2023-06-09 00:00:00-04:00,3.190000057220459,3.194999933242798,3.0799999237060547,3.0899999141693115,327500,0.0,0.0
2023-06-12 00:00:00-04:00,3.0199999809265137,3.1500000953674316,2.9649999141693115,2.990000009536743,419700,0.0,0.0
2023-06-13 00:00:00-04:00,3.0399999618530273,3.180000066757202,3.0399999618530273,3.1500000953674316,459300,0.0,0.0
2023-06-14 00:00:00-04:00,3.1500000953674316,3.180000066757202,2.990000009536743,3.0199999809265137,346700,0.0,0.0
2023-06-15 00:00:00-04:00,3.0,3.075000047683716,2.934999942779541,3.0399999618530273,478900,0.0,0.0
2023-06-16 00:00:00-04:00,3.0899999141693115,3.0899999141693115,2.924999952316284,3.0,798400,0.0,0.0
2023-06-20 00:00:00-04:00,3.0,3.2100000381469727,2.950000047683716,3.180000066757202,747000,0.0,0.0
2023-06-21 00:00:00-04:00,3.180000066757202,3.200000047683716,2.994999885559082,3.109999895095825,445700,0.0,0.0
2023-06-22 00:00:00-04:00,3.0899999141693115,3.259999990463257,3.069999933242798,3.200000047683716,557800,0.0,0.0
2023-06-23 00:00:00-04:00,3.130000114440918,3.184999942779541,3.0450000762939453,3.140000104904175,6897900,0.0,0.0
2023-06-26 00:00:00-04:00,3.1500000953674316,3.2750000953674316,3.0250000953674316,3.0999999046325684,706400,0.0,0.0
2023-06-27 00:00:00-04:00,3.0999999046325684,3.244999885559082,3.0299999713897705,3.1600000858306885,507200,0.0,0.0
2023-06-28 00:00:00-04:00,3.1600000858306885,3.2100000381469727,3.0999999046325684,3.130000114440918,333100,0.0,0.0
2023-06-29 00:00:00-04:00,3.140000104904175,3.200000047683716,3.0899999141693115,3.200000047683716,565500,0.0,0.0
2023-06-30 00:00:00-04:00,3.259999990463257,3.4100000858306885,3.190000057220459,3.299999952316284,583800,0.0,0.0
2023-07-03 00:00:00-04:00,3.2799999713897705,3.319999933242798,3.180000066757202,3.25,248700,0.0,0.0
2023-07-05 00:00:00-04:00,3.25,3.430000066757202,3.2149999141693115,3.369999885559082,564900,0.0,0.0
2023-07-06 00:00:00-04:00,3.3299999237060547,3.390000104904175,3.2200000286102295,3.369999885559082,621000,0.0,0.0
2023-07-07 00:00:00-04:00,3.369999885559082,3.5999999046325684,3.3550000190734863,3.559999942779541,571800,0.0,0.0
2023-07-10 00:00:00-04:00,3.5799999237060547,3.7799999713897705,3.4800000190734863,3.680000066757202,758700,0.0,0.0
2023-07-11 00:00:00-04:00,3.6700000762939453,3.7750000953674316,3.450000047683716,3.509999990463257,564200,0.0,0.0
2023-07-12 00:00:00-04:00,3.569999933242798,3.75,3.515000104904175,3.7100000381469727,479600,0.0,0.0
2023-07-13 00:00:00-04:00,3.75,3.8299999237060547,3.6700000762939453,3.7200000286102295,339100,0.0,0.0
2023-07-14 00:00:00-04:00,3.7100000381469727,3.865000009536743,3.5799999237060547,3.680000066757202,364300,0.0,0.0
2023-07-17 00:00:00-04:00,3.700000047683716,3.9700000286102295,3.680000066757202,3.9600000381469727,572200,0.0,0.0
2023-07-18 00:00:00-04:00,3.9600000381469727,4.139999866485596,3.8949999809265137,4.010000228881836,392000,0.0,0.0
2023-07-19 00:00:00-04:00,4.010000228881836,4.454999923706055,4.010000228881836,4.400000095367432,1737100,0.0,0.0
2023-07-20 00:00:00-04:00,4.409999847412109,4.485000133514404,3.8499999046325684,3.880000114440918,870400,0.0,0.0
2023-07-21 00:00:00-04:00,3.890000104904175,4.019999980926514,3.7950000762939453,3.8499999046325684,438100,0.0,0.0
2023-07-24 00:00:00-04:00,3.8399999141693115,3.875,3.619999885559082,3.740000009536743,625700,0.0,0.0
2023-07-25 00:00:00-04:00,3.7300000190734863,3.865000009536743,3.569999933242798,3.6700000762939453,656400,0.0,0.0
2023-07-26 00:00:00-04:00,3.6500000953674316,3.7699999809265137,3.619999885559082,3.7200000286102295,178100,0.0,0.0
2023-07-27 00:00:00-04:00,3.740000009536743,3.740000009536743,3.5,3.5399999618530273,1231900,0.0,0.0
2023-07-28 00:00:00-04:00,3.609999895095825,3.880000114440918,3.569999933242798,3.8499999046325684,392700,0.0,0.0
2023-07-31 00:00:00-04:00,3.859999895095825,4.0,3.7799999713897705,3.819999933242798,464000,0.0,0.0
2023-08-01 00:00:00-04:00,3.7799999713897705,3.859999895095825,3.6700000762939453,3.7100000381469727,348900,0.0,0.0
2023-08-02 00:00:00-04:00,3.6700000762939453,3.8550000190734863,3.5399999618530273,3.819999933242798,368000,0.0,0.0
2023-08-03 00:00:00-04:00,3.990000009536743,4.309999942779541,3.819999933242798,3.8499999046325684,710000,0.0,0.0
2023-08-04 00:00:00-04:00,3.859999895095825,4.159999847412109,3.8399999141693115,3.950000047683716,613300,0.0,0.0
2023-08-07 00:00:00-04:00,3.940000057220459,4.099999904632568,3.684999942779541,4.010000228881836,745000,0.0,0.0
2023-08-08 00:00:00-04:00,3.9800000190734863,4.179999828338623,3.9000000953674316,4.03000020980835,546700,0.0,0.0
2023-08-09 00:00:00-04:00,4.03000020980835,4.059999942779541,3.890000104904175,3.9700000286102295,377800,0.0,0.0
2023-08-10 00:00:00-04:00,3.9800000190734863,4.434999942779541,3.940000057220459,4.28000020980835,441400,0.0,0.0
2023-08-11 00:00:00-04:00,4.349999904632568,4.449999809265137,4.190000057220459,4.340000152587891,1221100,0.0,0.0
2023-08-14 00:00:00-04:00,4.300000190734863,4.300000190734863,3.9800000190734863,4.190000057220459,522900,0.0,0.0
2023-08-15 00:00:00-04:00,4.159999847412109,4.380000114440918,4.110000133514404,4.230000019073486,625800,0.0,0.0
2023-08-16 00:00:00-04:00,4.21999979019165,4.289999961853027,4.02400016784668,4.079999923706055,254800,0.0,0.0
2023-08-17 00:00:00-04:00,4.03000020980835,4.175000190734863,3.859999895095825,3.9600000381469727,422200,0.0,0.0
2023-08-18 00:00:00-04:00,3.9000000953674316,4.010000228881836,3.8949999809265137,3.9100000858306885,178400,0.0,0.0
2023-08-21 00:00:00-04:00,3.9200000762939453,3.950000047683716,3.7699999809265137,3.9200000762939453,230400,0.0,0.0
2023-08-22 00:00:00-04:00,5.28000020980835,6.369999885559082,5.179999828338623,5.429999828338623,76540200,0.0,0.0
2023-08-23 00:00:00-04:00,5.599999904632568,6.400000095367432,5.449999809265137,6.079999923706055,12141700,0.0,0.0
2023-08-24 00:00:00-04:00,6.110000133514404,6.215000152587891,5.25,5.409999847412109,3692000,0.0,0.0
2023-08-25 00:00:00-04:00,5.53000020980835,5.71999979019165,5.320000171661377,5.494999885559082,1536300,0.0,0.0
2023-08-28 00:00:00-04:00,5.449999809265137,5.882999897003174,5.329999923706055,5.78000020980835,1543000,0.0,0.0
2023-08-29 00:00:00-04:00,5.690000057220459,5.829999923706055,5.53000020980835,5.590000152587891,981500,0.0,0.0
2023-08-30 00:00:00-04:00,5.590000152587891,5.869999885559082,5.5,5.650000095367432,1145000,0.0,0.0
2023-08-31 00:00:00-04:00,5.710000038146973,5.710000038146973,5.409999847412109,5.53000020980835,847400,0.0,0.0
2023-09-01 00:00:00-04:00,5.539999961853027,5.855000019073486,5.46999979019165,5.71999979019165,643400,0.0,0.0
2023-09-05 00:00:00-04:00,5.659999847412109,6.349999904632568,5.5,5.71999979019165,1812400,0.0,0.0
2023-09-06 00:00:00-04:00,5.789999961853027,5.829999923706055,5.409999847412109,5.610000133514404,646100,0.0,0.0
2023-09-07 00:00:00-04:00,5.510000228881836,5.610000133514404,5.410999774932861,5.550000190734863,481900,0.0,0.0
2023-09-08 00:00:00-04:00,5.539999961853027,5.590000152587891,5.199999809265137,5.199999809265137,711700,0.0,0.0
2023-09-11 00:00:00-04:00,5.199999809265137,5.360000133514404,5.139999866485596,5.329999923706055,319600,0.0,0.0
2023-09-12 00:00:00-04:00,5.269999980926514,5.440000057220459,5.179999828338623,5.21999979019165,438500,0.0,0.0
2023-09-13 00:00:00-04:00,5.210000038146973,5.210000038146973,4.715000152587891,4.75,807600,0.0,0.0
2023-09-14 00:00:00-04:00,4.75,4.809999942779541,4.619999885559082,4.78000020980835,674800,0.0,0.0
2023-09-15 00:00:00-04:00,4.730000019073486,4.789999961853027,4.449999809265137,4.489999771118164,1741800,0.0,0.0
2023-09-18 00:00:00-04:00,4.489999771118164,4.53000020980835,4.309999942779541,4.360000133514404,579000,0.0,0.0
2023-09-19 00:00:00-04:00,4.360000133514404,4.389999866485596,4.190000057220459,4.309999942779541,1349500,0.0,0.0
2023-09-20 00:00:00-04:00,4.360000133514404,4.605000019073486,4.28000020980835,4.429999828338623,653700,0.0,0.0
2023-09-21 00:00:00-04:00,4.329999923706055,4.340000152587891,4.039999961853027,4.090000152587891,572600,0.0,0.0
2023-09-22 00:00:00-04:00,4.210000038146973,4.21999979019165,4.050000190734863,4.170000076293945,398600,0.0,0.0
2023-09-25 00:00:00-04:00,4.119999885559082,4.260000228881836,3.9769999980926514,4.199999809265137,461500,0.0,0.0
2023-09-26 00:00:00-04:00,4.179999828338623,4.53000020980835,4.170000076293945,4.409999847412109,492100,0.0,0.0
2023-09-27 00:00:00-04:00,4.380000114440918,4.659999847412109,4.380000114440918,4.599999904632568,517100,0.0,0.0
2023-09-28 00:00:00-04:00,4.619999885559082,4.690000057220459,4.443999767303467,4.46999979019165,489800,0.0,0.0
2023-09-29 00:00:00-04:00,4.449999809265137,4.539999961853027,4.355000019073486,4.440000057220459,413700,0.0,0.0
2023-10-02 00:00:00-04:00,4.409999847412109,4.46999979019165,4.090000152587891,4.090000152587891,611200,0.0,0.0
2023-10-03 00:00:00-04:00,4.050000190734863,4.065000057220459,3.950000047683716,3.9700000286102295,548600,0.0,0.0
2023-10-04 00:00:00-04:00,3.9800000190734863,3.9800000190734863,3.8499999046325684,3.890000104904175,615800,0.0,0.0
2023-10-05 00:00:00-04:00,3.9000000953674316,4.239999771118164,3.819999933242798,4.239999771118164,382000,0.0,0.0
2023-10-06 00:00:00-04:00,4.150000095367432,4.340000152587891,4.150000095367432,4.179999828338623,427700,0.0,0.0
2023-10-09 00:00:00-04:00,4.139999866485596,4.195000171661377,3.890000104904175,3.9200000762939453,1014300,0.0,0.0
2023-10-10 00:00:00-04:00,3.9100000858306885,4.010000228881836,3.859999895095825,3.990000009536743,483100,0.0,0.0
2023-10-11 00:00:00-04:00,3.990000009536743,4.099999904632568,3.859999895095825,3.9000000953674316,291500,0.0,0.0
2023-10-12 00:00:00-04:00,3.9000000953674316,3.9100000858306885,3.759999990463257,3.8399999141693115,383400,0.0,0.0
2023-10-13 00:00:00-04:00,3.859999895095825,3.930000066757202,3.7799999713897705,3.890000104904175,267400,0.0,0.0
2023-10-16 00:00:00-04:00,3.8399999141693115,4.039999961853027,3.744999885559082,3.9000000953674316,389100,0.0,0.0
2023-10-17 00:00:00-04:00,3.9000000953674316,3.9600000381469727,3.8299999237060547,3.859999895095825,256600,0.0,0.0
2023-10-18 00:00:00-04:00,3.859999895095825,3.859999895095825,3.6549999713897705,3.6700000762939453,337100,0.0,0.0
2023-10-19 00:00:00-04:00,3.6600000858306885,3.6649999618530273,3.559999942779541,3.5799999237060547,296300,0.0,0.0
2023-10-20 00:00:00-04:00,3.569999933242798,3.680000066757202,3.509999990463257,3.640000104904175,448600,0.0,0.0
2023-10-23 00:00:00-04:00,3.630000114440918,3.6549999713897705,3.509999990463257,3.5299999713897705,280800,0.0,0.0
2023-10-24 00:00:00-04:00,3.5399999618530273,3.7899999618530273,3.5399999618530273,3.609999895095825,332700,0.0,0.0
2023-10-25 00:00:00-04:00,3.5999999046325684,3.5999999046325684,3.240000009536743,3.2699999809265137,393300,0.0,0.0
2023-10-26 00:00:00-04:00,3.259999990463257,3.380000114440918,3.2300000190734863,3.259999990463257,429700,0.0,0.0
2023-10-27 00:00:00-04:00,3.25,3.25,3.140000104904175,3.180000066757202,302500,0.0,0.0
2023-10-30 00:00:00-04:00,3.2200000286102295,3.424999952316284,3.2149999141693115,3.3499999046325684,412700,0.0,0.0
2023-10-31 00:00:00-04:00,3.3499999046325684,3.680000066757202,3.3299999237060547,3.640000104904175,286600,0.0,0.0
2023-11-01 00:00:00-04:00,3.640000104904175,3.75,3.569999933242798,3.75,230900,0.0,0.0
2023-11-02 00:00:00-04:00,3.8499999046325684,3.859999895095825,3.6600000858306885,3.759999990463257,329600,0.0,0.0
2023-11-03 00:00:00-04:00,3.8399999141693115,4.050000190734863,3.8389999866485596,3.890000104904175,534700,0.0,0.0
2023-11-06 00:00:00-05:00,3.9600000381469727,3.9749999046325684,3.5,3.5899999141693115,815900,0.0,0.0
2023-11-07 00:00:00-05:00,3.740000009536743,4.565000057220459,3.740000009536743,4.289999961853027,1200400,0.0,0.0
2023-11-08 00:00:00-05:00,4.28000020980835,4.289999961853027,4.019999980926514,4.170000076293945,492300,0.0,0.0
2023-11-09 00:00:00-05:00,4.179999828338623,4.179999828338623,3.3499999046325684,3.390000104904175,545900,0.0,0.0
2023-11-10 00:00:00-05:00,3.4000000953674316,3.5299999713897705,3.240000009536743,3.5,434600,0.0,0.0
2023-11-13 00:00:00-05:00,3.450000047683716,3.5,3.309999942779541,3.4700000286102295,349100,0.0,0.0
2023-11-14 00:00:00-05:00,3.6600000858306885,3.930000066757202,3.6500000953674316,3.930000066757202,376700,0.0,0.0
2023-11-15 00:00:00-05:00,3.9200000762939453,4.215000152587891,3.9000000953674316,4.179999828338623,472800,0.0,0.0
2023-11-16 00:00:00-05:00,4.179999828338623,4.179999828338623,3.8499999046325684,3.869999885559082,484100,0.0,0.0
2023-11-17 00:00:00-05:00,3.869999885559082,4.300000190734863,3.869999885559082,4.150000095367432,460000,0.0,0.0
2023-11-20 00:00:00-05:00,4.150000095367432,4.690000057220459,4.150000095367432,4.650000095367432,944300,0.0,0.0
2023-11-21 00:00:00-05:00,4.480000019073486,4.570000171661377,4.300000190734863,4.389999866485596,598200,0.0,0.0
2023-11-22 00:00:00-05:00,4.429999828338623,4.710000038146973,4.429999828338623,4.550000190734863,427800,0.0,0.0
2023-11-24 00:00:00-05:00,4.550000190734863,4.980000019073486,4.550000190734863,4.78000020980835,425500,0.0,0.0
2023-11-27 00:00:00-05:00,4.710000038146973,5.005000114440918,4.710000038146973,4.840000152587891,887700,0.0,0.0
2023-11-28 00:00:00-05:00,4.849999904632568,4.849999904632568,4.349999904632568,4.559999942779541,821100,0.0,0.0
2023-11-29 00:00:00-05:00,4.630000114440918,4.880000114440918,4.630000114440918,4.800000190734863,331500,0.0,0.0
2023-11-30 00:00:00-05:00,4.869999885559082,4.989999771118164,4.690000057220459,4.800000190734863,795000,0.0,0.0
2023-12-01 00:00:00-05:00,4.769999980926514,5.0,4.639999866485596,4.989999771118164,216100,0.0,0.0
2023-12-04 00:00:00-05:00,4.940000057220459,5.224999904632568,4.7779998779296875,5.199999809265137,378300,0.0,0.0
2023-12-05 00:00:00-05:00,5.130000114440918,5.250999927520752,4.909999847412109,4.949999809265137,266200,0.0,0.0
2023-12-06 00:00:00-05:00,5.039999961853027,5.119999885559082,4.449999809265137,4.630000114440918,825400,0.0,0.0
2023-12-07 00:00:00-05:00,4.659999847412109,5.010000228881836,4.605000019073486,4.960000038146973,284500,0.0,0.0
2023-12-08 00:00:00-05:00,4.96999979019165,5.03000020980835,4.869999885559082,4.949999809265137,331900,0.0,0.0
2023-12-11 00:00:00-05:00,4.980000019073486,4.980000019073486,4.429999828338623,4.440000057220459,454400,0.0,0.0
2023-12-12 00:00:00-05:00,4.440000057220459,4.607999801635742,4.389999866485596,4.449999809265137,327700,0.0,0.0
2023-12-13 00:00:00-05:00,4.449999809265137,4.980000019073486,4.40500020980835,4.940000057220459,440600,0.0,0.0
2023-12-14 00:00:00-05:00,5.059999942779541,5.230000019073486,4.820000171661377,4.869999885559082,640200,0.0,0.0
2023-12-15 00:00:00-05:00,4.960000038146973,5.514999866485596,4.860000133514404,5.389999866485596,2634400,0.0,0.0
2023-12-18 00:00:00-05:00,5.489999771118164,5.610000133514404,5.260000228881836,5.5,1031700,0.0,0.0
2023-12-19 00:00:00-05:00,5.650000095367432,6.019999980926514,5.59499979019165,5.920000076293945,798900,0.0,0.0
2023-12-20 00:00:00-05:00,5.909999847412109,6.099999904632568,5.559999942779541,5.619999885559082,578100,0.0,0.0
2023-12-21 00:00:00-05:00,5.789999961853027,5.829999923706055,5.65500020980835,5.769999980926514,519000,0.0,0.0
2023-12-22 00:00:00-05:00,5.960000038146973,6.489999771118164,5.960000038146973,6.28000020980835,849200,0.0,0.0
2023-12-26 00:00:00-05:00,6.400000095367432,6.679999828338623,6.320000171661377,6.610000133514404,446700,0.0,0.0
2023-12-27 00:00:00-05:00,6.639999866485596,6.800000190734863,6.610000133514404,6.75,551400,0.0,0.0
2023-12-28 00:00:00-05:00,6.710000038146973,6.980000019073486,6.690000057220459,6.860000133514404,536200,0.0,0.0
2023-12-29 00:00:00-05:00,6.880000114440918,6.96999979019165,6.579999923706055,6.75,1316000,0.0,0.0
2024-01-02 00:00:00-05:00,6.590000152587891,7.28000020980835,6.570000171661377,7.210000038146973,897700,0.0,0.0
2024-01-03 00:00:00-05:00,7.090000152587891,7.389999866485596,7.010000228881836,7.260000228881836,521900,0.0,0.0
2024-01-04 00:00:00-05:00,7.289999961853027,7.869999885559082,7.21999979019165,7.409999847412109,880300,0.0,0.0
2024-01-05 00:00:00-05:00,7.380000114440918,7.625,7.014999866485596,7.53000020980835,602500,0.0,0.0
2024-01-08 00:00:00-05:00,7.46999979019165,7.949999809265137,7.389999866485596,7.849999904632568,454100,0.0,0.0
2024-01-09 00:00:00-05:00,7.71999979019165,7.900000095367432,7.59499979019165,7.78000020980835,732800,0.0,0.0
2024-01-10 00:00:00-05:00,7.800000190734863,7.840000152587891,7.28000020980835,7.5,791600,0.0,0.0
2024-01-11 00:00:00-05:00,7.409999847412109,7.493000030517578,7.079999923706055,7.25,1126700,0.0,0.0
2024-01-12 00:00:00-05:00,7.190000057220459,7.710000038146973,7.0,7.099999904632568,913400,0.0,0.0
2024-01-16 00:00:00-05:00,6.96999979019165,7.545000076293945,6.96999979019165,7.489999771118164,447000,0.0,0.0
2024-01-17 00:00:00-05:00,7.369999885559082,7.449999809265137,7.03000020980835,7.28000020980835,882500,0.0,0.0
2024-01-18 00:00:00-05:00,7.340000152587891,7.340000152587891,6.818999767303467,7.070000171661377,657300,0.0,0.0
2024-01-19 00:00:00-05:00,6.980000019073486,7.179999828338623,6.784999847412109,6.920000076293945,713700,0.0,0.0
2024-01-22 00:00:00-05:00,6.920000076293945,7.269999980926514,6.789999961853027,6.949999809265137,330800,0.0,0.0
2024-01-23 00:00:00-05:00,7.03000020980835,7.03000020980835,6.639999866485596,6.71999979019165,875100,0.0,0.0
2024-01-24 00:00:00-05:00,6.789999961853027,6.945000171661377,6.659999847412109,6.699999809265137,262600,0.0,0.0
2024-01-25 00:00:00-05:00,6.800000190734863,7.045000076293945,6.699999809265137,7.0,537500,0.0,0.0
2024-01-26 00:00:00-05:00,7.039999961853027,7.28000020980835,6.775000095367432,6.949999809265137,323300,0.0,0.0
2024-01-29 00:00:00-05:00,6.960000038146973,7.610000133514404,6.849999904632568,7.489999771118164,349400,0.0,0.0
2024-01-30 00:00:00-05:00,7.449999809265137,7.449999809265137,7.010000228881836,7.239999771118164,352600,0.0,0.0
2024-01-31 00:00:00-05:00,7.099999904632568,7.525000095367432,7.0370001792907715,7.21999979019165,326800,0.0,0.0
2024-02-01 00:00:00-05:00,7.28000020980835,8.069999694824219,7.150000095367432,8.020000457763672,611100,0.0,0.0
2024-02-02 00:00:00-05:00,7.889999866485596,8.109999656677246,7.619999885559082,7.75,803200,0.0,0.0
2024-02-05 00:00:00-05:00,7.690000057220459,7.974999904632568,7.440000057220459,7.949999809265137,434800,0.0,0.0
2024-02-06 00:00:00-05:00,7.96999979019165,8.319999694824219,7.880000114440918,8.300000190734863,684900,0.0,0.0
2024-02-07 00:00:00-05:00,8.289999961853027,8.300000190734863,7.929999828338623,7.989999771118164,346100,0.0,0.0
2024-02-08 00:00:00-05:00,7.989999771118164,8.449999809265137,7.940000057220459,8.149999618530273,410300,0.0,0.0
2024-02-09 00:00:00-05:00,8.289999961853027,8.960000038146973,8.289999961853027,8.850000381469727,481300,0.0,0.0
2024-02-12 00:00:00-05:00,8.90999984741211,9.390000343322754,8.619999885559082,9.25,1069800,0.0,0.0
2024-02-13 00:00:00-05:00,8.729999542236328,9.265000343322754,8.5600004196167,8.949999809265137,1011700,0.0,0.0
2024-02-14 00:00:00-05:00,9.170000076293945,9.180000305175781,8.694999694824219,9.09000015258789,686300,0.0,0.0
2024-02-15 00:00:00-05:00,9.220000267028809,9.520000457763672,9.079999923706055,9.399999618530273,512500,0.0,0.0
2024-02-16 00:00:00-05:00,9.359999656677246,9.890000343322754,9.175000190734863,9.640000343322754,509300,0.0,0.0
2024-02-20 00:00:00-05:00,9.5,9.895000457763672,9.359999656677246,9.489999771118164,327800,0.0,0.0
2024-02-21 00:00:00-05:00,9.380000114440918,9.640000343322754,9.199999809265137,9.550000190734863,579100,0.0,0.0
2024-02-22 00:00:00-05:00,9.609999656677246,9.859999656677246,9.510000228881836,9.550000190734863,249300,0.0,0.0
2024-02-23 00:00:00-05:00,9.59000015258789,9.760000228881836,9.430000305175781,9.600000381469727,341200,0.0,0.0
2024-02-26 00:00:00-05:00,9.600000381469727,9.970000267028809,9.555000305175781,9.729999542236328,496200,0.0,0.0
2024-02-27 00:00:00-05:00,10.0,10.5,9.399999618530273,10.180000305175781,1506700,0.0,0.0
2024-02-28 00:00:00-05:00,10.270000457763672,11.0600004196167,9.979999542236328,10.319999694824219,1163400,0.0,0.0
2024-02-29 00:00:00-05:00,10.270000457763672,10.645999908447266,10.1899995803833,10.210000038146973,1059000,0.0,0.0
2024-03-01 00:00:00-05:00,10.279999732971191,11.220000267028809,10.279999732971191,10.989999771118164,1253400,0.0,0.0
2024-03-04 00:00:00-05:00,11.229999542236328,11.510000228881836,10.960000038146973,11.329999923706055,1142900,0.0,0.0
2024-03-05 00:00:00-05:00,10.989999771118164,11.399999618530273,10.859999656677246,10.960000038146973,557400,0.0,0.0
2024-03-06 00:00:00-05:00,12.479999542236328,13.699999809265137,11.960000038146973,12.0,1632800,0.0,0.0
2024-03-07 00:00:00-05:00,12.0,12.340999603271484,10.789999961853027,11.3100004196167,1442700,0.0,0.0
2024-03-08 00:00:00-05:00,11.479999542236328,11.904999732971191,10.949999809265137,11.079999923706055,604500,0.0,0.0
2024-03-11 00:00:00-04:00,10.970000267028809,11.680000305175781,10.800000190734863,11.279999732971191,422400,0.0,0.0
2024-03-12 00:00:00-04:00,11.3100004196167,11.381999969482422,10.5600004196167,10.90999984741211,483700,0.0,0.0
2024-03-13 00:00:00-04:00,11.369999885559082,12.399999618530273,11.199999809265137,11.359999656677246,1183400,0.0,0.0
2024-03-14 00:00:00-04:00,11.34000015258789,11.850000381469727,11.100000381469727,11.180000305175781,461600,0.0,0.0
2024-03-15 00:00:00-04:00,11.239999771118164,11.460000038146973,11.130000114440918,11.359999656677246,437300,0.0,0.0
2024-03-18 00:00:00-04:00,11.479999542236328,11.479999542236328,9.989999771118164,10.119999885559082,924800,0.0,0.0
2024-03-19 00:00:00-04:00,10.039999961853027,10.34000015258789,9.979999542236328,10.100000381469727,501200,0.0,0.0
2024-03-20 00:00:00-04:00,9.869999885559082,10.109999656677246,9.664999961853027,9.739999771118164,654600,0.0,0.0
2024-03-21 00:00:00-04:00,9.859999656677246,10.0649995803833,9.699999809265137,9.789999961853027,473400,0.0,0.0
2024-03-22 00:00:00-04:00,9.760000228881836,10.09000015258789,9.272000312805176,9.670000076293945,1215600,0.0,0.0
2024-03-25 00:00:00-04:00,9.670000076293945,9.729999542236328,8.850000381469727,9.430000305175781,846900,0.0,0.0
2024-03-26 00:00:00-04:00,9.460000038146973,9.8100004196167,9.130000114440918,9.130000114440918,742200,0.0,0.0
2024-03-27 00:00:00-04:00,9.210000038146973,9.71500015258789,9.170000076293945,9.460000038146973,464300,0.0,0.0
2024-03-28 00:00:00-04:00,9.479999542236328,9.619999885559082,9.239999771118164,9.4399995803833,554300,0.0,0.0
2024-04-01 00:00:00-04:00,9.460000038146973,9.460000038146973,8.930000305175781,9.3100004196167,588000,0.0,0.0
2024-04-02 00:00:00-04:00,9.130000114440918,9.140000343322754,8.789999961853027,9.069999694824219,326600,0.0,0.0
2024-04-03 00:00:00-04:00,9.039999961853027,9.239999771118164,8.619999885559082,9.130000114440918,362600,0.0,0.0
2024-04-04 00:00:00-04:00,9.149999618530273,9.600000381469727,8.779999732971191,9.010000228881836,574200,0.0,0.0
2024-04-05 00:00:00-04:00,8.920000076293945,9.164999961853027,8.510000228881836,8.520000457763672,374600,0.0,0.0
2024-04-08 00:00:00-04:00,8.720000267028809,8.760000228881836,8.369999885559082,8.449999809265137,646800,0.0,0.0
2024-04-09 00:00:00-04:00,8.529999732971191,8.729999542236328,8.300000190734863,8.449999809265137,635200,0.0,0.0
2024-04-10 00:00:00-04:00,8.3100004196167,8.319999694824219,7.760000228881836,7.909999847412109,510500,0.0,0.0
2024-04-11 00:00:00-04:00,8.09000015258789,8.149999618530273,7.699999809265137,7.809999942779541,551100,0.0,0.0
2024-04-12 00:00:00-04:00,7.809999942779541,7.809999942779541,7.489999771118164,7.5,410400,0.0,0.0
2024-04-15 00:00:00-04:00,7.690000057220459,7.690000057220459,7.25,7.360000133514404,438000,0.0,0.0
2024-04-16 00:00:00-04:00,7.25,7.519999980926514,7.215000152587891,7.409999847412109,461300,0.0,0.0
2024-04-17 00:00:00-04:00,7.429999828338623,7.510000228881836,7.130000114440918,7.150000095367432,397400,0.0,0.0
2024-04-18 00:00:00-04:00,7.150000095367432,7.210000038146973,6.900000095367432,7.059999942779541,526300,0.0,0.0
2024-04-19 00:00:00-04:00,7.0,7.28000020980835,6.670000076293945,6.840000152587891,555100,0.0,0.0
2024-04-22 00:00:00-04:00,6.949999809265137,7.260000228881836,6.849999904632568,7.25,607200,0.0,0.0
2024-04-23 00:00:00-04:00,7.260000228881836,7.53000020980835,7.260000228881836,7.440000057220459,510500,0.0,0.0
2024-04-24 00:00:00-04:00,7.420000076293945,7.442999839782715,7.179999828338623,7.28000020980835,348000,0.0,0.0
2024-04-25 00:00:00-04:00,7.070000171661377,7.179999828338623,6.849999904632568,7.130000114440918,536500,0.0,0.0
2024-04-26 00:00:00-04:00,7.139999866485596,7.21999979019165,7.050000190734863,7.139999866485596,261300,0.0,0.0
2024-04-29 00:00:00-04:00,7.179999828338623,7.289999961853027,6.96999979019165,7.079999923706055,292500,0.0,0.0
2024-04-30 00:00:00-04:00,6.989999771118164,7.25,6.989999771118164,7.130000114440918,365000,0.0,0.0
2024-05-01 00:00:00-04:00,7.159999847412109,7.510000228881836,7.139999866485596,7.329999923706055,359300,0.0,0.0
2024-05-02 00:00:00-04:00,7.460000038146973,7.659999847412109,7.230000019073486,7.650000095367432,302600,0.0,0.0
2024-05-03 00:00:00-04:00,7.900000095367432,8.050000190734863,7.699999809265137,7.75,207700,0.0,0.0
2024-05-06 00:00:00-04:00,7.800000190734863,7.920000076293945,7.550000190734863,7.75,253300,0.0,0.0
2024-05-07 00:00:00-04:00,7.760000228881836,7.760000228881836,7.539999961853027,7.539999961853027,313400,0.0,0.0
2024-05-08 00:00:00-04:00,7.409999847412109,7.724999904632568,7.409999847412109,7.590000152587891,227100,0.0,0.0
2024-05-09 00:00:00-04:00,7.599999904632568,7.670000076293945,7.460000038146973,7.5,223500,0.0,0.0
2024-05-10 00:00:00-04:00,7.46999979019165,7.679999828338623,7.329999923706055,7.46999979019165,312900,0.0,0.0
2024-05-13 00:00:00-04:00,8.350000381469727,8.5,6.921000003814697,7.349999904632568,2034500,0.0,0.0
2024-05-14 00:00:00-04:00,7.880000114440918,8.5,7.409999847412109,7.909999847412109,1114400,0.0,0.0
2024-05-15 00:00:00-04:00,7.96999979019165,8.760000228881836,7.96999979019165,8.25,1029500,0.0,0.0
2024-05-16 00:00:00-04:00,8.319999694824219,8.319999694824219,7.739999771118164,7.795000076293945,545700,0.0,0.0
2024-05-17 00:00:00-04:00,7.75,7.75,7.449999809265137,7.550000190734863,480500,0.0,0.0
2024-05-20 00:00:00-04:00,7.760000228881836,8.010000228881836,7.690000057220459,7.699999809265137,451900,0.0,0.0
2024-05-21 00:00:00-04:00,7.610000133514404,7.78000020980835,7.409999847412109,7.639999866485596,570500,0.0,0.0
2024-05-22 00:00:00-04:00,7.659999847412109,7.860000133514404,7.627999782562256,7.710000038146973,266400,0.0,0.0
2024-05-23 00:00:00-04:00,7.730000019073486,7.735000133514404,7.320000171661377,7.420000076293945,379200,0.0,0.0
2024-05-24 00:00:00-04:00,7.429999828338623,7.510000228881836,7.199999809265137,7.210000038146973,305700,0.0,0.0
2024-05-28 00:00:00-04:00,7.769999980926514,8.119999885559082,7.510000228881836,7.739999771118164,1021100,0.0,0.0
2024-05-29 00:00:00-04:00,7.71999979019165,7.849999904632568,7.519999980926514,7.769999980926514,473500,0.0,0.0
2024-05-30 00:00:00-04:00,7.869999885559082,7.946000099182129,7.53000020980835,7.650000095367432,340300,0.0,0.0
2024-05-31 00:00:00-04:00,7.760000228881836,8.0,7.710000038146973,7.849999904632568,365700,0.0,0.0
2024-06-03 00:00:00-04:00,8.039999961853027,8.4399995803833,8.010000228881836,8.180000305175781,927900,0.0,0.0
2024-06-04 00:00:00-04:00,8.180000305175781,8.260000228881836,7.949999809265137,8.140000343322754,498900,0.0,0.0
2024-06-05 00:00:00-04:00,8.15999984741211,8.670000076293945,8.140000343322754,8.649999618530273,311600,0.0,0.0
2024-06-06 00:00:00-04:00,8.6899995803833,8.6899995803833,8.204999923706055,8.369999885559082,334200,0.0,0.0
2024-06-07 00:00:00-04:00,8.260000228881836,8.40999984741211,8.114999771118164,8.289999961853027,260900,0.0,0.0
2024-06-10 00:00:00-04:00,8.220000267028809,8.430000305175781,8.0,8.15999984741211,521900,0.0,0.0
2024-06-11 00:00:00-04:00,8.039999961853027,8.3100004196167,7.400000095367432,7.400000095367432,999100,0.0,0.0
2024-06-12 00:00:00-04:00,7.599999904632568,7.900000095367432,7.349999904632568,7.710000038146973,951800,0.0,0.0
2024-06-13 00:00:00-04:00,7.690000057220459,7.960000038146973,7.559999942779541,7.800000190734863,540700,0.0,0.0
2024-06-14 00:00:00-04:00,7.78000020980835,7.835000038146973,7.420000076293945,7.449999809265137,281400,0.0,0.0
2024-06-17 00:00:00-04:00,7.380000114440918,7.480000019073486,6.909999847412109,7.0,939800,0.0,0.0
2024-06-18 00:00:00-04:00,7.0,7.0,6.480000019073486,6.489999771118164,685700,0.0,0.0
2024-06-20 00:00:00-04:00,6.440000057220459,6.489999771118164,6.269999980926514,6.380000114440918,1091500,0.0,0.0
2024-06-21 00:00:00-04:00,6.400000095367432,6.699999809265137,6.340000152587891,6.679999828338623,1367900,0.0,0.0
2024-06-24 00:00:00-04:00,6.699999809265137,6.789999961853027,6.244999885559082,6.340000152587891,544900,0.0,0.0
2024-06-25 00:00:00-04:00,6.340000152587891,6.409999847412109,5.920000076293945,5.980000019073486,951600,0.0,0.0
2024-06-26 00:00:00-04:00,6.0,6.190000057220459,5.679999828338623,6.170000076293945,1405600,0.0,0.0
2024-06-27 00:00:00-04:00,6.449999809265137,6.550000190734863,6.019999980926514,6.28000020980835,916000,0.0,0.0
2024-06-28 00:00:00-04:00,6.199999809265137,6.434999942779541,6.090000152587891,6.199999809265137,9594400,0.0,0.0
2024-07-01 00:00:00-04:00,6.199999809265137,6.34499979019165,5.920000076293945,6.309999942779541,1400700,0.0,0.0
2024-07-02 00:00:00-04:00,6.28000020980835,6.309999942779541,6.090000152587891,6.099999904632568,542400,0.0,0.0
2024-07-03 00:00:00-04:00,6.090000152587891,6.210000038146973,6.050000190734863,6.15500020980835,363300,0.0,0.0
2024-07-05 00:00:00-04:00,6.130000114440918,6.239999771118164,5.920000076293945,6.190000057220459,657300,0.0,0.0
2024-07-08 00:00:00-04:00,6.300000190734863,6.329999923706055,6.019999980926514,6.050000190734863,975100,0.0,0.0
2024-07-09 00:00:00-04:00,6.019999980926514,6.550000190734863,6.019999980926514,6.53000020980835,586300,0.0,0.0
2024-07-10 00:00:00-04:00,6.579999923706055,7.150000095367432,6.53000020980835,7.090000152587891,592000,0.0,0.0
2024-07-11 00:00:00-04:00,7.300000190734863,8.039999961853027,7.239999771118164,7.800000190734863,1225500,0.0,0.0
2024-07-12 00:00:00-04:00,7.889999866485596,8.350000381469727,7.800000190734863,8.010000228881836,888200,0.0,0.0
2024-07-15 00:00:00-04:00,8.109999656677246,8.75,8.020000457763672,8.449999809265137,1263800,0.0,0.0
2024-07-16 00:00:00-04:00,8.569999694824219,9.4399995803833,8.569999694824219,8.65999984741211,1345400,0.0,0.0
2024-07-17 00:00:00-04:00,8.40999984741211,8.954999923706055,8.279999732971191,8.359999656677246,713700,0.0,0.0
2024-07-18 00:00:00-04:00,8.420000076293945,8.625,7.940000057220459,8.119999885559082,647000,0.0,0.0
2024-07-19 00:00:00-04:00,8.239999771118164,8.25,7.920000076293945,8.0,435000,0.0,0.0
2024-07-22 00:00:00-04:00,8.130000114440918,8.609999656677246,8.079999923706055,8.600000381469727,402000,0.0,0.0
2024-07-23 00:00:00-04:00,8.569999694824219,9.140000343322754,8.569999694824219,8.84000015258789,525000,0.0,0.0
2024-07-24 00:00:00-04:00,8.720000267028809,9.050000190734863,8.454999923706055,8.5600004196167,405900,0.0,0.0
2024-07-25 00:00:00-04:00,8.569999694824219,8.869999885559082,8.479999542236328,8.640000343322754,376300,0.0,0.0
2024-07-26 00:00:00-04:00,8.850000381469727,9.300000190734863,8.649999618530273,8.880000114440918,413300,0.0,0.0
2024-07-29 00:00:00-04:00,8.880000114440918,8.989999771118164,8.319999694824219,8.430000305175781,284900,0.0,0.0
2024-07-30 00:00:00-04:00,8.520000457763672,8.729999542236328,8.319999694824219,8.40999984741211,440600,0.0,0.0
2024-07-31 00:00:00-04:00,8.949999809265137,9.729999542236328,8.329999923706055,9.279999732971191,1466100,0.0,0.0
2024-08-01 00:00:00-04:00,9.420000076293945,9.8100004196167,8.800000190734863,9.010000228881836,1419300,0.0,0.0
2024-08-02 00:00:00-04:00,8.619999885559082,9.779999732971191,8.329999923706055,9.550000190734863,2350500,0.0,0.0
2024-08-05 00:00:00-04:00,8.800000190734863,8.960000038146973,8.170000076293945,8.460000038146973,1091600,0.0,0.0
2024-08-06 00:00:00-04:00,8.609999656677246,9.010000228881836,8.300000190734863,8.869999885559082,772600,0.0,0.0
2024-08-07 00:00:00-04:00,8.920000076293945,9.239999771118164,8.1899995803833,8.289999961853027,719300,0.0,0.0
2024-08-08 00:00:00-04:00,8.449999809265137,8.949999809265137,8.199000358581543,8.949999809265137,596200,0.0,0.0
2024-08-09 00:00:00-04:00,8.949999809265137,9.010000228881836,8.430000305175781,8.859999656677246,580800,0.0,0.0
2024-08-12 00:00:00-04:00,8.920000076293945,9.010000228881836,8.53499984741211,9.010000228881836,618400,0.0,0.0
2024-08-13 00:00:00-04:00,9.119999885559082,9.460000038146973,9.010000228881836,9.170000076293945,764100,0.0,0.0
2024-08-14 00:00:00-04:00,9.260000228881836,9.260000228881836,8.694999694824219,9.020000457763672,572600,0.0,0.0
2024-08-15 00:00:00-04:00,9.220000267028809,10.130000114440918,9.170000076293945,9.6899995803833,1068000,0.0,0.0
2024-08-16 00:00:00-04:00,9.729999542236328,9.859999656677246,9.201000213623047,9.239999771118164,770500,0.0,0.0
2024-08-19 00:00:00-04:00,9.130000114440918,9.5,8.949999809265137,9.34000015258789,953400,0.0,0.0
2024-08-20 00:00:00-04:00,9.289999961853027,9.520000457763672,9.0600004196167,9.420000076293945,704100,0.0,0.0
2024-08-21 00:00:00-04:00,9.369999885559082,9.680000305175781,9.220000267028809,9.539999961853027,496300,0.0,0.0
2024-08-22 00:00:00-04:00,9.5600004196167,9.600000381469727,8.760000228881836,8.789999961853027,791000,0.0,0.0
2024-08-23 00:00:00-04:00,8.859999656677246,9.25,8.8100004196167,9.170000076293945,1309800,0.0,0.0
2024-08-26 00:00:00-04:00,9.180000305175781,9.899999618530273,9.029999732971191,9.739999771118164,1065500,0.0,0.0
2024-08-27 00:00:00-04:00,9.630000114440918,9.800000190734863,8.8100004196167,8.854999542236328,880600,0.0,0.0
2024-08-28 00:00:00-04:00,8.899999618530273,9.039999961853027,8.630000114440918,8.869999885559082,512000,0.0,0.0
2024-08-29 00:00:00-04:00,8.920000076293945,9.09000015258789,8.680000305175781,8.739999771118164,488700,0.0,0.0
2024-08-30 00:00:00-04:00,8.770000457763672,8.960000038146973,8.350000381469727,8.550000190734863,494700,0.0,0.0
2024-09-03 00:00:00-04:00,8.539999961853027,8.819999694824219,7.940000057220459,8.100000381469727,765000,0.0,0.0
2024-09-04 00:00:00-04:00,8.0,8.529999732971191,7.989999771118164,8.25,589500,0.0,0.0
2024-09-05 00:00:00-04:00,8.279999732971191,8.710000038146973,8.079999923706055,8.630000114440918,724300,0.0,0.0
2024-09-06 00:00:00-04:00,8.680000305175781,8.760000228881836,8.369999885559082,8.539999961853027,575800,0.0,0.0
2024-09-09 00:00:00-04:00,8.899999618530273,9.300000190734863,8.5,8.630000114440918,994200,0.0,0.0
2024-09-10 00:00:00-04:00,8.640000343322754,8.84000015258789,8.350000381469727,8.430000305175781,514800,0.0,0.0
2024-09-11 00:00:00-04:00,8.369999885559082,8.869999885559082,8.300000190734863,8.850000381469727,716500,0.0,0.0
2024-09-12 00:00:00-04:00,2.940000057220459,3.690000057220459,2.865000009536743,3.440000057220459,34263200,0.0,0.0
2024-09-13 00:00:00-04:00,3.440000057220459,3.5,3.0,3.180000066757202,7663100,0.0,0.0
2024-09-16 00:00:00-04:00,3.1700000762939453,3.4000000953674316,3.119999885559082,3.180000066757202,2922900,0.0,0.0
2024-09-17 00:00:00-04:00,3.2300000190734863,3.808000087738037,3.180000066757202,3.490000009536743,4465600,0.0,0.0
2024-09-18 00:00:00-04:00,3.450000047683716,3.549999952316284,3.3399999141693115,3.440000057220459,1475200,0.0,0.0
2024-09-19 00:00:00-04:00,3.4800000190734863,3.6050000190734863,3.430000066757202,3.450000047683716,1097600,0.0,0.0
2024-09-20 00:00:00-04:00,3.4100000858306885,3.438999891281128,3.309999942779541,3.359999895095825,1956800,0.0,0.0
2024-09-23 00:00:00-04:00,3.4000000953674316,3.4200000762939453,3.1700000762939453,3.200000047683716,1088000,0.0,0.0
2024-09-24 00:00:00-04:00,3.190000057220459,3.25,3.0999999046325684,3.2100000381469727,993500,0.0,0.0
2024-09-25 00:00:00-04:00,3.2100000381469727,3.494999885559082,3.0999999046325684,3.4700000286102295,1872200,0.0,0.0
2024-09-26 00:00:00-04:00,3.515000104904175,4.75,3.515000104904175,4.0,7640800,0.0,0.0
2024-09-27 00:00:00-04:00,4.059999942779541,4.230000019073486,3.7699999809265137,3.7699999809265137,1901200,0.0,0.0
2024-09-30 00:00:00-04:00,3.75,3.8299999237060547,3.569999933242798,3.569999933242798,879200,0.0,0.0
2024-10-01 00:00:00-04:00,3.5799999237060547,3.7200000286102295,3.5299999713897705,3.5999999046325684,854300,0.0,0.0
2024-10-02 00:00:00-04:00,3.5999999046325684,3.9200000762939453,3.549999952316284,3.869999885559082,1076600,0.0,0.0
2024-10-03 00:00:00-04:00,3.819999933242798,3.884999990463257,3.630000114440918,3.6649999618530273,732200,0.0,0.0
2024-10-04 00:00:00-04:00,3.7200000286102295,3.8399999141693115,3.684999942779541,3.819999933242798,704000,0.0,0.0
2024-10-07 00:00:00-04:00,3.7799999713897705,3.7799999713897705,3.549999952316284,3.569999933242798,702900,0.0,0.0
2024-10-08 00:00:00-04:00,3.5999999046325684,3.630000114440918,3.509999990463257,3.5399999618530273,640700,0.0,0.0
2024-10-09 00:00:00-04:00,3.5299999713897705,3.5399999618530273,3.359999895095825,3.4100000858306885,542500,0.0,0.0
2024-10-10 00:00:00-04:00,3.390000104904175,3.440000057220459,3.180000066757202,3.2699999809265137,685500,0.0,0.0
2024-10-11 00:00:00-04:00,3.2799999713897705,3.5,3.259999990463257,3.4800000190734863,651500,0.0,0.0
2024-10-14 00:00:00-04:00,3.4600000381469727,3.5799999237060547,3.450000047683716,3.569999933242798,424100,0.0,0.0
2024-10-15 00:00:00-04:00,3.5799999237060547,3.7049999237060547,3.490000009536743,3.6600000858306885,493600,0.0,0.0
2024-10-16 00:00:00-04:00,3.690000057220459,3.75,3.5299999713897705,3.619999885559082,1066400,0.0,0.0
2024-10-17 00:00:00-04:00,3.5999999046325684,3.700000047683716,3.440000057220459,3.549999952316284,656300,0.0,0.0
2024-10-18 00:00:00-04:00,3.5399999618530273,3.6700000762939453,3.440000057220459,3.509999990463257,719300,0.0,0.0
2024-10-21 00:00:00-04:00,3.5199999809265137,3.5899999141693115,3.4800000190734863,3.509999990463257,503700,0.0,0.0
2024-10-22 00:00:00-04:00,3.490000009536743,3.559999942779541,3.359999895095825,3.390000104904175,541500,0.0,0.0
2024-10-23 00:00:00-04:00,3.4000000953674316,3.4600000381469727,3.180000066757202,3.25,902200,0.0,0.0
2024-10-24 00:00:00-04:00,3.240000009536743,3.3299999237060547,3.2100000381469727,3.240000009536743,361500,0.0,0.0
2024-10-25 00:00:00-04:00,3.2300000190734863,3.2950000762939453,3.1649999618530273,3.190000057220459,510600,0.0,0.0
2024-10-28 00:00:00-04:00,3.240000009536743,3.299999952316284,3.2100000381469727,3.240000009536743,696100,0.0,0.0
2024-10-29 00:00:00-04:00,3.240000009536743,3.309999942779541,3.200000047683716,3.240000009536743,340500,0.0,0.0
2024-10-30 00:00:00-04:00,3.2100000381469727,3.2950000762939453,3.180000066757202,3.240000009536743,430900,0.0,0.0
2024-10-31 00:00:00-04:00,3.25,3.2799999713897705,3.130000114440918,3.1600000858306885,433700,0.0,0.0
2024-11-01 00:00:00-04:00,3.1700000762939453,3.2200000286102295,3.140000104904175,3.2100000381469727,420800,0.0,0.0
2024-11-04 00:00:00-05:00,3.200000047683716,3.380000114440918,3.130000114440918,3.259999990463257,843600,0.0,0.0
2024-11-05 00:00:00-05:00,3.2799999713897705,3.3450000286102295,3.2100000381469727,3.319999933242798,989200,0.0,0.0
2024-11-06 00:00:00-05:00,3.430000066757202,3.4749999046325684,3.244999885559082,3.430000066757202,1583200,0.0,0.0
2024-11-07 00:00:00-05:00,3.430000066757202,3.625999927520752,3.4149999618530273,3.4800000190734863,1159700,0.0,0.0
2024-11-08 00:00:00-05:00,3.5,3.5299999713897705,3.380000114440918,3.490000009536743,502200,0.0,0.0
2024-11-11 00:00:00-05:00,3.5199999809265137,3.7149999141693115,3.5199999809265137,3.640000104904175,657300,0.0,0.0
2024-11-12 00:00:00-05:00,3.7200000286102295,3.815000057220459,3.5399999618530273,3.640000104904175,874700,0.0,0.0
2024-11-13 00:00:00-05:00,3.940000057220459,3.940000057220459,3.5199999809265137,3.559999942779541,870100,0.0,0.0
2024-11-14 00:00:00-05:00,3.569999933242798,3.569999933242798,3.2750000953674316,3.319999933242798,654300,0.0,0.0
2024-11-15 00:00:00-05:00,3.299999952316284,3.299999952316284,2.950000047683716,3.005000114440918,1275400,0.0,0.0
2024-11-18 00:00:00-05:00,3.009999990463257,3.0999999046325684,2.930000066757202,3.0299999713897705,2355200,0.0,0.0
2024-11-19 00:00:00-05:00,3.0299999713897705,3.0299999713897705,2.859999895095825,3.009999990463257,725500,0.0,0.0
2024-11-20 00:00:00-05:00,2.9800000190734863,3.059999942779541,2.9549999237060547,2.990000009536743,782400,0.0,0.0
2024-11-21 00:00:00-05:00,3.0199999809265137,3.0799999237060547,2.9549999237060547,2.9700000286102295,461000,0.0,0.0
2024-11-22 00:00:00-05:00,2.9800000190734863,3.299999952316284,2.950000047683716,3.25,812100,0.0,0.0
2024-11-25 00:00:00-05:00,3.3299999237060547,3.555000066757202,3.240000009536743,3.440000057220459,957900,0.0,0.0
2024-11-26 00:00:00-05:00,3.4600000381469727,3.619999885559082,3.305000066757202,3.549999952316284,848000,0.0,0.0
2024-11-27 00:00:00-05:00,3.569999933242798,4.079999923706055,3.569999933242798,3.950000047683716,1009400,0.0,0.0
2024-11-29 00:00:00-05:00,3.930000066757202,3.990000009536743,3.809999942779541,3.8499999046325684,527100,0.0,0.0
2024-12-02 00:00:00-05:00,3.819999933242798,3.9800000190734863,3.7799999713897705,3.880000114440918,500700,0.0,0.0
2024-12-03 00:00:00-05:00,3.8499999046325684,3.880000114440918,3.5799999237060547,3.7699999809265137,722000,0.0,0.0
2024-12-04 00:00:00-05:00,3.7699999809265137,3.8949999809265137,3.494999885559082,3.509999990463257,822000,0.0,0.0
2024-12-05 00:00:00-05:00,3.490000009536743,3.9100000858306885,3.4800000190734863,3.8299999237060547,1221900,0.0,0.0
2024-12-06 00:00:00-05:00,3.880000114440918,4.019999980926514,3.8299999237060547,3.990000009536743,699600,0.0,0.0
2024-12-09 00:00:00-05:00,3.990000009536743,4.239999771118164,3.990000009536743,4.010000228881836,1084000,0.0,0.0
2024-12-10 00:00:00-05:00,3.9800000190734863,4.210000038146973,3.803999900817871,4.050000190734863,784700,0.0,0.0
2024-12-11 00:00:00-05:00,4.079999923706055,4.394999980926514,3.9549999237060547,4.269999980926514,836600,0.0,0.0
2024-12-12 00:00:00-05:00,4.25,4.28000020980835,3.940000057220459,4.03000020980835,863000,0.0,0.0
2024-12-13 00:00:00-05:00,4.019999980926514,4.210000038146973,3.9600000381469727,3.9600000381469727,478300,0.0,0.0
2024-12-16 00:00:00-05:00,3.9600000381469727,4.639999866485596,3.940000057220459,4.420000076293945,975300,0.0,0.0
2024-12-17 00:00:00-05:00,4.5,4.570000171661377,4.21999979019165,4.539999961853027,1375500,0.0,0.0
2024-12-18 00:00:00-05:00,4.559999942779541,4.639999866485596,4.15500020980835,4.230000019073486,2770800,0.0,0.0
2024-12-19 00:00:00-05:00,4.300000190734863,4.340000152587891,4.0,4.03000020980835,655600,0.0,0.0
2024-12-20 00:00:00-05:00,3.990000009536743,4.389999866485596,3.9549999237060547,4.349999904632568,3277700,0.0,0.0
2024-12-23 00:00:00-05:00,4.369999885559082,5.019999980926514,4.260000228881836,4.679999828338623,3404300,0.0,0.0
2024-12-24 00:00:00-05:00,4.699999809265137,4.820000171661377,4.349999904632568,4.550000190734863,729700,0.0,0.0
2024-12-26 00:00:00-05:00,4.550000190734863,4.840000152587891,4.5,4.840000152587891,701400,0.0,0.0
2024-12-27 00:00:00-05:00,4.699999809265137,4.800000190734863,4.5,4.789999961853027,1214400,0.0,0.0
2024-12-30 00:00:00-05:00,4.699999809265137,4.789999961853027,4.5,4.679999828338623,900700,0.0,0.0
2024-12-31 00:00:00-05:00,4.71999979019165,4.769999980926514,4.590000152587891,4.699999809265137,556200,0.0,0.0
2025-01-02 00:00:00-05:00,4.800000190734863,5.090000152587891,4.730000019073486,4.840000152587891,691200,0.0,0.0
2025-01-03 00:00:00-05:00,4.840000152587891,5.130000114440918,4.769999980926514,5.079999923706055,341800,0.0,0.0
2025-01-06 00:00:00-05:00,5.110000133514404,5.171000003814697,4.869999885559082,4.920000076293945,471300,0.0,0.0
2025-01-07 00:00:00-05:00,4.949999809265137,5.059999942779541,4.75,4.889999866485596,727200,0.0,0.0
2025-01-08 00:00:00-05:00,4.860000133514404,4.889999866485596,4.46999979019165,4.480000019073486,646700,0.0,0.0
2025-01-10 00:00:00-05:00,4.369999885559082,4.440000057220459,4.130000114440918,4.369999885559082,737400,0.0,0.0
2025-01-13 00:00:00-05:00,4.320000171661377,4.349999904632568,3.930000066757202,4.170000076293945,676500,0.0,0.0
2025-01-14 00:00:00-05:00,4.199999809265137,4.340000152587891,4.010000228881836,4.059999942779541,625300,0.0,0.0
2025-01-15 00:00:00-05:00,4.199999809265137,4.21999979019165,3.9800000190734863,4.099999904632568,707000,0.0,0.0
2025-01-16 00:00:00-05:00,4.099999904632568,4.099999904632568,3.9149999618530273,3.9800000190734863,584300,0.0,0.0
2025-01-17 00:00:00-05:00,4.039999961853027,4.079999923706055,3.9000000953674316,3.9600000381469727,464800,0.0,0.0
2025-01-21 00:00:00-05:00,4.010000228881836,4.074999809265137,3.950000047683716,4.0,868000,0.0,0.0
2025-01-22 00:00:00-05:00,3.9800000190734863,4.139999866485596,3.930000066757202,4.090000152587891,366600,0.0,0.0
2025-01-23 00:00:00-05:00,4.059999942779541,4.150000095367432,3.9700000286102295,4.139999866485596,403200,0.0,0.0
2025-01-24 00:00:00-05:00,4.179999828338623,4.304999828338623,4.070000171661377,4.159999847412109,309700,0.0,0.0
2025-01-27 00:00:00-05:00,4.139999866485596,4.324999809265137,4.070000171661377,4.099999904632568,685000,0.0,0.0
2025-01-28 00:00:00-05:00,4.099999904632568,4.130000114440918,3.859999895095825,4.050000190734863,367800,0.0,0.0
2025-01-29 00:00:00-05:00,4.050000190734863,4.130000114440918,3.930000066757202,4.079999923706055,426100,0.0,0.0
2025-01-30 00:00:00-05:00,4.139999866485596,4.190000057220459,4.014999866485596,4.179999828338623,306600,0.0,0.0
2025-01-31 00:00:00-05:00,4.179999828338623,4.239999771118164,3.930000066757202,3.9600000381469727,353500,0.0,0.0
2025-02-03 00:00:00-05:00,3.8299999237060547,3.940000057220459,3.7799999713897705,3.809999942779541,446800,0.0,0.0
2025-02-04 00:00:00-05:00,3.7899999618530273,3.884999990463257,3.6700000762939453,3.819999933242798,261700,0.0,0.0
2025-02-05 00:00:00-05:00,3.8499999046325684,3.940000057220459,3.8299999237060547,3.9100000858306885,269000,0.0,0.0
2025-02-06 00:00:00-05:00,3.9200000762939453,3.924999952316284,3.809999942779541,3.8299999237060547,437000,0.0,0.0
2025-02-07 00:00:00-05:00,3.8299999237060547,3.859999895095825,3.6600000858306885,3.690000057220459,338400,0.0,0.0
2025-02-10 00:00:00-05:00,3.680000066757202,3.7200000286102295,3.559999942779541,3.630000114440918,265900,0.0,0.0
2025-02-11 00:00:00-05:00,3.559999942779541,3.619999885559082,3.4200000762939453,3.440000057220459,288500,0.0,0.0
2025-02-12 00:00:00-05:00,3.369999885559082,3.5899999141693115,3.369999885559082,3.559999942779541,310900,0.0,0.0
2025-02-13 00:00:00-05:00,3.609999895095825,3.7100000381469727,3.515000104904175,3.7100000381469727,274700,0.0,0.0
2025-02-14 00:00:00-05:00,3.759999990463257,3.940000057220459,3.625,3.690000057220459,848400,0.0,0.0
2025-02-18 00:00:00-05:00,3.690000057220459,3.880000114440918,3.690000057220459,3.7699999809265137,269900,0.0,0.0
2025-02-19 00:00:00-05:00,3.75,3.880000114440918,3.640000104904175,3.8399999141693115,286600,0.0,0.0
2025-02-20 00:00:00-05:00,3.8299999237060547,3.865000009536743,3.700000047683716,3.8499999046325684,330700,0.0,0.0
2025-02-21 00:00:00-05:00,3.9000000953674316,3.9100000858306885,3.819999933242798,3.8499999046325684,283500,0.0,0.0
2025-02-24 00:00:00-05:00,3.799999952316284,3.884999990463257,3.690000057220459,3.700000047683716,353000,0.0,0.0
2025-02-25 00:00:00-05:00,3.5799999237060547,3.799999952316284,3.359999895095825,3.700000047683716,444600,0.0,0.0
2025-02-26 00:00:00-05:00,3.6700000762939453,3.8399999141693115,3.200000047683716,3.319999933242798,648200,0.0,0.0
2025-02-27 00:00:00-05:00,3.309999942779541,3.4600000381469727,3.25,3.369999885559082,577300,0.0,0.0
2025-02-28 00:00:00-05:00,3.359999895095825,3.615000009536743,3.2699999809265137,3.5899999141693115,368500,0.0,0.0
2025-03-03 00:00:00-05:00,3.569999933242798,3.619999885559082,3.0950000286102295,3.240000009536743,704300,0.0,0.0
2025-03-04 00:00:00-05:00,3.119999885559082,3.325000047683716,3.009999990463257,3.2699999809265137,402100,0.0,0.0
2025-03-05 00:00:00-05:00,3.2899999618530273,3.4100000858306885,3.2300000190734863,3.25,405800,0.0,0.0
2025-03-06 00:00:00-05:00,3.180000066757202,3.3399999141693115,3.059999942779541,3.2200000286102295,301300,0.0,0.0
2025-03-07 00:00:00-05:00,3.2200000286102295,3.2899999618530273,3.0999999046325684,3.140000104904175,205600,0.0,0.0
2025-03-10 00:00:00-04:00,3.109999895095825,3.125999927520752,2.9000000953674316,2.9700000286102295,350600,0.0,0.0
2025-03-11 00:00:00-04:00,3.0,3.0199999809265137,2.815000057220459,2.9600000381469727,799400,0.0,0.0
2025-03-12 00:00:00-04:00,3.0199999809265137,3.0910000801086426,2.930000066757202,3.0299999713897705,380800,0.0,0.0
2025-03-13 00:00:00-04:00,3.0,3.069999933242798,2.7799999713897705,2.9000000953674316,553200,0.0,0.0
2025-03-14 00:00:00-04:00,2.950000047683716,3.2100000381469727,2.869999885559082,3.119999885559082,734000,0.0,0.0
2025-03-17 00:00:00-04:00,3.119999885559082,3.2049999237060547,2.9800000190734863,3.119999885559082,527400,0.0,0.0
2025-03-18 00:00:00-04:00,3.0899999141693115,3.115000009536743,2.984999895095825,3.0199999809265137,369100,0.0,0.0
2025-03-19 00:00:00-04:00,3.009999990463257,3.0799999237060547,2.940000057220459,2.9700000286102295,1043500,0.0,0.0
2025-03-20 00:00:00-04:00,2.950000047683716,3.0999999046325684,2.950000047683716,3.0199999809265137,295800,0.0,0.0
2025-03-21 00:00:00-04:00,3.059999942779541,3.1700000762939453,2.9700000286102295,3.1500000953674316,1228800,0.0,0.0
2025-03-24 00:00:00-04:00,3.2100000381469727,3.259999990463257,3.174999952316284,3.2100000381469727,192300,0.0,0.0
2025-03-25 00:00:00-04:00,3.2799999713897705,3.3450000286102295,3.069999933242798,3.109999895095825,165600,0.0,0.0
2025-03-26 00:00:00-04:00,3.1700000762939453,3.1700000762939453,3.0,3.0199999809265137,143900,0.0,0.0
2025-03-27 00:00:00-04:00,3.0299999713897705,3.1449999809265137,3.0199999809265137,3.0899999141693115,139000,0.0,0.0
2025-03-28 00:00:00-04:00,3.0799999237060547,3.130000114440918,2.990000009536743,3.009999990463257,143300,0.0,0.0
2025-03-31 00:00:00-04:00,2.9100000858306885,3.009999990463257,2.880000114440918,2.880000114440918,260800,0.0,0.0
2025-04-01 00:00:00-04:00,2.880000114440918,2.9100000858306885,2.6700000762939453,2.759999990463257,335600,0.0,0.0
2025-04-02 00:00:00-04:00,2.7100000381469727,2.9000000953674316,2.7100000381469727,2.8299999237060547,246400,0.0,0.0
2025-04-03 00:00:00-04:00,2.7300000190734863,2.809999942779541,2.5399999618530273,2.549999952316284,358900,0.0,0.0
2025-04-04 00:00:00-04:00,2.490000009536743,2.565000057220459,2.4000000953674316,2.509999990463257,346300,0.0,0.0
2025-04-07 00:00:00-04:00,2.4600000381469727,2.740000009536743,2.315000057220459,2.7200000286102295,758000,0.0,0.0
2025-04-08 00:00:00-04:00,2.8299999237060547,2.880000114440918,2.5799999237060547,2.640000104904175,399700,0.0,0.0
2025-04-09 00:00:00-04:00,2.5999999046325684,3.0,2.569999933242798,2.880000114440918,358400,0.0,0.0
2025-04-10 00:00:00-04:00,2.7699999809265137,2.809999942779541,2.490000009536743,2.625,239200,0.0,0.0
2025-04-11 00:00:00-04:00,2.690000057220459,2.7100000381469727,2.5399999618530273,2.690000057220459,162200,0.0,0.0
2025-04-14 00:00:00-04:00,2.7799999713897705,2.990000009536743,2.7100000381469727,2.9200000762939453,278200,0.0,0.0
2025-04-15 00:00:00-04:00,2.9000000953674316,3.049999952316284,2.890000104904175,3.0399999618530273,225200,0.0,0.0
2025-04-16 00:00:00-04:00,3.0199999809265137,3.0899999141693115,2.9200000762939453,3.059999942779541,202900,0.0,0.0
2025-04-17 00:00:00-04:00,3.049999952316284,3.319999933242798,3.049999952316284,3.2899999618530273,350300,0.0,0.0
2025-04-21 00:00:00-04:00,3.25,3.565000057220459,3.1700000762939453,3.4600000381469727,369600,0.0,0.0
2025-04-22 00:00:00-04:00,3.4700000286102295,3.869999885559082,3.4700000286102295,3.6500000953674316,583600,0.0,0.0
2025-04-23 00:00:00-04:00,3.8399999141693115,3.869999885559082,3.494999885559082,3.5899999141693115,712800,0.0,0.0
2025-04-24 00:00:00-04:00,3.609999895095825,3.61899995803833,3.434999942779541,3.509999990463257,215400,0.0,0.0
2025-04-25 00:00:00-04:00,3.5,3.5299999713897705,3.384999990463257,3.5299999713897705,231900,0.0,0.0
2025-04-28 00:00:00-04:00,3.5299999713897705,3.630000114440918,3.450000047683716,3.569999933242798,153200,0.0,0.0
2025-04-29 00:00:00-04:00,3.569999933242798,3.755000114440918,3.5399999618530273,3.6500000953674316,298500,0.0,0.0
2025-04-30 00:00:00-04:00,3.609999895095825,3.9100000858306885,3.549999952316284,3.8499999046325684,557900,0.0,0.0
2025-05-01 00:00:00-04:00,3.8399999141693115,4.690000057220459,3.7300000190734863,4.380000114440918,926600,0.0,0.0
2025-05-02 00:00:00-04:00,4.409999847412109,6.150000095367432,4.380000114440918,5.619999885559082,4178500,0.0,0.0
2025-05-05 00:00:00-04:00,5.409999847412109,5.739999771118164,5.099999904632568,5.730000019073486,1464300,0.0,0.0
2025-05-06 00:00:00-04:00,5.639999866485596,5.75,5.139999866485596,5.349999904632568,890900,0.0,0.0
2025-05-07 00:00:00-04:00,5.400000095367432,5.425000190734863,4.775000095367432,5.070000171661377,1026700,0.0,0.0
2025-05-08 00:00:00-04:00,5.059999942779541,5.550000190734863,4.90500020980835,5.409999847412109,440300,0.0,0.0
2025-05-09 00:00:00-04:00,5.420000076293945,5.697999954223633,5.28000020980835,5.369999885559082,537300,0.0,0.0
2025-05-12 00:00:00-04:00,5.369999885559082,5.820000171661377,5.369999885559082,5.679999828338623,544200,0.0,0.0
2025-05-13 00:00:00-04:00,5.75,5.869999885559082,5.53000020980835,5.789999961853027,365400,0.0,0.0
2025-05-14 00:00:00-04:00,5.800000190734863,5.855000019073486,5.510000228881836,5.630000114440918,620100,0.0,0.0
2025-05-15 00:00:00-04:00,5.989999771118164,6.625,5.650000095367432,6.599999904632568,1168900,0.0,0.0
2025-05-16 00:00:00-04:00,6.690000057220459,7.059999942779541,6.309999942779541,6.880000114440918,1040200,0.0,0.0
2025-05-19 00:00:00-04:00,6.75,7.039999961853027,6.519999980926514,6.929999828338623,740200,0.0,0.0
2025-05-20 00:00:00-04:00,6.920000076293945,7.0,6.251999855041504,6.510000228881836,756800,0.0,0.0
2025-05-21 00:00:00-04:00,6.400000095367432,6.795000076293945,6.224999904632568,6.25,325200,0.0,0.0
2025-05-22 00:00:00-04:00,6.179999828338623,6.269999980926514,5.9039998054504395,6.119999885559082,430100,0.0,0.0
2025-05-23 00:00:00-04:00,6.820000171661377,7.039999961853027,6.25,6.440000057220459,898700,0.0,0.0
2025-05-27 00:00:00-04:00,6.550000190734863,6.820000171661377,6.03000020980835,6.349999904632568,492900,0.0,0.0
2025-05-28 00:00:00-04:00,6.28000020980835,7.0,6.230000019073486,6.900000095367432,997800,0.0,0.0
2025-05-29 00:00:00-04:00,7.110000133514404,7.474999904632568,6.980000019073486,7.070000171661377,752900,0.0,0.0
2025-05-30 00:00:00-04:00,7.019999980926514,7.074999809265137,6.670000076293945,6.875,396100,0.0,0.0
2025-06-02 00:00:00-04:00,6.96999979019165,7.110000133514404,6.639999866485596,6.960000038146973,391900,0.0,0.0
2025-06-03 00:00:00-04:00,6.960000038146973,7.170000076293945,6.820000171661377,7.034999847412109,430900,0.0,0.0
2025-06-04 00:00:00-04:00,7.03000020980835,7.099999904632568,6.831999778747559,7.03000020980835,370200,0.0,0.0
2025-06-05 00:00:00-04:00,7.03000020980835,7.400000095367432,6.885000228881836,7.110000133514404,336900,0.0,0.0
2025-06-06 00:00:00-04:00,7.230000019073486,7.400000095367432,7.10099983215332,7.25,388300,0.0,0.0
2025-06-09 00:00:00-04:00,7.300000190734863,7.389999866485596,6.989999771118164,7.119999885559082,229500,0.0,0.0
2025-06-10 00:00:00-04:00,7.119999885559082,7.232999801635742,6.889999866485596,6.900000095367432,394400,0.0,0.0
2025-06-11 00:00:00-04:00,6.929999828338623,7.170000076293945,6.679999828338623,6.829999923706055,464300,0.0,0.0
2025-06-12 00:00:00-04:00,6.739999771118164,6.920000076293945,6.659999847412109,6.78000020980835,302400,0.0,0.0
2025-06-13 00:00:00-04:00,6.599999904632568,6.925000190734863,6.599999904632568,6.849999904632568,247200,0.0,0.0
2025-06-16 00:00:00-04:00,6.829999923706055,6.965000152587891,6.610000133514404,6.800000190734863,682300,0.0,0.0
2025-06-17 00:00:00-04:00,6.78000020980835,6.869999885559082,6.329999923706055,6.429999828338623,685200,0.0,0.0
2025-06-18 00:00:00-04:00,6.420000076293945,6.739999771118164,6.329999923706055,6.360000133514404,390300,0.0,0.0
2025-06-20 00:00:00-04:00,6.369999885559082,7.210000038146973,6.275000095367432,6.994999885559082,607100,0.0,0.0
2025-06-23 00:00:00-04:00,6.980000019073486,7.451000213623047,6.829999923706055,7.170000076293945,1027000,0.0,0.0
2025-06-24 00:00:00-04:00,7.340000152587891,7.478000164031982,7.150000095367432,7.190000057220459,528200,0.0,0.0
2025-06-25 00:00:00-04:00,7.170000076293945,7.260000228881836,6.953999996185303,7.159999847412109,263400,0.0,0.0
2025-06-26 00:00:00-04:00,7.190000057220459,7.400000095367432,7.059999942779541,7.380000114440918,378000,0.0,0.0
2025-06-27 00:00:00-04:00,7.420000076293945,7.702000141143799,6.980000019073486,7.099999904632568,1208800,0.0,0.0
2025-06-30 00:00:00-04:00,7.099999904632568,7.269999980926514,6.869999885559082,6.880000114440918,1022500,0.0,0.0
2025-07-01 00:00:00-04:00,6.71999979019165,6.909999847412109,6.15500020980835,6.840000152587891,871400,0.0,0.0
2025-07-02 00:00:00-04:00,6.820000171661377,7.119999885559082,6.554999828338623,6.929999828338623,381900,0.0,0.0
2025-07-03 00:00:00-04:00,6.949999809265137,6.949999809265137,6.650000095367432,6.920000076293945,146400,0.0,0.0
2025-07-07 00:00:00-04:00,6.860000133514404,7.25,6.75,7.019999980926514,427200,0.0,0.0
2025-07-08 00:00:00-04:00,7.090000152587891,7.929999828338623,6.991000175476074,7.849999904632568,1173400,0.0,0.0
2025-07-09 00:00:00-04:00,7.980000019073486,8.180000305175781,7.699999809265137,7.909999847412109,937800,0.0,0.0
2025-07-10 00:00:00-04:00,7.920000076293945,8.029999732971191,7.349999904632568,8.010000228881836,609300,0.0,0.0
2025-07-11 00:00:00-04:00,7.920000076293945,8.270000457763672,7.820000171661377,7.829999923706055,688900,0.0,0.0
2025-07-14 00:00:00-04:00,7.699999809265137,8.140000343322754,7.566999912261963,7.900000095367432,543800,0.0,0.0
2025-07-15 00:00:00-04:00,7.920000076293945,8.039999961853027,7.619999885559082,7.840000152587891,357200,0.0,0.0
2025-07-16 00:00:00-04:00,7.880000114440918,8.029999732971191,7.679999828338623,7.880000114440918,305400,0.0,0.0
2025-07-17 00:00:00-04:00,7.860000133514404,8.015000343322754,7.769999980926514,7.940000057220459,227100,0.0,0.0
2025-07-18 00:00:00-04:00,8.029999732971191,8.100000381469727,7.630000114440918,7.650000095367432,397400,0.0,0.0
2025-07-21 00:00:00-04:00,7.619999885559082,7.809999942779541,7.03000020980835,7.099999904632568,608000,0.0,0.0
2025-07-22 00:00:00-04:00,7.119999885559082,7.309999942779541,6.974999904632568,7.050000190734863,378900,0.0,0.0
2025-07-23 00:00:00-04:00,7.079999923706055,7.940000057220459,7.039999961853027,7.909999847412109,403800,0.0,0.0
2025-07-24 00:00:00-04:00,7.900000095367432,8.029999732971191,7.630000114440918,7.820000171661377,565700,0.0,0.0
2025-07-25 00:00:00-04:00,7.78000020980835,7.989999771118164,7.550000190734863,7.809999942779541,464400,0.0,0.0
2025-07-28 00:00:00-04:00,7.840000152587891,8.449999809265137,7.550000190734863,7.809999942779541,1065400,0.0,0.0
2025-07-29 00:00:00-04:00,7.659999847412109,8.5,6.960000038146973,7.590000152587891,7188700,0.0,0.0
2025-07-30 00:00:00-04:00,7.599999904632568,7.599999904632568,6.71999979019165,6.900000095367432,1780600,0.0,0.0
2025-07-31 00:00:00-04:00,6.710000038146973,6.840000152587891,6.5,6.730000019073486,974100,0.0,0.0
2025-08-01 00:00:00-04:00,6.639999866485596,7.119999885559082,6.559999942779541,6.829999923706055,1006800,0.0,0.0
2025-08-04 00:00:00-04:00,6.869999885559082,7.03000020980835,6.510000228881836,6.960000038146973,1091300,0.0,0.0
2025-08-05 00:00:00-04:00,6.940000057220459,7.0,6.639999866485596,6.880000114440918,517100,0.0,0.0
2025-08-06 00:00:00-04:00,6.880000114440918,6.949999809265137,6.579999923706055,6.940000057220459,1078800,0.0,0.0
2025-08-07 00:00:00-04:00,6.860000133514404,7.0,6.670000076293945,6.809999942779541,325100,0.0,0.0
2025-08-08 00:00:00-04:00,6.860000133514404,6.880000114440918,6.46999979019165,6.489999771118164,412500,0.0,0.0
2025-08-11 00:00:00-04:00,6.519999980926514,6.59499979019165,6.275000095367432,6.340000152587891,413000,0.0,0.0
2025-08-12 00:00:00-04:00,6.389999866485596,6.579999923706055,6.28000020980835,6.539999961853027,442800,0.0,0.0
2025-08-13 00:00:00-04:00,6.610000133514404,6.925000190734863,6.539999961853027,6.849999904632568,307400,0.0,0.0
2025-08-14 00:00:00-04:00,6.769999980926514,6.869999885559082,6.539999961853027,6.599999904632568,560900,0.0,0.0
2025-08-15 00:00:00-04:00,6.619999885559082,6.840000152587891,6.513000011444092,6.820000171661377,516900,0.0,0.0
2025-08-18 00:00:00-04:00,6.829999923706055,7.090000152587891,6.570000171661377,6.639999866485596,475500,0.0,0.0
2025-08-19 00:00:00-04:00,6.639999866485596,6.670000076293945,6.420000076293945,6.610000133514404,343800,0.0,0.0
2025-08-20 00:00:00-04:00,6.619999885559082,6.639999866485596,6.389999866485596,6.570000171661377,291800,0.0,0.0
2025-08-21 00:00:00-04:00,6.519999980926514,6.659999847412109,6.440000057220459,6.519999980926514,440700,0.0,0.0
2025-08-22 00:00:00-04:00,6.570000171661377,6.914999961853027,6.449999809265137,6.880000114440918,362300,0.0,0.0
2025-08-25 00:00:00-04:00,6.880000114440918,6.880000114440918,6.349999904632568,6.409999847412109,277600,0.0,0.0
2025-08-26 00:00:00-04:00,6.440000057220459,6.570000171661377,6.360000133514404,6.519999980926514,1193300,0.0,0.0
2025-08-27 00:00:00-04:00,6.510000228881836,6.690000057220459,6.5,6.630000114440918,227100,0.0,0.0
2025-08-28 00:00:00-04:00,6.690000057220459,6.849999904632568,6.619999885559082,6.650000095367432,196900,0.0,0.0
2025-08-29 00:00:00-04:00,6.710000038146973,6.710000038146973,6.400000095367432,6.480000019073486,181900,0.0,0.0
2025-09-02 00:00:00-04:00,6.400000095367432,6.75,6.389999866485596,6.409999847412109,327800,0.0,0.0
2025-09-03 00:00:00-04:00,6.360000133514404,6.554999828338623,6.360000133514404,6.519999980926514,224800,0.0,0.0
2025-09-04 00:00:00-04:00,6.539999961853027,7.010000228881836,6.349999904632568,6.880000114440918,431700,0.0,0.0
2025-09-05 00:00:00-04:00,6.900000095367432,7.869999885559082,6.849999904632568,7.659999847412109,599000,0.0,0.0
2025-09-08 00:00:00-04:00,7.659999847412109,7.679999828338623,7.210000038146973,7.269999980926514,417000,0.0,0.0
2025-09-09 00:00:00-04:00,7.25,7.409999847412109,7.065000057220459,7.239999771118164,477400,0.0,0.0
2025-09-10 00:00:00-04:00,7.199999809265137,7.199999809265137,6.880000114440918,6.989999771118164,465000,0.0,0.0
2025-09-11 00:00:00-04:00,7.0,7.170000076293945,6.880000114440918,6.989999771118164,351800,0.0,0.0
2025-09-12 00:00:00-04:00,6.96999979019165,7.059999942779541,6.739999771118164,7.0,353100,0.0,0.0
2025-09-15 00:00:00-04:00,6.980000019073486,7.130000114440918,6.690000057220459,7.070000171661377,427800,0.0,0.0
2025-09-16 00:00:00-04:00,7.099999904632568,7.5,7.0,7.300000190734863,380400,0.0,0.0
2025-09-17 00:00:00-04:00,7.340000152587891,7.46999979019165,7.199999809265137,7.320000171661377,264200,0.0,0.0
2025-09-18 00:00:00-04:00,7.380000114440918,7.650000095367432,7.25,7.539999961853027,287000,0.0,0.0
2025-09-19 00:00:00-04:00,7.539999961853027,7.539999961853027,7.28000020980835,7.389999866485596,2098600,0.0,0.0
2025-09-22 00:00:00-04:00,7.420000076293945,7.519999980926514,7.210000038146973,7.449999809265137,272400,0.0,0.0
2025-09-23 00:00:00-04:00,7.46999979019165,7.550000190734863,7.210000038146973,7.349999904632568,299900,0.0,0.0
2025-09-24 00:00:00-04:00,7.289999961853027,8.289999961853027,7.275000095367432,8.25,520700,0.0,0.0
2025-09-25 00:00:00-04:00,8.180000305175781,8.520000457763672,7.940000057220459,8.5,868500,0.0,0.0
2025-09-26 00:00:00-04:00,8.5600004196167,8.960000038146973,8.430000305175781,8.84000015258789,605500,0.0,0.0
2025-09-29 00:00:00-04:00,8.850000381469727,8.869999885559082,8.32800006866455,8.670000076293945,313800,0.0,0.0
2025-09-30 00:00:00-04:00,8.600000381469727,9.300000190734863,8.494999885559082,9.199999809265137,912900,0.0,0.0
2025-10-01 00:00:00-04:00,9.319999694824219,9.489999771118164,8.989999771118164,9.329999923706055,1013400,0.0,0.0
2025-10-02 00:00:00-04:00,9.279999732971191,9.5600004196167,9.109999656677246,9.510000228881836,433500,0.0,0.0
2025-10-03 00:00:00-04:00,9.649999618530273,9.699999809265137,9.15999984741211,9.220000267028809,328200,0.0,0.0
2025-10-06 00:00:00-04:00,9.140000343322754,9.649999618530273,9.050000190734863,9.5,457700,0.0,0.0
2025-10-07 00:00:00-04:00,9.5,9.600000381469727,9.109999656677246,9.239999771118164,356400,0.0,0.0
2025-10-08 00:00:00-04:00,9.399999618530273,9.880000114440918,9.270000457763672,9.630000114440918,302100,0.0,0.0
2025-10-09 00:00:00-04:00,9.600000381469727,9.699999809265137,9.454999923706055,9.619999885559082,338400,0.0,0.0
2025-10-10 00:00:00-04:00,9.704999923706055,9.704999923706055,8.989999771118164,8.989999771118164,346000,0.0,0.0
2025-10-13 00:00:00-04:00,9.039999961853027,9.175000190734863,8.65999984741211,8.75,356300,0.0,0.0
2025-10-14 00:00:00-04:00,8.600000381469727,8.779999732971191,8.449999809265137,8.6899995803833,537700,0.0,0.0
2025-10-15 00:00:00-04:00,8.75,9.890000343322754,8.715999603271484,9.640000343322754,554800,0.0,0.0
2025-10-16 00:00:00-04:00,9.760000228881836,9.772000312805176,9.210000038146973,9.289999961853027,330400,0.0,0.0
2025-10-17 00:00:00-04:00,9.149999618530273,9.335000038146973,8.819999694824219,8.989999771118164,379300,0.0,0.0
2025-10-20 00:00:00-04:00,9.119999885559082,9.479999542236328,8.819999694824219,9.220000267028809,456400,0.0,0.0
2025-10-21 00:00:00-04:00,9.359999656677246,9.8100004196167,9.199999809265137,9.699999809265137,259900,0.0,0.0
2025-10-22 00:00:00-04:00,9.65999984741211,9.835000038146973,8.930000305175781,9.039999961853027,370600,0.0,0.0
2025-10-23 00:00:00-04:00,9.039999961853027,9.399999618530273,8.890000343322754,8.949999809265137,364800,0.0,0.0
2025-10-24 00:00:00-04:00,9.09000015258789,9.390000343322754,8.960000038146973,9.220000267028809,406200,0.0,0.0
2025-10-27 00:00:00-04:00,9.239999771118164,9.720000267028809,9.020000457763672,9.649999618530273,273000,0.0,0.0
2025-10-28 00:00:00-04:00,9.59000015258789,10.109999656677246,9.505000114440918,10.0,1013700,0.0,0.0
2025-10-29 00:00:00-04:00,9.720000267028809,10.039999961853027,8.289999961853027,9.359999656677246,2864400,0.0,0.0
2025-10-30 00:00:00-04:00,9.510000228881836,9.960000038146973,8.5600004196167,8.600000381469727,942900,0.0,0.0
2025-10-31 00:00:00-04:00,8.59000015258789,9.149999618530273,8.420000076293945,8.75,662200,0.0,0.0
2025-11-03 00:00:00-05:00,8.65999984741211,9.470000267028809,8.479999542236328,9.020000457763672,837400,0.0,0.0
2025-11-04 00:00:00-05:00,8.829999923706055,9.020000457763672,8.300000190734863,8.369999885559082,717400,0.0,0.0
2025-11-05 00:00:00-05:00,8.329999923706055,8.369999885559082,7.699999809265137,7.869999885559082,781600,0.0,0.0
2025-11-06 00:00:00-05:00,8.09000015258789,8.09000015258789,7.610000133514404,7.650000095367432,403400,0.0,0.0
2025-11-07 00:00:00-05:00,7.550000190734863,7.710000038146973,7.269999980926514,7.630000114440918,527300,0.0,0.0
2025-11-10 00:00:00-05:00,7.769999980926514,8.350000381469727,7.599999904632568,7.670000076293945,499100,0.0,0.0
2025-11-11 00:00:00-05:00,7.650000095367432,8.25,7.510000228881836,8.149999618530273,866800,0.0,0.0
2025-11-12 00:00:00-05:00,8.100000381469727,8.449999809265137,7.940000057220459,8.359999656677246,516000,0.0,0.0
2025-11-13 00:00:00-05:00,8.270000457763672,9.050000190734863,8.239999771118164,8.789999961853027,669600,0.0,0.0
2025-11-14 00:00:00-05:00,8.6899995803833,8.960000038146973,8.430000305175781,8.649999618530273,474100,0.0,0.0
2025-11-17 00:00:00-05:00,8.670000076293945,9.75,8.460000038146973,9.649999618530273,986800,0.0,0.0
2025-11-18 00:00:00-05:00,9.520000457763672,9.850000381469727,9.024999618530273,9.729999542236328,774600,0.0,0.0
2025-11-19 00:00:00-05:00,10.649999618530273,12.1899995803833,10.449999809265137,11.510000228881836,3862500,0.0,0.0
2025-11-20 00:00:00-05:00,11.710000038146973,11.8100004196167,10.979999542236328,11.0600004196167,833600,0.0,0.0
2025-11-21 00:00:00-05:00,11.0,11.3149995803833,10.75,11.289999961853027,432000,0.0,0.0
2025-11-24 00:00:00-05:00,11.729999542236328,12.053000450134277,11.401000022888184,11.739999771118164,702400,0.0,0.0
2025-11-25 00:00:00-05:00,11.770000457763672,11.989999771118164,11.494999885559082,11.539999961853027,361500,0.0,0.0
2025-11-26 00:00:00-05:00,11.520000457763672,11.657999992370605,11.125,11.319999694824219,445800,0.0,0.0
2025-11-28 00:00:00-05:00,11.329999923706055,11.460000038146973,10.5,10.9399995803833,409300,0.0,0.0
2025-12-01 00:00:00-05:00,10.779999732971191,10.9399995803833,9.770000457763672,9.869999885559082,857300,0.0,0.0
2025-12-02 00:00:00-05:00,9.920000076293945,10.215999603271484,8.739999771118164,8.949999809265137,745400,0.0,0.0
2025-12-03 00:00:00-05:00,8.920000076293945,9.680000305175781,8.729999542236328,9.0600004196167,759500,0.0,0.0
2025-12-04 00:00:00-05:00,8.949999809265137,9.289999961853027,8.680000305175781,8.760000228881836,821200,0.0,0.0
2025-12-05 00:00:00-05:00,8.6899995803833,9.670000076293945,8.630000114440918,8.899999618530273,1682400,0.0,0.0
2025-12-08 00:00:00-05:00,12.960000038146973,15.739999771118164,12.739999771118164,12.989999771118164,24718100,0.0,0.0
2025-12-09 00:00:00-05:00,12.720000267028809,15.289999961853027,12.069999694824219,14.600000381469727,3878900,0.0,0.0
2025-12-10 00:00:00-05:00,14.670000076293945,15.319999694824219,13.399999618530273,13.800000190734863,4417900,0.0,0.0
2025-12-11 00:00:00-05:00,13.550000190734863,13.640000343322754,12.5600004196167,12.800000190734863,3002700,0.0,0.0
2025-12-12 00:00:00-05:00,12.800000190734863,13.1899995803833,12.579999923706055,13.0,1626900,0.0,0.0
2025-12-15 00:00:00-05:00,12.920000076293945,13.260000228881836,12.579999923706055,12.920000076293945,2089600,0.0,0.0
2025-12-16 00:00:00-05:00,12.729999542236328,13.0,12.449999809265137,12.5,855000,0.0,0.0
2025-12-17 00:00:00-05:00,12.470000267028809,12.65999984741211,12.020000457763672,12.079999923706055,768900,0.0,0.0
2025-12-18 00:00:00-05:00,12.210000038146973,12.460000038146973,11.979999542236328,12.15999984741211,1033800,0.0,0.0
2025-12-19 00:00:00-05:00,12.210000038146973,12.84000015258789,11.989999771118164,12.279999732971191,1536300,0.0,0.0
2025-12-22 00:00:00-05:00,12.380000114440918,12.899999618530273,12.229999542236328,12.779999732971191,852900,0.0,0.0
2025-12-23 00:00:00-05:00,12.640000343322754,12.819999694824219,11.710000038146973,11.789999961853027,739200,0.0,0.0
2025-12-24 00:00:00-05:00,11.960000038146973,12.289999961853027,11.845000267028809,12.010000228881836,416000,0.0,0.0
2025-12-26 00:00:00-05:00,11.90999984741211,11.90999984741211,11.479999542236328,11.579999923706055,463100,0.0,0.0
2025-12-29 00:00:00-05:00,11.5,12.029999732971191,11.479999542236328,11.989999771118164,1159500,0.0,0.0
2025-12-30 00:00:00-05:00,11.930000305175781,12.270000457763672,11.180000305175781,11.34000015258789,867100,0.0,0.0
2025-12-31 00:00:00-05:00,11.3100004196167,11.76099967956543,11.130000114440918,11.3100004196167,936600,0.0,0.0
2026-01-02 00:00:00-05:00,11.399999618530273,11.529999732971191,10.609999656677246,10.920000076293945,796100,0.0,0.0
2026-01-05 00:00:00-05:00,10.920000076293945,11.010000228881836,10.539999961853027,10.84000015258789,559000,0.0,0.0
2026-01-06 00:00:00-05:00,10.760000228881836,10.760000228881836,9.805000305175781,9.989999771118164,819300,0.0,0.0
2026-01-07 00:00:00-05:00,10.1899995803833,10.449999809265137,9.770000457763672,9.979999542236328,1001000,0.0,0.0
2026-01-08 00:00:00-05:00,9.979999542236328,10.470000267028809,9.914999961853027,10.109999656677246,927500,0.0,0.0
2026-01-09 00:00:00-05:00,10.140000343322754,10.369999885559082,9.800000190734863,9.850000381469727,739200,0.0,0.0
2026-01-12 00:00:00-05:00,10.390000343322754,10.5,9.069999694824219,9.510000228881836,973600,0.0,0.0
2026-01-13 00:00:00-05:00,9.420000076293945,10.329999923706055,9.420000076293945,10.25,848500,0.0,0.0
2026-01-14 00:00:00-05:00,10.260000228881836,10.539999961853027,9.960000038146973,10.359999656677246,726100,0.0,0.0
2026-01-15 00:00:00-05:00,10.1899995803833,10.399999618530273,9.8100004196167,10.380000114440918,554800,0.0,0.0
2026-01-16 00:00:00-05:00,10.380000114440918,10.659000396728516,9.930000305175781,10.140000343322754,1275500,0.0,0.0
2026-01-20 00:00:00-05:00,9.829999923706055,11.005000114440918,9.777000427246094,10.600000381469727,1437900,0.0,0.0
2026-01-21 00:00:00-05:00,10.539999961853027,10.9399995803833,10.15999984741211,10.420000076293945,968000,0.0,0.0
2026-01-22 00:00:00-05:00,10.5,11.270000457763672,10.364999771118164,11.050000190734863,721200,0.0,0.0
2026-01-23 00:00:00-05:00,10.979999542236328,11.28499984741211,10.529999732971191,10.75,665200,0.0,0.0
2026-01-26 00:00:00-05:00,10.65999984741211,11.109999656677246,10.5600004196167,10.90999984741211,496000,0.0,0.0
2026-01-27 00:00:00-05:00,10.90999984741211,11.279999732971191,10.805000305175781,10.9399995803833,623800,0.0,0.0
2026-01-28 00:00:00-05:00,10.930000305175781,10.930000305175781,10.430000305175781,10.479999542236328,443500,0.0,0.0
2026-01-29 00:00:00-05:00,10.449999809265137,10.960000038146973,10.385000228881836,10.9399995803833,490100,0.0,0.0
2026-01-30 00:00:00-05:00,10.84000015258789,11.140000343322754,10.454999923706055,10.729999542236328,491900,0.0,0.0
2026-02-02 00:00:00-05:00,10.75,11.109999656677246,10.475000381469727,10.720000267028809,496900,0.0,0.0
2026-02-03 00:00:00-05:00,10.729999542236328,10.904999732971191,10.319999694824219,10.489999771118164,364200,0.0,0.0
2026-02-04 00:00:00-05:00,10.449999809265137,10.449999809265137,9.670000076293945,9.899999618530273,474900,0.0,0.0
2026-02-05 00:00:00-05:00,9.850000381469727,10.510000228881836,9.515000343322754,9.550000190734863,447300,0.0,0.0
2026-02-06 00:00:00-05:00,9.710000038146973,10.0,9.614999771118164,9.739999771118164,489200,0.0,0.0
2026-02-09 00:00:00-05:00,9.779999732971191,10.329999923706055,9.369999885559082,10.229999542236328,394300,0.0,0.0
2026-02-10 00:00:00-05:00,10.130000114440918,10.510000228881836,10.067999839782715,10.34000015258789,473000,0.0,0.0
2026-02-11 00:00:00-05:00,10.359999656677246,10.869999885559082,10.039999961853027,10.869999885559082,855800,0.0,0.0
2026-02-12 00:00:00-05:00,10.880000114440918,11.09000015258789,10.46399974822998,10.859999656677246,462500,0.0,0.0
2026-02-13 00:00:00-05:00,10.819999694824219,11.170000076293945,10.614999771118164,10.630000114440918,381500,0.0,0.0
2026-02-17 00:00:00-05:00,10.510000228881836,10.819999694824219,10.25,10.65999984741211,811700,0.0,0.0
2026-02-18 00:00:00-05:00,10.6899995803833,11.550000190734863,10.6899995803833,10.9399995803833,628200,0.0,0.0
2026-02-19 00:00:00-05:00,10.829999923706055,12.029999732971191,10.829999923706055,11.729999542236328,1117700,0.0,0.0
2026-02-20 00:00:00-05:00,11.59000015258789,11.890000343322754,10.949999809265137,11.0,833700,0.0,0.0
2026-02-23 00:00:00-05:00,11.079999923706055,11.390000343322754,10.574999809265137,10.890000343322754,1124500,0.0,0.0
2026-02-24 00:00:00-05:00,9.649999618530273,10.420000076293945,8.489999771118164,8.579999923706055,4163200,0.0,0.0
2026-02-25 00:00:00-05:00,8.359999656677246,9.34000015258789,8.329999923706055,8.979999542236328,2280600,0.0,0.0
2026-02-26 00:00:00-05:00,8.90999984741211,9.039999961853027,8.630000114440918,8.729999542236328,873500,0.0,0.0
2026-02-27 00:00:00-05:00,8.680000305175781,8.835000038146973,8.25,8.380000114440918,759500,0.0,0.0
2026-03-02 00:00:00-05:00,8.170000076293945,8.260000228881836,7.519999980926514,7.809999942779541,3567900,0.0,0.0
2026-03-03 00:00:00-05:00,7.670000076293945,8.39900016784668,7.579999923706055,7.869999885559082,1606100,0.0,0.0
2026-03-04 00:00:00-05:00,7.869999885559082,8.550000190734863,7.809999942779541,8.350000381469727,700200,0.0,0.0
2026-03-05 00:00:00-05:00,8.199999809265137,8.239999771118164,7.929999828338623,8.15999984741211,957100,0.0,0.0
2026-03-06 00:00:00-05:00,8.039999961853027,8.449999809265137,7.945000171661377,8.170000076293945,773100,0.0,0.0
2026-03-09 00:00:00-04:00,7.820000171661377,8.114999771118164,7.590000152587891,7.940000057220459,1034400,0.0,0.0
2026-03-10 00:00:00-04:00,8.109999656677246,8.300000190734863,7.900000095367432,8.010000228881836,1164000,0.0,0.0
2026-03-11 00:00:00-04:00,7.940000057220459,8.069999694824219,7.489999771118164,7.789999961853027,1058600,0.0,0.0
2026-03-12 00:00:00-04:00,7.670000076293945,7.739999771118164,7.440000057220459,7.630000114440918,804700,0.0,0.0
2026-03-13 00:00:00-04:00,7.630000114440918,7.829999923706055,7.340000152587891,7.650000095367432,536800,0.0,0.0
2026-03-16 00:00:00-04:00,7.769999980926514,8.0,7.420000076293945,7.440000057220459,856200,0.0,0.0
2026-03-17 00:00:00-04:00,7.429999828338623,7.650000095367432,7.303999900817871,7.429999828338623,1617800,0.0,0.0
2026-03-18 00:00:00-04:00,7.46999979019165,7.46999979019165,6.840000152587891,6.920000076293945,1312300,0.0,0.0
2026-03-19 00:00:00-04:00,6.869999885559082,7.039999961853027,6.71999979019165,7.039999961853027,1445100,0.0,0.0
2026-03-20 00:00:00-04:00,7.039999961853027,7.150000095367432,6.71999979019165,6.769999980926514,4435000,0.0,0.0
2026-03-23 00:00:00-04:00,6.980000019073486,7.110000133514404,6.744999885559082,6.889999866485596,877100,0.0,0.0
2026-03-24 00:00:00-04:00,6.769999980926514,6.820000171661377,6.559999942779541,6.699999809265137,1259600,0.0,0.0
2026-03-25 00:00:00-04:00,6.78000020980835,7.159999847412109,6.78000020980835,6.980000019073486,507100,0.0,0.0
2026-03-26 00:00:00-04:00,6.900000095367432,7.119999885559082,6.885000228881836,6.940000057220459,342500,0.0,0.0
2026-03-27 00:00:00-04:00,6.929999828338623,7.0,6.679999828338623,6.730000019073486,390900,0.0,0.0
2026-03-30 00:00:00-04:00,6.889999866485596,6.889999866485596,6.46999979019165,6.579999923706055,559600,0.0,0.0
2026-03-31 00:00:00-04:00,6.760000228881836,8.0,6.760000228881836,7.670000076293945,4644600,0.0,0.0
2026-04-01 00:00:00-04:00,7.75,7.989999771118164,7.429999828338623,7.480000019073486,737900,0.0,0.0
2026-04-02 00:00:00-04:00,7.309999942779541,8.109999656677246,7.300000190734863,8.039999961853027,1012300,0.0,0.0
2026-04-06 00:00:00-04:00,8.010000228881836,8.300000190734863,7.820000171661377,7.829999923706055,756600,0.0,0.0
2026-04-07 00:00:00-04:00,7.739999771118164,7.894999980926514,7.389999866485596,7.829999923706055,911900,0.0,0.0
2026-04-08 00:00:00-04:00,8.199999809265137,8.260000228881836,7.75,7.900000095367432,553400,0.0,0.0
2026-04-09 00:00:00-04:00,7.829999923706055,8.029999732971191,7.820000171661377,7.909999847412109,600700,0.0,0.0
2026-04-10 00:00:00-04:00,7.880000114440918,7.885000228881836,7.400000095367432,7.550000190734863,1054800,0.0,0.0
2026-04-13 00:00:00-04:00,7.519999980926514,7.789999961853027,7.519999980926514,7.730000019073486,570400,0.0,0.0
2026-04-14 00:00:00-04:00,7.789999961853027,8.119999885559082,7.679999828338623,7.900000095367432,1036000,0.0,0.0
2026-04-15 00:00:00-04:00,7.920000076293945,8.25,7.860000133514404,8.25,705800,0.0,0.0
2026-04-16 00:00:00-04:00,8.25,8.265000343322754,7.909999847412109,7.989999771118164,997600,0.0,0.0
2026-04-17 00:00:00-04:00,8.140000343322754,8.364999771118164,7.880000114440918,8.289999961853027,1037200,0.0,0.0
2026-04-20 00:00:00-04:00,8.229999542236328,8.369999885559082,7.880000114440918,7.940000057220459,727000,0.0,0.0
2026-04-21 00:00:00-04:00,8.0,8.024999618530273,7.480000019073486,7.53000020980835,839000,0.0,0.0
2026-04-22 00:00:00-04:00,7.579999923706055,8.010000228881836,7.579999923706055,7.75,816800,0.0,0.0
2026-04-23 00:00:00-04:00,7.670000076293945,8.300000190734863,7.650000095367432,8.079999923706055,718500,0.0,0.0
2026-04-24 00:00:00-04:00,8.029999732971191,8.029999732971191,7.63100004196167,7.840000152587891,838900,0.0,0.0
2026-04-27 00:00:00-04:00,7.485000133514404,7.889999866485596,7.010000228881836,7.71999979019165,1145300,0.0,0.0
2026-04-28 00:00:00-04:00,7.71999979019165,8.104999542236328,7.414999961853027,7.440000057220459,683100,0.0,0.0
2026-04-29 00:00:00-04:00,7.315000057220459,7.440000057220459,6.880000114440918,7.150000095367432,1027700,0.0,0.0
2026-04-30 00:00:00-04:00,7.150000095367432,7.289999961853027,7.070000171661377,7.130000114440918,744000,0.0,0.0
2026-05-01 00:00:00-04:00,7.110000133514404,7.409999847412109,7.0,7.360000133514404,767200,0.0,0.0
2026-05-04 00:00:00-04:00,7.349999904632568,7.630000114440918,6.994999885559082,7.019999980926514,750400,0.0,0.0
2026-05-05 00:00:00-04:00,7.059999942779541,7.21999979019165,6.849999904632568,7.019999980926514,599300,0.0,0.0
2026-05-06 00:00:00-04:00,7.059999942779541,7.195000171661377,7.0,7.110000133514404,546700,0.0,0.0
2026-05-07 00:00:00-04:00,7.110000133514404,7.139999866485596,6.849999904632568,6.880000114440918,459300,0.0,0.0
2026-05-08 00:00:00-04:00,6.880000114440918,7.130000114440918,6.820000171661377,7.010000228881836,646200,0.0,0.0
2026-05-11 00:00:00-04:00,7.210000038146973,7.5,6.929999828338623,7.0,634000,0.0,0.0
2026-05-12 00:00:00-04:00,7.010000228881836,7.135000228881836,6.889999866485596,6.960000038146973,598700,0.0,0.0
2026-05-13 00:00:00-04:00,6.949999809265137,7.28000020980835,6.855000019073486,7.25,535600,0.0,0.0
2026-05-14 00:00:00-04:00,7.28000020980835,7.320000171661377,6.909999847412109,7.110000133514404,501100,0.0,0.0
2026-05-15 00:00:00-04:00,6.980000019073486,7.025000095367432,6.630000114440918,6.690000057220459,431100,0.0,0.0
2026-05-18 00:00:00-04:00,6.690000057220459,6.809999942779541,6.079999923706055,6.090000152587891,572900,0.0,0.0
2026-05-19 00:00:00-04:00,6.039999961853027,6.099999904632568,5.880000114440918,5.909999847412109,492200,0.0,0.0
2026-05-20 00:00:00-04:00,5.96999979019165,6.40500020980835,5.96999979019165,6.349999904632568,518100,0.0,0.0
2026-05-21 00:00:00-04:00,6.309999942779541,6.639999866485596,6.21999979019165,6.590000152587891,402600,0.0,0.0
2026-05-22 00:00:00-04:00,6.71999979019165,6.769999980926514,6.525000095367432,6.570000171661377,306100,0.0,0.0
2026-05-26 00:00:00-04:00,6.579999923706055,6.789999961853027,6.454999923706055,6.760000228881836,369200,0.0,0.0
2026-05-27 00:00:00-04:00,6.760000228881836,7.0,6.739999771118164,6.78000020980835,326000,0.0,0.0
2026-05-28 00:00:00-04:00,6.78000020980835,6.829999923706055,6.679999828338623,6.820000171661377,313600,0.0,0.0
2026-05-29 00:00:00-04:00,6.829999923706055,7.070000171661377,6.710000038146973,6.920000076293945,391000,0.0,0.0
2026-06-01 00:00:00-04:00,7.019999980926514,7.019999980926514,6.380000114440918,6.420000076293945,3121500,0.0,0.0
2026-06-02 00:00:00-04:00,3.111999988555908,3.259999990463257,2.8299999237060547,3.140000104904175,32803600,0.0,0.0
2026-06-03 00:00:00-04:00,3.109999895095825,3.2699999809265137,3.0899999141693115,3.2200000286102295,5598700,0.0,0.0
2026-06-04 00:00:00-04:00,3.2899999618530273,3.390000104904175,3.2100000381469727,3.369999885559082,4816200,0.0,0.0
2026-06-05 00:00:00-04:00,3.359999895095825,3.700000047683716,3.299999952316284,3.690000057220459,3955400,0.0,0.0
2026-06-08 00:00:00-04:00,3.505000114440918,3.630000114440918,3.359999895095825,3.440000057220459,3314200,0.0,0.0
2026-06-09 00:00:00-04:00,3.490000009536743,3.619999885559082,3.359999895095825,3.5199999809265137,3984900,0.0,0.0
2026-06-10 00:00:00-04:00,3.5,3.640000104904175,3.3399999141693115,3.509999990463257,2459500,0.0,0.0
2026-06-11 00:00:00-04:00,3.559999942779541,3.609999895095825,3.4549999237060547,3.549999952316284,2500300,0.0,0.0
2026-06-12 00:00:00-04:00,3.559999942779541,3.609999895095825,3.430000066757202,3.450000047683716,1344100,0.0,0.0
2026-06-15 00:00:00-04:00,3.5199999809265137,3.619999885559082,3.4700000286102295,3.509999990463257,3335000,0.0,0.0
2026-06-16 00:00:00-04:00,3.5199999809265137,3.640000104904175,3.430000066757202,3.4600000381469727,6026500,0.0,0.0
2026-06-17 00:00:00-04:00,3.490000009536743,3.6050000190734863,3.450000047683716,3.5,10467900,0.0,0.0
2026-06-18 00:00:00-04:00,3.559999942779541,3.7100000381469727,3.4600000381469727,3.700000047683716,6100800,0.0,0.0
2026-06-22 00:00:00-04:00,3.690000057220459,3.884999990463257,3.630000114440918,3.7699999809265137,2872100,0.0,0.0
2026-06-23 00:00:00-04:00,3.690000057220459,3.890000104904175,3.690000057220459,3.8499999046325684,2813600,0.0,0.0
2026-06-24 00:00:00-04:00,3.8499999046325684,4.014999866485596,3.674999952316284,3.759999990463257,3666800,0.0,0.0
2026-06-25 00:00:00-04:00,3.7799999713897705,3.859999895095825,3.5999999046325684,3.609999895095825,3101700,0.0,0.0
2026-06-26 00:00:00-04:00,3.609999895095825,3.8299999237060547,3.549999952316284,3.799999952316284,4934300,0.0,0.0
2026-06-29 00:00:00-04:00,3.799999952316284,3.819999933242798,3.6050000190734863,3.7300000190734863,1516800,0.0,0.0
2026-06-30 00:00:00-04:00,3.75,3.9149999618530273,3.6500000953674316,3.6600000858306885,2423300,0.0,0.0
2026-07-01 00:00:00-04:00,3.690000057220459,3.755000114440918,3.609999895095825,3.640000104904175,1638300,0.0,0.0
2026-07-02 00:00:00-04:00,3.690000057220459,3.8499999046325684,3.640000104904175,3.8399999141693115,1709800,0.0,0.0
2026-07-06 00:00:00-04:00,3.8499999046325684,3.8949999809265137,3.6600000858306885,3.7200000286102295,1462061,0.0,0.0
