Date,Open,High,Low,Close,Volume,Dividends,Stock Splits
2022-01-03 00:00:00-05:00,51.56338175110977,51.70460741929258,50.95694957357577,51.40554428100586,12359400,0.0,0.0
2022-01-04 00:00:00-05:00,51.089867340267,51.76275941680151,50.73265338014171,51.61322784423828,11415200,0.0,0.0
2022-01-05 00:00:00-05:00,51.87075252392402,52.56025957901587,51.60491931855847,51.63814926147461,11074100,0.0,0.0
2022-01-06 00:00:00-05:00,51.721951951484165,51.78061236594803,51.001263206067705,51.52082824707031,8048900,0.54,0.0
2022-01-07 00:00:00-05:00,51.529204912619605,52.80297652343567,51.29456008178296,52.652137756347656,16670000,0.0,0.0
2022-01-10 00:00:00-05:00,52.62699178410978,54.73877594012642,52.593470639549444,54.554412841796875,27534100,0.0,0.0
2022-01-11 00:00:00-05:00,54.22759288714618,55.18292318645203,53.89238781518685,54.87286376953125,12999500,0.0,0.0
2022-01-12 00:00:00-05:00,54.35330340844939,54.772308210306996,53.951055985523496,54.31978225708008,10148200,0.0,0.0
2022-01-13 00:00:00-05:00,54.17732097490479,54.4371019004574,53.51529263521696,54.13541793823242,8201800,0.0,0.0
2022-01-14 00:00:00-05:00,53.86724933644794,54.462235310907175,53.84211007454904,54.411956787109375,10302000,0.0,0.0
2022-01-18 00:00:00-05:00,54.202455810901235,54.495757863126386,53.47338842626114,54.37843704223633,13301400,0.0,0.0
2022-01-19 00:00:00-05:00,54.35330564010274,54.74717119298128,53.98457935340689,54.235984802246094,12569200,0.0,0.0
2022-01-20 00:00:00-05:00,54.06837505098151,54.76392453376793,53.741551827697414,54.11865997314453,8523100,0.0,0.0
2022-01-21 00:00:00-05:00,54.25273254803707,54.403574511853876,53.037621345933104,53.24712371826172,13273200,0.0,0.0
2022-01-24 00:00:00-05:00,52.94544242917082,53.14656292644775,51.277802055756865,52.467777252197266,17667200,0.0,0.0
2022-01-25 00:00:00-05:00,52.15771922328432,52.63538444240794,51.49569086809441,52.342079162597656,16752800,0.0,0.0
2022-01-26 00:00:00-05:00,52.09067635632993,53.138188351266386,51.839274116895766,52.157718658447266,13664200,0.0,0.0
2022-01-27 00:00:00-05:00,52.38398198677205,54.068379982226276,52.24990057020233,53.515296936035156,16567900,0.0,0.0
2022-01-28 00:00:00-05:00,53.36444808319062,54.403578128845126,52.99572503420881,54.39520263671875,10848400,0.0,0.0
2022-01-31 00:00:00-05:00,54.118656137909085,54.470618600579265,53.95943228377033,54.37843704223633,12036600,0.0,0.0
2022-02-01 00:00:00-05:00,54.47900269063497,54.688505078346296,54.2024580044147,54.629844665527344,12055500,0.0,0.0
2022-02-02 00:00:00-05:00,54.34490948270087,54.45385479889195,53.65774201562918,54.30301284790039,12312300,0.0,0.0
2022-02-03 00:00:00-05:00,54.303026391192844,54.53766806380998,53.297411002611604,53.69127655029297,13946700,0.0,0.0
2022-02-04 00:00:00-05:00,52.92030753098961,54.84772577533365,52.71080513094096,54.462242126464844,13193700,0.0,0.0
2022-02-07 00:00:00-05:00,54.78905770256152,55.68572759372434,54.47061640065028,55.46784973144531,17538000,0.0,0.0
2022-02-08 00:00:00-05:00,55.51812985695088,55.551651004462485,54.97342239852127,55.21644592285156,13613900,0.0,0.0
2022-02-09 00:00:00-05:00,55.090747120010434,56.37290073399194,54.99019006385854,56.26396179199219,17159900,0.0,0.0
2022-02-10 00:00:00-05:00,56.03769926042314,56.230437870885886,55.451088756589556,55.73601531982422,21184400,0.0,0.0
2022-02-11 00:00:00-05:00,55.66060167029213,56.448332819081564,55.63546240273613,56.046085357666016,15613400,0.0,0.0
2022-02-14 00:00:00-05:00,56.03770405182083,56.1634003765634,55.15779141758783,55.98741912841797,14939400,0.0,0.0
2022-02-15 00:00:00-05:00,55.92037263052627,57.034920324394285,55.92037263052627,56.79189682006836,24972100,0.0,0.0
2022-02-16 00:00:00-05:00,56.791904669837876,57.31147289505671,56.52374186825843,56.649444580078125,14253300,0.0,0.0
2022-02-17 00:00:00-05:00,56.56564653090669,56.80028818985176,55.97066049758006,56.47346496582031,13456500,0.0,0.0
2022-02-18 00:00:00-05:00,56.465069861903665,56.91759569543947,56.29747054289227,56.60753631591797,12278900,0.0,0.0
2022-02-22 00:00:00-05:00,56.70810580328329,57.21091026423984,56.18854396414728,56.52374267578125,15771200,0.0,0.0
2022-02-23 00:00:00-05:00,56.90084035485792,57.22766351406536,56.53211416764771,56.92597961425781,15957700,0.0,0.0
2022-02-24 00:00:00-05:00,55.71924812718581,56.289094825155054,55.46784912112887,56.23043441772461,18055400,0.0,0.0
2022-02-25 00:00:00-05:00,56.724868698970845,58.090821968951204,56.674583778197814,57.655059814453125,15719800,0.0,0.0
2022-02-28 00:00:00-05:00,56.72486255309908,57.571247506759654,56.389657489453946,57.54610824584961,22480200,0.0,0.0
2022-03-01 00:00:00-05:00,57.0852158407864,57.83104386791163,57.00140976658784,57.512596130371094,12418300,0.0,0.0
2022-03-02 00:00:00-05:00,57.62153884338685,58.03216173552163,57.412036454449954,57.696956634521484,13004700,0.0,0.0
2022-03-03 00:00:00-05:00,57.6969526240141,58.36736277941428,57.49583213479608,57.91483688354492,15730900,0.0,0.0
2022-03-04 00:00:00-05:00,57.20253087614787,58.27518202473754,57.1857671056045,58.12434005737305,13076200,0.0,0.0
2022-03-07 00:00:00-05:00,57.99863573499084,58.015399505066746,57.12710510268861,57.62990951538086,15714900,0.0,0.0
2022-03-08 00:00:00-05:00,56.92598180542186,57.32822915181649,56.42317741755708,56.76675796508789,19223500,0.0,0.0
2022-03-09 00:00:00-05:00,57.303088346814285,57.50421523378288,56.951125884877065,57.09358596801758,12430800,0.0,0.0
2022-03-10 00:00:00-05:00,56.79189765046464,57.59639234927443,56.741619129353296,57.336605072021484,12817400,0.0,0.0
2022-03-11 00:00:00-05:00,57.060069384329196,58.2332840781353,56.934373061801104,57.713722229003906,14023800,0.0,0.0
2022-03-14 00:00:00-04:00,57.763996104419476,58.61038750445391,57.6131541360322,58.02377700805664,17475600,0.0,0.0
2022-03-15 00:00:00-04:00,58.3841333802711,58.81990199803465,58.0573101137017,58.451175689697266,15977200,0.0,0.0
2022-03-16 00:00:00-04:00,58.60200744353634,58.786370565472104,57.83941569253027,58.37574768066406,15734300,0.0,0.0
2022-03-17 00:00:00-04:00,58.40089996143778,59.255667070433184,58.05731290424396,59.09644317626953,17191500,0.0,0.0
2022-03-18 00:00:00-04:00,58.98749056061284,59.51543426513672,58.593625056846705,59.51543426513672,33020100,0.0,0.0
2022-03-21 00:00:00-04:00,59.900932785290365,60.38697352476849,59.16348019910543,59.54058837890625,18289000,0.0,0.0
2022-03-22 00:00:00-04:00,59.67466258655213,59.83388645577433,58.886931520091764,59.34783935546875,14242400,0.0,0.0
2022-03-23 00:00:00-04:00,59.4902887964516,59.92605728884478,59.19698676897813,59.81711196899414,13438700,0.0,0.0
2022-03-24 00:00:00-04:00,60.01823910136634,60.839484781876514,59.9092937810402,60.680267333984375,12981700,0.0,0.0
2022-03-25 00:00:00-04:00,60.75569346699766,61.56018188223655,60.713790431342325,61.409339904785156,12153100,0.0,0.0
2022-03-28 00:00:00-04:00,61.342309285826005,61.79483530434933,60.93168631093712,61.26689147949219,10629100,0.0,0.0
2022-03-29 00:00:00-04:00,61.14117692244292,61.45961825458124,60.88977788975652,61.3674430847168,14833300,0.0,0.0
2022-03-30 00:00:00-04:00,61.61045517820341,62.071362957249065,61.35905616613718,61.77806091308594,12146600,0.0,0.0
2022-03-31 00:00:00-04:00,62.01442771828438,62.14105797829232,61.609218615078056,61.651424407958984,17143100,0.54,0.0
2022-04-01 00:00:00-04:00,61.78650469880274,62.41120588696712,61.62610592373603,62.31834411621094,12528600,0.0,0.0
2022-04-04 00:00:00-04:00,62.47029049288948,63.221621849779105,62.081962432977726,62.29301071166992,13542100,0.0,0.0
2022-04-05 00:00:00-04:00,62.2676974136143,63.30605152918205,62.098854895163456,62.83330535888672,12224900,0.0,0.0
2022-04-06 00:00:00-04:00,62.62227092109513,63.71972499187582,62.44499106794162,63.601531982421875,15420100,0.0,0.0
2022-04-07 00:00:00-04:00,63.63528648987381,65.23925499393235,63.56775592307027,65.22237396240234,20655600,0.0,0.0
2022-04-08 00:00:00-04:00,64.85093482443351,65.89773280627693,64.80028528294112,65.65291595458984,22333100,0.0,0.0
2022-04-11 00:00:00-04:00,65.59380929662049,65.95681263153666,64.55545526371624,64.58078002929688,15560700,0.0,0.0
2022-04-12 00:00:00-04:00,64.34441575780168,65.01976654809923,63.795688812714765,64.62300109863281,12596400,0.0,0.0
2022-04-13 00:00:00-04:00,64.77493330438253,65.12104909367326,64.53855384844255,64.89311981201172,9961000,0.0,0.0
2022-04-14 00:00:00-04:00,65.036654013219,65.94838434272619,64.82560568364886,65.43342590332031,16730400,0.0,0.0
2022-04-18 00:00:00-04:00,65.12950288936501,65.19703988721048,64.46258952717695,64.79182434082031,13841900,0.0,0.0
2022-04-19 00:00:00-04:00,64.90158525646545,64.91002899372481,64.14181636091723,64.49637603759766,12875700,0.0,0.0
2022-04-20 00:00:00-04:00,64.33595618303706,65.58536482056881,64.19244490000528,65.23924255371094,9721100,0.0,0.0
2022-04-21 00:00:00-04:00,65.2392586152254,65.99059015334419,64.67365063766341,65.47563171386719,11110200,0.0,0.0
2022-04-22 00:00:00-04:00,64.92691061188538,65.24770175127763,63.888550005912734,63.9476432800293,15110700,0.0,0.0
2022-04-25 00:00:00-04:00,63.93917774128529,64.3612742526708,63.06965995834022,64.20088195800781,14944800,0.0,0.0
2022-04-26 00:00:00-04:00,64.14182148119623,64.95224642431039,63.78725533552728,63.81258010864258,11525600,0.0,0.0
2022-04-27 00:00:00-04:00,63.98984990585431,64.41194652412331,63.39046704011105,63.998287200927734,12603600,0.0,0.0
2022-04-28 00:00:00-04:00,64.80870384927171,65.63601595176009,64.34440149151439,65.17170715332031,21438800,0.0,0.0
2022-04-29 00:00:00-04:00,62.28457336693628,64.167127039903,61.92157003271772,63.54241943359375,26446500,0.0,0.0
2022-05-02 00:00:00-04:00,63.62685878969994,64.13337354087088,62.74889688201754,63.382041931152344,20533700,0.0,0.0
2022-05-03 00:00:00-04:00,63.972962165211634,64.15024197125682,62.64757904705008,63.35670471191406,14951500,0.0,0.0
2022-05-04 00:00:00-04:00,63.32293236680065,64.69896493441476,63.145652571514134,64.42037963867188,17112500,0.0,0.0
2022-05-05 00:00:00-04:00,64.48792990166541,65.0282131338492,63.76192310079016,64.36974334716797,14788100,0.0,0.0
2022-05-06 00:00:00-04:00,64.25997898565385,64.87623632168479,63.95606896435458,64.72428131103516,15177800,0.0,0.0
2022-05-09 00:00:00-04:00,63.89699235327152,65.21393182820087,63.19631037491964,64.3866195678711,19130700,0.0,0.0
2022-05-10 00:00:00-04:00,64.85093248959568,65.0028875492863,63.846340348269614,64.40351104736328,15343400,0.0,0.0
2022-05-11 00:00:00-04:00,64.37817059845676,65.28145699976888,64.21777184099116,64.28530883789062,13678100,0.0,0.0
2022-05-12 00:00:00-04:00,64.22621800017738,64.44570358736198,63.19630130097224,64.41194152832031,16224500,0.0,0.0
2022-05-13 00:00:00-04:00,64.53013993363375,64.65676378005169,63.75347717839467,63.9898567199707,13773100,0.0,0.0
2022-05-16 00:00:00-04:00,64.40350823086037,65.21393303354075,64.22622840908814,64.92691040039062,13441100,0.0,0.0
2022-05-17 00:00:00-04:00,64.95223240942708,66.21007858132981,64.83404586660045,66.03279876708984,14509400,0.0,0.0
2022-05-18 00:00:00-04:00,66.07500167568391,66.24384418710953,64.8678050918945,65.01976013183594,15026200,0.0,0.0
2022-05-19 00:00:00-04:00,64.2346588763718,64.82559799347624,63.89698674166426,64.12491607666016,14858600,0.0,0.0
2022-05-20 00:00:00-04:00,64.58078966784346,65.12951661982468,63.60152231468512,64.319091796875,17329700,0.0,0.0
2022-05-23 00:00:00-04:00,64.58923380582814,65.40810237054703,64.54702156284272,64.74962615966797,13539200,0.0,0.0
2022-05-24 00:00:00-04:00,64.74962934227325,65.61071019230182,64.50481893111355,65.11263275146484,13242500,0.0,0.0
2022-05-25 00:00:00-04:00,65.11262833202244,65.7373360249546,64.71586288253381,65.20549011230469,12508400,0.0,0.0
2022-05-26 00:00:00-04:00,65.93993010731653,66.36202669925137,65.27301671917752,65.50094604492188,12028800,0.0,0.0
2022-05-27 00:00:00-04:00,65.26457524106155,65.38276177563606,63.71126282054924,64.27687072753906,16315700,0.0,0.0
2022-05-31 00:00:00-04:00,63.38201533590744,64.14179036420269,62.191700051464586,63.69436264038086,28617100,0.0,0.0
2022-06-01 00:00:00-04:00,63.60153001577943,63.74504779400542,62.75733658457014,63.280738830566406,12280200,0.0,0.0
2022-06-02 00:00:00-04:00,63.73658808942459,63.821006123260716,62.149507154982864,63.37358474731445,12805100,0.0,0.0
2022-06-03 00:00:00-04:00,62.7657695750658,63.584638093635796,62.72356377514296,63.4580078125,12188400,0.0,0.0
2022-06-06 00:00:00-04:00,63.69439458901812,63.84634967089671,63.05281219058407,63.52555847167969,11551100,0.0,0.0
2022-06-07 00:00:00-04:00,63.54240378744671,64.76648749244214,63.46642950955806,64.65673828125,13994500,0.0,0.0
2022-06-08 00:00:00-04:00,64.59766102507285,64.85092156211046,64.09114639168065,64.31063842773438,7617300,0.0,0.0
2022-06-09 00:00:00-04:00,64.23464760964289,64.98598536742729,64.00671831462569,64.14179229736328,11760600,0.0,0.0
2022-06-10 00:00:00-04:00,63.65217671727879,63.922318318236655,63.21319259029488,63.390472412109375,10964700,0.0,0.0
2022-06-13 00:00:00-04:00,62.352114812457636,62.74888667588989,61.87936864701501,62.11574172973633,13636300,0.0,0.0
2022-06-14 00:00:00-04:00,62.08198068811176,62.29302902886247,61.11115703252164,61.51637268066406,14104200,0.0,0.0
2022-06-15 00:00:00-04:00,61.761190740267466,62.132631447609285,61.17025151016362,61.64299774169922,14264600,0.0,0.0
2022-06-16 00:00:00-04:00,61.178686647777454,61.465709264954675,60.537097966103715,61.30531692504883,14035300,0.0,0.0
2022-06-17 00:00:00-04:00,61.381280409050696,62.78264406669027,61.34751191168419,62.276123046875,34761500,0.0,0.0
2022-06-21 00:00:00-04:00,63.314492976008566,65.02820422204987,62.909277387061465,64.55545806884766,15534300,0.0,0.0
2022-06-22 00:00:00-04:00,64.5554640873979,65.35744516358993,64.32752828465101,64.62300109863281,11129800,0.0,0.0
2022-06-23 00:00:00-04:00,64.631422951532,65.64445855595002,64.631422951532,65.58536529541016,12241200,0.0,0.0
2022-06-24 00:00:00-04:00,66.3704709978842,66.69126209183197,65.94837440236628,66.6574935913086,12372300,0.0,0.0
2022-06-27 00:00:00-04:00,66.88541753554613,68.03351414696401,66.77566831807606,67.51856231689453,10586900,0.0,0.0
2022-06-28 00:00:00-04:00,67.40039103118151,67.87314366621624,66.26073134655202,66.4380111694336,8869700,0.0,0.0
2022-06-29 00:00:00-04:00,66.43800995667384,66.83478183712587,65.83863348815318,66.08345031738281,8723600,0.0,0.0
2022-06-30 00:00:00-04:00,65.47988452042404,66.00692215370839,64.85084420583414,65.45438385009766,14219700,0.54,0.0
2022-07-01 00:00:00-04:00,65.4374191496718,65.4374191496718,64.40884402553066,65.31840515136719,10882700,0.0,0.0
2022-07-05 00:00:00-04:00,64.91887724713104,65.14838986069645,63.43977290042985,64.57035064697266,12588500,0.0,0.0
2022-07-06 00:00:00-04:00,64.81685962534888,65.53940692736683,64.5788446539003,64.7913589477539,8618900,0.0,0.0
2022-07-07 00:00:00-04:00,64.5023353162192,64.79986051217156,63.762789733674076,63.873294830322266,14455400,0.0,0.0
2022-07-08 00:00:00-04:00,63.567275637811086,64.6383495132518,63.473768828066646,64.07730865478516,6589800,0.0,0.0
2022-07-11 00:00:00-04:00,64.17933005513035,64.5958563415565,63.96681571719946,64.23033142089844,6990200,0.0,0.0
2022-07-12 00:00:00-04:00,64.11981313786701,64.5703424041314,63.63528080626284,63.76279067993164,9285700,0.0,0.0
2022-07-13 00:00:00-04:00,63.44828894488302,63.94132383323033,63.252779358919504,63.35478210449219,8562100,0.0,0.0
2022-07-14 00:00:00-04:00,62.59821528323865,63.014741519235386,62.25819108663184,62.91273880004883,9675600,0.0,0.0
2022-07-15 00:00:00-04:00,63.601282295733355,64.32382965103972,63.15075299720428,64.30683135986328,10933900,0.0,0.0
2022-07-18 00:00:00-04:00,64.43433833657947,64.43433833657947,62.47070179502871,62.6832160949707,8996000,0.0,0.0
2022-07-19 00:00:00-04:00,63.00625395289534,63.150762147811584,61.98618122810443,62.173194885253906,11398900,0.0,0.0
2022-07-20 00:00:00-04:00,62.292190542066656,62.64921300935758,61.52713776542772,61.90116500854492,12149900,0.0,0.0
2022-07-21 00:00:00-04:00,61.80767149340246,62.33470940522019,61.60365953755369,62.088191986083984,7238800,0.0,0.0
2022-07-22 00:00:00-04:00,62.266681248275674,62.572702316588924,61.612140148807306,62.011661529541016,6514300,0.0,0.0
2022-07-25 00:00:00-04:00,61.875656706680005,62.275184578890034,61.61214108263549,61.918155670166016,6259000,0.0,0.0
2022-07-26 00:00:00-04:00,62.4537044539847,63.099749751547044,62.0201734595948,62.5897102355957,8957300,0.0,0.0
2022-07-27 00:00:00-04:00,61.53565145226482,63.73730337566065,61.42514633079049,63.59278869628906,9760100,0.0,0.0
2022-07-28 00:00:00-04:00,63.69479888526792,63.89031493362179,62.24120156328907,63.49928283691406,9262700,0.0,0.0
2022-07-29 00:00:00-04:00,63.28676093347788,63.45677627812989,62.198688669394095,62.71722412109375,13459500,0.0,0.0
2022-08-01 00:00:00-04:00,62.700230040718324,63.12525870276279,62.309204449888135,62.58122253417969,6782900,0.0,0.0
2022-08-02 00:00:00-04:00,63.0572510516121,63.52478516284376,62.25819511075162,62.292198181152344,7039700,0.0,0.0
2022-08-03 00:00:00-04:00,62.30920700581784,62.487718272948335,61.7141629632932,62.045684814453125,8672100,0.0,0.0
2022-08-04 00:00:00-04:00,61.87566624031508,62.011672024015056,61.178619574620086,61.306129455566406,8601800,0.0,0.0
2022-08-05 00:00:00-04:00,61.18712196279569,61.510141373827345,60.95760288000793,61.306129455566406,8972700,0.0,0.0
2022-08-08 00:00:00-04:00,61.26361318812447,62.75971545731928,61.119105041752114,62.734214782714844,9842100,0.0,0.0
2022-08-09 00:00:00-04:00,62.989248920494624,64.19632881215725,62.95524584792939,63.720298767089844,8978600,0.0,0.0
2022-08-10 00:00:00-04:00,63.92430843155948,64.02631764560803,62.86173677222224,63.635292053222656,8319100,0.0,0.0
2022-08-11 00:00:00-04:00,63.23575763560686,64.196319983131,63.142250820268345,63.29526138305664,6143000,0.0,0.0
2022-08-12 00:00:00-04:00,63.39726811716875,64.366332815272,63.38876572917225,64.23882293701172,6163900,0.0,0.0
2022-08-15 00:00:00-04:00,64.13683341919385,64.17933888679833,62.72574139357336,63.35478210449219,11125600,0.0,0.0
2022-08-16 00:00:00-04:00,63.21025983283458,63.83930040384963,62.77672880430013,63.01474380493164,9026800,0.0,0.0
2022-08-17 00:00:00-04:00,62.82772849582276,63.73728940755484,62.74271759055574,63.3802604675293,5347200,0.0,0.0
2022-08-18 00:00:00-04:00,63.558777251011584,63.72879259098651,62.581216609199636,63.03174591064453,5303300,0.0,0.0
2022-08-19 00:00:00-04:00,63.0402550318974,64.35784000895936,63.0402550318974,64.03482055664062,7938300,0.0,0.0
2022-08-22 00:00:00-04:00,64.03481640630106,64.4853457266634,63.20175741899952,63.37177276611328,5813600,0.0,0.0
2022-08-23 00:00:00-04:00,63.16774666605608,63.32075721713558,61.71414967351164,61.85865783691406,9200200,0.0,0.0
2022-08-24 00:00:00-04:00,62.06268678870768,62.16468951650224,61.51014823327069,61.56114959716797,6142700,0.0,0.0
2022-08-25 00:00:00-04:00,61.76515261072118,61.76515261072118,60.379555373328856,60.779083251953125,11036900,0.0,0.0
2022-08-26 00:00:00-04:00,61.13611739989096,61.238126607206496,60.4645713772639,60.51557922363281,7373200,0.0,0.0
2022-08-29 00:00:00-04:00,59.419003204261614,59.42750559269872,56.4438028226433,56.7413215637207,18479000,0.0,0.0
2022-08-30 00:00:00-04:00,56.741320981471695,57.16634960305575,56.06127259276837,57.123844146728516,10260400,0.0,0.0
2022-08-31 00:00:00-04:00,57.234342969793865,57.48935619459655,56.80931444303541,57.30234909057617,13940100,0.0,0.0
2022-09-01 00:00:00-04:00,57.28534756830728,58.73894443405455,57.13233703057488,58.73044204711914,9633300,0.0,0.0
2022-09-02 00:00:00-04:00,58.96846728246017,59.31698734421373,58.09290296349182,58.32242202758789,8657700,0.0,0.0
2022-09-06 00:00:00-04:00,58.602943597499646,58.7134486952672,57.90589697487162,58.35642623901367,8428900,0.0,0.0
2022-09-07 00:00:00-04:00,58.3734350107327,59.06198585477179,57.922905665691225,58.44994354248047,7183000,0.0,0.0
2022-09-08 00:00:00-04:00,58.61144958053286,59.1469898424443,57.95690829815769,58.97697448730469,9147900,0.0,0.0
2022-09-09 00:00:00-04:00,58.89197524944456,59.97155177222604,58.840973881113335,59.64002990722656,6557400,0.0,0.0
2022-09-12 00:00:00-04:00,64.27283333535193,64.59585277642678,61.4166402723639,61.51014709472656,23830100,0.0,0.0
2022-09-13 00:00:00-04:00,60.830092236395146,61.289123910793535,60.15854625822464,60.388065338134766,9884700,0.0,0.0
2022-09-14 00:00:00-04:00,59.96303768213045,60.54957924518418,59.529506679637606,59.903533935546875,15528900,0.0,0.0
2022-09-15 00:00:00-04:00,60.04804416233661,61.323130048828055,59.980038025222406,61.01710891723633,9499400,0.0,0.0
2022-09-16 00:00:00-04:00,60.99160518542832,61.416633792992286,60.26905784965396,60.79608917236328,16364800,0.0,0.0
2022-09-19 00:00:00-04:00,60.396565597704324,60.81309180250031,59.10447504446956,59.6655158996582,9922000,0.0,0.0
2022-09-20 00:00:00-04:00,59.33400555555138,59.5550157967913,58.85796903001433,59.27450180053711,7454700,0.0,0.0
2022-09-21 00:00:00-04:00,59.28298644089927,59.818526619699256,59.027973175899824,59.04497146606445,11857000,0.0,0.0
2022-09-22 00:00:00-04:00,58.823973909564444,61.10212817230519,58.823973909564444,60.6005973815918,10009800,0.0,0.0
2022-09-23 00:00:00-04:00,60.37956965432204,60.66859251196319,59.614516778710275,60.10755157470703,8190100,0.0,0.0
2022-09-26 00:00:00-04:00,59.62301311477978,60.2265529649846,59.240489958519035,59.63151550292969,10244000,0.0,0.0
2022-09-27 00:00:00-04:00,60.13304365813559,60.779088936879226,59.66551609602798,59.81002426147461,12013200,0.0,0.0
2022-09-28 00:00:00-04:00,60.413572042174366,61.27213173095896,60.37106658301198,61.255126953125,12412700,0.0,0.0
2022-09-29 00:00:00-04:00,61.32312064937972,61.722648536909325,60.4900682963965,60.95759582519531,9587800,0.0,0.0
2022-09-30 00:00:00-04:00,61.01710258795324,61.2976230103844,60.337060743618295,60.43056106567383,11347100,0.0,0.0
2022-10-03 00:00:00-04:00,60.660073928905895,60.7875837883711,58.98546043863426,59.954524993896484,12068200,0.0,0.0
2022-10-04 00:00:00-04:00,60.03953517351005,61.12761379145488,59.58900591414537,60.532569885253906,10510700,0.0,0.0
2022-10-05 00:00:00-04:00,60.30305542429212,61.03410508155412,60.073536365275224,60.73657989501953,6787400,0.0,0.0
2022-10-06 00:00:00-04:00,60.63381042154534,60.66807243450487,59.87149860392538,60.162715911865234,7545500,0.54,0.0
2022-10-07 00:00:00-04:00,60.24836296325168,60.35114899408869,59.32331482495973,59.7001838684082,7934600,0.0,0.0
2022-10-10 00:00:00-04:00,59.254785001178014,59.45178990728568,58.52673532478033,58.655216217041016,8879400,0.0,0.0
2022-10-11 00:00:00-04:00,58.723738285992724,60.26549604400718,58.54386763669273,59.6573600769043,8941400,0.0,0.0
2022-10-12 00:00:00-04:00,59.691619525010765,60.37684008320502,59.31474397037751,59.34043884277344,6683900,0.0,0.0
2022-10-13 00:00:00-04:00,58.723740523240956,60.839372319357864,58.6809179107153,60.61667251586914,9592400,0.0,0.0
2022-10-14 00:00:00-04:00,60.745148771873176,61.44750360465713,60.368279750376104,60.48819351196289,9992400,0.0,0.0
2022-10-17 00:00:00-04:00,60.59954815769568,61.33616509624899,60.51389639305685,61.13916015625,6618100,0.0,0.0
2022-10-18 00:00:00-04:00,61.74729419964951,62.07278004357088,61.25051136675627,61.447509765625,7938100,0.0,0.0
2022-10-19 00:00:00-04:00,61.26764403733153,61.43895410971517,60.56528907758628,60.933597564697266,6481800,0.0,0.0
2022-10-20 00:00:00-04:00,60.856506694592944,60.98498106719642,59.982841752026886,60.25693130493164,9193100,0.0,0.0
2022-10-21 00:00:00-04:00,60.25692358898576,62.11559333582985,59.90574945748704,61.85007095336914,8217400,0.0,0.0
2022-10-24 00:00:00-04:00,62.23552685405059,63.00639929404668,62.14130794964023,62.5181770324707,7382500,0.0,0.0
2022-10-25 00:00:00-04:00,62.21839958985793,62.706621906441875,61.88435308560638,62.32974624633789,7874700,0.0,0.0
2022-10-26 00:00:00-04:00,62.603813778822975,64.41966086881402,62.08133616355969,63.76869583129883,10417400,0.0,0.0
2022-10-27 00:00:00-04:00,63.6230891313189,64.47961969374336,63.271914998825864,63.897178649902344,9298600,0.0,0.0
2022-10-28 00:00:00-04:00,64.45393846257426,65.94430012684552,64.30832980450182,65.80725860595703,10301400,0.0,0.0
2022-10-31 00:00:00-04:00,65.60167190486065,67.37469642264452,65.40467353720211,66.35542297363281,12380800,0.0,0.0
2022-11-01 00:00:00-04:00,65.95286035536681,66.62952035617703,65.63594166086776,66.55242919921875,8870700,0.0,0.0
2022-11-02 00:00:00-04:00,66.51815686650207,67.58881991262932,66.14984851724195,66.3382797241211,8570700,0.0,0.0
2022-11-03 00:00:00-04:00,66.1670071037554,67.40041359915931,66.08992246519848,67.22054290771484,9062500,0.0,0.0
2022-11-04 00:00:00-04:00,67.50317289916677,67.90574331722007,66.73230060523717,67.47747802734375,8188000,0.0,0.0
2022-11-07 00:00:00-05:00,67.41752150186258,68.24835721415123,67.16912684825394,67.82865905761719,7683400,0.0,0.0
2022-11-08 00:00:00-05:00,67.82865775524886,68.89932096499929,67.54600109952042,68.50531768798828,8514600,0.0,0.0
2022-11-09 00:00:00-05:00,68.17126436509211,69.52458422284012,68.17126436509211,68.3340072631836,9586300,0.0,0.0
2022-11-10 00:00:00-05:00,69.16485103313519,69.17341816951159,67.3490036751515,67.99140167236328,9884500,0.0,0.0
2022-11-11 00:00:00-05:00,66.89504797324223,67.20339955544928,63.85436783593759,65.06207275390625,18317600,0.0,0.0
2022-11-14 00:00:00-05:00,65.60167000780258,66.67233316788403,65.23336815415152,65.43036651611328,14169500,0.0,0.0
2022-11-15 00:00:00-05:00,65.44751956471241,65.75586463126328,64.4710684705251,65.33616638183594,11212300,0.0,0.0
2022-11-16 00:00:00-05:00,65.57599723478853,66.59527099779153,65.11346980959756,65.22482299804688,10132600,0.0,0.0
2022-11-17 00:00:00-05:00,64.78798208188003,66.44108660592454,64.78798208188003,66.08991241455078,7457700,0.0,0.0
2022-11-18 00:00:00-05:00,66.4068037274273,66.9292878167221,65.93571590801649,66.3382797241211,9229700,0.0,0.0
2022-11-21 00:00:00-05:00,66.50960738245695,67.72587935727313,66.48391250810046,67.63166046142578,8972400,0.0,0.0
2022-11-22 00:00:00-05:00,67.67450143686146,68.14558946362564,67.47749647434485,67.5460205078125,7075000,0.0,0.0
2022-11-23 00:00:00-05:00,67.3233230845997,67.85437456083127,67.26336618686483,67.78585052490234,5700200,0.0,0.0
2022-11-25 00:00:00-05:00,67.93143972967117,68.33401015685442,67.78583109616527,67.8714828491211,4735000,0.0,0.0
2022-11-28 00:00:00-05:00,67.9057643203721,68.26550570678135,67.51176091599838,67.78585052490234,6270000,0.0,0.0
2022-11-29 00:00:00-05:00,67.50318207431893,67.76014389709532,67.06635612433392,67.69161987304688,6439700,0.0,0.0
2022-11-30 00:00:00-05:00,68.30833068027819,68.77942522992878,67.35758097811888,68.76229095458984,19261800,0.0,0.0
2022-12-01 00:00:00-05:00,68.9335998868732,69.75586864955338,68.5652913909508,69.27620697021484,10308500,0.0,0.0
2022-12-02 00:00:00-05:00,68.83937492814424,69.51603496745071,68.83937492814424,69.4903335571289,6366700,0.0,0.0
2022-12-05 00:00:00-05:00,69.31902947148062,69.73872768266956,68.86506924828291,69.12202453613281,6791300,0.0,0.0
2022-12-06 00:00:00-05:00,69.12202663323427,69.5845540071695,68.06849750494635,68.45393371582031,7728800,0.0,0.0
2022-12-07 00:00:00-05:00,67.46036213990536,68.71946335886174,67.36614323679903,68.4625015258789,7799000,0.0,0.0
2022-12-08 00:00:00-05:00,68.50532840300615,68.59098016622117,68.06849591535567,68.41967010498047,6810100,0.0,0.0
2022-12-09 00:00:00-05:00,68.63381858423685,69.09634605387363,67.43468055348833,67.52033233642578,8857100,0.0,0.0
2022-12-12 00:00:00-05:00,67.61453782956796,67.78584136142125,67.05779154882852,67.57170867919922,7055200,0.0,0.0
2022-12-13 00:00:00-05:00,67.97427591227111,67.97427591227111,66.18412337651809,66.25264739990234,15614400,0.0,0.0
2022-12-14 00:00:00-05:00,66.64665848308853,66.72374965206409,65.7558656799265,66.07278442382812,9197900,0.0,0.0
2022-12-15 00:00:00-05:00,65.88433679834473,66.13273147392009,63.991404823936364,64.23979949951172,10646000,0.0,0.0
2022-12-16 00:00:00-05:00,63.79440404776619,64.18840735246286,62.843654527916144,62.946434020996094,27045600,0.0,0.0
2022-12-19 00:00:00-05:00,63.09204166056043,63.580263798823175,62.226943999846,62.66377639770508,8157500,0.0,0.0
2022-12-20 00:00:00-05:00,62.80082940295308,63.092053233213264,62.04708475460347,62.22695541381836,9231600,0.0,0.0
2022-12-21 00:00:00-05:00,62.31260927003145,62.99783645324818,61.93573366578118,62.80939865112305,8469700,0.0,0.0
2022-12-22 00:00:00-05:00,62.60382962124183,63.26336196076916,62.389696932919385,63.237667083740234,7600600,0.0,0.0
2022-12-23 00:00:00-05:00,63.16913102095723,63.2890447807885,62.10703491896178,62.43251419067383,7029800,0.0,0.0
2022-12-27 00:00:00-05:00,62.68090632895177,62.77512521286569,61.77298603102806,62.192684173583984,5971700,0.0,0.0
2022-12-28 00:00:00-05:00,62.41540677298178,62.492491414477634,61.601698526591306,61.66165542602539,5192000,0.0,0.0
2022-12-29 00:00:00-05:00,61.92717325343159,62.21839055956382,61.55029764802683,61.755863189697266,4288300,0.0,0.0
2022-12-30 00:00:00-05:00,61.78155998052534,61.910040898605764,60.702335952196016,61.627384185791016,7029200,0.0,0.0
2023-01-03 00:00:00-05:00,61.46463707849868,62.50103831008224,61.39611306282131,61.89290237426758,7792300,0.0,0.0
2023-01-04 00:00:00-05:00,61.88433332205698,62.749431022464954,61.4389403035674,62.20125198364258,9948700,0.0,0.0
2023-01-05 00:00:00-05:00,61.93363571263991,62.4861516066335,61.75234205240849,62.08903121948242,8112000,0.57,0.0
2023-01-06 00:00:00-05:00,62.46025723974341,63.36673218236234,62.2444304997398,63.02140808105469,7311100,0.0,0.0
2023-01-09 00:00:00-05:00,63.124998993731296,63.15953205797588,61.07895939617228,61.30342102050781,13005100,0.0,0.0
2023-01-10 00:00:00-05:00,61.53650825279528,61.89909553158419,61.113489760874884,61.855934143066406,6673400,0.0,0.0
2023-01-11 00:00:00-05:00,61.73507812437844,62.14083342030731,61.3120530020434,62.106300354003906,7268700,0.0,0.0
2023-01-12 00:00:00-05:00,61.88184461208749,62.10630627119079,61.3465919131518,61.81277847290039,6779600,0.0,0.0
2023-01-13 00:00:00-05:00,61.838655499922815,62.606997922956836,61.66599679745729,62.59836959838867,9117300,0.0,0.0
2023-01-17 00:00:00-05:00,63.11637608749296,63.444430380458556,62.16673969290011,62.42572784423828,8964900,0.0,0.0
2023-01-18 00:00:00-05:00,62.45161610714958,62.736508956347706,62.22716106218325,62.27895736694336,8371100,0.0,0.0
2023-01-19 00:00:00-05:00,62.46025703468684,63.77248729804602,62.29623319164897,63.668888092041016,9387500,0.0,0.0
2023-01-20 00:00:00-05:00,63.798379214426646,64.01420593261719,63.32355779980395,64.01420593261719,10518200,0.0,0.0
2023-01-23 00:00:00-05:00,63.96240844200739,64.05737273295011,62.89190967361858,63.24586868286133,7426500,0.0,0.0
2023-01-24 00:00:00-05:00,63.021407761522454,64.74802167279704,62.261700011705,62.451622009277344,7300200,0.0,0.0
2023-01-25 00:00:00-05:00,62.6415493548106,63.22859833649721,62.16673449050375,63.16816711425781,6638200,0.0,0.0
2023-01-26 00:00:00-05:00,63.116370810224346,63.19406527317669,62.14083634071478,63.01277160644531,6528300,0.0,0.0
2023-01-27 00:00:00-05:00,63.01276009096296,63.40988041977894,62.45160936610045,62.546573638916016,5426600,0.0,0.0
2023-01-30 00:00:00-05:00,62.667436355689986,62.94370084991156,62.05448932877901,62.18398666381836,8900400,0.0,0.0
2023-01-31 00:00:00-05:00,62.2530480478085,62.72786937796676,61.855927747361385,62.719234466552734,9375200,0.0,0.0
2023-02-01 00:00:00-05:00,62.969608839886895,62.969608839886895,61.1307608852889,61.49335479736328,10727700,0.0,0.0
2023-02-02 00:00:00-05:00,60.707731266971976,62.91779447097755,60.25881464859881,62.82283020019531,13015300,0.0,0.0
2023-02-03 00:00:00-05:00,63.202694692750775,64.29046318509157,62.684711891900896,64.273193359375,10211900,0.0,0.0
2023-02-06 00:00:00-05:00,64.27319613523458,64.90341307093428,64.0832741497105,64.3422622680664,7112700,0.0,0.0
2023-02-07 00:00:00-05:00,64.35952290005537,64.48038532199004,63.86743830031907,64.3336181640625,8726300,0.0,0.0
2023-02-08 00:00:00-05:00,64.15234068457995,64.24730498094156,62.969614316910196,63.58256149291992,10149800,0.0,0.0
2023-02-09 00:00:00-05:00,63.44441762969837,63.74657370545522,61.666007652522225,61.717803955078125,12828800,0.0,0.0
2023-02-10 00:00:00-05:00,61.907738593506174,62.468889410173865,61.50198328627708,62.33075714111328,8621500,0.0,0.0
2023-02-13 00:00:00-05:00,62.34802815722192,63.40126367611634,62.14083633618819,63.16816711425781,8628000,0.0,0.0
2023-02-14 00:00:00-05:00,63.289031343067315,63.42716361865704,62.33076008731921,62.37392807006836,5606100,0.0,0.0
2023-02-15 00:00:00-05:00,62.41708872581288,62.563849311517,61.588308342582074,61.70054244995117,5890500,0.0,0.0
2023-02-16 00:00:00-05:00,61.12212944063522,61.484716747705505,60.586876806501394,61.16529083251953,5593700,0.0,0.0
2023-02-17 00:00:00-05:00,60.966732916509095,61.933632385805275,60.88039696117167,61.38975143432617,11131800,0.0,0.0
2023-02-21 00:00:00-05:00,61.52786444624337,61.87318843700803,61.13937907320018,61.484703063964844,6189600,0.0,0.0
2023-02-22 00:00:00-05:00,61.55378012118053,61.90773249941488,60.93219814461357,61.562408447265625,5718900,0.0,0.0
2023-02-23 00:00:00-05:00,61.62284019053401,62.14082956645148,61.1998216809427,61.64011001586914,5459800,0.0,0.0
2023-02-24 00:00:00-05:00,61.38974769641856,61.484711972300616,60.27608112276304,60.58687210083008,6403400,0.0,0.0
2023-02-27 00:00:00-05:00,60.68184628200181,60.7854454871044,60.19839649787504,60.4228515625,4990700,0.0,0.0
2023-02-28 00:00:00-05:00,60.258826882492635,60.37968932684273,59.41278318553271,59.53364562988281,8697900,0.0,0.0
2023-03-01 00:00:00-05:00,59.309177789575955,60.25018567835014,59.231483334823835,59.878963470458984,5883400,0.0,0.0
2023-03-02 00:00:00-05:00,59.76673750243359,60.1897560244706,59.55953911136719,59.73220443725586,6068900,0.0,0.0
2023-03-03 00:00:00-05:00,59.878971450451765,59.93076776052267,59.40414998643707,59.82717514038086,6540100,0.0,0.0
2023-03-06 00:00:00-05:00,59.88760498732799,60.13796479109664,59.33508907091072,59.481849670410156,7000100,0.0,0.0
2023-03-07 00:00:00-05:00,59.72357458767553,59.74947274212729,58.221422350890116,58.704872131347656,8135800,0.0,0.0
2023-03-08 00:00:00-05:00,58.62716386577724,58.74802628243777,57.78975527426665,58.09191131591797,5962900,0.0,0.0
2023-03-09 00:00:00-05:00,58.35954614525066,58.46314534620911,57.263149261103976,57.41854476928711,7553600,0.0,0.0
2023-03-10 00:00:00-05:00,57.25451154874902,58.195519465218915,56.48616895876884,56.7278938293457,10282400,0.0,0.0
2023-03-13 00:00:00-04:00,56.46890452813364,57.919253720998924,56.356670421655785,56.97825241088867,9598000,0.0,0.0
2023-03-14 00:00:00-04:00,57.23725733356249,57.46171241362431,56.771070758302926,57.38401794433594,9408400,0.0,0.0
2023-03-15 00:00:00-04:00,57.08184557307339,58.463135077355126,57.03004268843864,58.255943298339844,10701900,0.0,0.0
2023-03-16 00:00:00-04:00,57.86745955898204,58.36817913400699,56.8573920823519,57.92789077758789,10541100,0.0,0.0
2023-03-17 00:00:00-04:00,58.126458280822554,58.126458280822554,57.159552129728695,57.43581008911133,21616900,0.0,0.0
2023-03-20 00:00:00-04:00,57.60846628587573,58.16961044274552,57.18544120700912,58.04874801635742,9731700,0.0,0.0
2023-03-21 00:00:00-04:00,58.25594312908799,58.54082935446586,57.72932547796871,58.28184127807617,8039600,0.0,0.0
2023-03-22 00:00:00-04:00,58.2645747186945,58.70486303568444,58.03148477823409,58.04874801635742,6657600,0.0,0.0
2023-03-23 00:00:00-04:00,58.35090615678193,58.61853575602011,57.53076729334729,57.82429504394531,6723600,0.0,0.0
2023-03-24 00:00:00-04:00,58.01421775411919,58.51493730847438,57.573936002383796,58.42860794067383,6274900,0.0,0.0
2023-03-27 00:00:00-04:00,58.78256017494789,59.41277707265366,58.71350063278841,58.765296936035156,6711300,0.0,0.0
2023-03-28 00:00:00-04:00,58.77392510558705,59.21420680568776,58.67032592447099,58.87751770019531,4715100,0.0,0.0
2023-03-29 00:00:00-04:00,58.894796890327086,59.10198869900342,58.58400588405817,58.86026382446289,5369900,0.0,0.0
2023-03-30 00:00:00-04:00,59.0329131786155,59.16241050838363,58.696224073123055,58.87751770019531,4400100,0.0,0.0
2023-03-31 00:00:00-04:00,59.27466350320188,59.89623902858785,59.02430367554882,59.83580780029297,8953200,0.0,0.0
2023-04-03 00:00:00-04:00,59.59407838075349,60.44012209941596,59.283287348306814,60.16386413574219,7333900,0.0,0.0
2023-04-04 00:00:00-04:00,60.241547400948974,60.241547400948974,59.248743264458334,59.490474700927734,8626700,0.0,0.0
2023-04-05 00:00:00-04:00,59.96529769738812,60.612777885493884,59.60271037281106,60.27608871459961,7739000,0.0,0.0
2023-04-06 00:00:00-04:00,60.65906861454865,61.86023585734435,60.580728011364975,61.572998046875,9669500,0.57,0.0
2023-04-10 00:00:00-04:00,61.590419988876505,61.66004797542516,60.9201983226477,61.1726188659668,5646400,0.0,0.0
2023-04-11 00:00:00-04:00,61.33797787625881,61.36408919212304,60.902771569931694,60.954994201660156,4762500,0.0,0.0
2023-04-12 00:00:00-04:00,60.97242410074525,61.51207582920579,60.754820883598725,61.11168670654297,5364300,0.0,0.0
2023-04-13 00:00:00-04:00,61.311880592201895,61.64263507004717,60.86796819875272,61.529483795166016,5981600,0.0,0.0
2023-04-14 00:00:00-04:00,61.45113130939978,61.61651183671299,60.88536176292116,61.3205680847168,6260300,0.0,0.0
2023-04-17 00:00:00-04:00,61.45114135742188,61.6078159245154,61.12038688943447,61.451141357421875,4435100,0.0,0.0
2023-04-18 00:00:00-04:00,61.40763649360321,61.58171642792265,60.824454768113064,61.12910461425781,5722900,0.0,0.0
2023-04-19 00:00:00-04:00,61.16391465146232,61.29447792120387,60.53722291000564,60.80704879760742,8179200,0.0,0.0
2023-04-20 00:00:00-04:00,60.66775538250175,60.76350129947346,59.92790600285585,60.5197868347168,5977700,0.0,0.0
2023-04-21 00:00:00-04:00,60.998526684243195,61.407621736378054,60.88536877747776,61.35539245605469,6543600,0.0,0.0
2023-04-24 00:00:00-04:00,61.22482780795526,61.46854894883938,60.98111330779322,61.3989143371582,5384500,0.0,0.0
2023-04-25 00:00:00-04:00,61.52078209828471,61.74709130455323,61.015941038425396,61.13779830932617,5337300,0.0,0.0
2023-04-26 00:00:00-04:00,60.580732554141754,60.702589820923,58.87472417848137,59.20547866821289,10206200,0.0,0.0
2023-04-27 00:00:00-04:00,59.20546804338983,59.20546804338983,57.882443681166464,58.848602294921875,10521800,0.0,0.0
2023-04-28 00:00:00-04:00,58.43950962662397,58.50914423816061,57.464644987277296,58.117454528808594,10695000,0.0,0.0
2023-05-01 00:00:00-04:00,58.56137485191018,59.832176802274645,58.54396951701663,59.53623962402344,10034000,0.0,0.0
2023-05-02 00:00:00-04:00,59.405675404209475,60.0497790363692,58.66582582988404,59.27511215209961,7793400,0.0,0.0
2023-05-03 00:00:00-04:00,59.47531041939398,59.832176227428434,57.72577876722854,58.004310607910156,12717700,0.0,0.0
2023-05-04 00:00:00-04:00,57.8389289070597,58.52655582787489,57.7954122507384,58.16098403930664,8801900,0.0,0.0
2023-05-05 00:00:00-04:00,58.43951607594346,59.57105539576194,58.422110741499495,59.30992889404297,8562000,0.0,0.0
2023-05-08 00:00:00-04:00,59.257703139815845,59.85828343709123,59.066211267368864,59.54494094848633,6142300,0.0,0.0
2023-05-09 00:00:00-04:00,59.18807601928711,59.510131176523025,59.04010742301248,59.18807601928711,6408500,0.0,0.0
2023-05-10 00:00:00-04:00,59.3360425850896,60.006264200589904,58.80509021359256,59.61457443237305,8841700,0.0,0.0
2023-05-11 00:00:00-04:00,59.68420801573183,60.145525757199266,59.15325565347458,60.12812042236328,8416100,0.0,0.0
2023-05-12 00:00:00-04:00,59.71901358900169,59.86698214855624,58.84860092236791,59.24028396606445,11964000,0.0,0.0
2023-05-15 00:00:00-04:00,59.36214418622515,59.58845335030551,58.98786645516693,59.33603286743164,5908000,0.0,0.0
2023-05-16 00:00:00-04:00,59.24029405873445,59.309928677701876,58.25672996852989,58.33506393432617,7870500,0.0,0.0
2023-05-17 00:00:00-04:00,58.369883266621606,58.622303788584105,57.50817640938616,57.908565521240234,9338400,0.0,0.0
2023-05-18 00:00:00-04:00,57.71706757593606,57.75188488297262,56.73350355486192,57.18611526489258,10080500,0.0,0.0
2023-05-19 00:00:00-04:00,57.247039517171245,57.751880469537625,57.15130023104004,57.30796813964844,9196200,0.0,0.0
2023-05-22 00:00:00-04:00,57.307971671273016,57.70836737590833,56.69868540895355,57.2818603515625,7356000,0.0,0.0
2023-05-23 00:00:00-04:00,57.516882397239485,58.45692986370888,57.325390508804276,57.908565521240234,10162500,0.0,0.0
2023-05-24 00:00:00-04:00,57.9694916638133,58.04783226968095,56.794435701580326,56.98592758178711,7285400,0.0,0.0
2023-05-25 00:00:00-04:00,56.524604929708175,56.70739080650465,55.68900618368233,56.193843841552734,7811800,0.0,0.0
2023-05-26 00:00:00-04:00,56.15033059880086,56.55071968286477,55.44529504788388,55.54974365234375,8459000,0.0,0.0
2023-05-30 00:00:00-04:00,55.158061875868235,55.78475687571546,54.89693868256843,55.454002380371094,8443200,0.0,0.0
2023-05-31 00:00:00-04:00,55.436584574381676,56.228660011522294,54.966564232168416,56.08939743041992,14934100,0.0,0.0
2023-06-01 00:00:00-04:00,56.106813614789345,56.34182881189337,55.514932589000004,56.29830551147461,8697200,0.0,0.0
2023-06-02 00:00:00-04:00,56.5071921440349,57.264453600497255,56.132914409101375,57.151302337646484,6768800,0.0,0.0
2023-06-05 00:00:00-04:00,57.36020546936303,57.84763451761071,57.17741957627016,57.429840087890625,6914400,0.0,0.0
2023-06-06 00:00:00-04:00,57.68224912422913,57.777995056499066,56.681279789861506,56.99462890625,5618600,0.0,0.0
2023-06-07 00:00:00-04:00,56.71609878540039,56.86406736123468,56.35922636527047,56.71609878540039,6643800,0.0,0.0
2023-06-08 00:00:00-04:00,56.872771936770874,57.1077871230316,56.63776339123312,56.84666061401367,4995400,0.0,0.0
2023-06-09 00:00:00-04:00,56.89888310319831,56.977217062112246,56.22866157578665,56.402748107910156,7068500,0.0,0.0
2023-06-12 00:00:00-04:00,56.39404268586626,56.559423232859196,55.88049571186189,56.3679313659668,7141900,0.0,0.0
2023-06-13 00:00:00-04:00,55.87179636571023,56.40274867274017,55.67159851194393,56.3679313659668,7968100,0.0,0.0
2023-06-14 00:00:00-04:00,56.54201025241664,56.5768275585701,55.74993811977217,55.84568405151367,6379300,0.0,0.0
2023-06-15 00:00:00-04:00,55.91532256152675,56.524615572963434,55.59327071981233,56.28960037231445,8525200,0.0,0.0
2023-06-16 00:00:00-04:00,56.47238704885584,57.65614913433293,56.23737848574536,57.58652114868164,19394400,0.0,0.0
2023-06-20 00:00:00-04:00,57.29926683499978,57.76929046691997,56.79442589989421,57.47334671020508,10798800,0.0,0.0
2023-06-21 00:00:00-04:00,57.36891546360402,57.77800393439892,56.959820352085934,57.01204299926758,8493800,0.0,0.0
2023-06-22 00:00:00-04:00,57.22964239872827,57.31668235179851,56.68128471773524,56.83795928955078,5784000,0.0,0.0
2023-06-23 00:00:00-04:00,56.907589554744966,56.94240686551696,56.481089119053365,56.61165237426758,11133300,0.0,0.0
2023-06-26 00:00:00-04:00,56.61164998605014,56.66387262964355,55.71512585384194,56.394046783447266,7916000,0.0,0.0
2023-06-27 00:00:00-04:00,56.35923385620117,56.62036037591689,55.89791609333023,56.35923385620117,6531700,0.0,0.0
2023-06-28 00:00:00-04:00,56.315700368232385,56.315700368232385,54.73155280268244,55.78474807739258,9466000,0.0,0.0
2023-06-29 00:00:00-04:00,55.50622254578889,56.08940082622212,55.384365289676,55.706417083740234,7023100,0.0,0.0
2023-06-30 00:00:00-04:00,55.95013734806133,56.0632952694585,55.6541968440646,55.66290283203125,8397600,0.0,0.0
2023-07-03 00:00:00-04:00,55.654192379566425,56.49849716544065,55.218985986268834,56.08069610595703,4832500,0.0,0.0
2023-07-05 00:00:00-04:00,55.97623757431456,56.57682445121225,55.63677715886503,56.34181594848633,8803300,0.0,0.0
2023-07-06 00:00:00-04:00,55.90274968674069,56.12228609037223,55.58661672953373,55.709556579589844,6638700,0.57,0.0
2023-07-07 00:00:00-04:00,55.533929403987955,55.718339176639454,54.99826005021582,55.01582336425781,8665600,0.0,0.0
2023-07-10 00:00:00-04:00,54.99825453925648,55.288040817263024,54.708464911390635,54.86653137207031,7493100,0.0,0.0
2023-07-11 00:00:00-04:00,54.72603392078692,55.252919944663105,54.55040412954164,55.138763427734375,9340100,0.0,0.0
2023-07-12 00:00:00-04:00,55.217799742443916,55.5602760120285,54.55040716850385,54.69091033935547,7340300,0.0,0.0
2023-07-13 00:00:00-04:00,54.79629022988906,55.10363986929578,54.62944041147413,54.69091033935547,9029500,0.0,0.0
2023-07-14 00:00:00-04:00,54.46259105570367,54.743597382509975,54.067424861801165,54.392337799072266,9234500,0.0,0.0
2023-07-17 00:00:00-04:00,54.436251924331685,54.46259522265417,53.926925824364275,54.31330871582031,7486400,0.0,0.0
2023-07-18 00:00:00-04:00,54.392344078543125,55.11242329284822,54.2694042151047,54.44503402709961,6451100,0.0,0.0
2023-07-19 00:00:00-04:00,54.55040158635343,55.20023077870745,54.44502505646287,54.49771499633789,8695100,0.0,0.0
2023-07-20 00:00:00-04:00,54.84019197790579,56.23644357994845,54.769938723782104,55.99934387207031,9257500,0.0,0.0
2023-07-21 00:00:00-04:00,56.1047260343324,56.89505847324769,55.99056615985356,56.7984619140625,9898100,0.0,0.0
2023-07-24 00:00:00-04:00,56.81601145729861,57.41315066830568,56.81601145729861,56.84236145019531,6886700,0.0,0.0
2023-07-25 00:00:00-04:00,56.64038974158103,56.772112918133175,55.98178055853939,55.99934387207031,6966700,0.0,0.0
2023-07-26 00:00:00-04:00,55.44611636509254,56.104725609245264,55.26170658069615,55.6832160949707,11032200,0.0,0.0
2023-07-27 00:00:00-04:00,53.56688028678383,54.91044194989073,53.02243096609194,53.32978057861328,22625400,0.0,0.0
2023-07-28 00:00:00-04:00,53.39125248572567,54.00595508347702,52.732643277390586,53.92692184448242,11593100,0.0,0.0
2023-07-31 00:00:00-04:00,53.87423118913793,54.72603349260416,53.66347812118026,54.611873626708984,11700600,0.0,0.0
2023-08-01 00:00:00-04:00,54.72603102331698,54.94556741328531,53.724945621038906,54.03229522705078,9227600,0.0,0.0
2023-08-02 00:00:00-04:00,53.71616451629543,54.73481662384128,53.58444468676973,54.22549057006836,11937800,0.0,0.0
2023-08-03 00:00:00-04:00,53.970825310692575,53.9796086422134,53.083899769079075,53.76885223388672,6878800,0.0,0.0
2023-08-04 00:00:00-04:00,53.63713604829123,53.96204898955338,53.01365011253777,53.1190299987793,7624800,0.0,0.0
2023-08-07 00:00:00-04:00,53.13659041175227,53.35612681848542,52.7765508387043,53.10146713256836,9774000,0.0,0.0
2023-08-08 00:00:00-04:00,53.294658833568334,53.40881870718797,52.43407648981536,52.82924270629883,12497800,0.0,0.0
2023-08-09 00:00:00-04:00,52.51310569747027,53.522974467557226,52.469199087870756,53.233184814453125,7705300,0.0,0.0
2023-08-10 00:00:00-04:00,53.64591105493287,54.40111675365397,53.52297121558001,53.82154083251953,23791600,0.0,0.0
2023-08-11 00:00:00-04:00,54.03229523190047,54.20792501386279,53.62834907828876,53.76885223388672,16836200,0.0,0.0
2023-08-14 00:00:00-04:00,53.87422842332522,54.348427826674786,53.75128858168484,54.111328125,19536700,0.0,0.0
2023-08-15 00:00:00-04:00,54.03229746693248,54.57675014852276,53.74251116208825,54.22549057006836,14442300,0.0,0.0
2023-08-16 00:00:00-04:00,53.86545262670777,54.11133232909175,53.47028642654801,53.50541305541992,9611100,0.0,0.0
2023-08-17 00:00:00-04:00,53.58444247352022,55.0772905955015,53.566879160336974,54.57674789428711,17886200,0.0,0.0
2023-08-18 00:00:00-04:00,54.6382181528118,54.954351092342975,54.330865194996726,54.49771499633789,8200700,0.0,0.0
2023-08-21 00:00:00-04:00,54.559190430321344,54.87532340179304,54.357217331849945,54.365997314453125,9898000,0.0,0.0
2023-08-22 00:00:00-04:00,54.278175913409065,54.559182212422215,54.09376280792099,54.32208251953125,8716700,0.0,0.0
2023-08-23 00:00:00-04:00,54.6733464278698,54.79628963215121,53.92692396896154,54.05864715576172,7859500,0.0,0.0
2023-08-24 00:00:00-04:00,53.8830088331932,54.4538014026973,53.768848979348675,53.8127555847168,8277500,0.0,0.0
2023-08-25 00:00:00-04:00,53.93570612653777,54.70847526388529,53.78642296867991,54.51528549194336,7953400,0.0,0.0
2023-08-28 00:00:00-04:00,54.49771770363652,54.80506732686041,53.900578421493265,54.1288948059082,6848900,0.0,0.0
2023-08-29 00:00:00-04:00,54.42746249712615,55.683210941070485,54.42746249712615,55.19144821166992,11979000,0.0,0.0
2023-08-30 00:00:00-04:00,55.261704091057766,55.349517313044714,54.620658190945896,54.778724670410156,9052800,0.0,0.0
2023-08-31 00:00:00-04:00,54.84019589583977,54.91044580512277,54.13768005371094,54.13768005371094,11464700,0.0,0.0
2023-09-01 00:00:00-04:00,54.295739006684144,54.79628168414726,54.295739006684144,54.46258544921875,6838800,0.0,0.0
2023-09-05 00:00:00-04:00,54.34842966072346,54.44502621094622,53.206841071433594,53.25074768066406,10887700,0.0,0.0
2023-09-06 00:00:00-04:00,52.95217364999936,53.039990211025994,52.205751305499035,52.39894104003906,12247200,0.0,0.0
2023-09-07 00:00:00-04:00,52.5745789027545,53.12781159784988,52.56579892023036,52.66239547729492,9697600,0.0,0.0
2023-09-08 00:00:00-04:00,52.82923753243449,53.47028339867762,52.697514356553775,53.4088134765625,9526700,0.0,0.0
2023-09-11 00:00:00-04:00,53.34734591549815,53.944485199495794,53.28587599066249,53.4000358581543,14363500,0.0,0.0
2023-09-12 00:00:00-04:00,53.57565949421854,53.584442825797645,52.548230790190054,52.89949035644531,9949000,0.0,0.0
2023-09-13 00:00:00-04:00,52.9082679644098,53.19805759604777,52.38138198852539,52.38138198852539,19392200,0.0,0.0
2023-09-14 00:00:00-04:00,52.811675499856385,53.1717150594884,52.05646975285761,52.240882873535156,18147800,0.0,0.0
2023-09-15 00:00:00-04:00,52.196972694101994,52.53945228828384,51.68764999353184,51.83693313598633,22379200,0.0,0.0
2023-09-18 00:00:00-04:00,51.84571480092233,51.94231134875054,51.22223225567047,51.441768646240234,16914900,0.0,0.0
2023-09-19 00:00:00-04:00,51.424205889731326,51.740335481692256,51.23101279198339,51.48567581176758,10455600,0.0,0.0
2023-09-20 00:00:00-04:00,51.634960622336955,52.0828167543651,51.55592738432373,51.61739730834961,8699600,0.0,0.0
2023-09-21 00:00:00-04:00,51.42420421705488,52.214533196039426,51.39785757285381,51.88084030151367,9597300,0.0,0.0
2023-09-22 00:00:00-04:00,52.100381204626544,52.21453772324451,51.60861845183484,51.7227783203125,8190700,0.0,0.0
2023-09-25 00:00:00-04:00,51.67008545205895,52.056468296754474,51.415422432894864,51.95109176635742,7006000,0.0,0.0
2023-09-26 00:00:00-04:00,51.696429212483324,52.030125469913486,51.38907960028419,51.40664291381836,9380600,0.0,0.0
2023-09-27 00:00:00-04:00,51.4417646675872,51.591047793696106,50.589962466102286,50.83584213256836,11365900,0.0,0.0
2023-09-28 00:00:00-04:00,50.94122572153355,51.30126529017911,50.76559927818229,51.05538558959961,8265100,0.0,0.0
2023-09-29 00:00:00-04:00,51.09051875395625,51.33639848598987,50.81829237216183,50.96757888793945,10902500,0.0,0.0
2023-10-02 00:00:00-04:00,50.941223372962874,50.985133331635964,50.18602099173481,50.80072021484375,8865300,0.0,0.0
2023-10-03 00:00:00-04:00,50.633872768988844,50.97634900082547,50.15967336343376,50.24748992919922,10991900,0.0,0.0
2023-10-04 00:00:00-04:00,50.14211264251204,50.35286906138529,49.4483801613276,49.81719970703125,11684400,0.0,0.0
2023-10-05 00:00:00-04:00,49.71074894987499,50.21637192039606,49.52446751523227,50.047828674316406,8015400,0.57,0.0
2023-10-06 00:00:00-04:00,49.89703692076235,50.45588468175552,49.8260706217781,50.2607307434082,8901000,0.0,0.0
2023-10-09 00:00:00-04:00,49.7639717927669,50.67764418899069,49.40915048514072,50.216373443603516,8481500,0.0,0.0
2023-10-10 00:00:00-04:00,50.30508340616183,50.35830813084209,49.87929576029799,50.02122497558594,13217400,0.0,0.0
2023-10-11 00:00:00-04:00,50.1010522725816,50.46474603946245,49.97686465226017,50.251853942871094,8470700,0.0,0.0
2023-10-12 00:00:00-04:00,50.234120738606634,50.26960050470933,49.497860604259905,49.905906677246094,10728800,0.0,0.0
2023-10-13 00:00:00-04:00,50.00348191698341,50.26959876476963,49.586566762866745,50.09218978881836,12824800,0.0,0.0
2023-10-16 00:00:00-04:00,50.37605116973498,50.99699277361247,50.287343292689904,50.713130950927734,12328400,0.0,0.0
2023-10-17 00:00:00-04:00,50.69539052348702,51.13891973757226,50.54458883109117,50.890541076660156,13223400,0.0,0.0
2023-10-18 00:00:00-04:00,50.91715270261795,51.08569257774438,50.35830497203777,50.42926788330078,11816100,0.0,0.0
2023-10-19 00:00:00-04:00,50.24298817125253,50.52684659383571,49.42689605229073,50.10105895996094,13169000,0.0,0.0
2023-10-20 00:00:00-04:00,49.888162454801495,50.64216068911382,49.888162454801495,50.08331298828125,11638300,0.0,0.0
2023-10-23 00:00:00-04:00,49.985743003565275,50.31395707103781,49.657532319952224,49.67527389526367,10028300,0.0,0.0
2023-10-24 00:00:00-04:00,49.79945696674909,50.27846930460401,49.56882327659256,49.781715393066406,9442800,0.0,0.0
2023-10-25 00:00:00-04:00,49.69300888478528,50.358302643425795,49.639784165904786,50.216373443603516,11766100,0.0,0.0
2023-10-26 00:00:00-04:00,47.865669888983014,49.045459171361365,46.943128351705695,46.987483978271484,25054000,0.0,0.0
2023-10-27 00:00:00-04:00,46.17139003607781,46.32219172692739,43.900522648915974,45.257720947265625,17895400,0.0,0.0
2023-10-30 00:00:00-04:00,45.88753002145095,46.038331707071215,44.58355310779355,45.46174240112305,29683000,0.0,0.0
2023-10-31 00:00:00-04:00,45.57705680951474,45.82543205290351,44.947242839143506,45.710113525390625,14670400,0.0,0.0
2023-11-01 00:00:00-04:00,46.002853084023414,46.047205331029566,45.39078057021605,45.48835754394531,11280800,0.0,0.0
2023-11-02 00:00:00-04:00,45.080311557098206,45.5681930429649,44.96499300753932,45.35530090332031,13436100,0.0,0.0
2023-11-03 00:00:00-04:00,45.585926053031436,47.138278097014414,45.585926053031436,46.85441970825195,14479300,0.0,0.0
2023-11-06 00:00:00-05:00,47.13828511097087,47.50197893717989,46.694755889552084,46.827816009521484,17627100,0.0,0.0
2023-11-07 00:00:00-05:00,46.845555751434254,47.0584478744238,46.242355763198404,46.38428497314453,20836100,0.0,0.0
2023-11-08 00:00:00-05:00,46.588311148606145,46.6415358748792,45.98511111961617,46.499603271484375,11252800,0.0,0.0
2023-11-09 00:00:00-05:00,46.614918202453296,46.63265977650089,44.68113062143607,44.71661376953125,12175400,0.0,0.0
2023-11-10 00:00:00-05:00,44.89402389526367,44.97385928258101,43.98035487230008,44.89402389526367,12697600,0.0,0.0
2023-11-13 00:00:00-05:00,44.752105511039176,44.94725609531749,44.406153210328625,44.48598861694336,12047100,0.0,0.0
2023-11-14 00:00:00-05:00,44.75209228538173,45.39964444372471,44.58354904130498,44.814186096191406,12025300,0.0,0.0
2023-11-15 00:00:00-05:00,44.5924226863215,45.79882255738189,44.48597663412763,45.74559783935547,13407600,0.0,0.0
2023-11-16 00:00:00-05:00,45.648028285219844,45.89640695910202,44.5746883432111,45.098052978515625,14458500,0.0,0.0
2023-11-17 00:00:00-05:00,45.40852209104393,45.435136146303165,44.8851574557394,45.098052978515625,10229500,0.0,0.0
2023-11-20 00:00:00-05:00,43.270702058681394,44.50371253339165,42.95136053466977,43.37715148925781,27943500,0.0,0.0
2023-11-21 00:00:00-05:00,43.31506922300222,43.50135070036467,42.977986037398935,43.00459671020508,14669600,0.0,0.0
2023-11-22 00:00:00-05:00,43.2441009394252,43.90939480003174,43.07556104626099,43.83842849731445,14734800,0.0,0.0
2023-11-24 00:00:00-05:00,44.13116081103717,44.27309003708512,43.882785511418184,44.14002990722656,5085700,0.0,0.0
2023-11-27 00:00:00-05:00,44.00696903763692,44.10454600587531,43.30619206925159,43.483604431152344,17681600,0.0,0.0
2023-11-28 00:00:00-05:00,43.51021600615066,43.74972219211978,43.30619297007164,43.3948974609375,11372800,0.0,0.0
2023-11-29 00:00:00-05:00,43.519087333568606,43.77633170381391,43.17313170708686,43.21748733520508,12653100,0.0,0.0
2023-11-30 00:00:00-05:00,43.270703351445476,43.820681940945136,42.80056352919283,43.802940368652344,17044300,0.0,0.0
2023-12-01 00:00:00-05:00,43.820685525991145,44.51258998272116,43.40376700264911,44.44162368774414,12806400,0.0,0.0
2023-12-04 00:00:00-05:00,44.317432988030575,45.027078969387794,44.14889312491416,44.335174560546875,14238600,0.0,0.0
2023-12-05 00:00:00-05:00,44.17550283023597,44.70773984256345,43.96261073239209,44.55693817138672,12659500,0.0,0.0
2023-12-06 00:00:00-05:00,44.63677970883046,44.734356677071275,44.157767346844295,44.24647521972656,13839800,0.0,0.0
2023-12-07 00:00:00-05:00,44.619030145236955,45.239971608796104,44.34404424818642,44.494842529296875,14710600,0.0,0.0
2023-12-08 00:00:00-05:00,44.58355498564232,44.831933645856324,44.432756677529675,44.62791061401367,10123100,0.0,0.0
2023-12-11 00:00:00-05:00,44.814189768709994,45.36416501689136,44.59242517368502,45.3198127746582,18432900,0.0,0.0
2023-12-12 00:00:00-05:00,45.06256850190813,45.186756143266514,44.17551005350892,44.805320739746094,14215500,0.0,0.0
2023-12-13 00:00:00-05:00,44.4150142164609,46.00284957885742,44.29969567594391,46.00284957885742,15557000,0.0,0.0
2023-12-14 00:00:00-05:00,46.535080561656926,46.60604685441677,45.23997617352151,45.65689468383789,20212600,0.0,0.0
2023-12-15 00:00:00-05:00,45.38190882943167,45.63915658447793,44.96499028738149,45.14240264892578,44147600,0.0,0.0
2023-12-18 00:00:00-05:00,45.373036515110634,45.67463649318118,45.17788259287113,45.54157638549805,14361100,0.0,0.0
2023-12-19 00:00:00-05:00,45.78108021712644,46.28670318639358,45.64802011622079,46.224609375,14293000,0.0,0.0
2023-12-20 00:00:00-05:00,46.153650572119304,46.33993542037645,45.177887620061526,45.204498291015625,14179800,0.0,0.0
2023-12-21 00:00:00-05:00,45.54158168835296,45.896406427584324,45.10692155198752,45.47061538696289,14232900,0.0,0.0
2023-12-22 00:00:00-05:00,45.11579117881261,47.439883260627624,45.11579117881261,46.38428497314453,19998100,0.0,0.0
2023-12-26 00:00:00-05:00,46.490731611801415,46.8100731841095,45.28433162035279,45.639156341552734,12237700,0.0,0.0
2023-12-27 00:00:00-05:00,45.603674266633526,45.68350966159068,45.009346736065346,45.42626190185547,13219000,0.0,0.0
2023-12-28 00:00:00-05:00,45.28433699363822,45.63916175694047,45.23998474419037,45.43513870239258,10652900,0.0,0.0
2023-12-29 00:00:00-05:00,45.35530188664263,45.67464348689253,45.23111423851425,45.51497268676758,11305800,0.0,0.0
2024-01-02 00:00:00-05:00,45.63916021925985,47.41327720827785,45.594807971306324,46.801204681396484,17757500,0.0,0.0
2024-01-03 00:00:00-05:00,46.74797886166302,46.925391220350974,45.65689742394215,46.39315414428711,15662600,0.0,0.0
2024-01-04 00:00:00-05:00,46.58160058156318,46.83285836116,46.17779099068934,46.69825744628906,16930500,0.6,0.0
2024-01-05 00:00:00-05:00,46.58159881064778,47.17385171370327,46.348288513196394,46.868751525878906,12272200,0.0,0.0
2024-01-08 00:00:00-05:00,46.56364903549618,46.57262448291415,46.02523857684465,46.473915100097656,18745900,0.0,0.0
2024-01-09 00:00:00-05:00,46.707228166864354,46.7520951372349,45.971398898770076,46.016265869140625,13385100,0.0,0.0
2024-01-10 00:00:00-05:00,45.944479023267434,45.989345993268934,45.24454128334853,45.45990753173828,18095300,0.0,0.0
2024-01-11 00:00:00-05:00,45.450937037293635,45.5316989552677,44.87662816329449,45.0650749206543,16567900,0.0,0.0
2024-01-12 00:00:00-05:00,45.217626165491254,45.50477890906929,44.93047342191323,45.14583969116211,11461700,0.0,0.0
2024-01-16 00:00:00-05:00,45.13686580096954,45.39709905355121,44.70613667072961,44.86766052246094,13824700,0.0,0.0
2024-01-17 00:00:00-05:00,44.46384265954003,44.930466653342215,43.92543220222299,44.84970474243164,16425400,0.0,0.0
2024-01-18 00:00:00-05:00,44.52666060415719,45.02020413274046,43.63828293733341,44.94841766357422,18463800,0.0,0.0
2024-01-19 00:00:00-05:00,44.96636962890625,45.056103580111326,44.35616917594543,44.96636962890625,23285800,0.0,0.0
2024-01-22 00:00:00-05:00,45.10096871825168,45.15481114065962,44.41898181673785,44.48179626464844,13818600,0.0,0.0
2024-01-23 00:00:00-05:00,44.580500055525214,45.24453939941043,44.41000420736663,44.97533416748047,12555700,0.0,0.0
2024-01-24 00:00:00-05:00,45.04712431262779,45.424010954859135,44.93046745630987,45.0830192565918,11838300,0.0,0.0
2024-01-25 00:00:00-05:00,45.10095849494242,45.17274837521328,44.36512933781553,44.51768112182617,17639600,0.0,0.0
2024-01-26 00:00:00-05:00,44.83176000660488,45.04712625655243,44.553582736705216,44.59844970703125,10855500,0.0,0.0
2024-01-29 00:00:00-05:00,44.526657373531634,44.75997108343744,44.37410899816495,44.75099563598633,11746600,0.0,0.0
2024-01-30 00:00:00-05:00,44.912523467142464,45.02918033250672,44.19464164784419,44.32027053833008,11605600,0.0,0.0
2024-01-31 00:00:00-05:00,44.60741819028526,44.885598861229475,43.82672201457748,43.853641510009766,18997600,0.0,0.0
2024-02-01 00:00:00-05:00,43.835695271149305,43.835695271149305,43.18960340069795,43.674171447753906,20416300,0.0,0.0
2024-02-02 00:00:00-05:00,44.212582848100155,44.87662215305965,43.144734007351744,43.71006393432617,27991600,0.0,0.0
2024-02-05 00:00:00-05:00,43.53957564685479,43.57547059473433,42.78579885703785,43.05500411987305,15535600,0.0,0.0
2024-02-06 00:00:00-05:00,43.028079169043515,44.84970475400405,42.696059501050016,44.203609466552734,22693800,0.0,0.0
2024-02-07 00:00:00-05:00,44.14079461439007,44.293346410558065,43.09089320523277,43.64725112915039,17973100,0.0,0.0
2024-02-08 00:00:00-05:00,43.46777821285283,43.76390634680804,43.17165350202766,43.71006393432617,13577900,0.0,0.0
2024-02-09 00:00:00-05:00,43.70109633212631,44.71510628611977,43.51265300406826,44.69715881347656,15413400,0.0,0.0
2024-02-12 00:00:00-05:00,44.70613262146108,44.9125234303948,44.15874666496573,44.64331817626953,14973600,0.0,0.0
2024-02-13 00:00:00-05:00,44.56254997140719,44.77791619820462,43.35112478717051,43.71006393432617,15828100,0.0,0.0
2024-02-14 00:00:00-05:00,43.808775221576475,44.00619398615048,43.47675555462671,43.87158966064453,10866900,0.0,0.0
2024-02-15 00:00:00-05:00,43.979273093316074,45.11891191954482,43.817752687649886,44.365135192871094,13425800,0.0,0.0
2024-02-16 00:00:00-05:00,44.24847997682785,44.75099549230966,43.90748486051505,44.74202346801758,13176500,0.0,0.0
2024-02-20 00:00:00-05:00,44.76894296402404,45.27146190263607,44.57152419829607,44.74202346801758,13778800,0.0,0.0
2024-02-21 00:00:00-05:00,44.80484417959993,45.7021973521565,44.45487699000378,45.68424987792969,12283500,0.0,0.0
2024-02-22 00:00:00-05:00,45.388123300504965,46.13292462398921,45.16378501631456,46.06113815307617,12862900,0.0,0.0
2024-02-23 00:00:00-05:00,46.12394755912933,46.59056812690582,45.52271924316354,46.35725784301758,11052500,0.0,0.0
2024-02-26 00:00:00-05:00,46.267526133382276,46.3752075447298,45.28941113722218,45.33427810668945,9690400,0.0,0.0
2024-02-27 00:00:00-05:00,45.37915599831333,45.51376036224297,45.00226925632021,45.325313568115234,8145100,0.0,0.0
2024-02-28 00:00:00-05:00,45.3253035969468,45.73808862472741,45.19967471058635,45.69321823120117,7974500,0.0,0.0
2024-02-29 00:00:00-05:00,45.72911564194542,45.91755898164475,45.11891522690232,45.540672302246094,14655700,0.0,0.0
2024-03-01 00:00:00-05:00,45.711168700632044,45.836801018358884,45.26249212099954,45.66630172729492,10892300,0.0,0.0
2024-03-04 00:00:00-05:00,46.016265895059725,46.84183252749052,45.5137503496179,45.69321823120117,19033400,0.0,0.0
2024-03-05 00:00:00-05:00,45.77397445077664,46.76106479229725,45.756030403355716,46.500831604003906,15110700,0.0,0.0
2024-03-06 00:00:00-05:00,46.96746298239632,48.286573179495505,46.88670106373453,47.90071105957031,21692300,0.0,0.0
2024-03-07 00:00:00-05:00,48.07120351733442,48.232727343217945,47.54176507096737,47.810970306396484,17233100,0.0,0.0
2024-03-08 00:00:00-05:00,47.99044266286467,48.6903769750441,47.855841753746525,48.26862335205078,17479600,0.0,0.0
2024-03-11 00:00:00-04:00,48.36732784894892,48.95958068932613,48.22375150652808,48.78010940551758,15646400,0.0,0.0
2024-03-12 00:00:00-04:00,48.753198888751115,48.99548122990848,48.29554685960799,48.81601333618164,14269100,0.0,0.0
2024-03-13 00:00:00-04:00,48.75319321002071,49.3903130586795,47.2007694096895,47.24563980102539,26855200,0.0,0.0
2024-03-14 00:00:00-04:00,47.17385632900221,47.272565726357186,46.49186941938806,47.10206985473633,14430200,0.0,0.0
2024-03-15 00:00:00-04:00,46.94951697307802,47.739188710937185,46.61749726295056,46.967464447021484,123585300,0.0,0.0
2024-03-18 00:00:00-04:00,47.182826083695566,47.29050749366471,46.24060262129207,46.2944450378418,19738700,0.0,0.0
2024-03-19 00:00:00-04:00,46.446996136295446,46.59954794722015,46.114976439290636,46.48289108276367,14593200,0.0,0.0
2024-03-20 00:00:00-04:00,46.330345391515024,46.80594147894315,46.00729770075981,46.554683685302734,10436300,0.0,0.0
2024-03-21 00:00:00-04:00,46.58159774651305,47.24564052477176,46.26752554113209,46.2944450378418,12625100,0.0,0.0
2024-03-22 00:00:00-04:00,46.34829055871022,47.06617237847068,46.23163369327085,46.59954833984375,11727500,0.0,0.0
2024-03-25 00:00:00-04:00,46.734151291960636,47.32640420358085,46.58159948427717,46.88669967651367,12348100,0.0,0.0
2024-03-26 00:00:00-04:00,47.012322706048,47.24563640093504,46.69825052808084,47.15589904785156,9952000,0.0,0.0
2024-03-27 00:00:00-04:00,47.55971172493948,48.178884098088226,47.425107397975296,47.78404998779297,13077600,0.0,0.0
2024-03-28 00:00:00-04:00,47.90967925689212,48.88779422781258,47.90967925689212,48.663455963134766,14348200,0.0,0.0
2024-04-01 00:00:00-04:00,48.60961663018216,48.663459049446494,47.52382018182994,47.550743103027344,9520400,0.0,0.0
2024-04-02 00:00:00-04:00,47.64944881600366,47.87378709371202,47.137957816679034,47.3264045715332,10234300,0.0,0.0
2024-04-03 00:00:00-04:00,47.33537402821355,47.44305543719462,46.7520931685664,46.823883056640625,10434600,0.0,0.0
2024-04-04 00:00:00-04:00,47.150685235550654,47.28685533409839,46.47892152218707,46.66048049926758,10993700,0.6,0.0
2024-04-05 00:00:00-04:00,46.46984624126476,46.70587397357899,46.08857546853382,46.587860107421875,9095500,0.0,0.0
2024-04-08 00:00:00-04:00,46.551544369842205,46.56970061436572,46.17027362369695,46.38814163208008,12258500,0.0,0.0
2024-04-09 00:00:00-04:00,46.41537379641266,46.91465835816923,46.36090506745858,46.84203338623047,9487300,0.0,0.0
2024-04-10 00:00:00-04:00,46.33367947810335,46.56062735548871,45.64375599159997,45.652835845947266,11492800,0.0,0.0
2024-04-11 00:00:00-04:00,45.80715414011765,45.91609160364631,44.58163711049056,44.59071350097656,11781000,0.0,0.0
2024-04-12 00:00:00-04:00,44.518098103046285,44.56348698760958,43.81001834464915,43.82817459106445,12459200,0.0,0.0
2024-04-15 00:00:00-04:00,43.90079016261912,44.5725538211824,43.68291871530586,44.036956787109375,11943600,0.0,0.0
2024-04-16 00:00:00-04:00,43.98249540509206,44.11866204160256,43.791860036207666,43.81001281738281,11931300,0.0,0.0
2024-04-17 00:00:00-04:00,43.97341491918632,44.07327252896102,43.30165121098285,43.428741455078125,11763100,0.0,0.0
2024-04-18 00:00:00-04:00,43.510439279196405,43.946178707603224,43.22902271664342,43.84632110595703,10917600,0.0,0.0
2024-04-19 00:00:00-04:00,43.76462107025953,44.52716595877021,43.682919708528054,44.41823196411133,10303900,0.0,0.0
2024-04-22 00:00:00-04:00,44.481781210574084,44.99014567107106,44.363767352022194,44.60887145996094,7929500,0.0,0.0
2024-04-23 00:00:00-04:00,44.6270325573843,44.90844918516365,44.44547355439601,44.47270965576172,9153300,0.0,0.0
2024-04-24 00:00:00-04:00,44.4817846255991,44.5271735091577,44.073277747671995,44.35469436645508,16057100,0.0,0.0
2024-04-25 00:00:00-04:00,43.02023124212055,43.12008884404178,40.278700967429685,40.57827377319336,45069000,0.0,0.0
2024-04-26 00:00:00-04:00,40.56012413009638,41.18649901276778,40.25147488437069,40.714447021484375,21281900,0.0,0.0
2024-04-29 00:00:00-04:00,40.93231820121233,41.195578562996275,40.423953722900215,40.52381134033203,16416300,0.0,0.0
2024-04-30 00:00:00-04:00,40.30594195594503,40.63274397061413,39.8792788642818,39.88835525512695,17716000,0.0,0.0
2024-05-01 00:00:00-04:00,39.91559297987896,40.369488725520704,39.69772149827305,40.133460998535156,13246100,0.0,0.0
2024-05-02 00:00:00-04:00,40.26962478719334,40.32409005183434,39.33460080606486,39.67048263549805,15962600,0.0,0.0
2024-05-03 00:00:00-04:00,39.85204497106445,40.24239556112844,39.66140613983708,39.933746337890625,12104500,0.0,0.0
2024-05-06 00:00:00-04:00,40.08806738805152,40.50565059367879,39.74310569242716,39.85204315185547,9127700,0.0,0.0
2024-05-07 00:00:00-04:00,39.924668685450804,40.17884919050112,39.79757843292564,39.9791374206543,11026900,0.0,0.0
2024-05-08 00:00:00-04:00,39.94282618501955,40.14254142408858,39.54339916983127,39.643253326416016,11928300,0.0,0.0
2024-05-09 00:00:00-04:00,39.54339925164524,40.678138634249215,39.48893051461833,40.614593505859375,10776300,0.0,0.0
2024-05-10 00:00:00-04:00,40.62366726450631,40.82338249104551,40.21516042065321,40.796146392822266,8699600,0.0,0.0
2024-05-13 00:00:00-04:00,40.74167617025927,41.14110311183909,40.69628729600347,40.90507888793945,12642400,0.0,0.0
2024-05-14 00:00:00-04:00,41.195574792764816,41.50422400796563,40.42395002328809,40.58735275268555,14536500,0.0,0.0
2024-05-15 00:00:00-04:00,40.850614996855334,41.004937880183235,40.37856303022662,40.442108154296875,14179400,0.0,0.0
2024-05-16 00:00:00-04:00,40.369488133849295,40.42395340624022,39.652332035138336,40.04268264770508,15765700,0.0,0.0
2024-05-17 00:00:00-04:00,40.215158722426324,40.215158722426324,39.69771789637967,39.970054626464844,15788000,0.0,0.0
2024-05-20 00:00:00-04:00,39.94282141903217,39.98821029623665,39.31644660253184,39.36183547973633,10376900,0.0,0.0
2024-05-21 00:00:00-04:00,39.16212256182908,39.42538291318758,38.35418872616638,38.372344970703125,17576800,0.0,0.0
2024-05-22 00:00:00-04:00,38.32695619319206,39.02595602645059,38.04553959654526,38.435890197753906,16786000,0.0,0.0
2024-05-23 00:00:00-04:00,38.0546140019925,38.37234307123333,37.637030787166765,37.70965576171875,12438000,0.0,0.0
2024-05-24 00:00:00-04:00,37.59164359263689,37.836747698299796,37.282994362870596,37.437320709228516,17425600,0.0,0.0
2024-05-28 00:00:00-04:00,37.41916469929538,37.519022312926424,36.65661974232599,36.75647735595703,14674500,0.0,0.0
2024-05-29 00:00:00-04:00,36.565833553304515,36.947107711481145,36.25718436352308,36.53860092163086,16492500,0.0,0.0
2024-05-30 00:00:00-04:00,36.438743321562,36.856326500987144,36.22995173184943,36.53860092163086,16111400,0.0,0.0
2024-05-31 00:00:00-04:00,36.53861378320952,37.36470404326842,36.42967975522107,37.3011589050293,29396300,0.0,0.0
2024-06-03 00:00:00-04:00,37.364696061533984,38.481279133007824,37.3374634260918,37.91844940185547,13678700,0.0,0.0
2024-06-04 00:00:00-04:00,37.90029525756836,38.19986811583209,37.57348976235329,37.90029525756836,12230000,0.0,0.0
2024-06-05 00:00:00-04:00,37.836747698299796,37.836747698299796,37.146824260963584,37.437320709228516,12401200,0.0,0.0
2024-06-06 00:00:00-04:00,37.09235934985564,37.482709951957375,36.94711285579102,37.11051559448242,10282800,0.0,0.0
2024-06-07 00:00:00-04:00,37.08328367892817,37.74597456223109,37.0106621551792,37.65519332885742,13665500,0.0,0.0
2024-06-10 00:00:00-04:00,37.58256573635415,38.78085011979042,37.54625324886835,38.64468002319336,13459200,0.0,0.0
2024-06-11 00:00:00-04:00,38.60836522161121,39.080417141784736,38.018302918606196,39.053184509277344,12637100,0.0,0.0
2024-06-12 00:00:00-04:00,39.11673776640953,39.207515535622434,38.32696009281746,38.49943923950195,9433200,0.0,0.0
2024-06-13 00:00:00-04:00,38.544828638219606,38.708231395342246,37.282998929400286,37.65519332885742,17023700,0.0,0.0
2024-06-14 00:00:00-04:00,37.59164014609178,38.00014695140981,36.99249798594173,37.401004791259766,14271100,0.0,0.0
2024-06-17 00:00:00-04:00,37.28299272112793,37.52809681599776,36.711083166431656,37.19221496582031,18782500,0.0,0.0
2024-06-18 00:00:00-04:00,37.23760957538868,37.43732482334649,36.393363161866915,37.046974182128906,18747200,0.0,0.0
2024-06-20 00:00:00-04:00,36.810940879522676,37.39192682621901,35.975774446884046,37.255760192871094,18639600,0.0,0.0
2024-06-21 00:00:00-04:00,37.455475710119856,38.081854060468146,37.28299657204048,38.063697814941406,35828400,0.0,0.0
2024-06-24 00:00:00-04:00,38.12724124758217,38.44496687279885,37.954762117171626,38.33603286743164,14845100,0.0,0.0
2024-06-25 00:00:00-04:00,38.14539787691308,38.463123505333314,37.74597087790627,38.299720764160156,16082600,0.0,0.0
2024-06-26 00:00:00-04:00,38.2271004811888,39.07134685017963,37.86398249731865,38.581138610839844,19824600,0.0,0.0
2024-06-27 00:00:00-04:00,38.51758479794769,38.581129911354004,37.65518237792763,37.68241500854492,17435000,0.0,0.0
2024-06-28 00:00:00-04:00,37.863983347037404,38.562983230756615,37.59164658449805,37.70058059692383,20542700,0.0,0.0
2024-07-01 00:00:00-04:00,37.80951604853466,38.37234578938367,37.34654046034383,37.49178695678711,18268400,0.0,0.0
2024-07-02 00:00:00-04:00,37.45547801014508,37.53717938855755,36.6838565740995,36.72016906738281,18280200,0.0,0.0
2024-07-03 00:00:00-04:00,36.6929290298032,36.91080050318149,36.33889091564438,36.366127014160156,9131500,0.0,0.0
2024-07-05 00:00:00-04:00,36.624174819919645,36.63338922002714,36.26474993484156,36.550445556640625,12824400,0.6,0.0
2024-07-08 00:00:00-04:00,36.532008271880116,36.965158845717006,36.40298559429575,36.85456848144531,13372700,0.0,0.0
2024-07-09 00:00:00-04:00,36.68867944502664,37.693217621710986,36.5965178828146,37.65635299682617,16368900,0.0,0.0
2024-07-10 00:00:00-04:00,37.66557452980074,37.94205223759858,37.26928852623543,37.895973205566406,9672700,0.0,0.0
2024-07-11 00:00:00-04:00,38.0157785474157,38.39363220568705,37.499684288184675,37.55498123168945,17883000,0.0,0.0
2024-07-12 00:00:00-04:00,37.84989304110788,37.914404387143776,37.186343749761896,37.2877197265625,16677500,0.0,0.0
2024-07-15 00:00:00-04:00,37.44439446272896,37.46282677900388,36.790059539586096,37.00202941894531,17858100,0.0,0.0
2024-07-16 00:00:00-04:00,37.002022473555066,38.03420738197272,36.94672553510969,37.969696044921875,13739600,0.0,0.0
2024-07-17 00:00:00-04:00,37.9697010633026,40.10780041398679,37.9697010633026,39.76681137084961,18639200,0.0,0.0
2024-07-18 00:00:00-04:00,39.11247383311098,40.77134693724654,39.047962491906205,39.0663948059082,19434500,0.0,0.0
2024-07-19 00:00:00-04:00,39.28758430562522,39.47190395465872,38.34755725959872,39.29679870605469,12839900,0.0,0.0
2024-07-22 00:00:00-04:00,39.10326305981427,39.61013943725451,39.04796611268079,39.32444381713867,10115500,0.0,0.0
2024-07-23 00:00:00-04:00,39.112475980884476,39.70229951452396,38.614817537920445,39.610137939453125,17688600,0.0,0.0
2024-07-24 00:00:00-04:00,39.858968437864384,41.269007121193056,39.858968437864384,41.158416748046875,20392800,0.0,0.0
2024-07-25 00:00:00-04:00,41.27822369031815,42.36570561833936,41.00174600866628,41.72058868408203,22050100,0.0,0.0
2024-07-26 00:00:00-04:00,44.48537669808539,46.64190844190697,43.98771471514084,46.49445343017578,36636400,0.0,0.0
2024-07-29 00:00:00-04:00,46.006003365698646,47.17642899625609,45.13049125829993,45.139705657958984,22280200,0.0,0.0
2024-07-30 00:00:00-04:00,45.213437733953064,45.443836411431334,44.09830546309858,45.204219818115234,19296500,0.0,0.0
2024-07-31 00:00:00-04:00,44.92773962189421,45.25951426159879,43.65593800822822,43.8310432434082,17727600,0.0,0.0
2024-08-01 00:00:00-04:00,44.05221855273045,44.706549836007504,43.517695544685765,44.39320755004883,12064400,0.0,0.0
2024-08-02 00:00:00-04:00,45.26873136522524,45.65580297320192,44.52224189690672,44.94617462158203,15601500,0.0,0.0
2024-08-05 00:00:00-04:00,44.12595163954892,44.918523579728486,43.50848141254214,43.85868835449219,17895000,0.0,0.0
2024-08-06 00:00:00-04:00,44.135170076059026,44.30105740501967,43.425541727861784,43.60064697265625,15663000,0.0,0.0
2024-08-07 00:00:00-04:00,43.71123990527184,44.68813162000339,42.76199842405115,42.854156494140625,16891900,0.0,0.0
2024-08-08 00:00:00-04:00,42.91866284278442,43.45318943068131,42.59610611947051,43.17670822143555,15216900,0.0,0.0
2024-08-09 00:00:00-04:00,43.16749038995774,43.941629979972184,42.85414809124703,43.05690002441406,14083500,0.0,0.0
2024-08-12 00:00:00-04:00,43.10297979519058,43.7480967172835,42.83571651787139,43.370243072509766,11942000,0.0,0.0
2024-08-13 00:00:00-04:00,43.757314849318114,45.30559418818233,43.757314849318114,45.213436126708984,19858200,0.0,0.0
2024-08-14 00:00:00-04:00,45.213436913108794,45.425403270668,44.33792125146529,44.61439895629883,10667200,0.0,0.0
2024-08-15 00:00:00-04:00,45.43461174352697,45.64657807343395,44.669690076089125,45.2595100402832,13140600,0.0,0.0
2024-08-16 00:00:00-04:00,45.259515270565764,46.12581300363642,45.16735369325737,45.48991394042969,14161800,0.0,0.0
2024-08-19 00:00:00-04:00,45.508341528357434,46.070514786922026,45.34245422203987,45.43461227416992,9067400,0.0,0.0
2024-08-20 00:00:00-04:00,45.40696895093134,45.72031127340818,45.093626628454516,45.139705657958984,8780200,0.0,0.0
2024-08-21 00:00:00-04:00,44.95538255095264,45.314803875164,44.383994894914174,44.64204025268555,7780500,0.0,0.0
2024-08-22 00:00:00-04:00,44.76185292147523,44.79871755208692,43.213573591831235,43.88633728027344,9946800,0.0,0.0
2024-08-23 00:00:00-04:00,43.93241722858701,44.45772943676684,43.66515744008031,44.337921142578125,8328400,0.0,0.0
2024-08-26 00:00:00-04:00,44.39320685869683,44.68812034289237,44.21810516347198,44.45772171020508,4949600,0.0,0.0
2024-08-27 00:00:00-04:00,44.56831789965406,44.964603880964006,44.06144154455669,44.34713363647461,6918500,0.0,0.0
2024-08-28 00:00:00-04:00,44.34713488019883,46.00600459595201,44.264191218630934,45.213436126708984,8399700,0.0,0.0
2024-08-29 00:00:00-04:00,45.40696750745004,45.86776481905525,44.93695228087421,45.821685791015625,7536000,0.0,0.0
2024-08-30 00:00:00-04:00,45.82168691262305,46.300916550295426,45.78482228304719,46.033653259277344,9594800,0.0,0.0
2024-09-03 00:00:00-04:00,45.812470817290475,46.76171573075155,45.75717738633478,46.558963775634766,10942500,0.0,0.0
2024-09-04 00:00:00-04:00,46.74327962370691,46.77092633694223,45.66501210467197,46.04286575317383,7036200,0.0,0.0
2024-09-05 00:00:00-04:00,46.1534651714534,46.30092018573004,45.37010755167977,45.895416259765625,9947800,0.0,0.0
2024-09-06 00:00:00-04:00,45.886198777338514,46.107379526094654,44.72498754175262,44.88166046142578,11146400,0.0,0.0
2024-09-09 00:00:00-04:00,44.900090041260725,45.277943686672465,43.821822531043956,44.69733810424805,9433300,0.0,0.0
2024-09-10 00:00:00-04:00,44.69734076580049,45.45304810162339,44.20889672366254,45.41618347167969,8624500,0.0,0.0
2024-09-11 00:00:00-04:00,45.259514528928506,45.333240273962424,44.46694255508721,44.7802848815918,8425400,0.0,0.0
2024-09-12 00:00:00-04:00,44.5867443820133,44.76184607723815,44.015353241713846,44.45772171020508,5575300,0.0,0.0
2024-09-13 00:00:00-04:00,44.46693844345913,45.296374970926,44.42085941762304,45.2779426574707,9412800,0.0,0.0
2024-09-16 00:00:00-04:00,45.61893556443133,46.31013155783181,45.39775129967715,46.070518493652344,11823400,0.0,0.0
2024-09-17 00:00:00-04:00,46.16268139866799,46.45759143889242,45.01990235609458,45.60972595214844,7549200,0.0,0.0
2024-09-18 00:00:00-04:00,45.535994282432775,46.24562262791907,44.95538863328857,45.84012222290039,7771500,0.0,0.0
2024-09-19 00:00:00-04:00,45.97835726637556,46.11659787234343,45.11205954704355,45.176570892333984,8841400,0.0,0.0
2024-09-20 00:00:00-04:00,45.42539748926655,45.64657821874127,45.158134218513986,45.535987854003906,27106500,0.0,0.0
2024-09-23 00:00:00-04:00,45.6742362929305,46.29170307735902,45.60050702670356,46.088951110839844,12226500,0.0,0.0
2024-09-24 00:00:00-04:00,46.088950112291336,47.084274091161184,45.90463398192715,46.9460334777832,16463200,0.0,0.0
2024-09-25 00:00:00-04:00,47.231725595655995,47.34231596877898,45.259513616207286,46.033653259277344,15321900,0.0,0.0
2024-09-26 00:00:00-04:00,45.91384518408344,46.58660885674506,45.821687125320594,46.19032287597656,8622900,0.0,0.0
2024-09-27 00:00:00-04:00,47.49899404090584,48.07038179891596,46.73406871442355,46.91838836669922,23035300,0.0,0.0
2024-09-30 00:00:00-04:00,47.47133778931921,47.86762376100747,47.03819070433317,47.68330764770508,14085200,0.0,0.0
2024-10-01 00:00:00-04:00,47.87684187860145,48.816868825959844,47.563499562815316,48.752357482910156,17436200,0.0,0.0
2024-10-02 00:00:00-04:00,48.687845919403046,50.26377189066026,48.30077434725305,49.544925689697266,22198300,0.0,0.0
2024-10-03 00:00:00-04:00,49.62787157982499,50.03337548466563,49.222371190589016,49.95043182373047,15398400,0.0,0.0
2024-10-04 00:00:00-04:00,49.76405505396985,50.332517848993824,49.670861809324194,50.28592300415039,12826500,0.6,0.0
2024-10-07 00:00:00-04:00,50.32319052607346,50.714591412674146,49.773362931831,49.80131912231445,11150600,0.0,0.0
2024-10-08 00:00:00-04:00,49.857238333608215,50.16477066896187,48.88805004365275,48.90668869018555,9900300,0.0,0.0
2024-10-09 00:00:00-04:00,48.69235228325168,49.53107364887005,48.0027365431923,49.20490264892578,10408200,0.0,0.0
2024-10-10 00:00:00-04:00,49.419239434833386,49.782684157822885,48.766904575600115,48.83213806152344,6799500,0.0,0.0
2024-10-11 00:00:00-04:00,48.99988679191525,49.074437830496166,48.45937665362922,48.64575958251953,6041700,0.0,0.0
2024-10-14 00:00:00-04:00,48.58983619953006,49.12102515483315,48.4034532991701,49.08374786376953,6890800,0.0,0.0
2024-10-15 00:00:00-04:00,47.81635724889354,49.754730384056,47.81635724889354,49.167625427246094,10579100,0.0,0.0
2024-10-16 00:00:00-04:00,49.04647942933969,49.93179563552908,48.934647544060375,49.73609161376953,7624300,0.0,0.0
2024-10-17 00:00:00-04:00,49.568342356148044,49.931790614319176,49.23285739892249,49.559024810791016,7948500,0.0,0.0
2024-10-18 00:00:00-04:00,49.633583403932974,49.69882045120862,48.77622690207685,49.596309661865234,7184500,0.0,0.0
2024-10-21 00:00:00-04:00,49.652221864116,49.67086051255853,48.55256649071763,48.571205139160156,5353100,0.0,0.0
2024-10-22 00:00:00-04:00,48.48733078743205,49.44720158617555,48.48733078743205,49.167625427246094,7122800,0.0,0.0
2024-10-23 00:00:00-04:00,49.20490191537626,49.49379561588431,48.962606610564514,49.447200775146484,5833000,0.0,0.0
2024-10-24 00:00:00-04:00,49.298091593587,49.76404707725055,48.850771200906756,49.31672668457031,7103100,0.0,0.0
2024-10-25 00:00:00-04:00,49.093069534673425,49.29809108294837,48.29162554228031,48.38481521606445,7127400,0.0,0.0
2024-10-28 00:00:00-04:00,48.4127802259802,49.16762590859575,48.28231324651374,49.0557975769043,8528500,0.0,0.0
2024-10-29 00:00:00-04:00,48.77622168383012,49.14898750429745,48.589838773596455,48.92532730102539,8371500,0.0,0.0
2024-10-30 00:00:00-04:00,48.92532295440118,49.53106647010554,48.7296225157735,49.07442855834961,9654100,0.0,0.0
2024-10-31 00:00:00-04:00,50.13681325141578,52.373401169863456,49.913156592546116,51.972679138183594,18744000,0.0,0.0
2024-11-01 00:00:00-04:00,52.0751851086067,52.09382375428301,50.50957442137886,50.621402740478516,12894800,0.0,0.0
2024-11-04 00:00:00-05:00,50.63072960220483,51.97268024897942,50.62140850082692,51.674468994140625,10808200,0.0,0.0
2024-11-05 00:00:00-05:00,51.38557360722694,52.447951612257725,50.99417268114547,52.14042282104492,9278000,0.0,0.0
2024-11-06 00:00:00-05:00,52.50386388960022,52.93254208014126,51.38557002104943,51.51603698730469,11776000,0.0,0.0
2024-11-07 00:00:00-05:00,51.432168707060484,51.739701054782444,50.779833826968705,50.9848518371582,12042200,0.0,0.0
2024-11-08 00:00:00-05:00,50.9755381859186,51.059410327618664,50.29524350544425,50.45366668701172,9218600,0.0,0.0
2024-11-11 00:00:00-05:00,56.58564294860763,56.921131512328024,55.47666646798091,55.74692153930664,27898400,0.0,0.0
2024-11-12 00:00:00-05:00,55.74691278465137,56.49244083419532,54.80568428865679,55.00138473510742,15141300,0.0,0.0
2024-11-13 00:00:00-05:00,55.178454332868334,55.439391853298766,53.9017371454346,54.432926177978516,11215000,0.0,0.0
2024-11-14 00:00:00-05:00,54.89887949816895,55.66304627038577,54.29313589716265,54.51679611206055,11494200,0.0,0.0
2024-11-15 00:00:00-05:00,54.19994640590104,54.386329326480435,52.01927441152676,52.39204025268555,21259200,0.0,0.0
2024-11-18 00:00:00-05:00,52.35475710382291,52.96981818449432,52.037907240752304,52.93254089355469,10679100,0.0,0.0
2024-11-19 00:00:00-05:00,52.65297303016218,54.65658316037297,52.280207197345796,54.26517868041992,13129900,0.0,0.0
2024-11-20 00:00:00-05:00,54.619312961056075,54.82433455123289,53.743314206634345,53.93901824951172,11239700,0.0,0.0
2024-11-21 00:00:00-05:00,54.19994519292082,54.49815643719055,53.556927864018924,54.26517868041992,7441000,0.0,0.0
2024-11-22 00:00:00-05:00,54.37700860826654,54.90819762493657,53.69671396507438,54.861602783203125,7412500,0.0,0.0
2024-11-25 00:00:00-05:00,55.89601908534181,56.548357469863895,54.637940708373534,54.77772521972656,14119700,0.0,0.0
2024-11-26 00:00:00-05:00,54.833645308732216,55.057305520772,54.10675584078023,54.740455627441406,7432800,0.0,0.0
2024-11-27 00:00:00-05:00,54.815006694626355,55.45802402782202,54.7777294001041,55.23436737060547,7064900,0.0,0.0
2024-11-29 00:00:00-05:00,55.29028544461332,55.48598591596444,54.94547578942292,55.187774658203125,4581600,0.0,0.0
2024-12-02 00:00:00-05:00,55.35551254274251,55.979891180653965,54.908192152797405,55.858741760253906,9032100,0.0,0.0
2024-12-03 00:00:00-05:00,55.802831650319675,55.99853210704176,54.63794290084299,54.69385528564453,8763400,0.0,0.0
2024-12-04 00:00:00-05:00,54.5820280562492,54.78704961785744,53.66875568493004,54.39564514160156,9533700,0.0,0.0
2024-12-05 00:00:00-05:00,54.33041206012719,55.19708959799111,54.26517857275751,54.83364486694336,8116500,0.0,0.0
2024-12-06 00:00:00-05:00,54.833643124700515,55.476660431895915,54.69385505337362,55.336875915527344,7276800,0.0,0.0
2024-12-09 00:00:00-05:00,55.21573053890348,55.69100361733505,54.70318016472394,54.71249771118164,8653500,0.0,0.0
2024-12-10 00:00:00-05:00,54.777727438559175,54.842960924157914,53.87377618599445,54.16266632080078,6896500,0.0,0.0
2024-12-11 00:00:00-05:00,54.0508373546459,54.097432193097895,52.76479919461255,52.79275894165039,10578700,0.0,0.0
2024-12-12 00:00:00-05:00,53.14688168599974,53.41713672152954,52.13109858259311,52.44794845581055,12121400,0.0,0.0
2024-12-13 00:00:00-05:00,52.54114336388728,52.54114336388728,51.29238247720884,51.98199462890625,9406100,0.0,0.0
2024-12-16 00:00:00-05:00,52.904593604861994,53.09097653596389,51.888810363063314,52.06587219238281,16470500,0.0,0.0
2024-12-17 00:00:00-05:00,52.270887974750266,53.83649873443107,52.233610681672545,53.72467041015625,14984500,0.0,0.0
2024-12-18 00:00:00-05:00,53.44509113173979,54.56338497375962,52.90458463365438,52.969818115234375,14111900,0.0,0.0
2024-12-19 00:00:00-05:00,52.97913739078668,53.295987263791375,52.289525261572976,52.46658706665039,11487900,0.0,0.0
2024-12-20 00:00:00-05:00,52.39203846931882,53.42646026611328,52.26157149584176,53.42646026611328,48212100,0.0,0.0
2024-12-23 00:00:00-05:00,53.35190673906862,53.733990121115134,52.93254606244232,53.65943908691406,9431500,0.0,0.0
2024-12-24 00:00:00-05:00,53.50101152003689,53.83650005605554,53.12824569002541,53.827178955078125,3668200,0.0,0.0
2024-12-26 00:00:00-05:00,53.73399237783803,54.1160757759313,53.594204294772275,54.05084228515625,4688800,0.0,0.0
2024-12-27 00:00:00-05:00,53.724668320477015,54.404962895372066,53.60351890016584,53.75262451171875,6607700,0.0,0.0
2024-12-30 00:00:00-05:00,53.61284201827426,53.67807550792434,52.233614079309156,52.24293518066406,6593700,0.0,0.0
2024-12-31 00:00:00-05:00,52.25225482145339,53.081655127356036,52.121787836923815,52.708892822265625,7345200,0.0,0.0
2025-01-02 00:00:00-05:00,53.05369237122748,53.47305302318301,52.67160901165871,52.92322540283203,9092000,0.0,0.0
2025-01-03 00:00:00-05:00,53.0834010802535,53.51681101691446,53.055136308705386,53.300106048583984,9533500,0.62,0.0
2025-01-06 00:00:00-05:00,53.05513553585318,53.73351520251081,52.70651991891486,53.40374755859375,9459600,0.0,0.0
2025-01-07 00:00:00-05:00,53.40375205101553,54.33652551896054,53.253000601943704,53.837162017822266,10814600,0.0,0.0
2025-01-08 00:00:00-05:00,53.68640550015084,53.75235902825563,52.81016166196124,53.5262336730957,11995900,0.0,0.0
2025-01-10 00:00:00-05:00,53.10224200447272,53.25299343325103,52.41443838603436,52.60287857055664,9681300,0.0,0.0
2025-01-13 00:00:00-05:00,52.46155232356157,52.565194614221646,51.64184157937408,52.16004943847656,7120700,0.0,0.0
2025-01-14 00:00:00-05:00,52.29195651874872,52.744210846526045,52.254267759551134,52.51808547973633,7409900,0.0,0.0
2025-01-15 00:00:00-05:00,52.88554156862945,53.46028256313768,52.442707636297285,52.67825698852539,8458400,0.0,0.0
2025-01-16 00:00:00-05:00,52.61230248132206,53.15877509936967,51.8962340452809,53.121089935302734,9061000,0.0,0.0
2025-01-17 00:00:00-05:00,52.763054918492614,53.347216305857664,52.33906536548658,53.036293029785156,10911600,0.0,0.0
2025-01-21 00:00:00-05:00,53.35664200364322,54.34594859624864,53.28126448327047,53.742942810058594,9113200,0.0,0.0
2025-01-22 00:00:00-05:00,53.22473349589656,54.072709011939416,52.71594602975211,53.7900505065918,8439800,0.0,0.0
2025-01-23 00:00:00-05:00,53.837158997702886,55.8251960918252,53.724096315791044,55.721553802490234,14504300,0.0,0.0
2025-01-24 00:00:00-05:00,55.693288507944224,56.531843613134065,55.683864521257924,56.220916748046875,12677500,0.0,0.0
2025-01-27 00:00:00-05:00,57.106588141323726,57.56826288005713,56.40936044539009,57.097164154052734,10882600,0.0,0.0
2025-01-28 00:00:00-05:00,56.79565824360415,57.087740732141484,55.34467697608418,55.36351776123047,9232600,0.0,0.0
2025-01-29 00:00:00-05:00,55.665025263609365,56.28687541664816,55.41063152906651,55.636756896972656,6780900,0.0,0.0
2025-01-30 00:00:00-05:00,55.86288485052843,55.91941439438542,55.19392555743641,55.721553802490234,8128600,0.0,0.0
2025-01-31 00:00:00-05:00,55.75924266084307,56.748549216284886,55.27871997201274,55.542537689208984,11342000,0.0,0.0
2025-02-03 00:00:00-05:00,55.39178850671733,56.82392905060907,55.16565953907211,56.484737396240234,13978200,0.0,0.0
2025-02-04 00:00:00-05:00,55.46715604978558,56.390509005861475,55.33524899808867,55.70270538330078,11718500,0.0,0.0
2025-02-05 00:00:00-05:00,56.192656236715315,56.87103956164889,55.80635541983883,56.258609771728516,12600800,0.0,0.0
2025-02-06 00:00:00-05:00,54.05386207229669,55.94768079740807,53.62045214501066,54.10097122192383,25072300,0.0,0.0
2025-02-07 00:00:00-05:00,54.138663894004054,54.37421325336975,52.942072717122564,53.56392288208008,14340200,0.0,0.0
2025-02-10 00:00:00-05:00,53.51681208744222,53.58276561850568,51.44397706976778,52.320220947265625,16656800,0.0,0.0
2025-02-11 00:00:00-05:00,52.197740005435605,53.05513953850267,51.91507789595576,52.70652389526367,8724200,0.0,0.0
2025-02-12 00:00:00-05:00,52.45212670527802,53.27184101816831,52.244845724602705,52.90438461303711,8502900,0.0,0.0
2025-02-13 00:00:00-05:00,52.998601095950164,53.00802148803136,52.41443974357904,52.73478698730469,8917200,0.0,0.0
2025-02-14 00:00:00-05:00,52.79132480461723,52.79132480461723,50.5583177347339,50.784446716308594,13227200,0.0,0.0
2025-02-18 00:00:00-05:00,50.614846541718535,51.43455729056781,50.44525071861897,51.28380584716797,10918500,0.0,0.0
2025-02-19 00:00:00-05:00,51.26496493385089,51.80201721191406,50.99172680102629,51.80201721191406,10770900,0.0,0.0
2025-02-20 00:00:00-05:00,51.83970075569317,52.59345794778621,51.632416180043414,52.56519317626953,8953500,0.0,0.0
2025-02-21 00:00:00-05:00,52.22599820151209,52.8195835247881,51.67952202581726,52.60287857055664,11105500,0.0,0.0
2025-02-24 00:00:00-05:00,52.73478881854803,54.647448361041185,52.715944439533594,54.534385681152344,13215800,0.0,0.0
2025-02-25 00:00:00-05:00,54.93010812159861,56.47531129435402,54.80762145228569,54.84531021118164,15344100,0.0,0.0
2025-02-26 00:00:00-05:00,54.798198622432174,55.04316835596475,53.91253439295566,54.06328582763672,7273100,0.0,0.0
2025-02-27 00:00:00-05:00,54.0255958947141,55.42004753371734,53.66755989731401,55.40120315551758,9812100,0.0,0.0
2025-02-28 00:00:00-05:00,55.56137911325996,56.28687150711413,54.57206901624212,56.173805236816406,20219700,0.0,0.0
2025-03-03 00:00:00-05:00,56.296296293346465,56.456468130807075,55.59906861554662,56.409358978271484,11214100,0.0,0.0
2025-03-04 00:00:00-05:00,56.49415449864354,57.18195816029699,55.862883974158045,56.00421142578125,16502200,0.0,0.0
2025-03-05 00:00:00-05:00,55.994791060763866,56.77681302388229,55.947681910199734,56.362247467041016,9707000,0.0,0.0
2025-03-06 00:00:00-05:00,56.47530995001352,57.19138197519976,55.61791047362842,56.701438903808594,10682400,0.0,0.0
2025-03-07 00:00:00-05:00,56.95583214456408,59.462077023003395,56.78623632920972,57.558837890625,18538200,0.0,0.0
2025-03-10 00:00:00-04:00,57.42692818361991,59.50918342761076,57.21022322826407,59.462074279785156,20295700,0.0,0.0
2025-03-11 00:00:00-04:00,59.16999870501768,59.66936579389151,57.69074900695709,57.95456314086914,14637900,0.0,0.0
2025-03-12 00:00:00-04:00,57.210228487853996,57.304446792167106,56.079590865107086,56.35282897949219,10812400,0.0,0.0
2025-03-13 00:00:00-04:00,56.52242739355749,57.24791627725969,56.333987182095406,56.79566192626953,8990400,0.0,0.0
2025-03-14 00:00:00-04:00,56.381093264984855,56.52242431443177,55.32583317016102,55.59906768798828,11905700,0.0,0.0
2025-03-17 00:00:00-04:00,55.74040099653338,56.654333673148905,54.98664375539596,56.52242660522461,9666800,0.0,0.0
2025-03-18 00:00:00-04:00,56.41878531906703,56.77681776863288,56.09843803658308,56.43762969970703,9967900,0.0,0.0
2025-03-19 00:00:00-04:00,56.39993892529897,57.05005386028274,56.0230585143473,56.60722351074219,8304200,0.0,0.0
2025-03-20 00:00:00-04:00,56.399938272135955,57.53999629047479,56.32456075313937,56.92756652832031,12197400,0.0,0.0
2025-03-21 00:00:00-04:00,56.74855111120941,57.79439083972937,56.38109468642089,57.53999710083008,25865100,0.0,0.0
2025-03-24 00:00:00-04:00,57.276178947049544,57.70958887435562,56.50357739169603,57.521148681640625,11976800,0.0,0.0
2025-03-25 00:00:00-04:00,57.671904578398625,57.93572230628732,55.75924492074518,55.7686653137207,10969100,0.0,0.0
2025-03-26 00:00:00-04:00,55.891148390566215,56.23976041539276,55.146811596473576,55.787506103515625,11579500,0.0,0.0
2025-03-27 00:00:00-04:00,55.75924412259015,56.117280151901035,55.37294332055928,55.49542999267578,8751200,0.0,0.0
2025-03-28 00:00:00-04:00,55.966528302026646,56.63548760900983,54.86415544935203,56.550689697265625,10791600,0.0,0.0
2025-03-31 00:00:00-04:00,56.34340526219776,58.077048666920675,55.93826008215614,57.464622497558594,11615900,0.0,0.0
2025-04-01 00:00:00-04:00,57.257338775737935,57.568262061496846,55.81577784480536,56.10785675048828,9623800,0.0,0.0
2025-04-02 00:00:00-04:00,56.35282863558818,56.757973811218335,55.74039887869669,56.154964447021484,8310000,0.0,0.0
2025-04-03 00:00:00-04:00,57.09716341490604,57.28560362170797,54.3271042357711,54.47785568237305,13246900,0.0,0.0
2025-04-04 00:00:00-04:00,54.11593760717889,54.44927966437482,52.11587799769143,52.66827392578125,14657900,0.62,0.0
2025-04-07 00:00:00-04:00,51.33490465540332,52.66827658465617,50.182485699870895,52.56351089477539,16820500,0.0,0.0
2025-04-08 00:00:00-04:00,52.544458841931245,53.115907031458775,49.677706292189285,50.54439926147461,16335100,0.0,0.0
2025-04-09 00:00:00-04:00,48.76339922569629,51.477766634198126,47.544311792673376,51.18252182006836,24323900,0.0,0.0
2025-04-10 00:00:00-04:00,50.792028397506,50.87774181196065,46.49665714846848,48.05860900878906,23973300,0.0,0.0
2025-04-11 00:00:00-04:00,48.06813459908272,48.582433245764086,46.94429049121135,48.29671096801758,13411300,0.0,0.0
2025-04-14 00:00:00-04:00,49.077685103878196,49.14435351182178,48.14432375951226,48.896728515625,14310300,0.0,0.0
2025-04-15 00:00:00-04:00,48.78243998707272,49.04911361694336,47.30620162217412,47.62049865722656,15684400,0.0,0.0
2025-04-16 00:00:00-04:00,47.71574101232421,48.001466927624925,46.51570597405375,47.01095962524414,14991000,0.0,0.0
2025-04-17 00:00:00-04:00,46.83953003138249,47.70622309598028,46.72524183417077,46.887149810791016,14244100,0.0,0.0
2025-04-21 00:00:00-04:00,47.00143463142076,47.30620555752812,45.86806797703123,46.61094665527344,10338700,0.0,0.0
2025-04-22 00:00:00-04:00,46.96334243375736,47.677649994989686,46.55380580799834,47.44906997680664,13376000,0.0,0.0
2025-04-23 00:00:00-04:00,45.36328836751763,46.98238606024994,45.27757132398605,46.220455169677734,24036600,0.0,0.0
2025-04-24 00:00:00-04:00,45.658533392295226,46.51570383242045,44.69660090562649,46.372840881347656,20579300,0.0,0.0
2025-04-25 00:00:00-04:00,46.54427279419139,46.62046733337757,44.72516995241065,45.62043762207031,16298800,0.0,0.0
2025-04-28 00:00:00-04:00,46.01093399749939,46.53475883450424,45.63949100052436,46.15379333496094,18574700,0.0,0.0
2025-04-29 00:00:00-04:00,46.029980136081285,47.12524952976495,45.85854603391235,46.87762451171875,19932800,0.0,0.0
2025-04-30 00:00:00-04:00,47.80145943005272,47.95384489377366,46.810955732444604,47.81098556518555,15951600,0.0,0.0
2025-05-01 00:00:00-04:00,47.21096812340847,47.791938862723896,46.37284622243756,47.24906539916992,17163100,0.0,0.0
2025-05-02 00:00:00-04:00,47.72526432421016,48.23956658154308,47.31572774520309,48.16337203979492,14167200,0.0,0.0
2025-05-05 00:00:00-04:00,48.06813459760751,48.19194528362848,46.99191026386761,47.67764663696289,12394600,0.0,0.0
2025-05-06 00:00:00-04:00,47.37288035183949,47.43002263307699,45.14424055467153,45.306148529052734,18517500,0.0,0.0
2025-05-07 00:00:00-04:00,45.50614903633196,45.896636994429045,45.02994403215718,45.353763580322266,15921800,0.0,0.0
2025-05-08 00:00:00-04:00,44.763271187457136,45.14423665082552,44.30611481130862,44.648983001708984,23404000,0.0,0.0
2025-05-09 00:00:00-04:00,44.668029954511724,44.877557681626236,44.115630416764866,44.239444732666016,14915400,0.0,0.0
2025-05-12 00:00:00-04:00,44.00134771538779,46.11569568456102,43.33465991316932,45.88711929321289,25598900,0.0,0.0
2025-05-13 00:00:00-04:00,45.04899391355132,45.36329096890931,44.29658911419972,44.37278366088867,16888200,0.0,0.0
2025-05-14 00:00:00-04:00,44.487074625589464,44.629937592973796,41.90604414241203,42.02033233642578,21973700,0.0,0.0
2025-05-15 00:00:00-04:00,42.57272996382417,43.66799934148698,42.30605267926435,43.629905700683594,27844400,0.0,0.0
2025-05-16 00:00:00-04:00,43.80133934070563,44.57278914793014,43.62037910787541,44.525169372558594,12116100,0.0,0.0
2025-05-19 00:00:00-04:00,44.38230439464743,45.02042098170175,44.18229916729021,44.972801208496094,10079100,0.0,0.0
2025-05-20 00:00:00-04:00,45.22995235655944,45.96330485707947,45.21090372064055,45.59186553955078,12595000,0.0,0.0
2025-05-21 00:00:00-04:00,45.429959078253425,45.60139317400636,44.69660292045607,44.76327133178711,11963200,0.0,0.0
2025-05-22 00:00:00-04:00,44.668032723885126,45.020423424514675,44.25849611241457,44.79184341430664,11036200,0.0,0.0
2025-05-23 00:00:00-04:00,44.696605469716914,44.915659352749145,44.27754634128431,44.62041091918945,8401400,0.0,0.0
2025-05-27 00:00:00-04:00,44.98232787498165,45.106142203305495,44.563268745551305,44.65850830078125,12954500,0.0,0.0
2025-05-28 00:00:00-04:00,44.668034648356006,44.953756948559054,43.90610367027298,44.734703063964844,12427700,0.0,0.0
2025-05-29 00:00:00-04:00,44.76327167900099,45.572818756103516,44.65850599376646,45.572818756103516,10490600,0.0,0.0
2025-05-30 00:00:00-04:00,45.59187282400584,46.049029259633905,45.04899932962524,45.98236083984375,20759300,0.0,0.0
2025-06-02 00:00:00-04:00,46.1918826699534,46.54427333489421,45.54424361196965,46.468082427978516,13505600,0.0,0.0
2025-06-03 00:00:00-04:00,46.182364702398935,46.601423814460226,45.38234011889573,45.80139923095703,12432700,0.0,0.0
2025-06-04 00:00:00-04:00,45.87758803253758,46.5252271242693,45.668060302734375,45.668060302734375,11203100,0.0,0.0
2025-06-05 00:00:00-04:00,45.76329868029666,46.28712344115376,45.458527778228685,45.56329345703125,12786000,0.0,0.0
2025-06-06 00:00:00-04:00,45.8109222290733,46.36332180533237,45.8013997271043,46.106170654296875,9319900,0.0,0.0
2025-06-09 00:00:00-04:00,46.24903172088255,47.020481509223046,46.239505586147835,46.6680908203125,9863500,0.0,0.0
2025-06-10 00:00:00-04:00,46.86809297493687,48.220516999162356,46.78237593373134,47.59192657470703,11365600,0.0,0.0
2025-06-11 00:00:00-04:00,47.66812249630431,48.34433276297392,47.487165893903665,47.77288818359375,11024600,0.0,0.0
2025-06-12 00:00:00-04:00,47.772888020073744,48.32528759365235,47.57288278129087,48.27766418457031,9620400,0.0,0.0
2025-06-13 00:00:00-04:00,47.84908304095676,48.05861078373311,47.28716095990207,47.38240051269531,9499400,0.0,0.0
2025-06-16 00:00:00-04:00,46.982389232491755,47.08715128552099,45.95378464066155,46.34427261352539,14974400,0.0,0.0
2025-06-17 00:00:00-04:00,46.096652071493075,46.24903754804527,44.91566190334631,44.982330322265625,12453800,0.0,0.0
2025-06-18 00:00:00-04:00,45.058523346486346,45.11566562752959,44.182304161209046,44.61088943481445,15864200,0.0,0.0
2025-06-20 00:00:00-04:00,44.68707467734894,45.1442346665594,44.49659558719297,44.62993240356445,47287200,0.0,0.0
2025-06-23 00:00:00-04:00,44.65850543050208,44.93470520933568,44.115632007639306,44.687076568603516,9508300,0.0,0.0
2025-06-24 00:00:00-04:00,44.83946682325215,45.144237748092195,44.4870724894666,44.79184341430664,14585000,0.0,0.0
2025-06-25 00:00:00-04:00,44.76327466424862,44.76327466424862,44.25849847426176,44.45850372314453,9013100,0.0,0.0
2025-06-26 00:00:00-04:00,44.66803032524534,44.82993828086652,44.25849373576659,44.429927825927734,7325600,0.0,0.0
2025-06-27 00:00:00-04:00,44.60136319501091,44.715651380676896,43.982295225771345,44.144203186035156,21865000,0.0,0.0
2025-06-30 00:00:00-04:00,44.20134720176572,44.506118105921914,43.9727672070707,44.087059020996094,17511800,0.0,0.0
2025-07-01 00:00:00-04:00,44.05848796912526,45.96330809743109,43.972770918025255,45.249000549316406,21112400,0.0,0.0
2025-07-02 00:00:00-04:00,45.32519160780488,45.92521091929656,45.106137745898096,45.36328887939453,12299100,0.0,0.0
2025-07-03 00:00:00-04:00,45.55628599154438,45.61418558431158,45.064152336777674,45.27644348144531,7024100,0.62,0.0
2025-07-07 00:00:00-04:00,45.21854568695451,45.27644159623835,44.707112189227,44.861507415771484,10687100,0.0,0.0
2025-07-08 00:00:00-04:00,45.0159005002164,46.144914850397285,44.8518535092158,45.39223861694336,9837200,0.0,0.0
2025-07-09 00:00:00-04:00,45.54663467406982,46.10631597355528,45.45013535962581,45.99052047729492,11949000,0.0,0.0
2025-07-10 00:00:00-04:00,45.78787768030866,46.90724396626174,45.334340102708474,46.820396423339844,14727300,0.0,0.0
2025-07-11 00:00:00-04:00,46.07736765214911,46.125615468449965,45.083448648276296,45.218544006347656,13716400,0.0,0.0
2025-07-14 00:00:00-04:00,45.23784635367119,46.2896650035173,45.23784635367119,45.681732177734375,10867500,0.0,0.0
2025-07-15 00:00:00-04:00,45.498388302447665,45.8264786198328,44.56236516851042,44.80360794067383,14878700,0.0,0.0
2025-07-16 00:00:00-04:00,45.1316987058756,45.75892771108056,45.015903204788515,45.51768493652344,13250500,0.0,0.0
2025-07-17 00:00:00-04:00,45.170293075700975,46.66599736433803,45.170293075700975,46.37650680541992,16472000,0.0,0.0
2025-07-18 00:00:00-04:00,46.45370699225583,46.550206308463174,45.60453141499383,45.70103073120117,10717000,0.0,0.0
2025-07-21 00:00:00-04:00,45.72998110472949,45.72998110472949,44.938705075331896,45.054500579833984,9999300,0.0,0.0
2025-07-22 00:00:00-04:00,45.26679125705741,46.45370519237604,45.20889166957637,46.33790969848633,9605500,0.0,0.0
2025-07-23 00:00:00-04:00,47.14848672969654,47.3993775864182,46.6660011981705,47.2642822265625,10834300,0.0,0.0
2025-07-24 00:00:00-04:00,47.302880754936076,47.55377160530572,47.00373840777747,47.22568130493164,6860600,0.0,0.0
2025-07-25 00:00:00-04:00,47.36077985172719,47.515175069063964,45.633480827034816,46.73354721069336,11922000,0.0,0.0
2025-07-28 00:00:00-04:00,46.743199026880475,46.76249889071987,45.68173228322213,45.84577560424805,7445600,0.0,0.0
2025-07-29 00:00:00-04:00,45.51768267605641,45.52733444796004,44.74570657202546,45.218544006347656,11423400,0.0,0.0
2025-07-30 00:00:00-04:00,45.35364044329139,45.604531302667475,44.20532619129629,44.36936950683594,14148800,0.0,0.0
2025-07-31 00:00:00-04:00,42.62277214767343,43.91583358188823,41.45515798841745,41.79290008544922,44531300,0.0,0.0
2025-08-01 00:00:00-04:00,42.082386874035116,42.90261077061109,42.04378714968341,42.680667877197266,18629500,0.0,0.0
2025-08-04 00:00:00-04:00,42.52627896587969,43.91583611890826,42.3429357696348,43.8096923828125,14662800,0.0,0.0
2025-08-05 00:00:00-04:00,44.02198027736565,44.2921746868137,43.47194704827413,44.24392318725586,11936900,0.0,0.0
2025-08-06 00:00:00-04:00,44.10882360250752,44.301818539054345,43.17280423402462,43.25,11324200,0.0,0.0
2025-08-07 00:00:00-04:00,43.40439761486137,44.340420716212556,43.182454713926305,43.771087646484375,11841800,0.0,0.0
2025-08-08 00:00:00-04:00,43.828982617898305,44.47551512513882,43.703539033791635,44.34041976928711,9988000,0.0,0.0
2025-08-11 00:00:00-04:00,44.42726862171651,44.745707158332614,44.099178313070304,44.32112121582031,8664200,0.0,0.0
2025-08-12 00:00:00-04:00,44.475517262449955,45.16064584637803,44.37902162679651,44.919403076171875,10290800,0.0,0.0
2025-08-13 00:00:00-04:00,45.102751428937104,46.19316613595609,44.726409602869154,46.173866271972656,10114400,0.0,0.0
2025-08-14 00:00:00-04:00,45.76857911992452,46.29931248352006,45.363289347729996,46.13526916503906,9410200,0.0,0.0
2025-08-15 00:00:00-04:00,46.608099227126964,46.926541428573806,46.251060982745706,46.743194580078125,11208000,0.0,0.0
2025-08-18 00:00:00-04:00,46.69494423882049,47.00373465202006,46.39580559663646,46.501949310302734,7866300,0.0,0.0
2025-08-19 00:00:00-04:00,46.704601402306125,47.13883544026722,46.4826548161881,46.64670181274414,9083800,0.0,0.0
2025-08-20 00:00:00-04:00,46.8010946347696,47.84326510695341,46.55020378835812,46.56949996948242,9803200,0.0,0.0
2025-08-21 00:00:00-04:00,46.56950022166985,47.206380953318074,46.386157051417534,46.73354721069336,8782200,0.0,0.0
2025-08-22 00:00:00-04:00,47.12918455028892,47.38972716623591,46.048418043490976,46.24140930175781,11609100,0.0,0.0
2025-08-25 00:00:00-04:00,46.289662946033545,46.46335803139397,45.295740250677184,45.48873519897461,10859700,0.0,0.0
2025-08-26 00:00:00-04:00,45.54663776659104,45.73963272751056,45.343994714108256,45.5562858581543,12198300,0.0,0.0
2025-08-27 00:00:00-04:00,45.64312853604816,46.164213770605336,45.53698113481551,45.961570739746094,8562300,0.0,0.0
2025-08-28 00:00:00-04:00,45.96157082659849,45.98087068877474,45.015899666396024,45.23784255981445,7872000,0.0,0.0
2025-08-29 00:00:00-04:00,45.34399293949734,45.70103121052793,45.17994594076054,45.52733612060547,10687000,0.0,0.0
2025-09-02 00:00:00-04:00,45.64312780798007,46.18351289605719,45.392236966309575,45.74927520751953,9510300,0.0,0.0
2025-09-03 00:00:00-04:00,45.662429338403804,46.81074355132296,45.64312947586663,45.836124420166016,8379900,0.0,0.0
2025-09-04 00:00:00-04:00,45.932624157876326,46.019471706521074,44.68781420206525,45.054500579833984,10633100,0.0,0.0
2025-09-05 00:00:00-04:00,45.08344912051524,45.51768315284386,44.87115430928083,45.48873519897461,8227300,0.0,0.0
2025-09-08 00:00:00-04:00,45.015898826864564,45.170294040322844,44.243919078500895,45.08344650268555,10005600,0.0,0.0
2025-09-09 00:00:00-04:00,45.10275063609308,45.855426912852636,45.09309886373469,45.575584411621094,7891000,0.0,0.0
2025-09-10 00:00:00-04:00,45.35363545087455,45.77822135118614,45.1413406601827,45.498382568359375,8513400,0.0,0.0
2025-09-11 00:00:00-04:00,45.72032631668615,46.50195045893521,45.565931106272686,45.87472152709961,9875800,0.0,0.0
2025-09-12 00:00:00-04:00,45.75892334884527,46.222112671182636,44.5720094529024,44.581661224365234,11896400,0.0,0.0
2025-09-15 00:00:00-04:00,44.697461956470406,45.09309996818458,44.38867149274582,44.726409912109375,9669100,0.0,0.0
2025-09-16 00:00:00-04:00,44.43691623929531,45.19924425436295,44.42726814844046,44.716758728027344,9050600,0.0,0.0
2025-09-17 00:00:00-04:00,44.62026429236032,45.1606457404684,44.398317704947324,44.533416748046875,14352600,0.0,0.0
2025-09-18 00:00:00-04:00,44.485163437106664,44.69745824368536,43.92548214849791,44.00267791748047,18963900,0.0,0.0
2025-09-19 00:00:00-04:00,44.079877722552865,44.32112048430892,43.42369711609059,43.442996978759766,28356200,0.0,0.0
2025-09-22 00:00:00-04:00,43.45264387193585,43.94478115375469,43.38509619499166,43.404396057128906,11546000,0.0,0.0
2025-09-23 00:00:00-04:00,43.34649730336428,43.99302981362804,43.14385426863914,43.336849212646484,16358100,0.0,0.0
2025-09-24 00:00:00-04:00,43.1824540942733,43.28860149777829,42.50697362920985,42.613121032714844,19374200,0.0,0.0
2025-09-25 00:00:00-04:00,42.63241711567506,42.90260780531762,41.677094249897024,41.88938903808594,21345600,0.0,0.0
2025-09-26 00:00:00-04:00,42.42012869693537,42.59382378952106,41.73500009899883,42.57452392578125,14999600,0.0,0.0
2025-09-29 00:00:00-04:00,42.45872653226836,43.11490714588921,42.25608349363992,42.60347366333008,20722400,0.0,0.0
2025-09-30 00:00:00-04:00,42.632423364895985,43.93513287356821,42.57452377388312,43.52019500732422,35920400,0.0,0.0
2025-10-01 00:00:00-04:00,44.38866866825003,46.87829576481883,44.04127849839648,45.768577575683594,36615400,0.0,0.0
2025-10-02 00:00:00-04:00,45.44048541127492,45.749275842728615,44.06057656024707,44.12812423706055,27612200,0.0,0.0
2025-10-03 00:00:00-04:00,44.216165443891406,45.17483405369347,43.68791833287837,44.460723876953125,17894000,0.62,0.0
2025-10-06 00:00:00-04:00,44.36290272665591,44.91071501521155,43.89335093575076,44.157474517822266,19162500,0.0,0.0
2025-10-07 00:00:00-04:00,44.0498650634004,44.18681719287297,43.28684392395854,43.68791961669922,13018100,0.0,0.0
2025-10-08 00:00:00-04:00,43.766185087928726,43.92270235822756,43.49227706615622,43.57053756713867,10822900,0.0,0.0
2025-10-09 00:00:00-04:00,43.844437329886205,44.20638278039052,43.560748640617504,43.70748519897461,13379400,0.0,0.0
2025-10-10 00:00:00-04:00,43.80530613110987,43.80530613110987,42.81729168553726,43.00315475463867,14024900,0.0,0.0
2025-10-13 00:00:00-04:00,42.729252549546295,43.26728039153862,42.3477419658002,42.59230041503906,15509100,0.0,0.0
2025-10-14 00:00:00-04:00,42.48469228131974,42.94446334033668,42.328175029774805,42.84663772583008,16805600,0.0,0.0
2025-10-15 00:00:00-04:00,42.82707600603135,43.27706640518735,42.45534983636525,42.6607780456543,11941500,0.0,0.0
2025-10-16 00:00:00-04:00,42.778163913520075,42.973811421167305,42.27926631410217,42.44556427001953,12922100,0.0,0.0
2025-10-17 00:00:00-04:00,42.33795954377604,42.7096894490955,42.17166158161515,42.68034362792969,13966200,0.0,0.0
2025-10-20 00:00:00-04:00,42.70968471158356,43.02271920818253,42.56294815869912,42.64120864868164,11511500,0.0,0.0
2025-10-21 00:00:00-04:00,42.65099533892522,43.6096678176299,42.396656174064404,43.57053756713867,16468500,0.0,0.0
2025-10-22 00:00:00-04:00,43.619445112955255,44.24551414532942,43.36510596792792,43.423797607421875,14316500,0.0,0.0
2025-10-23 00:00:00-04:00,43.38466628403112,43.38466628403112,42.57273419395255,42.8759880065918,15379100,0.0,0.0
2025-10-24 00:00:00-04:00,42.973809891099584,42.983590586884084,42.63142956365664,42.8759880065918,10105900,0.0,0.0
2025-10-27 00:00:00-04:00,42.866205105378036,42.866205105378036,42.26948188630361,42.44556427001953,21380700,0.0,0.0
2025-10-28 00:00:00-04:00,42.44556292423584,42.44556292423584,41.81949390494758,41.887969970703125,17960600,0.0,0.0
2025-10-29 00:00:00-04:00,41.887968813879795,42.21078774209695,41.59449943565141,41.67275619506836,16147100,0.0,0.0
2025-10-30 00:00:00-04:00,42.32817763121033,44.822673113619864,42.25970156268008,44.62702560424805,41931600,0.0,0.0
2025-10-31 00:00:00-04:00,44.48029144564803,45.48787105114245,44.2161678756157,45.067230224609375,21482900,0.0,0.0
2025-11-03 00:00:00-05:00,45.1944005519676,45.644387186900126,44.51941686790314,45.01831817626953,20374700,0.0,0.0
2025-11-04 00:00:00-05:00,44.499857250747006,45.585693635290035,44.392250935567276,44.597679138183594,16316800,0.0,0.0
2025-11-05 00:00:00-05:00,44.558545821211084,45.61504004474749,44.44115881804,45.45852279663086,11730700,0.0,0.0
2025-11-06 00:00:00-05:00,45.39983100763866,45.97698910524776,44.95962504646801,45.61504364013672,11591200,0.0,0.0
2025-11-07 00:00:00-05:00,45.703086124950964,45.967209709123324,45.31179109691799,45.673736572265625,9007500,0.0,0.0
2025-11-10 00:00:00-05:00,45.65417274129605,46.368286747440344,45.65417274129605,46.23133087158203,10739300,0.0,0.0
2025-11-11 00:00:00-05:00,46.44654193323509,47.67911865228781,46.41719611238438,47.65955352783203,14446000,0.0,0.0
2025-11-12 00:00:00-05:00,47.93345444297183,48.64756464299582,47.659550183145,48.011714935302734,12717200,0.0,0.0
2025-11-13 00:00:00-05:00,47.95302089647512,48.901908868152326,47.424773753582706,47.571510314941406,14502600,0.0,0.0
2025-11-14 00:00:00-05:00,47.21934301970548,47.31716490091931,45.11613898861793,45.634605407714844,19779300,0.0,0.0
2025-11-17 00:00:00-05:00,45.507433758035305,46.69109568069406,45.507433758035305,45.79112243652344,12851600,0.0,0.0
2025-11-18 00:00:00-05:00,45.79112423509249,46.603056325818486,45.7422095611339,46.035682678222656,14588800,0.0,0.0
2025-11-19 00:00:00-05:00,45.9769854378371,45.9769854378371,44.74441257654282,44.7933235168457,14825000,0.0,0.0
2025-11-20 00:00:00-05:00,44.90093314572815,45.19440254091827,44.284644803662836,44.940059661865234,12137600,0.0,0.0
2025-11-21 00:00:00-05:00,45.165052341210426,45.96720748299739,44.52920261603258,45.24331283569336,14183500,0.0,0.0
2025-11-24 00:00:00-05:00,47.14108454983178,47.5715098016177,46.54436507818755,46.72044372558594,27383800,0.0,0.0
2025-11-25 00:00:00-05:00,47.160651905270726,48.32475254769654,47.053045587231445,47.98236846923828,15000000,0.0,0.0
2025-11-26 00:00:00-05:00,47.95302332699864,48.42257512281389,47.737810687875246,48.178016662597656,11373500,0.0,0.0
2025-11-28 00:00:00-05:00,48.15845043467834,48.29540257219533,47.94323780048544,48.12910461425781,6187100,0.0,0.0
2025-12-01 00:00:00-05:00,48.1584499761062,48.774738320730116,47.698678891677865,48.10953903198242,11772900,0.0,0.0
2025-12-02 00:00:00-05:00,47.88454776743808,48.10954110543702,47.17043750378945,47.19978332519531,14475700,0.0,0.0
2025-12-03 00:00:00-05:00,48.85299303980287,50.22252180792937,48.35409545996097,49.850791931152344,27120100,0.0,0.0
2025-12-04 00:00:00-05:00,49.69427780263677,50.94641964219088,49.13668481823869,50.81924819946289,20473100,0.0,0.0
2025-12-05 00:00:00-05:00,50.85837912724662,51.36705744161799,50.56490598908457,51.014896392822266,15667700,0.0,0.0
2025-12-08 00:00:00-05:00,51.063804118504976,51.26923231693118,50.53555698112412,50.54533767700195,15278700,0.0,0.0
2025-12-09 00:00:00-05:00,50.66272848690886,50.877937381507614,49.32254551820002,49.547542572021484,12715400,0.0,0.0
2025-12-10 00:00:00-05:00,49.68449576665319,50.48664718684928,49.23450911272189,50.09535217285156,12132400,0.0,0.0
2025-12-11 00:00:00-05:00,49.99753009782623,50.359475558834994,49.34211151158601,50.0855712890625,9684200,0.0,0.0
2025-12-12 00:00:00-05:00,51.13228156762499,51.836611103182854,50.877938687933174,51.26923370361328,19046700,0.0,0.0
2025-12-15 00:00:00-05:00,52.33550890758848,53.60721211601915,51.85617269809068,53.108314514160156,21936600,0.0,0.0
2025-12-16 00:00:00-05:00,53.069182890854,53.528953964410114,52.23768566541476,53.049617767333984,18038400,0.0,0.0
2025-12-17 00:00:00-05:00,52.8931005040064,53.30396063454225,52.33550754458797,52.38441848754883,14990500,0.0,0.0
2025-12-18 00:00:00-05:00,52.15942791320137,52.62897970736756,51.934434578392526,52.169212341308594,17296500,0.0,0.0
2025-12-19 00:00:00-05:00,52.247469216826964,53.665909030391674,52.13008220095703,53.01049041748047,40404100,0.0,0.0
2025-12-22 00:00:00-05:00,52.96157858431729,53.626777882542854,52.86375669467595,53.47026062011719,25146300,0.0,0.0
2025-12-23 00:00:00-05:00,53.470259706961166,53.587646718859226,52.83440624015382,53.09852981567383,16579400,0.0,0.0
2025-12-24 00:00:00-05:00,53.22570326181605,53.558302917786754,53.02027505033396,53.51917266845703,10038100,0.0,0.0
2025-12-26 00:00:00-05:00,53.5680820507387,53.841990056385946,53.1963558879542,53.4506950378418,9573000,0.0,0.0
2025-12-29 00:00:00-05:00,53.450694626743605,53.53873581865561,52.82462558722086,52.93223190307617,9162800,0.0,0.0
2025-12-30 00:00:00-05:00,53.020275303209765,53.167008141397105,52.7463672882613,53.03005599975586,7914000,0.0,0.0
2025-12-31 00:00:00-05:00,53.03005375131899,53.16700588715356,52.73658435572123,52.76593017578125,7866800,0.0,0.0
2026-01-02 00:00:00-05:00,52.666949637899485,53.320213673282986,52.39970474491096,52.914398193359375,8865800,0.63,0.0
2026-01-05 00:00:00-05:00,52.45909700668492,52.81542355273961,51.528691739804216,52.51848602294922,14090600,0.0,0.0
2026-01-06 00:00:00-05:00,52.65705472085417,54.26052034455031,52.607565763633474,53.864601135253906,16769400,0.0,0.0
2026-01-07 00:00:00-05:00,54.676237284259656,56.16092869328182,54.66633722710416,56.14113235473633,18041600,0.0,0.0
2026-01-08 00:00:00-05:00,56.00256252235153,56.3885816898249,55.24042046892937,55.32950210571289,12073500,0.0,0.0
2026-01-09 00:00:00-05:00,55.15133876701904,55.75511388497592,55.05235707306227,55.28990936279297,9478900,0.0,0.0
2026-01-12 00:00:00-05:00,55.537354927251045,56.012455705225,54.943476122959595,55.20082473754883,13249600,0.0,0.0
2026-01-13 00:00:00-05:00,55.36908909325725,55.98276424800017,54.983069939130026,55.34929275512695,10924200,0.0,0.0
2026-01-14 00:00:00-05:00,55.53735577658632,56.45786472791491,55.16123290569287,56.43806838989258,13352600,0.0,0.0
2026-01-15 00:00:00-05:00,56.15102656018003,56.418271457015635,54.77521317614018,56.04214859008789,11845600,0.0,0.0
2026-01-16 00:00:00-05:00,55.883783541462115,55.98276523385667,54.53766273102015,54.69602966308594,13702900,0.0,0.0
2026-01-20 00:00:00-05:00,53.96358256772019,54.349601718269504,53.330114856483846,53.66664505004883,15350000,0.0,0.0
2026-01-21 00:00:00-05:00,53.54786741081625,54.06256087387083,53.003481328508755,53.94378662109375,15834800,0.0,0.0
2026-01-22 00:00:00-05:00,54.05266520633474,54.96327411423897,53.80521664104352,54.379295349121094,12277500,0.0,0.0
2026-01-23 00:00:00-05:00,54.418888599599825,54.616848209073375,53.67654289589814,54.09225845336914,9701700,0.0,0.0
2026-01-26 00:00:00-05:00,53.993277611837826,54.64654169036199,53.92399231379477,54.04276657104492,8565600,0.0,0.0
2026-01-27 00:00:00-05:00,54.00317526971296,55.54725187265644,54.00317526971296,54.99296951293945,11347000,0.0,0.0
2026-01-28 00:00:00-05:00,54.44858018965744,54.903888415564516,53.706234499996555,54.06256103515625,7901700,0.0,0.0
2026-01-29 00:00:00-05:00,54.08235880165056,54.60694856128735,53.65674695960977,53.72603225708008,16530100,0.0,0.0
2026-01-30 00:00:00-05:00,53.97348095903252,54.50797077719736,53.77552512335565,54.48817443847656,16199300,0.0,0.0
2026-02-02 00:00:00-05:00,54.498071900529816,55.329499208383055,54.39909021163934,55.31959915161133,9424900,0.0,0.0
2026-02-03 00:00:00-05:00,54.98307102035984,55.95306895322663,54.92368578056658,55.418582916259766,11081300,0.0,0.0
2026-02-04 00:00:00-05:00,55.99266105576313,57.37837453179239,55.8540904633133,57.031944274902344,21793800,0.0,0.0
2026-02-05 00:00:00-05:00,58.30878058277433,59.94194264665002,57.40806794365451,58.91255569458008,23929600,0.0,0.0
2026-02-06 00:00:00-05:00,59.387653414793945,61.416730817979676,59.16000119646241,61.35734558105469,17117600,0.0,0.0
2026-02-09 00:00:00-05:00,60.743670557176,61.00101917021533,59.74398005083254,60.14979553222656,14013500,0.0,0.0
2026-02-10 00:00:00-05:00,60.3180617360422,60.822858930526884,59.338167518597494,60.2388801574707,12082800,0.0,0.0
2026-02-11 00:00:00-05:00,59.98153116668448,60.456635738284774,59.05112591347869,59.3183708190918,11867000,0.0,0.0
2026-02-12 00:00:00-05:00,59.387655063682374,60.30816401923068,58.64530937538634,59.24908447265625,14021500,0.0,0.0
2026-02-13 00:00:00-05:00,59.49653429482566,60.32796163434722,59.40745265931386,60.1201057434082,10819600,0.0,0.0
2026-02-17 00:00:00-05:00,60.22897839157994,60.67438655767549,58.8729613310361,59.73408126831055,12874400,0.0,0.0
2026-02-18 00:00:00-05:00,59.61530805105185,59.79347132058355,58.78388071849241,59.12041091918945,9436800,0.0,0.0
2026-02-19 00:00:00-05:00,59.239185027949624,59.743982215636606,58.62551364316364,59.684593200683594,13325200,0.0,0.0
2026-02-20 00:00:00-05:00,60.001327580590974,60.30816516351749,59.04122970636504,60.04092025756836,9598800,0.0,0.0
2026-02-23 00:00:00-05:00,60.34775582511852,60.81295654888773,60.0211219146116,60.62489700317383,11029100,0.0,0.0
2026-02-24 00:00:00-05:00,60.486327847563956,61.278162500605156,60.38734615608039,60.9713249206543,13237900,0.0,0.0
2026-02-25 00:00:00-05:00,60.87234849755377,61.486019896737524,60.28836971866044,60.67438888549805,16234100,0.0,0.0
2026-02-26 00:00:00-05:00,60.9020408279718,60.971326125496695,60.03102458029723,60.4764289855957,10672100,0.0,0.0
2026-02-27 00:00:00-05:00,60.55561328881512,62.04030468273684,60.55561328881512,61.73346710205078,20742600,0.0,0.0
2026-03-02 00:00:00-05:00,61.73346611769519,62.24815957913965,61.34744696555319,61.703773498535156,17627500,0.0,0.0
2026-03-03 00:00:00-05:00,60.94163370310411,61.31775658786374,59.81326882459076,60.59520721435547,12425300,0.0,0.0
2026-03-04 00:00:00-05:00,61.07030673144261,61.9512230206572,60.84265450423386,61.693878173828125,12345000,0.0,0.0
2026-03-05 00:00:00-05:00,61.16928525525209,61.3672448648078,59.64500117016831,60.1201057434082,14758400,0.0,0.0
2026-03-06 00:00:00-05:00,59.813268470656055,59.813268470656055,58.8432705321341,59.67469787597656,11401900,0.0,0.0
2026-03-09 00:00:00-04:00,59.30846986440247,60.02112293525212,58.64530952684605,60.011226654052734,10964600,0.0,0.0
2026-03-10 00:00:00-04:00,59.981531459989085,60.33785800254897,59.36786006767236,59.51633071899414,9693800,0.0,0.0
2026-03-11 00:00:00-04:00,59.38765522488556,59.417347844253065,58.66510587274131,59.36785888671875,9041100,0.0,0.0
2026-03-12 00:00:00-04:00,58.5661255866128,58.773985254467135,57.72480196105399,58.34837341308594,10235100,0.0,0.0
2026-03-13 00:00:00-04:00,59.06102195794803,59.45694117410517,58.150413046858276,58.477046966552734,9395600,0.0,0.0
2026-03-16 00:00:00-04:00,58.88286047703136,59.18969427222191,58.26918533511956,59.10061264038086,8436800,0.0,0.0
2026-03-17 00:00:00-04:00,59.516328180894185,60.18938856018978,58.981838389847915,59.10061264038086,14258000,0.0,0.0
2026-03-18 00:00:00-04:00,58.74428752411278,59.06102138365245,58.20980149599297,58.76408386230469,12539000,0.0,0.0
2026-03-19 00:00:00-04:00,58.60571705777761,59.03132889039962,57.49714854701969,57.516944885253906,12850600,0.0,0.0
2026-03-20 00:00:00-04:00,57.665409869043756,57.95245110038724,56.32918917601975,56.89337158203125,65847800,0.0,0.0
2026-03-23 00:00:00-04:00,57.62582415489382,57.65551677503084,56.41827392578125,56.41827392578125,10129900,0.0,0.0
2026-03-24 00:00:00-04:00,56.220312019449956,57.101228288028146,55.87388554610979,56.804290771484375,11997700,0.0,0.0
2026-03-25 00:00:00-04:00,57.200209361854526,58.78387861688969,57.200209361854526,58.338470458984375,9052200,0.0,0.0
2026-03-26 00:00:00-04:00,58.170207032138364,58.90265264390502,58.04153272572761,58.82347106933594,6474500,0.0,0.0
2026-03-27 00:00:00-04:00,59.0016378703387,59.08081944965656,57.77429129690476,57.94255828857422,7909300,0.0,0.0
2026-03-30 00:00:00-04:00,59.04122934148952,59.44704483858606,58.47704691322763,59.12041091918945,17705200,0.0,0.0
2026-03-31 00:00:00-04:00,59.585616749181426,60.5061257368647,59.308471781688624,60.03102493286133,12797200,0.0,0.0
2026-04-01 00:00:00-04:00,60.58530501208464,61.5948955981063,60.24877481674408,61.099998474121094,9881900,0.0,0.0
2026-04-02 00:00:00-04:00,60.22999954223633,60.58000183105469,59.099998474121094,59.599998474121094,14752800,0.63,0.0
2026-04-06 00:00:00-04:00,59.119998931884766,59.630001068115234,58.77000045776367,59.33000183105469,7954300,0.0,0.0
2026-04-07 00:00:00-04:00,59.119998931884766,59.22999954223633,57.650001525878906,57.66999816894531,9003100,0.0,0.0
2026-04-08 00:00:00-04:00,58.0099983215332,59.22999954223633,57.66999816894531,59.20000076293945,11587600,0.0,0.0
2026-04-09 00:00:00-04:00,58.70000076293945,59.689998626708984,58.540000915527344,59.470001220703125,6572100,0.0,0.0
2026-04-10 00:00:00-04:00,59.790000915527344,59.79999923706055,58.459999084472656,58.619998931884766,8060100,0.0,0.0
2026-04-13 00:00:00-04:00,58.11000061035156,58.900001525878906,57.54999923706055,58.060001373291016,10529200,0.0,0.0
2026-04-14 00:00:00-04:00,57.900001525878906,58.619998931884766,57.560001373291016,58.08000183105469,7612900,0.0,0.0
2026-04-15 00:00:00-04:00,58.0,58.15999984741211,57.220001220703125,57.88999938964844,8701600,0.0,0.0
2026-04-16 00:00:00-04:00,57.66999816894531,58.97999954223633,57.65999984741211,58.959999084472656,8220700,0.0,0.0
2026-04-17 00:00:00-04:00,59.20000076293945,60.47999954223633,58.540000915527344,60.16999816894531,11535900,0.0,0.0
2026-04-20 00:00:00-04:00,60.0,60.119998931884766,58.90999984741211,59.130001068115234,7677800,0.0,0.0
2026-04-21 00:00:00-04:00,59.150001525878906,59.72999954223633,57.790000915527344,59.38999938964844,9002400,0.0,0.0
2026-04-22 00:00:00-04:00,59.400001525878906,59.70000076293945,58.68000030517578,58.79999923706055,7499800,0.0,0.0
2026-04-23 00:00:00-04:00,58.84000015258789,59.25,58.63999938964844,59.02000045776367,6512700,0.0,0.0
2026-04-24 00:00:00-04:00,58.86000061035156,59.209999084472656,58.349998474121094,58.709999084472656,6822800,0.0,0.0
2026-04-27 00:00:00-04:00,58.209999084472656,59.130001068115234,57.709999084472656,57.779998779296875,10700300,0.0,0.0
2026-04-28 00:00:00-04:00,58.58000183105469,58.72999954223633,57.90999984741211,58.2599983215332,6270800,0.0,0.0
2026-04-29 00:00:00-04:00,57.650001525878906,58.380001068115234,57.279998779296875,57.59000015258789,9462800,0.0,0.0
2026-04-30 00:00:00-04:00,57.689998626708984,60.779998779296875,57.38999938964844,60.59000015258789,24880100,0.0,0.0
2026-05-01 00:00:00-04:00,60.02000045776367,60.09000015258789,58.029998779296875,58.220001220703125,18368500,0.0,0.0
2026-05-04 00:00:00-04:00,57.650001525878906,58.0,56.93000030517578,57.380001068115234,9447400,0.0,0.0
2026-05-05 00:00:00-04:00,57.0,57.47999954223633,56.72999954223633,56.95000076293945,11316700,0.0,0.0
2026-05-06 00:00:00-04:00,57.22999954223633,57.400001525878906,56.36000061035156,56.59000015258789,10439400,0.0,0.0
2026-05-07 00:00:00-04:00,56.439998626708984,56.900001525878906,55.56999969482422,56.25,10419800,0.0,0.0
2026-05-08 00:00:00-04:00,56.33000183105469,56.540000915527344,55.779998779296875,56.15999984741211,10033000,0.0,0.0
2026-05-11 00:00:00-04:00,56.18000030517578,56.4900016784668,55.40999984741211,55.66999816894531,8390900,0.0,0.0
2026-05-12 00:00:00-04:00,56.0099983215332,57.02000045776367,55.45000076293945,56.45000076293945,9274000,0.0,0.0
2026-05-13 00:00:00-04:00,55.900001525878906,56.83000183105469,55.849998474121094,56.38999938964844,7997500,0.0,0.0
2026-05-14 00:00:00-04:00,56.689998626708984,57.04999923706055,56.099998474121094,56.77000045776367,7687000,0.0,0.0
2026-05-15 00:00:00-04:00,56.63999938964844,57.11000061035156,56.13999938964844,57.0,10824000,0.0,0.0
2026-05-18 00:00:00-04:00,57.45000076293945,58.5,57.08000183105469,57.310001373291016,11659300,0.0,0.0
2026-05-19 00:00:00-04:00,57.31999969482422,58.63999938964844,57.08000183105469,58.310001373291016,7998900,0.0,0.0
2026-05-20 00:00:00-04:00,58.66999816894531,59.209999084472656,58.11000061035156,58.540000915527344,8547200,0.0,0.0
2026-05-21 00:00:00-04:00,58.22999954223633,59.61000061035156,57.83000183105469,59.54999923706055,8451100,0.0,0.0
2026-05-22 00:00:00-04:00,59.970001220703125,60.25,59.25,59.459999084472656,6489200,0.0,0.0
2026-05-26 00:00:00-04:00,59.619998931884766,59.779998779296875,58.029998779296875,58.029998779296875,8027463,0.0,0.0
