Date,Open,High,Low,Close,Volume,Dividends,Stock Splits
2022-01-03 00:00:00-05:00,33.26094119798792,33.79411014813255,32.91438104141335,33.70524978637695,1890500,0.0,0.0
2022-01-04 00:00:00-05:00,33.580845282773225,33.78522683492538,33.34091822855836,33.536415100097656,1064600,0.0,0.0
2022-01-05 00:00:00-05:00,33.40312099069281,33.61639061216803,32.976585137548014,32.985469818115234,1240500,0.0,0.0
2022-01-06 00:00:00-05:00,32.91437941937635,33.056558025061996,32.66556431707247,32.84328842163086,1537000,0.0,0.0
2022-01-07 00:00:00-05:00,32.89660930153557,33.71413550217545,32.86106379981933,33.563072204589844,1604900,0.0,0.0
2022-01-10 00:00:00-05:00,33.16319046366975,34.096237756544625,33.07433010808368,34.06069564819336,4111000,0.0,0.0
2022-01-11 00:00:00-05:00,33.75857031393609,34.451690673828125,33.71413674025625,34.451690673828125,1767900,0.0,0.0
2022-01-12 00:00:00-05:00,29.182188356143744,29.60872419619609,29.048894423087464,29.404342651367188,7400700,0.0,0.0
2022-01-13 00:00:00-05:00,29.55540573301099,30.870562134329,29.546521052780214,30.2485294342041,8326400,0.0,0.0
2022-01-14 00:00:00-05:00,30.3107318893974,30.648407359559368,30.035259349290865,30.55954360961914,3868100,0.0,0.0
2022-01-18 00:00:00-05:00,29.813107328300255,30.133010072822795,29.715358890828846,29.973058700561523,4175500,0.0,0.0
2022-01-19 00:00:00-05:00,30.23075653279061,30.630634937286285,30.159665532077828,30.284074783325195,1714100,0.0,0.0
2022-01-20 00:00:00-05:00,29.786447775583927,30.612862010163074,29.786447775583927,30.02637481689453,4696700,0.0,0.0
2022-01-21 00:00:00-05:00,29.742015872103437,29.821991547906674,29.36879492175326,29.430997848510742,3009900,0.0,0.0
2022-01-24 00:00:00-05:00,28.115847521319093,28.551271438598633,27.84926304064853,28.551271438598633,3536300,0.0,0.0
2022-01-25 00:00:00-05:00,29.031123081053394,29.7331315015687,28.73788115983155,29.4665470123291,2306200,0.0,0.0
2022-01-26 00:00:00-05:00,29.493203002681945,29.608724185301178,28.338001345906218,28.613473892211914,3738300,0.0,0.0
2022-01-27 00:00:00-05:00,28.657904149271545,28.888943125317123,28.03587144326423,28.595701217651367,2971500,0.0,0.0
2022-01-28 00:00:00-05:00,28.569042765269252,29.004463271039807,28.373545907279375,28.986690521240234,1653500,0.0,0.0
2022-01-31 00:00:00-05:00,28.9600327313104,29.662041085539276,28.924487232153282,29.573177337646484,2063200,0.0,0.0
2022-02-01 00:00:00-05:00,29.617609810715454,29.813103269236063,29.359910036068687,29.73312759399414,1404100,0.0,0.0
2022-02-02 00:00:00-05:00,29.484317529420373,29.653153568857288,29.333250850088028,29.493202209472656,1078100,0.0,0.0
2022-02-03 00:00:00-05:00,29.22661718067667,29.386568536997864,29.066665824355475,29.07555389404297,1529400,0.0,0.0
2022-02-04 00:00:00-05:00,29.253276608609067,29.73313071035459,29.12887074292814,29.59984016418457,1249500,0.0,0.0
2022-02-07 00:00:00-05:00,29.777561825618704,30.21298575895343,29.777561825618704,29.973058700561523,2245200,0.0,0.0
2022-02-08 00:00:00-05:00,30.168552958157154,30.69283721290447,30.13300745855944,30.586200714111328,1308600,0.0,0.0
2022-02-09 00:00:00-05:00,30.497342986582545,30.701724542197656,30.417367300489182,30.51511573791504,1637300,0.0,0.0
2022-02-10 00:00:00-05:00,30.212982577452117,30.683948574068804,30.124122219911165,30.16855239868164,1779600,0.0,0.0
2022-02-11 00:00:00-05:00,30.3640476128608,30.630635480455613,29.82199397693837,29.91085433959961,1567500,0.0,0.0
2022-02-14 00:00:00-05:00,29.53763681337189,29.62649717622782,29.173303901973693,29.351024627685547,1422000,0.0,0.0
2022-02-15 00:00:00-05:00,29.644267576163827,29.981943029890907,29.644267576163827,29.95528221130371,1227900,0.0,0.0
2022-02-16 00:00:00-05:00,30.035259096270615,30.28407420420176,29.946398736884408,30.070804595947266,1125700,0.0,0.0
2022-02-17 00:00:00-05:00,30.168554137044968,30.186326887538325,29.84865140777563,29.91085433959961,1306900,0.0,0.0
2022-02-18 00:00:00-05:00,30.133009197358078,30.497342114744608,30.079690944884824,30.372936248779297,2031700,0.0,0.0
2022-02-22 00:00:00-05:00,29.733131490018813,30.28407660934642,29.733131490018813,30.008604049682617,2033100,0.0,0.0
2022-02-23 00:00:00-05:00,30.72838303800106,30.79058596805325,30.204098777700118,30.310731887817383,1466600,0.0,0.0
2022-02-24 00:00:00-05:00,29.075554721592578,30.053032247104998,29.048893901576644,30.02637481689453,1774300,0.0,0.0
2022-02-25 00:00:00-05:00,30.221868459637356,31.039398018721382,30.20409909926651,31.03050994873047,1633400,0.0,0.0
2022-02-28 00:00:00-05:00,29.910853636658597,30.444022579707013,29.875308136507243,30.27518653869629,2368600,0.0,0.0
2022-03-01 00:00:00-05:00,29.475429761254528,29.83976605343064,28.764536706605163,28.924488067626953,2763500,0.0,0.0
2022-03-02 00:00:00-05:00,28.43574803117851,28.711220560560466,28.355772354248607,28.577926635742188,2033800,0.0,0.0
2022-03-03 00:00:00-05:00,28.39131734696447,28.409088401041288,27.760398317415024,27.840373992919922,2364200,0.0,0.0
2022-03-04 00:00:00-05:00,27.01396120286756,27.147253437284295,26.711831234241515,27.10282325744629,2197400,0.0,0.0
2022-03-07 00:00:00-05:00,26.871785197186885,27.02285019613703,26.169778457291198,26.205322265625,2483800,0.0,0.0
2022-03-08 00:00:00-05:00,26.231978308000656,26.951757714863927,25.894302846576522,26.38304328918457,2718300,0.0,0.0
2022-03-09 00:00:00-05:00,27.920351504781028,28.373546464148426,27.698197212634426,28.10696029663086,5293400,0.0,0.0
2022-03-10 00:00:00-05:00,27.858148766487837,28.044757559625953,27.333864497810154,27.564905166625977,2584300,0.0,0.0
2022-03-11 00:00:00-05:00,28.23136718373155,28.320229237464858,27.351636411067453,27.41383934020996,2285900,0.0,0.0
2022-03-14 00:00:00-04:00,27.707083300174293,28.169164629820564,27.55601831528619,27.627107620239258,1784300,0.0,0.0
2022-03-15 00:00:00-04:00,27.760398939563306,27.92923666884671,27.44049623037427,27.742626190185547,2087800,0.0,0.0
2022-03-16 00:00:00-04:00,27.920352422976617,28.622359127896818,27.920352422976617,28.533498764038086,2626300,0.0,0.0
2022-03-17 00:00:00-04:00,27.689312370635975,28.06253166990243,27.529361000249946,27.893693923950195,2392200,0.0,0.0
2022-03-18 00:00:00-04:00,27.307205110489043,27.98255436018788,27.191685624640503,27.87592124938965,2142500,0.0,0.0
2022-03-21 00:00:00-04:00,27.662651537716442,27.78705909306708,27.253888456300338,27.35163688659668,1530800,0.0,0.0
2022-03-22 00:00:00-04:00,27.422726554262816,27.86703514162338,27.413840179127273,27.564905166625977,1784500,0.0,0.0
2022-03-23 00:00:00-04:00,26.91621561581058,27.005075979275134,26.640743065381535,26.6851749420166,2173200,0.0,0.0
2022-03-24 00:00:00-04:00,26.50744951523824,26.649628123638163,26.311954352414023,26.596311569213867,1590300,0.0,0.0
2022-03-25 00:00:00-04:00,26.809581036593045,26.889556720318904,26.445248119576494,26.63185691833496,1529400,0.0,0.0
2022-03-28 00:00:00-04:00,26.889557349826962,27.0761661529541,26.782922537395134,27.0761661529541,1180600,0.0,0.0
2022-03-29 00:00:00-04:00,28.07141641579228,28.275797957241203,27.787059193793308,28.124732971191406,1348000,0.0,0.0
2022-03-30 00:00:00-04:00,27.698199589263815,28.03587339654337,27.68042683759045,27.795948028564453,1367200,0.0,0.0
2022-03-31 00:00:00-04:00,27.63599377490253,27.66265120473321,27.12948226928711,27.12948226928711,1001300,0.0,0.0
2022-04-01 00:00:00-04:00,27.591563584288966,27.760401328099356,27.39606840902097,27.6804256439209,1036600,0.0,0.0
2022-04-04 00:00:00-04:00,27.698195899705283,27.920350181321496,27.6004474734253,27.769285202026367,1899200,0.0,0.0
2022-04-05 00:00:00-04:00,27.262774063628235,27.351636116404222,27.09393633284413,27.182798385620117,1896700,0.0,0.0
2022-04-06 00:00:00-04:00,26.951757689206808,27.245001276531404,26.791806333411085,27.19168472290039,1507700,0.0,0.0
2022-04-07 00:00:00-04:00,27.200571938636077,27.4938155350271,27.09393713317446,27.342750549316406,1898700,0.0,0.0
2022-04-08 00:00:00-04:00,27.698195316897962,28.018098018062975,27.55601671524743,27.85814666748047,1156500,0.0,0.0
2022-04-11 00:00:00-04:00,27.60044899213819,27.77817310517148,26.97841798632718,27.013961791992188,1563800,0.0,0.0
2022-04-12 00:00:00-04:00,26.15200347714789,26.445247074250453,25.8498735049934,25.983165740966797,2688600,0.0,0.0
2022-04-13 00:00:00-04:00,25.929849395516303,26.29418230108159,25.903190270144666,26.231979370117188,1237200,0.0,0.0
2022-04-14 00:00:00-04:00,26.30306838680402,26.391930442162348,25.98316566547513,26.000938415527344,1170600,0.0,0.0
2022-04-18 00:00:00-04:00,25.840987243885355,25.920962924802584,25.52108452021643,25.70769500732422,1576300,0.0,0.0
2022-04-19 00:00:00-04:00,25.992054670656124,26.56965554657901,25.9120789822311,26.418590545654297,1926800,0.0,0.0
2022-04-20 00:00:00-04:00,26.5785389699691,26.676287399386172,26.294181751558764,26.560766220092773,1411300,0.0,0.0
2022-04-21 00:00:00-04:00,27.404953378623507,27.60044854386277,27.013961353242255,27.067277908325195,2577600,0.0,0.0
2022-04-22 00:00:00-04:00,27.431613396444995,27.449384452115893,26.81846706087531,26.96064567565918,2332400,0.0,0.0
2022-04-25 00:00:00-04:00,23.85048627488751,23.983778518652628,23.44172147311792,23.912689208984375,4794100,0.0,0.0
2022-04-26 00:00:00-04:00,23.69053504559672,23.734965228815607,23.068502311115243,23.09516143798828,1860600,0.0,0.0
2022-04-27 00:00:00-04:00,22.810802610620108,23.01518415105224,22.659737625321853,22.775257110595703,1931100,0.0,0.0
2022-04-28 00:00:00-04:00,22.837461475632207,23.166248872601024,22.641964617529197,23.086273193359375,2237500,0.0,0.0
2022-04-29 00:00:00-04:00,23.237337651992483,23.459491934888973,22.88189113833863,22.908550262451172,1887800,0.0,0.0
2022-05-02 00:00:00-04:00,23.05961586585342,23.539468248529513,22.89077813171613,23.361745834350586,2107400,0.0,0.0
2022-05-03 00:00:00-04:00,23.272884331021935,23.539468806055666,23.21956608009298,23.281770706176758,3161100,0.0,0.0
2022-05-04 00:00:00-04:00,23.23733766864371,23.77939466166843,22.93520770809577,23.70830535888672,2148400,0.0,0.0
2022-05-05 00:00:00-04:00,23.39729086671769,23.486152925920482,23.024071573988202,23.17513656616211,1975000,0.0,0.0
2022-05-06 00:00:00-04:00,23.299541511418667,23.406176317228887,22.88189205304268,23.04184341430664,4002900,0.0,0.0
2022-05-09 00:00:00-04:00,22.34872189227204,22.393153768520367,21.80666656126461,21.886640548706055,3477700,0.0,0.0
2022-05-10 00:00:00-04:00,22.22431483571749,22.268745014678306,21.886639373965625,22.064363479614258,2738900,0.0,0.0
2022-05-11 00:00:00-04:00,21.842210565037067,22.259860036134537,21.58451246007563,21.59339714050293,2600600,0.0,0.0
2022-05-12 00:00:00-04:00,21.486059320866747,21.828430561849817,21.347260836923844,21.56008529663086,3355700,0.964,0.0
2022-05-13 00:00:00-04:00,22.08752237908772,22.670476718132715,22.059761976307108,22.540931701660156,1848200,0.0,0.0
2022-05-16 00:00:00-04:00,22.577943415631854,22.97583369066244,22.466905336271683,22.88330078125,1537000,0.0,0.0
2022-05-17 00:00:00-04:00,23.05911203748861,23.419988425647635,22.855541058384254,23.327455520629883,1862500,0.0,0.0
2022-05-18 00:00:00-04:00,23.271935578812585,23.336708080331253,22.781514201646498,22.82777976989746,1172600,0.0,0.0
2022-05-19 00:00:00-04:00,22.53167687299677,23.031351738434577,22.494663004858516,22.837034225463867,2014200,0.0,0.0
2022-05-20 00:00:00-04:00,22.975833961522092,23.123885912359988,22.60570408442735,22.994340896606445,1872200,0.0,0.0
2022-05-23 00:00:00-04:00,23.17015279799803,23.382977252560277,23.059112954576868,23.244178771972656,2052600,0.0,0.0
2022-05-24 00:00:00-04:00,23.31820297092117,23.438494507628704,23.0776181325878,23.355215072631836,1706300,0.0,0.0
2022-05-25 00:00:00-04:00,22.707488371944763,23.068364748273826,22.62420893665062,22.901805877685547,2348100,0.0,0.0
2022-05-26 00:00:00-04:00,23.30894991784793,23.68833323293493,23.253429116919342,23.577293395996094,2543200,0.0,0.0
2022-05-27 00:00:00-04:00,23.52177456942111,23.632814407348633,23.36446916189282,23.632814407348633,2649900,0.0,0.0
2022-05-31 00:00:00-04:00,23.854893915059893,24.10473047851302,23.716093667130032,23.99369239807129,2185500,0.0,0.0
2022-06-01 00:00:00-04:00,23.438496202375713,23.438496202375713,22.540931050743456,22.6982364654541,1756900,0.0,0.0
2022-06-02 00:00:00-04:00,22.790766857566073,23.364469458456618,22.65196838208367,23.345962524414062,2473300,0.0,0.0
2022-06-03 00:00:00-04:00,23.02209840849117,23.08687267811883,22.84628782854268,22.911060333251953,1356300,0.0,0.0
2022-06-06 00:00:00-04:00,23.5032689333001,23.642067414684227,23.17015293096188,23.318204879760742,1338800,0.0,0.0
2022-06-07 00:00:00-04:00,23.114632316728784,23.48476219177246,23.086873679174545,23.48476219177246,1141900,0.0,0.0
2022-06-08 00:00:00-04:00,23.447750086727325,23.743853986762264,23.429243151745524,23.48476219177246,1578400,0.0,0.0
2022-06-09 00:00:00-04:00,23.040607061298836,23.049860529078728,22.318854223652295,22.328105926513672,1825400,0.0,0.0
2022-06-10 00:00:00-04:00,21.61560610736826,21.77291152651984,21.51381972882357,21.523073196411133,1854200,0.0,0.0
2022-06-13 00:00:00-04:00,20.634758712782993,20.78281065710522,20.42193426343459,20.495960235595703,1922800,0.0,0.0
2022-06-14 00:00:00-04:00,20.52372108986613,20.54222802454437,20.061058312420702,20.209110260009766,2079600,0.0,0.0
2022-06-15 00:00:00-04:00,20.69028039246635,21.06041026895837,20.495961104234,20.921611785888672,1701200,0.0,0.0
2022-06-16 00:00:00-04:00,19.181997813335236,19.24677031804835,18.83962835558925,18.913654327392578,3668000,0.0,0.0
2022-06-17 00:00:00-04:00,19.070960342253557,19.431836745612458,18.959920498571655,19.265277862548828,2657500,0.0,0.0
2022-06-21 00:00:00-04:00,19.663168271318796,19.727940778531483,19.26527799567692,19.339303970336914,1997100,0.0,0.0
2022-06-22 00:00:00-04:00,19.16349155483721,19.542876659239113,19.16349155483721,19.283784866333008,1249500,0.0,0.0
2022-06-23 00:00:00-04:00,18.78410872166989,19.126479965634314,18.69157757484785,19.089466094970703,1706600,0.0,0.0
2022-06-24 00:00:00-04:00,19.968526120535415,20.30164389702424,19.922260547097967,20.0703125,2512300,0.0,0.0
2022-06-27 00:00:00-04:00,20.505213429379687,20.569985933542394,20.153590507531415,20.34790802001953,1805600,0.0,0.0
2022-06-28 00:00:00-04:00,19.98703238963058,20.18134990949269,19.6816750263341,19.70018196105957,1337200,0.0,0.0
2022-06-29 00:00:00-04:00,19.644660168556523,19.85748461243686,19.44108919157338,19.72793960571289,1062500,0.0,0.0
2022-06-30 00:00:00-04:00,19.607649447425516,20.005539727447996,19.404076691180446,19.922260284423828,1385100,0.0,0.0
2022-07-01 00:00:00-04:00,19.348557056896052,19.66316788423732,19.24677068189787,19.64466094970703,1672500,0.0,0.0
2022-07-05 00:00:00-04:00,19.033945833877727,19.43183609341556,18.904400824695504,19.422582626342773,2189400,0.0,0.0
2022-07-06 00:00:00-04:00,19.552127907515924,19.65391428181413,19.413329429330084,19.570634841918945,1168300,0.0,0.0
2022-07-07 00:00:00-04:00,19.228263995405573,19.348555530526063,19.144984561507435,19.302289962768555,1534100,0.0,0.0
2022-07-08 00:00:00-04:00,19.774207486881377,20.079564843257252,19.70018151457566,19.987031936645508,1328700,0.0,0.0
2022-07-11 00:00:00-04:00,19.39482280653065,19.533623051864907,19.209758754282365,19.24677085876465,2722000,0.0,0.0
2022-07-12 00:00:00-04:00,19.135732853392774,19.40407634789784,19.11722591862182,19.2282657623291,1438800,0.0,0.0
2022-07-13 00:00:00-04:00,18.747095785215315,19.191251623986524,18.691576746598518,19.08021354675293,1098000,0.0,0.0
2022-07-14 00:00:00-04:00,18.9043999423286,18.99693284381907,18.617549536134604,18.92290687561035,1415600,0.0,0.0
2022-07-15 00:00:00-04:00,19.1264786051254,19.35780998556237,18.932159327800793,19.348556518554688,1268300,0.0,0.0
2022-07-18 00:00:00-04:00,19.45959642783067,19.653913940936928,19.27453061684706,19.367063522338867,1867800,0.0,0.0
2022-07-19 00:00:00-04:00,19.737193951678258,20.17209632570609,19.737193951678258,20.15359115600586,1553400,0.0,0.0
2022-07-20 00:00:00-04:00,20.329400813444003,20.38492161476914,20.079564267154275,20.162843704223633,1657500,0.0,0.0
2022-07-21 00:00:00-04:00,20.172095945546438,20.51446716986558,20.07956480403384,20.495960235595703,986900,0.0,0.0
2022-07-22 00:00:00-04:00,20.440440211505194,20.67177158396232,20.431186744816713,20.486705780029297,1659300,0.0,0.0
2022-07-25 00:00:00-04:00,18.941414011285342,19.14498676869171,18.552777196595024,19.015439987182617,3500200,0.0,0.0
2022-07-26 00:00:00-04:00,19.45959814106593,19.80196762713415,19.42258426964313,19.764955520629883,1836000,0.0,0.0
2022-07-27 00:00:00-04:00,19.524369542497734,19.72794052900829,19.311545088656914,19.68167495727539,1810700,0.0,0.0
2022-07-28 00:00:00-04:00,19.265278258898856,19.533623523781763,18.92290878326301,19.487356185913086,1365000,0.0,0.0
2022-07-29 00:00:00-04:00,18.978427301180766,19.200505222079666,18.858133990953174,19.191251754760742,1383900,0.0,0.0
2022-08-01 00:00:00-04:00,18.589789630778863,18.8396279419744,18.580536163891804,18.728588104248047,1661900,0.0,0.0
2022-08-02 00:00:00-04:00,18.265926365553156,18.469497353638218,18.21966079346242,18.228914260864258,2537800,0.0,0.0
2022-08-03 00:00:00-04:00,18.432484865848153,18.562029876944504,18.284432920332776,18.534271240234375,1630700,0.0,0.0
2022-08-04 00:00:00-04:00,18.85813331885849,18.932159289853207,18.700827909879916,18.821121215820312,1074400,0.0,0.0
2022-08-05 00:00:00-04:00,18.876639681101484,19.006186450107304,18.719334276887373,18.996932983398438,1285800,0.0,0.0
2022-08-08 00:00:00-04:00,19.209757699720907,19.320795771990515,19.09871786253296,19.181997299194336,1300000,0.0,0.0
2022-08-09 00:00:00-04:00,18.747095617467583,18.811868122760668,18.497257298549904,18.552776336669922,1778100,0.0,0.0
2022-08-10 00:00:00-04:00,18.64530853178148,18.73784143506175,18.552775628501216,18.617549896240234,1627600,0.0,0.0
2022-08-11 00:00:00-04:00,18.580537926607708,18.895148770941105,18.562030991077858,18.654563903808594,1976600,0.0,0.0
2022-08-12 00:00:00-04:00,18.478750631633652,18.710082019553084,18.41397812540316,18.700828552246094,2458500,0.0,0.0
2022-08-15 00:00:00-04:00,18.497256522739804,18.608296359241017,18.349204584017073,18.599042892456055,2501700,0.0,0.0
2022-08-16 00:00:00-04:00,18.86738628239462,19.19125055869898,18.728587811097984,19.052452087402344,4012600,0.0,0.0
2022-08-17 00:00:00-04:00,18.413979778474513,18.441740182887603,17.96057042923889,18.02534294128418,2489900,0.0,0.0
2022-08-18 00:00:00-04:00,17.78475608225292,17.78475608225292,17.349853717764898,17.479398727416992,1885500,0.0,0.0
2022-08-19 00:00:00-04:00,17.507158715268517,17.553424284789212,17.192547900756423,17.257320404052734,1693000,0.0,0.0
2022-08-22 00:00:00-04:00,16.877936546436345,16.905696946211904,16.480046307578068,16.489299774169922,2337100,0.0,0.0
2022-08-23 00:00:00-04:00,16.618845776285468,16.720632150000284,16.40602132662576,16.4615421295166,2043900,0.0,0.0
2022-08-24 00:00:00-04:00,16.285729645732356,16.572580065234305,16.211703674089325,16.424528121948242,1772500,0.0,0.0
2022-08-25 00:00:00-04:00,16.193196469052047,16.37826227752284,16.091410097901278,16.27647590637207,1647600,0.0,0.0
2022-08-26 00:00:00-04:00,16.285729859791335,16.294983326983136,15.517709732055664,15.517709732055664,1812700,0.0,0.0
2022-08-29 00:00:00-04:00,15.712027072128908,15.767547874657103,15.425176652073436,15.471442222595215,2774900,0.0,0.0
2022-08-30 00:00:00-04:00,15.712026936300996,15.749040804333147,15.360404014587402,15.360404014587402,2322800,0.0,0.0
2022-08-31 00:00:00-04:00,15.51771031792275,15.582482825792443,15.323391029395207,15.341897964477539,2483000,0.0,0.0
2022-09-01 00:00:00-04:00,15.19384571436817,15.221606116444844,14.953260857792294,15.184592247009277,2101100,0.0,0.0
2022-09-02 00:00:00-04:00,15.323390387518582,15.42517676128924,14.925500124507897,14.9810209274292,2152000,0.0,0.0
2022-09-06 00:00:00-04:00,15.767547467249267,15.95261150947301,15.582481660107184,15.730533599853516,3461700,0.0,0.0
2022-09-07 00:00:00-04:00,15.749040378320535,16.19319619318169,15.739786911562804,16.1284236907959,2654900,0.0,0.0
2022-09-08 00:00:00-04:00,15.850826152543847,16.304237232540906,15.804560580259308,16.23021125793457,2524300,0.0,0.0
2022-09-09 00:00:00-04:00,16.646607296621866,16.757647144948628,16.591088254917743,16.618846893310547,1265500,0.0,0.0
2022-09-12 00:00:00-04:00,17.02598960185399,17.16478808002388,16.970470563569716,17.044496536254883,3823200,0.0,0.0
2022-09-13 00:00:00-04:00,16.711378399409814,16.86868380842902,16.369008945315198,16.387514114379883,3603400,0.0,0.0
2022-09-14 00:00:00-04:00,16.072905297112854,16.072905297112854,15.897092951530736,16.00813102722168,2711800,0.0,0.0
2022-09-15 00:00:00-04:00,16.28572944052644,16.729885264788106,16.267222506619277,16.331995010375977,3732200,0.0,0.0
2022-09-16 00:00:00-04:00,16.183943602620623,16.803911789607024,16.063652058094192,16.62809944152832,5465400,0.0,0.0
2022-09-19 00:00:00-04:00,16.517061697205268,16.82241906322439,16.378263215363567,16.794658660888672,2334600,0.0,0.0
2022-09-20 00:00:00-04:00,16.443033853440724,16.48929942048935,16.146929988525713,16.285728454589844,1979300,0.0,0.0
2022-09-21 00:00:00-04:00,15.841573156706337,15.998878560517099,15.582481384277344,15.582481384277344,2113200,0.0,0.0
2022-09-22 00:00:00-04:00,15.49920234873406,15.51770928258161,15.25861750347097,15.323390007019043,2332800,0.0,0.0
2022-09-23 00:00:00-04:00,14.869981396362498,14.906995265747987,14.50910499444615,14.675662994384766,2737700,0.0,0.0
2022-09-26 00:00:00-04:00,14.444332027972443,14.592384862467243,14.287026608319854,14.361053466796875,2820800,0.0,0.0
2022-09-27 00:00:00-04:00,14.157480503766825,14.259265992356049,13.722577266232554,13.824362754821777,3417200,0.0,0.0
2022-09-28 00:00:00-04:00,13.787349546874307,14.222252777381211,13.685564059929781,14.166733741760254,2868300,0.0,0.0
2022-09-29 00:00:00-04:00,14.009429277657748,14.203747680300516,13.879883381742829,14.185240745544434,2501100,0.0,0.0
2022-09-30 00:00:00-04:00,14.296278885709853,14.518356795274242,14.222252915855057,14.24075984954834,1912100,0.0,0.0
2022-10-03 00:00:00-04:00,14.203747069386514,14.509104420054467,14.074201179043463,14.351799011230469,2703300,0.0,0.0
2022-10-04 00:00:00-04:00,14.8792349470749,15.267871753207837,14.842222842400473,15.240111351013184,3091300,0.0,0.0
2022-10-05 00:00:00-04:00,14.749689402625583,15.027287253977676,14.58313139778172,14.88848876953125,2468700,0.0,0.0
2022-10-06 00:00:00-04:00,14.74968886992263,14.78670185660219,14.527610949845267,14.592384338378906,2327700,0.0,0.0
2022-10-07 00:00:00-04:00,14.120467695181594,14.185240199415716,13.82436292769878,13.88913631439209,2489500,0.0,0.0
2022-10-10 00:00:00-04:00,14.027935750317848,14.046442685628511,13.787350886034691,13.90764331817627,2178700,0.0,0.0
2022-10-11 00:00:00-04:00,13.879883599283318,14.083455472494725,13.657805673485,13.79660415649414,1946500,0.0,0.0
2022-10-12 00:00:00-04:00,12.14952475537092,12.334589691590054,12.066245313457502,12.186537742614746,4118900,0.0,0.0
2022-10-13 00:00:00-04:00,12.056991859208765,12.862024994486235,12.001472819511958,12.713973045349121,3448100,0.0,0.0
2022-10-14 00:00:00-04:00,12.35309645521174,12.445628480809082,12.03848562677051,12.10325813293457,5024200,0.0,0.0
2022-10-17 00:00:00-04:00,12.510401956704237,12.723226411276068,12.501148489342189,12.667706489562988,4595700,0.0,0.0
2022-10-18 00:00:00-04:00,12.787998473737565,13.010077270417392,12.76949242211544,12.9175443649292,3465100,0.0,0.0
2022-10-19 00:00:00-04:00,12.482641708628298,12.482641708628298,12.140271354141282,12.223550796508789,4050800,0.0,0.0
2022-10-20 00:00:00-04:00,12.269816433653217,12.575173780342666,12.23280344867447,12.279069900512695,7535600,0.0,0.0
2022-10-21 00:00:00-04:00,11.918192225378306,12.186536577863334,11.816406740800929,12.094003677368164,5364000,0.0,0.0
2022-10-24 00:00:00-04:00,11.871926445432798,12.047738789808355,11.788647006776923,11.927446365356445,4220400,0.0,0.0
2022-10-25 00:00:00-04:00,11.640595193980715,12.103257962843095,11.63134172681326,12.019978523254395,4595600,0.0,0.0
2022-10-26 00:00:00-04:00,11.908939993128557,12.390109713639237,11.88118047308655,12.251310348510742,4080700,0.0,0.0
2022-10-27 00:00:00-04:00,12.010725546171658,12.084752404072688,11.742381164580344,11.76088809967041,3889700,0.0,0.0
2022-10-28 00:00:00-04:00,11.52955660919632,11.714621546250187,11.483290154318045,11.696115493774414,2874000,0.0,0.0
2022-10-31 00:00:00-04:00,11.72387497686902,11.807154418896316,11.668355054697747,11.705368041992188,2894100,0.0,0.0
2022-11-01 00:00:00-04:00,12.01997859073004,12.205043522822036,11.973712137092239,12.056991577148438,2208800,0.0,0.0
2022-11-02 00:00:00-04:00,11.94595182060862,12.0754977056566,11.631341015820059,11.640594482421875,2506000,0.0,0.0
2022-11-03 00:00:00-04:00,11.242704659398674,11.242704659398674,10.872574806213379,10.872574806213379,3232200,0.0,0.0
2022-11-04 00:00:00-04:00,11.28897165201464,11.67760845769111,11.261212132311814,11.649848937988281,3405300,0.0,0.0
2022-11-07 00:00:00-05:00,12.001472575152532,12.075498548213861,11.853420629029873,12.047739028930664,2530200,0.0,0.0
2022-11-08 00:00:00-05:00,12.056991646387537,12.214297060183885,11.964459621039762,12.075498580932617,2854200,0.0,0.0
2022-11-09 00:00:00-05:00,11.918193485770956,12.01072551359259,11.733128547668457,11.733128547668457,1933000,0.0,0.0
2022-11-10 00:00:00-05:00,12.63069332940436,13.047090530395508,12.57517429091168,13.047090530395508,3549300,0.0,0.0
2022-11-11 00:00:00-05:00,13.685564485049422,13.972415786198795,13.556018593811126,13.916895866394043,3724100,0.0,0.0
2022-11-14 00:00:00-05:00,14.027934651246635,14.05569416957846,13.805856739673668,13.815110206604004,3188600,0.0,0.0
2022-11-15 00:00:00-05:00,13.833616083437434,14.000174956244921,13.574525189871807,13.750336647033691,2602000,0.0,0.0
2022-11-16 00:00:00-05:00,13.630044733976572,13.667058602610743,13.45423327026026,13.51900577545166,2594200,0.0,0.0
2022-11-17 00:00:00-05:00,13.065596883514898,13.296928274970458,13.028583896180377,13.20439624786377,1953800,0.0,0.0
2022-11-18 00:00:00-05:00,13.037837026653941,13.139622518578326,12.926798067520282,13.056343078613281,2179600,0.0,0.0
2022-11-21 00:00:00-05:00,12.787998676303832,13.037836995603968,12.7787460915758,13.010077476501465,2271200,0.0,0.0
2022-11-22 00:00:00-05:00,12.973064488414016,13.047090460983235,12.899037633385595,13.028583526611328,2305700,0.0,0.0
2022-11-23 00:00:00-05:00,13.037836421006718,13.241408277858158,13.010076903127619,13.222901344299316,1720100,0.0,0.0
2022-11-25 00:00:00-05:00,13.472740541804892,13.750337503835926,13.472740541804892,13.667058944702148,1959700,0.0,0.0
2022-11-28 00:00:00-05:00,13.648552332977038,13.731831776541226,13.315435441179536,13.343194961547852,2455600,0.0,0.0
2022-11-29 00:00:00-05:00,13.407966749579503,13.620792080860976,13.361700296478382,13.481992721557617,2132600,0.0,0.0
2022-11-30 00:00:00-05:00,13.713324003722205,13.944655385066826,13.417220117988029,13.916895866394043,4220800,0.0,0.0
2022-12-01 00:00:00-05:00,13.990922695853747,14.175987635787148,13.787350820697386,13.870630264282227,3760700,0.0,0.0
2022-12-02 00:00:00-05:00,13.953909291999096,14.13897422641701,13.87062985089623,14.129721641540527,3919500,0.0,0.0
2022-12-05 00:00:00-05:00,13.990921629294302,14.037188081365466,13.685564281067457,13.824362754821777,3615000,0.0,0.0
2022-12-06 00:00:00-05:00,13.500499971983443,13.500499971983443,13.056343247252752,13.139622688293457,3005800,0.0,0.0
2022-12-07 00:00:00-05:00,13.185889142478207,13.352448024559617,13.111863168766295,13.139622688293457,4290500,0.0,0.0
2022-12-08 00:00:00-05:00,12.862024443640838,13.02858332051644,12.74173290196311,12.936050415039062,5564000,0.0,0.0
2022-12-09 00:00:00-05:00,13.158129520847034,13.296927999865021,13.084103547709544,13.093356132507324,2548500,0.0,0.0
2022-12-12 00:00:00-05:00,13.056342265279325,13.111862182617188,12.899036862357718,13.111862182617188,2029500,0.0,0.0
2022-12-13 00:00:00-05:00,13.667058533962097,13.75033709059308,13.361700296478382,13.481992721557617,3591000,0.0,0.0
2022-12-14 00:00:00-05:00,13.574525695943716,13.704071588785713,13.398713349768206,13.51900577545166,2967500,0.0,0.0
2022-12-15 00:00:00-05:00,13.287674080866045,13.30618101475084,12.815758738773098,12.843518257141113,4627400,0.0,0.0
2022-12-16 00:00:00-05:00,12.797252249280913,12.852772170404082,12.473387954724041,12.593680381774902,3826900,0.0,0.0
2022-12-19 00:00:00-05:00,12.519654139358714,12.584427526352716,12.362348729094865,12.427122116088867,2861000,0.0,0.0
2022-12-20 00:00:00-05:00,12.121764286118871,12.297575741141857,11.992218399682512,12.205042839050293,3246500,0.0,0.0
2022-12-21 00:00:00-05:00,12.760239090706087,12.991570474426254,12.723226104609227,12.973064422607422,3154600,0.0,0.0
2022-12-22 00:00:00-05:00,13.19514216854928,13.39871314821983,13.074849744675308,13.389460563659668,6149600,0.0,0.0
2022-12-23 00:00:00-05:00,13.648552205961929,13.842870611650266,13.519006308016628,13.79660415649414,6086100,0.0,0.0
2022-12-27 00:00:00-05:00,13.722577197826494,13.879882604608794,13.574525257904133,13.787349700927734,2079100,0.0,0.0
2022-12-28 00:00:00-05:00,13.759590695554586,13.879883121838962,13.53751277739537,13.556018829345703,2226100,0.0,0.0
2022-12-29 00:00:00-05:00,13.796603809557158,14.129721572337106,13.731831303442931,14.111214637756348,1596900,0.0,0.0
2022-12-30 00:00:00-05:00,13.907643252268906,13.963163175478549,13.759591300322187,13.870630264282227,1739000,0.0,0.0
2023-01-03 00:00:00-05:00,14.37030624821996,14.518358202277565,14.305533738934571,14.472092628479004,2513100,0.0,0.0
2023-01-04 00:00:00-05:00,14.87923465328288,15.073553934971716,14.823715614908245,15.045793533325195,2942700,0.0,0.0
2023-01-05 00:00:00-05:00,14.888487748841758,14.934753318845972,14.795954843914963,14.832968711853027,2114100,0.0,0.0
2023-01-06 00:00:00-05:00,14.906995349269554,15.286378688004273,14.721929531142083,15.240111351013184,2559900,0.0,0.0
2023-01-09 00:00:00-05:00,15.397416498387598,15.434430367334881,15.045793567980464,15.055047035217285,3159300,0.0,0.0
2023-01-10 00:00:00-05:00,15.064299958428919,15.332643438932244,15.055046491526273,15.314136505126953,2637300,0.0,0.0
2023-01-11 00:00:00-05:00,15.610241889953613,15.684267859017293,15.462188186907934,15.610241889953613,2466300,0.0,0.0
2023-01-12 00:00:00-05:00,15.813814397492775,15.980373285270833,15.59173646876153,15.915600776672363,3163300,0.0,0.0
2023-01-13 00:00:00-05:00,15.712027138821309,16.03589142860361,15.68426850235777,16.00813102722168,2065900,0.0,0.0
2023-01-17 00:00:00-05:00,15.378912034997981,15.50845705242507,15.147580638210467,15.434431076049805,3854700,0.0,0.0
2023-01-18 00:00:00-05:00,15.508455534996829,15.56397457061638,15.156830857930247,15.175337791442871,2014800,0.0,0.0
2023-01-19 00:00:00-05:00,15.027286326581798,15.10131229804601,14.84222228038046,14.897741317749023,5256800,0.0,0.0
2023-01-20 00:00:00-05:00,15.119819031980212,15.286377906799316,15.064299995346628,15.286377906799316,1834100,0.0,0.0
2023-01-23 00:00:00-05:00,15.517709627178386,16.026637964859145,15.471442291532068,15.971118927001953,2878400,0.0,0.0
2023-01-24 00:00:00-05:00,15.58248243759162,15.77679995635973,15.58248243759162,15.647254943847656,2059500,0.0,0.0
2023-01-25 00:00:00-05:00,15.508456299522786,15.62874784344826,15.443683793953808,15.526963233947754,2445600,0.0,0.0
2023-01-26 00:00:00-05:00,15.600988351192363,15.65650738650427,15.489948515650237,15.62874698638916,2010200,0.0,0.0
2023-01-27 00:00:00-05:00,15.480696194260435,15.804560493224058,15.471442726870796,15.721281051635742,2338300,0.0,0.0
2023-01-30 00:00:00-05:00,16.498554498393887,16.785404924933896,16.443035459529014,16.6466064453125,3381700,0.0,0.0
2023-01-31 00:00:00-05:00,15.739788290549896,15.906347176944891,15.536217298799611,15.841574668884277,4053900,0.0,0.0
2023-02-01 00:00:00-05:00,15.98037248771339,16.6003406696575,15.961865553346486,16.554073333740234,2424500,0.0,0.0
2023-02-02 00:00:00-05:00,16.822419196003835,17.016736719132275,16.729886285739518,16.868684768676758,2185700,0.0,0.0
2023-02-03 00:00:00-05:00,16.637352428395975,16.729885333392865,16.350502011332146,16.387514114379883,1896800,0.0,0.0
2023-02-06 00:00:00-05:00,16.27647631800104,16.294983252299826,15.8970929894679,15.980372428894043,1548500,0.0,0.0
2023-02-07 00:00:00-05:00,15.961865924683405,16.285730223965018,15.89709341781077,16.248716354370117,1411200,0.0,0.0
2023-02-08 00:00:00-05:00,16.32274198759452,16.34124892200529,16.063651965517405,16.082157135009766,1313900,0.0,0.0
2023-02-09 00:00:00-05:00,16.09140973213111,16.100663198836145,15.573227951077254,15.62874698638916,1529100,0.0,0.0
2023-02-10 00:00:00-05:00,15.480695863288448,15.684268611671323,15.406669890672422,15.517709732055664,1618400,0.0,0.0
2023-02-13 00:00:00-05:00,15.462189195735906,15.675015414983328,15.44368402595136,15.665761947631836,888300,0.0,0.0
2023-02-14 00:00:00-05:00,15.721280165674669,15.887839039465,15.638000728779504,15.776799201965332,1311200,0.0,0.0
2023-02-15 00:00:00-05:00,15.48994882309248,15.804559637634817,15.48069535620378,15.786052703857422,1150900,0.0,0.0
2023-02-16 00:00:00-05:00,15.730533806638354,15.952611719177163,15.647254368821505,15.823066711425781,2916800,0.0,0.0
2023-02-17 00:00:00-05:00,15.499203298616008,15.76754856109619,15.44368425858918,15.767548561096191,2060700,0.0,0.0
2023-02-21 00:00:00-05:00,15.638002305489808,15.767549089787437,15.517710753911853,15.53621768951416,2098000,0.0,0.0
2023-02-22 00:00:00-05:00,15.526962209693394,15.66576067888783,15.443682775193075,15.508455276489258,2119700,0.0,0.0
2023-02-23 00:00:00-05:00,15.693519594216811,15.739786928053942,15.397415717332468,15.65650749206543,1722300,0.0,0.0
2023-02-24 00:00:00-05:00,15.425177173660428,15.434430641061358,15.129073276504466,15.203099250793457,1656000,0.0,0.0
2023-02-27 00:00:00-05:00,15.434429203037343,15.545467271666203,15.425175736498558,15.480694770812988,2059000,0.0,0.0
2023-02-28 00:00:00-05:00,15.277125020369144,15.304885422199943,15.064300567754946,15.110566139221191,1780400,0.0,0.0
2023-03-01 00:00:00-05:00,15.166084802462397,15.184591736558044,14.81446187923699,14.897741317749023,1449100,0.0,0.0
2023-03-02 00:00:00-05:00,14.805208812650974,15.129073108411399,14.805208812650974,15.119819641113281,1207100,0.0,0.0
2023-03-03 00:00:00-05:00,15.2401118469274,15.508457115452362,15.184592805649942,15.489950180053711,1328800,0.0,0.0
2023-03-06 00:00:00-05:00,15.591736427220546,15.619495065163937,15.397417137024373,15.415924072265625,1384800,0.0,0.0
2023-03-07 00:00:00-05:00,15.480696142820065,15.517710012255632,15.129073207774363,15.184592247009277,1773000,0.0,0.0
2023-03-08 00:00:00-05:00,15.212352787134773,15.286378761759238,15.12907334506744,15.221606254577637,984100,0.0,0.0
2023-03-09 00:00:00-05:00,15.443684480494303,15.638002005839517,15.33264463392669,15.378911972045898,1726200,0.0,0.0
2023-03-10 00:00:00-05:00,15.42517609910834,15.462188201215268,15.027285853178517,15.175337791442871,2382700,0.0,0.0
2023-03-13 00:00:00-04:00,15.082806425875853,15.628748665706604,14.999526981500416,15.489950180053711,2191900,0.0,0.0
2023-03-14 00:00:00-04:00,15.804560597096296,15.878586571781494,15.55472227068934,15.749041557312012,1856400,0.0,0.0
2023-03-15 00:00:00-04:00,14.601637320697643,14.860728234507672,14.583131268083687,14.814462661743164,2514100,0.0,0.0
2023-03-16 00:00:00-04:00,14.647903556874782,15.240111351013184,14.638650089476563,15.240111351013184,1591300,0.0,0.0
2023-03-17 00:00:00-04:00,15.092059338338798,15.2308578188853,14.934753923074512,15.184592247009277,2094200,0.0,0.0
2023-03-20 00:00:00-04:00,14.897742099630266,14.925500737312221,14.721929746331178,14.85147476196289,1311400,0.0,0.0
2023-03-21 00:00:00-04:00,15.203098605287497,15.388162650693147,15.119819167133524,15.360404014587402,1693000,0.0,0.0
2023-03-22 00:00:00-04:00,15.471442679850458,15.554722121185673,15.129073212066517,15.14758014678955,1294400,0.0,0.0
2023-03-23 00:00:00-04:00,15.369658134173296,15.388163304056711,15.082805939499819,15.203099250793457,2195400,0.0,0.0
2023-03-24 00:00:00-04:00,15.055046864807435,15.184591874819768,14.462838205242265,14.97176742553711,4432700,0.0,0.0
2023-03-27 00:00:00-04:00,15.277125294316374,15.33264433405511,15.156831982477582,15.221606254577637,1232700,0.0,0.0
2023-03-28 00:00:00-04:00,15.092059208641784,15.119819610479894,14.971767663846817,15.073554039001465,1049800,0.0,0.0
2023-03-29 00:00:00-04:00,15.41592254692826,15.665760853209306,15.41592254692826,15.62874698638916,1222600,0.0,0.0
2023-03-30 00:00:00-04:00,16.544819935857777,16.609594206413263,16.37826282061318,16.572580337524414,1957700,0.0,0.0
2023-03-31 00:00:00-04:00,16.720633084156066,16.979724884033203,16.720633084156066,16.979724884033203,1585200,0.0,0.0
2023-04-03 00:00:00-04:00,17.127775699128225,17.15553610028059,16.831671813176527,16.933456420898438,1292500,0.0,0.0
2023-04-04 00:00:00-04:00,16.794658082894777,17.05374986768942,16.794658082894777,16.970470428466797,1315700,0.0,0.0
2023-04-05 00:00:00-04:00,16.822418142984535,16.87793717970046,16.67436620179651,16.803911209106445,1904000,0.0,0.0
2023-04-06 00:00:00-04:00,16.99823025474552,17.238813332228556,16.99823025474552,17.18329429626465,1780900,0.0,0.0
2023-04-10 00:00:00-04:00,17.025989937791604,17.22030922299826,16.942710496262816,17.211055755615234,1087100,0.0,0.0
2023-04-11 00:00:00-04:00,17.164787567110356,17.405372412377655,17.15553586510477,17.31283950805664,1444500,0.0,0.0
2023-04-12 00:00:00-04:00,17.46089407575345,17.479399245596348,17.229562685992065,17.24806785583496,1776100,0.0,0.0
2023-04-13 00:00:00-04:00,17.127777229296175,17.26657571762127,17.090763357786265,17.20180320739746,1043900,0.0,0.0
2023-04-14 00:00:00-04:00,16.60959407405539,16.776151187972733,16.415274793774234,16.4615421295166,1403000,0.0,0.0
2023-04-17 00:00:00-04:00,16.86868385280404,16.86868385280404,16.65585940619419,16.840925216674805,1615700,0.0,0.0
2023-04-18 00:00:00-04:00,17.127776494552936,17.137029962033463,16.822419127369464,16.850177764892578,1225100,0.0,0.0
2023-04-19 00:00:00-04:00,16.94271049194667,17.266574790596298,16.905698387342436,17.24806785583496,1655600,0.0,0.0
2023-04-20 00:00:00-04:00,17.238814254289004,17.266574656214956,17.109269241804746,17.174041748046875,1341700,0.0,0.0
2023-04-21 00:00:00-04:00,17.303588485746488,17.63670448350145,17.257321149309394,17.608945846557617,1870000,0.0,0.0
2023-04-24 00:00:00-04:00,20.079564975144145,20.3479084646705,19.94076473185566,20.09807014465332,4205200,0.0,0.0
2023-04-25 00:00:00-04:00,19.56138103239462,19.7371933763098,19.39482215551902,19.404075622558594,2255200,0.0,0.0
2023-04-26 00:00:00-04:00,19.42258241959499,19.459596287492122,19.293037411791733,19.330049514770508,1566100,0.0,0.0
2023-04-27 00:00:00-04:00,19.40407512094986,19.5983943939209,19.293037049182118,19.5983943939209,1257000,0.0,0.0
2023-04-28 00:00:00-04:00,19.49660985890946,19.561382367689596,19.394823479444387,19.542877197265625,1146700,0.0,0.0
2023-05-01 00:00:00-04:00,19.431835818945274,19.542875657331894,19.24677000994036,19.2745304107666,834200,0.0,0.0
2023-05-02 00:00:00-04:00,19.265278059486377,19.404076541818775,19.20975901953711,19.39482307434082,1835000,0.0,0.0
2023-05-03 00:00:00-04:00,19.293039389837578,19.616903707468712,19.274532453991558,19.311546325683594,1156000,0.0,0.0
2023-05-04 00:00:00-04:00,19.24676994007393,19.348556311148982,19.16349050281586,19.256023406982422,1219900,0.0,0.0
2023-05-05 00:00:00-04:00,19.459596765337636,19.616902177926498,19.38557079264396,19.570634841918945,848300,0.0,0.0
2023-05-08 00:00:00-04:00,19.40407463469658,19.413328101265062,19.27452963257442,19.35780906677246,971300,0.0,0.0
2023-05-09 00:00:00-04:00,19.144985266641015,19.246769872440044,19.10797139913712,19.200504302978516,617300,0.0,0.0
2023-05-10 00:00:00-04:00,19.542876274450116,19.64466088419042,19.431836432557116,19.589141845703125,1226400,0.0,0.0
2023-05-11 00:00:00-04:00,19.172743832352147,19.237518100247478,19.089464395690772,19.181997299194336,766100,0.0,0.0
2023-05-12 00:00:00-04:00,18.932159493435023,18.969173361789583,18.82112141820811,18.950666427612305,615700,0.0,0.0
2023-05-15 00:00:00-04:00,19.06170589913462,19.256023409483117,19.06170589913462,19.219011306762695,2017200,0.0,0.0
2023-05-16 00:00:00-04:00,19.14498690096612,19.181999006711237,19.033947053893783,19.089466094970703,887300,0.0,0.0
2023-05-17 00:00:00-04:00,19.07096020945158,19.200505222079666,18.98768076849969,19.191251754760742,890800,0.0,0.0
2023-05-18 00:00:00-04:00,18.922908576442037,18.94141374646878,18.710082354409185,18.867387771606445,765600,0.0,0.0
2023-05-19 00:00:00-04:00,18.950667079902995,19.052453456463187,18.75634955910821,18.79336166381836,907700,0.0,0.0
2023-05-22 00:00:00-04:00,18.552776677923138,18.765602896981584,18.53427150815502,18.682323455810547,712800,0.0,0.0
2023-05-23 00:00:00-04:00,18.56202960430136,18.63605557597174,18.349205156363823,18.386219024658203,708700,0.0,0.0
2023-05-24 00:00:00-04:00,18.21040784531307,18.21040784531307,17.988329916092,18.034595489501953,986500,0.0,0.0
2023-05-25 00:00:00-04:00,17.710730518100654,17.756997854697673,17.599692440104665,17.70147705078125,1098000,0.0,0.0
2023-05-26 00:00:00-04:00,17.969821010033073,18.053100444972635,17.94206061008045,18.01608657836914,766600,0.0,0.0
2023-05-30 00:00:00-04:00,18.16413964739973,18.28443295644254,17.997582532054803,18.099367141723633,936000,0.0,0.0
2023-05-31 00:00:00-04:00,17.75699644116212,17.766249907744907,17.32209233636257,17.470144271850586,1154300,0.0,0.0
2023-06-01 00:00:00-04:00,17.47014566664536,17.701477054929384,17.44238702959907,17.664464950561523,675500,0.0,0.0
2023-06-02 00:00:00-04:00,18.01608657836914,18.04384697832176,17.94206061008045,18.01608657836914,749700,0.0,0.0
2023-06-05 00:00:00-04:00,17.849532086609777,17.9050511297248,17.775504342565,17.877290725708008,699600,0.0,0.0
2023-06-06 00:00:00-04:00,17.84027776967155,17.942062383052562,17.803263899410474,17.90505027770996,747100,0.0,0.0
2023-06-07 00:00:00-04:00,17.831023043859716,17.886542080415154,17.59969166580731,17.747743606567383,835300,0.0,0.0
2023-06-08 00:00:00-04:00,18.034593722685102,18.09011275832165,17.94206082001198,18.07160758972168,712200,0.0,0.0
2023-06-09 00:00:00-04:00,18.173393188103233,18.19190012263363,18.06235511075769,18.080862045288086,805200,0.0,0.0
2023-06-12 00:00:00-04:00,18.441738979261423,18.55277705982956,18.247419690889487,18.413978576660156,865300,0.0,0.0
2023-06-13 00:00:00-04:00,18.37696535089324,18.395470519913914,18.22891340921767,18.293685913085938,850400,0.0,0.0
2023-06-14 00:00:00-04:00,18.52501947653264,18.71933701104605,18.4417400289073,18.47875213623047,997800,0.0,0.0
2023-06-15 00:00:00-04:00,18.821122399449603,18.987681285891924,18.719336021086303,18.95992088317871,850700,0.0,0.0
2023-06-16 00:00:00-04:00,19.10797270078709,19.181998675919246,18.774856695151623,18.885894775390625,972900,0.0,0.0
2023-06-20 00:00:00-04:00,18.821121215820312,18.89514718681503,18.710081376869052,18.821121215820312,698300,0.0,0.0
2023-06-21 00:00:00-04:00,18.682323520481056,18.79336159914785,18.608297546397043,18.737842559814453,704400,0.0,0.0
2023-06-22 00:00:00-04:00,18.839627440760758,18.94141204397381,18.811867040838127,18.92290687561035,575800,0.0,0.0
2023-06-23 00:00:00-04:00,18.728589225551318,18.904401577094834,18.682323653264397,18.81186866760254,646900,0.0,0.0
2023-06-26 00:00:00-04:00,19.052453006373117,19.098718577397452,18.9506666322175,19.04319953918457,685700,0.0,0.0
2023-06-27 00:00:00-04:00,19.265279114588623,19.404077604522605,19.098720220700425,19.38557243347168,617500,0.0,0.0
2023-06-28 00:00:00-04:00,19.3763171945784,19.487355270409783,19.27453082096764,19.459596633911133,940000,0.0,0.0
2023-06-29 00:00:00-04:00,19.56138038815377,19.635406357114,19.4595957839074,19.524368286132812,711400,0.0,0.0
2023-06-30 00:00:00-04:00,20.07956596767119,20.13508500877983,19.95927265286423,20.0703125,1058600,0.0,0.0
2023-07-03 00:00:00-04:00,19.866738354263816,19.922259156415294,19.774207213848097,19.875991821289062,571100,0.0,0.0
2023-07-05 00:00:00-04:00,19.87599175433123,19.885245221325306,19.700181176198935,19.820472717285156,639600,0.0,0.0
2023-07-06 00:00:00-04:00,19.330049786513534,19.50586213165979,19.10797187076382,19.47810173034668,1132400,0.0,0.0
2023-07-07 00:00:00-04:00,19.8297281605017,20.014792224071478,19.811221224669158,19.83898162841797,752500,0.0,0.0
2023-07-10 00:00:00-04:00,19.977779588206605,20.12583154110864,19.95927265286423,20.0703125,847300,0.0,0.0
2023-07-11 00:00:00-04:00,20.033296860826795,20.190602267513494,20.005538225182185,20.18134880065918,566500,0.0,0.0
2023-07-12 00:00:00-04:00,20.745799168085274,20.903104584202666,20.64401279150389,20.7735595703125,1557200,0.0,0.0
2023-07-13 00:00:00-04:00,20.98638455759198,21.097422639476804,20.921612049006082,21.069664001464844,1157900,0.0,0.0
2023-07-14 00:00:00-04:00,21.115927522326075,21.263979460394403,21.014141153059732,21.03264808654785,926700,0.0,0.0
2023-07-17 00:00:00-04:00,21.00489050387708,21.134435514949327,20.940116233422547,21.097421646118164,956500,0.0,0.0
2023-07-18 00:00:00-04:00,21.236222297253413,21.347260376043067,21.1621963230875,21.282487869262695,1113300,0.0,0.0
2023-07-19 00:00:00-04:00,21.37502063933189,21.46755354766773,21.115928848975216,21.245473861694336,703900,0.0,0.0
2023-07-20 00:00:00-04:00,21.393526926404533,21.46755289784877,21.273233619733666,21.365766525268555,918500,0.0,0.0
2023-07-21 00:00:00-04:00,21.226967910703536,21.560083897566436,21.125181538788514,21.328752517700195,2200800,0.0,0.0
2023-07-24 00:00:00-04:00,20.033296376281463,20.273881213919644,19.88524444003001,19.903751373291016,2777300,0.0,0.0
2023-07-25 00:00:00-04:00,20.024042838635534,20.079563638221646,19.690926865710317,19.885244369506836,1471400,0.0,0.0
2023-07-26 00:00:00-04:00,18.98768006131381,19.394822018672134,18.932159259468104,19.330049514770508,1510700,0.0,0.0
2023-07-27 00:00:00-04:00,19.496608912903607,19.54287624901481,19.015439206857547,19.06170654296875,1091800,0.0,0.0
2023-07-28 00:00:00-04:00,19.293038329228246,19.39482294094878,19.22826582224651,19.320796966552734,761800,0.0,0.0
2023-07-31 00:00:00-04:00,19.42258400442484,19.441090939883523,19.080214523031724,19.16349220275879,1016200,0.0,0.0
2023-08-01 00:00:00-04:00,19.070960079497063,19.181998156730657,19.033946210473584,19.08021354675293,761100,0.0,0.0
2023-08-02 00:00:00-04:00,18.811868598632657,18.89514804037855,18.636056247733723,18.79336166381836,796500,0.0,0.0
2023-08-03 00:00:00-04:00,18.774855981894696,19.0987185077203,18.71933517896597,19.02469253540039,848100,0.0,0.0
2023-08-04 00:00:00-04:00,19.05245307200477,19.320796561723412,19.033946137563923,19.098718643188477,1048400,0.0,0.0
2023-08-07 00:00:00-04:00,19.14498730420601,19.237520217895508,19.080214794098918,19.237520217895508,372400,0.0,0.0
2023-08-08 00:00:00-04:00,18.88589378684619,18.88589378684619,18.673069340095925,18.87664031982422,548500,0.0,0.0
2023-08-09 00:00:00-04:00,18.941412893970654,19.01543886550129,18.876640389496146,18.8951473236084,503000,0.0,0.0
2023-08-10 00:00:00-04:00,19.13573230976642,19.246770385400783,18.9414130300287,18.969173431396484,582300,0.0,0.0
2023-08-11 00:00:00-04:00,18.830374545408407,18.885893582019747,18.663815670656046,18.747095108032227,537600,0.0,0.0
2023-08-14 00:00:00-04:00,19.228265250190965,19.487355270409783,19.10797194230218,19.459596633911133,847300,0.0,0.0
2023-08-15 00:00:00-04:00,19.616901975302863,19.67242101302006,19.41332922880916,19.441089630126953,950500,0.0,0.0
2023-08-16 00:00:00-04:00,19.903752014872598,19.96852451845571,19.77420700770637,19.783458709716797,1081300,0.0,0.0
2023-08-17 00:00:00-04:00,20.96787661194052,20.96787661194052,20.532974243164062,20.532974243164062,1579300,0.0,0.0
2023-08-18 00:00:00-04:00,20.384923278639597,20.54222869873047,20.29239036712994,20.54222869873047,752100,0.0,0.0
2023-08-21 00:00:00-04:00,20.773557591262655,20.83833009203701,20.634757358268153,20.792062759399414,752800,0.0,0.0
2023-08-22 00:00:00-04:00,20.75505243236992,20.75505243236992,20.625507419747578,20.681026458740234,700000,0.0,0.0
2023-08-23 00:00:00-04:00,20.421935384292365,20.56998733674042,20.403428449006736,20.54222869873047,970800,0.0,0.0
2023-08-24 00:00:00-04:00,20.514466687376665,20.616253058548633,20.236869739531013,20.255374908447266,735000,0.0,0.0
2023-08-25 00:00:00-04:00,20.449694532193924,20.50521356972504,20.199856215926328,20.38492202758789,460100,0.0,0.0
2023-08-28 00:00:00-04:00,20.440442909512846,20.47745501623383,20.30164442070172,20.366416931152344,432500,0.0,0.0
2023-08-29 00:00:00-04:00,20.542227334330352,20.893850256810317,20.532973867302143,20.875343322753906,408200,0.0,0.0
2023-08-30 00:00:00-04:00,20.96787636794336,21.014141938474545,20.89385039614244,20.912357330322266,468700,0.0,0.0
2023-08-31 00:00:00-04:00,20.875343907814376,20.90310430967702,20.653265987668508,20.662519454956055,1237600,0.0,0.0
2023-09-01 00:00:00-04:00,20.671773033148185,20.69027996782257,20.218363723136346,20.246122360229492,1591100,0.0,0.0
2023-09-05 00:00:00-04:00,20.209109062652306,20.218362529443173,20.00553808800821,20.107322692871094,769600,0.0,0.0
2023-09-06 00:00:00-04:00,19.93151367826288,19.96852578340426,19.746447857800582,19.940765380859375,891300,0.0,0.0
2023-09-07 00:00:00-04:00,19.552128243901926,19.801966567885845,19.468850567492392,19.737194061279297,2763700,0.0,0.0
2023-09-08 00:00:00-04:00,19.33930284424049,19.459596149132526,19.228264771175297,19.256023406982422,2634100,0.0,0.0
2023-09-11 00:00:00-04:00,19.718687585881035,20.051805358952503,19.70018241564699,20.01479148864746,1673000,0.0,0.0
2023-09-12 00:00:00-04:00,19.829728030701247,19.866740137205515,19.70018301055852,19.764955520629883,1304800,0.0,0.0
2023-09-13 00:00:00-04:00,19.570635110079134,19.801966498531414,19.552128175422528,19.718687057495117,1080700,0.0,0.0
2023-09-14 00:00:00-04:00,19.570634403200273,19.820472717285156,19.496608432166052,19.820472717285156,1162000,0.0,0.0
2023-09-15 00:00:00-04:00,19.75570021324501,19.90375215531345,19.73719327925686,19.820472717285156,1519600,0.0,0.0
2023-09-18 00:00:00-04:00,19.76495354077759,19.82047257743192,19.66316716947935,19.783458709716797,426600,0.0,0.0
2023-09-19 00:00:00-04:00,19.709432741777118,19.78345871229867,19.64466023818555,19.74644660949707,612700,0.0,0.0
2023-09-20 00:00:00-04:00,19.875992266444932,19.931513069839887,19.598395309143786,19.62615394592285,860200,0.0,0.0
2023-09-21 00:00:00-04:00,19.36706376400455,19.394822400555604,18.987680435180664,18.987680435180664,1005300,0.0,0.0
2023-09-22 00:00:00-04:00,19.061705554144563,19.154238456648425,18.996933051867355,19.052452087402344,523900,0.0,0.0
2023-09-25 00:00:00-04:00,18.959919894700946,18.959919894700946,18.765602380594654,18.950666427612305,1075800,0.0,0.0
2023-09-26 00:00:00-04:00,19.098718441276038,19.200504814706196,18.950666497151293,18.969173431396484,755500,0.0,0.0
2023-09-27 00:00:00-04:00,18.93215994431413,18.987680748168227,18.450991998674276,18.663816452026367,2319300,0.0,0.0
2023-09-28 00:00:00-04:00,18.339953645161096,18.58979198803711,18.256674197535755,18.47875213623047,1712300,0.0,0.0
2023-09-29 00:00:00-04:00,18.673068581631746,18.673068581631746,18.37696470862926,18.450990676879883,902800,0.0,0.0
2023-10-02 00:00:00-04:00,18.275179832954993,18.28443330035683,18.08086231227177,18.228914260864258,687600,0.0,0.0
2023-10-03 00:00:00-04:00,18.006836005008786,18.11787585774256,17.932810024825798,18.02534294128418,725400,0.0,0.0
2023-10-04 00:00:00-04:00,18.108620747396397,18.154888083889055,17.877289359688383,18.136381149291992,637400,0.0,0.0
2023-10-05 00:00:00-04:00,18.136380296074808,18.284432236049433,18.02534045863467,18.2381649017334,900500,0.0,0.0
2023-10-06 00:00:00-04:00,16.517062028855833,16.988978288528113,16.424529117463887,16.924205780029297,2631200,0.0,0.0
2023-10-09 00:00:00-04:00,17.081508972819815,17.275828257976965,17.05375033559625,17.24806785583496,1006200,0.0,0.0
2023-10-10 00:00:00-04:00,17.4886535117215,17.682972805753632,17.479400043918204,17.65521240234375,1075200,0.0,0.0
2023-10-11 00:00:00-04:00,17.877288472267832,17.89579540594622,17.5626776594086,17.710729598999023,1687600,0.0,0.0
2023-10-12 00:00:00-04:00,17.76625205604089,17.82177109733269,17.507160255148325,17.525667190551758,1725300,0.0,0.0
2023-10-13 00:00:00-04:00,17.35910613348958,17.45163903403027,17.30358709913248,17.41462516784668,1443800,0.0,0.0
2023-10-16 00:00:00-04:00,17.516413785331107,17.710731313004786,17.423880872902373,17.581186294555664,990100,0.0,0.0
2023-10-17 00:00:00-04:00,17.349854963288053,17.747745252833088,17.322094559976126,17.599693298339844,1076000,0.0,0.0
2023-10-18 00:00:00-04:00,17.211055690781905,17.33134723647122,17.10001584752232,17.155536651611328,1550400,0.0,0.0
2023-10-19 00:00:00-04:00,17.090761901178222,17.21105520841456,16.933456490504966,16.951963424682617,1370300,0.0,0.0
2023-10-20 00:00:00-04:00,16.8686829320907,17.100014300105936,16.859429465579897,16.887189865112305,1894700,0.0,0.0
2023-10-23 00:00:00-04:00,17.081510271324333,17.562680022186065,16.942711779899987,17.42388153076172,2229000,0.0,0.0
2023-10-24 00:00:00-04:00,17.340600115308433,17.44238648776539,17.27582761098796,17.405372619628906,1018300,0.0,0.0
2023-10-25 00:00:00-04:00,17.146282494610578,17.164787663644173,16.850176846134374,16.85943031311035,1955400,0.0,0.0
2023-10-26 00:00:00-04:00,16.896444181014264,16.951963217951768,16.71137837133143,16.85943031311035,1068500,0.0,0.0
2023-10-27 00:00:00-04:00,17.396117664295062,17.405371130537517,17.07225517040029,17.118520736694336,944600,0.0,0.0
2023-10-30 00:00:00-04:00,17.368360244221993,17.414625813749172,17.090761532303887,17.220308303833008,798400,0.0,0.0
2023-10-31 00:00:00-04:00,17.47014441130376,17.59043771292193,17.3868667412305,17.544170379638672,817700,0.0,0.0
2023-11-01 00:00:00-04:00,17.747743176116135,17.997581481933594,17.701475842676803,17.997581481933594,1094600,0.0,0.0
2023-11-02 00:00:00-04:00,18.737841503300714,18.802614006357288,18.497256659863197,18.67306900024414,1048300,0.0,0.0
2023-11-03 00:00:00-04:00,18.876641502990037,19.09871943068186,18.858134567786095,19.015439987182617,1217500,0.0,0.0
2023-11-06 00:00:00-05:00,18.617551666820066,18.691577643500686,18.52501875473967,18.580537796020508,1513200,0.0,0.0
2023-11-07 00:00:00-05:00,18.543525621823225,18.645310236310028,18.47875134816263,18.562030792236328,547800,0.0,0.0
2023-11-08 00:00:00-05:00,18.617549474158306,18.63605464246016,18.376964637051284,18.46949577331543,584700,0.0,0.0
2023-11-09 00:00:00-05:00,18.423231781547482,18.43248524894932,18.210407326060587,18.228914260864258,626900,0.0,0.0
2023-11-10 00:00:00-05:00,18.20115307773074,18.339951552966188,18.034594201480857,18.312192916870117,571100,0.0,0.0
2023-11-13 00:00:00-05:00,18.2659248026487,18.52501657297587,18.238164402818484,18.46949577331543,617200,0.0,0.0
2023-11-14 00:00:00-05:00,19.144986316402008,19.302291732082274,19.126479381635285,19.265277862548828,790800,0.0,0.0
2023-11-15 00:00:00-05:00,19.385571371781325,19.515116386635768,19.3300505669136,19.39482307434082,841500,0.0,0.0
2023-11-16 00:00:00-05:00,19.311543498848344,19.431835034402024,19.27452963257442,19.35780906677246,996900,0.0,0.0
2023-11-17 00:00:00-05:00,19.60764963188234,19.616903099518574,19.45034421190335,19.561382293701172,608200,0.0,0.0
2023-11-20 00:00:00-05:00,19.413329566717216,19.635407486369875,19.40407609945022,19.607648849487305,586600,0.0,0.0
2023-11-21 00:00:00-05:00,19.542877197265625,19.579889303032065,19.49660985890946,19.542877197265625,699100,0.0,0.0
2023-11-22 00:00:00-05:00,19.5983943939209,19.62615302940367,19.51511495763593,19.5983943939209,766900,0.0,0.0
2023-11-24 00:00:00-05:00,19.663168156051313,19.8112201045034,19.663168156051313,19.755701065063477,387700,0.0,0.0
2023-11-27 00:00:00-05:00,19.77420812837614,19.913006610337316,19.746447726016523,19.86673927307129,666800,0.0,0.0
2023-11-28 00:00:00-05:00,19.727940254507807,19.838980096007525,19.533622738031312,19.570634841918945,1307800,0.0,0.0
2023-11-29 00:00:00-05:00,18.969174613106098,19.21901294622501,18.839629595156367,19.107973098754883,1711500,0.0,0.0
2023-11-30 00:00:00-05:00,18.86738692244002,18.95991982808291,18.719334979378743,18.8951473236084,1198500,0.0,0.0
2023-12-01 00:00:00-05:00,18.700828316439896,19.015439141236747,18.682323146977687,19.006187438964844,780700,0.0,0.0
2023-12-04 00:00:00-05:00,18.784109244917886,18.922909498854334,18.784109244917886,18.858135223388672,878200,0.0,0.0
2023-12-05 00:00:00-05:00,18.469497685798874,18.525018491208392,18.386220007521548,18.432485580444336,778900,0.0,0.0
2023-12-06 00:00:00-05:00,18.043848305826184,18.339952200765612,18.03459483849452,18.1919002532959,1223800,0.0,0.0
2023-12-07 00:00:00-05:00,18.16413907101028,18.32144447905417,18.136380435126174,18.275178909301758,693900,0.0,0.0
2023-12-08 00:00:00-05:00,18.59904394578168,18.811868399133772,18.57128354385463,18.663816452026367,901000,0.0,0.0
2023-12-11 00:00:00-05:00,18.478750502250318,18.645309382773057,18.478750502250318,18.58979034423828,659800,0.0,0.0
2023-12-12 00:00:00-05:00,18.72859007335935,18.811869519180473,18.67307103111811,18.784109115600586,613900,0.0,0.0
2023-12-13 00:00:00-05:00,18.96917415986567,19.422583476774683,18.959920692387715,19.39482307434082,671500,0.0,0.0
2023-12-14 00:00:00-05:00,20.357162875711154,20.66252024825008,20.320149005139893,20.54222869873047,1492000,0.0,0.0
2023-12-15 00:00:00-05:00,20.421934783824046,20.495960757871483,20.13508435500504,20.227617263793945,1151100,0.0,0.0
2023-12-18 00:00:00-05:00,20.73654484716756,20.930864124923144,20.551479036440185,20.875343322753906,1711700,0.0,0.0
2023-12-19 00:00:00-05:00,21.310248928966068,21.735897852324246,21.310248928966068,21.652618408203125,1087700,0.0,0.0
2023-12-20 00:00:00-05:00,21.486057788289152,21.680377063883412,21.245472942986826,21.25472640991211,1066300,0.0,0.0
2023-12-21 00:00:00-05:00,21.19920723585462,21.19920723585462,20.94936892524659,21.180700302124023,1391400,0.0,0.0
2023-12-22 00:00:00-05:00,21.245473152149952,21.421285495624527,21.245473152149952,21.31024742126465,727100,0.0,0.0
2023-12-26 00:00:00-05:00,21.328753638732234,21.430540015997114,21.310248468708267,21.412033081054688,411100,0.0,0.0
2023-12-27 00:00:00-05:00,21.439793753041563,21.541580131586255,21.384274712434674,21.523073196411133,459800,0.0,0.0
2023-12-28 00:00:00-05:00,21.550831825473235,21.708135466759753,21.550831825473235,21.634109497070312,576600,0.0,0.0
2023-12-29 00:00:00-05:00,21.560084446970848,21.624858717515433,21.449046370159813,21.587844848632812,604600,0.0,0.0
2024-01-02 00:00:00-05:00,21.47680572131431,21.615605969322814,21.412033213533523,21.486059188842773,853300,0.0,0.0
2024-01-03 00:00:00-05:00,21.014142995195044,21.143689776049857,20.875344511703467,20.977130889892578,893700,0.0,0.0
2024-01-04 00:00:00-05:00,21.375020332193827,21.59709825005775,21.3565133978089,21.532325744628906,763100,0.0,0.0
2024-01-05 00:00:00-05:00,21.652617623107467,21.883949011740917,21.578591649341497,21.735897064208984,649200,0.0,0.0
2024-01-08 00:00:00-05:00,22.096772845916668,22.420637133903202,22.069014209607044,22.383625030517578,994500,0.0,0.0
2024-01-09 00:00:00-05:00,22.115280220630684,22.300346036000683,22.115280220630684,22.133787155151367,909100,0.0,0.0
2024-01-10 00:00:00-05:00,22.022748549451247,22.34661286207346,22.004243378809974,22.328105926513672,989500,0.0,0.0
2024-01-11 00:00:00-05:00,22.300345318762123,22.457650727291735,22.04125353856089,22.235572814941406,1100100,0.0,0.0
2024-01-12 00:00:00-05:00,22.207813128315685,22.374372009164997,22.096773286110004,22.133787155151367,455200,0.0,0.0
2024-01-16 00:00:00-05:00,21.69888469036226,21.745150261547124,21.458299837380466,21.587844848632812,997500,0.0,0.0
2024-01-17 00:00:00-05:00,21.486058339356884,21.5600843117394,21.384273730404924,21.513818740844727,515100,0.0,0.0
2024-01-18 00:00:00-05:00,21.652616430722258,21.717388933585728,21.430538521653936,21.634109497070312,616400,0.0,0.0
2024-01-19 00:00:00-05:00,21.430539366821854,21.587844779230444,21.338006459831195,21.569337844848633,750700,0.0,0.0
2024-01-22 00:00:00-05:00,21.66187102150662,21.800669501261293,21.634110619588313,21.717390060424805,498100,0.0,0.0
2024-01-23 00:00:00-05:00,21.587845635730826,21.6063525708469,21.375021176651366,21.504566192626953,525300,0.0,0.0
2024-01-24 00:00:00-05:00,21.578591493065677,21.643363999027,21.134435653686523,21.134435653686523,685300,0.0,0.0
2024-01-25 00:00:00-05:00,21.13443494186931,21.25472648247195,21.032648570262058,21.236221313476562,1060200,0.0,0.0
2024-01-26 00:00:00-05:00,20.97713010593213,21.20846149141223,20.930864534803472,21.060409545898438,1256800,0.0,0.0
2024-01-29 00:00:00-05:00,19.6169029149747,20.11657780820124,19.348557650803826,19.922260284423828,3315700,0.0,0.0
2024-01-30 00:00:00-05:00,19.894499680120816,19.9407652524793,19.774208133037693,19.829727172851562,1149700,0.0,0.0
2024-01-31 00:00:00-05:00,19.811219624102442,19.996285437639123,19.552127838134766,19.552127838134766,971100,0.0,0.0
2024-02-01 00:00:00-05:00,19.542875631792384,19.774207010287036,19.46884966127083,19.74644660949707,992400,0.0,0.0
2024-02-02 00:00:00-05:00,19.367063522338867,19.41332909262558,19.20975811247831,19.367063522338867,929200,0.0,0.0
2024-02-05 00:00:00-05:00,19.191252021016933,19.413329944996907,19.15423991614616,19.339303970336914,762600,0.0,0.0
2024-02-06 00:00:00-05:00,19.293038994066226,19.62615500786839,19.293038994066226,19.61690330505371,3011900,0.0,0.0
2024-02-07 00:00:00-05:00,19.19125113889782,19.219011539963738,18.839628216654695,18.87664031982422,1054400,0.0,0.0
2024-02-08 00:00:00-05:00,18.922907860701898,18.987680365641676,18.811868020149145,18.969173431396484,726800,0.0,0.0
2024-02-09 00:00:00-05:00,19.033946141302028,19.098718646939304,18.904401130027477,19.06170654296875,611600,0.0,0.0
2024-02-12 00:00:00-05:00,19.043200589780017,19.163492140030694,18.959921145407044,19.107973098754883,673200,0.0,0.0
2024-02-13 00:00:00-05:00,18.58053589053752,18.663815326377502,18.441737419110318,18.54352378845215,775200,0.0,0.0
2024-02-14 00:00:00-05:00,18.478750433295826,18.58053680766177,18.36771235664062,18.5712833404541,6605100,0.0,0.0
2024-02-15 00:00:00-05:00,18.784108397739487,18.922908645415934,18.645309914981503,18.885894775390625,1071500,0.0,0.0
2024-02-16 00:00:00-05:00,18.710082222072465,18.89514804037855,18.66381664995517,18.79336166381836,682700,0.0,0.0
2024-02-20 00:00:00-05:00,18.617551797667407,18.719336413244555,18.580537926607708,18.654563903808594,731200,0.0,0.0
2024-02-21 00:00:00-05:00,18.210406680096664,18.423231128034203,18.090113373058312,18.386219024658203,1421800,0.0,0.0
2024-02-22 00:00:00-05:00,18.67306913757766,18.79336067772195,18.571282766358248,18.747095108032227,932900,0.0,0.0
2024-02-23 00:00:00-05:00,18.589789495780654,18.70082756778231,18.571282562140933,18.617549896240234,1213800,0.0,0.0
2024-02-26 00:00:00-05:00,18.552777392920838,18.636056837301346,18.52501875473967,18.580537796020508,1033600,0.0,0.0
2024-02-27 00:00:00-05:00,18.691576853953414,18.728588958271054,18.636056050099317,18.663816452026367,517000,0.0,0.0
2024-02-28 00:00:00-05:00,18.5620314545367,18.580538390528634,18.37696738937304,18.404726028442383,1111400,0.0,0.0
2024-02-29 00:00:00-05:00,18.57128327101606,18.57128327101606,18.395470924564542,18.552776336669922,917400,0.0,0.0
2024-03-01 00:00:00-05:00,18.654563250941173,18.885894642212683,18.552776874007805,18.81186866760254,926900,0.0,0.0
2024-03-04 00:00:00-05:00,18.710081376869052,18.83037468280945,18.682322740820013,18.821121215820312,810900,0.0,0.0
2024-03-05 00:00:00-05:00,18.70082862134791,18.80261499718247,18.682323451583983,18.719335556030273,1110600,0.0,0.0
2024-03-06 00:00:00-05:00,18.913655177909607,18.95992075052278,18.81186880025847,18.885894775390625,545700,0.0,0.0
2024-03-07 00:00:00-05:00,19.21901066815549,19.487354139946692,19.21901066815549,19.37631607055664,931600,0.0,0.0
2024-03-08 00:00:00-05:00,19.33005043849696,19.47810238732375,19.256024464083566,19.283784866333008,581400,0.0,0.0
2024-03-11 00:00:00-04:00,19.542874791954322,19.848232127848064,19.468848824613968,19.81121826171875,823400,0.0,0.0
2024-03-12 00:00:00-04:00,19.80196663711034,19.8112201045034,19.65391468865825,19.755701065063477,637900,0.0,0.0
2024-03-13 00:00:00-04:00,19.903752358552726,20.04255083504438,19.894498891464163,19.95001792907715,798300,0.0,0.0
2024-03-14 00:00:00-04:00,19.98703265911127,20.0147912966553,19.783459904223268,19.848234176635742,1011400,0.0,0.0
2024-03-15 00:00:00-04:00,19.64466160482964,19.69092894269832,19.42258367781541,19.487356185913086,710400,0.0,0.0
2024-03-18 00:00:00-04:00,19.40407513979775,19.413328606607106,19.117224728381075,19.12647819519043,822000,0.0,0.0
2024-03-19 00:00:00-04:00,19.144986247749543,19.302291662865724,19.098718910998645,19.24677085876465,524000,0.0,0.0
2024-03-20 00:00:00-04:00,19.015438290528554,19.080212557962852,18.756348280464657,19.070959091186523,979700,0.0,0.0
2024-03-21 00:00:00-04:00,18.719334000727603,18.95066537028158,18.691575365928827,18.848880767822266,1032900,0.0,0.0
2024-03-22 00:00:00-04:00,18.61755153492595,18.747096551969662,18.48800475296375,18.506511688232422,973300,0.0,0.0
2024-03-25 00:00:00-04:00,18.49725894348349,18.5620314545367,18.37696738937304,18.404726028442383,692000,0.0,0.0
2024-03-26 00:00:00-04:00,18.571282423786595,18.599042824039362,18.460244352612165,18.54352378845215,652000,0.0,0.0
2024-03-27 00:00:00-04:00,18.6453097835001,18.885894642212683,18.6453097835001,18.81186866760254,785700,0.0,0.0
2024-03-28 00:00:00-04:00,18.673070575813473,18.737843084335328,18.497258220598088,18.506511688232422,924300,0.0,0.0
2024-04-01 00:00:00-04:00,18.54352429432365,18.57128293041536,18.275179045981336,18.349205017089844,562200,0.0,0.0
2024-04-02 00:00:00-04:00,18.49725808850363,18.552777128994673,18.395471710171325,18.432485580444336,854600,0.0,0.0
2024-04-03 00:00:00-04:00,18.64530900784811,18.904400790664525,18.60829690454198,18.8951473236084,886200,0.0,0.0
2024-04-04 00:00:00-04:00,19.107971703610243,19.154239038727354,18.839628219604492,18.839628219604492,1165500,0.0,0.0
2024-04-05 00:00:00-04:00,18.589791263720397,18.691577643500686,18.52501875473967,18.580537796020508,988200,0.0,0.0
2024-04-08 00:00:00-04:00,18.79336010755637,19.061705345386912,18.784106640915496,18.92290687561035,626300,0.0,0.0
2024-04-09 00:00:00-04:00,19.033946137563923,19.181998083253877,18.97842709915979,19.098718643188477,1133000,0.0,0.0
2024-04-10 00:00:00-04:00,19.052451807691458,19.126477775624103,18.793360037468062,18.904399871826172,1239500,0.0,0.0
2024-04-11 00:00:00-04:00,19.126479048606026,19.135732515828266,18.83037515716796,19.06170654296875,725200,0.0,0.0
2024-04-12 00:00:00-04:00,18.996934947936424,19.01544011834953,18.552777324570528,18.562030792236328,803900,0.0,0.0
2024-04-15 00:00:00-04:00,19.11722616829342,19.163491740906593,18.821122267764796,18.885894775390625,1194900,0.0,0.0
2024-04-16 00:00:00-04:00,18.904401577094834,18.922908511976985,18.737842692992395,18.81186866760254,737400,0.0,0.0
2024-04-17 00:00:00-04:00,18.51576443623337,18.710081954246593,18.423231528404894,18.645309448242188,788900,0.0,0.0
2024-04-18 00:00:00-04:00,18.562030660330098,18.645310103811994,18.441739111366516,18.488004684448242,505100,0.0,0.0
2024-04-19 00:00:00-04:00,18.53427202244845,18.63605663621195,18.4602460465666,18.488004684448242,544900,0.0,0.0
2024-04-22 00:00:00-04:00,18.78410691587532,19.135731593702495,18.765601747240986,19.070959091186523,1558900,0.0,0.0
2024-04-23 00:00:00-04:00,19.172744378810123,19.468850031444745,19.08946493977513,19.441089630126953,1953000,0.0,0.0
2024-04-24 00:00:00-04:00,19.422582556637746,19.441089490716895,19.283784080880867,19.404075622558594,654500,0.0,0.0
2024-04-25 00:00:00-04:00,19.172744750976562,19.219012087404323,19.04319973881568,19.172744750976562,600500,0.0,0.0
2024-04-26 00:00:00-04:00,19.404075827675335,19.5706347063116,19.394822360537944,19.49660873413086,924200,0.0,0.0
2024-04-29 00:00:00-04:00,25.983139338240857,27.24158255244559,24.484111288090027,24.715442657470703,12337800,0.0,0.0
2024-04-30 00:00:00-04:00,24.826484135478534,25.048562053000964,24.51187331109216,24.567392349243164,3828400,0.0,0.0
2024-05-01 00:00:00-04:00,24.51187280668948,24.993042500545823,24.3175552947004,24.76171112060547,1513500,0.0,0.0
2024-05-02 00:00:00-04:00,24.650672780294116,24.83573860146472,24.539634699526534,24.57664680480957,2141200,0.0,0.0
2024-05-03 00:00:00-04:00,25.011549502041394,25.03005467114862,24.715443852386965,24.817230224609375,1661500,0.0,0.0
2024-05-06 00:00:00-04:00,24.872751235961914,24.919018574698224,24.54888868940029,24.872751235961914,1798300,0.0,0.0
2024-05-07 00:00:00-04:00,24.706192595598715,24.75245816657823,24.437847342146007,24.530380249023438,1224000,0.0,0.0
2024-05-08 00:00:00-04:00,24.08622445187547,24.188009061174505,23.984438077658034,24.05846405029297,1016600,0.0,0.0
2024-05-09 00:00:00-04:00,24.336059709410996,24.5396324469961,24.308301074226346,24.410085678100586,1373600,0.0,0.0
2024-05-10 00:00:00-04:00,24.780220088326313,24.9005116392037,24.659926772530415,24.872751235961914,975100,0.0,0.0
2024-05-13 00:00:00-04:00,25.47421247092207,25.557491909798056,24.928270267143223,24.946775436401367,1945400,0.0,0.0
2024-05-14 00:00:00-04:00,25.113334314153338,25.205867220117586,24.891256398790173,24.946775436401367,1292500,0.0,0.0
2024-05-15 00:00:00-04:00,25.261386297074537,25.418691707983253,25.215120726479544,25.40018653869629,1390000,0.0,0.0
2024-05-16 00:00:00-04:00,25.603758372703545,25.705544749303677,25.409439086914062,25.409439086914062,643800,0.0,0.0
2024-05-17 00:00:00-04:00,25.69629032026319,26.038659777057354,25.65927645200524,25.890607833862305,1058000,0.0,0.0
2024-05-20 00:00:00-04:00,25.483466692000334,25.520478796530096,25.307654341958266,25.335412979125977,708500,0.0,0.0
2024-05-21 00:00:00-04:00,25.18736188274863,25.4001881094345,25.18736188274863,25.270641326904297,854900,0.0,0.0
2024-05-22 00:00:00-04:00,25.205867702002685,25.33541271387824,25.104081327004224,25.150348663330078,956500,0.0,0.0
2024-05-23 00:00:00-04:00,25.085575925369618,25.094829392549205,24.465607743684757,24.530380249023438,701600,0.0,0.0
2024-05-24 00:00:00-04:00,24.82648396331137,25.020803242869928,24.724697589975058,24.965282440185547,1100900,0.0,0.0
2024-05-28 00:00:00-04:00,25.335412060317285,25.38167939544961,25.19661358475705,25.34466552734375,950300,0.0,0.0
2024-05-29 00:00:00-04:00,25.085576222411817,25.316907609885423,25.030055418676884,25.205867767333984,539800,0.0,0.0
2024-05-30 00:00:00-04:00,25.270638641883195,25.344664610498647,25.23362654003462,25.316905975341797,452600,0.0,0.0
2024-05-31 00:00:00-04:00,25.13184159018999,25.20586756298466,24.872749802949432,25.11333465576172,694100,0.0,0.0
2024-06-03 00:00:00-04:00,24.68768514962129,24.854244025565283,24.63216611261275,24.76171112060547,563100,0.0,0.0
2024-06-04 00:00:00-04:00,24.558139730907328,24.613658766987346,24.400834324582,24.53963279724121,439100,0.0,0.0
2024-06-05 00:00:00-04:00,24.530380179546007,24.576645750394484,24.345314366315307,24.511873245239258,670900,0.0,0.0
2024-06-06 00:00:00-04:00,24.169503450119375,24.530379839506544,24.150996516069167,24.30830192565918,1086200,0.0,0.0
2024-06-07 00:00:00-04:00,24.40083383684918,24.48411150684545,24.289794001990312,24.3360595703125,805800,0.0,0.0
2024-06-10 00:00:00-04:00,24.021450719140304,24.400835822918566,23.975185147052404,24.317556381225586,614900,0.0,0.0
2024-06-11 00:00:00-04:00,24.271289762567893,24.30830363326846,24.049211833120005,24.215770721435547,513700,0.0,0.0
2024-06-12 00:00:00-04:00,24.576646408787347,24.72469835737077,24.317556381225586,24.317556381225586,1020600,0.0,0.0
2024-06-13 00:00:00-04:00,24.280542762004092,24.29904969699748,23.88265248423865,23.97518539428711,1295300,0.0,0.0
2024-06-14 00:00:00-04:00,23.605055191911543,23.86414698347324,23.605055191911543,23.77161407470703,648400,0.0,0.0
2024-06-17 00:00:00-04:00,23.540282483633447,23.74385346924082,23.43849610837055,23.679080963134766,581000,0.0,0.0
2024-06-18 00:00:00-04:00,23.891904830932617,23.947423868389834,23.762359821892993,23.891904830932617,486800,0.0,0.0
2024-06-20 00:00:00-04:00,24.123234993437734,24.382326763339616,24.104728060247968,24.262033462524414,712400,0.0,0.0
2024-06-21 00:00:00-04:00,24.25278295832298,24.41008837981374,24.17875698144018,24.289796829223633,629900,0.0,0.0
2024-06-24 00:00:00-04:00,24.262034453871674,24.437846796521587,24.178755016033207,24.234275817871094,665600,0.0,0.0
2024-06-25 00:00:00-04:00,23.734600727382333,23.780868065242515,23.42924335717904,23.540283203125,794100,0.0,0.0
2024-06-26 00:00:00-04:00,23.66057338008479,23.901158228255234,23.61430780982517,23.873397827148438,596500,0.0,0.0
2024-06-27 00:00:00-04:00,23.72534765558367,23.817880567929137,23.61430957270391,23.762361526489258,697500,0.0,0.0
2024-06-28 00:00:00-04:00,23.4107360240712,23.512522400714833,23.197911568287637,23.318204879760742,562900,0.0,0.0
2024-07-01 00:00:00-04:00,23.46625462558983,23.5310271264938,23.15164382269773,23.207162857055664,530200,0.0,0.0
2024-07-02 00:00:00-04:00,23.08687362079514,23.429243092500375,23.068366685860138,23.392230987548828,479300,0.0,0.0
2024-07-03 00:00:00-04:00,23.827131824752254,24.095477069162694,23.817878357884478,24.086223602294922,515000,0.0,0.0
2024-07-05 00:00:00-04:00,24.622912645624933,24.789471521568924,24.419339901729668,24.76171112060547,1010000,0.0,0.0
2024-07-08 00:00:00-04:00,24.58589973649028,24.63216707323373,24.206516399786135,24.280542373657227,532800,0.0,0.0
2024-07-09 00:00:00-04:00,24.326809779566407,24.400835753647964,24.215769935984845,24.299049377441406,609100,0.0,0.0
2024-07-10 00:00:00-04:00,24.4193403420914,24.511873248719887,24.3360609026176,24.47486114501953,600300,0.0,0.0
2024-07-11 00:00:00-04:00,24.66917997940778,24.84499233490957,24.622914406079225,24.724699020385742,542400,0.0,0.0
2024-07-12 00:00:00-04:00,24.780217917264437,24.872749056793136,24.678431545880844,24.687685012817383,431900,0.0,0.0
2024-07-15 00:00:00-04:00,24.437847380661808,24.456354315050145,24.0492105830988,24.05846405029297,995900,0.0,0.0
2024-07-16 00:00:00-04:00,23.817879129245053,24.049210513676243,23.8086256620776,24.03995704650879,1166600,0.0,0.0
2024-07-17 00:00:00-04:00,23.836385796585276,24.06771717842529,23.827132329521472,23.85489273071289,768500,0.0,0.0
2024-07-18 00:00:00-04:00,24.15099589425316,24.27128743264561,23.92891798612364,24.030702590942383,996300,0.0,0.0
2024-07-19 00:00:00-04:00,23.919666359070252,23.96593193164462,23.71609360393872,23.938173294067383,594500,0.0,0.0
2024-07-22 00:00:00-04:00,24.44710067410695,24.539633580472575,24.299048729889307,24.45635414123535,645600,0.0,0.0
2024-07-23 00:00:00-04:00,24.07697184086182,24.07697184086182,23.87339908518787,23.99369239807129,379600,0.0,0.0
2024-07-24 00:00:00-04:00,24.058462991302946,24.20651493005596,24.012197422287002,24.030702590942383,392700,0.0,0.0
2024-07-25 00:00:00-04:00,23.808626243923744,24.0769715035827,23.753107204480614,23.827133178710938,542700,0.0,0.0
2024-07-26 00:00:00-04:00,23.910411698304458,23.94742380153314,23.771613222589732,23.83638572692871,711700,0.0,0.0
2024-07-29 00:00:00-04:00,26.529082174595327,27.324862669939083,26.4735631387327,26.973237991333008,3548800,0.0,0.0
2024-07-30 00:00:00-04:00,26.455055876779372,26.575347413808398,26.214471037803015,26.29775047302246,1584600,0.0,0.0
2024-07-31 00:00:00-04:00,26.168206964194276,26.24223293696055,25.918368644263705,26.075674057006836,1053400,0.0,0.0
2024-08-01 00:00:00-04:00,25.936874962231478,25.992393999257036,25.603757210241408,25.79807472229004,1097500,0.0,0.0
2024-08-02 00:00:00-04:00,26.390285353878486,26.473564795342888,26.186712601446196,26.353271484375,999500,0.0,0.0
2024-08-05 00:00:00-04:00,25.9091158945965,26.279245768678475,25.835089919780106,25.93687629699707,1003300,0.0,0.0
2024-08-06 00:00:00-04:00,26.038660452251577,26.547590564484935,26.010901815256698,26.260738372802734,1059000,0.0,0.0
2024-08-07 00:00:00-04:00,26.78817417872958,27.04726419157816,26.56609450354745,26.593854904174805,617000,0.0,0.0
2024-08-08 00:00:00-04:00,26.566095960150587,26.88996025888694,26.5198303881533,26.84369468688965,706700,0.0,0.0
2024-08-09 00:00:00-04:00,26.65862846758213,26.70489580380107,26.344017640966992,26.62161636352539,1765100,0.0,0.0
2024-08-12 00:00:00-04:00,26.445805189446865,26.45505865710134,26.177461687141058,26.232980728149414,724000,0.0,0.0
2024-08-13 00:00:00-04:00,26.05716863226495,26.390286411472292,26.03866169677154,26.381032943725586,613300,0.0,0.0
2024-08-14 00:00:00-04:00,26.427295893027683,26.58460129926254,26.39028379063507,26.51982879638672,709600,0.0,0.0
2024-08-15 00:00:00-04:00,26.52908365864512,26.778921981380517,26.510576724016182,26.714149475097656,641900,0.0,0.0
2024-08-16 00:00:00-04:00,26.63087036404981,26.945481196964998,26.63087036404981,26.917720794677734,805100,0.0,0.0
2024-08-19 00:00:00-04:00,27.038012739740967,27.1490525856074,27.010254101963213,27.139799118041992,869000,0.0,0.0
2024-08-20 00:00:00-04:00,27.11203779339197,27.232331102733202,27.11203779339197,27.186063766479492,540900,0.0,0.0
2024-08-21 00:00:00-04:00,27.352621563803314,27.583952941154298,27.278595593647733,27.556194305419922,823800,0.0,0.0
2024-08-22 00:00:00-04:00,27.85229832478097,27.89856389451429,27.583953078556334,27.630220413208008,696200,0.0,0.0
2024-08-23 00:00:00-04:00,27.648727035809422,27.926325763559422,27.648727035809422,27.917072296142578,422000,0.0,0.0
2024-08-26 00:00:00-04:00,27.824538265744096,27.926324638309612,27.787526162486515,27.833791732788086,391300,0.0,0.0
2024-08-27 00:00:00-04:00,27.759765190075132,28.01885696721977,27.750511723221575,28.00960350036621,532400,0.0,0.0
2024-08-28 00:00:00-04:00,28.14840265710327,28.416746142701623,28.14840265710327,28.37973403930664,654600,0.0,0.0
2024-08-29 00:00:00-04:00,28.26869556629882,28.26869556629882,28.055871107960392,28.120643615722656,582500,0.0,0.0
2024-08-30 00:00:00-04:00,27.95408440089151,27.991098270558886,27.778273814726802,27.917072296142578,559100,0.0,0.0
2024-09-03 00:00:00-04:00,27.732005806303654,27.769019675074997,27.50067442123797,27.54694175720215,580000,0.0,0.0
2024-09-04 00:00:00-04:00,27.25083688634927,27.69499270611635,27.23232995262939,27.57469940185547,562800,0.0,0.0
2024-09-05 00:00:00-04:00,27.75976627402225,27.796780142881783,27.55619529005005,27.602460861206055,675100,0.0,0.0
2024-09-06 00:00:00-04:00,27.68574187933259,28.05587176443359,27.68574187933259,27.96333885192871,888100,0.0,0.0
2024-09-09 00:00:00-04:00,27.944832499480345,28.05587057785521,27.73200628024472,27.787527084350586,673200,0.0,0.0
2024-09-10 00:00:00-04:00,27.435900791290766,27.546940628135204,27.21382288252023,27.500673294067383,640800,0.0,0.0
2024-09-11 00:00:00-04:00,28.213175669679153,28.22242913692409,27.87080620620848,28.185415267944336,726400,0.0,0.0
2024-09-12 00:00:00-04:00,28.324214222791344,28.537038664985005,28.314960755967487,28.4630126953125,782700,0.0,0.0
2024-09-13 00:00:00-04:00,28.39824202668775,28.601813015206073,28.3519746895801,28.444507598876953,990800,0.0,0.0
2024-09-16 00:00:00-04:00,28.564799408444678,28.675837481827543,28.44450610320849,28.666584014892578,948300,0.0,0.0
2024-09-17 00:00:00-04:00,29.05522221392838,29.14775512285765,28.81463735667966,28.860904693603516,994600,0.0,0.0
2024-09-18 00:00:00-04:00,28.61106583359085,28.82389028470282,28.42600001919532,28.564800262451172,1210700,0.0,0.0
2024-09-19 00:00:00-04:00,28.84239721538653,28.925676655361876,28.537039857116387,28.6018123626709,941200,0.0,0.0
2024-09-20 00:00:00-04:00,28.33346925263808,28.39824175905992,28.02811189027909,28.29645538330078,775700,0.0,0.0
2024-09-23 00:00:00-04:00,28.287202098313134,28.287202098313134,27.86155318770094,27.8985652923584,862300,0.0,0.0
2024-09-24 00:00:00-04:00,28.1761641669878,28.50002670288086,28.018858750303263,28.50002670288086,1233500,0.0,0.0
2024-09-25 00:00:00-04:00,29.045968339959376,29.101489143490824,28.620319435728774,28.638826370239258,835200,0.0,0.0
2024-09-26 00:00:00-04:00,29.036713978810756,29.24954018929263,28.92567590500299,29.212526321411133,1131700,0.0,0.0
2024-09-27 00:00:00-04:00,29.97129423068132,30.433957009246544,29.934280361235253,30.2951602935791,1433000,0.0,0.0
2024-09-30 00:00:00-04:00,30.31366171963951,30.35993081834516,30.1656097813567,30.27665138244629,840000,0.0,0.0
2024-10-01 00:00:00-04:00,30.433957582611896,30.45246451768359,29.952787860258564,30.230384826660156,725500,0.0,0.0
2024-10-02 00:00:00-04:00,29.73071046389335,30.091586858206302,29.610417155843432,30.03606605529785,540500,0.0,0.0
2024-10-03 00:00:00-04:00,29.860254935625793,29.869506637691945,29.62892355576799,29.665937423706055,658800,0.0,0.0
2024-10-04 00:00:00-04:00,29.554897980948077,29.999052047729492,29.536391046730987,29.999052047729492,532200,0.0,0.0
2024-10-07 00:00:00-04:00,29.591910128911092,29.656682633849805,29.314313174911362,29.416099548339844,1136700,0.0,0.0
2024-10-08 00:00:00-04:00,29.388338294660855,29.564150635051636,29.3698313609527,29.51788330078125,408400,0.0,0.0
2024-10-09 00:00:00-04:00,29.619670615281755,29.9527883928213,29.619670615281755,29.925029754638672,311300,0.0,0.0
2024-10-10 00:00:00-04:00,29.739962069649103,29.739962069649103,29.37908567650684,29.45311164855957,406100,0.0,0.0
2024-10-11 00:00:00-04:00,29.628924607751102,29.767721322691763,29.628924607751102,29.730710983276367,369100,0.0,0.0
2024-10-14 00:00:00-04:00,29.51788425607996,30.017559127942906,29.471618685230606,29.9620418548584,610300,0.0,0.0
2024-10-15 00:00:00-04:00,30.036066580015305,30.184118527187454,29.68444541162948,29.730710983276367,1024200,0.0,0.0
2024-10-16 00:00:00-04:00,29.851000962775114,29.98054950602242,29.804735390819513,29.86025619506836,654300,0.0,0.0
2024-10-17 00:00:00-04:00,29.59191098415996,29.656683490970693,29.360579594168243,29.38833999633789,414000,0.0,0.0
2024-10-18 00:00:00-04:00,29.628924331377814,29.75846934271547,29.46236545113317,29.65668296813965,544300,0.0,0.0
2024-10-21 00:00:00-04:00,29.72145469017996,29.786227194141013,29.573402748292313,29.739961624145508,644600,0.0,0.0
2024-10-22 00:00:00-04:00,29.591910600656874,29.795483350759138,29.591910600656874,29.693696975708008,255100,0.0,0.0
2024-10-23 00:00:00-04:00,29.499376367073097,29.647430071819986,29.360577894098622,29.51788330078125,300300,0.0,0.0
2024-10-24 00:00:00-04:00,29.73996260840495,29.84174898366577,29.665938399929622,29.78622817993164,559200,0.0,0.0
2024-10-25 00:00:00-04:00,29.65668235574697,29.69369622388965,29.26804556484072,29.3050594329834,896000,0.0,0.0
2024-10-28 00:00:00-04:00,24.234275656221158,24.743203981911865,24.141742752026936,24.632165908813477,4272400,0.0,0.0
2024-10-29 00:00:00-04:00,24.863497629509922,25.13184111396131,24.67843181857089,24.835737228393555,2108800,0.0,0.0
2024-10-30 00:00:00-04:00,23.910412635776517,24.41934098832387,23.910412635776517,24.354568481445312,1324700,0.0,0.0
2024-10-31 00:00:00-04:00,24.132490430152153,24.3453148844541,23.99369194973429,24.2435302734375,1487000,0.0,0.0
2024-11-01 00:00:00-04:00,24.521126712392633,24.798723667320285,24.428593805777282,24.511873245239258,1092200,0.0,0.0
2024-11-04 00:00:00-05:00,25.13184152435858,25.270640002370214,25.030055150188126,25.057815551757812,1155000,0.0,0.0
2024-11-05 00:00:00-05:00,25.0948294205174,25.187360562579553,24.965282644777254,25.057815551757812,653400,0.0,0.0
2024-11-06 00:00:00-05:00,24.58589935671222,24.59515282391797,24.308302400213275,24.548887252807617,615500,0.0,0.0
2024-11-07 00:00:00-05:00,25.437198705084974,25.594504116382648,25.30765369516397,25.492717742919922,761900,0.0,0.0
2024-11-08 00:00:00-05:00,24.622913360595703,24.66917893195983,24.47486141432839,24.622913360595703,868400,0.0,0.0
2024-11-11 00:00:00-05:00,24.63216548902728,24.66917759112319,24.40083411494329,24.484111785888672,547200,0.0,0.0
2024-11-12 00:00:00-05:00,24.15099681777605,24.289795295049796,23.965931004798787,24.02145004272461,555600,0.0,0.0
2024-11-13 00:00:00-05:00,24.197262388561168,24.197262388561168,23.910411966872967,24.02145004272461,554600,0.0,0.0
2024-11-14 00:00:00-05:00,23.845639124173577,24.05846357064115,23.799371789125168,23.81787872314453,614900,0.0,0.0
2024-11-15 00:00:00-05:00,23.97518433942531,23.993691273604426,23.817878928739606,23.910411834716797,674500,0.0,0.0
2024-11-18 00:00:00-05:00,23.790117820791053,24.10472863281702,23.790117820791053,24.012197494506836,545400,0.0,0.0
2024-11-19 00:00:00-05:00,23.817878149599718,24.076969924876654,23.632814108617612,24.030702590942383,572900,0.0,0.0
2024-11-20 00:00:00-05:00,24.169505340753098,24.354569400976487,24.14174493750626,24.34531593322754,667300,0.0,0.0
2024-11-21 00:00:00-05:00,24.262033740721407,24.447099544904535,24.234275105536756,24.410085678100586,553200,0.0,0.0
2024-11-22 00:00:00-05:00,24.39158149735825,24.57664554411727,24.225022619832263,24.419340133666992,593300,0.0,0.0
2024-11-25 00:00:00-05:00,24.91901727645606,25.18736076747234,24.863498237783453,25.150348663330078,657200,0.0,0.0
2024-11-26 00:00:00-05:00,25.094830074176425,25.113335244119828,24.807977878573052,24.900510787963867,703300,0.0,0.0
2024-11-27 00:00:00-05:00,25.02080449780513,25.242882424925956,25.02080449780513,25.122589111328125,329000,0.0,0.0
2024-11-29 00:00:00-05:00,24.863498302227363,25.23362816920145,24.826484433070743,25.205867767333984,298800,0.0,0.0
2024-12-02 00:00:00-05:00,24.706192288978627,24.928270203777288,24.632166317379074,24.854244232177734,768200,0.0,0.0
2024-12-03 00:00:00-05:00,24.456355060493795,24.530381035385084,24.354568683173852,24.447101593017578,625900,0.0,0.0
2024-12-04 00:00:00-05:00,24.299049446423048,24.484113499693102,24.28054251162051,24.317556381225586,638100,0.0,0.0
2024-12-05 00:00:00-05:00,24.188009465088754,24.32680971040068,24.160250827961118,24.280542373657227,640000,0.0,0.0
2024-12-06 00:00:00-05:00,24.29904824903306,24.382327686622258,24.19726187755329,24.25278091430664,901400,0.0,0.0
2024-12-09 00:00:00-05:00,24.169504432642167,24.484113499693102,24.169504432642167,24.317556381225586,627100,0.0,0.0
2024-12-10 00:00:00-05:00,24.447101325604525,24.474861727729525,24.215769935984845,24.299049377441406,349000,0.0,0.0
2024-12-11 00:00:00-05:00,24.15099603293041,24.197261602212016,23.965930225967316,24.10472869873047,469800,0.0,0.0
2024-12-12 00:00:00-05:00,23.790119036737213,23.984438319940868,23.706841360985273,23.716093063354492,803600,0.0,0.0
2024-12-13 00:00:00-05:00,23.965931798360536,23.984438733254745,23.771614276726712,23.864147186279297,508500,0.0,0.0
2024-12-16 00:00:00-05:00,23.651321610625903,23.956678985044228,23.614309504745332,23.743854522705078,495500,0.0,0.0
2024-12-17 00:00:00-05:00,23.39223144392403,23.401484911572062,23.133139644534584,23.142393112182617,717600,0.0,0.0
2024-12-18 00:00:00-05:00,23.614308753020843,23.660574325128387,22.846288607573868,22.86479377746582,1107000,0.0,0.0
2024-12-19 00:00:00-05:00,23.160900115966797,23.253431262883762,23.04060680110515,23.160900115966797,642700,0.0,0.0
2024-12-20 00:00:00-05:00,23.040606931310442,23.39223164528857,23.003594825318196,23.234926223754883,563100,0.0,0.0
2024-12-23 00:00:00-05:00,23.475508652825194,23.531027688509145,23.336708416237826,23.503267288208008,466000,0.0,0.0
2024-12-24 00:00:00-05:00,23.392229354322474,23.586546862817524,23.392229354322474,23.577293395996094,181700,0.0,0.0
2024-12-26 00:00:00-05:00,23.484762012774446,23.882652287258153,23.401484335828005,23.845640182495117,325900,0.0,0.0
2024-12-27 00:00:00-05:00,23.61430838795828,23.70684129566131,23.503268545730954,23.660573959350586,384600,0.0,0.0
2024-12-30 00:00:00-05:00,23.466257026538344,23.55878817162946,23.290444674011994,23.447750091552734,340800,0.0,0.0
2024-12-31 00:00:00-05:00,23.447748113844554,23.54953448276173,23.355215211639695,23.429241180419922,312600,0.0,0.0
2025-01-02 00:00:00-05:00,23.45700288048791,23.512521918920232,23.049859147174587,23.11463165283203,500900,0.0,0.0
2025-01-03 00:00:00-05:00,23.17940259714207,23.299695898047382,23.049857594553238,23.28118896484375,342700,0.0,0.0
2025-01-06 00:00:00-05:00,23.392230338596182,23.716092866381747,23.355216469753028,23.549535751342773,402800,0.0,0.0
2025-01-07 00:00:00-05:00,23.595801116886157,23.697587490399552,23.392230134777762,23.457002639770508,366500,0.0,0.0
2025-01-08 00:00:00-05:00,23.299697225039978,23.540282075634387,23.24417818718539,23.494014739990234,414500,0.0,0.0
2025-01-10 00:00:00-05:00,24.05846370822264,24.104729278617253,23.8641461946632,23.891904830932617,710000,0.0,0.0
2025-01-13 00:00:00-05:00,23.660574028556344,23.734600001951605,23.42924264108134,23.679080963134766,698300,0.0,0.0
2025-01-14 00:00:00-05:00,23.27193699964551,23.364469906715193,22.98508657615606,23.059112548828125,744900,0.0,0.0
2025-01-15 00:00:00-05:00,23.392229216840104,23.5865467241931,23.345961883004875,23.503267288208008,444500,0.0,0.0
2025-01-16 00:00:00-05:00,23.642065398156277,23.864145067330938,23.52177386186177,23.808624267578125,551700,0.0,0.0
2025-01-17 00:00:00-05:00,23.61430780982517,23.993691133692845,23.61430780982517,23.873397827148438,404900,0.0,0.0
2025-01-21 00:00:00-05:00,24.437847407594308,24.64141839133513,24.42859394038994,24.585899353027344,626700,0.0,0.0
2025-01-22 00:00:00-05:00,24.863497592736774,24.863497592736774,24.30830192565918,24.30830192565918,942600,0.0,0.0
2025-01-23 00:00:00-05:00,24.67843174925414,24.83573715863497,24.4563538357021,24.817230224609375,678200,0.0,0.0
2025-01-24 00:00:00-05:00,24.659924042331117,24.96528138450939,24.585898073467245,24.863496780395508,419400,0.0,0.0
2025-01-27 00:00:00-05:00,25.094830735836553,25.35392077105996,25.06707033281183,25.270641326904297,712700,0.0,0.0
2025-01-28 00:00:00-05:00,25.31690569535921,25.41869029800587,25.05781392561129,25.168853759765625,620700,0.0,0.0
2025-01-29 00:00:00-05:00,25.307652369120333,25.409436972331466,25.12258656614287,25.24287986755371,494800,0.0,0.0
2025-01-30 00:00:00-05:00,25.714797461494676,26.01090135026955,25.62226455502293,25.946128845214844,668300,0.0,0.0
2025-01-31 00:00:00-05:00,25.57599633090903,25.742555203788832,25.390932289312396,25.520477294921875,683700,0.0,0.0
2025-02-03 00:00:00-05:00,24.817229307701865,25.122586648168866,24.641416970791077,24.789470672607422,715200,0.0,0.0
2025-02-04 00:00:00-05:00,24.84499174829676,24.993043697354683,24.761712306336868,24.900510787963867,664900,0.0,0.0
2025-02-05 00:00:00-05:00,25.205867190279996,25.446452039534893,25.14109468565721,25.38167953491211,744500,0.0,0.0
2025-02-06 00:00:00-05:00,25.622264454405354,25.67778349210302,25.335412268977556,25.40018653869629,521500,0.0,0.0
2025-02-07 00:00:00-05:00,25.57599584202752,25.659275276875547,25.215119467631602,25.24287986755371,702500,0.0,0.0
2025-02-10 00:00:00-05:00,25.46495924517495,25.57599732144969,25.455705777998986,25.52973175048828,387800,0.0,0.0
2025-02-11 00:00:00-05:00,25.7055437181209,25.89986123119685,25.65927638292302,25.872100830078125,460900,0.0,0.0
2025-02-12 00:00:00-05:00,25.825836715615118,26.09418198013444,25.696291699595292,26.084928512573242,378300,0.0,0.0
2025-02-13 00:00:00-05:00,26.205218895366478,26.566095289608263,26.131192923088204,26.47356414794922,608000,0.0,0.0
2025-02-14 00:00:00-05:00,26.381032414857685,26.39953934998008,26.04791464232845,26.084928512573242,924000,0.0,0.0
2025-02-18 00:00:00-05:00,26.15895271042139,26.288497717637533,26.03865940521924,26.195964813232422,735400,0.0,0.0
2025-02-19 00:00:00-05:00,22.938820225732137,23.438495083062474,22.633461113301266,23.17940330505371,2788900,0.0,0.0
2025-02-20 00:00:00-05:00,23.35521764239462,23.512523063039357,22.96658082462048,23.160900115966797,970100,0.0,0.0
2025-02-21 00:00:00-05:00,23.410735569445723,23.642066955566406,23.299697492462105,23.642066955566406,2295400,0.0,0.0
2025-02-24 00:00:00-05:00,24.021450112173877,24.197262458518733,23.799372194910145,24.03995704650879,1798100,0.0,0.0
2025-02-25 00:00:00-05:00,24.595153088858897,24.75245850321438,24.47486154372514,24.733951568603516,1694300,0.0,0.0
2025-02-26 00:00:00-05:00,24.817230294315976,25.002296105255013,24.733950855885247,24.835737228393555,1303700,0.0,0.0
2025-02-27 00:00:00-05:00,24.225022075474858,24.39158094925812,24.076970135427146,24.086223602294922,1573800,0.0,0.0
2025-02-28 00:00:00-05:00,24.160249572318776,24.24352900921041,23.88265086104056,24.086223602294922,715600,0.0,0.0
2025-03-03 00:00:00-05:00,24.4471015288067,24.641419050541533,24.289796111961074,24.391582489013672,629900,0.0,0.0
2025-03-04 00:00:00-05:00,24.45635427294115,24.733951228614586,24.28979539356973,24.567392349243164,629400,0.0,0.0
2025-03-05 00:00:00-05:00,25.18736062855639,25.23362796462707,24.863498100653704,25.11333465576172,545300,0.0,0.0
2025-03-06 00:00:00-05:00,24.974537028223434,25.381680774923986,24.956030093164667,25.04856300354004,991600,0.0,0.0
2025-03-07 00:00:00-05:00,25.18736136369686,25.585251640925804,25.16885619364689,25.501972198486328,860500,0.0,0.0
2025-03-10 00:00:00-04:00,25.030054603578726,25.12258750853854,24.604405711649296,24.76171112060547,803900,0.0,0.0
2025-03-11 00:00:00-04:00,24.89125797713327,24.937525315508378,24.447102118243222,24.743206024169922,644400,0.0,0.0
2025-03-12 00:00:00-04:00,24.770965302957613,24.798723939804347,24.567392553183343,24.65992546081543,608400,0.0,0.0
2025-03-13 00:00:00-04:00,24.373074154500348,24.548886496153884,24.11398237548031,24.160249710083008,721600,0.0,0.0
2025-03-14 00:00:00-04:00,24.650672196661922,24.761712039718986,24.51187371652942,24.752458572387695,922500,0.0,0.0
2025-03-17 00:00:00-04:00,24.65067141745452,24.956028770061067,24.65067141745452,24.835737228393555,433800,0.0,0.0
2025-03-18 00:00:00-04:00,24.419340070122892,24.456353938329407,24.289795061236845,24.32680892944336,594500,0.0,0.0
2025-03-19 00:00:00-04:00,24.354567466342747,24.81723022752682,24.336060532314974,24.78021812438965,575100,0.0,0.0
2025-03-20 00:00:00-04:00,24.03995684090127,24.234276119919073,23.864146260978476,23.947423934936523,760100,0.0,0.0
2025-03-21 00:00:00-04:00,23.651320357109437,23.70684116036545,23.48476147717822,23.5865478515625,720800,0.0,0.0
2025-03-24 00:00:00-04:00,23.447749376942507,23.651320360824634,23.438495909731717,23.549535751342773,487600,0.0,0.0
2025-03-25 00:00:00-04:00,23.82713263412192,23.84563956848612,23.54028221115042,23.56804084777832,967600,0.0,0.0
2025-03-26 00:00:00-04:00,23.447749685220302,23.568041230705266,23.244178698661738,23.262683868408203,426800,0.0,0.0
2025-03-27 00:00:00-04:00,23.466256711221448,23.854893516104777,23.466256711221448,23.77161407470703,601600,0.0,0.0
2025-03-28 00:00:00-04:00,24.141742798793732,24.18800836852129,23.688333508773887,23.725345611572266,815300,0.0,0.0
2025-03-31 00:00:00-04:00,23.25342898025274,23.577293257426053,23.18865647780174,23.503267288208008,669200,0.0,0.0
2025-04-01 00:00:00-04:00,23.623561240297246,23.651319876442702,23.25342961911967,23.345962524414062,597000,0.0,0.0
2025-04-02 00:00:00-04:00,22.763008524329315,23.086872814710187,22.679729084947994,22.98508644104004,691700,0.0,0.0
2025-04-03 00:00:00-04:00,22.827781247832107,22.920314155243172,22.04125418221567,22.07826805114746,1964500,0.0,0.0
2025-04-04 00:00:00-04:00,21.199206759400415,21.254725794426065,20.403426276053413,20.43118667602539,2178400,0.0,0.0
2025-04-07 00:00:00-04:00,20.17209724606414,21.384275045115615,19.875993338329536,20.144338607788086,2441100,0.0,0.0
2025-04-08 00:00:00-04:00,20.810570213955188,20.912356583390324,19.894498183793946,20.051803588867188,2029400,0.0,0.0
2025-04-09 00:00:00-04:00,20.172095129111934,22.189304995006793,19.950017221616857,21.99498748779297,2667300,0.0,0.0
2025-04-10 00:00:00-04:00,21.254727792272256,21.3009951299078,20.394176491272734,20.921611785888672,1461900,0.0,0.0
2025-04-11 00:00:00-04:00,21.27323415532446,21.791415968480237,21.19920818201649,21.6618709564209,1200200,0.0,0.0
2025-04-14 00:00:00-04:00,22.01349449157715,22.217065466201152,21.763656183003373,22.01349449157715,722400,0.0,0.0
2025-04-15 00:00:00-04:00,22.096772160824077,22.180051597007697,21.97648062240236,22.050506591796875,793000,0.0,0.0
2025-04-16 00:00:00-04:00,21.930215762748368,22.254078286251353,21.856189790959345,21.948720932006836,745700,0.0,0.0
2025-04-17 00:00:00-04:00,21.856188738859785,22.078266643536608,21.800667939001855,21.846935272216797,642100,0.0,0.0
2025-04-21 00:00:00-04:00,21.902455678267014,21.902455678267014,21.2362219225298,21.550832748413086,603900,0.0,0.0
2025-04-22 00:00:00-04:00,22.124534019310783,22.577943332348973,22.096773617113914,22.337358474731445,830900,0.0,0.0
2025-04-23 00:00:00-04:00,22.457652315910526,22.920315107264667,22.448398848293223,22.63346290588379,676400,0.0,0.0
2025-04-24 00:00:00-04:00,22.753754784086794,22.874046325683594,22.642714944604972,22.874046325683594,584100,0.0,0.0
2025-04-25 00:00:00-04:00,23.1516466482914,23.22567262477607,23.031353333429752,23.160900115966797,672500,0.0,0.0
2025-04-28 00:00:00-04:00,23.392230918645136,23.419989556047415,23.225672034557654,23.37372398376465,454300,0.0,0.0
2025-04-29 00:00:00-04:00,23.29969860126074,23.336710707043828,23.142393180616004,23.160900115966797,683500,0.0,0.0
2025-04-30 00:00:00-04:00,23.34596279912695,23.47550957403083,23.09612448136774,23.457002639770508,905600,0.0,0.0
2025-05-01 00:00:00-04:00,23.401483842055587,23.438495946037666,22.93882107030994,23.11463165283203,701900,0.0,0.0
2025-05-02 00:00:00-04:00,23.753106936530028,23.92891928518819,23.63281539160713,23.679080963134766,1498900,0.0,0.0
2025-05-05 00:00:00-04:00,23.66982657491552,23.75310601235981,23.466255597228557,23.725345611572266,1002200,0.0,0.0
2025-05-06 00:00:00-04:00,22.837034116962094,22.92031355495912,22.281838451954712,22.291091918945312,2031100,0.0,0.0
2025-05-07 00:00:00-04:00,22.494664418431285,22.651969838067245,22.05050856237157,22.106027603149414,1287100,0.0,0.0
2025-05-08 00:00:00-04:00,22.40212992278679,22.44839725759478,22.198558944386708,22.272584915161133,1098100,0.0,0.0
2025-05-09 00:00:00-04:00,22.587197605461512,22.716742623831042,22.49466469308963,22.707490921020508,1149500,0.0,0.0
2025-05-12 00:00:00-04:00,23.262683807429635,23.475510025681196,23.03135241948012,23.17015266418457,1312000,0.0,0.0
2025-05-13 00:00:00-04:00,23.398262611102187,23.417512959657408,23.128765074586205,23.31163787841797,1212900,0.967,0.0
2025-05-14 00:00:00-04:00,23.398261649293627,23.43676234482146,22.965139839490718,22.98438835144043,1665000,0.0,0.0
2025-05-15 00:00:00-04:00,23.157638420958207,23.417512615188137,23.032514828818385,23.369388580322266,727700,0.0,0.0
2025-05-16 00:00:00-04:00,23.109514757619635,23.24426352606182,22.994014501944708,23.128765106201172,864900,0.0,0.0
2025-05-19 00:00:00-04:00,23.042140161188488,23.109514544789082,22.907389558173026,22.97476577758789,1161700,0.0,0.0
2025-05-20 00:00:00-04:00,23.032514329778845,23.099888711456988,22.945889600245746,23.06138801574707,1192400,0.0,0.0
2025-05-21 00:00:00-04:00,23.157638921051646,23.167264095395527,22.5320172752136,22.551267623901367,1648300,0.0,0.0
2025-05-22 00:00:00-04:00,22.329894567678192,22.349143080936326,22.00264597670357,22.204769134521484,2403500,0.0,0.0
2025-05-23 00:00:00-04:00,21.627269854608688,21.925644734908726,21.54064512623954,21.704269409179688,1306800,0.0,0.0
2025-05-27 00:00:00-04:00,22.243269138430122,22.329893870738243,22.14701923188618,22.214393615722656,1060900,0.0,0.0
2025-05-28 00:00:00-04:00,22.060393594469634,22.118142801700916,22.01226956107926,22.070018768310547,973200,0.0,0.0
2025-05-29 00:00:00-04:00,22.147019992093746,22.224019552809096,22.04114490767977,22.098894119262695,1041000,0.0,0.0
2025-05-30 00:00:00-04:00,21.983393978910513,22.224017816826947,21.858268555138018,22.175893783569336,1352800,0.0,0.0
2025-06-02 00:00:00-04:00,21.877519714293665,21.993019968536174,21.646521041622904,21.954519271850586,1007800,0.0,0.0
2025-06-03 00:00:00-04:00,21.68502242307254,22.060395048539164,21.617646201745163,21.944894790649414,1756100,0.0,0.0
2025-06-04 00:00:00-04:00,22.098892733739547,22.262517019477784,22.07001904766553,22.11814308166504,1510500,0.0,0.0
2025-06-05 00:00:00-04:00,22.156644036764337,22.52239147255708,22.08926965405101,22.45501708984375,1648900,0.0,0.0
2025-06-06 00:00:00-04:00,22.35876756742682,22.705266496811106,22.35876756742682,22.580141067504883,1226500,0.0,0.0
2025-06-09 00:00:00-04:00,22.695641846062042,22.753391057020025,22.589766762793808,22.59939193725586,815000,0.0,0.0
2025-06-10 00:00:00-04:00,22.753389408187697,23.01326359238822,22.676389853885414,22.936264038085938,1549700,0.0,0.0
2025-06-11 00:00:00-04:00,22.907389934508423,23.05176571409789,22.705266780386044,22.734142303466797,1187800,0.0,0.0
2025-06-12 00:00:00-04:00,22.647517570038833,22.849640724161215,22.61864204695808,22.734142303466797,680600,0.0,0.0
2025-06-13 00:00:00-04:00,22.127769154340097,22.166269851754773,21.858269779880246,21.896770477294922,798800,0.0,0.0
2025-06-16 00:00:00-04:00,22.031518657469892,22.214393293670742,21.96414427461017,21.983394622802734,884300,0.0,0.0
2025-06-17 00:00:00-04:00,21.80051970666733,21.810144880640017,21.251897640923733,21.280773162841797,1072000,0.0,0.0
2025-06-18 00:00:00-04:00,21.232646942138672,21.35777236590186,21.12677370181697,21.232646942138672,959600,0.0,0.0
2025-06-20 00:00:00-04:00,21.70427054985296,21.70427054985296,21.415522663990046,21.454023361206055,1227500,0.0,0.0
2025-06-23 00:00:00-04:00,21.463646025385053,21.839020468191066,21.367397956997372,21.829395294189453,1631000,0.0,0.0
2025-06-24 00:00:00-04:00,22.657142132649383,23.051765091693248,22.59939108804717,23.003639221191406,1359800,0.0,0.0
2025-06-25 00:00:00-04:00,22.78226624042493,23.061388952401746,22.753390717469692,23.022890090942383,882900,0.0,0.0
2025-06-26 00:00:00-04:00,23.013265126280565,23.205764942773964,22.965141090064368,23.176889419555664,683700,0.0,0.0
2025-06-27 00:00:00-04:00,23.09026427223376,23.311637772166982,22.994014365710626,23.234638214111328,758900,0.0,0.0
2025-06-30 00:00:00-04:00,23.080638885498047,23.215389487715505,22.984388979861077,23.080638885498047,614400,0.0,0.0
2025-07-01 00:00:00-04:00,22.86889043504782,23.350138124752156,22.859265260956025,23.292388916015625,802000,0.0,0.0
2025-07-02 00:00:00-04:00,23.321263026942542,23.629261260228855,23.321263026942542,23.600387573242188,754200,0.0,0.0
2025-07-03 00:00:00-04:00,23.407887505875163,23.484887063362347,23.205764355901653,23.263513565063477,871500,0.0,0.0
2025-07-07 00:00:00-04:00,23.080639194844967,23.14801357894958,22.897766391079386,22.945890426635742,1239600,0.0,0.0
2025-07-08 00:00:00-04:00,22.85926600741157,23.25388897899016,22.85926600741157,23.176889419555664,1234900,0.0,0.0
2025-07-09 00:00:00-04:00,23.282764780035887,23.30201329326347,22.955516189580717,23.225013732910156,1699500,0.0,0.0
2025-07-10 00:00:00-04:00,23.427137802831112,23.77363672867079,23.417512628689536,23.735136032104492,935700,0.0,0.0
2025-07-11 00:00:00-04:00,23.263513874643355,23.292389397515656,23.042140373398546,23.128765106201172,557600,0.0,0.0
2025-07-14 00:00:00-04:00,23.00363898718221,23.23463765579843,22.974765300989077,23.138389587402344,614200,0.0,0.0
2025-07-15 00:00:00-04:00,23.40788792409256,23.436763447096506,23.109514862975615,23.205764770507812,607600,0.0,0.0
2025-07-16 00:00:00-04:00,23.273139227184394,23.475262381395737,23.1095149346167,23.46563720703125,1013900,0.0,0.0
2025-07-17 00:00:00-04:00,23.494511909810008,23.73513575307788,23.47526156175316,23.68701171875,843100,0.0,0.0
2025-07-18 00:00:00-04:00,23.82176118057125,23.860261877811517,23.590762504572517,23.677387237548828,814800,0.0,0.0
2025-07-21 00:00:00-04:00,23.54263704715811,23.773637563034637,23.388637927116637,23.619638442993164,774400,0.0,0.0
2025-07-22 00:00:00-04:00,23.754385949858957,24.110508207571534,23.754385949858957,24.081634521484375,892600,0.0,0.0
2025-07-23 00:00:00-04:00,24.370383291413646,24.890131689823214,24.312634081306236,24.88050651550293,1733800,0.0,0.0
2025-07-24 00:00:00-04:00,24.649506635837223,25.01525406308027,24.630256288136483,24.870880126953125,1328300,0.0,0.0
2025-07-25 00:00:00-04:00,24.7938810025498,25.198129132214742,24.69763109818877,25.178878784179688,919000,0.0,0.0
2025-07-28 00:00:00-04:00,24.803506917478675,24.86125612749464,24.58213341590557,24.6976318359375,1872000,0.0,0.0
2025-07-29 00:00:00-04:00,27.29637052051278,27.382995254612577,26.718872905118914,26.9691219329834,3236900,0.0,0.0
2025-07-30 00:00:00-04:00,26.468622904931152,26.487873253093795,25.698627336567945,25.804500579833984,2321400,0.0,0.0
2025-07-31 00:00:00-04:00,25.467627715234993,25.563877623578602,25.16925465160268,25.21738052368164,1666900,0.0,0.0
2025-08-01 00:00:00-04:00,25.64087603173144,25.68900190164939,25.26550342544256,25.467626571655273,1781700,0.0,0.0
2025-08-04 00:00:00-04:00,25.429128548570834,25.717876434326172,25.429128548570834,25.717876434326172,860200,0.0,0.0
2025-08-05 00:00:00-04:00,25.583127484933417,25.65050186874586,25.323253288101768,25.381004333496094,831700,0.0,0.0
2025-08-06 00:00:00-04:00,25.419503678970344,25.438754027801927,25.188505000434265,25.21738052368164,803200,0.0,0.0
2025-08-07 00:00:00-04:00,25.515753418708414,25.650502188010478,25.390627987944246,25.612003326416016,890100,0.0,0.0
2025-08-08 00:00:00-04:00,25.71787567839037,25.9103754871119,25.640876122064604,25.833375930786133,1104500,0.0,0.0
2025-08-11 00:00:00-04:00,25.689001776109404,25.766001331787606,25.54462783868955,25.67937660217285,598900,0.0,0.0
2025-08-12 00:00:00-04:00,25.86225235757624,26.035499988509244,25.804501311450938,25.977750778198242,1223900,0.0,0.0
2025-08-13 00:00:00-04:00,25.977750750150612,26.34350003195876,25.977750750150612,26.26650047302246,476700,0.0,0.0
2025-08-14 00:00:00-04:00,25.92962705473915,26.237625294528815,25.891126356858283,26.208749771118164,620800,0.0,0.0
2025-08-15 00:00:00-04:00,26.276122572190665,26.458997204469124,26.256874060225204,26.439746856689453,688000,0.0,0.0
2025-08-18 00:00:00-04:00,26.304999544402865,26.50712453560682,26.304999544402865,26.420499801635742,656400,0.0,0.0
2025-08-19 00:00:00-04:00,26.651497644357256,26.7958715845093,26.478248181849104,26.53599739074707,1270000,0.0,0.0
2025-08-20 00:00:00-04:00,26.651497687187558,26.795871627571614,26.641872513053386,26.7188720703125,923600,0.0,0.0
2025-08-21 00:00:00-04:00,26.526371829194947,26.54562217715119,26.38199789115157,26.410873413085938,498600,0.0,0.0
2025-08-22 00:00:00-04:00,26.641871891344056,27.305994204590007,26.641871891344056,27.277118682861328,835600,0.0,0.0
2025-08-25 00:00:00-04:00,27.10386963816907,27.142370334395466,26.55524756764262,26.56487274169922,713400,0.0,0.0
2025-08-26 00:00:00-04:00,26.8728714644302,26.901746987133148,26.709247174075365,26.766996383666992,525600,0.0,0.0
2025-08-27 00:00:00-04:00,26.497497777311292,26.709246094464383,26.430121560394483,26.65149688720703,515900,0.0,0.0
2025-08-28 00:00:00-04:00,26.574497393550615,26.574497393550615,26.391622761697317,26.545621871948242,456600,0.0,0.0
2025-08-29 00:00:00-04:00,26.410873109432234,26.603371079338785,26.410873109432234,26.545621871948242,1019700,0.0,0.0
2025-09-02 00:00:00-04:00,26.045124053955078,26.295373069067107,25.929625638250585,26.045124053955078,590600,0.0,0.0
2025-09-03 00:00:00-04:00,26.074000896035166,26.151000455675078,26.006626510827033,26.131750106811523,638100,0.0,0.0
2025-09-04 00:00:00-04:00,26.381998488345385,26.709247067752354,26.324249278983643,26.68999671936035,625700,0.0,0.0
2025-09-05 00:00:00-04:00,26.71887159438907,26.94987026205181,26.709246420426346,26.882495880126953,609100,0.0,0.0
2025-09-08 00:00:00-04:00,26.612997614443344,26.872871814714497,26.612997614443344,26.815122604370117,1053700,0.0,0.0
2025-09-09 00:00:00-04:00,26.911370059220168,27.161619079392946,26.863246024339126,27.084619522094727,486400,0.0,0.0
2025-09-10 00:00:00-04:00,27.35411934998678,27.411868559976842,27.171244709901593,27.209745407104492,740500,0.0,0.0
2025-09-11 00:00:00-04:00,27.219370829334952,27.58511827702248,27.219370829334952,27.546619415283203,802800,0.0,0.0
2025-09-12 00:00:00-04:00,27.296369336649764,27.30599451066721,27.055745493656204,27.142370223999023,491700,0.0,0.0
2025-09-15 00:00:00-04:00,27.257868812591237,27.315618021246134,27.074994176734116,27.113494873046875,421200,0.0,0.0
2025-09-16 00:00:00-04:00,27.026870205989933,27.094244588882145,26.901746614306433,27.007619857788086,565200,0.0,0.0
2025-09-17 00:00:00-04:00,26.911370259954932,27.30599505934289,26.82474736368578,26.87287139892578,572500,0.0,0.0
2025-09-18 00:00:00-04:00,26.930620859826348,27.22899575570594,26.872871649836288,27.209745407104492,939100,0.0,0.0
2025-09-19 00:00:00-04:00,27.123119939285285,27.161618799630734,26.940245304155262,27.036495208740234,824100,0.0,0.0
2025-09-22 00:00:00-04:00,26.978746863705307,27.084620109904186,26.863246607344184,26.997995376586914,480800,0.0,0.0
2025-09-23 00:00:00-04:00,26.843996637004032,27.036496455047686,26.71887304034568,26.75737190246582,510400,0.0,0.0
2025-09-24 00:00:00-04:00,26.42049945239946,26.507124185225504,26.295374022399944,26.372373580932617,444600,0.0,0.0
2025-09-25 00:00:00-04:00,25.5735022799337,25.708251047396462,25.47725237353989,25.56387710571289,790200,0.0,0.0
2025-09-26 00:00:00-04:00,25.843000582504068,25.95849899675132,25.775626201557472,25.814125061035156,574800,0.0,0.0
2025-09-29 00:00:00-04:00,25.88150076526142,26.045125056989374,25.88150076526142,25.9007511138916,647000,0.0,0.0
2025-09-30 00:00:00-04:00,25.948875397304704,26.237625122070312,25.862252499270756,26.237625122070312,777100,0.0,0.0
2025-10-01 00:00:00-04:00,26.48787415258302,26.612997748260714,26.266500648637862,26.60337257385254,712600,0.0,0.0
2025-10-02 00:00:00-04:00,26.689995855975116,26.757370237353385,26.44937201630174,26.728496551513672,376300,0.0,0.0
2025-10-03 00:00:00-04:00,26.738122737200165,27.01724544716022,26.738122737200165,26.949871063232422,1021100,0.0,0.0
2025-10-06 00:00:00-04:00,27.219369562513386,27.27711877034174,26.959495373564454,26.988370895385742,525100,0.0,0.0
2025-10-07 00:00:00-04:00,26.99799558325091,27.01724593209417,26.757371730153075,26.78624725341797,408700,0.0,0.0
2025-10-08 00:00:00-04:00,26.94987069189021,27.209744885586,26.94987069189021,27.190494537353516,329400,0.0,0.0
2025-10-09 00:00:00-04:00,27.142370703744845,27.161619216305734,26.911370194871534,26.97874641418457,393900,0.0,0.0
2025-10-10 00:00:00-04:00,27.103869481772758,27.161618689964882,26.29537322382609,26.30499839782715,494100,0.0,0.0
2025-10-13 00:00:00-04:00,26.478247381469355,26.593745795774023,26.410873000489268,26.4686222076416,395700,0.0,0.0
2025-10-14 00:00:00-04:00,25.958500638668145,26.22800001531499,25.881501079028233,26.131750106811523,587000,0.0,0.0
2025-10-15 00:00:00-04:00,26.54562288372053,26.79587190636994,26.516747361017583,26.766996383666992,487900,0.0,0.0
2025-10-16 00:00:00-04:00,27.074994390207078,27.354118933232616,27.017245181096857,27.267494201660156,478000,0.0,0.0
2025-10-17 00:00:00-04:00,27.15199398943247,27.488867742086928,27.13274547690893,27.450368881225586,414100,0.0,0.0
2025-10-20 00:00:00-04:00,27.325243103968614,27.54661843539838,27.325243103968614,27.40224266052246,354500,0.0,0.0
2025-10-21 00:00:00-04:00,27.30599448401394,27.517742804748462,27.24824343996561,27.32524299621582,517400,0.0,0.0
2025-10-22 00:00:00-04:00,27.613993449961647,27.8449921249105,27.402243287731153,27.498493194580078,502900,0.0,0.0
2025-10-23 00:00:00-04:00,27.594742770394586,27.970115383206615,27.565867247942023,27.9219913482666,839100,0.0,0.0
2025-10-24 00:00:00-04:00,27.84499105304623,27.931615782294305,27.748741149902344,27.748741149902344,474700,0.0,0.0
2025-10-27 00:00:00-04:00,28.06636605351672,28.191491485072376,27.65249273282607,27.80649185180664,696800,0.0,0.0
2025-10-28 00:00:00-04:00,27.912365921421987,27.93161626954942,25.150003382819545,26.276123046875,5111100,0.0,0.0
2025-10-29 00:00:00-04:00,26.70924668091972,26.834370272027023,26.44937248883427,26.56487274169922,1071000,0.0,0.0
2025-10-30 00:00:00-04:00,26.150999697558298,26.430122404730852,26.150999697558298,26.247249603271484,992300,0.0,0.0
2025-10-31 00:00:00-04:00,26.247249881166994,26.47824855583581,26.150999974434754,26.295373916625977,859000,0.0,0.0
2025-11-03 00:00:00-05:00,26.09325083020767,26.545623006425966,26.025876446070292,26.189498901367188,1378600,0.0,0.0
2025-11-04 00:00:00-05:00,27.14237140118299,27.459994814277472,26.786247290348907,26.9691219329834,2545500,0.0,0.0
2025-11-05 00:00:00-05:00,27.18086862288005,27.38299360218712,26.815121195496385,27.017244338989258,1050700,0.0,0.0
2025-11-06 00:00:00-05:00,27.200120404875573,27.382995046117653,26.969121727639717,27.180870056152344,1163700,0.0,0.0
2025-11-07 00:00:00-05:00,26.9787461075807,27.151993733545392,26.853620680378476,27.113494873046875,696300,0.0,0.0
2025-11-10 00:00:00-05:00,27.277119268585444,27.34449365158489,27.04612059723838,27.190494537353516,664800,0.0,0.0
2025-11-11 00:00:00-05:00,27.594743188427486,28.268490702679827,27.56586766553749,28.229990005493164,868600,0.0,0.0
2025-11-12 00:00:00-05:00,28.114490025826147,28.432115273292286,28.114490025826147,28.278114318847656,630600,0.0,0.0
2025-11-13 00:00:00-05:00,28.037490356739383,28.210739823473773,27.82574202840529,27.83536720275879,724900,0.0,0.0
2025-11-14 00:00:00-05:00,27.498493819601077,27.75836802325565,27.469620131960117,27.594743728637695,585900,0.0,0.0
2025-11-17 00:00:00-05:00,27.103869654979196,27.238618420226672,26.882496158982846,26.930620193481445,594300,0.0,0.0
2025-11-18 00:00:00-05:00,26.43012220420128,26.584123153662503,26.227999055969963,26.45899772644043,627600,0.0,0.0
2025-11-19 00:00:00-05:00,26.285747895122697,26.314623416955932,25.900750116417353,26.045124053955078,421000,0.0,0.0
2025-11-20 00:00:00-05:00,26.083624482505808,26.19912289702702,25.679376360053165,25.708250045776367,791300,0.0,0.0
2025-11-21 00:00:00-05:00,25.727501893387746,26.401249415359867,25.640877159539496,26.237625122070312,911400,0.0,0.0
2025-11-24 00:00:00-05:00,26.28574909103516,26.430123035141413,26.247250229320166,26.3435001373291,588400,0.0,0.0
2025-11-25 00:00:00-05:00,26.535996853396707,26.83436990177748,26.535996853396707,26.805496215820312,554100,0.0,0.0
2025-11-26 00:00:00-05:00,26.805496021642316,27.15199310131784,26.776620500080107,27.017244338989258,578500,0.0,0.0
2025-11-28 00:00:00-05:00,26.9594964486106,27.151994427652642,26.901747238479416,27.103870391845703,234900,0.0,0.0
2025-12-01 00:00:00-05:00,27.305995592452845,27.508118747384145,27.257869720458984,27.257869720458984,619700,0.0,0.0
2025-12-02 00:00:00-05:00,27.113494459827763,27.209744363328536,27.017244556326986,27.17124366760254,376100,0.0,0.0
2025-12-03 00:00:00-05:00,27.02686975533324,27.257868422460884,26.959495373564454,26.988370895385742,450700,0.0,0.0
2025-12-04 00:00:00-05:00,25.4387541347198,25.669752814226754,25.31362870260292,25.660127639770508,1401400,0.0,0.0
2025-12-05 00:00:00-05:00,26.102875792157505,26.314624117126012,25.9873755375656,26.035499572753906,709400,0.0,0.0
2025-12-08 00:00:00-05:00,26.33387354400058,26.36274722977745,25.823750344110163,25.891124725341797,819300,0.0,0.0
2025-12-09 00:00:00-05:00,25.881500136670304,26.054749598505587,25.794875405752663,25.804500579833984,671000,0.0,0.0
2025-12-10 00:00:00-05:00,25.72750106621,26.0354992940726,25.708250718015027,25.987375259399414,563400,0.0,0.0
2025-12-11 00:00:00-05:00,26.016250088282483,26.15099885042736,25.939250533369094,25.996999740600586,1302500,0.0,0.0
2025-12-12 00:00:00-05:00,25.775626921457437,25.83337613019397,25.56387676306641,25.621627807617188,659200,0.0,0.0
2025-12-15 00:00:00-05:00,25.554251301693355,25.708250413802343,25.438752885518728,25.467626571655273,606600,0.0,0.0
2025-12-16 00:00:00-05:00,25.563877349232577,25.58312769785757,25.35212902180052,25.535003662109375,626900,0.0,0.0
2025-12-17 00:00:00-05:00,25.159628607310548,25.36175359142523,25.140380094958775,25.15000343322754,563000,0.0,0.0
2025-12-18 00:00:00-05:00,25.5735014781455,25.71787541530262,25.496501922607422,25.496501922607422,563700,0.0,0.0
2025-12-19 00:00:00-05:00,25.65050246531426,25.84300228281055,25.640877290858015,25.660127639770508,490100,0.0,0.0
2025-12-22 00:00:00-05:00,25.669752332801846,26.035499776208177,25.631251635698924,25.82375144958496,502000,0.0,0.0
2025-12-23 00:00:00-05:00,25.82375172685837,25.891126111697606,25.698628131558973,25.871875762939453,324900,0.0,0.0
2025-12-24 00:00:00-05:00,25.823750452714297,25.996999911360952,25.823750452714297,25.968124389648438,190400,0.0,0.0
2025-12-26 00:00:00-05:00,25.968124847512016,26.10287544873208,25.92962598703074,26.093250274658203,386400,0.0,0.0
2025-12-29 00:00:00-05:00,26.19912442444251,26.33387503032552,26.14137521381511,26.237625122070312,500400,0.0,0.0
2025-12-30 00:00:00-05:00,26.19912290856056,26.391622713932925,26.19912290856056,26.362747192382812,596000,0.0,0.0
2025-12-31 00:00:00-05:00,26.218374038271573,26.256874734820077,26.064374923706055,26.064374923706055,261800,0.0,0.0
2026-01-02 00:00:00-05:00,26.266500607524733,26.266500607524733,25.96812570878118,26.054750442504883,563400,0.0,0.0
2026-01-05 00:00:00-05:00,26.53599826248442,27.055746667083195,26.50712457499403,26.9691219329834,613800,0.0,0.0
2026-01-06 00:00:00-05:00,27.065371813640773,27.642867592625507,27.046121464790797,27.623619079589844,694300,0.0,0.0
2026-01-07 00:00:00-05:00,27.844991726709086,28.05674005009716,27.816116204323063,28.02786636352539,592600,0.0,0.0
2026-01-08 00:00:00-05:00,27.902740161363855,28.50911326394367,27.902740161363855,28.32623863220215,835600,0.0,0.0
2026-01-09 00:00:00-05:00,28.817112406462815,28.903737138174954,28.37436357373252,28.470613479614258,813700,0.0,0.0
2026-01-12 00:00:00-05:00,28.903736935503208,28.96148614430161,28.595736871678472,28.682361602783203,647300,0.0,0.0
2026-01-13 00:00:00-05:00,28.759361642114268,28.80748751343194,28.403239373434896,28.51873779296875,674200,0.0,0.0
2026-01-14 00:00:00-05:00,28.730487452670175,29.02886050636437,28.37436335440478,28.971111297607422,874300,0.0,0.0
2026-01-15 00:00:00-05:00,29.028861306352436,29.163610075770194,28.903737711295136,29.03848648071289,388800,0.0,0.0
2026-01-16 00:00:00-05:00,28.855611267326957,28.865236441496556,28.45136313127506,28.470613479614258,706600,0.0,0.0
2026-01-20 00:00:00-05:00,27.50811826252122,27.642867030100312,27.32524362379654,27.421493530273438,677900,0.0,0.0
2026-01-21 00:00:00-05:00,27.883489935440338,28.16261447120267,27.68136679090696,28.11448860168457,713800,0.0,0.0
2026-01-22 00:00:00-05:00,28.432114830842362,28.701612366344463,28.403239308118163,28.62461280822754,603000,0.0,0.0
2026-01-23 00:00:00-05:00,28.21073855178768,28.326238803008845,28.037489092863044,28.29736328125,655300,0.0,0.0
2026-01-26 00:00:00-05:00,28.24923902911993,28.412863312860257,28.12411360494628,28.14336395263672,744400,0.0,0.0
2026-01-27 00:00:00-05:00,27.97011584586697,28.48986424372484,27.91236663582086,28.412864685058594,904800,0.0,0.0
2026-01-28 00:00:00-05:00,28.201113355748756,28.258864399221146,27.8161155783372,27.931615829467773,760300,0.0,0.0
2026-01-29 00:00:00-05:00,28.04711526013517,28.172240689707547,27.7487422013164,28.152990341186523,609500,0.0,0.0
2026-01-30 00:00:00-05:00,27.72949232663608,27.796866711796678,27.47924329902935,27.623619079589844,626400,0.0,0.0
2026-02-02 00:00:00-05:00,27.575492486120524,27.83536668135422,27.48886775437596,27.816116333007812,560000,0.0,0.0
2026-02-03 00:00:00-05:00,27.912365481643644,28.13373897417851,27.690991989108777,27.931615829467773,495800,0.0,0.0
2026-02-04 00:00:00-05:00,28.08561507011823,28.557237579101884,27.45999344945886,28.37436294555664,2461600,0.0,0.0
2026-02-05 00:00:00-05:00,27.46961872657763,28.162614731720893,27.421492856614343,27.796865463256836,1780900,0.0,0.0
2026-02-06 00:00:00-05:00,27.989366534006578,28.422490204142054,27.989366534006578,28.355113983154297,968400,0.0,0.0
2026-02-09 00:00:00-05:00,28.26848947226716,28.557237345341978,28.04711414470798,28.509113311767578,1884600,0.0,0.0
2026-02-10 00:00:00-05:00,30.799851492246752,32.18584348761163,30.732477110837735,31.675722122192383,5400900,0.0,0.0
2026-02-11 00:00:00-05:00,30.636228875849678,30.8768545645487,29.798857060052566,30.86722755432129,1621700,0.0,0.0
2026-02-12 00:00:00-05:00,31.021225278358433,31.12710035632736,30.164604988069406,30.231979370117188,1233300,0.0,0.0
2026-02-13 00:00:00-05:00,30.087605215414893,30.135729249155613,29.750731471787205,30.077980041503906,1089300,0.0,0.0
2026-02-17 00:00:00-05:00,29.664106910995258,30.07798021244883,29.664106910995258,30.049104690551758,1255600,0.0,0.0
2026-02-18 00:00:00-05:00,29.94323228560798,30.376354111286446,29.94323228560798,30.299354553222656,1335800,0.0,0.0
2026-02-19 00:00:00-05:00,30.039480585491283,30.0972316313404,29.72185717657829,29.798856735229492,808400,0.0,0.0
2026-02-20 00:00:00-05:00,29.6159839042612,30.08760643005371,29.6159839042612,30.08760643005371,927800,0.0,0.0
2026-02-23 00:00:00-05:00,30.05872986451745,30.126104246463058,29.91435592666054,30.049104690551758,908900,0.0,0.0
2026-02-24 00:00:00-05:00,30.318605422973633,30.462979367348744,30.174231478598525,30.318605422973633,748200,0.0,0.0
2026-02-25 00:00:00-05:00,30.280103512379814,30.424479286785665,30.193480617876222,30.308979034423828,583300,0.0,0.0
2026-02-26 00:00:00-05:00,30.55922870107663,30.905727629714757,30.434105107854123,30.876853942871094,705700,0.0,0.0
2026-02-27 00:00:00-05:00,30.67472877871603,30.95385148620676,30.607352559570018,30.79985237121582,464000,0.0,0.0
2026-03-02 00:00:00-05:00,29.943231861318484,30.039479930673703,29.567857414739,29.991355895996094,967600,0.0,0.0
2026-03-03 00:00:00-05:00,28.78823697894028,29.317608709315106,28.451363225149812,29.202110290527344,954700,0.0,0.0
2026-03-04 00:00:00-05:00,29.54860978816981,29.827732502133173,29.384985495220835,29.769983291625977,816500,0.0,0.0
2026-03-05 00:00:00-05:00,28.87486172365412,29.10586039714564,28.229989738393275,28.5476131439209,947300,0.0,0.0
2026-03-06 00:00:00-05:00,27.921991241056887,28.066365181136845,27.719866256293546,27.84499168395996,1136900,0.0,0.0
2026-03-09 00:00:00-04:00,27.546618581381917,28.355113011574804,27.23861851772005,28.316614151000977,1183300,0.0,0.0
2026-03-10 00:00:00-04:00,28.52836305767166,28.537988231965706,27.825741856534748,27.864242553710938,1025200,0.0,0.0
2026-03-11 00:00:00-04:00,27.690993325807536,27.758367710630075,27.421493950703077,27.7294921875,625700,0.0,0.0
2026-03-12 00:00:00-04:00,27.55624127271229,27.681366697221655,27.103869115658455,27.200119018554688,822600,0.0,0.0
2026-03-13 00:00:00-04:00,27.33486835317167,27.40224273586475,26.699621550902275,26.74774742126465,708800,0.0,0.0
2026-03-16 00:00:00-04:00,27.055745771354626,27.33486847746865,26.959495866006453,27.190494537353516,759900,0.0,0.0
2026-03-17 00:00:00-04:00,27.392617966514436,27.604368127608975,27.200119989663538,27.238618850708008,687800,0.0,0.0
2026-03-18 00:00:00-04:00,26.901747400803767,26.901747400803767,26.3435001373291,26.3435001373291,957200,0.0,0.0
2026-03-19 00:00:00-04:00,25.583127430051217,26.02587626471988,25.573502255839475,25.85262680053711,1232400,0.0,0.0
2026-03-20 00:00:00-04:00,25.766002897260478,25.775628071781828,25.092255367280448,25.265504837036133,1110700,0.0,0.0
2026-03-23 00:00:00-04:00,25.871874962588983,26.25687458258483,25.717875848916343,25.804500579833984,1478400,0.0,0.0
2026-03-24 00:00:00-04:00,25.640876184971557,25.96812475911248,25.612002498662452,25.727500915527344,1415400,0.0,0.0
2026-03-25 00:00:00-04:00,26.2953731611627,26.603371385205698,26.131748875163083,26.410873413085938,1209000,0.0,0.0
2026-03-26 00:00:00-04:00,26.18949810033839,26.622621750565884,26.102875206107115,26.12212371826172,1089600,0.0,0.0
2026-03-27 00:00:00-04:00,26.12212422735106,26.170250098211042,25.76600196205847,25.77562713623047,936500,0.0,0.0
2026-03-30 00:00:00-04:00,25.94887514266099,25.95850031697349,25.4387537547987,25.535003662109375,1036600,0.0,0.0
2026-03-31 00:00:00-04:00,25.82375149691055,26.449373139465287,25.66975237984521,26.372373580932617,1158400,0.0,0.0
2026-04-01 00:00:00-04:00,26.46862362679989,26.584123883111488,26.19912425261569,26.26650047302246,863000,0.0,0.0
2026-04-02 00:00:00-04:00,25.775626873477155,26.420498849913134,25.71787582903388,26.093250274658203,996300,0.0,0.0
2026-04-06 00:00:00-04:00,25.871874364131024,26.20874810592784,25.852625852227877,26.179874420166016,743600,0.0,0.0
2026-04-07 00:00:00-04:00,26.07399929551397,26.112498155063566,25.6408756517423,25.996999740600586,1261700,0.0,0.0
2026-04-08 00:00:00-04:00,27.132745981643943,27.27711992523463,26.85362143299623,26.997995376586914,740300,0.0,0.0
2026-04-09 00:00:00-04:00,26.882497060628477,27.277120031358333,26.709247593319898,27.074995040893555,1101100,0.0,0.0
2026-04-10 00:00:00-04:00,27.60436742553804,27.613992599507924,27.19049412390409,27.24824333190918,849000,0.0,0.0
2026-04-13 00:00:00-04:00,27.16161892332223,27.517743021164115,27.074994192382697,27.4792423248291,942700,0.0,0.0
2026-04-14 00:00:00-04:00,27.844991897200046,28.124114605383618,27.82574154882483,27.998991012573242,605300,0.0,0.0
2026-04-15 00:00:00-04:00,28.152990127946442,28.201114163070216,27.89311593232382,27.998991012573242,517100,0.0,0.0
2026-04-16 00:00:00-04:00,28.210739142869095,28.22036431699038,27.54661865082871,27.556241989135742,1577700,0.0,0.0
2026-04-17 00:00:00-04:00,28.557237454330853,28.82673681649298,28.480237898829415,28.58611297607422,1012600,0.0,0.0
2026-04-20 00:00:00-04:00,28.181866280441337,28.335865399256782,28.027867161625892,28.09524154663086,715800,0.0,0.0
2026-04-21 00:00:00-04:00,27.84499272126142,27.873866408864487,27.286745452558907,27.411869049072266,1121000,0.0,0.0
2026-04-22 00:00:00-04:00,27.344494348671194,27.411868733388197,27.046121286718336,27.180870056152344,914900,0.0,0.0
2026-04-23 00:00:00-04:00,26.795871167017797,26.911369583014213,26.27612278759125,26.593746185302734,1120100,0.0,0.0
2026-04-24 00:00:00-04:00,26.35312212749514,26.5071230739183,26.256874060225204,26.439746856689453,802900,0.0,0.0
2026-04-27 00:00:00-04:00,26.48787359872972,26.68999674963219,26.439747727695128,26.507123947143555,946000,0.0,0.0
2026-04-28 00:00:00-04:00,26.150998789137127,26.21837317005166,25.910374951119973,26.102874755859375,878500,0.0,0.0
2026-04-29 00:00:00-04:00,25.005629963108557,25.053755834427193,24.15863482185762,24.62063217163086,3270400,0.0,0.0
2026-04-30 00:00:00-04:00,25.14038065543977,25.41950336681281,25.005630051087763,25.352128982543945,1154900,0.0,0.0
2026-05-01 00:00:00-04:00,25.4387529752102,25.5253777055537,25.169253610162162,25.178878784179688,742300,0.0,0.0
2026-05-04 00:00:00-04:00,25.544628162803956,25.708250614358768,25.17887889183114,25.255878448486328,1285200,0.0,0.0
2026-05-05 00:00:00-04:00,25.612003114535185,25.698627847173974,25.150003928523553,25.458003997802734,1421500,0.0,0.0
2026-05-06 00:00:00-04:00,26.006626614686567,26.362748891012995,25.843002320321517,26.208749771118164,3327700,0.0,0.0
2026-05-07 00:00:00-04:00,26.61299710777721,26.757371048796674,26.13174941383616,26.141374588012695,1309100,0.0,0.0
2026-05-08 00:00:00-04:00,26.353123192478364,26.420499412430022,26.112499342951004,26.189498901367188,907800,0.0,0.0
2026-05-11 00:00:00-04:00,26.362747715726965,26.410873585932535,25.69862722921824,25.727500915527344,1488700,0.0,0.0
2026-05-12 00:00:00-04:00,25.660125999424196,26.04512377399113,25.6216271398746,25.996999740600586,1132300,0.0,0.0
2026-05-13 00:00:00-04:00,25.459999084472656,25.709999084472656,25.43000030517578,25.6299991607666,1820200,1.013,0.0
2026-05-14 00:00:00-04:00,25.610000610351562,25.770000457763672,25.5,25.5,908700,0.0,0.0
2026-05-15 00:00:00-04:00,25.329999923706055,25.399999618530273,25.190000534057617,25.229999542236328,1219900,0.0,0.0
2026-05-18 00:00:00-04:00,25.790000915527344,26.260000228881836,25.790000915527344,26.049999237060547,1218100,0.0,0.0
2026-05-19 00:00:00-04:00,26.040000915527344,26.25,25.920000076293945,26.049999237060547,952200,0.0,0.0
2026-05-20 00:00:00-04:00,26.440000534057617,26.81999969482422,26.209999084472656,26.739999771118164,1502600,0.0,0.0
2026-05-21 00:00:00-04:00,26.90999984741211,27.280000686645508,26.700000762939453,27.149999618530273,1102200,0.0,0.0
2026-05-22 00:00:00-04:00,27.139999389648438,27.219999313354492,26.90999984741211,26.950000762939453,1001800,0.0,0.0
2026-05-26 00:00:00-04:00,27.09000015258789,27.1299991607666,26.790000915527344,26.940000534057617,1068235,0.0,0.0
