Date,Open,High,Low,Close,Volume,Dividends,Stock Splits
2022-01-03 00:00:00-05:00,27.889999389648438,28.100000381469727,27.3700008392334,27.959999084472656,291100,0.0,0.0
2022-01-04 00:00:00-05:00,27.93000030517578,27.93000030517578,26.280000686645508,27.190000534057617,345200,0.0,0.0
2022-01-05 00:00:00-05:00,27.1299991607666,27.190000534057617,25.149999618530273,25.15999984741211,423000,0.0,0.0
2022-01-06 00:00:00-05:00,25.149999618530273,25.149999618530273,23.8700008392334,24.06999969482422,846900,0.0,0.0
2022-01-07 00:00:00-05:00,23.940000534057617,24.110000610351562,22.920000076293945,23.059999465942383,707400,0.0,0.0
2022-01-10 00:00:00-05:00,22.65999984741211,22.889999389648438,21.739999771118164,22.510000228881836,641400,0.0,0.0
2022-01-11 00:00:00-05:00,22.510000228881836,24.15999984741211,22.360000610351562,23.700000762939453,975800,0.0,0.0
2022-01-12 00:00:00-05:00,23.6299991607666,24.920000076293945,23.559999465942383,24.510000228881836,657700,0.0,0.0
2022-01-13 00:00:00-05:00,24.520000457763672,26.53499984741211,23.979999542236328,26.170000076293945,957100,0.0,0.0
2022-01-14 00:00:00-05:00,25.65999984741211,26.107999801635742,25.172000885009766,25.360000610351562,662300,0.0,0.0
2022-01-18 00:00:00-05:00,25.0,25.09000015258789,23.90999984741211,23.920000076293945,701400,0.0,0.0
2022-01-19 00:00:00-05:00,23.950000762939453,24.084999084472656,23.06999969482422,23.530000686645508,935400,0.0,0.0
2022-01-20 00:00:00-05:00,23.600000381469727,23.81999969482422,22.700000762939453,22.760000228881836,889600,0.0,0.0
2022-01-21 00:00:00-05:00,22.68000030517578,23.0,22.06999969482422,22.139999389648438,547800,0.0,0.0
2022-01-24 00:00:00-05:00,21.760000228881836,23.6299991607666,21.360000610351562,23.5,682700,0.0,0.0
2022-01-25 00:00:00-05:00,23.030000686645508,23.399999618530273,22.690000534057617,22.940000534057617,320000,0.0,0.0
2022-01-26 00:00:00-05:00,23.270000457763672,23.739999771118164,22.350000381469727,22.809999465942383,548400,0.0,0.0
2022-01-27 00:00:00-05:00,23.049999237060547,23.270000457763672,22.084999084472656,22.270000457763672,438300,0.0,0.0
2022-01-28 00:00:00-05:00,22.299999237060547,23.290000915527344,22.110000610351562,23.280000686645508,555000,0.0,0.0
2022-01-31 00:00:00-05:00,23.280000686645508,24.3700008392334,23.25,23.709999084472656,410900,0.0,0.0
2022-02-01 00:00:00-05:00,23.760000228881836,24.239999771118164,22.90999984741211,24.1299991607666,623800,0.0,0.0
2022-02-02 00:00:00-05:00,24.0,24.18000030517578,23.520000457763672,23.559999465942383,535000,0.0,0.0
2022-02-03 00:00:00-05:00,22.829999923706055,23.709999084472656,22.350000381469727,22.579999923706055,504600,0.0,0.0
2022-02-04 00:00:00-05:00,22.459999084472656,23.549999237060547,22.200000762939453,23.209999084472656,519600,0.0,0.0
2022-02-07 00:00:00-05:00,23.079999923706055,23.56999969482422,22.6200008392334,22.8799991607666,342200,0.0,0.0
2022-02-08 00:00:00-05:00,22.649999618530273,23.780000686645508,22.510000228881836,23.780000686645508,418700,0.0,0.0
2022-02-09 00:00:00-05:00,24.059999465942383,24.799999237060547,23.969999313354492,24.5,799800,0.0,0.0
2022-02-10 00:00:00-05:00,24.0,25.860000610351562,24.0,24.579999923706055,696900,0.0,0.0
2022-02-11 00:00:00-05:00,24.610000610351562,24.81999969482422,23.760000228881836,23.989999771118164,383000,0.0,0.0
2022-02-14 00:00:00-05:00,24.020000457763672,24.229999542236328,23.149999618530273,23.31999969482422,404600,0.0,0.0
2022-02-15 00:00:00-05:00,23.6299991607666,24.549999237060547,23.6299991607666,24.459999084472656,354400,0.0,0.0
2022-02-16 00:00:00-05:00,24.260000228881836,24.760000228881836,23.670000076293945,24.530000686645508,326000,0.0,0.0
2022-02-17 00:00:00-05:00,24.25,24.559999465942383,23.360000610351562,23.489999771118164,310600,0.0,0.0
2022-02-18 00:00:00-05:00,23.25,23.809999465942383,23.079999923706055,23.31999969482422,281000,0.0,0.0
2022-02-22 00:00:00-05:00,23.049999237060547,23.584999084472656,22.780000686645508,22.899999618530273,511300,0.0,0.0
2022-02-23 00:00:00-05:00,23.100000381469727,23.125,22.1299991607666,22.209999084472656,719000,0.0,0.0
2022-02-24 00:00:00-05:00,24.3700008392334,27.030000686645508,24.0,26.079999923706055,3337300,0.0,0.0
2022-02-25 00:00:00-05:00,26.010000228881836,26.229999542236328,24.989999771118164,25.420000076293945,1154400,0.0,0.0
2022-02-28 00:00:00-05:00,25.350000381469727,26.809999465942383,25.350000381469727,26.649999618530273,1058700,0.0,0.0
2022-03-01 00:00:00-05:00,26.709999084472656,28.09000015258789,26.540000915527344,27.399999618530273,952100,0.0,0.0
2022-03-02 00:00:00-05:00,27.610000610351562,28.219999313354492,27.09000015258789,27.540000915527344,550600,0.0,0.0
2022-03-03 00:00:00-05:00,27.780000686645508,27.780000686645508,27.0,27.360000610351562,407000,0.0,0.0
2022-03-04 00:00:00-05:00,27.329999923706055,28.084999084472656,27.209999084472656,27.530000686645508,858100,0.0,0.0
2022-03-07 00:00:00-05:00,29.104999542236328,29.170000076293945,28.010000228881836,28.510000228881836,863900,0.0,0.0
2022-03-08 00:00:00-05:00,28.329999923706055,29.190000534057617,27.850000381469727,28.549999237060547,687700,0.0,0.0
2022-03-09 00:00:00-05:00,28.709999084472656,30.020000457763672,28.270000457763672,29.889999389648438,544000,0.0,0.0
2022-03-10 00:00:00-05:00,29.31999969482422,29.8799991607666,28.979999542236328,29.81999969482422,518100,0.0,0.0
2022-03-11 00:00:00-05:00,29.829999923706055,29.889999389648438,28.68000030517578,28.8799991607666,345300,0.0,0.0
2022-03-14 00:00:00-04:00,28.950000762939453,29.635000228881836,27.549999237060547,27.84000015258789,436900,0.0,0.0
2022-03-15 00:00:00-04:00,28.0,29.280000686645508,27.700000762939453,28.969999313354492,716400,0.0,0.0
2022-03-16 00:00:00-04:00,29.209999084472656,29.8700008392334,28.649999618530273,29.84000015258789,661200,0.0,0.0
2022-03-17 00:00:00-04:00,29.8799991607666,31.510000228881836,29.8799991607666,31.030000686645508,974900,0.0,0.0
2022-03-18 00:00:00-04:00,31.1299991607666,31.739999771118164,30.18000030517578,30.799999237060547,1038500,0.0,0.0
2022-03-21 00:00:00-04:00,30.850000381469727,31.5,30.670000076293945,31.360000610351562,410600,0.0,0.0
2022-03-22 00:00:00-04:00,31.270000457763672,32.25,30.790000915527344,31.899999618530273,577000,0.0,0.0
2022-03-23 00:00:00-04:00,31.5,31.889999389648438,30.93000030517578,31.1299991607666,551600,0.0,0.0
2022-03-24 00:00:00-04:00,31.239999771118164,32.20000076293945,31.239999771118164,31.309999465942383,528000,0.0,0.0
2022-03-25 00:00:00-04:00,32.11000061035156,32.58000183105469,30.040000915527344,30.8700008392334,776100,0.0,0.0
2022-03-28 00:00:00-04:00,30.8700008392334,31.31999969482422,30.65999984741211,31.18000030517578,461600,0.0,0.0
2022-03-29 00:00:00-04:00,31.770000457763672,31.8700008392334,30.729999542236328,31.790000915527344,961400,0.0,0.0
2022-03-30 00:00:00-04:00,32.27000045776367,33.13999938964844,31.2450008392334,31.3799991607666,850800,0.0,0.0
2022-03-31 00:00:00-04:00,31.5,32.80500030517578,31.5,32.29999923706055,1657400,0.0,0.0
2022-04-01 00:00:00-04:00,32.130001068115234,32.97999954223633,31.770000457763672,32.2599983215332,1079100,0.0,0.0
2022-04-04 00:00:00-04:00,32.25,32.41999816894531,31.309999465942383,31.3799991607666,465000,0.0,0.0
2022-04-05 00:00:00-04:00,31.459999084472656,31.809999465942383,30.549999237060547,30.579999923706055,729300,0.0,0.0
2022-04-06 00:00:00-04:00,30.15999984741211,30.780000686645508,29.68000030517578,30.270000457763672,859200,0.0,0.0
2022-04-07 00:00:00-04:00,30.149999618530273,30.704999923706055,29.854999542236328,29.959999084472656,637000,0.0,0.0
2022-04-08 00:00:00-04:00,29.790000915527344,30.469999313354492,29.780000686645508,30.09000015258789,518400,0.0,0.0
2022-04-11 00:00:00-04:00,29.790000915527344,29.860000610351562,28.905000686645508,28.93000030517578,559800,0.0,0.0
2022-04-12 00:00:00-04:00,29.40999984741211,30.309999465942383,29.309999465942383,29.959999084472656,695000,0.0,0.0
2022-04-13 00:00:00-04:00,29.790000915527344,31.350000381469727,29.790000915527344,31.0,778400,0.0,0.0
2022-04-14 00:00:00-04:00,31.190000534057617,31.202999114990234,30.299999237060547,30.329999923706055,519400,0.0,0.0
2022-04-18 00:00:00-04:00,30.0,30.899999618530273,29.850000381469727,30.229999542236328,768200,0.0,0.0
2022-04-19 00:00:00-04:00,30.389999389648438,30.940000534057617,30.079999923706055,30.229999542236328,584400,0.0,0.0
2022-04-20 00:00:00-04:00,30.579999923706055,31.479999542236328,30.260000228881836,30.389999389648438,576600,0.0,0.0
2022-04-21 00:00:00-04:00,30.700000762939453,31.0,29.010000228881836,29.149999618530273,616600,0.0,0.0
2022-04-22 00:00:00-04:00,29.100000381469727,29.25,27.469999313354492,28.020000457763672,657500,0.0,0.0
2022-04-25 00:00:00-04:00,27.920000076293945,28.864999771118164,27.920000076293945,28.68000030517578,753000,0.0,0.0
2022-04-26 00:00:00-04:00,28.530000686645508,28.645000457763672,27.3799991607666,27.3799991607666,567200,0.0,0.0
2022-04-27 00:00:00-04:00,27.350000381469727,27.81999969482422,26.920000076293945,27.030000686645508,611800,0.0,0.0
2022-04-28 00:00:00-04:00,27.530000686645508,28.3799991607666,27.040000915527344,28.15999984741211,781100,0.0,0.0
2022-04-29 00:00:00-04:00,27.860000610351562,28.739999771118164,27.434999465942383,27.520000457763672,675500,0.0,0.0
2022-05-02 00:00:00-04:00,27.549999237060547,28.739999771118164,27.31999969482422,28.65999984741211,729300,0.0,0.0
2022-05-03 00:00:00-04:00,28.559999465942383,29.614999771118164,28.549999237060547,28.81999969482422,559500,0.0,0.0
2022-05-04 00:00:00-04:00,28.739999771118164,29.610000610351562,27.829999923706055,29.299999237060547,684900,0.0,0.0
2022-05-05 00:00:00-04:00,30.450000762939453,31.469999313354492,28.6200008392334,29.09000015258789,1401200,0.0,0.0
2022-05-06 00:00:00-04:00,28.889999389648438,29.950000762939453,27.610000610351562,28.530000686645508,964300,0.0,0.0
2022-05-09 00:00:00-04:00,28.520000457763672,29.149999618530273,26.329999923706055,26.3799991607666,863000,0.0,0.0
2022-05-10 00:00:00-04:00,26.829999923706055,27.1299991607666,25.010000228881836,25.899999618530273,815300,0.0,0.0
2022-05-11 00:00:00-04:00,25.93000030517578,27.469999313354492,25.6299991607666,26.010000228881836,610000,0.0,0.0
2022-05-12 00:00:00-04:00,25.770000457763672,26.920000076293945,25.350000381469727,26.8799991607666,586200,0.0,0.0
2022-05-13 00:00:00-04:00,27.350000381469727,28.290000915527344,27.2549991607666,27.969999313354492,639000,0.0,0.0
2022-05-16 00:00:00-04:00,27.899999618530273,29.1299991607666,27.75,28.739999771118164,544500,0.0,0.0
2022-05-17 00:00:00-04:00,29.059999465942383,30.100000381469727,28.450000762939453,30.049999237060547,464500,0.0,0.0
2022-05-18 00:00:00-04:00,29.75,29.770000457763672,28.954999923706055,29.34000015258789,895500,0.0,0.0
2022-05-19 00:00:00-04:00,28.93000030517578,29.639999389648438,28.40999984741211,28.959999084472656,610800,0.0,0.0
2022-05-20 00:00:00-04:00,29.309999465942383,29.850000381469727,28.43000030517578,29.43000030517578,719100,0.0,0.0
2022-05-23 00:00:00-04:00,30.09000015258789,30.229999542236328,28.770000457763672,29.43000030517578,939200,0.0,0.0
2022-05-24 00:00:00-04:00,29.31999969482422,29.6299991607666,28.030000686645508,28.6200008392334,445200,0.0,0.0
2022-05-25 00:00:00-04:00,28.239999771118164,29.360000610351562,28.239999771118164,28.780000686645508,419300,0.0,0.0
2022-05-26 00:00:00-04:00,29.0,29.020000457763672,28.295000076293945,28.40999984741211,592300,0.0,0.0
2022-05-27 00:00:00-04:00,28.719999313354492,29.398000717163086,28.25,29.389999389648438,913700,0.0,0.0
2022-05-31 00:00:00-04:00,29.309999465942383,30.68000030517578,27.239999771118164,28.1299991607666,1345400,0.0,0.0
2022-06-01 00:00:00-04:00,28.389999389648438,28.899999618530273,27.899999618530273,28.559999465942383,912100,0.0,0.0
2022-06-02 00:00:00-04:00,28.8799991607666,31.09000015258789,28.700000762939453,30.56999969482422,987900,0.0,0.0
2022-06-03 00:00:00-04:00,30.440000534057617,30.790000915527344,29.65999984741211,29.979999542236328,424300,0.0,0.0
2022-06-06 00:00:00-04:00,30.40999984741211,30.65999984741211,29.364999771118164,30.3799991607666,677600,0.0,0.0
2022-06-07 00:00:00-04:00,30.309999465942383,30.469999313354492,29.469999313354492,30.209999084472656,531600,0.0,0.0
2022-06-08 00:00:00-04:00,30.020000457763672,32.29999923706055,29.649999618530273,29.719999313354492,914400,0.0,0.0
2022-06-09 00:00:00-04:00,29.239999771118164,29.34000015258789,27.950000762939453,28.760000228881836,706500,0.0,0.0
2022-06-10 00:00:00-04:00,28.31999969482422,28.739999771118164,27.670000076293945,28.049999237060547,519100,0.0,0.0
2022-06-13 00:00:00-04:00,27.06999969482422,27.350000381469727,26.649999618530273,26.899999618530273,581500,0.0,0.0
2022-06-14 00:00:00-04:00,26.950000762939453,27.469999313354492,26.200000762939453,27.360000610351562,530800,0.0,0.0
2022-06-15 00:00:00-04:00,27.700000762939453,27.959999084472656,26.899999618530273,27.579999923706055,462500,0.0,0.0
2022-06-16 00:00:00-04:00,27.020000457763672,27.299999237060547,26.200000762939453,26.709999084472656,461700,0.0,0.0
2022-06-17 00:00:00-04:00,26.829999923706055,27.649999618530273,26.790000915527344,27.260000228881836,938800,0.0,0.0
2022-06-21 00:00:00-04:00,28.280000686645508,30.25,28.170000076293945,29.559999465942383,970700,0.0,0.0
2022-06-22 00:00:00-04:00,28.940000534057617,30.479999542236328,28.940000534057617,30.149999618530273,803000,0.0,0.0
2022-06-23 00:00:00-04:00,30.559999465942383,31.100000381469727,30.1200008392334,30.5,1016500,0.0,0.0
2022-06-24 00:00:00-04:00,30.899999618530273,31.600000381469727,30.350000381469727,31.600000381469727,2245700,0.0,0.0
2022-06-27 00:00:00-04:00,31.8799991607666,32.45000076293945,31.34000015258789,31.809999465942383,563600,0.0,0.0
2022-06-28 00:00:00-04:00,32.08000183105469,32.439998626708984,30.645000457763672,30.940000534057617,592800,0.0,0.0
2022-06-29 00:00:00-04:00,31.1299991607666,31.440000534057617,28.399999618530273,31.0,1624100,0.0,0.0
2022-06-30 00:00:00-04:00,30.34000015258789,31.139999389648438,30.079999923706055,30.709999084472656,1046300,0.0,0.0
2022-07-01 00:00:00-04:00,30.709999084472656,31.354999542236328,30.309999465942383,31.1200008392334,403400,0.0,0.0
2022-07-05 00:00:00-04:00,30.75,32.15999984741211,30.670000076293945,32.15999984741211,652300,0.0,0.0
2022-07-06 00:00:00-04:00,32.18000030517578,34.41999816894531,32.18000030517578,33.619998931884766,2504400,0.0,0.0
2022-07-07 00:00:00-04:00,34.45000076293945,35.06999969482422,33.310001373291016,33.40999984741211,1535100,0.0,0.0
2022-07-08 00:00:00-04:00,33.36000061035156,34.72999954223633,33.189998626708984,33.470001220703125,1109100,0.0,0.0
2022-07-11 00:00:00-04:00,33.36000061035156,33.81999969482422,31.43000030517578,31.530000686645508,1336800,0.0,0.0
2022-07-12 00:00:00-04:00,31.309999465942383,32.13999938964844,29.270000457763672,29.3700008392334,1416100,0.0,0.0
2022-07-13 00:00:00-04:00,28.860000610351562,30.510000228881836,28.6299991607666,30.489999771118164,995300,0.0,0.0
2022-07-14 00:00:00-04:00,30.0,32.084999084472656,29.77899932861328,31.600000381469727,1089500,0.0,0.0
2022-07-15 00:00:00-04:00,32.09000015258789,32.84000015258789,30.549999237060547,32.099998474121094,931600,0.0,0.0
2022-07-18 00:00:00-04:00,32.290000915527344,33.150001525878906,31.309999465942383,31.5,575800,0.0,0.0
2022-07-19 00:00:00-04:00,31.799999237060547,32.540000915527344,31.31999969482422,32.5099983215332,604400,0.0,0.0
2022-07-20 00:00:00-04:00,32.5099983215332,33.02000045776367,31.93400001525879,32.45000076293945,397700,0.0,0.0
2022-07-21 00:00:00-04:00,32.45000076293945,34.310001373291016,32.29999923706055,33.77000045776367,1120500,0.0,0.0
2022-07-22 00:00:00-04:00,33.84000015258789,34.15999984741211,32.720001220703125,32.97999954223633,631700,0.0,0.0
2022-07-25 00:00:00-04:00,33.22999954223633,33.83000183105469,33.0,33.4900016784668,636500,0.0,0.0
2022-07-26 00:00:00-04:00,33.529998779296875,34.099998474121094,33.31999969482422,33.529998779296875,634600,0.0,0.0
2022-07-27 00:00:00-04:00,33.81999969482422,33.845001220703125,33.040000915527344,33.70000076293945,634100,0.0,0.0
2022-07-28 00:00:00-04:00,34.09000015258789,35.189998626708984,32.849998474121094,34.220001220703125,1400500,0.0,0.0
2022-07-29 00:00:00-04:00,34.5,34.70000076293945,33.41999816894531,33.9900016784668,734900,0.0,0.0
2022-08-01 00:00:00-04:00,33.7599983215332,35.45000076293945,33.650001525878906,34.790000915527344,738400,0.0,0.0
2022-08-02 00:00:00-04:00,33.869998931884766,35.25,33.2599983215332,35.209999084472656,1134300,0.0,0.0
2022-08-03 00:00:00-04:00,39.0,39.0,35.70000076293945,36.5,1885300,0.0,0.0
2022-08-04 00:00:00-04:00,36.25,36.7599983215332,34.849998474121094,35.58000183105469,1451200,0.0,0.0
2022-08-05 00:00:00-04:00,34.900001525878906,35.97999954223633,34.290000915527344,35.7400016784668,1209800,0.0,0.0
2022-08-08 00:00:00-04:00,35.599998474121094,37.040000915527344,34.9900016784668,35.36000061035156,1728500,0.0,0.0
2022-08-09 00:00:00-04:00,35.349998474121094,35.349998474121094,34.31999969482422,35.150001525878906,976500,0.0,0.0
2022-08-10 00:00:00-04:00,35.810001373291016,35.83000183105469,34.529998779296875,35.68000030517578,975300,0.0,0.0
2022-08-11 00:00:00-04:00,36.060001373291016,36.650001525878906,35.5,35.86000061035156,1122400,0.0,0.0
2022-08-12 00:00:00-04:00,35.5,36.0,34.33000183105469,34.93000030517578,1899200,0.0,0.0
2022-08-15 00:00:00-04:00,34.81999969482422,34.81999969482422,32.599998474121094,34.11000061035156,1851400,0.0,0.0
2022-08-16 00:00:00-04:00,34.11000061035156,34.30500030517578,32.5,33.11000061035156,2540000,0.0,0.0
2022-08-17 00:00:00-04:00,32.880001068115234,34.61000061035156,32.540000915527344,34.470001220703125,1504400,0.0,0.0
2022-08-18 00:00:00-04:00,34.31999969482422,35.06999969482422,33.84000015258789,35.0,967100,0.0,0.0
2022-08-19 00:00:00-04:00,35.43000030517578,35.43000030517578,34.321998596191406,34.68000030517578,1099900,0.0,0.0
2022-08-22 00:00:00-04:00,34.2400016784668,36.04999923706055,33.959999084472656,36.02000045776367,1016900,0.0,0.0
2022-08-23 00:00:00-04:00,36.150001525878906,37.220001220703125,35.5,35.5,1783400,0.0,0.0
2022-08-24 00:00:00-04:00,35.4900016784668,37.79999923706055,35.4900016784668,37.040000915527344,1506700,0.0,0.0
2022-08-25 00:00:00-04:00,37.7599983215332,37.77000045776367,36.59000015258789,37.2400016784668,645700,0.0,0.0
2022-08-26 00:00:00-04:00,36.38999938964844,36.91999816894531,35.91999816894531,36.599998474121094,1336400,0.0,0.0
2022-08-29 00:00:00-04:00,36.290000915527344,37.790000915527344,36.18000030517578,36.43000030517578,1415100,0.0,0.0
2022-08-30 00:00:00-04:00,36.529998779296875,36.86399841308594,35.2599983215332,35.7400016784668,1147200,0.0,0.0
2022-08-31 00:00:00-04:00,35.900001525878906,37.1349983215332,35.810001373291016,36.75,1297500,0.0,0.0
2022-09-01 00:00:00-04:00,36.61000061035156,37.28499984741211,36.06999969482422,36.95000076293945,1106500,0.0,0.0
2022-09-02 00:00:00-04:00,36.83000183105469,37.2400016784668,36.18000030517578,36.45000076293945,1037000,0.0,0.0
2022-09-06 00:00:00-04:00,36.4900016784668,37.630001068115234,36.310001373291016,37.02000045776367,1651500,0.0,0.0
2022-09-07 00:00:00-04:00,36.88999938964844,38.4900016784668,36.66999816894531,38.459999084472656,1204500,0.0,0.0
2022-09-08 00:00:00-04:00,38.369998931884766,39.290000915527344,38.130001068115234,39.279998779296875,1149300,0.0,0.0
2022-09-09 00:00:00-04:00,39.20000076293945,39.63999938964844,38.790000915527344,39.560001373291016,1457600,0.0,0.0
2022-09-12 00:00:00-04:00,39.31999969482422,39.7599983215332,38.849998474121094,39.7400016784668,1141600,0.0,0.0
2022-09-13 00:00:00-04:00,38.97999954223633,39.18000030517578,38.16999816894531,38.7599983215332,1037900,0.0,0.0
2022-09-14 00:00:00-04:00,38.7599983215332,39.65999984741211,38.060001373291016,39.540000915527344,1107400,0.0,0.0
2022-09-15 00:00:00-04:00,39.70000076293945,39.77899932861328,38.689998626708984,38.91999816894531,656600,0.0,0.0
2022-09-16 00:00:00-04:00,38.470001220703125,38.470001220703125,37.380001068115234,37.97999954223633,1177100,0.0,0.0
2022-09-19 00:00:00-04:00,37.630001068115234,38.29499816894531,37.09000015258789,38.209999084472656,475400,0.0,0.0
2022-09-20 00:00:00-04:00,38.310001373291016,38.5099983215332,37.59000015258789,38.09000015258789,512700,0.0,0.0
2022-09-21 00:00:00-04:00,38.279998779296875,38.66999816894531,37.42499923706055,37.529998779296875,529400,0.0,0.0
2022-09-22 00:00:00-04:00,37.470001220703125,37.470001220703125,35.02000045776367,35.849998474121094,1223600,0.0,0.0
2022-09-23 00:00:00-04:00,35.45000076293945,35.45000076293945,34.220001220703125,35.04999923706055,1058300,0.0,0.0
2022-09-26 00:00:00-04:00,34.86000061035156,35.150001525878906,33.880001068115234,34.529998779296875,904900,0.0,0.0
2022-09-27 00:00:00-04:00,35.04999923706055,35.68000030517578,34.709999084472656,35.2400016784668,561300,0.0,0.0
2022-09-28 00:00:00-04:00,35.34000015258789,36.93000030517578,34.91999816894531,36.7400016784668,1036300,0.0,0.0
2022-09-29 00:00:00-04:00,36.290000915527344,36.599998474121094,35.619998931884766,36.36000061035156,505400,0.0,0.0
2022-09-30 00:00:00-04:00,36.2400016784668,37.2400016784668,35.93000030517578,35.93000030517578,818500,0.0,0.0
2022-10-03 00:00:00-04:00,36.220001220703125,37.369998931884766,35.73500061035156,37.02000045776367,1279900,0.0,0.0
2022-10-04 00:00:00-04:00,37.4900016784668,37.97999954223633,36.97999954223633,37.40999984741211,905100,0.0,0.0
2022-10-05 00:00:00-04:00,36.84000015258789,37.38999938964844,36.470001220703125,37.060001373291016,913100,0.0,0.0
2022-10-06 00:00:00-04:00,37.099998474121094,37.79499816894531,36.54999923706055,36.66999816894531,849900,0.0,0.0
2022-10-07 00:00:00-04:00,36.27000045776367,36.41999816894531,33.4900016784668,34.09000015258789,1520800,0.0,0.0
2022-10-10 00:00:00-04:00,34.0099983215332,34.2400016784668,32.540000915527344,32.65999984741211,1108700,0.0,0.0
2022-10-11 00:00:00-04:00,32.5,32.5,29.469999313354492,30.399999618530273,2748800,0.0,0.0
2022-10-12 00:00:00-04:00,30.25,30.530000686645508,29.649999618530273,30.5,1306400,0.0,0.0
2022-10-13 00:00:00-04:00,29.860000610351562,31.15999984741211,29.649999618530273,31.079999923706055,1011400,0.0,0.0
2022-10-14 00:00:00-04:00,31.479999542236328,31.81999969482422,30.579999923706055,31.100000381469727,1405900,0.0,0.0
2022-10-17 00:00:00-04:00,31.670000076293945,32.34000015258789,31.549999237060547,31.770000457763672,934200,0.0,0.0
2022-10-18 00:00:00-04:00,32.369998931884766,33.220001220703125,32.2599983215332,32.7400016784668,1036800,0.0,0.0
2022-10-19 00:00:00-04:00,32.290000915527344,32.67499923706055,31.899999618530273,32.220001220703125,669700,0.0,0.0
2022-10-20 00:00:00-04:00,32.25,32.779998779296875,31.75,31.899999618530273,677600,0.0,0.0
2022-10-21 00:00:00-04:00,32.0099983215332,32.0099983215332,31.149999618530273,31.3700008392334,645800,0.0,0.0
2022-10-24 00:00:00-04:00,31.530000686645508,32.08000183105469,30.600000381469727,30.829999923706055,631800,0.0,0.0
2022-10-25 00:00:00-04:00,30.889999389648438,31.889999389648438,30.889999389648438,31.350000381469727,721600,0.0,0.0
2022-10-26 00:00:00-04:00,31.3700008392334,32.70000076293945,31.1200008392334,31.989999771118164,756500,0.0,0.0
2022-10-27 00:00:00-04:00,32.099998474121094,32.369998931884766,31.09000015258789,31.270000457763672,662700,0.0,0.0
2022-10-28 00:00:00-04:00,31.399999618530273,32.279998779296875,31.18000030517578,32.130001068115234,628100,0.0,0.0
2022-10-31 00:00:00-04:00,31.8700008392334,32.130001068115234,31.25,31.809999465942383,813800,0.0,0.0
2022-11-01 00:00:00-04:00,31.809999465942383,31.9950008392334,28.530000686645508,28.93000030517578,2147700,0.0,0.0
2022-11-02 00:00:00-04:00,28.93000030517578,29.34000015258789,28.454999923706055,28.479999542236328,1315200,0.0,0.0
2022-11-03 00:00:00-04:00,27.649999618530273,29.059999465942383,25.239999771118164,25.809999465942383,3267300,0.0,0.0
2022-11-04 00:00:00-04:00,25.809999465942383,25.809999465942383,23.75,24.3700008392334,2834700,0.0,0.0
2022-11-07 00:00:00-05:00,24.260000228881836,24.459999084472656,22.399999618530273,22.450000762939453,1967100,0.0,0.0
2022-11-08 00:00:00-05:00,22.270000457763672,22.850000381469727,21.84000015258789,21.959999084472656,1405300,0.0,0.0
2022-11-09 00:00:00-05:00,22.200000762939453,23.485000610351562,21.832000732421875,22.8700008392334,1723900,0.0,0.0
2022-11-10 00:00:00-05:00,23.709999084472656,24.989999771118164,23.5,24.459999084472656,1693200,0.0,0.0
2022-11-11 00:00:00-05:00,24.579999923706055,25.200000762939453,24.1200008392334,24.25,1630200,0.0,0.0
2022-11-14 00:00:00-05:00,24.239999771118164,24.795000076293945,24.010000228881836,24.399999618530273,943400,0.0,0.0
2022-11-15 00:00:00-05:00,24.8700008392334,25.579999923706055,24.540000915527344,25.440000534057617,1410400,0.0,0.0
2022-11-16 00:00:00-05:00,25.350000381469727,25.514999389648438,23.739999771118164,23.809999465942383,1415900,0.0,0.0
2022-11-17 00:00:00-05:00,23.399999618530273,23.860000610351562,23.100000381469727,23.860000610351562,1753800,0.0,0.0
2022-11-18 00:00:00-05:00,25.3700008392334,28.020000457763672,25.010000228881836,27.360000610351562,3173100,0.0,0.0
2022-11-21 00:00:00-05:00,26.920000076293945,27.25,26.329999923706055,26.790000915527344,1297100,0.0,0.0
2022-11-22 00:00:00-05:00,26.84000015258789,27.510000228881836,26.395000457763672,27.469999313354492,897700,0.0,0.0
2022-11-23 00:00:00-05:00,27.450000762939453,27.93000030517578,27.280000686645508,27.68000030517578,1058800,0.0,0.0
2022-11-25 00:00:00-05:00,27.260000228881836,27.709999084472656,27.030000686645508,27.59000015258789,367600,0.0,0.0
2022-11-28 00:00:00-05:00,27.290000915527344,27.799999237060547,26.75,26.90999984741211,1107100,0.0,0.0
2022-11-29 00:00:00-05:00,26.739999771118164,27.354999542236328,26.600000381469727,26.989999771118164,920000,0.0,0.0
2022-11-30 00:00:00-05:00,27.049999237060547,28.84000015258789,26.834999084472656,28.790000915527344,1177100,0.0,0.0
2022-12-01 00:00:00-05:00,28.889999389648438,29.190000534057617,27.969999313354492,28.25,915400,0.0,0.0
2022-12-02 00:00:00-05:00,27.950000762939453,28.774999618530273,27.80500030517578,28.579999923706055,1261500,0.0,0.0
2022-12-05 00:00:00-05:00,29.3799991607666,29.540000915527344,28.209999084472656,28.65999984741211,853400,0.0,0.0
2022-12-06 00:00:00-05:00,28.31999969482422,28.405000686645508,26.860000610351562,27.270000457763672,637300,0.0,0.0
2022-12-07 00:00:00-05:00,27.360000610351562,27.459999084472656,26.68000030517578,27.139999389648438,692300,0.0,0.0
2022-12-08 00:00:00-05:00,27.1299991607666,27.635000228881836,26.65999984741211,27.190000534057617,587700,0.0,0.0
2022-12-09 00:00:00-05:00,27.229999542236328,27.649999618530273,26.825000762939453,26.940000534057617,487800,0.0,0.0
2022-12-12 00:00:00-05:00,26.959999084472656,27.670000076293945,26.450000762939453,27.56999969482422,576800,0.0,0.0
2022-12-13 00:00:00-05:00,28.899999618530273,28.899999618530273,27.81999969482422,28.170000076293945,742300,0.0,0.0
2022-12-14 00:00:00-05:00,28.280000686645508,28.829999923706055,27.579999923706055,28.149999618530273,872300,0.0,0.0
2022-12-15 00:00:00-05:00,27.75,28.139999389648438,27.479999542236328,27.709999084472656,659000,0.0,0.0
2022-12-16 00:00:00-05:00,27.5,28.06999969482422,26.770000457763672,27.469999313354492,1440300,0.0,0.0
2022-12-19 00:00:00-05:00,27.3700008392334,27.3700008392334,26.440000534057617,26.899999618530273,689300,0.0,0.0
2022-12-20 00:00:00-05:00,26.719999313354492,27.190000534057617,26.489999771118164,26.510000228881836,978700,0.0,0.0
2022-12-21 00:00:00-05:00,26.670000076293945,27.360000610351562,26.559999465942383,26.860000610351562,584500,0.0,0.0
2022-12-22 00:00:00-05:00,26.600000381469727,27.290000915527344,26.549999237060547,27.239999771118164,736400,0.0,0.0
2022-12-23 00:00:00-05:00,27.15999984741211,27.450000762939453,26.93000030517578,27.34000015258789,438600,0.0,0.0
2022-12-27 00:00:00-05:00,27.219999313354492,27.399999618530273,26.489999771118164,27.15999984741211,560400,0.0,0.0
2022-12-28 00:00:00-05:00,27.229999542236328,27.489999771118164,26.7549991607666,26.979999542236328,528900,0.0,0.0
2022-12-29 00:00:00-05:00,27.389999389648438,27.915000915527344,27.09000015258789,27.81999969482422,553700,0.0,0.0
2022-12-30 00:00:00-05:00,27.530000686645508,28.18000030517578,27.448999404907227,28.079999923706055,739600,0.0,0.0
2023-01-03 00:00:00-05:00,28.299999237060547,28.559999465942383,26.809999465942383,26.979999542236328,1015200,0.0,0.0
2023-01-04 00:00:00-05:00,27.1200008392334,27.59000015258789,26.059999465942383,26.3799991607666,1331100,0.0,0.0
2023-01-05 00:00:00-05:00,26.399999618530273,26.6200008392334,25.030000686645508,26.350000381469727,1282100,0.0,0.0
2023-01-06 00:00:00-05:00,26.979999542236328,27.770000457763672,26.38800048828125,27.100000381469727,1254300,0.0,0.0
2023-01-09 00:00:00-05:00,27.329999923706055,28.239999771118164,27.18000030517578,27.81999969482422,912100,0.0,0.0
2023-01-10 00:00:00-05:00,28.040000915527344,29.045000076293945,28.0,28.5,1110800,0.0,0.0
2023-01-11 00:00:00-05:00,29.010000228881836,29.030000686645508,28.18000030517578,28.75,764200,0.0,0.0
2023-01-12 00:00:00-05:00,29.059999465942383,31.450000762939453,28.81999969482422,30.799999237060547,2355000,0.0,0.0
2023-01-13 00:00:00-05:00,30.549999237060547,32.38999938964844,30.524999618530273,31.65999984741211,1570400,0.0,0.0
2023-01-17 00:00:00-05:00,31.6200008392334,31.809999465942383,30.6299991607666,30.850000381469727,2742000,0.0,0.0
2023-01-18 00:00:00-05:00,30.899999618530273,31.170000076293945,30.0,30.020000457763672,1321300,0.0,0.0
2023-01-19 00:00:00-05:00,29.799999237060547,30.950000762939453,29.530000686645508,30.549999237060547,960700,0.0,0.0
2023-01-20 00:00:00-05:00,30.809999465942383,31.110000610351562,30.350000381469727,30.829999923706055,943600,0.0,0.0
2023-01-23 00:00:00-05:00,30.850000381469727,32.099998474121094,30.6200008392334,31.799999237060547,1130800,0.0,0.0
2023-01-24 00:00:00-05:00,31.56999969482422,32.20000076293945,30.94300079345703,31.190000534057617,776600,0.0,0.0
2023-01-25 00:00:00-05:00,30.93000030517578,31.270000457763672,30.110000610351562,30.979999542236328,854700,0.0,0.0
2023-01-26 00:00:00-05:00,31.309999465942383,31.485000610351562,30.854999542236328,31.190000534057617,435100,0.0,0.0
2023-01-27 00:00:00-05:00,31.1299991607666,31.540000915527344,30.915000915527344,31.270000457763672,300000,0.0,0.0
2023-01-30 00:00:00-05:00,31.43000030517578,32.14500045776367,31.33799934387207,31.559999465942383,568300,0.0,0.0
2023-01-31 00:00:00-05:00,31.59000015258789,32.439998626708984,31.59000015258789,32.220001220703125,1328700,0.0,0.0
2023-02-01 00:00:00-05:00,32.2400016784668,32.790000915527344,31.6299991607666,32.45000076293945,896700,0.0,0.0
2023-02-02 00:00:00-05:00,32.81999969482422,33.25,32.6349983215332,33.22999954223633,606400,0.0,0.0
2023-02-03 00:00:00-05:00,32.81999969482422,33.099998474121094,31.610000610351562,31.959999084472656,794700,0.0,0.0
2023-02-06 00:00:00-05:00,31.65999984741211,32.130001068115234,30.940000534057617,31.010000228881836,440900,0.0,0.0
2023-02-07 00:00:00-05:00,30.770000457763672,31.43000030517578,30.450000762939453,31.43000030517578,514000,0.0,0.0
2023-02-08 00:00:00-05:00,31.299999237060547,32.41999816894531,31.25,31.93000030517578,1109000,0.0,0.0
2023-02-09 00:00:00-05:00,32.40999984741211,33.2400016784668,32.13999938964844,32.22999954223633,956100,0.0,0.0
2023-02-10 00:00:00-05:00,32.0099983215332,32.68000030517578,31.940000534057617,32.400001525878906,574200,0.0,0.0
2023-02-13 00:00:00-05:00,32.459999084472656,33.005001068115234,32.33000183105469,32.56999969482422,508400,0.0,0.0
2023-02-14 00:00:00-05:00,32.34000015258789,33.20000076293945,32.03499984741211,32.970001220703125,830100,0.0,0.0
2023-02-15 00:00:00-05:00,32.95000076293945,33.83000183105469,32.72999954223633,33.619998931884766,732200,0.0,0.0
2023-02-16 00:00:00-05:00,32.91999816894531,34.279998779296875,32.75,33.18000030517578,974300,0.0,0.0
2023-02-17 00:00:00-05:00,33.22999954223633,33.22999954223633,32.334999084472656,33.04999923706055,536500,0.0,0.0
2023-02-21 00:00:00-05:00,32.560001373291016,32.709999084472656,31.920000076293945,32.0,871400,0.0,0.0
2023-02-22 00:00:00-05:00,32.130001068115234,32.41999816894531,31.489999771118164,31.579999923706055,1143100,0.0,0.0
2023-02-23 00:00:00-05:00,34.40999984741211,35.79999923706055,33.29999923706055,34.91999816894531,2967300,0.0,0.0
2023-02-24 00:00:00-05:00,34.689998626708984,35.43000030517578,34.27000045776367,34.90999984741211,1419200,0.0,0.0
2023-02-27 00:00:00-05:00,35.209999084472656,35.4900016784668,34.65999984741211,34.880001068115234,1068500,0.0,0.0
2023-02-28 00:00:00-05:00,34.720001220703125,35.36000061035156,34.619998931884766,35.0099983215332,1740300,0.0,0.0
2023-03-01 00:00:00-05:00,35.20000076293945,35.279998779296875,34.56999969482422,35.2599983215332,874300,0.0,0.0
2023-03-02 00:00:00-05:00,35.0,35.5,34.66999816894531,35.150001525878906,756300,0.0,0.0
2023-03-03 00:00:00-05:00,35.150001525878906,36.2599983215332,34.96500015258789,35.79999923706055,887100,0.0,0.0
2023-03-06 00:00:00-05:00,35.189998626708984,35.65999984741211,33.95000076293945,34.58000183105469,1481800,0.0,0.0
2023-03-07 00:00:00-05:00,34.66999816894531,34.91999816894531,34.380001068115234,34.439998626708984,883400,0.0,0.0
2023-03-08 00:00:00-05:00,34.45000076293945,34.79999923706055,33.900001525878906,34.31999969482422,506700,0.0,0.0
2023-03-09 00:00:00-05:00,34.439998626708984,34.65999984741211,32.72999954223633,32.77000045776367,588200,0.0,0.0
2023-03-10 00:00:00-05:00,32.63999938964844,32.65999984741211,30.350000381469727,30.979999542236328,1695900,0.0,0.0
2023-03-13 00:00:00-04:00,30.489999771118164,31.21500015258789,29.979999542236328,30.190000534057617,1272800,0.0,0.0
2023-03-14 00:00:00-04:00,31.260000228881836,31.860000610351562,30.5,30.809999465942383,1751100,0.0,0.0
2023-03-15 00:00:00-04:00,30.149999618530273,30.510000228881836,29.520000457763672,30.290000915527344,759800,0.0,0.0
2023-03-16 00:00:00-04:00,29.899999618530273,31.950000762939453,29.739999771118164,31.729999542236328,720800,0.0,0.0
2023-03-17 00:00:00-04:00,31.59000015258789,31.68000030517578,30.610000610351562,30.809999465942383,915600,0.0,0.0
2023-03-20 00:00:00-04:00,31.100000381469727,31.65999984741211,30.829999923706055,31.049999237060547,440200,0.0,0.0
2023-03-21 00:00:00-04:00,31.56999969482422,31.719999313354492,30.860000610351562,31.5,734200,0.0,0.0
2023-03-22 00:00:00-04:00,31.440000534057617,31.809999465942383,30.979999542236328,30.989999771118164,939800,0.0,0.0
2023-03-23 00:00:00-04:00,31.040000915527344,31.34000015258789,29.920000076293945,29.940000534057617,701900,0.0,0.0
2023-03-24 00:00:00-04:00,29.700000762939453,30.68000030517578,29.674999237060547,30.600000381469727,691000,0.0,0.0
2023-03-27 00:00:00-04:00,31.280000686645508,31.549999237060547,30.899999618530273,31.40999984741211,620200,0.0,0.0
2023-03-28 00:00:00-04:00,31.170000076293945,31.3700008392334,30.420000076293945,30.5,505700,0.0,0.0
2023-03-29 00:00:00-04:00,30.790000915527344,31.34000015258789,30.6200008392334,30.920000076293945,436600,0.0,0.0
2023-03-30 00:00:00-04:00,31.450000762939453,32.099998474121094,31.309999465942383,31.989999771118164,899100,0.0,0.0
2023-03-31 00:00:00-04:00,32.2599983215332,32.67499923706055,32.13999938964844,32.45000076293945,972500,0.0,0.0
2023-04-03 00:00:00-04:00,32.4900016784668,32.58000183105469,31.1200008392334,32.130001068115234,816600,0.0,0.0
2023-04-04 00:00:00-04:00,32.43000030517578,32.439998626708984,30.84000015258789,31.239999771118164,745800,0.0,0.0
2023-04-05 00:00:00-04:00,31.0,31.46500015258789,30.34000015258789,30.850000381469727,570500,0.0,0.0
2023-04-06 00:00:00-04:00,30.809999465942383,31.514999389648438,30.59000015258789,31.5,518900,0.0,0.0
2023-04-10 00:00:00-04:00,31.209999084472656,31.6200008392334,30.989999771118164,31.6200008392334,462300,0.0,0.0
2023-04-11 00:00:00-04:00,31.75,32.45000076293945,31.6200008392334,32.04999923706055,735300,0.0,0.0
2023-04-12 00:00:00-04:00,32.900001525878906,33.290000915527344,32.38999938964844,32.439998626708984,957800,0.0,0.0
2023-04-13 00:00:00-04:00,32.38999938964844,32.689998626708984,31.909000396728516,32.5,623300,0.0,0.0
2023-04-14 00:00:00-04:00,32.56999969482422,32.90999984741211,32.2400016784668,32.880001068115234,792100,0.0,0.0
2023-04-17 00:00:00-04:00,32.79999923706055,34.09000015258789,32.56999969482422,33.95000076293945,769700,0.0,0.0
2023-04-18 00:00:00-04:00,34.34000015258789,35.20500183105469,34.04999923706055,34.91999816894531,1044400,0.0,0.0
2023-04-19 00:00:00-04:00,34.689998626708984,35.31999969482422,34.5099983215332,35.310001373291016,1324000,0.0,0.0
2023-04-20 00:00:00-04:00,35.15999984741211,35.619998931884766,35.04999923706055,35.5099983215332,832000,0.0,0.0
2023-04-21 00:00:00-04:00,35.810001373291016,36.369998931884766,35.540000915527344,36.13999938964844,893800,0.0,0.0
2023-04-24 00:00:00-04:00,36.11000061035156,36.56999969482422,35.31999969482422,35.36000061035156,713600,0.0,0.0
2023-04-25 00:00:00-04:00,35.119998931884766,35.47999954223633,34.849998474121094,35.279998779296875,519000,0.0,0.0
2023-04-26 00:00:00-04:00,35.0,35.84000015258789,34.970001220703125,35.220001220703125,629900,0.0,0.0
2023-04-27 00:00:00-04:00,35.38999938964844,35.91999816894531,34.97999954223633,35.90999984741211,522600,0.0,0.0
2023-04-28 00:00:00-04:00,35.630001068115234,36.6349983215332,35.630001068115234,36.40999984741211,800800,0.0,0.0
2023-05-01 00:00:00-04:00,36.310001373291016,36.70000076293945,35.77000045776367,36.439998626708984,993800,0.0,0.0
2023-05-02 00:00:00-04:00,36.310001373291016,36.41999816894531,34.77000045776367,35.040000915527344,829800,0.0,0.0
2023-05-03 00:00:00-04:00,34.970001220703125,35.619998931884766,34.63999938964844,35.20000076293945,891500,0.0,0.0
2023-05-04 00:00:00-04:00,32.0,33.90999984741211,30.280000686645508,33.54999923706055,3847300,0.0,0.0
2023-05-05 00:00:00-04:00,34.02000045776367,34.310001373291016,33.31999969482422,34.0099983215332,1316400,0.0,0.0
2023-05-08 00:00:00-04:00,33.880001068115234,34.93000030517578,33.51499938964844,34.72999954223633,1030900,0.0,0.0
2023-05-09 00:00:00-04:00,34.560001373291016,35.5,34.29999923706055,35.18000030517578,746300,0.0,0.0
2023-05-10 00:00:00-04:00,35.689998626708984,35.689998626708984,34.86000061035156,35.15999984741211,513100,0.0,0.0
2023-05-11 00:00:00-04:00,34.86000061035156,35.75,34.79999923706055,35.529998779296875,553000,0.0,0.0
2023-05-12 00:00:00-04:00,35.66999816894531,35.83000183105469,34.86000061035156,35.2400016784668,464100,0.0,0.0
2023-05-15 00:00:00-04:00,35.15999984741211,35.52000045776367,34.83000183105469,34.849998474121094,700000,0.0,0.0
2023-05-16 00:00:00-04:00,34.52000045776367,34.52000045776367,33.84000015258789,33.959999084472656,910000,0.0,0.0
2023-05-17 00:00:00-04:00,34.0099983215332,34.13999938964844,33.38999938964844,34.040000915527344,1230000,0.0,0.0
2023-05-18 00:00:00-04:00,34.040000915527344,34.349998474121094,32.65999984741211,33.0,1172800,0.0,0.0
2023-05-19 00:00:00-04:00,33.02000045776367,33.130001068115234,32.54999923706055,32.900001525878906,1434900,0.0,0.0
2023-05-22 00:00:00-04:00,32.84000015258789,33.41999816894531,31.850000381469727,32.33000183105469,1589300,0.0,0.0
2023-05-23 00:00:00-04:00,32.40999984741211,33.2599983215332,31.729999542236328,31.920000076293945,1644900,0.0,0.0
2023-05-24 00:00:00-04:00,31.920000076293945,31.920000076293945,30.829999923706055,30.8799991607666,718100,0.0,0.0
2023-05-25 00:00:00-04:00,30.760000228881836,30.829999923706055,29.049999237060547,29.09000015258789,1771300,0.0,0.0
2023-05-26 00:00:00-04:00,28.75,29.440000534057617,28.639999389648438,28.799999237060547,1056000,0.0,0.0
2023-05-30 00:00:00-04:00,28.799999237060547,29.18000030517578,28.385000228881836,28.469999313354492,675600,0.0,0.0
2023-05-31 00:00:00-04:00,28.469999313354492,29.2450008392334,28.290000915527344,29.139999389648438,1207200,0.0,0.0
2023-06-01 00:00:00-04:00,28.989999771118164,29.860000610351562,28.540000915527344,29.829999923706055,1094300,0.0,0.0
2023-06-02 00:00:00-04:00,30.18000030517578,31.059999465942383,30.100000381469727,31.030000686645508,1127500,0.0,0.0
2023-06-05 00:00:00-04:00,30.860000610351562,31.520000457763672,30.850000381469727,31.420000076293945,541100,0.0,0.0
2023-06-06 00:00:00-04:00,31.3799991607666,32.209999084472656,31.3799991607666,31.850000381469727,635800,0.0,0.0
2023-06-07 00:00:00-04:00,32.20000076293945,32.599998474121094,31.84000015258789,32.439998626708984,1049100,0.0,0.0
2023-06-08 00:00:00-04:00,32.40999984741211,32.43000030517578,31.399999618530273,31.690000534057617,768300,0.0,0.0
2023-06-09 00:00:00-04:00,31.829999923706055,32.0099983215332,31.5,31.5,455100,0.0,0.0
2023-06-12 00:00:00-04:00,31.450000762939453,31.59000015258789,31.09000015258789,31.110000610351562,837600,0.0,0.0
2023-06-13 00:00:00-04:00,30.920000076293945,31.260000228881836,30.579999923706055,31.15999984741211,1012000,0.0,0.0
2023-06-14 00:00:00-04:00,31.100000381469727,31.149999618530273,29.56999969482422,30.010000228881836,2770700,0.0,0.0
2023-06-15 00:00:00-04:00,30.09000015258789,30.530000686645508,29.799999237060547,29.850000381469727,1327100,0.0,0.0
2023-06-16 00:00:00-04:00,30.15999984741211,30.15999984741211,28.309999465942383,28.600000381469727,2200000,0.0,0.0
2023-06-20 00:00:00-04:00,28.229999542236328,28.7549991607666,28.06999969482422,28.639999389648438,1193400,0.0,0.0
2023-06-21 00:00:00-04:00,28.510000228881836,28.924999237060547,28.18000030517578,28.68000030517578,4416400,0.0,0.0
2023-06-22 00:00:00-04:00,28.700000762939453,29.479999542236328,28.405000686645508,29.290000915527344,1538300,0.0,0.0
2023-06-23 00:00:00-04:00,28.829999923706055,28.8700008392334,27.979999542236328,28.049999237060547,6867900,0.0,0.0
2023-06-26 00:00:00-04:00,27.729999542236328,28.579999923706055,27.520000457763672,28.09000015258789,1660600,0.0,0.0
2023-06-27 00:00:00-04:00,27.979999542236328,29.65999984741211,27.8799991607666,29.479999542236328,2367800,0.0,0.0
2023-06-28 00:00:00-04:00,29.3700008392334,31.31999969482422,29.3700008392334,30.700000762939453,2088200,0.0,0.0
2023-06-29 00:00:00-04:00,30.65999984741211,31.375,30.329999923706055,30.360000610351562,1671500,0.0,0.0
2023-06-30 00:00:00-04:00,30.649999618530273,30.649999618530273,30.049999237060547,30.299999237060547,1348800,0.0,0.0
2023-07-03 00:00:00-04:00,30.190000534057617,30.344999313354492,29.799999237060547,30.079999923706055,493400,0.0,0.0
2023-07-05 00:00:00-04:00,29.799999237060547,29.940000534057617,29.190000534057617,29.200000762939453,1003300,0.0,0.0
2023-07-06 00:00:00-04:00,29.200000762939453,29.350000381469727,28.670000076293945,28.989999771118164,1064200,0.0,0.0
2023-07-07 00:00:00-04:00,28.989999771118164,29.760000228881836,28.78499984741211,29.6299991607666,926100,0.0,0.0
2023-07-10 00:00:00-04:00,29.549999237060547,30.440000534057617,29.420000076293945,30.149999618530273,735300,0.0,0.0
2023-07-11 00:00:00-04:00,30.200000762939453,30.350000381469727,29.31999969482422,29.350000381469727,1844700,0.0,0.0
2023-07-12 00:00:00-04:00,29.6200008392334,29.68000030517578,28.709999084472656,28.719999313354492,928300,0.0,0.0
2023-07-13 00:00:00-04:00,28.56999969482422,28.989999771118164,28.40999984741211,28.610000610351562,771200,0.0,0.0
2023-07-14 00:00:00-04:00,28.579999923706055,30.3700008392334,28.510000228881836,30.25,1656800,0.0,0.0
2023-07-17 00:00:00-04:00,30.1299991607666,30.540000915527344,29.600000381469727,29.8799991607666,1427100,0.0,0.0
2023-07-18 00:00:00-04:00,30.049999237060547,31.040000915527344,30.01300048828125,31.010000228881836,912300,0.0,0.0
2023-07-19 00:00:00-04:00,31.0,31.43000030517578,30.700000762939453,31.399999618530273,1347900,0.0,0.0
2023-07-20 00:00:00-04:00,31.639999389648438,31.639999389648438,30.31999969482422,30.649999618530273,946700,0.0,0.0
2023-07-21 00:00:00-04:00,30.8700008392334,31.489999771118164,30.510000228881836,31.209999084472656,911600,0.0,0.0
2023-07-24 00:00:00-04:00,31.110000610351562,31.25,30.450000762939453,30.559999465942383,556400,0.0,0.0
2023-07-25 00:00:00-04:00,30.440000534057617,30.809999465942383,29.739999771118164,29.799999237060547,797700,0.0,0.0
2023-07-26 00:00:00-04:00,29.610000610351562,30.200000762939453,29.59000015258789,29.809999465942383,942400,0.0,0.0
2023-07-27 00:00:00-04:00,30.209999084472656,30.399999618530273,29.520000457763672,29.65999984741211,515700,0.0,0.0
2023-07-28 00:00:00-04:00,29.829999923706055,30.040000915527344,29.290000915527344,29.610000610351562,536500,0.0,0.0
2023-07-31 00:00:00-04:00,29.739999771118164,30.469999313354492,29.600000381469727,30.389999389648438,761600,0.0,0.0
2023-08-01 00:00:00-04:00,30.1299991607666,30.479999542236328,29.829999923706055,30.399999618530273,899600,0.0,0.0
2023-08-02 00:00:00-04:00,29.989999771118164,30.03499984741211,29.329999923706055,29.6299991607666,827800,0.0,0.0
2023-08-03 00:00:00-04:00,29.09000015258789,29.139999389648438,27.809999465942383,28.1200008392334,1829800,0.0,0.0
2023-08-04 00:00:00-04:00,28.15999984741211,30.110000610351562,28.110000610351562,29.780000686645508,916000,0.0,0.0
2023-08-07 00:00:00-04:00,29.530000686645508,29.56999969482422,28.860000610351562,29.010000228881836,564800,0.0,0.0
2023-08-08 00:00:00-04:00,28.799999237060547,29.049999237060547,28.43000030517578,28.889999389648438,665000,0.0,0.0
2023-08-09 00:00:00-04:00,28.920000076293945,29.010000228881836,28.065000534057617,28.200000762939453,726600,0.0,0.0
2023-08-10 00:00:00-04:00,28.260000228881836,28.489999771118164,27.979999542236328,28.149999618530273,717200,0.0,0.0
2023-08-11 00:00:00-04:00,27.899999618530273,28.450000762939453,27.8799991607666,28.239999771118164,655400,0.0,0.0
2023-08-14 00:00:00-04:00,28.100000381469727,28.514999389648438,28.0,28.399999618530273,525200,0.0,0.0
2023-08-15 00:00:00-04:00,28.280000686645508,28.510000228881836,27.940000534057617,27.950000762939453,714000,0.0,0.0
2023-08-16 00:00:00-04:00,27.860000610351562,27.899999618530273,26.020000457763672,26.25,1087700,0.0,0.0
2023-08-17 00:00:00-04:00,26.149999618530273,26.639999389648438,26.014999389648438,26.100000381469727,1030500,0.0,0.0
2023-08-18 00:00:00-04:00,25.809999465942383,26.579999923706055,25.729999542236328,26.43000030517578,1174000,0.0,0.0
2023-08-21 00:00:00-04:00,26.479999542236328,26.735000610351562,25.8700008392334,26.0,606400,0.0,0.0
2023-08-22 00:00:00-04:00,26.0,26.18000030517578,25.520000457763672,25.969999313354492,520300,0.0,0.0
2023-08-23 00:00:00-04:00,26.030000686645508,26.100000381469727,25.530000686645508,25.649999618530273,775500,0.0,0.0
2023-08-24 00:00:00-04:00,25.549999237060547,25.6299991607666,24.735000610351562,25.0,1094800,0.0,0.0
2023-08-25 00:00:00-04:00,25.15999984741211,25.81999969482422,24.684999465942383,25.440000534057617,1020400,0.0,0.0
2023-08-28 00:00:00-04:00,25.700000762939453,26.09000015258789,24.969999313354492,25.43000030517578,961000,0.0,0.0
2023-08-29 00:00:00-04:00,25.43000030517578,26.0,25.239999771118164,25.719999313354492,854200,0.0,0.0
2023-08-30 00:00:00-04:00,25.860000610351562,26.280000686645508,25.770000457763672,25.93000030517578,997800,0.0,0.0
2023-08-31 00:00:00-04:00,25.989999771118164,26.360000610351562,25.350000381469727,25.510000228881836,1053400,0.0,0.0
2023-09-01 00:00:00-04:00,25.739999771118164,26.15999984741211,25.440000534057617,26.079999923706055,715100,0.0,0.0
2023-09-05 00:00:00-04:00,25.93000030517578,25.93000030517578,25.350000381469727,25.530000686645508,699400,0.0,0.0
2023-09-06 00:00:00-04:00,25.850000381469727,26.344999313354492,25.540000915527344,26.280000686645508,713100,0.0,0.0
2023-09-07 00:00:00-04:00,26.15999984741211,26.165000915527344,25.530000686645508,25.6200008392334,553600,0.0,0.0
2023-09-08 00:00:00-04:00,25.6200008392334,25.6200008392334,24.969999313354492,25.510000228881836,865300,0.0,0.0
2023-09-11 00:00:00-04:00,25.719999313354492,26.344999313354492,25.649999618530273,25.899999618530273,850000,0.0,0.0
2023-09-12 00:00:00-04:00,25.81999969482422,26.079999923706055,25.530000686645508,25.700000762939453,835400,0.0,0.0
2023-09-13 00:00:00-04:00,25.75,26.459999084472656,25.670000076293945,26.09000015258789,1041700,0.0,0.0
2023-09-14 00:00:00-04:00,26.31999969482422,26.375,25.889999389648438,25.979999542236328,1035600,0.0,0.0
2023-09-15 00:00:00-04:00,25.969999313354492,26.290000915527344,25.8799991607666,26.200000762939453,2489500,0.0,0.0
2023-09-18 00:00:00-04:00,26.1200008392334,26.84000015258789,25.844999313354492,26.579999923706055,869800,0.0,0.0
2023-09-19 00:00:00-04:00,26.600000381469727,26.84000015258789,26.40999984741211,26.549999237060547,782500,0.0,0.0
2023-09-20 00:00:00-04:00,26.84000015258789,26.84000015258789,26.450000762939453,26.559999465942383,505400,0.0,0.0
2023-09-21 00:00:00-04:00,26.290000915527344,26.690000534057617,25.829999923706055,25.920000076293945,1249000,0.0,0.0
2023-09-22 00:00:00-04:00,25.889999389648438,26.690000534057617,25.889999389648438,26.520000457763672,907800,0.0,0.0
2023-09-25 00:00:00-04:00,26.25,26.90999984741211,26.049999237060547,26.829999923706055,574600,0.0,0.0
2023-09-26 00:00:00-04:00,26.760000228881836,27.31999969482422,26.674999237060547,26.809999465942383,1549800,0.0,0.0
2023-09-27 00:00:00-04:00,26.889999389648438,27.079999923706055,26.43000030517578,26.799999237060547,1048800,0.0,0.0
2023-09-28 00:00:00-04:00,26.700000762939453,27.360000610351562,26.670000076293945,27.299999237060547,584800,0.0,0.0
2023-09-29 00:00:00-04:00,27.479999542236328,27.524999618530273,27.084999084472656,27.229999542236328,576600,0.0,0.0
2023-10-02 00:00:00-04:00,26.959999084472656,27.299999237060547,26.56999969482422,26.90999984741211,909200,0.0,0.0
2023-10-03 00:00:00-04:00,26.649999618530273,26.889999389648438,25.924999237060547,26.09000015258789,629800,0.0,0.0
2023-10-04 00:00:00-04:00,26.079999923706055,26.309999465942383,25.790000915527344,26.18000030517578,597400,0.0,0.0
2023-10-05 00:00:00-04:00,26.1299991607666,26.674999237060547,26.052000045776367,26.610000610351562,669800,0.0,0.0
2023-10-06 00:00:00-04:00,26.389999389648438,27.260000228881836,26.329999923706055,26.979999542236328,558500,0.0,0.0
2023-10-09 00:00:00-04:00,26.770000457763672,27.989999771118164,26.459999084472656,27.799999237060547,722500,0.0,0.0
2023-10-10 00:00:00-04:00,27.670000076293945,28.520000457763672,27.670000076293945,28.31999969482422,787300,0.0,0.0
2023-10-11 00:00:00-04:00,28.5,28.5,27.75,28.139999389648438,989400,0.0,0.0
2023-10-12 00:00:00-04:00,28.100000381469727,28.290000915527344,27.549999237060547,27.770000457763672,1060200,0.0,0.0
2023-10-13 00:00:00-04:00,27.649999618530273,28.25,27.524999618530273,28.0,769600,0.0,0.0
2023-10-16 00:00:00-04:00,28.729999542236328,28.739999771118164,27.329999923706055,28.040000915527344,1275800,0.0,0.0
2023-10-17 00:00:00-04:00,28.15999984741211,28.739999771118164,27.969999313354492,28.280000686645508,1110200,0.0,0.0
2023-10-18 00:00:00-04:00,27.969999313354492,28.020000457763672,27.079999923706055,27.649999618530273,607200,0.0,0.0
2023-10-19 00:00:00-04:00,27.610000610351562,27.610000610351562,26.6200008392334,26.6200008392334,1361100,0.0,0.0
2023-10-20 00:00:00-04:00,26.450000762939453,27.045000076293945,26.059999465942383,26.8700008392334,877200,0.0,0.0
2023-10-23 00:00:00-04:00,26.700000762939453,26.8799991607666,26.010000228881836,26.06999969482422,719600,0.0,0.0
2023-10-24 00:00:00-04:00,26.280000686645508,26.959999084472656,26.1200008392334,26.59000015258789,853200,0.0,0.0
2023-10-25 00:00:00-04:00,26.3700008392334,26.434999465942383,25.5,25.510000228881836,966000,0.0,0.0
2023-10-26 00:00:00-04:00,25.510000228881836,25.59000015258789,23.510000228881836,23.6299991607666,1672800,0.0,0.0
2023-10-27 00:00:00-04:00,23.8700008392334,24.135000228881836,23.329999923706055,23.979999542236328,1404000,0.0,0.0
2023-10-30 00:00:00-04:00,24.260000228881836,24.290000915527344,23.780000686645508,24.1200008392334,1185000,0.0,0.0
2023-10-31 00:00:00-04:00,24.360000610351562,24.559999465942383,24.049999237060547,24.43000030517578,794500,0.0,0.0
2023-11-01 00:00:00-04:00,24.270000457763672,24.399999618530273,23.559999465942383,24.020000457763672,1058000,0.0,0.0
2023-11-02 00:00:00-04:00,24.59000015258789,24.819000244140625,23.493000030517578,24.010000228881836,1731200,0.0,0.0
2023-11-03 00:00:00-04:00,25.625,27.90999984741211,25.270000457763672,27.260000228881836,3284200,0.0,0.0
2023-11-06 00:00:00-05:00,27.229999542236328,28.594999313354492,27.0049991607666,28.149999618530273,2174100,0.0,0.0
2023-11-07 00:00:00-05:00,28.18000030517578,28.75,28.139999389648438,28.43000030517578,1183700,0.0,0.0
2023-11-08 00:00:00-05:00,28.559999465942383,28.618000030517578,27.700000762939453,27.899999618530273,1060700,0.0,0.0
2023-11-09 00:00:00-05:00,28.15999984741211,28.15999984741211,27.399999618530273,27.68000030517578,988400,0.0,0.0
2023-11-10 00:00:00-05:00,27.780000686645508,28.020000457763672,27.31100082397461,28.0,766600,0.0,0.0
2023-11-13 00:00:00-05:00,27.950000762939453,28.520000457763672,27.649999618530273,27.790000915527344,608700,0.0,0.0
2023-11-14 00:00:00-05:00,28.719999313354492,29.700000762939453,28.719999313354492,29.65999984741211,1134400,0.0,0.0
2023-11-15 00:00:00-05:00,29.780000686645508,30.434999465942383,29.46500015258789,29.700000762939453,986700,0.0,0.0
2023-11-16 00:00:00-05:00,29.719999313354492,29.799999237060547,29.059999465942383,29.459999084472656,555300,0.0,0.0
2023-11-17 00:00:00-05:00,29.81999969482422,30.020999908447266,29.110000610351562,29.329999923706055,725600,0.0,0.0
2023-11-20 00:00:00-05:00,29.329999923706055,29.389999389648438,28.90999984741211,29.15999984741211,601500,0.0,0.0
2023-11-21 00:00:00-05:00,28.93000030517578,29.31999969482422,28.700000762939453,28.770000457763672,770000,0.0,0.0
2023-11-22 00:00:00-05:00,29.110000610351562,29.799999237060547,28.985000610351562,29.549999237060547,452500,0.0,0.0
2023-11-24 00:00:00-05:00,29.6299991607666,29.81999969482422,29.260000228881836,29.75,305200,0.0,0.0
2023-11-27 00:00:00-05:00,29.559999465942383,29.8799991607666,29.440000534057617,29.559999465942383,517600,0.0,0.0
2023-11-28 00:00:00-05:00,29.290000915527344,29.399999618530273,28.84000015258789,28.950000762939453,497000,0.0,0.0
2023-11-29 00:00:00-05:00,29.309999465942383,29.600000381469727,27.829999923706055,27.920000076293945,1132400,0.0,0.0
2023-11-30 00:00:00-05:00,28.06999969482422,28.1200008392334,27.450000762939453,27.799999237060547,897900,0.0,0.0
2023-12-01 00:00:00-05:00,27.719999313354492,29.18000030517578,27.510000228881836,28.93000030517578,954500,0.0,0.0
2023-12-04 00:00:00-05:00,28.889999389648438,29.360000610351562,28.415000915527344,29.34000015258789,747000,0.0,0.0
2023-12-05 00:00:00-05:00,26.93000030517578,27.450000762939453,25.0,26.670000076293945,10587200,0.0,0.0
2023-12-06 00:00:00-05:00,28.3799991607666,28.780000686645508,27.1299991607666,28.309999465942383,9267600,0.0,0.0
2023-12-07 00:00:00-05:00,28.290000915527344,28.290000915527344,26.6200008392334,27.670000076293945,3604400,0.0,0.0
2023-12-08 00:00:00-05:00,27.690000534057617,28.18000030517578,27.360000610351562,28.100000381469727,1463100,0.0,0.0
2023-12-11 00:00:00-05:00,28.299999237060547,28.670000076293945,27.889999389648438,28.530000686645508,1376600,0.0,0.0
2023-12-12 00:00:00-05:00,28.700000762939453,29.489999771118164,28.139999389648438,29.15999984741211,1711700,0.0,0.0
2023-12-13 00:00:00-05:00,29.270000457763672,29.65999984741211,28.6200008392334,29.5,1934400,0.0,0.0
2023-12-14 00:00:00-05:00,30.030000686645508,30.59000015258789,29.459999084472656,29.959999084472656,1357800,0.0,0.0
2023-12-15 00:00:00-05:00,30.18000030517578,30.770000457763672,29.850000381469727,30.34000015258789,2023600,0.0,0.0
2023-12-18 00:00:00-05:00,30.1200008392334,30.940000534057617,30.1200008392334,30.690000534057617,1019200,0.0,0.0
2023-12-19 00:00:00-05:00,30.989999771118164,31.6299991607666,30.799999237060547,30.940000534057617,1414500,0.0,0.0
2023-12-20 00:00:00-05:00,30.81999969482422,31.360000610351562,30.260000228881836,30.540000915527344,920700,0.0,0.0
2023-12-21 00:00:00-05:00,30.959999084472656,31.799999237060547,30.809999465942383,31.670000076293945,985400,0.0,0.0
2023-12-22 00:00:00-05:00,31.889999389648438,32.459999084472656,31.780000686645508,32.08000183105469,822300,0.0,0.0
2023-12-26 00:00:00-05:00,32.369998931884766,33.18000030517578,32.22999954223633,33.0,730600,0.0,0.0
2023-12-27 00:00:00-05:00,33.09000015258789,33.25,32.86600112915039,33.18000030517578,679800,0.0,0.0
2023-12-28 00:00:00-05:00,33.08000183105469,33.68000030517578,33.060001373291016,33.52000045776367,936200,0.0,0.0
2023-12-29 00:00:00-05:00,33.380001068115234,33.709999084472656,33.02000045776367,33.029998779296875,1044900,0.0,0.0
2024-01-02 00:00:00-05:00,32.7400016784668,33.619998931884766,32.619998931884766,33.279998779296875,1148500,0.0,0.0
2024-01-03 00:00:00-05:00,33.0,33.040000915527344,31.540000915527344,31.649999618530273,1442200,0.0,0.0
2024-01-04 00:00:00-05:00,31.719999313354492,32.90999984741211,31.3700008392334,32.689998626708984,1414600,0.0,0.0
2024-01-05 00:00:00-05:00,32.29999923706055,32.85499954223633,32.06999969482422,32.36000061035156,679700,0.0,0.0
2024-01-08 00:00:00-05:00,32.36000061035156,33.459999084472656,32.36000061035156,32.70000076293945,1318100,0.0,0.0
2024-01-09 00:00:00-05:00,32.290000915527344,33.27000045776367,32.290000915527344,32.849998474121094,821400,0.0,0.0
2024-01-10 00:00:00-05:00,32.790000915527344,33.154998779296875,32.29999923706055,33.09000015258789,620100,0.0,0.0
2024-01-11 00:00:00-05:00,32.869998931884766,33.0,31.790000915527344,31.920000076293945,1002200,0.0,0.0
2024-01-12 00:00:00-05:00,32.4900016784668,32.619998931884766,31.149999618530273,31.479999542236328,665800,0.0,0.0
2024-01-16 00:00:00-05:00,31.219999313354492,31.219999313354492,30.530000686645508,31.030000686645508,738400,0.0,0.0
2024-01-17 00:00:00-05:00,30.479999542236328,30.770000457763672,30.260000228881836,30.549999237060547,848900,0.0,0.0
2024-01-18 00:00:00-05:00,30.65999984741211,30.65999984741211,28.81999969482422,29.84000015258789,1732100,0.0,0.0
2024-01-19 00:00:00-05:00,29.959999084472656,30.28499984741211,29.395000457763672,30.209999084472656,736500,0.0,0.0
2024-01-22 00:00:00-05:00,30.670000076293945,31.059999465942383,30.350000381469727,30.93000030517578,873700,0.0,0.0
2024-01-23 00:00:00-05:00,31.270000457763672,31.270000457763672,30.454999923706055,31.049999237060547,672400,0.0,0.0
2024-01-24 00:00:00-05:00,31.489999771118164,31.489999771118164,30.940000534057617,31.020000457763672,658200,0.0,0.0
2024-01-25 00:00:00-05:00,31.469999313354492,31.690000534057617,29.200000762939453,29.899999618530273,2066800,0.0,0.0
2024-01-26 00:00:00-05:00,30.25,30.329999923706055,29.825000762939453,30.260000228881836,1328800,0.0,0.0
2024-01-29 00:00:00-05:00,30.219999313354492,30.649999618530273,30.049999237060547,30.469999313354492,812200,0.0,0.0
2024-01-30 00:00:00-05:00,30.3700008392334,30.770000457763672,29.780000686645508,29.809999465942383,794600,0.0,0.0
2024-01-31 00:00:00-05:00,29.809999465942383,30.030000686645508,29.270000457763672,29.40999984741211,1133100,0.0,0.0
2024-02-01 00:00:00-05:00,29.549999237060547,29.940000534057617,29.170000076293945,29.729999542236328,663800,0.0,0.0
2024-02-02 00:00:00-05:00,29.420000076293945,30.049999237060547,29.34000015258789,29.770000457763672,520900,0.0,0.0
2024-02-05 00:00:00-05:00,29.389999389648438,29.56999969482422,29.09000015258789,29.43000030517578,511800,0.0,0.0
2024-02-06 00:00:00-05:00,29.3700008392334,29.84000015258789,29.30500030517578,29.56999969482422,431800,0.0,0.0
2024-02-07 00:00:00-05:00,29.700000762939453,30.450000762939453,29.3799991607666,30.420000076293945,980800,0.0,0.0
2024-02-08 00:00:00-05:00,30.3700008392334,30.80500030517578,30.045000076293945,30.6299991607666,813900,0.0,0.0
2024-02-09 00:00:00-05:00,30.739999771118164,31.329999923706055,30.40999984741211,30.700000762939453,1472200,0.0,0.0
2024-02-12 00:00:00-05:00,30.760000228881836,31.829999923706055,30.645000457763672,31.459999084472656,971100,0.0,0.0
2024-02-13 00:00:00-05:00,30.190000534057617,31.114999771118164,30.139999389648438,30.3799991607666,1310200,0.0,0.0
2024-02-14 00:00:00-05:00,30.899999618530273,31.010000228881836,30.309999465942383,30.84000015258789,868000,0.0,0.0
2024-02-15 00:00:00-05:00,31.200000762939453,31.5,30.56999969482422,31.25,1389900,0.0,0.0
2024-02-16 00:00:00-05:00,30.739999771118164,31.709999084472656,30.709999084472656,30.950000762939453,687500,0.0,0.0
2024-02-20 00:00:00-05:00,30.420000076293945,31.094999313354492,30.360000610351562,30.739999771118164,875100,0.0,0.0
2024-02-21 00:00:00-05:00,30.5,30.809999465942383,29.459999084472656,29.940000534057617,1356500,0.0,0.0
2024-02-22 00:00:00-05:00,29.889999389648438,30.280000686645508,29.5,29.770000457763672,1524800,0.0,0.0
2024-02-23 00:00:00-05:00,32.75,34.06999969482422,31.299999237060547,34.06999969482422,3795200,0.0,0.0
2024-02-26 00:00:00-05:00,33.77000045776367,34.540000915527344,33.209999084472656,33.529998779296875,1836000,0.0,0.0
2024-02-27 00:00:00-05:00,34.0,34.28499984741211,33.61000061035156,34.15999984741211,1238100,0.0,0.0
2024-02-28 00:00:00-05:00,33.81999969482422,34.34000015258789,33.650001525878906,33.79999923706055,710400,0.0,0.0
2024-02-29 00:00:00-05:00,34.540000915527344,34.849998474121094,33.68000030517578,33.90999984741211,1315800,0.0,0.0
2024-03-01 00:00:00-05:00,34.66999816894531,34.68000030517578,33.869998931884766,34.40999984741211,1454500,0.0,0.0
2024-03-04 00:00:00-05:00,34.41999816894531,35.0,34.0,34.720001220703125,1635300,0.0,0.0
2024-03-05 00:00:00-05:00,34.209999084472656,34.27000045776367,33.650001525878906,34.040000915527344,780800,0.0,0.0
2024-03-06 00:00:00-05:00,34.2400016784668,34.448001861572266,33.58000183105469,33.68000030517578,849000,0.0,0.0
2024-03-07 00:00:00-05:00,33.84000015258789,34.13999938964844,33.63999938964844,34.0099983215332,566000,0.0,0.0
2024-03-08 00:00:00-05:00,34.369998931884766,34.84000015258789,34.099998474121094,34.31999969482422,695400,0.0,0.0
2024-03-11 00:00:00-04:00,34.189998626708984,34.5099983215332,33.689998626708984,33.869998931884766,654400,0.0,0.0
2024-03-12 00:00:00-04:00,33.869998931884766,33.97999954223633,33.470001220703125,33.650001525878906,656800,0.0,0.0
2024-03-13 00:00:00-04:00,33.720001220703125,34.06999969482422,33.6349983215332,33.75,664500,0.0,0.0
2024-03-14 00:00:00-04:00,33.66999816894531,33.79999923706055,33.209999084472656,33.4900016784668,544600,0.0,0.0
2024-03-15 00:00:00-04:00,33.16999816894531,33.459999084472656,32.36000061035156,32.650001525878906,1254000,0.0,0.0
2024-03-18 00:00:00-04:00,32.65999984741211,32.665000915527344,32.09000015258789,32.16999816894531,685900,0.0,0.0
2024-03-19 00:00:00-04:00,32.13999938964844,32.54999923706055,32.040000915527344,32.25,835700,0.0,0.0
2024-03-20 00:00:00-04:00,32.25,33.31999969482422,32.19499969482422,32.93000030517578,577000,0.0,0.0
2024-03-21 00:00:00-04:00,33.040000915527344,33.22999954223633,32.41999816894531,32.599998474121094,701600,0.0,0.0
2024-03-22 00:00:00-04:00,32.68000030517578,32.880001068115234,32.380001068115234,32.41999816894531,545700,0.0,0.0
2024-03-25 00:00:00-04:00,32.630001068115234,32.779998779296875,32.29999923706055,32.400001525878906,396200,0.0,0.0
2024-03-26 00:00:00-04:00,32.7599983215332,32.7599983215332,31.809999465942383,32.130001068115234,680700,0.0,0.0
2024-03-27 00:00:00-04:00,32.45000076293945,32.849998474121094,32.375,32.72999954223633,590300,0.0,0.0
2024-03-28 00:00:00-04:00,32.47999954223633,33.310001373291016,32.400001525878906,32.790000915527344,830000,0.0,0.0
2024-04-01 00:00:00-04:00,32.81999969482422,32.81999969482422,31.559999465942383,31.93000030517578,709300,0.0,0.0
2024-04-02 00:00:00-04:00,31.520000457763672,31.7450008392334,29.940000534057617,30.329999923706055,1637300,0.0,0.0
2024-04-03 00:00:00-04:00,30.209999084472656,30.600000381469727,29.84000015258789,30.1299991607666,918100,0.0,0.0
2024-04-04 00:00:00-04:00,30.479999542236328,30.6299991607666,29.690000534057617,29.809999465942383,582400,0.0,0.0
2024-04-05 00:00:00-04:00,29.68000030517578,30.469999313354492,29.610000610351562,30.360000610351562,820000,0.0,0.0
2024-04-08 00:00:00-04:00,30.530000686645508,30.760000228881836,30.239999771118164,30.5,728100,0.0,0.0
2024-04-09 00:00:00-04:00,30.75,31.969999313354492,30.71299934387207,31.200000762939453,970400,0.0,0.0
2024-04-10 00:00:00-04:00,30.309999465942383,30.860000610351562,29.8700008392334,30.43000030517578,702100,0.0,0.0
2024-04-11 00:00:00-04:00,30.469999313354492,30.638999938964844,29.979999542236328,30.530000686645508,507200,0.0,0.0
2024-04-12 00:00:00-04:00,30.43000030517578,30.510000228881836,29.979999542236328,30.1299991607666,406000,0.0,0.0
2024-04-15 00:00:00-04:00,30.0,30.31999969482422,29.639999389648438,30.299999237060547,768200,0.0,0.0
2024-04-16 00:00:00-04:00,30.049999237060547,30.270000457763672,29.40999984741211,30.15999984741211,881800,0.0,0.0
2024-04-17 00:00:00-04:00,30.190000534057617,30.299999237060547,29.350000381469727,29.639999389648438,710300,0.0,0.0
2024-04-18 00:00:00-04:00,29.59000015258789,30.5049991607666,29.389999389648438,29.6200008392334,827200,0.0,0.0
2024-04-19 00:00:00-04:00,29.559999465942383,29.729999542236328,29.059999465942383,29.510000228881836,734800,0.0,0.0
2024-04-22 00:00:00-04:00,29.90999984741211,30.110000610351562,29.190000534057617,29.860000610351562,646300,0.0,0.0
2024-04-23 00:00:00-04:00,30.020000457763672,30.65999984741211,29.90999984741211,30.1299991607666,852700,0.0,0.0
2024-04-24 00:00:00-04:00,30.059999465942383,30.28499984741211,28.959999084472656,29.260000228881836,1024400,0.0,0.0
2024-04-25 00:00:00-04:00,28.969999313354492,28.969999313354492,28.1200008392334,28.31999969482422,855500,0.0,0.0
2024-04-26 00:00:00-04:00,28.360000610351562,28.709999084472656,27.639999389648438,27.649999618530273,1055500,0.0,0.0
2024-04-29 00:00:00-04:00,28.010000228881836,28.209999084472656,27.73200035095215,27.809999465942383,640300,0.0,0.0
2024-04-30 00:00:00-04:00,27.639999389648438,28.09000015258789,27.344999313354492,27.739999771118164,703500,0.0,0.0
2024-05-01 00:00:00-04:00,27.829999923706055,28.1299991607666,27.270000457763672,27.270000457763672,896800,0.0,0.0
2024-05-02 00:00:00-04:00,27.639999389648438,27.639999389648438,27.15999984741211,27.40999984741211,741300,0.0,0.0
2024-05-03 00:00:00-04:00,28.0,28.209999084472656,26.93000030517578,27.100000381469727,820500,0.0,0.0
2024-05-06 00:00:00-04:00,27.280000686645508,27.420000076293945,26.985000610351562,27.239999771118164,1120500,0.0,0.0
2024-05-07 00:00:00-04:00,27.329999923706055,27.71500015258789,26.860000610351562,27.610000610351562,1398900,0.0,0.0
2024-05-08 00:00:00-04:00,27.440000534057617,27.639999389648438,27.040000915527344,27.270000457763672,935600,0.0,0.0
2024-05-09 00:00:00-04:00,27.40999984741211,27.40999984741211,26.84000015258789,26.959999084472656,1637300,0.0,0.0
2024-05-10 00:00:00-04:00,26.239999771118164,26.670000076293945,23.8700008392334,24.459999084472656,5291000,0.0,0.0
2024-05-13 00:00:00-04:00,24.860000610351562,25.600000381469727,23.729999542236328,23.75,2557600,0.0,0.0
2024-05-14 00:00:00-04:00,24.25,24.579999923706055,23.809999465942383,23.850000381469727,1624000,0.0,0.0
2024-05-15 00:00:00-04:00,24.18000030517578,24.229999542236328,23.360000610351562,23.549999237060547,1326800,0.0,0.0
2024-05-16 00:00:00-04:00,23.520000457763672,23.68000030517578,23.0,23.309999465942383,1234100,0.0,0.0
2024-05-17 00:00:00-04:00,23.459999084472656,23.459999084472656,22.90999984741211,23.06999969482422,2218500,0.0,0.0
2024-05-20 00:00:00-04:00,22.899999618530273,23.200000762939453,22.579999923706055,22.899999618530273,1163200,0.0,0.0
2024-05-21 00:00:00-04:00,22.75,23.09000015258789,22.649999618530273,22.979999542236328,1287200,0.0,0.0
2024-05-22 00:00:00-04:00,22.889999389648438,23.59000015258789,22.850000381469727,23.270000457763672,1320600,0.0,0.0
2024-05-23 00:00:00-04:00,23.219999313354492,23.31999969482422,22.6299991607666,22.889999389648438,1476200,0.0,0.0
2024-05-24 00:00:00-04:00,22.989999771118164,23.579999923706055,22.760000228881836,23.280000686645508,1568600,0.0,0.0
2024-05-28 00:00:00-04:00,23.389999389648438,23.610000610351562,22.964000701904297,23.09000015258789,1149100,0.0,0.0
2024-05-29 00:00:00-04:00,22.780000686645508,22.8700008392334,21.229999542236328,21.469999313354492,2289700,0.0,0.0
2024-05-30 00:00:00-04:00,20.969999313354492,21.75,20.829999923706055,21.530000686645508,2671800,0.0,0.0
2024-05-31 00:00:00-04:00,21.59000015258789,21.59000015258789,20.540000915527344,21.190000534057617,1715900,0.0,0.0
2024-06-03 00:00:00-04:00,21.350000381469727,21.670000076293945,20.780000686645508,21.040000915527344,1195100,0.0,0.0
2024-06-04 00:00:00-04:00,21.040000915527344,22.3700008392334,21.0,22.040000915527344,1954200,0.0,0.0
2024-06-05 00:00:00-04:00,22.219999313354492,23.264999389648438,22.219999313354492,23.0,2204500,0.0,0.0
2024-06-06 00:00:00-04:00,22.850000381469727,23.360000610351562,22.649999618530273,23.350000381469727,1078600,0.0,0.0
2024-06-07 00:00:00-04:00,23.059999465942383,24.139999389648438,22.989999771118164,23.479999542236328,2147000,0.0,0.0
2024-06-10 00:00:00-04:00,23.270000457763672,24.040000915527344,23.219999313354492,23.719999313354492,1285200,0.0,0.0
2024-06-11 00:00:00-04:00,23.6200008392334,23.6200008392334,22.719999313354492,23.020000457763672,1689800,0.0,0.0
2024-06-12 00:00:00-04:00,23.649999618530273,24.25,23.0049991607666,23.190000534057617,1493400,0.0,0.0
2024-06-13 00:00:00-04:00,23.239999771118164,23.389999389648438,22.239999771118164,22.40999984741211,1613300,0.0,0.0
2024-06-14 00:00:00-04:00,22.15999984741211,22.200000762939453,21.559999465942383,21.670000076293945,1298700,0.0,0.0
2024-06-17 00:00:00-04:00,21.479999542236328,21.799999237060547,21.3799991607666,21.670000076293945,849200,0.0,0.0
2024-06-18 00:00:00-04:00,21.56999969482422,22.399999618530273,21.299999237060547,22.06999969482422,1129400,0.0,0.0
2024-06-20 00:00:00-04:00,22.0,22.420000076293945,21.90999984741211,22.030000686645508,713000,0.0,0.0
2024-06-21 00:00:00-04:00,22.030000686645508,22.649999618530273,21.969999313354492,22.5,1640700,0.0,0.0
2024-06-24 00:00:00-04:00,22.459999084472656,22.540000915527344,21.9950008392334,22.040000915527344,1152700,0.0,0.0
2024-06-25 00:00:00-04:00,21.989999771118164,22.1299991607666,20.780000686645508,20.850000381469727,2079700,0.0,0.0
2024-06-26 00:00:00-04:00,20.770000457763672,20.854999542236328,20.260000228881836,20.790000915527344,1892900,0.0,0.0
2024-06-27 00:00:00-04:00,20.700000762939453,20.940000534057617,19.739999771118164,20.059999465942383,2309500,0.0,0.0
2024-06-28 00:00:00-04:00,20.25,20.25,18.860000610351562,19.1200008392334,5106300,0.0,0.0
2024-07-01 00:00:00-04:00,19.270000457763672,19.489999771118164,17.979999542236328,18.40999984741211,2353800,0.0,0.0
2024-07-02 00:00:00-04:00,18.459999084472656,19.520000457763672,18.309999465942383,19.25,3290200,0.0,0.0
2024-07-03 00:00:00-04:00,19.290000915527344,19.81999969482422,19.06999969482422,19.739999771118164,1283500,0.0,0.0
2024-07-05 00:00:00-04:00,19.649999618530273,20.09000015258789,19.520000457763672,20.0,1749400,0.0,0.0
2024-07-08 00:00:00-04:00,20.09000015258789,20.18000030517578,19.25,19.579999923706055,6216500,0.0,0.0
2024-07-09 00:00:00-04:00,19.549999237060547,19.770000457763672,18.940000534057617,19.110000610351562,1290600,0.0,0.0
2024-07-10 00:00:00-04:00,19.100000381469727,19.174999237060547,18.40999984741211,19.110000610351562,1823300,0.0,0.0
2024-07-11 00:00:00-04:00,19.549999237060547,20.200000762939453,19.329999923706055,19.6200008392334,3964000,0.0,0.0
2024-07-12 00:00:00-04:00,19.829999923706055,20.125,19.530000686645508,19.690000534057617,1771700,0.0,0.0
2024-07-15 00:00:00-04:00,19.709999084472656,19.860000610351562,19.170000076293945,19.260000228881836,1337800,0.0,0.0
2024-07-16 00:00:00-04:00,19.43000030517578,21.889999389648438,19.25,21.719999313354492,4443200,0.0,0.0
2024-07-17 00:00:00-04:00,21.520000457763672,21.8700008392334,20.709999084472656,20.850000381469727,2477600,0.0,0.0
2024-07-18 00:00:00-04:00,20.770000457763672,21.0,19.969999313354492,20.1299991607666,1639800,0.0,0.0
2024-07-19 00:00:00-04:00,20.149999618530273,20.329999923706055,19.43000030517578,19.690000534057617,1109300,0.0,0.0
2024-07-22 00:00:00-04:00,19.829999923706055,19.829999923706055,19.170000076293945,19.739999771118164,2702400,0.0,0.0
2024-07-23 00:00:00-04:00,19.799999237060547,20.850000381469727,19.579999923706055,20.81999969482422,2328200,0.0,0.0
2024-07-24 00:00:00-04:00,20.889999389648438,21.459999084472656,20.68000030517578,21.270000457763672,2471700,0.0,0.0
2024-07-25 00:00:00-04:00,21.270000457763672,23.235000610351562,21.135000228881836,22.190000534057617,3740700,0.0,0.0
2024-07-26 00:00:00-04:00,22.600000381469727,23.780000686645508,22.399999618530273,23.65999984741211,2622000,0.0,0.0
2024-07-29 00:00:00-04:00,23.65999984741211,24.121999740600586,23.299999237060547,23.31999969482422,1917200,0.0,0.0
2024-07-30 00:00:00-04:00,23.389999389648438,24.5,23.2450008392334,23.709999084472656,1978100,0.0,0.0
2024-07-31 00:00:00-04:00,23.610000610351562,24.0,23.09000015258789,23.31999969482422,1835900,0.0,0.0
2024-08-01 00:00:00-04:00,23.1299991607666,23.510000228881836,21.969999313354492,22.440000534057617,2569400,0.0,0.0
2024-08-02 00:00:00-04:00,21.610000610351562,22.700000762939453,21.3700008392334,22.579999923706055,1614700,0.0,0.0
2024-08-05 00:00:00-04:00,21.459999084472656,21.84000015258789,20.920000076293945,21.030000686645508,1628900,0.0,0.0
2024-08-06 00:00:00-04:00,21.06999969482422,21.959999084472656,20.56999969482422,21.780000686645508,1865200,0.0,0.0
2024-08-07 00:00:00-04:00,22.010000228881836,22.010000228881836,20.270000457763672,20.43000030517578,1814100,0.0,0.0
2024-08-08 00:00:00-04:00,20.3799991607666,21.165000915527344,20.145000457763672,20.8700008392334,1837100,0.0,0.0
2024-08-09 00:00:00-04:00,27.610000610351562,29.299999237060547,25.459999084472656,26.399999618530273,9228600,0.0,0.0
2024-08-12 00:00:00-04:00,26.100000381469727,26.399999618530273,24.989999771118164,25.290000915527344,4254000,0.0,0.0
2024-08-13 00:00:00-04:00,25.729999542236328,26.940000534057617,25.440000534057617,26.25,3476400,0.0,0.0
2024-08-14 00:00:00-04:00,26.31999969482422,27.020000457763672,25.989999771118164,26.639999389648438,3508800,0.0,0.0
2024-08-15 00:00:00-04:00,27.290000915527344,27.969999313354492,26.920000076293945,27.190000534057617,2853100,0.0,0.0
2024-08-16 00:00:00-04:00,27.06999969482422,27.84000015258789,27.010000228881836,27.3799991607666,2986100,0.0,0.0
2024-08-19 00:00:00-04:00,27.479999542236328,28.200000762939453,27.309999465942383,27.709999084472656,1311900,0.0,0.0
2024-08-20 00:00:00-04:00,27.799999237060547,28.8700008392334,27.559999465942383,27.950000762939453,1704600,0.0,0.0
2024-08-21 00:00:00-04:00,28.049999237060547,28.309999465942383,27.600000381469727,28.110000610351562,1185600,0.0,0.0
2024-08-22 00:00:00-04:00,28.25,33.47999954223633,27.889999389648438,32.09000015258789,14615700,0.0,0.0
2024-08-23 00:00:00-04:00,32.119998931884766,33.224998474121094,31.989999771118164,32.970001220703125,6676500,0.0,0.0
2024-08-26 00:00:00-04:00,33.13999938964844,33.630001068115234,31.309999465942383,31.6200008392334,3049600,0.0,0.0
2024-08-27 00:00:00-04:00,31.770000457763672,32.02000045776367,31.200000762939453,31.739999771118164,1632500,0.0,0.0
2024-08-28 00:00:00-04:00,31.6200008392334,31.899999618530273,30.850000381469727,30.850000381469727,1501800,0.0,0.0
2024-08-29 00:00:00-04:00,31.190000534057617,31.875,30.8700008392334,31.860000610351562,1421100,0.0,0.0
2024-08-30 00:00:00-04:00,31.989999771118164,32.349998474121094,31.459999084472656,31.979999542236328,1158600,0.0,0.0
2024-09-03 00:00:00-04:00,31.549999237060547,31.8799991607666,30.940000534057617,31.020000457763672,1334300,0.0,0.0
2024-09-04 00:00:00-04:00,31.049999237060547,31.290000915527344,29.600000381469727,30.020000457763672,1245500,0.0,0.0
2024-09-05 00:00:00-04:00,30.200000762939453,30.40999984741211,29.90999984741211,30.350000381469727,706500,0.0,0.0
2024-09-06 00:00:00-04:00,30.520000457763672,31.100000381469727,30.049999237060547,30.510000228881836,1459400,0.0,0.0
2024-09-09 00:00:00-04:00,30.68000030517578,30.940000534057617,29.959999084472656,30.260000228881836,1266300,0.0,0.0
2024-09-10 00:00:00-04:00,30.329999923706055,30.454999923706055,29.81999969482422,30.299999237060547,742400,0.0,0.0
2024-09-11 00:00:00-04:00,30.030000686645508,30.329999923706055,29.59000015258789,30.149999618530273,1033000,0.0,0.0
2024-09-12 00:00:00-04:00,30.170000076293945,30.510000228881836,29.52400016784668,30.149999618530273,935500,0.0,0.0
2024-09-13 00:00:00-04:00,30.6200008392334,30.84000015258789,29.825000762939453,30.110000610351562,1299500,0.0,0.0
2024-09-16 00:00:00-04:00,30.299999237060547,30.510000228881836,29.93000030517578,30.389999389648438,2081100,0.0,0.0
2024-09-17 00:00:00-04:00,30.709999084472656,31.799999237060547,30.1299991607666,30.540000915527344,1745500,0.0,0.0
2024-09-18 00:00:00-04:00,30.489999771118164,31.385000228881836,30.329999923706055,30.84000015258789,1209300,0.0,0.0
2024-09-19 00:00:00-04:00,31.489999771118164,31.670000076293945,30.6200008392334,30.809999465942383,1575000,0.0,0.0
2024-09-20 00:00:00-04:00,31.3700008392334,31.3700008392334,30.1200008392334,31.040000915527344,2767900,0.0,0.0
2024-09-23 00:00:00-04:00,31.06999969482422,31.31999969482422,29.760000228881836,29.979999542236328,1441800,0.0,0.0
2024-09-24 00:00:00-04:00,29.950000762939453,30.329999923706055,29.55500030517578,29.559999465942383,1633000,0.0,0.0
2024-09-25 00:00:00-04:00,29.68000030517578,29.719999313354492,27.479999542236328,27.700000762939453,3058800,0.0,0.0
2024-09-26 00:00:00-04:00,28.200000762939453,28.989999771118164,27.809999465942383,28.940000534057617,1880900,0.0,0.0
2024-09-27 00:00:00-04:00,29.219999313354492,29.584999084472656,28.850000381469727,29.299999237060547,2120200,0.0,0.0
2024-09-30 00:00:00-04:00,29.209999084472656,29.25,28.170000076293945,28.280000686645508,1960600,0.0,0.0
2024-10-01 00:00:00-04:00,28.200000762939453,28.350000381469727,27.040000915527344,27.049999237060547,1067200,0.0,0.0
2024-10-02 00:00:00-04:00,26.81999969482422,26.889999389648438,25.760000228881836,26.579999923706055,2483300,0.0,0.0
2024-10-03 00:00:00-04:00,26.43000030517578,26.739999771118164,26.0,26.149999618530273,1999700,0.0,0.0
2024-10-04 00:00:00-04:00,26.25,27.280000686645508,26.0,26.34000015258789,1530800,0.0,0.0
2024-10-07 00:00:00-04:00,26.170000076293945,26.3799991607666,25.6299991607666,25.8799991607666,1284300,0.0,0.0
2024-10-08 00:00:00-04:00,26.079999923706055,26.200000762939453,25.420000076293945,25.6299991607666,1310700,0.0,0.0
2024-10-09 00:00:00-04:00,25.559999465942383,26.889999389648438,25.559999465942383,26.270000457763672,1237600,0.0,0.0
2024-10-10 00:00:00-04:00,26.030000686645508,27.010000228881836,26.030000686645508,26.799999237060547,1065300,0.0,0.0
2024-10-11 00:00:00-04:00,27.010000228881836,27.420000076293945,26.81999969482422,27.059999465942383,833100,0.0,0.0
2024-10-14 00:00:00-04:00,27.270000457763672,27.389999389648438,26.719999313354492,27.1299991607666,460100,0.0,0.0
2024-10-15 00:00:00-04:00,27.06999969482422,27.084999084472656,25.899999618530273,26.389999389648438,1864500,0.0,0.0
2024-10-16 00:00:00-04:00,26.559999465942383,26.899999618530273,26.149999618530273,26.530000686645508,946400,0.0,0.0
2024-10-17 00:00:00-04:00,26.43000030517578,26.43000030517578,24.399999618530273,24.959999084472656,3150800,0.0,0.0
2024-10-18 00:00:00-04:00,24.959999084472656,25.25,23.809999465942383,23.940000534057617,2357800,0.0,0.0
2024-10-21 00:00:00-04:00,23.799999237060547,23.809999465942383,22.8799991607666,23.190000534057617,2154100,0.0,0.0
2024-10-22 00:00:00-04:00,23.299999237060547,23.540000915527344,22.6299991607666,22.959999084472656,1601500,0.0,0.0
2024-10-23 00:00:00-04:00,22.829999923706055,23.079999923706055,22.1299991607666,22.399999618530273,1561800,0.0,0.0
2024-10-24 00:00:00-04:00,23.010000228881836,23.915000915527344,22.739999771118164,22.770000457763672,2244700,0.0,0.0
2024-10-25 00:00:00-04:00,23.059999465942383,24.774999618530273,22.959999084472656,24.020000457763672,2455300,0.0,0.0
2024-10-28 00:00:00-04:00,24.170000076293945,24.239999771118164,23.59000015258789,23.610000610351562,1450100,0.0,0.0
2024-10-29 00:00:00-04:00,23.469999313354492,23.549999237060547,22.94499969482422,23.270000457763672,832300,0.0,0.0
2024-10-30 00:00:00-04:00,22.899999618530273,24.399999618530273,22.899999618530273,24.139999389648438,1730900,0.0,0.0
2024-10-31 00:00:00-04:00,24.1200008392334,24.56999969482422,23.049999237060547,23.350000381469727,1325000,0.0,0.0
2024-11-01 00:00:00-04:00,23.549999237060547,23.780000686645508,23.200000762939453,23.459999084472656,1009600,0.0,0.0
2024-11-04 00:00:00-05:00,23.440000534057617,24.21500015258789,23.34000015258789,23.360000610351562,1205800,0.0,0.0
2024-11-05 00:00:00-05:00,23.1299991607666,23.809999465942383,23.1299991607666,23.56999969482422,1032600,0.0,0.0
2024-11-06 00:00:00-05:00,24.799999237060547,25.219999313354492,23.889999389648438,24.770000457763672,2035700,0.0,0.0
2024-11-07 00:00:00-05:00,24.75,25.05500030517578,24.260000228881836,24.56999969482422,2632100,0.0,0.0
2024-11-08 00:00:00-05:00,14.399999618530273,15.510000228881836,13.3100004196167,13.359999656677246,20358900,0.0,0.0
2024-11-11 00:00:00-05:00,13.710000038146973,15.244000434875488,13.460000038146973,15.130000114440918,8474000,0.0,0.0
2024-11-12 00:00:00-05:00,15.100000381469727,15.5600004196167,14.180000305175781,14.4399995803833,3745300,0.0,0.0
2024-11-13 00:00:00-05:00,14.529999732971191,14.529999732971191,12.369999885559082,12.75,4747700,0.0,0.0
2024-11-14 00:00:00-05:00,12.720000267028809,12.890000343322754,12.3100004196167,12.670000076293945,3091700,0.0,0.0
2024-11-15 00:00:00-05:00,12.8100004196167,12.8100004196167,12.180000305175781,12.380000114440918,3124700,0.0,0.0
2024-11-18 00:00:00-05:00,12.260000228881836,12.619999885559082,12.229999542236328,12.350000381469727,1878500,0.0,0.0
2024-11-19 00:00:00-05:00,12.15999984741211,12.369999885559082,11.90999984741211,11.949999809265137,3396000,0.0,0.0
2024-11-20 00:00:00-05:00,11.869999885559082,11.880000114440918,11.199999809265137,11.3100004196167,2497200,0.0,0.0
2024-11-21 00:00:00-05:00,11.229999542236328,11.6899995803833,11.170000076293945,11.59000015258789,2987200,0.0,0.0
2024-11-22 00:00:00-05:00,11.609999656677246,11.800000190734863,11.180000305175781,11.25,1967700,0.0,0.0
2024-11-25 00:00:00-05:00,11.449999809265137,12.395000457763672,11.420000076293945,12.210000038146973,3031300,0.0,0.0
2024-11-26 00:00:00-05:00,12.079999923706055,13.4399995803833,12.050000190734863,13.260000228881836,3568600,0.0,0.0
2024-11-27 00:00:00-05:00,13.140000343322754,13.614999771118164,12.829999923706055,12.930000305175781,2297400,0.0,0.0
2024-11-29 00:00:00-05:00,13.010000228881836,13.210000038146973,12.84000015258789,12.920000076293945,1102700,0.0,0.0
2024-12-02 00:00:00-05:00,12.949999809265137,12.979999542236328,12.619999885559082,12.710000038146973,2012900,0.0,0.0
2024-12-03 00:00:00-05:00,12.680000305175781,12.800000190734863,11.6899995803833,11.710000038146973,2474300,0.0,0.0
2024-12-04 00:00:00-05:00,11.529999732971191,11.729999542236328,11.380000114440918,11.510000228881836,6137500,0.0,0.0
2024-12-05 00:00:00-05:00,11.510000228881836,11.640000343322754,11.100000381469727,11.25,2345200,0.0,0.0
2024-12-06 00:00:00-05:00,11.390000343322754,11.489999771118164,10.819999694824219,11.149999618530273,2375500,0.0,0.0
2024-12-09 00:00:00-05:00,11.25,11.399999618530273,11.0,11.069999694824219,1606100,0.0,0.0
2024-12-10 00:00:00-05:00,11.0600004196167,11.539999961853027,10.899999618530273,11.430000305175781,4011700,0.0,0.0
2024-12-11 00:00:00-05:00,11.4399995803833,12.005000114440918,11.300000190734863,11.949999809265137,2956300,0.0,0.0
2024-12-12 00:00:00-05:00,11.850000381469727,11.880000114440918,11.300000190734863,11.399999618530273,2548500,0.0,0.0
2024-12-13 00:00:00-05:00,11.4399995803833,11.880000114440918,11.119999885559082,11.380000114440918,2314800,0.0,0.0
2024-12-16 00:00:00-05:00,11.279999732971191,11.524999618530273,11.039999961853027,11.100000381469727,2147700,0.0,0.0
2024-12-17 00:00:00-05:00,11.0,11.157999992370605,10.699999809265137,10.869999885559082,2324500,0.0,0.0
2024-12-18 00:00:00-05:00,10.970000267028809,11.199999809265137,10.529999732971191,10.710000038146973,3685700,0.0,0.0
2024-12-19 00:00:00-05:00,10.649999618530273,11.468000411987305,10.619999885559082,11.180000305175781,3385800,0.0,0.0
2024-12-20 00:00:00-05:00,11.0600004196167,11.520000457763672,10.960000038146973,11.40999984741211,3135000,0.0,0.0
2024-12-23 00:00:00-05:00,11.300000190734863,11.520000457763672,11.069999694824219,11.319999694824219,1582500,0.0,0.0
2024-12-24 00:00:00-05:00,11.199999809265137,11.319999694824219,11.03499984741211,11.270000457763672,664200,0.0,0.0
2024-12-26 00:00:00-05:00,11.130000114440918,11.430000305175781,11.020000457763672,11.34000015258789,910200,0.0,0.0
2024-12-27 00:00:00-05:00,11.270000457763672,11.4399995803833,10.954999923706055,11.130000114440918,977400,0.0,0.0
2024-12-30 00:00:00-05:00,11.050000190734863,11.09000015258789,10.789999961853027,10.979999542236328,1259500,0.0,0.0
2024-12-31 00:00:00-05:00,11.140000343322754,11.329999923706055,10.9399995803833,11.25,1603900,0.0,0.0
2025-01-02 00:00:00-05:00,11.5600004196167,11.75,11.460000038146973,11.489999771118164,1013000,0.0,0.0
2025-01-03 00:00:00-05:00,11.489999771118164,11.890000343322754,11.25,11.880000114440918,1348300,0.0,0.0
2025-01-06 00:00:00-05:00,12.0,12.265000343322754,11.930000305175781,12.0,1063300,0.0,0.0
2025-01-07 00:00:00-05:00,12.0600004196167,12.380000114440918,11.819999694824219,11.960000038146973,1732700,0.0,0.0
2025-01-08 00:00:00-05:00,11.890000343322754,12.609999656677246,11.5600004196167,12.600000381469727,2186700,0.0,0.0
2025-01-10 00:00:00-05:00,12.40999984741211,12.979000091552734,12.079999923706055,12.539999961853027,2124400,0.0,0.0
2025-01-13 00:00:00-05:00,12.399999618530273,12.609999656677246,12.0600004196167,12.390000343322754,1454600,0.0,0.0
2025-01-14 00:00:00-05:00,12.699999809265137,12.779999732971191,11.130000114440918,11.180000305175781,3825500,0.0,0.0
2025-01-15 00:00:00-05:00,11.399999618530273,11.5,9.930000305175781,9.970000267028809,6958900,0.0,0.0
2025-01-16 00:00:00-05:00,9.960000038146973,10.529999732971191,9.880000114440918,10.15999984741211,3993700,0.0,0.0
2025-01-17 00:00:00-05:00,10.300000190734863,10.470000267028809,9.960000038146973,10.0,2709300,0.0,0.0
2025-01-21 00:00:00-05:00,10.039999961853027,10.270000457763672,9.90999984741211,10.170000076293945,3163600,0.0,0.0
2025-01-22 00:00:00-05:00,10.100000381469727,10.140000343322754,9.739999771118164,10.0,2727100,0.0,0.0
2025-01-23 00:00:00-05:00,10.039999961853027,10.1899995803833,9.864999771118164,10.180000305175781,1700900,0.0,0.0
2025-01-24 00:00:00-05:00,9.970000267028809,10.430000305175781,9.9399995803833,10.100000381469727,1595600,0.0,0.0
2025-01-27 00:00:00-05:00,10.279999732971191,10.4399995803833,9.800000190734863,9.979999542236328,1608400,0.0,0.0
2025-01-28 00:00:00-05:00,10.039999961853027,10.6899995803833,9.819999694824219,10.420000076293945,1873000,0.0,0.0
2025-01-29 00:00:00-05:00,10.34000015258789,10.579999923706055,10.100000381469727,10.40999984741211,1747200,0.0,0.0
2025-01-30 00:00:00-05:00,10.449999809265137,10.65999984741211,10.354999542236328,10.579999923706055,1127900,0.0,0.0
2025-01-31 00:00:00-05:00,10.569999694824219,10.649999618530273,10.40999984741211,10.449999809265137,1782900,0.0,0.0
2025-02-03 00:00:00-05:00,10.010000228881836,10.399999618530273,9.75,10.210000038146973,1480500,0.0,0.0
2025-02-04 00:00:00-05:00,10.079999923706055,10.440999984741211,10.079999923706055,10.25,912000,0.0,0.0
2025-02-05 00:00:00-05:00,10.260000228881836,10.539999961853027,10.15999984741211,10.369999885559082,2054200,0.0,0.0
2025-02-06 00:00:00-05:00,10.369999885559082,10.5,9.739999771118164,9.789999961853027,2046100,0.0,0.0
2025-02-07 00:00:00-05:00,9.859999656677246,9.916999816894531,9.5600004196167,9.850000381469727,2613300,0.0,0.0
2025-02-10 00:00:00-05:00,9.899999618530273,10.039999961853027,9.6899995803833,9.9399995803833,1702700,0.0,0.0
2025-02-11 00:00:00-05:00,9.710000038146973,9.958000183105469,9.550000190734863,9.859999656677246,1535100,0.0,0.0
2025-02-12 00:00:00-05:00,9.65999984741211,9.899999618530273,9.449999809265137,9.600000381469727,1539800,0.0,0.0
2025-02-13 00:00:00-05:00,9.640000343322754,9.989999771118164,9.489999771118164,9.970000267028809,1328400,0.0,0.0
2025-02-14 00:00:00-05:00,10.020000457763672,10.3100004196167,9.890999794006348,10.020000457763672,1765800,0.0,0.0
2025-02-18 00:00:00-05:00,10.0600004196167,10.329999923706055,9.979999542236328,10.119999885559082,3065000,0.0,0.0
2025-02-19 00:00:00-05:00,10.0,10.640000343322754,9.75,10.520000457763672,2546400,0.0,0.0
2025-02-20 00:00:00-05:00,10.520000457763672,10.800000190734863,10.425000190734863,10.710000038146973,2630100,0.0,0.0
2025-02-21 00:00:00-05:00,10.6899995803833,11.029999732971191,10.34000015258789,10.430000305175781,5302600,0.0,0.0
2025-02-24 00:00:00-05:00,10.4399995803833,10.729999542236328,10.180000305175781,10.180000305175781,2520100,0.0,0.0
2025-02-25 00:00:00-05:00,10.239999771118164,10.600000381469727,10.0600004196167,10.470000267028809,2720000,0.0,0.0
2025-02-26 00:00:00-05:00,10.430000305175781,10.449999809265137,9.395000457763672,9.449999809265137,2927100,0.0,0.0
2025-02-27 00:00:00-05:00,9.319999694824219,9.430000305175781,8.399999618530273,8.680000305175781,7471400,0.0,0.0
2025-02-28 00:00:00-05:00,8.579999923706055,9.020000457763672,8.5,8.989999771118164,4837000,0.0,0.0
2025-03-03 00:00:00-05:00,9.0600004196167,9.149999618530273,8.725000381469727,8.770000457763672,4730600,0.0,0.0
2025-03-04 00:00:00-05:00,8.600000381469727,8.84000015258789,8.470999717712402,8.550000190734863,2275900,0.0,0.0
2025-03-05 00:00:00-05:00,8.600000381469727,8.880000114440918,8.350000381469727,8.739999771118164,3355800,0.0,0.0
2025-03-06 00:00:00-05:00,8.8100004196167,9.390000343322754,8.65999984741211,9.3100004196167,3133100,0.0,0.0
2025-03-07 00:00:00-05:00,9.324999809265137,9.489999771118164,8.829999923706055,8.989999771118164,2533300,0.0,0.0
2025-03-10 00:00:00-04:00,9.489999771118164,9.75,8.864999771118164,9.100000381469727,4277800,0.0,0.0
2025-03-11 00:00:00-04:00,9.229999542236328,9.569999694824219,8.975000381469727,9.390000343322754,2725300,0.0,0.0
2025-03-12 00:00:00-04:00,9.390000343322754,9.75,9.220000267028809,9.479999542236328,2897100,0.0,0.0
2025-03-13 00:00:00-04:00,9.4399995803833,9.739999771118164,9.199999809265137,9.539999961853027,2112900,0.0,0.0
2025-03-14 00:00:00-04:00,9.649999618530273,9.800000190734863,9.399999618530273,9.40999984741211,5867400,0.0,0.0
2025-03-17 00:00:00-04:00,9.34000015258789,9.989999771118164,9.34000015258789,9.989999771118164,2035000,0.0,0.0
2025-03-18 00:00:00-04:00,9.949999809265137,10.229999542236328,9.859999656677246,10.140000343322754,1065900,0.0,0.0
2025-03-19 00:00:00-04:00,10.119999885559082,10.234999656677246,9.859999656677246,10.09000015258789,2132700,0.0,0.0
2025-03-20 00:00:00-04:00,9.979999542236328,10.119999885559082,9.694999694824219,9.960000038146973,1682200,0.0,0.0
2025-03-21 00:00:00-04:00,9.800000190734863,9.975000381469727,9.5600004196167,9.579999923706055,2102100,0.0,0.0
2025-03-24 00:00:00-04:00,9.630000114440918,9.779999732971191,9.569999694824219,9.680000305175781,1430200,0.0,0.0
2025-03-25 00:00:00-04:00,9.739999771118164,9.819999694824219,9.1899995803833,9.329999923706055,1810000,0.0,0.0
2025-03-26 00:00:00-04:00,9.279999732971191,9.635000228881836,9.279999732971191,9.449999809265137,2040800,0.0,0.0
2025-03-27 00:00:00-04:00,9.470000267028809,9.694999694824219,9.385000228881836,9.630000114440918,1499500,0.0,0.0
2025-03-28 00:00:00-04:00,9.5,9.678999900817871,9.380000114440918,9.600000381469727,1440100,0.0,0.0
2025-03-31 00:00:00-04:00,9.329999923706055,9.604999542236328,9.293999671936035,9.470000267028809,2087600,0.0,0.0
2025-04-01 00:00:00-04:00,9.449999809265137,9.850000381469727,9.329999923706055,9.680000305175781,1492700,0.0,0.0
2025-04-02 00:00:00-04:00,9.539999961853027,10.079999923706055,9.539999961853027,10.069999694824219,2009700,0.0,0.0
2025-04-03 00:00:00-04:00,9.739999771118164,10.204999923706055,9.569999694824219,10.079999923706055,3705500,0.0,0.0
2025-04-04 00:00:00-04:00,9.899999618530273,10.010000228881836,9.340999603271484,9.989999771118164,2974300,0.0,0.0
2025-04-07 00:00:00-04:00,9.569999694824219,10.029999732971191,9.260000228881836,9.399999618530273,2971400,0.0,0.0
2025-04-08 00:00:00-04:00,9.65999984741211,10.100000381469727,9.430000305175781,9.550000190734863,3382800,0.0,0.0
2025-04-09 00:00:00-04:00,9.380000114440918,10.220000267028809,9.3100004196167,10.0,3140800,0.0,0.0
2025-04-10 00:00:00-04:00,9.829999923706055,10.069999694824219,9.798999786376953,9.890000343322754,5373700,0.0,0.0
2025-04-11 00:00:00-04:00,9.9399995803833,10.104999542236328,9.670000076293945,10.029999732971191,2006900,0.0,0.0
2025-04-14 00:00:00-04:00,10.09000015258789,10.114999771118164,9.640000343322754,9.789999961853027,1537800,0.0,0.0
2025-04-15 00:00:00-04:00,9.800000190734863,9.845000267028809,9.270000457763672,9.289999961853027,2094700,0.0,0.0
2025-04-16 00:00:00-04:00,9.210000038146973,9.760000228881836,9.09000015258789,9.229999542236328,2145900,0.0,0.0
2025-04-17 00:00:00-04:00,9.15999984741211,9.220000267028809,8.635000228881836,8.960000038146973,2978000,0.0,0.0
2025-04-21 00:00:00-04:00,8.930000305175781,9.050000190734863,8.399999618530273,8.479999542236328,1729400,0.0,0.0
2025-04-22 00:00:00-04:00,8.529999732971191,8.779999732971191,8.489999771118164,8.649999618530273,3531900,0.0,0.0
2025-04-23 00:00:00-04:00,8.869999885559082,9.210000038146973,8.869999885559082,8.979999542236328,1256900,0.0,0.0
2025-04-24 00:00:00-04:00,9.020000457763672,9.149999618530273,8.904999732971191,9.09000015258789,1013100,0.0,0.0
2025-04-25 00:00:00-04:00,9.029999732971191,9.0600004196167,8.640000343322754,8.979999542236328,1960800,0.0,0.0
2025-04-28 00:00:00-04:00,9.039999961853027,9.65999984741211,9.039999961853027,9.34000015258789,2812700,0.0,0.0
2025-04-29 00:00:00-04:00,9.399999618530273,9.90999984741211,9.295000076293945,9.84000015258789,2681600,0.0,0.0
2025-04-30 00:00:00-04:00,10.079999923706055,10.09000015258789,9.720000267028809,9.859999656677246,1596900,0.0,0.0
2025-05-01 00:00:00-04:00,9.920000076293945,10.039999961853027,9.779999732971191,9.949999809265137,1111900,0.0,0.0
2025-05-02 00:00:00-04:00,10.09000015258789,10.949999809265137,9.975000381469727,10.6899995803833,1747200,0.0,0.0
2025-05-05 00:00:00-04:00,10.609999656677246,10.6899995803833,10.329999923706055,10.5600004196167,1523000,0.0,0.0
2025-05-06 00:00:00-04:00,10.489999771118164,10.5600004196167,10.270000457763672,10.350000381469727,1556700,0.0,0.0
2025-05-07 00:00:00-04:00,10.4399995803833,10.595000267028809,10.359999656677246,10.449999809265137,1289000,0.0,0.0
2025-05-08 00:00:00-04:00,10.479999542236328,10.970000267028809,10.460000038146973,10.779999732971191,2600900,0.0,0.0
2025-05-09 00:00:00-04:00,11.199999809265137,11.555000305175781,9.050000190734863,9.050000190734863,5422800,0.0,0.0
2025-05-12 00:00:00-04:00,9.279999732971191,9.34000015258789,8.829999923706055,9.3100004196167,5271400,0.0,0.0
2025-05-13 00:00:00-04:00,9.220000267028809,9.520000457763672,9.100000381469727,9.270000457763672,3827100,0.0,0.0
2025-05-14 00:00:00-04:00,9.350000381469727,9.454999923706055,8.84000015258789,8.9399995803833,2290300,0.0,0.0
2025-05-15 00:00:00-04:00,8.90999984741211,8.96500015258789,8.609999656677246,8.819999694824219,1481300,0.0,0.0
2025-05-16 00:00:00-04:00,8.8100004196167,8.850000381469727,8.529999732971191,8.829999923706055,1799900,0.0,0.0
2025-05-19 00:00:00-04:00,8.6899995803833,8.770000457763672,8.569999694824219,8.619999885559082,968300,0.0,0.0
2025-05-20 00:00:00-04:00,8.649999618530273,8.845000267028809,8.552000045776367,8.770000457763672,2665800,0.0,0.0
2025-05-21 00:00:00-04:00,8.630000114440918,8.75,8.0,8.0,2155300,0.0,0.0
2025-05-22 00:00:00-04:00,8.0,8.0,7.329999923706055,7.360000133514404,2975500,0.0,0.0
2025-05-23 00:00:00-04:00,7.190000057220459,7.349999904632568,7.059999942779541,7.210000038146973,2212400,0.0,0.0
2025-05-27 00:00:00-04:00,7.349999904632568,7.699999809265137,7.324999809265137,7.699999809265137,1728900,0.0,0.0
2025-05-28 00:00:00-04:00,7.659999847412109,7.78000020980835,7.559999942779541,7.639999866485596,1327800,0.0,0.0
2025-05-29 00:00:00-04:00,7.690000057220459,7.744999885559082,7.300000190734863,7.369999885559082,955500,0.0,0.0
2025-05-30 00:00:00-04:00,7.309999942779541,7.570000171661377,7.25,7.449999809265137,1653600,0.0,0.0
2025-06-02 00:00:00-04:00,7.389999866485596,7.59499979019165,7.150000095367432,7.570000171661377,2387200,0.0,0.0
2025-06-03 00:00:00-04:00,7.590000152587891,8.585000038146973,7.519999980926514,8.550000190734863,2403600,0.0,0.0
2025-06-04 00:00:00-04:00,8.579999923706055,8.640000343322754,8.0600004196167,8.109999656677246,1924300,0.0,0.0
2025-06-05 00:00:00-04:00,8.119999885559082,8.295000076293945,8.074999809265137,8.1899995803833,1138400,0.0,0.0
2025-06-06 00:00:00-04:00,8.430000305175781,8.529999732971191,8.180000305175781,8.329999923706055,1396100,0.0,0.0
2025-06-09 00:00:00-04:00,8.460000038146973,8.630000114440918,8.329999923706055,8.479999542236328,1181500,0.0,0.0
2025-06-10 00:00:00-04:00,8.649999618530273,9.0,8.597999572753906,8.970000267028809,3194500,0.0,0.0
2025-06-11 00:00:00-04:00,9.0,9.039999961853027,8.510000228881836,8.640000343322754,1247400,0.0,0.0
2025-06-12 00:00:00-04:00,8.550000190734863,8.664999961853027,8.385000228881836,8.449999809265137,2393900,0.0,0.0
2025-06-13 00:00:00-04:00,8.34000015258789,8.510000228881836,8.239999771118164,8.270000457763672,813000,0.0,0.0
2025-06-16 00:00:00-04:00,8.289999961853027,8.289999961853027,7.980000019073486,8.180000305175781,2318600,0.0,0.0
2025-06-17 00:00:00-04:00,8.069999694824219,8.630000114440918,8.0649995803833,8.489999771118164,1959700,0.0,0.0
2025-06-18 00:00:00-04:00,8.4399995803833,8.84000015258789,8.354999542236328,8.649999618530273,1708100,0.0,0.0
2025-06-20 00:00:00-04:00,8.890000343322754,9.664999961853027,8.8100004196167,9.25,7950000,0.0,0.0
2025-06-23 00:00:00-04:00,9.239999771118164,10.539999961853027,9.229999542236328,10.5,11365500,0.0,0.0
2025-06-24 00:00:00-04:00,10.5,10.645000457763672,10.239999771118164,10.619999885559082,3653000,0.0,0.0
2025-06-25 00:00:00-04:00,10.680000305175781,10.8100004196167,10.390000343322754,10.710000038146973,2579500,0.0,0.0
2025-06-26 00:00:00-04:00,10.760000228881836,10.899999618530273,10.649999618530273,10.75,1762600,0.0,0.0
2025-06-27 00:00:00-04:00,10.800000190734863,11.210000038146973,10.539999961853027,11.15999984741211,5771800,0.0,0.0
2025-06-30 00:00:00-04:00,11.25,11.399999618530273,11.125,11.260000228881836,2908400,0.0,0.0
2025-07-01 00:00:00-04:00,11.25,11.729999542236328,11.069999694824219,11.630000114440918,2970700,0.0,0.0
2025-07-02 00:00:00-04:00,11.210000038146973,11.729999542236328,10.890000343322754,11.729999542236328,4962000,0.0,0.0
2025-07-03 00:00:00-04:00,11.8100004196167,11.920000076293945,11.609999656677246,11.789999961853027,1473600,0.0,0.0
2025-07-07 00:00:00-04:00,11.6899995803833,12.0649995803833,11.539999961853027,11.640000343322754,4349500,0.0,0.0
2025-07-08 00:00:00-04:00,11.739999771118164,12.029999732971191,11.625,11.779999732971191,3127600,0.0,0.0
2025-07-09 00:00:00-04:00,11.930000305175781,12.020000457763672,11.149999618530273,11.289999961853027,2664400,0.0,0.0
2025-07-10 00:00:00-04:00,11.279999732971191,11.449999809265137,11.020000457763672,11.229999542236328,2350200,0.0,0.0
2025-07-11 00:00:00-04:00,11.029999732971191,11.229999542236328,10.859999656677246,11.180000305175781,1112600,0.0,0.0
2025-07-14 00:00:00-04:00,11.100000381469727,11.4399995803833,11.0600004196167,11.359999656677246,1239200,0.0,0.0
2025-07-15 00:00:00-04:00,11.420000076293945,11.630000114440918,11.279999732971191,11.369999885559082,1595900,0.0,0.0
2025-07-16 00:00:00-04:00,11.40999984741211,11.484999656677246,11.220000267028809,11.4399995803833,1611100,0.0,0.0
2025-07-17 00:00:00-04:00,11.710000038146973,11.8100004196167,11.229999542236328,11.270000457763672,2020100,0.0,0.0
2025-07-18 00:00:00-04:00,11.199999809265137,11.28499984741211,9.220000267028809,9.529999732971191,5939500,0.0,0.0
2025-07-21 00:00:00-04:00,9.640000343322754,9.979999542236328,9.550000190734863,9.760000228881836,2553500,0.0,0.0
2025-07-22 00:00:00-04:00,9.699999809265137,10.026000022888184,9.65999984741211,9.770000457763672,2600300,0.0,0.0
2025-07-23 00:00:00-04:00,9.829999923706055,10.3100004196167,9.630000114440918,10.210000038146973,4727400,0.0,0.0
2025-07-24 00:00:00-04:00,10.260000228881836,10.350000381469727,9.34000015258789,9.350000381469727,3152000,0.0,0.0
2025-07-25 00:00:00-04:00,9.449999809265137,9.9399995803833,9.380000114440918,9.930000305175781,2234600,0.0,0.0
2025-07-28 00:00:00-04:00,9.890000343322754,9.9399995803833,9.5600004196167,9.649999618530273,1724200,0.0,0.0
2025-07-29 00:00:00-04:00,9.5,9.720000267028809,9.329999923706055,9.40999984741211,1447800,0.0,0.0
2025-07-30 00:00:00-04:00,9.489999771118164,9.944999694824219,9.369999885559082,9.899999618530273,2003600,0.0,0.0
2025-07-31 00:00:00-04:00,9.800000190734863,10.295000076293945,9.604999542236328,10.050000190734863,2129100,0.0,0.0
2025-08-01 00:00:00-04:00,10.210000038146973,10.25,9.699999809265137,9.979999542236328,1885100,0.0,0.0
2025-08-04 00:00:00-04:00,9.979999542236328,9.989999771118164,9.630000114440918,9.770000457763672,1595400,0.0,0.0
2025-08-05 00:00:00-04:00,9.720000267028809,9.75,9.420000076293945,9.5,1778400,0.0,0.0
2025-08-06 00:00:00-04:00,9.40999984741211,9.520000457763672,9.140000343322754,9.40999984741211,2055600,0.0,0.0
2025-08-07 00:00:00-04:00,9.640000343322754,9.720000267028809,9.395000457763672,9.6899995803833,2262700,0.0,0.0
2025-08-08 00:00:00-04:00,8.390000343322754,9.029999732971191,8.260000228881836,9.0,6353400,0.0,0.0
2025-08-11 00:00:00-04:00,9.180000305175781,9.812000274658203,8.90999984741211,9.220000267028809,2445300,0.0,0.0
2025-08-12 00:00:00-04:00,9.25,9.520000457763672,8.800000190734863,8.800000190734863,2093900,0.0,0.0
2025-08-13 00:00:00-04:00,8.789999961853027,9.505000114440918,8.75,8.970000267028809,8179600,0.0,0.0
2025-08-14 00:00:00-04:00,8.869999885559082,9.210000038146973,8.619999885559082,8.819999694824219,2109400,0.0,0.0
2025-08-15 00:00:00-04:00,8.979999542236328,9.34000015258789,8.819999694824219,9.300000190734863,2031100,0.0,0.0
2025-08-18 00:00:00-04:00,9.380000114440918,9.520000457763672,8.930000305175781,9.020000457763672,1436300,0.0,0.0
2025-08-19 00:00:00-04:00,9.079999923706055,9.630000114440918,8.984999656677246,9.0,13775600,0.0,0.0
2025-08-20 00:00:00-04:00,8.90999984741211,9.074999809265137,8.720000267028809,8.960000038146973,2155500,0.0,0.0
2025-08-21 00:00:00-04:00,8.920000076293945,8.944999694824219,8.569999694824219,8.770000457763672,3500600,0.0,0.0
2025-08-22 00:00:00-04:00,8.9399995803833,9.720000267028809,8.795000076293945,9.600000381469727,5494000,0.0,0.0
2025-08-25 00:00:00-04:00,9.630000114440918,9.710000038146973,9.369999885559082,9.699999809265137,3000100,0.0,0.0
2025-08-26 00:00:00-04:00,9.699999809265137,9.899999618530273,9.255000114440918,9.270000457763672,4925300,0.0,0.0
2025-08-27 00:00:00-04:00,9.25,9.989999771118164,9.109999656677246,9.619999885559082,6651500,0.0,0.0
2025-08-28 00:00:00-04:00,9.90999984741211,10.069999694824219,9.614999771118164,9.640000343322754,2236500,0.0,0.0
2025-08-29 00:00:00-04:00,9.649999618530273,9.84000015258789,9.475000381469727,9.649999618530273,1367200,0.0,0.0
2025-09-02 00:00:00-04:00,9.539999961853027,9.760000228881836,9.380000114440918,9.609999656677246,1755400,0.0,0.0
2025-09-03 00:00:00-04:00,9.569999694824219,9.800000190734863,9.369999885559082,9.579999923706055,1504500,0.0,0.0
2025-09-04 00:00:00-04:00,9.529999732971191,9.5600004196167,9.279999732971191,9.489999771118164,2573900,0.0,0.0
2025-09-05 00:00:00-04:00,9.460000038146973,9.850000381469727,9.430000305175781,9.609999656677246,2017000,0.0,0.0
2025-09-08 00:00:00-04:00,9.649999618530273,9.859999656677246,9.539999961853027,9.670000076293945,1663600,0.0,0.0
2025-09-09 00:00:00-04:00,9.819999694824219,10.079999923706055,9.6899995803833,9.989999771118164,1941300,0.0,0.0
2025-09-10 00:00:00-04:00,9.899999618530273,10.0600004196167,9.1899995803833,9.1899995803833,2064000,0.0,0.0
2025-09-11 00:00:00-04:00,9.199999809265137,9.375,9.119999885559082,9.3100004196167,1983200,0.0,0.0
2025-09-12 00:00:00-04:00,9.220000267028809,9.25,9.0,9.020000457763672,1376500,0.0,0.0
2025-09-15 00:00:00-04:00,9.0,9.090999603271484,8.520000457763672,8.619999885559082,3769800,0.0,0.0
2025-09-16 00:00:00-04:00,8.569999694824219,8.989999771118164,8.5,8.640000343322754,5591400,0.0,0.0
2025-09-17 00:00:00-04:00,8.640000343322754,8.84000015258789,8.425000190734863,8.539999961853027,6557400,0.0,0.0
2025-09-18 00:00:00-04:00,8.649999618530273,8.819999694824219,8.520000457763672,8.739999771118164,2756000,0.0,0.0
2025-09-19 00:00:00-04:00,8.75,8.760000228881836,8.345000267028809,8.380000114440918,3961000,0.0,0.0
2025-09-22 00:00:00-04:00,8.300000190734863,8.600000381469727,8.239999771118164,8.59000015258789,2669900,0.0,0.0
2025-09-23 00:00:00-04:00,8.5600004196167,8.710000038146973,8.319999694824219,8.390000343322754,3315400,0.0,0.0
2025-09-24 00:00:00-04:00,8.489999771118164,9.630000114440918,8.489999771118164,9.609999656677246,4480100,0.0,0.0
2025-09-25 00:00:00-04:00,9.619999885559082,9.619999885559082,8.90999984741211,8.920000076293945,3070600,0.0,0.0
2025-09-26 00:00:00-04:00,8.970000267028809,9.104999542236328,8.710000038146973,8.949999809265137,2199600,0.0,0.0
2025-09-29 00:00:00-04:00,8.859999656677246,8.975000381469727,8.720000267028809,8.770000457763672,3161100,0.0,0.0
2025-09-30 00:00:00-04:00,8.760000228881836,8.805000305175781,8.324999809265137,8.460000038146973,2749700,0.0,0.0
2025-10-01 00:00:00-04:00,8.510000228881836,8.59000015258789,7.920000076293945,8.029999732971191,4141800,0.0,0.0
2025-10-02 00:00:00-04:00,7.940000057220459,8.029999732971191,7.835000038146973,7.889999866485596,1884800,0.0,0.0
2025-10-03 00:00:00-04:00,7.880000114440918,8.229999542236328,7.849999904632568,8.229999542236328,3331000,0.0,0.0
2025-10-06 00:00:00-04:00,8.279999732971191,8.34000015258789,8.029999732971191,8.25,2508000,0.0,0.0
2025-10-07 00:00:00-04:00,8.300000190734863,8.460000038146973,7.869999885559082,8.119999885559082,2432200,0.0,0.0
2025-10-08 00:00:00-04:00,8.100000381469727,8.335000038146973,8.029999732971191,8.050000190734863,2645600,0.0,0.0
2025-10-09 00:00:00-04:00,8.050000190734863,8.180000305175781,8.0,8.170000076293945,1695300,0.0,0.0
2025-10-10 00:00:00-04:00,8.220000267028809,8.329999923706055,7.90500020980835,7.940000057220459,2900400,0.0,0.0
2025-10-13 00:00:00-04:00,8.029999732971191,8.079999923706055,7.670000076293945,7.679999828338623,1628800,0.0,0.0
2025-10-14 00:00:00-04:00,7.510000228881836,7.821000099182129,7.5,7.710000038146973,1446300,0.0,0.0
2025-10-15 00:00:00-04:00,7.670000076293945,7.90500020980835,7.590000152587891,7.840000152587891,3346300,0.0,0.0
2025-10-16 00:00:00-04:00,7.860000133514404,8.055000305175781,7.789999961853027,7.800000190734863,1301200,0.0,0.0
2025-10-17 00:00:00-04:00,7.679999828338623,7.739999771118164,7.420000076293945,7.53000020980835,1531600,0.0,0.0
2025-10-20 00:00:00-04:00,7.570000171661377,7.769999980926514,7.539999961853027,7.760000228881836,1877900,0.0,0.0
2025-10-21 00:00:00-04:00,7.860000133514404,8.180000305175781,7.730999946594238,8.180000305175781,1266600,0.0,0.0
2025-10-22 00:00:00-04:00,8.199999809265137,8.300000190734863,8.010000228881836,8.079999923706055,1943800,0.0,0.0
2025-10-23 00:00:00-04:00,8.0600004196167,8.079999923706055,7.440000057220459,7.5,3572100,0.0,0.0
2025-10-24 00:00:00-04:00,7.550000190734863,7.914999961853027,7.5,7.809999942779541,2445900,0.0,0.0
2025-10-27 00:00:00-04:00,7.789999961853027,7.880000114440918,7.614999771118164,7.639999866485596,1960700,0.0,0.0
2025-10-28 00:00:00-04:00,7.619999885559082,7.65500020980835,7.380000114440918,7.409999847412109,2848200,0.0,0.0
2025-10-29 00:00:00-04:00,7.400000095367432,7.5,7.071000099182129,7.079999923706055,2337600,0.0,0.0
2025-10-30 00:00:00-04:00,7.0,7.099999904632568,6.579999923706055,6.599999904632568,2109400,0.0,0.0
2025-10-31 00:00:00-04:00,6.670000076293945,6.840000152587891,6.525000095367432,6.670000076293945,3190500,0.0,0.0
2025-11-03 00:00:00-05:00,6.659999847412109,6.760000228881836,6.5,6.71999979019165,4430400,0.0,0.0
2025-11-04 00:00:00-05:00,6.699999809265137,6.889999866485596,6.489999771118164,6.489999771118164,1899400,0.0,0.0
2025-11-05 00:00:00-05:00,6.460000038146973,6.659999847412109,6.25,6.349999904632568,2461300,0.0,0.0
2025-11-06 00:00:00-05:00,6.21999979019165,6.335000038146973,5.974999904632568,6.0,3690200,0.0,0.0
2025-11-07 00:00:00-05:00,6.179999828338623,6.28000020980835,4.923999786376953,4.960000038146973,8707000,0.0,0.0
2025-11-10 00:00:00-05:00,5.010000228881836,5.25,4.900000095367432,4.949999809265137,5823100,0.0,0.0
2025-11-11 00:00:00-05:00,4.900000095367432,5.254000186920166,4.619999885559082,5.039999961853027,13059300,0.0,0.0
2025-11-12 00:00:00-05:00,5.050000190734863,5.059999942779541,4.409999847412109,4.449999809265137,7606700,0.0,0.0
2025-11-13 00:00:00-05:00,4.5,4.664999961853027,4.130000114440918,4.159999847412109,9783900,0.0,0.0
2025-11-14 00:00:00-05:00,4.03000020980835,4.304999828338623,4.005000114440918,4.179999828338623,6199300,0.0,0.0
2025-11-17 00:00:00-05:00,4.099999904632568,4.125,3.8350000381469727,3.869999885559082,7893400,0.0,0.0
2025-11-18 00:00:00-05:00,3.8499999046325684,4.0,3.6600000858306885,4.0,6432600,0.0,0.0
2025-11-19 00:00:00-05:00,4.0,4.0,3.494999885559082,3.5399999618530273,5143100,0.0,0.0
2025-11-20 00:00:00-05:00,3.690000057220459,3.941999912261963,3.6500000953674316,3.690000057220459,6456200,0.0,0.0
2025-11-21 00:00:00-05:00,3.6700000762939453,4.230000019073486,3.5999999046325684,4.139999866485596,6412300,0.0,0.0
2025-11-24 00:00:00-05:00,4.210000038146973,4.547999858856201,4.059999942779541,4.269999980926514,4685700,0.0,0.0
2025-11-25 00:00:00-05:00,4.260000228881836,4.454999923706055,4.199999809265137,4.309999942779541,2996100,0.0,0.0
2025-11-26 00:00:00-05:00,4.360000133514404,4.401000022888184,4.175000190734863,4.199999809265137,1953300,0.0,0.0
2025-11-28 00:00:00-05:00,4.170000076293945,4.289999961853027,4.150000095367432,4.199999809265137,1333800,0.0,0.0
2025-12-01 00:00:00-05:00,4.119999885559082,4.230000019073486,3.950000047683716,4.0,2467900,0.0,0.0
2025-12-02 00:00:00-05:00,3.990000009536743,4.050000190734863,3.8340001106262207,3.880000114440918,2792800,0.0,0.0
2025-12-03 00:00:00-05:00,3.9000000953674316,4.03000020980835,3.7899999618530273,3.9100000858306885,6001100,0.0,0.0
2025-12-04 00:00:00-05:00,3.9100000858306885,4.019999980926514,3.809999942779541,4.010000228881836,4581200,0.0,0.0
2025-12-05 00:00:00-05:00,4.0,4.144999980926514,3.924999952316284,3.940000057220459,2245800,0.0,0.0
2025-12-08 00:00:00-05:00,4.070000171661377,4.076000213623047,3.884999990463257,3.930000066757202,3600800,0.0,0.0
2025-12-09 00:00:00-05:00,3.9200000762939453,4.010000228881836,3.8499999046325684,3.940000057220459,2246200,0.0,0.0
2025-12-10 00:00:00-05:00,3.940000057220459,4.0,3.809999942779541,3.880000114440918,5438800,0.0,0.0
2025-12-11 00:00:00-05:00,3.9000000953674316,3.950000047683716,3.819999933242798,3.940000057220459,3279900,0.0,0.0
2025-12-12 00:00:00-05:00,3.9200000762939453,4.130000114440918,3.9200000762939453,4.119999885559082,2444400,0.0,0.0
2025-12-15 00:00:00-05:00,4.199999809265137,4.284999847412109,3.990000009536743,4.119999885559082,5195900,0.0,0.0
2025-12-16 00:00:00-05:00,4.119999885559082,4.144999980926514,4.0,4.070000171661377,3556800,0.0,0.0
2025-12-17 00:00:00-05:00,4.079999923706055,4.144999980926514,4.03000020980835,4.039999961853027,3050800,0.0,0.0
2025-12-18 00:00:00-05:00,4.099999904632568,4.099999904632568,3.880000114440918,3.9700000286102295,3913600,0.0,0.0
2025-12-19 00:00:00-05:00,3.9600000381469727,4.170000076293945,3.924999952316284,3.990000009536743,3785000,0.0,0.0
2025-12-22 00:00:00-05:00,3.940000057220459,4.110000133514404,3.940000057220459,4.019999980926514,2590200,0.0,0.0
2025-12-23 00:00:00-05:00,4.019999980926514,4.170000076293945,3.940000057220459,4.159999847412109,2905600,0.0,0.0
2025-12-24 00:00:00-05:00,4.130000114440918,4.170000076293945,4.054999828338623,4.130000114440918,863200,0.0,0.0
2025-12-26 00:00:00-05:00,4.130000114440918,4.159999847412109,4.059999942779541,4.119999885559082,1583600,0.0,0.0
2025-12-29 00:00:00-05:00,4.110000133514404,4.190000057220459,4.03000020980835,4.070000171661377,2006100,0.0,0.0
2025-12-30 00:00:00-05:00,4.059999942779541,4.205999851226807,4.03000020980835,4.050000190734863,2199300,0.0,0.0
2025-12-31 00:00:00-05:00,4.03000020980835,4.050000190734863,3.884999990463257,4.0,2739500,0.0,0.0
2026-01-02 00:00:00-05:00,4.010000228881836,4.039999961853027,3.880000114440918,3.890000104904175,1647800,0.0,0.0
2026-01-05 00:00:00-05:00,3.890000104904175,4.070000171661377,3.859999895095825,3.950000047683716,2073300,0.0,0.0
2026-01-06 00:00:00-05:00,3.930000066757202,4.034999847412109,3.9000000953674316,4.019999980926514,2517900,0.0,0.0
2026-01-07 00:00:00-05:00,4.050000190734863,4.159999847412109,3.9000000953674316,4.150000095367432,2766200,0.0,0.0
2026-01-08 00:00:00-05:00,4.170000076293945,4.260000228881836,4.150000095367432,4.159999847412109,2019500,0.0,0.0
2026-01-09 00:00:00-05:00,4.170000076293945,4.25,4.079999923706055,4.170000076293945,1974000,0.0,0.0
2026-01-12 00:00:00-05:00,4.139999866485596,4.199999809265137,3.9600000381469727,4.150000095367432,3452300,0.0,0.0
2026-01-13 00:00:00-05:00,4.150000095367432,4.190000057220459,4.010000228881836,4.010000228881836,3961000,0.0,0.0
2026-01-14 00:00:00-05:00,4.010000228881836,4.059999942779541,3.890000104904175,3.9000000953674316,2300700,0.0,0.0
2026-01-15 00:00:00-05:00,3.9000000953674316,3.9649999141693115,3.815000057220459,3.940000057220459,1899600,0.0,0.0
2026-01-16 00:00:00-05:00,3.930000066757202,3.9660000801086426,3.7100000381469727,3.7699999809265137,7018200,0.0,0.0
2026-01-20 00:00:00-05:00,3.700000047683716,3.994999885559082,3.680000066757202,3.940000057220459,4295800,0.0,0.0
2026-01-21 00:00:00-05:00,3.940000057220459,3.9700000286102295,3.740000009536743,3.799999952316284,2551800,0.0,0.0
2026-01-22 00:00:00-05:00,3.799999952316284,3.9100000858306885,3.7799999713897705,3.8399999141693115,1919100,0.0,0.0
2026-01-23 00:00:00-05:00,3.819999933242798,4.059999942779541,3.799999952316284,3.940000057220459,3166300,0.0,0.0
2026-01-26 00:00:00-05:00,3.9200000762939453,3.9800000190734863,3.684999942779541,3.7100000381469727,1910700,0.0,0.0
2026-01-27 00:00:00-05:00,3.6700000762939453,3.6700000762939453,3.319999933242798,3.4000000953674316,4485800,0.0,0.0
2026-01-28 00:00:00-05:00,3.4000000953674316,3.4800000190734863,3.2200000286102295,3.2300000190734863,2687100,0.0,0.0
2026-01-29 00:00:00-05:00,3.2200000286102295,3.325000047683716,3.1700000762939453,3.240000009536743,4001900,0.0,0.0
2026-01-30 00:00:00-05:00,3.180000066757202,3.2799999713897705,3.1549999713897705,3.2100000381469727,2515400,0.0,0.0
2026-02-02 00:00:00-05:00,3.180000066757202,3.430000066757202,3.134999990463257,3.259999990463257,4752600,0.0,0.0
2026-02-03 00:00:00-05:00,3.25,3.325000047683716,3.0399999618530273,3.0899999141693115,2522400,0.0,0.0
2026-02-04 00:00:00-05:00,3.0899999141693115,3.174999952316284,3.005000114440918,3.059999942779541,2490400,0.0,0.0
2026-02-05 00:00:00-05:00,3.0399999618530273,3.130000114440918,2.890000104904175,2.890000104904175,4216100,0.0,0.0
2026-02-06 00:00:00-05:00,2.880000114440918,2.940000057220459,2.819999933242798,2.8499999046325684,2872200,0.0,0.0
2026-02-09 00:00:00-05:00,2.8399999141693115,2.859999895095825,2.684999942779541,2.7300000190734863,2360900,0.0,0.0
2026-02-10 00:00:00-05:00,2.75,2.9049999713897705,2.687999963760376,2.7300000190734863,3860200,0.0,0.0
2026-02-11 00:00:00-05:00,2.740000009536743,2.7799999713897705,2.6050000190734863,2.6700000762939453,2813900,0.0,0.0
2026-02-12 00:00:00-05:00,2.640000104904175,2.6500000953674316,2.555000066757202,2.640000104904175,2386800,0.0,0.0
2026-02-13 00:00:00-05:00,2.619999885559082,2.799999952316284,2.619999885559082,2.7899999618530273,2872500,0.0,0.0
2026-02-17 00:00:00-05:00,2.7899999618530273,2.7950000762939453,2.619999885559082,2.7200000286102295,2010300,0.0,0.0
2026-02-18 00:00:00-05:00,2.690000057220459,2.809999942779541,2.6600000858306885,2.7799999713897705,1885300,0.0,0.0
2026-02-19 00:00:00-05:00,2.7699999809265137,2.7809998989105225,2.6600000858306885,2.7699999809265137,1659400,0.0,0.0
2026-02-20 00:00:00-05:00,2.759999990463257,2.8399999141693115,2.7100000381469727,2.7899999618530273,2427200,0.0,0.0
2026-02-23 00:00:00-05:00,2.740000009536743,2.7799999713897705,2.6700000762939453,2.7699999809265137,2151800,0.0,0.0
2026-02-24 00:00:00-05:00,2.7699999809265137,2.7699999809265137,2.5199999809265137,2.559999942779541,5127600,0.0,0.0
2026-02-25 00:00:00-05:00,2.509999990463257,3.200000047683716,2.5,3.140000104904175,9054200,0.0,0.0
2026-02-26 00:00:00-05:00,3.140000104904175,3.369999885559082,3.0999999046325684,3.319999933242798,5146700,0.0,0.0
2026-02-27 00:00:00-05:00,3.2799999713897705,3.3399999141693115,3.125,3.25,6185500,0.0,0.0
2026-03-02 00:00:00-05:00,3.1700000762939453,3.630000114440918,3.1700000762939453,3.5799999237060547,5465300,0.0,0.0
2026-03-03 00:00:00-05:00,3.549999952316284,3.640000104904175,3.4000000953674316,3.509999990463257,3640400,0.0,0.0
2026-03-04 00:00:00-05:00,3.5399999618530273,3.694999933242798,3.5,3.549999952316284,3482100,0.0,0.0
2026-03-05 00:00:00-05:00,3.5,3.628999948501587,3.194999933242798,3.4000000953674316,2887500,0.0,0.0
2026-03-06 00:00:00-05:00,3.390000104904175,3.390000104904175,3.134999990463257,3.1700000762939453,2380800,0.0,0.0
2026-03-09 00:00:00-04:00,3.059999942779541,3.1050000190734863,2.940000057220459,3.0399999618530273,3729300,0.0,0.0
2026-03-10 00:00:00-04:00,3.049999952316284,3.0950000286102295,2.940000057220459,3.069999933242798,3110200,0.0,0.0
2026-03-11 00:00:00-04:00,3.0299999713897705,3.0899999141693115,2.9200000762939453,3.0199999809265137,2340100,0.0,0.0
2026-03-12 00:00:00-04:00,3.0,3.1600000858306885,2.984999895095825,3.059999942779541,2910300,0.0,0.0
2026-03-13 00:00:00-04:00,3.0899999141693115,3.140000104904175,2.9010000228881836,2.990000009536743,2716200,0.0,0.0
2026-03-16 00:00:00-04:00,3.0299999713897705,3.0899999141693115,3.009999990463257,3.0199999809265137,2658900,0.0,0.0
2026-03-17 00:00:00-04:00,3.0199999809265137,3.119999885559082,2.8299999237060547,2.8299999237060547,2112200,0.0,0.0
2026-03-18 00:00:00-04:00,2.809999942779541,2.8340001106262207,2.640000104904175,2.6700000762939453,2648800,0.0,0.0
2026-03-19 00:00:00-04:00,2.6500000953674316,2.815000057220459,2.6500000953674316,2.740000009536743,1999500,0.0,0.0
2026-03-20 00:00:00-04:00,2.759999990463257,2.759999990463257,2.549999952316284,2.5799999237060547,4445300,0.0,0.0
2026-03-23 00:00:00-04:00,2.640000104904175,2.680000066757202,2.444999933242798,2.490000009536743,3499600,0.0,0.0
2026-03-24 00:00:00-04:00,2.4600000381469727,2.490000009536743,2.25,2.25,3653700,0.0,0.0
2026-03-25 00:00:00-04:00,2.2699999809265137,2.3399999141693115,2.190000057220459,2.2699999809265137,4530500,0.0,0.0
2026-03-26 00:00:00-04:00,2.240000009536743,2.390000104904175,2.2200000286102295,2.380000114440918,2637500,0.0,0.0
2026-03-27 00:00:00-04:00,2.3499999046325684,2.3499999046325684,2.190000057220459,2.2100000381469727,2206000,0.0,0.0
2026-03-30 00:00:00-04:00,2.25,2.259999990463257,2.109999895095825,2.1700000762939453,2822100,0.0,0.0
2026-03-31 00:00:00-04:00,2.200000047683716,2.325000047683716,2.130000114440918,2.2799999713897705,2494700,0.0,0.0
2026-04-01 00:00:00-04:00,2.309999942779541,2.3399999141693115,2.2149999141693115,2.2200000286102295,3038300,0.0,0.0
2026-04-02 00:00:00-04:00,2.180000066757202,2.25,2.0950000286102295,2.25,2490100,0.0,0.0
2026-04-06 00:00:00-04:00,2.240000009536743,2.3550000190734863,2.2149999141693115,2.309999942779541,6288800,0.0,0.0
2026-04-07 00:00:00-04:00,2.3499999046325684,2.640000104904175,2.3499999046325684,2.5399999618530273,3085500,0.0,0.0
2026-04-08 00:00:00-04:00,2.7100000381469727,2.799999952316284,2.549999952316284,2.559999942779541,3069000,0.0,0.0
2026-04-09 00:00:00-04:00,2.559999942779541,2.5799999237060547,2.3350000381469727,2.440000057220459,4034700,0.0,0.0
2026-04-10 00:00:00-04:00,2.430000066757202,2.434999942779541,2.2799999713897705,2.3299999237060547,3565000,0.0,0.0
2026-04-13 00:00:00-04:00,2.299999952316284,2.559999942779541,2.2639999389648438,2.5299999713897705,1258200,0.0,0.0
2026-04-14 00:00:00-04:00,2.549999952316284,2.640000104904175,2.5,2.509999990463257,1898600,0.0,0.0
2026-04-15 00:00:00-04:00,2.5199999809265137,2.9149999618530273,2.5199999809265137,2.880000114440918,3551300,0.0,0.0
2026-04-16 00:00:00-04:00,2.9000000953674316,3.0450000762939453,2.8499999046325684,2.990000009536743,2657700,0.0,0.0
2026-04-17 00:00:00-04:00,3.0199999809265137,3.119999885559082,2.8299999237060547,2.8399999141693115,1809600,0.0,0.0
2026-04-20 00:00:00-04:00,2.8399999141693115,2.940000057220459,2.809999942779541,2.930000066757202,1164800,0.0,0.0
2026-04-21 00:00:00-04:00,2.9700000286102295,3.6700000762939453,2.9700000286102295,3.1500000953674316,4961200,0.0,0.0
2026-04-22 00:00:00-04:00,3.1700000762939453,3.2790000438690186,3.0299999713897705,3.0999999046325684,1550000,0.0,0.0
2026-04-23 00:00:00-04:00,3.0199999809265137,3.0899999141693115,2.884999990463257,2.950000047683716,2239300,0.0,0.0
2026-04-24 00:00:00-04:00,2.9600000381469727,3.130000114440918,2.880000114440918,3.130000114440918,1209400,0.0,0.0
2026-04-27 00:00:00-04:00,3.0799999237060547,3.609999895095825,3.0799999237060547,3.4700000286102295,2861800,0.0,0.0
2026-04-28 00:00:00-04:00,3.4600000381469727,3.6549999713897705,3.4600000381469727,3.619999885559082,2831000,0.0,0.0
2026-04-29 00:00:00-04:00,3.559999942779541,3.7899999618530273,3.494999885559082,3.7899999618530273,3180800,0.0,0.0
2026-04-30 00:00:00-04:00,3.759999990463257,3.7799999713897705,3.5799999237060547,3.75,2805800,0.0,0.0
2026-05-01 00:00:00-04:00,3.7899999618530273,3.8399999141693115,3.634999990463257,3.75,1510400,0.0,0.0
2026-05-04 00:00:00-04:00,3.75,4.014999866485596,3.7100000381469727,3.990000009536743,2434800,0.0,0.0
2026-05-05 00:00:00-04:00,3.930000066757202,4.039999961853027,3.7899999618530273,3.9100000858306885,2032000,0.0,0.0
2026-05-06 00:00:00-04:00,3.890000104904175,3.9100000858306885,3.7950000762939453,3.8299999237060547,2248600,0.0,0.0
2026-05-07 00:00:00-04:00,3.6549999713897705,4.534999847412109,3.555000066757202,4.269999980926514,6179900,0.0,0.0
2026-05-08 00:00:00-04:00,4.269999980926514,4.445000171661377,4.090000152587891,4.179999828338623,2959800,0.0,0.0
2026-05-11 00:00:00-04:00,4.179999828338623,4.360000133514404,3.744999885559082,3.9600000381469727,4666000,0.0,0.0
2026-05-12 00:00:00-04:00,3.950000047683716,4.320000171661377,3.765000104904175,4.159999847412109,3433300,0.0,0.0
2026-05-13 00:00:00-04:00,4.159999847412109,4.255000114440918,4.070000171661377,4.130000114440918,2255600,0.0,0.0
2026-05-14 00:00:00-04:00,4.070000171661377,4.364999771118164,4.070000171661377,4.099999904632568,2549300,0.0,0.0
2026-05-15 00:00:00-04:00,4.070000171661377,4.230000019073486,3.8399999141693115,3.9600000381469727,2847100,0.0,0.0
2026-05-18 00:00:00-04:00,3.9800000190734863,4.139999866485596,3.880000114440918,3.9000000953674316,1968600,0.0,0.0
2026-05-19 00:00:00-04:00,3.9100000858306885,4.085000038146973,3.799999952316284,3.890000104904175,2046600,0.0,0.0
2026-05-20 00:00:00-04:00,3.8399999141693115,4.0,3.799999952316284,3.859999895095825,2590200,0.0,0.0
2026-05-21 00:00:00-04:00,3.859999895095825,3.994999885559082,3.7149999141693115,3.8399999141693115,3241300,0.0,0.0
2026-05-22 00:00:00-04:00,3.859999895095825,3.984999895095825,3.7950000762939453,3.950000047683716,2200200,0.0,0.0
2026-05-26 00:00:00-04:00,3.940000057220459,4.019999980926514,3.809999942779541,3.8299999237060547,1553600,0.0,0.0
2026-05-27 00:00:00-04:00,3.7899999618530273,3.9200000762939453,3.6700000762939453,3.7200000286102295,2042000,0.0,0.0
2026-05-28 00:00:00-04:00,3.740000009536743,3.984999895095825,3.740000009536743,3.9000000953674316,2260500,0.0,0.0
2026-05-29 00:00:00-04:00,3.950000047683716,4.119999885559082,3.869999885559082,3.950000047683716,3040000,0.0,0.0
2026-06-01 00:00:00-04:00,3.940000057220459,4.255000114440918,3.880000114440918,4.170000076293945,2869900,0.0,0.0
2026-06-02 00:00:00-04:00,4.110000133514404,4.15500020980835,3.930000066757202,3.9600000381469727,2333400,0.0,0.0
2026-06-03 00:00:00-04:00,3.930000066757202,3.9600000381469727,3.694999933242798,3.7799999713897705,3082600,0.0,0.0
2026-06-04 00:00:00-04:00,3.8499999046325684,4.380000114440918,3.8499999046325684,4.380000114440918,3086300,0.0,0.0
2026-06-05 00:00:00-04:00,4.380000114440918,4.440000057220459,4.130000114440918,4.21999979019165,2058800,0.0,0.0
2026-06-08 00:00:00-04:00,4.25,4.8979997634887695,4.25,4.659999847412109,3510700,0.0,0.0
2026-06-09 00:00:00-04:00,4.579999923706055,4.841000080108643,4.480000019073486,4.71999979019165,2958500,0.0,0.0
2026-06-10 00:00:00-04:00,4.650000095367432,4.741000175476074,4.440000057220459,4.46999979019165,1900800,0.0,0.0
2026-06-11 00:00:00-04:00,4.449999809265137,4.614999771118164,4.369999885559082,4.579999923706055,1707900,0.0,0.0
2026-06-12 00:00:00-04:00,4.71999979019165,4.90500020980835,4.559999942779541,4.800000190734863,2109700,0.0,0.0
2026-06-15 00:00:00-04:00,4.809999942779541,4.849999904632568,4.583000183105469,4.699999809265137,2691600,0.0,0.0
2026-06-16 00:00:00-04:00,4.699999809265137,4.815000057220459,4.635000228881836,4.699999809265137,2762600,0.0,0.0
2026-06-17 00:00:00-04:00,4.670000076293945,4.855000019073486,4.570000171661377,4.670000076293945,1912000,0.0,0.0
2026-06-18 00:00:00-04:00,4.75,4.75,4.369999885559082,4.489999771118164,2840300,0.0,0.0
2026-06-22 00:00:00-04:00,4.440000057220459,4.570000171661377,4.304999828338623,4.480000019073486,1934300,0.0,0.0
2026-06-23 00:00:00-04:00,4.429999828338623,4.909999847412109,4.429999828338623,4.800000190734863,1987700,0.0,0.0
2026-06-24 00:00:00-04:00,4.800000190734863,5.099999904632568,4.775000095367432,5.03000020980835,1837200,0.0,0.0
2026-06-25 00:00:00-04:00,4.980000019073486,5.150000095367432,4.960000038146973,5.03000020980835,1792000,0.0,0.0
2026-06-26 00:00:00-04:00,5.039999961853027,5.510000228881836,5.019999980926514,5.510000228881836,6230300,0.0,0.0
2026-06-29 00:00:00-04:00,5.559999942779541,5.769999980926514,5.460000038146973,5.769999980926514,2948900,0.0,0.0
2026-06-30 00:00:00-04:00,5.460000038146973,5.525000095367432,5.179999828338623,5.420000076293945,2564800,0.0,0.0
2026-07-01 00:00:00-04:00,5.510000228881836,5.889999866485596,5.394999980926514,5.739999771118164,2390968,0.0,0.0
