Date,Open,High,Low,Close,Volume,Dividends,Stock Splits
2025-09-12 00:00:00-04:00,37.0099983215332,45.88999938964844,31.559999465942383,32.0,32988800,0.0,0.0
2025-09-15 00:00:00-04:00,33.5,34.689998626708984,31.700000762939453,32.52000045776367,8430100,0.0,0.0
2025-09-16 00:00:00-04:00,33.0,33.220001220703125,28.030000686645508,28.1299991607666,9201800,0.0,0.0
2025-09-17 00:00:00-04:00,28.31999969482422,28.8700008392334,23.600000381469727,24.530000686645508,13461700,0.0,0.0
2025-09-18 00:00:00-04:00,25.170000076293945,26.649999618530273,23.510000228881836,24.479999542236328,10104500,0.0,0.0
2025-09-19 00:00:00-04:00,24.299999237060547,24.6200008392334,23.170000076293945,24.139999389648438,5847600,0.0,0.0
2025-09-22 00:00:00-04:00,23.219999313354492,24.06999969482422,22.611000061035156,23.43000030517578,2917000,0.0,0.0
2025-09-23 00:00:00-04:00,23.5,26.5,22.8799991607666,24.350000381469727,8591400,0.0,0.0
2025-09-24 00:00:00-04:00,24.469999313354492,24.889999389648438,23.642000198364258,24.280000686645508,2760300,0.0,0.0
2025-09-25 00:00:00-04:00,23.790000915527344,25.81999969482422,23.059999465942383,25.139999389648438,3687000,0.0,0.0
2025-09-26 00:00:00-04:00,25.299999237060547,25.3700008392334,23.299999237060547,23.84000015258789,2321500,0.0,0.0
2025-09-29 00:00:00-04:00,23.950000762939453,24.850000381469727,23.143999099731445,24.729999542236328,3755200,0.0,0.0
2025-09-30 00:00:00-04:00,24.440000534057617,24.489999771118164,23.229999542236328,23.959999084472656,3032700,0.0,0.0
2025-10-01 00:00:00-04:00,23.899999618530273,24.5,22.75,22.81999969482422,3086100,0.0,0.0
2025-10-02 00:00:00-04:00,23.010000228881836,23.75,22.25,23.200000762939453,3339900,0.0,0.0
2025-10-03 00:00:00-04:00,23.309999465942383,25.200000762939453,23.149999618530273,24.780000686645508,3486900,0.0,0.0
2025-10-06 00:00:00-04:00,25.40399932861328,26.75,24.559999465942383,25.290000915527344,3952100,0.0,0.0
2025-10-07 00:00:00-04:00,25.469999313354492,26.440000534057617,24.25,24.270000457763672,3218600,0.0,0.0
2025-10-08 00:00:00-04:00,24.25,26.25,23.979999542236328,25.649999618530273,2512400,0.0,0.0
2025-10-09 00:00:00-04:00,25.700000762939453,26.34000015258789,25.09000015258789,25.40999984741211,1778400,0.0,0.0
2025-10-10 00:00:00-04:00,25.40999984741211,25.40999984741211,23.110000610351562,23.299999237060547,3056400,0.0,0.0
2025-10-13 00:00:00-04:00,23.469999313354492,23.670000076293945,22.200000762939453,23.450000762939453,2759700,0.0,0.0
2025-10-14 00:00:00-04:00,22.469999313354492,23.299999237060547,21.700000762939453,22.649999618530273,2536100,0.0,0.0
2025-10-15 00:00:00-04:00,23.110000610351562,23.110000610351562,21.799999237060547,22.360000610351562,2011100,0.0,0.0
2025-10-16 00:00:00-04:00,22.079999923706055,22.450000762939453,20.489999771118164,20.520000457763672,2616000,0.0,0.0
2025-10-17 00:00:00-04:00,20.0,20.1200008392334,19.190000534057617,19.68000030517578,2299100,0.0,0.0
2025-10-20 00:00:00-04:00,19.81999969482422,20.780000686645508,19.700000762939453,20.65999984741211,1375600,0.0,0.0
2025-10-21 00:00:00-04:00,20.299999237060547,20.790000915527344,19.579999923706055,20.239999771118164,1368500,0.0,0.0
2025-10-22 00:00:00-04:00,19.969999313354492,19.969999313354492,18.84000015258789,19.309999465942383,1647700,0.0,0.0
2025-10-23 00:00:00-04:00,19.479999542236328,19.90999984741211,19.299999237060547,19.559999465942383,761800,0.0,0.0
2025-10-24 00:00:00-04:00,19.969999313354492,20.733999252319336,19.739999771118164,19.760000228881836,861500,0.0,0.0
2025-10-27 00:00:00-04:00,20.309999465942383,20.700000762939453,19.959999084472656,20.329999923706055,717800,0.0,0.0
2025-10-28 00:00:00-04:00,20.219999313354492,20.93000030517578,19.665000915527344,19.93000030517578,977500,0.0,0.0
2025-10-29 00:00:00-04:00,19.75,19.920000076293945,18.899999618530273,19.15999984741211,907200,0.0,0.0
2025-10-30 00:00:00-04:00,18.8799991607666,19.049999237060547,17.399999618530273,17.489999771118164,2108400,0.0,0.0
2025-10-31 00:00:00-04:00,17.6299991607666,18.610000610351562,17.44499969482422,18.350000381469727,1353400,0.0,0.0
2025-11-03 00:00:00-05:00,18.010000228881836,18.176000595092773,17.062000274658203,17.790000915527344,1815300,0.0,0.0
2025-11-04 00:00:00-05:00,16.989999771118164,17.469999313354492,16.25,16.290000915527344,1792600,0.0,0.0
2025-11-05 00:00:00-05:00,16.690000534057617,17.770000457763672,16.224000930786133,16.8700008392334,1455800,0.0,0.0
2025-11-06 00:00:00-05:00,16.760000228881836,16.850000381469727,15.90999984741211,15.989999771118164,1448000,0.0,0.0
2025-11-07 00:00:00-05:00,15.579999923706055,16.59000015258789,15.020000457763672,16.18000030517578,2147500,0.0,0.0
2025-11-10 00:00:00-05:00,16.399999618530273,17.225000381469727,16.110000610351562,16.84000015258789,2360500,0.0,0.0
2025-11-11 00:00:00-05:00,15.029999732971191,15.289999961853027,13.800000190734863,14.069999694824219,5598700,0.0,0.0
2025-11-12 00:00:00-05:00,14.194999694824219,14.279999732971191,13.649999618530273,13.800000190734863,3345100,0.0,0.0
2025-11-13 00:00:00-05:00,13.600000381469727,13.6899995803833,12.220000267028809,12.449999809265137,3320000,0.0,0.0
2025-11-14 00:00:00-05:00,11.90999984741211,12.880000114440918,11.90999984741211,12.649999618530273,1883900,0.0,0.0
2025-11-17 00:00:00-05:00,12.460000038146973,12.489999771118164,11.399999618530273,11.569999694824219,2405600,0.0,0.0
2025-11-18 00:00:00-05:00,11.479999542236328,12.210000038146973,11.3100004196167,12.09000015258789,1419200,0.0,0.0
2025-11-19 00:00:00-05:00,12.010000228881836,12.079999923706055,11.074999809265137,11.40999984741211,1484300,0.0,0.0
2025-11-20 00:00:00-05:00,11.670000076293945,11.800000190734863,10.484999656677246,10.579999923706055,1492900,0.0,0.0
2025-11-21 00:00:00-05:00,10.380000114440918,10.720000267028809,10.074999809265137,10.630000114440918,2233700,0.0,0.0
2025-11-24 00:00:00-05:00,10.770000457763672,10.850000381469727,10.050000190734863,10.770000457763672,2256200,0.0,0.0
2025-11-25 00:00:00-05:00,10.579999923706055,10.640000343322754,9.850000381469727,10.5,1340200,0.0,0.0
2025-11-26 00:00:00-05:00,10.520000457763672,10.819999694824219,10.260000228881836,10.770000457763672,1674100,0.0,0.0
2025-11-28 00:00:00-05:00,10.800000190734863,11.314000129699707,10.800000190734863,11.0,1199400,0.0,0.0
2025-12-01 00:00:00-05:00,10.710000038146973,10.739999771118164,9.774999618530273,9.880000114440918,1481700,0.0,0.0
2025-12-02 00:00:00-05:00,10.15999984741211,10.390000343322754,9.699999809265137,9.699999809265137,1587000,0.0,0.0
2025-12-03 00:00:00-05:00,9.805000305175781,11.109999656677246,9.673999786376953,10.760000228881836,2313800,0.0,0.0
2025-12-04 00:00:00-05:00,10.819999694824219,12.210000038146973,10.730999946594238,11.859999656677246,2878300,0.0,0.0
2025-12-05 00:00:00-05:00,11.699999809265137,12.319999694824219,11.319999694824219,11.449999809265137,2021100,0.0,0.0
2025-12-08 00:00:00-05:00,11.75,11.899999618530273,11.020000457763672,11.229999542236328,886700,0.0,0.0
2025-12-09 00:00:00-05:00,11.029999732971191,11.73900032043457,10.84000015258789,11.4399995803833,1141800,0.0,0.0
2025-12-10 00:00:00-05:00,11.210000038146973,11.569999694824219,10.574000358581543,11.359999656677246,2767000,0.0,0.0
2025-12-11 00:00:00-05:00,12.819999694824219,15.270000457763672,11.770000457763672,14.989999771118164,11872900,0.0,0.0
2025-12-12 00:00:00-05:00,14.130000114440918,14.949999809265137,13.083999633789062,13.220000267028809,5724700,0.0,0.0
2025-12-15 00:00:00-05:00,13.109999656677246,13.204999923706055,11.369999885559082,11.614999771118164,2914500,0.0,0.0
2025-12-16 00:00:00-05:00,11.5600004196167,12.569999694824219,11.494999885559082,12.109999656677246,2477200,0.0,0.0
2025-12-17 00:00:00-05:00,12.020000457763672,12.329999923706055,11.010000228881836,11.050000190734863,1668200,0.0,0.0
2025-12-18 00:00:00-05:00,11.119999885559082,11.479999542236328,10.710000038146973,10.800000190734863,1671900,0.0,0.0
2025-12-19 00:00:00-05:00,10.904999732971191,11.59000015258789,10.779999732971191,11.420000076293945,2625000,0.0,0.0
2025-12-22 00:00:00-05:00,11.710000038146973,12.010000228881836,11.449999809265137,11.739999771118164,1334300,0.0,0.0
2025-12-23 00:00:00-05:00,11.5,11.560999870300293,10.84000015258789,11.09000015258789,1415400,0.0,0.0
2025-12-24 00:00:00-05:00,11.0,11.369999885559082,10.701000213623047,11.369999885559082,942800,0.0,0.0
2025-12-26 00:00:00-05:00,11.350000381469727,11.350000381469727,10.53499984741211,10.640000343322754,1168100,0.0,0.0
2025-12-29 00:00:00-05:00,10.5,10.809000015258789,10.109999656677246,10.229999542236328,1283300,0.0,0.0
2025-12-30 00:00:00-05:00,10.255000114440918,10.369999885559082,9.930000305175781,9.9399995803833,1680100,0.0,0.0
2025-12-31 00:00:00-05:00,9.949999809265137,10.0,9.670000076293945,9.920000076293945,1973400,0.0,0.0
2026-01-02 00:00:00-05:00,10.100000381469727,10.571999549865723,9.890000343322754,10.359999656677246,1245000,0.0,0.0
2026-01-05 00:00:00-05:00,10.739999771118164,11.489999771118164,10.6899995803833,11.119999885559082,2307400,0.0,0.0
2026-01-06 00:00:00-05:00,11.449999809265137,12.039999961853027,11.0600004196167,11.779999732971191,1795600,0.0,0.0
2026-01-07 00:00:00-05:00,11.569999694824219,11.760000228881836,10.989999771118164,11.0,1253100,0.0,0.0
2026-01-08 00:00:00-05:00,10.930000305175781,11.260000228881836,10.899999618530273,11.09000015258789,926600,0.0,0.0
2026-01-09 00:00:00-05:00,11.0600004196167,11.239999771118164,10.479999542236328,10.59000015258789,1356300,0.0,0.0
2026-01-12 00:00:00-05:00,10.5,10.970000267028809,10.234999656677246,10.489999771118164,1789500,0.0,0.0
2026-01-13 00:00:00-05:00,10.489999771118164,10.611000061035156,10.0,10.460000038146973,1693000,0.0,0.0
2026-01-14 00:00:00-05:00,10.449999809265137,11.239999771118164,10.40999984741211,10.800000190734863,1560100,0.0,0.0
2026-01-15 00:00:00-05:00,10.8100004196167,10.875,10.260000228881836,10.460000038146973,1075400,0.0,0.0
2026-01-16 00:00:00-05:00,10.510000228881836,11.289999961853027,10.300000190734863,10.9399995803833,1064200,0.0,0.0
2026-01-20 00:00:00-05:00,10.300000190734863,10.699999809265137,10.220000267028809,10.4399995803833,885500,0.0,0.0
2026-01-21 00:00:00-05:00,10.289999961853027,10.699999809265137,10.079999923706055,10.25,1065000,0.0,0.0
2026-01-22 00:00:00-05:00,10.390000343322754,10.489999771118164,9.949999809265137,10.069999694824219,866800,0.0,0.0
2026-01-23 00:00:00-05:00,10.069999694824219,10.260000228881836,9.699999809265137,9.720000267028809,1780500,0.0,0.0
2026-01-26 00:00:00-05:00,9.739999771118164,9.869999885559082,9.508000373840332,9.640000343322754,1180100,0.0,0.0
2026-01-27 00:00:00-05:00,9.579999923706055,9.74899959564209,9.0,9.149999618530273,2215400,0.0,0.0
2026-01-28 00:00:00-05:00,9.25,9.390000343322754,9.029999732971191,9.119999885559082,855000,0.0,0.0
2026-01-29 00:00:00-05:00,9.069999694824219,9.09000015258789,8.0600004196167,8.265000343322754,2250800,0.0,0.0
2026-01-30 00:00:00-05:00,8.149999618530273,8.399999618530273,7.841000080108643,8.34000015258789,1731500,0.0,0.0
2026-02-02 00:00:00-05:00,8.170000076293945,8.21399974822998,7.599999904632568,7.619999885559082,1679300,0.0,0.0
2026-02-03 00:00:00-05:00,7.650000095367432,8.0,7.210000038146973,7.550000190734863,2101600,0.0,0.0
2026-02-04 00:00:00-05:00,7.46999979019165,8.020000457763672,7.21999979019165,7.340000152587891,2030600,0.0,0.0
2026-02-05 00:00:00-05:00,7.085000038146973,7.127999782562256,6.659999847412109,6.699999809265137,2644300,0.0,0.0
2026-02-06 00:00:00-05:00,6.760000228881836,7.880000114440918,6.760000228881836,7.679999828338623,1971200,0.0,0.0
2026-02-09 00:00:00-05:00,7.679999828338623,8.050000190734863,7.550000190734863,7.900000095367432,992100,0.0,0.0
2026-02-10 00:00:00-05:00,7.900000095367432,7.900000095367432,7.260000228881836,7.289999961853027,998600,0.0,0.0
2026-02-11 00:00:00-05:00,7.289999961853027,7.340000152587891,6.659999847412109,6.679999828338623,1229300,0.0,0.0
2026-02-12 00:00:00-05:00,6.769999980926514,6.929999828338623,6.46999979019165,6.699999809265137,1439100,0.0,0.0
2026-02-13 00:00:00-05:00,6.849999904632568,7.730000019073486,6.829999923706055,7.559999942779541,1753500,0.0,0.0
2026-02-17 00:00:00-05:00,6.980000019073486,7.090000152587891,6.304999828338623,6.585000038146973,2745200,0.0,0.0
2026-02-18 00:00:00-05:00,6.550000190734863,6.710000038146973,6.335000038146973,6.375,1961900,0.0,0.0
2026-02-19 00:00:00-05:00,6.300000190734863,6.300000190734863,5.829999923706055,6.0,1962600,0.0,0.0
2026-02-20 00:00:00-05:00,5.889999866485596,6.0879998207092285,5.789999961853027,5.820000171661377,1353900,0.0,0.0
2026-02-23 00:00:00-05:00,5.728000164031982,5.900000095367432,5.570000171661377,5.869999885559082,864800,0.0,0.0
2026-02-24 00:00:00-05:00,5.840000152587891,6.0,5.614999771118164,5.96999979019165,638200,0.0,0.0
2026-02-25 00:00:00-05:00,6.139999866485596,6.485000133514404,6.11299991607666,6.190000057220459,1369900,0.0,0.0
2026-02-26 00:00:00-05:00,6.190000057220459,6.425000190734863,6.019999980926514,6.130000114440918,838200,0.0,0.0
2026-02-27 00:00:00-05:00,5.989999771118164,6.070000171661377,5.760000228881836,6.03000020980835,786900,0.0,0.0
2026-03-02 00:00:00-05:00,5.78000020980835,6.619999885559082,5.769999980926514,6.599999904632568,952400,0.0,0.0
2026-03-03 00:00:00-05:00,6.409999847412109,6.650000095367432,6.25,6.5,714000,0.0,0.0
2026-03-04 00:00:00-05:00,6.75,8.878000259399414,6.710000038146973,8.6899995803833,5217300,0.0,0.0
2026-03-05 00:00:00-05:00,8.329999923706055,9.6899995803833,8.312999725341797,9.25,3705300,0.0,0.0
2026-03-06 00:00:00-05:00,9.199999809265137,9.420000076293945,8.65999984741211,8.9399995803833,1139500,0.0,0.0
2026-03-09 00:00:00-04:00,8.65999984741211,9.289999961853027,8.5,8.710000038146973,988000,0.0,0.0
2026-03-10 00:00:00-04:00,8.760000228881836,9.680000305175781,8.65999984741211,9.270000457763672,1445000,0.0,0.0
2026-03-11 00:00:00-04:00,9.270000457763672,10.079999923706055,8.59000015258789,8.640000343322754,2487100,0.0,0.0
2026-03-12 00:00:00-04:00,8.5,8.59000015258789,7.630000114440918,7.900000095367432,2020400,0.0,0.0
2026-03-13 00:00:00-04:00,8.149999618530273,8.274999618530273,7.75,7.755000114440918,2049100,0.0,0.0
2026-03-16 00:00:00-04:00,7.760000228881836,8.074999809265137,7.199999809265137,7.21999979019165,1766000,0.0,0.0
2026-03-17 00:00:00-04:00,7.239999771118164,7.359000205993652,7.079999923706055,7.110000133514404,1335200,0.0,0.0
2026-03-18 00:00:00-04:00,6.559999942779541,6.650000095367432,5.78000020980835,5.960000038146973,3776600,0.0,0.0
2026-03-19 00:00:00-04:00,5.869999885559082,6.164999961853027,5.599999904632568,6.010000228881836,2572100,0.0,0.0
2026-03-20 00:00:00-04:00,6.0,6.099999904632568,5.510000228881836,5.96999979019165,2795800,0.0,0.0
2026-03-23 00:00:00-04:00,5.960000038146973,6.019999980926514,5.485000133514404,5.769999980926514,2080000,0.0,0.0
2026-03-24 00:00:00-04:00,5.690000057220459,5.760000228881836,5.119999885559082,5.190000057220459,2665500,0.0,0.0
2026-03-25 00:00:00-04:00,5.349999904632568,5.409999847412109,4.909999847412109,4.929999828338623,2401200,0.0,0.0
2026-03-26 00:00:00-04:00,4.789999961853027,4.859000205993652,4.550000190734863,4.590000152587891,1998500,0.0,0.0
2026-03-27 00:00:00-04:00,4.480000019073486,4.480000019073486,4.059999942779541,4.110000133514404,2058100,0.0,0.0
2026-03-30 00:00:00-04:00,4.110000133514404,4.210000038146973,3.9100000858306885,4.039999961853027,1854300,0.0,0.0
2026-03-31 00:00:00-04:00,4.019999980926514,4.440000057220459,4.019999980926514,4.420000076293945,1538400,0.0,0.0
2026-04-01 00:00:00-04:00,4.510000228881836,4.519999980926514,4.28000020980835,4.28000020980835,1006900,0.0,0.0
2026-04-02 00:00:00-04:00,4.119999885559082,4.320000171661377,3.940000057220459,4.289999961853027,1486800,0.0,0.0
2026-04-06 00:00:00-04:00,4.289999961853027,4.489999771118164,4.260000228881836,4.349999904632568,1411100,0.0,0.0
2026-04-07 00:00:00-04:00,4.320000171661377,4.440000057220459,4.179999828338623,4.380000114440918,890100,0.0,0.0
2026-04-08 00:00:00-04:00,4.690000057220459,4.800000190734863,4.429999828338623,4.480000019073486,1500700,0.0,0.0
2026-04-09 00:00:00-04:00,4.480000019073486,5.179999828338623,4.210000038146973,4.869999885559082,5466400,0.0,0.0
2026-04-10 00:00:00-04:00,4.96999979019165,4.989999771118164,4.380000114440918,4.414999961853027,1851500,0.0,0.0
2026-04-13 00:00:00-04:00,4.349999904632568,4.868000030517578,4.284999847412109,4.800000190734863,1634700,0.0,0.0
2026-04-14 00:00:00-04:00,4.909999847412109,5.239999771118164,4.900000095367432,5.099999904632568,1956900,0.0,0.0
2026-04-15 00:00:00-04:00,5.135000228881836,5.199999809265137,4.849999904632568,4.900000095367432,2815500,0.0,0.0
2026-04-16 00:00:00-04:00,4.949999809265137,4.989999771118164,4.659999847412109,4.840000152587891,2215300,0.0,0.0
2026-04-17 00:00:00-04:00,4.949999809265137,5.090000152587891,4.800000190734863,4.809999942779541,2228600,0.0,0.0
2026-04-20 00:00:00-04:00,4.760000228881836,4.800000190734863,4.545000076293945,4.670000076293945,1878200,0.0,0.0
2026-04-21 00:00:00-04:00,4.684999942779541,4.71999979019165,4.414999961853027,4.5,1508200,0.0,0.0
2026-04-22 00:00:00-04:00,4.619999885559082,4.849999904632568,4.590000152587891,4.710000038146973,1514700,0.0,0.0
2026-04-23 00:00:00-04:00,4.610000133514404,4.670000076293945,4.329999923706055,4.369999885559082,1214800,0.0,0.0
2026-04-24 00:00:00-04:00,4.429999828338623,4.46999979019165,4.170000076293945,4.389999866485596,1151800,0.0,0.0
2026-04-27 00:00:00-04:00,4.340000152587891,4.526000022888184,4.340000152587891,4.369999885559082,1095400,0.0,0.0
2026-04-28 00:00:00-04:00,4.289999961853027,4.480000019073486,4.199999809265137,4.46999979019165,571500,0.0,0.0
2026-04-29 00:00:00-04:00,4.380000114440918,4.400000095367432,4.099999904632568,4.139999866485596,1397800,0.0,0.0
2026-04-30 00:00:00-04:00,4.25,4.514999866485596,4.159999847412109,4.440000057220459,1343000,0.0,0.0
2026-05-01 00:00:00-04:00,4.5,4.829999923706055,4.461999893188477,4.71999979019165,1877900,0.0,0.0
2026-05-04 00:00:00-04:00,4.71999979019165,5.0,4.699999809265137,4.699999809265137,1523400,0.0,0.0
2026-05-05 00:00:00-04:00,4.739999771118164,4.9679999351501465,4.650000095367432,4.800000190734863,1506100,0.0,0.0
2026-05-06 00:00:00-04:00,4.800000190734863,5.050000190734863,4.739999771118164,5.019999980926514,1458000,0.0,0.0
2026-05-07 00:00:00-04:00,4.949999809265137,5.019999980926514,4.679999828338623,4.75,1614800,0.0,0.0
2026-05-08 00:00:00-04:00,4.699999809265137,5.0,4.579999923706055,5.0,1985200,0.0,0.0
2026-05-11 00:00:00-04:00,5.03000020980835,5.340000152587891,4.931000232696533,5.21999979019165,1721100,0.0,0.0
2026-05-12 00:00:00-04:00,5.099999904632568,5.230000019073486,4.929999828338623,5.059999942779541,948000,0.0,0.0
2026-05-13 00:00:00-04:00,4.980000019073486,5.010000228881836,4.760000228881836,4.920000076293945,1071200,0.0,0.0
2026-05-14 00:00:00-04:00,4.900000095367432,5.340000152587891,4.78000020980835,5.260000228881836,4523400,0.0,0.0
2026-05-15 00:00:00-04:00,6.744999885559082,6.960000038146973,5.420000076293945,5.579999923706055,17026000,0.0,0.0
2026-05-18 00:00:00-04:00,5.400000095367432,5.619999885559082,5.130000114440918,5.369999885559082,2922700,0.0,0.0
2026-05-19 00:00:00-04:00,5.289999961853027,5.379000186920166,4.909999847412109,4.949999809265137,2684600,0.0,0.0
2026-05-20 00:00:00-04:00,4.949999809265137,5.218999862670898,4.889999866485596,5.019999980926514,2242100,0.0,0.0
2026-05-21 00:00:00-04:00,4.989999771118164,5.320000171661377,4.860000133514404,5.289999961853027,1644400,0.0,0.0
2026-05-22 00:00:00-04:00,5.369999885559082,5.539999961853027,5.150000095367432,5.159999847412109,1583900,0.0,0.0
2026-05-26 00:00:00-04:00,5.295000076293945,5.380000114440918,4.619999885559082,4.78000020980835,3733300,0.0,0.0
2026-05-27 00:00:00-04:00,4.800000190734863,4.920000076293945,4.684999942779541,4.849999904632568,1643500,0.0,0.0
2026-05-28 00:00:00-04:00,4.71999979019165,5.269999980926514,4.679999828338623,5.199999809265137,3110500,0.0,0.0
2026-05-29 00:00:00-04:00,5.170000076293945,5.329999923706055,4.96999979019165,5.269999980926514,1759400,0.0,0.0
2026-06-01 00:00:00-04:00,5.170000076293945,5.329999923706055,5.039999961853027,5.159999847412109,1480700,0.0,0.0
2026-06-02 00:00:00-04:00,5.050000190734863,5.150000095367432,4.925000190734863,4.949999809265137,1715900,0.0,0.0
2026-06-03 00:00:00-04:00,4.860000133514404,4.860000133514404,4.5,4.510000228881836,2175700,0.0,0.0
2026-06-04 00:00:00-04:00,4.5,4.789999961853027,4.5,4.619999885559082,1567700,0.0,0.0
2026-06-05 00:00:00-04:00,4.539999961853027,4.650000095367432,4.144999980926514,4.184999942779541,1932200,0.0,0.0
2026-06-08 00:00:00-04:00,4.320000171661377,4.869999885559082,4.300000190734863,4.809999942779541,2030700,0.0,0.0
2026-06-09 00:00:00-04:00,4.800000190734863,4.889999866485596,4.369999885559082,4.460000038146973,2136900,0.0,0.0
2026-06-10 00:00:00-04:00,4.400000095367432,4.630000114440918,4.320000171661377,4.320000171661377,1015700,0.0,0.0
2026-06-11 00:00:00-04:00,4.300000190734863,4.695000171661377,4.300000190734863,4.639999866485596,1080300,0.0,0.0
2026-06-12 00:00:00-04:00,4.579999923706055,4.841000080108643,4.579999923706055,4.699999809265137,1675300,0.0,0.0
2026-06-15 00:00:00-04:00,4.980000019073486,5.25,4.909999847412109,5.130000114440918,2009100,0.0,0.0
2026-06-16 00:00:00-04:00,5.050000190734863,5.130000114440918,4.699999809265137,4.710000038146973,1479500,0.0,0.0
2026-06-17 00:00:00-04:00,4.679999828338623,5.099999904632568,4.610000133514404,4.78000020980835,1472100,0.0,0.0
2026-06-18 00:00:00-04:00,4.849999904632568,4.927999973297119,4.664999961853027,4.710000038146973,1484400,0.0,0.0
2026-06-22 00:00:00-04:00,4.710000038146973,5.150000095367432,4.525000095367432,4.570000171661377,1411200,0.0,0.0
2026-06-23 00:00:00-04:00,4.440000057220459,4.59499979019165,4.329999923706055,4.429999828338623,1164200,0.0,0.0
2026-06-24 00:00:00-04:00,4.360000133514404,4.40500020980835,4.119999885559082,4.179999828338623,1302400,0.0,0.0
2026-06-25 00:00:00-04:00,4.21999979019165,4.25,3.890000104904175,3.9100000858306885,1664400,0.0,0.0
2026-06-26 00:00:00-04:00,3.8499999046325684,4.25,3.8299999237060547,4.179999828338623,7210700,0.0,0.0
2026-06-29 00:00:00-04:00,4.170000076293945,4.295000076293945,3.9600000381469727,4.230000019073486,1575200,0.0,0.0
2026-06-30 00:00:00-04:00,4.269999980926514,4.349999904632568,4.070000171661377,4.260000228881836,1066400,0.0,0.0
2026-07-01 00:00:00-04:00,4.25,4.690000057220459,4.239999771118164,4.579999923706055,2118800,0.0,0.0
2026-07-02 00:00:00-04:00,4.619999885559082,4.880000114440918,4.230000019073486,4.230000019073486,2060600,0.0,0.0
2026-07-06 00:00:00-04:00,4.130000114440918,4.46999979019165,4.090000152587891,4.409999847412109,1482700,0.0,0.0
2026-07-07 00:00:00-04:00,4.389999866485596,4.400000095367432,4.099999904632568,4.190000057220459,1017400,0.0,0.0
2026-07-08 00:00:00-04:00,4.070000171661377,4.21999979019165,3.9649999141693115,4.21999979019165,1015700,0.0,0.0
2026-07-09 00:00:00-04:00,4.210000038146973,4.289999961853027,4.099999904632568,4.25,825100,0.0,0.0
2026-07-10 00:00:00-04:00,4.300000190734863,4.400000095367432,4.230000019073486,4.309999942779541,914300,0.0,0.0
2026-07-13 00:00:00-04:00,4.239999771118164,4.324999809265137,4.159999847412109,4.25,867000,0.0,0.0
2026-07-14 00:00:00-04:00,4.349999904632568,4.429999828338623,4.25,4.340000152587891,837600,0.0,0.0
2026-07-15 00:00:00-04:00,4.429999828338623,4.739999771118164,4.380000114440918,4.670000076293945,1286600,0.0,0.0
2026-07-16 00:00:00-04:00,4.590000152587891,4.72599983215332,4.449999809265137,4.550000190734863,1012600,0.0,0.0
2026-07-17 00:00:00-04:00,4.389999866485596,4.40500020980835,4.119999885559082,4.190000057220459,1192600,0.0,0.0
2026-07-20 00:00:00-04:00,4.199999809265137,4.565999984741211,4.190000057220459,4.5,1034400,0.0,0.0
2026-07-21 00:00:00-04:00,4.570000171661377,4.869999885559082,4.570000171661377,4.769999980926514,1461600,0.0,0.0
2026-07-22 00:00:00-04:00,4.690000057220459,4.829999923706055,4.534999847412109,4.559999942779541,671100,0.0,0.0
2026-07-23 00:00:00-04:00,4.440000057220459,4.5,4.2210001945495605,4.400000095367432,849200,0.0,0.0
2026-07-24 00:00:00-04:00,4.329999923706055,4.400000095367432,4.215000152587891,4.289999961853027,518300,0.0,0.0
2026-07-27 00:00:00-04:00,4.349999904632568,4.4629998207092285,4.241000175476074,4.449999809265137,757800,0.0,0.0
2026-07-28 00:00:00-04:00,4.349999904632568,4.389999866485596,4.110000133514404,4.380000114440918,946000,0.0,0.0
2026-07-29 00:00:00-04:00,4.170000076293945,4.309999942779541,4.039999961853027,4.065000057220459,1200200,0.0,0.0
2026-07-30 00:00:00-04:00,4.070000171661377,4.179999828338623,4.025000095367432,4.110000133514404,1034100,0.0,0.0
2026-07-31 00:00:00-04:00,4.079999923706055,4.099999904632568,3.740000009536743,3.9000000953674316,1919600,0.0,0.0
2026-08-03 00:00:00-04:00,3.9100000858306885,4.125,3.8499999046325684,3.990000009536743,2006000,0.0,0.0
2026-08-04 00:00:00-04:00,4.050000190734863,4.239999771118164,3.884999990463257,4.210000038146973,1487400,0.0,0.0
2026-08-05 00:00:00-04:00,4.139999866485596,4.239999771118164,4.014999866485596,4.03000020980835,807500,0.0,0.0
2026-08-06 00:00:00-04:00,4.010000228881836,4.170000076293945,3.940000057220459,3.9800000190734863,908000,0.0,0.0
2026-08-07 00:00:00-04:00,4.065000057220459,4.130000114440918,3.9730000495910645,4.090000152587891,832600,0.0,0.0
2026-08-10 00:00:00-04:00,4.039999961853027,4.125,3.9149999618530273,4.110000133514404,1369000,0.0,0.0
2026-08-11 00:00:00-04:00,4.099999904632568,4.150000095367432,4.005000114440918,4.050000190734863,711900,0.0,0.0
2026-08-12 00:00:00-04:00,4.090000152587891,4.275000095367432,3.990000009536743,4.170000076293945,1366200,0.0,0.0
2026-08-13 00:00:00-04:00,4.159999847412109,4.429999828338623,4.150000095367432,4.300000190734863,2449000,0.0,0.0
2026-08-14 00:00:00-04:00,3.9000000953674316,4.28000020980835,3.865000009536743,3.9200000762939453,3752800,0.0,0.0
2026-08-17 00:00:00-04:00,3.890000104904175,3.930000066757202,3.384999990463257,3.609999895095825,3845700,0.0,0.0
2026-08-18 00:00:00-04:00,3.559999942779541,3.5999999046325684,3.4300999641418457,3.5399999618530273,1523541,0.0,0.0
