Date,Open,High,Low,Close,Volume,Dividends,Stock Splits
2022-01-03 00:00:00-05:00,26.027560186788627,26.194718756198448,25.61458030209776,25.988229751586914,73200,0.0,0.0
2022-01-04 00:00:00-05:00,25.771903414256833,26.33237753674061,25.526082121673074,25.565414428710938,59300,0.0,0.0
2022-01-05 00:00:00-05:00,25.41792009308496,25.742404099572536,25.221262323803256,25.270427703857422,70100,0.0,0.0
2022-01-06 00:00:00-05:00,25.201599330749755,25.457253712674724,24.749289030360153,25.172101974487305,82300,0.0,0.0
2022-01-07 00:00:00-05:00,25.46708538464354,25.46708538464354,24.995108955810835,25.1917667388916,55000,0.0,0.0
2022-01-10 00:00:00-05:00,25.122937401846865,25.604748825037245,24.86728488711061,25.535917282104492,80100,0.0,0.0
2022-01-11 00:00:00-05:00,25.594917290747617,25.703077399513727,25.083608479509653,25.299930572509766,87600,0.0,0.0
2022-01-12 00:00:00-05:00,25.467083738017156,25.683407660512657,25.339257500106854,25.349090576171875,101300,0.0,0.0
2022-01-13 00:00:00-05:00,25.319591948639655,25.496583571073884,24.611627334370276,24.749286651611328,54700,0.0,0.0
2022-01-14 00:00:00-05:00,24.582130129974665,24.945946481104077,24.56246397575844,24.827951431274414,46800,0.0,0.0
2022-01-18 00:00:00-05:00,24.729621948709358,24.729621948709358,23.834832583253306,23.923328399658203,73800,0.0,0.0
2022-01-19 00:00:00-05:00,24.031492910930325,24.61163137961021,24.031492910930325,24.3166446685791,104100,0.0,0.0
2022-01-20 00:00:00-05:00,24.355977513751,24.59196576246447,23.687343204662238,23.746339797973633,88000,0.0,0.0
2022-01-21 00:00:00-05:00,23.569346328280353,24.46413573907474,23.43168699599437,23.933162689208984,91600,0.0,0.0
2022-01-24 00:00:00-05:00,23.736504083983082,24.857450485229492,23.736504083983082,24.857450485229492,94800,0.0,0.0
2022-01-25 00:00:00-05:00,24.79845658363831,24.926284733172604,24.100324864760946,24.25765037536621,87100,0.0,0.0
2022-01-26 00:00:00-05:00,24.336308251058508,25.260596847138743,23.687340181067693,23.923328399658203,78800,0.0,0.0
2022-01-27 00:00:00-05:00,23.942995244309937,24.080654573593137,23.579178891317287,23.618511199951172,59300,0.0,0.0
2022-01-28 00:00:00-05:00,23.5988455119425,24.041324615478516,23.303860693230313,24.041324615478516,60200,0.0,0.0
2022-01-31 00:00:00-05:00,23.93315818119305,24.100316714112175,23.726667346190652,23.942991256713867,73600,0.0,0.0
2022-02-01 00:00:00-05:00,23.883995609302495,23.91349296154644,23.579175882687032,23.795499801635742,74200,0.0,0.0
2022-02-02 00:00:00-05:00,23.746336055803496,23.952826913054444,23.53984707402014,23.63817596435547,74700,0.0,0.0
2022-02-03 00:00:00-05:00,23.53984902282892,23.707007587597364,23.47101935653622,23.53001594543457,74600,0.0,0.0
2022-02-04 00:00:00-05:00,23.490682988640057,23.667674625926363,23.176032022561156,23.431686401367188,73300,0.0,0.0
2022-02-07 00:00:00-05:00,23.382522628412616,23.490682724619276,23.1465344065058,23.27436065673828,71600,0.0,0.0
2022-02-08 00:00:00-05:00,23.274361223827288,23.677508013841056,23.077703429712795,23.480850219726562,71400,0.0,0.0
2022-02-09 00:00:00-05:00,23.569344428293427,23.726669902642914,23.382521599670653,23.63817596435547,74100,0.0,0.0
2022-02-10 00:00:00-05:00,23.362858694235133,23.598846938564638,23.235030556389244,23.32352638244629,76200,0.0,0.0
2022-02-11 00:00:00-05:00,23.30386027934399,23.598845092817122,23.30386027934399,23.51034927368164,89600,0.0,0.0
2022-02-14 00:00:00-05:00,23.628347276321087,23.77583970148438,23.47102177275118,23.549684524536133,115100,0.0,0.0
2022-02-15 00:00:00-05:00,23.687342331922785,23.864333980803753,23.471020247439277,23.78567123413086,93400,0.0,0.0
2022-02-16 00:00:00-05:00,23.824998792978242,23.824998792978242,23.559511351713134,23.63817596435547,75200,0.0,0.0
2022-02-17 00:00:00-05:00,23.480847198946424,23.530012578883845,23.19569549717929,23.25469207763672,85700,0.0,0.0
2022-02-18 00:00:00-05:00,23.166202208009103,23.82500346431831,23.14653792646056,23.412023544311523,268800,0.0,0.0
2022-02-22 00:00:00-05:00,22.212415379443883,22.802386942569505,19.321556032955858,19.429718017578125,216600,0.0,0.0
2022-02-23 00:00:00-05:00,19.49854565052437,19.97052210148427,18.603756258945843,18.65291976928711,147900,0.0,0.0
2022-02-24 00:00:00-05:00,18.20060345567567,19.311714551086045,18.20060345567567,19.144556045532227,224200,0.0,0.0
2022-02-25 00:00:00-05:00,19.24289220808477,19.685371324581123,19.193728695348636,19.498546600341797,130400,0.0,0.0
2022-02-28 00:00:00-05:00,19.410048575701914,20.21634209612465,19.410048575701914,20.147512435913086,145300,0.0,0.0
2022-03-01 00:00:00-05:00,20.14751047626531,20.609653775212276,19.429712838921915,19.85252571105957,151000,0.0,0.0
2022-03-02 00:00:00-05:00,19.84269596860281,20.727652288339556,19.84269596860281,20.422834396362305,101500,0.0,0.0
2022-03-03 00:00:00-05:00,20.639155556387205,20.639155556387205,20.255674939063628,20.4621639251709,78800,0.0,0.0
2022-03-04 00:00:00-05:00,20.334336540463042,20.491662009306786,20.265506882277347,20.34416961669922,118100,0.0,0.0
2022-03-07 00:00:00-05:00,20.324504450063753,20.550659588062814,20.009853497114168,20.088516235351562,142100,0.0,0.0
2022-03-08 00:00:00-05:00,20.118012374809947,20.530992194477445,20.009852288434114,20.07868194580078,116000,0.0,0.0
2022-03-09 00:00:00-05:00,20.304837386124515,20.304837386124515,19.941022941391143,20.127845764160156,51600,0.0,0.0
2022-03-10 00:00:00-05:00,19.72470057334824,20.088516922304635,19.449381917836284,19.78369903564453,77200,0.0,0.0
2022-03-11 00:00:00-05:00,19.80336049735651,19.80336049735651,18.908571243286133,18.908571243286133,81300,0.0,0.0
2022-03-14 00:00:00-04:00,18.918409225358662,19.301889897852476,18.761083725080795,18.839746475219727,87500,0.0,0.0
2022-03-15 00:00:00-04:00,19.105230224890324,19.646036291926603,19.036400566409437,19.321552276611328,105600,0.0,0.0
2022-03-16 00:00:00-04:00,19.498542754665884,19.724697869396234,19.30188499157236,19.606704711914062,103100,0.0,0.0
2022-03-17 00:00:00-04:00,19.616538926279,20.324503538668893,19.557540468645858,20.127845764160156,133500,0.0,0.0
2022-03-18 00:00:00-04:00,20.10818634120369,20.82598420314233,20.10818634120369,20.64899253845215,202700,0.0,0.0
2022-03-21 00:00:00-04:00,20.50150021437238,20.707989240586524,20.15734996188082,20.245845794677734,78600,0.0,0.0
2022-03-22 00:00:00-04:00,20.255678478185924,20.67849147652923,20.255678478185924,20.304841995239258,53200,0.0,0.0
2022-03-23 00:00:00-04:00,20.255674831226948,20.255674831226948,19.852528062477234,19.98035430908203,66900,0.0,0.0
2022-03-24 00:00:00-04:00,19.970519880294308,20.088514917644318,19.823027490207412,19.891857147216797,73000,0.0,0.0
2022-03-25 00:00:00-04:00,20.26550997023378,20.26550997023378,19.921359751397887,20.059019088745117,81900,0.0,0.0
2022-03-28 00:00:00-04:00,20.019685783074237,20.3048374946213,19.793528778540484,19.911523818969727,71800,0.0,0.0
2022-03-29 00:00:00-04:00,20.275341775404076,20.275341775404076,19.96068893405275,20.157346725463867,155500,0.0,0.0
2022-03-30 00:00:00-04:00,20.108179347507694,20.295002150398155,19.842691942809882,19.86235809326172,117800,0.0,0.0
2022-03-31 00:00:00-04:00,19.891861688031252,19.990190595691043,19.508381011172784,19.58704376220703,201000,0.0,0.0
2022-04-01 00:00:00-04:00,19.626371566531834,20.35400426030008,19.626371566531834,20.295005798339844,137400,0.0,0.0
2022-04-04 00:00:00-04:00,20.285175352169098,20.462167010068853,19.813198848081687,19.990190505981445,90600,0.0,0.0
2022-04-05 00:00:00-04:00,19.980354514757405,19.980354514757405,19.488711925809763,19.54770851135254,53700,0.0,0.0
2022-04-06 00:00:00-04:00,19.714870029337213,19.714870029337213,19.18389692872302,19.58704376220703,135100,0.0,0.0
2022-04-07 00:00:00-04:00,19.606703933554343,19.91152176632776,19.606703933554343,19.83285903930664,102400,0.0,0.0
2022-04-08 00:00:00-04:00,19.86235989735339,19.9016903263621,19.646035973669207,19.675535202026367,85200,0.0,0.0
2022-04-11 00:00:00-04:00,19.557546018571344,19.921362442013933,19.419886662631583,19.459218978881836,102300,0.0,0.0
2022-04-12 00:00:00-04:00,19.577208599749618,19.803363750463635,19.48871277982366,19.616540908813477,106400,0.0,0.0
2022-04-13 00:00:00-04:00,19.626372671794815,19.9803559616202,19.557543004432716,19.823030471801758,78900,0.0,0.0
2022-04-14 00:00:00-04:00,19.911525379574364,19.960688889583768,19.537877827286902,19.56737518310547,123700,0.0,0.0
2022-04-18 00:00:00-04:00,19.695198007539275,19.695198007539275,19.04623009769822,19.183889389038086,89100,0.0,0.0
2022-04-19 00:00:00-04:00,19.282226978472472,19.705039993625316,19.282226978472472,19.410053253173828,86900,0.0,0.0
2022-04-20 00:00:00-04:00,19.616537523801497,20.078680822748463,19.380547461076027,19.85252571105957,67800,0.0,0.0
2022-04-21 00:00:00-04:00,19.8623631731803,20.049186023851824,19.685371524781747,19.764034271240234,93900,0.0,0.0
2022-04-22 00:00:00-04:00,19.705038262049893,19.803365291425227,18.947908132865475,19.085567474365234,92100,0.0,0.0
2022-04-25 00:00:00-04:00,18.908574701200102,19.164229088468463,18.702085701176284,18.967573165893555,102700,0.0,0.0
2022-04-26 00:00:00-04:00,20.334334744041318,20.334334744041318,19.164225031854354,19.50837516784668,154900,0.0,0.0
2022-04-27 00:00:00-04:00,19.40021723736119,19.714868212501326,18.682419465889282,19.075733184814453,120900,0.0,0.0
2022-04-28 00:00:00-04:00,19.18389561770785,19.646039014017983,18.83974540215155,19.498546600341797,133500,0.0,0.0
2022-04-29 00:00:00-04:00,19.45921372847188,19.45921372847188,18.72174987697185,18.780746459960938,98300,0.0,0.0
2022-05-02 00:00:00-04:00,18.682419672020732,19.587042173263605,18.682419672020732,19.046236038208008,198000,0.0,0.0
2022-05-03 00:00:00-04:00,19.10523414371953,19.10523414371953,18.63325763835322,18.81024742126465,112600,0.0,0.0
2022-05-04 00:00:00-04:00,18.800413150370776,19.213392994038504,18.593922290803107,19.09539794921875,127200,0.0,0.0
2022-05-05 00:00:00-04:00,18.87907739457419,19.20356144938088,18.6332560841004,18.859411239624023,201000,0.0,0.0
2022-05-06 00:00:00-04:00,18.947907634072404,19.08556697194836,18.65292092730816,18.770915985107422,137800,0.0,0.0
2022-05-09 00:00:00-04:00,18.711919340660206,18.928241424630425,18.515261536710685,18.879077911376953,144700,0.0,0.0
2022-05-10 00:00:00-04:00,18.947907830605462,19.43955047151084,18.603757606878133,19.03640365600586,145800,0.0,0.0
2022-05-11 00:00:00-04:00,18.928240123548004,19.252724164932978,18.652919592037122,18.682418823242188,110200,0.0,0.0
2022-05-12 00:00:00-04:00,18.57425536485034,18.928238609118534,18.534924935191395,18.918405532836914,96300,0.0,0.0
2022-05-13 00:00:00-04:00,18.91840656906193,19.164227863164292,18.761081090873827,18.957738876342773,95700,0.0,0.0
2022-05-16 00:00:00-04:00,19.08556407868939,19.08556407868939,18.57425536485034,18.918405532836914,89000,0.0,0.0
2022-05-17 00:00:00-04:00,19.075728529586176,19.233053978762644,18.76107763123324,19.006898880004883,70400,0.0,0.0
2022-05-18 00:00:00-04:00,18.7709123224773,19.301885290299573,18.643084211847942,19.252721786499023,175000,0.0,0.0
2022-05-19 00:00:00-04:00,19.242892134005086,19.63620586078337,19.026570053143974,19.311721801757812,209700,0.0,0.0
2022-05-20 00:00:00-04:00,19.46904517559564,19.882025012676397,19.075731491582435,19.744365692138672,479500,0.0,0.0
2022-05-23 00:00:00-04:00,19.970522598669625,19.970522598669625,19.016736595842616,19.075733184814453,132500,0.0,0.0
2022-05-24 00:00:00-04:00,19.115064587541312,19.577207950918886,18.87907636738249,19.518211364746094,82700,0.0,0.0
2022-05-25 00:00:00-04:00,19.5870440610931,20.019690136117333,19.557544825704642,19.931194305419922,88400,0.0,0.0
2022-05-26 00:00:00-04:00,20.10817969623947,20.16717627315082,19.79352690995511,19.803359985351562,67900,0.0,0.0
2022-05-27 00:00:00-04:00,19.81319627847058,20.35400426030008,19.754199691978016,20.295005798339844,65400,0.0,0.0
2022-05-31 00:00:00-04:00,20.177012437381222,20.550659982310066,19.872192679829435,20.02952003479004,133900,0.0,0.0
2022-06-01 00:00:00-04:00,20.039352679721663,20.157347735574756,19.567376207244866,19.90169334411621,102700,0.0,0.0
2022-06-02 00:00:00-04:00,19.931192292495364,20.46216534758695,19.77386680391506,20.442501068115234,77900,0.0,0.0
2022-06-03 00:00:00-04:00,20.40316481466174,20.491660619316942,19.842692635490394,19.85252571105957,68500,0.0,0.0
2022-06-06 00:00:00-04:00,19.891862075400212,20.383504747805365,19.813199322834105,20.304841995239258,80700,0.0,0.0
2022-06-07 00:00:00-04:00,20.206511271123187,20.334339404731637,20.05901885774003,20.196680068969727,53000,0.0,0.0
2022-06-08 00:00:00-04:00,20.137678562433493,20.432665220124335,20.05901582880944,20.373666763305664,115000,0.0,0.0
2022-06-09 00:00:00-04:00,20.344172192504708,20.403168781923874,20.009855060016484,20.039352416992188,55800,0.0,0.0
2022-06-10 00:00:00-04:00,19.813196391324993,20.00002110432788,19.587041245592264,19.78369903564453,53100,0.0,0.0
2022-06-13 00:00:00-04:00,19.400218777374224,19.478881527403605,19.085567777256706,19.13473129272461,87200,0.0,0.0
2022-06-14 00:00:00-04:00,19.203562840034724,19.321556027344847,19.00690502722733,19.13473129272461,121800,0.0,0.0
2022-06-15 00:00:00-04:00,19.331382580815003,19.606703050725777,19.154390984120027,19.360881805419922,123600,0.0,0.0
2022-06-16 00:00:00-04:00,19.164228346785467,19.960688834645367,18.495594109878812,18.682418823242188,151500,0.0,0.0
2022-06-17 00:00:00-04:00,18.69225040476225,19.252722624541864,18.69225040476225,18.918405532836914,354900,0.0,0.0
2022-06-21 00:00:00-04:00,19.193729946114022,19.685372607384558,18.98723905313708,19.400218963623047,105800,0.0,0.0
2022-06-22 00:00:00-04:00,19.331386959218488,19.744366819887627,19.282223449209084,19.56737518310547,107500,0.0,0.0
2022-06-23 00:00:00-04:00,19.58704134216227,20.570326546336144,19.58704134216227,20.56049346923828,114400,0.0,0.0
2022-06-24 00:00:00-04:00,20.639153642884366,21.071799604027348,20.314669640893996,20.86530876159668,361300,0.0,0.0
2022-06-27 00:00:00-04:00,21.022638141757746,21.248795178076872,20.45233276304218,21.05213737487793,102700,0.0,0.0
2022-06-28 00:00:00-04:00,21.12096647451074,21.288125040087454,20.806315498241105,21.14063262939453,130500,0.0,0.0
2022-06-29 00:00:00-04:00,21.20946286724996,21.27829253572925,20.698154079306956,21.05213737487793,91600,0.0,0.0
2022-06-30 00:00:00-04:00,20.924309234463788,21.45528225461627,20.845646495349804,21.34712028503418,109200,0.0,0.0
2022-07-01 00:00:00-04:00,21.229129083062226,21.60277665964191,20.924311175157655,21.533946990966797,120100,0.0,0.0
2022-07-05 00:00:00-04:00,21.33728951024714,21.60277508789706,20.963640085385112,21.583110809326172,116000,0.0,0.0
2022-07-06 00:00:00-04:00,21.543777232403283,21.76009928768393,21.18979398242807,21.278289794921875,79800,0.0,0.0
2022-07-07 00:00:00-04:00,21.327457296392772,21.769934527362366,21.199629165436317,21.543779373168945,76900,0.0,0.0
2022-07-08 00:00:00-04:00,21.445448465012834,21.789598640498387,21.38645188150512,21.760099411010742,64800,0.0,0.0
2022-07-11 00:00:00-04:00,21.73060488116294,21.73060488116294,21.38645466095063,21.4257869720459,43000,0.0,0.0
2022-07-12 00:00:00-04:00,21.32745806977555,22.20258136149923,21.189796856409934,21.4257869720459,77800,0.0,0.0
2022-07-13 00:00:00-04:00,21.278292913939783,21.543780390336913,21.042304671187168,21.28812599182129,45400,0.0,0.0
2022-07-14 00:00:00-04:00,21.140631298160336,21.415951822793097,20.963639666286962,21.34712028503418,70900,0.0,0.0
2022-07-15 00:00:00-04:00,21.651939375840424,22.123915796043804,21.455281596355224,22.055086135864258,155400,0.0,0.0
2022-07-18 00:00:00-04:00,22.153414968975703,22.300907365478775,21.730602056990673,21.760099411010742,99100,0.0,0.0
2022-07-19 00:00:00-04:00,21.95675692526016,22.55656145600405,21.87809418970912,22.409069061279297,94900,0.0,0.0
2022-07-20 00:00:00-04:00,22.50740027342089,22.86138358717854,22.33040861654206,22.645061492919922,87400,0.0,0.0
2022-07-21 00:00:00-04:00,22.654891594066566,23.05803837043867,22.005921645635638,23.008872985839844,49300,0.0,0.0
2022-07-22 00:00:00-04:00,23.018710116331576,23.362860367257262,22.910548126634595,23.166202545166016,93600,0.0,0.0
2022-07-25 00:00:00-04:00,23.274360347322187,23.84466567821544,23.126867945024692,23.225196838378906,111800,0.0,0.0
2022-07-26 00:00:00-04:00,23.34319070557116,24.228147021192218,23.10720247977006,24.20848274230957,137200,0.0,0.0
2022-07-27 00:00:00-04:00,24.218312890115243,24.434636827619986,23.33335661300459,23.874164581298828,91600,0.0,0.0
2022-07-28 00:00:00-04:00,23.96266235530791,24.100321690086997,23.284195008027957,24.060989379882812,61300,0.0,0.0
2022-07-29 00:00:00-04:00,23.99215783749721,23.99215783749721,23.313690543239733,23.657840728759766,94200,0.0,0.0
2022-08-01 00:00:00-04:00,23.6873441946898,24.641130307537637,23.461189014653915,24.080657958984375,128700,0.0,0.0
2022-08-02 00:00:00-04:00,24.0118231929174,24.582128499077292,24.0118231929174,24.28714370727539,85800,0.0,0.0
2022-08-03 00:00:00-04:00,24.29698081528352,24.513304798966775,24.129824101299942,24.25765037536621,107900,0.0,0.0
2022-08-04 00:00:00-04:00,24.218315145540537,24.218315145540537,23.520183510676574,23.628345489501953,104200,0.0,0.0
2022-08-05 00:00:00-04:00,23.441520681452896,23.815168253979362,23.24486287982773,23.73650550842285,86300,0.0,0.0
2022-08-08 00:00:00-04:00,23.6873403452164,23.785669239177423,23.530014865065823,23.598844528198242,78800,0.0,0.0
2022-08-09 00:00:00-04:00,23.51034783092139,24.041322713149924,22.753217813877413,23.235027313232422,121800,0.0,0.0
2022-08-10 00:00:00-04:00,23.539852032045783,23.736507978669042,23.166202545166016,23.166202545166016,87400,0.0,0.0
2022-08-11 00:00:00-04:00,23.166198685063947,23.539848109683827,23.13670132949289,23.27436065673828,44800,0.0,0.0
2022-08-12 00:00:00-04:00,23.264527458216,23.500515678890263,23.02853923754174,23.49068260192871,47100,0.0,0.0
2022-08-15 00:00:00-04:00,23.29402558152727,23.716838493431982,23.02853814259162,23.667673110961914,56100,0.0,0.0
2022-08-16 00:00:00-04:00,23.549682361679366,23.549682361679366,23.20553215092726,23.392356872558594,50200,0.0,0.0
2022-08-17 00:00:00-04:00,23.26453145621164,23.45135619965152,23.12687210602856,23.166202545166016,49000,0.0,0.0
2022-08-18 00:00:00-04:00,23.274360391588274,23.274360391588274,22.890879769791912,23.117034912109375,39200,0.0,0.0
2022-08-19 00:00:00-04:00,23.097369534797494,23.35302391641224,23.038372946876468,23.29402732849121,57700,0.0,0.0
2022-08-22 00:00:00-04:00,23.156364361751145,23.402185647440508,22.96954153496388,23.37268829345703,62600,0.0,0.0
2022-08-23 00:00:00-04:00,23.22520101707418,23.42185696369744,23.14653826333128,23.166202545166016,76400,0.0,0.0
2022-08-24 00:00:00-04:00,23.087538359764952,23.274363091619833,22.67455845935661,22.704057693481445,44000,0.0,0.0
2022-08-25 00:00:00-04:00,22.6647259259262,22.94987956958129,22.615562410004657,22.910547256469727,51400,0.0,0.0
2022-08-26 00:00:00-04:00,22.97937858528714,22.97937858528714,22.33040855341022,22.458236694335938,62200,0.0,0.0
2022-08-29 00:00:00-04:00,22.271410683821948,22.468068485301917,21.337290815461575,22.261577606201172,51000,0.0,0.0
2022-08-30 00:00:00-04:00,22.251741554080922,22.320573088225313,21.730601638117577,21.927257537841797,85700,0.0,0.0
2022-08-31 00:00:00-04:00,21.986256419480867,22.202578475987533,21.720768980494793,21.760099411010742,99100,0.0,0.0
2022-09-01 00:00:00-04:00,21.681440359635413,22.015757515447888,21.39628859465883,21.97642707824707,53000,0.0,0.0
2022-09-02 00:00:00-04:00,21.976425929007423,21.976425929007423,21.415953631062994,21.563446044921875,56100,0.0,0.0
2022-09-06 00:00:00-04:00,21.6716075041254,21.681438706074896,21.24879455252255,21.543779373168945,64900,0.0,0.0
2022-09-07 00:00:00-04:00,21.50444517957371,21.92725618179325,21.2881212651474,21.838760375976562,71400,0.0,0.0
2022-09-08 00:00:00-04:00,21.799429685189228,22.222242557766194,21.63227115127432,22.08458137512207,78700,0.0,0.0
2022-09-09 00:00:00-04:00,22.192748382076225,22.320576518234517,21.897763549425726,22.094419479370117,75800,0.0,0.0
2022-09-12 00:00:00-04:00,22.26157403228313,22.300906336451753,22.01575275763171,22.12391471862793,58600,0.0,0.0
2022-09-13 00:00:00-04:00,21.80926595436664,21.97642451275909,21.563444655287608,21.583110809326172,70200,0.0,0.0
2022-09-14 00:00:00-04:00,21.63227354923103,21.868261762893802,21.44544884344765,21.70110321044922,54700,0.0,0.0
2022-09-15 00:00:00-04:00,21.602775653920272,21.809266525800204,21.386453580231144,21.49461555480957,49200,0.0,0.0
2022-09-16 00:00:00-04:00,21.327457427978516,21.533946428611436,21.091469194911852,21.327457427978516,256500,0.0,0.0
2022-09-19 00:00:00-04:00,21.376621320451132,21.583112200227806,21.111133850224466,21.563446044921875,59000,0.0,0.0
2022-09-20 00:00:00-04:00,21.386453498673262,21.386453498673262,21.022637142685436,21.307790756225586,50600,0.0,0.0
2022-09-21 00:00:00-04:00,21.406120856053,21.84859810388546,21.297958875808973,21.61260986328125,88500,0.0,0.0
2022-09-22 00:00:00-04:00,21.612606472155225,21.612606472155225,20.82597912690029,21.042301177978516,56800,0.0,0.0
2022-09-23 00:00:00-04:00,20.865312397484978,21.08163635348576,20.66865647212801,20.894811630249023,86200,0.0,0.0
2022-09-26 00:00:00-04:00,20.68832159604279,20.914476742890535,20.383501832412154,20.56049346923828,75900,0.0,0.0
2022-09-27 00:00:00-04:00,20.59982668521059,20.87514535420986,20.42283504058662,20.521163940429688,78500,0.0,0.0
2022-09-28 00:00:00-04:00,20.58016365372382,21.07180635209097,20.481834738956778,21.01280975341797,77100,0.0,0.0
2022-09-29 00:00:00-04:00,20.816149189032856,20.973474681803285,20.550661716682328,20.9439754486084,58000,0.0,0.0
2022-09-30 00:00:00-04:00,20.85547862614656,21.356954313647254,20.85547862614656,20.904644012451172,119000,0.0,0.0
2022-10-03 00:00:00-04:00,21.091470060594695,21.406121050931514,20.94397576783995,21.28812599182129,86600,0.0,0.0
2022-10-04 00:00:00-04:00,21.40611680764766,22.0452517395086,21.40611680764766,21.858427047729492,96100,0.0,0.0
2022-10-05 00:00:00-04:00,21.632275066418345,21.72077088718202,21.022637398431655,21.17013168334961,75700,0.0,0.0
2022-10-06 00:00:00-04:00,21.170129293749646,21.189793570780374,20.904641861425784,21.042301177978516,80300,0.0,0.0
2022-10-07 00:00:00-04:00,20.9439748353914,21.052136811804633,20.629323859063184,20.84564781188965,238800,0.0,0.0
2022-10-10 00:00:00-04:00,20.845649137414366,21.022638916252525,20.61949209276339,20.639158248901367,113100,0.0,0.0
2022-10-11 00:00:00-04:00,20.471997816407274,21.04230316442217,20.167179925778893,20.93414306640625,139600,0.0,0.0
2022-10-12 00:00:00-04:00,20.89480826415897,20.89480826415897,20.609654686447236,20.619487762451172,67900,0.0,0.0
2022-10-13 00:00:00-04:00,20.47199638851152,21.150463662687812,20.245841255608617,21.061967849731445,232600,0.0,0.0
2022-10-14 00:00:00-04:00,21.00297256604049,21.661773728004274,21.00297256604049,21.553611755371094,195500,0.0,0.0
2022-10-17 00:00:00-04:00,21.651940864851834,21.907595245577003,21.602775478865624,21.81909942626953,124200,0.0,0.0
2022-10-18 00:00:00-04:00,22.074752715608682,22.546729144935313,21.75026868601317,21.887928009033203,91300,0.0,0.0
2022-10-19 00:00:00-04:00,21.68143309721115,21.779761970478745,21.356949128255177,21.6224365234375,63700,0.0,0.0
2022-10-20 00:00:00-04:00,21.661775949730718,21.897764197933533,21.47495121660303,21.6027774810791,86600,0.0,0.0
2022-10-21 00:00:00-04:00,21.681439225821862,21.750270769392618,21.347122087492238,21.563446044921875,78300,0.0,0.0
2022-10-24 00:00:00-04:00,21.52411539765992,21.632277384733328,21.12096856007278,21.4061222076416,75000,0.0,0.0
2022-10-25 00:00:00-04:00,22.084581058537005,23.461181612440104,22.084581058537005,22.54672622680664,208500,0.0,0.0
2022-10-26 00:00:00-04:00,22.69421950482078,23.628341078268047,22.49756173921058,23.313688278198242,125100,0.0,0.0
2022-10-27 00:00:00-04:00,23.392354388904966,23.500514479024382,22.93020917264608,23.077701568603516,116200,0.0,0.0
2022-10-28 00:00:00-04:00,23.156367922173896,24.169152450103766,23.067872095681587,23.99216079711914,330000,0.0,0.0
2022-10-31 00:00:00-04:00,24.04132242228462,24.768953200801196,24.031489345828877,24.28714370727539,185900,0.0,0.0
2022-11-01 00:00:00-04:00,24.444472440816785,24.542799467557042,23.746338923060502,23.78567123413086,87400,0.0,0.0
2022-11-02 00:00:00-04:00,23.82500141635888,24.12982119750899,23.402188454188178,23.628345489501953,121800,0.0,0.0
2022-11-03 00:00:00-04:00,23.43168505305285,23.64800711091749,23.10720102852209,23.343189239501953,77400,0.0,0.0
2022-11-04 00:00:00-04:00,23.46118399589648,23.638175620834424,22.89087869080063,23.58901023864746,139500,0.0,0.0
2022-11-07 00:00:00-05:00,23.726671342054296,25.034440599089294,23.657841677284196,24.503467559814453,209800,0.0,0.0
2022-11-08 00:00:00-05:00,24.562466569166173,24.906616802416174,23.93316457154415,24.2281494140625,167800,0.0,0.0
2022-11-09 00:00:00-05:00,24.100317711224804,25.34909022202383,23.785666783410004,24.896778106689453,130500,0.0,0.0
2022-11-10 00:00:00-05:00,25.4179234903587,25.99806192426484,25.4179234903587,25.732574462890625,147100,0.0,0.0
2022-11-11 00:00:00-05:00,25.96856298449713,26.17505385971205,24.27731305037361,24.601797103881836,680900,0.0,0.0
2022-11-14 00:00:00-05:00,24.680457265286933,25.20159718657345,24.336307092919807,24.906612396240234,134200,0.0,0.0
2022-11-15 00:00:00-05:00,25.13276682696189,25.526080494937133,24.729620082853828,24.916444778442383,141700,0.0,0.0
2022-11-16 00:00:00-05:00,25.06394105960027,25.211433473549413,24.60179766243488,24.808286666870117,118200,0.0,0.0
2022-11-17 00:00:00-05:00,24.798451459396325,24.867282997097607,24.38547161052682,24.542797088623047,113100,0.0,0.0
2022-11-18 00:00:00-05:00,24.739453474742064,24.896778943940145,24.513298347203268,24.562461853027344,125600,0.0,0.0
2022-11-21 00:00:00-05:00,24.680461942781523,24.709959302124716,24.424807534155697,24.57229995727539,75800,0.0,0.0
2022-11-22 00:00:00-05:00,24.582132406640056,24.93611571344539,24.40514075323739,24.768957138061523,77600,0.0,0.0
2022-11-23 00:00:00-05:00,24.85745057739201,24.965610674275116,24.464134996286475,24.64112663269043,106400,0.0,0.0
2022-11-25 00:00:00-05:00,24.552635639274712,24.857455462077766,24.552635639274712,24.680463790893555,48700,0.0,0.0
2022-11-28 00:00:00-05:00,24.582129694154204,24.719789020291817,24.22814642640873,24.29697608947754,57800,0.0,0.0
2022-11-29 00:00:00-05:00,24.237978324996696,24.47396653353173,24.208480971097046,24.28714370727539,85500,0.0,0.0
2022-11-30 00:00:00-05:00,24.35597777594189,25.044276373232027,24.21831655610954,24.975446701049805,175500,0.0,0.0
2022-12-01 00:00:00-05:00,24.97544586301276,25.388425757716696,24.886950037328496,25.201601028442383,111600,0.0,0.0
2022-12-02 00:00:00-05:00,25.014774768748207,25.535914698524312,24.69029074390867,25.142601013183594,79200,0.0,0.0
2022-12-05 00:00:00-05:00,25.02461405425529,25.162273409412766,24.375645843558555,24.680463790893555,86800,0.0,0.0
2022-12-06 00:00:00-05:00,24.631294460721286,25.034441258247636,24.355975794391732,24.601797103881836,128400,0.0,0.0
2022-12-07 00:00:00-05:00,24.582130949010367,24.94594731226153,24.32647656208453,24.601797103881836,67800,0.0,0.0
2022-12-08 00:00:00-05:00,24.59196795530145,24.916452060649817,24.39531012610387,24.680463790893555,78200,0.0,0.0
2022-12-09 00:00:00-05:00,24.562459861803564,24.827947272853176,24.296972450753955,24.37563705444336,49500,0.0,0.0
2022-12-12 00:00:00-05:00,24.424805382702075,24.72962328036201,24.09048825282947,24.41497230529785,90400,0.0,0.0
2022-12-13 00:00:00-05:00,24.955780481112356,25.850571843609398,24.58213288644428,24.78862190246582,104500,0.0,0.0
2022-12-14 00:00:00-05:00,24.85744861542503,24.926278274045554,24.55262887658051,24.749286651611328,95100,0.0,0.0
2022-12-15 00:00:00-05:00,24.61163470895721,24.61163470895721,23.98233076557559,24.110158920288086,76400,0.0,0.0
2022-12-16 00:00:00-05:00,23.844667249527994,24.24781405092589,23.746338349694117,24.169151306152344,265100,0.0,0.0
2022-12-19 00:00:00-05:00,24.100319427188797,24.365806869735778,24.001990536378703,24.119985580444336,67900,0.0,0.0
2022-12-20 00:00:00-05:00,24.05115478115063,24.35597453955056,23.70700646596951,24.001991271972656,63800,0.0,0.0
2022-12-21 00:00:00-05:00,24.13965047759026,24.542797252334463,24.060987738017428,24.218313217163086,67500,0.0,0.0
2022-12-22 00:00:00-05:00,24.139653586213417,24.336311398204245,23.8545018218414,24.2281494140625,86600,0.0,0.0
2022-12-23 00:00:00-05:00,24.21831342598351,24.247812656878043,24.09048717637586,24.18881607055664,51700,0.0,0.0
2022-12-27 00:00:00-05:00,24.100316567932573,24.44446670720421,23.972488462404666,24.37563705444336,62800,0.0,0.0
2022-12-28 00:00:00-05:00,24.35597392874403,24.75912069538967,24.17898229939373,24.19864845275879,59600,0.0,0.0
2022-12-29 00:00:00-05:00,24.346141561430386,24.64112636863073,24.346141561430386,24.483800888061523,53500,0.0,0.0
2022-12-30 00:00:00-05:00,24.33630886884859,24.552630939181096,24.208482617167494,24.4248046875,65900,0.0,0.0
2023-01-03 00:00:00-05:00,24.395309728278814,24.680463388418374,24.00199595176565,24.25765037536621,120200,0.0,0.0
2023-01-04 00:00:00-05:00,24.04132651546638,24.503469934763434,23.520184627390048,23.746339797973633,139100,0.0,0.0
2023-01-05 00:00:00-05:00,23.559516369512206,23.559516369512206,23.24486535379761,23.35302734375,127900,0.0,0.0
2023-01-06 00:00:00-05:00,23.510347637992844,23.854497813413026,23.353022165023773,23.667673110961914,95000,0.0,0.0
2023-01-09 00:00:00-05:00,23.667676171716685,23.71684156054493,23.14653617841204,23.19569969177246,77000,0.0,0.0
2023-01-10 00:00:00-05:00,23.097370350382754,23.480850998612,23.028540682799843,23.362857818603516,73300,0.0,0.0
2023-01-11 00:00:00-05:00,23.30386027934399,23.530015428037906,23.30386027934399,23.51034927368164,58600,0.0,0.0
2023-01-12 00:00:00-05:00,23.569347274179535,23.95282980524424,23.254696287487956,23.78567123413086,75300,0.0,0.0
2023-01-13 00:00:00-05:00,23.618507779629308,23.99215528020284,23.618507779629308,23.962657928466797,56100,0.0,0.0
2023-01-17 00:00:00-05:00,23.92332610482917,23.92332610482917,23.47101586478516,23.57917594909668,70500,0.0,0.0
2023-01-18 00:00:00-05:00,23.75617088723867,23.883999016757464,23.471019147216573,23.559513092041016,61800,0.0,0.0
2023-01-19 00:00:00-05:00,23.53984673192806,23.942993488523353,23.441517843021693,23.58901023864746,54800,0.0,0.0
2023-01-20 00:00:00-05:00,23.756170529234375,23.756170529234375,23.46118571635103,23.618511199951172,79600,0.0,0.0
2023-01-23 00:00:00-05:00,23.539846867474886,23.756168923940464,23.39235447099983,23.667673110961914,104700,0.0,0.0
2023-01-24 00:00:00-05:00,23.569343635784826,23.736502181093975,23.323522355945933,23.461183547973633,91600,0.0,0.0
2023-01-25 00:00:00-05:00,23.37268829345703,23.480848383842403,23.16619743823483,23.37268829345703,83000,0.0,0.0
2023-01-26 00:00:00-05:00,23.480846816326675,23.480846816326675,23.185862043378826,23.313688278198242,70000,0.0,0.0
2023-01-27 00:00:00-05:00,23.323524290438357,23.333357367503588,22.979375970493688,23.05803871154785,73700,0.0,0.0
2023-01-30 00:00:00-05:00,22.98920730815142,23.68734078017322,22.959709952248833,23.431686401367188,99200,0.0,0.0
2023-01-31 00:00:00-05:00,23.412016831268176,23.834829708547986,23.412016831268176,23.775833129882812,106600,0.0,0.0
2023-02-01 00:00:00-05:00,23.834831068123037,24.001989613432187,23.412018166725336,23.461183547973633,147600,0.0,0.0
2023-02-02 00:00:00-05:00,23.50051716938149,23.952829360961914,23.42185442416765,23.952829360961914,185500,0.0,0.0
2023-02-03 00:00:00-05:00,23.805333580939532,24.53296627290669,23.805333580939532,24.483800888061523,142800,0.0,0.0
2023-02-06 00:00:00-05:00,24.473970891783523,24.473970891783523,23.913498562272128,24.01182746887207,86700,0.0,0.0
2023-02-07 00:00:00-05:00,23.825003716242687,24.365811787107265,23.490686545298903,24.346145629882812,106100,0.0,0.0
2023-02-08 00:00:00-05:00,24.2478131390379,24.267479293358644,23.815167121320037,23.913496017456055,70700,0.0,0.0
2023-02-09 00:00:00-05:00,23.96266262817331,24.14948547736722,23.57918010118687,23.628345489501953,118100,0.0,0.0
2023-02-10 00:00:00-05:00,23.549682994112175,23.87416705857134,23.510350683041818,23.78567123413086,93400,0.0,0.0
2023-02-13 00:00:00-05:00,23.893831892631255,24.188818606094916,23.736506395637782,23.99216079711914,74100,0.0,0.0
2023-02-14 00:00:00-05:00,24.031491067912818,24.14948424290188,23.844666352801152,23.913496017456055,128100,0.0,0.0
2023-02-15 00:00:00-05:00,23.75617556935268,24.28715059575579,23.638182369352943,24.110158920288086,95500,0.0,0.0
2023-02-16 00:00:00-05:00,23.92332841263189,24.542797252334463,23.77583601036629,24.218313217163086,115200,0.0,0.0
2023-02-17 00:00:00-05:00,24.365806869735778,24.405137300779256,23.982324383123164,24.119985580444336,417000,0.0,0.0
2023-02-21 00:00:00-05:00,24.188812366057746,26.05705356750216,24.188812366057746,25.290090560913086,282300,0.0,0.0
2023-02-22 00:00:00-05:00,25.27042628546263,25.62440762464673,24.847613418066118,25.290090560913086,148900,0.0,0.0
2023-02-23 00:00:00-05:00,25.349096357865886,25.66374736184312,25.093441948267404,25.240934371948242,189000,0.0,0.0
2023-02-24 00:00:00-05:00,24.985277223695725,25.07377304329772,24.6411270225177,24.87711524963379,94200,0.0,0.0
2023-02-27 00:00:00-05:00,24.877112299949054,25.083603146359287,24.739452985987228,24.94594383239746,457400,0.0,0.0
2023-02-28 00:00:00-05:00,25.004945608246263,25.36876012086366,24.827953953257094,25.221267700195312,479800,0.0,0.0
2023-03-01 00:00:00-05:00,25.113108955496056,25.329431059190533,24.749292547657003,25.014780044555664,170200,0.0,0.0
2023-03-02 00:00:00-05:00,24.847614947224372,25.358923649750434,24.847614947224372,24.94594383239746,78300,0.0,0.0
2023-03-03 00:00:00-05:00,25.054108293673824,25.516253572057195,24.827953131106714,25.44742202758789,82300,0.0,0.0
2023-03-06 00:00:00-05:00,25.486751699771972,25.486751699771972,24.690291236629367,24.86728286743164,97300,0.0,0.0
2023-03-07 00:00:00-05:00,24.926277682713387,25.496582966212223,24.857448025725724,25.349090576171875,97000,0.0,0.0
2023-03-08 00:00:00-05:00,25.250763500395617,25.250763500395617,24.926279468868145,25.162267684936523,77500,0.0,0.0
2023-03-09 00:00:00-05:00,25.221262636689758,25.368755027747035,24.877112473911104,24.916444778442383,67700,0.0,0.0
2023-03-10 00:00:00-05:00,24.768954270557188,24.867283163893777,24.35597441891764,24.621461868286133,99200,0.0,0.0
2023-03-13 00:00:00-04:00,24.38547128332401,24.611628296086955,24.149483069346143,24.19864845275879,97300,0.0,0.0
2023-03-14 00:00:00-04:00,24.58213562394902,25.073778336428,24.58213562394902,25.044279098510742,89000,0.0,0.0
2023-03-15 00:00:00-04:00,24.719788649799717,25.08360498902621,24.532965817260898,25.054105758666992,101700,0.0,0.0
2023-03-16 00:00:00-04:00,24.818117490122916,25.870232322981593,24.641125859274233,25.86039924621582,145100,0.0,0.0
2023-03-17 00:00:00-04:00,25.821069321068176,26.017725233837936,25.299927495066367,25.585081100463867,328700,0.0,0.0
2023-03-20 00:00:00-04:00,25.653911111505284,26.204550300380543,25.594914524421288,25.929231643676758,109800,0.0,0.0
2023-03-21 00:00:00-04:00,26.116055568414005,26.391376112038447,25.889900412294516,26.15538787841797,129100,0.0,0.0
2023-03-22 00:00:00-04:00,26.15538367587474,26.332375291518733,25.811233520507812,25.811233520507812,86000,0.0,0.0
2023-03-23 00:00:00-04:00,25.899732194597462,26.007894166231615,25.545748924134916,25.66374397277832,100200,0.0,0.0
2023-03-24 00:00:00-04:00,25.594915639027775,26.135721774362093,25.52608409638667,26.047225952148438,75600,0.0,0.0
2023-03-27 00:00:00-04:00,26.28321641627878,26.50937159202768,26.253719056683316,26.39137840270996,53400,0.0,0.0
2023-03-28 00:00:00-04:00,26.401208144753035,26.401208144753035,25.8505689547626,26.11605453491211,61700,0.0,0.0
2023-03-29 00:00:00-04:00,26.184884767038337,26.184884767038337,25.594915131274842,25.732574462890625,59300,0.0,0.0
2023-03-30 00:00:00-04:00,25.801404646788466,25.919399701591136,25.32942817851333,25.752241134643555,84700,0.0,0.0
2023-03-31 00:00:00-04:00,25.909564106050382,26.81418652006265,25.899731029483473,26.64702796936035,201000,0.0,0.0
2023-04-03 00:00:00-04:00,26.57820210158057,26.57820210158057,26.06689329994278,26.3520450592041,319100,0.0,0.0
2023-04-04 00:00:00-04:00,26.45037116260887,26.45037116260887,26.037391308934588,26.096389770507812,231600,0.0,0.0
2023-04-05 00:00:00-04:00,26.155383543710503,26.29304285497469,25.80140031421121,26.135717391967773,131500,0.0,0.0
2023-04-06 00:00:00-04:00,26.184884283242848,26.440538662568468,26.15538692728031,26.302879333496094,242400,0.0,0.0
2023-04-10 00:00:00-04:00,26.401206681590363,26.706024553294224,26.155385393820374,26.64702796936035,68400,0.0,0.0
2023-04-11 00:00:00-04:00,26.647031907678357,26.892853231779693,26.568369158984645,26.72569465637207,75200,0.0,0.0
2023-04-12 00:00:00-04:00,26.824018828194717,26.883015410438496,26.597861824569737,26.7650203704834,60400,0.0,0.0
2023-04-13 00:00:00-04:00,26.745359591768924,27.020678261897594,26.61753145880823,27.010845184326172,72800,0.0,0.0
2023-04-14 00:00:00-04:00,26.986240271676763,27.143709065027632,26.927189943464207,26.996082305908203,78900,0.025,0.0
2023-04-17 00:00:00-04:00,27.015767678869036,27.251970880300778,26.641777868719977,26.8878231048584,102000,0.0,0.0
2023-04-18 00:00:00-04:00,26.907505136926805,26.917347170888277,26.494149096425126,26.582725524902344,57300,0.0,0.0
2023-04-19 00:00:00-04:00,26.572883261163863,26.838612544297746,26.494148867328935,26.60240936279297,47600,0.0,0.0
2023-04-20 00:00:00-04:00,26.60241138197398,26.848456616030496,26.4154164784817,26.750038146972656,84600,0.0,0.0
2023-04-21 00:00:00-04:00,26.78940200805664,27.025605186326807,26.681143391251144,26.78940200805664,67700,0.0,0.0
2023-04-24 00:00:00-04:00,26.789404634967795,27.12402630629014,26.602411607069442,26.8878231048584,99800,0.0,0.0
2023-04-25 00:00:00-04:00,26.651616757923573,27.183075306302808,24.191164686929238,24.92930030822754,247300,0.0,0.0
2023-04-26 00:00:00-04:00,24.64389167470445,24.94898724094155,24.28958593508964,24.850568771362305,198000,0.0,0.0
2023-04-27 00:00:00-04:00,24.752149229573742,24.889935831886536,24.08290591803646,24.309268951416016,177400,0.0,0.0
2023-04-28 00:00:00-04:00,24.407688155605616,24.624209177942987,24.191169010444533,24.250219345092773,204100,0.0,0.0
2023-05-01 00:00:00-04:00,24.171482578589732,24.506104237535304,24.102590215367307,24.28958511352539,113800,0.0,0.0
2023-05-02 00:00:00-04:00,24.250215897798622,24.338792325767532,24.00417068170188,24.063222885131836,151100,0.0,0.0
2023-05-03 00:00:00-04:00,24.08290733977443,24.319110544171394,23.8565461702077,23.876230239868164,141900,0.0,0.0
2023-05-04 00:00:00-04:00,23.718761568056568,23.8565463020891,23.3152475236674,23.551450729370117,108000,0.0,0.0
2023-05-05 00:00:00-04:00,23.85654436521099,23.85654436521099,23.246353269313545,23.393980026245117,71100,0.0,0.0
2023-05-08 00:00:00-04:00,23.47271319806351,23.47271319806351,22.9609387153498,23.33492660522461,75300,0.0,0.0
2023-05-09 00:00:00-04:00,23.24635421779735,23.3939809807523,23.18730201087446,23.31524658203125,72700,0.0,0.0
2023-05-10 00:00:00-04:00,23.512083665709625,23.5908180712133,23.285722484533594,23.462875366210938,91200,0.0,0.0
2023-05-11 00:00:00-04:00,23.315248822047543,23.47271763461848,23.14793797404388,23.443191528320312,71300,0.0,0.0
2023-05-12 00:00:00-04:00,23.39398004024016,23.905754549940088,23.39398004024016,23.86638641357422,105000,0.0,0.0
2023-05-15 00:00:00-04:00,23.807339814958702,23.866390151580035,23.541610484398166,23.561294555664062,86400,0.0,0.0
2023-05-16 00:00:00-04:00,23.423504597619598,23.51208102852327,23.088882942467084,23.36445426940918,131400,0.0,0.0
2023-05-17 00:00:00-04:00,23.41366611945888,23.758127956366284,23.12825273781992,23.384140014648438,87400,0.0,0.0
2023-05-18 00:00:00-04:00,23.305402152911785,23.52192125785328,22.931412389532184,23.354610443115234,68600,0.0,0.0
2023-05-19 00:00:00-04:00,23.630184892361967,23.738445397822243,23.531766421686825,23.72860336303711,91800,0.0,0.0
2023-05-22 00:00:00-04:00,23.76796866969277,23.964805603131566,23.65971004575994,23.807336807250977,214500,0.0,0.0
2023-05-23 00:00:00-04:00,23.81717942029644,24.082906846565905,23.53176604759347,23.758127212524414,89600,0.0,0.0
2023-05-24 00:00:00-04:00,23.748280860010883,23.7876489913677,23.42350128502044,23.482553482055664,58500,0.0,0.0
2023-05-25 00:00:00-04:00,23.403823247397025,23.5416079772316,23.167620048890825,23.295562744140625,77600,0.0,0.0
2023-05-26 00:00:00-04:00,23.226669045387137,23.35461173328958,23.05935822140637,23.088882446289062,65300,0.0,0.0
2023-05-30 00:00:00-04:00,23.10856857221195,23.413666022460582,22.419643024075008,22.449167251586914,71600,0.0,0.0
2023-05-31 00:00:00-04:00,22.498376842192226,22.73458004203865,22.370432269040304,22.655845642089844,105300,0.0,0.0
2023-06-01 00:00:00-04:00,22.645999816637584,23.108564104259184,22.586949495854704,22.813310623168945,68800,0.0,0.0
2023-06-02 00:00:00-04:00,22.990464063455228,23.75812388521984,22.8822035748778,23.71875762939453,90300,0.0,0.0
2023-06-05 00:00:00-04:00,23.571132141228563,23.571132141228563,22.773944300050562,23.138092041015625,72800,0.0,0.0
2023-06-06 00:00:00-04:00,23.10856960285625,23.561293842384607,23.01015112668258,23.462875366210938,73200,0.0,0.0
2023-06-07 00:00:00-04:00,23.49239850397877,23.96480487731283,23.40382207433163,23.86638641357422,94600,0.0,0.0
2023-06-08 00:00:00-04:00,23.73844540430129,23.777811666276374,23.51208235853382,23.571134567260742,66900,0.0,0.0
2023-06-09 00:00:00-04:00,23.58590849014438,23.635168197896242,23.270641850602708,23.329753875732422,56900,0.025,0.0
2023-06-12 00:00:00-04:00,23.260797282681665,23.497247341112498,23.142571313897236,23.45783805847168,56700,0.0,0.0
2023-06-13 00:00:00-04:00,23.43813132856569,23.694284105816088,23.39872205259627,23.654876708984375,73000,0.0,0.0
2023-06-14 00:00:00-04:00,23.645023875790805,23.851916932717895,23.576059523481778,23.812509536743164,125000,0.0,0.0
2023-06-15 00:00:00-04:00,23.901175282749954,24.245998876633443,23.68442993646136,24.19673728942871,117400,0.0,0.0
2023-06-16 00:00:00-04:00,24.56126871371867,24.669642340531535,24.108071448159304,24.334671020507812,304500,0.0,0.0
2023-06-20 00:00:00-04:00,24.344525604107996,24.512011292629893,24.167189474324207,24.374082565307617,89200,0.0,0.0
2023-06-21 00:00:00-04:00,24.295263834018034,24.295263834018034,23.832216089070336,23.92088508605957,93500,0.0,0.0
2023-06-22 00:00:00-04:00,23.98984873926854,24.196741806741247,23.763251033235257,24.058813095092773,93500,0.0,0.0
2023-06-23 00:00:00-04:00,23.901180275698145,24.36422801732868,23.536651970782927,23.576061248779297,460900,0.0,0.0
2023-06-26 00:00:00-04:00,23.635170700705032,23.999698965737103,23.388868377589134,23.82236099243164,102400,0.0,0.0
2023-06-27 00:00:00-04:00,23.871627418916965,24.29526783448048,23.822367692095305,24.157339096069336,84800,0.0,0.0
2023-06-28 00:00:00-04:00,24.196740225071725,24.2361494996168,23.95043789657793,24.09821891784668,47200,0.0,0.0
2023-06-29 00:00:00-04:00,24.058817763287895,24.492310500043367,24.058817763287895,24.157339096069336,65000,0.0,0.0
2023-06-30 00:00:00-04:00,24.27555394981887,24.45289190548109,24.17703453368423,24.19673728942871,45800,0.0,0.0
2023-07-03 00:00:00-04:00,24.10807749010955,24.275563192096566,23.98985339408232,24.157339096069336,39200,0.0,0.0
2023-07-05 00:00:00-04:00,24.09821923386087,24.09821923386087,23.191828457089805,23.379016876220703,73500,0.0,0.0
2023-07-06 00:00:00-04:00,23.260792822830368,23.35931225226698,23.10315948076659,23.270645141601562,49000,0.0,0.0
2023-07-07 00:00:00-04:00,23.270650773472934,23.3297628212685,22.679524658102917,22.70907974243164,87200,0.0,0.0
2023-07-10 00:00:00-04:00,22.748482999729205,23.2706446077987,22.699223286140864,23.103158950805664,70200,0.0,0.0
2023-07-11 00:00:00-04:00,23.13271504445094,23.300200708808333,22.797743715736154,23.11301040649414,86500,0.0,0.0
2023-07-12 00:00:00-04:00,23.2706446077987,23.398720990610965,23.024342281581742,23.103158950805664,78800,0.0,0.0
2023-07-13 00:00:00-04:00,23.093307663604058,23.388869716609115,22.95537707694902,23.004638671875,67800,0.0,0.0
2023-07-14 00:00:00-04:00,23.073601488590782,23.428277431880353,22.856856122768033,23.260791778564453,44800,0.0,0.0
2023-07-17 00:00:00-04:00,23.221385105573805,23.329758740189625,22.965230437751377,23.01449203491211,48000,0.0,0.0
2023-07-18 00:00:00-04:00,23.00463865600715,23.172124320364542,22.837152991649752,23.11301040649414,78400,0.0,0.0
2023-07-19 00:00:00-04:00,23.191831435216578,23.369167558354224,22.64011278832866,22.73863410949707,80300,0.0,0.0
2023-07-20 00:00:00-04:00,22.837154562954293,23.122864316435265,22.630259608447943,22.748485565185547,56100,0.0,0.0
2023-07-21 00:00:00-04:00,22.82729945347337,23.142566127393078,22.71892582963687,22.86670684814453,77800,0.0,0.0
2023-07-24 00:00:00-04:00,22.955374446718324,22.955374446718324,22.590848081722093,22.817445755004883,55700,0.0,0.0
2023-07-25 00:00:00-04:00,24.965203671023282,24.965203671023282,21.319928530001178,22.541587829589844,273900,0.0,0.0
2023-07-26 00:00:00-04:00,22.34454934421323,22.53173965512819,21.82238768919267,22.147506713867188,133200,0.0,0.0
2023-07-27 00:00:00-04:00,22.275584809821346,22.314992208093848,21.654901844573928,21.802682876586914,98400,0.0,0.0
2023-07-28 00:00:00-04:00,21.911056526700992,22.709075603477668,21.89135188798113,22.01943016052246,99200,0.0,0.0
2023-07-31 00:00:00-04:00,22.058837718125247,22.374104423368685,21.98987336124547,22.147506713867188,82400,0.0,0.0
2023-08-01 00:00:00-04:00,22.137652504544096,22.33469511806861,22.04898351637183,22.255878448486328,73100,0.0,0.0
2023-08-02 00:00:00-04:00,22.12779779803228,22.44306632147681,22.009573745985826,22.413509368896484,86600,0.0,0.0
2023-08-03 00:00:00-04:00,22.354402174623257,22.81744992364172,22.236176217885653,22.748485565185547,128600,0.0,0.0
2023-08-04 00:00:00-04:00,22.689373721467803,22.90611911835617,22.344550047084333,22.443071365356445,125800,0.0,0.0
2023-08-07 00:00:00-04:00,22.492329495542453,22.541589211628732,22.285436433014816,22.374103546142578,57600,0.0,0.0
2023-08-08 00:00:00-04:00,22.35440200912636,22.541590443796483,22.009578340260507,22.403661727905273,74000,0.0,0.0
2023-08-09 00:00:00-04:00,22.374103384600705,22.38395570357437,21.960317262532985,22.029281616210938,71300,0.0,0.0
2023-08-10 00:00:00-04:00,22.02928266632833,22.147506741372553,21.5662330481814,21.71401596069336,143600,0.0,0.0
2023-08-11 00:00:00-04:00,21.773124854632147,21.93075818469068,21.605639206552766,21.68445587158203,65000,0.0,0.0
2023-08-14 00:00:00-04:00,21.654903948485185,21.782982233374423,21.54653218335347,21.60564422607422,85500,0.0,0.0
2023-08-15 00:00:00-04:00,21.60563986279004,21.733716242676145,21.19185188903385,21.22140884399414,64800,0.0,0.0
2023-08-16 00:00:00-04:00,21.103183074748035,21.388892791801855,21.034218725084617,21.349485397338867,101200,0.0,0.0
2023-08-17 00:00:00-04:00,21.349485019761524,21.44800632288297,20.935697049961487,21.09333038330078,83400,0.0,0.0
2023-08-18 00:00:00-04:00,21.044070872507547,21.32978058724005,21.044070872507547,21.22140884399414,119700,0.0,0.0
2023-08-21 00:00:00-04:00,21.201704516652494,21.250964229834022,20.797768855323632,20.935697555541992,80700,0.0,0.0
2023-08-22 00:00:00-04:00,20.94555040288893,21.191852733291007,20.72880502862466,20.886438369750977,72400,0.0,0.0
2023-08-23 00:00:00-04:00,20.915992574480644,21.08347822733482,20.787916194833368,21.004661560058594,67000,0.0,0.0
2023-08-24 00:00:00-04:00,20.906140582079097,20.965254492810956,20.571169271148968,20.82732391357422,99900,0.0,0.0
2023-08-25 00:00:00-04:00,20.935697382895615,20.935697382895615,20.669690423978743,20.807621002197266,43300,0.0,0.0
2023-08-28 00:00:00-04:00,20.78791688114703,21.00466225352811,20.768212243893032,20.86673355102539,57100,0.0,0.0
2023-08-29 00:00:00-04:00,20.866733187395457,21.1130355113654,20.738654926614032,20.82732391357422,52900,0.0,0.0
2023-08-30 00:00:00-04:00,20.758355946094145,21.053919810834547,20.71894855827779,20.84702491760254,68300,0.0,0.0
2023-08-31 00:00:00-04:00,20.837174323969183,20.93569562036308,20.718950271606445,20.718950271606445,126700,0.0,0.0
2023-09-01 00:00:00-04:00,20.73865682222045,21.329782829607403,20.73865682222045,21.15244483947754,76700,0.0,0.0
2023-09-05 00:00:00-04:00,20.984958655206533,21.004663293436078,20.423389619628608,20.768213272094727,96300,0.0,0.0
2023-09-06 00:00:00-04:00,20.847029764522077,20.85688208355114,20.689396418332464,20.74850845336914,50200,0.0,0.0
2023-09-07 00:00:00-04:00,20.77806208422375,20.84702642724941,20.521907467887424,20.590871810913086,111300,0.0,0.0
2023-09-08 00:00:00-04:00,20.53176445508247,20.709102451275008,20.4430954569862,20.68939781188965,61500,0.0,0.0
2023-09-11 00:00:00-04:00,20.699244896223497,20.709097213424275,20.433237969214524,20.53175926208496,73300,0.0,0.0
2023-09-12 00:00:00-04:00,20.49235590896305,20.561322149277512,20.16723686403222,20.226350784301758,285500,0.0,0.0
2023-09-13 00:00:00-04:00,20.364276369182594,20.492352751758375,20.216495349552808,20.305164337158203,80800,0.0,0.0
2023-09-14 00:00:00-04:00,21.28052089631329,21.763273219661134,21.063773651326958,21.65489959716797,147500,0.0,0.0
2023-09-15 00:00:00-04:00,21.659829558003548,21.659829558003548,21.206118165385124,21.432973861694336,393300,0.025,0.0
2023-09-18 00:00:00-04:00,21.51188479617192,21.719015344258167,21.28502905215935,21.3343448638916,95600,0.0,0.0
2023-09-19 00:00:00-04:00,21.265298960977873,21.324480184201846,20.99899098157944,21.028579711914062,193800,0.0,0.0
2023-09-20 00:00:00-04:00,21.127213837548982,21.176529643773538,20.969401000097502,21.048307418823242,106400,0.0,0.0
2023-09-21 00:00:00-04:00,21.048306740774088,21.225846647507094,20.929946175859634,21.146940231323242,79500,0.0,0.0
2023-09-22 00:00:00-04:00,21.10748363605946,21.432972800250614,20.791858007907692,20.86090087890625,70500,0.0,0.0
2023-09-25 00:00:00-04:00,20.8707661347448,21.33434107913271,20.86090259789264,21.304752349853516,82500,0.0,0.0
2023-09-26 00:00:00-04:00,21.215981907128214,21.442837605631723,20.920081452261794,20.959535598754883,114500,0.0,0.0
2023-09-27 00:00:00-04:00,20.959539217978218,21.699287660965688,20.890496330970468,21.2850284576416,94700,0.0,0.0
2023-09-28 00:00:00-04:00,21.31461581943726,21.630241472601202,21.294888745795195,21.423110961914062,113700,0.0,0.0
2023-09-29 00:00:00-04:00,21.43297776998358,21.45270484663653,21.255437842662175,21.2850284576416,146900,0.0,0.0
2023-10-02 00:00:00-04:00,21.24557478351569,21.60065273344762,21.196257095138026,21.541473388671875,140500,0.0,0.0
2023-10-03 00:00:00-04:00,21.541473305415593,21.876826059977798,21.423112735044107,21.689422607421875,104500,0.0,0.0
2023-10-04 00:00:00-04:00,21.669693622920814,22.08395276080622,21.24557282954431,21.719011306762695,114000,0.0,0.0
2023-10-05 00:00:00-04:00,21.768327006548617,22.005046244040145,21.728874740938664,21.92613983154297,96400,0.0,0.0
2023-10-06 00:00:00-04:00,21.866964151649967,22.222044007944024,21.84723707490528,22.16286277770996,69900,0.0,0.0
2023-10-09 00:00:00-04:00,21.985320413500265,22.123406161041498,21.91627565845243,21.936002731323242,74300,0.0,0.0
2023-10-10 00:00:00-04:00,22.005048196665154,22.044502347053353,21.85709889526428,21.866962432861328,72400,0.0,0.0
2023-10-11 00:00:00-04:00,21.82750634560218,22.05436392764917,21.817644690157646,21.92613983154297,76100,0.0,0.0
2023-10-12 00:00:00-04:00,21.9754612780517,22.054367704060173,21.74860365715945,22.044504165649414,122800,0.0,0.0
2023-10-13 00:00:00-04:00,22.133272182899695,22.202315064423377,21.807782969089878,22.0740909576416,157600,0.0,0.0
2023-10-16 00:00:00-04:00,22.22204213950941,22.25163087086103,22.024775151203947,22.0740909576416,82200,0.0,0.0
2023-10-17 00:00:00-04:00,22.074089648844172,22.43903299118815,21.995183234455922,22.152996063232422,132500,0.0,0.0
2023-10-18 00:00:00-04:00,22.05436765254498,22.39958208972719,21.8176483750725,22.13327407836914,84000,0.0,0.0
2023-10-19 00:00:00-04:00,22.044502896363337,22.241768009387524,21.99518520714918,22.034639358520508,119300,0.0,0.0
2023-10-20 00:00:00-04:00,22.083955253572853,22.26149517288921,21.886690139770508,21.886690139770508,126500,0.0,0.0
2023-10-23 00:00:00-04:00,21.886687062363187,22.01490927424198,21.62037722083351,21.640104293823242,133700,0.0,0.0
2023-10-24 00:00:00-04:00,22.527804721145166,25.200761365699517,22.527804721145166,24.855546951293945,648500,0.0,0.0
2023-10-25 00:00:00-04:00,24.894996610158802,25.3881621576214,24.530055158551747,24.95417594909668,198300,0.0,0.0
2023-10-26 00:00:00-04:00,24.845683426625676,25.11199142055327,24.599100626904875,24.79636573791504,133400,0.0,0.0
2023-10-27 00:00:00-04:00,24.668145069843035,24.885137270060106,23.997439511182446,24.30320167541504,116100,0.0,0.0
2023-10-30 00:00:00-04:00,24.480738868165556,24.904861564123323,23.790308191193905,24.69773292541504,121500,0.0,0.0
2023-10-31 00:00:00-04:00,24.638551513419245,25.17117123392877,24.638551513419245,25.052810668945312,124000,0.0,0.0
2023-11-01 00:00:00-04:00,24.983770470932406,25.04294981913604,24.293337843872294,24.806230545043945,127400,0.0,0.0
2023-11-02 00:00:00-04:00,25.003492992016223,25.44734084459476,24.845680171373562,24.993629455566406,139600,0.0,0.0
2023-11-03 00:00:00-04:00,25.210624051679172,25.407891037198244,25.042947678371178,25.250078201293945,129100,0.0,0.0
2023-11-06 00:00:00-05:00,25.151444677101793,25.3289845875916,24.88513481136708,25.279666900634766,115000,0.0,0.0
2023-11-07 00:00:00-05:00,25.34871041482461,25.37829914426509,25.171170513072518,25.269804000854492,89800,0.0,0.0
2023-11-08 00:00:00-05:00,25.25993997643313,25.25993997643313,24.648413869009158,24.894996643066406,77700,0.0,0.0
2023-11-09 00:00:00-05:00,25.042946721353022,25.042946721353022,24.510328890849397,24.589235305786133,78100,0.0,0.0
2023-11-10 00:00:00-05:00,24.72732225665813,24.914725706668936,24.56950941915769,24.74704933166504,143700,0.0,0.0
2023-11-13 00:00:00-05:00,24.89499991575721,25.151446260242395,24.658280647296465,24.727323532104492,56900,0.0,0.0
2023-11-14 00:00:00-05:00,25.141580541252896,25.299393373203475,24.98376770930232,25.230350494384766,118900,0.0,0.0
2023-11-15 00:00:00-05:00,25.210624903436457,25.29939486179145,24.717459304254255,24.855546951293945,170100,0.0,0.0
2023-11-16 00:00:00-05:00,24.885129929230153,25.04294273397642,24.658274257567022,24.944311141967773,72200,0.0,0.0
2023-11-17 00:00:00-05:00,25.0725365082497,25.299392208575952,24.934450756968896,24.95417594909668,201500,0.0,0.0
2023-11-20 00:00:00-05:00,24.95417903107489,25.190900178617294,24.865409071065866,25.141582489013672,65000,0.0,0.0
2023-11-21 00:00:00-05:00,25.151442844552882,25.27966505874351,25.0429458224304,25.161306381225586,52500,0.0,0.0
2023-11-22 00:00:00-05:00,25.32898581241921,25.545978001690123,25.250079390750013,25.3783016204834,66100,0.0,0.0
2023-11-24 00:00:00-05:00,25.457205455811554,25.496659603276527,25.328983239104986,25.447341918945312,48200,0.0,0.0
2023-11-27 00:00:00-05:00,25.417755725229593,25.53611441687706,25.25994288218132,25.467071533203125,69700,0.0,0.0
2023-11-28 00:00:00-05:00,25.506526549069214,25.506526549069214,25.072540275339087,25.102130889892578,67000,0.0,0.0
2023-11-29 00:00:00-05:00,25.23035199218134,25.309258412840897,24.697734123048686,24.79636573791504,92300,0.0,0.0
2023-11-30 00:00:00-05:00,24.756909082920465,24.91472189628548,24.608959805550406,24.658275604248047,204000,0.0,0.0
2023-12-01 00:00:00-05:00,24.68786923960954,25.10212839581097,24.608962823251048,24.964040756225586,106800,0.0,0.0
2023-12-04 00:00:00-05:00,24.80622772412823,25.40789031982422,24.678005504055278,25.40789031982422,87200,0.0,0.0
2023-12-05 00:00:00-05:00,25.299393139519527,25.743242901079146,25.18103445728852,25.733379364013672,79700,0.0,0.0
2023-12-06 00:00:00-05:00,25.62488436935574,26.0490070904129,25.407892180542127,25.496662139892578,102600,0.0,0.0
2023-12-07 00:00:00-05:00,25.486796664770857,25.54597600608039,25.269804492451012,25.526248931884766,71400,0.0,0.0
2023-12-08 00:00:00-05:00,25.56080305215325,25.689151131604795,25.4028376336716,25.669404983520508,66600,0.025,0.0
2023-12-11 00:00:00-05:00,25.62991786637086,25.679283246556807,25.471952415969245,25.531190872192383,81000,0.0,0.0
2023-12-12 00:00:00-05:00,25.649658830238735,25.945845402154056,25.550929972933627,25.699024200439453,77000,0.0,0.0
2023-12-13 00:00:00-05:00,25.748392040017436,26.03470558629067,25.5015707965805,25.866867065429688,290600,0.0,0.0
2023-12-14 00:00:00-05:00,26.024828836894052,26.17292118543204,25.185636351050277,25.541059494018555,125800,0.0,0.0
2023-12-15 00:00:00-05:00,25.71877047543375,25.8076262656431,25.284366482295233,25.491695404052734,432700,0.0,0.0
2023-12-18 00:00:00-05:00,25.659534494981774,25.797753779306372,25.313984401073757,25.600297927856445,150500,0.0,0.0
2023-12-19 00:00:00-05:00,25.75826317634616,25.95572090946746,25.49169580156135,25.926101684570312,103300,0.0,0.0
2023-12-20 00:00:00-05:00,25.975463229485193,26.399996005710427,25.78788046848512,25.985336303710938,103300,0.0,0.0
2023-12-21 00:00:00-05:00,26.14330078483716,26.666562401403393,25.985335369099484,26.64681625366211,139200,0.0,0.0
2023-12-22 00:00:00-05:00,26.71592517680293,26.943002103593034,26.706052103194992,26.834400177001953,79100,0.0,0.0
2023-12-26 00:00:00-05:00,26.89363673555334,26.972619441320607,26.5579597652684,26.834400177001953,73300,0.0,0.0
2023-12-27 00:00:00-05:00,26.78504109117086,27.03186233997047,26.745550670573202,26.943008422851562,61100,0.0,0.0
2023-12-28 00:00:00-05:00,26.8640207488542,26.97262268851973,26.65669182741616,26.725801467895508,61500,0.0,0.0
2023-12-29 00:00:00-05:00,26.79491178109737,26.87389449835623,26.65669249666849,26.686311721801758,78800,0.0,0.0
2024-01-02 00:00:00-05:00,26.55796381809027,26.71592925373078,26.19266945433278,26.36050796508789,83200,0.0,0.0
2024-01-03 00:00:00-05:00,26.646817726672857,26.706054290074952,26.143302230014047,26.271650314331055,123300,0.0,0.0
2024-01-04 00:00:00-05:00,26.439487609079507,26.439487609079507,25.995208696056658,26.113683700561523,95900,0.0,0.0
2024-01-05 00:00:00-05:00,25.94584660818245,26.153175523373655,25.82737159729004,25.82737159729004,78000,0.0,0.0
2024-01-08 00:00:00-05:00,25.926102671011286,26.380252838134766,25.886610369645815,26.380252838134766,67100,0.0,0.0
2024-01-09 00:00:00-05:00,26.18279449097448,26.38025032973679,26.113684853252852,26.330886840820312,49800,0.0,0.0
2024-01-10 00:00:00-05:00,26.271651464833468,26.4592342376709,26.084066808899557,26.4592342376709,56400,0.0,0.0
2024-01-11 00:00:00-05:00,26.429618070270248,26.627073926727792,26.163050686801174,26.61720085144043,72100,0.0,0.0
2024-01-12 00:00:00-05:00,26.873893220136868,26.893639369286515,26.53821621697859,26.676437377929688,66700,0.0,0.0
2024-01-16 00:00:00-05:00,26.59745593769454,26.824531014496674,26.55796363750468,26.656692504882812,105700,0.0,0.0
2024-01-17 00:00:00-05:00,26.538213835798693,26.636942689591905,26.123554156344202,26.301265716552734,68800,0.0,0.0
2024-01-18 00:00:00-05:00,26.39012383385878,26.7060546875,26.251904556164853,26.7060546875,121300,0.0,0.0
2024-01-19 00:00:00-05:00,26.834400177001953,26.834400177001953,26.48885013310907,26.834400177001953,73900,0.0,0.0
2024-01-22 00:00:00-05:00,26.972623683807853,27.39715650024219,26.814658247427154,27.209571838378906,90500,0.0,0.0
2024-01-23 00:00:00-05:00,27.3477932536617,27.3477932536617,26.71592961935565,26.794912338256836,98900,0.0,0.0
2024-01-24 00:00:00-05:00,26.95287722392068,26.95287722392068,26.617200204692953,26.656692504882812,46900,0.0,0.0
2024-01-25 00:00:00-05:00,26.814657980480582,26.90351377294721,26.469107885676635,26.597455978393555,59400,0.0,0.0
2024-01-26 00:00:00-05:00,26.735674123772146,26.765293347697682,26.064320112898233,26.321014404296875,43600,0.0,0.0
2024-01-29 00:00:00-05:00,26.30126932745536,26.69618479684618,26.281525060463032,26.686311721801758,63900,0.0,0.0
2024-01-30 00:00:00-05:00,26.57771051791544,26.62707401141268,26.271652715420096,26.498727798461914,103100,0.0,0.0
2024-01-31 00:00:00-05:00,26.548088221242168,26.873892136690532,26.281522750854492,26.281522750854492,93600,0.0,0.0
2024-02-01 00:00:00-05:00,26.340760419025514,26.745547061791193,26.25190463079925,26.587581634521484,65600,0.0,0.0
2024-02-02 00:00:00-05:00,26.390123528603205,26.419742751950622,26.09393882751465,26.09393882751465,44000,0.0,0.0
2024-02-05 00:00:00-05:00,25.935977250502713,26.172925423147568,25.84712145037381,26.00508689880371,55800,0.0,0.0
2024-02-06 00:00:00-05:00,25.93597646138539,26.301270843603987,25.93597646138539,26.251907348632812,47500,0.0,0.0
2024-02-07 00:00:00-05:00,26.202545817988103,26.261782393013625,25.955724558435524,26.163053512573242,57000,0.0,0.0
2024-02-08 00:00:00-05:00,26.222287297034526,26.577710475557225,26.113687234894364,26.557964324951172,56400,0.0,0.0
2024-02-09 00:00:00-05:00,26.518471906668516,26.78503738735816,26.439489193298172,26.76529312133789,118000,0.0,0.0
2024-02-12 00:00:00-05:00,26.834401332640457,27.416899518920744,26.745545549438628,27.081222534179688,98000,0.0,0.0
2024-02-13 00:00:00-05:00,26.745549633046213,27.28855560610211,26.360509102446454,26.548091888427734,103900,0.0,0.0
2024-02-14 00:00:00-05:00,26.755420560782152,27.051605270836884,26.518472416119074,26.962749481201172,70700,0.0,0.0
2024-02-15 00:00:00-05:00,27.081225610471336,27.318173764893558,26.84427745604911,27.268810272216797,74200,0.0,0.0
2024-02-16 00:00:00-05:00,27.170080783352773,27.495884723630844,26.873894184765845,27.219444274902344,131000,0.0,0.0
2024-02-20 00:00:00-05:00,28.068511468354526,28.74973861205741,26.70605718094876,26.7850399017334,183200,0.0,0.0
2024-02-21 00:00:00-05:00,26.725798290297476,26.755417511165497,26.28152127585464,26.715925216674805,114800,0.0,0.0
2024-02-22 00:00:00-05:00,26.646820204708863,26.646820204708863,25.837246858240032,26.439491271972656,125100,0.0,0.0
2024-02-23 00:00:00-05:00,26.390125862062472,27.051606843872822,26.350635443870512,26.46910858154297,86400,0.0,0.0
2024-02-26 00:00:00-05:00,26.577707028214146,27.11083984375,26.360505049010104,27.11083984375,152500,0.0,0.0
2024-02-27 00:00:00-05:00,27.09109844982512,27.09109844982512,26.538217544555664,26.538217544555664,76900,0.0,0.0
2024-02-28 00:00:00-05:00,26.390124488558012,27.209570866680316,26.251905207435072,26.696184158325195,179900,0.0,0.0
2024-02-29 00:00:00-05:00,27.01211488661115,27.179953391331335,26.824530232371778,26.93313217163086,193600,0.0,0.0
2024-03-01 00:00:00-05:00,27.150335514860455,27.367537521064577,26.75542192035452,26.794912338256836,165000,0.0,0.0
2024-03-04 00:00:00-05:00,26.725800240951717,27.002240673274585,26.548088668965327,26.627071380615234,54700,0.0,0.0
2024-03-05 00:00:00-05:00,26.587583152697434,26.587583152697434,26.064321468052523,26.15317726135254,55400,0.0,0.0
2024-03-06 00:00:00-05:00,26.281523475855483,26.370377379704927,25.916227253622953,26.09393882751465,92800,0.0,0.0
2024-03-07 00:00:00-05:00,26.27165466388165,26.745551015749772,26.27165466388165,26.409873962402344,94000,0.0,0.0
2024-03-08 00:00:00-05:00,26.526493298941862,26.664857414077947,26.05210043127269,26.16081428527832,86300,0.028,0.0
2024-03-11 00:00:00-04:00,26.14104843488486,26.704390181594643,25.943383804253173,26.38812828063965,111500,0.0,0.0
2024-03-12 00:00:00-04:00,26.407895158941763,26.407895158941763,26.05210143698965,26.141050338745117,150600,0.0,0.0
2024-03-13 00:00:00-04:00,26.05210021755626,26.269529808853537,25.70618804748402,25.785253524780273,125400,0.0,0.0
2024-03-14 00:00:00-04:00,25.696303697048883,25.716070536924857,25.221910850443145,25.271326065063477,143000,0.0,0.0
2024-03-15 00:00:00-04:00,25.231794731640502,25.775369642679568,25.18237763104718,25.528289794921875,263800,0.0,0.0
2024-03-18 00:00:00-04:00,25.42945838820617,25.913734680921443,25.30097769220812,25.795137405395508,140200,0.0,0.0
2024-03-19 00:00:00-04:00,25.795135067101675,26.714272351922826,25.795135067101675,26.27941131591797,115100,0.0,0.0
2024-03-20 00:00:00-04:00,26.19046584158712,26.71427583704398,26.042218298743034,26.477079391479492,104800,0.0,0.0
2024-03-21 00:00:00-04:00,26.575908757134,26.625325859466926,26.239880001548908,26.289297103881836,120500,0.0,0.0
2024-03-22 00:00:00-04:00,26.38812927338555,26.398010808726227,26.071865475462797,26.12128257751465,72000,0.0,0.0
2024-03-25 00:00:00-04:00,26.210233648846962,26.34859777592251,25.706190476553385,25.755605697631836,56600,0.0,0.0
2024-03-26 00:00:00-04:00,25.95326391690095,26.13116168478489,25.834664776621867,25.864315032958984,88500,0.0,0.0
2024-03-27 00:00:00-04:00,26.022447778888708,26.18057872024747,25.587586747617355,25.656768798828125,90800,0.0,0.0
2024-03-28 00:00:00-04:00,25.775367631510566,26.44742506658415,25.24167618223239,26.34859275817871,241700,0.0,0.0
2024-04-01 00:00:00-04:00,26.378242031872592,26.378242031872592,25.82478187948324,25.834665298461914,87400,0.0,0.0
2024-04-02 00:00:00-04:00,25.795136328791205,25.795136328791205,25.34050843139724,25.60735511779785,114600,0.0,0.0
2024-04-03 00:00:00-04:00,25.439342285932824,25.68642214716186,25.12308036517082,25.310861587524414,88600,0.0,0.0
2024-04-04 00:00:00-04:00,25.42945778704047,25.75560311463111,25.123079299926758,25.123079299926758,80200,0.0,0.0
2024-04-05 00:00:00-04:00,25.162610165236217,25.162610165236217,24.757399375793216,24.856231689453125,43800,0.0,0.0
2024-04-08 00:00:00-04:00,24.86611403893062,25.083543611567197,24.86611403893062,24.915529251098633,51500,0.0,0.0
2024-04-09 00:00:00-04:00,25.00447885167544,25.162609797190527,24.589384648430944,25.053895950317383,143000,0.0,0.0
2024-04-10 00:00:00-04:00,24.856231303133015,24.875998142571696,24.371955047302713,24.559736251831055,107500,0.0,0.0
2024-04-11 00:00:00-04:00,24.648686969198852,24.83646630256062,24.54985464975757,24.59926986694336,73100,0.0,0.0
2024-04-12 00:00:00-04:00,24.619034572106216,24.638801411293606,24.36207131787872,24.470787048339844,90400,0.0,0.0
2024-04-15 00:00:00-04:00,24.628915424895702,24.79692977033916,24.2335881076962,24.29288673400879,68300,0.0,0.0
2024-04-16 00:00:00-04:00,24.27312211577965,24.39172126431577,23.877794762441773,24.381837844848633,84000,0.0,0.0
2024-04-17 00:00:00-04:00,24.589386302100085,24.60915314288621,24.124876854044327,24.184175491333008,103800,0.0,0.0
2024-04-18 00:00:00-04:00,24.164407596821945,24.233589646089996,23.640597690111832,23.709779739379883,173400,0.0,0.0
2024-04-19 00:00:00-04:00,23.670250607482988,24.678334972346704,23.670250607482988,24.549854278564453,268800,0.0,0.0
2024-04-22 00:00:00-04:00,24.490554637207982,24.58938506603117,23.72954827082401,23.828380584716797,157400,0.0,0.0
2024-04-23 00:00:00-04:00,24.312655479991225,26.526490515192204,24.312655479991225,26.101512908935547,322800,0.0,0.0
2024-04-24 00:00:00-04:00,26.052102003232417,26.052102003232417,25.370161036641743,25.61724090576172,207600,0.0,0.0
2024-04-25 00:00:00-04:00,25.399811299561268,25.706189809450493,25.093430904602243,25.61724090576172,123000,0.0,0.0
2024-04-26 00:00:00-04:00,25.65677188518927,25.67653872650433,25.271327904894292,25.310861587524414,181500,0.0,0.0
2024-04-29 00:00:00-04:00,25.488756781020676,25.72595319732047,25.36027421068982,25.66665267944336,106300,0.0,0.0
2024-04-30 00:00:00-04:00,25.528290871419266,25.587589509562164,25.310861274848822,25.468992233276367,82400,0.0,0.0
2024-05-01 00:00:00-04:00,25.617240130924415,25.963152314243633,25.22191272930377,25.765487670898438,119000,0.0,0.0
2024-05-02 00:00:00-04:00,25.893967551191217,26.74392090467066,25.69630292848276,26.69450569152832,123700,0.0,0.0
2024-05-03 00:00:00-04:00,26.78156385445875,26.910179737211852,26.385826305652056,26.74199104309082,104700,0.028,0.0
2024-05-06 00:00:00-04:00,26.74199871278957,26.850825390532357,26.524341583251953,26.524341583251953,82400,0.0,0.0
2024-05-07 00:00:00-04:00,26.554019226855207,26.910184020991146,26.554019226855207,26.6529541015625,101800,0.0,0.0
2024-05-08 00:00:00-04:00,26.464976880866914,26.840927124023438,26.44518952937823,26.840927124023438,266900,0.0,0.0
2024-05-09 00:00:00-04:00,26.850820283186234,26.860713958740234,26.504551073924596,26.860713958740234,130100,0.0,0.0
2024-05-10 00:00:00-04:00,26.732100330408308,26.840926988997214,26.296788034975616,26.484764099121094,156800,0.0,0.0
2024-05-13 00:00:00-04:00,26.682633761647864,26.91018454400494,26.544126066581153,26.633167266845703,82500,0.0,0.0
2024-05-14 00:00:00-04:00,26.900291515179457,27.47411154901623,26.652955261163164,26.969545364379883,245600,0.0,0.0
2024-05-15 00:00:00-04:00,27.177306911981155,27.335601963589514,26.860716808764437,26.969545364379883,92300,0.0,0.0
2024-05-16 00:00:00-04:00,26.910185263747632,27.08826578201387,26.860716880596566,27.038799285888672,56300,0.0,0.0
2024-05-17 00:00:00-04:00,27.1278389108549,27.1278389108549,26.811248825203545,27.09815788269043,67500,0.0,0.0
2024-05-20 00:00:00-04:00,27.167414579956414,27.543366761402417,27.019013197607077,27.206989288330078,75800,0.0,0.0
2024-05-21 00:00:00-04:00,27.127836227416992,27.22677109115302,27.019007688604805,27.127836227416992,46200,0.0,0.0
2024-05-22 00:00:00-04:00,27.08826710352218,27.117948134860818,26.741997839701213,26.989334106445312,90300,0.0,0.0
2024-05-23 00:00:00-04:00,27.048692314006384,27.048692314006384,26.316577244156402,26.702421188354492,80400,0.0,0.0
2024-05-24 00:00:00-04:00,26.761780915893265,26.99922537133618,26.60348587028185,26.791461944580078,76300,0.0,0.0
2024-05-28 00:00:00-04:00,26.79146307406579,26.90029163014635,26.623274345134867,26.821144104003906,102100,0.0,0.0
2024-05-29 00:00:00-04:00,26.682628995500707,27.019006383742767,26.65294985873113,26.74199104309082,67600,0.0,0.0
2024-05-30 00:00:00-04:00,26.73210323068642,26.959652135272226,26.68263484684653,26.880504608154297,77000,0.0,0.0
2024-05-31 00:00:00-04:00,26.880505286617325,27.038800344848543,26.81125143451941,26.99922752380371,83800,0.0,0.0
2024-06-03 00:00:00-04:00,27.187200805588976,27.3059230387558,26.95965190296393,27.17730712890625,85300,0.0,0.0
2024-06-04 00:00:00-04:00,27.038799429399855,27.296029362073075,26.949758226281205,27.17730712890625,71800,0.0,0.0
2024-06-05 00:00:00-04:00,27.19709359365757,27.355388641357422,26.949757345748324,27.355388641357422,74500,0.0,0.0
2024-06-06 00:00:00-04:00,27.07837217148563,27.87974105438504,27.07837217148563,27.830272674560547,111600,0.0,0.0
2024-06-07 00:00:00-04:00,27.592830506375748,27.83027307184566,27.365281617011966,27.454322814941406,110800,0.0,0.0
2024-06-10 00:00:00-04:00,27.226773309866932,27.652191937681373,26.95964972211939,27.62251091003418,79700,0.0,0.0
2024-06-11 00:00:00-04:00,27.484005448928006,27.751127171296318,27.33560218569176,27.681873321533203,79000,0.0,0.0
2024-06-12 00:00:00-04:00,27.869847378420143,28.087502588570697,27.71155233703324,27.830272674560547,83800,0.0,0.0
2024-06-13 00:00:00-04:00,27.75112881213609,27.968785938004856,27.23667080332354,27.40485954284668,95300,0.0,0.0
2024-06-14 00:00:00-04:00,27.335604061310335,27.414751593188257,27.048694965887616,27.39496612548828,85200,0.0,0.0
2024-06-17 00:00:00-04:00,27.394965865577554,27.51368621875507,27.137735917658283,27.40485954284668,77700,0.0,0.0
2024-06-18 00:00:00-04:00,27.345494372119504,27.484003951123206,27.246561384721428,27.30592155456543,67600,0.0,0.0
2024-06-20 00:00:00-04:00,27.16741059183315,27.325707515064177,27.157518803217783,27.2861328125,79300,0.0,0.0
2024-06-21 00:00:00-04:00,27.36528483377018,27.6027274271512,27.206989771516167,27.40485954284668,325200,0.0,0.0
2024-06-24 00:00:00-04:00,27.513682439213795,27.81048705543766,27.444428594869283,27.69176483154297,73700,0.0,0.0
2024-06-25 00:00:00-04:00,27.59282926595096,27.80059268078832,27.52357542334707,27.790699005126953,116400,0.0,0.0
2024-06-26 00:00:00-04:00,27.662084428265945,27.8896352052821,27.414748186008808,27.523576736450195,120800,0.0,0.0
2024-06-27 00:00:00-04:00,27.62251465676734,27.6423020112161,27.31581821091546,27.553260803222656,88400,0.0,0.0
2024-06-28 00:00:00-04:00,27.652192455655996,27.780806470484876,27.21688014380499,27.602724075317383,444900,0.0,0.0
2024-07-01 00:00:00-04:00,27.573042078003052,27.701656079509526,27.216877324561178,27.27623748779297,92700,0.0,0.0
2024-07-02 00:00:00-04:00,27.4048563214365,27.513682984552442,27.09815802322365,27.454322814941406,91200,0.0,0.0
2024-07-03 00:00:00-04:00,27.286134202275502,27.55325779711217,27.15752018644254,27.30592155456543,32900,0.0,0.0
2024-07-05 00:00:00-04:00,27.16740930977354,27.16740930977354,26.821140113806212,26.900287628173828,64400,0.0,0.0
2024-07-08 00:00:00-04:00,27.06848161862638,27.53347312047195,27.028906910200735,27.493900299072266,108600,0.0,0.0
2024-07-09 00:00:00-04:00,27.57304574721408,27.731340794913933,27.187199917298102,27.355388641357422,155500,0.0,0.0
2024-07-10 00:00:00-04:00,27.375177593340368,27.64230120957397,27.25645535711679,27.58293914794922,68600,0.0,0.0
2024-07-11 00:00:00-04:00,28.038038842930703,28.156759192090195,27.68187402140038,28.087505340576172,155400,0.0,0.0
2024-07-12 00:00:00-04:00,28.097397682263566,28.59207018331407,28.05782486343296,28.35462760925293,104100,0.0,0.0
2024-07-15 00:00:00-04:00,28.41398759532121,28.681111197028983,28.32494639475195,28.433774948120117,117700,0.0,0.0
2024-07-16 00:00:00-04:00,28.710792457437556,29.91779268250359,28.710792457437556,29.86832618713379,130300,0.0,0.0
2024-07-17 00:00:00-04:00,29.73970857746603,30.798307368796788,29.660561057189685,30.511398315429688,153500,0.0,0.0
2024-07-18 00:00:00-04:00,30.30363459064368,30.81809441078046,29.848536825386635,30.016725540161133,100400,0.0,0.0
2024-07-19 00:00:00-04:00,30.08598023787715,30.155234083510365,29.75949647487357,30.056299209594727,107700,0.0,0.0
2024-07-22 00:00:00-04:00,30.06619406984042,30.422358875153908,29.799072352881147,30.372892379760742,83600,0.0,0.0
2024-07-23 00:00:00-04:00,29.373651768040258,30.511398070514673,28.59206836043761,29.146100997924805,195700,0.0,0.0
2024-07-24 00:00:00-04:00,29.195570109368276,29.818856606296283,28.819617966374558,28.829511642456055,147200,0.0,0.0
2024-07-25 00:00:00-04:00,28.878978227305232,29.423117168775068,28.46345329284668,28.46345329284668,123000,0.0,0.0
2024-07-26 00:00:00-04:00,28.829508357244904,29.106525594882477,28.70089435689297,29.02737808227539,173900,0.0,0.0
2024-07-29 00:00:00-04:00,29.027383874358257,29.591310250087,29.027383874358257,29.096637725830078,131000,0.0,0.0
2024-07-30 00:00:00-04:00,29.09663339165508,29.195568259174514,28.760255974304393,28.89876365661621,246400,0.0,0.0
2024-07-31 00:00:00-04:00,29.066952686382056,29.957364616867327,28.750362616443145,29.393436431884766,138100,0.0,0.0
2024-08-01 00:00:00-04:00,29.363760470061905,29.68035057426324,28.987808306053417,29.561628341674805,215100,0.0,0.0
2024-08-02 00:00:00-04:00,28.740469492376885,29.2846103366733,28.740469492376885,28.938339233398438,104900,0.0,0.0
2024-08-05 00:00:00-04:00,28.074805395308143,28.074805395308143,27.38159957761307,27.837135314941406,119500,0.028,0.0
2024-08-06 00:00:00-04:00,27.68858916897236,28.015387646235407,27.55985192030855,27.7777156829834,96100,0.0,0.0
2024-08-07 00:00:00-04:00,27.955971952833124,28.26296415395226,27.371698910489048,27.5301456451416,75800,0.0,0.0
2024-08-08 00:00:00-04:00,27.718298856479382,27.84703799499834,27.26276501577258,27.76781463623047,64900,0.0,0.0
2024-08-09 00:00:00-04:00,27.777716914753512,27.995582575923205,27.609367035137808,27.718299865722656,244800,0.0,0.0
2024-08-12 00:00:00-04:00,27.629171493332514,27.658880960270857,27.213248400364765,27.25286102294922,68300,0.0,0.0
2024-08-13 00:00:00-04:00,27.41130938075483,27.4212125369953,26.995386262824763,27.17363929748535,90200,0.0,0.0
2024-08-14 00:00:00-04:00,27.25286217509515,27.45091962988911,26.886452956033793,27.38159942626953,138600,0.0,0.0
2024-08-15 00:00:00-04:00,27.82723214872594,27.86684288435574,27.480629240004152,27.559852600097656,66500,0.0,0.0
2024-08-16 00:00:00-04:00,27.520242960603557,27.787620631047638,27.302377295043375,27.59946632385254,72800,0.0,0.0
2024-08-19 00:00:00-04:00,27.708394388800706,28.530337405418916,27.68858807783791,28.480823516845703,235100,0.0,0.0
2024-08-20 00:00:00-04:00,28.560046687718696,28.560046687718696,27.797520720071574,28.025287628173828,77900,0.0,0.0
2024-08-21 00:00:00-04:00,28.233250870077068,28.37189127196657,27.797521464209442,27.89655113220215,159900,0.0,0.0
2024-08-22 00:00:00-04:00,27.876745901043925,28.114415980135707,27.728202337715796,27.9361629486084,114700,0.0,0.0
2024-08-23 00:00:00-04:00,27.95597075744272,28.65907976512848,27.95597075744272,28.510536193847656,110200,0.0,0.0
2024-08-26 00:00:00-04:00,28.728400020550183,28.85713727885329,28.470923615109978,28.599660873413086,78600,0.0,0.0
2024-08-27 00:00:00-04:00,28.480826724057895,28.906653013541188,28.361990733732842,28.510536193847656,67400,0.0,0.0
2024-08-28 00:00:00-04:00,28.530336440706883,28.728395765970188,28.124316523867453,28.342182159423828,96400,0.0,0.0
2024-08-29 00:00:00-04:00,28.579851753166032,28.609559329290377,28.114412912992055,28.550142288208008,58400,0.0,0.0
2024-08-30 00:00:00-04:00,28.500629855424965,28.80762012031064,28.371890722875833,28.758106231689453,88200,0.0,0.0
2024-09-03 00:00:00-04:00,28.70859186952402,28.87694174350274,28.302571918546032,28.4115047454834,98800,0.0,0.0
2024-09-04 00:00:00-04:00,28.44121293148795,28.708592482130385,28.332281991059997,28.38179588317871,76600,0.0,0.0
2024-09-05 00:00:00-04:00,28.381793878366825,28.867037164422822,28.054997302499164,28.758106231689453,145200,0.0,0.0
2024-09-06 00:00:00-04:00,28.69869016329187,28.768010369814217,28.055000102797873,28.064903259277344,87800,0.0,0.0
2024-09-09 00:00:00-04:00,28.163927510458674,28.57985055831391,27.787615192057764,27.955965042114258,98000,0.0,0.0
2024-09-10 00:00:00-04:00,27.946063392350307,28.193636603480098,27.767812266957172,27.975772857666016,74000,0.0,0.0
2024-09-11 00:00:00-04:00,27.797522954660582,27.797522954660582,27.213249959893176,27.639076232910156,76600,0.0,0.0
2024-09-12 00:00:00-04:00,27.767812466537315,28.104510298366822,27.688587225126,27.965869903564453,66600,0.0,0.0
2024-09-13 00:00:00-04:00,28.233249897330932,28.54024015758088,28.084706344876686,28.500629425048828,69900,0.0,0.0
2024-09-16 00:00:00-04:00,28.52043322487942,28.629366042425836,28.361986520539375,28.530336380004883,57600,0.0,0.0
2024-09-17 00:00:00-04:00,28.589756498546304,29.431503942011332,28.5699501874725,28.936357498168945,119800,0.0,0.0
2024-09-18 00:00:00-04:00,28.936359676903603,29.669176242306982,28.698689592624177,29.015583038330078,94800,0.0,0.0
2024-09-19 00:00:00-04:00,29.372087249620748,29.38199040527633,28.639270730611948,28.82742691040039,123000,0.0,0.0
2024-09-20 00:00:00-04:00,28.81752704222786,28.926457989198408,28.37189443105825,28.391700744628906,437200,0.0,0.0
2024-09-23 00:00:00-04:00,28.550143918321904,28.678881162823096,28.352084584960604,28.47092056274414,71300,0.0,0.0
2024-09-24 00:00:00-04:00,28.550142750999957,28.579852216439566,28.302569538837684,28.342182159423828,70000,0.0,0.0
2024-09-25 00:00:00-04:00,28.322380274594803,28.322380274594803,27.78762114612626,28.035194396972656,101700,0.0,0.0
2024-09-26 00:00:00-04:00,28.262963855314926,28.381797960631662,28.0054874420166,28.0054874420166,89500,0.0,0.0
2024-09-27 00:00:00-04:00,28.223347736664415,28.52043485204315,28.054997867594118,28.1738338470459,68700,0.0,0.0
2024-09-30 00:00:00-04:00,27.965872904498717,28.560049057006836,27.965872904498717,28.560049057006836,110700,0.0,0.0
2024-10-01 00:00:00-04:00,28.470921801705646,29.352281906966393,28.134222053639636,28.966068267822266,244200,0.0,0.0
2024-10-02 00:00:00-04:00,28.777912699831496,29.896944795033292,28.64917544696344,29.490924835205078,256700,0.0,0.0
2024-10-03 00:00:00-04:00,29.41169843571578,30.104902298244767,29.14431891257585,29.174026489257812,247900,0.0,0.0
2024-10-04 00:00:00-04:00,29.44140840777281,29.44140840777281,28.421407896918254,28.688785552978516,112700,0.0,0.0
2024-10-07 00:00:00-04:00,28.500632135712166,28.59965992087759,27.847038931683958,28.18373680114746,105700,0.0,0.0
2024-10-08 00:00:00-04:00,28.203539617546983,29.065095219057064,28.045092914322964,28.540239334106445,116400,0.0,0.0
2024-10-09 00:00:00-04:00,28.500632343667583,28.876942841010152,28.302572994223738,28.45111656188965,68800,0.0,0.0
2024-10-10 00:00:00-04:00,28.22334874815805,28.22334874815805,27.738105434937502,28.124319076538086,133000,0.0,0.0
2024-10-11 00:00:00-04:00,28.104513929203865,28.342185906475347,28.045096879302974,28.25305938720703,81900,0.0,0.0
2024-10-14 00:00:00-04:00,28.104514604996208,28.183737969713697,27.80742745951413,28.035194396972656,110900,0.0,0.0
2024-10-15 00:00:00-04:00,27.82723480932216,28.77791522133992,27.82723480932216,28.629371643066406,139300,0.0,0.0
2024-10-16 00:00:00-04:00,28.758107918553023,28.886845169819715,28.51053468325763,28.768009185791016,81300,0.0,0.0
2024-10-17 00:00:00-04:00,28.698687625757653,28.77791098175455,28.480823868974635,28.649173736572266,63000,0.0,0.0
2024-10-18 00:00:00-04:00,28.6887863104472,28.787815984004208,28.31247581753128,28.560049057006836,126700,0.0,0.0
2024-10-21 00:00:00-04:00,28.461017806734166,28.579853786185947,28.084707334665516,28.1738338470459,123400,0.0,0.0
2024-10-22 00:00:00-04:00,28.223350780890232,30.501023948024958,27.88665100643254,29.77811050415039,182000,0.0,0.0
2024-10-23 00:00:00-04:00,29.986069922133847,29.986069922133847,28.342183846623143,28.35208511352539,163800,0.0,0.0
2024-10-24 00:00:00-04:00,28.233252115552638,28.401601991916646,27.639075970218844,27.837135314941406,365100,0.0,0.0
2024-10-25 00:00:00-04:00,28.005486815724854,28.203544283101568,27.757913564878454,28.035194396972656,102400,0.0,0.0
2024-10-28 00:00:00-04:00,28.233250248500678,28.867037087566608,28.233250248500678,28.66897964477539,117200,0.0,0.0
2024-10-29 00:00:00-04:00,28.500631538305946,29.05519505671051,28.451115757927212,29.045291900634766,89600,0.0,0.0
2024-10-30 00:00:00-04:00,28.94626235961914,29.391894940873627,28.77791248323788,28.94626235961914,72800,0.0,0.0
2024-10-31 00:00:00-04:00,29.07499938232773,29.094803804292205,28.510532746414306,28.95616340637207,139700,0.0,0.0
2024-11-01 00:00:00-04:00,29.00568116516567,29.213641776254672,28.768009197015537,29.045291900634766,115500,0.0,0.0
2024-11-04 00:00:00-05:00,29.01357208339079,29.182082824443004,28.805410866496295,28.914447784423828,87100,0.028,0.0
2024-11-05 00:00:00-05:00,29.02348350941257,29.73717502949042,29.02348350941257,29.588489532470703,112600,0.0,0.0
2024-11-06 00:00:00-05:00,30.70859182570759,31.422285303024776,30.262535293023195,31.114999771118164,300000,0.0,0.0
2024-11-07 00:00:00-05:00,30.99605060154883,31.680004296316394,30.91675154024366,31.521406173706055,205500,0.0,0.0
2024-11-08 00:00:00-05:00,31.59079829406637,31.98729364812791,31.452023502165595,31.957557678222656,195200,0.0,0.0
2024-11-11 00:00:00-05:00,32.22518502662587,32.56220650899761,32.12606261821904,32.25492477416992,98300,0.0,0.0
2024-11-12 00:00:00-05:00,32.26483470156789,32.37387161687521,32.03685014286958,32.314395904541016,94600,0.0,0.0
2024-11-13 00:00:00-05:00,32.522559152635615,32.64150679655898,32.19544840524958,32.30448532104492,131000,0.0,0.0
2024-11-14 00:00:00-05:00,32.33422091447109,32.33422091447109,31.670092480493942,31.7493896484375,169500,0.0,0.0
2024-11-15 00:00:00-05:00,31.94764090089565,31.94764090089565,30.857277336602387,31.114999771118164,189000,0.0,0.0
2024-11-18 00:00:00-05:00,31.134822232310935,31.58088061583807,30.98613673468145,31.03569793701172,161000,0.0,0.0
2024-11-19 00:00:00-05:00,30.986141697473162,31.98729364812791,30.926667867023678,31.957557678222656,157400,0.0,0.0
2024-11-20 00:00:00-05:00,31.898080901573024,31.898080901573024,30.956402812529475,31.025789260864258,157300,0.0,0.0
2024-11-21 00:00:00-05:00,31.055524172518233,31.65026807279364,30.936574636207652,31.541231155395508,134500,0.0,0.0
2024-11-22 00:00:00-05:00,31.6403525636224,32.17562070152788,31.461929220774383,31.90798568725586,134000,0.0,0.0
2024-11-25 00:00:00-05:00,32.165713205232606,32.80010569629432,32.08641225321114,32.24501037597656,170200,0.0,0.0
2024-11-26 00:00:00-05:00,32.076501414015624,32.39369765845049,31.83860234005072,32.25492477416992,313600,0.0,0.0
2024-11-27 00:00:00-05:00,32.30448343241288,33.137124453752214,32.30448343241288,32.74062728881836,163500,0.0,0.0
2024-11-29 00:00:00-05:00,32.95870402742157,33.226339070269724,32.760455427392095,32.81001663208008,83000,0.0,0.0
2024-12-02 00:00:00-05:00,33.02808969720445,33.04791493487114,32.38378270750832,32.86949157714844,235800,0.0,0.0
2024-12-03 00:00:00-05:00,32.948795289802646,32.968616747853446,32.46308637944718,32.66133499145508,159900,0.0,0.0
2024-12-04 00:00:00-05:00,32.71089422270411,33.057826436797534,32.38378346546385,32.81001663208008,104600,0.0,0.0
2024-12-05 00:00:00-05:00,32.65142336355309,32.76046029884689,32.086417227283526,32.15580368041992,87600,0.0,0.0
2024-12-06 00:00:00-05:00,32.19544709007849,32.354045202590115,31.798953699438055,31.96746253967285,109500,0.0,0.0
2024-12-09 00:00:00-05:00,31.868338996505184,32.54238189586944,31.868338996505184,31.90798568725586,89000,0.0,0.0
2024-12-10 00:00:00-05:00,31.858429814398068,32.740632167491576,31.551146167360812,32.66133499145508,101000,0.0,0.0
2024-12-11 00:00:00-05:00,32.89923253508441,32.89923253508441,32.24501471792374,32.49282455444336,98800,0.0,0.0
2024-12-12 00:00:00-05:00,32.39369802803431,32.62168259499313,32.2053639374016,32.22518539428711,74900,0.0,0.0
2024-12-13 00:00:00-05:00,32.02694280329814,32.31439932346669,31.73948250185179,32.056678771972656,66800,0.0,0.0
2024-12-16 00:00:00-05:00,31.997205937234188,32.43335368391847,31.967469965879584,32.126068115234375,101100,0.0,0.0
2024-12-17 00:00:00-05:00,32.1260604554242,32.16571092862858,31.60070302929791,31.68991470336914,108800,0.0,0.0
2024-12-18 00:00:00-05:00,31.739478775536224,32.126061448030136,30.69867650942684,30.887012481689453,138600,0.0,0.0
2024-12-19 00:00:00-05:00,31.095171387310778,31.273592837108012,30.530163512384636,30.916748046875,163200,0.0,0.0
2024-12-20 00:00:00-05:00,30.90683966881854,31.43219525368295,30.57973079669283,31.174474716186523,385700,0.0,0.0
2024-12-23 00:00:00-05:00,31.22403426746283,31.432193588406008,30.867187556544586,31.154647827148438,99600,0.0,0.0
2024-12-24 00:00:00-05:00,31.04561225106054,31.481758039812565,31.04561225106054,31.342985153198242,37200,0.0,0.0
2024-12-26 00:00:00-05:00,31.204210479371653,31.789041775811565,31.204210479371653,31.769216537475586,74300,0.0,0.0
2024-12-27 00:00:00-05:00,31.541232070592727,31.769216640277875,31.105086278983762,31.471845626831055,96400,0.0,0.0
2024-12-30 00:00:00-05:00,31.25377316712372,31.670093713549377,31.015875982114597,31.51149559020996,82300,0.0,0.0
2024-12-31 00:00:00-05:00,31.65026832997618,31.769215976614557,31.263685642443317,31.521406173706055,62500,0.0,0.0
2025-01-02 00:00:00-05:00,31.6502695081381,31.848518114100088,31.323160631748,31.43219566345215,71800,0.0,0.0
2025-01-03 00:00:00-05:00,31.43219519185838,31.808867159406983,31.243861098722878,31.759305953979492,98700,0.0,0.0
2025-01-06 00:00:00-05:00,31.69982848913819,31.848515878491977,31.412370110374173,31.600704193115234,148600,0.0,0.0
2025-01-07 00:00:00-05:00,31.640353696287793,32.185536362355315,31.521404166584755,31.96746253967285,173700,0.0,0.0
2025-01-08 00:00:00-05:00,31.739480832558495,32.215275212716065,31.48175840398011,32.18553924560547,158000,0.0,0.0
2025-01-10 00:00:00-05:00,31.660178746739614,31.719652565921905,30.946485353997655,31.105083465576172,93100,0.0,0.0
2025-01-13 00:00:00-05:00,30.8671899943985,31.144737668215157,30.579731591730226,30.678855895996094,133800,0.0,0.0
2025-01-14 00:00:00-05:00,30.787887976242278,31.204208501718462,30.748239392721942,31.19429588317871,96900,0.0,0.0
2025-01-15 00:00:00-05:00,31.69983006727176,31.69983006727176,31.283509515760326,31.48175811767578,116200,0.0,0.0
2025-01-16 00:00:00-05:00,31.50158305001451,31.79895594999926,31.293421830961307,31.6502685546875,88200,0.0,0.0
2025-01-17 00:00:00-05:00,31.739478963802853,31.91790231851644,31.392544873041842,31.600704193115234,90500,0.0,0.0
2025-01-21 00:00:00-05:00,31.689915742329934,31.947638154692015,31.24385924798834,31.61061668395996,97400,0.0,0.0
2025-01-22 00:00:00-05:00,31.461930907012924,31.878251432425287,31.184383259858457,31.779129028320312,196100,0.0,0.0
2025-01-23 00:00:00-05:00,31.6502674706861,31.88816275750411,31.29342075918168,31.878252029418945,75400,0.0,0.0
2025-01-24 00:00:00-05:00,31.689913653355386,31.95755055733982,31.501579583790715,31.91790008544922,65300,0.0,0.0
2025-01-27 00:00:00-05:00,31.73947685305336,32.24500713693799,31.630439945615446,31.90798568725586,80800,0.0,0.0
2025-01-28 00:00:00-05:00,31.521408782616284,32.463086867863304,31.521408782616284,32.334224700927734,150800,0.0,0.0
2025-01-29 00:00:00-05:00,31.98728800852181,32.67124166470202,31.98728800852181,32.0963249206543,106200,0.0,0.0
2025-01-30 00:00:00-05:00,32.3540511358667,32.681161929877895,32.3540511358667,32.532474517822266,103200,0.0,0.0
2025-01-31 00:00:00-05:00,32.41351764759388,32.7703643101175,32.19544384687902,32.363956451416016,118900,0.0,0.0
2025-02-03 00:00:00-05:00,31.99719725964511,32.74062659211848,31.224031963881487,32.50273132324219,162100,0.0,0.0
2025-02-04 00:00:00-05:00,32.393698807525524,33.077652524860014,32.363962840204174,33.03800582885742,75400,0.0,0.0
2025-02-05 00:00:00-05:00,32.98844003999633,33.097476959228516,32.502734939587995,33.097476959228516,168100,0.0,0.0
2025-02-06 00:00:00-05:00,33.1073882324471,33.484056376801064,32.354044381184835,32.76045227050781,98300,0.0,0.0
2025-02-07 00:00:00-05:00,32.64150676184923,33.00826420263477,32.40360769297804,32.88931655883789,88200,0.0,0.0
2025-02-10 00:00:00-05:00,32.88931621682705,33.206512451171875,32.552294745176,33.206512451171875,214000,0.0,0.0
2025-02-11 00:00:00-05:00,33.04791620587838,33.74178442578834,33.008265729020074,33.64265823364258,120500,0.0,0.0
2025-02-12 00:00:00-05:00,33.295723957303714,33.88055522036103,32.9289665222168,32.9289665222168,110700,0.0,0.0
2025-02-13 00:00:00-05:00,33.1866892367604,33.692223365690495,32.94879393713956,33.632747650146484,153800,0.0,0.0
2025-02-14 00:00:00-05:00,33.70213383710558,33.94003291618846,33.62283288365209,33.65257263183594,72500,0.0,0.0
2025-02-18 00:00:00-05:00,33.612917837250954,33.93011404776326,33.345282825641746,33.69221878051758,141500,0.0,0.0
2025-02-19 00:00:00-05:00,33.54353001711481,33.76160382081403,33.295720251557306,33.50387954711914,97000,0.0,0.0
2025-02-20 00:00:00-05:00,33.2957192898066,33.54352904820609,33.008259062556746,33.28580856323242,99400,0.0,0.0
2025-02-21 00:00:00-05:00,33.48405865103555,33.55344509188069,32.344135850524296,32.59194564819336,154900,0.0,0.0
2025-02-24 00:00:00-05:00,32.72080323975737,33.03800325198076,32.01702433867567,32.066585540771484,123300,0.0,0.0
2025-02-25 00:00:00-05:00,31.77912880314639,32.998352515129866,30.13367005959377,32.08641052246094,207500,0.0,0.0
2025-02-26 00:00:00-05:00,32.04676741400832,32.453175363455884,31.66018281307516,32.393699645996094,129300,0.0,0.0
2025-02-27 00:00:00-05:00,32.195447230833295,33.008263033668584,30.83745065018565,32.9785270690918,213100,0.0,0.0
2025-02-28 00:00:00-05:00,32.938873974479904,33.60300612030807,31.808862035151215,33.474143981933594,197700,0.0,0.0
2025-03-03 00:00:00-05:00,33.33537537423111,33.40476181576945,32.83975577394159,33.147037506103516,289500,0.0,0.0
2025-03-04 00:00:00-05:00,33.018176563822024,33.78143114264202,32.909139655236714,33.34528350830078,234100,0.0,0.0
2025-03-05 00:00:00-05:00,33.04791401921987,33.42458596189558,32.81001495508853,32.93887710571289,184400,0.0,0.0
2025-03-06 00:00:00-05:00,32.74062885604195,33.38493583458175,32.621681213378906,32.621681213378906,262500,0.0,0.0
2025-03-07 00:00:00-05:00,32.19544910881726,33.13712711520952,32.126062666572544,32.54238510131836,150100,0.0,0.0
2025-03-10 00:00:00-04:00,32.39455001303779,32.51361008099432,31.303154071407025,31.322998046875,195900,0.031,0.0
2025-03-11 00:00:00-04:00,32.09689580297763,32.09689580297763,30.73761558532715,30.73761558532715,218900,0.0,0.0
2025-03-12 00:00:00-04:00,32.225877948080125,32.225877948080125,30.757457834671513,31.77939796447754,182700,0.0,0.0
2025-03-13 00:00:00-04:00,31.848852084153506,31.948071967519557,30.807067910345037,30.81698989868164,125800,0.0,0.0
2025-03-14 00:00:00-04:00,30.807067910345037,31.432139928570738,30.430041815682912,30.81698989868164,157400,0.0,0.0
2025-03-17 00:00:00-04:00,30.797147750854492,30.99558183989961,30.09270171981603,30.797147750854492,178400,0.0,0.0
2025-03-18 00:00:00-04:00,30.678083242053756,31.194015237196624,30.310977274472126,31.124563217163086,256500,0.0,0.0
2025-03-19 00:00:00-04:00,31.015423957348947,31.54127795202707,30.965814018742147,31.31307601928711,284200,0.0,0.0
2025-03-20 00:00:00-04:00,31.114642660817367,31.54127868056191,31.114642660817367,31.501590728759766,171600,0.0,0.0
2025-03-21 00:00:00-04:00,31.154324164358805,31.878614039426203,30.697924139929754,31.303150177001953,473700,0.0,0.0
2025-03-24 00:00:00-04:00,31.719867930805744,31.977833933284387,31.402371894655303,31.77939796447754,102700,0.0,0.0
2025-03-25 00:00:00-04:00,31.719867851095508,32.0175218035578,31.61072977170908,31.759553909301758,107800,0.0,0.0
2025-03-26 00:00:00-04:00,31.789321353521537,31.85877337380338,31.650415420532227,31.650415420532227,79200,0.0,0.0
2025-03-27 00:00:00-04:00,31.352762206216045,32.017520206741544,31.352762206216045,31.83892822265625,135200,0.0,0.0
2025-03-28 00:00:00-04:00,31.96791383802713,31.96791383802713,31.670259884816854,31.77939796447754,84400,0.0,0.0
2025-03-31 00:00:00-04:00,31.600808441128677,32.06713051619585,31.15432844936438,31.928226470947266,176600,0.0,0.0
2025-04-01 00:00:00-04:00,31.70002679098018,32.16634697897088,31.362686769427643,32.027442932128906,143900,0.0,0.0
2025-04-02 00:00:00-04:00,31.640489886893633,32.28540575706179,31.571037874395625,32.196109771728516,140700,0.0,0.0
2025-04-03 00:00:00-04:00,32.106819279578346,32.40447135333119,31.580965264027547,31.64049530029297,231900,0.0,0.0
2025-04-04 00:00:00-04:00,30.896362765203012,31.42221677295388,30.747536730534108,31.015424728393555,216400,0.0,0.0
2025-04-07 00:00:00-04:00,30.24152811485608,31.4420622212448,29.59661400614062,30.39035415649414,217900,0.0,0.0
2025-04-08 00:00:00-04:00,31.402373350867265,31.44206130343933,30.310979256670027,30.658241271972656,215300,0.0,0.0
2025-04-09 00:00:00-04:00,30.39035283259787,32.106818908154786,30.142308809864723,31.541278839111328,207700,0.0,0.0
2025-04-10 00:00:00-04:00,31.134485101579912,31.382529125912665,30.539180957121882,31.094799041748047,159700,0.0,0.0
2025-04-11 00:00:00-04:00,31.491670193740998,32.09689634724142,30.87652205183227,31.888540267944336,160200,0.0,0.0
2025-04-14 00:00:00-04:00,32.315175304638785,32.49376730559506,31.898463158975122,32.12666320800781,168800,0.0,0.0
2025-04-15 00:00:00-04:00,32.03736462947422,32.54337273489741,32.03736462947422,32.444156646728516,127800,0.0,0.0
2025-04-16 00:00:00-04:00,32.44416152125378,32.56322160191469,32.12666544959021,32.21596145629883,150700,0.0,0.0
2025-04-17 00:00:00-04:00,32.06712178778389,32.38461774331836,31.918293902755085,32.136573791503906,112100,0.0,0.0
2025-04-21 00:00:00-04:00,31.948070457557485,32.146506430059354,31.313076481006906,31.432138442993164,117500,0.0,0.0
2025-04-22 00:00:00-04:00,31.640492530044494,31.977832526722672,31.551196537251705,31.90838050842285,109400,0.0,0.0
2025-04-23 00:00:00-04:00,32.275488032538114,32.73189192507501,32.245723960035185,32.30525588989258,122000,0.0,0.0
2025-04-24 00:00:00-04:00,32.26556843746506,33.02954451732769,32.13658447986447,32.95016860961914,119300,0.0,0.0
2025-04-25 00:00:00-04:00,32.801339032958325,33.09899106791565,32.414387224177744,33.019615173339844,133700,0.0,0.0
2025-04-28 00:00:00-04:00,33.049386396761996,33.327194486407535,32.74181045118919,32.90055847167969,117900,0.0,0.0
2025-04-29 00:00:00-04:00,32.87079175041399,33.79351572788695,32.811259828210524,33.68437576293945,288500,0.0,0.0
2025-04-30 00:00:00-04:00,33.53555043954358,33.56531829536957,32.86087040854158,33.36688232421875,147200,0.0,0.0
2025-05-01 00:00:00-04:00,33.366875602277354,33.47601555366602,32.890631638368156,33.118831634521484,125900,0.0,0.0
2025-05-02 00:00:00-04:00,33.406568132189925,33.86297202372023,33.11883993397598,33.80344009399414,111100,0.0,0.0
2025-05-05 00:00:00-04:00,33.50579068118998,33.68438269972765,32.970014625576965,32.97993850708008,147000,0.0,0.0
2025-05-06 00:00:00-04:00,27.78092884608109,29.388254847700185,26.163682749494342,26.61016082763672,552800,0.0,0.0
2025-05-07 00:00:00-04:00,26.798675030596193,27.056641027732116,25.637828989697358,26.66969108581543,328900,0.0,0.0
2025-05-08 00:00:00-04:00,26.91773453436813,27.503118536353803,26.91773453436813,27.016952514648438,334300,0.0,0.0
2025-05-09 00:00:00-04:00,27.701556858575394,28.534984936101896,27.51304286921385,27.622182846069336,289100,0.0,0.0
2025-05-12 00:00:00-04:00,28.247253417024734,28.554829376356402,27.007033268697633,27.2352352142334,418900,0.0,0.0
2025-05-13 00:00:00-04:00,27.4435872826229,27.721397236547006,27.145935247467097,27.19554328918457,215100,0.0,0.0
2025-05-14 00:00:00-04:00,27.086403953532933,27.17569994463193,26.788751911486628,26.868125915527344,208900,0.0,0.0
2025-05-15 00:00:00-04:00,26.788753768691258,27.53288581782157,26.491101706009395,27.354293823242188,246400,0.0,0.0
2025-05-16 00:00:00-04:00,27.294765328301413,28.396081428692032,27.294765328301413,28.26709747314453,321200,0.0,0.0
2025-05-19 00:00:00-04:00,27.950246819383594,28.963369248976335,27.950246819383594,28.933570861816406,280700,0.031,0.0
2025-05-20 00:00:00-04:00,28.764715252200627,28.903772488746558,28.397211306905614,28.456806182861328,380000,0.0,0.0
2025-05-21 00:00:00-04:00,28.168763641332745,28.76471620970146,27.75159570678244,28.049571990966797,315600,0.0,0.0
2025-05-22 00:00:00-04:00,28.009842978513582,28.307819265620033,27.562876653366875,27.632404327392578,313700,0.0,0.0
2025-05-23 00:00:00-04:00,27.3244940522363,27.80125684859364,27.155640325048875,27.165573120117188,216200,0.0,0.0
2025-05-27 00:00:00-04:00,27.483417752663,27.890652919048456,27.354295192742768,27.71186637878418,262800,0.0,0.0
2025-05-28 00:00:00-04:00,27.582741278008463,27.880717554675307,27.463549630649545,27.870784759521484,257100,0.0,0.0
2025-05-29 00:00:00-04:00,27.890652238834978,28.16876483851743,27.652270822458778,27.701932907104492,153800,0.0,0.0
2025-05-30 00:00:00-04:00,27.652271958945356,28.0197759471968,27.552945891084608,27.831058502197266,194300,0.0,0.0
2025-06-02 00:00:00-04:00,27.701931729760368,28.069437581775624,27.6423368518209,28.049571990966797,277900,0.0,0.0
2025-06-03 00:00:00-04:00,27.94031375812761,28.8640429119488,27.890651674486772,28.53626823425293,189500,0.0,0.0
2025-06-04 00:00:00-04:00,28.39721272905677,28.56606646479339,28.0992364398684,28.168764114379883,172000,0.0,0.0
2025-06-05 00:00:00-04:00,28.22836066577703,28.287955548248135,28.01977573539742,28.109169006347656,132300,0.0,0.0
2025-06-06 00:00:00-04:00,28.27802110066766,28.387279957556665,28.119100160367502,28.337617874145508,139700,0.0,0.0
2025-06-09 00:00:00-04:00,28.456807693364475,28.456807693364475,27.95024648463498,28.029706954956055,136700,0.0,0.0
2025-06-10 00:00:00-04:00,28.10916899223804,28.278022737894048,27.801259889390195,27.94031524658203,210100,0.0,0.0
2025-06-11 00:00:00-04:00,27.989977619487895,28.06943808967398,27.691999435424805,27.691999435424805,139600,0.0,0.0
2025-06-12 00:00:00-04:00,27.60260767466707,27.77145951375382,27.2053034348556,27.26490020751953,216400,0.0,0.0
2025-06-13 00:00:00-04:00,26.917257901340392,27.632402068629876,26.917257901340392,27.066246032714844,229300,0.0,0.0
2025-06-16 00:00:00-04:00,27.27482943403213,27.4834143365765,26.996718756622176,27.324493408203125,188400,0.0,0.0
2025-06-17 00:00:00-04:00,27.09604623220359,27.37415692420598,26.976854582426135,27.205303192138672,210200,0.0,0.0
2025-06-18 00:00:00-04:00,27.165574026518012,27.39402263725074,27.046382376208282,27.2351016998291,195100,0.0,0.0
2025-06-20 00:00:00-04:00,27.483413903526248,27.483413903526248,25.546562514574788,26.420629501342773,708100,0.0,0.0
2025-06-23 00:00:00-04:00,26.50009065938558,27.18543835422815,26.29150575465657,27.07617950439453,207400,0.0,0.0
2025-06-24 00:00:00-04:00,27.215236054504327,27.26490003140347,26.808000916366403,26.89739418029785,165200,0.0,0.0
2025-06-25 00:00:00-04:00,26.93712553958994,26.93712553958994,26.599418072395085,26.619281768798828,121900,0.0,0.0
2025-06-26 00:00:00-04:00,26.718608465776338,27.11591082062872,26.420632173258817,27.105979919433594,97400,0.0,0.0
2025-06-27 00:00:00-04:00,27.135776767352336,27.543011923219897,27.03645070371674,27.364225387573242,290700,0.0,0.0
2025-06-30 00:00:00-04:00,27.453615312480686,27.88071600796646,27.155639052344352,27.483413696289062,132900,0.0,0.0
2025-07-01 00:00:00-04:00,27.314562101497913,27.79132491259263,27.245034428357474,27.543010711669922,157300,0.0,0.0
2025-07-02 00:00:00-04:00,27.513215570202462,27.7118658039969,27.29469785019535,27.562877655029297,147000,0.0,0.0
2025-07-03 00:00:00-04:00,27.66220326988914,27.811191416436927,27.46355114483405,27.612539291381836,46100,0.0,0.0
2025-07-07 00:00:00-04:00,27.50328151920266,27.761528516388484,27.364224277956747,27.403955459594727,137800,0.0,0.0
2025-07-08 00:00:00-04:00,27.354294137335167,27.543011571899847,27.205304096538644,27.274831771850586,142400,0.0,0.0
2025-07-09 00:00:00-04:00,27.31456272535342,27.32449552095563,26.98678804842866,27.21523666381836,131900,0.0,0.0
2025-07-10 00:00:00-04:00,27.12584393153109,27.41388932620076,26.956990191945753,27.026517868041992,143800,0.0,0.0
2025-07-11 00:00:00-04:00,26.857662994726766,27.195368541333856,26.400763911987394,26.420629501342773,149100,0.0,0.0
2025-07-14 00:00:00-04:00,26.440498288390046,26.937126715415136,26.3213066323297,26.917261123657227,140200,0.0,0.0
2025-07-15 00:00:00-04:00,26.857664043020293,27.41388730527302,26.500090998614354,26.519956588745117,161900,0.0,0.0
2025-07-16 00:00:00-04:00,26.629214388503506,27.096046298920403,26.629214388503506,26.89739418029785,153600,0.0,0.0
2025-07-17 00:00:00-04:00,26.817934832445353,27.0066541635745,26.80800203665044,26.857666015625,128400,0.0,0.0
2025-07-18 00:00:00-04:00,27.006654419048797,27.006654419048797,25.924004295494033,26.10279083251953,211100,0.0,0.0
2025-07-21 00:00:00-04:00,26.212046972644256,26.9569895904601,26.092857214706466,26.708675384521484,203200,0.0,0.0
2025-07-22 00:00:00-04:00,26.68881188378151,27.016586562247223,26.430564880371094,26.430564880371094,215900,0.0,0.0
2025-07-23 00:00:00-04:00,26.470295550396013,26.976856788013635,26.470295550396013,26.95699119567871,179700,0.0,0.0
2025-07-24 00:00:00-04:00,26.97685542542212,26.99672101675364,26.728541217239304,26.768272399902344,109400,0.0,0.0
2025-07-25 00:00:00-04:00,26.768270334108106,26.887460083924843,26.500090555290072,26.569618225097656,127100,0.0,0.0
2025-07-28 00:00:00-04:00,26.549753433281243,26.708674367471378,26.46036017098842,26.609350204467773,94400,0.0,0.0
2025-07-29 00:00:00-04:00,26.768272686318365,26.81793477069148,26.351104736328125,26.351104736328125,95300,0.0,0.0
2025-07-30 00:00:00-04:00,26.331234479754844,26.798064431411277,26.063054724883667,26.142515182495117,254300,0.0,0.0
2025-07-31 00:00:00-04:00,25.92400192635792,26.122652142519865,25.755148200652457,25.983596801757812,203900,0.0,0.0
2025-08-01 00:00:00-04:00,25.834608562400028,25.834608562400028,25.188992047110943,25.477035522460938,229800,0.0,0.0
2025-08-04 00:00:00-04:00,25.526701677173513,25.963733324992095,25.526701677173513,25.874340057373047,247500,0.0,0.0
2025-08-05 00:00:00-04:00,25.92400411712293,26.39083415376528,25.377711713916344,25.566431045532227,333500,0.0,0.0
2025-08-06 00:00:00-04:00,25.844540554104615,26.00346147925237,25.457169141380955,25.9140682220459,289500,0.0,0.0
2025-08-07 00:00:00-04:00,26.13258535335524,26.291506286608513,25.66575534873461,25.76508140563965,171200,0.0,0.0
2025-08-08 00:00:00-04:00,25.924003128474858,26.07299127112675,25.626024948684055,25.804811477661133,116900,0.0,0.0
2025-08-11 00:00:00-04:00,25.884272503718083,26.311373244468207,25.60616180331302,25.78494644165039,184400,0.0,0.0
2025-08-12 00:00:00-04:00,25.963732612944252,26.351104060165603,25.814744469160825,26.341171264648438,135100,0.0,0.0
2025-08-13 00:00:00-04:00,26.400768161167964,26.64908238461555,26.32130768544422,26.370969772338867,188300,0.0,0.0
2025-08-14 00:00:00-04:00,26.202113024842674,26.281573491469313,25.73528302022205,25.76508140563965,133800,0.0,0.0
2025-08-15 00:00:00-04:00,26.01339647076305,26.36103673431518,25.864408327665572,26.311372756958008,242500,0.0,0.0
2025-08-18 00:00:00-04:00,26.372034140644647,26.600750418001024,26.242758403560277,26.53114128112793,217300,0.031,0.0
2025-08-19 00:00:00-04:00,26.570918021016436,26.650471593962028,26.342201735886203,26.391923904418945,235000,0.0,0.0
2025-08-20 00:00:00-04:00,26.441643322666724,26.779746470947686,26.35214531890372,26.650470733642578,151600,0.0,0.0
2025-08-21 00:00:00-04:00,26.640528732494857,26.819522846912296,26.13337399987853,26.779747009277344,143700,0.0,0.0
2025-08-22 00:00:00-04:00,26.938853075422166,27.615059358522636,26.372033660678156,27.58522605895996,180800,0.0,0.0
2025-08-25 00:00:00-04:00,27.53550627126937,27.644891244832056,27.16756982372199,27.595170974731445,312100,0.0,0.0
2025-08-26 00:00:00-04:00,27.585225230540345,28.052602196079533,27.535504962802406,27.843774795532227,318400,0.0,0.0
2025-08-27 00:00:00-04:00,27.803997236574165,28.22165393696808,27.634947566533118,28.201766967773438,139800,0.0,0.0
2025-08-28 00:00:00-04:00,28.13215961880731,28.13215961880731,27.784112030277697,27.923330307006836,171100,0.0,0.0
2025-08-29 00:00:00-04:00,28.002883878953025,28.052604150154355,27.843776735060647,27.923330307006836,151700,0.0,0.0
2025-09-02 00:00:00-04:00,27.744333805278703,27.973050083490683,27.734389371872954,27.87360954284668,180800,0.0,0.0
2025-09-03 00:00:00-04:00,27.7542758731558,28.00288099699038,27.177512061727843,27.903438568115234,199500,0.0,0.0
2025-09-04 00:00:00-04:00,27.93327289406145,28.082435594511818,27.644890029378317,28.042659759521484,121600,0.0,0.0
2025-09-05 00:00:00-04:00,27.98299217224121,28.2216528638619,27.744331480620524,27.98299217224121,172700,0.0,0.0
2025-09-08 00:00:00-04:00,28.012826883317043,28.012826883317043,27.853719747542332,27.933273315429688,112800,0.0,0.0
2025-09-09 00:00:00-04:00,27.9233282082358,28.53986976700839,27.863663507937368,28.51003646850586,159100,0.0,0.0
2025-09-10 00:00:00-04:00,28.420540216518646,28.48020492048426,27.953163224825662,28.15204620361328,310700,0.0,0.0
2025-09-11 00:00:00-04:00,28.15204611214837,29.126579722856427,28.132159142028936,29.056968688964844,215700,0.0,0.0
2025-09-12 00:00:00-04:00,29.05696854159393,29.275742282158713,28.549813820339285,28.698978424072266,206800,0.0,0.0
2025-09-15 00:00:00-04:00,28.698977531447753,28.957527100714728,28.559757365407584,28.83819580078125,167800,0.0,0.0
2025-09-16 00:00:00-04:00,28.877973532994634,29.007247369274786,28.669144232287714,28.83819580078125,173500,0.0,0.0
2025-09-17 00:00:00-04:00,28.967469637061406,29.265796938541765,28.81830693467456,28.83819580078125,199900,0.0,0.0
2025-09-18 00:00:00-04:00,28.967468287096427,29.275740007263806,28.838194456840792,29.007246017456055,139600,0.0,0.0
2025-09-19 00:00:00-04:00,29.09674537004823,29.226019206328385,28.758642233061156,28.83819580078125,498100,0.0,0.0
2025-09-22 00:00:00-04:00,28.798417258268305,29.196186982383423,28.659198992851984,29.136520385742188,174400,0.0,0.0
2025-09-23 00:00:00-04:00,29.216076217070935,29.464681365570097,28.649256781965917,28.8282527923584,179400,0.0,0.0
2025-09-24 00:00:00-04:00,28.7685866661145,28.957527100714728,28.529925962954216,28.83819580078125,255500,0.0,0.0
2025-09-25 00:00:00-04:00,28.74869783620086,28.94758270410482,28.50009269967425,28.917749404907227,212900,0.0,0.0
2025-09-26 00:00:00-04:00,28.96746874474322,29.315516304062328,28.718863616187654,28.977413177490234,136000,0.0,0.0
2025-09-29 00:00:00-04:00,28.977415965648337,28.977415965648337,28.738755246876256,28.798419952392578,181200,0.0,0.0
2025-09-30 00:00:00-04:00,28.758641873428196,28.868028738940424,27.85371934066336,28.082435607910156,197700,0.0,0.0
2025-10-01 00:00:00-04:00,27.92333005495169,28.022772493163483,27.157625746439674,27.326677322387695,130900,0.0,0.0
2025-10-02 00:00:00-04:00,27.267010739416268,27.406229005296435,26.889131776295837,27.366453170776367,153000,0.0,0.0
2025-10-03 00:00:00-04:00,27.35651057859599,27.784111734520042,27.157625702494236,27.207347869873047,141800,0.0,0.0
2025-10-06 00:00:00-04:00,27.29684682099847,27.31673379193285,26.90902148882242,27.18745994567871,144700,0.0,0.0
2025-10-07 00:00:00-04:00,27.17751290885649,27.227233176490568,26.70019151142547,26.739967346191406,125400,0.0,0.0
2025-10-08 00:00:00-04:00,26.8990750965295,27.04823969627125,26.30242428438921,27.028350830078125,98400,0.0,0.0
2025-10-09 00:00:00-04:00,27.117849006980883,27.117849006980883,26.332255857621472,26.362089157104492,142400,0.0,0.0
2025-10-10 00:00:00-04:00,26.391922527630292,26.710136802812364,25.417388939001825,25.45716667175293,139900,0.0,0.0
2025-10-13 00:00:00-04:00,25.58643992583345,25.58643992583345,25.059398255856568,25.248336791992188,145900,0.0,0.0
2025-10-14 00:00:00-04:00,25.079285429745457,25.954376570372748,24.86051359294197,25.685882568359375,248400,0.0,0.0
2025-10-15 00:00:00-04:00,25.775379742055204,25.994151571839637,25.66599287880969,25.94443130493164,179200,0.0,0.0
2025-10-16 00:00:00-04:00,25.954376775092864,26.163204180501545,25.805214071699996,26.123428344726562,199900,0.0,0.0
2025-10-17 00:00:00-04:00,26.16320572258192,26.4018664414187,26.014043010397284,26.391923904418945,131600,0.0,0.0
2025-10-20 00:00:00-04:00,26.52119650500631,26.86924408158043,25.96432152051173,26.83941078186035,227200,0.0,0.0
2025-10-21 00:00:00-04:00,26.759857558484306,27.157625409692507,26.45158771088629,26.53114128112793,206800,0.0,0.0
2025-10-22 00:00:00-04:00,26.541087199421835,27.09796222226946,26.511253897647077,26.68030548095703,175500,0.0,0.0
2025-10-23 00:00:00-04:00,26.680302942809643,26.75985650993408,26.183092674105247,26.352144241333008,197200,0.0,0.0
2025-10-24 00:00:00-04:00,26.40186489800022,26.720081067886884,26.153259759990025,26.163204193115234,134300,0.0,0.0
2025-10-27 00:00:00-04:00,26.153260568871648,26.173149435737198,25.7554927150943,25.825101852416992,125700,0.0,0.0
2025-10-28 00:00:00-04:00,25.705771434443328,25.80521386815643,25.387557163926736,25.685882568359375,123000,0.0,0.0
2025-10-29 00:00:00-04:00,25.566553169697904,25.566553169697904,24.25391825785576,24.46274757385254,161900,0.0,0.0
2025-10-30 00:00:00-04:00,24.502522907827434,25.05939980788298,24.234030788083146,24.41302490234375,196700,0.0,0.0
2025-10-31 00:00:00-04:00,24.31358486054444,24.840626574013505,24.24397382407431,24.46274757385254,207400,0.0,0.0
2025-11-03 00:00:00-05:00,24.462747841256917,25.288116887071162,23.93570422531989,25.178730010986328,237600,0.0,0.0
2025-11-04 00:00:00-05:00,27.157624619163386,27.157624619163386,25.13895212177811,25.884767532348633,302500,0.0,0.0
2025-11-05 00:00:00-05:00,25.71571580706863,26.033930076837606,24.979844834051207,25.566551208496094,200100,0.0,0.0
2025-11-06 00:00:00-05:00,25.546664783977054,25.785325491393497,24.592020057604586,24.631797790527344,187000,0.0,0.0
2025-11-07 00:00:00-05:00,24.641742165651483,24.92017870862741,24.224085454480893,24.512466430664062,178000,0.0,0.0
2025-11-10 00:00:00-05:00,24.532353817053966,24.91023277259835,24.104752698473096,24.403079986572266,171500,0.0,0.0
2025-11-11 00:00:00-05:00,24.621854003806614,25.506887720803086,24.41302469389219,25.03951072692871,201100,0.0,0.0
2025-11-12 00:00:00-05:00,25.03950947959862,25.158838882142458,24.383192075487543,24.4229679107666,143800,0.0,0.0
2025-11-13 00:00:00-05:00,24.3633017889797,24.58207361202557,24.234027960976814,24.432910919189453,157500,0.0,0.0
2025-11-14 00:00:00-05:00,24.303639894233886,24.631798615003976,23.94564787277315,24.333471298217773,171400,0.0,0.0
2025-11-17 00:00:00-05:00,24.264769502866873,24.702868185304478,24.254812455659756,24.3344669342041,171100,0.031,0.0
2025-11-18 00:00:00-05:00,24.314551017794443,24.80243489970835,24.13532797972149,24.195068359375,218300,0.0,0.0
2025-11-19 00:00:00-05:00,24.115414764649838,24.62321275797061,24.115414764649838,24.513689041137695,187400,0.0,0.0
2025-11-20 00:00:00-05:00,24.80243767539314,24.81239472296844,24.294639643728676,24.404165267944336,190600,0.0,0.0
2025-11-21 00:00:00-05:00,24.39420833042922,25.539242219177854,24.185116027742467,25.340106964111328,242200,0.0,0.0
2025-11-24 00:00:00-05:00,25.290320861567753,25.399846482533896,24.862177324095654,25.021486282348633,264700,0.0,0.0
2025-11-25 00:00:00-05:00,25.24053743727092,25.89768736257726,24.89204838012663,25.51932716369629,205200,0.0,0.0
2025-11-26 00:00:00-05:00,25.479503166323326,25.658726234643694,25.12105702968259,25.210668563842773,274100,0.0,0.0
2025-11-28 00:00:00-05:00,25.36997394782148,25.36997394782148,24.812392624548615,25.041399002075195,139300,0.0,0.0
2025-12-01 00:00:00-05:00,24.852220756882936,25.33014953998655,24.852220756882936,25.290321350097656,213300,0.0,0.0
2025-12-02 00:00:00-05:00,25.25049489327816,25.439673096668532,24.961746215820312,24.961746215820312,133900,0.0,0.0
2025-12-03 00:00:00-05:00,24.961746321749263,25.35006167669724,24.62321430493368,24.822351455688477,182100,0.0,0.0
2025-12-04 00:00:00-05:00,24.82234941489919,24.921917982090477,24.46390333265553,24.60329818725586,109400,0.0,0.0
2025-12-05 00:00:00-05:00,24.732740294077587,24.8323088709297,23.87645319190712,24.155244827270508,216200,0.0,0.0
2025-12-08 00:00:00-05:00,24.244855546627893,24.533602320829537,23.806754962580914,23.946149826049805,263600,0.0,0.0
2025-12-09 00:00:00-05:00,23.796798550404382,24.035761993776745,23.73705816433945,23.826669692993164,174100,0.0,0.0
2025-12-10 00:00:00-05:00,23.677316892876195,24.334466812354638,23.667359845718938,24.115415573120117,218500,0.0,0.0
2025-12-11 00:00:00-05:00,24.234899520874023,24.384251437902016,23.926238639134485,24.234899520874023,200200,0.0,0.0
2025-12-12 00:00:00-05:00,24.29463825021349,24.424077962155224,23.936194053625876,24.065631866455078,178900,0.0,0.0
2025-12-15 00:00:00-05:00,24.214986478090307,24.583389661945017,23.886411486701075,24.27472686767578,305100,0.0,0.0
2025-12-16 00:00:00-05:00,24.29463898928941,24.53360242732159,23.687274296458174,23.80675506591797,374500,0.0,0.0
2025-12-17 00:00:00-05:00,23.806755540890165,24.32451061651266,23.66736067403512,23.717144012451172,299700,0.0,0.0
2025-12-18 00:00:00-05:00,23.836626747028607,24.2249421052256,23.677317784736886,24.185115814208984,395300,0.0,0.0
2025-12-19 00:00:00-05:00,24.015851026683066,24.145288852965653,23.766930523044245,23.836627960205078,463700,0.0,0.0
2025-12-22 00:00:00-05:00,23.89636712658769,24.195070956024985,23.806755597933975,23.826669692993164,170700,0.0,0.0
2025-12-23 00:00:00-05:00,23.73705648147054,23.976019907901286,23.637487912346273,23.906322479248047,173900,0.0,0.0
2025-12-24 00:00:00-05:00,23.836625992590726,23.966063808188757,23.508051030874487,23.727100372314453,102000,0.0,0.0
2025-12-26 00:00:00-05:00,23.707186164633487,23.836625878725773,23.4980938714095,23.5080509185791,180500,0.0,0.0
2025-12-29 00:00:00-05:00,23.55783439288289,23.72710039752947,23.050036378943137,23.119733810424805,173000,0.0,0.0
2025-12-30 00:00:00-05:00,23.099821991820104,23.348742479235785,23.099821991820104,23.169519424438477,145600,0.0,0.0
2025-12-31 00:00:00-05:00,23.18943201321294,23.46822172558082,22.94051154196306,22.970380783081055,163100,0.0,0.0
2026-01-02 00:00:00-05:00,22.990295071201036,23.139646975392864,22.621891935022866,22.691591262817383,185300,0.0,0.0
2026-01-05 00:00:00-05:00,22.64180855805136,23.179477752141302,22.611937414231015,22.930557250976562,907800,0.0,0.0
2026-01-06 00:00:00-05:00,22.880769478663648,23.308912997134954,22.751331667994705,23.05003547668457,336600,0.0,0.0
2026-01-07 00:00:00-05:00,23.089864497131842,23.159561928400034,22.42275752781655,22.651763916015625,195900,0.0,0.0
2026-01-08 00:00:00-05:00,22.512367579552738,22.781200239827278,22.163878546915438,22.203704833984375,186600,0.0,0.0
2026-01-09 00:00:00-05:00,22.20370716918581,22.482498804439125,21.895046290267505,22.00457191467285,223100,0.0,0.0
2026-01-12 00:00:00-05:00,21.944830546742185,22.562152276968927,21.89504531100612,22.432714462280273,195800,0.0,0.0
2026-01-13 00:00:00-05:00,22.42275749827985,22.42275749827985,21.805433866651423,21.934873580932617,173700,0.0,0.0
2026-01-14 00:00:00-05:00,21.83530616760254,21.96474398964398,21.50673118952985,21.83530616760254,334700,0.0,0.0
2026-01-15 00:00:00-05:00,21.835304324313363,22.094181845655033,21.835304324313363,21.9448299407959,165000,0.0,0.0
2026-01-16 00:00:00-05:00,21.905002317065716,21.96474270072438,21.596341452531306,21.715822219848633,238900,0.0,0.0
2026-01-20 00:00:00-05:00,21.50673000898506,21.63616782392142,20.969060856681967,21.217981338500977,349500,0.0,0.0
2026-01-21 00:00:00-05:00,21.287679780834022,21.54655732211741,20.909321466104554,21.148284912109375,211500,0.0,0.0
2026-01-22 00:00:00-05:00,21.17815547570758,21.51668748973217,21.058672806417242,21.377290725708008,188200,0.0,0.0
2026-01-23 00:00:00-05:00,21.297636032104492,21.35737831570628,21.068629642302046,21.297636032104492,167800,0.0,0.0
2026-01-26 00:00:00-05:00,21.44698954382837,21.745693361234242,21.24785239948275,21.715822219848633,348800,0.0,0.0
2026-01-27 00:00:00-05:00,21.656082472205167,21.705865810197373,21.237895976087735,21.596342086791992,237200,0.0,0.0
2026-01-28 00:00:00-05:00,21.606297598368133,21.725778360701405,21.45694379678283,21.6461238861084,272100,0.0,0.0
2026-01-29 00:00:00-05:00,21.616254753581654,21.895046390106227,21.337465016169734,21.865175247192383,350600,0.0,0.0
2026-01-30 00:00:00-05:00,21.76560873272996,22.32319011085983,21.715823494165804,22.19375228881836,399200,0.0,0.0
2026-02-02 00:00:00-05:00,22.193752288813712,22.462584980609428,21.70586644644843,21.83530616760254,302400,0.0,0.0
2026-02-03 00:00:00-05:00,21.795476372273896,21.88508789597992,20.301953509323468,20.809751510620117,527500,0.0,0.0
2026-02-04 00:00:00-05:00,20.799794538362118,20.879449015374462,20.31191062927246,20.31191062927246,451400,0.0,0.0
2026-02-05 00:00:00-05:00,20.282042549043855,20.829666872481216,20.062991300378798,20.212343215942383,602300,0.0,0.0
2026-02-06 00:00:00-05:00,20.401522514176946,20.81970900066705,19.873810407690303,20.003250122070312,487400,0.0,0.0
2026-02-09 00:00:00-05:00,20.023163464090356,20.242212796740155,19.445668042456788,19.9036808013916,409100,0.0,0.0
2026-02-10 00:00:00-05:00,19.883766707756394,20.05303270543067,19.79415518551045,19.9036808013916,356300,0.0,0.0
2026-02-11 00:00:00-05:00,19.933551692980746,20.12272988281591,19.48549408734489,20.072946548461914,469200,0.0,0.0
2026-02-12 00:00:00-05:00,20.072948667707085,20.072948667707085,19.41579870946944,19.794157028198242,370500,0.0,0.0
2026-02-13 00:00:00-05:00,19.953466896578764,20.451307864268504,19.843941275970995,20.222299575805664,324100,0.0,0.0
2026-02-17 00:00:00-05:00,20.262127928397128,20.37165165077664,19.923595915705693,20.19243049621582,261600,0.0,0.0
2026-02-18 00:00:00-05:00,20.082905076651148,20.192430699244504,19.694589722529418,19.913639068603516,505400,0.0,0.0
2026-02-19 00:00:00-05:00,19.913638656403243,20.23225657104768,19.814070083298713,20.112775802612305,330100,0.0,0.0
2026-02-20 00:00:00-05:00,20.132687212885156,20.38160768638374,19.903680833053457,20.262126922607422,488800,0.0,0.0
2026-02-23 00:00:00-05:00,20.242214467173856,21.208025298832418,20.092862550809926,21.148284912109375,704400,0.0,0.0
2026-02-24 00:00:00-05:00,21.417120070173322,23.328829588126542,21.178156617818257,21.99461555480957,603800,0.0,0.0
2026-02-25 00:00:00-05:00,21.795476800236806,21.845262036113557,21.048715354098633,21.576427459716797,313100,0.0,0.0
2026-02-26 00:00:00-05:00,21.636166423537578,21.7357349896432,21.158239585165532,21.23789405822754,395900,0.0,0.0
2026-02-27 00:00:00-05:00,21.2080240752386,21.367333030050506,21.018845878344802,21.13832664489746,290200,0.0,0.0
2026-03-02 00:00:00-05:00,21.018845787153598,21.427075219477054,21.018845787153598,21.27772331237793,280800,0.0,0.0
2026-03-03 00:00:00-05:00,21.058672250604534,21.69590997147971,20.889406248059768,21.606298446655273,289500,0.0,0.0
2026-03-04 00:00:00-05:00,21.7357369547131,22.074268970610518,21.466902371657042,21.95478630065918,410600,0.0,0.0
2026-03-05 00:00:00-05:00,21.765607670883508,22.183794158857634,21.5764275717943,21.79547691345215,225400,0.0,0.0
2026-03-06 00:00:00-05:00,21.566468684823224,22.34310121027039,21.118411093389778,22.153921127319336,609300,0.0,0.0
2026-03-09 00:00:00-04:00,21.8896525151441,22.55781052632544,21.660283420182846,22.39824867248535,570600,0.035,0.0
2026-03-10 00:00:00-04:00,22.39824743231156,22.866956428923892,21.400996838129828,21.420942306518555,487200,0.0,0.0
2026-03-11 00:00:00-04:00,21.39102553712358,21.41096910297056,20.244185857271013,20.453609466552734,292000,0.0,0.0
2026-03-12 00:00:00-04:00,20.343914225150506,20.70292509156942,20.214272469001894,20.274106979370117,254700,0.0,0.0
2026-03-13 00:00:00-04:00,20.23421747563718,20.453611943357437,19.984904802366763,20.24418830871582,246700,0.0,0.0
2026-03-16 00:00:00-04:00,21.301274941353864,21.73009303422304,20.802649605851048,20.91234588623047,383600,0.0,0.0
2026-03-17 00:00:00-04:00,20.902371897913138,21.321217230704754,20.60319747539252,20.872455596923828,259900,0.0,0.0
2026-03-18 00:00:00-04:00,20.663033378396364,20.76275882668967,20.35388620058135,20.55333709716797,348500,0.0,0.0
2026-03-19 00:00:00-04:00,20.533391486775315,20.982155049976264,20.433666039163473,20.50347328186035,482100,0.0,0.0
2026-03-20 00:00:00-04:00,20.523418528423043,20.702923951749653,20.144464114148292,20.28407859802246,590500,0.0,0.0
2026-03-23 00:00:00-04:00,20.493499842369584,21.161657845663097,20.313996325364826,21.0719051361084,360900,0.0,0.0
2026-03-24 00:00:00-04:00,20.91234588623047,21.14171498616134,20.69295142336692,20.91234588623047,350900,0.0,0.0
2026-03-25 00:00:00-04:00,21.002098172659647,21.271356304873088,20.62314376229251,21.171630859375,272400,0.0,0.0
2026-03-26 00:00:00-04:00,21.08187782545163,21.47080686672142,20.802648864863166,21.19157600402832,170000,0.0,0.0
2026-03-27 00:00:00-04:00,21.00209743516242,21.18160285033464,20.852510223220435,21.041988372802734,212700,0.0,0.0
2026-03-30 00:00:00-04:00,21.111796731558787,21.241438481558163,20.92231857192459,21.03201675415039,212200,0.0,0.0
2026-03-31 00:00:00-04:00,21.09185175004428,21.111797220384375,20.583253669000353,20.653060913085938,287600,0.0,0.0
2026-04-01 00:00:00-04:00,20.673004750837254,20.7527847237925,20.26413215167854,20.34391212463379,168000,0.0,0.0
2026-04-02 00:00:00-04:00,20.124517816034984,20.503472214710808,19.945012400097372,20.393775939941406,165000,0.0,0.0
2026-04-06 00:00:00-04:00,20.39377579654619,20.62314298102945,20.09459947138557,20.34391212463379,184000,0.0,0.0
2026-04-07 00:00:00-04:00,20.423692515856988,20.802648821733708,20.36385801044132,20.493499755859375,204500,0.0,0.0
2026-04-08 00:00:00-04:00,20.782705072761978,20.962210505971434,20.254161508545778,20.274106979370117,201300,0.0,0.0
2026-04-09 00:00:00-04:00,20.154435291590097,20.30402441499035,19.78545360586809,19.855260848999023,216300,0.0,0.0
2026-04-10 00:00:00-04:00,19.85526038274316,20.11454578121556,19.59597498427076,19.825342178344727,264100,0.0,0.0
2026-04-13 00:00:00-04:00,19.845286366540417,20.673004280404875,19.79542459786726,20.313995361328125,215700,0.0,0.0
2026-04-14 00:00:00-04:00,20.27410586315935,20.61317124008635,20.25416039343313,20.28407859802246,189800,0.0,0.0
2026-04-15 00:00:00-04:00,20.284076777901976,21.08187647431616,20.284076777901976,20.982152938842773,223700,0.0,0.0
2026-04-16 00:00:00-04:00,20.922317054169273,21.371080583352537,20.842537082548308,21.301273345947266,172900,0.0,0.0
2026-04-17 00:00:00-04:00,21.460833942420482,21.740062900540828,21.391026702890397,21.670255661010742,172300,0.0,0.0
2026-04-20 00:00:00-04:00,21.530640854165615,21.859733479872034,21.281328201293945,21.281328201293945,140300,0.0,0.0
2026-04-21 00:00:00-04:00,21.281329452889555,21.530642120423778,21.241438513073824,21.321218490600586,147200,0.0,0.0
2026-04-22 00:00:00-04:00,21.311246821974873,21.700173959401955,21.261383149160743,21.43091583251953,135200,0.0,0.0
2026-04-23 00:00:00-04:00,21.430914925851646,21.44088765999256,20.69294971836491,20.84253692626953,159300,0.0,0.0
2026-04-24 00:00:00-04:00,20.732840669675095,21.261382264787656,20.63311523029957,21.25140953063965,199300,0.0,0.0
2026-04-27 00:00:00-04:00,21.141713219895678,21.70017301641349,21.141713219895678,21.37108039855957,133600,0.0,0.0
2026-04-28 00:00:00-04:00,21.39102720970412,21.690201643951237,21.15168537978083,21.580503463745117,162100,0.0,0.0
2026-04-29 00:00:00-04:00,21.460833658681995,21.460833658681995,20.982153820714753,21.161657333374023,181300,0.0,0.0
2026-04-30 00:00:00-04:00,21.07190448030437,21.23146632729486,20.64308831723885,20.702922821044922,210700,0.0,0.0
2026-05-01 00:00:00-04:00,20.742812506683038,21.381054208345727,20.603198026055875,20.66303253173828,197900,0.0,0.0
2026-05-04 00:00:00-04:00,20.59322524231718,21.43091592829185,20.284078077906535,21.19157600402832,357100,0.0,0.0
2026-05-05 00:00:00-04:00,22.198799265746207,24.332915006589186,21.630366710632302,24.293025970458984,421500,0.0,0.0
2026-05-06 00:00:00-04:00,24.043712975716232,24.153409250114834,22.597698820755273,23.08635139465332,359900,0.0,0.0
2026-05-07 00:00:00-04:00,22.856984533705234,23.624867975915762,22.787177293886934,23.47528076171875,347700,0.0,0.0
2026-05-08 00:00:00-04:00,23.4852523648696,23.973906863842686,22.9267925258921,23.89412498474121,450800,0.0,0.0
2026-05-11 00:00:00-04:00,23.66475620186972,24.0437124937732,23.03648916290967,23.056434631347656,323600,0.0,0.0
2026-05-12 00:00:00-04:00,23.016543609056985,23.604921611062146,22.75725822663907,23.295774459838867,300900,0.0,0.0
2026-05-13 00:00:00-04:00,23.16613178950337,23.19604999330453,22.59769923201382,22.82706642150879,245500,0.0,0.0
2026-05-14 00:00:00-04:00,22.8968733854387,23.285802421744187,22.53786445467813,22.72734260559082,194800,0.0,0.0
2026-05-15 00:00:00-04:00,22.72734311856729,22.976655779883185,22.36833227759891,22.637590408325195,431000,0.0,0.0
2026-05-18 00:00:00-04:00,22.652572198242765,23.84113360260641,22.652572198242765,23.731266021728516,265700,0.035,0.0
2026-05-19 00:00:00-04:00,23.80118071390128,24.949789561118592,23.511532420883572,24.400455474853516,371500,0.0,0.0
2026-05-20 00:00:00-04:00,24.2006958733526,24.370490352203706,23.741253110015432,23.891071319580078,331000,0.0,0.0
2026-05-21 00:00:00-04:00,23.761230303350608,23.93102288376287,23.26183498201958,23.641374588012695,225600,0.0,0.0
2026-05-22 00:00:00-04:00,23.661350415578287,23.811168628167408,23.291797046485982,23.781204223632812,222900,0.0,0.0
2026-05-26 00:00:00-04:00,23.75124186413231,24.390467257635922,23.561471111045197,24.34052848815918,171400,0.0,0.0
2026-05-27 00:00:00-04:00,24.3405283203987,24.69010351441042,24.10081689444505,24.220672607421875,170000,0.0,0.0
2026-05-28 00:00:00-04:00,24.340528212776583,24.979753599048156,24.320551943195113,24.60021209716797,303600,0.0,0.0
2026-05-29 00:00:00-04:00,24.64016384847753,25.53907499544031,24.580236946691176,24.939800262451172,278100,0.0,0.0
2026-06-01 00:00:00-04:00,24.949788640268956,25.618978416042726,24.919826141604467,25.559051513671875,302500,0.0,0.0
2026-06-02 00:00:00-04:00,25.459172827591495,25.818738062557237,25.099607592625752,25.189498901367188,250700,0.0,0.0
2026-06-03 00:00:00-04:00,25.11958354963439,25.179510453035324,24.270611147113232,24.51032257080078,274600,0.0,0.0
2026-06-04 00:00:00-04:00,24.750033117528417,25.70887123193977,24.680116171440847,25.259416580200195,230500,0.0,0.0
2026-06-05 00:00:00-04:00,25.259415236719256,25.74882240305004,24.809958703843087,25.209474563598633,185900,0.0,0.0
2026-06-08 00:00:00-04:00,25.289377678678857,25.848699881078815,25.26940140947553,25.61897850036621,199800,0.0,0.0
2026-06-09 00:00:00-04:00,25.61897836144439,26.158326196758235,25.57902772829626,25.968555450439453,193700,0.0,0.0
2026-06-10 00:00:00-04:00,26.0184940377044,26.457962429537513,25.858687696136332,26.28816795349121,165400,0.0,0.0
2026-06-11 00:00:00-04:00,26.248218451786034,26.457963569742383,25.72884686678659,26.188289642333984,218600,0.0,0.0
2026-06-12 00:00:00-04:00,26.158327017784146,26.547854752153363,26.008508804953056,26.098398208618164,180600,0.0,0.0
2026-06-15 00:00:00-04:00,25.948580274175164,26.40802495750049,25.758811424906096,25.838714599609375,151800,0.0,0.0
2026-06-16 00:00:00-04:00,25.91861764945029,26.228242211803646,25.339319159381777,25.748823165893555,112300,0.0,0.0
2026-06-17 00:00:00-04:00,25.56903959374876,26.727636530672708,25.56903959374876,25.968555450439453,242700,0.0,0.0
2026-06-18 00:00:00-04:00,26.008509406436364,26.198278258058178,25.439197136444985,25.608991622924805,315700,0.0,0.0
2026-06-22 00:00:00-04:00,25.539075557727013,25.878664517062763,25.249427271847637,25.329330444335938,165500,0.0,0.0
2026-06-23 00:00:00-04:00,25.409234033470835,25.968556250060395,25.389257763760725,25.62896728515625,140500,0.0,0.0
2026-06-24 00:00:00-04:00,25.6988829403103,26.358084616214885,25.479149683356095,26.07842445373535,156300,0.0,0.0
2026-06-25 00:00:00-04:00,26.05844826161235,26.278181519224834,25.529088530267117,25.668920516967773,181100,0.0,0.0
2026-06-26 00:00:00-04:00,25.668920640386034,26.79755324429041,25.668920640386034,26.697673797607422,681800,0.0,0.0
2026-06-29 00:00:00-04:00,26.887443831736803,27.87624632668228,26.887443831736803,27.09718894958496,287100,0.0,0.0
2026-06-30 00:00:00-04:00,27.137141655645934,27.88623463262728,26.467951853340917,27.217044830322266,186700,0.0,0.0
2026-07-01 00:00:00-04:00,27.3169244172089,28.485509543588076,27.207056837065963,28.245800018310547,220300,0.0,0.0
2026-07-02 00:00:00-04:00,28.295737697129574,28.755182364974527,27.95614873982214,28.375640869140625,184900,0.0,0.0
2026-07-06 00:00:00-04:00,28.295738603779206,29.134722889298832,27.96613777054235,29.03484344482422,203900,0.0,0.0
2026-07-07 00:00:00-04:00,29.28454087964268,29.963718810828162,28.335690926991617,28.41559410095215,197100,0.0,0.0
2026-07-08 00:00:00-04:00,28.315714280340984,28.84507208639269,28.07600476165008,28.145919799804688,180800,0.0,0.0
2026-07-09 00:00:00-04:00,27.946161961487658,28.145920853731027,27.656513663280958,27.986114501953125,174700,0.0,0.0
2026-07-10 00:00:00-04:00,28.12594466476729,28.52546054536643,27.596584932322187,28.04604148864746,155800,0.0,0.0
2026-07-13 00:00:00-04:00,27.966137919771946,29.104758639749235,27.856270339759416,28.685266494750977,171600,0.0,0.0
2026-07-14 00:00:00-04:00,28.455544692911463,28.505485367213417,28.175882631946326,28.385629653930664,140100,0.0,0.0
2026-07-15 00:00:00-04:00,28.405606326242225,28.944952281053897,28.165896801321267,28.215835571289062,125600,0.0,0.0
2026-07-16 00:00:00-04:00,28.315714076384246,28.994891993637353,28.315714076384246,28.905000686645508,150700,0.0,0.0
2026-07-17 00:00:00-04:00,28.765169336917563,29.02485512891575,28.225823388184352,28.445556640625,132000,0.0,0.0
2026-07-20 00:00:00-04:00,28.445556432374918,28.72521849210447,27.93617298699712,28.295738220214844,108400,0.0,0.0
2026-07-23 00:00:00-04:00,26.517890071000966,26.80754026382316,26.228241783220685,26.358083724975586,234300,0.0,0.0
2026-07-24 00:00:00-04:00,26.54785550166172,27.147130274946942,26.2482190675401,27.107177734375,176500,0.0,0.0
2026-07-27 00:00:00-04:00,27.36686325971968,28.145920647716096,26.34809634581097,27.83629608154297,173400,0.0,0.0
2026-07-28 00:00:00-04:00,28.265773278724076,28.835085522182666,28.125943204036997,28.815109252929688,173800,0.0,0.0
2026-07-29 00:00:00-04:00,29.00488031902766,29.644105701802292,28.855060203028184,29.494287490844727,158600,0.0,0.0
2026-07-30 00:00:00-04:00,28.974915308305814,29.364443029650133,27.69646266447568,28.165895462036133,151100,0.0,0.0
2026-08-03 00:00:00-04:00,28.345676989254226,28.84507229981576,28.27576195058232,28.295738220214844,150700,0.0,0.0
2026-08-04 00:00:00-04:00,28.785145528641298,31.072376975975928,28.315714620364773,29.763959884643555,370800,0.0,0.0
2026-08-05 00:00:00-04:00,29.604153602484427,29.604153602484427,27.766378694674188,27.976125717163086,246100,0.0,0.0
2026-08-06 00:00:00-04:00,27.866257659513824,28.255787293143168,27.506694335064612,28.08599281311035,286500,0.0,0.0
2026-08-07 00:00:00-04:00,28.15590867478215,29.08478427478129,28.15590867478215,28.685266494750977,178800,0.0,0.0
2026-08-10 00:00:00-04:00,28.555424801126836,29.644106760704332,28.385630314631943,29.334482192993164,237400,0.0,0.0
2026-08-11 00:00:00-04:00,29.364443924143714,29.813900466341387,28.25578762845934,28.325702667236328,201700,0.0,0.0
2026-08-12 00:00:00-04:00,28.27576199307996,28.445556475127756,27.716439777822135,28.325702667236328,237800,0.0,0.0
2026-08-13 00:00:00-04:00,28.545436821647645,29.15469973034044,28.29573915809053,28.984905242919922,179500,0.0,0.0
2026-08-14 00:00:00-04:00,29.014866357936288,29.254577779942476,28.365652844694427,28.905000686645508,145300,0.0,0.0
2026-08-17 00:00:00-04:00,28.829999923706055,28.940000534057617,27.989999771118164,28.020000457763672,158500,0.035,0.0
2026-08-18 00:00:00-04:00,28.239999771118164,28.760000228881836,28.209999084472656,28.510000228881836,161895,0.0,0.0
