Date,Open,High,Low,Close,Volume,Dividends,Stock Splits
2022-01-03 00:00:00-05:00,12.398157444708481,12.453412424810942,12.320038021617078,12.432454109191895,403500,0.0,0.0
2022-01-04 00:00:00-05:00,12.38291311767675,12.445789873154816,12.25715960672062,12.33146858215332,357500,0.0,0.0
2022-01-05 00:00:00-05:00,12.274307690349339,12.38862898328783,12.135216738513597,12.18285083770752,512000,0.0,0.0
2022-01-06 00:00:00-05:00,11.99803099760977,12.177134265577779,11.99803099760977,12.127594947814941,411500,0.0,0.0
2022-01-07 00:00:00-05:00,12.020894775402736,12.179039721517318,12.020894775402736,12.121878623962402,648500,0.0,0.0
2022-01-10 00:00:00-05:00,12.055192585732497,12.1352172214104,12.032328144525978,12.131406784057617,292000,0.0,0.0
2022-01-11 00:00:00-05:00,12.020896121797707,12.09520510266963,11.921817480635141,12.085678100585938,514000,0.0,0.0
2022-01-12 00:00:00-05:00,12.078057042914843,12.121879798164542,11.95611396201539,12.028517723083496,1039000,0.0,0.0
2022-01-13 00:00:00-05:00,12.100919866801851,12.140933090894885,12.024705672840126,12.078056335449219,674500,0.0,0.0
2022-01-14 00:00:00-05:00,11.986600411907215,12.026612733584281,11.900859203430647,11.935155868530273,526000,0.0,0.0
2022-01-18 00:00:00-05:00,11.919911428501681,12.045664939870107,11.889425205674415,11.95992374420166,328500,0.0,0.0
2022-01-19 00:00:00-05:00,11.980883838807294,12.015180501283268,11.853225099560246,11.879899978637695,348000,0.0,0.0
2022-01-20 00:00:00-05:00,11.855130414563277,11.973262152657886,11.69698544898257,11.706512451171875,844500,0.0,0.0
2022-01-21 00:00:00-05:00,11.563610257016018,11.613149578630795,11.344494655789466,11.374979972839355,427500,0.0,0.0
2022-01-24 00:00:00-05:00,11.132999625811365,11.241605268360276,10.984381665021779,11.237793922424316,494000,0.0,0.0
2022-01-25 00:00:00-05:00,11.258753045481505,11.403560567597946,11.129189089884095,11.260658264160156,386000,0.0,0.0
2022-01-26 00:00:00-05:00,11.289238992628922,11.403560287443648,11.022488396183011,11.068217277526855,602000,0.0,0.0
2022-01-27 00:00:00-05:00,10.992002658734885,11.012961879969831,10.540433152718197,10.542338371276855,900500,0.0,0.0
2022-01-28 00:00:00-05:00,10.403247334704977,10.725252890566868,10.317506140474988,10.660470008850098,964500,0.0,0.0
2022-01-31 00:00:00-05:00,10.87958586787879,11.005339369888175,10.788129023293273,10.95580005645752,499000,0.0,0.0
2022-02-01 00:00:00-05:00,10.93484111010962,10.936746328590022,10.82814160684855,10.894828796386719,538000,0.0,0.0
2022-02-02 00:00:00-05:00,11.108230104866895,11.237794063234892,11.072028223563645,11.159674644470215,614000,0.0,0.0
2022-02-03 00:00:00-05:00,11.04916252709343,11.13109328253773,11.03391987052432,11.077743530273438,707500,0.0,0.0
2022-02-04 00:00:00-05:00,11.011055277927,11.068216374945482,10.969137745809988,11.005339622497559,561500,0.0,0.0
2022-02-07 00:00:00-05:00,10.929125625772535,11.022487692587628,10.919598624676555,10.959610939025879,479500,0.0,0.0
2022-02-08 00:00:00-05:00,10.971042906636896,10.971042906636896,10.860532058678407,10.91007137298584,1046500,0.0,0.0
2022-02-09 00:00:00-05:00,10.978664600074461,11.123471196345472,10.978664600074461,11.091080665588379,259000,0.0,0.0
2022-02-10 00:00:00-05:00,11.005341368408589,11.089177354487346,10.843385961132217,10.940559387207031,1002000,0.0,0.0
2022-02-11 00:00:00-05:00,10.873869859085021,10.929125739179215,10.70810403589212,10.730968475341797,554000,0.0,0.0
2022-02-14 00:00:00-05:00,10.66999748941079,10.66999748941079,10.428017461281256,10.513758659362793,635000,0.0,0.0
2022-02-15 00:00:00-05:00,10.730969248371427,10.83004788742749,10.711916153154057,10.769076347351074,731000,0.0,0.0
2022-02-16 00:00:00-05:00,10.799561198344671,10.85672138527296,10.68523900739851,10.812898635864258,990500,0.0,0.0
2022-02-17 00:00:00-05:00,10.790036158888295,10.793846596430829,10.675714855707712,10.694767951965332,1155500,0.0,0.0
2022-02-18 00:00:00-05:00,10.822426473266884,10.89483023636071,10.740496616511978,10.843385696411133,1433500,0.0,0.0
2022-02-22 00:00:00-05:00,10.687145027307606,10.812898527543831,10.60902471285285,10.677618026733398,1064000,0.0,0.0
2022-02-23 00:00:00-05:00,10.675715427891284,10.744307850057982,10.57282543182373,10.57282543182373,981500,0.0,0.0
2022-02-24 00:00:00-05:00,10.241292476236943,10.37085642926988,10.144119057189794,10.347992897033691,756500,0.0,0.0
2022-02-25 00:00:00-05:00,10.479462383919605,10.591878464020544,10.479462383919605,10.580446243286133,870500,0.0,0.0
2022-02-28 00:00:00-05:00,10.32893846742532,10.338465468781893,10.144118638705162,10.178415298461914,1004500,0.0,0.0
2022-03-01 00:00:00-05:00,10.106013158479383,10.184132583301341,9.97263875233092,10.033609390258789,2391500,0.0,0.0
2022-03-02 00:00:00-05:00,9.71731906834524,9.844977801124676,9.555363674827413,9.76114273071289,1553000,0.0,0.0
2022-03-03 00:00:00-05:00,9.51725594873632,9.51725594873632,9.305761250958426,9.383881568908691,1046500,0.0,0.0
2022-03-04 00:00:00-05:00,9.26956013167611,9.482960973933112,9.223832158516664,9.36673355102539,2909500,0.0,0.0
2022-03-07 00:00:00-05:00,9.290518975839575,9.334342637113817,9.122847930654538,9.19715690612793,1858000,0.0,0.0
2022-03-08 00:00:00-05:00,9.418175840428784,9.736370900665209,9.362920878680196,9.608712196350098,1011500,0.0,0.0
2022-03-09 00:00:00-05:00,9.774480878259508,9.894517836729655,9.723036337694452,9.80687141418457,850000,0.0,0.0
2022-03-10 00:00:00-05:00,9.652536981212421,9.65634741840218,9.524878249906756,9.63348388671875,753000,0.0,0.0
2022-03-11 00:00:00-05:00,9.7611428048503,9.841167438636136,9.64491538288935,9.690644264221191,1759500,0.0,0.0
2022-03-14 00:00:00-04:00,9.677306585143269,9.905949169039616,9.652536926460588,9.69636058807373,1377500,0.0,0.0
2022-03-15 00:00:00-04:00,9.654443493625651,9.846885134216091,9.637295615428826,9.810683250427246,796000,0.0,0.0
2022-03-16 00:00:00-04:00,9.879273695129699,9.999311544125462,9.80877516050745,9.976447105407715,689000,0.0,0.0
2022-03-17 00:00:00-04:00,10.01264945509796,10.239386817431193,10.01264945509796,10.186037063598633,705000,0.0,0.0
2022-03-18 00:00:00-04:00,10.123159503422414,10.325127191337739,10.014553877289828,10.203184127807617,1175500,0.0,0.0
2022-03-21 00:00:00-04:00,10.102200754483237,10.102200754483237,9.98787946780213,9.993595123291016,524500,0.0,0.0
2022-03-22 00:00:00-04:00,10.05075734933584,10.15364642804605,10.05075734933584,10.11363410949707,1303000,0.0,0.0
2022-03-23 00:00:00-04:00,10.157455300747795,10.283208801698393,10.06980889376572,10.140307426452637,1335000,0.0,0.0
2022-03-24 00:00:00-04:00,10.584256327333707,10.765265725798221,10.584256327333707,10.711915969848633,1247500,0.0,0.0
2022-03-25 00:00:00-04:00,10.797655011022773,10.828141231286281,10.660469291198952,10.717630386352539,1208000,0.0,0.0
2022-03-28 00:00:00-04:00,10.63570098977997,10.69095687355919,10.496610033820746,10.523284912109375,905000,0.0,0.0
2022-03-29 00:00:00-04:00,10.72334696739939,10.85672226190957,10.694766871627516,10.828142166137695,994000,0.0,0.0
2022-03-30 00:00:00-04:00,10.79384590773662,10.818615567272582,10.73096914957186,10.791940689086914,1388500,0.0,0.0
2022-03-31 00:00:00-04:00,10.71953701926377,10.790035561165032,10.542338963722656,10.618553161621094,2048000,0.0,0.0
2022-04-01 00:00:00-04:00,10.612837646666934,10.698577939033473,10.609026300739927,10.635701179504395,4689000,0.0,0.0
2022-04-04 00:00:00-04:00,10.736685164295478,10.851006454328061,10.736685164295478,10.755738258361816,1177000,0.0,0.0
2022-04-05 00:00:00-04:00,10.79003518486801,10.87005981730708,10.761454180244165,10.797656059265137,1354500,0.0,0.0
2022-04-06 00:00:00-04:00,10.64141756956713,10.740496208235596,10.64141756956713,10.729063987731934,1106000,0.0,0.0
2022-04-07 00:00:00-04:00,10.727158551414188,10.852912065857979,10.673808795842854,10.822425842285156,1160000,0.0,0.0
2022-04-08 00:00:00-04:00,11.00914999145544,11.104418183049575,10.97866467893041,11.075838088989258,494000,0.0,0.0
2022-04-11 00:00:00-04:00,10.931031916855392,11.009151334709031,10.856722936396102,10.889114379882812,441000,0.0,0.0
2022-04-12 00:00:00-04:00,10.830046383336818,10.89101791494543,10.727157321235627,10.788128852844238,1156500,0.0,0.0
2022-04-13 00:00:00-04:00,10.65094511292824,10.72525409570762,10.58997356999042,10.710010528564453,632500,0.0,0.0
2022-04-14 00:00:00-04:00,10.668092219317233,10.791940514999213,10.641417341561864,10.671902656555176,870500,0.0,0.0
2022-04-18 00:00:00-04:00,10.612837645186113,10.639512523946859,10.530906881668178,10.540433883666992,532000,0.0,0.0
2022-04-19 00:00:00-04:00,10.418490641413463,10.595688696553392,10.40515320223868,10.570919036865234,677500,0.0,0.0
2022-04-20 00:00:00-04:00,10.671902009630333,10.873869707716278,10.652848916050724,10.816709518432617,761000,0.0,0.0
2022-04-21 00:00:00-04:00,10.858627748163176,10.858627748163176,10.605215500037378,10.616647720336914,505000,0.0,0.0
2022-04-22 00:00:00-04:00,10.384193961795074,10.418490623275485,10.256535226253709,10.269872665405273,462500,0.0,0.0
2022-04-25 00:00:00-04:00,10.161267708043916,10.27558900189679,10.081242166365486,10.172699928283691,634500,0.0,0.0
2022-04-26 00:00:00-04:00,10.252723634876366,10.256534071763648,10.104105693734802,10.157455444335938,1001500,0.0,0.0
2022-04-27 00:00:00-04:00,10.096484773379794,10.189847753447234,10.03741936240516,10.077431678771973,708500,0.0,0.0
2022-04-28 00:00:00-04:00,10.136497507876278,10.26034579674226,10.106011286015894,10.231764793395996,804000,0.0,0.0
2022-04-29 00:00:00-04:00,10.237481866090684,10.342276157932101,10.220333081521993,10.227954864501953,1387000,0.0,0.0
2022-05-02 00:00:00-04:00,10.182226994547452,10.226050661079263,10.029798588175,10.165079116821289,616500,0.0,0.0
2022-05-03 00:00:00-04:00,10.174604843699534,10.28892613414567,10.147929966783254,10.186037063598633,1536000,0.0,0.0
2022-05-04 00:00:00-04:00,10.046944709577344,10.106011024711922,9.852598797989904,10.086957931518555,770000,0.0,0.0
2022-05-05 00:00:00-04:00,9.980257997741598,9.980257997741598,9.618240124311358,9.719223976135254,797000,0.0,0.0
2022-05-06 00:00:00-04:00,9.637294508363969,9.764953242112991,9.580133406699165,9.690644264221191,571500,0.0,0.0
2022-05-09 00:00:00-04:00,9.559176056189596,9.62395803890584,9.494393164928372,9.532500267028809,638000,0.0,0.0
2022-05-10 00:00:00-04:00,9.631577474198412,9.68302200891537,9.576322502404597,9.639199256896973,495000,0.0,0.0
2022-05-11 00:00:00-04:00,9.589660554277554,9.705887069461639,9.452474816740063,9.45438003540039,932500,0.0,0.0
2022-05-12 00:00:00-04:00,9.448664548649202,9.646821829590763,9.448664548649202,9.574418067932129,484500,0.0,0.0
2022-05-13 00:00:00-04:00,9.641104945626658,9.724940925220073,9.564890749103515,9.690644264221191,484500,0.0,0.0
2022-05-16 00:00:00-04:00,9.51344682785729,9.707792769011414,9.51344682785729,9.65634822845459,953500,0.0,0.0
2022-05-17 00:00:00-04:00,9.688738263745906,9.784006455984503,9.652536387037031,9.755425453186035,2138500,0.0,0.0
2022-05-18 00:00:00-04:00,9.665873481671984,9.719223231329538,9.51153988792915,9.522972106933594,1182500,0.0,0.0
2022-05-19 00:00:00-04:00,9.625862117760914,9.938340681396387,9.502013823465312,9.78400707244873,1104000,0.0,0.0
2022-05-20 00:00:00-04:00,10.300359061230491,10.530906876510391,10.300359061230491,10.485177993774414,1552000,0.0,0.0
2022-05-23 00:00:00-04:00,10.549959903362534,10.660469845497532,10.479461367098288,10.492798805236816,824500,0.0,0.0
2022-05-24 00:00:00-04:00,10.702388220810903,10.79765550570506,10.605214808870311,10.761453628540039,556000,0.0,0.0
2022-05-25 00:00:00-04:00,10.635701749742003,10.689052418676274,10.548055325440302,10.569014549255371,1203500,0.0,0.0
2022-05-26 00:00:00-04:00,10.591878216892065,10.631890534256478,10.494704797189272,10.530906677246094,1264000,0.0,0.0
2022-05-27 00:00:00-04:00,10.664282010574453,10.757644084718637,10.664282010574453,10.729063987731934,1568000,0.0,0.0
2022-05-31 00:00:00-04:00,10.677618368376097,10.677618368376097,10.527095206957641,10.546148300170898,1395000,0.0,0.0
2022-06-01 00:00:00-04:00,10.527096239938501,10.589972998238268,10.437544603395793,10.530906677246094,560000,0.0,0.0
2022-06-02 00:00:00-04:00,10.58425617971429,10.669997376891654,10.475651450695189,10.639512062072754,1462000,0.0,0.0
2022-06-03 00:00:00-04:00,10.597593648772717,10.597593648772717,10.494704575284073,10.529001235961914,767000,0.0,0.0
2022-06-06 00:00:00-04:00,10.544243230618921,10.580445107634675,10.429921944090403,10.460407257080078,352000,0.0,0.0
2022-06-07 00:00:00-04:00,10.100296954395263,10.359424877177778,10.08124294966687,10.35370922088623,1365500,0.0,0.0
2022-06-08 00:00:00-04:00,10.332751442485673,10.410871782543705,10.273686018365922,10.302266120910645,602000,0.0,0.0
2022-06-09 00:00:00-04:00,10.530907571880165,10.565204236196802,10.42801848747523,10.44326114654541,663500,0.0,0.0
2022-06-10 00:00:00-04:00,10.433733134963061,10.54233877385758,10.332749279139081,10.506136894226074,617500,0.0,0.0
2022-06-13 00:00:00-04:00,10.346087418849416,10.405153743148244,10.29654809689781,10.36133098602295,2387000,0.0,0.0
2022-06-14 00:00:00-04:00,10.45659673433534,10.570918019926282,10.443259296443639,10.538527488708496,1053500,0.0,0.0
2022-06-15 00:00:00-04:00,10.555676987668374,10.750023839056835,10.548055204038354,10.694767951965332,1176000,0.0,0.0
2022-06-16 00:00:00-04:00,10.488989070457169,10.498516072206769,10.338465895284092,10.347992897033691,826500,0.0,0.0
2022-06-17 00:00:00-04:00,10.039324305673773,10.206995349512546,9.9955006447514,10.138402938842773,1832500,0.0,0.0
2022-06-21 00:00:00-04:00,10.368952162960335,10.553772016279725,10.368952162960335,10.498517036437988,964500,0.0,0.0
2022-06-22 00:00:00-04:00,10.389909806711065,10.521378970463092,10.389909806711065,10.422300338745117,931500,0.0,0.0
2022-06-23 00:00:00-04:00,10.477556451353434,10.488988671308933,10.370856034617066,10.479461669921875,932500,0.0,0.0
2022-06-24 00:00:00-04:00,10.51185325015668,10.681429516072319,10.51185325015668,10.654754638671875,807000,0.0,0.0
2022-06-27 00:00:00-04:00,10.601404412838686,10.658564602287123,10.51756843863017,10.603309631347656,1880000,0.0,0.0
2022-06-28 00:00:00-04:00,10.679524119378904,10.681429337940752,10.523284386224189,10.534716606140137,1023500,0.0,0.0
2022-06-29 00:00:00-04:00,10.517567983824957,10.586161298450737,10.452786014597136,10.544242858886719,1279000,0.0,0.0
2022-06-30 00:00:00-04:00,10.582350159353126,10.582350159353126,10.439448780580774,10.553770065307617,1180500,0.0,0.0
2022-07-01 00:00:00-04:00,10.481367106519404,10.645227717896969,10.481367106519404,10.639512062072754,427000,0.0,0.0
2022-07-05 00:00:00-04:00,10.63188904132803,10.647131696962925,10.519472979635418,10.64522647857666,770000,0.0,0.0
2022-07-06 00:00:00-04:00,10.574730430402594,10.713821387306586,10.536623331367869,10.666187286376953,915500,0.0,0.0
2022-07-07 00:00:00-04:00,10.51947380679291,10.54043302777942,10.492798930198175,10.517568588256836,1156000,0.0,0.0
2022-07-08 00:00:00-04:00,10.624447470035443,10.722306056579765,10.578395724631358,10.676255226135254,857000,0.0774,0.0
2022-07-11 00:00:00-04:00,10.814409370563537,10.918024881068957,10.749170008947514,10.787546157836914,682500,0.0,0.0
2022-07-12 00:00:00-04:00,10.728062688753901,10.772194847759208,10.595664381818882,10.643634796142578,1389000,0.0,0.0
2022-07-13 00:00:00-04:00,10.651308801504806,10.812488966984896,10.601419724450478,10.776031494140625,1245500,0.0,0.0
2022-07-14 00:00:00-04:00,10.868135590454125,11.01588417261556,10.837434122947565,10.998614311218262,1102000,0.0,0.0
2022-07-15 00:00:00-04:00,10.908429574027133,11.04850254985312,10.827839943538583,10.971750259399414,746500,0.0,0.0
2022-07-18 00:00:00-04:00,10.741494704834096,10.806734068221468,10.632122265797873,10.649392127990723,1114000,0.0,0.0
2022-07-19 00:00:00-04:00,10.718469027472047,10.820165872393906,10.71271301660912,10.795221328735352,597000,0.0,0.0
2022-07-20 00:00:00-04:00,10.72038667498514,10.739575205950091,10.630202775352698,10.680091857910156,605000,0.0,0.0
2022-07-21 00:00:00-04:00,10.538100317630695,10.653228759765625,10.51123710596183,10.653228759765625,776000,0.0,0.0
2022-07-22 00:00:00-04:00,10.647471597306595,10.678173063501221,10.563044623930258,10.607176780700684,996500,0.0,0.0
2022-07-25 00:00:00-04:00,10.501643545783105,10.501643545783105,10.37116481892437,10.407621383666992,942500,0.0,0.0
2022-07-26 00:00:00-04:00,10.181202474320576,10.25603518707093,10.121719123201512,10.146663665771484,1362000,0.0,0.0
2022-07-27 00:00:00-04:00,10.317437643396266,10.455591968457915,10.317437643396266,10.438323020935059,798000,0.0,0.0
2022-07-28 00:00:00-04:00,10.321276021215438,10.355813916670364,9.858842623592869,10.041129112243652,1630500,0.0,0.0
2022-07-29 00:00:00-04:00,9.891462628793212,9.950945067354109,9.785927528681414,9.881868362426758,760500,0.0,0.0
2022-08-01 00:00:00-04:00,9.918208464887542,9.99939399130352,9.918208464887542,9.951068878173828,766000,0.0756,0.0
2022-08-02 00:00:00-04:00,9.954934980251144,10.038053359259838,9.879548029024754,9.93173885345459,1045500,0.0,0.0
2022-08-03 00:00:00-04:00,9.96846618647743,10.111507743525326,9.908543010821953,10.068982124328613,1239500,0.0,0.0
2022-08-04 00:00:00-04:00,10.103776321522444,10.177229496228605,10.08058019404688,10.136636734008789,473000,0.0,0.0
2022-08-05 00:00:00-04:00,10.096043646686367,10.17916202545166,10.068981806077907,10.17916202545166,642500,0.0,0.0
2022-08-08 00:00:00-04:00,10.264214326393791,10.297075660006275,10.21395635835401,10.277745246887207,669500,0.0,0.0
2022-08-09 00:00:00-04:00,10.270013147805223,10.300940700704613,10.202357628035054,10.227486610412598,654000,0.0,0.0
2022-08-10 00:00:00-04:00,10.356999339076383,10.397593027871356,10.312540857540162,10.3338041305542,748500,0.0,0.0
2022-08-11 00:00:00-04:00,10.308674397222692,10.333803382884806,10.231354583143093,10.268080711364746,619000,0.0,0.0
2022-08-12 00:00:00-04:00,10.27774440124608,10.432384006575738,10.270012974014449,10.368595123291016,734000,0.0,0.0
2022-08-15 00:00:00-04:00,10.335736135405666,10.422721155796362,10.316405721218898,10.364730834960938,876500,0.0,0.0
2022-08-16 00:00:00-04:00,10.389859533048275,10.442050359494436,10.341534420642615,10.41498851776123,633500,0.0,0.0
2022-08-17 00:00:00-04:00,10.436251249341304,10.436251249341304,10.04578557795017,10.088311195373535,3504500,0.0,0.0
2022-08-18 00:00:00-04:00,10.036121225751375,10.20235891747655,10.036121225751375,10.192693710327148,1083000,0.0,0.0
2022-08-19 00:00:00-04:00,10.076713885531882,10.181096462561468,10.045786329043404,10.094111442565918,815500,0.0,0.0
2022-08-22 00:00:00-04:00,10.04578537991314,10.09024385338048,9.995527414074099,10.034187316894531,1446000,0.0,0.0
2022-08-23 00:00:00-04:00,10.094111069890149,10.21588935600795,10.070914942517755,10.188827514648438,1042000,0.0,0.0
2022-08-24 00:00:00-04:00,10.15016789512577,10.316405583671045,10.15016789512577,10.26614761352539,1187500,0.0,0.0
2022-08-25 00:00:00-04:00,10.331868686674452,10.331868686674452,10.223621325264519,10.275812149047852,453000,0.0,0.0
2022-08-26 00:00:00-04:00,10.223621702807044,10.223621702807044,10.02452268492946,10.061249732971191,631000,0.0,0.0
2022-08-29 00:00:00-04:00,10.12697167032702,10.17143106890403,10.04578614474056,10.04771900177002,704500,0.0,0.0
2022-08-30 00:00:00-04:00,10.19269350654481,10.281611382746817,10.103776552067671,10.130838394165039,1067000,0.0,0.0
2022-08-31 00:00:00-04:00,10.134704015617087,10.163698714495675,10.096044109870682,10.10764217376709,1582000,0.0,0.0
2022-09-01 00:00:00-04:00,10.0477195197511,10.256483759017584,10.0477195197511,10.254549980163574,765000,0.0,0.0
2022-09-02 00:00:00-04:00,10.144369703820583,10.146302560940887,9.978132009050823,10.043853759765625,1155000,0.0,0.0
2022-09-06 00:00:00-04:00,10.167565694177705,10.225555093896272,10.117307722835006,10.1405029296875,1810000,0.0,0.0
2022-09-07 00:00:00-04:00,10.198492765311629,10.335735751419307,10.188827558577321,10.324137687683105,1852500,0.0,0.0
2022-09-08 00:00:00-04:00,10.285478211715725,10.3202724043764,10.231354526504601,10.312540054321289,700000,0.0,0.0
2022-09-09 00:00:00-04:00,10.287410211110455,10.335735321044922,10.227487037922725,10.335735321044922,790500,0.0,0.0
2022-09-12 00:00:00-04:00,10.416921666321473,10.472979130101876,10.356998488392382,10.432385444641113,995500,0.0,0.0
2022-09-13 00:00:00-04:00,10.248750489828032,10.266147124155003,10.171430681247328,10.194626808166504,676000,0.0,0.0
2022-09-14 00:00:00-04:00,10.215889259646088,10.277745291480729,10.18882741854184,10.225554466247559,599500,0.0,0.0
2022-09-15 00:00:00-04:00,10.090245630795543,10.092179409743274,9.954936407951463,9.995529174804688,800000,0.0,0.0
2022-09-16 00:00:00-04:00,9.823491184924672,9.860218234367911,9.726841879512087,9.779032707214355,1896500,0.0,0.0
2022-09-19 00:00:00-04:00,9.827357248153774,9.908542770576739,9.808026835162693,9.879548072814941,803500,0.0,0.0
2022-09-20 00:00:00-04:00,9.980064875307544,10.117307869948602,9.976198239338498,10.05158519744873,1683000,0.0,0.0
2022-09-21 00:00:00-04:00,10.010992621564524,10.012925478723059,9.883414831852017,9.902745246887207,1485000,0.0,0.0
2022-09-22 00:00:00-04:00,9.8795475075296,9.956867311620215,9.8795475075296,9.920140266418457,1823500,0.0,0.0
2022-09-23 00:00:00-04:00,9.794496054539628,9.86601729321258,9.728774308536696,9.790630340576172,2061000,0.0,0.0
2022-09-26 00:00:00-04:00,9.73650728985303,9.775167197170195,9.626326139222908,9.645655632019043,1409000,0.0,0.0
2022-09-27 00:00:00-04:00,9.827357779180305,9.866017685526653,9.748105109429023,9.771300315856934,1113500,0.0,0.0
2022-09-28 00:00:00-04:00,9.980064392631471,10.183029128231306,9.94720305797084,10.10764217376709,1771000,0.0,0.0
2022-09-29 00:00:00-04:00,10.208158304920106,10.229420654359107,10.08251337845152,10.094111442565918,1954500,0.0,0.0
2022-09-30 00:00:00-04:00,10.101842962853867,10.26034922604473,10.09991010577134,10.117307662963867,1370000,0.0,0.0
2022-10-03 00:00:00-04:00,10.37246309135344,10.50004087431491,10.329936549216368,10.469112396240234,1730500,0.0,0.0
2022-10-04 00:00:00-04:00,10.45364903946365,10.501974154717523,10.391793002545683,10.449783325195312,1236000,0.0,0.0
2022-10-05 00:00:00-04:00,10.385992972524617,10.463312777381983,10.339600720920284,10.445915222167969,652000,0.0,0.0
2022-10-06 00:00:00-04:00,10.28934349414966,10.322204828348946,10.175296635540153,10.19655990600586,1730500,0.0,0.0
2022-10-07 00:00:00-04:00,10.12310481854037,10.167564212120622,10.074779711335662,10.12890338897705,1031500,0.0,0.0
2022-10-10 00:00:00-04:00,10.196559529396689,10.244884639547584,10.146301562315728,10.163698196411133,689500,0.0,0.0
2022-10-11 00:00:00-04:00,9.939470783901548,10.076712838499363,9.875681898762853,10.010991096496582,1086000,0.0,0.0
2022-10-12 00:00:00-04:00,9.912407769465,9.974263796159795,9.856351234939119,9.88148021697998,705000,0.0,0.0
2022-10-13 00:00:00-04:00,9.763569020646386,10.065115925566378,9.753903813496898,9.997461318969727,874000,0.0,0.0
2022-10-14 00:00:00-04:00,10.057383063395095,10.109573884146908,9.993594180062352,10.001325607299805,968500,0.0,0.0
2022-10-17 00:00:00-04:00,10.186894708934519,10.258415948405286,10.142436232684334,10.204291343688965,767500,0.0,0.0
2022-10-18 00:00:00-04:00,10.254548785553835,10.337668084496558,10.196559391536642,10.252615928649902,654000,0.0,0.0
2022-10-19 00:00:00-04:00,10.061250887962968,10.123106927464352,9.949136873974519,9.987796783447266,655500,0.0,0.0
2022-10-20 00:00:00-04:00,10.115374282946284,10.138570412300886,10.012925479734227,10.038054466247559,813000,0.0,0.0
2022-10-21 00:00:00-04:00,10.041919914293675,10.163698196411133,10.022589501543392,10.163698196411133,460500,0.0,0.0
2022-10-24 00:00:00-04:00,10.157899856567383,10.237152522850817,10.117307094938662,10.157899856567383,384500,0.0,0.0
2022-10-25 00:00:00-04:00,10.283545496313755,10.384061439790626,10.250684160282892,10.351200103759766,638500,0.0,0.0
2022-10-26 00:00:00-04:00,10.407255748164523,10.453648001678639,10.364730130259796,10.434317588806152,686500,0.0,0.0
2022-10-27 00:00:00-04:00,10.469112441409443,10.592824510792164,10.469112441409443,10.544499397277832,1099500,0.0,0.0
2022-10-28 00:00:00-04:00,10.413055478008918,10.687540526289558,10.384060779764273,10.683674812316895,705500,0.0,0.0
2022-10-31 00:00:00-04:00,10.459448032688377,10.529036422674382,10.389860564427318,10.498108863830566,1078500,0.0,0.0
2022-11-01 00:00:00-04:00,10.68560776812757,10.793856055886783,10.654680212610565,10.77452564239502,1719000,0.0,0.0
2022-11-02 00:00:00-04:00,10.764859903011256,10.992953609269005,10.69333958877014,10.695272445678711,3170500,0.0,0.0
2022-11-03 00:00:00-04:00,10.714603480547883,10.80545421260117,10.594757128007487,10.797721862792969,1122500,0.0,0.0
2022-11-04 00:00:00-04:00,10.770660590775892,10.786124369485409,10.641149946280727,10.757129669189453,1403500,0.0,0.0
2022-11-07 00:00:00-05:00,10.701071311561767,10.96202635763729,10.662411407149634,10.90017032623291,2444000,0.0,0.0
2022-11-08 00:00:00-05:00,10.900169854480845,10.971691089324073,10.869242300979593,10.904035568237305,1329500,0.0,0.0
2022-11-09 00:00:00-05:00,10.840247102544952,10.938830180951735,10.811252404798775,10.824783325195312,1500500,0.0,0.0
2022-11-10 00:00:00-05:00,11.070274937099311,11.143728112226214,10.956228077795227,11.10506820678711,946500,0.0,0.0
2022-11-11 00:00:00-05:00,11.06061029683144,11.06061029683144,10.863444123785788,10.996821403503418,788500,0.0,0.0
2022-11-14 00:00:00-05:00,10.529034132467674,10.635348629809021,10.38599259090983,10.525168418884277,1751000,0.0,0.0
2022-11-15 00:00:00-05:00,10.645015675423343,10.793856734807367,10.590891989001845,10.637283325195312,1235000,0.0,0.0
2022-11-16 00:00:00-05:00,10.71460361896384,10.76486066732939,10.573493993921621,10.641149520874023,797500,0.0,0.0
2022-11-17 00:00:00-05:00,10.496174094900649,10.62955136893129,10.4594470461596,10.558030128479004,977000,0.0,0.0
2022-11-18 00:00:00-05:00,10.54449896359173,10.561896519907274,10.37439556648035,10.428519248962402,1587000,0.0,0.0
2022-11-21 00:00:00-05:00,10.349266674438695,10.51163864505646,10.331869117968136,10.451715469360352,966500,0.0,0.0
2022-11-22 00:00:00-05:00,10.469112196975052,10.540633437044367,10.413055656511164,10.4749116897583,2241500,0.0,0.0
2022-11-23 00:00:00-05:00,10.519370601755,10.61795368762667,10.442050787427188,10.53096866607666,813000,0.0,0.0
2022-11-25 00:00:00-05:00,10.538699726631286,10.617952388360806,10.525168806865876,10.56576156616211,544500,0.0,0.0
2022-11-28 00:00:00-05:00,10.538701066682306,10.619886595597938,10.515504937927869,10.546432495117188,1111500,0.0,0.0
2022-11-29 00:00:00-05:00,10.63148446596608,10.75519653591558,10.616020687653613,10.687541007995605,1205000,0.0,0.0
2022-11-30 00:00:00-05:00,10.778392935353883,10.919501644238585,10.67980984832933,10.8847074508667,2376000,0.0,0.0
2022-12-01 00:00:00-05:00,10.824784370141524,10.90983653636209,10.803522019880065,10.847980499267578,1449000,0.0,0.0
2022-12-02 00:00:00-05:00,10.809320014486689,10.950428717127881,10.75519633056401,10.880841255187988,1276000,0.0,0.0
2022-12-05 00:00:00-05:00,10.753262848453836,10.755195705378027,10.573493328632091,10.590890884399414,1125500,0.0,0.0
2022-12-06 00:00:00-05:00,10.353132967923294,10.355065825033797,10.204291909715755,10.291276931762695,1068000,0.0,0.0
2022-12-07 00:00:00-05:00,10.293210983276367,10.326072323142782,10.2352215763327,10.293210983276367,734500,0.0,0.0
2022-12-08 00:00:00-05:00,10.254549974145855,10.403391033698282,10.254549974145855,10.38212776184082,1068000,0.0,0.0
2022-12-09 00:00:00-05:00,10.422721099084642,10.457514369671701,10.403390685003055,10.40919017791748,878000,0.0,0.0
2022-12-12 00:00:00-05:00,10.498108863830566,10.527103565462262,10.461381811625444,10.498108863830566,630000,0.0,0.0
2022-12-13 00:00:00-05:00,10.645015146894664,10.660478924858037,10.534834000671514,10.558030128479004,697000,0.0,0.0
2022-12-14 00:00:00-05:00,10.621818972972044,10.691407356092393,10.565762432451363,10.610220909118652,580500,0.0,0.0
2022-12-15 00:00:00-05:00,10.521302777321987,10.521302777321987,10.331868967972229,10.3454008102417,588500,0.0,0.0
2022-12-16 00:00:00-05:00,10.117306718770632,10.212023159049364,10.09217773559314,10.184961318969727,1095000,0.0,0.0
2022-12-19 00:00:00-05:00,10.34346675114162,10.364730020731695,10.198492343029233,10.215888977050781,555500,0.0,0.0
2022-12-20 00:00:00-05:00,10.221688176531005,10.268079506500236,10.184961130894042,10.258415222167969,452500,0.0,0.0
2022-12-21 00:00:00-05:00,10.299008658235612,10.401457452687318,10.289343451543509,10.376328468322754,495500,0.0,0.0
2022-12-22 00:00:00-05:00,10.229419937754727,10.291275968123342,10.215889017523294,10.283544540405273,1244000,0.0,0.0
2022-12-23 00:00:00-05:00,10.196559529396689,10.196559529396689,10.121172578775248,10.163698196411133,596000,0.0,0.0
2022-12-27 00:00:00-05:00,10.043854640670947,10.043854640670947,9.879549788610984,9.893080711364746,774000,0.0,0.0
2022-12-28 00:00:00-05:00,9.931739569457996,10.018724590353626,9.910476298074098,9.997461318969727,609000,0.0,0.0
2022-12-29 00:00:00-05:00,10.022590588177204,10.159833584064486,10.022590588177204,10.07478141784668,486000,0.0,0.0
2022-12-30 00:00:00-05:00,10.003260612487793,10.049651946775517,9.910476100462608,10.003260612487793,628500,0.0,0.0
2023-01-03 00:00:00-05:00,10.00132727394054,10.038054324612963,9.918208886938405,9.999394416809082,933500,0.0,0.0
2023-01-04 00:00:00-05:00,10.039986222214866,10.107641745699445,10.005192953724029,10.059316635131836,1061500,0.0,0.0
2023-01-05 00:00:00-05:00,10.090245061646778,10.154033955025193,9.960734417776193,9.976198196411133,1016500,0.0,0.0
2023-01-06 00:00:00-05:00,10.018722941991935,10.271945612952003,9.983928755013329,10.186893463134766,1965500,0.0,0.0
2023-01-09 00:00:00-05:00,10.266148126864346,10.326071306970864,10.202359232468671,10.270014762878418,1243000,0.0,0.0
2023-01-10 00:00:00-05:00,10.212023074454903,10.331868496918352,10.188826948371709,10.289342880249023,1709500,0.0,0.0
2023-01-11 00:00:00-05:00,10.219756856951,10.266148193898553,10.128905196763249,10.165632247924805,1492000,0.0,0.0
2023-01-12 00:00:00-05:00,10.293209168946873,10.368596122065584,10.210090787851787,10.316405296325684,819000,0.0,0.0
2023-01-13 00:00:00-05:00,10.30674098380207,10.37632937197571,10.258416789582784,10.360865592956543,801000,0.0,0.0
2023-01-17 00:00:00-05:00,10.356996957745555,10.43431675964164,10.339600324922595,10.397590637207031,852000,0.0,0.0
2023-01-18 00:00:00-05:00,10.453648757297403,10.513571935463746,10.416921707564796,10.440117835998535,1034500,0.0,0.0
2023-01-19 00:00:00-05:00,10.416920852161429,10.416920852161429,10.299008284318216,10.343466758728027,745000,0.0,0.0
2023-01-20 00:00:00-05:00,10.380194381682431,10.411122859346237,10.326070697926845,10.370529174804688,777000,0.0,0.0
2023-01-23 00:00:00-05:00,10.244886025503142,10.328004415089325,10.206226116497373,10.279679298400879,681500,0.0,0.0
2023-01-24 00:00:00-05:00,10.099909777040407,10.111507840882972,9.993595267162561,10.032255172729492,1019500,0.0,0.0
2023-01-25 00:00:00-05:00,9.893080121004726,10.167566117729914,9.891147263830241,10.121173858642578,887500,0.0,0.0
2023-01-26 00:00:00-05:00,10.184962371154272,10.184962371154272,10.09604449239608,10.148235321044922,440500,0.0,0.0
2023-01-27 00:00:00-05:00,10.186894888838186,10.32800359154361,10.18302917476334,10.310606956481934,645000,0.0,0.0
2023-01-30 00:00:00-05:00,10.2661472222233,10.393724999772644,10.2661472222233,10.3454008102417,664000,0.0,0.0
2023-01-31 00:00:00-05:00,10.308674902484839,10.401458499583011,10.277746422302158,10.39952564239502,1086500,0.0,0.0
2023-02-01 00:00:00-05:00,10.442050359494436,10.44784985228004,10.302874515063058,10.41498851776123,816500,0.0,0.0
2023-02-02 00:00:00-05:00,10.422719629455443,10.422719629455443,10.314471353656549,10.405322074890137,1176000,0.0,0.0
2023-02-03 00:00:00-05:00,10.32220555138779,10.349267394753463,10.215890113337037,10.262282371520996,728500,0.0,0.0
2023-02-06 00:00:00-05:00,10.264214895771701,10.273880102867386,10.227487846188007,10.237153053283691,565500,0.0,0.0
2023-02-07 00:00:00-05:00,10.393725959330403,10.486510476459388,10.34346798646051,10.480710983276367,815000,0.0,0.0
2023-02-08 00:00:00-05:00,10.540633259533488,10.650814403311136,10.527102338900251,10.623751640319824,649000,0.0,0.0
2023-02-09 00:00:00-05:00,10.683675589084281,10.683675589084281,10.472979414657887,10.509705543518066,924500,0.0,0.0
2023-02-10 00:00:00-05:00,10.565761994366065,10.617952818679926,10.530967804248553,10.614087104797363,569500,0.0,0.0
2023-02-13 00:00:00-05:00,10.64115018412569,10.730068065848979,10.623752626179334,10.691408157348633,797500,0.0,0.0
2023-02-14 00:00:00-05:00,10.685608002545152,10.74359832256777,10.63148431834062,10.7088041305542,1019500,0.0,0.0
2023-02-15 00:00:00-05:00,10.656613872326968,10.722335624044748,10.643082950553453,10.668211936950684,994000,0.0,0.0
2023-02-16 00:00:00-05:00,10.62955132278259,10.697205927156661,10.575427639283332,10.610220909118652,1188000,0.0,0.0
2023-02-17 00:00:00-05:00,10.63341707392588,10.716536378211051,10.596690025216141,10.677876472473145,744000,0.0,0.0
2023-02-21 00:00:00-05:00,10.59282474333034,10.612154236125477,10.521303500021073,10.538701057434082,577000,0.0,0.0
2023-02-22 00:00:00-05:00,10.544499495422452,10.573494195110973,10.490375810210574,10.507772445678711,644000,0.0,0.0
2023-02-23 00:00:00-05:00,10.457513753373547,10.561896324157715,10.457513753373547,10.561896324157715,708000,0.0,0.0
2023-02-24 00:00:00-05:00,10.56189715161164,10.56189715161164,10.459447429750496,10.47104549407959,746500,0.0,0.0
2023-02-27 00:00:00-05:00,10.486510140790369,10.486510140790369,10.378261848179845,10.387927055358887,1008000,0.0,0.0
2023-02-28 00:00:00-05:00,10.237151803215577,10.246817009131034,10.097975971897213,10.099908828735352,1403500,0.0,0.0
2023-03-01 00:00:00-05:00,10.171430542969958,10.314472094727176,10.157899622738524,10.283544540405273,1135000,0.0,0.0
2023-03-02 00:00:00-05:00,10.293208687519103,10.397591255841629,10.293208687519103,10.372462272644043,714500,0.0,0.0
2023-03-03 00:00:00-05:00,10.455580856789837,10.515504030614272,10.449782285963996,10.494240760803223,779500,0.0,0.0
2023-03-06 00:00:00-05:00,10.505840110739385,10.53483481186895,10.484576838324406,10.519371032714844,518000,0.0,0.0
2023-03-07 00:00:00-05:00,10.532900422987215,10.552230835412502,10.480709599853654,10.492307662963867,978500,0.0,0.0
2023-03-08 00:00:00-05:00,10.461382242226959,10.530969713352311,10.442051825860203,10.48651123046875,623000,0.0,0.0
2023-03-09 00:00:00-05:00,10.380195045206765,10.418854953464102,10.306740943000348,10.353133201599121,828500,0.0,0.0
2023-03-10 00:00:00-05:00,10.3821275688384,10.428519825946836,10.302874897715562,10.328003883361816,511500,0.0,0.0
2023-03-13 00:00:00-04:00,10.246819526733182,10.476846138034002,10.246819526733182,10.389861106872559,1035000,0.0,0.0
2023-03-14 00:00:00-04:00,10.326071357991475,10.393725967010587,10.281611956546833,10.353133201599121,1633000,0.0,0.0
2023-03-15 00:00:00-04:00,10.266146618356357,10.341533566267058,10.254548555468189,10.318337440490723,809000,0.0,0.0
2023-03-16 00:00:00-04:00,10.250684155608866,10.478777885437012,10.250684155608866,10.478777885437012,904000,0.0,0.0
2023-03-17 00:00:00-04:00,10.621818917707419,10.74553098368336,10.505839201501793,10.654680252075195,1890500,0.0,0.0
2023-03-20 00:00:00-04:00,10.658545094707115,10.658545094707115,10.507771199448888,10.550297737121582,1408000,0.0,0.0
2023-03-21 00:00:00-04:00,10.529035958236493,10.529035958236493,10.414989092227513,10.509705543518066,1275500,0.0,0.0
2023-03-22 00:00:00-04:00,10.58895889522141,10.631484516212902,10.50197387443096,10.507772445678711,979500,0.0,0.0
2023-03-23 00:00:00-04:00,10.505839680333876,10.59669041608281,10.503906823234416,10.53096866607666,909500,0.0,0.0
2023-03-24 00:00:00-04:00,10.556097405136782,10.621819153607097,10.505839434825681,10.588958740234375,1166000,0.0,0.0
2023-03-27 00:00:00-04:00,10.614087581919357,10.710736885401692,10.614087581919357,10.677876472473145,959000,0.0,0.0
2023-03-28 00:00:00-04:00,10.724267440973275,10.84991236077226,10.724267440973275,10.84024715423584,1509500,0.0,0.0
2023-03-29 00:00:00-04:00,10.896305084228516,10.907903148226952,10.84411425709799,10.896305084228516,1832000,0.0,0.0
2023-03-30 00:00:00-04:00,10.9581615518546,10.979423901922221,10.88084173662257,10.8847074508667,583500,0.0,0.0
2023-03-31 00:00:00-04:00,10.989089062550823,11.039347034410524,10.963960076620973,11.004552841186523,1027000,0.0,0.0
2023-04-03 00:00:00-04:00,11.06640848105157,11.101202673029228,10.981357240739333,11.083806037902832,1211500,0.0,0.0
2023-04-04 00:00:00-04:00,11.072207595559345,11.15919168994384,11.064475245920244,11.110867500305176,1349000,0.0,0.0
2023-04-05 00:00:00-04:00,11.170789853275597,11.21718210807473,11.097336678810093,11.2017183303833,1451500,0.0,0.0
2023-04-06 00:00:00-04:00,11.226848164132246,11.377622081911205,11.226848164132246,11.366024017333984,1432500,0.0,0.0
2023-04-10 00:00:00-04:00,11.385352898588009,11.431745154403599,11.33896156449728,11.398883819580078,797000,0.0,0.0
2023-04-11 00:00:00-04:00,11.350559716191624,11.377621558384954,11.327363588104522,11.354425430297852,1076500,0.0,0.0
2023-04-12 00:00:00-04:00,11.61731310260114,11.684967706668498,11.568987990385233,11.607647895812988,1211000,0.0,0.0
2023-04-13 00:00:00-04:00,11.590249303916988,11.655971966825671,11.561254607867419,11.652105331420898,1516500,0.0,0.0
2023-04-14 00:00:00-04:00,11.646306854685175,11.663703488110052,11.594116032685765,11.615378379821777,819000,0.0,0.0
2023-04-17 00:00:00-04:00,11.567054569591653,11.603780694491856,11.499399047096988,11.588316917419434,1161500,0.0,0.0
2023-04-18 00:00:00-04:00,11.721695193303395,11.721695193303395,11.646308236642177,11.663704872131348,1423500,0.0,0.0
2023-04-19 00:00:00-04:00,11.725560623695014,11.739091544686874,11.64050846194271,11.65403938293457,924500,0.0,0.0
2023-04-20 00:00:00-04:00,11.547724672538239,11.576719371059184,11.493600989505849,11.53226089477539,1450500,0.0,0.0
2023-04-21 00:00:00-04:00,11.599915592896476,11.684967753871055,11.567055180098809,11.683034896850586,1302500,0.0,0.0
2023-04-24 00:00:00-04:00,11.453009232953931,11.462673518826332,11.4066169738667,11.420147895812988,1330500,0.0,0.0
2023-04-25 00:00:00-04:00,11.50326614855883,11.505199005555566,11.42014684562528,11.456873893737793,1712000,0.0,0.0
2023-04-26 00:00:00-04:00,11.512929622972607,11.53805860561065,11.48586778347391,11.495532989501953,1242500,0.0,0.0
2023-04-27 00:00:00-04:00,11.681102612748424,11.712030170042514,11.626978004896417,11.710097312927246,838500,0.0,0.0
2023-04-28 00:00:00-04:00,11.737158106256638,11.737158106256638,11.66563686903895,11.68690013885498,679000,0.0,0.0
2023-05-01 00:00:00-04:00,11.657906476783253,11.771953342038401,11.642441776420771,11.770020484924316,787000,0.0,0.0
2023-05-02 00:00:00-04:00,11.777752734341297,11.86860347711031,11.737159966941308,11.806747436523438,1516000,0.0,0.0
2023-05-03 00:00:00-04:00,11.812544780648734,11.864735603770216,11.756487322008212,11.80481243133545,1400000,0.0,0.0
2023-05-04 00:00:00-04:00,11.829942035635858,11.851205306070323,11.737158447628373,11.779684066772461,1033000,0.0,0.0
2023-05-05 00:00:00-04:00,11.744890694727951,11.781616820830456,11.725560281460998,11.748756408691406,1157500,0.0,0.0
2023-05-08 00:00:00-04:00,11.706230310393293,11.735225007381167,11.659838057832856,11.684967041015625,1252500,0.0,0.0
2023-05-09 00:00:00-04:00,11.702364578981168,11.742957342245326,11.654039465784608,11.669504165649414,1505000,0.0,0.0
2023-05-10 00:00:00-04:00,11.172724059491632,11.344760321125396,10.921434205922774,11.31769847869873,2522000,0.0,0.0
2023-05-11 00:00:00-04:00,10.730066923618514,10.770659684963984,10.583158733920826,10.585091590881348,2739000,0.0,0.0
2023-05-12 00:00:00-04:00,10.523236315953922,10.623752258925055,10.438185073228265,10.53096866607666,2686000,0.0,0.0
2023-05-15 00:00:00-04:00,10.629551880079186,10.70107220224584,10.592824829572026,10.689475059509277,1604500,0.0,0.0
2023-05-16 00:00:00-04:00,10.648880528377422,10.666278084552124,10.598622560272426,10.660478591918945,1236000,0.0,0.0
2023-05-17 00:00:00-04:00,10.585091728875144,10.590891221557145,10.505839062111543,10.556097030639648,678000,0.0,0.0
2023-05-18 00:00:00-04:00,10.411122896226871,10.411122896226871,10.26808041475916,10.310606956481934,1138500,0.0,0.0
2023-05-19 00:00:00-04:00,10.33766865971215,10.384060914887133,10.270014055686008,10.339601516723633,1989500,0.0,0.0
2023-05-22 00:00:00-04:00,10.434317483705497,10.525169132876332,10.434317483705497,10.463313102722168,901000,0.0,0.0
2023-05-23 00:00:00-04:00,10.492308947321767,10.507772726120033,10.414989131605536,10.449783325195312,1454000,0.0,0.0
2023-05-24 00:00:00-04:00,10.59475627280777,10.606354335721456,10.519369324731198,10.573493003845215,977500,0.0,0.0
2023-05-25 00:00:00-04:00,10.540633391200206,10.65468025037628,10.4671792944309,10.52710247039795,596500,0.0,0.0
2023-05-26 00:00:00-04:00,10.583159978350107,10.625686523381443,10.507773017676303,10.534834861755371,1402500,0.0,0.0
2023-05-30 00:00:00-04:00,10.494241616012216,10.548365301696705,10.44398364452665,10.53096866607666,960000,0.0,0.0
2023-05-31 00:00:00-04:00,10.530968940340808,10.679810001574399,10.530968940340808,10.668211936950684,1618000,0.0,0.0
2023-06-01 00:00:00-04:00,10.842182177708713,10.863444528460166,10.764861438265019,10.789990425109863,1596000,0.0,0.0
2023-06-02 00:00:00-04:00,10.886640828653082,10.981358205963458,10.87890847807011,10.963960647583008,868500,0.0,0.0
2023-06-05 00:00:00-04:00,10.876973728492512,10.913700774353241,10.832515255118864,10.904035568237305,1011500,0.0,0.0
2023-06-06 00:00:00-04:00,10.96202731819365,10.975558239837314,10.904036995631587,10.967825889587402,1142500,0.0,0.0
2023-06-07 00:00:00-04:00,11.041279983218693,11.095403669755573,10.996821504056228,11.027749061584473,1134500,0.0,0.0
2023-06-08 00:00:00-04:00,11.002619553555935,11.027748538502523,10.948495869586317,11.01615047454834,1035000,0.0,0.0
2023-06-09 00:00:00-04:00,10.977490752166332,11.066408629485318,10.911769003143583,11.062542915344238,637500,0.0,0.0
2023-06-12 00:00:00-04:00,11.029680913177662,11.04901132616421,10.981356724160939,11.012284278869629,575000,0.0,0.0
2023-06-13 00:00:00-04:00,11.095402527067716,11.17272325637507,11.095402527067716,11.168856620788574,672000,0.0,0.0
2023-06-14 00:00:00-04:00,11.137930207377279,11.222982373120455,11.130197857137023,11.155326843261719,1414000,0.0,0.0
2023-06-15 00:00:00-04:00,11.313831963618293,11.505198625852172,11.306099614161694,11.483935356140137,1120000,0.0,0.0
2023-06-16 00:00:00-04:00,11.650174140930176,11.652106998046637,11.54579248284198,11.650174140930176,1304500,0.0,0.0
2023-06-20 00:00:00-04:00,11.640506652792656,11.710095025699637,11.640506652792656,11.677233695983887,1058500,0.0,0.0
2023-06-21 00:00:00-04:00,11.634710882629363,11.735226830980151,11.568989129105757,11.729427337646484,1093000,0.0,0.0
2023-06-22 00:00:00-04:00,11.663705014225776,11.733293400480001,11.617313678447855,11.702364921569824,1357000,0.0,0.0
2023-06-23 00:00:00-04:00,11.878268635390421,11.89373241504121,11.76035604818133,11.79128360748291,741500,0.0,0.0
2023-06-26 00:00:00-04:00,11.909195558830778,11.930458830793414,11.83960809325519,11.876335144042969,1091500,0.0,0.0
2023-06-27 00:00:00-04:00,11.876334579555738,11.903396421644702,11.841540387559274,11.857004165649414,684500,0.0,0.0
2023-06-28 00:00:00-04:00,11.99811315355941,12.06383582502001,11.984582232193967,12.061902046203613,752000,0.0,0.0
2023-06-29 00:00:00-04:00,12.063835297821033,12.127624187677613,12.015510185745626,12.11022663116455,775000,0.0,0.0
2023-06-30 00:00:00-04:00,12.230072840330097,12.239737125252681,12.127624046352018,12.19914436340332,1200500,0.0,0.0
2023-07-03 00:00:00-04:00,12.127624094501968,12.152753078850127,12.036773363795124,12.087030410766602,683500,0.0,0.0
2023-07-05 00:00:00-04:00,12.131490082307526,12.243604085908686,12.11409344726031,12.21654224395752,818000,0.0,0.0
2023-07-06 00:00:00-04:00,12.253269543710145,12.261000972011722,12.166284523243231,12.22620677947998,1602500,0.0,0.0
2023-07-07 00:00:00-04:00,12.202441261765568,12.221921978036931,12.13231272675035,12.155688285827637,610000,0.0976,0.0
2023-07-10 00:00:00-04:00,12.12841552232611,12.233609713816508,12.116727278827176,12.181012153625488,523000,0.0,0.0
2023-07-11 00:00:00-04:00,12.151791050781211,12.26672466204497,12.112830551821883,12.208284378051758,1853000,0.0,0.0
2023-07-12 00:00:00-04:00,12.276466439261966,12.307634470478607,12.208285790418268,12.214129447937012,1237500,0.0,0.0
2023-07-13 00:00:00-04:00,12.108936239331381,12.179064774349785,12.077767279074118,12.163480758666992,1336000,0.0,0.0
2023-07-14 00:00:00-04:00,12.087506810388065,12.118675768513276,11.999845450942606,12.058286666870117,867000,0.0,0.0
2023-07-17 00:00:00-04:00,12.329062000118261,12.360230028623914,12.299841857282763,12.307633399963379,1078000,0.0,0.0
2023-07-18 00:00:00-04:00,12.266725541093578,12.334906186935422,12.210233138666283,12.274518013000488,659000,0.0,0.0
2023-07-19 00:00:00-04:00,12.354387294003141,12.45373690173128,12.327115034801624,12.334906578063965,813000,0.0,0.0
2023-07-20 00:00:00-04:00,12.541397049484136,12.599837333851147,12.504384435902296,12.564772605895996,1001000,0.0,0.0
2023-07-21 00:00:00-04:00,12.58425467697056,12.662175683790243,12.543346287723978,12.629058837890625,645000,0.0,0.0
2023-07-24 00:00:00-04:00,12.798537299034813,12.860874287292276,12.73425242503362,12.759576797485352,867500,0.0,0.0
2023-07-25 00:00:00-04:00,12.868666212617429,12.895938471623195,12.794640978806548,12.839446067810059,861000,0.0,0.0
2023-07-26 00:00:00-04:00,12.814121217888415,13.310868305591733,12.675811113311811,13.256322860717773,1508500,0.0,0.0
2023-07-27 00:00:00-04:00,13.133598213168767,13.279699866373246,13.081001580859489,13.234895706176758,919000,0.0,0.0
2023-07-28 00:00:00-04:00,13.399321946295924,13.51901105177147,13.356155613733934,13.501352310180664,871000,0.0976,0.0
2023-07-31 00:00:00-04:00,13.501351018095528,13.522934650116978,13.438563035897445,13.47584342956543,1274000,0.0,0.0
2023-08-01 00:00:00-04:00,13.520972847852606,13.634776016467002,13.454260903661279,13.593571662902832,1173000,0.0,0.0
2023-08-02 00:00:00-04:00,13.513124966945314,13.617117308121639,13.473882591701644,13.607306480407715,1431000,0.0,0.0
2023-08-03 00:00:00-04:00,13.548442755336085,13.59553304207154,13.420904807821756,13.52097225189209,1408000,0.0,0.0
2023-08-04 00:00:00-04:00,13.511162082697627,13.636737113691241,13.42679046699364,13.57198715209961,1417500,0.0,0.0
2023-08-07 00:00:00-04:00,13.515086166020952,13.611229652359638,13.503313360565526,13.564139366149902,2013000,0.0,0.0
2023-08-08 00:00:00-04:00,13.597495696519982,13.762314047319432,13.509201053646162,13.732882499694824,2767500,0.0,0.0
2023-08-09 00:00:00-04:00,14.048782998639057,14.137078574092783,13.985995013080586,14.037010192871094,1711500,0.0,0.0
2023-08-10 00:00:00-04:00,14.10176068881759,14.15277587053279,14.001693239432573,14.08213996887207,2762500,0.0,0.0
2023-08-11 00:00:00-04:00,14.052708161600284,14.056632118394507,13.923208231270744,14.035048484802246,2386500,0.0,0.0
2023-08-14 00:00:00-04:00,14.009540288202059,14.009540288202059,13.832950077147109,13.899662017822266,1717000,0.0,0.0
2023-08-15 00:00:00-04:00,13.883965767779046,13.970298430372429,13.832950587332043,13.944790840148926,1289500,0.0,0.0
2023-08-16 00:00:00-04:00,14.023275555783382,14.068404800969105,13.927132065884244,13.931056022644043,2389500,0.0,0.0
2023-08-17 00:00:00-04:00,14.017390251159668,14.07625334765241,13.970299025475835,14.017390251159668,2623500,0.0,0.0
2023-08-18 00:00:00-04:00,13.94675257260204,14.01346545017328,13.891813436354662,14.009540557861328,2211000,0.0,0.0
2023-08-21 00:00:00-04:00,14.060556444495498,14.133155260767571,14.037010831887688,14.074291229248047,2683000,0.0,0.0
2023-08-22 00:00:00-04:00,14.113532928964437,14.119419799640406,13.993843828822353,14.023275375366211,2301500,0.0,0.0
2023-08-23 00:00:00-04:00,14.146888928280667,14.35683557549786,14.146888928280667,14.278350830078125,2222500,0.0,0.0
2023-08-24 00:00:00-04:00,14.127267475826267,14.154737979166162,13.895737192848713,13.927131652832031,2429000,0.0,0.0
2023-08-25 00:00:00-04:00,13.840798134414271,13.872192594572294,13.740729754554302,13.793707847595215,924500,0.0,0.0
2023-08-28 00:00:00-04:00,13.78585941144695,13.83883657046219,13.772124627095295,13.797632217407227,795500,0.0,0.0
2023-08-29 00:00:00-04:00,13.652434290942354,13.730919033176857,13.640661486045987,13.687751770019531,2050500,0.0,0.0
2023-08-30 00:00:00-04:00,13.56806271939047,13.623001851997996,13.46603236705539,13.49153995513916,2237500,0.0,0.0
2023-08-31 00:00:00-04:00,13.409131129767445,13.442486630416614,13.312986712999075,13.338494300842285,1832000,0.0,0.0
2023-09-01 00:00:00-04:00,13.311025989388405,13.389510738516869,13.269821636437763,13.350268363952637,1571000,0.0,0.0
2023-09-05 00:00:00-04:00,13.299252208692877,13.299252208692877,13.110889198835384,13.126585960388184,999000,0.0,0.0
2023-09-06 00:00:00-04:00,13.154055865622214,13.234502589311639,13.138359103665346,13.152093887329102,1243500,0.0,0.0
2023-09-07 00:00:00-04:00,13.261972835465148,13.261972835465148,13.148170603743804,13.203109741210938,1451500,0.0,0.0
2023-09-08 00:00:00-04:00,13.18741269035923,13.328685423339921,13.18741269035923,13.303177833557129,1045000,0.0,0.0
2023-09-11 00:00:00-04:00,13.342419759923775,13.46799479066348,13.342419759923775,13.397358894348145,937000,0.0,0.0
2023-09-12 00:00:00-04:00,13.452298298859803,13.583760202705513,13.452298298859803,13.507237434387207,1187000,0.0,0.0
2023-09-13 00:00:00-04:00,13.585721509959852,13.668131144792296,13.573949640595723,13.666169166564941,1524000,0.0,0.0
2023-09-14 00:00:00-04:00,13.675979403298994,13.703449906011956,13.583759874999354,13.642623901367188,1206500,0.0,0.0
2023-09-15 00:00:00-04:00,13.695601083994982,13.791744569035945,13.66616953855966,13.705411911010742,1122000,0.0,0.0
2023-09-18 00:00:00-04:00,13.556290423502348,13.56806322887631,13.442487261962029,13.473881721496582,772500,0.0,0.0
2023-09-19 00:00:00-04:00,13.497427441661612,13.524897009219549,13.36204064656952,13.466032981872559,1817000,0.0,0.0
2023-09-20 00:00:00-04:00,13.440525460808043,13.538631861680065,13.364002692674742,13.381662368774414,1545500,0.0,0.0
2023-09-21 00:00:00-04:00,13.413055051459397,13.507236554170627,13.324759483337402,13.324759483337402,1260500,0.0,0.0
2023-09-22 00:00:00-04:00,13.183487282190061,13.189374152623738,13.020631858112285,13.048101425170898,1185000,0.0,0.0
2023-09-25 00:00:00-04:00,12.953920094148256,13.001010380195545,12.891132110473233,12.95588207244873,1076000,0.0,0.0
2023-09-26 00:00:00-04:00,12.924487148235926,13.040252284310466,12.922525170005974,12.93822193145752,948000,0.0,0.0
2023-09-27 00:00:00-04:00,12.997086975880976,13.067722875759433,12.836192585449586,12.902905464172363,838500,0.0,0.0
2023-09-28 00:00:00-04:00,12.863663221517877,12.961768690999806,12.806761169743062,12.957844734191895,1941000,0.0,0.0
2023-09-29 00:00:00-04:00,13.267859486934269,13.312987796075705,13.106965098367583,13.120699882507324,1276000,0.0,0.0
2023-10-02 00:00:00-04:00,13.105002808986235,13.11873759280001,13.010821300604354,13.04613971710205,1044000,0.0,0.0
2023-10-03 00:00:00-04:00,12.93626045192274,12.983351673704686,12.904866927809424,12.969616889953613,838500,0.0,0.0
2023-10-04 00:00:00-04:00,12.910753283428328,12.940184830195097,12.8204957291465,12.924488067626953,893000,0.0,0.0
2023-10-05 00:00:00-04:00,12.883283378527882,12.94999531940902,12.832268199804899,12.898980140686035,1039500,0.0,0.0
2023-10-06 00:00:00-04:00,12.916640512156262,13.065761164104767,12.859738459803097,13.012784004211426,1394000,0.0,0.0
2023-10-09 00:00:00-04:00,13.071647786763908,13.14620764351629,13.02063260626322,13.077533721923828,913500,0.0,0.0
2023-10-10 00:00:00-04:00,13.01082170288448,13.171715156995338,12.983352134407601,13.099117279052734,1925000,0.0,0.0
2023-10-11 00:00:00-04:00,13.207032921085414,13.224691661200488,13.11873734928613,13.222729682922363,766000,0.0,0.0
2023-10-12 00:00:00-04:00,13.171714689608525,13.171714689608525,12.904866927809424,12.969616889953613,1158500,0.0,0.0
2023-10-13 00:00:00-04:00,12.908790642343718,13.069684087728199,12.847964637951362,13.034366607666016,1244000,0.0,0.0
2023-10-16 00:00:00-04:00,13.142283720058723,13.161905375198888,13.05006418636878,13.091268539428711,1166500,0.0,0.0
2023-10-17 00:00:00-04:00,13.12266321645793,13.138359979461137,12.955882887470292,13.012784004211426,1121000,0.0,0.0
2023-10-18 00:00:00-04:00,13.28355560524819,13.365964306090223,13.212919709613868,13.293366432189941,1646000,0.0,0.0
2023-10-19 00:00:00-04:00,13.234502547685386,13.301214487501227,13.093229819293974,13.18741226196289,1362000,0.0,0.0
2023-10-20 00:00:00-04:00,13.146206750646876,13.181525166043661,12.993162155151367,12.993162155151367,1218000,0.0,0.0
2023-10-23 00:00:00-04:00,12.94999529479365,13.091268025172461,12.94999529479365,13.04613971710205,806500,0.0,0.0
2023-10-24 00:00:00-04:00,13.07949508443542,13.163866700372212,13.028479906336887,13.10304069519043,2032000,0.0,0.0
2023-10-25 00:00:00-04:00,12.987276314580456,13.069685021428782,12.938223111908442,12.971579551696777,1063500,0.0,0.0
2023-10-26 00:00:00-04:00,12.849926923854582,12.881321383742735,12.638018295960455,12.675298690795898,2205000,0.0,0.0
2023-10-27 00:00:00-04:00,12.634093754737949,12.881320787712339,12.57522972992884,12.763593673706055,1389000,0.0,0.0
2023-10-30 00:00:00-04:00,12.726314098132,12.753783666270246,12.645867372068277,12.70865535736084,972000,0.0,0.0
2023-10-31 00:00:00-04:00,12.802836764200347,12.818533526493846,12.716503168168114,12.779291152954102,2166500,0.0,0.0
2023-11-01 00:00:00-04:00,12.789102576252747,12.86170045609796,12.74986020088419,12.851890563964844,1548000,0.0,0.0
2023-11-02 00:00:00-04:00,12.771442832834017,12.771442832834017,12.606625418509617,12.66352653503418,1261500,0.0,0.0
2023-11-03 00:00:00-04:00,12.559532843619248,12.669411108020993,12.502631733212905,12.61054801940918,2029000,0.0,0.0
2023-11-06 00:00:00-05:00,12.685109585258166,12.720427066353164,12.628207535739367,12.702768325805664,934500,0.0,0.0
2023-11-07 00:00:00-05:00,12.832267392698588,12.832267392698588,12.726313085280244,12.743971824645996,1754500,0.0,0.0
2023-11-08 00:00:00-05:00,12.87936027421826,13.028480928007157,12.84600383376425,13.018671035766602,869500,0.0,0.0
2023-11-09 00:00:00-05:00,13.018670391509616,13.018670391509616,12.683147767573612,12.70865535736084,1045000,0.0,0.0
2023-11-10 00:00:00-05:00,12.730237031398705,12.906828167361407,12.72042620482035,12.84207820892334,814500,0.0,0.0
2023-11-13 00:00:00-05:00,12.81460946857917,12.844041014598451,12.726313894909344,12.738086700439453,944000,0.0,0.0
2023-11-14 00:00:00-05:00,12.834230356024399,12.889169492145465,12.763594457527601,12.806760787963867,1057000,0.0,0.0
2023-11-15 00:00:00-05:00,12.793025416697251,12.93233616456261,12.781252611552858,12.895055770874023,1420500,0.0,0.0
2023-11-16 00:00:00-05:00,13.03044236537086,13.128548768598911,12.934298876121453,13.022594451904297,1068000,0.0,0.0
2023-11-17 00:00:00-05:00,13.118737651991717,13.212920096410524,13.09323006256362,13.122662544250488,1332000,0.0,0.0
2023-11-20 00:00:00-05:00,13.122662166990267,13.267858850479065,13.122662166990267,13.24431324005127,635000,0.0,0.0
2023-11-21 00:00:00-05:00,13.301214741809687,13.444450386838554,13.293366828511875,13.395397186279297,781000,0.0,0.0
2023-11-22 00:00:00-05:00,13.40913206359737,13.550404795674192,13.258048504217939,13.275707244873047,908000,0.0,0.0
2023-11-24 00:00:00-05:00,13.29140495868835,13.434639669274494,13.277670174693075,13.387548446655273,404500,0.0,0.0
2023-11-27 00:00:00-05:00,13.36792664189419,13.387547359317276,13.252161508701052,13.283555030822754,630000,0.0,0.0
2023-11-28 00:00:00-05:00,13.344381516264031,13.385585866396994,13.2933663392579,13.314949035644531,1055500,0.0,0.0
2023-11-29 00:00:00-05:00,13.37577618122671,13.438564168717582,13.342420676867576,13.383625030517578,1341000,0.0,0.0
2023-11-30 00:00:00-05:00,13.53863214331723,13.740729948612001,13.511162575048504,13.715222358703613,1855500,0.0,0.0
2023-12-01 00:00:00-05:00,13.679904870991047,13.70737443924772,13.577874511402262,13.652435302734375,1495500,0.0,0.0
2023-12-04 00:00:00-05:00,13.640662469728406,13.74269282911346,13.630851642338614,13.70148754119873,1750000,0.0,0.0
2023-12-05 00:00:00-05:00,13.689714683845533,13.71914622828049,13.601419114928735,13.687751770019531,819500,0.0,0.0
2023-12-06 00:00:00-05:00,13.5916094805784,13.683829014013357,13.54451825686182,13.623003005981445,4385000,0.0,0.0
2023-12-07 00:00:00-05:00,13.636737813438987,13.695601843184605,13.56217795657722,13.685791015625,1990000,0.0,0.0
2023-12-08 00:00:00-05:00,13.585722614635264,13.650472579462562,13.442487900660455,13.511162757873535,2049000,0.0,0.0
2023-12-11 00:00:00-05:00,13.044176525889807,13.044176525889807,12.655676759509584,12.726313591003418,2493500,0.0,0.0
2023-12-12 00:00:00-05:00,13.014745374882944,13.014745374882944,12.842079118686646,12.989237785339355,2304000,0.0,0.0
2023-12-13 00:00:00-05:00,13.169752080959455,13.238426932039804,13.052024967751331,13.205070495605469,1317500,0.0,0.0
2023-12-14 00:00:00-05:00,13.21684340521704,13.24823692807653,13.0284794612243,13.085381507873535,1218000,0.0,0.0
2023-12-15 00:00:00-05:00,13.103040213145759,13.154055389367507,13.04417618842377,13.071646690368652,1671500,0.0,0.0
2023-12-18 00:00:00-05:00,13.159941759109815,13.208994958731216,13.124624278720935,13.18741226196289,1413500,0.0,0.0
2023-12-19 00:00:00-05:00,13.242352133508266,13.422867244521791,13.242352133508266,13.377737998962402,1379000,0.0,0.0
2023-12-20 00:00:00-05:00,13.293367114352755,13.293367114352755,13.012783624459091,13.022594451904297,1075000,0.0,0.0
2023-12-21 00:00:00-05:00,13.101077924756867,13.179562665453448,13.057911598057322,13.108926773071289,1199500,0.0,0.0
2023-12-22 00:00:00-05:00,13.265898557349383,13.311026870058576,13.167792146641984,13.210958480834961,1208500,0.0,0.0
2023-12-26 00:00:00-05:00,13.226654668487416,13.250199343603116,13.156017836304422,13.201147079467773,738500,0.0,0.0
2023-12-27 00:00:00-05:00,13.320836202485877,13.379699293811058,13.30121454830284,13.375775337219238,1359500,0.0,0.0
2023-12-28 00:00:00-05:00,13.675978965123162,13.732881011390932,13.638699507831914,13.687751770019531,1058000,0.0,0.0
2023-12-29 00:00:00-05:00,13.642624475324991,13.697563611838337,13.57983648976174,13.652435302734375,393500,0.0,0.0
2024-01-02 00:00:00-05:00,13.768200382509383,13.956563402712346,13.754465598444833,13.897700309753418,983000,0.0,0.0
2024-01-03 00:00:00-05:00,13.872192695537107,13.942828594085787,13.823139494416418,13.834912300109863,783500,0.0,0.0
2024-01-04 00:00:00-05:00,13.821177634797952,13.929093929700912,13.778010368347168,13.778010368347168,737500,0.0,0.0
2024-01-05 00:00:00-05:00,13.795669387465699,13.901623698956053,13.787820538772653,13.838835716247559,1069000,0.0,0.0
2024-01-08 00:00:00-05:00,13.754464839337368,13.754464839337368,13.599457330869447,13.70737361907959,1073500,0.0,0.0
2024-01-09 00:00:00-05:00,13.66813265083009,13.66813265083009,13.564140308426301,13.61319351196289,707500,0.0,0.0
2024-01-10 00:00:00-05:00,13.644586426439526,13.736805958434786,13.595533225102557,13.70148754119873,562000,0.0,0.0
2024-01-11 00:00:00-05:00,13.424829351077282,13.460147769381098,13.350268557639902,13.369890213012695,1027500,0.0,0.0
2024-01-12 00:00:00-05:00,13.389511128382937,13.664208693943015,13.303178463195062,13.61319351196289,2063000,0.0,0.0
2024-01-16 00:00:00-05:00,13.603382324718499,13.632813871818028,13.49938998506229,13.524897575378418,1077500,0.0,0.0
2024-01-17 00:00:00-05:00,13.391472525274066,13.391472525274066,13.17760191442365,13.218806266784668,1027500,0.0,0.0
2024-01-18 00:00:00-05:00,13.31298694228911,13.37773690211307,13.2855173757713,13.371850967407227,629500,0.0,0.0
2024-01-19 00:00:00-05:00,13.379699157927075,13.379699157927075,13.281593694844142,13.320836067199707,499500,0.0,0.0
2024-01-22 00:00:00-05:00,13.303178157532074,13.340457618326802,13.214882580317362,13.21684455871582,501500,0.0,0.0
2024-01-23 00:00:00-05:00,13.263935926406992,13.38558700893729,13.263935926406992,13.383625030517578,991500,0.0,0.0
2024-01-24 00:00:00-05:00,13.931055558423084,14.15866188392312,13.789782828045817,13.801555633544922,1589000,0.0,0.0
2024-01-25 00:00:00-05:00,13.68971577477818,13.734844084133925,13.573950630415183,13.630851745605469,971500,0.0,0.0
2024-01-26 00:00:00-05:00,13.681866959075386,13.681866959075386,13.624964908134226,13.644586563110352,781000,0.0,0.0
2024-01-29 00:00:00-05:00,13.878078811206427,13.878078811206427,13.648510500614313,13.742692947387695,1069500,0.0,0.0
2024-01-30 00:00:00-05:00,13.754465978488831,13.931056197856902,13.583760758722468,13.615155220031738,1555000,0.0,0.0
2024-01-31 00:00:00-05:00,14.317593210070067,14.441207198755603,14.060555341225516,14.117457389831543,2269500,0.0,0.0
2024-02-01 00:00:00-05:00,14.048783412721521,14.252844137898165,14.001693123873698,14.201828956604004,832000,0.0,0.0
2024-02-02 00:00:00-05:00,14.209676207519095,14.209676207519095,14.021312266479713,14.164546966552734,1199500,0.0,0.0
2024-02-05 00:00:00-05:00,14.27050269739632,14.378419929472802,14.244996042686331,14.294048309326172,1166000,0.0,0.0
2024-02-06 00:00:00-05:00,14.474562644104477,14.478487536290412,14.305820348468183,14.362722396850586,1888500,0.0,0.0
2024-02-07 00:00:00-05:00,14.42158586028483,14.503995499749855,14.394116292333818,14.401965141296387,1092500,0.0,0.0
2024-02-08 00:00:00-05:00,14.360759516798659,14.43139634896841,14.30778236047733,14.376457214355469,1067000,0.0,0.0
2024-02-09 00:00:00-05:00,14.376457099539708,14.549123350777956,14.376457099539708,14.545199394226074,753500,0.0,0.0
2024-02-12 00:00:00-05:00,14.794388695513002,14.884646247220266,14.741411538599172,14.815972328186035,1107000,0.0,0.0
2024-02-13 00:00:00-05:00,14.772806047892669,14.812048423616341,14.572670212385553,14.668813705444336,1619500,0.0,0.0
2024-02-14 00:00:00-05:00,14.668812868790107,14.833631211673723,14.668812868790107,14.821858406066895,894500,0.0,0.0
2024-02-15 00:00:00-05:00,14.821859239950658,14.859139637201027,14.62957131837024,14.717866897583008,1073500,0.0,0.0
2024-02-16 00:00:00-05:00,14.79438907469813,14.91015421867263,14.749260765493831,14.806161880493164,803500,0.0,0.0
2024-02-20 00:00:00-05:00,14.863062740708328,15.037691910664488,14.843442021794278,14.919964790344238,1733500,0.0,0.0
2024-02-21 00:00:00-05:00,14.951359216434822,14.951359216434822,14.774768993111856,14.843442916870117,1171500,0.0,0.0
2024-02-22 00:00:00-05:00,14.892495605365308,15.100480283505982,14.882684777850068,15.071048736572266,887000,0.0,0.0
2024-02-23 00:00:00-05:00,15.108327345082186,15.249600072254577,15.108327345082186,15.224092483520508,641000,0.0,0.0
2024-02-26 00:00:00-05:00,15.20054784100831,15.224092515910506,15.102441442403329,15.12598705291748,506500,0.0,0.0
2024-02-27 00:00:00-05:00,15.124025352914996,15.206434055618836,15.073010174399675,15.074972152709961,840000,0.0,0.0
2024-02-28 00:00:00-05:00,15.047502308278277,15.145607771271303,15.037691481295388,15.12598705291748,611000,0.0,0.0
2024-02-29 00:00:00-05:00,15.122062819896529,15.13579853963846,15.03180526606611,15.06516170501709,947500,0.0,0.0
2024-03-01 00:00:00-05:00,14.649191384628079,14.74533486718098,14.521653443559583,14.680584907531738,825000,0.0,0.0
2024-03-04 00:00:00-05:00,14.866988044557079,14.965093513067238,14.839518475949754,14.92388916015625,604500,0.0,0.0
2024-03-05 00:00:00-05:00,15.00237391921667,15.00237391921667,14.835593593464935,14.874835968017578,1431000,0.0,0.0
2024-03-06 00:00:00-05:00,14.886607174790706,14.96901680742703,14.792425673103962,14.837553977966309,934000,0.0,0.0
2024-03-07 00:00:00-05:00,14.914078213705077,15.041616163802177,14.914078213705077,14.980791091918945,671000,0.0,0.0
2024-03-08 00:00:00-05:00,14.980790652574571,15.082820074048012,14.947434214445886,15.025918960571289,628500,0.0,0.0
2024-03-11 00:00:00-04:00,15.073010106870479,15.165229636324563,15.061237301449534,15.159342765808105,593500,0.0,0.0
2024-03-12 00:00:00-04:00,15.055349827498201,15.055349827498201,14.957244367071803,14.974903106689453,684000,0.0,0.0
2024-03-13 00:00:00-04:00,14.957245758891698,14.986677306197125,14.696282983117653,14.768881797790527,804500,0.0,0.0
2024-03-14 00:00:00-04:00,14.77476862520537,14.812048086022958,14.696282939934818,14.804200172424316,699000,0.0,0.0
2024-03-15 00:00:00-04:00,14.815971921695702,14.90426749266694,14.759069874103952,14.762994766235352,1001500,0.0,0.0
2024-03-18 00:00:00-04:00,14.843442419334092,14.870911987916648,14.782616411408716,14.812047958374023,1225000,0.0,0.0
2024-03-19 00:00:00-04:00,14.511843498725122,14.545199937497873,14.231260011322549,14.331328392028809,2146500,0.0,0.0
2024-03-20 00:00:00-04:00,14.311708113926327,14.331328833635133,14.154738613807796,14.286200523376465,810000,0.0,0.0
2024-03-21 00:00:00-04:00,14.18809456040439,14.45494328029389,14.139041356184785,14.30385971069336,819500,0.0,0.0
2024-03-22 00:00:00-04:00,14.421584669547105,14.556971455398118,14.4176607131958,14.4176607131958,1046000,0.0,0.0
2024-03-25 00:00:00-04:00,14.366646454813518,14.433358395101651,14.327404081960971,14.403926849365234,823500,0.0,0.0
2024-03-26 00:00:00-04:00,14.401964019556074,14.443168368273268,14.280312015977406,14.284236907958984,724000,0.0,0.0
2024-03-27 00:00:00-04:00,14.305820302775599,14.37645713455325,14.164547574832254,14.188093185424805,777500,0.0,0.0
2024-03-28 00:00:00-04:00,14.352912318979586,14.482412248799756,14.33132868547222,14.392154693603516,787500,0.0,0.0
2024-04-01 00:00:00-04:00,14.606024776709772,14.606024776709772,14.45494215448818,14.507919311523438,638500,0.0,0.0
2024-04-02 00:00:00-04:00,14.486335754394531,14.496146581647954,14.33329021744428,14.486335754394531,1193000,0.0,0.0
2024-04-03 00:00:00-04:00,14.421586489491103,14.421586489491103,14.225374612986114,14.327404975891113,1025500,0.0,0.0
2024-04-04 00:00:00-04:00,14.38234308878007,14.445131071907511,14.294047516744978,14.299934387207031,577500,0.0,0.0
2024-04-05 00:00:00-04:00,14.400002111961133,14.54519879008145,14.384304415181704,14.472599983215332,801000,0.0,0.0
2024-04-08 00:00:00-04:00,14.447093996632645,14.533427596040163,14.401965686323003,14.46082878112793,518500,0.0,0.0
2024-04-09 00:00:00-04:00,14.445131705408555,14.498108863830566,14.41177526629262,14.498108863830566,891500,0.0,0.0
2024-04-10 00:00:00-04:00,14.327403817975863,14.458865717829088,14.241070225046183,14.2449951171875,624500,0.0,0.0
2024-04-11 00:00:00-04:00,14.24303196744763,14.354873147190002,14.192016790962892,14.26069164276123,594000,0.0,0.0
2024-04-12 00:00:00-04:00,14.203789919092815,14.203789919092815,13.974222555300958,14.01346492767334,1309500,0.0,0.0
2024-04-15 00:00:00-04:00,13.995805639632335,14.10764682501693,13.903586108783418,13.954601287841797,1848000,0.0,0.0
2024-04-16 00:00:00-04:00,13.98991993864434,14.10176019028767,13.960487456348517,14.050745010375977,747000,0.0,0.0
2024-04-17 00:00:00-04:00,14.058593310374548,14.070366115710682,13.968335759872167,13.991881370544434,709500,0.0,0.0
2024-04-18 00:00:00-04:00,13.95067723018546,14.001692408874522,13.889851224299585,13.913396835327148,486000,0.0,0.0
2024-04-19 00:00:00-04:00,13.91143536947596,13.98992011871772,13.876116951633566,13.958525657653809,585000,0.0,0.0
2024-04-22 00:00:00-04:00,14.023275315002993,14.172396896659034,14.023275315002993,14.156700134277344,789500,0.0,0.0
2024-04-23 00:00:00-04:00,14.127268147299905,14.127268147299905,14.013465914335763,14.027200698852539,661000,0.0,0.0
2024-04-24 00:00:00-04:00,14.015426920513738,14.054669292926896,13.88788897626798,13.915358543395996,746000,0.0,0.0
2024-04-25 00:00:00-04:00,14.401964762851916,14.584441842025775,14.376457173908818,14.523615837097168,2391000,0.0,0.0
2024-04-26 00:00:00-04:00,14.572669164315874,14.67273754267851,14.566782293794088,14.627608299255371,1081000,0.0,0.0
2024-04-29 00:00:00-04:00,14.682547094559542,14.759069860288855,14.578554761995903,14.602100372314453,1151000,0.0,0.0
2024-04-30 00:00:00-04:00,14.521654274176468,14.531465101499501,14.400003196451609,14.41569995880127,910000,0.0,0.0
2024-05-01 00:00:00-04:00,14.398040924854717,14.57463208209985,14.398040924854717,14.515768051147461,583500,0.0,0.0
2024-05-02 00:00:00-04:00,14.645268506789533,14.753184802282306,14.613874045961742,14.672738075256348,1263500,0.0,0.0
2024-05-03 00:00:00-04:00,14.694320702611627,14.800275954834463,14.659003220816015,14.757108688354492,1121500,0.0,0.0
2024-05-06 00:00:00-04:00,14.706093755040053,14.753184979039936,14.68451105705012,14.69235897064209,820000,0.0,0.0
2024-05-07 00:00:00-04:00,14.368608481272565,14.611911568018607,13.954601118826403,13.997767448425293,1165500,0.0,0.0
2024-05-08 00:00:00-04:00,14.044858214809295,14.111570153157711,13.93694192650556,14.02916145324707,652000,0.0,0.0
2024-05-09 00:00:00-04:00,13.85060853400684,13.85060853400684,13.544517468880601,13.628889083862305,1736500,0.0,0.0
2024-05-10 00:00:00-04:00,13.65832074609244,13.74072944789562,13.56413923894424,13.57198715209961,2842000,0.0,0.0
2024-05-13 00:00:00-04:00,13.640662091987553,13.776047950891966,13.640662091987553,13.711297988891602,1368000,0.0,0.0
2024-05-14 00:00:00-04:00,13.695601125327734,13.732881519610567,13.538631635049681,13.670093536376953,1973000,0.0,0.0
2024-05-15 00:00:00-04:00,13.734843082582032,13.756426714306803,13.617115968433332,13.666169166564941,1599000,0.0,0.0
2024-05-16 00:00:00-04:00,13.648510258266263,13.65635910722868,13.54059396480197,13.597495079040527,1186500,0.0,0.0
2024-05-17 00:00:00-04:00,13.573950586270364,13.573950586270364,13.373813823346024,13.39343547821045,1084000,0.0,0.0
2024-05-20 00:00:00-04:00,13.411093611481064,13.538631555485455,13.411093611481064,13.481729507446289,1150000,0.0,0.0
2024-05-21 00:00:00-04:00,13.507237216070875,13.570025199492493,13.45622203801656,13.522934913635254,1074500,0.0,0.0
2024-05-22 00:00:00-04:00,13.583760352990238,13.76427545938769,13.583760352990238,13.674017906188965,2169500,0.0,0.0
2024-05-23 00:00:00-04:00,13.719147388454966,13.719147388454966,13.60926817866745,13.658321380615234,1631500,0.0,0.0
2024-05-24 00:00:00-04:00,13.65635868491769,13.70541188428889,13.56021426445222,13.642623901367188,1287000,0.0,0.0
2024-05-28 00:00:00-04:00,13.819214521913056,13.938903612784435,13.785858085631562,13.919281959533691,1245500,0.0,0.0
2024-05-29 00:00:00-04:00,13.929093265963777,14.027199664373041,13.801555322276515,13.838835716247559,2055000,0.0,0.0
2024-05-30 00:00:00-04:00,13.768199622643897,13.795669189256953,13.648509593757367,13.70737361907959,1827500,0.0,0.0
2024-05-31 00:00:00-04:00,13.636736873763308,13.654396549276113,13.356154335544183,13.47584342956543,1896000,0.0,0.0
2024-06-03 00:00:00-04:00,13.597494894293282,13.732881689480559,13.528820975350158,13.626927375793457,1440500,0.0,0.0
2024-06-04 00:00:00-04:00,13.536669467740946,13.552366229427173,13.42679026471345,13.489578247070312,914000,0.0,0.0
2024-06-05 00:00:00-04:00,13.624964225650858,13.699525013846127,13.593570701995986,13.642623901367188,1831500,0.0,0.0
2024-06-06 00:00:00-04:00,13.707373856800695,13.862381367956845,13.69560105153208,13.80351734161377,607500,0.0,0.0
2024-06-07 00:00:00-04:00,14.08017752029714,14.123343851225574,13.98207111700924,14.001692771911621,1420500,0.0,0.0
2024-06-10 00:00:00-04:00,14.091950102058775,14.266578336975819,14.091950102058775,14.241070747375488,1007000,0.0,0.0
2024-06-11 00:00:00-04:00,14.166510644007236,14.178283450210078,14.086063914631175,14.131193161010742,968000,0.0,0.0
2024-06-12 00:00:00-04:00,14.154738063913529,14.207715221364834,14.031124072785824,14.066442489624023,1753000,0.0,0.0
2024-06-13 00:00:00-04:00,14.299934285184932,14.299934285184932,14.17632029809533,14.258729934692383,1396500,0.0,0.0
2024-06-14 00:00:00-04:00,14.207715705370502,14.26461682142714,14.086063688432011,14.0978364944458,1236000,0.0,0.0
2024-06-17 00:00:00-04:00,14.062517327193603,14.123343332422213,13.972259776304556,14.068404197692871,1479500,0.0,0.0
2024-06-18 00:00:00-04:00,14.031123920860365,14.056631510143099,13.836874033771537,13.899662017822266,1495500,0.0,0.0
2024-06-20 00:00:00-04:00,13.8702307253359,13.997768682682828,13.864344789894682,13.883966445922852,1797000,0.0,0.0
2024-06-21 00:00:00-04:00,13.876117166156849,14.070367063875086,13.876117166156849,14.040935516357422,1715000,0.0,0.0
2024-06-24 00:00:00-04:00,14.097835803095476,14.199866159803465,14.084101019354938,14.144927024841309,664500,0.0,0.0
2024-06-25 00:00:00-04:00,14.137078040504262,14.146888867542598,14.048782468383155,14.089987754821777,1587500,0.0,0.0
2024-06-26 00:00:00-04:00,14.109609257124326,14.141002782656669,14.03897335687055,14.13315486907959,889500,0.0,0.0
2024-06-27 00:00:00-04:00,14.441207411290826,14.872873517671863,14.398040145724334,14.794388771057129,1714500,0.0,0.0
2024-06-28 00:00:00-04:00,14.88464617134579,15.07497210096987,14.880722214738686,14.949396133422852,1243000,0.0,0.0
2024-07-01 00:00:00-04:00,14.933700213525988,14.949396976451546,14.741412294754825,14.796351432800293,1557500,0.0,0.0
2024-07-02 00:00:00-04:00,14.788502651752621,14.965092861628644,14.733562581317534,14.935661315917969,1063000,0.0,0.0
2024-07-03 00:00:00-04:00,15.021995836406864,15.06712414690441,14.900343818242648,14.921927452087402,808500,0.0,0.0
2024-07-05 00:00:00-04:00,15.133836237262393,15.320238223147307,15.09066990476843,15.312389373779297,721500,0.0,0.0
2024-07-08 00:00:00-04:00,15.290805324189973,15.314349998989442,15.165229359070361,15.210357666015625,1675500,0.0,0.0
2024-07-09 00:00:00-04:00,15.310425586147334,15.310425586147334,15.155418080439254,15.241751670837402,1260000,0.0,0.0
2024-07-10 00:00:00-04:00,15.267260070297791,15.390873124426422,15.23390363216735,15.34770679473877,1141500,0.0,0.0
2024-07-11 00:00:00-04:00,15.388910591630873,15.571387666587738,15.388910591630873,15.449736595153809,1011500,0.0,0.0
2024-07-12 00:00:00-04:00,15.561577933209627,15.724433356186797,15.561577933209627,15.616517066955566,1264500,0.0,0.0
2024-07-15 00:00:00-04:00,15.71266257403782,15.851973331916446,15.575313794555624,15.783297538757324,1948000,0.0,0.0
2024-07-16 00:00:00-04:00,15.624365376288635,15.634176203452663,15.292767651529884,15.396759986877441,2845000,0.0,0.0
2024-07-17 00:00:00-04:00,15.396760499725563,15.522335536282368,15.310426901908004,15.441888809204102,1386500,0.0,0.0
2024-07-18 00:00:00-04:00,15.490941764548177,15.58512327437013,15.430115757807421,15.506638526916504,775000,0.0,0.0
2024-07-19 00:00:00-04:00,15.483093420975678,15.492904248630634,15.259411976992366,15.328085899353027,530000,0.0,0.0
2024-07-22 00:00:00-04:00,15.702851168124214,15.746016562479946,15.598857896435304,15.710699081420898,1009000,0.0,0.0
2024-07-23 00:00:00-04:00,15.893176837552614,15.897100794136222,15.785259610995714,15.873555183410645,876000,0.0,0.0
2024-07-24 00:00:00-04:00,15.808805482525315,15.89513814246074,15.68715347030688,15.710699081420898,1820000,0.0,0.0
2024-07-25 00:00:00-04:00,15.82254158666716,15.952041522987983,15.795072016612691,15.861783027648926,791500,0.0,0.0
2024-07-26 00:00:00-04:00,15.934381196699038,16.08546381697714,15.924570369623016,15.936342239379883,1251500,0.0,0.0
2024-07-29 00:00:00-04:00,15.936341823145767,16.26401557978605,15.930456824033008,16.093311309814453,804500,0.0,0.0
2024-07-30 00:00:00-04:00,16.13653413339464,16.13653413339464,15.812856959538692,15.913512229919434,1552500,0.0958,0.0
2024-07-31 00:00:00-04:00,15.92930327057567,16.18193056900579,15.895750883997003,16.04180145263672,1588000,0.0,0.0
2024-08-01 00:00:00-04:00,16.179956285843865,16.367453257819047,16.179956285843865,16.28850746154785,1051000,0.0,0.0
2024-08-02 00:00:00-04:00,16.215480687747316,16.43060858704112,16.18193018418275,16.420740127563477,1163000,0.0,0.0
2024-08-05 00:00:00-04:00,16.00035598040696,16.047721954674216,15.69049235053628,15.945094108581543,1356500,0.0,0.0
2024-08-06 00:00:00-04:00,16.055616448535623,16.23521751626622,15.982590225251071,16.130615234375,1868000,0.0,0.0
2024-08-07 00:00:00-04:00,16.329953646204896,16.584553506404998,16.31416373427419,16.322059631347656,1946000,0.0,0.0
2024-08-08 00:00:00-04:00,16.436531050179475,16.608238114776558,16.402978662334917,16.554948806762695,1497000,0.0,0.0
2024-08-09 00:00:00-04:00,16.631921524172633,16.66942091843905,16.49179240688403,16.56876564025879,1135000,0.0,0.0
2024-08-12 00:00:00-04:00,16.355610953970395,16.36942642176995,16.219430720896078,16.231271743774414,909000,0.0,0.0
2024-08-13 00:00:00-04:00,16.294426106473736,16.505606993561177,16.294426106473736,16.44442367553711,781000,0.0,0.0
2024-08-14 00:00:00-04:00,16.07140350341797,16.22732251774008,16.031931550336665,16.07140350341797,785000,0.0,0.0
2024-08-15 00:00:00-04:00,16.10693256717265,16.146404525732418,16.077327186590576,16.091142654418945,507500,0.0,0.0
2024-08-16 00:00:00-04:00,16.091141896552376,16.191799056460834,16.06548540702935,16.13850975036621,746500,0.0,0.0
2024-08-19 00:00:00-04:00,16.205613905583114,16.375346512690427,16.205613905583114,16.335874557495117,755000,0.0,0.0
2024-08-20 00:00:00-04:00,16.33192657387307,16.47995159016052,16.302323076388593,16.416793823242188,725000,0.0,0.0
2024-08-21 00:00:00-04:00,16.59836955779762,16.624027930311197,16.485871372148868,16.620079040527344,864500,0.0,0.0
2024-08-22 00:00:00-04:00,16.523369488057988,16.523369488057988,16.24903272008183,16.30429458618164,579500,0.0,0.0
2024-08-23 00:00:00-04:00,16.383240852338247,16.383240852338247,16.183902863217355,16.21548080444336,1380500,0.0,0.0
2024-08-26 00:00:00-04:00,16.174033650802958,16.333899676503982,16.16021818452115,16.262847900390625,496000,0.0,0.0
2024-08-27 00:00:00-04:00,16.239164637671326,16.347715809867125,16.23719207510264,16.280611038208008,823500,0.0,0.0
2024-08-28 00:00:00-04:00,16.280610317667186,16.54705306551047,16.280610317667186,16.424686431884766,632500,0.0,0.0
2024-08-29 00:00:00-04:00,16.40100712089539,16.40100712089539,16.231272608416532,16.237194061279297,482000,0.0,0.0
2024-08-30 00:00:00-04:00,16.483898000558394,16.491792015306128,16.375346827804133,16.474029541015625,854000,0.0,0.0
2024-09-03 00:00:00-04:00,16.164164847285665,16.197717231031152,15.923380473728752,16.00627326965332,754500,0.0,0.0
2024-09-04 00:00:00-04:00,16.0260110702676,16.172061634620523,16.0260110702676,16.130615234375,1365000,0.0,0.0
2024-09-05 00:00:00-04:00,15.905619466414203,15.905619466414203,15.692466005189004,15.718123435974121,1129000,0.0,0.0
2024-09-06 00:00:00-04:00,15.7654904725826,15.868120196527792,15.62536135403373,15.631282806396484,1150000,0.0,0.0
2024-09-09 00:00:00-04:00,15.722070531987589,15.838514781936295,15.6510187504403,15.712202072143555,1065000,0.0,0.0
2024-09-10 00:00:00-04:00,15.761542850003714,15.761542850003714,15.55430990644881,15.570098876953125,905500,0.0,0.0
2024-09-11 00:00:00-04:00,15.6253611646185,15.672729018513808,15.510890419551707,15.6431245803833,584500,0.0,0.0
2024-09-12 00:00:00-04:00,15.660887704420732,15.862199209606956,15.637203776491022,15.838515281677246,1063500,0.0,0.0
2024-09-13 00:00:00-04:00,15.78917448490965,15.923382151819048,15.783253973623118,15.862198829650879,1049000,0.0,0.0
2024-09-16 00:00:00-04:00,15.868119615387181,15.868119615387181,15.678649145556262,15.726016998291016,505500,0.0,0.0
2024-09-17 00:00:00-04:00,15.846410617662492,15.846410617662492,15.656940142046269,15.696413040161133,514000,0.0,0.0
2024-09-18 00:00:00-04:00,15.562205504293228,15.668782235979428,15.508916197341994,15.550363540649414,439500,0.0,0.0
2024-09-19 00:00:00-04:00,15.577994599803693,15.577994599803693,15.414181552346694,15.463522911071777,592500,0.0,0.0
2024-09-20 00:00:00-04:00,15.485232414849095,15.512863348227725,15.386549703261348,15.501021385192871,1031500,0.0,0.0
2024-09-23 00:00:00-04:00,15.872066360968246,15.872066360968246,15.65299239845343,15.662859916687012,316500,0.0,0.0
2024-09-24 00:00:00-04:00,15.629309046047416,15.860225921132972,15.526679323787167,15.686544418334961,936500,0.0,0.0
2024-09-25 00:00:00-04:00,15.724043723710054,15.814830540927597,15.668781855453078,15.692465782165527,497500,0.0,0.0
2024-09-26 00:00:00-04:00,15.822727008881557,15.856279396452829,15.690491903483837,15.775359153747559,487000,0.0,0.0
2024-09-27 00:00:00-04:00,15.759569736475635,15.905619364195342,15.710228378958567,15.724043846130371,629500,0.0,0.0
2024-09-30 00:00:00-04:00,15.735885877103067,15.978643776067107,15.625361198146233,15.680624008178711,972500,0.0,0.0
2024-10-01 00:00:00-04:00,15.603651400337972,15.74575401834606,15.534573124471805,15.720096588134766,837500,0.0,0.0
2024-10-02 00:00:00-04:00,15.696412844129062,15.72601728206845,15.615493545170409,15.64904499053955,716000,0.0,0.0
2024-10-03 00:00:00-04:00,15.670755157656908,15.751674455293843,15.652992683405026,15.704306602478027,806500,0.0,0.0
2024-10-04 00:00:00-04:00,15.591809043477994,15.662859880134377,15.433917458812186,15.447732925415039,675000,0.0,0.0
2024-10-07 00:00:00-04:00,15.404312416405062,15.47536419571723,15.238526813559538,15.327340126037598,552500,0.0,0.0
2024-10-08 00:00:00-04:00,15.528653556867207,15.581941924219358,15.469443736971394,15.542469024658203,814000,0.0,0.0
2024-10-09 00:00:00-04:00,15.479311846960933,15.617467462853655,15.479311846960933,15.544442176818848,924500,0.0,0.0
2024-10-10 00:00:00-04:00,15.370761610771538,15.370761610771538,15.169449168789777,15.248394966125488,1022000,0.0,0.0
2024-10-11 00:00:00-04:00,15.354972352905676,15.54641539026177,15.354972352905676,15.443785667419434,813500,0.0,0.0
2024-10-14 00:00:00-04:00,15.566152058868507,15.633255890158813,15.491153271676003,15.558257102966309,919500,0.0,0.0
2024-10-15 00:00:00-04:00,15.558257899002813,15.716149496260416,15.506943035783276,15.607599258422852,1638000,0.0,0.0
2024-10-16 00:00:00-04:00,15.73588603409322,15.73588603409322,15.601678367907104,15.631282806396484,810500,0.0,0.0
2024-10-17 00:00:00-04:00,15.639175872908327,15.751674049896499,15.572072043885022,15.749700546264648,802500,0.0,0.0
2024-10-18 00:00:00-04:00,15.781279218540977,15.781279218540977,15.65299300654796,15.724043846130371,727000,0.0,0.0
2024-10-21 00:00:00-04:00,15.789174270535746,15.789174270535746,15.47339108627963,15.540494918823242,694500,0.0,0.0
2024-10-22 00:00:00-04:00,15.42207623007725,15.727990954654455,15.42207623007725,15.718123435974121,669500,0.0,0.0
2024-10-23 00:00:00-04:00,15.581941512795831,15.623387915074474,15.283920799590156,15.410234451293945,645500,0.0,0.0
2024-10-24 00:00:00-04:00,15.447733390984823,15.447733390984823,15.276025393433077,15.29970932006836,742500,0.0,0.0
2024-10-25 00:00:00-04:00,15.299709124919351,15.307604080733114,15.058924736450786,15.074713706970215,746000,0.0,0.0
2024-10-28 00:00:00-04:00,15.24050069964541,15.481285095214844,15.24050069964541,15.481285095214844,906500,0.0,0.0
2024-10-29 00:00:00-04:00,15.001688507574023,15.08458225020037,14.8023505185279,14.831954956054688,718000,0.0,0.0
2024-10-30 00:00:00-04:00,14.604986312941676,14.831955240175024,14.553671451654605,14.636564254760742,944500,0.0,0.0
2024-10-31 00:00:00-04:00,14.636564763889917,14.776693885441128,14.49051513095723,14.585249900817871,887000,0.0,0.0
2024-11-01 00:00:00-04:00,14.69380054088491,14.713536519207931,14.59314432222396,14.65827465057373,483500,0.0,0.0
2024-11-04 00:00:00-05:00,14.778667107341121,14.778667107341121,14.585249622613356,14.603013038635254,696500,0.0,0.0
2024-11-05 00:00:00-05:00,14.960243081419154,15.108267160912513,14.328676687126944,14.417490005493164,493400,0.0,5.0
2024-11-06 00:00:00-05:00,15.09839756360948,15.2069477941761,14.940505976927815,14.999714851379395,547800,0.0,0.0
2024-11-07 00:00:00-05:00,14.999715011387657,15.078660805570637,14.802350525930208,14.891164779663086,516800,0.0,0.0
2024-11-08 00:00:00-05:00,14.792482375888927,14.970110887071268,14.792482375888927,14.910901069641113,483100,0.0,0.0
2024-11-11 00:00:00-05:00,14.901033714354224,14.989847029810942,14.802350997924805,14.802350997924805,388400,0.0,0.0
2024-11-12 00:00:00-05:00,14.703668447924937,14.753009806698136,14.50630395394028,14.575382232666016,708100,0.0,0.0
2024-11-13 00:00:00-05:00,14.526040393678953,14.526040393678953,14.318807446568906,14.368148803710938,703600,0.0,0.0
2024-11-14 00:00:00-05:00,14.27933517946974,14.30893961861867,13.993156424741693,14.05236530303955,1154000,0.0,0.0
2024-11-15 00:00:00-05:00,13.993156271256748,14.052365148905167,13.825396216072654,13.983287811279297,961200,0.0,0.0
2024-11-18 00:00:00-05:00,13.914210319519043,13.993156116247844,13.78592316455771,13.914210319519043,1882000,0.0,0.0
2024-11-19 00:00:00-05:00,13.933945516068725,14.16091537475586,13.914209538548324,14.16091537475586,1007800,0.0,0.0
2024-11-20 00:00:00-05:00,14.190519966131152,14.210255943866485,14.05236435755145,14.111574172973633,1060300,0.0,0.0
2024-11-21 00:00:00-05:00,13.864868155112006,14.062232635458226,13.746449466904275,13.805658340454102,1591000,0.0,0.0
2024-11-22 00:00:00-05:00,14.052364666856773,14.111574483582219,13.933945974513993,14.01289176940918,1343000,0.0,0.0
2024-11-25 00:00:00-05:00,14.012891770598827,14.23986163677284,14.012891770598827,14.13131046295166,1672500,0.0,0.0
2024-11-26 00:00:00-05:00,14.131310467507559,14.160915846436396,13.864868644904812,13.953682899475098,2485900,0.0,0.0
2024-11-27 00:00:00-05:00,13.874738050018362,13.95368385032533,13.776055329080561,13.894474029541016,2125000,0.0,0.0
2024-11-29 00:00:00-05:00,13.914210002011428,14.022760234759494,13.914210002011428,13.953682899475098,565500,0.0,0.0
2024-12-02 00:00:00-05:00,14.131310150708968,14.160915528974105,14.022759920394403,14.111574172973633,1640500,0.0,0.0
2024-12-03 00:00:00-05:00,14.062232816973163,14.14117861013068,13.973418564393933,14.111574172973633,1387100,0.0,0.0
2024-12-04 00:00:00-05:00,14.072101586134625,14.091837564304367,13.963550412322661,14.01289176940918,1972700,0.0,0.0
2024-12-05 00:00:00-05:00,14.348412359594303,14.378016798416702,14.210256743242867,14.279335021972656,1303600,0.0,0.0
2024-12-06 00:00:00-05:00,14.3681489532182,14.397753391368221,14.229993340004558,14.378016471862793,1021200,0.0,0.0
2024-12-09 00:00:00-05:00,14.368149279547996,14.53590839361369,14.279335021972656,14.279335021972656,1371000,0.0,0.0
2024-12-10 00:00:00-05:00,14.21025625785355,14.21025625785355,14.10170602514048,14.13131046295166,1147300,0.0,0.0
2024-12-11 00:00:00-05:00,14.308939298498016,14.358280656714463,14.200389063308338,14.269466400146484,1692300,0.0,0.0
2024-12-12 00:00:00-05:00,14.289202373210442,14.338543731407698,14.210256576538086,14.210256576538086,1715300,0.0,0.0
2024-12-13 00:00:00-05:00,14.308939298498016,14.387885095201078,14.249729480416653,14.269466400146484,1464500,0.0,0.0
2024-12-16 00:00:00-05:00,14.417489369600702,14.654327698122538,14.40762185095622,14.496435165405273,1541300,0.0,0.0
2024-12-17 00:00:00-05:00,14.407622328867555,14.407622328867555,14.259598250992825,14.289202690124512,1604400,0.0,0.0
2024-12-18 00:00:00-05:00,14.545776207576996,14.683931817792601,14.338543262807637,14.358280181884766,1609300,0.0,0.0
2024-12-19 00:00:00-05:00,14.970110092848994,15.12800167614182,14.861559864612197,14.920768737792969,1848300,0.0,0.0
2024-12-20 00:00:00-05:00,15.256289957865157,15.345104215351896,15.147739721552556,15.167475700378418,2252000,0.0,0.0
2024-12-23 00:00:00-05:00,15.246420543956464,15.305630358945683,15.177343210725777,15.285893440246582,1047600,0.0,0.0
2024-12-24 00:00:00-05:00,15.345104214796459,15.483258889896927,15.315499776004666,15.463522911071777,1327100,0.0,0.0
2024-12-26 00:00:00-05:00,15.345103575829661,15.483258245177398,15.345103575829661,15.364839553833008,1400900,0.0,0.0
2024-12-27 00:00:00-05:00,15.700359498896276,15.82864758967094,15.60167772761221,15.651018142700195,1460700,0.0,0.0
2024-12-30 00:00:00-05:00,15.64115110439542,15.651018623051007,15.46352259308111,15.502995491027832,821600,0.0,0.0
2024-12-31 00:00:00-05:00,15.690490880585886,15.739832236282437,15.53259929524339,15.581940650939941,2183600,0.0,0.0
2025-01-02 00:00:00-05:00,15.53260024862201,15.601678527280384,15.433918472279982,15.463522911071777,1443400,0.0,0.0
2025-01-03 00:00:00-05:00,15.276026091298041,15.32536745052429,15.216817213113062,15.236553192138672,1599000,0.0,0.0
2025-01-06 00:00:00-05:00,15.256288844365217,15.354971554616473,15.206947489239589,15.216815948486328,2410400,0.0,0.0
2025-01-07 00:00:00-05:00,15.30563131603802,15.63128296607218,15.26615841727958,15.463522911071777,2114600,0.0,0.0
2025-01-08 00:00:00-05:00,15.502995181143953,15.611545413050635,15.42404938682853,15.601677894592285,1252400,0.0,0.0
2025-01-10 00:00:00-05:00,15.39444445049536,15.562204493257651,15.167474593360701,15.216815948486328,3905400,0.0,0.0
2025-01-13 00:00:00-05:00,15.009584112940617,15.137871269252194,14.88129695662904,15.108266830444336,2397200,0.0,0.0
2025-01-14 00:00:00-05:00,15.108266031129206,15.14773892782072,14.960241962704963,15.058924674987793,1924000,0.0,0.0
2025-01-15 00:00:00-05:00,15.07866064824224,15.128002004368806,14.979978877097196,15.118133544921875,2361500,0.0,0.0
2025-01-16 00:00:00-05:00,14.703667482005518,14.733272859989475,14.545775897190072,14.634590148925781,2912400,0.0,0.0
2025-01-17 00:00:00-05:00,14.703667640686035,14.743140537315885,14.614854329099943,14.703667640686035,2028200,0.0,0.0
2025-01-21 00:00:00-05:00,14.5753817529496,14.674063526139964,14.526040395800361,14.604986190795898,2556900,0.0,0.0
2025-01-22 00:00:00-05:00,14.595117580922862,14.901033239212984,14.575381602931166,14.891164779663086,3461500,0.0,0.0
2025-01-23 00:00:00-05:00,14.881295603521924,14.881295603521924,13.904340741720585,13.963549613952637,1881600,0.0,0.0
2025-01-24 00:00:00-05:00,13.746450738340423,14.012892576174526,13.726713817926255,13.825396537780762,1781400,0.0,0.0
2025-01-27 00:00:00-05:00,13.568821262703954,13.598425700130496,13.410929674951605,13.470138549804688,1873600,0.0,0.0
2025-01-28 00:00:00-05:00,13.253038084491202,13.391192753192229,13.18395980903259,13.351719856262207,1697500,0.0,0.0
2025-01-29 00:00:00-05:00,13.410929521685533,13.480006855260717,13.312246809914056,13.341852188110352,1280300,0.0,0.0
2025-01-30 00:00:00-05:00,13.509612093064112,13.64776770951105,13.489876114204915,13.628031730651855,1210700,0.0,0.0
2025-01-31 00:00:00-05:00,13.72671269752764,13.795790031122682,13.637898445129395,13.637898445129395,2193500,0.0,0.0
2025-02-03 00:00:00-05:00,13.470138867718335,13.588558502435559,13.430665969848633,13.430665969848633,1744700,0.0,0.0
2025-02-04 00:00:00-05:00,13.647767229145414,13.716844564383472,13.608294331708223,13.657635688781738,1460400,0.0,0.0
2025-02-05 00:00:00-05:00,13.726713186738666,13.815527442302193,13.70697720834017,13.78592300415039,1395000,0.0,0.0
2025-02-06 00:00:00-05:00,13.78592347261214,13.85500081101638,13.70697767411925,13.756318092346191,1830200,0.0,0.0
2025-02-07 00:00:00-05:00,13.766185765494898,13.805658662484888,13.637898615000411,13.706976890563965,1731500,0.0,0.0
2025-02-10 00:00:00-05:00,13.667504629478389,13.667504629478389,13.568821911857983,13.628031730651855,1183600,0.0,0.0
2025-02-11 00:00:00-05:00,13.499744574188584,13.677372148353916,13.489876114204915,13.628031730651855,2160100,0.0,0.0
2025-02-12 00:00:00-05:00,13.63789908745033,13.64776754731672,13.54908483086909,13.618163108825684,1901100,0.0,0.0
2025-02-13 00:00:00-05:00,13.70697657083503,13.835263718337092,13.667503674765786,13.805658340454102,2497300,0.0,0.0
2025-02-14 00:00:00-05:00,13.529348534352115,13.529348534352115,13.381325404266827,13.420798301696777,1802100,0.0,0.0
2025-02-18 00:00:00-05:00,13.450403058604978,13.470139037234139,13.30237898389969,13.381325721740723,3482000,0.0,0.0
2025-02-19 00:00:00-05:00,13.183960123019117,13.213565502252782,12.986595633668614,13.193828582763672,3037700,0.0,0.0
2025-02-20 00:00:00-05:00,13.223433176190241,13.282642994244833,13.164224299243777,13.262906074523926,1760000,0.0,0.0
2025-02-21 00:00:00-05:00,13.085278039401546,13.183959811188691,13.006332245528592,13.174092292785645,1581400,0.0,0.0
2025-02-24 00:00:00-05:00,13.22343302082185,13.322115736050657,13.183960122951948,13.312247276306152,1529000,0.0,0.0
2025-02-25 00:00:00-05:00,12.887914486792786,13.006333186166438,12.848441587001568,12.937254905700684,2148700,0.0,0.0
2025-02-26 00:00:00-05:00,12.917518773372125,13.02606901123533,12.848441434832644,12.86817741394043,1164100,0.0,0.0
2025-02-27 00:00:00-05:00,12.848440955598917,12.868176933970572,12.730021320936519,12.779362678527832,1902600,0.0,0.0
2025-02-28 00:00:00-05:00,12.720152997584,12.720152997584,12.453710248111868,12.611601829528809,2509400,0.0,0.0
2025-03-03 00:00:00-05:00,12.660943828333446,12.749758082677381,12.552393595862027,12.591866493225098,958500,0.0,0.0
2025-03-04 00:00:00-05:00,12.621471728199378,12.700417527912093,12.512921488871438,12.64120864868164,936900,0.0,0.0
2025-03-05 00:00:00-05:00,12.749757766723633,12.868176455878293,12.63133907756897,12.749757766723633,1778000,0.0,0.0
2025-03-06 00:00:00-05:00,12.779362361611353,12.92738643071443,12.759626383729133,12.818835258483887,1062300,0.0,0.0
2025-03-07 00:00:00-05:00,12.818835896244545,12.85830879508093,12.670812760885141,12.739890098571777,1518500,0.0,0.0
2025-03-10 00:00:00-04:00,12.522788210004425,12.651075361639679,12.503052231887981,12.5326566696167,934200,0.0,0.0
2025-03-11 00:00:00-04:00,12.512920853331275,12.631339546885778,12.48331547411156,12.542525291442871,1408600,0.0,0.0
2025-03-12 00:00:00-04:00,12.503052387256304,12.503052387256304,12.335292336195398,12.364896774291992,1509000,0.0,0.0
2025-03-13 00:00:00-04:00,12.345161116066352,12.542525610341933,12.345161116066352,12.503052711486816,1956100,0.0,0.0
2025-03-14 00:00:00-04:00,12.52278789789691,12.552393275995875,12.453710564548825,12.512920379638672,1049700,0.0,0.0
2025-03-17 00:00:00-04:00,13.026068058644405,13.08527787385408,12.996463621593609,13.045804977416992,1804900,0.0,0.0
2025-03-18 00:00:00-04:00,13.193829063838775,13.213565984047536,13.124751725324423,13.164224624633789,1103600,0.0,0.0
2025-03-19 00:00:00-04:00,13.233301636050694,13.30237897285761,13.164224299243777,13.262906074523926,3876200,0.0,0.0
2025-03-20 00:00:00-04:00,13.351719702174314,13.440533954518912,13.331983724491119,13.401061058044434,1820900,0.0,0.0
2025-03-21 00:00:00-04:00,13.519480866874657,13.64776802631585,13.509612406661914,13.529349327087402,1569600,0.0,0.0
2025-03-24 00:00:00-04:00,13.637899566103105,13.66750494674134,13.509612406661914,13.529349327087402,3085900,0.0,0.0
2025-03-25 00:00:00-04:00,13.233300846696618,13.331983557198564,13.183959491445645,13.272773742675781,2381100,0.0,0.0
2025-03-26 00:00:00-04:00,13.134619388188021,13.233301159917607,13.095146491274567,13.114882469177246,2533000,0.0,0.0
2025-03-27 00:00:00-04:00,13.105014651754287,13.174092930568406,13.035937314048311,13.095147132873535,3053400,0.0,0.0
2025-03-28 00:00:00-04:00,12.947122890753915,13.075410045644153,12.947122890753915,13.026068687438965,2048600,0.0,0.0
2025-03-31 00:00:00-04:00,12.927386751278334,13.045805444832398,12.927386751278334,13.016200065612793,2517800,0.0,0.0
2025-04-01 00:00:00-04:00,13.026068050220154,13.065540946631716,12.966859176156856,12.986595153808594,1856800,0.0,0.0
2025-04-02 00:00:00-04:00,12.927386436506701,13.075409564568005,12.917517977007122,13.055672645568848,1364800,0.0,0.0
2025-04-03 00:00:00-04:00,13.105014164775652,13.193828419159104,12.976727013011567,13.06554126739502,2384800,0.0,0.0
2025-04-04 00:00:00-04:00,12.542525445234014,12.670812600101424,12.197136878967285,12.197136878967285,3932400,0.0,0.0
2025-04-07 00:00:00-04:00,12.266214846340638,12.690548257427352,12.118190775498952,12.414237976074219,4173500,0.0,0.0
2025-04-08 00:00:00-04:00,12.581998515398425,12.710285672017818,12.207005505535927,12.266215324401855,3058100,0.0,0.0
2025-04-09 00:00:00-04:00,12.098455113849509,12.868177102592671,12.098455113849509,12.848441123962402,4324200,0.0,0.0
2025-04-10 00:00:00-04:00,12.82870403614328,12.82870403614328,12.21687364889096,12.542525291442871,3042400,0.0,0.0
2025-04-11 00:00:00-04:00,12.670811990710606,13.045804977416992,12.61160217550093,13.045804977416992,2756800,0.0,0.0
2025-04-14 00:00:00-04:00,13.065541429476585,13.124751246836103,12.947122735865669,13.075409889221191,2692400,0.0,0.0
2025-04-15 00:00:00-04:00,13.18395932278131,13.243169136546612,13.114881990978509,13.144486427307129,3117700,0.0,0.0
2025-04-16 00:00:00-04:00,13.14448737952287,13.32211589257852,13.095146962436862,13.262906074523926,4882000,0.0,0.0
2025-04-17 00:00:00-04:00,13.341852661654102,13.549084669734956,13.331984201905074,13.489875793457031,2412400,0.0,0.0
2025-04-21 00:00:00-04:00,13.509611771846966,13.588558508731065,13.450402895569042,13.489875793457031,1183500,0.0,0.0
2025-04-22 00:00:00-04:00,13.618162475693271,13.697108268737793,13.519479763833575,13.697108268737793,4018300,0.0,0.0
2025-04-23 00:00:00-04:00,13.766185271452185,13.766185271452185,13.410929211291766,13.499743461608887,2969400,0.0,0.0
2025-04-24 00:00:00-04:00,13.76618655660455,13.835264836137867,13.657636318920986,13.81552791595459,2094400,0.0,0.0
2025-04-25 00:00:00-04:00,13.558953129362935,13.64776738488715,13.519480231475299,13.608294486999512,1943800,0.0,0.0
2025-04-28 00:00:00-04:00,13.84513235092773,13.884605250174177,13.68724075394195,13.756318092346191,1336600,0.0,0.0
2025-04-29 00:00:00-04:00,13.59842649536041,13.76618655243484,13.588558976379915,13.756318092346191,1712800,0.0,0.0
2025-04-30 00:00:00-04:00,13.785922203486601,13.805658180738861,13.65763505746867,13.736580848693848,1247100,0.0,0.0
2025-05-01 00:00:00-04:00,13.667503985993664,13.726712860891759,13.568821273019374,13.647767066955566,1454500,0.0,0.0
2025-05-02 00:00:00-04:00,13.746450577529426,13.874737735396268,13.746450577529426,13.81552791595459,1236700,0.0,0.0
2025-05-05 00:00:00-04:00,13.776054858172374,13.805659296998474,13.647767701781758,13.687240600585938,1243400,0.0,0.0
2025-05-06 00:00:00-04:00,13.58855883290543,13.58855883290543,13.302379140005135,13.331984519958496,2057500,0.0,0.0
2025-05-07 00:00:00-04:00,13.331983728711586,13.401061062286768,13.272773913427082,13.341852188110352,1843300,0.0,0.0
2025-05-08 00:00:00-04:00,13.20369688444882,13.213565344075242,12.996463937834516,13.006332397460938,1854800,0.0,0.0
2025-05-09 00:00:00-04:00,13.361589112616176,13.568822069134557,13.183960595283805,13.223433494567871,2672000,0.0,0.0
2025-05-12 00:00:00-04:00,13.489876111322616,13.785923323012437,13.233301798450896,13.746450424194336,2353900,0.0,0.0
2025-05-13 00:00:00-04:00,13.845132041550244,14.012892094875978,13.845132041550244,13.914210319519043,2264200,0.0,0.0
2025-05-14 00:00:00-04:00,13.953682899475098,14.121442948972724,13.864868644904812,13.953682899475098,1433100,0.0,0.0
2025-05-15 00:00:00-04:00,14.160916010465336,14.22999334654987,14.012891937430895,14.20038890838623,1150500,0.0,0.0
2025-05-16 00:00:00-04:00,14.10170602631777,14.269466075775316,14.081970048144704,14.24972915649414,1085200,0.0,0.0
2025-05-19 00:00:00-04:00,14.131310785362059,14.289202378768184,14.062233448523912,14.269466400146484,1252500,0.0,0.0
2025-05-20 00:00:00-04:00,14.26946608262934,14.348411877575739,14.220124725510813,14.308938980102539,1629400,0.0,0.0
2025-05-21 00:00:00-04:00,14.269466238241765,14.279334697994711,14.141179084777832,14.141179084777832,1472900,0.0,0.0
2025-05-22 00:00:00-04:00,14.111574802719813,14.18065213953828,14.062233444517425,14.091837882995605,1321900,0.0,0.0
2025-05-23 00:00:00-04:00,14.062234079558058,14.200389700542132,14.0523656192503,14.190521240234375,1383300,0.0,0.0
2025-05-27 00:00:00-04:00,14.31880666334214,14.57538095355982,14.299069745121677,14.555644035339355,1444600,0.0,0.0
2025-05-28 00:00:00-04:00,14.387884781902885,14.456962117236863,14.35828034406091,14.368148803710938,948900,0.0,0.0
2025-05-29 00:00:00-04:00,14.456961326453154,14.57538095355982,14.417488431120285,14.555644035339355,1473300,0.0,0.0
2025-05-30 00:00:00-04:00,14.476698721142409,14.545776054971444,14.437225824510376,14.526040077209473,1612800,0.0,0.0
2025-06-02 00:00:00-04:00,14.437226134396468,14.5457763671875,14.417489215102767,14.5457763671875,1166400,0.0,0.0
2025-06-03 00:00:00-04:00,14.496434690781488,14.535907587391403,14.417488897561658,14.466830253601074,1240500,0.0,0.0
2025-06-04 00:00:00-04:00,14.466829785563386,14.57538095355982,14.427356890230516,14.555644035339355,2184600,0.0,0.0
2025-06-05 00:00:00-04:00,15.137870943978461,15.502995485123613,14.901033556388331,15.325366973876953,3753300,0.0,0.0
2025-06-06 00:00:00-04:00,15.325367297592493,15.374708656326364,15.236553040093153,15.345104217529297,1471100,0.0,0.0
2025-06-09 00:00:00-04:00,15.335235123613582,15.463522274575094,15.30563068604034,15.424049377441406,2384500,0.0,0.0
2025-06-10 00:00:00-04:00,15.710228446372742,15.739832884566772,15.641151110217297,15.680624008178711,1437400,0.0,0.0
2025-06-11 00:00:00-04:00,15.779305463325075,15.82864776116384,15.680623690971858,15.720096588134766,1674300,0.0,0.0
2025-06-12 00:00:00-04:00,15.690492151220663,15.956934928894043,15.680624632168737,15.956934928894043,2194900,0.0,0.0
2025-06-13 00:00:00-04:00,15.720096422470652,15.759569319217581,15.54246791655543,15.591809272766113,1690700,0.0,0.0
2025-06-16 00:00:00-04:00,15.591808951044577,15.680623202169594,15.473390263247245,15.512863159179688,2109800,0.0,0.0
2025-06-17 00:00:00-04:00,15.12800184569284,15.246420534489665,15.019451616239435,15.049056053161621,1600800,0.0,0.0
2025-06-18 00:00:00-04:00,15.078660481376577,15.098397400052026,14.960241792648132,14.989846229553223,1309500,0.0,0.0
2025-06-20 00:00:00-04:00,15.167475376446612,15.177343836202853,14.979979346618627,15.029319763183594,1503400,0.0,0.0
2025-06-23 00:00:00-04:00,15.078661450528335,15.147739729224195,14.9207698554089,15.108266830444336,1858600,0.0,0.0
2025-06-24 00:00:00-04:00,15.22668520569541,15.453654133616421,15.216816745931508,15.384576797485352,1409400,0.0,0.0
2025-06-25 00:00:00-04:00,15.414180752200991,15.502995005074192,15.226684728108305,15.295762062072754,1376500,0.0,0.0
2025-06-26 00:00:00-04:00,15.25628931761088,15.354972030923244,15.108266188750436,15.128002166748047,1511300,0.0,0.0
2025-06-27 00:00:00-04:00,15.039188544697847,15.039188544697847,14.782614232194978,14.871428489685059,1806600,0.0,0.0
2025-06-30 00:00:00-04:00,14.831954956054688,14.930637669288114,14.76287762145615,14.831954956054688,1449500,0.0,0.0
2025-07-01 00:00:00-04:00,14.70366827598107,14.861560810430548,14.70366827598107,14.743141174316406,919000,0.0,0.0
2025-07-02 00:00:00-04:00,14.703668283005356,14.753009641225132,14.614854967539516,14.683932304382324,1200500,0.0,0.0
2025-07-03 00:00:00-04:00,14.88129711151123,14.960242909892605,14.841824212320544,14.88129711151123,583400,0.0,0.0
2025-07-07 00:00:00-04:00,14.920770010701919,15.04905716834869,14.812219773204568,14.88129711151123,1838600,0.0,0.0
2025-07-08 00:00:00-04:00,14.69380092905681,14.743141346721867,14.54577685273721,14.575382232666016,1785000,0.0,0.0
2025-07-09 00:00:00-04:00,14.614854969064769,14.654327867423083,14.496435332881696,14.565513610839844,1499100,0.0,0.0
2025-07-10 00:00:00-04:00,14.506303312939757,14.555644669532674,14.358280184269105,14.476698875427246,2048700,0.0,0.0
2025-07-11 00:00:00-04:00,14.338543580334793,14.3681489596061,14.269466244251323,14.318807601928711,1270700,0.0,0.0
2025-07-14 00:00:00-04:00,14.368148803710938,14.437226139044917,14.348411884410881,14.368148803710938,992300,0.0,0.0
2025-07-15 00:00:00-04:00,14.476699508183879,14.506303946990359,14.338543891906738,14.338543891906738,1430700,0.0,0.0
2025-07-16 00:00:00-04:00,14.387885566037758,14.447095386056734,14.318808226939089,14.417490005493164,1029900,0.0,0.0
2025-07-17 00:00:00-04:00,14.40762185095622,14.53590806330756,14.348412033548732,14.496435165405273,1210300,0.0,0.0
2025-07-18 00:00:00-04:00,14.535908545474243,14.575382385794025,14.269466711072772,14.289202690124512,1074100,0.0,0.0
2025-07-21 00:00:00-04:00,14.40762153846949,14.506303310530836,14.318807284838607,14.358280181884766,1527900,0.0,0.0
2025-07-22 00:00:00-04:00,14.21025673839078,14.279335017096983,14.141179400792721,14.220125198364258,1579500,0.0,0.0
2025-07-23 00:00:00-04:00,14.239861337746289,14.831954787076931,14.239861337746289,14.407621383666992,2118200,0.0,0.0
2025-07-24 00:00:00-04:00,14.555645307841335,14.644459565381737,14.476699510273898,14.516172409057617,1680700,0.0,0.0
2025-07-25 00:00:00-04:00,14.54695273905241,14.586671344498917,14.437726810816077,14.566812515258789,1112600,0.091,0.0
2025-07-28 00:00:00-04:00,14.646249980618352,14.725687192891524,14.576742656620894,14.596601486206055,1227200,0.0,0.0
2025-07-29 00:00:00-04:00,14.666110270398104,14.755476427108015,14.616461774248396,14.656180381774902,1303600,0.0,0.0
2025-07-30 00:00:00-04:00,14.398009100081827,14.487376204631428,13.901526027665213,14.000823020935059,3032200,0.0,0.0
2025-07-31 00:00:00-04:00,14.149766668358957,14.308641089962775,14.08025934564885,14.119977951049805,3049700,0.0,0.0
2025-08-01 00:00:00-04:00,13.871737221515996,13.901525940523696,13.722791732544888,13.841947555541992,1304200,0.0,0.0
2025-08-04 00:00:00-04:00,13.782369802754031,13.82208840951261,13.643354205615873,13.693002700805664,1940700,0.0,0.0
2025-08-05 00:00:00-04:00,13.673143806931565,13.702932525119541,13.56391692863185,13.573846817016602,1117700,0.0,0.0
2025-08-06 00:00:00-04:00,13.40504279801321,13.46462118266955,13.226308591010485,13.236238479614258,1434800,0.0,0.0
2025-08-07 00:00:00-04:00,13.405042230240255,13.56391665330628,13.405042230240255,13.504339218139648,1199200,0.0,0.0
2025-08-08 00:00:00-04:00,13.524198156910254,13.72279118734881,13.524198156910254,13.702932357788086,1112000,0.0,0.0
2025-08-11 00:00:00-04:00,13.732721560366942,13.792299945084713,13.673144122615469,13.72279167175293,781300,0.0,0.0
2025-08-12 00:00:00-04:00,13.712862540724828,13.841947303059069,13.712862540724828,13.812158584594727,783700,0.0,0.0
2025-08-13 00:00:00-04:00,14.080259368051196,14.169626467087094,14.020680986371849,14.159696578979492,927600,0.0,0.0
2025-08-14 00:00:00-04:00,14.179556041749276,14.19941581885178,13.961104175419491,14.010751724243164,1751400,0.0,0.0
2025-08-15 00:00:00-04:00,14.020680964064294,14.139836780267157,14.020680964064294,14.119977951049805,651000,0.0,0.0
2025-08-18 00:00:00-04:00,14.189485992635174,14.378149141106297,14.070330170395577,14.129907608032227,882000,0.0,0.0
2025-08-19 00:00:00-04:00,14.050470610549002,14.11997888482203,13.980963283242287,14.080260276794434,786400,0.0,0.0
2025-08-20 00:00:00-04:00,14.080259532359124,14.100118361839812,14.000822320503843,14.030611038208008,743700,0.0,0.0
2025-08-21 00:00:00-04:00,14.318571090698242,14.348359808241742,14.080259456417728,14.318571090698242,1653800,0.0,0.0
2025-08-22 00:00:00-04:00,14.328501741559158,14.487376172869551,14.318571852860682,14.407938957214355,1032200,0.0,0.0
2025-08-25 00:00:00-04:00,14.437726930177678,14.477445535952553,14.308641224667772,14.35828971862793,931600,0.0,0.0
2025-08-26 00:00:00-04:00,14.179555617915955,14.249063888730792,14.04054097021881,14.110048294067383,717100,0.0,0.0
2025-08-27 00:00:00-04:00,14.100118658252045,14.239134255404297,14.02068144472684,14.139837265014648,515700,0.0,0.0
2025-08-28 00:00:00-04:00,14.129907123610003,14.139837011864447,14.020681193709924,14.110048294067383,836700,0.0,0.0
2025-08-29 00:00:00-04:00,14.080259807216612,14.219274457193894,13.990892705393343,14.100118637084961,920300,0.0,0.0
2025-09-02 00:00:00-04:00,14.100118594391011,14.110048482778259,13.980962774642872,14.020681381225586,755700,0.0,0.0
2025-09-03 00:00:00-04:00,14.110048757263371,14.179556083393686,14.070330149908004,14.090188980102539,671900,0.0,0.0
2025-09-04 00:00:00-04:00,14.030611522007396,14.100118848035931,13.971033137578441,14.050470352172852,742100,0.0,0.0
2025-09-05 00:00:00-04:00,14.15969662365991,14.2490637229778,14.12990695924311,14.239133834838867,678000,0.0,0.0
2025-09-08 00:00:00-04:00,14.070329479943597,14.179555408228442,14.050469703728398,14.159696578979492,663000,0.0,0.0
2025-09-09 00:00:00-04:00,14.398008390502554,14.527094096605081,14.398008390502554,14.477445602416992,679600,0.0,0.0
2025-09-10 00:00:00-04:00,14.586671532057778,14.586671532057778,14.457586772921514,14.477445602416992,760300,0.0,0.0
2025-09-11 00:00:00-04:00,14.52709441357683,14.62639045715332,14.43772731148159,14.62639045715332,581600,0.0,0.0
2025-09-12 00:00:00-04:00,14.656179846952307,14.656179846952307,14.507234363938398,14.556882858276367,904400,0.0,0.0
2025-09-15 00:00:00-04:00,14.576743337735598,14.745547658445226,14.497306121750634,14.527094841003418,903400,0.0,0.0
2025-09-16 00:00:00-04:00,14.566813020400682,14.666110010943456,14.566813020400682,14.62639045715332,552700,0.0,0.0
2025-09-17 00:00:00-04:00,14.656179955479853,14.954069976747254,14.606531460774242,14.755475997924805,1598600,0.0,0.0
2025-09-18 00:00:00-04:00,14.805124238355692,14.805124238355692,14.695898309452295,14.725687026977539,552100,0.0,0.0
2025-09-19 00:00:00-04:00,14.745546825515904,14.864702642762616,14.725687049158324,14.765405654907227,922400,0.0,0.0
2025-09-22 00:00:00-04:00,14.606531803397578,14.61646169196488,14.47744609292155,14.497305870056152,571600,0.0,0.0
2025-09-23 00:00:00-04:00,14.487376172869551,14.497306061568029,14.338430683291326,14.407938957214355,977500,0.0,0.0
2025-09-24 00:00:00-04:00,14.398008788729895,14.546953328447481,14.308641686112827,14.338430404663086,861300,0.0,0.0
2025-09-25 00:00:00-04:00,14.25899304237035,14.25899304237035,14.020681402512258,14.060400009155273,914300,0.0,0.0
2025-09-26 00:00:00-04:00,13.990892246755141,14.159696556450758,13.961103529445987,14.119977951049805,1214500,0.0,0.0
2025-09-29 00:00:00-04:00,14.020681061031375,14.020681061031375,13.83201792081361,13.871736526489258,1054100,0.0,0.0
2025-09-30 00:00:00-04:00,13.871737241765487,13.911455849489169,13.742651529921947,13.88166618347168,1510900,0.0,0.0
2025-10-01 00:00:00-04:00,13.980962816976028,14.110048525502275,13.901525603570073,14.100118637084961,1529600,0.0,0.0
2025-10-02 00:00:00-04:00,14.03061148056646,14.11997858346279,13.871737051846893,13.971033096313477,977300,0.0,0.0
2025-10-03 00:00:00-04:00,14.010751514109934,14.100118615798289,13.931314300823905,14.060400009155273,1127000,0.0,0.0
2025-10-06 00:00:00-04:00,14.100118339665997,14.139836945531176,13.99089241027832,13.99089241027832,787200,0.0,0.0
2025-10-07 00:00:00-04:00,14.010751682625257,14.010751682625257,13.931314468383789,13.931314468383789,1055800,0.0,0.0
2025-10-08 00:00:00-04:00,13.861807121899746,13.971033054576575,13.851877233392864,13.891595840454102,886100,0.0,0.0
2025-10-09 00:00:00-04:00,13.961103736407452,14.080259554376697,13.901525353939697,14.070329666137695,858800,0.0,0.0
2025-10-10 00:00:00-04:00,14.010751142474673,14.378148480918917,14.010751142474673,14.239133834838867,1066500,0.0,0.0
2025-10-13 00:00:00-04:00,14.199415711877624,14.298711755743197,14.100118721045764,14.258993148803711,1048600,0.0,0.0
2025-10-14 00:00:00-04:00,14.040540837352326,14.040540837352326,13.822088032653134,13.871736526489258,2175000,0.0,0.0
2025-10-15 00:00:00-04:00,13.861807163310347,13.980962984850024,13.851877274773802,13.971033096313477,1088500,0.0,0.0
2025-10-16 00:00:00-04:00,14.010751075972493,14.209345049943513,14.010751075972493,14.119977951049805,1167700,0.0,0.0
2025-10-17 00:00:00-04:00,13.901525502736519,14.358289949990796,13.901525502736519,14.348360061645508,802800,0.0,0.0
2025-10-20 00:00:00-04:00,14.507234178145461,14.656179659251839,14.447656743275914,14.646249771118164,892500,0.0,0.0
2025-10-21 00:00:00-04:00,14.61646151567207,14.695898729319774,14.61646151567207,14.62639045715332,513600,0.0,0.0
2025-10-22 00:00:00-04:00,14.67603855523063,14.844842866405035,14.67603855523063,14.765405654907227,716900,0.0,0.0
2025-10-23 00:00:00-04:00,14.606531330627249,14.646249936644583,14.477445624329345,14.51716423034668,837300,0.0,0.0
2025-10-24 00:00:00-04:00,14.815054226536482,14.83491305603196,14.477445602416992,14.477445602416992,988400,0.0,0.0
2025-10-27 00:00:00-04:00,14.437727656144142,14.55688347946023,14.189486120827382,14.368220329284668,1646000,0.0,0.0
2025-10-28 00:00:00-04:00,14.258993279272405,14.556883307527368,14.258993279272405,14.497305870056152,1319400,0.0,0.0
2025-10-29 00:00:00-04:00,13.851877411164976,13.901525907370274,13.04757537111111,13.315675735473633,3612100,0.0,0.0
2025-10-30 00:00:00-04:00,13.434831578666367,13.563917290210394,13.345464474753863,13.35539436340332,1193300,0.0,0.0
2025-10-31 00:00:00-04:00,13.22630857048336,13.285886955047236,13.107152748321905,13.19651985168457,1450300,0.0,0.0
2025-11-03 00:00:00-05:00,13.315675735473633,13.395112950615587,13.295816905171295,13.315675735473633,1136700,0.0,0.0
2025-11-04 00:00:00-05:00,13.345464012451743,13.424902171929263,13.28588657655144,13.375253677368164,1416100,0.0,0.0
2025-11-05 00:00:00-05:00,13.325604901007864,13.395112223743757,13.29581618368766,13.305745124816895,971700,0.0,0.0
2025-11-06 00:00:00-05:00,13.335535071112538,13.424902171929263,13.275956688245964,13.375253677368164,1093300,0.0,0.0
2025-11-07 00:00:00-05:00,13.38518285037413,13.42490240428348,13.295816694976953,13.365324020385742,911100,0.0,0.0
2025-11-10 00:00:00-05:00,13.365323580344102,13.444760791614828,13.345463804043293,13.424901962280273,737800,0.0,0.0
2025-11-11 00:00:00-05:00,13.434830829879537,13.752580620188326,13.434830829879537,13.712862014770508,941800,0.0,0.0
2025-11-12 00:00:00-05:00,13.802228189329048,13.832017853665862,13.70293214910509,13.752580642700195,1057800,0.0,0.0
2025-11-13 00:00:00-05:00,13.722791461322608,13.921385442692333,13.693002742903664,13.772439956665039,968000,0.0,0.0
2025-11-14 00:00:00-05:00,13.722791732544888,13.881666163207694,13.722791732544888,13.841947555541992,894000,0.0,0.0
2025-11-17 00:00:00-05:00,13.613565343152462,13.951173970509014,13.613565343152462,13.861806869506836,1002000,0.0,0.0
2025-11-18 00:00:00-05:00,13.851877491200133,13.97103331460154,13.732721667798728,13.921385765075684,1155800,0.0,0.0
2025-11-19 00:00:00-05:00,13.931314005964323,14.00082227634315,13.901525288354117,13.951173782348633,857500,0.0,0.0
2025-11-20 00:00:00-05:00,13.931314639077891,13.9809631353287,13.792299985935186,13.802228927612305,676600,0.0,0.0
2025-11-21 00:00:00-05:00,13.782369866130386,13.911455575430914,13.742651259189168,13.812158584594727,900100,0.0,0.0
2025-11-24 00:00:00-05:00,13.74265136614383,13.752581254697988,13.54405832989216,13.56391716003418,1109500,0.0,0.0
2025-11-25 00:00:00-05:00,13.693002512925291,13.822088219861062,13.643354018416721,13.782369613647461,1497100,0.0,0.0
2025-11-26 00:00:00-05:00,13.83201840334539,13.891595840454102,13.782369907777271,13.891595840454102,1017700,0.0,0.0
2025-11-28 00:00:00-05:00,13.851876794359601,13.961103670540789,13.782369470947033,13.951173782348633,771100,0.0,0.0
2025-12-01 00:00:00-05:00,13.911455829181698,13.9611043255054,13.841947555541992,13.841947555541992,1067300,0.0,0.0
2025-12-02 00:00:00-05:00,14.050470570603673,14.100119067238596,13.951174524300136,14.000823020935059,1010100,0.0,0.0
2025-12-03 00:00:00-05:00,13.990892432280368,14.070329644135649,13.980962544056894,14.030611038208008,613800,0.0,0.0
2025-12-04 00:00:00-05:00,14.01075198266154,14.090189198604135,14.01075198266154,14.040541648864746,778500,0.0,0.0
2025-12-05 00:00:00-05:00,14.03061154255264,14.110048757263371,14.000822823777689,14.090188980102539,816200,0.0,0.0
2025-12-08 00:00:00-05:00,14.010751127657871,14.050469733205345,13.544057749216599,13.792299270629883,1571900,0.0,0.0
2025-12-09 00:00:00-05:00,13.653284345387446,13.83201855257446,13.653284345387446,13.72279167175293,961100,0.0,0.0
2025-12-10 00:00:00-05:00,13.812158795860114,13.812158795860114,13.683073084585143,13.762510299682617,870500,0.0,0.0
2025-12-11 00:00:00-05:00,13.9710326338626,14.04054090435136,13.911455198547964,13.99089241027832,1663900,0.0,0.0
2025-12-12 00:00:00-05:00,13.990893091984926,14.06040041889417,13.871737268583521,13.921385765075684,1571000,0.0,0.0
2025-12-15 00:00:00-05:00,13.921385086755825,14.02068112793564,13.901525310340105,13.99089241027832,1987600,0.0,0.0
2025-12-16 00:00:00-05:00,13.971033012359596,13.971033012359596,13.80222869611785,13.812158584594727,1511100,0.0,0.0
2025-12-17 00:00:00-05:00,13.83201789855957,13.891595333494061,13.83201789855957,13.83201789855957,883200,0.0,0.0
2025-12-18 00:00:00-05:00,13.921385717839698,13.9611043255054,13.832018613850295,13.841947555541992,2011500,0.0,0.0
2025-12-19 00:00:00-05:00,13.921385844684048,14.14976760410115,13.91145595593557,14.080260276794434,1384400,0.0,0.0
2025-12-22 00:00:00-05:00,14.080260086043253,14.16962718963623,14.020681701325836,14.16962718963623,884400,0.0,0.0
2025-12-23 00:00:00-05:00,14.129907608032227,14.2192747114535,14.070330170395577,14.129907608032227,1000800,0.0,0.0
2025-12-24 00:00:00-05:00,13.980962522070461,14.02068112793564,13.931314027997423,13.99089241027832,365700,0.0,0.0
2025-12-26 00:00:00-05:00,14.040541179316905,14.100118615798289,13.980962795869242,14.060400009155273,969400,0.0,0.0
2025-12-29 00:00:00-05:00,14.050470331481879,14.06040022003313,13.961104175419491,14.010751724243164,612600,0.0,0.0
2025-12-30 00:00:00-05:00,14.010751942602809,14.03061172001483,13.931314726887338,13.961104393005371,648000,0.0,0.0
2025-12-31 00:00:00-05:00,13.980962731827288,14.060399944749445,13.91145540726197,13.941244125366211,556200,0.0,0.0
2026-01-02 00:00:00-05:00,13.812158795860114,13.822088684488874,13.56391726193893,13.762510299682617,1152100,0.0,0.0
2026-01-05 00:00:00-05:00,13.712862730105217,13.7823700564707,13.643354456773434,13.72279167175293,1084400,0.0,0.0
2026-01-06 00:00:00-05:00,13.772440188311377,14.020681722232561,13.73272158076264,13.762510299682617,1306000,0.0,0.0
2026-01-07 00:00:00-05:00,13.81215822116012,13.84194693884064,13.544057868102907,13.583776473999023,1142700,0.0,0.0
2026-01-08 00:00:00-05:00,13.454690823883116,13.504339318200687,13.256097793579102,13.256097793579102,2024900,0.0,0.0
2026-01-09 00:00:00-05:00,13.365323506423552,13.42490188803021,13.285886295592176,13.305745124816895,1343600,0.0,0.0
2026-01-12 00:00:00-05:00,13.375253439513633,13.484479368032652,13.365323551384744,13.38518238067627,1093300,0.0,0.0
2026-01-13 00:00:00-05:00,13.127012252807617,13.14687108260551,13.057503981099293,13.127012252807617,1762300,0.0,0.0
2026-01-14 00:00:00-05:00,13.087293688595214,13.206449508666992,13.077363800180995,13.206449508666992,1118800,0.0,0.0
2026-01-15 00:00:00-05:00,13.146871251819382,13.146871251819382,12.98799682352624,12.997926712036133,1407000,0.0,0.0
2026-01-16 00:00:00-05:00,12.958208254554902,12.978067084837654,12.819192654710434,12.829122543334961,1496000,0.0,0.0
2026-01-20 00:00:00-05:00,12.789403467990164,12.888699509704459,12.71989614409353,12.848980903625488,2505700,0.0,0.0
2026-01-21 00:00:00-05:00,12.80926294441378,13.246168580312444,12.80926294441378,13.186590194702148,2716300,0.0,0.0
2026-01-22 00:00:00-05:00,13.30574553330002,13.851877084756529,13.26602692666498,13.613565444946289,4092100,0.0,0.0
2026-01-23 00:00:00-05:00,13.693002403471775,13.702932291687368,13.434830991663896,13.583776473999023,1825600,0.0,0.0
2026-01-26 00:00:00-05:00,13.5142687255024,13.752581317051192,13.49440989527034,13.683073043823242,1487900,0.0,0.0
2026-01-27 00:00:00-05:00,13.563916949910919,13.702932546616697,13.544058120076539,13.613565444946289,1595500,0.0,0.0
2026-01-28 00:00:00-05:00,13.256098488964836,13.355394535842564,13.216379880820483,13.226308822631836,1129400,0.0,0.0
2026-01-29 00:00:00-05:00,13.156800761272113,13.226308084906234,13.037644943485223,13.176660537719727,1989100,0.0,0.0
2026-01-30 00:00:00-05:00,13.236238290233336,13.375253887798264,13.166730964934013,13.325605392456055,1648600,0.0,0.0
2026-02-02 00:00:00-05:00,12.948278476230858,13.524198763831185,12.858911371781444,13.51426887512207,3525600,0.0,0.0
2026-02-03 00:00:00-05:00,13.603635139646823,13.782369337510126,13.553986646132989,13.712862014770508,3633200,0.0,0.0
2026-02-04 00:00:00-05:00,13.653283970696585,13.961103880519268,13.653283970696585,13.901525497436523,2536100,0.0,0.0
2026-02-05 00:00:00-05:00,13.802228256332182,14.010751172870899,13.772439538817009,13.871736526489258,2799200,0.0,0.0
2026-02-06 00:00:00-05:00,14.040541136562139,14.040541136562139,13.742651114163488,13.980962753295898,2900800,0.0,0.0
2026-02-09 00:00:00-05:00,14.050470610549002,14.129907826604196,14.040541668766839,14.080260276794434,1471100,0.0,0.0
2026-02-10 00:00:00-05:00,13.961103902079888,14.000822508540965,13.901525518905132,13.941244125366211,1155500,0.0,0.0
2026-02-11 00:00:00-05:00,13.971032699403974,14.139837011864447,13.951173869861352,14.110048294067383,877200,0.0,0.0
2026-02-12 00:00:00-05:00,14.11004882521615,14.229204647856092,14.05047044041303,14.209345817565918,1780500,0.0,0.0
2026-02-13 00:00:00-05:00,14.149767584044234,14.229204799986826,13.961104432922154,14.040541648864746,1513600,0.0,0.0
2026-02-17 00:00:00-05:00,14.139837348742228,14.32850144220646,14.129907460251207,14.298711776733398,1386800,0.0,0.0
2026-02-18 00:00:00-05:00,14.239133879271403,14.378148525785242,14.169626556014485,14.318571090698242,2459700,0.0,0.0
2026-02-19 00:00:00-05:00,14.338430602378674,14.427797706228043,14.110048845400332,14.249064445495605,2036900,0.0,0.0
2026-02-20 00:00:00-05:00,14.239134152038236,14.527094285718292,14.10011855589514,14.388078689575195,2115100,0.0,0.0
2026-02-23 00:00:00-05:00,14.427797173383999,14.646249980618352,14.427797173383999,14.596601486206055,1923300,0.0,0.0
2026-02-24 00:00:00-05:00,14.537024093657656,14.685968630370635,14.407938386588816,14.67603874206543,2041200,0.0,0.0
2026-02-25 00:00:00-05:00,14.606531803397578,14.695898906570697,14.427797597051342,14.497305870056152,1899300,0.0,0.0
2026-02-26 00:00:00-05:00,14.546952926100559,14.626390138014996,14.338430008083595,14.477445602416992,1529000,0.0,0.0
2026-02-27 00:00:00-05:00,14.308641180265706,14.308641180265706,14.139836869504752,14.278852462768555,1253800,0.0,0.0
2026-03-02 00:00:00-05:00,14.119978040162069,14.348359785917328,14.100118263853131,14.278852462768555,1541800,0.0,0.0
2026-03-03 00:00:00-05:00,14.07032970977123,14.219274245953114,13.891595508779957,14.14976692199707,2009700,0.0,0.0
2026-03-04 00:00:00-05:00,14.278852883482214,14.388078815500855,14.139837286122441,14.179555892944336,1998500,0.0,0.0
2026-03-05 00:00:00-05:00,14.090189027690908,14.219274738773395,14.060400308815348,14.16962718963623,1975700,0.0,0.0
2026-03-06 00:00:00-05:00,14.268923058226626,14.358290160713231,14.139837348742228,14.298711776733398,1730800,0.0,0.0
2026-03-09 00:00:00-04:00,14.12990769581913,14.308641903772124,14.010751872839236,14.288783073425293,2554100,0.0,0.0
2026-03-10 00:00:00-04:00,14.28878313373156,14.507235003300197,14.239134637205485,14.407938957214355,2093700,0.0,0.0
2026-03-11 00:00:00-04:00,14.388078480374775,14.447656862703061,14.348359874478001,14.437726974487305,1842600,0.0,0.0
2026-03-12 00:00:00-04:00,14.328501660702534,14.407938875909462,14.229204668210723,14.249064445495605,2504600,0.0,0.0
2026-03-13 00:00:00-04:00,14.219274179622731,14.229204067846208,13.980962544056894,14.030611038208008,3126600,0.0,0.0
2026-03-16 00:00:00-04:00,13.951173782348633,14.00082227634315,13.851876794359601,13.951173782348633,2008300,0.0,0.0
2026-03-17 00:00:00-04:00,14.040541431133054,14.189485971974102,13.961104216422322,14.090188980102539,1499800,0.0,0.0
2026-03-18 00:00:00-04:00,14.000822891941343,14.020681722232561,13.73272158076264,13.762510299682617,3221500,0.0,0.0
2026-03-19 00:00:00-04:00,13.841947662041955,14.209345969484334,13.841947662041955,14.040541648864746,2217000,0.0,0.0
2026-03-20 00:00:00-04:00,14.010751295828733,14.030611072323973,13.653283841610778,13.663213729858398,4047400,0.0,0.0
2026-03-23 00:00:00-04:00,13.613565908458286,13.76251045166935,13.504339973234593,13.593706130981445,3769900,0.0,0.0
2026-03-24 00:00:00-04:00,13.464621244614737,13.57384717885985,13.30574586712234,13.35539436340332,2450200,0.0,0.0
2026-03-25 00:00:00-04:00,13.752581126707838,13.871736947349902,13.693002742903664,13.772439956665039,1767100,0.0,0.0
2026-03-26 00:00:00-04:00,13.722791890443798,13.851877603584205,13.66321445174288,13.673144340515137,1891000,0.0,0.0
2026-03-27 00:00:00-04:00,13.544057749839732,13.563916579131257,13.375253439513633,13.38518238067627,1366800,0.0,0.0
2026-03-30 00:00:00-04:00,13.325605413442679,13.49440972969227,13.275956918022278,13.365324020385742,1678700,0.0,0.0
2026-03-31 00:00:00-04:00,13.534127839061485,13.81215807744132,13.524197950949214,13.752580642700195,1898400,0.0,0.0
2026-04-01 00:00:00-04:00,13.474549719524093,13.563916820340818,13.335535071112538,13.375253677368164,2843400,0.0,0.0
2026-04-02 00:00:00-04:00,13.107152998198774,13.26602743077619,12.938348676843693,13.226308822631836,4179400,0.0,0.0
2026-04-06 00:00:00-04:00,13.117082321462629,13.20644942267614,13.027715220249119,13.047574996948242,1363900,0.0,0.0
2026-04-07 00:00:00-04:00,12.8489806725252,12.958207547502527,12.73975474451412,12.85891056060791,2282500,0.0,0.0
2026-04-08 00:00:00-04:00,12.868841310598826,13.186590174797265,12.868841310598826,13.146871566772461,3336100,0.0,0.0
2026-04-09 00:00:00-04:00,13.186589710567429,13.22630831719395,13.09722260891618,13.166730880737305,2316500,0.0,0.0
2026-04-10 00:00:00-04:00,13.30574531891365,13.50433929585532,13.216379165649414,13.216379165649414,1622500,0.0,0.0
2026-04-13 00:00:00-04:00,13.176660537719727,13.196519367201077,13.007856225780065,13.176660537719727,1685500,0.0,0.0
2026-04-14 00:00:00-04:00,13.186589879987338,13.275956982786765,13.027715451440042,13.03764533996582,2228900,0.0,0.0
2026-04-15 00:00:00-04:00,12.98799649838502,13.275956629199127,12.769543691467545,12.848980903625488,2299100,0.0,0.0
2026-04-16 00:00:00-04:00,12.89862946983866,13.037645065372805,12.87877064017165,12.968137741088867,1701300,0.0,0.0
2026-04-17 00:00:00-04:00,13.21637939708121,13.494409643915363,13.196519620252774,13.206449508666992,1901100,0.0,0.0
2026-04-20 00:00:00-04:00,13.027715430599525,13.077363926182704,12.958208104962846,12.997926712036133,1776800,0.0,0.0
2026-04-21 00:00:00-04:00,12.928419216281773,12.938348157694728,12.680177688598633,12.680177688598633,2662000,0.0,0.0
2026-04-22 00:00:00-04:00,12.719896568663623,12.948278324499164,12.719896568663623,12.749685287475586,2912600,0.0,0.0
2026-04-23 00:00:00-04:00,13.56391711843183,13.732721435469578,13.236238372880031,13.484479904174805,7736600,0.0,0.0
2026-04-24 00:00:00-04:00,13.623495311974082,13.73272124330752,13.47454982710164,13.573846817016602,2625800,0.0,0.0
2026-04-27 00:00:00-04:00,13.752580709462313,13.951173737840554,13.752580709462313,13.871736526489258,1718700,0.0,0.0
2026-04-28 00:00:00-04:00,14.010751682625257,14.10011878538848,13.911455638306569,13.931314468383789,3166800,0.0,0.0
2026-04-29 00:00:00-04:00,13.74265164126091,13.851877576644373,13.593706150865662,13.633424758911133,2707200,0.0,0.0
2026-04-30 00:00:00-04:00,13.702932269395339,13.712862157594778,13.544057846069336,13.544057846069336,2254800,0.0,0.0
2026-05-01 00:00:00-04:00,13.573846607736703,13.71286220208107,13.544057890008006,13.623495101928711,2151700,0.0,0.0
2026-05-04 00:00:00-04:00,13.385182553052012,13.454690823883116,13.176660581457496,13.256097793579102,2509100,0.0,0.0
2026-05-05 00:00:00-04:00,13.246168093990352,13.295816589015077,13.117082385712582,13.166730880737305,1819000,0.0,0.0
2026-05-06 00:00:00-04:00,13.49440972969227,13.623495438998798,13.305745636488004,13.365324020385742,4338500,0.0,0.0
2026-05-07 00:00:00-04:00,13.484479585913428,13.553986910006236,13.335535049438477,13.335535049438477,3140500,0.0,0.0
2026-05-08 00:00:00-04:00,13.464620638021405,13.464620638021405,13.127012014879876,13.136940956115723,2537100,0.0,0.0
2026-05-11 00:00:00-04:00,13.107152433113066,13.196519534326578,13.017785331899557,13.047574996948242,3363300,0.0,0.0
2026-05-12 00:00:00-04:00,12.650387605129714,12.650387605129714,12.104256072893381,12.372357368469238,6228200,0.0,0.0
2026-05-13 00:00:00-04:00,12.789403260335437,12.908559076637681,12.650387667833026,12.898629188537598,6598500,0.0,0.0
2026-05-14 00:00:00-04:00,13.305745887285083,13.553987422099851,13.246168449230668,13.395112991333008,4142000,0.0,0.0
2026-05-15 00:00:00-04:00,13.633424698732519,13.802229018922233,13.484480155961034,13.51426887512207,2265700,0.0,0.0
2026-05-18 00:00:00-04:00,13.524198047539773,13.643353864839291,13.444760836006761,13.504339218139648,2287200,0.0,0.0
2026-05-19 00:00:00-04:00,13.494409963596803,13.50433985224626,13.35539436340332,13.35539436340332,2177200,0.0,0.0
2026-05-20 00:00:00-04:00,13.375253763046702,13.544058077455997,13.256097943516542,13.534128189086914,1805800,0.0,0.0
2026-05-21 00:00:00-04:00,13.474549762936197,13.514268369319788,13.325605225739302,13.454690933227539,1836500,0.0,0.0
2026-05-22 00:00:00-04:00,13.454690724189952,13.514268159356583,13.385182453873872,13.504339218139648,723700,0.0,0.0
2026-05-26 00:00:00-04:00,13.64335418446016,13.762510004551125,13.633424296044343,13.653284072875977,1297500,0.0,0.0
2026-05-27 00:00:00-04:00,13.643354332688855,13.643354332688855,13.414972578441482,13.484479904174805,2159800,0.0,0.0
2026-05-28 00:00:00-04:00,13.494409285400595,13.534127891035958,13.355393692193697,13.424901962280273,1481100,0.0,0.0
2026-05-29 00:00:00-04:00,13.603635513737938,13.633424231878909,13.454690976066807,13.534128189086914,1598100,0.0,0.0
2026-06-01 00:00:00-04:00,13.355394025471723,13.375253802268123,13.09722260891618,13.166730880737305,1744100,0.0,0.0
2026-06-02 00:00:00-04:00,13.146870732100329,13.146870732100329,12.918488987198842,12.938347816467285,1888200,0.0,0.0
2026-06-03 00:00:00-04:00,12.898629448259099,12.978066660726777,12.868840730325287,12.92841911315918,1340000,0.0,0.0
2026-06-04 00:00:00-04:00,13.107152958747657,13.24616856031763,13.097223069999878,13.146871566772461,1309300,0.0,0.0
2026-06-05 00:00:00-04:00,13.216379841040602,13.275957279594655,13.146871566772461,13.146871566772461,1092600,0.0,0.0
2026-06-08 00:00:00-04:00,13.127012014879876,13.285886438248534,13.11708212667777,13.136940956115723,1370700,0.0,0.0
2026-06-09 00:00:00-04:00,13.146871396394648,13.285886996163038,13.097222900265487,13.275957107543945,1676000,0.0,0.0
2026-06-10 00:00:00-04:00,13.285886722048179,13.375253823843584,13.176660790390619,13.206449508666992,1233800,0.0,0.0
2026-06-11 00:00:00-04:00,13.266026496887207,13.31567499031412,13.017784976718886,13.266026496887207,1172000,0.0,0.0
2026-06-12 00:00:00-04:00,13.266026945219743,13.305745551910336,13.206449508666992,13.206449508666992,1173700,0.0,0.0
2026-06-15 00:00:00-04:00,13.295816864270599,13.335535471719394,13.226308591010485,13.236238479614258,1018200,0.0,0.0
2026-06-16 00:00:00-04:00,13.21637939708121,13.285886722048179,13.136941236733744,13.206449508666992,1611700,0.0,0.0
2026-06-17 00:00:00-04:00,13.166730576177468,13.226308011256027,12.987996377009276,13.057503700256348,2891600,0.0,0.0
2026-06-18 00:00:00-04:00,13.206449740272932,13.26602717787051,13.117082636910267,13.19651985168457,2007800,0.0,0.0
2026-06-22 00:00:00-04:00,13.40504262670568,13.931314405418378,13.355394131287586,13.812158584594727,3228700,0.0,0.0
2026-06-23 00:00:00-04:00,13.752581357296327,14.209345817565918,13.702932861121443,14.209345817565918,4150900,0.0,0.0
2026-06-24 00:00:00-04:00,14.308641333552783,14.556882858276367,14.209345291843109,14.556882858276367,4128200,0.0,0.0
2026-06-25 00:00:00-04:00,14.55688340216231,15.162593351177284,14.507234905969332,15.142733573913574,4615200,0.0,0.0
2026-06-26 00:00:00-04:00,15.251959337643127,15.55977925302905,15.19238190044991,15.271819114685059,3693900,0.0,0.0
2026-06-29 00:00:00-04:00,14.983858694784113,15.023577301155347,14.55688296606863,14.755475997924805,5317000,0.0,0.0
2026-06-30 00:00:00-04:00,14.576742780552705,14.596601610306703,14.358289971461058,14.388078689575195,3387400,0.0,0.0
2026-07-01 00:00:00-04:00,14.239134362464641,14.328501465093996,13.851877233392864,13.891595840454102,3552200,0.0,0.0
2026-07-02 00:00:00-04:00,14.06039965820151,14.388078391568948,14.06039965820151,14.278852462768555,2176400,0.0,0.0
2026-07-06 00:00:00-04:00,14.139837327985251,14.278852925756597,14.129907439508807,14.258993148803711,1193200,0.0,0.0
2026-07-07 00:00:00-04:00,14.338430742814396,14.61646194572808,14.239134696316345,14.527094841003418,2736500,0.0,0.0
2026-07-08 00:00:00-04:00,14.437727223827212,14.437727223827212,13.752581023533843,14.020681381225586,4492500,0.0,0.0
2026-07-09 00:00:00-04:00,13.583776354764074,13.961103580948215,13.474549479283828,13.792299270629883,5124100,0.0,0.0
2026-07-10 00:00:00-04:00,13.514268162308575,13.603635262044298,12.968137569641389,13.097222328186035,3271900,0.0,0.0
2026-07-13 00:00:00-04:00,13.057504299901264,13.17666106946298,12.829122543334961,12.829122543334961,2155400,0.0,0.0
2026-07-14 00:00:00-04:00,12.85891122109698,12.85891122109698,12.610669688075934,12.749685287475586,2514500,0.0,0.0
2026-07-15 00:00:00-04:00,12.759614901699935,12.858910944593426,12.660317911840169,12.680177688598633,1867400,0.0,0.0
2026-07-16 00:00:00-04:00,12.650387741713407,12.759614617519723,12.57095053038132,12.610669136047363,1672300,0.0,0.0
2026-07-17 00:00:00-04:00,12.610669563948727,12.749685161980045,12.491513742907435,12.511373519897461,1247600,0.0,0.0
2026-07-20 00:00:00-04:00,12.580880562248424,12.650387886216407,12.422006137769454,12.441864967346191,2038300,0.0,0.0
2026-07-22 00:00:00-04:00,11.915593287239076,11.985100611718762,11.280094637678467,11.299954414367676,4326600,0.0,0.0
2026-07-23 00:00:00-04:00,11.518406979764405,11.895733259224759,11.319813004933163,11.717000007629395,7332900,0.0,0.0
2026-07-24 00:00:00-04:00,11.800000190734863,11.989999771118164,11.680000305175781,11.789999961853027,3229700,0.083,0.0
2026-07-27 00:00:00-04:00,11.800000190734863,11.880000114440918,11.699999809265137,11.770000457763672,3620700,0.0,0.0
2026-07-28 00:00:00-04:00,11.729999542236328,11.890000343322754,11.609999656677246,11.729999542236328,4137200,0.0,0.0
2026-07-29 00:00:00-04:00,11.75,11.869999885559082,11.75,11.760000228881836,2340200,0.0,0.0
2026-07-30 00:00:00-04:00,11.789999961853027,11.869999885559082,11.75,11.829999923706055,2102800,0.0,0.0
2026-08-03 00:00:00-04:00,11.970000267028809,12.140000343322754,11.949999809265137,12.069999694824219,3493600,0.0,0.0
2026-08-04 00:00:00-04:00,12.0600004196167,12.130000114440918,11.970000267028809,12.100000381469727,2757700,0.0,0.0
2026-08-05 00:00:00-04:00,12.1899995803833,12.239999771118164,12.130000114440918,12.140000343322754,2528900,0.0,0.0
2026-08-06 00:00:00-04:00,12.140000343322754,12.220000267028809,12.050000190734863,12.109999656677246,2566500,0.0,0.0
2026-08-07 00:00:00-04:00,12.1899995803833,12.260000228881836,12.119999885559082,12.220000267028809,2564100,0.0,0.0
2026-08-10 00:00:00-04:00,12.239999771118164,12.289999961853027,11.579999923706055,12.149999618530273,1967300,0.0,0.0
2026-08-11 00:00:00-04:00,12.550000190734863,12.579999923706055,12.420000076293945,12.449999809265137,2371600,0.0,0.0
2026-08-12 00:00:00-04:00,12.34000015258789,12.420000076293945,12.329999923706055,12.390000343322754,2217500,0.0,0.0
2026-08-13 00:00:00-04:00,12.430000305175781,12.510000228881836,12.369999885559082,12.420000076293945,2802900,0.0,0.0
2026-08-14 00:00:00-04:00,12.329999923706055,12.390000343322754,12.220000267028809,12.270000457763672,2263200,0.0,0.0
2026-08-17 00:00:00-04:00,12.199999809265137,12.239999771118164,12.0600004196167,12.109999656677246,2042500,0.0,0.0
2026-08-18 00:00:00-04:00,12.119999885559082,12.210000038146973,12.069999694824219,12.149999618530273,2791915,0.0,0.0
