Date,Open,High,Low,Close,Volume,Dividends,Stock Splits
2022-01-03 00:00:00-05:00,15.87687370344567,15.91247289097806,15.70600167720065,15.834156036376953,25400,0.0,0.0
2022-01-04 00:00:00-05:00,15.834157976440919,15.90535500225889,15.734482955077947,15.79856014251709,26300,0.0,0.0
2022-01-05 00:00:00-05:00,15.827045813118518,15.905362715293768,15.670413366738995,15.812806129455566,23800,0.0,0.0
2022-01-06 00:00:00-05:00,15.812803806977673,15.948078065965577,15.670411065174784,15.706008911132812,28300,0.0,0.0
2022-01-07 00:00:00-05:00,15.70600150812978,15.812796353637033,15.677523516380578,15.734480857849121,4900,0.0,0.0
2022-01-10 00:00:00-05:00,15.392747029621468,15.684653768216293,15.328669808176649,15.492422103881836,60600,0.0,0.0
2022-01-11 00:00:00-05:00,15.542255032737016,15.698887439843412,15.492417510383646,15.55649471282959,13900,0.0,0.0
2022-01-12 00:00:00-05:00,15.592094965348517,15.741608913491438,15.44970221632333,15.485300064086914,40300,0.0,0.0
2022-01-13 00:00:00-05:00,15.559693746164019,15.917387855271238,15.459539832252315,15.466693878173828,17500,0.104,0.0
2022-01-14 00:00:00-05:00,15.509621166091994,15.645545347969671,15.345082156947774,15.352234840393066,12100,0.0,0.0
2022-01-18 00:00:00-05:00,15.137620503093723,15.352236506618677,14.651156106308871,14.737003326416016,44600,0.0,0.0
2022-01-19 00:00:00-05:00,14.751311250586125,14.801388226520743,14.558156030985236,14.70123291015625,20600,0.0,0.0
2022-01-20 00:00:00-05:00,14.622541275936673,14.994542257746906,14.622541275936673,14.737003326416016,21600,0.0,0.0
2022-01-21 00:00:00-05:00,14.779923504215082,14.88723148601144,14.701230347466742,14.722692489624023,20600,0.0,0.0
2022-01-24 00:00:00-05:00,14.787079640109578,14.815694469199121,14.10030600352279,14.508078575134277,23700,0.0,0.0
2022-01-25 00:00:00-05:00,14.52238350446623,14.80138589929838,14.264844616653148,14.59392261505127,22800,0.0,0.0
2022-01-26 00:00:00-05:00,14.608227007363734,14.758457873468211,14.486610959543336,14.579610824584961,31900,0.0,0.0
2022-01-27 00:00:00-05:00,14.837152584030653,14.837152584030653,14.386458573458764,14.41507339477539,32800,0.0,0.0
2022-01-28 00:00:00-05:00,14.379310857187617,14.586772837672061,14.379310857187617,14.500926971435547,17600,0.0,0.0
2022-01-31 00:00:00-05:00,14.751312323347998,14.751312323347998,14.472309864358357,14.543848991394043,16700,0.0,0.0
2022-02-01 00:00:00-05:00,14.608232989363204,14.787080111483471,14.379308891368504,14.55815601348877,30900,0.0,0.0
2022-02-02 00:00:00-05:00,14.565310250697,14.779926254221953,14.55815620198013,14.737003326416016,20000,0.0,0.0
2022-02-03 00:00:00-05:00,14.672619901645886,14.830004897621068,14.59392672141058,14.758465766906738,21800,0.0,0.0
2022-02-04 00:00:00-05:00,14.75131233523311,14.822850097831077,14.69408130645752,14.69408130645752,9500,0.0,0.0
2022-02-07 00:00:00-05:00,14.629689448449094,14.973075461961685,14.586765173388978,14.601073265075684,36200,0.0,0.0
2022-02-08 00:00:00-05:00,14.465152241716744,14.80853969375812,14.465152241716744,14.722692489624023,46700,0.0,0.0
2022-02-09 00:00:00-05:00,14.593919926262071,14.70122789012165,14.522380828857422,14.522380828857422,8400,0.0,0.0
2022-02-10 00:00:00-05:00,14.489305536272576,14.625929647544723,14.489305536272576,14.525259971618652,9700,0.104,0.0
2022-02-11 00:00:00-05:00,14.496491865294141,14.561208457047146,14.395822221021042,14.42458438873291,17400,0.0,0.0
2022-02-14 00:00:00-05:00,14.48930212027932,14.561209602497113,14.3814415827132,14.417394638061523,4900,0.0,0.0
2022-02-15 00:00:00-05:00,14.417394638061523,14.46053995030489,14.3814415827132,14.417394638061523,22900,0.0,0.0
2022-02-16 00:00:00-05:00,14.417394351853048,14.417394351853048,14.338297357352708,14.374250411987305,27000,0.0,0.0
2022-02-17 00:00:00-05:00,14.38144588470459,14.518070004635318,14.273585314873616,14.38144588470459,19600,0.0,0.0
2022-02-18 00:00:00-05:00,14.381443654867507,14.56121170055335,14.29515438946891,14.302345275878906,10800,0.0,0.0
2022-02-22 00:00:00-05:00,14.259206663709676,14.381449035371205,14.086629439867844,14.172917366027832,11000,0.0,0.0
2022-02-23 00:00:00-05:00,14.108199670105206,14.201678469217887,14.086627006530762,14.086627006530762,9600,0.0,0.0
2022-02-24 00:00:00-05:00,14.086626204810642,14.201677660949777,13.806188451911693,13.827759742736816,21400,0.0,0.0
2022-02-25 00:00:00-05:00,14.021911602105906,14.18010703412543,13.921241906413641,14.129772186279297,12400,0.0,0.0
2022-02-28 00:00:00-05:00,14.129770962158029,14.201678469217887,14.079436118672614,14.086627006530762,8500,0.0,0.0
2022-03-01 00:00:00-05:00,14.122575650149212,14.316725446933429,14.029096880320438,14.273581504821777,7600,0.0,0.0
2022-03-02 00:00:00-05:00,14.237624941888802,14.352676351282252,14.165718839658636,14.244815826416016,3400,0.0,0.0
2022-03-03 00:00:00-05:00,14.302353162226558,14.302353162226558,14.187301659269684,14.22325611114502,5000,0.0,0.0
2022-03-04 00:00:00-05:00,14.16572784844938,14.23763399640875,13.94281440090539,14.172917366027832,8500,0.0,0.0
2022-03-07 00:00:00-05:00,14.187295324897958,14.187295324897958,13.834950082968072,14.06505298614502,7300,0.0,0.0
2022-03-08 00:00:00-05:00,14.244822685168794,14.244822685168794,13.77023505003093,13.878095626831055,19000,0.0,0.0
2022-03-09 00:00:00-05:00,13.899667339885115,13.899667339885115,13.755852332975966,13.770234107971191,20400,0.0,0.0
2022-03-10 00:00:00-05:00,13.856520873444468,13.856520873444468,13.755849838256836,13.755849838256836,6900,0.0,0.0
2022-03-11 00:00:00-05:00,13.849334499885979,13.856525388422536,13.734283026344555,13.820570945739746,14700,0.0,0.0
2022-03-14 00:00:00-04:00,13.734282760802088,14.187297757672507,13.66237524834854,13.777426719665527,25600,0.0,0.0
2022-03-15 00:00:00-04:00,13.70552354275985,13.806194640649379,13.597662925720215,13.597662925720215,16100,0.0,0.0
2022-03-16 00:00:00-04:00,13.701778340140738,13.781312787928028,13.340253860233135,13.5933198928833,36100,0.104,0.0
2022-03-17 00:00:00-04:00,13.672857239253934,13.672857239253934,13.37640724311346,13.528246879577637,15500,0.0,0.0
2022-03-18 00:00:00-04:00,13.586090637722268,13.803004774356717,13.448710948997013,13.521016120910645,12400,0.0,0.0
2022-03-21 00:00:00-04:00,13.542706686353268,13.781312787928028,13.542706686353268,13.5933198928833,7400,0.0,0.0
2022-03-22 00:00:00-04:00,13.484861071677267,13.484861071677267,13.361942709324023,13.390865325927734,11500,0.0,0.0
2022-03-23 00:00:00-04:00,13.383638279390995,13.586092512870547,13.246258571704635,13.376407623291016,31500,0.0,0.0
2022-03-24 00:00:00-04:00,13.195639713333266,13.361940595173383,13.195639713333266,13.340250015258789,20200,0.0,0.0
2022-03-25 00:00:00-04:00,13.181181878322136,13.376405423598023,13.181181878322136,13.28240966796875,38200,0.0,0.0
2022-03-28 00:00:00-04:00,13.217335483472201,13.376405758172144,13.181182208013274,13.239026069641113,10900,0.0,0.0
2022-03-29 00:00:00-04:00,13.188412120246584,13.492092721464047,13.130568261876894,13.253486633300781,22500,0.0,0.0
2022-03-30 00:00:00-04:00,13.542706687963873,13.557167998147444,13.217335483472201,13.239026069641113,30300,0.0,0.0
2022-03-31 00:00:00-04:00,13.506554738646877,13.506554738646877,13.188412811388105,13.412557601928711,26800,0.0,0.0
2022-04-01 00:00:00-04:00,13.600549265491118,13.651162467248508,13.304099330249567,13.636702537536621,16700,0.0,0.0
2022-04-04 00:00:00-04:00,13.593318267037542,13.868077611203997,13.492091866084785,13.788541793823242,25900,0.0,0.0
2022-04-05 00:00:00-04:00,13.889769191352002,14.475439813730338,13.528244728745989,13.651163101196289,72000,0.0,0.0
2022-04-06 00:00:00-04:00,13.651163764937955,13.665625075130858,13.521016110521158,13.557168006896973,9700,0.0,0.0
2022-04-07 00:00:00-04:00,13.521008929967659,13.802997433442435,13.521008929967659,13.58608341217041,22500,0.0,0.0
2022-04-08 00:00:00-04:00,13.586088343050442,13.99099530662952,13.5571657275274,13.947612762451172,10800,0.0,0.0
2022-04-11 00:00:00-04:00,13.723465606753617,13.911458456324967,13.521012829604555,13.629469871520996,15100,0.0,0.0
2022-04-12 00:00:00-04:00,13.549941265890974,13.824700722498482,13.521020016257305,13.56440258026123,18500,0.0,0.0
2022-04-13 00:00:00-04:00,13.589116403921832,13.596387365423062,13.349180221557617,13.349180221557617,16400,0.104,0.0
2022-04-14 00:00:00-04:00,13.30555903494927,13.378267288208008,13.261934637711862,13.378267288208008,18700,0.0,0.0
2022-04-18 00:00:00-04:00,13.341910914113614,13.501867926588984,12.956558227539062,12.956558227539062,19200,0.0,0.0
2022-04-19 00:00:00-04:00,12.978371386850274,13.33464023128374,12.978371386850274,13.145599365234375,32200,0.0,0.0
2022-04-20 00:00:00-04:00,13.174684321748607,13.407349595871372,13.13832950592041,13.13832950592041,38800,0.0,0.0
2022-04-21 00:00:00-04:00,13.1892253326072,13.1892253326072,13.000184443928404,13.094705581665039,15900,0.0,0.0
2022-04-22 00:00:00-04:00,13.00018235911296,13.123785943934921,13.00018235911296,13.036537170410156,11400,0.0,0.0
2022-04-25 00:00:00-04:00,13.116516736096678,13.116516736096678,12.88385009765625,12.88385009765625,18000,0.0,0.0
2022-04-26 00:00:00-04:00,12.905659476617762,12.920201397590969,12.44032909982644,12.483953475952148,44700,0.0,0.0
2022-04-27 00:00:00-04:00,12.549396241856565,12.73116617342437,12.236751737672817,12.294918060302734,39400,0.0,0.0
2022-04-28 00:00:00-04:00,12.214937031790967,12.433061749340927,12.164041680400938,12.425790786743164,36300,0.0,0.0
2022-04-29 00:00:00-04:00,12.403978175350474,12.403978175350474,12.324000358581543,12.324000358581543,15500,0.0,0.0
2022-05-02 00:00:00-04:00,12.345810710321707,12.345810710321707,12.164040818638075,12.265832901000977,21900,0.0,0.0
2022-05-03 00:00:00-04:00,12.294913246130758,12.316726128623912,12.1131433857364,12.207664489746094,25700,0.0,0.0
2022-05-04 00:00:00-04:00,12.236749607067662,12.287644957157864,12.17131233215332,12.17131233215332,23800,0.0,0.0
2022-05-05 00:00:00-04:00,12.018622900900077,12.273099579763755,12.018622900900077,12.062247276306152,24600,0.0,0.0
2022-05-06 00:00:00-04:00,12.134957204204868,12.251289812886531,12.062248977080309,12.229476928710938,21600,0.0,0.0
2022-05-09 00:00:00-04:00,12.222207986617827,12.229478949210968,11.61146169013432,11.865939140319824,66900,0.0,0.0
2022-05-10 00:00:00-04:00,11.953190705482616,11.996815099359651,11.756878852844238,11.756878852844238,29000,0.0,0.0
2022-05-11 00:00:00-04:00,11.887753421269823,11.945919742037363,11.640546211309157,11.756878852844238,76400,0.0,0.0
2022-05-12 00:00:00-04:00,11.847616612424552,11.950066213401335,11.518312329611845,11.598809242248535,57100,0.104,0.0
2022-05-13 00:00:00-04:00,11.730530680094988,11.82566225080226,11.664669127192445,11.752483367919922,55300,0.0,0.0
2022-05-16 00:00:00-04:00,11.774440401940874,11.78175843163996,11.62808329738776,11.715897560119629,21300,0.0,0.0
2022-05-17 00:00:00-04:00,11.510995265461627,11.671988406330396,11.510995265461627,11.584174156188965,30200,0.0,0.0
2022-05-18 00:00:00-04:00,11.569539701437368,11.569539701437368,11.357321739196777,11.357321739196777,38400,0.0,0.0
2022-05-19 00:00:00-04:00,11.613448704916665,11.613448704916665,11.371959277429397,11.452455520629883,33100,0.0,0.0
2022-05-20 00:00:00-04:00,11.52563427812846,11.562223732874283,11.42318394441732,11.532952308654785,16800,0.0,0.0
2022-05-23 00:00:00-04:00,11.43781935397312,11.547587014072432,11.423183293754139,11.503680229187012,51100,0.0,0.0
2022-05-24 00:00:00-04:00,11.59881099347387,11.679307220378572,11.518314068683498,11.547585487365723,73700,0.0,0.0
2022-05-25 00:00:00-04:00,11.569542422662831,11.906164169311523,11.569542422662831,11.906164169311523,139500,0.0,0.0
2022-05-26 00:00:00-04:00,11.950068019466737,12.242782206333231,11.935431961180578,12.198875427246094,71500,0.0,0.0
2022-05-27 00:00:00-04:00,12.330596767209984,12.689171809162373,12.206193067285989,12.674535751342773,60800,0.0,0.0
2022-05-31 00:00:00-04:00,12.718444069389239,12.886755963156658,12.594040354398434,12.872119903564453,41800,0.0,0.0
2022-06-01 00:00:00-04:00,12.894072721123878,13.084335893969739,12.886754692049601,13.04042911529541,32000,0.0,0.0
2022-06-02 00:00:00-04:00,13.011158768937118,13.391686521343168,12.87943703335483,13.355097770690918,29200,0.0,0.0
2022-06-03 00:00:00-04:00,13.252644625913797,13.289233366830322,13.14287561162223,13.201419830322266,14500,0.0,0.0
2022-06-06 00:00:00-04:00,13.172152052265806,13.274601677136562,13.164834022521973,13.164834022521973,24500,0.0,0.0
2022-06-07 00:00:00-04:00,13.04775000963233,13.33314622734495,13.033113948269726,13.267285346984863,24900,0.0,0.0
2022-06-08 00:00:00-04:00,13.216058834957352,13.267283647392729,13.040430308419715,13.164834022521973,13200,0.0,0.0
2022-06-09 00:00:00-04:00,13.113604188391145,13.172147008152095,13.02578926086426,13.025789260864258,8900,0.0,0.0
2022-06-10 00:00:00-04:00,13.011161002680225,13.0184790332213,12.68917463773093,12.9306640625,42500,0.0,0.0
2022-06-13 00:00:00-04:00,12.78430089215605,13.033108243324055,12.608672419997053,12.733076095581055,24100,0.0,0.0
2022-06-14 00:00:00-04:00,12.681855943570895,12.71112806420344,12.513545437248364,12.542816162109375,33100,0.0,0.0
2022-06-15 00:00:00-04:00,12.773997585973664,13.097949495846937,12.773997585973664,12.78872299194336,26400,0.104,0.0
2022-06-16 00:00:00-04:00,12.773999265543491,13.208388968720538,12.773999265543491,12.803448677062988,14900,0.0,0.0
2022-06-17 00:00:00-04:00,12.774000858512656,12.825538388317854,12.317522986552223,12.369060516357422,19700,0.0,0.0
2022-06-21 00:00:00-04:00,12.280711130524118,12.376423487321247,11.91258430480957,11.91258430480957,20000,0.0,0.0
2022-06-22 00:00:00-04:00,11.964120514883685,13.178938624767273,11.964120514883685,12.02302074432373,37400,0.0,0.0
2022-06-23 00:00:00-04:00,12.265985164763915,12.265985164763915,12.192359522098082,12.221810340881348,15700,0.0,0.0
2022-06-24 00:00:00-04:00,12.295433773426264,12.523671960801124,12.14081981119085,12.310157775878906,30500,0.0,0.0
2022-06-27 00:00:00-04:00,12.302797191347072,12.619386469422542,12.302797191347072,12.346973419189453,25800,0.0,0.0
2022-06-28 00:00:00-04:00,12.33961266470126,12.516313391119608,12.265987010953811,12.376424789428711,37000,0.0,0.0
2022-06-29 00:00:00-04:00,12.773998115022605,12.913886668944336,12.553121229205335,12.560483932495117,17400,0.0,0.0
2022-06-30 00:00:00-04:00,12.99487243086821,12.99487243086821,12.626745725153574,12.884434700012207,29300,0.0,0.0
2022-07-01 00:00:00-04:00,12.759274432683172,12.84762547980792,12.707736906982175,12.729825019836426,24500,0.0,0.0
2022-07-05 00:00:00-04:00,12.715096752413539,12.950697619384195,12.685645941896238,12.884434700012207,20600,0.0,0.0
2022-07-06 00:00:00-04:00,12.913888401986238,12.913888401986238,12.77399982929148,12.781362533569336,11700,0.0,0.0
2022-07-07 00:00:00-04:00,12.972785047278595,12.972785047278595,12.810808406507634,12.84762191772461,13000,0.0,0.0
2022-07-08 00:00:00-04:00,12.825533810994425,12.994871749716916,12.818171108751029,12.84762191772461,18700,0.0,0.0
2022-07-11 00:00:00-04:00,12.832899361872794,12.99487463430701,12.832899361872794,12.899162292480469,21900,0.0,0.0
2022-07-12 00:00:00-04:00,12.913888304568708,13.031688763541254,12.891800191901764,12.958063125610352,19100,0.0,0.0
2022-07-13 00:00:00-04:00,12.891797402641531,12.99487243086821,12.884434700012207,12.884434700012207,11900,0.0,0.0
2022-07-14 00:00:00-04:00,12.879993668754645,13.035531997680662,12.879993668754645,13.035531997680664,11300,0.104,0.0
2022-07-15 00:00:00-04:00,13.028125276047263,13.13181655353947,12.983686358934559,13.035531997680664,14800,0.0,0.0
2022-07-18 00:00:00-04:00,13.020716952915983,13.146628379821777,12.96887132054669,13.146628379821777,12600,0.0,0.0
2022-07-19 00:00:00-04:00,13.161443089407761,13.257727642701223,13.146629646535638,13.242914199829102,11400,0.0,0.0
2022-07-20 00:00:00-04:00,13.220695800452582,13.265134717565285,13.035531997680662,13.035531997680664,13700,0.0,0.0
2022-07-21 00:00:00-04:00,13.139222871943716,13.139222871943716,12.902213437699267,12.991092681884766,9800,0.0,0.0
2022-07-22 00:00:00-04:00,12.924432223703871,13.072562397966767,12.902212061855057,12.954057693481445,20300,0.0,0.0
2022-07-25 00:00:00-04:00,13.042937501666644,13.042937501666644,12.894805908203125,12.894805908203125,27000,0.0,0.0
2022-07-26 00:00:00-04:00,12.946652432160068,12.99849806963029,12.917026959043227,12.931838989257812,17500,0.0,0.0
2022-07-27 00:00:00-04:00,13.013309148424208,13.035529308740887,12.902211172215639,12.917024612426758,21200,0.0,0.0
2022-07-28 00:00:00-04:00,12.924431835932273,13.220693588256836,12.924431835932273,13.220693588256836,37500,0.0,0.0
2022-07-29 00:00:00-04:00,13.383639248159989,13.457705050753917,13.257727807556615,13.435484886169434,30000,0.0,0.0
2022-08-01 00:00:00-04:00,13.568801499047256,13.850251234231381,13.568801499047256,13.820624351501465,28000,0.0,0.0
2022-08-02 00:00:00-04:00,13.820627191272425,13.842847357885516,13.657683540839864,13.835440635681152,13600,0.0,0.0
2022-08-03 00:00:00-04:00,13.835438624564459,14.028009135822462,13.746559383719378,13.902097702026367,12700,0.0,0.0
2022-08-04 00:00:00-04:00,13.902096766453857,14.035414912405734,13.790998782389797,13.887283325195312,13600,0.0,0.0
2022-08-05 00:00:00-04:00,13.791001250180157,14.065042899063252,13.776187806270865,13.828033447265625,18800,0.0,0.0
2022-08-08 00:00:00-04:00,13.828033249851453,13.828033249851453,13.642869441692053,13.66508960723877,7100,0.0,0.0
2022-08-09 00:00:00-04:00,13.568803918699977,13.776187896728514,13.568803918699977,13.776187896728516,13400,0.0,0.0
2022-08-10 00:00:00-04:00,13.74656112066488,13.939131656255116,13.650276559213655,13.709528923034668,13000,0.0,0.0
2022-08-11 00:00:00-04:00,13.56139691404184,13.77618760959686,13.56139691404184,13.66508960723877,22100,0.0,0.0
2022-08-12 00:00:00-04:00,13.68730836009774,13.924317808511733,13.568803635890744,13.66508960723877,13300,0.0,0.0
2022-08-15 00:00:00-04:00,13.805809079429977,13.84284267793157,13.694711109299876,13.768776893615723,4800,0.0,0.0
2022-08-16 00:00:00-04:00,13.831342822609752,13.890928519365012,13.615345204610087,13.771757125854492,8900,0.104,0.0
2022-08-17 00:00:00-04:00,13.883483604052907,13.883483604052907,13.727071643666184,13.749415397644043,6700,0.0,0.0
2022-08-18 00:00:00-04:00,13.727071198180456,13.779208516617349,13.511072112501472,13.712174415588379,9700,0.0,0.0
2022-08-19 00:00:00-04:00,13.704728247844743,13.779210752254322,13.630245743435166,13.682384490966797,5400,0.0,0.0
2022-08-22 00:00:00-04:00,13.637689915349458,13.637689915349458,13.369554971347196,13.406795501708984,3800,0.0,0.0
2022-08-23 00:00:00-04:00,13.49617386191197,13.615345255871164,13.272726432762173,13.295071601867676,11100,0.0,0.0
2022-08-24 00:00:00-04:00,13.25783090655162,13.771758479476441,13.25783090655162,13.4291410446167,11500,0.0,0.0
2022-08-25 00:00:00-04:00,13.391897961846546,13.697274839527639,13.332312264265724,13.399346351623535,4700,0.0,0.0
2022-08-26 00:00:00-04:00,13.33231158174724,13.70472252772138,13.33231158174724,13.645136833190918,2500,0.0,0.0
2022-08-29 00:00:00-04:00,13.674934588468993,13.674934588468993,13.161006927490234,13.161006927490234,18600,0.0,0.0
2022-08-30 00:00:00-04:00,13.101419819094291,13.272728547627434,13.101419819094291,13.123764991760254,8400,0.0,0.0
2022-08-31 00:00:00-04:00,13.146109137289056,13.146109137289056,12.803491669967311,12.818387031555176,40500,0.0,0.0
2022-09-01 00:00:00-04:00,12.840734930662565,12.885423866183212,12.632184197173475,12.661977767944336,6900,0.0,0.0
2022-09-02 00:00:00-04:00,12.699216223859667,12.736458181203126,12.609838367506192,12.632182121276855,8300,0.0,0.0
2022-09-06 00:00:00-04:00,12.66197171998398,12.751350968969135,12.408732171933503,12.52790355682373,21200,0.0,0.0
2022-09-07 00:00:00-04:00,12.453424070349252,13.228039678393499,12.423631927305022,12.885420799255371,73800,0.0,0.0
2022-09-08 00:00:00-04:00,13.220592300180323,13.220592300180323,12.892870177778217,12.974801063537598,7700,0.0,0.0
2022-09-09 00:00:00-04:00,12.743906580933828,13.213143878682311,12.743906580933828,13.13866138458252,19400,0.0,0.0
2022-09-12 00:00:00-04:00,13.146108743790915,13.146108743790915,12.922662699672491,13.123764991760254,13200,0.0,0.0
2022-09-13 00:00:00-04:00,13.012039943264911,13.056730286516192,12.371493983650822,12.401286125183105,28900,0.0,0.0
2022-09-14 00:00:00-04:00,12.632184498539793,12.743908970960291,12.468324117297772,12.542806625366211,9900,0.0,0.0
2022-09-15 00:00:00-04:00,12.478348987178201,12.485843662781695,12.261009112529667,12.3434476852417,11700,0.104,0.0
2022-09-16 00:00:00-04:00,12.440877675588297,12.440877675588297,12.171075057901588,12.290987014770508,2300,0.0,0.0
2022-09-19 00:00:00-04:00,12.313470396807672,12.403403645010115,12.043667793273926,12.043667793273926,8800,0.0,0.0
2022-09-20 00:00:00-04:00,12.036174502065572,12.171075819348625,11.923757214150818,12.013691902160645,28900,0.0,0.0
2022-09-21 00:00:00-04:00,12.088634215901825,12.088634215901825,11.93125031943896,12.06615161895752,20300,0.0,0.0
2022-09-22 00:00:00-04:00,11.923759211708248,12.103627188397358,11.863803219478543,11.916264533996582,13200,0.0,0.0
2022-09-23 00:00:00-04:00,11.968723494971512,11.968723494971512,11.766371537021898,11.79634952545166,17000,0.0,0.0
2022-09-26 00:00:00-04:00,11.751382262894747,11.796348885735037,11.646458951714765,11.698920249938965,16600,0.0,0.0
2022-09-27 00:00:00-04:00,11.698922572727753,11.841318574368033,11.653955940959461,11.818835258483887,30200,0.0,0.0
2022-09-28 00:00:00-04:00,11.76637097286769,12.051162206661552,11.758876297436686,11.886282920837402,59800,0.0,0.0
2022-09-29 00:00:00-04:00,11.841316995974568,11.878789660607692,11.6764377004278,11.728899002075195,7800,0.0,0.0
2022-09-30 00:00:00-04:00,11.751385126401416,11.751385126401416,11.691429138183594,11.691429138183594,18900,0.0,0.0
2022-10-03 00:00:00-04:00,11.766375013511215,12.261013040845318,11.736397016224164,12.088638305664062,23000,0.0,0.0
2022-10-04 00:00:00-04:00,12.096127695305926,12.388414291849237,11.953732449129834,12.201051712036133,18400,0.0,0.0
2022-10-05 00:00:00-04:00,12.111120199208703,12.29098815114189,12.111120199208703,12.25351619720459,3900,0.0,0.0
2022-10-06 00:00:00-04:00,12.17856668033365,12.238522643735237,12.171072006225586,12.171072006225586,3200,0.0,0.0
2022-10-07 00:00:00-04:00,12.156086535408866,12.156086535408866,11.796350640255199,12.058658599853516,5500,0.0,0.0
2022-10-10 00:00:00-04:00,12.021187392964418,12.253516660988637,11.99120868510918,12.081143379211426,8700,0.0,0.0
2022-10-11 00:00:00-04:00,12.178571550749426,12.246022215233735,11.908769607543945,11.908769607543945,21700,0.0,0.0
2022-10-12 00:00:00-04:00,12.088636626711766,12.088636626711766,11.90127470573867,12.081143379211426,13800,0.0,0.0
2022-10-13 00:00:00-04:00,11.993642231259729,12.17467817210471,11.895581636165025,12.136962890625,11500,0.104,0.0
2022-10-14 00:00:00-04:00,12.053984795944242,12.121873438122218,12.053984795944242,12.09170150756836,8500,0.0,0.0
2022-10-17 00:00:00-04:00,12.121872903499467,12.121872903499467,11.752257778357228,11.774887084960938,34800,0.0,0.0
2022-10-18 00:00:00-04:00,11.880494615836154,11.880494615836154,11.699458680053851,11.76734733581543,13500,0.0,0.0
2022-10-19 00:00:00-04:00,11.820147024107044,11.827690366486273,11.60893847309771,11.714542388916016,24000,0.0,0.0
2022-10-20 00:00:00-04:00,11.616482868579737,11.661742210388184,11.608940244422358,11.661742210388184,10700,0.0,0.0
2022-10-21 00:00:00-04:00,11.767344743496563,11.767344743496563,11.525962829589844,11.525962829589844,18300,0.0,0.0
2022-10-24 00:00:00-04:00,11.624024684606619,11.624024684606619,11.375100135803223,11.375100135803223,10600,0.0,0.0
2022-10-25 00:00:00-04:00,11.352469298331217,11.43544389696439,11.239321333606734,11.307209968566895,41200,0.0,0.0
2022-10-26 00:00:00-04:00,11.412814985061354,11.473160280578226,11.050742492587464,11.231779098510742,53300,0.0,0.0
2022-10-27 00:00:00-04:00,11.141264669874479,11.261955298981455,11.043203353881836,11.043203353881836,34800,0.0,0.0
2022-10-28 00:00:00-04:00,11.314755653482523,11.314755653482523,11.005485780720313,11.111089706420898,29500,0.0,0.0
2022-10-31 00:00:00-04:00,11.209151330803438,11.261954014545216,11.028115407790287,11.07337474822998,25800,0.0,0.0
2022-11-01 00:00:00-04:00,11.156347142748276,11.269494392235751,11.06582919928376,11.103545188903809,19700,0.0,0.0
2022-11-02 00:00:00-04:00,11.163891881620955,11.563679695129395,11.06583058408629,11.563679695129395,56800,0.0,0.0
2022-11-03 00:00:00-04:00,11.525965264684078,11.699458574438916,11.314756674844709,11.503335952758789,25800,0.0,0.0
2022-11-04 00:00:00-04:00,11.57122597285927,11.57122597285927,11.337387324137948,11.43544864654541,6700,0.0,0.0
2022-11-07 00:00:00-05:00,11.473163600955637,11.827692854248873,11.427904256533422,11.78243350982666,16200,0.0,0.0
2022-11-08 00:00:00-05:00,11.63156992363349,11.955926511966137,11.541051956525676,11.812605857849121,26500,0.0,0.0
2022-11-09 00:00:00-05:00,11.759803890212776,12.031357791536221,11.563681268459415,11.812605857849121,11500,0.0,0.0
2022-11-10 00:00:00-05:00,12.05398404199504,12.14450270548575,11.691912265522891,12.11432933807373,21200,0.0,0.0
2022-11-11 00:00:00-05:00,11.925752335936854,12.136960898929658,11.70700043013683,11.955924987792969,12900,0.0,0.0
2022-11-14 00:00:00-05:00,11.88303141283334,12.4145413973555,11.617277144696358,11.83747386932373,42800,0.104,0.0
2022-11-15 00:00:00-05:00,11.981739225195668,12.528434763066002,11.920995357001633,12.520841598510742,26900,0.0,0.0
2022-11-16 00:00:00-05:00,12.217124831409311,12.43732085690993,12.110822677612305,12.110822677612305,32900,0.0,0.0
2022-11-17 00:00:00-05:00,12.201937113896996,12.45250577557214,11.761543664642252,11.83747386932373,47600,0.0,0.0
2022-11-18 00:00:00-05:00,11.943774541592546,13.02197932569058,11.928588936078347,12.566399574279785,50100,0.0,0.0
2022-11-21 00:00:00-05:00,12.384169961754457,12.589181100208448,12.255089035496205,12.460100173950195,17600,0.0,0.0
2022-11-22 00:00:00-05:00,12.452507151944378,12.756226555992123,12.148787747896634,12.33861255645752,57000,0.0,0.0
2022-11-23 00:00:00-05:00,12.247492675798188,13.052350687650728,12.247492675798188,12.870119094848633,81800,0.0,0.0
2022-11-25 00:00:00-05:00,12.877715310140156,13.090319633483887,12.68029876847983,13.090319633483887,10700,0.0,0.0
2022-11-28 00:00:00-05:00,12.85493592261454,13.151062152586123,12.85493592261454,13.029574394226074,13700,0.0,0.0
2022-11-29 00:00:00-05:00,13.02198578329543,13.166253089904785,12.908091151024392,13.166253089904785,15900,0.0,0.0
2022-11-30 00:00:00-05:00,13.242183327501753,13.249776496086332,12.946055545698464,13.166253089904785,19600,0.0,0.0
2022-12-01 00:00:00-05:00,13.24217612233345,13.80405725762911,13.029571862391297,13.667383193969727,33500,0.0,0.0
2022-12-02 00:00:00-05:00,13.83442941515713,13.83442941515713,13.029572755204587,13.226990699768066,39700,0.0,0.0
2022-12-05 00:00:00-05:00,13.287736242803259,13.561084423237531,12.94605101726042,13.029574394226074,31800,0.0,0.0
2022-12-06 00:00:00-05:00,13.059945940083333,13.46996672739098,12.95364307443097,13.173840522766113,13500,0.0,0.0
2022-12-07 00:00:00-05:00,13.037164359521897,13.758499014913824,12.870119094848633,12.870119094848633,73000,0.0,0.0
2022-12-08 00:00:00-05:00,12.953644183188963,13.037167560154616,12.816970092971827,13.029574394226074,25100,0.0,0.0
2022-12-09 00:00:00-05:00,12.710669661237002,13.401631884079302,12.710669661237002,13.356074333190918,10000,0.0,0.0
2022-12-12 00:00:00-05:00,13.606640258948266,13.606640258948266,13.128282451610394,13.226990699768066,20200,0.0,0.0
2022-12-13 00:00:00-05:00,13.363665309986812,13.477559892669593,13.014386948411666,13.173840522766113,35700,0.0,0.0
2022-12-14 00:00:00-05:00,13.15398138502716,13.58939315990468,13.15398138502716,13.253286361694336,58400,0.104,0.0
2022-12-15 00:00:00-05:00,13.215091283472097,13.3678674947766,12.89426240531818,13.360228538513184,35600,0.0,0.0
2022-12-16 00:00:00-05:00,13.047036570043177,13.3602264428062,12.79495688081973,12.901899337768555,39300,0.0,0.0
2022-12-19 00:00:00-05:00,13.260923576303568,13.260923576303568,12.306076002133825,12.497045516967773,118200,0.0,0.0
2022-12-20 00:00:00-05:00,12.413017278375298,13.054674903477537,12.298435871817391,12.95536994934082,26100,0.0,0.0
2022-12-21 00:00:00-05:00,13.069953990803395,13.260923504604815,12.909538841579684,13.047037124633789,11300,0.0,0.0
2022-12-22 00:00:00-05:00,12.703289300078337,13.597026534012784,12.626902672872513,13.153977394104004,60800,0.0,0.0
2022-12-23 00:00:00-05:00,13.06231572253849,13.06231572253849,12.62690544128418,12.62690544128418,28600,0.0,0.0
2022-12-27 00:00:00-05:00,12.794955842852103,12.894259336679953,12.56579303741455,12.56579303741455,18900,0.0,0.0
2022-12-28 00:00:00-05:00,12.527602723775564,12.825516225250045,12.504687309265135,12.504687309265137,8800,0.0,0.0
2022-12-29 00:00:00-05:00,12.481768400500918,12.78731935228551,12.33663115203504,12.39010238647461,28000,0.0,0.0
2022-12-30 00:00:00-05:00,12.222049906271607,12.978289069384337,12.222049906271607,12.489407539367676,39400,0.0,0.0
2023-01-03 00:00:00-05:00,12.527599342915703,12.7949569435809,12.527599342915703,12.703290939331055,19400,0.0,0.0
2023-01-04 00:00:00-05:00,12.626903598728733,12.840788501758393,12.626903598728733,12.787317276000977,11200,0.0,0.0
2023-01-05 00:00:00-05:00,12.70329182396072,12.74912555776826,12.497045849754038,12.550517082214355,16900,0.0,0.0
2023-01-06 00:00:00-05:00,12.542879237803602,12.825514793395996,12.542879237803602,12.825514793395996,10600,0.0,0.0
2023-01-09 00:00:00-05:00,12.863705045429658,13.047035582167227,12.802594866517135,12.909537315368652,23200,0.0,0.0
2023-01-10 00:00:00-05:00,12.985926338668872,12.985926338668872,12.81787369879951,12.917177200317383,9100,0.0,0.0
2023-01-11 00:00:00-05:00,12.917177353452297,13.375504462235186,12.917177353452297,13.207451820373535,13200,0.0,0.0
2023-01-12 00:00:00-05:00,13.596922874450684,13.673740472280068,13.305010727972693,13.596922874450684,14800,0.097,0.0
2023-01-13 00:00:00-05:00,13.596923737929487,13.673741340637207,13.381830640823054,13.673741340637207,15200,0.0,0.0
2023-01-17 00:00:00-05:00,13.673741720729906,13.827379860819772,13.228192872711567,13.55083179473877,25900,0.0,0.0
2023-01-18 00:00:00-05:00,13.481694161715861,13.68142314861855,13.189783467136134,13.573877334594727,3300,0.0,0.0
2023-01-19 00:00:00-05:00,13.27428509802969,13.558513750381572,13.212830135477779,13.535469055175781,13800,0.0,0.0
2023-01-20 00:00:00-05:00,13.68142339394835,13.68142339394835,13.527786723331056,13.673741340637207,10700,0.0,0.0
2023-01-23 00:00:00-05:00,13.957973469641809,13.957973469641809,13.596925703048187,13.904200553894043,8700,0.0,0.0
2023-01-24 00:00:00-05:00,13.788969907671115,13.965652728388472,13.758241696136738,13.865787506103516,10600,0.0,0.0
2023-01-25 00:00:00-05:00,14.08087952262621,14.096243627227402,13.911878767618092,14.050152778625488,16900,0.0,0.0
2023-01-26 00:00:00-05:00,14.050153959535887,14.096244812011719,13.842742925591967,14.096244812011719,12700,0.0,0.0
2023-01-27 00:00:00-05:00,14.096244697006034,14.096244697006034,13.696786738269754,13.865787506103516,26200,0.0,0.0
2023-01-30 00:00:00-05:00,13.904199989672037,14.057836676259472,13.750561837882598,13.781290054321289,22300,0.0,0.0
2023-01-31 00:00:00-05:00,13.981015431186986,13.996378070210792,13.765922367635843,13.827377319335938,30500,0.0,0.0
2023-02-01 00:00:00-05:00,13.79665213500505,14.019427299499512,13.79665213500505,14.019427299499512,14000,0.0,0.0
2023-02-02 00:00:00-05:00,13.96565131328856,14.173062324523926,13.835059357903512,14.173062324523926,23000,0.0,0.0
2023-02-03 00:00:00-05:00,14.034793596582604,14.68775361913557,13.942610401844819,14.403523445129395,33700,0.0,0.0
2023-02-06 00:00:00-05:00,14.403519603853573,14.55715773237539,14.096244812011719,14.096244812011719,40800,0.0,0.0
2023-02-07 00:00:00-05:00,14.295973397651052,14.40351920552105,14.01942536004049,14.16538143157959,9800,0.0,0.0
2023-02-08 00:00:00-05:00,14.203786641031714,14.395833515245556,14.057830606372807,14.065512657165527,17600,0.0,0.0
2023-02-09 00:00:00-05:00,14.1807447118931,14.365111055422673,14.073198899169022,14.1961088180542,19200,0.0,0.0
2023-02-10 00:00:00-05:00,14.165379043121083,14.388152674032508,14.065513839621675,14.257560729980469,44900,0.0,0.0
2023-02-13 00:00:00-05:00,14.272924678390586,14.272924678390586,13.80432980212196,13.842740058898926,31900,0.0,0.0
2023-02-14 00:00:00-05:00,13.894492381034171,14.002620256385375,13.554660021618053,13.562383651733398,25500,0.097,0.0
2023-02-15 00:00:00-05:00,13.554654845888646,13.894487075542724,13.516038183189178,13.585549354553223,5800,0.0,0.0
2023-02-16 00:00:00-05:00,13.554654030954731,13.577824911060082,13.091248213897025,13.137588500976562,31400,0.0,0.0
2023-02-17 00:00:00-05:00,13.083524421269788,13.307503700256348,13.083524421269788,13.307503700256348,4200,0.0,0.0
2023-02-21 00:00:00-05:00,13.284336328948495,13.307505739178769,12.936780444180645,12.975397109985352,16600,0.0,0.0
2023-02-22 00:00:00-05:00,12.905889073816251,13.098975396092127,12.882719657947455,13.029465675354004,8000,0.0,0.0
2023-02-23 00:00:00-05:00,13.122146526553957,13.160764675598784,12.998571395874023,12.998571395874023,6500,0.0,0.0
2023-02-24 00:00:00-05:00,12.92133325719698,13.03718472835745,12.759141492198598,12.859545707702637,7800,0.0,0.0
2023-02-27 00:00:00-05:00,12.936781291178788,12.959952176057481,12.813206184755359,12.851822853088379,3600,0.0,0.0
2023-02-28 00:00:00-05:00,12.990840655392287,13.02173515771772,12.913605872709656,12.921329498291016,6600,0.0,0.0
2023-03-01 00:00:00-05:00,12.898163434056105,13.052631566282738,12.782310493471964,12.882716178894043,10600,0.0,0.0
2023-03-02 00:00:00-05:00,12.705077515145206,12.859545651641977,12.69735388735066,12.797758102416992,10800,0.0,0.0
2023-03-03 00:00:00-05:00,12.805481965630312,12.967675206034796,12.805481965630312,12.867269515991211,7800,0.0,0.0
2023-03-06 00:00:00-05:00,12.859547482918872,13.08352830146276,12.790036296000535,12.91361141204834,19100,0.0,0.0
2023-03-07 00:00:00-05:00,12.898163367741946,12.990843951975153,12.581502004204388,12.7205228805542,34400,0.0,0.0
2023-03-08 00:00:00-05:00,12.782312113585137,12.797759370705087,12.527438263632062,12.651013374328613,27200,0.0,0.0
2023-03-09 00:00:00-05:00,12.666458082622484,12.805480422464015,12.658734455616708,12.705076217651367,12600,0.0,0.0
2023-03-10 00:00:00-05:00,12.558331776723064,12.751418055935046,12.504267854244734,12.589224815368652,8100,0.0,0.0
2023-03-13 00:00:00-04:00,12.226220517286205,12.65873327743606,12.226220517286205,12.419306755065918,9500,0.0,0.0
2023-03-14 00:00:00-04:00,12.393665276389426,12.48690906526774,12.22271795959463,12.385894775390625,25200,0.097,0.0
2023-03-15 00:00:00-04:00,12.308196146021404,12.339277419479599,12.22272208823436,12.23049259185791,19500,0.0,0.0
2023-03-16 00:00:00-04:00,12.238261189783541,12.424748801493532,12.238261189783541,12.27711296081543,17300,0.0,0.0
2023-03-17 00:00:00-04:00,12.214950528135063,12.347046106152646,12.214950528135063,12.253802299499512,19000,0.0,0.0
2023-03-20 00:00:00-04:00,12.27711494684555,12.32373648679692,12.098397067602592,12.199411392211914,19900,0.0,0.0
2023-03-21 00:00:00-04:00,12.253802899196428,12.463602030210405,12.160558346944034,12.362586975097656,22300,0.0,0.0
2023-03-22 00:00:00-04:00,12.385898845446368,12.385898845446368,12.30042552947998,12.30042552947998,3500,0.0,0.0
2023-03-23 00:00:00-04:00,12.277116585592434,12.33150863647461,12.277116585592434,12.33150863647461,2100,0.0,0.0
2023-03-24 00:00:00-04:00,12.416974262309,12.416974262309,12.24602771100102,12.370352745056152,3500,0.0,0.0
2023-03-27 00:00:00-04:00,12.424747540451381,12.626776136483718,12.416977038826486,12.440288543701172,31400,0.0,0.0
2023-03-28 00:00:00-04:00,12.525765095617208,12.71225272586047,12.455832049016994,12.642319679260254,15900,0.0,0.0
2023-03-29 00:00:00-04:00,12.72779073188358,12.797723770141602,12.634547668920726,12.797723770141602,18500,0.0,0.0
2023-03-30 00:00:00-04:00,12.743329048156738,12.852114574760442,12.704478027129918,12.743329048156738,4700,0.0,0.0
2023-03-31 00:00:00-04:00,13.170701164258999,13.170701164258999,12.898739499113033,13.015294075012207,5100,0.0,0.0
2023-04-03 00:00:00-04:00,13.116309968626823,13.232866047241306,13.116309968626823,13.178472518920898,15000,0.0,0.0
2023-04-04 00:00:00-04:00,13.09299758374072,13.116307609613544,12.64231880464678,13.007523536682129,11800,0.0,0.0
2023-04-05 00:00:00-04:00,12.92204776193439,13.434890493646572,12.883196735959542,12.953129768371582,9000,0.0,0.0
2023-04-06 00:00:00-04:00,12.929822317744595,13.419353698123533,12.914282791725155,13.178472518920898,9100,0.0,0.0
2023-04-10 00:00:00-04:00,13.030835713472419,13.40381096730003,12.665629480619957,13.13184928894043,29400,0.0,0.0
2023-04-11 00:00:00-04:00,13.18623795546824,13.209549458646897,12.82103329809846,12.960899353027344,2200,0.0,0.0
2023-04-12 00:00:00-04:00,12.98421089213498,13.4115796079454,12.976441872238677,13.240633010864258,13900,0.0,0.0
2023-04-13 00:00:00-04:00,13.081989370966939,13.191396213999434,12.9803975153734,13.035100936889648,10300,0.097,0.0
2023-04-14 00:00:00-04:00,13.27736257362252,13.27736257362252,12.777215189412157,12.878807067871094,14600,0.0,0.0
2023-04-17 00:00:00-04:00,12.94132549089739,13.160140716767813,12.816288644844798,12.878807067871094,10600,0.0,0.0
2023-04-18 00:00:00-04:00,12.917881130933472,13.19921327004458,12.86317621028732,12.949139595031738,24100,0.0,0.0
2023-04-19 00:00:00-04:00,12.878807970583228,13.207030087116491,12.878807970583228,12.917882919311523,5500,0.0,0.0
2023-04-20 00:00:00-04:00,13.199214192919131,13.199214192919131,12.941325511211259,12.988215446472168,10900,0.0,0.0
2023-04-21 00:00:00-04:00,13.042920384849083,13.105438815184831,13.042920384849083,13.097623825073242,8800,0.0,0.0
2023-04-24 00:00:00-04:00,13.152329338820936,13.199217796325684,13.128884364789968,13.199217796325684,8100,0.0,0.0
2023-04-25 00:00:00-04:00,13.199218366280883,13.371145202150906,12.886626151822547,13.300811767578125,13600,0.0,0.0
2023-04-26 00:00:00-04:00,13.37895598772309,13.37895598772309,13.066362380981445,13.066362380981445,9500,0.0,0.0
2023-04-27 00:00:00-04:00,12.988216750320282,13.191400527954102,12.980401760325607,13.191400527954102,2800,0.0,0.0
2023-04-28 00:00:00-04:00,13.191398502158043,13.246103423719761,13.097621617737074,13.160140037536621,12700,0.0,0.0
2023-05-01 00:00:00-04:00,13.2304775973633,13.457106381285591,12.972588848454667,13.285181045532227,39700,0.0,0.0
2023-05-02 00:00:00-04:00,13.199213117397152,13.441473291501223,12.98039939956981,13.152324676513672,18400,0.0,0.0
2023-05-03 00:00:00-04:00,13.20703278766934,13.402403099589174,13.199217796325684,13.199217796325684,8200,0.0,0.0
2023-05-04 00:00:00-04:00,13.199217796325684,13.441478056307453,12.988218992275726,13.199217796325684,21700,0.0,0.0
2023-05-05 00:00:00-04:00,13.363326098449438,13.386769575721752,13.128880891828729,13.24610424041748,5500,0.0,0.0
2023-05-08 00:00:00-04:00,13.363324138574363,13.441472529319965,13.113250480633697,13.136693954467773,14900,0.0,0.0
2023-05-09 00:00:00-04:00,13.081991269910125,13.371139884897675,12.972584410996454,13.152324676513672,11400,0.0,0.0
2023-05-10 00:00:00-04:00,13.26954893734392,13.378957306712437,13.011660229747374,13.191400527954102,22800,0.0,0.0
2023-05-11 00:00:00-04:00,13.011657863306576,13.308621466867484,13.011657863306576,13.152324676513672,5900,0.0,0.0
2023-05-12 00:00:00-04:00,13.212848552224106,13.212848552224106,12.969185487090424,13.181408882141113,13900,0.097,0.0
2023-05-15 00:00:00-04:00,13.008488104048872,13.236432130254807,13.008488104048872,13.047789573669434,8200,0.0,0.0
2023-05-16 00:00:00-04:00,13.0635049686414,13.18926662304011,13.008482933044434,13.008482933044434,2000,0.0,0.0
2023-05-17 00:00:00-04:00,13.047787128188785,13.322891367180226,13.047787128188785,13.204988479614258,4300,0.0,0.0
2023-05-18 00:00:00-04:00,13.260011073885252,13.260011073885252,13.087087631225586,13.087087631225586,1400,0.0,0.0
2023-05-19 00:00:00-04:00,13.055644677841833,13.134244587443145,12.977043269043344,13.008482933044434,26500,0.0,0.0
2023-05-22 00:00:00-04:00,13.047787914990312,13.087087880417155,12.741242487710124,12.88272476196289,15300,0.0,0.0
2023-05-23 00:00:00-04:00,12.827701784047756,12.922023782105738,12.772681243179473,12.811981201171875,12900,0.0,0.0
2023-05-24 00:00:00-04:00,12.811981187261772,12.898442893787943,12.694079814215275,12.733381271362305,14400,0.0,0.0
2023-05-25 00:00:00-04:00,12.639061519703532,12.772683499357015,12.54474025458321,12.560460090637207,14100,0.0,0.0
2023-05-26 00:00:00-04:00,12.945605504319834,12.945605504319834,12.112433950405244,12.183175086975098,43300,0.0,0.0
2023-05-30 00:00:00-04:00,12.238195419311523,12.348237268633081,12.12029402686603,12.238195419311523,33400,0.0,0.0
2023-05-31 00:00:00-04:00,12.316799385071171,12.356100107183371,12.198897968333492,12.301078796386719,27500,0.0,0.0
2023-06-01 00:00:00-04:00,12.316796834396934,12.442558519432964,12.20675498519102,12.33251667022705,28000,0.0,0.0
2023-06-02 00:00:00-04:00,12.379677359760056,12.379677359760056,12.198895129551913,12.261775970458984,15600,0.0,0.0
2023-06-05 00:00:00-04:00,12.261777544878852,12.379678949318535,12.214616533343667,12.324658393859863,16900,0.0,0.0
2023-06-06 00:00:00-04:00,12.379677772521973,12.434698322750462,12.348237351020154,12.379677772521973,14900,0.0,0.0
2023-06-07 00:00:00-04:00,12.426836123228306,12.458276538009459,12.293214173008751,12.363954544067383,17400,0.0,0.0
2023-06-08 00:00:00-04:00,12.44255794793809,12.69408130645752,12.434697655584674,12.69408130645752,30300,0.0,0.0
2023-06-09 00:00:00-04:00,12.536878689495394,12.678360198018726,12.489718436520517,12.623339653015137,9300,0.0,0.0
2023-06-12 00:00:00-04:00,12.725522255307178,12.788403093847158,12.615479663464125,12.670501708984375,16600,0.0,0.0
2023-06-13 00:00:00-04:00,12.654781995495133,12.654781995495133,12.568320274353027,12.568320274353027,8900,0.0,0.0
2023-06-14 00:00:00-04:00,12.59758285412845,12.724112125679504,12.478961096418876,12.51059341430664,17100,0.097,0.0
2023-06-15 00:00:00-04:00,12.597578329575313,12.597578329575313,12.463140838293475,12.558037757873535,17500,0.0,0.0
2023-06-16 00:00:00-04:00,12.542220714834254,12.542220714834254,12.4473237991333,12.4473237991333,11300,0.0,0.0
2023-06-20 00:00:00-04:00,12.439418326679814,12.447326593306883,12.39197023526502,12.39987850189209,12200,0.0,0.0
2023-06-21 00:00:00-04:00,12.399874647893473,12.550127896238601,12.399874647893473,12.415690422058105,16900,0.0,0.0
2023-06-22 00:00:00-04:00,12.44732435503425,12.486864926885618,12.41569204838789,12.455232620239258,15400,0.0,0.0
2023-06-23 00:00:00-04:00,12.542222846855545,12.613395734273174,12.494774758026308,12.597579956054688,19700,0.0,0.0
2023-06-26 00:00:00-04:00,12.510589984820598,12.65293575338174,12.510589984820598,12.58967113494873,16500,0.0,0.0
2023-06-27 00:00:00-04:00,12.732018092940734,12.732018092940734,12.558039998909976,12.652936935424805,15900,0.0,0.0
2023-06-28 00:00:00-04:00,12.716201848243822,12.858547633332183,12.62130490957619,12.763649940490723,16800,0.0,0.0
2023-06-29 00:00:00-04:00,12.73992680670351,12.73992680670351,12.573856219256152,12.629213333129883,13000,0.0,0.0
2023-06-30 00:00:00-04:00,12.834817663314226,12.945531845092773,12.724104989882727,12.945531845092773,24200,0.0,0.0
2023-07-03 00:00:00-04:00,12.803186117339676,13.024611464202673,12.803186117339676,12.945531845092773,6100,0.0,0.0
2023-07-05 00:00:00-04:00,12.945539379828691,13.1116084866337,12.890181502545762,12.977170944213867,11100,0.0,0.0
2023-07-06 00:00:00-04:00,12.890181081888462,12.929722421514454,12.842732982685154,12.850641250610352,2800,0.0,0.0
2023-07-07 00:00:00-04:00,12.842725926894627,12.977163391067323,12.842725926894627,12.945531845092773,7000,0.0,0.0
2023-07-10 00:00:00-04:00,12.874364762453125,12.977169218468593,12.84273169392669,12.905996322631836,9100,0.0,0.0
2023-07-11 00:00:00-04:00,12.97716641614468,13.072064092883807,12.81109736728546,12.953441619873047,5600,0.0,0.0
2023-07-12 00:00:00-04:00,13.032523882549862,13.08788023691321,12.961350995983407,12.969259262084961,2500,0.0,0.0
2023-07-13 00:00:00-04:00,13.014605522155762,13.030514644096868,12.839591524904916,13.014605522155762,9600,0.097,0.0
2023-07-14 00:00:00-04:00,12.767994736800004,13.03051420653893,12.728219657299752,12.966873168945312,2700,0.0,0.0
2023-07-17 00:00:00-04:00,12.815727029815582,12.966873550218416,12.744130670752316,12.77595043182373,6900,0.0,0.0
2023-07-18 00:00:00-04:00,12.767996485971842,12.998696227180046,12.744132041931152,12.744132041931152,10200,0.0,0.0
2023-07-19 00:00:00-04:00,12.760041363233157,13.078246561886413,12.760041363233157,13.014605522155762,18100,0.0,0.0
2023-07-20 00:00:00-04:00,12.966870427208853,12.966870427208853,12.879364967346191,12.879364967346191,1900,0.0,0.0
2023-07-21 00:00:00-04:00,12.943005991483448,13.006647015620702,12.783902672479458,12.879364967346191,3700,0.0,0.0
2023-07-24 00:00:00-04:00,12.863456261530668,12.903231338587172,12.81572586559848,12.847545623779297,11100,0.0,0.0
2023-07-25 00:00:00-04:00,12.855498488653243,12.943005462259553,12.815723419189453,12.815723419189453,1800,0.0,0.0
2023-07-26 00:00:00-04:00,12.831633061251974,12.950961309165816,12.791857990161828,12.879364967346191,11000,0.0,0.0
2023-07-27 00:00:00-04:00,12.887323639006857,12.92709872044863,12.807771958801215,12.863457679748535,12400,0.0,0.0
2023-07-28 00:00:00-04:00,12.863458155578382,13.04642596469402,12.863458155578382,12.9589204788208,13900,0.0,0.0
2023-07-31 00:00:00-04:00,13.07029045263948,13.30894395788113,12.847546068377818,13.237347602844238,13000,0.0,0.0
2023-08-01 00:00:00-04:00,13.205526237575597,13.404404640197754,13.189615601208594,13.404404640197754,12600,0.0,0.0
2023-08-02 00:00:00-04:00,13.404404585921887,13.483956250112996,13.229390621237087,13.356674194335938,9700,0.0,0.0
2023-08-03 00:00:00-04:00,13.468050451291179,13.818076989062202,13.22144156931089,13.245306015014648,12400,0.0,0.0
2023-08-04 00:00:00-04:00,13.261215770607256,13.635106729089893,13.261215770607256,13.53169059753418,10700,0.0,0.0
2023-08-07 00:00:00-04:00,13.49191520905503,13.563511582466957,13.293036731204651,13.50782585144043,26700,0.0,0.0
2023-08-08 00:00:00-04:00,13.515780855901646,13.539646818920467,13.14188987254082,13.165754318237305,16400,0.0,0.0
2023-08-09 00:00:00-04:00,13.205524654702298,13.205524654702298,12.935049938170732,13.102107048034668,4200,0.0,0.0
2023-08-10 00:00:00-04:00,13.102111908797097,13.133933189522265,12.887324333190918,12.887324333190918,8100,0.0,0.0
2023-08-11 00:00:00-04:00,12.887320051274878,12.911184486567427,12.79981307567774,12.87140941619873,14400,0.0,0.0
2023-08-14 00:00:00-04:00,12.88501765373556,12.88501765373556,12.820992783870562,12.853004455566406,3000,0.097,0.0
2023-08-15 00:00:00-04:00,12.804984344601067,12.941037364321376,12.652925491333008,12.652925491333008,38900,0.0,0.0
2023-08-16 00:00:00-04:00,12.620914523684911,12.68493939176907,12.612911224365234,12.612911224365234,9600,0.0,0.0
2023-08-17 00:00:00-04:00,12.612912190867547,12.65292792729563,12.524877418078427,12.540884017944336,8200,0.0,0.0
2023-08-18 00:00:00-04:00,12.51687456182677,12.644924304538177,12.51687456182677,12.556889533996582,3900,0.0,0.0
2023-08-21 00:00:00-04:00,12.524876537801967,12.57289557078812,12.460851669311523,12.460851669311523,10800,0.0,0.0
2023-08-22 00:00:00-04:00,12.500864344466725,12.64492064494374,12.484858512878418,12.484858512878418,4300,0.0,0.0
2023-08-23 00:00:00-04:00,12.56489320658234,12.62891807983795,12.56489320658234,12.60490894317627,6300,0.0,0.0
2023-08-24 00:00:00-04:00,12.604909228410692,12.604909228410692,12.444847041649645,12.452850341796875,15600,0.0,0.0
2023-08-25 00:00:00-04:00,12.452846659476707,12.548883943135008,12.452846659476707,12.508868217468262,5100,0.0,0.0
2023-08-28 00:00:00-04:00,12.500868616206834,12.524877753411813,12.444847041649645,12.452850341796875,5800,0.0,0.0
2023-08-29 00:00:00-04:00,12.54888781987484,12.644925133202038,12.44484720629453,12.572896957397461,9800,0.0,0.0
2023-08-30 00:00:00-04:00,12.548884964991107,12.732956249515992,12.548884964991107,12.644922256469727,36900,0.0,0.0
2023-08-31 00:00:00-04:00,12.804987018935714,12.861008592907814,12.668933970800586,12.79698371887207,13400,0.0,0.0
2023-09-01 00:00:00-04:00,12.796980671116486,12.89301872253418,12.74896240864416,12.89301872253418,5600,0.0,0.0
2023-09-05 00:00:00-04:00,12.764968238586322,12.853002228588302,12.700943379814605,12.820990562438965,12800,0.0,0.0
2023-09-06 00:00:00-04:00,12.804984982459183,13.445233620992878,12.804984982459183,12.81298828125,7900,0.0,0.0
2023-09-07 00:00:00-04:00,12.804986693746894,13.301180599777867,12.804986693746894,12.836999893188477,12400,0.0,0.0
2023-09-08 00:00:00-04:00,12.933033178440946,12.997058034711525,12.812986763742732,12.90902328491211,4600,0.0,0.0
2023-09-11 00:00:00-04:00,12.812987836309258,12.933034261056477,12.684938113049142,12.700943946838379,28900,0.0,0.0
2023-09-12 00:00:00-04:00,12.67693665359119,12.917029537916125,12.67693665359119,12.708949089050293,17000,0.0,0.0
2023-09-13 00:00:00-04:00,12.716952388724234,12.93303613726401,12.708949089050293,12.708949089050293,2600,0.0,0.0
2023-09-14 00:00:00-04:00,12.722636325749455,12.835368053523005,12.722636325749455,12.77900218963623,9600,0.097,0.0
2023-09-15 00:00:00-04:00,12.762897160307562,12.940047226181647,12.762897160307562,12.907838821411133,2100,0.0,0.0
2023-09-18 00:00:00-04:00,12.787053779723749,12.8917337824156,12.722635434671417,12.883681297302246,5300,0.0,0.0
2023-09-19 00:00:00-04:00,12.867578323543547,12.867578323543547,12.601852416992188,12.601852416992188,5200,0.0,0.0
2023-09-20 00:00:00-04:00,12.666272670285823,12.666272670285823,12.311971664428711,12.311971664428711,41700,0.0,0.0
2023-09-21 00:00:00-04:00,12.311971763088808,12.392495103574426,12.183135032653809,12.183135032653809,15700,0.0,0.0
2023-09-22 00:00:00-04:00,12.199236494450547,12.29586478845725,12.110661454192938,12.158975601196289,10100,0.0,0.0
2023-09-25 00:00:00-04:00,12.110663411701935,12.158977566514553,11.87714666061707,11.925460815429688,38200,0.0,0.0
2023-09-26 00:00:00-04:00,11.973773691955172,11.973773691955172,11.595315260490976,11.651681900024414,52200,0.0,0.0
2023-09-27 00:00:00-04:00,11.651682140919714,11.651682140919714,11.434269600925955,11.53089714050293,13700,0.0,0.0
2023-09-28 00:00:00-04:00,11.530895078480205,11.61141839769174,11.38595417899764,11.522843360900879,41900,0.0,0.0
2023-09-29 00:00:00-04:00,11.844937441853876,11.844937441853876,11.490636456771167,11.563106536865234,22700,0.0,0.0
2023-10-02 00:00:00-04:00,11.52284471028007,11.667785626735895,11.442321381638875,11.482583045959473,10000,0.0,0.0
2023-10-03 00:00:00-04:00,11.466479209534752,11.667786783162514,11.385956640840117,11.410113334655762,28200,0.0,0.0
2023-10-04 00:00:00-04:00,11.458423614501953,11.699992790921703,11.458423614501953,11.458423614501953,23500,0.0,0.0
2023-10-05 00:00:00-04:00,11.506737657778567,11.506737657778567,11.241011796385346,11.321535110473633,18900,0.0,0.0
2023-10-06 00:00:00-04:00,11.32153381494441,11.36984718352707,11.241010510070446,11.313481330871582,23900,0.0,0.0
2023-10-09 00:00:00-04:00,11.394007927728827,11.402060414670913,11.281276182249304,11.345694541931152,18300,0.0,0.0
2023-10-10 00:00:00-04:00,11.313486093734417,11.530897879738836,11.289329399273363,11.498688697814941,35800,0.0,0.0
2023-10-11 00:00:00-04:00,11.563105826081332,11.603367491165889,11.47453077723722,11.514792442321777,31200,0.0,0.0
2023-10-12 00:00:00-04:00,11.642073400254597,11.723146646003784,11.38264025093204,11.398855209350586,29300,0.097,0.0
2023-10-13 00:00:00-04:00,11.4637147832704,11.633967999914033,11.431285635965509,11.479928970336914,8100,0.0,0.0
2023-10-16 00:00:00-04:00,11.471820834223653,11.47992831387923,11.333996772766113,11.333996772766113,6300,0.0,0.0
2023-10-17 00:00:00-04:00,11.309677238310528,11.593432894355708,11.10699484775596,11.285355567932129,62400,0.0,0.0
2023-10-18 00:00:00-04:00,11.285355022798111,11.301569211209838,11.196175053603806,11.252925872802734,8500,0.0,0.0
2023-10-19 00:00:00-04:00,11.22860537195292,11.25292704368718,11.131317138671875,11.131317138671875,9700,0.0,0.0
2023-10-20 00:00:00-04:00,11.163747787475586,11.244820289558941,11.09078199438013,11.163747787475586,9000,0.0,0.0
2023-10-23 00:00:00-04:00,11.082670464624535,11.098884649850666,10.985383033752441,10.985383033752441,25500,0.0,0.0
2023-10-24 00:00:00-04:00,11.05024246521315,11.123208239215506,10.952955024267293,11.001598358154297,18900,0.0,0.0
2023-10-25 00:00:00-04:00,11.034033023026762,11.082677154411535,10.87188720703125,10.87188720703125,19500,0.0,0.0
2023-10-26 00:00:00-04:00,10.904314041137695,10.969172353682573,10.831348246231688,10.904314041137695,16600,0.0,0.0
2023-10-27 00:00:00-04:00,10.904311349968024,10.904311349968024,10.580019867278342,10.693521499633789,55600,0.0,0.0
2023-10-30 00:00:00-04:00,10.725953288884938,10.896206552510353,10.644880784836499,10.815134048461914,13800,0.0,0.0
2023-10-31 00:00:00-04:00,10.904310477669146,11.147529456815855,10.750272229006928,11.082671165466309,39000,0.0,0.0
2023-11-01 00:00:00-04:00,11.179960339216503,11.382642724462032,11.050243736366875,11.293462753295898,11000,0.0,0.0
2023-11-02 00:00:00-04:00,11.398855833932688,11.512357456394561,11.309675104087713,11.471820831298828,25000,0.0,0.0
2023-11-03 00:00:00-04:00,11.544786961516087,11.633967694139498,11.471821188704872,11.625860214233398,30400,0.0,0.0
2023-11-06 00:00:00-05:00,11.585323226932516,11.585323226932516,11.415070020067892,11.471820831298828,18400,0.0,0.0
2023-11-07 00:00:00-05:00,11.488035857669356,11.633967399597168,11.488035857669356,11.633967399597168,13700,0.0,0.0
2023-11-08 00:00:00-05:00,11.633967687035097,11.788005939297719,11.536679474564997,11.763684272766113,21300,0.0,0.0
2023-11-09 00:00:00-05:00,11.828544097145757,11.828544097145757,11.617754231454681,11.65829086303711,7600,0.0,0.0
2023-11-10 00:00:00-05:00,11.617755438089013,11.812330362087131,11.617755438089013,11.788008689880371,14000,0.0,0.0
2023-11-13 00:00:00-05:00,11.682612373116598,11.836651416391044,11.674504892276484,11.731256484985352,12500,0.0,0.0
2023-11-14 00:00:00-05:00,11.834912549303887,11.95734236776835,11.769616542337532,11.932856559753418,41000,0.097,0.0
2023-11-15 00:00:00-05:00,11.932856559753418,11.941018755221663,11.892046360801995,11.932856559753418,13100,0.0,0.0
2023-11-16 00:00:00-05:00,11.957344477671263,12.33279697317222,11.916535049908719,12.300148963928223,60600,0.0,0.0
2023-11-17 00:00:00-05:00,12.365441453579022,12.463386231749576,12.243011648450405,12.45522403717041,27700,0.0,0.0
2023-11-20 00:00:00-05:00,12.381768039499919,12.479712056657899,12.30830983203397,12.463388442993164,41900,0.0,0.0
2023-11-21 00:00:00-05:00,12.381768528747845,12.447064542766576,12.35728271808829,12.389930725097656,21100,0.0,0.0
2023-11-22 00:00:00-05:00,12.389930502950854,12.422578509374855,12.324634490102856,12.414416313171387,14400,0.0,0.0
2023-11-24 00:00:00-05:00,12.349118487476755,12.455224687375866,12.340956292471494,12.447062492370605,13500,0.0,0.0
2023-11-27 00:00:00-05:00,12.447061755799602,12.455223950321855,12.300145367957915,12.422575950622559,21300,0.0,0.0
2023-11-28 00:00:00-05:00,12.45522334001848,12.642949134493476,12.373602955574766,12.406250953674316,23900,0.0,0.0
2023-11-29 00:00:00-05:00,12.487874841258627,12.659277073961016,12.349120615814318,12.545008659362793,30300,0.0,0.0
2023-11-30 00:00:00-05:00,12.749056036512922,12.749056036512922,12.381765842737353,12.45522403717041,26900,0.0,0.0
2023-12-01 00:00:00-05:00,12.577654838562012,12.659275234039303,12.487873026248817,12.577654838562012,47500,0.0,0.0
2023-12-04 00:00:00-05:00,12.569493536188896,12.634789545853005,12.316471693337922,12.398091316223145,43700,0.0,0.0
2023-12-05 00:00:00-05:00,12.447062321641843,12.602140132665891,12.31647031690796,12.381766319274902,87700,0.0,0.0
2023-12-06 00:00:00-05:00,12.349118318091431,12.520520518902089,12.324632511801266,12.381766319274902,61600,0.0,0.0
2023-12-07 00:00:00-05:00,12.389928037316519,12.487872037097356,12.357280037389573,12.45522403717041,20200,0.0,0.0
2023-12-08 00:00:00-05:00,12.422576678770486,12.593978881835938,12.422576678770486,12.593978881835938,16500,0.0,0.0
2023-12-11 00:00:00-05:00,12.545008338867385,12.553170535070851,12.381768306747386,12.414416313171387,14200,0.0,0.0
2023-12-12 00:00:00-05:00,12.52051933621758,12.52051933621758,12.373602955574766,12.406250953674316,38100,0.0,0.0
2023-12-13 00:00:00-05:00,12.398091513751577,12.536845731095926,12.357282090853701,12.520522117614746,44800,0.0,0.0
2023-12-14 00:00:00-05:00,12.567340577950231,12.715191109056692,12.567340577950231,12.665907859802246,29000,0.097,0.0
2023-12-15 00:00:00-05:00,12.76447514165426,12.76447514165426,12.58376806658734,12.665907859802246,39400,0.0,0.0
2023-12-18 00:00:00-05:00,12.60841310351117,12.657696363041564,12.526273293169465,12.633054733276367,41100,0.0,0.0
2023-12-19 00:00:00-05:00,12.64948070842149,13.019109027290295,12.64948070842149,12.748048782348633,66700,0.0,0.0
2023-12-20 00:00:00-05:00,12.706975653008861,12.813757053175337,12.550910228402858,12.583765983581543,55100,0.0,0.0
2023-12-21 00:00:00-05:00,12.600196244985986,12.649479493874406,12.518056452381131,12.542698860168457,28400,0.0,0.0
2023-12-22 00:00:00-05:00,12.550910228402858,12.665905763199754,12.550910228402858,12.583765983581543,35400,0.0,0.0
2023-12-26 00:00:00-05:00,12.56733967907521,12.62483706020729,12.550911408270007,12.616622924804688,53700,0.0,0.0
2023-12-27 00:00:00-05:00,12.61662173876023,12.780901297996651,12.559124363033277,12.583765983581543,45800,0.0,0.0
2023-12-28 00:00:00-05:00,12.534484775314995,12.739833474320772,12.394847597323617,12.493414878845215,86700,0.0,0.0
2023-12-29 00:00:00-05:00,12.633051603937544,12.633051603937544,12.419488776625483,12.509841918945312,51100,0.0,0.0
2024-01-02 00:00:00-05:00,12.534484454390407,12.706977388472591,12.518056182885866,12.641265869140625,16000,0.0,0.0
2024-01-03 00:00:00-05:00,12.797331894641372,12.838401794433594,12.690550468518872,12.838401794433594,17000,0.0,0.0
2024-01-04 00:00:00-05:00,12.838400881529042,13.010893821716309,12.838400881529042,13.010893821716309,16300,0.0,0.0
2024-01-05 00:00:00-05:00,12.904112901834074,13.068391712326491,12.846615513997518,12.945182800292969,9400,0.0,0.0
2024-01-08 00:00:00-05:00,12.953396303259257,13.134102594293175,12.953396303259257,13.10124683380127,7800,0.0,0.0
2024-01-09 00:00:00-05:00,13.043749948651477,13.12588896135749,13.027321676104384,13.03553581237793,6600,0.0,0.0
2024-01-10 00:00:00-05:00,13.101249394229505,13.101249394229505,12.97804046414144,13.027323722839355,10800,0.0,0.0
2024-01-11 00:00:00-05:00,13.060179489752391,13.06839362731647,13.002682093490398,13.027323722839355,8300,0.0,0.0
2024-01-12 00:00:00-05:00,13.090959392821501,13.132282022887038,12.958727607142677,13.00831413269043,17600,0.097,0.0
2024-01-16 00:00:00-05:00,13.124019284742495,13.124019284742495,12.776910401798439,12.834761619567871,22500,0.0,0.0
2024-01-17 00:00:00-05:00,12.925671070942652,12.925671070942652,12.768645217194464,12.818232536315918,10000,0.0,0.0
2024-01-18 00:00:00-05:00,12.818230611122997,12.851288556184368,12.685998830877514,12.727320671081543,2800,0.0,0.0
2024-01-19 00:00:00-05:00,12.702528152865723,12.776908730648552,12.553766997300066,12.611618995666504,12000,0.0,0.0
2024-01-22 00:00:00-05:00,12.644673622923875,12.958724431020523,12.644673622923875,12.851285934448242,17900,0.0,0.0
2024-01-23 00:00:00-05:00,12.92566649270316,12.92566649270316,12.809963314510684,12.851285934448242,3700,0.0,0.0
2024-01-24 00:00:00-05:00,12.80996404568326,13.05789899129692,12.80996404568326,12.900873184204102,27800,0.0,0.0
2024-01-25 00:00:00-05:00,12.801699890762812,13.024841587453077,12.801699890762812,12.925667762756348,6900,0.0,0.0
2024-01-26 00:00:00-05:00,13.074428558458147,13.074428558458147,12.85955232492296,12.99178409576416,10000,0.0,0.0
2024-01-29 00:00:00-05:00,12.900875750721903,13.099224219570624,12.859553908368557,13.000049591064453,38800,0.0,0.0
2024-01-30 00:00:00-05:00,12.991786288087031,13.074430764727012,12.900876339170297,12.97525691986084,27600,0.0,0.0
2024-01-31 00:00:00-05:00,13.157076024441931,13.16534070855183,13.00831486311838,13.148811340332031,13400,0.0,0.0
2024-02-01 00:00:00-05:00,13.173602772661393,13.30583533554139,13.173602772661393,13.27277660369873,17900,0.0,0.0
2024-02-02 00:00:00-05:00,13.231456605103705,13.247985973323503,13.099224811999953,13.148811340332031,12900,0.0,0.0
2024-02-05 00:00:00-05:00,13.10748841323089,13.124017781079033,13.00831457063295,13.074430465698242,23500,0.0,0.0
2024-02-06 00:00:00-05:00,13.21492826823725,13.21492826823725,13.090961149568436,13.19013500213623,2800,0.0,0.0
2024-02-07 00:00:00-05:00,13.264513025158715,13.264513025158715,13.090959397515732,13.181868553161621,28800,0.0,0.0
2024-02-08 00:00:00-05:00,13.173605632626405,13.206663583482337,13.13228378517928,13.19013500213623,12700,0.0,0.0
2024-02-09 00:00:00-05:00,13.165339910374026,13.264512961025599,13.165339910374026,13.23145580291748,4700,0.0,0.0
2024-02-12 00:00:00-05:00,13.19013317303692,13.239720486526315,13.19013317303692,13.23145580291748,15700,0.0,0.0
2024-02-13 00:00:00-05:00,13.157076167105082,13.247986116972399,13.124018218470693,13.140546798706055,4500,0.0,0.0
2024-02-14 00:00:00-05:00,13.279409526186756,13.470660041237105,13.221202433953334,13.320985794067383,29800,0.097,0.0
2024-02-15 00:00:00-05:00,13.329298917688666,13.462342317662898,13.329298917688666,13.395820617675781,1600,0.0,0.0
2024-02-16 00:00:00-05:00,13.462347438887294,13.587075475560743,13.370879471858682,13.387510299682617,18200,0.0,0.0
2024-02-20 00:00:00-05:00,13.179629923064697,13.537184797047367,13.179629923064697,13.470663070678711,12300,0.0,0.0
2024-02-21 00:00:00-05:00,13.595388550992242,13.670225677324527,13.462345123291016,13.462345123291016,34900,0.0,0.0
2024-02-22 00:00:00-05:00,13.578754784941518,13.71179818382624,13.454026796737395,13.528863906860352,10700,0.0,0.0
2024-02-23 00:00:00-05:00,13.55381401598893,13.703488296563544,13.470663047672419,13.487292289733887,16100,0.0,0.0
2024-02-26 00:00:00-05:00,13.587073568143401,13.587073568143401,13.171312446929717,13.212888717651367,31400,0.0,0.0
2024-02-27 00:00:00-05:00,13.204572375527189,13.246148643322568,13.1796269320505,13.187941551208496,11500,0.0,0.0
2024-02-28 00:00:00-05:00,13.237834855577262,13.512237146496773,13.221204029217802,13.304356575012207,35900,0.0,0.0
2024-02-29 00:00:00-05:00,13.246148926902526,13.56212666570878,13.246148926902526,13.379192352294922,23000,0.0,0.0
2024-03-01 00:00:00-05:00,13.387507395944278,13.470659931025212,13.387507395944278,13.429082870483398,20200,0.0,0.0
2024-03-04 00:00:00-05:00,13.620333323484482,13.628648736040057,13.262779306610039,13.345931053161621,30400,0.0,0.0
2024-03-05 00:00:00-05:00,13.528867348971332,13.595389065338622,13.429083981418986,13.578758239746094,8800,0.0,0.0
2024-03-06 00:00:00-05:00,13.53718376159668,13.53718376159668,13.520552934775832,13.53718376159668,5100,0.0,0.0
2024-03-07 00:00:00-05:00,13.628650416117315,13.628650416117315,13.562128693475003,13.570444107055664,6000,0.0,0.0
2024-03-08 00:00:00-05:00,13.512237221966698,13.520552635192871,13.395824608806068,13.520552635192871,24000,0.0,0.0
2024-03-11 00:00:00-04:00,13.454032138546326,13.612021832201304,13.454032138546326,13.553813934326172,6000,0.0,0.0
2024-03-12 00:00:00-04:00,13.512234926667405,13.636962931866885,13.512234926667405,13.59538745880127,5200,0.0,0.0
2024-03-13 00:00:00-04:00,13.587071055711323,13.661908170571623,13.587071055711323,13.636961936950684,4800,0.0,0.0
2024-03-14 00:00:00-04:00,13.617725456049493,13.701371138430943,13.55080795288086,13.55080795288086,7800,0.097,0.0
2024-03-15 00:00:00-04:00,13.684644934516681,13.801750183105469,13.609362533155503,13.801750183105469,7100,0.0,0.0
2024-03-18 00:00:00-04:00,13.718102758900475,13.801750047976077,13.550809776188611,13.642820358276367,17600,0.0,0.0
2024-03-19 00:00:00-04:00,13.734834447884424,13.793387079756888,13.517352104187012,13.517352104187012,17300,0.0,0.0
2024-03-20 00:00:00-04:00,13.550809216943303,13.550809216943303,13.42533749078848,13.500619888305664,20800,0.0,0.0
2024-03-21 00:00:00-04:00,13.467162874674479,13.4755277633667,13.433703319905595,13.4755277633667,12100,0.0,0.0
2024-03-22 00:00:00-04:00,13.49225583628397,13.49225583628397,13.400245252291827,13.442068099975586,14400,0.0,0.0
2024-03-25 00:00:00-04:00,13.43370075843085,13.43370075843085,13.358419167714278,13.400242805480957,16800,0.0,0.0
2024-03-26 00:00:00-04:00,13.45879818464602,13.45879818464602,13.308233376842344,13.366786003112793,16300,0.0,0.0
2024-03-27 00:00:00-04:00,13.425338314542461,13.425338314542461,13.3584215987453,13.416975021362305,11400,0.0,0.0
2024-03-28 00:00:00-04:00,13.458798197114056,13.4671630859375,13.341692146744967,13.4671630859375,23200,0.0,0.0
2024-04-01 00:00:00-04:00,13.467163073461714,13.492256144469389,13.224586881844514,13.366786003112793,34300,0.0,0.0
2024-04-02 00:00:00-04:00,13.383515780744181,13.40024555837557,13.341692134385415,13.366786003112793,31300,0.0,0.0
2024-04-03 00:00:00-04:00,13.299866088488324,13.383513366114363,13.258043247394864,13.291501998901367,34100,0.0,0.0
2024-04-04 00:00:00-04:00,13.324960750407872,13.35005461460786,13.274772224288336,13.291501998901367,11000,0.0,0.0
2024-04-05 00:00:00-04:00,13.299868090749824,13.299868090749824,13.182762841706943,13.224586486816406,15300,0.0,0.0
2024-04-08 00:00:00-04:00,13.224584495888362,13.299866088488324,13.199489833968814,13.291501998901367,17900,0.0,0.0
2024-04-09 00:00:00-04:00,13.38351470528646,13.38351470528646,13.28313844072317,13.308232307434082,6000,0.0,0.0
2024-04-10 00:00:00-04:00,13.266409152126185,13.38351519728148,13.015468880352893,13.099115371704102,20300,0.0,0.0
2024-04-11 00:00:00-04:00,13.124207286865678,13.232948427392667,13.090748535758877,13.132572174072266,14900,0.0,0.0
2024-04-12 00:00:00-04:00,13.17213207573483,13.214215726356247,13.045881926549448,13.113215446472168,22100,0.097,0.0
2024-04-15 00:00:00-04:00,13.146881660013003,13.146881660013003,12.86913070120616,12.894380569458008,13700,0.0,0.0
2024-04-16 00:00:00-04:00,12.860712482882471,13.062713816074858,12.860712482882471,12.953296661376953,17400,0.0,0.0
2024-04-17 00:00:00-04:00,12.9785500415869,13.045883569991895,12.961716258146165,13.020633697509766,14100,0.0,0.0
2024-04-18 00:00:00-04:00,12.978547096252441,13.062714388997358,12.953297229500484,12.978547096252441,19000,0.0,0.0
2024-04-19 00:00:00-04:00,12.953297229500484,13.037463719566608,12.953297229500484,12.978547096252441,10600,0.0,0.0
2024-04-22 00:00:00-04:00,12.953299761891712,12.97854963358006,12.827048798092068,12.928049087524414,7800,0.0,0.0
2024-04-23 00:00:00-04:00,12.986965505890621,13.029048354509126,12.986965505890621,13.003798484802246,14800,0.0,0.0
2024-04-24 00:00:00-04:00,13.071132005806513,13.146882417606037,12.995381594006991,13.003798484802246,9200,0.0,0.0
2024-04-25 00:00:00-04:00,12.970132024648452,12.986965806628781,12.928048372376535,12.9364652633667,4900,0.0,0.0
2024-04-26 00:00:00-04:00,13.113214122501274,13.113214122501274,12.936463449879984,12.978547096252441,12500,0.0,0.0
2024-04-29 00:00:00-04:00,12.96171317135353,13.029046683723255,12.96171317135353,13.012213706970215,14100,0.0,0.0
2024-04-30 00:00:00-04:00,13.062713816074858,13.062713816074858,12.919629906291348,12.953296661376953,14200,0.0,0.0
2024-05-01 00:00:00-04:00,13.03746524530438,13.071132005806513,12.995381594006991,13.003798484802246,4500,0.0,0.0
2024-05-02 00:00:00-04:00,12.986966933307269,13.104800206676522,12.95330016910477,13.020633697509766,9300,0.0,0.0
2024-05-03 00:00:00-04:00,13.062713952027146,13.12163057337045,13.054297062498456,13.079546928405762,9400,0.0,0.0
2024-05-06 00:00:00-04:00,13.146881376447592,13.289965297919947,13.121631508740359,13.23946475982666,24900,0.0,0.0
2024-05-07 00:00:00-04:00,13.25629767552462,13.500382657264629,13.25629767552462,13.47513198852539,32500,0.0,0.0
2024-05-08 00:00:00-04:00,13.500382897501037,13.500382897501037,13.374131959594552,13.483549118041992,4100,0.0,0.0
2024-05-09 00:00:00-04:00,13.36571548281448,13.508798599243164,13.36571548281448,13.508798599243164,2900,0.0,0.0
2024-05-10 00:00:00-04:00,13.50038355383997,13.525632618898486,13.424632345270306,13.517215728759766,21700,0.0,0.0
2024-05-13 00:00:00-04:00,13.500383372786473,13.500383372786473,13.407799187859837,13.466715812683105,15100,0.0,0.0
2024-05-14 00:00:00-04:00,13.557323912020257,13.582728597880438,13.472643240969113,13.523451805114746,4100,0.097,0.0
2024-05-15 00:00:00-04:00,13.37102934912273,13.70128305712366,13.37102934912273,13.692814826965332,14200,0.0,0.0
2024-05-16 00:00:00-04:00,13.506514096184691,13.633535090989984,13.506514096184691,13.540386199951172,5300,0.0,0.0
2024-05-17 00:00:00-04:00,13.625070301262468,13.625070301262468,13.413369397408358,13.53192138671875,2200,0.0,0.0
2024-05-20 00:00:00-04:00,13.5996649964604,13.760558128356934,13.498048664113819,13.760558128356934,5600,0.0,0.0
2024-05-21 00:00:00-04:00,13.667407793712178,13.667407793712178,13.54885582211649,13.616600036621094,6100,0.0,0.0
2024-05-22 00:00:00-04:00,13.684344633179304,13.684344633179304,13.413367767595478,13.447239875793457,15400,0.0,0.0
2024-05-23 00:00:00-04:00,13.447238778663802,13.464174427593669,13.277878251491652,13.354090690612793,24900,0.0,0.0
2024-05-24 00:00:00-04:00,13.455706804865137,13.455706804865137,13.387962595013525,13.396430015563965,10900,0.0,0.0
2024-05-28 00:00:00-04:00,13.455709149261985,13.455709149261985,13.244008254697242,13.294816017150879,12900,0.0,0.0
2024-05-29 00:00:00-04:00,13.260944335235008,13.269412565109452,13.19320011138916,13.19320011138916,8000,0.0,0.0
2024-05-30 00:00:00-04:00,13.260944670546602,13.31175324350314,13.2270725577672,13.244009017944336,6300,0.0,0.0
2024-05-31 00:00:00-04:00,13.650474962765463,13.650474962765463,13.260944460606854,13.286348342895508,10900,0.0,0.0
2024-06-03 00:00:00-04:00,13.320219775320469,13.421836914438613,13.320219775320469,13.379496574401855,9900,0.0,0.0
2024-06-04 00:00:00-04:00,13.345624923706055,13.421837376883126,13.33715669389197,13.345624923706055,23200,0.0,0.0
2024-06-05 00:00:00-04:00,13.337157673670474,13.642007508773736,13.337157673670474,13.413370132446289,13100,0.0,0.0
2024-06-06 00:00:00-04:00,13.447240768142425,13.540388869974414,13.430304309132165,13.489581108093262,3500,0.0,0.0
2024-06-07 00:00:00-04:00,13.455708635901715,13.667408714814883,13.404900067811695,13.548856735229492,17700,0.0,0.0
2024-06-10 00:00:00-04:00,13.582729929408313,13.760557902413844,13.447240680929399,13.642005920410156,5800,0.0,0.0
2024-06-11 00:00:00-04:00,13.64200512246055,13.8875773015541,13.565792677016114,13.625068664550781,34700,0.0,0.0
2024-06-12 00:00:00-04:00,13.709747210451825,13.904511600727568,13.565790570867739,13.794427871704102,4900,0.0,0.0
2024-06-13 00:00:00-04:00,13.726686422627237,13.735154652964582,13.56579489166705,13.591197967529297,16000,0.0,0.0
2024-06-14 00:00:00-04:00,13.759031618560828,13.759031618560828,13.520485162205567,13.6141996383667,5200,0.097,0.0
2024-06-17 00:00:00-04:00,13.614199919736151,13.793110781306664,13.546043787940327,13.597161293029785,6100,0.0,0.0
2024-06-18 00:00:00-04:00,13.67383497362317,13.67383497362317,13.511964379809067,13.546042442321777,24600,0.0,0.0
2024-06-20 00:00:00-04:00,13.46936824683252,13.537524376087164,13.426770462927081,13.477887153625488,16400,0.0,0.0
2024-06-21 00:00:00-04:00,13.47788934447795,13.546045484811483,13.460850715637207,13.460850715637207,6100,0.0,0.0
2024-06-24 00:00:00-04:00,13.554562452786191,13.563082171719003,13.477886607361135,13.486406326293945,6000,0.0,0.0
2024-06-25 00:00:00-04:00,13.511964379809067,13.563081879820682,13.460847692282549,13.546042442321777,7200,0.0,0.0
2024-06-26 00:00:00-04:00,13.529005914729906,13.537525634800183,13.409732271201696,13.418251991271973,33700,0.0,0.0
2024-06-27 00:00:00-04:00,13.546044542385236,13.580122610181121,13.418251991271973,13.418251991271973,24400,0.0,0.0
2024-06-28 00:00:00-04:00,13.486406441589637,13.571602006675842,13.46936781606347,13.55456256866455,17500,0.0,0.0
2024-07-01 00:00:00-04:00,13.554564262455512,13.597162050321675,13.392693643546366,13.418251991271973,37400,0.0,0.0
2024-07-02 00:00:00-04:00,13.494926045226755,13.503445764159565,13.4182501998017,13.486406326293945,47700,0.0,0.0
2024-07-03 00:00:00-04:00,13.469367411032001,13.55456216107123,13.460847692282549,13.546042442321777,22200,0.0,0.0
2024-07-05 00:00:00-04:00,13.588640223583942,13.588640223583942,13.511964379809067,13.546042442321777,22500,0.0,0.0
2024-07-08 00:00:00-04:00,13.520483713352892,13.546042056387979,13.435288965740906,13.469367027282715,23500,0.0,0.0
2024-07-09 00:00:00-04:00,13.469367700913441,13.503445764159565,13.452328263047821,13.486406326293945,17700,0.0,0.0
2024-07-10 00:00:00-04:00,13.55456256866455,13.622718695739467,13.55456256866455,13.55456256866455,8500,0.0,0.0
2024-07-11 00:00:00-04:00,13.597159478004073,13.810146752071393,13.597159478004073,13.793108940124512,44900,0.0,0.0
2024-07-12 00:00:00-04:00,13.73347376308719,13.793110172655656,13.716434324647548,13.759031295776367,32000,0.0,0.0
2024-07-15 00:00:00-04:00,13.705035001128778,13.825028532256535,13.705035001128778,13.739319801330566,22500,0.097,0.0
2024-07-16 00:00:00-04:00,13.790743725596462,13.816457322687608,13.74788936523361,13.807886123657227,15300,0.0,0.0
2024-07-17 00:00:00-04:00,13.782172989620047,13.782172989620047,13.65360826942291,13.696462631225586,25100,0.0,0.0
2024-07-18 00:00:00-04:00,13.679323650866657,13.687894851814677,13.5593292897785,13.627897262573242,17500,0.0,0.0
2024-07-19 00:00:00-04:00,13.610753162277268,13.619324361640999,13.576469182216904,13.593610763549805,7600,0.0,0.0
2024-07-22 00:00:00-04:00,13.627897262573242,13.670752449918636,13.56790049072652,13.627897262573242,20800,0.0,0.0
2024-07-23 00:00:00-04:00,13.627895436378337,13.842170526996831,13.627895436378337,13.670750617980957,19200,0.0,0.0
2024-07-24 00:00:00-04:00,13.653609009617558,13.670750591789004,13.585041046142578,13.585041046142578,17800,0.0,0.0
2024-07-25 00:00:00-04:00,13.576467542463403,13.739317041127235,13.576467542463403,13.722174644470215,6500,0.0,0.0
2024-07-26 00:00:00-04:00,13.713606201179225,13.782174166793551,13.679322218372063,13.739319801330566,15100,0.0,0.0
2024-07-29 00:00:00-04:00,13.68789168741177,13.765030025926778,13.61932373046875,13.61932373046875,31100,0.0,0.0
2024-07-30 00:00:00-04:00,13.765030590983333,13.765030590983333,13.627894671467839,13.696462631225586,6400,0.0,0.0
2024-07-31 00:00:00-04:00,13.799312790697648,13.876451935253213,13.713602448437156,13.76502799987793,9700,0.0,0.0
2024-08-01 00:00:00-04:00,13.850740006718414,13.850740006718414,13.782172051627294,13.842168807983398,4600,0.0,0.0
2024-08-02 00:00:00-04:00,13.850739779973924,13.850739779973924,13.730746269226074,13.730746269226074,55000,0.0,0.0
2024-08-05 00:00:00-04:00,13.739317369069797,13.842168481889006,13.473615936305235,13.482186317443848,36900,0.0,0.0
2024-08-06 00:00:00-04:00,13.533614690768257,13.670750617980957,13.482188309366194,13.670750617980957,23600,0.0,0.0
2024-08-07 00:00:00-04:00,13.662176079601979,13.885023132958143,13.662176079601979,13.76502799987793,18500,0.0,0.0
2024-08-08 00:00:00-04:00,13.80788866591235,13.850743034165383,13.773603863478437,13.782175064086914,4800,0.0,0.0
2024-08-09 00:00:00-04:00,13.7736004287191,13.833597183227539,13.722174872681716,13.833597183227539,12400,0.0,0.0
2024-08-12 00:00:00-04:00,13.765030128505316,13.807886123657227,13.645036611658083,13.807886123657227,15800,0.0,0.0
2024-08-13 00:00:00-04:00,13.816456896433268,13.83359765917616,13.790743300135418,13.799314498901367,18400,0.0,0.0
2024-08-14 00:00:00-04:00,13.782174054381182,13.833599619475168,13.722177289306657,13.825028419494629,11500,0.0,0.0
2024-08-15 00:00:00-04:00,13.874179497209298,13.882802553095189,13.787950583030124,13.796573638916016,15300,0.097,0.0
2024-08-16 00:00:00-04:00,13.796570270318817,13.969028056569538,13.796570270318817,13.917289733886719,13000,0.0,0.0
2024-08-19 00:00:00-04:00,13.908667413458412,13.98627325689517,13.85693073272705,13.85693073272705,11400,0.0,0.0
2024-08-20 00:00:00-04:00,13.796571623410278,13.969029426574707,13.796571623410278,13.969029426574707,4000,0.0,0.0
2024-08-21 00:00:00-04:00,13.969029070380012,13.969029070380012,13.779325162800477,13.891423225402832,5700,0.0,0.0
2024-08-22 00:00:00-04:00,13.805193755921639,13.856930435543427,13.718964860099064,13.770702362060547,44400,0.0,0.0
2024-08-23 00:00:00-04:00,13.805195876205014,13.891424785271132,13.805195876205014,13.81381893157959,13200,0.0,0.0
2024-08-26 00:00:00-04:00,13.796571085968168,13.848307767030306,13.53788521363832,13.649982452392578,112400,0.0,0.0
2024-08-27 00:00:00-04:00,13.632738186768135,13.718966269107078,13.581000679492943,13.65860652923584,69100,0.0,0.0
2024-08-28 00:00:00-04:00,13.693097852949732,13.72758925016765,13.598246716185402,13.63273811340332,16900,0.0,0.0
2024-08-29 00:00:00-04:00,13.701720907839155,13.701720907839155,13.58962366129598,13.63273811340332,16000,0.0,0.0
2024-08-30 00:00:00-04:00,13.675852910660495,13.762081822236427,13.66723067737478,13.693099021911621,13500,0.0,0.0
2024-09-03 00:00:00-04:00,13.787949211474322,13.787949211474322,13.684475018156329,13.710343360900879,23700,0.0,0.0
2024-09-04 00:00:00-04:00,13.675852166652424,13.753458018380798,13.667229933835783,13.736212730407715,13300,0.0,0.0
2024-09-05 00:00:00-04:00,13.779326077771072,13.779326077771072,13.658606597425907,13.667229652404785,22000,0.0,0.0
2024-09-06 00:00:00-04:00,13.787950030579232,13.787950030579232,13.641361375752025,13.67585277557373,37600,0.0,0.0
2024-09-09 00:00:00-04:00,13.684474128796538,13.762079974326344,13.624114392202127,13.701720237731934,43300,0.0,0.0
2024-09-10 00:00:00-04:00,13.710343360900879,13.753457813701658,13.684475018156329,13.710343360900879,30000,0.0,0.0
2024-09-11 00:00:00-04:00,13.762081421671954,13.831065042328744,13.744835310922802,13.81381893157959,18200,0.0,0.0
2024-09-12 00:00:00-04:00,13.822438553944874,13.969027169545909,13.80519244747905,13.925911903381348,32000,0.0,0.0
2024-09-13 00:00:00-04:00,14.001385688781738,14.079460465490866,13.975361866290298,14.001385688781738,7800,0.097,0.0
2024-09-16 00:00:00-04:00,13.966688985737584,14.044763775183599,13.966688985737584,13.984039306640625,15000,0.0,0.0
2024-09-17 00:00:00-04:00,14.01006084781802,14.0187360068543,13.949336389181454,14.001385688781738,15300,0.0,0.0
2024-09-18 00:00:00-04:00,13.992712812474474,14.079462762372009,13.966688985737584,13.984039306640625,14300,0.0,0.0
2024-09-19 00:00:00-04:00,13.958010062628917,14.070783808862952,13.958010062628917,14.010059356689453,8800,0.0,0.0
2024-09-20 00:00:00-04:00,14.062110900878906,14.105486698384427,14.053437395995292,14.062110900878906,17100,0.0,0.0
2024-09-23 00:00:00-04:00,14.010063585911332,14.096813538610945,14.010063585911332,14.018738746643066,12600,0.0,0.0
2024-09-24 00:00:00-04:00,13.984038478275872,14.09681224822998,13.984038478275872,14.09681224822998,12700,0.0,0.0
2024-09-25 00:00:00-04:00,14.05343798065184,14.157536589760857,14.05343798065184,14.11416244506836,6300,0.0,0.0
2024-09-26 00:00:00-04:00,14.001387471907442,14.226936671723026,14.001387471907442,14.1488618850708,16000,0.0,0.0
2024-09-27 00:00:00-04:00,14.226935172174786,14.2356103314015,14.088135933782246,14.157535552978516,36400,0.0,0.0
2024-09-30 00:00:00-04:00,14.200911766160797,14.235610749469243,14.088136347518999,14.166211128234863,14400,0.0,0.0
2024-10-01 00:00:00-04:00,14.183560630259034,14.287659228806033,14.17488547127722,14.278984069824219,18700,0.0,0.0
2024-10-02 00:00:00-04:00,14.270312309265137,14.270312309265137,14.209586188971814,14.270312309265137,7100,0.0,0.0
2024-10-03 00:00:00-04:00,14.226937294006348,14.261637936088519,14.19223830654186,14.226937294006348,6900,0.0,0.0
2024-10-04 00:00:00-04:00,14.226936424080415,14.244286744060592,14.157536798777294,14.183562278747559,17500,0.0,0.0
2024-10-07 00:00:00-04:00,14.270310105929154,14.322359403526567,14.200910490926821,14.244284629821777,11000,0.0,0.0
2024-10-08 00:00:00-04:00,14.15753766445969,14.270313096609062,14.15753766445969,14.226937294006348,20800,0.0,0.0
2024-10-09 00:00:00-04:00,14.226935172174786,14.244285490628213,14.131511729915813,14.157535552978516,35800,0.0,0.0
2024-10-10 00:00:00-04:00,14.192236606679312,14.270311387395175,14.166211128234863,14.166211128234863,10400,0.0,0.0
2024-10-11 00:00:00-04:00,14.209586972965262,14.226937294006348,14.15753766445969,14.226937294006348,3700,0.0,0.0
2024-10-14 00:00:00-04:00,14.226934389869019,14.226934389869019,14.192235409487619,14.200910568237305,16300,0.0,0.0
2024-10-15 00:00:00-04:00,14.268104893469534,14.29428383657029,14.215745342787914,14.241924285888672,11800,0.097,0.0
2024-10-16 00:00:00-04:00,14.172110793221572,14.241924081287488,14.172110793221572,14.233197212219238,9800,0.0,0.0
2024-10-17 00:00:00-04:00,14.23319897996283,14.268106460571289,14.224472109810716,14.268106460571289,13000,0.0,0.0
2024-10-18 00:00:00-04:00,14.276833330723404,14.329192887155806,14.268106460571289,14.268106460571289,10200,0.0,0.0
2024-10-21 00:00:00-04:00,14.276831557560486,14.285558426628736,14.189564531358071,14.233197212219238,11200,0.0,0.0
2024-10-22 00:00:00-04:00,14.259379526350052,14.276833266575862,14.180839359814199,14.224472045898438,10800,0.0,0.0
2024-10-23 00:00:00-04:00,14.128481256952696,14.233200380118983,14.093573772910299,14.102300643920898,20200,0.0,0.0
2024-10-24 00:00:00-04:00,14.084845899173402,14.084845899173402,13.91031265258789,13.91031265258789,9900,0.0,0.0
2024-10-25 00:00:00-04:00,13.971400381265449,14.006306199512107,13.884133338928223,13.884133338928223,11800,0.0,0.0
2024-10-28 00:00:00-04:00,13.901586445562293,13.9539460027818,13.735779239140157,13.80559253692627,41800,0.0,0.0
2024-10-29 00:00:00-04:00,13.779413689986786,13.78814056086014,13.727053296986869,13.753233909606934,5900,0.0,0.0
2024-10-30 00:00:00-04:00,13.753233868996304,13.87540673190167,13.744506998148719,13.849226951599121,26900,0.0,0.0
2024-10-31 00:00:00-04:00,13.901586795034246,13.919039703799445,13.779413104717147,13.866680145263672,31800,0.0,0.0
2024-11-01 00:00:00-04:00,14.032486583786687,14.032486583786687,13.814319813725028,13.823046684265137,14200,0.0,0.0
2024-11-04 00:00:00-05:00,13.866680693294294,13.96267377589711,13.840500080751536,13.849226951599121,11900,0.0,0.0
2024-11-05 00:00:00-05:00,13.831774465505378,13.91904067993164,13.831774465505378,13.91904067993164,20600,0.0,0.0
2024-11-06 00:00:00-05:00,13.814320626298423,13.875407059192,13.753234193404847,13.770687103271484,20400,0.0,0.0
2024-11-07 00:00:00-05:00,13.796867128831192,13.901587080291746,13.796867128831192,13.884133338928223,20900,0.0,0.0
2024-11-08 00:00:00-05:00,13.910312309399838,13.98012643855179,13.910312309399838,13.936492919921875,15000,0.0,0.0
2024-11-11 00:00:00-05:00,14.032487851760543,14.032487851760543,13.936494763865955,13.980128288269043,22500,0.0,0.0
2024-11-12 00:00:00-05:00,13.953946700565202,13.953946700565202,13.796867188811582,13.840499877929688,21300,0.0,0.0
2024-11-13 00:00:00-05:00,13.953946700565202,13.962673571284903,13.831773839450186,13.840499877929688,14800,0.0,0.0
2024-11-14 00:00:00-05:00,13.849226251111515,14.04994010925293,13.849226251111515,14.04994010925293,20700,0.0,0.0
2024-11-15 00:00:00-05:00,13.95950984954834,14.047305845999707,13.94195115262887,13.95950984954834,24900,0.097,0.0
2024-11-18 00:00:00-05:00,13.924392831350659,13.950732134951238,13.871715898718996,13.889274597167969,13900,0.0,0.0
2024-11-19 00:00:00-05:00,13.871716766030756,13.915614770824975,13.783920756442319,13.801480293273926,20500,0.0,0.0
2024-11-20 00:00:00-05:00,13.801477928070826,13.862934621879823,13.713681933528266,13.722461700439453,20900,0.0,0.0
2024-11-21 00:00:00-05:00,13.748801700787011,13.845377473036402,13.748801700787011,13.766361236572266,20800,0.0,0.0
2024-11-22 00:00:00-05:00,13.827818401731529,13.862936637196915,13.7839203980786,13.810258865356445,17300,0.0,0.0
2024-11-25 00:00:00-05:00,13.836597664536306,13.915613900768548,13.827817896669446,13.889274597167969,27000,0.0,0.0
2024-11-26 00:00:00-05:00,13.915612589894264,13.924391519649387,13.854155057900398,13.87171459197998,26600,0.0,0.0
2024-11-27 00:00:00-05:00,14.047306189746651,14.047306189746651,13.862935262514839,14.012187957763672,42800,0.0,0.0
2024-11-29 00:00:00-05:00,14.082427024841309,14.135103960778707,13.968291709979075,14.082427024841309,21000,0.0,0.0
2024-12-02 00:00:00-05:00,13.985849349056679,14.135102042768352,13.985849349056679,14.108762741088867,28600,0.0,0.0
2024-12-03 00:00:00-05:00,14.108761537485533,14.25801421846462,14.056084613189746,14.152660369873047,56200,0.0,0.0
2024-12-04 00:00:00-05:00,14.196558969046587,14.196558969046587,14.047306272914097,14.135102272033691,34900,0.0,0.0
2024-12-05 00:00:00-05:00,14.231675427051991,14.231675427051991,14.02096688506269,14.038525581359863,32700,0.0,0.0
2024-12-06 00:00:00-05:00,14.696992515505677,14.696992515505677,14.056084632873535,14.056084632873535,39700,0.0,0.0
2024-12-09 00:00:00-05:00,14.047306060791016,14.091203222403237,14.047306060791016,14.047306060791016,16800,0.0,0.0
2024-12-10 00:00:00-05:00,14.161439685724417,14.161439685724417,14.047306060791016,14.047306060791016,46500,0.0,0.0
2024-12-11 00:00:00-05:00,14.09120511868954,14.152663497614373,14.073647256423476,14.082427024841309,27200,0.0,0.0
2024-12-12 00:00:00-05:00,14.073645249229767,14.170219338913263,14.020967483520508,14.020967483520508,19200,0.0,0.0
2024-12-13 00:00:00-05:00,14.01831737296107,14.01831737296107,13.832819754542246,13.885819435119629,37400,0.097,0.0
2024-12-16 00:00:00-05:00,13.921150697296289,13.991816368458098,13.7974853515625,13.7974853515625,56500,0.0,0.0
2024-12-17 00:00:00-05:00,13.841652709744947,13.859318707742661,13.6473216773622,13.66498851776123,31100,0.0,0.0
2024-12-18 00:00:00-05:00,13.762153449061682,13.762153449061682,13.488324165344238,13.488324165344238,44300,0.0,0.0
2024-12-19 00:00:00-05:00,13.567824529883534,13.567824529883534,13.311661204099583,13.33816146850586,66100,0.0,0.0
2024-12-20 00:00:00-05:00,13.311660109794431,13.444158893729242,13.240994428656412,13.258661270141602,143100,0.0,0.0
2024-12-23 00:00:00-05:00,13.18799467382327,13.214494091810758,13.117328997589093,13.126161575317383,86600,0.0,0.0
2024-12-24 00:00:00-05:00,13.161493900931717,13.179160740502978,13.09082822744923,13.152661323547363,23000,0.0,0.0
2024-12-26 00:00:00-05:00,13.09966164723486,13.267493253556724,13.073162230279246,13.152661323547363,52100,0.0,0.0
2024-12-27 00:00:00-05:00,13.170327833564071,13.19682725155156,13.064329319212804,13.126161575317383,58400,0.0,0.0
2024-12-30 00:00:00-05:00,13.108496671351636,13.285160876679546,13.108496671351636,13.20566177368164,118900,0.0,0.0
2024-12-31 00:00:00-05:00,13.214494363101865,13.355825718471726,13.1791615242594,13.302826881408691,78100,0.0,0.0
2025-01-02 00:00:00-05:00,13.346991204143515,13.461823131569393,13.311658368197188,13.435323715209961,13600,0.0,0.0
2025-01-03 00:00:00-05:00,13.426492207354064,13.594323833796766,13.426492207354064,13.532490730285645,17100,0.0,0.0
2025-01-06 00:00:00-05:00,13.558989706017947,13.558989706017947,13.461823770751064,13.505990028381348,22100,0.0,0.0
2025-01-07 00:00:00-05:00,13.48832577108023,13.585490876482394,13.399993244422697,13.444159507751465,30100,0.0,0.0
2025-01-08 00:00:00-05:00,13.426493453588456,13.523659407095623,13.426493453588456,13.479493141174316,7900,0.0,0.0
2025-01-10 00:00:00-05:00,13.346993909942254,13.567824389975456,13.338161330966011,13.45299243927002,40300,0.0,0.0
2025-01-13 00:00:00-05:00,13.399994030996254,13.59432509560913,13.373494608404053,13.479493141174316,17400,0.0,0.0
2025-01-14 00:00:00-05:00,13.558990319042737,13.59432315826416,13.558990319042737,13.59432315826416,7100,0.0,0.0
2025-01-15 00:00:00-05:00,13.652096344395655,13.812082123250287,13.652096344395655,13.714313507080078,4400,0.095,0.0
2025-01-16 00:00:00-05:00,13.66987205190763,13.749864936262258,13.634319753042647,13.69653606414795,13200,0.0,0.0
2025-01-17 00:00:00-05:00,13.660983409582045,13.812080887732403,13.660983409582045,13.74986457824707,5800,0.0,0.0
2025-01-21 00:00:00-05:00,13.820969308161246,13.954290214818085,13.776528723397748,13.856521606445312,23900,0.0,0.0
2025-01-22 00:00:00-05:00,13.91873809128422,13.954290390014648,13.794305469544556,13.954290390014648,12200,0.0,0.0
2025-01-23 00:00:00-05:00,13.92762652094432,13.92762652094432,13.732088452101506,13.812081336975098,10300,0.0,0.0
2025-01-24 00:00:00-05:00,13.767640345245256,13.84763322776018,13.740976333618164,13.740976333618164,10400,0.0,0.0
2025-01-27 00:00:00-05:00,13.776528441797156,13.776528441797156,13.7409761442398,13.75875186920166,2000,0.0,0.0
2025-01-28 00:00:00-05:00,13.732085873677327,13.847631035951053,13.69653358125722,13.77652645111084,9400,0.0,0.0
2025-01-29 00:00:00-05:00,13.767640113830566,13.794304972643108,13.732087816380812,13.767640113830566,12000,0.0,0.0
2025-01-30 00:00:00-05:00,13.77652889636251,13.954290390014648,13.77652889636251,13.954290390014648,5700,0.0,0.0
2025-01-31 00:00:00-05:00,14.043171836995235,14.069835849659327,13.883186065743324,13.91873836517334,27200,0.0,0.0
2025-02-03 00:00:00-05:00,13.980954402154053,13.998730975336098,13.945402103423627,13.954290390014648,9000,0.0,0.0
2025-02-04 00:00:00-05:00,13.936514580755581,14.00761917778934,13.9009622822387,13.972066879272461,11200,0.0,0.0
2025-02-05 00:00:00-05:00,13.900961512472078,14.06983470916748,13.900961512472078,14.06983470916748,11700,0.0,0.0
2025-02-06 00:00:00-05:00,14.069834981562643,14.069834981562643,13.980953814654653,14.034282684326172,14500,0.0,0.0
2025-02-07 00:00:00-05:00,14.05205925676122,14.069834981562643,14.016506959524751,14.034282684326172,5900,0.0,0.0
2025-02-10 00:00:00-05:00,14.025394315089246,14.0787231844451,14.025394315089246,14.052059173583984,10500,0.0,0.0
2025-02-11 00:00:00-05:00,14.078723991561827,14.078723991561827,14.043171692497626,14.06094741821289,7100,0.0,0.0
2025-02-12 00:00:00-05:00,13.652095965649464,13.936515214348661,13.572103926075064,13.883186340332031,30200,0.0,0.0
2025-02-13 00:00:00-05:00,13.92762678094189,14.025395393371582,13.90985020724539,14.025395393371582,20600,0.0,0.0
2025-02-14 00:00:00-05:00,14.03880738519739,14.056691625807016,13.97621424859876,14.029865264892578,13900,0.095,0.0
2025-02-18 00:00:00-05:00,14.029867654478306,14.047751898133999,13.949391116330709,14.038809776306152,9200,0.0,0.0
2025-02-19 00:00:00-05:00,14.155052331186846,14.155052331186846,14.038807326016899,14.083517074584961,8400,0.0,0.0
2025-02-20 00:00:00-05:00,14.092460086554585,14.155053226849944,14.083517965721652,14.13716983795166,22200,0.0,0.0
2025-02-21 00:00:00-05:00,14.083517001705925,14.155052257937632,14.083517001705925,14.119284629821777,18600,0.0,0.0
2025-02-24 00:00:00-05:00,14.119287087662599,14.119287087662599,14.020926306413548,14.074577331542969,10800,0.0,0.0
2025-02-25 00:00:00-05:00,14.092462047383766,14.092462047383766,14.020926776302037,14.065635681152344,4100,0.0,0.0
2025-02-26 00:00:00-05:00,14.047751818978258,14.083519453320429,14.011984184636088,14.074577331542969,12800,0.0,0.0
2025-02-27 00:00:00-05:00,14.074577894007838,14.074577894007838,14.011984744599536,14.047752380371094,14300,0.0,0.0
2025-02-28 00:00:00-05:00,14.110344505106971,14.110344505106971,14.029867117273188,14.10140323638916,16400,0.0,0.0
2025-03-03 00:00:00-05:00,14.092462047383766,14.092462047383766,14.03881016768862,14.065635681152344,29900,0.0,0.0
2025-03-04 00:00:00-05:00,14.038807546190943,14.056691787005661,13.868911522288824,13.976214408874512,11600,0.0,0.0
2025-03-05 00:00:00-05:00,13.931505673914852,13.94044779497326,13.895738042448826,13.922563552856445,9100,0.0,0.0
2025-03-06 00:00:00-05:00,13.922564113171784,13.922564113171784,13.868913090197355,13.89573860168457,8100,0.0,0.0
2025-03-07 00:00:00-05:00,13.90467887347754,13.90467887347754,13.815259376724716,13.842084884643555,9100,0.0,0.0
2025-03-10 00:00:00-04:00,13.859969271869641,13.859969271869641,13.725840878087592,13.770549774169922,10800,0.0,0.0
2025-03-11 00:00:00-04:00,13.779493881579013,13.779493881579013,13.707958614210435,13.734784126281738,12100,0.0,0.0
2025-03-12 00:00:00-04:00,13.815260899173136,13.859970652476584,13.725842245333856,13.833145141601562,4400,0.0,0.0
2025-03-13 00:00:00-04:00,13.859969758436335,13.940447138637808,13.663247368251355,13.779492378234863,7200,0.0,0.0
2025-03-14 00:00:00-04:00,13.927950660254703,13.927950660254703,13.694019317626953,13.694019317626953,6800,0.095,0.0
2025-03-17 00:00:00-04:00,13.667025893359112,14.008926587698197,13.613042069970383,13.676023483276367,6600,0.0,0.0
2025-03-18 00:00:00-04:00,13.559057041883838,13.649031222641376,13.496075630187988,13.496075630187988,40600,0.0,0.0
2025-03-19 00:00:00-04:00,13.496077211102525,13.586051402399535,13.442092524712825,13.487079620361328,30100,0.0,0.0
2025-03-20 00:00:00-04:00,13.487077284694033,13.622038548267202,13.469082964385343,13.559056282043457,17900,0.0,0.0
2025-03-21 00:00:00-04:00,13.541062549670304,13.649031050382293,13.541062549670304,13.604043960571289,8700,0.0,0.0
2025-03-24 00:00:00-04:00,13.694019317626953,13.783992646927643,13.595047539921516,13.694019317626953,11300,0.0,0.0
2025-03-25 00:00:00-04:00,13.730006514952521,13.765996012239714,13.712011337280273,13.712011337280273,5400,0.0,0.0
2025-03-26 00:00:00-04:00,13.6850190263353,13.721008522563997,13.550058629992007,13.586048126220703,54000,0.0,0.0
2025-03-27 00:00:00-04:00,13.631037336378792,13.631037336378792,13.505074501037598,13.505074501037598,5300,0.0,0.0
2025-03-28 00:00:00-04:00,13.568054265317198,13.595046175592891,13.451088176712712,13.541062355041504,13700,0.0,0.0
2025-03-31 00:00:00-04:00,13.649031994696191,13.792990005605306,13.43309497833252,13.43309497833252,34100,0.0,0.0
2025-04-01 00:00:00-04:00,13.46908371918368,13.568054631571068,13.46908371918368,13.496075630187988,60700,0.0,0.0
2025-04-02 00:00:00-04:00,13.559058630175944,13.559058630175944,13.42409820128791,13.487079620361328,6500,0.0,0.0
2025-04-03 00:00:00-04:00,13.568052446171,13.577050034408993,13.415096878354097,13.460083961486816,27300,0.0,0.0
2025-04-04 00:00:00-04:00,13.41509869712419,13.44209060744039,13.046206109925809,13.091193199157715,54200,0.0,0.0
2025-04-07 00:00:00-04:00,13.136178782524855,13.14517551289401,12.794278144836426,12.794278144836426,26000,0.0,0.0
2025-04-08 00:00:00-04:00,12.911246094603875,13.082196009237189,12.587339728687766,12.59633731842041,50200,0.0,0.0
2025-04-09 00:00:00-04:00,12.596335194627073,12.884251153068803,12.263432153164512,12.731295585632324,54400,0.0,0.0
2025-04-10 00:00:00-04:00,12.623327743274992,12.722299502566251,12.434382671423013,12.524356842041016,41600,0.0,0.0
2025-04-11 00:00:00-04:00,12.551351944107736,12.596339040865184,12.308422994509522,12.533357620239258,31800,0.0,0.0
2025-04-14 00:00:00-04:00,12.569346059829613,12.767287895879814,12.569346059829613,12.614333152770996,32000,0.0,0.0
2025-04-15 00:00:00-04:00,12.890624933986372,12.890624933986372,12.627920727424588,12.709449768066406,19800,0.095,0.0
2025-04-16 00:00:00-04:00,12.818154082599678,12.818154082599678,12.64603790149441,12.673213958740234,29700,0.0,0.0
2025-04-17 00:00:00-04:00,12.682271916074486,12.872506029372051,12.664153970088424,12.700389862060547,22900,0.0,0.0
2025-04-21 00:00:00-04:00,12.718507354739856,12.736625301310836,12.564508264531488,12.600743293762207,9000,0.0,0.0
2025-04-22 00:00:00-04:00,12.691331103565062,12.691331103565062,12.564508071252831,12.646037101745605,34200,0.0,0.0
2025-04-23 00:00:00-04:00,12.781918700012001,12.899682763386004,12.68227258357766,12.745683670043945,16900,0.0,0.0
2025-04-24 00:00:00-04:00,12.82721133965462,12.872505338276826,12.800035286045762,12.845329284667969,6900,0.0,0.0
2025-04-25 00:00:00-04:00,12.890622059288747,12.954034001152936,12.790975956232367,12.926857948303223,15300,0.0,0.0
2025-04-28 00:00:00-04:00,13.00838618726867,13.01744515957829,12.845329005251246,12.89062213897705,14000,0.0,0.0
2025-04-29 00:00:00-04:00,12.935918807983398,12.990271789154292,12.899683775173244,12.935918807983398,13500,0.0,0.0
2025-04-30 00:00:00-04:00,12.92685954985917,12.98121166229248,12.836271543921988,12.98121166229248,13200,0.0,0.0
2025-05-01 00:00:00-04:00,12.97215230191889,13.108034306770902,12.917800191107064,13.071799278259277,16700,0.0,0.0
2025-05-02 00:00:00-04:00,13.044622077110837,13.11709213256836,13.017446022292068,13.11709213256836,15600,0.0,0.0
2025-05-05 00:00:00-04:00,13.035566744249126,13.144271850585938,13.035566744249126,13.144271850585938,18600,0.0,0.0
2025-05-06 00:00:00-04:00,13.053680230111464,13.153327198040076,12.718506028695112,13.098974227905273,100300,0.0,0.0
2025-05-07 00:00:00-04:00,13.144270161060092,13.162387244498483,13.089917182922363,13.089917182922363,2700,0.0,0.0
2025-05-08 00:00:00-04:00,13.207679304263726,13.207679304263726,13.044621257770471,13.098974227905273,29900,0.0,0.0
2025-05-09 00:00:00-04:00,13.126152992248535,13.216741006547279,12.972153886287469,13.126152992248535,49900,0.0,0.0
2025-05-12 00:00:00-04:00,13.316386297960474,13.316386297960474,13.053682109624722,13.10803508758545,45300,0.0,0.0
2025-05-13 00:00:00-04:00,13.171445106117103,13.171445106117103,13.05368105002083,13.11709213256836,42200,0.0,0.0
2025-05-14 00:00:00-04:00,13.216739106755856,13.216739106755856,13.062740022930821,13.11709213256836,24200,0.0,0.0
2025-05-15 00:00:00-04:00,13.012229997468367,13.203719576918893,13.012229997468367,13.13988971710205,27600,0.095,0.0
2025-05-16 00:00:00-04:00,13.16724681854248,13.185484420447667,13.139891285301422,13.16724681854248,13300,0.0,0.0
2025-05-19 00:00:00-04:00,13.1307725483445,13.1307725483445,13.03958714722432,13.085180282592773,4200,0.0,0.0
2025-05-20 00:00:00-04:00,13.085177572217301,13.149007426741814,13.085177572217301,13.094295501708984,24600,0.0,0.0
2025-05-21 00:00:00-04:00,13.10341701497012,13.10341701497012,13.01223161384994,13.085180282592773,100400,0.0,0.0
2025-05-22 00:00:00-04:00,13.076061481595739,13.112535815967156,12.984875210858831,13.085180282592773,23200,0.0,0.0
2025-05-23 00:00:00-04:00,13.076058773109072,13.158126225850044,13.04870324540093,13.094295501708984,14700,0.0,0.0
2025-05-27 00:00:00-04:00,13.203721760279603,13.422568645128049,13.057824416791814,13.313145637512207,16800,0.0,0.0
2025-05-28 00:00:00-04:00,13.313143956186833,13.313143956186833,13.07606036815223,13.203720092773438,13200,0.0,0.0
2025-05-29 00:00:00-04:00,13.559344799404212,13.559344799404212,13.130770776169372,13.376973152160645,8600,0.0,0.0
2025-05-30 00:00:00-04:00,13.550226940072076,13.550226940072076,13.194602420669659,13.294906616210938,24000,0.0,0.0
2025-06-02 00:00:00-04:00,13.221958393510334,13.468160794805508,13.20372079210327,13.231077194213867,5400,0.0,0.0
2025-06-03 00:00:00-04:00,13.203717799128693,13.212836597765207,13.185481071472168,13.185481071472168,6200,0.0,0.0
2025-06-04 00:00:00-04:00,13.103416548037496,13.240195949268802,12.9484004150787,13.06694221496582,22400,0.0,0.0
2025-06-05 00:00:00-04:00,13.030468433235486,13.048706035351335,12.957519764005552,12.966638565063477,22600,0.0,0.0
2025-06-06 00:00:00-04:00,13.012230098694305,13.194601749315876,12.975754898953365,13.103415489196777,30400,0.0,0.0
2025-06-09 00:00:00-04:00,13.07606039855008,13.085179198791836,12.993992935607578,13.039586067199707,15600,0.0,0.0
2025-06-10 00:00:00-04:00,13.066941217062496,13.367854659327675,13.021348086800609,13.267550468444824,63500,0.0,0.0
2025-06-11 00:00:00-04:00,13.294904046260823,13.294904046260823,13.176362272835656,13.185481071472168,34100,0.0,0.0
2025-06-12 00:00:00-04:00,13.231076343486492,13.285787404956492,13.112534550812633,13.194602012634277,12600,0.0,0.0
2025-06-13 00:00:00-04:00,13.18083283708854,13.272621718934692,13.089044830606039,13.1624755859375,18100,0.095,0.0
2025-06-16 00:00:00-04:00,13.180834645398113,13.199192774431399,13.107403879992512,13.144119262695312,35600,0.0,0.0
2025-06-17 00:00:00-04:00,13.1074019000047,13.180832654317943,13.098223712238275,13.116580963134766,6500,0.0,0.0
2025-06-18 00:00:00-04:00,13.153298201970438,13.162477266399682,13.098225566122508,13.107403755187988,16800,0.0,0.0
2025-06-20 00:00:00-04:00,13.153295489760726,13.171653614833767,13.11658011497823,13.13493824005127,10500,0.0,0.0
2025-06-23 00:00:00-04:00,13.125762284433288,13.373590904036238,13.125762284433288,13.208372116088867,43200,0.0,0.0
2025-06-24 00:00:00-04:00,13.153298377990723,13.33687529221343,13.153298377990723,13.153298377990723,1900,0.0,0.0
2025-06-25 00:00:00-04:00,13.11658267030995,13.144118987920466,13.015615588828886,13.05233097076416,22900,0.0,0.0
2025-06-26 00:00:00-04:00,13.052329602449008,13.061507790447834,12.942183468190139,12.951361656188965,24500,0.0,0.0
2025-06-27 00:00:00-04:00,13.052329965412175,13.06150815366623,12.97889920719761,13.043150901794434,14400,0.0,0.0
2025-06-30 00:00:00-04:00,13.043151029834055,13.226727927172568,13.015614714074202,13.079866409301758,21500,0.0,0.0
2025-07-01 00:00:00-04:00,13.024792902418357,13.180833483997016,13.024792902418357,13.079866409301758,10200,0.0,0.0
2025-07-02 00:00:00-04:00,13.070686729641501,13.180832862854004,13.06150766636621,13.180832862854004,6700,0.0,0.0
2025-07-03 00:00:00-04:00,13.190011978149414,13.208370104772394,13.180832914837923,13.190011978149414,4500,0.0,0.0
2025-07-07 00:00:00-04:00,13.226727356031716,13.27262179722551,13.171654726890091,13.190011978149414,16900,0.0,0.0
2025-07-08 00:00:00-04:00,13.162477442542801,13.199192825387343,13.13494112425034,13.153298377990723,15600,0.0,0.0
2025-07-09 00:00:00-04:00,13.25426367060253,13.25426367060253,13.098223971125485,13.190011978149414,17300,0.0,0.0
2025-07-10 00:00:00-04:00,13.190013709914755,13.217550028100913,13.134941073542441,13.144119262695312,14200,0.0,0.0
2025-07-11 00:00:00-04:00,13.171656456245241,13.199192774431399,13.079867561806354,13.144119262695312,13800,0.0,0.0
2025-07-14 00:00:00-04:00,13.2542625515717,13.290977926354197,13.098222865268772,13.13493824005127,19700,0.0,0.0
2025-07-15 00:00:00-04:00,13.167280400646176,13.352084159851074,13.158039992382472,13.352084159851074,27300,0.095,0.0
2025-07-16 00:00:00-04:00,13.39828388115212,13.39828388115212,13.139558646049029,13.176519393920898,20600,0.0,0.0
2025-07-17 00:00:00-04:00,13.1395601539757,13.148799681093712,13.074878176866568,13.093358993530273,20900,0.0,0.0
2025-07-18 00:00:00-04:00,13.074879436495884,13.111840192170243,13.019438743591309,13.019438743591309,25600,0.0,0.0
2025-07-21 00:00:00-04:00,13.037916988076983,13.121078897850659,13.037916988076983,13.074877738952637,5900,0.0,0.0
2025-07-22 00:00:00-04:00,13.065638303701125,13.065638303701125,12.816152572631836,12.816152572631836,54100,0.0,0.0
2025-07-23 00:00:00-04:00,12.825392831712994,12.936275083828727,12.779191673027988,12.853113174438477,44500,0.0,0.0
2025-07-24 00:00:00-04:00,12.86235373185361,12.917794417948684,12.779191821497179,12.816152572631836,63700,0.0,0.0
2025-07-25 00:00:00-04:00,12.797673695833156,12.908555958405303,12.779192878130853,12.843873977661133,16600,0.0,0.0
2025-07-28 00:00:00-04:00,12.89007392514372,12.89007392514372,12.825392831712994,12.853113174438477,11700,0.0,0.0
2025-07-29 00:00:00-04:00,12.8438719238387,12.936274235146676,12.80691117555826,12.88083267211914,20000,0.0,0.0
2025-07-30 00:00:00-04:00,12.899313264696886,12.899313264696886,12.806910954980387,12.82539176940918,21000,0.0,0.0
2025-07-31 00:00:00-04:00,12.927034268548855,12.936274676237476,12.862353177156077,12.899313926696777,22200,0.0,0.0
2025-08-01 00:00:00-04:00,12.945517232242592,13.056399499265668,12.93627682302052,13.019438743591309,24800,0.0,0.0
2025-08-04 00:00:00-04:00,13.000957489013672,13.0748789978826,12.936276389056834,13.000957489013672,21600,0.0,0.0
2025-08-05 00:00:00-04:00,13.028677134837306,13.065637884786915,12.963995161515147,12.991716384887695,20000,0.0,0.0
2025-08-06 00:00:00-04:00,13.010197897925762,13.065639470184406,12.982477552403388,13.000957489013672,15400,0.0,0.0
2025-08-07 00:00:00-04:00,13.037917028730739,13.111838530712545,13.000956277739837,13.010196685791016,33100,0.0,0.0
2025-08-08 00:00:00-04:00,13.010196793975767,13.084118296572257,13.010196793975767,13.037917137145996,13400,0.0,0.0
2025-08-11 00:00:00-04:00,13.047157725663745,13.13956004579382,13.028677790366029,13.065638542175293,28500,0.0,0.0
2025-08-12 00:00:00-04:00,13.074878081286963,13.12107924139465,12.668309811009749,12.936275482177734,534800,0.0,0.0
2025-08-13 00:00:00-04:00,12.963995161515147,13.084117819154825,12.963995161515147,12.991716384887695,82700,0.0,0.0
2025-08-14 00:00:00-04:00,12.991717050549726,13.000956577600196,12.936275482177734,12.936275482177734,34800,0.0,0.0
2025-08-15 00:00:00-04:00,13.01535315180194,13.01535315180194,12.903713343776236,12.95953369140625,58200,0.095,0.0
2025-08-18 00:00:00-04:00,13.089779628481358,13.089779628481358,12.894409743553233,12.940926551818848,52100,0.0,0.0
2025-08-19 00:00:00-04:00,12.93162397213592,12.996747863433152,12.894410700209384,12.922321319580078,69200,0.0,0.0
2025-08-20 00:00:00-04:00,12.913017217755574,12.978140218983961,12.847894216527184,12.87580394744873,99400,0.0,0.0
2025-08-21 00:00:00-04:00,12.88510737023426,12.922320640204354,12.801377290992964,12.81998348236084,63700,0.0,0.0
2025-08-22 00:00:00-04:00,12.829285234446226,12.922318840028352,12.810679045670332,12.894408226013184,89800,0.0,0.0
2025-08-25 00:00:00-04:00,12.922320757140872,12.940926948677118,12.838590677141886,12.87580394744873,51100,0.0,0.0
2025-08-26 00:00:00-04:00,12.894407719153099,12.903711256792446,12.847891805424725,12.866497993469238,53000,0.0,0.0
2025-08-27 00:00:00-04:00,12.866498441254796,12.885105517181064,12.83858871459961,12.83858871459961,41200,0.0,0.0
2025-08-28 00:00:00-04:00,12.87580450786331,12.940927511926152,12.819984156356309,12.922321319580078,125600,0.0,0.0
2025-08-29 00:00:00-04:00,12.922320360853195,12.940926551818848,12.84789382252194,12.940926551818848,27600,0.0,0.0
2025-09-02 00:00:00-04:00,12.922321319580078,12.93162397213592,12.903714239999616,12.922321319580078,47500,0.0,0.0
2025-09-03 00:00:00-04:00,12.940926607992175,13.015353146646497,12.903713338665014,12.978139877319336,70700,0.0,0.0
2025-09-04 00:00:00-04:00,12.978140323823247,13.015353594430705,12.959534132136696,12.968836784362793,14300,0.0,0.0
2025-09-05 00:00:00-04:00,13.033959953365898,13.10838649046955,13.024656414419365,13.080476760864258,50100,0.0,0.0
2025-09-08 00:00:00-04:00,13.13629594195787,13.220026016235352,13.13629594195787,13.220026016235352,41200,0.0,0.0
2025-09-09 00:00:00-04:00,13.285148115189754,13.340968456680441,13.164204781321788,13.257238388061523,48800,0.0,0.0
2025-09-10 00:00:00-04:00,13.257239186068652,13.471215252322217,13.257239186068652,13.452609062194824,93400,0.0,0.0
2025-09-11 00:00:00-04:00,13.46191327725076,13.601462815537664,13.46191327725076,13.573553085327148,96600,0.0,0.0
2025-09-12 00:00:00-04:00,13.573551113985294,13.638674104096529,13.443304246528625,13.554944038391113,51500,0.0,0.0
2025-09-15 00:00:00-04:00,13.494077110633745,13.653271709010934,13.494077110633745,13.615814208984375,15800,0.095,0.0
2025-09-16 00:00:00-04:00,13.625179326098928,13.672001426179413,13.522170527310406,13.587721824645996,16700,0.0,0.0
2025-09-17 00:00:00-04:00,13.625176956259356,13.625176956259356,13.50343987444685,13.540897369384766,43100,0.0,0.0
2025-09-18 00:00:00-04:00,13.49407712385413,13.66263632066741,13.49407712385413,13.634543418884277,34800,0.0,0.0
2025-09-19 00:00:00-04:00,13.634543924726481,13.634543924726481,13.531535125937959,13.587721824645996,33500,0.0,0.0
2025-09-22 00:00:00-04:00,13.56899310955216,13.662637313040689,13.56899310955216,13.597086906433105,22000,0.0,0.0
2025-09-23 00:00:00-04:00,13.643907110739983,13.653271709010934,13.597085905499718,13.615814208984375,21700,0.0,0.0
2025-09-24 00:00:00-04:00,13.662637313040689,13.662637313040689,13.56899310955216,13.597086906433105,17600,0.0,0.0
2025-09-25 00:00:00-04:00,13.587721824645996,13.672001426179413,13.559628028763338,13.587721824645996,14700,0.0,0.0
2025-09-26 00:00:00-04:00,13.634543405526276,13.672000905552835,13.578356708957815,13.615814208984375,10300,0.0,0.0
2025-09-29 00:00:00-04:00,13.681364106016366,13.681364106016366,13.568991610082476,13.662635803222656,22800,0.0,0.0
2025-09-30 00:00:00-04:00,13.662638143053691,13.700095648113205,13.597087732463883,13.690731048583984,37400,0.0,0.0
2025-10-01 00:00:00-04:00,13.690731480180764,13.756281892837032,13.690731480180764,13.71882438659668,12700,0.0,0.0
2025-10-02 00:00:00-04:00,13.746918186069989,13.793739399077383,13.690731480180764,13.71882438659668,19700,0.0,0.0
2025-10-03 00:00:00-04:00,13.700093773291115,13.71882207672927,13.597085871738157,13.653271675109863,13800,0.0,0.0
2025-10-06 00:00:00-04:00,13.615813757817815,13.709457951309892,13.559627063111128,13.568991661071777,25800,0.0,0.0
2025-10-07 00:00:00-04:00,13.578357226018444,13.69072973037724,13.578357226018444,13.587721824645996,6900,0.0,0.0
2025-10-08 00:00:00-04:00,13.625178820604152,13.69072922245054,13.625178820604152,13.634543418884277,5600,0.0,0.0
2025-10-09 00:00:00-04:00,13.643908115120059,13.681365617904007,13.597086906433105,13.597086906433105,27000,0.0,0.0
2025-10-10 00:00:00-04:00,13.662637239773986,13.72818764603005,13.643908041953791,13.672001838684082,12000,0.0,0.0
2025-10-13 00:00:00-04:00,13.672002234667659,13.74691724200359,13.662637635486334,13.737552642822266,14000,0.0,0.0
2025-10-14 00:00:00-04:00,13.756280873348059,13.84056047940717,13.681365866419366,13.812467575073242,60700,0.0,0.0
2025-10-15 00:00:00-04:00,13.902004999233608,13.91143030309183,13.779478745616077,13.79832935333252,49000,0.095,0.0
2025-10-16 00:00:00-04:00,13.798330589874496,13.883155635660765,13.77947998046875,13.77947998046875,22700,0.0,0.0
2025-10-17 00:00:00-04:00,13.788903032357622,13.817178043000176,13.685227394104004,13.685227394104004,24900,0.0,0.0
2025-10-20 00:00:00-04:00,13.97740557614669,13.97740557614669,13.685228348489447,13.741778373718262,18300,0.0,0.0
2025-10-21 00:00:00-04:00,13.751204155330054,13.807754182523723,13.69465322928991,13.71350383758545,27400,0.0,0.0
2025-10-22 00:00:00-04:00,13.685230064947403,13.685230064947403,13.534427881447964,13.638104438781738,116200,0.0,0.0
2025-10-23 00:00:00-04:00,13.619253922388017,13.619253922388017,13.496727653053734,13.572128295898438,50600,0.0,0.0
2025-10-24 00:00:00-04:00,13.572128012695412,13.60982833333109,13.54385299693029,13.590978622436523,59300,0.0,0.0
2025-10-27 00:00:00-04:00,13.590977332520431,13.666377966635531,13.58155202854443,13.609827041625977,32600,0.0,0.0
2025-10-28 00:00:00-04:00,13.666379597067985,13.666379597067985,13.609828665311767,13.628679275512695,32400,0.0,0.0
2025-10-29 00:00:00-04:00,13.656953958837322,13.694654279473,13.572128012695412,13.590978622436523,52100,0.0,0.0
2025-10-30 00:00:00-04:00,13.60982540325882,13.826602874378645,13.60982540325882,13.770051956176758,60100,0.0,0.0
2025-10-31 00:00:00-04:00,13.902005815014542,13.902005815014542,13.76062984423096,13.86430549621582,21300,0.0,0.0
2025-11-03 00:00:00-05:00,13.854880191804515,13.86430549621582,13.807754568594486,13.86430549621582,8300,0.0,0.0
2025-11-04 00:00:00-05:00,13.864306259348886,13.864306259348886,13.760630601657407,13.817180633544922,11300,0.0,0.0
2025-11-05 00:00:00-05:00,13.826605125353192,13.854880139634139,13.779479502320616,13.807754516601562,18900,0.0,0.0
2025-11-06 00:00:00-05:00,13.864304682647171,13.864304682647171,13.760629036746083,13.79832935333252,13500,0.0,0.0
2025-11-07 00:00:00-05:00,13.779480561733857,13.779480561733857,13.581553648856941,13.628679275512695,60700,0.0,0.0
2025-11-10 00:00:00-05:00,13.64752780025212,13.770054059365135,13.64752780025212,13.760629653930664,21200,0.0,0.0
2025-11-11 00:00:00-05:00,13.760628562424813,13.892579216505851,13.694652336537876,13.826603889465332,24200,0.0,0.0
2025-11-12 00:00:00-05:00,13.902004183312958,13.920854789923043,13.76062822912291,13.845453262329102,23400,0.0,0.0
2025-11-13 00:00:00-05:00,13.770052967111733,13.845453597685587,13.760628562424813,13.826603889465332,19500,0.0,0.0
2025-11-14 00:00:00-05:00,13.783915823078107,13.964160242618405,13.660590931999275,13.745969772338867,42900,0.095,0.0
2025-11-17 00:00:00-05:00,13.821861218106283,13.831347956517344,13.632130973410915,13.708023071289062,45800,0.0,0.0
2025-11-18 00:00:00-05:00,13.755456082118501,13.831348181229638,13.698536555432558,13.802888870239258,23700,0.0,0.0
2025-11-19 00:00:00-05:00,13.717510047793002,13.897753557205771,13.717510047793002,13.736482620239258,12000,0.0,0.0
2025-11-20 00:00:00-05:00,13.736481242634579,13.888266330508328,13.613157272338867,13.613157272338867,37900,0.0,0.0
2025-11-21 00:00:00-05:00,13.613158701601916,13.670077323913574,13.5182931248089,13.670077323913574,35000,0.0,0.0
2025-11-24 00:00:00-05:00,13.660590283938928,13.755455858639197,13.660590283938928,13.708023071289062,39700,0.0,0.0
2025-11-25 00:00:00-05:00,13.670077133779003,13.793402020012545,13.575212463010633,13.75545597076416,22000,0.0,0.0
2025-11-26 00:00:00-05:00,13.802889453106687,13.907240867614746,13.67956456066704,13.907240867614746,34500,0.0,0.0
2025-11-28 00:00:00-05:00,13.96415829919931,14.04005039011574,13.76494133436741,13.9926176071167,36300,0.0,0.0
2025-12-01 00:00:00-05:00,13.992617907507256,13.992617907507256,13.764941629870261,13.774428367614746,28000,0.0,0.0
2025-12-02 00:00:00-05:00,13.802888229149398,13.840834276942521,13.565725204266093,13.698535919189453,61100,0.0,0.0
2025-12-03 00:00:00-05:00,13.736483485924813,13.869295120239258,13.736483485924813,13.869295120239258,23900,0.0,0.0
2025-12-04 00:00:00-05:00,13.812375956447251,13.88826805746851,13.717510377818074,13.87878131866455,11600,0.0,0.0
2025-12-05 00:00:00-05:00,13.926212850312941,13.983131468586004,13.802887971114474,13.916726112365723,11400,0.0,0.0
2025-12-08 00:00:00-05:00,13.888269118404605,13.954674485694664,13.78391679299991,13.926215171813965,22000,0.0,0.0
2025-12-09 00:00:00-05:00,13.888268598586425,13.954673963391025,13.802889755434657,13.869295120239258,9500,0.0,0.0
2025-12-10 00:00:00-05:00,13.850321468055656,13.992618925757563,13.850321468055656,13.888267517089844,23700,0.0,0.0
2025-12-11 00:00:00-05:00,13.850320756145443,13.945185421502254,13.850320756145443,13.916726112365723,6100,0.0,0.0
2025-12-12 00:00:00-05:00,13.87878155542259,14.040052499020186,13.793402714140894,13.907240867614746,34000,0.0,0.0
2025-12-15 00:00:00-05:00,13.84517712608496,13.950209176464616,13.778338631353016,13.835628509521484,20000,0.095,0.0
2025-12-16 00:00:00-05:00,13.835628509521484,13.835628509521484,13.797434953873774,13.835628509521484,36100,0.0,0.0
2025-12-17 00:00:00-05:00,13.835626976315195,13.835626976315195,13.787884809394596,13.806982040405273,39700,0.0,0.0
2025-12-18 00:00:00-05:00,13.768789012599276,13.835627502466242,13.768789012599276,13.81653118133545,46400,0.0,0.0
2025-12-19 00:00:00-05:00,13.835626272555821,13.864272117614746,13.68285207466575,13.864272117614746,29700,0.0,0.0
2025-12-22 00:00:00-05:00,13.806981943095321,13.864272725117482,13.74969116107316,13.787884712219238,65400,0.0,0.0
2025-12-23 00:00:00-05:00,13.854725014725698,13.854725014725698,13.721047121679007,13.768789291381836,47400,0.0,0.0
2025-12-24 00:00:00-05:00,13.65420823683336,13.749691662880263,13.65420823683336,13.673304557800293,33400,0.0,0.0
2025-12-26 00:00:00-05:00,13.65420823683336,13.701950405159872,13.60646606850685,13.673304557800293,60600,0.0,0.0
2025-12-29 00:00:00-05:00,13.673304783732819,13.701950631565731,13.577821356108185,13.606466293334961,68900,0.0,0.0
2025-12-30 00:00:00-05:00,13.635109901428223,13.682852065889762,13.606464966993718,13.635109901428223,65900,0.0,0.0
2025-12-31 00:00:00-05:00,13.635111475870472,13.70195087807697,13.635111475870472,13.66375732421875,72400,0.0,0.0
2026-01-02 00:00:00-05:00,13.7019501271744,13.778337230704627,13.663756575409288,13.721046447753906,19400,0.0,0.0
2026-01-05 00:00:00-05:00,13.806982415325454,13.806982415325454,13.740143926185311,13.778337478637695,8000,0.0,0.0
2026-01-06 00:00:00-05:00,13.797433424899936,13.826078360809857,13.68285277065415,13.806982040405273,39000,0.0,0.0
2026-01-07 00:00:00-05:00,13.835627127493353,13.864272974322375,13.806982191270436,13.845175743103027,38300,0.0,0.0
2026-01-08 00:00:00-05:00,13.85472410967944,13.873820429949436,13.759239776511203,13.787884712219238,30300,0.0,0.0
2026-01-09 00:00:00-05:00,13.740143332367538,13.940659701728219,13.740143332367538,13.873820304870605,19500,0.0,0.0
2026-01-12 00:00:00-05:00,13.902465875105253,13.950207129705701,13.854723709898742,13.921562194824219,39900,0.0,0.0
2026-01-13 00:00:00-05:00,13.950207807199659,13.997949974724774,13.931111486553277,13.969305038452148,13900,0.0,0.0
2026-01-14 00:00:00-05:00,13.978852907617645,14.03614277710366,13.931110742641927,14.026594161987305,17200,0.0,0.0
2026-01-15 00:00:00-05:00,14.054454842263162,14.121700743984523,14.054454842263162,14.092881202697754,13800,0.089,0.0
2026-01-16 00:00:00-05:00,14.09288029218313,14.16012618955986,14.035240297176905,14.150519371032715,10300,0.0,0.0
2026-01-20 00:00:00-05:00,14.150520128597936,14.150520128597936,13.958388328552246,13.958388328552246,28900,0.0,0.0
2026-01-21 00:00:00-05:00,14.054453350177837,14.121699244760066,13.977600637467692,14.025633811950684,8500,0.0,0.0
2026-01-22 00:00:00-05:00,14.044847906166297,14.044847906166297,13.977602005004883,13.977602005004883,14500,0.0,0.0
2026-01-23 00:00:00-05:00,14.131305056071152,14.131305056071152,13.977599641601952,13.98720645904541,21600,0.0,0.0
2026-01-26 00:00:00-05:00,13.939175149917979,14.092880584918472,13.881535153714463,13.967994689941406,29000,0.0,0.0
2026-01-27 00:00:00-05:00,14.083273766191777,14.160126483692023,13.967994689941406,13.967994689941406,15400,0.0,0.0
2026-01-28 00:00:00-05:00,14.006421662680749,14.150520285271291,13.996814843532926,14.092881202697754,13500,0.0,0.0
2026-01-29 00:00:00-05:00,14.112091740828681,14.323437148589159,14.112091740828681,14.27540397644043,35300,0.0,0.0
2026-01-30 00:00:00-05:00,14.33304546146391,14.409898178456478,14.198552748648588,14.30422592163086,14100,0.0,0.0
2026-02-02 00:00:00-05:00,14.31383331018491,14.409899674477458,14.31383331018491,14.39068603515625,20200,0.0,0.0
2026-02-03 00:00:00-05:00,14.39068603515625,14.515571942273864,14.304227406681054,14.39068603515625,37000,0.0,0.0
2026-02-04 00:00:00-05:00,14.400290446023764,14.62124268047438,14.29461819590357,14.36186408996582,28700,0.0,0.0
2026-02-05 00:00:00-05:00,14.400292054766947,14.63085021687164,14.390685235640076,14.505965232849121,22500,0.0,0.0
2026-02-06 00:00:00-05:00,14.505965232849121,14.515571135819293,14.390685235640076,14.505965232849121,20500,0.0,0.0
2026-02-09 00:00:00-05:00,14.505965194599561,14.592423818043324,14.467538834350103,14.486751556396484,7500,0.0,0.0
2026-02-10 00:00:00-05:00,14.602030257877894,14.602030257877894,14.409898461620948,14.592423439025879,7700,0.0,0.0
2026-02-11 00:00:00-05:00,14.592422525303256,14.62124298005467,14.429111195828296,14.6116361618042,20200,0.0,0.0
2026-02-12 00:00:00-05:00,14.630849338072625,14.678882514665174,14.505964361551296,14.582817077636719,16600,0.0,0.0
2026-02-13 00:00:00-05:00,14.678482828642705,14.726799284298068,14.620503819104064,14.659156799316406,11500,0.089,0.0
2026-02-17 00:00:00-05:00,14.71713564241115,14.755789543746076,14.630167129086763,14.736462593078613,19800,0.0,0.0
2026-02-18 00:00:00-05:00,14.765451269819739,15.12299154308774,14.630166308970034,14.842757225036621,95900,0.0,0.0
2026-02-19 00:00:00-05:00,14.842757890957847,14.842757890957847,14.746125903381184,14.81376838684082,7900,0.0,0.0
2026-02-20 00:00:00-05:00,14.900738429556833,15.113330285406994,14.707473524947487,14.871748924255371,51300,0.0,0.0
2026-02-23 00:00:00-05:00,14.910400897990517,15.122991817920557,14.688145581533135,14.775115013122559,61700,0.0,0.0
2026-02-24 00:00:00-05:00,14.813768214966613,15.161645025013918,14.359595021790629,15.074676513671875,100400,0.0,0.0
2026-02-25 00:00:00-05:00,15.074677073038416,15.499860778210744,14.939391181109086,15.316258430480957,473500,0.0,0.0
2026-02-26 00:00:00-05:00,15.316257496442605,15.490196358092957,15.2196245907347,15.41288948059082,20100,0.0,0.0
2026-02-27 00:00:00-05:00,15.441880152015537,15.480534054471013,15.171309285745512,15.432217597961426,43800,0.0,0.0
2026-03-02 00:00:00-05:00,15.45154227606104,15.809083470021491,15.18097143345823,15.393563270568848,89300,0.0,0.0
2026-03-03 00:00:00-05:00,15.41288968175521,15.41288968175521,15.094002378940665,15.151982307434082,28200,0.0,0.0
2026-03-04 00:00:00-05:00,15.1519831996374,15.287268171488606,15.1519831996374,15.23895263671875,4500,0.0,0.0
2026-03-05 00:00:00-05:00,15.248615315177192,15.248615315177192,15.007033953117404,15.065013885498047,15900,0.0,0.0
2026-03-06 00:00:00-05:00,15.065014341793296,15.17130981255761,15.007034407656532,15.016697883605957,12900,0.0,0.0
2026-03-09 00:00:00-04:00,15.132655579078714,15.132655579078714,14.900737704827325,14.987707138061523,15300,0.0,0.0
2026-03-10 00:00:00-04:00,15.007032026498626,15.441878238068274,14.939389548705021,15.248613357543945,63400,0.0,0.0
2026-03-11 00:00:00-04:00,15.32592003338738,15.403225989247215,14.997370181762925,15.132655143737793,26000,0.0,0.0
2026-03-12 00:00:00-04:00,15.209960672218244,15.702786818146706,15.055348764842961,15.46120548248291,73000,0.0,0.0
2026-03-13 00:00:00-04:00,15.432216718957195,15.567502605166332,15.28726735768461,15.441879272460938,12900,0.0,0.0
2026-03-16 00:00:00-04:00,15.5283643279901,15.68384217493692,15.061930787149644,15.120235443115234,27500,0.089,0.0
2026-03-17 00:00:00-04:00,15.4992133618668,15.4992133618668,14.916171402016927,15.091083526611328,5300,0.0,0.0
2026-03-18 00:00:00-04:00,15.499212139073888,15.499212139073888,14.964756356335952,14.97447395324707,1800,0.0,0.0
2026-03-19 00:00:00-04:00,15.003626324865026,15.032779116584686,14.712105821437051,14.906453132629395,20000,0.0,0.0
2026-03-20 00:00:00-04:00,14.945322758721383,14.945322758721383,14.692670788040841,14.828714370727539,13700,0.0,0.0
2026-03-23 00:00:00-04:00,15.24655909760453,15.24655909760453,14.780125599627947,14.916169166564941,23000,0.0,0.0
2026-03-24 00:00:00-04:00,15.013342955881386,15.013342955881386,14.605213165283203,14.605213165283203,3000,0.0,0.0
2026-03-25 00:00:00-04:00,14.653800619949914,14.887017384710672,14.644083023071289,14.644083023071289,4600,0.0,0.0
2026-03-26 00:00:00-04:00,14.644083106685398,14.692670164634904,14.352562612430464,14.371996879577637,1000,0.0,0.0
2026-03-27 00:00:00-04:00,14.333127102588758,14.702387437455195,14.245670585551833,14.527474403381348,14100,0.0,0.0
2026-03-30 00:00:00-04:00,14.760691272167026,14.760691272167026,14.342844804090626,14.420583724975586,9600,0.0,0.0
2026-03-31 00:00:00-04:00,15.21740793471583,15.21740793471583,14.488604865607055,14.634366035461426,17800,0.0,0.0
2026-04-01 00:00:00-04:00,14.653800355262232,14.809278195627716,14.57606143507949,14.663517951965332,13800,0.0,0.0
2026-04-02 00:00:00-04:00,14.644083477588858,14.682952939588732,14.488605629589356,14.546910285949707,4200,0.0,0.0
2026-04-06 00:00:00-04:00,14.712105948063897,14.712105948063897,14.440018783331688,14.498323440551758,3100,0.0,0.0
2026-04-07 00:00:00-04:00,14.498322751707045,14.721821919202725,14.420583830254545,14.478887557983398,11200,0.0,0.0
2026-04-08 00:00:00-04:00,14.867583725106417,15.44090899027458,14.546910428778645,15.402039527893066,180700,0.0,0.0
2026-04-09 00:00:00-04:00,15.37288642279317,15.37288642279317,15.159104847411877,15.256278038024902,12400,0.0,0.0
2026-04-10 00:00:00-04:00,15.265995797308769,15.343734721313616,15.168821678942173,15.178539276123047,25600,0.0,0.0
2026-04-13 00:00:00-04:00,15.217408524476554,15.236843718565437,15.139669601563144,15.227126121520996,7000,0.0,0.0
2026-04-14 00:00:00-04:00,15.227125671085828,15.304864591699635,15.061930233101227,15.159104347229004,21100,0.0,0.0
2026-04-15 00:00:00-04:00,15.226537381906612,15.461092292335039,15.001755825755628,15.079940795898438,6300,0.089,0.0
2026-04-16 00:00:00-04:00,15.079942372110398,15.079942372110398,14.845386505126953,14.845386505126953,11200,0.0,0.0
2026-04-17 00:00:00-04:00,14.952890405111406,15.431773593655189,14.952890405111406,15.040848731994629,6200,0.0,0.0
2026-04-20 00:00:00-04:00,15.109260977630546,15.148353465421064,14.864932695930207,14.982210159301758,2000,0.0,0.0
2026-04-21 00:00:00-04:00,15.050621145455331,15.050621145455331,14.85515871474261,14.952890396118164,3400,0.0,0.0
2026-04-22 00:00:00-04:00,15.050621578145025,15.050621578145025,14.90402498390558,15.00175666809082,4700,0.0,0.0
2026-04-23 00:00:00-04:00,15.050621470285417,15.050621470285417,14.816066548367871,14.923571586608887,3000,0.0,0.0
2026-04-24 00:00:00-04:00,15.050621034967069,15.050621034967069,14.87470531463623,14.87470531463623,1500,0.0,0.0
2026-04-27 00:00:00-04:00,15.050622430529684,15.050622430529684,14.835614204406738,14.835614204406738,7600,0.0,0.0
2026-04-28 00:00:00-04:00,14.991984162328324,14.991984162328324,14.620605046245323,14.835614204406738,26000,0.0,0.0
2026-04-29 00:00:00-04:00,14.864933665181526,14.864933665181526,14.581512877210535,14.630378723144531,38900,0.0,0.0
2026-04-30 00:00:00-04:00,14.90402497739242,14.913798332214355,14.69878918632384,14.913798332214355,18600,0.0,0.0
2026-05-01 00:00:00-04:00,15.05062156491253,15.05062156491253,14.82583999633789,14.82583999633789,10000,0.0,0.0
2026-05-04 00:00:00-04:00,14.904025491957762,14.904025491957762,14.571738872846979,14.601058006286621,17700,0.0,0.0
2026-05-05 00:00:00-04:00,14.786746757271507,14.95289005256971,14.767200048630134,14.806292533874512,20800,0.0,0.0
2026-05-06 00:00:00-04:00,15.050621263163277,15.422000350441124,14.952890513061778,15.119033813476562,44200,0.0,0.0
2026-05-07 00:00:00-04:00,15.43177488290877,15.43177488290877,14.933344943621245,15.011529922485352,12300,0.0,0.0
2026-05-08 00:00:00-04:00,15.294950485229492,15.343816329330616,15.060395551990236,15.294950485229492,12400,0.0,0.0
2026-05-11 00:00:00-04:00,15.294950380960975,15.431774557103678,15.099487937927433,15.216765403747559,16100,0.0,0.0
2026-05-12 00:00:00-04:00,15.20699245260353,15.20699245260353,14.855159135321154,14.913798332214355,58500,0.0,0.0
2026-05-13 00:00:00-04:00,14.952890819463684,15.158126610532264,14.874705844965026,14.913798332214355,26500,0.0,0.0
2026-05-14 00:00:00-04:00,15.148352612696332,15.148352612696332,14.923571053563775,15.060394287109375,11000,0.0,0.0
2026-05-15 00:00:00-04:00,14.882473636476504,15.079071511059874,14.852983252199541,15.010262489318848,8300,0.089,0.0
2026-05-18 00:00:00-04:00,15.118391821835502,15.118391821835502,14.725195116078051,14.921793937683105,19900,0.0,0.0
2026-05-19 00:00:00-04:00,14.970942674319398,14.970942674319398,14.744855342380177,14.784174919128418,7100,0.0,0.0
2026-05-20 00:00:00-04:00,14.823494774273723,14.921794186716795,14.685875784343958,14.76451587677002,21400,0.0,0.0
2026-05-21 00:00:00-04:00,14.8529840683483,14.951283479767692,14.676046440227122,14.705535888671875,11800,0.0,0.0
2026-05-22 00:00:00-04:00,14.931623515917838,14.990603351418995,14.764516013145373,14.823494911193848,11200,0.0,0.0
2026-05-26 00:00:00-04:00,15.01026328913907,15.01026328913907,14.83332472385958,14.95128345489502,8800,0.0,0.0
2026-05-27 00:00:00-04:00,15.088901709769782,15.088901709769782,14.921793281228682,15.039752006530762,14000,0.0,0.0
2026-05-28 00:00:00-04:00,15.197030534936228,15.197030534936228,15.088901936150211,15.12822151184082,8200,0.0,0.0
2026-05-29 00:00:00-04:00,15.236350860249463,15.236350860249463,15.167541833768677,15.17737102508545,11000,0.0,0.0
2026-06-01 00:00:00-04:00,15.236349690183218,15.314988839394406,15.08890151977539,15.08890151977539,12900,0.0,0.0
2026-06-02 00:00:00-04:00,15.236350233052208,15.236350233052208,15.02009209628989,15.049582481384277,14200,0.0,0.0
2026-06-03 00:00:00-04:00,15.23635014602514,15.23635014602514,15.010262819642032,15.020092010498047,13300,0.0,0.0
2026-06-04 00:00:00-04:00,15.167541245709796,15.167541245709796,14.941452980041504,14.941452980041504,8800,0.0,0.0
2026-06-05 00:00:00-04:00,15.08890209350847,15.08890209350847,14.921793660717492,14.941452980041504,5100,0.0,0.0
2026-06-08 00:00:00-04:00,15.138051406766913,15.138051406766913,14.90213394165039,14.90213394165039,10500,0.0,0.0
2026-06-09 00:00:00-04:00,14.980772972106934,14.990603100768208,14.774344957483494,14.980772972106934,10100,0.0,0.0
2026-06-10 00:00:00-04:00,15.098730851120793,15.17737000106523,14.961112807444339,15.147880554199219,4500,0.0,0.0
2026-06-11 00:00:00-04:00,15.236351266969372,15.236351266969372,15.069242823238653,15.079072952270508,7100,0.0,0.0
2026-06-12 00:00:00-04:00,15.13805185155623,15.15771210961994,14.96111421624636,15.079072952270508,14900,0.0,0.0
2026-06-15 00:00:00-04:00,15.107744736386202,15.176956251267015,14.989097637491938,15.038534164428711,21400,0.089,0.0
2026-06-16 00:00:00-04:00,15.1571812205718,15.186842759480873,14.969323550249902,14.989097595214844,13300,0.0,0.0
2026-06-17 00:00:00-04:00,15.078083154865388,15.078083154865388,14.959436056305771,14.989097595214844,5500,0.0,0.0
2026-06-18 00:00:00-04:00,15.018758773803711,15.226391427032485,14.949548203701884,15.018758773803711,26600,0.0,0.0
2026-06-22 00:00:00-04:00,15.30548918138825,15.30548918138825,15.078082488266745,15.097857475280762,6500,0.0,0.0
2026-06-23 00:00:00-04:00,15.325264610427155,15.325264610427155,15.038533890916739,15.167068481445312,1900,0.0,0.0
2026-06-24 00:00:00-04:00,15.295603509135239,15.295603509135239,15.186842960159273,15.236279487609863,5800,0.0,0.0
2026-06-25 00:00:00-04:00,15.315377160091723,15.315377160091723,15.127519492123573,15.21650505065918,3200,0.0,0.0
2026-06-26 00:00:00-04:00,15.216505007482965,15.275828084389502,15.097857910746583,15.167068481445312,4900,0.0,0.0
2026-06-29 00:00:00-04:00,15.27582796907235,15.315377001019256,15.167068366949186,15.256053924560547,13000,0.0,0.0
2026-06-30 00:00:00-04:00,15.325264729281471,15.53289738591125,15.176956092941621,15.315377235412598,42600,0.0,0.0
2026-07-01 00:00:00-04:00,15.493348077971541,15.562558647976841,15.24616639318313,15.4439115524292,16700,0.0,0.0
2026-07-02 00:00:00-04:00,15.61199481073538,15.621882304198747,15.325264100760661,15.473572731018066,16600,0.0,0.0
2026-07-06 00:00:00-04:00,15.621883031622964,15.621883031622964,15.335152308296788,15.414250373840332,13000,0.0,0.0
2026-07-07 00:00:00-04:00,15.453798844244629,15.542784400473739,15.42413730647602,15.4340238571167,12100,0.0,0.0
2026-07-08 00:00:00-04:00,15.473573046689372,15.542784559421628,15.345039400736527,15.394474983215332,3100,0.0,0.0
2026-07-09 00:00:00-04:00,15.503235131859068,15.51312168234843,15.374700546264648,15.374700546264648,5600,0.0,0.0
2026-07-10 00:00:00-04:00,15.49334803401953,15.56255860382849,15.36481344514339,15.394474983215332,8500,0.0,0.0
2026-07-13 00:00:00-04:00,15.57244618556445,15.63177020496714,15.335151993800299,15.493348121643066,26700,0.0,0.0
2026-07-14 00:00:00-04:00,15.641656596598798,15.641656596598798,15.493347963986183,15.532896995544434,19700,0.0,0.0
2026-07-15 00:00:00-04:00,15.611451013973339,15.621394841057029,15.462297400900164,15.601507186889648,11800,0.089,0.0
2026-07-16 00:00:00-04:00,15.72083160149431,15.72083160149431,15.571677036461523,15.700943946838379,8800,0.0,0.0
2026-07-17 00:00:00-04:00,15.700943832537472,15.700943832537472,15.561733095846087,15.621395111083984,1600,0.0,0.0
2026-07-20 00:00:00-04:00,15.661169780330697,15.661169780330697,15.33303106079694,15.50207233428955,7300,0.0,0.0
2026-07-23 00:00:00-04:00,15.333030700683594,15.571676864140441,15.263425806749236,15.333030700683594,16100,0.0,0.0
2026-07-24 00:00:00-04:00,15.183877105768406,15.412579442311156,15.183877105768406,15.263425827026367,2800,0.0,0.0
2026-07-27 00:00:00-04:00,15.561732782233467,15.561732782233467,15.183876837092033,15.243537902832031,13900,0.0,0.0
2026-07-28 00:00:00-04:00,15.243537805109764,15.243537805109764,14.985003993105718,15.09438419342041,16600,0.0,0.0
2026-07-29 00:00:00-04:00,15.004892439092648,15.163989886171084,15.004892439092648,15.154046058654785,8600,0.0,0.0
2026-07-30 00:00:00-04:00,15.163989637746015,15.163989637746015,15.02477889968522,15.064553260803223,21300,0.0,0.0
2026-08-03 00:00:00-04:00,15.512015722176596,15.631338803326193,15.512015722176596,15.611451148986816,15900,0.0,0.0
2026-08-04 00:00:00-04:00,15.661169832278835,15.879929295458828,15.571677281509949,15.790436744689941,35900,0.0,0.0
2026-08-05 00:00:00-04:00,15.879928758011726,15.929646945455712,15.67111312938343,15.750661849975586,23400,0.0,0.0
2026-08-06 00:00:00-04:00,15.790436648071363,15.790436648071363,15.551790479678283,15.641282081604004,12100,0.0,0.0
2026-08-07 00:00:00-04:00,15.641281667676541,15.80038005735716,15.492128053451928,15.68105697631836,24400,0.0,0.0
2026-08-10 00:00:00-04:00,15.710887908935547,15.80038045906378,15.48218461990833,15.710887908935547,13500,0.0,0.0
2026-08-11 00:00:00-04:00,15.770548473764839,15.770548473764839,15.492127953143685,15.531902313232422,33900,0.0,0.0
2026-08-12 00:00:00-04:00,15.561733537484441,15.77054917429988,15.382749383282345,15.512016296386719,19700,0.0,0.0
2026-08-13 00:00:00-04:00,15.690999984741211,15.720831466468889,15.561733075474622,15.690999984741211,1700,0.0,0.0
2026-08-14 00:00:00-04:00,15.779999732971191,15.779999732971191,15.510000228881836,15.710000038146973,5700,0.089,0.0
2026-08-17 00:00:00-04:00,15.729999542236328,15.729999542236328,15.729999542236328,15.729999542236328,1100,0.0,0.0
2026-08-18 00:00:00-04:00,15.720000267028809,15.729999542236328,15.484999656677246,15.484999656677246,6213,0.0,0.0
