Date,Open,High,Low,Close,Volume,Dividends,Stock Splits
2022-01-03 00:00:00-05:00,40.417174242526464,40.417174242526464,39.825471627106545,39.9209098815918,1357100,0.0,0.0
2022-01-04 00:00:00-05:00,40.312189687279464,40.51260452134734,39.74911683875797,39.815921783447266,1961700,0.0,0.0
2022-01-05 00:00:00-05:00,39.99725479235007,40.369454864252305,38.55617180923682,38.63251876831055,2113700,0.0,0.0
2022-01-06 00:00:00-05:00,37.764043254351556,38.317574070739646,36.77150749843956,36.876487731933594,3489500,0.0,0.0
2022-01-07 00:00:00-05:00,36.97192555365905,37.20097002366113,36.28478486246037,36.800140380859375,3158400,0.0,0.0
2022-01-10 00:00:00-05:00,36.64744147920999,37.56362660604122,36.27523785837598,37.554080963134766,2272900,0.0,0.0
2022-01-11 00:00:00-05:00,37.44910532346899,37.974002838134766,37.12462262775987,37.974002838134766,1845500,0.0,0.0
2022-01-12 00:00:00-05:00,37.99309308210431,38.537078279672194,37.687698011209925,38.46072769165039,2257600,0.0,0.0
2022-01-13 00:00:00-05:00,38.44164774770549,38.87111078989427,37.95492539362297,38.08853530883789,1767400,0.0,0.0
2022-01-14 00:00:00-05:00,38.0312722900353,38.18396985581427,37.315501767834405,37.849945068359375,1618300,0.0,0.0
2022-01-18 00:00:00-05:00,37.89764890330472,38.58478952534586,37.468186014529,37.54453659057617,1617900,0.0,0.0
2022-01-19 00:00:00-05:00,38.11716332210311,40.5412402641264,38.07899166268469,40.33127975463867,3728100,0.0,0.0
2022-01-20 00:00:00-05:00,40.569865117861795,40.71302065568025,39.76820211539088,39.80637741088867,2133500,0.0,0.0
2022-01-21 00:00:00-05:00,40.21675928464453,40.21675928464453,38.80430588660002,38.93791580200195,2089400,0.0,0.0
2022-01-24 00:00:00-05:00,38.28894337484937,38.54662115435401,37.124626005964856,38.37483596801758,2564200,0.0,0.0
2022-01-25 00:00:00-05:00,38.17442284061889,38.85201797229667,37.75450549998688,38.575252532958984,2092300,0.0,0.0
2022-01-26 00:00:00-05:00,38.37483334883746,39.16695428072411,37.601803703681284,37.88811111450195,2681300,0.0,0.0
2022-01-27 00:00:00-05:00,37.08645471806854,38.136249956351925,36.97193246166962,37.22960662841797,2301800,0.0,0.0
2022-01-28 00:00:00-05:00,36.838318915174504,37.22960662841797,36.53292380437945,37.22960662841797,2921400,0.0,0.0
2022-01-31 00:00:00-05:00,37.49682625181165,38.56570903044505,37.47773860426148,38.47981643676758,2044500,0.0,0.0
2022-02-01 00:00:00-05:00,39.02380396786247,39.23376446278932,38.16488162066457,38.75658416748047,1397300,0.0,0.0
2022-02-02 00:00:00-05:00,38.83293186885465,39.59642326851753,38.51799476100099,38.80430221557617,1489000,0.0,0.0
2022-02-03 00:00:00-05:00,38.50844942378871,38.78521487634752,37.92629250576076,38.16488265991211,1825300,0.0,0.0
2022-02-04 00:00:00-05:00,37.907205247964235,38.59434242340924,37.7735953427554,38.24123001098633,1232500,0.0,0.0
2022-02-07 00:00:00-05:00,38.57525146993536,39.3482848217701,38.193509436406885,39.06197738647461,1995000,0.0,0.0
2022-02-08 00:00:00-05:00,39.18603891331168,39.91135120765134,39.03334139657722,39.69184875488281,1705600,0.0,0.0
2022-02-09 00:00:00-05:00,39.79684371908853,40.23584878721198,39.45327326904502,39.61551284790039,1414500,0.0,0.0
2022-02-10 00:00:00-05:00,39.25285318034676,39.682316185938554,37.964464163571385,38.16488265991211,2734600,0.0,0.0
2022-02-11 00:00:00-05:00,38.3175711451152,40.37898944352558,38.26030821105526,40.064048767089844,2484000,0.0,0.0
2022-02-14 00:00:00-05:00,40.29309386123891,40.70346908994244,39.75865077161216,40.48396301269531,1923900,0.0,0.0
2022-02-15 00:00:00-05:00,39.56778589470711,40.09268344740421,39.138322936828956,39.94953155517578,1778700,0.0,0.0
2022-02-16 00:00:00-05:00,40.23583726239179,41.28563232296583,40.23583726239179,40.86571502685547,2138700,0.0,0.0
2022-02-17 00:00:00-05:00,41.2856377475399,42.46904648748059,41.14248584261431,42.0777587890625,3055300,0.0,0.0
2022-02-18 00:00:00-05:00,42.12547292228354,42.278170460410585,41.22837534086175,41.51468276977539,1637300,0.0,0.0
2022-02-22 00:00:00-05:00,41.90596962476549,42.52630540919246,40.89434617895122,40.961151123046875,3123800,0.0,0.0
2022-02-23 00:00:00-05:00,40.86571601538945,42.11592957172331,40.58895059870086,41.762813568115234,3680700,0.0,0.0
2022-02-24 00:00:00-05:00,42.812614836199586,43.06074697722526,40.10223072979731,40.789371490478516,3989800,0.0,0.0
2022-02-25 00:00:00-05:00,40.38853883066031,42.00140687533911,40.26447093780913,41.95368957519531,2125900,0.0,0.0
2022-02-28 00:00:00-05:00,42.37360716655885,42.497671408895734,41.34289609098373,41.791446685791016,3119900,0.0,0.0
2022-03-01 00:00:00-05:00,41.99187046739445,43.89104984721434,41.94415316089184,43.747894287109375,4678300,0.0,0.0
2022-03-02 00:00:00-05:00,43.194359745345984,43.910130205142856,42.593115180346324,43.24208068847656,2593200,0.0,0.0
2022-03-03 00:00:00-05:00,43.32796813468611,43.61427555642442,42.783982941204414,43.49020767211914,1862000,0.0,0.0
2022-03-04 00:00:00-05:00,43.614276969510215,44.826315280048455,43.28979424353465,44.597267150878906,3526500,0.0,0.0
2022-03-07 00:00:00-05:00,44.87404020274004,46.09562072427196,44.18689933907977,45.7138786315918,4236100,0.0,0.0
2022-03-08 00:00:00-05:00,45.952456974199684,48.0425050422836,45.66614592765444,46.11469650268555,6563100,0.0,0.0
2022-03-09 00:00:00-05:00,44.148717157344535,46.63959875932832,43.91012702137822,46.02880859375,3785000,0.0,0.0
2022-03-10 00:00:00-05:00,46.038345686305746,47.35536037097497,46.038345686305746,46.887725830078125,3315100,0.0,0.0
2022-03-11 00:00:00-05:00,45.198514636522646,46.32466033705567,45.07444675003099,45.90473937988281,3268700,0.0,0.0
2022-03-14 00:00:00-04:00,44.788148391042476,45.38939665743442,44.17735811941766,44.64499282836914,4129200,0.0,0.0
2022-03-15 00:00:00-04:00,43.40430970290642,45.198508239045104,42.707627061456954,44.778587341308594,2806300,0.0,0.0
2022-03-16 00:00:00-04:00,44.44457284995249,45.23669389542469,43.766977697707915,45.0267333984375,3523100,0.0,0.0
2022-03-17 00:00:00-04:00,45.59935032688715,46.74458382583646,45.4848280691713,45.57072067260742,2764800,0.0,0.0
2022-03-18 00:00:00-04:00,45.150796829507364,46.10515733508531,44.66407093292862,45.58980178833008,5757900,0.0,0.0
2022-03-21 00:00:00-04:00,45.97155028410511,47.0595244718726,45.91429097568367,46.315120697021484,2144300,0.0,0.0
2022-03-22 00:00:00-04:00,46.35328998755511,46.35328998755511,45.3416665296163,45.90473937988281,1886900,0.0,0.0
2022-03-23 00:00:00-04:00,46.06749282703307,46.54616587202049,45.86645102461488,46.33555221557617,1700600,0.15,0.0
2022-03-24 00:00:00-04:00,46.6418991991104,47.40777528366368,45.895166821183864,46.278106689453125,2531100,0.0,0.0
2022-03-25 00:00:00-04:00,46.09621262404609,46.30682626646797,45.58881674679115,46.220664978027344,1539100,0.0,0.0
2022-03-28 00:00:00-04:00,45.483512017846294,45.6654101157716,44.497446694512384,44.928253173828125,2084100,0.0,0.0
2022-03-29 00:00:00-04:00,44.018768086008215,45.598390426858955,43.76985973602425,45.52180099487305,1989200,0.0,0.0
2022-03-30 00:00:00-04:00,45.741990835569666,46.297253270030275,45.6558295492563,46.28767776489258,2800400,0.0,0.0
2022-03-31 00:00:00-04:00,46.431278367700884,46.75677613532705,45.531374493433226,45.55052185058594,1982000,0.0,0.0
2022-04-01 00:00:00-04:00,45.282466594304246,46.87166086173444,45.205880810757826,46.785499572753906,1946100,0.0,0.0
2022-04-04 00:00:00-04:00,47.0248303340519,47.39819465667807,46.306820897621606,46.70890808105469,1765500,0.0,0.0
2022-04-05 00:00:00-04:00,47.178012566832535,47.80986081899599,45.531379830519356,45.68455505371094,2294300,0.0,0.0
2022-04-06 00:00:00-04:00,45.92388349390785,46.61317005108765,45.6366768054328,46.25895309448242,1948900,0.0,0.0
2022-04-07 00:00:00-04:00,46.23023964504163,47.18758565391645,46.10578364133204,46.85251235961914,2217800,0.0,0.0
2022-04-08 00:00:00-04:00,47.04398589246559,47.7237007343146,46.909958025282464,47.580101013183594,1812500,0.0,0.0
2022-04-11 00:00:00-04:00,48.30768047720926,48.97782343803796,47.264173143743456,47.65668487548828,2391000,0.0,0.0
2022-04-12 00:00:00-04:00,48.250244754305875,48.68104757640951,47.608820970220755,47.98218536376953,2335600,0.0,0.0
2022-04-13 00:00:00-04:00,48.43213491726938,49.63838928611637,48.231093131125746,49.07355499267578,2579600,0.0,0.0
2022-04-14 00:00:00-04:00,48.901234070466536,49.389478909989585,48.57573629345615,49.10227584838867,1989100,0.0,0.0
2022-04-18 00:00:00-04:00,49.513934506728205,49.68625707268548,48.84379160044827,48.9012336730957,2596800,0.0,0.0
2022-04-19 00:00:00-04:00,48.48000324015125,48.929957050917295,48.1066388661051,48.58531188964844,1914100,0.0,0.0
2022-04-20 00:00:00-04:00,48.64275474864317,49.695833956562275,48.48000401899143,49.504364013671875,1874100,0.0,0.0
2022-04-21 00:00:00-04:00,49.04483826692984,49.265027422722206,46.6514731144231,47.024837493896484,2654900,0.0,0.0
2022-04-22 00:00:00-04:00,46.03877180479707,46.756781344078384,44.99526446162882,46.048343658447266,2551200,0.0,0.0
2022-04-25 00:00:00-04:00,44.28683052327568,45.44522212017435,43.40607383351939,44.60275650024414,3985900,0.0,0.0
2022-04-26 00:00:00-04:00,44.842094803191706,44.956975321174816,43.43479476295174,43.44437026977539,2783600,0.0,0.0
2022-04-27 00:00:00-04:00,43.45393561571885,43.76028605244329,42.96569074843465,43.118865966796875,2104100,0.0,0.0
2022-04-28 00:00:00-04:00,43.281617475155656,43.79858525961455,42.716783114799235,43.62626266479492,2934200,0.0,0.0
2022-04-29 00:00:00-04:00,44.04748650770015,44.15279514880113,42.66890962452331,42.94654083251953,5217000,0.0,0.0
2022-05-02 00:00:00-04:00,41.883889421918965,42.343415084766924,41.299907750804266,42.33384323120117,2773900,0.0,0.0
2022-05-03 00:00:00-04:00,42.42000380477015,43.272041185159104,42.40085644597671,43.118865966796875,1946600,0.0,0.0
2022-05-04 00:00:00-04:00,43.09971851005305,44.04748903026997,42.48701763799661,43.89431381225586,2244300,0.0,0.0
2022-05-05 00:00:00-04:00,44.4400044053411,44.4400044053411,41.90303942032651,42.40085983276367,2065200,0.0,0.0
2022-05-06 00:00:00-04:00,42.429577523256135,43.03270656981277,41.97005184797004,42.26683044433594,2200300,0.0,0.0
2022-05-09 00:00:00-04:00,41.13715866296771,41.82644529751213,40.58189623171106,40.70635223388672,3530100,0.0,0.0
2022-05-10 00:00:00-04:00,41.29990682040929,41.63498011942738,39.50967078114691,39.863887786865234,2690200,0.0,0.0
2022-05-11 00:00:00-04:00,40.40957951234141,41.252045134332604,39.576689396819425,39.7490119934082,3085400,0.0,0.0
2022-05-12 00:00:00-04:00,38.887393069476474,39.27033292605617,36.86739244738957,37.70985794067383,4623800,0.0,0.0
2022-05-13 00:00:00-04:00,37.46095338491256,38.25554873762444,37.17375028937796,37.968345642089844,2438000,0.0,0.0
2022-05-16 00:00:00-04:00,38.00664126432823,38.20768307077677,37.614129505649174,38.1119499206543,2268000,0.0,0.0
2022-05-17 00:00:00-04:00,38.561893463134766,38.91611409191237,37.93962079060552,38.561893463134766,2028500,0.0,0.0
2022-05-18 00:00:00-04:00,38.48530366596697,38.61933149983301,37.48009125998705,37.63326644897461,1853000,0.0,0.0
2022-05-19 00:00:00-04:00,38.4597495812188,40.199184832647695,38.4597495812188,39.82438659667969,3669400,0.15,0.0
2022-05-20 00:00:00-04:00,40.10307309401194,40.14151449484629,39.30543418955479,39.95892333984375,2062300,0.0,0.0
2022-05-23 00:00:00-04:00,40.72774394921624,40.98721797547442,39.8820512339275,40.23762512207031,2241400,0.0,0.0
2022-05-24 00:00:00-04:00,40.343332407990616,41.150583616855464,40.07424989369377,41.08331298828125,2135100,0.0,0.0
2022-05-25 00:00:00-04:00,40.51631491849284,41.179412683062324,40.32411155216168,40.891109466552734,2226300,0.0,0.0
2022-05-26 00:00:00-04:00,40.88149696001823,41.064088123935576,40.42021112540552,40.69890213012695,2183300,0.0,0.0
2022-05-27 00:00:00-04:00,41.150582597696406,41.30434455433992,40.65085532211143,40.785396575927734,1959300,0.0,0.0
2022-05-31 00:00:00-04:00,40.795009685405326,41.1890249373625,39.439981266140485,39.69945526123047,2864800,0.0,0.0
2022-06-01 00:00:00-04:00,39.93009410231549,40.400992140600415,39.32465481479891,39.7667236328125,2422500,0.0,0.0
2022-06-02 00:00:00-04:00,40.40098826163059,41.8617284927066,40.228005624662785,41.71757507324219,2227900,0.0,0.0
2022-06-03 00:00:00-04:00,41.5157717886467,41.65992157189343,40.60280849751941,40.679691314697266,1527200,0.0,0.0
2022-06-06 00:00:00-04:00,40.94877037820713,41.112140851925595,39.73789177192949,40.16073989868164,2075500,0.0,0.0
2022-06-07 00:00:00-04:00,39.97814162669934,40.76617203862175,39.97814162669934,40.64124298095703,1928900,0.0,0.0
2022-06-08 00:00:00-04:00,40.554755138444385,40.63163428314302,39.920486614290354,40.16073989868164,2555600,0.0,0.0
2022-06-09 00:00:00-04:00,39.862822072633634,39.987754799362655,38.83453837149427,38.940250396728516,2090600,0.0,0.0
2022-06-10 00:00:00-04:00,38.44052353246758,40.881497656613035,38.15222033916887,40.61241149902344,2214200,0.0,0.0
2022-06-13 00:00:00-04:00,39.43998030567031,39.622571483261424,38.209880988610216,38.40208435058594,3343900,0.0,0.0
2022-06-14 00:00:00-04:00,38.33481624424079,38.411699060475684,36.89329643360667,37.38341522216797,2896100,0.0,0.0
2022-06-15 00:00:00-04:00,38.18105109717244,38.25793390700281,36.2109749199461,37.344970703125,4452500,0.0,0.0
2022-06-16 00:00:00-04:00,36.97978161657751,37.88313256120075,36.412783772086904,37.402626037597656,2992700,0.0,0.0
2022-06-17 00:00:00-04:00,37.26808756026279,37.393020292133656,36.60498982828505,36.912513732910156,4689100,0.0,0.0
2022-06-21 00:00:00-04:00,37.152768207636086,38.12338987546148,36.96056484456915,37.64288330078125,2116200,0.0,0.0
2022-06-22 00:00:00-04:00,37.56600596113518,37.815867778952416,36.75875473022461,36.75875473022461,2907600,0.0,0.0
2022-06-23 00:00:00-04:00,36.65303177874553,37.04704692496904,35.36527433348301,35.720848083496094,3498100,0.0,0.0
2022-06-24 00:00:00-04:00,35.78812929673545,36.749142392431125,35.39411407413918,36.71070098876953,1873900,0.0,0.0
2022-06-27 00:00:00-04:00,36.7107057918321,37.37380359486817,36.51850241435113,37.248870849609375,2638900,0.0,0.0
2022-06-28 00:00:00-04:00,37.42184684059962,37.56600026446355,36.393563170560256,36.403175354003906,1559800,0.0,0.0
2022-06-29 00:00:00-04:00,36.85485094366829,36.88368382955024,35.749688077501304,36.04759979248047,2036600,0.0,0.0
2022-06-30 00:00:00-04:00,35.720855725651724,35.855400641172864,34.567642920406165,34.625301361083984,3346600,0.0,0.0
2022-07-01 00:00:00-04:00,34.144794783288575,35.816959215459775,33.90454150467613,35.624755859375,1892500,0.0,0.0
2022-07-05 00:00:00-04:00,35.16346459430357,35.374888620065725,33.154947347483734,33.6546745300293,4233900,0.0,0.0
2022-07-06 00:00:00-04:00,33.81804565155167,34.26972292800259,32.53990028670614,33.52013397216797,4370600,0.0,0.0
2022-07-07 00:00:00-04:00,33.82766342706495,34.26972859379876,33.3567653731273,33.923763275146484,3274700,0.0,0.0
2022-07-08 00:00:00-04:00,33.89492937044545,34.44270649396373,33.4336435646392,33.81804656982422,1585900,0.0,0.0
2022-07-11 00:00:00-04:00,33.50091621921135,33.97181057074103,33.38559567724118,33.414424896240234,1557000,0.0,0.0
2022-07-12 00:00:00-04:00,33.241445894973246,33.7123439641073,32.56873593877075,33.31832504272461,2892400,0.0,0.0
2022-07-13 00:00:00-04:00,33.01079615689623,34.55802772375742,32.91469632016118,33.68350601196289,3016000,0.0,0.0
2022-07-14 00:00:00-04:00,32.43419282964615,32.97236149708874,31.636550179649493,32.722496032714844,3153600,0.0,0.0
2022-07-15 00:00:00-04:00,32.991585903031776,33.03002364604157,32.145893235249254,32.48224639892578,2290100,0.0,0.0
2022-07-18 00:00:00-04:00,33.0204089630321,33.33754136301898,32.520681737440974,32.54951095581055,2004800,0.0,0.0
2022-07-19 00:00:00-04:00,32.59756259384567,33.05885210792425,32.414971424587854,32.66483688354492,2247100,0.0,0.0
2022-07-20 00:00:00-04:00,32.789763398840826,32.789763398840826,31.011890768312693,31.040719985961914,3171200,0.0,0.0
2022-07-21 00:00:00-04:00,31.098381260932705,31.81914101080238,30.973448544482668,31.434734344482422,3583100,0.0,0.0
2022-07-22 00:00:00-04:00,31.742259241011922,32.424581279166155,30.992670249938964,31.23292350769043,2948100,0.0,0.0
2022-07-25 00:00:00-04:00,31.2329225760308,31.425125909693417,30.32956984059544,30.57943344116211,3013000,0.0,0.0
2022-07-26 00:00:00-04:00,30.62749171619093,31.213708526079124,30.56021925198598,31.184879302978516,2458500,0.0,0.0
2022-07-27 00:00:00-04:00,31.2329252543296,31.80953163878917,30.858130737833484,31.588499069213867,2644400,0.0,0.0
2022-07-28 00:00:00-04:00,32.376529504868145,32.73210698572023,31.502007744401045,32.04017639160156,3446700,0.0,0.0
2022-07-29 00:00:00-04:00,32.29003582311123,33.0972869019877,31.63654667992677,32.962745666503906,3371800,0.0,0.0
2022-08-01 00:00:00-04:00,33.07807002614089,33.2894940869016,32.54951354021327,32.91469955444336,1745200,0.0,0.0
2022-08-02 00:00:00-04:00,33.13572858832848,33.38559402721763,32.28042758453804,32.29964828491211,2372200,0.0,0.0
2022-08-03 00:00:00-04:00,32.482240639108866,32.530290558831695,31.16565377563907,31.482786178588867,3286700,0.0,0.0
2022-08-04 00:00:00-04:00,31.79031258180363,32.914696059799454,31.66537986225729,32.44379806518555,2309800,0.0,0.0
2022-08-05 00:00:00-04:00,31.636548491816406,32.4245825815907,31.069554300082864,32.41497039794922,1751200,0.0,0.0
2022-08-08 00:00:00-04:00,33.0108063416243,33.37599243264009,32.89548576876797,32.953147888183594,2188400,0.0,0.0
2022-08-09 00:00:00-04:00,33.15495511052619,33.24144644441001,32.34770388293527,32.799381256103516,1596900,0.0,0.0
2022-08-10 00:00:00-04:00,33.068463230064765,33.673902557244446,32.751330788382106,33.31832504272461,2479700,0.0,0.0
2022-08-11 00:00:00-04:00,33.49129770834378,33.587401196807875,32.270814565622295,32.33808517456055,2692300,0.0,0.0
2022-08-12 00:00:00-04:00,32.20354737919868,32.92430720444996,31.10799303137258,32.76093673706055,5515500,0.0,0.0
2022-08-15 00:00:00-04:00,32.11705519860784,32.818597969235256,32.001734656110074,32.607173919677734,3224000,0.0,0.0
2022-08-16 00:00:00-04:00,32.453419577811225,32.77055206047398,31.982521447827377,32.51108169555664,1788800,0.0,0.0
2022-08-17 00:00:00-04:00,32.193935105891214,32.3669177370515,31.07916018617691,31.309804916381836,5388300,0.0,0.0
2022-08-18 00:00:00-04:00,31.348243704454745,31.73265037907143,31.021499130822683,31.300193786621094,2329100,0.0,0.0
2022-08-19 00:00:00-04:00,31.06955844767958,31.156046116154872,30.444898402656726,30.70437240600586,2417600,0.0,0.0
2022-08-22 00:00:00-04:00,30.291130477511565,30.87734899943959,30.23346837723262,30.86773681640625,2563000,0.0,0.0
2022-08-23 00:00:00-04:00,31.03111698668902,31.915247367569666,30.954234171321442,31.25214958190918,3079600,0.0,0.0
2022-08-24 00:00:00-04:00,31.18487532763622,31.569278361881615,30.86773925005913,31.540449142456055,1688800,0.0,0.0
2022-08-25 00:00:00-04:00,31.92661776898316,31.92661776898316,31.1832397670532,31.733531951904297,1815500,0.15,0.0
2022-08-26 00:00:00-04:00,31.75283949565284,31.93627267101658,30.28539434817302,30.565366744995117,2218700,0.0,0.0
2022-08-29 00:00:00-04:00,30.285399345385773,30.816382644347115,30.130929568233867,30.266090393066406,1788500,0.0,0.0
2022-08-30 00:00:00-04:00,30.343321460289587,30.352975935526356,29.570980013973728,29.783374786376953,2466600,0.0,0.0
2022-08-31 00:00:00-04:00,29.532364970700506,30.024732176302006,29.339279142126333,29.445476531982422,3216600,0.0,0.0
2022-09-01 00:00:00-04:00,28.972420224005,29.242740033889447,28.634520922000203,28.731063842773438,3490300,0.0,0.0
2022-09-02 00:00:00-04:00,29.310316727237115,30.51709851816219,29.126885379423697,30.073001861572266,4212800,0.0,0.0
2022-09-06 00:00:00-04:00,30.20816248978053,30.603986767473796,29.628906865394356,29.783374786376953,2605000,0.0,0.0
2022-09-07 00:00:00-04:00,29.73510217332768,31.22185820269549,29.638561104534737,30.922574996948242,2954600,0.0,0.0
2022-09-08 00:00:00-04:00,30.671566557608532,31.38597931820227,30.546060219685824,31.289438247680664,2307800,0.0,0.0
2022-09-09 00:00:00-04:00,31.685259285431062,32.01350404752752,31.443902951030882,31.907306671142578,2121600,0.0,0.0
2022-09-12 00:00:00-04:00,32.679658494054834,32.911362282647055,32.274181467526915,32.56380844116211,3370700,0.0,0.0
2022-09-13 00:00:00-04:00,31.579065758548793,32.390023288301705,31.357018345769596,31.443906784057617,2208800,0.0,0.0
2022-09-14 00:00:00-04:00,31.627342865534633,32.08109410228689,31.39564277049996,31.53080177307129,1437200,0.0,0.0
2022-09-15 00:00:00-04:00,31.17358876556288,31.57906568813226,30.150236459430978,30.584678649902344,3016600,0.0,0.0
2022-09-16 00:00:00-04:00,30.101966507338183,31.39563678694793,30.00542359187121,30.990156173706055,3352700,0.0,0.0
2022-09-19 00:00:00-04:00,30.51710381808936,31.337714105312077,30.430215366740544,31.318405151367188,2135200,0.0,0.0
2022-09-20 00:00:00-04:00,30.768110121981305,30.826035133803167,30.188854479553925,30.623294830322266,1957100,0.0,0.0
2022-09-21 00:00:00-04:00,30.7488010505912,31.41494512884632,30.063348021336708,30.584678649902344,3285700,0.0,0.0
2022-09-22 00:00:00-04:00,30.719837567387057,31.25082082906933,30.208163256668513,30.333667755126953,1952900,0.0,0.0
2022-09-23 00:00:00-04:00,29.542022533652066,29.6578725697815,28.451090618581684,29.001384735107422,4426600,0.0,0.0
2022-09-26 00:00:00-04:00,28.837260547091102,29.204121427533707,27.63047866992029,28.074573516845703,3851200,0.0,0.0
2022-09-27 00:00:00-04:00,28.451082946289663,29.078610864813072,28.451082946289663,28.49935531616211,2230900,0.0,0.0
2022-09-28 00:00:00-04:00,29.030345065672446,30.285399345385773,29.020690589512764,30.266090393066406,3083700,0.0,0.0
2022-09-29 00:00:00-04:00,30.140580740006722,30.71983635626125,29.841299377479636,30.63294792175293,3340600,0.0,0.0
2022-09-30 00:00:00-04:00,30.56536480816334,31.96523222777681,30.546055860253574,31.24116325378418,3115100,0.0,0.0
2022-10-03 00:00:00-04:00,31.87835583899595,32.66035195195407,31.685269969805557,32.46726608276367,3302800,0.0,0.0
2022-10-04 00:00:00-04:00,33.00790294304418,34.06987340940386,32.679658061850354,33.5968132019043,5743400,0.0,0.0
2022-10-05 00:00:00-04:00,32.87273575986289,32.94997156343094,32.09074350416835,32.94031524658203,2655200,0.0,0.0
2022-10-06 00:00:00-04:00,32.660348319421296,33.42303170954629,32.631383048439986,33.2589111328125,2526200,0.0,0.0
2022-10-07 00:00:00-04:00,32.679648003843404,32.91135171805843,31.12531621828889,31.154277801513672,3091400,0.0,0.0
2022-10-10 00:00:00-04:00,30.893613723759508,31.617682795410122,30.546059980118294,30.74880027770996,2013500,0.0,0.0
2022-10-11 00:00:00-04:00,30.71018326875652,31.521142641277194,30.51709928221601,30.623294830322266,2020600,0.0,0.0
2022-10-12 00:00:00-04:00,30.555719351428472,31.077048209021825,30.381942451762967,30.912927627563477,1987900,0.0,0.0
2022-10-13 00:00:00-04:00,29.92818910149131,30.87430560534369,28.731061758400006,30.835689544677734,3061600,0.0,0.0
2022-10-14 00:00:00-04:00,30.632946285506705,30.642600760092257,29.46478248169624,29.638559341430664,2702200,0.0,0.0
2022-10-17 00:00:00-04:00,30.45917439205096,30.85499870758281,30.130929568233867,30.266090393066406,2054800,0.0,0.0
2022-10-18 00:00:00-04:00,30.671566317056676,30.99981111018385,30.275742038533238,30.74880027770996,2315000,0.0,0.0
2022-10-19 00:00:00-04:00,30.3336693171868,30.3336693171868,29.474441210485974,30.00542449951172,2838800,0.0,0.0
2022-10-20 00:00:00-04:00,29.966808816177746,30.932234329460748,29.65787110514864,30.22747230529785,2295700,0.0,0.0
2022-10-21 00:00:00-04:00,30.295052215710577,31.62733863225488,30.2371271997051,31.55975914001465,3392400,0.0,0.0
2022-10-24 00:00:00-04:00,31.134968436793724,31.62733375908067,30.797069186253392,31.54044532775879,2414900,0.0,0.0
2022-10-25 00:00:00-04:00,31.52114479922187,32.167978131888006,31.501835846825045,31.87835121154785,2201300,0.0,0.0
2022-10-26 00:00:00-04:00,32.32244611533841,33.229944782474405,32.16797817874492,32.63138198852539,2917500,0.0,0.0
2022-10-27 00:00:00-04:00,32.58311121471179,32.940317624991074,32.31279324831731,32.55414962768555,1887600,0.0,0.0
2022-10-28 00:00:00-04:00,32.206592157751,32.37071270914833,31.540446270111897,32.23555374145508,1873400,0.0,0.0
2022-10-31 00:00:00-04:00,31.849389744251205,32.11970771321213,31.550106505182953,31.55975914001465,2282500,0.0,0.0
2022-11-01 00:00:00-04:00,32.40932956883714,32.66034222889963,31.675607903712123,31.859037399291992,2903700,0.0,0.0
2022-11-02 00:00:00-04:00,31.897657474213247,32.43829336451144,30.12127451436393,30.256433486938477,3854400,0.0,0.0
2022-11-03 00:00:00-04:00,29.841301965454168,30.024733325480057,29.300664202718014,29.609600067138672,3512900,0.0,0.0
2022-11-04 00:00:00-04:00,31.154274024023067,33.229936152780816,31.125312444309913,33.11408615112305,4260000,0.0,0.0
2022-11-07 00:00:00-05:00,33.23959605043389,33.48095239487049,32.554144916107255,33.03685760498047,2098600,0.0,0.0
2022-11-08 00:00:00-05:00,33.04651558347083,35.37319097285833,32.930665550588515,34.53327178955078,3573600,0.0,0.0
2022-11-09 00:00:00-05:00,34.5332676004061,34.81324185514768,34.04089857547356,34.456031799316406,2768300,0.0,0.0
2022-11-10 00:00:00-05:00,36.145532200553106,36.7923692508331,35.55662569338707,36.637901306152344,3657600,0.0,0.0
2022-11-11 00:00:00-05:00,36.75374961387399,37.024067583639216,36.271036849118296,36.676517486572266,2555500,0.0,0.0
2022-11-14 00:00:00-05:00,36.26138705021273,36.85994989413688,36.26138705021273,36.44481658935547,1852500,0.0,0.0
2022-11-15 00:00:00-05:00,36.802012998457364,36.92751932407766,35.80762607489497,36.11656188964844,2716100,0.0,0.0
2022-11-16 00:00:00-05:00,36.097254034264786,36.222760363686675,35.75935662751992,35.92347717285156,1579900,0.0,0.0
2022-11-17 00:00:00-05:00,35.10286905992302,35.49869333706009,34.89047428781825,35.2476806640625,2019200,0.0,0.0
2022-11-18 00:00:00-05:00,35.422180595947474,35.89718859778628,35.11197023205296,35.87779998779297,1414500,0.15,0.0
2022-11-21 00:00:00-05:00,35.58697687870123,35.935964449292534,35.37370957289472,35.809940338134766,1202200,0.0,0.0
2022-11-22 00:00:00-05:00,36.13954119078593,37.03139877319336,35.99413216076249,37.03139877319336,2116400,0.0,0.0
2022-11-23 00:00:00-05:00,37.01200476750729,37.59364819881069,36.77934517618669,37.409461975097656,1590900,0.0,0.0
2022-11-25 00:00:00-05:00,37.35129791648683,37.574261365614696,37.05078373192266,37.28343963623047,1001800,0.0,0.0
2022-11-28 00:00:00-05:00,36.982923965083295,37.24466092240895,36.13953617637165,36.21709060668945,1715000,0.0,0.0
2022-11-29 00:00:00-05:00,36.54668483708983,36.80842545873616,36.15892013139194,36.6048469543457,1408800,0.0,0.0
2022-11-30 00:00:00-05:00,37.17680820033832,37.942641673173284,36.614553288509654,37.83600616455078,2972600,0.0,0.0
2022-12-01 00:00:00-05:00,38.582451671527515,39.241649646753565,38.281937449115226,38.892662048339844,2877100,0.0,0.0
2022-12-02 00:00:00-05:00,38.14621677535264,38.689086778107615,37.92325330047096,38.437042236328125,2123400,0.0,0.0
2022-12-05 00:00:00-05:00,38.214082965984886,38.24316773689667,37.28345165281024,37.69060516357422,2622800,0.0,0.0
2022-12-06 00:00:00-05:00,38.0104951361426,38.39825990045984,37.59364930880117,37.62273406982422,2032700,0.0,0.0
2022-12-07 00:00:00-05:00,37.89416658427257,38.66969240259253,37.89416658427257,38.21406936645508,2175200,0.0,0.0
2022-12-08 00:00:00-05:00,38.640611201924216,38.75693914975675,37.93294366411161,38.311012268066406,2197700,0.0,0.0
2022-12-09 00:00:00-05:00,38.592144245937185,39.10592944149656,37.77784115784359,37.7972297668457,1883800,0.0,0.0
2022-12-12 00:00:00-05:00,37.42885401656593,38.010497501233985,37.312526059232134,37.90386199951172,1898000,0.0,0.0
2022-12-13 00:00:00-05:00,39.270729057839674,39.57124696557799,38.0201951469269,38.6212272644043,2632900,0.0,0.0
2022-12-14 00:00:00-05:00,38.6890874719061,39.10593336224681,38.12683254646942,38.44673538208008,3056500,0.0,0.0
2022-12-15 00:00:00-05:00,37.525797174339964,37.865092323174544,37.22528294588586,37.254364013671875,2380800,0.0,0.0
2022-12-16 00:00:00-05:00,37.29313178304519,38.0977386045034,36.99261393276643,37.777835845947266,3928100,0.0,0.0
2022-12-19 00:00:00-05:00,37.76813638422219,37.991099789859234,36.93444487740649,37.138023376464844,1809000,0.0,0.0
2022-12-20 00:00:00-05:00,37.826310096317314,38.97021211922073,37.816613943005144,38.7860221862793,2560200,0.0,0.0
2022-12-21 00:00:00-05:00,39.05745748962298,39.280420933142445,38.74724715968297,38.81510543823242,2014400,0.0,0.0
2022-12-22 00:00:00-05:00,38.36917975472786,38.621224268960496,37.92324915570251,38.58244705200195,1539700,0.0,0.0
2022-12-23 00:00:00-05:00,38.59214093210917,39.193172967569154,38.272234458042554,38.95082092285156,1195700,0.0,0.0
2022-12-27 00:00:00-05:00,39.18348456725964,40.201366314857985,38.960521085766516,39.900848388671875,2641600,0.0,0.0
2022-12-28 00:00:00-05:00,39.54216841344461,39.66818883934712,38.504901750403974,38.55337142944336,1803800,0.0,0.0
2022-12-29 00:00:00-05:00,38.77632434309433,39.07684218803276,38.388559620464,38.46611404418945,1434200,0.0,0.0
2022-12-30 00:00:00-05:00,38.53397745228993,38.59214327783717,37.62273504004371,37.88447570800781,1804600,0.0,0.0
2023-01-03 00:00:00-05:00,38.67939001246586,39.5324665957531,38.41764934554855,39.32889175415039,2179400,0.0,0.0
2023-01-04 00:00:00-05:00,40.03655874544247,41.14168352453621,39.98808907404341,40.66667556762695,3884000,0.0,0.0
2023-01-05 00:00:00-05:00,39.91054359486124,40.724846830240956,39.72635732302525,40.686073303222656,2274000,0.0,0.0
2023-01-06 00:00:00-05:00,41.31617822890516,42.198339580998194,40.82178165272072,41.97537612915039,3608500,0.0,0.0
2023-01-09 00:00:00-05:00,42.2565125708176,42.41161776787728,41.568233489990234,41.568233489990234,2302900,0.0,0.0
2023-01-10 00:00:00-05:00,41.68455481182904,42.21772861052007,41.548838248307575,42.1304817199707,2233900,0.0,0.0
2023-01-11 00:00:00-05:00,42.32436836490093,42.5182507742801,41.413125848218,41.93660354614258,1875600,0.0,0.0
2023-01-12 00:00:00-05:00,42.55702551473723,42.85753971865596,41.72333379160948,42.70243453979492,2368200,0.0,0.0
2023-01-13 00:00:00-05:00,42.653962316649526,43.39071094772666,42.64426986142436,43.167747497558594,2211400,0.0,0.0
2023-01-17 00:00:00-05:00,42.67335115890958,43.0223387169105,42.51824598846462,42.72182083129883,2084500,0.0,0.0
2023-01-18 00:00:00-05:00,43.138673002069645,43.419802320389536,42.595802976831195,42.653968811035156,1741700,0.0,0.0
2023-01-19 00:00:00-05:00,42.712133244803574,43.73970372938527,42.66365986888986,43.584598541259766,2222100,0.0,0.0
2023-01-20 00:00:00-05:00,43.15806044501519,43.856035644567804,42.99325910156553,43.836647033691406,2551400,0.0,0.0
2023-01-23 00:00:00-05:00,43.17744638331952,44.06930024043384,43.099891944614356,44.001441955566406,2265200,0.0,0.0
2023-01-24 00:00:00-05:00,40.06564811423199,44.38920838501842,40.06564811423199,44.32135009765625,1784000,0.0,0.0
2023-01-25 00:00:00-05:00,44.117761655556635,45.10655837592225,44.03051477734795,45.038700103759766,3377700,0.0,0.0
2023-01-26 00:00:00-05:00,44.864219682378064,44.999936267042195,44.243798896485124,44.56370544433594,2144800,0.0,0.0
2023-01-27 00:00:00-05:00,44.146855631182774,44.43767738660047,43.67184392886778,44.26318359375,1775600,0.0,0.0
2023-01-30 00:00:00-05:00,44.263187046054924,44.33104533767835,43.74940178147771,43.75909423828125,1216500,0.0,0.0
2023-01-31 00:00:00-05:00,43.458575001586965,44.418287128661554,43.332550889648196,44.340736389160156,1696800,0.0,0.0
2023-02-01 00:00:00-05:00,44.11775772605346,44.79634408523606,43.53611438846732,44.38919448852539,2539400,0.0,0.0
2023-02-02 00:00:00-05:00,44.36012030680151,44.56369885168033,43.206525809817045,43.381019592285156,2936300,0.0,0.0
2023-02-03 00:00:00-05:00,42.42129629805141,42.93508509926116,41.97536946515103,42.63456726074219,3612800,0.0,0.0
2023-02-06 00:00:00-05:00,42.304976596116255,42.779988278735864,42.169260029081826,42.343753814697266,2472700,0.0,0.0
2023-02-07 00:00:00-05:00,42.363138646793125,43.13866445927014,42.08200938414559,42.6927375793457,1844800,0.0,0.0
2023-02-08 00:00:00-05:00,42.71212848459368,42.896314719340594,42.24681297207596,42.324363708496094,1203000,0.0,0.0
2023-02-09 00:00:00-05:00,42.82845738716012,43.09989051764311,41.56822738391892,41.88813018798828,1816000,0.0,0.0
2023-02-10 00:00:00-05:00,41.733028277944726,42.13048554923947,41.42281790512929,41.781497955322266,1301600,0.0,0.0
2023-02-13 00:00:00-05:00,41.57791412966559,41.92690164836061,41.3355620970161,41.71363067626953,1414200,0.0,0.0
2023-02-14 00:00:00-05:00,41.46158593812179,42.03353687962774,40.97688187576077,41.85904312133789,1803600,0.0,0.0
2023-02-15 00:00:00-05:00,40.850861572180904,41.13199084193888,40.45340435210886,41.11260223388672,2479500,0.0,0.0
2023-02-16 00:00:00-05:00,40.753926826930694,41.38404001870717,40.0462591941975,41.073829650878906,2177000,0.0,0.0
2023-02-17 00:00:00-05:00,40.41462135292501,41.17076216676463,40.06563755192018,40.986572265625,1987300,0.0,0.0
2023-02-21 00:00:00-05:00,40.80239445223946,41.1416858693694,40.30799785899311,40.64728927612305,2219400,0.0,0.0
2023-02-22 00:00:00-05:00,40.24982551915403,40.337072397728726,39.00898431097924,39.76512145996094,4136100,0.0,0.0
2023-02-23 00:00:00-05:00,39.745734861805836,39.881451413556604,39.25133832357109,39.54216003417969,2023200,0.0,0.0
2023-02-24 00:00:00-05:00,38.93143478147186,39.25134127580168,38.74724854709948,39.23195266723633,2092500,0.0,0.0
2023-02-27 00:00:00-05:00,39.270728393113,40.007480768000846,39.2416473276303,39.91053771972656,1716400,0.0,0.0
2023-02-28 00:00:00-05:00,39.89114660548194,40.79269647525725,39.54215908195619,40.375850677490234,3163300,0.0,0.0
2023-03-01 00:00:00-05:00,40.724835326432775,41.13198867811124,40.298297065720796,40.337074279785156,2808300,0.0,0.0
2023-03-02 00:00:00-05:00,39.939617080622114,40.40493255539846,39.85237019797663,40.337074279785156,2059400,0.0,0.0
2023-03-03 00:00:00-05:00,40.81208773281081,40.96719291206237,40.220751779288626,40.60851287841797,1767600,0.0,0.0
2023-03-06 00:00:00-05:00,40.22074628654324,40.55034520969105,39.75542711433566,39.98808670043945,1599200,0.0,0.0
2023-03-07 00:00:00-05:00,39.571243541833965,39.73604486343144,37.487014373976905,37.6808967590332,3232800,0.0,0.0
2023-03-08 00:00:00-05:00,37.91356060261956,38.15591268655551,37.22528157176131,37.535491943359375,2720800,0.0,0.0
2023-03-09 00:00:00-05:00,37.87478568802912,38.4079595655556,37.66151465781871,37.86509323120117,2365900,0.0,0.0
2023-03-10 00:00:00-05:00,38.31101409937652,40.52126370384089,38.23345966511512,39.23195266723633,3519700,0.0,0.0
2023-03-13 00:00:00-04:00,40.76360999342608,42.14986387661974,40.52125796766493,41.9462890625,4997400,0.0,0.0
2023-03-14 00:00:00-04:00,41.94630140407302,42.683050152036145,41.51006688975296,42.557029724121094,3118900,0.0,0.0
2023-03-15 00:00:00-04:00,43.29376505633334,43.45856635423032,41.781487107977455,42.63456726074219,3570400,0.0,0.0
2023-03-16 00:00:00-04:00,42.71213067360849,42.79937756780194,41.08352444733024,42.05293273925781,3238600,0.0,0.0
2023-03-17 00:00:00-04:00,42.64426978164728,44.33103803558893,42.29528222621137,43.91419219970703,7379800,0.0,0.0
2023-03-20 00:00:00-04:00,44.398897038107336,45.22289626806505,44.263180475008156,44.67033386230469,3324300,0.0,0.0
2023-03-21 00:00:00-04:00,43.807557230251774,44.16624094321526,43.235606218173736,43.67184066772461,2128800,0.0,0.0
2023-03-22 00:00:00-04:00,43.79786067924356,45.21319569610126,43.57489724765628,44.515220642089844,2647900,0.0,0.0
2023-03-23 00:00:00-04:00,44.83618109050449,45.954655675652425,44.631939066818916,45.283573150634766,2727100,0.15,0.0
2023-03-24 00:00:00-04:00,45.72123134988317,46.08109056665792,45.23493872084323,45.760135650634766,2478000,0.0,0.0
2023-03-27 00:00:00-04:00,44.59303609656727,45.96438126961654,44.44715052248375,45.69205856323242,1894100,0.0,0.0
2023-03-28 00:00:00-04:00,46.00327698038964,46.936957836547315,45.52671233323575,46.80079650878906,2280700,0.0,0.0
2023-03-29 00:00:00-04:00,46.25615119775605,47.14120353830262,46.217246901219994,46.80079650878906,2040000,0.0,0.0
2023-03-30 00:00:00-04:00,47.12176527673295,47.170393806674795,46.43123050524937,46.82999038696289,2167100,0.0,0.0
2023-03-31 00:00:00-04:00,46.78134996909805,47.18010978110475,46.479850910092,46.83970642089844,2108200,0.0,0.0
2023-04-03 00:00:00-04:00,46.87861101371618,48.12351897892159,46.431222677485295,47.8511962890625,2771700,0.0,0.0
2023-04-04 00:00:00-04:00,47.70531080823429,48.677896160940875,47.32600311429771,48.648719787597656,2740900,0.0,0.0
2023-04-05 00:00:00-04:00,49.16418507485244,49.26144582875113,47.763663609776934,48.35694122314453,2361700,0.0,0.0
2023-04-06 00:00:00-04:00,48.01653034395891,48.38611375924451,47.598318410637404,48.2110481262207,5226300,0.0,0.0
2023-04-10 00:00:00-04:00,47.56914136787178,47.70530270049044,47.08284877416623,47.42325210571289,1584500,0.0,0.0
2023-04-11 00:00:00-04:00,47.802568906224295,48.580636403015276,47.65667962739915,48.19160079956055,1871200,0.0,0.0
2023-04-12 00:00:00-04:00,48.989115376755095,49.42677945781017,48.34720929458034,49.378150939941406,2756700,0.0,0.0
2023-04-13 00:00:00-04:00,50.11731957987046,51.313599059817186,50.010334602700524,50.79813003540039,2848300,0.0,0.0
2023-04-14 00:00:00-04:00,49.79636435876148,50.46744682967262,48.823779131872065,49.4948616027832,2473800,0.0,0.0
2023-04-17 00:00:00-04:00,49.10583233263163,49.23226574752232,48.15269549501648,48.35694122314453,1899800,0.0,0.0
2023-04-18 00:00:00-04:00,48.5320105841061,49.4559637010824,48.28886424592945,48.648719787597656,1921500,0.0,0.0
2023-04-19 00:00:00-04:00,47.64694767721274,48.45419141476409,47.471882055070445,47.83173751831055,1873600,0.0,0.0
2023-04-20 00:00:00-04:00,47.763662364641434,48.51255345460593,47.559420351956106,48.01653289794922,1785600,0.0,0.0
2023-04-21 00:00:00-04:00,47.62751050609831,48.065170988962585,47.26765121957922,47.763671875,1523600,0.0,0.0
2023-04-24 00:00:00-04:00,47.841471612002266,48.21105508059977,47.27737404320269,48.006813049316406,1333500,0.0,0.0
2023-04-25 00:00:00-04:00,47.9387302543979,48.308309996549575,47.37462900040039,48.19160079956055,1895800,0.0,0.0
2023-04-26 00:00:00-04:00,48.62925937055459,48.79459707155781,47.150929440475565,47.42325210571289,1566000,0.0,0.0
2023-04-27 00:00:00-04:00,47.141208110018745,48.61953813069461,46.878609648110704,48.532005310058594,2118200,0.0,0.0
2023-04-28 00:00:00-04:00,48.33748735717208,48.532005147948844,47.45243493375015,48.02626037597656,3224300,0.0,0.0
2023-05-01 00:00:00-04:00,48.92103870132073,49.03774789575202,47.53024145811002,47.55942153930664,1835100,0.0,0.0
2023-05-02 00:00:00-04:00,47.57887312579516,49.62130456903662,47.47189185472876,49.60185241699219,2426800,0.0,0.0
2023-05-03 00:00:00-04:00,49.45596088347713,49.83527226592227,48.87241118914665,49.2808952331543,1552700,0.0,0.0
2023-05-04 00:00:00-04:00,49.650475260369504,51.09962888583946,49.60184674088248,50.000606536865234,3305300,0.0,0.0
2023-05-05 00:00:00-04:00,49.03774885716571,51.051003833757264,48.75570194093694,50.66196823120117,2438900,0.0,0.0
2023-05-08 00:00:00-04:00,50.632793200270974,50.91484012396815,50.01033547767529,50.4188232421875,1458800,0.0,0.0
2023-05-09 00:00:00-04:00,50.360470261456506,51.13854154084851,50.2826653595886,50.49663162231445,1340500,0.0,0.0
2023-05-10 00:00:00-04:00,50.53552535230329,50.63278609693211,49.60184446457491,50.40909194946289,1172500,0.0,0.0
2023-05-11 00:00:00-04:00,49.61157845886955,49.932533414204826,48.784882372291236,48.843238830566406,2227000,0.0,0.0
2023-05-12 00:00:00-04:00,48.64871053654718,49.3197929666588,48.41528846383297,48.969661712646484,1269600,0.0,0.0
2023-05-15 00:00:00-04:00,49.1447354476899,49.582399587412354,48.96966979180091,49.39760971069336,880300,0.0,0.0
2023-05-16 00:00:00-04:00,49.08637709578408,49.31007125050978,47.59831919069497,48.269405364990234,1800400,0.0,0.0
2023-05-17 00:00:00-04:00,48.113792171415774,48.113792171415774,47.15093116814638,47.89982223510742,1944100,0.0,0.0
2023-05-18 00:00:00-04:00,47.021828817433956,47.17791772442029,45.82189464720405,46.680381774902344,1893100,0.15,0.0
2023-05-19 00:00:00-04:00,46.78768518837994,47.44130992742644,46.15357574583451,46.904754638671875,1559300,0.0,0.0
2023-05-22 00:00:00-04:00,46.67062614394012,46.90476135660558,46.436490931274655,46.621849060058594,817300,0.0,0.0
2023-05-23 00:00:00-04:00,45.968221182586035,46.24137953284463,44.953645252113006,45.00242233276367,2217500,0.0,0.0
2023-05-24 00:00:00-04:00,45.10972979422402,45.10972979422402,43.763460913628194,43.851261138916016,1974700,0.0,0.0
2023-05-25 00:00:00-04:00,43.58786354339995,43.66590612614197,43.05130822714602,43.19763946533203,1633400,0.0,0.0
2023-05-26 00:00:00-04:00,43.802490516521146,43.851267599655884,43.09033096123288,43.55860137939453,1259500,0.0,0.0
2023-05-30 00:00:00-04:00,43.55860134430902,43.70493259359538,42.86595336712314,43.05131149291992,1540100,0.0,0.0
2023-05-31 00:00:00-04:00,43.24642213423819,44.3975753992129,43.08057559138705,44.1439323425293,2199900,0.0,0.0
2023-06-01 00:00:00-04:00,44.30977009167975,45.86090492318829,44.30977009167975,45.1097297668457,1948100,0.0,0.0
2023-06-02 00:00:00-04:00,45.16826147106634,45.33410799750907,43.792727068657626,44.25123977661133,2112800,0.0,0.0
2023-06-05 00:00:00-04:00,43.90979462225906,44.94388580946654,43.90979462225906,44.690242767333984,1319600,0.0,0.0
2023-06-06 00:00:00-04:00,44.68048975132052,44.98291362496584,44.51464692224121,44.9731559753418,1036000,0.0,0.0
2023-06-07 00:00:00-04:00,45.02193410136617,45.578001010351734,43.851265553492915,43.87077713012695,1264400,0.0,0.0
2023-06-08 00:00:00-04:00,44.50488134097094,44.79754751283334,43.90003742292834,44.20246124267578,1695200,0.0,0.0
2023-06-09 00:00:00-04:00,43.95858176044527,44.173201681977865,43.24642588861913,43.76346969604492,1650600,0.0,0.0
2023-06-12 00:00:00-04:00,43.55860138206777,43.9975988517603,43.29520066738051,43.93906784057617,1120400,0.0,0.0
2023-06-13 00:00:00-04:00,44.25124586145411,44.592689166592244,43.4220205581212,43.821998596191406,1397900,0.0,0.0
2023-06-14 00:00:00-04:00,44.309774205297195,44.329285781766536,43.03179757890299,43.480552673339844,1214700,0.0,0.0
2023-06-15 00:00:00-04:00,43.38300175077508,43.71469113260755,42.90497739522568,43.587867736816406,1196900,0.0,0.0
2023-06-16 00:00:00-04:00,43.87077412404399,44.59268380277361,43.431772983490866,43.773216247558594,3414500,0.0,0.0
2023-06-20 00:00:00-04:00,42.924485058038144,43.06106236960858,41.92941700330022,41.93917465209961,2363200,0.0,0.0
2023-06-21 00:00:00-04:00,41.80259555868036,41.91966502098919,41.23677470999891,41.62699508666992,1166200,0.0,0.0
2023-06-22 00:00:00-04:00,41.168481731439286,41.77332567076039,41.11970465465495,41.73430252075195,1516000,0.0,0.0
2023-06-23 00:00:00-04:00,41.968440031169884,42.30012938176584,41.392861561649035,41.5587043762207,1318800,0.0,0.0
2023-06-26 00:00:00-04:00,41.744058468983845,42.49523732951916,41.38309992828421,41.929412841796875,1696000,0.0,0.0
2023-06-27 00:00:00-04:00,42.07575101274827,42.49524058677838,41.1294600590358,41.90990447998047,1530600,0.0,0.0
2023-06-28 00:00:00-04:00,41.61724181793735,41.70504205533301,41.16848670300526,41.51968765258789,1209200,0.0,0.0
2023-06-29 00:00:00-04:00,41.02215079884557,41.57821771586389,40.71973066028112,41.49041748046875,1123300,0.0,0.0
2023-06-30 00:00:00-04:00,41.49041499241858,42.21232840920475,41.461149489526086,42.163551330566406,1448400,0.0,0.0
2023-07-03 00:00:00-04:00,42.251361726226015,43.07082949744994,42.066003572770214,42.88547134399414,755600,0.0,0.0
2023-07-05 00:00:00-04:00,43.10009061783062,43.27569110245543,41.72455596923828,41.72455596923828,2029900,0.0,0.0
2023-07-06 00:00:00-04:00,41.34408438674211,41.44163854550589,40.16365822556578,40.41730499267578,2633100,0.0,0.0
2023-07-07 00:00:00-04:00,40.40755524007749,41.26604614647868,40.40755524007749,40.553890228271484,1800200,0.0,0.0
2023-07-10 00:00:00-04:00,40.30999094003396,41.412370735638355,40.30999094003396,41.227012634277344,1323000,0.0,0.0
2023-07-11 00:00:00-04:00,41.46114988777155,41.68552742882518,40.97337165379777,41.04166030883789,897800,0.0,0.0
2023-07-12 00:00:00-04:00,41.744064653090895,43.17813021614904,41.65626441686669,43.02204132080078,2500100,0.0,0.0
2023-07-13 00:00:00-04:00,43.31470725322897,43.61712736670301,43.158618372304545,43.51957321166992,1393100,0.0,0.0
2023-07-14 00:00:00-04:00,43.59761904928741,44.036620222646086,43.295198913214676,43.626888275146484,1023900,0.0,0.0
2023-07-17 00:00:00-04:00,43.19764390715035,43.675668265864005,42.98302399145195,43.34397888183594,855300,0.0,0.0
2023-07-18 00:00:00-04:00,43.685421274136154,44.33904610012576,43.37324347473759,43.821998596191406,1036200,0.0,0.0
2023-07-19 00:00:00-04:00,43.61713412118659,44.026869822972024,43.470802865976324,43.74395751953125,1482800,0.0,0.0
2023-07-20 00:00:00-04:00,43.578108559416734,43.78297825972895,42.81717565425171,42.90497589111328,1583000,0.0,0.0
2023-07-21 00:00:00-04:00,42.72937773454896,43.31471391918571,42.612311986202826,43.10984420776367,1023800,0.0,0.0
2023-07-24 00:00:00-04:00,43.15861632852819,43.490305649966984,42.719615208763265,43.4512825012207,1379800,0.0,0.0
2023-07-25 00:00:00-04:00,43.6171266196746,44.543905962425875,43.578103469748726,44.5048828125,2222700,0.0,0.0
2023-07-26 00:00:00-04:00,44.61219955917186,44.64146506413404,43.50981964101171,43.90979766845703,2676600,0.0,0.0
2023-07-27 00:00:00-04:00,43.44152911968532,43.529329352261136,42.60254994650591,42.709861755371094,1833600,0.0,0.0
2023-07-28 00:00:00-04:00,43.070823291938844,43.20740061388962,42.49524477696564,42.934242248535156,947700,0.0,0.0
2023-07-31 00:00:00-04:00,43.23666362670258,44.07564280911606,42.92448584554212,43.73419952392578,1121400,0.0,0.0
2023-08-01 00:00:00-04:00,42.8952204719477,43.06106329055793,42.51475403259228,42.729373931884766,1427600,0.0,0.0
2023-08-02 00:00:00-04:00,42.49524324540386,42.53426267780286,41.168485786065865,41.23677444458008,1641100,0.0,0.0
2023-08-03 00:00:00-04:00,41.00263952950394,41.441640709772756,40.70021938867094,41.37335205078125,1367500,0.0,0.0
2023-08-04 00:00:00-04:00,41.64650961164454,42.963513244946135,41.626998033211954,42.8659553527832,4276100,0.0,0.0
2023-08-07 00:00:00-04:00,42.73913038908986,42.95375028239756,42.32939473558859,42.43670654296875,1599900,0.0,0.0
2023-08-08 00:00:00-04:00,41.88064313654854,42.797664957051495,41.802596825976586,42.680599212646484,2251400,0.0,0.0
2023-08-09 00:00:00-04:00,42.93424432002551,43.256179784259,42.3684234272936,43.129356384277344,2608000,0.0,0.0
2023-08-10 00:00:00-04:00,43.548832923307614,43.57809842163569,42.583034263961565,42.95374298095703,2777900,0.0,0.0
2023-08-11 00:00:00-04:00,42.74888622713756,44.5536642928919,42.6318204872415,44.1439323425293,3099500,0.0,0.0
2023-08-14 00:00:00-04:00,43.568351711506914,43.75370610070179,42.807418857340735,43.18788528442383,1658700,0.0,0.0
2023-08-15 00:00:00-04:00,42.87570692396545,42.983018729403874,41.36359516362579,41.40261459350586,2127500,0.0,0.0
2023-08-16 00:00:00-04:00,41.266040177207934,41.32457490830895,40.42706097202398,40.485595703125,2450300,0.0,0.0
2023-08-17 00:00:00-04:00,40.61241430693401,41.11970408566689,40.01732430262329,40.20267868041992,2190400,0.0,0.0
2023-08-18 00:00:00-04:00,40.105133885202086,40.1831764808949,39.62710949631565,40.00757598876953,1272200,0.0,0.0
2023-08-21 00:00:00-04:00,40.10513452096011,40.310000524536214,39.70515644287914,40.28073501586914,1505200,0.0,0.0
2023-08-22 00:00:00-04:00,40.436814259228214,40.700214938589795,40.202679081533795,40.59290313720703,1372500,0.0,0.0
2023-08-23 00:00:00-04:00,41.10019574596831,42.05624065448258,40.80752954482355,41.69528579711914,1767100,0.0,0.0
2023-08-24 00:00:00-04:00,41.352639023069614,41.91066437076608,41.068730341733655,41.38200759887695,1117900,0.15,0.0
2023-08-25 00:00:00-04:00,41.44074691350269,41.72465184951269,40.52049173780334,41.18620681762695,1040300,0.0,0.0
2023-08-28 00:00:00-04:00,41.45053371477277,42.26309537363509,41.25473450982885,42.1064567565918,1138000,0.0,0.0
2023-08-29 00:00:00-04:00,41.832345424311946,42.87007872814512,41.822557143373004,42.860286712646484,1240700,0.0,0.0
2023-08-30 00:00:00-04:00,43.114826831775225,43.6434836319106,42.7036480757056,42.860286712646484,1076700,0.0,0.0
2023-08-31 00:00:00-04:00,42.80154808187057,42.98755528977346,42.10646065326596,42.66448974609375,1398200,0.0,0.0
2023-09-01 00:00:00-04:00,43.27146102526023,43.408519351689314,42.22393954805591,42.282676696777344,2281400,0.0,0.0
2023-09-05 00:00:00-04:00,41.940033095242114,42.37078839170122,40.73587293359917,40.970829010009766,1900100,0.0,0.0
2023-09-06 00:00:00-04:00,40.80440241195756,41.17642055943397,40.39322367326058,40.980621337890625,1534000,0.0,0.0
2023-09-07 00:00:00-04:00,40.84357148124474,41.00021014408164,40.65756050161571,40.87294006347656,2083300,0.0,0.0
2023-09-08 00:00:00-04:00,40.97082971206478,41.86171263071964,40.91209255923539,41.27431869506836,1333300,0.0,0.0
2023-09-11 00:00:00-04:00,42.018346771672974,42.39036488292315,41.90086874401051,42.22393798828125,1003300,0.0,0.0
2023-09-12 00:00:00-04:00,41.998771287165155,42.66448635188496,41.744231197064444,42.12603759765625,1196700,0.0,0.0
2023-09-13 00:00:00-04:00,42.174994341039856,42.28268036789857,41.196001942050735,41.57780838012695,1525500,0.0,0.0
2023-09-14 00:00:00-04:00,41.56801343161261,42.390367138117966,41.56801343161261,42.028141021728516,1513400,0.0,0.0
2023-09-15 00:00:00-04:00,42.59595868394325,43.37915561003552,42.449112061220745,43.291046142578125,2996700,0.0,0.0
2023-09-18 00:00:00-04:00,43.398731707659394,43.770746103543786,43.06587416664327,43.55537033081055,1075900,0.0,0.0
2023-09-19 00:00:00-04:00,43.55537084363599,43.692429173687074,42.811334573988134,42.87986373901367,890400,0.0,0.0
2023-09-20 00:00:00-04:00,43.075662915761406,44.22108215979655,42.9679731609425,43.71200942993164,1368900,0.0,0.0
2023-09-21 00:00:00-04:00,42.59594980411593,43.232296240269065,42.38057405544293,42.409942626953125,1994700,0.0,0.0
2023-09-22 00:00:00-04:00,42.87986261773374,43.486836806899156,42.34141759180188,42.41973876953125,1064000,0.0,0.0
2023-09-25 00:00:00-04:00,42.184780023196915,42.29246977798145,41.35263802914083,41.76381301879883,1210900,0.0,0.0
2023-09-26 00:00:00-04:00,41.36242704907776,41.58759484285459,40.67713165283203,40.67713165283203,1191900,0.0,0.0
2023-09-27 00:00:00-04:00,40.43238640304833,40.49112729298614,38.72894167500878,39.384864807128906,1928700,0.0,0.0
2023-09-28 00:00:00-04:00,39.4925533986711,39.71772120157343,38.993268919984985,39.61982345581055,1537400,0.0,0.0
2023-09-29 00:00:00-04:00,40.608606280452115,40.86314640819509,39.43381459635791,39.698143005371094,1771300,0.0,0.0
2023-10-02 00:00:00-04:00,39.08137203510217,39.26738296798723,37.89679221166932,38.131752014160156,1971800,0.0,0.0
2023-10-03 00:00:00-04:00,37.83805523127907,38.552719187487504,37.56393483805327,38.4156608581543,2263400,0.0,0.0
2023-10-04 00:00:00-04:00,38.56251147399257,38.58209177086862,37.652048209335035,38.004486083984375,1440700,0.0,0.0
2023-10-05 00:00:00-04:00,37.984903995677804,38.3569221496582,37.82826536261652,38.3569221496582,1251400,0.0,0.0
2023-10-06 00:00:00-04:00,38.37650167465547,39.19885541534664,38.1023812713854,38.88557815551758,1715400,0.0,0.0
2023-10-09 00:00:00-04:00,39.502342060783434,40.08973974471041,39.24780567860683,39.91352081298828,1527000,0.0,0.0
2023-10-10 00:00:00-04:00,39.913515670025326,40.18763231313479,39.56107785199362,39.864566802978516,1205700,0.0,0.0
2023-10-11 00:00:00-04:00,40.32470029448141,40.6771381969397,39.71772598166995,40.637977600097656,1271600,0.0,0.0
2023-10-12 00:00:00-04:00,40.51070100137171,40.68691990796691,39.747084494606106,39.84498596191406,1097500,0.0,0.0
2023-10-13 00:00:00-04:00,41.176421645923796,41.73444701458283,40.79461147328796,41.57780838012695,2894900,0.0,0.0
2023-10-16 00:00:00-04:00,41.46032428062149,42.05751020807808,41.12746673423059,41.77360153198242,1176400,0.0,0.0
2023-10-17 00:00:00-04:00,41.77359970504922,42.42952648890935,41.626753100585674,42.26309585571289,1239400,0.0,0.0
2023-10-18 00:00:00-04:00,42.6449047126912,42.97776223455302,41.88128820103224,42.07708740234375,1687100,0.0,0.0
2023-10-19 00:00:00-04:00,41.92044878820637,42.23372601648113,41.40158407910615,42.07708740234375,1390800,0.0,0.0
2023-10-20 00:00:00-04:00,42.10645622605962,43.124609091292115,42.07708765278379,42.22393798828125,2454000,0.0,0.0
2023-10-23 00:00:00-04:00,41.96940231748914,42.79175606670962,41.2645303428427,42.66448974609375,2942400,0.0,0.0
2023-10-24 00:00:00-04:00,42.24352102999292,42.830914941075335,42.01834950503328,42.74280548095703,2568900,0.0,0.0
2023-10-25 00:00:00-04:00,42.58616887370385,43.25188399624145,42.527427985988325,42.5372200012207,1461400,0.0,0.0
2023-10-26 00:00:00-04:00,42.43931939196007,42.54700915436703,41.01978338804178,41.87150573730469,1830900,0.0,0.0
2023-10-27 00:00:00-04:00,42.09667475467806,42.62533156649627,41.46032817735321,42.61553955078125,1751600,0.0,0.0
2023-10-30 00:00:00-04:00,42.801548942395726,42.90923870397392,41.77360393428362,42.556800842285156,1610500,0.0,0.0
2023-10-31 00:00:00-04:00,42.21414905602454,42.90923646229082,41.01978092938221,41.3624267578125,2812400,0.0,0.0
2023-11-01 00:00:00-04:00,41.509284257261896,42.20436804875146,41.107897474262,42.18478775024414,1606200,0.0,0.0
2023-11-02 00:00:00-04:00,42.54700671757687,42.67427676900141,41.891083634387826,42.3414192199707,1681900,0.0,0.0
2023-11-03 00:00:00-04:00,43.03649768751015,44.367927722573114,42.70364017874441,43.95675277709961,2065900,0.0,0.0
2023-11-06 00:00:00-05:00,43.643480023268474,44.29940309417382,43.4770493845902,43.56515884399414,1689500,0.0,0.0
2023-11-07 00:00:00-05:00,42.87007512541045,43.14419178338074,41.80297333387835,42.4491081237793,2004000,0.0,0.0
2023-11-08 00:00:00-05:00,42.21415365082549,42.70364987875339,41.342850962643396,41.52885818481445,1435300,0.0,0.0
2023-11-09 00:00:00-05:00,41.5875937263579,43.1246113855492,41.32326534913553,42.028141021728516,1666200,0.0,0.0
2023-11-10 00:00:00-05:00,42.01834652158255,42.527422951168816,41.36242349193202,42.07708740234375,1929600,0.0,0.0
2023-11-13 00:00:00-05:00,41.85191736090576,42.566581232605735,41.62674959869007,42.409942626953125,1447000,0.0,0.0
2023-11-14 00:00:00-05:00,43.44768583682059,44.123189280704636,43.02671878591088,43.88823318481445,1541200,0.0,0.0
2023-11-15 00:00:00-05:00,43.43788360930813,43.98612059510142,43.10502610624773,43.653263092041016,1264000,0.0,0.0
2023-11-16 00:00:00-05:00,44.19170819810483,45.288178438452036,43.90779955810812,44.9063720703125,1919900,0.0,0.0
2023-11-17 00:00:00-05:00,45.27840178947926,45.36651126126281,44.367938492569266,44.769325256347656,1165800,0.0,0.0
2023-11-20 00:00:00-05:00,44.39729566794013,44.9357443764025,44.01548929980059,44.9063720703125,1151500,0.0,0.0
2023-11-21 00:00:00-05:00,45.53292968046874,46.893732098081315,45.46440051906024,45.99305725097656,1924800,0.0,0.0
2023-11-22 00:00:00-05:00,46.21822521300433,46.39444412434424,45.83641881662094,46.2769660949707,1266400,0.0,0.0
2023-11-24 00:00:00-05:00,46.34550032082675,46.87415711261282,46.208441982488054,46.46297836303711,629400,0.0,0.0
2023-11-27 00:00:00-05:00,46.944206785623834,47.0522379881617,46.24691924647998,46.777252197265625,1399800,0.15,0.0
2023-11-28 00:00:00-05:00,47.120980167424136,48.34860054614944,46.68885914281685,48.27003479003906,2259400,0.0,0.0
2023-11-29 00:00:00-05:00,48.093259648752635,48.5548423875279,47.89683962869494,48.17182540893555,1978400,0.0,0.0
2023-11-30 00:00:00-05:00,48.27985664844137,48.42717260021028,47.81827016287237,48.024513244628906,2394300,0.0,0.0
2023-12-01 00:00:00-05:00,48.12272385556193,48.67269919118681,47.59239089760942,48.66287612915039,3052700,0.0,0.0
2023-12-04 00:00:00-05:00,47.405791492159864,48.073617313085116,47.032593828372164,48.024513244628906,2197900,0.0,0.0
2023-12-05 00:00:00-05:00,47.67095461543809,47.95576343747742,46.99330578048933,47.26829528808594,1836600,0.0,0.0
2023-12-06 00:00:00-05:00,47.56292752432382,47.79862855526605,46.9049210079427,47.11116409301758,1133300,0.0,0.0
2023-12-07 00:00:00-05:00,47.3173957198097,47.386142154830125,46.679031684448994,46.96384048461914,1323700,0.0,0.0
2023-12-08 00:00:00-05:00,46.109423087536996,46.87545702018714,45.9424647645952,46.46297836303711,1997900,0.0,0.0
2023-12-11 00:00:00-05:00,45.90318427564291,46.97366942900078,45.500524928768854,46.88528060913086,1672300,0.0,0.0
2023-12-12 00:00:00-05:00,47.01295088014489,47.071878009416096,45.34338634812967,45.5398063659668,2135700,0.0,0.0
2023-12-13 00:00:00-05:00,45.45141856325279,47.58256962295742,45.11750564937097,47.56292724609375,3324200,0.0,0.0
2023-12-14 00:00:00-05:00,48.25039391385301,49.00660854021613,47.9459427017639,48.21110916137695,3462100,0.0,0.0
2023-12-15 00:00:00-05:00,47.96558126686251,48.456629394595986,47.55309889143843,47.91647720336914,3671200,0.0,0.0
2023-12-18 00:00:00-05:00,48.0441495577302,48.39770482780346,47.48435496224758,47.96558380126953,1469000,0.0,0.0
2023-12-19 00:00:00-05:00,48.12272087684445,49.70389659079337,47.68077677257297,49.075355529785156,2433600,0.0,0.0
2023-12-20 00:00:00-05:00,49.18338249286907,49.25212893134841,47.906654357910156,47.906654357910156,1600300,0.0,0.0
2023-12-21 00:00:00-05:00,48.57448730282497,48.79054971082054,48.2209319975233,48.66287612915039,2087200,0.0,0.0
2023-12-22 00:00:00-05:00,49.59586048735703,50.03780454791048,48.90839236498498,48.96731948852539,1663400,0.0,0.0
2023-12-26 00:00:00-05:00,49.04588959216476,49.291413675769434,48.711976688606406,49.09499740600586,641100,0.0,0.0
2023-12-27 00:00:00-05:00,49.10480890030484,49.841381033809405,49.016420094428305,49.5467529296875,1011800,0.0,0.0
2023-12-28 00:00:00-05:00,49.16374224399812,49.605682582932445,48.68251340743399,48.71197509765625,1411400,0.0,0.0
2023-12-29 00:00:00-05:00,48.31914163059574,48.56466572043982,47.8379127660852,48.456634521484375,1555200,0.0,0.0
2024-01-02 00:00:00-05:00,48.38788834236646,48.65305481042558,47.376330285489324,47.56292724609375,1370200,0.0,0.0
2024-01-03 00:00:00-05:00,46.8754498654632,47.17007796794338,46.42368652523362,46.73795700073242,1693800,0.0,0.0
2024-01-04 00:00:00-05:00,46.679039788661235,47.30758087305804,46.20763397536363,47.091522216796875,2006700,0.0,0.0
2024-01-05 00:00:00-05:00,46.94420317377011,47.80844898117814,46.629932652239944,46.767425537109375,1835900,0.0,0.0
2024-01-08 00:00:00-05:00,46.217455044709844,47.170085945630404,46.030854342673685,47.02277374267578,1022100,0.0,0.0
2024-01-09 00:00:00-05:00,46.904920741536486,46.973670933771196,45.89336268448737,46.82635498046875,1470100,0.0,0.0
2024-01-10 00:00:00-05:00,46.777254922980404,47.58257371158812,46.639762019520646,47.40579605102539,1695200,0.0,0.0
2024-01-11 00:00:00-05:00,47.4352518707579,47.57274475718906,46.40405147612407,46.89509963989258,1799400,0.0,0.0
2024-01-12 00:00:00-05:00,48.12272363575026,48.761087794784686,47.27812013169874,47.64149475097656,1727500,0.0,0.0
2024-01-16 00:00:00-05:00,46.89509814208051,47.12097984063143,46.305841862939005,46.95402526855469,1296700,0.0,0.0
2024-01-17 00:00:00-05:00,46.06032078473781,46.1781712989513,45.14697087018261,45.21571731567383,1919100,0.0,0.0
2024-01-18 00:00:00-05:00,45.21571680326373,45.67729953970244,44.89162320984908,45.52998733520508,1412500,0.0,0.0
2024-01-19 00:00:00-05:00,45.667476859718654,45.75586567446443,44.822873462459,45.3630256652832,1591800,0.0,0.0
2024-01-22 00:00:00-05:00,44.96036839079279,45.51034367943128,44.72466737166211,45.284461975097656,2050300,0.0,0.0
2024-01-23 00:00:00-05:00,45.657660381943025,46.521902461594536,45.42195561251066,46.43351364135742,1064600,0.0,0.0
2024-01-24 00:00:00-05:00,47.150445939395475,47.41561241372314,45.146972155142684,45.1666145324707,1463500,0.0,0.0
2024-01-25 00:00:00-05:00,45.75586977527524,45.96210911269932,45.33356803879716,45.942466735839844,1306700,0.0,0.0
2024-01-26 00:00:00-05:00,46.04067508160494,46.38440728422698,45.62819269205846,45.93264389038086,1233500,0.0,0.0
2024-01-29 00:00:00-05:00,46.26655908309744,46.96384658394882,45.51034445326135,46.875457763671875,1839600,0.0,0.0
2024-01-30 00:00:00-05:00,47.01294760003382,47.23882929354658,46.276375394335695,46.55136489868164,1201200,0.0,0.0
2024-01-31 00:00:00-05:00,46.68885975118315,47.23883129032229,45.80497156842364,46.030853271484375,1855000,0.0,0.0
2024-02-01 00:00:00-05:00,46.433505932428375,47.63166446418989,46.433505932428375,47.179901123046875,2683000,0.0,0.0
2024-02-02 00:00:00-05:00,45.942463742104586,46.482619704541534,45.37284983589846,46.35494613647461,1675700,0.0,0.0
2024-02-05 00:00:00-05:00,45.588907437126984,45.95228575747978,45.16660948417642,45.657657623291016,2115300,0.0,0.0
2024-02-06 00:00:00-05:00,45.84425812579287,46.32548324149294,45.618376413835655,46.10942459106445,1280100,0.0,0.0
2024-02-07 00:00:00-05:00,46.08978194222125,46.15852838691528,45.647837836045206,45.824615478515625,1551400,0.0,0.0
2024-02-08 00:00:00-05:00,45.43177187825075,45.80496951047087,44.81305392451734,45.07822036743164,1393700,0.0,0.0
2024-02-09 00:00:00-05:00,45.078227007789565,45.078227007789565,44.13541160085502,44.675567626953125,2598800,0.0,0.0
2024-02-12 00:00:00-05:00,44.62645443401283,44.83269750386425,44.26307985273184,44.7344856262207,1522100,0.0,0.0
2024-02-13 00:00:00-05:00,43.72293194578262,43.899709596557514,42.181040905668574,42.505130767822266,1911100,0.0,0.0
2024-02-14 00:00:00-05:00,42.45601682301361,42.60333274653035,41.739087071124594,42.446197509765625,2949800,0.0,0.0
2024-02-15 00:00:00-05:00,42.95689420458494,43.988094579767136,42.878324701591964,43.53633117675781,2437800,0.0,0.0
2024-02-16 00:00:00-05:00,43.42830172415277,43.968453966480986,43.2908088348038,43.614898681640625,1430500,0.0,0.0
2024-02-20 00:00:00-05:00,43.89970857384334,44.10594791280923,43.22205967952634,43.42830276489258,1293700,0.0,0.0
2024-02-21 00:00:00-05:00,42.18103677944065,42.289067971724215,39.077612625331405,40.01060485839844,6045100,0.0,0.0
2024-02-22 00:00:00-05:00,39.74543672554883,39.83382553854797,38.66512859484823,38.89101028442383,5084600,0.0,0.0
2024-02-23 00:00:00-05:00,38.98922703374968,39.33295926817604,38.42943239688368,39.1463623046875,3684700,0.0,0.0
2024-02-26 00:00:00-05:00,38.54728085760705,38.68477374404455,37.87945505513904,38.48835372924805,2146800,0.0,0.0
2024-02-27 00:00:00-05:00,38.64548877116125,39.087432865330086,38.419607066674985,38.79280471801758,2707300,0.0,0.0
2024-02-28 00:00:00-05:00,38.34104228658833,39.20528437455305,38.34104228658833,39.04814910888672,2308500,0.0,0.0
2024-02-29 00:00:00-05:00,39.853473329414314,40.58022256048491,39.77490381989294,40.45254898071289,3737600,0.0,0.0
2024-03-01 00:00:00-05:00,40.75699947392263,41.856946362540015,40.31505535685304,41.21858596801758,3124900,0.0,0.0
2024-03-04 00:00:00-05:00,41.73909097794621,42.53459029587692,41.581955726473474,41.99443435668945,3089000,0.0,0.0
2024-03-05 00:00:00-05:00,42.54441842687917,42.691734394714345,41.75874200669317,41.955162048339844,2236900,0.0,0.0
2024-03-06 00:00:00-05:00,42.59351305377149,43.40865473457268,42.33816967874453,43.05509948730469,3120400,0.0,0.0
2024-03-07 00:00:00-05:00,43.506860102288094,44.08629699937715,43.24169368364738,43.45775604248047,1969100,0.0,0.0
2024-03-08 00:00:00-05:00,43.88006132121815,44.36128639200183,43.49704437815361,43.909523010253906,2240400,0.0,0.0
2024-03-11 00:00:00-04:00,43.997913611188174,44.35146887958024,43.605077337952615,44.135406494140625,1625400,0.0,0.0
2024-03-12 00:00:00-04:00,43.30062990135036,43.94881336764282,43.09439055898467,43.840782165527344,1975000,0.0,0.0
2024-03-13 00:00:00-04:00,43.958627671201505,45.17642870201976,43.958627671201505,44.77376937866211,1599800,0.0,0.0
2024-03-14 00:00:00-04:00,44.2532625665788,44.73448767668962,43.90952659867084,44.2139778137207,1727400,0.0,0.0
2024-03-15 00:00:00-04:00,44.63627949219211,44.78359169564871,43.40865906471928,43.624717712402344,3437100,0.0,0.0
2024-03-18 00:00:00-04:00,43.86041762341986,43.89970237188253,43.25151900784775,43.36936950683594,1885500,0.0,0.0
2024-03-19 00:00:00-04:00,42.96671524921691,43.212239336355296,42.46584775987073,42.58369827270508,1477200,0.0,0.0
2024-03-20 00:00:00-04:00,42.4756602409496,44.59698786266474,42.40691380732362,44.33182144165039,2074200,0.0,0.0
2024-03-21 00:00:00-04:00,45.402307775958214,46.04067181716558,44.449673244236386,44.57734680175781,2463200,0.0,0.0
2024-03-22 00:00:00-04:00,44.341658528633644,44.67557148890441,44.05684964414371,44.08631134033203,992800,0.0,0.0
2024-03-25 00:00:00-04:00,44.19433440582586,44.78359069934348,44.1059455871582,44.1059455871582,1046300,0.0,0.0
2024-03-26 00:00:00-04:00,44.70502781542783,44.734489508077424,43.82113957193636,43.85060501098633,1090600,0.0,0.0
2024-03-27 00:00:00-04:00,43.801494189232656,45.46123936074869,43.77203249860461,45.44159698486328,1299200,0.0,0.0
2024-03-28 00:00:00-04:00,45.863895971940366,46.60046816502378,45.66747597117148,46.286197662353516,1586400,0.0,0.0
2024-04-01 00:00:00-04:00,47.435250860292314,47.435250860292314,46.17816878667134,46.934383392333984,1394600,0.0,0.0
2024-04-02 00:00:00-04:00,47.32357018692867,48.52562754406875,47.29401263178274,48.45665740966797,5737300,0.155,0.0
2024-04-03 00:00:00-04:00,48.43695573468741,50.59474391349501,48.38769188522063,50.33856964111328,3007900,0.0,0.0
2024-04-04 00:00:00-04:00,50.00356265893937,50.20062178566801,49.008419518915545,49.294151306152344,2725400,0.0,0.0
2024-04-05 00:00:00-04:00,49.46165307913599,50.33856225010024,48.83106687792981,49.826210021972656,1946600,0.0,0.0
2024-04-08 00:00:00-04:00,50.20062054094343,50.34841206338276,48.68327018892288,49.32371139526367,2380400,0.0,0.0
2024-04-09 00:00:00-04:00,50.2498893737793,50.7031227680301,49.74739213382132,50.2498893737793,2799300,0.0,0.0
2024-04-10 00:00:00-04:00,49.06753920874018,50.67356616748182,48.70298223332687,50.55533218383789,2763000,0.0,0.0
2024-04-11 00:00:00-04:00,51.06768015989162,52.24017614894392,50.44694522046852,51.8460578918457,2948700,0.0,0.0
2024-04-12 00:00:00-04:00,52.486504505545994,53.501354047609276,50.64400954552518,51.038124084472656,3833300,0.0,0.0
2024-04-15 00:00:00-04:00,51.481505254034104,51.74753453604276,49.77695060287399,50.46665573120117,2149100,0.0,0.0
2024-04-16 00:00:00-04:00,49.36312681930769,50.81150723631684,48.97886354751113,50.506065368652344,2132400,0.0,0.0
2024-04-17 00:00:00-04:00,50.71297365740343,52.50620455678366,50.67356108061503,51.895320892333984,2799600,0.0,0.0
2024-04-18 00:00:00-04:00,52.269737136074774,52.5160601232934,51.38297663724202,51.91503143310547,1993600,0.0,0.0
2024-04-19 00:00:00-04:00,51.84606048181153,52.35841273819762,51.60959252261207,51.8756217956543,1921800,0.0,0.0
2024-04-22 00:00:00-04:00,50.45680329979167,51.37312517649385,50.16121644634372,50.762245178222656,2343300,0.0,0.0
2024-04-23 00:00:00-04:00,50.358273303820766,51.727828543894134,50.20062673860205,51.70812225341797,1602900,0.0,0.0
2024-04-24 00:00:00-04:00,51.481507282943475,51.954446994511876,50.969154989096694,51.786949157714844,1627600,0.0,0.0
2024-04-25 00:00:00-04:00,51.45194994650809,53.20576852093046,50.663713331918004,52.93973922729492,2560300,0.0,0.0
2024-04-26 00:00:00-04:00,53.45208392319856,53.64914304882701,52.44708576522465,53.20576095581055,1500600,0.0,0.0
2024-04-29 00:00:00-04:00,53.3338481011394,53.511200932193724,51.82634903717764,52.77223205566406,2046300,0.0,0.0
2024-04-30 00:00:00-04:00,51.235182893299395,51.944594320724846,51.03812374583781,51.37312316894531,2030100,0.0,0.0
2024-05-01 00:00:00-04:00,51.75738330417932,53.11708720485345,51.501209059009895,52.190914154052734,1674600,0.0,0.0
2024-05-02 00:00:00-04:00,51.6884181846322,52.51606362725229,51.43224391461227,52.25003433227539,1129200,0.0,0.0
2024-05-03 00:00:00-04:00,52.7525318448031,52.91017840627941,51.25488763148299,51.91503143310547,1788100,0.0,0.0
2024-05-06 00:00:00-04:00,52.97914505004883,53.29443815221981,52.417528976894864,52.97914505004883,1156500,0.0,0.0
2024-05-07 00:00:00-04:00,52.80179389543002,53.13679329700203,52.65399860468723,53.05796813964844,882900,0.0,0.0
2024-05-08 00:00:00-04:00,52.38796703311264,53.66884947365806,52.38796703311264,53.56046676635742,1116200,0.0,0.0
2024-05-09 00:00:00-04:00,54.01370392089293,55.18619997793681,53.865908626263064,54.9595832824707,2071700,0.0,0.0
2024-05-10 00:00:00-04:00,56.161637767475796,56.4867858955161,53.521055199826556,54.131935119628906,2600100,0.0,0.0
2024-05-13 00:00:00-04:00,54.003851475264916,54.18120432150936,53.294440090287125,53.76737976074219,1344900,0.0,0.0
2024-05-14 00:00:00-04:00,54.072821439426185,54.58517368712705,53.865907280396144,54.54576110839844,1484500,0.0,0.0
2024-05-15 00:00:00-04:00,55.176351714007936,55.59017254773946,53.915179163293914,55.09752655029297,1853500,0.0,0.0
2024-05-16 00:00:00-04:00,54.989147621412826,55.54090873338942,54.42753148467054,55.008853912353516,1192600,0.0,0.0
2024-05-17 00:00:00-04:00,55.668988718439,56.220753499537196,55.26501921613553,56.171485900878906,1778300,0.0,0.0
2024-05-20 00:00:00-04:00,56.161634100674206,57.01883693717403,55.353695103772765,56.93016052246094,1794600,0.0,0.0
2024-05-21 00:00:00-04:00,56.49663812475123,56.999135343781866,56.141932436687085,56.96957778930664,1209000,0.0,0.0
2024-05-22 00:00:00-04:00,56.66413858516402,56.83164017170587,55.19605567943695,55.77737808227539,1784000,0.0,0.0
2024-05-23 00:00:00-04:00,55.78723426083889,56.230616430624174,54.56547423586483,54.861061096191406,1543800,0.0,0.0
2024-05-24 00:00:00-04:00,55.324147996197134,55.67884996342247,54.89061710527047,55.580322265625,1017700,0.0,0.0
2024-05-28 00:00:00-04:00,56.51634429166192,56.68384211144632,55.94487318244152,56.614871978759766,1107600,0.0,0.0
2024-05-29 00:00:00-04:00,56.23451012405539,56.45186186809821,55.216915629230975,55.30583190917969,1096800,0.155,0.0
2024-05-30 00:00:00-04:00,55.276193744840846,56.21475362891454,55.276193744840846,55.4935417175293,1128700,0.0,0.0
2024-05-31 00:00:00-04:00,55.701010012556814,56.33330181346986,54.031360471467124,54.44630432128906,3439900,0.0,0.0
2024-06-03 00:00:00-04:00,54.653783146703084,55.05884538231874,53.98197205805902,54.41667556762695,1632700,0.0,0.0
2024-06-04 00:00:00-04:00,53.75474038841768,53.75474038841768,51.60099382013922,52.15425109863281,2404600,0.0,0.0
2024-06-05 00:00:00-04:00,52.50991465880308,53.29039780375824,52.07521117837783,53.013771057128906,1608100,0.0,0.0
2024-06-06 00:00:00-04:00,52.96437037404716,54.97980336832551,52.92485119327546,54.92052459716797,1147900,0.0,0.0
2024-06-07 00:00:00-04:00,53.152088346086664,53.48799389263518,51.72943155592904,51.956661224365234,2449100,0.0,0.0
2024-06-10 00:00:00-04:00,52.19376706539926,53.26075860322119,52.19376706539926,53.161964416503906,1970400,0.0,0.0
2024-06-11 00:00:00-04:00,52.598827867432476,52.73714123267495,51.976413955084794,52.687744140625,1362900,0.0,0.0
2024-06-12 00:00:00-04:00,53.86341862482128,53.902937811181054,52.519796438645244,52.87546157836914,1359400,0.0,0.0
2024-06-13 00:00:00-04:00,52.51979463470006,53.06317023783351,51.86774315718854,52.243167877197266,710700,0.0,0.0
2024-06-14 00:00:00-04:00,52.717384530529614,52.737144122183544,51.6503891937578,52.30244064331055,965800,0.0,0.0
2024-06-17 00:00:00-04:00,51.95666005922216,52.33208478371197,51.551597830005264,52.05545425415039,1156300,0.0,0.0
2024-06-18 00:00:00-04:00,51.92702255449508,52.509917349588356,51.680033298417534,52.05545425415039,1272200,0.0,0.0
2024-06-20 00:00:00-04:00,52.401238670755916,53.93257122276803,52.401238670755916,53.22124099731445,1130700,0.0,0.0
2024-06-21 00:00:00-04:00,53.231122566928455,53.34967634800547,51.70966792953927,52.37159729003906,4086400,0.0,0.0
2024-06-24 00:00:00-04:00,52.72726664911823,53.08293178975423,52.37160150848222,52.667991638183594,988800,0.0,0.0
2024-06-25 00:00:00-04:00,52.48027304745674,52.845819838860734,52.19376839119632,52.64822769165039,782100,0.0,0.0
2024-06-26 00:00:00-04:00,52.1147296761802,52.80630030241166,51.81834334172577,52.213523864746094,1133700,0.0,0.0
2024-06-27 00:00:00-04:00,52.70750777957142,52.816183659453124,52.065337950167795,52.34196472167969,867300,0.0,0.0
2024-06-28 00:00:00-04:00,52.63834753797121,52.727263818356576,51.3540041969935,51.78870391845703,942000,0.0,0.0
2024-07-01 00:00:00-04:00,51.867743627131965,52.3024433598259,51.33424593103694,51.41328430175781,679800,0.0,0.0
2024-07-02 00:00:00-04:00,51.75906579897881,52.59883149679871,51.492316960995325,51.976417541503906,1254700,0.0,0.0
2024-07-03 00:00:00-04:00,52.61858686458808,54.23883947040121,52.61858686458808,53.8634147644043,723600,0.0,0.0
2024-07-05 00:00:00-04:00,54.98968336882154,55.66149439244404,54.535224078946506,55.13787841796875,1216600,0.0,0.0
2024-07-08 00:00:00-04:00,54.881008956843914,55.493541223294436,54.52534384446724,55.473785400390625,2559700,0.0,0.0
2024-07-09 00:00:00-04:00,55.54294374524487,55.76029172248724,54.98968646849994,55.39474868774414,923300,0.0,0.0
2024-07-10 00:00:00-04:00,56.09620032484688,57.676933872634386,55.859092742370855,57.62753677368164,1703700,0.0,0.0
2024-07-11 00:00:00-04:00,58.88223011030861,58.95138679225183,57.331138068856724,58.575965881347656,1943400,0.0,0.0
2024-07-12 00:00:00-04:00,58.11162909019448,59.03042938037704,57.993075308197085,58.87235641479492,1012000,0.0,0.0
2024-07-15 00:00:00-04:00,59.01066329351252,59.307049600262324,58.151141873311204,58.773555755615234,1111900,0.0,0.0
2024-07-16 00:00:00-04:00,59.247782979788575,61.44104497494293,58.73404488334283,61.411407470703125,2732100,0.0,0.0
2024-07-17 00:00:00-04:00,61.45092598729976,62.30056960799944,60.49260649389336,60.61116027832031,1845200,0.0,0.0
2024-07-18 00:00:00-04:00,60.75935391145759,60.98658356326588,59.55404519696797,60.20609664916992,1222700,0.0,0.0
2024-07-19 00:00:00-04:00,58.882233020640754,60.05790420929757,58.289460355041314,59.31693649291992,900400,0.0,0.0
2024-07-22 00:00:00-04:00,58.84271653365261,59.67260051161235,58.66488398346434,59.27741622924805,820900,0.0,0.0
2024-07-23 00:00:00-04:00,59.28729560534977,59.87019036342424,58.971149679149036,59.61332321166992,898300,0.0,0.0
2024-07-24 00:00:00-04:00,60.008508242424426,60.69019719754355,59.19838005671215,59.2181396484375,1549900,0.0,0.0
2024-07-25 00:00:00-04:00,57.60777477114478,58.664888473303975,57.20271254666095,58.032596588134766,1471100,0.0,0.0
2024-07-26 00:00:00-04:00,58.477166148700654,58.664880367192936,57.48920927244701,57.59788513183594,1431900,0.0,0.0
2024-07-29 00:00:00-04:00,57.80536046802184,58.220304353822776,57.3015040732172,57.93379592895508,1057200,0.0,0.0
2024-07-30 00:00:00-04:00,57.93379474147458,58.773560407278445,57.676927593629905,58.17090606689453,983100,0.0,0.0
2024-07-31 00:00:00-04:00,59.06006949867311,59.297180841923186,58.11163166318668,59.04030990600586,1291600,0.0,0.0
2024-08-01 00:00:00-04:00,59.14897986734771,59.168739458039326,57.09403142925568,57.76584243774414,1196600,0.0,0.0
2024-08-02 00:00:00-04:00,58.2005474802479,59.47501293141375,56.56053898955433,56.97547912597656,1920200,0.0,0.0
2024-08-05 00:00:00-04:00,53.60654251568257,56.096194485042055,52.7470210233612,55.43426513671875,1647700,0.0,0.0
2024-08-06 00:00:00-04:00,54.96004732674753,55.22679616104586,53.47811187092795,54.347511291503906,2700500,0.0,0.0
2024-08-07 00:00:00-04:00,55.108235532388974,55.20703348517821,52.41111360572604,52.756900787353516,2310100,0.0,0.0
2024-08-08 00:00:00-04:00,53.15208621264792,54.44631124832202,52.95449405753446,53.7152214050293,1857600,0.0,0.0
2024-08-09 00:00:00-04:00,54.337631936335775,55.31571096944275,53.46822877010254,55.13787841796875,960500,0.0,0.0
2024-08-12 00:00:00-04:00,55.345350452904725,56.916202201317255,55.345350452904725,56.48149871826172,1319700,0.0,0.0
2024-08-13 00:00:00-04:00,56.37282716642181,57.6472888183684,56.323426301951166,57.48921585083008,4778100,0.0,0.0
2024-08-14 00:00:00-04:00,57.31138362159636,57.44970076665187,56.3530678992027,56.93596267700195,1266700,0.0,0.0
2024-08-15 00:00:00-04:00,57.163188429989845,57.28174220604181,55.65161553686833,57.07427215576172,1188500,0.0,0.0
2024-08-16 00:00:00-04:00,57.42993718022869,58.457409519310616,57.34102090611273,58.3388557434082,1582700,0.0,0.0
2024-08-19 00:00:00-04:00,58.38825537257179,59.99862628762946,57.95355566287358,59.77139663696289,1970000,0.0,0.0
2024-08-20 00:00:00-04:00,60.462969895960974,61.49044609307534,60.462969895960974,60.92730712890625,2076800,0.0,0.0
2024-08-21 00:00:00-04:00,60.714357841428395,61.45719257140897,60.466746264768204,61.29872131347656,2139300,0.155,0.0
2024-08-22 00:00:00-04:00,60.39741153696781,61.080818085510344,60.21913091069539,60.407318115234375,1206300,0.0,0.0
2024-08-23 00:00:00-04:00,60.912451562373704,62.01184763411752,60.664839970656736,61.516624450683594,1569500,0.0,0.0
2024-08-26 00:00:00-04:00,61.93260566141878,61.962321619501836,61.25910187807888,61.704803466796875,887000,0.0,0.0
2024-08-27 00:00:00-04:00,61.16006095083299,61.90289569922368,60.8332118479797,61.83356475830078,959800,0.0,0.0
2024-08-28 00:00:00-04:00,60.89263763194108,61.298720460885555,60.46674542374897,60.803497314453125,1090000,0.0,0.0
2024-08-29 00:00:00-04:00,60.882739401962084,61.50671789296754,60.7935990777823,61.0709228515625,912200,0.0,0.0
2024-08-30 00:00:00-04:00,60.97187466532004,61.33833873286257,60.6549321563774,61.219486236572266,751000,0.0,0.0
2024-09-03 00:00:00-04:00,60.654938810632245,60.654938810632245,58.426434424880256,59.14945983886719,1482500,0.0,0.0
2024-09-04 00:00:00-04:00,58.911742757145305,59.7437177619548,58.49575714386687,59.109832763671875,1130800,0.0,0.0
2024-09-05 00:00:00-04:00,60.1498040312742,60.179516211572,59.21878585883227,59.307926177978516,727500,0.0,0.0
2024-09-06 00:00:00-04:00,59.17916928551536,59.189072086562796,57.08932688697919,57.42607879638672,1420900,0.0,0.0
2024-09-09 00:00:00-04:00,57.445882794601815,58.20852686440322,57.445882794601815,58.00053405761719,755800,0.0,0.0
2024-09-10 00:00:00-04:00,58.07977451262205,58.87213085270326,57.406270678989756,58.8424186706543,1155800,0.0,0.0
2024-09-11 00:00:00-04:00,58.90184061910472,58.90184061910472,57.6043546511116,58.70375061035156,938300,0.0,0.0
2024-09-12 00:00:00-04:00,59.80314412982175,61.13034222259413,59.59514755107755,60.78368377685547,1535000,0.0,0.0
2024-09-13 00:00:00-04:00,61.615663761214755,62.526876327008225,61.31853062520162,61.96232223510742,2138600,0.0,0.0
2024-09-16 00:00:00-04:00,62.1505040530238,62.19012281099363,60.813403086690116,61.64537811279297,1341400,0.0,0.0
2024-09-17 00:00:00-04:00,61.27890871769913,61.932603094642445,60.763876211887336,61.11053466796875,1129200,0.0,0.0
2024-09-18 00:00:00-04:00,61.39776966934279,63.655982314824534,60.66483772258962,60.714359283447266,1824600,0.0,0.0
2024-09-19 00:00:00-04:00,62.24955048404736,62.58630238821517,60.8431185055102,61.615665435791016,999100,0.0,0.0
2024-09-20 00:00:00-04:00,62.24954561526294,62.57639469297322,61.62556719495669,62.00193405151367,2530200,0.0,0.0
2024-09-23 00:00:00-04:00,62.011845825032104,62.7348711983623,61.635475158691406,61.635475158691406,1278900,0.0,0.0
2024-09-24 00:00:00-04:00,61.962322398162925,63.27961402331368,61.75432580197885,62.86362838745117,1751600,0.0,0.0
2024-09-25 00:00:00-04:00,62.64573302114969,63.863985383419724,62.34859986523753,63.54704284667969,2557100,0.0,0.0
2024-09-26 00:00:00-04:00,63.596553992782695,64.20072682108032,62.94285960671125,63.60646057128906,1566900,0.0,0.0
2024-09-27 00:00:00-04:00,63.44799382256288,63.60646887332786,61.73452578607786,61.85337829589844,1666700,0.0,0.0
2024-09-30 00:00:00-04:00,61.40766871541135,61.66518308307706,59.83285899561182,60.4964599609375,1703700,0.0,0.0
2024-10-01 00:00:00-04:00,61.189767331282916,61.22938608755548,59.84275984403605,60.605403900146484,1507000,0.0,0.0
2024-10-02 00:00:00-04:00,60.72426779400342,61.368055662135454,60.06066676699464,61.05111312866211,1600800,0.0,0.0
2024-10-03 00:00:00-04:00,60.55588530001256,60.60540685864443,59.2881152634237,60.11018371582031,1308100,0.0,0.0
2024-10-04 00:00:00-04:00,59.79324241445669,60.466746204562035,59.357447400139684,59.73381805419922,1320300,0.0,0.0
2024-10-07 00:00:00-04:00,59.56544397851033,59.56544397851033,58.50566666680578,59.06031799316406,930400,0.0,0.0
2024-10-08 00:00:00-04:00,58.43632916064196,59.15935447483247,58.168908217872435,59.11973571777344,1075900,0.0,0.0
2024-10-09 00:00:00-04:00,58.84241241814634,59.13954554182223,58.16890865607956,58.92164993286133,1554900,0.0,0.0
2024-10-10 00:00:00-04:00,59.73382138530454,60.41722801414592,59.030601597602015,60.37760925292969,2015400,0.0,0.0
2024-10-11 00:00:00-04:00,60.82330659828908,61.37795788159433,59.94181000354258,60.1299934387207,1859000,0.0,0.0
2024-10-14 00:00:00-04:00,59.8526730597916,60.337989654067414,59.49611177030155,60.328086853027344,942400,0.0,0.0
2024-10-15 00:00:00-04:00,60.05076594611696,61.19968361240922,59.93190965845513,61.16996765136719,1281100,0.0,0.0
2024-10-16 00:00:00-04:00,61.77413805510823,62.33869217475629,60.97187892626783,62.14060592651367,1988200,0.0,0.0
2024-10-17 00:00:00-04:00,62.665532639042574,63.31922699150866,62.22973766348267,62.972572326660156,1471600,0.0,0.0
2024-10-18 00:00:00-04:00,63.69559379060606,66.1122849779179,63.358845703983235,65.85476684570312,2068700,0.0,0.0
2024-10-21 00:00:00-04:00,66.90464416731453,67.6375722431599,66.11228418074856,66.25094604492188,2011200,0.0,0.0
2024-10-22 00:00:00-04:00,67.0532100625055,67.98423198280291,66.66693661823432,67.87528228759766,1632800,0.0,0.0
2024-10-23 00:00:00-04:00,66.71647379896035,67.35035892550337,66.1618262023619,66.78580474853516,1324400,0.0,0.0
2024-10-24 00:00:00-04:00,67.04330617197768,67.15225585927142,64.83460780543746,66.47875213623047,1658000,0.0,0.0
2024-10-25 00:00:00-04:00,65.93400585571014,66.44903457534458,65.46849491414348,65.49820709228516,1261200,0.0,0.0
2024-10-28 00:00:00-04:00,65.18125487634356,65.96370819556282,65.01288085431644,65.81513977050781,1369600,0.0,0.0
2024-10-29 00:00:00-04:00,66.33019217329635,67.22159538487868,66.00334306963185,67.2017822265625,1540400,0.0,0.0
2024-10-30 00:00:00-04:00,67.05320872081442,67.25130250654452,65.428877460354,66.90464782714844,2070000,0.0,0.0
2024-10-31 00:00:00-04:00,66.00334247793282,66.26086063819378,64.32948577099523,65.37936401367188,4929300,0.0,0.0
2024-11-01 00:00:00-04:00,65.76563779381205,65.7854433955406,64.48796112190425,64.50776672363281,1266200,0.0,0.0
2024-11-04 00:00:00-05:00,64.65633080827001,64.9237555307934,63.814452996429,64.25025177001953,1167800,0.0,0.0
2024-11-05 00:00:00-05:00,64.65634262265102,65.0723283153595,64.14131379689387,64.94357299804688,1037300,0.0,0.0
2024-11-06 00:00:00-05:00,61.82365597471914,62.74477133213958,60.60540748418789,62.15050506591797,2936800,0.0,0.0
2024-11-07 00:00:00-05:00,63.05181251401944,63.94321193413393,62.4080208953927,63.79465103149414,2269200,0.0,0.0
2024-11-08 00:00:00-05:00,63.60647065550505,65.4685072151277,62.89334802009443,64.20073699951172,2440300,0.0,0.0
2024-11-11 00:00:00-05:00,61.90289774959769,62.84382255104219,59.70410561249101,60.387516021728516,2405900,0.0,0.0
2024-11-12 00:00:00-05:00,59.61495884625345,60.308271981776,58.91174291059246,59.11973571777344,1655200,0.0,0.0
2024-11-13 00:00:00-05:00,59.51592003783671,59.743722240028696,58.4759521484375,58.4759521484375,1342400,0.0,0.0
2024-11-14 00:00:00-05:00,57.74301753843592,59.50601449124081,57.72320815938724,58.763179779052734,1947400,0.0,0.0
2024-11-15 00:00:00-05:00,58.77308664638616,59.268309822112954,57.842068436190864,58.1094856262207,1372400,0.0,0.0
2024-11-18 00:00:00-05:00,59.426776919140316,60.37760444306591,59.34753940302016,60.318180084228516,1820400,0.0,0.0
2024-11-19 00:00:00-05:00,61.179869237312516,62.031653671429424,60.46674668256294,61.992034912109375,1714700,0.0,0.0
2024-11-20 00:00:00-05:00,61.91279982013844,62.53678208000127,61.72461637337161,62.35850143432617,1171000,0.0,0.0
2024-11-21 00:00:00-05:00,63.01877454166602,63.068418319623696,62.403179574742936,63.02870178222656,1093700,0.155,0.0
2024-11-22 00:00:00-05:00,63.18756798874124,63.61451132279309,62.81026843566753,63.356361389160156,5675400,0.0,0.0
2024-11-25 00:00:00-05:00,61.55922517950643,62.204605668193565,60.397544844962646,60.50675964355469,4109500,0.0,0.0
2024-11-26 00:00:00-05:00,60.82448410895322,61.6684434972223,60.33796977505069,61.628726959228516,1664100,0.0,0.0
2024-11-27 00:00:00-05:00,62.115245072567724,62.32375121564149,60.96349198394157,61.30107498168945,900600,0.0,0.0
2024-11-29 00:00:00-05:00,61.69823111385844,62.20460752162762,61.49965220468578,61.88688278198242,356700,0.0,0.0
2024-12-02 00:00:00-05:00,61.36064387668899,61.56915001254393,60.73512168154679,61.04291915893555,985000,0.0,0.0
2024-12-03 00:00:00-05:00,62.085454125002826,63.14784686870413,61.55922326716315,62.65140151977539,1240100,0.0,0.0
2024-12-04 00:00:00-05:00,62.30389542942792,63.22728414278263,62.28403715964229,62.51240158081055,753500,0.0,0.0
2024-12-05 00:00:00-05:00,62.55211465647539,63.197495132247795,61.5790822163284,62.48261260986328,1467700,0.0,0.0
2024-12-06 00:00:00-05:00,62.75069414543182,62.75069414543182,60.75498168088032,60.89398956298828,1062200,0.0,0.0
2024-12-09 00:00:00-05:00,62.45283194922316,63.842880564538355,61.66844731932991,61.73794937133789,1995700,0.0,0.0
2024-12-10 00:00:00-05:00,62.21453472216607,62.65140529199934,61.10249813413196,61.340789794921875,1245600,0.0,0.0
2024-12-11 00:00:00-05:00,61.61879987033457,63.61450856472023,61.46986474627969,63.59465408325195,1319100,0.0,0.0
2024-12-12 00:00:00-05:00,62.52233151609099,62.552117026459705,60.88406026941457,60.96349334716797,1872600,0.0,0.0
2024-12-13 00:00:00-05:00,60.33796933738947,60.97341879037071,59.72237815326108,60.12946319580078,1418500,0.0,0.0
2024-12-16 00:00:00-05:00,60.21882206301648,60.60604882738685,59.52379782019861,59.593299865722656,1506300,0.0,0.0
2024-12-17 00:00:00-05:00,58.9777103794468,59.652876373156744,58.64012738259182,59.335147857666016,1253900,0.0,0.0
2024-12-18 00:00:00-05:00,59.007497166981125,59.37486568141599,56.654347166294365,56.813209533691406,1858300,0.0,0.0
2024-12-19 00:00:00-05:00,57.08128521961131,57.86566595571482,56.306827935911265,56.495479583740234,1372800,0.0,0.0
2024-12-20 00:00:00-05:00,56.991930160755416,57.686950650763144,56.594772348541625,56.7039909362793,3370400,0.0,0.0
2024-12-23 00:00:00-05:00,56.396196207061145,57.12100603044161,55.91960908158814,56.90257263183594,1395300,0.0,0.0
2024-12-24 00:00:00-05:00,56.942277047507105,57.190499709070046,56.50540652668414,56.962135314941406,372800,0.0,0.0
2024-12-26 00:00:00-05:00,56.9621388038213,57.4387258887034,56.5054099875898,56.99192810058594,501800,0.0,0.0
2024-12-27 00:00:00-05:00,56.217472120439,56.85292158217324,56.098326293258225,56.65434646606445,626600,0.0,0.0
2024-12-30 00:00:00-05:00,56.048681061407,56.14796861688779,55.075648624901,55.681312561035156,1050800,0.0,0.0
2024-12-31 00:00:00-05:00,55.58202571808442,56.108256622377404,55.43309437280526,55.840179443359375,969100,0.0,0.0
2025-01-02 00:00:00-05:00,56.84299541566274,57.89546097378636,56.743707855731934,57.65716552734375,2114600,0.0,0.0
2025-01-03 00:00:00-05:00,57.776308537461034,57.845810583536625,57.081288076705114,57.13093185424805,1180200,0.0,0.0
2025-01-06 00:00:00-05:00,57.52808574350473,57.736595668878856,55.98910591738369,56.03874969482422,978300,0.0,0.0
2025-01-07 00:00:00-05:00,57.19050455986093,57.97488914594838,56.14797005038623,56.435909271240234,1403300,0.0,0.0
2025-01-08 00:00:00-05:00,56.31676248991206,57.8954588761091,56.25718768356552,57.39901351928711,1640600,0.0,0.0
2025-01-10 00:00:00-05:00,58.183391386389076,58.59047640706316,56.51533476812034,56.76355743408203,2020000,0.0,0.0
2025-01-13 00:00:00-05:00,55.909680779791024,56.14797244421906,55.11536513149034,55.353660583496094,1533600,0.0,0.0
2025-01-14 00:00:00-05:00,55.711097443084725,57.04157112446978,55.48273303798741,56.505409240722656,1502700,0.0,0.0
2025-01-15 00:00:00-05:00,57.37915905374515,57.75645482288222,56.02882698767339,57.72666931152344,1885000,0.0,0.0
2025-01-16 00:00:00-05:00,58.252896311958104,58.40183143393472,57.00185568014903,57.07135772705078,1272900,0.0,0.0
2025-01-17 00:00:00-05:00,56.674201687438064,57.696877873196826,56.29690216948171,57.35929489135742,874300,0.0,0.0
2025-01-21 00:00:00-05:00,57.80609867016353,59.791880101222915,57.796167641964836,59.03728103637695,1044700,0.0,0.0
2025-01-22 00:00:00-05:00,59.394721574065464,59.46422362029689,58.30254331536226,58.55076599121094,850700,0.0,0.0
2025-01-23 00:00:00-05:00,58.12382164762808,58.570623213691114,57.42879741014973,58.530906677246094,1137100,0.0,0.0
2025-01-24 00:00:00-05:00,59.642942596062014,59.96066730933187,59.1365700179061,59.57344055175781,1719300,0.0,0.0
2025-01-27 00:00:00-05:00,58.81884798248743,58.93799380849365,57.8954593088898,58.789058685302734,1359900,0.0,0.0
2025-01-28 00:00:00-05:00,59.474155098650684,60.000385963409165,58.54083540634396,59.94081115722656,1363300,0.0,0.0
2025-01-29 00:00:00-05:00,59.970606002551726,60.87413648157251,59.72238330185834,60.010318756103516,1137900,0.0,0.0
2025-01-30 00:00:00-05:00,61.37057642189815,62.96912729055108,60.78477074888658,62.671260833740234,1727800,0.0,0.0
2025-01-31 00:00:00-05:00,62.72090703249988,63.296785487125895,61.579084939396346,62.02588653564453,1271600,0.0,0.0
2025-02-03 00:00:00-05:00,61.75780324466685,63.43578718987345,61.569151584724025,63.10813522338867,1589700,0.0,0.0
2025-02-04 00:00:00-05:00,63.425860988787285,64.13080871155663,62.7506949883606,63.56486129760742,1267500,0.0,0.0
2025-02-05 00:00:00-05:00,64.4584615520771,66.52367599811544,64.26981747273993,65.4712142944336,2230600,0.0,0.0
2025-02-06 00:00:00-05:00,65.57050639888519,66.5236806150978,65.03434448192397,66.39460754394531,2051200,0.0,0.0
2025-02-07 00:00:00-05:00,66.77189834405605,67.4172788021894,65.54071601979633,65.71943664550781,1314600,0.0,0.0
2025-02-10 00:00:00-05:00,67.1789956134285,67.6059313881348,66.21589031896147,67.18891906738281,1471600,0.0,0.0
2025-02-11 00:00:00-05:00,66.62296643351854,66.89105117256678,66.14638312545183,66.32510375976562,1208400,0.0,0.0
2025-02-12 00:00:00-05:00,66.02723390154138,67.87401127532623,65.96766288146934,67.8243637084961,1439600,0.0,0.0
2025-02-13 00:00:00-05:00,67.86407451365677,68.99596925033211,66.95061693233185,68.76760864257812,1932900,0.0,0.0
2025-02-14 00:00:00-05:00,69.0059078640408,69.08534094292877,66.83147467420333,67.02012634277344,1436000,0.0,0.0
2025-02-18 00:00:00-05:00,67.86407305230742,68.51938450424754,67.41727529882414,68.2314453125,1576700,0.0,0.0
2025-02-19 00:00:00-05:00,68.21158269514825,69.16476435831751,67.06976454007528,68.94632720947266,1767200,0.0,0.0
2025-02-20 00:00:00-05:00,69.11512616218386,69.81014666163358,68.62861181256905,69.45270538330078,1680500,0.0,0.0
2025-02-21 00:00:00-05:00,69.0059040075341,69.0059040075341,67.50663692172272,67.56621551513672,1803900,0.0,0.0
2025-02-24 00:00:00-05:00,68.24137737985072,68.81724819696778,67.18890814479997,68.36051940917969,1267000,0.0,0.0
2025-02-25 00:00:00-05:00,67.70522208066274,68.63853422648074,66.74211684947213,68.44989013671875,1661600,0.0,0.0
2025-02-26 00:00:00-05:00,68.03287033052537,70.29666758613959,67.77472419163458,69.76050567626953,1359400,0.0,0.0
2025-02-27 00:00:00-05:00,68.68817680036734,69.58177991770566,67.09955324462959,67.55628204345703,1617400,0.0,0.0
2025-02-28 00:00:00-05:00,66.51375131201804,68.97612378247999,66.21588862274922,68.4300308227539,2070700,0.0,0.0
2025-03-03 00:00:00-05:00,69.35341390995373,70.46545422149026,67.76479030429786,68.25130462646484,1746800,0.0,0.0
2025-03-04 00:00:00-05:00,68.75768313200577,69.65128630507009,67.5761407378899,68.50946044921875,1259000,0.0,0.0
2025-03-05 00:00:00-05:00,68.83710650855038,70.50516300483596,68.54916732807294,70.46544647216797,1874800,0.0,0.0
2025-03-06 00:00:00-05:00,69.65128011792567,71.0413285330856,69.18462030371478,69.70092010498047,1120100,0.0,0.0
2025-03-07 00:00:00-05:00,69.78036255933573,71.2994842353328,69.1548440972062,69.9888687133789,1605000,0.0,0.0
2025-03-10 00:00:00-04:00,69.49242226202087,70.4455964838458,68.73783073754822,69.20448303222656,2170300,0.0,0.0
2025-03-11 00:00:00-04:00,69.75058049741249,71.48813944218787,69.54207433305814,70.56475067138672,1813600,0.0,0.0
2025-03-12 00:00:00-04:00,70.24701969063486,70.98175671547224,69.83000739884783,70.66403198242188,1553300,0.0,0.0
2025-03-13 00:00:00-04:00,71.04133780268482,73.24554895451193,70.80303856317208,72.20301818847656,2446200,0.0,0.0
2025-03-14 00:00:00-04:00,73.90085281808643,74.39729815273027,71.79592187214094,73.2951889038086,2504000,0.0,0.0
2025-03-17 00:00:00-04:00,74.1788537383639,75.67812062339503,74.01999518589551,75.47953796386719,2702100,0.0,0.0
2025-03-18 00:00:00-04:00,76.8894514389251,76.8894514389251,74.13914020082628,74.99302673339844,2007000,0.0,0.0
2025-03-19 00:00:00-04:00,75.00296818765952,75.77742176087878,74.1987291039557,75.62848663330078,1398300,0.0,0.0
2025-03-20 00:00:00-04:00,74.53630762024675,75.94621065436108,74.11929532708423,75.03275299072266,1309100,0.0,0.0
2025-03-21 00:00:00-04:00,74.42708796630691,74.54623758056978,73.16612007643407,74.46680450439453,3159200,0.0,0.0
2025-03-24 00:00:00-04:00,74.15901186062537,75.18168811171036,74.15901186062537,74.37744903564453,1406100,0.0,0.0
2025-03-25 00:00:00-04:00,75.39019256796179,75.91642343680655,74.83417618958316,75.4001235961914,1657000,0.0,0.0
2025-03-26 00:00:00-04:00,75.86677846422272,75.95613498695674,74.49658451439834,74.7249526977539,1035100,0.0,0.0
2025-03-27 00:00:00-04:00,75.48948499377738,76.42280475352955,75.01290166018664,76.0752944946289,1602700,0.0,0.0
2025-03-28 00:00:00-04:00,76.81003150883475,77.30647689988196,75.58877251379023,76.2937240600586,2242700,0.0,0.0
2025-03-31 00:00:00-04:00,77.0781021118164,77.49512196184052,74.90367663562388,77.0781021118164,2085500,0.0,0.0
2025-04-01 00:00:00-04:00,77.24227364286465,77.331828084652,75.30201596918242,76.44627380371094,1853300,0.165,0.0
2025-04-02 00:00:00-04:00,76.75472574835351,77.4114330400172,75.36171649224336,77.27213287353516,2028400,0.0,0.0
2025-04-03 00:00:00-04:00,73.82940628701246,80.0282939949101,73.36176007094565,78.1079330444336,3417000,0.0,0.0
2025-04-04 00:00:00-04:00,75.80947076480483,76.74477076397562,70.49613749705524,70.54589080810547,4044600,0.0,0.0
2025-04-07 00:00:00-04:00,68.15788334604,73.71001639526212,67.69022950117605,70.32699584960938,2421600,0.0,0.0
2025-04-08 00:00:00-04:00,73.36176151451907,73.47120513950003,69.42153291135166,70.20758819580078,2225400,0.0,0.0
2025-04-09 00:00:00-04:00,72.5259515675803,75.28212110234124,71.45134378670694,74.247314453125,2879000,0.0,0.0
2025-04-10 00:00:00-04:00,74.9338646316752,78.48603409840432,73.86920900975052,77.51093292236328,3524900,0.0,0.0
2025-04-11 00:00:00-04:00,79.46114360453039,82.57550823431718,79.00344196378565,81.71980285644531,3609900,0.0,0.0
2025-04-14 00:00:00-04:00,81.03326120644522,83.21231838132908,79.86909884608502,81.91881561279297,2606900,0.0,0.0
2025-04-15 00:00:00-04:00,82.71481409715645,83.17251576940633,81.50091362273217,82.95362091064453,1955300,0.0,0.0
2025-04-16 00:00:00-04:00,85.4112701130897,85.76947270725782,83.28195890958457,84.336669921875,2911000,0.0,0.0
2025-04-17 00:00:00-04:00,84.19737761456624,84.23717874999838,82.54566465493943,83.59042358398438,1746400,0.0,0.0
2025-04-21 00:00:00-04:00,85.90877101662639,86.98337877591462,83.8889110711597,84.71476745605469,2028800,0.0,0.0
2025-04-22 00:00:00-04:00,85.32172302829375,85.57047440738499,82.63521117062427,83.04315948486328,2363600,0.0,0.0
2025-04-23 00:00:00-04:00,79.49099421036054,81.67005883322317,78.60543986225353,81.122802734375,4182400,0.0,0.0
2025-04-24 00:00:00-04:00,82.1675613329524,82.1874581040735,80.51584845217108,81.75960540771484,1408900,0.0,0.0
2025-04-25 00:00:00-04:00,79.61039430259596,81.4412008275776,79.39149187215475,81.24220275878906,1464000,0.0,0.0
2025-04-28 00:00:00-04:00,80.80439748846203,81.69990397605225,79.8093919669817,81.66010284423828,1704900,0.0,0.0
2025-04-29 00:00:00-04:00,80.90390325942688,81.83921095671654,80.78450744533225,81.42131042480469,1597900,0.0,0.0
2025-04-30 00:00:00-04:00,81.08300690611844,83.11281930835601,80.91385777042129,83.10286712646484,2687800,0.0,0.0
2025-05-01 00:00:00-04:00,80.82430605057327,81.2621033407006,80.00840178420724,80.70490264892578,1923500,0.0,0.0
2025-05-02 00:00:00-04:00,81.5904589150857,81.88896363055943,79.69994676342932,80.43624877929688,1389100,0.0,0.0
2025-05-05 00:00:00-04:00,82.57550357750274,83.28195656520056,81.2919455830807,82.98345947265625,1807600,0.0,0.0
2025-05-06 00:00:00-04:00,84.34661931217671,85.45107610851026,83.3516137364737,85.33168029785156,2049300,0.0,0.0
2025-05-07 00:00:00-04:00,83.43121001141499,84.97347157948708,83.20236299656428,84.5157699584961,1698600,0.0,0.0
2025-05-08 00:00:00-04:00,83.7396707279776,84.21726914083334,82.04815673828125,82.04815673828125,1782900,0.0,0.0
2025-05-09 00:00:00-04:00,83.58046494209906,86.11773209292869,82.27701012042905,85.34162139892578,2631900,0.0,0.0
2025-05-12 00:00:00-04:00,81.33175848804363,81.56061312428598,78.17759244666577,78.5855484008789,2898100,0.0,0.0
2025-05-13 00:00:00-04:00,78.75469236161462,79.24224296521632,77.27213618829269,78.11788940429688,1930800,0.0,0.0
2025-05-14 00:00:00-04:00,76.24726790260353,76.40647242469043,75.04331217165671,76.117919921875,2792800,0.0,0.0
2025-05-15 00:00:00-04:00,77.05323524992616,78.4263402300341,76.30698105809331,78.3765869140625,1733600,0.0,0.0
2025-05-16 00:00:00-04:00,77.112927527944,78.11788522515958,76.38657016073914,78.1079330444336,2163900,0.0,0.0
2025-05-19 00:00:00-04:00,79.1427444131051,80.00840199694856,78.60544049119781,79.95864868164062,1384200,0.0,0.0
2025-05-20 00:00:00-04:00,79.53078958829704,82.67500300776607,79.53078958829704,82.56555938720703,1495800,0.0,0.0
2025-05-21 00:00:00-04:00,83.18245883675992,85.15257308007249,83.18245883675992,84.8441162109375,2416000,0.0,0.0
2025-05-22 00:00:00-04:00,84.16752137817738,84.74462645712406,83.6302250260992,84.1376724243164,1255600,0.0,0.0
2025-05-23 00:00:00-04:00,85.77942962989279,86.68488834611861,84.97347754410636,86.18738555908203,1505200,0.0,0.0
2025-05-27 00:00:00-04:00,84.4560696650253,86.01822809917633,84.03816914943357,85.0928726196289,1944500,0.0,0.0
2025-05-28 00:00:00-04:00,85.31718814327161,85.93527927355014,84.59939802530243,85.9053726196289,1253500,0.165,0.0
2025-05-29 00:00:00-04:00,86.28420839118911,86.60322536842502,85.32714985351672,85.79570770263672,976300,0.0,0.0
2025-05-30 00:00:00-04:00,85.62622963952609,86.76272807031687,85.43681069907278,86.48358917236328,1866100,0.0,0.0
2025-06-02 00:00:00-04:00,88.38773325675179,91.59783840993562,88.02883819014104,91.5479965209961,2707800,0.0,0.0
2025-06-03 00:00:00-04:00,90.64078514275383,91.51808755271831,89.65382753750865,91.42835998535156,1570900,0.0,0.0
2025-06-04 00:00:00-04:00,91.85703688981187,92.91377918944114,91.30872290077897,92.46516418457031,1747600,0.0,0.0
2025-06-05 00:00:00-04:00,94.29951832869098,94.93755993942479,90.6208551837524,91.30873107910156,2642700,0.0,0.0
2025-06-06 00:00:00-04:00,91.15919577894344,91.3486071284921,88.1085876799864,88.42760467529297,2541900,0.0,0.0
2025-06-09 00:00:00-04:00,88.60704522021287,88.97591168185912,87.1315945855569,88.85627746582031,1585800,0.0,0.0
2025-06-10 00:00:00-04:00,89.12545701344858,89.16533508745844,86.83251719665336,87.89923095703125,1633900,0.0,0.0
2025-06-11 00:00:00-04:00,87.9989260772003,88.88619995117188,87.72975857365583,88.88619995117188,2353000,0.0,0.0
2025-06-12 00:00:00-04:00,89.89308629951468,90.99967810039166,89.60397597617195,90.13235473632812,1945300,0.0,0.0
2025-06-13 00:00:00-04:00,91.16915611094926,91.86701099062805,90.58097163824247,91.41838836669922,1955400,0.0,0.0
2025-06-16 00:00:00-04:00,90.56103241577325,92.15612500105857,90.23205160557592,91.6078109741211,1644100,0.0,0.0
2025-06-17 00:00:00-04:00,92.3854097103802,92.3854097103802,90.13235561970671,90.96977233886719,1303500,0.0,0.0
2025-06-18 00:00:00-04:00,90.9697765141148,91.61778192280562,90.48128340551744,90.79032897949219,988400,0.0,0.0
2025-06-20 00:00:00-04:00,89.44447817439503,91.0295917589567,88.86625748321086,88.90613555908203,2400400,0.0,0.0
2025-06-23 00:00:00-04:00,88.72668414847512,91.38848284749778,88.59708611202359,89.8930892944336,1469600,0.0,0.0
2025-06-24 00:00:00-04:00,87.43067315351539,88.6668706307556,85.94525102398495,88.29800415039062,2237000,0.0,0.0
2025-06-25 00:00:00-04:00,87.73972511772712,89.8133316973252,87.71978227800095,89.02576446533203,1405500,0.0,0.0
2025-06-26 00:00:00-04:00,89.41456914939234,90.01272505967765,88.82637705333683,89.97284698486328,1727700,0.0,0.0
2025-06-27 00:00:00-04:00,87.6001559393217,87.88926626854301,86.30414516777307,87.06181335449219,2629200,0.0,0.0
2025-06-30 00:00:00-04:00,87.09172166219,89.81333368577813,86.44371626410926,89.52423095703125,2045600,0.0,0.0
2025-07-01 00:00:00-04:00,90.77039179752192,91.12928685906721,88.99585172389698,89.10551452636719,1474900,0.0,0.0
2025-07-02 00:00:00-04:00,89.64386310375077,89.86318872333447,88.27807510065028,89.4145736694336,1035600,0.0,0.0
2025-07-03 00:00:00-04:00,88.21824807336473,90.3815898572949,88.21824807336473,90.28189086914062,778200,0.0,0.0
2025-07-07 00:00:00-04:00,89.33481252878616,92.47514054868437,87.97898841610608,92.32559967041016,1776200,0.0,0.0
2025-07-08 00:00:00-04:00,91.82712851362069,91.8769780047662,85.327147336014,86.45368194580078,2722700,0.0,0.0
2025-07-09 00:00:00-04:00,86.63313209102046,88.61701868210933,86.08481809566098,88.56716918945312,1828600,0.0,0.0
2025-07-10 00:00:00-04:00,89.015789143163,89.70367257022886,87.72974985193594,89.61394500732422,1728300,0.0,0.0
2025-07-11 00:00:00-04:00,90.18220068318729,91.33864202862543,89.49431720681582,90.740478515625,1780100,0.0,0.0
2025-07-14 00:00:00-04:00,90.91992515764059,92.96363272645262,90.7703918868204,91.08940887451172,2234700,0.0,0.0
2025-07-15 00:00:00-04:00,91.50811790978749,91.50811790978749,88.80644111183693,90.33174133300781,1714500,0.0,0.0
2025-07-16 00:00:00-04:00,90.41149536394694,91.36854631155575,89.1952407411634,90.22207641601562,1698800,0.0,0.0
2025-07-17 00:00:00-04:00,88.94601017609239,89.4743813503994,88.15843532168505,88.7266845703125,1671300,0.0,0.0
2025-07-18 00:00:00-04:00,89.49431106649577,89.51425390540882,87.68987204905376,88.04876708984375,1140700,0.0,0.0
2025-07-21 00:00:00-04:00,89.44447519855838,91.88694831817561,89.42453235830367,91.12928771972656,1528900,0.0,0.0
2025-07-22 00:00:00-04:00,92.06638733785081,96.10395264205707,91.95672454448471,95.42604064941406,3027600,0.0,0.0
2025-07-23 00:00:00-04:00,95.24660120619238,96.5326405779681,94.23970074811093,94.65840911865234,1973800,0.0,0.0
2025-07-24 00:00:00-04:00,94.14000657590752,94.76806911310864,92.25581135833943,93.72129821777344,1335300,0.0,0.0
2025-07-25 00:00:00-04:00,92.77421052847923,94.1100993467831,92.33556693948373,93.69139099121094,1553800,0.0,0.0
2025-07-28 00:00:00-04:00,93.02344530873287,93.04338814866321,91.09937197755934,91.44830322265625,1381300,0.0,0.0
2025-07-29 00:00:00-04:00,91.65765855278879,93.10320262126179,90.83020562252067,93.09323120117188,1053600,0.0,0.0
2025-07-30 00:00:00-04:00,92.95366183423455,93.94062706304184,90.11241558304307,90.72054290771484,2024900,0.0,0.0
2025-07-31 00:00:00-04:00,91.21900196916911,92.66454595252424,90.68065940548777,91.22897338867188,1225200,0.0,0.0
2025-08-01 00:00:00-04:00,93.06332283966297,93.59169400526086,90.89001726379433,91.8171615600586,1622200,0.0,0.0
2025-08-04 00:00:00-04:00,92.91378566135144,95.61547011626523,92.91378566135144,95.57559204101562,1546400,0.0,0.0
2025-08-05 00:00:00-04:00,95.00733761717642,98.1975074041644,94.7780405984407,97.67910766601562,2763800,0.0,0.0
2025-08-06 00:00:00-04:00,97.49965624820597,98.35701577035393,96.98124892478586,98.26728820800781,1968600,0.0,0.0
2025-08-07 00:00:00-04:00,99.37388822117843,100.22127639430123,98.82557420011749,99.48355102539062,1908800,0.0,0.0
2025-08-08 00:00:00-04:00,103.43138337611876,103.49119668199386,98.72587729617376,100.38078308105469,3101200,0.0,0.0
2025-08-11 00:00:00-04:00,96.48278688813835,97.54950060820696,95.48585789345874,97.2105484008789,3403100,0.0,0.0
2025-08-12 00:00:00-04:00,97.2404567945427,97.63922992074622,95.37619680297098,96.11392974853516,2099600,0.0,0.0
2025-08-13 00:00:00-04:00,96.52266473334814,96.6024208781662,94.40917253145699,94.82788848876953,2183500,0.0,0.0
2025-08-14 00:00:00-04:00,94.38924403280824,95.2366322155578,92.9536637475143,93.99047088623047,1746300,0.0,0.0
2025-08-15 00:00:00-04:00,93.90074444552631,94.31945279787249,92.79415265292243,94.05027770996094,1619600,0.0,0.0
2025-08-18 00:00:00-04:00,94.2895508162095,94.55871831149133,91.97667573814101,93.10320281982422,1876700,0.0,0.0
2025-08-19 00:00:00-04:00,92.64461664634865,92.90382032825116,90.6706937865703,90.740478515625,1337900,0.0,0.0
2025-08-20 00:00:00-04:00,91.71746921096562,93.12314277038806,91.36854557755163,92.95365905761719,1589200,0.0,0.0
2025-08-21 00:00:00-04:00,92.71439670410152,94.98739359989288,92.40535114899653,94.06024932861328,1375600,0.0,0.0
2025-08-22 00:00:00-04:00,92.9636295337799,95.98432319604649,92.81408866213047,95.27650451660156,1439500,0.0,0.0
2025-08-25 00:00:00-04:00,95.75504010446681,95.82482483504701,94.71823296015741,95.20672607421875,1183000,0.0,0.0
2025-08-26 00:00:00-04:00,95.54567085469778,96.84168158549376,94.93755116762351,96.40303039550781,1627100,0.0,0.0
2025-08-27 00:00:00-04:00,95.65533895165552,96.42297857665942,94.24967295145146,96.28340911865234,1821500,0.0,0.0
2025-08-28 00:00:00-04:00,96.45288246801606,97.57940951993444,95.76499901185481,96.93141174316406,1415700,0.0,0.0
2025-08-29 00:00:00-04:00,97.04106720404391,100.40072074125675,96.74199306147453,100.11161041259766,2019200,0.0,0.0
2025-09-02 00:00:00-04:00,101.87618593087574,102.26498766669656,99.44367652238421,101.25808715820312,3258600,0.0,0.0
2025-09-03 00:00:00-04:00,102.18522529503204,103.08246294076676,100.81942978952671,102.12541198730469,2382700,0.0,0.0
2025-09-04 00:00:00-04:00,100.93906198628491,102.76344389502411,100.17142999730999,102.41452026367188,2072000,0.0,0.0
2025-09-05 00:00:00-04:00,104.37847018575033,105.65454577946035,103.23200784442545,103.91988372802734,2115000,0.0,0.0
2025-09-08 00:00:00-04:00,105.73429090144658,106.29257633248632,104.82708943570002,105.72432708740234,2158400,0.0,0.0
2025-09-09 00:00:00-04:00,106.26265720275109,106.51188944980431,104.17907926824911,104.28874206542969,2162400,0.0,0.0
2025-09-10 00:00:00-04:00,104.92677691099878,105.90377067446673,103.47126148841708,105.12615966796875,1752700,0.0,0.0
2025-09-11 00:00:00-04:00,105.26573546350029,107.04027557373047,104.43829012683591,107.04027557373047,1635200,0.0,0.0
2025-09-12 00:00:00-04:00,107.29947270679979,108.33627984884522,105.82402194747893,106.30254364013672,1892800,0.0,0.0
2025-09-15 00:00:00-04:00,105.92371099356822,107.64840158742928,105.09625806108097,107.36925506591797,2087300,0.0,0.0
2025-09-16 00:00:00-04:00,107.26956202423723,107.26956202423723,104.15914832084897,104.90684509277344,2051200,0.0,0.0
2025-09-17 00:00:00-04:00,103.53107587836449,106.39226486722657,102.98276948797358,104.7872085571289,1930700,0.0,0.0
2025-09-18 00:00:00-04:00,103.8700369649653,104.57785565602195,102.49427005037884,104.45822143554688,1800600,0.0,0.0
2025-09-19 00:00:00-04:00,105.06635048073313,108.11695089655377,105.05637906070436,107.31941223144531,8717500,0.0,0.0
2025-09-22 00:00:00-04:00,109.14379457260105,109.33320591801781,105.30561168640408,107.33934783935547,2966700,0.0,0.0
2025-09-23 00:00:00-04:00,108.15682819333377,109.02415918644483,106.63152799638644,107.27953338623047,2830500,0.0,0.0
2025-09-24 00:00:00-04:00,106.99042466123315,108.0272317793542,104.92678184509786,104.9865951538086,1915100,0.0,0.0
2025-09-25 00:00:00-04:00,105.0862951453355,107.19977987023468,104.31865551505545,107.02033233642578,2008200,0.0,0.0
2025-09-26 00:00:00-04:00,107.67830350628462,108.88458668453919,107.100082860388,108.70513916015625,1897200,0.0,0.0
2025-09-29 00:00:00-04:00,110.91832779620648,111.73580930975109,109.96127682468828,110.15068817138672,2175700,0.0,0.0
2025-09-30 00:00:00-04:00,109.26342489021089,112.33396826078052,108.974314546297,111.49654388427734,2746100,0.0,0.0
2025-10-01 00:00:00-04:00,112.6529780852198,113.65987851458968,110.50957919337885,111.12767791748047,2310300,0.0,0.0
2025-10-02 00:00:00-04:00,111.65604803343902,111.87537363045905,105.3056075633899,109.49271392822266,2395700,0.0,0.0
2025-10-03 00:00:00-04:00,109.99117514292253,110.92828320315567,108.97430333365186,109.32323455810547,1308000,0.0,0.0
2025-10-06 00:00:00-04:00,110.3600368894811,110.93825753298381,109.37307931244344,109.47277069091797,2009900,0.0,0.0
2025-10-07 00:00:00-04:00,109.72200481810127,110.0709360576814,107.16986897684058,107.98735046386719,1706300,0.0,0.0
2025-10-08 00:00:00-04:00,110.19056426201696,110.26034898974733,105.79411120307488,106.8807601928711,2506200,0.0,0.0
2025-10-09 00:00:00-04:00,107.83781397066265,108.16680238399029,102.18522805860833,103.0625228881836,2917000,0.0,0.0
2025-10-10 00:00:00-04:00,103.98966122011777,105.63459558599618,103.26190731180922,105.12615966796875,2518600,0.0,0.0
2025-10-13 00:00:00-04:00,107.86772145407494,108.8546867016406,106.63153154700201,108.6552963256836,1823000,0.0,0.0
2025-10-14 00:00:00-04:00,107.22968228375613,109.82170380424688,106.88075865014076,107.98735046386719,1919300,0.0,0.0
2025-10-15 00:00:00-04:00,108.87462357915659,110.70897703581556,108.26649623375013,109.93136596679688,2254500,0.0,0.0
2025-10-16 00:00:00-04:00,110.85850369890676,114.00880304493609,109.67216334018819,113.15144348144531,2330900,0.0,0.0
2025-10-17 00:00:00-04:00,110.79868671836789,110.87844286255184,102.7534701184528,104.268798828125,3025700,0.0,0.0
2025-10-20 00:00:00-04:00,106.28260057630389,106.75115842007446,105.05637456801145,105.1062240600586,2253400,0.0,0.0
2025-10-21 00:00:00-04:00,98.72588331123151,99.14459168979704,94.4789633981616,95.5456771850586,5026700,0.0,0.0
2025-10-22 00:00:00-04:00,93.65151986341945,97.4398457898567,93.65151986341945,96.83171844482422,2977000,0.0,0.0
2025-10-23 00:00:00-04:00,98.6959767546966,99.01499374905903,96.90150140767972,97.9283447265625,2549200,0.0,0.0
2025-10-24 00:00:00-04:00,96.61239715318432,98.4068648659873,96.25350208943071,97.84858703613281,1913600,0.0,0.0
2025-10-27 00:00:00-04:00,95.11700117666128,96.68217942934024,92.51501583343583,94.15994262695312,3278400,0.0,0.0
2025-10-28 00:00:00-04:00,92.2857147032493,95.605490007939,92.2857147032493,95.12696075439453,2523300,0.0,0.0
2025-10-29 00:00:00-04:00,97.38002545286469,97.38002545286469,94.05027862310692,94.88770294189453,2426600,0.0,0.0
2025-10-30 00:00:00-04:00,94.2596425182908,97.93830545481312,94.24967109835349,97.76882934570312,2267300,0.0,0.0
2025-10-31 00:00:00-04:00,97.94826984581303,98.41682767169895,96.18370894177994,96.22357940673828,5268500,0.0,0.0
2025-11-03 00:00:00-05:00,96.22358468083914,96.9413747848612,95.0870862181258,96.89153289794922,1568200,0.0,0.0
2025-11-04 00:00:00-05:00,94.8677673894522,96.06407914830957,93.99046500072309,94.08019256591797,2112600,0.0,0.0
2025-11-05 00:00:00-05:00,95.66530883912097,96.94137678100725,95.29644235974622,96.20365142822266,1587800,0.0,0.0
2025-11-06 00:00:00-05:00,96.60242798248201,97.69904843350176,95.7051903022058,95.98432922363281,1854000,0.0,0.0
2025-11-07 00:00:00-05:00,96.99122211956801,99.55332931354722,95.8447522625967,98.75578308105469,1666800,0.0,0.0
2025-11-10 00:00:00-05:00,102.27494273681133,102.68368727878409,100.57019505489872,101.99580383300781,2666700,0.0,0.0
2025-11-11 00:00:00-05:00,102.73354045903729,104.15914928832015,101.5671277034677,103.77033996582031,1409300,0.0,0.0
2025-11-12 00:00:00-05:00,104.2388923749526,108.16679501493348,103.36159760514461,107.43903350830078,1896100,0.0,0.0
2025-11-13 00:00:00-05:00,107.94746787158384,108.34624098157812,104.19901280718065,105.38536071777344,1475700,0.0,0.0
2025-11-14 00:00:00-05:00,100.95900188050311,104.4981030620844,100.47050877405906,103.85009765625,1756300,0.0,0.0
2025-11-17 00:00:00-05:00,103.5510176669361,104.02953932620396,100.9789390289863,101.96589660644531,1659500,0.0,0.0
2025-11-18 00:00:00-05:00,102.79334924797827,103.76037158975383,101.46743185964756,102.74349975585938,1580100,0.0,0.0
2025-11-19 00:00:00-05:00,103.3815378768494,105.27570456435431,102.73354008893568,103.75040435791016,1404500,0.0,0.0
2025-11-20 00:00:00-05:00,104.0893625711315,104.9766287899605,98.9452051799314,99.31407165527344,1338700,0.0,0.0
2025-11-21 00:00:00-05:00,98.74582329916308,100.71973851592995,98.20748071114532,98.96514129638672,1897500,0.0,0.0
2025-11-24 00:00:00-05:00,99.75271328129149,102.44442614420109,99.34397634649473,102.37464141845703,1234200,0.0,0.0
2025-11-25 00:00:00-05:00,101.83630279816755,102.91298798511781,100.97894321662919,102.18522644042969,1554300,0.0,0.0
2025-11-26 00:00:00-05:00,103.25193816150849,106.83091729370811,103.25193816150849,106.43214416503906,1709500,0.0,0.0
2025-11-28 00:00:00-05:00,107.8178770672961,109.83167037904533,107.07018028819691,109.71204376220703,1192500,0.0,0.0
2025-12-01 00:00:00-05:00,111.25727784567968,111.25727784567968,108.37615356732655,109.64225769042969,2269100,0.0,0.0
2025-12-02 00:00:00-05:00,109.59240338720787,110.1207745311557,104.18905012567771,107.41909790039062,2278900,0.0,0.0
2025-12-03 00:00:00-05:00,108.34624662740823,109.29332615777727,106.70131221669345,107.64839935302734,1413500,0.0,0.0
2025-12-04 00:00:00-05:00,106.75116220161121,108.81480498645266,106.75116220161121,108.46588134765625,1418300,0.0,0.0
2025-12-05 00:00:00-05:00,109.6123375089804,111.01801101138882,107.27952736366146,107.75804901123047,1391300,0.0,0.0
2025-12-08 00:00:00-05:00,107.84778518991071,108.40606302533057,104.6376724243164,104.6376724243164,1602100,0.0,0.0
2025-12-09 00:00:00-05:00,104.87693209002384,108.9643472436445,104.42831706387766,108.93443298339844,1698700,0.0,0.0
2025-12-10 00:00:00-05:00,109.55252401107754,113.17137343754025,108.47583889700181,112.4834976196289,2276800,0.0,0.0
2025-12-11 00:00:00-05:00,113.18134737087607,118.58470068810325,112.2143250306046,116.95970916748047,2157100,0.0,0.0
2025-12-12 00:00:00-05:00,119.4520357684583,120.17979730514351,115.88302802464705,117.1690673828125,2823600,0.0,0.0
2025-12-15 00:00:00-05:00,118.7940621854338,119.26261242206344,115.01570039787731,115.3646240234375,2047200,0.0,0.0
2025-12-16 00:00:00-05:00,115.23502432536061,117.11922721241552,113.67981745359496,114.08856201171875,1877900,0.0,0.0
2025-12-17 00:00:00-05:00,115.42444028657997,115.56400974038033,112.72276356520887,114.72659301757812,1696200,0.0,0.0
2025-12-18 00:00:00-05:00,113.83932627657019,116.50112491229905,113.37076842413066,115.09545135498047,1744500,0.0,0.0
2025-12-19 00:00:00-05:00,115.37459574637056,120.04022373946088,115.03563593353186,119.3323974609375,3762400,0.0,0.0
2025-12-22 00:00:00-05:00,121.95432812853882,123.43975022997822,120.41905653400514,121.8346939086914,1458800,0.0,0.0
2025-12-23 00:00:00-05:00,122.35310649674881,122.60233876096726,120.05019520331402,122.50263977050781,1408500,0.0,0.0
2025-12-24 00:00:00-05:00,123.35003313291708,123.5394444779497,120.01031477315861,121.58546447753906,979800,0.0,0.0
2025-12-26 00:00:00-05:00,123.02104237401456,123.91828001163815,120.9573996104627,123.8385238647461,1277700,0.0,0.0
2025-12-29 00:00:00-05:00,119.43210537481124,120.07013936977937,115.66370710920144,117.01953125,2093500,0.0,0.0
2025-12-30 00:00:00-05:00,119.44205973025566,119.73117004976223,117.35848179424691,118.5149154663086,1422700,0.0,0.0
2025-12-31 00:00:00-05:00,117.13916053026891,118.94359963303918,116.79023689243554,117.15909576416016,999500,0.0,0.0
2026-01-02 00:00:00-05:00,118.63456087809429,119.68133945764006,114.15835142505328,117.5080337524414,1313500,0.0,0.0
2026-01-05 00:00:00-05:00,119.4221269517786,125.23422490215992,119.28255749893623,120.61843872070312,2212100,0.0,0.0
2026-01-06 00:00:00-05:00,122.45279501048765,125.7925057515265,121.39604506291933,125.12456512451172,1828700,0.0,0.0
2026-01-07 00:00:00-05:00,121.54558331948756,123.21045294412177,118.98347606284655,122.61229705810547,1780400,0.0,0.0
2026-01-08 00:00:00-05:00,120.32932864532889,123.67901073243674,119.13301687391812,123.39987182617188,1254300,0.0,0.0
2026-01-09 00:00:00-05:00,124.36689738439715,126.1514012736105,123.24037031056562,124.35692596435547,1890100,0.0,0.0
2026-01-12 00:00:00-05:00,128.2848157447853,129.59080550594953,126.38068531988351,128.03558349609375,2207600,0.0,0.0
2026-01-13 00:00:00-05:00,129.8200947878597,131.51487103491127,128.46427074783261,130.3983154296875,1667400,0.0,0.0
2026-01-14 00:00:00-05:00,132.55170019994372,133.38911699542226,130.3086097186707,132.73114013671875,2192400,0.0,0.0
2026-01-15 00:00:00-05:00,131.2257672566027,135.10382040253089,130.45812767826715,135.08387756347656,1619800,0.0,0.0
2026-01-16 00:00:00-05:00,134.55551877228348,135.30321558021484,131.62454485128362,134.93435668945312,2419500,0.0,0.0
2026-01-20 00:00:00-05:00,139.57007002586928,142.05242889048148,138.5033486175164,141.24490356445312,3541400,0.0,0.0
2026-01-21 00:00:00-05:00,145.45192747690228,146.31926600606272,136.79859150710413,137.18739318847656,2675000,0.0,0.0
2026-01-22 00:00:00-05:00,137.46654232218515,144.63446442881462,137.45657850825353,143.25869750976562,2212800,0.0,0.0
2026-01-23 00:00:00-05:00,145.60147307362774,146.82769139654343,143.51789526358468,145.7111358642578,2218100,0.0,0.0
2026-01-26 00:00:00-05:00,151.65284183130055,154.22492059917053,146.95731453646016,147.4059295654297,4047300,0.0,0.0
2026-01-27 00:00:00-05:00,147.54549770740226,149.22033119046262,142.06238799530286,148.9212646484375,2899400,0.0,0.0
2026-01-28 00:00:00-05:00,152.52017473462865,155.87982063091727,150.26710543612145,155.82000732421875,3528300,0.0,0.0
2026-01-29 00:00:00-05:00,159.21954626252773,159.8675440643002,147.65516312557588,152.23106384277344,3977300,0.0,0.0
2026-01-30 00:00:00-05:00,141.97266739328526,143.47802475844168,129.92976283624455,131.46502685546875,6378800,0.0,0.0
2026-02-02 00:00:00-05:00,131.32544873831762,136.0209908723844,128.72346352250813,131.80398559570312,4124600,0.0,0.0
2026-02-03 00:00:00-05:00,140.33770723704663,140.56699666020157,133.2295982118727,136.35995483398438,3397800,0.0,0.0
2026-02-04 00:00:00-05:00,140.018672516881,140.86606823657874,134.6651687499296,139.79934692382812,2906400,0.0,0.0
2026-02-05 00:00:00-05:00,134.92438410564213,138.44354269939004,130.28866975988595,130.49801635742188,3489000,0.0,0.0
2026-02-06 00:00:00-05:00,133.62836364940023,136.9082687543786,132.60152794116118,135.56240844726562,1961200,0.0,0.0
2026-02-09 00:00:00-05:00,137.82543503793323,142.3614650562511,137.61607325348743,142.34152221679688,2537600,0.0,0.0
2026-02-10 00:00:00-05:00,141.80319168859705,145.28246429183238,140.56699420651452,144.15594482421875,1923700,0.0,0.0
2026-02-11 00:00:00-05:00,148.88137376209733,150.0378150572555,144.42509989859195,148.65208435058594,2596400,0.0,0.0
2026-02-12 00:00:00-05:00,146.84765283031223,149.25025550350338,138.6728376224539,138.74261474609375,2338400,0.0,0.0
2026-02-13 00:00:00-05:00,141.56391780459168,145.95039931376508,140.4772688469547,145.45193481445312,1369200,0.0,0.0
2026-02-17 00:00:00-05:00,140.4972040181872,141.91285665874287,137.09768751141257,141.89291381835938,2697000,0.0,0.0
2026-02-18 00:00:00-05:00,144.6544135797642,146.31928329476423,143.20885426433614,144.37527465820312,1885900,0.0,0.0
2026-02-19 00:00:00-05:00,143.05931573557675,145.4120688537122,142.26176946957784,144.89366149902344,1789000,0.0,0.0
2026-02-20 00:00:00-05:00,145.14288412002676,150.1474717752722,143.37833080752532,149.91818237304688,2040900,0.0,0.0
2026-02-23 00:00:00-05:00,151.94196072222914,155.52093237407706,151.3437972052491,155.38136291503906,1906700,0.0,0.0
2026-02-24 00:00:00-05:00,153.4872024889672,157.8936270432256,151.08459983922324,156.89669799804688,1589900,0.0,0.0
2026-02-25 00:00:00-05:00,158.2126373572832,159.5086481660181,156.23872209556916,156.946533203125,1437400,0.0,0.0
2026-02-26 00:00:00-05:00,155.72032238999276,161.00404966279896,153.85606984066243,160.52552795410156,1727600,0.0,0.0
2026-02-27 00:00:00-05:00,161.54237406581342,163.88516338178627,160.95418958628997,163.14743041992188,1772500,0.0,0.0
2026-03-02 00:00:00-05:00,163.1474395689129,165.2509605582595,158.8606566494819,165.21109008789062,2640000,0.0,0.0
2026-03-03 00:00:00-05:00,154.35451651446132,154.35451651446132,145.68123739063543,150.87522888183594,3358000,0.0,0.0
2026-03-04 00:00:00-05:00,154.52399713477698,154.57384662785154,150.59609438660362,153.4772186279297,1989000,0.0,0.0
2026-03-05 00:00:00-05:00,150.5462493957468,150.68581885337176,143.97649064937303,147.3760223388672,2053900,0.0,0.0
2026-03-06 00:00:00-05:00,144.1359994592543,149.210364517453,143.13907043979225,146.39903259277344,2002200,0.0,0.0
2026-03-09 00:00:00-04:00,142.14214706579804,148.27325469422732,138.29400028936027,147.4956512451172,2922700,0.0,0.0
2026-03-10 00:00:00-04:00,150.6359811252254,152.53014017994303,148.5822945643896,150.36680603027344,1682300,0.0,0.0
2026-03-11 00:00:00-04:00,147.54549930377348,148.77171777513334,144.325422733714,148.21343994140625,2016100,0.0,0.0
2026-03-12 00:00:00-04:00,146.52863205427496,149.0408975975338,143.76714945271667,145.282470703125,2208600,0.0,0.0
2026-03-13 00:00:00-04:00,145.15287456703135,147.6850676398875,138.92206805594535,139.44046020507812,2656500,0.0,0.0
2026-03-16 00:00:00-04:00,137.83539089264238,142.11222459881506,135.4826379665702,138.76254272460938,2507700,0.0,0.0
2026-03-17 00:00:00-04:00,140.41745580940392,142.06238257550646,136.3898541285828,136.76869201660156,2511100,0.0,0.0
2026-03-18 00:00:00-04:00,131.33542195886773,132.38218515980265,127.6567517944241,128.35459899902344,3440200,0.0,0.0
2026-03-19 00:00:00-04:00,118.59467147573463,121.82471926653008,116.87995239976775,120.87763977050781,4704600,0.0,0.0
2026-03-20 00:00:00-04:00,121.58546062204388,121.61536727526043,113.04177934746244,114.26800537109375,5943500,0.0,0.0
2026-03-23 00:00:00-04:00,114.11846639441258,120.86767252845016,114.08855974069931,119.51184844970703,3814700,0.0,0.0
2026-03-24 00:00:00-04:00,118.03639617000037,121.21659453620192,116.01263149897264,120.21966552734375,1922200,0.0,0.0
2026-03-25 00:00:00-04:00,125.92210200431613,125.92210200431613,121.12687585499422,122.26337432861328,1830400,0.0,0.0
2026-03-26 00:00:00-04:00,118.82397761923033,123.17058894847273,118.22581409582081,118.58470916748047,2741400,0.0,0.0
2026-03-27 00:00:00-04:00,118.25571713398907,124.7058411794849,118.25571713398907,124.3170394897461,2916900,0.0,0.0
2026-03-30 00:00:00-04:00,127.2779313530359,128.60384882918706,122.024118549817,123.32012176513672,2870000,0.0,0.0
2026-03-31 00:00:00-04:00,126.90974530348885,131.36306831418477,126.71004772624569,130.8138885498047,2886800,0.195,0.0
2026-04-01 00:00:00-04:00,134.42848015665618,138.21280028426995,132.76098177164812,136.59523010253906,3090100,0.0,0.0
2026-04-02 00:00:00-04:00,129.98511964221382,137.1743537857987,129.03654479258583,135.35707092285156,1991900,0.0,0.0
2026-04-06 00:00:00-04:00,134.49836975067527,135.9461962547617,133.13042532600755,133.8892822265625,1394300,0.0,0.0
2026-04-07 00:00:00-04:00,134.41847898869494,135.96616180107173,131.0635080495608,135.76646423339844,1729500,0.0,0.0
2026-04-08 00:00:00-04:00,142.0969714212009,143.2851925287028,138.00311791909243,139.9302215576172,2824900,0.0,0.0
2026-04-09 00:00:00-04:00,139.70056369610157,143.235257746625,139.02157370760352,140.67909240722656,1803700,0.0,0.0
2026-04-10 00:00:00-04:00,141.9072545746956,145.09248187626756,141.9072545746956,144.62318420410156,1788500,0.0,0.0
2026-04-13 00:00:00-04:00,142.5163423639315,145.78145174791254,142.38654732213493,144.6132049560547,1480500,0.0,0.0
2026-04-14 00:00:00-04:00,146.03107101737243,149.0565340390617,145.68158885560146,147.4689178466797,2280600,0.0,0.0
2026-04-15 00:00:00-04:00,146.19083745470553,149.04655683104804,144.33362114371428,147.3890380859375,1964200,0.0,0.0
2026-04-16 00:00:00-04:00,147.7485073199664,149.07651829279905,144.14391046112024,144.5033721923828,2452200,0.0,0.0
2026-04-17 00:00:00-04:00,147.38903738013428,153.93921501972005,146.95967314139656,152.1519012451172,2695200,0.0,0.0
2026-04-20 00:00:00-04:00,150.13492098629655,151.08349584784614,147.44894531222045,148.9866485595703,2011800,0.0,0.0
2026-04-21 00:00:00-04:00,147.81838711734713,149.11644414972656,140.83886044029407,141.59771728515625,2658400,0.0,0.0
2026-04-22 00:00:00-04:00,144.39353624016513,146.36058859791476,143.01559706433383,144.5033721923828,2222500,0.0,0.0
2026-04-23 00:00:00-04:00,142.47641245277768,144.2837006599709,138.63216935119493,141.33811950683594,2012500,0.0,0.0
2026-04-24 00:00:00-04:00,142.90576163351236,143.07550533556838,138.84186185852744,139.2312774658203,1663300,0.0,0.0
2026-04-27 00:00:00-04:00,137.6037058438332,138.42248567570724,135.95618187025923,136.30564880371094,1353700,0.0,0.0
2026-04-28 00:00:00-04:00,132.64115113538455,133.0705154007499,128.6770925202102,129.2362518310547,2776100,0.0,0.0
2026-04-29 00:00:00-04:00,127.12941148844718,128.25771722324862,123.8942636512485,124.70304870605469,2707400,0.0,0.0
2026-04-30 00:00:00-04:00,129.35607702504768,129.45591819145105,125.09246460857352,126.27069854736328,3543300,0.0,0.0
2026-05-01 00:00:00-04:00,125.87129848803387,127.40899417789845,124.67309781389287,125.65162658691406,1749300,0.0,0.0
2026-05-04 00:00:00-04:00,124.47339608837129,125.72152492311925,123.55476747633668,123.95417022705078,1292800,0.0,0.0
2026-05-05 00:00:00-04:00,126.19082132657591,127.15937057003617,124.6131921895937,125.05252838134766,1674900,0.0,0.0
2026-05-06 00:00:00-04:00,131.5527749178495,134.46840195299026,130.50434368345898,134.36856079101562,2837900,0.0,0.0
2026-05-07 00:00:00-04:00,138.2926816962726,139.73052862241883,130.85383652225485,131.36306762695312,3203600,0.0,0.0
2026-05-08 00:00:00-04:00,131.30316201437546,139.25125365837866,131.30316201437546,138.6421661376953,2979000,0.0,0.0
2026-05-11 00:00:00-04:00,139.7904325272385,145.39203546866074,139.60071450248554,143.58474731445312,2770500,0.0,0.0
2026-05-12 00:00:00-04:00,140.90875157430986,143.97416338232776,136.78494416166976,142.51634216308594,1440200,0.0,0.0
2026-05-13 00:00:00-04:00,140.97865363247988,143.8643269514559,139.1913245702933,142.00711059570312,1537800,0.0,0.0
2026-05-14 00:00:00-04:00,141.4878788046793,141.85733529275367,137.84334877513925,139.05152893066406,2351500,0.0,0.0
2026-05-15 00:00:00-04:00,132.22178379746498,132.84085086795127,127.80840175275404,130.2147979736328,3572300,0.0,0.0
2026-05-18 00:00:00-04:00,131.46292301436094,133.3001650786678,127.89825960124922,129.29617309570312,1409900,0.0,0.0
2026-05-19 00:00:00-04:00,126.64014591718,126.95966659415653,123.45491869315161,123.95417022705078,1838700,0.0,0.0
2026-05-20 00:00:00-04:00,125.11244152184837,127.79840968158474,122.81588134383898,126.96965789794922,1097800,0.0,0.0
2026-05-21 00:00:00-04:00,124.65312110873893,129.4958671511478,124.0440412372135,127.04953002929688,1139200,0.0,0.0
2026-05-22 00:00:00-04:00,127.04952769173184,127.59870742395454,124.24373652049582,126.34059143066406,1038000,0.0,0.0
2026-05-26 00:00:00-04:00,129.20628893190252,131.52282332754504,128.35757047863066,130.0749969482422,1349200,0.0,0.0
2026-05-27 00:00:00-04:00,126.75,129.66000366210938,126.51000213623047,127.0999984741211,1297500,0.195,0.0
2026-05-28 00:00:00-04:00,126.0,131.44000244140625,124.3499984741211,130.07000732421875,1393700,0.0,0.0
2026-05-29 00:00:00-04:00,130.0,133.8699951171875,129.02000427246094,132.60000610351562,1986500,0.0,0.0
2026-06-01 00:00:00-04:00,129.5,130.11000061035156,125.31999969482422,128.82000732421875,1581600,0.0,0.0
2026-06-02 00:00:00-04:00,129.3000030517578,130.36000061035156,126.91000366210938,130.30999755859375,1172200,0.0,0.0
2026-06-03 00:00:00-04:00,127.98999786376953,128.6999969482422,124.79000091552734,124.94999694824219,1617100,0.0,0.0
2026-06-04 00:00:00-04:00,126.66000366210938,129.8300018310547,126.25,128.42999267578125,1591800,0.0,0.0
2026-06-05 00:00:00-04:00,125.2300033569336,126.05000305175781,115.80000305175781,116.2300033569336,2827200,0.0,0.0
2026-06-08 00:00:00-04:00,116.5,117.5,114.48999786376953,114.87000274658203,2229000,0.0,0.0
2026-06-09 00:00:00-04:00,116.31999969482422,116.5199966430664,109.18000030517578,112.58000183105469,2940600,0.0,0.0
2026-06-10 00:00:00-04:00,108.88999938964844,111.30000305175781,106.81999969482422,107.5199966430664,2939700,0.0,0.0
2026-06-11 00:00:00-04:00,108.45999908447266,113.37000274658203,106.93000030517578,112.66000366210938,3850200,0.0,0.0
2026-06-12 00:00:00-04:00,114.1500015258789,117.29000091552734,112.63999938964844,116.0999984741211,2079500,0.0,0.0
2026-06-15 00:00:00-04:00,123.0999984741211,126.01000213623047,123.0999984741211,123.94000244140625,2922400,0.0,0.0
2026-06-16 00:00:00-04:00,125.45999908447266,129.24000549316406,125.41000366210938,128.24000549316406,2397400,0.0,0.0
2026-06-17 00:00:00-04:00,127.61000061035156,132.99000549316406,125.66000366210938,125.8499984741211,3060400,0.0,0.0
2026-06-18 00:00:00-04:00,125.81999969482422,128.75999450683594,121.12999725341797,122.56999969482422,3313000,0.0,0.0
2026-06-22 00:00:00-04:00,118.12999725341797,121.94000244140625,117.02999877929688,121.72000122070312,2621600,0.0,0.0
2026-06-23 00:00:00-04:00,116.91000366210938,118.7300033569336,116.01000213623047,116.45999908447266,1878900,0.0,0.0
2026-06-24 00:00:00-04:00,112.11000061035156,114.68000030517578,110.76000213623047,112.79000091552734,3429700,0.0,0.0
2026-06-25 00:00:00-04:00,115.0,115.93000030517578,111.83000183105469,113.08000183105469,3115200,0.0,0.0
2026-06-26 00:00:00-04:00,113.5999984741211,115.0,112.83000183105469,113.31999969482422,3006100,0.0,0.0
2026-06-29 00:00:00-04:00,112.01000213623047,112.55000305175781,110.06999969482422,110.93000030517578,1666700,0.0,0.0
2026-06-30 00:00:00-04:00,111.05000305175781,112.81999969482422,109.0999984741211,112.31999969482422,1786500,0.0,0.0
2026-07-01 00:00:00-04:00,111.62000274658203,116.41999816894531,111.41999816894531,111.44000244140625,911700,0.0,0.0
2026-07-02 00:00:00-04:00,114.7300033569336,117.20999908447266,113.56999969482422,115.7300033569336,2045000,0.0,0.0
2026-07-06 00:00:00-04:00,117.13999938964844,117.62999725341797,113.51000213623047,115.23999786376953,1966900,0.0,0.0
2026-07-07 00:00:00-04:00,114.5199966430664,116.2699966430664,110.56999969482422,111.88999938964844,1526200,0.0,0.0
2026-07-08 00:00:00-04:00,109.66000366210938,110.12999725341797,105.4000015258789,107.5999984741211,1958900,0.0,0.0
2026-07-09 00:00:00-04:00,110.0,111.52999877929688,108.25,110.6500015258789,1313400,0.0,0.0
2026-07-10 00:00:00-04:00,109.76000213623047,110.91000366210938,108.5999984741211,110.05000305175781,869500,0.0,0.0
2026-07-13 00:00:00-04:00,108.4800033569336,109.3499984741211,106.19000244140625,107.83000183105469,1514900,0.0,0.0
2026-07-14 00:00:00-04:00,111.0,111.55000305175781,108.36000061035156,108.48999786376953,1582700,0.0,0.0
2026-07-15 00:00:00-04:00,108.75,109.69999694824219,106.41999816894531,108.52999877929688,1236900,0.0,0.0
2026-07-16 00:00:00-04:00,106.47000122070312,107.05999755859375,102.66000366210938,104.25,2227500,0.0,0.0
2026-07-17 00:00:00-04:00,102.30999755859375,104.68000030517578,101.58999633789062,104.18000030517578,1725000,0.0,0.0
2026-07-20 00:00:00-04:00,103.4800033569336,104.4000015258789,102.7699966430664,103.44999694824219,1150200,0.0,0.0
2026-07-21 00:00:00-04:00,105.47000122070312,110.37000274658203,105.47000122070312,109.95999908447266,2009800,0.0,0.0
2026-07-23 00:00:00-04:00,107.76000213623047,110.61000061035156,107.48999786376953,110.02999877929688,1507800,0.0,0.0
2026-07-24 00:00:00-04:00,111.5,112.56999969482422,109.62000274658203,111.4800033569336,1798300,0.0,0.0
2026-07-27 00:00:00-04:00,113.22000122070312,113.5,110.30000305175781,112.01000213623047,1251400,0.0,0.0
2026-07-28 00:00:00-04:00,110.18000030517578,111.37999725341797,108.62999725341797,109.58000183105469,1483500,0.0,0.0
2026-07-29 00:00:00-04:00,108.87999725341797,112.2699966430664,106.30000305175781,109.45999908447266,2062300,0.0,0.0
2026-07-30 00:00:00-04:00,111.55000305175781,113.44000244140625,109.75,113.37999725341797,1361300,0.0,0.0
2026-08-03 00:00:00-04:00,109.30000305175781,112.0,108.0,111.86000061035156,1101300,0.0,0.0
2026-08-04 00:00:00-04:00,113.22000122070312,116.37000274658203,113.0999984741211,115.41000366210938,2170900,0.0,0.0
2026-08-05 00:00:00-04:00,121.5,125.5,120.68000030517578,122.81999969482422,3578200,0.0,0.0
2026-08-06 00:00:00-04:00,121.87000274658203,125.58999633789062,121.12999725341797,125.30000305175781,2541600,0.0,0.0
2026-08-07 00:00:00-04:00,133.25999450683594,136.02000427246094,132.55999755859375,134.1999969482422,3448500,0.0,0.0
2026-08-10 00:00:00-04:00,133.39999389648438,134.6199951171875,129.3699951171875,133.38999938964844,2206600,0.0,0.0
2026-08-11 00:00:00-04:00,133.22000122070312,135.14999389648438,132.86000061035156,134.41000366210938,1425700,0.0,0.0
2026-08-12 00:00:00-04:00,137.97999572753906,137.97999572753906,134.39999389648438,134.8800048828125,1747000,0.0,0.0
2026-08-13 00:00:00-04:00,133.0,133.72000122070312,131.2100067138672,131.86000061035156,1818300,0.0,0.0
2026-08-14 00:00:00-04:00,133.6699981689453,135.6199951171875,133.00999450683594,134.2100067138672,1366700,0.0,0.0
2026-08-17 00:00:00-04:00,135.36000061035156,137.57000732421875,134.33999633789062,136.61000061035156,1695600,0.0,0.0
2026-08-18 00:00:00-04:00,134.0399932861328,135.2899932861328,131.76010131835938,132.6999969482422,1800379,0.0,0.0
