Date,Open,High,Low,Close,Volume,Dividends,Stock Splits
2022-01-04 00:00:00-05:00,4.388288026630755,4.49154176601174,4.35387011350376,4.474332809448242,340500,0.0,0.0
2022-01-05 00:00:00-05:00,4.482937589168173,4.612004971313651,4.448519675301898,4.491541862487793,643900,0.0,0.0
2022-01-06 00:00:00-05:00,4.560379015399307,4.560379015399307,4.4141026469753095,4.43131160736084,357600,0.0,0.0
2022-01-07 00:00:00-05:00,4.474333252115702,4.706654393854519,4.474333252115702,4.629214286804199,735200,0.0,0.0
2022-01-10 00:00:00-05:00,4.637818000899094,4.818512246025775,4.620609044710547,4.784094333648682,563300,0.0,0.0
2022-01-11 00:00:00-05:00,4.8099086470508405,4.8099086470508405,4.680841252404662,4.732468128204346,360900,0.0,0.0
2022-01-12 00:00:00-05:00,4.775490535545081,4.91316219874263,4.775490535545081,4.8701395988464355,355800,0.0,0.0
2022-01-13 00:00:00-05:00,4.904557419039017,5.03362480591771,4.878744187839627,4.9389753341674805,446200,0.0,0.0
2022-01-14 00:00:00-05:00,4.904557641819025,4.973393885496616,4.840024150595327,4.930371284484863,415300,0.0,0.0
2022-01-17 00:00:00-05:00,4.921766315205963,5.00781151224765,4.921766315205963,4.964788913726807,239800,0.0,0.0
2022-01-18 00:00:00-05:00,4.947580989820964,4.947580989820964,4.844327224156128,4.852931499481201,239000,0.0,0.0
2022-01-19 00:00:00-05:00,4.921766603587775,4.981998162987332,4.8357218117983605,4.844326496124268,466200,0.0,0.0
2022-01-20 00:00:00-05:00,4.930370605028398,4.951881902569793,4.766885318125217,4.809907913208008,516600,0.0,0.0
2022-01-21 00:00:00-05:00,4.655028569761531,4.663633255983725,4.465729986107492,4.517356872558594,975200,0.0,0.0
2022-01-24 00:00:00-05:00,4.328056883805457,4.500146449440432,4.164571591305287,4.474332809448242,1194800,0.0,0.0
2022-01-25 00:00:00-05:00,4.414102713270502,4.435614016648987,4.276430617824589,4.405498027801514,448000,0.0,0.0
2022-01-26 00:00:00-05:00,4.508751044958403,4.534564686796312,4.371079382606672,4.39689302444458,520100,0.0,0.0
2022-01-27 00:00:00-05:00,4.698050280272703,4.784095074540822,4.594796527150959,4.620609760284424,1001100,0.0,0.0
2022-01-28 00:00:00-05:00,4.723863439209673,4.835721875148269,4.69805020648165,4.818512916564941,604800,0.0,0.0
2022-01-31 00:00:00-05:00,4.913162233186403,5.00781170744522,4.80130380090725,4.827117443084717,551400,0.0,0.0
2022-02-01 00:00:00-05:00,4.895952929475969,4.981997713502264,4.87874397267071,4.973393440246582,374400,0.0,0.0
2022-02-02 00:00:00-05:00,5.1110653544349445,5.222923784500763,5.102460670448074,5.154087543487549,1146900,0.0,0.0
2022-02-03 00:00:00-05:00,5.162692227474419,5.317572846592841,5.102460670448074,5.154087543487549,766300,0.0,0.0
2022-02-04 00:00:00-05:00,5.248737365590888,5.377804761936145,5.205715173671765,5.291759967803955,611500,0.0,0.0
2022-02-07 00:00:00-05:00,5.456143877772132,5.565441635742932,5.342474526355273,5.499863147735596,501100,0.098,0.0
2022-02-08 00:00:00-05:00,5.508606491860755,5.674738696664416,5.456143207573717,5.6222758293151855,556500,0.0,0.0
2022-02-09 00:00:00-05:00,5.552325372167553,5.63101988212308,5.508606524255002,5.578557014465332,474100,0.0,0.0
2022-02-10 00:00:00-05:00,5.5610695427658206,5.7621774160448025,5.517350276729503,5.674738883972168,613200,0.0,0.0
2022-02-11 00:00:00-05:00,5.622276208463233,5.753433594150042,5.604788584834181,5.639763832092285,419600,0.0,0.0
2022-02-14 00:00:00-05:00,5.6485072815045285,5.700970147089481,5.421167780365274,5.569812774658203,482400,0.0,0.0
2022-02-15 00:00:00-05:00,5.255035307168013,5.447399137616946,5.255035307168013,5.359961032867432,989400,0.0,0.0
2022-02-16 00:00:00-05:00,5.368705085268537,5.491118859125249,5.281266973183604,5.316242218017578,625400,0.0,0.0
2022-02-17 00:00:00-05:00,5.2900113576226815,5.368705455456404,5.176341595605505,5.202572822570801,621100,0.0,0.0
2022-02-18 00:00:00-05:00,5.290011160300014,5.359961652182027,5.1938290254933355,5.237547874450684,409300,0.0,0.0
2022-02-22 00:00:00-05:00,5.17634174411587,5.30749913351879,4.992721482339352,5.053928375244141,754600,0.0,0.0
2022-02-23 00:00:00-05:00,5.185084916524044,5.37744918283498,5.14136606831724,5.16759729385376,1048600,0.0,0.0
2022-02-24 00:00:00-05:00,4.721663509716191,4.975234289997327,4.721663509716191,4.966490268707275,575000,0.0,0.0
2022-02-25 00:00:00-05:00,5.150110463408992,5.185085714129694,5.036441107035648,5.1588544845581055,678500,0.0,0.0
2022-02-28 00:00:00-05:00,5.185084656817009,5.263779163360596,5.185084656817009,5.263779163360596,215000,0.0,0.0
2022-03-01 00:00:00-05:00,5.316242223658422,5.359961488216181,5.167597224487413,5.228804111480713,433200,0.0,0.0
2022-03-02 00:00:00-05:00,5.368705851395397,5.526094892545866,5.2725241228455175,5.482375621795654,986400,0.0,0.0
2022-03-03 00:00:00-05:00,5.534837341263595,5.569812583788343,5.4299116136893515,5.517349720001221,1099200,0.0,0.0
2022-03-04 00:00:00-05:00,5.464887043488298,5.569812774658203,5.359961312318393,5.569812774658203,1066500,0.0,0.0
2022-03-07 00:00:00-05:00,5.534837407465095,5.596044291084381,5.403680037959644,5.456142902374268,626200,0.0,0.0
2022-03-08 00:00:00-05:00,5.37744918283498,5.37744918283498,5.14136606831724,5.16759729385376,1003000,0.0,0.0
2022-03-09 00:00:00-05:00,5.255035656946498,5.2594072497716216,5.071415416281752,5.246291637420654,410100,0.0,0.0
2022-03-10 00:00:00-05:00,5.246291591497541,5.543581581769162,5.246291591497541,5.52609395980835,552900,0.0,0.0
2022-03-11 00:00:00-05:00,5.534837626554496,5.665995001251642,5.499862382226963,5.552325248718262,1012300,0.0,0.0
2022-03-14 00:00:00-04:00,5.587300172095929,5.622275414414387,5.115133983858965,5.211316108703613,960500,0.0,0.0
2022-03-15 00:00:00-04:00,5.158853805419996,5.158853805419996,4.957745931781897,4.975233554840088,924600,0.0,0.0
2022-03-16 00:00:00-04:00,5.150109507325358,5.456143102787337,5.123878282623423,5.246291637420654,758000,0.0,0.0
2022-03-17 00:00:00-04:00,5.307498515392107,5.429911870007221,5.24629162961565,5.421167850494385,576800,0.0,0.0
2022-03-18 00:00:00-04:00,5.456143055027301,5.552325184280671,5.447399452515792,5.52609395980835,651200,0.0,0.0
2022-03-21 00:00:00-04:00,5.665995392653534,5.867103269898098,5.657251372498722,5.7884087562561035,2303100,0.0,0.0
2022-03-22 00:00:00-04:00,5.849615548360772,5.937053663752404,5.770921036039391,5.805896282196045,1554400,0.0,0.0
2022-03-23 00:00:00-04:00,5.753433606649119,5.810268487801469,5.63976384434442,5.770921230316162,553700,0.0,0.0
2022-03-24 00:00:00-04:00,5.8408715283526975,5.910822437603825,5.770921036039391,5.805896282196045,331600,0.0,0.0
2022-03-25 00:00:00-04:00,5.893333846008235,6.07695407961386,5.875846224566642,5.954540729522705,797700,0.0,0.0
2022-03-28 00:00:00-04:00,5.945796968220602,6.068210315037198,5.910821726273004,6.0332350730896,481800,0.0,0.0
2022-03-29 00:00:00-04:00,5.972028668478022,6.002631903393442,5.832127689507184,5.945797443389893,603200,0.0,0.0
2022-03-30 00:00:00-04:00,6.041979269114489,6.251831158369084,6.024491646421424,6.146905422210693,635100,0.0,0.0
2022-03-31 00:00:00-04:00,6.2693188375516975,6.3655009716991096,6.20811194910556,6.260574817657471,677100,0.0,0.0
2022-04-01 00:00:00-04:00,6.313037729830248,6.4704267535113,6.313037729830248,6.435451507568359,541600,0.0,0.0
2022-04-04 00:00:00-04:00,6.514145851135254,6.636559633546262,6.426707732940131,6.514145851135254,710000,0.0,0.0
2022-04-05 00:00:00-04:00,6.5578648501970775,6.584096493050506,6.278062466491054,6.304294109344482,808300,0.0,0.0
2022-04-06 00:00:00-04:00,6.3305248279786035,6.461682197860126,6.085698126675027,6.173136234283447,883000,0.0,0.0
2022-04-07 00:00:00-04:00,6.208112557518142,6.260575431211563,6.0769551648156614,6.199368953704834,521500,0.0,0.0
2022-04-08 00:00:00-04:00,6.208112557518142,6.278063055776037,6.146906080011413,6.199368953704834,525400,0.0,0.0
2022-04-11 00:00:00-04:00,6.164392662650916,6.190623886595014,6.033235292117064,6.129417419433594,446500,0.0,0.0
2022-04-12 00:00:00-04:00,6.208111477326815,6.321781225686654,6.120673369718395,6.173136234283447,797700,0.0,0.0
2022-04-13 00:00:00-04:00,6.234342802793611,6.470425889865989,6.234342802793611,6.417963027954102,625300,0.0,0.0
2022-04-14 00:00:00-04:00,6.391731324667964,6.479169426980829,6.295549203654932,6.330524444580078,314200,0.0,0.0
2022-04-18 00:00:00-04:00,6.339268526617388,6.46168187107846,6.330524507829857,6.417963027954102,200100,0.0,0.0
2022-04-19 00:00:00-04:00,6.40047627001467,6.40047627001467,6.269318889087821,6.348013401031494,312800,0.0,0.0
2022-04-20 00:00:00-04:00,6.330525325113511,6.330525325113511,6.002632083129205,6.08569860458374,636100,0.0,0.0
2022-04-21 00:00:00-04:00,6.111929353812699,6.199367878406459,5.840871011610287,5.910821914672852,835900,0.0,0.0
2022-04-22 00:00:00-04:00,5.88459011716116,6.050722725751181,5.683482266440374,5.753432750701904,669100,0.0,0.0
2022-04-25 00:00:00-04:00,5.508606337847536,5.552325184280671,5.246291591497541,5.52609395980835,1222300,0.0,0.0
2022-04-26 00:00:00-04:00,5.508606601358521,5.508606601358521,5.368705202041863,5.429912090301514,1141700,0.0,0.0
2022-04-27 00:00:00-04:00,5.534838102342159,5.797152874285645,5.534838102342159,5.770921230316162,1152800,0.0,0.0
2022-04-28 00:00:00-04:00,5.805896282196045,5.910822437603825,5.709714563734161,5.805896282196045,791900,0.0,0.0
2022-04-29 00:00:00-04:00,5.814640812877336,5.867103686719888,5.631020545959473,5.631020545959473,337000,0.0,0.0
2022-05-02 00:00:00-04:00,5.596045280550988,5.770921526187202,5.596045280550988,5.718458652496338,644100,0.0,0.0
2022-05-03 00:00:00-04:00,5.700971044416209,5.770921542872946,5.622276525183451,5.631020545959473,296700,0.0,0.0
2022-05-04 00:00:00-04:00,5.7446893924005895,5.989516097704594,5.6572508664256524,5.980772495269775,689000,0.0,0.0
2022-05-05 00:00:00-04:00,5.998260742845457,5.998260742845457,5.753433595062081,5.858359336853027,457300,0.0,0.0
2022-05-06 00:00:00-04:00,5.867102430942412,5.875846032909119,5.683482203326086,5.814639568328857,239700,0.0,0.0
2022-05-09 00:00:00-04:00,5.59604541089355,5.59604541089355,5.237548473582448,5.394937515258789,833300,0.0,0.0
2022-05-10 00:00:00-04:00,5.394936339344408,5.491118464189057,5.167596847336652,5.211316108703613,701300,0.0,0.0
2022-05-11 00:00:00-04:00,5.32498640624102,5.386192878168872,5.211316648463838,5.237547874450684,404900,0.0,0.0
2022-05-12 00:00:00-04:00,5.1588534061627795,5.202572251955828,5.0189520155867715,5.132621765136719,706400,0.0,0.0
2022-05-13 00:00:00-04:00,5.176341974541797,5.359962244492209,5.1588543496387995,5.351218223571777,556600,0.0,0.0
2022-05-16 00:00:00-04:00,5.3249854776666155,5.386191938921245,5.246290979553238,5.368704319000244,142300,0.0,0.0
2022-05-17 00:00:00-04:00,5.561069411986782,5.753433260759574,5.526094166755366,5.709714412689209,553300,0.0,0.0
2022-05-18 00:00:00-04:00,5.6485072815045285,5.718457768951131,5.526093928472973,5.569812774658203,267000,0.0,0.0
2022-05-19 00:00:00-04:00,5.508606544139658,5.770920883375282,5.508606544139658,5.709714412689209,309300,0.0,0.0
2022-05-20 00:00:00-04:00,5.77092037296275,5.9545406026561905,5.77092037296275,5.8408708572387695,348500,0.0,0.0
2022-05-24 00:00:00-04:00,6.068210717617851,6.348013088699219,6.068210717617851,6.269318580627441,1043500,0.0,0.0
2022-05-25 00:00:00-04:00,6.173136719058658,6.28680647634496,6.050723358793773,6.08569860458374,349600,0.0,0.0
2022-05-26 00:00:00-04:00,6.094441996898341,6.199368147579123,5.840871265217242,5.902078151702881,539000,0.0,0.0
2022-05-27 00:00:00-04:00,5.945796937661672,6.033235042081273,5.928309316777752,5.989515781402588,202500,0.0,0.0
2022-05-30 00:00:00-04:00,5.937053164800536,6.146905041042254,5.937053164800536,6.129417419433594,232000,0.0,0.0
2022-05-31 00:00:00-04:00,6.033235743883128,6.111929838545788,5.919565986446396,5.998260498046875,423900,0.0,0.0
2022-06-01 00:00:00-04:00,6.015747643860021,6.015747643860021,5.7796645447199975,5.910821914672852,319200,0.0,0.0
2022-06-02 00:00:00-04:00,5.902078355717504,6.1206738503737075,5.797152618347602,6.08569860458374,531000,0.0,0.0
2022-06-03 00:00:00-04:00,6.041979079987459,6.286806206964565,6.041979079987459,6.181880474090576,310700,0.0,0.0
2022-06-06 00:00:00-04:00,6.2448615347173915,6.2448615347173915,6.031968729729036,6.1738972663879395,785900,0.101,0.0
2022-06-07 00:00:00-04:00,6.120673999365298,6.404531069632647,6.094062187537535,6.3513078689575195,756000,0.0,0.0
2022-06-08 00:00:00-04:00,6.289214761886838,6.324696898014741,6.156156539916992,6.156156539916992,545700,0.0,0.0
2022-06-09 00:00:00-04:00,6.147285322245887,6.147285322245887,5.996486466774787,6.005356788635254,303500,0.0,0.0
2022-06-10 00:00:00-04:00,5.969874798598808,5.969874798598808,5.686017301580325,5.748111248016357,610800,0.0,0.0
2022-06-13 00:00:00-04:00,5.677146559993034,5.677146559993034,5.35780695231745,5.419900894165039,472300,0.0,0.0
2022-06-14 00:00:00-04:00,5.366677826873062,5.375548148506206,5.109432154806126,5.162655353546143,469700,0.0,0.0
2022-06-15 00:00:00-04:00,5.22474845731616,5.233619201222366,4.99411461449936,5.082819938659668,455800,0.0,0.0
2022-06-16 00:00:00-04:00,4.99411500697692,5.056208527278767,4.825574666336911,4.887668609619141,614100,0.0,0.0
2022-06-17 00:00:00-04:00,4.878798364960389,4.878798364960389,4.67477587096101,4.7102580070495605,498100,0.0,0.0
2022-06-20 00:00:00-04:00,4.337694710552614,4.506235051189106,3.9562615752050077,4.4352707862854,1079400,0.0,0.0
2022-06-21 00:00:00-04:00,4.435271317069921,4.621552746225292,4.373177366357985,4.5328474044799805,934300,0.0,0.0
2022-06-22 00:00:00-04:00,4.133672566591019,4.3864833091649675,4.133672566591019,4.266730785369873,563900,0.0,0.0
2022-06-23 00:00:00-04:00,4.178025250542016,4.178025250542016,3.920779570400822,4.027225971221924,880200,0.0,0.0
2022-06-24 00:00:00-04:00,4.098190423691257,4.3199539802500535,4.098190423691257,4.293342590332031,689100,0.0,0.0
2022-06-27 00:00:00-04:00,4.435271546592098,4.435271546592098,4.222378715386297,4.346566200256348,759900,0.0,0.0
2022-06-28 00:00:00-04:00,4.497365361257588,4.497365361257588,4.275601790794835,4.328824996948242,317700,0.0,0.0
2022-06-29 00:00:00-04:00,4.364306868871756,4.364306868871756,4.222378327763867,4.266730785369873,241300,0.0,0.0
2022-06-30 00:00:00-04:00,4.169154304535686,4.257860057254623,4.120366478924573,4.186895370483398,509400,0.0,0.0
2022-07-04 00:00:00-04:00,4.062708307855014,4.142543323950641,3.858685817928738,4.115931510925293,193200,0.0,0.0
2022-07-05 00:00:00-04:00,3.9917443022914174,3.9917443022914174,3.690145708542323,3.84094500541687,743900,0.0,0.0
2022-07-06 00:00:00-04:00,3.814332663357717,3.867555856704712,3.6280512751530636,3.867555856704712,1121500,0.0,0.0
2022-07-07 00:00:00-04:00,3.982873132904981,3.9917438778864325,3.8764267310099725,3.9119088649749756,1679300,0.0,0.0
2022-07-08 00:00:00-04:00,3.9473911358810474,3.9873086437215757,3.9030386783763396,3.929650068283081,295000,0.0,0.0
2022-07-11 00:00:00-04:00,3.858685487172446,3.858685487172446,3.716756957817441,3.7344980239868164,289100,0.0,0.0
2022-07-12 00:00:00-04:00,3.5925695925276115,3.7344981257501013,3.5836988477110094,3.71675705909729,825800,0.0,0.0
2022-07-13 00:00:00-04:00,3.7167573688223436,3.7433687595289458,3.63692235074168,3.663534164428711,589100,0.0,0.0
2022-07-14 00:00:00-04:00,3.565957819165542,3.7078863539047404,3.5393462189019425,3.601439952850342,876400,0.0,0.0
2022-07-15 00:00:00-04:00,3.681275232559922,3.6901455551353126,3.552652382863535,3.663534164428711,405900,0.0,0.0
2022-07-18 00:00:00-04:00,3.7256274565050447,3.8852974825995252,3.7256274565050447,3.7611095905303955,346000,0.0,0.0
2022-07-19 00:00:00-04:00,3.814332663357717,3.8764261774390403,3.752238726296052,3.867555856704712,235300,0.0,0.0
2022-07-20 00:00:00-04:00,3.876426530494778,3.9473907947540283,3.8586854644299655,3.9473907947540283,367500,0.0,0.0
2022-07-21 00:00:00-04:00,3.9651321340827703,3.9828732013702393,3.8852975427793646,3.9828732013702393,227600,0.0,0.0
2022-07-22 00:00:00-04:00,3.991743450511163,4.036096324708985,3.8320738647636445,3.8852970600128174,295700,0.0,0.0
2022-07-25 00:00:00-04:00,3.947391621145998,4.0449677164203495,3.947391621145998,4.0183563232421875,422300,0.0,0.0
2022-07-26 00:00:00-04:00,4.009484691851093,4.0715786338616216,3.7832857848631423,3.7877211570739746,530100,0.0,0.0
2022-07-27 00:00:00-04:00,3.7699807788447544,3.965132538932378,3.7344986406470047,3.938521146774292,284300,0.0,0.0
2022-07-28 00:00:00-04:00,3.9119085846864134,3.9473907161091186,3.8054621904182975,3.903038263320923,519200,0.0,0.0
2022-07-29 00:00:00-04:00,3.903038826198775,4.080449508897633,3.8409448757639586,4.036097049713135,757900,0.0,0.0
2022-08-02 00:00:00-04:00,3.911908653642259,3.9385204641685645,3.6724040508270264,3.6724040508270264,778100,0.0,0.0
2022-08-03 00:00:00-04:00,3.6990159531313083,3.6990159531313083,3.5570874214172363,3.5570874214172363,786100,0.0,0.0
2022-08-04 00:00:00-04:00,3.574828823772656,3.6990163006911327,3.574828823772656,3.663534164428711,264700,0.0,0.0
2022-08-05 00:00:00-04:00,3.681274600067477,3.903038125095875,3.681274600067477,3.8852970600128174,504700,0.0,0.0
2022-08-08 00:00:00-04:00,3.9385212797109626,4.15141411608322,3.9385212797109626,4.142543792724609,732100,0.0,0.0
2022-08-09 00:00:00-04:00,4.133672649820918,4.133672649820918,4.000614851343413,4.062708377838135,283500,0.0,0.0
2022-08-10 00:00:00-04:00,4.080449509416967,4.16028452813183,3.9828734224299596,4.133672714233398,308800,0.0,0.0
2022-08-11 00:00:00-04:00,4.133672713707291,4.133672713707291,4.022790931275396,4.036097049713135,335800,0.0,0.0
2022-08-12 00:00:00-04:00,4.04496709926465,4.133672434625199,4.018355710146687,4.124802112579346,193500,0.0,0.0
2022-08-15 00:00:00-04:00,4.036096777218797,4.231248515012004,4.036096777218797,4.124802112579346,782400,0.0,0.0
2022-08-16 00:00:00-04:00,4.151413368009883,4.257860189995052,4.098190168507493,4.231248378753662,701200,0.0,0.0
2022-08-17 00:00:00-04:00,4.160284527602336,4.160284527602336,4.036097049713135,4.036097049713135,524800,0.0,0.0
2022-08-18 00:00:00-04:00,4.089319567946278,4.151413084975468,4.067143130587127,4.071578502655029,230900,0.0,0.0
2022-08-19 00:00:00-04:00,4.05383743736378,4.133672019684219,4.05383743736378,4.071578502655029,154300,0.0,0.0
2022-08-22 00:00:00-04:00,4.044967697897092,4.1780259321199855,4.044967697897092,4.142543792724609,456300,0.0,0.0
2022-08-23 00:00:00-04:00,4.178025379643294,4.364306798326529,4.178025379643294,4.319953918457031,592200,0.0,0.0
2022-08-24 00:00:00-04:00,4.293342598317811,4.311083665956297,4.213507582454415,4.266730785369873,232100,0.0,0.0
2022-08-25 00:00:00-04:00,4.319953850328404,4.395353491129201,4.240119259994929,4.3731770515441895,457800,0.0,0.0
2022-08-26 00:00:00-04:00,4.390918661933995,4.453012615859248,4.275601923187747,4.346566200256348,431200,0.0,0.0
2022-08-29 00:00:00-04:00,4.195766114947443,4.244553940558556,4.089319719261171,4.186895370483398,481400,0.0,0.0
2022-08-30 00:00:00-04:00,4.151413438846543,4.151413438846543,3.99174383761489,4.027225971221924,454100,0.0,0.0
2022-08-31 00:00:00-04:00,4.018356052592425,4.195766738432525,4.018356052592425,4.08044958114624,210800,0.0,0.0
2022-09-01 00:00:00-04:00,4.000615253463257,4.036097393021119,3.938521297746767,4.0183563232421875,239200,0.0,0.0
2022-09-02 00:00:00-04:00,4.080449282941522,4.098190350228991,3.9784382517836785,3.9828732013702393,255900,0.0,0.0
2022-09-06 00:00:00-04:00,4.027225971221924,4.093754865990013,3.99174383761489,4.027225971221924,180600,0.0,0.0
2022-09-07 00:00:00-04:00,3.991743842635441,3.991743842635441,3.849815308028797,3.8764266967773438,372100,0.0,0.0
2022-09-08 00:00:00-04:00,3.9385209627385467,4.0538381179830205,3.9385209627385467,4.036097049713135,223000,0.0,0.0
2022-09-09 00:00:00-04:00,4.169154694113205,4.3554361154610275,4.169154694113205,4.293342590332031,511300,0.0,0.0
2022-09-12 00:00:00-04:00,4.382047932531314,4.4352711353984455,4.364306864908937,4.390918254852295,241800,0.0,0.0
2022-09-13 00:00:00-04:00,4.337694980080438,4.337694980080438,4.19576644145413,4.222378253936768,340000,0.0,0.0
2022-09-14 00:00:00-04:00,4.213507723897665,4.213507723897665,4.098190568886215,4.160284519195557,196000,0.0,0.0
2022-09-15 00:00:00-04:00,4.115931645961254,4.178025596403974,4.080449509416967,4.133672714233398,530300,0.0,0.0
2022-09-16 00:00:00-04:00,4.080449307050989,4.169154644012451,4.071578984845048,4.169154644012451,105700,0.0,0.0
2022-09-19 00:00:00-04:00,4.062708502314579,4.2135077963885115,4.062708502314579,4.204637050628662,140200,0.0,0.0
2022-09-20 00:00:00-04:00,4.2046362933192025,4.2046362933192025,4.142542776105857,4.195765972137451,109200,0.0,0.0
2022-09-21 00:00:00-04:00,4.195766599296065,4.195766599296065,4.036096987334805,4.062708377838135,326400,0.0,0.0
2022-09-22 00:00:00-04:00,4.080448823810474,4.151413084975468,4.062707758519225,4.071578502655029,152000,0.0,0.0
2022-09-23 00:00:00-04:00,3.9651318841886996,3.9651318841886996,3.725627279411938,3.7344980239868164,326500,0.0,0.0
2022-09-26 00:00:00-04:00,3.6901451406371533,3.6901451406371533,3.6014398099449876,3.6103105545043945,440300,0.0,0.0
2022-09-27 00:00:00-04:00,3.699016261878325,3.814333415011418,3.699016261878325,3.752239465713501,288400,0.0,0.0
2022-09-28 00:00:00-04:00,3.690145083337537,3.8232032887998835,3.663533696033293,3.7877211570739746,377200,0.0,0.0
2022-09-29 00:00:00-04:00,3.7611090678921753,3.8409440698456603,3.7433680033447723,3.778850555419922,197600,0.0,0.0
2022-09-30 00:00:00-04:00,3.885297441680458,3.920779575332119,3.7433684840934163,3.8764266967773438,234800,0.0,0.0
2022-10-03 00:00:00-04:00,3.9385206030749487,4.062708069623416,3.832074203176262,3.991743803024292,617300,0.0,0.0
2022-10-04 00:00:00-04:00,4.115931510925293,4.178025459330827,4.053837985500177,4.115931510925293,234500,0.0,0.0
2022-10-05 00:00:00-04:00,4.0627080355059,4.284471578256051,4.053837713745697,4.231248378753662,272800,0.0,0.0
2022-10-06 00:00:00-04:00,4.240120254123677,4.266731649480613,4.098191261291504,4.098191261291504,386800,0.0,0.0
2022-10-07 00:00:00-04:00,4.071578821115784,4.071578821115784,3.9207795428551413,3.965131998062134,416100,0.0,0.0
2022-10-11 00:00:00-04:00,3.911909197730171,4.018356031660172,3.903038874974593,3.9207799434661865,344800,0.0,0.0
2022-10-12 00:00:00-04:00,3.8852974825995252,3.8852974825995252,3.74336852351772,3.7611095905303955,1373300,0.0,0.0
2022-10-13 00:00:00-04:00,3.690145381099837,3.8586857318878174,3.6369221792163287,3.8586857318878174,584300,0.0,0.0
2022-10-14 00:00:00-04:00,3.840944738021188,3.840944738021188,3.6546633163775373,3.6812751293182373,423400,0.0,0.0
2022-10-17 00:00:00-04:00,3.7611099232403564,3.8187685018771633,3.707886717494175,3.7699806690216064,333400,0.0,0.0
2022-10-18 00:00:00-04:00,3.7699801217143283,3.858685451746825,3.7699801217143283,3.8498151302337646,255700,0.0,0.0
2022-10-19 00:00:00-04:00,3.7965921335075907,3.814333200454712,3.725627442738704,3.814333200454712,344100,0.0,0.0
2022-10-20 00:00:00-04:00,3.636921595887392,3.920779050051707,3.610310210704065,3.867555856704712,903600,0.0,0.0
2022-10-21 00:00:00-04:00,3.8143331427818854,3.9917438095706452,3.761109519764863,3.965131998062134,723100,0.0,0.0
2022-10-24 00:00:00-04:00,3.9296499518276846,4.076013860918509,3.9207796297817823,4.000614643096924,368800,0.0,0.0
2022-10-25 00:00:00-04:00,3.8409447302932493,3.9562618811702386,3.778851205190575,3.929650068283081,366700,0.0,0.0
2022-10-26 00:00:00-04:00,3.903038503597305,4.049402410471419,3.8941677587053483,4.027225971221924,264400,0.0,0.0
2022-10-27 00:00:00-04:00,3.99174383761489,4.115931305239509,3.99174383761489,4.027225971221924,579600,0.0,0.0
2022-10-28 00:00:00-04:00,3.9119088357474414,3.9119088357474414,3.685710339155674,3.7256274223327637,987500,0.0,0.0
2022-10-31 00:00:00-04:00,3.707886169517823,3.707886169517823,3.5393460428962413,3.5748283863067627,1320600,0.0,0.0
2022-11-01 00:00:00-04:00,3.6635335667283755,3.7965917674944145,3.6635335667283755,3.743368148803711,249200,0.0,0.0
2022-11-02 00:00:00-04:00,3.7699802657037615,3.8409445324401457,3.681274932283281,3.690145254135132,402100,0.0,0.0
2022-11-03 00:00:00-04:00,3.6546631465360844,3.6724042133452732,3.5748285573849334,3.6280517578125,314900,0.0,0.0
2022-11-04 00:00:00-04:00,3.814333484849346,4.0538381179830205,3.814333484849346,4.036097049713135,1277600,0.0,0.0
2022-11-07 00:00:00-05:00,4.007085987511078,4.0524147543619256,3.943625195170354,4.03428316116333,449800,0.098,0.0
2022-11-08 00:00:00-05:00,4.034283331983665,4.143073328072922,3.9617569561183594,4.115875720977783,545200,0.0,0.0
2022-11-09 00:00:00-05:00,4.0705464403242955,4.161204840674569,4.016151659488906,4.043349266052246,379200,0.0,0.0
2022-11-10 00:00:00-05:00,4.124941104073822,4.2699938336494565,4.106809512876868,4.215599060058594,599600,0.0,0.0
2022-11-11 00:00:00-05:00,4.29719146913322,4.614494997839992,4.29719146913322,4.5782318115234375,1452800,0.0,0.0
2022-11-14 00:00:00-05:00,4.623560220458396,4.96352789008462,4.623560220458396,4.777678966522217,1452500,0.0,0.0
2022-11-15 00:00:00-05:00,4.895534843163679,4.986192807755525,4.841140064408572,4.940863609313965,861000,0.0,0.0
2022-11-16 00:00:00-05:00,4.8955346560960065,5.004324209449166,4.87740306387048,4.913666248321533,659100,0.0,0.0
2022-11-17 00:00:00-05:00,4.8864680274289505,4.958994387182142,4.79581007773746,4.895534038543701,446500,0.0,0.0
2022-11-18 00:00:00-05:00,4.913666436082049,5.067785192033823,4.913666436082049,4.940863609313965,573700,0.0,0.0
2022-11-21 00:00:00-05:00,4.868337068618349,4.877403080908411,4.646224955006943,4.795810699462891,744600,0.0,0.0
2022-11-22 00:00:00-05:00,4.850205179525592,4.968060738336777,4.841139600081549,4.8774027824401855,544300,0.0,0.0
2022-11-23 00:00:00-05:00,4.886468643837614,4.922731828288668,4.859271471644953,4.913666248321533,254500,0.0,0.0
2022-11-24 00:00:00-05:00,4.9408638075615405,4.9408638075615405,4.877403445946598,4.904600620269775,53900,0.0,0.0
2022-11-25 00:00:00-05:00,4.8774027824401855,4.886468361884228,4.818475003034592,4.8774027824401855,307300,0.0,0.0
2022-11-28 00:00:00-05:00,4.859272050179124,5.02245639963723,4.859272050179124,4.868337631225586,435700,0.0,0.0
2022-11-29 00:00:00-05:00,4.958995408015482,5.185640545045812,4.958995408015482,5.085916996002197,463100,0.0,0.0
2022-11-30 00:00:00-05:00,5.176574444499329,5.430416730398102,5.158442852649417,5.385087966918945,730400,0.0,0.0
2022-12-01 00:00:00-05:00,5.48481211185602,5.638930431313131,5.475746099498463,5.5301408767700195,841600,0.0,0.0
2022-12-02 00:00:00-05:00,5.448548354573671,5.7023906218384575,5.448548354573671,5.693325042724609,674100,0.0,0.0
2022-12-05 00:00:00-05:00,5.7114581044434924,5.738655281081905,5.5482733154477,5.575470924377441,315000,0.0,0.0
2022-12-06 00:00:00-05:00,5.602666987980522,5.7749173242057985,5.602666987980522,5.675193786621094,412100,0.0,0.0
2022-12-07 00:00:00-05:00,5.738654638296,5.974365781647359,5.711457464703939,5.865575790405273,765200,0.0,0.0
2022-12-08 00:00:00-05:00,5.929036336207621,5.929036336207621,5.802115189372916,5.892773151397705,460400,0.0,0.0
2022-12-09 00:00:00-05:00,5.98343131732837,6.228208039282536,5.8927733522141015,6.101286888122559,831900,0.0,0.0
2022-12-12 00:00:00-05:00,6.074089162308715,6.074089162308715,5.8383784576735245,5.965299606323242,627600,0.0,0.0
2022-12-13 00:00:00-05:00,6.065023514209831,6.12848430396973,5.693325652609209,5.7749176025390625,696300,0.0,0.0
2022-12-14 00:00:00-05:00,5.856509685516357,5.956233655103205,5.829312082068585,5.856509685516357,411300,0.0,0.0
2022-12-15 00:00:00-05:00,5.774917824612936,5.865575790405273,5.738654638296,5.865575790405273,427000,0.0,0.0
2022-12-16 00:00:00-05:00,5.774917939956159,5.802115546382723,5.638930772405922,5.756786346435547,417900,0.0,0.0
2022-12-19 00:00:00-05:00,5.765852078291856,5.820246856202285,5.666128102643771,5.720522880554199,588800,0.0,0.0
2022-12-20 00:00:00-05:00,5.711456725217466,5.820246270082828,5.711456725217466,5.7658514976501465,353900,0.0,0.0
2022-12-21 00:00:00-05:00,5.8837073141973635,5.9834312915388725,5.856510140925945,5.974365711212158,369600,0.0,0.0
2022-12-22 00:00:00-05:00,6.0287602926072505,6.110352242040683,5.983431095584363,6.010628700256348,574500,0.0,0.0
2022-12-23 00:00:00-05:00,6.001563152117073,6.074089527130127,5.965299964610545,6.074089527130127,129200,0.0,0.0
2022-12-28 00:00:00-05:00,6.028760758892615,6.173813508918724,6.028760758892615,6.074089527130127,467500,0.0,0.0
2022-12-29 00:00:00-05:00,6.092220923009962,6.1738133083952,6.087688348937333,6.110352516174316,255100,0.0,0.0
2022-12-30 00:00:00-05:00,6.092220540043585,6.155681328275225,5.997029573841751,6.119418144226074,304700,0.0,0.0
2023-01-03 00:00:00-05:00,6.074089397338162,6.282602937190796,6.074089397338162,6.237274169921875,460400,0.0,0.0
2023-01-04 00:00:00-05:00,6.327931861904977,6.4729846025313895,6.3188658494701935,6.44578742980957,819800,0.0,0.0
2023-01-05 00:00:00-05:00,6.436720989650723,6.482050184229958,6.373260635989281,6.45485258102417,746600,0.0,0.0
2023-01-06 00:00:00-05:00,6.563642650623628,6.672432639796875,6.477517692831548,6.518313884735107,1349000,0.0,0.0
2023-01-09 00:00:00-05:00,6.4911163360626425,6.554577127610367,6.436721557146569,6.463919162750244,589900,0.0,0.0
2023-01-10 00:00:00-05:00,6.472984790802002,6.545511163224681,6.432188598241425,6.472984790802002,481100,0.0,0.0
2023-01-11 00:00:00-05:00,6.373261059496365,6.491116195109692,6.373261059496365,6.44578742980957,824400,0.0,0.0
2023-01-12 00:00:00-05:00,6.373260997749032,6.590840106580637,6.373260997749032,6.563642501831055,784200,0.0,0.0
2023-01-13 00:00:00-05:00,6.491116452361486,6.5273796389552485,6.346063705986435,6.355129718780518,411200,0.0,0.0
2023-01-16 00:00:00-05:00,6.273537759005645,6.32793254259172,6.155682178423493,6.164748191833496,272100,0.0,0.0
2023-01-17 00:00:00-05:00,6.137550156515845,6.246339716112598,6.010629003652965,6.173813343048096,688400,0.0,0.0
2023-01-18 00:00:00-05:00,6.309800185556859,6.482050528909537,6.300734173242437,6.373260974884033,885300,0.0,0.0
2023-01-19 00:00:00-05:00,6.364195241787055,6.4412546206754415,6.323399049164818,6.409524440765381,587300,0.0,0.0
2023-01-20 00:00:00-05:00,6.482050734444465,6.627103477744515,6.445787548619452,6.581774711608887,1045800,0.0,0.0
2023-01-23 00:00:00-05:00,6.5908403396606445,6.608971932704488,6.482050781397583,6.5908403396606445,844600,0.0,0.0
2023-01-24 00:00:00-05:00,6.5183135296485455,6.726827051792481,6.5183135296485455,6.717761039733887,604900,0.0,0.0
2023-01-25 00:00:00-05:00,6.681498398349881,6.853748750821708,6.681498398349881,6.8446831703186035,784300,0.0,0.0
2023-01-26 00:00:00-05:00,6.853748469675928,6.890011654783372,6.71776130937738,6.808419704437256,483000,0.0,0.0
2023-01-27 00:00:00-05:00,6.64523520080809,6.672432806855168,6.327932102479014,6.418590068817139,1469300,0.0,0.0
2023-01-30 00:00:00-05:00,6.21007682216856,6.255406023615204,5.9381029103626055,6.146616458892822,829700,0.0,0.0
2023-01-31 00:00:00-05:00,6.119418791984674,6.2010111808776855,6.0650240101531,6.2010111808776855,711300,0.0,0.0
2023-02-01 00:00:00-05:00,6.19194532221588,6.4004588739171915,6.182879741163463,6.34606409072876,788400,0.0,0.0
2023-02-02 00:00:00-05:00,6.291668246930169,6.291668246930169,6.001562353204795,6.028759956359863,858100,0.0,0.0
2023-02-03 00:00:00-05:00,6.019694617240687,6.309800543385176,6.010629036703417,6.237274169921875,889000,0.0,0.0
2023-02-06 00:00:00-05:00,6.055958071735778,6.110352854238312,6.019694883400755,6.092221260070801,347300,0.0,0.0
2023-02-07 00:00:00-05:00,6.101286692285007,6.187411648306327,6.07408908747807,6.137549877166748,274800,0.0,0.0
2023-02-08 00:00:00-05:00,6.137550017252709,6.205543382385066,6.092220818970288,6.155681610107422,459600,0.0,0.0
2023-02-09 00:00:00-05:00,6.119419126357439,6.2191431146433525,6.110353112744482,6.18287992477417,460600,0.0,0.0
2023-02-10 00:00:00-05:00,5.983430826259737,6.015161435664013,5.838378093981589,5.856509685516357,672100,0.0,0.0
2023-02-13 00:00:00-05:00,6.010629085106152,6.092221039763771,5.960766878730135,6.00156307220459,463500,0.0,0.0
2023-02-14 00:00:00-05:00,6.065024205780036,6.164748191833496,5.974366233136578,6.164748191833496,342200,0.0,0.0
2023-02-15 00:00:00-05:00,6.065024205780036,6.187412360775876,6.055958192370034,6.164748191833496,346600,0.0,0.0
2023-02-16 00:00:00-05:00,6.155681589656343,6.327931937349488,6.155681589656343,6.2735371589660645,417800,0.0,0.0
2023-02-17 00:00:00-05:00,6.237274721804042,6.327932696654703,6.237274721804042,6.30980110168457,240900,0.0,0.0
2023-02-21 00:00:00-05:00,6.436721614319353,6.554577185829977,6.373261254499232,6.409524440765381,543000,0.0,0.0
2023-02-22 00:00:00-05:00,6.37326130126676,6.37326130126676,6.101286969983593,6.173813343048096,398900,0.0,0.0
2023-02-23 00:00:00-05:00,6.273537346101147,6.355129732255762,6.237274159430493,6.300734519958496,268700,0.0,0.0
2023-02-24 00:00:00-05:00,6.23727399409927,6.255405586953983,6.137550017252709,6.155681610107422,356600,0.0,0.0
2023-02-27 00:00:00-05:00,6.028760396793736,6.028760396793736,5.8247798712481575,5.965299606323242,341000,0.0,0.0
2023-02-28 00:00:00-05:00,6.019694310155458,6.19194465448936,6.019694310155458,6.137549877166748,269500,0.0,0.0
2023-03-01 00:00:00-05:00,6.264471035708973,6.436721380357877,6.264471035708973,6.382326602935791,520800,0.0,0.0
2023-03-02 00:00:00-05:00,6.391392227362727,6.491115763771062,6.350596038699663,6.45485258102417,440100,0.0,0.0
2023-03-03 00:00:00-05:00,6.500182217081487,6.690564155578613,6.500182217081487,6.690564155578613,750000,0.0,0.0
2023-03-06 00:00:00-05:00,6.636169490346405,6.645235070657021,6.5455110934926,6.581774711608887,431900,0.0,0.0
2023-03-07 00:00:00-05:00,6.572708635189283,6.5908402279257405,6.3823266953108435,6.391392707824707,242700,0.0,0.0
2023-03-08 00:00:00-05:00,6.391392755586126,6.500182312817831,6.373261162714176,6.400458335876465,950700,0.0,0.0
2023-03-09 00:00:00-05:00,6.4729855975489485,6.509248788279875,6.327932834625244,6.327932834625244,322800,0.0,0.0
2023-03-10 00:00:00-05:00,6.264471950046988,6.273537963752874,6.123952195936363,6.128485202789307,315800,0.0,0.0
2023-03-13 00:00:00-04:00,6.128484297091944,6.228207839371101,6.019694310155458,6.137549877166748,549300,0.0,0.0
2023-03-14 00:00:00-04:00,6.210076332092285,6.2463395174713225,6.1148853623994945,6.210076332092285,310700,0.0,0.0
2023-03-15 00:00:00-04:00,6.155681784467459,6.155681784467459,5.929036651218168,5.992497444152832,476800,0.0,0.0
2023-03-16 00:00:00-04:00,5.983431695065732,6.092221260070801,5.901839737457583,6.092221260070801,311200,0.0,0.0
2023-03-17 00:00:00-04:00,6.010629362707722,6.083155740104707,5.97436617400923,6.0378265380859375,339400,0.0,0.0
2023-03-20 00:00:00-04:00,6.037826200852918,6.128484599826878,5.992497433657222,6.055957794189453,154500,0.0,0.0
2023-03-21 00:00:00-04:00,6.119417913058031,6.1556810957372985,5.987963767772879,6.028759956359863,228300,0.0,0.0
2023-03-22 00:00:00-04:00,6.028760859997708,6.028760859997708,5.83837890625,5.83837890625,372900,0.0,0.0
2023-03-23 00:00:00-04:00,5.847444108426769,5.847444108426769,5.5392070294148015,5.548272609710693,398500,0.0,0.0
2023-03-24 00:00:00-04:00,5.512009912098813,5.512009912098813,5.394154331775789,5.4848127365112305,384800,0.0,0.0
2023-03-27 00:00:00-04:00,5.466681361807538,5.475746943270773,5.303496572556032,5.3941545486450195,243900,0.0,0.0
2023-03-28 00:00:00-04:00,5.439482997489746,5.4485490099853715,5.267232650694285,5.294430255889893,482900,0.0,0.0
2023-03-29 00:00:00-04:00,5.548272213218526,5.720522549443802,5.548272213218526,5.675193786621094,461700,0.0,0.0
2023-03-30 00:00:00-04:00,5.7386540363041005,5.78398323059082,5.711456865565055,5.78398323059082,150000,0.0,0.0
2023-03-31 00:00:00-04:00,5.793049314758427,5.933569483456258,5.783983734486039,5.910904884338379,205700,0.0,0.0
2023-04-03 00:00:00-04:00,5.947168317053895,5.947168317053895,5.774917961810574,5.883707523345947,311900,0.0,0.0
2023-04-04 00:00:00-04:00,5.811180309860419,5.8882396795601695,5.706923769849715,5.711456775665283,262400,0.0,0.0
2023-04-05 00:00:00-04:00,5.675193992267891,5.675193992267891,5.584535598754883,5.584535598754883,223000,0.0,0.0
2023-04-06 00:00:00-04:00,5.566404285180028,5.629865077357905,5.484812332141366,5.6207990646362305,237300,0.0,0.0
2023-04-10 00:00:00-04:00,5.593602519566827,5.6162671216263895,5.51201012506893,5.575470924377441,191700,0.0,0.0
2023-04-11 00:00:00-04:00,5.629865213096741,5.938102736404925,5.611733619507512,5.883707523345947,674300,0.0,0.0
2023-04-12 00:00:00-04:00,5.92903658260555,5.9924973748058274,5.829312604088338,5.865575790405273,756200,0.0,0.0
2023-04-13 00:00:00-04:00,5.856509503433647,5.8837066737446015,5.7023907640341465,5.711456775665283,468300,0.0,0.0
2023-04-14 00:00:00-04:00,5.729588912884568,5.756786085788449,5.575470158791675,5.602667331695557,328300,0.0,0.0
2023-04-17 00:00:00-04:00,5.611733148782907,5.66612792498784,5.5845355445348135,5.638930320739746,144200,0.0,0.0
2023-04-18 00:00:00-04:00,5.666127809641841,5.811180543235474,5.666127809641841,5.802114963531494,173600,0.0,0.0
2023-04-19 00:00:00-04:00,5.74772037536948,5.829312324523926,5.729588783080574,5.829312324523926,237400,0.0,0.0
2023-04-20 00:00:00-04:00,5.783983870600721,5.833845644000435,5.68425989151001,5.68425989151001,180000,0.0,0.0
2023-04-21 00:00:00-04:00,5.647997165136528,5.661595753118663,5.557339191436768,5.557339191436768,359200,0.0,0.0
2023-04-24 00:00:00-04:00,5.539207144821111,5.539207144821111,5.439483165740967,5.439483165740967,320800,0.0,0.0
2023-04-25 00:00:00-04:00,5.430416690342185,5.4394827023458925,5.321627140045166,5.321627140045166,484200,0.0,0.0
2023-04-26 00:00:00-04:00,5.376022489760592,5.376022489760592,5.308029121630918,5.33069372177124,404100,0.0,0.0
2023-04-27 00:00:00-04:00,5.330693152048874,5.339758731761336,5.2037715777444395,5.321627140045166,582700,0.0,0.0
2023-04-28 00:00:00-04:00,5.285364151000977,5.348824940487192,5.221903793806024,5.285364151000977,503100,0.0,0.0
2023-05-01 00:00:00-04:00,5.3125618117458,5.3306934043200345,5.212837836441879,5.230969429016113,247900,0.0,0.0
2023-05-02 00:00:00-04:00,5.240035546184202,5.240035546184202,5.131245556273089,5.185640335083008,393900,0.0,0.0
2023-05-03 00:00:00-04:00,5.185640146360102,5.217370757062894,5.149376961806562,5.158442974090576,187300,0.0,0.0
2023-05-04 00:00:00-04:00,5.167508951375038,5.167508951375038,5.067785402331422,5.085916996002197,251000,0.0,0.0
2023-05-05 00:00:00-04:00,5.122179631167298,5.330693152048874,5.122179631167298,5.321627140045166,497700,0.0,0.0
2023-05-08 00:00:00-04:00,5.3488254262324,5.466681003570557,5.3488254262324,5.466681003570557,200100,0.0,0.0
2023-05-09 00:00:00-04:00,5.439482969571316,5.566404117819759,5.403219784357475,5.475746154785156,250200,0.0,0.0
2023-05-10 00:00:00-04:00,5.5210762879521145,5.5210762879521145,5.221904743099972,5.412286281585693,604400,0.0,0.0
2023-05-11 00:00:00-04:00,5.240035212088835,5.240035212088835,5.0496532822468945,5.140311241149902,512200,0.0,0.0
2023-05-12 00:00:00-04:00,5.149377765056498,5.149377765056498,5.013391017913818,5.013391017913818,384200,0.0,0.0
2023-05-15 00:00:00-04:00,5.076850867644628,5.235502632876855,5.076850867644628,5.194706439971924,275000,0.0,0.0
2023-05-16 00:00:00-04:00,5.20377193726052,5.20377193726052,5.094982379447492,5.122179985046387,300500,0.0,0.0
2023-05-17 00:00:00-04:00,5.185640267398733,5.294430255889893,5.149377081998769,5.294430255889893,227200,0.0,0.0
2023-05-18 00:00:00-04:00,5.249101301356849,5.267232894897461,5.1765749271944035,5.267232894897461,202000,0.0,0.0
2023-05-19 00:00:00-04:00,5.258167197351468,5.258167197351468,5.122180032675066,5.1312456130981445,292600,0.0,0.0
2023-05-23 00:00:00-04:00,5.122180007139158,5.122180007139158,4.986192843140701,5.004324436187744,146300,0.0,0.0
2023-05-24 00:00:00-04:00,4.958994726601501,4.958994726601501,4.813941997166955,4.8774027824401855,193400,0.0,0.0
2023-05-25 00:00:00-04:00,4.877403223414392,4.877403223414392,4.759547653947687,4.8139424324035645,171500,0.0,0.0
2023-05-26 00:00:00-04:00,4.850205644722119,4.968061214837156,4.850205644722119,4.940863609313965,126800,0.0,0.0
2023-05-29 00:00:00-04:00,4.977126795150703,4.977126795150703,4.922732016395596,4.940863609313965,28300,0.0,0.0
2023-05-30 00:00:00-04:00,4.968061554753447,5.022456337230262,4.895535178117694,4.922732353210449,185300,0.0,0.0
2023-05-31 00:00:00-04:00,4.913666440119588,4.913666440119588,4.578231754708497,4.632626533508301,767000,0.0,0.0
2023-06-01 00:00:00-04:00,4.705152723830077,4.705152723830077,4.532902381459659,4.551033973693848,786500,0.0,0.0
2023-06-02 00:00:00-04:00,4.7686135041870275,5.017922788884247,4.7686135041870275,4.977126598358154,551700,0.0,0.0
2023-06-05 00:00:00-04:00,4.9499300525953025,5.017923423882239,4.931798458099365,4.931798458099365,468800,0.0,0.0
2023-06-06 00:00:00-04:00,4.931798016931358,5.013390401009984,4.931798016931358,4.995258808135986,351900,0.0,0.0
2023-06-07 00:00:00-04:00,4.93179784054706,4.940863420514194,4.841139879419427,4.913666248321533,486500,0.0,0.0
2023-06-08 00:00:00-04:00,4.931797824126191,5.067784981510488,4.922731811897985,5.031521797180176,509700,0.0,0.0
2023-06-09 00:00:00-04:00,5.058719193509816,5.185640344291682,5.058719193509816,5.122179985046387,283500,0.0,0.0
2023-06-12 00:00:00-04:00,5.0496535778971525,5.113113936699151,5.0224559724882445,5.058719158172607,255800,0.0,0.0
2023-06-13 00:00:00-04:00,5.143677711486816,5.226788898548414,5.11597368890595,5.143677711486816,572900,0.102,0.0
2023-06-14 00:00:00-04:00,5.245258124875081,5.448419783850882,5.217554542504154,5.4114813804626465,438200,0.0,0.0
2023-06-15 00:00:00-04:00,5.383777357751218,5.457654164527691,5.360690745548444,5.4114813804626465,267200,0.0,0.0
2023-06-16 00:00:00-04:00,5.402245938915604,5.448419158017457,5.328369140625,5.328369140625,200600,0.0,0.0
2023-06-19 00:00:00-04:00,5.393012609045237,5.393012609045237,5.2914317714528,5.337604999542236,37300,0.0,0.0
2023-06-20 00:00:00-04:00,5.272962486558479,5.272962486558479,5.208320056303282,5.26372766494751,121900,0.0,0.0
2023-06-21 00:00:00-04:00,5.236023633585876,5.236023633585876,5.102121814047105,5.1344428062438965,179400,0.0,0.0
2023-06-22 00:00:00-04:00,5.069800052468717,5.069800052468717,4.9128120717442405,4.958984851837158,181800,0.0,0.0
2023-06-23 00:00:00-04:00,4.894343422101563,4.922047005205018,4.838935375213623,4.838935375213623,128700,0.0,0.0
2023-06-26 00:00:00-04:00,4.857404808947184,4.968220017278782,4.857404808947184,4.940515995025635,130800,0.0,0.0
2023-06-27 00:00:00-04:00,4.986689483678318,4.995923864693119,4.940516257582757,4.977454662322998,61500,0.0,0.0
2023-06-28 00:00:00-04:00,4.968219700161414,4.968219700161414,4.875873699112784,4.89434289932251,147400,0.0,0.0
2023-06-29 00:00:00-04:00,4.903577544635726,4.9543677378760895,4.885108343426459,4.931281566619873,86000,0.0,0.0
2023-06-30 00:00:00-04:00,5.014393151621965,5.014393151621965,4.912812757043589,4.922047138214111,82800,0.0,0.0
2023-07-04 00:00:00-04:00,4.995923817037899,4.995923817037899,4.912812627335398,4.968220233917236,18700,0.0,0.0
2023-07-05 00:00:00-04:00,4.875873331864021,4.885107711103121,4.78352689743042,4.78352689743042,229400,0.0,0.0
2023-07-06 00:00:00-04:00,4.746588860075495,4.746588860075495,4.617304458531932,4.635773658752441,204900,0.0,0.0
2023-07-07 00:00:00-04:00,4.626539838378217,4.709651029252318,4.617305016980805,4.6450090408325195,171000,0.0,0.0
2023-07-10 00:00:00-04:00,4.645009088087447,4.681947493371836,4.571131837178143,4.654243469238281,161400,0.0,0.0
2023-07-11 00:00:00-04:00,4.6634780771740925,4.718885682563386,4.6634780771740925,4.691181659698486,229300,0.0,0.0
2023-07-12 00:00:00-04:00,4.783527721635384,4.838935327638051,4.783527721635384,4.829700946807861,416900,0.0,0.0
2023-07-13 00:00:00-04:00,4.894342765378104,4.903577145060014,4.8481695459471865,4.875873565673828,229400,0.0,0.0
2023-07-14 00:00:00-04:00,4.894343899580726,4.977455097339714,4.866639873434025,4.903578281402588,237300,0.0,0.0
2023-07-17 00:00:00-04:00,4.894342765378104,4.958984744172842,4.765057927107718,4.875873565673828,304600,0.0,0.0
2023-07-18 00:00:00-04:00,4.87587383154844,4.9312814336825666,4.87587383154844,4.912812232971191,180600,0.0,0.0
2023-07-19 00:00:00-04:00,4.912812709385218,4.912812709385218,4.848170280456543,4.848170280456543,154800,0.0,0.0
2023-07-20 00:00:00-04:00,4.922047005205018,4.922047005205018,4.8019969708486725,4.838935375213623,80000,0.0,0.0
2023-07-21 00:00:00-04:00,4.820465989728032,4.820465989728032,4.700416400277209,4.746589183807373,175700,0.0,0.0
2023-07-24 00:00:00-04:00,4.718885469846993,4.769675662412547,4.635773845339281,4.728119850158691,170100,0.0,0.0
2023-07-25 00:00:00-04:00,4.894343725691215,5.300666198909312,4.885108903856897,5.079035758972168,738500,0.0,0.0
2023-07-26 00:00:00-04:00,5.088270023154265,5.16214682837007,5.06980038150982,5.1344428062438965,215900,0.0,0.0
2023-07-27 00:00:00-04:00,5.032862269433361,5.051331471803481,4.903577852842515,4.977454662322998,450100,0.0,0.0
2023-07-28 00:00:00-04:00,4.866639035211659,5.115973466224761,4.7927622319989585,5.051331043243408,440200,0.0,0.0
2023-07-31 00:00:00-04:00,4.977454920497373,5.097504962300263,4.940516513841183,5.079035758972168,502700,0.0,0.0
2023-08-01 00:00:00-04:00,4.986689433013938,4.986689433013938,4.825083583661895,4.838935375213623,519600,0.0,0.0
2023-08-02 00:00:00-04:00,4.80199668561446,4.80199668561446,4.60806985404729,4.663477897644043,686400,0.0,0.0
2023-08-03 00:00:00-04:00,4.691182177270113,4.700416999357446,4.543428546597213,4.626540184020996,377200,0.0,0.0
2023-08-04 00:00:00-04:00,4.654243256105625,4.7327374738255825,4.626539673581231,4.691181659698486,538400,0.0,0.0
2023-08-08 00:00:00-04:00,4.589600908350936,4.589600908350936,4.464933904172348,4.571131706237793,664100,0.0,0.0
2023-08-09 00:00:00-04:00,4.589600992536411,4.608070194988328,4.552662587632576,4.580366611480713,332200,0.0,0.0
2023-08-10 00:00:00-04:00,4.6542428589729505,4.6542428589729505,4.571131237810426,4.635773658752441,146000,0.0,0.0
2023-08-11 00:00:00-04:00,4.598835813321754,4.598835813321754,4.478785777229978,4.515724182128906,256400,0.0,0.0
2023-08-14 00:00:00-04:00,4.4787855958268885,4.4787855958268885,4.367970385618424,4.423377990722656,409500,0.0,0.0
2023-08-15 00:00:00-04:00,4.395674009988336,4.395674009988336,4.303327569509561,4.367969989776611,519800,0.0,0.0
2023-08-16 00:00:00-04:00,4.284858918741882,4.340266525927364,4.220216930529081,4.312562942504883,1032000,0.0,0.0
2023-08-17 00:00:00-04:00,4.340266441332327,4.404908868625719,4.303328037261963,4.303328037261963,411700,0.0,0.0
2023-08-18 00:00:00-04:00,4.321797161194645,4.441847192424067,4.321797161194645,4.423377990722656,316500,0.0,0.0
2023-08-21 00:00:00-04:00,4.451082229614258,4.488020634811013,4.386439800349674,4.451082229614258,167000,0.0,0.0
2023-08-22 00:00:00-04:00,4.497254848480225,4.552662454212201,4.478785646569566,4.497254848480225,252000,0.0,0.0
2023-08-23 00:00:00-04:00,4.6634779502269295,4.797379769691163,4.654243129409848,4.737354755401611,517400,0.0,0.0
2023-08-24 00:00:00-04:00,4.718885279914965,4.718885279914965,4.621921868672176,4.635773658752441,147400,0.0,0.0
2023-08-25 00:00:00-04:00,4.635773875845667,4.728119881272774,4.635773875845667,4.663477897644043,126800,0.0,0.0
2023-08-28 00:00:00-04:00,4.691182089704293,4.691182089704293,4.6542436827255615,4.681947708129883,113600,0.0,0.0
2023-08-29 00:00:00-04:00,4.663478547590137,4.755824565887451,4.663478547590137,4.755824565887451,231100,0.0,0.0
2023-08-30 00:00:00-04:00,4.8019969708486725,4.894343422101563,4.8019969708486725,4.838935375213623,178100,0.0,0.0
2023-08-31 00:00:00-04:00,4.8481695459471865,4.954367334161659,4.843552135936004,4.875873565673828,185800,0.0,0.0
2023-09-01 00:00:00-04:00,4.968220541447679,5.051331736294723,4.968220541447679,5.014393329620361,204100,0.0,0.0
2023-09-05 00:00:00-04:00,4.958985280950025,5.0143928860603575,4.940516079246581,4.949750900268555,154700,0.0,0.0
2023-09-06 00:00:00-04:00,4.894343240059286,4.949750844545857,4.774293210168132,4.81123161315918,600100,0.0,0.0
2023-09-07 00:00:00-04:00,4.74658891739711,4.74658891739711,4.672712115622909,4.70965051651001,125700,0.0,0.0
2023-09-08 00:00:00-04:00,4.700416136458471,4.70965051651001,4.626539334684271,4.70965051651001,345300,0.0,0.0
2023-09-11 00:00:00-04:00,4.765057927107718,4.875873565673828,4.765057927107718,4.875873565673828,197700,0.0,0.0
2023-09-12 00:00:00-04:00,4.866639189471236,4.986689218667382,4.866639189471236,4.940515995025635,216800,0.0,0.0
2023-09-13 00:00:00-04:00,4.922047090466159,4.922047090466159,4.8389354590350795,4.848170280456543,238000,0.0,0.0
2023-09-14 00:00:00-04:00,5.03286177942427,5.240640836284008,5.03286177942427,5.236023426055908,796200,0.0,0.0
2023-09-15 00:00:00-04:00,5.2914314762109,5.411481510272666,5.2914314762109,5.3653082847595215,341000,0.0,0.0
2023-09-18 00:00:00-04:00,5.3653078300593755,5.3653078300593755,5.18985020445586,5.236023426055908,120600,0.0,0.0
2023-09-19 00:00:00-04:00,5.189850148688299,5.2175541694187295,5.13444254756791,5.16214656829834,577700,0.0,0.0
2023-09-20 00:00:00-04:00,5.18985049533426,5.245258100155492,5.143677711486816,5.143677711486816,37900,0.0,0.0
2023-09-21 00:00:00-04:00,5.0790347624208625,5.088269582443227,4.871256155662645,4.875873565673828,268200,0.0,0.0
2023-09-22 00:00:00-04:00,4.940516257582757,5.042097090788681,4.940516257582757,4.977454662322998,105800,0.0,0.0
2023-09-25 00:00:00-04:00,4.940516079246581,4.949750900268555,4.885108474136249,4.949750900268555,192000,0.0,0.0
2023-09-26 00:00:00-04:00,4.857405101878006,4.922047090466159,4.848170280456543,4.848170280456543,146300,0.0,0.0
2023-09-27 00:00:00-04:00,4.885108284441816,4.885108284441816,4.746589056874596,4.792762279510498,172200,0.0,0.0
2023-09-28 00:00:00-04:00,4.811231922124687,4.958985543577253,4.811231922124687,4.922047138214111,143300,0.0,0.0
2023-09-29 00:00:00-04:00,4.99592412628318,5.111356757225697,4.99592412628318,5.014393329620361,105100,0.0,0.0
2023-10-02 00:00:00-04:00,4.995923416002142,4.995923416002142,4.885108211733888,4.912812232971191,166100,0.0,0.0
2023-10-03 00:00:00-04:00,4.885108685461351,4.903577887963755,4.778910881157658,4.848170280456543,167400,0.0,0.0
2023-10-04 00:00:00-04:00,4.857405101878006,4.8989604772530235,4.801997054030272,4.848170280456543,94000,0.0,0.0
2023-10-05 00:00:00-04:00,4.801996788247868,4.801996788247868,4.718885601757374,4.746589183807373,172900,0.0,0.0
2023-10-06 00:00:00-04:00,4.746589743887445,4.801997354865834,4.70965133656852,4.755824565887451,512800,0.0,0.0
2023-10-10 00:00:00-04:00,4.875873699112784,4.986688900371139,4.848169678627961,4.89434289932251,316300,0.0,0.0
2023-10-11 00:00:00-04:00,4.912812674197835,5.042097090788681,4.912812674197835,4.977454662322998,179400,0.0,0.0
2023-10-12 00:00:00-04:00,5.00515807227054,5.06056567258632,4.9312812718495005,4.958984851837158,162400,0.0,0.0
2023-10-13 00:00:00-04:00,4.977454344410979,5.0051583663669525,4.866639137268066,4.866639137268066,77800,0.0,0.0
2023-10-16 00:00:00-04:00,4.894342618148143,5.014392192444419,4.866638599254885,4.986688613891602,208500,0.0,0.0
2023-10-17 00:00:00-04:00,4.968220199372791,5.042097007634904,4.940516176104242,5.032862186431885,128700,0.0,0.0
2023-10-18 00:00:00-04:00,4.986689483678318,5.051331471803481,4.968220281308197,4.977454662322998,237000,0.0,0.0
2023-10-19 00:00:00-04:00,5.005158816766067,5.0975048310284325,5.005158816766067,5.060566425323486,143000,0.0,0.0
2023-10-20 00:00:00-04:00,5.023627163308035,5.023627163308035,4.8481695459471865,4.875873565673828,348700,0.0,0.0
2023-10-23 00:00:00-04:00,4.8758742229475045,4.995923817037899,4.8481701994863275,4.968220233917236,278000,0.0,0.0
2023-10-24 00:00:00-04:00,4.977454397802834,4.986689218667382,4.866639189471236,4.940515995025635,271200,0.0,0.0
2023-10-25 00:00:00-04:00,4.949750499951688,5.088269721694865,4.834317888555784,4.89434289932251,564800,0.0,0.0
2023-10-26 00:00:00-04:00,5.125208817219903,5.346839249795204,5.125208817219903,5.319135665893555,942100,0.0,0.0
2023-10-27 00:00:00-04:00,5.513062083973684,5.688519730242933,5.439185272984637,5.522296905517578,793700,0.0,0.0
2023-10-30 00:00:00-04:00,5.623877239716011,5.790100049631081,5.623877239716011,5.780865669250488,929800,0.0,0.0
2023-10-31 00:00:00-04:00,5.7808658489614375,5.914767671196333,5.7808658489614375,5.808569431304932,621700,0.0,0.0
2023-11-01 00:00:00-04:00,5.928619566175782,6.030200397341739,5.873211960178127,6.020965576171875,790700,0.0,0.0
2023-11-02 00:00:00-04:00,6.205657485484419,6.325707516508469,6.168719082144789,6.270299911499023,1146800,0.0,0.0
2023-11-03 00:00:00-04:00,6.371881185933053,6.436523176122438,6.298004374093452,6.399584770202637,1008300,0.0,0.0
2023-11-06 00:00:00-05:00,6.351805926759954,6.43612162825698,6.314331735656278,6.342437267303467,460500,0.099,0.0
2023-11-07 00:00:00-05:00,6.389279596851951,6.4642270847433325,6.230015961721634,6.239384174346924,964300,0.0,0.0
2023-11-08 00:00:00-05:00,6.3049629049912825,6.361173516054354,6.24875229392821,6.276857376098633,547600,0.0,0.0
2023-11-09 00:00:00-05:00,6.32369977534564,6.408015915301361,6.276857376098633,6.276857376098633,517100,0.0,0.0
2023-11-10 00:00:00-05:00,6.276857958814637,6.365858436301918,6.276857958814637,6.3611741065979,352300,0.0,0.0
2023-11-13 00:00:00-05:00,6.286227055740088,6.384595752759537,6.286227055740088,6.379911422729492,390100,0.0,0.0
2023-11-14 00:00:00-05:00,6.445490466663499,6.5579117029289336,6.436121806946905,6.511069297790527,801900,0.0,0.0
2023-11-15 00:00:00-05:00,6.595385272110214,6.632859016530659,6.464227166638654,6.482964038848877,630000,0.0,0.0
2023-11-16 00:00:00-05:00,6.482964038848877,6.506385240792223,6.393963560808616,6.482964038848877,267900,0.0,0.0
2023-11-17 00:00:00-05:00,6.529805660247803,6.56727984946358,6.520437447985544,6.529805660247803,512900,0.0,0.0
2023-11-20 00:00:00-05:00,6.5204374161703464,6.656279843727135,6.5204374161703464,6.548542499542236,446500,0.0,0.0
2023-11-21 00:00:00-05:00,6.56727984946358,6.604753591957109,6.515753118493291,6.529805660247803,408000,0.0,0.0
2023-11-22 00:00:00-05:00,6.548543002774021,6.548543002774021,6.403332351841772,6.408016681671143,292800,0.0,0.0
2023-11-23 00:00:00-05:00,6.389279809075941,6.431437437373435,6.370542936480738,6.408016681671143,48800,0.0,0.0
2023-11-24 00:00:00-05:00,6.41738435353857,6.501700496469172,6.41738435353857,6.445489883422852,211500,0.0,0.0
2023-11-27 00:00:00-05:00,6.417384722879319,6.4595427967709504,6.3611741065979,6.3611741065979,166700,0.0,0.0
2023-11-28 00:00:00-05:00,6.417384730263035,6.511069090839859,6.417384730263035,6.5017008781433105,298000,0.0,0.0
2023-11-29 00:00:00-05:00,6.436121385264412,6.445490044367189,6.351805686950684,6.351805686950684,469100,0.0,0.0
2023-11-30 00:00:00-05:00,6.35180548084598,6.3799105637978455,6.29559442149777,6.323699951171875,203200,0.0,0.0
2023-12-01 00:00:00-05:00,6.408016556400632,6.6422276826232025,6.3986478969250395,6.623490810394287,942500,0.0,0.0
2023-12-04 00:00:00-05:00,6.511069223845958,6.557911628452386,6.389279775969345,6.426753520965576,276400,0.0,0.0
2023-12-05 00:00:00-05:00,6.389279429917286,6.492331999714316,6.351805686950684,6.351805686950684,398800,0.0,0.0
2023-12-06 00:00:00-05:00,6.454858335487498,6.501700738128286,6.408016379568968,6.436121463775635,313000,0.0,0.0
2023-12-07 00:00:00-05:00,6.464227576381107,6.501701323176868,6.370543209391702,6.379911422729492,319700,0.0,0.0
2023-12-08 00:00:00-05:00,6.408016347386787,6.5017007054756055,6.408016347386787,6.454858303070068,378700,0.0,0.0
2023-12-11 00:00:00-05:00,6.398647720351907,6.436121463775635,6.389279507857105,6.436121463775635,173300,0.0,0.0
2023-12-12 00:00:00-05:00,6.454858400891918,6.464227060203907,6.361174041383334,6.398647785186768,193200,0.0,0.0
2023-12-13 00:00:00-05:00,6.473595412346122,6.48764840161705,6.398647923123598,6.464227199554443,1127400,0.0,0.0
2023-12-14 00:00:00-05:00,6.46422659765108,6.5391740798950195,6.454857939009471,6.5391740798950195,624500,0.0,0.0
2023-12-15 00:00:00-05:00,6.50170077097164,6.50170077097164,6.361174009061663,6.417384624481201,347700,0.0,0.0
2023-12-18 00:00:00-05:00,6.4267532931883125,6.557911396026611,6.4267532931883125,6.557911396026611,608200,0.0,0.0
2023-12-19 00:00:00-05:00,6.604753808269935,6.726543252001517,6.604753808269935,6.6984381675720215,353300,0.0,0.0
2023-12-20 00:00:00-05:00,6.660964514485045,6.6984382587157745,6.482964006027946,6.5017008781433105,283100,0.0,0.0
2023-12-21 00:00:00-05:00,6.5860168299347865,6.6609643161647965,6.581332500364847,6.614121913909912,246200,0.0,0.0
2023-12-22 00:00:00-05:00,6.604753701492289,6.6609643161647965,6.604753701492289,6.614121913909912,60000,0.0,0.0
2023-12-27 00:00:00-05:00,6.773386069641712,6.909228510625803,6.773386069641712,6.876439094543457,368400,0.0,0.0
2023-12-28 00:00:00-05:00,6.932649277613977,7.0638073804179236,6.932649277613977,6.979491233825684,682000,0.0,0.0
2023-12-29 00:00:00-05:00,6.979491470716379,7.0263338752402245,6.899859651059208,6.988860130310059,301200,0.0,0.0
2024-01-02 00:00:00-05:00,7.026333782525951,7.223071164174459,7.026333782525951,7.1855974197387695,665700,0.0,0.0
2024-01-03 00:00:00-05:00,7.063807248034889,7.105965320540924,6.998227974500808,7.07317590713501,264000,0.0,0.0
2024-01-04 00:00:00-05:00,7.148123610139491,7.27459738477642,7.148123610139491,7.223071098327637,569800,0.0,0.0
2024-01-05 00:00:00-05:00,7.110649507186304,7.110649507186304,6.942017220551218,7.007596492767334,702100,0.0,0.0
2024-01-08 00:00:00-05:00,6.9232805087002465,6.951386039359997,6.829596151038168,6.913912296295166,162900,0.0,0.0
2024-01-09 00:00:00-05:00,7.148123460724506,7.213702288157226,7.016964912414551,7.016964912414551,469600,0.0,0.0
2024-01-10 00:00:00-05:00,7.01696504325586,7.035702361982887,6.932649342595568,6.942017555236816,188900,0.0,0.0
2024-01-11 00:00:00-05:00,6.970123009191831,6.970123009191831,6.810859375559082,6.857701778411865,236300,0.0,0.0
2024-01-12 00:00:00-05:00,6.88580689547057,6.895175554774556,6.792122536042029,6.838964939117432,209000,0.0,0.0
2024-01-15 00:00:00-05:00,6.885806971755809,6.923280715942383,6.810859483382662,6.923280715942383,249400,0.0,0.0
2024-01-16 00:00:00-05:00,6.77338617156133,6.77338617156133,6.660964931825429,6.679701805114746,205700,0.0,0.0
2024-01-17 00:00:00-05:00,6.651595922610751,6.679701454430334,6.445490327248812,6.464227199554443,459100,0.0,0.0
2024-01-18 00:00:00-05:00,6.47359523990074,6.482963899165127,6.361174009061663,6.417384624481201,443500,0.0,0.0
2024-01-19 00:00:00-05:00,6.436121385264412,6.436121385264412,6.342437027847906,6.351805686950684,227500,0.0,0.0
2024-01-22 00:00:00-05:00,6.314331292373094,6.333068609970656,6.2674893385459045,6.323699951171875,111900,0.0,0.0
2024-01-23 00:00:00-05:00,6.333068860915732,6.492332046305596,6.333068860915732,6.454858303070068,247900,0.0,0.0
2024-01-24 00:00:00-05:00,6.5579117387880626,6.6984385082494065,6.51106933339352,6.632859230041504,240400,0.0,0.0
2024-01-25 00:00:00-05:00,6.7452800911596915,6.829596237483923,6.67501693370434,6.717175006866455,390700,0.0,0.0
2024-01-26 00:00:00-05:00,6.660964423851187,6.735911911292857,6.660964423851187,6.6984381675720215,88700,0.0,0.0
2024-01-29 00:00:00-05:00,6.642228058536112,6.71717555169338,6.6328593985303055,6.679701805114746,72800,0.0,0.0
2024-01-30 00:00:00-05:00,6.698438308532462,6.759333255040843,6.614122160025122,6.7452802658081055,162000,0.0,0.0
2024-01-31 00:00:00-05:00,7.045070529860221,7.101281145517346,6.8202280672317235,6.838964939117432,597500,0.0,0.0
2024-02-01 00:00:00-05:00,6.95138613739517,6.95138613739517,6.8061750459293515,6.857701778411865,248400,0.0,0.0
2024-02-02 00:00:00-05:00,6.94201747813571,7.026333624581815,6.857701778411865,6.857701778411865,503400,0.0,0.0
2024-02-05 00:00:00-05:00,6.707806539527643,6.717175199041595,6.3799110508179675,6.464227199554443,549300,0.0,0.0
2024-02-06 00:00:00-05:00,6.43612130401398,6.56727984946358,6.342436947780157,6.529805660247803,463600,0.0,0.0
2024-02-07 00:00:00-05:00,6.651595937127579,6.782754043553242,6.614122192434532,6.726543426513672,281300,0.0,0.0
2024-02-08 00:00:00-05:00,6.7733856550136915,6.7733856550136915,6.64222755199077,6.6984381675720215,137200,0.0,0.0
2024-02-09 00:00:00-05:00,6.726543252001517,6.745280123861934,6.6375432223451,6.6984381675720215,190100,0.0,0.0
2024-02-12 00:00:00-05:00,6.642227823053934,6.7452803991305785,6.642227823053934,6.670332908630371,98000,0.0,0.0
2024-02-13 00:00:00-05:00,6.529805628386894,6.586016688575165,6.450174261018376,6.548542499542236,276800,0.0,0.0
2024-02-14 00:00:00-05:00,6.6047539710998535,6.6234908434222,6.5579115669328525,6.6047539710998535,224800,0.0,0.0
2024-02-15 00:00:00-05:00,6.642227160255563,6.7827534675598145,6.5672796772340325,6.7827534675598145,249200,0.0,0.0
2024-02-16 00:00:00-05:00,6.792122536042029,6.88580689547057,6.773385664156321,6.838964939117432,142600,0.0,0.0
2024-02-20 00:00:00-05:00,6.707806127723763,6.78275361234513,6.511068757231553,6.548542499542236,337900,0.0,0.0
2024-02-21 00:00:00-05:00,6.501701323176868,6.501701323176868,6.351806335993821,6.379911422729492,281300,0.0,0.0
2024-02-22 00:00:00-05:00,6.4267534222182086,6.586017059366238,6.4267534222182086,6.482964038848877,257300,0.0,0.0
2024-02-23 00:00:00-05:00,6.464227199554443,6.501700944165704,6.4267534549431815,6.464227199554443,102800,0.0,0.0
2024-02-26 00:00:00-05:00,6.47359561920166,6.5391748977280075,6.445490533206288,6.47359561920166,510800,0.0,0.0
2024-02-27 00:00:00-05:00,6.370542700695324,6.417384657088484,6.323700297579901,6.398647785186768,385600,0.0,0.0
2024-02-28 00:00:00-05:00,6.351805852906261,6.351805852906261,6.178489228754611,6.239384174346924,445700,0.0,0.0
2024-02-29 00:00:00-05:00,6.398648022012401,6.473595512393211,6.333069191290333,6.408016681671143,291600,0.0,0.0
2024-03-01 00:00:00-05:00,6.464227101374589,6.623490736914662,6.464227101374589,6.520437717437744,529900,0.0,0.0
2024-03-04 00:00:00-05:00,6.501700139311131,6.501700139311131,6.370542049407959,6.370542049407959,217600,0.0,0.0
2024-03-05 00:00:00-05:00,6.323700401700848,6.534490325746422,6.323700401700848,6.482964038848877,349300,0.0,0.0
2024-03-06 00:00:00-05:00,6.539174655479545,6.6141221443204365,6.473595379382631,6.482964038848877,417100,0.0,0.0
2024-03-07 00:00:00-05:00,6.548543043212339,6.632859193772556,6.501701084796216,6.511069297790527,470500,0.0,0.0
2024-03-08 00:00:00-05:00,6.539174688776966,6.539174688776966,6.417384795429229,6.464227199554443,102300,0.0,0.0
2024-03-11 00:00:00-04:00,6.2300157947434185,6.2300157947434185,5.789698645099631,5.9114885330200195,940100,0.0,0.0
2024-03-12 00:00:00-04:00,5.911488482347732,6.12696272577439,5.911488482347732,6.089488983154297,393900,0.0,0.0
2024-03-13 00:00:00-04:00,6.089489527371708,6.098858187225132,5.986436502595484,6.052015781402588,429200,0.0,0.0
2024-03-14 00:00:00-04:00,6.0520158834205,6.0520158834205,5.902120897017265,5.995805263519287,499700,0.0,0.0
2024-03-15 00:00:00-04:00,5.967698969825853,5.977067628643485,5.850593414938898,5.883383274078369,292000,0.0,0.0
2024-03-18 00:00:00-04:00,5.939594960561693,5.939594960561693,5.780331305648615,5.808436393737793,482600,0.0,0.0
2024-03-19 00:00:00-04:00,5.874014854431152,5.888067396507533,5.831856781479754,5.874014854431152,126000,0.0,0.0
2024-03-20 00:00:00-04:00,5.874014993024657,5.939594268798828,5.799067504552615,5.939594268798828,138200,0.0,0.0
2024-03-21 00:00:00-04:00,5.96769901912993,6.0145414201606116,5.948962148062106,5.986435890197754,58600,0.0,0.0
2024-03-22 00:00:00-04:00,5.948962688446045,5.967699561215864,5.90212072988264,5.948962688446045,87100,0.0,0.0
2024-03-25 00:00:00-04:00,6.005173040575021,6.155068462811712,6.005173040575021,6.1175947189331055,313100,0.0,0.0
2024-03-26 00:00:00-04:00,6.033278705161582,6.033278705161582,5.958331215748265,6.023910045623779,191200,0.0,0.0
2024-03-27 00:00:00-04:00,6.033278639350361,6.141015542526238,5.995804895052467,6.0613837242126465,195600,0.0,0.0
2024-03-28 00:00:00-04:00,6.070752722397121,6.1082264687860555,6.014542102813721,6.014542102813721,68300,0.0,0.0
2024-04-01 00:00:00-04:00,6.014541832808252,6.1550685988193585,5.986436300917121,6.023910045623779,205100,0.0,0.0
2024-04-02 00:00:00-04:00,6.042646613385448,6.098857674334279,6.005172870567728,6.070752143859863,211700,0.0,0.0
2024-04-03 00:00:00-04:00,6.023910350108745,6.0426472234091495,5.958331516918478,5.995805263519287,136300,0.0,0.0
2024-04-04 00:00:00-04:00,5.967699279029117,6.0239098946806156,5.827172516539237,5.836541175842285,318900,0.0,0.0
2024-04-05 00:00:00-04:00,5.639803232882689,5.677276972897414,5.569540082035635,5.592960834503174,765800,0.0,0.0
2024-04-08 00:00:00-04:00,5.611698084801633,5.714751100186886,5.611698084801633,5.667909145355225,198200,0.0,0.0
2024-04-09 00:00:00-04:00,5.7428570797153995,5.817804570686842,5.658540929011384,5.686646461486816,364200,0.0,0.0
2024-04-10 00:00:00-04:00,5.724119935439074,5.770961891713055,5.6772775324428295,5.696014404296875,157200,0.0,0.0
2024-04-11 00:00:00-04:00,5.770961491224506,5.817803890970019,5.69601400900947,5.79906702041626,286800,0.0,0.0
2024-04-12 00:00:00-04:00,5.817804712481921,5.89275220528003,5.7334885597229,5.7334885597229,217900,0.0,0.0
2024-04-15 00:00:00-04:00,5.770961891713055,5.836541166563345,5.686646191730984,5.696014404296875,216100,0.0,0.0
2024-04-16 00:00:00-04:00,5.611698023350114,5.611698023350114,5.396224229383993,5.405592441558838,572500,0.0,0.0
2024-04-17 00:00:00-04:00,5.480540512266918,5.67727790293434,5.480540512266918,5.630435943603516,334000,0.0,0.0
2024-04-18 00:00:00-04:00,5.7053829069425195,5.7053829069425195,5.480540004144825,5.508645534515381,136500,0.0,0.0
2024-04-19 00:00:00-04:00,5.48990866317576,5.564856148534242,5.480540004144825,5.508645534515381,221800,0.0,0.0
2024-04-22 00:00:00-04:00,5.48990880473297,5.564856292023971,5.48990880473297,5.555487632751465,231500,0.0,0.0
2024-04-23 00:00:00-04:00,5.546118882845877,5.592960834503174,5.44775020362667,5.592960834503174,176900,0.0,0.0
2024-04-24 00:00:00-04:00,5.58359341168748,5.827172756195068,5.574224751999124,5.827172756195068,288700,0.0,0.0
2024-04-25 00:00:00-04:00,5.81780440236048,5.81780440236048,5.705383169155994,5.780330657958984,324300,0.0,0.0
2024-04-26 00:00:00-04:00,5.874015197366769,5.986436433985682,5.874015197366769,5.948962688446045,594600,0.0,0.0
2024-04-29 00:00:00-04:00,6.033279075848822,6.1175952299803615,5.939594708326168,6.09885835647583,474200,0.0,0.0
2024-04-30 00:00:00-04:00,6.033278275566427,6.033278275566427,5.827172247633159,5.845909118652344,196500,0.0,0.0
2024-05-01 00:00:00-04:00,5.733488115338601,5.789698730580478,5.6585406283494315,5.714751243591309,137400,0.0,0.0
2024-05-02 00:00:00-04:00,5.733488157120072,5.836541175842285,5.724119944539287,5.836541175842285,175700,0.0,0.0
2024-05-03 00:00:00-04:00,5.827172824974744,5.995805127577306,5.827172824974744,5.930225849151611,293500,0.0,0.0
2024-05-06 00:00:00-04:00,5.902120193753668,5.995804549092788,5.892751534858634,5.986435890197754,143200,0.0,0.0
2024-05-07 00:00:00-04:00,6.023909585064917,6.211278740995149,6.023909585064917,6.164436340332031,500500,0.0,0.0
2024-05-08 00:00:00-04:00,6.089489288906401,6.089489288906401,6.0145417999031165,6.042646884918213,94600,0.0,0.0
2024-05-09 00:00:00-04:00,6.042646852063699,6.098857915232809,5.977068022903521,6.0613837242126465,162700,0.0,0.0
2024-05-10 00:00:00-04:00,6.042646884918213,6.089489288906401,5.9864362681657495,6.042646884918213,227900,0.0,0.0
2024-05-13 00:00:00-04:00,6.014541767201414,6.1269630000950945,6.005173107765806,6.0613837242126465,298200,0.0,0.0
2024-05-14 00:00:00-04:00,6.08948952815846,6.215963755862296,6.08948952815846,6.192542552947998,152200,0.0,0.0
2024-05-15 00:00:00-04:00,6.230016027374638,6.230016027374638,6.098857922182554,6.201910495758057,59200,0.0,0.0
2024-05-16 00:00:00-04:00,6.155068976989423,6.155068976989423,6.070752822857884,6.09885835647583,92300,0.0,0.0
2024-05-17 00:00:00-04:00,6.183173731767794,6.445490393463692,6.183173731767794,6.426753520965576,363100,0.0,0.0
2024-05-21 00:00:00-04:00,6.426753460676432,6.660964588066891,6.426753460676432,6.6047539710998535,466300,0.0,0.0
2024-05-22 00:00:00-04:00,6.511069219238446,6.511069219238446,6.286226749420166,6.286226749420166,166200,0.0,0.0
2024-05-23 00:00:00-04:00,6.3518062010839405,6.454858779222339,6.267490049223168,6.314332008361816,178400,0.0,0.0
2024-05-24 00:00:00-04:00,6.258121013641357,6.379910904190027,6.2487528010649855,6.258121013641357,125600,0.0,0.0
2024-05-27 00:00:00-04:00,6.2206470956634705,6.230015754699707,6.155068269298813,6.230015754699707,108700,0.0,0.0
2024-05-28 00:00:00-04:00,6.164437019309947,6.201910765279067,6.014542035433468,6.052015781402588,208200,0.0,0.0
2024-05-29 00:00:00-04:00,5.995805093731734,5.995805093731734,5.90212072988264,5.948962688446045,178000,0.0,0.0
2024-05-30 00:00:00-04:00,5.902120897017265,6.033279010120096,5.8459098303937544,5.995805263519287,427300,0.0,0.0
2024-05-31 00:00:00-04:00,5.995805328839761,6.206595267446307,5.986436668726344,6.09885835647583,239100,0.0,0.0
2024-06-03 00:00:00-04:00,6.042647225028122,6.042647225028122,5.799067872057603,5.855278491973877,300900,0.0,0.0
2024-06-04 00:00:00-04:00,5.714750712912139,5.714750712912139,5.56485575285324,5.592960834503174,322800,0.0,0.0
2024-06-05 00:00:00-04:00,5.6116982482197155,5.6491724385874775,5.5461194202012205,5.555487632751465,223200,0.0,0.0
2024-06-06 00:00:00-04:00,5.621066762553103,5.621066762553103,5.508645534515381,5.508645534515381,379900,0.0,0.0
2024-06-07 00:00:00-04:00,5.489908772696676,5.653856288508463,5.471171900983265,5.574224472045898,206200,0.0,0.0
2024-06-10 00:00:00-04:00,5.555487425304675,5.574224296427774,5.50864547085805,5.546119213104248,72700,0.0,0.0
2024-06-11 00:00:00-04:00,5.527382653342219,5.667909418042548,5.518013993891804,5.639803886413574,283000,0.0,0.0
2024-06-12 00:00:00-04:00,5.733488286841775,5.958331201257166,5.733488286841775,5.761593818664551,107700,0.0,0.0
2024-06-13 00:00:00-04:00,5.80064606118042,5.83874550540975,5.743496894836426,5.743496894836426,222600,0.101,0.0
2024-06-14 00:00:00-04:00,5.733971772436203,5.733971772436203,5.5720489083382105,5.62919807434082,181700,0.0,0.0
2024-06-17 00:00:00-04:00,5.581573751766529,5.600623472932373,5.4863251459373075,5.572048664093018,371600,0.0,0.0
2024-06-18 00:00:00-04:00,5.562523690794092,5.619672850800464,5.548236060156635,5.60062313079834,97400,0.0,0.0
2024-06-19 00:00:00-04:00,5.610147867006453,5.89589412648081,5.610147867006453,5.87684440612793,121100,0.0,0.0
2024-06-20 00:00:00-04:00,5.686346456011227,5.762545787685538,5.610147578518053,5.7053961753845215,323400,0.0,0.0
2024-06-21 00:00:00-04:00,5.62919782759055,5.648247548756395,5.4863251459373075,5.572048664093018,344300,0.0,0.0
2024-06-24 00:00:00-04:00,5.57204839910759,5.657772367367773,5.524424325548389,5.581573486328125,164400,0.0,0.0
2024-06-25 00:00:00-04:00,5.581574142580789,5.581574142580789,5.457750719242263,5.476800441741943,226000,0.0,0.0
2024-06-26 00:00:00-04:00,5.495849518067942,5.581573486328125,5.491086974457675,5.581573486328125,198500,0.0,0.0
2024-06-27 00:00:00-04:00,5.610148087831276,5.638722896575928,5.572048645625858,5.638722896575928,55500,0.0,0.0
2024-06-28 00:00:00-04:00,5.638722647107861,5.638722647107861,5.557761222457946,5.581573486328125,130300,0.0,0.0
2024-07-02 00:00:00-04:00,5.629197673678439,5.667297114968423,5.552998791098473,5.610147953033447,303400,0.0,0.0
2024-07-03 00:00:00-04:00,5.6196730821141605,5.724446773529053,5.610147994630457,5.724446773529053,88000,0.0,0.0
2024-07-04 00:00:00-04:00,5.714921249870463,5.78635758382139,5.638722372541172,5.772070407867432,79500,0.0,0.0
2024-07-05 00:00:00-04:00,5.753020996743631,5.886369039213791,5.753020996743631,5.87684440612793,147500,0.0,0.0
2024-07-08 00:00:00-04:00,5.714921373998975,5.772070533237228,5.600623055522471,5.619672775268555,253400,0.0,0.0
2024-07-09 00:00:00-04:00,5.629198119138105,5.629198119138105,5.5244248743901325,5.562524318695068,111400,0.0,0.0
2024-07-10 00:00:00-04:00,5.524424190186496,5.6101477021650865,5.524424190186496,5.5529985427856445,149300,0.0,0.0
2024-07-11 00:00:00-04:00,5.524424569959675,5.638722896575928,5.514899482317732,5.638722896575928,226700,0.0,0.0
2024-07-12 00:00:00-04:00,5.68634657852639,5.800645351409912,5.68634657852639,5.800645351409912,120000,0.0,0.0
2024-07-15 00:00:00-04:00,5.686346818719974,5.714921626693152,5.629197656954782,5.676822185516357,122000,0.0,0.0
2024-07-16 00:00:00-04:00,5.572048664093018,5.619673194098218,5.533949221761329,5.572048664093018,260100,0.0,0.0
2024-07-17 00:00:00-04:00,5.638722647107861,5.714921528147509,5.562523766068213,5.581573486328125,478600,0.0,0.0
2024-07-18 00:00:00-04:00,5.562523837603648,5.562523837603648,5.357739001540142,5.381551265716553,484100,0.0,0.0
2024-07-19 00:00:00-04:00,5.372026178373523,5.410125619383316,5.324402104201864,5.381551265716553,259900,0.0,0.0
2024-07-22 00:00:00-04:00,5.400601309847707,5.438700753140575,5.352976778641027,5.419651031494141,146100,0.0,0.0
2024-07-23 00:00:00-04:00,5.33392663982914,5.362501447154555,5.267252846371762,5.28630256652832,339000,0.0,0.0
2024-07-24 00:00:00-04:00,5.276778055356223,5.314877499828158,5.191054078203767,5.2005791664123535,388800,0.0,0.0
2024-07-25 00:00:00-04:00,5.20057880201931,5.314877127426484,5.105330197513331,5.229153156280518,432800,0.0,0.0
2024-07-26 00:00:00-04:00,5.276777836256474,5.372026443481445,5.238678393366484,5.372026443481445,431100,0.0,0.0
2024-07-29 00:00:00-04:00,5.362501485232174,5.362501485232174,5.23867807624473,5.333926677703857,267300,0.0,0.0
2024-07-30 00:00:00-04:00,5.314876858261414,5.314876858261414,5.229152891456827,5.238677978515625,161400,0.0,0.0
2024-07-31 00:00:00-04:00,5.467275122133452,5.714921958334937,5.400601323295506,5.533949375152588,621500,0.0,0.0
2024-08-01 00:00:00-04:00,5.572048132103924,5.572048132103924,5.295826974480698,5.343451499938965,276700,0.0,0.0
2024-08-02 00:00:00-04:00,5.200578939913189,5.200578939913189,5.048181168662781,5.076755523681641,487200,0.0,0.0
2024-08-06 00:00:00-04:00,5.03865585044969,5.095805012055143,4.9481697914530125,4.952931880950928,441900,0.0,0.0
2024-08-07 00:00:00-04:00,5.000556294637768,5.048180821973446,4.9243574142456055,4.9243574142456055,249700,0.0,0.0
2024-08-08 00:00:00-04:00,5.0005563025905335,5.152954063617228,5.0005563025905335,5.105329990386963,221900,0.0,0.0
2024-08-09 00:00:00-04:00,5.152954633731833,5.210103800439735,5.105330555232516,5.2005791664123535,175000,0.0,0.0
2024-08-12 00:00:00-04:00,5.23867853283472,5.23867853283472,5.181529366978266,5.219628810882568,86600,0.0,0.0
2024-08-13 00:00:00-04:00,5.219628522920505,5.229153156280518,5.20057880201931,5.229153156280518,83900,0.0,0.0
2024-08-14 00:00:00-04:00,5.086279943513951,5.086279943513951,5.0100810678956496,5.067230224609375,1102800,0.0,0.0
2024-08-15 00:00:00-04:00,5.029131217272695,5.029131217272695,4.933882160415776,4.952931880950928,649900,0.0,0.0
2024-08-16 00:00:00-04:00,4.952932182792397,5.067230967150061,4.943407549034953,5.057705879211426,257400,0.0,0.0
2024-08-19 00:00:00-04:00,5.048180830001953,5.1148546233605545,4.96245686233386,5.105329990386963,502900,0.0,0.0
2024-08-20 00:00:00-04:00,5.095804575875676,5.095804575875676,5.067230224609375,5.067230224609375,90200,0.0,0.0
2024-08-21 00:00:00-04:00,5.105329878888165,5.248203003820964,5.105329878888165,5.19105339050293,214000,0.0,0.0
2024-08-22 00:00:00-04:00,5.19105339050293,5.243440460347604,5.1481918617861195,5.19105339050293,137900,0.0,0.0
2024-08-23 00:00:00-04:00,5.124379918414528,5.248203331362885,5.114854830873344,5.229153156280518,331800,0.0,0.0
2024-08-26 00:00:00-04:00,5.1815291571299165,5.305352571894734,5.1815291571299165,5.210103511810303,769300,0.0,0.0
2024-08-27 00:00:00-04:00,5.219628657041621,5.324402351780999,5.210103569255685,5.257728099822998,209600,0.0,0.0
2024-08-28 00:00:00-04:00,5.219628637949762,5.33868950975137,5.172004107556646,5.324402332305908,378300,0.0,0.0
2024-08-29 00:00:00-04:00,5.343451861126368,5.491087082500267,5.343451861126368,5.42917537689209,473300,0.0,0.0
2024-08-30 00:00:00-04:00,5.467275253751526,5.614910941069055,5.448225531599059,5.562524318695068,707900,0.0,0.0
2024-09-03 00:00:00-04:00,5.305352396222283,5.305352396222283,5.081517839125433,5.133904457092285,774200,0.0,0.0
2024-09-04 00:00:00-04:00,5.067230658342997,5.067230658342997,4.952931880950928,4.952931880950928,278000,0.0,0.0
2024-09-05 00:00:00-04:00,4.8767328635199405,4.8767328635199405,4.752909456385987,4.810059070587158,678900,0.0,0.0
2024-09-06 00:00:00-04:00,4.933882215354149,4.933882215354149,4.619561595933639,4.638611316680908,506100,0.0,0.0
2024-09-09 00:00:00-04:00,4.705286104456447,4.7624352732335025,4.657661570051624,4.686236381530762,265200,0.0,0.0
2024-09-10 00:00:00-04:00,4.61956182666776,4.61956182666776,4.51478813023405,4.581462383270264,519700,0.0,0.0
2024-09-11 00:00:00-04:00,4.667186143721395,4.771959835344647,4.6290867020731525,4.7529096603393555,301500,0.0,0.0
2024-09-12 00:00:00-04:00,4.762435124801803,4.838634014129639,4.733860314213261,4.838634014129639,284800,0.0,0.0
2024-09-13 00:00:00-04:00,4.905307470734577,5.033892961994617,4.905307470734577,4.98150634765625,466600,0.0,0.0
2024-09-16 00:00:00-04:00,4.905307633115016,4.914832265954953,4.791009313948888,4.87673282623291,191000,0.0,0.0
2024-09-17 00:00:00-04:00,4.876733114237393,4.876733114237393,4.81958395127928,4.867208480834961,169800,0.0,0.0
2024-09-18 00:00:00-04:00,4.867208499144588,4.914832574698249,4.800534248352051,4.800534248352051,156100,0.0,0.0
2024-09-19 00:00:00-04:00,4.971981735950202,5.172004034069348,4.971981735950202,5.162479400634766,506300,0.0,0.0
2024-09-20 00:00:00-04:00,5.1053300994133,5.1148547325902936,4.952931880950928,4.952931880950928,172900,0.0,0.0
2024-09-23 00:00:00-04:00,4.991031626184554,5.057705879211426,4.991031626184554,5.057705879211426,176500,0.0,0.0
2024-09-24 00:00:00-04:00,5.286302979969103,5.686347134544215,5.286302979969103,5.419651031494141,759100,0.0,0.0
2024-09-25 00:00:00-04:00,5.829220222948917,5.857795032258994,5.614910742757493,5.66729736328125,1175600,0.0,0.0
2024-09-26 00:00:00-04:00,5.8673194171942,6.191165122801807,5.800645621932281,6.1530656814575195,1178500,0.0,0.0
2024-09-27 00:00:00-04:00,6.410237253939314,6.56739756588155,6.343563003286388,6.362612724304199,1001800,0.0,0.0
2024-09-30 00:00:00-04:00,6.400711838697354,6.410236925809272,6.214977181826456,6.324512958526611,496300,0.0,0.0
2024-10-01 00:00:00-04:00,6.324513034327397,6.39118728236648,6.20069007965647,6.3054633140563965,510100,0.0,0.0
2024-10-02 00:00:00-04:00,6.295938313742266,6.295938313742266,6.176877455448554,6.2197394371032715,388500,0.0,0.0
2024-10-03 00:00:00-04:00,6.124491280186365,6.134016368245737,5.972093504685987,5.991143226623535,526400,0.0,0.0
2024-10-04 00:00:00-04:00,6.048291796259703,6.067341516319531,5.886368948660592,5.962568283081055,511900,0.0,0.0
2024-10-07 00:00:00-04:00,6.067342015672239,6.172115711714923,6.038767660321355,6.07686710357666,604000,0.0,0.0
2024-10-08 00:00:00-04:00,5.895894513394885,5.905419147105793,5.743496740570845,5.7815961837768555,642300,0.0,0.0
2024-10-09 00:00:00-04:00,5.714922084573828,5.786358428958521,5.6482478300819015,5.743496894836426,180100,0.0,0.0
2024-10-10 00:00:00-04:00,5.8482701061153355,5.953043804240708,5.8482701061153355,5.924468994140625,186100,0.0,0.0
2024-10-11 00:00:00-04:00,5.943518033731929,6.034004543508498,5.9339934009129545,5.9816179275512695,130500,0.0,0.0
2024-10-15 00:00:00-04:00,5.981618192738566,5.991142825979804,5.9244685765664755,5.972093105316162,221400,0.0,0.0
2024-10-16 00:00:00-04:00,6.000667661547397,6.010192294388875,5.905418608045735,5.914943695068359,172600,0.0,0.0
2024-10-17 00:00:00-04:00,5.914944176286993,5.914944176286993,5.667297343724847,5.73397159576416,314800,0.0,0.0
2024-10-18 00:00:00-04:00,5.733971502089472,5.733971502089472,5.610148087831276,5.638722896575928,239300,0.0,0.0
2024-10-21 00:00:00-04:00,5.62919757572629,5.62919757572629,5.476799813218189,5.514899253845215,140600,0.0,0.0
2024-10-22 00:00:00-04:00,5.467274935604477,5.543474273961423,5.438700581129151,5.5244245529174805,153800,0.0,0.0
2024-10-23 00:00:00-04:00,5.419650723423954,5.419650723423954,5.248203238351669,5.314877033233643,434700,0.0,0.0
2024-10-24 00:00:00-04:00,5.229153197220364,5.238678284836121,5.13390459196867,5.162479400634766,491500,0.0,0.0
2024-10-25 00:00:00-04:00,5.181528833118006,5.267252800161022,5.162479113128574,5.172003746032715,259500,0.0,0.0
2024-10-28 00:00:00-04:00,5.200578538642731,5.243440522045024,5.172003731647485,5.238677978515625,138900,0.0,0.0
2024-10-29 00:00:00-04:00,5.191053542099731,5.191053542099731,5.124379748250156,5.1529541015625,278900,0.0,0.0
2024-10-30 00:00:00-04:00,5.181528909056001,5.219628349593231,5.1005674843690985,5.1529541015625,244700,0.0,0.0
2024-10-31 00:00:00-04:00,5.048181487417813,5.210103902504973,5.048181487417813,5.1148552894592285,345100,0.0,0.0
2024-11-01 00:00:00-04:00,5.276777255133618,5.476799535368524,5.267252622550646,5.343451499938965,297700,0.0,0.0
2024-11-04 00:00:00-05:00,5.362501231808666,5.362501231808666,5.243440372066099,5.276777267456055,312500,0.0,0.0
2024-11-05 00:00:00-05:00,5.295827484213819,5.295827484213819,5.200578878310567,5.210103511810303,136600,0.0,0.0
2024-11-06 00:00:00-05:00,5.210103362502062,5.42917537689209,5.067230684832139,5.42917537689209,782000,0.0,0.0
2024-11-07 00:00:00-05:00,5.429175196598071,5.705396363719448,5.391075756593822,5.60062313079834,886000,0.0,0.0
2024-11-08 00:00:00-05:00,5.476800138519507,5.476800138519507,5.267253202624569,5.372026443481445,572700,0.0,0.0
2024-11-11 00:00:00-05:00,5.188723522668524,5.256613530848845,5.072341047898984,5.0820393562316895,672300,0.101,0.0
2024-11-12 00:00:00-05:00,5.052943962072768,5.062642270392618,4.917164408354955,4.926862716674805,371900,0.0,0.0
2024-11-13 00:00:00-05:00,4.90746597295174,4.936561824825409,4.829877651239124,4.858973503112793,473100,0.0,0.0
2024-11-14 00:00:00-05:00,4.888069152832031,4.931712701735283,4.8589737618717965,4.888069152832031,388200,0.0,0.0
2024-11-15 00:00:00-05:00,4.917165006255166,4.93656208771629,4.8686720713709075,4.888069152832031,402600,0.0,0.0
2024-11-18 00:00:00-05:00,4.926862536308702,5.028697313484733,4.897767149951452,4.90746545791626,291400,0.0,0.0
2024-11-19 00:00:00-05:00,4.878370463840516,4.917164623744933,4.84927461268077,4.897767543792725,1102500,0.0,0.0
2024-11-20 00:00:00-05:00,4.858973309635739,4.907465777543789,4.815329764794495,4.83957576751709,2386900,0.0,0.0
2024-11-21 00:00:00-05:00,4.907466087672716,4.975356101989746,4.878370697581765,4.975356101989746,837700,0.0,0.0
2024-11-22 00:00:00-05:00,4.975356038929418,5.072341442108154,4.965657267380103,5.072341442108154,959700,0.0,0.0
2024-11-25 00:00:00-05:00,4.9947528229238864,5.028697596404724,4.936561584472656,4.936561584472656,1595900,0.0,0.0
2024-11-26 00:00:00-05:00,4.936561703697142,4.95595878364935,4.868671692632979,4.897767543792725,590500,0.0,0.0
2024-11-27 00:00:00-05:00,4.955958688671053,5.082039474712706,4.897767449929632,5.043245315551758,455200,0.0,0.0
2024-11-28 00:00:00-05:00,5.033547401428223,5.091738644729585,5.033547401428223,5.033547401428223,70000,0.0,0.0
2024-11-29 00:00:00-05:00,5.043245315551758,5.09173824573437,5.00445115639081,5.043245315551758,407200,0.0,0.0
2024-12-02 00:00:00-05:00,5.091738555372758,5.198422730784462,5.091738555372758,5.179025650024414,371600,0.0,0.0
2024-12-03 00:00:00-05:00,5.227517880350487,5.314804970988995,5.179025411911321,5.256613731384277,1671400,0.0,0.0
2024-12-04 00:00:00-05:00,5.285709022608433,5.285709022608433,5.227517784075422,5.246914863586426,633200,0.0,0.0
2024-12-05 00:00:00-05:00,5.276010833969072,5.276010833969072,5.208120822906494,5.208120822906494,904700,0.0,0.0
2024-12-06 00:00:00-05:00,5.402091841189528,5.402091841189528,5.217819358729256,5.285708904266357,1293100,0.0,0.0
2024-12-09 00:00:00-05:00,5.334202087608142,5.67365121887245,5.334202087608142,5.518474578857422,443000,0.0,0.0
2024-12-10 00:00:00-05:00,5.557268616581046,5.557268616581046,5.392393208961504,5.402091979980469,377900,0.0,0.0
2024-12-11 00:00:00-05:00,5.295408192378125,5.305106501632553,5.159628625575911,5.237216949462891,556700,0.0,0.0
2024-12-12 00:00:00-05:00,5.227517659961829,5.227517659961829,5.130532264709473,5.130532264709473,149500,0.0,0.0
2024-12-13 00:00:00-05:00,5.198422370757316,5.198422370757316,5.111135282150902,5.140231132507324,205000,0.0,0.0
2024-12-16 00:00:00-05:00,5.120834171693309,5.12568309481264,5.0626424696326975,5.101437091827393,95300,0.0,0.0
2024-12-17 00:00:00-05:00,5.082039692884402,5.082039692884402,4.946260129992076,5.014150142669678,242900,0.0,0.0
2024-12-18 00:00:00-05:00,5.014149985989551,5.111135385024938,4.941410589865865,4.94625997543335,2400100,0.0,0.0
2024-12-19 00:00:00-05:00,5.198422537731715,5.227517926559835,4.975355886043707,5.004451274871826,370000,0.0,0.0
2024-12-20 00:00:00-05:00,4.946260129992076,5.111135544735625,4.946260129992076,5.014150142669678,381100,0.0,0.0
2024-12-23 00:00:00-05:00,5.06264267055884,5.120834374928963,5.038396666611317,5.072341442108154,98600,0.0,0.0
2024-12-24 00:00:00-05:00,5.052944183349609,5.09173834325356,5.0432454121421895,5.052944183349609,50900,0.0,0.0
2024-12-27 00:00:00-05:00,5.052944265408249,5.101437197307134,5.014150104874291,5.062642574310303,95400,0.0,0.0
2024-12-30 00:00:00-05:00,4.965657114792422,5.04324543495123,4.926862954713018,5.004451274871826,217100,0.0,0.0
2024-12-31 00:00:00-05:00,4.994752669691632,5.062642214570547,4.975355590802964,5.023848056793213,209500,0.0,0.0
2025-01-02 00:00:00-05:00,5.101437055381105,5.159628294563116,5.0820395131909075,5.149929523468018,194200,0.0,0.0
2025-01-03 00:00:00-05:00,5.169326484864629,5.188723564147949,5.13053232629799,5.188723564147949,192000,0.0,0.0
2025-01-06 00:00:00-05:00,5.179025335077931,5.179025335077931,5.043245315551758,5.043245315551758,320400,0.0,0.0
2025-01-07 00:00:00-05:00,4.8880687725851875,4.917164623744933,4.781384601616608,4.897767543792725,1184400,0.0,0.0
2025-01-08 00:00:00-05:00,4.936561703697142,4.936561703697142,4.892918158188956,4.897767543792725,606900,0.0,0.0
2025-01-09 00:00:00-05:00,4.936561940226554,4.994753182871342,4.936561940226554,4.975356101989746,158000,0.0,0.0
2025-01-10 00:00:00-05:00,4.95595878364935,4.95595878364935,4.868671692632979,4.897767543792725,329400,0.0,0.0
2025-01-13 00:00:00-05:00,4.858972993166567,4.946259614701145,4.858972993166567,4.90746545791626,210800,0.0,0.0
2025-01-14 00:00:00-05:00,5.004451548546095,5.125683421039656,4.970506772236023,5.033547401428223,342800,0.0,0.0
2025-01-15 00:00:00-05:00,5.0820397511945865,5.14023145556471,5.0577937472470635,5.072341442108154,298200,0.0,0.0
2025-01-16 00:00:00-05:00,5.101437270042399,5.1208343505859375,5.028697871156968,5.1208343505859375,595000,0.0,0.0
2025-01-17 00:00:00-05:00,5.159628161459252,5.469981429090406,5.159628161459252,5.392393112182617,753400,0.0,0.0
2025-01-20 00:00:00-05:00,5.334202265208399,5.402092278706779,5.25661394261761,5.382695198059082,54700,0.0,0.0
2025-01-21 00:00:00-05:00,5.334201952617369,5.382694882626305,5.246914863586426,5.246914863586426,180500,0.0,0.0
2025-01-22 00:00:00-05:00,5.208120822965411,5.227517902917386,5.052944183349609,5.052944183349609,198500,0.0,0.0
2025-01-23 00:00:00-05:00,5.052944303496057,5.052944303496057,4.9365618210169195,5.014150142669678,311100,0.0,0.0
2025-01-24 00:00:00-05:00,5.0238482359712835,5.082039474712706,4.93656160909058,5.043245315551758,438100,0.0,0.0
2025-01-27 00:00:00-05:00,4.994752883911133,5.01414996363172,4.907465793937062,4.994752883911133,147300,0.0,0.0
2025-01-28 00:00:00-05:00,4.92686285719958,4.92686285719958,4.810480379264832,4.83957576751709,401000,0.0,0.0
2025-01-29 00:00:00-05:00,4.820178687861299,4.936561628258905,4.820178687861299,4.83957576751709,708700,0.0,0.0
2025-01-30 00:00:00-05:00,4.800781505606333,4.965656910388379,4.645604871676336,4.87837028503418,1165300,0.0,0.0
2025-01-31 00:00:00-05:00,4.839576162782116,4.941410954907937,4.810480772153537,4.829877853393555,331700,0.0,0.0
2025-02-03 00:00:00-05:00,4.529222204115149,4.791082993996228,4.529222204115149,4.703795909881592,558900,0.0,0.0
2025-02-04 00:00:00-05:00,4.674700647977041,4.888068516262663,4.50982524579764,4.820178508758545,1009700,0.0,0.0
2025-02-05 00:00:00-05:00,4.81048071598212,4.820179025257436,4.747440087072454,4.771686553955078,525100,0.0,0.0
2025-02-06 00:00:00-05:00,4.820178663211243,4.946259911560545,4.723193265428263,4.732892036437988,453600,0.0,0.0
2025-02-07 00:00:00-05:00,4.810480452776353,4.936561703697142,4.810480452776353,4.897767543792725,853200,0.0,0.0
2025-02-10 00:00:00-05:00,5.004451252238239,5.111135423205535,4.994752943493684,5.052944183349609,340800,0.0,0.0
2025-02-11 00:00:00-05:00,4.994752943493684,5.082039572046139,4.994752943493684,5.052944183349609,163700,0.0,0.0
2025-02-12 00:00:00-05:00,5.014150046123111,5.062642514990933,4.965657114792422,5.004451274871826,222100,0.0,0.0
2025-02-13 00:00:00-05:00,5.062642470239023,5.266312040086965,4.989903536348843,5.256613731384277,621300,0.0,0.0
2025-02-14 00:00:00-05:00,5.256613516882698,5.353598912266303,5.256613516882698,5.285708904266357,632300,0.0,0.0
2025-02-18 00:00:00-05:00,5.256613813490798,5.3051062826874,5.237216733319584,5.266312122344971,148700,0.0,0.0
2025-02-19 00:00:00-05:00,5.256613572870993,5.256613572870993,5.120834017887755,5.188723564147949,144600,0.0,0.0
2025-02-20 00:00:00-05:00,5.140231311174988,5.217819631538512,5.120834231084107,5.159628391265869,233600,0.0,0.0
2025-02-21 00:00:00-05:00,5.188723564147949,5.246914801997908,5.14992940558131,5.188723564147949,304200,0.0,0.0
2025-02-24 00:00:00-05:00,5.159628414464757,5.246915044034749,5.111135482788086,5.111135482788086,84200,0.0,0.0
2025-02-25 00:00:00-05:00,5.091738587279323,5.091738587279323,4.888069006791119,4.975356101989746,448200,0.0,0.0
2025-02-26 00:00:00-05:00,4.888068818676591,4.985054219352144,4.800781726837158,4.800781726837158,436600,0.0,0.0
2025-02-27 00:00:00-05:00,4.800781944243914,4.849274878009162,4.771686553955078,4.771686553955078,618100,0.0,0.0
2025-02-28 00:00:00-05:00,4.732892177595705,4.85897342970536,4.732892177595705,4.800781726837158,306900,0.0,0.0
2025-03-03 00:00:00-05:00,4.810480476033992,4.86867171617196,4.669851530084854,4.694097995758057,278000,0.0,0.0
2025-03-04 00:00:00-05:00,4.626208127245407,4.6698516743125245,4.524373338243095,4.606811046600342,308200,0.0,0.0
2025-03-05 00:00:00-05:00,4.558317737960386,4.655303595652906,4.490428192531034,4.616509437561035,356400,0.0,0.0
2025-03-06 00:00:00-05:00,4.616509721504335,4.800781752543145,4.592263255589901,4.59711217880249,377200,0.0,0.0
2025-03-07 00:00:00-05:00,4.616509638911144,4.626207947625684,4.519523776988564,4.587413787841797,152400,0.0,0.0
2025-03-10 00:00:00-04:00,4.558317874053004,4.558317874053004,4.26736167967722,4.3740458488464355,875100,0.0,0.0
2025-03-11 00:00:00-04:00,4.354647979425535,4.490427989057359,4.218868432256534,4.441935062408447,608400,0.0,0.0
2025-03-12 00:00:00-04:00,4.509825649051902,4.655303985304457,4.412840245704493,4.451634407043457,723600,0.0,0.0
2025-03-13 00:00:00-04:00,4.500126479071352,4.577714794880073,4.432236933970143,4.461332321166992,165700,0.0,0.0
2025-03-14 00:00:00-04:00,4.568016789675466,4.6262080303923865,4.558318018324544,4.59711217880249,98300,0.0,0.0
2025-03-17 00:00:00-04:00,4.694098111489698,4.868671836207666,4.694098111489698,4.81048059463501,484900,0.0,0.0
2025-03-18 00:00:00-04:00,4.86867173854148,4.86867173854148,4.7522892577308165,4.800781726837158,102900,0.0,0.0
2025-03-19 00:00:00-04:00,4.713495038789613,4.7716862784706136,4.669851493413148,4.742590427398682,91400,0.0,0.0
2025-03-20 00:00:00-04:00,4.674700674698841,4.674700674698841,4.6019612814294515,4.616509437561035,133800,0.0,0.0
2025-03-21 00:00:00-04:00,4.548619924763201,4.56801700592041,4.480729909481519,4.56801700592041,274700,0.0,0.0
2025-03-24 00:00:00-04:00,4.59711217880249,4.713495122699201,4.548619709436493,4.59711217880249,243700,0.0,0.0
2025-03-25 00:00:00-04:00,4.64560524055015,4.742590644457306,4.64560524055015,4.713495254516602,150400,0.0,0.0
2025-03-26 00:00:00-04:00,4.655303759963454,4.655303759963454,4.45648311464662,4.480729579925537,442200,0.0,0.0
2025-03-27 00:00:00-04:00,4.509825312226507,4.558317779047012,4.47588007674302,4.519523620605469,153300,0.0,0.0
2025-03-28 00:00:00-04:00,4.52922293712308,4.538921246670484,4.364347512651086,4.422538757324219,262500,0.0,0.0
2025-03-31 00:00:00-04:00,4.28675862287535,4.296456931147797,4.1897732278366675,4.257662773132324,237300,0.0,0.0
2025-04-01 00:00:00-04:00,4.277059949423214,4.306155799828035,4.209170402583387,4.267361640930176,136200,0.0,0.0
2025-04-02 00:00:00-04:00,4.209170520259031,4.2479646802414575,4.150979280285392,4.228567600250244,213400,0.0,0.0
2025-04-03 00:00:00-04:00,4.1121845813113405,4.1121845813113405,3.9376108646392822,3.9376108646392822,1087100,0.0,0.0
2025-04-04 00:00:00-04:00,3.6854487074528257,3.6854487074528257,3.5011762142723253,3.588463306427002,1563200,0.0,0.0
2025-04-07 00:00:00-04:00,3.5399704632846056,3.9764049815477978,3.5399704632846056,3.75333833694458,900500,0.0,0.0
2025-04-08 00:00:00-04:00,4.005501092684401,4.005501092684401,3.5884633954630543,3.5981619358062744,1095300,0.0,0.0
2025-04-09 00:00:00-04:00,3.394492189293475,3.8309269455917794,3.190822620938838,3.656352996826172,2265600,0.0,0.0
2025-04-10 00:00:00-04:00,3.7339413062003,3.7339413062003,3.452683419659424,3.501176118850708,841000,0.0,0.0
2025-04-11 00:00:00-04:00,3.5690661068850873,3.598161726219981,3.4623819380923813,3.549669027328491,1319300,0.0,0.0
2025-04-14 00:00:00-04:00,3.6272574668373316,3.6563530871450785,3.5448197603496636,3.588463306427002,622300,0.0,0.0
2025-04-15 00:00:00-04:00,3.6369558883804083,3.704845666885376,3.6272573485939845,3.704845666885376,214400,0.0,0.0
2025-04-16 00:00:00-04:00,3.6369559162115714,3.6369559162115714,3.5399705176051683,3.5787646770477295,304400,0.0,0.0
2025-04-17 00:00:00-04:00,3.617558748572095,3.6466543674468994,3.5739152046441753,3.6466543674468994,185000,0.0,0.0
2025-04-21 00:00:00-04:00,3.6951471240029616,3.6951471240029616,3.5108746369838713,3.549669027328491,254400,0.0,0.0
2025-04-22 00:00:00-04:00,3.5496692055565173,3.6078604471480733,3.4769300379513526,3.569066286087036,430900,0.0,0.0
2025-04-23 00:00:00-04:00,3.666051506236725,3.73394128471386,3.569066108412246,3.6272573471069336,776100,0.0,0.0
2025-04-24 00:00:00-04:00,3.7242426696276647,3.860022455067912,3.71454413004132,3.8503239154815674,279600,0.0,0.0
2025-04-25 00:00:00-04:00,3.850324124519573,3.850324124519573,3.7775849580571936,3.821228504180908,180200,0.0,0.0
2025-04-28 00:00:00-04:00,3.7824343144239236,3.8018313944994158,3.7484893086760955,3.79213285446167,95300,0.0,0.0
2025-04-29 00:00:00-04:00,3.898816589112063,4.005500755128317,3.898816589112063,3.976404905319214,447700,0.0,0.0
2025-04-30 00:00:00-04:00,3.8794195652008057,3.9036660299758807,3.8018312478908456,3.8794195652008057,289300,0.0,0.0
2025-05-01 00:00:00-04:00,3.889118277255183,3.9570078226428316,3.8794195065067516,3.8988165855407715,203300,0.0,0.0
2025-05-02 00:00:00-04:00,3.9376110428895195,3.995802284414443,3.9376110428895195,3.957008123397827,134300,0.0,0.0
2025-05-05 00:00:00-04:00,3.9473098143751124,3.957008123397827,3.918213962381212,3.957008123397827,97700,0.0,0.0
2025-05-06 00:00:00-04:00,3.927912712097168,3.976405181867739,3.9085156316963645,3.927912712097168,68000,0.0,0.0
2025-05-07 00:00:00-04:00,3.9473098501672634,3.99095293485953,3.9085156887988823,3.9861040115356445,104300,0.0,0.0
2025-05-08 00:00:00-04:00,3.9570080042294595,4.078239869371111,3.91821384438116,3.995802164077759,321000,0.0,0.0
2025-05-09 00:00:00-04:00,4.044295013363473,4.1218833314916115,4.020048548332716,4.063692092895508,503900,0.0,0.0
2025-05-12 00:00:00-04:00,4.199471473693848,4.267361480443322,4.13158192940721,4.199471473693848,231000,0.0,0.0
2025-05-13 00:00:00-04:00,4.218868732452393,4.286758742099054,4.160677493810764,4.218868732452393,192200,0.0,0.0
2025-05-14 00:00:00-04:00,4.238266054374919,4.238266054374919,4.136431265312689,4.141280651092529,110600,0.0,0.0
2025-05-15 00:00:00-04:00,4.160677649308611,4.1655270349923645,4.092787637124681,4.131582260131836,151900,0.0,0.0
2025-05-16 00:00:00-04:00,4.112184717396823,4.1412805690364705,4.044295167675767,4.131582260131836,231200,0.0,0.0
2025-05-20 00:00:00-04:00,3.9861036127142504,3.9861036127142504,3.86002236965037,3.9182136058807373,258900,0.0,0.0
2025-05-21 00:00:00-04:00,3.918213783732568,3.957007942980387,3.855173159339148,3.86002254486084,306600,0.0,0.0
2025-05-22 00:00:00-04:00,3.8697211747636384,3.8794197148013847,3.79213285446167,3.79213285446167,274900,0.0,0.0
2025-05-23 00:00:00-04:00,3.8018313046997285,3.8018313046997285,3.704845675381645,3.7824342250823975,411000,0.0,0.0
2025-05-26 00:00:00-04:00,3.8697210447178105,3.8697210447178105,3.733941257520946,3.75333833694458,303900,0.0,0.0
2025-05-27 00:00:00-04:00,3.7824343076385154,3.7824343076385154,3.675750136183258,3.7145442962646484,672500,0.0,0.0
2025-05-28 00:00:00-04:00,3.733941286244648,3.748489211539998,3.6757500475261042,3.704845666885376,349300,0.0,0.0
2025-05-29 00:00:00-04:00,3.830927014612654,4.073390515556307,3.7533384630792512,3.79213285446167,908200,0.0,0.0
2025-05-30 00:00:00-04:00,3.8309270752695506,3.8309270752695506,3.6951472813598047,3.772735834121704,423800,0.0,0.0
2025-06-02 00:00:00-04:00,3.7824343376040512,3.8697211984786914,3.7290922514538307,3.7436399459838867,409000,0.0,0.0
2025-06-03 00:00:00-04:00,3.695147156278211,3.695147156278211,3.5108746676495937,3.656352996826172,913500,0.0,0.0
2025-06-04 00:00:00-04:00,3.7145441475931698,3.8115297751463126,3.6951470683288266,3.724242687225342,263700,0.0,0.0
2025-06-05 00:00:00-04:00,3.821228414687383,3.8697211141161203,3.7533384042557203,3.8115298748016357,290400,0.0,0.0
2025-06-06 00:00:00-04:00,3.8406255844066846,3.8406255844066846,3.787283498170082,3.821228504180908,227800,0.0,0.0
2025-06-09 00:00:00-04:00,3.860022664632461,3.860022664632461,3.792132883842244,3.821228504180908,185900,0.0,0.0
2025-06-10 00:00:00-04:00,3.8600224858733156,3.9182137238557857,3.8503239462095706,3.8794195652008057,676300,0.0,0.0
2025-06-11 00:00:00-04:00,3.9182137238557857,3.9376108031832757,3.8600224858733156,3.8794195652008057,1495400,0.0,0.0
2025-06-12 00:00:00-04:00,3.8794197239939736,3.8893669443258374,3.779947283514894,3.8694725036621094,537800,0.1,0.0
2025-06-13 00:00:00-04:00,3.7898945002339657,3.7948682289753766,3.720263957977295,3.720263957977295,554100,0.0,0.0
2025-06-16 00:00:00-04:00,3.819736005577642,3.879419562240747,3.8097887856605297,3.8495776653289795,364500,0.0,0.0
2025-06-17 00:00:00-04:00,3.8694724214757956,3.879419641596384,3.8197360837124195,3.829683303833008,289500,0.0,0.0
2025-06-18 00:00:00-04:00,3.8495777464177547,3.9042875756945143,3.819736086037823,3.859525203704834,173200,0.0,0.0
2025-06-19 00:00:00-04:00,3.7302111778083327,3.7302111778083327,3.63073897459762,3.690422296524048,343100,0.0,0.0
2025-06-20 00:00:00-04:00,3.6605806306313458,3.6605806306313458,3.441741546702035,3.4815304279327393,927400,0.0,0.0
2025-06-23 00:00:00-04:00,3.5014247917973984,3.581002552514474,3.411899810990689,3.561108112335205,416100,0.0,0.0
2025-06-24 00:00:00-04:00,3.5312663775057347,3.6207915935826076,3.5312663775057347,3.610844373703003,346400,0.0,0.0
2025-06-25 00:00:00-04:00,3.620791671227632,3.620791671227632,3.5511608934167915,3.590949773788452,181700,0.0,0.0
2025-06-26 00:00:00-04:00,3.620791753791842,3.69042229603002,3.610844533472102,3.660580635070801,382200,0.0,0.0
2025-06-27 00:00:00-04:00,3.740158399584029,3.829683382508489,3.740158399584029,3.779947280883789,496900,0.0,0.0
2025-06-30 00:00:00-04:00,3.7600528382681975,3.7998417195471563,3.6357124656912316,3.660580635070801,561900,0.0,0.0
2025-07-02 00:00:00-04:00,3.770000061498351,3.8595252816055607,3.760052841170932,3.839630603790283,767000,0.0,0.0
2025-07-03 00:00:00-04:00,3.939103049035404,4.048522709931076,3.929155828695837,3.9888393878936768,548700,0.0,0.0
2025-07-04 00:00:00-04:00,3.988839224933644,3.988839224933644,3.9092612283077512,3.9391028881073,148400,0.0,0.0
2025-07-07 00:00:00-04:00,3.879419643958122,3.958997404971274,3.819736086037823,3.859525203704834,262600,0.0,0.0
2025-07-08 00:00:00-04:00,3.839630603790283,3.8694725019329796,3.814762671551956,3.839630603790283,165700,0.0,0.0
2025-07-09 00:00:00-04:00,3.839630448341566,3.889366785125508,3.829683228416864,3.8794195652008057,238700,0.0,0.0
2025-07-10 00:00:00-04:00,3.9490501911417644,4.048522629727258,3.9490501911417644,4.038575172424316,598700,0.0,0.0
2025-07-11 00:00:00-04:00,4.058469772338867,4.078364213406376,4.028628347898049,4.058469772338867,255600,0.0,0.0
2025-07-14 00:00:00-04:00,4.048522788674531,4.147994994004923,4.048522788674531,4.118153095245361,284700,0.0,0.0
2025-07-15 00:00:00-04:00,4.10820594846416,4.10820594846416,3.968944629380445,3.9788918495178223,299800,0.0,0.0
2025-07-16 00:00:00-04:00,3.998786371072803,4.00873382857281,3.9490502693749705,3.9888393878936768,170500,0.0,0.0
2025-07-17 00:00:00-04:00,3.97889185356099,4.108205952638731,3.97889185356099,4.0982584953308105,207400,0.0,0.0
2025-07-18 00:00:00-04:00,4.118152782150295,4.217624979918011,4.118152782150295,4.16788911819458,344900,0.0,0.0
2025-07-21 00:00:00-04:00,4.32704496383667,4.421543914646387,4.31709798046353,4.32704496383667,436400,0.0,0.0
2025-07-22 00:00:00-04:00,4.5060952533642435,4.635408878709563,4.456358915240055,4.605567455291748,1350700,0.0,0.0
2025-07-23 00:00:00-04:00,4.665250778198242,4.7249340993771325,4.585673016626388,4.665250778198242,550200,0.0,0.0
2025-07-24 00:00:00-04:00,4.685145053844205,4.7050394935376065,4.565778415683796,4.585672855377197,341400,0.0,0.0
2025-07-25 00:00:00-04:00,4.506095247668252,4.506095247668252,4.396675588525874,4.456358909606934,247400,0.0,0.0
2025-07-28 00:00:00-04:00,4.396675423104087,4.396675423104087,4.327044647302223,4.3469390869140625,348500,0.0,0.0
2025-07-29 00:00:00-04:00,4.366833845677333,4.466306051006486,4.3270449635456725,4.386728286743164,475900,0.0,0.0
2025-07-30 00:00:00-04:00,4.267361641545666,4.376781304598882,4.1082061129743614,4.1479949951171875,785400,0.0,0.0
2025-07-31 00:00:00-04:00,3.8595251991204047,3.919208519809376,3.7302111004671996,3.7699999809265137,1339200,0.0,0.0
2025-08-01 00:00:00-04:00,3.7600527596970257,3.8048153687807016,3.7053429305014705,3.7401583194732666,522100,0.0,0.0
2025-08-05 00:00:00-04:00,3.769999899111826,3.8097887787076616,3.7202637996170322,3.730211019515991,636600,0.0,0.0
2025-08-06 00:00:00-04:00,3.750105461065633,3.789894340680054,3.7302110212584223,3.7600526809692383,295000,0.0,0.0
2025-08-07 00:00:00-04:00,3.769999902606128,3.8097887822388423,3.6904221433406996,3.7898943424224854,671100,0.0,0.0
2025-08-08 00:00:00-04:00,3.7898944211561707,3.8147625900234594,3.7699999809265137,3.7699999809265137,262200,0.0,0.0
2025-08-11 00:00:00-04:00,3.7699999043123302,3.8595251206868837,3.7699999043123302,3.8197360038757324,509900,0.0,0.0
2025-08-12 00:00:00-04:00,3.859525128641837,3.958997327973665,3.8396304516150406,3.9391028881073,341400,0.0,0.0
2025-08-13 00:00:00-04:00,3.919208527660311,3.978891848468839,3.919208527660311,3.949050188064575,259000,0.0,0.0
2025-08-14 00:00:00-04:00,3.9192084383892367,3.9192084383892367,3.750105462789771,3.7898943424224854,543700,0.0,0.0
2025-08-15 00:00:00-04:00,3.839630526291111,3.89931408421141,3.7998416457845345,3.859525203704834,286800,0.0,0.0
2025-08-18 00:00:00-04:00,3.8794197222603986,3.8794197222603986,3.8097889428080265,3.839630603790283,305900,0.0,0.0
2025-08-19 00:00:00-04:00,3.8495778236417926,3.8495778236417926,3.7948682304279724,3.809788942337036,144000,0.0,0.0
2025-08-20 00:00:00-04:00,3.789894501208729,3.799841721533669,3.750105619908969,3.779947280883789,225600,0.0,0.0
2025-08-21 00:00:00-04:00,3.779947280401555,3.78492100914361,3.7351849075252557,3.750105619430542,361800,0.0,0.0
2025-08-22 00:00:00-04:00,3.740158246240742,3.8893667821578592,3.740158246240742,3.8495776653289795,432200,0.0,0.0
2025-08-25 00:00:00-04:00,3.889366947337571,4.03857525243107,3.889366947337571,3.9888393878936768,592800,0.0,0.0
2025-08-26 00:00:00-04:00,3.919208527660311,3.9689446283340843,3.889366867256047,3.949050188064575,458500,0.0,0.0
2025-08-27 00:00:00-04:00,3.9689447083571645,3.973918199944601,3.9241820982680333,3.9589974880218506,383400,0.0,0.0
2025-08-28 00:00:00-04:00,3.9490502693749705,3.998786371072803,3.9142348796062674,3.9888393878936768,503000,0.0,0.0
2025-08-29 00:00:00-04:00,3.9888394668461404,4.0982586555867035,3.9888394668461404,4.088311672210693,565100,0.0,0.0
2025-09-02 00:00:00-04:00,4.078364133789336,4.078364133789336,3.939103049035404,3.9888393878936768,411600,0.0,0.0
2025-09-03 00:00:00-04:00,3.9589972540254643,4.06841690840711,3.9589972540254643,4.018680572509766,954800,0.0,0.0
2025-09-04 00:00:00-04:00,4.008733906830541,4.078364213406376,4.008733906830541,4.058469772338867,161000,0.0,0.0
2025-09-05 00:00:00-04:00,4.118153096659614,4.157941978805436,4.063443502289332,4.088311672210693,266600,0.0,0.0
2025-09-08 00:00:00-04:00,4.147994670883872,4.147994670883872,4.068416912818517,4.07836389541626,143300,0.0,0.0
2025-09-09 00:00:00-04:00,4.167889435883765,4.2773090989289795,4.118153096048426,4.207678318023682,804100,0.0,0.0
2025-09-10 00:00:00-04:00,4.177836419563863,4.177836419563863,4.09825865527821,4.1479949951171875,609300,0.0,0.0
2025-09-11 00:00:00-04:00,4.147994994813808,4.217625301398216,4.098258654978467,4.207678318023682,514400,0.0,0.0
2025-09-12 00:00:00-04:00,4.16788911819458,4.187783557748124,4.103232071065351,4.16788911819458,525700,0.0,0.0
2025-09-15 00:00:00-04:00,4.207678318810015,4.307150524178395,4.197730861112732,4.297203540802002,798000,0.0,0.0
2025-09-16 00:00:00-04:00,4.317097664656732,4.361860272363582,4.297203225044893,4.3469390869140625,576000,0.0,0.0
2025-09-17 00:00:00-04:00,4.2773089386628635,4.2773089386628635,4.177836262719317,4.247467041015625,1113800,0.0,0.0
2025-09-18 00:00:00-04:00,4.237520060217687,4.32704480456422,4.237520060217687,4.277308940887451,371700,0.0,0.0
2025-09-19 00:00:00-04:00,4.227572598739837,4.277308936688653,4.157941820475666,4.187783718109131,562000,0.0,0.0
2025-09-22 00:00:00-04:00,4.237519902185626,4.356886539743313,4.237519902185626,4.287255764007568,236800,0.0,0.0
2025-09-23 00:00:00-04:00,4.277308772899495,4.277308772899495,4.138047221703839,4.16788911819458,457900,0.0,0.0
2025-09-24 00:00:00-04:00,4.177836260791019,4.2375200560579485,4.177836260791019,4.187783718109131,433900,0.0,0.0
2025-09-25 00:00:00-04:00,4.207678160366555,4.247467041015625,4.1977307030438515,4.247467041015625,213800,0.0,0.0
2025-09-26 00:00:00-04:00,4.267361640930176,4.277309098624893,4.232546487640447,4.267361640930176,216600,0.0,0.0
2025-09-29 00:00:00-04:00,4.297203376720836,4.297203376720836,4.202704429488485,4.217625141143799,289700,0.0,0.0
2025-09-30 00:00:00-04:00,4.237519898048263,4.237519898048263,4.197730544580361,4.227572441101074,177600,0.0,0.0
2025-10-01 00:00:00-04:00,4.267361642031043,4.346939406325747,4.2474672009573675,4.297203540802002,748900,0.0,0.0
2025-10-02 00:00:00-04:00,4.346939404611503,4.436464626568185,4.312124251326522,4.386728286743164,465700,0.0,0.0
2025-10-03 00:00:00-04:00,4.426516852709523,4.466305731999251,4.396675430402654,4.436464309692383,311200,0.0,0.0
2025-10-06 00:00:00-04:00,4.516042391359821,4.575725714564294,4.4862009669180285,4.5359368324279785,386200,0.0,0.0
2025-10-07 00:00:00-04:00,4.4563589058555815,4.4563589058555815,4.3071503661181,4.336992263793945,353400,0.0,0.0
2025-10-08 00:00:00-04:00,4.317097664656732,4.3469390869140625,4.297203225044893,4.3469390869140625,414900,0.0,0.0
2025-10-09 00:00:00-04:00,4.4165698667960935,4.486200642662284,4.327044651299684,4.406622409820557,572300,0.0,0.0
2025-10-10 00:00:00-04:00,4.416570023231624,4.426517006238629,4.257414500552569,4.277308940887451,210300,0.0,0.0
2025-10-14 00:00:00-04:00,4.3270448079821255,4.486200805107769,4.312124096299396,4.426517009735107,443300,0.0,0.0
2025-10-15 00:00:00-04:00,4.506095245458365,4.506095245458365,4.366833688683318,4.426517009735107,318300,0.0,0.0
2025-10-16 00:00:00-04:00,4.426516845361418,4.426516845361418,4.297203225044893,4.3469390869140625,352600,0.0,0.0
2025-10-17 00:00:00-04:00,4.30715019939517,4.30715019939517,4.217624984153885,4.227572441101074,408700,0.0,0.0
2025-10-20 00:00:00-04:00,4.267361640635165,4.336992421530699,4.257414657262026,4.32704496383667,129500,0.0,0.0
2025-10-21 00:00:00-04:00,4.307150524178395,4.336992422949353,4.2474672009573675,4.297203540802002,432300,0.0,0.0
2025-10-22 00:00:00-04:00,4.287255925774494,4.346939246805312,4.287255925774494,4.336992263793945,85900,0.0,0.0
2025-10-23 00:00:00-04:00,4.396675588525874,4.501121518997946,4.396675588525874,4.456358909606934,292000,0.0,0.0
2025-10-24 00:00:00-04:00,4.476253508699846,4.476253508699846,4.376781303370693,4.386728286743164,454100,0.0,0.0
2025-10-27 00:00:00-04:00,4.4165698667960935,4.436464306426311,4.366833530560121,4.406622409820557,385600,0.0,0.0
2025-10-28 00:00:00-04:00,4.396675427165875,4.441438034914079,4.386727970190338,4.406622409820557,209300,0.0,0.0
2025-10-29 00:00:00-04:00,4.416569870047518,4.466305731999251,4.386727973419795,4.436464309692383,435400,0.0,0.0
2025-10-30 00:00:00-04:00,4.874142805331051,5.003456909445757,4.804512024426003,4.953720569610596,1732900,0.0,0.0
2025-10-31 00:00:00-04:00,5.003456909143193,5.04324579128056,4.903984229478887,5.01340389251709,766000,0.0,0.0
2025-11-03 00:00:00-05:00,5.102928798971386,5.162612118487203,5.0183773110770975,5.152664661407471,670100,0.0,0.0
2025-11-04 00:00:00-05:00,5.033298012081741,5.033298012081741,4.943772795830682,4.973614692687988,597900,0.0,0.0
2025-11-05 00:00:00-05:00,5.003456589545294,5.033298012081741,4.943772795830682,4.973614692687988,638900,0.0,0.0
2025-11-06 00:00:00-05:00,5.023351029343211,5.053192451879658,4.95372025289007,4.973614692687988,278700,0.0,0.0
2025-11-07 00:00:00-05:00,4.943773111098678,4.943773111098678,4.764723141499273,4.864195346832275,401800,0.0,0.0
2025-11-10 00:00:00-05:00,4.933825806498422,4.933825806498422,4.849274318890055,4.884089469909668,340800,0.0,0.0
2025-11-11 00:00:00-05:00,4.874142646353159,4.913931527195155,4.874142646353159,4.903984069824219,195100,0.0,0.0
2025-11-12 00:00:00-05:00,4.834353922687948,4.854248363755763,4.784617582857966,4.804512023925781,255800,0.0,0.0
2025-11-13 00:00:00-05:00,4.903983906029236,4.943772785542267,4.774670284772314,4.824406147003174,589500,0.0,0.0
2025-11-14 00:00:00-05:00,4.754775837665012,4.754775837665012,4.675197604441118,4.7050395011901855,220900,0.0,0.0
2025-11-17 00:00:00-05:00,4.774670277390771,4.799537971307327,4.675197604441118,4.7050395011901855,307400,0.0,0.0
2025-11-18 00:00:00-05:00,4.535936674667469,4.620488164846649,4.47625335353879,4.575725555419922,236500,0.0,0.0
2025-11-19 00:00:00-05:00,4.635408880059033,4.705039658588993,4.5956199992764475,4.69509220123291,110200,0.0,0.0
2025-11-20 00:00:00-05:00,4.824406303105925,4.943772945507351,4.714986643744181,4.724934101104736,464600,0.0,0.0
2025-11-21 00:00:00-05:00,4.714986803349196,4.774670600891113,4.655303480128168,4.774670600891113,141900,0.0,0.0
2025-11-24 00:00:00-05:00,4.7448287018114454,4.834353923797607,4.7448287018114454,4.834353923797607,132900,0.0,0.0
2025-11-25 00:00:00-05:00,4.9238786702568245,5.083034673117783,4.9238786702568245,5.073087215423584,483700,0.0,0.0
2025-11-26 00:00:00-05:00,5.132770538330078,5.222295760289148,5.102929113890982,5.132770538330078,444400,0.0,0.0
2025-11-27 00:00:00-05:00,5.132770540057221,5.132770540057221,5.03827206354043,5.043245792388916,94900,0.0,0.0
2025-11-28 00:00:00-05:00,5.172559420171332,5.2123483023018125,5.083034672538196,5.192453861236572,469100,0.0,0.0
2025-12-01 00:00:00-05:00,5.222295603670377,5.262084484609814,5.142717841791502,5.232243061065674,439300,0.0,0.0
2025-12-02 00:00:00-05:00,5.242190202972532,5.341662408335021,5.232243219596728,5.311820983886719,276000,0.0,0.0
2025-12-03 00:00:00-05:00,5.3217679652788,5.5207128502505105,5.3217679652788,5.461029052734375,394300,0.0,0.0
2025-12-04 00:00:00-05:00,5.451082069362279,5.48589722264595,5.401345729539129,5.461029052734375,133900,0.0,0.0
2025-12-05 00:00:00-05:00,5.470976510427361,5.560501732380675,5.431187628297197,5.461029052734375,221300,0.0,0.0
2025-12-08 00:00:00-05:00,5.480923646571756,5.490870629360294,5.381450972761206,5.3913984298706055,288700,0.0,0.0
2025-12-09 00:00:00-05:00,5.421240012335544,5.48092380810926,5.401345571851263,5.441134452819824,230200,0.0,0.0
2025-12-10 00:00:00-05:00,5.470976195841326,5.520712532804592,5.411292876077924,5.510765075683594,247400,0.0,0.0
2025-12-11 00:00:00-05:00,5.530659835544092,5.620185057528509,5.490870953400104,5.5803961753845215,168700,0.0,0.0
2025-12-12 00:00:00-05:00,5.6201848969810255,5.6599737779883945,5.515738965756461,5.560501575469971,186600,0.0,0.0
2025-12-15 00:00:00-05:00,5.550553955208483,5.560501412328912,5.470976195528497,5.480923652648926,158400,0.0,0.0
2025-12-16 00:00:00-05:00,5.421239849660706,5.421239849660706,5.361556529998779,5.361556529998779,298000,0.0,0.0
2025-12-17 00:00:00-05:00,5.4212400114012045,5.470976349763771,5.351609706878662,5.351609706878662,133800,0.0,0.0
2025-12-18 00:00:00-05:00,5.391398747864558,5.456055799926656,5.366530577945154,5.371504306793213,302000,0.0,0.0
2025-12-19 00:00:00-05:00,5.351609866031715,5.401345731552515,5.311820983886719,5.311820983886719,187000,0.0,0.0
2025-12-22 00:00:00-05:00,5.54060697555542,5.570448398291931,5.500818095692831,5.54060697555542,258900,0.0,0.0
2025-12-23 00:00:00-05:00,5.560501733508557,5.560501733508557,5.490870952606201,5.490870952606201,128000,0.0,0.0
2025-12-24 00:00:00-05:00,5.550554276616086,5.5803961753845215,5.510765394472098,5.5803961753845215,132500,0.0,0.0
2025-12-29 00:00:00-05:00,5.540607292746359,5.540607292746359,5.431187629699707,5.431187629699707,140200,0.0,0.0
2025-12-30 00:00:00-05:00,5.480923811516959,5.565474827887062,5.470976354108196,5.5306596755981445,309900,0.0,0.0
2025-12-31 00:00:00-05:00,5.500818409185428,5.510765392557525,5.441134611669293,5.461029052734375,95400,0.0,0.0
2026-01-02 00:00:00-05:00,5.5306598344446565,5.659973938547355,5.5306598344446565,5.550554275512695,161400,0.0,0.0
2026-01-05 00:00:00-05:00,5.779340273028696,5.948443250140521,5.779340273028696,5.898706912994385,623000,0.0,0.0
2026-01-06 00:00:00-05:00,5.908654225179846,6.067809741229128,5.908654225179846,6.057862758636475,1095100,0.0,0.0
2026-01-07 00:00:00-05:00,6.067810057314773,6.107598938399785,5.9981797525764415,6.008126735687256,515600,0.0,0.0
2026-01-08 00:00:00-05:00,5.948443255746643,6.0131003043692095,5.88875993570755,5.988232135772705,190300,0.0,0.0
2026-01-09 00:00:00-05:00,6.018074352837007,6.04791577728231,5.858918349952127,5.908654689788818,295700,0.0,0.0
2026-01-12 00:00:00-05:00,5.908654369946898,5.908654369946898,5.868865489959717,5.868865489959717,204700,0.0,0.0
2026-01-13 00:00:00-05:00,5.898707071660271,5.898707071660271,5.829076766967773,5.829076766967773,164700,0.0,0.0
2026-01-14 00:00:00-05:00,5.918601671757713,5.998179910341695,5.89870723069194,5.938496112823486,1291800,0.0,0.0
2026-01-15 00:00:00-05:00,5.998179753197152,5.998179753197152,5.888760093041609,5.978285312652588,426300,0.0,0.0
2026-01-16 00:00:00-05:00,5.998179595622602,6.077757355710321,5.938495801235948,6.018074035644531,482900,0.0,0.0
2026-01-19 00:00:00-05:00,5.9186015129089355,5.933522699048464,5.7793404291861386,5.9186015129089355,118800,0.0,0.0
2026-01-20 00:00:00-05:00,5.86886580826621,5.86886580826621,5.719657263061302,5.78928804397583,198200,0.0,0.0
2026-01-21 00:00:00-05:00,5.87881263500053,6.008126735687256,5.87881263500053,6.008126735687256,193200,0.0,0.0
2026-01-22 00:00:00-05:00,5.938495798579695,5.988232135772705,5.88875993570755,5.988232135772705,342900,0.0,0.0
2026-01-23 00:00:00-05:00,5.968337540280347,6.028020858764648,5.898706764888236,6.028020858764648,443300,0.0,0.0
2026-01-26 00:00:00-05:00,6.0081265730714195,6.077757350246002,5.8987069158887495,5.958390235900879,621500,0.0,0.0
2026-01-27 00:00:00-05:00,5.958390399043172,6.087704499770539,5.958390399043172,6.037968635559082,397100,0.0,0.0
2026-01-28 00:00:00-05:00,6.028021015798767,6.028021015798767,5.898706918553633,5.988232135772705,330600,0.0,0.0
2026-01-29 00:00:00-05:00,5.8290765981308335,5.8290765981308335,5.550553964465511,5.659973621368408,882700,0.0,0.0
2026-01-30 00:00:00-05:00,5.610237599331683,5.6201850570272365,5.3913987475592675,5.431187629699707,487100,0.0,0.0
2026-02-02 00:00:00-05:00,5.421240171703846,5.530659834744436,5.421240171703846,5.490870952606201,235900,0.0,0.0
2026-02-03 00:00:00-05:00,5.520712689619878,5.530659672702558,5.2819789294642,5.411293029785156,635000,0.0,0.0
2026-02-04 00:00:00-05:00,5.421239849290456,5.451081746279812,5.252137347420311,5.331715106964111,645800,0.0,0.0
2026-02-05 00:00:00-05:00,5.222295760289148,5.232243217982774,5.11784982611053,5.132770538330078,524200,0.0,0.0
2026-02-06 00:00:00-05:00,5.132770538040852,5.252137658753182,5.1128760969756115,5.192453861236572,526400,0.0,0.0
2026-02-09 00:00:00-05:00,5.272032101436483,5.381451290168441,5.192453862830209,5.371504306793213,295200,0.0,0.0
2026-02-10 00:00:00-05:00,5.401345573810969,5.47097635269165,5.391398590725657,5.47097635269165,214000,0.0,0.0
2026-02-11 00:00:00-05:00,5.550553958360636,5.640079175211892,5.520712535624126,5.54060697555542,254600,0.0,0.0
2026-02-12 00:00:00-05:00,5.4908709535392,5.4908709535392,5.272032101741723,5.311820983886719,470700,0.0,0.0
2026-02-13 00:00:00-05:00,5.063139918862079,5.177532829344084,4.933825822761748,5.122823238372803,647800,0.0,0.0
2026-02-17 00:00:00-05:00,4.903984071891531,4.993509290984198,4.854248207978507,4.933825969696045,821200,0.0,0.0
2026-02-18 00:00:00-05:00,4.973615009562753,5.038272061605576,4.894037245301091,4.9238786697387695,438400,0.0,0.0
2026-02-19 00:00:00-05:00,4.923878512320916,4.963667393179684,4.874142648407892,4.933825969696045,168400,0.0,0.0
2026-02-20 00:00:00-05:00,4.903983919189436,5.0034565925598145,4.903983919189436,5.0034565925598145,265000,0.0,0.0
2026-02-23 00:00:00-05:00,5.073087216838054,5.132770540057221,4.993509452545832,5.043245792388916,167500,0.0,0.0
2026-02-24 00:00:00-05:00,5.053192617070701,5.13774410755609,5.053192617070701,5.112875938415527,148400,0.0,0.0
2026-02-25 00:00:00-05:00,5.1526648228782985,5.222295601655892,5.142717839807714,5.202401161193848,159600,0.0,0.0
2026-02-26 00:00:00-05:00,5.18250655832581,5.18250655832581,5.092981341891654,5.152664661407471,131500,0.0,0.0
2026-02-27 00:00:00-05:00,5.152664979106092,5.192453861236572,5.1128760969756115,5.192453861236572,223700,0.0,0.0
2026-03-02 00:00:00-05:00,5.1526648243670445,5.272031941494675,5.142717841293586,5.262084484100342,107700,0.0,0.0
2026-03-03 00:00:00-05:00,5.112875768155779,5.112875768155779,4.834353611154765,4.943772792816162,422800,0.0,0.0
2026-03-04 00:00:00-05:00,4.894037245301091,4.953720568497338,4.7547761578431835,4.9238786697387695,282600,0.0,0.0
2026-03-05 00:00:00-05:00,4.844300905226414,4.844300905226414,4.665250935646941,4.714986801147461,623700,0.0,0.0
2026-03-06 00:00:00-05:00,4.575725715993162,4.575725715993162,4.44641161184931,4.5060954093933105,368900,0.0,0.0
2026-03-09 00:00:00-04:00,4.327044965403089,4.5060954093933105,4.207678318956868,4.5060954093933105,1057900,0.0,0.0
2026-03-10 00:00:00-04:00,4.486200653787363,4.61551427454403,4.471279468287056,4.555830955505371,476900,0.0,0.0
2026-03-11 00:00:00-04:00,4.744828541504974,4.779643693625172,4.705039660704499,4.724934101104736,307500,0.0,0.0
2026-03-12 00:00:00-04:00,4.685145216446494,4.685145216446494,4.61054118358725,4.635408878326416,287300,0.0,0.0
2026-03-13 00:00:00-04:00,4.665250937664758,4.705039819810739,4.535936833529874,4.565778732299805,538600,0.0,0.0
2026-03-16 00:00:00-04:00,4.595620155334473,4.595620155334473,4.501121678847073,4.595620155334473,328500,0.0,0.0
2026-03-17 00:00:00-04:00,4.605567295070599,4.685145053844205,4.565778415683796,4.585672855377197,280000,0.0,0.0
2026-03-18 00:00:00-04:00,4.595620156748845,4.625462055518776,4.545884291226813,4.565778732299805,250100,0.0,0.0
2026-03-19 00:00:00-04:00,4.516042234658054,4.585673013140939,4.3867281350416425,4.545884132385254,225000,0.0,0.0
2026-03-20 00:00:00-04:00,4.6155142705735095,4.6155142705735095,4.4314905851157365,4.496147632598877,425500,0.0,0.0
2026-03-23 00:00:00-04:00,4.675197608100266,4.88408946254466,4.675197608100266,4.76472282409668,536400,0.0,0.0
2026-03-24 00:00:00-04:00,4.754776003827174,4.923878510245217,4.754776003827174,4.903984069824219,337700,0.0,0.0
2026-03-25 00:00:00-04:00,5.04324579128056,5.063140232349243,5.003456909143193,5.01340389251709,305000,0.0,0.0
2026-03-26 00:00:00-04:00,4.973614847211133,4.973614847211133,4.799538137830393,4.814459323883057,153800,0.0,0.0
2026-03-27 00:00:00-04:00,4.943772952303128,4.993509290532527,4.9338259692497735,4.963667392730713,523400,0.0,0.0
2026-03-30 00:00:00-04:00,5.162612437387818,5.202401319522835,5.053192774356075,5.073087215423584,457000,0.0,0.0
2026-03-31 00:00:00-04:00,5.063140232050275,5.142717996320309,5.043245790982766,5.073087215423584,507800,0.0,0.0
2026-04-01 00:00:00-04:00,5.14271799683047,5.29192654201203,5.14271799683047,5.222295761108398,264800,0.0,0.0
2026-04-02 00:00:00-04:00,5.053192774857355,5.227269489955991,5.053192774857355,5.222295761108398,161900,0.0,0.0
2026-04-06 00:00:00-04:00,5.192453861236572,5.232243217687942,5.152664979106092,5.192453861236572,65700,0.0,0.0
2026-04-07 00:00:00-04:00,5.182506722730939,5.252137501535392,5.182506722730939,5.232243061065674,218600,0.0,0.0
2026-04-08 00:00:00-04:00,5.461028890320718,5.530659669138097,5.277005197361441,5.321767807006836,371900,0.0,0.0
2026-04-09 00:00:00-04:00,5.272032100641165,5.321767966151582,5.232243218504475,5.281979084014893,192000,0.0,0.0
2026-04-10 00:00:00-04:00,5.1626121145841335,5.1626121145841335,5.023351035819179,5.063139915466309,418400,0.0,0.0
2026-04-13 00:00:00-04:00,5.013403582537231,5.162612118487203,4.9736147028600195,5.152664661407471,336300,0.0,0.0
2026-04-14 00:00:00-04:00,5.152664979693618,5.172559420761127,5.053192774356075,5.073087215423584,246900,0.0,0.0
2026-04-15 00:00:00-04:00,5.063140232050275,5.083034673117783,5.033298333288567,5.073087215423584,172500,0.0,0.0
2026-04-16 00:00:00-04:00,5.033298333890142,5.033298333890142,4.943773111915208,4.953720569610596,232600,0.0,0.0
2026-04-17 00:00:00-04:00,4.933826127431922,5.003456908321321,4.894037245301091,4.9238786697387695,302100,0.0,0.0
2026-04-20 00:00:00-04:00,4.874142644699534,4.874142644699534,4.7846174256749805,4.844300746917725,415800,0.0,0.0
2026-04-21 00:00:00-04:00,4.88408946627272,4.983562139376156,4.814459164285345,4.824406147003174,482700,0.0,0.0
2026-04-22 00:00:00-04:00,4.933826129636218,5.013403893933433,4.933826129636218,4.983562469482422,303200,0.0,0.0
2026-04-23 00:00:00-04:00,4.943772789223658,4.988535397289366,4.854248047413102,4.884089469909668,251400,0.0,0.0
2026-04-24 00:00:00-04:00,4.884089627746221,4.913931525528031,4.8045118660892285,4.844300746917725,177200,0.0,0.0
2026-04-27 00:00:00-04:00,4.834353763871038,4.874142644699534,4.824406306503477,4.844300746917725,102500,0.0,0.0
2026-04-28 00:00:00-04:00,4.814459164285345,4.854248043798376,4.794564724528829,4.824406147003174,104100,0.0,0.0
2026-04-29 00:00:00-04:00,4.794564717116531,4.804511699818981,4.695092044166877,4.7050395011901855,244500,0.0,0.0
2026-04-30 00:00:00-04:00,4.645356178910082,4.7000657695391626,4.610541027993472,4.675197601318359,266500,0.0,0.0
2026-05-01 00:00:00-04:00,4.72493410320252,4.76472298402066,4.685145222384379,4.7547760009765625,193600,0.0,0.0
2026-05-04 00:00:00-04:00,4.774670437118954,4.774670437118954,4.675197760841618,4.69509220123291,196500,0.0,0.0
2026-05-05 00:00:00-04:00,4.724934261046479,4.794565041964789,4.724934261046479,4.774670600891113,195500,0.0,0.0
2026-05-06 00:00:00-04:00,4.864195033161825,4.963667232080304,4.864195033161825,4.913931369781494,273200,0.0,0.0
2026-05-07 00:00:00-04:00,4.9736150101626535,4.9736150101626535,4.804512023925781,4.804512023925781,193500,0.0,0.0
2026-05-08 00:00:00-04:00,4.874142805331051,4.973615010680482,4.874142805331051,4.953720569610596,170300,0.0,0.0
2026-05-11 00:00:00-04:00,5.013403578746966,5.112875777864791,5.013403578746966,5.063139915466309,299800,0.0,0.0
2026-05-12 00:00:00-04:00,5.043245632448406,5.083034513332661,4.973614853740525,5.053192615509033,187100,0.0,0.0
2026-05-13 00:00:00-04:00,5.043245472660813,5.06811316668492,5.0134035757826805,5.033298015594482,179200,0.0,0.0
2026-05-14 00:00:00-04:00,5.013403893933433,5.02335135163103,4.973615011784825,4.983562469482422,100600,0.0,0.0
2026-05-15 00:00:00-04:00,4.89403708721233,4.89403708721233,4.834353765943993,4.874142646789551,254500,0.0,0.0
2026-05-19 00:00:00-04:00,4.774670598955522,4.774670598955522,4.60059388389076,4.655303478240967,422100,0.0,0.0
2026-05-20 00:00:00-04:00,4.645356343186538,4.834353764299066,4.645356343186538,4.814459323883057,352900,0.0,0.0
2026-05-21 00:00:00-04:00,4.774670443051037,4.844300747346634,4.734881562219018,4.814459323883057,74300,0.0,0.0
2026-05-22 00:00:00-04:00,4.834353764299066,4.864195187762643,4.8045118665146145,4.814459323883057,130500,0.0,0.0
2026-05-25 00:00:00-04:00,4.874142490726339,4.953720249869485,4.874142490726339,4.943772792816162,86300,0.0,0.0
2026-05-26 00:00:00-04:00,4.9238786697387695,4.943773110804185,4.894037245301091,4.9238786697387695,254900,0.0,0.0
2026-05-27 00:00:00-04:00,4.943773110804185,4.953720568497338,4.90895795751993,4.9238786697387695,93200,0.0,0.0
2026-05-28 00:00:00-04:00,4.764722981905212,4.784617422305449,4.5956200013427555,4.724934101104736,380600,0.0,0.0
2026-05-29 00:00:00-04:00,4.4663058904363,4.476253347772034,4.346939248332721,4.426517009735107,800800,0.0,0.0
2026-06-01 00:00:00-04:00,4.386728127492524,4.396675584824763,4.257414502419522,4.336992263793945,523500,0.0,0.0
2026-06-02 00:00:00-04:00,4.386727974134628,4.476253189711532,4.386727974134628,4.466305732727051,417500,0.0,0.0
2026-06-03 00:00:00-04:00,4.436464627997455,4.436464627997455,4.351913134860214,4.356886863708496,192700,0.0,0.0
2026-06-04 00:00:00-04:00,4.346939082786412,4.3867279619723085,4.282282035529118,4.287255764007568,196800,0.0,0.0
2026-06-05 00:00:00-04:00,4.237520216267334,4.237520216267334,4.058469772338867,4.058469772338867,648300,0.0,0.0
2026-06-08 00:00:00-04:00,4.088311508189406,4.118152931441102,3.968944629380445,3.9788918495178223,419600,0.0,0.0
2026-06-09 00:00:00-04:00,4.028628104666375,4.028628104666375,3.8495776715482233,3.9391028881073,326500,0.0,0.0
2026-06-10 00:00:00-04:00,3.9391029600390324,3.9391029600390324,3.760052760811685,3.7699999809265137,714800,0.0,0.0
2026-06-11 00:00:00-04:00,3.859999895095825,4.0,3.819999933242798,3.9100000858306885,946500,0.02,0.0
2026-06-12 00:00:00-04:00,3.990000009536743,4.039999961853027,3.9600000381469727,4.03000020980835,780200,0.0,0.0
2026-06-15 00:00:00-04:00,4.179999828338623,4.190000057220459,4.099999904632568,4.130000114440918,534000,0.0,0.0
2026-06-16 00:00:00-04:00,4.130000114440918,4.179999828338623,4.099999904632568,4.130000114440918,305400,0.0,0.0
2026-06-17 00:00:00-04:00,4.119999885559082,4.139999866485596,4.039999961853027,4.050000190734863,264700,0.0,0.0
2026-06-18 00:00:00-04:00,4.050000190734863,4.070000171661377,3.994999885559082,4.010000228881836,359900,0.0,0.0
2026-06-19 00:00:00-04:00,3.9800000190734863,4.010000228881836,3.950000047683716,3.9800000190734863,140200,0.0,0.0
2026-06-22 00:00:00-04:00,3.9800000190734863,3.990000009536743,3.9200000762939453,3.9200000762939453,223100,0.0,0.0
2026-06-23 00:00:00-04:00,3.8299999237060547,3.8299999237060547,3.7200000286102295,3.759999990463257,646000,0.0,0.0
2026-06-24 00:00:00-04:00,3.7699999809265137,3.7699999809265137,3.684999942779541,3.7200000286102295,473000,0.0,0.0
2026-06-25 00:00:00-04:00,3.7899999618530273,3.859999895095825,3.7899999618530273,3.819999933242798,386300,0.0,0.0
2026-06-26 00:00:00-04:00,3.799999952316284,3.859999895095825,3.759999990463257,3.809999942779541,269800,0.0,0.0
2026-06-29 00:00:00-04:00,3.9000000953674316,3.990000009536743,3.869999885559082,3.9600000381469727,443600,0.0,0.0
2026-06-30 00:00:00-04:00,3.9100000858306885,3.9100000858306885,3.8399999141693115,3.9100000858306885,258600,0.0,0.0
2026-07-02 00:00:00-04:00,3.9700000286102295,4.070000171661377,3.9600000381469727,4.059999942779541,1427300,0.0,0.0
2026-07-03 00:00:00-04:00,4.070000171661377,4.070000171661377,4.019999980926514,4.039999961853027,191515,0.0,0.0
