Date,Open,High,Low,Close,Volume,Dividends,Stock Splits
2022-01-03 00:00:00-05:00,78.40654041831064,81.57457504543041,78.40654041831064,81.46373748779297,1023400,0.0,0.0
2022-01-04 00:00:00-05:00,82.00865801130236,84.04986825181396,81.76851355750718,83.38485717773438,1179500,0.0,0.0
2022-01-05 00:00:00-05:00,83.07083046868753,83.87437966733862,81.72233888387042,81.93476867675781,546100,0.0,0.0
2022-01-06 00:00:00-05:00,81.87012944816232,82.18416565084955,80.16142439854468,80.35538482666016,523600,0.0,0.0
2022-01-07 00:00:00-05:00,80.67865515305611,81.44526571600771,80.25378843118793,80.73407745361328,536500,0.0,0.0
2022-01-10 00:00:00-05:00,80.67865893876726,80.98345694268157,79.41329693833067,79.91204833984375,1047500,0.0,0.0
2022-01-11 00:00:00-05:00,80.3461506148155,80.3461506148155,78.60049962790073,79.79197692871094,1070000,0.0,0.0
2022-01-12 00:00:00-05:00,79.42251812182998,79.85662303398166,78.48042364711573,79.18238067626953,649500,0.0,0.0
2022-01-13 00:00:00-05:00,79.51489189270902,80.13372614626599,79.33940789247752,79.68114471435547,916700,0.0,0.0
2022-01-14 00:00:00-05:00,79.5887865413229,82.39660816245099,79.1546815439506,82.15646362304688,734900,0.0,0.0
2022-01-18 00:00:00-05:00,81.55609296720266,81.55609296720266,79.66265883703383,81.31594848632812,845400,0.0,0.0
2022-01-19 00:00:00-05:00,81.0573385090313,81.58380451961423,80.15218283549743,80.40156555175781,982000,0.0,0.0
2022-01-20 00:00:00-05:00,80.73408123942492,81.13123330628761,79.01613782230783,79.21009826660156,399000,0.0,0.0
2022-01-21 00:00:00-05:00,78.90530692373078,80.24456074359283,78.73905409362983,78.84989166259766,792300,0.0,0.0
2022-01-24 00:00:00-05:00,79.34862727606999,80.27225227774214,77.51060844911875,80.06905364990234,1453600,0.0,0.0
2022-01-25 00:00:00-05:00,79.01610959000122,80.09674898497065,76.52231824003512,78.88680267333984,1344100,0.0,0.0
2022-01-26 00:00:00-05:00,79.7642683787711,80.34614968544513,77.15040751761681,77.77847290039062,757100,0.0,0.0
2022-01-27 00:00:00-05:00,77.53832843913663,78.11097856832346,75.21079616422692,75.77420806884766,1357200,0.0,0.0
2022-01-28 00:00:00-05:00,69.3734854014677,71.94116218437895,67.72019554162398,69.50279235839844,3330700,0.0,0.0
2022-01-31 00:00:00-05:00,68.2004681823557,70.99905791579332,68.2004681823557,70.8697509765625,1711300,0.0,0.0
2022-02-01 00:00:00-05:00,71.06371337299953,71.66406401620547,69.79834452176418,70.80509948730469,1637200,0.0,0.0
2022-02-02 00:00:00-05:00,70.6111418931925,72.63388328376791,70.42641967665539,72.4029769897461,1531600,0.0,0.0
2022-02-03 00:00:00-05:00,71.507080341871,71.99660070080427,70.72200012207031,70.72200012207031,1027100,0.0,0.0
2022-02-04 00:00:00-05:00,70.61113866512899,71.59941727649414,70.01078796547863,70.79586791992188,754200,0.0,0.0
2022-02-07 00:00:00-05:00,70.65733118865828,70.83282224001898,69.4473843735747,69.76141357421875,1523900,0.0,0.0
2022-02-08 00:00:00-05:00,69.62285179131987,70.0384872802532,69.10562403268254,69.22569274902344,1653400,0.0,0.0
2022-02-09 00:00:00-05:00,69.64133915368528,70.14932876862751,69.20723419677226,69.7798843383789,1019000,0.0,0.0
2022-02-10 00:00:00-05:00,69.2132322002399,70.17930149014877,69.0924691096039,69.51976776123047,1183900,0.43,0.0
2022-02-11 00:00:00-05:00,69.4733255822301,69.78915224341334,68.37720919788617,69.35256958007812,1459600,0.0,0.0
2022-02-14 00:00:00-05:00,69.64982233254514,69.64982233254514,68.3400530586408,69.04602813720703,827200,0.0,0.0
2022-02-15 00:00:00-05:00,69.18538200608167,69.41761005014646,68.30291118641294,68.4701156616211,1110200,0.0,0.0
2022-02-16 00:00:00-05:00,68.28432546120393,68.94385215352317,67.47616944197742,68.71162414550781,2394100,0.0,0.0
2022-02-17 00:00:00-05:00,68.51654775572636,69.101759735792,67.47616381524057,68.61872863769531,1125000,0.0,0.0
2022-02-18 00:00:00-05:00,68.78594959014407,69.38045281688008,67.70840806228665,67.83845520019531,936800,0.0,0.0
2022-02-22 00:00:00-05:00,67.70840734358006,67.8384544801083,66.04565371278336,66.30574798583984,1351200,0.0,0.0
2022-02-23 00:00:00-05:00,66.28717436679207,67.44831460291577,65.46973419189453,65.46973419189453,1082500,0.0,0.0
2022-02-24 00:00:00-05:00,64.72659509399043,70.1049969770532,64.72659509399043,69.79845428466797,1418500,0.0,0.0
2022-02-25 00:00:00-05:00,70.23502931976306,71.67484559945011,70.13284844380925,70.95957946777344,1448300,0.0,0.0
2022-02-28 00:00:00-05:00,71.27542019342683,75.13039928675632,71.20110553325222,74.95391082763672,1714500,0.0,0.0
2022-03-01 00:00:00-05:00,75.21401701653392,77.38766801966285,75.08396988405802,76.6166763305664,1988600,0.0,0.0
2022-03-02 00:00:00-05:00,76.49590273081073,77.48983829964979,75.39050225629312,75.80850982666016,1472900,0.0,0.0
2022-03-03 00:00:00-05:00,76.18936887100556,76.86747783607326,75.4276612170178,76.76529693603516,1211300,0.0,0.0
2022-03-04 00:00:00-05:00,76.82100805596306,80.75030834557636,76.82100805596306,80.19296264648438,1850700,0.0,0.0
2022-03-07 00:00:00-05:00,80.25800727942189,83.21194805643584,79.3476702983389,80.7596206665039,2448700,0.0,0.0
2022-03-08 00:00:00-05:00,79.64493016233894,81.15906158629983,77.24834206891549,77.44341278076172,1481300,0.0,0.0
2022-03-09 00:00:00-05:00,76.38445542919001,77.9078709122071,75.89212599651147,77.56417083740234,1044000,0.0,0.0
2022-03-10 00:00:00-05:00,77.67563246289257,78.39089166260518,76.85818527803598,77.86141204833984,880700,0.0,0.0
2022-03-11 00:00:00-05:00,78.70671912726922,79.1804591581399,77.20187909293676,77.3969497680664,915300,0.0,0.0
2022-03-14 00:00:00-04:00,77.61989417012823,77.90786174536623,76.76529672402164,77.55487060546875,638700,0.0,0.0
2022-03-15 00:00:00-04:00,77.57345081300001,79.08757497212856,77.20188455866949,78.91107940673828,688700,0.0,0.0
2022-03-16 00:00:00-04:00,78.75314614979506,79.47769626476426,76.24508696920395,77.87996673583984,871300,0.0,0.0
2022-03-17 00:00:00-04:00,78.04718508231362,79.65420600097922,77.80567305891266,79.23619842529297,707400,0.0,0.0
2022-03-18 00:00:00-04:00,80.03506577524625,80.97326184478518,79.40340529661671,80.51809692382812,2367900,0.0,0.0
2022-03-21 00:00:00-04:00,80.40665021441964,82.03224681612916,79.26409200024551,79.37555694580078,1055200,0.0,0.0
2022-03-22 00:00:00-04:00,79.76568387285883,79.92359722757334,78.87392911519024,79.54273986816406,844700,0.0,0.0
2022-03-23 00:00:00-04:00,79.67279459059402,80.37876983203293,79.15260603744825,79.80284881591797,676000,0.0,0.0
2022-03-24 00:00:00-04:00,79.63564160861834,81.4377263575098,79.5334607053211,80.94540405273438,605100,0.0,0.0
2022-03-25 00:00:00-04:00,81.46558596807314,82.56170249770521,81.18691659839247,81.68852996826172,743900,0.0,0.0
2022-03-28 00:00:00-04:00,81.62350664327138,83.66711037500117,81.53990087119911,82.37592315673828,1059000,0.0,0.0
2022-03-29 00:00:00-04:00,83.10046496592639,83.21193695497414,80.27657169337424,80.52738189697266,2008000,0.0,0.0
2022-03-30 00:00:00-04:00,80.64814543154833,83.10047272323177,80.36946897643294,83.05403137207031,916200,0.0,0.0
2022-03-31 00:00:00-04:00,82.68245925923783,83.37914326054275,81.5584765875769,81.59562683105469,1003200,0.0,0.0
2022-04-01 00:00:00-04:00,81.5492076154992,83.46276459056776,81.40057825310572,82.96115112304688,949800,0.0,0.0
2022-04-04 00:00:00-04:00,83.07260419680927,83.46274555354768,81.75355079810139,81.98577880859375,1164000,0.0,0.0
2022-04-05 00:00:00-04:00,82.06008406294241,83.57421518419568,81.48416314892717,81.54918670654297,975400,0.0,0.0
2022-04-06 00:00:00-04:00,81.38198010991121,82.59885255044071,81.27979922392397,82.21800231933594,614500,0.0,0.0
2022-04-07 00:00:00-04:00,82.0229240083817,83.60207141133723,81.93931825171195,83.007568359375,618100,0.0,0.0
2022-04-08 00:00:00-04:00,83.00758350689802,84.02938537098046,82.33876567963335,82.5338363647461,586700,0.0,0.0
2022-04-11 00:00:00-04:00,82.62672686066112,83.49061538041907,81.83715300835343,82.11582946777344,572100,0.0,0.0
2022-04-12 00:00:00-04:00,82.16227348134726,82.46881617923255,81.23336136923689,81.34483337402344,699000,0.0,0.0
2022-04-13 00:00:00-04:00,82.9518452855212,83.3048292978082,81.31695816438462,81.80928039550781,1160300,0.0,0.0
2022-04-14 00:00:00-04:00,82.27375082946449,82.67318334709486,81.3541297631201,81.53990936279297,878200,0.0,0.0
2022-04-18 00:00:00-04:00,81.4655674735929,81.69779543912428,80.61097026132586,80.82462310791016,624600,0.0,0.0
2022-04-19 00:00:00-04:00,80.8339336432935,81.65138088584874,80.57383937049408,81.16834259033203,1052300,0.0,0.0
2022-04-20 00:00:00-04:00,81.74425233163556,83.47202914106255,81.62349632838763,83.46273803710938,992900,0.0,0.0
2022-04-21 00:00:00-04:00,83.60209084444666,84.95830168992325,83.37915391989851,83.50920104980469,1027400,0.0,0.0
2022-04-22 00:00:00-04:00,83.07260198772634,83.732128669542,81.60491929955477,81.76283264160156,656200,0.0,0.0
2022-04-25 00:00:00-04:00,81.07545183789207,81.28910475205832,79.68208360395845,81.1590576171875,816400,0.0,0.0
2022-04-26 00:00:00-04:00,81.09402552647781,81.57705667851006,79.57989433570668,79.6263427734375,663300,0.0,0.0
2022-04-27 00:00:00-04:00,79.3941294802986,80.45308885617943,78.47450835641007,78.78104400634766,972900,0.0,0.0
2022-04-28 00:00:00-04:00,79.55202119244353,79.55202119244353,77.4898354683043,77.52699279785156,1061200,0.0,0.0
2022-04-29 00:00:00-04:00,77.35979368834796,77.81495860434896,75.50196960520017,75.82708740234375,1236400,0.0,0.0
2022-05-02 00:00:00-04:00,75.6784837264139,77.53630826532363,75.6784837264139,76.58881378173828,1050000,0.0,0.0
2022-05-03 00:00:00-04:00,76.51448294271616,77.97287447924772,76.3101211715911,77.3226318359375,956400,0.0,0.0
2022-05-04 00:00:00-04:00,77.64774619615454,80.78747311062293,77.49912396999227,80.50879669189453,1001900,0.0,0.0
2022-05-05 00:00:00-04:00,80.01648167473223,80.28586701380084,78.1865238422211,79.34766387939453,1137500,0.0,0.0
2022-05-06 00:00:00-04:00,78.72530164333222,79.65421375711784,77.79638952954659,78.34444427490234,695100,0.0,0.0
2022-05-09 00:00:00-04:00,77.73136762748028,77.78710008764752,75.01894589810539,75.61344909667969,632300,0.0,0.0
2022-05-10 00:00:00-04:00,76.22651917753753,76.71884142121414,74.31296265697213,75.87353515625,1011700,0.0,0.0
2022-05-11 00:00:00-04:00,75.51126877124118,76.46804714227795,74.13647568464883,74.2479476928711,640000,0.0,0.0
2022-05-12 00:00:00-04:00,74.48018001598892,74.93534500678588,73.33761489880257,73.95999145507812,1435300,0.0,0.0
2022-05-13 00:00:00-04:00,74.3594315510875,75.0561157676672,74.09933015711889,74.80530548095703,871200,0.0,0.0
2022-05-16 00:00:00-04:00,75.43694038409957,76.88604079234571,74.93532706885223,76.36585235595703,1286900,0.0,0.0
2022-05-17 00:00:00-04:00,76.83030556793734,77.53628062542992,76.19864516639886,77.45267486572266,901700,0.0,0.0
2022-05-18 00:00:00-04:00,76.90462356578905,77.25760756635647,73.46764499243235,74.05286407470703,1574600,0.0,0.0
2022-05-19 00:00:00-04:00,73.1796824764655,76.52376408771293,73.0775015947382,75.0932388305664,1460800,0.0,0.0
2022-05-20 00:00:00-04:00,74.94462983590967,75.47410945878521,71.15466670004425,73.23542785644531,1845100,0.0,0.0
2022-05-23 00:00:00-04:00,73.15182579461722,75.43694864518562,72.5015901779242,75.31619262695312,1201200,0.0,0.0
2022-05-24 00:00:00-04:00,74.84245023199263,78.93895613809268,74.84245023199263,78.82748413085938,1595500,0.0,0.0
2022-05-25 00:00:00-04:00,78.98538916825969,79.82141141680853,77.62917844818553,78.61382293701172,1177800,0.0,0.0
2022-05-26 00:00:00-04:00,79.26405887537024,81.60491388527903,79.26405887537024,80.30443572998047,1471000,0.0,0.0
2022-05-27 00:00:00-04:00,80.59242056566144,81.14976644134728,79.9886262474029,80.68531036376953,1005700,0.0,0.0
2022-05-31 00:00:00-04:00,80.2580144941861,80.2580144941861,78.92037867505442,79.75640106201172,1256700,0.0,0.0
2022-06-01 00:00:00-04:00,79.96075334655853,80.1186666988733,78.88321193468592,79.21762084960938,1029300,0.0,0.0
2022-06-02 00:00:00-04:00,79.44055512275827,81.47487477306913,78.79031952482336,81.25193786621094,1661300,0.0,0.0
2022-06-03 00:00:00-04:00,81.2797994521638,81.2797994521638,80.19297412037781,81.01041412353516,1015100,0.0,0.0
2022-06-06 00:00:00-04:00,80.8153469827534,82.19942392946714,80.8153469827534,81.77212524414062,610300,0.0,0.0
2022-06-07 00:00:00-04:00,79.35694383068841,82.58956035814094,79.17116428566595,82.47808837890625,956200,0.0,0.0
2022-06-08 00:00:00-04:00,82.03221644309585,82.03221644309585,80.47164399978662,80.75032043457031,686500,0.0,0.0
2022-06-09 00:00:00-04:00,80.64815531790593,81.14047764019664,79.82142404329747,80.01649475097656,595600,0.0,0.0
2022-06-10 00:00:00-04:00,79.57989999664457,79.82141913335951,78.70672741889176,78.87393188476562,1049600,0.0,0.0
2022-06-13 00:00:00-04:00,77.09040465410047,78.23296952881664,76.90462508949697,77.37837219238281,1222400,0.0,0.0
2022-06-14 00:00:00-04:00,77.2383182638571,77.86391704342103,75.88440248292352,76.58470153808594,987300,0.43,0.0
2022-06-15 00:00:00-04:00,77.21031136867764,78.3587978882267,76.79012763992178,77.67717742919922,722800,0.0,0.0
2022-06-16 00:00:00-04:00,76.73410959995329,76.86483153314039,74.84797376124567,75.33351135253906,889300,0.0,0.0
2022-06-17 00:00:00-04:00,75.80038208759046,76.07116528690172,74.55851652227693,75.75369262695312,2516800,0.0,0.0
2022-06-21 00:00:00-04:00,76.54735403871716,78.77897299383231,76.34193185476347,78.67626190185547,1070100,0.0,0.0
2022-06-22 00:00:00-04:00,78.6015643918699,79.95547301722145,78.17204850297348,79.04975891113281,955600,0.0,0.0
2022-06-23 00:00:00-04:00,79.32986263213517,79.74070695429502,78.05064734419783,79.34854125976562,697900,0.0,0.0
2022-06-24 00:00:00-04:00,80.17023477288744,83.69974079924685,79.87144080038638,83.60636901855469,1262900,0.0,0.0
2022-06-27 00:00:00-04:00,83.36358678618976,83.84913138620311,82.23377198927203,82.83135986328125,800800,0.0,0.0
2022-06-28 00:00:00-04:00,82.75666710199128,83.44763393206259,81.50546960352328,81.77625274658203,809000,0.0,0.0
2022-06-29 00:00:00-04:00,82.03770077924997,82.99944367786082,81.27204076177054,82.66329956054688,700300,0.0,0.0
2022-06-30 00:00:00-04:00,82.39251757148766,84.6614868336132,82.20577400313753,84.37203216552734,1550800,0.0,0.0
2022-07-01 00:00:00-04:00,84.37203895618104,87.25726792512705,83.57836804109891,86.68769073486328,1386700,0.0,0.0
2022-07-05 00:00:00-04:00,85.52051407395447,85.95003708105517,83.42895630024945,84.14793395996094,1626100,0.0,0.0
2022-07-06 00:00:00-04:00,84.65214802878154,87.09852135258426,83.94250970162956,85.8193130493164,1650700,0.0,0.0
2022-07-07 00:00:00-04:00,85.66058216146119,86.56630345203877,85.38979899348774,86.26750946044922,680300,0.0,0.0
2022-07-08 00:00:00-04:00,85.89402954587923,86.7437293312389,85.59523550435084,86.40758514404297,1196000,0.0,0.0
2022-07-11 00:00:00-04:00,85.83797454833984,86.44490171302554,84.55875927039055,85.83797454833984,875900,0.0,0.0
2022-07-12 00:00:00-04:00,85.82864330175505,87.05183705983849,84.17594080448309,84.44672393798828,1045700,0.0,0.0
2022-07-13 00:00:00-04:00,83.9238415681804,85.17504633106103,83.49432564176195,84.00788116455078,856000,0.0,0.0
2022-07-14 00:00:00-04:00,83.55035036917208,84.52142547174414,83.41028913120921,84.2413101196289,916600,0.0,0.0
2022-07-15 00:00:00-04:00,84.52143224269487,85.29643164753826,83.62505022125873,84.3160171508789,906400,0.0,0.0
2022-07-18 00:00:00-04:00,84.35334989855697,85.26841044117631,84.03588442128323,84.07323455810547,596400,0.0,0.0
2022-07-19 00:00:00-04:00,84.40936989661562,86.75303909110917,84.28798018360168,86.52893829345703,1137900,0.0,0.0
2022-07-20 00:00:00-04:00,87.16388244132376,87.33195448948875,86.0340675545852,86.87442779541016,863600,0.0,0.0
2022-07-21 00:00:00-04:00,86.93044726332488,87.15454094733849,86.2021374474233,87.08917999267578,587700,0.0,0.0
2022-07-22 00:00:00-04:00,87.63075294328296,88.34039130789886,87.2012370479079,88.02291870117188,1147200,0.0,0.0
2022-07-25 00:00:00-04:00,88.17232566122141,89.07804697062747,87.88287097942349,88.76057434082031,1423000,0.0,0.0
2022-07-26 00:00:00-04:00,88.40576447965523,89.00335251436177,87.9575698917197,88.84461975097656,796700,0.0,0.0
2022-07-27 00:00:00-04:00,89.04070479031822,89.04070479031822,87.74281757848684,87.96691131591797,787600,0.0,0.0
2022-07-28 00:00:00-04:00,88.29370688409394,89.73165520206585,87.52804683154378,89.30213928222656,1507800,0.0,0.0
2022-07-29 00:00:00-04:00,89.01267875589726,90.55333807561578,88.63918450811545,89.6196060180664,1572800,0.0,0.0
2022-08-01 00:00:00-04:00,89.86237536600541,91.44038489561997,89.39550931571097,89.4515380859375,1238700,0.0,0.0
2022-08-02 00:00:00-04:00,89.72231624379096,90.5720158948106,88.20033544848096,89.69430541992188,1157000,0.0,0.0
2022-08-03 00:00:00-04:00,90.07713053905248,90.53465724144826,88.9006261805104,89.83435821533203,884200,0.0,0.0
2022-08-04 00:00:00-04:00,89.59158331229726,89.69429440307542,88.51779720221441,88.73255157470703,788100,0.0,0.0
2022-08-05 00:00:00-04:00,88.13496365953037,88.81659115980275,87.80815888151342,88.73255157470703,480400,0.0,0.0
2022-08-08 00:00:00-04:00,89.04069099573832,89.63827895218137,88.07894810095686,88.15364837646484,508400,0.0,0.0
2022-08-09 00:00:00-04:00,88.86327894738862,90.18917677043748,88.23768017333448,89.4141845703125,737700,0.0,0.0
2022-08-10 00:00:00-04:00,89.81569333969102,90.4786422784989,89.05936549145929,89.7783432006836,620300,0.0,0.0
2022-08-11 00:00:00-04:00,89.73164331598396,90.18916999897554,88.16297327906015,88.4804458618164,725300,0.0,0.0
2022-08-12 00:00:00-04:00,88.95880885990042,90.0093583548707,88.8274910675645,89.89679718017578,409500,0.43,0.0
2022-08-15 00:00:00-04:00,89.80302263638843,92.23241672550678,89.34341024623056,92.1104736328125,565100,0.0,0.0
2022-08-16 00:00:00-04:00,91.96976650377162,92.32619952346748,90.77851721502486,91.97914123535156,1284600,0.0,0.0
2022-08-17 00:00:00-04:00,91.88536098708974,92.4669164864273,91.6790023532511,92.05419921875,482200,0.0,0.0
2022-08-18 00:00:00-04:00,92.20426926910051,93.01093992410236,92.02604917016536,92.90776062011719,601900,0.0,0.0
2022-08-19 00:00:00-04:00,92.69200928239658,93.06720605697906,92.30743777675488,92.86084747314453,561800,0.0,0.0
2022-08-22 00:00:00-04:00,92.44814800804595,92.93590605528723,91.82907929428232,91.93225860595703,542400,0.0,0.0
2022-08-23 00:00:00-04:00,91.96976523306559,92.23240083934787,91.29441244189195,91.77278137207031,390200,0.0,0.0
2022-08-24 00:00:00-04:00,91.8572131713067,93.16101660074644,91.64147266970222,92.38248443603516,833900,0.0,0.0
2022-08-25 00:00:00-04:00,92.6076075064333,92.70140492492592,91.34131730978777,92.25116729736328,489100,0.0,0.0
2022-08-26 00:00:00-04:00,91.88535052795187,92.17612466637989,90.83480085539404,90.90046691894531,584400,0.0,0.0
2022-08-29 00:00:00-04:00,90.18759391951765,90.4127091512982,89.20270315151595,89.72798156738281,587100,0.0,0.0
2022-08-30 00:00:00-04:00,89.72798031213196,90.20634927843794,88.56486945892141,89.52162170410156,877500,0.0,0.0
2022-08-31 00:00:00-04:00,89.77487718891805,90.73162945271793,89.49348493672368,89.76549530029297,1037300,0.0,0.0
2022-09-01 00:00:00-04:00,89.68106014281511,90.38455135375261,89.18392749875784,90.2813720703125,1305300,0.0,0.0
2022-09-02 00:00:00-04:00,90.75974513062718,90.90981952945435,89.07136341705632,89.23081970214844,611000,0.0,0.0
2022-09-06 00:00:00-04:00,89.16516809607597,90.73161404131818,89.033850302767,89.5309829711914,525200,0.0,0.0
2022-09-07 00:00:00-04:00,89.80301114261387,90.98487857946746,89.212081002329,90.75038146972656,462800,0.0,0.0
2022-09-08 00:00:00-04:00,90.45022393230968,90.74099805348085,89.70921221925317,90.14068603515625,479800,0.0,0.0
2022-09-09 00:00:00-04:00,90.66597563823252,91.66024119981888,90.06565638933522,91.46326446533203,494100,0.0,0.0
2022-09-12 00:00:00-04:00,91.65085069813709,92.25116273433778,91.3037923949682,91.42573547363281,622900,0.0,0.0
2022-09-13 00:00:00-04:00,90.62844220122861,90.81603701957827,88.65866082713912,89.12765502929688,934200,0.0,0.0
2022-09-14 00:00:00-04:00,89.06201329367182,90.13131970819433,88.67744169504495,89.20271301269531,897300,0.0,0.0
2022-09-15 00:00:00-04:00,88.43353947568544,88.83687474779693,86.42624500227932,86.7545394897461,883700,0.0,0.0
2022-09-16 00:00:00-04:00,86.45438303596599,89.68106519526106,86.32306524169543,89.39966583251953,2048700,0.0,0.0
2022-09-19 00:00:00-04:00,88.78999765577412,90.31891638291158,88.40541892358331,90.08441925048828,597100,0.0,0.0
2022-09-20 00:00:00-04:00,89.66231695684786,90.07503418537145,88.19905719213232,89.80301666259766,612800,0.0,0.0
2022-09-21 00:00:00-04:00,90.7034754964502,91.90410666077362,89.19331359863281,89.19331359863281,609400,0.0,0.0
2022-09-22 00:00:00-04:00,88.79936575128608,89.33401888699746,87.90827957719512,88.78060913085938,694900,0.0,0.0
2022-09-23 00:00:00-04:00,88.34913488862482,88.40541190592806,86.15423818210652,87.50494384765625,667100,0.0,0.0
2022-09-26 00:00:00-04:00,87.17664339915297,88.07711139627129,86.62322652688066,86.94214630126953,681700,0.0,0.0
2022-09-27 00:00:00-04:00,87.55183983412327,87.81448261544001,85.63834966423258,86.43563842773438,725600,0.0,0.0
2022-09-28 00:00:00-04:00,86.70766068545939,87.77696702090569,85.63835435001307,87.6644058227539,1097500,0.0,0.0
2022-09-29 00:00:00-04:00,87.39238990813458,87.46743070828806,85.76967375345193,86.46378326416016,649700,0.0,0.0
2022-09-30 00:00:00-04:00,86.52943256883246,87.92703332417935,86.35121247732486,86.62322998046875,1027800,0.0,0.0
2022-10-03 00:00:00-04:00,87.30795959326582,90.61905740938451,87.05469872469799,90.01874542236328,1113100,0.0,0.0
2022-10-04 00:00:00-04:00,90.94734547791217,92.13859463649871,90.71284840093026,91.1630859375,814000,0.0,0.0
2022-10-05 00:00:00-04:00,90.92858256176866,92.39184193076329,90.69408550103068,91.60393524169922,860600,0.0,0.0
2022-10-06 00:00:00-04:00,91.18186495632948,91.51015951350254,90.17821750652347,90.59093475341797,546800,0.0,0.0
2022-10-07 00:00:00-04:00,90.11254672722586,91.2662756262413,89.49347809470036,91.20999145507812,605700,0.0,0.0
2022-10-10 00:00:00-04:00,91.36946626869612,92.14799131089669,90.06565562641093,90.72225189208984,554600,0.0,0.0
2022-10-11 00:00:00-04:00,90.47835410964719,91.39758582848258,89.50284538061395,90.5064926147461,891600,0.0,0.0
2022-10-12 00:00:00-04:00,90.63781702735737,90.86293939715229,88.36788680405246,88.42416381835938,705400,0.0,0.0
2022-10-13 00:00:00-04:00,87.34548547789537,90.66596539025532,87.08284270531479,90.17820739746094,674200,0.0,0.0
2022-10-14 00:00:00-04:00,90.81605475795098,91.22877202647332,88.45232666615254,88.49922180175781,528700,0.0,0.0
2022-10-17 00:00:00-04:00,89.4465709377444,90.90983049515171,89.2495942401152,90.4502182006836,1022800,0.0,0.0
2022-10-18 00:00:00-04:00,91.4820004813082,94.80248002105417,91.4820004813082,94.62425994873047,1462000,0.0,0.0
2022-10-19 00:00:00-04:00,92.86085043068326,93.47054431426263,91.66022643880706,92.5044174194336,1302700,0.0,0.0
2022-10-20 00:00:00-04:00,92.67326341042906,93.80822859684682,92.09170798457461,93.37675476074219,1320800,0.0,0.0
2022-10-21 00:00:00-04:00,93.36736813084863,95.12140905148306,92.01666251682924,94.76496887207031,1277000,0.0,0.0
2022-10-24 00:00:00-04:00,95.59977674477742,95.74985832494627,93.90202001774799,94.32411193847656,1161400,0.0,0.0
2022-10-25 00:00:00-04:00,94.11776686172456,95.4028137404241,93.73319528080339,95.18708038330078,1176500,0.0,0.0
2022-10-26 00:00:00-04:00,95.75923823567196,96.99738987018016,95.20582848050603,96.49087524414062,1325900,0.0,0.0
2022-10-27 00:00:00-04:00,96.87543679372536,98.54505493155254,96.87543679372536,97.18497467041016,1012700,0.0,0.0
2022-10-28 00:00:00-04:00,98.44188230274383,103.24438561312812,98.35746677954305,101.94058227539062,1628100,0.0,0.0
2022-10-31 00:00:00-04:00,101.27460183188211,102.8316587491276,100.59924908463034,102.10002899169922,1161000,0.0,0.0
2022-11-01 00:00:00-04:00,102.24073197884482,102.36266789026402,100.6742931238329,101.44344329833984,1146400,0.0,0.0
2022-11-02 00:00:00-04:00,101.4059405090871,103.11307934673346,101.13392297674486,101.79051208496094,1544000,0.0,0.0
2022-11-03 00:00:00-04:00,100.84314155303987,102.4377190759209,100.84314155303987,101.95934295654297,1037400,0.0,0.0
2022-11-04 00:00:00-04:00,102.05313761305864,102.14693501888887,98.08544365551818,100.2052993774414,1806900,0.0,0.0
2022-11-07 00:00:00-05:00,100.36476629042335,102.93485269447463,100.21468470020633,102.46585845947266,1181400,0.0,0.0
2022-11-08 00:00:00-05:00,102.39081770748058,104.06043592309253,102.33453353691726,103.50701904296875,753300,0.0,0.0
2022-11-09 00:00:00-05:00,103.51641286958196,103.8259507963874,102.89733701597109,103.1224594116211,1238300,0.0,0.0
2022-11-10 00:00:00-05:00,105.0547092314852,105.57060575540348,103.31943198347197,104.37935638427734,1143400,0.0,0.0
2022-11-11 00:00:00-05:00,103.80716605177918,104.57631619085375,96.08752615633178,97.2693862915039,2307800,0.0,0.0
2022-11-14 00:00:00-05:00,97.42010362934985,100.79208611359584,97.08102119037085,99.2285385131836,1758900,0.43,0.0
2022-11-15 00:00:00-05:00,99.81251674687374,99.93496039021016,97.82511966439183,98.23955535888672,1542000,0.0,0.0
2022-11-16 00:00:00-05:00,98.44675609994566,101.1217387527388,98.41850043018306,100.50950622558594,939400,0.0,0.0
2022-11-17 00:00:00-05:00,99.63355201379213,100.06682241687398,98.08884633808073,99.45458984375,1060400,0.0,0.0
2022-11-18 00:00:00-05:00,100.47184015185694,101.76223763310736,100.12334394009032,100.99930572509766,1161200,0.0,0.0
2022-11-21 00:00:00-05:00,101.54559974286076,102.64762129174794,100.85802108001558,101.00872039794922,907700,0.0,0.0
2022-11-22 00:00:00-05:00,101.10289992811228,102.45922960667349,100.87684737704575,101.17825317382812,961600,0.0,0.0
2022-11-23 00:00:00-05:00,101.1594259431679,101.3007114928227,99.93496076093513,99.94438171386719,721800,0.0,0.0
2022-11-25 00:00:00-05:00,100.6131295986696,102.07306835892405,99.95380658918286,101.7339859008789,437900,0.0,0.0
2022-11-28 00:00:00-05:00,101.00871691059206,102.44039990498129,100.71673205174537,101.21593475341797,1163600,0.0,0.0
2022-11-29 00:00:00-05:00,100.66964737938048,101.24420340411255,99.88788067134114,99.9067153930664,1123000,0.0,0.0
2022-11-30 00:00:00-05:00,99.68064997078437,100.75440862296563,99.17202631668566,100.217529296875,2101500,0.0,0.0
2022-12-01 00:00:00-05:00,100.78267710521291,100.84860941026835,99.99148944454755,100.66964721679688,882900,0.0,0.0
2022-12-02 00:00:00-05:00,100.47183582946529,103.0055331043614,100.47183582946529,102.13899230957031,1187600,0.0,0.0
2022-12-05 00:00:00-05:00,101.23478296148784,101.86585029586932,100.35882114433076,101.2630386352539,657300,0.0,0.0
2022-12-06 00:00:00-05:00,101.17826133425329,101.5644413601332,99.87845007818458,101.35722351074219,937600,0.0,0.0
2022-12-07 00:00:00-05:00,101.31954036986949,102.25201344608823,99.99147352629505,100.07624053955078,729900,0.0,0.0
2022-12-08 00:00:00-05:00,100.62254215790082,101.3948949843325,99.39807702976418,100.08566284179688,549900,0.0,0.0
2022-12-09 00:00:00-05:00,100.22693309659344,100.24576781267086,98.7198971115143,98.73873901367188,421700,0.0,0.0
2022-12-12 00:00:00-05:00,98.66340740654682,99.13435445860671,98.22071602783744,98.96481323242188,514300,0.0,0.0
2022-12-13 00:00:00-05:00,99.80310176482405,100.2928907396351,97.85338119120459,98.34317016601562,1188900,0.0,0.0
2022-12-14 00:00:00-05:00,98.77643536849203,99.89728444410004,97.82512032969596,99.65239715576172,962300,0.0,0.0
2022-12-15 00:00:00-05:00,98.88004268423171,99.25679456357135,97.34475075020491,98.17362213134766,1018600,0.0,0.0
2022-12-16 00:00:00-05:00,97.95698319404109,98.201877664129,96.90205924957748,97.88162994384766,1688500,0.0,0.0
2022-12-19 00:00:00-05:00,97.77802358517985,98.88945890339063,96.83612949130907,97.60848236083984,670200,0.0,0.0
2022-12-20 00:00:00-05:00,97.78743195724091,98.93654375369573,97.42009388277825,97.62731170654297,516700,0.0,0.0
2022-12-21 00:00:00-05:00,98.07000863583245,99.05899305210622,97.12811460923965,98.84236145019531,584800,0.0,0.0
2022-12-22 00:00:00-05:00,98.4938688663507,98.71050767808208,96.61950156014007,97.9287338256836,552400,0.0,0.0
2022-12-23 00:00:00-05:00,97.82511616941726,98.58804804695166,97.54254508125128,98.39025115966797,363700,0.0,0.0
2022-12-27 00:00:00-05:00,98.48443966584138,99.04958184526528,98.16419913784374,98.5692138671875,384200,0.0,0.0
2022-12-28 00:00:00-05:00,98.57864888141332,99.40751317747586,97.5425595287322,97.7403564453125,540000,0.0,0.0
2022-12-29 00:00:00-05:00,97.6555877720439,98.85179020532053,97.6555877720439,98.13595581054688,349800,0.0,0.0
2022-12-30 00:00:00-05:00,98.2207095270365,98.72933317192742,97.41068007621928,98.44676208496094,470500,0.0,0.0
2023-01-03 00:00:00-05:00,98.18302532400732,99.20969348705823,97.30706364532674,98.5032730102539,798600,0.0,0.0
2023-01-04 00:00:00-05:00,98.05116619875619,98.89887225530359,96.99624949379152,97.84394836425781,724300,0.0,0.0
2023-01-05 00:00:00-05:00,97.57080927598285,98.27722987202472,95.85656225036455,96.45938110351562,704400,0.0,0.0
2023-01-06 00:00:00-05:00,96.96798747748662,98.79526419454325,95.4515375148722,96.9114761352539,1012800,0.0,0.0
2023-01-09 00:00:00-05:00,96.61949988143513,96.61949988143513,90.73266167242902,91.05290222167969,1838000,0.0,0.0
2023-01-10 00:00:00-05:00,91.33546232523378,93.0685438358288,91.13766544757333,91.4955825805664,1482200,0.0,0.0
2023-01-11 00:00:00-05:00,92.03247485367902,92.38097826980497,90.60079893369719,91.24128723144531,2334700,0.0,0.0
2023-01-12 00:00:00-05:00,91.18476902966309,91.18476902966309,89.05609345574403,89.89437866210938,2395500,0.0,0.0
2023-01-13 00:00:00-05:00,89.08434716893755,89.64948220102302,88.59455820467015,89.47052001953125,1322100,0.0,0.0
2023-01-17 00:00:00-05:00,89.96973490710536,90.33708027298016,89.32924653458136,89.3857650756836,1046500,0.0,0.0
2023-01-18 00:00:00-05:00,89.37632852436927,89.3951704301429,88.18953997348403,88.67932891845703,1444900,0.0,0.0
2023-01-19 00:00:00-05:00,88.53804079033301,88.66048442996866,87.07810213691094,87.1346206665039,1226400,0.0,0.0
2023-01-20 00:00:00-05:00,86.97448363340966,88.81118114206166,86.3999349368231,88.29313659667969,1060300,0.0,0.0
2023-01-23 00:00:00-05:00,88.38733605557664,89.29156068628379,87.7374340339878,88.84886932373047,946600,0.0,0.0
2023-01-24 00:00:00-05:00,88.97132042671112,90.72324411823558,88.56630565531391,90.61021423339844,1418100,0.0,0.0
2023-01-25 00:00:00-05:00,90.26169887854034,91.74047209137463,90.24285697535082,91.51441955566406,3682000,0.0,0.0
2023-01-26 00:00:00-05:00,91.62745212803641,92.69179700471815,91.21301644606609,91.53326416015625,1816900,0.0,0.0
2023-01-27 00:00:00-05:00,90.86451661988573,91.40139592006523,86.18330222364796,87.34183502197266,2542100,0.0,0.0
2023-01-30 00:00:00-05:00,88.43443865808759,89.59297159157462,86.6165827127506,88.06710052490234,1464500,0.0,0.0
2023-01-31 00:00:00-05:00,89.00898166929929,89.40457541872566,87.55846406865507,89.1408462524414,1419600,0.0,0.0
2023-02-01 00:00:00-05:00,89.14084441833252,90.15809162685365,88.50977718541098,89.82843017578125,1205700,0.0,0.0
2023-02-02 00:00:00-05:00,89.19736783342363,90.34647977795471,88.34024794458789,89.9226303100586,1359200,0.0,0.0
2023-02-03 00:00:00-05:00,90.24287810898083,91.74049357572541,90.05450214945375,91.21302795410156,1460600,0.0,0.0
2023-02-06 00:00:00-05:00,91.768742204107,92.296200599145,90.3841567310506,90.6290512084961,1001000,0.0,0.0
2023-02-07 00:00:00-05:00,90.2334492734488,91.31662163897717,89.30096902707979,91.26953125,680900,0.0,0.0
2023-02-08 00:00:00-05:00,91.22242978957732,91.22242978957732,90.42182135025475,90.77032470703125,727000,0.0,0.0
2023-02-09 00:00:00-05:00,90.73246118159953,91.1583878494303,90.15508942750945,90.40118408203125,587900,0.47,0.0
2023-02-10 00:00:00-05:00,90.65675140942919,91.60326166798878,90.57156895238292,91.48968505859375,747700,0.0,0.0
2023-02-13 00:00:00-05:00,91.75469074429012,92.18061739770435,90.42957516956959,90.7135238647461,1336300,0.0,0.0
2023-02-14 00:00:00-05:00,90.73246078354076,90.73246078354076,89.41681229295642,89.79541778564453,1251200,0.0,0.0
2023-02-15 00:00:00-05:00,89.71971067340623,91.53700868530049,88.84892294536945,91.26251983642578,932600,0.0,0.0
2023-02-16 00:00:00-05:00,91.13948140349527,91.93454662198404,90.7703429490111,91.31932067871094,854000,0.0,0.0
2023-02-17 00:00:00-05:00,91.61272744706163,92.01026001670623,91.15839935225347,91.73577117919922,1050200,0.0,0.0
2023-02-21 00:00:00-05:00,91.93452901135201,92.30366739512543,91.43287978321374,91.81148529052734,1138800,0.0,0.0
2023-02-22 00:00:00-05:00,91.53700609754775,92.35100549635743,90.76086797557807,91.40449523925781,1020400,0.0,0.0
2023-02-23 00:00:00-05:00,92.08599797483105,92.36994676295151,90.495860208932,90.78927612304688,732700,0.0,0.0
2023-02-24 00:00:00-05:00,90.78927286530815,90.95964502058759,89.93741208891096,90.58103942871094,468500,0.0,0.0
2023-02-27 00:00:00-05:00,90.78926740193886,91.35717214492885,89.87115124380975,90.25922393798828,591100,0.0,0.0
2023-02-28 00:00:00-05:00,90.13618087984138,90.44852379700639,89.62506444088865,89.66292572021484,889700,0.0,0.0
2023-03-01 00:00:00-05:00,89.36950260799419,90.79873521198623,89.36950260799419,90.35387420654297,740800,0.0,0.0
2023-03-02 00:00:00-05:00,90.24027295645037,91.3571552064808,90.24027295645037,91.10160064697266,683800,0.0,0.0
2023-03-03 00:00:00-05:00,91.17733070844147,91.40449113798877,90.10776954427742,91.27198028564453,641900,0.0,0.0
2023-03-06 00:00:00-05:00,90.97855176583846,91.78308389202444,90.69459585245572,91.12998962402344,582500,0.0,0.0
2023-03-07 00:00:00-05:00,91.22466017997112,91.77363788747826,89.98473399689512,90.42012786865234,1523700,0.0,0.0
2023-03-08 00:00:00-05:00,90.13617808561865,90.79873240003634,85.82008625313915,87.57112884521484,1671100,0.0,0.0
2023-03-09 00:00:00-05:00,88.13902468822752,88.15795171319452,86.30279275056681,86.61514282226562,1159900,0.0,0.0
2023-03-10 00:00:00-05:00,86.50157669216088,87.47648115649194,85.49827807392514,85.6970443725586,1182800,0.0,0.0
2023-03-13 00:00:00-04:00,85.1953811218602,86.21760660165273,84.43817010891073,84.9398193359375,1186600,0.0,0.0
2023-03-14 00:00:00-04:00,85.19539278429039,86.64355236509341,85.19539278429039,86.44478607177734,1517500,0.0,0.0
2023-03-15 00:00:00-04:00,85.77275680524069,86.6340773309756,83.91759768235809,85.41307830810547,1144300,0.0,0.0
2023-03-16 00:00:00-04:00,85.02500926983507,86.3406578124255,85.02500926983507,85.71595764160156,731300,0.0,0.0
2023-03-17 00:00:00-04:00,85.61183658078276,85.74434741850949,83.28342257620008,83.7756118774414,1827900,0.0,0.0
2023-03-20 00:00:00-04:00,83.89865584218447,85.9999094485417,83.85132744801282,85.58344268798828,1172300,0.0,0.0
2023-03-21 00:00:00-04:00,86.37852982681186,86.89910614593464,85.81062510535956,86.5205078125,1048300,0.0,0.0
2023-03-22 00:00:00-04:00,86.58675891060645,86.7665909435999,85.29950442169564,85.35629272460938,752800,0.0,0.0
2023-03-23 00:00:00-04:00,85.3089779482131,85.94314539099067,84.45712438326916,85.25218963623047,802600,0.0,0.0
2023-03-24 00:00:00-04:00,85.14805034482139,86.06616632542975,84.44763487127139,86.02830505371094,992500,0.0,0.0
2023-03-27 00:00:00-04:00,86.34066964514233,87.03161811160113,85.69704236031335,86.79499053955078,1107500,0.0,0.0
2023-03-28 00:00:00-04:00,86.81392410435232,87.29664636949089,86.67194611798212,86.7003402709961,687200,0.0,0.0
2023-03-29 00:00:00-04:00,87.05054370185059,87.47647040065156,86.60568275524085,87.46701049804688,676300,0.0,0.0
2023-03-30 00:00:00-04:00,87.72258494881217,87.76991335775779,86.70035197451774,86.8328628540039,518200,0.0,0.0
2023-03-31 00:00:00-04:00,87.46700346885753,87.9781125778241,87.20197456993156,87.73202514648438,926700,0.0,0.0
2023-04-03 00:00:00-04:00,88.08222611313907,90.51475674035808,87.88345986203933,89.92792510986328,1017200,0.0,0.0
2023-04-04 00:00:00-04:00,89.87113652224116,90.42011414643508,89.20858230083431,89.83328247070312,1075800,0.0,0.0
2023-04-05 00:00:00-04:00,89.90900666576641,90.84605701302179,89.64398495105584,89.9374008178711,1242300,0.0,0.0
2023-04-06 00:00:00-04:00,90.14562449830059,91.08267474441332,89.88060281219573,90.51476287841797,1125400,0.0,0.0
2023-04-10 00:00:00-04:00,90.29707152989538,91.77362508211509,90.29707152989538,91.65058135986328,920900,0.0,0.0
2023-04-11 00:00:00-04:00,91.57486091539413,91.9061380377532,91.03535039575232,91.07321166992188,876100,0.0,0.0
2023-04-12 00:00:00-04:00,91.17733914872153,91.84936059676198,90.9123174195,91.45182800292969,538900,0.0,0.0
2023-04-13 00:00:00-04:00,91.60325004144603,92.27527137317247,91.10160082348821,92.04811096191406,530500,0.0,0.0
2023-04-14 00:00:00-04:00,91.76415593944665,92.12383441723736,91.20571841847591,91.80201721191406,673200,0.0,0.0
2023-04-17 00:00:00-04:00,92.03863981830324,92.13328938375166,91.24357480297775,91.74522399902344,894300,0.0,0.0
2023-04-18 00:00:00-04:00,91.85881161496499,92.65387666322063,91.8020160963044,92.38885498046875,950600,0.0,0.0
2023-04-19 00:00:00-04:00,92.73908342809341,93.02303218854858,92.48352160025311,93.01356506347656,1032400,0.0,0.0
2023-04-20 00:00:00-04:00,93.21232905165279,93.68558415865056,92.77692799847098,93.25018310546875,876700,0.0,0.0
2023-04-21 00:00:00-04:00,93.69503729469899,94.196686516479,92.94729341308938,93.68557739257812,1121400,0.0,0.0
2023-04-24 00:00:00-04:00,93.4489523494872,93.75183531532049,90.9690931020837,91.3098373413086,889500,0.0,0.0
2023-04-25 00:00:00-04:00,91.0542849099007,91.5559414179256,90.73247488494538,90.98802947998047,493000,0.0,0.0
2023-04-26 00:00:00-04:00,89.83328948687631,90.1645666234532,88.32833446456992,89.05714416503906,757500,0.0,0.0
2023-04-27 00:00:00-04:00,89.11393849988494,90.87444808367988,89.11393849988494,90.7608642578125,840600,0.0,0.0
2023-04-28 00:00:00-04:00,90.82712840879812,91.38557324633022,90.37280750428782,90.59996795654297,707000,0.0,0.0
2023-05-01 00:00:00-04:00,90.77032973248299,92.44564961110855,90.44851250902343,91.77362823486328,674200,0.0,0.0
2023-05-02 00:00:00-04:00,91.18680155008806,91.30038538913723,87.24932233995933,87.69418334960938,1030400,0.0,0.0
2023-05-03 00:00:00-04:00,87.74150276621248,90.01312895234268,87.74150276621248,88.45138549804688,1049400,0.0,0.0
2023-05-04 00:00:00-04:00,87.84561919482923,88.02545846379725,86.15136488042158,87.15467071533203,543100,0.0,0.0
2023-05-05 00:00:00-04:00,87.72256786694223,88.7258663937695,87.16412307959314,88.1011734008789,706300,0.0,0.0
2023-05-08 00:00:00-04:00,88.07278713958063,88.33780887068835,86.34067154102581,86.55836486816406,627500,0.0,0.0
2023-05-09 00:00:00-04:00,87.14520563006513,87.87401540541973,86.16083402216361,87.4386215209961,949100,0.0,0.0
2023-05-10 00:00:00-04:00,88.06332016126855,88.77320289419023,87.75097002567085,88.28101348876953,1286000,0.0,0.0
2023-05-11 00:00:00-04:00,87.87400964262133,87.87400964262133,86.80445564154626,87.20198822021484,549500,0.0,0.0
2023-05-12 00:00:00-04:00,87.4954108055328,87.91187040973577,86.66247715452647,87.88347625732422,562700,0.0,0.0
2023-05-15 00:00:00-04:00,87.93079456675768,88.43244379191947,87.38181694547524,87.85507202148438,785400,0.0,0.0
2023-05-16 00:00:00-04:00,87.41969079598792,87.70364677096852,86.78553063600506,86.79499053955078,760600,0.0,0.0
2023-05-17 00:00:00-04:00,87.06001265529821,88.3377999998532,86.6530129744533,88.09170532226562,903300,0.0,0.0
2023-05-18 00:00:00-04:00,87.94026042031268,88.43244251488295,87.29663323738278,88.35671997070312,582400,0.0,0.0
2023-05-19 00:00:00-04:00,88.72586166893714,89.09500005901054,87.46700862598655,87.7036361694336,567600,0.0,0.0
2023-05-22 00:00:00-04:00,87.5427359251563,88.80159636158413,87.25878716696315,88.18636322021484,693500,0.0,0.0
2023-05-23 00:00:00-04:00,88.4608341025414,89.142322537831,88.06330158905547,88.49869537353516,715400,0.0,0.0
2023-05-24 00:00:00-04:00,88.62176041466658,88.74481138033266,86.66248430236863,86.75714111328125,590500,0.0,0.0
2023-05-25 00:00:00-04:00,86.03778397280192,86.6435499607554,84.99662413233813,85.0439453125,1305400,0.0,0.0
2023-05-26 00:00:00-04:00,89.804879160174,92.40778203580179,87.11679383847657,91.10160064697266,2470200,0.0,0.0
2023-05-30 00:00:00-04:00,91.81148813541154,93.02302001931625,90.95962752288492,92.70121002197266,1333700,0.0,0.0
2023-05-31 00:00:00-04:00,92.38885311542195,95.99505435105338,92.04810889553404,95.19998931884766,2900500,0.0,0.0
2023-06-01 00:00:00-04:00,94.84032592656514,96.38314228441077,94.45226047191886,95.37037658691406,1515100,0.0,0.0
2023-06-02 00:00:00-04:00,95.58805000594714,98.28560226284142,95.55965585923752,98.15309143066406,1150500,0.0,0.0
2023-06-05 00:00:00-04:00,98.18150266912751,98.67368477793825,97.3012479261414,97.66091918945312,765000,0.0,0.0
2023-06-06 00:00:00-04:00,97.82182679200284,97.99219891522857,96.82799542426908,97.77450561523438,770800,0.0,0.0
2023-06-07 00:00:00-04:00,97.81236267089844,98.14364702494622,97.23499808028063,97.81236267089844,912200,0.0,0.0
2023-06-08 00:00:00-04:00,97.9827522195438,98.7115692624642,97.44324158706429,98.43708038330078,973000,0.0,0.0
2023-06-09 00:00:00-04:00,98.4465370040014,99.1185584414281,97.78397547011139,97.97328186035156,741200,0.0,0.0
2023-06-12 00:00:00-04:00,98.28561894575454,98.84406373726222,97.85022510594005,98.59796905517578,534700,0.0,0.0
2023-06-13 00:00:00-04:00,98.59795587479019,100.72760361039333,98.32346707786768,100.5950927734375,928400,0.0,0.0
2023-06-14 00:00:00-04:00,100.21481598104322,101.01341265594988,99.3306512318961,100.53805541992188,1206400,0.47,0.0
2023-06-15 00:00:00-04:00,100.71869879870579,102.28737195756877,100.6426398961227,102.08772277832031,1438800,0.0,0.0
2023-06-16 00:00:00-04:00,102.08773601967988,103.59937607773811,102.08773601967988,103.25711822509766,1172100,0.0,0.0
2023-06-20 00:00:00-04:00,102.89583683391787,104.44549890751408,102.46801094314046,104.1507797241211,1058500,0.0,0.0
2023-06-21 00:00:00-04:00,103.79902156111339,104.75924534955743,103.485283998546,104.12226104736328,718500,0.0,0.0
2023-06-22 00:00:00-04:00,104.1222429973114,104.65464801968831,103.32364634380944,104.3218994140625,710100,0.0,0.0
2023-06-23 00:00:00-04:00,103.86556643566398,104.44550290175337,101.94512620197764,102.144775390625,1228800,0.0,0.0
2023-06-26 00:00:00-04:00,101.52680589744672,103.55182524247809,101.27010891152473,103.437744140625,482600,0.0,0.0
2023-06-27 00:00:00-04:00,103.70393666592888,104.23633445080816,102.86730328583194,103.69442749023438,720100,0.0,0.0
2023-06-28 00:00:00-04:00,103.72295883434639,103.72295883434639,102.85781234158003,103.30464935302734,690300,0.0,0.0
2023-06-29 00:00:00-04:00,103.48528375117662,105.33918159097132,103.37120264024435,104.59761810302734,632500,0.0,0.0
2023-06-30 00:00:00-04:00,104.91135346760093,106.47052481361963,104.59761591235436,106.09974670410156,1033000,0.0,0.0
2023-07-03 00:00:00-04:00,105.31064711239239,106.86031646517276,104.99691682464895,106.47052001953125,543600,0.0,0.0
2023-07-05 00:00:00-04:00,105.87157407252175,107.22158700806735,105.67192488515597,106.72721862792969,897900,0.0,0.0
2023-07-06 00:00:00-04:00,106.41347981522475,106.82228736164309,105.78600473093671,106.0427017211914,777100,0.0,0.0
2023-07-07 00:00:00-04:00,105.53883151268535,107.08849372495617,104.77825691882587,106.51806640625,892600,0.0,0.0
2023-07-10 00:00:00-04:00,106.4420087125099,107.58287061633582,106.4420087125099,107.05997467041016,530800,0.0,0.0
2023-07-11 00:00:00-04:00,107.28814058379942,108.18181462408606,106.87933301785732,108.11526489257812,555100,0.0,0.0
2023-07-12 00:00:00-04:00,108.56210878365704,108.7902782699285,106.64166111852205,106.71772003173828,659000,0.0,0.0
2023-07-13 00:00:00-04:00,107.33568870200355,107.52582873643884,106.5561029554151,107.04096221923828,480200,0.0,0.0
2023-07-14 00:00:00-04:00,106.94588445600218,107.88709714240434,106.34693686287278,107.70645904541016,557200,0.0,0.0
2023-07-17 00:00:00-04:00,107.70646586233282,109.0849992328355,107.37371717842292,108.7047119140625,500100,0.0,0.0
2023-07-18 00:00:00-04:00,108.43848835666049,110.10223865199667,108.43848835666049,109.87406921386719,1067500,0.0,0.0
2023-07-19 00:00:00-04:00,110.26386704584831,110.98640481815234,109.74097118778221,110.32090759277344,945200,0.0,0.0
2023-07-20 00:00:00-04:00,109.89309374935203,110.6821885838704,109.78852181967788,110.52056884765625,573900,0.0,0.0
2023-07-21 00:00:00-04:00,111.12903203781157,111.12903203781157,109.99767931194424,110.12127685546875,916700,0.0,0.0
2023-07-24 00:00:00-04:00,109.95014338822544,110.75824933613998,109.47478609493729,110.1593017578125,512500,0.0,0.0
2023-07-25 00:00:00-04:00,109.56033912154358,110.53007199266312,109.36068994298982,110.4920425415039,649900,0.0,0.0
2023-07-26 00:00:00-04:00,110.41598795566917,111.2811416832663,110.21633876931054,110.7867660522461,603200,0.0,0.0
2023-07-27 00:00:00-04:00,110.87233375746911,111.06247376667635,108.15328955622245,108.34342956542969,1360500,0.0,0.0
2023-07-28 00:00:00-04:00,108.52407786119866,115.60689904445928,108.52407786119866,114.97943115234375,1456900,0.0,0.0
2023-07-31 00:00:00-04:00,115.10300913419601,115.25512694230457,113.96215458688711,115.11251831054688,1003700,0.0,0.0
2023-08-01 00:00:00-04:00,115.96816189253987,117.93614068513298,114.7892706495375,117.25162506103516,1101600,0.0,0.0
2023-08-02 00:00:00-04:00,116.89987142866356,117.70797742312647,116.10127461155963,117.61290740966797,748100,0.0,0.0
2023-08-03 00:00:00-04:00,117.61289038952744,119.0199510465751,116.74774396286297,118.40198516845703,780100,0.0,0.0
2023-08-04 00:00:00-04:00,118.73474237586306,118.73474237586306,116.59563458779917,116.64317321777344,887300,0.0,0.0
2023-08-07 00:00:00-04:00,116.78576971757198,117.86008178170518,116.58612053610616,117.25162506103516,688100,0.0,0.0
2023-08-08 00:00:00-04:00,117.16605290469809,117.16605290469809,115.03645445644959,115.95864868164062,1037400,0.0,0.0
2023-08-09 00:00:00-04:00,116.12977766221421,116.7287251861873,115.4072326110416,115.57836151123047,678900,0.0,0.0
2023-08-10 00:00:00-04:00,115.42626065334,115.9111198667673,114.20933989795688,114.74174499511719,897100,0.0,0.0
2023-08-11 00:00:00-04:00,114.84632245026604,114.98892383243518,114.32342653772417,114.72272491455078,1265600,0.0,0.0
2023-08-14 00:00:00-04:00,115.20949176147052,117.33787843471457,115.10450365354097,116.55524444580078,773900,0.47,0.0
2023-08-15 00:00:00-04:00,116.12575660895295,117.34742858184137,116.05894665048997,116.2593765258789,699800,0.0,0.0
2023-08-16 00:00:00-04:00,116.25935567301818,116.25935567301818,114.1118837453674,114.29322814941406,690600,0.0,0.0
2023-08-17 00:00:00-04:00,114.09280979970877,114.92316831678082,109.60697473004872,109.66424560546875,1110100,0.0,0.0
2023-08-18 00:00:00-04:00,109.75013206531258,110.02691821514706,108.28030593260787,108.58572387695312,1271700,0.0,0.0
2023-08-21 00:00:00-04:00,108.70980239698005,109.11066207513171,107.36404982952199,107.8985366821289,774200,0.0,0.0
2023-08-22 00:00:00-04:00,107.96534662915587,108.91023223673008,106.47642781042356,107.79354858398438,655200,0.0,0.0
2023-08-23 00:00:00-04:00,108.14669298241598,108.83388522175991,107.27816360561198,108.5189208984375,653000,0.0,0.0
2023-08-24 00:00:00-04:00,108.42347216117865,110.12235993130474,108.42347216117865,109.5306167602539,739600,0.0,0.0
2023-08-25 00:00:00-04:00,110.16054577833475,110.16054577833475,108.62390959090237,109.32064819335938,359500,0.0,0.0
2023-08-28 00:00:00-04:00,108.90068123684391,110.20825559612814,108.90068123684391,109.8073959350586,440600,0.0,0.0
2023-08-29 00:00:00-04:00,109.70241681285704,109.75013404398923,108.66208214253422,109.20610809326172,610600,0.0,0.0
2023-08-30 00:00:00-04:00,109.78831352121361,110.01737516592861,109.177477614148,109.33972930908203,429300,0.0,0.0
2023-08-31 00:00:00-04:00,109.63560927849186,109.82649277070126,107.96535323557495,108.14669036865234,847400,0.0,0.0
2023-09-01 00:00:00-04:00,108.671637367521,110.0460218948527,108.671637367521,109.54971313476562,913400,0.0,0.0
2023-09-05 00:00:00-04:00,108.97704841370636,110.21781295329933,108.75752584498264,109.51152801513672,844100,0.0,0.0
2023-09-06 00:00:00-04:00,109.57834032795535,109.98874639697063,109.06294615186138,109.18702697753906,815400,0.0,0.0
2023-09-07 00:00:00-04:00,109.27291578114124,109.53061649452826,107.31633458348784,107.57402801513672,764500,0.0,0.0
2023-09-08 00:00:00-04:00,107.82218808286402,107.89854439322734,106.68641163185998,106.84866333007812,462600,0.0,0.0
2023-09-11 00:00:00-04:00,106.84866458563725,107.71720124231425,106.78185463371891,107.61221313476562,436200,0.0,0.0
2023-09-12 00:00:00-04:00,107.14453092832159,108.25166818503676,106.81048120783588,108.08941650390625,401700,0.0,0.0
2023-09-13 00:00:00-04:00,108.54754371107566,109.55923919976725,107.81262706678126,108.07032775878906,554500,0.0,0.0
2023-09-14 00:00:00-04:00,108.50937154267092,108.73843317350901,107.74582306422666,107.93670654296875,497200,0.0,0.0
2023-09-15 00:00:00-04:00,107.31633429693578,107.64083767531145,105.75106643029733,106.35235595703125,1191400,0.0,0.0
2023-09-18 00:00:00-04:00,106.52415730794576,107.76492183468133,106.3905374089728,106.5814208984375,463300,0.0,0.0
2023-09-19 00:00:00-04:00,106.43824635600564,106.60050531933364,105.61744158980292,106.40961456298828,430500,0.0,0.0
2023-09-20 00:00:00-04:00,106.51461461171212,107.25907044065801,105.6269925198754,106.49552917480469,876700,0.0,0.0
2023-09-21 00:00:00-04:00,106.05648826598704,106.05648826598704,102.67779805468972,102.73506164550781,720200,0.0,0.0
2023-09-22 00:00:00-04:00,102.60145239878263,103.3268228453261,102.36284436994825,102.47737884521484,475200,0.0,0.0
2023-09-25 00:00:00-04:00,102.19103335090995,103.221821652497,102.19103335090995,103.16455078125,463500,0.0,0.0
2023-09-26 00:00:00-04:00,102.87823677443006,103.58451448845582,102.02879278927688,103.39363098144531,678700,0.0,0.0
2023-09-27 00:00:00-04:00,103.82310750581354,105.3692899033639,103.63222402639457,104.72027587890625,1278700,0.0,0.0
2023-09-28 00:00:00-04:00,105.0256995264704,105.512461891719,103.68949325265885,103.7849349975586,361300,0.0,0.0
2023-09-29 00:00:00-04:00,104.45303044301298,105.15930801673166,103.92808998040867,104.290771484375,740800,0.0,0.0
2023-10-02 00:00:00-04:00,105.14021985779632,108.66206855888242,104.82525558839608,108.39482879638672,1772300,0.0,0.0
2023-10-03 00:00:00-04:00,108.92932951234714,111.23906065554364,108.75753144850175,109.52108001708984,1698800,0.0,0.0
2023-10-04 00:00:00-04:00,109.91239690667312,111.39176219539075,109.2156583155047,110.55186462402344,1548500,0.0,0.0
2023-10-05 00:00:00-04:00,110.39915915233348,111.63992379382599,110.28463196075752,111.39176940917969,936300,0.0,0.0
2023-10-06 00:00:00-04:00,110.83818471800687,114.56047094679735,110.83818471800687,114.03553771972656,1247300,0.0,0.0
2023-10-09 00:00:00-04:00,114.77044278081607,117.19470082438157,114.58909837890646,117.16606903076172,966800,0.0,0.0
2023-10-10 00:00:00-04:00,117.08016438430556,119.41852700738927,117.08016438430556,118.81723022460938,1089200,0.0,0.0
2023-10-11 00:00:00-04:00,118.82678443343298,121.02198095413549,118.81723807451144,120.87881469726562,944400,0.0,0.0
2023-10-12 00:00:00-04:00,121.75688404390364,122.06230197782229,120.16298442881995,121.22240447998047,905700,0.0,0.0
2023-10-13 00:00:00-04:00,121.81416053451632,122.14821757909228,121.13651464940685,122.07186126708984,853700,0.0,0.0
2023-10-16 00:00:00-04:00,121.99550584941507,123.19809228618381,121.67100244363392,122.83540344238281,747400,0.0,0.0
2023-10-17 00:00:00-04:00,122.66360139086026,124.40066001073951,122.23410991520436,122.81629943847656,921600,0.0,0.0
2023-10-18 00:00:00-04:00,122.92129037721526,122.98810760741502,119.52352208278849,119.59033203125,1303700,0.0,0.0
2023-10-19 00:00:00-04:00,120.94562619013617,122.18639072319591,117.42376972217635,117.69100952148438,1457300,0.0,0.0
2023-10-20 00:00:00-04:00,117.70056269606702,118.3304913581168,116.28800002712256,116.29754638671875,845100,0.0,0.0
2023-10-23 00:00:00-04:00,116.46933550601318,116.77475345398604,115.3621981752634,115.74396514892578,651400,0.0,0.0
2023-10-24 00:00:00-04:00,116.38343311833377,117.03244712894035,113.3674246920627,114.27413940429688,843800,0.0,0.0
2023-10-25 00:00:00-04:00,114.57001664245871,115.01860084161935,113.45333296480663,113.9687271118164,1637800,0.0,0.0
2023-10-26 00:00:00-04:00,113.95918066802967,116.18300894465202,113.95918066802967,115.82032012939453,1317700,0.0,0.0
2023-10-27 00:00:00-04:00,112.12667282635007,113.33879824360106,109.46380671380763,112.01213836669922,1821500,0.0,0.0
2023-10-30 00:00:00-04:00,113.04293697357578,113.2338204753406,111.28677817403636,112.48936462402344,1249300,0.0,0.0
2023-10-31 00:00:00-04:00,113.03337889543957,114.99950643039011,112.68978280249353,114.46502685546875,1130500,0.0,0.0
2023-11-01 00:00:00-04:00,115.16177598306878,118.9890433050786,114.81817985854708,118.12051391601562,1325100,0.0,0.0
2023-11-02 00:00:00-04:00,117.8818969949145,118.61680642244626,117.0801703376871,117.14698028564453,747200,0.0,0.0
2023-11-03 00:00:00-04:00,117.31878330497199,119.29445731453926,117.31878330497199,117.4046859741211,729800,0.0,0.0
2023-11-06 00:00:00-05:00,117.51921144911782,118.4259262329015,117.01336364597223,118.00597381591797,564200,0.0,0.0
2023-11-07 00:00:00-05:00,117.63374130201021,118.49273153865649,117.00381270122357,117.53829956054688,730700,0.0,0.0
2023-11-08 00:00:00-05:00,117.45240600599185,119.17038661253639,117.45240600599185,119.10357666015625,592900,0.0,0.0
2023-11-09 00:00:00-05:00,118.93178757106584,119.44718179190772,118.29231979551246,118.9222412109375,562400,0.0,0.0
2023-11-10 00:00:00-05:00,119.3994402354597,120.75473191072317,119.2944521342468,120.25843048095703,521500,0.0,0.0
2023-11-13 00:00:00-05:00,120.42069262855892,122.71133833662905,120.18208461085231,121.5373764038086,979500,0.0,0.0
2023-11-14 00:00:00-05:00,121.88224296806887,124.33463081931436,121.37451390908633,123.8843994140625,900200,0.47,0.0
2023-11-15 00:00:00-05:00,123.6449253100425,124.459189264072,121.24999822342241,121.43201446533203,771600,0.0,0.0
2023-11-16 00:00:00-05:00,121.4703179721752,122.86894275148698,121.18292471340084,122.45702362060547,598000,0.0,0.0
2023-11-17 00:00:00-05:00,122.61029966416983,122.92643810868138,120.89553638332698,121.4894790649414,563300,0.0,0.0
2023-11-20 00:00:00-05:00,121.40326289586034,122.31332938526836,121.15418922062837,122.17921447753906,480200,0.0,0.0
2023-11-21 00:00:00-05:00,122.26542234419783,122.69651222060305,121.0104869197826,121.06796264648438,597200,0.0,0.0
2023-11-22 00:00:00-05:00,121.17335199219927,122.29417993772456,120.95302347832099,122.06426239013672,363400,0.0,0.0
2023-11-24 00:00:00-05:00,121.9301377731091,123.13717191268559,121.9301377731091,122.76356506347656,161300,0.0,0.0
2023-11-27 00:00:00-05:00,122.76356905243928,123.46289607856089,122.46660137001197,122.50492095947266,644200,0.0,0.0
2023-11-28 00:00:00-05:00,121.05839556954324,122.21753575014942,120.34949412325034,120.64646911621094,749200,0.0,0.0
2023-11-29 00:00:00-05:00,120.71352199049966,121.1733424319674,119.11371024345901,119.23825073242188,658200,0.0,0.0
2023-11-30 00:00:00-05:00,119.02749726709386,120.24411313801383,118.94128367464054,119.8705062866211,1289000,0.0,0.0
2023-12-01 00:00:00-05:00,120.16749659471691,122.83064620682346,119.314905742171,122.7731704711914,690300,0.0,0.0
2023-12-04 00:00:00-05:00,123.08928842537172,125.76201216745237,122.63904238799816,125.70453643798828,813100,0.0,0.0
2023-12-05 00:00:00-05:00,125.49378006252469,125.54168137534721,122.62945111790735,122.66777801513672,633600,0.0,0.0
2023-12-06 00:00:00-05:00,122.64860962790034,123.5491016499619,120.57940309239973,121.56610870361328,626800,0.0,0.0
2023-12-07 00:00:00-05:00,121.26913788786375,122.01635889635905,118.81674270730731,120.0716781616211,492000,0.0,0.0
2023-12-08 00:00:00-05:00,120.27286213055852,120.38781359081362,118.57725500465162,120.02378845214844,562900,0.0,0.0
2023-12-11 00:00:00-05:00,120.26327245217085,121.71938021924409,120.26327245217085,121.36493682861328,446200,0.0,0.0
2023-12-12 00:00:00-05:00,121.19250643768376,122.56240066157511,120.5219246034483,122.45702362060547,489700,0.0,0.0
2023-12-13 00:00:00-05:00,122.45702059558509,124.39211956494007,121.94929885184477,123.55867767333984,688100,0.0,0.0
2023-12-14 00:00:00-05:00,123.53953867582212,123.88440768179639,118.86465095426628,119.95673370361328,889000,0.0,0.0
2023-12-15 00:00:00-05:00,119.0370788360966,119.89925130307596,118.37607872662673,119.76512908935547,1186900,0.0,0.0
2023-12-18 00:00:00-05:00,120.18664043057211,120.92427973632371,119.42984498447635,120.01420593261719,582400,0.0,0.0
2023-12-19 00:00:00-05:00,120.3207440436205,120.7709900409408,120.00461294226194,120.48359680175781,559400,0.0,0.0
2023-12-20 00:00:00-05:00,120.3015883490009,121.58526158900416,119.50647338521239,119.55437469482422,406400,0.0,0.0
2023-12-21 00:00:00-05:00,120.02377638952143,120.74225217876524,119.77470273614375,120.48359680175781,348000,0.0,0.0
2023-12-22 00:00:00-05:00,120.8859518481763,122.13130552905628,120.47402542626887,121.66190338134766,338000,0.0,0.0
2023-12-26 00:00:00-05:00,121.55652492769568,122.67734542003436,121.47031133999907,122.05467224121094,278800,0.0,0.0
2023-12-27 00:00:00-05:00,121.98761415780028,122.97431980634194,121.80560524868919,121.9397201538086,452500,0.0,0.0
2023-12-28 00:00:00-05:00,119.21908567139474,122.95516873289243,118.28986307678899,121.80560302734375,1099100,0.0,0.0
2023-12-29 00:00:00-05:00,121.8151850616422,122.66777579168695,121.49905394365776,122.53366088867188,403100,0.0,0.0
2024-01-02 00:00:00-05:00,121.84393831268176,122.90728325566988,121.27873345684219,122.12174987792969,519400,0.0,0.0
2024-01-03 00:00:00-05:00,121.80559822849115,122.04509016078913,120.30158918600844,120.80931091308594,563500,0.0,0.0
2024-01-04 00:00:00-05:00,121.4511569974261,122.38038693651447,120.03336874066979,120.11000061035156,629200,0.0,0.0
2024-01-05 00:00:00-05:00,118.90295965928156,120.1674767958498,117.99288591233281,118.56766510009766,637000,0.0,0.0
2024-01-08 00:00:00-05:00,119.20950627252027,121.68105745326451,118.82631772002301,121.63316345214844,447300,0.0,0.0
2024-01-09 00:00:00-05:00,121.63316869479245,121.94929981238214,120.1483157306329,121.91098022460938,494500,0.0,0.0
2024-01-10 00:00:00-05:00,121.9109849945455,123.55868348095815,120.97217332916583,121.87266540527344,473000,0.0,0.0
2024-01-11 00:00:00-05:00,122.26543228506634,122.51450596888175,120.30160260637425,121.20208740234375,542400,0.0,0.0
2024-01-12 00:00:00-05:00,121.68106033109457,123.28087202745365,120.95301010371604,123.22339630126953,598400,0.0,0.0
2024-01-16 00:00:00-05:00,122.86893698693687,122.86893698693687,120.5985581222509,121.34577178955078,515500,0.0,0.0
2024-01-17 00:00:00-05:00,120.90510607827429,122.44743470510802,120.90510607827429,121.22123718261719,513500,0.0,0.0
2024-01-18 00:00:00-05:00,121.26913452619316,122.35164276628564,120.58897829758746,122.30374145507812,569000,0.0,0.0
2024-01-19 00:00:00-05:00,122.63903856901862,122.8689414797158,121.74812093778249,122.13130950927734,656700,0.0,0.0
2024-01-22 00:00:00-05:00,122.51449068998237,124.9285734286685,122.27499876083489,124.51663970947266,747100,0.0,0.0
2024-01-23 00:00:00-05:00,124.43042511928147,124.81360635585506,123.19465320651851,123.46288299560547,497300,0.0,0.0
2024-01-24 00:00:00-05:00,123.97062335531396,124.77531284358861,123.30962319800645,123.72154235839844,536000,0.0,0.0
2024-01-25 00:00:00-05:00,123.73111278469241,124.53580215195328,122.68693149021627,123.46288299560547,1031000,0.0,0.0
2024-01-26 00:00:00-05:00,134.02927286051292,141.31940810156937,134.00053499709628,140.22732543945312,2370100,0.0,0.0
2024-01-29 00:00:00-05:00,140.4380921030924,141.00328962418027,136.49125463680653,138.33055114746094,1297500,0.0,0.0
2024-01-30 00:00:00-05:00,139.0011447719887,139.0011447719887,136.48168457840293,138.59878540039062,1042700,0.0,0.0
2024-01-31 00:00:00-05:00,139.04899180117968,139.04899180117968,134.82436577898434,134.8531036376953,1306300,0.0,0.0
2024-02-01 00:00:00-05:00,135.06386482796307,136.2038340578232,133.5119472883088,136.1942596435547,1086600,0.0,0.0
2024-02-02 00:00:00-05:00,136.42419687523153,137.30552549047997,135.30337631179296,136.46250915527344,766400,0.0,0.0
2024-02-05 00:00:00-05:00,136.7499072340451,136.7499072340451,134.69028225402408,135.90689086914062,528900,0.0,0.0
2024-02-06 00:00:00-05:00,135.90689229069574,138.15812255350895,135.38002167454846,137.99526977539062,651900,0.0,0.0
2024-02-07 00:00:00-05:00,138.35929835080563,139.5280203714633,137.22890323234378,137.62167358398438,531700,0.0,0.0
2024-02-08 00:00:00-05:00,137.57373297304474,139.37471680868873,136.85525724509222,138.54127502441406,424500,0.0,0.0
2024-02-09 00:00:00-05:00,139.30078249442255,141.10814041229938,138.13754741089065,141.02162170410156,737900,0.51,0.0
2024-02-12 00:00:00-05:00,140.79087583185154,142.34828576318142,140.03140946808486,140.2525177001953,705100,0.0,0.0
2024-02-13 00:00:00-05:00,139.72379316427066,141.23313253514513,138.57977459280002,138.8201141357422,540400,0.0,0.0
2024-02-14 00:00:00-05:00,140.2813474139412,140.8966159025005,138.35863155354866,139.52188110351562,855100,0.0,0.0
2024-02-15 00:00:00-05:00,139.72378494179577,140.7908930364283,139.23349758394434,139.75262451171875,621700,0.0,0.0
2024-02-16 00:00:00-05:00,139.93527176091,141.36770049894452,138.81048463204775,139.964111328125,591300,0.0,0.0
2024-02-20 00:00:00-05:00,139.58918425332874,141.08890044629058,138.97391569546852,139.49305725097656,614700,0.0,0.0
2024-02-21 00:00:00-05:00,138.8681835334363,140.1852541900871,137.52228797462683,139.2911834716797,533400,0.0,0.0
2024-02-22 00:00:00-05:00,140.3101744069383,142.22328179751696,140.089066210168,141.83872985839844,796700,0.0,0.0
2024-02-23 00:00:00-05:00,142.2810137877312,143.56923025683204,141.79072638598262,143.15585327148438,532400,0.0,0.0
2024-02-26 00:00:00-05:00,143.7710866187844,143.93451571255724,141.8483706885276,142.0214080810547,447000,0.0,0.0
2024-02-27 00:00:00-05:00,141.02158811358157,141.58878573554472,139.51224921845326,140.86776733398438,536300,0.0,0.0
2024-02-28 00:00:00-05:00,140.69476495364088,142.11757084591548,140.3678920484049,141.61766052246094,512700,0.0,0.0
2024-02-29 00:00:00-05:00,141.627283449226,143.0596976412508,141.57921261001513,142.00221252441406,689100,0.0,0.0
2024-03-01 00:00:00-05:00,141.63687974785236,142.55977523819374,141.2331111371831,142.4540252685547,649800,0.0,0.0
2024-03-04 00:00:00-05:00,142.84818937403742,144.7709054773369,142.55977902471054,143.29042053222656,491400,0.0,0.0
2024-03-05 00:00:00-05:00,143.2519814637256,143.54039186030138,142.23294410909836,143.42503356933594,497300,0.0,0.0
2024-03-06 00:00:00-05:00,143.50193747185148,144.4632956373535,142.99241881766832,143.14622497558594,744800,0.0,0.0
2024-03-07 00:00:00-05:00,143.6557201811354,144.1267908862376,141.358075127392,142.65591430664062,639700,0.0,0.0
2024-03-08 00:00:00-05:00,142.80974201102677,143.598047988202,140.89663420058622,141.4542236328125,380200,0.0,0.0
2024-03-11 00:00:00-04:00,140.88699440471925,140.98312138723824,138.60856634858737,138.9931182861328,550900,0.0,0.0
2024-03-12 00:00:00-04:00,139.27194193510013,140.56017292547304,138.24329640579643,140.01219177246094,520900,0.0,0.0
2024-03-13 00:00:00-04:00,140.01216040232907,140.69473094836937,139.22385457237354,140.4543914794922,403100,0.0,0.0
2024-03-14 00:00:00-04:00,140.84854939737716,141.0408327246474,138.64704612405276,139.56033325195312,500500,0.0,0.0
2024-03-15 00:00:00-04:00,138.63744783497384,140.21407441597734,138.63744783497384,139.1950225830078,622300,0.0,0.0
2024-03-18 00:00:00-04:00,139.19504244307421,140.18525484998415,138.64707591625142,138.90664672851562,583400,0.0,0.0
2024-03-19 00:00:00-04:00,139.19501925543463,140.6370562646535,138.63744452072996,140.52169799804688,576800,0.0,0.0
2024-03-20 00:00:00-04:00,140.58900649480412,141.47345414039114,140.05063366477927,141.1562042236328,380600,0.0,0.0
2024-03-21 00:00:00-04:00,141.55995857534683,142.6943539186596,140.56976105731678,142.5213165283203,439300,0.0,0.0
2024-03-22 00:00:00-04:00,143.04044700791772,143.52112599663454,141.06005192146986,141.9060516357422,424900,0.0,0.0
2024-03-25 00:00:00-04:00,142.12719064996546,142.57903017076683,140.09872429141944,140.4832763671875,430400,0.0,0.0
2024-03-26 00:00:00-04:00,140.56014161881723,142.059857559533,140.22366049428047,141.49264526367188,597600,0.0,0.0
2024-03-27 00:00:00-04:00,142.22329836283515,142.78088773763423,141.38692163521563,142.4924774169922,415900,0.0,0.0
2024-03-28 00:00:00-04:00,142.5886212298549,144.02103521767964,142.5886212298549,142.7039794921875,418300,0.0,0.0
2024-04-01 00:00:00-04:00,142.5693763448434,143.33846558163373,141.73298501534873,143.3000030517578,569000,0.0,0.0
2024-04-02 00:00:00-04:00,143.0308287653221,143.7133993362764,141.1369525079103,141.1754150390625,407300,0.0,0.0
2024-04-03 00:00:00-04:00,140.94469714147567,142.6174653444464,140.92546587408734,142.03103637695312,438500,0.0,0.0
2024-04-04 00:00:00-04:00,142.752068921775,143.53076663228296,140.550550667732,140.69476318359375,557100,0.0,0.0
2024-04-05 00:00:00-04:00,140.94470427912725,142.46365175823092,140.16600660579303,141.1562042236328,655400,0.0,0.0
2024-04-08 00:00:00-04:00,140.99277373227824,142.0887213116193,140.1756135302361,141.6272735595703,589000,0.0,0.0
2024-04-09 00:00:00-04:00,141.46383076504145,142.0118118930926,137.82989852048638,137.9548797607422,490500,0.0,0.0
2024-04-10 00:00:00-04:00,136.66665422885242,138.37787026311864,136.45515429929964,137.19540405273438,465400,0.0,0.0
2024-04-11 00:00:00-04:00,138.27215554371207,139.36810333567806,136.57054737463042,138.6278533935547,574200,0.0,0.0
2024-04-12 00:00:00-04:00,137.97409780262186,139.50265343040363,137.7529749111881,138.52206420898438,553100,0.0,0.0
2024-04-15 00:00:00-04:00,139.17582041560675,140.4159659473446,136.7051229833604,136.76280212402344,637900,0.0,0.0
2024-04-16 00:00:00-04:00,137.7049248921115,138.06062265718305,136.40708572735818,136.66665649414062,521100,0.0,0.0
2024-04-17 00:00:00-04:00,136.80123575613433,136.80123575613433,134.5420387631556,134.84005737304688,535800,0.0,0.0
2024-04-18 00:00:00-04:00,135.25347452616106,136.320582612528,133.55186656808178,134.1190643310547,436800,0.0,0.0
2024-04-19 00:00:00-04:00,134.5997180824306,136.93582547307307,134.4362889951346,136.6474151611328,747500,0.0,0.0
2024-04-22 00:00:00-04:00,137.32038131544462,139.08927661939344,136.73395231401855,137.4838104248047,499600,0.0,0.0
2024-04-23 00:00:00-04:00,138.0894665526342,140.77164899627516,137.48380630087425,140.31982421875,583900,0.0,0.0
2024-04-24 00:00:00-04:00,140.91586227981236,141.47345169941914,137.64723616513382,138.81048583984375,514700,0.0,0.0
2024-04-25 00:00:00-04:00,138.59896408520262,140.96391092931015,138.46437456849128,139.65646362304688,469600,0.0,0.0
2024-04-26 00:00:00-04:00,139.37766861249145,139.9256496738991,138.71432929359077,139.52188110351562,405600,0.0,0.0
2024-04-29 00:00:00-04:00,139.89680238582352,142.05023464231115,139.75258990276134,141.877197265625,567100,0.0,0.0
2024-04-30 00:00:00-04:00,143.0404768411367,143.23276021205385,140.97356262623217,141.96376037597656,707400,0.0,0.0
2024-05-01 00:00:00-04:00,142.36748277595768,143.117340737487,141.35805408338916,141.63685607910156,795500,0.0,0.0
2024-05-02 00:00:00-04:00,142.78091357905834,142.91550313049575,140.5793952465651,141.03123474121094,698700,0.0,0.0
2024-05-03 00:00:00-04:00,142.21368344693565,142.5405563190548,140.13716129289153,141.55996704101562,796800,0.0,0.0
2024-05-06 00:00:00-04:00,142.2136783914117,147.07816207353326,141.5888015744865,146.972412109375,1525400,0.0,0.0
2024-05-07 00:00:00-04:00,147.08778510705844,148.83746384037846,145.42463974883364,145.5496063232422,804000,0.0,0.0
2024-05-08 00:00:00-04:00,145.6457224385295,146.4628825244945,142.83855911948513,145.2323455810547,1042200,0.0,0.0
2024-05-09 00:00:00-04:00,145.8476302286798,148.3952230888638,145.60729072605267,148.37599182128906,872600,0.0,0.0
2024-05-10 00:00:00-04:00,149.30849207799156,150.1064208898183,148.48172370289515,150.02951049804688,802000,0.0,0.0
2024-05-13 00:00:00-04:00,150.0295330930835,150.76978288985552,145.78994062406116,145.95338439941406,722700,0.0,0.0
2024-05-14 00:00:00-04:00,145.5591999343625,146.34750576693372,142.16560779608878,143.3000030517578,1164100,0.0,0.0
2024-05-15 00:00:00-04:00,142.90586277190027,145.8476306139204,142.6655232686383,145.1169891357422,704400,0.0,0.0
2024-05-16 00:00:00-04:00,145.17466708325077,146.9820248271439,144.99202138435774,146.65516662597656,533600,0.0,0.0
2024-05-17 00:00:00-04:00,146.76092485932796,147.79919332371352,146.16487288750895,146.40521240234375,620000,0.0,0.0
2024-05-20 00:00:00-04:00,146.41481766459842,148.04912323399924,146.1264073478434,148.02989196777344,559000,0.0,0.0
2024-05-21 00:00:00-04:00,148.1837205583823,148.52981002287186,147.36656039609454,148.19332885742188,470000,0.0,0.0
2024-05-22 00:00:00-04:00,148.11644304024418,148.93358858806477,146.98203290381818,147.53001403808594,281500,0.0,0.0
2024-05-23 00:00:00-04:00,148.57791095946865,148.7221088200721,146.1745154883325,146.4725341796875,733500,0.0,0.0
2024-05-24 00:00:00-04:00,154.3844836551741,158.0760949969892,150.44292450461384,152.38485717773438,1466200,0.0,0.0
2024-05-28 00:00:00-04:00,153.88455944546115,154.62479443468524,148.30868093254102,148.6259307861328,885800,0.0,0.0
2024-05-29 00:00:00-04:00,147.71265638787844,149.08740600754604,146.42444014002615,148.47213745117188,733800,0.0,0.0
2024-05-30 00:00:00-04:00,148.25103031588648,148.25103031588648,145.0304750030772,145.86685180664062,1091500,0.0,0.0
2024-05-31 00:00:00-04:00,146.4821295122307,146.91475239406344,145.31889442191564,146.3283233642578,1035800,0.0,0.0
2024-06-03 00:00:00-04:00,146.20333948036983,146.58787684710887,143.62689218190553,144.69400024414062,564900,0.0,0.0
2024-06-04 00:00:00-04:00,144.84779781147444,147.0204614562576,144.84779781147444,146.01104736328125,682300,0.0,0.0
2024-06-05 00:00:00-04:00,146.08797212722666,148.52981505953585,145.84763262065783,147.49154663085938,612500,0.0,0.0
2024-06-06 00:00:00-04:00,147.5107781985787,149.010494375551,146.07834945561956,146.39559936523438,617400,0.0,0.0
2024-06-07 00:00:00-04:00,146.7513048053527,147.74150245260736,145.64574888281714,145.87648010253906,650200,0.0,0.0
2024-06-10 00:00:00-04:00,145.6937926195973,146.77050877302918,144.9631512276336,145.9725799560547,797200,0.0,0.0
2024-06-11 00:00:00-04:00,145.60730475465007,145.9341629891161,144.136413361232,144.8766632080078,673700,0.0,0.0
2024-06-12 00:00:00-04:00,145.41499973756933,147.12621573270565,145.16505194888546,146.04949951171875,489600,0.0,0.0
2024-06-13 00:00:00-04:00,146.030215297603,146.13632146628834,144.50615156492756,145.0849151611328,394400,0.51,0.0
2024-06-14 00:00:00-04:00,143.99490449282547,145.51896809559636,143.3196901671848,145.09454345703125,376000,0.0,0.0
2024-06-17 00:00:00-04:00,144.7087282808036,147.52534746208914,143.93704836516793,147.48675537109375,522500,0.0,0.0
2024-06-18 00:00:00-04:00,146.94659032917792,148.96259297481478,146.2810165565584,148.41278076171875,505600,0.0,0.0
2024-06-20 00:00:00-04:00,148.4320756087293,149.07835332977783,147.3227810904696,148.9818878173828,565900,0.0,0.0
2024-06-21 00:00:00-04:00,148.99154486357787,149.6956960124985,147.19739523041852,149.36773681640625,1325200,0.0,0.0
2024-06-24 00:00:00-04:00,149.52204461605336,152.69557420687798,149.48346724604235,151.65380859375,620800,0.0,0.0
2024-06-25 00:00:00-04:00,151.91426030689627,152.49300919373596,150.42877392167762,151.8177947998047,503400,0.0,0.0
2024-06-26 00:00:00-04:00,150.8724722235162,151.25830475739482,149.7921146352342,150.69883728027344,677200,0.0,0.0
2024-06-27 00:00:00-04:00,150.26479351978003,150.86283844850956,148.3741932270229,150.71815490722656,586300,0.0,0.0
2024-06-28 00:00:00-04:00,151.32586236397555,152.0010767861323,147.61216096425753,148.45135498046875,1816800,0.0,0.0
2024-07-01 00:00:00-04:00,149.12658995183628,149.6185287532338,145.4900578751201,145.65403747558594,944200,0.0,0.0
2024-07-02 00:00:00-04:00,145.5189943775627,147.59287047771193,144.9788228194906,147.3710174560547,515400,0.0,0.0
2024-07-03 00:00:00-04:00,147.6314469776516,149.05904519013544,146.55108925704778,149.0397491455078,261000,0.0,0.0
2024-07-05 00:00:00-04:00,148.71182400054317,149.3291651027306,147.18775993483007,147.38067626953125,401300,0.0,0.0
2024-07-08 00:00:00-04:00,148.113769806687,149.55100892229964,148.00766362136366,148.25845336914062,490700,0.0,0.0
2024-07-09 00:00:00-04:00,148.25843747738065,149.17480095136366,147.78579474497985,148.92401123046875,437900,0.0,0.0
2024-07-10 00:00:00-04:00,149.51240741056625,150.13938903808594,148.41276835770873,150.13938903808594,339700,0.0,0.0
2024-07-11 00:00:00-04:00,150.58310829034897,151.84672691474563,150.5734676273594,151.42230224609375,369900,0.0,0.0
2024-07-12 00:00:00-04:00,152.31936734246082,153.41900626194052,151.96245679169232,152.56051635742188,373000,0.0,0.0
2024-07-15 00:00:00-04:00,151.96247170954575,153.8048538971675,151.51876572085763,151.65380859375,461500,0.0,0.0
2024-07-16 00:00:00-04:00,152.42549794881268,154.15211869673638,152.37726519436973,152.5894775390625,493600,0.0,0.0
2024-07-17 00:00:00-04:00,152.00107252390944,152.97530939723373,150.6892210896885,150.72779846191406,391600,0.0,0.0
2024-07-18 00:00:00-04:00,150.71817154813223,153.0235561113896,150.4963185208134,151.15223693847656,434000,0.0,0.0
2024-07-19 00:00:00-04:00,151.64417606012194,151.943198529087,150.0140061165948,150.53488159179688,436500,0.0,0.0
2024-07-22 00:00:00-04:00,150.79533682336674,152.72452936551653,149.0687012557429,152.5701904296875,388500,0.0,0.0
2024-07-23 00:00:00-04:00,152.86919560673357,154.93343080432206,152.0589383632471,154.6151123046875,565900,0.0,0.0
2024-07-24 00:00:00-04:00,153.901330143494,153.97849960747223,148.50924079568279,148.63462829589844,617700,0.0,0.0
2024-07-25 00:00:00-04:00,149.1941066204521,151.2101093369648,148.07517139000214,148.1427001953125,797600,0.0,0.0
2024-07-26 00:00:00-04:00,135.7669157167932,137.93725717585383,129.89252836672588,134.88912963867188,2954200,0.0,0.0
2024-07-29 00:00:00-04:00,136.7990266267663,139.86643517464918,136.5096448516568,139.37449645996094,2045100,0.0,0.0
2024-07-30 00:00:00-04:00,140.17510184262994,140.98535897362882,133.01778636310473,133.9052276611328,1221300,0.0,0.0
2024-07-31 00:00:00-04:00,136.03700413790955,139.01760293420946,134.6769199311656,138.2362823486328,1207700,0.0,0.0
2024-08-01 00:00:00-04:00,138.23629334254096,139.22018568934607,135.65118232449294,137.8890380859375,896900,0.0,0.0
2024-08-02 00:00:00-04:00,135.76691157776287,138.90184914527782,135.11099324393467,138.88255310058594,953500,0.0,0.0
2024-08-05 00:00:00-04:00,134.41648806980623,139.86645078180723,133.80878774612216,139.51919555664062,1420700,0.0,0.0
2024-08-06 00:00:00-04:00,140.43552165952357,144.22639141912265,139.84711753779715,141.02392578125,1147900,0.0,0.0
2024-08-07 00:00:00-04:00,142.056099938883,143.34865543674906,140.21371749006968,140.22335815429688,754000,0.0,0.0
2024-08-08 00:00:00-04:00,140.84066786596824,142.58659912846292,139.8374944223297,142.55764770507812,700500,0.0,0.0
2024-08-09 00:00:00-04:00,142.2972383346691,142.77953644412364,140.93715413355042,142.38404846191406,425300,0.0,0.0
2024-08-12 00:00:00-04:00,142.4419266208964,142.94352079262308,140.89858145041765,141.1590118408203,522200,0.0,0.0
2024-08-13 00:00:00-04:00,141.57380167255337,143.02069610824887,140.5127398656148,141.08184814453125,653700,0.0,0.0
2024-08-14 00:00:00-04:00,141.33351245656198,143.43400882516494,140.8204887465843,143.24041748046875,739400,0.51,0.0
2024-08-15 00:00:00-04:00,143.76311553014543,144.24710122700284,142.33050723299615,143.21136474609375,456000,0.0,0.0
2024-08-16 00:00:00-04:00,143.00810322394975,144.9440460682265,142.89193660964435,142.94033813476562,561500,0.0,0.0
2024-08-19 00:00:00-04:00,143.06617920384517,145.0505235740446,143.06617920384517,143.94703674316406,664300,0.0,0.0
2024-08-20 00:00:00-04:00,144.02447775508935,145.85394335986348,144.02447775508935,145.8249053955078,436200,0.0,0.0
2024-08-21 00:00:00-04:00,146.19271089554556,148.86430648762914,145.7474523485669,148.69007873535156,584100,0.0,0.0
2024-08-22 00:00:00-04:00,149.06760990723353,150.7228476589316,148.09963841432943,149.19345092773438,627300,0.0,0.0
2024-08-23 00:00:00-04:00,149.63869738311888,150.03556920777598,148.40938432148093,149.9774932861328,375100,0.0,0.0
2024-08-26 00:00:00-04:00,150.64537961971396,151.28422945871296,148.6997478348283,149.03854370117188,525900,0.0,0.0
2024-08-27 00:00:00-04:00,148.85466106179175,151.022922611462,148.02220495317556,150.76156616210938,378900,0.0,0.0
2024-08-28 00:00:00-04:00,151.05196433642377,151.96185996268886,149.28057461573033,150.5195770263672,607100,0.0,0.0
2024-08-29 00:00:00-04:00,151.3616795018628,153.82033507079296,150.54858708996335,152.32965087890625,408600,0.0,0.0
2024-08-30 00:00:00-04:00,152.19417532054032,153.89781484298595,151.85539411192664,153.6945343017578,577300,0.0,0.0
2024-09-03 00:00:00-04:00,153.65581126280972,154.2656233039882,150.87772283271732,151.44883728027344,393400,0.0,0.0
2024-09-04 00:00:00-04:00,151.245536342046,152.3683867486666,150.57763369034802,151.77792358398438,627500,0.0,0.0
2024-09-05 00:00:00-04:00,152.62005248497744,152.89108330179923,150.18076036350962,150.88739013671875,577300,0.0,0.0
2024-09-06 00:00:00-04:00,151.10035548286254,152.2425547513205,146.33792275484498,147.23814392089844,558000,0.0,0.0
2024-09-09 00:00:00-04:00,148.05125423920947,149.2031428139934,146.5412208964951,147.0929718017578,1038500,0.0,0.0
2024-09-10 00:00:00-04:00,147.56727007992257,148.29324879278224,146.2024265549285,146.9864959716797,572300,0.0,0.0
2024-09-11 00:00:00-04:00,146.68636988958494,147.0542037240159,144.2858051097812,146.77349853515625,665700,0.0,0.0
2024-09-12 00:00:00-04:00,146.80255107925507,150.1323751721149,146.80255107925507,149.7742156982422,653900,0.0,0.0
2024-09-13 00:00:00-04:00,150.2388498313416,152.81364257016472,150.0065313744998,151.9618377685547,466600,0.0,0.0
2024-09-16 00:00:00-04:00,152.93949208695267,153.72354661355394,152.34902890011787,153.3750762939453,410500,0.0,0.0
2024-09-17 00:00:00-04:00,151.97153518467934,153.16213606993225,150.07430442494254,150.48086547851562,569900,0.0,0.0
2024-09-18 00:00:00-04:00,150.78091752295398,152.07799572647733,149.55158964077208,149.56126403808594,426700,0.0,0.0
2024-09-19 00:00:00-04:00,151.62303888251878,151.62303888251878,149.95812689975045,151.15841674804688,662600,0.0,0.0
2024-09-20 00:00:00-04:00,150.43245783150905,153.06534155387678,149.8226310460121,152.83302307128906,1001700,0.0,0.0
2024-09-23 00:00:00-04:00,152.9879030951389,155.25295292792478,152.9879030951389,154.73992919921875,526000,0.0,0.0
2024-09-24 00:00:00-04:00,154.8076967597645,155.3110461464434,153.72357325314076,154.62379455566406,444900,0.0,0.0
2024-09-25 00:00:00-04:00,155.1174368517448,155.1174368517448,153.7525934569368,154.788330078125,388000,0.0,0.0
2024-09-26 00:00:00-04:00,154.49790938639566,155.2432514693409,153.53961242260894,154.51727294921875,495200,0.0,0.0
2024-09-27 00:00:00-04:00,154.75929057179468,157.29537121511652,154.13978939288884,156.8597869873047,778800,0.0,0.0
2024-09-30 00:00:00-04:00,157.16950409167836,157.6147774135453,155.71754706003983,157.54701232910156,595700,0.0,0.0
2024-10-01 00:00:00-04:00,157.60512428552164,158.83443743708315,155.34974895294576,158.1568603515625,612800,0.0,0.0
2024-10-02 00:00:00-04:00,154.8754381072631,157.15017701249263,154.09138356505673,156.1434783935547,459700,0.0,0.0
2024-10-03 00:00:00-04:00,156.37578709752054,156.57905282609545,155.1077468904566,155.8046875,777100,0.0,0.0
2024-10-04 00:00:00-04:00,156.30800895847068,156.47256231503172,154.95285498086773,155.64979553222656,632400,0.0,0.0
2024-10-07 00:00:00-04:00,155.25294704285935,157.27600391673602,154.89480231716934,156.09507751464844,670500,0.0,0.0
2024-10-08 00:00:00-04:00,156.00797675278278,156.56940203790873,154.73026195600312,156.23060607910156,657100,0.0,0.0
2024-10-09 00:00:00-04:00,156.81137684913318,157.50831748340178,155.3981320157351,156.4145050048828,1667500,0.0,0.0
2024-10-10 00:00:00-04:00,156.82104261219615,157.4211949292615,153.18147543257214,153.99456787109375,834500,0.0,0.0
2024-10-11 00:00:00-04:00,154.4107932318767,155.95953852325718,154.4107932318767,155.66915893554688,726200,0.0,0.0
2024-10-14 00:00:00-04:00,155.8240260930134,157.90517338834925,155.30132805511045,157.44053649902344,577600,0.0,0.0
2024-10-15 00:00:00-04:00,158.7376494866561,159.13450657111156,156.8500932707541,157.14048767089844,1362000,0.0,0.0
2024-10-16 00:00:00-04:00,157.62449256281045,158.931260137171,157.4599391624222,158.87318420410156,900100,0.0,0.0
2024-10-17 00:00:00-04:00,159.2797122923092,159.30875025552348,157.58576217780288,158.0697479248047,588800,0.0,0.0
2024-10-18 00:00:00-04:00,157.89549631872626,159.0183467321824,156.54034221288055,158.6602020263672,1009100,0.0,0.0
2024-10-21 00:00:00-04:00,158.38919656306538,158.48598486036602,157.1308305375622,158.01168823242188,755800,0.0,0.0
2024-10-22 00:00:00-04:00,156.66620484232863,157.46960824945475,155.92086259623886,157.2276153564453,867900,0.0,0.0
2024-10-23 00:00:00-04:00,156.3564345657211,158.4762945051517,155.8918123832661,158.03102111816406,620000,0.0,0.0
2024-10-24 00:00:00-04:00,158.32139744719666,161.7383352563634,157.76966143790554,161.21563720703125,1308800,0.0,0.0
2024-10-25 00:00:00-04:00,175.21252580339078,183.07246487140097,170.9340933039189,176.10305786132812,2387400,0.0,0.0
2024-10-28 00:00:00-04:00,178.18420573615003,180.10078528071304,176.19018669472632,180.04270935058594,1493000,0.0,0.0
2024-10-29 00:00:00-04:00,180.8267449927214,181.4849732620034,178.0099445162314,178.28097534179688,1204600,0.0,0.0
2024-10-30 00:00:00-04:00,177.71956016974923,178.6778424310596,176.6741492546246,177.6033935546875,896700,0.0,0.0
2024-10-31 00:00:00-04:00,177.5840415572552,178.61008888968274,175.2996284365391,175.84169006347656,998000,0.0,0.0
2024-11-01 00:00:00-04:00,176.97422038234038,177.855077938726,175.04795189695952,175.47386169433594,816700,0.0,0.0
2024-11-04 00:00:00-05:00,174.86404528386427,176.79998828072996,174.3607107391317,176.7709503173828,778900,0.0,0.0
2024-11-05 00:00:00-05:00,176.63544091816158,179.35543855824403,174.8930892075883,179.34576416015625,963500,0.0,0.0
2024-11-06 00:00:00-05:00,184.36954268621434,184.48569454602773,174.14776546057402,174.1961669921875,2456500,0.0,0.0
2024-11-07 00:00:00-05:00,175.25123804794416,175.53194327613372,169.8886678191207,170.1693878173828,2339700,0.0,0.0
2024-11-08 00:00:00-05:00,173.77024973975875,178.00028051517407,171.33095739712832,177.62277221679688,1537500,0.0,0.0
2024-11-11 00:00:00-05:00,177.87442550745925,180.61378643982576,177.0806966115131,177.5259552001953,944000,0.0,0.0
2024-11-12 00:00:00-05:00,177.4388553358167,178.4455539785976,174.44782691134725,175.638427734375,1146600,0.0,0.0
2024-11-13 00:00:00-05:00,176.46119772429512,176.50959925065467,166.1426185554998,166.4910888671875,2272800,0.0,0.0
2024-11-14 00:00:00-05:00,164.60354817163753,164.60354817163753,149.10631579062814,149.61935424804688,4469400,0.0,0.0
2024-11-15 00:00:00-05:00,149.23089441591569,149.9786891996081,144.41385536490162,145.08396911621094,3898100,0.51,0.0
2024-11-18 00:00:00-05:00,143.63691492593628,144.50126091573085,134.99345502799056,136.4890594482422,4290900,0.0,0.0
2024-11-19 00:00:00-05:00,136.4890251295839,138.78100035372026,133.54636397057794,133.94454956054688,3980900,0.0,0.0
2024-11-20 00:00:00-05:00,134.9643197296392,140.2766532346238,133.0511019683721,140.0338592529297,2895500,0.0,0.0
2024-11-21 00:00:00-05:00,139.2374659406547,146.6863823470512,138.81986747104543,145.55982971191406,3797200,0.0,0.0
2024-11-22 00:00:00-05:00,144.70519389869318,145.76377196193698,142.10244987321664,144.91885375976562,2296600,0.0,0.0
2024-11-25 00:00:00-05:00,145.21023004167253,146.1911124018096,141.6654289853159,143.20960998535156,2349400,0.0,0.0
2024-11-26 00:00:00-05:00,145.035382193179,145.4918359788193,143.38438639056972,144.34585571289062,1661900,0.0,0.0
2024-11-27 00:00:00-05:00,144.72461440971952,145.79289884330606,142.67543298452588,143.10275268554688,1026600,0.0,0.0
2024-11-29 00:00:00-05:00,144.15162269514448,145.35588607054555,143.14160634275154,143.90882873535156,540900,0.0,0.0
2024-12-02 00:00:00-05:00,142.8308541831447,145.59869675126978,141.8693846571189,144.43328857421875,1864000,0.0,0.0
2024-12-03 00:00:00-05:00,144.76347597060507,145.67638367936397,141.7625460233625,141.8305206298828,1575700,0.0,0.0
2024-12-04 00:00:00-05:00,141.52944706343928,141.9664732154473,139.55796134878588,140.30577087402344,1911800,0.0,0.0
2024-12-05 00:00:00-05:00,140.92731385035833,141.48087632268386,138.2371528702054,138.58677673339844,1667400,0.0,0.0
2024-12-06 00:00:00-05:00,143.40382510725078,144.9674187698769,140.0921120052031,141.53916931152344,1898200,0.0,0.0
2024-12-09 00:00:00-05:00,141.10213194796026,142.5977510473335,136.37251032661422,136.74156188964844,1955200,0.0,0.0
2024-12-10 00:00:00-05:00,137.72244768920174,139.2472009174926,135.682987254537,137.6933135986328,1671200,0.0,0.0
2024-12-11 00:00:00-05:00,138.0429468074315,138.50910710691787,130.15700295734203,131.0990447998047,2753500,0.0,0.0
2024-12-12 00:00:00-05:00,129.6713894424941,132.32269507336935,126.56363002658243,131.69143676757812,1666700,0.0,0.0
2024-12-13 00:00:00-05:00,131.10874854218198,131.9051199056912,129.52572705845463,130.58432006835938,1177200,0.0,0.0
2024-12-16 00:00:00-05:00,131.53605153774447,132.49750608694197,129.68110221990767,131.652587890625,1262800,0.0,0.0
2024-12-17 00:00:00-05:00,131.26412921166596,132.9054187413064,130.39006207014063,131.88568115234375,1798600,0.0,0.0
2024-12-18 00:00:00-05:00,132.01193427584434,132.90542915334834,129.34120052450461,129.52572631835938,1677600,0.0,0.0
2024-12-19 00:00:00-05:00,130.13756000750487,131.3321021179645,124.1065590485339,124.95148468017578,2571000,0.0,0.0
2024-12-20 00:00:00-05:00,124.8057952578444,128.28260635929965,124.49502671135576,127.40855407714844,2892800,0.0,0.0
2024-12-23 00:00:00-05:00,127.07836357109262,127.54452382123831,125.30111001988867,127.33086395263672,873700,0.0,0.0
2024-12-24 00:00:00-05:00,127.03951553298391,127.47654171877221,125.15543193930706,125.96150970458984,524600,0.0,0.0
2024-12-26 00:00:00-05:00,125.54390069015241,126.81613862598323,124.91262752437343,126.64131927490234,672600,0.0,0.0
2024-12-27 00:00:00-05:00,125.72842240022007,126.93267087754498,124.79608713551617,125.91293334960938,474700,0.0,0.0
2024-12-30 00:00:00-05:00,124.51446291112856,125.77697966766985,123.62097549316854,124.6601333618164,981100,0.0,0.0
2024-12-31 00:00:00-05:00,125.25255519564467,126.42766971901419,123.44616745503113,124.9903335571289,1097300,0.0,0.0
2025-01-02 00:00:00-05:00,125.86439096930427,127.94270661103074,124.21338764575218,124.42704010009766,2194700,0.0,0.0
2025-01-03 00:00:00-05:00,123.82491096629673,128.37000646748524,123.82491096629673,128.12721252441406,1526200,0.0,0.0
2025-01-06 00:00:00-05:00,128.7293683643917,130.30266857855702,126.04891339925884,126.97154235839844,1588400,0.0,0.0
2025-01-07 00:00:00-05:00,126.73845443137104,127.76789851012353,124.47561281535468,125.51477813720703,1515800,0.0,0.0
2025-01-08 00:00:00-05:00,125.62159695544703,126.34025757073321,123.42673014063209,126.33055114746094,1623500,0.0,0.0
2025-01-10 00:00:00-05:00,125.89352143850401,130.93392612115244,125.81582559762128,128.6516571044922,2054100,0.0,0.0
2025-01-13 00:00:00-05:00,128.0592676039603,133.39102916426714,127.602813699686,131.2252960205078,1819200,0.0,0.0
2025-01-14 00:00:00-05:00,131.0310456097126,132.44896888951925,129.312060183521,132.21588134765625,1327500,0.0,0.0
2025-01-15 00:00:00-05:00,132.95395099568944,133.42012601394342,130.38034124871993,132.14788818359375,1208500,0.0,0.0
2025-01-16 00:00:00-05:00,132.08962754856648,133.76005126595246,131.11845165794523,132.37127685546875,1456700,0.0,0.0
2025-01-17 00:00:00-05:00,133.40071516076426,133.49783867321437,131.68172975937586,132.13818359375,1455500,0.0,0.0
2025-01-21 00:00:00-05:00,133.1287993546085,139.80077330636254,133.1287993546085,138.34400939941406,2197800,0.0,0.0
2025-01-22 00:00:00-05:00,138.47996278473013,141.06329413753602,137.54764225462887,138.93641662597656,3481100,0.0,0.0
2025-01-23 00:00:00-05:00,140.33490335614925,142.71428110669893,128.3117421881344,132.26443481445312,3229900,0.0,0.0
2025-01-24 00:00:00-05:00,133.10937163441076,133.72121721715953,129.20524021600647,129.59371948242188,1791400,0.0,0.0
2025-01-27 00:00:00-05:00,130.9144994666025,132.46837183935088,129.5936997993348,131.477783203125,1874800,0.0,0.0
2025-01-28 00:00:00-05:00,131.8662558872525,131.8662558872525,123.96088505143301,125.19428253173828,2247800,0.0,0.0
2025-01-29 00:00:00-05:00,126.11689354729552,127.44739968885237,123.34904392091848,123.39759826660156,1735400,0.0,0.0
2025-01-30 00:00:00-05:00,123.79578330886207,125.61187735529701,122.28075139643857,125.21369171142578,2560600,0.0,0.0
2025-01-31 00:00:00-05:00,121.21244830404257,127.09777123619651,117.5316911609302,125.28167724609375,3619100,0.0,0.0
2025-02-03 00:00:00-05:00,125.6118888079691,129.99190165196651,123.82492868777247,125.67987823486328,2964100,0.0,0.0
2025-02-04 00:00:00-05:00,127.05893679643931,129.69081502154478,126.01006511202844,128.16607666015625,1930900,0.0,0.0
2025-02-05 00:00:00-05:00,129.16639092319738,130.39978842944416,125.39822379930811,125.6216049194336,1302100,0.0,0.0
2025-02-06 00:00:00-05:00,125.85467124435475,126.59277435337742,123.72780123215159,125.43707275390625,1659700,0.0,0.0
2025-02-07 00:00:00-05:00,125.64101742145817,126.50536335204752,123.1742372347207,124.25224304199219,1977000,0.0,0.0
2025-02-10 00:00:00-05:00,125.00975519860255,125.6216007193253,123.88318766865714,124.40763092041016,1313300,0.0,0.0
2025-02-11 00:00:00-05:00,124.95148719011848,125.145719394417,119.98877805260989,120.82398986816406,2235200,0.0,0.0
2025-02-12 00:00:00-05:00,119.75568691892393,120.71715630692741,117.4345773227036,118.36690521240234,1875200,0.0,0.0
2025-02-13 00:00:00-05:00,118.3669038220826,118.823357633544,112.72437479580864,114.4822006225586,3305400,0.0,0.0
2025-02-14 00:00:00-05:00,115.21400097928162,116.36536068632661,113.15521364342816,114.87249755859375,1695200,0.55,0.0
2025-02-18 00:00:00-05:00,116.25803570711557,116.57026848488066,112.86249773523065,116.29706573486328,1793100,0.0,0.0
2025-02-19 00:00:00-05:00,115.62380272588285,117.51671799654014,114.20899967865343,114.9407958984375,1510100,0.0,0.0
2025-02-20 00:00:00-05:00,113.64307542671999,114.4822023538676,107.88627701171288,110.86225128173828,3479800,0.0,0.0
2025-02-21 00:00:00-05:00,109.8377384190501,110.42317393145129,104.1004584867721,109.57429504394531,4374800,0.0,0.0
2025-02-24 00:00:00-05:00,110.01336648814079,112.07215380908808,109.01812689159676,109.70113372802734,3898500,0.0,0.0
2025-02-25 00:00:00-05:00,109.16449192710152,112.87226286605642,108.52051504692675,111.86726379394531,2879700,0.0,0.0
2025-02-26 00:00:00-05:00,111.51599060205992,114.34560421930799,110.325600860415,110.73540496826172,2505300,0.0,0.0
2025-02-27 00:00:00-05:00,110.75492941652833,111.71113905082842,107.64235353257693,108.34487915039062,2946400,0.0,0.0
2025-02-28 00:00:00-05:00,102.35389970958148,106.00312145118345,101.52453214706506,103.4857406616211,5222800,0.0,0.0
2025-03-03 00:00:00-05:00,103.89555483937706,104.09069752578505,99.34865729275093,100.22681427001953,3783900,0.0,0.0
2025-03-04 00:00:00-05:00,101.00739026045227,106.54952729782633,100.02191003806932,103.22229766845703,6752600,0.0,0.0
2025-03-05 00:00:00-05:00,103.42720389150465,108.27657492541681,103.42720389150465,107.27157592773438,3527200,0.0,0.0
2025-03-06 00:00:00-05:00,106.35438927870425,107.38865893908182,103.44671554406975,105.70065307617188,2670400,0.0,0.0
2025-03-07 00:00:00-05:00,105.14448866353754,115.29206495215101,104.58832380401111,113.64308166503906,4249100,0.0,0.0
2025-03-10 00:00:00-04:00,113.60403968356985,116.44340500104012,109.58403664060572,109.9060287475586,3237600,0.0,0.0
2025-03-11 00:00:00-04:00,108.29608720685182,109.58404832780941,105.82749567870114,107.36914825439453,2420900,0.0,0.0
2025-03-12 00:00:00-04:00,107.76919165510462,109.58404695428152,104.81273599025026,108.84249877929688,2063500,0.0,0.0
2025-03-13 00:00:00-04:00,108.24729844096922,109.92555228411852,106.93005929937493,108.61807250976562,1586200,0.0,0.0
2025-03-14 00:00:00-04:00,108.33511531198883,110.06215862521927,107.29108629643426,109.52550506591797,1322300,0.0,0.0
2025-03-17 00:00:00-04:00,110.61833335590606,114.23828489100184,110.2573111615651,112.54051208496094,1809900,0.0,0.0
2025-03-18 00:00:00-04:00,111.40866324895762,113.87725478223494,109.99386011980219,113.69186401367188,2117200,0.0,0.0
2025-03-19 00:00:00-04:00,113.47720315029717,115.55550172891473,109.28156852392436,109.97433471679688,3523700,0.0,0.0
2025-03-20 00:00:00-04:00,106.62758928589734,107.252054813212,100.8415200685785,101.0659408569336,4997500,0.0,0.0
2025-03-21 00:00:00-04:00,101.08545625798122,101.86604192097151,98.59735341510574,101.61235046386719,5201100,0.0,0.0
2025-03-24 00:00:00-04:00,101.47574734625177,103.03691120119697,99.07545652348294,102.61734771728516,2710700,0.0,0.0
2025-03-25 00:00:00-04:00,102.8905469816801,104.66637220241356,100.7634589749364,103.73943328857422,1950200,0.0,0.0
2025-03-26 00:00:00-04:00,103.73943328857422,104.84200359541867,102.50026161430536,103.73943328857422,1553300,0.0,0.0
2025-03-27 00:00:00-04:00,104.15899357937373,104.45171504018717,102.0611762947867,103.29059600830078,2013400,0.0,0.0
2025-03-28 00:00:00-04:00,102.72467803955078,103.4174442649164,101.78797973014588,102.72467803955078,1394400,0.0,0.0
2025-03-31 00:00:00-04:00,101.68064198421159,103.07593370617033,100.29510962931997,102.04166412353516,1979200,0.0,0.0
2025-04-01 00:00:00-04:00,101.95385312483434,104.93958693549186,100.59759131496628,104.75419616699219,2565100,0.0,0.0
2025-04-02 00:00:00-04:00,101.82701041252517,113.16497643159026,100.73419198907497,110.0914306640625,9497200,0.0,0.0
2025-04-03 00:00:00-04:00,108.29608916315236,112.179491331888,107.18375942242348,109.02788543701172,3094400,0.0,0.0
2025-04-04 00:00:00-04:00,106.42268802706359,110.33536069164566,104.52002077248257,106.54953002929688,3591500,0.0,0.0
2025-04-07 00:00:00-04:00,102.23682134560333,108.23755254050293,102.00264861218676,104.76396179199219,2648700,0.0,0.0
2025-04-08 00:00:00-04:00,106.93006239397087,108.94982715107724,102.61734503125345,104.10045623779297,3091300,0.0,0.0
2025-04-09 00:00:00-04:00,102.50025674841947,108.30583692100312,98.80224574763066,105.44695281982422,6554600,0.0,0.0
2025-04-10 00:00:00-04:00,105.16399971511319,106.93982500325343,102.68564882828599,106.16899871826172,2990900,0.0,0.0
2025-04-11 00:00:00-04:00,102.60760037704216,107.8277457396673,100.7146849309958,106.13973236083984,2670600,0.0,0.0
2025-04-14 00:00:00-04:00,107.60331983135006,110.38414410342362,106.1494866933566,109.31084442138672,2118500,0.0,0.0
2025-04-15 00:00:00-04:00,107.48624087748343,109.76944169144139,106.82274528771316,107.61308288574219,1538900,0.0,0.0
2025-04-16 00:00:00-04:00,107.52525840739716,110.25730069432358,106.95934163665903,108.58880615234375,1799600,0.0,0.0
2025-04-17 00:00:00-04:00,107.7106520868143,111.51599414510386,107.7106520868143,110.9207992553711,1582200,0.0,0.0
2025-04-21 00:00:00-04:00,111.0183650362289,111.29156776977767,108.13021015494512,109.23278045654297,1523500,0.0,0.0
2025-04-22 00:00:00-04:00,109.55478494962912,112.56978961483978,109.5255142883328,112.33560943603516,2465200,0.0,0.0
2025-04-23 00:00:00-04:00,114.6480800820373,115.36036504651285,112.9795855120217,113.59429168701172,3223900,0.0,0.0
2025-04-24 00:00:00-04:00,114.804197903931,116.75565454732225,113.57477813421394,116.43366241455078,2504100,0.0,0.0
2025-04-25 00:00:00-04:00,116.86297880927899,117.5850231333187,114.56026679914557,116.68734741210938,1706700,0.0,0.0
2025-04-28 00:00:00-04:00,116.15069794552514,117.81919244838262,113.94554989896369,115.92627716064453,1142300,0.0,0.0
2025-04-29 00:00:00-04:00,115.94580253791227,117.8582292257941,115.02861549947902,116.4043960571289,1196200,0.0,0.0
2025-04-30 00:00:00-04:00,116.11167108599876,117.33133149656598,114.91152196654542,117.1069107055664,1530400,0.0,0.0
2025-05-01 00:00:00-04:00,116.7361377806048,117.6338060650899,114.45293704256012,116.6288070678711,1403000,0.0,0.0
2025-05-02 00:00:00-04:00,118.48269062063196,119.06812612588996,115.57501694114042,116.90200805664062,1418400,0.0,0.0
2025-05-05 00:00:00-04:00,117.18496974967695,118.47293083437997,115.92627932350096,116.27754211425781,1225800,0.0,0.0
2025-05-06 00:00:00-04:00,115.4774524532095,120.71711654139811,115.4774524532095,120.35609436035156,2009100,0.0,0.0
2025-05-07 00:00:00-04:00,119.90726019733998,120.619545191233,118.56075771089648,120.19998168945312,1151100,0.0,0.0
2025-05-08 00:00:00-04:00,121.3123020000535,121.90749686189982,120.18045359253719,120.62928771972656,1050000,0.0,0.0
2025-05-09 00:00:00-04:00,121.44890356656568,121.75137695959445,120.2585138409197,120.78540802001953,991100,0.0,0.0
2025-05-12 00:00:00-04:00,122.0733734507301,122.61002701646207,119.32181982433887,121.64405059814453,1294900,0.0,0.0
2025-05-13 00:00:00-04:00,121.86846940258992,121.96604074634372,119.93652404171263,120.71710968017578,1240300,0.0,0.0
2025-05-14 00:00:00-04:00,121.28302640947648,121.61477044660529,119.45841187262032,120.45365142822266,1573900,0.0,0.0
2025-05-15 00:00:00-04:00,120.61954033752706,124.94201719105699,120.21948814401824,124.57123565673828,1438800,0.0,0.0
2025-05-16 00:00:00-04:00,123.5467232615264,125.96653278435475,123.20521239220953,125.68356323242188,2185000,0.0,0.0
2025-05-19 00:00:00-04:00,125.90797560822597,127.63501889990766,124.82492402388696,126.16167449951172,1641000,0.0,0.0
2025-05-20 00:00:00-04:00,126.16167997493021,127.7326032306807,126.06410118351883,126.5422134399414,1011800,0.0,0.0
2025-05-21 00:00:00-04:00,125.41036263456832,126.35682031759715,124.72735577270034,125.30303192138672,1575700,0.0,0.0
2025-05-22 00:00:00-04:00,124.83468473985599,126.22996910326852,123.51744554090853,125.99580383300781,1821000,0.0,0.0
2025-05-23 00:00:00-04:00,104.2077904808956,110.74516743084476,101.52453752552272,105.17375946044922,8972200,0.0,0.0
2025-05-27 00:00:00-04:00,106.53002342287324,107.92531528566205,103.38817688958538,107.14472961425781,3195900,0.0,0.0
2025-05-28 00:00:00-04:00,103.50526822931984,106.13973187489209,101.47575141441942,102.11973571777344,3386900,0.0,0.0
2025-05-29 00:00:00-04:00,103.64185582383162,104.34438135434867,101.47573791947597,103.15399169921875,2613000,0.0,0.0
2025-05-30 00:00:00-04:00,103.34915041927029,103.671142578125,102.49051210654132,103.671142578125,2370400,0.0,0.0
2025-06-02 00:00:00-04:00,103.15399905593706,103.47599118775712,99.86579194162091,100.802490234375,2565000,0.0,0.0
2025-06-03 00:00:00-04:00,100.82200863736038,102.89054790212987,98.8412813477709,102.3734130859375,2251500,0.0,0.0
2025-06-04 00:00:00-04:00,102.24657098746434,102.87103651331515,99.84628022668468,100.02191162109375,2375200,0.0,0.0
2025-06-05 00:00:00-04:00,100.75370705552791,100.75370705552791,98.59734839057087,99.660888671875,2075900,0.0,0.0
2025-06-06 00:00:00-04:00,99.94386052755644,102.02215934416718,99.85604110037228,100.74395751953125,1691800,0.0,0.0
2025-06-09 00:00:00-04:00,101.27083786782201,101.27083786782201,98.81199846275914,99.42671203613281,2080400,0.0,0.0
2025-06-10 00:00:00-04:00,100.00239839219687,100.18778916434083,97.90458091130903,98.20706176757812,1779700,0.0,0.0
2025-06-11 00:00:00-04:00,98.59950102320298,98.85458640526558,97.25540562804471,98.74666595458984,1790800,0.55,0.0
2025-06-12 00:00:00-04:00,98.38365266070635,100.16923522949219,98.04027283692423,100.16923522949219,1850800,0.0,0.0
2025-06-13 00:00:00-04:00,100.25753247890717,102.72987457943536,99.39416897942239,101.34654235839844,2209400,0.0,0.0
2025-06-16 00:00:00-04:00,100.84618556391501,101.13070240291192,98.90362515753274,100.23790740966797,2051300,0.0,0.0
2025-06-17 00:00:00-04:00,99.8552826648161,101.76841157651744,99.1194655799583,100.2869644165039,1667900,0.0,0.0
2025-06-18 00:00:00-04:00,100.25753824516455,101.57219458027406,99.23720426852849,100.07112884521484,1382600,0.0,0.0
2025-06-20 00:00:00-04:00,100.01226874436566,100.01226874436566,97.5987894069624,98.07952117919922,3315100,0.0,0.0
2025-06-23 00:00:00-04:00,98.07951071977591,99.96320061368004,97.72631792902911,98.78589630126953,1609200,0.0,0.0
2025-06-24 00:00:00-04:00,98.63874149972376,99.21758072519656,97.07880526653885,98.26593017578125,1903900,0.0,0.0
2025-06-25 00:00:00-04:00,98.86437856746981,100.8461834077325,97.93234660301881,99.42359924316406,1532200,0.0,0.0
2025-06-26 00:00:00-04:00,100.00245936334667,101.68993460776238,99.2764551832327,101.3171157836914,2031100,0.0,0.0
2025-06-27 00:00:00-04:00,101.41522897969448,101.67030687215494,99.82586122186318,100.91487121582031,3780600,0.0,0.0
2025-06-30 00:00:00-04:00,100.80694213375553,102.5925246536543,100.06131204744395,102.16084289550781,2710700,0.0,0.0
2025-07-01 00:00:00-04:00,102.14122501250284,105.3297657803878,101.71935624227024,105.28070831298828,1957500,0.0,0.0
2025-07-02 00:00:00-04:00,104.95695819743658,106.87989272277633,104.65281536199362,106.2225570678711,1900500,0.0,0.0
2025-07-03 00:00:00-04:00,106.59537517941585,108.57717266680508,106.22255638066268,106.87007904052734,1584400,0.0,0.0
2025-07-07 00:00:00-04:00,107.22327152906631,108.62622980268755,106.74253977359464,108.34171295166016,1825000,0.0,0.0
2025-07-08 00:00:00-04:00,107.713824791617,107.82174524312966,105.43769728855621,105.53580474853516,2215700,0.0,0.0
2025-07-09 00:00:00-04:00,105.78106751074438,105.81049899754669,103.82870153996477,104.9961929321289,1470800,0.0,0.0
2025-07-10 00:00:00-04:00,105.19241464476691,107.15459359360383,104.240756656962,105.64371490478516,1172400,0.0,0.0
2025-07-11 00:00:00-04:00,105.06487442173099,105.81050456211648,104.11322386289478,104.91771697998047,1116100,0.0,0.0
2025-07-14 00:00:00-04:00,104.30942888735208,106.36971521286593,104.30942888735208,105.71238708496094,1491900,0.0,0.0
2025-07-15 00:00:00-04:00,105.73201052087157,105.82031246679657,102.77893655986371,102.78874206542969,1923600,0.0,0.0
2025-07-16 00:00:00-04:00,103.18118008470407,104.28000301046663,101.51333094223047,103.01439666748047,2221300,0.0,0.0
2025-07-17 00:00:00-04:00,102.94572623963391,107.57647008890534,102.92610774218953,106.79159545898438,2035200,0.0,0.0
2025-07-18 00:00:00-04:00,107.42930325966974,108.19455189348943,106.67386761695825,107.26251983642578,1105800,0.0,0.0
2025-07-21 00:00:00-04:00,107.08590977428162,108.6262198367211,106.46781866026345,107.25269317626953,1430100,0.0,0.0
2025-07-22 00:00:00-04:00,109.13639159865522,110.16653854612966,107.09573117008065,109.77410125732422,2638700,0.0,0.0
2025-07-23 00:00:00-04:00,110.51973336870675,113.89467614956354,110.11748308195367,113.75732421875,2231300,0.0,0.0
2025-07-24 00:00:00-04:00,113.37469030459421,114.43426866831074,111.44194296108859,112.9430160522461,2239200,0.0,0.0
2025-07-25 00:00:00-04:00,114.77765003550448,117.77978877374713,107.48815528925952,110.91216278076172,4378400,0.0,0.0
2025-07-28 00:00:00-04:00,110.37256561104633,110.86311034709541,103.83850613401543,105.09430694580078,3806600,0.0,0.0
2025-07-29 00:00:00-04:00,106.81121896651074,106.81121896651074,104.09359679860567,106.1636962890625,2637000,0.0,0.0
2025-07-30 00:00:00-04:00,105.46712063266334,107.26251620358278,104.32905322646779,105.44750213623047,3043600,0.0,0.0
2025-07-31 00:00:00-04:00,104.70186596008126,106.73272079615532,104.48602508622787,105.30033111572266,1767600,0.0,0.0
2025-08-01 00:00:00-04:00,105.28070795009614,107.71381311342465,104.45659639347882,107.6255111694336,2106800,0.0,0.0
2025-08-04 00:00:00-04:00,107.605893114183,109.55825905902638,106.79158705958288,109.32279968261719,1147600,0.0,0.0
2025-08-05 00:00:00-04:00,109.67598915709254,110.85329348848265,107.91983816510078,109.34241485595703,1636600,0.0,0.0
2025-08-06 00:00:00-04:00,108.9892224031433,109.78390994019964,108.3613257597398,109.75447845458984,1245900,0.0,0.0
2025-08-07 00:00:00-04:00,110.67669789819664,112.31512296008084,108.16511131416681,108.69490051269531,1813400,0.0,0.0
2025-08-08 00:00:00-04:00,108.84207115282518,109.72504571170892,107.89041314346234,108.29265594482422,1304500,0.0,0.0
2025-08-11 00:00:00-04:00,108.26322170133892,109.68580592632607,107.0368598617562,107.11534881591797,1256900,0.0,0.0
2025-08-12 00:00:00-04:00,107.18402630927072,107.4096801844267,105.63390312548619,106.96818542480469,1950500,0.0,0.0
2025-08-13 00:00:00-04:00,106.32067364465114,109.56807755046064,104.97657831181034,109.5190200805664,2502100,0.0,0.0
2025-08-14 00:00:00-04:00,108.41475771677278,109.34155053040263,105.59494800576242,106.63019561767578,1660600,0.55,0.0
2025-08-15 00:00:00-04:00,106.3344012619942,108.74011477479499,105.6639568824684,107.78374481201172,1943400,0.0,0.0
2025-08-18 00:00:00-04:00,108.8880148318919,109.31197244301691,107.4978256225586,107.4978256225586,1357300,0.0,0.0
2025-08-19 00:00:00-04:00,108.01051915578566,109.46971680459187,106.90625557984512,108.09925079345703,1181800,0.0,0.0
2025-08-20 00:00:00-04:00,108.11898138354675,108.15841265488051,106.25553412034658,107.67530059814453,1116700,0.0,0.0
2025-08-21 00:00:00-04:00,107.26119650095542,107.71473130906882,106.61046774006651,107.43866729736328,964300,0.0,0.0
2025-08-22 00:00:00-04:00,107.45838482339373,110.64299763661779,107.22175959807741,108.38517761230469,959700,0.0,0.0
2025-08-25 00:00:00-04:00,108.56265194179836,109.4500059683126,107.1034467068438,107.90206909179688,926300,0.0,0.0
2025-08-26 00:00:00-04:00,107.73445071734264,108.75983674115544,107.2414771014046,108.72039794921875,2476900,0.0,0.0
2025-08-27 00:00:00-04:00,108.52321122523625,109.63732888633025,108.28658599642114,109.21337127685547,1045500,0.0,0.0
2025-08-28 00:00:00-04:00,108.86829203168824,108.86829203168824,106.33440793517354,106.69921112060547,1153600,0.0,0.0
2025-08-29 00:00:00-04:00,106.69921083140677,107.73445091345289,106.65977203939828,107.19218444824219,798900,0.0,0.0
2025-09-02 00:00:00-04:00,106.55131737689368,108.61195100940985,106.43300100071835,108.53307342529297,1061100,0.0,0.0
2025-09-03 00:00:00-04:00,108.45419104261197,108.99646500669708,104.74702749712681,105.24986267089844,1417700,0.0,0.0
2025-09-04 00:00:00-04:00,102.98218995419388,104.24420878592026,100.80324737721578,101.749755859375,2163300,0.0,0.0
2025-09-05 00:00:00-04:00,102.53851328899819,103.59347653829586,100.13279960858164,101.01029205322266,2395100,0.0,0.0
2025-09-08 00:00:00-04:00,100.83281471646869,101.0102855096285,99.08769151888045,100.26097106933594,2015800,0.0,0.0
2025-09-09 00:00:00-04:00,100.04406871096317,101.7004603926768,99.74828152694337,101.67088317871094,1458700,0.0,0.0
2025-09-10 00:00:00-04:00,101.19762521401252,102.17371088603295,99.98491430802544,101.0595932006836,1711800,0.0,0.0
2025-09-11 00:00:00-04:00,101.44411330176895,102.97233456849419,100.8032460762977,102.3807601928711,1970800,0.0,0.0
2025-09-12 00:00:00-04:00,102.26244913942288,103.76108563743948,102.24272598216265,103.1498031616211,1427400,0.0,0.0
2025-09-15 00:00:00-04:00,103.0511963828427,103.13993554095434,99.86659119029697,100.19195556640625,1772800,0.0,0.0
2025-09-16 00:00:00-04:00,100.69478171273643,101.24691724273707,99.78771212212244,100.39900207519531,1718100,0.0,0.0
2025-09-17 00:00:00-04:00,100.70464725563357,101.63144003854839,99.87645521129456,100.15251922607422,1529200,0.0,0.0
2025-09-18 00:00:00-04:00,100.2806933488786,101.572281832249,99.31446926156013,99.7877197265625,1692300,0.0,0.0
2025-09-19 00:00:00-04:00,100.39900964042921,101.25677892833073,98.82149555480179,100.70465087890625,3558200,0.0,0.0
2025-09-22 00:00:00-04:00,100.69479308013656,100.69479308013656,97.36229397901707,98.38768005371094,2538500,0.0,0.0
2025-09-23 00:00:00-04:00,98.62430375342373,99.19615497267336,96.75100244474639,96.94819641113281,1912100,0.0,0.0
2025-09-24 00:00:00-04:00,97.83554144412938,98.80176546280485,97.3228447009228,97.88483428955078,1903800,0.0,0.0
2025-09-25 00:00:00-04:00,97.49045870415947,98.18062627358115,95.59744184128577,96.15943145751953,2128200,0.0,0.0
2025-09-26 00:00:00-04:00,96.77072892807409,97.87498508906397,96.17916205294652,97.68766021728516,1364400,0.0,0.0
2025-09-29 00:00:00-04:00,97.97357841211657,98.50599081603846,96.94819239591666,97.50032043457031,2176800,0.0,0.0
2025-09-30 00:00:00-04:00,98.30880017936131,98.78205817289744,97.31299134270401,98.54542541503906,1345900,0.0,0.0
2025-10-01 00:00:00-04:00,98.34823224843987,101.40466703443155,97.78624265076455,101.1581802368164,1995100,0.0,0.0
2025-10-02 00:00:00-04:00,100.56662390377862,102.06526047964397,100.07365025719147,101.66102600097656,1546600,0.0,0.0
2025-10-03 00:00:00-04:00,102.12441587301193,104.27378113496847,101.66101947143434,102.5582275390625,1812200,0.0,0.0
2025-10-06 00:00:00-04:00,101.82862925534404,103.53432128212401,101.70045882274364,102.1835708618164,1274400,0.0,0.0
2025-10-07 00:00:00-04:00,102.21314634506555,103.21881672044009,100.91169631742461,102.57794952392578,1650100,0.0,0.0
2025-10-08 00:00:00-04:00,103.46530710960809,104.0667355355538,101.21734857691034,101.48355102539062,1242500,0.0,0.0
2025-10-09 00:00:00-04:00,102.04553952011699,102.04553952011699,98.05245018219674,98.32852172851562,1202700,0.0,0.0
2025-10-10 00:00:00-04:00,98.92008393402014,99.54122795922655,95.74533276082711,95.77490997314453,1827100,0.0,0.0
2025-10-13 00:00:00-04:00,95.63688075745331,96.35662554095434,94.15795992099785,94.93685913085938,1631700,0.0,0.0
2025-10-14 00:00:00-04:00,94.83826074509723,97.34256746102963,94.33542558189153,96.4256362915039,1219300,0.0,0.0
2025-10-15 00:00:00-04:00,96.32704475905668,96.95805040673437,93.71429052516342,94.99601745605469,1469900,0.0,0.0
2025-10-16 00:00:00-04:00,95.6368769706786,97.14537496058482,94.56219814938648,95.9129409790039,1727500,0.0,0.0
2025-10-17 00:00:00-04:00,93.66498904033283,96.8101631846797,93.66498904033283,96.66226959228516,1658100,0.0,0.0
2025-10-20 00:00:00-04:00,97.06650394056548,100.07364606772907,96.83974028504987,99.5313720703125,1332600,0.0,0.0
2025-10-21 00:00:00-04:00,100.35957500583643,100.7440938450703,98.7721992757968,99.235595703125,1394600,0.0,0.0
2025-10-22 00:00:00-04:00,98.83135316991297,100.31027408884937,97.23412339165735,97.35243225097656,1856600,0.0,0.0
2025-10-23 00:00:00-04:00,98.2693633612,100.36943587685747,97.65808086323311,98.88065338134766,2665100,0.0,0.0
2025-10-24 00:00:00-04:00,92.28465857974936,94.77910385069826,86.87181043102207,90.1155776977539,8706100,0.0,0.0
2025-10-27 00:00:00-04:00,89.50428624996326,91.09166185504408,84.79145980394405,85.31401062011719,4774200,0.0,0.0
2025-10-28 00:00:00-04:00,84.79146231849424,85.33373630731028,83.62804427881838,84.3576431274414,4293100,0.0,0.0
2025-10-29 00:00:00-04:00,83.61818704173434,84.58441869319721,81.33078963573217,81.666015625,3433600,0.0,0.0
2025-10-30 00:00:00-04:00,81.69558961047179,83.84495491303606,81.07444555191708,81.6561508178711,2814400,0.0,0.0
2025-10-31 00:00:00-04:00,83.04633967921117,86.82251190720736,81.98151485027384,85.93516540527344,4511200,0.0,0.0
2025-11-03 00:00:00-05:00,84.97879077090572,85.43232557595209,83.76607241662293,84.2984848022461,2901300,0.0,0.0
2025-11-04 00:00:00-05:00,84.4168036276546,85.62951449501864,83.64775847793995,84.25904846191406,2122400,0.0,0.0
2025-11-05 00:00:00-05:00,84.45624406245196,86.48729296670979,84.45624406245196,85.39289093017578,2211100,0.0,0.0
2025-11-06 00:00:00-05:00,84.95906711163889,85.71825065638026,83.83508792270497,84.36750030517578,1845900,0.0,0.0
2025-11-07 00:00:00-05:00,84.52526163173232,86.2901006018125,84.14073528119005,86.22108459472656,2291100,0.0,0.0
2025-11-10 00:00:00-05:00,86.22108247827208,87.78874248957216,84.87033958386392,86.07319641113281,2094500,0.0,0.0
2025-11-11 00:00:00-05:00,86.23094674840571,86.78307480877415,85.26472264276096,85.84642791748047,1849100,0.0,0.0
2025-11-12 00:00:00-05:00,85.75768794268367,86.96053716845549,83.58859966078026,83.6576156616211,2223900,0.0,0.0
2025-11-13 00:00:00-05:00,83.8646649287379,84.40693888793568,82.90829495825092,83.026611328125,1804600,0.0,0.0
2025-11-14 00:00:00-05:00,82.67926078519594,83.57244843428788,81.64713367642665,82.28229522705078,1847600,0.55,0.0
2025-11-17 00:00:00-05:00,81.9746415036472,82.61972192792156,81.01198407272545,81.04176330566406,2469400,0.0,0.0
2025-11-18 00:00:00-05:00,80.73410024460891,81.47842201866179,80.10887268019225,80.34705352783203,1457100,0.0,0.0
2025-11-19 00:00:00-05:00,80.40659730795446,80.41652371838923,79.22561190172796,79.8210678100586,1608300,0.0,0.0
2025-11-20 00:00:00-05:00,80.16841692480281,80.92266511794193,78.76909591067609,79.29508209228516,2300000,0.0,0.0
2025-11-21 00:00:00-05:00,79.40425183360074,82.25251841230099,78.63015837218906,80.16841888427734,1646600,0.0,0.0
2025-11-24 00:00:00-05:00,79.42409826730069,80.43638017164531,78.8881856541123,80.14857482910156,2319000,0.0,0.0
2025-11-25 00:00:00-05:00,80.4661507114131,83.2846456322783,80.13864730153382,83.01669311523438,1877400,0.0,0.0
2025-11-26 00:00:00-05:00,82.82812965605072,83.71139092669843,82.57009597660208,82.61972045898438,1405700,0.0,0.0
2025-11-28 00:00:00-05:00,82.54032727883812,83.14570964179589,81.94487132703975,82.82813262939453,501600,0.0,0.0
2025-12-01 00:00:00-05:00,82.41131287567667,83.02662163975445,81.76623245023971,81.81585693359375,1682300,0.0,0.0
2025-12-02 00:00:00-05:00,81.33948863219932,81.87540125812119,80.773804344554,81.02191162109375,1996700,0.0,0.0
2025-12-03 00:00:00-05:00,81.32955828623683,81.8753972968691,80.19818976568345,81.86547088623047,1745700,0.0,0.0
2025-12-04 00:00:00-05:00,82.28230023877678,88.43535762439485,82.2624474166807,86.98641204833984,3417100,0.0,0.0
2025-12-05 00:00:00-05:00,86.83754799362359,87.91929209996017,85.89474335834615,87.34368896484375,2140500,0.0,0.0
2025-12-08 00:00:00-05:00,91.1546089655585,93.13946711427674,89.656038943219,90.64846801757812,5177500,0.0,0.0
2025-12-09 00:00:00-05:00,90.44998684407108,90.87673165651962,89.28884662355985,89.8446044921875,3124000,0.0,0.0
2025-12-10 00:00:00-05:00,90.31104670260788,92.45469715982287,89.46748349498705,92.31575012207031,3515700,0.0,0.0
2025-12-11 00:00:00-05:00,92.7921162112513,93.90363947347333,92.65317674992764,93.66545104980469,2393500,0.0,0.0
2025-12-12 00:00:00-05:00,93.8341717510955,94.61818405464476,91.90885692921434,92.07756805419922,1941100,0.0,0.0
2025-12-15 00:00:00-05:00,92.32567514841993,92.54401075522865,90.91642768655097,91.1744613647461,2551600,0.0,0.0
2025-12-16 00:00:00-05:00,85.84511900559868,89.26899644595477,83.41367068669457,84.75344848632812,4772500,0.0,0.0
2025-12-17 00:00:00-05:00,84.29692586858435,88.04830646339344,84.11828833684903,85.89473724365234,2886600,0.0,0.0
2025-12-18 00:00:00-05:00,85.4779123251063,87.38338187726835,85.3389728622531,85.35882568359375,2343200,0.0,0.0
2025-12-19 00:00:00-05:00,85.42829346193123,86.13291717075823,84.49540774270238,84.614501953125,19506200,0.0,0.0
2025-12-22 00:00:00-05:00,85.35882809655406,86.91694146399568,84.68397601291886,85.83518981933594,2859300,0.0,0.0
2025-12-23 00:00:00-05:00,84.94200296033301,85.09086883952946,83.32434625453561,84.00912475585938,2160800,0.0,0.0
2025-12-24 00:00:00-05:00,83.89995821086723,84.59465556205294,83.32434750752292,84.50534057617188,645100,0.0,0.0
2025-12-26 00:00:00-05:00,84.51526057584616,84.88245447434531,83.87018018632058,84.74351501464844,1339500,0.0,0.0
2025-12-29 00:00:00-05:00,84.93207950149143,85.52753541425743,84.09843516631285,84.4755630493164,1523200,0.0,0.0
2025-12-30 00:00:00-05:00,84.47556891421152,84.87253450252722,83.62207927039294,84.50534057617188,1573000,0.0,0.0
2025-12-31 00:00:00-05:00,84.26716015019979,84.59465600511214,83.4632874148938,83.72132110595703,1071600,0.0,0.0
2026-01-02 00:00:00-05:00,83.60222638574791,85.18019261317087,82.77851597613626,84.24730682373047,1501100,0.0,0.0
2026-01-05 00:00:00-05:00,83.68162160366015,89.29877395710164,83.68162160366015,88.66361236572266,2090100,0.0,0.0
2026-01-06 00:00:00-05:00,88.58422104978469,89.81483097849356,87.82997283532244,89.35831451416016,1968300,0.0,0.0
2026-01-07 00:00:00-05:00,90.08278591538007,90.30112152845334,88.45520280000338,89.57665252685547,1719200,0.0,0.0
2026-01-08 00:00:00-05:00,91.03552182911565,96.16637829855384,90.14233415270647,93.50666809082031,2855300,0.0,0.0
2026-01-09 00:00:00-05:00,92.9310572632029,95.4716732527587,92.16689021284314,95.45182800292969,1938700,0.0,0.0
2026-01-12 00:00:00-05:00,96.01751589444109,97.22828061382197,95.76940861822807,96.03736114501953,1716400,0.0,0.0
2026-01-13 00:00:00-05:00,97.34736094486051,97.34736094486051,94.27083243374453,94.58840942382812,1613100,0.0,0.0
2026-01-14 00:00:00-05:00,94.99530923273042,96.47402638713723,94.4792418901186,95.62053680419922,1787900,0.0,0.0
2026-01-15 00:00:00-05:00,95.1243236444797,97.44661157621607,94.01280794595473,96.37478637695312,1918300,0.0,0.0
2026-01-16 00:00:00-05:00,96.19614716651448,96.96031419592677,95.19379171588592,96.66259002685547,2243800,0.0,0.0
2026-01-20 00:00:00-05:00,95.99766576615409,96.20607495898763,92.67302237652044,92.7524185180664,1791000,0.0,0.0
2026-01-21 00:00:00-05:00,93.01045096415055,95.12432209637844,92.57377976304645,94.84644317626953,2089500,0.0,0.0
2026-01-22 00:00:00-05:00,95.15409793584855,96.5831982410485,94.5884136603124,95.0350112915039,2173500,0.0,0.0
2026-01-23 00:00:00-05:00,105.29671971187527,108.27400683419954,99.8284335771492,101.45602416992188,6129000,0.0,0.0
2026-01-26 00:00:00-05:00,102.22019595677017,102.22019595677017,88.7033090666016,93.21886444091797,8261000,0.0,0.0
2026-01-27 00:00:00-05:00,92.37529722367606,94.18151778071407,88.72315803924799,88.88194274902344,4213300,0.0,0.0
2026-01-28 00:00:00-05:00,89.2987702471468,90.99582303299101,87.58186463996668,90.41028594970703,3055600,0.0,0.0
2026-01-29 00:00:00-05:00,90.40036081987888,91.00574316144332,87.64140920245828,88.05823516845703,2705800,0.0,0.0
2026-01-30 00:00:00-05:00,87.31391617556402,87.91929096500209,86.53981511184183,87.75057983398438,2601400,0.0,0.0
2026-02-02 00:00:00-05:00,87.53224465201076,87.59179554744291,85.63670898529102,86.8375473022461,2393800,0.0,0.0
2026-02-03 00:00:00-05:00,85.40844307047685,86.34132881624153,81.87539801540144,82.37161254882812,2793200,0.0,0.0
2026-02-04 00:00:00-05:00,82.30214556316234,85.25958761258379,80.53562297668165,84.39617156982422,3032700,0.0,0.0
2026-02-05 00:00:00-05:00,84.09843967804991,86.03368096290268,83.06631250712172,83.8801040649414,1772800,0.0,0.0
2026-02-06 00:00:00-05:00,83.88010103372768,88.78270302556069,83.88010103372768,88.33611297607422,1979700,0.0,0.0
2026-02-09 00:00:00-05:00,88.6437666898487,89.85453140031483,88.19717662460673,89.4476318359375,1718500,0.0,0.0
2026-02-10 00:00:00-05:00,89.62626462489445,89.76520408545433,87.8101252271096,89.26898956298828,1368200,0.0,0.0
2026-02-11 00:00:00-05:00,88.50482958428806,89.30869475183358,78.78894755139146,79.18592071533203,4000300,0.0,0.0
2026-02-12 00:00:00-05:00,79.40425058358053,81.5081953283201,76.2483258948384,77.33999633789062,3242900,0.0,0.0
2026-02-13 00:00:00-05:00,78.30000305175781,80.18000030517578,77.81999969482422,79.31999969482422,1928000,0.59,0.0
2026-02-17 00:00:00-05:00,79.44000244140625,79.5999984741211,76.37999725341797,76.41999816894531,2273200,0.0,0.0
2026-02-18 00:00:00-05:00,76.76000213623047,78.8499984741211,76.2699966430664,78.29000091552734,1466100,0.0,0.0
2026-02-19 00:00:00-05:00,78.0,80.0199966430664,77.27999877929688,79.94000244140625,1591300,0.0,0.0
2026-02-20 00:00:00-05:00,79.4000015258789,79.58000183105469,75.80000305175781,77.20999908447266,1968100,0.0,0.0
2026-02-23 00:00:00-05:00,76.5199966430664,76.95999908447266,73.98999786376953,74.26000213623047,2181200,0.0,0.0
2026-02-24 00:00:00-05:00,74.22000122070312,76.69000244140625,73.93000030517578,75.69999694824219,1582000,0.0,0.0
2026-02-25 00:00:00-05:00,75.91999816894531,75.98999786376953,74.2699966430664,75.11000061035156,1485000,0.0,0.0
2026-02-26 00:00:00-05:00,76.0999984741211,79.97000122070312,75.55000305175781,79.7699966430664,3139200,0.0,0.0
2026-02-27 00:00:00-05:00,79.12000274658203,79.6500015258789,77.5,78.83000183105469,9752500,0.0,0.0
2026-03-02 00:00:00-05:00,79.95999908447266,80.62000274658203,77.61000061035156,77.80999755859375,1795600,0.0,0.0
2026-03-03 00:00:00-05:00,77.0,79.51000213623047,76.69999694824219,79.19999694824219,2412500,0.0,0.0
2026-03-04 00:00:00-05:00,78.80000305175781,79.38999938964844,77.91000366210938,78.3499984741211,2078200,0.0,0.0
2026-03-05 00:00:00-05:00,78.0999984741211,80.43000030517578,77.91000366210938,79.80000305175781,1562100,0.0,0.0
2026-03-06 00:00:00-05:00,79.87000274658203,82.11000061035156,79.0199966430664,81.88999938964844,2558900,0.0,0.0
2026-03-09 00:00:00-04:00,82.23999786376953,82.23999786376953,79.33000183105469,81.43000030517578,2242100,0.0,0.0
2026-03-10 00:00:00-04:00,80.95999908447266,81.47000122070312,75.8499984741211,77.5199966430664,2261100,0.0,0.0
2026-03-11 00:00:00-04:00,77.62000274658203,78.02999877929688,75.7300033569336,75.94000244140625,2076900,0.0,0.0
2026-03-12 00:00:00-04:00,75.83000183105469,79.20999908447266,75.47000122070312,77.11000061035156,2327800,0.0,0.0
2026-03-13 00:00:00-04:00,77.44000244140625,78.33999633789062,76.51000213623047,78.2699966430664,1532300,0.0,0.0
2026-03-16 00:00:00-04:00,77.86000061035156,78.87000274658203,75.13999938964844,75.76000213623047,1987500,0.0,0.0
2026-03-17 00:00:00-04:00,76.30999755859375,78.25,76.11000061035156,77.12000274658203,1422600,0.0,0.0
2026-03-18 00:00:00-04:00,76.79000091552734,79.6500015258789,76.79000091552734,78.66000366210938,1747200,0.0,0.0
2026-03-19 00:00:00-04:00,78.86000061035156,81.37999725341797,78.43000030517578,80.83000183105469,1981600,0.0,0.0
2026-03-20 00:00:00-04:00,81.08000183105469,81.72000122070312,79.91000366210938,79.94999694824219,9122900,0.0,0.0
2026-03-23 00:00:00-04:00,79.81999969482422,80.88999938964844,78.31999969482422,79.9000015258789,1410900,0.0,0.0
2026-03-24 00:00:00-04:00,79.4800033569336,79.81999969482422,78.04000091552734,78.87999725341797,1350200,0.0,0.0
2026-03-25 00:00:00-04:00,79.5,80.1500015258789,76.69000244140625,80.12000274658203,1104800,0.0,0.0
2026-03-26 00:00:00-04:00,79.94000244140625,81.5199966430664,79.41999816894531,80.33000183105469,1096900,0.0,0.0
2026-03-27 00:00:00-04:00,80.04000091552734,80.31999969482422,78.05000305175781,78.48999786376953,1092200,0.0,0.0
2026-03-30 00:00:00-04:00,78.80000305175781,80.76000213623047,78.26000213623047,78.94999694824219,2132900,0.0,0.0
2026-03-31 00:00:00-04:00,79.43000030517578,80.77999877929688,77.72000122070312,78.02999877929688,2081500,0.0,0.0
2026-04-01 00:00:00-04:00,77.97000122070312,80.48999786376953,77.22000122070312,80.37000274658203,1732500,0.0,0.0
2026-04-02 00:00:00-04:00,80.79000091552734,83.16999816894531,80.13999938964844,83.12999725341797,1562500,0.0,0.0
2026-04-06 00:00:00-04:00,82.83999633789062,84.3499984741211,82.3499984741211,83.70999908447266,1313600,0.0,0.0
2026-04-07 00:00:00-04:00,83.58999633789062,85.62999725341797,82.5199966430664,84.08000183105469,1528000,0.0,0.0
2026-04-08 00:00:00-04:00,84.20999908447266,85.16999816894531,81.55999755859375,81.5999984741211,2130400,0.0,0.0
2026-04-09 00:00:00-04:00,81.44000244140625,81.55000305175781,78.4800033569336,79.52999877929688,1368400,0.0,0.0
2026-04-10 00:00:00-04:00,79.5,79.73999786376953,77.79000091552734,78.16999816894531,1269100,0.0,0.0
2026-04-13 00:00:00-04:00,78.30000305175781,82.33000183105469,78.30000305175781,81.80999755859375,1127700,0.0,0.0
2026-04-14 00:00:00-04:00,81.6500015258789,83.11000061035156,80.75,81.41999816894531,1110000,0.0,0.0
2026-04-15 00:00:00-04:00,81.76000213623047,83.29000091552734,81.1500015258789,82.30000305175781,1087900,0.0,0.0
2026-04-16 00:00:00-04:00,83.20999908447266,83.97000122070312,82.33999633789062,82.69000244140625,727800,0.0,0.0
2026-04-17 00:00:00-04:00,82.47000122070312,83.58000183105469,81.08000183105469,81.7699966430664,1003000,0.0,0.0
2026-04-20 00:00:00-04:00,81.62999725341797,82.55000305175781,80.30000305175781,80.70999908447266,833700,0.0,0.0
2026-04-21 00:00:00-04:00,80.86000061035156,82.29000091552734,80.26000213623047,81.0,949600,0.0,0.0
2026-04-22 00:00:00-04:00,81.27999877929688,81.81999969482422,76.01000213623047,77.37000274658203,3267800,0.0,0.0
2026-04-23 00:00:00-04:00,76.37999725341797,79.11000061035156,75.5,79.01000213623047,1679900,0.0,0.0
2026-04-24 00:00:00-04:00,78.29000091552734,79.54000091552734,77.4000015258789,78.73999786376953,913100,0.0,0.0
2026-04-27 00:00:00-04:00,78.81999969482422,79.62999725341797,75.83999633789062,76.19000244140625,1230900,0.0,0.0
2026-04-28 00:00:00-04:00,76.30000305175781,77.44000244140625,75.5,76.23999786376953,863400,0.0,0.0
2026-04-29 00:00:00-04:00,76.56999969482422,77.08000183105469,75.9000015258789,76.44999694824219,1068200,0.0,0.0
2026-04-30 00:00:00-04:00,76.37999725341797,77.98999786376953,75.58999633789062,77.7699966430664,1141100,0.0,0.0
2026-05-01 00:00:00-04:00,78.5,79.06999969482422,77.6500015258789,78.30999755859375,1008100,0.0,0.0
2026-05-04 00:00:00-04:00,78.11000061035156,79.94999694824219,77.5,77.83999633789062,1173800,0.0,0.0
2026-05-05 00:00:00-04:00,78.25,78.83999633789062,75.5,76.26000213623047,1253600,0.0,0.0
2026-05-06 00:00:00-04:00,75.5999984741211,76.79000091552734,74.05999755859375,76.27999877929688,1480000,0.0,0.0
2026-05-07 00:00:00-04:00,76.98999786376953,78.12999725341797,76.04000091552734,76.8499984741211,1544400,0.0,0.0
2026-05-08 00:00:00-04:00,76.2300033569336,77.13999938964844,74.87999725341797,77.04000091552734,1253500,0.0,0.0
2026-05-11 00:00:00-04:00,77.0999984741211,77.0999984741211,74.55000305175781,74.94999694824219,1441300,0.0,0.0
2026-05-12 00:00:00-04:00,75.20999908447266,77.80999755859375,75.20999908447266,75.43000030517578,2448400,0.0,0.0
2026-05-13 00:00:00-04:00,75.43000030517578,75.54000091552734,68.83999633789062,71.58999633789062,3551800,0.0,0.0
2026-05-14 00:00:00-04:00,71.83999633789062,74.13999938964844,71.83999633789062,73.37999725341797,1983300,0.0,0.0
2026-05-15 00:00:00-04:00,74.0,74.5,72.3499984741211,72.66999816894531,1744800,0.0,0.0
2026-05-18 00:00:00-04:00,72.62999725341797,75.31999969482422,72.5,74.91000366210938,1755200,0.0,0.0
2026-05-19 00:00:00-04:00,76.12999725341797,78.93000030517578,74.98999786376953,77.0,2129700,0.0,0.0
2026-05-20 00:00:00-04:00,76.54000091552734,77.61000061035156,74.63999938964844,77.44999694824219,1373200,0.0,0.0
2026-05-21 00:00:00-04:00,77.04000091552734,77.62000274658203,75.4000015258789,76.3499984741211,1770600,0.0,0.0
2026-05-22 00:00:00-04:00,77.25,78.91000366210938,74.11000061035156,78.68000030517578,1876100,0.0,0.0
2026-05-26 00:00:00-04:00,80.02999877929688,81.0999984741211,78.47000122070312,79.91000366210938,2679600,0.0,0.0
2026-05-27 00:00:00-04:00,79.75,81.76000213623047,78.91000366210938,80.9800033569336,2110300,0.0,0.0
2026-05-28 00:00:00-04:00,81.58000183105469,82.0199966430664,80.54000091552734,81.05000305175781,1870000,0.0,0.0
2026-05-29 00:00:00-04:00,80.2300033569336,80.98999786376953,78.30000305175781,79.18000030517578,2993600,0.0,0.0
2026-06-01 00:00:00-04:00,80.76000213623047,84.36000061035156,80.44999694824219,84.05000305175781,2848900,0.0,0.0
2026-06-02 00:00:00-04:00,82.51000213623047,83.11000061035156,79.02999877929688,80.33000183105469,1999100,0.0,0.0
2026-06-03 00:00:00-04:00,79.13999938964844,79.5999984741211,77.70999908447266,78.5,1493900,0.0,0.0
2026-06-04 00:00:00-04:00,80.37000274658203,81.94000244140625,79.44000244140625,80.01000213623047,1191800,0.0,0.0
2026-06-05 00:00:00-04:00,80.95999908447266,80.95999908447266,78.5199966430664,79.4800033569336,1543300,0.0,0.0
2026-06-08 00:00:00-04:00,78.58999633789062,79.55000305175781,78.04000091552734,79.2300033569336,1982900,0.0,0.0
2026-06-09 00:00:00-04:00,78.88999938964844,80.3499984741211,77.875,78.94000244140625,1440093,0.0,0.0
