Date,Open,High,Low,Close,Volume,Dividends,Stock Splits
2022-01-03 00:00:00-05:00,31.402332109452782,32.02148645206978,31.254086088679507,31.89940071105957,500900,0.0,0.0
2022-01-04 00:00:00-05:00,32.13484329757314,33.24234037730145,32.13484329757314,32.9981689453125,402700,0.0,0.0
2022-01-05 00:00:00-05:00,33.23362758800321,33.45163878621725,32.33542251586914,32.33542251586914,409900,0.0,0.0
2022-01-06 00:00:00-05:00,32.64063610998631,32.99817433374844,32.16973113432297,32.53599166870117,276600,0.0,0.0
2022-01-07 00:00:00-05:00,32.37030428457135,32.79760772983886,32.099972506880086,32.24821853637695,404700,0.0,0.0
2022-01-10 00:00:00-05:00,32.09996520948917,32.15228576019991,31.707544446226684,32.0040397644043,182200,0.0,0.0
2022-01-11 00:00:00-05:00,32.265652497717156,32.265652497717156,31.227920547388706,32.0040397644043,320400,0.0,0.0
2022-01-12 00:00:00-05:00,32.18717768352236,32.492392073174734,31.533143997192383,31.533143997192383,352100,0.0,0.0
2022-01-13 00:00:00-05:00,31.794753187360502,32.588313836716786,31.576741983399028,32.056365966796875,312500,0.0,0.0
2022-01-14 00:00:00-05:00,31.733704084130057,32.1435661315918,31.64650095030626,32.1435661315918,514300,0.0,0.0
2022-01-18 00:00:00-05:00,31.93427940618532,31.977880980542476,31.37617127060517,31.611623764038086,557800,0.0,0.0
2022-01-19 00:00:00-05:00,31.829631372574564,31.942998114386864,30.608767468745317,30.64365005493164,398900,0.0,0.0
2022-01-20 00:00:00-05:00,30.68725513167501,31.15816011925146,29.762889778195564,29.823932647705078,360400,0.0,0.0
2022-01-21 00:00:00-05:00,29.884972633920313,30.695974480972215,29.483832865391964,30.216350555419922,779700,0.0,0.0
2022-01-24 00:00:00-05:00,29.562318664696967,31.28024457807823,29.42279163630174,31.1058349609375,899900,0.0,0.0
2022-01-25 00:00:00-05:00,30.329717612412136,31.079676685843488,29.579758538980787,30.69597816467285,667600,0.0,0.0
2022-01-26 00:00:00-05:00,31.210487657066462,31.419776569424428,29.780334558466997,30.36460304260254,407900,0.0,0.0
2022-01-27 00:00:00-05:00,30.626206328812618,31.0447873500358,29.20477598380043,29.457666397094727,583700,0.0,0.0
2022-01-28 00:00:00-05:00,29.213503424319253,29.509998816017625,28.24553307711024,29.501279830932617,656200,0.0,0.0
2022-01-31 00:00:00-05:00,29.05653141152992,30.190188944920664,28.83852021947067,30.146587371826172,598900,0.0,0.0
2022-02-01 00:00:00-05:00,30.155313588135567,30.85294882776604,29.937302367839344,30.739582061767578,493600,0.0,0.0
2022-02-02 00:00:00-05:00,30.626213680575148,30.661096272363807,29.73672754948664,30.19891357421875,550300,0.0,0.0
2022-02-03 00:00:00-05:00,29.946011507367537,30.312268640286092,29.483828936802844,29.553590774536133,418800,0.0,0.0
2022-02-04 00:00:00-05:00,29.326863178347285,29.588475913983643,28.611786815200915,29.414066314697266,691300,0.0,0.0
2022-02-07 00:00:00-05:00,29.257101629975573,30.22507186559087,29.257101629975573,29.902416229248047,863800,0.0,0.0
2022-02-08 00:00:00-05:00,28.167039662506298,28.925717526269814,27.574050736981448,28.7774715423584,2046800,0.0,0.0
2022-02-09 00:00:00-05:00,29.12629625984438,29.806490106857083,29.091413671129175,29.318143844604492,901600,0.0,0.0
2022-02-10 00:00:00-05:00,28.62923256751514,29.448953487291032,28.62923256751514,28.8559627532959,1023700,0.0,0.0
2022-02-11 00:00:00-05:00,28.777478687528927,29.23966137163899,28.13216406538305,28.437381744384766,963800,0.0,0.0
2022-02-14 00:00:00-05:00,28.72692769423379,28.97260589444675,28.340858125768342,28.858539581298828,947300,0.2,0.0
2022-02-15 00:00:00-05:00,29.33235104371247,29.81493466764191,29.227060862354932,29.806161880493164,1112700,0.0,0.0
2022-02-16 00:00:00-05:00,29.81493720996538,30.38526548958683,29.81493720996538,30.262426376342773,604300,0.0,0.0
2022-02-17 00:00:00-05:00,29.920226003131944,30.22732711901634,29.639449943938274,29.692096710205078,866100,0.0,0.0
2022-02-18 00:00:00-05:00,29.50783533659492,29.82370921093146,29.279702717523268,29.28847885131836,568700,0.0,0.0
2022-02-22 00:00:00-05:00,29.332348837468583,29.45518793099874,28.367181662205123,28.560213088989258,530200,0.0,0.0
2022-02-23 00:00:00-05:00,28.893641788435925,28.9813830597347,27.875827644641404,27.998666763305664,838700,0.0,0.0
2022-02-24 00:00:00-05:00,27.410789716777114,27.647695152930027,26.75272017650173,27.48098373413086,997700,0.0,0.0
2022-02-25 00:00:00-05:00,27.603820170327253,28.32330919684864,27.41956152021885,28.0776309967041,622800,0.0,0.0
2022-02-28 00:00:00-05:00,27.647693143793116,28.060082756583657,27.305497543255374,27.823177337646484,938900,0.0,0.0
2022-03-01 00:00:00-05:00,27.77053930169176,27.919701824816958,25.971816234791714,26.515819549560547,1340800,0.0,0.0
2022-03-02 00:00:00-05:00,26.963303467431306,28.033764373206544,26.761495867461615,27.709115982055664,845400,0.0,0.0
2022-03-03 00:00:00-05:00,27.849505499567833,28.165377772139188,27.27040438070321,27.7880859375,786900,0.0,0.0
2022-03-04 00:00:00-05:00,27.22653245996982,27.5687281031108,26.40175145814654,26.682527542114258,716200,0.0,0.0
2022-03-07 00:00:00-05:00,26.735174038213046,26.84924037426613,25.16458210876354,25.2523250579834,1128200,0.0,0.0
2022-03-08 00:00:00-05:00,25.73490572549084,26.884333371047095,25.45412966003197,26.094650268554688,1152400,0.0,0.0
2022-03-09 00:00:00-05:00,26.81414170120572,27.024723768728048,26.173621036630617,26.261363983154297,885300,0.0,0.0
2022-03-10 00:00:00-05:00,25.7963252161868,26.278910541851626,25.278643719205956,26.120973587036133,822100,0.0,0.0
2022-03-11 00:00:00-05:00,26.46316788931636,26.69129884896393,25.410256025336384,25.427804946899414,824100,0.0,0.0
2022-03-14 00:00:00-04:00,25.68226028433647,25.77877600955954,25.129480948576195,25.6120662689209,1145000,0.0,0.0
2022-03-15 00:00:00-04:00,25.787553785935057,25.945490759313834,25.10316246603709,25.56819725036621,718100,0.0,0.0
2022-03-16 00:00:00-04:00,25.9718127305175,26.954529019112574,25.927940421660377,26.80536651611328,1078900,0.0,0.0
2022-03-17 00:00:00-04:00,26.673753959482507,26.980853439028486,26.48949527588944,26.743947982788086,890100,0.0,0.0
2022-03-18 00:00:00-04:00,26.603556731062156,27.024720820155068,26.12097308817119,26.761493682861328,1616900,0.0,0.0
2022-03-21 00:00:00-04:00,26.79659453997289,27.226533138457253,26.594785260229198,26.893110275268555,779800,0.0,0.0
2022-03-22 00:00:00-04:00,27.121237524721455,27.393239116111438,26.779041920277372,27.015947341918945,791800,0.0,0.0
2022-03-23 00:00:00-04:00,26.691303318917548,26.8141424433159,26.191170685515623,26.226266860961914,682300,0.0,0.0
2022-03-24 00:00:00-04:00,26.31400826465518,26.550913710846487,26.06832835672818,26.173620223999023,756200,0.0,0.0
2022-03-25 00:00:00-04:00,26.278910541851626,26.29645779073096,25.840197522278526,26.120973587036133,815500,0.0,0.0
2022-03-28 00:00:00-04:00,25.28741990509815,25.54187427711259,24.74341666091706,25.340065002441406,1290500,0.0,0.0
2022-03-29 00:00:00-04:00,25.76122900229652,26.454394701826633,25.585743125334353,26.436845779418945,1243200,0.0,0.0
2022-03-30 00:00:00-04:00,26.410527217200503,26.410527217200503,25.480455974984714,25.56819725036621,872800,0.0,0.0
2022-03-31 00:00:00-04:00,25.43657816913343,25.647160196964396,25.10315704345703,25.10315704345703,1009300,0.0,0.0
2022-04-01 00:00:00-04:00,25.32252184632313,25.576974585918137,24.471417321626596,24.752193450927734,965200,0.0,0.0
2022-04-04 00:00:00-04:00,24.576704616845817,24.78728667449249,24.102893731972728,24.594253540039062,1354100,0.0,0.0
2022-04-05 00:00:00-04:00,24.59425439086905,24.839932629843943,23.76069891948498,23.997604370117188,1191000,0.0,0.0
2022-04-06 00:00:00-04:00,23.3132086090677,23.883535175746683,22.9885619254683,23.032432556152344,2577500,0.0,0.0
2022-04-07 00:00:00-04:00,22.95346751516933,23.190372972834016,22.52352891064316,23.085081100463867,1908500,0.0,0.0
2022-04-08 00:00:00-04:00,23.17282277878402,23.60276135975219,22.82185267937709,22.856948852539062,1485500,0.0,0.0
2022-04-11 00:00:00-04:00,22.813079114990266,23.436050856745855,22.70778724424808,23.067533493041992,1237200,0.0,0.0
2022-04-12 00:00:00-04:00,23.37463196475555,23.787023323938175,23.164049890805035,23.497472763061523,1170400,0.0,0.0
2022-04-13 00:00:00-04:00,23.690504140474214,23.953731294834288,23.51501825519588,23.664180755615234,879400,0.0,0.0
2022-04-14 00:00:00-04:00,23.708049774169922,24.01514919401758,23.497467745189095,23.708049774169922,565300,0.0,0.0
2022-04-18 00:00:00-04:00,23.68172650215925,24.120439482948175,23.68172650215925,23.90108299255371,511800,0.0,0.0
2022-04-19 00:00:00-04:00,24.01514907631542,24.927671197426598,23.909857225562458,24.85747718811035,587100,0.0,0.0
2022-04-20 00:00:00-04:00,25.190902035868366,25.743681405268156,24.848706399087742,24.98031997680664,1086900,0.0,0.0
2022-04-21 00:00:00-04:00,25.375164702422644,25.524327217083886,24.541609178099666,24.70832061767578,730500,0.0,0.0
2022-04-22 00:00:00-04:00,24.445087458238696,24.541603174544903,23.89230817354842,23.95372772216797,820700,0.0,0.0
2022-04-25 00:00:00-04:00,23.69927630438801,23.997601276303353,23.04120680873193,23.96250343322754,758400,0.0,0.0
2022-04-26 00:00:00-04:00,23.646634960200004,23.909862130748532,22.839402850678304,22.865724563598633,779500,0.0,0.0
2022-04-27 00:00:00-04:00,22.804302721925495,23.558889656600716,22.62881851695832,23.383403778076172,1049900,0.0,0.0
2022-04-28 00:00:00-04:00,23.5939887876761,23.997605689487166,23.03243658365122,23.760700225830078,1008600,0.0,0.0
2022-04-29 00:00:00-04:00,23.681728899324117,24.07657129142465,22.505977857910725,22.576171875,1291200,0.0,0.0
2022-05-02 00:00:00-04:00,22.637590895685843,23.023658817330265,22.23397572535189,22.99733543395996,1295600,0.0,0.0
2022-05-03 00:00:00-04:00,22.91837199133468,23.550118222834726,22.514755088263684,23.295663833618164,1388500,0.0,0.0
2022-05-04 00:00:00-04:00,22.90959745741017,23.865992100863533,22.690240918518253,23.760700225830078,948200,0.0,0.0
2022-05-05 00:00:00-04:00,23.47114687959976,23.699277853835838,22.94469091394399,23.479921340942383,999500,0.0,0.0
2022-05-06 00:00:00-04:00,23.497471774226355,23.497471774226355,22.505979335015024,22.87449836730957,882800,0.0,0.0
2022-05-09 00:00:00-04:00,22.51196954303864,23.96207404328028,22.51196954303864,23.59954833984375,1352900,0.2,0.0
2022-05-10 00:00:00-04:00,23.705657031007675,23.87365731395434,22.653448904410396,23.060184478759766,905300,0.0,0.0
2022-05-11 00:00:00-04:00,23.25470881126267,23.979762006565718,22.90986765134109,22.98944664001465,1010500,0.0,0.0
2022-05-12 00:00:00-04:00,23.03365771267942,23.343131387235683,22.591552945169294,23.298921585083008,952900,0.0,0.0
2022-05-13 00:00:00-04:00,23.4315503334421,23.60839289734937,22.600392981471025,22.803762435913086,1257500,0.0,0.0
2022-05-16 00:00:00-04:00,22.759549108724173,23.157444002047978,22.105234373643782,22.927549362182617,958400,0.0,0.0
2022-05-17 00:00:00-04:00,23.440389378783493,24.015125102014867,23.440389378783493,24.006282806396484,1000300,0.0,0.0
2022-05-18 00:00:00-04:00,23.785236154745814,24.06818293611296,23.122079003480618,23.298921585083008,753500,0.0,0.0
2022-05-19 00:00:00-04:00,23.077867850034096,23.608393877281177,23.007131158834202,23.095552444458008,941100,0.0,0.0
2022-05-20 00:00:00-04:00,23.334285456470397,23.440391326210833,22.352814172225425,22.847970962524414,796400,0.0,0.0
2022-05-23 00:00:00-04:00,23.237021786727556,23.67028415580924,22.962915680301947,23.555335998535156,829900,0.0,0.0
2022-05-24 00:00:00-04:00,23.33428141630642,23.34312371112844,22.77723033448142,23.069019317626953,880700,0.0,0.0
2022-05-25 00:00:00-04:00,22.98944241012834,23.85596714236658,22.830284462065105,23.77638816833496,566800,0.0,0.0
2022-05-26 00:00:00-04:00,24.032813294644637,24.54565471189368,23.99744410687092,24.457233428955078,636300,0.0,0.0
2022-05-27 00:00:00-04:00,24.466072150013655,24.749018864866006,24.3864931756495,24.589860916137695,532500,0.0,0.0
2022-05-31 00:00:00-04:00,24.53680974898563,24.731335201118483,24.227336135573196,24.52796745300293,748000,0.0,0.0
2022-06-01 00:00:00-04:00,24.67828579305373,24.67828579305373,24.023970997701205,24.457233428955078,563100,0.0,0.0
2022-06-02 00:00:00-04:00,24.63407434770793,25.217652414988546,24.483758682711674,25.17344093322754,718300,0.0,0.0
2022-06-03 00:00:00-04:00,24.80207035241615,25.30607107336456,24.80207035241615,25.235334396362305,631100,0.0,0.0
2022-06-06 00:00:00-04:00,25.500601809227426,25.615548300791342,24.952391183741035,24.978918075561523,910900,0.0,0.0
2022-06-07 00:00:00-04:00,24.775542385094695,25.35912032679969,24.510278611095465,25.297225952148438,739600,0.0,0.0
2022-06-08 00:00:00-04:00,25.102705881060555,25.182284866908933,24.61639135553884,24.917022705078125,926800,0.0,0.0
2022-06-09 00:00:00-04:00,24.58986418543894,24.802074249792213,24.200813244039114,24.209653854370117,401200,0.0,0.0
2022-06-10 00:00:00-04:00,23.776391405835327,23.829445186744078,22.865656758012218,23.042497634887695,537000,0.0,0.0
2022-06-13 00:00:00-04:00,22.36165198847804,22.503125328791068,21.7161779759927,22.114072799682617,766000,0.0,0.0
2022-06-14 00:00:00-04:00,22.19365559162559,22.458917728832073,22.00797074638462,22.343971252441406,620600,0.0,0.0
2022-06-15 00:00:00-04:00,22.733024968894856,22.839130848775213,22.12292164069397,22.520814895629883,811300,0.0,0.0
2022-06-16 00:00:00-04:00,21.848812246431372,21.866496838204416,20.80544662925432,21.035341262817383,853500,0.0,0.0
2022-06-17 00:00:00-04:00,21.10607994452726,21.25639561585888,20.646290633807517,20.699342727661133,1006600,0.0,0.0
2022-06-21 00:00:00-04:00,21.114921899127868,21.19450088822285,20.690501748285122,20.77892303466797,669900,0.0,0.0
2022-06-22 00:00:00-04:00,20.354506141112065,20.672820461935384,20.221875033561012,20.274927139282227,936300,0.0,0.0
2022-06-23 00:00:00-04:00,20.106919038375167,20.354498246543024,19.1166055786945,19.576393127441406,1137100,0.0,0.0
2022-06-24 00:00:00-04:00,19.815135482668012,20.85850300055525,19.709031283236406,20.840818405151367,1883800,0.0,0.0
2022-06-27 00:00:00-04:00,21.017659844418418,21.247554512692375,20.67281699875961,21.123764038085938,649200,0.0,0.0
2022-06-28 00:00:00-04:00,21.397869374574896,21.486288970419572,21.044184245213444,21.070711135864258,1878300,0.0,0.0
2022-06-29 00:00:00-04:00,21.053025690123278,21.079552579700604,20.46944761138708,20.66397476196289,1004900,0.0,0.0
2022-06-30 00:00:00-04:00,20.336820040051858,20.83197692532992,20.00966175821891,20.54018783569336,750800,0.0,0.0
2022-07-01 00:00:00-04:00,20.495975787075142,20.84965923782148,19.894713077558503,20.52250099182129,818500,0.0,0.0
2022-07-05 00:00:00-04:00,19.93892162530991,20.672815371993046,19.594080493282778,20.66397476196289,754200,0.0,0.0
2022-07-06 00:00:00-04:00,20.495975567275284,20.68165874448994,19.9742918505831,20.389869689941406,652400,0.0,0.0
2022-07-07 00:00:00-04:00,20.752398173727503,21.503976651790904,20.637451670727653,21.495134353637695,733800,0.0,0.0
2022-07-08 00:00:00-04:00,20.752395433880626,20.867343608200304,20.115765229364467,20.389869689941406,1503600,0.0,0.0
2022-07-11 00:00:00-04:00,20.239550555534105,20.319129528311716,19.894709464494728,20.177656173706055,572300,0.0,0.0
2022-07-12 00:00:00-04:00,19.700189758980066,20.98229261917275,19.700189758980066,20.54018783569336,761500,0.0,0.0
2022-07-13 00:00:00-04:00,20.239549612933967,20.610917573102267,20.07155106622344,20.575550079345703,615200,0.0,0.0
2022-07-14 00:00:00-04:00,20.133449039582963,20.27492241285707,19.7797656063977,20.106922149658203,641900,0.0,0.0
2022-07-15 00:00:00-04:00,20.60208176361253,20.964607542841637,20.319134978506487,20.858503341674805,792400,0.0,0.0
2022-07-18 00:00:00-04:00,21.212186302480962,21.371344286821124,20.717029440697214,20.83197593688965,516300,0.0,0.0
2022-07-19 00:00:00-04:00,21.14144742866161,21.804604504056254,20.991131757445665,21.74271011352539,512000,0.0,0.0
2022-07-20 00:00:00-04:00,21.291763842469425,21.72502627779199,21.203342558700477,21.671974182128906,583100,0.0,0.0
2022-07-21 00:00:00-04:00,21.645448852869322,22.00797462463379,21.43323876840933,22.00797462463379,582500,0.0,0.0
2022-07-22 00:00:00-04:00,21.98144723878313,22.13176291118454,21.53934251836671,21.75155258178711,525000,0.0,0.0
2022-07-25 00:00:00-04:00,21.831131090008025,22.19365681791922,21.548184344954958,22.07870864868164,599200,0.0,0.0
2022-07-26 00:00:00-04:00,22.052183445392686,22.308603300661165,21.85765629329698,22.07870864868164,528200,0.0,0.0
2022-07-27 00:00:00-04:00,22.069865819910785,22.591549500958752,21.884182655382993,22.51197052001953,564600,0.0,0.0
2022-07-28 00:00:00-04:00,22.618078178703165,23.104392712681484,22.529656894390094,23.07786750793457,603600,0.0,0.0
2022-07-29 00:00:00-04:00,23.042494041401355,23.81175687965463,23.007126546140103,23.74102020263672,821000,0.0,0.0
2022-08-01 00:00:00-04:00,23.431552964910928,23.917867540527713,22.980605894150116,23.900184631347656,1079600,0.0,0.0
2022-08-02 00:00:00-04:00,24.077022960370478,24.077022960370478,23.0867093190958,23.4050235748291,1276300,0.0,0.0
2022-08-03 00:00:00-04:00,23.43155006986,23.617233242027766,22.591550430493168,23.2635498046875,1033600,0.0,0.0
2022-08-04 00:00:00-04:00,23.272391053258612,23.458075903558903,23.13091768469438,23.30776023864746,655000,0.0,0.0
2022-08-05 00:00:00-04:00,23.086706056459178,23.49344153716423,22.909863516546707,23.20165252685547,573200,0.0,0.0
2022-08-08 00:00:00-04:00,23.41549846067083,23.816447746632793,22.88980792399829,23.1303768157959,725500,0.2,0.0
2022-08-09 00:00:00-04:00,23.13928550161784,23.13928550161784,22.70269540152492,22.925445556640625,513700,0.0,0.0
2022-08-10 00:00:00-04:00,23.51350354467054,23.95009360232678,23.451133779212316,23.754074096679688,551800,0.0,0.0
2022-08-11 00:00:00-04:00,24.101565361367296,24.671806896524206,24.02137517203974,24.413415908813477,632800,0.0,0.0
2022-08-12 00:00:00-04:00,24.564885048407714,24.645075234375533,24.261944723517882,24.591615676879883,404700,0.0,0.0
2022-08-15 00:00:00-04:00,24.217398153223122,24.440148317694344,24.083748394430163,24.297588348388672,459800,0.0,0.0
2022-08-16 00:00:00-04:00,24.181756352101235,24.645077083693376,24.083747439246263,24.609437942504883,660700,0.0,0.0
2022-08-17 00:00:00-04:00,24.119385136871248,24.217395743309027,23.69170527151338,23.91445541381836,391700,0.0,0.0
2022-08-18 00:00:00-04:00,23.950094145984856,24.28867530822754,23.87881416963619,24.28867530822754,307000,0.0,0.0
2022-08-19 00:00:00-04:00,24.101567097663636,24.119387518675502,23.57587657395573,23.691707611083984,371000,0.0,0.0
2022-08-22 00:00:00-04:00,23.308574531582018,23.308574531582018,22.488853947773226,22.72051429748535,588800,0.0,0.0
2022-08-23 00:00:00-04:00,22.640320849862164,23.246201415766684,22.640320849862164,22.782880783081055,349000,0.0,0.0
2022-08-24 00:00:00-04:00,22.613593034852713,22.854163589343905,22.453214364640587,22.791793823242188,351700,0.0,0.0
2022-08-25 00:00:00-04:00,22.880896623761533,23.344217362741478,22.827437061401955,23.326396942138672,337700,0.0,0.0
2022-08-26 00:00:00-04:00,23.38876244904177,23.45113221032745,21.954251141677013,21.998802185058594,549000,0.0,0.0
2022-08-29 00:00:00-04:00,21.793869826496486,22.00771142643205,21.580029926009384,21.838420867919922,366000,0.0,0.0
2022-08-30 00:00:00-04:00,21.80278347679776,21.95425364265319,21.357283188922825,21.571123123168945,405100,0.0,0.0
2022-08-31 00:00:00-04:00,21.490934288295218,21.517663217489513,20.813773657710932,20.885053634643555,561100,0.0,0.0
2022-09-01 00:00:00-04:00,20.733586929532283,20.813777129388065,20.279176363499182,20.76922607421875,525000,0.0,0.0
2022-09-02 00:00:00-04:00,21.063251680941423,21.09889251736164,20.14552223595284,20.270261764526367,759200,0.0,0.0
2022-09-06 00:00:00-04:00,20.493011064426874,20.82268199017719,20.145521420636214,20.715761184692383,720900,0.0,0.0
2022-09-07 00:00:00-04:00,20.582114217302472,21.018704307737977,20.368274277055413,20.893964767456055,442700,0.0,0.0
2022-09-08 00:00:00-04:00,20.617755696050427,20.92069607062161,20.386095309646056,20.82268714904785,378100,0.0,0.0
2022-09-09 00:00:00-04:00,21.089980793212938,21.48202146842917,21.054339959353054,21.277090072631836,407700,0.0,0.0
2022-09-12 00:00:00-04:00,21.455293249544372,22.03444326913925,21.455293249544372,21.829513549804688,610100,0.0,0.0
2022-09-13 00:00:00-04:00,21.170175933544417,21.357285256833286,20.466284594812638,20.510835647583008,587200,0.0,0.0
2022-09-14 00:00:00-04:00,20.421732434034283,20.421732434034283,19.806941585912092,20.181161880493164,640700,0.0,0.0
2022-09-15 00:00:00-04:00,20.136614426066966,20.412824143438772,19.896043849913063,20.029693603515625,615000,0.0,0.0
2022-09-16 00:00:00-04:00,19.637653896593996,19.637653896593996,19.022863011229628,19.227792739868164,1789900,0.0,0.0
2022-09-19 00:00:00-04:00,19.085230519361026,20.0207803519043,19.085230519361026,19.922771453857422,880100,0.0,0.0
2022-09-20 00:00:00-04:00,19.753483381858594,19.753483381858594,19.245613311464943,19.495092391967773,924200,0.0,0.0
2022-09-21 00:00:00-04:00,19.762393451618948,20.04751336985621,19.343622084690296,19.379262924194336,725600,0.0,0.0
2022-09-22 00:00:00-04:00,19.379260396913985,19.41490123177005,18.630819859422115,18.69318962097168,1015800,0.0,0.0
2022-09-23 00:00:00-04:00,18.452621276154908,18.639732282480374,18.007120984221295,18.50608253479004,1086100,0.0,0.0
2022-09-26 00:00:00-04:00,18.363523670264236,18.693192954224656,18.140773511040067,18.310062408447266,1122200,0.0,0.0
2022-09-27 00:00:00-04:00,18.55063112661586,18.80902210112034,18.220961875739622,18.76447105407715,1117300,0.0,0.0
2022-09-28 00:00:00-04:00,18.96939877532311,19.397078546910755,18.77337760542585,19.2188777923584,795800,0.0,0.0
2022-09-29 00:00:00-04:00,18.880304924251515,18.96049512157395,18.32788375374686,18.924854278564453,897100,0.0,0.0
2022-09-30 00:00:00-04:00,18.933762452794742,19.040683270873856,18.292242642666306,18.3367919921875,944400,0.0,0.0
2022-10-03 00:00:00-04:00,18.559542875278073,19.584193249970376,18.36352335037699,19.423812866210938,1054900,0.0,0.0
2022-10-04 00:00:00-04:00,19.833673037031907,20.528654098510742,19.833673037031907,20.528654098510742,1268200,0.0,0.0
2022-10-05 00:00:00-04:00,20.127703159302044,20.706853194143374,20.07424360055713,20.528654098510742,1046200,0.0,0.0
2022-10-06 00:00:00-04:00,20.430641711598426,20.73358201717897,20.26135114096257,20.493011474609375,922300,0.0,0.0
2022-10-07 00:00:00-04:00,20.19007283409529,20.386092348216575,19.61092280194032,19.771303176879883,886300,0.0,0.0
2022-10-10 00:00:00-04:00,20.00296214268327,20.127701670343303,19.646560578885563,19.83367156982422,884100,0.0,0.0
2022-10-11 00:00:00-04:00,19.628742364197016,20.18116174325862,19.52182155242293,19.744571685791016,766200,0.0,0.0
2022-10-12 00:00:00-04:00,19.77130521341947,20.002965590033337,19.361444024195272,19.887134552001953,726200,0.0,0.0
2022-10-13 00:00:00-04:00,19.379262728586262,20.68903297706158,19.1476023724946,20.626663208007812,1036800,0.0,0.0
2022-10-14 00:00:00-04:00,20.67121416923374,20.80486391656029,19.76239316829521,19.869312286376953,1085100,0.0,0.0
2022-10-17 00:00:00-04:00,20.57320458879521,21.054344043086722,20.57320458879521,20.938514709472656,1158300,0.0,0.0
2022-10-18 00:00:00-04:00,21.42856499953177,21.731505357149462,20.991974884011892,21.588945388793945,975000,0.0,0.0
2022-10-19 00:00:00-04:00,21.330556933365234,21.633497303053673,20.680125139946558,21.161266326904297,857900,0.0,0.0
2022-10-20 00:00:00-04:00,21.286005343950706,21.686956322997677,20.706855251565333,20.795955657958984,661200,0.0,0.0
2022-10-21 00:00:00-04:00,20.93851394097406,21.945343863569825,20.804864191878874,21.82060432434082,538200,0.0,0.0
2022-10-24 00:00:00-04:00,21.95425232571235,22.59577378941734,21.829512796413546,22.408662796020508,829100,0.0,0.0
2022-10-25 00:00:00-04:00,22.19482575485003,23.121467234031407,22.19482575485003,22.702695846557617,923900,0.0,0.0
2022-10-26 00:00:00-04:00,22.952174647197477,23.344215369744823,22.58686455327224,22.72051429748535,672400,0.0,0.0
2022-10-27 00:00:00-04:00,23.041274489959868,23.647155128591404,22.92544346816043,22.978904724121094,934200,0.0,0.0
2022-10-28 00:00:00-04:00,23.13928411290025,23.575874186790966,22.827435274013105,23.460044860839844,634400,0.0,0.0
2022-10-31 00:00:00-04:00,23.299662335745612,23.950092281729347,23.13037176780171,23.798622131347656,1172100,0.0,0.0
2022-11-01 00:00:00-04:00,22.185917886424587,22.98781820531723,21.268188220132053,22.1770076751709,2092700,0.0,0.0
2022-11-02 00:00:00-04:00,21.936437248829325,21.936437248829325,20.430645640294298,20.457374572753906,1548800,0.0,0.0
2022-11-03 00:00:00-04:00,20.14552240932147,20.72467241054513,19.815851467391838,20.537561416625977,1253100,0.0,0.0
2022-11-04 00:00:00-04:00,21.000883120480974,21.669133546628387,20.902872514155764,21.624584197998047,804500,0.0,0.0
2022-11-07 00:00:00-05:00,21.840200375054216,22.190579094102734,21.498807615045234,22.181594848632812,679200,0.2,0.0
2022-11-08 00:00:00-05:00,22.37924586060065,22.406198600325233,21.965980799576002,22.118709564208984,967100,0.0,0.0
2022-11-09 00:00:00-05:00,21.858170557185765,22.271437312929052,21.606616805273777,21.741378784179688,489900,0.0,0.0
2022-11-10 00:00:00-05:00,22.684702379913755,22.954222910880873,22.514005129730716,22.783527374267578,552700,0.0,0.0
2022-11-11 00:00:00-05:00,22.93625939869481,24.46354548097492,22.783530619109797,24.454561233520508,1375800,0.0,0.0
2022-11-14 00:00:00-05:00,24.176055839878664,24.3737041384499,23.565140736114916,23.969423294067383,926700,0.0,0.0
2022-11-15 00:00:00-05:00,24.364717470753973,24.795950983688112,24.104179485708563,24.31081199645996,497400,0.0,0.0
2022-11-16 00:00:00-05:00,24.20300545360008,24.310812979407718,23.583106182712125,23.67294692993164,582100,0.0,0.0
2022-11-17 00:00:00-05:00,23.19679178636658,23.268664040242186,22.86438325478052,23.259679794311523,592000,0.0,0.0
2022-11-18 00:00:00-05:00,23.71786544937671,23.843643175622738,23.241712422204923,23.789737701416016,810800,0.0,0.0
2022-11-21 00:00:00-05:00,23.789740510078563,23.9694220181752,23.367491193692274,23.93348503112793,770500,0.0,0.0
2022-11-22 00:00:00-05:00,24.194017785406647,24.37369754086121,23.55615011258382,23.744815826416016,553300,0.0,0.0
2022-11-23 00:00:00-05:00,23.76278632486131,23.996369855341687,23.556152103944623,23.924497604370117,476700,0.0,0.0
2022-11-25 00:00:00-05:00,24.023324781393825,24.122149778074693,23.870596019964207,24.077228546142578,175800,0.0,0.0
2022-11-28 00:00:00-05:00,23.73583538235705,23.73583538235705,23.08898507471732,23.196792602539062,526000,0.0,0.0
2022-11-29 00:00:00-05:00,23.25967614348716,23.48427711579142,23.17881965637207,23.17881965637207,604400,0.0,0.0
2022-11-30 00:00:00-05:00,23.20577561628525,23.7358341217041,22.5229883599225,23.7358341217041,775500,0.0,0.0
2022-12-01 00:00:00-05:00,23.90653200823226,24.11316452579081,23.601074498115395,23.753803253173828,456800,0.0,0.0
2022-12-02 00:00:00-05:00,23.232727564899527,23.897546307154098,23.026093346352745,23.825674057006836,508900,0.0,0.0
2022-12-05 00:00:00-05:00,23.54716899479828,23.54716899479828,23.04406321371666,23.20577621459961,541400,0.0,0.0
2022-12-06 00:00:00-05:00,23.124918393129345,23.295615630262326,22.253467143627656,22.675716400146484,397900,0.0,0.0
2022-12-07 00:00:00-05:00,22.657749464242787,22.909303214463172,22.505020707603578,22.864383697509766,369400,0.0,0.0
2022-12-08 00:00:00-05:00,22.99016016341553,23.268664943802097,22.666734151631285,22.88235092163086,758700,0.0,0.0
2022-12-09 00:00:00-05:00,22.819459012444394,23.17882023437866,22.34330603597004,22.36127281188965,507200,0.0,0.0
2022-12-12 00:00:00-05:00,22.325337495608277,23.079996916735336,22.19057725188619,23.017108917236328,590200,0.0,0.0
2022-12-13 00:00:00-05:00,23.897549891959464,23.951453659263464,22.936257759450466,23.151874542236328,625200,0.0,0.0
2022-12-14 00:00:00-05:00,23.304601840923343,23.4303778612224,22.603846055893413,22.70267105102539,558600,0.0,0.0
2022-12-15 00:00:00-05:00,22.24448256195374,22.24448256195374,21.78629633040754,22.028865814208984,961200,0.0,0.0
2022-12-16 00:00:00-05:00,21.81325212991476,22.04683740116866,21.364050080634907,21.80426788330078,1334000,0.0,0.0
2022-12-19 00:00:00-05:00,21.87613829296479,22.127690322607513,21.184366784307937,21.462871551513672,482500,0.0,0.0
2022-12-20 00:00:00-05:00,21.471855344281202,21.840200848688013,21.417951583862305,21.417951583862305,612200,0.0,0.0
2022-12-21 00:00:00-05:00,21.75934249191659,22.02886469811942,21.54372575509603,21.912071228027344,506300,0.0,0.0
2022-12-22 00:00:00-05:00,21.669507064302078,21.76833034742191,21.112495783283055,21.47185707092285,859000,0.0,0.0
2022-12-23 00:00:00-05:00,21.399984726596493,21.831218270015164,21.35506520841238,21.786298751831055,303700,0.0,0.0
2022-12-27 00:00:00-05:00,21.86715346055106,22.16362671151294,21.72340895787679,22.04683494567871,312800,0.0,0.0
2022-12-28 00:00:00-05:00,22.12769098163362,22.23550022152686,21.46287219073957,21.4808406829834,262600,0.0,0.0
2022-12-29 00:00:00-05:00,21.72340849611625,22.13667350412785,21.588648241919838,21.948009490966797,390000,0.0,0.0
2022-12-30 00:00:00-05:00,21.714421745917207,21.759341254277974,21.38201155791156,21.615596771240234,339200,0.0,0.0
2023-01-03 00:00:00-05:00,21.78629766044525,22.001914421353252,21.552712407735825,21.72340965270996,510700,0.0,0.0
2023-01-04 00:00:00-05:00,22.055813330415454,22.61282445871682,21.81324559874534,22.49603271484375,538400,0.0,0.0
2023-01-05 00:00:00-05:00,22.424161249901026,22.846412193301646,22.127688021813327,22.774539947509766,702100,0.0,0.0
2023-01-06 00:00:00-05:00,23.16085336641183,23.475293363373726,22.918283899981677,23.304597854614258,654300,0.0,0.0
2023-01-09 00:00:00-05:00,23.47529509696211,23.888561816239847,23.19679034469925,23.33155059814453,628200,0.0,0.0
2023-01-10 00:00:00-05:00,23.178822092111876,23.888562061689488,23.178822092111876,23.825674057006836,395100,0.0,0.0
2023-01-11 00:00:00-05:00,24.03230472258681,24.39166594581814,23.960432477940547,24.319793701171875,567400,0.0,0.0
2023-01-12 00:00:00-05:00,24.526429298575255,24.526429298575255,23.825675252859774,24.122148513793945,681600,0.0,0.0
2023-01-13 00:00:00-05:00,24.02332309527446,24.607285360847246,23.870594344564378,24.544397354125977,366300,0.0,0.0
2023-01-17 00:00:00-05:00,24.46354458731464,24.661194596951496,24.301831566182642,24.3377685546875,451800,0.0,0.0
2023-01-18 00:00:00-05:00,24.40065668496727,24.724082728741866,23.942470360809903,23.996374130249023,347600,0.0,0.0
2023-01-19 00:00:00-05:00,23.789737300109373,23.834658527857204,23.232727784593298,23.403423309326172,440100,0.0,0.0
2023-01-20 00:00:00-05:00,23.63700910164592,24.63423810439355,23.358504337422314,24.57135009765625,937800,0.0,0.0
2023-01-23 00:00:00-05:00,24.5803331885571,25.029535173941138,24.42760444498374,24.795949935913086,484500,0.0,0.0
2023-01-24 00:00:00-05:00,24.598300128754225,24.94867884490422,24.409636116155426,24.688140869140625,426300,0.0,0.0
2023-01-25 00:00:00-05:00,24.472523500732564,24.876805965450487,24.355731740686025,24.724077224731445,390800,0.0,0.0
2023-01-26 00:00:00-05:00,24.876806243706437,25.00258225032795,24.382683035349856,24.822900772094727,482200,0.0,0.0
2023-01-27 00:00:00-05:00,24.76001603141365,25.218202319071008,24.706112266268608,25.065473556518555,495900,0.0,0.0
2023-01-30 00:00:00-05:00,24.80493320333923,25.08343794349808,24.80493320333923,24.939693450927734,381600,0.0,0.0
2023-01-31 00:00:00-05:00,24.93969629338193,25.604515075683594,24.831887054882063,25.604515075683594,572800,0.0,0.0
2023-02-01 00:00:00-05:00,25.541623693537545,26.350186877993178,25.31702271376823,25.990825653076172,784300,0.0,0.0
2023-02-02 00:00:00-05:00,26.14355661982137,27.491162613486704,26.14355661982137,27.473194122314453,996200,0.0,0.0
2023-02-03 00:00:00-05:00,27.158754983141236,27.437261482285734,26.889234444013436,27.149770736694336,603700,0.0,0.0
2023-02-06 00:00:00-05:00,26.907203771165875,26.907203771165875,26.18847945525801,26.56580924987793,1117000,0.0,0.0
2023-02-07 00:00:00-05:00,27.401327174897244,27.401327174897244,25.73029487097096,26.125593185424805,1412400,0.0,0.0
2023-02-08 00:00:00-05:00,26.25136986028164,26.538860640977276,25.981849288243865,26.14356231689453,547900,0.0,0.0
2023-02-09 00:00:00-05:00,26.449015174314184,26.449015174314184,25.55061114257116,25.712324142456055,710800,0.0,0.0
2023-02-10 00:00:00-05:00,25.5775625152808,25.5775625152808,25.092425222586808,25.523658752441406,626300,0.0,0.0
2023-02-13 00:00:00-05:00,25.5869912275503,26.129853862667904,25.442227628089842,26.120807647705078,475300,0.2,0.0
2023-02-14 00:00:00-05:00,25.939857134186827,26.147954631593947,25.586996010260094,25.96700096130371,516100,0.0,0.0
2023-02-15 00:00:00-05:00,25.758901004823354,26.374147262874942,25.52365968699666,26.265575408935547,373900,0.0,0.0
2023-02-16 00:00:00-05:00,25.776991082158354,26.310807466641016,25.659371312600975,26.057470321655273,427300,0.0,0.0
2023-02-17 00:00:00-05:00,26.09366209843757,26.256521568479943,25.849372893374007,26.193187713623047,376200,0.0,0.0
2023-02-21 00:00:00-05:00,25.813187059554654,25.813187059554654,24.953651594770932,25.026033401489258,537300,0.0,0.0
2023-02-22 00:00:00-05:00,25.1255576317267,25.614134368399974,25.08031792647657,25.24317741394043,451300,0.0,0.0
2023-02-23 00:00:00-05:00,25.45127869747312,25.559852280636235,25.016987816257775,25.415088653564453,364000,0.0,0.0
2023-02-24 00:00:00-05:00,24.980794367982167,25.3788934253176,24.763648956966936,25.35175132751465,380300,0.0,0.0
2023-02-27 00:00:00-05:00,25.749850719158964,25.92175815225559,25.559849129198223,25.66842269897461,374000,0.0,0.0
2023-02-28 00:00:00-05:00,25.614136782210263,25.9398557878329,25.469373163204306,25.632232666015625,591200,0.0,0.0
2023-03-01 00:00:00-05:00,25.586991562223517,25.85842288333259,25.38794031607316,25.749849319458008,505000,0.0,0.0
2023-03-02 00:00:00-05:00,25.586992930648957,26.093665562485256,25.387941673853085,26.04842758178711,304400,0.0,0.0
2023-03-03 00:00:00-05:00,26.356051702114275,26.491769109781938,25.948904656266855,26.41033935546875,473300,0.0,0.0
2023-03-06 00:00:00-05:00,26.77224594778149,27.152250857637668,26.410336920708545,26.43747901916504,1451200,0.0,0.0
2023-03-07 00:00:00-05:00,26.41938696362339,26.67272243986677,26.211287746499682,26.30176544189453,814400,0.0,0.0
2023-03-08 00:00:00-05:00,26.356049612499874,26.66367272091153,26.129856251945327,26.546052932739258,913800,0.0,0.0
2023-03-09 00:00:00-05:00,26.600340530740457,26.808438021379356,25.786044726622396,25.813188552856445,963300,0.0,0.0
2023-03-10 00:00:00-05:00,25.677467882279227,25.677467882279227,24.61888295381898,24.92650604248047,1149300,0.0,0.0
2023-03-13 00:00:00-04:00,24.41983818506797,25.29746791728795,24.18459685230704,24.94460678100586,1252700,0.0,0.0
2023-03-14 00:00:00-04:00,25.65937493513409,26.147951688210764,25.17079645633906,25.568897247314453,1330700,0.0,0.0
2023-03-15 00:00:00-04:00,24.56459443228151,24.82697951423405,23.849824431895588,24.428878784179688,1219900,0.0,0.0
2023-03-16 00:00:00-04:00,24.0217363055947,24.664126403234867,23.92221239171807,24.094118118286133,1444800,0.0,0.0
2023-03-17 00:00:00-04:00,23.74125914461529,23.93126249869089,22.031237586528356,22.429338455200195,16730700,0.0,0.0
2023-03-20 00:00:00-04:00,22.601238251089057,23.19838853413138,22.546952332372005,22.981243133544922,1517200,0.0,0.0
2023-03-21 00:00:00-04:00,23.58743979295553,23.777443084441146,23.33410437193221,23.469820022583008,1139600,0.0,0.0
2023-03-22 00:00:00-04:00,23.361249417519986,23.876969990567403,23.12600812134219,23.14410400390625,951100,0.0,0.0
2023-03-23 00:00:00-04:00,23.234580822217143,23.922208802474586,22.85457593117272,23.162199020385742,706500,0.0,0.0
2023-03-24 00:00:00-04:00,22.72790854374923,23.31601090799576,22.556001114726357,23.306962966918945,981100,0.0,0.0
2023-03-27 00:00:00-04:00,23.723156145388213,23.82268176414477,23.24362738385537,23.587440490722656,694100,0.0,0.0
2023-03-28 00:00:00-04:00,23.52411073290919,24.0036413037233,23.433633038792767,23.940305709838867,542100,0.0,0.0
2023-03-29 00:00:00-04:00,24.3022169538113,24.32935905456543,23.976497939013644,24.32935905456543,531600,0.0,0.0
2023-03-30 00:00:00-04:00,24.60983675260642,24.682218554349216,24.220783921094537,24.338403701782227,558700,0.0,0.0
2023-03-31 00:00:00-04:00,24.537454598263192,24.989841284084488,24.51935871665796,24.953649520874023,750800,0.0,0.0
2023-04-03 00:00:00-04:00,24.91745879662685,25.27936779016559,24.700311674785397,25.25222396850586,750300,0.0,0.0
2023-04-04 00:00:00-04:00,25.378893128386437,25.378893128386437,23.49696452922118,23.895065307617188,1232100,0.0,0.0
2023-04-05 00:00:00-04:00,23.67791797456447,23.67791797456447,23.008385921425337,23.135053634643555,878100,0.0,0.0
2023-04-06 00:00:00-04:00,23.27981827940816,23.27981827940816,22.89981339688142,22.945053100585938,1003300,0.0,0.0
2023-04-10 00:00:00-04:00,22.90885982360574,23.82268106942485,22.836478028180373,23.714107513427734,722800,0.0,0.0
2023-04-11 00:00:00-04:00,23.976496586767013,24.573646929738455,23.976496586767013,24.1664981842041,745900,0.0,0.0
2023-04-12 00:00:00-04:00,24.47411552774305,24.555545257653456,24.130302454790897,24.302209854125977,370800,0.0,0.0
2023-04-13 00:00:00-04:00,24.338404944723,24.338404944723,23.614586890330298,24.01268768310547,707600,0.0,0.0
2023-04-14 00:00:00-04:00,24.112211597261783,24.302214915194625,23.632682783167134,23.84078025817871,578500,0.0,0.0
2023-04-17 00:00:00-04:00,23.895063743301698,24.12125707803626,23.741252206653467,23.867919921875,481700,0.0,0.0
2023-04-18 00:00:00-04:00,23.92220860900837,24.121258131005373,23.723157361293094,24.057924270629883,479000,0.0,0.0
2023-04-19 00:00:00-04:00,23.89506669464486,24.012688209636764,23.677921273565655,23.886018753051758,547400,0.0,0.0
2023-04-20 00:00:00-04:00,23.51506213397412,23.867923232879797,23.496966250512692,23.786495208740234,698000,0.0,0.0
2023-04-21 00:00:00-04:00,23.840776591298216,23.840776591298216,23.288864330903177,23.533153533935547,464600,0.0,0.0
2023-04-24 00:00:00-04:00,23.487917296300857,23.78649418338852,23.415535491293703,23.560300827026367,427400,0.0,0.0
2023-04-25 00:00:00-04:00,23.261723632166895,23.406488965984195,22.836480749090978,22.863624572753906,446500,0.0,0.0
2023-04-26 00:00:00-04:00,22.63743403394607,22.827435646054905,22.384096825415746,22.465526580810547,751500,0.0,0.0
2023-04-27 00:00:00-04:00,22.655528586552183,23.406490499924086,22.510763243247716,23.343154907226562,1551700,0.0,0.0
2023-04-28 00:00:00-04:00,23.252681154422678,23.958403425917066,23.225537326396505,23.4879207611084,1153200,0.0,0.0
2023-05-01 00:00:00-04:00,23.442679126902856,24.08506915118191,23.424583244366918,23.732206344604492,913800,0.0,0.0
2023-05-02 00:00:00-04:00,25.053174619665405,25.54175133275386,23.686966649991245,24.73650360107422,2601600,0.0,0.0
2023-05-03 00:00:00-04:00,25.197939107481417,25.623181977005558,24.148402119351744,24.338403701782227,1802300,0.0,0.0
2023-05-04 00:00:00-04:00,24.22078463931311,24.347452364689506,23.533156639507187,23.83173179626465,1030500,0.0,0.0
2023-05-05 00:00:00-04:00,24.41983118768782,24.627928632752152,24.121256067376958,24.36554527282715,893500,0.0,0.0
2023-05-08 00:00:00-04:00,24.474935803842392,24.775744996886303,24.256165639685978,24.54785919189453,564800,0.2,0.0
2023-05-09 00:00:00-04:00,24.43847214341211,24.456703424264386,24.055623938667477,24.25616455078125,520200,0.0,0.0
2023-05-10 00:00:00-04:00,24.53873882255586,24.53873882255586,23.19877117331697,23.618080139160156,1370500,0.0,0.0
2023-05-11 00:00:00-04:00,23.362848783954668,23.481350360059984,22.916192875579537,23.235233306884766,866800,0.0,0.0
2023-05-12 00:00:00-04:00,23.42666328993963,23.545163152851913,23.071160223941078,23.408432006835938,462300,0.0,0.0
2023-05-15 00:00:00-04:00,23.618083678507354,23.864200754626697,23.41754480461232,23.5451602935791,491300,0.0,0.0
2023-05-16 00:00:00-04:00,23.299043494407623,23.362851239649476,22.852387539084,22.87061882019043,503700,0.0,0.0
2023-05-17 00:00:00-04:00,23.034694462347073,23.773043883584016,23.034694462347073,23.70923614501953,493900,0.0,0.0
2023-05-18 00:00:00-04:00,23.563388902449805,24.201468013558063,23.52692634480511,24.0738525390625,586100,0.0,0.0
2023-05-19 00:00:00-04:00,24.420243573769024,24.420243573769024,23.636315852206202,23.88243293762207,571400,0.0,0.0
2023-05-22 00:00:00-04:00,23.982699223771537,24.31085530638993,23.718352620597138,24.165008544921875,361100,0.0,0.0
2023-05-23 00:00:00-04:00,23.982696316299165,24.292621081503594,23.773041839434505,23.79127311706543,500600,0.0,0.0
2023-05-24 00:00:00-04:00,23.627198854099674,23.627198854099674,23.08027260858294,23.280813217163086,602500,0.0,0.0
2023-05-25 00:00:00-04:00,23.34461939091435,23.6818893649105,23.116733615489196,23.627197265625,423200,0.0,0.0
2023-05-26 00:00:00-04:00,23.77304539326881,23.827737495707186,23.23523479317145,23.24435043334961,1407900,0.0,0.0
2023-05-30 00:00:00-04:00,23.362850514401106,23.499583379824116,22.697424422348966,23.043811798095703,1023800,0.0,0.0
2023-05-31 00:00:00-04:00,22.897965613297064,22.989118541056154,22.29634551057702,22.715656280517578,1005900,0.0,0.0
2023-06-01 00:00:00-04:00,22.797694277245682,23.353736152354053,22.697423974880415,23.207887649536133,694800,0.0,0.0
2023-06-02 00:00:00-04:00,23.709237901041373,25.049205726031563,23.56339113391172,25.012744903564453,914000,0.0,0.0
2023-06-05 00:00:00-04:00,24.812204425065485,24.812204425065485,23.76393012883061,24.18324089050293,763500,0.0,0.0
2023-06-06 00:00:00-04:00,23.937125422581126,25.222401237476312,23.937125422581126,25.13124656677246,564400,0.0,0.0
2023-06-07 00:00:00-04:00,25.37735873367064,26.480324993217202,25.14035733126377,26.41651725769043,911200,0.0,0.0
2023-06-08 00:00:00-04:00,26.31625230597154,26.72644569277024,26.05190394988805,26.462099075317383,794000,0.0,0.0
2023-06-09 00:00:00-04:00,26.452982528019927,26.452982528019927,25.705517426090072,25.88782501220703,769600,0.0,0.0
2023-06-12 00:00:00-04:00,25.91516989753379,26.398286614506304,25.605245112978004,26.206863403320312,983500,0.0,0.0
2023-06-13 00:00:00-04:00,26.38917850705358,27.01814211499776,26.343600300124482,26.835834503173828,722600,0.0,0.0
2023-06-14 00:00:00-04:00,26.89964113049919,27.027256627307832,25.978982252562176,26.188636779785156,1022300,0.0,0.0
2023-06-15 00:00:00-04:00,26.015442079362142,26.480327551289385,25.933403057579554,26.443866729736328,795900,0.0,0.0
2023-06-16 00:00:00-04:00,26.69909966898641,26.69909966898641,25.906056364352015,26.243328094482422,1400100,0.0,0.0
2023-06-20 00:00:00-04:00,26.070135262368094,26.124827366281536,25.760210442474207,25.988096237182617,590800,0.0,0.0
2023-06-21 00:00:00-04:00,25.76021264983882,26.279792028115285,25.659942335213263,26.097482681274414,491600,0.0,0.0
2023-06-22 00:00:00-04:00,26.08836534660267,26.097479247978015,25.277090772383207,25.340898513793945,726000,0.0,0.0
2023-06-23 00:00:00-04:00,24.857783060315175,25.058321935012092,24.529626957510548,24.92159080505371,1319400,0.0,0.0
2023-06-26 00:00:00-04:00,25.040089984461684,25.66905525180808,24.994513521904516,25.36824607849121,786300,0.0,0.0
2023-06-27 00:00:00-04:00,25.495862466911444,25.915173239526254,25.340900054649765,25.70551872253418,518000,0.0,0.0
2023-06-28 00:00:00-04:00,25.787555839637648,25.787555839637648,25.204167057395015,25.23151397705078,702300,0.0,0.0
2023-06-29 00:00:00-04:00,25.18593875548727,26.051905522038393,25.18593875548727,26.033674240112305,566900,0.0,0.0
2023-06-30 00:00:00-04:00,26.252440415241487,26.252440415241487,25.83313142648831,25.878707885742188,474000,0.0,0.0
2023-07-03 00:00:00-04:00,25.65994177190982,26.215983702800184,25.65994177190982,26.188636779785156,241700,0.0,0.0
2023-07-05 00:00:00-04:00,25.81490158996569,25.933403172456824,25.277090995288855,25.377361297607422,677500,0.0,0.0
2023-07-06 00:00:00-04:00,25.049203168293637,25.204165559874735,24.60254727223763,24.985395431518555,734700,0.0,0.0
2023-07-07 00:00:00-04:00,25.058318550887826,25.8878225977256,25.058318550887826,25.386474609375,535700,0.0,0.0
2023-07-10 00:00:00-04:00,25.304437543471423,25.933402791132238,25.304437543471423,25.896940231323242,573300,0.0,0.0
2023-07-11 00:00:00-04:00,26.070133626386873,26.835829987647774,26.042786706830938,26.772022247314453,673800,0.0,0.0
2023-07-12 00:00:00-04:00,27.337179433549345,27.355410714203277,26.65352205670244,26.899639129638672,840300,0.0,0.0
2023-07-13 00:00:00-04:00,26.881407572128246,27.009023058130204,26.644406141959898,26.82671546936035,419900,0.0,0.0
2023-07-14 00:00:00-04:00,26.77202437463975,26.790253917161714,26.25244329357385,26.489444732666016,434200,0.0,0.0
2023-07-17 00:00:00-04:00,26.36182720526077,26.680867646261444,26.25244126542634,26.33448028564453,550900,0.0,0.0
2023-07-18 00:00:00-04:00,26.416518890006397,27.10929186170386,26.407403250277817,27.05459976196289,736400,0.0,0.0
2023-07-19 00:00:00-04:00,26.972566762454935,26.999913687743636,26.42564042709717,26.890527725219727,733900,0.0,0.0
2023-07-20 00:00:00-04:00,27.054603627631522,27.255142514422534,26.598832007863148,27.091064453125,578200,0.0,0.0
2023-07-21 00:00:00-04:00,27.17310311819649,27.19133440001333,26.56236908637824,26.626176834106445,508400,0.0,0.0
2023-07-24 00:00:00-04:00,26.617059623680944,26.97256088177155,26.507673685005866,26.735559463500977,338000,0.0,0.0
2023-07-25 00:00:00-04:00,26.480328291034727,27.036370178954428,26.30713634121598,26.781137466430664,390300,0.0,0.0
2023-07-26 00:00:00-04:00,26.598829181717008,27.054600753059297,26.525905799847465,26.717329025268555,384300,0.0,0.0
2023-07-27 00:00:00-04:00,26.82671575927878,27.136640576030572,26.4894440215322,26.66263771057129,1087400,0.0,0.0
2023-07-28 00:00:00-04:00,26.872292353870865,27.154871989641975,26.525906712727434,26.81760025024414,624400,0.0,0.0
2023-07-31 00:00:00-04:00,27.027255577038222,27.893222313924763,27.018139936387442,27.783836364746094,1653100,0.0,0.0
2023-08-01 00:00:00-04:00,26.124825784478286,26.73555974686339,25.824016623221773,26.33448028564453,1694600,0.0,0.0
2023-08-02 00:00:00-04:00,26.033674578150585,26.525908764762058,25.63259680235319,26.225099563598633,805000,0.0,0.0
2023-08-03 00:00:00-04:00,25.924285491930778,26.01544014698849,25.021858057983337,25.25885772705078,1235100,0.0,0.0
2023-08-04 00:00:00-04:00,25.377361876093723,25.495861722655533,24.921590293173402,25.049205780029297,843400,0.0,0.0
2023-08-07 00:00:00-04:00,25.242034247475097,25.76542282286969,25.18694117411178,25.42568016052246,643500,0.2,0.0
2023-08-08 00:00:00-04:00,24.994111814838313,25.186940191150324,24.305442294852988,24.92983627319336,852300,0.0,0.0
2023-08-09 00:00:00-04:00,24.994111228414912,25.343038091125337,24.865560148141135,25.076751708984375,783700,0.0,0.0
2023-08-10 00:00:00-04:00,25.104295793968145,25.489950735077365,24.700275914859226,25.06756591796875,1045100,0.0,0.0
2023-08-11 00:00:00-04:00,24.939018004014724,25.003293543753472,24.516634884944605,24.636003494262695,555300,0.0,0.0
2023-08-14 00:00:00-04:00,24.57172598956518,24.599273397840484,24.186071030595755,24.397262573242188,1177400,0.0,0.0
2023-08-15 00:00:00-04:00,24.186074059961168,24.25953207318581,23.8004190526875,23.864694595336914,717100,0.0,0.0
2023-08-16 00:00:00-04:00,23.818782312787683,24.36053577885071,23.75450677467462,23.827964782714844,570400,0.0,0.0
2023-08-17 00:00:00-04:00,24.05752411915687,24.32380877299778,23.97488363142552,24.18607521057129,609000,0.0,0.0
2023-08-18 00:00:00-04:00,24.002427110293198,24.590092941982103,24.002427110293198,24.259531021118164,623500,0.0,0.0
2023-08-21 00:00:00-04:00,24.231982709885123,24.37889872450221,23.892240082849504,24.140161514282227,445500,0.0,0.0
2023-08-22 00:00:00-04:00,24.24116826351285,24.37890182581574,23.938153725895585,23.947336196899414,421500,0.0,0.0
2023-08-23 00:00:00-04:00,23.93815374737725,24.342173715021914,23.901425614706245,24.18607521057129,347600,0.0,0.0
2023-08-24 00:00:00-04:00,23.974881364036857,24.231983522550646,23.74532486457692,23.782052993774414,591200,0.0,0.0
2023-08-25 00:00:00-04:00,24.0942532264108,24.14016558332824,23.708598185191,23.928972244262695,326200,0.0,0.0
2023-08-28 00:00:00-04:00,24.12179657461083,24.37889872450221,24.02997362763089,24.140161514282227,447300,0.0,0.0
2023-08-29 00:00:00-04:00,24.26871512925008,24.645187675031018,24.01161120107254,24.57172966003418,353700,0.0,0.0
2023-08-30 00:00:00-04:00,24.5717319501558,24.838016622570997,24.507456399965147,24.70028305053711,553700,0.0,0.0
2023-08-31 00:00:00-04:00,24.67273462960469,24.819650656872252,24.277897149556672,24.305442810058594,467100,0.0,0.0
2023-09-01 00:00:00-04:00,24.57172784222029,24.70946139122769,24.388081942625693,24.43399429321289,677200,0.0,0.0
2023-09-05 00:00:00-04:00,24.15852661464755,24.15852661464755,23.534132627417602,23.62595558166504,632600,0.0,0.0
2023-09-06 00:00:00-04:00,23.671866653247033,23.993244348652848,23.561678763838547,23.717777252197266,510800,0.0,0.0
2023-09-07 00:00:00-04:00,23.405581933580905,23.561680432997974,23.038291861828164,23.414764404296875,946900,0.0,0.0
2023-09-08 00:00:00-04:00,23.405583239311166,23.745327669246578,23.286214616098746,23.561681747436523,837800,0.0,0.0
2023-09-11 00:00:00-04:00,23.928971430259224,23.947336372401473,23.414765309917268,23.772872924804688,660600,0.0,0.0
2023-09-12 00:00:00-04:00,23.73614387384698,23.87387743183211,23.34130638994633,23.414764404296875,588300,0.0,0.0
2023-09-13 00:00:00-04:00,23.304576477732258,23.387216962694698,22.92810393573768,23.176025390625,743100,0.0,0.0
2023-09-14 00:00:00-04:00,23.442310827262094,23.690230520623107,23.313757994040202,23.433128356933594,582600,0.0,0.0
2023-09-15 00:00:00-04:00,23.378034620372933,23.442311915656756,23.139297386256178,23.27703094482422,1640400,0.0,0.0
2023-09-18 00:00:00-04:00,23.277030816996252,23.48822238906595,23.15766044921619,23.176025390625,671100,0.0,0.0
2023-09-19 00:00:00-04:00,23.14847593685631,23.368851711570862,23.010742391192508,23.07501792907715,357600,0.0,0.0
2023-09-20 00:00:00-04:00,23.231117298506284,23.644319702597674,22.845462305146693,22.854644775390625,407500,0.0,0.0
2023-09-21 00:00:00-04:00,22.69854799035465,22.762825286894213,22.45062828063965,22.45062828063965,437600,0.0,0.0
2023-09-22 00:00:00-04:00,22.432261501032865,22.735276011529074,22.349621020772343,22.413896560668945,719500,0.0,0.0
2023-09-25 00:00:00-04:00,22.331259097544883,22.82710204610047,22.331259097544883,22.735279083251953,464200,0.0,0.0
2023-09-26 00:00:00-04:00,22.569993767442398,22.790367785145317,22.496535761541423,22.505718231201172,743000,0.0,0.0
2023-09-27 00:00:00-04:00,22.753640239653958,23.120930278549785,22.68018223187479,23.07501792907715,827200,0.0,0.0
2023-09-28 00:00:00-04:00,22.94646727704543,23.497403221251478,22.94646727704543,23.10256576538086,764300,0.0,0.0
2023-09-29 00:00:00-04:00,23.322940753817278,23.396398765979807,22.73527665651705,22.845462799072266,512800,0.0,0.0
2023-10-02 00:00:00-04:00,22.80873878427138,22.983202251403878,22.505724210503082,22.772008895874023,654200,0.0,0.0
2023-10-03 00:00:00-04:00,22.643452356687487,22.817915781963233,22.33125538572123,22.358802795410156,534200,0.0,0.0
2023-10-04 00:00:00-04:00,22.2210698518032,22.60672484101225,22.019059011365016,22.5516300201416,603800,0.0,0.0
2023-10-05 00:00:00-04:00,22.533268114955266,22.60672612892396,22.29452913171272,22.459808349609375,627800,0.0,0.0
2023-10-06 00:00:00-04:00,22.30371088228756,22.946468045917367,22.30371088228756,22.68018341064453,435400,0.0,0.0
2023-10-09 00:00:00-04:00,22.27616370026883,22.5975431610775,22.27616370026883,22.468990325927734,585100,0.0,0.0
2023-10-10 00:00:00-04:00,22.671000583081344,22.955650154612954,22.597542572641668,22.61590576171875,472300,0.0,0.0
2023-10-11 00:00:00-04:00,22.386352174703056,22.74446155467454,22.303713434654473,22.735279083251953,441800,0.0,0.0
2023-10-12 00:00:00-04:00,22.707727041640084,22.707727041640084,22.12006300136656,22.20270347595215,820700,0.0,0.0
2023-10-13 00:00:00-04:00,22.239431891349156,22.33125483667759,21.743590788778818,22.12924575805664,640400,0.0,0.0
2023-10-16 00:00:00-04:00,22.2945282426403,22.487354864852026,22.120064809655553,22.340438842773438,585300,0.0,0.0
2023-10-17 00:00:00-04:00,22.083333303113225,22.845460768319732,22.083333303113225,22.643451690673828,705600,0.0,0.0
2023-10-18 00:00:00-04:00,22.40471242929911,22.441442307303625,21.688497321980865,21.7252254486084,667600,0.0,0.0
2023-10-19 00:00:00-04:00,21.660951938343082,21.908873383918316,21.211021398990148,21.31202507019043,851300,0.0,0.0
2023-10-20 00:00:00-04:00,21.39466386004736,21.5599448106929,21.238565379035126,21.27529525756836,635500,0.0,0.0
2023-10-23 00:00:00-04:00,21.275298536449142,21.339574082411236,20.788638079143272,20.807003021240234,738600,0.0,0.0
2023-10-24 00:00:00-04:00,21.02737180542744,21.201835208895204,20.843727684588014,21.073284149169922,600200,0.0,0.0
2023-10-25 00:00:00-04:00,20.953920290642543,21.03656078357384,20.779456833190096,20.990650177001953,585200,0.0,0.0
2023-10-26 00:00:00-04:00,21.073283999108074,21.19265258923484,20.8161801301115,20.972278594970703,791400,0.0,0.0
2023-10-27 00:00:00-04:00,20.98146320190572,21.146744152292055,20.641718831514137,20.660083770751953,646000,0.0,0.0
2023-10-30 00:00:00-04:00,20.981465700481973,21.183474802023177,20.751909186803566,21.128381729125977,1131500,0.0,0.0
2023-10-31 00:00:00-04:00,21.073287379912255,21.35793694924789,21.036557499287216,21.220203399658203,1023400,0.0,0.0
2023-11-01 00:00:00-04:00,22.597546005822554,23.17602770699995,20.274433226736043,20.953920364379883,1842800,0.0,0.0
2023-11-02 00:00:00-04:00,21.045739109641755,21.48648715087329,20.88045815633567,21.440576553344727,938800,0.0,0.0
2023-11-03 00:00:00-04:00,21.899693835937196,22.248618999274605,21.853781478012944,22.04660987854004,692700,0.0,0.0
2023-11-06 00:00:00-05:00,22.028088387731586,22.213275117401878,21.18548232150916,21.315114974975586,943100,0.2,0.0
2023-11-07 00:00:00-05:00,21.20400338746293,21.278078439057573,20.9632590282582,21.092891693115234,650100,0.0,0.0
2023-11-08 00:00:00-05:00,21.111408037269285,21.194742686755195,20.722513595031188,20.759552001953125,679800,0.0,0.0
2023-11-09 00:00:00-05:00,20.981775380513568,21.204000505089244,20.778069457841273,20.88918113708496,589600,0.0,0.0
2023-11-10 00:00:00-05:00,20.981778483904026,21.166966998152258,20.861407185904667,21.129928588867188,508000,0.0,0.0
2023-11-13 00:00:00-05:00,20.963257334996012,21.139186230606217,20.90770149230957,20.90770149230957,480000,0.0,0.0
2023-11-14 00:00:00-05:00,21.528082530147362,22.416983154637396,21.528082530147362,22.361427307128906,1117800,0.0,0.0
2023-11-15 00:00:00-05:00,22.435503075377916,22.944770619743483,22.361428020972383,22.50031852722168,695100,0.0,0.0
2023-11-16 00:00:00-05:00,22.40772058109614,22.55587065385643,21.759562688203737,21.93549156188965,571400,0.0,0.0
2023-11-17 00:00:00-05:00,22.18549427108389,22.28734811098457,21.96326915628186,22.259571075439453,528000,0.0,0.0
2023-11-20 00:00:00-05:00,22.185495915816144,22.185495915816144,21.741045653262553,21.815120697021484,667000,0.0,0.0
2023-11-21 00:00:00-05:00,21.704012002009563,21.85216210992046,21.36141377366024,21.389192581176758,550400,0.0,0.0
2023-11-22 00:00:00-05:00,21.500301382323784,21.50956098358174,21.15770496622117,21.342891693115234,1032700,0.0,0.0
2023-11-24 00:00:00-05:00,21.333631111689638,21.57437364905255,21.26881391122779,21.454002380371094,249600,0.0,0.0
2023-11-27 00:00:00-05:00,21.324373245239258,21.3891886848823,21.065109720578818,21.324373245239258,628800,0.0,0.0
2023-11-28 00:00:00-05:00,21.32437265874673,21.52807857289201,21.111405377949133,21.472522735595703,760100,0.0,0.0
2023-11-29 00:00:00-05:00,21.713270871910968,22.00031147554253,21.528082360226296,21.62993621826172,642100,0.0,0.0
2023-11-30 00:00:00-05:00,21.75956613913597,21.842900789041014,21.426227539515793,21.583637237548828,634700,0.0,0.0
2023-12-01 00:00:00-05:00,21.583638377655852,22.37068690939508,21.4632670803727,22.361427307128906,699900,0.0,0.0
2023-12-04 00:00:00-05:00,22.204016368857655,22.815135955810547,22.204016368857655,22.815135955810547,1048300,0.0,0.0
2023-12-05 00:00:00-05:00,22.69476129505665,22.69476129505665,22.13919763503054,22.222532272338867,512100,0.0,0.0
2023-12-06 00:00:00-05:00,22.44476163473228,23.213290950752526,22.39846539016385,22.639209747314453,1291200,0.0,0.0
2023-12-07 00:00:00-05:00,22.639210616463927,22.722545272757255,22.407725852557707,22.52809715270996,793100,0.0,0.0
2023-12-08 00:00:00-05:00,22.472538878177225,22.768839061420188,22.398463832366488,22.741060256958008,574600,0.0,0.0
2023-12-11 00:00:00-05:00,22.741059482708806,22.97254421374722,22.63920740199198,22.916988372802734,540300,0.0,0.0
2023-12-12 00:00:00-05:00,22.870695757958877,23.000326662738182,22.65772842942179,22.94477081298828,907400,0.0,0.0
2023-12-13 00:00:00-05:00,22.94476721528344,23.361438672207157,22.370684304254414,23.29662322998047,1178200,0.0,0.0
2023-12-14 00:00:00-05:00,23.731814247873167,25.037389777675735,23.731814247873167,24.879980087280273,1811400,0.0,0.0
2023-12-15 00:00:00-05:00,24.8614624075355,24.8614624075355,23.91700420730912,23.9262638092041,1828500,0.0,0.0
2023-12-18 00:00:00-05:00,24.028117912899717,24.028117912899717,23.472554156064344,23.58366584777832,811500,0.0,0.0
2023-12-19 00:00:00-05:00,23.76885371563863,24.222563604450034,23.759594113896956,23.889225006103516,547800,0.0,0.0
2023-12-20 00:00:00-05:00,23.79662921966409,24.30589488218896,23.648479144526377,23.67625617980957,841500,0.0,0.0
2023-12-21 00:00:00-05:00,24.000336447413083,24.000336447413083,23.69477667992645,23.9818172454834,538200,0.0,0.0
2023-12-22 00:00:00-05:00,24.074413120272066,24.352194103685992,23.944782230157358,24.102191925048828,598400,0.0,0.0
2023-12-26 00:00:00-05:00,24.194784815386814,24.444788764313703,24.083673126589385,24.26885986328125,312900,0.0,0.0
2023-12-27 00:00:00-05:00,24.278119133569525,24.39849218855986,24.0836727977845,24.167007446289062,449800,0.0,0.0
2023-12-28 00:00:00-05:00,24.074410827239717,24.194782104297083,23.870704909877922,23.90774154663086,271400,0.0,0.0
2023-12-29 00:00:00-05:00,23.787372486196734,23.963299617821384,23.657739830261015,23.879966735839844,649300,0.0,0.0
2024-01-02 00:00:00-05:00,23.62996349690536,23.91700408988663,23.50033083710054,23.639223098754883,565400,0.0,0.0
2024-01-03 00:00:00-05:00,23.268843719114766,23.333660925459554,22.805874270324605,22.842912673950195,608400,0.0,0.0
2024-01-04 00:00:00-05:00,22.97254421374722,23.06513845938025,22.759578685053082,22.916988372802734,632700,0.0,0.0
2024-01-05 00:00:00-05:00,22.87069676257675,23.30588750922961,22.694767836870827,22.963289260864258,510200,0.0,0.0
2024-01-08 00:00:00-05:00,22.704022336533335,23.139212985364544,22.704022336533335,23.129953384399414,385800,0.0,0.0
2024-01-09 00:00:00-05:00,22.722544400408452,22.722544400408452,22.31513073706985,22.639209747314453,1059300,0.0,0.0
2024-01-10 00:00:00-05:00,22.555876421728545,22.741063176989822,22.481801366406312,22.62995147705078,549700,0.0,0.0
2024-01-11 00:00:00-05:00,22.58365346366899,22.657728518991227,22.1947589817051,22.62995147705078,490600,0.0,0.0
2024-01-12 00:00:00-05:00,22.99106396355307,22.99106396355307,22.43550024261417,22.546613693237305,332000,0.0,0.0
2024-01-16 00:00:00-05:00,22.35216569681964,22.500315787592008,22.222534808915913,22.45401954650879,846000,0.0,0.0
2024-01-17 00:00:00-05:00,22.03734484637037,22.35216420984037,22.00030820918534,22.333646774291992,940500,0.0,0.0
2024-01-18 00:00:00-05:00,22.472538648184678,22.62068873828993,22.305869355294167,22.546613693237305,359700,0.0,0.0
2024-01-19 00:00:00-05:00,22.565133126962753,22.944767957503846,22.19475613182065,22.741060256958008,476100,0.0,0.0
2024-01-22 00:00:00-05:00,23.0188447134282,23.139216009530116,22.82439659992384,22.926250457763672,564100,0.0,0.0
2024-01-23 00:00:00-05:00,23.241068836389097,23.250328438153645,22.639208850401154,22.657726287841797,505200,0.0,0.0
2024-01-24 00:00:00-05:00,22.935506782333754,22.935506782333754,22.185495008111403,22.398462295532227,455400,0.0,0.0
2024-01-25 00:00:00-05:00,22.750321195089228,23.12069644590349,22.676246144926374,23.11143684387207,848800,0.0,0.0
2024-01-26 00:00:00-05:00,23.287361637680302,23.454030912634597,23.129951963122156,23.2318058013916,461700,0.0,0.0
2024-01-29 00:00:00-05:00,23.176254948487657,23.52811100875684,23.046622281156,23.47255516052246,383500,0.0,0.0
2024-01-30 00:00:00-05:00,23.28736814918348,23.555891337490397,23.28736814918348,23.435518264770508,281900,0.0,0.0
2024-01-31 00:00:00-05:00,23.509589254557493,23.509589254557493,22.685504158439997,22.704023361206055,632500,0.0,0.0
2024-02-01 00:00:00-05:00,22.852174024939437,23.35218014955876,22.77809897810367,23.250328063964844,561000,0.0,0.0
2024-02-02 00:00:00-05:00,22.916989395020114,23.315143432740065,22.84291434842722,23.18551254272461,492500,0.0,0.0
2024-02-05 00:00:00-05:00,22.750321585414348,23.046621791149356,22.59291188035656,22.768840789794922,660100,0.0,0.0
2024-02-06 00:00:00-05:00,22.750319609422814,23.352179570808232,22.67624456442289,23.24106788635254,1105800,0.0,0.0
2024-02-07 00:00:00-05:00,23.05587956497116,23.713297139638897,21.99105012277048,22.676244735717773,1434200,0.0,0.0
2024-02-08 00:00:00-05:00,22.454024501451634,22.611434228394025,21.981795320624474,22.028093338012695,873500,0.0,0.0
2024-02-09 00:00:00-05:00,21.991051310704687,22.842915263699734,21.944755067012284,22.759580612182617,910000,0.0,0.0
2024-02-12 00:00:00-05:00,22.88093907904422,23.459729681127172,22.862267954957314,23.235681533813477,1040100,0.2,0.0
2024-02-13 00:00:00-05:00,22.52619171142578,22.666223342029753,22.23679645062479,22.52619171142578,1035800,0.0,0.0
2024-02-14 00:00:00-05:00,22.759579524832027,23.067645963114067,22.60087852446998,22.787586212158203,864000,0.0,0.0
2024-02-15 00:00:00-05:00,22.89961109913046,23.338371848881913,22.871604411904276,23.245018005371094,1612100,0.0,0.0
2024-02-16 00:00:00-05:00,23.086312575328364,23.245013544669213,22.88093558347743,22.899606704711914,557500,0.0,0.0
2024-02-20 00:00:00-05:00,22.572872730555957,22.8249275648558,22.47018332830571,22.47951889038086,492700,0.0,0.0
2024-02-21 00:00:00-05:00,22.47951754208563,22.628882965176462,22.031421272813137,22.087432861328125,1448800,0.0,0.0
2024-02-22 00:00:00-05:00,22.11544167912712,22.526195741960052,22.00341671071493,22.507526397705078,777700,0.0,0.0
2024-02-23 00:00:00-05:00,22.591544318832383,22.94628678209399,22.451512665404696,22.703567504882812,511700,0.0,0.0
2024-02-26 00:00:00-05:00,22.563535609968103,22.880937576293945,22.42350574966583,22.880937576293945,668400,0.0,0.0
2024-02-27 00:00:00-05:00,23.086316973353135,23.226346848135687,22.94628709857058,23.10498809814453,436300,0.0,0.0
2024-02-28 00:00:00-05:00,22.92761738276675,23.310366561629444,22.880941348496307,23.179672241210938,363400,0.0,0.0
2024-02-29 00:00:00-05:00,23.42239191306796,23.739793936821833,23.347709188689198,23.562421798706055,926300,0.0,0.0
2024-03-01 00:00:00-05:00,23.637103005534083,23.702450162598,23.385048159221984,23.50640869140625,698800,0.0,0.0
2024-03-04 00:00:00-05:00,23.49707327792035,23.655774280614946,23.310365587487944,23.329036712646484,685500,0.0,0.0
2024-03-05 00:00:00-05:00,23.23567992729597,23.599759699512557,23.142327874468595,23.198339462280273,404000,0.0,0.0
2024-03-06 00:00:00-05:00,23.413057845985332,23.66511272458556,23.413057845985332,23.61843490600586,398100,0.0,0.0
2024-03-07 00:00:00-05:00,23.777131604616024,23.98251040786914,23.65577285952896,23.693113327026367,448300,0.0,0.0
2024-03-08 00:00:00-05:00,23.898491295388094,24.03852115962013,23.75846143115606,23.842479705810547,561900,0.0,0.0
2024-03-11 00:00:00-04:00,23.786466561307503,23.95450311221056,23.189004851942272,23.347705841064453,488500,0.0,0.0
2024-03-12 00:00:00-04:00,23.2543555665866,23.413056580023056,23.086318989938988,23.226348876953125,324800,0.0,0.0
2024-03-13 00:00:00-04:00,23.14233080279058,23.5437493102402,23.14233080279058,23.329036712646484,399000,0.0,0.0
2024-03-14 00:00:00-04:00,23.273022288167255,23.32903387625638,22.227462553904704,22.423505783081055,579000,0.0,0.0
2024-03-15 00:00:00-04:00,22.33949089050293,22.81559391273298,22.311484201932966,22.33949089050293,1334400,0.0,0.0
2024-03-18 00:00:00-04:00,22.255469934394373,22.376828675812988,21.82604299740843,21.854049682617188,676900,0.0,0.0
2024-03-19 00:00:00-04:00,21.807377637730905,22.28348068978421,21.788706510848034,22.274145126342773,486000,0.0,0.0
2024-03-20 00:00:00-04:00,22.283477204573554,22.69423124829349,22.1154406500625,22.675561904907227,448700,0.0,0.0
2024-03-21 00:00:00-04:00,22.787586212158203,22.974293899846426,22.722239055640266,22.787586212158203,594500,0.0,0.0
2024-03-22 00:00:00-04:00,22.862269998047303,22.90894781243594,22.54486798251079,22.619550704956055,433800,0.0,0.0
2024-03-25 00:00:00-04:00,22.703567866705825,22.768915023039405,22.498190835289357,22.507526397705078,303900,0.0,0.0
2024-03-26 00:00:00-04:00,22.58221130365612,22.647558466318905,22.451515197753906,22.451515197753906,342200,0.0,0.0
2024-03-27 00:00:00-04:00,22.722237405562005,23.217011495602005,22.722237405562005,23.20767593383789,401700,0.0,0.0
2024-03-28 00:00:00-04:00,23.179672570706348,23.301031329880548,23.01163599602161,23.28236198425293,552500,0.0,0.0
2024-04-01 00:00:00-04:00,23.329033574175938,23.329033574175938,22.694229648798153,22.75957679748535,377700,0.0,0.0
2024-04-02 00:00:00-04:00,22.339489923848323,22.58220920588894,22.171453360852784,22.488855361938477,648600,0.0,0.0
2024-04-03 00:00:00-04:00,22.41417276257452,22.72223920285245,22.41417276257452,22.610214233398438,427900,0.0,0.0
2024-04-04 00:00:00-04:00,22.92761279449002,22.974290599995868,22.330151128624863,22.395498275756836,343800,0.0,0.0
2024-04-05 00:00:00-04:00,22.39550103826017,22.64755587735429,22.39550103826017,22.56353759765625,268700,0.0,0.0
2024-04-08 00:00:00-04:00,22.77825013345581,22.84359728849268,22.656891385612546,22.722238540649414,325200,0.0,0.0
2024-04-09 00:00:00-04:00,22.778250416217556,23.08631685134162,22.71290326036949,22.98362922668457,330900,0.0,0.0
2024-04-10 00:00:00-04:00,22.36749829590069,22.470187718212944,22.06876737343968,22.246139526367188,532700,0.0,0.0
2024-04-11 00:00:00-04:00,22.31148298960997,22.37683014547928,21.919398273817684,22.367494583129883,636500,0.0,0.0
2024-04-12 00:00:00-04:00,22.171454023807605,22.29281277816846,21.695351007942975,21.93807029724121,460400,0.0,0.0
2024-04-15 00:00:00-04:00,22.143446130423488,22.451512561501115,22.012751820444016,22.283477783203125,805000,0.0,0.0
2024-04-16 00:00:00-04:00,22.09677066765907,22.348825512447263,21.826044697943644,22.19012451171875,518200,0.0,0.0
2024-04-17 00:00:00-04:00,22.40484055149669,22.498194409909942,22.02209133452143,22.246139526367188,802300,0.0,0.0
2024-04-18 00:00:00-04:00,22.33948703875187,22.58220628944582,22.11543891055197,22.498188018798828,951700,0.0,0.0
2024-04-19 00:00:00-04:00,22.386163503944537,22.92761360286928,22.386163503944537,22.880937576293945,657500,0.0,0.0
2024-04-22 00:00:00-04:00,22.936951184882844,22.936951184882844,22.535530910898093,22.56353759765625,854000,0.0,0.0
2024-04-23 00:00:00-04:00,22.582207676881552,22.97429237046486,22.516860524713728,22.7315731048584,506400,0.0,0.0
2024-04-24 00:00:00-04:00,22.600878046752793,22.862268447875977,22.47018373647942,22.862268447875977,479800,0.0,0.0
2024-04-25 00:00:00-04:00,22.656894919411712,22.74091321201387,21.94740810442501,22.1807918548584,865900,0.0,0.0
2024-04-26 00:00:00-04:00,22.11544117145239,22.498190318828367,22.096770047049556,22.44217872619629,385300,0.0,0.0
2024-04-29 00:00:00-04:00,22.451515197753906,22.703570065661772,22.414174725050874,22.451515197753906,457900,0.0,0.0
2024-04-30 00:00:00-04:00,22.348821166211135,22.395497188875524,21.928729839927115,21.96607208251953,499600,0.0,0.0
2024-05-01 00:00:00-04:00,21.919394252656122,22.17144904812039,21.732688381649204,22.124773025512695,712700,0.0,0.0
2024-05-02 00:00:00-04:00,22.367495341283767,22.56353859611309,22.09677114628086,22.554203033447266,692000,0.0,0.0
2024-05-03 00:00:00-04:00,22.918276956681794,22.992959664013245,22.54486342002453,22.90894317626953,872700,0.0,0.0
2024-05-06 00:00:00-04:00,23.151663090958976,23.263688054105437,22.946286069196244,22.974292755126953,546400,0.0,0.0
2024-05-07 00:00:00-04:00,23.104988244876544,23.403719121130187,22.899611212596284,22.927616119384766,1055300,0.0,0.0
2024-05-08 00:00:00-04:00,23.19834219301314,23.76779726071239,22.572873750332473,23.665109634399414,1091100,0.0,0.0
2024-05-09 00:00:00-04:00,23.83314596946534,24.411936594106866,23.814474844650718,24.29991340637207,1175900,0.0,0.0
2024-05-10 00:00:00-04:00,24.318585934300575,24.52396477299584,24.20656273190016,24.234567642211914,697900,0.0,0.0
2024-05-13 00:00:00-04:00,24.432128965751968,24.64851037611573,24.112262666328114,24.27219581604004,851800,0.2,0.0
2024-05-14 00:00:00-04:00,24.601469411774353,24.958967874109092,24.54502294723757,24.846073150634766,739200,0.0,0.0
2024-05-15 00:00:00-04:00,25.071862700897768,25.071862700897768,24.592063230016688,24.704957962036133,864300,0.0,0.0
2024-05-16 00:00:00-04:00,24.620285999539803,24.686140508574137,24.422720678036015,24.46976089477539,724200,0.0,0.0
2024-05-17 00:00:00-04:00,24.516798407562067,24.554430579557447,24.243972338198475,24.460351943969727,554200,0.0,0.0
2024-05-20 00:00:00-04:00,24.39449506387226,24.676729148774225,24.366270937621845,24.535612106323242,508700,0.0,0.0
2024-05-21 00:00:00-04:00,24.403905979175423,24.86488932913662,24.403905979175423,24.82725715637207,550800,0.0,0.0
2024-05-22 00:00:00-04:00,24.723771140905992,24.92133465569464,24.648508593214984,24.71436309814453,557400,0.0,0.0
2024-05-23 00:00:00-04:00,24.67673054154956,24.67673054154956,23.20910998730462,23.867658615112305,1006500,0.0,0.0
2024-05-24 00:00:00-04:00,24.02759425233064,24.037000501523767,23.670095773363315,23.773582458496094,629300,0.0,0.0
2024-05-28 00:00:00-04:00,23.93351397816864,24.027592613289887,23.397268090698475,23.41608238220215,485100,0.0,0.0
2024-05-29 00:00:00-04:00,23.049174237068286,23.33140830588445,22.9080572026602,23.218515396118164,651700,0.0,0.0
2024-05-30 00:00:00-04:00,23.340820389667318,23.952328840938904,23.26555783865544,23.942922592163086,778800,0.0,0.0
2024-05-31 00:00:00-04:00,24.00877717353581,24.234564827263014,23.81121185502403,24.225156784057617,700100,0.0,0.0
2024-06-03 00:00:00-04:00,24.45094343564152,24.45094343564152,23.68890991124473,23.933513641357422,554100,0.0,0.0
2024-06-04 00:00:00-04:00,23.70772849840703,23.877067903829197,23.519571210959008,23.538387298583984,427300,0.0,0.0
2024-06-05 00:00:00-04:00,23.585423464837444,23.848843283160893,23.54779308759164,23.73594856262207,381100,0.0,0.0
2024-06-06 00:00:00-04:00,23.576016007934626,23.6418705155522,23.31259797746433,23.3408203125,465700,0.0,0.0
2024-06-07 00:00:00-04:00,23.18088791134455,23.369045191487604,23.02095476154319,23.086811065673828,448800,0.0,0.0
2024-06-10 00:00:00-04:00,22.701089030739723,23.067995556771827,22.701089030739723,22.992733001708984,446500,0.0,0.0
2024-06-11 00:00:00-04:00,22.738719269762687,23.199702604579965,22.58819417245095,23.152664184570312,662900,0.0,0.0
2024-06-12 00:00:00-04:00,23.848844613817327,23.98996167656401,23.378453208394504,23.387861251831055,625800,0.0,0.0
2024-06-13 00:00:00-04:00,23.2843724190041,23.303188504140255,22.842205184708252,22.964506149291992,477700,0.0,0.0
2024-06-14 00:00:00-04:00,22.550563168507487,22.550563168507487,21.90142432564088,22.362407684326172,1205600,0.0,0.0
2024-06-17 00:00:00-04:00,22.287144266582757,22.607010551114605,22.23069600855898,22.494115829467773,690100,0.0,0.0
2024-06-18 00:00:00-04:00,22.324773355692397,22.559969034014653,22.23069472548337,22.240102767944336,654700,0.0,0.0
2024-06-20 00:00:00-04:00,22.108394055311656,22.550561290433656,22.108394055311656,22.202472686767578,580300,0.0,0.0
2024-06-21 00:00:00-04:00,22.070760423585323,22.305956089451666,21.901421051457998,22.287141799926758,1519600,0.0,0.0
2024-06-24 00:00:00-04:00,22.362407684326172,22.644641807798543,22.249512958296748,22.362407684326172,418400,0.0,0.0
2024-06-25 00:00:00-04:00,22.240102579383663,22.240102579383663,21.72267280922193,21.9766845703125,584100,0.0,0.0
2024-06-26 00:00:00-04:00,21.80734618913269,22.023725808410337,21.732083634844777,21.986095428466797,615800,0.0,0.0
2024-06-27 00:00:00-04:00,22.07076438867204,22.07076438867204,21.73208378917176,21.80734634399414,420200,0.0,0.0
2024-06-28 00:00:00-04:00,21.957867453996112,22.22128724509274,21.83556470318676,22.146024703979492,1083700,0.0,0.0
2024-07-01 00:00:00-04:00,22.164840305334135,22.221288560310484,21.431030934647918,21.619186401367188,737100,0.0,0.0
2024-07-02 00:00:00-04:00,21.722674376894407,21.732082419954562,21.478070640532582,21.5721492767334,501800,0.0,0.0
2024-07-03 00:00:00-04:00,21.675633745265834,21.807342745873346,21.534514908157153,21.609777450561523,299700,0.0,0.0
2024-07-05 00:00:00-04:00,21.543926300584502,21.56274238771185,21.271100214841287,21.38399314880371,387700,0.0,0.0
2024-07-08 00:00:00-04:00,21.57215109064225,21.807346803720513,21.52511087138607,21.590967178344727,506200,0.0,0.0
2024-07-09 00:00:00-04:00,21.496886214646675,21.553332677262446,21.167611892986745,21.205244064331055,496200,0.0,0.0
2024-07-10 00:00:00-04:00,21.19583906620796,21.487481258417027,21.19583906620796,21.459257125854492,478900,0.0,0.0
2024-07-11 00:00:00-04:00,21.910833349142838,22.559972221047243,21.78853057427328,22.35300064086914,967500,0.0,0.0
2024-07-12 00:00:00-04:00,22.879837484542616,22.879837484542616,22.55997118793299,22.6634578704834,570100,0.0,0.0
2024-07-15 00:00:00-04:00,22.795166478722617,23.35963650931665,22.719903927603465,23.020954132080078,654100,0.0,0.0
2024-07-16 00:00:00-04:00,23.19970385562808,23.792398028354793,23.190295812238677,23.707727432250977,943200,0.0,0.0
2024-07-17 00:00:00-04:00,23.519569472952064,24.008776948645643,23.472531051766456,23.801803588867188,954900,0.0,0.0
2024-07-18 00:00:00-04:00,23.566610194060065,24.24397500940323,23.162075066942357,23.303192138671875,605900,0.0,0.0
2024-07-19 00:00:00-04:00,23.22792700929594,23.293781515852434,22.85161426154403,23.096216201782227,577400,0.0,0.0
2024-07-22 00:00:00-04:00,23.18088612844239,23.510160446166992,22.84220556239482,23.510160446166992,419100,0.0,0.0
2024-07-23 00:00:00-04:00,23.237337299516238,23.547795570735317,23.152666698783676,23.199705123901367,992100,0.0,0.0
2024-07-24 00:00:00-04:00,23.171478711116677,23.566607544170587,22.93628301987984,22.95509910583496,859000,0.0,0.0
2024-07-25 00:00:00-04:00,23.105626191058956,24.178119855493406,23.011547547596162,23.698320388793945,800000,0.0,0.0
2024-07-26 00:00:00-04:00,24.074632127665463,24.206341146179987,23.698319364480547,24.008777618408203,541800,0.0,0.0
2024-07-29 00:00:00-04:00,24.00877641445617,24.196931889412927,23.830027188006653,24.036998748779297,401000,0.0,0.0
2024-07-30 00:00:00-04:00,24.187526407267626,24.770812568508404,23.886476179943703,24.686141967773438,1109100,0.0,0.0
2024-07-31 00:00:00-04:00,24.799033438978796,25.165938130979253,24.35686440564423,24.592060089111328,701300,0.0,0.0
2024-08-01 00:00:00-04:00,24.592060824110643,24.65791533034556,23.500752963758725,23.717132568359375,606100,0.0,0.0
2024-08-02 00:00:00-04:00,23.0491796277233,23.058587671470885,22.61642038173969,22.813983917236328,653000,0.0,0.0
2024-08-05 00:00:00-04:00,21.939054268788823,22.635233314668312,21.45925483289875,22.578786849975586,1144800,0.0,0.0
2024-08-06 00:00:00-04:00,22.635234617501357,23.12444212473136,22.437671082505126,22.531749725341797,1157700,0.0,0.0
2024-08-07 00:00:00-04:00,23.406673078102898,24.366271874715313,22.21188039796064,22.701086044311523,2030900,0.0,0.0
2024-08-08 00:00:00-04:00,23.05858601420052,23.47253093733872,22.757535813518462,23.37845230102539,1203200,0.0,0.0
2024-08-09 00:00:00-04:00,23.42548692695666,23.42548692695666,23.07739836171008,23.218515396118164,612500,0.0,0.0
2024-08-12 00:00:00-04:00,23.23733386109192,23.26555619422612,22.738718374380333,22.842205047607422,906100,0.0,0.0
2024-08-13 00:00:00-04:00,23.0319262184172,23.212158270649752,22.67145849534322,23.193187713623047,1071400,0.2,0.0
2024-08-14 00:00:00-04:00,23.354449165213705,23.41136445479641,23.136270571421882,23.28804588317871,662900,0.0,0.0
2024-08-15 00:00:00-04:00,23.81926052389317,23.980522013654262,23.525194283602467,23.714914321899414,919300,0.0,0.0
2024-08-16 00:00:00-04:00,23.52519434066798,23.904634418182287,23.515709967104065,23.80977439880371,855000,0.0,0.0
2024-08-19 00:00:00-04:00,23.800289200596964,23.999493621159484,23.610569153990745,23.952064514160156,634000,0.0,0.0
2024-08-20 00:00:00-04:00,23.98052207182427,24.046923542597963,23.733886745161726,23.80977439880371,642200,0.0,0.0
2024-08-21 00:00:00-04:00,23.99000643056008,24.113323179862505,23.819258770522687,23.980520248413086,458600,0.0,0.0
2024-08-22 00:00:00-04:00,24.037437354993756,24.075380277155084,23.80028821124623,23.866689682006836,407900,0.0,0.0
2024-08-23 00:00:00-04:00,23.914119084140772,24.672997439143703,23.781316140969633,24.53070831298828,525800,0.0,0.0
2024-08-26 00:00:00-04:00,24.66351121973916,24.872201817171984,24.54967883340027,24.56865119934082,846100,0.0,0.0
2024-08-27 00:00:00-04:00,24.47379116391656,24.654025021632304,24.22715764405846,24.37893295288086,643900,0.0,0.0
2024-08-28 00:00:00-04:00,24.284071900716622,24.654023974088997,24.217670432091257,24.388416290283203,559700,0.0,0.0
2024-08-29 00:00:00-04:00,24.53071208590952,24.71094416241808,24.388421128564776,24.43585205078125,489100,0.0,0.0
2024-08-30 00:00:00-04:00,24.473790279388048,24.75837033012309,24.17023967271414,24.540193557739258,756600,0.0,0.0
2024-09-03 00:00:00-04:00,24.274587446235582,24.549679522881927,23.72440148363844,23.914119720458984,817500,0.0,0.0
2024-09-04 00:00:00-04:00,23.866689601963273,23.895148150467108,23.49673751793527,23.639026641845703,593500,0.0,0.0
2024-09-05 00:00:00-04:00,23.686454590638792,23.73388550249687,23.183699590073157,23.231128692626953,440000,0.0,0.0
2024-09-06 00:00:00-04:00,23.231130526795056,23.487252043137392,22.908607537913095,23.003467559814453,515800,0.0,0.0
2024-09-09 00:00:00-04:00,22.965523777209395,23.335477696995913,22.633516400779126,23.126785278320312,626000,0.0,0.0
2024-09-10 00:00:00-04:00,23.126785316778115,23.297533001685906,22.927580890588693,23.088842391967773,514800,0.0,0.0
2024-09-11 00:00:00-04:00,23.003469573662453,23.515712651191652,22.519685047986403,23.45879554748535,1006100,0.0,0.0
2024-09-12 00:00:00-04:00,23.515709852560878,23.620054244995117,23.202671247345048,23.620054244995117,800000,0.0,0.0
2024-09-13 00:00:00-04:00,23.92360493868426,24.046923506482518,23.629540507426263,23.84771728515625,741600,0.0,0.0
2024-09-16 00:00:00-04:00,24.008979933770384,24.25561527196545,23.809775512134635,24.21767234802246,619700,0.0,0.0
2024-09-17 00:00:00-04:00,24.42636293818547,24.710941200151282,24.198699966751928,24.33150291442871,872700,0.0,0.0
2024-09-18 00:00:00-04:00,24.388417285205573,25.223183291618334,24.30304525727902,24.473791122436523,1456300,0.0,0.0
2024-09-19 00:00:00-04:00,25.014495759403626,25.014495759403626,24.492766489148114,24.82477569580078,717700,0.0,0.0
2024-09-20 00:00:00-04:00,24.654024953805127,24.654024953805127,24.31252960524204,24.397903442382812,1783200,0.0,0.0
2024-09-23 00:00:00-04:00,24.48327728467612,24.654024958993595,24.30304523672269,24.340988159179688,447000,0.0,0.0
2024-09-24 00:00:00-04:00,24.568653136103887,24.853233219732537,24.55916695238581,24.58762550354004,781800,0.0,0.0
2024-09-25 00:00:00-04:00,24.654022863005135,24.654022863005135,24.046921680871378,24.07537841796875,661900,0.0,0.0
2024-09-26 00:00:00-04:00,24.43584744222018,24.938604267067603,24.426361259565965,24.76785659790039,830900,0.0,0.0
2024-09-27 00:00:00-04:00,24.98603438757715,25.42238795159786,24.79631434538285,25.042949676513672,869900,0.0,0.0
2024-09-30 00:00:00-04:00,24.90066137846357,24.929119928531424,24.28407393476251,24.597110748291016,647400,0.0,0.0
2024-10-01 00:00:00-04:00,24.5591668930637,24.5591668930637,24.160756224389576,24.359962463378906,483600,0.0,0.0
2024-10-02 00:00:00-04:00,24.141785626818493,24.369448607216416,24.141785626818493,24.208187103271484,390200,0.0,0.0
2024-10-03 00:00:00-04:00,23.980522067099578,24.122811191487216,23.7908020283798,23.866689682006836,454600,0.0,0.0
2024-10-04 00:00:00-04:00,24.25561330349365,24.25561330349365,23.904633595960874,24.065895080566406,354000,0.0,0.0
2024-10-07 00:00:00-04:00,23.923605971443248,24.10383983484194,23.752860100612573,23.89514923095703,442200,0.0,0.0
2024-10-08 00:00:00-04:00,23.942578181787574,23.942578181787574,23.38290603801971,23.553653717041016,401500,0.0,0.0
2024-10-09 00:00:00-04:00,23.401880351436997,24.01846783640997,23.316506504823323,23.78131866455078,499400,0.0,0.0
2024-10-10 00:00:00-04:00,23.572626059603696,23.676970456107732,23.278561617866877,23.477766036987305,620700,0.0,0.0
2024-10-11 00:00:00-04:00,23.610566381163185,24.103836996966034,23.572623461880635,24.094350814819336,493100,0.0,0.0
2024-10-14 00:00:00-04:00,23.952064576182643,24.312530494502518,23.9046354690605,24.236642837524414,576100,0.0,0.0
2024-10-15 00:00:00-04:00,24.17972848248869,24.663512992928055,23.99001023735658,24.037439346313477,797200,0.0,0.0
2024-10-16 00:00:00-04:00,24.350475393916025,24.79631515554365,24.30304628647002,24.710941314697266,788000,0.0,0.0
2024-10-17 00:00:00-04:00,24.758372284054783,24.834259941712318,24.492764577601175,24.805801391601562,562900,0.0,0.0
2024-10-18 00:00:00-04:00,24.122810415781736,24.483276306592725,23.74337215984798,24.388416290283203,1206300,0.0,0.0
2024-10-21 00:00:00-04:00,24.26510045816913,24.426361949235286,23.923605110192707,24.13229751586914,700000,0.0,0.0
2024-10-22 00:00:00-04:00,24.103840803799773,24.170242280009518,23.771831613446526,24.151269912719727,694000,0.0,0.0
2024-10-23 00:00:00-04:00,23.94257734035109,24.103838830503356,23.42084994772549,23.80977439880371,857800,0.0,0.0
2024-10-24 00:00:00-04:00,23.68645675069166,23.971036819879153,23.40187849080862,23.914119720458984,761000,0.0,0.0
2024-10-25 00:00:00-04:00,24.103841694644373,24.255617019963058,23.69594482936118,23.724403381347656,951100,0.0,0.0
2024-10-28 00:00:00-04:00,24.008978040008557,24.38841629603175,23.95206275393116,24.274585723876953,867600,0.0,0.0
2024-10-29 00:00:00-04:00,24.065897033641566,24.293560005212907,23.8192616954465,24.21767234802246,748900,0.0,0.0
2024-10-30 00:00:00-04:00,24.141785507084712,24.454822329742385,23.91412071851138,23.94257926940918,741200,0.0,0.0
2024-10-31 00:00:00-04:00,23.866691629822093,24.06589786766597,23.67697157561883,24.01846694946289,1236100,0.0,0.0
2024-11-01 00:00:00-04:00,24.103840892099903,24.284074763404128,23.84771936066304,24.208187103271484,1195700,0.0,0.0
2024-11-04 00:00:00-05:00,24.056409953787863,24.568651168406895,23.95206375055063,24.549678802490234,1144400,0.0,0.0
2024-11-05 00:00:00-05:00,24.322016127186487,25.232669799612825,24.141784076758867,25.21369743347168,1685000,0.0,0.0
2024-11-06 00:00:00-05:00,26.70299442594092,30.525839446556645,26.674537685365255,29.624671936035156,3635500,0.0,0.0
2024-11-07 00:00:00-05:00,29.472895997602155,29.615185125379625,27.585188985516535,27.841310501098633,2146100,0.0,0.0
2024-11-08 00:00:00-05:00,27.831823372084393,28.590699900641862,27.774908084768676,27.96462631225586,1416600,0.0,0.0
2024-11-11 00:00:00-05:00,28.201778545834255,28.799395460741493,27.793881688520806,28.54327392578125,1183600,0.0,0.0
2024-11-12 00:00:00-05:00,28.419129105848896,28.50507419779346,27.9894036461261,28.008502960205078,912100,0.2,0.0
2024-11-13 00:00:00-05:00,28.16129514852253,28.49552587490991,27.92255917559025,28.037153244018555,1091300,0.0,0.0
2024-11-14 00:00:00-05:00,28.228140940678838,28.371382160212654,27.33049499351441,27.397340774536133,900600,0.0,0.0
2024-11-15 00:00:00-05:00,27.626524800521352,27.77931566488299,27.13950323733959,27.17770004272461,689000,0.0,0.0
2024-11-18 00:00:00-05:00,27.12995782904004,27.454638922004456,26.872122522025172,26.929420471191406,718500,0.0,0.0
2024-11-19 00:00:00-05:00,26.46149222172752,26.93896412890913,26.385096789434897,26.70977783203125,598200,0.0,0.0
2024-11-20 00:00:00-05:00,26.67158389697472,27.04401144180542,26.480594384983558,26.98671531677246,520800,0.0,0.0
2024-11-21 00:00:00-05:00,27.09175736564743,27.807965240979474,26.977163304173548,27.531030654907227,841700,0.0,0.0
2024-11-22 00:00:00-05:00,27.55013095085016,28.113547978576033,27.531031636355173,27.807966232299805,747700,0.0,0.0
2024-11-25 00:00:00-05:00,28.075349807739258,28.50507528383456,28.046702656940177,28.075349807739258,799500,0.0,0.0
2024-11-26 00:00:00-05:00,27.741119269086067,28.084899652252677,27.18725188587926,27.22545051574707,866900,0.0,0.0
2024-11-27 00:00:00-05:00,27.445087774630665,27.70292306765531,27.149055672312166,27.196802139282227,626200,0.0,0.0
2024-11-29 00:00:00-05:00,27.38779155385525,27.464186993585784,27.177702728538065,27.406890869140625,355600,0.0,0.0
2024-12-02 00:00:00-05:00,27.51193393521251,27.83661501502364,27.263648296450413,27.76021957397461,650400,0.0,0.0
2024-12-03 00:00:00-05:00,27.722021365818016,27.74111885905873,27.16815399079764,27.30184555053711,535400,0.0,0.0
2024-12-04 00:00:00-05:00,27.397341048897683,27.464186830588808,26.900769782890833,26.97716522216797,682600,0.0,0.0
2024-12-05 00:00:00-05:00,27.10130460909399,27.23499798146135,26.604735210650617,26.62383270263672,559400,0.0,0.0
2024-12-06 00:00:00-05:00,26.318251216781697,26.60473545614606,25.58294585832465,26.031768798828125,843800,0.0,0.0
2024-12-09 00:00:00-05:00,26.213208831758102,26.49969125186256,26.0413186511311,26.07951545715332,728900,0.0,0.0
2024-12-10 00:00:00-05:00,26.060419804821986,26.136815243671066,25.640243980446577,25.90762710571289,926600,0.0,0.0
2024-12-11 00:00:00-05:00,26.06996697093138,26.2323075019898,25.7548355661016,25.764385223388672,755000,0.0,0.0
2024-12-12 00:00:00-05:00,25.630692793449615,25.9840209940133,25.506549074346072,25.745285034179688,408200,0.0,0.0
2024-12-13 00:00:00-05:00,25.668892973559466,25.793036708979255,25.277366093686712,25.4779052734375,501400,0.0,0.0
2024-12-16 00:00:00-05:00,25.39195569421002,25.754833535453034,25.286911293745394,25.334659576416016,625800,0.0,0.0
2024-12-17 00:00:00-05:00,25.239166890229967,25.51609966665488,25.162771453139207,25.296463012695312,730400,0.0,0.0
2024-12-18 00:00:00-05:00,25.477902967273796,25.73573825158179,24.140981901788837,24.274673461914062,744500,0.0,0.0
2024-12-19 00:00:00-05:00,24.494308429511463,24.85718809829844,23.739903764672476,23.854496002197266,1341700,0.0,0.0
2024-12-20 00:00:00-05:00,23.653960677998423,24.083684337206243,23.443871855735512,23.47252082824707,4741400,0.0,0.0
2024-12-23 00:00:00-05:00,23.424774135820737,23.529816724526395,23.090543412058754,23.338829040527344,726600,0.0,0.0
2024-12-24 00:00:00-05:00,23.271983728086298,23.501170046340935,23.119191027838923,23.434324264526367,234700,0.0,0.0
2024-12-26 00:00:00-05:00,23.291080110345508,23.57756436054992,23.22423433172107,23.453420639038086,483700,0.0,0.0
2024-12-27 00:00:00-05:00,23.21468329429508,23.405672783075673,22.928200882534945,23.080991744995117,546300,0.0,0.0
2024-12-30 00:00:00-05:00,22.909106099406575,22.909106099406575,22.47938239679309,22.67037010192871,591900,0.0,0.0
2024-12-31 00:00:00-05:00,22.832709262026,23.014149119050373,22.74676416245714,22.937753677368164,522000,0.0,0.0
2025-01-02 00:00:00-05:00,23.090543133959073,23.157388913624203,22.603521540299113,22.651268005371094,538300,0.0,0.0
2025-01-03 00:00:00-05:00,22.66081687299129,22.8136077415903,22.297939015421353,22.632169723510742,1044400,0.0,0.0
2025-01-06 00:00:00-05:00,22.756310512445744,23.30062818298487,22.756310512445744,23.033245086669922,813700,0.0,0.0
2025-01-07 00:00:00-05:00,23.03324884477519,23.09054497170387,22.593973681225908,22.861358642578125,543100,0.0,0.0
2025-01-08 00:00:00-05:00,22.565324153010152,23.300631412616493,22.39343577644449,23.23378562927246,868100,0.0,0.0
2025-01-10 00:00:00-05:00,22.813608571845386,23.14783929209843,22.718115641553855,22.737213134765625,1158600,0.0,0.0
2025-01-13 00:00:00-05:00,22.498474931419413,23.004595790181156,22.4602781273791,22.899551391601562,699500,0.0,0.0
2025-01-14 00:00:00-05:00,23.205133595750713,23.214683252313545,22.727661696073447,22.995046615600586,847100,0.0,0.0
2025-01-15 00:00:00-05:00,23.539363796620457,23.539363796620457,22.622618642724515,22.899551391601562,1346900,0.0,0.0
2025-01-16 00:00:00-05:00,22.956850990338822,23.462970064299473,22.813607955946868,23.31972885131836,1215100,0.0,0.0
2025-01-17 00:00:00-05:00,23.558465182612746,23.64441027603044,23.061893936512917,23.15738868713379,855500,0.0,0.0
2025-01-21 00:00:00-05:00,23.48206715362078,23.673056633774376,23.166935786354813,23.568012237548828,888400,0.0,0.0
2025-01-22 00:00:00-05:00,23.52026591119889,23.52026591119889,23.042793992550504,23.1000919342041,471600,0.0,0.0
2025-01-23 00:00:00-05:00,23.09054175909235,23.128738564593426,22.84225614839761,22.918651580810547,696500,0.0,0.0
2025-01-24 00:00:00-05:00,22.699017664808633,23.09054453059532,22.699017664808633,22.851808547973633,635400,0.0,0.0
2025-01-27 00:00:00-05:00,22.756312694118204,22.890004255092833,22.527126380414163,22.699016571044922,631800,0.0,0.0
2025-01-28 00:00:00-05:00,22.651268720062106,22.956852298961568,22.450731374739373,22.708566665649414,856900,0.0,0.0
2025-01-29 00:00:00-05:00,22.68946844038106,22.9855005544921,22.603523339282525,22.861358642578125,1002500,0.0,0.0
2025-01-30 00:00:00-05:00,23.18603678213543,23.424772738956143,23.004596944956663,23.138288497924805,700000,0.0,0.0
2025-01-31 00:00:00-05:00,23.042797121249563,23.357928557488904,22.804061129510334,22.870908737182617,839100,0.0,0.0
2025-02-03 00:00:00-05:00,22.422081394802944,22.708565645638497,22.106949993871446,22.345685958862305,1126500,0.0,0.0
2025-02-04 00:00:00-05:00,22.42208393564281,22.51757869674266,22.269293046447473,22.402984619140625,1246300,0.0,0.0
2025-02-05 00:00:00-05:00,20.617235654637973,21.78226637090275,19.57634682412992,21.648574829101562,1844100,0.0,0.0
2025-02-06 00:00:00-05:00,21.820465521223426,22.059201463859544,20.903718554367167,20.980113983154297,1948100,0.0,0.0
2025-02-07 00:00:00-05:00,21.075610593028404,21.44803811370829,20.894170750543726,21.27614974975586,1520800,0.0,0.0
2025-02-10 00:00:00-05:00,21.257048639995002,21.42893881083925,20.98966372741387,21.15200424194336,1417800,0.0,0.0
2025-02-11 00:00:00-05:00,21.007457112881127,21.29655167231015,20.69909105322886,20.74727439880371,985100,0.2,0.0
2025-02-12 00:00:00-05:00,20.477454260493932,21.595282204849763,20.467817590869355,21.441099166870117,1749500,0.0,0.0
2025-02-13 00:00:00-05:00,21.479646423516503,21.826557349304796,21.32546154338001,21.653100967407227,987400,0.0,0.0
2025-02-14 00:00:00-05:00,21.65310066446199,21.91328523366814,21.633829162970542,21.730192184448242,778100,0.0,0.0
2025-02-18 00:00:00-05:00,21.682009726721247,21.92292094590704,21.460371846191936,21.865102767944336,676800,0.0,0.0
2025-02-19 00:00:00-05:00,21.59528248397401,21.942195242915542,21.576009144475744,21.730192184448242,1431600,0.0,0.0
2025-02-20 00:00:00-05:00,21.64346526181318,21.932559857191553,21.585647077940276,21.83619499206543,737700,0.0,0.0
2025-02-21 00:00:00-05:00,22.077105424793128,22.077105424793128,21.28691686820187,21.43146324157715,927100,0.0,0.0
2025-02-24 00:00:00-05:00,21.470009362718383,21.70128392170194,21.258006305145017,21.267642974853516,995300,0.0,0.0
2025-02-25 00:00:00-05:00,21.200189845343957,21.566374133949562,21.132734989917157,21.489282608032227,1287200,0.0,0.0
2025-02-26 00:00:00-05:00,21.44110074644275,21.643465309446746,21.39291923277711,21.47001075744629,1181000,0.0,0.0
2025-02-27 00:00:00-05:00,21.35437102352419,21.412189203387427,21.094186457129435,21.123096466064453,1145600,0.0,0.0
2025-02-28 00:00:00-05:00,21.094189656124026,21.325464248657227,21.036371467492497,21.325464248657227,1341100,0.0,0.0
2025-03-03 00:00:00-05:00,21.412191082006853,21.518192619395265,20.54491095593946,20.66054916381836,705100,0.0,0.0
2025-03-04 00:00:00-05:00,20.342544602864137,20.718365528947995,20.053450027563112,20.438907623291016,1309200,0.0,0.0
2025-03-05 00:00:00-05:00,20.554546190257025,20.785820751848412,20.275090117586664,20.77618408203125,982600,0.0,0.0
2025-03-06 00:00:00-05:00,20.679820824838842,21.238736689516948,20.58345779521142,21.219463348388672,894700,0.0,0.0
2025-03-07 00:00:00-05:00,21.103823628188515,21.739829135815608,21.01709543732965,21.60491943359375,1000800,0.0,0.0
2025-03-10 00:00:00-04:00,21.41218859533185,21.961467721458153,21.209824052553802,21.277278900146484,1435300,0.0,0.0
2025-03-11 00:00:00-04:00,21.44109963688221,21.566372668734246,20.968913842967872,21.142370223999023,843900,0.0,0.0
2025-03-12 00:00:00-04:00,21.229097845444983,21.229097845444983,20.294361114501953,20.294361114501953,892800,0.0,0.0
2025-03-13 00:00:00-04:00,20.33291043302528,20.573821689724614,20.149817363291817,20.23654556274414,825900,0.0,0.0
2025-03-14 00:00:00-04:00,20.361816311373524,20.74727574903116,20.265453289965933,20.58345603942871,994200,0.0,0.0
2025-03-17 00:00:00-04:00,20.612364673371005,20.91109592806251,20.525636481751775,20.699092864990234,640000,0.0,0.0
2025-03-18 00:00:00-04:00,20.564181144619592,20.728000841831914,20.48708963052007,20.602725982666016,434100,0.0,0.0
2025-03-19 00:00:00-04:00,20.66054866025086,21.06527962095191,20.48709227166371,20.911096572875977,1065900,0.0,0.0
2025-03-20 00:00:00-04:00,20.631638147336457,21.103823950327467,20.535273285132668,20.843639373779297,782000,0.0,0.0
2025-03-21 00:00:00-04:00,20.612364807294327,20.88218605386356,20.525636615111605,20.843639373779297,3149300,0.0,0.0
2025-03-24 00:00:00-04:00,21.17127850125036,21.80728400953688,21.046005468772584,21.653100967407227,1386200,0.0,0.0
2025-03-25 00:00:00-04:00,21.70128330856595,21.894011183270283,21.219460864794986,21.421825408935547,893600,0.0,0.0
2025-03-26 00:00:00-04:00,21.354371912013246,21.624193159279436,21.21946220738359,21.258007049560547,642800,0.0,0.0
2025-03-27 00:00:00-04:00,21.296554036731056,21.32546220927876,20.8532763982616,21.18091583251953,744500,0.0,0.0
2025-03-28 00:00:00-04:00,21.094186173374357,21.229097708582835,20.554545546560774,20.834003448486328,703900,0.0,0.0
2025-03-31 00:00:00-04:00,20.525636672973633,20.708729727876285,20.197997243361254,20.525636672973633,800600,0.0,0.0
2025-04-01 00:00:00-04:00,20.361816334180975,20.670184252253854,20.1690884531431,20.631637573242188,573100,0.0,0.0
2025-04-02 00:00:00-04:00,20.371453179194663,21.152006893834848,20.371453179194663,21.142370223999023,634300,0.0,0.0
2025-04-03 00:00:00-04:00,20.26545404076268,20.28472554295408,18.97416965558768,19.109079360961914,1326200,0.0,0.0
2025-04-04 00:00:00-04:00,18.463439927281144,18.80071607912123,17.93343585868041,18.415258407592773,1282600,0.0,0.0
2025-04-07 00:00:00-04:00,17.904522575503492,18.58871142582069,17.037242513388957,17.3841552734375,1934500,0.0,0.0
2025-04-08 00:00:00-04:00,17.991252256531787,18.29961836301648,16.719241148278932,16.902334213256836,1369300,0.0,0.0
2025-04-09 00:00:00-04:00,16.709602301495213,18.7428935785789,16.671055624201333,18.395980834960938,2276500,0.0,0.0
2025-04-10 00:00:00-04:00,17.817794242006215,17.93343244042678,17.181788745710133,17.653974533081055,1784300,0.0,0.0
2025-04-11 00:00:00-04:00,17.605794365974543,18.30925476585685,17.355246448617773,18.270708084106445,1332200,0.0,0.0
2025-04-14 00:00:00-04:00,18.521253437566934,18.598344952389013,17.971976164708767,18.376707077026367,1237600,0.0,0.0
2025-04-15 00:00:00-04:00,18.376707471071423,18.636892028427503,18.261071115362103,18.34779930114746,977800,0.0,0.0
2025-04-16 00:00:00-04:00,18.212889022391636,18.463436927682523,17.92379627521354,18.13579750061035,695200,0.0,0.0
2025-04-17 00:00:00-04:00,18.106888349180743,18.347799571465703,17.914158636150074,17.95270347595215,680600,0.0,0.0
2025-04-21 00:00:00-04:00,17.798522312372935,17.943070531349605,17.45161136564701,17.904523849487305,1128000,0.0,0.0
2025-04-22 00:00:00-04:00,18.12616105463063,18.43452714556639,18.000888019440556,18.328527450561523,748900,0.0,0.0
2025-04-23 00:00:00-04:00,18.906712849684034,19.13798739415028,18.193614040071413,18.376707077026367,905700,0.0,0.0
2025-04-24 00:00:00-04:00,18.405619984172993,19.03198887053869,18.280345104095662,18.974170684814453,1040100,0.0,0.0
2025-04-25 00:00:00-04:00,18.771804045052455,18.954897108584195,18.569439478522874,18.733259201049805,843900,0.0,0.0
2025-04-28 00:00:00-04:00,18.704348333729186,19.00307775360754,18.492347106397272,18.646530151367188,794300,0.0,0.0
2025-04-29 00:00:00-04:00,18.55980387376278,18.742896947808102,18.39598414182898,18.694713592529297,854800,0.0,0.0
2025-04-30 00:00:00-04:00,18.511618328517763,18.85853109345632,18.241798922904973,18.77180290222168,741000,0.0,0.0
2025-05-01 00:00:00-04:00,18.877804525152627,19.08016908034698,18.685074801914027,18.81998634338379,883400,0.0,0.0
2025-05-02 00:00:00-04:00,19.137990438072297,19.484901390944948,19.003078887170776,19.388538360595703,490300,0.0,0.0
2025-05-05 00:00:00-04:00,19.1958053664703,19.484898084474708,19.128350521469716,19.234350204467773,659100,0.0,0.0
2025-05-06 00:00:00-04:00,19.041625250826282,19.263263157728957,18.954897054558806,19.099443435668945,1098700,0.0,0.0
2025-05-07 00:00:00-04:00,20.47745479675492,20.47745479675492,18.713984645425242,19.041624069213867,1891800,0.0,0.0
2025-05-08 00:00:00-04:00,19.282535866782784,20.14017929287033,19.282535866782784,19.98599624633789,1122900,0.0,0.0
2025-05-09 00:00:00-04:00,20.091997054499988,20.178725244793334,19.899267334291036,20.043813705444336,773500,0.0,0.0
2025-05-12 00:00:00-04:00,20.949640088467948,21.296552843660958,20.747275539943224,21.123096466064453,1115000,0.0,0.0
2025-05-13 00:00:00-04:00,21.366227312719428,21.7163345095282,21.171724757216854,21.551006317138672,876000,0.2,0.0
2025-05-14 00:00:00-04:00,21.434303256499863,21.502379237643208,21.064745280391183,21.084196090698242,1102600,0.0,0.0
2025-05-15 00:00:00-04:00,21.016121385999874,21.064746559789477,20.734090184212015,20.9285945892334,1036500,0.0,0.0
2025-05-16 00:00:00-04:00,20.94804491878161,21.356500821052727,20.811891096426464,21.24952507019043,773700,0.0,0.0
2025-05-19 00:00:00-04:00,20.928594270330116,21.317601219513836,20.8605182860894,21.25925064086914,760400,0.0,0.0
2025-05-20 00:00:00-04:00,21.152270951687125,21.502378098948228,21.152270951687125,21.36622428894043,1809300,0.0,0.0
2025-05-21 00:00:00-04:00,21.123096309449892,21.191174146984803,20.55903578296618,20.646562576293945,934300,0.0,0.0
2025-05-22 00:00:00-04:00,20.529862241790752,20.81189158883139,20.345083242392867,20.6951904296875,707700,0.0,0.0
2025-05-23 00:00:00-04:00,20.228380241834888,20.607663646634688,20.2186566910093,20.4617862701416,753700,0.0,0.0
2025-05-27 00:00:00-04:00,20.743815253042445,21.171723824180656,20.559036256766394,21.142547607421875,585100,0.0,0.0
2025-05-28 00:00:00-04:00,21.152273356555952,21.171724168044385,20.850793198211143,20.9285945892334,782100,0.0,0.0
2025-05-29 00:00:00-04:00,21.12309681745625,21.307875813917814,20.948045081522164,21.25925064086914,951100,0.0,0.0
2025-05-30 00:00:00-04:00,21.132820786467555,21.29814896049825,20.91886744269367,20.938318252563477,1152200,0.0,0.0
2025-06-02 00:00:00-04:00,20.841069891986812,20.93832210429465,20.471511856203374,20.704917907714844,801800,0.0,0.0
2025-06-03 00:00:00-04:00,20.714639372723582,21.171724168044385,20.58821280791172,20.9285945892334,965200,0.0,0.0
2025-06-04 00:00:00-04:00,20.879965799889877,21.181447787744865,20.879965799889877,21.05501937866211,586800,0.0,0.0
2025-06-05 00:00:00-04:00,21.084196229510074,21.29814957950224,20.99666943748342,21.210622787475586,766600,0.0,0.0
2025-06-06 00:00:00-04:00,21.51210673429079,21.66770952201287,21.23980092831137,21.327327728271484,781300,0.0,0.0
2025-06-09 00:00:00-04:00,21.52182835955361,21.764957925479088,21.405127206670954,21.56072998046875,705200,0.0,0.0
2025-06-10 00:00:00-04:00,21.687156207864273,21.842758979289222,21.599629417071323,21.774682998657227,614600,0.0,0.0
2025-06-11 00:00:00-04:00,21.80385984761269,22.046989416896984,21.667707882391536,21.930286407470703,1289700,0.0,0.0
2025-06-12 00:00:00-04:00,21.774682857242322,21.774682857242322,21.36622512117171,21.648256301879883,894200,0.0,0.0
2025-06-13 00:00:00-04:00,21.268976488891475,21.521829619922027,21.15227347424304,21.28842544555664,689200,0.0,0.0
2025-06-16 00:00:00-04:00,21.53155502968002,21.657983450150034,21.36622684094103,21.638532638549805,688300,0.0,0.0
2025-06-17 00:00:00-04:00,21.453753619492616,21.755235634238698,21.37595222809106,21.52182960510254,681200,0.0,0.0
2025-06-18 00:00:00-04:00,21.47320429924912,21.803860674408664,21.356501285397496,21.395402908325195,1085100,0.0,0.0
2025-06-20 00:00:00-04:00,21.453753187995275,21.521829172235996,21.064746238811555,21.25925064086914,2208600,0.0,0.0
2025-06-23 00:00:00-04:00,21.0744716232495,21.337052009284182,20.811891237214816,21.142547607421875,1237600,0.0,0.0
2025-06-24 00:00:00-04:00,21.268974941423636,21.53155345914808,21.132821125084696,21.424577713012695,1706900,0.0,0.0
2025-06-25 00:00:00-04:00,21.531555000726765,22.241494783728648,21.531555000726765,22.1053409576416,2912900,0.0,0.0
2025-06-26 00:00:00-04:00,22.231770321275604,22.69857868927203,22.06644212574376,22.630502700805664,2186500,0.0,0.0
2025-06-27 00:00:00-04:00,22.815277261049552,22.951431077441164,22.309569180655156,22.35819435119629,1845900,0.0,0.0
2025-06-30 00:00:00-04:00,22.465173371501677,22.494347733696856,22.231769199282905,22.32901954650879,971700,0.0,0.0
2025-07-01 00:00:00-04:00,22.319294485207887,23.6127436780478,22.222042289632356,23.282087326049805,1468200,0.0,0.0
2025-07-02 00:00:00-04:00,23.476590497991143,23.729445471362034,23.320987722829273,23.67109489440918,959500,0.0,0.0
2025-07-03 00:00:00-04:00,23.719720397184613,23.86559962400037,23.603019241649715,23.6905460357666,422000,0.0,0.0
2025-07-07 00:00:00-04:00,23.505768169712493,23.61274577986098,22.893082436433676,22.941707611083984,832700,0.0,0.0
2025-07-08 00:00:00-04:00,23.06813465197173,23.30153883396423,23.000058664090357,23.204288482666016,955000,0.0,0.0
2025-07-09 00:00:00-04:00,23.408514983708415,23.612744789523465,23.11676023817998,23.583568572998047,881700,0.0,0.0
2025-07-10 00:00:00-04:00,23.564118069985227,24.26433243629619,23.496042085467543,24.069828033447266,982100,0.0,0.0
2025-07-11 00:00:00-04:00,23.80724498980549,24.040649134223436,23.466863250263433,24.02120018005371,846700,0.0,0.0
2025-07-14 00:00:00-04:00,23.943402291430644,23.972576654406794,23.379341729736304,23.768348693847656,707900,0.0,0.0
2025-07-15 00:00:00-04:00,23.768346279838195,23.914223644697614,23.272361755371094,23.272361755371094,607400,0.0,0.0
2025-07-16 00:00:00-04:00,23.330713291063162,23.73917104244821,23.223735686793074,23.68082046508789,1205600,0.0,0.0
2025-07-17 00:00:00-04:00,23.64191915752586,24.235155909183433,23.64191915752586,24.16707992553711,1009200,0.0,0.0
2025-07-18 00:00:00-04:00,24.28378041843686,24.371307210714395,23.80724669099883,23.894773483276367,613400,0.0,0.0
2025-07-21 00:00:00-04:00,23.982301248639125,24.118453217736835,23.79752225134119,23.836423873901367,874700,0.0,0.0
2025-07-22 00:00:00-04:00,23.80724856778057,24.575538948353653,23.787797755756344,24.478286743164062,662200,0.0,0.0
2025-07-23 00:00:00-04:00,24.69223900027692,25.042346181243236,24.52691081536854,24.99372100830078,625000,0.0,0.0
2025-07-24 00:00:00-04:00,24.731140921509194,24.954819687638487,24.546361923217773,24.546361923217773,834500,0.0,0.0
2025-07-25 00:00:00-04:00,24.594988971694765,24.77976611520509,24.108729816271126,24.66306495666504,731300,0.0,0.0
2025-07-28 00:00:00-04:00,24.663063685243717,24.838117268960964,24.507460911924248,24.585262298583984,768000,0.0,0.0
2025-07-29 00:00:00-04:00,24.701964372104356,24.701964372104356,24.371308002739333,24.52691078186035,702000,0.0,0.0
2025-07-30 00:00:00-04:00,24.478285816486782,24.575538017994685,24.011477475166597,24.18653106689453,992400,0.0,0.0
2025-07-31 00:00:00-04:00,23.875325685413184,24.28378348260442,23.680823120755974,24.07955551147461,899800,0.0,0.0
2025-08-01 00:00:00-04:00,23.5932938361999,23.826698002201123,23.243186659732363,23.6905460357666,1156400,0.0,0.0
2025-08-04 00:00:00-04:00,23.797524288563977,24.10873173089242,23.69054852722858,24.07955551147461,795400,0.0,0.0
2025-08-05 00:00:00-04:00,24.215703803101768,24.682512113081387,23.962848838129972,24.439382553100586,1407500,0.0,0.0
2025-08-06 00:00:00-04:00,20.267283606771358,20.267283606771358,17.135775026179502,19.985252380371094,6196500,0.0,0.0
2025-08-07 00:00:00-04:00,19.94635300607449,20.26728401030478,19.236415005039547,19.421192169189453,3078000,0.0,0.0
2025-08-08 00:00:00-04:00,19.401740060255065,19.99497493845824,19.255860837074756,19.69349479675293,3065300,0.0,0.0
2025-08-11 00:00:00-04:00,19.703219568154452,19.93662372083096,19.528165989914243,19.77129554748535,1509400,0.0,0.0
2025-08-12 00:00:00-04:00,20.016840384513998,20.635615229549938,19.810583351742604,20.252565383911133,1229000,0.2,0.0
2025-08-13 00:00:00-04:00,20.625793105125442,21.12670544819608,20.409714042243564,21.1070613861084,900400,0.0,0.0
2025-08-14 00:00:00-04:00,20.733834881114966,20.93026989430007,20.53739799456887,20.82223129272461,972300,0.0,0.0
2025-08-15 00:00:00-04:00,21.10706341113301,21.10706341113301,20.64543914794922,20.64543914794922,1494200,0.0,0.0
2025-08-18 00:00:00-04:00,20.655260484620094,20.655260484620094,20.17399217366483,20.498111724853516,1715400,0.0,0.0
2025-08-19 00:00:00-04:00,20.478466679868966,21.018665281501022,20.409714334936986,20.69454574584961,1439000,0.0,0.0
2025-08-20 00:00:00-04:00,20.635615941172038,20.74365641350811,20.291852334670764,20.399892807006836,1014000,0.0,0.0
2025-08-21 00:00:00-04:00,20.262387543808813,20.50793272519621,20.18381316069929,20.439180374145508,690900,0.0,0.0
2025-08-22 00:00:00-04:00,20.665082977375086,21.421360698116167,20.606150786126925,21.24456787109375,1056800,0.0,0.0
2025-08-25 00:00:00-04:00,21.244565793928295,21.264209855757002,21.038308764809393,21.126705169677734,725600,0.0,0.0
2025-08-26 00:00:00-04:00,21.048132756378724,21.264211836539964,20.86151789834432,21.057954788208008,1024700,0.0,0.0
2025-08-27 00:00:00-04:00,20.940091883479678,21.254389402626984,20.940091883479678,21.215103149414062,876900,0.0,0.0
2025-08-28 00:00:00-04:00,21.313319623091488,21.401716026353775,20.969556040778244,21.28385353088379,747300,0.0,0.0
2025-08-29 00:00:00-04:00,21.254390909147297,21.36243139152251,20.920449303043114,21.048133850097656,755900,0.0,0.0
2025-09-02 00:00:00-04:00,20.881160736083984,21.057953551909712,20.753476203160552,20.881160736083984,956200,0.0,0.0
2025-09-03 00:00:00-04:00,20.851695866515033,21.057954788208008,20.69454710396849,21.057954788208008,821700,0.0,0.0
2025-09-04 00:00:00-04:00,21.126704407610994,21.450823922649903,20.90080332481192,21.441001892089844,564900,0.0,0.0
2025-09-05 00:00:00-04:00,21.53922243780685,21.76512354277185,21.35260758557617,21.558866500854492,542100,0.0,0.0
2025-09-08 00:00:00-04:00,21.549045426395004,21.549045426395004,20.920448494479114,21.038311004638672,702800,0.0,0.0
2025-09-09 00:00:00-04:00,20.999021502302423,21.16599228797207,20.615971647738316,20.674901962280273,742700,0.0,0.0
2025-09-10 00:00:00-04:00,20.615973113832347,20.83205219809315,20.449002316288656,20.57668685913086,731800,0.0,0.0
2025-09-11 00:00:00-04:00,20.645436373323868,20.93026776919899,20.61597028132542,20.70436668395996,933800,0.0,0.0
2025-09-12 00:00:00-04:00,20.910626366231106,21.018664960893013,20.39006996154785,20.39006996154785,677800,0.0,0.0
2025-09-15 00:00:00-04:00,20.674903432565102,20.822232039438575,20.429358252257387,20.57668685913086,985400,0.0,0.0
2025-09-16 00:00:00-04:00,20.615972443893067,20.674902760710815,20.213278511143294,20.360605239868164,1013300,0.0,0.0
2025-09-17 00:00:00-04:00,20.36060476332625,20.851695096489127,20.095415533811668,20.262386322021484,1127000,0.0,0.0
2025-09-18 00:00:00-04:00,20.488290449055828,21.12670754333027,20.340961842148523,20.900806427001953,872900,0.0,0.0
2025-09-19 00:00:00-04:00,20.94009207263958,20.969558167836187,20.44900172619546,20.6159725189209,1710200,0.0,0.0
2025-09-22 00:00:00-04:00,20.60615226195625,20.77312306906256,20.33114284321256,20.75347900390625,777800,0.0,0.0
2025-09-23 00:00:00-04:00,20.841873005417824,21.22492473807484,20.684724249124002,20.72401237487793,1256200,0.0,0.0
2025-09-24 00:00:00-04:00,20.763300194332572,20.822232387411237,20.370428273946928,20.488290786743164,632000,0.0,0.0
2025-09-25 00:00:00-04:00,20.282032135920243,20.478469035488345,19.987378659929202,20.468647003173828,688900,0.0,0.0
2025-09-26 00:00:00-04:00,20.468645789659863,20.6257945506531,20.37042734569884,20.6159725189209,892800,0.0,0.0
2025-09-29 00:00:00-04:00,20.74365692197177,20.74365692197177,20.282030800392153,20.429357528686523,745800,0.0,0.0
2025-09-30 00:00:00-04:00,20.42935663547566,20.56686319945121,20.23292163079201,20.55704116821289,647700,0.0,0.0
2025-10-01 00:00:00-04:00,20.409714610161004,20.79276446472511,20.370426484892416,20.674901962280273,639800,0.0,0.0
2025-10-02 00:00:00-04:00,20.694547903184194,21.12670795355756,20.62579555108502,21.067777633666992,604700,0.0,0.0
2025-10-03 00:00:00-04:00,21.224926060695008,21.578509847709025,21.156173709702315,21.48029327392578,798100,0.0,0.0
2025-10-06 00:00:00-04:00,21.54904474893642,21.725837571937223,21.30349957773775,21.539222717285156,525100,0.0,0.0
2025-10-07 00:00:00-04:00,21.598153840022682,21.706194318858422,20.861518298930392,20.900806427001953,549500,0.0,0.0
2025-10-08 00:00:00-04:00,20.94009005348143,21.323139887296563,20.714188965506395,21.14634895324707,447900,0.0,0.0
2025-10-09 00:00:00-04:00,21.21510176063096,21.21510176063096,20.714189419770296,20.851694107055664,462900,0.0,0.0
2025-10-10 00:00:00-04:00,20.969558340813734,20.969558340813734,20.016841861902154,20.085596084594727,734300,0.0,0.0
2025-10-13 00:00:00-04:00,20.399894034255865,20.96955877776613,20.33114168349169,20.900806427001953,606300,0.0,0.0
2025-10-14 00:00:00-04:00,20.733836628701695,21.77494771908145,20.606152079676328,21.60797691345215,642500,0.0,0.0
2025-10-15 00:00:00-04:00,21.86334290715899,22.07942198971749,21.441004900619205,21.75530242919922,1361900,0.0,0.0
2025-10-16 00:00:00-04:00,21.84369768754651,22.000846443521876,21.657082837315404,21.83387565612793,1119400,0.0,0.0
2025-10-17 00:00:00-04:00,21.627620569105158,21.971384206348883,21.509758054801754,21.765125274658203,855500,0.0,0.0
2025-10-20 00:00:00-04:00,21.882983885205167,22.34460808104097,21.794587483587133,22.295499801635742,539400,0.0,0.0
2025-10-21 00:00:00-04:00,22.177640577929434,22.708019065829475,22.177640577929434,22.59015655517578,799300,0.0,0.0
2025-10-22 00:00:00-04:00,22.393720129909262,22.47229451420027,21.99102617624771,22.040136337280273,1129200,0.0,0.0
2025-10-23 00:00:00-04:00,22.089244901103473,22.354434153911335,21.93209613055684,22.34461212158203,779100,0.0,0.0
2025-10-24 00:00:00-04:00,22.47229479514075,22.47229479514075,22.187463351035397,22.34461212158203,618100,0.0,0.0
2025-10-27 00:00:00-04:00,22.462474353848815,22.550868896979317,22.20710713657989,22.364255905151367,357000,0.0,0.0
2025-10-28 00:00:00-04:00,22.42318465144177,22.433006682958347,22.099065104838576,22.27585792541504,577000,0.0,0.0
2025-10-29 00:00:00-04:00,22.393719192735496,22.806235161339828,22.246392462525595,22.4919376373291,871200,0.0,0.0
2025-10-30 00:00:00-04:00,22.22674831320372,22.55086786775975,21.725837807094326,21.912450790405273,953400,0.0,0.0
2025-10-31 00:00:00-04:00,21.87316401617292,21.99102464773685,21.4410039959296,21.558866500854492,753300,0.0,0.0
2025-11-03 00:00:00-05:00,21.480293554133304,21.863343442295765,21.31332275381819,21.78476905822754,1112600,0.0,0.0
2025-11-04 00:00:00-05:00,21.391895321135507,21.824053460128276,21.391895321135507,21.716014862060547,871900,0.0,0.0
2025-11-05 00:00:00-05:00,24.259863281364364,26.243866809621387,23.572336063501197,24.819705963134766,3135200,0.0,0.0
2025-11-06 00:00:00-05:00,25.124182447940388,25.929570329154824,25.124182447940388,25.59562873840332,1586900,0.0,0.0
2025-11-07 00:00:00-05:00,25.41883496237501,26.008143740138095,25.24204401507095,25.792064666748047,970900,0.0,0.0
2025-11-10 00:00:00-05:00,26.128567914553045,26.98962383660209,25.792063474923598,26.79167938232422,1010000,0.2,0.0
2025-11-11 00:00:00-05:00,26.75209392256658,27.78140026512686,26.643224274586196,27.494382858276367,1109900,0.0,0.0
2025-11-12 00:00:00-05:00,27.43499692915775,28.137698065983965,27.3657169342041,27.3657169342041,859300,0.0,0.0
2025-11-13 00:00:00-05:00,27.59335285238922,27.83088696998056,27.118288392683255,27.30633544921875,843700,0.0,0.0
2025-11-14 00:00:00-05:00,26.9302405635169,27.049007618905133,26.564045760901596,26.623428344726562,742900,0.0,0.0
2025-11-17 00:00:00-05:00,26.663016734039363,26.75209154944196,25.62381118358848,25.65350341796875,842800,0.0,0.0
2025-11-18 00:00:00-05:00,25.47535460914411,26.029596454624663,25.29720497259079,25.505046844482422,951200,0.0,0.0
2025-11-19 00:00:00-05:00,25.554532124761284,25.693092114788513,25.119055443297903,25.188337326049805,746400,0.0,0.0
2025-11-20 00:00:00-05:00,25.58422481547191,25.950419620699456,24.970598485775636,25.267515182495117,690900,0.0,0.0
2025-11-21 00:00:00-05:00,25.445662668322534,26.534353436063917,25.029982695204605,26.524456024169922,731000,0.0,0.0
2025-11-24 00:00:00-05:00,26.435382993148856,27.058906770482142,26.346310055553953,26.841169357299805,1011300,0.0,0.0
2025-11-25 00:00:00-05:00,27.019316131403553,27.63294247371646,26.87085872386057,27.514175415039062,759000,0.0,0.0
2025-11-26 00:00:00-05:00,27.326130899158155,27.959550193265585,27.326130899158155,27.3756160736084,997700,0.0,0.0
2025-11-28 00:00:00-05:00,27.514173794314264,27.54386602916918,27.088596421156616,27.395408630371094,368300,0.0,0.0
2025-12-01 00:00:00-05:00,27.049008847076003,27.306335905652624,26.920346261656885,27.177671432495117,767300,0.0,0.0
2025-12-02 00:00:00-05:00,27.355819702148438,27.425099697557332,26.930240430078594,27.355819702148438,638800,0.0,0.0
2025-12-03 00:00:00-05:00,27.47458584204333,27.781398049096566,27.237053628091964,27.61314582824707,746400,0.0,0.0
2025-12-04 00:00:00-05:00,27.504279438697484,27.949651654009234,27.444894966465256,27.642839431762695,510000,0.0,0.0
2025-12-05 00:00:00-05:00,27.563661575317383,27.751708625520596,27.464689344276835,27.563661575317383,452600,0.0,0.0
2025-12-08 00:00:00-05:00,27.67253023478336,27.68242764698467,27.18756836334916,27.514175415039062,964800,0.0,0.0
2025-12-09 00:00:00-05:00,27.474585570230964,27.781397774248834,27.474585570230964,27.524070739746094,683300,0.0,0.0
2025-12-10 00:00:00-05:00,27.53396927892964,28.92947225908112,27.53396927892964,28.810707092285156,920800,0.0,0.0
2025-12-11 00:00:00-05:00,28.899780990635875,29.53320022733861,28.860191344472838,29.483715057373047,1231900,0.0,0.0
2025-12-12 00:00:00-05:00,29.533200964916528,29.58268613611796,28.781014658677407,29.028444290161133,1535700,0.0,0.0
2025-12-15 00:00:00-05:00,28.95916411374581,29.137313749334826,28.7810144781568,28.83049964904785,575300,0.0,0.0
2025-12-16 00:00:00-05:00,28.949267649498438,29.038342470208267,28.39502578887819,28.57317543029785,1063100,0.0,0.0
2025-12-17 00:00:00-05:00,28.57317452755779,28.71173451640061,28.098108202868485,28.20697784423828,943100,0.0,0.0
2025-12-18 00:00:00-05:00,28.424714602845405,28.61276164616357,28.127799808333126,28.137697219848633,760200,0.0,0.0
2025-12-19 00:00:00-05:00,28.10800694948504,28.48410106240276,27.910064368557403,28.44451141357422,1235300,0.0,0.0
2025-12-22 00:00:00-05:00,28.64245475758368,29.028444379814154,28.50389287986282,28.919574737548828,471400,0.0,0.0
2025-12-23 00:00:00-05:00,28.879986978013072,29.14721143389799,28.790912159384764,28.919574737548828,455400,0.0,0.0
2025-12-24 00:00:00-05:00,28.781014032938298,29.00864883589704,28.781014032938298,28.959163665771484,199800,0.0,0.0
2025-12-26 00:00:00-05:00,28.95916521302831,29.008650385797807,28.75132333437208,28.978960037231445,316600,0.0,0.0
2025-12-29 00:00:00-05:00,28.909677546981538,29.008649778185806,28.48410016195828,28.49399757385254,490700,0.0,0.0
2025-12-30 00:00:00-05:00,28.69194078600125,28.69194078600125,28.177286682495083,28.355436325073242,527200,0.0,0.0
2025-12-31 00:00:00-05:00,28.39502654464111,28.39502654464111,28.02882984000529,28.117904663085938,443200,0.0,0.0
2026-01-02 00:00:00-05:00,28.31584809224152,28.76122030352284,27.959548813025815,28.691940307617188,666000,0.0,0.0
2026-01-05 00:00:00-05:00,28.592968338636595,29.552996541404266,28.53358575413435,28.98885726928711,1071500,0.0,0.0
2026-01-06 00:00:00-05:00,28.761220367158053,29.295669287164092,28.54348296701021,29.206594467163086,1006500,0.0,0.0
2026-01-07 00:00:00-05:00,29.69155485268527,29.721247087123714,28.82060340761132,28.870088577270508,837400,0.0,0.0
2026-01-08 00:00:00-05:00,28.721632842301684,29.81032362743615,28.632558021570972,29.71135139465332,886400,0.0,0.0
2026-01-09 00:00:00-05:00,29.859807315365607,30.443741383239658,29.810322145303697,30.41404914855957,940200,0.0,0.0
2026-01-12 00:00:00-05:00,30.800042762473417,31.027677580763566,30.206211242280464,30.40415382385254,1035800,0.0,0.0
2026-01-13 00:00:00-05:00,32.52215190313662,33.78899042909235,32.146057799939776,32.93783187866211,2126400,0.0,0.0
2026-01-14 00:00:00-05:00,32.96752601943972,33.75930009857479,32.90814154770086,33.14567565917969,1698200,0.0,0.0
2026-01-15 00:00:00-05:00,33.36341075103045,34.48179374742742,33.10608559435649,34.204673767089844,1294700,0.0,0.0
2026-01-16 00:00:00-05:00,34.105698009320825,34.2937469373475,33.24464398646499,33.670223236083984,1176900,0.0,0.0
2026-01-20 00:00:00-05:00,32.997213989996844,33.779092488576445,32.84875470908505,33.27433395385742,964600,0.0,0.0
2026-01-21 00:00:00-05:00,33.59104573745391,33.986934661865234,33.20505611266499,33.986934661865234,1190400,0.0,0.0
2026-01-22 00:00:00-05:00,34.27395537800408,34.73912054186122,34.05621608291559,34.32344055175781,1033800,0.0,0.0
2026-01-23 00:00:00-05:00,34.40261574082116,34.40261574082116,33.62074094195549,34.13539505004883,798400,0.0,0.0
2026-01-26 00:00:00-05:00,34.3036424419606,34.40261277998983,33.71970838644477,34.08590316772461,833800,0.0,0.0
2026-01-27 00:00:00-05:00,34.00672966360872,34.283849646861015,33.79888967616951,34.184879302978516,657500,0.0,0.0
2026-01-28 00:00:00-05:00,34.3036413640109,34.3036413640109,33.69001698146397,33.93744659423828,841400,0.0,0.0
2026-01-29 00:00:00-05:00,34.30364717283556,34.47190130126114,33.58115303424784,34.45210647583008,1069300,0.0,0.0
2026-01-30 00:00:00-05:00,34.15518790672993,34.56097238981272,33.82858272545691,34.03642272949219,1290100,0.0,0.0
2026-02-02 00:00:00-05:00,33.858270844068855,35.34284867585122,33.6207405052506,35.194393157958984,1460300,0.0,0.0
2026-02-03 00:00:00-05:00,35.48140880564302,35.9663725604304,34.758914711125364,35.392333984375,1566900,0.0,0.0
2026-02-04 00:00:00-05:00,39.093885472737,40.47949305031591,36.1346251390339,37.95570755004883,3863700,0.0,0.0
2026-02-05 00:00:00-05:00,37.47074503808599,38.12395913235076,36.85712059207402,37.88642501831055,3144900,0.0,0.0
2026-02-06 00:00:00-05:00,38.599024508484014,40.43000236600345,38.52974451012231,39.905452728271484,2409700,0.0,0.0
2026-02-09 00:00:00-05:00,39.98462873901488,40.499279034392366,39.22254504422022,40.291439056396484,2515400,0.0,0.0
2026-02-10 00:00:00-05:00,40.29144073914603,41.28604558754291,39.7941383149476,40.878257751464844,1530100,0.2,0.0
2026-02-11 00:00:00-05:00,41.176642171538376,41.514807971185235,39.88365283551919,40.042789459228516,1851100,0.0,0.0
2026-02-12 00:00:00-05:00,41.325831696951695,41.46507577205451,38.630453402842896,39.08797073364258,3574400,0.0,0.0
2026-02-13 00:00:00-05:00,39.15758954056138,39.71456958913642,38.3121769862628,39.37640380859375,2220300,0.0,0.0
2026-02-17 00:00:00-05:00,39.107861638811734,39.41619050220444,38.481259533130704,38.849266052246094,1520800,0.0,0.0
2026-02-18 00:00:00-05:00,38.82937508796325,39.26699986547386,38.162987851220386,38.25250244140625,1433200,0.0,0.0
2026-02-19 00:00:00-05:00,37.96406343326266,38.511099109109495,37.72536040572605,38.41163635253906,1476900,0.0,0.0
2026-02-20 00:00:00-05:00,38.28234005666427,39.39629635969816,38.25249933294956,39.37640380859375,1667300,0.0,0.0
2026-02-23 00:00:00-05:00,39.1874307420181,39.37640428863958,38.10331135536602,38.82937240600586,1171300,0.0,0.0
2026-02-24 00:00:00-05:00,38.968617120884446,40.37100976423135,38.71001774318003,39.88365173339844,1211100,0.0,0.0
2026-02-25 00:00:00-05:00,40.03284396791804,40.18203620842636,39.217268319802805,39.814029693603516,1078800,0.0,0.0
2026-02-26 00:00:00-05:00,39.71457129037464,40.281495741728925,39.356512943389546,39.89360046386719,1250100,0.0,0.0
2026-02-27 00:00:00-05:00,39.29683315551816,40.112412565022794,38.69012742728321,40.062679290771484,2165300,0.0,0.0
2026-03-02 00:00:00-05:00,39.366460661092944,40.84841972060905,38.79953242217971,40.78874206542969,1806400,0.0,0.0
2026-03-03 00:00:00-05:00,39.396296488972034,40.36106435306286,38.28234018228284,40.35111618041992,1246400,0.0,0.0
2026-03-04 00:00:00-05:00,40.65944625305822,41.80323952378294,40.38095432243786,41.554588317871094,3239500,0.0,0.0
2026-03-05 00:00:00-05:00,40.96777057927917,41.504858084923804,39.51564847360256,39.80408477783203,1677700,0.0,0.0
2026-03-06 00:00:00-05:00,38.84926642618961,39.048184358947246,36.6511868457006,36.979408264160156,2007700,0.0,0.0
2026-03-09 00:00:00-04:00,36.104154516318005,38.09336417335058,35.61680027505016,38.013797760009766,973400,0.0,0.0
2026-03-10 00:00:00-04:00,37.7949850972096,38.93878221648227,37.596063364190464,37.83477020263672,920300,0.0,0.0
2026-03-11 00:00:00-04:00,37.5463314396469,40.22181700284188,36.92967752206352,40.08257293701172,2926300,0.0,0.0
2026-03-12 00:00:00-04:00,39.12775303810586,40.450575451002585,38.39174381567254,38.550880432128906,4501100,0.0,0.0
2026-03-13 00:00:00-04:00,38.61055746036881,38.80947917624458,37.60600829666459,37.98395538330078,1902400,0.0,0.0
2026-03-16 00:00:00-04:00,38.54093592863346,38.849264781944356,37.526438579218066,37.576168060302734,997800,0.0,0.0
2026-03-17 00:00:00-04:00,38.00384951179932,38.42158551188983,36.11410261782849,37.31757354736328,1640300,0.0,0.0
2026-03-18 00:00:00-04:00,37.2976819712139,37.775091845151465,35.82566724471062,35.875396728515625,1348000,0.0,0.0
2026-03-19 00:00:00-04:00,35.24879179967281,35.69636470647852,34.10499858685388,34.990196228027344,1623300,0.0,0.0
2026-03-20 00:00:00-04:00,35.04987708018718,35.14933604895029,33.52812905811968,33.935916900634766,2328500,0.0,0.0
2026-03-23 00:00:00-04:00,34.3138663331403,35.96491018465138,34.3138663331403,35.43777084350586,1205200,0.0,0.0
2026-03-24 00:00:00-04:00,35.0996045676687,36.42242698871855,35.06976384344431,35.91518020629883,640100,0.0,0.0
2026-03-25 00:00:00-04:00,36.54178121892019,36.70091783166076,35.83560894290006,36.17377471923828,945100,0.0,0.0
2026-03-26 00:00:00-04:00,35.636691465295904,36.104153136838534,35.32836261435471,35.417877197265625,598100,0.0,0.0
2026-03-27 00:00:00-04:00,35.139391807976715,36.10415594994742,34.681870685163496,35.885345458984375,1707900,0.0,0.0
2026-03-30 00:00:00-04:00,36.313019109991764,36.313019109991764,34.433216669308045,34.5824089050293,999200,0.0,0.0
2026-03-31 00:00:00-04:00,35.318416121331175,36.412483719395375,35.06976491187791,35.93507385253906,1085200,0.0,0.0
2026-04-01 00:00:00-04:00,36.46221103327096,37.16837951551929,36.04447884741683,36.313018798828125,1225000,0.0,0.0
2026-04-02 00:00:00-04:00,35.109550006803076,36.34286167478018,34.751491658225326,35.79582977294922,647300,0.0,0.0
2026-04-06 00:00:00-04:00,35.756044134857845,36.253346546207425,35.48750037743512,36.064369201660156,849200,0.0,0.0
2026-04-07 00:00:00-04:00,35.92512678036268,36.32297024532616,35.59690914676681,36.16383361816406,910600,0.0,0.0
2026-04-08 00:00:00-04:00,38.04363410707422,38.65034365021949,37.53638732172438,37.72536087036133,1480200,0.0,0.0
2026-04-09 00:00:00-04:00,37.596060249017874,39.107859982933995,37.417031083546476,38.88904571533203,929600,0.0,0.0
2026-04-10 00:00:00-04:00,39.03823956771083,39.276946396262154,38.49120767017127,38.64039611816406,765800,0.0,0.0
2026-04-13 00:00:00-04:00,38.51110136433362,39.60516519186365,38.26245014952076,39.35651397705078,1537400,0.0,0.0
2026-04-14 00:00:00-04:00,39.35651175171235,39.74440701782899,38.73985783619656,38.9686164855957,728000,0.0,0.0
2026-04-15 00:00:00-04:00,38.968618026097964,38.968618026097964,37.407088727166,37.884498596191406,697500,0.0,0.0
2026-04-16 00:00:00-04:00,37.566225912557265,38.45142362842594,37.566225912557265,38.10331344604492,902900,0.0,0.0
2026-04-17 00:00:00-04:00,38.77964564014768,39.69468030148209,38.51110186933436,38.73986053466797,1069000,0.0,0.0
2026-04-20 00:00:00-04:00,38.59066825411288,38.94872661489979,37.95412174343236,38.391746520996094,1060100,0.0,0.0
2026-04-21 00:00:00-04:00,38.371857792025665,39.048185614558705,38.2823432017598,38.67023849487305,1120100,0.0,0.0
2026-04-22 00:00:00-04:00,39.167538726127404,39.60516347939387,38.04363422141666,38.76969528198242,1543400,0.0,0.0
2026-04-23 00:00:00-04:00,38.998454531225626,40.06268139736581,38.600614875108704,39.266998291015625,1072600,0.0,0.0
2026-04-24 00:00:00-04:00,39.25705389148483,39.65489354739272,38.51110026827668,38.98851013183594,612000,0.0,0.0
2026-04-27 00:00:00-04:00,39.23716301381439,39.804087488113844,38.81942699405262,39.43608474731445,982300,0.0,0.0
2026-04-28 00:00:00-04:00,39.465918351119875,39.79413595871638,38.481257940098004,39.02829360961914,749400,0.0,0.0
2026-04-29 00:00:00-04:00,39.14764556728926,39.595218486480995,38.063526182632046,38.34201431274414,959500,0.0,0.0
2026-04-30 00:00:00-04:00,38.52104459045778,38.97856190143055,38.39174490027283,38.50115203857422,848700,0.0,0.0
2026-05-01 00:00:00-04:00,38.34201376717065,38.40169142025246,37.50654559460614,38.262447357177734,1230100,0.0,0.0
2026-05-04 00:00:00-04:00,37.974013054954554,38.01379815910081,36.47215762342246,36.56167221069336,1163900,0.0,0.0
2026-05-05 00:00:00-04:00,36.97940720197892,38.033689668246915,36.97940720197892,37.30762481689453,1168800,0.0,0.0
2026-05-06 00:00:00-04:00,38.78958925311543,43.57363996021491,37.50654808261675,43.03655242919922,3433000,0.0,0.0
2026-05-07 00:00:00-04:00,42.70832975570134,42.887358927462714,41.365614761607354,41.48496627807617,2493700,0.0,0.0
2026-05-08 00:00:00-04:00,41.77340126664862,41.77340126664862,35.87539454618536,35.90523147583008,3190200,0.0,0.0
2026-05-11 00:00:00-04:00,36.16383044789093,37.44687152609909,35.23884769793771,36.869998931884766,1879200,0.0,0.0
2026-05-12 00:00:00-04:00,36.849998474121094,37.29999923706055,35.79999923706055,35.81999969482422,1342000,0.2,0.0
2026-05-13 00:00:00-04:00,36.150001525878906,36.33000183105469,35.02000045776367,35.08000183105469,2098200,0.0,0.0
2026-05-14 00:00:00-04:00,35.849998474121094,36.22999954223633,34.7400016784668,35.18000030517578,1248500,0.0,0.0
2026-05-15 00:00:00-04:00,34.599998474121094,35.029998779296875,34.18000030517578,34.650001525878906,1391200,0.0,0.0
2026-05-18 00:00:00-04:00,34.86000061035156,35.33000183105469,34.13999938964844,34.91999816894531,1627100,0.0,0.0
2026-05-19 00:00:00-04:00,34.75,35.099998474121094,33.91999816894531,34.58000183105469,1086700,0.0,0.0
2026-05-20 00:00:00-04:00,34.970001220703125,35.83000183105469,34.70000076293945,35.7599983215332,1279700,0.0,0.0
2026-05-21 00:00:00-04:00,35.4900016784668,35.939998626708984,35.0,35.220001220703125,1308000,0.0,0.0
2026-05-22 00:00:00-04:00,35.4900016784668,36.150001525878906,35.0,36.08000183105469,793600,0.0,0.0
2026-05-26 00:00:00-04:00,36.849998474121094,37.0,36.209999084472656,36.939998626708984,1903900,0.0,0.0
2026-05-27 00:00:00-04:00,36.20000076293945,36.34000015258789,34.400001525878906,34.7599983215332,2338500,0.0,0.0
2026-05-28 00:00:00-04:00,34.31999969482422,34.5099983215332,33.220001220703125,33.65999984741211,1307800,0.0,0.0
2026-05-29 00:00:00-04:00,33.15999984741211,33.529998779296875,32.7400016784668,32.79999923706055,1629100,0.0,0.0
2026-06-01 00:00:00-04:00,32.58000183105469,32.63999938964844,31.719999313354492,31.739999771118164,1806700,0.0,0.0
2026-06-02 00:00:00-04:00,32.0,33.79999923706055,31.93000030517578,33.560001373291016,2040000,0.0,0.0
2026-06-03 00:00:00-04:00,33.20000076293945,33.619998931884766,32.599998474121094,32.66999816894531,1375800,0.0,0.0
2026-06-04 00:00:00-04:00,32.88999938964844,33.209999084472656,32.59000015258789,32.900001525878906,1206300,0.0,0.0
2026-06-05 00:00:00-04:00,32.54999923706055,33.04999923706055,32.31999969482422,32.630001068115234,890300,0.0,0.0
2026-06-08 00:00:00-04:00,32.88999938964844,33.720001220703125,32.529998779296875,33.25,1155300,0.0,0.0
2026-06-09 00:00:00-04:00,33.83000183105469,34.61000061035156,33.45000076293945,34.0099983215332,1247110,0.0,0.0
