Date,Open,High,Low,Close,Volume,Dividends,Stock Splits
2022-01-03 00:00:00-05:00,36.56356486757809,36.82073023247387,36.39824327482642,36.63703918457031,24500,0.0,0.0
2022-01-04 00:00:00-05:00,36.315584595002434,36.315584595002434,35.66348466537356,35.8839111328125,40500,0.0,0.0
2022-01-05 00:00:00-05:00,35.553268768282386,35.645116051565545,34.90116882324219,34.90116882324219,68900,0.0,0.0
2022-01-06 00:00:00-05:00,34.44194062831582,34.96545784557699,34.44194062831582,34.68073654174805,46600,0.0,0.0
2022-01-07 00:00:00-05:00,34.313359432693176,34.57971129264317,34.175590262756145,34.340911865234375,27700,0.0,0.0
2022-01-10 00:00:00-05:00,33.40408735703483,34.01945181808139,33.05507823354324,33.890869140625,54100,0.0,0.0
2022-01-11 00:00:00-05:00,34.01027016543566,34.184778255561,33.486752902291,34.0010871887207,41500,0.0,0.0
2022-01-12 00:00:00-05:00,34.26743975536096,34.47868326024558,33.99190139770508,33.99190139770508,27300,0.0,0.0
2022-01-13 00:00:00-05:00,34.09292673366805,34.58889150141953,33.47756576538086,33.47756576538086,38400,0.0,0.0
2022-01-14 00:00:00-05:00,33.064267205592884,33.34898854560941,32.660149645492886,33.055084228515625,44700,0.0,0.0
2022-01-18 00:00:00-05:00,32.32031775114024,32.605039071943324,32.008043997348835,32.34787368774414,70000,0.0,0.0
2022-01-19 00:00:00-05:00,32.568300593734385,32.9907875887357,32.46727033327415,32.50400924682617,52700,0.0,0.0
2022-01-20 00:00:00-05:00,33.5143064228365,33.9827152810658,33.09181594848633,33.09181594848633,78200,0.0,0.0
2022-01-21 00:00:00-05:00,33.45001271495101,33.670442687492006,32.825468717251866,32.99997329711914,52600,0.0,0.0
2022-01-24 00:00:00-05:00,32.77954153186277,33.32142820179071,32.357054569848536,33.22039794921875,76900,0.0,0.0
2022-01-25 00:00:00-05:00,32.6601505825316,32.797916264337985,32.357059776048885,32.47645950317383,62700,0.0,0.0
2022-01-26 00:00:00-05:00,32.78872853203497,32.816280963677464,31.31002063788754,31.512081146240234,62500,0.0,0.0
2022-01-27 00:00:00-05:00,32.06315256933943,32.28358254548419,31.787617726870195,31.897830963134766,54200,0.0,0.0
2022-01-28 00:00:00-05:00,31.429424774754608,32.559120178222656,31.429424774754608,32.559120178222656,74400,0.0,0.0
2022-01-31 00:00:00-05:00,32.49483191939699,32.75199735173746,32.421354079519,32.687705993652344,52500,0.0,0.0
2022-02-01 00:00:00-05:00,32.54074490185215,32.935679423949786,32.2101017202248,32.45808410644531,50300,0.0,0.0
2022-02-02 00:00:00-05:00,32.917310447957604,33.69799302423583,32.82546667555381,33.26632308959961,39800,0.0,0.0
2022-02-03 00:00:00-05:00,32.2835805385586,33.04589367212108,32.2835805385586,32.56829833984375,37500,0.0,0.0
2022-02-04 00:00:00-05:00,32.52238112713769,33.38572463825182,32.36624598833003,32.641780853271484,31300,0.0,0.0
2022-02-07 00:00:00-05:00,32.228475092355396,32.55911831417061,32.11826185295556,32.37542724609375,79300,0.0,0.0
2022-02-08 00:00:00-05:00,32.127441914260096,32.706067499928125,32.127441914260096,32.44890213012695,40700,0.0,0.0
2022-02-09 00:00:00-05:00,32.650966085263036,32.807104738468816,32.22847902960338,32.29277038574219,48500,0.0,0.0
2022-02-10 00:00:00-05:00,31.805988044886522,32.37542720189324,31.805988044886522,32.09070587158203,41600,0.0,0.0
2022-02-11 00:00:00-05:00,32.18255621330316,32.73362596549433,31.32839564487561,31.59474754333496,40400,0.0,0.0
2022-02-14 00:00:00-05:00,31.30083647177596,31.879458535960676,31.245728106970862,31.319202423095703,51100,0.0,0.0
2022-02-15 00:00:00-05:00,31.64067106368207,31.833545136492592,31.48453240691911,31.76007080078125,63000,0.0,0.0
2022-02-16 00:00:00-05:00,31.76006417241169,31.916199292972813,31.502895292052944,31.870277404785156,41000,0.0,0.0
2022-02-17 00:00:00-05:00,31.851909679015293,31.879462112701464,31.558005374310532,31.6682186126709,48700,0.0,0.0
2022-02-18 00:00:00-05:00,31.245727101524917,31.27327953123322,30.740579369720024,30.905900955200195,43500,0.0,0.0
2022-02-22 00:00:00-05:00,30.78650552801597,31.60392708992398,30.207879898501893,30.758953094482422,61900,0.0,0.0
2022-02-23 00:00:00-05:00,30.961010594390586,31.218179491292236,30.14358901977539,30.14358901977539,72400,0.0,0.0
2022-02-24 00:00:00-05:00,29.629255817138304,31.319207399938296,29.629255817138304,30.639554977416992,54400,0.0,0.0
2022-02-25 00:00:00-05:00,31.53044860774004,31.59473994658337,30.520149633488046,31.227357864379883,59400,0.0,0.0
2022-02-28 00:00:00-05:00,31.420233653861107,31.842720619704178,31.199807194993156,31.613107681274414,72800,0.0,0.0
2022-03-01 00:00:00-05:00,32.09989326857098,32.79791514190318,31.8335413877983,31.980493545532227,43600,0.0,0.0
2022-03-02 00:00:00-05:00,32.32950635430126,32.83465417941525,32.17336771534409,32.36624526977539,113000,0.0,0.0
2022-03-03 00:00:00-05:00,31.043674530923152,31.208996158599902,30.419126938281217,30.859983444213867,52300,0.0,0.0
2022-03-04 00:00:00-05:00,29.665994427147197,30.03337657321111,29.390459569407167,29.647624969482422,43700,0.0,0.0
2022-03-07 00:00:00-05:00,29.197585712829436,29.381275035270715,28.242394929626307,28.591405868530273,89900,0.0,0.0
2022-03-08 00:00:00-05:00,27.48007955088158,27.957674935554135,27.04840781000901,27.176990509033203,103900,0.0,0.0
2022-03-09 00:00:00-05:00,28.260760687523312,29.05981272673746,28.242391232141735,28.876123428344727,67200,0.0,0.0
2022-03-10 00:00:00-05:00,28.628144287361994,28.646513744829758,28.279133354513892,28.536298751831055,55000,0.0,0.0
2022-03-11 00:00:00-05:00,29.10574024908335,29.133292684024653,28.49037742614746,28.49037742614746,155700,0.0,0.0
2022-03-14 00:00:00-04:00,29.032263038935195,30.161958374539868,29.032263038935195,29.2526912689209,61500,0.0,0.0
2022-03-15 00:00:00-04:00,29.482301624401266,29.868053205498075,29.160844893166928,29.26187515258789,99600,0.0,0.0
2022-03-16 00:00:00-04:00,30.07929561287932,30.694656620018065,29.996634813035186,30.40993881225586,62100,0.0,0.0
2022-03-17 00:00:00-04:00,30.556892695791095,31.016118609156848,30.35483217275315,30.79568862915039,75000,0.0,0.0
2022-03-18 00:00:00-04:00,30.593627900964666,31.631475816753145,30.575258446223025,31.080406188964844,104400,0.0,0.0
2022-03-21 00:00:00-04:00,31.208996158599902,31.603930768759245,30.694661816537113,30.859983444213867,108800,0.0,0.0
2022-03-22 00:00:00-04:00,31.264102152151793,31.6039283593055,31.098780537079005,31.291654586791992,75500,0.0,0.0
2022-03-23 00:00:00-04:00,30.878349956408666,31.181440746096296,30.823245088185992,30.93345832824707,51100,0.0,0.0
2022-03-24 00:00:00-04:00,31.411049457630238,31.539632137577147,31.21817543770987,31.48452377319336,46300,0.0,0.0
2022-03-25 00:00:00-04:00,32.07233291953795,32.3386847636808,32.01722805772586,32.21010208129883,45400,0.0,0.0
2022-03-28 00:00:00-04:00,31.824362158384755,32.11826650846257,31.594749165910454,31.76007080078125,49200,0.0,0.0
2022-03-29 00:00:00-04:00,32.53155992240527,32.64177665710599,31.796799209144385,32.11825942993164,39900,0.0,0.0
2022-03-30 00:00:00-04:00,31.92538047922665,31.962119389163153,31.68658457186995,31.787614822387695,77700,0.0,0.0
2022-03-31 00:00:00-04:00,31.90702275531753,32.03560546963594,31.456979751586914,31.456979751586914,50400,0.0,0.0
2022-04-01 00:00:00-04:00,31.429424840500353,32.07233836149834,31.429424840500353,31.502899169921875,36300,0.0,0.0
2022-04-04 00:00:00-04:00,31.502894793447364,31.769246645781816,31.484525337739946,31.548816680908203,34100,0.0,0.0
2022-04-05 00:00:00-04:00,31.851905483909523,32.07233193159864,31.68658389633508,31.916196823120117,32000,0.0,0.0
2022-04-06 00:00:00-04:00,32.23765125043849,32.24683772888791,31.833533789038192,32.16417694091797,43400,0.0,0.0
2022-04-07 00:00:00-04:00,32.50123736621238,32.56605436894592,32.06603799532457,32.22344970703125,46600,0.284,0.0
2022-04-08 00:00:00-04:00,31.79750224553029,32.075289850996306,31.704907554461965,31.843799591064453,29800,0.0,0.0
2022-04-11 00:00:00-04:00,31.806762971368276,32.2882631763116,31.704910215548736,31.760465621948242,42300,0.0,0.0
2022-04-12 00:00:00-04:00,32.167892147351125,32.399382436593754,31.806764329032966,31.899362564086914,33200,0.0,0.0
2022-04-13 00:00:00-04:00,31.8530583891859,32.19566295483964,31.797499460055263,32.1864013671875,45000,0.0,0.0
2022-04-14 00:00:00-04:00,32.732723129408825,32.732723129408825,32.05677195735687,32.10306930541992,27500,0.0,0.0
2022-04-18 00:00:00-04:00,32.13085492057284,32.13085492057284,31.51045906871142,32.01047897338867,44800,0.0,0.0
2022-04-19 00:00:00-04:00,31.03821693695301,31.454900144326718,30.99191958774734,31.232667922973633,98400,0.0,0.0
2022-04-20 00:00:00-04:00,31.112285630071806,31.427112485487584,31.112285630071806,31.158586502075195,52600,0.0,0.0
2022-04-21 00:00:00-04:00,32.30677791651805,32.3530752589075,31.71416345650709,31.9363956451416,107700,0.0,0.0
2022-04-22 00:00:00-04:00,32.56604291713368,32.56604291713368,31.84379455078821,31.964170455932617,37100,0.0,0.0
2022-04-25 00:00:00-04:00,31.408599874486146,32.14011001586914,31.380822170874087,32.14011001586914,89300,0.0,0.0
2022-04-26 00:00:00-04:00,31.47341255057101,31.547487585808195,30.7233829498291,30.7233829498291,72200,0.0,0.0
2022-04-27 00:00:00-04:00,31.72342491362981,31.72342491362981,31.33452295714535,31.353042602539062,36500,0.0,0.0
2022-04-28 00:00:00-04:00,32.473453638414675,32.86235911496284,31.78824444164379,32.686424255371094,51200,0.0,0.0
2022-04-29 00:00:00-04:00,32.547525783327764,32.658640097977674,32.09380340576172,32.09380340576172,37000,0.0,0.0
2022-05-02 00:00:00-04:00,32.01973235693499,32.19566367137302,31.464153650046114,31.732683181762695,50300,0.0,0.0
2022-05-03 00:00:00-04:00,32.41788882889438,32.49196739472064,31.816016376727994,32.0012092590332,57300,0.0,0.0
2022-05-04 00:00:00-04:00,31.7419401440498,32.07528665024927,31.538231137575107,32.0660285949707,44100,0.0,0.0
2022-05-05 00:00:00-04:00,31.695643261756395,31.964172788109316,31.241924369067004,31.51045036315918,50500,0.0,0.0
2022-05-06 00:00:00-04:00,31.093774787068693,31.093774787068693,30.19559140841766,30.260408401489258,55300,0.0,0.0
2022-05-09 00:00:00-04:00,30.18632803771593,30.269664671354708,29.556676023522545,29.584455490112305,81400,0.0,0.0
2022-05-10 00:00:00-04:00,29.852983004331264,30.140028642243387,28.843683647138473,29.010356903076172,103400,0.0,0.0
2022-05-11 00:00:00-04:00,29.362225206554672,29.584457421520074,28.83442766980572,28.908504486083984,81700,0.0,0.0
2022-05-12 00:00:00-04:00,29.223331096509668,29.334447202850576,28.871466664336218,29.21407127380371,62900,0.0,0.0
2022-05-13 00:00:00-04:00,29.269626673681643,29.8900188248497,29.269626673681643,29.686309814453125,35900,0.0,0.0
2022-05-16 00:00:00-04:00,29.649274277457987,29.87150295913127,29.464081354556107,29.74186897277832,58200,0.0,0.0
2022-05-17 00:00:00-04:00,30.454856973038854,30.60301059295584,29.90853983729605,30.29744529724121,42800,0.0,0.0
2022-05-18 00:00:00-04:00,29.390002725905763,29.39926254809279,28.278850555419922,28.278850555419922,38400,0.0,0.0
2022-05-19 00:00:00-04:00,28.464042967815928,28.871466331528673,28.195515176960885,28.575159072875977,54000,0.0,0.0
2022-05-20 00:00:00-04:00,28.75108965392474,28.834426289013376,28.167734974434815,28.39922523498535,80900,0.0,0.0
2022-05-23 00:00:00-04:00,29.09369380058429,29.27888670137088,28.954800008059546,28.964059829711914,107400,0.0,0.0
2022-05-24 00:00:00-04:00,29.075174062213804,29.075174062213804,28.269589008526033,28.649232864379883,48500,0.0,0.0
2022-05-25 00:00:00-04:00,28.70479393005371,28.973323495206593,28.50108312506681,28.70479393005371,78500,0.0,0.0
2022-05-26 00:00:00-04:00,28.982579651750893,29.29740654453619,28.927022484238933,29.121475219726562,37400,0.0,0.0
2022-05-27 00:00:00-04:00,29.815942764282227,29.96409637234748,29.64926951367624,29.815942764282227,61600,0.0,0.0
2022-05-31 00:00:00-04:00,29.68631150259736,29.704831146824873,29.371482849121094,29.371482849121094,71700,0.0,0.0
2022-06-01 00:00:00-04:00,29.149253339320808,29.232589974851635,28.47330219879791,28.769609451293945,59800,0.0,0.0
2022-06-02 00:00:00-04:00,28.954800719069805,29.11221415876471,28.26958979514211,28.464040756225586,84300,0.0,0.0
2022-06-03 00:00:00-04:00,28.14921059751812,28.575153523713155,28.112173080444336,28.112173080444336,86800,0.0,0.0
2022-06-06 00:00:00-04:00,29.427044021159926,29.575197653993342,29.056658172945767,29.223331451416016,234500,0.0,0.0
2022-06-07 00:00:00-04:00,29.241850046819543,29.72334845316962,29.223330401847853,29.612234115600586,85800,0.0,0.0
2022-06-08 00:00:00-04:00,28.899241917589016,28.991838370671985,28.639973968313242,28.677011489868164,62900,0.0,0.0
2022-06-09 00:00:00-04:00,28.732569347993735,28.83442385306248,28.176992416381836,28.176992416381836,245800,0.0,0.0
2022-06-10 00:00:00-04:00,27.66771298343979,27.78808889847247,27.158435156816466,27.29732894897461,91600,0.0,0.0
2022-06-13 00:00:00-04:00,26.71397784077061,26.7880546574392,26.408410751246347,26.454708099365234,81700,0.0,0.0
2022-06-14 00:00:00-04:00,25.880610947727227,25.880610947727227,24.9361302932262,25.139841079711914,137500,0.0,0.0
2022-06-15 00:00:00-04:00,25.362072286219334,25.963948374311695,25.343554407703518,25.732458114624023,106100,0.0,0.0
2022-06-16 00:00:00-04:00,25.66763717861233,25.973204224805443,25.306512969328757,25.51948356628418,109600,0.0,0.0
2022-06-17 00:00:00-04:00,25.352810212706594,25.371329855708492,25.065762810698654,25.20465660095215,73500,0.0,0.0
2022-06-21 00:00:00-04:00,25.40837263244201,25.612083435058594,25.27873687974909,25.612083435058594,93400,0.0,0.0
2022-06-22 00:00:00-04:00,25.510225019048107,26.426927969549453,25.510225019048107,26.075061798095703,85100,0.0,0.0
2022-06-23 00:00:00-04:00,26.47322728629381,26.79731401590157,26.195439670133208,26.649160385131836,66900,0.0,0.0
2022-06-24 00:00:00-04:00,27.352890262143617,27.88068777801258,27.315850972404476,27.519561767578125,60100,0.0,0.0
2022-06-27 00:00:00-04:00,28.149213077802838,28.149213077802838,27.602895965318098,27.65845489501953,111900,0.0,0.0
2022-06-28 00:00:00-04:00,27.473263231545427,27.54734004168457,27.15843634692145,27.278810501098633,103200,0.0,0.0
2022-06-29 00:00:00-04:00,27.10287892622224,27.139916447878615,26.86212885399922,27.112138748168945,109300,0.0,0.0
2022-06-30 00:00:00-04:00,26.68619572785654,27.09361906222707,26.584339452731292,26.95472526550293,73500,0.0,0.0
2022-07-01 00:00:00-04:00,26.6584186297526,27.186216128892656,26.6584186297526,27.130657196044922,94700,0.0,0.0
2022-07-05 00:00:00-04:00,26.78805173615996,27.260292053222656,26.78805173615996,27.260292053222656,83500,0.0,0.0
2022-07-06 00:00:00-04:00,27.649197063491478,27.862167677618007,27.408446982514768,27.714014053344727,76600,0.0,0.0
2022-07-07 00:00:00-04:00,27.99180101930748,28.05661800768335,27.81586969832453,28.01032066345215,55900,0.0,0.0
2022-07-08 00:00:00-04:00,27.871425233565212,28.093655651904697,27.788088605921608,27.964021682739258,81200,0.0,0.0
2022-07-11 00:00:00-04:00,28.05661836369329,28.102917474642453,27.88068704047795,28.019580841064453,102500,0.0,0.0
2022-07-12 00:00:00-04:00,27.936243012819492,27.9825403556583,27.63993577993812,27.77882957458496,179600,0.0,0.0
2022-07-13 00:00:00-04:00,27.05658175044734,27.528822106701615,27.05658175044734,27.269554138183594,189300,0.0,0.0
2022-07-14 00:00:00-04:00,27.26029293989248,27.288070640185857,26.88990888489336,27.130657196044922,46500,0.0,0.0
2022-07-15 00:00:00-04:00,28.176995000396914,28.343668271778554,27.954764560598242,28.038101196289062,106400,0.0,0.0
2022-07-18 00:00:00-04:00,28.408485512087662,28.62145613133193,28.1955148928434,28.20477294921875,52000,0.0,0.0
2022-07-19 00:00:00-04:00,28.69553367177637,28.741832785478145,28.528860394711185,28.639976501464844,70400,0.0,0.0
2022-07-20 00:00:00-04:00,28.22329183601408,28.417744571153126,28.22329183601408,28.288108825683594,28500,0.0,0.0
2022-07-21 00:00:00-04:00,28.31588933848958,28.575159072875977,28.241812523826404,28.575159072875977,375300,0.0,0.0
2022-07-22 00:00:00-04:00,28.825165339012305,28.871464448989506,28.41774376799571,28.47330093383789,24100,0.0,0.0
2022-07-25 00:00:00-04:00,28.38996488940326,28.47330152295601,28.241811266671814,28.278850555419922,269800,0.0,0.0
2022-07-26 00:00:00-04:00,28.0936572559323,28.2510706986767,27.78809019250264,27.852907180786133,43900,0.0,0.0
2022-07-27 00:00:00-04:00,28.167736514379374,28.51960095255537,27.964025709764915,28.38996696472168,43400,0.0,0.0
2022-07-28 00:00:00-04:00,29.48259599960559,30.00113538933048,29.362220090296834,29.862239837646484,82400,0.0,0.0
2022-07-29 00:00:00-04:00,30.528938561278686,30.556716263922283,30.25114740579765,30.43634033203125,70300,0.0,0.0
2022-08-01 00:00:00-04:00,30.519675118095982,30.649309098905615,30.14003123189875,30.380783081054688,56200,0.0,0.0
2022-08-02 00:00:00-04:00,30.473380668299505,30.556717311348184,30.269668089233537,30.30670738220215,34900,0.0,0.0
2022-08-03 00:00:00-04:00,30.58448740190117,30.7233829498291,30.38077840580352,30.7233829498291,28800,0.0,0.0
2022-08-04 00:00:00-04:00,30.84376184361572,31.010435104370117,30.84376184361572,31.010435104370117,14700,0.0,0.0
2022-08-05 00:00:00-04:00,30.216204255109556,30.485906045795485,30.206902113659453,30.41150665283203,50800,0.146,0.0
2022-08-08 00:00:00-04:00,30.923013642647106,30.923013642647106,30.430106590533317,30.578908920288086,60200,0.0,0.0
2022-08-09 00:00:00-04:00,30.346403641165217,30.383601561071263,30.095299056231504,30.197601318359375,26800,0.0,0.0
2022-08-10 00:00:00-04:00,30.9602148999332,31.27642029196193,30.9602148999332,31.062517166137695,37500,0.0,0.0
2022-08-11 00:00:00-04:00,30.541705480607252,30.718407127126834,30.225500106811523,30.225500106811523,35200,0.0,0.0
2022-08-12 00:00:00-04:00,30.00229322607766,30.28130066550298,29.94649457637417,30.206897735595703,67600,0.0,0.0
2022-08-15 00:00:00-04:00,30.467301732843424,30.51380533917807,30.188297833470855,30.281301498413086,50200,0.0,0.0
2022-08-16 00:00:00-04:00,30.29060038500362,30.43010410990727,30.26270105911373,30.37430191040039,43200,0.0,0.0
2022-08-17 00:00:00-04:00,30.07669832241487,30.272000705898687,30.07669832241487,30.197601318359375,25100,0.0,0.0
2022-08-18 00:00:00-04:00,30.20689959927415,30.20689959927415,29.862794896540144,29.98369789123535,53800,0.0,0.0
2022-08-19 00:00:00-04:00,29.779093463236403,29.80699278989766,29.583789307289642,29.73259162902832,71300,0.0,0.0
2022-08-22 00:00:00-04:00,29.490789560292423,29.797696366824326,29.490789560292423,29.602392196655273,52000,0.0,0.0
2022-08-23 00:00:00-04:00,29.360587640115895,29.49078923622201,29.13738414370668,29.15598487854004,23200,0.0,0.0
2022-08-24 00:00:00-04:00,29.211785459002744,29.39778926056295,29.146684660615787,29.258285522460938,28400,0.0,0.0
2022-08-25 00:00:00-04:00,29.86279706621328,30.067401603220315,29.75119443022183,29.965099334716797,49400,0.0,0.0
2022-08-26 00:00:00-04:00,29.648888547528106,29.648888547528106,28.886276245117188,28.886276245117188,33300,0.0,0.0
2022-08-29 00:00:00-04:00,29.369887923426628,29.369887923426628,28.28176977288291,28.458473205566406,61300,0.0,0.0
2022-08-30 00:00:00-04:00,29.118782773647144,29.155984242502317,28.411970830171878,28.486371994018555,49200,0.0,0.0
2022-08-31 00:00:00-04:00,28.37476984226597,28.37476984226597,28.021362999699708,28.09576416015625,29800,0.0,0.0
2022-09-01 00:00:00-04:00,27.593560358671557,27.742362698934162,27.379657216277035,27.640060424804688,57100,0.0,0.0
2022-09-02 00:00:00-04:00,27.640056993396726,28.086465732628422,27.49125467160736,27.50055503845215,46000,0.0,0.0
2022-09-06 00:00:00-04:00,28.421271707982516,28.542174710070217,27.99346545164437,28.225969314575195,75600,0.0,0.0
2022-09-07 00:00:00-04:00,28.179467414767355,28.811878204345703,28.179467414767355,28.811878204345703,66900,0.0,0.0
2022-09-08 00:00:00-04:00,28.625873556341215,29.23038318846057,28.625873556341215,29.211782455444336,57800,0.0,0.0
2022-09-09 00:00:00-04:00,29.500091429450915,29.8720972798237,29.453591363353247,29.74189567565918,37700,0.0,0.0
2022-09-12 00:00:00-04:00,30.272000686581848,30.365004355605667,30.030198242574354,30.076698303222656,52000,0.0,0.0
2022-09-13 00:00:00-04:00,29.462887844158754,29.593089431145124,29.090882042866564,29.165283203125,90500,0.0,0.0
2022-09-14 00:00:00-04:00,28.830480711559833,28.97928305074265,28.746779174036522,28.82118034362793,34800,0.0,0.0
2022-09-15 00:00:00-04:00,28.15156853018936,28.281770127555436,27.770262331734088,27.965564727783203,55800,0.0,0.0
2022-09-16 00:00:00-04:00,27.53775545367145,27.863259411484115,27.444753562640607,27.68655776977539,45500,0.0,0.0
2022-09-19 00:00:00-04:00,27.602857628416746,27.919063009448596,27.574956527550306,27.83536148071289,63500,0.0,0.0
2022-09-20 00:00:00-04:00,27.156449574951388,27.23085073376508,26.896044632171687,27.082048416137695,53900,0.0,0.0
2022-09-21 00:00:00-04:00,26.877444255730694,27.323851214537747,26.821643829345703,26.821643829345703,55000,0.0,0.0
2022-09-22 00:00:00-04:00,26.793742615294512,26.793742615294512,26.189232972747384,26.235733032226562,84400,0.0,0.0
2022-09-23 00:00:00-04:00,25.705623350218566,25.705623350218566,25.01741221361718,25.138315200805664,66400,0.0,0.0
2022-09-26 00:00:00-04:00,24.645408495291885,24.924412410221436,24.357104213349533,24.654708862304688,133100,0.0,0.0
2022-09-27 00:00:00-04:00,24.273400063640107,24.375700542009728,23.79909204037334,23.873493194580078,159900,0.0,0.0
2022-09-28 00:00:00-04:00,23.120184849598367,23.910696569673433,23.110884482156298,23.882797241210938,117700,0.0,0.0
2022-09-29 00:00:00-04:00,23.966498960013325,24.468706388730087,23.892097793764037,24.338504791259766,232100,0.0,0.0
2022-09-30 00:00:00-04:00,24.394303063966863,24.850010388653754,24.34780300437448,24.468704223632812,190700,0.0,0.0
2022-10-03 00:00:00-04:00,24.710508659440908,24.989514341108617,24.636107499102238,24.92441177368164,220500,0.0,0.0
2022-10-04 00:00:00-04:00,26.012531473360117,26.468238830566406,26.012531473360117,26.468238830566406,259200,0.0,0.0
2022-10-05 00:00:00-04:00,25.88232967010285,26.09623279595455,25.538223176193153,25.900930404663086,92600,0.0,0.0
2022-10-06 00:00:00-04:00,25.649825733174758,25.761428366339587,25.110416849582712,25.315019607543945,131500,0.0,0.0
2022-10-07 00:00:00-04:00,24.859312127835064,24.86861249503973,24.264102817645778,24.3850040435791,59800,0.0,0.0
2022-10-10 00:00:00-04:00,24.180401766758663,24.180401766758663,23.743295142642808,23.89209747314453,130900,0.0,0.0
2022-10-11 00:00:00-04:00,24.505907237534995,24.784911160430838,23.789794921875,23.789794921875,596500,0.0,0.0
2022-10-12 00:00:00-04:00,24.189698456163722,25.212715653213614,24.161797358238054,25.063913345336914,5824800,0.0,0.0
2022-10-13 00:00:00-04:00,24.775609187449167,25.752126402024054,24.561706075501135,25.649824142456055,2507700,0.0,0.0
2022-10-14 00:00:00-04:00,26.403135329110707,26.524038318479107,25.510321440837224,25.9288272857666,8801700,0.0,0.0
2022-10-17 00:00:00-04:00,26.431038172997564,26.73794318908293,26.347336643713955,26.412437438964844,10154400,0.0,0.0
2022-10-18 00:00:00-04:00,27.03554847236219,27.175050433152823,26.719343081842798,26.96114730834961,11853100,0.0,0.0
2022-10-19 00:00:00-04:00,26.64494056882499,26.803043256080112,26.02183018656816,26.2264347076416,1843100,0.0,0.0
2022-10-20 00:00:00-04:00,26.598440259359517,26.691442152260155,26.170632261562,26.35663604736328,3306100,0.0,0.0
2022-10-21 00:00:00-04:00,25.501024456699316,26.35663876670876,25.473123353791358,26.310138702392578,2484100,0.0,0.0
2022-10-24 00:00:00-04:00,26.951849244104046,27.11925232090258,26.68214566671161,26.70074462890625,1166000,0.0,0.0
2022-10-25 00:00:00-04:00,27.34245601742455,27.87256458163873,27.34245601742455,27.74236297607422,2028600,0.0,0.0
2022-10-26 00:00:00-04:00,28.374769635579074,29.500087401020192,28.346868535412263,29.174583435058594,3434000,0.0,0.0
2022-10-27 00:00:00-04:00,28.98857890516146,29.155981954143478,28.7281739652046,28.867677688598633,990300,0.0,0.0
2022-10-28 00:00:00-04:00,28.923480852118026,29.28618631001105,28.765378154650655,28.932781219482422,3858500,0.0,0.0
2022-10-31 00:00:00-04:00,28.82117733755704,29.137382718806016,28.616574585986843,28.774677276611328,2414300,0.0,0.0
2022-11-01 00:00:00-04:00,28.839775936316673,28.84907630258998,27.612155970055564,27.84465980529785,2090700,0.0,0.0
2022-11-02 00:00:00-04:00,27.95626528408582,28.26317032649299,27.41685636791977,27.556358337402344,4266400,0.0,0.0
2022-11-03 00:00:00-04:00,26.654242686762778,27.333153540342206,26.63564195201339,26.933246612548828,2986800,0.0,0.0
2022-11-04 00:00:00-04:00,27.519153565256836,27.57495398798706,27.137847424517297,27.398250579833984,818800,0.0,0.0
2022-11-07 00:00:00-05:00,28.151566765162663,28.318969822059742,27.881861445969896,28.077165603637695,2915400,0.0,0.0
2022-11-08 00:00:00-05:00,28.66307667212762,29.20248557698256,28.328270533299122,28.64447593688965,1086800,0.0,0.0
2022-11-09 00:00:00-05:00,28.328269985103212,28.728176915662047,28.27246955433287,28.560773849487305,470300,0.0,0.0
2022-11-10 00:00:00-05:00,30.01159674917245,30.551003824949266,29.93719381583654,30.355701446533203,730500,0.0,0.0
2022-11-11 00:00:00-05:00,29.686094419858886,29.899999330033197,29.425689444874035,29.676794052124023,620800,0.0,0.0
2022-11-14 00:00:00-05:00,29.24898673847818,29.3140875364414,28.80257797241211,28.80257797241211,378600,0.0,0.0
2022-11-15 00:00:00-05:00,29.59308861295948,29.59308861295948,28.951377514807653,29.211782455444336,487500,0.0,0.0
2022-11-16 00:00:00-05:00,29.58378999668769,29.80699348449707,29.379187242995,29.80699348449707,494900,0.0,0.0
2022-11-17 00:00:00-05:00,29.072279437559104,29.351283327099086,28.895576028123266,29.27688217163086,547400,0.0,0.0
2022-11-18 00:00:00-05:00,29.416387454729367,29.73259284481987,29.416387454729367,29.658191680908203,837900,0.0,0.0
2022-11-21 00:00:00-05:00,29.769792033414465,30.104598152253242,29.68609227756841,29.92789649963379,329900,0.0,0.0
2022-11-22 00:00:00-05:00,30.058098634345992,30.16969949340126,29.63959275209322,29.890695571899414,252400,0.0,0.0
2022-11-23 00:00:00-05:00,29.983695478824732,30.31849801394558,29.92789328244114,30.12319564819336,222500,0.0,0.0
2022-11-25 00:00:00-05:00,30.551002529895904,30.73700630762387,30.46730100730467,30.671905517578125,221000,0.0,0.0
2022-11-28 00:00:00-05:00,30.671907944157283,30.89511320463491,30.37430329533862,30.532407760620117,264900,0.0,0.0
2022-11-29 00:00:00-05:00,30.095300086295925,30.132501555202477,29.62099200091942,29.779094696044922,226200,0.0,0.0
2022-11-30 00:00:00-05:00,30.104600144535702,30.792813161885686,29.899999151048554,30.737010955810547,635200,0.0,0.0
2022-12-01 00:00:00-05:00,31.034614039047053,31.202017100984328,30.86721097710978,31.18341636657715,435300,0.0,0.0
2022-12-02 00:00:00-05:00,30.802111796378476,31.220619473175912,30.699809525636045,31.20201873779297,315300,0.0,0.0
2022-12-05 00:00:00-05:00,30.541703641624107,30.820707531649806,30.467300712162885,30.569602966308594,345100,0.0,0.0
2022-12-06 00:00:00-05:00,30.504503199904104,30.671906249079004,30.048797658715703,30.27199935913086,738800,0.0,0.0
2022-12-07 00:00:00-05:00,30.551005202159015,30.653307466244012,30.35570281493891,30.383602142333984,1446700,0.0,0.0
2022-12-08 00:00:00-05:00,30.262703767375893,30.365006035096833,30.12320002998781,30.327804565429688,208200,0.0,0.0
2022-12-09 00:00:00-05:00,30.495207633214335,30.6347078228842,30.234800893254576,30.31850242614746,193400,0.0,0.0
2022-12-12 00:00:00-05:00,30.476605813196386,30.513807281541343,30.234799816681434,30.383602142333984,348000,0.0,0.0
2022-12-13 00:00:00-05:00,30.86720701540455,31.08111011204234,30.411501497962657,30.495203018188477,351000,0.0,0.0
2022-12-14 00:00:00-05:00,30.72770741755022,30.895110461111027,30.290599076282895,30.569602966308594,210700,0.0,0.0
2022-12-15 00:00:00-05:00,30.56960535301889,30.58820608683644,30.03949685626396,30.18829917907715,288200,0.0,0.0
2022-12-16 00:00:00-05:00,29.14668521101437,29.35128797750329,29.062983676118048,29.34198760986328,349000,0.0,0.0
2022-12-19 00:00:00-05:00,29.10018265888039,29.26758394049801,28.783977281607772,29.025779724121094,214200,0.0,0.0
2022-12-20 00:00:00-05:00,28.904880646114847,29.00718291513083,28.718876843151918,28.783979415893555,1060600,0.0,0.0
2022-12-21 00:00:00-05:00,28.793275206506195,29.15598240958757,28.74677514722416,29.072280883789062,222700,0.0,0.0
2022-12-22 00:00:00-05:00,28.728177741641254,28.839780380254396,28.458474173610444,28.635177612304688,363300,0.0,0.0
2022-12-23 00:00:00-05:00,28.579373099691324,28.839778052864627,28.365469981297334,28.65377426147461,226500,0.0,0.0
2022-12-27 00:00:00-05:00,28.62587697551542,28.84908047677984,28.356171636156077,28.64447593688965,195500,0.0,0.0
2022-12-28 00:00:00-05:00,29.07228202225361,29.221084346419453,28.523572786693205,28.532873153686523,313600,0.0,0.0
2022-12-29 00:00:00-05:00,28.82117708826382,29.072281672471384,28.765376660838896,28.904878616333008,326500,0.0,0.0
2022-12-30 00:00:00-05:00,28.616574567514775,28.700276096253923,28.402671449120785,28.65377426147461,247600,0.0,0.0
2023-01-03 00:00:00-05:00,29.025779724121094,29.30478540787766,28.756076181073038,29.025779724121094,781800,0.0,0.0
2023-01-04 00:00:00-05:00,29.537289629464304,29.72329164711465,29.37918693883652,29.593090057373047,347600,0.0,0.0
2023-01-05 00:00:00-05:00,29.06298096991288,29.109481029919305,28.514271747291836,28.570072174072266,505500,0.0,0.0
2023-01-06 00:00:00-05:00,27.621459182751035,28.216668494671953,27.286653057863685,27.900463104248047,734300,0.0,0.0
2023-01-09 00:00:00-05:00,28.607276218017674,28.867681189555405,28.384072716926934,28.411972045898438,632400,0.0,0.0
2023-01-10 00:00:00-05:00,28.728175441801998,28.830477704518906,28.653774279970687,28.774677276611328,438400,0.0,0.0
2023-01-11 00:00:00-05:00,29.137381856898994,29.332686009593694,28.9606784375778,29.29548454284668,333400,0.0,0.0
2023-01-12 00:00:00-05:00,29.509387790831493,29.546589257749684,29.12808162423793,29.286184310913086,334500,0.0,0.0
2023-01-13 00:00:00-05:00,29.388488542775427,29.788393695794518,29.37918817542191,29.75119400024414,226400,0.0,0.0
2023-01-17 00:00:00-05:00,29.741890572279523,29.82559209598412,29.453586309443416,29.472187042236328,153500,0.0,0.0
2023-01-18 00:00:00-05:00,30.039499079201736,30.058099814395753,29.351287841796875,29.351287841796875,205300,0.0,0.0
2023-01-19 00:00:00-05:00,29.183883344661645,29.202484078945428,28.783978200742183,28.858379364013672,275600,0.0,0.0
2023-01-20 00:00:00-05:00,28.79327631256561,29.29548548664841,28.783977719442856,29.23968505859375,196600,0.0,0.0
2023-01-23 00:00:00-05:00,28.997879480979886,29.36058490715026,28.951377648225005,29.202482223510742,523400,0.0,0.0
2023-01-24 00:00:00-05:00,29.323388648447015,29.434989512399607,29.193185275350658,29.34198760986328,99500,0.0,0.0
2023-01-25 00:00:00-05:00,28.79327424824422,29.10947960765645,28.709574499094863,29.0164794921875,514400,0.0,0.0
2023-01-26 00:00:00-05:00,29.239684228250916,29.332686121610045,28.988579648340334,29.174583435058594,220700,0.0,0.0
2023-01-27 00:00:00-05:00,28.64447302092332,29.118781078025233,28.616573694770224,29.06298065185547,174700,0.0,0.0
2023-01-30 00:00:00-05:00,28.532874533263524,28.821178828541527,28.51427379837753,28.681676864624023,328100,0.0,0.0
2023-01-31 00:00:00-05:00,28.086466277795832,28.32826872499932,28.067865543745217,28.29106903076172,591700,0.0,0.0
2023-02-01 00:00:00-05:00,28.31896921031585,28.63517458343222,27.93766304400438,28.467771530151367,265400,0.0,0.0
2023-02-02 00:00:00-05:00,28.718875630748933,29.03508101811867,28.504972508076364,28.858379364013672,225700,0.0,0.0
2023-02-03 00:00:00-05:00,28.17946747767081,28.625876242634412,28.030665147304177,28.225969314575195,250200,0.0,0.0
2023-02-06 00:00:00-05:00,28.272467445779707,28.32826787238847,28.00276390561771,28.105064392089844,202700,0.0,0.0
2023-02-07 00:00:00-05:00,27.61215613074859,27.96556118187362,27.416851985599454,27.94696044921875,334500,0.0,0.0
2023-02-08 00:00:00-05:00,28.235268293611202,28.34686914896685,28.002764442112728,28.077165603637695,327600,0.0,0.0
2023-02-09 00:00:00-05:00,28.607274141143943,28.663074568899606,28.160867171371386,28.309669494628906,279400,0.0,0.0
2023-02-10 00:00:00-05:00,28.06786481148221,28.170167072228,27.807459863158186,27.984163284301758,262800,0.0,0.0
2023-02-13 00:00:00-05:00,28.142267244316496,28.356170368398676,28.132966877113315,28.253868103027344,170400,0.0,0.0
2023-02-14 00:00:00-05:00,28.263168199780345,28.551474258729176,28.132966607909037,28.27246856689453,203600,0.0,0.0
2023-02-15 00:00:00-05:00,28.086465319559235,28.24456800586816,27.984163059634763,28.235267639160156,176500,0.0,0.0
2023-02-16 00:00:00-05:00,28.23526715073822,28.672373735271783,28.142265259130525,28.495670318603516,191000,0.0,0.0
2023-02-17 00:00:00-05:00,28.41196973378588,28.74677584510797,28.402671140794578,28.439870834350586,422500,0.0,0.0
2023-02-21 00:00:00-05:00,28.89558051852691,28.951380950333657,28.393373084538684,28.411972045898438,618400,0.0,0.0
2023-02-22 00:00:00-05:00,28.969979410639354,29.202483261084073,28.802576354500978,28.904878616333008,501200,0.0,0.0
2023-02-23 00:00:00-05:00,28.87697718216,28.969979076036438,28.4305702201894,28.570072174072266,252700,0.0,0.0
2023-02-24 00:00:00-05:00,28.746779563377785,28.79327962980328,28.28177180366755,28.449174880981445,448900,0.0,0.0
2023-02-27 00:00:00-05:00,28.960679467598812,29.06298173092804,28.849078611115683,28.997880935668945,237500,0.0,0.0
2023-02-28 00:00:00-05:00,28.709575201460275,28.867677885034293,28.486369952056393,28.495670318603516,188100,0.0,0.0
2023-03-01 00:00:00-05:00,28.625877099489713,28.625877099489713,28.365472126621583,28.523574829101562,223300,0.0,0.0
2023-03-02 00:00:00-05:00,28.421272413510184,28.56077437995893,28.170169583447944,28.411972045898438,518100,0.0,0.0
2023-03-03 00:00:00-05:00,28.765378680824515,28.830479479702422,28.55147554912176,28.783979415893555,336500,0.0,0.0
2023-03-06 00:00:00-05:00,28.421270943871395,28.709577003336324,28.374770882080874,28.62587547302246,293600,0.0,0.0
2023-03-07 00:00:00-05:00,28.979279145686878,29.100182138645707,28.346868402447484,28.47707176208496,284200,0.0,0.0
2023-03-08 00:00:00-05:00,28.756075601468183,28.94207938689015,28.57937218270367,28.830476760864258,167200,0.0,0.0
2023-03-09 00:00:00-05:00,29.23968355496869,29.509387088249955,29.090881238565878,29.211782455444336,216900,0.0,0.0
2023-03-10 00:00:00-05:00,29.444289521094092,29.444289521094092,28.523574422322454,28.551475524902344,307000,0.0,0.0
2023-03-13 00:00:00-04:00,28.67237468413235,28.70957615155196,28.421270100640783,28.439870834350586,320000,0.0,0.0
2023-03-14 00:00:00-04:00,28.867680408506402,28.93278120616352,28.700277343751697,28.811878204345703,305600,0.0,0.0
2023-03-15 00:00:00-04:00,28.449172689254585,28.588674651647647,27.984164965368585,28.34687042236328,265100,0.0,0.0
2023-03-16 00:00:00-04:00,30.76491359583301,31.592626800406475,30.72771212540269,31.099716186523438,988800,0.0,0.0
2023-03-17 00:00:00-04:00,30.97881640761051,31.09971586366271,30.653308866315676,30.66261100769043,338800,0.0,0.0
2023-03-20 00:00:00-04:00,30.876510645154514,31.12761521794846,30.76490979537733,30.997413635253906,283900,0.0,0.0
2023-03-21 00:00:00-04:00,31.87162342091854,31.992526398214746,31.6577203366109,31.787921905517578,212400,0.0,0.0
2023-03-22 00:00:00-04:00,31.74143082360073,32.0111326292547,31.55542700927795,31.58332633972168,161000,0.0,0.0
2023-03-23 00:00:00-04:00,31.964627928768355,32.30873617708561,31.70422475510311,31.86232566833496,197000,0.0,0.0
2023-03-24 00:00:00-04:00,32.14132988231095,32.20643066916292,31.918124650442206,32.076229095458984,581800,0.0,0.0
2023-03-27 00:00:00-04:00,32.71794782255673,32.83885083923025,32.522645405588015,32.67144775390625,699600,0.0,0.0
2023-03-28 00:00:00-04:00,32.55984251365996,32.59704398673662,32.31804003411713,32.485443115234375,284600,0.0,0.0
2023-03-29 00:00:00-04:00,32.66214316378619,32.77374757745692,32.624945240290174,32.699344635009766,281200,0.0,0.0
2023-03-30 00:00:00-04:00,33.192249583922155,33.42475344257377,33.15505166281067,33.294551849365234,245600,0.0,0.0
2023-03-31 00:00:00-04:00,34.02926362215233,34.19666667794219,33.89906203381071,33.95486068725586,271300,0.0,0.0
2023-04-03 00:00:00-04:00,33.81536106175433,34.11296571077767,33.70376020530239,34.0385627746582,291700,0.0,0.0
2023-04-04 00:00:00-04:00,34.475668378100075,34.64307142315766,33.97345924292735,33.98276138305664,872600,0.0,0.0
2023-04-05 00:00:00-04:00,34.41057256009764,34.48497550097461,33.936266229053146,34.029266357421875,741400,0.0,0.0
2023-04-06 00:00:00-04:00,34.49426761422941,34.55936840140243,34.14086080691384,34.540767669677734,512100,0.0,0.0
2023-04-10 00:00:00-04:00,34.29407519475033,34.39725457767305,33.89072557096621,34.27531433105469,209500,0.317,0.0
2023-04-11 00:00:00-04:00,34.48167649356551,34.61300253874335,34.397254396514185,34.45353698730469,177900,0.0,0.0
2023-04-12 00:00:00-04:00,34.80060407768479,35.09139209652971,34.781846792324735,34.950687408447266,228800,0.0,0.0
2023-04-13 00:00:00-04:00,35.19457149000188,35.26961135864258,35.03510595445408,35.26961135864258,752900,0.0,0.0
2023-04-14 00:00:00-04:00,34.7630845305681,34.91316785529441,34.45353566054393,34.566097259521484,145600,0.0,0.0
2023-04-17 00:00:00-04:00,34.81936379301271,34.894407245053536,34.67866268783928,34.88502502441406,118900,0.0,0.0
2023-04-18 00:00:00-04:00,34.97882151141844,35.05386136839706,34.809977360381616,34.903778076171875,237400,0.0,0.0
2023-04-19 00:00:00-04:00,35.07262855051446,35.15705064125348,34.838123140491476,34.85688400268555,351400,0.0,0.0
2023-04-20 00:00:00-04:00,35.22271144168244,35.654200532095714,35.18518971775036,35.56977844238281,332200,0.0,0.0
2023-04-21 00:00:00-04:00,36.21701565627127,36.31081638783292,34.70680026155626,35.56977844238281,409700,0.0,0.0
2023-04-24 00:00:00-04:00,35.81366577922134,35.916848730063464,35.58853901572321,35.785526275634766,646500,0.0,0.0
2023-04-25 00:00:00-04:00,35.63544144155048,35.63544144155048,35.19457015337371,35.22270965576172,198600,0.0,0.0
2023-04-26 00:00:00-04:00,35.58854385892446,35.63544780897654,35.25085903512491,35.33527755737305,347700,0.0,0.0
2023-04-27 00:00:00-04:00,35.60730354705272,36.30144119262695,35.569781819558145,36.30144119262695,745300,0.0,0.0
2023-04-28 00:00:00-04:00,36.6578881096467,37.37078299523866,36.63912724709577,37.18317794799805,328300,0.0,0.0
2023-05-01 00:00:00-04:00,37.05185717688243,37.27698395948405,36.939295574716034,37.03309631347656,130200,0.0,0.0
2023-05-02 00:00:00-04:00,36.73292762353899,37.33326090624249,36.68602725675315,37.220699310302734,294700,0.0,0.0
2023-05-03 00:00:00-04:00,37.83041989055461,37.93359928002375,37.57715358199777,37.624053955078125,255700,0.0,0.0
2023-05-04 00:00:00-04:00,37.220698350945355,37.417682033329854,37.117515399714854,37.295738220214844,387300,0.0,0.0
2023-05-05 00:00:00-04:00,37.314500473351,37.41768342842863,37.16441715094773,37.36140441894531,996000,0.0,0.0
2023-05-08 00:00:00-04:00,37.40830763828837,37.49272973721837,37.23946344042838,37.27698516845703,95400,0.0,0.0
2023-05-09 00:00:00-04:00,37.24884381389709,37.72723692281637,37.24884381389709,37.624053955078125,714200,0.0,0.0
2023-05-10 00:00:00-04:00,37.56777062217071,37.905459026943866,37.520870250012,37.858558654785156,440400,0.0,0.0
2023-05-11 00:00:00-04:00,37.6615733831135,37.867935727708776,37.53962955794205,37.652191162109375,564300,0.0,0.0
2023-05-12 00:00:00-04:00,37.736613259802084,37.78351363001606,37.54900820067729,37.652191162109375,544600,0.0,0.0
2023-05-15 00:00:00-04:00,37.839799342288785,38.074304790969734,37.7366163723461,38.06492614746094,398900,0.0,0.0
2023-05-16 00:00:00-04:00,38.14933891148658,38.17748199430039,37.914833498227075,38.055538177490234,340100,0.0,0.0
2023-05-17 00:00:00-04:00,38.13995972509086,38.158720587276115,37.83979308666393,38.111820220947266,157600,0.0,0.0
2023-05-18 00:00:00-04:00,37.792898335617124,37.821037843941696,37.5583928908614,37.76475524902344,233900,0.0,0.0
2023-05-19 00:00:00-04:00,37.24883961450528,37.75537217451305,37.239460972254186,37.48334503173828,955900,0.0,0.0
2023-05-22 00:00:00-04:00,37.408304796776065,37.54900589879253,37.389543934186804,37.52086639404297,360700,0.0,0.0
2023-05-23 00:00:00-04:00,37.361404883514815,37.361404883514815,36.770450228711155,36.8079719543457,176900,0.0,0.0
2023-05-24 00:00:00-04:00,36.57346876955755,36.63913000429265,36.39524235104603,36.60160827636719,400300,0.0,0.0
2023-05-25 00:00:00-04:00,36.50780220188016,36.61098515958145,36.31081850714245,36.41400146484375,151100,0.0,0.0
2023-05-26 00:00:00-04:00,36.59222171762713,36.892391927179936,36.507799628936645,36.81734848022461,162500,0.0,0.0
2023-05-30 00:00:00-04:00,37.07999107697265,37.12689501753063,36.807967544385065,36.84548568725586,149300,0.0,0.0
2023-05-31 00:00:00-04:00,37.36140150408787,37.38954100663415,36.99557007964441,37.26759719848633,140800,0.0,0.0
2023-06-01 00:00:00-04:00,37.29574190759916,37.708473753327475,37.230080673645816,37.652191162109375,98000,0.0,0.0
2023-06-02 00:00:00-04:00,38.036778830352155,38.13996178881993,37.924217229418566,38.08367919921875,158700,0.0,0.0
2023-06-05 00:00:00-04:00,37.745994572425005,37.98987863862979,37.63342939269776,37.90545654296875,133100,0.0,0.0
2023-06-06 00:00:00-04:00,38.158721932133936,38.4026059926005,38.14933971157635,38.31818389892578,190700,0.0,0.0
2023-06-07 00:00:00-04:00,38.43075096148659,38.57145207233503,38.13996294050295,38.14934158325195,117000,0.0,0.0
2023-06-08 00:00:00-04:00,38.168104191425435,38.39323098864839,38.064924803395165,38.33694839477539,79400,0.0,0.0
2023-06-09 00:00:00-04:00,38.0649188791707,38.15871960942467,37.84917075870329,38.02739715576172,146400,0.0,0.0
2023-06-12 00:00:00-04:00,38.243146322366414,38.27128582919157,38.04616261805249,38.130584716796875,170100,0.0,0.0
2023-06-13 00:00:00-04:00,38.093063909438364,38.12120341694356,37.84917625016329,37.8773193359375,106800,0.0,0.0
2023-06-14 00:00:00-04:00,38.149339877392705,38.21500468677508,37.933595321123754,37.980499267578125,210200,0.0,0.0
2023-06-15 00:00:00-04:00,38.07430001154903,38.21500469440278,37.952356191627025,38.13996124267578,448900,0.0,0.0
2023-06-16 00:00:00-04:00,38.655874594967344,38.71215718688658,38.06492348202557,38.130584716796875,839900,0.0,0.0
2023-06-20 00:00:00-04:00,38.036776142443344,38.07429786619262,37.792892094610096,37.830413818359375,393600,0.0,0.0
2023-06-21 00:00:00-04:00,37.25821837722822,37.47396291166788,37.2300752965494,37.28635787963867,160400,0.0,0.0
2023-06-22 00:00:00-04:00,36.648501336697834,37.07999038696289,36.620361835501306,37.07999038696289,241100,0.0,0.0
2023-06-23 00:00:00-04:00,36.8454912541384,37.070618036718336,36.79859088476265,36.873634338378906,126200,0.0,0.0
2023-06-26 00:00:00-04:00,36.9299100723891,36.99557129934076,36.80796983848944,36.81734848022461,79000,0.0,0.0
2023-06-27 00:00:00-04:00,37.12690389128383,37.26760501178211,37.07062129612304,37.248844146728516,209500,0.0,0.0
2023-06-28 00:00:00-04:00,37.286364177514294,37.41768664863533,37.173802570591825,37.239463806152344,175800,0.0,0.0
2023-06-29 00:00:00-04:00,36.076312227706595,36.076312227706595,35.37279598187018,35.97312927246094,473300,0.0,0.0
2023-06-30 00:00:00-04:00,36.03879118738715,36.69540707830038,36.01065168206488,36.59222412109375,186700,0.0,0.0
2023-07-03 00:00:00-04:00,36.28267820367835,36.39523980130009,36.12321266030126,36.1513557434082,76300,0.0,0.0
2023-07-05 00:00:00-04:00,36.03879183426541,36.08569578166941,35.80428641032063,35.86056900024414,127000,0.0,0.0
2023-07-06 00:00:00-04:00,35.88870523013463,35.898087450066534,35.541638236292044,35.804283142089844,189700,0.0,0.0
2023-07-07 00:00:00-04:00,35.719863451137,35.75738159481857,35.56039792198403,35.579158782958984,195200,0.0,0.0
2023-07-10 00:00:00-04:00,35.92623005547115,36.20763584716302,35.92623005547115,36.03879165649414,113900,0.0,0.0
2023-07-11 00:00:00-04:00,35.65420272029081,35.935612088783714,35.56040198297235,35.89809036254883,118700,0.0,0.0
2023-07-12 00:00:00-04:00,36.526558008039586,36.714163034408266,36.32957434057319,36.70478439331055,130600,0.0,0.0
2023-07-13 00:00:00-04:00,36.94867673419912,37.398926751804204,36.92991586951528,37.32388687133789,131600,0.0,0.0
2023-07-14 00:00:00-04:00,37.60529060962663,37.79289566784212,37.54900801868132,37.67095184326172,161700,0.0,0.0
2023-07-17 00:00:00-04:00,37.84917798579759,38.205627269708,37.839799342288785,38.06492614746094,146800,0.0,0.0
2023-07-18 00:00:00-04:00,37.952358193853904,37.952358193853904,37.53962992238759,37.61466979980469,105600,0.0,0.0
2023-07-19 00:00:00-04:00,38.327568419839444,38.487030396201924,38.13058471553205,38.29004669189453,231500,0.0,0.0
2023-07-20 00:00:00-04:00,38.04616201665969,38.1118232503931,37.886696464543654,38.00864028930664,106500,0.0,0.0
2023-07-21 00:00:00-04:00,38.52454703587769,38.646490846458015,38.40260322529736,38.58082962036133,159800,0.0,0.0
2023-07-24 00:00:00-04:00,38.37446690640706,38.421367274900874,38.21500493787433,38.2994270324707,151400,0.0,0.0
2023-07-25 00:00:00-04:00,38.449507366900846,38.7965743606727,38.449507366900846,38.72153091430664,241600,0.0,0.0
2023-07-26 00:00:00-04:00,38.618353282762854,38.77781883911626,38.52455254015659,38.590213775634766,188700,0.0,0.0
2023-07-27 00:00:00-04:00,38.946661015093,38.9748005207592,38.07430055675294,38.08367919921875,234800,0.0,0.0
2023-07-28 00:00:00-04:00,37.99925478211227,38.16809896233028,37.745992090053804,37.79289245605469,155600,0.0,0.0
2023-07-31 00:00:00-04:00,38.111824033617964,38.2806682319077,37.98050156345238,38.27128601074219,168600,0.0,0.0
2023-08-01 00:00:00-04:00,37.48334503173828,37.67095008117842,37.370783433381675,37.48334503173828,194200,0.0,0.0
2023-08-02 00:00:00-04:00,36.789215079160215,37.03309916568229,36.5359487710782,36.94867706298828,173100,0.0,0.0
2023-08-03 00:00:00-04:00,36.644325640724624,36.842198486094695,36.540676932839226,36.67259216308594,94000,0.177,0.0
2023-08-04 00:00:00-04:00,36.48413808363313,36.64431981075686,36.126079948200235,36.15434646606445,111500,0.0,0.0
2023-08-07 00:00:00-04:00,36.29569125669899,36.67259139314509,36.258000164728266,36.616058349609375,105500,0.0,0.0
2023-08-08 00:00:00-04:00,36.34280085542276,36.644322381863255,36.25799770146011,36.6254768371582,178700,0.0,0.0
2023-08-09 00:00:00-04:00,36.776243612869244,36.992962020778045,36.776243612869244,36.842201232910156,79100,0.0,0.0
2023-08-10 00:00:00-04:00,37.15314409441448,37.332171390920315,36.766819385013186,36.79508590698242,262900,0.0,0.0
2023-08-11 00:00:00-04:00,36.6631679265683,36.87046532390368,36.531252708053096,36.6254768371582,92200,0.0,0.0
2023-08-14 00:00:00-04:00,35.99416835480391,36.54067479012512,35.975322809527974,36.531253814697266,133600,0.0,0.0
2023-08-15 00:00:00-04:00,36.154353935168906,36.20146600614875,35.72091713108137,35.749183654785156,109900,0.0,0.0
2023-08-16 00:00:00-04:00,35.69265078418582,35.8716780925643,35.664380665921385,35.673805236816406,67100,0.0,0.0
2023-08-17 00:00:00-04:00,35.54188370542448,35.54188370542448,34.967107192918604,34.97652816772461,75700,0.0,0.0
2023-08-18 00:00:00-04:00,34.85403599942886,35.353430313974684,34.85403599942886,35.26862716674805,86300,0.0,0.0
2023-08-21 00:00:00-04:00,35.13671951611259,35.22152268157916,34.91057654339486,35.19325256347656,94400,0.0,0.0
2023-08-22 00:00:00-04:00,34.75039574368887,34.83519891149912,34.61848050363308,34.6938591003418,125600,0.0,0.0
2023-08-23 00:00:00-04:00,34.71269965906593,35.15556098224961,34.71269965906593,35.01422119140625,112200,0.0,0.0
2023-08-24 00:00:00-04:00,34.9576872480577,35.14613911888695,34.61847819386962,34.627899169921875,117200,0.0,0.0
2023-08-25 00:00:00-04:00,34.863459213524756,35.12728964654782,34.62789529991986,34.85403823852539,129100,0.0,0.0
2023-08-28 00:00:00-04:00,34.89172937841586,35.1084477702446,34.835196333672975,34.929420471191406,142200,0.0,0.0
2023-08-29 00:00:00-04:00,35.127290958384464,35.59841880318863,35.08017889278808,35.570152282714844,118600,0.0,0.0
2023-08-30 00:00:00-04:00,35.98474303086396,36.21088597501593,35.98474303086396,36.173194885253906,119300,0.0,0.0
2023-08-31 00:00:00-04:00,35.99416989140639,36.03186098356731,35.67380279687938,35.75860595703125,77300,0.0,0.0
2023-09-01 00:00:00-04:00,35.93763301444454,35.95647856039982,35.1838291483354,35.278053283691406,96500,0.0,0.0
2023-09-05 00:00:00-04:00,34.73155051426822,34.73155051426822,34.44887448378318,34.46772003173828,94000,0.0,0.0
2023-09-06 00:00:00-04:00,34.56194546770801,34.61848211368451,34.39233912419938,34.40176010131836,103600,0.0,0.0
2023-09-07 00:00:00-04:00,34.28868566316043,34.61847732746294,34.28868566316043,34.42060089111328,185600,0.0,0.0
2023-09-08 00:00:00-04:00,34.71270012525693,34.759812191364034,34.3263754321063,34.41117858886719,116500,0.0,0.0
2023-09-11 00:00:00-04:00,34.486561806135406,34.56194399756424,34.241576872833114,34.54309844970703,117400,0.0,0.0
2023-09-12 00:00:00-04:00,34.17561461279257,34.53367278462741,34.17561461279257,34.33579635620117,121100,0.0,0.0
2023-09-13 00:00:00-04:00,34.48655898528922,34.66558987807843,34.45829246302584,34.599632263183594,347800,0.0,0.0
2023-09-14 00:00:00-04:00,34.73154767249757,35.09902684150267,34.6655900572618,35.00480270385742,135000,0.0,0.0
2023-09-15 00:00:00-04:00,35.31574523362311,35.44766046409464,34.96711161103114,35.00480270385742,114000,0.0,0.0
2023-09-18 00:00:00-04:00,34.72212262514875,34.919999062558524,34.62789848879773,34.82577133178711,112800,0.0,0.0
2023-09-19 00:00:00-04:00,34.93884572925121,34.93884572925121,34.58078752967719,34.73154830932617,87700,0.0,0.0
2023-09-20 00:00:00-04:00,35.21209760528902,35.249788699271036,34.78808178404266,34.83519744873047,166500,0.0,0.0
2023-09-21 00:00:00-04:00,35.004807152678744,35.004807152678744,34.62790336535549,34.65616989135742,178700,0.0,0.0
2023-09-22 00:00:00-04:00,34.56194206643807,34.788081439247755,34.44887238003323,34.50540542602539,177500,0.0,0.0
2023-09-25 00:00:00-04:00,33.798713218618396,34.00601063673126,33.61968591760669,33.99658966064453,173200,0.0,0.0
2023-09-26 00:00:00-04:00,33.80813554911285,33.89293870595657,33.56314705404421,33.70448684692383,294200,0.0,0.0
2023-09-27 00:00:00-04:00,33.79871148611809,33.84582355297776,33.355853744332784,33.581993103027344,200700,0.0,0.0
2023-09-28 00:00:00-04:00,34.08138644035336,34.618475488288084,34.08138644035336,34.53367233276367,339300,0.0,0.0
2023-09-29 00:00:00-04:00,35.20267260534475,35.22151815018172,34.76923585735491,34.91057205200195,215100,0.0,0.0
2023-10-02 00:00:00-04:00,33.883514404296875,33.9588965862748,33.723332659224205,33.883514404296875,196900,0.0,0.0
2023-10-03 00:00:00-04:00,33.67622371117524,33.930629612858475,33.337011049703456,33.6008415222168,150300,0.0,0.0
2023-10-04 00:00:00-04:00,34.36406664067585,34.48655729409058,33.68564138426087,34.26041793823242,211500,0.0,0.0
2023-10-05 00:00:00-04:00,34.86346062010405,34.95768475157949,34.23215103149414,34.23215103149414,260200,0.0,0.0
2023-10-06 00:00:00-04:00,33.261628643408756,34.0437026738497,33.16740450224698,33.977745056152344,142400,0.0,0.0
2023-10-09 00:00:00-04:00,34.02485401246836,34.3829121860674,33.949471830902134,34.26041793823242,80300,0.0,0.0
2023-10-10 00:00:00-04:00,34.58078902672843,34.89173157565662,34.45829476470428,34.665592193603516,238900,0.0,0.0
2023-10-11 00:00:00-04:00,35.278052753452776,35.278052753452776,34.6655886940035,34.91999816894531,214800,0.0,0.0
2023-10-12 00:00:00-04:00,35.18383447472579,35.19325545191946,34.40176037407736,34.65616989135742,317300,0.0,0.0
2023-10-13 00:00:00-04:00,35.10844884889841,35.2120975600054,34.59020888778403,34.75981521606445,194600,0.0,0.0
2023-10-16 00:00:00-04:00,34.92942003842547,34.96711113073403,34.62789848879773,34.82577133178711,116200,0.0,0.0
2023-10-17 00:00:00-04:00,34.3923330435403,34.73154567058382,34.34522097743319,34.41117858886719,152900,0.0,0.0
2023-10-18 00:00:00-04:00,34.05312330630829,34.12850549401292,33.55372889323702,33.647953033447266,161700,0.0,0.0
2023-10-19 00:00:00-04:00,27.005049403083675,29.143970367260366,26.976781083847744,28.663419723510742,2351700,0.0,0.0
2023-10-20 00:00:00-04:00,26.53392236600946,26.816598378408592,25.29014503591687,26.270090103149414,1274500,0.0,0.0
2023-10-23 00:00:00-04:00,26.166442435038906,26.741217216618434,26.025104432919683,26.69410514831543,471000,0.0,0.0
2023-10-24 00:00:00-04:00,26.091062507809973,26.910824012892437,26.025104892137847,26.684682846069336,629600,0.0,0.0
2023-10-25 00:00:00-04:00,25.940301526706165,26.128751598977274,25.676469268874342,25.761272430419922,623400,0.0,0.0
2023-10-26 00:00:00-04:00,23.245448830594157,23.86733746593148,22.039360854407438,22.322038650512695,2732800,0.0,0.0
2023-10-27 00:00:00-04:00,24.036942939362103,24.253661317379002,23.518701229988086,24.00867462158203,827000,0.0,0.0
2023-10-30 00:00:00-04:00,24.13116854957927,24.526916007226294,23.999251532223543,24.498647689819336,550300,0.0,0.0
2023-10-31 00:00:00-04:00,24.121744625656888,24.206547776619598,23.82964588190199,24.112321853637695,685600,0.0,0.0
2023-11-01 00:00:00-04:00,23.95213975119903,24.150012583764585,23.87675936776309,24.121746063232422,674600,0.0,0.0
2023-11-02 00:00:00-04:00,24.70594267927306,24.819014148884236,24.300774256423942,24.621139526367188,455800,0.0,0.0
2023-11-03 00:00:00-04:00,25.89318766073072,26.043948437431695,25.629357200109123,25.761272430419922,534800,0.0,0.0
2023-11-06 00:00:00-05:00,25.864921201828118,25.874342177836102,25.497440235158745,25.68589210510254,383200,0.0,0.0
2023-11-07 00:00:00-05:00,25.808383556254412,26.00625819170132,25.582242399465205,25.78011703491211,263000,0.0,0.0
2023-11-08 00:00:00-05:00,25.79896037981236,25.9214546277466,25.469172321243548,25.563396453857422,406200,0.0,0.0
2023-11-09 00:00:00-05:00,26.100483775211128,26.100483775211128,25.412635743948076,25.48801612854004,666400,0.0,0.0
2023-11-10 00:00:00-05:00,25.685890609348814,25.789539311503198,25.440903911572164,25.751848220825195,740300,0.0,0.0
2023-11-13 00:00:00-05:00,26.307780216266934,26.430272671152377,26.19470873719483,26.402006149291992,911100,0.0,0.0
2023-11-14 00:00:00-05:00,27.33483929983137,27.466754528646312,27.099275364256,27.438488006591797,831200,0.0,0.0
2023-11-15 00:00:00-05:00,27.476175062291222,27.48559783461146,27.174653536883866,27.1840763092041,233000,0.0,0.0
2023-11-16 00:00:00-05:00,27.118121198344458,27.250036428559937,26.89198003345639,27.023895263671875,230400,0.0,0.0
2023-11-17 00:00:00-05:00,27.21234426722521,27.231189812861736,27.005048656853845,27.193500518798828,226000,0.0,0.0
2023-11-20 00:00:00-05:00,27.410219625382986,27.570403173100647,27.32541646499068,27.51386833190918,352200,0.0,0.0
2023-11-21 00:00:00-05:00,27.29714728033239,27.35368391694156,27.10869721659891,27.306570053100586,233000,0.0,0.0
2023-11-22 00:00:00-05:00,26.694106562382533,26.82602179838706,26.581035076371297,26.66583824157715,259100,0.0,0.0
2023-11-24 00:00:00-05:00,26.807174020209025,27.07100445257355,26.769482931465504,27.005046844482422,128800,0.0,0.0
2023-11-27 00:00:00-05:00,26.684683678832045,26.93909317340136,26.618726061101544,26.854290008544922,455100,0.0,0.0
2023-11-28 00:00:00-05:00,26.260669642303014,26.684683669222217,26.213555774505128,26.336050033569336,994300,0.0,0.0
2023-11-29 00:00:00-05:00,25.902609307436126,26.222976393295674,25.81780614957859,26.006258010864258,393500,0.0,0.0
2023-11-30 00:00:00-05:00,25.751849186620234,25.836652346616066,25.54455357174719,25.770694732666016,745900,0.0,0.0
2023-12-01 00:00:00-05:00,25.261875712429056,25.874341579774452,25.261875712429056,25.8460750579834,729600,0.0,0.0
2023-12-04 00:00:00-05:00,25.45975085370688,25.780117953205682,25.45975085370688,25.723581314086914,600500,0.0,0.0
2023-12-05 00:00:00-05:00,25.271298359667153,25.42205913250314,25.139383132738207,25.365524291992188,531300,0.0,0.0
2023-12-06 00:00:00-05:00,25.177072175102193,25.261875333624097,24.89439617816929,25.035734176635742,569700,0.0,0.0
2023-12-07 00:00:00-05:00,24.86612657088538,24.913240432739258,24.592873360973158,24.913240432739258,769100,0.0,0.0
2023-12-08 00:00:00-05:00,24.63998676217445,24.998044942845954,24.63998676217445,24.96035385131836,878600,0.0,0.0
2023-12-11 00:00:00-05:00,24.753057806446993,24.969776187308295,24.734212261012935,24.856704711914062,737500,0.0,0.0
2023-12-12 00:00:00-05:00,24.42326754502549,24.960353000515397,24.26308400591358,24.790746688842773,1246900,0.0,0.0
2023-12-13 00:00:00-05:00,24.922665735122877,25.271299362182617,24.6776790202432,25.271299362182617,589800,0.0,0.0
2023-12-14 00:00:00-05:00,25.469175790099904,25.591668257507273,25.346681525482165,25.422061920166016,471700,0.0,0.0
2023-12-15 00:00:00-05:00,25.440904146799042,25.808383298256672,25.374946534712812,25.450326919555664,551500,0.0,0.0
2023-12-18 00:00:00-05:00,25.356101337424075,25.75184881258652,25.356101337424075,25.591665267944336,581600,0.0,0.0
2023-12-19 00:00:00-05:00,26.175866093041776,26.345470622992362,26.10990667909346,26.11932945251465,460700,0.0,0.0
2023-12-20 00:00:00-05:00,26.41142854794923,26.61872415989791,26.204131138790387,26.222976684570312,387100,0.0,0.0
2023-12-21 00:00:00-05:00,26.21355597879186,26.628149032592773,26.166443907837113,26.628149032592773,410400,0.0,0.0
2023-12-22 00:00:00-05:00,26.336049158555358,26.826020786902024,26.317203612062347,26.76006317138672,290300,0.0,0.0
2023-12-26 00:00:00-05:00,26.778908184748012,26.94851450538802,26.665836705251277,26.844865798950195,349800,0.0,0.0
2023-12-27 00:00:00-05:00,27.033318036860155,27.061584559214776,26.84486616751499,27.023895263671875,726600,0.0,0.0
2023-12-28 00:00:00-05:00,26.929668391053138,27.080429162394264,26.863710778242666,27.042739868164062,359500,0.0,0.0
2023-12-29 00:00:00-05:00,26.816595544777094,26.967358105630947,26.628145488827393,26.957935333251953,620800,0.0,0.0
2024-01-02 00:00:00-05:00,26.279512351616585,26.31720344436243,25.723581314086914,25.723581314086914,808700,0.0,0.0
2024-01-03 00:00:00-05:00,24.800170922307387,24.988622790202573,24.432691756843006,24.837862014770508,1785200,0.0,0.0
2024-01-04 00:00:00-05:00,24.800169690110174,25.327832377905466,24.800169690110174,25.23360824584961,843600,0.0,0.0
2024-01-05 00:00:00-05:00,25.045159012520813,25.271300188136923,24.80959506326941,24.922666549682617,341600,0.0,0.0
2024-01-08 00:00:00-05:00,24.9509322578946,25.318413228819235,24.9509322578946,25.271299362182617,468600,0.0,0.0
2024-01-09 00:00:00-05:00,25.026310494919727,25.129959195395752,24.875549729069192,24.94150733947754,264200,0.0,0.0
2024-01-10 00:00:00-05:00,24.960354198930517,25.29014406554917,24.875551039022575,25.10169219970703,362800,0.0,0.0
2024-01-11 00:00:00-05:00,25.469172313259268,25.76127107813299,25.214762841977258,25.71415901184082,493600,0.0,0.0
2024-01-12 00:00:00-05:00,25.77069445608462,25.84607484224855,25.374946979421445,25.403213500976562,510200,0.0,0.0
2024-01-16 00:00:00-05:00,25.08284876323689,25.08284876323689,24.658832958417083,24.724790573120117,369500,0.0,0.0
2024-01-17 00:00:00-05:00,24.018096980749966,24.29135198962345,23.829646923756943,23.942716598510742,1025800,0.0,0.0
2024-01-18 00:00:00-05:00,23.961561974072193,24.272506273263268,23.76368734883602,24.16885757446289,695900,0.0,0.0
2024-01-19 00:00:00-05:00,24.121746669361915,24.6117200726126,24.03694351121429,24.59287452697754,588600,0.0,0.0
2024-01-22 00:00:00-05:00,24.574029636432538,25.02631196046996,24.479803702955525,24.988622665405273,846600,0.0,0.0
2024-01-23 00:00:00-05:00,24.592874851094674,24.715367304916636,24.319619827415426,24.696521759033203,1104100,0.0,0.0
2024-01-24 00:00:00-05:00,24.178284099948087,24.253664493355778,23.594086500341085,23.726001739501953,1391100,0.0,0.0
2024-01-25 00:00:00-05:00,23.857914851060944,24.018098397418722,23.678885758729265,23.91444969177246,840500,0.0,0.0
2024-01-26 00:00:00-05:00,24.715365478963566,24.81901417645478,24.517492653436747,24.658830642700195,646100,0.0,0.0
2024-01-29 00:00:00-05:00,24.376154474611663,25.05457789612646,24.347886158094784,24.998043060302734,584100,0.0,0.0
2024-01-30 00:00:00-05:00,25.120538864016716,25.186496480834624,24.7342141393316,25.007469177246094,786300,0.0,0.0
2024-01-31 00:00:00-05:00,24.913240130207306,24.922662902463657,24.498647136978096,24.545759201049805,359100,0.0,0.0
2024-02-01 00:00:00-05:00,24.51749574201268,25.007469177246094,24.498650195147487,25.007469177246094,584000,0.0,0.0
2024-02-02 00:00:00-05:00,24.69652241904274,24.69652241904274,24.24424008901426,24.46095848083496,432400,0.0,0.0
2024-02-05 00:00:00-05:00,24.206549455493697,24.206549455493697,23.810801989290173,23.82022476196289,609300,0.0,0.0
2024-02-06 00:00:00-05:00,23.87675908454688,24.53633877969528,23.85791353960891,24.498647689819336,347800,0.0,0.0
2024-02-07 00:00:00-05:00,24.178280817312686,24.319618811111642,24.084054889043347,24.159435272216797,409400,0.0,0.0
2024-02-08 00:00:00-05:00,24.093480613909016,24.310199017437217,24.02752299520133,24.140594482421875,367900,0.0,0.0
2024-02-09 00:00:00-05:00,23.801378958622443,24.159435330253945,23.801378958622443,24.084054946899414,729800,0.0,0.0
2024-02-12 00:00:00-05:00,23.95213876329291,24.29135137336887,23.942715991100798,24.215970993041992,460200,0.0,0.0
2024-02-13 00:00:00-05:00,23.82022580395045,23.933295486548914,23.5658163222886,23.61292839050293,572500,0.0,0.0
2024-02-14 00:00:00-05:00,23.989828619069442,24.781323529721874,23.989828619069442,24.762479782104492,480700,0.0,0.0
2024-02-15 00:00:00-05:00,24.55518482665936,25.22418735691911,24.545762053308067,25.195919036865234,575700,0.0,0.0
2024-02-16 00:00:00-05:00,25.60108751118922,25.883763503081404,25.553975444943898,25.676467895507812,614500,0.0,0.0
2024-02-20 00:00:00-05:00,25.553975419459817,25.70473618794665,25.46917226253471,25.638776779174805,345300,0.0,0.0
2024-02-21 00:00:00-05:00,25.497440211836487,25.667046535188717,25.384370527741815,25.64820098876953,771600,0.0,0.0
2024-02-22 00:00:00-05:00,25.535130473525026,26.27951156075159,25.535130473525026,26.109905242919922,1026100,0.0,0.0
2024-02-23 00:00:00-05:00,25.90260965517669,26.241822291160737,25.90260965517669,26.14759635925293,989000,0.0,0.0
2024-02-26 00:00:00-05:00,26.336049498031368,26.533922347127902,26.279512857823565,26.420852661132812,738800,0.0,0.0
2024-02-27 00:00:00-05:00,26.354895130025398,26.402009000230464,26.081641871677547,26.383163452148438,762500,0.0,0.0
2024-02-28 00:00:00-05:00,26.15701960316978,26.204131671366937,25.74242657363601,26.138174057006836,1071300,0.0,0.0
2024-02-29 00:00:00-05:00,26.599881380503827,27.005051670859068,26.345471877646766,26.910825729370117,1713800,0.0,0.0
2024-03-01 00:00:00-05:00,26.684681569873458,27.250035358498266,26.36431448289307,27.193500518798828,2292200,0.0,0.0
2024-03-04 00:00:00-05:00,25.912032733589008,26.373737828449553,25.704737118715965,25.770694732666016,1641900,0.0,0.0
2024-03-05 00:00:00-05:00,25.742427180195683,25.770695500106175,25.327834140893003,25.3466796875,886900,0.0,0.0
2024-03-06 00:00:00-05:00,25.648201628573403,26.26066932200363,25.62935787889438,26.043949127197266,626500,0.0,0.0
2024-03-07 00:00:00-05:00,30.896566514674234,31.22635458523803,30.425438645628592,30.745805740356445,2060100,0.0,0.0
2024-03-08 00:00:00-05:00,29.90719850038308,30.58562202085917,29.90719850038308,30.529088973999023,1863600,0.0,0.0
2024-03-11 00:00:00-04:00,30.321790326209197,30.46313012649441,29.97315490789467,30.14276123046875,792200,0.0,0.0
2024-03-12 00:00:00-04:00,30.218141939934952,30.425439357378924,29.888352064446103,30.246408462524414,488600,0.0,0.0
2024-03-13 00:00:00-04:00,29.982576375904777,30.020267466929514,29.247618073023805,29.38895606994629,576100,0.0,0.0
2024-03-14 00:00:00-04:00,29.417224260948768,29.42664703423986,28.91782985699258,29.059167861938477,609900,0.0,0.0
2024-03-15 00:00:00-04:00,28.96494410437935,29.398382722312626,28.701111824019513,28.757648468017578,693200,0.0,0.0
2024-03-18 00:00:00-04:00,28.97436435541468,29.002632674952228,28.69168834888009,28.917829513549805,491300,0.0,0.0
2024-03-19 00:00:00-04:00,28.484392217206615,29.096858123776766,28.41843459918972,29.078014373779297,487200,0.0,0.0
2024-03-20 00:00:00-04:00,28.7953360040512,29.13454865843261,28.625729676860498,29.125125885009766,471500,0.0,0.0
2024-03-21 00:00:00-04:00,29.040322097465513,29.087435963567476,28.76706886291504,28.76706886291504,664000,0.0,0.0
2024-03-22 00:00:00-04:00,28.49381214940346,28.58803807883579,28.182867840323855,28.427854537963867,407700,0.0,0.0
2024-03-25 00:00:00-04:00,28.229980236897006,28.3336289402069,27.815389018077713,27.937881469726562,436200,0.0,0.0
2024-03-26 00:00:00-04:00,28.135755397206566,28.39016306689176,28.06037501411279,28.248825073242188,952100,0.0,0.0
2024-03-27 00:00:00-04:00,28.418433545043623,28.68226580453499,28.3618987027277,28.578617095947266,509600,0.0,0.0
2024-03-28 00:00:00-04:00,28.5974617985774,28.625728320296133,28.34305231984773,28.40900993347168,207400,0.0,0.0
2024-04-01 00:00:00-04:00,28.418432063082545,28.531503539028186,27.871923823300577,28.050952911376953,223100,0.0,0.0
2024-04-02 00:00:00-04:00,28.135758150596924,28.493814556029566,28.06980053358646,28.456125259399414,292300,0.0,0.0
2024-04-03 00:00:00-04:00,27.98499595683039,28.45612382278908,27.937882091908413,28.446701049804688,434300,0.0,0.0
2024-04-04 00:00:00-04:00,28.49250366266712,28.731054425227967,28.082196059862795,28.120363235473633,396200,0.378,0.0
2024-04-05 00:00:00-04:00,27.757768137559903,29.21769952592173,27.700516461545114,28.797849655151367,2466500,0.0,0.0
2024-04-08 00:00:00-04:00,27.977233374025385,28.234868636527843,27.700515433558152,27.862730026245117,1747400,0.0,0.0
2024-04-09 00:00:00-04:00,28.005859855465786,28.368456213329655,27.68143067316754,27.93906593322754,926300,0.0,0.0
2024-04-10 00:00:00-04:00,27.36654238257749,27.576466387772395,27.26157946998114,27.347457885742188,766800,0.0,0.0
2024-04-11 00:00:00-04:00,27.64326113544797,27.652803384151696,27.22341311247104,27.471506118774414,271300,0.0,0.0
2024-04-12 00:00:00-04:00,27.280666339507174,27.423796438224834,26.841731974108683,26.927610397338867,295800,0.0,0.0
2024-04-15 00:00:00-04:00,27.280665551710765,27.328374976572942,26.69860110440316,26.889442443847656,455600,0.0,0.0
2024-04-16 00:00:00-04:00,26.62226439375717,26.717685061547982,26.336004210382583,26.42188262939453,672000,0.0,0.0
2024-04-17 00:00:00-04:00,27.02303171930917,27.11845239408034,26.641350840222486,26.95623779296875,1334700,0.0,0.0
2024-04-18 00:00:00-04:00,24.80927810021229,25.47722093090943,24.4371395111084,24.4371395111084,2107300,0.0,0.0
2024-04-19 00:00:00-04:00,25.02874641355144,25.37226010560104,24.990579236655897,25.238672256469727,708900,0.0,0.0
2024-04-22 00:00:00-04:00,25.429511277161513,25.69668879012906,25.276838932608037,25.572641372680664,435700,0.0,0.0
2024-04-23 00:00:00-04:00,25.55355939329911,25.725314420619494,25.324550870207304,25.515390396118164,448300,0.0,0.0
2024-04-24 00:00:00-04:00,25.46768123732234,25.51539066430202,25.019204615722217,25.439054489135742,452500,0.0,0.0
2024-04-25 00:00:00-04:00,24.83790475631341,25.10508043163438,24.780651265889382,24.87607192993164,607300,0.0,0.0
2024-04-26 00:00:00-04:00,24.961949826455303,25.181416075189965,24.799735246956256,25.028743743896484,534000,0.0,0.0
2024-04-29 00:00:00-04:00,25.000119684982206,25.162334270098423,24.981035187910226,25.066913604736328,279700,0.0,0.0
2024-04-30 00:00:00-04:00,24.69477508462717,24.818822505105214,24.41805713586484,24.446683883666992,346700,0.0,0.0
2024-05-01 00:00:00-04:00,24.408514721483716,24.61843874395226,24.179506200609502,24.35126304626465,251400,0.0,0.0
2024-05-02 00:00:00-04:00,24.4371395111084,24.56118510081043,24.2081310085831,24.4371395111084,295200,0.0,0.0
2024-05-03 00:00:00-04:00,24.89515716888501,24.91424166626194,24.551643496091575,24.732942581176758,246000,0.0,0.0
2024-05-06 00:00:00-04:00,24.732942966578186,25.000120474025024,24.732942966578186,24.837905883789062,198300,0.0,0.0
2024-05-07 00:00:00-04:00,25.372258706989463,25.49630430005956,25.276838040013626,25.353174209594727,251700,0.0,0.0
2024-05-08 00:00:00-04:00,25.21004317036292,25.267294840394648,25.038286340269963,25.219585418701172,354400,0.0,0.0
2024-05-09 00:00:00-04:00,25.257753833105866,25.63943650539891,25.248211584298755,25.629894256591797,352600,0.0,0.0
2024-05-10 00:00:00-04:00,25.75393962369597,25.916154211988893,25.687145702633803,25.887527465820312,502700,0.0,0.0
2024-05-13 00:00:00-04:00,25.55355783885198,25.629894008572315,25.25775358868757,25.267295837402344,425100,0.0,0.0
2024-05-14 00:00:00-04:00,25.629896667951524,25.830278451759987,25.55356049031049,25.744400024414062,259500,0.0,0.0
2024-05-15 00:00:00-04:00,26.040202707820047,26.64134984236575,25.944782036622875,26.555471420288086,1094800,0.0,0.0
2024-05-16 00:00:00-04:00,26.30738030154816,26.383716480014826,26.126081195190558,26.202417373657227,474900,0.0,0.0
2024-05-17 00:00:00-04:00,26.059285901652053,26.126079826812234,25.91615580202339,26.04974365234375,240400,0.0,0.0
2024-05-20 00:00:00-04:00,26.09745479620452,26.231042645999278,25.897071201514432,26.221500396728516,505100,0.0,0.0
2024-05-21 00:00:00-04:00,25.773023432625962,25.820732854967876,25.59172435173065,25.677602767944336,584200,0.0,0.0
2024-05-22 00:00:00-04:00,25.43905415977491,25.43905415977491,25.181418889425093,25.248212814331055,381100,0.0,0.0
2024-05-23 00:00:00-04:00,25.210043828844743,25.229128326019726,24.780651742396703,24.80927848815918,504300,0.0,0.0
2024-05-24 00:00:00-04:00,24.990577690460217,25.35317403852437,24.92378377002718,25.257753372192383,411100,0.0,0.0
2024-05-28 00:00:00-04:00,25.181415557861328,25.315005209996965,24.981033809654445,25.181415557861328,493600,0.0,0.0
2024-05-29 00:00:00-04:00,24.809279450022746,24.923784617514233,24.647064857741913,24.675691604614258,311000,0.0,0.0
2024-05-30 00:00:00-04:00,25.305465433690014,25.419968780992964,25.190960266389176,25.38180160522461,428100,0.0,0.0
2024-05-31 00:00:00-04:00,25.582185419427102,25.763484523823834,25.49630699208118,25.744400024414062,419600,0.0,0.0
2024-06-03 00:00:00-04:00,25.763484146214658,26.002034925346276,25.763484146214658,25.99249267578125,292700,0.0,0.0
2024-06-04 00:00:00-04:00,26.05928681602784,26.393258273545186,26.05928681602784,26.355091094970703,320700,0.0,0.0
2024-06-05 00:00:00-04:00,26.717686273248248,27.10890939093526,26.612723351918287,27.099367141723633,544300,0.0,0.0
2024-06-06 00:00:00-04:00,27.147076612609215,27.23295502990025,26.698600028978735,26.84173011779785,635000,0.0,0.0
2024-06-07 00:00:00-04:00,26.221499816868008,26.231042065927753,25.83027670540803,25.839818954467773,684200,0.0,0.0
2024-06-10 00:00:00-04:00,25.1337085927377,25.40088610310773,25.019203425436864,25.38180160522461,536700,0.0,0.0
2024-06-11 00:00:00-04:00,25.381800559594904,25.725312407350312,25.267295397011225,25.687145233154297,390300,0.0,0.0
2024-06-12 00:00:00-04:00,29.64709127940968,29.828390385675235,29.1318225300208,29.217700958251953,2192200,0.0,0.0
2024-06-13 00:00:00-04:00,28.778763946980032,28.826473371654252,28.435250265332407,28.740596771240234,517400,0.0,0.0
2024-06-14 00:00:00-04:00,27.738680579001045,27.881810663248142,27.44287816222401,27.681428909301758,909700,0.0,0.0
2024-06-17 00:00:00-04:00,27.63371878619003,27.929523034935666,27.547842188164665,27.910438537597656,627000,0.0,0.0
2024-06-18 00:00:00-04:00,27.9486090740088,28.187159843899632,27.9486090740088,28.158533096313477,487800,0.0,0.0
2024-06-20 00:00:00-04:00,27.71005797627325,28.005860417838747,27.681431229025787,27.96769142150879,556300,0.0,0.0
2024-06-21 00:00:00-04:00,27.586009790598155,27.93906571683455,27.557383044147247,27.929523468017578,766800,0.0,0.0
2024-06-24 00:00:00-04:00,28.148989718390133,28.349371483464445,28.005859626194503,28.196699142456055,577900,0.0,0.0
2024-06-25 00:00:00-04:00,28.082194673663984,28.444791014058854,28.063110176801676,28.40662384033203,711700,0.0,0.0
2024-06-26 00:00:00-04:00,28.263494837052583,28.4447921041993,28.168074169081866,28.282577514648438,420900,0.0,0.0
2024-06-27 00:00:00-04:00,28.416167928538638,28.79784879050735,28.368456683293854,28.759679794311523,407200,0.0,0.0
2024-06-28 00:00:00-04:00,28.25395280437688,28.482961317259626,28.158532135676264,28.2921199798584,393100,0.0,0.0
2024-07-01 00:00:00-04:00,28.65471825400841,28.750137103034444,28.091738308764977,28.120363235473633,446000,0.0,0.0
2024-07-02 00:00:00-04:00,27.891353303261475,28.0631101347694,27.681429298083895,28.05356788635254,396300,0.0,0.0
2024-07-03 00:00:00-04:00,28.435250655479223,28.778764341840038,28.397083479215752,28.67380142211914,257500,0.0,0.0
2024-07-05 00:00:00-04:00,29.160443520678704,29.313115856912795,28.940977264841923,29.303573608398438,702200,0.0,0.0
2024-07-08 00:00:00-04:00,28.969605269959615,29.05548369032494,28.769221682441223,29.00777244567871,402700,0.0,0.0
2024-07-09 00:00:00-04:00,29.007771449988255,29.0841076188041,28.82647236655144,28.96006202697754,940500,0.0,0.0
2024-07-10 00:00:00-04:00,29.074568872094478,29.189074049108754,28.883729337068072,29.12228012084961,187900,0.0,0.0
2024-07-11 00:00:00-04:00,29.503958908446748,29.713882928016005,29.456249483089433,29.6470890045166,314600,0.0,0.0
2024-07-12 00:00:00-04:00,29.45624921551095,29.580294812311895,29.065024287143597,29.103193283081055,431700,0.0,0.0
2024-07-15 00:00:00-04:00,28.7215112360778,28.902810319288314,28.49250272991612,28.607006072998047,399600,0.0,0.0
2024-07-16 00:00:00-04:00,28.530670198522714,28.89326836868333,28.530670198522714,28.883726119995117,269900,0.0,0.0
2024-07-17 00:00:00-04:00,28.74059733215745,28.902811927212706,28.645176660948838,28.769222259521484,363200,0.0,0.0
2024-07-18 00:00:00-04:00,28.797848889731288,28.826473816978876,28.50204644818608,28.587923049926758,445400,0.0,0.0
2024-07-19 00:00:00-04:00,28.158531838287512,28.253952505980365,28.01540174674716,28.187158584594727,372700,0.0,0.0
2024-07-22 00:00:00-04:00,30.400910466829114,30.677630231403782,30.143275200500547,30.362741470336914,1134800,0.0,0.0
2024-07-23 00:00:00-04:00,29.8760980479893,30.257778917558394,29.818846372553423,30.114648818969727,608200,0.0,0.0
2024-07-24 00:00:00-04:00,29.971518681038663,30.06693935330517,29.561211064291253,29.58029556274414,1261300,0.0,0.0
2024-07-25 00:00:00-04:00,29.389453690901227,29.580295032010135,28.92189440718211,29.112735748291016,990000,0.0,0.0
2024-07-26 00:00:00-04:00,29.294034045254925,29.484873561186212,28.969604866174087,29.34174346923828,631400,0.0,0.0
2024-07-29 00:00:00-04:00,29.00777392143683,29.16044627207613,28.80739214372199,28.988689422607422,610500,0.0,0.0
2024-07-30 00:00:00-04:00,29.065025011980865,29.294035353320982,28.940979412086413,29.22723960876465,303100,0.0,0.0
2024-07-31 00:00:00-04:00,29.465790392024747,29.876098008772157,29.29403536594257,29.58029556274414,438000,0.0,0.0
2024-08-01 00:00:00-04:00,29.122276531067026,29.21769719681714,28.521127610839788,28.69288444519043,589200,0.0,0.0
2024-08-02 00:00:00-04:00,28.635635454989217,29.112737008414566,28.42571142668134,29.084110260009766,464500,0.0,0.0
2024-08-05 00:00:00-04:00,27.91998217736716,28.607007735785697,27.862730502498433,28.416168212890625,904600,0.0,0.0
2024-08-06 00:00:00-04:00,27.719599549077838,28.330290775569047,27.70051687012342,28.110822677612305,1018000,0.0,0.0
2024-08-07 00:00:00-04:00,28.654719250640607,28.874185523030295,28.177617708924966,28.339832305908203,801200,0.0,0.0
2024-08-08 00:00:00-04:00,28.330288099337384,28.883725776690657,28.215782936437684,28.69288444519043,393500,0.0,0.0
2024-08-09 00:00:00-04:00,28.73419617659933,29.301002603051078,28.705374858648728,29.214540481567383,291700,0.203,0.0
2024-08-12 00:00:00-04:00,29.224148556695784,29.349037273887127,29.032010095389534,29.262575149536133,248500,0.0,0.0
2024-08-13 00:00:00-04:00,29.57960246872593,29.723705390280195,29.377856912655506,29.637243270874023,246500,0.0,0.0
2024-08-14 00:00:00-04:00,29.560388565063477,29.618029367811847,29.43549802134592,29.560388565063477,142300,0.0,0.0
2024-08-15 00:00:00-04:00,29.97348588108537,30.501863892736704,29.93505745648695,30.338546752929688,705200,0.0,0.0
2024-08-16 00:00:00-04:00,30.473040674639023,30.703605710752022,30.357759072766537,30.521076202392578,469800,0.0,0.0
2024-08-19 00:00:00-04:00,30.674787412277688,30.828497442295063,30.50186317041612,30.578718185424805,290300,0.0,0.0
2024-08-20 00:00:00-04:00,30.56911055030592,30.713213471906556,30.367366826538635,30.46343421936035,205400,0.0,0.0
2024-08-21 00:00:00-04:00,30.934174451712064,31.17434660791365,30.77085547983212,31.06867027282715,516700,0.0,0.0
2024-08-22 00:00:00-04:00,31.078276591055083,31.116705016875525,30.86692757851543,30.934175491333008,220000,0.0,0.0
2024-08-23 00:00:00-04:00,31.039849238865152,31.28962665637464,30.90534975972118,31.27041244506836,150500,0.0,0.0
2024-08-26 00:00:00-04:00,31.539406418027035,32.73065815124865,31.318444829624767,31.66429328918457,787600,0.0,0.0
2024-08-27 00:00:00-04:00,30.77085547983212,31.241594518471196,30.530685155998665,31.06867027282715,527400,0.0,0.0
2024-08-28 00:00:00-04:00,30.991812745866437,31.107098016931612,30.569111079502708,30.578718185424805,423800,0.0,0.0
2024-08-29 00:00:00-04:00,30.79967886503325,31.135918420380303,30.770855714049002,30.99181365966797,322600,0.0,0.0
2024-08-30 00:00:00-04:00,31.049455743766025,31.11670365363744,30.761249892211925,30.962993621826172,349600,0.0,0.0
2024-09-03 00:00:00-04:00,30.549898326436985,30.597933858341204,30.136803746269806,30.280906677246094,560700,0.0,0.0
2024-09-04 00:00:00-04:00,30.146408294673854,30.521078105035915,30.10798170244357,30.338546752929688,338100,0.0,0.0
2024-09-05 00:00:00-04:00,30.386579368061675,30.44422200290441,30.12719484074165,30.194442749023438,447600,0.0,0.0
2024-09-06 00:00:00-04:00,30.444221515012458,30.492255210910223,29.675669554071924,29.71409797668457,456000,0.0,0.0
2024-09-09 00:00:00-04:00,30.011913819028646,30.194445179319448,29.877417991639746,30.127197265625,433100,0.0,0.0
2024-09-10 00:00:00-04:00,30.290513471451977,30.425009294661304,30.088767904269822,30.35776138305664,267900,0.0,0.0
2024-09-11 00:00:00-04:00,24.73773120007926,24.74733830586637,23.623332581927272,23.969181060791016,5720500,0.0,0.0
2024-09-12 00:00:00-04:00,23.536870548859476,24.046036163242412,23.008492555199656,23.70018768310547,3513500,0.0,0.0
2024-09-13 00:00:00-04:00,24.12289133386722,24.33424216622793,24.026822107387588,24.07485580444336,1274700,0.0,0.0
2024-09-16 00:00:00-04:00,24.151710166357752,24.46873732251395,23.892325643952162,24.132497787475586,1605200,0.0,0.0
2024-09-17 00:00:00-04:00,24.401488471823786,24.65126771131256,24.142102127081447,24.180530548095703,1151100,0.0,0.0
2024-09-18 00:00:00-04:00,24.15171082076892,24.199746350195987,23.046919297099507,23.24866485595703,2863900,0.0,0.0
2024-09-19 00:00:00-04:00,23.82507671364103,23.911538834835035,23.652154303621128,23.805864334106445,996600,0.0,0.0
2024-09-20 00:00:00-04:00,23.431196521696805,23.623334992307534,23.36394860669353,23.53687286376953,584900,0.0,0.0
2024-09-23 00:00:00-04:00,23.431194824806024,23.517656947082425,23.296699004539676,23.36394691467285,496000,0.0,0.0
2024-09-24 00:00:00-04:00,23.565691338194704,23.62333213946971,23.431193692062305,23.584903717041016,698000,0.0,0.0
2024-09-25 00:00:00-04:00,24.23817382128394,24.987511616236546,24.1421045913103,24.756946563720703,1593300,0.0,0.0
2024-09-26 00:00:00-04:00,24.718516736874207,24.804978855709972,24.27660086937412,24.507165908813477,2068800,0.0,0.0
2024-09-27 00:00:00-04:00,24.641663954471923,24.689699487267017,24.516775233941114,24.612844467163086,829500,0.0,0.0
2024-09-30 00:00:00-04:00,24.132497772693103,24.199745679659582,23.79625640549267,23.949966430664062,1320400,0.0,0.0
2024-10-01 00:00:00-04:00,23.969181918415032,23.978787192177755,23.565692622759727,23.738615036010742,836800,0.0,0.0
2024-10-02 00:00:00-04:00,23.61372788554017,23.61372788554017,23.354341499926168,23.53687286376953,1678600,0.0,0.0
2024-10-03 00:00:00-04:00,23.258270783646058,23.296699208268567,22.960457822294156,23.191022872924805,617100,0.0,0.0
2024-10-04 00:00:00-04:00,23.248664583549406,23.584904123758704,23.200629054685173,23.421586990356445,724000,0.0,0.0
2024-10-07 00:00:00-04:00,23.018097290221878,23.05652571261289,22.720284346163677,22.758712768554688,941000,0.0,0.0
2024-10-08 00:00:00-04:00,22.566575276054834,22.835568747068056,22.52814868440615,22.624216079711914,1941100,0.0,0.0
2024-10-09 00:00:00-04:00,22.681858371432433,22.73949917421454,22.489719919001296,22.605003356933594,1013800,0.0,0.0
2024-10-10 00:00:00-04:00,22.73949790828736,22.8451742344782,22.518539982950127,22.547359466552734,674200,0.0,0.0
2024-10-11 00:00:00-04:00,22.537752320985284,22.585787847517157,22.412863616738367,22.451292037963867,518100,0.0,0.0
2024-10-14 00:00:00-04:00,22.480113021103822,22.691465687206886,22.403258005894006,22.61461067199707,937100,0.0,0.0
2024-10-15 00:00:00-04:00,22.547361227604494,22.585789651900047,22.14387193434181,22.172693252563477,876000,0.0,0.0
2024-10-16 00:00:00-04:00,21.557853730602943,22.115053072021812,21.5194253052239,22.018983840942383,1945100,0.0,0.0
2024-10-17 00:00:00-04:00,23.536872133006817,23.719403491183026,23.25827154250796,23.594512939453125,1550500,0.0,0.0
2024-10-18 00:00:00-04:00,23.51765582501237,23.853897192003675,23.498441613785886,23.76743507385254,912000,0.0,0.0
2024-10-21 00:00:00-04:00,23.44080055136377,23.59451057472736,23.39276685620065,23.479228973388672,1137400,0.0,0.0
2024-10-22 00:00:00-04:00,23.402376409530362,23.700189381901726,23.402376409530362,23.690582275390625,690600,0.0,0.0
2024-10-23 00:00:00-04:00,23.873110886220346,24.03642801337249,23.767434559131313,23.83468246459961,670500,0.0,0.0
2024-10-24 00:00:00-04:00,23.738614483522642,23.777042907151692,23.594511559649888,23.709794998168945,513600,0.0,0.0
2024-10-25 00:00:00-04:00,23.940360600022462,24.026822722832037,23.719402656117165,23.738615036010742,399000,0.0,0.0
2024-10-28 00:00:00-04:00,23.97878730822847,24.247780784089905,23.97878730822847,24.19974708557129,522000,0.0,0.0
2024-10-29 00:00:00-04:00,24.343847641408242,24.680088995379332,24.27659973708762,24.545591354370117,872900,0.0,0.0
2024-10-30 00:00:00-04:00,24.39188350138569,24.699303566933764,24.13249896630958,24.190139770507812,1080900,0.0,0.0
2024-10-31 00:00:00-04:00,24.218958846515385,24.430311512278625,23.94036010396579,24.353456497192383,538700,0.0,0.0
2024-11-01 00:00:00-04:00,24.89144175563737,25.00672519515866,24.622448284999766,24.728124618530273,518700,0.0,0.0
2024-11-04 00:00:00-05:00,24.564807891845703,24.737732137832758,24.391883645858652,24.564807891845703,795000,0.0,0.0
2024-11-05 00:00:00-05:00,24.910656842941812,25.46785618340962,24.910656842941812,25.410215377807617,616500,0.0,0.0
2024-11-06 00:00:00-05:00,25.46785545349121,25.544710469547244,25.102792752948968,25.46785545349121,401100,0.0,0.0
2024-11-07 00:00:00-05:00,25.69842075418543,25.98662660913558,25.583137312784487,25.9385929107666,667700,0.0,0.0
2024-11-08 00:00:00-05:00,25.47746342379594,25.67920716064857,25.371787085996075,25.41982078552246,523500,0.0,0.0
2024-11-11 00:00:00-05:00,25.535103711243398,25.736849276368027,25.39100078322189,25.669599533081055,596400,0.0,0.0
2024-11-12 00:00:00-05:00,25.093186913699345,25.227682730674026,24.78576502403595,25.073972702026367,1216300,0.0,0.0
2024-11-13 00:00:00-05:00,24.83380085130791,25.016332199656027,24.53598789627432,24.814586639404297,1156600,0.0,0.0
2024-11-14 00:00:00-05:00,24.939476928328634,25.01633378080078,24.603237360604066,24.612844467163086,878500,0.0,0.0
2024-11-15 00:00:00-05:00,24.853014808481618,24.920262717086906,24.420704206921787,24.52638053894043,1023100,0.0,0.0
2024-11-18 00:00:00-05:00,24.680090415940867,25.035544168486012,24.670483310146665,24.977903366088867,755200,0.0,0.0
2024-11-19 00:00:00-05:00,24.89144166307827,25.045151693623016,24.708910314668355,24.99711799621582,624500,0.0,0.0
2024-11-20 00:00:00-05:00,24.833800186307098,24.88183388241178,24.564806723963944,24.689697265625,547100,0.0,0.0
2024-11-21 00:00:00-05:00,24.420706000719147,24.680092380707997,24.39188468104209,24.612844467163086,945900,0.0,0.0
2024-11-22 00:00:00-05:00,24.74733980033502,24.9779048560451,24.74733980033502,24.958690643310547,881700,0.0,0.0
2024-11-25 00:00:00-05:00,25.44863879902021,25.679203825060444,25.24689508837298,25.352569580078125,700400,0.0,0.0
2024-11-26 00:00:00-05:00,24.939474942912057,25.016331789265678,24.65126909855826,24.977903366088867,965700,0.0,0.0
2024-11-27 00:00:00-05:00,24.53598737274811,24.824193215680424,24.53598737274811,24.699302673339844,1158300,0.0,0.0
2024-11-29 00:00:00-05:00,24.065248825016887,24.59362865724734,24.065248825016887,24.535987854003906,514200,0.0,0.0
2024-12-02 00:00:00-05:00,24.60323591301386,24.968296778936256,24.60323591301386,24.910655975341797,754500,0.0,0.0
2024-12-03 00:00:00-05:00,24.68969961711139,24.997119699143855,24.680092510501847,24.804981231689453,627900,0.0,0.0
2024-12-04 00:00:00-05:00,24.8241934473819,25.170041928023174,24.76655264473105,25.073972702026367,602800,0.0,0.0
2024-12-05 00:00:00-05:00,24.939474942912057,25.112399182471563,24.87222703472071,24.977903366088867,546400,0.0,0.0
2024-12-06 00:00:00-05:00,25.256504410075,25.515888941904503,25.24689730410085,25.458248138427734,531800,0.0,0.0
2024-12-09 00:00:00-05:00,25.554317892148138,25.79449004934433,25.525496573632065,25.573532104492188,486200,0.0,0.0
2024-12-10 00:00:00-05:00,25.50628053754104,25.554316064966535,25.256503124400524,25.304536819458008,590100,0.0,0.0
2024-12-11 00:00:00-05:00,25.842524095823602,26.101910468856655,25.75606197147925,25.77527618408203,872000,0.0,0.0
2024-12-12 00:00:00-05:00,24.90104808023505,24.949081776313562,24.449525107045652,24.507165908813477,889500,0.0,0.0
2024-12-13 00:00:00-05:00,25.41982054630734,25.583137688475592,25.21807681135323,25.314146041870117,967400,0.0,0.0
2024-12-16 00:00:00-05:00,25.19886121496978,25.43903336188875,25.054758293292014,25.246896743774414,898100,0.0,0.0
2024-12-17 00:00:00-05:00,25.275717161993285,25.419820088992044,25.006725520227107,25.016332626342773,737600,0.0,0.0
2024-12-18 00:00:00-05:00,25.38139118667723,25.400605397159683,24.535986081496855,24.545591354370117,618200,0.0,0.0
2024-12-19 00:00:00-05:00,24.353457017035222,24.584022067215532,23.978787207170093,24.286209106445312,1627900,0.0,0.0
2024-12-20 00:00:00-05:00,24.161319004416697,24.622449113277654,24.161319004416697,24.401491165161133,556300,0.0,0.0
2024-12-23 00:00:00-05:00,24.22856532753,24.391882459421907,24.113283724058093,24.324634552001953,425500,0.0,0.0
2024-12-24 00:00:00-05:00,24.25738813022985,24.401491059579364,24.084463882063165,24.305421829223633,176500,0.0,0.0
2024-12-26 00:00:00-05:00,24.305422554379142,24.737733187693895,24.305422554379142,24.612844467163086,422400,0.0,0.0
2024-12-27 00:00:00-05:00,24.430312065781454,24.449526278080363,24.199747015298954,24.38227653503418,386200,0.0,0.0
2024-12-30 00:00:00-05:00,24.03642900434416,24.199746138229525,23.825076341452466,24.065248489379883,493700,0.0,0.0
2024-12-31 00:00:00-05:00,24.122890829742094,24.593628014049816,24.122890829742094,24.324634552001953,329000,0.0,0.0
2025-01-02 00:00:00-05:00,24.430312028747554,24.459131514784094,24.00760852065301,24.10367774963379,398300,0.0,0.0
2025-01-03 00:00:00-05:00,24.04603704728681,24.094070745797072,23.901932287019736,24.017215728759766,462100,0.0,0.0
2025-01-06 00:00:00-05:00,23.873113111213364,24.10367816532265,23.86350600491279,23.94036102294922,627600,0.0,0.0
2025-01-07 00:00:00-05:00,23.805863133832716,23.873111039733438,23.440800455560204,23.565690994262695,625800,0.0,0.0
2025-01-08 00:00:00-05:00,23.10456019952234,23.277484441468157,22.960457275356855,23.162202835083008,474500,0.0,0.0
2025-01-10 00:00:00-05:00,22.96045699992976,22.96045699992976,22.32640267531309,22.508934020996094,716500,0.0,0.0
2025-01-13 00:00:00-05:00,22.816354549883265,23.00849300535584,22.576182396726598,22.98927879333496,629300,0.0,0.0
2025-01-14 00:00:00-05:00,22.777926844226798,22.787533950540233,22.33601094801779,22.384044647216797,699200,0.0,0.0
2025-01-15 00:00:00-05:00,22.595396708245588,22.922030984566426,22.384044039821443,22.902816772460938,852800,0.0,0.0
2025-01-16 00:00:00-05:00,22.720283138138488,23.10455817977673,22.61460864691793,23.066131591796875,752300,0.0,0.0
2025-01-17 00:00:00-05:00,23.142987422991588,23.200628223194805,22.873993968096578,22.922029495239258,646000,0.0,0.0
2025-01-21 00:00:00-05:00,22.71067758350132,22.931637350850096,22.66264388715527,22.777925491333008,1108600,0.0,0.0
2025-01-22 00:00:00-05:00,22.864387920628438,22.90281634412071,22.63382287677907,22.70107078552246,462100,0.0,0.0
2025-01-23 00:00:00-05:00,22.864389937343013,23.0277070868541,22.691467513479722,22.979673385620117,361900,0.0,0.0
2025-01-24 00:00:00-05:00,23.02770446298718,23.27748371215321,22.89320864896241,23.2198429107666,388500,0.0,0.0
2025-01-27 00:00:00-05:00,23.354338225647844,23.652152996577666,23.335125847174954,23.469621658325195,603800,0.0,0.0
2025-01-28 00:00:00-05:00,23.6521546443736,23.949967603683422,23.48883750558406,23.825077056884766,1040800,0.0,0.0
2025-01-29 00:00:00-05:00,23.92114594078638,24.036429379834416,23.671366683155718,23.805864334106445,516100,0.0,0.0
2025-01-30 00:00:00-05:00,23.777043470520024,24.190139872479676,23.700188453809027,24.10367774963379,549100,0.0,0.0
2025-01-31 00:00:00-05:00,24.046036110145426,24.28620825807284,23.978786369536568,24.065248489379883,541000,0.0,0.0
2025-02-03 00:00:00-05:00,23.67136869377609,23.901933759088006,23.517658650234807,23.53687286376953,499300,0.0,0.0
2025-02-04 00:00:00-05:00,23.450407599337154,23.8058631727234,23.373552587843914,23.661758422851562,322900,0.0,0.0
2025-02-05 00:00:00-05:00,23.94996864977875,24.08446447617359,23.75783018432766,24.055644989013672,377400,0.0,0.0
2025-02-06 00:00:00-05:00,23.690582169077043,24.286209943515043,23.623334256169308,23.959575653076172,308200,0.0,0.0
2025-02-07 00:00:00-05:00,24.084463321903577,24.084463321903577,23.767436151760837,23.91153907775879,311400,0.0,0.0
2025-02-10 00:00:00-05:00,23.9211465035325,24.20935419174864,23.901932291177793,24.19974708557129,260000,0.0,0.0
2025-02-11 00:00:00-05:00,24.199745330243033,24.411096153710027,24.17092401380153,24.391881942749023,310600,0.0,0.0
2025-02-12 00:00:00-05:00,24.526379770798627,24.968295632003347,24.382275019879845,24.949081420898438,387000,0.0,0.0
2025-02-13 00:00:00-05:00,25.05475864350101,25.496676352840318,25.016332052288252,25.448640823364258,451200,0.0,0.0
2025-02-14 00:00:00-05:00,26.130729658598675,26.294046787678717,25.93859121296285,25.948198318481445,467000,0.0,0.0
2025-02-18 00:00:00-05:00,26.09230357415157,26.178765699197086,25.93859353681913,25.96741485595703,263600,0.0,0.0
2025-02-19 00:00:00-05:00,25.573530179121864,25.631170979446228,25.3813917348833,25.39099884033203,434100,0.0,0.0
2025-02-20 00:00:00-05:00,24.958688958200174,25.198861104062072,24.9298694734123,25.150827407836914,395900,0.0,0.0
2025-02-21 00:00:00-05:00,24.94908088171673,24.968295092406393,24.315026587901713,24.372669219970703,464700,0.0,0.0
2025-02-24 00:00:00-05:00,24.516772930876492,25.025936704096967,24.35345579945135,24.776159286499023,509600,0.0,0.0
2025-02-25 00:00:00-05:00,24.80498050178015,24.96829764460017,24.545594128059854,24.862621307373047,566600,0.0,0.0
2025-02-26 00:00:00-05:00,25.0739716146822,25.218074531244284,24.901047381860504,24.929868698120117,440700,0.0,0.0
2025-02-27 00:00:00-05:00,24.555199238033836,24.603234765762743,23.229449822972413,23.39276695251465,1437400,0.0,0.0
2025-02-28 00:00:00-05:00,24.151709994471904,24.44952476962641,23.94035916932795,24.218957901000977,1052500,0.0,0.0
2025-03-03 00:00:00-05:00,24.65127096246476,24.680092282026575,24.113285823888326,24.15171241760254,721700,0.0,0.0
2025-03-04 00:00:00-05:00,24.142102623356237,24.1901381506115,23.72900808316903,23.93075180053711,671800,0.0,0.0
2025-03-05 00:00:00-05:00,24.286208368935867,24.44952550356675,24.12289123430498,24.161317825317383,1063300,0.0,0.0
2025-03-06 00:00:00-05:00,22.14387093473993,22.537753104148393,21.346499490282795,21.75959587097168,2546600,0.0,0.0
2025-03-07 00:00:00-05:00,21.32728743610977,22.124658892708062,21.298466118750287,22.04780387878418,2288000,0.0,0.0
2025-03-10 00:00:00-04:00,21.500211025977915,21.500211025977915,20.83733718155504,20.91419219970703,1809900,0.0,0.0
2025-03-11 00:00:00-04:00,20.885372063747017,20.885372063747017,19.982324175034712,20.145641326904297,2822300,0.0,0.0
2025-03-12 00:00:00-04:00,20.078393076363177,20.23210311880979,19.79018720486784,19.943897247314453,1570400,0.0,0.0
2025-03-13 00:00:00-04:00,20.136034945447236,20.568345607843177,20.136034945447236,20.549131393432617,1495000,0.0,0.0
2025-03-14 00:00:00-04:00,20.74126596466922,21.058293113234914,20.74126596466922,21.000652313232422,665500,0.0,0.0
2025-03-17 00:00:00-04:00,21.096721651348766,21.41375066156939,21.067902164869192,21.279253005981445,584800,0.0,0.0
2025-03-18 00:00:00-04:00,21.125542624650656,21.154363943026972,20.991046803630795,21.0775089263916,483100,0.0,0.0
2025-03-19 00:00:00-04:00,21.173578501609402,21.41375066156939,20.904585022801673,21.279253005981445,687800,0.0,0.0
2025-03-20 00:00:00-04:00,21.39453604020568,21.76920401622644,21.384928934106668,21.62510108947754,1054600,0.0,0.0
2025-03-21 00:00:00-04:00,21.663527262461557,21.769203595138414,21.50021012667373,21.605886459350586,771800,0.0,0.0
2025-03-24 00:00:00-04:00,21.634705984487315,21.778808896508746,21.634705984487315,21.701953887939453,715900,0.0,0.0
2025-03-25 00:00:00-04:00,21.86527231259858,21.95173443143514,21.798024405140826,21.85566520690918,548500,0.0,0.0
2025-03-26 00:00:00-04:00,22.259155580097673,22.432079826285833,21.98055499849049,21.99976921081543,960300,0.0,0.0
2025-03-27 00:00:00-04:00,21.951735003710898,22.49932721570597,21.951735003710898,22.249547958374023,870400,0.0,0.0
2025-03-28 00:00:00-04:00,22.13426473460412,22.19190553366366,21.79802338074886,21.99015998840332,772800,0.0,0.0
2025-03-31 00:00:00-04:00,21.826844964627266,22.09583844007198,21.701956249251452,21.99976921081543,702400,0.0,0.0
2025-04-01 00:00:00-04:00,22.441685529158026,22.451292634719756,21.951734139717864,22.11505126953125,1552700,0.0,0.0
2025-04-02 00:00:00-04:00,22.05740950431311,22.336010079464625,22.05740950431311,22.249547958374023,480000,0.0,0.0
2025-04-03 00:00:00-04:00,22.355222616164326,22.40325630989612,21.836449928494748,21.894092559814453,1705600,0.0,0.0
2025-04-04 00:00:00-04:00,21.34889103193032,21.475908783371747,20.342512448950668,20.430448532104492,1516100,0.382,0.0
2025-04-07 00:00:00-04:00,19.951687344540407,20.99714764278351,19.150493540787952,19.433841705322266,2885300,0.0,0.0
2025-04-08 00:00:00-04:00,20.313201552973002,20.41090665496241,19.297052092555937,19.45338249206543,1032100,0.0,0.0
2025-04-09 00:00:00-04:00,19.52177587007836,21.30003547668457,19.365445478086954,21.30003547668457,948900,0.0,0.0
2025-04-10 00:00:00-04:00,20.8505878814483,21.417286067671125,20.66494482593923,21.339120864868164,1372600,0.0,0.0
2025-04-11 00:00:00-04:00,21.41728536191483,22.013296178400665,21.368432810624835,21.974212646484375,686400,0.0,0.0
2025-04-14 00:00:00-04:00,21.427056387674664,21.98398367595534,21.387972855497935,21.896047592163086,664600,0.0,0.0
2025-04-15 00:00:00-04:00,21.905817784091763,21.9253595495636,21.602927873699663,21.759258270263672,382100,0.0,0.0
2025-04-16 00:00:00-04:00,21.57361647327705,21.82765384828803,21.182790459262243,21.339120864868164,306600,0.0,0.0
2025-04-17 00:00:00-04:00,22.76563398060008,22.912195351694848,22.462744083307697,22.55068016052246,3532600,0.0,0.0
2025-04-21 00:00:00-04:00,22.433433112455546,22.472516644628964,21.98398367409355,22.423664093017578,547600,0.0,0.0
2025-04-22 00:00:00-04:00,22.6386186538271,22.892656030270004,21.99375526116643,22.277103424072266,3172300,0.0,0.0
2025-04-23 00:00:00-04:00,22.365037507557716,22.589764077410166,21.935129860025384,22.071918487548828,2331600,0.0,0.0
2025-04-24 00:00:00-04:00,21.915590152858865,22.28687440397274,21.72017621210075,22.238021850585938,426300,0.0,0.0
2025-04-25 00:00:00-04:00,22.443203849460215,22.54091081565259,22.30641521495411,22.501829147338867,431600,0.0,0.0
2025-04-28 00:00:00-04:00,22.208708077498205,22.39435112547159,22.013296010225755,22.33572769165039,1040500,0.0,0.0
2025-04-29 00:00:00-04:00,22.355268278710117,22.52136956596318,22.286873959889224,22.472517013549805,449500,0.0,0.0
2025-04-30 00:00:00-04:00,22.521368730012888,22.54091049569505,22.140313617237425,22.41389274597168,740200,0.0,0.0
2025-05-01 00:00:00-04:00,22.42366321405295,22.589764492068355,22.179396738360023,22.36503791809082,576300,0.0,0.0
2025-05-02 00:00:00-04:00,23.156462870497183,23.52774709724168,23.13692110498291,23.303022384643555,681900,0.0,0.0
2025-05-05 00:00:00-04:00,23.13692101187176,23.478894452573957,23.05875581373457,23.342103958129883,379100,0.0,0.0
2025-05-06 00:00:00-04:00,23.615683675871495,23.713390641895536,23.459353275675177,23.55706024169922,1214000,0.0,0.0
2025-05-07 00:00:00-04:00,23.136921040286577,23.16623182487069,22.667929850887468,22.814489364624023,643900,0.0,0.0
2025-05-08 00:00:00-04:00,22.921964364955805,22.970818776510868,22.69723966261826,22.834030151367188,610500,0.0,0.0
2025-05-09 00:00:00-04:00,22.80471816038803,22.85357070974304,22.667929531309767,22.726552963256836,491800,0.0,0.0
2025-05-12 00:00:00-04:00,22.785175838508525,22.834030250275205,22.452973292916113,22.511598587036133,643600,0.0,0.0
2025-05-13 00:00:00-04:00,22.77540453291006,22.80471717942534,22.570221598118767,22.74609375,580000,0.0,0.0
2025-05-14 00:00:00-04:00,22.69724205447559,22.716783821156948,22.540911648235635,22.560453414916992,314500,0.0,0.0
2025-05-15 00:00:00-04:00,22.394349765397855,22.882882699317,22.36503711846482,22.834030151367188,592000,0.0,0.0
2025-05-16 00:00:00-04:00,22.71678142724028,22.853570052383965,22.64838711466844,22.834030151367188,358700,0.0,0.0
2025-05-19 00:00:00-04:00,22.902425527830676,23.127150240607413,22.902425527830676,23.019672393798828,676000,0.0,0.0
2025-05-20 00:00:00-04:00,22.99036095430718,23.156462229369012,22.921964776900904,23.12714958190918,419200,0.0,0.0
2025-05-21 00:00:00-04:00,23.234629152198877,23.35187602354015,22.69724175713422,22.71678352355957,624400,0.0,0.0
2025-05-22 00:00:00-04:00,22.687471188355076,22.89265601145416,22.599535101827676,22.804719924926758,396400,0.0,0.0
2025-05-23 00:00:00-04:00,22.931736294293728,23.3518749348239,22.931736294293728,23.303022384643555,532000,0.0,0.0
2025-05-27 00:00:00-04:00,23.469122960189225,23.478893842653218,23.254167273191953,23.410497665405273,350700,0.0,0.0
2025-05-28 00:00:00-04:00,23.498435116183316,23.498435116183316,23.146692644965743,23.195545196533203,395600,0.0,0.0
2025-05-29 00:00:00-04:00,23.303022207352008,23.322563972717603,22.941507002509756,23.136920928955078,350700,0.0,0.0
2025-05-30 00:00:00-04:00,23.14669213138543,23.26393899798801,22.980590850693986,23.224857330322266,634000,0.0,0.0
2025-06-02 00:00:00-04:00,23.43003868543204,24.289857678874718,23.381186138270508,23.84040641784668,1085600,0.0,0.0
2025-06-03 00:00:00-04:00,23.43003910720331,23.469122636520265,23.078296661376953,23.078296661376953,729000,0.0,0.0
2025-06-04 00:00:00-04:00,23.361646013379097,23.410498563968886,23.166232083809252,23.185773849487305,380400,0.0,0.0
2025-06-05 00:00:00-04:00,23.263939514169806,23.332333831806405,23.146692644965743,23.195545196533203,356000,0.0,0.0
2025-06-06 00:00:00-04:00,23.23462835830499,23.29325179197255,23.136921393122158,23.146692276000977,322600,0.0,0.0
2025-06-09 00:00:00-04:00,23.23462765520171,23.371416284155103,23.136920692975586,23.254167556762695,697500,0.0,0.0
2025-06-10 00:00:00-04:00,23.74270226506734,23.7524731483751,23.49843577318967,23.615684509277344,557100,0.0,0.0
2025-06-11 00:00:00-04:00,23.32256373484469,23.478894128964367,23.19554412486914,23.254167556762695,418000,0.0,0.0
2025-06-12 00:00:00-04:00,23.273711082105407,23.342105401754726,23.146693326128883,23.332334518432617,510000,0.0,0.0
2025-06-13 00:00:00-04:00,23.09783741453686,23.17600261244913,22.814489270956877,22.85357093811035,896600,0.0,0.0
2025-06-16 00:00:00-04:00,23.49843299441923,23.54728740518082,23.293250060036183,23.31279182434082,564500,0.0,0.0
2025-06-17 00:00:00-04:00,23.381186801595273,23.400728566456376,22.91219562656046,22.921964645385742,588400,0.0,0.0
2025-06-18 00:00:00-04:00,22.902425172705943,22.95127772216761,22.658158698187,22.687469482421875,516500,0.0,0.0
2025-06-20 00:00:00-04:00,23.02944277483204,23.07829718759218,22.736323752692375,22.765634536743164,728500,0.0,0.0
2025-06-23 00:00:00-04:00,22.755865646720043,23.019672022698224,22.716782116290503,22.9708194732666,1127600,0.0,0.0
2025-06-24 00:00:00-04:00,23.51797574571649,23.53751751084125,23.166231427892022,23.293251037597656,756000,0.0,0.0
2025-06-25 00:00:00-04:00,23.07829783544059,23.097837737487872,22.85357125764606,22.94150733947754,594300,0.0,0.0
2025-06-26 00:00:00-04:00,23.27370953360712,23.684077287804957,23.2346278665244,23.664535522460938,688400,0.0,0.0
2025-06-27 00:00:00-04:00,23.752471267668593,24.0162795052736,23.67430607100103,23.859949111938477,1073000,0.0,0.0
2025-06-30 00:00:00-04:00,23.693847616513573,23.74270016512613,23.400728597627676,23.449581146240234,1133700,0.0,0.0
2025-07-01 00:00:00-04:00,23.45935344628582,23.74270159985031,23.420269914149813,23.723161697387695,891000,0.0,0.0
2025-07-02 00:00:00-04:00,23.547289556432304,23.547289556432304,23.136921786570298,23.43981170654297,641800,0.0,0.0
2025-07-03 00:00:00-04:00,23.449582392712237,23.586371026982672,23.4007298415029,23.55706024169922,310000,0.0,0.0
2025-07-07 00:00:00-04:00,23.361646895699863,23.566831715858143,23.185774725165746,23.244400024414062,692900,0.0,0.0
2025-07-08 00:00:00-04:00,22.619076239116175,22.83403193958191,22.579994570416748,22.628847122192383,560000,0.0,0.0
2025-07-09 00:00:00-04:00,22.462744688094258,22.521368119947397,22.1989364493472,22.48228645324707,885500,0.0,0.0
2025-07-10 00:00:00-04:00,22.550680570753133,22.843799591064453,22.423662825579637,22.843799591064453,976400,0.0,0.0
2025-07-11 00:00:00-04:00,22.599533834248188,22.599533834248188,22.423663534663177,22.452974319458008,471400,0.0,0.0
2025-07-14 00:00:00-04:00,22.52136746531068,22.64838707150653,22.50182756433114,22.589763641357422,400100,0.0,0.0
2025-07-15 00:00:00-04:00,22.7460950337335,22.814489349190602,22.26733296192845,22.28687286376953,470600,0.0,0.0
2025-07-16 00:00:00-04:00,22.472516353182524,22.579994201660156,22.286873304977167,22.579994201660156,896100,0.0,0.0
2025-07-17 00:00:00-04:00,22.589764652654285,22.834031130083652,22.589764652654285,22.814489364624023,694000,0.0,0.0
2025-07-18 00:00:00-04:00,23.361646799637985,23.478895534047084,23.234629045666424,23.28348159790039,476100,0.0,0.0
2025-07-21 00:00:00-04:00,23.49843459479852,23.517976360434066,23.20531556468672,23.224857330322266,632000,0.0,0.0
2025-07-22 00:00:00-04:00,23.996737684970892,24.153068077946187,23.713389546555156,24.14329719543457,862900,0.0,0.0
2025-07-23 00:00:00-04:00,24.27031900091474,24.56343804836901,24.14329938037389,24.514585494995117,1127600,0.0,0.0
2025-07-24 00:00:00-04:00,24.495041856937412,24.944493140784914,24.495041856937412,24.75885009765625,1339600,0.0,0.0
2025-07-25 00:00:00-04:00,24.260546832890526,24.475500665401203,24.172610750589488,24.446189880371094,698600,0.0,0.0
2025-07-28 00:00:00-04:00,23.996737897649563,24.016279662845992,23.430039752190265,23.49843406677246,912800,0.0,0.0
2025-07-29 00:00:00-04:00,23.029443193863948,23.029443193863948,22.540910239005214,22.814489364624023,1163300,0.0,0.0
2025-07-30 00:00:00-04:00,22.296642902473245,22.746094172700435,22.24779035431182,22.511598587036133,870400,0.0,0.0
2025-07-31 00:00:00-04:00,24.563436718407473,24.924951930058967,24.182381604627658,24.201923370361328,2573000,0.0,0.0
2025-08-01 00:00:00-04:00,23.469123390925073,23.6938481009055,23.176002502441406,23.176002502441406,891500,0.0,0.0
2025-08-04 00:00:00-04:00,23.058757301160867,23.058757301160867,22.71678383839936,22.804719924926758,603900,0.0,0.0
2025-08-05 00:00:00-04:00,22.990361465587803,23.195544411553843,22.892654502154077,23.097837448120117,675900,0.0,0.0
2025-08-06 00:00:00-04:00,23.459353275675177,23.762243193104872,23.351875426688192,23.55706024169922,919800,0.0,0.0
2025-08-07 00:00:00-04:00,24.01627884419376,24.514582658084986,24.00650796192861,24.495040893554688,736200,0.0,0.0
2025-08-08 00:00:00-04:00,24.6122907279972,24.866328087541262,24.602519845291045,24.68068504333496,1052600,0.0,0.0
2025-08-11 00:00:00-04:00,24.504814515299532,24.71976835834757,24.48527274858459,24.553667068481445,769600,0.0,0.0
2025-08-12 00:00:00-04:00,24.62206148303861,24.876096977660183,24.35825324215623,24.475500106811523,1223900,0.0,0.0
2025-08-13 00:00:00-04:00,24.524354964702336,24.83701576092524,24.436418882813975,24.76862144470215,1034300,0.0,0.0
2025-08-14 00:00:00-04:00,24.817473869726168,24.817473869726168,24.514583957868,24.56343650817871,448300,0.0,0.0
2025-08-15 00:00:00-04:00,24.498238692847274,24.517995789755908,24.201889775779627,24.231525421142578,494300,0.274,0.0
2025-08-18 00:00:00-04:00,24.053714964017416,24.142620014660235,23.84626921780403,23.85614776611328,1147600,0.0,0.0
2025-08-19 00:00:00-04:00,23.915418513426328,24.241404973497346,23.895663299840045,24.014202117919922,836200,0.0,0.0
2025-08-20 00:00:00-04:00,24.112985889189485,24.359943960061265,24.112985889189485,24.20189094543457,586300,0.0,0.0
2025-08-21 00:00:00-04:00,23.89566308815239,23.90554163692829,23.678338783363614,23.875905990600586,487600,0.0,0.0
2025-08-22 00:00:00-04:00,23.935173993993157,24.320429837074624,23.935173993993157,24.103105545043945,510700,0.0,0.0
2025-08-25 00:00:00-04:00,24.11298465200941,24.1821326068432,23.579556226048396,23.609189987182617,454200,0.0,0.0
2025-08-26 00:00:00-04:00,23.54004304484705,23.777122564820306,23.54004304484705,23.727731704711914,729800,0.0,0.0
2025-08-27 00:00:00-04:00,23.3227195140959,23.81663562826725,23.263448223814216,23.70797348022461,1206200,0.0,0.0
2025-08-28 00:00:00-04:00,23.925297227767576,24.34018686219779,23.658583943172875,24.20189094543457,1945000,0.0,0.0
2025-08-29 00:00:00-04:00,24.271037171023316,24.735319516965504,24.201889217578415,24.389577865600586,2131600,0.0,0.0
2025-09-02 00:00:00-04:00,23.688217157151783,24.033958825192187,23.648704846480587,24.024080276489258,755800,0.0,0.0
2025-09-03 00:00:00-04:00,24.004323391444522,24.211769147760197,23.915418336472168,24.162376403808594,455100,0.0,0.0
2025-09-04 00:00:00-04:00,24.53775331827616,24.873616435068804,24.508117672391926,24.84398078918457,838800,0.0,0.0
2025-09-05 00:00:00-04:00,25.18972199590342,25.337896454345348,25.11069549245836,25.239112854003906,462900,0.0,0.0
2025-09-08 00:00:00-04:00,25.387289157631145,25.654002428761174,25.199600505684455,25.62436866760254,500800,0.0,0.0
2025-09-09 00:00:00-04:00,25.45643665227353,25.486070412896396,25.17984295357078,25.347774505615234,307700,0.0,0.0
2025-09-10 00:00:00-04:00,25.407044255111682,25.416922803499908,24.99215464350855,25.05142593383789,459600,0.0,0.0
2025-09-11 00:00:00-04:00,25.021789886445863,25.407043846691337,25.002032789987013,25.397165298461914,586300,0.0,0.0
2025-09-12 00:00:00-04:00,25.31814060009679,25.347776246895915,24.99215602186861,25.16008758544922,562000,0.0,0.0
2025-09-15 00:00:00-04:00,25.0613058782892,25.199601795147327,24.76495506255535,24.8242244720459,636900,0.0,0.0
2025-09-16 00:00:00-04:00,24.85385837897324,24.863736927220213,24.626657421714157,24.676048278808594,546200,0.0,0.0
2025-09-17 00:00:00-04:00,24.774832113750996,25.110695220794018,24.43896900670797,24.478483200073242,800400,0.0,0.0
2025-09-18 00:00:00-04:00,24.517996793641633,24.695806904818816,24.310552920028616,24.350065231323242,680000,0.0,0.0
2025-09-19 00:00:00-04:00,24.25127999970278,24.280915644290715,24.02407904361654,24.103105545043945,558000,0.0,0.0
2025-09-22 00:00:00-04:00,24.04383659362793,24.103105999781576,23.885783587791234,24.04383659362793,454600,0.0,0.0
2025-09-23 00:00:00-04:00,24.043836984090422,24.132742036834905,23.688216773112497,23.698095321655273,505200,0.0,0.0
2025-09-24 00:00:00-04:00,23.846269282470317,24.320430181897983,23.688216277374572,23.8067569732666,707400,0.0,0.0
2025-09-25 00:00:00-04:00,23.737610531601177,23.856149350905984,23.579557516434388,23.81663703918457,714500,0.0,0.0
2025-09-26 00:00:00-04:00,24.16237652761711,24.458727340423646,24.16237652761711,24.399457931518555,471600,0.0,0.0
2025-09-29 00:00:00-04:00,24.201889217578415,24.39945641382706,24.152498360586463,24.389577865600586,710200,0.0,0.0
2025-09-30 00:00:00-04:00,24.72544186578091,24.972399927981172,24.626658264072706,24.942764282226562,959200,0.0,0.0
2025-10-01 00:00:00-04:00,25.051426215955775,25.2786271790222,25.002033473458418,25.140331268310547,558500,0.0,0.0
2025-10-02 00:00:00-04:00,25.337896736027478,25.73302925764547,25.30826297449393,25.663881301879883,526400,0.0,0.0
2025-10-03 00:00:00-04:00,26.177554803593644,26.276338406095682,26.059014103763097,26.08864974975586,576700,0.0,0.0
2025-10-06 00:00:00-04:00,26.14791859384164,26.414633749604516,26.08864918727449,26.246702194213867,637200,0.0,0.0
2025-10-07 00:00:00-04:00,26.987576378583977,27.293803844099845,26.957942617362082,27.254291534423828,679400,0.0,0.0
2025-10-08 00:00:00-04:00,27.560518719335303,27.619788125316116,27.402465713959508,27.501249313354492,527800,0.0,0.0
2025-10-09 00:00:00-04:00,26.92830736198453,26.92830736198453,26.493660644410866,26.57268714904785,404000,0.0,0.0
2025-10-10 00:00:00-04:00,26.720861719528827,26.839402419041672,26.375121937909075,26.47390365600586,568500,0.0,0.0
2025-10-13 00:00:00-04:00,26.592444137775196,26.780132792075165,26.503539084903657,26.671470642089844,329100,0.0,0.0
2025-10-14 00:00:00-04:00,26.08865029565774,26.74061944801687,26.019502337701553,26.602323532104492,615600,0.0,0.0
2025-10-15 00:00:00-04:00,26.631956903985472,26.84928120767821,26.51341808755354,26.612201690673828,505000,0.0,0.0
2025-10-16 00:00:00-04:00,26.651712757210582,26.651712757210582,26.157796648807984,26.355363845825195,507300,0.0,0.0
2025-10-17 00:00:00-04:00,26.365243455324517,26.55293022749103,26.286216950164803,26.42451286315918,546900,0.0,0.0
2025-10-20 00:00:00-04:00,26.473904069436674,26.54305391098101,26.207190788613513,26.464027404785156,431600,0.0,0.0
2025-10-21 00:00:00-04:00,26.602321908954973,26.809765770166283,26.464026001480768,26.691226959228516,441600,0.0,0.0
2025-10-22 00:00:00-04:00,26.681349471416254,26.918428986854995,26.61220151493085,26.7603759765625,457000,0.0,0.0
2025-10-23 00:00:00-04:00,29.61520992424544,29.733750621351724,28.91384994246636,29.31886100769043,1676600,0.0,0.0
2025-10-24 00:00:00-04:00,29.052147022790827,29.50655084850855,28.903972558543508,28.9533634185791,1551600,0.0,0.0
2025-10-27 00:00:00-04:00,29.09166043440648,29.141051293111495,28.775552532616757,28.973119735717773,1039000,0.0,0.0
2025-10-28 00:00:00-04:00,28.617499703848395,28.617499703848395,28.10382836400669,28.15321922302246,1357000,0.0,0.0
2025-10-29 00:00:00-04:00,27.89638182068937,27.935896014094894,27.07648114892919,27.165386199951172,683800,0.0,0.0
2025-10-30 00:00:00-04:00,27.165386199951172,27.412344256314366,27.115995342334713,27.165386199951172,782500,0.0,0.0
2025-10-31 00:00:00-04:00,27.10611756883513,27.540762403877928,26.888793267173234,27.48149299621582,1085400,0.0,0.0
2025-11-03 00:00:00-05:00,27.27404962474625,27.461736399789334,27.076482416748703,27.372831344604492,1039700,0.0,0.0
2025-11-04 00:00:00-05:00,27.00733291188317,27.254290965661077,26.938184958287824,27.076480865478516,1162800,0.0,0.0
2025-11-05 00:00:00-05:00,27.096238592461535,27.37283041327878,27.056724398550234,27.20490074157715,1138600,0.0,0.0
2025-11-06 00:00:00-05:00,27.165386410734808,27.323439417302392,26.58256524246417,26.631956100463867,1787100,0.0,0.0
2025-11-07 00:00:00-05:00,26.543053558445447,26.819645384387062,26.493660815141226,26.7603759765625,846700,0.0,0.0
2025-11-10 00:00:00-05:00,26.888793379252412,27.19502273575416,26.75049746608421,27.046846389770508,1010300,0.0,0.0
2025-11-11 00:00:00-05:00,26.80976569584393,26.888792197630174,26.335606685126464,26.404754638671875,604600,0.0,0.0
2025-11-12 00:00:00-05:00,26.226945378697206,26.434391130118588,26.138040325822395,26.335607528686523,756300,0.0,0.0
2025-11-13 00:00:00-05:00,26.276338620800058,26.37512222410926,26.16767646874588,26.226945877075195,798700,0.0,0.0
2025-11-14 00:00:00-05:00,25.8713261723445,26.25658013228578,25.8713261723445,26.118284225463867,519600,0.0,0.0
2025-11-17 00:00:00-05:00,26.345486078238235,26.493660538321684,25.861448503757384,25.999744415283203,1329000,0.0,0.0
2025-11-18 00:00:00-05:00,25.792301389261237,26.01950236107583,25.654003589084077,25.93059730529785,1084000,0.0,0.0
2025-11-19 00:00:00-05:00,25.703394934512716,25.93059589396134,25.66388074114403,25.82193374633789,1844300,0.0,0.0
2025-11-20 00:00:00-05:00,25.950352769563604,26.039257819745288,25.683637619018555,25.683637619018555,1022000,0.0,0.0
2025-11-21 00:00:00-05:00,26.226945035616875,26.661591745747963,26.167675629189148,26.631956100463867,1250500,0.0,0.0
2025-11-24 00:00:00-05:00,26.296095218597987,26.483781988764378,26.246702475811713,26.335607528686523,648100,0.0,0.0
2025-11-25 00:00:00-05:00,26.355364348171726,26.99745492450559,26.325728702812146,26.918428421020508,856100,0.0,0.0
2025-11-26 00:00:00-05:00,26.79001172666141,27.076482102377206,26.7011066725088,26.997455596923828,718700,0.0,0.0
2025-11-28 00:00:00-05:00,27.264169628532784,27.45185827775239,27.244412531953785,27.313560485839844,265300,0.0,0.0
2025-12-01 00:00:00-05:00,27.49137150193774,27.73832956497496,27.451859191604843,27.530885696411133,528000,0.0,0.0
2025-12-02 00:00:00-05:00,27.165385988823903,27.481491997049567,27.135750344000087,27.362953186035156,481400,0.0,0.0
2025-12-03 00:00:00-05:00,27.777843131826483,28.103827692304588,27.758086035036182,28.07419204711914,607000,0.0,0.0
2025-12-04 00:00:00-05:00,28.084070768244047,28.301393181852596,27.85686980617959,27.92601776123047,709800,0.0,0.0
2025-12-05 00:00:00-05:00,27.935895750098908,28.153218159354246,27.916138653582852,28.084070205688477,380700,0.0,0.0
2025-12-08 00:00:00-05:00,27.876624912142063,28.192732809098516,27.866746363724005,28.02480125427246,846000,0.0,0.0
2025-12-09 00:00:00-05:00,27.985288069052977,28.04455747755664,27.362954569413187,27.471614837646484,640900,0.0,0.0
2025-12-10 00:00:00-05:00,28.024801578427383,28.459446409006564,27.85687002165891,28.400177001953125,855800,0.0,0.0
2025-12-11 00:00:00-05:00,28.755797104577105,28.91385011221977,28.666892052260547,28.834823608398438,847100,0.0,0.0
2025-12-12 00:00:00-05:00,28.281637147831944,28.4001778496174,28.093950372537396,28.331029891967773,594100,0.0,0.0
2025-12-15 00:00:00-05:00,28.469324217511435,28.67676996301687,28.321149761659225,28.370540618896484,794500,0.0,0.0
2025-12-16 00:00:00-05:00,28.16309794237766,28.5582304693206,28.10382853437135,28.34090805053711,604300,0.0,0.0
2025-12-17 00:00:00-05:00,28.40017650574795,28.824944664513783,28.40017650574795,28.508838653564453,538100,0.0,0.0
2025-12-18 00:00:00-05:00,29.457157350456317,29.793020465696355,29.447278801873907,29.5954532623291,975800,0.0,0.0
2025-12-19 00:00:00-05:00,29.407767122613116,29.536184488658616,29.299104970015787,29.388010025024414,404700,0.0,0.0
2025-12-22 00:00:00-05:00,29.36825285244289,29.82265667512004,29.36825285244289,29.773263931274414,1257200,0.0,0.0
2025-12-23 00:00:00-05:00,29.812778090493367,29.812778090493367,29.41764556090622,29.486793518066406,358100,0.0,0.0
2025-12-24 00:00:00-05:00,29.6250897568576,29.674482501184798,29.486793841022536,29.52630615234375,317200,0.0,0.0
2025-12-26 00:00:00-05:00,29.59545360916236,29.634967803955078,29.476914793065223,29.634967803955078,326200,0.0,0.0
2025-12-29 00:00:00-05:00,29.516426823669065,29.64484607138646,29.4867930619962,29.546062469482422,320900,0.0,0.0
2025-12-30 00:00:00-05:00,29.634967914121596,29.74363006606501,29.526305762178186,29.536184310913086,365100,0.0,0.0
2025-12-31 00:00:00-05:00,29.486793570118277,29.644846582232145,29.07190394228425,29.101537704467773,625000,0.0,0.0
2026-01-02 00:00:00-05:00,29.53618359655255,29.723872249695237,29.081781670580273,29.506549835205078,1168200,0.0,0.0
2026-01-05 00:00:00-05:00,29.40776666223753,29.862168594820872,29.33861870590011,29.78314208984375,509200,0.0,0.0
2026-01-06 00:00:00-05:00,30.87963587458923,31.106836836315967,30.444989163877736,30.66231346130371,703900,0.0,0.0
2026-01-07 00:00:00-05:00,30.859878777706783,30.92902673265488,30.5437727641495,30.66231346130371,614200,0.0,0.0
2026-01-08 00:00:00-05:00,30.682069318021806,31.09695894055884,30.54377340522296,31.07720184326172,575700,0.0,0.0
2026-01-09 00:00:00-05:00,30.968541425311077,31.422943356084797,30.93890577950999,31.225378036499023,298000,0.0,0.0
2026-01-12 00:00:00-05:00,31.40318874920427,31.808199828934647,31.274769499061158,31.353796005249023,614600,0.0,0.0
2026-01-13 00:00:00-05:00,30.60304210929234,31.195741825594016,30.2474237868237,31.04756736755371,2294000,0.0,0.0
2026-01-14 00:00:00-05:00,30.840121615332656,31.008053170195904,30.5338941508669,30.71170425415039,1468100,0.0,0.0
2026-01-15 00:00:00-05:00,30.731461567871147,31.067324679967914,30.682068825421343,30.850000381469727,951300,0.0,0.0
2026-01-16 00:00:00-05:00,30.58328639697676,31.205621786716247,30.55365263451143,31.156230926513672,1563200,0.0,0.0
2026-01-20 00:00:00-05:00,30.42523304490065,31.19574289081703,30.385720734006245,31.116716384887695,2448200,0.0,0.0
2026-01-21 00:00:00-05:00,31.16610640042115,32.10454778153767,31.16610640042115,31.857589721679688,3110800,0.0,0.0
2026-01-22 00:00:00-05:00,32.104546814290956,32.44040991631015,32.065032621516735,32.36138153076172,2607700,0.0,0.0
2026-01-23 00:00:00-05:00,32.43053382009663,32.726882734530506,32.400896290856615,32.53919219970703,1809600,0.0,0.0
2026-01-26 00:00:00-05:00,32.598464819854094,32.80590869159299,32.31199255795884,32.4107780456543,978700,0.0,0.0
2026-01-27 00:00:00-05:00,32.54907172378782,33.05286448743675,32.41077581879716,33.04298782348633,1005500,0.0,0.0
2026-01-28 00:00:00-05:00,32.460168210526746,32.460168210526746,31.778561549002053,31.995885848999023,1130600,0.0,0.0
2026-01-29 00:00:00-05:00,32.104548567914335,32.17369652490582,31.54148447910878,31.837833404541016,922500,0.0,0.0
2026-01-30 00:00:00-05:00,30.978420082214548,31.28464755333441,30.89939357727586,31.12659454345703,1608400,0.0,0.0
2026-02-02 00:00:00-05:00,31.185864654541355,31.501970681426073,30.978420780950962,31.49209213256836,1362400,0.0,0.0
2026-02-03 00:00:00-05:00,31.225377478019098,31.778561116621518,31.136472426346433,31.71929359436035,1601600,0.0,0.0
2026-02-04 00:00:00-05:00,31.98601100057056,32.29223660255467,31.610633670613296,32.09467315673828,3550400,0.0,0.0
2026-02-05 00:00:00-05:00,31.35379616245942,32.20333063720348,31.304405302397054,31.877347946166992,3736600,0.0,0.0
2026-02-06 00:00:00-05:00,31.501969232735856,31.946494490187813,31.3340376781585,31.76868438720703,3026800,0.0,0.0
2026-02-09 00:00:00-05:00,31.67977948731531,32.01564259807725,31.413064331567814,31.956371307373047,1069000,0.0,0.0
2026-02-10 00:00:00-05:00,31.818075677897674,32.37126309117176,31.758808154951815,32.0452766418457,1353500,0.0,0.0
2026-02-11 00:00:00-05:00,32.16382070190873,32.2724790883949,31.97613015520843,32.104549407958984,1293800,0.0,0.0
2026-02-12 00:00:00-05:00,30.316571509849528,30.849999931544417,29.6744809404903,29.901681900024414,2235100,0.0,0.0
2026-02-13 00:00:00-05:00,30.38572003690291,30.41535568249921,29.872046818076583,30.079492568969727,1473500,0.0,0.0
2026-02-17 00:00:00-05:00,30.188152769339766,30.524015882143832,30.178274220829,30.464746475219727,1051200,0.0,0.0
2026-02-18 00:00:00-05:00,30.929026435766094,31.255010994635462,30.76109488215821,31.245132446289062,1130400,0.0,0.0
2026-02-19 00:00:00-05:00,30.919148229144984,31.304404082350676,30.830243177185245,30.94878387451172,952300,0.0,0.0
2026-02-20 00:00:00-05:00,31.008053668415414,31.650146137064894,30.998175119836446,31.610631942749023,1015700,0.0,0.0
2026-02-23 00:00:00-05:00,31.185863385024202,31.215499030390937,30.800609415958977,30.94878387451172,848300,0.0,0.0
2026-02-24 00:00:00-05:00,30.0597363528951,30.306694421014004,29.85229059592215,30.296815872192383,1523400,0.0,0.0
2026-02-25 00:00:00-05:00,30.41535607246247,30.504259242110262,30.24742451354463,30.40547752380371,853500,0.0,0.0
2026-02-26 00:00:00-05:00,30.41535516845031,30.879635636769347,30.277057375478755,30.859878540039062,1915500,0.0,0.0
2026-02-27 00:00:00-05:00,30.67219023498759,30.95866248838328,30.5141372276453,30.89939308166504,2281900,0.0,0.0
2026-03-02 00:00:00-05:00,30.267178539830486,30.67218959825492,30.247423327428155,30.435110092163086,1616400,0.0,0.0
2026-03-03 00:00:00-05:00,28.41005614692296,29.06202529061958,28.153219532112093,28.864458084106445,2034400,0.0,0.0
2026-03-04 00:00:00-05:00,28.311271949302732,28.568108558721597,28.10382808254546,28.400177001953125,2504300,0.0,0.0
2026-03-05 00:00:00-05:00,31.827956636019056,32.104548463081834,31.29452631101425,31.600753784179688,2732500,0.0,0.0
2026-03-06 00:00:00-05:00,31.01793200461097,31.571117532262015,30.80060958978318,31.472335815429688,2742900,0.0,0.0
2026-03-09 00:00:00-04:00,30.691948484143918,31.235257365902253,30.33632826220323,31.20562171936035,1432800,0.0,0.0
2026-03-10 00:00:00-04:00,30.95866327700025,31.008054136500185,30.336327896114188,30.543773651123047,950800,0.0,0.0
2026-03-11 00:00:00-04:00,30.91914778257846,31.393308680895565,30.761094777852904,31.343915939331055,1409000,0.0,0.0
2026-03-12 00:00:00-04:00,32.746642185890806,33.06274821978714,32.18357807749539,32.19345474243164,4838400,0.0,0.0
2026-03-13 00:00:00-04:00,32.21321021534865,32.460168277388085,31.818075808773166,31.946495056152344,2701000,0.0,0.0
2026-03-16 00:00:00-04:00,32.03539919030715,32.17369509815737,31.571116841140686,31.729169845581055,1579900,0.0,0.0
2026-03-17 00:00:00-04:00,31.966252087465243,32.163819290346034,31.916861228815286,31.995885848999023,1929200,0.0,0.0
2026-03-18 00:00:00-04:00,32.2230859050584,32.36138181269216,31.403187123395014,31.442699432373047,1501800,0.0,0.0
2026-03-19 00:00:00-04:00,31.185863842097575,31.53160550654829,30.87963637204831,31.225378036499023,1008300,0.0,0.0
2026-03-20 00:00:00-04:00,31.245133766544754,31.353795918806185,30.306694243668705,30.444990158081055,1674900,0.0,0.0
2026-03-23 00:00:00-04:00,30.938906062805092,31.22537832241724,30.553652084565805,30.97842025756836,1858900,0.0,0.0
2026-03-24 00:00:00-04:00,30.62279941862205,30.99817484053819,30.49438205653351,30.850000381469727,1165600,0.0,0.0
2026-03-25 00:00:00-04:00,31.19574260951816,31.215499706857468,30.71170502954811,31.02781105041504,802300,0.0,0.0
2026-03-26 00:00:00-04:00,30.64255594417787,30.988297598317192,30.31657138665004,30.336326599121094,1264900,0.0,0.0
2026-03-27 00:00:00-04:00,30.356083867097208,30.553651066046527,30.099247262119274,30.188152313232422,995100,0.0,0.0
2026-03-30 00:00:00-04:00,30.109127323569453,30.444990448177318,29.881926352258407,30.19803237915039,1227500,0.0,0.0
2026-03-31 00:00:00-04:00,30.435110490675243,31.462456914665513,30.227666626681312,31.09695816040039,1544600,0.0,0.0
2026-04-01 00:00:00-04:00,31.580995884310692,31.877346685385536,31.294525515826187,31.620508193969727,1001000,0.0,0.0
2026-04-02 00:00:00-04:00,31.343918498869208,32.45028962229414,31.30440618653147,32.381141662597656,1008100,0.0,0.0
2026-04-06 00:00:00-04:00,32.321871390012085,32.628096965998466,32.30211429345154,32.450286865234375,500200,0.0,0.0
2026-04-07 00:00:00-04:00,32.53919175902326,32.578705951954205,31.9761276987403,32.26259994506836,1209200,0.0,0.0
2026-04-08 00:00:00-04:00,33.398609659965715,33.67520148354342,33.13189450082394,33.289947509765625,1060100,0.0,0.0
2026-04-09 00:00:00-04:00,33.53690691818887,33.63568863963793,33.14177249583038,33.448001861572266,776500,0.0,0.0
2026-04-10 00:00:00-04:00,33.75,33.790000915527344,33.38999938964844,33.599998474121094,744300,0.412,0.0
2026-04-13 00:00:00-04:00,33.27000045776367,33.40999984741211,33.11000061035156,33.34000015258789,548600,0.0,0.0
2026-04-14 00:00:00-04:00,34.25,34.66999816894531,34.06999969482422,34.52000045776367,1013200,0.0,0.0
2026-04-15 00:00:00-04:00,34.439998626708984,34.5,33.95000076293945,34.34000015258789,1097000,0.0,0.0
2026-04-16 00:00:00-04:00,33.900001525878906,34.15999984741211,33.31999969482422,33.689998626708984,1196100,0.0,0.0
2026-04-17 00:00:00-04:00,33.900001525878906,34.27000045776367,33.84000015258789,33.869998931884766,1351700,0.0,0.0
2026-04-20 00:00:00-04:00,33.83000183105469,34.18000030517578,33.72999954223633,34.060001373291016,1236700,0.0,0.0
2026-04-21 00:00:00-04:00,33.66999816894531,33.810001373291016,33.47999954223633,33.540000915527344,1038800,0.0,0.0
2026-04-22 00:00:00-04:00,33.7599983215332,33.9900016784668,33.5,33.619998931884766,921700,0.0,0.0
2026-04-23 00:00:00-04:00,33.4900016784668,33.79999923706055,33.36000061035156,33.59000015258789,916100,0.0,0.0
2026-04-24 00:00:00-04:00,33.7599983215332,34.189998626708984,33.58000183105469,34.08000183105469,1445600,0.0,0.0
2026-04-27 00:00:00-04:00,33.869998931884766,33.959999084472656,33.4900016784668,33.4900016784668,1124200,0.0,0.0
2026-04-28 00:00:00-04:00,33.33000183105469,33.45000076293945,33.2599983215332,33.439998626708984,1033100,0.0,0.0
2026-04-29 00:00:00-04:00,33.09000015258789,33.18000030517578,32.849998474121094,33.0,1200000,0.0,0.0
2026-04-30 00:00:00-04:00,33.619998931884766,34.0,33.560001373291016,33.869998931884766,1117600,0.0,0.0
2026-05-01 00:00:00-04:00,34.0,34.290000915527344,33.77000045776367,33.790000915527344,595600,0.0,0.0
2026-05-04 00:00:00-04:00,33.61000061035156,33.81999969482422,33.36000061035156,33.47999954223633,471500,0.0,0.0
2026-05-05 00:00:00-04:00,33.66999816894531,33.93000030517578,33.43000030517578,33.810001373291016,706000,0.0,0.0
2026-05-06 00:00:00-04:00,34.41999816894531,34.4900016784668,34.060001373291016,34.20000076293945,656900,0.0,0.0
2026-05-07 00:00:00-04:00,33.939998626708984,33.939998626708984,33.56999969482422,33.650001525878906,771500,0.0,0.0
2026-05-08 00:00:00-04:00,33.400001525878906,33.439998626708984,33.0099983215332,33.400001525878906,1149600,0.0,0.0
2026-05-11 00:00:00-04:00,33.380001068115234,33.43000030517578,33.029998779296875,33.08000183105469,768700,0.0,0.0
2026-05-12 00:00:00-04:00,32.27000045776367,32.790000915527344,32.119998931884766,32.72999954223633,1092100,0.0,0.0
2026-05-13 00:00:00-04:00,32.2599983215332,32.45000076293945,32.18000030517578,32.2400016784668,1245700,0.0,0.0
2026-05-14 00:00:00-04:00,32.279998779296875,32.5099983215332,32.13999938964844,32.16999816894531,982300,0.0,0.0
2026-05-15 00:00:00-04:00,31.6200008392334,31.690000534057617,31.450000762939453,31.530000686645508,991800,0.0,0.0
2026-05-18 00:00:00-04:00,31.979999542236328,32.279998779296875,31.959999084472656,32.209999084472656,520800,0.0,0.0
2026-05-19 00:00:00-04:00,32.09000015258789,32.099998474121094,31.540000915527344,31.559999465942383,606600,0.0,0.0
2026-05-20 00:00:00-04:00,31.770000457763672,32.09000015258789,31.59000015258789,31.950000762939453,866200,0.0,0.0
2026-05-21 00:00:00-04:00,31.31999969482422,31.829999923706055,31.06999969482422,31.559999465942383,768700,0.0,0.0
2026-05-22 00:00:00-04:00,31.420000076293945,31.540000915527344,31.309999465942383,31.34000015258789,673500,0.0,0.0
2026-05-26 00:00:00-04:00,31.670000076293945,31.860000610351562,31.34000015258789,31.579999923706055,663400,0.0,0.0
2026-05-27 00:00:00-04:00,31.549999237060547,31.6299991607666,31.09000015258789,31.25,826700,0.0,0.0
2026-05-28 00:00:00-04:00,30.479999542236328,30.860000610351562,30.3799991607666,30.5,1643800,0.0,0.0
2026-05-29 00:00:00-04:00,30.530000686645508,30.559999465942383,30.110000610351562,30.110000610351562,977100,0.0,0.0
2026-06-01 00:00:00-04:00,29.770000457763672,29.899999618530273,29.43000030517578,29.770000457763672,994600,0.0,0.0
2026-06-02 00:00:00-04:00,29.65999984741211,29.770000457763672,29.270000457763672,29.31999969482422,1243600,0.0,0.0
2026-06-03 00:00:00-04:00,29.149999618530273,29.40999984741211,29.110000610351562,29.149999618530273,878200,0.0,0.0
2026-06-04 00:00:00-04:00,29.809999465942383,29.90999984741211,29.65999984741211,29.75,841300,0.0,0.0
2026-06-05 00:00:00-04:00,29.940000534057617,30.049999237060547,29.56999969482422,29.700000762939453,613300,0.0,0.0
2026-06-08 00:00:00-04:00,29.790000915527344,29.920000076293945,29.530000686645508,29.530000686645508,834200,0.0,0.0
2026-06-09 00:00:00-04:00,29.93000030517578,30.204999923706055,29.84000015258789,30.190000534057617,1389605,0.0,0.0
