Date,Open,High,Low,Close,Volume,Dividends,Stock Splits
2022-05-25 00:00:00-04:00,9100.0,30327.5,7262.5,7700.0,97,0.0,0.0
2022-05-26 00:00:00-04:00,7665.0,7962.5,6125.0,6475.0,211,0.0,0.0
2022-05-27 00:00:00-04:00,6230.0,6527.5,5775.0,5985.0,71,0.0,0.0
2022-05-31 00:00:00-04:00,6195.0,6352.5,4812.5,5460.0,155,0.0,0.0
2022-06-01 00:00:00-04:00,5372.5,5670.0,5285.0,5517.75,66,0.0,0.0
2022-06-02 00:00:00-04:00,5267.5,5407.5,5127.5,5180.0,52,0.0,0.0
2022-06-03 00:00:00-04:00,5208.0,5390.0,4917.5,5075.0,21,0.0,0.0
2022-06-06 00:00:00-04:00,5320.0,6107.5,4917.5,4935.0,100,0.0,0.0
2022-06-07 00:00:00-04:00,5040.0,5215.0,4812.5,5055.75,34,0.0,0.0
2022-06-08 00:00:00-04:00,5985.0,5985.0,5302.5,5530.0,111,0.0,0.0
2022-06-09 00:00:00-04:00,5442.5,5442.5,5180.0,5250.0,12,0.0,0.0
2022-06-10 00:00:00-04:00,4952.5,5425.0,4952.5,5162.5,2,0.0,0.0
2022-06-13 00:00:00-04:00,5110.0,5355.0,4882.5,5188.75,26,0.0,0.0
2022-06-14 00:00:00-04:00,5092.5,5302.5,4830.0,5244.75,3,0.0,0.0
2022-06-15 00:00:00-04:00,5110.0,5110.0,4900.0,5075.0,6,0.0,0.0
2022-06-16 00:00:00-04:00,4812.5,4900.0,4480.0,4805.5,10,0.0,0.0
2022-06-17 00:00:00-04:00,4900.0,5232.5,4795.0,5092.5,18,0.0,0.0
2022-06-21 00:00:00-04:00,5250.0,5250.0,5250.0,5250.0,1,0.0,0.0
2022-06-22 00:00:00-04:00,5565.0,5722.5,5495.0,5687.5,27,0.0,0.0
2022-06-23 00:00:00-04:00,5670.0,5950.0,5600.0,5918.5,21,0.0,0.0
2022-06-24 00:00:00-04:00,5958.75,6125.0,5670.0,5722.5,13,0.0,0.0
2022-06-27 00:00:00-04:00,5687.5,6107.5,5530.0,5635.0,32,0.0,0.0
2022-06-28 00:00:00-04:00,5897.5,6825.0,5810.0,6177.5,36,0.0,0.0
2022-06-29 00:00:00-04:00,6125.0,6315.75,5864.25,6002.5,18,0.0,0.0
2022-06-30 00:00:00-04:00,5810.0,6160.0,5346.25,6142.5,10,0.0,0.0
2022-07-01 00:00:00-04:00,5862.5,6527.5,5862.5,5862.5,15,0.0,0.0
2022-07-05 00:00:00-04:00,5547.5,5565.0,5276.25,5320.0,29,0.0,0.0
2022-07-06 00:00:00-04:00,5285.0,5582.5,5285.0,5381.25,11,0.0,0.0
2022-07-07 00:00:00-04:00,5495.0,6177.5,5460.0,5923.75,5,0.0,0.0
2022-07-08 00:00:00-04:00,6020.0,6125.0,5512.5,5862.5,7,0.0,0.0
2022-07-11 00:00:00-04:00,6825.0,6825.0,5775.0,5967.5,30,0.0,0.0
2022-07-12 00:00:00-04:00,5705.0,6275.5,5635.0,5967.5,8,0.0,0.0
2022-07-13 00:00:00-04:00,5950.0,6475.0,5950.0,6221.25,5,0.0,0.0
2022-07-14 00:00:00-04:00,5705.0,5915.0,5635.0,5705.0,14,0.0,0.0
2022-07-15 00:00:00-04:00,5985.0,5985.0,5775.0,5792.5,2,0.0,0.0
2022-07-18 00:00:00-04:00,5845.0,5862.5,5687.5,5705.0,9,0.0,0.0
2022-07-19 00:00:00-04:00,5792.5,6142.5,5652.5,5862.5,6,0.0,0.0
2022-07-20 00:00:00-04:00,5862.5,6370.0,5862.5,6195.0,3,0.0,0.0
2022-07-21 00:00:00-04:00,6055.0,6611.5,6055.0,6448.75,22,0.0,0.0
2022-07-22 00:00:00-04:00,6965.0,6965.0,6574.75,6632.5,17,0.0,0.0
2022-07-25 00:00:00-04:00,6387.5,7157.5,6370.0,6879.25,35,0.0,0.0
2022-07-26 00:00:00-04:00,6667.5,6790.0,6510.0,6676.25,20,0.0,0.0
2022-07-27 00:00:00-04:00,6685.0,7000.0,6545.0,6772.5,20,0.0,0.0
2022-07-28 00:00:00-04:00,6632.5,6807.5,6630.75,6685.0,25,0.0,0.0
2022-07-29 00:00:00-04:00,6912.5,7262.5,6685.0,6737.5,64,0.0,0.0
2022-08-01 00:00:00-04:00,6580.0,6737.5,6282.5,6448.75,46,0.0,0.0
2022-08-02 00:00:00-04:00,6597.5,6597.5,6387.5,6405.0,10,0.0,0.0
2022-08-03 00:00:00-04:00,6499.5,6825.0,6475.0,6571.25,13,0.0,0.0
2022-08-04 00:00:00-04:00,6562.5,6825.0,6492.5,6492.5,3,0.0,0.0
2022-08-05 00:00:00-04:00,6650.0,6737.5,6492.5,6513.5,6,0.0,0.0
2022-08-08 00:00:00-04:00,6746.25,6982.5,6492.5,6877.5,14,0.0,0.0
2022-08-09 00:00:00-04:00,7105.0,7350.0,6755.0,7332.5,41,0.0,0.0
2022-08-10 00:00:00-04:00,7402.5,7402.5,6650.0,6685.0,47,0.0,0.0
2022-08-11 00:00:00-04:00,6772.5,6912.5,6737.5,6851.25,12,0.0,0.0
2022-08-12 00:00:00-04:00,6812.75,6968.5,6763.75,6912.5,5,0.0,0.0
2022-08-15 00:00:00-04:00,6772.5,7157.5,6739.25,6860.0,5,0.0,0.0
2022-08-16 00:00:00-04:00,7108.5,7112.0,6930.0,6965.0,7,0.0,0.0
2022-08-17 00:00:00-04:00,6912.5,6982.5,6650.0,6842.5,9,0.0,0.0
2022-08-18 00:00:00-04:00,6905.5,6982.5,6842.5,6860.0,4,0.0,0.0
2022-08-19 00:00:00-04:00,7122.5,7122.5,6825.0,6860.0,2,0.0,0.0
2022-08-22 00:00:00-04:00,6667.5,7052.5,6667.5,6958.0,9,0.0,0.0
2022-08-23 00:00:00-04:00,7035.0,7035.0,6895.0,6982.5,1,0.0,0.0
2022-08-24 00:00:00-04:00,6930.0,7084.0,6930.0,6965.0,4,0.0,0.0
2022-08-25 00:00:00-04:00,7070.0,7166.25,6930.0,7000.0,5,0.0,0.0
2022-08-26 00:00:00-04:00,7175.0,7175.0,6877.5,6895.0,5,0.0,0.0
2022-08-29 00:00:00-04:00,6965.0,6982.5,6842.5,6930.0,1,0.0,0.0
2022-08-30 00:00:00-04:00,6886.25,7070.0,6737.5,6947.5,8,0.0,0.0
2022-08-31 00:00:00-04:00,6895.0,7297.5,6860.0,7262.5,17,0.0,0.0
2022-09-01 00:00:00-04:00,7157.5,7175.0,6912.5,7087.5,12,0.0,0.0
2022-09-02 00:00:00-04:00,7315.0,7315.0,6825.0,6956.25,6,0.0,0.0
2022-09-06 00:00:00-04:00,6860.0,7122.5,6807.5,6965.0,17,0.0,0.0
2022-09-07 00:00:00-04:00,6772.5,6965.0,6758.5,6807.5,13,0.0,0.0
2022-09-08 00:00:00-04:00,6597.5,6930.0,6597.5,6772.5,9,0.0,0.0
2022-09-09 00:00:00-04:00,7315.0,7315.0,6737.5,6755.0,4,0.0,0.0
2022-09-12 00:00:00-04:00,6842.5,6947.5,6737.5,6772.5,2,0.0,0.0
2022-09-13 00:00:00-04:00,6877.5,6877.5,6597.5,6650.0,15,0.0,0.0
2022-09-14 00:00:00-04:00,6755.0,7192.5,6632.5,6807.5,13,0.0,0.0
2022-09-15 00:00:00-04:00,6772.5,6912.5,6685.0,6735.75,10,0.0,0.0
2022-09-16 00:00:00-04:00,6772.5,7043.75,6606.25,6825.0,3,0.0,0.0
2022-09-19 00:00:00-04:00,6720.0,6720.0,6422.5,6553.75,16,0.0,0.0
2022-09-20 00:00:00-04:00,6685.0,6781.25,6405.0,6448.75,6,0.0,0.0
2022-09-21 00:00:00-04:00,6405.0,6755.0,6405.0,6755.0,1,0.0,0.0
2022-09-22 00:00:00-04:00,6475.0,6686.75,6405.0,6615.0,9,0.0,0.0
2022-09-23 00:00:00-04:00,6947.5,6947.5,6317.5,6396.25,3,0.0,0.0
2022-09-26 00:00:00-04:00,6475.0,6790.0,6475.0,6728.75,2,0.0,0.0
2022-09-27 00:00:00-04:00,6597.5,6685.0,6527.5,6527.5,2,0.0,0.0
2022-09-28 00:00:00-04:00,6352.5,6496.0,6265.0,6440.0,5,0.0,0.0
2022-09-29 00:00:00-04:00,6352.5,6746.25,6317.5,6746.25,1,0.0,0.0
2022-09-30 00:00:00-04:00,6650.0,6665.75,6317.5,6545.0,7,0.0,0.0
2022-10-03 00:00:00-04:00,6317.5,6825.0,6265.0,6608.0,12,0.0,0.0
2022-10-04 00:00:00-04:00,6422.5,6545.0,6317.5,6545.0,1,0.0,0.0
2022-10-05 00:00:00-04:00,6459.25,6781.25,6422.5,6615.0,2,0.0,0.0
2022-10-06 00:00:00-04:00,6580.0,6725.25,6282.5,6317.5,9,0.0,0.0
2022-10-07 00:00:00-04:00,6527.5,6527.5,5460.0,5678.75,21,0.0,0.0
2022-10-10 00:00:00-04:00,5705.0,6119.75,5600.0,5757.5,7,0.0,0.0
2022-10-11 00:00:00-04:00,5915.0,6020.0,5792.5,5901.0,6,0.0,0.0
2022-10-12 00:00:00-04:00,5950.0,5976.25,5810.0,5880.0,5,0.0,0.0
2022-10-13 00:00:00-04:00,6168.75,6168.75,6090.0,6090.0,2,0.0,0.0
2022-10-14 00:00:00-04:00,6405.0,6405.0,6212.5,6212.5,0,0.0,0.0
2022-10-17 00:00:00-04:00,6335.0,6422.5,6247.5,6375.25,3,0.0,0.0
2022-10-18 00:00:00-04:00,6370.0,6370.0,6160.0,6160.0,6,0.0,0.0
2022-10-19 00:00:00-04:00,6160.0,6205.5,5862.5,6111.0,5,0.0,0.0
2022-10-20 00:00:00-04:00,5600.0,5909.75,5600.0,5740.0,7,0.0,0.0
2022-10-21 00:00:00-04:00,6002.5,6002.5,5582.5,5673.5,2,0.0,0.0
2022-10-24 00:00:00-04:00,5670.0,5724.25,5530.0,5635.0,16,0.0,0.0
2022-10-25 00:00:00-04:00,5460.0,5794.25,5075.0,5197.5,17,0.0,0.0
2022-10-26 00:00:00-04:00,5232.5,5358.5,5232.5,5358.5,1,0.0,0.0
2022-10-27 00:00:00-04:00,5057.5,5206.25,5057.5,5162.5,12,0.0,0.0
2022-10-28 00:00:00-04:00,5145.0,5390.0,5145.0,5302.5,1,0.0,0.0
2022-10-31 00:00:00-04:00,5302.5,5302.5,4865.0,4978.75,16,0.0,0.0
2022-11-01 00:00:00-04:00,4970.0,5040.0,4970.0,5040.0,0,0.0,0.0
2022-11-02 00:00:00-04:00,4900.0,4987.5,4410.0,4462.5,17,0.0,0.0
2022-11-03 00:00:00-04:00,4165.0,4375.0,4060.0,4095.0,27,0.0,0.0
2022-11-04 00:00:00-04:00,4506.25,4550.0,4217.5,4375.0,3,0.0,0.0
2022-11-07 00:00:00-05:00,4095.0,4322.5,4025.0,4305.0,8,0.0,0.0
2022-11-08 00:00:00-05:00,4217.5,4250.75,3780.0,4007.5,13,0.0,0.0
2022-11-09 00:00:00-05:00,3867.5,3920.0,3815.0,3920.0,3,0.0,0.0
2022-11-10 00:00:00-05:00,3745.0,4236.75,3745.0,4119.5,10,0.0,0.0
2022-11-11 00:00:00-05:00,4233.25,4235.0,4130.0,4235.0,1,0.0,0.0
2022-11-14 00:00:00-05:00,3850.0,4095.0,3850.0,4095.0,9,0.0,0.0
2022-11-15 00:00:00-05:00,3815.0,4200.0,3727.5,4047.75,8,0.0,0.0
2022-11-16 00:00:00-05:00,3692.5,3850.0,3500.0,3500.0,17,0.0,0.0
2022-11-17 00:00:00-05:00,3255.0,3587.5,3167.5,3202.5,30,0.0,0.0
2022-11-18 00:00:00-05:00,3307.5,3307.5,3272.5,3272.5,0,0.0,0.0
2022-11-21 00:00:00-05:00,3132.5,3132.5,2922.5,3097.5,14,0.0,0.0
2022-11-22 00:00:00-05:00,2887.5,3010.0,2747.5,2870.0,22,0.0,0.0
2022-11-23 00:00:00-05:00,2747.5,2782.5,2607.5,2625.0,8,0.0,0.0
2022-11-25 00:00:00-05:00,2712.5,3074.75,2712.5,2992.5,6,0.0,0.0
2022-11-28 00:00:00-05:00,2695.0,2695.0,2590.0,2642.5,20,0.0,0.0
2022-11-29 00:00:00-05:00,2590.0,2590.0,2590.0,2590.0,0,0.0,0.0
2022-11-30 00:00:00-05:00,2380.0,2572.5,2275.0,2504.25,67,0.0,0.0
2022-12-01 00:00:00-05:00,2502.5,2625.0,2502.5,2572.5,20,0.0,0.0
2022-12-02 00:00:00-05:00,2625.0,2747.5,2625.0,2730.0,45,0.0,0.0
2022-12-05 00:00:00-05:00,2642.5,2870.0,2590.0,2625.0,27,0.0,0.0
2022-12-06 00:00:00-05:00,2756.25,2940.0,2747.5,2884.0,42,0.0,0.0
2022-12-07 00:00:00-05:00,2992.5,2992.5,2597.0,2870.0,38,0.0,0.0
2022-12-08 00:00:00-05:00,2712.5,2870.0,2625.0,2625.0,3,0.0,0.0
2022-12-09 00:00:00-05:00,2835.0,2835.0,2835.0,2835.0,0,0.0,0.0
2022-12-12 00:00:00-05:00,2590.0,2677.5,2572.5,2677.5,1,0.0,0.0
2022-12-13 00:00:00-05:00,2754.5,2800.0,2712.5,2800.0,5,0.0,0.0
2022-12-14 00:00:00-05:00,2660.0,2887.5,2660.0,2800.0,2,0.0,0.0
2022-12-15 00:00:00-05:00,2642.5,2730.0,2590.0,2730.0,6,0.0,0.0
2022-12-16 00:00:00-05:00,2607.5,2607.5,2485.0,2590.0,4,0.0,0.0
2022-12-19 00:00:00-05:00,2467.5,2625.0,2152.5,2310.0,4,0.0,0.0
2022-12-20 00:00:00-05:00,2441.25,2441.25,2397.5,2413.25,3,0.0,0.0
2022-12-21 00:00:00-05:00,2380.0,2542.75,2380.0,2542.75,1,0.0,0.0
2022-12-22 00:00:00-05:00,2737.0,2765.0,2537.5,2537.5,1,0.0,0.0
2022-12-23 00:00:00-05:00,2695.0,2695.0,2677.5,2677.5,0,0.0,0.0
2022-12-27 00:00:00-05:00,2432.5,2450.0,2345.0,2406.25,3,0.0,0.0
2022-12-28 00:00:00-05:00,2415.0,2625.0,2388.75,2467.5,9,0.0,0.0
2022-12-29 00:00:00-05:00,2432.5,2485.0,2299.5,2362.5,2,0.0,0.0
2022-12-30 00:00:00-05:00,2590.0,2590.0,2401.0,2401.0,0,0.0,0.0
2023-01-03 00:00:00-05:00,2642.5,2765.0,2607.5,2712.5,14,0.0,0.0
2023-01-04 00:00:00-05:00,2765.0,2765.0,2747.5,2765.0,5,0.0,0.0
2023-01-05 00:00:00-05:00,2607.5,2695.0,2590.0,2695.0,2,0.0,0.0
2023-01-06 00:00:00-05:00,2800.0,2800.0,2644.25,2782.5,1,0.0,0.0
2023-01-09 00:00:00-05:00,2782.5,2782.5,2782.5,2782.5,1,0.0,0.0
2023-01-10 00:00:00-05:00,2756.25,2765.0,2747.5,2747.5,0,0.0,0.0
2023-01-11 00:00:00-05:00,2835.0,2835.0,2747.5,2835.0,4,0.0,0.0
2023-01-12 00:00:00-05:00,3010.0,3010.0,2975.0,2975.0,0,0.0,0.0
2023-01-13 00:00:00-05:00,2975.0,2975.0,2975.0,2975.0,0,0.0,0.0
2023-01-17 00:00:00-05:00,3255.0,3412.5,3255.0,3412.5,4,0.0,0.0
2023-01-18 00:00:00-05:00,3517.5,3517.5,3377.5,3447.5,6,0.0,0.0
2023-01-19 00:00:00-05:00,2940.0,2940.0,2800.0,2800.0,0,0.0,0.0
2023-01-20 00:00:00-05:00,2870.0,3272.5,2870.0,3150.0,2,0.0,0.0
2023-01-23 00:00:00-05:00,2940.0,3500.0,2940.0,3202.5,1,0.0,0.0
2023-01-24 00:00:00-05:00,3220.0,3517.5,3202.5,3517.5,2,0.0,0.0
2023-01-25 00:00:00-05:00,3500.0,3500.0,3251.5,3395.0,2,0.0,0.0
2023-01-26 00:00:00-05:00,3220.0,3246.25,3036.25,3220.0,3,0.0,0.0
2023-01-27 00:00:00-05:00,3255.0,3272.5,3123.75,3272.5,2,0.0,0.0
2023-01-30 00:00:00-05:00,2975.0,2992.5,2871.75,2975.0,8,0.0,0.0
2023-01-31 00:00:00-05:00,2887.5,2913.75,2835.0,2887.5,3,0.0,0.0
2023-02-01 00:00:00-05:00,2887.5,2887.5,2800.0,2835.0,4,0.0,0.0
2023-02-02 00:00:00-05:00,2835.0,3150.0,2835.0,2994.25,9,0.0,0.0
2023-02-03 00:00:00-05:00,3115.0,3115.0,2817.5,2887.5,3,0.0,0.0
2023-02-06 00:00:00-05:00,3080.0,3307.5,2817.5,3080.0,2,0.0,0.0
2023-02-07 00:00:00-05:00,2835.0,2852.5,2782.5,2782.5,3,0.0,0.0
2023-02-08 00:00:00-05:00,2712.5,2730.0,2668.75,2668.75,2,0.0,0.0
2023-02-09 00:00:00-05:00,2800.0,2800.0,2625.0,2625.0,1,0.0,0.0
2023-02-10 00:00:00-05:00,2642.5,2642.5,2642.5,2642.5,0,0.0,0.0
2023-02-13 00:00:00-05:00,2870.0,2870.0,2870.0,2870.0,0,0.0,0.0
2023-02-14 00:00:00-05:00,2887.5,2887.5,2765.0,2765.0,1,0.0,0.0
2023-02-15 00:00:00-05:00,2742.25,2742.25,2742.25,2742.25,1,0.0,0.0
2023-02-16 00:00:00-05:00,2887.5,2887.5,2695.0,2695.0,1,0.0,0.0
2023-02-17 00:00:00-05:00,2852.5,2887.5,2782.5,2800.0,4,0.0,0.0
2023-02-21 00:00:00-05:00,2765.0,3220.0,2765.0,3185.0,49,0.0,0.0
2023-02-22 00:00:00-05:00,3272.5,3307.5,3045.0,3200.75,12,0.0,0.0
2023-02-23 00:00:00-05:00,2905.0,2992.5,2537.5,2747.5,24,0.0,0.0
2023-02-24 00:00:00-05:00,2747.5,2747.5,2625.0,2677.5,4,0.0,0.0
2023-02-27 00:00:00-05:00,2765.0,2765.0,2537.5,2572.5,5,0.0,0.0
2023-02-28 00:00:00-05:00,2572.5,2607.5,2572.5,2604.0,2,0.0,0.0
2023-03-01 00:00:00-05:00,2590.0,2590.0,2537.5,2555.0,11,0.0,0.0
2023-03-02 00:00:00-05:00,2537.5,2537.5,2327.5,2502.5,8,0.0,0.0
2023-03-03 00:00:00-05:00,2430.75,2485.0,2336.25,2467.5,8,0.0,0.0
2023-03-06 00:00:00-05:00,2502.5,2546.25,2502.5,2546.25,1,0.0,0.0
2023-03-07 00:00:00-05:00,2520.0,2520.0,2360.75,2441.25,0,0.0,0.0
2023-03-08 00:00:00-05:00,2507.75,2507.75,2507.75,2507.75,0,0.0,0.0
2023-03-09 00:00:00-05:00,2467.5,2467.5,2327.5,2329.25,1,0.0,0.0
2023-03-10 00:00:00-05:00,2397.5,2712.5,2383.5,2383.5,2,0.0,0.0
2023-03-13 00:00:00-04:00,2362.5,2362.5,2353.75,2353.75,0,0.0,0.0
2023-03-14 00:00:00-04:00,2378.25,2502.5,2378.25,2401.0,3,0.0,0.0
2023-03-15 00:00:00-04:00,2450.0,2450.0,2364.25,2402.75,2,0.0,0.0
2023-03-16 00:00:00-04:00,2275.0,2275.0,2275.0,2275.0,1,0.0,0.0
2023-03-17 00:00:00-04:00,2292.5,2399.25,2292.5,2292.5,1,0.0,0.0
2023-03-20 00:00:00-04:00,2485.0,2485.0,2380.0,2380.0,0,0.0,0.0
2023-03-21 00:00:00-04:00,2432.5,2432.5,2222.5,2222.5,0,0.0,0.0
2023-03-22 00:00:00-04:00,2436.0,2467.5,2362.5,2467.5,1,0.0,0.0
2023-03-23 00:00:00-04:00,2380.0,2380.0,2275.0,2362.5,1,0.0,0.0
2023-03-24 00:00:00-04:00,2362.5,2362.5,2362.5,2362.5,0,0.0,0.0
2023-03-27 00:00:00-04:00,2082.5,2112.25,1961.75,2012.5,6,0.0,0.0
2023-03-28 00:00:00-04:00,2012.5,2047.5,2012.5,2012.5,3,0.0,0.0
2023-03-29 00:00:00-04:00,1890.0,1890.0,1645.0,1645.0,6,0.0,0.0
2023-03-30 00:00:00-04:00,1505.0,1750.0,1505.0,1750.0,3,0.0,0.0
2023-03-31 00:00:00-04:00,1750.0,1750.0,1715.0,1715.0,1,0.0,0.0
2023-04-03 00:00:00-04:00,1708.0,1748.25,1708.0,1732.5,1,0.0,0.0
2023-04-04 00:00:00-04:00,1785.0,1785.0,1540.0,1540.0,3,0.0,0.0
2023-04-05 00:00:00-04:00,1557.5,1557.5,1557.5,1557.5,0,0.0,0.0
2023-04-06 00:00:00-04:00,1557.5,1557.5,1557.5,1557.5,0,0.0,0.0
2023-04-10 00:00:00-04:00,1925.0,4812.5,1925.0,2362.5,7277,0.0,0.0
2023-04-11 00:00:00-04:00,2887.5,4742.5,2450.0,4112.5,9500,0.0,0.0
2023-04-12 00:00:00-04:00,3990.0,4900.0,3202.5,3202.5,2499,0.0,0.0
2023-04-13 00:00:00-04:00,3027.5,3202.5,2712.5,2887.5,289,0.0,0.0
2023-04-14 00:00:00-04:00,2712.5,2765.0,2152.5,2467.5,159,0.0,0.0
2023-04-17 00:00:00-04:00,2520.0,2572.5,2275.0,2397.5,78,0.0,0.0
2023-04-18 00:00:00-04:00,2345.0,2485.0,2222.5,2240.0,105,0.0,0.0
2023-04-19 00:00:00-04:00,2205.0,2310.0,1890.0,2082.5,114,0.0,0.0
2023-04-20 00:00:00-04:00,2257.5,2607.5,2240.0,2318.75,304,0.0,0.0
2023-04-21 00:00:00-04:00,2257.5,2327.5,1977.5,2100.0,43,0.0,0.0
2023-04-24 00:00:00-04:00,2117.5,2152.5,1977.5,2051.0,25,0.0,0.0
2023-04-25 00:00:00-04:00,2030.0,2271.5,1977.5,1977.5,54,0.0,0.0
2023-04-26 00:00:00-04:00,2100.0,2411.5,1977.5,2065.0,161,0.0,0.0
2023-04-27 00:00:00-04:00,1995.0,2082.5,1977.5,2082.5,25,0.0,0.0
2023-04-28 00:00:00-04:00,2065.0,2133.25,1855.0,2017.75,14,0.0,0.0
2023-05-01 00:00:00-04:00,1837.5,1942.5,1802.5,1837.5,30,0.0,0.0
2023-05-02 00:00:00-04:00,1820.0,1879.5,1767.5,1767.5,25,0.0,0.0
2023-05-03 00:00:00-04:00,1750.0,1872.5,1697.5,1872.5,15,0.0,0.0
2023-05-04 00:00:00-04:00,1767.5,1837.5,1662.5,1697.5,20,0.0,0.0
2023-05-05 00:00:00-04:00,1732.5,1814.75,1732.5,1767.5,21,0.0,0.0
2023-05-08 00:00:00-04:00,1837.5,1837.5,1732.5,1820.0,15,0.0,0.0
2023-05-09 00:00:00-04:00,1820.0,1837.5,1732.5,1767.5,11,0.0,0.0
2023-05-10 00:00:00-04:00,1767.5,1802.5,1732.5,1750.0,24,0.0,0.0
2023-05-11 00:00:00-04:00,1750.0,1750.0,1573.25,1645.0,30,0.0,0.0
2023-05-12 00:00:00-04:00,1643.25,1643.25,1566.25,1575.0,8,0.0,0.0
2023-05-15 00:00:00-04:00,1575.0,1610.0,1568.0,1592.5,12,0.0,0.0
2023-05-16 00:00:00-04:00,1575.0,1680.0,1522.5,1575.0,23,0.0,0.0
2023-05-17 00:00:00-04:00,1557.5,1692.25,1557.5,1629.25,35,0.0,0.0
2023-05-18 00:00:00-04:00,1639.75,1639.75,1590.75,1597.75,3,0.0,0.0
2023-05-19 00:00:00-04:00,1596.0,1645.0,1596.0,1618.75,4,0.0,0.0
2023-05-22 00:00:00-04:00,1615.25,1615.25,1548.75,1557.5,7,0.0,0.0
2023-05-23 00:00:00-04:00,1527.75,1767.5,1527.75,1723.75,23,0.0,0.0
2023-05-24 00:00:00-04:00,1692.25,1732.5,1601.25,1627.5,25,0.0,0.0
2023-05-25 00:00:00-04:00,1680.0,1977.5,1674.75,1837.5,99,0.0,0.0
2023-05-26 00:00:00-04:00,1925.0,1944.25,1750.0,1846.25,53,0.0,0.0
2023-05-30 00:00:00-04:00,1907.5,2257.5,1662.5,1872.5,490,0.0,0.0
2023-05-31 00:00:00-04:00,1872.5,1872.5,1701.0,1785.0,66,0.0,0.0
2023-06-01 00:00:00-04:00,1706.25,1767.5,1573.25,1715.0,44,0.0,0.0
2023-06-02 00:00:00-04:00,1732.5,1767.5,1645.0,1732.5,31,0.0,0.0
2023-06-05 00:00:00-04:00,1699.25,1732.5,1610.0,1627.5,39,0.0,0.0
2023-06-06 00:00:00-04:00,1697.5,1697.5,1627.5,1674.75,10,0.0,0.0
2023-06-07 00:00:00-04:00,1715.0,1715.0,1645.0,1667.75,19,0.0,0.0
2023-06-08 00:00:00-04:00,1697.5,1715.0,1610.0,1715.0,20,0.0,0.0
2023-06-09 00:00:00-04:00,1732.5,1750.0,1627.5,1688.75,10,0.0,0.0
2023-06-12 00:00:00-04:00,1638.0,1715.0,1487.5,1575.0,22,0.0,0.0
2023-06-13 00:00:00-04:00,1715.0,1741.25,1601.25,1680.0,55,0.0,0.0
2023-06-14 00:00:00-04:00,1732.5,1732.5,1659.0,1660.75,9,0.0,0.0
2023-06-15 00:00:00-04:00,1662.5,1732.5,1662.5,1732.5,10,0.0,0.0
2023-06-16 00:00:00-04:00,1750.0,1750.0,1680.0,1709.75,11,0.0,0.0
2023-06-20 00:00:00-04:00,1681.75,1732.5,1680.0,1709.75,12,0.0,0.0
2023-06-21 00:00:00-04:00,1723.75,1723.75,1662.5,1680.0,12,0.0,0.0
2023-06-22 00:00:00-04:00,1662.5,1715.0,1662.5,1680.0,13,0.0,0.0
2023-06-23 00:00:00-04:00,1732.5,1767.5,1662.5,1662.5,6,0.0,0.0
2023-06-26 00:00:00-04:00,1662.5,1750.0,1655.5,1692.25,4,0.0,0.0
2023-06-27 00:00:00-04:00,1610.0,1715.0,1610.0,1692.25,4,0.0,0.0
2023-06-28 00:00:00-04:00,1662.5,1678.25,1662.5,1678.25,4,0.0,0.0
2023-06-29 00:00:00-04:00,1585.5,1680.0,1575.0,1622.25,6,0.0,0.0
2023-06-30 00:00:00-04:00,1622.25,1643.25,1557.5,1643.25,5,0.0,0.0
2023-07-03 00:00:00-04:00,1632.75,1632.75,1547.0,1557.5,9,0.0,0.0
2023-07-05 00:00:00-04:00,1662.5,1662.5,1566.25,1618.75,9,0.0,0.0
2023-07-06 00:00:00-04:00,1610.0,1662.5,1610.0,1662.5,0,0.0,0.0
2023-07-07 00:00:00-04:00,1660.75,1660.75,1540.0,1592.5,4,0.0,0.0
2023-07-10 00:00:00-04:00,1673.0,1673.0,1522.5,1583.75,3,0.0,0.0
2023-07-11 00:00:00-04:00,1601.25,1645.0,1566.25,1592.5,5,0.0,0.0
2023-07-12 00:00:00-04:00,1540.0,1592.5,1505.0,1548.75,10,0.0,0.0
2023-07-13 00:00:00-04:00,1510.25,1625.75,1510.25,1568.0,15,0.0,0.0
2023-07-14 00:00:00-04:00,1568.0,1645.0,1540.0,1601.25,7,0.0,0.0
2023-07-17 00:00:00-04:00,1557.5,1618.75,1522.5,1613.5,1,0.0,0.0
2023-07-18 00:00:00-04:00,1592.5,1601.25,1592.5,1601.25,1,0.0,0.0
2023-07-19 00:00:00-04:00,1650.25,1650.25,1627.5,1627.5,6,0.0,0.0
2023-07-20 00:00:00-04:00,1662.5,1662.5,1610.0,1645.0,9,0.0,0.0
2023-07-21 00:00:00-04:00,1610.0,1650.25,1610.0,1650.25,0,0.0,0.0
2023-07-24 00:00:00-04:00,1592.5,1610.0,1575.0,1592.5,7,0.0,0.0
2023-07-25 00:00:00-04:00,1505.0,1592.5,1487.5,1540.0,7,0.0,0.0
2023-07-26 00:00:00-04:00,1487.5,2406.25,1487.5,1617.0,2240,0.0,0.0
2023-07-27 00:00:00-04:00,1662.5,1662.5,1489.25,1592.5,104,0.0,0.0
2023-07-28 00:00:00-04:00,1610.0,1650.25,1524.25,1540.0,61,0.0,0.0
2023-07-31 00:00:00-04:00,1611.75,1611.75,1368.5,1522.5,122,0.0,0.0
2023-08-01 00:00:00-04:00,1477.0,1522.5,1384.25,1477.0,34,0.0,0.0
2023-08-02 00:00:00-04:00,1461.25,1470.0,1368.5,1452.5,29,0.0,0.0
2023-08-03 00:00:00-04:00,1405.25,1443.75,1365.0,1426.25,9,0.0,0.0
2023-08-04 00:00:00-04:00,1382.5,1485.75,1382.5,1424.5,8,0.0,0.0
2023-08-07 00:00:00-04:00,1429.75,1503.25,1428.0,1470.0,4,0.0,0.0
2023-08-08 00:00:00-04:00,1380.75,1470.0,1380.75,1468.25,7,0.0,0.0
2023-08-09 00:00:00-04:00,1468.25,1478.75,1417.5,1470.0,21,0.0,0.0
2023-08-10 00:00:00-04:00,1417.5,1435.0,1347.5,1365.0,13,0.0,0.0
2023-08-11 00:00:00-04:00,1400.0,1435.0,1365.0,1382.5,9,0.0,0.0
2023-08-14 00:00:00-04:00,1417.5,1417.5,1351.0,1400.0,6,0.0,0.0
2023-08-15 00:00:00-04:00,1391.25,1435.0,1330.0,1347.5,24,0.0,0.0
2023-08-16 00:00:00-04:00,1377.25,1377.25,1286.25,1295.0,16,0.0,0.0
2023-08-17 00:00:00-04:00,1286.25,1312.5,1286.25,1312.5,4,0.0,0.0
2023-08-18 00:00:00-04:00,1303.75,1410.5,1302.0,1365.0,3,0.0,0.0
2023-08-21 00:00:00-04:00,1321.25,1321.25,1277.5,1277.5,7,0.0,0.0
2023-08-22 00:00:00-04:00,1377.25,1417.5,1277.5,1279.25,7,0.0,0.0
2023-08-23 00:00:00-04:00,1295.0,1400.0,1295.0,1382.5,11,0.0,0.0
2023-08-24 00:00:00-04:00,1277.5,1382.5,1260.0,1295.0,13,0.0,0.0
2023-08-25 00:00:00-04:00,1260.0,1365.0,1260.0,1260.0,14,0.0,0.0
2023-08-28 00:00:00-04:00,1260.0,1260.0,1172.5,1242.5,10,0.0,0.0
2023-08-29 00:00:00-04:00,1242.5,1354.5,962.5,1130.5,146,0.0,0.0
2023-08-30 00:00:00-04:00,1155.0,1312.5,1141.0,1295.0,52,0.0,0.0
2023-08-31 00:00:00-04:00,1321.25,1365.0,1267.0,1295.0,18,0.0,0.0
2023-09-01 00:00:00-04:00,1330.0,1365.0,1232.0,1340.5,3,0.0,0.0
2023-09-05 00:00:00-04:00,1312.5,1347.5,1214.5,1242.5,5,0.0,0.0
2023-09-06 00:00:00-04:00,1295.0,1435.0,1295.0,1417.5,33,0.0,0.0
2023-09-07 00:00:00-04:00,1347.5,1435.0,1347.5,1347.5,18,0.0,0.0
2023-09-08 00:00:00-04:00,1433.25,1435.0,1358.0,1400.0,8,0.0,0.0
2023-09-11 00:00:00-04:00,1433.25,1433.25,1317.75,1400.0,18,0.0,0.0
2023-09-12 00:00:00-04:00,1435.0,1435.0,1347.5,1433.25,1,0.0,0.0
2023-09-13 00:00:00-04:00,1417.5,1417.5,1314.25,1417.5,10,0.0,0.0
2023-09-14 00:00:00-04:00,1363.25,1394.75,1205.75,1277.5,24,0.0,0.0
2023-09-15 00:00:00-04:00,1225.0,1331.75,1050.0,1148.0,25,0.0,0.0
2023-09-18 00:00:00-04:00,1102.5,1251.25,1102.5,1207.5,10,0.0,0.0
2023-09-19 00:00:00-04:00,1277.5,1277.5,1137.5,1205.75,14,0.0,0.0
2023-09-20 00:00:00-04:00,1256.5,1256.5,1155.0,1225.0,1,0.0,0.0
2023-09-21 00:00:00-04:00,1207.5,1207.5,1155.0,1207.5,1,0.0,0.0
2023-09-22 00:00:00-04:00,1207.5,1207.5,1155.0,1156.75,5,0.0,0.0
2023-09-25 00:00:00-04:00,1155.0,1207.5,1155.0,1155.0,3,0.0,0.0
2023-09-26 00:00:00-04:00,1156.75,1156.75,1050.0,1120.0,14,0.0,0.0
2023-09-27 00:00:00-04:00,1186.5,1204.0,1142.75,1204.0,3,0.0,0.0
2023-09-28 00:00:00-04:00,1200.5,1200.5,1128.75,1200.5,2,0.0,0.0
2023-09-29 00:00:00-04:00,1200.5,1200.5,1132.25,1200.5,2,0.0,0.0
2023-10-02 00:00:00-04:00,1141.0,1181.25,1102.5,1172.5,8,0.0,0.0
2023-10-03 00:00:00-04:00,1165.5,1260.0,1155.0,1207.5,6,0.0,0.0
2023-10-04 00:00:00-04:00,1086.75,1190.0,1086.75,1190.0,1,0.0,0.0
2023-10-05 00:00:00-04:00,1172.5,1172.5,1109.5,1109.5,2,0.0,0.0
2023-10-06 00:00:00-04:00,1153.25,1193.5,1137.5,1137.5,5,0.0,0.0
2023-10-09 00:00:00-04:00,1050.0,1184.75,1050.0,1137.5,6,0.0,0.0
2023-10-10 00:00:00-04:00,1146.25,1204.0,1137.5,1170.75,5,0.0,0.0
2023-10-11 00:00:00-04:00,1225.0,1225.0,1100.75,1153.25,153,0.0,0.0
2023-10-12 00:00:00-04:00,1100.75,1172.5,1016.75,1069.25,23,0.0,0.0
2023-10-13 00:00:00-04:00,1069.25,1137.5,1067.5,1137.5,12,0.0,0.0
2023-10-16 00:00:00-04:00,1260.0,1435.0,1207.5,1295.0,88,0.0,0.0
2023-10-17 00:00:00-04:00,1295.0,1295.0,1172.5,1277.5,16,0.0,0.0
2023-10-18 00:00:00-04:00,1277.5,1328.25,1207.5,1258.25,13,0.0,0.0
2023-10-19 00:00:00-04:00,1356.25,1356.25,1188.25,1277.5,5,0.0,0.0
2023-10-20 00:00:00-04:00,1242.5,1260.0,1172.5,1251.25,11,0.0,0.0
2023-10-23 00:00:00-04:00,1207.5,1277.5,1172.5,1207.5,10,0.0,0.0
2023-10-24 00:00:00-04:00,1172.5,1246.0,997.5,1190.0,16,0.0,0.0
2023-10-25 00:00:00-04:00,1111.25,1176.0,1085.0,1153.25,6,0.0,0.0
2023-10-26 00:00:00-04:00,1100.75,1100.75,1029.0,1032.5,13,0.0,0.0
2023-10-27 00:00:00-04:00,1141.0,1141.0,997.5,997.5,6,0.0,0.0
2023-10-30 00:00:00-04:00,962.5,1120.0,910.0,1120.0,14,0.0,0.0
2023-10-31 00:00:00-04:00,1137.5,1137.5,918.75,1030.75,11,0.0,0.0
2023-11-01 00:00:00-04:00,957.25,1015.0,927.5,1015.0,12,0.0,0.0
2023-11-02 00:00:00-04:00,1032.5,1137.5,990.5,1067.5,8,0.0,0.0
2023-11-03 00:00:00-04:00,1067.5,1216.25,1006.25,1158.5,8,0.0,0.0
2023-11-06 00:00:00-05:00,1179.5,1179.5,1032.5,1170.75,9,0.0,0.0
2023-11-07 00:00:00-05:00,1155.0,1186.5,1032.5,1142.75,18,0.0,0.0
2023-11-08 00:00:00-05:00,1120.0,1120.0,1032.5,1085.0,4,0.0,0.0
2023-11-09 00:00:00-05:00,1155.0,1172.5,1085.0,1085.0,3,0.0,0.0
2023-11-10 00:00:00-05:00,1151.5,1151.5,1137.5,1137.5,0,0.0,0.0
2023-11-13 00:00:00-05:00,1135.75,1137.5,1032.5,1120.0,3,0.0,0.0
2023-11-14 00:00:00-05:00,1050.0,1155.0,1050.0,1153.25,6,0.0,0.0
2023-11-15 00:00:00-05:00,1100.75,1153.25,1085.0,1085.0,2,0.0,0.0
2023-11-16 00:00:00-05:00,1155.0,1155.0,1050.0,1081.5,2,0.0,0.0
2023-11-17 00:00:00-05:00,1120.0,1120.0,1120.0,1120.0,0,0.0,0.0
2023-11-20 00:00:00-05:00,1050.0,1120.0,1034.25,1034.25,9,0.0,0.0
2023-11-21 00:00:00-05:00,1076.25,1120.0,1067.5,1102.5,3,0.0,0.0
2023-11-22 00:00:00-05:00,1128.75,1207.5,1072.75,1155.0,6,0.0,0.0
2023-11-24 00:00:00-05:00,1225.0,1225.0,1067.5,1155.0,3,0.0,0.0
2023-11-27 00:00:00-05:00,1207.5,1207.5,1155.0,1155.0,0,0.0,0.0
2023-11-28 00:00:00-05:00,1137.5,1137.5,1067.5,1067.5,2,0.0,0.0
2023-11-29 00:00:00-05:00,1067.5,1207.5,962.5,1067.5,18,0.0,0.0
2023-11-30 00:00:00-05:00,964.25,1102.5,952.0,962.5,58,0.0,0.0
2023-12-01 00:00:00-05:00,1015.0,1120.0,945.0,1113.0,68,0.0,0.0
2023-12-04 00:00:00-05:00,1061.7249755859375,1061.7249755859375,966.0,1018.5,61,0.0,0.1
2023-12-05 00:00:00-05:00,1006.25,1135.75,1006.25,1080.625,57,0.0,0.0
2023-12-06 00:00:00-05:00,1067.5,1110.7249755859375,1051.75,1067.5,31,0.0,0.0
2023-12-07 00:00:00-05:00,1044.75,1163.75,1034.25,1034.25,18,0.0,0.0
2023-12-08 00:00:00-05:00,1037.75,1099.0,1029.0,1030.75,9,0.0,0.0
2023-12-11 00:00:00-05:00,1006.25,1075.7249755859375,997.5,997.5,5,0.0,0.0
2023-12-12 00:00:00-05:00,962.5,1015.0,894.25,939.75,76,0.0,0.0
2023-12-13 00:00:00-05:00,903.0,949.375,903.0,949.375,25,0.0,0.0
2023-12-14 00:00:00-05:00,987.0,1067.5,982.625,1057.0,111,0.0,0.0
2023-12-15 00:00:00-05:00,1043.3499755859375,1069.25,1036.875,1058.75,9,0.0,0.0
2023-12-18 00:00:00-05:00,1092.0,1092.0,999.25,1008.0,49,0.0,0.0
2023-12-19 00:00:00-05:00,964.25,1063.125,964.25,1050.0,18,0.0,0.0
2023-12-20 00:00:00-05:00,1099.0,1099.0,1008.0,1032.5,64,0.0,0.0
2023-12-21 00:00:00-05:00,1041.25,1069.25,1006.25,1065.75,14,0.0,0.0
2023-12-22 00:00:00-05:00,1058.75,1064.0,1020.4249877929688,1064.0,5,0.0,0.0
2023-12-26 00:00:00-05:00,1048.25,1050.0,981.75,1018.5,27,0.0,0.0
2023-12-27 00:00:00-05:00,1034.949951171875,1065.75,1007.4749755859375,1065.75,53,0.0,0.0
2023-12-28 00:00:00-05:00,1064.0,1064.0,994.0,1031.449951171875,17,0.0,0.0
2023-12-29 00:00:00-05:00,1037.75,1053.1500244140625,1015.0,1023.75,25,0.0,0.0
2024-01-02 00:00:00-05:00,1002.75,1002.75,1002.75,1002.75,3,0.0,0.0
2024-01-03 00:00:00-05:00,1002.75,1002.75,876.75,995.5750122070312,30,0.0,0.0
2024-01-04 00:00:00-05:00,1004.5,1004.5,894.25,1002.75,30,0.0,0.0
2024-01-05 00:00:00-05:00,927.5,998.9000244140625,927.5,978.25,31,0.0,0.0
2024-01-08 00:00:00-05:00,1030.75,1263.5,931.0,995.75,214,0.0,0.0
2024-01-09 00:00:00-05:00,1039.5,1039.5,931.0,973.0,90,0.0,0.0
2024-01-10 00:00:00-05:00,1069.25,1069.25,955.5,1012.9000244140625,95,0.0,0.0
2024-01-11 00:00:00-05:00,1158.5,1205.75,1067.5,1090.25,711,0.0,0.0
2024-01-12 00:00:00-05:00,1197.0,1197.0,1050.0,1069.25,106,0.0,0.0
2024-01-16 00:00:00-05:00,1099.0,1099.0,1034.25,1034.25,21,0.0,0.0
2024-01-17 00:00:00-05:00,1041.25,1046.8499755859375,1034.7750244140625,1046.8499755859375,21,0.0,0.0
2024-01-18 00:00:00-05:00,1074.5,1102.5,1041.25,1047.0250244140625,68,0.0,0.0
2024-01-19 00:00:00-05:00,1067.5,1067.5,1041.25,1046.5,24,0.0,0.0
2024-01-22 00:00:00-05:00,1039.5,1050.0,962.5,1013.4249877929688,54,0.0,0.0
2024-01-23 00:00:00-05:00,924.0,924.0,836.5,855.75,119,0.0,0.0
2024-01-24 00:00:00-05:00,848.75,887.25,822.5,838.7750244140625,85,0.0,0.0
2024-01-25 00:00:00-05:00,822.5,822.5,668.5,726.25,114,0.0,0.0
2024-01-26 00:00:00-05:00,813.75,817.25,700.0,775.25,31,0.0,0.0
2024-01-29 00:00:00-05:00,770.0,770.0,719.25,761.25,58,0.0,0.0
2024-01-30 00:00:00-05:00,780.5,784.0,722.75,722.75,18,0.0,0.0
2024-01-31 00:00:00-05:00,700.0,770.0,700.0,770.0,29,0.0,0.0
2024-02-01 00:00:00-05:00,733.25,763.0,731.5,763.0,18,0.0,0.0
2024-02-02 00:00:00-05:00,785.75,785.75,700.0,743.75,18,0.0,0.0
2024-02-05 00:00:00-05:00,712.25,780.5,712.25,777.0,10,0.0,0.0
2024-02-06 00:00:00-05:00,813.75,813.75,698.25,773.5,10,0.0,0.0
2024-02-07 00:00:00-05:00,760.9000244140625,760.9000244140625,733.25,743.75,21,0.0,0.0
2024-02-08 00:00:00-05:00,731.5,787.5,726.25,784.1749877929688,35,0.0,0.0
2024-02-09 00:00:00-05:00,760.5499877929688,799.75,726.25,791.0,15,0.0,0.0
2024-02-12 00:00:00-05:00,755.125,781.0250244140625,701.75,701.75,90,0.0,0.0
2024-02-13 00:00:00-05:00,700.0,701.75,663.25,663.25,19,0.0,0.0
2024-02-14 00:00:00-05:00,673.75,717.5,651.0,715.75,55,0.0,0.0
2024-02-15 00:00:00-05:00,701.75,703.5,696.5,700.0,6,0.0,0.0
2024-02-16 00:00:00-05:00,728.0,728.0,612.5,691.25,30,0.0,0.0
2024-02-20 00:00:00-05:00,679.0,735.0,679.0,728.0,61,0.0,0.0
2024-02-21 00:00:00-05:00,745.5,770.0,654.5,743.75,15,0.0,0.0
2024-02-22 00:00:00-05:00,715.75,752.5,654.5,729.75,18,0.0,0.0
2024-02-23 00:00:00-05:00,680.75,738.5,656.25,698.25,29,0.0,0.0
2024-02-26 00:00:00-05:00,698.25,719.25,612.5,689.5,18,0.0,0.0
2024-02-27 00:00:00-05:00,638.75,684.5999755859375,612.5,630.0,26,0.0,0.0
2024-02-28 00:00:00-05:00,577.5,647.5,577.5,595.0,23,0.0,0.0
2024-02-29 00:00:00-05:00,609.0,652.75,593.25,623.875,13,0.0,0.0
2024-03-01 00:00:00-05:00,600.25,638.75,595.0,630.0,14,0.0,0.0
2024-03-04 00:00:00-05:00,588.0,623.0,542.5,591.5,128,0.0,0.0
2024-03-05 00:00:00-05:00,542.5,589.75,528.5,546.0,51,0.0,0.0
2024-03-06 00:00:00-05:00,546.0,546.0,525.0,525.0,25,0.0,0.0
2024-03-07 00:00:00-05:00,539.0,539.0,483.0,526.2249755859375,28,0.0,0.0
2024-03-08 00:00:00-05:00,520.7999877929688,524.4749755859375,484.75,512.5750122070312,14,0.0,0.0
2024-03-11 00:00:00-04:00,514.5,518.1749877929688,425.25,439.25,87,0.0,0.0
2024-03-12 00:00:00-04:00,463.75,467.95001220703125,455.0,462.0,69,0.0,0.0
2024-03-13 00:00:00-04:00,462.0,462.0,423.32501220703125,456.57501220703125,33,0.0,0.0
2024-03-14 00:00:00-04:00,460.95001220703125,460.95001220703125,437.5,446.25,30,0.0,0.0
2024-03-15 00:00:00-04:00,446.25,450.9750061035156,430.5,449.75,5,0.0,0.0
2024-03-18 00:00:00-04:00,451.1499938964844,451.1499938964844,428.75,438.375,34,0.0,0.0
2024-03-19 00:00:00-04:00,439.42498779296875,439.42498779296875,432.25,433.6499938964844,30,0.0,0.0
2024-03-20 00:00:00-04:00,435.75,516.25,432.25,485.79998779296875,121,0.0,0.0
2024-03-21 00:00:00-04:00,469.0,509.6000061035156,428.75,446.25,79,0.0,0.0
2024-03-22 00:00:00-04:00,448.0,450.1000061035156,423.5,450.1000061035156,12,0.0,0.0
2024-03-25 00:00:00-04:00,478.625,478.625,411.25,418.25,32,0.0,0.0
2024-03-26 00:00:00-04:00,413.0,413.0,393.75,393.75,11,0.0,0.0
2024-03-27 00:00:00-04:00,411.25,411.25,353.5,411.25,34,0.0,0.0
2024-03-28 00:00:00-04:00,360.5,400.75,350.0,350.0,31,0.0,0.0
2024-04-01 00:00:00-04:00,369.25,403.20001220703125,350.0,351.75,38,0.0,0.0
2024-04-02 00:00:00-04:00,350.0,376.25,350.0,365.75,13,0.0,0.0
2024-04-03 00:00:00-04:00,371.0,399.5249938964844,365.75,365.75,26,0.0,0.0
2024-04-04 00:00:00-04:00,385.0,413.0,385.0,399.0,9,0.0,0.0
2024-04-05 00:00:00-04:00,367.5,519.75,367.5,483.0,163,0.0,0.0
2024-04-08 00:00:00-04:00,504.0,504.0,430.5,455.0,110,0.0,0.0
2024-04-09 00:00:00-04:00,441.0,450.625,420.0,420.0,26,0.0,0.0
2024-04-10 00:00:00-04:00,421.75,446.7749938964844,350.0,371.0,25,0.0,0.0
2024-04-11 00:00:00-04:00,381.5,429.2749938964844,365.75,429.2749938964844,29,0.0,0.0
2024-04-12 00:00:00-04:00,439.7749938964844,439.7749938964844,390.25,431.7250061035156,5,0.0,0.0
2024-04-15 00:00:00-04:00,430.67498779296875,430.67498779296875,397.25,430.1499938964844,7,0.0,0.0
2024-04-16 00:00:00-04:00,423.5,434.0,400.75,400.75,40,0.0,0.0
2024-04-17 00:00:00-04:00,357.0,428.75,357.0,378.0,15,0.0,0.0
2024-04-18 00:00:00-04:00,420.0,420.0,358.75,360.5,9,0.0,0.0
2024-04-19 00:00:00-04:00,437.5,437.5,371.3500061035156,371.3500061035156,14,0.0,0.0
2024-04-22 00:00:00-04:00,397.25,397.25,378.3500061035156,390.25,34,0.0,0.0
2024-04-23 00:00:00-04:00,413.0,413.0,382.375,406.0,14,0.0,0.0
2024-04-24 00:00:00-04:00,402.5,413.0,393.75,393.75,6,0.0,0.0
2024-04-25 00:00:00-04:00,395.5,411.25,358.75,368.0249938964844,45,0.0,0.0
2024-04-26 00:00:00-04:00,376.25,376.25,350.0,350.0,31,0.0,0.0
2024-04-29 00:00:00-04:00,376.25,376.25,348.95001220703125,348.95001220703125,27,0.0,0.0
2024-04-30 00:00:00-04:00,350.0,371.70001220703125,346.5,364.0,13,0.0,0.0
2024-05-01 00:00:00-04:00,357.0,357.0,346.5,346.5,5,0.0,0.0
2024-05-02 00:00:00-04:00,332.5,342.125,330.3999938964844,336.0,11,0.0,0.0
2024-05-03 00:00:00-04:00,323.75,350.0,315.0,329.875,46,0.0,0.0
2024-05-06 00:00:00-04:00,343.0,376.25,341.25,374.5,101,0.0,0.0
2024-05-07 00:00:00-04:00,385.0,400.75,306.25,381.5,79,0.0,0.0
2024-05-08 00:00:00-04:00,376.25,381.5,376.25,381.5,3,0.0,0.0
2024-05-09 00:00:00-04:00,341.25,376.25,311.5,332.5,15,0.0,0.0
2024-05-10 00:00:00-04:00,334.25,381.5,334.25,381.5,62,0.0,0.0
2024-05-13 00:00:00-04:00,372.75,383.25,353.5,380.1000061035156,75,0.0,0.0
2024-05-14 00:00:00-04:00,383.25,383.25,369.25,371.0,37,0.0,0.0
2024-05-15 00:00:00-04:00,374.5,378.0,372.75,376.25,21,0.0,0.0
2024-05-16 00:00:00-04:00,376.25,381.32501220703125,369.25,369.25,20,0.0,0.0
2024-05-17 00:00:00-04:00,535.5,572.25,318.5,351.75,61612,0.0,0.0
2024-05-20 00:00:00-04:00,355.25,355.25,294.0,323.75,3197,0.0,0.0
2024-05-21 00:00:00-04:00,297.5,318.5,297.5,318.5,885,0.0,0.0
2024-05-22 00:00:00-04:00,301.0,313.25,246.75,276.5,1766,0.0,0.0
2024-05-23 00:00:00-04:00,283.5,283.5,252.0,271.25,648,0.0,0.0
2024-05-24 00:00:00-04:00,269.5,269.5,225.75,253.75,1378,0.0,0.0
2024-05-28 00:00:00-04:00,253.75,257.25,234.5,243.25,466,0.0,0.0
2024-05-29 00:00:00-04:00,241.5,251.125,232.39999389648438,241.6750030517578,543,0.0,0.0
2024-05-30 00:00:00-04:00,241.5,252.0,236.25,246.75,577,0.0,0.0
2024-05-31 00:00:00-04:00,246.75,362.25,220.5,222.25,60987,0.0,0.0
2024-06-03 00:00:00-04:00,213.5,219.27499389648438,183.75,197.75,3470,0.0,0.0
2024-06-04 00:00:00-04:00,199.5,203.0,189.1750030517578,201.25,1186,0.0,0.0
2024-06-05 00:00:00-04:00,197.75,203.0,175.0,192.5,942,0.0,0.0
2024-06-06 00:00:00-04:00,232.75,253.75,187.25,187.25,88627,0.0,0.0
2024-06-07 00:00:00-04:00,182.0,187.25,166.25,173.25,5514,0.0,0.0
2024-06-10 00:00:00-04:00,204.75,217.0,182.0,211.75,29597,0.0,0.0
2024-06-11 00:00:00-04:00,185.5,219.10000610351562,178.5,196.0,4898,0.0,0.0
2024-06-12 00:00:00-04:00,206.5,210.0,186.72500610351562,192.5,3469,0.0,0.0
2024-06-13 00:00:00-04:00,183.75,187.25,168.0,173.25,2354,0.0,0.0
2024-06-14 00:00:00-04:00,173.25,185.5,168.0,176.75,1969,0.0,0.0
2024-06-17 00:00:00-04:00,182.0,182.0,171.5,173.25,708,0.0,0.0
2024-06-18 00:00:00-04:00,178.5,182.0,171.6750030517578,182.0,1158,0.0,0.0
2024-06-20 00:00:00-04:00,178.5,178.5,168.0,176.75,803,0.0,0.0
2024-06-21 00:00:00-04:00,173.25,176.5749969482422,169.75,174.64999389648438,419,0.0,0.0
2024-06-24 00:00:00-04:00,175.0,182.0,171.5,173.25,507,0.0,0.0
2024-06-25 00:00:00-04:00,176.75,176.75,146.47500610351562,153.3000030517578,1615,0.0,0.0
2024-06-26 00:00:00-04:00,152.25,162.5749969482422,148.75,157.3249969482422,390,0.0,0.0
2024-06-27 00:00:00-04:00,162.5749969482422,168.0,154.1750030517578,165.89999389648438,494,0.0,0.0
2024-06-28 00:00:00-04:00,166.0749969482422,166.0749969482422,157.5,161.1750030517578,186,0.0,0.0
2024-07-01 00:00:00-04:00,154.0,161.52499389648438,151.375,157.5,486,0.0,0.0
2024-07-02 00:00:00-04:00,152.60000610351562,157.5,152.60000610351562,157.5,552,0.0,0.0
2024-07-03 00:00:00-04:00,171.5,171.5,162.0500030517578,165.02499389648438,630,0.0,0.0
2024-07-05 00:00:00-04:00,162.75,166.25,161.1750030517578,164.5,60,0.0,0.0
2024-07-08 00:00:00-04:00,173.25,173.25,158.02499389648438,161.875,305,0.0,0.0
2024-07-09 00:00:00-04:00,161.875,161.875,148.75,154.35000610351562,463,0.0,0.0
2024-07-10 00:00:00-04:00,155.75,157.5,152.25,155.39999389648438,262,0.0,0.0
2024-07-11 00:00:00-04:00,157.5,157.5,152.25,155.75,398,0.0,0.0
2024-07-12 00:00:00-04:00,155.9250030517578,155.9250030517578,150.5,154.0,341,0.0,0.0
2024-07-15 00:00:00-04:00,152.77499389648438,164.3249969482422,149.10000610351562,158.375,1267,0.0,0.0
2024-07-16 00:00:00-04:00,158.375,158.375,148.75,152.77499389648438,766,0.0,0.0
2024-07-17 00:00:00-04:00,153.125,164.3249969482422,152.25,157.14999389648438,681,0.0,0.0
2024-07-18 00:00:00-04:00,164.6750030517578,166.0749969482422,149.27499389648438,151.89999389648438,1093,0.0,0.0
2024-07-19 00:00:00-04:00,152.60000610351562,152.60000610351562,145.25,148.39999389648438,277,0.0,0.0
2024-07-22 00:00:00-04:00,152.0749969482422,152.0749969482422,141.75,147.0,237,0.0,0.0
2024-07-23 00:00:00-04:00,149.97500610351562,149.97500610351562,143.6750030517578,144.375,240,0.0,0.0
2024-07-24 00:00:00-04:00,145.25,180.25,143.5,170.625,5233,0.0,0.0
2024-07-25 00:00:00-04:00,161.0,166.25,156.8000030517578,162.5749969482422,727,0.0,0.0
2024-07-26 00:00:00-04:00,162.75,164.5,150.5,156.8000030517578,751,0.0,0.0
2024-07-29 00:00:00-04:00,151.02499389648438,156.8000030517578,142.27499389648438,142.8000030517578,575,0.0,0.0
2024-07-30 00:00:00-04:00,147.0,149.10000610351562,131.25,136.5,805,0.0,0.0
2024-07-31 00:00:00-04:00,136.5,140.0,126.3499984741211,129.85000610351562,1141,0.0,0.0
2024-08-01 00:00:00-04:00,133.0,136.14999389648438,127.92500305175781,128.8000030517578,453,0.0,0.0
2024-08-02 00:00:00-04:00,127.75,129.3249969482422,120.92500305175781,120.92500305175781,470,0.0,0.0
2024-08-05 00:00:00-04:00,113.75,124.25,111.4749984741211,115.67500305175781,861,0.0,0.0
2024-08-06 00:00:00-04:00,113.75,120.05000305175781,106.75,109.375,363,0.0,0.0
2024-08-07 00:00:00-04:00,109.55000305175781,120.75,109.55000305175781,110.25,174,0.0,0.0
2024-08-08 00:00:00-04:00,114.0999984741211,114.9749984741211,108.5,110.25,134,0.0,0.0
2024-08-09 00:00:00-04:00,110.25,113.4000015258789,110.25,113.4000015258789,162,0.0,0.0
2024-08-12 00:00:00-04:00,113.05000305175781,113.75,110.7750015258789,113.05000305175781,149,0.0,0.0
2024-08-13 00:00:00-04:00,112.0,112.0,107.625,108.5,123,0.0,0.0
2024-08-14 00:00:00-04:00,108.5,110.07499694824219,106.75,108.67500305175781,138,0.0,0.0
2024-08-15 00:00:00-04:00,108.5,113.4000015258789,108.5,111.125,198,0.0,0.0
2024-08-16 00:00:00-04:00,112.0,113.4000015258789,105.875,109.19999694824219,398,0.0,0.0
2024-08-19 00:00:00-04:00,105.3499984741211,133.0,105.3499984741211,120.75,1841,0.0,0.0
2024-08-20 00:00:00-04:00,117.25,126.0,117.25,121.80000305175781,149,0.0,0.0
2024-08-21 00:00:00-04:00,122.1500015258789,127.75,121.9749984741211,124.5999984741211,231,0.0,0.0
2024-08-22 00:00:00-04:00,129.14999389648438,129.14999389648438,122.5,122.5,71,0.0,0.0
2024-08-23 00:00:00-04:00,118.125,122.5,118.125,120.92500305175781,111,0.0,0.0
2024-08-26 00:00:00-04:00,117.25,121.625,114.9749984741211,120.4000015258789,186,0.0,0.0
2024-08-27 00:00:00-04:00,121.625,121.625,114.9749984741211,114.9749984741211,68,0.0,0.0
2024-08-28 00:00:00-04:00,121.44999694824219,121.44999694824219,110.7750015258789,110.7750015258789,117,0.0,0.0
2024-08-29 00:00:00-04:00,126.875,126.875,110.7750015258789,112.875,51104,0.0,0.0
2024-08-30 00:00:00-04:00,248.5,439.25,224.0,271.25,1358975,0.0,0.0
2024-09-03 00:00:00-04:00,227.5,248.5,180.25,215.25,36587,0.0,0.0
2024-09-04 00:00:00-04:00,213.5,327.25,201.25,220.5,148911,0.0,0.0
2024-09-05 00:00:00-04:00,206.5,222.25,185.5,196.0,12139,0.0,0.0
2024-09-06 00:00:00-04:00,196.0,200.72500610351562,166.25,166.25,5464,0.0,0.0
2024-09-09 00:00:00-04:00,192.5,259.0,175.0,220.5,257242,0.0,0.0
2024-09-10 00:00:00-04:00,204.75,217.0,183.75,196.0,14390,0.0,0.0
2024-09-11 00:00:00-04:00,176.75,192.5,175.0,178.5,4339,0.0,0.0
2024-09-12 00:00:00-04:00,175.0,178.5,165.02499389648438,168.875,3641,0.0,0.0
2024-09-13 00:00:00-04:00,176.75,183.75,164.5,165.72500610351562,2298,0.0,0.0
2024-09-16 00:00:00-04:00,183.75,211.75,180.25,197.75,16294,0.0,0.0
2024-09-17 00:00:00-04:00,199.5,201.25,168.0,173.60000610351562,4103,0.0,0.0
2024-09-18 00:00:00-04:00,178.5,182.0,171.5,173.25,2321,0.0,0.0
2024-09-19 00:00:00-04:00,178.5,180.25,162.9250030517578,164.5,1965,0.0,0.0
2024-09-20 00:00:00-04:00,168.0,171.5,159.25,161.0,1280,0.0,0.0
2024-09-23 00:00:00-04:00,164.5,166.0749969482422,145.77499389648438,150.3249969482422,1458,0.0,0.0
2024-09-24 00:00:00-04:00,143.3249969482422,157.5,143.3249969482422,149.10000610351562,1851,0.0,0.0
2024-09-25 00:00:00-04:00,157.3249969482422,168.0,151.375,162.75,11475,0.0,0.0
2024-09-26 00:00:00-04:00,159.0749969482422,166.0749969482422,147.6999969482422,152.60000610351562,1947,0.0,0.0
2024-09-27 00:00:00-04:00,154.35000610351562,157.5,141.75,144.1999969482422,1271,0.0,0.0
2024-09-30 00:00:00-04:00,143.6750030517578,144.1999969482422,138.25,141.5749969482422,621,0.0,0.0
2024-10-01 00:00:00-04:00,138.25,148.75,138.25,143.5,1443,0.0,0.0
2024-10-02 00:00:00-04:00,141.5749969482422,145.0749969482422,138.25,142.625,716,0.0,0.0
2024-10-03 00:00:00-04:00,140.0,142.4499969482422,133.875,136.14999389648438,865,0.0,0.0
2024-10-04 00:00:00-04:00,134.75,140.0,131.77499389648438,134.75,1357,0.0,0.0
2024-10-07 00:00:00-04:00,133.1750030517578,142.625,133.0,139.64999389648438,763,0.0,0.0
2024-10-08 00:00:00-04:00,138.25,154.0,137.375,152.25,1055,0.0,0.0
2024-10-09 00:00:00-04:00,152.25,152.25,141.9250030517578,145.25,414,0.0,0.0
2024-10-10 00:00:00-04:00,144.375,148.5749969482422,138.25,146.125,517,0.0,0.0
2024-10-11 00:00:00-04:00,141.22500610351562,148.5749969482422,141.0500030517578,143.6750030517578,372,0.0,0.0
2024-10-14 00:00:00-04:00,141.9250030517578,147.0,140.0,140.35000610351562,439,0.0,0.0
2024-10-15 00:00:00-04:00,140.0,143.5,131.25,131.25,842,0.0,0.0
2024-10-16 00:00:00-04:00,131.25,136.5,126.0,126.875,742,0.0,0.0
2024-10-17 00:00:00-04:00,131.25,134.75,124.25,134.75,726,0.0,0.0
2024-10-18 00:00:00-04:00,133.0,148.75,133.0,138.4250030517578,1009,0.0,0.0
2024-10-21 00:00:00-04:00,143.5,147.0,140.0,144.1999969482422,1334,0.0,0.0
2024-10-22 00:00:00-04:00,148.75,154.875,138.4250030517578,154.0,716,0.0,0.0
2024-10-23 00:00:00-04:00,152.0749969482422,154.52499389648438,147.0,154.0,342,0.0,0.0
2024-10-24 00:00:00-04:00,149.4499969482422,154.0,147.0,150.85000610351562,855,0.0,0.0
2024-10-25 00:00:00-04:00,155.75,159.25,143.5,149.97500610351562,3287,0.0,0.0
2024-10-28 00:00:00-04:00,145.25,152.25,144.375,151.89999389648438,606,0.0,0.0
2024-10-29 00:00:00-04:00,153.8249969482422,154.0,147.0,149.625,331,0.0,0.0
2024-10-30 00:00:00-04:00,146.125,154.0,146.125,147.1750030517578,389,0.0,0.0
2024-10-31 00:00:00-04:00,152.25,152.25,145.25,151.5500030517578,669,0.0,0.0
2024-11-01 00:00:00-04:00,152.25,152.25,145.25,150.5,605,0.0,0.0
2024-11-04 00:00:00-05:00,148.9250030517578,153.8249969482422,141.75,147.0,721,0.0,0.0
2024-11-05 00:00:00-05:00,150.5,150.5,141.75,149.10000610351562,676,0.0,0.0
2024-11-06 00:00:00-05:00,145.25,150.3249969482422,143.5,146.125,863,0.0,0.0
2024-11-07 00:00:00-05:00,145.25,147.0,131.4250030517578,141.39999389648438,754,0.0,0.0
2024-11-08 00:00:00-05:00,131.4250030517578,139.64999389648438,131.4250030517578,137.1999969482422,463,0.0,0.0
2024-11-11 00:00:00-05:00,134.5749969482422,139.8249969482422,128.625,134.39999389648438,537,0.0,0.0
2024-11-12 00:00:00-05:00,131.25,137.02499389648438,127.92500305175781,131.9499969482422,371,0.0,0.0
2024-11-13 00:00:00-05:00,129.5,134.39999389648438,126.0,129.5,400,0.0,0.0
2024-11-14 00:00:00-05:00,136.14999389648438,136.14999389648438,123.375,127.57499694824219,455,0.0,0.0
2024-11-15 00:00:00-05:00,126.0,133.0,122.67500305175781,124.25,613,0.0,0.0
2024-11-18 00:00:00-05:00,124.25,131.25,124.25,130.375,232,0.0,0.0
2024-11-19 00:00:00-05:00,126.875,130.375,122.8499984741211,127.75,380,0.0,0.0
2024-11-20 00:00:00-05:00,126.0,129.5,124.25,126.17500305175781,142,0.0,0.0
2024-11-21 00:00:00-05:00,125.82499694824219,129.5,122.5,126.0,334,0.0,0.0
2024-11-22 00:00:00-05:00,127.75,134.0500030517578,123.375,129.5,669,0.0,0.0
2024-11-25 00:00:00-05:00,129.5,148.5749969482422,127.75,145.25,796,0.0,0.0
2024-11-26 00:00:00-05:00,146.8249969482422,146.8249969482422,133.875,135.625,433,0.0,0.0
2024-11-27 00:00:00-05:00,143.5,143.5,132.125,132.125,122,0.0,0.0
2024-11-29 00:00:00-05:00,133.0,143.5,131.25,143.14999389648438,551,0.0,0.0
2024-12-02 00:00:00-05:00,143.5,150.5,136.5,140.1750030517578,227,0.0,0.0
2024-12-03 00:00:00-05:00,140.0,152.0749969482422,136.5,137.375,359,0.0,0.0
2024-12-04 00:00:00-05:00,137.02499389648438,151.1999969482422,123.375,143.5,56373,0.0,0.0
2024-12-05 00:00:00-05:00,134.0500030517578,146.3000030517578,126.17500305175781,138.0749969482422,5086,0.0,0.0
2024-12-06 00:00:00-05:00,131.4250030517578,141.5749969482422,131.25,140.0,1366,0.0,0.0
2024-12-09 00:00:00-05:00,134.75,140.0,131.60000610351562,132.8249969482422,1585,0.0,0.0
2024-12-10 00:00:00-05:00,138.0749969482422,140.0,130.72500610351562,131.25,846,0.0,0.0
2024-12-11 00:00:00-05:00,127.75,133.0,127.75,129.5,376,0.0,0.0
2024-12-12 00:00:00-05:00,126.0,130.375,125.30000305175781,125.30000305175781,203,0.0,0.0
2024-12-13 00:00:00-05:00,127.05000305175781,131.25,126.875,130.89999389648438,411,0.0,0.0
2024-12-16 00:00:00-05:00,126.0,129.5,123.55000305175781,126.0,424,0.0,0.0
2024-12-17 00:00:00-05:00,124.25,125.4749984741211,119.0,119.17500305175781,997,0.0,0.0
2024-12-18 00:00:00-05:00,123.55000305175781,127.75,118.30000305175781,119.0,591,0.0,0.0
2024-12-19 00:00:00-05:00,120.75,127.75,119.0,120.75,855,0.0,0.0
2024-12-20 00:00:00-05:00,120.92500305175781,136.85000610351562,116.55000305175781,131.77499389648438,68022,0.0,0.0
2024-12-23 00:00:00-05:00,157.5,168.6999969482422,138.25,162.39999389648438,52653,0.0,0.0
2024-12-24 00:00:00-05:00,147.0,189.0,146.47500610351562,183.75,11719,0.0,0.0
2024-12-26 00:00:00-05:00,169.5749969482422,192.5,163.10000610351562,187.25,5630,0.0,0.0
2024-12-27 00:00:00-05:00,180.25,182.0,166.25,178.5,2149,0.0,0.0
2024-12-30 00:00:00-05:00,173.25,180.25,168.0,176.75,2081,0.0,0.0
2024-12-31 00:00:00-05:00,215.25,428.75,189.0,227.5,281308,0.0,0.0
2025-01-02 00:00:00-05:00,220.5,292.25,220.5,274.75,26101,0.0,0.0
2025-01-03 00:00:00-05:00,287.0,322.0,277.375,290.5,10462,0.0,0.0
2025-01-06 00:00:00-05:00,281.75,371.0,248.5,364.0,15153,0.0,0.0
2025-01-07 00:00:00-05:00,337.75,393.75,311.5,385.0,8737,0.0,0.0
2025-01-08 00:00:00-05:00,367.5,440.82501220703125,320.25,402.5,8868,0.0,0.0
2025-01-10 00:00:00-05:00,404.25,535.5,404.25,525.0,14810,0.0,0.0
2025-01-13 00:00:00-05:00,486.5,507.5,402.5,451.5,5790,0.0,0.0
2025-01-14 00:00:00-05:00,427.0,428.04998779296875,315.0,325.5,4945,0.0,0.0
2025-01-15 00:00:00-05:00,332.5,369.25,302.75,344.75,3387,0.0,0.0
2025-01-16 00:00:00-05:00,341.25,348.25,303.625,308.0,2181,0.0,0.0
2025-01-17 00:00:00-05:00,322.0,330.75,303.625,315.0,1069,0.0,0.0
2025-01-21 00:00:00-05:00,358.75,434.0,339.5,372.75,6394,0.0,0.0
2025-01-22 00:00:00-05:00,392.0,395.5,357.0,374.5,1606,0.0,0.0
2025-01-23 00:00:00-05:00,371.0,374.5,302.75,311.5,1873,0.0,0.0
2025-01-24 00:00:00-05:00,308.0,322.0,302.75,316.75,826,0.0,0.0
2025-01-27 00:00:00-05:00,302.75,302.75,252.0,266.0,2920,0.0,0.0
2025-01-28 00:00:00-05:00,264.25,280.0,253.75,273.0,947,0.0,0.0
2025-01-29 00:00:00-05:00,276.5,287.0,271.25,283.5,934,0.0,0.0
2025-01-30 00:00:00-05:00,276.5,287.5249938964844,255.5,269.5,572,0.0,0.0
2025-01-31 00:00:00-05:00,262.5,273.0,234.5,238.0,1351,0.0,0.0
2025-02-03 00:00:00-05:00,225.75,248.5,225.75,238.0,763,0.0,0.0
2025-02-04 00:00:00-05:00,246.75,297.5,199.5,232.75,19611,0.0,0.0
2025-02-05 00:00:00-05:00,227.5,235.1999969482422,215.25,225.75,1153,0.0,0.0
2025-02-06 00:00:00-05:00,225.75,227.5,210.0,210.0,1179,0.0,0.0
2025-02-07 00:00:00-05:00,208.25,217.52499389648438,194.25,194.25,1221,0.0,0.0
2025-02-10 00:00:00-05:00,197.75,224.0,197.75,222.25,1375,0.0,0.0
2025-02-11 00:00:00-05:00,224.0,224.0,210.0,213.5,672,0.0,0.0
2025-02-12 00:00:00-05:00,211.75,218.5749969482422,201.25,210.0,818,0.0,0.0
2025-02-13 00:00:00-05:00,211.75,211.75,196.0,202.125,1041,0.0,0.0
2025-02-14 00:00:00-05:00,199.5,205.4499969482422,178.5,185.5,1453,0.0,0.0
2025-02-18 00:00:00-05:00,208.25,249.375,197.75,241.5,2357,0.0,0.0
2025-02-19 00:00:00-05:00,245.0,248.5,222.9499969482422,231.0,1083,0.0,0.0
2025-02-20 00:00:00-05:00,250.25,280.0,234.5,266.0,2927,0.0,0.0
2025-02-21 00:00:00-05:00,262.5,280.0,250.25,253.75,2090,0.0,0.0
2025-02-24 00:00:00-05:00,252.0,264.25,248.5,259.0,626,0.0,0.0
2025-02-25 00:00:00-05:00,260.75,288.75,253.75,288.75,1139,0.0,0.0
2025-02-26 00:00:00-05:00,285.25,302.75,266.0,269.5,707,0.0,0.0
2025-02-27 00:00:00-05:00,266.0,285.25,250.25,255.5,688,0.0,0.0
2025-02-28 00:00:00-05:00,250.25,253.75,245.0,252.0,499,0.0,0.0
2025-03-03 00:00:00-05:00,252.0,259.0,245.0,252.0,441,0.0,0.0
2025-03-04 00:00:00-05:00,248.5,250.25,229.25,236.25,11842,0.0,0.0
2025-03-05 00:00:00-05:00,239.75,253.75,204.75,210.0,9086,0.0,0.0
2025-03-06 00:00:00-05:00,203.0,210.0,197.75,203.0,963,0.0,0.0
2025-03-07 00:00:00-05:00,201.25,220.5,201.25,217.0,637,0.0,0.0
2025-03-10 00:00:00-04:00,211.75,220.5,206.5,208.25,494,0.0,0.0
2025-03-11 00:00:00-04:00,203.0,217.0,203.0,208.25,233,0.0,0.0
2025-03-12 00:00:00-04:00,211.75,235.5500030517578,211.75,222.77499389648438,396,0.0,0.0
2025-03-13 00:00:00-04:00,220.5,229.25,210.0,211.75,340,0.0,0.0
2025-03-14 00:00:00-04:00,211.75,222.25,210.0,215.25,107,0.0,0.0
2025-03-17 00:00:00-04:00,215.25,227.5,213.3249969482422,217.0,255,0.0,0.0
2025-03-18 00:00:00-04:00,218.75,224.0,218.75,224.0,200,0.0,0.0
2025-03-19 00:00:00-04:00,232.75,236.25,220.5,224.0,161,0.0,0.0
2025-03-20 00:00:00-04:00,227.5,236.25,215.25,227.85000610351562,222,0.0,0.0
2025-03-21 00:00:00-04:00,224.0,248.5,224.0,248.5,498,0.0,0.0
2025-03-24 00:00:00-04:00,248.5,259.0,239.75,253.75,445,0.0,0.0
2025-03-25 00:00:00-04:00,259.0,259.0,250.25,253.75,226,0.0,0.0
2025-03-26 00:00:00-04:00,243.9499969482422,252.52499389648438,231.0,246.75,249,0.0,0.0
2025-03-27 00:00:00-04:00,245.0,248.3249969482422,222.25,224.0,351,0.0,0.0
2025-03-28 00:00:00-04:00,222.25,234.5,220.5,231.0,101,0.0,0.0
2025-03-31 00:00:00-04:00,218.75,232.75,208.25,217.1750030517578,514,0.0,0.0
2025-04-01 00:00:00-04:00,217.0,231.0,217.0,222.25,165,0.0,0.0
2025-04-02 00:00:00-04:00,232.75,232.75,222.25,229.25,90,0.0,0.0
2025-04-03 00:00:00-04:00,229.25,229.25,218.75,220.5,203,0.0,0.0
2025-04-04 00:00:00-04:00,226.625,226.625,203.0,210.0,249,0.0,0.0
2025-04-07 00:00:00-04:00,203.0,220.5,190.75,220.5,210,0.0,0.0
2025-04-08 00:00:00-04:00,220.5,230.125,201.25,211.75,130,0.0,0.0
2025-04-09 00:00:00-04:00,224.0,250.4250030517578,206.5,243.25,388,0.0,0.0
2025-04-10 00:00:00-04:00,243.25,260.75,227.14999389648438,243.25,149,0.0,0.0
2025-04-11 00:00:00-04:00,232.75,243.25,229.25,241.5,218,0.0,0.0
2025-04-14 00:00:00-04:00,241.5,253.75,229.25,245.0,270,0.0,0.0
2025-04-15 00:00:00-04:00,245.0,255.5,243.25,255.5,118,0.0,0.0
2025-04-16 00:00:00-04:00,259.0,259.0,236.25,238.0,233,0.0,0.0
2025-04-17 00:00:00-04:00,241.5,255.5,227.5,229.25,127,0.0,0.0
2025-04-21 00:00:00-04:00,222.25,243.4250030517578,222.25,224.0,135,0.0,0.0
2025-04-22 00:00:00-04:00,234.85000610351562,239.75,224.0,239.75,242,0.0,0.0
2025-04-23 00:00:00-04:00,248.5,248.5,238.0,245.0,162,0.0,0.0
2025-04-24 00:00:00-04:00,229.25,243.77499389648438,229.25,233.10000610351562,262,0.0,0.0
2025-04-25 00:00:00-04:00,239.75,241.3249969482422,232.75,234.5,200,0.0,0.0
2025-04-28 00:00:00-04:00,236.25,236.25,203.0,215.25,426,0.0,0.0
2025-04-29 00:00:00-04:00,224.0,224.0,206.5,208.25,187,0.0,0.0
2025-04-30 00:00:00-04:00,208.25,212.625,208.25,208.25,239,0.0,0.0
2025-05-01 00:00:00-04:00,203.0,206.5,173.25,175.0,2618,0.0,0.0
2025-05-02 00:00:00-04:00,182.0,192.3249969482422,171.5,185.5,825,0.0,0.0
2025-05-05 00:00:00-04:00,178.5,178.5,165.02499389648438,175.0,524,0.0,0.0
2025-05-06 00:00:00-04:00,171.5,177.625,171.5,177.625,233,0.0,0.0
2025-05-07 00:00:00-04:00,185.5,185.5,176.75,179.375,179,0.0,0.0
2025-05-08 00:00:00-04:00,178.5,189.0,176.75,178.5,203,0.0,0.0
2025-05-09 00:00:00-04:00,187.9499969482422,189.0,182.875,185.5,617,0.0,0.0
2025-05-12 00:00:00-04:00,189.0,190.0500030517578,119.0,138.25,3914,0.0,0.0
2025-05-13 00:00:00-04:00,101.5,120.75,94.8499984741211,104.30000305175781,13709,0.0,0.0
2025-05-14 00:00:00-04:00,95.0250015258789,96.94999694824219,91.0,96.7750015258789,17807,0.0,0.0
2025-05-15 00:00:00-04:00,92.75,99.75,91.3499984741211,95.9000015258789,2693,0.0,0.0
2025-05-16 00:00:00-04:00,94.5,108.5,91.0,101.32499694824219,2501,0.0,0.0
2025-05-19 00:00:00-04:00,103.94999694824219,106.2249984741211,98.0,101.5,606,0.0,0.0
2025-05-20 00:00:00-04:00,105.0,105.0,96.42500305175781,98.17500305175781,1525,0.0,0.0
2025-05-21 00:00:00-04:00,97.82499694824219,101.5,94.5,99.92500305175781,1313,0.0,0.0
2025-05-22 00:00:00-04:00,96.25,99.4000015258789,80.5,84.3499984741211,5574,0.0,0.0
2025-05-23 00:00:00-04:00,87.5,114.2750015258789,70.0,77.875,108261,0.0,0.0
2025-05-27 00:00:00-04:00,77.0,84.5250015258789,72.0999984741211,81.375,12259,0.0,0.0
2025-05-28 00:00:00-04:00,81.9000015258789,89.5999984741211,79.0999984741211,82.25,7237,0.0,0.0
2025-05-29 00:00:00-04:00,82.07499694824219,108.5,82.07499694824219,88.7249984741211,48024,0.0,0.0
2025-05-30 00:00:00-04:00,85.75,88.7249984741211,82.42500305175781,87.1500015258789,4281,0.0,0.0
2025-06-02 00:00:00-04:00,84.5250015258789,89.7750015258789,82.42500305175781,88.19999694824219,2059,0.0,0.0
2025-06-03 00:00:00-04:00,87.8499984741211,94.1500015258789,87.5,92.75,2114,0.0,0.0
2025-06-04 00:00:00-04:00,92.75,101.1500015258789,92.2249984741211,97.82499694824219,3616,0.0,0.0
2025-06-05 00:00:00-04:00,98.0,112.875,96.25,106.4000015258789,5141,0.0,0.0
2025-06-06 00:00:00-04:00,110.25,124.94999694824219,110.25,120.75,7226,0.0,0.0
2025-06-09 00:00:00-04:00,124.25,138.0749969482422,122.5,124.07499694824219,4665,0.0,0.0
2025-06-10 00:00:00-04:00,126.0,127.75,106.75,108.32499694824219,3797,0.0,0.0
2025-06-11 00:00:00-04:00,107.9749984741211,122.5,105.0,117.25,3067,0.0,0.0
2025-06-12 00:00:00-04:00,113.75,121.625,113.75,119.0,1085,0.0,0.0
2025-06-13 00:00:00-04:00,108.5,115.67500305175781,101.8499984741211,102.375,4083,0.0,0.0
2025-06-16 00:00:00-04:00,107.625,111.4749984741211,99.75,100.80000305175781,2118,0.0,0.0
2025-06-17 00:00:00-04:00,92.4000015258789,92.75,80.32499694824219,81.0250015258789,10290,0.0,0.0
2025-06-18 00:00:00-04:00,82.94999694824219,95.375,81.375,85.75,5134,0.0,0.0
2025-06-20 00:00:00-04:00,91.0,102.19999694824219,62.29999923706055,88.9000015258789,13037,0.0,0.2
2025-06-23 00:00:00-04:00,84.69999694824219,95.12999725341797,84.3499984741211,87.1500015258789,2346,0.0,0.0
2025-06-24 00:00:00-04:00,87.1500015258789,87.1500015258789,77.69999694824219,78.4000015258789,2351,0.0,0.0
2025-06-25 00:00:00-04:00,78.05000305175781,82.25,77.3499984741211,81.9000015258789,1540,0.0,0.0
2025-06-26 00:00:00-04:00,81.19999694824219,94.5,80.32499694824219,83.6500015258789,3463,0.0,0.0
2025-06-27 00:00:00-04:00,82.5999984741211,92.4000015258789,82.5999984741211,91.3499984741211,3229,0.0,0.0
2025-06-30 00:00:00-04:00,92.4000015258789,95.55000305175781,84.69999694824219,86.80000305175781,3031,0.0,0.0
2025-07-01 00:00:00-04:00,86.44999694824219,91.0,85.95999908447266,90.30000305175781,1446,0.0,0.0
2025-07-02 00:00:00-04:00,87.88500213623047,98.0,80.5,95.19999694824219,3823,0.0,0.0
2025-07-03 00:00:00-04:00,94.1500015258789,94.8499984741211,92.4000015258789,92.8550033569336,511,0.0,0.0
2025-07-07 00:00:00-04:00,92.4000015258789,95.375,88.55000305175781,89.25,817,0.0,0.0
2025-07-08 00:00:00-04:00,82.5999984741211,86.44999694824219,69.30000305175781,75.94999694824219,79197,0.0,0.0
2025-07-09 00:00:00-04:00,73.8499984741211,76.30000305175781,72.80000305175781,74.19999694824219,2946,0.0,0.0
2025-07-10 00:00:00-04:00,73.1500015258789,75.25,71.75,74.9000015258789,1117,0.0,0.0
2025-07-11 00:00:00-04:00,73.8499984741211,75.25,69.30000305175781,73.5,2940,0.0,0.0
2025-07-14 00:00:00-04:00,73.5,77.0,73.5,74.19999694824219,4891,0.0,0.0
2025-07-15 00:00:00-04:00,75.25,75.94999694824219,71.75,72.80000305175781,3451,0.0,0.0
2025-07-16 00:00:00-04:00,81.19999694824219,82.25,68.5999984741211,73.1500015258789,239763,0.0,0.0
2025-07-17 00:00:00-04:00,72.80000305175781,73.1500015258789,70.0,70.69999694824219,7309,0.0,0.0
2025-07-18 00:00:00-04:00,70.0,70.69999694824219,68.07499694824219,68.5999984741211,3583,0.0,0.0
2025-07-21 00:00:00-04:00,69.30000305175781,73.8499984741211,68.5999984741211,72.80000305175781,5500,0.0,0.0
2025-07-22 00:00:00-04:00,71.75,74.62000274658203,71.05000305175781,72.0999984741211,1837,0.0,0.0
2025-07-23 00:00:00-04:00,72.44999694824219,74.55000305175781,72.0999984741211,73.5,4431,0.0,0.0
2025-07-24 00:00:00-04:00,73.8499984741211,75.25,72.0999984741211,72.80000305175781,2994,0.0,0.0
2025-07-25 00:00:00-04:00,73.5,74.7249984741211,71.05000305175781,73.5,2300,0.0,0.0
2025-07-28 00:00:00-04:00,72.44999694824219,73.67500305175781,65.0999984741211,65.80000305175781,7329,0.0,0.0
2025-07-29 00:00:00-04:00,67.19999694824219,67.33999633789062,61.599998474121094,61.95000076293945,3626,0.0,0.0
2025-07-30 00:00:00-04:00,63.0,63.0,58.79999923706055,60.20000076293945,2634,0.0,0.0
2025-07-31 00:00:00-04:00,60.20000076293945,62.29999923706055,59.150001525878906,60.20000076293945,1543,0.0,0.0
2025-08-01 00:00:00-04:00,60.20000076293945,60.54999923706055,57.2599983215332,58.099998474121094,1051,0.0,0.0
2025-08-04 00:00:00-04:00,57.400001525878906,63.70000076293945,57.400001525878906,60.54999923706055,740,0.0,0.0
2025-08-05 00:00:00-04:00,59.5,62.650001525878906,58.79999923706055,61.25,897,0.0,0.0
2025-08-06 00:00:00-04:00,60.54999923706055,61.040000915527344,57.75,58.79999923706055,391,0.0,0.0
2025-08-07 00:00:00-04:00,58.79999923706055,59.67499923706055,57.75,59.150001525878906,774,0.0,0.0
2025-08-08 00:00:00-04:00,59.5,61.599998474121094,58.79999923706055,59.849998474121094,614,0.0,0.0
2025-08-11 00:00:00-04:00,61.25,63.875,61.25,62.650001525878906,1126,0.0,0.0
2025-08-12 00:00:00-04:00,64.4000015258789,64.4000015258789,61.95000076293945,63.349998474121094,1274,0.0,0.0
2025-08-13 00:00:00-04:00,65.44999694824219,70.0,63.70000076293945,70.0,2726,0.0,0.0
2025-08-14 00:00:00-04:00,68.5999984741211,70.69999694824219,65.0999984741211,68.94999694824219,1163,0.0,0.0
2025-08-15 00:00:00-04:00,70.3499984741211,83.6500015258789,68.94999694824219,83.30000305175781,9883,0.0,0.0
2025-08-18 00:00:00-04:00,83.30000305175781,83.30000305175781,70.3499984741211,70.3499984741211,2546,0.0,0.0
2025-08-19 00:00:00-04:00,70.3499984741211,73.8499984741211,70.0,71.05000305175781,1463,0.0,0.0
2025-08-20 00:00:00-04:00,75.94999694824219,75.94999694824219,71.05000305175781,73.5,1846,0.0,0.0
2025-08-21 00:00:00-04:00,73.8499984741211,73.8499984741211,71.05000305175781,72.44999694824219,1254,0.0,0.0
2025-08-22 00:00:00-04:00,76.6500015258789,78.4000015258789,73.32499694824219,78.4000015258789,634,0.0,0.0
2025-08-25 00:00:00-04:00,78.4000015258789,80.8499984741211,77.69999694824219,78.4000015258789,1011,0.0,0.0
2025-08-26 00:00:00-04:00,79.0999984741211,79.0999984741211,74.55000305175781,75.5999984741211,811,0.0,0.0
2025-08-27 00:00:00-04:00,75.94999694824219,77.0,73.8499984741211,75.5999984741211,731,0.0,0.0
2025-08-28 00:00:00-04:00,74.55000305175781,78.05000305175781,74.55000305175781,76.4749984741211,394,0.0,0.0
2025-08-29 00:00:00-04:00,77.3499984741211,78.26000213623047,70.3499984741211,71.05000305175781,1549,0.0,0.0
2025-09-02 00:00:00-04:00,71.05000305175781,72.44999694824219,68.94999694824219,70.0,769,0.0,0.0
2025-09-03 00:00:00-04:00,72.80000305175781,73.1500015258789,70.0,72.44999694824219,909,0.0,0.0
2025-09-04 00:00:00-04:00,73.5,73.5,70.0,71.75,529,0.0,0.0
2025-09-05 00:00:00-04:00,73.1500015258789,83.30000305175781,70.3499984741211,72.44999694824219,10151,0.0,0.0
2025-09-08 00:00:00-04:00,77.0,77.0,71.4000015258789,73.1500015258789,1060,0.0,0.0
2025-09-09 00:00:00-04:00,74.65499877929688,76.6500015258789,73.88500213623047,76.6500015258789,334,0.0,0.0
2025-09-10 00:00:00-04:00,78.4000015258789,80.5,75.25,78.05000305175781,2131,0.0,0.0
2025-09-11 00:00:00-04:00,76.6500015258789,78.61000061035156,74.9000015258789,76.4749984741211,1469,0.0,0.0
2025-09-12 00:00:00-04:00,75.94999694824219,79.80000305175781,73.53500366210938,78.75,2994,0.0,0.0
2025-09-15 00:00:00-04:00,80.5,80.5,76.30000305175781,78.57499694824219,1140,0.0,0.0
2025-09-16 00:00:00-04:00,77.3499984741211,78.75,74.19999694824219,77.3499984741211,2289,0.0,0.0
2025-09-17 00:00:00-04:00,76.30000305175781,77.3499984741211,73.5,74.51499938964844,1311,0.0,0.0
2025-09-18 00:00:00-04:00,74.9000015258789,77.69999694824219,73.5,76.6500015258789,1154,0.0,0.0
2025-09-19 00:00:00-04:00,77.0,78.05000305175781,75.25,77.0,903,0.0,0.0
2025-09-22 00:00:00-04:00,77.69999694824219,79.44999694824219,75.94999694824219,78.05000305175781,1529,0.0,0.0
2025-09-23 00:00:00-04:00,79.44999694824219,85.4000015258789,76.30000305175781,81.9000015258789,4109,0.0,0.0
2025-09-24 00:00:00-04:00,82.25,83.30000305175781,78.4000015258789,79.44999694824219,1654,0.0,0.0
2025-09-25 00:00:00-04:00,79.44999694824219,82.87999725341797,72.80000305175781,80.1500015258789,27500,0.0,0.0
2025-09-26 00:00:00-04:00,79.80000305175781,80.5,64.78500366210938,67.55000305175781,21583,0.0,0.0
2025-09-29 00:00:00-04:00,67.55000305175781,67.55000305175781,59.5,60.20000076293945,96046,0.0,0.0
2025-09-30 00:00:00-04:00,56.349998474121094,57.04999923706055,52.5,55.29999923706055,14603,0.0,0.0
2025-10-01 00:00:00-04:00,54.25,58.45000076293945,54.25,56.349998474121094,5266,0.0,0.0
2025-10-02 00:00:00-04:00,56.349998474121094,58.099998474121094,55.650001525878906,56.70000076293945,2331,0.0,0.0
2025-10-03 00:00:00-04:00,56.349998474121094,59.63999938964844,56.0,57.75,2983,0.0,0.0
2025-10-06 00:00:00-04:00,57.75,61.040000915527344,57.400001525878906,59.150001525878906,2583,0.0,0.0
2025-10-07 00:00:00-04:00,59.150001525878906,59.5,54.25,54.25,2946,0.0,0.0
2025-10-08 00:00:00-04:00,54.95000076293945,59.849998474121094,54.95000076293945,57.400001525878906,2680,0.0,0.0
2025-10-09 00:00:00-04:00,57.75,59.849998474121094,57.75,59.150001525878906,2797,0.0,0.0
2025-10-10 00:00:00-04:00,59.150001525878906,68.25,57.04999923706055,57.75,8263,0.0,0.0
2025-10-13 00:00:00-04:00,57.04999923706055,67.55000305175781,55.650001525878906,65.0999984741211,8306,0.0,0.0
2025-10-14 00:00:00-04:00,64.75,65.0999984741211,62.29999923706055,63.70000076293945,2863,0.0,0.0
2025-10-15 00:00:00-04:00,64.05000305175781,65.44999694824219,61.599998474121094,62.650001525878906,2471,0.0,0.0
2025-10-16 00:00:00-04:00,63.349998474121094,64.05000305175781,60.20000076293945,60.20000076293945,3431,0.0,0.0
2025-10-17 00:00:00-04:00,62.29999923706055,62.29999923706055,57.88999938964844,59.5,1231,0.0,0.0
2025-10-20 00:00:00-04:00,59.849998474121094,63.97999954223633,59.150001525878906,61.95000076293945,883,0.0,0.0
2025-10-21 00:00:00-04:00,59.849998474121094,61.95000076293945,59.849998474121094,61.599998474121094,763,0.0,0.0
2025-10-22 00:00:00-04:00,60.900001525878906,60.900001525878906,56.875,57.400001525878906,1669,0.0,0.0
2025-10-23 00:00:00-04:00,60.20000076293945,60.83000183105469,58.45000076293945,60.20000076293945,909,0.0,0.0
2025-10-24 00:00:00-04:00,59.5,60.54999923706055,59.5,60.54999923706055,634,0.0,0.0
2025-10-27 00:00:00-04:00,60.20000076293945,61.25,58.79999923706055,59.5,2186,0.0,0.0
2025-10-28 00:00:00-04:00,58.79999923706055,59.150001525878906,56.0,56.349998474121094,1046,0.0,0.0
2025-10-29 00:00:00-04:00,56.0,57.470001220703125,54.25,55.474998474121094,1614,0.0,0.0
2025-10-30 00:00:00-04:00,54.95000076293945,55.650001525878906,53.20000076293945,53.20000076293945,440,0.0,0.0
2025-10-31 00:00:00-04:00,53.20000076293945,54.25,51.79999923706055,52.849998474121094,1700,0.0,0.0
2025-11-03 00:00:00-05:00,54.599998474121094,54.599998474121094,48.650001525878906,51.79999923706055,3334,0.0,0.0
2025-11-04 00:00:00-05:00,51.79999923706055,52.56999969482422,47.25,49.0,1814,0.0,0.0
2025-11-05 00:00:00-05:00,48.650001525878906,52.46500015258789,48.5099983215332,51.79999923706055,1363,0.0,0.0
2025-11-06 00:00:00-05:00,50.400001525878906,51.55500030517578,49.349998474121094,50.04999923706055,546,0.0,0.0
2025-11-07 00:00:00-05:00,49.70000076293945,49.94499969482422,47.040000915527344,49.94499969482422,346,0.0,0.0
2025-11-10 00:00:00-05:00,49.70000076293945,49.70000076293945,44.79999923706055,44.974998474121094,2289,0.0,0.0
2025-11-11 00:00:00-05:00,46.54999923706055,47.25,45.150001525878906,46.900001525878906,757,0.0,0.0
2025-11-12 00:00:00-05:00,46.20000076293945,47.599998474121094,45.849998474121094,45.849998474121094,906,0.0,0.0
2025-11-13 00:00:00-05:00,45.849998474121094,47.599998474121094,42.70000076293945,44.79999923706055,2151,0.0,0.0
2025-11-14 00:00:00-05:00,43.400001525878906,43.85499954223633,42.349998474121094,42.73500061035156,883,0.0,0.0
2025-11-17 00:00:00-05:00,42.70000076293945,43.04999923706055,42.0,42.0,617,0.0,0.0
2025-11-18 00:00:00-05:00,41.29999923706055,43.04999923706055,39.900001525878906,43.04999923706055,1540,0.0,0.0
2025-11-19 00:00:00-05:00,42.70000076293945,43.04999923706055,36.400001525878906,36.75,3214,0.0,0.0
2025-11-20 00:00:00-05:00,36.400001525878906,39.375,35.349998474121094,35.70000076293945,3529,0.0,0.0
2025-11-21 00:00:00-05:00,35.0,41.650001525878906,35.0,38.150001525878906,1103,0.0,0.0
2025-11-24 00:00:00-05:00,40.25,40.25,36.400001525878906,38.5,617,0.0,0.0
2025-11-25 00:00:00-05:00,39.54999923706055,41.19499969482422,38.849998474121094,40.599998474121094,806,0.0,0.0
2025-11-26 00:00:00-05:00,41.650001525878906,45.0099983215332,40.25,42.70000076293945,2500,0.0,0.0
2025-11-28 00:00:00-05:00,40.25,42.70000076293945,40.25,40.599998474121094,743,0.0,0.0
2025-12-01 00:00:00-05:00,40.599998474121094,41.82500076293945,38.5,38.5,1054,0.0,0.0
2025-12-02 00:00:00-05:00,38.5,41.650001525878906,38.5,40.599998474121094,886,0.0,0.0
2025-12-03 00:00:00-05:00,40.599998474121094,40.599998474121094,39.025001525878906,39.654998779296875,1131,0.0,0.0
2025-12-04 00:00:00-05:00,39.619998931884766,41.125,38.5,39.54999923706055,1760,0.0,0.0
2025-12-05 00:00:00-05:00,39.54999923706055,41.650001525878906,39.20000076293945,40.25,554,0.0,0.0
2025-12-08 00:00:00-05:00,40.25,40.599998474121094,38.849998474121094,40.25,429,0.0,0.0
2025-12-09 00:00:00-05:00,38.849998474121094,40.25,37.904998779296875,37.904998779296875,1443,0.0,0.0
2025-12-10 00:00:00-05:00,39.54999923706055,40.599998474121094,38.150001525878906,39.54999923706055,1814,0.0,0.0
2025-12-11 00:00:00-05:00,36.75,39.34000015258789,33.25,33.25,9629,0.0,0.0
2025-12-12 00:00:00-05:00,29.924999237060547,33.95000076293945,28.06999969482422,28.06999969482422,5383,0.0,0.0
2025-12-15 00:00:00-05:00,28.350000381469727,28.700000762939453,25.899999618530273,26.424999237060547,2980,0.0,0.0
2025-12-16 00:00:00-05:00,26.25,26.25,24.5,25.34000015258789,1320,0.0,0.0
2025-12-17 00:00:00-05:00,24.5,24.850000381469727,21.350000381469727,22.399999618530273,5306,0.0,0.0
2025-12-18 00:00:00-05:00,22.75,24.114999771118164,22.75,22.78499984741211,2069,0.0,0.0
2025-12-19 00:00:00-05:00,23.520000457763672,23.729999542236328,23.100000381469727,23.450000762939453,237,0.0,0.0
2025-12-22 00:00:00-05:00,26.635000228881836,32.654998779296875,26.075000762939453,26.8799991607666,30017,0.0,0.0
2025-12-23 00:00:00-05:00,26.985000610351562,26.985000610351562,23.100000381469727,23.905000686645508,5269,0.0,0.0
2025-12-24 00:00:00-05:00,23.905000686645508,24.5,22.049999237060547,23.940000534057617,1634,0.0,0.0
2025-12-26 00:00:00-05:00,24.5,27.299999237060547,23.065000534057617,24.850000381469727,4689,0.0,0.0
2025-12-29 00:00:00-05:00,24.5,29.889999389648438,23.204999923706055,28.350000381469727,23177,0.0,0.0
2025-12-30 00:00:00-05:00,30.344999313354492,31.850000381469727,17.325000762939453,21.454999923706055,368563,0.0,0.0
2025-12-31 00:00:00-05:00,19.354999542236328,19.950000762939453,16.799999237060547,17.219999313354492,19277,0.0,0.0
2026-01-02 00:00:00-05:00,17.149999618530273,17.360000610351562,15.925000190734863,16.764999389648438,13449,0.0,0.0
2026-01-05 00:00:00-05:00,16.100000381469727,17.43000030517578,16.030000686645508,16.799999237060547,9960,0.0,0.0
2026-01-06 00:00:00-05:00,16.450000762939453,17.325000762939453,15.75,17.325000762939453,7166,0.0,0.0
2026-01-07 00:00:00-05:00,17.325000762939453,20.649999618530273,16.799999237060547,19.844999313354492,15006,0.0,0.0
2026-01-08 00:00:00-05:00,20.229999542236328,20.649999618530273,18.024999618530273,19.354999542236328,5471,0.0,0.0
2026-01-09 00:00:00-05:00,19.354999542236328,19.354999542236328,18.059999465942383,18.864999771118164,4586,0.0,0.0
2026-01-12 00:00:00-05:00,18.200000762939453,18.375,17.149999618530273,18.200000762939453,5726,0.0,0.0
2026-01-13 00:00:00-05:00,18.200000762939453,18.200000762939453,16.344999313354492,17.604999542236328,5329,0.0,0.0
2026-01-14 00:00:00-05:00,17.079999923706055,18.514999389648438,16.799999237060547,17.954999923706055,2706,0.0,0.0
2026-01-15 00:00:00-05:00,18.024999618530273,18.024999618530273,17.149999618530273,17.2549991607666,1374,0.0,0.0
2026-01-16 00:00:00-05:00,17.850000381469727,18.549999237060547,17.149999618530273,18.200000762939453,2074,0.0,0.0
2026-01-20 00:00:00-05:00,17.815000534057617,19.530000686645508,17.5,18.899999618530273,2394,0.0,0.0
2026-01-21 00:00:00-05:00,18.899999618530273,19.21500015258789,18.200000762939453,18.270000457763672,4249,0.0,0.0
2026-01-22 00:00:00-05:00,18.829999923706055,21.700000762939453,18.479999542236328,19.424999237060547,21974,0.0,0.0
2026-01-23 00:00:00-05:00,19.600000381469727,19.600000381469727,17.989999771118164,18.200000762939453,6934,0.0,0.0
2026-01-26 00:00:00-05:00,18.299999237060547,20.450000762939453,17.100000381469727,17.950000762939453,37820,0.0,0.14285714285714285
2026-01-27 00:00:00-05:00,17.600000381469727,17.899999618530273,13.850000381469727,16.0,326000,0.0,0.0
2026-01-28 00:00:00-05:00,15.399999618530273,16.670000076293945,14.5,15.0,24020,0.0,0.0
2026-01-29 00:00:00-05:00,14.75,15.949999809265137,13.25,14.699999809265137,25860,0.0,0.0
2026-01-30 00:00:00-05:00,14.550000190734863,15.5,14.0,14.100000381469727,15240,0.0,0.0
2026-02-02 00:00:00-05:00,14.300000190734863,15.399999618530273,14.100000381469727,14.949999809265137,21860,0.0,0.0
2026-02-03 00:00:00-05:00,15.0,16.075000762939453,14.779999732971191,15.899999618530273,17960,0.0,0.0
2026-02-04 00:00:00-05:00,15.649999618530273,15.649999618530273,12.449999809265137,13.25,37120,0.0,0.0
2026-02-05 00:00:00-05:00,13.25,14.0,10.925000190734863,11.300000190734863,14940,0.0,0.0
2026-02-06 00:00:00-05:00,11.100000381469727,13.550000190734863,11.050000190734863,13.050000190734863,8760,0.0,0.0
2026-02-09 00:00:00-05:00,13.5,14.199999809265137,13.25,13.699999809265137,12120,0.0,0.0
2026-02-10 00:00:00-05:00,13.850000381469727,13.850000381469727,11.725000381469727,12.225000381469727,9680,0.0,0.0
2026-02-11 00:00:00-05:00,12.0,12.050000190734863,8.100000381469727,9.149999618530273,2989820,0.0,0.0
2026-02-12 00:00:00-05:00,8.5,8.835000038146973,7.550000190734863,7.599999904632568,67220,0.0,0.0
2026-02-13 00:00:00-05:00,7.449999809265137,8.149999618530273,7.400000095367432,7.599999904632568,26760,0.0,0.0
2026-02-17 00:00:00-05:00,7.5,7.5,6.699999809265137,7.099999904632568,21940,0.0,0.0
2026-02-18 00:00:00-05:00,7.050000190734863,7.159999847412109,6.25,6.5,25840,0.0,0.0
2026-02-19 00:00:00-05:00,6.650000095367432,7.385000228881836,6.449999809265137,7.150000095367432,22800,0.0,0.0
2026-02-20 00:00:00-05:00,6.949999809265137,7.199999809265137,6.599999904632568,6.75,10400,0.0,0.0
2026-02-23 00:00:00-05:00,6.949999809265137,7.099999904632568,6.400000095367432,6.650000095367432,16040,0.0,0.0
2026-02-24 00:00:00-05:00,6.5,6.699999809265137,6.150000095367432,6.449999809265137,11660,0.0,0.0
2026-02-25 00:00:00-05:00,6.5,6.619999885559082,6.050000190734863,6.199999809265137,11960,0.0,0.0
2026-02-26 00:00:00-05:00,6.300000190734863,6.340000152587891,5.925000190734863,6.099999904632568,8420,0.0,0.0
2026-02-27 00:00:00-05:00,6.099999904632568,6.309999942779541,5.900000095367432,6.25,9980,0.0,0.0
2026-03-02 00:00:00-05:00,6.400000095367432,6.474999904632568,5.800000190734863,6.0,22100,0.0,0.0
2026-03-03 00:00:00-05:00,5.949999809265137,6.0,5.599999904632568,6.0,6900,0.0,0.0
2026-03-04 00:00:00-05:00,6.0,6.760000228881836,5.599999904632568,6.25,72000,0.0,0.0
2026-03-05 00:00:00-05:00,6.099999904632568,6.224999904632568,6.0,6.050000190734863,847280,0.0,0.0
2026-03-06 00:00:00-05:00,5.0,5.449999809265137,4.304999828338623,4.324999809265137,146280,0.0,0.0
2026-03-09 00:00:00-04:00,4.025000095367432,4.675000190734863,4.025000095367432,4.389999866485596,80840,0.0,0.0
2026-03-10 00:00:00-04:00,4.735000133514404,4.739999771118164,4.050000190734863,4.150000095367432,72500,0.0,0.0
2026-03-11 00:00:00-04:00,4.239999771118164,4.400000095367432,4.03000020980835,4.139999866485596,33900,0.0,0.0
2026-03-12 00:00:00-04:00,4.644999980926514,5.050000190734863,3.8350000381469727,4.914999961853027,3484660,0.0,0.0
2026-03-13 00:00:00-04:00,4.445000171661377,4.635000228881836,3.505000114440918,3.625,160760,0.0,0.0
2026-03-16 00:00:00-04:00,3.5,3.9749999046325684,3.25,3.490000009536743,84700,0.0,0.0
2026-03-17 00:00:00-04:00,3.200000047683716,3.234999895095825,2.809999942779541,3.0,63740,0.0,0.0
2026-03-18 00:00:00-04:00,2.8299999237060547,3.1600000858306885,2.7300000190734863,2.990000009536743,37440,0.0,0.0
2026-03-19 00:00:00-04:00,2.940000057220459,3.234999895095825,2.825000047683716,3.1500000953674316,30340,0.0,0.0
2026-03-20 00:00:00-04:00,3.3499999046325684,3.555000066757202,2.799999952316284,3.005000114440918,125920,0.0,0.0
2026-03-23 00:00:00-04:00,2.984999895095825,3.4000000953674316,2.9649999141693115,3.375,46500,0.0,0.0
2026-03-24 00:00:00-04:00,3.375,3.444999933242798,3.1600000858306885,3.444999933242798,11580,0.0,0.0
2026-03-25 00:00:00-04:00,3.390000104904175,3.684999942779541,3.265000104904175,3.6500000953674316,32540,0.0,0.0
2026-03-26 00:00:00-04:00,3.569999933242798,3.5899999141693115,3.1449999809265137,3.2899999618530273,26800,0.0,0.0
2026-03-27 00:00:00-04:00,3.3499999046325684,3.450000047683716,2.950000047683716,3.2950000762939453,15760,0.0,0.0
2026-03-30 00:00:00-04:00,3.065000057220459,3.190000057220459,2.924999952316284,2.9600000381469727,19360,0.0,0.0
2026-03-31 00:00:00-04:00,3.009999990463257,3.049999952316284,2.75,3.015000104904175,207420,0.0,0.0
2026-04-01 00:00:00-04:00,2.950000047683716,3.1700000762939453,2.9000000953674316,3.1700000762939453,16080,0.0,0.0
2026-04-02 00:00:00-04:00,3.1649999618530273,3.194999933242798,3.0,3.194999933242798,18060,0.0,0.0
2026-04-06 00:00:00-04:00,3.1649999618530273,3.2200000286102295,3.109999895095825,3.200000047683716,5260,0.0,0.0
2026-04-07 00:00:00-04:00,3.1050000190734863,3.119999885559082,2.9100000858306885,3.055000066757202,10020,0.0,0.0
2026-04-08 00:00:00-04:00,3.0999999046325684,3.0999999046325684,2.9000000953674316,3.0350000858306885,13440,0.0,0.0
2026-04-09 00:00:00-04:00,3.0999999046325684,3.0999999046325684,2.8499999046325684,2.930000066757202,10640,0.0,0.0
2026-04-10 00:00:00-04:00,2.950000047683716,3.0399999618530273,2.8499999046325684,2.934999942779541,11520,0.0,0.0
2026-04-13 00:00:00-04:00,2.819999933242798,2.950000047683716,2.799999952316284,2.934999942779541,17260,0.0,0.0
2026-04-14 00:00:00-04:00,2.759999990463257,2.759999990463257,2.434999942779541,2.549999952316284,49360,0.0,0.0
2026-04-15 00:00:00-04:00,2.9600000381469727,3.569999933242798,2.799999952316284,3.299999952316284,319000,0.0,0.2
2026-04-16 00:00:00-04:00,3.109999895095825,3.569999933242798,2.8299999237060547,3.569999933242798,167900,0.0,0.0
2026-04-17 00:00:00-04:00,3.509999990463257,3.5999999046325684,3.240000009536743,3.4800000190734863,74300,0.0,0.0
2026-04-20 00:00:00-04:00,3.450000047683716,3.555000066757202,3.1760001182556152,3.3499999046325684,41500,0.0,0.0
2026-04-21 00:00:00-04:00,3.2799999713897705,3.3499999046325684,3.180000066757202,3.25,31100,0.0,0.0
2026-04-22 00:00:00-04:00,3.2799999713897705,4.349999904632568,3.25,4.150000095367432,301900,0.0,0.0
2026-04-23 00:00:00-04:00,3.990000009536743,4.0,3.180000066757202,3.359999895095825,183700,0.0,0.0
2026-04-24 00:00:00-04:00,3.390000104904175,3.390000104904175,2.8299999237060547,3.0,65200,0.0,0.0
2026-04-27 00:00:00-04:00,3.0399999618530273,3.1500000953674316,2.990000009536743,3.140000104904175,40100,0.0,0.0
2026-04-28 00:00:00-04:00,3.0,3.059999942779541,2.8499999046325684,3.059999942779541,63600,0.0,0.0
2026-04-29 00:00:00-04:00,3.0199999809265137,3.0899999141693115,2.619999885559082,2.6500000953674316,144200,0.0,0.0
2026-04-30 00:00:00-04:00,2.7100000381469727,2.7100000381469727,2.319999933242798,2.319999933242798,163598,0.0,0.0
