Date,Open,High,Low,Close,Volume,Dividends,Stock Splits
2022-01-03 00:00:00-05:00,78.2699966430664,79.25,69.0,72.81999969482422,565800,0.0,0.0
2022-01-04 00:00:00-05:00,72.33000183105469,72.5,64.0,64.9000015258789,515300,0.0,0.0
2022-01-05 00:00:00-05:00,61.0099983215332,63.45500183105469,59.119998931884766,59.95000076293945,747400,0.0,0.0
2022-01-06 00:00:00-05:00,58.90999984741211,64.43000030517578,57.05500030517578,62.029998779296875,522400,0.0,0.0
2022-01-07 00:00:00-05:00,60.369998931884766,66.12000274658203,60.369998931884766,64.01000213623047,394000,0.0,0.0
2022-01-10 00:00:00-05:00,61.02000045776367,66.23999786376953,58.90999984741211,66.0,562100,0.0,0.0
2022-01-11 00:00:00-05:00,65.2300033569336,69.0,63.540000915527344,67.91999816894531,319300,0.0,0.0
2022-01-12 00:00:00-05:00,68.7699966430664,69.93000030517578,63.77000045776367,64.2300033569336,179800,0.0,0.0
2022-01-13 00:00:00-05:00,63.849998474121094,64.5999984741211,59.11000061035156,60.689998626708984,294700,0.0,0.0
2022-01-14 00:00:00-05:00,59.75,63.5,59.75,62.61000061035156,338100,0.0,0.0
2022-01-18 00:00:00-05:00,59.400001525878906,62.88999938964844,58.0,60.2599983215332,402900,0.0,0.0
2022-01-19 00:00:00-05:00,59.7400016784668,61.0,56.91999816894531,56.97999954223633,422500,0.0,0.0
2022-01-20 00:00:00-05:00,57.83000183105469,59.43000030517578,54.91999816894531,55.290000915527344,421200,0.0,0.0
2022-01-21 00:00:00-05:00,55.45000076293945,56.95000076293945,46.25600051879883,53.02000045776367,908800,0.0,0.0
2022-01-24 00:00:00-05:00,50.459999084472656,52.70000076293945,45.88999938964844,51.70000076293945,564800,0.0,0.0
2022-01-25 00:00:00-05:00,50.22999954223633,52.209999084472656,49.16999816894531,50.41999816894531,322700,0.0,0.0
2022-01-26 00:00:00-05:00,51.33000183105469,55.13100051879883,50.72999954223633,50.90999984741211,299300,0.0,0.0
2022-01-27 00:00:00-05:00,51.36000061035156,53.47999954223633,46.69499969482422,48.529998779296875,268200,0.0,0.0
2022-01-28 00:00:00-05:00,48.849998474121094,50.38999938964844,45.060001373291016,48.9900016784668,194700,0.0,0.0
2022-01-31 00:00:00-05:00,48.619998931884766,52.59000015258789,48.619998931884766,50.02000045776367,377500,0.0,0.0
2022-02-01 00:00:00-05:00,50.5,55.150001525878906,50.16999816894531,54.0,528000,0.0,0.0
2022-02-02 00:00:00-05:00,54.45000076293945,56.529998779296875,52.87799835205078,55.869998931884766,385100,0.0,0.0
2022-02-03 00:00:00-05:00,54.0,56.900001525878906,52.0,52.650001525878906,494500,0.0,0.0
2022-02-04 00:00:00-05:00,52.29999923706055,56.720001220703125,52.130001068115234,56.15999984741211,245800,0.0,0.0
2022-02-07 00:00:00-05:00,56.33000183105469,64.4000015258789,56.0099983215332,62.619998931884766,274700,0.0,0.0
2022-02-08 00:00:00-05:00,61.939998626708984,62.29999923706055,58.040000915527344,61.16999816894531,349000,0.0,0.0
2022-02-09 00:00:00-05:00,62.0,64.91999816894531,60.29499816894531,63.65999984741211,390100,0.0,0.0
2022-02-10 00:00:00-05:00,62.599998474121094,67.4800033569336,61.880001068115234,64.55000305175781,322900,0.0,0.0
2022-02-11 00:00:00-05:00,64.12000274658203,65.41999816894531,60.54999923706055,63.13999938964844,486600,0.0,0.0
2022-02-14 00:00:00-05:00,61.75,65.76000213623047,61.0,63.22999954223633,543600,0.0,0.0
2022-02-15 00:00:00-05:00,63.470001220703125,63.869998931884766,60.650001525878906,62.90999984741211,201900,0.0,0.0
2022-02-16 00:00:00-05:00,61.75,63.88999938964844,59.650001525878906,61.869998931884766,341900,0.0,0.0
2022-02-17 00:00:00-05:00,59.45000076293945,59.845001220703125,50.66999816894531,51.540000915527344,1137700,0.0,0.0
2022-02-18 00:00:00-05:00,50.119998931884766,51.529998779296875,41.849998474121094,43.68000030517578,1404700,0.0,0.0
2022-02-22 00:00:00-05:00,43.650001525878906,44.97999954223633,40.880001068115234,41.65999984741211,376500,0.0,0.0
2022-02-23 00:00:00-05:00,42.029998779296875,42.5099983215332,38.88999938964844,40.02000045776367,442100,0.0,0.0
2022-02-24 00:00:00-05:00,37.16999816894531,43.183998107910156,37.029998779296875,43.0099983215332,409200,0.0,0.0
2022-02-25 00:00:00-05:00,42.83000183105469,44.209999084472656,40.13999938964844,43.900001525878906,303900,0.0,0.0
2022-02-28 00:00:00-05:00,43.81999969482422,44.060001373291016,41.11000061035156,42.189998626708984,230400,0.0,0.0
2022-03-01 00:00:00-05:00,42.220001220703125,44.7400016784668,41.29999923706055,42.09000015258789,322800,0.0,0.0
2022-03-02 00:00:00-05:00,42.5,42.939998626708984,39.15999984741211,41.970001220703125,274500,0.0,0.0
2022-03-03 00:00:00-05:00,42.02000045776367,42.02000045776367,38.38999938964844,39.20000076293945,330900,0.0,0.0
2022-03-04 00:00:00-05:00,38.7599983215332,39.349998474121094,37.0099983215332,37.470001220703125,305400,0.0,0.0
2022-03-07 00:00:00-05:00,37.810001373291016,41.52000045776367,36.209999084472656,36.79999923706055,433000,0.0,0.0
2022-03-08 00:00:00-05:00,36.58000183105469,38.470001220703125,34.36000061035156,37.90999984741211,505300,0.0,0.0
2022-03-09 00:00:00-05:00,38.619998931884766,40.83000183105469,38.189998626708984,38.9900016784668,394300,0.0,0.0
2022-03-10 00:00:00-05:00,38.43000030517578,38.95000076293945,36.88999938964844,37.25,199900,0.0,0.0
2022-03-11 00:00:00-05:00,37.47999954223633,38.22100067138672,33.5099983215332,35.029998779296875,496500,0.0,0.0
2022-03-14 00:00:00-04:00,34.5099983215332,35.36000061035156,30.8700008392334,32.18000030517578,571400,0.0,0.0
2022-03-15 00:00:00-04:00,32.04999923706055,34.11000061035156,30.760000228881836,32.72999954223633,388700,0.0,0.0
2022-03-16 00:00:00-04:00,33.31999969482422,36.880001068115234,33.31999969482422,36.540000915527344,574600,0.0,0.0
2022-03-17 00:00:00-04:00,36.43000030517578,39.0,36.0099983215332,38.619998931884766,281100,0.0,0.0
2022-03-18 00:00:00-04:00,38.27000045776367,40.29999923706055,37.279998779296875,38.2599983215332,1182800,0.0,0.0
2022-03-21 00:00:00-04:00,38.68000030517578,39.869998931884766,36.58000183105469,39.400001525878906,422700,0.0,0.0
2022-03-22 00:00:00-04:00,39.22999954223633,43.970001220703125,37.854000091552734,43.220001220703125,626800,0.0,0.0
2022-03-23 00:00:00-04:00,42.939998626708984,46.11000061035156,42.369998931884766,42.9900016784668,702600,0.0,0.0
2022-03-24 00:00:00-04:00,42.779998779296875,43.42499923706055,40.45000076293945,42.400001525878906,725700,0.0,0.0
2022-03-25 00:00:00-04:00,42.22999954223633,43.0099983215332,39.459999084472656,39.619998931884766,567200,0.0,0.0
2022-03-28 00:00:00-04:00,39.810001373291016,42.689998626708984,38.4109992980957,41.9900016784668,721800,0.0,0.0
2022-03-29 00:00:00-04:00,42.34000015258789,47.25,41.54999923706055,47.0,1095000,0.0,0.0
2022-03-30 00:00:00-04:00,47.92499923706055,47.92499923706055,43.130001068115234,43.58000183105469,518800,0.0,0.0
2022-03-31 00:00:00-04:00,44.5,46.939998626708984,40.95000076293945,41.470001220703125,857000,0.0,0.0
2022-04-01 00:00:00-04:00,41.91999816894531,43.380001068115234,40.40999984741211,40.47999954223633,953300,0.0,0.0
2022-04-04 00:00:00-04:00,40.119998931884766,42.31999969482422,38.150001525878906,40.45000076293945,4186000,0.0,0.0
2022-04-05 00:00:00-04:00,40.0,40.560001373291016,37.439998626708984,37.90999984741211,1651600,0.0,0.0
2022-04-06 00:00:00-04:00,37.119998931884766,38.380001068115234,36.02000045776367,38.119998931884766,959300,0.0,0.0
2022-04-07 00:00:00-04:00,37.47999954223633,39.130001068115234,37.0,37.9900016784668,1024500,0.0,0.0
2022-04-08 00:00:00-04:00,37.13999938964844,39.20000076293945,36.165000915527344,36.54999923706055,1121700,0.0,0.0
2022-04-11 00:00:00-04:00,36.560001373291016,38.560001373291016,34.479000091552734,38.08000183105469,1158300,0.0,0.0
2022-04-12 00:00:00-04:00,38.599998474121094,40.11000061035156,37.0,39.099998474121094,904500,0.0,0.0
2022-04-13 00:00:00-04:00,38.650001525878906,43.7400016784668,37.78499984741211,43.52000045776367,2666300,0.0,0.0
2022-04-14 00:00:00-04:00,43.02000045776367,44.529998779296875,42.56999969482422,44.0,803000,0.0,0.0
2022-04-18 00:00:00-04:00,43.79999923706055,44.599998474121094,41.68000030517578,43.83000183105469,595400,0.0,0.0
2022-04-19 00:00:00-04:00,43.88999938964844,47.4900016784668,43.11000061035156,46.9900016784668,1061300,0.0,0.0
2022-04-20 00:00:00-04:00,45.459999084472656,46.83000183105469,44.38999938964844,45.31999969482422,652300,0.0,0.0
2022-04-21 00:00:00-04:00,45.939998626708984,46.97999954223633,42.40999984741211,42.77000045776367,621800,0.0,0.0
2022-04-22 00:00:00-04:00,42.47999954223633,43.47999954223633,40.529998779296875,41.84000015258789,522700,0.0,0.0
2022-04-25 00:00:00-04:00,41.54999923706055,44.47999954223633,41.0099983215332,44.15999984741211,477900,0.0,0.0
2022-04-26 00:00:00-04:00,43.540000915527344,43.540000915527344,40.66999816894531,41.9900016784668,646200,0.0,0.0
2022-04-27 00:00:00-04:00,41.9900016784668,43.11000061035156,40.45000076293945,40.869998931884766,497500,0.0,0.0
2022-04-28 00:00:00-04:00,41.119998931884766,42.709999084472656,39.22999954223633,42.310001373291016,399000,0.0,0.0
2022-04-29 00:00:00-04:00,41.91999816894531,43.58000183105469,40.099998474121094,40.189998626708984,166000,0.0,0.0
2022-05-02 00:00:00-04:00,39.95000076293945,41.3650016784668,39.060001373291016,40.81999969482422,309300,0.0,0.0
2022-05-03 00:00:00-04:00,41.310001373291016,41.790000915527344,38.0,38.380001068115234,394500,0.0,0.0
2022-05-04 00:00:00-04:00,38.54999923706055,39.88999938964844,36.619998931884766,39.779998779296875,456700,0.0,0.0
2022-05-05 00:00:00-04:00,39.040000915527344,39.27000045776367,35.56999969482422,37.310001373291016,709200,0.0,0.0
2022-05-06 00:00:00-04:00,37.04999923706055,38.02000045776367,33.720001220703125,35.97999954223633,829300,0.0,0.0
2022-05-09 00:00:00-04:00,34.540000915527344,35.290000915527344,32.16999816894531,32.91999816894531,731100,0.0,0.0
2022-05-10 00:00:00-04:00,34.0,34.185001373291016,30.812000274658203,32.150001525878906,1031900,0.0,0.0
2022-05-11 00:00:00-04:00,30.3700008392334,31.350000381469727,27.479999542236328,28.610000610351562,2374200,0.0,0.0
2022-05-12 00:00:00-04:00,27.59000015258789,30.309999465942383,27.09000015258789,29.510000228881836,1328400,0.0,0.0
2022-05-13 00:00:00-04:00,31.06999969482422,35.20000076293945,29.860000610351562,34.90999984741211,1349500,0.0,0.0
2022-05-16 00:00:00-04:00,34.45000076293945,35.915000915527344,32.34000015258789,32.72999954223633,453600,0.0,0.0
2022-05-17 00:00:00-04:00,33.4900016784668,34.737998962402344,30.459999084472656,31.739999771118164,638400,0.0,0.0
2022-05-18 00:00:00-04:00,31.0,31.7450008392334,29.209999084472656,30.3799991607666,540400,0.0,0.0
2022-05-19 00:00:00-04:00,30.399999618530273,33.11000061035156,29.719999313354492,32.08000183105469,703400,0.0,0.0
2022-05-20 00:00:00-04:00,32.650001525878906,34.375,31.209999084472656,32.29999923706055,597600,0.0,0.0
2022-05-23 00:00:00-04:00,32.470001220703125,33.5099983215332,30.920000076293945,32.630001068115234,443900,0.0,0.0
2022-05-24 00:00:00-04:00,31.770000457763672,31.934999465942383,29.010000228881836,29.6200008392334,772300,0.0,0.0
2022-05-25 00:00:00-04:00,29.34000015258789,33.11000061035156,29.34000015258789,32.77000045776367,427800,0.0,0.0
2022-05-26 00:00:00-04:00,32.38999938964844,34.40999984741211,31.899999618530273,32.2400016784668,717000,0.0,0.0
2022-05-27 00:00:00-04:00,32.709999084472656,35.060001373291016,32.40999984741211,34.9900016784668,513500,0.0,0.0
2022-05-31 00:00:00-04:00,35.439998626708984,35.45000076293945,32.43000030517578,33.439998626708984,754500,0.0,0.0
2022-06-01 00:00:00-04:00,33.58000183105469,35.130001068115234,33.290000915527344,34.119998931884766,547500,0.0,0.0
2022-06-02 00:00:00-04:00,33.9900016784668,37.810001373291016,33.650001525878906,37.27000045776367,558800,0.0,0.0
2022-06-03 00:00:00-04:00,36.16999816894531,37.130001068115234,34.8650016784668,35.56999969482422,261800,0.0,0.0
2022-06-06 00:00:00-04:00,36.29999923706055,37.650001525878906,32.0099983215332,32.849998474121094,715800,0.0,0.0
2022-06-07 00:00:00-04:00,32.36000061035156,37.65999984741211,32.040000915527344,37.47999954223633,641900,0.0,0.0
2022-06-08 00:00:00-04:00,37.0099983215332,38.0,36.0,36.369998931884766,388400,0.0,0.0
2022-06-09 00:00:00-04:00,36.16999816894531,37.470001220703125,34.27000045776367,34.540000915527344,364000,0.0,0.0
2022-06-10 00:00:00-04:00,33.900001525878906,34.11000061035156,31.829999923706055,32.72999954223633,842000,0.0,0.0
2022-06-13 00:00:00-04:00,31.690000534057617,32.439998626708984,28.940000534057617,29.399999618530273,877000,0.0,0.0
2022-06-14 00:00:00-04:00,33.810001373291016,33.810001373291016,29.530000686645508,32.04999923706055,911300,0.0,0.0
2022-06-15 00:00:00-04:00,30.700000762939453,34.279998779296875,30.0,33.650001525878906,1871200,0.0,0.0
2022-06-16 00:00:00-04:00,30.510000228881836,33.31999969482422,30.510000228881836,33.11000061035156,1549200,0.0,0.0
2022-06-17 00:00:00-04:00,33.0,33.970001220703125,31.5,33.18000030517578,1480600,0.0,0.0
2022-06-21 00:00:00-04:00,33.400001525878906,35.56999969482422,33.22999954223633,34.290000915527344,1443300,0.0,0.0
2022-06-22 00:00:00-04:00,32.560001373291016,34.29999923706055,31.860000610351562,32.25,1257200,0.0,0.0
2022-06-23 00:00:00-04:00,32.689998626708984,37.33000183105469,32.689998626708984,37.16999816894531,1140900,0.0,0.0
2022-06-24 00:00:00-04:00,37.63999938964844,40.18000030517578,37.2400016784668,39.88999938964844,1064600,0.0,0.0
2022-06-27 00:00:00-04:00,39.790000915527344,40.95000076293945,38.04999923706055,40.529998779296875,763200,0.0,0.0
2022-06-28 00:00:00-04:00,40.52000045776367,40.72999954223633,36.439998626708984,36.70000076293945,292900,0.0,0.0
2022-06-29 00:00:00-04:00,36.0,36.790000915527344,34.619998931884766,35.47999954223633,340700,0.0,0.0
2022-06-30 00:00:00-04:00,35.22999954223633,36.38999938964844,33.25,36.22999954223633,584300,0.0,0.0
2022-07-01 00:00:00-04:00,36.36000061035156,39.11000061035156,35.69300079345703,39.099998474121094,840000,0.0,0.0
2022-07-05 00:00:00-04:00,39.0,43.97999954223633,37.59000015258789,43.349998474121094,968200,0.0,0.0
2022-07-06 00:00:00-04:00,43.130001068115234,45.619998931884766,42.7599983215332,44.0,1686000,0.0,0.0
2022-07-07 00:00:00-04:00,43.970001220703125,45.380001068115234,43.529998779296875,45.0099983215332,677800,0.0,0.0
2022-07-08 00:00:00-04:00,44.119998931884766,46.5099983215332,44.119998931884766,45.540000915527344,432200,0.0,0.0
2022-07-11 00:00:00-04:00,44.0,44.0099983215332,42.00199890136719,42.16999816894531,666400,0.0,0.0
2022-07-12 00:00:00-04:00,43.029998779296875,44.70000076293945,40.689998626708984,42.83000183105469,663500,0.0,0.0
2022-07-13 00:00:00-04:00,41.13999938964844,43.41999816894531,40.15999984741211,42.47999954223633,553600,0.0,0.0
2022-07-14 00:00:00-04:00,42.060001373291016,42.349998474121094,40.84000015258789,42.18000030517578,432800,0.0,0.0
2022-07-15 00:00:00-04:00,42.4900016784668,44.40999984741211,42.08000183105469,43.79999923706055,671300,0.0,0.0
2022-07-18 00:00:00-04:00,44.75,45.56999969482422,43.560001373291016,43.77000045776367,760400,0.0,0.0
2022-07-19 00:00:00-04:00,44.86000061035156,44.86000061035156,42.13999938964844,42.66999816894531,1319300,0.0,0.0
2022-07-20 00:00:00-04:00,43.150001525878906,46.599998474121094,43.08000183105469,45.0,1009400,0.0,0.0
2022-07-21 00:00:00-04:00,44.81999969482422,45.61000061035156,43.4900016784668,43.61000061035156,771700,0.0,0.0
2022-07-22 00:00:00-04:00,43.66999816894531,45.40999984741211,38.650001525878906,39.970001220703125,513700,0.0,0.0
2022-07-25 00:00:00-04:00,39.04999923706055,40.65999984741211,38.0099983215332,40.41999816894531,279200,0.0,0.0
2022-07-26 00:00:00-04:00,40.220001220703125,40.70000076293945,38.290000915527344,38.65999984741211,316100,0.0,0.0
2022-07-27 00:00:00-04:00,39.470001220703125,42.029998779296875,38.97999954223633,41.91999816894531,286900,0.0,0.0
2022-07-28 00:00:00-04:00,42.0,43.880001068115234,40.47999954223633,42.95000076293945,1086000,0.0,0.0
2022-07-29 00:00:00-04:00,43.060001373291016,44.16999816894531,41.7599983215332,43.470001220703125,436500,0.0,0.0
2022-08-01 00:00:00-04:00,43.5099983215332,46.08000183105469,42.310001373291016,44.279998779296875,306700,0.0,0.0
2022-08-02 00:00:00-04:00,43.900001525878906,45.369998931884766,43.900001525878906,44.599998474121094,314300,0.0,0.0
2022-08-03 00:00:00-04:00,45.25,47.2599983215332,44.72999954223633,47.060001373291016,384000,0.0,0.0
2022-08-04 00:00:00-04:00,47.0,47.869998931884766,46.029998779296875,47.65999984741211,897900,0.0,0.0
2022-08-05 00:00:00-04:00,46.41999816894531,49.005001068115234,46.279998779296875,47.119998931884766,406300,0.0,0.0
2022-08-08 00:00:00-04:00,48.38999938964844,49.790000915527344,47.27000045776367,49.220001220703125,774800,0.0,0.0
2022-08-09 00:00:00-04:00,48.459999084472656,49.09000015258789,47.709999084472656,48.880001068115234,297000,0.0,0.0
2022-08-10 00:00:00-04:00,50.494998931884766,50.970001220703125,49.22999954223633,50.25,669800,0.0,0.0
2022-08-11 00:00:00-04:00,49.709999084472656,50.2400016784668,48.11000061035156,48.2599983215332,675900,0.0,0.0
2022-08-12 00:00:00-04:00,48.79999923706055,50.119998931884766,47.70000076293945,49.900001525878906,584400,0.0,0.0
2022-08-15 00:00:00-04:00,49.86000061035156,50.95000076293945,48.61000061035156,50.93000030517578,433100,0.0,0.0
2022-08-16 00:00:00-04:00,50.4900016784668,50.85499954223633,48.43000030517578,50.45000076293945,454800,0.0,0.0
2022-08-17 00:00:00-04:00,49.349998474121094,50.0,47.650001525878906,48.65999984741211,369300,0.0,0.0
2022-08-18 00:00:00-04:00,48.36000061035156,49.939998626708984,47.79999923706055,48.88999938964844,259400,0.0,0.0
2022-08-19 00:00:00-04:00,48.02000045776367,48.25,46.02000045776367,47.41999816894531,745000,0.0,0.0
2022-08-22 00:00:00-04:00,46.0099983215332,46.48500061035156,44.77000045776367,45.650001525878906,357300,0.0,0.0
2022-08-23 00:00:00-04:00,45.709999084472656,47.14799880981445,45.650001525878906,45.939998626708984,161100,0.0,0.0
2022-08-24 00:00:00-04:00,45.93000030517578,47.81999969482422,45.900001525878906,47.029998779296875,125900,0.0,0.0
2022-08-25 00:00:00-04:00,47.47999954223633,47.92499923706055,46.04999923706055,47.220001220703125,264200,0.0,0.0
2022-08-26 00:00:00-04:00,47.18000030517578,47.9900016784668,43.974998474121094,44.150001525878906,242300,0.0,0.0
2022-08-29 00:00:00-04:00,43.43000030517578,44.619998931884766,42.130001068115234,42.130001068115234,378200,0.0,0.0
2022-08-30 00:00:00-04:00,42.5099983215332,43.0099983215332,40.86000061035156,41.599998474121094,324300,0.0,0.0
2022-08-31 00:00:00-04:00,42.0,43.650001525878906,40.970001220703125,41.18000030517578,587000,0.0,0.0
2022-09-01 00:00:00-04:00,40.54999923706055,42.08000183105469,36.970001220703125,38.849998474121094,782100,0.0,0.0
2022-09-02 00:00:00-04:00,39.630001068115234,40.59000015258789,38.41999816894531,38.72999954223633,331700,0.0,0.0
2022-09-06 00:00:00-04:00,38.61000061035156,39.2599983215332,37.650001525878906,37.95000076293945,272600,0.0,0.0
2022-09-07 00:00:00-04:00,37.849998474121094,39.36000061035156,37.45000076293945,39.08000183105469,222600,0.0,0.0
2022-09-08 00:00:00-04:00,38.380001068115234,40.4900016784668,37.77000045776367,40.36000061035156,282600,0.0,0.0
2022-09-09 00:00:00-04:00,40.77000045776367,43.54999923706055,40.66999816894531,43.34000015258789,412000,0.0,0.0
2022-09-12 00:00:00-04:00,43.45000076293945,44.38999938964844,42.83000183105469,43.58000183105469,567400,0.0,0.0
2022-09-13 00:00:00-04:00,36.20000076293945,39.52399826049805,32.79999923706055,35.18000030517578,3069800,0.0,0.0
2022-09-14 00:00:00-04:00,35.47999954223633,36.810001373291016,35.209999084472656,36.31999969482422,1205800,0.0,0.0
2022-09-15 00:00:00-04:00,35.369998931884766,37.4900016784668,34.70000076293945,35.380001068115234,937700,0.0,0.0
2022-09-16 00:00:00-04:00,34.72999954223633,36.220001220703125,34.0099983215332,35.189998626708984,2526900,0.0,0.0
2022-09-19 00:00:00-04:00,34.5099983215332,36.349998474121094,34.5099983215332,35.900001525878906,393700,0.0,0.0
2022-09-20 00:00:00-04:00,35.439998626708984,36.2400016784668,35.060001373291016,35.47999954223633,341300,0.0,0.0
2022-09-21 00:00:00-04:00,36.939998626708984,37.66999816894531,35.10499954223633,35.279998779296875,570400,0.0,0.0
2022-09-22 00:00:00-04:00,34.7599983215332,35.810001373291016,33.43000030517578,33.790000915527344,747300,0.0,0.0
2022-09-23 00:00:00-04:00,33.939998626708984,34.9900016784668,33.85499954223633,34.310001373291016,431600,0.0,0.0
2022-09-26 00:00:00-04:00,34.18000030517578,35.16999816894531,32.9379997253418,33.02000045776367,422000,0.0,0.0
2022-09-27 00:00:00-04:00,34.029998779296875,34.80500030517578,33.400001525878906,33.72999954223633,314800,0.0,0.0
2022-09-28 00:00:00-04:00,33.189998626708984,35.369998931884766,33.189998626708984,35.25,362600,0.0,0.0
2022-09-29 00:00:00-04:00,34.400001525878906,34.900001525878906,33.65999984741211,34.900001525878906,327800,0.0,0.0
2022-09-30 00:00:00-04:00,34.75,36.154998779296875,34.43000030517578,34.83000183105469,802600,0.0,0.0
2022-10-03 00:00:00-04:00,34.83000183105469,36.619998931884766,34.56999969482422,36.40999984741211,416900,0.0,0.0
2022-10-04 00:00:00-04:00,37.7400016784668,39.70000076293945,37.54499816894531,38.650001525878906,640600,0.0,0.0
2022-10-05 00:00:00-04:00,37.720001220703125,39.58000183105469,37.720001220703125,39.45000076293945,823700,0.0,0.0
2022-10-06 00:00:00-04:00,39.27000045776367,40.38999938964844,38.900001525878906,39.0,497900,0.0,0.0
2022-10-07 00:00:00-04:00,37.310001373291016,37.57500076293945,35.25,35.619998931884766,753500,0.0,0.0
2022-10-10 00:00:00-04:00,35.900001525878906,35.900001525878906,32.630001068115234,33.25,988100,0.0,0.0
2022-10-11 00:00:00-04:00,32.880001068115234,33.290000915527344,31.423999786376953,32.16999816894531,542000,0.0,0.0
2022-10-12 00:00:00-04:00,32.2599983215332,32.52000045776367,30.940000534057617,30.940000534057617,647500,0.0,0.0
2022-10-13 00:00:00-04:00,30.0,30.725000381469727,28.790000915527344,29.489999771118164,1386400,0.0,0.0
2022-10-14 00:00:00-04:00,30.690000534057617,30.95400047302246,27.8799991607666,28.06999969482422,1217300,0.0,0.0
2022-10-17 00:00:00-04:00,29.479999542236328,30.950000762939453,28.760000228881836,29.989999771118164,874300,0.0,0.0
2022-10-18 00:00:00-04:00,30.969999313354492,31.780000686645508,30.389999389648438,30.8799991607666,410300,0.0,0.0
2022-10-19 00:00:00-04:00,30.270000457763672,30.450000762939453,28.690000534057617,29.100000381469727,485000,0.0,0.0
2022-10-20 00:00:00-04:00,29.079999923706055,30.799999237060547,29.045000076293945,29.139999389648438,299700,0.0,0.0
2022-10-21 00:00:00-04:00,28.889999389648438,29.06999969482422,27.260000228881836,29.0,1049900,0.0,0.0
2022-10-24 00:00:00-04:00,29.25,29.25,27.165000915527344,28.149999618530273,330500,0.0,0.0
2022-10-25 00:00:00-04:00,28.3700008392334,30.559999465942383,28.299999237060547,29.790000915527344,488000,0.0,0.0
2022-10-26 00:00:00-04:00,29.450000762939453,30.67799949645996,28.75,29.190000534057617,311300,0.0,0.0
2022-10-27 00:00:00-04:00,29.420000076293945,29.950000762939453,28.920000076293945,29.59000015258789,311700,0.0,0.0
2022-10-28 00:00:00-04:00,29.440000534057617,30.030000686645508,28.75,29.700000762939453,316400,0.0,0.0
2022-10-31 00:00:00-04:00,29.5,30.170000076293945,28.889999389648438,29.610000610351562,543400,0.0,0.0
2022-11-01 00:00:00-04:00,30.18000030517578,30.639999389648438,28.940000534057617,29.34000015258789,185600,0.0,0.0
2022-11-02 00:00:00-04:00,29.290000915527344,29.344999313354492,25.75,25.770000457763672,990100,0.0,0.0
2022-11-03 00:00:00-04:00,25.469999313354492,26.344999313354492,24.8700008392334,24.93000030517578,635600,0.0,0.0
2022-11-04 00:00:00-04:00,25.510000228881836,25.510000228881836,22.860000610351562,23.0,1036400,0.0,0.0
2022-11-07 00:00:00-05:00,23.219999313354492,23.90999984741211,22.53499984741211,23.8799991607666,652800,0.0,0.0
2022-11-08 00:00:00-05:00,24.209999084472656,25.2549991607666,23.2450008392334,24.989999771118164,500200,0.0,0.0
2022-11-09 00:00:00-05:00,24.6200008392334,24.6200008392334,23.25,23.360000610351562,544900,0.0,0.0
2022-11-10 00:00:00-05:00,24.979999542236328,27.1200008392334,24.979999542236328,26.5,397900,0.0,0.0
2022-11-11 00:00:00-05:00,26.459999084472656,28.3700008392334,26.190000534057617,27.639999389648438,216400,0.0,0.0
2022-11-14 00:00:00-05:00,27.459999084472656,28.229999542236328,26.399999618530273,27.469999313354492,247500,0.0,0.0
2022-11-15 00:00:00-05:00,28.84000015258789,29.30500030517578,27.5,28.219999313354492,247900,0.0,0.0
2022-11-16 00:00:00-05:00,27.270000457763672,27.83300018310547,26.149999618530273,26.149999618530273,433500,0.0,0.0
2022-11-17 00:00:00-05:00,25.510000228881836,26.030000686645508,24.850000381469727,25.110000610351562,203900,0.0,0.0
2022-11-18 00:00:00-05:00,25.8799991607666,26.18000030517578,24.260000228881836,24.6299991607666,264900,0.0,0.0
2022-11-21 00:00:00-05:00,24.280000686645508,24.44499969482422,23.25,23.899999618530273,259300,0.0,0.0
2022-11-22 00:00:00-05:00,23.729999542236328,24.530000686645508,23.100000381469727,24.25,336300,0.0,0.0
2022-11-23 00:00:00-05:00,24.25,26.014999389648438,24.100000381469727,25.31999969482422,253700,0.0,0.0
2022-11-25 00:00:00-05:00,25.059999465942383,25.229999542236328,24.649999618530273,24.979999542236328,67900,0.0,0.0
2022-11-28 00:00:00-05:00,24.739999771118164,25.934999465942383,24.4950008392334,24.59000015258789,415500,0.0,0.0
2022-11-29 00:00:00-05:00,24.729999542236328,25.860000610351562,24.290000915527344,24.360000610351562,373200,0.0,0.0
2022-11-30 00:00:00-05:00,24.440000534057617,25.850000381469727,23.9950008392334,25.700000762939453,1262900,0.0,0.0
2022-12-01 00:00:00-05:00,25.790000915527344,26.93000030517578,25.059999465942383,25.829999923706055,250200,0.0,0.0
2022-12-02 00:00:00-05:00,25.290000915527344,26.209999084472656,24.5,26.1200008392334,316100,0.0,0.0
2022-12-05 00:00:00-05:00,25.719999313354492,26.770000457763672,24.260000228881836,24.700000762939453,364800,0.0,0.0
2022-12-06 00:00:00-05:00,24.700000762939453,24.899999618530273,24.170000076293945,24.610000610351562,314800,0.0,0.0
2022-12-07 00:00:00-05:00,24.459999084472656,25.450000762939453,24.31999969482422,25.020000457763672,195600,0.0,0.0
2022-12-08 00:00:00-05:00,25.049999237060547,26.889999389648438,24.719999313354492,26.530000686645508,584300,0.0,0.0
2022-12-09 00:00:00-05:00,26.40999984741211,27.40999984741211,26.0,26.6200008392334,443500,0.0,0.0
2022-12-12 00:00:00-05:00,26.799999237060547,28.336000442504883,26.670000076293945,28.219999313354492,382500,0.0,0.0
2022-12-13 00:00:00-05:00,29.959999084472656,30.75,27.559999465942383,28.899999618530273,1140600,0.0,0.0
2022-12-14 00:00:00-05:00,27.5,29.552000045776367,26.010000228881836,28.290000915527344,759900,0.0,0.0
2022-12-15 00:00:00-05:00,27.93000030517578,29.558000564575195,27.530000686645508,28.239999771118164,388700,0.0,0.0
2022-12-16 00:00:00-05:00,27.71500015258789,28.170000076293945,26.770000457763672,27.469999313354492,669700,0.0,0.0
2022-12-19 00:00:00-05:00,27.399999618530273,27.489999771118164,26.360000610351562,26.93000030517578,341500,0.0,0.0
2022-12-20 00:00:00-05:00,26.68000030517578,27.649999618530273,26.458999633789062,27.06999969482422,224800,0.0,0.0
2022-12-21 00:00:00-05:00,26.979999542236328,27.90999984741211,26.450000762939453,26.920000076293945,208500,0.0,0.0
2022-12-22 00:00:00-05:00,26.389999389648438,26.395000457763672,25.579999923706055,26.079999923706055,153900,0.0,0.0
2022-12-23 00:00:00-05:00,26.1200008392334,26.1200008392334,25.049999237060547,25.549999237060547,467500,0.0,0.0
2022-12-27 00:00:00-05:00,25.34000015258789,25.350000381469727,24.084999084472656,24.860000610351562,337200,0.0,0.0
2022-12-28 00:00:00-05:00,24.93000030517578,25.25,24.420000076293945,24.959999084472656,395100,0.0,0.0
2022-12-29 00:00:00-05:00,25.219999313354492,27.25,25.010000228881836,27.239999771118164,363900,0.0,0.0
2022-12-30 00:00:00-05:00,26.84000015258789,27.780000686645508,26.709999084472656,27.280000686645508,348900,0.0,0.0
2023-01-03 00:00:00-05:00,27.530000686645508,28.229999542236328,25.6299991607666,25.760000228881836,500000,0.0,0.0
2023-01-04 00:00:00-05:00,26.09000015258789,26.475000381469727,25.09000015258789,25.719999313354492,436600,0.0,0.0
2023-01-05 00:00:00-05:00,25.40999984741211,26.329999923706055,24.389999389648438,24.5,484500,0.0,0.0
2023-01-06 00:00:00-05:00,24.739999771118164,25.459999084472656,23.670000076293945,25.110000610351562,442100,0.0,0.0
2023-01-09 00:00:00-05:00,25.34000015258789,27.790000915527344,25.34000015258789,27.059999465942383,612800,0.0,0.0
2023-01-10 00:00:00-05:00,26.860000610351562,27.610000610351562,26.530000686645508,27.09000015258789,1296800,0.0,0.0
2023-01-11 00:00:00-05:00,27.31999969482422,28.309999465942383,26.850000381469727,28.18000030517578,465700,0.0,0.0
2023-01-12 00:00:00-05:00,28.450000762939453,28.889999389648438,27.25,28.860000610351562,589100,0.0,0.0
2023-01-13 00:00:00-05:00,28.299999237060547,31.079999923706055,28.299999237060547,30.729999542236328,788500,0.0,0.0
2023-01-17 00:00:00-05:00,30.31999969482422,31.958999633789062,29.940000534057617,31.899999618530273,484400,0.0,0.0
2023-01-18 00:00:00-05:00,32.45000076293945,33.099998474121094,30.6200008392334,30.799999237060547,691800,0.0,0.0
2023-01-19 00:00:00-05:00,30.420000076293945,30.969999313354492,29.84000015258789,30.25,394600,0.0,0.0
2023-01-20 00:00:00-05:00,30.520000457763672,31.579999923706055,29.770000457763672,31.479999542236328,377000,0.0,0.0
2023-01-23 00:00:00-05:00,31.510000228881836,32.9900016784668,31.100000381469727,32.790000915527344,406000,0.0,0.0
2023-01-24 00:00:00-05:00,32.529998779296875,33.63999938964844,31.350000381469727,31.489999771118164,444300,0.0,0.0
2023-01-25 00:00:00-05:00,30.559999465942383,31.43000030517578,29.290000915527344,31.299999237060547,574400,0.0,0.0
2023-01-26 00:00:00-05:00,31.65999984741211,32.47999954223633,30.229999542236328,31.860000610351562,577600,0.0,0.0
2023-01-27 00:00:00-05:00,31.479999542236328,32.900001525878906,31.479999542236328,32.790000915527344,422800,0.0,0.0
2023-01-30 00:00:00-05:00,32.0099983215332,32.86899948120117,31.31999969482422,31.709999084472656,392500,0.0,0.0
2023-01-31 00:00:00-05:00,31.8700008392334,33.189998626708984,31.424999237060547,32.0,612500,0.0,0.0
2023-02-01 00:00:00-05:00,32.220001220703125,33.849998474121094,31.889999389648438,33.18000030517578,840200,0.0,0.0
2023-02-02 00:00:00-05:00,34.16999816894531,35.5,33.814998626708984,34.310001373291016,593800,0.0,0.0
2023-02-03 00:00:00-05:00,33.18000030517578,34.310001373291016,32.5099983215332,33.27000045776367,332800,0.0,0.0
2023-02-06 00:00:00-05:00,32.54999923706055,33.560001373291016,31.739999771118164,32.02000045776367,311900,0.0,0.0
2023-02-07 00:00:00-05:00,32.04999923706055,33.220001220703125,31.399999618530273,33.029998779296875,173100,0.0,0.0
2023-02-08 00:00:00-05:00,33.119998931884766,33.599998474121094,32.52000045776367,32.61000061035156,312900,0.0,0.0
2023-02-09 00:00:00-05:00,33.2400016784668,33.279998779296875,31.0,31.18000030517578,413400,0.0,0.0
2023-02-10 00:00:00-05:00,30.68000030517578,30.899999618530273,29.450000762939453,30.219999313354492,329900,0.0,0.0
2023-02-13 00:00:00-05:00,30.530000686645508,32.630001068115234,29.81999969482422,31.889999389648438,393400,0.0,0.0
2023-02-14 00:00:00-05:00,31.729999542236328,33.470001220703125,31.3799991607666,33.2400016784668,609100,0.0,0.0
2023-02-15 00:00:00-05:00,32.93000030517578,35.0,32.446998596191406,34.060001373291016,621900,0.0,0.0
2023-02-16 00:00:00-05:00,33.099998474121094,33.099998474121094,31.760000228881836,31.850000381469727,532200,0.0,0.0
2023-02-17 00:00:00-05:00,31.540000915527344,31.81999969482422,30.43000030517578,31.1299991607666,553100,0.0,0.0
2023-02-21 00:00:00-05:00,30.209999084472656,31.15999984741211,29.729999542236328,30.110000610351562,442400,0.0,0.0
2023-02-22 00:00:00-05:00,30.09000015258789,31.389999389648438,30.09000015258789,31.350000381469727,345200,0.0,0.0
2023-02-23 00:00:00-05:00,32.0,32.45000076293945,30.90999984741211,31.809999465942383,264200,0.0,0.0
2023-02-24 00:00:00-05:00,30.709999084472656,31.6299991607666,30.709999084472656,31.530000686645508,244900,0.0,0.0
2023-02-27 00:00:00-05:00,31.93000030517578,32.2400016784668,30.940000534057617,30.969999313354492,255600,0.0,0.0
2023-02-28 00:00:00-05:00,30.889999389648438,31.389999389648438,30.700000762939453,30.700000762939453,355700,0.0,0.0
2023-03-01 00:00:00-05:00,30.770000457763672,31.329999923706055,30.354999542236328,30.600000381469727,230300,0.0,0.0
2023-03-02 00:00:00-05:00,30.25,31.864999771118164,29.75,31.729999542236328,302600,0.0,0.0
2023-03-03 00:00:00-05:00,32.16999816894531,33.505001068115234,31.940000534057617,33.47999954223633,288800,0.0,0.0
2023-03-06 00:00:00-05:00,33.47999954223633,33.5,32.310001373291016,32.52000045776367,279200,0.0,0.0
2023-03-07 00:00:00-05:00,32.66999816894531,33.90999984741211,32.540000915527344,33.04999923706055,758400,0.0,0.0
2023-03-08 00:00:00-05:00,32.900001525878906,33.529998779296875,32.540000915527344,33.31999969482422,276400,0.0,0.0
2023-03-09 00:00:00-05:00,33.45000076293945,34.06999969482422,32.349998474121094,32.41999816894531,256900,0.0,0.0
2023-03-10 00:00:00-05:00,32.349998474121094,32.349998474121094,29.700000762939453,30.329999923706055,496000,0.0,0.0
2023-03-13 00:00:00-04:00,29.979999542236328,31.440000534057617,29.625,30.920000076293945,342100,0.0,0.0
2023-03-14 00:00:00-04:00,31.6299991607666,32.06700134277344,30.1299991607666,30.850000381469727,340800,0.0,0.0
2023-03-15 00:00:00-04:00,30.520000457763672,31.75,30.030000686645508,31.729999542236328,341300,0.0,0.0
2023-03-16 00:00:00-04:00,31.43000030517578,33.18000030517578,31.25,33.150001525878906,337500,0.0,0.0
2023-03-17 00:00:00-04:00,30.719999313354492,32.7400016784668,30.531999588012695,31.239999771118164,707800,0.0,0.0
2023-03-20 00:00:00-04:00,31.110000610351562,31.610000610351562,30.510000228881836,30.639999389648438,354800,0.0,0.0
2023-03-21 00:00:00-04:00,31.049999237060547,32.29999923706055,30.360000610351562,32.189998626708984,418400,0.0,0.0
2023-03-22 00:00:00-04:00,32.18000030517578,32.349998474121094,30.684999465942383,30.75,424000,0.0,0.0
2023-03-23 00:00:00-04:00,31.1299991607666,32.119998931884766,30.3799991607666,31.110000610351562,335800,0.0,0.0
2023-03-24 00:00:00-04:00,30.850000381469727,31.514999389648438,30.174999237060547,30.899999618530273,310300,0.0,0.0
2023-03-27 00:00:00-04:00,31.049999237060547,31.489999771118164,30.6200008392334,30.84000015258789,261600,0.0,0.0
2023-03-28 00:00:00-04:00,30.649999618530273,31.05500030517578,30.290000915527344,30.889999389648438,653900,0.0,0.0
2023-03-29 00:00:00-04:00,31.43000030517578,32.040000915527344,31.010000228881836,31.549999237060547,653300,0.0,0.0
2023-03-30 00:00:00-04:00,32.09000015258789,32.36199951171875,31.434999465942383,31.600000381469727,619800,0.0,0.0
2023-03-31 00:00:00-04:00,33.779998779296875,38.04999923706055,33.380001068115234,34.56999969482422,2947200,0.0,0.0
2023-04-03 00:00:00-04:00,34.18000030517578,35.880001068115234,34.0099983215332,35.63999938964844,1029400,0.0,0.0
2023-04-04 00:00:00-04:00,34.93000030517578,35.810001373291016,33.459999084472656,35.56999969482422,1929600,0.0,0.0
2023-04-05 00:00:00-04:00,35.040000915527344,35.13999938964844,33.5099983215332,34.630001068115234,736200,0.0,0.0
2023-04-06 00:00:00-04:00,34.45000076293945,34.650001525878906,33.470001220703125,34.349998474121094,679700,0.0,0.0
2023-04-10 00:00:00-04:00,33.810001373291016,34.790000915527344,32.935001373291016,34.75,1045900,0.0,0.0
2023-04-11 00:00:00-04:00,32.709999084472656,33.65999984741211,31.0,33.040000915527344,2332200,0.0,0.0
2023-04-12 00:00:00-04:00,33.75,34.04999923706055,33.11000061035156,33.5099983215332,658500,0.0,0.0
2023-04-13 00:00:00-04:00,33.970001220703125,34.111000061035156,32.95000076293945,33.0,485000,0.0,0.0
2023-04-14 00:00:00-04:00,32.369998931884766,33.540000915527344,32.06999969482422,32.970001220703125,525700,0.0,0.0
2023-04-17 00:00:00-04:00,33.060001373291016,33.52000045776367,32.779998779296875,33.09000015258789,417500,0.0,0.0
2023-04-18 00:00:00-04:00,33.439998626708984,33.6870002746582,32.5099983215332,32.689998626708984,426000,0.0,0.0
2023-04-19 00:00:00-04:00,32.2599983215332,32.900001525878906,32.09000015258789,32.720001220703125,321700,0.0,0.0
2023-04-20 00:00:00-04:00,32.400001525878906,33.2400016784668,32.0,32.97999954223633,393700,0.0,0.0
2023-04-21 00:00:00-04:00,33.0099983215332,33.20000076293945,32.564998626708984,33.0099983215332,319700,0.0,0.0
2023-04-24 00:00:00-04:00,32.9900016784668,33.196998596191406,31.440000534057617,31.760000228881836,373900,0.0,0.0
2023-04-25 00:00:00-04:00,31.549999237060547,31.549999237060547,29.809999465942383,29.860000610351562,427700,0.0,0.0
2023-04-26 00:00:00-04:00,30.34000015258789,31.1200008392334,30.204999923706055,30.34000015258789,277300,0.0,0.0
2023-04-27 00:00:00-04:00,30.719999313354492,31.219999313354492,30.200000762939453,30.829999923706055,224000,0.0,0.0
2023-04-28 00:00:00-04:00,30.6200008392334,30.632999420166016,29.18000030517578,29.399999618530273,590300,0.0,0.0
2023-05-01 00:00:00-04:00,29.25,29.920000076293945,29.040000915527344,29.420000076293945,352700,0.0,0.0
2023-05-02 00:00:00-04:00,29.239999771118164,29.329999923706055,26.700000762939453,26.860000610351562,1157200,0.0,0.0
2023-05-03 00:00:00-04:00,26.770000457763672,27.020000457763672,25.760000228881836,26.18000030517578,1765400,0.0,0.0
2023-05-04 00:00:00-04:00,26.229999542236328,27.6200008392334,26.114999771118164,27.540000915527344,519600,0.0,0.0
2023-05-05 00:00:00-04:00,27.65999984741211,28.989999771118164,27.549999237060547,28.899999618530273,1215600,0.0,0.0
2023-05-08 00:00:00-04:00,28.8700008392334,29.31999969482422,27.979999542236328,28.489999771118164,427500,0.0,0.0
2023-05-09 00:00:00-04:00,28.1299991607666,29.639999389648438,28.1299991607666,28.829999923706055,323300,0.0,0.0
2023-05-10 00:00:00-04:00,29.979999542236328,30.670000076293945,29.3700008392334,29.75,918600,0.0,0.0
2023-05-11 00:00:00-04:00,29.690000534057617,30.079999923706055,29.44499969482422,30.049999237060547,354000,0.0,0.0
2023-05-12 00:00:00-04:00,30.149999618530273,30.149999618530273,28.920000076293945,29.719999313354492,311400,0.0,0.0
2023-05-15 00:00:00-04:00,29.90999984741211,30.940000534057617,29.700000762939453,29.989999771118164,632800,0.0,0.0
2023-05-16 00:00:00-04:00,29.700000762939453,30.329999923706055,29.06999969482422,29.920000076293945,1237800,0.0,0.0
2023-05-17 00:00:00-04:00,29.93000030517578,30.825000762939453,29.860000610351562,30.530000686645508,642800,0.0,0.0
2023-05-18 00:00:00-04:00,30.31999969482422,31.434999465942383,30.270000457763672,30.850000381469727,948600,0.0,0.0
2023-05-19 00:00:00-04:00,31.059999465942383,32.38999938964844,30.809999465942383,32.36000061035156,2261700,0.0,0.0
2023-05-22 00:00:00-04:00,32.290000915527344,33.70000076293945,31.934999465942383,33.58000183105469,684700,0.0,0.0
2023-05-23 00:00:00-04:00,32.0,33.630001068115234,31.81999969482422,32.290000915527344,1012200,0.0,0.0
2023-05-24 00:00:00-04:00,31.969999313354492,32.53499984741211,30.729999542236328,31.549999237060547,389700,0.0,0.0
2023-05-25 00:00:00-04:00,32.099998474121094,32.119998931884766,30.479999542236328,30.739999771118164,574100,0.0,0.0
2023-05-26 00:00:00-04:00,30.75,31.979999542236328,30.725000381469727,31.059999465942383,456700,0.0,0.0
2023-05-30 00:00:00-04:00,31.530000686645508,31.8799991607666,30.829999923706055,31.450000762939453,464400,0.0,0.0
2023-05-31 00:00:00-04:00,31.360000610351562,33.29999923706055,31.360000610351562,33.11000061035156,1388100,0.0,0.0
2023-06-01 00:00:00-04:00,32.63999938964844,33.099998474121094,32.0,32.16999816894531,418100,0.0,0.0
2023-06-02 00:00:00-04:00,32.77000045776367,33.007999420166016,31.795000076293945,32.560001373291016,405400,0.0,0.0
2023-06-05 00:00:00-04:00,32.439998626708984,33.25,31.937999725341797,32.61000061035156,512500,0.0,0.0
2023-06-06 00:00:00-04:00,32.6150016784668,34.09000015258789,32.5099983215332,33.650001525878906,623400,0.0,0.0
2023-06-07 00:00:00-04:00,33.970001220703125,34.44499969482422,33.15999984741211,34.0,932700,0.0,0.0
2023-06-08 00:00:00-04:00,34.0,34.65999984741211,33.59000015258789,33.939998626708984,899800,0.0,0.0
2023-06-09 00:00:00-04:00,39.83000183105469,42.84299850463867,37.46099853515625,39.43000030517578,5545900,0.0,0.0
2023-06-12 00:00:00-04:00,39.80500030517578,41.917999267578125,39.0099983215332,41.22999954223633,1688300,0.0,0.0
2023-06-13 00:00:00-04:00,40.86000061035156,41.66999816894531,39.31999969482422,41.54999923706055,1395100,0.0,0.0
2023-06-14 00:00:00-04:00,41.16999816894531,41.45000076293945,39.505001068115234,40.40999984741211,1276700,0.0,0.0
2023-06-15 00:00:00-04:00,40.540000915527344,42.61000061035156,40.279998779296875,42.20000076293945,1351100,0.0,0.0
2023-06-16 00:00:00-04:00,42.130001068115234,42.58000183105469,41.11000061035156,42.43000030517578,1575800,0.0,0.0
2023-06-20 00:00:00-04:00,41.54999923706055,42.34000015258789,40.869998931884766,41.90999984741211,1095700,0.0,0.0
2023-06-21 00:00:00-04:00,41.5099983215332,41.5099983215332,39.08000183105469,40.029998779296875,1448500,0.0,0.0
2023-06-22 00:00:00-04:00,40.029998779296875,41.38999938964844,39.400001525878906,40.93000030517578,696300,0.0,0.0
2023-06-23 00:00:00-04:00,40.279998779296875,40.90999984741211,39.5099983215332,40.13999938964844,5373700,0.0,0.0
2023-06-26 00:00:00-04:00,39.869998931884766,40.584999084472656,39.099998474121094,39.47999954223633,472400,0.0,0.0
2023-06-27 00:00:00-04:00,39.90999984741211,41.290000915527344,39.52000045776367,41.220001220703125,799700,0.0,0.0
2023-06-28 00:00:00-04:00,40.790000915527344,43.81800079345703,40.790000915527344,43.415000915527344,1840600,0.0,0.0
2023-06-29 00:00:00-04:00,43.83000183105469,44.630001068115234,42.584999084472656,42.7400016784668,813800,0.0,0.0
2023-06-30 00:00:00-04:00,43.2599983215332,44.130001068115234,42.779998779296875,43.790000915527344,784100,0.0,0.0
2023-07-03 00:00:00-04:00,43.790000915527344,44.11000061035156,43.20000076293945,43.56999969482422,306300,0.0,0.0
2023-07-05 00:00:00-04:00,43.189998626708984,43.75,42.31999969482422,42.66999816894531,798500,0.0,0.0
2023-07-06 00:00:00-04:00,41.68000030517578,41.68000030517578,40.279998779296875,41.349998474121094,716800,0.0,0.0
2023-07-07 00:00:00-04:00,41.31999969482422,42.29999923706055,41.31999969482422,41.720001220703125,1345400,0.0,0.0
2023-07-10 00:00:00-04:00,41.189998626708984,42.79999923706055,40.83000183105469,42.68000030517578,558000,0.0,0.0
2023-07-11 00:00:00-04:00,42.779998779296875,43.332000732421875,42.5099983215332,43.130001068115234,503900,0.0,0.0
2023-07-12 00:00:00-04:00,43.5,43.84000015258789,42.81999969482422,43.689998626708984,819900,0.0,0.0
2023-07-13 00:00:00-04:00,44.119998931884766,45.279998779296875,44.0,44.869998931884766,891000,0.0,0.0
2023-07-14 00:00:00-04:00,44.560001373291016,44.79999923706055,42.084999084472656,42.38999938964844,785200,0.0,0.0
2023-07-17 00:00:00-04:00,42.11000061035156,43.31999969482422,41.56999969482422,43.02000045776367,834900,0.0,0.0
2023-07-18 00:00:00-04:00,43.02000045776367,44.22999954223633,42.439998626708984,43.90999984741211,508100,0.0,0.0
2023-07-19 00:00:00-04:00,43.9900016784668,45.13999938964844,43.93000030517578,44.939998626708984,583400,0.0,0.0
2023-07-20 00:00:00-04:00,44.4900016784668,44.82500076293945,43.1349983215332,43.18000030517578,409200,0.0,0.0
2023-07-21 00:00:00-04:00,43.86000061035156,44.474998474121094,43.470001220703125,43.619998931884766,407400,0.0,0.0
2023-07-24 00:00:00-04:00,43.68000030517578,44.20000076293945,42.81999969482422,43.34000015258789,355500,0.0,0.0
2023-07-25 00:00:00-04:00,43.63999938964844,44.349998474121094,42.89500045776367,43.9900016784668,297200,0.0,0.0
2023-07-26 00:00:00-04:00,43.7599983215332,44.83000183105469,43.51499938964844,44.689998626708984,460100,0.0,0.0
2023-07-27 00:00:00-04:00,45.06999969482422,45.720001220703125,42.72999954223633,43.13999938964844,448600,0.0,0.0
2023-07-28 00:00:00-04:00,44.04999923706055,44.91999816894531,43.66999816894531,44.290000915527344,725900,0.0,0.0
2023-07-31 00:00:00-04:00,44.209999084472656,45.650001525878906,43.939998626708984,45.459999084472656,338800,0.0,0.0
2023-08-01 00:00:00-04:00,45.0,45.29999923706055,44.279998779296875,44.369998931884766,254300,0.0,0.0
2023-08-02 00:00:00-04:00,43.31999969482422,43.720001220703125,41.869998931884766,42.43000030517578,566800,0.0,0.0
2023-08-03 00:00:00-04:00,42.060001373291016,42.65999984741211,41.93000030517578,42.56999969482422,336800,0.0,0.0
2023-08-04 00:00:00-04:00,42.790000915527344,42.97999954223633,41.220001220703125,41.349998474121094,576000,0.0,0.0
2023-08-07 00:00:00-04:00,41.70000076293945,41.70000076293945,40.314998626708984,40.939998626708984,614400,0.0,0.0
2023-08-08 00:00:00-04:00,40.0,40.560001373291016,39.08000183105469,40.38999938964844,1529800,0.0,0.0
2023-08-09 00:00:00-04:00,40.349998474121094,41.560001373291016,40.130001068115234,41.2599983215332,902100,0.0,0.0
2023-08-10 00:00:00-04:00,41.75,41.75,41.0099983215332,41.59000015258789,1024600,0.0,0.0
2023-08-11 00:00:00-04:00,41.16999816894531,42.130001068115234,41.16999816894531,41.52000045776367,408700,0.0,0.0
2023-08-14 00:00:00-04:00,41.04999923706055,42.9900016784668,40.92499923706055,42.38999938964844,440500,0.0,0.0
2023-08-15 00:00:00-04:00,42.06999969482422,42.619998931884766,41.22999954223633,42.02000045776367,415900,0.0,0.0
2023-08-16 00:00:00-04:00,41.540000915527344,41.88999938964844,40.310001373291016,40.93000030517578,1176200,0.0,0.0
2023-08-17 00:00:00-04:00,40.939998626708984,41.36000061035156,39.68000030517578,39.70000076293945,542700,0.0,0.0
2023-08-18 00:00:00-04:00,38.90999984741211,40.869998931884766,38.34000015258789,40.7400016784668,869100,0.0,0.0
2023-08-21 00:00:00-04:00,40.95000076293945,41.810001373291016,40.75,41.45000076293945,513600,0.0,0.0
2023-08-22 00:00:00-04:00,42.0,42.529998779296875,41.58000183105469,42.119998931884766,373900,0.0,0.0
2023-08-23 00:00:00-04:00,42.20000076293945,42.97999954223633,42.0099983215332,42.25,553200,0.0,0.0
2023-08-24 00:00:00-04:00,42.56999969482422,42.58000183105469,40.459999084472656,40.68000030517578,542000,0.0,0.0
2023-08-25 00:00:00-04:00,40.59000015258789,41.959999084472656,40.52000045776367,41.279998779296875,728700,0.0,0.0
2023-08-28 00:00:00-04:00,41.459999084472656,41.869998931884766,40.95000076293945,41.5099983215332,465500,0.0,0.0
2023-08-29 00:00:00-04:00,41.33000183105469,43.22999954223633,41.275001525878906,42.9900016784668,465200,0.0,0.0
2023-08-30 00:00:00-04:00,42.97999954223633,44.79999923706055,42.67499923706055,44.75,1033700,0.0,0.0
2023-08-31 00:00:00-04:00,45.209999084472656,46.59000015258789,45.0,46.2599983215332,815500,0.0,0.0
2023-09-01 00:00:00-04:00,46.7599983215332,47.63999938964844,46.45199966430664,47.02000045776367,960900,0.0,0.0
2023-09-05 00:00:00-04:00,47.0099983215332,48.79999923706055,46.4900016784668,48.04999923706055,1383200,0.0,0.0
2023-09-06 00:00:00-04:00,47.83000183105469,48.279998779296875,46.880001068115234,47.70000076293945,722600,0.0,0.0
2023-09-07 00:00:00-04:00,46.83000183105469,48.060001373291016,46.20000076293945,47.63999938964844,842200,0.0,0.0
2023-09-08 00:00:00-04:00,49.34000015258789,50.130001068115234,47.81999969482422,49.130001068115234,1709900,0.0,0.0
2023-09-11 00:00:00-04:00,49.130001068115234,49.86000061035156,47.97999954223633,49.59000015258789,1067000,0.0,0.0
2023-09-12 00:00:00-04:00,48.70000076293945,48.79999923706055,47.22999954223633,47.2599983215332,1380500,0.0,0.0
2023-09-13 00:00:00-04:00,46.970001220703125,47.22999954223633,45.83000183105469,46.459999084472656,1570700,0.0,0.0
2023-09-14 00:00:00-04:00,46.97999954223633,46.97999954223633,45.150001525878906,45.65999984741211,938000,0.0,0.0
2023-09-15 00:00:00-04:00,45.47999954223633,47.04999923706055,44.97999954223633,46.529998779296875,4996300,0.0,0.0
2023-09-18 00:00:00-04:00,45.790000915527344,47.06999969482422,45.66999816894531,46.34000015258789,595300,0.0,0.0
2023-09-19 00:00:00-04:00,45.86000061035156,46.29999923706055,45.220001220703125,46.189998626708984,632800,0.0,0.0
2023-09-20 00:00:00-04:00,46.099998474121094,46.9900016784668,45.06999969482422,45.119998931884766,814800,0.0,0.0
2023-09-21 00:00:00-04:00,44.34000015258789,45.29999923706055,43.650001525878906,45.0,674800,0.0,0.0
2023-09-22 00:00:00-04:00,45.279998779296875,45.83000183105469,44.63999938964844,44.939998626708984,471600,0.0,0.0
2023-09-25 00:00:00-04:00,44.599998474121094,45.91999816894531,44.46900177001953,45.880001068115234,572400,0.0,0.0
2023-09-26 00:00:00-04:00,45.7599983215332,45.935001373291016,45.08000183105469,45.16999816894531,697500,0.0,0.0
2023-09-27 00:00:00-04:00,45.66999816894531,46.76599884033203,45.2400016784668,46.40999984741211,858600,0.0,0.0
2023-09-28 00:00:00-04:00,46.0,47.97999954223633,45.439998626708984,46.63999938964844,913700,0.0,0.0
2023-09-29 00:00:00-04:00,47.25,47.970001220703125,46.70000076293945,46.72999954223633,787900,0.0,0.0
2023-10-02 00:00:00-04:00,46.150001525878906,47.619998931884766,46.11000061035156,46.88999938964844,492800,0.0,0.0
2023-10-03 00:00:00-04:00,46.34000015258789,46.47999954223633,44.02000045776367,44.650001525878906,620200,0.0,0.0
2023-10-04 00:00:00-04:00,45.04999923706055,45.41999816894531,44.029998779296875,45.369998931884766,473700,0.0,0.0
2023-10-05 00:00:00-04:00,45.15999984741211,46.08000183105469,44.25,45.91999816894531,1473200,0.0,0.0
2023-10-06 00:00:00-04:00,45.0,47.755001068115234,45.0,47.47999954223633,738000,0.0,0.0
2023-10-09 00:00:00-04:00,46.77000045776367,48.20000076293945,46.630001068115234,47.619998931884766,519900,0.0,0.0
2023-10-10 00:00:00-04:00,47.4900016784668,48.540000915527344,46.939998626708984,47.15999984741211,1369200,0.0,0.0
2023-10-11 00:00:00-04:00,47.349998474121094,48.74100112915039,47.349998474121094,47.790000915527344,1295500,0.0,0.0
2023-10-12 00:00:00-04:00,47.72999954223633,48.18000030517578,46.28099822998047,46.779998779296875,640100,0.0,0.0
2023-10-13 00:00:00-04:00,46.77000045776367,46.77000045776367,44.93000030517578,45.61000061035156,996300,0.0,0.0
2023-10-16 00:00:00-04:00,45.95000076293945,47.040000915527344,45.5,46.56999969482422,1144400,0.0,0.0
2023-10-17 00:00:00-04:00,46.4900016784668,47.62099838256836,46.2599983215332,46.970001220703125,1153800,0.0,0.0
2023-10-18 00:00:00-04:00,46.90999984741211,47.220001220703125,46.11000061035156,46.540000915527344,758900,0.0,0.0
2023-10-19 00:00:00-04:00,46.61000061035156,46.71500015258789,45.11000061035156,45.119998931884766,650400,0.0,0.0
2023-10-20 00:00:00-04:00,45.15999984741211,45.45000076293945,43.11000061035156,43.790000915527344,827100,0.0,0.0
2023-10-23 00:00:00-04:00,43.33000183105469,43.665000915527344,42.56999969482422,42.619998931884766,858800,0.0,0.0
2023-10-24 00:00:00-04:00,44.22999954223633,44.65999984741211,43.099998474121094,44.060001373291016,1117100,0.0,0.0
2023-10-25 00:00:00-04:00,43.45000076293945,43.5,42.02000045776367,42.66999816894531,713900,0.0,0.0
2023-10-26 00:00:00-04:00,42.75,43.18000030517578,41.58000183105469,42.0,478800,0.0,0.0
2023-10-27 00:00:00-04:00,42.470001220703125,42.720001220703125,41.54999923706055,41.790000915527344,363900,0.0,0.0
2023-10-30 00:00:00-04:00,42.380001068115234,42.91999816894531,41.880001068115234,42.58000183105469,508200,0.0,0.0
2023-10-31 00:00:00-04:00,42.58000183105469,43.33000183105469,42.18000030517578,42.58000183105469,517900,0.0,0.0
2023-11-01 00:00:00-04:00,42.65999984741211,42.810001373291016,41.5099983215332,42.650001525878906,411100,0.0,0.0
2023-11-02 00:00:00-04:00,43.15999984741211,44.06999969482422,42.90999984741211,43.279998779296875,340400,0.0,0.0
2023-11-03 00:00:00-04:00,43.61000061035156,46.77000045776367,43.209999084472656,46.72999954223633,793600,0.0,0.0
2023-11-06 00:00:00-05:00,46.900001525878906,46.970001220703125,44.71500015258789,44.97999954223633,482800,0.0,0.0
2023-11-07 00:00:00-05:00,45.58000183105469,47.79999923706055,45.2599983215332,47.16999816894531,623500,0.0,0.0
2023-11-08 00:00:00-05:00,47.16999816894531,47.75,46.33000183105469,47.06999969482422,493000,0.0,0.0
2023-11-09 00:00:00-05:00,47.310001373291016,47.72999954223633,45.31999969482422,45.380001068115234,479300,0.0,0.0
2023-11-10 00:00:00-05:00,45.45000076293945,46.63999938964844,44.08000183105469,46.29999923706055,544400,0.0,0.0
2023-11-13 00:00:00-05:00,46.27000045776367,47.095001220703125,45.45000076293945,46.73500061035156,415400,0.0,0.0
2023-11-14 00:00:00-05:00,48.630001068115234,49.2400016784668,47.90999984741211,48.86000061035156,938700,0.0,0.0
2023-11-15 00:00:00-05:00,49.04999923706055,50.3650016784668,48.75,49.20000076293945,546200,0.0,0.0
2023-11-16 00:00:00-05:00,48.779998779296875,48.91999816894531,47.66999816894531,48.72999954223633,923300,0.0,0.0
2023-11-17 00:00:00-05:00,48.93000030517578,50.40999984741211,48.65999984741211,50.04999923706055,545600,0.0,0.0
2023-11-20 00:00:00-05:00,50.650001525878906,51.47999954223633,50.0099983215332,51.09000015258789,713500,0.0,0.0
2023-11-21 00:00:00-05:00,50.790000915527344,52.2400016784668,49.970001220703125,51.90999984741211,772000,0.0,0.0
2023-11-22 00:00:00-05:00,52.33000183105469,53.349998474121094,51.88999938964844,52.07500076293945,468100,0.0,0.0
2023-11-24 00:00:00-05:00,51.77000045776367,53.54999923706055,51.65999984741211,53.349998474121094,568700,0.0,0.0
2023-11-27 00:00:00-05:00,53.029998779296875,53.77000045776367,52.70000076293945,53.08000183105469,762300,0.0,0.0
2023-11-28 00:00:00-05:00,52.97999954223633,54.27000045776367,52.5099983215332,54.0,803900,0.0,0.0
2023-11-29 00:00:00-05:00,54.900001525878906,55.56999969482422,54.470001220703125,54.540000915527344,896000,0.0,0.0
2023-11-30 00:00:00-05:00,55.02000045776367,55.54999923706055,54.25,54.939998626708984,1112100,0.0,0.0
2023-12-01 00:00:00-05:00,55.369998931884766,56.69499969482422,55.0099983215332,56.29999923706055,1238900,0.0,0.0
2023-12-04 00:00:00-05:00,55.65999984741211,56.810001373291016,55.400001525878906,56.68000030517578,973200,0.0,0.0
2023-12-05 00:00:00-05:00,56.56999969482422,56.880001068115234,55.04999923706055,56.83000183105469,863800,0.0,0.0
2023-12-06 00:00:00-05:00,57.02000045776367,57.849998474121094,56.029998779296875,56.119998931884766,1639800,0.0,0.0
2023-12-07 00:00:00-05:00,58.529998779296875,58.66999816894531,52.130001068115234,54.189998626708984,2528000,0.0,0.0
2023-12-08 00:00:00-05:00,54.060001373291016,55.79999923706055,53.5,54.09000015258789,713100,0.0,0.0
2023-12-11 00:00:00-05:00,53.09000015258789,54.150001525878906,52.400001525878906,53.689998626708984,1278200,0.0,0.0
2023-12-12 00:00:00-05:00,53.77000045776367,53.849998474121094,52.779998779296875,53.54999923706055,678900,0.0,0.0
2023-12-13 00:00:00-05:00,53.599998474121094,55.17499923706055,52.862998962402344,54.900001525878906,1297300,0.0,0.0
2023-12-14 00:00:00-05:00,55.75,56.38999938964844,54.04499816894531,55.36000061035156,899200,0.0,0.0
2023-12-15 00:00:00-05:00,55.650001525878906,56.0,53.720001220703125,53.97999954223633,1379800,0.0,0.0
2023-12-18 00:00:00-05:00,53.68000030517578,54.099998474121094,52.650001525878906,53.13999938964844,833600,0.0,0.0
2023-12-19 00:00:00-05:00,52.959999084472656,53.84000015258789,52.779998779296875,53.5,816100,0.0,0.0
2023-12-20 00:00:00-05:00,53.130001068115234,53.77000045776367,51.90999984741211,51.970001220703125,892300,0.0,0.0
2023-12-21 00:00:00-05:00,52.380001068115234,53.91999816894531,52.06999969482422,53.689998626708984,508700,0.0,0.0
2023-12-22 00:00:00-05:00,53.90999984741211,54.369998931884766,53.630001068115234,54.09000015258789,547600,0.0,0.0
2023-12-26 00:00:00-05:00,54.13999938964844,55.38999938964844,54.0,55.31999969482422,439800,0.0,0.0
2023-12-27 00:00:00-05:00,55.5,55.93000030517578,54.439998626708984,54.72999954223633,363400,0.0,0.0
2023-12-28 00:00:00-05:00,54.41999816894531,55.03499984741211,54.18000030517578,54.540000915527344,296500,0.0,0.0
2023-12-29 00:00:00-05:00,54.380001068115234,54.72999954223633,52.939998626708984,53.130001068115234,570000,0.0,0.0
2024-01-02 00:00:00-05:00,52.209999084472656,52.34000015258789,50.119998931884766,50.33000183105469,842100,0.0,0.0
2024-01-03 00:00:00-05:00,49.02000045776367,49.72999954223633,47.83000183105469,48.189998626708984,727100,0.0,0.0
2024-01-04 00:00:00-05:00,48.18000030517578,48.9900016784668,47.40999984741211,47.939998626708984,793700,0.0,0.0
2024-01-05 00:00:00-05:00,47.58000183105469,48.70000076293945,47.380001068115234,47.4900016784668,582400,0.0,0.0
2024-01-08 00:00:00-05:00,47.79999923706055,49.0099983215332,47.53499984741211,48.9900016784668,711400,0.0,0.0
2024-01-09 00:00:00-05:00,48.27000045776367,50.560001373291016,48.27000045776367,49.939998626708984,635200,0.0,0.0
2024-01-10 00:00:00-05:00,50.310001373291016,50.970001220703125,49.43000030517578,49.63999938964844,496600,0.0,0.0
2024-01-11 00:00:00-05:00,49.93000030517578,50.369998931884766,49.084999084472656,49.900001525878906,672000,0.0,0.0
2024-01-12 00:00:00-05:00,50.41999816894531,53.91999816894531,50.41999816894531,53.369998931884766,1419900,0.0,0.0
2024-01-16 00:00:00-05:00,53.349998474121094,56.09000015258789,53.29999923706055,54.41999816894531,1503700,0.0,0.0
2024-01-17 00:00:00-05:00,53.5,53.93000030517578,51.619998931884766,53.869998931884766,645800,0.0,0.0
2024-01-18 00:00:00-05:00,54.709999084472656,55.209999084472656,52.220001220703125,52.790000915527344,590000,0.0,0.0
2024-01-19 00:00:00-05:00,53.369998931884766,54.23500061035156,51.869998931884766,53.880001068115234,671000,0.0,0.0
2024-01-22 00:00:00-05:00,55.2599983215332,55.900001525878906,53.7400016784668,54.93000030517578,522500,0.0,0.0
2024-01-23 00:00:00-05:00,55.34000015258789,56.21500015258789,54.72999954223633,55.93000030517578,659600,0.0,0.0
2024-01-24 00:00:00-05:00,56.65999984741211,56.79100036621094,55.189998626708984,55.45000076293945,457000,0.0,0.0
2024-01-25 00:00:00-05:00,56.400001525878906,56.56999969482422,54.59000015258789,55.209999084472656,283600,0.0,0.0
2024-01-26 00:00:00-05:00,55.380001068115234,56.13100051879883,54.849998474121094,55.400001525878906,573900,0.0,0.0
2024-01-29 00:00:00-05:00,55.65999984741211,57.584999084472656,55.54999923706055,57.48500061035156,533800,0.0,0.0
2024-01-30 00:00:00-05:00,57.4900016784668,57.4900016784668,55.91999816894531,56.0,478000,0.0,0.0
2024-01-31 00:00:00-05:00,55.130001068115234,55.70000076293945,53.619998931884766,54.04999923706055,649500,0.0,0.0
2024-02-01 00:00:00-05:00,54.75,55.38999938964844,53.88999938964844,55.0,437600,0.0,0.0
2024-02-02 00:00:00-05:00,54.709999084472656,56.53499984741211,54.619998931884766,56.189998626708984,430500,0.0,0.0
2024-02-05 00:00:00-05:00,56.029998779296875,56.20000076293945,54.060001373291016,55.41999816894531,542000,0.0,0.0
2024-02-06 00:00:00-05:00,55.58000183105469,56.2400016784668,54.4900016784668,55.41999816894531,341700,0.0,0.0
2024-02-07 00:00:00-05:00,55.68000030517578,57.400001525878906,55.25,56.380001068115234,518700,0.0,0.0
2024-02-08 00:00:00-05:00,56.7599983215332,59.09000015258789,56.48099899291992,58.619998931884766,720300,0.0,0.0
2024-02-09 00:00:00-05:00,59.97999954223633,60.7599983215332,59.2599983215332,59.599998474121094,697700,0.0,0.0
2024-02-12 00:00:00-05:00,59.650001525878906,61.529998779296875,59.150001525878906,59.15999984741211,591800,0.0,0.0
2024-02-13 00:00:00-05:00,56.54999923706055,58.005001068115234,54.72999954223633,56.97999954223633,687500,0.0,0.0
2024-02-14 00:00:00-05:00,58.220001220703125,59.59000015258789,57.43000030517578,59.13999938964844,419400,0.0,0.0
2024-02-15 00:00:00-05:00,59.90999984741211,59.97999954223633,58.845001220703125,59.72999954223633,760900,0.0,0.0
2024-02-16 00:00:00-05:00,58.9900016784668,59.099998474121094,56.869998931884766,57.91999816894531,1184200,0.0,0.0
2024-02-20 00:00:00-05:00,57.279998779296875,57.709999084472656,56.119998931884766,56.79999923706055,636800,0.0,0.0
2024-02-21 00:00:00-05:00,55.5099983215332,56.02000045776367,54.75,55.529998779296875,738800,0.0,0.0
2024-02-22 00:00:00-05:00,56.59000015258789,57.150001525878906,55.63999938964844,57.099998474121094,555400,0.0,0.0
2024-02-23 00:00:00-05:00,57.5,58.185001373291016,56.869998931884766,57.06999969482422,662700,0.0,0.0
2024-02-26 00:00:00-05:00,57.25,59.119998931884766,57.25,57.97999954223633,415300,0.0,0.0
2024-02-27 00:00:00-05:00,58.459999084472656,58.459999084472656,57.49700164794922,57.959999084472656,1542700,0.0,0.0
2024-02-28 00:00:00-05:00,57.439998626708984,57.58000183105469,56.09000015258789,56.220001220703125,474400,0.0,0.0
2024-02-29 00:00:00-05:00,56.86000061035156,57.724998474121094,56.27000045776367,56.900001525878906,674300,0.0,0.0
2024-03-01 00:00:00-05:00,56.7400016784668,57.3650016784668,55.47999954223633,57.130001068115234,591700,0.0,0.0
2024-03-04 00:00:00-05:00,57.209999084472656,57.209999084472656,56.08000183105469,56.43000030517578,364500,0.0,0.0
2024-03-05 00:00:00-05:00,55.45000076293945,55.45000076293945,51.900001525878906,52.34000015258789,1070700,0.0,0.0
2024-03-06 00:00:00-05:00,53.2400016784668,54.13999938964844,52.63999938964844,53.900001525878906,466700,0.0,0.0
2024-03-07 00:00:00-05:00,54.5099983215332,54.744998931884766,53.13999938964844,53.220001220703125,836200,0.0,0.0
2024-03-08 00:00:00-05:00,53.84000015258789,54.36000061035156,52.560001373291016,53.02000045776367,707200,0.0,0.0
2024-03-11 00:00:00-04:00,52.61000061035156,53.130001068115234,52.13999938964844,53.099998474121094,1039200,0.0,0.0
2024-03-12 00:00:00-04:00,53.130001068115234,53.53499984741211,52.41999816894531,52.72999954223633,483800,0.0,0.0
2024-03-13 00:00:00-04:00,52.439998626708984,54.060001373291016,52.439998626708984,52.900001525878906,579800,0.0,0.0
2024-03-14 00:00:00-04:00,52.72999954223633,53.084999084472656,51.16999816894531,51.88999938964844,658200,0.0,0.0
2024-03-15 00:00:00-04:00,51.31999969482422,51.38999938964844,49.849998474121094,50.38999938964844,1508700,0.0,0.0
2024-03-18 00:00:00-04:00,50.61000061035156,51.130001068115234,49.9900016784668,50.56999969482422,594600,0.0,0.0
2024-03-19 00:00:00-04:00,50.08000183105469,51.415000915527344,49.70000076293945,51.189998626708984,670600,0.0,0.0
2024-03-20 00:00:00-04:00,51.11000061035156,52.9900016784668,50.88999938964844,52.619998931884766,599300,0.0,0.0
2024-03-21 00:00:00-04:00,54.86000061035156,55.470001220703125,53.52000045776367,53.56999969482422,1082200,0.0,0.0
2024-03-22 00:00:00-04:00,53.130001068115234,53.7400016784668,51.5,52.43000030517578,841600,0.0,0.0
2024-03-25 00:00:00-04:00,52.20000076293945,52.2599983215332,50.849998474121094,50.970001220703125,889500,0.0,0.0
2024-03-26 00:00:00-04:00,51.20000076293945,51.20000076293945,49.18000030517578,49.41999816894531,1518000,0.0,0.0
2024-03-27 00:00:00-04:00,50.0,50.84000015258789,49.290000915527344,50.58000183105469,1556700,0.0,0.0
2024-03-28 00:00:00-04:00,45.310001373291016,47.619998931884766,42.4900016784668,44.29999923706055,4638800,0.0,0.0
2024-04-01 00:00:00-04:00,44.08000183105469,44.08000183105469,42.7400016784668,42.869998931884766,1507500,0.0,0.0
2024-04-02 00:00:00-04:00,41.75,43.439998626708984,40.869998931884766,43.2400016784668,1882900,0.0,0.0
2024-04-03 00:00:00-04:00,42.70000076293945,43.20000076293945,41.290000915527344,41.84000015258789,1381800,0.0,0.0
2024-04-04 00:00:00-04:00,42.38999938964844,43.41999816894531,42.060001373291016,42.349998474121094,1378500,0.0,0.0
2024-04-05 00:00:00-04:00,42.279998779296875,43.529998779296875,41.970001220703125,43.150001525878906,1583000,0.0,0.0
2024-04-08 00:00:00-04:00,43.33000183105469,43.76499938964844,42.7599983215332,43.459999084472656,890200,0.0,0.0
2024-04-09 00:00:00-04:00,43.849998474121094,43.849998474121094,42.66999816894531,43.470001220703125,669100,0.0,0.0
2024-04-10 00:00:00-04:00,42.08000183105469,42.599998474121094,41.29999923706055,42.13999938964844,1479700,0.0,0.0
2024-04-11 00:00:00-04:00,42.31999969482422,43.400001525878906,41.93000030517578,43.2400016784668,1180800,0.0,0.0
2024-04-12 00:00:00-04:00,42.68000030517578,42.92499923706055,41.720001220703125,41.86000061035156,610500,0.0,0.0
2024-04-15 00:00:00-04:00,41.790000915527344,41.80500030517578,40.150001525878906,40.43000030517578,1695800,0.0,0.0
2024-04-16 00:00:00-04:00,40.06999969482422,40.4900016784668,39.720001220703125,40.16999816894531,786700,0.0,0.0
2024-04-17 00:00:00-04:00,40.29999923706055,40.54999923706055,39.43000030517578,39.529998779296875,703300,0.0,0.0
2024-04-18 00:00:00-04:00,39.45000076293945,39.7400016784668,38.88999938964844,39.25,735800,0.0,0.0
2024-04-19 00:00:00-04:00,39.18000030517578,39.45000076293945,38.58100128173828,38.939998626708984,888000,0.0,0.0
2024-04-22 00:00:00-04:00,39.439998626708984,39.869998931884766,38.650001525878906,39.68000030517578,681000,0.0,0.0
2024-04-23 00:00:00-04:00,39.90999984741211,41.220001220703125,39.90999984741211,40.790000915527344,651900,0.0,0.0
2024-04-24 00:00:00-04:00,41.220001220703125,41.48500061035156,40.59000015258789,41.349998474121094,656200,0.0,0.0
2024-04-25 00:00:00-04:00,40.4900016784668,41.18000030517578,40.38999938964844,41.18000030517578,664500,0.0,0.0
2024-04-26 00:00:00-04:00,41.43000030517578,42.08000183105469,41.3380012512207,41.709999084472656,605600,0.0,0.0
2024-04-29 00:00:00-04:00,41.90999984741211,43.38999938964844,41.90999984741211,43.2400016784668,692300,0.0,0.0
2024-04-30 00:00:00-04:00,42.849998474121094,43.119998931884766,41.849998474121094,41.900001525878906,1112200,0.0,0.0
2024-05-01 00:00:00-04:00,41.84000015258789,41.96500015258789,40.310001373291016,40.439998626708984,1076600,0.0,0.0
2024-05-02 00:00:00-04:00,41.150001525878906,41.790000915527344,39.86000061035156,41.54999923706055,698100,0.0,0.0
2024-05-03 00:00:00-04:00,42.439998626708984,42.58000183105469,41.2400016784668,41.599998474121094,387600,0.0,0.0
2024-05-06 00:00:00-04:00,41.7400016784668,42.689998626708984,41.7400016784668,42.56999969482422,511400,0.0,0.0
2024-05-07 00:00:00-04:00,42.4900016784668,42.59000015258789,41.70000076293945,42.08000183105469,884400,0.0,0.0
2024-05-08 00:00:00-04:00,41.70000076293945,41.779998779296875,40.209999084472656,40.86000061035156,754500,0.0,0.0
2024-05-09 00:00:00-04:00,40.70000076293945,41.650001525878906,40.540000915527344,41.310001373291016,533200,0.0,0.0
2024-05-10 00:00:00-04:00,41.619998931884766,41.79999923706055,41.04999923706055,41.22999954223633,608700,0.0,0.0
2024-05-13 00:00:00-04:00,41.869998931884766,42.35499954223633,41.349998474121094,41.720001220703125,834700,0.0,0.0
2024-05-14 00:00:00-04:00,42.20000076293945,42.47999954223633,41.5099983215332,41.880001068115234,431600,0.0,0.0
2024-05-15 00:00:00-04:00,42.5,43.0,42.06999969482422,42.4900016784668,426500,0.0,0.0
2024-05-16 00:00:00-04:00,42.34000015258789,42.470001220703125,41.470001220703125,42.02000045776367,788300,0.0,0.0
2024-05-17 00:00:00-04:00,42.11000061035156,42.11000061035156,41.310001373291016,41.939998626708984,606700,0.0,0.0
2024-05-20 00:00:00-04:00,41.709999084472656,43.08000183105469,41.540000915527344,43.0,587100,0.0,0.0
2024-05-21 00:00:00-04:00,42.58000183105469,43.15999984741211,42.22999954223633,42.90999984741211,603500,0.0,0.0
2024-05-22 00:00:00-04:00,42.900001525878906,43.15999984741211,42.06999969482422,42.349998474121094,557100,0.0,0.0
2024-05-23 00:00:00-04:00,42.709999084472656,43.09000015258789,40.85499954223633,41.119998931884766,437800,0.0,0.0
2024-05-24 00:00:00-04:00,41.09000015258789,41.720001220703125,40.5,41.290000915527344,347700,0.0,0.0
2024-05-28 00:00:00-04:00,41.41999816894531,41.55500030517578,40.66999816894531,41.38999938964844,770300,0.0,0.0
2024-05-29 00:00:00-04:00,40.72999954223633,41.33000183105469,40.650001525878906,41.220001220703125,537000,0.0,0.0
2024-05-30 00:00:00-04:00,40.380001068115234,40.58000183105469,37.02000045776367,37.31999969482422,1471200,0.0,0.0
2024-05-31 00:00:00-04:00,37.68000030517578,38.16999816894531,36.810001373291016,37.650001525878906,638000,0.0,0.0
2024-06-03 00:00:00-04:00,38.31999969482422,38.32500076293945,36.41999816894531,37.029998779296875,1198200,0.0,0.0
2024-06-04 00:00:00-04:00,37.119998931884766,37.2400016784668,35.5,36.31999969482422,1473200,0.0,0.0
2024-06-05 00:00:00-04:00,36.849998474121094,36.972999572753906,35.959999084472656,36.04999923706055,1530800,0.0,0.0
2024-06-06 00:00:00-04:00,35.75,36.880001068115234,35.470001220703125,36.779998779296875,2272200,0.0,0.0
2024-06-07 00:00:00-04:00,41.47999954223633,41.54999923706055,36.369998931884766,36.650001525878906,3880000,0.0,0.0
2024-06-10 00:00:00-04:00,36.58000183105469,38.029998779296875,36.5099983215332,36.720001220703125,1611000,0.0,0.0
2024-06-11 00:00:00-04:00,36.720001220703125,36.9900016784668,35.86000061035156,36.22999954223633,2040600,0.0,0.0
2024-06-12 00:00:00-04:00,37.65999984741211,38.79999923706055,37.369998931884766,37.560001373291016,2327300,0.0,0.0
2024-06-13 00:00:00-04:00,38.400001525878906,38.40999984741211,35.970001220703125,36.02000045776367,1021400,0.0,0.0
2024-06-14 00:00:00-04:00,35.86000061035156,35.939998626708984,35.22999954223633,35.86000061035156,1235700,0.0,0.0
2024-06-17 00:00:00-04:00,35.59000015258789,35.70000076293945,35.099998474121094,35.40999984741211,1001000,0.0,0.0
2024-06-18 00:00:00-04:00,35.08000183105469,35.689998626708984,34.560001373291016,35.130001068115234,1543400,0.0,0.0
2024-06-20 00:00:00-04:00,34.84000015258789,34.98500061035156,34.150001525878906,34.5099983215332,897900,0.0,0.0
2024-06-21 00:00:00-04:00,34.38999938964844,35.75299835205078,33.93000030517578,35.5,2356400,0.0,0.0
2024-06-24 00:00:00-04:00,35.34000015258789,35.74399948120117,34.79999923706055,34.900001525878906,789300,0.0,0.0
2024-06-25 00:00:00-04:00,34.88999938964844,35.28499984741211,34.189998626708984,35.209999084472656,1870900,0.0,0.0
2024-06-26 00:00:00-04:00,35.15999984741211,36.45000076293945,34.97999954223633,35.900001525878906,1834400,0.0,0.0
2024-06-27 00:00:00-04:00,36.0,38.209999084472656,35.619998931884766,38.060001373291016,2330000,0.0,0.0
2024-06-28 00:00:00-04:00,38.20000076293945,38.90999984741211,37.7400016784668,38.84000015258789,1623500,0.0,0.0
2024-07-01 00:00:00-04:00,39.0,39.61000061035156,38.08000183105469,39.40999984741211,1112300,0.0,0.0
2024-07-02 00:00:00-04:00,39.52000045776367,39.97999954223633,38.99800109863281,39.470001220703125,796900,0.0,0.0
2024-07-03 00:00:00-04:00,39.40999984741211,39.59000015258789,39.060001373291016,39.540000915527344,296200,0.0,0.0
2024-07-05 00:00:00-04:00,39.40999984741211,39.7400016784668,39.0099983215332,39.04999923706055,598200,0.0,0.0
2024-07-08 00:00:00-04:00,38.849998474121094,39.349998474121094,38.47999954223633,38.79999923706055,771500,0.0,0.0
2024-07-09 00:00:00-04:00,38.83000183105469,38.95000076293945,37.40999984741211,37.91999816894531,792200,0.0,0.0
2024-07-10 00:00:00-04:00,39.33000183105469,39.34000015258789,37.72999954223633,37.79999923706055,2203600,0.0,0.0
2024-07-11 00:00:00-04:00,39.0,39.90999984741211,38.0099983215332,38.13999938964844,1018000,0.0,0.0
2024-07-12 00:00:00-04:00,38.33000183105469,39.880001068115234,38.33000183105469,39.43000030517578,811600,0.0,0.0
2024-07-15 00:00:00-04:00,39.5099983215332,41.2599983215332,39.2599983215332,40.29999923706055,1253400,0.0,0.0
2024-07-16 00:00:00-04:00,40.220001220703125,41.630001068115234,40.099998474121094,41.599998474121094,1080100,0.0,0.0
2024-07-17 00:00:00-04:00,41.18000030517578,42.0,40.560001373291016,41.38999938964844,1012200,0.0,0.0
2024-07-18 00:00:00-04:00,41.45000076293945,41.900001525878906,39.83000183105469,40.08000183105469,1106100,0.0,0.0
2024-07-19 00:00:00-04:00,39.93000030517578,40.2400016784668,39.119998931884766,40.11000061035156,754300,0.0,0.0
2024-07-22 00:00:00-04:00,40.04999923706055,40.65999984741211,39.470001220703125,39.47999954223633,609100,0.0,0.0
2024-07-23 00:00:00-04:00,39.36000061035156,40.928001403808594,39.33000183105469,40.45000076293945,596200,0.0,0.0
2024-07-24 00:00:00-04:00,39.91999816894531,40.75,38.310001373291016,38.470001220703125,707200,0.0,0.0
2024-07-25 00:00:00-04:00,38.9900016784668,42.650001525878906,38.33000183105469,41.61000061035156,1518400,0.0,0.0
2024-07-26 00:00:00-04:00,42.0,42.939998626708984,41.68299865722656,42.900001525878906,1128300,0.0,0.0
2024-07-29 00:00:00-04:00,42.790000915527344,43.1349983215332,42.290000915527344,42.630001068115234,1083400,0.0,0.0
2024-07-30 00:00:00-04:00,42.93000030517578,43.11899948120117,42.04999923706055,42.91999816894531,545600,0.0,0.0
2024-07-31 00:00:00-04:00,43.470001220703125,44.29999923706055,42.90999984741211,44.060001373291016,1291100,0.0,0.0
2024-08-01 00:00:00-04:00,44.0,44.2599983215332,41.130001068115234,41.880001068115234,733500,0.0,0.0
2024-08-02 00:00:00-04:00,40.27000045776367,40.27000045776367,38.189998626708984,39.2400016784668,860500,0.0,0.0
2024-08-05 00:00:00-04:00,36.720001220703125,37.880001068115234,36.150001525878906,36.97999954223633,1261900,0.0,0.0
2024-08-06 00:00:00-04:00,37.43000030517578,38.26499938964844,36.970001220703125,37.189998626708984,618200,0.0,0.0
2024-08-07 00:00:00-04:00,38.040000915527344,38.650001525878906,37.25,37.31999969482422,732100,0.0,0.0
2024-08-08 00:00:00-04:00,37.939998626708984,39.9900016784668,37.54499816894531,39.779998779296875,674600,0.0,0.0
2024-08-09 00:00:00-04:00,39.90999984741211,40.31999969482422,39.380001068115234,40.18000030517578,453300,0.0,0.0
2024-08-12 00:00:00-04:00,39.9900016784668,40.5099983215332,39.09000015258789,40.130001068115234,708200,0.0,0.0
2024-08-13 00:00:00-04:00,40.84000015258789,41.72999954223633,40.84000015258789,41.470001220703125,564400,0.0,0.0
2024-08-14 00:00:00-04:00,41.52000045776367,41.61000061035156,40.099998474121094,40.310001373291016,526400,0.0,0.0
2024-08-15 00:00:00-04:00,41.38999938964844,42.42499923706055,41.13999938964844,41.7400016784668,492800,0.0,0.0
2024-08-16 00:00:00-04:00,41.220001220703125,42.220001220703125,40.619998931884766,42.15999984741211,789100,0.0,0.0
2024-08-19 00:00:00-04:00,42.279998779296875,43.869998931884766,42.209999084472656,43.709999084472656,955400,0.0,0.0
2024-08-20 00:00:00-04:00,43.81999969482422,43.81999969482422,43.2400016784668,43.630001068115234,418500,0.0,0.0
2024-08-21 00:00:00-04:00,44.04999923706055,44.27000045776367,43.43000030517578,44.2400016784668,408600,0.0,0.0
2024-08-22 00:00:00-04:00,44.27000045776367,44.79999923706055,43.290000915527344,43.470001220703125,928900,0.0,0.0
2024-08-23 00:00:00-04:00,44.029998779296875,44.93000030517578,43.58300018310547,44.86000061035156,677100,0.0,0.0
2024-08-26 00:00:00-04:00,45.0,46.505001068115234,44.84000015258789,45.880001068115234,961500,0.0,0.0
2024-08-27 00:00:00-04:00,45.279998779296875,46.5,45.279998779296875,45.779998779296875,597000,0.0,0.0
2024-08-28 00:00:00-04:00,45.41999816894531,45.65399932861328,44.189998626708984,44.54999923706055,535300,0.0,0.0
2024-08-29 00:00:00-04:00,45.40999984741211,46.13999938964844,44.83000183105469,44.939998626708984,656100,0.0,0.0
2024-08-30 00:00:00-04:00,45.130001068115234,45.43000030517578,44.220001220703125,44.779998779296875,1145400,0.0,0.0
2024-09-03 00:00:00-04:00,45.02000045776367,45.02000045776367,42.91999816894531,43.29999923706055,1279000,0.0,0.0
2024-09-04 00:00:00-04:00,42.540000915527344,43.75,42.189998626708984,43.18000030517578,1170200,0.0,0.0
2024-09-05 00:00:00-04:00,42.91999816894531,44.18000030517578,42.880001068115234,44.130001068115234,1859000,0.0,0.0
2024-09-06 00:00:00-04:00,41.5,41.96099853515625,34.42499923706055,35.56999969482422,4661200,0.0,0.0
2024-09-09 00:00:00-04:00,35.88999938964844,37.59000015258789,35.64799880981445,36.279998779296875,1650900,0.0,0.0
2024-09-10 00:00:00-04:00,36.150001525878906,36.185001373291016,33.2400016784668,34.290000915527344,2623500,0.0,0.0
2024-09-11 00:00:00-04:00,34.13999938964844,34.869998931884766,33.369998931884766,34.630001068115234,1465500,0.0,0.0
2024-09-12 00:00:00-04:00,34.959999084472656,35.209999084472656,34.244998931884766,34.54999923706055,1019500,0.0,0.0
2024-09-13 00:00:00-04:00,34.36000061035156,35.220001220703125,34.36000061035156,35.130001068115234,969400,0.0,0.0
2024-09-16 00:00:00-04:00,34.68000030517578,36.119998931884766,34.380001068115234,35.099998474121094,909200,0.0,0.0
2024-09-17 00:00:00-04:00,35.70000076293945,35.900001525878906,35.13999938964844,35.599998474121094,1044300,0.0,0.0
2024-09-18 00:00:00-04:00,35.599998474121094,36.06999969482422,34.560001373291016,34.9900016784668,814200,0.0,0.0
2024-09-19 00:00:00-04:00,36.279998779296875,36.45000076293945,35.65999984741211,36.38999938964844,1391200,0.0,0.0
2024-09-20 00:00:00-04:00,36.529998779296875,36.595001220703125,35.47999954223633,36.38999938964844,3417900,0.0,0.0
2024-09-23 00:00:00-04:00,36.5099983215332,36.5099983215332,34.599998474121094,34.625,1137400,0.0,0.0
2024-09-24 00:00:00-04:00,33.959999084472656,34.06999969482422,31.799999237060547,32.63999938964844,3270500,0.0,0.0
2024-09-25 00:00:00-04:00,32.41999816894531,33.20500183105469,32.16999816894531,32.36000061035156,1533100,0.0,0.0
2024-09-26 00:00:00-04:00,32.9900016784668,32.9900016784668,32.060001373291016,32.779998779296875,992700,0.0,0.0
2024-09-27 00:00:00-04:00,33.09000015258789,33.5,32.790000915527344,33.220001220703125,1297900,0.0,0.0
2024-09-30 00:00:00-04:00,33.0,33.6349983215332,31.93000030517578,32.34000015258789,977100,0.0,0.0
2024-10-01 00:00:00-04:00,32.369998931884766,32.4900016784668,31.770000457763672,32.25,1035500,0.0,0.0
2024-10-02 00:00:00-04:00,32.18000030517578,32.400001525878906,31.709999084472656,31.920000076293945,1573400,0.0,0.0
2024-10-03 00:00:00-04:00,31.15999984741211,31.469999313354492,30.360000610351562,30.579999923706055,1666800,0.0,0.0
2024-10-04 00:00:00-04:00,31.190000534057617,31.670000076293945,30.899999618530273,31.079999923706055,1185600,0.0,0.0
2024-10-07 00:00:00-04:00,30.889999389648438,31.049999237060547,30.170000076293945,30.270000457763672,1037300,0.0,0.0
2024-10-08 00:00:00-04:00,30.239999771118164,30.614999771118164,29.950000762939453,29.969999313354492,1816400,0.0,0.0
2024-10-09 00:00:00-04:00,30.010000228881836,30.489999771118164,29.950000762939453,30.010000228881836,962300,0.0,0.0
2024-10-10 00:00:00-04:00,29.18000030517578,29.989999771118164,29.18000030517578,29.93000030517578,1567200,0.0,0.0
2024-10-11 00:00:00-04:00,29.850000381469727,30.780000686645508,29.729999542236328,30.709999084472656,1566800,0.0,0.0
2024-10-14 00:00:00-04:00,30.709999084472656,31.809999465942383,30.6200008392334,31.68000030517578,1318900,0.0,0.0
2024-10-15 00:00:00-04:00,31.719999313354492,31.969999313354492,31.04800033569336,31.6299991607666,2348600,0.0,0.0
2024-10-16 00:00:00-04:00,31.15999984741211,31.299999237060547,30.010000228881836,30.690000534057617,1722200,0.0,0.0
2024-10-17 00:00:00-04:00,30.719999313354492,30.719999313354492,29.709999084472656,30.260000228881836,908700,0.0,0.0
2024-10-18 00:00:00-04:00,30.559999465942383,31.190000534057617,30.209999084472656,30.25,1116200,0.0,0.0
2024-10-21 00:00:00-04:00,30.209999084472656,31.040000915527344,30.209999084472656,30.93000030517578,938700,0.0,0.0
2024-10-22 00:00:00-04:00,31.09000015258789,31.30500030517578,30.479999542236328,31.200000762939453,867900,0.0,0.0
2024-10-23 00:00:00-04:00,31.0,31.190000534057617,29.799999237060547,30.049999237060547,2422900,0.0,0.0
2024-10-24 00:00:00-04:00,30.469999313354492,30.90999984741211,30.049999237060547,30.780000686645508,584700,0.0,0.0
2024-10-25 00:00:00-04:00,31.18000030517578,31.5,30.520000457763672,30.799999237060547,702100,0.0,0.0
2024-10-28 00:00:00-04:00,31.049999237060547,31.06999969482422,30.34000015258789,30.829999923706055,529400,0.0,0.0
2024-10-29 00:00:00-04:00,30.799999237060547,32.2599983215332,30.774999618530273,31.959999084472656,932600,0.0,0.0
2024-10-30 00:00:00-04:00,31.940000534057617,32.48500061035156,31.836000442504883,32.0,677700,0.0,0.0
2024-10-31 00:00:00-04:00,31.75,32.279998779296875,31.299999237060547,31.459999084472656,735000,0.0,0.0
2024-11-01 00:00:00-04:00,31.459999084472656,32.25400161743164,31.30500030517578,31.670000076293945,760500,0.0,0.0
2024-11-04 00:00:00-05:00,31.40999984741211,32.29999923706055,30.729999542236328,31.760000228881836,871800,0.0,0.0
2024-11-05 00:00:00-05:00,31.690000534057617,32.23500061035156,31.209999084472656,32.21500015258789,1016900,0.0,0.0
2024-11-06 00:00:00-05:00,33.81999969482422,34.125,33.310001373291016,33.849998474121094,1429400,0.0,0.0
2024-11-07 00:00:00-05:00,33.7599983215332,35.150001525878906,33.2599983215332,35.02000045776367,1096100,0.0,0.0
2024-11-08 00:00:00-05:00,34.86000061035156,35.0,34.08000183105469,34.59000015258789,1062000,0.0,0.0
2024-11-11 00:00:00-05:00,34.939998626708984,35.77000045776367,34.56999969482422,35.72999954223633,690700,0.0,0.0
2024-11-12 00:00:00-05:00,35.290000915527344,36.13999938964844,35.27000045776367,35.70000076293945,691700,0.0,0.0
2024-11-13 00:00:00-05:00,35.459999084472656,37.17499923706055,35.36399841308594,36.61000061035156,1392200,0.0,0.0
2024-11-14 00:00:00-05:00,36.54999923706055,36.810001373291016,35.619998931884766,36.4900016784668,2333100,0.0,0.0
2024-11-15 00:00:00-05:00,36.27000045776367,36.27000045776367,34.68000030517578,35.060001373291016,1106100,0.0,0.0
2024-11-18 00:00:00-05:00,35.27000045776367,35.45000076293945,33.81999969482422,34.5099983215332,1122000,0.0,0.0
2024-11-19 00:00:00-05:00,33.970001220703125,36.2400016784668,33.93000030517578,36.20000076293945,676200,0.0,0.0
2024-11-20 00:00:00-05:00,36.380001068115234,36.619998931884766,35.619998931884766,36.02000045776367,934600,0.0,0.0
2024-11-21 00:00:00-05:00,37.11000061035156,39.150001525878906,37.11000061035156,37.97999954223633,1547500,0.0,0.0
2024-11-22 00:00:00-05:00,38.060001373291016,39.09000015258789,38.0,38.709999084472656,851900,0.0,0.0
2024-11-25 00:00:00-05:00,39.470001220703125,39.880001068115234,38.779998779296875,39.119998931884766,2159200,0.0,0.0
2024-11-26 00:00:00-05:00,38.86000061035156,39.20000076293945,38.279998779296875,39.099998474121094,2788900,0.0,0.0
2024-11-27 00:00:00-05:00,39.25,39.486000061035156,37.81999969482422,38.81999969482422,1749600,0.0,0.0
2024-11-29 00:00:00-05:00,38.599998474121094,39.79999923706055,38.599998474121094,39.720001220703125,589500,0.0,0.0
2024-12-02 00:00:00-05:00,39.70000076293945,39.88999938964844,38.89400100708008,39.349998474121094,968500,0.0,0.0
2024-12-03 00:00:00-05:00,38.90999984741211,40.33000183105469,38.86000061035156,39.56999969482422,3338900,0.0,0.0
2024-12-04 00:00:00-05:00,40.5,42.400001525878906,40.095001220703125,42.220001220703125,2126700,0.0,0.0
2024-12-05 00:00:00-05:00,41.900001525878906,42.209999084472656,41.14500045776367,41.290000915527344,890800,0.0,0.0
2024-12-06 00:00:00-05:00,41.36000061035156,42.40999984741211,40.529998779296875,41.459999084472656,1853000,0.0,0.0
2024-12-09 00:00:00-05:00,43.7599983215332,44.34000015258789,41.15999984741211,41.79999923706055,2894900,0.0,0.0
2024-12-10 00:00:00-05:00,40.310001373291016,43.23400115966797,39.900001525878906,40.95000076293945,3311500,0.0,0.0
2024-12-11 00:00:00-05:00,41.61000061035156,42.86000061035156,40.689998626708984,42.380001068115234,1375600,0.0,0.0
2024-12-12 00:00:00-05:00,41.13999938964844,42.75,41.13999938964844,42.0099983215332,1278100,0.0,0.0
2024-12-13 00:00:00-05:00,42.02000045776367,42.59000015258789,40.72999954223633,41.630001068115234,1392700,0.0,0.0
2024-12-16 00:00:00-05:00,41.25,45.0,41.220001220703125,44.779998779296875,1881600,0.0,0.0
2024-12-17 00:00:00-05:00,44.720001220703125,44.9900016784668,43.529998779296875,44.75,1473000,0.0,0.0
2024-12-18 00:00:00-05:00,44.709999084472656,45.779998779296875,42.79999923706055,43.369998931884766,2355200,0.0,0.0
2024-12-19 00:00:00-05:00,43.61000061035156,44.529998779296875,42.665000915527344,44.0,1681900,0.0,0.0
2024-12-20 00:00:00-05:00,43.45000076293945,46.189998626708984,43.45000076293945,44.310001373291016,2484500,0.0,0.0
2024-12-23 00:00:00-05:00,44.25,44.310001373291016,42.810001373291016,43.43000030517578,793200,0.0,0.0
2024-12-24 00:00:00-05:00,43.720001220703125,43.9900016784668,43.279998779296875,43.599998474121094,324000,0.0,0.0
2024-12-26 00:00:00-05:00,43.209999084472656,44.31999969482422,43.1150016784668,44.099998474121094,639200,0.0,0.0
2024-12-27 00:00:00-05:00,43.63999938964844,43.88999938964844,42.20500183105469,42.900001525878906,607800,0.0,0.0
2024-12-30 00:00:00-05:00,41.93000030517578,42.630001068115234,41.209999084472656,42.27000045776367,1142700,0.0,0.0
2024-12-31 00:00:00-05:00,42.70000076293945,42.90999984741211,41.40999984741211,41.880001068115234,975600,0.0,0.0
2025-01-02 00:00:00-05:00,42.41999816894531,43.4900016784668,41.849998474121094,43.38999938964844,1056100,0.0,0.0
2025-01-03 00:00:00-05:00,43.779998779296875,44.92499923706055,43.46500015258789,44.869998931884766,2295700,0.0,0.0
2025-01-06 00:00:00-05:00,45.349998474121094,46.630001068115234,44.540000915527344,45.59000015258789,1812900,0.0,0.0
2025-01-07 00:00:00-05:00,45.709999084472656,46.22999954223633,44.33000183105469,44.599998474121094,1050500,0.0,0.0
2025-01-08 00:00:00-05:00,44.10599899291992,44.40999984741211,43.56999969482422,44.150001525878906,910100,0.0,0.0
2025-01-10 00:00:00-05:00,43.189998626708984,43.34000015258789,42.0099983215332,42.630001068115234,799600,0.0,0.0
2025-01-13 00:00:00-05:00,41.56999969482422,42.47999954223633,41.20000076293945,41.599998474121094,1089600,0.0,0.0
2025-01-14 00:00:00-05:00,42.0099983215332,42.52000045776367,40.54999923706055,41.86000061035156,1459500,0.0,0.0
2025-01-15 00:00:00-05:00,43.130001068115234,44.5099983215332,43.0,43.77000045776367,1107400,0.0,0.0
2025-01-16 00:00:00-05:00,43.959999084472656,44.599998474121094,43.125,44.09000015258789,788100,0.0,0.0
2025-01-17 00:00:00-05:00,44.849998474121094,44.849998474121094,43.65999984741211,44.11000061035156,1458000,0.0,0.0
2025-01-21 00:00:00-05:00,44.599998474121094,45.40999984741211,44.43000030517578,45.09000015258789,679400,0.0,0.0
2025-01-22 00:00:00-05:00,45.279998779296875,45.63999938964844,44.40999984741211,44.529998779296875,532300,0.0,0.0
2025-01-23 00:00:00-05:00,44.16999816894531,45.790000915527344,43.77000045776367,45.56999969482422,639500,0.0,0.0
2025-01-24 00:00:00-05:00,45.54999923706055,46.77000045776367,45.349998474121094,45.689998626708984,767600,0.0,0.0
2025-01-27 00:00:00-05:00,44.709999084472656,47.779998779296875,44.709999084472656,46.02000045776367,948000,0.0,0.0
2025-01-28 00:00:00-05:00,46.150001525878906,48.33000183105469,45.89500045776367,47.220001220703125,928900,0.0,0.0
2025-01-29 00:00:00-05:00,47.0,47.08000183105469,45.650001525878906,45.959999084472656,742700,0.0,0.0
2025-01-30 00:00:00-05:00,45.79999923706055,46.58000183105469,45.290000915527344,45.86000061035156,772500,0.0,0.0
2025-01-31 00:00:00-05:00,46.40999984741211,47.599998474121094,45.97999954223633,45.97999954223633,1031700,0.0,0.0
2025-02-03 00:00:00-05:00,43.7599983215332,45.20000076293945,41.2599983215332,41.52000045776367,2168400,0.0,0.0
2025-02-04 00:00:00-05:00,41.970001220703125,43.060001373291016,40.81999969482422,42.599998474121094,1827400,0.0,0.0
2025-02-05 00:00:00-05:00,42.83000183105469,43.56999969482422,42.08000183105469,43.54999923706055,1326900,0.0,0.0
2025-02-06 00:00:00-05:00,43.72999954223633,43.882999420166016,42.290000915527344,42.52000045776367,1589600,0.0,0.0
2025-02-07 00:00:00-05:00,42.79999923706055,42.97999954223633,40.7599983215332,41.220001220703125,1123500,0.0,0.0
2025-02-10 00:00:00-05:00,42.060001373291016,43.66999816894531,41.779998779296875,42.630001068115234,1829200,0.0,0.0
2025-02-11 00:00:00-05:00,42.11000061035156,43.130001068115234,41.79999923706055,42.38999938964844,945900,0.0,0.0
2025-02-12 00:00:00-05:00,41.43000030517578,42.470001220703125,40.88999938964844,41.02000045776367,928600,0.0,0.0
2025-02-13 00:00:00-05:00,41.5,42.189998626708984,41.0099983215332,41.779998779296875,607200,0.0,0.0
2025-02-14 00:00:00-05:00,41.959999084472656,41.959999084472656,40.369998931884766,41.5099983215332,791900,0.0,0.0
2025-02-18 00:00:00-05:00,41.0,42.20000076293945,39.959999084472656,41.849998474121094,1283200,0.0,0.0
2025-02-19 00:00:00-05:00,41.45000076293945,41.75,40.755001068115234,40.84000015258789,594900,0.0,0.0
2025-02-20 00:00:00-05:00,40.630001068115234,41.0,39.0,40.65999984741211,1315300,0.0,0.0
2025-02-21 00:00:00-05:00,41.04999923706055,41.16999816894531,38.84000015258789,39.5,1282600,0.0,0.0
2025-02-24 00:00:00-05:00,39.58000183105469,39.6150016784668,37.599998474121094,38.5099983215332,892200,0.0,0.0
2025-02-25 00:00:00-05:00,38.2599983215332,38.29999923706055,36.75,37.04999923706055,1197700,0.0,0.0
2025-02-26 00:00:00-05:00,37.54999923706055,38.310001373291016,36.814998626708984,37.400001525878906,988100,0.0,0.0
2025-02-27 00:00:00-05:00,37.79999923706055,38.2400016784668,36.27000045776367,36.31999969482422,1164800,0.0,0.0
2025-02-28 00:00:00-05:00,36.11000061035156,37.02000045776367,35.58000183105469,36.97999954223633,1507700,0.0,0.0
2025-03-03 00:00:00-05:00,37.29999923706055,37.4900016784668,34.7400016784668,35.119998931884766,2410300,0.0,0.0
2025-03-04 00:00:00-05:00,35.0,36.400001525878906,35.0,35.86000061035156,1516100,0.0,0.0
2025-03-05 00:00:00-05:00,36.0,36.755001068115234,35.71500015258789,36.47999954223633,1636900,0.0,0.0
2025-03-06 00:00:00-05:00,35.52000045776367,36.540000915527344,34.58000183105469,34.599998474121094,1112100,0.0,0.0
2025-03-07 00:00:00-05:00,34.599998474121094,34.68000030517578,32.72999954223633,33.7400016784668,1248900,0.0,0.0
2025-03-10 00:00:00-04:00,33.0,33.0,31.239999771118164,32.439998626708984,1474700,0.0,0.0
2025-03-11 00:00:00-04:00,32.369998931884766,33.93000030517578,32.33000183105469,33.599998474121094,1353700,0.0,0.0
2025-03-12 00:00:00-04:00,34.349998474121094,35.7599983215332,33.70000076293945,35.599998474121094,1332200,0.0,0.0
2025-03-13 00:00:00-04:00,35.439998626708984,35.439998626708984,32.79999923706055,33.11000061035156,1143700,0.0,0.0
2025-03-14 00:00:00-04:00,33.88999938964844,35.34000015258789,33.41999816894531,35.279998779296875,1097100,0.0,0.0
2025-03-17 00:00:00-04:00,35.16999816894531,36.33000183105469,35.16999816894531,36.16999816894531,791200,0.0,0.0
2025-03-18 00:00:00-04:00,35.79999923706055,35.82500076293945,34.81999969482422,35.4900016784668,634400,0.0,0.0
2025-03-19 00:00:00-04:00,36.13999938964844,36.92499923706055,35.6879997253418,36.31999969482422,1033000,0.0,0.0
2025-03-20 00:00:00-04:00,35.560001373291016,36.59000015258789,35.560001373291016,36.04999923706055,651300,0.0,0.0
2025-03-21 00:00:00-04:00,35.56999969482422,37.20000076293945,35.099998474121094,37.029998779296875,1820400,0.0,0.0
2025-03-24 00:00:00-04:00,37.72999954223633,38.43000030517578,37.16999816894531,38.11000061035156,1855500,0.0,0.0
2025-03-25 00:00:00-04:00,38.11000061035156,39.439998626708984,37.95000076293945,39.13999938964844,1411800,0.0,0.0
2025-03-26 00:00:00-04:00,38.970001220703125,39.13999938964844,37.18000030517578,37.33000183105469,1283100,0.0,0.0
2025-03-27 00:00:00-04:00,37.040000915527344,38.0099983215332,35.8849983215332,36.70000076293945,2227600,0.0,0.0
2025-03-28 00:00:00-04:00,41.459999084472656,43.88999938964844,37.029998779296875,37.5099983215332,5431300,0.0,0.0
2025-03-31 00:00:00-04:00,36.40999984741211,37.16999816894531,35.40999984741211,36.08000183105469,1919500,0.0,0.0
2025-04-01 00:00:00-04:00,35.95000076293945,36.47999954223633,35.20500183105469,36.369998931884766,1264400,0.0,0.0
2025-04-02 00:00:00-04:00,35.58000183105469,36.61000061035156,35.11000061035156,36.29999923706055,1071200,0.0,0.0
2025-04-03 00:00:00-04:00,34.22999954223633,34.22999954223633,32.20000076293945,32.7400016784668,1463100,0.0,0.0
2025-04-04 00:00:00-04:00,31.18000030517578,31.540000915527344,29.59000015258789,30.979999542236328,1459000,0.0,0.0
2025-04-07 00:00:00-04:00,29.5,32.15999984741211,28.59000015258789,30.139999389648438,1786700,0.0,0.0
2025-04-08 00:00:00-04:00,31.8799991607666,32.099998474121094,29.309999465942383,29.719999313354492,1272700,0.0,0.0
2025-04-09 00:00:00-04:00,29.0,33.16999816894531,29.0,32.900001525878906,2490700,0.0,0.0
2025-04-10 00:00:00-04:00,31.940000534057617,32.459999084472656,30.030000686645508,30.3799991607666,790400,0.0,0.0
2025-04-11 00:00:00-04:00,29.670000076293945,29.739999771118164,27.75,29.030000686645508,2335400,0.0,0.0
2025-04-14 00:00:00-04:00,29.399999618530273,29.694000244140625,28.190000534057617,28.329999923706055,1619300,0.0,0.0
2025-04-15 00:00:00-04:00,28.270000457763672,29.479999542236328,28.200000762939453,29.010000228881836,902900,0.0,0.0
2025-04-16 00:00:00-04:00,28.68000030517578,29.149999618530273,27.979999542236328,28.420000076293945,1296100,0.0,0.0
2025-04-17 00:00:00-04:00,28.530000686645508,29.260000228881836,28.03499984741211,29.209999084472656,1005400,0.0,0.0
2025-04-21 00:00:00-04:00,28.860000610351562,28.860000610351562,27.450000762939453,27.68000030517578,646400,0.0,0.0
2025-04-22 00:00:00-04:00,28.139999389648438,28.34000015258789,27.6200008392334,27.93000030517578,2074900,0.0,0.0
2025-04-23 00:00:00-04:00,29.190000534057617,29.75,28.299999237060547,28.34000015258789,1290700,0.0,0.0
2025-04-24 00:00:00-04:00,28.6200008392334,30.399999618530273,28.6200008392334,30.329999923706055,1327700,0.0,0.0
2025-04-25 00:00:00-04:00,30.31999969482422,31.309999465942383,29.70400047302246,31.219999313354492,786700,0.0,0.0
2025-04-28 00:00:00-04:00,31.280000686645508,31.760000228881836,30.809999465942383,31.40999984741211,734000,0.0,0.0
2025-04-29 00:00:00-04:00,31.309999465942383,31.84000015258789,30.4689998626709,31.540000915527344,620500,0.0,0.0
2025-04-30 00:00:00-04:00,30.540000915527344,31.290000915527344,30.239999771118164,31.1299991607666,754700,0.0,0.0
2025-05-01 00:00:00-04:00,31.809999465942383,31.937999725341797,31.079999923706055,31.329999923706055,595300,0.0,0.0
2025-05-02 00:00:00-04:00,31.719999313354492,32.720001220703125,31.510000228881836,32.40999984741211,761600,0.0,0.0
2025-05-05 00:00:00-04:00,31.969999313354492,32.68000030517578,31.68000030517578,31.709999084472656,1424200,0.0,0.0
2025-05-06 00:00:00-04:00,31.020000457763672,31.825000762939453,30.875,31.43000030517578,796800,0.0,0.0
2025-05-07 00:00:00-04:00,31.760000228881836,33.09000015258789,31.6299991607666,32.619998931884766,1082600,0.0,0.0
2025-05-08 00:00:00-04:00,33.25,33.95500183105469,32.970001220703125,33.65999984741211,742800,0.0,0.0
2025-05-09 00:00:00-04:00,33.88999938964844,34.04999923706055,33.310001373291016,33.68000030517578,684100,0.0,0.0
2025-05-12 00:00:00-04:00,35.77000045776367,36.25,34.81999969482422,36.13999938964844,1090300,0.0,0.0
2025-05-13 00:00:00-04:00,36.38999938964844,37.31999969482422,35.779998779296875,36.790000915527344,1257900,0.0,0.0
2025-05-14 00:00:00-04:00,36.720001220703125,37.380001068115234,36.540000915527344,36.72999954223633,763400,0.0,0.0
2025-05-15 00:00:00-04:00,36.439998626708984,36.845001220703125,35.970001220703125,36.380001068115234,715600,0.0,0.0
2025-05-16 00:00:00-04:00,36.31999969482422,36.91999816894531,36.0,36.88999938964844,784100,0.0,0.0
2025-05-19 00:00:00-04:00,36.029998779296875,36.40299987792969,35.38999938964844,35.459999084472656,1611400,0.0,0.0
2025-05-20 00:00:00-04:00,35.349998474121094,35.5,34.93000030517578,35.459999084472656,971300,0.0,0.0
2025-05-21 00:00:00-04:00,35.08000183105469,35.869998931884766,34.540000915527344,34.630001068115234,787300,0.0,0.0
2025-05-22 00:00:00-04:00,34.65999984741211,35.064998626708984,34.220001220703125,34.86000061035156,685300,0.0,0.0
2025-05-23 00:00:00-04:00,33.97999954223633,35.099998474121094,33.709999084472656,34.72999954223633,741300,0.0,0.0
2025-05-27 00:00:00-04:00,35.650001525878906,35.99300003051758,35.11000061035156,35.88999938964844,763100,0.0,0.0
2025-05-28 00:00:00-04:00,35.88999938964844,36.28499984741211,35.65999984741211,36.06999969482422,662900,0.0,0.0
2025-05-29 00:00:00-04:00,36.619998931884766,36.7599983215332,35.91999816894531,36.439998626708984,849400,0.0,0.0
2025-05-30 00:00:00-04:00,36.380001068115234,37.18000030517578,35.77000045776367,36.79999923706055,1534900,0.0,0.0
2025-06-02 00:00:00-04:00,36.7400016784668,37.2599983215332,35.65999984741211,36.52000045776367,808200,0.0,0.0
2025-06-03 00:00:00-04:00,37.36000061035156,37.36000061035156,35.880001068115234,36.2400016784668,1336900,0.0,0.0
2025-06-04 00:00:00-04:00,36.209999084472656,37.08000183105469,36.0,36.61000061035156,746400,0.0,0.0
2025-06-05 00:00:00-04:00,37.0,37.66999816894531,35.97999954223633,36.099998474121094,1946200,0.0,0.0
2025-06-06 00:00:00-04:00,31.450000762939453,32.22999954223633,29.559999465942383,29.729999542236328,7739700,0.0,0.0
2025-06-09 00:00:00-04:00,30.040000915527344,31.299999237060547,30.030000686645508,30.649999618530273,3234500,0.0,0.0
2025-06-10 00:00:00-04:00,30.864999771118164,30.961000442504883,28.959999084472656,29.100000381469727,2789300,0.0,0.0
2025-06-11 00:00:00-04:00,28.90999984741211,29.190000534057617,28.375,28.43000030517578,2208700,0.0,0.0
2025-06-12 00:00:00-04:00,28.450000762939453,28.860000610351562,28.079999923706055,28.479999542236328,1797900,0.0,0.0
2025-06-13 00:00:00-04:00,27.979999542236328,28.40999984741211,27.25,27.309999465942383,1728400,0.0,0.0
2025-06-16 00:00:00-04:00,27.479999542236328,27.834999084472656,27.049999237060547,27.43000030517578,1776900,0.0,0.0
2025-06-17 00:00:00-04:00,26.6299991607666,27.084999084472656,26.260000228881836,26.989999771118164,2657900,0.0,0.0
2025-06-18 00:00:00-04:00,26.940000534057617,27.280000686645508,26.6299991607666,26.81999969482422,1385500,0.0,0.0
2025-06-20 00:00:00-04:00,27.020000457763672,27.25,25.219999313354492,25.84000015258789,4020200,0.0,0.0
2025-06-23 00:00:00-04:00,25.6299991607666,26.530000686645508,25.239999771118164,25.979999542236328,1842400,0.0,0.0
2025-06-24 00:00:00-04:00,26.56999969482422,27.049999237060547,26.30500030517578,26.770000457763672,1627200,0.0,0.0
2025-06-25 00:00:00-04:00,27.190000534057617,27.20400047302246,26.459999084472656,26.5,1465900,0.0,0.0
2025-06-26 00:00:00-04:00,26.600000381469727,26.98200035095215,25.90999984741211,26.739999771118164,1148700,0.0,0.0
2025-06-27 00:00:00-04:00,26.799999237060547,26.989999771118164,26.329999923706055,26.760000228881836,3309800,0.0,0.0
2025-06-30 00:00:00-04:00,27.040000915527344,28.200000762939453,27.0,28.100000381469727,2343700,0.0,0.0
2025-07-01 00:00:00-04:00,28.0,28.579999923706055,26.93000030517578,28.170000076293945,1622400,0.0,0.0
2025-07-02 00:00:00-04:00,28.170000076293945,28.485000610351562,27.43000030517578,28.170000076293945,1293500,0.0,0.0
2025-07-03 00:00:00-04:00,28.43000030517578,29.040000915527344,28.309999465942383,28.780000686645508,849100,0.0,0.0
2025-07-07 00:00:00-04:00,28.530000686645508,29.149999618530273,28.06999969482422,28.420000076293945,1228600,0.0,0.0
2025-07-08 00:00:00-04:00,28.579999923706055,28.979999542236328,28.15399932861328,28.829999923706055,1308700,0.0,0.0
2025-07-09 00:00:00-04:00,28.8799991607666,28.941999435424805,28.209999084472656,28.5,1219800,0.0,0.0
2025-07-10 00:00:00-04:00,28.530000686645508,28.670000076293945,27.295000076293945,27.899999618530273,1709300,0.0,0.0
2025-07-11 00:00:00-04:00,27.709999084472656,27.709999084472656,26.344999313354492,26.469999313354492,1753300,0.0,0.0
2025-07-14 00:00:00-04:00,26.549999237060547,27.489999771118164,26.549999237060547,27.049999237060547,1314900,0.0,0.0
2025-07-15 00:00:00-04:00,27.170000076293945,27.40999984741211,26.540000915527344,26.639999389648438,1069900,0.0,0.0
2025-07-16 00:00:00-04:00,26.799999237060547,27.229999542236328,26.389999389648438,27.209999084472656,1145900,0.0,0.0
2025-07-17 00:00:00-04:00,27.31999969482422,28.274999618530273,27.209999084472656,28.239999771118164,1671100,0.0,0.0
2025-07-18 00:00:00-04:00,28.540000915527344,28.90999984741211,28.18000030517578,28.8799991607666,1740100,0.0,0.0
2025-07-21 00:00:00-04:00,28.979999542236328,29.55500030517578,28.469999313354492,28.6299991607666,1429200,0.0,0.0
2025-07-22 00:00:00-04:00,28.770000457763672,28.920000076293945,28.270000457763672,28.309999465942383,1321300,0.0,0.0
2025-07-23 00:00:00-04:00,28.399999618530273,28.450000762939453,27.850000381469727,28.44499969482422,1382900,0.0,0.0
2025-07-24 00:00:00-04:00,29.0,29.530000686645508,28.2450008392334,28.729999542236328,943000,0.0,0.0
2025-07-25 00:00:00-04:00,28.8700008392334,29.200000762939453,28.559999465942383,29.190000534057617,911700,0.0,0.0
2025-07-28 00:00:00-04:00,29.3700008392334,30.15999984741211,29.270000457763672,29.780000686645508,1044400,0.0,0.0
2025-07-29 00:00:00-04:00,29.790000915527344,30.030000686645508,29.25,29.6200008392334,1578300,0.0,0.0
2025-07-30 00:00:00-04:00,29.510000228881836,29.594999313354492,28.53499984741211,28.65999984741211,1046100,0.0,0.0
2025-07-31 00:00:00-04:00,28.700000762939453,28.700000762939453,27.59000015258789,27.8700008392334,1290600,0.0,0.0
2025-08-01 00:00:00-04:00,27.350000381469727,27.350000381469727,26.09000015258789,26.200000762939453,1258900,0.0,0.0
2025-08-04 00:00:00-04:00,26.274999618530273,27.040000915527344,26.209999084472656,26.90999984741211,942600,0.0,0.0
2025-08-05 00:00:00-04:00,27.139999389648438,27.270000457763672,26.770000457763672,26.979999542236328,1049300,0.0,0.0
2025-08-06 00:00:00-04:00,27.270000457763672,28.139999389648438,26.93000030517578,27.290000915527344,1200000,0.0,0.0
2025-08-07 00:00:00-04:00,27.719999313354492,27.90999984741211,25.459999084472656,26.190000534057617,1180300,0.0,0.0
2025-08-08 00:00:00-04:00,26.25,26.600000381469727,25.010000228881836,25.309999465942383,1341600,0.0,0.0
2025-08-11 00:00:00-04:00,25.309999465942383,25.56999969482422,24.06999969482422,24.1299991607666,1365600,0.0,0.0
2025-08-12 00:00:00-04:00,24.149999618530273,24.479999542236328,23.958999633789062,24.110000610351562,1364000,0.0,0.0
2025-08-13 00:00:00-04:00,24.290000915527344,25.31999969482422,23.90999984741211,25.299999237060547,1559200,0.0,0.0
2025-08-14 00:00:00-04:00,24.889999389648438,25.420000076293945,24.229999542236328,24.540000915527344,1072900,0.0,0.0
2025-08-15 00:00:00-04:00,24.8799991607666,25.68000030517578,24.764999389648438,25.5,1779100,0.0,0.0
2025-08-18 00:00:00-04:00,25.440000534057617,26.559999465942383,25.3700008392334,26.549999237060547,1216100,0.0,0.0
2025-08-19 00:00:00-04:00,26.540000915527344,26.690000534057617,25.5,25.670000076293945,1298000,0.0,0.0
2025-08-20 00:00:00-04:00,25.43000030517578,25.59000015258789,24.8799991607666,25.229999542236328,889100,0.0,0.0
2025-08-21 00:00:00-04:00,24.885000228881836,25.639999389648438,24.719999313354492,25.53499984741211,582200,0.0,0.0
2025-08-22 00:00:00-04:00,25.6200008392334,26.94499969482422,25.5,26.895000457763672,760900,0.0,0.0
2025-08-25 00:00:00-04:00,26.540000915527344,26.690000534057617,26.0049991607666,26.020000457763672,563800,0.0,0.0
2025-08-26 00:00:00-04:00,26.020000457763672,26.222999572753906,25.600000381469727,25.799999237060547,976600,0.0,0.0
2025-08-27 00:00:00-04:00,26.229999542236328,26.674999237060547,26.0,26.6299991607666,1656400,0.0,0.0
2025-08-28 00:00:00-04:00,26.719999313354492,27.985000610351562,26.573999404907227,27.399999618530273,1639900,0.0,0.0
2025-08-29 00:00:00-04:00,27.540000915527344,27.885000228881836,27.309999465942383,27.700000762939453,1109900,0.0,0.0
2025-09-02 00:00:00-04:00,27.15999984741211,27.56999969482422,26.700000762939453,27.040000915527344,1662400,0.0,0.0
2025-09-03 00:00:00-04:00,27.3799991607666,27.59000015258789,26.739999771118164,26.989999771118164,2280100,0.0,0.0
2025-09-04 00:00:00-04:00,26.809999465942383,27.760000228881836,25.709999084472656,27.65999984741211,4477500,0.0,0.0
2025-09-05 00:00:00-04:00,32.67499923706055,33.47999954223633,29.93000030517578,31.420000076293945,10816900,0.0,0.0
2025-09-08 00:00:00-04:00,32.22999954223633,32.814998626708984,31.06999969482422,32.29999923706055,4359600,0.0,0.0
2025-09-09 00:00:00-04:00,32.02000045776367,32.45000076293945,30.8799991607666,31.309999465942383,3023700,0.0,0.0
2025-09-10 00:00:00-04:00,31.0,31.524999618530273,30.030000686645508,30.079999923706055,2117800,0.0,0.0
2025-09-11 00:00:00-04:00,30.31999969482422,30.920000076293945,30.09000015258789,30.8799991607666,1770500,0.0,0.0
2025-09-12 00:00:00-04:00,30.99799919128418,31.270000457763672,29.940000534057617,30.139999389648438,1568500,0.0,0.0
2025-09-15 00:00:00-04:00,30.399999618530273,31.09000015258789,29.959999084472656,30.389999389648438,2418100,0.0,0.0
2025-09-16 00:00:00-04:00,30.3700008392334,31.2450008392334,29.6200008392334,31.139999389648438,2630100,0.0,0.0
2025-09-17 00:00:00-04:00,31.299999237060547,33.02000045776367,31.225000381469727,31.93000030517578,3560800,0.0,0.0
2025-09-18 00:00:00-04:00,32.45000076293945,32.95000076293945,31.96500015258789,32.38999938964844,2214000,0.0,0.0
2025-09-19 00:00:00-04:00,32.43000030517578,32.599998474121094,31.709999084472656,32.040000915527344,4094800,0.0,0.0
2025-09-22 00:00:00-04:00,31.93000030517578,33.04499816894531,31.5,32.650001525878906,1968400,0.0,0.0
2025-09-23 00:00:00-04:00,32.599998474121094,33.01499938964844,32.040000915527344,32.13999938964844,2297500,0.0,0.0
2025-09-24 00:00:00-04:00,32.22999954223633,32.775001525878906,31.729999542236328,32.130001068115234,2398700,0.0,0.0
2025-09-25 00:00:00-04:00,31.540000915527344,31.899999618530273,31.059999465942383,31.274999618530273,1230500,0.0,0.0
2025-09-26 00:00:00-04:00,31.510000228881836,32.130001068115234,31.31999969482422,31.579999923706055,1442000,0.0,0.0
2025-09-29 00:00:00-04:00,31.989999771118164,32.47999954223633,31.520000457763672,32.220001220703125,1603800,0.0,0.0
2025-09-30 00:00:00-04:00,32.72999954223633,32.72999954223633,28.399999618530273,28.440000534057617,4638900,0.0,0.0
2025-10-01 00:00:00-04:00,28.100000381469727,29.0,27.600000381469727,28.040000915527344,2832500,0.0,0.0
2025-10-02 00:00:00-04:00,28.239999771118164,28.309999465942383,27.704999923706055,27.739999771118164,2086600,0.0,0.0
2025-10-03 00:00:00-04:00,27.899999618530273,29.270000457763672,27.899999618530273,28.420000076293945,1657300,0.0,0.0
2025-10-06 00:00:00-04:00,28.709999084472656,30.399999618530273,28.239999771118164,28.950000762939453,2741800,0.0,0.0
2025-10-07 00:00:00-04:00,29.0,29.0,26.989999771118164,27.610000610351562,2463100,0.0,0.0
2025-10-08 00:00:00-04:00,28.040000915527344,28.709999084472656,27.575000762939453,28.149999618530273,1687200,0.0,0.0
2025-10-09 00:00:00-04:00,27.8700008392334,28.100000381469727,27.40999984741211,27.56999969482422,1330800,0.0,0.0
2025-10-10 00:00:00-04:00,27.600000381469727,27.649999618530273,26.09000015258789,26.15999984741211,2161500,0.0,0.0
2025-10-13 00:00:00-04:00,26.6200008392334,26.749000549316406,26.1200008392334,26.15999984741211,1187500,0.0,0.0
2025-10-14 00:00:00-04:00,25.6299991607666,26.14699935913086,25.530000686645508,25.969999313354492,1567900,0.0,0.0
2025-10-15 00:00:00-04:00,26.639999389648438,27.170000076293945,25.895000457763672,26.219999313354492,2590800,0.0,0.0
2025-10-16 00:00:00-04:00,26.450000762939453,27.5,25.989999771118164,26.110000610351562,1631800,0.0,0.0
2025-10-17 00:00:00-04:00,25.889999389648438,26.290000915527344,25.68000030517578,26.135000228881836,1892800,0.0,0.0
2025-10-20 00:00:00-04:00,26.520000457763672,27.729999542236328,26.479999542236328,27.510000228881836,1194200,0.0,0.0
2025-10-21 00:00:00-04:00,27.549999237060547,28.610000610351562,27.290000915527344,28.610000610351562,1345400,0.0,0.0
2025-10-22 00:00:00-04:00,28.3700008392334,28.700000762939453,27.989999771118164,28.270000457763672,1264100,0.0,0.0
2025-10-23 00:00:00-04:00,28.329999923706055,28.399999618530273,27.760000228881836,28.1299991607666,1213600,0.0,0.0
2025-10-24 00:00:00-04:00,28.559999465942383,29.079999923706055,28.059999465942383,28.079999923706055,1509200,0.0,0.0
2025-10-27 00:00:00-04:00,28.25,28.530000686645508,27.81999969482422,28.010000228881836,1090100,0.0,0.0
2025-10-28 00:00:00-04:00,28.010000228881836,28.34000015258789,27.649999618530273,27.950000762939453,1084000,0.0,0.0
2025-10-29 00:00:00-04:00,27.764999389648438,27.959999084472656,26.799999237060547,27.139999389648438,1058200,0.0,0.0
2025-10-30 00:00:00-04:00,26.950000762939453,28.299999237060547,26.829999923706055,27.530000686645508,1318100,0.0,0.0
2025-10-31 00:00:00-04:00,27.579999923706055,28.80500030517578,27.360000610351562,28.65999984741211,1441800,0.0,0.0
2025-11-03 00:00:00-05:00,28.709999084472656,29.059999465942383,27.59000015258789,28.190000534057617,1114000,0.0,0.0
2025-11-04 00:00:00-05:00,27.600000381469727,27.829999923706055,26.520000457763672,27.219999313354492,1297100,0.0,0.0
2025-11-05 00:00:00-05:00,27.520000457763672,28.639999389648438,27.209999084472656,28.079999923706055,1765300,0.0,0.0
2025-11-06 00:00:00-05:00,27.959999084472656,27.959999084472656,26.209999084472656,27.239999771118164,1436700,0.0,0.0
2025-11-07 00:00:00-05:00,26.75,28.209999084472656,26.530000686645508,27.989999771118164,1115500,0.0,0.0
2025-11-10 00:00:00-05:00,28.389999389648438,28.7549991607666,27.8700008392334,28.15999984741211,1267600,0.0,0.0
2025-11-11 00:00:00-05:00,28.100000381469727,28.780000686645508,27.969999313354492,28.56999969482422,1048500,0.0,0.0
2025-11-12 00:00:00-05:00,28.729999542236328,29.700000762939453,28.299999237060547,29.3700008392334,1722200,0.0,0.0
2025-11-13 00:00:00-05:00,29.0,29.1200008392334,27.969999313354492,28.209999084472656,1184800,0.0,0.0
2025-11-14 00:00:00-05:00,27.450000762939453,29.079999923706055,27.1299991607666,28.739999771118164,989700,0.0,0.0
2025-11-17 00:00:00-05:00,28.6200008392334,28.729999542236328,26.950000762939453,26.979999542236328,1410900,0.0,0.0
2025-11-18 00:00:00-05:00,26.59000015258789,27.375,26.299999237060547,27.229999542236328,1648300,0.0,0.0
2025-11-19 00:00:00-05:00,27.18000030517578,27.75,26.59600067138672,27.219999313354492,1251800,0.0,0.0
2025-11-20 00:00:00-05:00,27.790000915527344,28.489999771118164,26.950000762939453,27.0,1138600,0.0,0.0
2025-11-21 00:00:00-05:00,26.540000915527344,27.739999771118164,26.360000610351562,27.40999984741211,1007800,0.0,0.0
2025-11-24 00:00:00-05:00,27.420000076293945,27.760000228881836,27.15999984741211,27.389999389648438,938000,0.0,0.0
2025-11-25 00:00:00-05:00,27.530000686645508,28.59000015258789,27.450000762939453,28.31999969482422,792300,0.0,0.0
2025-11-26 00:00:00-05:00,28.059999465942383,28.549999237060547,27.899999618530273,28.31999969482422,838100,0.0,0.0
2025-11-28 00:00:00-05:00,28.59000015258789,28.860000610351562,28.424999237060547,28.700000762939453,548900,0.0,0.0
2025-12-01 00:00:00-05:00,28.020000457763672,28.709999084472656,27.7549991607666,28.329999923706055,1290800,0.0,0.0
2025-12-02 00:00:00-05:00,28.600000381469727,29.559999465942383,28.3700008392334,29.270000457763672,1161700,0.0,0.0
2025-12-03 00:00:00-05:00,29.1299991607666,29.549999237060547,28.799999237060547,29.3799991607666,937300,0.0,0.0
2025-12-04 00:00:00-05:00,29.639999389648438,29.93000030517578,29.065000534057617,29.8700008392334,1308000,0.0,0.0
2025-12-05 00:00:00-05:00,29.780000686645508,31.200000762939453,29.704999923706055,30.299999237060547,2731200,0.0,0.0
2025-12-08 00:00:00-05:00,30.600000381469727,31.114999771118164,29.780000686645508,30.030000686645508,2307100,0.0,0.0
2025-12-09 00:00:00-05:00,30.0,31.0,30.0,30.649999618530273,5220300,0.0,0.0
2025-12-10 00:00:00-05:00,35.189998626708984,37.0,33.939998626708984,36.189998626708984,9733500,0.0,0.0
2025-12-11 00:00:00-05:00,36.16999816894531,37.32699966430664,34.70000076293945,34.93000030517578,2993700,0.0,0.0
2025-12-12 00:00:00-05:00,34.540000915527344,34.70000076293945,33.0099983215332,33.13999938964844,3796100,0.0,0.0
2025-12-15 00:00:00-05:00,33.31999969482422,33.849998474121094,32.2400016784668,33.119998931884766,2462500,0.0,0.0
2025-12-16 00:00:00-05:00,32.79999923706055,34.005001068115234,32.790000915527344,33.939998626708984,2141200,0.0,0.0
2025-12-17 00:00:00-05:00,34.18000030517578,35.9900016784668,33.959999084472656,34.720001220703125,3391900,0.0,0.0
2025-12-18 00:00:00-05:00,34.7599983215332,36.459999084472656,34.654998779296875,35.63999938964844,2105200,0.0,0.0
2025-12-19 00:00:00-05:00,35.560001373291016,36.27000045776367,35.18000030517578,35.470001220703125,2691000,0.0,0.0
2025-12-22 00:00:00-05:00,35.380001068115234,36.6609992980957,35.380001068115234,36.099998474121094,1198400,0.0,0.0
2025-12-23 00:00:00-05:00,35.810001373291016,36.28499984741211,35.18000030517578,35.93000030517578,1238100,0.0,0.0
2025-12-24 00:00:00-05:00,35.93000030517578,36.18000030517578,35.54499816894531,35.83000183105469,648800,0.0,0.0
2025-12-26 00:00:00-05:00,35.849998474121094,36.22999954223633,35.33000183105469,35.400001525878906,1126600,0.0,0.0
2025-12-29 00:00:00-05:00,35.02000045776367,35.54999923706055,34.560001373291016,35.25,1146900,0.0,0.0
2025-12-30 00:00:00-05:00,34.97999954223633,35.58000183105469,34.61000061035156,34.77000045776367,851600,0.0,0.0
2025-12-31 00:00:00-05:00,35.11000061035156,35.18000030517578,34.220001220703125,34.290000915527344,1516200,0.0,0.0
2026-01-02 00:00:00-05:00,34.34000015258789,34.529998779296875,31.610000610351562,32.54999923706055,1637300,0.0,0.0
2026-01-05 00:00:00-05:00,32.97999954223633,33.45500183105469,31.809999465942383,31.860000610351562,1827800,0.0,0.0
2026-01-06 00:00:00-05:00,31.709999084472656,31.875,30.920000076293945,31.389999389648438,1883700,0.0,0.0
2026-01-07 00:00:00-05:00,31.440000534057617,32.619998931884766,31.100000381469727,31.969999313354492,2326600,0.0,0.0
2026-01-08 00:00:00-05:00,31.540000915527344,31.899999618530273,30.1200008392334,30.190000534057617,1737000,0.0,0.0
2026-01-09 00:00:00-05:00,30.190000534057617,30.850000381469727,29.5,30.06999969482422,1572500,0.0,0.0
2026-01-12 00:00:00-05:00,29.969999313354492,30.43000030517578,29.5,30.209999084472656,1581100,0.0,0.0
2026-01-13 00:00:00-05:00,30.260000228881836,30.450000762939453,28.575000762939453,29.139999389648438,1804300,0.0,0.0
2026-01-14 00:00:00-05:00,28.90999984741211,29.110000610351562,27.110000610351562,27.239999771118164,2195000,0.0,0.0
2026-01-15 00:00:00-05:00,27.239999771118164,27.649999618530273,25.440000534057617,25.479999542236328,4112600,0.0,0.0
2026-01-16 00:00:00-05:00,25.18000030517578,25.42300033569336,22.864999771118164,23.030000686645508,6067700,0.0,0.0
2026-01-20 00:00:00-05:00,23.020000457763672,24.549999237060547,22.655000686645508,24.209999084472656,5142800,0.0,0.0
2026-01-21 00:00:00-05:00,24.219999313354492,24.8700008392334,23.969999313354492,24.139999389648438,2009200,0.0,0.0
2026-01-22 00:00:00-05:00,24.459999084472656,26.110000610351562,24.40999984741211,25.829999923706055,2889600,0.0,0.0
2026-01-23 00:00:00-05:00,25.799999237060547,26.166000366210938,25.084999084472656,25.1200008392334,1843600,0.0,0.0
2026-01-26 00:00:00-05:00,25.1200008392334,26.139999389648438,25.02199935913086,25.1200008392334,2019600,0.0,0.0
2026-01-27 00:00:00-05:00,25.040000915527344,25.3700008392334,23.829999923706055,24.3700008392334,1936000,0.0,0.0
2026-01-28 00:00:00-05:00,24.760000228881836,25.059999465942383,23.639999389648438,23.770000457763672,2054600,0.0,0.0
2026-01-29 00:00:00-05:00,23.170000076293945,23.31999969482422,21.40999984741211,21.809999465942383,4673900,0.0,0.0
2026-01-30 00:00:00-05:00,22.040000915527344,22.30500030517578,20.75,20.81999969482422,3517200,0.0,0.0
2026-02-02 00:00:00-05:00,20.829999923706055,22.1200008392334,20.43000030517578,20.739999771118164,5622400,0.0,0.0
2026-02-03 00:00:00-05:00,20.739999771118164,20.739999771118164,18.434999465942383,18.93000030517578,6128200,0.0,0.0
2026-02-04 00:00:00-05:00,18.809999465942383,19.5049991607666,17.6200008392334,19.469999313354492,4270500,0.0,0.0
2026-02-05 00:00:00-05:00,18.889999389648438,19.43000030517578,17.639999389648438,17.729999542236328,2862900,0.0,0.0
2026-02-06 00:00:00-05:00,18.25,18.510000228881836,17.280000686645508,17.790000915527344,3979600,0.0,0.0
2026-02-09 00:00:00-05:00,17.610000610351562,18.209999084472656,16.8700008392334,18.110000610351562,3513300,0.0,0.0
2026-02-10 00:00:00-05:00,18.290000915527344,19.39900016784668,17.899999618530273,18.360000610351562,3563100,0.0,0.0
2026-02-11 00:00:00-05:00,18.760000228881836,18.959999084472656,17.235000610351562,17.709999084472656,5382800,0.0,0.0
2026-02-12 00:00:00-05:00,17.780000686645508,18.68000030517578,16.25,17.309999465942383,5329700,0.0,0.0
2026-02-13 00:00:00-05:00,17.440000534057617,18.260000228881836,17.350000381469727,17.600000381469727,2961500,0.0,0.0
2026-02-17 00:00:00-05:00,17.649999618530273,18.34000015258789,16.5,16.93000030517578,3149400,0.0,0.0
2026-02-18 00:00:00-05:00,16.950000762939453,17.31999969482422,16.485000610351562,17.18000030517578,2502500,0.0,0.0
2026-02-19 00:00:00-05:00,17.149999618530273,17.280000686645508,16.600000381469727,17.040000915527344,2635600,0.0,0.0
2026-02-20 00:00:00-05:00,17.100000381469727,18.079999923706055,16.709999084472656,17.15999984741211,3387100,0.0,0.0
2026-02-23 00:00:00-05:00,16.690000534057617,16.770000457763672,15.260000228881836,15.789999961853027,4272800,0.0,0.0
2026-02-24 00:00:00-05:00,15.720000267028809,17.440000534057617,15.699999809265137,17.315000534057617,2799700,0.0,0.0
2026-02-25 00:00:00-05:00,17.3799991607666,17.635000228881836,16.549999237060547,17.59000015258789,2358000,0.0,0.0
2026-02-26 00:00:00-05:00,17.799999237060547,19.309999465942383,17.65999984741211,19.200000762939453,4184100,0.0,0.0
2026-02-27 00:00:00-05:00,18.725000381469727,19.139999389648438,18.31999969482422,18.989999771118164,3706900,0.0,0.0
2026-03-02 00:00:00-05:00,18.520000457763672,19.40999984741211,18.18000030517578,18.625,2025900,0.0,0.0
2026-03-03 00:00:00-05:00,18.1299991607666,19.65999984741211,18.049999237060547,19.59000015258789,3074200,0.0,0.0
2026-03-04 00:00:00-05:00,19.579999923706055,19.8799991607666,19.06999969482422,19.360000610351562,2194400,0.0,0.0
2026-03-05 00:00:00-05:00,19.40999984741211,21.049999237060547,19.40999984741211,20.8799991607666,3251700,0.0,0.0
2026-03-06 00:00:00-05:00,20.610000610351562,20.799999237060547,19.809999465942383,20.139999389648438,2465300,0.0,0.0
2026-03-09 00:00:00-04:00,19.770000457763672,20.30900001525879,19.260000228881836,20.014999389648438,2139000,0.0,0.0
2026-03-10 00:00:00-04:00,20.0049991607666,20.0049991607666,18.450000762939453,18.690000534057617,2038700,0.0,0.0
2026-03-11 00:00:00-04:00,18.93000030517578,19.53499984741211,18.315000534057617,18.84000015258789,1609600,0.0,0.0
2026-03-12 00:00:00-04:00,18.59000015258789,19.56999969482422,18.559999465942383,18.579999923706055,2218300,0.0,0.0
2026-03-13 00:00:00-04:00,18.610000610351562,19.190000534057617,18.360000610351562,18.770000457763672,2238400,0.0,0.0
2026-03-16 00:00:00-04:00,18.90999984741211,19.200000762939453,18.520000457763672,18.969999313354492,1440400,0.0,0.0
2026-03-17 00:00:00-04:00,18.90999984741211,20.0,18.90999984741211,19.270000457763672,1200100,0.0,0.0
2026-03-18 00:00:00-04:00,18.920000076293945,19.309999465942383,18.75,18.8799991607666,1397600,0.0,0.0
2026-03-19 00:00:00-04:00,18.860000610351562,19.709999084472656,18.56999969482422,19.209999084472656,1210800,0.0,0.0
2026-03-20 00:00:00-04:00,18.790000915527344,19.18000030517578,18.079999923706055,18.329999923706055,3610400,0.0,0.0
2026-03-23 00:00:00-04:00,18.670000076293945,19.09000015258789,18.229999542236328,18.920000076293945,3336300,0.0,0.0
2026-03-24 00:00:00-04:00,18.610000610351562,18.639999389648438,17.645000457763672,18.020000457763672,5582800,0.0,0.0
2026-03-25 00:00:00-04:00,22.540000915527344,22.68000030517578,20.283000946044922,21.600000381469727,11777100,0.0,0.0
2026-03-26 00:00:00-04:00,21.790000915527344,23.329999923706055,21.729999542236328,23.309999465942383,7379900,0.0,0.0
2026-03-27 00:00:00-04:00,22.56999969482422,23.290000915527344,22.010000228881836,23.0,5644900,0.0,0.0
2026-03-30 00:00:00-04:00,23.0,23.940000534057617,22.940000534057617,23.489999771118164,4138500,0.0,0.0
2026-03-31 00:00:00-04:00,23.700000762939453,23.92300033569336,23.139999389648438,23.610000610351562,2720200,0.0,0.0
2026-04-01 00:00:00-04:00,23.93000030517578,24.229999542236328,22.75,23.579999923706055,2421400,0.0,0.0
2026-04-02 00:00:00-04:00,23.405000686645508,24.1299991607666,22.790000915527344,23.68000030517578,2886700,0.0,0.0
2026-04-06 00:00:00-04:00,23.739999771118164,23.969999313354492,23.05500030517578,23.125,1540300,0.0,0.0
2026-04-07 00:00:00-04:00,22.790000915527344,23.209999084472656,22.209999084472656,22.389999389648438,2109100,0.0,0.0
2026-04-08 00:00:00-04:00,23.059999465942383,23.190000534057617,21.450000762939453,21.469999313354492,3336200,0.0,0.0
2026-04-09 00:00:00-04:00,21.09000015258789,21.225000381469727,19.969999313354492,20.68000030517578,4592600,0.0,0.0
2026-04-10 00:00:00-04:00,20.190000534057617,20.434999465942383,18.774999618530273,18.969999313354492,5800400,0.0,0.0
2026-04-13 00:00:00-04:00,18.899999618530273,20.979999542236328,18.649999618530273,20.610000610351562,4796900,0.0,0.0
2026-04-14 00:00:00-04:00,20.649999618530273,21.5,20.219999313354492,20.510000228881836,3570400,0.0,0.0
2026-04-15 00:00:00-04:00,21.014999389648438,22.860000610351562,20.809999465942383,22.739999771118164,4639800,0.0,0.0
2026-04-16 00:00:00-04:00,23.360000610351562,23.5,22.459999084472656,22.8700008392334,4172900,0.0,0.0
2026-04-17 00:00:00-04:00,23.3799991607666,23.700000762939453,22.360000610351562,22.65999984741211,2879500,0.0,0.0
2026-04-20 00:00:00-04:00,22.75,23.770000457763672,22.75,23.729999542236328,2024300,0.0,0.0
2026-04-21 00:00:00-04:00,24.0049991607666,24.739999771118164,23.639999389648438,23.700000762939453,1972600,0.0,0.0
2026-04-22 00:00:00-04:00,24.079999923706055,24.200000762939453,23.530000686645508,24.049999237060547,1506100,0.0,0.0
2026-04-23 00:00:00-04:00,22.93000030517578,23.43000030517578,21.809999465942383,22.459999084472656,1921800,0.0,0.0
2026-04-24 00:00:00-04:00,22.549999237060547,23.56999969482422,22.420000076293945,23.270000457763672,1749700,0.0,0.0
2026-04-27 00:00:00-04:00,23.309999465942383,23.780000686645508,22.96500015258789,23.25,1132800,0.0,0.0
2026-04-28 00:00:00-04:00,22.559999465942383,23.479999542236328,22.05500030517578,22.40999984741211,3161700,0.0,0.0
2026-04-29 00:00:00-04:00,22.469999313354492,22.709999084472656,21.530000686645508,22.690000534057617,2076100,0.0,0.0
2026-04-30 00:00:00-04:00,22.31999969482422,22.489999771118164,21.739999771118164,22.030000686645508,2143580,0.0,0.0
