Date,Open,High,Low,Close,Volume,Dividends,Stock Splits
2022-01-03 00:00:00-05:00,79.54557119042197,80.84579207844907,79.15550704970398,80.26068878173828,100100,0.0,0.0
2022-01-04 00:00:00-05:00,80.68790397331358,82.60108889559311,80.68790397331358,81.0872573852539,100700,0.0,0.0
2022-01-05 00:00:00-05:00,81.20799528413316,81.70950935752259,79.66630308605076,79.70345306396484,107100,0.0,0.0
2022-01-06 00:00:00-05:00,80.53002705205992,81.34730537488,79.87063083382424,80.90151977539062,115300,0.0,0.0
2022-01-07 00:00:00-05:00,80.79936615868465,82.01599802539499,80.18640204878984,81.74666595458984,140200,0.0,0.0
2022-01-10 00:00:00-05:00,81.94169796310499,82.74039775245997,81.07798039297163,82.19245147705078,171000,0.0,0.0
2022-01-11 00:00:00-05:00,82.04382807677746,82.52677060448363,80.68788604774944,82.0345458984375,109300,0.0,0.0
2022-01-12 00:00:00-05:00,82.29460243220156,82.64287549054154,80.89222093330848,81.60734558105469,115800,0.0,0.0
2022-01-13 00:00:00-05:00,82.01599083924508,82.97722799491169,81.55627488273875,82.19245147705078,97800,0.0,0.0
2022-01-14 00:00:00-05:00,81.12441107336119,82.48128168371052,80.9851004189868,82.21102142333984,101400,0.0,0.0
2022-01-18 00:00:00-05:00,81.65377869435261,82.49892472693266,79.3133868325596,79.56414031982422,168900,0.0,0.0
2022-01-19 00:00:00-05:00,79.43413230618486,80.31642846412358,77.52559531962646,77.68812561035156,122800,0.0,0.0
2022-01-20 00:00:00-05:00,77.52093733033287,78.7654296103537,76.01639522471226,76.19285583496094,120800,0.0,0.0
2022-01-21 00:00:00-05:00,76.53647347427032,78.67254349989985,76.18820049432327,76.907958984375,156200,0.0,0.0
2022-01-24 00:00:00-05:00,76.0349841207857,79.29481516558748,76.0349841207857,78.62613677978516,244400,0.0,0.0
2022-01-25 00:00:00-05:00,79.4619769576677,80.26997298588948,77.01942451361568,78.82115936279297,244200,0.0,0.0
2022-01-26 00:00:00-05:00,79.84276776861378,80.1956819482876,76.64329927156604,78.06889343261719,173100,0.0,0.0
2022-01-27 00:00:00-05:00,78.0967450386197,79.40625510282288,76.34144944003955,77.19588470458984,148900,0.0,0.0
2022-01-28 00:00:00-05:00,77.55809350365114,79.64773194119473,75.88173882921859,78.01316833496094,145300,0.0,0.0
2022-01-31 00:00:00-05:00,77.41877789506322,78.96046291452659,77.3351886783897,78.82115936279297,234400,0.0,0.0
2022-02-01 00:00:00-05:00,78.49609250841635,78.57039245376339,76.86153622457827,78.18032836914062,138700,0.0,0.0
2022-02-02 00:00:00-05:00,78.01318772020487,78.46826266459477,77.06588784413917,78.29180908203125,172600,0.0,0.0
2022-02-03 00:00:00-05:00,78.11531862498373,79.31337868694666,77.62773497054269,77.7159652709961,1161000,0.0,0.0
2022-02-04 00:00:00-05:00,78.05032209792742,79.38769303021158,77.26090451147853,78.69114685058594,99200,0.0,0.0
2022-02-07 00:00:00-05:00,78.56112283696118,78.77473346184874,77.70669450868003,78.17105865478516,86800,0.0,0.0
2022-02-08 00:00:00-05:00,78.90474900638246,81.07797673357436,78.49146523041266,80.84579467773438,140500,0.0,0.0
2022-02-09 00:00:00-05:00,80.78078915496053,80.78078915496053,78.12462569932356,78.74687194824219,128100,0.0,0.0
2022-02-10 00:00:00-05:00,77.83670684910246,79.88919528587422,77.83670684910246,79.32267761230469,133200,0.0,0.0
2022-02-11 00:00:00-05:00,78.94189057944652,80.61360403773517,78.23048591312329,78.99761199951172,176900,0.0,0.0
2022-02-14 00:00:00-05:00,79.4619804135017,79.4991303907908,77.89243461543141,78.54254150390625,225600,0.0,0.0
2022-02-15 00:00:00-05:00,79.23909506090173,80.49287679795725,79.19265581353012,79.72203063964844,94700,0.0,0.0
2022-02-16 00:00:00-05:00,79.62916376588926,80.40000996810231,79.22052812540917,79.8241958618164,104100,0.0,0.0
2022-02-17 00:00:00-05:00,78.86759791034068,79.22051916502555,78.05960890226513,78.95118713378906,169800,0.0,0.0
2022-02-18 00:00:00-05:00,78.46825484898271,79.93564731525976,78.46825484898271,79.80562591552734,147300,0.0,0.0
2022-02-22 00:00:00-05:00,79.87063463143944,80.33499878627339,78.59641786007799,79.22052764892578,135400,0.0,0.0
2022-02-23 00:00:00-05:00,79.54557407427698,80.35821127305114,79.20194207939565,79.37840270996094,167000,0.0,0.0
2022-02-24 00:00:00-05:00,77.14018114656969,77.61383462995924,75.10627070262274,76.71296691894531,194800,0.0,0.0
2022-02-25 00:00:00-05:00,77.51166122612223,80.72506021749884,77.51166122612223,80.21426391601562,124800,0.0,0.0
2022-02-28 00:00:00-05:00,78.29179734945413,81.30087501232403,78.29179734945413,81.15227508544922,206100,0.0,0.0
2022-03-01 00:00:00-05:00,80.45572101491445,81.16155642738048,78.14318979239648,79.3041000366211,307400,0.0,0.0
2022-03-02 00:00:00-05:00,80.18636546408798,82.14598194830653,80.18636546408798,81.57017517089844,141200,0.0,0.0
2022-03-03 00:00:00-05:00,81.89525917823327,83.00973026860835,81.73737707279645,82.63824462890625,279800,0.0,0.0
2022-03-04 00:00:00-05:00,80.7900736919816,81.64450912214825,80.28855955437335,81.29158782958984,314600,0.0,0.0
2022-03-07 00:00:00-05:00,80.64145815284988,81.01295078938122,79.82417293535438,80.33497619628906,286800,0.0,0.0
2022-03-08 00:00:00-05:00,80.98509924159379,81.50519187132124,78.19891453714949,79.09049987792969,203200,0.0,0.0
2022-03-09 00:00:00-05:00,81.26371406257785,81.93239947199415,79.62915051574174,80.92008209228516,113300,0.0,0.0
2022-03-10 00:00:00-05:00,79.68488431525152,81.56091220679885,79.68488431525152,81.51447296142578,137100,0.0,0.0
2022-03-11 00:00:00-05:00,81.67236940851298,83.03760115055466,81.28229813533346,81.6909408569336,156900,0.0,0.0
2022-03-14 00:00:00-04:00,82.56394214517054,83.21404908042904,82.06242804412793,83.12117767333984,184500,0.0,0.0
2022-03-15 00:00:00-04:00,83.55768130364355,84.63500238289207,81.90547437997111,83.45552062988281,235800,0.0,0.0
2022-03-16 00:00:00-04:00,84.37494464895046,85.77732603369573,83.66910932418932,85.59158325195312,219700,0.0,0.0
2022-03-17 00:00:00-04:00,84.7928905588364,85.55444742693523,83.69699095980307,85.2108154296875,126600,0.0,0.0
2022-03-18 00:00:00-04:00,85.67519576294359,85.67519576294359,83.67842826570454,85.25727081298828,428700,0.0,0.0
2022-03-21 00:00:00-04:00,85.65660997991684,86.26956694299709,84.11491767724766,85.01578521728516,147700,0.0,0.0
2022-03-22 00:00:00-04:00,85.95379704501872,88.10844616806527,85.6937471992018,87.62550354003906,229500,0.0,0.0
2022-03-23 00:00:00-04:00,86.8546749106197,86.96612486695946,83.72486480732351,83.78058624267578,148900,0.0,0.0
2022-03-24 00:00:00-04:00,84.42141469593847,84.765039676128,83.26979344046948,84.68145751953125,94900,0.0,0.0
2022-03-25 00:00:00-04:00,84.6071251723715,86.90108462304377,84.6071251723715,86.78963470458984,172900,0.0,0.0
2022-03-28 00:00:00-04:00,87.45832815315885,88.16416353087966,86.27884652076628,87.96913146972656,245700,0.0,0.0
2022-03-29 00:00:00-04:00,88.65640296677564,89.52940983912352,87.32832120987044,88.47994232177734,217000,0.0,0.0
2022-03-30 00:00:00-04:00,89.17647405981026,89.32507396527174,87.8483925186906,88.5263671875,230900,0.0,0.0
2022-03-31 00:00:00-04:00,88.5263786227684,90.53728733433249,88.48914588613036,88.71257781982422,225600,0.23,0.0
2022-04-01 00:00:00-04:00,89.37355759133936,89.37355759133936,88.0981198895483,88.88014221191406,228000,0.0,0.0
2022-04-04 00:00:00-04:00,88.65672231223533,88.84756672441165,86.18032624263476,86.45030975341797,198100,0.0,0.0
2022-04-05 00:00:00-04:00,86.46891839171741,87.53954060351893,85.10504401045964,85.42623138427734,210400,0.0,0.0
2022-04-06 00:00:00-04:00,85.10969661592553,85.39830357312854,83.51307857896654,83.67599487304688,240000,0.0,0.0
2022-04-07 00:00:00-04:00,83.85288625842914,83.85288625842914,78.29496647361239,78.68597412109375,527500,0.0,0.0
2022-04-08 00:00:00-04:00,78.9280264915341,80.17553616541335,77.73638012427624,77.792236328125,310200,0.0,0.0
2022-04-11 00:00:00-04:00,77.79224048156905,79.5890218632877,77.79224048156905,78.29496765136719,230200,0.0,0.0
2022-04-12 00:00:00-04:00,77.96909903244813,78.75111404923486,76.55402119612296,76.8239974975586,217900,0.0,0.0
2022-04-13 00:00:00-04:00,76.34922581425276,77.03814500131915,75.62771910818748,76.61920928955078,178800,0.0,0.0
2022-04-14 00:00:00-04:00,76.60057675852855,77.40121535530734,75.97682558048062,77.36397552490234,208700,0.0,0.0
2022-04-18 00:00:00-04:00,77.205710041463,78.46252410592534,76.3585198977883,78.12737274169922,315600,0.0,0.0
2022-04-19 00:00:00-04:00,78.91871427747209,82.20506060514943,78.76045029901307,81.27408599853516,309000,0.0,0.0
2022-04-20 00:00:00-04:00,82.08402487526742,82.838119095305,81.86990470499876,82.1491928100586,157400,0.0,0.0
2022-04-21 00:00:00-04:00,82.72640105916138,82.72640105916138,79.13283864201964,79.51454162597656,266600,0.0,0.0
2022-04-22 00:00:00-04:00,79.18870643849075,79.95210541541121,78.41600282848135,78.4625473022461,168600,0.0,0.0
2022-04-25 00:00:00-04:00,77.76432033630819,79.18871057845067,76.82403384271316,78.96527862548828,184800,0.0,0.0
2022-04-26 00:00:00-04:00,77.88534419555403,78.64874313980437,76.95436952682078,77.07539367675781,192800,0.0,0.0
2022-04-27 00:00:00-04:00,76.87056286977233,78.33219252573167,75.99544458181153,76.2095718383789,173300,0.0,0.0
2022-04-28 00:00:00-04:00,76.60990118225071,77.50456641490982,75.30653531325915,76.27474975585938,145300,0.0,0.0
2022-04-29 00:00:00-04:00,75.86512521418507,76.47957191660682,74.29178282388425,74.77588653564453,176700,0.0,0.0
2022-05-02 00:00:00-04:00,74.93413814244077,75.99079622574956,73.99385897848248,75.51134490966797,218900,0.0,0.0
2022-05-03 00:00:00-04:00,75.29721708034316,76.40973135442495,74.59898618607998,75.70684814453125,114200,0.0,0.0
2022-05-04 00:00:00-04:00,76.09785441930715,78.0715229364853,75.69753509610311,77.67120361328125,113500,0.0,0.0
2022-05-05 00:00:00-04:00,76.82400404899668,77.10329920896432,74.97136698933957,75.83717346191406,133300,0.0,0.0
2022-05-06 00:00:00-04:00,75.60444327202323,75.78133071156012,73.53767860946134,74.53382110595703,188100,0.0,0.0
2022-05-09 00:00:00-04:00,73.81696352776221,74.50588261831301,73.09080460761795,73.46319580078125,207700,0.0,0.0
2022-05-10 00:00:00-04:00,73.68663309022367,74.72001535337066,72.60669926097135,74.2452163696289,205700,0.0,0.0
2022-05-11 00:00:00-04:00,74.67346282271461,75.85580439990906,73.96592022312898,74.12419128417969,126700,0.0,0.0
2022-05-12 00:00:00-04:00,74.41279887930547,74.50589491727119,72.8254855068707,74.10557556152344,156500,0.0,0.0
2022-05-13 00:00:00-04:00,74.6455436746517,75.17619891227451,74.0776486007149,74.75726318359375,135900,0.0,0.0
2022-05-16 00:00:00-04:00,74.22660814650578,75.12034291213915,73.13736246400252,73.87283325195312,114700,0.0,0.0
2022-05-17 00:00:00-04:00,74.95276207085665,76.2142285927605,74.87828240312383,76.0047607421875,133500,0.0,0.0
2022-05-18 00:00:00-04:00,74.8596749656294,75.64169026177397,73.02565376991565,73.88214874267578,258500,0.0,0.0
2022-05-19 00:00:00-04:00,72.80219537159695,74.18004061132775,72.7928907415751,73.2025146484375,184200,0.0,0.0
2022-05-20 00:00:00-04:00,73.59354131400623,74.04040512224749,71.73159220653254,73.0163345336914,171600,0.0,0.0
2022-05-23 00:00:00-04:00,74.35693985631592,74.6176115938402,72.98840613154137,73.54698944091797,183400,0.0,0.0
2022-05-24 00:00:00-04:00,73.29563469999059,73.7890501104113,72.35068892946373,73.48182678222656,163900,0.0,0.0
2022-05-25 00:00:00-04:00,73.22116072322915,74.65486259687304,73.22116072322915,74.08696746826172,123100,0.0,0.0
2022-05-26 00:00:00-04:00,74.66414682767657,75.66028918877271,74.66414682767657,75.17618560791016,103400,0.0,0.0
2022-05-27 00:00:00-04:00,75.8185686507911,76.91711888978811,75.49272188025978,76.87056732177734,99400,0.0,0.0
2022-05-31 00:00:00-04:00,76.17233926018655,78.08083997548039,75.88373941551401,77.60604095458984,159500,0.0,0.0
2022-06-01 00:00:00-04:00,77.9598055511371,77.9598055511371,75.5020333476205,76.53541564941406,86400,0.0,0.0
2022-06-02 00:00:00-04:00,76.38646704057514,78.28564893110939,76.30267563503172,78.2763442993164,81900,0.0,0.0
2022-06-03 00:00:00-04:00,77.73638295158646,77.9039586720002,76.0047695415688,76.46094512939453,119800,0.0,0.0
2022-06-06 00:00:00-04:00,77.03814369976267,77.1209975364453,75.98614501953125,75.98614501953125,133200,0.0,0.0
2022-06-07 00:00:00-04:00,75.18551464610812,76.04200961856924,74.7758835276385,75.94891357421875,114400,0.0,0.0
2022-06-08 00:00:00-04:00,75.17619594751415,75.41825132262292,73.65964043028282,73.84490203857422,132500,0.0,0.0
2022-06-09 00:00:00-04:00,73.78904177078665,74.15212126205248,71.88985291498064,71.9643325805664,164300,0.0,0.0
2022-06-10 00:00:00-04:00,71.06128476957555,71.45229235204859,70.52597017433041,71.15438079833984,175400,0.0,0.0
2022-06-13 00:00:00-04:00,70.34444646684139,73.97524923844082,70.1023981574352,72.47637939453125,351600,0.0,0.0
2022-06-14 00:00:00-04:00,73.00702348697199,73.59819432293885,72.11328875929992,72.80220794677734,221500,0.0,0.0
2022-06-15 00:00:00-04:00,73.77974700571215,73.91008289907766,72.02951707853725,72.57878875732422,191900,0.0,0.0
2022-06-16 00:00:00-04:00,71.55470256322529,72.24362172298288,70.92629191771074,71.39643859863281,189100,0.0,0.0
2022-06-17 00:00:00-04:00,72.61602938501852,73.33287680629128,70.13963317871094,70.13963317871094,764100,0.0,0.0
2022-06-21 00:00:00-04:00,71.21955116598713,72.15052569103271,70.23272044232584,71.39643859863281,158100,0.0,0.0
2022-06-22 00:00:00-04:00,70.81923473631356,71.71296946462513,70.25133968455742,71.26610565185547,151700,0.0,0.0
2022-06-23 00:00:00-04:00,70.87510268807682,71.37689942455457,69.46933597861297,70.37237548828125,140800,0.0,0.0
2022-06-24 00:00:00-04:00,70.81922822821022,72.58808115623673,70.40494486978154,72.42981719970703,471400,0.0,0.0
2022-06-27 00:00:00-04:00,73.25838529151302,73.62239523947189,72.2156913000145,72.86737060546875,132000,0.0,0.0
2022-06-28 00:00:00-04:00,73.69593801987261,74.11487366505453,72.65324411921904,72.83013153076172,99400,0.0,0.0
2022-06-29 00:00:00-04:00,72.84875363502472,72.84875363502472,71.7595151894921,72.392578125,138200,0.0,0.0
2022-06-30 00:00:00-04:00,71.30011254374557,74.49348934306619,71.21607256279323,73.69047546386719,205700,0.23,0.0
2022-07-01 00:00:00-04:00,73.04620901707972,74.3254234538459,72.48596142193448,73.88656616210938,157000,0.0,0.0
2022-07-05 00:00:00-04:00,72.55130121860746,75.66064453125,71.7669662156933,75.66064453125,295300,0.0,0.0
2022-07-06 00:00:00-04:00,75.35251575029108,76.07149668291264,74.43278493477239,75.61396789550781,120300,0.0,0.0
2022-07-07 00:00:00-04:00,76.08084072820618,76.52903018565067,75.42722101065542,75.51126098632812,123400,0.0,0.0
2022-07-08 00:00:00-04:00,75.92209328990741,76.10697837018101,74.25070452372582,74.86697387695312,115200,0.0,0.0
2022-07-11 00:00:00-04:00,74.18535589848196,74.86698662121798,73.75583799910669,74.25071716308594,100700,0.0,0.0
2022-07-12 00:00:00-04:00,73.87722848678206,75.39921629445803,73.4850537742873,73.5504150390625,145800,0.0,0.0
2022-07-13 00:00:00-04:00,73.18625603320706,73.18625603320706,71.79499080013748,71.98173522949219,122000,0.0,0.0
2022-07-14 00:00:00-04:00,70.58113205579765,71.66426971457685,70.58113205579765,71.58956909179688,110600,0.0,0.0
2022-07-15 00:00:00-04:00,72.15914648378974,74.59619901148199,72.15914648378974,74.3440933227539,147000,0.0,0.0
2022-07-18 00:00:00-04:00,75.1844485334085,75.43656133982884,73.46637705135124,73.78384399414062,163400,0.0,0.0
2022-07-19 00:00:00-04:00,74.91368929665353,76.4543489617503,72.91548645221368,75.85675811767578,250900,0.0,0.0
2022-07-20 00:00:00-04:00,75.436557563691,76.46366608297137,74.00794214496504,76.29559326171875,223200,0.0,0.0
2022-07-21 00:00:00-04:00,76.71579770676189,76.71579770676189,74.77362398976538,76.01549530029297,167400,0.0,0.0
2022-07-22 00:00:00-04:00,76.09951255913488,76.37963631379773,74.6242074157508,75.4458999633789,146300,0.0,0.0
2022-07-25 00:00:00-04:00,75.7727086775679,77.21999579256374,75.57195165142755,77.01457977294922,106400,0.0,0.0
2022-07-26 00:00:00-04:00,76.21156520920896,77.50011883734268,76.21156520920896,77.21066284179688,121100,0.0,0.0
2022-07-27 00:00:00-04:00,77.23868851855312,78.48055983917669,77.09862661135178,77.9763412475586,95700,0.0,0.0
2022-07-28 00:00:00-04:00,78.46186537753893,78.78867167954733,77.44409616216372,78.74198913574219,91200,0.0,0.0
2022-07-29 00:00:00-04:00,78.73264602844594,80.18927240451957,78.73264602844594,79.78776550292969,119200,0.0,0.0
2022-08-01 00:00:00-04:00,79.25552609079004,81.337760951264,78.90070889937593,80.63745880126953,121200,0.0,0.0
2022-08-02 00:00:00-04:00,80.44138476574194,80.7962019999928,79.81578314594067,80.0492172241211,108700,0.0,0.0
2022-08-03 00:00:00-04:00,80.64681368206425,81.13235346503404,79.33958132567035,80.82421875,87100,0.0,0.0
2022-08-04 00:00:00-04:00,81.27241376380351,81.27241376380351,79.62063676180334,80.07723236083984,102900,0.0,0.0
2022-08-05 00:00:00-04:00,80.12391555114517,81.28175377797173,80.12391555114517,81.21639251708984,81200,0.0,0.0
2022-08-08 00:00:00-04:00,81.40315298548916,81.8513496654758,80.58146738333231,80.88959503173828,86500,0.0,0.0
2022-08-09 00:00:00-04:00,81.39380671668222,81.96338653564453,80.8242268977199,81.96338653564453,145200,0.0,0.0
2022-08-10 00:00:00-04:00,83.09320218262461,83.80284385788006,82.66368428345102,83.33597564697266,142300,0.0,0.0
2022-08-11 00:00:00-04:00,84.03628710779907,84.50315536950906,83.4013459869197,84.46580505371094,76000,0.0,0.0
2022-08-12 00:00:00-04:00,85.04469867029633,86.20252961623439,84.61518085363933,86.01578521728516,126300,0.0,0.0
2022-08-15 00:00:00-04:00,85.29681003493106,86.968198875702,85.18476623759305,86.53868103027344,147700,0.0,0.0
2022-08-16 00:00:00-04:00,86.55737547608467,87.61250233855935,86.42665292877986,87.17364501953125,107200,0.0,0.0
2022-08-17 00:00:00-04:00,86.37062319526775,86.85616302360388,86.04381685659497,86.60405731201172,73600,0.0,0.0
2022-08-18 00:00:00-04:00,86.32392520451651,87.00088977691925,85.90374668440184,86.80013275146484,76800,0.0,0.0
2022-08-19 00:00:00-04:00,86.75344055615227,86.75344055615227,85.37150773742603,85.48355865478516,130300,0.0,0.0
2022-08-22 00:00:00-04:00,84.42842335289093,84.55914584766802,83.01848685581777,83.32661437988281,109200,0.0,0.0
2022-08-23 00:00:00-04:00,82.8317457533838,83.96717227792385,82.78506321300766,82.79439544677734,113900,0.0,0.0
2022-08-24 00:00:00-04:00,82.35552483769273,82.59829822917874,81.87932453465346,82.27149200439453,52700,0.0,0.0
2022-08-25 00:00:00-04:00,82.01007428138294,82.990493281587,82.01007428138294,82.86911010742188,69200,0.0,0.0
2022-08-26 00:00:00-04:00,83.29862566607346,83.29862566607346,80.93627364931444,81.04832458496094,105200,0.0,0.0
2022-08-29 00:00:00-04:00,80.33867133983986,81.3004185798429,79.42267341671112,79.48896789550781,90900,0.0,0.0
2022-08-30 00:00:00-04:00,79.48897028107638,79.48897028107638,78.31246764816716,79.08746337890625,92300,0.0,0.0
2022-08-31 00:00:00-04:00,79.75974713885974,79.75974713885974,78.34047120229144,78.76998901367188,97200,0.0,0.0
2022-09-01 00:00:00-04:00,78.83536656498546,79.45162890044018,77.71488570569856,79.3956069946289,130500,0.0,0.0
2022-09-02 00:00:00-04:00,80.09591652903624,80.16127779965277,78.06971001607981,78.63928985595703,118200,0.0,0.0
2022-09-06 00:00:00-04:00,79.05012863209413,79.05012863209413,76.3096073988051,76.92120361328125,144000,0.0,0.0
2022-09-07 00:00:00-04:00,76.9492085306139,77.51878109472065,76.10884447266922,77.41607666015625,154600,0.0,0.0
2022-09-08 00:00:00-04:00,76.78113497291626,78.60658392756817,76.26757718587318,78.31246185302734,124600,0.0,0.0
2022-09-09 00:00:00-04:00,78.39651026397979,79.38626860590738,78.19108710836984,79.13416290283203,94800,0.0,0.0
2022-09-12 00:00:00-04:00,79.29288596660348,80.09589976545155,78.58325149810175,80.0492172241211,161000,0.0,0.0
2022-09-13 00:00:00-04:00,78.87271899306658,78.87271899306658,77.03325704857647,77.5374755859375,181500,0.0,0.0
2022-09-14 00:00:00-04:00,77.86428912402691,78.03236198536764,76.64109654217428,76.78115844726562,183000,0.0,0.0
2022-09-15 00:00:00-04:00,76.92120069833904,77.95764865379935,76.43099479613863,77.20132446289062,200700,0.0,0.0
2022-09-16 00:00:00-04:00,77.36005432144286,77.72421092402816,76.11818327988638,77.67752838134766,618100,0.0,0.0
2022-09-19 00:00:00-04:00,77.2013169182912,79.8904748750433,77.2013169182912,79.8718032836914,119400,0.0,0.0
2022-09-20 00:00:00-04:00,79.03143374282419,79.86245841557196,78.44318248395481,79.53565216064453,94900,0.0,0.0
2022-09-21 00:00:00-04:00,80.13324055229057,80.68414861574188,78.72329689291853,78.78865814208984,122500,0.0,0.0
2022-09-22 00:00:00-04:00,78.77001417615361,78.77001417615361,76.80916888952945,77.16398620605469,136800,0.0,0.0
2022-09-23 00:00:00-04:00,76.44499425695813,76.68309445140193,75.61396951104517,76.36095428466797,119800,0.0,0.0
2022-09-26 00:00:00-04:00,76.01548010440511,77.54680715718942,76.01548010440511,76.51969146728516,104500,0.0,0.0
2022-09-27 00:00:00-04:00,77.07993693328761,77.75222110722812,75.72601497973977,76.15553283691406,104200,0.0,0.0
2022-09-28 00:00:00-04:00,76.41698458170875,77.33204940047567,75.68867131975318,76.54771423339844,152400,0.0,0.0
2022-09-29 00:00:00-04:00,75.7913730901128,75.7913730901128,74.63354208304182,75.165771484375,114500,0.0,0.0
2022-09-30 00:00:00-04:00,75.35305565033632,76.67339252007878,74.84739244141747,74.9129409790039,213400,0.23,0.0
2022-10-03 00:00:00-04:00,76.01790856687168,76.86068059750872,75.51224534848947,76.70149230957031,144500,0.0,0.0
2022-10-04 00:00:00-04:00,77.76899737887774,79.26351113527589,77.76899737887774,79.01441955566406,134800,0.0,0.0
2022-10-05 00:00:00-04:00,78.07801013051683,79.08933654792814,78.06396452562957,78.96760559082031,102000,0.0,0.0
2022-10-06 00:00:00-04:00,78.7990630678195,79.05189113816179,78.29339978287905,78.65859985351562,74100,0.0,0.0
2022-10-07 00:00:00-04:00,78.33084174684967,78.39170365051002,76.73893753751639,77.19778442382812,109000,0.0,0.0
2022-10-10 00:00:00-04:00,77.82518593262297,78.5649521182365,77.30079760631672,77.44125366210938,111200,0.0,0.0
2022-10-11 00:00:00-04:00,77.75027486101628,79.00507045662036,77.19310866647886,78.5087661743164,181400,0.0,0.0
2022-10-12 00:00:00-04:00,78.55557973016569,79.42644292785131,77.92349895252524,78.28401947021484,91100,0.0,0.0
2022-10-13 00:00:00-04:00,77.28207144763583,81.79557643131011,77.18093736410678,81.65511322021484,152200,0.0,0.0
2022-10-14 00:00:00-04:00,81.94539615311814,83.40619623100932,80.09598433260749,80.24112701416016,139800,0.0,0.0
2022-10-17 00:00:00-04:00,81.22434095324151,82.23566720544507,80.25983813918303,81.32734680175781,160700,0.0,0.0
2022-10-18 00:00:00-04:00,78.65859975931697,79.12680571026529,69.77205281070958,69.921875,656200,0.0,0.0
2022-10-19 00:00:00-04:00,69.88442595678292,69.88442595678292,66.32606459401202,66.78490447998047,324900,0.0,0.0
2022-10-20 00:00:00-04:00,66.2979610566516,67.63703027214636,64.5749595579373,65.11808013916016,292900,0.0,0.0
2022-10-21 00:00:00-04:00,65.80165633774405,66.41969157654405,64.19103398673846,65.79229736328125,221100,0.0,0.0
2022-10-24 00:00:00-04:00,66.27922459140197,67.64638493177921,65.95148189751957,66.88789367675781,154000,0.0,0.0
2022-10-25 00:00:00-04:00,66.61635068068288,67.87114650531096,66.5039786660984,67.3280258178711,189500,0.0,0.0
2022-10-26 00:00:00-04:00,68.05840685847221,69.6737157122012,67.61829218912328,68.4236068725586,136300,0.0,0.0
2022-10-27 00:00:00-04:00,68.7794535325134,69.88441989779972,68.24569901716148,68.44234466552734,182600,0.0,0.0
2022-10-28 00:00:00-04:00,68.67644852480605,70.41817531170693,68.55471754405178,70.20280456542969,154000,0.0,0.0
2022-10-31 00:00:00-04:00,69.2663886213134,71.15793749495631,69.07910195682773,70.53990936279297,151700,0.0,0.0
2022-11-01 00:00:00-04:00,70.58672817335527,70.59609429297556,69.49112793822896,70.06233978271484,98500,0.0,0.0
2022-11-02 00:00:00-04:00,70.1372421624423,70.91446563686158,68.98077306879263,69.15400695800781,136800,0.0,0.0
2022-11-03 00:00:00-04:00,68.3767843921623,68.43297395652975,67.21563579622133,67.31864166259766,143400,0.0,0.0
2022-11-04 00:00:00-04:00,67.99286789441003,68.77945045265123,67.48720461657393,68.6202621459961,96200,0.0,0.0
2022-11-07 00:00:00-05:00,68.94798966310412,69.44429385638098,68.31122943274855,69.35064697265625,91800,0.0,0.0
2022-11-08 00:00:00-05:00,68.97611026131781,70.02488711245176,68.91055456386546,69.5098648071289,96200,0.0,0.0
2022-11-09 00:00:00-05:00,68.78882488322905,69.7065117896441,68.70455123220204,69.16339111328125,89700,0.0,0.0
2022-11-10 00:00:00-05:00,71.46695022269404,72.76856208834919,70.50244718569472,71.27967071533203,201000,0.0,0.0
2022-11-11 00:00:00-05:00,71.23285983438366,71.81343784044898,70.06234484621234,71.05493927001953,104200,0.0,0.0
2022-11-14 00:00:00-05:00,70.25897299016599,72.99329360620033,70.01550393293547,71.74787139892578,122400,0.0,0.0
2022-11-15 00:00:00-05:00,72.08498724481771,74.34173608480933,72.08498724481771,72.90902709960938,142300,0.0,0.0
2022-11-16 00:00:00-05:00,73.39595803253846,74.2097030143057,71.28903137573751,71.71977996826172,138500,0.0,0.0
2022-11-17 00:00:00-05:00,70.87701421849042,71.09238494018642,69.80013917724433,70.66163635253906,101500,0.0,0.0
2022-11-18 00:00:00-05:00,71.64486958958794,71.64486958958794,70.37134895633916,70.4649887084961,135300,0.0,0.0
2022-11-21 00:00:00-05:00,70.64292187658786,71.06430440880698,70.08106897462048,70.69910430908203,110200,0.0,0.0
2022-11-22 00:00:00-05:00,71.30775064171708,71.50439623660228,70.56798455947992,70.94255065917969,69400,0.0,0.0
2022-11-23 00:00:00-05:00,70.87700917924232,71.68232387323019,70.36197984788211,71.37330627441406,78300,0.0,0.0
2022-11-25 00:00:00-05:00,71.7946923355072,72.02879528989004,71.12047468380379,71.71041870117188,45500,0.0,0.0
2022-11-28 00:00:00-05:00,71.56996274324868,71.56996274324868,69.37875515344167,69.7345962524414,103300,0.0,0.0
2022-11-29 00:00:00-05:00,69.35065371998984,70.52116843789004,69.17274034096232,69.23828887939453,110900,0.0,0.0
2022-11-30 00:00:00-05:00,69.03229266927087,71.17667697198283,67.98350867426024,70.9987564086914,229300,0.0,0.0
2022-12-01 00:00:00-05:00,71.4107706220889,71.93515897883495,69.66904398660462,71.80406188964844,106000,0.0,0.0
2022-12-02 00:00:00-05:00,71.1860299548828,72.14117409984291,71.1860299548828,72.11308288574219,63800,0.0,0.0
2022-12-05 00:00:00-05:00,71.5699517338422,72.28162667811075,67.16881928072458,68.236328125,159500,0.0,0.0
2022-12-06 00:00:00-05:00,68.35806944171887,68.47044144287025,67.3186516499002,67.78685760498047,143800,0.0,0.0
2022-12-07 00:00:00-05:00,67.74939128102837,68.17078087123642,67.28118538807826,67.67447662353516,87300,0.0,0.0
2022-12-08 00:00:00-05:00,68.03968637320474,68.47979392809508,67.01712197798038,68.38615417480469,113000,0.0,0.0
2022-12-09 00:00:00-05:00,67.75875152743825,69.14463684968966,67.75875152743825,68.2737808227539,98300,0.0,0.0
2022-12-12 00:00:00-05:00,68.74200247381728,68.90119078558976,67.88986419740695,68.3299789428711,94400,0.0,0.0
2022-12-13 00:00:00-05:00,70.02488014987577,70.02488014987577,66.4665192463619,66.94408416748047,182500,0.0,0.0
2022-12-14 00:00:00-05:00,66.13875727110282,66.845752692661,63.32952210857835,63.385711669921875,201300,0.0,0.0
2022-12-15 00:00:00-05:00,62.739592746551,62.739592746551,59.64006829653901,60.005271911621094,218900,0.0,0.0
2022-12-16 00:00:00-05:00,59.565167895721345,60.9136034619781,59.494936281290755,60.436031341552734,520800,0.0,0.0
2022-12-19 00:00:00-05:00,60.8199450463486,62.43057452499475,60.63266553945008,62.262020111083984,137300,0.0,0.0
2022-12-20 00:00:00-05:00,62.73958348412916,65.08061271861159,62.66466883400471,64.64986419677734,196200,0.0,0.0
2022-12-21 00:00:00-05:00,64.65924356947168,66.01703794612227,64.05057441487615,64.45323181152344,183800,0.0,0.0
2022-12-22 00:00:00-05:00,63.994387283715945,64.10675928622398,62.72087364323824,63.82583999633789,206800,0.0,0.0
2022-12-23 00:00:00-05:00,63.29206276013822,65.01693578105511,63.29206276013822,64.4063949584961,140800,0.0,0.0
2022-12-27 00:00:00-05:00,64.37831801221013,64.70606074778476,63.676009088440566,64.56559753417969,94700,0.0,0.0
2022-12-28 00:00:00-05:00,64.84652488051054,64.91207342855455,63.40444967928668,63.43254089355469,109900,0.0,0.0
2022-12-29 00:00:00-05:00,63.94756394988262,65.51136997233262,63.53554046353452,65.22108459472656,144400,0.0,0.0
2022-12-30 00:00:00-05:00,64.89202685168202,65.46554435257649,64.55356444480175,64.78861236572266,172200,0.28,0.0
2023-01-03 00:00:00-05:00,65.39033196102645,65.85102385989293,63.839014307839165,64.2056884765625,169600,0.0,0.0
2023-01-04 00:00:00-05:00,65.08005923541695,65.50314255715777,62.43812331603471,62.983428955078125,272300,0.0,0.0
2023-01-05 00:00:00-05:00,62.748385776653734,63.43472880520196,61.58255019366706,63.23728942871094,121800,0.0,0.0
2023-01-06 00:00:00-05:00,63.773185053047065,65.20227283988986,63.773185053047065,64.60995483398438,138500,0.0,0.0
2023-01-09 00:00:00-05:00,64.67578243871449,64.9390349447749,64.07406037540704,64.2244873046875,128200,0.0,0.0
2023-01-10 00:00:00-05:00,64.28089072268052,65.45613001148351,63.87660812040865,65.11766052246094,124900,0.0,0.0
2023-01-11 00:00:00-05:00,64.8826293116135,65.87453181277894,64.8826293116135,65.578369140625,136900,0.0,0.0
2023-01-12 00:00:00-05:00,65.75698283367979,67.43992614746094,65.37620649898925,67.43992614746094,139200,0.0,0.0
2023-01-13 00:00:00-05:00,66.56555767757982,68.22969339162813,66.04844950969083,67.80661010742188,106300,0.0,0.0
2023-01-17 00:00:00-05:00,68.03226123739469,68.09807435907311,66.96984736655966,67.63738250732422,120400,0.0,0.0
2023-01-18 00:00:00-05:00,67.69378932583722,67.69378932583722,65.78990006642964,66.09546661376953,167500,0.0,0.0
2023-01-19 00:00:00-05:00,66.13307591589088,66.92565964185683,65.32451771205533,66.48094940185547,130200,0.0,0.0
2023-01-20 00:00:00-05:00,67.09207187323743,67.59977618834807,66.73480165434881,67.47754669189453,170400,0.0,0.0
2023-01-23 00:00:00-05:00,67.55275530480411,68.2955074226961,66.76299791753159,67.61856842041016,143100,0.0,0.0
2023-01-24 00:00:00-05:00,65.78520632685552,65.9262364991741,60.8303926587278,60.94321823120117,480400,0.0,0.0
2023-01-25 00:00:00-05:00,60.9244185568233,62.03384493188515,60.651762132018234,61.76118850708008,245100,0.0,0.0
2023-01-26 00:00:00-05:00,61.88340034788258,62.184261322021484,61.394503954816145,62.184261322021484,241400,0.0,0.0
2023-01-27 00:00:00-05:00,62.18425752880792,63.08684039616746,61.845788056911715,62.92700958251953,165700,0.0,0.0
2023-01-30 00:00:00-05:00,62.75778729384871,63.74028576289936,62.51804102582592,63.13386535644531,181300,0.0,0.0
2023-01-31 00:00:00-05:00,63.068040052926804,64.10224914550781,62.09024014825844,64.10224914550781,376400,0.0,0.0
2023-02-01 00:00:00-05:00,63.65098604532965,65.8228341193804,63.25610718571847,64.77922058105469,223700,0.0,0.0
2023-02-02 00:00:00-05:00,65.30570452494665,67.39293092395575,65.09886123522973,67.37413024902344,137800,0.0,0.0
2023-02-03 00:00:00-05:00,67.06386166609222,68.18268467755297,67.06386166609222,67.93824005126953,184600,0.0,0.0
2023-02-06 00:00:00-05:00,67.35532102116109,67.98054925296343,66.7206888655391,67.56216430664062,156900,0.0,0.0
2023-02-07 00:00:00-05:00,67.16730298073448,68.52117426466123,66.81942944022386,68.36134338378906,232100,0.0,0.0
2023-02-08 00:00:00-05:00,67.65618307181032,68.33312213545086,67.50575615383035,67.85362243652344,224700,0.0,0.0
2023-02-09 00:00:00-05:00,68.27672035662367,68.38953876409415,67.86303373431713,68.11688232421875,268200,0.0,0.0
2023-02-10 00:00:00-05:00,67.68440415527868,68.55878279658891,67.31772993535122,68.36134338378906,197500,0.0,0.0
2023-02-13 00:00:00-05:00,67.6843858435246,68.49295112848061,67.50104878316202,68.39893341064453,137000,0.0,0.0
2023-02-14 00:00:00-05:00,68.1639039709892,68.67254806768813,67.73141661346179,68.36134338378906,311900,0.0,0.0
2023-02-15 00:00:00-05:00,67.97583783778335,69.97844284168097,67.76899459198259,69.63056945800781,192100,0.0,0.0
2023-02-16 00:00:00-05:00,68.79380455951902,69.46133960772104,68.22969114148404,69.09466552734375,120600,0.0,0.0
2023-02-17 00:00:00-05:00,69.36732140735982,69.78100792508873,68.82200866546104,69.66818237304688,257800,0.0,0.0
2023-02-21 00:00:00-05:00,69.05705328591692,69.57416140886785,68.36601205483292,68.9630355834961,152100,0.0,0.0
2023-02-22 00:00:00-05:00,69.11349412644562,69.40495125911413,68.60578974583073,68.72801208496094,237900,0.0,0.0
2023-02-23 00:00:00-05:00,69.0194626183132,69.93144236324655,68.3143189814596,69.71520233154297,178700,0.0,0.0
2023-02-24 00:00:00-05:00,69.3015127806983,69.84682555789155,69.08527275831969,69.65878295898438,184000,0.0,0.0
2023-02-27 00:00:00-05:00,70.04426538542415,70.62718668638098,69.3532240725394,69.82801818847656,137500,0.0,0.0
2023-02-28 00:00:00-05:00,69.66819080838653,70.17589509441024,69.17929436985929,69.52716064453125,203000,0.0,0.0
2023-03-01 00:00:00-05:00,69.07588587091672,69.43315613731444,67.70320683927056,68.46475982666016,196900,0.0,0.0
2023-03-02 00:00:00-05:00,68.06987378889602,68.21090396458006,65.8980262987844,66.28350830078125,273900,0.0,0.0
2023-03-03 00:00:00-05:00,66.72538088173611,67.35530736114978,65.6535633226144,67.28009033203125,139200,0.0,0.0
2023-03-06 00:00:00-05:00,67.0168355138488,67.85360520695967,66.50443297079256,66.9604263305664,192000,0.0,0.0
2023-03-07 00:00:00-05:00,66.74419786808261,66.74419786808261,65.10826653685004,65.43733215332031,231200,0.0,0.0
2023-03-08 00:00:00-05:00,65.3527180207792,65.3527180207792,63.942430666175966,64.52534484863281,231400,0.0,0.0
2023-03-09 00:00:00-05:00,64.12106027902172,64.12106027902172,60.30388491485214,60.53893280029297,360100,0.0,0.0
2023-03-10 00:00:00-05:00,59.410698249080404,60.92441069021077,56.77816282597711,59.01581954956055,401600,0.0,0.0
2023-03-13 00:00:00-04:00,54.004602138641836,56.00721117395887,49.56690039593599,54.596923828125,912400,0.0,0.0
2023-03-14 00:00:00-04:00,58.58333176256308,59.956010447422855,51.89856983978779,52.91397476196289,466200,0.0,0.0
2023-03-15 00:00:00-04:00,50.35665833939935,54.58752011529727,49.80194520754201,54.155029296875,614300,0.0,0.0
2023-03-16 00:00:00-04:00,53.39347098993781,56.96619762763545,51.93617502296785,56.27045440673828,386900,0.0,0.0
2023-03-17 00:00:00-04:00,55.20805099109162,55.20805099109162,52.556711009650556,53.102020263671875,696500,0.0,0.0
2023-03-20 00:00:00-04:00,54.18323229149316,55.79095875158314,53.647323471463174,54.258445739746094,358800,0.0,0.0
2023-03-21 00:00:00-04:00,56.50550931440679,57.248261481196636,54.93539118651674,55.537113189697266,242100,0.0,0.0
2023-03-22 00:00:00-04:00,55.499506266323536,55.79096693912246,51.39087018095355,51.597713470458984,370600,0.0,0.0
2023-03-23 00:00:00-04:00,52.096004726437435,52.096004726437435,49.80193902819562,50.21562194824219,260300,0.0,0.0
2023-03-24 00:00:00-04:00,49.397662433241855,51.813954309265455,48.927566681695694,51.541297912597656,295400,0.0,0.0
2023-03-27 00:00:00-04:00,52.650726648771055,52.650726648771055,51.28744818787758,51.296852111816406,209000,0.0,0.0
2023-03-28 00:00:00-04:00,51.37205880767153,52.20882860076332,50.86435457819596,51.76694107055664,201300,0.0,0.0
2023-03-29 00:00:00-04:00,52.3592591977531,52.43447623333906,50.95837598214837,51.71992874145508,139300,0.0,0.0
2023-03-30 00:00:00-04:00,52.13362391016001,52.13362391016001,50.281445346957256,50.75154113769531,138600,0.0,0.0
2023-03-31 00:00:00-04:00,50.86494307453438,51.75332986213763,50.48028852213394,51.630470275878906,275100,0.28,0.0
2023-04-03 00:00:00-04:00,51.50761501468218,52.35820092491332,50.184482177710834,50.770442962646484,219600,0.0,0.0
2023-04-04 00:00:00-04:00,51.23352873484614,51.23352873484614,48.64397400956185,49.64577102661133,284500,0.0,0.0
2023-04-05 00:00:00-04:00,49.125972228086404,49.57016744006726,48.1771001886761,48.43605422973633,240200,0.0,0.0
2023-04-06 00:00:00-04:00,48.209236436942476,49.23938889335278,48.17143542235402,48.908607482910156,215100,0.0,0.0
2023-04-10 00:00:00-04:00,48.70068486664223,49.697759165375174,48.535294164179945,49.36225128173828,208700,0.0,0.0
2023-04-11 00:00:00-04:00,49.4284095059947,50.22228851427183,49.21103834489165,49.711936950683594,144400,0.0,0.0
2023-04-12 00:00:00-04:00,50.01436406567031,50.01436406567031,48.388805119478455,48.54001998901367,101800,0.0,0.0
2023-04-13 00:00:00-04:00,48.74794305657792,49.60325184667717,47.807572069574256,49.20158767700195,150100,0.0,0.0
2023-04-14 00:00:00-04:00,49.95765968370782,50.24496901130746,47.311397720322226,47.727237701416016,175100,0.0,0.0
2023-04-17 00:00:00-04:00,47.63272533809558,49.385873771082565,46.93335439299671,49.031463623046875,270300,0.0,0.0
2023-04-18 00:00:00-04:00,48.82354472671849,48.82354472671849,44.570622699634136,47.50041198730469,500300,0.0,0.0
2023-04-19 00:00:00-04:00,47.67052709110231,49.598519191760786,46.97115974033668,48.57781982421875,226700,0.0,0.0
2023-04-20 00:00:00-04:00,47.972960607825705,48.228136371275184,46.446636110933994,47.16018295288086,184200,0.0,0.0
2023-04-21 00:00:00-04:00,47.566575563109886,48.294294660532216,46.933360804061266,47.93516159057617,239100,0.0,0.0
2023-04-24 00:00:00-04:00,47.79339042150443,48.69123020077853,47.39361544989632,48.56836700439453,199200,0.0,0.0
2023-04-25 00:00:00-04:00,47.85009750308619,48.350996036186224,46.12057421255759,46.29069137573242,226700,0.0,0.0
2023-04-26 00:00:00-04:00,45.98826696086714,47.264142226369145,45.54407169417155,45.950462341308594,188000,0.0,0.0
2023-04-27 00:00:00-04:00,45.95991324551663,47.424807938118796,45.74254210063666,47.301944732666016,191200,0.0,0.0
2023-04-28 00:00:00-04:00,47.2546907934812,48.067472051968565,47.216886175587184,47.727237701416016,205500,0.0,0.0
2023-05-01 00:00:00-04:00,47.72722793347799,48.60616529077163,47.42479826271524,47.51930618286133,238400,0.0,0.0
2023-05-02 00:00:00-04:00,47.12237757761313,47.12237757761313,44.16423296580907,44.77854537963867,347500,0.0,0.0
2023-05-03 00:00:00-04:00,44.920313751522386,45.95046628888754,43.43651655622312,43.69169235229492,315900,0.0,0.0
2023-05-04 00:00:00-04:00,42.737144862225186,43.01121933752896,40.36495729024731,42.15118408203125,513700,0.0,0.0
2023-05-05 00:00:00-04:00,43.994118319628846,45.11878231674859,42.81275099845059,44.967567443847656,364500,0.0,0.0
2023-05-08 00:00:00-04:00,45.619677937758674,46.00716624967275,43.918509827044346,44.07917404174805,264400,0.0,0.0
2023-05-09 00:00:00-04:00,43.927959411951804,44.22282893726772,42.41108429487071,42.793846130371094,265600,0.0,0.0
2023-05-10 00:00:00-04:00,43.48376682468897,43.56882541612749,41.38566091128374,41.8487548828125,267900,0.0,0.0
2023-05-11 00:00:00-04:00,40.875311081081804,41.10213520286937,40.161764178752115,40.23264694213867,249400,0.0,0.0
2023-05-12 00:00:00-04:00,40.1097761608413,40.33660023984754,39.17413539740082,39.665584564208984,325800,0.0,0.0
2023-05-15 00:00:00-04:00,39.675040437381924,40.544528677055844,39.50492325147283,39.845157623291016,335600,0.0,0.0
2023-05-16 00:00:00-04:00,40.05307639312164,40.32148340820316,39.29227559304923,39.391510009765625,411300,0.0,0.0
2023-05-17 00:00:00-04:00,39.958567907714304,43.56882622417918,39.67504046607644,43.37981033325195,378400,0.0,0.0
2023-05-18 00:00:00-04:00,43.39870336749097,43.39870336749097,42.19843747489731,43.020668029785156,261100,0.0,0.0
2023-05-19 00:00:00-04:00,43.17188232523242,43.41288223836578,40.64848016507757,41.62192916870117,246500,0.0,0.0
2023-05-22 00:00:00-04:00,42.04722666842495,43.03957448269186,41.3856602571647,42.58592987060547,202800,0.0,0.0
2023-05-23 00:00:00-04:00,42.90726137907806,44.50446865593578,42.378007535711035,42.88835906982422,256400,0.0,0.0
2023-05-24 00:00:00-04:00,42.14174245029239,42.61428945977975,41.02653121948242,41.02653121948242,211500,0.0,0.0
2023-05-25 00:00:00-04:00,40.51616997813935,41.1682870039822,39.7317440030959,40.109779357910156,197000,0.0,0.0
2023-05-26 00:00:00-04:00,39.79789506918501,40.42165674793759,39.33763491280394,39.88295364379883,156400,0.0,0.0
2023-05-30 00:00:00-04:00,40.13813520206888,40.308252376024534,39.24029536291333,39.52382278442383,160500,0.0,0.0
2023-05-31 00:00:00-04:00,39.39151075616695,39.39151075616695,38.058928612480386,38.0872802734375,407300,0.0,0.0
2023-06-01 00:00:00-04:00,38.49367035557612,39.452939993566716,37.4824202697415,39.09852981567383,213900,0.0,0.0
2023-06-02 00:00:00-04:00,40.23264566147083,42.74659520546177,39.816805657552095,42.538673400878906,311500,0.0,0.0
2023-06-05 00:00:00-04:00,42.53867118031294,42.53867118031294,40.06252638554857,40.49726867675781,296600,0.0,0.0
2023-06-06 00:00:00-04:00,40.59178194824712,43.85235648149283,40.31770386399163,42.6993408203125,386600,0.0,0.0
2023-06-07 00:00:00-04:00,43.616082344465845,44.54227387899374,42.888359651926734,43.568824768066406,419900,0.0,0.0
2023-06-08 00:00:00-04:00,43.35144697297044,43.47431016333581,41.42345856658365,41.68808364868164,322000,0.0,0.0
2023-06-09 00:00:00-04:00,41.74478946965918,42.08502379863955,41.19663696593816,41.7353401184082,199100,0.0,0.0
2023-06-12 00:00:00-04:00,41.92436021461546,43.271118115834646,41.66918446408236,42.28349685668945,220000,0.0,0.0
2023-06-13 00:00:00-04:00,42.330751790880626,43.86180272379839,42.07557603451988,43.663333892822266,192800,0.0,0.0
2023-06-14 00:00:00-04:00,43.55937679118529,44.56117759538347,42.255146235766325,42.38745880126953,246800,0.0,0.0
2023-06-15 00:00:00-04:00,42.113389286230245,43.79565542651981,42.113389286230245,43.6160888671875,203700,0.0,0.0
2023-06-16 00:00:00-04:00,43.88071412323506,43.88071412323506,42.36856518549978,42.7655029296875,693000,0.0,0.0
2023-06-20 00:00:00-04:00,42.21732960491578,42.61427079374448,41.91017706748696,42.415802001953125,165000,0.0,0.0
2023-06-21 00:00:00-04:00,42.02832167155194,42.19843884086255,41.045423272256585,41.121028900146484,171700,0.0,0.0
2023-06-22 00:00:00-04:00,40.96036557902586,40.96036557902586,39.09852963285527,39.391510009765625,204600,0.0,0.0
2023-06-23 00:00:00-04:00,38.512573726541554,39.36315961904245,38.40861282798624,38.49367141723633,1651400,0.0,0.0
2023-06-26 00:00:00-04:00,39.10798384160297,40.3744097227645,39.0323746044008,39.627784729003906,501300,0.0,0.0
2023-06-27 00:00:00-04:00,39.74119761002271,41.007623575008736,39.627787351959704,40.51617431640625,402300,0.0,0.0
2023-06-28 00:00:00-04:00,40.19484299061181,40.19484299061181,38.52202633095664,38.796104431152344,210600,0.0,0.0
2023-06-29 00:00:00-04:00,39.24028966496864,39.88295364987174,39.128768582913374,39.59942626953125,176600,0.0,0.0
2023-06-30 00:00:00-04:00,40.0846741483358,40.0846741483358,38.7050680096297,38.933414459228516,183100,0.28,0.0
2023-07-03 00:00:00-04:00,38.88584523741736,40.15127823764987,38.88584523741736,40.10370635986328,130700,0.0,0.0
2023-07-05 00:00:00-04:00,39.61845795249247,40.20835713533379,38.35302876756664,39.47574234008789,250500,0.0,0.0
2023-07-06 00:00:00-04:00,38.609926021580215,39.24739715441235,37.36352252654074,39.057106018066406,254300,0.0,0.0
2023-07-07 00:00:00-04:00,38.57186077135248,39.732629617508216,38.57186077135248,39.24739074707031,242300,0.0,0.0
2023-07-10 00:00:00-04:00,39.39962522578212,40.332047704116476,38.89059857614292,39.16176223754883,182500,0.0,0.0
2023-07-11 00:00:00-04:00,39.67554774042338,39.98952500211855,38.86681139096379,39.23788070678711,192200,0.0,0.0
2023-07-12 00:00:00-04:00,40.151272777929954,40.80777331291856,39.74214815149468,40.303504943847656,264800,0.0,0.0
2023-07-13 00:00:00-04:00,40.436712620551745,41.901949666588585,39.96098658972172,40.96001052856445,215700,0.0,0.0
2023-07-14 00:00:00-04:00,41.15029661045518,41.15029661045518,39.97049460198418,40.91243362426758,172500,0.0,0.0
2023-07-17 00:00:00-04:00,40.9600103219933,42.55845006788098,40.81729469116499,42.13981246948242,262700,0.0,0.0
2023-07-18 00:00:00-04:00,42.244469471948115,44.623099428037506,42.244469471948115,44.5089225769043,231500,0.0,0.0
2023-07-19 00:00:00-04:00,44.813383358601286,46.24056121880516,44.10455270429364,46.192989349365234,328200,0.0,0.0
2023-07-20 00:00:00-04:00,46.11687152354904,46.58308088936644,45.24153394953361,46.08832550048828,381600,0.0,0.0
2023-07-21 00:00:00-04:00,50.369864290933364,55.536248604616404,50.369864290933364,55.29838562011719,1122900,0.0,0.0
2023-07-24 00:00:00-04:00,55.38401013465307,57.22982900711473,53.56673728514232,54.16615295410156,621700,0.0,0.0
2023-07-25 00:00:00-04:00,54.23275913511004,54.717998014601626,52.900725002798154,53.281307220458984,349800,0.0,0.0
2023-07-26 00:00:00-04:00,54.128099196399,57.220317939159365,54.04246837834251,56.79216384887695,424100,0.0,0.0
2023-07-27 00:00:00-04:00,57.163232591842934,57.89299458203332,56.28218574073705,56.392555236816406,409400,0.0,0.0
2023-07-28 00:00:00-04:00,56.81119467586384,57.819735042604165,56.24032496155867,56.55430221557617,197500,0.0,0.0
2023-07-31 00:00:00-04:00,56.278385426390315,57.47721331052529,56.278385426390315,56.78265380859375,305500,0.0,0.0
2023-08-01 00:00:00-04:00,56.83022771984786,56.96343041958561,54.69897726504116,55.907318115234375,168900,0.0,0.0
2023-08-02 00:00:00-04:00,55.25081147668664,56.42109687674955,54.88925873885796,55.5267333984375,155700,0.0,0.0
2023-08-03 00:00:00-04:00,55.34596402836011,56.216543525536856,54.66092102014859,55.57431411743164,115000,0.0,0.0
2023-08-04 00:00:00-04:00,55.15567015925294,56.27362546358266,55.15567015925294,55.62187957763672,149500,0.0,0.0
2023-08-07 00:00:00-04:00,55.288866612088505,57.039538130486875,55.288866612088505,56.42109298706055,143000,0.0,0.0
2023-08-08 00:00:00-04:00,54.74654345670836,56.41253521886097,54.04722572617179,56.17372131347656,152400,0.0,0.0
2023-08-09 00:00:00-04:00,55.65042469977865,56.76362171005914,54.984407626264165,56.22129440307617,173200,0.0,0.0
2023-08-10 00:00:00-04:00,56.45915674192488,57.50575239589494,56.40206832044431,56.71604919433594,171500,0.0,0.0
2023-08-11 00:00:00-04:00,56.25935451885193,58.15274185670433,56.25935451885193,58.05759811401367,203800,0.0,0.0
2023-08-14 00:00:00-04:00,57.47721136898485,57.47721136898485,55.79314100495487,56.478187561035156,200900,0.0,0.0
2023-08-15 00:00:00-04:00,55.6884770784004,56.34022291934996,54.832172568661036,55.15566635131836,158600,0.0,0.0
2023-08-16 00:00:00-04:00,55.23178469480958,55.86925938545552,54.974892234056846,55.05101013183594,169800,0.0,0.0
2023-08-17 00:00:00-04:00,55.412573280159016,55.69800819136294,54.87024223051921,55.326942443847656,183900,0.0,0.0
2023-08-18 00:00:00-04:00,54.737031422835436,55.9263464016351,54.613345278281194,55.39353561401367,156700,0.0,0.0
2023-08-21 00:00:00-04:00,55.336448539224406,56.23081211849353,54.37072533358509,55.01295471191406,175800,0.0,0.0
2023-08-22 00:00:00-04:00,54.832170612684415,55.41731146237467,52.14907671144433,52.20616149902344,176200,0.0,0.0
2023-08-23 00:00:00-04:00,52.22519526335319,53.05771569264021,51.85412959559115,52.7104377746582,178100,0.0,0.0
2023-08-24 00:00:00-04:00,52.358398049295694,53.32887944422071,51.820829020570514,52.282283782958984,192200,0.0,0.0
2023-08-25 00:00:00-04:00,52.52966996594942,53.08436671864745,51.371753651636126,51.949283599853516,126900,0.0,0.0
2023-08-28 00:00:00-04:00,52.4154865310433,53.55722956340631,52.22519542073262,53.033931732177734,123000,0.0,0.0
2023-08-29 00:00:00-04:00,53.07199044539881,53.33839946867508,52.3964604086115,52.67238235473633,149100,0.0,0.0
2023-08-30 00:00:00-04:00,52.54868258521845,53.1909118256231,52.15858749160595,53.04343795776367,147700,0.0,0.0
2023-08-31 00:00:00-04:00,52.82461480055712,53.6428640908219,52.57723525119734,53.31937026977539,132000,0.0,0.0
2023-09-01 00:00:00-04:00,54.02344065553791,55.12712477431867,54.013927733001516,54.51819610595703,167200,0.0,0.0
2023-09-05 00:00:00-04:00,53.70946583822947,53.70946583822947,51.844620799298,52.034908294677734,242300,0.0,0.0
2023-09-06 00:00:00-04:00,52.272766706102075,52.62480652656353,50.198601248873864,50.70287322998047,242600,0.0,0.0
2023-09-07 00:00:00-04:00,50.360358978080804,51.05967683889695,49.42793637349317,49.57065200805664,152600,0.0,0.0
2023-09-08 00:00:00-04:00,49.80850521437054,50.093943686258804,48.866569871542275,49.979766845703125,187700,0.0,0.0
2023-09-11 00:00:00-04:00,50.189092238720825,50.69621704714498,49.4755032495447,49.665794372558594,163700,0.0,0.0
2023-09-12 00:00:00-04:00,49.94171152835217,50.35083250375674,49.45646902974287,49.979766845703125,153300,0.0,0.0
2023-09-13 00:00:00-04:00,50.18909139664134,50.44598386397472,48.676282619790015,49.08540725708008,161500,0.0,0.0
2023-09-14 00:00:00-04:00,49.7704546716913,50.208121713972346,49.313758154158734,49.665794372558594,172600,0.0,0.0
2023-09-15 00:00:00-04:00,49.22812319233334,49.65627364624916,48.49074651369881,48.87608337402344,1010700,0.0,0.0
2023-09-18 00:00:00-04:00,48.742887453192544,48.742887453192544,47.487921983246075,47.648719787597656,143700,0.0,0.0
2023-09-19 00:00:00-04:00,47.83899868713721,48.28618222584143,47.44414892095244,47.96268844604492,145600,0.0,0.0
2023-09-20 00:00:00-04:00,48.248127796801214,48.723853774595355,46.96366910855751,47.00172805786133,166000,0.0,0.0
2023-09-21 00:00:00-04:00,46.621147030464584,47.38230788873518,45.983675945882105,47.04930114746094,176100,0.0,0.0
2023-09-22 00:00:00-04:00,46.954148205393565,47.282400261093855,46.64968389817913,47.06832504272461,103600,0.0,0.0
2023-09-25 00:00:00-04:00,46.86851957325953,47.810458562820926,46.86851957325953,47.73434066772461,123600,0.0,0.0
2023-09-26 00:00:00-04:00,47.0778401552734,48.21958317521111,47.0778401552734,47.73434066772461,165300,0.0,0.0
2023-09-27 00:00:00-04:00,48.400359042397746,48.99977477925869,47.97506136200893,48.6762809753418,134500,0.0,0.0
2023-09-28 00:00:00-04:00,48.581137300106036,50.655302816980004,48.438418057490416,50.03685760498047,282000,0.0,0.0
2023-09-29 00:00:00-04:00,50.601215867062656,51.06992072460169,49.874239854859454,49.90293502807617,290500,0.28,0.0
2023-10-02 00:00:00-04:00,49.87425072242987,50.45774369783541,49.03249018501224,50.37165451049805,301100,0.0,0.0
2023-10-03 00:00:00-04:00,50.2090395001608,50.2090395001608,49.3768428746784,49.931640625,201900,0.0,0.0
2023-10-04 00:00:00-04:00,49.807279407689755,50.47686138943859,49.17596008751018,50.323814392089844,207100,0.0,0.0
2023-10-05 00:00:00-04:00,50.323821191988046,51.997774548085346,50.19946934954934,51.70124435424805,180700,0.0,0.0
2023-10-06 00:00:00-04:00,51.22297377901861,51.98820889623645,50.18033979151903,51.30906295776367,249800,0.0,0.0
2023-10-09 00:00:00-04:00,50.94557303253122,51.38558640153958,50.5725211546842,50.802093505859375,204100,0.0,0.0
2023-10-10 00:00:00-04:00,51.366449120916904,52.456909452654294,51.0125286173893,51.08905029296875,231200,0.0,0.0
2023-10-11 00:00:00-04:00,51.33775115894239,51.873417492676595,50.252074554049116,50.61077880859375,167800,0.0,0.0
2023-10-12 00:00:00-04:00,50.60122357264064,50.60122357264064,49.22379666562818,50.46730422973633,177400,0.0,0.0
2023-10-13 00:00:00-04:00,50.49600113709691,51.313846507587975,48.90813690658413,49.06118392944336,177400,0.0,0.0
2023-10-16 00:00:00-04:00,50.00815587463712,50.83078490254319,49.27161601590559,50.57251739501953,309000,0.0,0.0
2023-10-17 00:00:00-04:00,46.918519034242806,49.185529059245084,45.67501159495132,48.133331298828125,886400,0.0,0.0
2023-10-18 00:00:00-04:00,47.913333011719246,48.02811737520359,46.679389245242916,46.92809295654297,251700,0.0,0.0
2023-10-19 00:00:00-04:00,46.95678175391818,48.48725188882091,46.66981905973999,46.88982391357422,287100,0.0,0.0
2023-10-20 00:00:00-04:00,47.04287333761055,47.04287333761055,44.41237514981745,44.45063781738281,332000,0.0,0.0
2023-10-23 00:00:00-04:00,44.546285530133474,45.770661554922626,44.37410719553145,44.948036193847656,206400,0.0,0.0
2023-10-24 00:00:00-04:00,44.98630028015039,45.38805098916213,44.04888682436138,44.34541702270508,191400,0.0,0.0
2023-10-25 00:00:00-04:00,44.02019187724608,44.51759560821782,43.24538928014858,44.33584976196289,128000,0.0,0.0
2023-10-26 00:00:00-04:00,44.584553554555896,46.16763402531433,44.3568968854676,45.91415023803711,156000,0.0,0.0
2023-10-27 00:00:00-04:00,45.70370469182049,45.70370469182049,44.12062437773972,44.8045539855957,152900,0.0,0.0
2023-10-30 00:00:00-04:00,45.0819577470494,46.07676157251323,44.80455887745221,45.110652923583984,121900,0.0,0.0
2023-10-31 00:00:00-04:00,45.18717825958136,45.411963223983705,44.823690211451556,45.110652923583984,109600,0.0,0.0
2023-11-01 00:00:00-04:00,44.97673507486871,45.13934593266175,44.020190314405134,45.06282424926758,134100,0.0,0.0
2023-11-02 00:00:00-04:00,45.68457571377978,46.99504465020967,45.24456600395143,46.88025665283203,155900,0.0,0.0
2023-11-03 00:00:00-04:00,48.889004615684904,50.52469532465094,48.68813108628812,49.98902893066406,260200,0.0,0.0
2023-11-06 00:00:00-05:00,49.08031325957698,49.62554348431049,48.14289982672063,48.66899871826172,217600,0.0,0.0
2023-11-07 00:00:00-05:00,48.59246941648121,48.78377908385062,47.91332356380179,48.219417572021484,95500,0.0,0.0
2023-11-08 00:00:00-05:00,48.04723955308484,48.13811246669338,46.373286338189885,46.851558685302734,189800,0.0,0.0
2023-11-09 00:00:00-05:00,46.77503778186122,46.94625645339475,44.900207376943705,45.244564056396484,171100,0.0,0.0
2023-11-10 00:00:00-05:00,45.349788840877885,45.46457319522548,44.2727199210763,45.00543212890625,175800,0.0,0.0
2023-11-13 00:00:00-05:00,44.651509114960305,45.85675389154477,44.05845239308088,45.64631652832031,112100,0.0,0.0
2023-11-14 00:00:00-05:00,47.93245971178262,50.30469033831599,47.836803044021934,49.31945037841797,295900,0.0,0.0
2023-11-15 00:00:00-05:00,49.482060555773444,49.97946427446251,48.817262231979576,49.223793029785156,218500,0.0,0.0
2023-11-16 00:00:00-05:00,49.26205689566614,49.50119309418879,47.750714369517155,48.286380767822266,170100,0.0,0.0
2023-11-17 00:00:00-05:00,48.83160780845953,49.96033088343218,48.37246677525637,49.62554168701172,198000,0.0,0.0
2023-11-20 00:00:00-05:00,49.864677869863065,49.864677869863065,49.147269321309025,49.62554168701172,91600,0.0,0.0
2023-11-21 00:00:00-05:00,49.10901027776866,49.128141611679006,48.257685987867,48.276817321777344,99600,0.0,0.0
2023-11-22 00:00:00-05:00,49.20466023437298,49.20466023437298,47.934369663044805,48.47768783569336,90800,0.0,0.0
2023-11-24 00:00:00-05:00,48.15245715015126,48.89664876062559,48.15245715015126,48.41072463989258,33300,0.0,0.0
2023-11-27 00:00:00-05:00,47.9994152086184,49.30988047699183,47.559405505212524,48.93682861328125,127400,0.0,0.0
2023-11-28 00:00:00-05:00,49.05162058165723,49.05162058165723,48.17160103810872,48.602046966552734,136300,0.0,0.0
2023-11-29 00:00:00-05:00,48.83160704828036,50.24729279085042,48.83160704828036,49.19509506225586,149200,0.0,0.0
2023-11-30 00:00:00-05:00,49.82641551086582,49.979462522873455,48.68812858711706,48.93682861328125,153400,0.0,0.0
2023-12-01 00:00:00-05:00,49.02291720090979,52.33256107668202,48.35811890834344,52.12212371826172,213100,0.0,0.0
2023-12-04 00:00:00-05:00,51.79690440951547,54.148091795208146,51.299500656150535,53.51868438720703,216400,0.0,0.0
2023-12-05 00:00:00-05:00,53.566503351384945,53.585634683310424,52.361258631507305,52.60995864868164,149800,0.0,0.0
2023-12-06 00:00:00-05:00,53.327366107888636,55.06827714003459,52.52386842774986,52.86822509765625,153800,0.0,0.0
2023-12-07 00:00:00-05:00,53.07866563652854,53.834333156810104,52.64917582209879,53.78650665283203,161900,0.0,0.0
2023-12-08 00:00:00-05:00,53.65260021187609,54.59001371703547,53.56651103033447,54.30305099487305,112600,0.0,0.0
2023-12-11 00:00:00-05:00,53.968249416179034,55.039582091400824,53.56650239966716,54.4465217590332,157100,0.0,0.0
2023-12-12 00:00:00-05:00,54.6569615562705,54.6569615562705,53.40389038084732,53.57606506347656,157200,0.0,0.0
2023-12-13 00:00:00-05:00,54.19783185814326,58.65533077923707,53.73773474179283,58.54054641723633,273000,0.0,0.0
2023-12-14 00:00:00-05:00,59.578398108791106,63.04108957616839,59.578398108791106,62.54846954345703,386000,0.0,0.0
2023-12-15 00:00:00-05:00,63.41891046170414,64.0310984273061,61.888433249843025,62.184967041015625,1188800,0.0,0.0
2023-12-18 00:00:00-05:00,62.462374946749925,63.141520841904466,61.424517473334554,62.02235794067383,189400,0.0,0.0
2023-12-19 00:00:00-05:00,62.481512179354915,64.7580863996706,62.481512179354915,64.33721160888672,276600,0.0,0.0
2023-12-20 00:00:00-05:00,64.30850700502556,66.80508209825932,63.29456460351774,63.371089935302734,373300,0.0,0.0
2023-12-21 00:00:00-05:00,63.99286138113661,64.1267770960974,63.09848685167666,63.80154800415039,131600,0.0,0.0
2023-12-22 00:00:00-05:00,64.27980237221777,65.51374593882157,64.15545418563863,64.68155670166016,140000,0.0,0.0
2023-12-26 00:00:00-05:00,64.98766714450011,66.63292564909892,64.56678502531652,66.22161102294922,126700,0.0,0.0
2023-12-27 00:00:00-05:00,66.24072425409047,66.80508215631626,66.11637606322478,66.42247009277344,161100,0.0,0.0
2023-12-28 00:00:00-05:00,65.76245008203054,66.51812129326146,65.46592355152039,66.47029113769531,114000,0.0,0.0
2023-12-29 00:00:00-05:00,66.4510846138451,66.83536299964068,63.895646907880476,64.01092529296875,218400,0.3,0.0
2024-01-02 00:00:00-05:00,63.46333400351905,64.46245492246149,62.627536353745775,63.290409088134766,182700,0.0,0.0
2024-01-03 00:00:00-05:00,63.14630917359411,63.14630917359411,59.78388240188882,60.02405548095703,272100,0.0,0.0
2024-01-04 00:00:00-05:00,60.41792589350336,61.599580407562804,59.995222686638286,60.360286712646484,181200,0.0,0.0
2024-01-05 00:00:00-05:00,59.76466388369541,62.20482307377422,59.76466388369541,61.119239807128906,150700,0.0,0.0
2024-01-08 00:00:00-05:00,61.28255154811025,62.30088285541676,60.92709282315456,62.22402572631836,125700,0.0,0.0
2024-01-09 00:00:00-05:00,60.879069664782044,62.16639748575776,60.53321985246763,61.06160354614258,129500,0.0,0.0
2024-01-10 00:00:00-05:00,60.571647373614624,61.15767024934824,59.73584611817908,60.33147430419922,136600,0.0,0.0
2024-01-11 00:00:00-05:00,59.70702716746851,59.70702716746851,58.00660137787103,59.466854095458984,226700,0.0,0.0
2024-01-12 00:00:00-05:00,60.46597041169025,60.48518469694201,58.996112405058064,59.19785690307617,133700,0.0,0.0
2024-01-16 00:00:00-05:00,59.2843179676113,59.2843179676113,57.42538080617667,57.99699020385742,129800,0.0,0.0
2024-01-17 00:00:00-05:00,56.5559477235302,57.95856109434402,56.5559477235302,57.74720764160156,216300,0.0,0.0
2024-01-18 00:00:00-05:00,58.323627947342914,59.74545209435903,57.60310873106615,59.697418212890625,169300,0.0,0.0
2024-01-19 00:00:00-05:00,59.726236662610205,61.24893669566301,59.25549950260348,61.19609832763672,154900,0.0,0.0
2024-01-22 00:00:00-05:00,62.310497425043444,64.22227287369282,62.25285823779268,63.65546798706055,215300,0.0,0.0
2024-01-23 00:00:00-05:00,64.53929852688863,64.53929852688863,62.44018853769531,63.18471908569336,156400,0.0,0.0
2024-01-24 00:00:00-05:00,63.895643731114085,64.30874169264332,63.08865842811502,63.58822250366211,118800,0.0,0.0
2024-01-25 00:00:00-05:00,64.7506526830324,65.21178081269998,62.80044878200189,63.223148345947266,129700,0.0,0.0
2024-01-26 00:00:00-05:00,63.35764865052529,64.34716778880326,63.184723758636906,63.905242919921875,103800,0.0,0.0
2024-01-29 00:00:00-05:00,63.82839004893281,65.56724052925036,63.69389373164304,65.49999237060547,207100,0.0,0.0
2024-01-30 00:00:00-05:00,66.09563012090062,68.0554358724777,65.53169837231866,66.96985626220703,182900,0.0,0.0
2024-01-31 00:00:00-05:00,65.56724636921952,67.97858598025967,64.2414936966378,64.5008773803711,355800,0.0,0.0
2024-02-01 00:00:00-05:00,65.27904427336051,65.27904427336051,60.53322523662223,62.96377944946289,222800,0.0,0.0
2024-02-02 00:00:00-05:00,61.0423859704283,62.377747601196624,60.70614148668982,61.99346923828125,250300,0.0,0.0
2024-02-05 00:00:00-05:00,60.87907114857087,61.02317646213088,58.39087789905399,58.458126068115234,227100,0.0,0.0
2024-02-06 00:00:00-05:00,58.16030969432194,59.07296806476854,57.34371908297494,57.98738479614258,195600,0.0,0.0
2024-02-07 00:00:00-05:00,58.141094149575224,58.141094149575224,55.768183170787495,57.46860885620117,194700,0.0,0.0
2024-02-08 00:00:00-05:00,57.27647555723448,58.093066234713696,56.579975085480505,58.04502868652344,194500,0.0,0.0
2024-02-09 00:00:00-05:00,58.01620613340878,60.8070160307488,57.30529589931969,60.11051559448242,266700,0.0,0.0
2024-02-12 00:00:00-05:00,60.25462390909409,62.82927963807582,60.216195336482336,62.07994079589844,217000,0.0,0.0
2024-02-13 00:00:00-05:00,59.05375111196681,60.13933066679649,56.824945485851984,57.83367156982422,336200,0.0,0.0
2024-02-14 00:00:00-05:00,58.16991333495161,60.696534906062304,58.02581170043769,60.350685119628906,188400,0.0,0.0
2024-02-15 00:00:00-05:00,60.94631288876,64.47205522859797,60.94631288876,64.12620544433594,233100,0.0,0.0
2024-02-16 00:00:00-05:00,62.886904456066,63.95807410330519,62.62752081210864,63.261573791503906,171400,0.0,0.0
2024-02-20 00:00:00-05:00,62.079936240510044,62.26919126637244,60.81181909062834,60.927101135253906,189000,0.0,0.0
2024-02-21 00:00:00-05:00,60.54282201333138,60.54282201333138,59.534095950784064,60.2161865234375,145600,0.0,0.0
2024-02-22 00:00:00-05:00,59.88955382517952,60.59566320130153,59.25549709933017,59.70702362060547,170300,0.0,0.0
2024-02-23 00:00:00-05:00,59.55331530044591,61.02317329763346,58.909649575273804,60.514007568359375,99200,0.0,0.0
2024-02-26 00:00:00-05:00,59.95680398813841,60.863697718968005,58.803972539571106,59.601348876953125,140300,0.0,0.0
2024-02-27 00:00:00-05:00,60.158543477440396,60.40352101025209,59.75505451963276,59.985618591308594,103100,0.0,0.0
2024-02-28 00:00:00-05:00,58.996106478600026,60.29592361054378,58.996106478600026,59.5148811340332,108300,0.0,0.0
2024-02-29 00:00:00-05:00,61.15767280230385,61.748500190219225,60.11051802935043,60.706146240234375,148400,0.0,0.0
2024-03-01 00:00:00-05:00,60.16815095970464,60.17775626880721,58.486939681024204,59.89915466308594,127200,0.0,0.0
2024-03-04 00:00:00-05:00,60.110516424784855,61.02797932283983,58.544586962498755,59.034542083740234,157000,0.0,0.0
2024-03-05 00:00:00-05:00,58.50615735997116,62.21442989626736,57.99698799398622,61.87818908691406,163600,0.0,0.0
2024-03-06 00:00:00-05:00,61.92621969224438,63.12228414612766,60.49479033507281,61.91661071777344,226100,0.0,0.0
2024-03-07 00:00:00-05:00,62.944543778987835,63.47292737092458,61.79171617957929,62.37773895263672,141100,0.0,0.0
2024-03-08 00:00:00-05:00,64.29913181508866,64.29913181508866,62.108754684059214,62.87730407714844,124100,0.0,0.0
2024-03-11 00:00:00-04:00,62.79083945417742,63.30961409425318,62.50262887763552,62.752410888671875,121300,0.0,0.0
2024-03-12 00:00:00-04:00,62.41617902606595,62.651543945376034,61.00396019220352,61.48430633544922,135200,0.0,0.0
2024-03-13 00:00:00-04:00,61.263346076710754,62.62753099640712,61.21819269010898,61.39784240722656,131600,0.0,0.0
2024-03-14 00:00:00-04:00,60.773388085203294,60.773388085203294,58.89523670508463,59.21706771850586,310000,0.0,0.0
2024-03-15 00:00:00-04:00,59.034542446303654,60.254622104559594,58.66947834692582,59.28432083129883,690600,0.0,0.0
2024-03-18 00:00:00-04:00,59.495674567716556,60.07208848312956,58.736726769447536,58.85200881958008,162600,0.0,0.0
2024-03-19 00:00:00-04:00,58.803966269967866,59.30352663324288,58.26598100547919,58.34283447265625,174400,0.0,0.0
2024-03-20 00:00:00-04:00,58.304413385199545,61.74849800787334,57.94895826631942,61.25373840332031,184600,0.0,0.0
2024-03-21 00:00:00-04:00,61.55155155553658,62.675559717839384,61.47469808196676,62.435386657714844,159100,0.0,0.0
2024-03-22 00:00:00-04:00,62.81005374036331,62.81005374036331,60.979936262089666,61.40744400024414,122200,0.0,0.0
2024-03-25 00:00:00-04:00,61.76290631530705,62.555474498524944,61.071206714934924,61.167274475097656,67900,0.0,0.0
2024-03-26 00:00:00-04:00,61.74368965922113,61.75329863428881,60.85024920968806,61.234527587890625,135700,0.0,0.0
2024-03-27 00:00:00-04:00,61.49391310117671,63.80917761709623,61.49391310117671,63.58822250366211,146200,0.0,0.0
2024-03-28 00:00:00-04:00,63.39520878665454,64.85245362559257,62.816163105547005,64.04180145263672,172900,0.3,0.0
2024-04-01 00:00:00-04:00,63.79088817024561,63.79088817024561,62.02964491875089,63.298702239990234,200100,0.0,0.0
2024-04-02 00:00:00-04:00,62.266072575605676,62.45909024756056,59.612144011350246,60.4807014465332,291600,0.0,0.0
2024-04-03 00:00:00-04:00,60.04642673573166,61.11765092439199,59.9692196641646,60.74127197265625,129000,0.0,0.0
2024-04-04 00:00:00-04:00,61.78354211770183,62.710012257495464,60.16995406973191,60.374549865722656,188300,0.0,0.0
2024-04-05 00:00:00-04:00,60.171878795805235,60.90050484028204,59.39982653747,60.67371368408203,265100,0.0,0.0
2024-04-08 00:00:00-04:00,61.040438450680654,62.52664131389392,60.15257929485069,62.25642395019531,107500,0.0,0.0
2024-04-09 00:00:00-04:00,62.66175681273996,63.81018809626825,62.44075285439774,63.24079513549805,99100,0.0,0.0
2024-04-10 00:00:00-04:00,60.91498390104787,60.91498390104787,56.741071412063455,57.643409729003906,358300,0.0,0.0
2024-04-11 00:00:00-04:00,58.15489282505468,58.50231727734625,56.779674102597,58.309303283691406,181700,0.0,0.0
2024-04-12 00:00:00-04:00,57.653059448681,58.2513994934379,56.900305269601716,57.479347229003906,130100,0.0,0.0
2024-04-15 00:00:00-04:00,57.91362854470344,57.97153384952164,56.224762475915966,57.498653411865234,173700,0.0,0.0
2024-04-16 00:00:00-04:00,56.64939420072317,57.96188499608397,56.075178557393855,57.06437301635742,123900,0.0,0.0
2024-04-17 00:00:00-04:00,57.691661711067546,57.93292828387253,56.55288319291318,56.803802490234375,139900,0.0,0.0
2024-04-18 00:00:00-04:00,56.82310023819117,57.49382096862768,56.67351247025754,56.987159729003906,155400,0.0,0.0
2024-04-19 00:00:00-04:00,56.88100373653677,58.41545922903253,56.88100373653677,58.11629104614258,189700,0.0,0.0
2024-04-22 00:00:00-04:00,58.53127461317857,59.58319706419954,57.73992051403646,59.158565521240234,142800,0.0,0.0
2024-04-23 00:00:00-04:00,62.4301438654294,64.65944475380735,60.244265513808685,60.43245315551758,414900,0.0,0.0
2024-04-24 00:00:00-04:00,60.104331323148614,60.96323978880857,59.361229789116656,60.83778381347656,188900,0.0,0.0
2024-04-25 00:00:00-04:00,59.96921860962486,60.075376490444924,58.598826246329565,59.12961196899414,293800,0.0,0.0
2024-04-26 00:00:00-04:00,59.1006612013968,59.66039773507941,58.58917356447658,58.627777099609375,131900,0.0,0.0
2024-04-29 00:00:00-04:00,58.8690451722561,58.8690451722561,57.199480890290644,57.228431701660156,187600,0.0,0.0
2024-04-30 00:00:00-04:00,56.84240889208303,57.38767004880383,56.388826534275324,56.90031051635742,174700,0.0,0.0
2024-05-01 00:00:00-04:00,57.508296750158756,59.853407981828326,57.18017408494553,58.1934928894043,220000,0.0,0.0
2024-05-02 00:00:00-04:00,59.2550716574323,59.554239851106686,57.75921596331743,59.448081970214844,154600,0.0,0.0
2024-05-03 00:00:00-04:00,60.74127459768434,60.80882894750708,59.94992048710132,60.6351203918457,136400,0.0,0.0
2024-05-06 00:00:00-04:00,61.19485687677817,61.880056780600185,60.80882886565128,61.204505920410156,128100,0.0,0.0
2024-05-07 00:00:00-04:00,61.52297475278872,62.024805973853965,60.91498197148859,60.98253631591797,130200,0.0,0.0
2024-05-08 00:00:00-04:00,60.25873911031142,61.60018437449078,60.25873911031142,61.12730026245117,101600,0.0,0.0
2024-05-09 00:00:00-04:00,61.088693843737204,62.44943713025283,60.80882374331734,62.35293197631836,156600,0.0,0.0
2024-05-10 00:00:00-04:00,62.37223459433592,62.681055527089974,61.35891936008287,62.50734329223633,133700,0.0,0.0
2024-05-13 00:00:00-04:00,62.72931072565851,63.134636812488935,62.34328272554165,62.40119171142578,138100,0.0,0.0
2024-05-14 00:00:00-04:00,63.771582527681254,64.14312774991298,63.057428168259435,64.05145263671875,139900,0.0,0.0
2024-05-15 00:00:00-04:00,65.14197362749132,65.46044726564818,63.16358481661896,63.76192855834961,141100,0.0,0.0
2024-05-16 00:00:00-04:00,63.31799941655405,63.443455382710134,62.864417085485385,62.96092224121094,98300,0.0,0.0
2024-05-17 00:00:00-04:00,63.375908038208514,63.930825629954185,63.28905559732283,63.69438171386719,96500,0.0,0.0
2024-05-20 00:00:00-04:00,63.684718570998484,63.684718570998484,62.748603148150146,62.845115661621094,115000,0.0,0.0
2024-05-21 00:00:00-04:00,62.55560187732711,63.54961906145513,62.31433528456314,63.018836975097656,84500,0.0,0.0
2024-05-22 00:00:00-04:00,62.75825711881757,62.98987095743277,61.272057890302484,61.88005065917969,123600,0.0,0.0
2024-05-23 00:00:00-04:00,62.102019817492454,62.102019817492454,60.01747659277562,60.442108154296875,120700,0.0,0.0
2024-05-24 00:00:00-04:00,60.673723691047165,60.96324287549406,60.303139282212584,60.5000114440918,131900,0.0,0.0
2024-05-28 00:00:00-04:00,61.03079272727857,61.03079272727857,59.36122483524511,59.72795104980469,106200,0.0,0.0
2024-05-29 00:00:00-04:00,58.57952309171566,58.796661529025606,57.68201116967941,57.95222854614258,177100,0.0,0.0
2024-05-30 00:00:00-04:00,58.975205711178226,59.863064993219645,58.318960293392834,59.58319854736328,141500,0.0,0.0
2024-05-31 00:00:00-04:00,59.93061334984573,60.4517500144548,58.844913805961305,59.64109420776367,137000,0.0,0.0
2024-06-03 00:00:00-04:00,60.615815386528205,60.615815386528205,57.82677069824729,58.010135650634766,132000,0.0,0.0
2024-06-04 00:00:00-04:00,57.30564105060943,57.932931970964326,56.847232324243485,57.23808670043945,135100,0.0,0.0
2024-06-05 00:00:00-04:00,57.86537308323715,58.62777632558355,56.948559383833896,58.222450256347656,110200,0.0,0.0
2024-06-06 00:00:00-04:00,57.98118635714116,59.04275783811304,57.63376189240539,58.753238677978516,125500,0.0,0.0
2024-06-07 00:00:00-04:00,57.884674673177265,58.63742518884344,57.53725022550498,57.90397644042969,143500,0.0,0.0
2024-06-10 00:00:00-04:00,56.98716703747398,58.13559834618869,56.47568305177238,57.3538932800293,256000,0.0,0.0
2024-06-11 00:00:00-04:00,56.93891468259807,57.69649162052435,56.46603055099551,57.1705322265625,165400,0.0,0.0
2024-06-12 00:00:00-04:00,60.01747419782282,60.56756171562809,58.46372048700894,58.97520446777344,155400,0.0,0.0
2024-06-13 00:00:00-04:00,59.07170636125952,59.36026097402081,57.392493088670435,57.92327880859375,109200,0.0,0.0
2024-06-14 00:00:00-04:00,56.94855966547052,57.42144376335337,56.66869324165791,57.102970123291016,140400,0.0,0.0
2024-06-17 00:00:00-04:00,56.87135174685678,58.05838273706112,56.66868872738089,58.019779205322266,110600,0.0,0.0
2024-06-18 00:00:00-04:00,57.846073536717796,58.83044161878498,57.759217421199054,57.98118591308594,151000,0.0,0.0
2024-06-20 00:00:00-04:00,57.855724979814084,58.56987197476069,57.17052879558712,57.373191833496094,144200,0.0,0.0
2024-06-21 00:00:00-04:00,57.26703036265923,57.42144081254478,56.58183422138178,56.687992095947266,660000,0.0,0.0
2024-06-24 00:00:00-04:00,57.26703281265106,58.95589879115525,56.67834179682846,58.40581130981445,157800,0.0,0.0
2024-06-25 00:00:00-04:00,57.86537220400041,58.49556035547677,57.247730385157716,57.315284729003906,103700,0.0,0.0
2024-06-26 00:00:00-04:00,57.03541659496989,57.498651656501735,56.70729390722236,56.93891143798828,177300,0.0,0.0
2024-06-27 00:00:00-04:00,57.238082381195916,58.618127455847464,56.466026412194665,58.60847473144531,182600,0.0,0.0
2024-06-28 00:00:00-04:00,59.51563514278508,61.262406417945805,59.168214377763526,60.98253631591797,714000,0.0,0.0
2024-07-01 00:00:00-04:00,60.730428478758064,61.637067491876316,59.89651175086529,60.66255187988281,271000,0.3,0.0
2024-07-02 00:00:00-04:00,60.584975416514936,61.67100467790908,60.55588650294992,60.90496826171875,138200,0.0,0.0
2024-07-03 00:00:00-04:00,60.74011883729194,61.0019301407799,59.73166130511542,59.85771942138672,86200,0.0,0.0
2024-07-05 00:00:00-04:00,59.47955179452905,60.19710914785337,59.014110686560755,59.072288513183594,138200,0.0,0.0
2024-07-08 00:00:00-04:00,59.70257953920747,60.53649630220523,58.53897483965238,58.55836868286133,135300,0.0,0.0
2024-07-09 00:00:00-04:00,58.36442893280705,59.615303969779426,58.36442893280705,59.33409881591797,127000,0.0,0.0
2024-07-10 00:00:00-04:00,59.27591701258057,61.031017015877275,59.27591701258057,60.934051513671875,183500,0.0,0.0
2024-07-11 00:00:00-04:00,62.84430175541803,65.42362715441972,62.11704935467613,65.23938751220703,369400,0.0,0.0
2024-07-12 00:00:00-04:00,66.00542571205393,67.45993047203572,65.39453637613933,66.35450744628906,389100,0.0,0.0
2024-07-15 00:00:00-04:00,67.25630668815442,70.03926204025052,67.25630668815442,68.7302017211914,371800,0.0,0.0
2024-07-16 00:00:00-04:00,70.11682416086727,79.01839363849228,68.7495935256667,77.64146423339844,1209700,0.0,0.0
2024-07-17 00:00:00-04:00,76.3421157402162,79.47414542595449,76.16757485942004,76.46817016601562,544700,0.0,0.0
2024-07-18 00:00:00-04:00,75.2657595092762,76.81722944108716,74.19911699553847,75.04273223876953,381500,0.0,0.0
2024-07-19 00:00:00-04:00,74.76154267949761,76.61846129831613,74.51912522113479,75.12032318115234,236400,0.0,0.0
2024-07-22 00:00:00-04:00,75.09122616256694,77.41842759319768,73.61441662075521,76.58451843261719,272300,0.0,0.0
2024-07-23 00:00:00-04:00,75.71182776641105,79.10567242532657,75.53728688803277,77.85479736328125,356200,0.0,0.0
2024-07-24 00:00:00-04:00,77.83539155895252,78.53355499834507,75.30456018814473,75.4887924194336,249300,0.0,0.0
2024-07-25 00:00:00-04:00,75.44031709482456,79.55268431398517,75.44031709482456,77.68025207519531,309300,0.0,0.0
2024-07-26 00:00:00-04:00,78.45600193175683,79.134767961145,77.48633194806236,78.09722137451172,219300,0.0,0.0
2024-07-29 00:00:00-04:00,78.02932523100455,78.05841413955159,75.79908186782015,75.82817077636719,200800,0.0,0.0
2024-07-30 00:00:00-04:00,76.64269624898508,77.24873982946036,75.39182141112494,76.58451843261719,171900,0.0,0.0
2024-07-31 00:00:00-04:00,76.51665718573935,79.99292297242441,75.57122309228572,77.80631256103516,284500,0.0,0.0
2024-08-01 00:00:00-04:00,76.8366444649034,78.01964298293812,73.20038216667925,74.87791442871094,367200,0.0,0.0
2024-08-02 00:00:00-04:00,71.31921497136477,73.52036210737785,69.99076471520249,73.28764343261719,326400,0.0,0.0
2024-08-05 00:00:00-04:00,69.54471954614722,73.11310472179204,68.04172839032647,71.6973876953125,603600,0.0,0.0
2024-08-06 00:00:00-04:00,71.10588860803588,73.35552226072436,70.43681407492811,72.32766723632812,233000,0.0,0.0
2024-08-07 00:00:00-04:00,73.44279500629372,73.89854103584726,69.99077258362377,71.23194885253906,260500,0.0,0.0
2024-08-08 00:00:00-04:00,72.47313029880642,72.93857513189728,70.9362043093001,72.15314483642578,168400,0.0,0.0
2024-08-09 00:00:00-04:00,72.19192554883186,72.19192554883186,70.34955854358414,71.16407775878906,140400,0.0,0.0
2024-08-12 00:00:00-04:00,71.71678316164126,72.5991863000899,69.6126013056401,69.89380645751953,143800,0.0,0.0
2024-08-13 00:00:00-04:00,70.93135355559698,71.46466755346215,69.4186635046116,71.23194885253906,136500,0.0,0.0
2024-08-14 00:00:00-04:00,71.67798983235424,71.67798983235424,70.41742353129325,71.61981201171875,144900,0.0,0.0
2024-08-15 00:00:00-04:00,74.23792666288203,74.90700127463502,72.96766143580952,73.11311340332031,213500,0.0,0.0
2024-08-16 00:00:00-04:00,73.01613003903327,75.05243489233855,72.66704836155321,74.54820251464844,180000,0.0,0.0
2024-08-19 00:00:00-04:00,74.6451874619127,76.8317902855968,74.6451874619127,76.34210968017578,186100,0.0,0.0
2024-08-20 00:00:00-04:00,75.95424802576916,75.95424802576916,74.34459237750958,74.72276306152344,140100,0.0,0.0
2024-08-21 00:00:00-04:00,75.09124026178188,75.94454712003147,74.27671368973037,75.7990951538086,147400,0.0,0.0
2024-08-22 00:00:00-04:00,75.62454865273509,76.23059230195433,75.19789895432051,75.27546691894531,92100,0.0,0.0
2024-08-23 00:00:00-04:00,76.26453238304038,81.07409377476075,75.52273556685529,79.15414428710938,254400,0.0,0.0
2024-08-26 00:00:00-04:00,80.05593753397841,80.41956371448957,78.01963240271465,78.04872131347656,175900,0.0,0.0
2024-08-27 00:00:00-04:00,77.57359361134407,78.52387338820057,76.78816334338741,77.68995666503906,113600,0.0,0.0
2024-08-28 00:00:00-04:00,77.56389835942792,78.87780441594357,77.41844638520928,78.22327423095703,143400,0.0,0.0
2024-08-29 00:00:00-04:00,78.96021597797773,79.01839380146978,77.58328657004392,77.68025207519531,186100,0.0,0.0
2024-08-30 00:00:00-04:00,77.80631140049529,78.64992688431889,77.02088114182821,78.6014404296875,132000,0.0,0.0
2024-09-03 00:00:00-04:00,77.33116840974583,78.91172755847923,76.0899922195756,76.54573822021484,252600,0.0,0.0
2024-09-04 00:00:00-04:00,76.28393865923121,77.38936188963153,74.94579669558745,76.662109375,160000,0.0,0.0
2024-09-05 00:00:00-04:00,77.69964057243944,77.69964057243944,75.30456231411938,75.55667114257812,93600,0.0,0.0
2024-09-06 00:00:00-04:00,76.18695553274176,76.67179043046775,73.7724798135045,74.30579376220703,106000,0.0,0.0
2024-09-09 00:00:00-04:00,74.38337919938151,75.01366613142,73.40401050184462,74.45125579833984,148000,0.0,0.0
2024-09-10 00:00:00-04:00,74.49973970751101,74.49973970751101,71.98829083590402,73.71430206298828,180400,0.0,0.0
2024-09-11 00:00:00-04:00,72.60888537258866,73.51067874908212,70.87317522221974,72.73494720458984,184300,0.0,0.0
2024-09-12 00:00:00-04:00,73.4427987289033,74.21369194890052,72.50221770925465,74.01490783691406,147100,0.0,0.0
2024-09-13 00:00:00-04:00,75.36274345785796,76.18696136751615,74.9069974354133,75.9736328125,189800,0.0,0.0
2024-09-16 00:00:00-04:00,76.15787665090085,77.83540147505015,74.99912138867249,77.80631256103516,159200,0.0,0.0
2024-09-17 00:00:00-04:00,78.6305290379707,80.56986884778716,77.83540001186573,79.03779602050781,292200,0.0,0.0
2024-09-18 00:00:00-04:00,79.53231780347221,83.7600789392699,78.0196352055608,80.5213851928711,373800,0.0,0.0
2024-09-19 00:00:00-04:00,82.42194576539855,83.83766300490369,81.29227938567814,83.634033203125,534900,0.0,0.0
2024-09-20 00:00:00-04:00,83.41099820539256,83.4691834277005,81.45226834088388,81.93710327148438,677100,0.0,0.0
2024-09-23 00:00:00-04:00,82.01468398019641,82.46073125765523,80.52139140888063,80.68623352050781,231100,0.0,0.0
2024-09-24 00:00:00-04:00,80.57956317968441,81.09348701729805,77.74812898883583,77.75782775878906,208200,0.0,0.0
2024-09-25 00:00:00-04:00,78.24266284135625,78.24266284135625,76.43907632212007,76.72997283935547,203700,0.0,0.0
2024-09-26 00:00:00-04:00,78.1456989961479,78.1456989961479,76.51666055560874,76.52635192871094,164000,0.0,0.0
2024-09-27 00:00:00-04:00,77.44753369597895,78.52386782289167,76.20635007184993,76.6911849975586,162000,0.0,0.0
2024-09-30 00:00:00-04:00,76.70090320825382,78.54327787251694,76.27425339612662,78.00995635986328,139900,0.0,0.0
2024-10-01 00:00:00-04:00,77.71794667128015,77.71794667128015,74.7250543305835,75.27496337890625,137800,0.3,0.0
2024-10-02 00:00:00-04:00,74.9635145471335,76.69793920054812,74.9635145471335,75.75189208984375,94100,0.0,0.0
2024-10-03 00:00:00-04:00,75.11924568269686,76.25800416356996,74.83698797428059,75.88815307617188,96600,0.0,0.0
2024-10-04 00:00:00-04:00,77.28971008696384,78.01481339848905,76.60353221742427,77.66929626464844,102200,0.0,0.0
2024-10-07 00:00:00-04:00,77.94182243619596,77.94182243619596,75.49300212676901,76.15094757080078,204600,0.0,0.0
2024-10-08 00:00:00-04:00,76.66678898980243,77.8639504959795,75.47936998231411,75.49883270263672,123200,0.0,0.0
2024-10-09 00:00:00-04:00,75.05111356063813,77.22156695530201,74.8379592799791,76.50132751464844,164700,0.0,0.0
2024-10-10 00:00:00-04:00,75.67401765570833,77.24103006231213,75.27009757070832,76.18013000488281,199800,0.0,0.0
2024-10-11 00:00:00-04:00,76.50132749718756,80.22906579337611,76.1898720019205,79.8397445678711,175400,0.0,0.0
2024-10-14 00:00:00-04:00,79.77161834365518,81.8642135495668,79.19250400956375,81.25103759765625,115100,0.0,0.0
2024-10-15 00:00:00-04:00,81.3483549509067,84.78410019359002,81.14396299483116,82.75963592529297,185300,0.0,0.0
2024-10-16 00:00:00-04:00,83.58694841547458,85.48488666947671,83.3416780400322,85.2804946899414,214600,0.0,0.0
2024-10-17 00:00:00-04:00,85.44595383487237,86.48738387899836,84.48238952365122,85.23182678222656,164200,0.0,0.0
2024-10-18 00:00:00-04:00,85.19289834053997,85.19289834053997,82.93289841924441,83.40203094482422,176600,0.0,0.0
2024-10-21 00:00:00-04:00,83.43121971328608,83.50908544181078,80.43831981964716,80.59891510009766,249000,0.0,0.0
2024-10-22 00:00:00-04:00,81.27049802504631,83.35822192257996,80.45779393587804,82.214599609375,268200,0.0,0.0
2024-10-23 00:00:00-04:00,81.48462570326285,82.33139141580514,80.86657851457365,81.93234252929688,186400,0.0,0.0
2024-10-24 00:00:00-04:00,82.17566555625135,83.14896491973855,81.13423553434744,82.74018096923828,186600,0.0,0.0
2024-10-25 00:00:00-04:00,83.48961570723905,83.48961570723905,80.19986663058718,80.48212432861328,208900,0.0,0.0
2024-10-28 00:00:00-04:00,81.60142081690314,84.18553704651333,81.60142081690314,83.50909423828125,181000,0.0,0.0
2024-10-29 00:00:00-04:00,82.74017413798171,83.76213392985655,81.69874420206114,82.39952087402344,351500,0.0,0.0
2024-10-30 00:00:00-04:00,81.84473229424871,84.34611855427121,81.84473229424871,82.720703125,176500,0.0,0.0
2024-10-31 00:00:00-04:00,82.46766253802534,83.25116886258648,80.8325192270145,80.92011260986328,152200,0.0,0.0
2024-11-01 00:00:00-04:00,82.01020026971018,82.95430176929372,80.92010239146289,82.0588607788086,207100,0.0,0.0
2024-11-04 00:00:00-05:00,81.25103530479677,83.38255589215558,80.37506437986887,82.214599609375,264000,0.0,0.0
2024-11-05 00:00:00-05:00,82.38977445458498,84.54076468296527,82.38977445458498,84.11251068115234,164400,0.0,0.0
2024-11-06 00:00:00-05:00,89.5435390232013,95.38333504645355,89.34888212603342,93.69952392578125,791300,0.0,0.0
2024-11-07 00:00:00-05:00,93.27128310522687,94.39057889821656,90.38058270466296,91.19815063476562,296000,0.0,0.0
2024-11-08 00:00:00-05:00,91.29548906038126,94.87723124239368,91.22054161852314,93.41728210449219,253000,0.0,0.0
2024-11-11 00:00:00-05:00,95.67533758691793,97.46620498591169,95.38334478566725,96.10358428955078,274400,0.0,0.0
2024-11-12 00:00:00-05:00,95.70452495014223,97.10607093659544,93.86498980955368,94.03044891357422,232200,0.0,0.0
2024-11-13 00:00:00-05:00,95.31520536106775,95.70452658505506,93.10581911039321,93.33940887451172,233300,0.0,0.0
2024-11-14 00:00:00-05:00,94.25430782035563,94.40906651981042,91.81133173793968,92.17144775390625,175300,0.0,0.0
2024-11-15 00:00:00-05:00,92.7067581002824,92.78948764949975,90.5362973992424,92.05464935302734,187600,0.0,0.0
2024-11-18 00:00:00-05:00,92.08386470217157,92.91116777777746,90.96456881132325,91.12030029296875,122800,0.0,0.0
2024-11-19 00:00:00-05:00,89.53380232728448,91.40254266436307,89.53380232728448,91.15921783447266,167300,0.0,0.0
2024-11-20 00:00:00-05:00,90.35137965751336,90.69203294191615,89.2418190022102,90.2540512084961,138900,0.0,0.0
2024-11-21 00:00:00-05:00,91.13001342498056,92.98901870614792,90.33677952197299,90.76016235351562,198300,0.0,0.0
2024-11-22 00:00:00-05:00,91.45121152424169,94.56577408660294,90.66284137963918,94.05965423583984,260900,0.0,0.0
2024-11-25 00:00:00-05:00,95.38333669334952,98.66335818962244,95.10107898960335,96.35663604736328,309800,0.0,0.0
2024-11-26 00:00:00-05:00,95.19840366481164,96.3955650900769,94.60469048835192,94.64362335205078,266600,0.0,0.0
2024-11-27 00:00:00-05:00,95.61692313026697,96.05491227973566,94.37110118861155,94.48789978027344,143900,0.0,0.0
2024-11-29 00:00:00-05:00,95.7531872962901,95.86998589143478,93.10581930417285,93.22261047363281,126000,0.0,0.0
2024-12-02 00:00:00-05:00,93.93312343027912,94.2689128980087,92.35637579186047,92.74569702148438,292300,0.0,0.0
2024-12-03 00:00:00-05:00,93.07662521767712,93.34233852620919,91.55828042763235,91.7626724243164,162700,0.0,0.0
2024-12-04 00:00:00-05:00,91.68479620549283,93.10581979738437,90.98499967267163,93.01821899414062,231800,0.0,0.0
2024-12-05 00:00:00-05:00,92.96955307954019,94.22998141432079,91.78699790264814,92.15198516845703,144600,0.0,0.0
2024-12-06 00:00:00-05:00,92.77489517963016,92.77489517963016,91.68479721752654,92.61917114257812,113600,0.0,0.0
2024-12-09 00:00:00-05:00,93.5924719836347,93.96718689859568,91.76266439604349,91.93785858154297,180500,0.0,0.0
2024-12-10 00:00:00-05:00,92.02545895419702,94.58620640408749,90.40004335305456,92.10331726074219,302100,0.0,0.0
2024-12-11 00:00:00-05:00,93.51459726169983,93.8844483174525,92.09358119399633,92.50236511230469,336000,0.0,0.0
2024-12-12 00:00:00-05:00,92.18119316535713,92.45858708240601,90.99376660771034,91.12030029296875,131700,0.0,0.0
2024-12-13 00:00:00-05:00,91.00348774079355,91.1835457413878,88.99849348871278,90.51683807373047,256300,0.0,0.0
2024-12-16 00:00:00-05:00,90.73096966136123,91.88919830322266,90.03019291756893,91.88919830322266,182500,0.0,0.0
2024-12-17 00:00:00-05:00,91.31494492019822,91.68479600076267,89.52407767660007,89.786865234375,216400,0.0,0.0
2024-12-18 00:00:00-05:00,90.82829287873129,90.88668846211945,83.43121948028735,84.08332824707031,285100,0.0,0.0
2024-12-19 00:00:00-05:00,85.3291452461328,86.91562780918002,82.71097525845738,82.82776641845703,241700,0.0,0.0
2024-12-20 00:00:00-05:00,81.82527528352546,85.44595001938875,81.82527528352546,83.5674819946289,1138900,0.0,0.0
2024-12-23 00:00:00-05:00,82.75964884511042,84.15146731863442,82.71098832931543,83.72321319580078,174100,0.0,0.0
2024-12-24 00:00:00-05:00,83.49934185685821,84.62933786720922,83.0418900305169,84.44344329833984,77700,0.0,0.0
2024-12-26 00:00:00-05:00,83.84974343874815,85.33889030854947,83.31929705649331,85.23182678222656,96400,0.0,0.0
2024-12-27 00:00:00-05:00,84.28772745728892,85.24156414680263,82.74991260665989,84.25852966308594,144800,0.0,0.0
2024-12-30 00:00:00-05:00,83.78160182763408,84.20012080518597,82.94456387253028,83.35334777832031,235200,0.0,0.0
2024-12-31 00:00:00-05:00,83.46042091678603,83.83027200387042,82.11727046040967,82.47738647460938,172900,0.0,0.0
2025-01-02 00:00:00-05:00,83.22492587891452,83.66465346402845,80.92371243423626,81.6810073852539,329800,0.335,0.0
2025-01-03 00:00:00-05:00,82.19889577741758,82.61418528393318,80.6940649331544,82.39432525634766,158600,0.0,0.0
2025-01-06 00:00:00-05:00,82.37479466074782,84.61249003311767,81.8178123817673,83.09789276123047,312200,0.0,0.0
2025-01-07 00:00:00-05:00,83.50829217806911,83.83075753756172,80.61589256373456,82.05232238769531,280500,0.0,0.0
2025-01-08 00:00:00-05:00,81.66145696070714,82.36501504268409,80.71360829221913,81.8862075805664,123000,0.0,0.0
2025-01-10 00:00:00-05:00,79.7950864813788,80.86996364811355,78.22185439496285,79.56056213378906,233500,0.0,0.0
2025-01-13 00:00:00-05:00,78.71043735042237,80.72338958673117,78.68600679844471,80.70384216308594,140600,0.0,0.0
2025-01-14 00:00:00-05:00,81.17287940145737,84.17276763916016,81.17287940145737,84.17276763916016,153700,0.0,0.0
2025-01-15 00:00:00-05:00,87.4071722571341,87.58306178444107,84.97404000868548,85.95120239257812,198200,0.0,0.0
2025-01-16 00:00:00-05:00,85.70691157397799,85.89745794013581,84.74440603193129,85.21833038330078,256200,0.0,0.0
2025-01-17 00:00:00-05:00,86.38114840110501,87.28013592360121,85.53101452028295,86.98698425292969,276200,0.0,0.0
2025-01-21 00:00:00-05:00,87.89574386790741,89.15628410034122,87.30944799251313,87.905517578125,190600,0.0,0.0
2025-01-22 00:00:00-05:00,86.97721962995035,87.7687187183978,86.23457418409386,87.104248046875,184100,0.0,0.0
2025-01-23 00:00:00-05:00,86.23457821364451,87.1335657950193,85.01312526444275,85.40399169921875,230500,0.0,0.0
2025-01-24 00:00:00-05:00,84.74929288895385,86.82576285803553,84.74929288895385,86.32251739501953,176200,0.0,0.0
2025-01-27 00:00:00-05:00,87.27037470534,88.74784532131936,86.56681655914433,87.63192749023438,261400,0.0,0.0
2025-01-28 00:00:00-05:00,87.45603158454992,91.75554747750337,87.45603158454992,89.96733856201172,294000,0.0,0.0
2025-01-29 00:00:00-05:00,89.37127224021361,90.8673061455332,88.14004552834476,89.16606903076172,258200,0.0,0.0
2025-01-30 00:00:00-05:00,90.06505163853063,90.63180758842913,87.30945412111028,88.08141326904297,269200,0.0,0.0
2025-01-31 00:00:00-05:00,88.22799280545787,89.40547527087863,87.81367243458908,88.59931182861328,221600,0.0,0.0
2025-02-03 00:00:00-05:00,87.06516551441698,87.65146144429764,85.00335232113014,86.27366638183594,323500,0.0,0.0
2025-02-04 00:00:00-05:00,86.08800494493345,89.05857950090684,85.73134276053725,88.89246368408203,148900,0.0,0.0
2025-02-05 00:00:00-05:00,89.35172444461755,91.2376480102539,89.13674754255172,91.2376480102539,133900,0.0,0.0
2025-02-06 00:00:00-05:00,91.54057821790086,91.74578143689354,90.43638733803805,91.44286346435547,156800,0.0,0.0
2025-02-07 00:00:00-05:00,90.96403527616128,91.29627433611248,87.97392101238412,88.74588012695312,274000,0.0,0.0
2025-02-10 00:00:00-05:00,88.88268680844492,89.59601860699941,87.52443173305385,88.51136779785156,193900,0.0,0.0
2025-02-11 00:00:00-05:00,87.44625443012413,90.32888776372587,87.44625443012413,90.03573608398438,127500,0.0,0.0
2025-02-12 00:00:00-05:00,87.63191448701214,88.78984941529751,86.99675750732422,86.99675750732422,156400,0.0,0.0
2025-02-13 00:00:00-05:00,87.72963380541589,87.72963380541589,85.94142493167408,87.05538940429688,180600,0.0,0.0
2025-02-14 00:00:00-05:00,87.51465516596393,88.5113649092154,86.22480119922903,86.49840545654297,119400,0.0,0.0
2025-02-18 00:00:00-05:00,86.4886503728523,88.80452060365745,85.32582467390797,88.49182891845703,214700,0.0,0.0
2025-02-19 00:00:00-05:00,87.2801395390446,88.75565675360733,87.2801395390446,88.10095977783203,195300,0.0,0.0
2025-02-20 00:00:00-05:00,87.13356154349914,87.7100911840734,85.6189644334852,86.81109619140625,200400,0.0,0.0
2025-02-21 00:00:00-05:00,88.25729003392831,88.25729003392831,84.27046644935088,84.77859497070312,234500,0.0,0.0
2025-02-24 00:00:00-05:00,85.306271513762,86.20525903780232,83.91869538604438,85.65805053710938,233200,0.0,0.0
2025-02-25 00:00:00-05:00,86.6156712611799,87.12379986483539,85.7489272312848,86.28343963623047,205200,0.0,0.0
2025-02-26 00:00:00-05:00,86.03914407365606,87.52442749934076,86.0195966526373,86.82086944580078,259100,0.0,0.0
2025-02-27 00:00:00-05:00,86.75246775561676,88.13515330400945,86.37430493181404,87.57328796386719,208900,0.0,0.0
2025-02-28 00:00:00-05:00,87.7394054011869,89.69373003659325,87.7394054011869,89.31263732910156,346400,0.0,0.0
2025-03-03 00:00:00-05:00,89.3419631055963,91.29628800568139,88.21334166862242,89.22470092773438,382900,0.0,0.0
2025-03-04 00:00:00-05:00,88.24752709930809,88.30616190825778,85.29650016094602,85.46261596679688,333000,0.0,0.0
2025-03-05 00:00:00-05:00,85.41376949187296,86.55215713439014,83.71350153762126,85.47239685058594,311800,0.0,0.0
2025-03-06 00:00:00-05:00,84.49523293824065,84.58806455798631,83.16629149328215,84.02619171142578,225600,0.0,0.0
2025-03-07 00:00:00-05:00,83.908937315456,84.43660590194706,81.48068817403905,83.43012237548828,207200,0.0,0.0
2025-03-10 00:00:00-04:00,82.12071525414163,82.97084908379492,79.76086755825862,80.73314666748047,296500,0.0,0.0
2025-03-11 00:00:00-04:00,81.16310476279533,81.62041902224614,78.96937999462743,79.32604217529297,382900,0.0,0.0
2025-03-12 00:00:00-04:00,80.00028102071383,81.22173390847578,79.15014712697506,79.72666931152344,217700,0.0,0.0
2025-03-13 00:00:00-04:00,79.99050923150827,80.60123569005866,78.61270676254324,78.95471954345703,235300,0.0,0.0
2025-03-14 00:00:00-04:00,79.73644373990625,81.49533889618085,79.54589738590624,81.48556518554688,177800,0.0,0.0
2025-03-17 00:00:00-04:00,81.02629553138834,82.14515053155485,80.6422729570365,81.23149871826172,180600,0.0,0.0
2025-03-18 00:00:00-04:00,81.04584239035933,81.52464982307833,80.14489417024784,80.80155181884766,214100,0.0,0.0
2025-03-19 00:00:00-04:00,80.6061145425531,82.11094535122444,80.0637891779188,81.25104522705078,291100,0.0,0.0
2025-03-20 00:00:00-04:00,79.97096976851363,81.82757987830469,79.97096976851363,80.1273193359375,209500,0.0,0.0
2025-03-21 00:00:00-04:00,80.10777520596275,80.37160576833732,78.78371690057381,79.91233825683594,494000,0.0,0.0
2025-03-24 00:00:00-04:00,80.79177531052572,82.97085041321193,80.79177531052572,82.48226928710938,213500,0.0,0.0
2025-03-25 00:00:00-04:00,82.63861371882118,82.85359061323953,81.33410296968057,81.99369049072266,140700,0.0,0.0
2025-03-26 00:00:00-04:00,82.48227354931731,83.38126107856299,81.29990060251332,81.80802917480469,135000,0.0,0.0
2025-03-27 00:00:00-04:00,81.9448273403997,82.29171576620514,80.56702498170735,80.99697875976562,138900,0.0,0.0
2025-03-28 00:00:00-04:00,81.08492947793668,81.08492947793668,79.09640065467659,80.06867980957031,122100,0.0,0.0
2025-03-31 00:00:00-04:00,78.87654527285359,80.92370156785488,78.69577262561477,80.71360778808594,239500,0.0,0.0
2025-04-01 00:00:00-04:00,79.76681077277615,80.3162476437825,78.5845334120066,79.4037857055664,296300,0.335,0.0
2025-04-02 00:00:00-04:00,78.31471739952202,80.6596450805664,78.24603779116359,80.6596450805664,214900,0.0,0.0
2025-04-03 00:00:00-04:00,76.12677039741125,76.26904011615446,72.44748953049256,72.57504272460938,268600,0.0,0.0
2025-04-04 00:00:00-04:00,69.83766269175725,70.37729359149617,66.43309998098933,69.415771484375,439900,0.0,0.0
2025-04-07 00:00:00-04:00,67.01197076112769,72.87919302965146,65.98176914092909,68.9251937866211,462200,0.0,0.0
2025-04-08 00:00:00-04:00,71.10332838115376,71.81367389576657,65.95233531211521,67.1885757446289,414700,0.0,0.0
2025-04-09 00:00:00-04:00,65.77572323003687,73.34522586893537,65.53043786931278,72.47692108154297,496800,0.0,0.0
2025-04-10 00:00:00-04:00,70.40672485078626,70.88748214934934,66.05830596303892,67.71839141845703,274300,0.0,0.0
2025-04-11 00:00:00-04:00,66.7372490232437,68.23840197448257,65.5893151359873,67.44367218017578,201300,0.0,0.0
2025-04-14 00:00:00-04:00,68.6112327181666,68.6112327181666,65.7463010288799,67.68895721435547,199600,0.0,0.0
2025-04-15 00:00:00-04:00,67.62026680304028,69.05862351939149,67.62026680304028,68.05197143554688,246500,0.0,0.0
2025-04-16 00:00:00-04:00,67.43386352514379,68.88594885955541,67.24744423113192,68.01273345947266,280700,0.0,0.0
2025-04-17 00:00:00-04:00,68.14027710589934,69.55116211674464,67.40147914155581,68.40518951416016,311300,0.0,0.0
2025-04-21 00:00:00-04:00,67.55159517050899,68.20895822173095,66.82555250924167,68.18933868408203,371800,0.0,0.0
2025-04-22 00:00:00-04:00,65.73647630264195,69.29801702544741,65.22628604884511,68.15989685058594,430800,0.0,0.0
2025-04-23 00:00:00-04:00,67.59084388953409,72.3719479605077,67.59084388953409,69.64143371582031,259200,0.0,0.0
2025-04-24 00:00:00-04:00,69.64143795164726,70.69125922286734,67.95583431309612,70.38710021972656,191300,0.0,0.0
2025-04-25 00:00:00-04:00,69.62180937090938,69.70030249806378,68.49349499599396,69.45501708984375,143400,0.0,0.0
2025-04-28 00:00:00-04:00,69.48444881387155,69.99463915959635,68.7633091286384,69.73954772949219,160400,0.0,0.0
2025-04-29 00:00:00-04:00,69.72972979435751,71.22106165962371,69.1459493732924,70.83841705322266,155200,0.0,0.0
2025-04-30 00:00:00-04:00,69.13123007377996,70.3478434533583,68.19423813280117,69.87689971923828,214400,0.0,0.0
2025-05-01 00:00:00-04:00,69.91614102766664,71.46633881204198,69.15085190305403,71.0150146484375,252400,0.0,0.0
2025-05-02 00:00:00-04:00,72.09428380774845,73.58561565812613,71.25246268786393,73.1048583984375,176700,0.0,0.0
2025-05-05 00:00:00-04:00,72.40824041708855,73.9780652055765,72.1531415497358,72.83013153076172,130600,0.0,0.0
2025-05-06 00:00:00-04:00,71.81955888910285,72.96750019836104,71.09351623376799,71.98635864257812,168700,0.0,0.0
2025-05-07 00:00:00-04:00,72.80070429111089,73.08523625558233,70.95125775032122,71.44673156738281,176400,0.0,0.0
2025-05-08 00:00:00-04:00,72.43767376280515,73.74259366464035,71.51539842082913,73.28145599365234,119000,0.0,0.0
2025-05-09 00:00:00-04:00,73.01654856484926,73.52674633625847,72.59465742082516,73.1539077758789,97100,0.0,0.0
2025-05-12 00:00:00-04:00,76.17582754399157,78.29509683498505,75.97960223283253,77.07847595214844,264000,0.0,0.0
2025-05-13 00:00:00-04:00,77.66717395231888,77.73585356605068,76.40150036881866,76.87244415283203,110900,0.0,0.0
2025-05-14 00:00:00-04:00,76.55846970558206,77.14715310585122,76.10224250316601,76.25431823730469,175900,0.0,0.0
2025-05-15 00:00:00-04:00,76.30337258627098,77.10790833187434,75.56261343472357,76.48979187011719,103100,0.0,0.0
2025-05-16 00:00:00-04:00,76.37205536517622,76.37205536517622,75.46940692735313,75.74412536621094,185600,0.0,0.0
2025-05-19 00:00:00-04:00,74.74336248004249,75.24374675913366,74.47354706065433,75.12600708007812,124600,0.0,0.0
2025-05-20 00:00:00-04:00,74.97884042490404,75.21922281537499,74.59619579387939,74.95922088623047,122700,0.0,0.0
2025-05-21 00:00:00-04:00,73.96825178141803,74.48825554144271,72.14332812345384,72.20219421386719,125100,0.0,0.0
2025-05-22 00:00:00-04:00,71.52521259552502,72.91843164618601,71.52521259552502,72.09427642822266,157700,0.0,0.0
2025-05-23 00:00:00-04:00,70.8384205178734,72.07956404289332,70.11237782989916,71.62333679199219,217000,0.0,0.0
2025-05-27 00:00:00-04:00,72.55541429306307,73.83090129637627,71.93729781420473,73.55618286132812,163300,0.0,0.0
2025-05-28 00:00:00-04:00,73.40900755505831,73.66900945663723,72.5554117456857,72.73201751708984,179000,0.0,0.0
2025-05-29 00:00:00-04:00,72.91844334886872,73.46788024902344,72.251266762031,73.46788024902344,186100,0.0,0.0
2025-05-30 00:00:00-04:00,73.31089914041118,73.51203495832502,72.43768374394962,73.0263671875,205900,0.0,0.0
2025-06-02 00:00:00-04:00,72.5554094922921,72.71239572222714,71.28974356963923,71.9765396118164,246500,0.0,0.0
2025-06-03 00:00:00-04:00,71.8195626144016,73.51203787432907,71.6184342740257,73.29127502441406,141600,0.0,0.0
2025-06-04 00:00:00-04:00,73.15390358699118,73.33050934613314,72.15804562129254,72.47692108154297,151500,0.0,0.0
2025-06-05 00:00:00-04:00,72.51617542339483,72.52598144930573,71.559556425449,72.1629638671875,112300,0.0,0.0
2025-06-06 00:00:00-04:00,73.08524073284066,73.95845621827397,72.82033577618252,73.72298431396484,108800,0.0,0.0
2025-06-09 00:00:00-04:00,74.03694092813706,74.67958744972685,73.83090209960938,73.83090209960938,114500,0.0,0.0
2025-06-10 00:00:00-04:00,73.98788201243259,75.34185454929738,73.88976187679924,74.62561798095703,136200,0.0,0.0
2025-06-11 00:00:00-04:00,75.11619160901526,75.11619160901526,73.34032787130911,73.42862701416016,151100,0.0,0.0
2025-06-12 00:00:00-04:00,73.08523288663133,73.6739163269633,72.35428721337962,72.88900756835938,145000,0.0,0.0
2025-06-13 00:00:00-04:00,72.08447106351704,72.32975645165449,70.92672373208762,71.22106170654297,238400,0.0,0.0
2025-06-16 00:00:00-04:00,72.17277306344432,72.34447583613496,70.84823341224154,71.03465270996094,190000,0.0,0.0
2025-06-17 00:00:00-04:00,70.45577260011063,71.52031028798005,69.92792395337791,70.52445220947266,238400,0.0,0.0
2025-06-18 00:00:00-04:00,70.02407995633122,71.80975740128513,70.02407995633122,70.95616149902344,205900,0.0,0.0
2025-06-20 00:00:00-04:00,71.33880252946362,71.8784333862096,71.01502401541605,71.56446838378906,657900,0.0,0.0
2025-06-23 00:00:00-04:00,71.19162121209041,74.91014820561486,71.19162121209041,74.77278900146484,477200,0.0,0.0
2025-06-24 00:00:00-04:00,75.58714696523205,76.63696813896377,75.40072767276509,75.49884033203125,281900,0.0,0.0
2025-06-25 00:00:00-04:00,75.51846211326755,75.73921745267225,74.86109910774579,75.17506408691406,202200,0.0,0.0
2025-06-26 00:00:00-04:00,75.71468889218829,77.28451381859091,75.43506745296949,77.11772155761719,257800,0.0,0.0
2025-06-27 00:00:00-04:00,77.3728186069527,78.19697386664191,76.86262083956035,77.578857421875,1394200,0.0,0.0
2025-06-30 00:00:00-04:00,77.83396382535024,77.83396382535024,75.96979331457284,76.04828643798828,264600,0.0,0.0
2025-07-01 00:00:00-04:00,75.2451799750534,79.57601170310419,75.2451799750534,78.96013641357422,333700,0.335,0.0
2025-07-02 00:00:00-04:00,79.22619953236345,80.96050646987636,78.38861063391988,80.85211181640625,254600,0.0,0.0
2025-07-03 00:00:00-04:00,81.0590481021278,82.40904199004275,80.8028418643446,81.67984771728516,171500,0.0,0.0
2025-07-07 00:00:00-04:00,80.62546899992282,82.32035907101628,79.80069076218105,80.15247344970703,199500,0.0,0.0
2025-07-08 00:00:00-04:00,80.25101862586351,81.77838488054373,80.13276786011681,80.72400665283203,214200,0.0,0.0
2025-07-09 00:00:00-04:00,81.31524963359561,82.09371696600155,79.91204322757477,80.763427734375,229500,0.0,0.0
2025-07-10 00:00:00-04:00,80.42838976450942,81.98531680690786,79.64992248430569,81.36451721191406,208000,0.0,0.0
2025-07-11 00:00:00-04:00,80.55648653867117,81.25611995384902,80.00466469413848,80.8323974609375,148900,0.0,0.0
2025-07-14 00:00:00-04:00,80.55648794518896,81.83751155580227,80.55648794518896,81.78823852539062,113200,0.0,0.0
2025-07-15 00:00:00-04:00,81.41378739135513,81.5123259321553,78.30977448909267,78.43787384033203,226300,0.0,0.0
2025-07-16 00:00:00-04:00,79.25576576419341,80.3594170759123,78.14719015625599,80.03423309326172,262400,0.0,0.0
2025-07-17 00:00:00-04:00,80.2313094870065,82.41397557409546,80.2313094870065,81.76853942871094,259100,0.0,0.0
2025-07-18 00:00:00-04:00,82.39918951965386,83.24663452027332,81.07382469247544,81.78823852539062,189000,0.0,0.0
2025-07-21 00:00:00-04:00,82.2316708186897,83.61123305753723,81.2561264038086,81.2561264038086,288500,0.0,0.0
2025-07-22 00:00:00-04:00,81.82765532790468,84.7050228747768,81.82765532790468,82.22181701660156,435600,0.0,0.0
2025-07-23 00:00:00-04:00,82.77363318458384,83.13823403723705,81.34972991445032,82.45830535888672,235800,0.0,0.0
2025-07-24 00:00:00-04:00,81.62072763858906,81.92127510071775,80.29043842776066,80.60576629638672,166800,0.0,0.0
2025-07-25 00:00:00-04:00,80.45794999185188,80.45794999185188,78.88131074124423,80.0539321899414,175300,0.0,0.0
2025-07-28 00:00:00-04:00,80.03423013800507,80.23130723160199,79.06853433615808,79.57109069824219,234800,0.0,0.0
2025-07-29 00:00:00-04:00,80.09335190737795,80.3741946601713,78.11269478570617,78.33934020996094,146800,0.0,0.0
2025-07-30 00:00:00-04:00,78.59554455500407,80.07364527811016,78.31963362290571,78.6842269897461,227200,0.0,0.0
2025-07-31 00:00:00-04:00,77.88605270657347,78.70393688687815,77.11744155612186,77.50174713134766,253000,0.0,0.0
2025-08-01 00:00:00-04:00,75.87584080252824,76.50649654022538,74.38788389733213,76.18131256103516,343000,0.0,0.0
2025-08-04 00:00:00-04:00,76.27000385050819,77.16671443902028,76.26507203624648,77.13715362548828,191100,0.0,0.0
2025-08-05 00:00:00-04:00,77.1568603515625,77.85649378802843,75.45703851443474,77.1568603515625,186700,0.0,0.0
2025-08-06 00:00:00-04:00,77.14700792995444,77.58058656629899,76.4473744600408,76.46707916259766,180000,0.0,0.0
2025-08-07 00:00:00-04:00,77.25540763927049,77.25540763927049,75.13187057400965,75.57037353515625,134200,0.0,0.0
2025-08-08 00:00:00-04:00,76.34883812098877,76.52621052117162,75.58021937485672,76.27000427246094,133900,0.0,0.0
2025-08-11 00:00:00-04:00,76.4572164382634,76.80211260625225,75.84627297772967,76.69371795654297,161400,0.0,0.0
2025-08-12 00:00:00-04:00,77.6495627174139,80.56634730690537,77.45247810582104,80.3692626953125,478300,0.0,0.0
2025-08-13 00:00:00-04:00,81.24627489405462,82.90174817081036,80.63533134537737,82.60613250732422,176900,0.0,0.0
2025-08-14 00:00:00-04:00,81.66014232597358,81.86214371524298,80.90137972917421,81.60101318359375,143700,0.0,0.0
2025-08-15 00:00:00-04:00,81.96560976293198,81.96560976293198,80.01451356326514,80.18203735351562,175800,0.0,0.0
2025-08-18 00:00:00-04:00,80.7043044651991,80.88167686034056,79.2360597886449,80.67474365234375,132800,0.0,0.0
2025-08-19 00:00:00-04:00,80.60576109329006,81.66506358660656,80.59590498359155,81.35466003417969,160100,0.0,0.0
2025-08-20 00:00:00-04:00,81.49261845941167,82.19225943126094,81.354662990655,81.81780242919922,193900,0.0,0.0
2025-08-21 00:00:00-04:00,81.38422599937428,82.10751112966814,80.92897294018998,81.6207275390625,156800,0.0,0.0
2025-08-22 00:00:00-04:00,82.28095004706837,87.32620382230633,82.01981948967716,87.05028533935547,300900,0.0,0.0
2025-08-25 00:00:00-04:00,86.63640726876434,87.32619210658471,86.20283617545812,87.0108642578125,230300,0.0,0.0
2025-08-26 00:00:00-04:00,86.89261925973204,89.31670366760912,86.87783885318476,87.93714141845703,262200,0.0,0.0
2025-08-27 00:00:00-04:00,87.2178048324868,88.61707180991766,86.64430099034921,87.44444274902344,277000,0.0,0.0
2025-08-28 00:00:00-04:00,88.22290780801649,88.22290780801649,86.73495091009487,87.06013488769531,218200,0.0,0.0
2025-08-29 00:00:00-04:00,87.26706264886717,87.72034595995281,86.73494549637299,86.86305236816406,174400,0.0,0.0
2025-09-02 00:00:00-04:00,85.84809127059694,86.5871416198059,85.61158974588365,86.21268463134766,258900,0.0,0.0
2025-09-03 00:00:00-04:00,85.1878656141012,86.71523931376304,85.1878656141012,86.1240005493164,231700,0.0,0.0
2025-09-04 00:00:00-04:00,86.5083092403788,87.20794268062727,86.02546510911051,86.95173645019531,209300,0.0,0.0
2025-09-05 00:00:00-04:00,87.07985063651975,88.3116013427837,85.44408208995658,86.22254943847656,232300,0.0,0.0
2025-09-08 00:00:00-04:00,85.76925853834935,86.11907149808101,84.25174089951857,85.20758056640625,252300,0.0,0.0
2025-09-09 00:00:00-04:00,85.09917951547932,85.09917951547932,83.24169764836003,83.33531188964844,189800,0.0,0.0
2025-09-10 00:00:00-04:00,83.01013850932152,84.11378980896833,81.40886264870493,83.00028991699219,157300,0.0,0.0
2025-09-11 00:00:00-04:00,82.9214550584806,83.63586893012874,82.44353520601055,83.57181549072266,222800,0.0,0.0
2025-09-12 00:00:00-04:00,82.8820375322692,83.28112353610494,82.09371411673519,82.47801971435547,155900,0.0,0.0
2025-09-15 00:00:00-04:00,83.04954753108127,83.5225430482161,82.21195866420523,82.63568115234375,203200,0.0,0.0
2025-09-16 00:00:00-04:00,82.66524352087782,82.66524352087782,80.8225419646064,82.14298248291016,245700,0.0,0.0
2025-09-17 00:00:00-04:00,82.59626744687932,85.10904166329766,82.1035672097784,82.2316665649414,216800,0.0,0.0
2025-09-18 00:00:00-04:00,83.60137614691703,85.25684931408416,82.48787627061178,84.8035659790039,352800,0.0,0.0
2025-09-19 00:00:00-04:00,84.85283338465277,84.85283338465277,82.27601331192146,83.0101318359375,914800,0.0,0.0
2025-09-22 00:00:00-04:00,82.4977346815279,82.68496319050335,81.33496173980414,81.77838897705078,171700,0.0,0.0
2025-09-23 00:00:00-04:00,81.96561558294573,83.24663926659684,81.84736481402108,82.12327575683594,213100,0.0,0.0
2025-09-24 00:00:00-04:00,81.9557621411936,82.50265974851204,81.27584087226414,81.64043426513672,118800,0.0,0.0
2025-09-25 00:00:00-04:00,81.51232908929988,81.51232908929988,80.21160075353484,80.71415710449219,170200,0.0,0.0
2025-09-26 00:00:00-04:00,80.95065282889396,81.70940790831592,80.62546885856632,81.38422393798828,151300,0.0,0.0
2025-09-29 00:00:00-04:00,81.66999284295869,82.04937415030025,79.64499446243495,80.45795440673828,217700,0.0,0.0
2025-09-30 00:00:00-04:00,80.38897498993222,80.63532511614456,78.60539496390864,79.35430145263672,221500,0.0,0.0
2025-10-01 00:00:00-04:00,79.17123917782625,79.57990404899705,77.30105307948037,79.5274658203125,285400,0.335,0.0
2025-10-02 00:00:00-04:00,79.00301746179602,80.41802678371604,78.49836933082086,80.05191040039062,241300,0.0,0.0
2025-10-03 00:00:00-04:00,80.19044634179099,81.3531241096144,79.65610633744856,80.25971221923828,213000,0.0,0.0
2025-10-06 00:00:00-04:00,80.83363803719247,82.17442921002169,80.51699293093253,81.49661254882812,298100,0.0,0.0
2025-10-07 00:00:00-04:00,82.63454762421298,82.63454762421298,80.63571951998799,81.13047790527344,180300,0.0,0.0
2025-10-08 00:00:00-04:00,81.71430148746903,81.71430148746903,80.1310760721766,80.23002624511719,102200,0.0,0.0
2025-10-09 00:00:00-04:00,80.03212134793361,80.45959184860547,78.85162694248777,79.29988098144531,120300,0.0,0.0
2025-10-10 00:00:00-04:00,79.62642120109392,80.39329826080555,75.74751700607756,75.95531463623047,189000,0.0,0.0
2025-10-13 00:00:00-04:00,76.93493252766511,78.02339951656596,75.78708939613804,77.22189331054688,168100,0.0,0.0
2025-10-14 00:00:00-04:00,76.88545534090012,80.69510120911326,76.72713657241661,80.11128234863281,170700,0.0,0.0
2025-10-15 00:00:00-04:00,80.41802636185378,80.74852460800068,78.14214226996569,79.06239318847656,165200,0.0,0.0
2025-10-16 00:00:00-04:00,78.15204420770694,78.60722105320217,73.54089205868293,74.00596618652344,310700,0.0,0.0
2025-10-17 00:00:00-04:00,74.57988087064565,75.11422082662895,73.4914063958202,74.42155456542969,268100,0.0,0.0
2025-10-20 00:00:00-04:00,74.550194526548,75.94541688389941,73.94659620426742,75.50013732910156,232700,0.0,0.0
2025-10-21 00:00:00-04:00,73.32320116206809,74.20387060370243,69.6817786491228,70.36454772949219,521400,0.0,0.0
2025-10-22 00:00:00-04:00,70.6317100521978,71.60638475363537,69.31565837893626,70.1171646118164,504900,0.0,0.0
2025-10-23 00:00:00-04:00,70.28537926435743,71.16604863957245,69.10290695385541,70.04789733886719,352500,0.0,0.0
2025-10-24 00:00:00-04:00,70.94834714253406,71.42331849883537,70.09736214332884,70.15673828125,178000,0.0,0.0
2025-10-27 00:00:00-04:00,70.56244557754256,70.9285695371989,69.84010249017969,70.18643188476562,236900,0.0,0.0
2025-10-28 00:00:00-04:00,70.08747402296724,71.01761464509708,69.73124738490431,70.4535903930664,201900,0.0,0.0
2025-10-29 00:00:00-04:00,69.89946694697144,70.78013630508404,67.774971212533,68.14802551269531,221400,0.0,0.0
2025-10-30 00:00:00-04:00,67.97980239421018,69.57292507555053,67.66216834108539,68.33602905273438,257400,0.0,0.0
2025-10-31 00:00:00-04:00,67.70273593032401,69.805459077096,67.0100772076235,69.53334045410156,295500,0.0,0.0
2025-11-03 00:00:00-05:00,69.31565165906606,70.0478919434184,68.1282270242478,69.9984130859375,294000,0.0,0.0
2025-11-04 00:00:00-05:00,69.25628381718883,69.84504756444308,68.65267792079496,69.38492584228516,275100,0.0,0.0
2025-11-05 00:00:00-05:00,69.90936105891222,71.24718513014159,69.18701049766851,70.41401672363281,230400,0.0,0.0
2025-11-06 00:00:00-05:00,70.29526831027013,70.96813997816659,69.1998710725947,69.85987854003906,166100,0.0,0.0
2025-11-07 00:00:00-05:00,69.74114826460523,71.01761830920665,68.3063443568757,71.00772857666016,171100,0.0,0.0
2025-11-10 00:00:00-05:00,71.13636407941641,71.96756213967895,70.6614002301929,71.38374328613281,210600,0.0,0.0
2025-11-11 00:00:00-05:00,71.4035363731654,72.25451388120392,70.88898340616821,71.5816421508789,147900,0.0,0.0
2025-11-12 00:00:00-05:00,71.87850614994001,72.36831972735455,70.52286529541016,70.52286529541016,256500,0.0,0.0
2025-11-13 00:00:00-05:00,70.2952773918696,71.20068620861908,69.51355818042336,69.92915344238281,176600,0.0,0.0
2025-11-14 00:00:00-05:00,69.9093660535969,70.5030746459961,68.73678346798805,70.5030746459961,210800,0.0,0.0
2025-11-17 00:00:00-05:00,70.3744372546327,70.84940108907676,67.16839739977206,67.50483703613281,139300,0.0,0.0
2025-11-18 00:00:00-05:00,67.30693054093781,68.69720800971808,66.49552705333194,67.57410430908203,207500,0.0,0.0
2025-11-19 00:00:00-05:00,67.7027381403913,68.64278363693013,66.68353703682696,68.18760681152344,153000,0.0,0.0
2025-11-20 00:00:00-05:00,68.57351648982377,70.00831281394828,66.90123070078765,67.0496597290039,190100,0.0,0.0
2025-11-21 00:00:00-05:00,67.36630088411451,70.53275140476062,67.36630088411451,69.7015609741211,244600,0.0,0.0
2025-11-24 00:00:00-05:00,69.59272461368383,69.89947243345429,68.9297501099281,69.22660064697266,198800,0.0,0.0
2025-11-25 00:00:00-05:00,69.79061914711689,72.19514528863274,69.79061914711689,71.5816421508789,191000,0.0,0.0
2025-11-26 00:00:00-05:00,70.99783278216694,72.12588136806285,70.43380848921898,70.54265594482422,378200,0.0,0.0
2025-11-28 00:00:00-05:00,70.59212838186588,70.88898645632293,70.00831706469197,70.38433074951172,171900,0.0,0.0
2025-12-01 00:00:00-05:00,69.94894837133921,71.73007416733702,69.94894837133921,70.91867065429688,229200,0.0,0.0
2025-12-02 00:00:00-05:00,71.52227330416274,71.6014364602524,69.89452148516955,70.05779266357422,219500,0.0,0.0
2025-12-03 00:00:00-05:00,70.27547765161785,71.44310774166206,69.96872986887013,70.90877532958984,217400,0.0,0.0
2025-12-04 00:00:00-05:00,70.46348595509527,71.84386603125908,70.31505693462199,70.95824432373047,227200,0.0,0.0
2025-12-05 00:00:00-05:00,70.71087458296036,72.12588400821029,70.66140326913802,71.48269653320312,239900,0.0,0.0
2025-12-08 00:00:00-05:00,71.94776372200886,73.20445425249291,71.49258691195926,72.69979858398438,300300,0.0,0.0
2025-12-09 00:00:00-05:00,72.80865040606476,74.08512802695132,71.86860488478128,72.10609436035156,188200,0.0,0.0
2025-12-10 00:00:00-05:00,72.22483129763656,75.86625353349748,71.74986744697581,75.00537872314453,656800,0.0,0.0
2025-12-11 00:00:00-05:00,74.9855824801855,75.93551770965523,74.48884612983186,74.7085189819336,181900,0.0,0.0
2025-12-12 00:00:00-05:00,75.04494516761935,75.20327146811282,73.32318817152729,73.66951751708984,440400,0.0,0.0
2025-12-15 00:00:00-05:00,74.41166209243947,76.16311109735351,72.95707870369554,72.98676300048828,327000,0.0,0.0
2025-12-16 00:00:00-05:00,73.62995083231064,74.13955139503435,72.94718180483393,73.97628021240234,405200,0.0,0.0
2025-12-17 00:00:00-05:00,73.5408904807035,75.40613181850817,73.42214574335135,73.44194030761719,349000,0.0,0.0
2025-12-18 00:00:00-05:00,74.2533391060802,75.02516097648046,72.13577382852581,72.24462127685547,289800,0.0,0.0
2025-12-19 00:00:00-05:00,73.7783703840156,74.34239465950554,71.46290468971401,71.88839721679688,1269200,0.0,0.0
2025-12-22 00:00:00-05:00,71.96756144430763,73.57057385671605,71.93292473198316,73.56067657470703,306800,0.0,0.0
2025-12-23 00:00:00-05:00,73.26382306234287,74.20881339607382,73.04612816353429,73.1945571899414,317800,0.0,0.0
2025-12-24 00:00:00-05:00,73.19456034677303,73.64973717781614,72.11598308781599,73.0263442993164,92800,0.0,0.0
2025-12-26 00:00:00-05:00,72.88780827181264,73.26382192337307,71.76964949975412,72.81853485107422,121100,0.0,0.0
2025-12-29 00:00:00-05:00,73.06592066946783,73.17972054293514,72.09619838295625,72.4425277709961,152400,0.0,0.0
2025-12-30 00:00:00-05:00,72.27430788150572,72.46231848906739,71.6063810226312,71.66080474853516,151200,0.0,0.0
2025-12-31 00:00:00-05:00,71.97745252506216,72.29409761055393,70.92856709488586,71.03741455078125,225200,0.0,0.0
2026-01-02 00:00:00-05:00,71.08715206838357,72.03717111763544,70.249542402378,71.44527435302734,203700,0.38,0.0
2026-01-05 00:00:00-05:00,71.34579146407725,74.38286337969771,71.34579146407725,73.28561401367188,351300,0.0,0.0
2026-01-06 00:00:00-05:00,72.55942702862362,74.48432844696583,72.55942702862362,74.15107727050781,267800,0.0,0.0
2026-01-07 00:00:00-05:00,74.15108137177712,74.15108137177712,72.92749567433528,73.31546020507812,200900,0.0,0.0
2026-01-08 00:00:00-05:00,72.7583816313871,76.3296542713879,72.7583816313871,75.9317398071289,203300,0.0,0.0
2026-01-09 00:00:00-05:00,76.02127046216904,76.31274098165964,74.63852351013293,75.34481811523438,205500,0.0,0.0
2026-01-12 00:00:00-05:00,74.35998558869434,75.25529128092388,73.85762320091521,74.41967010498047,150100,0.0,0.0
2026-01-13 00:00:00-05:00,74.7877423776514,76.8469416762669,74.33014337680211,74.72805786132812,225000,0.0,0.0
2026-01-14 00:00:00-05:00,74.57883496905399,76.32965405303271,74.49925055851243,76.18043518066406,191500,0.0,0.0
2026-01-15 00:00:00-05:00,76.14064387066337,78.08643947063679,75.86210602007995,77.90140533447266,211400,0.0,0.0
2026-01-16 00:00:00-05:00,77.65270828655618,78.94592838528865,77.52338931251775,77.85166931152344,308100,0.0,0.0
2026-01-20 00:00:00-05:00,76.45897324669752,77.58307458786106,75.47414082958657,75.9317398071289,234800,0.0,0.0
2026-01-21 00:00:00-05:00,81.78106202198494,87.52096084850581,81.78106202198494,87.00366973876953,713200,0.0,0.0
2026-01-22 00:00:00-05:00,86.94397946148663,88.6052641750631,86.07354489969461,86.24762725830078,506500,0.0,0.0
2026-01-23 00:00:00-05:00,85.67065840144805,87.28220094522825,79.83625447549815,81.56220245361328,582400,0.0,0.0
2026-01-26 00:00:00-05:00,81.56220933439509,82.84547958021975,81.34335598539725,81.38314819335938,369000,0.0,0.0
2026-01-27 00:00:00-05:00,81.48262845876773,82.39782642765263,79.64725375175782,80.1197738647461,225800,0.0,0.0
2026-01-28 00:00:00-05:00,80.38836571175692,81.4627325572854,79.37369097292732,79.84123992919922,366000,0.0,0.0
2026-01-29 00:00:00-05:00,80.10982141457029,82.427666111091,80.0202946460906,81.62189483642578,352000,0.0,0.0
2026-01-30 00:00:00-05:00,81.56220441050581,82.57688667831461,80.43810306439133,81.42293548583984,337300,0.0,0.0
2026-02-02 00:00:00-05:00,81.39309350675482,84.81514730070705,80.90067349955699,83.88999938964844,399600,0.0,0.0
2026-02-03 00:00:00-05:00,83.88004696519724,85.75023504017207,82.98573557333155,83.9098892211914,364400,0.0,0.0
2026-02-04 00:00:00-05:00,84.56645550344001,86.7698949169379,84.18843332715592,85.40206909179688,302800,0.0,0.0
2026-02-05 00:00:00-05:00,85.84972070706831,86.91413752872492,84.13869383346994,84.82508850097656,291100,0.0,0.0
2026-02-06 00:00:00-05:00,85.19316372605483,87.16283620816102,85.09368700444263,85.23295593261719,301200,0.0,0.0
2026-02-09 00:00:00-05:00,85.16332125787014,86.12826139325519,84.71069344762873,85.79003143310547,277300,0.0,0.0
2026-02-10 00:00:00-05:00,85.66071320693311,86.41674995721586,84.62613859854291,85.9690933227539,213700,0.0,0.0
2026-02-11 00:00:00-05:00,86.64554464213917,87.10613392814763,84.01931973997723,85.42196655273438,321700,0.0,0.0
2026-02-12 00:00:00-05:00,86.25758111875173,87.04843130640141,83.66119844380708,85.66071319580078,319100,0.0,0.0
2026-02-13 00:00:00-05:00,85.61096734762809,88.10787319265789,85.52144057836092,85.6905517578125,304500,0.0,0.0
2026-02-17 00:00:00-05:00,86.21779117387847,87.1479179045532,84.70572522342766,86.1978988647461,176900,0.0,0.0
2026-02-18 00:00:00-05:00,86.2177878404323,87.66022685835688,84.63110871550893,84.8051986694336,240200,0.0,0.0
2026-02-19 00:00:00-05:00,84.08895682632229,85.07378929795195,83.29313544333608,84.8449935913086,217800,0.0,0.0
2026-02-20 00:00:00-05:00,84.78530260961834,86.45653725291713,84.08397923484408,86.3172607421875,195100,0.0,0.0
2026-02-23 00:00:00-05:00,86.03872701122586,86.5361182075278,81.68158286387228,82.7658920288086,353200,0.0,0.0
2026-02-24 00:00:00-05:00,82.9350128237851,83.88005308394334,82.2585604767538,83.24339294433594,207600,0.0,0.0
2026-02-25 00:00:00-05:00,83.99942427273746,85.9541679523742,83.03448417649037,85.57117462158203,413100,0.0,0.0
2026-02-26 00:00:00-05:00,86.06857125154092,87.7895481698124,85.143423301522,85.3423843383789,299200,0.0,0.0
2026-02-27 00:00:00-05:00,83.92979559151138,84.90467811391642,79.92081605965218,80.58732604980469,403700,0.0,0.0
2026-03-02 00:00:00-05:00,79.24437226849122,81.78106291929545,78.93598455329214,81.13445281982422,405900,0.0,0.0
2026-03-03 00:00:00-05:00,78.81660990047031,81.28366590868104,78.12025769314317,80.07003021240234,440400,0.0,0.0
2026-03-04 00:00:00-05:00,80.31873120261224,80.34857346115203,79.19960096984461,79.53285217285156,241200,0.0,0.0
2026-03-05 00:00:00-05:00,78.33911577446428,79.15483705735772,77.3095123241407,78.48833465576172,413100,0.0,0.0
2026-03-06 00:00:00-05:00,75.92179074155543,76.13069413006438,74.11128711822391,74.93695831298828,801200,0.0,0.0
2026-03-09 00:00:00-04:00,73.56415164701333,75.69298526596259,71.52485238602803,75.32492065429688,715600,0.0,0.0
2026-03-10 00:00:00-04:00,75.06627920398795,76.52363937066474,73.92227792285884,74.48930358886719,442400,0.0,0.0
2026-03-11 00:00:00-04:00,73.74321699275839,74.08641813701452,72.46989672796096,73.62384796142578,398800,0.0,0.0
2026-03-12 00:00:00-04:00,71.21149618992027,74.16102991094847,70.90808725861163,71.47511291503906,580500,0.0,0.0
2026-03-13 00:00:00-04:00,72.26099471118262,73.51442269118344,70.48531202997006,72.7484359741211,443200,0.0,0.0
2026-03-16 00:00:00-04:00,73.84269757413978,74.64846885327367,73.00210526956822,73.34530639648438,324000,0.0,0.0
2026-03-17 00:00:00-04:00,74.41967079556552,74.7678507160323,72.70168415817818,73.05682373046875,267500,0.0,0.0
2026-03-18 00:00:00-04:00,72.76833605654325,73.53431518595235,71.22642025878244,71.57459259033203,364600,0.0,0.0
2026-03-19 00:00:00-04:00,71.15678097205416,72.5892699986306,70.66933974090578,71.92276763916016,256800,0.0,0.0
2026-03-20 00:00:00-04:00,72.19135427430662,72.93744103100246,70.97771860241413,71.93270874023438,913100,0.0,0.0
2026-03-23 00:00:00-04:00,73.9222773179556,75.12099192501277,73.1065560579241,73.13639831542969,397000,0.0,0.0
2026-03-24 00:00:00-04:00,72.26099166259336,74.7280553107811,72.26099166259336,74.13117980957031,469700,0.0,0.0
2026-03-25 00:00:00-04:00,74.5290914911789,75.03146143290996,73.1960867914285,73.47462463378906,233000,0.0,0.0
2026-03-26 00:00:00-04:00,72.65890896739351,73.66861251791397,72.45000556965695,72.99713134765625,186500,0.0,0.0
2026-03-27 00:00:00-04:00,72.5892722321434,73.2657245611087,71.60443979086315,72.15156555175781,270700,0.0,0.0
2026-03-30 00:00:00-04:00,72.84791875835576,72.84791875835576,71.43532197709314,71.77355194091797,352000,0.0,0.0
2026-03-31 00:00:00-04:00,72.76833464453192,73.00708029730646,71.22641887669076,72.45000457763672,481100,0.0,0.0
2026-04-01 00:00:00-04:00,73.05999755859375,74.16999816894531,72.80000305175781,73.13999938964844,181800,0.38,0.0
2026-04-02 00:00:00-04:00,72.08000183105469,73.63999938964844,71.76000213623047,73.12000274658203,228300,0.0,0.0
2026-04-06 00:00:00-04:00,72.98999786376953,74.06500244140625,72.30000305175781,73.87999725341797,307700,0.0,0.0
2026-04-07 00:00:00-04:00,73.66000366210938,75.08499908447266,73.27999877929688,74.69000244140625,330600,0.0,0.0
2026-04-08 00:00:00-04:00,77.95999908447266,78.68000030517578,77.19000244140625,78.01000213623047,327900,0.0,0.0
2026-04-09 00:00:00-04:00,77.41999816894531,79.91000366210938,76.70999908447266,79.75,221500,0.0,0.0
2026-04-10 00:00:00-04:00,79.52999877929688,79.52999877929688,78.0250015258789,78.1500015258789,165500,0.0,0.0
2026-04-13 00:00:00-04:00,77.73999786376953,78.9800033569336,76.9000015258789,78.76000213623047,255600,0.0,0.0
2026-04-14 00:00:00-04:00,78.41000366210938,78.71499633789062,77.34500122070312,78.29000091552734,306700,0.0,0.0
2026-04-15 00:00:00-04:00,78.25,78.5999984741211,76.68000030517578,76.75,222900,0.0,0.0
2026-04-16 00:00:00-04:00,76.37999725341797,76.78500366210938,75.5999984741211,75.86000061035156,172800,0.0,0.0
2026-04-17 00:00:00-04:00,77.2699966430664,79.68000030517578,76.87300109863281,77.86000061035156,387400,0.0,0.0
2026-04-20 00:00:00-04:00,77.62000274658203,78.44999694824219,77.62000274658203,78.13999938964844,193100,0.0,0.0
2026-04-21 00:00:00-04:00,79.13999938964844,80.64199829101562,77.43000030517578,79.04000091552734,430600,0.0,0.0
2026-04-22 00:00:00-04:00,79.01000213623047,79.4489974975586,77.83000183105469,78.48999786376953,351700,0.0,0.0
2026-04-23 00:00:00-04:00,78.9000015258789,80.13999938964844,77.94000244140625,79.91999816894531,198600,0.0,0.0
2026-04-24 00:00:00-04:00,79.55000305175781,80.58999633789062,78.91999816894531,79.20999908447266,265700,0.0,0.0
2026-04-27 00:00:00-04:00,79.12999725341797,80.5,78.56500244140625,79.7300033569336,194500,0.0,0.0
2026-04-28 00:00:00-04:00,80.47000122070312,80.94499969482422,79.36000061035156,79.47000122070312,219200,0.0,0.0
2026-04-29 00:00:00-04:00,78.9000015258789,79.625,77.9000015258789,78.26000213623047,186200,0.0,0.0
2026-04-30 00:00:00-04:00,77.58999633789062,79.91999816894531,77.56999969482422,79.62000274658203,180446,0.0,0.0
