Date,Open,High,Low,Close,Volume,Dividends,Stock Splits
2022-01-03 00:00:00-05:00,8.307143078100774,8.478189375979374,8.272934144769767,8.409770965576172,457900,0.0,0.0
2022-01-04 00:00:00-05:00,8.466786579449437,8.540906116247012,8.398367625305042,8.409770965576172,474500,0.0,0.0
2022-01-05 00:00:00-05:00,8.421174181121394,8.483890920460134,8.30714295506378,8.318546295166016,344900,0.0,0.0
2022-01-06 00:00:00-05:00,8.381263354171534,8.421174502310409,8.32424828270932,8.352755546569824,439800,0.0,0.0
2022-01-07 00:00:00-05:00,8.352755351702909,8.449681569042742,8.335650885037404,8.409770965576172,245300,0.0,0.0
2022-01-10 00:00:00-05:00,8.409768854301731,8.506695047308222,8.40406718559757,8.495291709899902,493100,0.0,0.0
2022-01-11 00:00:00-05:00,8.495294343238635,8.569414428145002,8.455383737420293,8.52950382232666,371500,0.0,0.0
2022-01-12 00:00:00-05:00,8.529501983725304,8.597920383412005,8.495292512011401,8.575114250183105,436800,0.0,0.0
2022-01-13 00:00:00-05:00,8.60932528700589,8.65493756175565,8.552309671698087,8.569414138793945,368100,0.0,0.0
2022-01-14 00:00:00-05:00,8.51809835772253,8.575113960740845,8.449679960345208,8.563711166381836,359600,0.0,0.0
2022-01-18 00:00:00-05:00,8.558009999905977,8.58651780308927,8.478188259740977,8.489591598510742,346000,0.0,0.0
2022-01-19 00:00:00-05:00,8.529503456548172,8.546607923488065,8.295740414651885,8.307143211364746,511700,0.0,0.0
2022-01-20 00:00:00-05:00,8.312843369834358,8.3812617688927,8.15320043869823,8.164603233337402,466100,0.0,0.0
2022-01-21 00:00:00-05:00,8.096185428787742,8.215917771867145,8.050573159399507,8.107588768005371,678400,0.0,0.0
2022-01-24 00:00:00-05:00,8.039168723624005,8.11898990689626,7.685672892380189,8.096183776855469,1337400,0.0,0.0
2022-01-25 00:00:00-05:00,8.033469226539856,8.295740064768493,7.9023335355549476,8.250127792358398,861200,0.0,0.0
2022-01-26 00:00:00-05:00,8.381261579879633,8.426873844889885,8.158901923889927,8.22161865234375,576100,0.0,0.0
2022-01-27 00:00:00-05:00,8.307142735559928,8.415472288703977,8.17030592039592,8.210216522216797,441100,0.0,0.0
2022-01-28 00:00:00-05:00,8.181707815038509,8.284335136413574,8.061975486983371,8.284335136413574,588300,0.0,0.0
2022-01-31 00:00:00-05:00,8.244424682482755,8.38696314480525,8.21021521227928,8.37555980682373,329000,0.0,0.0
2022-02-01 00:00:00-05:00,8.375559407313718,8.386962744751303,8.210214820656121,8.295738220214844,445400,0.0,0.0
2022-02-02 00:00:00-05:00,8.31284215408679,8.375558874782715,8.233020428322048,8.347051620483398,459400,0.0,0.0
2022-02-03 00:00:00-05:00,8.324247098493624,8.324247098493624,8.17030528558903,8.193111419677734,636300,0.0,0.0
2022-02-04 00:00:00-05:00,8.153200254828372,8.244424784848876,8.039169592302741,8.22161865234375,879600,0.0,0.0
2022-02-07 00:00:00-05:00,8.210215429432964,8.272932702507976,8.107588103590292,8.118990898132324,488700,0.0,0.0
2022-02-08 00:00:00-05:00,8.113288698197545,8.176005967169424,8.0676764355313,8.170304298400879,764200,0.0,0.0
2022-02-09 00:00:00-05:00,8.193111035546986,8.227320506946707,8.107588172659336,8.164603233337402,851800,0.0,0.0
2022-02-10 00:00:00-05:00,8.124691852847446,8.204513582587111,8.004959530108474,8.056273460388184,1064900,0.0,0.0
2022-02-11 00:00:00-05:00,8.061976366234468,8.136096438708538,7.970751285214829,8.016364097595215,678600,0.0,0.0
2022-02-14 00:00:00-05:00,7.993556099842854,8.084780615855388,7.9650483026536865,8.039168357849121,513800,0.0,0.0
2022-02-15 00:00:00-05:00,8.261529135218659,8.421172604310625,8.187409069656193,8.324246406555176,520400,0.0,0.0
2022-02-16 00:00:00-05:00,8.295737692758996,8.358454413454922,8.244423765034592,8.347051620483398,356100,0.0,0.0
2022-02-17 00:00:00-05:00,8.312843960248825,8.43257630304011,8.221619421691873,8.329948425292969,418500,0.0,0.0
2022-02-18 00:00:00-05:00,8.318543822443061,8.404066672823053,8.301439361115268,8.347051620483398,433200,0.0,0.0
2022-02-22 00:00:00-05:00,8.31284292903739,8.329947391959719,8.01636321550572,8.061975479125977,710100,0.0,0.0
2022-02-23 00:00:00-05:00,8.113289266486467,8.113289266486467,7.913735739279351,7.919437408447266,644700,0.0,0.0
2022-02-24 00:00:00-05:00,7.822510730023426,8.090482639663582,7.7312862038700905,8.044870376586914,775900,0.0,0.0
2022-02-25 00:00:00-05:00,8.067677689611262,8.193111703312049,8.056274894042726,8.15320110321045,398400,0.0,0.0
2022-02-28 00:00:00-05:00,8.193112585237937,8.375561683902951,8.164604777636228,8.352755546569824,635000,0.0,0.0
2022-03-01 00:00:00-05:00,8.358456547441564,8.386964352760193,8.181709133200158,8.312844276428223,711400,0.0,0.0
2022-03-02 00:00:00-05:00,8.369858881107834,8.472486206682685,8.34705274834219,8.46108341217041,456500,0.0,0.0
2022-03-03 00:00:00-05:00,8.49529233944833,8.500994008575015,8.392665013873478,8.46108341217041,317100,0.0,0.0
2022-03-04 00:00:00-05:00,8.381262652173502,8.489592203238288,8.364158186541594,8.483890533447266,352500,0.0,0.0
2022-03-07 00:00:00-05:00,8.483891244041207,8.523801848438877,8.347054420042445,8.352755546569824,472600,0.0,0.0
2022-03-08 00:00:00-05:00,8.381261954230698,8.523800424689522,8.35845582070693,8.421173095703125,432200,0.0,0.0
2022-03-09 00:00:00-05:00,8.518099047213358,8.575114654846756,8.421173384222396,8.432576179504395,473400,0.0,0.0
2022-03-10 00:00:00-05:00,8.369858152015265,8.438276544352318,8.29003642241818,8.426873207092285,326300,0.0,0.0
2022-03-11 00:00:00-05:00,8.472486590356095,8.5238005273378,8.432575992144153,8.489591598510742,268100,0.0,0.0
2022-03-14 00:00:00-04:00,8.54090389820845,8.575113366396586,8.375559313404741,8.449679374694824,348800,0.0,0.0
2022-03-15 00:00:00-04:00,8.472485468650321,8.518097730208357,8.369858152015265,8.426873207092285,305400,0.0,0.0
2022-03-16 00:00:00-04:00,8.443980940218433,8.540906619528519,8.398368120187326,8.52950382232666,396900,0.0,0.0
2022-03-17 00:00:00-04:00,8.52950236428721,8.632130240266775,8.489591765291214,8.603622436523438,345600,0.0,0.0
2022-03-18 00:00:00-04:00,8.615026413543706,8.643534221197607,8.535205204602228,8.569414138793945,562600,0.0,0.0
2022-03-21 00:00:00-04:00,8.580816650361461,8.694847326219385,8.580816650361461,8.60932445526123,596600,0.0,0.0
2022-03-22 00:00:00-04:00,8.654935593280467,8.723353989844053,8.654935593280467,8.717652320861816,317700,0.0,0.0
2022-03-23 00:00:00-04:00,8.700549318578814,8.72335545459609,8.643533706665039,8.643533706665039,265100,0.0,0.0
2022-03-24 00:00:00-04:00,8.683444371889053,8.729057187996384,8.615025963339821,8.689146041870117,373500,0.0,0.0
2022-03-25 00:00:00-04:00,8.70625126782366,8.808878611323202,8.689146257456077,8.797475814819336,405300,0.0,0.0
2022-03-28 00:00:00-04:00,8.820282239237576,8.94571572357699,8.803177228312121,8.808878898620605,884200,0.0,0.0
2022-03-29 00:00:00-04:00,8.837385974378718,8.974222788000251,8.814579838775128,8.968521118164062,646700,0.0,0.0
2022-03-30 00:00:00-04:00,8.956857865360064,8.962689286630749,8.79358196258545,8.79358196258545,402200,0.35,0.0
2022-03-31 00:00:00-04:00,8.851895568735891,9.1084720020389,8.828570438435618,9.050159454345703,702800,0.0,0.0
2022-04-01 00:00:00-04:00,9.079315483400906,9.178447426569026,9.050159487504967,9.172616004943848,425600,0.0,0.0
2022-04-04 00:00:00-04:00,9.14929038197247,9.178446932413634,8.974352191555381,9.155121803283691,460400,0.0,0.0
2022-04-05 00:00:00-04:00,9.155120031448183,9.207601700862252,9.021000703936531,9.044325828552246,587800,0.0,0.0
2022-04-06 00:00:00-04:00,9.026831904870214,9.120132962929748,8.921869118239885,9.085144996643066,433900,0.0,0.0
2022-04-07 00:00:00-04:00,9.102640675317907,9.155122358069317,8.846064239340432,8.892714500427246,543400,0.0,0.0
2022-04-08 00:00:00-04:00,8.89854430593914,9.096808157606926,8.892712885333646,9.038495063781738,366000,0.0,0.0
2022-04-11 00:00:00-04:00,9.079313536593764,9.26591509578309,9.079313536593764,9.190108299255371,641500,0.0,0.0
2022-04-12 00:00:00-04:00,9.190110013671335,9.306735662349405,9.190110013671335,9.26591682434082,423200,0.0,0.0
2022-04-13 00:00:00-04:00,9.230927382252544,9.4408540725708,9.230927382252544,9.4408540725708,486600,0.0,0.0
2022-04-14 00:00:00-04:00,9.475844115899402,9.580807490216943,9.452518427282149,9.505000114440918,523000,0.0,0.0
2022-04-18 00:00:00-04:00,9.470012693745089,9.609963488758458,9.440856695203573,9.505000114440918,534500,0.0,0.0
2022-04-19 00:00:00-04:00,9.499169047041633,9.55164961778549,9.248422919436178,9.254254341125488,577300,0.0,0.0
2022-04-20 00:00:00-04:00,9.330061898731719,9.586638912371255,9.324230476577405,9.505000114440918,490600,0.0,0.0
2022-04-21 00:00:00-04:00,9.534155839834686,9.598299249751557,9.429192480769037,9.446686744689941,554000,0.0,0.0
2022-04-22 00:00:00-04:00,9.42336089929481,9.429192320502661,9.178446769714355,9.178446769714355,516100,0.0,0.0
2022-04-25 00:00:00-04:00,9.044328065879789,9.172616004943848,8.939364701086493,9.172616004943848,829200,0.0,0.0
2022-04-26 00:00:00-04:00,9.149291442408597,9.155122864395702,8.910208702087402,8.910208702087402,649400,0.0,0.0
2022-04-27 00:00:00-04:00,8.956855889346558,9.026831260812372,8.898543357849121,8.898543357849121,598600,0.0,0.0
2022-04-28 00:00:00-04:00,8.997677506026069,9.055990051994614,8.881051301859065,8.991846084594727,421300,0.0,0.0
2022-04-29 00:00:00-04:00,8.980182690646265,9.038495789151273,8.787750244140625,8.787750244140625,429600,0.0,0.0
2022-05-02 00:00:00-04:00,8.81690585918112,8.927700623378183,8.490354099275262,8.595316886901855,762900,0.0,0.0
2022-05-03 00:00:00-04:00,8.595317722324431,8.974351747056122,8.583655436394565,8.945195198059082,511900,0.0,0.0
2022-05-04 00:00:00-04:00,8.986015122887135,9.155122460242861,8.863558047138852,9.149291038513184,563100,0.0,0.0
2022-05-05 00:00:00-04:00,9.096809110218205,9.137627946501429,8.85772584539021,8.951026916503906,677300,0.0,0.0
2022-05-06 00:00:00-04:00,8.968519409292986,9.073482752507262,8.816905814897892,8.980181694030762,554400,0.0,0.0
2022-05-09 00:00:00-04:00,8.921869202922577,8.939362908174532,8.525341509779173,8.595316886901855,766300,0.0,0.0
2022-05-10 00:00:00-04:00,8.676954468683318,8.851893176719782,8.46119693268045,8.688616752624512,588800,0.0,0.0
2022-05-11 00:00:00-04:00,8.723605195134201,8.85772452644537,8.583654443475195,8.61864185333252,663400,0.0,0.0
2022-05-12 00:00:00-04:00,8.583655107018007,8.618642519579966,8.280427898868249,8.472860336303711,1116400,0.0,0.0
2022-05-13 00:00:00-04:00,8.525344074401376,8.86355877696131,8.496187519467236,8.776089668273926,617200,0.0,0.0
2022-05-16 00:00:00-04:00,8.78191930223654,8.986014032985988,8.746931332217107,8.945195198059082,564400,0.0,0.0
2022-05-17 00:00:00-04:00,9.08514703643455,9.155122428603889,9.021003065974737,9.114303588867188,625700,0.0,0.0
2022-05-18 00:00:00-04:00,8.50784959210408,8.571993562248393,8.315417125556166,8.33874225616455,6600800,0.0,0.0
2022-05-19 00:00:00-04:00,8.2512718158904,8.437873399155803,8.239609529750958,8.31541633605957,1495000,0.0,0.0
2022-05-20 00:00:00-04:00,8.420377845907446,8.420377845907446,8.082163257948793,8.222114562988281,1693400,0.0,0.0
2022-05-23 00:00:00-04:00,8.2745983121438,8.513681612846456,8.210454337486025,8.437874794006348,1088900,0.0,0.0
2022-05-24 00:00:00-04:00,8.437874331630155,8.542837142944336,8.31541725500112,8.542837142944336,807000,0.0,0.0
2022-05-25 00:00:00-04:00,8.484524070226263,8.606981139301835,8.47286122740242,8.490355491638184,695300,0.0,0.0
2022-05-26 00:00:00-04:00,8.601149886137657,8.630306437652642,8.531174496170673,8.554499626159668,500200,0.0,0.0
2022-05-27 00:00:00-04:00,8.601149726293539,8.706113087350856,8.560330888600118,8.66529369354248,620700,0.0,0.0
2022-05-31 00:00:00-04:00,8.647799681566232,8.647799681566232,8.542836324196777,8.571992874145508,666300,0.0,0.0
2022-06-01 00:00:00-04:00,8.571991582488915,8.589485287376167,8.420377990493112,8.531172752380371,445200,0.0,0.0
2022-06-02 00:00:00-04:00,8.5253437296082,8.566162571196127,8.44370549031734,8.54866886138916,403000,0.0,0.0
2022-06-03 00:00:00-04:00,8.537005178381367,8.537005178381367,8.4203789824214,8.426210403442383,529500,0.0,0.0
2022-06-06 00:00:00-04:00,8.467030421015922,8.496186416048475,8.362067059330862,8.385392189025879,518400,0.0,0.0
2022-06-07 00:00:00-04:00,8.379560308594304,8.42037914429605,8.332910051759471,8.402885437011719,518100,0.0,0.0
2022-06-08 00:00:00-04:00,8.350404772410583,8.37956132549939,8.210453984922305,8.29792308807373,856400,0.0,0.0
2022-06-09 00:00:00-04:00,8.309586637426111,8.338743192990966,8.134647860152027,8.152141571044922,587400,0.0,0.0
2022-06-10 00:00:00-04:00,8.105490387471082,8.11715323082342,7.953877316695558,8.012189865112305,578600,0.0,0.0
2022-06-13 00:00:00-04:00,7.86057651402626,7.86057651402626,7.102509465205358,7.154991149902344,1604700,0.0,0.0
2022-06-14 00:00:00-04:00,7.038364270574812,7.079183663761742,6.851763236971519,6.921738624572754,1372900,0.0,0.0
2022-06-15 00:00:00-04:00,6.985883336997568,7.114171839359621,6.775957151771943,6.980052471160889,1226400,0.0,0.0
2022-06-16 00:00:00-04:00,6.834269640743991,6.834269640743991,6.536873821494302,6.624342918395996,1426300,0.0,0.0
2022-06-17 00:00:00-04:00,6.653498604677076,6.816774490527006,6.519379266043354,6.758461952209473,1100000,0.0,0.0
2022-06-21 00:00:00-04:00,6.892582810230623,7.114171839359621,6.845932546847151,6.980052471160889,1042900,0.0,0.0
2022-06-22 00:00:00-04:00,6.92756997921047,7.160821268969096,6.8984134289619075,7.096677303314209,856800,0.0,0.0
2022-06-23 00:00:00-04:00,7.149159238282245,7.277447174181204,7.108339844028066,7.224966049194336,743700,0.0,0.0
2022-06-24 00:00:00-04:00,7.27161627332611,7.615662353434592,7.27161627332611,7.5223612785339355,1315500,0.0,0.0
2022-06-27 00:00:00-04:00,7.569009939222886,7.6389858696470085,7.499034564913603,7.545684814453125,862000,0.0,0.0
2022-06-28 00:00:00-04:00,7.638986335411842,7.662311461603784,7.423228222992784,7.458216190338135,973900,0.0,0.0
2022-06-29 00:00:00-04:00,7.410254058765619,7.470207800937757,7.2483798697188595,7.302338123321533,765800,0.35,0.0
2022-06-30 00:00:00-04:00,7.20041717207681,7.362291362638605,7.152454406594703,7.332314491271973,738900,0.0,0.0
2022-07-01 00:00:00-04:00,7.2843512908342225,7.608100224387716,7.2843512908342225,7.584118843078613,732800,0.0,0.0
2022-07-05 00:00:00-04:00,7.500184751022753,7.500184751022753,7.338309988509718,7.494189262390137,796300,0.0,0.0
2022-07-06 00:00:00-04:00,7.4941884502296565,7.57212807872339,7.338309193242191,7.386271953582764,639500,0.0,0.0
2022-07-07 00:00:00-04:00,7.4582153061808745,7.53016001085244,7.416248038256747,7.440229415893555,414500,0.0,0.0
2022-07-08 00:00:00-04:00,7.476204503980838,7.548148663217633,7.392269365657234,7.518171787261963,600200,0.0,0.0
2022-07-11 00:00:00-04:00,7.518170555568452,7.542151938051874,7.392268154590173,7.422245025634766,474500,0.0,0.0
2022-07-12 00:00:00-04:00,7.386272853223649,7.584119406666335,7.386272853223649,7.446226596832275,715300,0.0,0.0
2022-07-13 00:00:00-04:00,7.368285874715931,7.560136911217577,7.368285874715931,7.482197284698486,833600,0.0,0.0
2022-07-14 00:00:00-04:00,7.386271953582765,7.428239797701669,7.278356028697075,7.386271953582764,512800,0.0,0.0
2022-07-15 00:00:00-04:00,7.566133410697731,7.590114793466928,7.314328605740521,7.494189262390137,754000,0.0,0.0
2022-07-18 00:00:00-04:00,7.524165463721183,7.596109605621732,7.410253476891071,7.470207214355469,733500,0.0,0.0
2022-07-19 00:00:00-04:00,7.53016153311133,7.8239336114899665,7.524166044549824,7.704026699066162,947700,0.0,0.0
2022-07-20 00:00:00-04:00,7.704026031715103,7.847914314159538,7.656063270900292,7.799951553344727,526000,0.0,0.0
2022-07-21 00:00:00-04:00,7.75198969408768,7.79395697174114,7.6860404614765,7.787961483001709,840600,0.0,0.0
2022-07-22 00:00:00-04:00,7.829928661930915,7.895877317133563,7.698030779764394,7.763979434967041,625900,0.0,0.0
2022-07-25 00:00:00-04:00,7.775969675887282,7.883885594941878,7.775969675887282,7.829927921295166,815600,0.0,0.0
2022-07-26 00:00:00-04:00,7.769974708469531,7.913862991350528,7.769974708469531,7.889881610870361,302900,0.0,0.0
2022-07-27 00:00:00-04:00,7.889882752427341,8.105715779738102,7.859905879549591,8.075738906860352,388900,0.0,0.0
2022-07-28 00:00:00-04:00,8.117706827958571,8.333539300580801,8.075739545666806,8.309557914733887,458100,0.0,0.0
2022-07-29 00:00:00-04:00,8.291571269851442,8.399487782302156,8.177659840301134,8.213631629943848,818500,0.0,0.0
2022-08-01 00:00:00-04:00,8.261594341877732,8.381501259484414,8.093724657228378,8.273585319519043,677400,0.0,0.0
2022-08-02 00:00:00-04:00,8.17765943819991,8.18365435500473,7.913863658905029,7.913863658905029,678100,0.0,0.0
2022-08-03 00:00:00-04:00,7.967822188961607,8.051757316515493,7.91985942229118,8.00978946685791,566100,0.0,0.0
2022-08-04 00:00:00-04:00,8.009788750731138,8.06974248958956,7.937844607157769,8.045761108398438,367300,0.0,0.0
2022-08-05 00:00:00-04:00,7.991803572296821,8.051757316515493,7.95583178317464,8.00978946685791,335100,0.0,0.0
2022-08-08 00:00:00-04:00,8.075737360837502,8.231616040789985,8.075737360837502,8.153676986694336,366200,0.0,0.0
2022-08-09 00:00:00-04:00,8.15367947869897,8.18965127285082,8.033771973495847,8.105716705322266,358000,0.0,0.0
2022-08-10 00:00:00-04:00,8.177660240446965,8.261594801561206,8.117706492427097,8.23161792755127,583900,0.0,0.0
2022-08-11 00:00:00-04:00,8.249603728444024,8.27958060003182,8.195645473938244,8.207635879516602,296000,0.0,0.0
2022-08-12 00:00:00-04:00,8.279582023620605,8.309558328601248,8.20763729073523,8.279582023620605,302900,0.0,0.0
2022-08-15 00:00:00-04:00,8.261595003510207,8.32754424229641,8.219627721927226,8.297567367553711,255500,0.0,0.0
2022-08-16 00:00:00-04:00,8.25559804712865,8.399486324244672,8.231616095848127,8.333537101745605,303000,0.0,0.0
2022-08-17 00:00:00-04:00,8.237612582456903,8.285575347310935,8.171663923722924,8.225622177124023,366000,0.0,0.0
2022-08-18 00:00:00-04:00,8.249605146878594,8.309558328601248,8.231618677776567,8.279582023620605,225800,0.0,0.0
2022-08-19 00:00:00-04:00,8.23161792755127,8.249604395014021,8.13569238812853,8.23161792755127,457600,0.0,0.0
2022-08-22 00:00:00-04:00,8.153678840893264,8.18965063223129,8.01578544940066,8.0517578125,482800,0.0,0.0
2022-08-23 00:00:00-04:00,8.063747613902056,8.18965001765975,8.063747613902056,8.1296968460083,445300,0.0,0.0
2022-08-24 00:00:00-04:00,8.165669994604821,8.201642360995754,8.135693117905939,8.147684097290039,429500,0.0,0.0
2022-08-25 00:00:00-04:00,8.213631262452013,8.333538175498363,8.171663985826106,8.327543258666992,353700,0.0,0.0
2022-08-26 00:00:00-04:00,8.345528144809169,8.357518548785114,8.18964889079354,8.19564437866211,345200,0.0,0.0
2022-08-29 00:00:00-04:00,8.153678196772091,8.243608239774211,8.117705836514482,8.207635879516602,602100,0.0,0.0
2022-08-30 00:00:00-04:00,8.207635737507786,8.237612608576923,7.913863658905029,7.913863658905029,668500,0.0,0.0
2022-08-31 00:00:00-04:00,7.9438407459280675,8.075738639161163,7.859905619004957,7.907868385314941,511000,0.0,0.0
2022-09-01 00:00:00-04:00,7.853910599705958,7.90187336539102,7.620091688170332,7.7459940910339355,607600,0.0,0.0
2022-09-02 00:00:00-04:00,7.967822784445741,8.045762429050411,7.716017954726445,7.75199031829834,457600,0.0,0.0
2022-09-06 00:00:00-04:00,7.763979722638141,7.8539103340770176,7.614095942001261,7.7399983406066895,564800,0.0,0.0
2022-09-07 00:00:00-04:00,7.710021065186351,7.8419189453125,7.662058303642518,7.8419189453125,541100,0.0,0.0
2022-09-08 00:00:00-04:00,7.793956065302573,7.8299284217942855,7.692035055630796,7.799951553344727,359300,0.0,0.0
2022-09-09 00:00:00-04:00,7.883886356537434,8.06974248958956,7.847914570631363,8.045761108398438,411700,0.0,0.0
2022-09-12 00:00:00-04:00,8.075738471995402,8.165668514024775,8.06374749478548,8.13569164276123,301500,0.0,0.0
2022-09-13 00:00:00-04:00,7.991802718077283,8.045760967754399,7.7939561837686675,7.8419189453125,565400,0.0,0.0
2022-09-14 00:00:00-04:00,7.859905166804476,7.991803052449148,7.859905166804476,7.949835777282715,430100,0.0,0.0
2022-09-15 00:00:00-04:00,7.925853436793106,8.02777443994996,7.829927921295166,7.829927921295166,495000,0.0,0.0
2022-09-16 00:00:00-04:00,7.757985166601452,7.775971634107722,7.602106450542999,7.6081013679504395,1828800,0.0,0.0
2022-09-19 00:00:00-04:00,7.518170135312087,7.781965327883904,7.488193265943165,7.763979434967041,551100,0.0,0.0
2022-09-20 00:00:00-04:00,7.680044962929896,7.7040263443103605,7.578123949122617,7.626086711883545,331600,0.0,0.0
2022-09-21 00:00:00-04:00,7.704027261241711,7.793957309181594,7.614096641540527,7.614096641540527,492300,0.0,0.0
2022-09-22 00:00:00-04:00,7.578124678095793,7.6140964677461564,7.29034750208644,7.308333396911621,532200,0.0,0.0
2022-09-23 00:00:00-04:00,7.1944213959594645,7.212407289356215,6.912639731191238,7.026551723480225,770300,0.0,0.0
2022-09-26 00:00:00-04:00,6.960603573831508,6.9965759379629056,6.5109521668763675,6.606878280639648,928000,0.0,0.0
2022-09-27 00:00:00-04:00,6.684817308689906,6.846692088525164,6.504957204554723,6.5948872566223145,869300,0.0,0.0
2022-09-28 00:00:00-04:00,6.64884409918235,6.780741976290286,6.558913494524627,6.684815883636475,725700,0.0,0.0
2022-09-29 00:00:00-04:00,6.629109716858489,6.653868272866837,6.183455118417685,6.332006454467773,1078400,0.35,0.0
2022-09-30 00:00:00-04:00,6.362955677589236,6.629110634228767,6.344386905585968,6.468179702758789,1530600,0.0,0.0
2022-10-03 00:00:00-04:00,6.579593948460252,6.666249207330604,6.239163291108239,6.610542297363281,1117300,0.0,0.0
2022-10-04 00:00:00-04:00,6.746713247013442,7.14285076494952,6.746713247013442,7.080954074859619,1281800,0.0,0.0
2022-10-05 00:00:00-04:00,6.926213077486908,6.926213077486908,6.523886354783701,6.721954822540283,738600,0.0,0.0
2022-10-06 00:00:00-04:00,6.703386753781714,6.746714088071561,6.561025175234697,6.610542297363281,901400,0.0,0.0
2022-10-07 00:00:00-04:00,6.573403355902197,6.684817162197508,6.449610565735511,6.530076026916504,712500,0.0,0.0
2022-10-10 00:00:00-04:00,6.548644343508225,6.63529958575785,6.369144662648001,6.387713432312012,513100,0.0,0.0
2022-10-11 00:00:00-04:00,6.3753347557222,6.728144347748491,6.2948692962566195,6.653868675231934,799800,0.0,0.0
2022-10-12 00:00:00-04:00,6.6662475181925425,6.73433339629463,6.486747258096069,6.672436714172363,661300,0.0,0.0
2022-10-13 00:00:00-04:00,6.5424544364318,6.94478170701682,6.418661657132768,6.93240213394165,866600,0.0,0.0
2022-10-14 00:00:00-04:00,6.963349989758788,7.012867098018278,6.691005894331594,6.703384876251221,711800,0.0,0.0
2022-10-17 00:00:00-04:00,6.901454049368735,7.01905763681415,6.833368165783349,6.957160949707031,911700,0.0,0.0
2022-10-18 00:00:00-04:00,7.093334387906061,7.198558417845722,6.901455100871783,6.975731372833252,645500,0.0,0.0
2022-10-19 00:00:00-04:00,6.889076265414045,7.000490085486233,6.845748931070708,6.93859338760376,566400,0.0,0.0
2022-10-20 00:00:00-04:00,6.901452945805432,6.99429796161991,6.715764094757399,6.7652812004089355,680900,0.0,0.0
2022-10-21 00:00:00-04:00,6.820990049243441,6.876696366369489,6.697196659299432,6.858127593994141,394900,0.0,0.0
2022-10-24 00:00:00-04:00,6.907643326117624,6.97572979496646,6.8147988926025915,6.950970649719238,522600,0.0,0.0
2022-10-25 00:00:00-04:00,6.988109847686866,7.340919457433389,6.957161501677911,7.291402339935303,645800,0.0,0.0
2022-10-26 00:00:00-04:00,7.291401676737308,7.439953606010459,7.241884563743108,7.279022693634033,505500,0.0,0.0
2022-10-27 00:00:00-04:00,7.409005602508137,7.576125718953131,7.32235035565,7.359488487243652,880200,0.0,0.0
2022-10-28 00:00:00-04:00,7.365677944443664,7.638022678321219,7.365677944443664,7.6194539070129395,535400,0.0,0.0
2022-10-31 00:00:00-04:00,7.619452700747626,7.755624455837923,7.582314573719951,7.638021469116211,657500,0.0,0.0
2022-11-01 00:00:00-04:00,7.8051418754007615,7.8051418754007615,7.6380217728566375,7.712297439575195,540300,0.0,0.0
2022-11-02 00:00:00-04:00,7.854661192621449,7.86085098082577,7.42757584146511,7.452334403991699,772700,0.0,0.0
2022-11-03 00:00:00-04:00,7.347108140932715,7.378056482292282,6.882884791410753,7.099522590637207,1240800,0.0,0.0
2022-11-04 00:00:00-04:00,7.254266274131108,7.3904380798339835,7.142852441928099,7.390438079833984,564400,0.0,0.0
2022-11-07 00:00:00-05:00,7.45852330914717,7.489471656213962,7.254265044913209,7.464713096618652,476500,0.0,0.0
2022-11-08 00:00:00-05:00,7.4523323365611045,7.514229020851508,7.241884318322367,7.34091854095459,551700,0.0,0.0
2022-11-09 00:00:00-05:00,7.272834524068874,7.409006910226448,7.198558838062201,7.24807596206665,322300,0.0,0.0
2022-11-10 00:00:00-05:00,7.538987936504237,7.631832377082734,7.43376392236031,7.6132636070251465,532500,0.0,0.0
2022-11-11 00:00:00-05:00,7.613263210470529,7.80514186841579,7.563746099369137,7.668970108032227,367500,0.0,0.0
2022-11-14 00:00:00-05:00,7.631832293772974,7.668970423773304,7.501849724207646,7.5142292976379395,441500,0.0,0.0
2022-11-15 00:00:00-05:00,7.644212542040002,7.699918856522466,7.514229960999715,7.569936275482178,414300,0.0,0.0
2022-11-16 00:00:00-05:00,7.551368360865504,7.551368360865504,7.3780584299092995,7.421385765075684,389300,0.0,0.0
2022-11-17 00:00:00-05:00,7.303780989093105,7.316159971753954,7.149039868944058,7.254263877868652,490300,0.0,0.0
2022-11-18 00:00:00-05:00,7.396625726433833,7.396625726433833,7.223315830086925,7.285212516784668,594600,0.0,0.0
2022-11-21 00:00:00-05:00,7.285213141137927,7.452333265079386,7.254264795136737,7.4399542808532715,474700,0.0,0.0
2022-11-22 00:00:00-05:00,7.458523744890288,7.563747776890425,7.402816834973667,7.545178413391113,358800,0.0,0.0
2022-11-23 00:00:00-05:00,7.514229887475001,7.662781238555908,7.458522983247012,7.662781238555908,472200,0.0,0.0
2022-11-25 00:00:00-05:00,7.66278109410376,7.792763671421883,7.656591307019425,7.743246555328369,211600,0.0,0.0
2022-11-28 00:00:00-05:00,7.7061083482662,7.798953382757708,7.675160003435697,7.687539577484131,561700,0.0,0.0
2022-11-29 00:00:00-05:00,7.668970507488467,7.668970507488467,7.520418576156092,7.6132636070251465,464500,0.0,0.0
2022-11-30 00:00:00-05:00,7.582314875245087,7.712297439575195,7.464711883846669,7.712297439575195,753700,0.0,0.0
2022-12-01 00:00:00-05:00,7.78657195132118,7.891795944470692,7.538986432316707,7.557555198669434,620100,0.0,0.0
2022-12-02 00:00:00-05:00,7.439953519433711,7.532797957644794,7.3471084909320865,7.495659828186035,529600,0.0,0.0
2022-12-05 00:00:00-05:00,7.433763958706499,7.495660055964609,7.136660684879667,7.1552300453186035,731300,0.0,0.0
2022-12-06 00:00:00-05:00,7.1861787338500385,7.204748096705175,6.864317451472623,6.913834571838379,1365700,0.0,0.0
2022-12-07 00:00:00-05:00,6.926211814074307,7.031435815948695,6.876694706167593,7.025246620178223,920600,0.0,0.0
2022-12-08 00:00:00-05:00,7.025246411847945,7.06238394653144,6.901453055461705,6.907642841339111,456100,0.0,0.0
2022-12-09 00:00:00-05:00,6.870507593363412,7.074765872977236,6.814800682506793,7.000490188598633,471000,0.0,0.0
2022-12-12 00:00:00-05:00,7.0500060306602,7.173798815466981,6.957160999337196,7.1552300453186035,622900,0.0,0.0
2022-12-13 00:00:00-05:00,7.4275747820870235,7.588505710701988,7.316160971462724,7.347109317779541,1270400,0.0,0.0
2022-12-14 00:00:00-05:00,7.322350907450251,7.390436798497114,7.217126882011067,7.26664400100708,784400,0.0,0.0
2022-12-15 00:00:00-05:00,7.155229176005967,7.186176925729797,7.000488066224865,7.025246620178223,618600,0.0,0.0
2022-12-16 00:00:00-05:00,6.876696809205709,6.950972493780841,6.82717968615562,6.851938247680664,747700,0.0,0.0
2022-12-19 00:00:00-05:00,6.858126781360195,6.907643895354159,6.746712979728495,6.777661323547363,566400,0.0,0.0
2022-12-20 00:00:00-05:00,6.74052369606684,6.746712892518161,6.622920109133439,6.6352996826171875,569700,0.0,0.0
2022-12-21 00:00:00-05:00,6.72195511436596,6.88907583400887,6.72195511436596,6.796230792999268,741300,0.0,0.0
2022-12-22 00:00:00-05:00,6.697195268963168,6.7281436100243015,6.554833726488664,6.672436714172363,515700,0.0,0.0
2022-12-23 00:00:00-05:00,6.6848163757824075,6.771471023559569,6.6848163757824075,6.77147102355957,550000,0.0,0.0
2022-12-27 00:00:00-05:00,6.808609962463379,6.858127078603502,6.709575730183133,6.808609962463379,552000,0.0,0.0
2022-12-28 00:00:00-05:00,6.790040698312208,6.820989041224605,6.301058769226075,6.301058769226074,1520600,0.0,0.0
2022-12-29 00:00:00-05:00,6.410030557234715,6.480540673293363,6.345930007139107,6.474131107330322,926300,0.35,0.0
2022-12-30 00:00:00-05:00,6.41002833497083,6.634379571217984,6.377978071034388,6.595919132232666,1086600,0.0,0.0
2023-01-03 00:00:00-05:00,6.7113007032739596,6.897191524505615,6.672840259329333,6.897191524505615,974300,0.0,0.0
2023-01-04 00:00:00-05:00,7.006162331233693,7.083082610692264,6.910011523429447,6.9548821449279785,821600,0.0,0.0
2023-01-05 00:00:00-05:00,6.954883043741021,6.967702786320187,6.8523220465671,6.858732223510742,457100,0.0,0.0
2023-01-06 00:00:00-05:00,6.890781688254024,6.961291792435028,6.839501501339103,6.929242134094238,675900,0.0,0.0
2023-01-09 00:00:00-05:00,7.012572680164231,7.089493579531892,6.9805230186205005,7.038212776184082,1108600,0.0,0.0
2023-01-10 00:00:00-05:00,7.044622026240443,7.063852554206485,6.922831738995654,7.01898193359375,501100,0.0,0.0
2023-01-11 00:00:00-05:00,7.051032826658662,7.15359320632804,7.025392731741317,7.089493274688721,542800,0.0,0.0
2023-01-12 00:00:00-05:00,7.185644341468498,7.268974812792657,7.102313870144338,7.249744892120361,1011300,0.0,0.0
2023-01-13 00:00:00-05:00,7.179232757594219,7.416403770446777,7.140772923784635,7.416403770446777,733200,0.0,0.0
2023-01-17 00:00:00-05:00,7.442043091986288,7.608703984706649,7.435633527887791,7.4997334480285645,836000,0.0,0.0
2023-01-18 00:00:00-05:00,7.531784384689997,7.640754931075261,7.416403662327241,7.429224014282227,703100,0.0,0.0
2023-01-19 00:00:00-05:00,7.339483207203497,7.403583742813733,7.268973107078647,7.345893383026123,434500,0.0,0.0
2023-01-20 00:00:00-05:00,7.377943066784858,7.512553691864015,7.301022796926478,7.512553691864014,375400,0.0,0.0
2023-01-23 00:00:00-05:00,7.525374450474682,7.647165352727617,7.4869146159902105,7.6407551765441895,535700,0.0,0.0
2023-01-24 00:00:00-05:00,7.659984723933165,7.704855343742586,7.583064447370179,7.627934455871582,425600,0.0,0.0
2023-01-25 00:00:00-05:00,7.5702458783491435,7.685626005393518,7.506145332307071,7.672806262969971,342400,0.0,0.0
2023-01-26 00:00:00-05:00,7.7304952722977935,7.7689551041111935,7.595884638334887,7.647164821624756,397900,0.0,0.0
2023-01-27 00:00:00-05:00,7.627933278363022,7.839464159084644,7.621523714786551,7.826644420623779,441100,0.0,0.0
2023-01-30 00:00:00-05:00,7.756135957745102,7.7881856162739584,7.6087049610185495,7.634345054626465,477900,0.0,0.0
2023-01-31 00:00:00-05:00,7.6856253925916205,7.884336580431616,7.634345204369957,7.871516227722168,657400,0.0,0.0
2023-02-01 00:00:00-05:00,7.852285822304705,8.102277182840806,7.80741581322439,7.993306636810303,634200,0.0,0.0
2023-02-02 00:00:00-05:00,8.07022815484721,8.172788540685733,8.038177881445643,8.063817977905273,736000,0.0,0.0
2023-02-03 00:00:00-05:00,7.954845824803993,8.018946358792247,7.916385993457439,7.980485916137695,638800,0.0,0.0
2023-02-06 00:00:00-05:00,7.929205849038933,7.929205849038933,7.743315031333226,7.78177547454834,383300,0.0,0.0
2023-02-07 00:00:00-05:00,7.724086366493237,7.858697022587773,7.647166078911804,7.833056926727295,898100,0.0,0.0
2023-02-08 00:00:00-05:00,7.807415306339262,7.826645221652634,7.570244313114393,7.602293968200684,446300,0.0,0.0
2023-02-09 00:00:00-05:00,7.659985802892748,7.7112659944912245,7.294614284926571,7.313844203948975,881700,0.0,0.0
2023-02-10 00:00:00-05:00,7.313843794543003,7.576654914600885,7.313843794543003,7.544605255126953,551600,0.0,0.0
2023-02-13 00:00:00-05:00,7.576655443906861,7.692036182259347,7.551015347751655,7.672806262969971,515200,0.0,0.0
2023-02-14 00:00:00-05:00,7.659985601498964,7.698446049840685,7.570245574215096,7.621525764465332,531600,0.0,0.0
2023-02-15 00:00:00-05:00,7.711266851091428,7.775367403364138,7.583066357854181,7.743317127227783,1226000,0.0,0.0
2023-02-16 00:00:00-05:00,7.615115582589806,7.653575419596837,7.371534373415624,7.518964767456055,1611600,0.0,0.0
2023-02-17 00:00:00-05:00,7.506144606462675,7.5446050526304145,7.3971740555134735,7.480504512786865,1360100,0.0,0.0
2023-02-21 00:00:00-05:00,7.461273918204421,7.480503833889042,7.256152576105813,7.2625627517700195,1194400,0.0,0.0
2023-02-22 00:00:00-05:00,7.294613118759155,7.461274020464692,7.294613118759155,7.371533393859863,1208300,0.0,0.0
2023-02-23 00:00:00-05:00,7.403584957122803,7.4612753263725775,7.294614395497253,7.403584957122803,625800,0.0,0.0
2023-02-24 00:00:00-05:00,7.3266643048168625,7.422814507920903,7.262563761875447,7.390764236450195,512800,0.0,0.0
2023-02-27 00:00:00-05:00,7.448452693424964,7.467682606854567,7.211281723433438,7.217691898345947,602700,0.0,0.0
2023-02-28 00:00:00-05:00,7.21769461679443,7.3394849294631825,7.21769461679443,7.249744892120361,663400,0.0,0.0
2023-03-01 00:00:00-05:00,7.256152392615268,7.256152392615268,7.108722023914673,7.179232120513916,969200,0.0,0.0
2023-03-02 00:00:00-05:00,7.179231512938067,7.249742214877996,7.10231124734645,7.211281776428223,989700,0.0,0.0
2023-03-03 00:00:00-05:00,7.294614395497253,7.442044795750577,7.2561539455613655,7.403584957122803,584300,0.0,0.0
2023-03-06 00:00:00-05:00,7.480503665385512,7.5574239376993075,7.416403132803356,7.435633659362793,570800,0.0,0.0
2023-03-07 00:00:00-05:00,7.43563457023082,7.480504581750132,7.140773184586645,7.185643196105957,617100,0.0,0.0
2023-03-08 00:00:00-05:00,7.051032032460262,7.095902040684627,6.685660568214977,6.781810760498047,1855600,0.0,0.0
2023-03-09 00:00:00-05:00,6.7946309089902055,6.922831365303455,6.5510497363410325,6.563869476318359,1072600,0.0,0.0
2023-03-10 00:00:00-05:00,6.570280078571085,6.627970440484897,6.269008528192307,6.281828880310059,1190500,0.0,0.0
2023-03-13 00:00:00-04:00,6.204908956825243,6.30105915798187,5.954917577986714,6.192088603973389,1176400,0.0,0.0
2023-03-14 00:00:00-04:00,6.416438844785755,6.493359115461629,6.153627767149531,6.198497772216797,1009100,0.0,0.0
2023-03-15 00:00:00-04:00,6.038247794672635,6.038247794672635,5.67287631140716,5.845946788787842,1507400,0.0,0.0
2023-03-16 00:00:00-04:00,5.77543759609886,5.96132845514505,5.602366480103369,5.865177631378174,1153300,0.0,0.0
2023-03-17 00:00:00-04:00,5.820306854941439,5.884407395762528,5.595955573375688,5.660056114196777,1206100,0.0,0.0
2023-03-20 00:00:00-04:00,5.70492537737232,5.8651760970884865,5.692105637675178,5.7562055587768555,1018900,0.0,0.0
2023-03-21 00:00:00-04:00,5.890816472428174,6.006197191817431,5.871586556299302,5.948506832122803,797600,0.0,0.0
2023-03-22 00:00:00-04:00,5.903636648522247,5.948506655258184,5.704925483405397,5.7113356590271,1034000,0.0,0.0
2023-03-23 00:00:00-04:00,5.775436836623186,5.839536766063757,5.474165273197512,5.525445461273193,1082600,0.0,0.0
2023-03-24 00:00:00-04:00,5.461345863433542,5.711336642654364,5.390835142067178,5.6921067237854,882900,0.0,0.0
2023-03-27 00:00:00-04:00,5.820306464139927,5.858766908311787,5.685695826500452,5.769026279449463,996800,0.0,0.0
2023-03-28 00:00:00-04:00,5.724157271617005,5.8523577557607185,5.704926740514352,5.762617111206055,737700,0.0,0.0
2023-03-29 00:00:00-04:00,5.8395375339686355,5.865177631378174,5.7818477732782805,5.865177631378174,671500,0.0,0.0
2023-03-30 00:00:00-04:00,5.9118312079583895,5.9584858174001685,5.858511472704533,5.951821327209473,753200,0.35,0.0
2023-03-31 00:00:00-04:00,5.965151328734549,6.065126315512858,5.918496716277525,6.0584611892700195,775300,0.0,0.0
2023-04-03 00:00:00-04:00,6.105115425983227,6.218420022652376,6.038466074521095,6.065125942230225,710400,0.0,0.0
2023-04-04 00:00:00-04:00,6.098450875422431,6.138440998569119,6.005141647449233,6.0917863845825195,611100,0.0,0.0
2023-04-05 00:00:00-04:00,6.045131229123797,6.158435838245713,6.00514174097574,6.118446350097656,559700,0.0,0.0
2023-04-06 00:00:00-04:00,6.118446150904572,6.151770511402555,6.04513103231757,6.085121154785156,475300,0.0,0.0
2023-04-10 00:00:00-04:00,6.065126176668833,6.091786045408461,5.49193804533471,5.691887378692627,2451600,0.0,0.0
2023-04-11 00:00:00-04:00,5.745206832885742,5.858511428347662,5.665227230610512,5.745206832885742,1447800,0.0,0.0
2023-04-12 00:00:00-04:00,5.825187119605739,5.891837113810325,5.738542381388358,5.7785325050354,587300,0.0,0.0
2023-04-13 00:00:00-04:00,5.771866524703434,5.865176375662966,5.585247458405728,5.805191516876221,887000,0.0,0.0
2023-04-14 00:00:00-04:00,5.871841779659976,5.958485873547916,5.711881936769698,5.771866798400879,640200,0.0,0.0
2023-04-17 00:00:00-04:00,5.7452076888721955,5.978482040313518,5.6852228193232,5.965151786804199,670500,0.0,0.0
2023-04-18 00:00:00-04:00,5.951822166193189,5.971816910826549,5.791862302261897,5.851847171783447,845500,0.0,0.0
2023-04-19 00:00:00-04:00,5.818521371394042,6.105115425983227,5.8118568811827975,6.065125942230225,870100,0.0,0.0
2023-04-20 00:00:00-04:00,5.9984767849560265,6.031801783107855,5.911832044009863,5.965151786804199,442000,0.0,0.0
2023-04-21 00:00:00-04:00,5.971816618992635,5.971816618992635,5.831852142156033,5.9051666259765625,386700,0.0,0.0
2023-04-24 00:00:00-04:00,5.8318517716431355,5.838516897645579,5.585247830145366,5.758537292480469,944500,0.0,0.0
2023-04-25 00:00:00-04:00,5.591913008246192,5.611907750818405,5.411958418232057,5.44528341293335,1242800,0.0,0.0
2023-04-26 00:00:00-04:00,5.445283302616135,5.625237253363137,5.41862343451949,5.45861291885376,1140500,0.0,0.0
2023-04-27 00:00:00-04:00,5.491938119408732,5.651897334003996,5.478608502669835,5.625237464904785,608500,0.0,0.0
2023-04-28 00:00:00-04:00,5.611906927705756,5.798525980791134,5.611906927705756,5.738541126251221,609200,0.0,0.0
2023-05-01 00:00:00-04:00,5.711882017148575,5.8251866161305,5.6652274066106285,5.685222148895264,1206800,0.0,0.0
2023-05-02 00:00:00-04:00,5.625237440315434,5.698552556733847,5.012060135903235,5.245334148406982,2316700,0.0,0.0
2023-05-03 00:00:00-04:00,5.291989110055984,5.671892722074094,5.291989110055984,5.451948642730713,1226600,0.0,0.0
2023-05-04 00:00:00-04:00,5.418622920214856,5.418622920214856,5.172019004821777,5.172019004821777,999300,0.0,0.0
2023-05-05 00:00:00-04:00,5.325313397788348,5.431952866558765,5.2786587891066326,5.3653035163879395,918900,0.0,0.0
2023-05-08 00:00:00-04:00,5.4319531608042695,5.505268276271394,5.371968933087631,5.44528341293335,674900,0.0,0.0
2023-05-09 00:00:00-04:00,5.411957845222208,5.5052676933820415,5.371968364311807,5.418622970581055,603800,0.0,0.0
2023-05-10 00:00:00-04:00,5.511933507210075,5.55192299311537,5.431953264156647,5.451948642730713,605700,0.0,0.0
2023-05-11 00:00:00-04:00,5.3919633980694925,5.598577210462033,5.385298272348089,5.498602867126465,843700,0.0,0.0
2023-05-12 00:00:00-04:00,5.545257672199432,5.585247792321873,5.471943193533254,5.551922798156738,548900,0.0,0.0
2023-05-15 00:00:00-04:00,5.565253161084745,5.751872242262143,5.565253161084745,5.691887378692627,583600,0.0,0.0
2023-05-16 00:00:00-04:00,5.705217707823834,5.731877576923045,5.611907848165888,5.625237464904785,682300,0.0,0.0
2023-05-17 00:00:00-04:00,5.678558416520345,5.925162389685457,5.658563035945336,5.878507137298584,890700,0.0,0.0
2023-05-18 00:00:00-04:00,5.831851773742862,5.911831378936768,5.811857031349736,5.911831378936768,654600,0.0,0.0
2023-05-19 00:00:00-04:00,5.965151784074939,5.97848203757816,5.791862302261897,5.851847171783447,533400,0.0,0.0
2023-05-22 00:00:00-04:00,5.891835813862275,6.071789741516113,5.825185834363039,6.071789741516113,543500,0.0,0.0
2023-05-23 00:00:00-04:00,6.018470410152033,6.285069710157226,6.018470410152033,6.158434867858887,588000,0.0,0.0
2023-05-24 00:00:00-04:00,6.098450090618156,6.131775083014924,5.991810623445589,6.051795482635498,462600,0.0,0.0
2023-05-25 00:00:00-04:00,6.03180120318147,6.051795945901587,5.891836732897827,5.938491344451904,810600,0.0,0.0
2023-05-26 00:00:00-04:00,5.958485455483575,6.1717650191658455,5.938490714883199,6.13177490234375,448200,0.0,0.0
2023-05-30 00:00:00-04:00,6.178429597353299,6.265073677488029,6.125109234439276,6.218419075012207,591400,0.0,0.0
2023-05-31 00:00:00-04:00,6.111781484978787,6.225086098947583,5.991811744159713,6.125111103057861,1056700,0.0,0.0
2023-06-01 00:00:00-04:00,6.165100567425958,6.23841504805272,6.011806480036888,6.185095310211182,579400,0.0,0.0
2023-06-02 00:00:00-04:00,6.2784056705073015,6.425035279089025,6.25174579945803,6.39171028137207,824000,0.0,0.0
2023-06-05 00:00:00-04:00,6.365048784068062,6.425033637508301,6.271738941425322,6.338388919830322,496400,0.0,0.0
2023-06-06 00:00:00-04:00,6.338390078699963,6.584994026891829,6.331724952516596,6.505014419555664,635100,0.0,0.0
2023-06-07 00:00:00-04:00,6.5583342577358055,6.698298731612659,6.545004005165902,6.664973735809326,715700,0.0,0.0
2023-06-08 00:00:00-04:00,6.6316487400059945,6.67830398837923,6.511679644983997,6.664973735809326,642500,0.0,0.0
2023-06-09 00:00:00-04:00,6.664973160674876,6.664973160674876,6.584993559021343,6.638313293457031,344600,0.0,0.0
2023-06-12 00:00:00-04:00,6.611653913207116,6.7582835115156525,6.611653913207116,6.751618385314941,614300,0.0,0.0
2023-06-13 00:00:00-04:00,6.791607007520494,6.851591864455183,6.751617526644927,6.798272132873535,519100,0.0,0.0
2023-06-14 00:00:00-04:00,6.831598558820266,6.878253174847485,6.638314332337039,6.684968948364258,759800,0.0,0.0
2023-06-15 00:00:00-04:00,6.664972813229099,6.764947151178999,6.638312947401036,6.758282661437988,712800,0.0,0.0
2023-06-16 00:00:00-04:00,6.824933244324778,6.851593114981458,6.691633891041374,6.744953632354736,882600,0.0,0.0
2023-06-20 00:00:00-04:00,6.744952776920037,6.791607385746852,6.671638300817704,6.771612644195557,522100,0.0,0.0
2023-06-21 00:00:00-04:00,6.751618199677978,6.86492279948905,6.704963588798619,6.831597805023193,638100,0.0,0.0
2023-06-22 00:00:00-04:00,6.811603249878498,6.81826774045779,6.704963773152806,6.751618385314941,561600,0.0,0.0
2023-06-23 00:00:00-04:00,6.678303412094484,6.7382876366186055,6.618318551948992,6.638313293457031,961000,0.0,0.0
2023-06-26 00:00:00-04:00,6.651643115135534,6.864922695101049,6.638313498924723,6.82493257522583,679200,0.0,0.0
2023-06-27 00:00:00-04:00,6.844927976068506,6.944902322661773,6.771612861986809,6.918242454528809,634900,0.0,0.0
2023-06-28 00:00:00-04:00,6.88491840037584,6.9582328888449245,6.844928910527787,6.938238143920898,621900,0.0,0.0
2023-06-29 00:00:00-04:00,6.952030634417361,7.034792825572874,6.876165456958665,6.986515045166016,734600,0.35,0.0
2023-06-30 00:00:00-04:00,7.0623808033833395,7.0692778176473166,6.972721591158091,7.000308990478516,532000,0.0,0.0
2023-07-03 00:00:00-04:00,6.952030634417361,7.014102442217853,6.903752854010502,6.986515045166016,356800,0.0,0.0
2023-07-05 00:00:00-04:00,6.993412058862831,7.055483208927895,6.903752854010502,6.986515045166016,686900,0.0,0.0
2023-07-06 00:00:00-04:00,6.931340224924822,6.938237238595631,6.73133143261936,6.869268417358398,846800,0.0,0.0
2023-07-07 00:00:00-04:00,6.827887035108064,7.076174266902456,6.827887035108064,7.014102458953857,556800,0.0,0.0
2023-07-10 00:00:00-04:00,6.979617140168506,7.193419933319093,6.972720127352442,7.193419933319092,567200,0.0,0.0
2023-07-11 00:00:00-04:00,7.234802622751786,7.310668468475342,7.207215221871089,7.310668468475342,348400,0.0,0.0
2023-07-12 00:00:00-04:00,7.462397887777277,7.483088929086862,7.089967694765399,7.186523914337158,1220600,0.0,0.0
2023-07-13 00:00:00-04:00,7.193421064996215,7.393429863980283,7.179627037193995,7.345151424407959,653200,0.0,0.0
2023-07-14 00:00:00-04:00,7.2830802156635555,7.345151367082773,7.248595804162584,7.324460983276367,412100,0.0,0.0
2023-07-17 00:00:00-04:00,7.310668590045503,7.393430794063858,7.2554937873666,7.379636764526367,566000,0.0,0.0
2023-07-18 00:00:00-04:00,7.400328033389772,7.58654350793397,7.400328033389772,7.565853118896484,895700,0.0,0.0
2023-07-19 00:00:00-04:00,7.586541652679443,7.73137565599456,7.51757282910636,7.586541652679443,710100,0.0,0.0
2023-07-20 00:00:00-04:00,7.6003366710129825,7.6003366710129825,7.372739786654098,7.462399005889893,665700,0.0,0.0
2023-07-21 00:00:00-04:00,7.545159140627567,7.579643547449003,7.331357002258301,7.331357002258301,367400,0.0,0.0
2023-07-24 00:00:00-04:00,7.386533656463378,7.503780274640219,7.283081067594645,7.310668468475342,630700,0.0,0.0
2023-07-25 00:00:00-04:00,7.2830807303797265,7.338255529586464,7.214111902503561,7.2279052734375,485600,0.0,0.0
2023-07-26 00:00:00-04:00,7.234801792344874,7.372738780916019,7.234801792344874,7.352048397064209,483900,0.0,0.0
2023-07-27 00:00:00-04:00,7.352049244264452,7.372739630500483,7.179627824247986,7.221009254455566,376700,0.0,0.0
2023-07-28 00:00:00-04:00,7.303770199865535,7.4072227709729,7.255492421046818,7.372738361358643,457200,0.0,0.0
2023-07-31 00:00:00-04:00,7.414120206355085,7.462397987921125,7.2899765877733325,7.352048397064209,424900,0.0,0.0
2023-08-01 00:00:00-04:00,7.352047281676508,7.352047281676508,7.172728894870899,7.193419933319092,681200,0.0,0.0
2023-08-02 00:00:00-04:00,7.1382461580412,7.2348017202105765,6.979618129464394,7.152039527893066,1089900,0.0,0.0
2023-08-03 00:00:00-04:00,7.193420522873075,7.372738266639755,7.158936113701845,7.296873092651367,997600,0.0,0.0
2023-08-04 00:00:00-04:00,7.2623886429858,7.372738225530119,7.2623886429858,7.303770065307617,442800,0.0,0.0
2023-08-07 00:00:00-04:00,7.331357596009859,7.393429401768441,7.283079817191143,7.372738361358643,528100,0.0,0.0
2023-08-08 00:00:00-04:00,7.276182669671537,7.310667078650486,7.165833087127218,7.303770065307617,427800,0.0,0.0
2023-08-09 00:00:00-04:00,7.2761817558699216,7.331356540212787,7.227903326268431,7.234800338745117,437900,0.0,0.0
2023-08-10 00:00:00-04:00,7.276183701711085,7.324461486488002,7.158937089193869,7.200317859649658,357800,0.0,0.0
2023-08-11 00:00:00-04:00,7.186524405731796,7.221008819203618,7.152039992259974,7.214111804962158,320300,0.0,0.0
2023-08-14 00:00:00-04:00,7.200317275803775,7.200317275803775,7.089967686555507,7.096864700317383,346600,0.0,0.0
2023-08-15 00:00:00-04:00,7.048586826386862,7.055483182322245,6.827886993068974,6.869268417358398,712200,0.0,0.0
2023-08-16 00:00:00-04:00,6.862370971288325,6.9382368014160445,6.793402812132214,6.800299167633057,385200,0.0,0.0
2023-08-17 00:00:00-04:00,6.814094530288352,6.876166346115347,6.738229343019532,6.7865071296691895,443000,0.0,0.0
2023-08-18 00:00:00-04:00,6.524426017928525,6.710640794060117,6.469251220723945,6.669260025024414,798900,0.0,0.0
2023-08-21 00:00:00-04:00,6.669260515020256,6.724435316278573,6.565807927094791,6.696847915649414,751300,0.0,0.0
2023-08-22 00:00:00-04:00,6.731331778994958,6.765816191388046,6.648569583892822,6.648569583892822,486900,0.0,0.0
2023-08-23 00:00:00-04:00,6.655466071090881,6.827887478712256,6.648569714664985,6.807197093963623,331100,0.0,0.0
2023-08-24 00:00:00-04:00,6.772712230682373,6.89685584639278,6.745124833606218,6.772712230682373,328600,0.0,0.0
2023-08-25 00:00:00-04:00,6.7796106338500985,6.855475826924053,6.703745440776144,6.779610633850098,317100,0.0,0.0
2023-08-28 00:00:00-04:00,6.807197030187345,6.9658250657352765,6.807197030187345,6.93823766708374,411400,0.0,0.0
2023-08-29 00:00:00-04:00,6.945132772623512,7.124451160430908,6.903752010966634,7.124451160430908,408100,0.0,0.0
2023-08-30 00:00:00-04:00,7.110658736074984,7.221008325451032,7.069277311191249,7.186523914337158,549500,0.0,0.0
2023-08-31 00:00:00-04:00,7.214111236893414,7.248595647649792,7.131349045719364,7.138246059417725,489300,0.0,0.0
2023-09-01 00:00:00-04:00,7.234800796222899,7.289975584054628,7.096863826643575,7.1451416015625,451200,0.0,0.0
2023-09-05 00:00:00-04:00,7.145142415380658,7.193420853533758,7.083071265301691,7.138246059417725,375400,0.0,0.0
2023-09-06 00:00:00-04:00,7.145142481179641,7.172729878491708,7.048586919455125,7.096864700317383,374000,0.0,0.0
2023-09-07 00:00:00-04:00,7.06927643272771,7.165832640300914,7.0623794198149055,7.1451416015625,398800,0.0,0.0
2023-09-08 00:00:00-04:00,7.152040494188784,7.234802697688105,7.131350107747835,7.179627895355225,257400,0.0,0.0
2023-09-11 00:00:00-04:00,7.227903326268431,7.24859436369849,7.179625554402253,7.234800338745117,331700,0.0,0.0
2023-09-12 00:00:00-04:00,7.200317859649658,7.276183701711085,7.186524488742891,7.200317859649658,378400,0.0,0.0
2023-09-13 00:00:00-04:00,7.158936947819244,7.200317717457847,7.103762149810792,7.103762149810791,431000,0.0,0.0
2023-09-14 00:00:00-04:00,7.1727298703219216,7.221008308864625,7.124452089514652,7.158936500549316,338000,0.0,0.0
2023-09-15 00:00:00-04:00,7.110657402841327,7.255491376175176,7.1037603903646405,7.234800338745117,681400,0.0,0.0
2023-09-18 00:00:00-04:00,7.227904681485459,7.269286106369194,7.179626900567296,7.186523914337158,466400,0.0,0.0
2023-09-19 00:00:00-04:00,7.193421461478881,7.296874044755783,7.186524447197625,7.207214832305908,393100,0.0,0.0
2023-09-20 00:00:00-04:00,7.255491834961312,7.289975584054628,7.1451416015625,7.1451416015625,378900,0.0,0.0
2023-09-21 00:00:00-04:00,7.1037625793858,7.1037625793858,6.807197528855034,6.814094543457031,554000,0.0,0.0
2023-09-22 00:00:00-04:00,6.848579081351682,6.945134656566372,6.8209916801852675,6.883062839508057,428900,0.0,0.0
2023-09-25 00:00:00-04:00,6.827886440979564,6.903752269753244,6.793402690884661,6.820990085601807,385500,0.0,0.0
2023-09-26 00:00:00-04:00,6.765816746090066,6.8278879042040375,6.696847915649414,6.696847915649414,476700,0.0,0.0
2023-09-27 00:00:00-04:00,6.738228907420169,6.772712662663252,6.614085283791565,6.689950466156006,630100,0.0,0.0
2023-09-28 00:00:00-04:00,6.70422953188996,6.84702448169006,6.6185525620099,6.7899065017700195,657300,0.33,0.0
2023-09-29 00:00:00-04:00,6.854165605018075,6.939842589968282,6.768487939167717,6.7970476150512695,526200,0.0,0.0
2023-10-02 00:00:00-04:00,6.747069068472234,6.747069068472234,6.540016178316796,6.554296016693115,674400,0.0,0.0
2023-10-03 00:00:00-04:00,6.497177965617384,6.5185970420859665,6.261566081762483,6.3401031494140625,655400,0.0,0.0
2023-10-04 00:00:00-04:00,6.375801579360432,6.375801579360432,6.175887944519712,6.325822830200195,433800,0.0,0.0
2023-10-05 00:00:00-04:00,6.268704502202878,6.51859619170405,6.268704502202878,6.4828972816467285,466700,0.0,0.0
2023-10-06 00:00:00-04:00,6.411499253330245,6.589993116920509,6.397220098311052,6.468617916107178,350500,0.0,0.0
2023-10-09 00:00:00-04:00,6.440059302260314,6.582854265313738,6.440059302260314,6.56857442855835,360400,0.0,0.0
2023-10-10 00:00:00-04:00,6.554295698674024,6.654251838857635,6.547155779832298,6.625692844390869,335500,0.0,0.0
2023-10-11 00:00:00-04:00,6.6828104746586705,6.775627371919221,6.654251481724663,6.768487453460693,362100,0.0,0.0
2023-10-12 00:00:00-04:00,6.74706816377522,6.74706816377522,6.647112032144526,6.739928245544434,396700,0.0,0.0
2023-10-13 00:00:00-04:00,6.7827671985432545,6.839885183637928,6.597133406535523,6.618553161621094,441400,0.0,0.0
2023-10-16 00:00:00-04:00,6.689950588270557,6.8541653131065035,6.625692682069539,6.847025394439697,636800,0.0,0.0
2023-10-17 00:00:00-04:00,6.861304268494199,6.925562172050664,6.847025112648369,6.911283016204834,522000,0.0,0.0
2023-10-18 00:00:00-04:00,6.839885089972735,6.839885089972735,6.682810292663317,6.732789039611816,462800,0.0,0.0
2023-10-19 00:00:00-04:00,6.711370153431606,6.754208987660394,6.554296016693115,6.554296016693115,385200,0.0,0.0
2023-10-20 00:00:00-04:00,6.582854004348227,6.68995005216764,6.511456185201907,6.597133159637451,749000,0.0,0.0
2023-10-23 00:00:00-04:00,6.5471549709628745,6.618552788759001,6.461477998147554,6.468617916107178,642300,0.0,0.0
2023-10-24 00:00:00-04:00,6.468618842046008,6.589994060233376,6.432919928037888,6.49003791809082,396800,0.0,0.0
2023-10-25 00:00:00-04:00,6.432920299041616,6.468619215108588,6.268705557493619,6.347243309020996,699900,0.0,0.0
2023-10-26 00:00:00-04:00,6.368661809171596,6.561434849023808,6.368661809171596,6.4614787101745605,736300,0.0,0.0
2023-10-27 00:00:00-04:00,6.482898372995263,6.518597289062235,6.254426399606944,6.347243309020996,411600,0.0,0.0
2023-10-30 00:00:00-04:00,6.418639444117688,6.454338354533154,6.254425409466663,6.390080451965332,379500,0.0,0.0
2023-10-31 00:00:00-04:00,6.390080579818267,6.561434536160857,6.382940661412302,6.547155380249023,518500,0.0,0.0
2023-11-01 00:00:00-04:00,6.518596361714674,6.597133421169034,6.447198539737915,6.56857442855835,355900,0.0,0.0
2023-11-02 00:00:00-04:00,6.69709023131665,6.911283016204834,6.661391320351937,6.911283016204834,655700,0.0,0.0
2023-11-03 00:00:00-04:00,7.03265921911145,7.253991251359962,7.011239463035691,7.118336200714111,784900,0.0,0.0
2023-11-06 00:00:00-05:00,7.118336317774673,7.132615474493208,6.94698167085131,6.9541215896606445,371300,0.0,0.0
2023-11-07 00:00:00-05:00,6.954121332743245,7.018379237853005,6.889863427633484,6.996960163116455,385800,0.0,0.0
2023-11-08 00:00:00-05:00,6.932702749687167,6.982680821250361,6.8541656828164115,6.946981906890869,240100,0.0,0.0
2023-11-09 00:00:00-05:00,7.004099465598866,7.0183786205339045,6.825605603060568,6.8398847579956055,289500,0.0,0.0
2023-11-10 00:00:00-05:00,6.904142895058313,6.911282813221576,6.818465919799377,6.83274507522583,412800,0.0,0.0
2023-11-13 00:00:00-05:00,6.7827677726745605,6.818466686605509,6.739928939777393,6.7827677726745605,341000,0.0,0.0
2023-11-14 00:00:00-05:00,7.00409945875585,7.2111523118619845,7.00409945875585,7.204012393951416,508900,0.0,0.0
2023-11-15 00:00:00-05:00,7.211153167845534,7.325389144374551,7.14689526082293,7.318249225616455,474900,0.0,0.0
2023-11-16 00:00:00-05:00,7.289689992568734,7.325388904289072,7.025519135278401,7.03265905380249,462100,0.0,0.0
2023-11-17 00:00:00-05:00,7.118335223115082,7.168313285294516,7.075496397746974,7.139754295349121,351900,0.0,0.0
2023-11-20 00:00:00-05:00,7.2111539513687655,7.239712948604079,7.118337040128946,7.218293190002441,488400,0.0,0.0
2023-11-21 00:00:00-05:00,7.168313089098817,7.211151913294432,7.082636121607598,7.089776039123535,328200,0.0,0.0
2023-11-22 00:00:00-05:00,7.132615357197827,7.168314269757301,7.089777206846557,7.118336200714111,222300,0.0,0.0
2023-11-24 00:00:00-05:00,7.132615830938975,7.146895669271266,7.0826377585762925,7.1040568351745605,116700,0.0,0.0
2023-11-27 00:00:00-05:00,7.096916940350897,7.096916940350897,7.025519791145054,7.068357944488525,277500,0.0,0.0
2023-11-28 00:00:00-05:00,7.046938659968929,7.089777492949049,6.9612616749088385,7.054078578948975,227900,0.0,0.0
2023-11-29 00:00:00-05:00,7.139754295349121,7.246850337419346,7.132614377637765,7.139754295349121,352600,0.0,0.0
2023-11-30 00:00:00-05:00,7.146895620975208,7.239712526807373,7.125475863621518,7.175454616546631,397100,0.0,0.0
2023-12-01 00:00:00-05:00,7.175453514234583,7.389646288565477,7.139754605029424,7.382506370544434,499200,0.0,0.0
2023-12-04 00:00:00-05:00,7.339667561819357,7.411065380409648,7.303968652524212,7.346807479858398,424100,0.0,0.0
2023-12-05 00:00:00-05:00,7.182594507576168,7.28969057032515,7.154035512116428,7.196873664855957,445000,0.0,0.0
2023-12-06 00:00:00-05:00,7.18259400913296,7.325388976522259,6.925562386932107,6.939842224121094,621700,0.0,0.0
2023-12-07 00:00:00-05:00,6.946980602542681,7.146894213060477,6.939841365731354,7.139754295349121,371200,0.0,0.0
2023-12-08 00:00:00-05:00,7.118336806874184,7.261131788371622,7.068358052674944,7.225432872772217,291700,0.0,0.0
2023-12-11 00:00:00-05:00,7.246851094139395,7.425344970161548,7.239711856582585,7.403925895690918,659700,0.0,0.0
2023-12-12 00:00:00-05:00,7.411065578460693,7.5181616283080706,7.346807676192236,7.411065578460693,608600,0.0,0.0
2023-12-13 00:00:00-05:00,7.375367419274145,7.682377125420745,7.325389348375916,7.653818130493164,717300,0.0,0.0
2023-12-14 00:00:00-05:00,7.803753586935934,7.917989574885558,7.739495673489221,7.83231258392334,856800,0.0,0.0
2023-12-15 00:00:00-05:00,7.846591418391272,7.846591418391272,7.582420536926526,7.646678447723389,1891300,0.0,0.0
2023-12-18 00:00:00-05:00,7.703796224850771,7.760914214879866,7.618119239807129,7.618119239807129,588200,0.0,0.0
2023-12-19 00:00:00-05:00,7.660956279154278,7.832310905253109,7.618118133304609,7.810891151428223,489200,0.0,0.0
2023-12-20 00:00:00-05:00,7.7751930162551695,7.9893851098582935,7.710935115814208,7.710935115814209,523500,0.0,0.0
2023-12-21 00:00:00-05:00,7.7823323384301615,7.910848140716553,7.753773346910971,7.910848140716553,519000,0.0,0.0
2023-12-22 00:00:00-05:00,7.932266769972533,7.996524667517679,7.810890892587262,7.839449882507324,552500,0.0,0.0
2023-12-26 00:00:00-05:00,7.853729882552064,8.010804670855117,7.84658996469737,7.9751057624816895,353600,0.0,0.0
2023-12-27 00:00:00-05:00,7.982245680336384,8.025083825664462,7.932266936253568,7.9751057624816895,541700,0.0,0.0
2023-12-28 00:00:00-05:00,7.945678491129958,7.975106901401125,7.82060757207034,7.835321426391602,494200,0.33,0.0
2023-12-29 00:00:00-05:00,7.776464740327737,7.791179296532102,7.607251553749488,7.621965408325195,564100,0.0,0.0
2024-01-02 00:00:00-05:00,7.599892616856838,7.644035574206413,7.504250127289847,7.5336785316467285,675800,0.0,0.0
2024-01-03 00:00:00-05:00,7.438038233575773,7.438038233575773,7.3056107257664635,7.335039138793945,477100,0.0,0.0
2024-01-04 00:00:00-05:00,7.357108756557224,7.445393977440483,7.305609219782466,7.371823310852051,359200,0.0,0.0
2024-01-05 00:00:00-05:00,7.342392857624283,7.5189639686832805,7.335036283452671,7.40125036239624,376600,0.0,0.0
2024-01-08 00:00:00-05:00,7.415965537759934,7.533679165084923,7.364466001212392,7.526321887969971,419300,0.0,0.0
2024-01-09 00:00:00-05:00,7.452751793670801,7.526322465580851,7.401252253170905,7.445394515991211,337600,0.0,0.0
2024-01-10 00:00:00-05:00,7.430680640229248,7.577822685241699,7.430680640229248,7.577822685241699,398700,0.0,0.0
2024-01-11 00:00:00-05:00,7.489536905652334,7.541036442199876,7.408608260644981,7.526321887969971,383800,0.0,0.0
2024-01-12 00:00:00-05:00,7.629321030190147,7.702892391983165,7.511607412624123,7.555750370025635,350100,0.0,0.0
2024-01-16 00:00:00-05:00,7.482179010254731,7.496892861640208,7.357108116149902,7.357108116149902,583500,0.0,0.0
2024-01-17 00:00:00-05:00,7.32032331904819,7.423323097696025,7.165824001890733,7.2614665031433105,640900,0.0,0.0
2024-01-18 00:00:00-05:00,7.298251785350674,7.335037468666406,7.143752476727439,7.290894508361816,409400,0.0,0.0
2024-01-19 00:00:00-05:00,7.320322280896558,7.4453931723643025,7.195251389428813,7.4306793212890625,556600,0.0,0.0
2024-01-22 00:00:00-05:00,7.474822364595713,7.518965325734661,7.386537143946382,7.482179641723633,357800,0.0,0.0
2024-01-23 00:00:00-05:00,7.5116074037861935,7.607249893353185,7.504250127289847,7.5336785316467285,391200,0.0,0.0
2024-01-24 00:00:00-05:00,7.592535838355962,7.599893115334873,7.39389427132521,7.423322677612305,476400,0.0,0.0
2024-01-25 00:00:00-05:00,7.541036753851395,7.607250847365299,7.349751750728693,7.599893569946289,968900,0.0,0.0
2024-01-26 00:00:00-05:00,7.621964691737249,7.695536062584859,7.614608115955361,7.666107654571533,365300,0.0,0.0
2024-01-29 00:00:00-05:00,7.636678604667421,7.747034950034389,7.585179070379973,7.717606544494629,537100,0.0,0.0
2024-01-30 00:00:00-05:00,7.651392478106902,7.6661070317323645,7.474822044372559,7.474822044372559,369500,0.0,0.0
2024-01-31 00:00:00-05:00,7.4086088465359,7.415966124232685,6.99661111831665,6.99661111831665,723100,0.0,0.0
2024-02-01 00:00:00-05:00,7.040752731222202,7.05546728525729,6.871539569590014,7.048110008239746,679800,0.0,0.0
2024-02-02 00:00:00-05:00,6.908325447796311,6.915682023392685,6.790611117082878,6.820040225982666,711900,0.0,0.0
2024-02-05 00:00:00-05:00,6.753826618194581,6.790611603698181,6.56254160640991,6.75382661819458,605800,0.0,0.0
2024-02-06 00:00:00-05:00,6.753826298247141,6.79796855941177,6.702326058050286,6.746469020843506,402900,0.0,0.0
2024-02-07 00:00:00-05:00,6.739110969804143,6.746468246363178,6.363898284835462,6.452184200286865,1330400,0.0,0.0
2024-02-08 00:00:00-05:00,6.415399314670658,6.5110418169128685,6.334470665742621,6.371256351470947,1020100,0.0,0.0
2024-02-09 00:00:00-05:00,6.378613546165485,6.422755807163754,6.282971045164452,6.408041954040527,1163300,0.0,0.0
2024-02-12 00:00:00-05:00,6.408042659490528,6.48897061464896,6.393328103118813,6.430113792419434,941600,0.0,0.0
2024-02-13 00:00:00-05:00,6.253542126171471,6.253542126171471,5.915115112454697,5.937186241149902,1757700,0.0,0.0
2024-02-14 00:00:00-05:00,6.032829202140695,6.121114425395993,5.988686941327338,6.069614887237549,858000,0.0,0.0
2024-02-15 00:00:00-05:00,6.099043337061434,6.319756747536485,6.091686059665594,6.275613784790039,655300,0.0,0.0
2024-02-16 00:00:00-05:00,6.194686009262945,6.282971235563465,6.113758060561288,6.224114418029785,505800,0.0,0.0
2024-02-20 00:00:00-05:00,6.172615237508374,6.172615237508374,5.996044072997502,6.032829761505127,666500,0.0,0.0
2024-02-21 00:00:00-05:00,6.010757834835214,6.069614648019053,5.9592582987064935,6.0254716873168945,694700,0.0,0.0
2024-02-22 00:00:00-05:00,5.407474735538472,5.9077579926299455,5.275046907406272,5.628188133239746,2872700,0.0,0.0
2024-02-23 00:00:00-05:00,5.59140329109298,5.812116721994599,5.554617953152261,5.584046363830566,1593800,0.0,0.0
2024-02-26 00:00:00-05:00,5.517831668574454,5.532545872324747,5.289761335037758,5.326546669006348,1957500,0.0,0.0
2024-02-27 00:00:00-05:00,5.341261580425728,5.444261013559275,5.289761688451799,5.348618507385254,1005900,0.0,0.0
2024-02-28 00:00:00-05:00,5.29711850667894,5.385404084081224,5.260333171007769,5.304475784301758,826600,0.0,0.0
2024-02-29 00:00:00-05:00,5.392761427392327,5.554618039452033,5.363333016256805,5.547260761260986,1249900,0.0,0.0
2024-03-01 00:00:00-05:00,5.554617149770281,5.716473385091179,5.481045782901051,5.709116458892822,1060200,0.0,0.0
2024-03-04 00:00:00-05:00,5.547260135948941,5.606116951585382,5.47368911640339,5.4884033203125,1465500,0.0,0.0
2024-03-05 00:00:00-05:00,5.458974763214651,5.510474300081098,5.414832152694432,5.429546356201172,1124700,0.0,0.0
2024-03-06 00:00:00-05:00,5.488402884881135,5.510474013586604,5.400117668430725,5.43690299987793,684100,0.0,0.0
2024-03-07 00:00:00-05:00,5.495760367233543,5.554617534973426,5.458975032062205,5.466331958770752,584700,0.0,0.0
2024-03-08 00:00:00-05:00,5.539903676624829,5.65761731782542,5.5178321934925565,5.554617881774902,478300,0.0,0.0
2024-03-11 00:00:00-04:00,5.525188711359146,5.664973465647108,5.525188711359146,5.628188133239746,469100,0.0,0.0
2024-03-12 00:00:00-04:00,5.620831161141585,5.694402180761052,5.591402753293799,5.679687976837158,430400,0.0,0.0
2024-03-13 00:00:00-04:00,5.701758940851755,5.760615751207685,5.664973258972168,5.664973258972168,509300,0.0,0.0
2024-03-14 00:00:00-04:00,5.664974244993296,5.672331522975494,5.539903676624829,5.554617881774902,447500,0.0,0.0
2024-03-15 00:00:00-04:00,5.517832008847525,5.723831224869462,5.517832008847525,5.6723313331604,1309800,0.0,0.0
2024-03-18 00:00:00-04:00,5.6944019540364605,5.6944019540364605,5.569331401070243,5.591402530670166,585500,0.0,0.0
2024-03-19 00:00:00-04:00,5.58404629207505,5.620831629543074,5.5178321934925565,5.554617881774902,485300,0.0,0.0
2024-03-20 00:00:00-04:00,5.547259872757647,5.760615994724151,5.517831466335666,5.709116458892822,513000,0.0,0.0
2024-03-21 00:00:00-04:00,5.753259106537066,5.797401716461685,5.709116496612448,5.723830699920654,502900,0.0,0.0
2024-03-22 00:00:00-04:00,5.745902442584978,5.775330852341511,5.63554573059082,5.63554573059082,601600,0.0,0.0
2024-03-25 00:00:00-04:00,5.672330812934793,5.812115919769891,5.672330812934793,5.723830699920654,473000,0.0,0.0
2024-03-26 00:00:00-04:00,5.775330549649152,5.775330549649152,5.517831802368164,5.517831802368164,764400,0.0,0.0
2024-03-27 00:00:00-04:00,5.555885991511687,5.616772353679813,5.533053424242967,5.609161376953125,708900,0.25,0.0
2024-03-28 00:00:00-04:00,5.609161869334097,5.708102397998129,5.6015512548506825,5.670048236846924,679700,0.0,0.0
2024-04-01 00:00:00-04:00,5.6624370931520005,5.6624370931520005,5.4949992352290975,5.517831802368164,565900,0.0,0.0
2024-04-02 00:00:00-04:00,5.449334437282368,5.510220798807771,5.396059052403311,5.441723823547363,502800,0.0,0.0
2024-04-03 00:00:00-04:00,5.403669853556449,5.525442943742113,5.380837648648193,5.4645562171936035,416200,0.0,0.0
2024-04-04 00:00:00-04:00,5.540664836188113,5.57871863407664,5.441724308437471,5.472167491912842,351000,0.0,0.0
2024-04-05 00:00:00-04:00,5.456945598332984,5.479777803220899,5.411280825645801,5.449334621429443,487000,0.0,0.0
2024-04-08 00:00:00-04:00,5.472167004310065,5.510220798807771,5.434112846901018,5.441723823547363,449400,0.0,0.0
2024-04-09 00:00:00-04:00,5.44172402666891,5.533053572366045,5.426502435719388,5.510221004486084,541800,0.0,0.0
2024-04-10 00:00:00-04:00,5.373226612472064,5.3884482032134615,5.182956546748926,5.281897068023682,1142200,0.0,0.0
2024-04-11 00:00:00-04:00,5.3199507162976145,5.403669644515716,5.312340102593064,5.380837440490723,530000,0.0,0.0
2024-04-12 00:00:00-04:00,5.350394427935316,5.418891405073505,5.31234026948305,5.342783451080322,452000,0.0,0.0
2024-04-15 00:00:00-04:00,5.327561669762099,5.365615826853507,5.076405249110557,5.129680633544922,844800,0.0,0.0
2024-04-16 00:00:00-04:00,5.114458980822959,5.1220699573128154,4.954632466560637,4.96224308013916,977200,0.0,0.0
2024-04-17 00:00:00-04:00,5.0155194752387535,5.061184251347419,4.8861357614751775,4.893746376037598,831000,0.0,0.0
2024-04-18 00:00:00-04:00,4.901356870697152,4.962243232844353,4.840470508549951,4.878524303436279,880200,0.0,0.0
2024-04-19 00:00:00-04:00,4.855691496986265,5.007907383479662,4.855691496986265,4.992685794830322,484000,0.0,0.0
2024-04-22 00:00:00-04:00,4.992686769225175,5.099237910565545,4.962243585985069,5.0687947273254395,416100,0.0,0.0
2024-04-23 00:00:00-04:00,5.053572989084358,5.198178286735064,5.030740783772403,5.182956695556641,395900,0.0,0.0
2024-04-24 00:00:00-04:00,5.1525140059069,5.27428674697876,5.106849228004952,5.27428674697876,523500,0.0,0.0
2024-04-25 00:00:00-04:00,5.2057887727461125,5.319950514360352,5.144902413775498,5.152513027191162,668500,0.0,0.0
2024-04-26 00:00:00-04:00,5.167734640808869,5.25145356623591,5.167734640808869,5.213399410247803,298900,0.0,0.0
2024-04-29 00:00:00-04:00,5.221010252524593,5.396058712333927,5.221010252524593,5.327561378479004,812900,0.0,0.0
2024-04-30 00:00:00-04:00,5.274285751278053,5.2971183173743,5.167734622955322,5.167734622955322,503100,0.0,0.0
2024-05-01 00:00:00-04:00,5.190568168947554,5.373227280555343,5.190568168947554,5.27428674697876,362000,0.0,0.0
2024-05-02 00:00:00-04:00,5.335173011641956,5.3656161942349785,5.236232486758952,5.319951057434082,475200,0.0,0.0
2024-05-03 00:00:00-04:00,5.40367027804187,5.4797782385669755,5.2210111727816155,5.26667594909668,487800,0.0,0.0
2024-05-06 00:00:00-04:00,5.289508339612742,5.335173480426085,5.2514545394834835,5.27428674697876,375600,0.0,0.0
2024-05-07 00:00:00-04:00,5.281896745861866,5.319950538938647,5.190567206983999,5.213399410247803,512500,0.0,0.0
2024-05-08 00:00:00-04:00,5.175346099526453,5.251454055684797,5.144902917063115,5.243843078613281,420500,0.0,0.0
2024-05-09 00:00:00-04:00,5.0307406001603665,5.228621278257624,4.977464851524663,5.1601243019104,796400,0.0,0.0
2024-05-10 00:00:00-04:00,5.190568165858146,5.289508336464445,5.175346573233223,5.2590651512146,577800,0.0,0.0
2024-05-13 00:00:00-04:00,5.304728912145218,5.3123398884543125,5.099237269646882,5.122069835662842,720100,0.0,0.0
2024-05-14 00:00:00-04:00,5.198178780714909,5.2742867438395225,5.137292410215219,5.2590651512146,551700,0.0,0.0
2024-05-15 00:00:00-04:00,5.327561798761925,5.327561798761925,5.09923757650759,5.1601243019104,590100,0.0,0.0
2024-05-16 00:00:00-04:00,5.160124494796851,5.213399882512652,5.114459358309935,5.198178291320801,405200,0.0,0.0
2024-05-17 00:00:00-04:00,5.205789084091741,5.221010674744761,5.167734926003517,5.190567493438721,351600,0.0,0.0
2024-05-20 00:00:00-04:00,5.205789761581536,5.304729932246725,5.198178783808848,5.27428674697876,553200,0.0,0.0
2024-05-21 00:00:00-04:00,5.2514538915203515,5.312340254543672,5.2286213239309305,5.297118663787842,438800,0.0,0.0
2024-05-22 00:00:00-04:00,5.297118663787842,5.365616003644753,5.289507686954252,5.297118663787842,495300,0.0,0.0
2024-05-23 00:00:00-04:00,5.304729578891945,5.312340556157657,5.030740929730992,5.0687947273254395,717600,0.0,0.0
2024-05-24 00:00:00-04:00,5.099237213882776,5.106848190108638,4.954632294704591,4.9850754737854,636600,0.0,0.0
2024-05-28 00:00:00-04:00,4.9926860808475935,5.045961825627954,4.9089671570245486,4.96985387802124,697100,0.0,0.0
2024-05-29 00:00:00-04:00,4.931799589902899,4.931799589902899,4.870913233457764,4.924188613891602,799700,0.0,0.0
2024-05-30 00:00:00-04:00,5.007907749015564,5.167734622955322,5.007907749015564,5.167734622955322,633200,0.0,0.0
2024-05-31 00:00:00-04:00,5.20578911925286,5.342783436055333,5.16773496090761,5.297118663787842,1786500,0.0,0.0
2024-06-03 00:00:00-04:00,5.36561604331748,5.449334611637878,5.335172861580727,5.418891429901123,634600,0.0,0.0
2024-06-04 00:00:00-04:00,5.403669819282712,5.411280796144759,5.319950888356949,5.358005046844482,375000,0.0,0.0
2024-06-05 00:00:00-04:00,5.35800487355439,5.388448054195274,5.304729125977173,5.380837440490723,323400,0.0,0.0
2024-06-06 00:00:00-04:00,5.3503942544215635,5.3884480487283914,5.327561687508395,5.3656158447265625,280400,0.0,0.0
2024-06-07 00:00:00-04:00,5.304729109739206,5.342783266879497,5.251453725236407,5.335172653198242,463000,0.0,0.0
2024-06-10 00:00:00-04:00,5.289507701829419,5.380837609532589,5.2514539062885035,5.342783451080322,329100,0.0,0.0
2024-06-11 00:00:00-04:00,5.327562502653396,5.350395073060067,5.2514545394834835,5.27428674697876,380600,0.0,0.0
2024-06-12 00:00:00-04:00,5.380837929508955,5.4645565024241805,5.3580053604975655,5.426502704620361,626600,0.0,0.0
2024-06-13 00:00:00-04:00,5.434113319016576,5.449334910720378,5.3580053604975655,5.426502704620361,238100,0.0,0.0
2024-06-14 00:00:00-04:00,5.350394442726685,5.449334601735671,5.342783465850651,5.388448238372803,359300,0.0,0.0
2024-06-17 00:00:00-04:00,5.388448272168625,5.510220999658109,5.373226681232439,5.494999408721924,304900,0.0,0.0
2024-06-18 00:00:00-04:00,5.494999394116626,5.540664529715163,5.434113030533716,5.449334621429443,300000,0.0,0.0
2024-06-20 00:00:00-04:00,5.426502720681584,5.525443248504826,5.396059537183874,5.487389087677002,333000,0.0,0.0
2024-06-21 00:00:00-04:00,5.487388785013214,5.502610375922503,5.396059239557482,5.4645562171936035,1050200,0.0,0.0
2024-06-24 00:00:00-04:00,5.494999685831784,5.494999685831784,5.388448543905169,5.426502704620361,364600,0.0,0.0
2024-06-25 00:00:00-04:00,5.426502194841332,5.4569453753890285,5.335172653198242,5.335172653198242,457500,0.0,0.0
2024-06-26 00:00:00-04:00,5.319950433531532,5.418890946811189,5.281896641208732,5.403669357299805,435800,0.0,0.0
2024-06-27 00:00:00-04:00,5.441724074090993,5.441724074090993,5.007908183882069,5.0764055252075195,1336300,0.0,0.0
2024-06-28 00:00:00-04:00,5.108034390546668,5.266177718378929,5.084312702850112,5.258270740509033,1107700,0.25,0.0
2024-07-01 00:00:00-04:00,5.242456096787298,5.329434733414481,5.092219755735693,5.163384437561035,559000,0.0,0.0
2024-07-02 00:00:00-04:00,5.14756983016674,5.321527471152578,5.14756983016674,5.2978057861328125,346600,0.0,0.0
2024-07-03 00:00:00-04:00,5.3057130870972635,5.353156079618976,5.289898756256693,5.329434394836426,205900,0.0,0.0
2024-07-05 00:00:00-04:00,5.337342404425163,5.337342404425163,5.179199076592903,5.258270740509033,529300,0.0,0.0
2024-07-08 00:00:00-04:00,5.2978062784144955,5.353156630574939,5.266177613478077,5.345249652862549,394800,0.0,0.0
2024-07-09 00:00:00-04:00,5.3531564835734855,5.400599479675293,5.281991800899064,5.400599479675293,347800,0.0,0.0
2024-07-10 00:00:00-04:00,5.400599813218309,5.519207499319792,5.3847854802076744,5.479671478271484,415100,0.0,0.0
2024-07-11 00:00:00-04:00,5.550835330817055,5.748514652252197,5.5350210001839795,5.748514652252197,720600,0.0,0.0
2024-07-12 00:00:00-04:00,5.772236310406181,5.906657931652768,5.740607649284234,5.764328956604004,480000,0.0,0.0
2024-07-15 00:00:00-04:00,5.780143638256251,5.906658290428659,5.693164626366019,5.867122650146484,576300,0.0,0.0
2024-07-16 00:00:00-04:00,5.922472878348521,6.009451894004288,5.890844213936137,5.993637561798096,588800,0.0,0.0
2024-07-17 00:00:00-04:00,5.946194065800514,6.088523043703033,5.9303797349224565,6.009451389312744,805800,0.0,0.0
2024-07-18 00:00:00-04:00,5.969915760640826,6.18340941637397,5.969915760640826,6.033173084259033,640700,0.0,0.0
2024-07-19 00:00:00-04:00,6.017358779907227,6.1043374117443765,5.977822763949693,6.017358779907227,407300,0.0,0.0
2024-07-22 00:00:00-04:00,6.041080447290038,6.088523443035892,5.938287478362393,6.056894779205322,350800,0.0,0.0
2024-07-23 00:00:00-04:00,6.056894529161,6.317831183512766,6.041080197898572,6.262481212615967,631800,0.0,0.0
2024-07-24 00:00:00-04:00,6.135966625029107,6.15968793364272,5.827586596704916,5.859215259552002,565400,0.0,0.0
2024-07-25 00:00:00-04:00,5.867122499319346,6.096430489008678,5.835493837089328,5.985730171203613,366600,0.0,0.0
2024-07-26 00:00:00-04:00,6.143873682579839,6.143873682579839,6.001544697906318,6.120151996612549,330400,0.0,0.0
2024-07-29 00:00:00-04:00,6.1359663061703245,6.199223628577296,6.048987299339048,6.072708606719971,382500,0.0,0.0
2024-07-30 00:00:00-04:00,6.112244974207756,6.191316631776125,6.072708956901868,6.175502300262451,395100,0.0,0.0
2024-07-31 00:00:00-04:00,6.191316741829123,6.238759737213463,6.104337728436129,6.112245082855225,384000,0.0,0.0
2024-08-01 00:00:00-04:00,6.135966450736439,6.16759511268511,5.946194102001021,6.017358779907227,430400,0.0,0.0
2024-08-02 00:00:00-04:00,5.946194783676525,5.969916471379193,5.827587099250053,5.8434014320373535,422400,0.0,0.0
2024-08-05 00:00:00-04:00,5.661536503522647,5.661536503522647,5.258270822723499,5.503393173217773,907700,0.0,0.0
2024-08-06 00:00:00-04:00,5.503392448918897,5.503392448918897,5.1475698140408594,5.337341785430908,1028700,0.0,0.0
2024-08-07 00:00:00-04:00,5.416413756506147,5.685257775386469,5.416413756506147,5.432228088378906,607000,0.0,0.0
2024-08-08 00:00:00-04:00,5.4164137840271,5.503392798290926,5.3452494787598015,5.4164137840271,653500,0.0,0.0
2024-08-09 00:00:00-04:00,5.424321222182932,5.432228199759726,5.305713542183632,5.36897087097168,505200,0.0,0.0
2024-08-12 00:00:00-04:00,5.361064121196384,5.361064121196384,5.21873474833202,5.242456436157227,603900,0.0,0.0
2024-08-13 00:00:00-04:00,5.250363171832733,5.424321202409137,5.250363171832733,5.408506870269775,381800,0.0,0.0
2024-08-14 00:00:00-04:00,5.440135125122214,5.471763787020555,5.274084461634225,5.337341785430908,457100,0.0,0.0
2024-08-15 00:00:00-04:00,5.408506926171799,5.463856900709952,5.376878261566162,5.376878261566162,428300,0.0,0.0
2024-08-16 00:00:00-04:00,5.384785183539022,5.424321202409137,5.289899190702848,5.408506870269775,476000,0.0,0.0
2024-08-19 00:00:00-04:00,5.416413710681759,5.495485369376587,5.400599378942793,5.487578392028809,278800,0.0,0.0
2024-08-20 00:00:00-04:00,5.463856389260378,5.479670720082881,5.376877758258308,5.3926920890808105,241800,0.0,0.0
2024-08-21 00:00:00-04:00,5.440135442836993,5.4480424202516655,5.35315642901511,5.432228088378906,246800,0.0,0.0
2024-08-22 00:00:00-04:00,5.4322277276153725,5.448042058437876,5.376877758258308,5.3926920890808105,268800,0.0,0.0
2024-08-23 00:00:00-04:00,5.400598808427844,5.606185476359795,5.392691831915353,5.550835132598877,411500,0.0,0.0
2024-08-26 00:00:00-04:00,5.61409280993426,5.701071819363837,5.550835485637621,5.653628826141357,302100,0.0,0.0
2024-08-27 00:00:00-04:00,5.614093331873022,5.661536329506247,5.574557689033715,5.598278999328613,322500,0.0,0.0
2024-08-28 00:00:00-04:00,5.590371581785637,5.63781457568654,5.5429285878847345,5.6061859130859375,266700,0.0,0.0
2024-08-29 00:00:00-04:00,5.6220006024445,5.701072263981981,5.5745576055220125,5.645721912384033,342200,0.0,0.0
2024-08-30 00:00:00-04:00,5.67735020578042,5.67735020578042,5.558742909751155,5.582464218139648,288300,0.0,0.0
2024-09-03 00:00:00-04:00,5.566649886866187,5.5903715722980785,5.479670876340446,5.582464218139648,576700,0.0,0.0
2024-09-04 00:00:00-04:00,5.558743073375859,5.566650050723637,5.44804237415969,5.487578392028809,596900,0.0,0.0
2024-09-05 00:00:00-04:00,5.535021839278748,5.606186526437662,5.479671485150321,5.503393173217773,396100,0.0,0.0
2024-09-06 00:00:00-04:00,5.503392167963414,5.550835158388899,5.45594917753793,5.53502082824707,491500,0.0,0.0
2024-09-09 00:00:00-04:00,5.542928695678711,5.582464336176618,5.503392678137398,5.542928695678711,398800,0.0,0.0
2024-09-10 00:00:00-04:00,5.542928578477692,5.5903715722980785,5.5112995388873705,5.582464218139648,338200,0.0,0.0
2024-09-11 00:00:00-04:00,5.542928695678711,5.582464336176618,5.47176401492171,5.542928695678711,387000,0.0,0.0
2024-09-12 00:00:00-04:00,5.574557469411776,5.724793434143066,5.5350214510866484,5.724793434143066,333300,0.0,0.0
2024-09-13 00:00:00-04:00,5.788051297200917,5.962008953094482,5.748515277794303,5.962008953094482,420300,0.0,0.0
2024-09-16 00:00:00-04:00,5.962008396678572,6.0331730741515255,5.9145654040443985,6.009451389312744,465100,0.0,0.0
2024-09-17 00:00:00-04:00,6.041080051068859,6.080616066785699,5.977822727556629,6.009451389312744,441200,0.0,0.0
2024-09-18 00:00:00-04:00,6.017359137938818,6.120152106866462,5.969916142192963,6.056894779205322,325900,0.0,0.0
2024-09-19 00:00:00-04:00,6.159687968748777,6.191316631776125,6.072708956901868,6.175502300262451,380400,0.0,0.0
2024-09-20 00:00:00-04:00,6.033172844648824,6.033172844648824,5.724792838692433,5.8275861740112305,1264100,0.0,0.0
2024-09-23 00:00:00-04:00,5.835494087593258,5.906658392144017,5.780143737792969,5.780143737792969,302800,0.0,0.0
2024-09-24 00:00:00-04:00,5.780143719211751,5.835494068834108,5.732700723982622,5.8196797370910645,336100,0.0,0.0
2024-09-25 00:00:00-04:00,5.81967995298427,5.81967995298427,5.669443607330322,5.669443607330322,560200,0.0,0.0
2024-09-26 00:00:00-04:00,5.764329405999088,5.819679755799377,5.732700742411326,5.780143737792969,352700,0.0,0.0
2024-09-27 00:00:00-04:00,5.86712275118102,5.93828743277519,5.7722367604177345,5.780143737792969,550200,0.0,0.0
2024-09-30 00:00:00-04:00,5.780143436178313,5.812892093235828,5.731020450592041,5.731020450592041,1046300,0.25,0.0
2024-10-01 00:00:00-04:00,5.7392075928947435,5.747394561651952,5.501779252619354,5.567276954650879,765400,0.0,0.0
2024-10-02 00:00:00-04:00,5.550902670813266,5.575463967674668,5.485404968261719,5.485404968261719,551100,0.0,0.0
2024-10-03 00:00:00-04:00,5.49359230550888,5.567276976587959,5.436281962403512,5.526340961456299,408700,0.0,0.0
2024-10-04 00:00:00-04:00,5.600026156443099,5.600026156443099,5.4608441604480795,5.5590901374816895,438900,0.0,0.0
2024-10-07 00:00:00-04:00,5.5099669858328175,5.550903003582245,5.419907981020955,5.42809534072876,505600,0.0,0.0
2024-10-08 00:00:00-04:00,5.428095188814069,5.4772181745017114,5.378972203126427,5.436282157897949,371700,0.0,0.0
2024-10-09 00:00:00-04:00,5.452656401051809,5.452656401051809,5.370784759521484,5.370784759521484,336100,0.0,0.0
2024-10-10 00:00:00-04:00,5.354410672962144,5.37897236172757,5.2807259970606655,5.313474655151367,424400,0.0,0.0
2024-10-11 00:00:00-04:00,5.313474395383507,5.3544104111929824,5.239790113479142,5.297100067138672,528800,0.0,0.0
2024-10-14 00:00:00-04:00,5.280726266249142,5.436282595306961,5.2725392965065305,5.403533935546875,530600,0.0,0.0
2024-10-15 00:00:00-04:00,5.403533393400087,5.518153691060316,5.403533393400087,5.4117207527160645,594600,0.0,0.0
2024-10-16 00:00:00-04:00,5.444469830942478,5.583651826937497,5.428095501436877,5.5590901374816895,400400,0.0,0.0
2024-10-17 00:00:00-04:00,5.501779667580065,5.550903045407434,5.411721052484424,5.460844039916992,378900,0.0,0.0
2024-10-18 00:00:00-04:00,5.469031050008678,5.534528757467868,5.460844080573032,5.493592739105225,281800,0.0,0.0
2024-10-21 00:00:00-04:00,5.493593168109941,5.493593168109941,5.362598523751559,5.387159824371338,384300,0.0,0.0
2024-10-22 00:00:00-04:00,5.370784759521484,5.419907744439679,5.362597790565842,5.370784759521484,258800,0.0,0.0
2024-10-23 00:00:00-04:00,5.362597942352295,5.411720928660899,5.272538938922458,5.362597942352295,398600,0.0,0.0
2024-10-24 00:00:00-04:00,5.395346641540527,5.403533610791097,5.297100277770118,5.395346641540527,274100,0.0,0.0
2024-10-25 00:00:00-04:00,5.444469143914271,5.452656112436568,5.27253851060368,5.280725479125977,275100,0.0,0.0
2024-10-28 00:00:00-04:00,5.313474547844087,5.3707848935428135,5.272538921254816,5.288913249969482,298300,0.0,0.0
2024-10-29 00:00:00-04:00,5.280725914352687,5.321661931522314,5.1988542704082255,5.247977256774902,412300,0.0,0.0
2024-10-30 00:00:00-04:00,5.231602754159335,5.346223442267955,5.231602754159335,5.297100067138672,281200,0.0,0.0
2024-10-31 00:00:00-04:00,5.297100422470523,5.313474751813755,5.198854446411133,5.198854446411133,444000,0.0,0.0
2024-11-01 00:00:00-04:00,5.256165015579457,5.2971006454634075,5.166106005203051,5.182480335235596,394600,0.0,0.0
2024-11-04 00:00:00-05:00,5.198854078480151,5.256164422322923,5.133356765742572,5.157918453216553,511200,0.0,0.0
2024-11-05 00:00:00-05:00,5.157918236894431,5.190666891889749,5.116982222952903,5.17429256439209,378100,0.0,0.0
2024-11-06 00:00:00-05:00,5.313474655151367,5.403533660098197,5.1824800227885595,5.313474655151367,625000,0.0,0.0
2024-11-07 00:00:00-05:00,5.272538291020936,5.976635122379488,5.272538291020936,5.853827476501465,1306700,0.0,0.0
2024-11-08 00:00:00-05:00,5.837454499762448,6.033946466293859,5.763769817115751,5.927513122558594,719300,0.0,0.0
2024-11-11 00:00:00-05:00,5.952074227334128,5.9684485562656535,5.804705266950396,5.902951240539551,459900,0.0,0.0
2024-11-12 00:00:00-05:00,5.84564081715339,5.87838947458547,5.722833156585693,5.722833156585693,382400,0.0,0.0
2024-11-13 00:00:00-05:00,5.771956592260866,5.886576894447404,5.747394903737783,5.829266548156738,335300,0.0,0.0
2024-11-14 00:00:00-05:00,5.853828176708806,5.89476380330151,5.690084499153613,5.722833156585693,437700,0.0,0.0
2024-11-15 00:00:00-05:00,5.771956115893223,5.771956115893223,5.632774136670486,5.649148464202881,350800,0.0,0.0
2024-11-18 00:00:00-05:00,5.6573359921886945,5.76376932687114,5.616400364507233,5.714646339416504,423900,0.0,0.0
2024-11-19 00:00:00-05:00,5.673710628233042,5.853828649037482,5.665523658411835,5.837454319000244,321200,0.0,0.0
2024-11-20 00:00:00-05:00,5.812891960144043,5.8292662882978945,5.722832960100473,5.812891960144043,300500,0.0,0.0
2024-11-21 00:00:00-05:00,5.8292665893459885,5.894763905343953,5.804705291044151,5.862015247344971,475000,0.0,0.0
2024-11-22 00:00:00-05:00,5.894763863691902,5.927512521459485,5.812892219272947,5.829266548156738,252200,0.0,0.0
2024-11-25 00:00:00-05:00,5.894763491556106,6.001196817779021,5.886576522828451,5.968448162078857,532600,0.0,0.0
2024-11-26 00:00:00-05:00,5.952074554320997,5.960261914433944,5.853828575334541,5.911138534545898,354200,0.0,0.0
2024-11-27 00:00:00-05:00,5.935699506378694,6.132191440579672,5.935699506378694,5.968448162078857,546500,0.0,0.0
2024-11-29 00:00:00-05:00,6.033946203476377,6.033946203476377,5.902951564827769,5.911138534545898,179200,0.0,0.0
2024-12-02 00:00:00-05:00,5.8947638215692075,5.911138150335991,5.706458845553799,5.796517848968506,458500,0.0,0.0
2024-12-03 00:00:00-05:00,5.812893252366658,5.8292675841605694,5.69008556871489,5.7555832862854,406800,0.0,0.0
2024-12-04 00:00:00-05:00,5.763769191434938,5.804705208549294,5.731020533901371,5.796517848968506,288000,0.0,0.0
2024-12-05 00:00:00-05:00,5.804705344947403,5.845640972628866,5.714646339416504,5.714646339416504,309500,0.0,0.0
2024-12-06 00:00:00-05:00,5.7310207496434025,5.812892396559347,5.7310207496434025,5.780143737792969,250300,0.0,0.0
2024-12-09 00:00:00-05:00,5.771956743052841,5.870202718922257,5.771956743052841,5.821079730987549,307100,0.0,0.0
2024-12-10 00:00:00-05:00,5.821079988963006,5.87020297907472,5.763769638635262,5.837454319000244,317400,0.0,0.0
2024-12-11 00:00:00-05:00,5.853828649037482,5.894764278933165,5.796518298709738,5.837454319000244,232500,0.0,0.0
2024-12-12 00:00:00-05:00,5.8047052260863055,5.952074185432585,5.8047052260863055,5.870202541351318,491700,0.0,0.0
2024-12-13 00:00:00-05:00,5.821079811215037,5.919325788438502,5.75558249306606,5.886577129364014,380200,0.0,0.0
2024-12-16 00:00:00-05:00,5.804705017177886,5.8538280018587345,5.575464031605814,5.591838359832764,1301000,0.0,0.0
2024-12-17 00:00:00-05:00,5.591838814628173,5.591838814628173,5.321662181712113,5.37897253036499,1333500,0.0,0.0
2024-12-18 00:00:00-05:00,5.378972057367592,5.387159026229622,5.076046401576933,5.08423376083374,1327800,0.0,0.0
2024-12-19 00:00:00-05:00,5.157918902169673,5.198854530996371,5.002362575680672,5.010549545288086,872100,0.0,0.0
2024-12-20 00:00:00-05:00,4.953239544609405,5.280726134009358,4.928677855207004,5.231603145599365,3748800,0.0,0.0
2024-12-23 00:00:00-05:00,5.215229139071194,5.231603469555136,5.05967280427632,5.100608825683594,708000,0.0,0.0
2024-12-24 00:00:00-05:00,5.116982287275271,5.174292629434871,5.067859304164801,5.166105270385742,321400,0.0,0.0
2024-12-26 00:00:00-05:00,5.157918761892156,5.157918761892156,4.9941750798541875,5.092421054840088,717300,0.0,0.0
2024-12-27 00:00:00-05:00,5.06785908239234,5.116982063353161,4.953238793483759,5.00236177444458,843400,0.0,0.0
2024-12-30 00:00:00-05:00,4.994175289020397,5.002362649142859,4.863180650219542,4.936865329742432,1178700,0.0,0.0
2024-12-31 00:00:00-05:00,4.971030178862093,5.056442984557926,4.928323572373984,5.030818939208984,826900,0.25,0.0
2025-01-02 00:00:00-05:00,5.0393608103005,5.1333151074191665,5.005195685399243,5.082067012786865,591700,0.0,0.0
2025-01-03 00:00:00-05:00,5.099149657155819,5.295599332134241,5.090608579433499,5.27851676940918,495200,0.0,0.0
2025-01-06 00:00:00-05:00,5.278516116506598,5.304140161064949,5.184562236780176,5.193103313446045,557800,0.0,0.0
2025-01-07 00:00:00-05:00,5.235810215054079,5.252892776633359,5.005195430093609,5.047901630401611,463800,0.0,0.0
2025-01-08 00:00:00-05:00,5.039360692101591,5.047901769486367,4.859993586936861,4.877076148986816,630500,0.0,0.0
2025-01-10 00:00:00-05:00,4.783121496152634,4.791662980178658,4.569589282866531,4.646461009979248,884000,0.0,0.0
2025-01-13 00:00:00-05:00,4.612295788999453,4.646460909806233,4.552506623947403,4.6379194259643555,480400,0.0,0.0
2025-01-14 00:00:00-05:00,4.655001964677814,4.834369051717837,4.646460888156098,4.817286491394043,671200,0.0,0.0
2025-01-15 00:00:00-05:00,4.953947617644581,5.064984061407217,4.8172867212530255,4.8429107666015625,679200,0.0,0.0
2025-01-16 00:00:00-05:00,4.825828627062522,4.979571690744077,4.825828627062522,4.962489128112793,385300,0.0,0.0
2025-01-17 00:00:00-05:00,5.013736163532465,5.116231525981696,4.979571042716054,5.06498384475708,504800,0.0,0.0
2025-01-21 00:00:00-05:00,5.06498429173416,5.0991494155655905,5.005195528669359,5.056443214416504,464300,0.0,0.0
2025-01-22 00:00:00-05:00,5.039360334091558,5.039360334091558,4.868534318447553,4.894158363342285,412900,0.0,0.0
2025-01-23 00:00:00-05:00,4.894158480533003,4.9197825260413035,4.825828235551382,4.851451873779297,421100,0.0,0.0
2025-01-24 00:00:00-05:00,4.86853444767028,4.962488738404239,4.859993370665586,4.911241054534912,335900,0.0,0.0
2025-01-27 00:00:00-05:00,4.911241096722207,5.022277949699741,4.877075973849179,4.979571342468262,376600,0.0,0.0
2025-01-28 00:00:00-05:00,4.945406296268242,5.0222780275645595,4.859993487761443,4.868534564971924,418500,0.0,0.0
2025-01-29 00:00:00-05:00,4.8941582164913,4.902699293013015,4.748956250098865,4.817286491394043,551100,0.0,0.0
2025-01-30 00:00:00-05:00,4.86853444767028,4.988112783979096,4.859993370665586,4.911241054534912,423000,0.0,0.0
2025-01-31 00:00:00-05:00,4.919781908536311,4.928322984446789,4.774579952535155,4.834368705749512,468600,0.0,0.0
2025-02-03 00:00:00-05:00,4.748956506306866,4.868534435024702,4.67208477706235,4.851451873779297,631900,0.0,0.0
2025-02-04 00:00:00-05:00,4.902699739680006,5.022278080121276,4.766039244639014,4.996654033660889,407800,0.0,0.0
2025-02-05 00:00:00-05:00,4.996653180878982,5.0649834167375145,4.979570621914349,5.005194664001465,428500,0.0,0.0
2025-02-06 00:00:00-05:00,5.039360564685086,5.107690811157227,5.0137365186178355,5.107690811157227,355700,0.0,0.0
2025-02-07 00:00:00-05:00,5.099149227142334,5.107690711424769,5.0137364207199235,5.099149227142334,443200,0.0,0.0
2025-02-10 00:00:00-05:00,5.116232137688122,5.116232137688122,5.047901887885607,5.082067012786865,592300,0.0,0.0
2025-02-11 00:00:00-05:00,5.056442925824434,5.210185974291119,5.039360364883691,5.2016448974609375,713500,0.0,0.0
2025-02-12 00:00:00-05:00,4.467093776649611,4.655001939182169,4.390222051973383,4.569589138031006,2405000,0.0,0.0
2025-02-13 00:00:00-05:00,4.518341566241322,4.552506687525234,4.2791857172539345,4.338974475860596,1755300,0.0,0.0
2025-02-14 00:00:00-05:00,4.313350808161208,4.45001129233443,4.313350808161208,4.330433368682861,955800,0.0,0.0
2025-02-18 00:00:00-05:00,4.279185557481945,4.338974313856273,4.227937470189155,4.313350677490234,1293900,0.0,0.0
2025-02-19 00:00:00-05:00,4.270644361283627,4.3645986512703745,4.1937726324507985,4.356057167053223,925100,0.0,0.0
2025-02-20 00:00:00-05:00,4.356057862574883,4.398764475918739,4.236479915404716,4.26210355758667,697300,0.0,0.0
2025-02-21 00:00:00-05:00,4.30480952769488,4.321892089023813,4.16814903706342,4.23647928237915,753400,0.0,0.0
2025-02-24 00:00:00-05:00,4.270644007495101,4.296268050743426,4.168148649062503,4.1852312088012695,695100,0.0,0.0
2025-02-25 00:00:00-05:00,4.193772632537014,4.2364792390628825,4.11690131098299,4.168148994445801,621700,0.0,0.0
2025-02-26 00:00:00-05:00,4.176689940541689,4.227937622399089,4.125442258684288,4.151066303253174,343400,0.0,0.0
2025-02-27 00:00:00-05:00,4.125442243610995,4.168148848642976,4.065653485302666,4.091277122497559,685800,0.0,0.0
2025-02-28 00:00:00-05:00,4.057112172677854,4.210855224179444,4.057112172677854,4.176690101623535,674100,0.0,0.0
2025-03-03 00:00:00-05:00,4.193772333520448,4.227937453393011,3.954616494412509,4.014405250549316,892700,0.0,0.0
2025-03-04 00:00:00-05:00,3.9716995360923226,4.099818954794734,3.9631580514479734,4.07419490814209,662300,0.0,0.0
2025-03-05 00:00:00-05:00,4.082736131686595,4.091277208504319,3.9973229198270777,4.040029525756836,415600,0.0,0.0
2025-03-06 00:00:00-05:00,4.014405835180286,4.125442694576951,4.014405835180286,4.082736492156982,366000,0.0,0.0
2025-03-07 00:00:00-05:00,4.0741949566046625,4.236479501254038,4.065653879139121,4.202314376831055,342400,0.0,0.0
2025-03-10 00:00:00-04:00,4.14252493588999,4.279185831969593,4.057112130390478,4.1083598136901855,457900,0.0,0.0
2025-03-11 00:00:00-04:00,4.108359667598161,4.168148832961926,3.9375340626736426,4.031487941741943,499000,0.0,0.0
2025-03-12 00:00:00-04:00,4.074194878265668,4.108360002031721,3.9887820688505347,4.0656538009643555,415800,0.0,0.0
2025-03-13 00:00:00-04:00,4.0656533376385156,4.202313817128767,3.9887816142850716,4.014405250549316,654000,0.0,0.0
2025-03-14 00:00:00-04:00,4.040029823038453,4.1425251960754395,3.988782136519959,4.1425251960754395,525200,0.0,0.0
2025-03-17 00:00:00-04:00,4.1169013530766225,4.245020359403423,4.1169013530766225,4.23647928237915,346600,0.0,0.0
2025-03-18 00:00:00-04:00,4.236479630757364,4.245020708483994,4.176690457549266,4.219397068023682,442800,0.0,0.0
2025-03-19 00:00:00-04:00,4.22793779807449,4.313351011999541,4.185231598392353,4.23647928237915,351600,0.0,0.0
2025-03-20 00:00:00-04:00,4.227938016508087,4.287727187888513,4.193772892085104,4.202314376831055,417200,0.0,0.0
2025-03-21 00:00:00-04:00,4.168148649062503,4.245019964246777,4.116900969846204,4.1852312088012695,829600,0.0,0.0
2025-03-24 00:00:00-04:00,4.219396664479743,4.219396664479743,4.091277252590283,4.1083598136901855,500200,0.0,0.0
2025-03-25 00:00:00-04:00,4.125442563914747,4.125442563914747,4.0314882699179,4.0656538009643555,356500,0.0,0.0
2025-03-26 00:00:00-04:00,4.07419490814209,4.0827363927864395,3.997323175464562,4.07419490814209,549300,0.0,0.0
2025-03-27 00:00:00-04:00,4.065653929732912,4.091277569728811,4.022947320032529,4.082736492156982,493400,0.0,0.0
2025-03-28 00:00:00-04:00,4.082735897574797,4.099818457511078,3.9375339344762277,4.014405250549316,818100,0.0,0.0
2025-03-31 00:00:00-04:00,3.9967599850414213,4.111456966405706,3.9526454701809475,4.084988594055176,547100,0.15,0.0
2025-04-01 00:00:00-04:00,4.084989257650662,4.173217880996918,3.9879375616161488,4.0055832862854,746100,0.0,0.0
2025-04-02 00:00:00-04:00,3.9791144598194106,4.005582833477561,3.9085311484141765,3.934999942779541,565700,0.0,0.0
2025-04-03 00:00:00-04:00,3.8291254250380256,3.8732395192774387,3.7408963951448113,3.758542537689209,758400,0.0,0.0
2025-04-04 00:00:00-04:00,3.705605076170521,3.705605076170521,3.4585649621363306,3.564439296722412,1010700,0.0,0.0
2025-04-07 00:00:00-04:00,3.396804523360404,3.6438450435626075,3.2909301950053953,3.3526902198791504,1050500,0.0,0.0
2025-04-08 00:00:00-04:00,3.4585649773705724,3.4585649773705724,3.1497644127604256,3.167410135269165,1443200,0.0,0.0
2025-04-09 00:00:00-04:00,3.0968274252108685,3.4409194548359063,2.9556614265832812,3.3791592121124268,1394300,0.0,0.0
2025-04-10 00:00:00-04:00,3.290930292133153,3.317398875003093,3.12329572360327,3.2203474044799805,772800,0.0,0.0
2025-04-11 00:00:00-04:00,3.2115247217979492,3.2203475832443607,3.04389014396252,3.140941619873047,743200,0.0,0.0
2025-04-14 00:00:00-04:00,3.2027020863680273,3.2997535691275326,3.1585875656691735,3.246816396713257,783300,0.0,0.0
2025-04-15 00:00:00-04:00,3.2379931835305467,3.387981822440222,3.1938786676152757,3.229170322418213,847900,0.0,0.0
2025-04-16 00:00:00-04:00,3.202701756085129,3.264461784199365,3.0615357671847017,3.0880043506622314,633100,0.0,0.0
2025-04-17 00:00:00-04:00,3.088004439089151,3.2203475706201297,3.0527129934418524,3.1762330532073975,802900,0.0,0.0
2025-04-21 00:00:00-04:00,3.1497644813194587,3.15858734276587,3.04389014396252,3.140941619873047,557500,0.0,0.0
2025-04-22 00:00:00-04:00,3.202701872493276,3.4585650657628215,3.202701872493276,3.432096481323242,747100,0.0,0.0
2025-04-23 00:00:00-04:00,3.5291479678831834,3.5291479678831834,3.317399081396048,3.3262219429016113,440800,0.0,0.0
2025-04-24 00:00:00-04:00,3.3526905709340373,3.423273674248279,3.3526905709340373,3.3703362941741943,234800,0.0,0.0
2025-04-25 00:00:00-04:00,3.3438677650439343,3.3791592121124268,3.273284870906949,3.3791592121124268,392200,0.0,0.0
2025-04-28 00:00:00-04:00,3.396804757239653,3.502679303238004,3.3879818959359245,3.4585649967193604,454200,0.0,0.0
2025-04-29 00:00:00-04:00,3.432096499421522,3.590908217250062,3.396804842962371,3.5467936992645264,769100,0.0,0.0
2025-04-30 00:00:00-04:00,3.476210645665482,3.6085537727706516,3.4056275463777106,3.5909080505371094,430300,0.0,0.0
2025-05-01 00:00:00-04:00,3.5997307300567627,3.626199523972124,3.537970912099597,3.5997307300567627,386500,0.0,0.0
2025-05-02 00:00:00-04:00,3.6350220391330983,3.687959204280801,3.573262223481041,3.652667760848999,418900,0.0,0.0
2025-05-05 00:00:00-04:00,3.5997305574327085,3.687959165074258,3.555616463965527,3.6791365146636963,347100,0.0,0.0
2025-05-06 00:00:00-04:00,3.643845473901542,3.705605295715553,3.573262579995681,3.6350224018096924,459900,0.0,0.0
2025-05-07 00:00:00-04:00,3.864416878669153,4.12910270690918,3.8291254349038155,4.12910270690918,1451900,0.0,0.0
2025-05-08 00:00:00-04:00,4.146748796649098,4.2702692814924506,4.049697528038621,4.252623558044434,817000,0.0,0.0
2025-05-09 00:00:00-04:00,4.270269393920898,4.314383493348769,4.18204035365067,4.270269393920898,529200,0.0,0.0
2025-05-12 00:00:00-04:00,4.340851897310862,4.384965992752369,4.217331841084555,4.358497619628906,617600,0.0,0.0
2025-05-13 00:00:00-04:00,4.393789064264994,4.393789064264994,4.314383103480194,4.358497619628906,575700,0.0,0.0
2025-05-14 00:00:00-04:00,4.349674221430074,4.36731994242282,4.208508453488104,4.2349772453308105,930700,0.0,0.0
2025-05-15 00:00:00-04:00,4.22615417448085,4.279091337459089,4.164393940652652,4.2349772453308105,637800,0.0,0.0
2025-05-16 00:00:00-04:00,4.234977834596417,4.314383379758877,4.2085090390707744,4.252623558044434,403200,0.0,0.0
2025-05-19 00:00:00-04:00,4.199685898138716,4.340851669267014,4.199685898138716,4.323205947875977,467200,0.0,0.0
2025-05-20 00:00:00-04:00,4.314383149727466,4.340851943841863,4.217331886291504,4.217331886291504,266600,0.0,0.0
2025-05-21 00:00:00-04:00,4.120279961359515,4.226154290215393,4.032051353979616,4.040874004364014,430900,0.0,0.0
2025-05-22 00:00:00-04:00,4.0320515632629395,4.084988730438578,3.9349998797539985,4.0320515632629395,579200,0.0,0.0
2025-05-23 00:00:00-04:00,3.9879369735717773,4.04087413977364,3.9614681801172464,3.9879369735717773,599200,0.0,0.0
2025-05-27 00:00:00-04:00,4.049697374688798,4.129102916844411,3.979114483569491,4.1202802658081055,477900,0.0,0.0
2025-05-28 00:00:00-04:00,4.12028040514555,4.155571851898672,4.067343235015869,4.067343235015869,223400,0.0,0.0
2025-05-29 00:00:00-04:00,4.102634429931641,4.129102803018124,4.058519913844563,4.102634429931641,279500,0.0,0.0
2025-05-30 00:00:00-04:00,4.076165886350534,4.10263468176899,4.040874439597413,4.067343235015869,359600,0.0,0.0
2025-06-02 00:00:00-04:00,4.058520091455932,4.058520091455932,3.979114548014287,4.023228645324707,434100,0.0,0.0
2025-06-03 00:00:00-04:00,4.0055825052786025,4.155571346076108,3.9791141337891482,4.137925624847412,459400,0.0,0.0
2025-06-04 00:00:00-04:00,4.12910270690918,4.15557150008678,4.076165541261174,4.12910270690918,366800,0.0,0.0
2025-06-05 00:00:00-04:00,4.146748639624238,4.182040085183891,4.093811471284757,4.1202802658081055,332300,0.0,0.0
2025-06-06 00:00:00-04:00,4.182039812960964,4.234977398561777,4.146748369698549,4.226154327392578,365600,0.0,0.0
2025-06-09 00:00:00-04:00,4.252623420208418,4.34967468567327,4.243800348416767,4.30556058883667,373400,0.0,0.0
2025-06-10 00:00:00-04:00,4.332028825798237,4.384965992752369,4.279091658844106,4.358497619628906,393400,0.0,0.0
2025-06-11 00:00:00-04:00,4.3584975583734495,4.490840684252397,4.340851836303403,4.455549240112305,461500,0.0,0.0
2025-06-12 00:00:00-04:00,4.446726281856685,4.4731950759887695,4.384966042686627,4.4731950759887695,328200,0.0,0.0
2025-06-13 00:00:00-04:00,4.411435155768741,4.43790395181454,4.3408522605896,4.3408522605896,433600,0.0,0.0
2025-06-16 00:00:00-04:00,4.367320450244723,4.4026118963338225,4.270269183853309,4.279091835021973,574400,0.0,0.0
2025-06-17 00:00:00-04:00,4.243800640106201,4.296737812372988,4.199686540237503,4.243800640106201,580200,0.0,0.0
2025-06-18 00:00:00-04:00,4.234977151757644,4.358497195977653,4.217331431154786,4.26144552230835,476800,0.0,0.0
2025-06-20 00:00:00-04:00,4.296737558066523,4.3143832811110725,4.226154665888323,4.279091835021973,1078000,0.0,0.0
2025-06-23 00:00:00-04:00,4.252622969670614,4.349674224853516,4.1820396649369025,4.349674224853516,367700,0.0,0.0
2025-06-24 00:00:00-04:00,4.376143833225191,4.490841251522334,4.323206660328183,4.402612209320068,510500,0.0,0.0
2025-06-25 00:00:00-04:00,4.402611715070413,4.46437195353717,4.358497619628906,4.358497619628906,383400,0.0,0.0
2025-06-26 00:00:00-04:00,4.411434650421143,4.42908037219454,4.340851763327556,4.411434650421143,511900,0.0,0.0
2025-06-27 00:00:00-04:00,4.420257529587227,4.4467259007435915,4.287914411683882,4.349674224853516,691700,0.0,0.0
2025-06-30 00:00:00-04:00,4.376974137245228,4.42247300300558,4.285976839633866,4.340575218200684,545700,0.15,0.0
2025-07-01 00:00:00-04:00,4.304175827209615,4.4679709449501726,4.267776912156158,4.3678741455078125,424400,0.0,0.0
2025-07-02 00:00:00-04:00,4.4042734487249655,4.52256971611991,4.367874530463547,4.477071285247803,372900,0.0,0.0
2025-07-03 00:00:00-04:00,4.504370241644631,4.558969052760095,4.458871810927519,4.495270729064941,200000,0.0,0.0
2025-07-07 00:00:00-04:00,4.45887145985176,4.467970971714986,4.25867699194921,4.276876449584961,497900,0.0,0.0
2025-07-08 00:00:00-04:00,4.2677773821833,4.376974139369941,4.2677773821833,4.3132758140563965,430100,0.0,0.0
2025-07-09 00:00:00-04:00,4.313275781009452,4.386074052485465,4.295076321617784,4.376974105834961,352200,0.0,0.0
2025-07-10 00:00:00-04:00,4.34967513182777,4.449771941484143,4.34967513182777,4.404273509979248,254500,0.0,0.0
2025-07-11 00:00:00-04:00,4.3678746265590584,4.386074086090166,4.276876894994182,4.3132758140563965,343500,0.0,0.0
2025-07-14 00:00:00-04:00,4.285976381568149,4.358774211876936,4.285976381568149,4.2950758934021,319400,0.0,0.0
2025-07-15 00:00:00-04:00,4.295075964074335,4.367874229490258,4.231378078460693,4.231378078460693,541800,0.0,0.0
2025-07-16 00:00:00-04:00,4.267777544514825,4.32237592518488,4.076682995214956,4.13128137588501,448500,0.0,0.0
2025-07-17 00:00:00-04:00,4.158580346679998,4.176779804993091,4.09488202562952,4.103981971740723,390000,0.0,0.0
2025-07-18 00:00:00-04:00,4.140381393584493,4.140381393584493,3.994785275404515,4.031184196472168,524300,0.0,0.0
2025-07-21 00:00:00-04:00,4.058483109282093,4.176779805279973,4.0493831631702655,4.0766825675964355,447200,0.0,0.0
2025-07-22 00:00:00-04:00,4.076682538770552,4.194979233931965,4.0675825927230695,4.140380859375,369900,0.0,0.0
2025-07-23 00:00:00-04:00,4.185879720675221,4.240478100877278,4.15858074752887,4.194979667663574,377300,0.0,0.0
2025-07-24 00:00:00-04:00,4.158580288948838,4.258677091326602,4.158580288948838,4.176779747009277,249200,0.0,0.0
2025-07-25 00:00:00-04:00,4.185879659385219,4.240478038787842,4.1221817670368335,4.240478038787842,216500,0.0,0.0
2025-07-28 00:00:00-04:00,4.249577579251035,4.276876549387041,4.1403808308883985,4.176779747009277,294900,0.0,0.0
2025-07-29 00:00:00-04:00,4.194979205069717,4.194979205069717,4.122181372827959,4.176779747009277,273100,0.0,0.0
2025-07-30 00:00:00-04:00,4.194979234114416,4.213178692300863,4.0493831347135325,4.085782051086426,321400,0.0,0.0
2025-07-31 00:00:00-04:00,4.067582607269287,4.140380874181554,4.03118369076781,4.067582607269287,345300,0.0,0.0
2025-08-01 00:00:00-04:00,4.049383670141063,4.085782591326784,3.9492868538350145,4.040284156799316,686300,0.0,0.0
2025-08-04 00:00:00-04:00,4.049383134624889,4.122181401278392,4.049383134624889,4.113081455230713,304100,0.0,0.0
2025-08-05 00:00:00-04:00,3.9765855284825578,3.9765855284825578,3.6853941809125286,3.7854909896850586,1116400,0.0,0.0
2025-08-06 00:00:00-04:00,3.7763912534768815,3.8036902237408854,3.7126929330120237,3.767291307449341,750700,0.0,0.0
2025-08-07 00:00:00-04:00,3.8036902592367716,4.067582621767758,3.7672913426055534,4.049383163452148,729400,0.0,0.0
2025-08-08 00:00:00-04:00,4.040283984925163,4.085782417517121,3.9401867389678955,3.9401867389678955,508400,0.0,0.0
2025-08-11 00:00:00-04:00,3.9037876915900505,3.949286556602535,3.7399925585819087,3.7854909896850586,528100,0.0,0.0
2025-08-12 00:00:00-04:00,3.785490855483434,4.040283709483735,3.767291396905507,4.003884792327881,751400,0.0,0.0
2025-08-13 00:00:00-04:00,4.022084178233198,4.140380873806953,4.0038847199841054,4.122181415557861,438600,0.0,0.0
2025-08-14 00:00:00-04:00,4.067582592810937,4.122181401278392,4.0311836764388405,4.113081455230713,387800,0.0,0.0
2025-08-15 00:00:00-04:00,4.131280927913394,4.158580332242915,4.085782065333963,4.094882011413574,291700,0.0,0.0
2025-08-18 00:00:00-04:00,4.103982046660035,4.113081559028038,3.9401864849427612,3.985685348510742,553300,0.0,0.0
2025-08-19 00:00:00-04:00,4.01298426087626,4.085782094393667,3.9947848024969077,4.058483123779297,288300,0.0,0.0
2025-08-20 00:00:00-04:00,4.067582621205226,4.131280942255704,4.0402836506902435,4.103981971740723,261200,0.0,0.0
2025-08-21 00:00:00-04:00,4.0584831982603395,4.0584831982603395,3.921987040955574,3.9674859046936035,369700,0.0,0.0
2025-08-22 00:00:00-04:00,3.985685601575602,4.258677498588716,3.985685601575602,4.240478038787842,668100,0.0,0.0
2025-08-25 00:00:00-04:00,4.204078746070138,4.222278204255794,4.131280913327518,4.140380859375,288200,0.0,0.0
2025-08-26 00:00:00-04:00,4.140380802613533,4.213178634358151,4.1039818867412245,4.185879230499268,235900,0.0,0.0
2025-08-27 00:00:00-04:00,4.158580260831393,4.258677062532371,4.158580260831393,4.213178634643555,301900,0.0,0.0
2025-08-28 00:00:00-04:00,4.24957799911499,4.2586775120896005,4.167680212796749,4.24957799911499,399700,0.0,0.0
2025-08-29 00:00:00-04:00,4.249577466413755,4.331475242465789,4.24047752067051,4.2950758934021,347000,0.0,0.0
2025-09-02 00:00:00-04:00,4.213178592824737,4.349674742954972,4.204078646991714,4.267776966094971,679600,0.0,0.0
2025-09-03 00:00:00-04:00,4.2404774437209225,4.486170333509274,4.2404774437209225,4.458871364593506,456900,0.0,0.0
2025-09-04 00:00:00-04:00,4.486170722663371,4.622666880810471,4.467971263837713,4.568068504333496,568100,0.0,0.0
2025-09-05 00:00:00-04:00,4.586267903147845,4.677265196085437,4.586267903147845,4.668165683746338,594800,0.0,0.0
2025-09-08 00:00:00-04:00,4.668165296591356,4.668165296591356,4.477070780316205,4.486170291900635,798500,0.0,0.0
2025-09-09 00:00:00-04:00,4.486170844460897,4.540769222420194,4.422472953796387,4.422472953796387,336300,0.0,0.0
2025-09-10 00:00:00-04:00,4.440672399318735,4.477071317845172,4.413372993469238,4.413372993469238,312200,0.0,0.0
2025-09-11 00:00:00-04:00,4.395173565226629,4.50437032157664,4.376974105834961,4.376974105834961,319800,0.0,0.0
2025-09-12 00:00:00-04:00,4.367874103740538,4.431571987520338,4.3314751890351415,4.395173072814941,225900,0.0,0.0
2025-09-15 00:00:00-04:00,4.440671933151332,4.449771444873036,4.34967464638784,4.395173072814941,292600,0.0,0.0
2025-09-16 00:00:00-04:00,4.386074097686278,4.404273557265502,4.313275825460042,4.349675178527832,313700,0.0,0.0
2025-09-17 00:00:00-04:00,4.349674673402445,4.477070875662557,4.349674673402445,4.358774185180664,296200,0.0,0.0
2025-09-18 00:00:00-04:00,4.386073561093237,4.440671933151332,4.3587741581095445,4.395173072814941,356500,0.0,0.0
2025-09-19 00:00:00-04:00,4.40427306056127,4.422472518087998,4.3678741455078125,4.3678741455078125,716900,0.0,0.0
2025-09-22 00:00:00-04:00,4.3678746244387625,4.386074083961035,4.313275811962604,4.340575218200684,390400,0.0,0.0
2025-09-23 00:00:00-04:00,4.349675164916491,4.3951735967675,4.313275811962604,4.340575218200684,249100,0.0,0.0
2025-09-24 00:00:00-04:00,4.349675178527832,4.4315725296796655,4.340575231783548,4.349675178527832,377200,0.0,0.0
2025-09-25 00:00:00-04:00,4.340575233971944,4.367874640309214,4.313275827634674,4.322375774383545,250800,0.0,0.0
2025-09-26 00:00:00-04:00,4.331475705394218,4.3951735967675,4.322375758678411,4.340575218200684,378300,0.0,0.0
2025-09-29 00:00:00-04:00,4.349675180720816,4.349675180720816,4.240477989281078,4.322375774383545,641900,0.0,0.0
2025-09-30 00:00:00-04:00,4.275393591004748,4.275393591004748,4.18142854218908,4.237807750701904,848500,0.15,0.0
2025-10-01 00:00:00-04:00,4.200221462340502,4.275393591004748,4.200221462340502,4.237807750701904,345500,0.0,0.0
2025-10-02 00:00:00-04:00,4.237807388129609,4.331771980847429,4.219014021527525,4.322375297546387,371000,0.0,0.0
2025-10-03 00:00:00-04:00,4.3505646980333035,4.500908039423456,4.3505646980333035,4.397546768188477,267800,0.0,0.0
2025-10-06 00:00:00-04:00,4.416339890264206,4.416339890264206,4.294186143760301,4.322375297546387,414900,0.0,0.0
2025-10-07 00:00:00-04:00,4.2941859566342195,4.34116802691655,4.2941859566342195,4.303582191467285,399600,0.0,0.0
2025-10-08 00:00:00-04:00,4.322375693782381,4.331772377944826,4.247204012717071,4.265996932983398,202600,0.0,0.0
2025-10-09 00:00:00-04:00,4.265997092583711,4.275393777097706,4.125049961283833,4.162635803222656,473700,0.0,0.0
2025-10-10 00:00:00-04:00,4.172032301367704,4.219014377663206,4.125049777013642,4.143842697143555,348300,0.0,0.0
2025-10-13 00:00:00-04:00,4.18142830193906,4.209617904575798,4.125049544724118,4.19082498550415,250100,0.0,0.0
2025-10-14 00:00:00-04:00,4.1438425263644625,4.378754242336298,4.1438425263644625,4.341168403625488,384000,0.0,0.0
2025-10-15 00:00:00-04:00,4.3505652736537455,4.482115714775482,4.3505652736537455,4.35996150970459,501000,0.0,0.0
2025-10-16 00:00:00-04:00,4.369358134817789,4.388151054724291,4.200221407600725,4.209618091583252,403400,0.0,0.0
2025-10-17 00:00:00-04:00,4.143842647881221,4.247203931396254,4.143842647881221,4.209618091583252,264400,0.0,0.0
2025-10-20 00:00:00-04:00,4.228410887493056,4.350565087332461,4.200221284430678,4.341168403625488,367100,0.0,0.0
2025-10-21 00:00:00-04:00,4.359961483464534,4.3881510875645295,4.322375643370245,4.331772327423096,256500,0.0,0.0
2025-10-22 00:00:00-04:00,4.3317719651571185,4.425736557534584,4.3317719651571185,4.416339874267578,287500,0.0,0.0
2025-10-23 00:00:00-04:00,4.435132952766253,4.444529636372299,4.369357959758071,4.4069437980651855,376400,0.0,0.0
2025-10-24 00:00:00-04:00,4.463322794615234,4.472719478724637,4.3505652736537455,4.35996150970459,352000,0.0,0.0
2025-10-27 00:00:00-04:00,4.369357875456007,4.43513286719513,4.294186200292136,4.350564956665039,260200,0.0,0.0
2025-10-28 00:00:00-04:00,4.331772351459013,4.331772351459013,4.219014382491923,4.237807750701904,320600,0.0,0.0
2025-10-29 00:00:00-04:00,4.237807935158883,4.331772540005942,4.125049961283833,4.162635803222656,334200,0.0,0.0
2025-10-30 00:00:00-04:00,4.162635617273468,4.200221457533294,4.115653540977965,4.143842697143555,215100,0.0,0.0
2025-10-31 00:00:00-04:00,4.1344462282892085,4.228410823647445,4.078067471074267,4.19082498550415,341800,0.0,0.0
2025-11-03 00:00:00-05:00,4.172032113300634,4.172032113300634,4.068670833216158,4.125049591064453,331900,0.0,0.0
2025-11-04 00:00:00-05:00,4.106256671781688,4.181428348912748,4.0968604361695755,4.125049591064453,346100,0.0,0.0
2025-11-05 00:00:00-05:00,4.125049607009057,4.369358006687866,4.125049607009057,4.341168403625488,363700,0.0,0.0
2025-11-06 00:00:00-05:00,4.322375447387672,4.331772131014464,4.2190141677856445,4.2190141677856445,319500,0.0,0.0
2025-11-07 00:00:00-05:00,4.397547459512348,4.782803004477113,4.388151223227562,4.754613399505615,1357000,0.0,0.0
2025-11-10 00:00:00-05:00,4.782803089230483,4.782803089230483,4.406944221948689,4.472719669342041,948800,0.0,0.0
2025-11-11 00:00:00-05:00,4.472719383417459,4.632458977346468,4.444529779748486,4.61366605758667,493300,0.0,0.0
2025-11-12 00:00:00-05:00,4.604269821736046,4.651251897106267,4.519701458787679,4.61366605758667,421700,0.0,0.0
2025-11-13 00:00:00-05:00,4.604269926576482,4.6794416073273535,4.538494481890189,4.576080322265625,437200,0.0,0.0
2025-11-14 00:00:00-05:00,4.57607993108493,4.660648288729716,4.529097858661121,4.632458686828613,526400,0.0,0.0
2025-11-17 00:00:00-05:00,4.613666324147911,4.6324592449934965,4.547891325217646,4.566684246063232,448200,0.0,0.0
2025-11-18 00:00:00-05:00,4.453925708767394,4.64185534147742,4.425736555098927,4.604269504547119,474900,0.0,0.0
2025-11-19 00:00:00-05:00,4.585477166908818,4.6324592449934965,4.557287561611151,4.566684246063232,351000,0.0,0.0
2025-11-20 00:00:00-05:00,4.594873133127897,4.64185565650862,4.48211561468442,4.491512298583984,366800,0.0,0.0
2025-11-21 00:00:00-05:00,4.519701538264708,4.68883781907708,4.48211569808418,4.670044898986816,397500,0.0,0.0
2025-11-24 00:00:00-05:00,4.670044768215084,4.688837687779104,4.632458929087045,4.679441452026367,404600,0.0,0.0
2025-11-25 00:00:00-05:00,4.698234285627093,4.961335602767966,4.670044682767574,4.933145999908447,644600,0.0,0.0
2025-11-26 00:00:00-05:00,4.886163607431619,4.980128654083362,4.886163607431619,4.9237494468688965,484500,0.0,0.0
2025-11-28 00:00:00-05:00,4.951939160870532,4.980128765106201,4.886163716359679,4.980128765106201,284100,0.0,0.0
2025-12-01 00:00:00-05:00,4.895560291320212,4.980128654083362,4.848577767994341,4.9237494468688965,364700,0.0,0.0
2025-12-02 00:00:00-05:00,4.961335707272738,4.961335707272738,4.867370661134102,4.895560264587402,385100,0.0,0.0
2025-12-03 00:00:00-05:00,4.93314624073294,5.027110841420903,4.876767480320162,4.980128765106201,476600,0.0,0.0
2025-12-04 00:00:00-05:00,4.970731858255249,4.980128541932232,4.820388503891828,4.839181423187256,398600,0.0,0.0
2025-12-05 00:00:00-05:00,4.839181659387715,4.876767499813135,4.782802898749585,4.79219913482666,462600,0.0,0.0
2025-12-08 00:00:00-05:00,4.782802479973701,4.876767072809835,4.717027040959146,4.820388317108154,398000,0.0,0.0
2025-12-09 00:00:00-05:00,4.857974714610467,4.886163871683669,4.820388873140483,4.876767635345459,282300,0.0,0.0
2025-12-10 00:00:00-05:00,4.876767475517588,4.95193915599393,4.839181635279417,4.886163711547852,408200,0.0,0.0
2025-12-11 00:00:00-05:00,4.895560395636673,4.942542919963667,4.857974555398502,4.886163711547852,374100,0.0,0.0
2025-12-12 00:00:00-05:00,4.895560264587402,4.970731943051474,4.867370661134102,4.895560264587402,353800,0.0,0.0
2025-12-15 00:00:00-05:00,5.045903922038995,5.215040656715132,4.970732239097856,5.092886447906494,1459100,0.0,0.0
2025-12-16 00:00:00-05:00,5.0928862063478295,5.149264965879605,5.04590368270874,5.04590368270874,711800,0.0,0.0
2025-12-17 00:00:00-05:00,5.027110576629639,5.102282253220518,4.93314598089104,5.027110576629639,705300,0.0,0.0
2025-12-18 00:00:00-05:00,5.074093098528206,5.111678936823645,4.998921421937327,5.027110576629639,632500,0.0,0.0
2025-12-19 00:00:00-05:00,4.9989213943481445,5.111678908612151,4.989524710796878,4.9989213943481445,1267900,0.0,0.0
2025-12-22 00:00:00-05:00,4.989524889913407,5.064696568787963,4.904956527150257,4.9237494468688965,661600,0.0,0.0
2025-12-23 00:00:00-05:00,4.904956820060835,4.923749740901735,4.782803058624268,4.782803058624268,515100,0.0,0.0
2025-12-24 00:00:00-05:00,4.79219929501543,4.801595979465168,4.717027611651828,4.782803058624268,416300,0.0,0.0
2025-12-26 00:00:00-05:00,4.764009897294129,4.801595737078581,4.726424057509677,4.735820293426514,355000,0.0,0.0
2025-12-29 00:00:00-05:00,4.726424294795912,4.745217215631621,4.679441768677352,4.688838005065918,503800,0.0,0.0
2025-12-30 00:00:00-05:00,4.688837792636771,4.707631160679617,4.613666112699609,4.641855716705322,790200,0.0,0.0
2025-12-31 00:00:00-05:00,4.641855436090686,4.699999708068634,4.574020221071614,4.63216495513916,1118500,0.15,0.0
2026-01-02 00:00:00-05:00,4.603092571229944,4.661236842994729,4.535257356459565,4.58371114730835,560100,0.0,0.0
2026-01-05 00:00:00-05:00,4.564330087900748,4.574020569590643,4.46742296055363,4.515876293182373,826300,0.0,0.0
2026-01-06 00:00:00-05:00,4.486804302554257,4.544948577880859,4.428660027227655,4.544948577880859,546000,0.0,0.0
2026-01-07 00:00:00-05:00,4.593402008256021,4.641855803113594,4.525567249962979,4.564330101013184,710700,0.0,0.0
2026-01-08 00:00:00-05:00,4.535257660673287,4.74845380020109,4.535257660673287,4.690309524536133,535500,0.0,0.0
2026-01-09 00:00:00-05:00,4.758144403643622,4.903505327574146,4.758144403643622,4.8550519943237305,547700,0.0,0.0
2026-01-12 00:00:00-05:00,4.855051783061003,4.864742264453559,4.777525621472463,4.816288471221924,417000,0.0,0.0
2026-01-13 00:00:00-05:00,4.825979599364104,4.84536102498044,4.69030962004975,4.758144378662109,646200,0.0,0.0
2026-01-14 00:00:00-05:00,4.758144196597732,4.825979414704098,4.738762771723001,4.816288471221924,462000,0.0,0.0
2026-01-15 00:00:00-05:00,4.806598114030049,4.981030942409902,4.787216688654509,4.932577610015869,680400,0.0,0.0
2026-01-16 00:00:00-05:00,4.884123441644727,5.000411984995888,4.874432960743594,4.951958656311035,437700,0.0,0.0
2026-01-20 00:00:00-05:00,4.884123588415943,4.884123588415943,4.719381249339715,4.748453617095947,536600,0.0,0.0
2026-01-21 00:00:00-05:00,4.777525719679214,4.796907144952349,4.6612371680404046,4.787216663360596,409900,0.0,0.0
2026-01-22 00:00:00-05:00,4.796907231934234,4.825979601415916,4.6903096220438805,4.709691047668457,412300,0.0,0.0
2026-01-23 00:00:00-05:00,4.699999809265137,4.7387626580850455,4.6418555360352745,4.699999809265137,443900,0.0,0.0
2026-01-26 00:00:00-05:00,4.729072460383302,4.729072460383302,4.593402019291991,4.6612372398376465,277200,0.0,0.0
2026-01-27 00:00:00-05:00,4.670928194433414,4.758144378662109,4.612783917584405,4.758144378662109,320500,0.0,0.0
2026-01-28 00:00:00-05:00,4.796907242614237,4.913196258710243,4.7775258169465085,4.80659818649292,785600,0.0,0.0
2026-01-29 00:00:00-05:00,4.806598125447382,5.048866174261909,4.777525756270201,5.029484748840332,638800,0.0,0.0
2026-01-30 00:00:00-05:00,4.981030580209005,5.068247219101696,4.79690682148532,5.048865795135498,864800,0.0,0.0
2026-02-02 00:00:00-05:00,5.039175131660261,5.194226994081084,4.9810308565360595,5.05855655670166,771100,0.0,0.0
2026-02-03 00:00:00-05:00,5.077938079833984,5.174845669002579,5.000412378170814,5.077938079833984,501900,0.0,0.0
2026-02-04 00:00:00-05:00,5.107010183863564,5.165154457092285,5.048865910634843,5.165154457092285,381100,0.0,0.0
2026-02-05 00:00:00-05:00,5.087628911345353,5.087628911345353,4.94226799288899,4.961649417877197,538800,0.0,0.0
2026-02-06 00:00:00-05:00,5.039175033569336,5.077937882897591,4.884123636256314,5.039175033569336,535600,0.0,0.0
2026-02-09 00:00:00-05:00,5.000411984995888,5.010102927986615,4.864742017752866,4.951958656311035,582400,0.0,0.0
2026-02-10 00:00:00-05:00,5.436494844342527,5.707834785249368,5.15546396021564,5.533401966094971,2141500,0.0,0.0
2026-02-11 00:00:00-05:00,5.5430927164879416,5.5818560291615,5.3202060945855285,5.397732257843018,1053500,0.0,0.0
2026-02-12 00:00:00-05:00,5.436494859837996,5.436494859837996,5.077937815197564,5.116701126098633,479500,0.0,0.0
2026-02-13 00:00:00-05:00,5.126391775969523,5.165154626056696,4.971340375620835,5.010103225708008,828900,0.0,0.0
2026-02-17 00:00:00-05:00,5.019793428141401,5.107010067034094,4.922886308310408,5.048865795135498,537000,0.0,0.0
2026-02-18 00:00:00-05:00,5.019793608524865,5.06824740122632,4.942267909874229,4.990721702575684,531400,0.0,0.0
2026-02-19 00:00:00-05:00,4.951958936427904,5.000412267853611,4.8841237179243695,4.961649417877197,378800,0.0,0.0
2026-02-20 00:00:00-05:00,4.971340262694672,5.029484536504658,4.893814564281358,4.942267894744873,408700,0.0,0.0
2026-02-23 00:00:00-05:00,4.942268166167016,4.981031017502472,4.80659818649292,4.80659818649292,578100,0.0,0.0
2026-02-24 00:00:00-05:00,4.796907060742794,4.874433222563992,4.73876278594411,4.864742279052734,443700,0.0,0.0
2026-02-25 00:00:00-05:00,4.884123815532205,4.942268091658823,4.845360964781127,4.932577610015869,273500,0.0,0.0
2026-02-26 00:00:00-05:00,4.971340361416112,5.010103211392526,4.8841237179243695,4.961649417877197,322300,0.0,0.0
2026-02-27 00:00:00-05:00,4.893814647496886,4.961649403717208,4.855051797631098,4.864742279052734,460500,0.0,0.0
2026-03-02 00:00:00-05:00,4.74845366360742,5.136082618979588,4.699999870902294,5.039175033569336,773000,0.0,0.0
2026-03-03 00:00:00-05:00,4.922886291701451,5.048865778101508,4.864742019999024,5.0004119873046875,399100,0.0,0.0
2026-03-04 00:00:00-05:00,5.048865795135498,5.1554638579943886,4.990721523236902,5.048865795135498,346900,0.0,0.0
2026-03-05 00:00:00-05:00,5.0294843711693,5.087628643067895,5.000412004175203,5.048865795135498,354200,0.0,0.0
2026-03-06 00:00:00-05:00,4.981030660537939,5.010103028000883,4.884123539144127,4.971340179443359,442300,0.0,0.0
2026-03-09 00:00:00-04:00,4.884123899608209,4.951959120635137,4.709691068225644,4.903505325317383,577700,0.0,0.0
2026-03-10 00:00:00-04:00,4.8841236204058,4.9713402621561364,4.864742195804571,4.893814563751221,364700,0.0,0.0
2026-03-11 00:00:00-04:00,4.864742097469367,4.913195889037808,4.796906881691472,4.8744330406188965,325900,0.0,0.0
2026-03-12 00:00:00-04:00,4.796907242614237,4.884123889163832,4.787216760825192,4.80659818649292,304000,0.0,0.0
2026-03-13 00:00:00-04:00,4.825979601415916,4.845361027040493,4.6903096220438805,4.709691047668457,578600,0.0,0.0
2026-03-16 00:00:00-04:00,4.758144281767103,4.806598075866047,4.690309524536133,4.690309524536133,372000,0.0,0.0
2026-03-17 00:00:00-04:00,4.767834942103521,4.816288271233595,4.709690669893674,4.729072093963623,396700,0.0,0.0
2026-03-18 00:00:00-04:00,4.709690751488677,4.758144081458201,4.632165053865753,4.651546478271484,476100,0.0,0.0
2026-03-19 00:00:00-04:00,4.603092590128147,4.729072077180526,4.603092590128147,4.6806182861328125,328900,0.0,0.0
2026-03-20 00:00:00-04:00,4.7096907188714985,4.7096907188714985,4.525566957247409,4.554638862609863,830200,0.0,0.0
2026-03-23 00:00:00-04:00,4.651546576588424,4.7678351254807305,4.593401840052654,4.670928001403809,573300,0.0,0.0
2026-03-24 00:00:00-04:00,4.593401628224349,4.670927786000324,4.54494829946516,4.58371114730835,341400,0.0,0.0
2026-03-25 00:00:00-04:00,4.680618580880493,4.719381431323798,4.622474305215537,4.690309524536133,302100,0.0,0.0
2026-03-26 00:00:00-04:00,4.651546576588424,4.777525606843614,4.651546576588424,4.719381332397461,312600,0.0,0.0
2026-03-27 00:00:00-04:00,4.690309611162442,4.719381518487042,4.593402021174747,4.612783908843994,542900,0.0,0.0
2026-03-30 00:00:00-04:00,4.680618384855183,4.748453601334826,4.603092687215367,4.699999809265137,749700,0.0,0.0
2026-03-31 00:00:00-04:00,4.829999923706055,4.840000152587891,4.730000019073486,4.800000190734863,551300,0.15,0.0
2026-04-01 00:00:00-04:00,4.800000190734863,4.809999942779541,4.650000095367432,4.71999979019165,532300,0.0,0.0
2026-04-02 00:00:00-04:00,4.639999866485596,4.769999980926514,4.630000114440918,4.760000228881836,496200,0.0,0.0
2026-04-06 00:00:00-04:00,4.75,4.840000152587891,4.739999771118164,4.78000020980835,306000,0.0,0.0
2026-04-07 00:00:00-04:00,4.75,4.804999828338623,4.690000057220459,4.78000020980835,429438,0.0,0.0
