Date,Open,High,Low,Close,Volume,Dividends,Stock Splits
2022-05-06 00:00:00-04:00,18.5,20.200000762939453,18.399999618530273,20.0,15225300,0.0,0.0
2022-05-09 00:00:00-04:00,18.989999771118164,19.18199920654297,17.799999237060547,18.0,5325800,0.0,0.0
2022-05-10 00:00:00-04:00,18.059999465942383,18.059999465942383,16.25,17.549999237060547,5151700,0.0,0.0
2022-05-11 00:00:00-04:00,17.670000076293945,17.940000534057617,16.3700008392334,16.549999237060547,1453200,0.0,0.0
2022-05-12 00:00:00-04:00,16.469999313354492,17.729999542236328,16.010000228881836,17.469999313354492,1098300,0.0,0.0
2022-05-13 00:00:00-04:00,17.399999618530273,18.459999084472656,17.079999923706055,17.719999313354492,897200,0.0,0.0
2022-05-16 00:00:00-04:00,17.670000076293945,17.709999084472656,16.760000228881836,17.0,472400,0.0,0.0
2022-05-17 00:00:00-04:00,17.190000534057617,17.5,16.34000015258789,17.229999542236328,1333500,0.0,0.0
2022-05-18 00:00:00-04:00,17.079999923706055,17.229999542236328,16.299999237060547,16.510000228881836,488200,0.0,0.0
2022-05-19 00:00:00-04:00,16.31999969482422,17.65999984741211,16.31999969482422,17.520000457763672,953400,0.0,0.0
2022-05-20 00:00:00-04:00,17.719999313354492,17.850000381469727,16.75,17.18000030517578,1130500,0.0,0.0
2022-05-23 00:00:00-04:00,17.31999969482422,17.31999969482422,16.5,16.90999984741211,871500,0.0,0.0
2022-05-24 00:00:00-04:00,16.8799991607666,16.8799991607666,16.017000198364258,16.110000610351562,1032100,0.0,0.0
2022-05-25 00:00:00-04:00,16.030000686645508,17.110000610351562,15.899999618530273,16.989999771118164,1295000,0.0,0.0
2022-05-26 00:00:00-04:00,17.0,18.030000686645508,16.809999465942383,18.0,1245200,0.0,0.0
2022-05-27 00:00:00-04:00,18.190000534057617,18.209999084472656,17.5,17.690000534057617,356400,0.0,0.0
2022-05-31 00:00:00-04:00,17.709999084472656,18.054000854492188,16.809999465942383,17.010000228881836,335900,0.0,0.0
2022-06-01 00:00:00-04:00,16.899999618530273,17.327999114990234,16.270000457763672,16.280000686645508,333300,0.0,0.0
2022-06-02 00:00:00-04:00,16.260000228881836,16.809999465942383,15.920000076293945,16.290000915527344,476400,0.0,0.0
2022-06-03 00:00:00-04:00,16.139999389648438,16.760000228881836,16.049999237060547,16.610000610351562,337100,0.0,0.0
2022-06-06 00:00:00-04:00,16.989999771118164,17.0,16.110000610351562,16.15999984741211,638000,0.0,0.0
2022-06-07 00:00:00-04:00,16.239999771118164,16.280000686645508,15.420000076293945,15.649999618530273,1377100,0.0,0.0
2022-06-08 00:00:00-04:00,15.5,15.739999771118164,14.75,14.880000114440918,1177400,0.0,0.0
2022-06-09 00:00:00-04:00,14.930000305175781,14.960000038146973,14.270000457763672,14.579999923706055,1054600,0.0,0.0
2022-06-10 00:00:00-04:00,14.319999694824219,14.569999694824219,13.989999771118164,14.069999694824219,561500,0.0,0.0
2022-06-13 00:00:00-04:00,13.710000038146973,14.0,13.25,13.359999656677246,748600,0.0,0.0
2022-06-14 00:00:00-04:00,13.350000381469727,14.199999809265137,13.170000076293945,13.6899995803833,705600,0.0,0.0
2022-06-15 00:00:00-04:00,13.920000076293945,14.9399995803833,13.710000038146973,14.859999656677246,613400,0.0,0.0
2022-06-16 00:00:00-04:00,14.5,14.729999542236328,13.920000076293945,14.489999771118164,1460900,0.0,0.0
2022-06-17 00:00:00-04:00,14.40999984741211,15.75,14.260000228881836,15.75,3926600,0.0,0.0
2022-06-21 00:00:00-04:00,15.899999618530273,15.899999618530273,15.069999694824219,15.5,1846900,0.0,0.0
2022-06-22 00:00:00-04:00,15.25,15.600000381469727,15.100000381469727,15.470000267028809,1373000,0.0,0.0
2022-06-23 00:00:00-04:00,15.40999984741211,15.600000381469727,15.130000114440918,15.510000228881836,1595700,0.0,0.0
2022-06-24 00:00:00-04:00,15.930000305175781,16.43000030517578,15.739999771118164,15.850000381469727,1081600,0.0,0.0
2022-06-27 00:00:00-04:00,15.789999961853027,16.17099952697754,15.550000190734863,15.699999809265137,517500,0.0,0.0
2022-06-28 00:00:00-04:00,15.550000190734863,15.770000457763672,14.949999809265137,15.020000457763672,573100,0.0,0.0
2022-06-29 00:00:00-04:00,15.020000457763672,15.359999656677246,14.850000381469727,15.279999732971191,330900,0.0,0.0
2022-06-30 00:00:00-04:00,15.199999809265137,15.489999771118164,14.729999542236328,15.239999771118164,571700,0.0,0.0
2022-07-01 00:00:00-04:00,15.050000190734863,16.030000686645508,15.0,15.859999656677246,353400,0.0,0.0
2022-07-05 00:00:00-04:00,15.829999923706055,15.854999542236328,15.40999984741211,15.800000190734863,262200,0.0,0.0
2022-07-06 00:00:00-04:00,15.9399995803833,16.25,15.895000457763672,15.9399995803833,609800,0.0,0.0
2022-07-07 00:00:00-04:00,16.020000457763672,16.110000610351562,15.649999618530273,15.970000267028809,541100,0.0,0.0
2022-07-08 00:00:00-04:00,15.970000267028809,16.989999771118164,15.869999885559082,16.43000030517578,861600,0.0,0.0
2022-07-11 00:00:00-04:00,16.389999389648438,16.40999984741211,15.859999656677246,15.899999618530273,462900,0.0,0.0
2022-07-12 00:00:00-04:00,15.789999961853027,16.916000366210938,15.699999809265137,16.59000015258789,948700,0.0,0.0
2022-07-13 00:00:00-04:00,16.3799991607666,16.559999465942383,15.970000267028809,16.200000762939453,572100,0.0,0.0
2022-07-14 00:00:00-04:00,16.139999389648438,16.399999618530273,15.869999885559082,15.979999542236328,545100,0.0,0.0
2022-07-15 00:00:00-04:00,15.9399995803833,16.15999984741211,15.529999732971191,15.59000015258789,381500,0.0,0.0
2022-07-18 00:00:00-04:00,15.630000114440918,15.83899974822998,15.029999732971191,15.149999618530273,713600,0.0,0.0
2022-07-19 00:00:00-04:00,15.350000381469727,15.470000267028809,15.079999923706055,15.289999961853027,599500,0.0,0.0
2022-07-20 00:00:00-04:00,15.069999694824219,15.390000343322754,14.989999771118164,15.140000343322754,2064400,0.0,0.0
2022-07-21 00:00:00-04:00,15.010000228881836,16.25,15.010000228881836,15.720000267028809,486800,0.0,0.0
2022-07-22 00:00:00-04:00,15.619999885559082,15.920000076293945,15.09000015258789,15.329999923706055,691400,0.0,0.0
2022-07-25 00:00:00-04:00,15.640000343322754,16.139999389648438,15.109999656677246,16.09000015258789,458700,0.0,0.0
2022-07-26 00:00:00-04:00,16.209999084472656,16.229999542236328,15.15999984741211,15.350000381469727,1079000,0.0,0.0
2022-07-27 00:00:00-04:00,15.289999961853027,16.204999923706055,15.289999961853027,16.06999969482422,477100,0.0,0.0
2022-07-28 00:00:00-04:00,15.989999771118164,16.1299991607666,12.199999809265137,15.350000381469727,11015100,0.0,0.0
2022-07-29 00:00:00-04:00,14.890000343322754,15.470000267028809,14.09000015258789,14.390000343322754,8054300,0.0,0.0
2022-08-01 00:00:00-04:00,14.460000038146973,14.970000267028809,14.050000190734863,14.399999618530273,1545500,0.0,0.0
2022-08-02 00:00:00-04:00,14.220000267028809,14.859999656677246,14.119999885559082,14.229999542236328,1662700,0.0,0.0
2022-08-03 00:00:00-04:00,14.329999923706055,14.930000305175781,14.305000305175781,14.819999694824219,2002400,0.0,0.0
2022-08-04 00:00:00-04:00,15.0,15.84000015258789,14.770000457763672,15.569999694824219,2271200,0.0,0.0
2022-08-05 00:00:00-04:00,15.489999771118164,15.789999961853027,15.260000228881836,15.510000228881836,1778400,0.0,0.0
2022-08-08 00:00:00-04:00,15.59000015258789,15.9399995803833,15.3100004196167,15.5,993800,0.0,0.0
2022-08-09 00:00:00-04:00,15.399999618530273,15.770000457763672,15.329999923706055,15.760000228881836,1177300,0.0,0.0
2022-08-10 00:00:00-04:00,15.859999656677246,16.68000030517578,15.800000190734863,16.309999465942383,952700,0.0,0.0
2022-08-11 00:00:00-04:00,16.350000381469727,17.18000030517578,16.34000015258789,16.520000457763672,516100,0.0,0.0
2022-08-12 00:00:00-04:00,16.510000228881836,16.59000015258789,16.084999084472656,16.360000610351562,580100,0.0,0.0
2022-08-15 00:00:00-04:00,16.309999465942383,16.540000915527344,15.9399995803833,16.520000457763672,720200,0.0,0.0
2022-08-16 00:00:00-04:00,16.75,16.774999618530273,16.06999969482422,16.299999237060547,646200,0.0,0.0
2022-08-17 00:00:00-04:00,16.010000228881836,16.739999771118164,16.010000228881836,16.34000015258789,561600,0.0,0.0
2022-08-18 00:00:00-04:00,16.299999237060547,16.513999938964844,15.699999809265137,16.25,676600,0.0,0.0
2022-08-19 00:00:00-04:00,16.110000610351562,16.110000610351562,15.359999656677246,15.5,717900,0.0,0.0
2022-08-22 00:00:00-04:00,15.300000190734863,15.8100004196167,15.187999725341797,15.489999771118164,696400,0.0,0.0
2022-08-23 00:00:00-04:00,15.510000228881836,15.890000343322754,15.359999656677246,15.600000381469727,623800,0.0,0.0
2022-08-24 00:00:00-04:00,15.470000267028809,16.469999313354492,15.359999656677246,15.979999542236328,634500,0.0,0.0
2022-08-25 00:00:00-04:00,15.930000305175781,16.649999618530273,15.800000190734863,16.149999618530273,620100,0.0,0.0
2022-08-26 00:00:00-04:00,16.170000076293945,16.209999084472656,15.420000076293945,15.569999694824219,493100,0.0,0.0
2022-08-29 00:00:00-04:00,15.40999984741211,15.619999885559082,15.119999885559082,15.149999618530273,376900,0.0,0.0
2022-08-30 00:00:00-04:00,15.100000381469727,15.380000114440918,14.4399995803833,14.5600004196167,1211900,0.0,0.0
2022-08-31 00:00:00-04:00,14.579999923706055,15.255000114440918,14.399999618530273,14.880000114440918,1673700,0.0,0.0
2022-09-01 00:00:00-04:00,14.859999656677246,15.270000457763672,14.5,14.850000381469727,938400,0.0,0.0
2022-09-02 00:00:00-04:00,14.899999618530273,15.324999809265137,14.720000267028809,15.0,795400,0.0,0.0
2022-09-06 00:00:00-04:00,15.140000343322754,15.40999984741211,14.930000305175781,15.40999984741211,582200,0.0,0.0
2022-09-07 00:00:00-04:00,15.489999771118164,15.989999771118164,15.140000343322754,15.75,1699700,0.0,0.0
2022-09-08 00:00:00-04:00,15.8100004196167,17.239999771118164,15.630000114440918,16.440000534057617,1993800,0.0,0.0
2022-09-09 00:00:00-04:00,16.5,17.799999237060547,16.479999542236328,17.170000076293945,995700,0.0,0.0
2022-09-12 00:00:00-04:00,17.59000015258789,17.59000015258789,16.950000762939453,17.0,699100,0.0,0.0
2022-09-13 00:00:00-04:00,16.809999465942383,17.190000534057617,16.572999954223633,17.049999237060547,850300,0.0,0.0
2022-09-14 00:00:00-04:00,17.149999618530273,17.549999237060547,16.8799991607666,17.1299991607666,1693300,0.0,0.0
2022-09-15 00:00:00-04:00,17.100000381469727,18.049999237060547,17.100000381469727,17.760000228881836,1059800,0.0,0.0
2022-09-16 00:00:00-04:00,17.729999542236328,17.780000686645508,16.950000762939453,17.56999969482422,2325800,0.0,0.0
2022-09-19 00:00:00-04:00,17.43000030517578,17.709999084472656,17.299999237060547,17.510000228881836,618600,0.0,0.0
2022-09-20 00:00:00-04:00,17.3700008392334,17.520000457763672,16.950000762939453,16.989999771118164,1006000,0.0,0.0
2022-09-21 00:00:00-04:00,16.8700008392334,17.15999984741211,16.239999771118164,16.25,680200,0.0,0.0
2022-09-22 00:00:00-04:00,16.399999618530273,16.610000610351562,16.100000381469727,16.559999465942383,482300,0.0,0.0
2022-09-23 00:00:00-04:00,16.31999969482422,16.405000686645508,15.380000114440918,15.949999809265137,896500,0.0,0.0
2022-09-26 00:00:00-04:00,16.030000686645508,16.15999984741211,15.40999984741211,15.630000114440918,650700,0.0,0.0
2022-09-27 00:00:00-04:00,15.720000267028809,15.800000190734863,15.0600004196167,15.489999771118164,809400,0.0,0.0
2022-09-28 00:00:00-04:00,15.710000038146973,16.489999771118164,15.600000381469727,16.079999923706055,1008200,0.0,0.0
2022-09-29 00:00:00-04:00,15.960000038146973,15.960000038146973,15.329999923706055,15.609999656677246,304200,0.0,0.0
2022-09-30 00:00:00-04:00,15.649999618530273,15.899999618530273,15.300000190734863,15.34000015258789,477300,0.0,0.0
2022-10-03 00:00:00-04:00,15.479999542236328,16.450000762939453,15.350000381469727,16.239999771118164,503600,0.0,0.0
2022-10-04 00:00:00-04:00,16.329999923706055,17.3799991607666,16.329999923706055,17.139999389648438,780100,0.0,0.0
2022-10-05 00:00:00-04:00,16.719999313354492,16.920000076293945,16.489999771118164,16.739999771118164,265300,0.0,0.0
2022-10-06 00:00:00-04:00,16.489999771118164,16.790000915527344,16.139999389648438,16.18000030517578,295900,0.0,0.0
2022-10-07 00:00:00-04:00,16.030000686645508,16.139999389648438,15.529999732971191,15.630000114440918,304600,0.0,0.0
2022-10-10 00:00:00-04:00,15.59000015258789,15.779999732971191,15.520000457763672,15.649999618530273,213800,0.0,0.0
2022-10-11 00:00:00-04:00,15.5600004196167,15.760000228881836,15.369999885559082,15.65999984741211,281500,0.0,0.0
2022-10-12 00:00:00-04:00,15.569999694824219,15.569999694824219,15.010000228881836,15.289999961853027,564400,0.0,0.0
2022-10-13 00:00:00-04:00,15.130000114440918,15.461999893188477,14.859999656677246,15.229999542236328,986500,0.0,0.0
2022-10-14 00:00:00-04:00,15.479999542236328,15.479999542236328,14.6899995803833,14.6899995803833,417200,0.0,0.0
2022-10-17 00:00:00-04:00,14.829999923706055,15.050000190734863,14.760000228881836,14.859999656677246,241300,0.0,0.0
2022-10-18 00:00:00-04:00,15.079999923706055,15.300000190734863,14.819999694824219,14.979999542236328,211500,0.0,0.0
2022-10-19 00:00:00-04:00,14.84000015258789,14.859999656677246,14.40999984741211,14.630000114440918,384000,0.0,0.0
2022-10-20 00:00:00-04:00,14.569999694824219,15.020000457763672,14.470000267028809,14.760000228881836,200600,0.0,0.0
2022-10-21 00:00:00-04:00,14.960000038146973,15.020000457763672,14.520000457763672,14.90999984741211,163600,0.0,0.0
2022-10-24 00:00:00-04:00,15.029999732971191,15.029999732971191,14.569999694824219,14.600000381469727,285200,0.0,0.0
2022-10-25 00:00:00-04:00,14.520000457763672,15.09000015258789,14.520000457763672,14.899999618530273,289900,0.0,0.0
2022-10-26 00:00:00-04:00,14.989999771118164,15.12600040435791,14.729999542236328,14.770000457763672,748000,0.0,0.0
2022-10-27 00:00:00-04:00,14.8100004196167,14.850000381469727,14.399999618530273,14.470000267028809,658000,0.0,0.0
2022-10-28 00:00:00-04:00,14.489999771118164,14.609999656677246,14.050000190734863,14.539999961853027,625800,0.0,0.0
2022-10-31 00:00:00-04:00,14.4399995803833,14.550000190734863,14.100000381469727,14.260000228881836,405900,0.0,0.0
2022-11-01 00:00:00-04:00,14.300000190734863,14.869999885559082,14.234999656677246,14.350000381469727,674700,0.0,0.0
2022-11-02 00:00:00-04:00,13.949999809265137,14.09000015258789,13.4399995803833,13.5,1122200,0.0,0.0
2022-11-03 00:00:00-04:00,13.420000076293945,13.90999984741211,12.789999961853027,13.649999618530273,1020200,0.0,0.0
2022-11-04 00:00:00-04:00,13.850000381469727,14.890000343322754,13.739999771118164,14.850000381469727,494800,0.0,0.0
2022-11-07 00:00:00-05:00,14.819999694824219,15.569999694824219,14.760000228881836,15.149999618530273,1524800,0.0,0.0
2022-11-08 00:00:00-05:00,15.210000038146973,15.210000038146973,14.069999694824219,14.180000305175781,1632500,0.0,0.0
2022-11-09 00:00:00-05:00,14.100000381469727,14.220000267028809,13.779999732971191,13.850000381469727,383600,0.0,0.0
2022-11-10 00:00:00-05:00,14.59000015258789,15.244999885559082,14.40999984741211,15.109999656677246,466300,0.0,0.0
2022-11-11 00:00:00-05:00,15.140000343322754,15.59000015258789,15.100000381469727,15.279999732971191,387600,0.0,0.0
2022-11-14 00:00:00-05:00,15.170000076293945,15.460000038146973,15.095000267028809,15.1899995803833,300500,0.0,0.0
2022-11-15 00:00:00-05:00,15.470000267028809,15.510000228881836,15.0600004196167,15.0600004196167,249500,0.0,0.0
2022-11-16 00:00:00-05:00,15.0600004196167,15.350000381469727,14.970000267028809,15.25,202300,0.0,0.0
2022-11-17 00:00:00-05:00,15.050000190734863,15.819999694824219,14.8100004196167,15.050000190734863,624200,0.0,0.0
2022-11-18 00:00:00-05:00,15.260000228881836,15.260000228881836,14.880000114440918,15.0,258500,0.0,0.0
2022-11-21 00:00:00-05:00,15.0600004196167,15.0600004196167,14.510000228881836,14.760000228881836,273200,0.0,0.0
2022-11-22 00:00:00-05:00,14.770000457763672,14.960000038146973,14.569999694824219,14.779999732971191,190300,0.0,0.0
2022-11-23 00:00:00-05:00,14.699999809265137,14.970000267028809,14.640000343322754,14.770000457763672,195800,0.0,0.0
2022-11-25 00:00:00-05:00,14.850000381469727,14.949999809265137,14.680000305175781,14.829999923706055,92700,0.0,0.0
2022-11-28 00:00:00-05:00,14.90999984741211,15.039999961853027,14.649999618530273,14.65999984741211,110700,0.0,0.0
2022-11-29 00:00:00-05:00,14.680000305175781,14.795000076293945,14.479999542236328,14.5600004196167,84700,0.0,0.0
2022-11-30 00:00:00-05:00,14.5600004196167,15.180000305175781,14.489999771118164,15.130000114440918,484600,0.0,0.0
2022-12-01 00:00:00-05:00,15.220000267028809,15.779999732971191,15.09000015258789,15.489999771118164,330600,0.0,0.0
2022-12-02 00:00:00-05:00,15.420000076293945,15.65999984741211,15.329999923706055,15.479999542236328,275700,0.0,0.0
2022-12-05 00:00:00-05:00,15.4399995803833,15.489999771118164,15.079999923706055,15.210000038146973,302600,0.0,0.0
2022-12-06 00:00:00-05:00,15.149999618530273,15.300000190734863,15.079999923706055,15.1899995803833,682800,0.0,0.0
2022-12-07 00:00:00-05:00,15.229999542236328,15.470000267028809,15.170000076293945,15.25,1747300,0.0,0.0
2022-12-08 00:00:00-05:00,15.289999961853027,15.510000228881836,15.194999694824219,15.25,389000,0.0,0.0
2022-12-09 00:00:00-05:00,15.1899995803833,15.4399995803833,15.180000305175781,15.210000038146973,149000,0.0,0.0
2022-12-12 00:00:00-05:00,15.210000038146973,15.5600004196167,15.210000038146973,15.359999656677246,372200,0.0,0.0
2022-12-13 00:00:00-05:00,15.789999961853027,16.579999923706055,15.550000190734863,16.040000915527344,318700,0.0,0.0
2022-12-14 00:00:00-05:00,15.920000076293945,16.040000915527344,15.34000015258789,15.489999771118164,279100,0.0,0.0
2022-12-15 00:00:00-05:00,15.350000381469727,15.470000267028809,15.0600004196167,15.260000228881836,563900,0.0,0.0
2022-12-16 00:00:00-05:00,15.140000343322754,15.329999923706055,14.789999961853027,14.869999885559082,1559800,0.0,0.0
2022-12-19 00:00:00-05:00,14.800000190734863,14.890000343322754,14.600000381469727,14.75,201300,0.0,0.0
2022-12-20 00:00:00-05:00,14.760000228881836,14.9399995803833,14.505000114440918,14.539999961853027,251000,0.0,0.0
2022-12-21 00:00:00-05:00,14.640000343322754,14.899999618530273,14.5600004196167,14.680000305175781,380400,0.0,0.0
2022-12-22 00:00:00-05:00,14.670000076293945,14.670000076293945,14.369999885559082,14.550000190734863,960700,0.0,0.0
2022-12-23 00:00:00-05:00,14.5,14.829999923706055,14.420000076293945,14.640000343322754,354300,0.0,0.0
2022-12-27 00:00:00-05:00,14.619999885559082,14.979999542236328,14.449999809265137,14.850000381469727,405900,0.0,0.0
2022-12-28 00:00:00-05:00,14.8100004196167,14.904999732971191,14.579999923706055,14.770000457763672,346100,0.0,0.0
2022-12-29 00:00:00-05:00,14.84000015258789,15.3100004196167,14.84000015258789,15.0,194900,0.0,0.0
2022-12-30 00:00:00-05:00,14.930000305175781,15.630000114440918,14.8100004196167,15.510000228881836,594500,0.0,0.0
2023-01-03 00:00:00-05:00,15.539999961853027,15.949999809265137,15.510000228881836,15.720000267028809,316100,0.0,0.0
2023-01-04 00:00:00-05:00,15.869999885559082,16.559999465942383,15.75,16.3799991607666,567800,0.0,0.0
2023-01-05 00:00:00-05:00,16.299999237060547,16.65999984741211,16.010000228881836,16.270000457763672,236900,0.0,0.0
2023-01-06 00:00:00-05:00,16.3799991607666,16.3799991607666,16.040000915527344,16.1299991607666,129100,0.0,0.0
2023-01-09 00:00:00-05:00,16.219999313354492,16.3799991607666,16.062000274658203,16.15999984741211,272300,0.0,0.0
2023-01-10 00:00:00-05:00,16.030000686645508,16.334999084472656,15.949999809265137,16.0,349900,0.0,0.0
2023-01-11 00:00:00-05:00,16.030000686645508,16.28499984741211,15.90999984741211,16.170000076293945,193400,0.0,0.0
2023-01-12 00:00:00-05:00,16.190000534057617,16.739999771118164,16.084999084472656,16.420000076293945,105600,0.0,0.0
2023-01-13 00:00:00-05:00,16.389999389648438,16.700000762939453,16.260000228881836,16.59000015258789,100000,0.0,0.0
2023-01-17 00:00:00-05:00,16.59000015258789,17.270000457763672,16.575000762939453,17.059999465942383,177100,0.0,0.0
2023-01-18 00:00:00-05:00,17.149999618530273,17.344999313354492,16.614999771118164,16.770000457763672,369600,0.0,0.0
2023-01-19 00:00:00-05:00,16.8700008392334,17.1299991607666,16.364999771118164,17.030000686645508,172300,0.0,0.0
2023-01-20 00:00:00-05:00,17.100000381469727,17.440000534057617,16.920000076293945,17.1200008392334,223100,0.0,0.0
2023-01-23 00:00:00-05:00,17.149999618530273,17.290000915527344,16.989999771118164,17.190000534057617,261300,0.0,0.0
2023-01-24 00:00:00-05:00,17.219999313354492,17.299999237060547,16.899999618530273,17.010000228881836,163600,0.0,0.0
2023-01-25 00:00:00-05:00,17.040000915527344,17.399999618530273,16.860000610351562,17.139999389648438,106800,0.0,0.0
2023-01-26 00:00:00-05:00,16.799999237060547,17.149999618530273,16.799999237060547,17.1299991607666,135700,0.0,0.0
2023-01-27 00:00:00-05:00,17.079999923706055,17.3799991607666,17.059999465942383,17.200000762939453,140300,0.0,0.0
2023-01-30 00:00:00-05:00,17.09000015258789,17.270000457763672,17.030000686645508,17.110000610351562,109900,0.0,0.0
2023-01-31 00:00:00-05:00,17.020000457763672,17.520000457763672,16.989999771118164,17.239999771118164,299400,0.0,0.0
2023-02-01 00:00:00-05:00,17.149999618530273,17.56999969482422,17.024999618530273,17.40999984741211,325100,0.0,0.0
2023-02-02 00:00:00-05:00,17.5,17.75,17.3700008392334,17.520000457763672,594500,0.0,0.0
2023-02-03 00:00:00-05:00,17.270000457763672,17.68000030517578,17.219999313354492,17.290000915527344,494000,0.0,0.0
2023-02-06 00:00:00-05:00,17.200000762939453,17.440000534057617,17.024999618530273,17.209999084472656,163900,0.0,0.0
2023-02-07 00:00:00-05:00,17.200000762939453,17.690000534057617,17.190000534057617,17.610000610351562,379000,0.0,0.0
2023-02-08 00:00:00-05:00,17.739999771118164,17.739999771118164,16.989999771118164,17.0,343500,0.0,0.0
2023-02-09 00:00:00-05:00,17.09000015258789,17.209999084472656,16.59000015258789,16.68000030517578,305300,0.0,0.0
2023-02-10 00:00:00-05:00,16.6299991607666,16.65999984741211,16.34000015258789,16.610000610351562,154300,0.0,0.0
2023-02-13 00:00:00-05:00,16.68000030517578,16.975000381469727,16.540000915527344,16.760000228881836,116600,0.0,0.0
2023-02-14 00:00:00-05:00,16.770000457763672,17.059999465942383,16.66900062561035,16.979999542236328,128800,0.0,0.0
2023-02-15 00:00:00-05:00,18.65999984741211,19.170000076293945,17.809999465942383,18.309999465942383,3407600,0.0,0.0
2023-02-16 00:00:00-05:00,18.0,18.979999542236328,17.709999084472656,18.65999984741211,808200,0.0,0.0
2023-02-17 00:00:00-05:00,18.719999313354492,18.93000030517578,18.18000030517578,18.90999984741211,584800,0.0,0.0
2023-02-21 00:00:00-05:00,18.8700008392334,19.010000228881836,18.209999084472656,18.530000686645508,633800,0.0,0.0
2023-02-22 00:00:00-05:00,18.5,18.780000686645508,17.764999389648438,17.799999237060547,1044000,0.0,0.0
2023-02-23 00:00:00-05:00,17.850000381469727,18.6200008392334,17.68000030517578,18.600000381469727,429700,0.0,0.0
2023-02-24 00:00:00-05:00,18.530000686645508,18.530000686645508,18.010000228881836,18.329999923706055,398000,0.0,0.0
2023-02-27 00:00:00-05:00,18.420000076293945,18.450000762939453,17.790000915527344,17.84000015258789,579400,0.0,0.0
2023-02-28 00:00:00-05:00,17.799999237060547,17.850000381469727,17.350000381469727,17.440000534057617,599700,0.0,0.0
2023-03-01 00:00:00-05:00,17.43000030517578,18.049999237060547,17.415000915527344,17.959999084472656,368700,0.0,0.0
2023-03-02 00:00:00-05:00,17.790000915527344,17.860000610351562,17.31999969482422,17.670000076293945,292400,0.0,0.0
2023-03-03 00:00:00-05:00,17.790000915527344,17.889999389648438,17.6299991607666,17.760000228881836,112800,0.0,0.0
2023-03-06 00:00:00-05:00,17.700000762939453,17.75,17.139999389648438,17.270000457763672,293800,0.0,0.0
2023-03-07 00:00:00-05:00,17.260000228881836,17.399999618530273,17.025999069213867,17.1299991607666,134800,0.0,0.0
2023-03-08 00:00:00-05:00,17.06999969482422,17.18000030517578,16.709999084472656,16.739999771118164,430100,0.0,0.0
2023-03-09 00:00:00-05:00,16.600000381469727,16.799999237060547,16.1299991607666,16.229999542236328,224700,0.0,0.0
2023-03-10 00:00:00-05:00,16.170000076293945,16.229999542236328,15.770000457763672,15.899999618530273,408500,0.0,0.0
2023-03-13 00:00:00-04:00,15.75,16.030000686645508,15.600000381469727,15.670000076293945,496600,0.0,0.0
2023-03-14 00:00:00-04:00,15.829999923706055,16.010000228881836,15.710000038146973,15.8100004196167,307500,0.0,0.0
2023-03-15 00:00:00-04:00,15.569999694824219,16.1299991607666,15.210000038146973,16.06999969482422,622400,0.0,0.0
2023-03-16 00:00:00-04:00,15.920000076293945,16.59000015258789,15.829999923706055,16.399999618530273,312800,0.0,0.0
2023-03-17 00:00:00-04:00,16.079999923706055,16.327999114990234,15.779999732971191,15.880000114440918,186000,0.0,0.0
2023-03-20 00:00:00-04:00,15.930000305175781,16.020000457763672,15.829999923706055,15.970000267028809,166300,0.0,0.0
2023-03-21 00:00:00-04:00,16.06999969482422,16.520000457763672,15.989999771118164,16.420000076293945,218000,0.0,0.0
2023-03-22 00:00:00-04:00,16.530000686645508,16.540000915527344,16.0,16.0,356900,0.0,0.0
2023-03-23 00:00:00-04:00,16.100000381469727,16.270000457763672,15.789999961853027,15.850000381469727,279900,0.0,0.0
2023-03-24 00:00:00-04:00,15.739999771118164,15.9399995803833,15.710000038146973,15.90999984741211,251000,0.0,0.0
2023-03-27 00:00:00-04:00,16.059999465942383,16.6200008392334,16.014999389648438,16.360000610351562,879200,0.0,0.0
2023-03-28 00:00:00-04:00,16.3799991607666,16.850000381469727,16.299999237060547,16.790000915527344,215100,0.0,0.0
2023-03-29 00:00:00-04:00,16.950000762939453,17.06999969482422,16.770000457763672,16.84000015258789,124800,0.0,0.0
2023-03-30 00:00:00-04:00,16.959999084472656,17.145000457763672,16.68000030517578,17.049999237060547,127400,0.0,0.0
2023-03-31 00:00:00-04:00,17.110000610351562,17.5,17.100000381469727,17.40999984741211,297500,0.0,0.0
2023-04-03 00:00:00-04:00,17.420000076293945,17.420000076293945,16.700000762939453,16.979999542236328,586800,0.0,0.0
2023-04-04 00:00:00-04:00,16.889999389648438,17.170000076293945,16.719999313354492,17.1200008392334,383900,0.0,0.0
2023-04-05 00:00:00-04:00,17.229999542236328,17.479999542236328,17.030000686645508,17.280000686645508,158600,0.0,0.0
2023-04-06 00:00:00-04:00,17.209999084472656,17.299999237060547,17.06999969482422,17.1299991607666,93800,0.0,0.0
2023-04-10 00:00:00-04:00,17.079999923706055,17.110000610351562,16.610000610351562,16.68000030517578,411900,0.0,0.0
2023-04-11 00:00:00-04:00,16.760000228881836,16.81999969482422,16.3799991607666,16.6299991607666,150900,0.0,0.0
2023-04-12 00:00:00-04:00,16.739999771118164,16.864999771118164,16.219999313354492,16.260000228881836,370200,0.0,0.0
2023-04-13 00:00:00-04:00,16.260000228881836,16.649999618530273,16.260000228881836,16.309999465942383,155900,0.0,0.0
2023-04-14 00:00:00-04:00,16.440000534057617,16.469999313354492,15.899999618530273,16.030000686645508,211600,0.0,0.0
2023-04-17 00:00:00-04:00,15.979999542236328,16.350000381469727,15.84000015258789,16.270000457763672,207500,0.0,0.0
2023-04-18 00:00:00-04:00,16.290000915527344,16.510000228881836,16.280000686645508,16.3799991607666,89500,0.0,0.0
2023-04-19 00:00:00-04:00,16.280000686645508,16.700000762939453,16.209999084472656,16.690000534057617,150200,0.0,0.0
2023-04-20 00:00:00-04:00,16.68000030517578,17.280000686645508,16.68000030517578,17.110000610351562,582000,0.0,0.0
2023-04-21 00:00:00-04:00,17.229999542236328,17.540000915527344,17.06999969482422,17.1200008392334,186000,0.0,0.0
2023-04-24 00:00:00-04:00,17.170000076293945,17.25,16.881000518798828,17.010000228881836,166400,0.0,0.0
2023-04-25 00:00:00-04:00,16.850000381469727,16.850000381469727,16.424999237060547,16.65999984741211,207400,0.0,0.0
2023-04-26 00:00:00-04:00,16.5,16.989999771118164,16.389999389648438,16.950000762939453,596700,0.0,0.0
2023-04-27 00:00:00-04:00,17.030000686645508,17.100000381469727,16.795000076293945,17.020000457763672,111700,0.0,0.0
2023-04-28 00:00:00-04:00,17.030000686645508,17.579999923706055,17.030000686645508,17.459999084472656,151700,0.0,0.0
2023-05-01 00:00:00-04:00,17.5,17.729999542236328,17.260000228881836,17.520000457763672,325000,0.0,0.0
2023-05-02 00:00:00-04:00,17.43000030517578,17.55500030517578,17.190000534057617,17.479999542236328,477500,0.0,0.0
2023-05-03 00:00:00-04:00,17.209999084472656,18.209999084472656,16.844999313354492,17.780000686645508,887700,0.0,0.0
2023-05-04 00:00:00-04:00,17.6200008392334,17.725000381469727,17.15999984741211,17.5,779500,0.0,0.0
2023-05-05 00:00:00-04:00,17.579999923706055,17.709999084472656,17.40999984741211,17.5,592400,0.0,0.0
2023-05-08 00:00:00-04:00,17.329999923706055,18.420000076293945,17.329999923706055,18.280000686645508,410500,0.0,0.0
2023-05-09 00:00:00-04:00,18.190000534057617,18.540000915527344,18.100000381469727,18.399999618530273,325000,0.0,0.0
2023-05-10 00:00:00-04:00,18.56999969482422,18.665000915527344,18.309999465942383,18.350000381469727,217800,0.0,0.0
2023-05-11 00:00:00-04:00,18.25,18.600000381469727,18.200000762939453,18.540000915527344,195700,0.0,0.0
2023-05-12 00:00:00-04:00,18.600000381469727,18.75,18.229999542236328,18.600000381469727,820400,0.0,0.0
2023-05-15 00:00:00-04:00,18.700000762939453,19.05500030517578,18.5,18.600000381469727,395700,0.0,0.0
2023-05-16 00:00:00-04:00,18.59000015258789,18.93000030517578,18.364999771118164,18.829999923706055,437500,0.0,0.0
2023-05-17 00:00:00-04:00,18.950000762939453,19.959999084472656,18.549999237060547,19.510000228881836,2066800,0.0,0.0
2023-05-18 00:00:00-04:00,19.649999618530273,19.780000686645508,19.15999984741211,19.40999984741211,1037400,0.0,0.0
2023-05-19 00:00:00-04:00,19.68000030517578,19.729999542236328,19.049999237060547,19.450000762939453,257600,0.0,0.0
2023-05-22 00:00:00-04:00,19.489999771118164,19.836999893188477,19.3799991607666,19.459999084472656,675200,0.0,0.0
2023-05-23 00:00:00-04:00,19.350000381469727,19.65999984741211,18.889999389648438,19.1299991607666,731800,0.0,0.0
2023-05-24 00:00:00-04:00,18.950000762939453,19.010000228881836,18.415000915527344,18.600000381469727,687200,0.0,0.0
2023-05-25 00:00:00-04:00,18.5,18.540000915527344,18.190000534057617,18.40999984741211,494600,0.0,0.0
2023-05-26 00:00:00-04:00,18.3799991607666,18.5,17.829999923706055,17.940000534057617,282800,0.0,0.0
2023-05-30 00:00:00-04:00,17.940000534057617,18.047000885009766,17.690000534057617,17.75,345100,0.0,0.0
2023-05-31 00:00:00-04:00,17.770000457763672,18.030000686645508,17.43000030517578,17.860000610351562,336900,0.0,0.0
2023-06-01 00:00:00-04:00,18.010000228881836,18.454999923706055,17.850000381469727,18.25,319200,0.0,0.0
2023-06-02 00:00:00-04:00,18.299999237060547,18.350000381469727,17.93000030517578,18.25,278900,0.0,0.0
2023-06-05 00:00:00-04:00,18.34000015258789,18.940000534057617,18.1200008392334,18.420000076293945,775800,0.0,0.0
2023-06-06 00:00:00-04:00,18.56999969482422,18.610000610351562,18.104999542236328,18.440000534057617,1161700,0.0,0.0
2023-06-07 00:00:00-04:00,18.510000228881836,18.655000686645508,18.209999084472656,18.329999923706055,291400,0.0,0.0
2023-06-08 00:00:00-04:00,18.229999542236328,18.65999984741211,18.229999542236328,18.510000228881836,230500,0.0,0.0
2023-06-09 00:00:00-04:00,18.6299991607666,18.674999237060547,18.389999389648438,18.489999771118164,261700,0.0,0.0
2023-06-12 00:00:00-04:00,18.6299991607666,18.93000030517578,18.354999542236328,18.899999618530273,182000,0.0,0.0
2023-06-13 00:00:00-04:00,18.979999542236328,19.360000610351562,18.850000381469727,19.0,372300,0.0,0.0
2023-06-14 00:00:00-04:00,18.959999084472656,19.239999771118164,18.959999084472656,19.18000030517578,178700,0.0,0.0
2023-06-15 00:00:00-04:00,19.1200008392334,19.690000534057617,19.100000381469727,19.670000076293945,401100,0.0,0.0
2023-06-16 00:00:00-04:00,19.719999313354492,19.969999313354492,19.545000076293945,19.600000381469727,427600,0.0,0.0
2023-06-20 00:00:00-04:00,19.5,19.690000534057617,19.104999542236328,19.479999542236328,300400,0.0,0.0
2023-06-21 00:00:00-04:00,19.34000015258789,19.709999084472656,19.200000762939453,19.559999465942383,342200,0.0,0.0
2023-06-22 00:00:00-04:00,19.43000030517578,19.690000534057617,19.389999389648438,19.5,325900,0.0,0.0
2023-06-23 00:00:00-04:00,19.389999389648438,19.55500030517578,19.260000228881836,19.34000015258789,145400,0.0,0.0
2023-06-26 00:00:00-04:00,19.31999969482422,19.82900047302246,19.31999969482422,19.56999969482422,239100,0.0,0.0
2023-06-27 00:00:00-04:00,19.59000015258789,20.190000534057617,19.469999313354492,19.770000457763672,427100,0.0,0.0
2023-06-28 00:00:00-04:00,19.760000228881836,19.799999237060547,19.229999542236328,19.360000610351562,384800,0.0,0.0
2023-06-29 00:00:00-04:00,19.270000457763672,19.649999618530273,19.06999969482422,19.18000030517578,408700,0.0,0.0
2023-06-30 00:00:00-04:00,20.389999389648438,21.950000762939453,19.530000686645508,20.06999969482422,2120900,0.0,0.0
2023-07-03 00:00:00-04:00,20.06999969482422,20.93000030517578,19.924999237060547,20.3799991607666,376300,0.0,0.0
2023-07-05 00:00:00-04:00,20.59000015258789,20.676000595092773,19.600000381469727,19.780000686645508,299600,0.0,0.0
2023-07-06 00:00:00-04:00,19.610000610351562,19.90999984741211,19.260000228881836,19.6200008392334,552600,0.0,0.0
2023-07-07 00:00:00-04:00,19.719999313354492,20.079999923706055,19.489999771118164,19.770000457763672,289000,0.0,0.0
2023-07-10 00:00:00-04:00,19.8700008392334,20.01799964904785,19.579999923706055,19.729999542236328,290300,0.0,0.0
2023-07-11 00:00:00-04:00,19.809999465942383,20.114999771118164,19.360000610351562,19.600000381469727,546600,0.0,0.0
2023-07-12 00:00:00-04:00,19.84000015258789,20.559999465942383,19.594999313354492,20.350000381469727,1532500,0.0,0.0
2023-07-13 00:00:00-04:00,20.350000381469727,21.209999084472656,20.343000411987305,20.989999771118164,881500,0.0,0.0
2023-07-14 00:00:00-04:00,21.059999465942383,21.229999542236328,20.530000686645508,20.860000610351562,320300,0.0,0.0
2023-07-17 00:00:00-04:00,20.799999237060547,21.110000610351562,20.6299991607666,20.639999389648438,302900,0.0,0.0
2023-07-18 00:00:00-04:00,20.559999465942383,20.639999389648438,20.110000610351562,20.200000762939453,831700,0.0,0.0
2023-07-19 00:00:00-04:00,20.280000686645508,20.40999984741211,19.825000762939453,20.1200008392334,325100,0.0,0.0
2023-07-20 00:00:00-04:00,20.18000030517578,20.290000915527344,19.989999771118164,20.200000762939453,131700,0.0,0.0
2023-07-21 00:00:00-04:00,20.34000015258789,20.579999923706055,20.15999984741211,20.469999313354492,115600,0.0,0.0
2023-07-24 00:00:00-04:00,20.280000686645508,20.420000076293945,19.459999084472656,19.649999618530273,293500,0.0,0.0
2023-07-25 00:00:00-04:00,20.299999237060547,20.299999237060547,19.729999542236328,19.81999969482422,287500,0.0,0.0
2023-07-26 00:00:00-04:00,19.719999313354492,19.889999389648438,19.489999771118164,19.540000915527344,205000,0.0,0.0
2023-07-27 00:00:00-04:00,19.670000076293945,19.729999542236328,19.31999969482422,19.34000015258789,258700,0.0,0.0
2023-07-28 00:00:00-04:00,19.489999771118164,20.0,19.360000610351562,19.739999771118164,412600,0.0,0.0
2023-07-31 00:00:00-04:00,19.81999969482422,19.93000030517578,19.59000015258789,19.8700008392334,216100,0.0,0.0
2023-08-01 00:00:00-04:00,19.790000915527344,19.915000915527344,19.014999389648438,19.350000381469727,524300,0.0,0.0
2023-08-02 00:00:00-04:00,19.170000076293945,20.299999237060547,18.700000762939453,18.90999984741211,1030700,0.0,0.0
2023-08-03 00:00:00-04:00,18.760000228881836,18.950000762939453,18.34000015258789,18.8700008392334,1218500,0.0,0.0
2023-08-04 00:00:00-04:00,18.729999542236328,19.649999618530273,18.59000015258789,18.6299991607666,715800,0.0,0.0
2023-08-07 00:00:00-04:00,18.700000762939453,19.06999969482422,18.350000381469727,18.690000534057617,458400,0.0,0.0
2023-08-08 00:00:00-04:00,18.5,18.850000381469727,18.139999389648438,18.600000381469727,606100,0.0,0.0
2023-08-09 00:00:00-04:00,18.6200008392334,18.6299991607666,18.18000030517578,18.25,112200,0.0,0.0
2023-08-10 00:00:00-04:00,18.309999465942383,18.459999084472656,18.049999237060547,18.190000534057617,286300,0.0,0.0
2023-08-11 00:00:00-04:00,18.010000228881836,18.8700008392334,18.010000228881836,18.799999237060547,727100,0.0,0.0
2023-08-14 00:00:00-04:00,18.989999771118164,19.030000686645508,18.399999618530273,18.860000610351562,363100,0.0,0.0
2023-08-15 00:00:00-04:00,18.75,18.809999465942383,18.3799991607666,18.469999313354492,234000,0.0,0.0
2023-08-16 00:00:00-04:00,18.34000015258789,18.905000686645508,18.049999237060547,18.790000915527344,500900,0.0,0.0
2023-08-17 00:00:00-04:00,19.190000534057617,19.3700008392334,18.975000381469727,19.010000228881836,987000,0.0,0.0
2023-08-18 00:00:00-04:00,19.0,19.31999969482422,18.420000076293945,19.229999542236328,404900,0.0,0.0
2023-08-21 00:00:00-04:00,19.309999465942383,19.549999237060547,19.059999465942383,19.34000015258789,291800,0.0,0.0
2023-08-22 00:00:00-04:00,19.420000076293945,20.059999465942383,19.350000381469727,19.440000534057617,637300,0.0,0.0
2023-08-23 00:00:00-04:00,19.420000076293945,19.600000381469727,19.350000381469727,19.579999923706055,121400,0.0,0.0
2023-08-24 00:00:00-04:00,19.6200008392334,19.809999465942383,18.670000076293945,18.690000534057617,481700,0.0,0.0
2023-08-25 00:00:00-04:00,18.6200008392334,18.649999618530273,17.93000030517578,18.06999969482422,736600,0.0,0.0
2023-08-28 00:00:00-04:00,18.170000076293945,18.510000228881836,18.010000228881836,18.229999542236328,342300,0.0,0.0
2023-08-29 00:00:00-04:00,18.270000457763672,18.520000457763672,18.110000610351562,18.360000610351562,291100,0.0,0.0
2023-08-30 00:00:00-04:00,18.229999542236328,18.510000228881836,18.139999389648438,18.280000686645508,270400,0.0,0.0
2023-08-31 00:00:00-04:00,18.239999771118164,18.395000457763672,17.899999618530273,17.93000030517578,652300,0.0,0.0
2023-09-01 00:00:00-04:00,18.06999969482422,18.100000381469727,17.68000030517578,17.950000762939453,357400,0.0,0.0
2023-09-05 00:00:00-04:00,17.829999923706055,18.049999237060547,17.610000610351562,17.8700008392334,190800,0.0,0.0
2023-09-06 00:00:00-04:00,17.90999984741211,17.940000534057617,17.639999389648438,17.690000534057617,278000,0.0,0.0
2023-09-07 00:00:00-04:00,17.579999923706055,17.809999465942383,17.020000457763672,17.209999084472656,955000,0.0,0.0
2023-09-08 00:00:00-04:00,16.719999313354492,17.43000030517578,16.719999313354492,17.239999771118164,1115200,0.0,0.0
2023-09-11 00:00:00-04:00,17.190000534057617,17.809999465942383,17.059999465942383,17.65999984741211,488900,0.0,0.0
2023-09-12 00:00:00-04:00,17.639999389648438,17.915000915527344,17.559999465942383,17.709999084472656,413200,0.0,0.0
2023-09-13 00:00:00-04:00,17.709999084472656,17.709999084472656,17.540000915527344,17.670000076293945,313000,0.0,0.0
2023-09-14 00:00:00-04:00,17.719999313354492,17.84000015258789,17.600000381469727,17.719999313354492,235900,0.0,0.0
2023-09-15 00:00:00-04:00,17.719999313354492,17.76300048828125,17.469999313354492,17.59000015258789,324300,0.0,0.0
2023-09-18 00:00:00-04:00,17.600000381469727,17.711000442504883,17.510000228881836,17.639999389648438,295000,0.0,0.0
2023-09-19 00:00:00-04:00,17.670000076293945,17.670000076293945,17.485000610351562,17.5,377400,0.0,0.0
2023-09-20 00:00:00-04:00,17.6299991607666,17.75,17.209999084472656,17.260000228881836,543500,0.0,0.0
2023-09-21 00:00:00-04:00,17.15999984741211,17.15999984741211,16.75,16.809999465942383,322500,0.0,0.0
2023-09-22 00:00:00-04:00,16.829999923706055,17.06999969482422,16.809999465942383,17.049999237060547,199900,0.0,0.0
2023-09-25 00:00:00-04:00,16.979999542236328,17.270000457763672,16.979999542236328,17.18000030517578,623200,0.0,0.0
2023-09-26 00:00:00-04:00,17.049999237060547,17.18000030517578,17.010000228881836,17.049999237060547,301100,0.0,0.0
2023-09-27 00:00:00-04:00,17.1200008392334,17.139999389648438,16.510000228881836,16.809999465942383,234900,0.0,0.0
2023-09-28 00:00:00-04:00,16.850000381469727,17.040000915527344,16.700000762939453,16.799999237060547,597300,0.0,0.0
2023-09-29 00:00:00-04:00,16.940000534057617,17.139999389648438,16.799999237060547,16.950000762939453,548700,0.0,0.0
2023-10-02 00:00:00-04:00,16.81999969482422,16.81999969482422,16.155000686645508,16.360000610351562,862000,0.0,0.0
2023-10-03 00:00:00-04:00,16.270000457763672,16.489999771118164,16.1200008392334,16.280000686645508,585000,0.0,0.0
2023-10-04 00:00:00-04:00,16.389999389648438,16.790000915527344,16.18000030517578,16.75,309300,0.0,0.0
2023-10-05 00:00:00-04:00,16.770000457763672,17.149999618530273,16.6200008392334,17.149999618530273,313300,0.0,0.0
2023-10-06 00:00:00-04:00,16.979999542236328,17.31999969482422,16.829999923706055,17.299999237060547,698600,0.0,0.0
2023-10-09 00:00:00-04:00,17.25,17.25,16.844999313354492,16.969999313354492,246900,0.0,0.0
2023-10-10 00:00:00-04:00,16.969999313354492,17.6299991607666,16.934999465942383,17.559999465942383,445400,0.0,0.0
2023-10-11 00:00:00-04:00,17.59000015258789,17.600000381469727,16.90999984741211,17.209999084472656,277600,0.0,0.0
2023-10-12 00:00:00-04:00,17.1200008392334,17.18000030517578,16.65999984741211,16.68000030517578,214100,0.0,0.0
2023-10-13 00:00:00-04:00,16.709999084472656,16.81100082397461,16.229999542236328,16.3700008392334,298300,0.0,0.0
2023-10-16 00:00:00-04:00,16.360000610351562,16.975000381469727,16.25,16.81999969482422,239500,0.0,0.0
2023-10-17 00:00:00-04:00,16.6200008392334,17.469999313354492,16.6200008392334,17.329999923706055,240500,0.0,0.0
2023-10-18 00:00:00-04:00,17.1200008392334,17.280000686645508,16.94499969482422,17.0,101200,0.0,0.0
2023-10-19 00:00:00-04:00,17.010000228881836,17.062000274658203,16.65999984741211,16.68000030517578,123200,0.0,0.0
2023-10-20 00:00:00-04:00,16.760000228881836,17.1200008392334,16.760000228881836,16.90999984741211,140500,0.0,0.0
2023-10-23 00:00:00-04:00,16.780000686645508,16.84000015258789,16.329999923706055,16.350000381469727,272000,0.0,0.0
2023-10-24 00:00:00-04:00,16.360000610351562,16.860000610351562,16.360000610351562,16.700000762939453,213800,0.0,0.0
2023-10-25 00:00:00-04:00,16.56999969482422,16.690000534057617,16.270000457763672,16.280000686645508,211200,0.0,0.0
2023-10-26 00:00:00-04:00,16.25,16.3799991607666,15.770000457763672,15.899999618530273,567300,0.0,0.0
2023-10-27 00:00:00-04:00,16.0,16.0,15.600000381469727,15.779999732971191,217000,0.0,0.0
2023-10-30 00:00:00-04:00,15.970000267028809,16.34000015258789,15.670000076293945,16.309999465942383,566600,0.0,0.0
2023-10-31 00:00:00-04:00,16.229999542236328,16.540000915527344,16.030000686645508,16.139999389648438,791000,0.0,0.0
2023-11-01 00:00:00-04:00,16.309999465942383,16.950000762939453,16.149999618530273,16.520000457763672,849300,0.0,0.0
2023-11-02 00:00:00-04:00,16.219999313354492,17.1200008392334,15.739999771118164,16.889999389648438,566300,0.0,0.0
2023-11-03 00:00:00-04:00,17.40999984741211,17.424999237060547,17.0,17.139999389648438,374900,0.0,0.0
2023-11-06 00:00:00-05:00,16.950000762939453,17.05500030517578,16.5,16.610000610351562,105900,0.0,0.0
2023-11-07 00:00:00-05:00,16.40999984741211,16.68000030517578,16.3700008392334,16.649999618530273,103400,0.0,0.0
2023-11-08 00:00:00-05:00,16.780000686645508,16.780000686645508,16.3700008392334,16.5,96600,0.0,0.0
2023-11-09 00:00:00-05:00,16.549999237060547,16.549999237060547,16.0,16.040000915527344,274800,0.0,0.0
2023-11-10 00:00:00-05:00,16.040000915527344,16.094999313354492,15.760000228881836,16.040000915527344,184100,0.0,0.0
2023-11-13 00:00:00-05:00,16.100000381469727,16.229999542236328,15.84000015258789,15.84000015258789,556300,0.0,0.0
2023-11-14 00:00:00-05:00,16.200000762939453,16.389999389648438,16.170000076293945,16.270000457763672,368400,0.0,0.0
2023-11-15 00:00:00-05:00,16.15999984741211,16.440000534057617,15.970000267028809,16.0,398100,0.0,0.0
2023-11-16 00:00:00-05:00,15.989999771118164,16.079999923706055,15.670000076293945,15.680000305175781,223000,0.0,0.0
2023-11-17 00:00:00-05:00,15.819999694824219,15.850000381469727,15.520000457763672,15.640000343322754,623200,0.0,0.0
2023-11-20 00:00:00-05:00,15.699999809265137,15.920000076293945,15.670000076293945,15.739999771118164,331300,0.0,0.0
2023-11-21 00:00:00-05:00,15.6899995803833,15.729999542236328,15.25,15.25,274400,0.0,0.0
2023-11-22 00:00:00-05:00,15.380000114440918,15.510000228881836,15.199999809265137,15.260000228881836,273200,0.0,0.0
2023-11-24 00:00:00-05:00,15.390000343322754,15.460000038146973,15.260000228881836,15.449999809265137,59000,0.0,0.0
2023-11-27 00:00:00-05:00,15.300000190734863,15.447999954223633,15.210000038146973,15.210000038146973,182700,0.0,0.0
2023-11-28 00:00:00-05:00,15.210000038146973,15.239999771118164,14.854999542236328,14.869999885559082,449700,0.0,0.0
2023-11-29 00:00:00-05:00,14.869999885559082,15.270000457763672,14.770000457763672,15.239999771118164,505800,0.0,0.0
2023-11-30 00:00:00-05:00,15.289999961853027,15.520000457763672,15.149999618530273,15.40999984741211,341000,0.0,0.0
2023-12-01 00:00:00-05:00,15.40999984741211,15.574999809265137,15.364999771118164,15.449999809265137,398600,0.0,0.0
2023-12-04 00:00:00-05:00,15.09000015258789,15.859999656677246,15.0600004196167,15.819999694824219,582800,0.0,0.0
2023-12-05 00:00:00-05:00,15.6899995803833,15.9399995803833,15.119999885559082,15.119999885559082,1150600,0.0,0.0
2023-12-06 00:00:00-05:00,15.100000381469727,15.34000015258789,14.829999923706055,15.170000076293945,1452800,0.0,0.0
2023-12-07 00:00:00-05:00,15.300000190734863,15.529999732971191,15.085000038146973,15.34000015258789,1097900,0.0,0.0
2023-12-08 00:00:00-05:00,15.380000114440918,15.6899995803833,15.170000076293945,15.65999984741211,1193400,0.0,0.0
2023-12-11 00:00:00-05:00,15.609999656677246,15.72700023651123,15.069999694824219,15.09000015258789,933700,0.0,0.0
2023-12-12 00:00:00-05:00,14.899999618530273,15.010000228881836,14.640000343322754,14.890000343322754,747300,0.0,0.0
2023-12-13 00:00:00-05:00,14.90999984741211,15.510000228881836,14.760000228881836,15.460000038146973,3808200,0.0,0.0
2023-12-14 00:00:00-05:00,15.699999809265137,16.235000610351562,15.670000076293945,15.819999694824219,524300,0.0,0.0
2023-12-15 00:00:00-05:00,15.760000228881836,15.890000343322754,15.09000015258789,15.170000076293945,834400,0.0,0.0
2023-12-18 00:00:00-05:00,15.449999809265137,15.479999542236328,14.970000267028809,15.0600004196167,562700,0.0,0.0
2023-12-19 00:00:00-05:00,15.100000381469727,15.470000267028809,15.100000381469727,15.430000305175781,830600,0.0,0.0
2023-12-20 00:00:00-05:00,15.430000305175781,15.75,15.289999961853027,15.3100004196167,540600,0.0,0.0
2023-12-21 00:00:00-05:00,15.470000267028809,15.779999732971191,15.390000343322754,15.779999732971191,332700,0.0,0.0
2023-12-22 00:00:00-05:00,15.789999961853027,16.020000457763672,15.710000038146973,15.800000190734863,351900,0.0,0.0
2023-12-26 00:00:00-05:00,15.949999809265137,16.079999923706055,15.845000267028809,15.930000305175781,182300,0.0,0.0
2023-12-27 00:00:00-05:00,16.030000686645508,16.549999237060547,15.9399995803833,16.450000762939453,519600,0.0,0.0
2023-12-28 00:00:00-05:00,16.459999084472656,16.8799991607666,16.459999084472656,16.790000915527344,520500,0.0,0.0
2023-12-29 00:00:00-05:00,16.700000762939453,17.239999771118164,16.700000762939453,17.059999465942383,606000,0.0,0.0
2024-01-02 00:00:00-05:00,16.809999465942383,17.239999771118164,16.65999984741211,16.920000076293945,546700,0.0,0.0
2024-01-03 00:00:00-05:00,16.729999542236328,16.729999542236328,16.299999237060547,16.389999389648438,344400,0.0,0.0
2024-01-04 00:00:00-05:00,16.010000228881836,16.420000076293945,16.010000228881836,16.399999618530273,410200,0.0,0.0
2024-01-05 00:00:00-05:00,16.360000610351562,16.690000534057617,16.34000015258789,16.389999389648438,233900,0.0,0.0
2024-01-08 00:00:00-05:00,16.389999389648438,17.200000762939453,15.079999923706055,15.880000114440918,1234200,0.0,0.0
2024-01-09 00:00:00-05:00,15.600000381469727,16.139999389648438,15.3100004196167,15.75,1115300,0.0,0.0
2024-01-10 00:00:00-05:00,15.760000228881836,15.84000015258789,15.079999923706055,15.359999656677246,750900,0.0,0.0
2024-01-11 00:00:00-05:00,15.359999656677246,15.359999656677246,14.829999923706055,15.109999656677246,383700,0.0,0.0
2024-01-12 00:00:00-05:00,15.430000305175781,15.5,15.199999809265137,15.220000267028809,227800,0.0,0.0
2024-01-16 00:00:00-05:00,15.119999885559082,15.385000228881836,15.0,15.15999984741211,928900,0.0,0.0
2024-01-17 00:00:00-05:00,14.90999984741211,15.079999923706055,14.619999885559082,14.729999542236328,291600,0.0,0.0
2024-01-18 00:00:00-05:00,14.9399995803833,15.029999732971191,14.635000228881836,14.890000343322754,419400,0.0,0.0
2024-01-19 00:00:00-05:00,14.9399995803833,14.9399995803833,14.395000457763672,14.59000015258789,277900,0.0,0.0
2024-01-22 00:00:00-05:00,14.529999732971191,14.710000038146973,14.149999618530273,14.34000015258789,333600,0.0,0.0
2024-01-23 00:00:00-05:00,14.40999984741211,14.53600025177002,14.199999809265137,14.4399995803833,220400,0.0,0.0
2024-01-24 00:00:00-05:00,14.529999732971191,14.678000450134277,14.199999809265137,14.289999961853027,262500,0.0,0.0
2024-01-25 00:00:00-05:00,14.40999984741211,14.479999542236328,14.140000343322754,14.4399995803833,368400,0.0,0.0
2024-01-26 00:00:00-05:00,14.5600004196167,14.609999656677246,14.210000038146973,14.369999885559082,536100,0.0,0.0
2024-01-29 00:00:00-05:00,14.359999656677246,14.670000076293945,14.097999572753906,14.539999961853027,679200,0.0,0.0
2024-01-30 00:00:00-05:00,14.5,14.539999961853027,14.34000015258789,14.359999656677246,334800,0.0,0.0
2024-01-31 00:00:00-05:00,14.300000190734863,14.4399995803833,13.989999771118164,14.010000228881836,325100,0.0,0.0
2024-02-01 00:00:00-05:00,14.079999923706055,14.140000343322754,13.850000381469727,14.09000015258789,404200,0.0,0.0
2024-02-02 00:00:00-05:00,13.960000038146973,14.109999656677246,13.789999961853027,13.979999542236328,307600,0.0,0.0
2024-02-05 00:00:00-05:00,13.979999542236328,14.039999961853027,13.619999885559082,13.680000305175781,236900,0.0,0.0
2024-02-06 00:00:00-05:00,13.699999809265137,14.300000190734863,13.699999809265137,14.300000190734863,708500,0.0,0.0
2024-02-07 00:00:00-05:00,14.319999694824219,14.319999694824219,13.885000228881836,13.9399995803833,433700,0.0,0.0
2024-02-08 00:00:00-05:00,13.850000381469727,13.960000038146973,13.640000343322754,13.880000114440918,284400,0.0,0.0
2024-02-09 00:00:00-05:00,13.90999984741211,14.109999656677246,13.65999984741211,14.039999961853027,367000,0.0,0.0
2024-02-12 00:00:00-05:00,13.970000267028809,14.65999984741211,13.970000267028809,14.65999984741211,467500,0.0,0.0
2024-02-13 00:00:00-05:00,14.369999885559082,14.390000343322754,13.800000190734863,14.039999961853027,374600,0.0,0.0
2024-02-14 00:00:00-05:00,14.039999961853027,14.390000343322754,14.029999732971191,14.289999961853027,547700,0.0,0.0
2024-02-15 00:00:00-05:00,14.380000114440918,14.527000427246094,14.130000114440918,14.239999771118164,346200,0.0,0.0
2024-02-16 00:00:00-05:00,14.15999984741211,14.449999809265137,14.050000190734863,14.3100004196167,344400,0.0,0.0
2024-02-20 00:00:00-05:00,14.210000038146973,14.850000381469727,14.1899995803833,14.59000015258789,837800,0.0,0.0
2024-02-21 00:00:00-05:00,15.9399995803833,16.6299991607666,15.199999809265137,16.600000381469727,1471300,0.0,0.0
2024-02-22 00:00:00-05:00,17.110000610351562,17.59000015258789,16.670000076293945,17.31999969482422,1578100,0.0,0.0
2024-02-23 00:00:00-05:00,17.280000686645508,17.69499969482422,17.049999237060547,17.600000381469727,682500,0.0,0.0
2024-02-26 00:00:00-05:00,17.600000381469727,17.600000381469727,16.489999771118164,16.8799991607666,592300,0.0,0.0
2024-02-27 00:00:00-05:00,16.860000610351562,17.350000381469727,16.610000610351562,17.110000610351562,456100,0.0,0.0
2024-02-28 00:00:00-05:00,16.860000610351562,17.110000610351562,16.719999313354492,16.850000381469727,484000,0.0,0.0
2024-02-29 00:00:00-05:00,16.93000030517578,17.0,16.469999313354492,16.5,409100,0.0,0.0
2024-03-01 00:00:00-05:00,16.540000915527344,16.850000381469727,16.270000457763672,16.469999313354492,593400,0.0,0.0
2024-03-04 00:00:00-05:00,16.469999313354492,16.6200008392334,16.25,16.540000915527344,238100,0.0,0.0
2024-03-05 00:00:00-05:00,16.510000228881836,16.6200008392334,15.869999885559082,15.920000076293945,364300,0.0,0.0
2024-03-06 00:00:00-05:00,16.059999465942383,16.600000381469727,16.03499984741211,16.540000915527344,273900,0.0,0.0
2024-03-07 00:00:00-05:00,16.6299991607666,16.709999084472656,16.40999984741211,16.489999771118164,213200,0.0,0.0
2024-03-08 00:00:00-05:00,16.459999084472656,16.690000534057617,16.299999237060547,16.329999923706055,148900,0.0,0.0
2024-03-11 00:00:00-04:00,16.399999618530273,16.729999542236328,16.309999465942383,16.399999618530273,172500,0.0,0.0
2024-03-12 00:00:00-04:00,16.3700008392334,16.459999084472656,16.049999237060547,16.09000015258789,289500,0.0,0.0
2024-03-13 00:00:00-04:00,16.040000915527344,16.25,15.960000038146973,16.170000076293945,270100,0.0,0.0
2024-03-14 00:00:00-04:00,16.059999465942383,16.110000610351562,15.760000228881836,15.869999885559082,145600,0.0,0.0
2024-03-15 00:00:00-04:00,15.729999542236328,16.014999389648438,15.539999961853027,15.949999809265137,235200,0.0,0.0
2024-03-18 00:00:00-04:00,16.010000228881836,16.010000228881836,15.539999961853027,15.760000228881836,251300,0.0,0.0
2024-03-19 00:00:00-04:00,15.729999542236328,15.9399995803833,15.600000381469727,15.8100004196167,294700,0.0,0.0
2024-03-20 00:00:00-04:00,15.729999542236328,16.260000228881836,15.729999542236328,16.18000030517578,346400,0.0,0.0
2024-03-21 00:00:00-04:00,16.149999618530273,16.209999084472656,16.010000228881836,16.079999923706055,325100,0.0,0.0
2024-03-22 00:00:00-04:00,16.1299991607666,16.190000534057617,15.989999771118164,16.170000076293945,317600,0.0,0.0
2024-03-25 00:00:00-04:00,16.209999084472656,16.760000228881836,16.209999084472656,16.600000381469727,387400,0.0,0.0
2024-03-26 00:00:00-04:00,16.610000610351562,16.950000762939453,16.600000381469727,16.920000076293945,238300,0.0,0.0
2024-03-27 00:00:00-04:00,16.950000762939453,17.40999984741211,16.950000762939453,17.209999084472656,263500,0.0,0.0
2024-03-28 00:00:00-04:00,17.06999969482422,17.524999618530273,17.06999969482422,17.299999237060547,365500,0.0,0.0
2024-04-01 00:00:00-04:00,17.350000381469727,17.360000610351562,17.059999465942383,17.059999465942383,270100,0.0,0.0
2024-04-02 00:00:00-04:00,16.889999389648438,16.889999389648438,16.3799991607666,16.420000076293945,356600,0.0,0.0
2024-04-03 00:00:00-04:00,16.3799991607666,16.6200008392334,16.25,16.489999771118164,558300,0.0,0.0
2024-04-04 00:00:00-04:00,16.639999389648438,16.75,16.1200008392334,16.170000076293945,363300,0.0,0.0
2024-04-05 00:00:00-04:00,16.1200008392334,16.479999542236328,16.1200008392334,16.450000762939453,206100,0.0,0.0
2024-04-08 00:00:00-04:00,16.399999618530273,16.549999237060547,16.110000610351562,16.420000076293945,294300,0.0,0.0
2024-04-09 00:00:00-04:00,16.3700008392334,16.510000228881836,15.970000267028809,16.1200008392334,341700,0.0,0.0
2024-04-10 00:00:00-04:00,15.920000076293945,15.920000076293945,15.640000343322754,15.640000343322754,313700,0.0,0.0
2024-04-11 00:00:00-04:00,15.760000228881836,16.09000015258789,14.0,15.0,2260200,0.0,0.0
2024-04-12 00:00:00-04:00,14.850000381469727,15.039999961853027,13.800000190734863,14.239999771118164,1678200,0.0,0.0
2024-04-15 00:00:00-04:00,14.390000343322754,14.6899995803833,14.100000381469727,14.300000190734863,862800,0.0,0.0
2024-04-16 00:00:00-04:00,14.300000190734863,14.34000015258789,13.890000343322754,14.069999694824219,498100,0.0,0.0
2024-04-17 00:00:00-04:00,14.09000015258789,14.420000076293945,14.0,14.3100004196167,342200,0.0,0.0
2024-04-18 00:00:00-04:00,14.34000015258789,14.729999542236328,14.09000015258789,14.319999694824219,552400,0.0,0.0
2024-04-19 00:00:00-04:00,14.319999694824219,14.680000305175781,14.3100004196167,14.640000343322754,259400,0.0,0.0
2024-04-22 00:00:00-04:00,14.649999618530273,14.800000190734863,14.279999732971191,14.640000343322754,572500,0.0,0.0
2024-04-23 00:00:00-04:00,14.670000076293945,15.010000228881836,14.635000228881836,14.850000381469727,352000,0.0,0.0
2024-04-24 00:00:00-04:00,14.859999656677246,15.09000015258789,14.8100004196167,14.899999618530273,322000,0.0,0.0
2024-04-25 00:00:00-04:00,14.710000038146973,14.949999809265137,14.699999809265137,14.760000228881836,251300,0.0,0.0
2024-04-26 00:00:00-04:00,14.800000190734863,14.850000381469727,14.649999618530273,14.789999961853027,186400,0.0,0.0
2024-04-29 00:00:00-04:00,14.890000343322754,15.149999618530273,14.800000190734863,15.119999885559082,279300,0.0,0.0
2024-04-30 00:00:00-04:00,14.920000076293945,15.079999923706055,14.489999771118164,14.539999961853027,372200,0.0,0.0
2024-05-01 00:00:00-04:00,14.09000015258789,14.539999961853027,13.640000343322754,13.739999771118164,1718800,0.0,0.0
2024-05-02 00:00:00-04:00,13.899999618530273,13.944999694824219,13.15999984741211,13.859999656677246,1157900,0.0,0.0
2024-05-03 00:00:00-04:00,14.039999961853027,14.350000381469727,13.529999732971191,13.600000381469727,533400,0.0,0.0
2024-05-06 00:00:00-04:00,14.399999618530273,14.920000076293945,14.125,14.4399995803833,1496400,0.0,0.0
2024-05-07 00:00:00-04:00,14.600000381469727,15.09000015258789,14.539999961853027,14.899999618530273,830600,0.0,0.0
2024-05-08 00:00:00-04:00,14.6899995803833,15.039999961853027,14.46500015258789,14.8100004196167,922200,0.0,0.0
2024-05-09 00:00:00-04:00,14.890000343322754,15.34000015258789,14.824999809265137,15.289999961853027,724300,0.0,0.0
2024-05-10 00:00:00-04:00,15.369999885559082,15.479999542236328,15.229999542236328,15.40999984741211,379600,0.0,0.0
2024-05-13 00:00:00-04:00,15.420000076293945,15.489999771118164,14.770000457763672,14.770000457763672,427600,0.0,0.0
2024-05-14 00:00:00-04:00,14.880000114440918,14.960000038146973,14.729999542236328,14.890000343322754,292100,0.0,0.0
2024-05-15 00:00:00-04:00,15.010000228881836,15.220000267028809,14.899999618530273,14.989999771118164,205100,0.0,0.0
2024-05-16 00:00:00-04:00,14.960000038146973,15.289999961853027,14.920000076293945,15.239999771118164,284900,0.0,0.0
2024-05-17 00:00:00-04:00,15.270000457763672,15.270000457763672,14.630000114440918,14.649999618530273,632700,0.0,0.0
2024-05-20 00:00:00-04:00,14.649999618530273,14.819999694824219,14.489999771118164,14.510000228881836,221500,0.0,0.0
2024-05-21 00:00:00-04:00,14.579999923706055,14.659000396728516,14.449999809265137,14.59000015258789,147300,0.0,0.0
2024-05-22 00:00:00-04:00,14.510000228881836,14.890000343322754,14.510000228881836,14.699999809265137,468000,0.0,0.0
2024-05-23 00:00:00-04:00,14.699999809265137,15.039999961853027,14.569999694824219,14.710000038146973,319100,0.0,0.0
2024-05-24 00:00:00-04:00,14.75,15.149999618530273,14.59000015258789,15.020000457763672,259800,0.0,0.0
2024-05-28 00:00:00-04:00,15.100000381469727,15.489999771118164,14.925000190734863,15.34000015258789,306700,0.0,0.0
2024-05-29 00:00:00-04:00,15.119999885559082,15.479999542236328,15.010000228881836,15.239999771118164,282900,0.0,0.0
2024-05-30 00:00:00-04:00,15.239999771118164,15.65999984741211,15.239999771118164,15.390000343322754,373500,0.0,0.0
2024-05-31 00:00:00-04:00,15.4399995803833,15.5,15.279999732971191,15.34000015258789,284600,0.0,0.0
2024-06-03 00:00:00-04:00,15.300000190734863,15.484999656677246,15.170000076293945,15.390000343322754,281900,0.0,0.0
2024-06-04 00:00:00-04:00,15.319999694824219,15.5,15.130000114440918,15.180000305175781,236200,0.0,0.0
2024-06-05 00:00:00-04:00,15.199999809265137,15.649999618530273,15.128000259399414,15.479999542236328,197600,0.0,0.0
2024-06-06 00:00:00-04:00,15.579999923706055,15.680000305175781,15.430000305175781,15.479999542236328,199100,0.0,0.0
2024-06-07 00:00:00-04:00,15.3100004196167,15.720000267028809,15.210000038146973,15.319999694824219,208000,0.0,0.0
2024-06-10 00:00:00-04:00,15.149999618530273,15.289999961853027,15.010000228881836,15.010000228881836,111100,0.0,0.0
2024-06-11 00:00:00-04:00,14.850000381469727,14.989999771118164,14.710000038146973,14.960000038146973,222700,0.0,0.0
2024-06-12 00:00:00-04:00,15.229999542236328,15.229999542236328,14.899999618530273,14.899999618530273,169700,0.0,0.0
2024-06-13 00:00:00-04:00,14.800000190734863,14.930000305175781,14.65999984741211,14.869999885559082,191700,0.0,0.0
2024-06-14 00:00:00-04:00,14.6899995803833,15.109999656677246,14.6899995803833,15.09000015258789,133500,0.0,0.0
2024-06-17 00:00:00-04:00,14.899999618530273,15.0649995803833,14.8100004196167,14.9399995803833,270200,0.0,0.0
2024-06-18 00:00:00-04:00,15.029999732971191,15.029999732971191,14.710000038146973,14.739999771118164,296300,0.0,0.0
2024-06-20 00:00:00-04:00,14.710000038146973,15.25,14.550000190734863,15.09000015258789,371800,0.0,0.0
2024-06-21 00:00:00-04:00,15.079999923706055,15.25,14.720000267028809,14.930000305175781,739500,0.0,0.0
2024-06-24 00:00:00-04:00,14.979999542236328,15.15999984741211,14.8100004196167,14.9399995803833,425300,0.0,0.0
2024-06-25 00:00:00-04:00,14.930000305175781,15.039999961853027,14.829999923706055,14.890000343322754,384500,0.0,0.0
2024-06-26 00:00:00-04:00,14.710000038146973,14.890000343322754,14.640000343322754,14.770000457763672,261600,0.0,0.0
2024-06-27 00:00:00-04:00,14.850000381469727,14.850000381469727,14.670000076293945,14.770000457763672,234600,0.0,0.0
2024-06-28 00:00:00-04:00,14.75,14.914999961853027,14.40999984741211,14.520000457763672,669500,0.0,0.0
2024-07-01 00:00:00-04:00,14.579999923706055,14.789999961853027,14.430000305175781,14.59000015258789,407100,0.0,0.0
2024-07-02 00:00:00-04:00,14.510000228881836,14.739999771118164,14.510000228881836,14.65999984741211,333400,0.0,0.0
2024-07-03 00:00:00-04:00,14.699999809265137,14.729999542236328,14.640000343322754,14.65999984741211,82900,0.0,0.0
2024-07-05 00:00:00-04:00,14.710000038146973,14.720000267028809,14.520000457763672,14.720000267028809,303300,0.0,0.0
2024-07-08 00:00:00-04:00,14.770000457763672,15.329999923706055,14.770000457763672,15.25,523000,0.0,0.0
2024-07-09 00:00:00-04:00,15.1899995803833,15.470000267028809,15.095000267028809,15.329999923706055,270100,0.0,0.0
2024-07-10 00:00:00-04:00,15.579999923706055,15.65999984741211,15.220000267028809,15.470000267028809,269400,0.0,0.0
2024-07-11 00:00:00-04:00,15.609999656677246,15.958000183105469,15.609999656677246,15.899999618530273,320900,0.0,0.0
2024-07-12 00:00:00-04:00,15.960000038146973,16.110000610351562,15.845000267028809,15.9399995803833,281500,0.0,0.0
2024-07-15 00:00:00-04:00,15.930000305175781,16.010000228881836,15.755000114440918,15.84000015258789,262300,0.0,0.0
2024-07-16 00:00:00-04:00,15.84000015258789,16.770000457763672,15.819999694824219,16.65999984741211,489300,0.0,0.0
2024-07-17 00:00:00-04:00,16.440000534057617,16.969999313354492,16.399999618530273,16.75,829500,0.0,0.0
2024-07-18 00:00:00-04:00,16.75,17.43000030517578,16.69499969482422,16.93000030517578,983700,0.0,0.0
2024-07-19 00:00:00-04:00,17.049999237060547,17.110000610351562,16.850000381469727,16.979999542236328,437300,0.0,0.0
2024-07-22 00:00:00-04:00,17.299999237060547,17.31999969482422,16.950000762939453,17.299999237060547,474000,0.0,0.0
2024-07-23 00:00:00-04:00,17.229999542236328,17.290000915527344,16.979999542236328,17.030000686645508,837900,0.0,0.0
2024-07-24 00:00:00-04:00,16.969999313354492,17.190000534057617,14.050000190734863,16.170000076293945,5992400,0.0,0.0
2024-07-25 00:00:00-04:00,16.110000610351562,16.3700008392334,15.300000190734863,15.529999732971191,759300,0.0,0.0
2024-07-26 00:00:00-04:00,15.59000015258789,15.8100004196167,15.359999656677246,15.8100004196167,416900,0.0,0.0
2024-07-29 00:00:00-04:00,15.890000343322754,17.100000381469727,15.710000038146973,16.700000762939453,2092000,0.0,0.0
2024-07-30 00:00:00-04:00,16.719999313354492,17.09000015258789,16.459999084472656,16.8700008392334,1257200,0.0,0.0
2024-07-31 00:00:00-04:00,16.56999969482422,17.5,16.56999969482422,17.219999313354492,1568800,0.0,0.0
2024-08-01 00:00:00-04:00,17.290000915527344,17.850000381469727,16.850000381469727,16.860000610351562,1111300,0.0,0.0
2024-08-02 00:00:00-04:00,16.760000228881836,16.760000228881836,16.040000915527344,16.329999923706055,735400,0.0,0.0
2024-08-05 00:00:00-04:00,15.710000038146973,16.049999237060547,15.210000038146973,15.399999618530273,1304600,0.0,0.0
2024-08-06 00:00:00-04:00,15.630000114440918,16.190000534057617,15.390000343322754,15.9399995803833,1678600,0.0,0.0
2024-08-07 00:00:00-04:00,16.170000076293945,16.170000076293945,15.289999961853027,15.289999961853027,625900,0.0,0.0
2024-08-08 00:00:00-04:00,15.869999885559082,16.15999984741211,15.489999771118164,15.850000381469727,868000,0.0,0.0
2024-08-09 00:00:00-04:00,15.970000267028809,16.15999984741211,15.609999656677246,15.739999771118164,434400,0.0,0.0
2024-08-12 00:00:00-04:00,15.729999542236328,15.9399995803833,15.5,15.510000228881836,435800,0.0,0.0
2024-08-13 00:00:00-04:00,15.479999542236328,15.710000038146973,15.380000114440918,15.489999771118164,398900,0.0,0.0
2024-08-14 00:00:00-04:00,15.489999771118164,15.595000267028809,15.270000457763672,15.40999984741211,258900,0.0,0.0
2024-08-15 00:00:00-04:00,15.640000343322754,16.190000534057617,15.585000038146973,16.100000381469727,778100,0.0,0.0
2024-08-16 00:00:00-04:00,15.970000267028809,16.18000030517578,15.869999885559082,16.0,189900,0.0,0.0
2024-08-19 00:00:00-04:00,16.040000915527344,16.138999938964844,15.829999923706055,16.049999237060547,420300,0.0,0.0
2024-08-20 00:00:00-04:00,16.010000228881836,16.270000457763672,15.890000343322754,16.09000015258789,292300,0.0,0.0
2024-08-21 00:00:00-04:00,16.09000015258789,16.25,15.930000305175781,16.1299991607666,345300,0.0,0.0
2024-08-22 00:00:00-04:00,16.1299991607666,16.260000228881836,15.9399995803833,15.989999771118164,187500,0.0,0.0
2024-08-23 00:00:00-04:00,16.049999237060547,16.3700008392334,16.049999237060547,16.270000457763672,161400,0.0,0.0
2024-08-26 00:00:00-04:00,16.3799991607666,16.40999984741211,16.040000915527344,16.049999237060547,192300,0.0,0.0
2024-08-27 00:00:00-04:00,15.930000305175781,16.299999237060547,15.899999618530273,16.239999771118164,124800,0.0,0.0
2024-08-28 00:00:00-04:00,16.149999618530273,16.229999542236328,15.944999694824219,16.110000610351562,171000,0.0,0.0
2024-08-29 00:00:00-04:00,16.290000915527344,16.290000915527344,15.989999771118164,16.0,166400,0.0,0.0
2024-08-30 00:00:00-04:00,16.110000610351562,16.479999542236328,15.829999923706055,16.43000030517578,245600,0.0,0.0
2024-09-03 00:00:00-04:00,16.329999923706055,16.749000549316406,16.149999618530273,16.25,503600,0.0,0.0
2024-09-04 00:00:00-04:00,16.25,16.700000762939453,16.170000076293945,16.309999465942383,183200,0.0,0.0
2024-09-05 00:00:00-04:00,16.399999618530273,16.399999618530273,15.880000114440918,15.890000343322754,183700,0.0,0.0
2024-09-06 00:00:00-04:00,15.890000343322754,15.979999542236328,15.670000076293945,15.90999984741211,473700,0.0,0.0
2024-09-09 00:00:00-04:00,15.829999923706055,16.06999969482422,15.729999542236328,15.75,151400,0.0,0.0
2024-09-10 00:00:00-04:00,15.75,15.9399995803833,15.600000381469727,15.930000305175781,171400,0.0,0.0
2024-09-11 00:00:00-04:00,15.859999656677246,15.890000343322754,15.609999656677246,15.819999694824219,118300,0.0,0.0
2024-09-12 00:00:00-04:00,15.880000114440918,15.90999984741211,15.630000114440918,15.649999618530273,195400,0.0,0.0
2024-09-13 00:00:00-04:00,15.6899995803833,15.75,15.40999984741211,15.550000190734863,150800,0.0,0.0
2024-09-16 00:00:00-04:00,18.149999618530273,18.299999237060547,17.469999313354492,17.799999237060547,6126500,0.0,0.0
2024-09-17 00:00:00-04:00,17.739999771118164,18.579999923706055,17.559999465942383,18.559999465942383,1453000,0.0,0.0
2024-09-18 00:00:00-04:00,19.299999237060547,21.0,19.229999542236328,20.0,3082400,0.0,0.0
2024-09-19 00:00:00-04:00,20.469999313354492,20.59000015258789,19.559999465942383,20.0,1567400,0.0,0.0
2024-09-20 00:00:00-04:00,19.959999084472656,20.100000381469727,19.670000076293945,19.959999084472656,616600,0.0,0.0
2024-09-23 00:00:00-04:00,20.239999771118164,20.239999771118164,19.395000457763672,19.479999542236328,1204200,0.0,0.0
2024-09-24 00:00:00-04:00,19.489999771118164,19.559999465942383,19.110000610351562,19.209999084472656,667200,0.0,0.0
2024-09-25 00:00:00-04:00,19.25,19.290000915527344,18.90999984741211,19.020000457763672,447400,0.0,0.0
2024-09-26 00:00:00-04:00,19.079999923706055,19.219999313354492,18.950000762939453,19.040000915527344,172100,0.0,0.0
2024-09-27 00:00:00-04:00,19.190000534057617,19.280000686645508,18.899999618530273,18.950000762939453,133400,0.0,0.0
2024-09-30 00:00:00-04:00,18.889999389648438,19.46299934387207,18.889999389648438,19.290000915527344,703300,0.0,0.0
2024-10-01 00:00:00-04:00,19.280000686645508,19.290000915527344,18.899999618530273,19.139999389648438,373400,0.0,0.0
2024-10-02 00:00:00-04:00,18.950000762939453,19.253000259399414,18.639999389648438,19.059999465942383,440200,0.0,0.0
2024-10-03 00:00:00-04:00,18.899999618530273,19.03499984741211,18.80299949645996,18.8799991607666,253300,0.0,0.0
2024-10-04 00:00:00-04:00,19.010000228881836,19.040000915527344,18.829999923706055,19.0,218100,0.0,0.0
2024-10-07 00:00:00-04:00,18.90999984741211,18.95199966430664,18.690000534057617,18.780000686645508,244400,0.0,0.0
2024-10-08 00:00:00-04:00,18.799999237060547,18.8700008392334,18.100000381469727,18.420000076293945,503600,0.0,0.0
2024-10-09 00:00:00-04:00,18.25,18.90999984741211,18.209999084472656,18.860000610351562,442500,0.0,0.0
2024-10-10 00:00:00-04:00,18.799999237060547,19.149999618530273,18.6200008392334,19.1200008392334,231500,0.0,0.0
2024-10-11 00:00:00-04:00,19.18000030517578,19.549999237060547,19.18000030517578,19.469999313354492,307800,0.0,0.0
2024-10-14 00:00:00-04:00,21.190000534057617,21.690000534057617,20.59000015258789,20.8700008392334,2934500,0.0,0.0
2024-10-15 00:00:00-04:00,21.329999923706055,21.34000015258789,20.639999389648438,20.739999771118164,1666700,0.0,0.0
2024-10-16 00:00:00-04:00,20.760000228881836,20.90999984741211,20.549999237060547,20.770000457763672,578200,0.0,0.0
2024-10-17 00:00:00-04:00,20.799999237060547,21.059999465942383,20.549999237060547,20.93000030517578,787400,0.0,0.0
2024-10-18 00:00:00-04:00,21.059999465942383,21.079999923706055,20.389999389648438,20.6299991607666,876800,0.0,0.0
2024-10-21 00:00:00-04:00,20.6299991607666,20.84000015258789,20.229999542236328,20.68000030517578,1112200,0.0,0.0
2024-10-22 00:00:00-04:00,20.450000762939453,20.56999969482422,20.0,20.350000381469727,754700,0.0,0.0
2024-10-23 00:00:00-04:00,20.229999542236328,20.389999389648438,19.94499969482422,20.079999923706055,648000,0.0,0.0
2024-10-24 00:00:00-04:00,20.09000015258789,20.350000381469727,20.079999923706055,20.18000030517578,488800,0.0,0.0
2024-10-25 00:00:00-04:00,20.18000030517578,20.6299991607666,20.18000030517578,20.459999084472656,305100,0.0,0.0
2024-10-28 00:00:00-04:00,20.469999313354492,20.709999084472656,20.34000015258789,20.3700008392334,214900,0.0,0.0
2024-10-29 00:00:00-04:00,20.18000030517578,20.760000228881836,20.18000030517578,20.760000228881836,497800,0.0,0.0
2024-10-30 00:00:00-04:00,20.649999618530273,20.940000534057617,20.3700008392334,20.440000534057617,494200,0.0,0.0
2024-10-31 00:00:00-04:00,20.489999771118164,20.6200008392334,20.100000381469727,20.280000686645508,610300,0.0,0.0
2024-11-01 00:00:00-04:00,20.31999969482422,20.88800048828125,20.31999969482422,20.510000228881836,530600,0.0,0.0
2024-11-04 00:00:00-05:00,20.40999984741211,20.489999771118164,19.709999084472656,19.8700008392334,905100,0.0,0.0
2024-11-05 00:00:00-05:00,19.739999771118164,20.0,19.579999923706055,19.809999465942383,776800,0.0,0.0
2024-11-06 00:00:00-05:00,20.260000228881836,20.260000228881836,19.610000610351562,19.829999923706055,308200,0.0,0.0
2024-11-07 00:00:00-05:00,19.84000015258789,20.350000381469727,19.84000015258789,20.25,340200,0.0,0.0
2024-11-08 00:00:00-05:00,20.139999389648438,20.299999237060547,19.940000534057617,20.0,330500,0.0,0.0
2024-11-11 00:00:00-05:00,19.989999771118164,20.711999893188477,19.940000534057617,20.450000762939453,456000,0.0,0.0
2024-11-12 00:00:00-05:00,20.31999969482422,20.329999923706055,19.450000762939453,19.540000915527344,483500,0.0,0.0
2024-11-13 00:00:00-05:00,19.6200008392334,19.864999771118164,19.475000381469727,19.760000228881836,456500,0.0,0.0
2024-11-14 00:00:00-05:00,19.719999313354492,19.854999542236328,19.5,19.56999969482422,291100,0.0,0.0
2024-11-15 00:00:00-05:00,19.530000686645508,19.7549991607666,19.440000534057617,19.68000030517578,465900,0.0,0.0
2024-11-18 00:00:00-05:00,19.68000030517578,20.229999542236328,19.520000457763672,19.760000228881836,656200,0.0,0.0
2024-11-19 00:00:00-05:00,19.559999465942383,19.760000228881836,19.5,19.549999237060547,285300,0.0,0.0
2024-11-20 00:00:00-05:00,19.5,19.559999465942383,19.308000564575195,19.3799991607666,146600,0.0,0.0
2024-11-21 00:00:00-05:00,19.40999984741211,19.825000762939453,19.31999969482422,19.809999465942383,243600,0.0,0.0
2024-11-22 00:00:00-05:00,19.690000534057617,19.878000259399414,19.479999542236328,19.56999969482422,363700,0.0,0.0
2024-11-25 00:00:00-05:00,19.790000915527344,19.989999771118164,19.549999237060547,19.670000076293945,221700,0.0,0.0
2024-11-26 00:00:00-05:00,19.700000762939453,19.795000076293945,19.344999313354492,19.75,322800,0.0,0.0
2024-11-27 00:00:00-05:00,19.729999542236328,20.04599952697754,19.719999313354492,19.969999313354492,126900,0.0,0.0
2024-11-29 00:00:00-05:00,20.100000381469727,20.12299919128418,19.78499984741211,19.81999969482422,149100,0.0,0.0
2024-12-02 00:00:00-05:00,19.25,19.59000015258789,19.020000457763672,19.469999313354492,246300,0.0,0.0
2024-12-03 00:00:00-05:00,19.389999389648438,19.690000534057617,19.170000076293945,19.670000076293945,259500,0.0,0.0
2024-12-04 00:00:00-05:00,19.639999389648438,19.920000076293945,19.510000228881836,19.739999771118164,172000,0.0,0.0
2024-12-05 00:00:00-05:00,19.700000762939453,19.950000762939453,19.59000015258789,19.90999984741211,232100,0.0,0.0
2024-12-06 00:00:00-05:00,19.93000030517578,20.09000015258789,19.899999618530273,20.06999969482422,173300,0.0,0.0
2024-12-09 00:00:00-05:00,19.959999084472656,20.579999923706055,19.8799991607666,20.049999237060547,562300,0.0,0.0
2024-12-10 00:00:00-05:00,20.18000030517578,20.709999084472656,20.0,20.649999618530273,911800,0.0,0.0
2024-12-11 00:00:00-05:00,18.149999618530273,18.450000762939453,17.709999084472656,18.15999984741211,3076100,0.0,0.0
2024-12-12 00:00:00-05:00,18.40999984741211,18.7549991607666,18.030000686645508,18.6200008392334,923200,0.0,0.0
2024-12-13 00:00:00-05:00,18.520000457763672,18.649999618530273,18.209999084472656,18.600000381469727,756100,0.0,0.0
2024-12-16 00:00:00-05:00,18.43000030517578,18.760000228881836,18.420000076293945,18.549999237060547,447600,0.0,0.0
2024-12-17 00:00:00-05:00,18.459999084472656,18.889999389648438,18.40999984741211,18.850000381469727,361600,0.0,0.0
2024-12-18 00:00:00-05:00,18.90999984741211,18.985000610351562,18.239999771118164,18.239999771118164,438600,0.0,0.0
2024-12-19 00:00:00-05:00,18.270000457763672,18.485000610351562,17.8700008392334,17.950000762939453,349400,0.0,0.0
2024-12-20 00:00:00-05:00,17.850000381469727,18.200000762939453,17.850000381469727,18.0,401500,0.0,0.0
2024-12-23 00:00:00-05:00,17.940000534057617,18.010000228881836,17.56999969482422,17.829999923706055,508900,0.0,0.0
2024-12-24 00:00:00-05:00,17.93000030517578,17.93000030517578,17.639999389648438,17.860000610351562,165300,0.0,0.0
2024-12-26 00:00:00-05:00,17.860000610351562,18.209999084472656,17.799999237060547,18.139999389648438,217700,0.0,0.0
2024-12-27 00:00:00-05:00,18.049999237060547,18.239999771118164,17.850000381469727,17.969999313354492,291200,0.0,0.0
2024-12-30 00:00:00-05:00,17.68000030517578,17.875,17.6299991607666,17.790000915527344,386000,0.0,0.0
2024-12-31 00:00:00-05:00,17.739999771118164,18.18000030517578,17.739999771118164,18.059999465942383,312600,0.0,0.0
2025-01-02 00:00:00-05:00,18.190000534057617,18.55299949645996,17.959999084472656,18.0,342200,0.0,0.0
2025-01-03 00:00:00-05:00,18.010000228881836,18.100000381469727,17.719999313354492,17.739999771118164,290000,0.0,0.0
2025-01-06 00:00:00-05:00,17.690000534057617,18.219999313354492,17.6299991607666,17.649999618530273,390000,0.0,0.0
2025-01-07 00:00:00-05:00,17.760000228881836,17.950000762939453,17.59000015258789,17.899999618530273,469100,0.0,0.0
2025-01-08 00:00:00-05:00,17.780000686645508,18.34000015258789,17.780000686645508,18.079999923706055,398500,0.0,0.0
2025-01-10 00:00:00-05:00,17.889999389648438,18.0,17.707000732421875,17.760000228881836,586900,0.0,0.0
2025-01-13 00:00:00-05:00,17.829999923706055,17.850000381469727,17.15999984741211,17.3700008392334,406600,0.0,0.0
2025-01-14 00:00:00-05:00,17.3700008392334,17.40999984741211,16.7549991607666,17.239999771118164,595000,0.0,0.0
2025-01-15 00:00:00-05:00,17.3700008392334,17.5,17.219999313354492,17.270000457763672,193500,0.0,0.0
2025-01-16 00:00:00-05:00,17.040000915527344,17.459999084472656,17.0,17.440000534057617,855400,0.0,0.0
2025-01-17 00:00:00-05:00,17.469999313354492,17.56999969482422,17.32200050354004,17.360000610351562,711200,0.0,0.0
2025-01-21 00:00:00-05:00,17.450000762939453,17.5,16.979999542236328,17.18000030517578,833200,0.0,0.0
2025-01-22 00:00:00-05:00,17.219999313354492,17.3700008392334,16.920000076293945,17.06999969482422,1291800,0.0,0.0
2025-01-23 00:00:00-05:00,17.06999969482422,17.1299991607666,16.729999542236328,16.850000381469727,879100,0.0,0.0
2025-01-24 00:00:00-05:00,16.799999237060547,17.270000457763672,16.799999237060547,17.190000534057617,580500,0.0,0.0
2025-01-27 00:00:00-05:00,17.1299991607666,17.6200008392334,17.110000610351562,17.450000762939453,507500,0.0,0.0
2025-01-28 00:00:00-05:00,17.3799991607666,17.739999771118164,17.309999465942383,17.40999984741211,507800,0.0,0.0
2025-01-29 00:00:00-05:00,17.059999465942383,17.96500015258789,17.010000228881836,17.8799991607666,679000,0.0,0.0
2025-01-30 00:00:00-05:00,17.959999084472656,18.139999389648438,17.549999237060547,17.649999618530273,358300,0.0,0.0
2025-01-31 00:00:00-05:00,17.709999084472656,17.809999465942383,17.229999542236328,17.350000381469727,362000,0.0,0.0
2025-02-03 00:00:00-05:00,17.030000686645508,17.510000228881836,16.985000610351562,17.450000762939453,464100,0.0,0.0
2025-02-04 00:00:00-05:00,17.3799991607666,17.719999313354492,17.280000686645508,17.5,316700,0.0,0.0
2025-02-05 00:00:00-05:00,17.6200008392334,17.760000228881836,17.575000762939453,17.75,309700,0.0,0.0
2025-02-06 00:00:00-05:00,16.540000915527344,16.815000534057617,16.0,16.059999465942383,3985000,0.0,0.0
2025-02-07 00:00:00-05:00,16.15999984741211,16.364999771118164,16.0,16.100000381469727,554400,0.0,0.0
2025-02-10 00:00:00-05:00,16.040000915527344,16.389999389648438,15.829999923706055,16.239999771118164,711000,0.0,0.0
2025-02-11 00:00:00-05:00,16.209999084472656,16.209999084472656,16.09000015258789,16.100000381469727,281400,0.0,0.0
2025-02-12 00:00:00-05:00,15.930000305175781,16.5,15.890000343322754,16.440000534057617,659200,0.0,0.0
2025-02-13 00:00:00-05:00,16.549999237060547,16.760000228881836,16.399999618530273,16.639999389648438,532400,0.0,0.0
2025-02-14 00:00:00-05:00,16.719999313354492,16.8700008392334,16.399999618530273,16.40999984741211,341100,0.0,0.0
2025-02-18 00:00:00-05:00,16.350000381469727,16.479999542236328,16.25,16.350000381469727,605200,0.0,0.0
2025-02-19 00:00:00-05:00,16.260000228881836,16.600000381469727,15.619999885559082,16.299999237060547,1245400,0.0,0.0
2025-02-20 00:00:00-05:00,16.040000915527344,16.309999465942383,15.880000114440918,15.890000343322754,1444400,0.0,0.0
2025-02-21 00:00:00-05:00,15.770000457763672,16.06999969482422,15.649999618530273,15.75,589700,0.0,0.0
2025-02-24 00:00:00-05:00,15.75,15.970000267028809,15.692999839782715,15.8100004196167,497600,0.0,0.0
2025-02-25 00:00:00-05:00,15.869999885559082,16.100000381469727,15.8100004196167,15.970000267028809,483000,0.0,0.0
2025-02-26 00:00:00-05:00,16.0,16.149999618530273,15.8100004196167,15.859999656677246,727900,0.0,0.0
2025-02-27 00:00:00-05:00,15.770000457763672,15.960000038146973,15.640000343322754,15.800000190734863,574800,0.0,0.0
2025-02-28 00:00:00-05:00,15.800000190734863,16.014999389648438,15.800000190734863,16.0,709200,0.0,0.0
2025-03-03 00:00:00-05:00,15.880000114440918,16.135000228881836,15.680000305175781,15.859999656677246,494900,0.0,0.0
2025-03-04 00:00:00-05:00,15.779999732971191,16.079999923706055,15.510000228881836,15.84000015258789,541600,0.0,0.0
2025-03-05 00:00:00-05:00,15.930000305175781,16.100000381469727,15.670000076293945,15.699999809265137,591600,0.0,0.0
2025-03-06 00:00:00-05:00,15.59000015258789,16.024999618530273,15.541000366210938,15.989999771118164,481300,0.0,0.0
2025-03-07 00:00:00-05:00,16.0,16.149999618530273,15.890000343322754,16.100000381469727,616100,0.0,0.0
2025-03-10 00:00:00-04:00,16.0,16.135000228881836,15.899999618530273,15.899999618530273,612900,0.0,0.0
2025-03-11 00:00:00-04:00,15.84000015258789,15.859999656677246,15.329999923706055,15.529999732971191,725000,0.0,0.0
2025-03-12 00:00:00-04:00,15.520000457763672,15.574999809265137,15.104999542236328,15.239999771118164,474600,0.0,0.0
2025-03-13 00:00:00-04:00,15.270000457763672,15.319999694824219,15.069999694824219,15.1899995803833,304600,0.0,0.0
2025-03-14 00:00:00-04:00,15.25,15.420000076293945,15.130000114440918,15.350000381469727,278300,0.0,0.0
2025-03-17 00:00:00-04:00,15.350000381469727,15.520000457763672,15.260000228881836,15.399999618530273,218700,0.0,0.0
2025-03-18 00:00:00-04:00,15.319999694824219,15.479999542236328,15.229999542236328,15.479999542236328,236700,0.0,0.0
2025-03-19 00:00:00-04:00,15.420000076293945,15.538999557495117,15.289999961853027,15.489999771118164,216000,0.0,0.0
2025-03-20 00:00:00-04:00,15.489999771118164,15.770000457763672,15.414999961853027,15.75,359200,0.0,0.0
2025-03-21 00:00:00-04:00,15.729999542236328,15.729999542236328,15.470000267028809,15.5600004196167,162600,0.0,0.0
2025-03-24 00:00:00-04:00,15.609999656677246,16.079999923706055,15.609999656677246,15.90999984741211,408600,0.0,0.0
2025-03-25 00:00:00-04:00,15.949999809265137,16.079999923706055,15.8100004196167,15.890000343322754,457300,0.0,0.0
2025-03-26 00:00:00-04:00,15.930000305175781,15.989999771118164,15.619999885559082,15.670000076293945,373200,0.0,0.0
2025-03-27 00:00:00-04:00,15.180000305175781,15.329999923706055,13.9399995803833,15.0,2860800,0.0,0.0
2025-03-28 00:00:00-04:00,14.65999984741211,14.65999984741211,13.880000114440918,14.130000114440918,1791000,0.0,0.0
2025-03-31 00:00:00-04:00,13.9399995803833,14.699999809265137,13.9350004196167,14.5,1899600,0.0,0.0
2025-04-01 00:00:00-04:00,14.430000305175781,14.5649995803833,13.989999771118164,14.100000381469727,882300,0.0,0.0
2025-04-02 00:00:00-04:00,13.949999809265137,14.354999542236328,13.949999809265137,14.350000381469727,425700,0.0,0.0
2025-04-03 00:00:00-04:00,13.899999618530273,14.130000114440918,12.90999984741211,12.989999771118164,1111200,0.0,0.0
2025-04-04 00:00:00-04:00,12.789999961853027,12.789999961853027,11.9399995803833,12.109999656677246,1168600,0.0,0.0
2025-04-07 00:00:00-04:00,11.670000076293945,12.279999732971191,11.210000038146973,11.869999885559082,652500,0.0,0.0
2025-04-08 00:00:00-04:00,12.279999732971191,12.279999732971191,10.880000114440918,11.0,784400,0.0,0.0
2025-04-09 00:00:00-04:00,11.0,12.5600004196167,10.460000038146973,12.529999732971191,1442700,0.0,0.0
2025-04-10 00:00:00-04:00,12.25,12.25,10.883999824523926,11.319999694824219,1055900,0.0,0.0
2025-04-11 00:00:00-04:00,11.369999885559082,11.460000038146973,10.960000038146973,11.399999618530273,624000,0.0,0.0
2025-04-14 00:00:00-04:00,11.630000114440918,12.279999732971191,11.57800006866455,12.25,850500,0.0,0.0
2025-04-15 00:00:00-04:00,12.260000228881836,12.380000114440918,11.739999771118164,11.930000305175781,563500,0.0,0.0
2025-04-16 00:00:00-04:00,11.880000114440918,12.109999656677246,11.619999885559082,11.850000381469727,423000,0.0,0.0
2025-04-17 00:00:00-04:00,11.819999694824219,12.119999885559082,11.720000267028809,12.0600004196167,845200,0.0,0.0
2025-04-21 00:00:00-04:00,12.029999732971191,12.170000076293945,11.8100004196167,12.050000190734863,642400,0.0,0.0
2025-04-22 00:00:00-04:00,12.119999885559082,12.649999618530273,12.079999923706055,12.489999771118164,603800,0.0,0.0
2025-04-23 00:00:00-04:00,12.84000015258789,13.239999771118164,12.670000076293945,12.739999771118164,613200,0.0,0.0
2025-04-24 00:00:00-04:00,13.369999885559082,13.920000076293945,13.100000381469727,13.890000343322754,865100,0.0,0.0
2025-04-25 00:00:00-04:00,13.699999809265137,13.789999961853027,13.529999732971191,13.729999542236328,531000,0.0,0.0
2025-04-28 00:00:00-04:00,13.760000228881836,13.970000267028809,13.425000190734863,13.65999984741211,837200,0.0,0.0
2025-04-29 00:00:00-04:00,13.619999885559082,13.90999984741211,13.567000389099121,13.720000267028809,623300,0.0,0.0
2025-04-30 00:00:00-04:00,11.699999809265137,12.0,10.449999809265137,11.5600004196167,4134400,0.0,0.0
2025-05-01 00:00:00-04:00,11.609999656677246,11.767000198364258,11.220000267028809,11.59000015258789,1950900,0.0,0.0
2025-05-02 00:00:00-04:00,11.649999618530273,12.0600004196167,11.399999618530273,11.5,1860100,0.0,0.0
2025-05-05 00:00:00-04:00,11.350000381469727,11.479999542236328,11.210000038146973,11.369999885559082,1638700,0.0,0.0
2025-05-06 00:00:00-04:00,11.1899995803833,11.494999885559082,10.829999923706055,10.899999618530273,1640900,0.0,0.0
2025-05-07 00:00:00-04:00,10.960000038146973,11.460000038146973,10.850000381469727,11.399999618530273,611900,0.0,0.0
2025-05-08 00:00:00-04:00,11.470000267028809,11.779999732971191,11.40999984741211,11.5,653600,0.0,0.0
2025-05-09 00:00:00-04:00,11.520000457763672,11.569999694824219,11.100000381469727,11.270000457763672,657300,0.0,0.0
2025-05-12 00:00:00-04:00,11.630000114440918,12.289999961853027,11.600000381469727,11.890000343322754,1122100,0.0,0.0
2025-05-13 00:00:00-04:00,11.869999885559082,11.920000076293945,11.59000015258789,11.760000228881836,899700,0.0,0.0
2025-05-14 00:00:00-04:00,11.670000076293945,11.70199966430664,11.295000076293945,11.550000190734863,1231900,0.0,0.0
2025-05-15 00:00:00-04:00,11.59000015258789,11.829999923706055,11.300000190734863,11.800000190734863,586100,0.0,0.0
2025-05-16 00:00:00-04:00,11.819999694824219,11.90999984741211,11.6850004196167,11.760000228881836,370500,0.0,0.0
2025-05-19 00:00:00-04:00,11.600000381469727,11.805000305175781,11.460000038146973,11.770000457763672,767500,0.0,0.0
2025-05-20 00:00:00-04:00,11.710000038146973,11.770000457763672,11.359999656677246,11.75,1487700,0.0,0.0
2025-05-21 00:00:00-04:00,11.619999885559082,11.680000305175781,11.1899995803833,11.1899995803833,625700,0.0,0.0
2025-05-22 00:00:00-04:00,11.119999885559082,11.390000343322754,11.0,11.25,540300,0.0,0.0
2025-05-23 00:00:00-04:00,10.989999771118164,11.329999923706055,10.989999771118164,11.289999961853027,559800,0.0,0.0
2025-05-27 00:00:00-04:00,11.739999771118164,12.050000190734863,11.4399995803833,11.800000190734863,667900,0.0,0.0
2025-05-28 00:00:00-04:00,11.8100004196167,11.8100004196167,11.449999809265137,11.460000038146973,530100,0.0,0.0
2025-05-29 00:00:00-04:00,11.510000228881836,11.779999732971191,11.40999984741211,11.720000267028809,428400,0.0,0.0
2025-05-30 00:00:00-04:00,11.6899995803833,11.6899995803833,11.300000190734863,11.470000267028809,428000,0.0,0.0
2025-06-02 00:00:00-04:00,11.390000343322754,11.569999694824219,11.300000190734863,11.449999809265137,562500,0.0,0.0
2025-06-03 00:00:00-04:00,11.420000076293945,11.720000267028809,11.220000267028809,11.5,739700,0.0,0.0
2025-06-04 00:00:00-04:00,11.529999732971191,11.61400032043457,11.4399995803833,11.510000228881836,235400,0.0,0.0
2025-06-05 00:00:00-04:00,11.520000457763672,11.65999984741211,11.470000267028809,11.609999656677246,525900,0.0,0.0
2025-06-06 00:00:00-04:00,11.710000038146973,11.805000305175781,11.59000015258789,11.699999809265137,447300,0.0,0.0
2025-06-09 00:00:00-04:00,11.649999618530273,12.079000473022461,11.569999694824219,11.979999542236328,783300,0.0,0.0
2025-06-10 00:00:00-04:00,12.0,12.600000381469727,11.890000343322754,12.579999923706055,1340200,0.0,0.0
2025-06-11 00:00:00-04:00,12.600000381469727,12.699999809265137,12.369999885559082,12.510000228881836,666500,0.0,0.0
2025-06-12 00:00:00-04:00,12.399999618530273,12.48799991607666,12.239999771118164,12.4399995803833,400800,0.0,0.0
2025-06-13 00:00:00-04:00,12.210000038146973,12.510000228881836,12.149999618530273,12.329999923706055,941700,0.0,0.0
2025-06-16 00:00:00-04:00,12.449999809265137,12.510000228881836,12.1899995803833,12.199999809265137,525400,0.0,0.0
2025-06-17 00:00:00-04:00,12.100000381469727,12.140000343322754,11.5600004196167,11.579999923706055,569500,0.0,0.0
2025-06-18 00:00:00-04:00,11.5600004196167,11.680000305175781,11.4399995803833,11.550000190734863,387000,0.0,0.0
2025-06-20 00:00:00-04:00,11.9399995803833,11.9399995803833,11.574999809265137,11.729999542236328,679300,0.0,0.0
2025-06-23 00:00:00-04:00,11.699999809265137,12.050000190734863,11.630000114440918,12.0,818400,0.0,0.0
2025-06-24 00:00:00-04:00,12.0600004196167,12.305000305175781,11.90999984741211,12.039999961853027,508800,0.0,0.0
2025-06-25 00:00:00-04:00,12.199999809265137,12.279999732971191,12.020000457763672,12.170000076293945,653700,0.0,0.0
2025-06-26 00:00:00-04:00,12.15999984741211,12.300000190734863,12.015000343322754,12.069999694824219,457700,0.0,0.0
2025-06-27 00:00:00-04:00,12.100000381469727,12.65999984741211,12.059000015258789,12.399999618530273,1124100,0.0,0.0
2025-06-30 00:00:00-04:00,12.460000038146973,13.3100004196167,12.40999984741211,13.010000228881836,1684200,0.0,0.0
2025-07-01 00:00:00-04:00,12.869999885559082,13.699999809265137,12.718999862670898,13.449999809265137,1413400,0.0,0.0
2025-07-02 00:00:00-04:00,13.359999656677246,13.779999732971191,13.229999542236328,13.760000228881836,1134000,0.0,0.0
2025-07-03 00:00:00-04:00,13.699999809265137,13.96500015258789,13.680000305175781,13.880000114440918,618700,0.0,0.0
2025-07-07 00:00:00-04:00,13.739999771118164,13.970000267028809,13.725000381469727,13.8100004196167,1400000,0.0,0.0
2025-07-08 00:00:00-04:00,13.850000381469727,14.3149995803833,13.789999961853027,14.0,1032000,0.0,0.0
2025-07-09 00:00:00-04:00,13.920000076293945,14.140000343322754,13.84000015258789,14.050000190734863,911900,0.0,0.0
2025-07-10 00:00:00-04:00,14.039999961853027,14.345000267028809,13.944999694824219,14.199999809265137,376500,0.0,0.0
2025-07-11 00:00:00-04:00,14.050000190734863,14.180000305175781,13.859999656677246,13.880000114440918,388600,0.0,0.0
2025-07-14 00:00:00-04:00,13.84000015258789,13.970000267028809,13.619999885559082,13.680000305175781,375900,0.0,0.0
2025-07-15 00:00:00-04:00,13.640000343322754,13.854999542236328,13.59000015258789,13.710000038146973,312100,0.0,0.0
2025-07-16 00:00:00-04:00,13.75,14.079999923706055,13.609999656677246,13.970000267028809,646300,0.0,0.0
2025-07-17 00:00:00-04:00,13.930000305175781,14.260000228881836,13.859999656677246,14.180000305175781,396600,0.0,0.0
2025-07-18 00:00:00-04:00,14.229999542236328,14.239999771118164,13.899999618530273,13.899999618530273,294400,0.0,0.0
2025-07-21 00:00:00-04:00,13.979999542236328,14.039999961853027,13.890000343322754,13.930000305175781,330800,0.0,0.0
2025-07-22 00:00:00-04:00,13.989999771118164,14.34000015258789,13.90999984741211,14.300000190734863,447600,0.0,0.0
2025-07-23 00:00:00-04:00,14.399999618530273,14.486000061035156,14.0,14.239999771118164,1612000,0.0,0.0
2025-07-24 00:00:00-04:00,14.109999656677246,14.265000343322754,13.960000038146973,13.970000267028809,1015300,0.0,0.0
2025-07-25 00:00:00-04:00,13.930000305175781,14.470000267028809,13.8100004196167,14.319999694824219,1755800,0.0,0.0
2025-07-28 00:00:00-04:00,14.25,14.84000015258789,14.149999618530273,14.4399995803833,1153700,0.0,0.0
2025-07-29 00:00:00-04:00,14.430000305175781,14.984999656677246,14.420000076293945,14.649999618530273,1634100,0.0,0.0
2025-07-30 00:00:00-04:00,15.069999694824219,15.130000114440918,13.600000381469727,13.710000038146973,2667600,0.0,0.0
2025-07-31 00:00:00-04:00,13.550000190734863,13.734999656677246,13.09000015258789,13.630000114440918,1306000,0.0,0.0
2025-08-01 00:00:00-04:00,13.579999923706055,13.649999618530273,13.199999809265137,13.5,1155600,0.0,0.0
2025-08-04 00:00:00-04:00,13.59000015258789,13.850000381469727,13.59000015258789,13.720000267028809,662200,0.0,0.0
2025-08-05 00:00:00-04:00,13.859999656677246,15.0,13.75,14.4399995803833,2416600,0.0,0.0
2025-08-06 00:00:00-04:00,14.460000038146973,14.59000015258789,14.095000267028809,14.109999656677246,564500,0.0,0.0
2025-08-07 00:00:00-04:00,14.289999961853027,14.456999778747559,13.694999694824219,13.800000190734863,1177100,0.0,0.0
2025-08-08 00:00:00-04:00,13.899999618530273,13.899999618530273,13.600000381469727,13.640000343322754,452200,0.0,0.0
2025-08-11 00:00:00-04:00,13.619999885559082,13.779999732971191,13.529999732971191,13.630000114440918,585800,0.0,0.0
2025-08-12 00:00:00-04:00,13.75,13.899999618530273,13.609999656677246,13.770000457763672,349800,0.0,0.0
2025-08-13 00:00:00-04:00,13.970000267028809,14.255000114440918,13.819999694824219,14.170000076293945,362500,0.0,0.0
2025-08-14 00:00:00-04:00,14.119999885559082,14.1899995803833,13.970000267028809,14.079999923706055,291500,0.0,0.0
2025-08-15 00:00:00-04:00,14.350000381469727,14.859999656677246,14.350000381469727,14.550000190734863,737800,0.0,0.0
2025-08-18 00:00:00-04:00,14.539999961853027,14.649999618530273,14.449999809265137,14.460000038146973,249800,0.0,0.0
2025-08-19 00:00:00-04:00,14.449999809265137,14.800000190734863,14.449999809265137,14.609999656677246,256300,0.0,0.0
2025-08-20 00:00:00-04:00,14.5,14.739999771118164,14.479999542236328,14.539999961853027,670600,0.0,0.0
2025-08-21 00:00:00-04:00,14.239999771118164,14.619999885559082,14.239999771118164,14.5,1236900,0.0,0.0
2025-08-22 00:00:00-04:00,14.630000114440918,15.039999961853027,14.579999923706055,14.9399995803833,935800,0.0,0.0
2025-08-25 00:00:00-04:00,14.949999809265137,15.03499984741211,14.505000114440918,14.529999732971191,250800,0.0,0.0
2025-08-26 00:00:00-04:00,14.5,14.734999656677246,14.4399995803833,14.4399995803833,410500,0.0,0.0
2025-08-27 00:00:00-04:00,14.479999542236328,14.680000305175781,14.479999542236328,14.550000190734863,567500,0.0,0.0
2025-08-28 00:00:00-04:00,14.579999923706055,14.600000381469727,14.4399995803833,14.550000190734863,470900,0.0,0.0
2025-08-29 00:00:00-04:00,14.600000381469727,14.6899995803833,14.520000457763672,14.630000114440918,464600,0.0,0.0
2025-09-02 00:00:00-04:00,14.430000305175781,14.875,14.380000114440918,14.8100004196167,440100,0.0,0.0
2025-09-03 00:00:00-04:00,14.739999771118164,15.074999809265137,14.59000015258789,14.630000114440918,556500,0.0,0.0
2025-09-04 00:00:00-04:00,14.6899995803833,14.739999771118164,14.529999732971191,14.59000015258789,235900,0.0,0.0
2025-09-05 00:00:00-04:00,14.640000343322754,15.029999732971191,14.569999694824219,15.010000228881836,744900,0.0,0.0
2025-09-08 00:00:00-04:00,15.069999694824219,15.5600004196167,14.890000343322754,15.520000457763672,722800,0.0,0.0
2025-09-09 00:00:00-04:00,15.489999771118164,15.489999771118164,15.1850004196167,15.300000190734863,362300,0.0,0.0
2025-09-10 00:00:00-04:00,15.350000381469727,15.350000381469727,15.0,15.0,379100,0.0,0.0
2025-09-11 00:00:00-04:00,15.25,15.5,15.100000381469727,15.319999694824219,308600,0.0,0.0
2025-09-12 00:00:00-04:00,15.260000228881836,15.380000114440918,15.130000114440918,15.1899995803833,310300,0.0,0.0
2025-09-15 00:00:00-04:00,15.270000457763672,15.3100004196167,15.029999732971191,15.229999542236328,355800,0.0,0.0
2025-09-16 00:00:00-04:00,15.1899995803833,15.40999984741211,14.890000343322754,14.899999618530273,851000,0.0,0.0
2025-09-17 00:00:00-04:00,15.0,15.5649995803833,14.989999771118164,15.119999885559082,322600,0.0,0.0
2025-09-18 00:00:00-04:00,15.170000076293945,15.510000228881836,15.116999626159668,15.380000114440918,373600,0.0,0.0
2025-09-19 00:00:00-04:00,15.359999656677246,15.359999656677246,15.100000381469727,15.1899995803833,1235100,0.0,0.0
2025-09-22 00:00:00-04:00,15.199999809265137,15.300000190734863,15.149999618530273,15.25,534600,0.0,0.0
2025-09-23 00:00:00-04:00,15.199999809265137,15.449999809265137,15.079999923706055,15.079999923706055,386200,0.0,0.0
2025-09-24 00:00:00-04:00,15.069999694824219,15.289999961853027,15.0,15.010000228881836,424100,0.0,0.0
2025-09-25 00:00:00-04:00,14.869999885559082,14.9350004196167,14.145000457763672,14.369999885559082,909000,0.0,0.0
2025-09-26 00:00:00-04:00,14.460000038146973,14.75,14.399999618530273,14.5,776100,0.0,0.0
2025-09-29 00:00:00-04:00,14.75,15.005000114440918,14.5,14.960000038146973,452100,0.0,0.0
2025-09-30 00:00:00-04:00,14.899999618530273,15.289999961853027,14.869999885559082,15.069999694824219,609500,0.0,0.0
2025-10-01 00:00:00-04:00,15.0,15.1899995803833,14.619999885559082,14.670000076293945,811100,0.0,0.0
2025-10-02 00:00:00-04:00,14.520000457763672,14.8100004196167,14.399999618530273,14.760000228881836,551200,0.0,0.0
2025-10-03 00:00:00-04:00,14.829999923706055,15.210000038146973,14.670000076293945,15.199999809265137,298400,0.0,0.0
2025-10-06 00:00:00-04:00,15.25,15.25,14.829999923706055,14.890000343322754,278100,0.0,0.0
2025-10-07 00:00:00-04:00,14.8100004196167,14.979999542236328,14.609999656677246,14.65999984741211,238700,0.0,0.0
2025-10-08 00:00:00-04:00,14.720000267028809,14.821999549865723,14.520000457763672,14.710000038146973,385300,0.0,0.0
2025-10-09 00:00:00-04:00,14.65999984741211,14.699999809265137,14.300000190734863,14.420000076293945,556500,0.0,0.0
2025-10-10 00:00:00-04:00,14.529999732971191,14.529999732971191,13.765000343322754,14.319999694824219,1388400,0.0,0.0
2025-10-13 00:00:00-04:00,14.390000343322754,14.880000114440918,14.390000343322754,14.880000114440918,370500,0.0,0.0
2025-10-14 00:00:00-04:00,14.8100004196167,15.305000305175781,14.75,15.130000114440918,293700,0.0,0.0
2025-10-15 00:00:00-04:00,15.1899995803833,15.289999961853027,14.90999984741211,14.970000267028809,224200,0.0,0.0
2025-10-16 00:00:00-04:00,14.670000076293945,15.170000076293945,14.670000076293945,14.859999656677246,290500,0.0,0.0
2025-10-17 00:00:00-04:00,14.84000015258789,15.020000457763672,14.77299976348877,15.0,258500,0.0,0.0
2025-10-20 00:00:00-04:00,15.079999923706055,15.899999618530273,15.079999923706055,15.75,867100,0.0,0.0
2025-10-21 00:00:00-04:00,15.710000038146973,15.864999771118164,15.569999694824219,15.630000114440918,401600,0.0,0.0
2025-10-22 00:00:00-04:00,15.550000190734863,15.789999961853027,15.5,15.710000038146973,306100,0.0,0.0
2025-10-23 00:00:00-04:00,15.729999542236328,15.8100004196167,15.625,15.779999732971191,269100,0.0,0.0
2025-10-24 00:00:00-04:00,15.949999809265137,15.970000267028809,15.489999771118164,15.520000457763672,209800,0.0,0.0
2025-10-27 00:00:00-04:00,15.489999771118164,15.5600004196167,15.180000305175781,15.369999885559082,310300,0.0,0.0
2025-10-28 00:00:00-04:00,15.449999809265137,15.449999809265137,15.149999618530273,15.199999809265137,511600,0.0,0.0
2025-10-29 00:00:00-04:00,15.989999771118164,16.0,14.880000114440918,15.470000267028809,733300,0.0,0.0
2025-10-30 00:00:00-04:00,15.3100004196167,15.65999984741211,15.09000015258789,15.140000343322754,1246200,0.0,0.0
2025-10-31 00:00:00-04:00,15.210000038146973,15.210000038146973,14.829999923706055,14.9399995803833,388700,0.0,0.0
2025-11-03 00:00:00-05:00,14.930000305175781,15.289999961853027,14.600000381469727,15.25,361400,0.0,0.0
2025-11-04 00:00:00-05:00,15.119999885559082,15.319999694824219,14.9399995803833,15.0,648200,0.0,0.0
2025-11-05 00:00:00-05:00,14.979999542236328,16.0,14.890000343322754,15.729999542236328,1103100,0.0,0.0
2025-11-06 00:00:00-05:00,15.729999542236328,15.760000228881836,15.260000228881836,15.529999732971191,589400,0.0,0.0
2025-11-07 00:00:00-05:00,15.470000267028809,15.569999694824219,15.300000190734863,15.550000190734863,211800,0.0,0.0
2025-11-10 00:00:00-05:00,15.600000381469727,16.06999969482422,15.59000015258789,15.970000267028809,317400,0.0,0.0
2025-11-11 00:00:00-05:00,16.0,16.75,15.8100004196167,16.43000030517578,571200,0.0,0.0
2025-11-12 00:00:00-05:00,16.40999984741211,16.639999389648438,16.059999465942383,16.600000381469727,313100,0.0,0.0
2025-11-13 00:00:00-05:00,16.799999237060547,16.809999465942383,15.600000381469727,15.6899995803833,912400,0.0,0.0
2025-11-14 00:00:00-05:00,15.579999923706055,15.869999885559082,15.239999771118164,15.600000381469727,434800,0.0,0.0
2025-11-17 00:00:00-05:00,15.609999656677246,15.680000305175781,14.890000343322754,15.0,742600,0.0,0.0
2025-11-18 00:00:00-05:00,14.899999618530273,15.210000038146973,14.6899995803833,15.100000381469727,1099600,0.0,0.0
2025-11-19 00:00:00-05:00,15.09000015258789,15.149999618530273,14.600000381469727,14.619999885559082,344100,0.0,0.0
2025-11-20 00:00:00-05:00,14.75,14.793000221252441,14.4399995803833,14.5600004196167,375700,0.0,0.0
2025-11-21 00:00:00-05:00,14.569999694824219,15.324999809265137,14.53499984741211,15.069999694824219,403200,0.0,0.0
2025-11-24 00:00:00-05:00,15.079999923706055,15.59000015258789,15.079999923706055,15.449999809265137,244500,0.0,0.0
2025-11-25 00:00:00-05:00,15.460000038146973,15.984999656677246,15.460000038146973,15.890000343322754,244400,0.0,0.0
2025-11-26 00:00:00-05:00,15.989999771118164,16.219999313354492,15.930000305175781,16.200000762939453,197100,0.0,0.0
2025-11-28 00:00:00-05:00,16.229999542236328,16.34000015258789,16.18000030517578,16.190000534057617,119500,0.0,0.0
2025-12-01 00:00:00-05:00,16.100000381469727,16.75,16.030000686645508,16.559999465942383,390700,0.0,0.0
2025-12-02 00:00:00-05:00,17.6299991607666,17.700000762939453,16.81999969482422,17.049999237060547,704300,0.0,0.0
2025-12-03 00:00:00-05:00,17.049999237060547,17.100000381469727,16.729999542236328,16.959999084472656,454800,0.0,0.0
2025-12-04 00:00:00-05:00,16.799999237060547,17.149999618530273,16.799999237060547,16.809999465942383,172000,0.0,0.0
2025-12-05 00:00:00-05:00,17.0,17.344999313354492,16.809999465942383,16.81999969482422,234500,0.0,0.0
2025-12-08 00:00:00-05:00,16.809999465942383,16.860000610351562,16.46500015258789,16.559999465942383,290500,0.0,0.0
2025-12-09 00:00:00-05:00,16.510000228881836,16.700000762939453,16.389999389648438,16.459999084472656,158900,0.0,0.0
2025-12-10 00:00:00-05:00,16.399999618530273,16.950000762939453,16.399999618530273,16.739999771118164,439100,0.0,0.0
2025-12-11 00:00:00-05:00,17.149999618530273,17.405000686645508,17.040000915527344,17.270000457763672,687800,0.0,0.0
2025-12-12 00:00:00-05:00,17.329999923706055,17.329999923706055,16.860000610351562,16.989999771118164,440500,0.0,0.0
2025-12-15 00:00:00-05:00,17.040000915527344,17.094999313354492,16.825000762939453,17.09000015258789,385500,0.0,0.0
2025-12-16 00:00:00-05:00,17.329999923706055,17.329999923706055,16.834999084472656,16.979999542236328,399100,0.0,0.0
2025-12-17 00:00:00-05:00,16.899999618530273,17.059999465942383,16.790000915527344,16.8799991607666,347600,0.0,0.0
2025-12-18 00:00:00-05:00,16.920000076293945,17.014999389648438,16.739999771118164,16.899999618530273,360200,0.0,0.0
2025-12-19 00:00:00-05:00,16.809999465942383,17.18000030517578,16.799999237060547,16.979999542236328,473900,0.0,0.0
2025-12-22 00:00:00-05:00,16.959999084472656,17.06999969482422,16.860000610351562,16.920000076293945,222400,0.0,0.0
2025-12-23 00:00:00-05:00,16.950000762939453,17.010000228881836,16.7549991607666,16.979999542236328,222400,0.0,0.0
2025-12-24 00:00:00-05:00,17.010000228881836,17.110000610351562,16.83799934387207,17.010000228881836,93100,0.0,0.0
2025-12-26 00:00:00-05:00,17.100000381469727,17.219999313354492,17.010000228881836,17.18000030517578,175500,0.0,0.0
2025-12-29 00:00:00-05:00,17.170000076293945,17.231000900268555,17.0,17.149999618530273,201700,0.0,0.0
2025-12-30 00:00:00-05:00,17.170000076293945,17.190000534057617,16.937999725341797,17.15999984741211,308900,0.0,0.0
2025-12-31 00:00:00-05:00,17.079999923706055,17.2549991607666,17.040000915527344,17.079999923706055,460900,0.0,0.0
2026-01-02 00:00:00-05:00,17.15999984741211,17.15999984741211,16.549999237060547,16.579999923706055,630000,0.0,0.0
2026-01-05 00:00:00-05:00,16.219999313354492,16.850000381469727,16.219999313354492,16.799999237060547,540800,0.0,0.0
2026-01-06 00:00:00-05:00,16.760000228881836,17.2549991607666,16.760000228881836,17.1200008392334,398500,0.0,0.0
2026-01-07 00:00:00-05:00,17.15999984741211,17.549999237060547,17.049999237060547,17.399999618530273,389700,0.0,0.0
2026-01-08 00:00:00-05:00,17.270000457763672,17.520000457763672,17.270000457763672,17.299999237060547,224700,0.0,0.0
2026-01-09 00:00:00-05:00,17.309999465942383,17.43000030517578,17.079999923706055,17.209999084472656,291700,0.0,0.0
2026-01-12 00:00:00-05:00,17.15999984741211,17.68000030517578,17.020000457763672,17.5,469900,0.0,0.0
2026-01-13 00:00:00-05:00,17.65999984741211,17.860000610351562,17.065000534057617,17.450000762939453,528400,0.0,0.0
2026-01-14 00:00:00-05:00,17.399999618530273,17.59000015258789,17.299999237060547,17.31999969482422,254900,0.0,0.0
2026-01-15 00:00:00-05:00,17.299999237060547,17.489999771118164,17.18000030517578,17.440000534057617,282100,0.0,0.0
2026-01-16 00:00:00-05:00,17.5,17.5,17.139999389648438,17.15999984741211,150900,0.0,0.0
2026-01-20 00:00:00-05:00,17.0,17.152999877929688,16.850000381469727,17.09000015258789,317000,0.0,0.0
2026-01-21 00:00:00-05:00,17.18000030517578,17.424999237060547,17.059999465942383,17.260000228881836,537500,0.0,0.0
2026-01-22 00:00:00-05:00,17.40999984741211,17.540000915527344,17.100000381469727,17.190000534057617,305200,0.0,0.0
2026-01-23 00:00:00-05:00,17.010000228881836,17.049999237060547,16.739999771118164,16.979999542236328,437000,0.0,0.0
2026-01-26 00:00:00-05:00,17.020000457763672,17.149999618530273,16.799999237060547,16.8700008392334,141900,0.0,0.0
2026-01-27 00:00:00-05:00,17.06999969482422,17.139999389648438,16.809999465942383,16.84000015258789,255000,0.0,0.0
2026-01-28 00:00:00-05:00,16.93000030517578,16.934999465942383,16.600000381469727,16.760000228881836,294200,0.0,0.0
2026-01-29 00:00:00-05:00,16.81999969482422,16.90999984741211,16.559999465942383,16.850000381469727,140100,0.0,0.0
2026-01-30 00:00:00-05:00,16.780000686645508,16.93400001525879,16.600000381469727,16.700000762939453,194700,0.0,0.0
2026-02-02 00:00:00-05:00,16.639999389648438,16.899999618530273,16.6200008392334,16.770000457763672,301200,0.0,0.0
2026-02-03 00:00:00-05:00,16.899999618530273,17.059999465942383,16.18000030517578,16.209999084472656,458700,0.0,0.0
2026-02-04 00:00:00-05:00,16.31999969482422,16.729999542236328,16.170000076293945,16.549999237060547,436900,0.0,0.0
2026-02-05 00:00:00-05:00,16.479999542236328,16.625,16.28499984741211,16.40999984741211,274600,0.0,0.0
2026-02-06 00:00:00-05:00,16.479999542236328,17.1299991607666,16.479999542236328,17.0,352000,0.0,0.0
2026-02-09 00:00:00-05:00,17.020000457763672,17.09000015258789,16.639999389648438,16.90999984741211,340500,0.0,0.0
2026-02-10 00:00:00-05:00,16.889999389648438,17.450000762939453,16.889999389648438,17.149999618530273,416100,0.0,0.0
2026-02-11 00:00:00-05:00,17.15999984741211,17.15999984741211,16.760000228881836,17.030000686645508,230600,0.0,0.0
2026-02-12 00:00:00-05:00,17.06999969482422,17.100000381469727,16.600000381469727,16.729999542236328,286700,0.0,0.0
2026-02-13 00:00:00-05:00,16.719999313354492,17.219999313354492,16.610000610351562,17.030000686645508,398100,0.0,0.0
2026-02-17 00:00:00-05:00,17.06999969482422,17.905000686645508,16.94499969482422,17.729999542236328,1190800,0.0,0.0
2026-02-18 00:00:00-05:00,16.760000228881836,17.709999084472656,16.25,17.670000076293945,1091600,0.0,0.0
2026-02-19 00:00:00-05:00,17.6200008392334,18.084999084472656,17.3799991607666,17.649999618530273,687000,0.0,0.0
2026-02-20 00:00:00-05:00,17.600000381469727,18.1200008392334,17.55500030517578,17.940000534057617,367200,0.0,0.0
2026-02-23 00:00:00-05:00,18.059999465942383,18.059999465942383,17.6299991607666,17.989999771118164,386900,0.0,0.0
2026-02-24 00:00:00-05:00,18.100000381469727,18.64299964904785,18.100000381469727,18.440000534057617,507400,0.0,0.0
2026-02-25 00:00:00-05:00,18.8700008392334,18.915000915527344,18.520000457763672,18.600000381469727,407000,0.0,0.0
2026-02-26 00:00:00-05:00,18.579999923706055,18.614999771118164,17.979999542236328,18.489999771118164,396300,0.0,0.0
2026-02-27 00:00:00-05:00,18.239999771118164,18.399999618530273,18.149999618530273,18.299999237060547,294200,0.0,0.0
2026-03-02 00:00:00-05:00,17.959999084472656,18.420000076293945,17.57200050354004,18.40999984741211,756800,0.0,0.0
2026-03-03 00:00:00-05:00,17.889999389648438,18.219999313354492,17.479999542236328,17.979999542236328,434000,0.0,0.0
2026-03-04 00:00:00-05:00,18.200000762939453,18.200000762939453,17.82200050354004,18.049999237060547,353900,0.0,0.0
2026-03-05 00:00:00-05:00,17.899999618530273,17.924999237060547,17.3799991607666,17.600000381469727,390500,0.0,0.0
2026-03-06 00:00:00-05:00,17.200000762939453,17.34000015258789,16.8700008392334,17.059999465942383,357900,0.0,0.0
2026-03-09 00:00:00-04:00,16.790000915527344,17.229999542236328,16.700000762939453,17.219999313354492,435200,0.0,0.0
2026-03-10 00:00:00-04:00,17.100000381469727,17.489999771118164,16.889999389648438,17.1200008392334,206800,0.0,0.0
2026-03-11 00:00:00-04:00,17.280000686645508,17.68000030517578,17.200000762939453,17.5,296400,0.0,0.0
2026-03-12 00:00:00-04:00,17.260000228881836,17.280000686645508,16.559999465942383,16.579999923706055,571800,0.0,0.0
2026-03-13 00:00:00-04:00,16.56999969482422,16.75,16.15999984741211,16.200000762939453,424500,0.0,0.0
2026-03-16 00:00:00-04:00,16.31999969482422,16.600000381469727,16.31999969482422,16.489999771118164,476200,0.0,0.0
2026-03-17 00:00:00-04:00,16.549999237060547,16.770000457763672,16.440000534057617,16.709999084472656,528500,0.0,0.0
2026-03-18 00:00:00-04:00,16.559999465942383,16.799999237060547,15.979999542236328,16.020000457763672,409600,0.0,0.0
2026-03-19 00:00:00-04:00,15.819999694824219,16.290000915527344,15.78499984741211,16.170000076293945,623300,0.0,0.0
2026-03-20 00:00:00-04:00,16.229999542236328,16.299999237060547,15.579999923706055,15.720000267028809,388500,0.0,0.0
2026-03-23 00:00:00-04:00,16.09000015258789,16.399999618530273,15.819999694824219,15.84000015258789,424800,0.0,0.0
2026-03-24 00:00:00-04:00,15.6899995803833,15.829999923706055,15.489999771118164,15.710000038146973,490400,0.0,0.0
2026-03-25 00:00:00-04:00,15.930000305175781,16.149999618530273,15.760000228881836,16.020000457763672,392300,0.0,0.0
2026-03-26 00:00:00-04:00,15.760000228881836,16.1200008392334,15.760000228881836,15.890000343322754,265500,0.0,0.0
2026-03-27 00:00:00-04:00,15.739999771118164,15.779999732971191,15.350000381469727,15.369999885559082,316500,0.0,0.0
2026-03-30 00:00:00-04:00,15.390000343322754,15.510000228881836,15.140000343322754,15.260000228881836,576800,0.0,0.0
2026-03-31 00:00:00-04:00,15.510000228881836,16.05500030517578,15.40999984741211,15.899999618530273,772300,0.0,0.0
2026-04-01 00:00:00-04:00,16.06999969482422,16.760000228881836,15.890000343322754,16.68000030517578,753700,0.0,0.0
2026-04-02 00:00:00-04:00,16.34000015258789,16.889999389648438,16.280000686645508,16.489999771118164,350400,0.0,0.0
2026-04-06 00:00:00-04:00,16.540000915527344,16.6299991607666,16.219999313354492,16.34000015258789,314900,0.0,0.0
2026-04-07 00:00:00-04:00,16.31999969482422,16.31999969482422,15.890000343322754,15.920000076293945,383714,0.0,0.0
