Date,Open,High,Low,Close,Volume,Dividends,Stock Splits
2022-01-03 00:00:00-05:00,9.842303341880784,10.28547161736813,9.822460165146442,10.080423355102539,545500,0.0,0.0
2022-01-04 00:00:00-05:00,10.146568298339844,10.34632475597291,10.040737179477889,10.146568298339844,467200,0.0,0.0
2022-01-05 00:00:00-05:00,10.219326848397108,10.345001772855062,9.762929998931439,9.76954460144043,398200,0.0,0.0
2022-01-06 00:00:00-05:00,9.888604307339488,9.961363673440504,9.690170647396233,9.822460174560547,453500,0.0,0.0
2022-01-07 00:00:00-05:00,9.855531055564995,10.126724057670078,9.7960015305598,10.060579299926758,465500,0.0,0.0
2022-01-10 00:00:00-05:00,10.133338009313459,10.159795786199272,9.78607960883678,10.00766372680664,521200,0.0,0.0
2022-01-11 00:00:00-05:00,10.08042451917803,10.58642968455754,10.053966736875855,10.384689331054688,587700,0.0,0.0
2022-01-12 00:00:00-05:00,10.444217655098434,10.510362414578227,10.274226291886736,10.36484432220459,381000,0.0,0.0
2022-01-13 00:00:00-05:00,10.318543127540476,10.411145031680983,9.881988860637314,10.139952659606934,736700,0.0,0.0
2022-01-14 00:00:00-05:00,9.974590610541666,10.21271058490892,9.94151823417877,10.126723289489746,362100,0.0,0.0
2022-01-18 00:00:00-05:00,10.120110210334648,10.239169900025809,9.84891781881144,9.915061950683594,600400,0.0,0.0
2022-01-19 00:00:00-05:00,9.948134249059892,10.070501869747877,9.875375515366324,9.908447265625,467800,0.0,0.0
2022-01-20 00:00:00-05:00,9.855529637421226,10.047348650311609,9.531421758882836,9.564494132995605,554300,0.0,0.0
2022-01-21 00:00:00-05:00,9.425593303835225,9.551267603666266,9.09487073177083,9.108099937438965,737600,0.0,0.0
2022-01-24 00:00:00-05:00,9.008881788585734,9.207315435986063,8.633181094346845,9.18085765838623,801800,0.0,0.0
2022-01-25 00:00:00-05:00,8.982424205854635,9.392520082950425,8.836906110497035,9.299918174743652,590500,0.0,0.0
2022-01-26 00:00:00-05:00,9.418978445351101,9.504966387450347,9.008882542818471,9.088255882263184,616300,0.0,0.0
2022-01-27 00:00:00-05:00,9.233773348660206,9.471893350541984,9.161014616897127,9.346219062805176,580100,0.0,0.0
2022-01-28 00:00:00-05:00,9.35283386264149,9.55788148867184,9.19408656056256,9.465279579162598,616100,0.0,0.0
2022-01-31 00:00:00-05:00,9.45866503180898,9.716628216430795,9.22054439270798,9.650484085083008,717900,0.0,0.0
2022-02-01 00:00:00-05:00,9.590954188553921,10.060580246466966,9.538038629702019,10.034122467041016,667100,0.0,0.0
2022-02-02 00:00:00-05:00,10.219326978532475,10.318544125021138,9.868761241533601,9.934906005859375,610400,0.0,0.0
2022-02-03 00:00:00-05:00,9.796002996143729,9.84230395500926,9.624027104924243,9.690171241760254,455700,0.0,0.0
2022-02-04 00:00:00-05:00,9.71662752185555,10.024199571505985,9.590953239716107,9.928290367126465,648400,0.0,0.0
2022-02-07 00:00:00-05:00,9.915062371470327,10.404531617470393,9.881989988729083,10.311929702758789,538900,0.0,0.0
2022-02-08 00:00:00-05:00,10.345001947577599,10.417760683995708,10.020893357998391,10.093652725219727,442500,0.0,0.0
2022-02-09 00:00:00-05:00,10.10688150886324,10.325158353438974,10.060580551166339,10.292086601257324,427200,0.0,0.0
2022-02-10 00:00:00-05:00,10.113494313289982,10.715409810336297,10.113494313289982,10.477289199829102,657900,0.0,0.0
2022-02-11 00:00:00-05:00,10.523591353797825,11.006445970053788,10.464061194357347,10.755097389221191,627300,0.0,0.0
2022-02-14 00:00:00-05:00,10.75509656182671,10.907228619090386,10.530205146042883,10.662494659423828,472800,0.0,0.0
2022-02-15 00:00:00-05:00,10.583120758014829,10.834469320910905,10.516976000955975,10.82124137878418,423200,0.0,0.0
2022-02-16 00:00:00-05:00,10.841085844059076,11.003140464492638,10.722025512574259,10.87415885925293,593600,0.0,0.0
2022-02-17 00:00:00-05:00,10.953530752910012,11.307403788563352,10.953530752910012,11.092434883117676,785100,0.0,0.0
2022-02-18 00:00:00-05:00,10.999830647475882,11.198264919819994,10.695566529463749,10.774940490722656,597100,0.0,0.0
2022-02-22 00:00:00-05:00,10.854313286155715,11.138734862567645,10.851006615976976,11.039518356323242,680500,0.0,0.0
2022-02-23 00:00:00-05:00,11.07920724338966,11.112278999175043,10.867544978507334,10.9601469039917,346900,0.0,0.0
2022-02-24 00:00:00-05:00,10.913843949643399,11.674505548357875,10.728638870865092,11.648048400878906,1256900,0.0,0.0
2022-02-25 00:00:00-05:00,11.608360463653415,11.899396647447366,11.403312845383436,11.879552841186523,660700,0.0,0.0
2022-02-28 00:00:00-05:00,11.906011099120805,12.554226956176308,11.83325173868993,12.097830772399902,1137600,0.0,0.0
2022-03-01 00:00:00-05:00,12.203664664971576,12.567459026896998,11.773724267924013,11.932472229003906,1059900,0.0,0.0
2022-03-02 00:00:00-05:00,11.700965751570292,12.077989307601463,11.350399347074806,11.899398803710938,866600,0.0,0.0
2022-03-03 00:00:00-05:00,11.945697163603663,12.3293352393728,11.74726415467719,11.972155570983887,746600,0.0,0.0
2022-03-04 00:00:00-05:00,11.965539119309284,12.236731444999709,11.575286502026751,12.230116844177246,766200,0.0,0.0
2022-03-07 00:00:00-05:00,12.283037511579446,12.937868126815737,12.210278133795423,12.30949592590332,1199100,0.0,0.0
2022-03-08 00:00:00-05:00,12.421937316772915,12.435165257699381,11.634817428566436,12.117671966552734,900200,0.0,0.0
2022-03-09 00:00:00-05:00,11.985386018870791,11.985386018870791,11.29086789231796,11.60836124420166,655600,0.0,0.0
2022-03-10 00:00:00-05:00,11.575289804552982,11.972157135887521,11.489302492540292,11.892783164978027,409800,0.0,0.0
2022-03-11 00:00:00-05:00,11.806507780532613,11.876191751784326,11.341945440526771,11.368491172790527,469400,0.06,0.0
2022-03-14 00:00:00-04:00,11.229123077774474,11.335308537048375,10.744651761608486,10.811017990112305,668300,0.0,0.0
2022-03-15 00:00:00-04:00,10.61855529684782,10.957021898834496,10.475868358779993,10.817652702331543,428000,0.0,0.0
2022-03-16 00:00:00-04:00,10.943749393682287,11.521133947291531,10.840881674213417,11.010115623474121,788300,0.0,0.0
2022-03-17 00:00:00-04:00,11.049934325343257,11.24903300517505,10.937112119854387,11.182666778564453,715800,0.0,0.0
2022-03-18 00:00:00-04:00,11.182666418973787,11.229122396358218,10.857473311452326,11.136210441589355,805500,0.0,0.0
2022-03-21 00:00:00-04:00,11.28221588057454,11.816462188040513,11.28221588057454,11.647228240966797,1328800,0.0,0.0
2022-03-22 00:00:00-04:00,11.667137063516101,11.806506253828179,11.335307225229716,11.395036697387695,937200,0.0,0.0
2022-03-23 00:00:00-04:00,11.461403808018959,11.594134994139893,11.242396148380465,11.268941879272461,691200,0.0,0.0
2022-03-24 00:00:00-04:00,11.26894198707689,11.298806725760134,11.036660826855039,11.182666778564453,616800,0.0,0.0
2022-03-25 00:00:00-04:00,11.156119355486123,11.726867110375185,11.132891366934167,11.70695686340332,391000,0.0,0.0
2022-03-28 00:00:00-04:00,11.653863725567508,11.81314189822367,11.495913408994731,11.793232917785645,587300,0.0,0.0
2022-03-29 00:00:00-04:00,11.521134151591744,11.560953383840724,11.109664532250365,11.46804141998291,662900,0.0,0.0
2022-03-30 00:00:00-04:00,11.567589681491196,11.852963577423509,11.541042683808877,11.84632682800293,309200,0.0,0.0
2022-03-31 00:00:00-04:00,11.833052450298252,12.271067752880096,11.813142203515287,11.972421646118164,460500,0.0,0.0
2022-04-01 00:00:00-04:00,12.032151034446287,12.569716357815794,12.032151034446287,12.509986877441406,495500,0.0,0.0
2022-04-04 00:00:00-04:00,12.602900237731308,12.689176725988387,12.217977580308403,12.423711776733398,663300,0.0,0.0
2022-04-05 00:00:00-04:00,12.443621896790543,12.64271934080692,12.290980438655941,12.43034839630127,674300,0.0,0.0
2022-04-06 00:00:00-04:00,12.536534609369387,13.240014986903121,12.536534609369387,12.841818809509277,914200,0.0,0.0
2022-04-07 00:00:00-04:00,13.001092707467516,13.220100342390522,12.775448324112862,13.02763843536377,1212300,0.0,0.0
2022-04-08 00:00:00-04:00,13.040915109968983,13.318325692356305,13.040915109968983,13.140463829040527,518800,0.0,0.0
2022-04-11 00:00:00-04:00,13.140463194300555,13.31965163947216,12.742268337248873,13.25328540802002,960300,0.0,0.0
2022-04-12 00:00:00-04:00,13.386014896303244,13.571840049909323,13.233373483964485,13.518747329711914,969400,0.0,0.0
2022-04-13 00:00:00-04:00,13.512114108213138,13.68466581034947,13.206829938024052,13.67802906036377,933600,0.0,0.0
2022-04-14 00:00:00-04:00,13.704574324580394,13.80412303929137,13.352835448212906,13.71784782409668,689500,0.0,0.0
2022-04-18 00:00:00-04:00,13.744393911284561,13.983311845408688,13.505477242991054,13.764304161071777,560400,0.0,0.0
2022-04-19 00:00:00-04:00,13.757665217353736,14.22222751166502,13.2201012171247,14.135951042175293,2022200,0.0,0.0
2022-04-20 00:00:00-04:00,14.142588320321353,14.43459895241187,14.062949862552415,14.368232727050781,1290400,0.0,0.0
2022-04-21 00:00:00-04:00,14.434597753581102,14.481053727726437,13.956763249161485,14.169134140014648,1639400,0.0,0.0
2022-04-22 00:00:00-04:00,14.142590602955222,14.262049574719937,13.468976281519458,13.512114524841309,880600,0.0,0.0
2022-04-25 00:00:00-04:00,13.206828907973206,13.289786377578352,12.808632800702396,13.279831886291504,2578700,0.0,0.0
2022-04-26 00:00:00-04:00,13.339558705217348,13.711207740493762,13.1006408353388,13.611659049987793,1035000,0.0,0.0
2022-04-27 00:00:00-04:00,13.69129927112497,14.786338806152344,13.684663787950528,14.786338806152344,2603700,0.0,0.0
2022-04-28 00:00:00-04:00,14.89252379202456,15.249572775987023,14.534146951970545,14.826157569885254,1448500,0.0,0.0
2022-04-29 00:00:00-04:00,14.779700401874727,14.965524289878097,13.9965818286311,14.023127555847168,696300,0.0,0.0
2022-05-02 00:00:00-04:00,14.009857177734375,14.149225112166087,13.522066875562446,14.009857177734375,756500,0.0,0.0
2022-05-03 00:00:00-04:00,14.009856604640042,14.693425282218739,14.009856604640042,14.461145401000977,447400,0.0,0.0
2022-05-04 00:00:00-04:00,14.593875359852232,15.078346594187513,14.162496846186157,14.832793235778809,647000,0.0,0.0
2022-05-05 00:00:00-04:00,15.045165746795172,15.045165746795172,14.421325262040977,14.653606414794922,611300,0.0,0.0
2022-05-06 00:00:00-04:00,14.773068397284732,15.144717558459305,14.567334198434787,15.11153507232666,1025400,0.0,0.0
2022-05-09 00:00:00-04:00,14.719969771910606,14.799608213105447,13.286465172101458,13.392650604248047,655200,0.0,0.0
2022-05-10 00:00:00-04:00,13.631570514219591,14.374868651285222,13.452382095776303,14.361595153808594,640800,0.0,0.0
2022-05-11 00:00:00-04:00,14.500962257385254,14.799608312619332,14.361593085611851,14.500962257385254,465900,0.0,0.0
2022-05-12 00:00:00-04:00,14.421324914466762,14.427961663337541,13.651479767082085,14.135951042175293,641400,0.0,0.0
2022-05-13 00:00:00-04:00,14.421323605197772,14.899159353869333,14.30850141629813,14.56069278717041,712800,0.0,0.0
2022-05-16 00:00:00-04:00,14.73324705206065,15.635823457160338,14.706700054289515,15.609277725219727,866700,0.0,0.0
2022-05-17 00:00:00-04:00,15.761919164912182,15.901287105719069,15.171262388640189,15.609277725219727,566900,0.0,0.0
2022-05-18 00:00:00-04:00,15.755282965393203,16.00083764002497,15.39093388933161,15.775193214416504,562000,0.0,0.0
2022-05-19 00:00:00-04:00,15.59600769348543,15.88801840473225,15.396910229262618,15.642463684082031,523700,0.0,0.0
2022-05-20 00:00:00-04:00,15.708825166506479,15.927832817108502,15.111531689030993,15.576092720031738,781200,0.0,0.0
2022-05-23 00:00:00-04:00,15.66236838100207,16.498579712608212,15.443360741712153,16.18665885925293,539500,0.0,0.0
2022-05-24 00:00:00-04:00,15.974289644132119,16.14020457814401,15.615914044898286,15.841558456420898,484700,0.0,0.0
2022-05-25 00:00:00-04:00,15.927833286182466,16.352575102081584,15.742008108811373,16.233116149902344,585400,0.0,0.0
2022-05-26 00:00:00-04:00,16.38575832543708,16.452124548514078,15.86943116054332,16.259662628173828,404500,0.0,0.0
2022-05-27 00:00:00-04:00,16.332668342986935,16.38708766770132,15.861469219256266,16.26630210876465,341800,0.0,0.0
2022-05-31 00:00:00-04:00,16.392395765578662,16.54370934284489,15.881377471916199,16.014108657836914,639200,0.0,0.0
2022-06-01 00:00:00-04:00,16.067202302138277,16.4985821620282,15.98092708965862,16.339303970336914,735000,0.0,0.0
2022-06-02 00:00:00-04:00,16.33930057282391,16.530434616276093,15.61591147816651,15.828282356262207,424500,0.0,0.0
2022-06-03 00:00:00-04:00,15.894650627614583,16.272936461371106,15.688915205252256,16.22648048400879,341100,0.0,0.0
2022-06-06 00:00:00-04:00,16.432217589338137,16.481991317231003,16.089105324607914,16.239755630493164,306000,0.0,0.0
2022-06-07 00:00:00-04:00,16.04729284979571,16.584856889254105,16.04729284979571,16.525127410888672,375900,0.0,0.0
2022-06-08 00:00:00-04:00,16.551673194885357,16.551673194885357,15.967651952756551,16.39239501953125,400500,0.0,0.0
2022-06-09 00:00:00-04:00,16.173389055522435,16.193298038372284,15.264174619073074,15.449999809265137,451000,0.0,0.0
2022-06-10 00:00:00-04:00,15.237627990095993,15.961017253883657,15.078349794284568,15.91456127166748,410700,0.0,0.0
2022-06-13 00:00:00-04:00,15.38363236249797,15.506409055071206,14.905796558614332,15.058439254760742,369600,0.0,0.0
2022-06-14 00:00:00-04:00,15.058439312957404,15.4632708790195,14.773065432497441,14.92570686340332,371400,0.0,0.0
2022-06-15 00:00:00-04:00,14.919070085385933,15.078348265043417,14.607150475118834,14.992073059082031,497100,0.0,0.0
2022-06-16 00:00:00-04:00,14.67181608721318,14.778568627442663,14.238133733457067,14.718520164489746,506000,0.12,0.0
2022-06-17 00:00:00-04:00,14.75855391229587,15.01209088734218,13.997940441975516,14.011284828186035,781000,0.0,0.0
2022-06-21 00:00:00-04:00,14.064659591360968,14.825271707480258,13.924547368956077,14.43829345703125,684200,0.0,0.0
2022-06-22 00:00:00-04:00,14.01795520550809,14.211443690134692,13.544239737121973,13.62430477142334,615500,0.0,0.0
2022-06-23 00:00:00-04:00,13.811122013399498,13.99460284166883,12.776955146861463,13.017148971557617,687200,0.0,0.0
2022-06-24 00:00:00-04:00,13.190624655780992,13.924549380981752,13.043838947186385,13.564258575439453,941000,0.0,0.0
2022-06-27 00:00:00-04:00,13.844482742936213,14.398262001750037,13.757746784486603,14.324869155883789,618900,0.0,0.0
2022-06-28 00:00:00-04:00,14.638456032973007,14.711847607193478,14.244805573407229,14.36490249633789,501900,0.0,0.0
2022-06-29 00:00:00-04:00,14.545047491069571,14.545047491069571,13.797779682614012,14.138053894042969,514500,0.0,0.0
2022-06-30 00:00:00-04:00,13.83113909422768,14.234797222804369,13.704371246096763,14.144725799560547,357800,0.0,0.0
2022-07-01 00:00:00-04:00,14.124708462725797,14.191429115977138,13.477521053146207,14.118036270141602,410200,0.0,0.0
2022-07-05 00:00:00-04:00,13.844485073982622,13.844485073982622,13.357426386440213,13.797780990600586,429800,0.0,0.0
2022-07-06 00:00:00-04:00,13.544240213863578,13.544240213863578,11.936278732311782,12.156455993652344,753800,0.0,0.0
2022-07-07 00:00:00-04:00,12.436682073764384,12.863693496413338,12.329929536249804,12.369962692260742,530300,0.0,0.0
2022-07-08 00:00:00-04:00,12.670201160015488,12.670201160015488,12.22317452251226,12.443351745605469,278100,0.0,0.0
2022-07-11 00:00:00-04:00,12.443355484136994,12.610156499400468,12.089738146236511,12.496731758117676,283000,0.0,0.0
2022-07-12 00:00:00-04:00,12.229848990296505,12.796972631886101,12.063047994099014,12.736924171447754,296700,0.0,0.0
2022-07-13 00:00:00-04:00,12.616828469332466,13.340745524505696,12.616828469332466,13.21731185913086,214700,0.0,0.0
2022-07-14 00:00:00-04:00,12.776955878781118,13.197295096078248,12.66353115202053,13.177278518676758,328100,0.0,0.0
2022-07-15 00:00:00-04:00,13.59094763739745,13.59094763739745,13.123904273465689,13.557586669921875,342100,0.0,0.0
2022-07-18 00:00:00-04:00,13.83113539663912,14.34488266253291,13.737727265600371,14.151392936706543,380500,0.0,0.0
2022-07-19 00:00:00-04:00,14.478328537726538,14.905338726735367,14.198102783041806,14.791913986206055,398100,0.0,0.0
2022-07-20 00:00:00-04:00,14.678487001382015,15.272298113754402,14.49834162821605,15.258955001831055,385600,0.0,0.0
2022-07-21 00:00:00-04:00,15.198906967635997,15.198906967635997,14.424950460530868,15.145530700683594,317700,0.0,0.0
2022-07-22 00:00:00-04:00,14.93202600939097,15.185564259858834,14.184758189528345,14.464983940124512,397900,0.0,0.0
2022-07-25 00:00:00-04:00,14.558389583691449,15.238937899335538,14.431620480363902,14.945367813110352,371700,0.0,0.0
2022-07-26 00:00:00-04:00,15.052120368758613,15.225593544010335,14.83194312182191,15.018760681152344,519600,0.0,0.0
2022-07-27 00:00:00-04:00,15.559196156687271,15.98620628421786,15.452443624804623,15.899470329284668,500500,0.0,0.0
2022-07-28 00:00:00-04:00,16.059598004702146,16.19971148837468,15.439098161131938,15.799388885498047,329900,0.0,0.0
2022-07-29 00:00:00-04:00,15.966192663078916,16.06627301319595,15.732670997745377,15.779375076293945,405700,0.0,0.0
2022-08-01 00:00:00-04:00,15.90614319943512,16.519970920213645,15.345691746872525,16.319808959960938,432500,0.0,0.0
2022-08-02 00:00:00-04:00,16.379860074647556,17.03372105696975,16.28645190828331,16.626726150512695,443300,0.0,0.0
2022-08-03 00:00:00-04:00,16.746822801475048,16.926968209991596,16.41989295227324,16.633398056030273,488800,0.0,0.0
2022-08-04 00:00:00-04:00,16.646738679245196,16.646738679245196,16.126319152063996,16.173023223876953,520200,0.0,0.0
2022-08-05 00:00:00-04:00,15.859439462579964,16.580019735182056,15.839422884349952,16.533315658569336,213700,0.0,0.0
2022-08-08 00:00:00-04:00,16.68010008324,17.213862776867423,16.660083505007478,16.94698143005371,740100,0.0,0.0
2022-08-09 00:00:00-04:00,17.327285210720117,18.22133855843658,16.70678663887852,18.21466636657715,1127600,0.0,0.0
2022-08-10 00:00:00-04:00,18.34810656023246,18.64167662152149,17.644206268579985,17.987815856933594,701100,0.0,0.0
2022-08-11 00:00:00-04:00,18.388140702489167,19.202130344659523,18.241356290050682,18.868528366088867,876800,0.0,0.0
2022-08-12 00:00:00-04:00,18.901891839395425,19.088709442931705,18.72174642947731,19.001972198486328,719000,0.0,0.0
2022-08-15 00:00:00-04:00,18.408153777033796,19.622464544383913,18.21466405543236,19.175437927246094,936500,0.0,0.0
2022-08-16 00:00:00-04:00,19.348917612813405,19.46901454643849,19.055347472017726,19.202133178710938,752700,0.0,0.0
2022-08-17 00:00:00-04:00,19.1020481884095,20.180917343215576,19.01531223639385,20.036134719848633,777100,0.0,0.0
2022-08-18 00:00:00-04:00,20.08951182222262,20.38975284334935,19.795941720875764,19.942726135253906,689600,0.0,0.0
2022-08-19 00:00:00-04:00,19.71587712933749,20.07616788991776,19.415636101444534,19.902694702148438,386000,0.0,0.0
2022-08-22 00:00:00-04:00,19.729219496174316,20.309687460199896,19.669171042220274,20.009445190429688,489800,0.0,0.0
2022-08-23 00:00:00-04:00,20.276328282886563,20.443129275730552,19.815958458902365,19.909366607666016,469000,0.0,0.0
2022-08-24 00:00:00-04:00,19.93605367164676,20.343048492572787,19.855989909471823,20.156230926513672,383100,0.0,0.0
2022-08-25 00:00:00-04:00,20.216279659489416,20.269655925862427,19.782597336134867,19.942726135253906,384900,0.0,0.0
2022-08-26 00:00:00-04:00,19.795943926270994,20.01945666892418,19.42231002003469,19.802616119384766,413100,0.0,0.0
2022-08-29 00:00:00-04:00,19.742565264025252,20.84945689756896,19.58243646645115,20.71668243408203,791800,0.0,0.0
2022-08-30 00:00:00-04:00,20.33638035962394,20.47649388028388,19.302214529066404,19.63581657409668,519000,0.0,0.0
2022-08-31 00:00:00-04:00,19.08870416976954,19.92938124456362,19.02198352460992,19.702531814575195,423100,0.0,0.0
2022-09-01 00:00:00-04:00,19.41563764832325,19.475686113204134,19.102050937814056,19.275524139404297,496700,0.0,0.0
2022-09-02 00:00:00-04:00,19.762581525147905,20.449800778014886,19.469011431324525,20.44312858581543,478500,0.0,0.0
2022-09-06 00:00:00-04:00,20.923517424659686,21.6174101814894,20.823435808608412,21.377216339111328,614900,0.0,0.0
2022-09-07 00:00:00-04:00,20.903500744112296,20.92685278171857,20.044141942429714,20.669979095458984,527800,0.0,0.0
2022-09-08 00:00:00-04:00,20.66330825798331,21.380551823451327,20.66330825798331,21.243776321411133,292000,0.0,0.0
2022-09-09 00:00:00-04:00,21.730830383128914,21.864271669486197,21.470621274581678,21.70414161682129,506600,0.0,0.0
2022-09-12 00:00:00-04:00,21.684126886623698,21.95100946637758,21.397229004201588,21.690797805786133,632800,0.0,0.0
2022-09-13 00:00:00-04:00,21.483201868856412,22.206450437405767,21.342569280251336,21.771160125732422,714300,0.12,0.0
2022-09-14 00:00:00-04:00,22.146182892219144,22.936400697252488,21.988808639281267,22.735498428344727,973500,0.0,0.0
2022-09-15 00:00:00-04:00,22.434141231599067,22.80581153696904,22.219845161516826,22.695314407348633,485000,0.0,0.0
2022-09-16 00:00:00-04:00,22.440839980940968,22.581473872073623,21.75107456928731,22.494415283203125,1132300,0.0,0.0
2022-09-19 00:00:00-04:00,22.481022644714052,24.590503022370587,22.213151228480758,24.108335494995117,1655800,0.0,0.0
2022-09-20 00:00:00-04:00,24.054756161698688,24.3762028291937,23.731973432794632,24.074848175048828,749100,0.0,0.0
2022-09-21 00:00:00-04:00,24.37620533095668,24.550319951992932,23.56589549895711,23.572593688964844,424900,0.0,0.0
2022-09-22 00:00:00-04:00,23.81367828691075,24.242270496706176,23.36499406098605,23.445354461669922,579400,0.0,0.0
2022-09-23 00:00:00-04:00,22.762286051217707,22.762286051217707,21.79125543895913,22.554685592651367,1237400,0.0,0.0
2022-09-26 00:00:00-04:00,22.434145008024984,23.827072252647028,22.434145008024984,22.7957706451416,806800,0.0,0.0
2022-09-27 00:00:00-04:00,23.184176582976384,23.609422166776085,22.896215770916754,23.311416625976562,645000,0.0,0.0
2022-09-28 00:00:00-04:00,23.177479503027342,23.592677777579237,22.44083460118515,23.378381729125977,453500,0.0,0.0
2022-09-29 00:00:00-04:00,23.311415138863932,23.806973792229567,22.534591325671247,23.29802131652832,973500,0.0,0.0
2022-09-30 00:00:00-04:00,23.170783034697976,23.740009031281122,23.157391765959613,23.525712966918945,917700,0.0,0.0
2022-10-03 00:00:00-04:00,23.873947055055424,24.43446443917455,23.344902476556488,23.431961059570312,859700,0.0,0.0
2022-10-04 00:00:00-04:00,23.713219312769493,23.713219312769493,22.313596827719966,22.59486198425293,824700,0.0,0.0
2022-10-05 00:00:00-04:00,22.179664611816406,22.467625446941796,21.51936414785906,22.179664611816406,537600,0.0,0.0
2022-10-06 00:00:00-04:00,22.09930600438908,23.19087850110907,21.891705543475776,22.869434356689453,483500,0.0,0.0
2022-10-07 00:00:00-04:00,22.92300670053149,23.55250115296211,22.748892083343765,22.943096160888672,546700,0.0,0.0
2022-10-10 00:00:00-04:00,22.87612726533768,23.46544273716905,22.748889771653573,22.976579666137695,411600,0.0,0.0
2022-10-11 00:00:00-04:00,22.916311348001805,23.77014663365782,22.3336914443465,23.438657760620117,527600,0.0,0.0
2022-10-12 00:00:00-04:00,23.492230902506417,24.175298046405054,23.123907127861127,24.155208587646484,460100,0.0,0.0
2022-10-13 00:00:00-04:00,24.208784908024708,25.06596924613184,23.96770117427937,25.032485961914062,565700,0.0,0.0
2022-10-14 00:00:00-04:00,25.266869142391876,25.80930749257503,24.704341334479544,25.715553283691406,521000,0.0,0.0
2022-10-17 00:00:00-04:00,25.809309005737305,26.41201576444381,25.49322190890617,25.809309005737305,953400,0.0,0.0
2022-10-18 00:00:00-04:00,26.492379321494862,26.860700552762015,26.184326468341407,26.579435348510742,743800,0.0,0.0
2022-10-19 00:00:00-04:00,26.499077084994607,26.780342311838947,25.991463104194203,26.7133731842041,686800,0.0,0.0
2022-10-20 00:00:00-04:00,26.45219879449665,26.713371994109632,25.78921851080832,25.98342514038086,549300,0.0,0.0
2022-10-21 00:00:00-04:00,26.40531669479434,27.11517395429307,26.17093118933318,27.03481101989746,592300,0.0,0.0
2022-10-24 00:00:00-04:00,27.316079053812846,27.446665642676102,26.733459213919133,27.369651794433594,443200,0.0,0.0
2022-10-25 00:00:00-04:00,27.17545110301227,27.65761604678599,26.84395967056728,27.38304901123047,452200,0.0,0.0
2022-10-26 00:00:00-04:00,27.771459944801368,28.039328767736137,27.42992381070025,27.4768009185791,471400,0.0,0.0
2022-10-27 00:00:00-04:00,28.019244935451077,28.541591416492384,27.4768064365619,28.166574478149414,501800,0.0,0.0
2022-10-28 00:00:00-04:00,28.320593326191478,28.44113518788725,26.98124157811463,27.55716323852539,693900,0.0,0.0
2022-10-31 00:00:00-04:00,27.577255990660205,28.56168046053613,27.235719823530953,28.400957107543945,520500,0.0,0.0
2022-11-01 00:00:00-04:00,28.601852074816243,29.65324284961011,28.24022653894042,29.385374069213867,540400,0.0,0.0
2022-11-02 00:00:00-04:00,29.197869205834856,30.034964109151346,29.043844050177928,29.271533966064453,529800,0.0,0.0
2022-11-03 00:00:00-04:00,29.22465593725,29.726912863452814,28.856334702290102,28.956787109375,490800,0.0,0.0
2022-11-04 00:00:00-04:00,29.519313331499113,30.128718265970996,29.18447539927037,30.101930618286133,494400,0.0,0.0
2022-11-07 00:00:00-05:00,30.24926223854021,31.086357198268836,29.706826339587156,29.89433479309082,847300,0.0,0.0
2022-11-08 00:00:00-05:00,29.53270692181331,31.468072468075817,28.849639734439357,30.24925994873047,825000,0.0,0.0
2022-11-09 00:00:00-05:00,30.88545370468,32.22748537451377,30.44346768550319,30.537221908569336,894400,0.0,0.0
2022-11-10 00:00:00-05:00,30.872057715830454,31.086353797710093,29.23804945284552,29.49252700805664,991700,0.0,0.0
2022-11-11 00:00:00-05:00,29.512614206817638,30.058399099391018,27.818335140918816,28.996963500976562,1035300,0.0,0.0
2022-11-14 00:00:00-05:00,29.633151594797766,30.90553652692696,29.39206791884822,30.135408401489258,783700,0.0,0.0
2022-11-15 00:00:00-05:00,30.162205719668485,30.430074569731005,29.25144600931162,29.465742111206055,979400,0.0,0.0
2022-11-16 00:00:00-05:00,29.318410917810418,30.16889964153625,29.03045006825715,29.59967613220215,829200,0.0,0.0
2022-11-17 00:00:00-05:00,29.4992186477825,30.825176432812334,29.24541298958661,30.798391342163086,540800,0.0,0.0
2022-11-18 00:00:00-05:00,30.60419485353525,30.952426693089894,30.119350065413954,30.738130569458008,468800,0.0,0.0
2022-11-21 00:00:00-05:00,30.805090692534304,30.885451083397726,29.706822650494715,30.33631706237793,539900,0.0,0.0
2022-11-22 00:00:00-05:00,30.550609517455115,31.511595217561844,30.440114951102792,30.9591121673584,747600,0.0,0.0
2022-11-23 00:00:00-05:00,30.818480067700914,31.314038720197082,28.56836901147398,28.82954216003418,684400,0.0,0.0
2022-11-25 00:00:00-05:00,28.93669222396829,29.994781269727266,28.534887744719143,29.9612979888916,322200,0.0,0.0
2022-11-28 00:00:00-05:00,29.318410755255307,29.345198404974738,28.34068453199401,28.7157039642334,546600,0.0,0.0
2022-11-29 00:00:00-05:00,29.512618679286334,29.512618679286334,28.514802952240938,28.575071334838867,460000,0.0,0.0
2022-11-30 00:00:00-05:00,28.876421169665285,29.14429252439408,28.153172599274452,28.84963607788086,714700,0.0,0.0
2022-12-01 00:00:00-05:00,28.856334207482412,29.01705754514011,28.434437681415393,28.588462829589844,380900,0.0,0.0
2022-12-02 00:00:00-05:00,28.3540780256931,29.358591886941635,27.97905859783374,29.171083450317383,664500,0.0,0.0
2022-12-05 00:00:00-05:00,29.613070019975396,29.80057846022718,28.568374664406385,28.749187469482422,325000,0.0,0.0
2022-12-06 00:00:00-05:00,28.642042935584662,28.9567914742584,27.095090450035862,27.289297103881836,490700,0.0,0.0
2022-12-07 00:00:00-05:00,27.39946823377799,27.39946823377799,25.657303767567406,26.015377044677734,1063500,1.12,0.0
2022-12-08 00:00:00-05:00,26.518058942850345,27.58195028158732,26.42854258401377,26.938106536865234,455600,0.0,0.0
2022-12-09 00:00:00-05:00,26.85547687493959,27.29618171618777,26.374831417192954,26.414772033691406,362800,0.0,0.0
2022-12-12 00:00:00-05:00,26.821041778725508,27.902146440667725,26.821041778725508,27.502756118774414,773200,0.0,0.0
2022-12-13 00:00:00-05:00,27.537188548742236,27.59571907430744,27.006964820357812,27.213544845581055,638300,0.0,0.0
2022-12-14 00:00:00-05:00,27.227315909640968,27.392578871279543,26.118666586986492,26.580028533935547,607900,0.0,0.0
2022-12-15 00:00:00-05:00,26.676439696993565,27.258306536662825,26.480188253685874,26.938106536865234,665000,0.0,0.0
2022-12-16 00:00:00-05:00,26.511173798286453,27.020740372542477,26.11178342565229,26.62823486328125,867300,0.0,0.0
2022-12-19 00:00:00-05:00,26.648894905449392,26.83481773959718,25.726168224942512,26.380340576171875,355600,0.0,0.0
2022-12-20 00:00:00-05:00,26.50428812297765,26.986307348552156,26.366567218467317,26.800384521484375,472200,0.0,0.0
2022-12-21 00:00:00-05:00,27.013853083512902,27.0620550079059,26.201302605448284,26.380340576171875,370500,0.0,0.0
2022-12-22 00:00:00-05:00,26.442310075677668,26.442310075677668,25.547125637449433,26.056692123413086,319200,0.0,0.0
2022-12-23 00:00:00-05:00,26.08423618442713,26.325245756912288,25.62287162548898,26.111778259277344,298200,0.0,0.0
2022-12-27 00:00:00-05:00,25.98783210593871,26.42853682099909,25.712390345622325,26.37344741821289,308200,0.0,0.0
2022-12-28 00:00:00-05:00,26.125554664248156,26.132442154135,24.920501361208537,25.189058303833008,348900,0.0,0.0
2022-12-29 00:00:00-05:00,25.22348635130163,25.67796346453195,25.0926503194213,25.457611083984375,242700,0.0,0.0
2022-12-30 00:00:00-05:00,25.264800764285752,25.564343512711687,25.0237911690977,25.492040634155273,320700,0.0,0.0
2023-01-03 00:00:00-05:00,25.216598975757375,25.264800895044456,23.804965710619435,24.03220558166504,450700,0.0,0.0
2023-01-04 00:00:00-05:00,23.5915012837085,23.780867867731835,22.751408704024442,22.923559188842773,853600,0.0,0.0
2023-01-05 00:00:00-05:00,22.985529429585284,23.901368481953526,22.868465754538345,23.887596130371094,529500,0.0,0.0
2023-01-06 00:00:00-05:00,23.96334733256979,24.114840602135263,23.68790812867835,23.75676727294922,456400,0.0,0.0
2023-01-09 00:00:00-05:00,24.025319609405003,24.061128252741124,23.06471965413581,23.22654151916504,430500,0.0,0.0
2023-01-10 00:00:00-05:00,23.894485043233544,25.15462507982112,23.81185355562312,24.975589752197266,1156300,0.0,0.0
2023-01-11 00:00:00-05:00,24.996244851576787,25.65730195011989,23.8187364022705,23.839393615722656,640300,0.0,0.0
2023-01-12 00:00:00-05:00,24.20435974976922,25.657307667147723,24.20435974976922,25.306121826171875,754900,0.0,0.0
2023-01-13 00:00:00-05:00,25.478268885011346,26.18408684403539,25.38874990747679,26.14621353149414,584300,0.0,0.0
2023-01-17 00:00:00-05:00,26.37344729738073,27.303061264083954,26.37344729738073,27.26862907409668,878200,0.0,0.0
2023-01-18 00:00:00-05:00,27.344377808278924,27.475213836032435,26.242615940292772,26.339019775390625,490400,0.0,0.0
2023-01-19 00:00:00-05:00,26.270166250183358,26.662669163595524,26.09112826667125,26.414772033691406,311900,0.0,0.0
2023-01-20 00:00:00-05:00,26.786609624440853,27.119891049388126,26.41476404208403,26.85546875,497300,0.0,0.0
2023-01-23 00:00:00-05:00,26.73152748507178,26.972537116814475,25.95340654617568,25.987838745117188,730400,0.0,0.0
2023-01-24 00:00:00-05:00,25.960291053346992,26.717752060469653,25.78814058565478,26.483627319335938,431100,0.0,0.0
2023-01-25 00:00:00-05:00,26.235729882221058,26.590362047544364,25.505813589915462,26.14621353149414,706100,0.0,0.0
2023-01-26 00:00:00-05:00,26.400992180569123,26.400992180569123,25.109863851368377,25.519582748413086,309200,0.0,0.0
2023-01-27 00:00:00-05:00,25.51958416227269,26.28392996898838,25.5023680662066,26.070465087890625,299500,0.0,0.0
2023-01-30 00:00:00-05:00,25.953404788685027,26.600692258918052,25.905202865600586,25.905202865600586,332900,0.0,0.0
2023-01-31 00:00:00-05:00,25.967175637159908,26.854784447734936,25.70550882038171,26.745296478271484,417000,0.0,0.0
2023-02-01 00:00:00-05:00,26.92433150597407,27.509644659378143,26.772840883955848,27.04139518737793,703700,0.0,0.0
2023-02-02 00:00:00-05:00,26.979423373853667,27.330609196452585,25.915532043954155,26.524946212768555,681500,0.0,0.0
2023-02-03 00:00:00-05:00,26.67643520342907,27.922802795019273,26.483624910918717,27.681793212890625,643800,0.0,0.0
2023-02-06 00:00:00-05:00,28.163812180677287,29.761368005288073,27.97100190749518,28.783552169799805,1047900,0.0,0.0
2023-02-07 00:00:00-05:00,28.700930922188544,29.844010111309906,28.700930922188544,29.78203582763672,884100,0.0,0.0
2023-02-08 00:00:00-05:00,29.63054405360276,30.07744819316798,29.155409605877356,29.616771697998047,549000,0.0,0.0
2023-02-09 00:00:00-05:00,29.84400665439362,30.508507597493043,29.757931416307205,30.050586700439453,562000,0.0,0.0
2023-02-10 00:00:00-05:00,29.981728402230846,30.222738024914424,29.499706530055818,29.84400749206543,372500,0.0,0.0
2023-02-13 00:00:00-05:00,29.967952653054333,31.352041207715185,29.65808129699367,31.324499130249023,703900,0.0,0.0
2023-02-14 00:00:00-05:00,30.938886374944786,31.620600846579794,30.02304450425757,31.193668365478516,565500,0.0,0.0
2023-02-15 00:00:00-05:00,30.91822199575768,31.599936309502418,30.608350659143063,31.462215423583984,573700,0.0,0.0
2023-02-16 00:00:00-05:00,31.414017116048992,31.899482703645027,30.870023625734376,31.648141860961914,651200,0.0,0.0
2023-02-17 00:00:00-05:00,31.606823766183403,31.77208672767039,30.649665054774324,30.787385940551758,486100,0.0,0.0
2023-02-21 00:00:00-05:00,30.95265858584107,31.75832161709249,30.76673574167351,30.77362060546875,563700,0.0,0.0
2023-02-22 00:00:00-05:00,30.456863884623825,30.72748552227912,29.823351352503778,30.016159057617188,443000,0.0,0.0
2023-02-23 00:00:00-05:00,30.346683668699068,31.799634009214294,30.346683668699068,31.475990295410156,983400,0.0,0.0
2023-02-24 00:00:00-05:00,31.675685764536535,32.86696667481197,31.503535298424925,32.42626190185547,1035500,0.0,0.0
2023-02-27 00:00:00-05:00,32.908287669021654,33.72083817641537,32.62596097589726,33.48671340942383,1121900,0.0,0.0
2023-02-28 00:00:00-05:00,34.953430952788196,36.110282343831564,34.1202232922176,35.42168045043945,2173500,0.0,0.0
2023-03-01 00:00:00-05:00,35.7177789142783,35.80041303149029,34.987862599893084,35.30461883544922,742600,0.0,0.0
2023-03-02 00:00:00-05:00,35.249528092347056,36.27692246162948,34.6022432928187,36.02764892578125,808600,0.0,0.0
2023-03-03 00:00:00-05:00,36.22045113661423,36.66804332653425,35.37691504038868,36.41326141357422,563200,0.0,0.0
2023-03-06 00:00:00-05:00,36.41327395146181,36.41327395146181,34.85634375997144,35.49054718017578,641300,0.0,0.0
2023-03-07 00:00:00-05:00,35.41479834447867,35.41479834447867,34.313036279998,35.21510314941406,636300,0.0,0.0
2023-03-08 00:00:00-05:00,35.655804602282494,36.35817883699958,34.843254171539655,35.373477935791016,737500,0.0,0.0
2023-03-09 00:00:00-05:00,35.524964832504125,35.74531718511935,33.73460131080363,33.85854721069336,887100,0.0,0.0
2023-03-10 00:00:00-05:00,33.87921003905269,34.55403950683208,32.61218258631389,32.6810417175293,1083200,0.0,0.0
2023-03-13 00:00:00-04:00,31.149795032630056,32.278462621561836,30.01393694103727,31.53080940246582,1004400,2.0,0.0
2023-03-14 00:00:00-04:00,31.9046302745166,33.01172889874603,31.79679469297989,31.98370933532715,610300,0.0,0.0
2023-03-15 00:00:00-04:00,30.76877533737855,30.91830596864464,29.647298345255905,30.02831268310547,903700,0.0,0.0
2023-03-16 00:00:00-04:00,29.704813874840248,29.95642664364546,28.727113843414,29.6976261138916,895700,0.0,0.0
2023-03-17 00:00:00-04:00,30.01394035498043,30.402145271633664,28.949973457110264,29.27347755432129,950300,0.0,0.0
2023-03-20 00:00:00-04:00,29.532274469255796,30.862232119455975,29.496327444353383,30.351816177368164,698300,0.0,0.0
2023-03-21 00:00:00-04:00,31.631461405469977,32.35754601745105,31.465396957077957,32.05561065673828,601500,0.0,0.0
2023-03-22 00:00:00-04:00,31.976522249549877,32.50131646818101,30.991634619646135,31.609886169433594,589700,0.0,0.0
2023-03-23 00:00:00-04:00,31.818369762738982,32.832014096488024,30.48122407710878,30.639379501342773,701900,0.0,0.0
2023-03-24 00:00:00-04:00,30.057068767168317,30.69688632226866,29.647297911826012,30.30868148803711,669600,0.0,0.0
2023-03-27 00:00:00-04:00,30.696888010456526,31.15698143527562,30.13614674938177,30.855043411254883,687700,0.0,0.0
2023-03-28 00:00:00-04:00,30.876610492879333,31.315856373219027,30.689695835251854,30.761587142944336,459900,0.0,0.0
2023-03-29 00:00:00-04:00,30.91255661853642,31.164169354528738,29.870155905018123,29.89891242980957,505300,0.0,0.0
2023-03-30 00:00:00-04:00,30.100197070888917,30.121765831693775,29.057796549493627,29.51070213317871,524900,0.0,0.0
2023-03-31 00:00:00-04:00,29.61854343663609,30.00674829770874,29.460385291227272,29.963613510131836,924900,0.0,0.0
2023-04-03 00:00:00-04:00,29.697628820989383,29.896042304316442,27.339645370732235,28.00103187561035,1379500,0.0,0.0
2023-04-04 00:00:00-04:00,27.936330174300732,27.9650867045605,27.13116652364288,27.598447799682617,742100,0.0,0.0
2023-04-05 00:00:00-04:00,27.389968085218776,27.96436649795956,26.875956742840092,27.85725212097168,517200,0.0,0.0
2023-04-06 00:00:00-04:00,27.921946887884108,27.965081675516704,27.116783382021207,27.282129287719727,494200,0.0,0.0
2023-04-10 00:00:00-04:00,27.50498321286857,28.12323473896609,27.440282407989226,27.620006561279297,333800,0.0,0.0
2023-04-11 00:00:00-04:00,27.742227158977588,28.56895956213784,27.735039397741886,28.231077194213867,590200,0.0,0.0
2023-04-12 00:00:00-04:00,28.21669801550575,28.59771242325114,28.05135208870353,28.338909149169922,413100,0.0,0.0
2023-04-13 00:00:00-04:00,28.43236536083502,29.561033016985384,28.43236536083502,28.885271072387695,503700,0.0,0.0
2023-04-14 00:00:00-04:00,29.086557811245996,29.489140922644467,28.468306253244915,28.90683364868164,453900,0.0,0.0
2023-04-17 00:00:00-04:00,29.115315836405703,30.32306249049091,29.115315836405703,30.049880981445312,472300,0.0,0.0
2023-04-18 00:00:00-04:00,29.74074940856766,30.474024216259117,29.28784655805419,30.294300079345703,528700,0.0,0.0
2023-04-19 00:00:00-04:00,29.783894408886578,30.067858971735625,28.92840821087676,29.625736236572266,465000,0.0,0.0
2023-04-20 00:00:00-04:00,29.302228087930192,29.550248325318588,28.554577609171222,28.59770965576172,398600,0.0,0.0
2023-04-21 00:00:00-04:00,28.56176683162154,28.870892645753514,28.015406521977468,28.777435302734375,615800,0.0,0.0
2023-04-24 00:00:00-04:00,29.359741148704927,31.18573941312048,29.359741148704927,30.52435302734375,589500,0.0,0.0
2023-04-25 00:00:00-04:00,30.5818681918004,31.077905958617546,30.20804155529932,30.531545639038086,828500,0.0,0.0
2023-04-26 00:00:00-04:00,30.52435082550899,30.553107349419154,29.116751065871252,29.2950382232666,640400,0.0,0.0
2023-04-27 00:00:00-04:00,29.27347044935743,29.402872056834777,28.79180830099777,28.949966430664062,405300,0.0,0.0
2023-04-28 00:00:00-04:00,28.74867678675686,29.207330434920326,28.518627347403754,28.626462936401367,360600,0.0,0.0
2023-05-01 00:00:00-04:00,28.648029803148408,28.791809678599662,28.159179872037953,28.719921112060547,546100,0.0,0.0
2023-05-02 00:00:00-04:00,28.518629965743223,28.54738649109916,27.720656954914944,28.058536529541016,729900,0.0,0.0
2023-05-03 00:00:00-04:00,28.06572685230675,28.14480592534248,26.541663926682006,26.627933502197266,578500,0.0,0.0
2023-05-04 00:00:00-04:00,26.175028108048977,26.333186255806254,25.448943665148523,25.887468338012695,698200,0.0,0.0
2023-05-05 00:00:00-04:00,27.447477252386044,28.95715928192417,26.87236041934168,27.138351440429688,1039000,0.0,0.0
2023-05-08 00:00:00-04:00,27.418716593235928,27.576874726879268,26.311615142478477,27.073646545410156,733500,0.0,0.0
2023-05-09 00:00:00-04:00,26.620742922552463,27.591255076487062,26.153461730545292,27.282129287719727,634000,0.0,0.0
2023-05-10 00:00:00-04:00,27.39715732709961,28.4683120171273,27.149137054985587,28.195133209228516,697100,0.0,0.0
2023-05-11 00:00:00-04:00,28.065725188425464,29.42443938494762,28.065725188425464,29.122501373291016,646200,0.0,0.0
2023-05-12 00:00:00-04:00,29.783885411914618,30.430893428324815,28.051344770608207,28.14480209350586,501000,0.0,0.0
2023-05-15 00:00:00-04:00,28.403612504312733,29.02545946798017,27.778173031009764,27.85725212097168,417800,0.0,0.0
2023-05-16 00:00:00-04:00,27.756599998413932,28.213098162926673,27.296506582799275,27.33245086669922,455300,0.0,0.0
2023-05-17 00:00:00-04:00,27.36839485168457,27.69908664774919,27.26055925878943,27.36839485168457,487600,0.0,0.0
2023-05-18 00:00:00-04:00,27.188671751120545,27.325261130719646,26.46977508347088,27.274938583374023,463400,0.0,0.0
2023-05-19 00:00:00-04:00,27.548121532540822,28.274927242553968,27.425910408957556,27.907569885253906,538700,0.0,0.0
2023-05-22 00:00:00-04:00,27.907571611258998,28.417987645509786,27.433099866027913,27.64158058166504,568600,0.0,0.0
2023-05-23 00:00:00-04:00,27.57688018275813,27.6919035547899,26.922684240132416,27.052085876464844,367900,0.0,0.0
2023-05-24 00:00:00-04:00,26.95862725870499,27.60563540986326,26.63871843462489,27.138351440429688,538400,0.0,0.0
2023-05-25 00:00:00-04:00,26.92987139593766,27.09521731811939,26.397889340635306,26.613557815551758,375500,0.0,0.0
2023-05-26 00:00:00-04:00,26.886738582528206,27.253374705232726,26.857982055390064,27.181486129760742,341600,0.0,0.0
2023-05-30 00:00:00-04:00,26.82203952945096,27.159919147210854,26.520101459414505,26.721391677856445,488500,0.0,0.0
2023-05-31 00:00:00-04:00,26.160648495205518,26.261293586812137,25.36986328197657,25.916223526000977,730700,0.0,0.0
2023-06-01 00:00:00-04:00,26.318810560759264,27.35977165479642,26.318810560759264,26.577613830566406,424400,0.0,0.0
2023-06-02 00:00:00-04:00,27.12397220660764,27.382775457813796,26.88673772125085,27.18867301940918,424400,0.0,0.0
2023-06-05 00:00:00-04:00,26.67106965378764,26.76452700379769,25.887472047642472,25.930606842041016,573800,0.0,0.0
2023-06-06 00:00:00-04:00,25.585531873662788,26.354751069486362,25.182948762558464,26.124704360961914,860100,0.0,0.0
2023-06-07 00:00:00-04:00,26.41226473448887,26.728578280502138,25.851523469791655,26.311616897583008,643600,0.0,0.0
2023-06-08 00:00:00-04:00,26.311621417388842,26.620747256482705,25.77963932851123,26.038442611694336,635200,0.0,0.0
2023-06-09 00:00:00-04:00,26.304428547821427,27.073647744359302,26.261293761543133,26.476964950561523,535300,0.0,0.0
2023-06-12 00:00:00-04:00,26.383509249141408,26.512910873602657,25.923415803222852,26.06000518798828,645900,0.0,0.0
2023-06-13 00:00:00-04:00,26.353490581382754,26.8050055422596,26.165358869240382,26.797481536865234,764600,1.62,0.0
2023-06-14 00:00:00-04:00,27.030761922194692,28.437989138603907,26.902833741064033,28.257381439208984,744200,0.0,0.0
2023-06-15 00:00:00-04:00,28.38531692649301,28.814257050087424,27.963900809162343,28.565921783447266,638200,0.0,0.0
2023-06-16 00:00:00-04:00,28.82177852967616,28.82177852967616,28.00152412703893,28.332637786865234,844600,0.0,0.0
2023-06-20 00:00:00-04:00,28.264908950322983,28.55839395660771,27.467229471945938,28.550867080688477,570900,0.0,0.0
2023-06-21 00:00:00-04:00,28.550868607740448,29.11150319656448,28.550868607740448,28.754051208496094,567500,0.0,0.0
2023-06-22 00:00:00-04:00,28.498192754898007,28.498192754898007,27.775767623515364,28.437992095947266,416000,0.0,0.0
2023-06-23 00:00:00-04:00,27.963895929476966,28.475614385990156,27.88111752170837,28.189653396606445,1951400,0.0,0.0
2023-06-26 00:00:00-04:00,28.136973691293527,28.498186173566943,27.196315288291405,27.203842163085938,644800,0.0,0.0
2023-06-27 00:00:00-04:00,27.008192380236906,27.286626554178635,26.556677348403692,26.56420135498047,564900,0.0,0.0
2023-06-28 00:00:00-04:00,26.67707658956939,27.407025659662338,26.567959855181954,27.128591537475586,644000,0.0,0.0
2023-06-29 00:00:00-04:00,27.346821035148615,28.204701033992652,27.173740234562676,27.6478328704834,457100,0.0,0.0
2023-06-30 00:00:00-04:00,28.12192619284796,28.821776358462085,27.843492075874565,28.776626586914062,609700,0.0,0.0
2023-07-03 00:00:00-04:00,28.859403344247742,29.258244523965026,28.295008210756624,28.347684860229492,266900,0.0,0.0
2023-07-05 00:00:00-04:00,28.242330952635424,29.295869660712285,28.0090494730436,28.979806900024414,512400,0.0,0.0
2023-07-06 00:00:00-04:00,28.58849624232225,28.71266099064203,27.347577907300863,27.72308921813965,470300,0.0,0.0
2023-07-07 00:00:00-04:00,27.843487490423396,28.806720733642578,27.77199653636333,28.806720733642578,368800,0.0,0.0
2023-07-10 00:00:00-04:00,28.66375036395116,28.991100606063,27.87359767576857,27.986474990844727,499000,0.0,0.0
2023-07-11 00:00:00-04:00,28.21975630679377,28.633645491827668,28.076777241611023,28.550867080688477,433900,0.0,0.0
2023-07-12 00:00:00-04:00,28.633648734665282,28.859406236554864,28.242334391747562,28.317588806152344,344600,0.0,0.0
2023-07-13 00:00:00-04:00,28.407884945248203,28.633642397170807,28.091825086688907,28.204702377319336,378600,0.0,0.0
2023-07-14 00:00:00-04:00,28.09935078026329,28.09935078026329,26.835105528705306,27.023237228393555,393200,0.0,0.0
2023-07-17 00:00:00-04:00,26.947988466176007,27.90369794328817,26.947988466176007,27.843494415283203,483900,0.0,0.0
2023-07-18 00:00:00-04:00,27.700513282681896,27.723088168674167,27.196318820445853,27.54248046875,402200,0.0,0.0
2023-07-19 00:00:00-04:00,27.542479102502554,27.655359268188477,27.136116821489328,27.655359268188477,473400,0.0,0.0
2023-07-20 00:00:00-04:00,27.805868020750637,27.899933878147856,27.053341161572877,27.55000877380371,348600,0.0,0.0
2023-07-21 00:00:00-04:00,27.61773682252325,27.77576677694748,26.72222800612818,27.632787704467773,596700,0.0,0.0
2023-07-24 00:00:00-04:00,27.813390675165355,28.59601925965154,27.7005133741692,28.5884952545166,739600,0.0,0.0
2023-07-25 00:00:00-04:00,28.58850122572808,29.965624106019188,28.46809702378644,29.31092643737793,1198000,0.0,0.0
2023-07-26 00:00:00-04:00,28.979813638092423,29.642038204875693,28.836834540883764,29.20557403564453,917200,0.0,0.0
2023-07-27 00:00:00-04:00,29.25071831072447,30.183852882331184,29.100212364250847,29.642032623291016,1711900,0.0,0.0
2023-07-28 00:00:00-04:00,29.574303644221384,31.51582423036696,29.499052109996743,31.35026741027832,1930600,0.0,0.0
2023-07-31 00:00:00-04:00,31.756640121968612,32.44143958033004,31.515831710500596,32.275882720947266,659600,0.0,0.0
2023-08-01 00:00:00-04:00,32.200623274497666,32.23824904131588,31.184710346433782,31.764156341552734,595800,0.0,0.0
2023-08-02 00:00:00-04:00,31.410472448824475,31.929714949601617,30.808448663349214,31.508298873901367,616900,0.0,0.0
2023-08-03 00:00:00-04:00,31.82436459254233,33.22406514313858,31.734059293969242,32.81017303466797,773100,0.0,0.0
2023-08-04 00:00:00-04:00,33.17891451582964,33.40467203469556,32.72363603942898,33.081085205078125,500900,0.0,0.0
2023-08-07 00:00:00-04:00,33.17891331125052,33.81856006992497,32.93057804005014,33.69063186645508,473500,0.0,0.0
2023-08-08 00:00:00-04:00,33.19396032340768,33.77340635130039,32.599463413804,33.46487045288086,591400,0.0,0.0
2023-08-09 00:00:00-04:00,35.14300085629284,36.42229694390856,34.54098001231539,34.774261474609375,1191800,0.0,0.0
2023-08-10 00:00:00-04:00,34.84951787185623,35.082799347521984,34.05936241876566,34.07441329956055,550300,0.0,0.0
2023-08-11 00:00:00-04:00,33.8787551945554,34.28512033529213,33.652997739922256,34.03678512573242,558400,0.0,0.0
2023-08-14 00:00:00-04:00,33.96153599959188,34.30017364082184,33.3595151211064,34.07441329956055,365300,0.0,0.0
2023-08-15 00:00:00-04:00,33.70567423985358,34.19481491102833,33.59279407768768,33.81102752685547,348000,0.0,0.0
2023-08-16 00:00:00-04:00,33.893808514599996,34.83446703551588,33.893808514599996,34.16471862792969,553000,0.0,0.0
2023-08-17 00:00:00-04:00,34.54851202160019,35.274700640274474,34.14214678126523,34.66139221191406,380400,0.0,0.0
2023-08-18 00:00:00-04:00,34.081941220840896,35.2483572469385,33.93895928423414,35.15052795410156,518600,0.0,0.0
2023-08-21 00:00:00-04:00,35.278462357320876,35.69987558984911,34.849522248119015,35.158058166503906,332000,0.0,0.0
2023-08-22 00:00:00-04:00,35.1580586352209,35.63967540490956,35.1053819804526,35.12042999267578,371700,0.0,0.0
2023-08-23 00:00:00-04:00,34.503352988219646,34.65009548608282,33.34446388594921,34.27759552001953,480100,0.0,0.0
2023-08-24 00:00:00-04:00,34.21739907368561,34.93229733240802,34.02174047204568,34.10451889038086,302500,0.0,0.0
2023-08-25 00:00:00-04:00,34.157197172248225,34.23997559453,33.11870919658469,33.41219711303711,415600,0.0,0.0
2023-08-28 00:00:00-04:00,33.54765558224118,34.22869160967918,33.33694606677171,33.52507781982422,333500,0.0,0.0
2023-08-29 00:00:00-04:00,33.73577876562735,33.96228835125593,33.427240013160976,33.64547348022461,299200,0.0,0.0
2023-08-30 00:00:00-04:00,33.464870919185564,33.78093082753353,32.825221355535994,33.427242279052734,382700,0.0,0.0
2023-08-31 00:00:00-04:00,33.329417756714804,33.329417756714804,32.02001966142885,32.336082458496094,573500,0.0,0.0
2023-09-01 00:00:00-04:00,32.75749671344682,32.81694813288016,32.28340680908103,32.47153854370117,505700,0.0,0.0
2023-09-05 00:00:00-04:00,32.00496302143639,32.02001390150953,30.703092037058923,31.395418167114258,871800,0.0,0.0
2023-09-06 00:00:00-04:00,31.49324685136817,32.15547126900485,31.13956119147506,31.16213607788086,492600,0.0,0.0
2023-09-07 00:00:00-04:00,31.041732303075282,31.27501665806402,30.857364030151494,31.034208297729492,447500,0.0,0.0
2023-09-08 00:00:00-04:00,31.147087799991645,32.80264754712373,31.147087799991645,32.712345123291016,435900,0.0,0.0
2023-09-11 00:00:00-04:00,32.667194973974446,32.98325778755047,31.58355719313344,31.734060287475586,472000,0.0,0.0
2023-09-12 00:00:00-04:00,32.16236992856393,32.69970925500648,31.772994982768495,31.889808654785156,306500,1.42,0.0
2023-09-13 00:00:00-04:00,31.843085645418107,32.45829883173731,31.235661622350996,31.484861373901367,441900,0.0,0.0
2023-09-14 00:00:00-04:00,31.811935192305032,32.762011109495774,31.811935192305032,32.11565017700195,339500,0.0,0.0
2023-09-15 00:00:00-04:00,32.068922745393024,32.36484855418964,31.808042228634484,31.905385971069336,753000,0.0,0.0
2023-09-18 00:00:00-04:00,32.372636490838644,33.439523133617826,32.32591042250184,33.213687896728516,520300,0.0,0.0
2023-09-19 00:00:00-04:00,33.486238586156645,33.68092601979709,32.551738310543605,32.7775764465332,400900,0.0,0.0
2023-09-20 00:00:00-04:00,33.104654220281375,33.36942928334139,32.668556213378906,32.668556213378906,368500,0.0,0.0
2023-09-21 00:00:00-04:00,32.909966193124475,33.68092982453753,32.33369298803941,32.746429443359375,410300,0.0,0.0
2023-09-22 00:00:00-04:00,32.90997269882799,33.83045752381502,32.90997269882799,33.15138626098633,317800,0.0,0.0
2023-09-25 00:00:00-04:00,33.04236003471973,33.82889616327336,32.79316029276044,33.63420867919922,302700,0.0,0.0
2023-09-26 00:00:00-04:00,33.55633681534323,35.10605058534236,33.361649320004894,34.451900482177734,444100,0.0,0.0
2023-09-27 00:00:00-04:00,34.83348169967189,35.37081804624554,34.33508225287402,34.599857330322266,490400,0.0,0.0
2023-09-28 00:00:00-04:00,34.86463464173699,35.31630805532811,34.459684322592594,35.113834381103516,535300,0.0,0.0
2023-09-29 00:00:00-04:00,35.168346818563684,35.510995719273986,34.76339649734501,35.04374694824219,521300,0.0,0.0
2023-10-02 00:00:00-04:00,35.01259661093883,35.30852242011527,33.52518434345303,33.56412124633789,508100,0.0,0.0
2023-10-03 00:00:00-04:00,33.48624500206098,33.56411880215985,32.551744547399345,33.353858947753906,325500,0.0,0.0
2023-10-04 00:00:00-04:00,32.83988352188769,32.9099711352686,31.679547775653617,31.905385971069336,518600,0.0,0.0
2023-10-05 00:00:00-04:00,31.92095422008773,33.626415138425685,31.92095422008773,33.59526443481445,611100,0.0,0.0
2023-10-06 00:00:00-04:00,33.59526917850791,33.85225806354585,32.89828768293856,33.260406494140625,341700,0.0,0.0
2023-10-09 00:00:00-04:00,33.9223466886519,34.91914560930077,33.9223466886519,34.26499557495117,894900,0.0,0.0
2023-10-10 00:00:00-04:00,34.296145864646874,35.25400787275398,34.264995156083614,34.50640869140625,460700,0.0,0.0
2023-10-11 00:00:00-04:00,34.1559737230761,34.77507851538157,33.77438493554596,34.66994857788086,368200,0.0,0.0
2023-10-12 00:00:00-04:00,35.10605189831701,35.37861321370637,34.631013916613675,35.08268737792969,342900,0.0,0.0
2023-10-13 00:00:00-04:00,35.292944469266914,36.3286832398653,35.292944469266914,35.73683166503906,609200,0.0,0.0
2023-10-16 00:00:00-04:00,36.05611910878469,36.23523122598751,35.05932020584896,35.767982482910156,632900,0.0,0.0
2023-10-17 00:00:00-04:00,35.9237330427063,36.56230771103266,35.76798247149853,35.884796142578125,529500,0.0,0.0
2023-10-18 00:00:00-04:00,35.939304801410046,36.305315190832125,35.569396860461495,35.71346664428711,543000,0.0,0.0
2023-10-19 00:00:00-04:00,35.386398183723195,35.76019781935073,34.66216046135252,35.47206115722656,515000,0.0,0.0
2023-10-20 00:00:00-04:00,35.627808814133225,35.75630326380678,34.79454663799381,35.121620178222656,399300,0.0,0.0
2023-10-23 00:00:00-04:00,34.91914707792069,35.47984797971504,34.794547207599194,35.04374694824219,614900,0.0,0.0
2023-10-24 00:00:00-04:00,35.35524385926909,36.46885636607704,35.35524385926909,36.34425354003906,889700,0.0,0.0
2023-10-25 00:00:00-04:00,36.35983071908642,37.341057228543185,36.35983071908642,37.21645736694336,1303600,0.0,0.0
2023-10-26 00:00:00-04:00,37.16973480544564,37.86282178653743,36.53116008326926,37.37221145629883,985000,0.0,0.0
2023-10-27 00:00:00-04:00,37.59804369854014,38.61042093101814,37.19309339968795,38.33007049560547,807600,0.0,0.0
2023-10-30 00:00:00-04:00,38.555904595761035,38.93749333757506,36.881594164662296,37.426719665527344,636100,0.0,0.0
2023-10-31 00:00:00-04:00,37.44229468009086,38.283342983800566,37.255393406658165,37.45008087158203,789100,0.0,0.0
2023-11-01 00:00:00-04:00,37.56689112599643,38.85961565682367,37.45007746937623,38.60262680053711,563000,0.0,0.0
2023-11-02 00:00:00-04:00,38.44688327467218,39.17891011130459,37.964059149083624,38.68050765991211,490400,0.0,0.0
2023-11-03 00:00:00-04:00,38.40015718535781,38.72723070504743,37.481232100475054,38.548118591308594,484600,0.0,0.0
2023-11-06 00:00:00-05:00,38.703874015505995,38.93749841183795,37.925124047269236,38.22883605957031,551700,0.0,0.0
2023-11-07 00:00:00-05:00,38.46635300431799,38.664935067516595,36.34425767062341,37.527957916259766,1045600,0.0,0.0
2023-11-08 00:00:00-05:00,37.15415695574993,37.28654598329659,35.83028153375892,36.780357360839844,1356900,0.0,0.0
2023-11-09 00:00:00-05:00,37.185311574784535,37.70707263586865,36.764785872280804,36.795936584472656,513300,0.0,0.0
2023-11-10 00:00:00-05:00,36.990622896807466,37.294334904227895,36.795935407876904,37.06849670410156,591000,0.0,0.0
2023-11-13 00:00:00-05:00,37.13857997469949,37.457867300369514,36.79593110371299,37.27875518798828,576700,0.0,0.0
2023-11-14 00:00:00-05:00,37.30211577723708,37.64476461215322,36.468853747456606,37.36441421508789,658300,0.0,0.0
2023-11-15 00:00:00-05:00,37.35663797794119,37.94070047055092,36.538948111731195,36.55452346801758,659200,0.0,0.0
2023-11-16 00:00:00-05:00,36.375406431444304,36.50779545671419,35.690108671242164,35.884796142578125,396300,0.0,0.0
2023-11-17 00:00:00-05:00,36.14178430795518,36.99062185460444,36.14178430795518,36.281959533691406,454400,0.0,0.0
2023-11-20 00:00:00-05:00,36.46106720410223,36.7647791658326,36.23522903795071,36.34425354003906,400500,0.0,0.0
2023-11-21 00:00:00-05:00,36.063908105433704,36.063908105433704,35.29683899634051,35.721256256103516,485200,0.0,0.0
2023-11-22 00:00:00-05:00,35.07489717567452,36.54673405192896,34.84127279337457,36.359832763671875,346300,0.0,0.0
2023-11-24 00:00:00-05:00,36.53115791507174,37.200883308506036,36.53115791507174,36.74142074584961,139300,0.0,0.0
2023-11-27 00:00:00-05:00,36.609029342591235,36.869134479428936,36.05611765901931,36.313106536865234,398200,0.0,0.0
2023-11-28 00:00:00-05:00,36.35983222886672,36.449389775623615,35.363033294677734,35.363033294677734,381400,0.0,0.0
2023-11-29 00:00:00-05:00,35.33187605898849,35.526563500529065,34.7190009674066,34.85683822631836,602100,0.0,0.0
2023-11-30 00:00:00-05:00,34.6933035463957,35.7290422227649,34.06251809963063,35.54214096069336,767100,0.0,0.0
2023-12-01 00:00:00-05:00,35.57330014914911,36.655762171144666,35.5421494362597,36.41434860229492,628000,0.0,0.0
2023-12-04 00:00:00-05:00,36.32867942056082,36.60124066275021,35.542140457623304,35.86921691894531,596700,0.0,0.0
2023-12-05 00:00:00-05:00,35.86921845492395,35.900366190583156,35.18781234957681,35.35524368286133,533800,0.0,0.0
2023-12-06 00:00:00-05:00,35.42922836024662,35.822497919197716,34.677734535070414,34.72446060180664,427100,0.0,0.0
2023-12-07 00:00:00-05:00,34.926938940888654,34.97366501385639,33.976865889443715,34.45969009399414,419800,0.0,0.0
2023-12-08 00:00:00-05:00,34.81011986775134,34.98923198180331,34.45968183126054,34.6387939453125,302900,0.0,0.0
2023-12-11 00:00:00-05:00,34.40516934181706,34.97755096904221,33.9534929932847,34.81011962890625,600200,0.0,0.0
2023-12-12 00:00:00-05:00,34.41755682732467,34.86620392926536,34.03460490527592,34.145164489746094,606400,1.25,0.0
2023-12-13 00:00:00-05:00,34.12914257846381,34.78608829445846,33.71254539050106,34.60983657836914,592700,0.0,0.0
2023-12-14 00:00:00-05:00,35.058474268367185,35.178648510527836,33.92884800545724,34.28936767578125,944300,0.0,0.0
2023-12-15 00:00:00-05:00,34.417561123721285,36.16407637865846,34.12113511987488,35.755489349365234,1344700,0.0,0.0
2023-12-18 00:00:00-05:00,37.405852837403025,37.485970014720806,35.98380732178791,36.42844772338867,880100,0.0,0.0
2023-12-19 00:00:00-05:00,36.452490601100706,37.42989901936471,36.13202792280342,37.413875579833984,608400,0.0,0.0
2023-12-20 00:00:00-05:00,37.5500643332864,38.271103718115974,37.02931638305004,37.12545394897461,778700,0.0,0.0
2023-12-21 00:00:00-05:00,37.14148074899227,38.03877190990312,37.14148074899227,38.03076171875,569200,0.0,0.0
2023-12-22 00:00:00-05:00,38.33519229693145,38.89199371379679,38.2390547363061,38.65565490722656,482600,0.0,0.0
2023-12-26 00:00:00-05:00,38.271104325872535,38.38326533059203,36.748911403129725,37.341766357421875,543200,0.0,0.0
2023-12-27 00:00:00-05:00,37.18153600856483,37.51000884071696,36.756925606459404,36.9892578125,428300,0.0,0.0
2023-12-28 00:00:00-05:00,36.90913734116984,37.33374767034938,36.22815816537347,36.332305908203125,492000,0.0,0.0
2023-12-29 00:00:00-05:00,36.49253908472833,36.62873676061128,35.9798013650327,36.436458587646484,380100,0.0,0.0
2024-01-02 00:00:00-05:00,37.65421746754703,37.742344848477686,37.03332223365075,37.32574462890625,448100,0.0,0.0
2024-01-03 00:00:00-05:00,37.38983565053794,38.82390127453049,37.217590566874165,38.63162612915039,586700,0.0,0.0
2024-01-04 00:00:00-05:00,39.20845428150032,39.72119512910442,38.142921631681716,38.327186584472656,1042800,0.0,0.0
2024-01-05 00:00:00-05:00,38.679690790742214,39.544938055341234,38.239056967988915,39.12833786010742,477700,0.0,0.0
2024-01-08 00:00:00-05:00,38.415314087388545,38.79185418508814,37.66222777967272,38.783843994140625,521500,0.0,0.0
2024-01-09 00:00:00-05:00,39.08026145390732,39.36867716379201,38.174960322073055,39.2645263671875,466400,0.0,0.0
2024-01-10 00:00:00-05:00,39.42476252514585,39.49686646152093,38.567528534996605,39.24049758911133,444400,0.0,0.0
2024-01-11 00:00:00-05:00,39.1283337984303,39.49686364421214,38.37525067146421,39.488853454589844,470700,0.0,0.0
2024-01-12 00:00:00-05:00,40.7306448187648,41.62793589970656,40.56240331411787,40.946956634521484,604800,0.0,0.0
2024-01-16 00:00:00-05:00,41.379581611047044,41.64396069034879,40.299623924016664,40.56240463256836,533300,0.0,0.0
2024-01-17 00:00:00-05:00,40.24193712448644,41.587875154869145,40.217903499137485,41.40361022949219,375300,0.0,0.0
2024-01-18 00:00:00-05:00,41.65998432582759,42.10863141109193,41.128017198563796,42.0845947265625,359900,0.0,0.0
2024-01-19 00:00:00-05:00,42.389032850534626,42.62136810607092,41.53980901451826,42.04453659057617,387100,0.0,0.0
2024-01-22 00:00:00-05:00,41.98044490606432,42.701481227240485,41.68401590862798,41.79617691040039,522100,0.0,0.0
2024-01-23 00:00:00-05:00,41.64396120745942,42.00448091658236,41.31548837384924,41.38759231567383,749900,0.0,0.0
2024-01-24 00:00:00-05:00,42.12465411040945,43.0139319622977,41.79617822891647,42.68545913696289,1130400,0.0,0.0
2024-01-25 00:00:00-05:00,42.91779079272271,42.97387129067184,41.347530737831335,41.65196990966797,613000,0.0,0.0
2024-01-26 00:00:00-05:00,41.80419115824665,42.99790819845568,41.41162458648188,42.98188781738281,652500,0.0,0.0
2024-01-29 00:00:00-05:00,43.246264258241105,43.478599499707975,41.84825229865244,41.932373046875,706400,0.0,0.0
2024-01-30 00:00:00-05:00,41.868283022095966,43.510650238395534,41.868283022095966,43.47860336303711,677600,0.0,0.0
2024-01-31 00:00:00-05:00,43.50263432479611,43.506640948009874,42.85370194743741,42.973873138427734,457700,0.0,0.0
2024-02-01 00:00:00-05:00,43.44655661488497,43.95929439748805,40.45825424252277,41.99646759033203,940000,0.0,0.0
2024-02-02 00:00:00-05:00,41.932381635312716,42.052555903763164,41.407626979140204,41.451690673828125,481500,0.0,0.0
2024-02-05 00:00:00-05:00,41.48372569122735,41.57585968497041,40.29401229950437,41.08314895629883,468900,0.0,0.0
2024-02-06 00:00:00-05:00,41.08315875790043,41.60390986001125,40.53036383203036,40.762699127197266,363100,0.0,0.0
2024-02-07 00:00:00-05:00,40.61848003624555,41.804186761203276,40.442225301401216,41.55582809448242,369700,0.0,0.0
2024-02-08 00:00:00-05:00,41.13923538224187,41.772147448099965,40.874856288298126,41.099178314208984,416400,0.0,0.0
2024-02-09 00:00:00-05:00,41.01104518601256,41.30346754839101,40.6665489481017,41.20332336425781,329600,0.0,0.0
2024-02-12 00:00:00-05:00,41.38758528535129,42.28487625418209,41.38758528535129,42.148681640625,461900,0.0,0.0
2024-02-13 00:00:00-05:00,42.14869319693083,42.18474364352456,41.3635630019176,41.940391540527344,454100,0.0,0.0
2024-02-14 00:00:00-05:00,42.453127000269895,42.66943576446461,41.427648401245996,42.07658386230469,573100,0.0,0.0
2024-02-15 00:00:00-05:00,41.96442357250363,43.07802651185591,41.55583355281604,42.74955368041992,1018600,0.0,0.0
2024-02-16 00:00:00-05:00,43.09405133843455,43.406500742290504,42.41306896905981,42.42909240722656,442100,0.0,0.0
2024-02-20 00:00:00-05:00,42.07658905009253,42.07658905009253,40.762697584761455,40.96298599243164,515200,0.0,0.0
2024-02-21 00:00:00-05:00,41.07513956382245,42.12465172992931,40.64652257137324,41.14724349975586,634400,0.0,0.0
2024-02-22 00:00:00-05:00,40.83479472239917,41.39559972540484,40.12176859901362,41.363555908203125,721800,0.0,0.0
2024-02-23 00:00:00-05:00,41.0030370919468,41.387590411936586,40.241940642397836,41.2193489074707,378900,0.0,0.0
2024-02-26 00:00:00-05:00,41.0991722671627,42.028510167117894,41.03267638267167,41.83623504638672,343800,0.0,0.0
2024-02-27 00:00:00-05:00,41.836244054247516,41.936388259236686,41.341931793884854,41.451690673828125,285200,0.0,0.0
2024-02-28 00:00:00-05:00,41.395597839449586,42.381019285339974,41.395597839449586,41.86827850341797,411700,0.0,0.0
2024-02-29 00:00:00-05:00,41.40361037652454,42.55727023973894,41.40361037652454,42.405052185058594,795000,0.0,0.0
2024-03-01 00:00:00-05:00,42.5332481987353,44.02339450467811,42.5332481987353,43.25428771972656,942900,0.0,0.0
2024-03-04 00:00:00-05:00,43.510649938443876,43.81188322995667,41.555833341271274,41.563846588134766,587700,0.0,0.0
2024-03-05 00:00:00-05:00,41.85225865835623,42.98989511991072,41.85225865835623,42.29289245605469,627200,0.0,0.0
2024-03-06 00:00:00-05:00,42.637391653084876,42.81364335070576,42.092607010638865,42.437103271484375,564000,0.0,0.0
2024-03-07 00:00:00-05:00,42.40505813826179,42.78961147998698,42.10061893000333,42.485172271728516,1191200,0.0,0.0
2024-03-08 00:00:00-05:00,42.58130673153386,42.99790383260821,42.29289100297634,42.55727005004883,441700,0.0,0.0
2024-03-11 00:00:00-04:00,42.180734339109215,42.46113685056477,41.29946362738372,41.43566131591797,487600,0.0,0.0
2024-03-12 00:00:00-04:00,41.547818704674775,41.89231493514401,41.459691335555966,41.61992263793945,611100,0.0,0.0
2024-03-13 00:00:00-04:00,42.1213696653317,42.7872206699362,41.96517991494862,42.40086364746094,500100,1.32,0.0
2024-03-14 00:00:00-04:00,42.20357747555042,43.34621375832492,41.874759880349885,43.21468734741211,519000,0.0,0.0
2024-03-15 00:00:00-04:00,43.23934375407156,43.84765531076406,42.6392543612439,42.82832336425781,679100,0.0,0.0
2024-03-18 00:00:00-04:00,42.787221318710344,43.181800510786914,42.31043930422324,43.000953674316406,464300,0.0,0.0
2024-03-19 00:00:00-04:00,43.09137832577731,43.592823728253244,42.79133518222164,43.20646667480469,435500,0.0,0.0
2024-03-20 00:00:00-04:00,42.5899326909169,43.32154846191406,41.98984331542669,43.32154846191406,415400,0.0,0.0
2024-03-21 00:00:00-04:00,43.32155003605757,43.962740845472815,43.07493842750068,43.781890869140625,503900,0.0,0.0
2024-03-22 00:00:00-04:00,43.79010987306818,43.847652473051156,43.387308537350876,43.395530700683594,279800,0.0,0.0
2024-03-25 00:00:00-04:00,43.73256954943242,44.291557523365896,43.403751987411546,43.46951675415039,412500,0.0,0.0
2024-03-26 00:00:00-04:00,43.485960133064204,43.732571749065436,43.01739712191081,43.0749397277832,395700,0.0,0.0
2024-03-27 00:00:00-04:00,43.12425861075828,43.576380413058104,42.746120604168375,43.148921966552734,530000,0.0,0.0
2024-03-28 00:00:00-04:00,43.19823534426584,43.880530586028385,42.99272518265103,43.73256301879883,494200,0.0,0.0
2024-04-01 00:00:00-04:00,43.888760798514774,44.94097209068878,43.888760798514774,44.55461502075195,532700,0.0,0.0
2024-04-02 00:00:00-04:00,44.55461363697131,44.71902243022653,44.06138725720565,44.2586784362793,392100,0.0,0.0
2024-04-03 00:00:00-04:00,44.24223612801285,45.697248737509426,44.24223612801285,45.302669525146484,535600,0.0,0.0
2024-04-04 00:00:00-04:00,45.302669781654984,45.37665358038174,44.31622017724382,44.480628967285156,415900,0.0,0.0
2024-04-05 00:00:00-04:00,44.66969052399766,44.98206685936445,43.929852660191145,44.19290542602539,420300,0.0,0.0
2024-04-08 00:00:00-04:00,44.15181268200356,44.15181268200356,43.27222923570003,43.45307922363281,413700,0.0,0.0
2024-04-09 00:00:00-04:00,43.73256983200105,43.905197642050894,42.022723515783376,42.19535446166992,668900,0.0,0.0
2024-04-10 00:00:00-04:00,42.30221722783397,43.42841533937123,42.25289678862047,43.08315658569336,423300,0.0,0.0
2024-04-11 00:00:00-04:00,43.45308154970644,44.20935765638761,43.45308154970644,43.60926818847656,367500,0.0,0.0
2024-04-12 00:00:00-04:00,44.02850575806124,44.061385006363146,42.6967974229765,42.877647399902344,404900,0.0,0.0
2024-04-15 00:00:00-04:00,43.11604293880262,43.740792601109526,42.86943131251929,43.09960174560547,292000,0.0,0.0
2024-04-16 00:00:00-04:00,42.84476973911034,43.185917456525424,42.27756266145318,43.124263763427734,341500,0.0,0.0
2024-04-17 00:00:00-04:00,43.22290989529239,43.89698314917769,43.08316131854996,43.32977294921875,403800,0.0,0.0
2024-04-18 00:00:00-04:00,43.27223056617729,43.559946749992754,42.19946698811383,42.42552947998047,385700,0.0,0.0
2024-04-19 00:00:00-04:00,42.52417060572914,43.70790823990777,42.5159515774204,43.59282302856445,508200,0.0,0.0
2024-04-22 00:00:00-04:00,43.6668106769117,44.33266491875557,43.07494337555425,44.0613899230957,802000,0.0,0.0
2024-04-23 00:00:00-04:00,43.987405542431894,44.78478618922874,43.807380272839474,44.31622314453125,484800,0.0,0.0
2024-04-24 00:00:00-04:00,44.2093542329765,44.423086601939815,43.74901338136972,44.04494857788086,622500,0.0,0.0
2024-04-25 00:00:00-04:00,43.88054326254859,44.91631339653987,43.45308162660132,44.86699295043945,463000,0.0,0.0
2024-04-26 00:00:00-04:00,44.916313273267015,45.40131751889176,44.22579880722224,45.319114685058594,443300,0.0,0.0
2024-04-29 00:00:00-04:00,45.40953159506838,45.76300622625696,45.056053828043254,45.65614318847656,590900,0.0,0.0
2024-04-30 00:00:00-04:00,45.82877584303842,46.149371262000216,45.04783643468922,45.45063781738281,660900,0.0,0.0
2024-05-01 00:00:00-04:00,45.335555776161414,45.70547166340873,44.73546317435943,44.91631317138672,762000,0.0,0.0
2024-05-02 00:00:00-04:00,45.19580009929803,46.17402746377558,45.080714895928516,45.820552825927734,727200,0.0,0.0
2024-05-03 00:00:00-04:00,45.828778458783475,46.667260521684085,45.59038585410998,46.174034118652344,589200,0.0,0.0
2024-05-06 00:00:00-04:00,46.42886530762405,46.913869518636766,46.21595766267071,46.30556106567383,620700,0.0,0.0
2024-05-07 00:00:00-04:00,46.56861877441406,46.97963922913674,46.20691876732229,46.56861877441406,619100,0.0,0.0
2024-05-08 00:00:00-04:00,47.96607921617075,50.59661039184912,47.892095419060404,50.38288116455078,1679000,0.0,0.0
2024-05-09 00:00:00-04:00,50.81033932799681,51.47619032124369,49.82388981167054,50.88432312011719,1156600,0.0,0.0
2024-05-10 00:00:00-04:00,51.72279951864292,51.72279951864292,50.47330040983435,50.48973846435547,621800,0.0,0.0
2024-05-13 00:00:00-04:00,50.88432975691398,51.10217007994878,50.271085477926746,50.7034797668457,615600,0.0,0.0
2024-05-14 00:00:00-04:00,50.53084806580715,51.55017688330781,50.16914811341159,51.54195785522461,729000,0.0,0.0
2024-05-15 00:00:00-04:00,51.18025968709553,51.74746985554952,50.925429041754725,51.566619873046875,749800,0.0,0.0
2024-05-16 00:00:00-04:00,51.55840174780836,52.44620421162291,51.246846944327906,52.19959259033203,468900,0.0,0.0
2024-05-17 00:00:00-04:00,52.29001523570801,52.3393356762499,51.385768483786656,52.04340362548828,305700,0.0,0.0
2024-05-20 00:00:00-04:00,52.09272616109805,52.90654795697392,52.00230116868552,52.63527297973633,434400,0.0,0.0
2024-05-21 00:00:00-04:00,52.69280918106033,53.52307206879413,52.69280918106033,53.36688232421875,532200,0.0,0.0
2024-05-22 00:00:00-04:00,53.021631360054016,53.358671096932085,52.265355332678155,52.61061096191406,505100,0.0,0.0
2024-05-23 00:00:00-04:00,52.78323969575339,53.24358054275144,52.446203088842594,52.709259033203125,411000,0.0,0.0
2024-05-24 00:00:00-04:00,53.10383581702721,53.69570621200245,53.00930287861898,53.53951644897461,357200,0.0,0.0
2024-05-28 00:00:00-04:00,53.99164284197517,54.20537521731439,52.65993441794851,52.76680374145508,477100,0.0,0.0
2024-05-29 00:00:00-04:00,52.61061057543135,52.69281340012076,51.97763879064528,52.10916519165039,316300,0.0,0.0
2024-05-30 00:00:00-04:00,52.18315110962894,53.695706350596595,52.18315110962894,53.40799331665039,334400,0.0,0.0
2024-05-31 00:00:00-04:00,53.40798887673307,53.40798887673307,52.63526855979502,52.95586395263672,486100,0.0,0.0
2024-06-03 00:00:00-04:00,53.4901932491717,53.671043224054976,52.04340285761562,52.347557067871094,368700,0.0,0.0
2024-06-04 00:00:00-04:00,51.85433659043144,52.16670984519051,51.02407360360689,51.163822174072266,464000,0.0,0.0
2024-06-05 00:00:00-04:00,51.29534609148185,52.19958969805841,51.29534609148185,51.9118766784668,396900,0.0,0.0
2024-06-06 00:00:00-04:00,51.70636758948733,51.94475703832122,50.92542820209111,51.4022102355957,348800,0.0,0.0
2024-06-07 00:00:00-04:00,51.33644757877816,51.41043137475839,50.6377110310012,50.687034606933594,376200,0.0,0.0
2024-06-10 00:00:00-04:00,50.70347919929544,51.22465216300248,50.45686757476813,50.95831298828125,462000,0.0,0.0
2024-06-11 00:00:00-04:00,49.9554206846502,50.0951661179448,49.06761509958974,49.87321472167969,652600,0.0,0.0
2024-06-12 00:00:00-04:00,50.1948657303502,50.283743268159796,48.73049649167659,49.856285095214844,613400,1.75,0.0
2024-06-13 00:00:00-04:00,49.56002128220926,49.72931320700682,48.03640041698106,48.391910552978516,515200,0.0,0.0
2024-06-14 00:00:00-04:00,47.79093446734486,47.85018616557945,46.4154426188019,46.461997985839844,780100,0.0,0.0
2024-06-17 00:00:00-04:00,46.47893159066937,46.88523036956486,46.08956233118315,46.597434997558594,639000,0.0,0.0
2024-06-18 00:00:00-04:00,46.800577542981706,47.7951632184461,46.47046004660396,47.782466888427734,465100,0.0,0.0
2024-06-20 00:00:00-04:00,48.578138824268216,50.262588707962124,48.176073271688125,49.678531646728516,708700,0.0,0.0
2024-06-21 00:00:00-04:00,49.88168512051552,51.210621655573526,49.68700050004578,50.711212158203125,811700,0.0,0.0
2024-06-24 00:00:00-04:00,50.78738846666656,51.34604961064089,50.61809652598264,50.973609924316406,409400,0.0,0.0
2024-06-25 00:00:00-04:00,51.39684028309682,51.56612900179345,50.70274620371959,51.0497932434082,371500,0.0,0.0
2024-06-26 00:00:00-04:00,51.15136270421102,51.23600705625147,50.47419820096227,50.77892303466797,442500,0.0,0.0
2024-06-27 00:00:00-04:00,51.049791285266124,51.62538194788737,49.636207289748434,50.20333480834961,1093900,0.0,0.0
2024-06-28 00:00:00-04:00,50.60116675308425,50.68581433748568,49.484690462284576,50.05097198486328,1174000,0.0,0.0
2024-07-01 00:00:00-04:00,50.0594371248243,50.47589421555412,48.984436977376774,50.110225677490234,518200,0.0,0.0
2024-07-02 00:00:00-04:00,50.09329957891138,51.07518906130843,49.82243373748982,50.762001037597656,421400,0.0,0.0
2024-07-03 00:00:00-04:00,50.914363490861156,51.37991395412006,50.68581983166666,50.948219299316406,202900,0.0,0.0
2024-07-05 00:00:00-04:00,50.677354302199625,50.69428382119709,49.32302507215798,49.37381362915039,352500,0.0,0.0
2024-07-08 00:00:00-04:00,49.22144864216585,49.80550248699002,48.39191839905847,48.425777435302734,520900,0.0,0.0
2024-07-09 00:00:00-04:00,48.24802170957165,48.60776508529531,47.96022636319765,48.05333709716797,383400,0.0,0.0
2024-07-10 00:00:00-04:00,48.256481572364265,48.70510569380584,47.96022310167421,48.408843994140625,1291700,0.0,0.0
2024-07-11 00:00:00-04:00,48.383451114541,48.574751746874526,47.19841077919342,48.104122161865234,1360500,0.0,0.0
2024-07-12 00:00:00-04:00,48.315737374478324,48.662784401732665,46.98679773170173,47.13916015625,541500,0.0,0.0
2024-07-15 00:00:00-04:00,47.553925644320636,48.45117068195932,47.30845248841356,47.994083404541016,550400,0.0,0.0
2024-07-16 00:00:00-04:00,48.256481572364265,48.58660230552982,47.7147499522595,48.408843994140625,492500,0.0,0.0
2024-07-17 00:00:00-04:00,48.40885041999675,48.40885041999675,47.44389043997315,47.850189208984375,565400,0.0,0.0
2024-07-18 00:00:00-04:00,48.06179706708743,48.06179706708743,46.16996635048128,46.74979019165039,634700,0.0,0.0
2024-07-19 00:00:00-04:00,46.92755065891193,47.562393080737465,46.55511093387215,47.54546356201172,442600,0.0,0.0
2024-07-22 00:00:00-04:00,47.545464391937706,49.712394392024706,47.35924614065506,49.66160583496094,659900,0.0,0.0
2024-07-23 00:00:00-04:00,49.38227179755745,49.59473191175484,48.8363069735683,49.10293960571289,481000,0.0,0.0
2024-07-24 00:00:00-04:00,49.102942730867525,49.128338622908515,47.76554306948391,47.82479476928711,410500,0.0,0.0
2024-07-25 00:00:00-04:00,47.82479638829279,47.82479638829279,46.665151787061504,46.7413330078125,606300,0.0,0.0
2024-07-26 00:00:00-04:00,46.91061700353002,46.91061700353002,46.089556406074855,46.419673919677734,407400,0.0,0.0
2024-07-29 00:00:00-04:00,47.18994816235743,47.589475719184776,46.4281360484154,46.78364944458008,460000,0.0,0.0
2024-07-30 00:00:00-04:00,46.76672170500001,47.43542311609797,46.74979218749401,46.809043884277344,480900,0.0,0.0
2024-07-31 00:00:00-04:00,47.51160580447322,47.96022673088737,47.23227360042074,47.40156555175781,467300,0.0,0.0
2024-08-01 00:00:00-04:00,47.37616961332524,47.52429884963686,45.56052009945526,46.08108901977539,772100,0.0,0.0
2024-08-02 00:00:00-04:00,45.065348380166874,45.09920418832387,43.69408643708031,43.888771057128906,749700,0.0,0.0
2024-08-05 00:00:00-04:00,41.687982694463244,42.796841873742004,40.50294230089853,42.551368713378906,741100,0.0,0.0
2024-08-06 00:00:00-04:00,42.542899957432454,43.88876584845594,41.8911313293484,43.313175201416016,594700,0.0,0.0
2024-08-07 00:00:00-04:00,42.75451998177116,43.592513407836094,41.07853635861686,41.510231018066406,1363200,0.0,0.0
2024-08-08 00:00:00-04:00,41.58640674416351,42.0519571509235,40.95156439977031,41.77262496948242,746800,0.0,0.0
2024-08-09 00:00:00-04:00,41.58641208313344,42.068892068496275,41.35786842233385,41.577945709228516,638600,0.0,0.0
2024-08-12 00:00:00-04:00,41.81495341606651,42.496351173578944,41.73030582660745,42.085819244384766,520800,0.0,0.0
2024-08-13 00:00:00-04:00,41.916523841232824,41.950382874227046,41.30707416323736,41.620262145996094,607100,0.0,0.0
2024-08-14 00:00:00-04:00,42.06888972649295,42.4497958066203,41.72184268214923,42.085819244384766,498700,0.0,0.0
2024-08-15 00:00:00-04:00,42.76298177468269,43.35550195672168,42.4751864422052,42.9999885559082,627600,0.0,0.0
2024-08-16 00:00:00-04:00,43.05924185550626,43.4909364847941,42.85609410087991,42.90687942504883,440700,0.0,0.0
2024-08-19 00:00:00-04:00,42.88995360452645,43.41475901199694,42.492121205349584,42.7037353515625,469400,0.0,0.0
2024-08-20 00:00:00-04:00,42.51751338263113,42.83070141132585,42.24664753689911,42.53444290161133,597100,0.0,0.0
2024-08-21 00:00:00-04:00,42.75451445732014,43.15489123101172,42.170460661210946,42.49211502075195,504900,0.0,0.0
2024-08-22 00:00:00-04:00,42.551372085248616,42.61062378672457,42.13660694594142,42.29743576049805,767500,0.0,0.0
2024-08-23 00:00:00-04:00,42.441335357629406,43.482476635994885,42.441335357629406,43.06771469116211,546700,0.0,0.0
2024-08-26 00:00:00-04:00,43.55018330278692,44.16809609975315,43.14388461008207,43.270851135253906,466900,0.0,0.0
2024-08-27 00:00:00-04:00,43.084640408527335,43.363969395640595,42.79684504754594,43.253929138183594,354000,0.0,0.0
2024-08-28 00:00:00-04:00,43.050778534531396,43.16928192907319,42.128140811201995,42.78837585449219,523800,0.0,0.0
2024-08-29 00:00:00-04:00,43.03384784816334,43.07193684009935,42.39477229755443,42.94920349121094,429600,0.0,0.0
2024-08-30 00:00:00-04:00,43.330106564674765,44.54900597693161,43.25392535140871,43.87184143066406,808900,0.0,0.0
2024-09-03 00:00:00-04:00,43.169280429462226,43.287783819887466,42.1366024917991,42.19585418701172,713700,0.0,0.0
2024-09-04 00:00:00-04:00,42.009637985666004,42.53867331058985,41.60333924360153,42.17046356201172,617100,0.0,0.0
2024-09-05 00:00:00-04:00,42.21278534880595,42.602157798342404,41.91652686119974,42.01810073852539,471300,0.0,0.0
2024-09-06 00:00:00-04:00,42.06888990022299,42.76298399177681,41.840346251202774,42.204322814941406,595900,0.0,0.0
2024-09-09 00:00:00-04:00,41.85727503001106,42.280503284654294,41.645660902689436,41.8149528503418,707900,0.0,0.0
2024-09-10 00:00:00-04:00,41.924985286256955,41.96731069027232,40.122035443531686,40.82459259033203,1083500,0.0,0.0
2024-09-11 00:00:00-04:00,41.59338986186177,42.065149330825264,41.130368530817876,41.64580535888672,832100,1.5,0.0
2024-09-12 00:00:00-04:00,42.50196216349321,43.87355652183294,42.45827813991226,42.921302795410156,646100,0.0,0.0
2024-09-13 00:00:00-04:00,43.235810069254576,43.94781501239493,42.991192195699384,43.0872917175293,476400,0.0,0.0
2024-09-16 00:00:00-04:00,43.47168721815901,44.214272324281104,43.3668528891926,44.18806457519531,568600,0.0,0.0
2024-09-17 00:00:00-04:00,44.43267637297904,44.563718442928696,44.11380100411779,44.51130294799805,461100,0.0,0.0
2024-09-18 00:00:00-04:00,44.72097192250059,45.04421636252895,44.19679697359343,44.23174285888672,454100,0.0,0.0
2024-09-19 00:00:00-04:00,45.01800743842089,45.31504081239441,44.550617031262,45.25388717651367,530400,0.0,0.0
2024-09-20 00:00:00-04:00,44.20552848958341,44.58992653396315,43.560792617220784,43.89102554321289,983700,0.0,0.0
2024-09-23 00:00:00-04:00,43.99586375837891,44.502565771852396,43.75998402822599,44.301631927490234,404100,0.0,0.0
2024-09-24 00:00:00-04:00,44.87823285462303,45.20584308764637,44.38900370618729,45.17526626586914,570300,0.0,0.0
2024-09-25 00:00:00-04:00,44.60740443788788,44.81707309212722,43.97839180992352,44.214271545410156,569200,0.0,0.0
2024-09-26 00:00:00-04:00,44.77338847371691,45.647015565886996,44.72096964844247,45.43734359741211,761900,0.0,0.0
2024-09-27 00:00:00-04:00,45.40240772082628,45.50724205416329,44.99180186070657,45.2713623046875,412800,0.0,0.0
2024-09-30 00:00:00-04:00,45.253888634011844,45.253888634011844,43.93471301843926,45.044219970703125,657200,0.0,0.0
2024-10-01 00:00:00-04:00,44.45015016878463,45.62954548408696,44.16185161063961,44.89569854736328,624700,0.0,0.0
2024-10-02 00:00:00-04:00,45.830481941851346,46.31971437177761,45.73438241698875,46.29350662231445,618900,0.0,0.0
2024-10-03 00:00:00-04:00,46.546857592140114,47.726256348266,46.34592372982757,47.437957763671875,724700,0.0,0.0
2024-10-04 00:00:00-04:00,47.831089643674474,47.909716225708735,46.5905406078265,46.73905563354492,490000,0.0,0.0
2024-10-07 00:00:00-04:00,46.931256930576254,47.43358993316471,46.74779267530533,47.28944396972656,550900,0.0,0.0
2024-10-08 00:00:00-04:00,46.730317566919084,46.730317566919084,45.90648647397965,46.398338317871094,469700,0.0,0.0
2024-10-09 00:00:00-04:00,45.90910725959609,46.005206781814344,45.149052552469406,45.28009796142578,536800,0.0,0.0
2024-10-10 00:00:00-04:00,45.41987913424986,45.75185506739817,45.29756852808531,45.44608688354492,298800,0.0,0.0
2024-10-11 00:00:00-04:00,45.34998540052276,45.804271920213885,44.95073715154798,45.36745834350586,405100,0.0,0.0
2024-10-14 00:00:00-04:00,45.14031485165033,45.22767956934176,44.25795286501785,44.28416061401367,504300,0.0,0.0
2024-10-15 00:00:00-04:00,43.60273078894373,43.69009217062551,42.370916644541374,42.388389587402344,890800,0.0,0.0
2024-10-16 00:00:00-04:00,42.68541977958546,43.471682154177316,42.598055071771135,42.83393478393555,480500,0.0,0.0
2024-10-17 00:00:00-04:00,43.08728933978617,43.35811494703212,42.37965017205364,42.877620697021484,369100,0.0,0.0
2024-10-18 00:00:00-04:00,43.296961417214085,44.03080833386595,42.92130148770045,43.663883209228516,810300,0.0,0.0
2024-10-21 00:00:00-04:00,43.995861002536856,43.995861002536856,42.69415516566486,43.24454116821289,947500,0.0,0.0
2024-10-22 00:00:00-04:00,43.034872833453335,43.20435671734948,41.8904233761424,41.92536926269531,474000,0.0,0.0
2024-10-23 00:00:00-04:00,40.300421709965214,40.46640967015148,39.07734235637482,39.383113861083984,1352700,0.0,0.0
2024-10-24 00:00:00-04:00,39.56657066477087,39.66267017536176,39.03365762067434,39.32195281982422,675800,0.0,0.0
2024-10-25 00:00:00-04:00,39.48794792699013,39.940484818699396,39.37437546412423,39.69761657714844,473600,0.0,0.0
2024-10-28 00:00:00-04:00,38.94629843851655,39.38311199660154,38.57937331676122,39.08607864379883,576900,0.0,0.0
2024-10-29 00:00:00-04:00,38.920087668124665,39.0423949321407,38.16876780902848,38.43085861206055,419200,0.0,0.0
2024-10-30 00:00:00-04:00,38.32602326241605,38.352234343869185,37.618387383022366,37.85426712036133,782300,0.0,0.0
2024-10-31 00:00:00-04:00,37.609648581093374,38.465802798197544,37.56596788960683,38.03772735595703,648500,0.0,0.0
2024-11-01 00:00:00-04:00,38.247395226238694,38.387175435711946,37.80184684998741,38.063934326171875,539500,0.0,0.0
2024-11-04 00:00:00-05:00,37.880474834621786,38.395915001086934,37.68390672070711,37.731956481933594,518700,0.0,0.0
2024-11-05 00:00:00-05:00,37.95036635196247,38.15130021855071,37.56597156361412,37.88047790527344,682000,0.0,0.0
2024-11-06 00:00:00-05:00,38.343499255240275,39.27828014091229,37.88047788176445,39.164710998535156,888200,0.0,0.0
2024-11-07 00:00:00-05:00,39.31322410676493,40.274212696325414,38.27360893568597,38.33476257324219,794400,0.0,0.0
2024-11-08 00:00:00-05:00,37.99404745293512,38.40028422417429,37.181573910456784,37.635860443115234,732100,0.0,0.0
2024-11-11 00:00:00-05:00,37.60964517731174,37.718848562456444,36.7360180961541,37.16409683227539,668500,0.0,0.0
2024-11-12 00:00:00-05:00,36.96316284683459,36.99810539713942,36.255523714352414,36.63118362426758,748400,0.0,0.0
2024-11-13 00:00:00-05:00,36.998111752026105,37.52229008810652,36.80329325354506,37.12042236328125,733000,0.0,0.0
2024-11-14 00:00:00-05:00,37.2951455390651,37.985311855963346,37.0942116745169,37.25146484375,594600,0.0,0.0
2024-11-15 00:00:00-05:00,37.5135472635193,37.557231285536716,36.010910886088276,36.01964569091797,409400,0.0,0.0
2024-11-18 00:00:00-05:00,36.42151405207627,36.770966239064755,36.246791291205064,36.58750534057617,422700,0.0,0.0
2024-11-19 00:00:00-05:00,36.43899490643299,36.919489268401264,36.307952807327325,36.68361282348633,371300,0.0,0.0
2024-11-20 00:00:00-05:00,36.82338756436975,37.076736917865105,36.34638586332473,36.57876968383789,519800,0.0,0.0
2024-11-21 00:00:00-05:00,36.342884150196035,36.473929541477986,35.69640199584935,36.12447738647461,530500,0.0,0.0
2024-11-22 00:00:00-05:00,35.81871112625523,36.37783193744541,35.81871112625523,36.16816329956055,487300,0.0,0.0
2024-11-25 00:00:00-05:00,35.87986931001015,36.03275340549933,35.37316726029984,35.64398956298828,710600,0.0,0.0
2024-11-26 00:00:00-05:00,35.5391550014942,36.06332999196824,34.473328743890555,34.54322052001953,735600,0.0,0.0
2024-11-27 00:00:00-05:00,33.99283131474438,35.15475699114219,33.785782112608025,34.61310577392578,873700,0.0,0.0
2024-11-29 00:00:00-05:00,34.54321634313629,34.822776748601775,33.84431532947257,34.07145690917969,429900,0.0,0.0
2024-12-02 00:00:00-05:00,33.85305043139489,33.94041180913641,33.30266442027908,33.416236877441406,588300,0.0,0.0
2024-12-03 00:00:00-05:00,33.85305674840231,34.770364716350436,33.37256241591744,34.69173812866211,873200,0.0,0.0
2024-12-04 00:00:00-05:00,34.814042549172356,34.87519618649613,33.232779451767165,33.32014083862305,979700,0.0,0.0
2024-12-05 00:00:00-05:00,33.60843765819475,33.625910601177765,32.61686897280332,32.8046989440918,853900,0.0,0.0
2024-12-06 00:00:00-05:00,32.761012107288714,32.865846412897746,32.018430499239166,32.376617431640625,1005500,0.0,0.0
2024-12-09 00:00:00-05:00,32.88332574441637,33.39876590173313,32.41156627854209,32.74354553222656,556400,0.0,0.0
2024-12-10 00:00:00-05:00,32.717337897140446,33.110470786729884,32.48145816338678,32.52513885498047,600300,0.0,0.0
2024-12-11 00:00:00-05:00,32.69113029795564,32.708603242978754,31.537942587418225,31.56415367126465,572800,0.0,0.0
2024-12-12 00:00:00-05:00,31.450577003480472,31.59035721241324,30.873983225054918,31.389423370361328,628400,0.0,0.0
2024-12-13 00:00:00-05:00,31.362312387290096,31.710278881901893,31.018862475367836,31.606342315673828,764800,1.2,0.0
2024-12-16 00:00:00-05:00,31.181548517610924,31.181548517610924,30.368115438042317,30.684452056884766,760100,0.0,0.0
2024-12-17 00:00:00-05:00,30.142160291732946,30.404266872857903,29.581797232044188,30.078893661499023,759400,0.0,0.0
2024-12-18 00:00:00-05:00,30.223503761506255,30.925766808754336,30.04274392999539,30.16927719116211,782600,0.0,0.0
2024-12-19 00:00:00-05:00,30.27773488299832,30.508208158678155,29.32873194189176,29.3377685546875,546100,0.0,0.0
2024-12-20 00:00:00-05:00,29.11181354077469,29.94332322615859,29.02143362721615,29.401033401489258,1074300,0.0,0.0
2024-12-23 00:00:00-05:00,29.410077430835504,30.55792041636545,29.40103736959594,30.530803680419922,772400,0.0,0.0
2024-12-24 00:00:00-05:00,32.90783129957702,33.88395099769638,32.47400147189274,33.3687744140625,2092500,0.0,0.0
2024-12-26 00:00:00-05:00,33.17897448952855,33.296471145213054,32.627648006439316,32.75418472290039,1584000,0.0,0.0
2024-12-27 00:00:00-05:00,32.84456193589845,33.11570512469823,32.148625567722945,32.34746551513672,7364100,0.0,0.0
2024-12-30 00:00:00-05:00,32.311312180376675,32.4920754555557,31.380385967697844,31.769025802612305,858800,0.0,0.0
2024-12-31 00:00:00-05:00,31.696719743538246,32.58245601697326,31.624416500692924,32.483036041259766,628600,0.0,0.0
2025-01-02 00:00:00-05:00,33.07051830323621,33.80260808539962,32.43784850420558,32.763221740722656,732400,0.0,0.0
2025-01-03 00:00:00-05:00,32.77225805415189,32.8084114018283,31.796141801299814,31.99498176574707,719400,0.0,0.0
2025-01-06 00:00:00-05:00,32.25708340252834,33.215126384335974,31.877483613066886,32.0040168762207,972600,0.0,0.0
2025-01-07 00:00:00-05:00,32.93494404934475,34.778723372768205,32.93494404934475,34.69738006591797,1024000,0.0,0.0
2025-01-08 00:00:00-05:00,34.353925236791525,34.905251632155846,33.3326191890165,34.49853515625,976100,0.0,0.0
2025-01-10 00:00:00-05:00,36.69480526722497,37.64381164560708,36.42366206530417,36.75807189941406,1713200,0.0,0.0
2025-01-13 00:00:00-05:00,37.648327170357106,38.33974352255065,36.6948042363023,37.408817291259766,1511300,0.0,0.0
2025-01-14 00:00:00-05:00,37.04729801161982,37.24613453585358,36.42366480769752,37.228057861328125,898500,0.0,0.0
2025-01-15 00:00:00-05:00,37.37266508232234,37.616694998947146,36.90449200304061,37.60765838623047,648700,0.0,0.0
2025-01-16 00:00:00-05:00,37.01114072983706,37.20997723294284,35.52888805398221,35.58311462402344,1219200,0.0,0.0
2025-01-17 00:00:00-05:00,34.82391304787012,35.500869466986764,34.44431325085494,34.751609802246094,888900,0.0,0.0
2025-01-21 00:00:00-05:00,34.53469481382194,34.76064806978431,33.23320530067704,33.37781524658203,1637300,0.0,0.0
2025-01-22 00:00:00-05:00,33.215129148443694,33.71222562981816,32.70899260593575,32.83552932739258,1150600,0.0,0.0
2025-01-23 00:00:00-05:00,33.08859547182785,33.58569194714899,32.87167882831646,33.44108200073242,1112700,0.0,0.0
2025-01-24 00:00:00-05:00,33.57665084658667,33.59924410057955,31.98593820082026,32.33842468261719,977800,0.0,0.0
2025-01-27 00:00:00-05:00,32.537266059223334,33.15637916849287,32.18477956189206,32.483036041259766,872100,0.0,0.0
2025-01-28 00:00:00-05:00,32.91686959630742,33.20609294399724,32.31764317204814,32.844566345214844,610500,0.0,0.0
2025-01-29 00:00:00-05:00,32.98013557085752,34.19124504371341,32.98013557085752,33.874908447265625,938100,0.0,0.0
2025-01-30 00:00:00-05:00,34.39912717169732,35.42043347283875,34.073753910253814,35.23967361450195,896200,0.0,0.0
2025-01-31 00:00:00-05:00,35.33908013974581,35.93559646737057,34.53468727574282,35.20351028442383,864400,0.0,0.0
2025-02-03 00:00:00-05:00,34.8826620914358,35.53792510451239,34.57988213129092,35.22159194946289,603900,0.0,0.0
2025-02-04 00:00:00-05:00,34.98659899765306,37.02921822638488,34.61151579024896,36.993064880371094,1327800,0.0,0.0
2025-02-05 00:00:00-05:00,36.52308281074877,36.875569325424756,35.89041302779993,36.767112731933594,1087500,0.0,0.0
2025-02-06 00:00:00-05:00,36.91171771370696,36.91171771370696,35.53792173887705,35.836181640625,740300,0.0,0.0
2025-02-07 00:00:00-05:00,35.82714678109848,36.36943664995514,35.456583588877606,35.55600357055664,507300,0.0,0.0
2025-02-10 00:00:00-05:00,35.610227120272484,36.17511014281632,35.004670727263864,35.75483703613281,476400,0.0,0.0
2025-02-11 00:00:00-05:00,35.93560117689926,36.4236609946745,35.60119135261895,36.00790786743164,772700,0.0,0.0
2025-02-12 00:00:00-05:00,36.270013735619976,37.440449821468185,36.270013735619976,36.42366027832031,754300,0.0,0.0
2025-02-13 00:00:00-05:00,36.36039638814243,36.55923635040101,35.15832689720376,35.24870681762695,576000,0.0,0.0
2025-02-14 00:00:00-05:00,36.13444137172122,36.17963132972226,34.16864889260739,34.55276870727539,719200,0.0,0.0
2025-02-18 00:00:00-05:00,34.67930177605136,35.33908481296346,34.57988180033795,34.85102844238281,681500,0.0,0.0
2025-02-19 00:00:00-05:00,34.977566771629085,35.60119655359948,34.182210298443124,34.68834686279297,607900,0.0,0.0
2025-02-20 00:00:00-05:00,34.453349122945696,34.55276910034264,33.58568950747337,33.76645278930664,856200,0.0,0.0
2025-02-21 00:00:00-05:00,34.1641316630979,34.31326163972184,33.12474875277893,33.197052001953125,681700,0.0,0.0
2025-02-24 00:00:00-05:00,33.44108213427124,34.13701858160912,32.65024573244726,33.929141998291016,947800,0.0,0.0
2025-02-25 00:00:00-05:00,34.01952085755427,34.14153754362706,32.645724680219466,32.75418472290039,738300,0.0,0.0
2025-02-26 00:00:00-05:00,32.871679462580865,33.48627260865323,32.54630621492219,32.96206283569336,626500,0.0,0.0
2025-02-27 00:00:00-05:00,33.66703431871203,33.93817752971081,30.106012332642504,30.50368881225586,1721000,0.0,0.0
2025-02-28 00:00:00-05:00,30.630221349730448,31.570187676677477,30.0337049206627,30.124088287353516,1116400,0.0,0.0
2025-03-03 00:00:00-05:00,30.575990195209954,31.038739861779778,28.795477787626307,29.7806339263916,1479100,0.0,0.0
2025-03-04 00:00:00-05:00,29.238346274230512,31.624415253970547,28.650869951095927,31.064048767089844,1694100,0.0,0.0
2025-03-05 00:00:00-05:00,31.226735984292464,31.434612544075943,30.033703194716942,30.404266357421875,1181100,0.0,0.0
2025-03-06 00:00:00-05:00,30.738674949764743,31.47076463371781,30.711561666283263,31.326154708862305,849400,0.0,0.0
2025-03-07 00:00:00-05:00,31.3171226604042,32.53726886368308,31.3171226604042,31.73287582397461,650100,0.0,0.0
2025-03-10 00:00:00-04:00,31.561146009334795,31.660565983746736,29.780636873333325,30.313886642456055,1021700,0.0,0.0
2025-03-11 00:00:00-04:00,30.747717162286694,30.91040377011145,29.102777858967773,29.69025421142578,793100,0.0,0.0
2025-03-12 00:00:00-04:00,29.437190085740358,30.241583130098824,29.42815347246836,29.970439910888672,634100,0.0,0.0
2025-03-13 00:00:00-04:00,30.024667327103614,30.693486979903653,29.74448407117383,29.807750701904297,746800,0.0,0.0
2025-03-14 00:00:00-04:00,29.94626499439721,31.045124503587797,29.595367289283203,30.980485916137695,769000,0.7,0.0
2025-03-17 00:00:00-04:00,31.52529669964668,32.66109345426488,31.469894213714127,31.913131713867188,779300,0.0,0.0
2025-03-18 00:00:00-04:00,32.26402581734847,32.26402581734847,31.580702659940215,31.691511154174805,550400,0.0,0.0
2025-03-19 00:00:00-04:00,32.079344525421924,32.89840866277777,31.894661362793904,32.53181457519531,649500,0.0,0.0
2025-03-20 00:00:00-04:00,32.125514806909,32.75804997886062,31.848491821032948,32.56875228881836,476800,0.0,0.0
2025-03-21 00:00:00-04:00,32.26402760305053,32.39330829644106,31.192869372728527,31.21133804321289,2272000,0.0,0.0
2025-03-24 00:00:00-04:00,31.137464459228507,31.839256270294165,31.137464459228507,31.700746536254883,464200,0.0,0.0
2025-03-25 00:00:00-04:00,31.977771285131013,32.24555819467962,30.989720333329206,31.22057342529297,516300,0.0,0.0
2025-03-26 00:00:00-04:00,31.294442491164187,32.0424077272439,31.294442491164187,31.663808822631836,652100,0.0,0.0
2025-03-27 00:00:00-04:00,31.146697108929693,31.38678628458191,30.186347451397737,30.352561950683594,854200,0.0,0.0
2025-03-28 00:00:00-04:00,30.130946091388793,30.6849920946641,29.844686993591356,30.601884841918945,491500,0.0,0.0
2025-03-31 00:00:00-04:00,30.130946642847206,30.888144505033075,29.63230311725008,30.657291412353516,658100,0.0,0.0
2025-04-01 00:00:00-04:00,30.712692822763405,31.266742339281354,30.583415659004107,30.768098831176758,482800,0.0,0.0
2025-04-02 00:00:00-04:00,30.472607489637717,30.634203946059902,30.02013388911704,30.583415985107422,632000,0.0,0.0
2025-04-03 00:00:00-04:00,29.613835275131624,30.472609085713934,28.57961437732127,28.662721633911133,1219100,0.0,0.0
2025-04-04 00:00:00-04:00,26.74202204370259,26.74202204370259,25.11681778267913,26.557340621948242,1697300,0.0,0.0
2025-04-07 00:00:00-04:00,26.557340500732973,29.512259086739718,26.363422983316234,29.226001739501953,1523800,0.0,0.0
2025-04-08 00:00:00-04:00,29.623068939253283,29.87238716601163,26.862064550408057,27.342239379882812,995700,0.0,0.0
2025-04-09 00:00:00-04:00,27.259132587522995,29.928716580644522,26.80666075413408,29.142892837524414,1193800,0.0,0.0
2025-04-10 00:00:00-04:00,28.431868348836762,28.78276428226741,27.48075295256705,28.302589416503906,892600,0.0,0.0
2025-04-11 00:00:00-04:00,28.921275520910044,30.998953380300357,28.921275520910044,30.694229125976562,924600,0.0,0.0
2025-04-14 00:00:00-04:00,30.89737790709178,30.89737790709178,29.799441329743658,29.946264266967773,1080500,0.0,0.0
2025-04-15 00:00:00-04:00,29.927794163108413,30.01090141562245,28.944359515871845,28.95821189880371,699800,0.0,0.0
2025-04-16 00:00:00-04:00,29.105958314490852,29.710792289407927,28.635017794610267,29.493791580200195,689300,0.0,0.0
2025-04-17 00:00:00-04:00,29.57689441690327,30.934311605615683,29.57689441690327,30.78656578063965,581400,0.0,0.0
2025-04-21 00:00:00-04:00,30.52801358309783,30.52801358309783,29.94626281582999,30.02013397216797,497100,0.0,0.0
2025-04-22 00:00:00-04:00,30.3617998518232,30.3617998518232,29.281405542224466,29.290639877319336,534700,0.0,0.0
2025-04-23 00:00:00-04:00,29.5491960228037,30.16788062371259,29.078255499837944,29.853923797607422,717800,0.0,0.0
2025-04-24 00:00:00-04:00,30.35256094167839,30.823503181512343,29.609213767510514,30.68498992919922,577200,0.0,0.0
2025-04-25 00:00:00-04:00,30.481842394902657,31.56223675662706,30.3802699877665,31.34061622619629,654600,0.0,0.0
2025-04-28 00:00:00-04:00,31.109761930987528,31.589936793096527,30.733935232618798,31.192869186401367,701800,0.0,0.0
2025-04-29 00:00:00-04:00,31.100529732343805,32.088580712775816,31.100529732343805,32.05164337158203,809700,0.0,0.0
2025-04-30 00:00:00-04:00,31.40525117940021,31.95006458435047,30.93431245022415,31.359081268310547,711800,0.0,0.0
2025-05-01 00:00:00-04:00,31.571465677353743,31.92698139007485,30.943545023426715,31.359081268310547,598100,0.0,0.0
2025-05-02 00:00:00-04:00,31.85772539577621,32.33328218228091,31.40525180400622,32.236324310302734,530500,0.0,0.0
2025-05-05 00:00:00-04:00,33.14126508953671,34.1496303929668,32.8550095464556,33.630672454833984,1164400,0.0,0.0
2025-05-06 00:00:00-04:00,33.759958080814386,34.37864268825919,33.24284587683852,33.74148941040039,1260400,0.0,0.0
2025-05-07 00:00:00-04:00,33.593741996080254,33.72301916038414,33.0858659123699,33.55680465698242,582400,0.0,0.0
2025-05-08 00:00:00-04:00,34.572556765836936,34.66490011342509,33.01199117825164,33.79689025878906,852200,0.0,0.0
2025-05-09 00:00:00-04:00,33.93540051182546,35.03425983171367,33.93540051182546,34.79417419433594,715000,0.0,0.0
2025-05-12 00:00:00-04:00,35.643718133638394,35.883807336340205,34.81264906611537,35.08967208862305,766100,0.0,0.0
2025-05-13 00:00:00-04:00,35.10813563781076,35.971527395827884,34.89575123412203,35.74528884887695,675000,0.0,0.0
2025-05-14 00:00:00-04:00,35.73605767277426,36.01308066569499,35.348222664654465,35.449798583984375,575900,0.0,0.0
2025-05-15 00:00:00-04:00,34.87728418090858,35.41286150141939,34.73877092217832,35.36669158935547,507300,0.0,0.0
2025-05-16 00:00:00-04:00,35.70835852993985,36.340897340107674,35.49597408450968,36.23470687866211,680300,0.0,0.0
2025-05-19 00:00:00-04:00,35.98537949050056,36.391679646042,35.302052818981544,35.80992889404297,648700,0.0,0.0
2025-05-20 00:00:00-04:00,35.55137603217767,35.76376045330163,35.052732509953444,35.27435302734375,531700,0.0,0.0
2025-05-21 00:00:00-04:00,35.08967122683569,35.50520751166123,34.6002637816738,34.61873245239258,457700,0.0,0.0
2025-05-22 00:00:00-04:00,34.36940322793651,34.57716956402241,33.409053694060084,33.612205505371094,505300,0.0,0.0
2025-05-23 00:00:00-04:00,33.2428470082661,34.577177668878115,33.2428470082661,34.48945236206055,587400,0.0,0.0
2025-05-27 00:00:00-04:00,35.01579347715767,35.27435132203638,34.484834211285836,34.96962356567383,580500,0.0,0.0
2025-05-28 00:00:00-04:00,34.92345808497888,34.92345808497888,33.4829334151679,33.51987075805664,469900,0.0,0.0
2025-05-29 00:00:00-04:00,34.0462142329922,34.19396007622649,33.28901634609911,33.93540573120117,438600,0.0,0.0
2025-05-30 00:00:00-04:00,34.28630373016449,34.65566658021626,33.944638602629645,34.21242904663086,809900,0.0,0.0
2025-06-02 00:00:00-04:00,34.230894734274685,34.591024978768615,33.870764489780754,34.32323455810547,382100,0.0,0.0
2025-06-03 00:00:00-04:00,34.21242915502971,34.56332685784865,32.87348045332008,34.33247375488281,561200,0.0,0.0
2025-06-04 00:00:00-04:00,34.35094285442296,35.135842005284516,34.35094285442296,35.08967208862305,509900,0.0,0.0
2025-06-05 00:00:00-04:00,35.089667569289276,35.19124348638547,34.33246976143926,34.77570724487305,424400,0.0,0.0
2025-06-06 00:00:00-04:00,35.17277910048088,35.34453457089197,34.04621482465499,34.48945236206055,637100,0.0,0.0
2025-06-09 00:00:00-04:00,34.489449633919506,34.609494224931275,33.72301922024099,33.916934967041016,585300,0.0,0.0
2025-06-10 00:00:00-04:00,34.23089490733237,34.48021665998213,33.935403242533795,34.20319366455078,492800,0.0,0.0
2025-06-11 00:00:00-04:00,34.304771510398126,35.145076639813084,33.972342488205186,35.02503204345703,797400,0.0,0.0
2025-06-12 00:00:00-04:00,35.400331773705624,36.08525693414435,34.93589693063772,35.841312408447266,474100,0.6,0.0
2025-06-13 00:00:00-04:00,36.864011648540384,37.47856705875004,35.785017791121426,37.44572830200195,1142300,0.0,0.0
2025-06-16 00:00:00-04:00,36.976599351113876,37.62399348639481,35.756869558379606,36.451175689697266,795600,0.0,0.0
2025-06-17 00:00:00-04:00,36.90154058632891,38.449657918437524,36.90154058632891,37.96176528930664,850800,0.0,0.0
2025-06-18 00:00:00-04:00,37.891396038638625,38.62792547642007,37.50859099891972,38.43089294433594,852400,0.0,0.0
2025-06-20 00:00:00-04:00,38.54348598612055,38.54817468033914,36.95783402620245,37.68029022216797,1571000,0.0,0.0
2025-06-23 00:00:00-04:00,37.989918548318755,38.56225067034893,36.469943990663104,36.676361083984375,816500,0.0,0.0
2025-06-24 00:00:00-04:00,35.70995606057859,36.21661060728636,34.99688086584722,35.10947036743164,640500,0.0,0.0
2025-06-25 00:00:00-04:00,34.98750072820778,36.22599601246683,34.97811618167907,36.12278747558594,606000,0.0,0.0
2025-06-26 00:00:00-04:00,36.0383441731748,36.10402168174324,35.4847740444152,35.78501510620117,458600,0.0,0.0
2025-06-27 00:00:00-04:00,35.53168360089619,35.67242315483088,34.433927965165466,34.734169006347656,956400,0.0,0.0
2025-06-30 00:00:00-04:00,34.67787394050359,34.903056520523656,33.80529725905382,34.22751235961914,632000,0.0,0.0
2025-07-01 00:00:00-04:00,34.22751780646485,35.20330317657535,33.97418870581176,34.74355697631836,609500,0.0,0.0
2025-07-02 00:00:00-04:00,35.18453597222932,36.37611935332089,34.91244136837995,36.34797286987305,580600,0.0,0.0
2025-07-03 00:00:00-04:00,36.3479687360382,37.0047438028336,35.96328466299131,36.90153884887695,341800,0.0,0.0
2025-07-07 00:00:00-04:00,36.67635675173205,38.23479631641702,36.67635675173205,37.84917449951172,957400,0.0,0.0
2025-07-08 00:00:00-04:00,37.84917365971265,37.98052867188454,37.04227449447883,37.24869155883789,692800,0.0,0.0
2025-07-09 00:00:00-04:00,37.03289520416788,37.03289520416788,35.39095031937014,35.9163703918457,691300,0.0,0.0
2025-07-10 00:00:00-04:00,35.87884682451507,37.61649136525695,35.87884682451507,37.351905822753906,624000,0.0,0.0
2025-07-11 00:00:00-04:00,37.08918778088244,37.9054715206827,37.014129305233496,37.56769943237305,596300,0.0,0.0
2025-07-14 00:00:00-04:00,37.36128268690271,37.36128268690271,36.20723042787606,36.80771255493164,548900,0.0,0.0
2025-07-15 00:00:00-04:00,36.788950608370776,36.788950608370776,35.925758361816406,35.925758361816406,589000,0.0,0.0
2025-07-16 00:00:00-04:00,35.85069580097998,36.343280738177306,35.58798574335799,36.000816345214844,407100,0.0,0.0
2025-07-17 00:00:00-04:00,35.71934322729797,37.13610931635318,35.60675370617213,36.84524917602539,583800,0.0,0.0
2025-07-18 00:00:00-04:00,37.15486493178435,37.2214837574871,36.44179331377905,36.47932434082031,378300,0.0,0.0
2025-07-21 00:00:00-04:00,36.42302879989161,36.56376836558108,35.88822417692094,36.047725677490234,335400,0.0,0.0
2025-07-22 00:00:00-04:00,36.22599654509996,36.61068063784925,36.0101985007924,36.385498046875,332100,0.0,0.0
2025-07-23 00:00:00-04:00,36.86401239659895,38.299540333797125,36.78895033441954,38.04621124267578,668200,0.0,0.0
2025-07-24 00:00:00-04:00,38.04620946715346,38.36521605821649,37.79288038785436,38.21509552001953,449400,0.0,0.0
2025-07-25 00:00:00-04:00,37.80695488113289,38.046210727142665,37.164252983421946,37.78350067138672,397500,0.0,0.0
2025-07-28 00:00:00-04:00,37.91485619705299,38.49657286207403,37.91485619705299,38.45904541015625,373900,0.0,0.0
2025-07-29 00:00:00-04:00,38.24324063220022,38.843726342628756,37.858556543156396,38.58101272583008,489500,0.0,0.0
2025-07-30 00:00:00-04:00,38.40274721985808,39.48174105253572,38.14003717189732,38.48719024658203,558600,0.0,0.0
2025-07-31 00:00:00-04:00,37.727200659118225,38.32768277661978,37.28622361735312,37.436344146728516,514200,0.0,0.0
2025-08-01 00:00:00-04:00,37.708438873291016,37.9899180254573,36.64821409564744,37.708438873291016,669500,0.0,0.0
2025-08-04 00:00:00-04:00,37.98991467869861,39.17211341285689,37.98991467869861,39.068904876708984,496600,0.0,0.0
2025-08-05 00:00:00-04:00,39.594331001961706,40.79529532502626,39.059526353149764,40.598262786865234,1020500,0.0,0.0
2025-08-06 00:00:00-04:00,40.43875432060866,42.538569811931985,40.227648558668605,41.001708984375,1117700,0.0,0.0
2025-08-07 00:00:00-04:00,41.26442102227513,41.48021906785391,39.81950863449801,40.41999435424805,680200,0.0,0.0
2025-08-08 00:00:00-04:00,40.785912929166315,41.59281214765825,39.32223502730961,40.21357727050781,1343700,0.0,0.0
2025-08-11 00:00:00-04:00,40.03530390765026,40.41060700910998,38.65607270497039,39.303466796875,691100,0.0,0.0
2025-08-12 00:00:00-04:00,39.425444927955866,40.298021687005274,39.322236385399655,39.64124298095703,558000,0.0,0.0
2025-08-13 00:00:00-04:00,39.32223713568433,39.79136428050479,39.143970109148746,39.697540283203125,424700,0.0,0.0
2025-08-14 00:00:00-04:00,39.41605702759906,39.667510611328304,38.66545438989671,38.946929931640625,449400,0.0,0.0
2025-08-15 00:00:00-04:00,38.98446185432941,39.21902540769981,38.70298630611609,39.068904876708984,384300,0.0,0.0
2025-08-18 00:00:00-04:00,38.824959445381005,40.513816274204075,38.702985398325715,40.0446891784668,513600,0.0,0.0
2025-08-19 00:00:00-04:00,40.19481037162891,40.335549934343256,38.8624875365086,38.93754959106445,370600,0.0,0.0
2025-08-20 00:00:00-04:00,39.30346770949227,40.110366890957735,39.181493661812304,39.631858825683594,338400,0.0,0.0
2025-08-21 00:00:00-04:00,39.7913602944627,41.808608246778185,39.74914057365307,41.75231170654297,542900,0.0,0.0
2025-08-22 00:00:00-04:00,41.930581915868345,42.63427261632199,41.71009516955056,41.96811294555664,686600,0.0,0.0
2025-08-25 00:00:00-04:00,41.71478588282609,41.90243746119364,41.21844998134901,41.59281539916992,292600,0.0,0.0
2025-08-26 00:00:00-04:00,41.13306480721478,41.59281094603474,40.8891202868642,41.395774841308594,452700,0.0,0.0
2025-08-27 00:00:00-04:00,41.28318737469969,42.26366135685395,41.27380640694315,41.97749710083008,304800,0.0,0.0
2025-08-28 00:00:00-04:00,42.26835454406961,42.59674568914293,41.74293443860196,42.43724060058594,443100,0.0,0.0
2025-08-29 00:00:00-04:00,42.51230026015715,42.709332788580824,41.7335475347362,42.61550521850586,715100,0.0,0.0
2025-09-02 00:00:00-04:00,42.63427135406268,42.812541950226105,42.047862454379604,42.39970779418945,513000,0.0,0.0
2025-09-03 00:00:00-04:00,42.662421693831746,43.563144910632914,42.59674418297057,43.15031433105469,521900,0.0,0.0
2025-09-04 00:00:00-04:00,42.662419448816316,43.516230624237565,42.14637677755425,43.18783950805664,406100,0.0,0.0
2025-09-05 00:00:00-04:00,42.981428321141095,44.21992364020245,42.981428321141095,43.900917053222656,577100,0.0,0.0
2025-09-08 00:00:00-04:00,44.445100803467724,45.03620195630788,43.82585316973473,44.75472640991211,874400,0.0,0.0
2025-09-09 00:00:00-04:00,44.61398924043974,44.61398924043974,43.62882298562773,44.37004470825195,517000,0.0,0.0
2025-09-10 00:00:00-04:00,44.43680654217496,44.43680654217496,43.78823298753337,44.07436752319336,386600,0.77,0.0
2025-09-11 00:00:00-04:00,44.24605090374183,44.78017139511499,43.6451658057468,44.73248291015625,461600,0.0,0.0
2025-09-12 00:00:00-04:00,45.2856765648572,45.781644820352135,44.88508891911027,44.932777404785156,622300,0.0,0.0
2025-09-15 00:00:00-04:00,46.03916508079366,47.52229984507266,46.01531901975586,46.84988021850586,562000,0.0,0.0
2025-09-16 00:00:00-04:00,47.01202294173634,47.01202294173634,45.96285816435042,46.182228088378906,468800,0.0,0.0
2025-09-17 00:00:00-04:00,46.25853362504396,46.992947894461686,46.07826919743002,46.7640380859375,563800,0.0,0.0
2025-09-18 00:00:00-04:00,46.52559516228879,46.89471066153509,45.89609769455001,46.56374740600586,412100,0.0,0.0
2025-09-19 00:00:00-04:00,46.16315838692289,46.17269462836895,44.93277585168839,45.40966796875,1273400,0.0,0.0
2025-09-22 00:00:00-04:00,45.44781934753373,45.714877763725035,45.01384578282482,45.01861572265625,467000,0.0,0.0
2025-09-23 00:00:00-04:00,45.45735299276281,46.50651411508157,45.38105215180765,46.105926513671875,550700,0.0,0.0
2025-09-24 00:00:00-04:00,45.953323774518964,46.07731674123322,45.247521854450916,45.3333625793457,298700,0.0,0.0
2025-09-25 00:00:00-04:00,45.32382656174625,45.40012740736367,44.589412275888556,45.209373474121094,459900,0.0,0.0
2025-09-26 00:00:00-04:00,45.00907702234131,45.50504526426219,44.76109472057993,45.03769302368164,404500,0.0,0.0
2025-09-29 00:00:00-04:00,44.97092913055014,44.97092913055014,43.45536527813941,44.360504150390625,595700,0.0,0.0
2025-09-30 00:00:00-04:00,44.093443867324254,44.71340506305889,43.64516412153465,43.95037841796875,450500,0.0,0.0
2025-10-01 00:00:00-04:00,43.6356269355164,44.52264652822824,43.5402499713444,43.99806594848633,400700,0.0,0.0
2025-10-02 00:00:00-04:00,43.826387403293936,43.97422279906571,42.97751999542031,43.9217643737793,379300,0.0,0.0
2025-10-03 00:00:00-04:00,44.45588032836948,44.9613847694351,44.226970528824054,44.9136962890625,343800,0.0,0.0
2025-10-06 00:00:00-04:00,44.48449285937772,44.72293890055225,43.83591933631115,43.91222381591797,596500,0.0,0.0
2025-10-07 00:00:00-04:00,43.37810836458291,43.45441285296868,41.73283194654613,42.300331115722656,658000,0.0,0.0
2025-10-08 00:00:00-04:00,42.615079291885806,42.65323153394719,41.4419251364837,42.0714225769043,504600,0.0,0.0
2025-10-09 00:00:00-04:00,42.54831124287038,42.97751483531853,41.985578452415645,42.6436882019043,454700,0.0,0.0
2025-10-10 00:00:00-04:00,41.97604091903603,42.53877374093549,41.16532580675283,41.4896125793457,511900,0.0,0.0
2025-10-13 00:00:00-04:00,41.96650409431147,42.414783825060766,41.57354620391379,41.91881561279297,343300,0.0,0.0
2025-10-14 00:00:00-04:00,40.84104212846658,41.68990954616848,40.30692162772912,41.28932189941406,343400,0.0,0.0
2025-10-15 00:00:00-04:00,41.96650577803475,42.43386164782165,41.60406675483663,41.94742965698242,431600,0.0,0.0
2025-10-16 00:00:00-04:00,42.4529306454387,43.95037509873508,42.204948368911865,42.6436882019043,1029400,0.0,0.0
2025-10-17 00:00:00-04:00,43.130125059630195,44.29373937349639,42.66276917503933,43.9789924621582,493200,0.0,0.0
2025-10-20 00:00:00-04:00,44.18882751464844,45.130212134908646,43.89315307751775,44.18882751464844,337300,0.0,0.0
2025-10-21 00:00:00-04:00,43.816846493964306,44.04575631150965,43.082432195603886,43.149200439453125,334700,0.0,0.0
2025-10-22 00:00:00-04:00,43.673779366619115,44.40819363681326,42.76768364944982,44.37957763671875,350800,0.0,0.0
2025-10-23 00:00:00-04:00,45.41920286635911,47.28862267511187,45.24752141822469,47.14555358886719,653500,0.0,0.0
2025-10-24 00:00:00-04:00,46.73542755232445,47.49845421325421,45.66719022702279,46.03916549682617,475200,0.0,0.0
2025-10-27 00:00:00-04:00,45.800720281261526,46.47790622790652,45.62903882459122,46.43021774291992,277300,0.0,0.0
2025-10-28 00:00:00-04:00,46.45882797554914,47.441228185529795,46.14408107835388,47.33631134033203,439800,0.0,0.0
2025-10-29 00:00:00-04:00,47.736897310549224,48.80513456957636,47.57475574696026,48.37593460083008,520200,0.0,0.0
2025-10-30 00:00:00-04:00,48.919594564306,48.919594564306,47.37446147518057,47.92765808105469,424200,0.0,0.0
2025-10-31 00:00:00-04:00,48.356861244460525,48.919594086345576,47.45076549723571,48.86236572265625,406200,0.0,0.0
2025-11-03 00:00:00-05:00,48.766987525829286,48.786063646578285,47.79412719801833,48.08979797363281,457000,0.0,0.0
2025-11-04 00:00:00-05:00,46.84034488027625,47.49845469987078,46.49698196974062,46.926185607910156,495800,0.0,0.0
2025-11-05 00:00:00-05:00,47.1455565072634,48.061188528394254,46.54467140159706,47.8227424621582,412100,0.0,0.0
2025-11-06 00:00:00-05:00,49.59677738564084,51.40896878393688,48.94343391217983,49.949676513671875,1238500,0.0,0.0
2025-11-07 00:00:00-05:00,49.83522461739789,50.98930263005896,49.520474083909605,50.84623718261719,594800,0.0,0.0
2025-11-10 00:00:00-05:00,50.88438524795646,51.86678544098769,50.59825071769801,51.15144729614258,545800,0.0,0.0
2025-11-11 00:00:00-05:00,51.380352857568724,51.58065030093987,50.49810321703602,50.70316696166992,442400,0.0,0.0
2025-11-12 00:00:00-05:00,50.9606883230828,51.49957506750037,50.76993076204365,51.06560516357422,617400,0.0,0.0
2025-11-13 00:00:00-05:00,51.60926473992737,52.0909267899056,50.8748504537263,51.11329650878906,477900,0.0,0.0
2025-11-14 00:00:00-05:00,50.66501644737509,51.48527145385742,49.81614907874971,51.48527145385742,423900,0.0,0.0
2025-11-17 00:00:00-05:00,51.103760769151165,51.74279445656149,50.84623859054761,51.122833251953125,411200,0.0,0.0
2025-11-18 00:00:00-05:00,50.63640276255217,52.41044193704187,50.26442751081684,52.15291976928711,461600,0.0,0.0
2025-11-19 00:00:00-05:00,51.056066474498,51.73325601389186,50.55628521855565,51.27543640136719,415900,0.0,0.0
2025-11-20 00:00:00-05:00,51.56157691009484,52.62981423156357,50.5219519513089,50.56010055541992,447800,0.0,0.0
2025-11-21 00:00:00-05:00,51.06560685945474,52.23876098696865,50.2739642282912,51.971702575683594,395800,0.0,0.0
2025-11-24 00:00:00-05:00,51.72371976850922,52.08615880455639,50.211972595899404,51.96216583251953,668200,0.0,0.0
2025-11-25 00:00:00-05:00,51.31358954932028,52.00031534185002,51.00837889450661,51.351741790771484,465900,0.0,0.0
2025-11-26 00:00:00-05:00,51.09422194791616,51.685567163776824,50.626869703225665,50.63640594482422,807500,0.0,0.0
2025-11-28 00:00:00-05:00,50.54102588849661,51.21821179097835,49.959216949767985,50.521949768066406,319300,0.0,0.0
2025-12-01 00:00:00-05:00,50.72224560002787,50.769934083808344,49.0054347151441,49.1103515625,446600,0.0,0.0
2025-12-02 00:00:00-05:00,48.871904557485294,49.334486843423505,48.16610264066751,49.15803909301758,523000,0.0,0.0
2025-12-03 00:00:00-05:00,49.79707119032889,50.76039525012975,49.66449524745472,49.949676513671875,501900,0.0,0.0
2025-12-04 00:00:00-05:00,49.787537950161884,49.80661407152923,48.70976074249461,49.24388122558594,501800,0.0,0.0
2025-12-05 00:00:00-05:00,49.186650582365495,49.89245248666071,48.67160624450666,48.76698684692383,519500,0.0,0.0
2025-12-08 00:00:00-05:00,49.25342010364141,49.73985212855249,48.65253498279761,49.22480773925781,715400,0.0,0.0
2025-12-09 00:00:00-05:00,49.13750762371165,49.13750762371165,47.96387281484781,48.031768798828125,387600,0.86,0.0
2025-12-10 00:00:00-05:00,48.12876332382198,48.22576023220536,46.84940314766697,47.8377799987793,475200,0.0,0.0
2025-12-11 00:00:00-05:00,47.808682472945904,48.400350660142344,46.8717141742245,47.440101623535156,648300,0.0,0.0
2025-12-12 00:00:00-05:00,47.023023510171306,47.385784170018276,46.586546681476996,47.090919494628906,391700,0.0,0.0
2025-12-15 00:00:00-05:00,46.809633753178936,47.44979853164993,46.57684857921874,47.36250686645508,445300,0.0,0.0
2025-12-16 00:00:00-05:00,47.05212025191324,47.11516916544736,46.42165701694728,46.6059455871582,556100,0.0,0.0
2025-12-17 00:00:00-05:00,47.53709351849466,47.81837899317331,46.86783152361949,47.634090423583984,708500,0.0,0.0
2025-12-18 00:00:00-05:00,47.17821621138442,47.37705710017123,46.27616530626919,46.67384338378906,404400,0.0,0.0
2025-12-19 00:00:00-05:00,46.489553145177844,47.24611050950943,46.1597710658442,46.91632843017578,1302700,0.0,0.0
2025-12-22 00:00:00-05:00,47.21701524209197,47.86687788705792,46.896930990055296,47.29460906982422,442600,0.0,0.0
2025-12-23 00:00:00-05:00,47.24611002206141,47.24611002206141,46.18886781099252,46.43135452270508,441400,0.0,0.0
2025-12-24 00:00:00-05:00,46.324659590535866,46.86783115459856,46.19856916499293,46.56714630126953,214200,0.0,0.0
2025-12-26 00:00:00-05:00,46.74173890549154,47.294608332155455,46.392561136062,47.08122253417969,204800,0.0,0.0
2025-12-29 00:00:00-05:00,46.99392616660098,47.88627550290677,46.68354346701169,47.672889709472656,288900,0.0,0.0
2025-12-30 00:00:00-05:00,47.84748112254826,47.963873711539975,46.80963456218873,46.90663146972656,280600,0.0,0.0
2025-12-31 00:00:00-05:00,47.54679570460448,47.54679570460448,46.605946062758264,47.090919494628906,301800,0.0,0.0
2026-01-02 00:00:00-05:00,46.75143937765647,46.75143937765647,44.70485091167626,45.57780456542969,494500,0.0,0.0
2026-01-05 00:00:00-05:00,46.00457951355702,46.993925747188236,45.38381411991867,45.40321350097656,675400,0.0,0.0
2026-01-06 00:00:00-05:00,46.54775145409513,47.44010078955065,45.64570057800652,47.003623962402344,727500,0.0,0.0
2026-01-07 00:00:00-05:00,48.739830176532145,52.63901703466116,48.23545736054965,52.48382568359375,1107500,0.0,0.0
2026-01-08 00:00:00-05:00,52.512923970828545,52.95909865169088,51.55267862288804,52.871803283691406,671600,0.0,0.0
2026-01-09 00:00:00-05:00,53.017293684296305,53.02699152459187,51.69816540088771,52.77480697631836,489300,0.0,0.0
2026-01-12 00:00:00-05:00,53.26948172124051,53.58956597275972,52.18799300486108,52.823307037353516,671400,0.0,0.0
2026-01-13 00:00:00-05:00,53.42952290729748,55.201615528484666,53.42952290729748,54.171531677246094,676300,0.0,0.0
2026-01-14 00:00:00-05:00,54.99598772706872,55.631301736641035,54.06483962905734,54.76319885253906,557900,0.0,0.0
2026-01-15 00:00:00-05:00,55.345168359411254,55.37426558077129,52.63901577132087,54.103633880615234,447200,0.0,0.0
2026-01-16 00:00:00-05:00,54.61770887689783,55.37426624171756,53.919345955492766,54.6759033203125,448300,0.0,0.0
2026-01-20 00:00:00-05:00,54.31702256944444,55.005683931865626,53.812649773007465,54.55950927734375,427900,0.0,0.0
2026-01-21 00:00:00-05:00,55.46156172971035,56.49940457351133,55.01538706229291,56.32481384277344,610400,0.0,0.0
2026-01-22 00:00:00-05:00,56.20842319192338,56.31511794216684,54.15213681468468,54.608009338378906,497500,0.0,0.0
2026-01-23 00:00:00-05:00,56.67399377184581,57.20746379020773,55.34516764609624,55.539154052734375,515500,0.0,0.0
2026-01-26 00:00:00-05:00,56.23751750686145,57.120168985890864,55.122080857567994,55.35486602783203,578300,0.0,0.0
2026-01-27 00:00:00-05:00,55.18997965623502,56.36361450799748,55.18997965623502,55.72344970703125,472200,0.0,0.0
2026-01-28 00:00:00-05:00,55.98533546972472,58.19681318680616,55.95623454709477,57.86703109741211,532500,0.0,0.0
2026-01-29 00:00:00-05:00,58.642985518366096,58.769079644570134,56.45575804104866,57.53724670410156,631800,0.0,0.0
2026-01-30 00:00:00-05:00,56.867984104259385,58.613887671307175,56.83888318310533,57.857330322265625,758700,0.0,0.0
2026-02-02 00:00:00-05:00,56.80008857852877,59.00186836081349,56.44120558181928,58.565391540527344,412700,0.0,0.0
2026-02-03 00:00:00-05:00,58.92427113307573,59.36074795555368,57.226864145703175,59.1861572265625,409100,0.0,0.0
2026-02-04 00:00:00-05:00,59.2152536108858,59.2152536108858,56.964977246872394,57.18806457519531,576700,0.0,0.0
2026-02-05 00:00:00-05:00,56.606099440564776,58.18711386114365,56.25691797834577,56.85828399658203,436800,0.0,0.0
2026-02-06 00:00:00-05:00,56.877683190836564,59.40924508354818,56.877683190836564,59.22495651245117,323300,0.0,0.0
2026-02-09 00:00:00-05:00,59.147358464552546,59.70992941353603,58.769079785089524,59.1861572265625,367200,0.0,0.0
2026-02-10 00:00:00-05:00,58.681785392829525,59.205557588480886,58.448996516966595,58.81757736206055,468200,0.0,0.0
2026-02-11 00:00:00-05:00,59.99121027220735,61.06785185120013,59.20555570379367,60.98055648803711,506500,0.0,0.0
2026-02-12 00:00:00-05:00,61.29094073473169,61.67892095864775,59.836020445126906,60.2046012878418,464000,0.0,0.0
2026-02-13 00:00:00-05:00,60.2336989510602,62.02810287475586,60.097906981710466,62.02810287475586,343800,0.0,0.0
2026-02-17 00:00:00-05:00,61.387937177592576,62.736162710445996,60.907810821606716,62.48397445678711,306200,0.0,0.0
2026-02-18 00:00:00-05:00,63.1338384991806,64.67605787744782,62.96894930656742,63.40542984008789,672300,0.0,0.0
2026-02-19 00:00:00-05:00,64.01648941764374,65.42290933117043,63.451979664186986,65.01553344726562,481400,0.0,0.0
2026-02-20 00:00:00-05:00,64.63725649879377,65.46170982860403,63.90009483209078,65.44231414794922,518800,0.0,0.0
2026-02-23 00:00:00-05:00,64.79245111064839,65.37441772778811,63.88748462187464,65.04463195800781,424200,0.0,0.0
2026-02-24 00:00:00-05:00,65.67510210772173,67.84778103865202,65.13678129535896,67.68289184570312,511800,0.0,0.0
2026-02-25 00:00:00-05:00,67.89627995665116,68.2551629576035,66.94572878121086,67.43070220947266,659100,0.0,0.0
2026-02-26 00:00:00-05:00,69.4481935016658,70.54423818646777,66.8060592096321,70.33084869384766,861000,0.0,0.0
2026-02-27 00:00:00-05:00,71.18440034545846,73.36678080750097,69.95257107404169,73.26008605957031,1181300,0.0,0.0
2026-03-02 00:00:00-05:00,75.9662383666157,76.1505306394751,71.8633598610424,74.20093536376953,1168100,0.0,0.0
2026-03-03 00:00:00-05:00,71.2910961101894,74.5113194752168,70.78672698559318,73.33768463134766,894000,0.0,0.0
2026-03-04 00:00:00-05:00,71.79546041776113,73.82265312123772,71.2910913270049,73.17279052734375,701700,0.0,0.0
2026-03-05 00:00:00-05:00,72.2804331684371,72.54232295171612,69.25420385130651,70.36964416503906,912300,0.0,0.0
2026-03-06 00:00:00-05:00,69.04081829855072,70.51513428054608,67.90598224003055,70.23385620117188,608400,0.0,0.0
2026-03-09 00:00:00-04:00,71.77606861621055,75.1126882280255,71.29109517961453,73.4831771850586,1600200,0.0,0.0
2026-03-10 00:00:00-04:00,72.78481033045146,74.45312004646478,70.84491668859542,71.16500091552734,782500,0.0,0.0
2026-03-11 00:00:00-04:00,70.52483677554186,70.52483677554186,67.57619737154482,68.30365753173828,612000,0.0,0.0
2026-03-12 00:00:00-04:00,67.47920438588801,67.47920438588801,64.63725972136359,64.7342529296875,741200,0.0,0.0
2026-03-13 00:00:00-04:00,64.34627309179287,64.95248989767775,63.453923729556124,63.929203033447266,478600,0.0,0.0
2026-03-16 00:00:00-04:00,64.50146729393047,66.65475054400068,64.44521167750655,66.56745147705078,547500,0.0,0.0
2026-03-17 00:00:00-04:00,67.58589719250912,67.58589719250912,65.12223129133434,65.69450378417969,516100,0.0,0.0
2026-03-18 00:00:00-04:00,66.81963802179617,68.81772616826959,66.18917108816791,67.25611114501953,741800,0.0,0.0
2026-03-19 00:00:00-04:00,66.23767208841394,69.77797961443721,65.61205221841657,69.38999938964844,521900,0.0,0.0
2026-03-20 00:00:00-04:00,70.54000091552734,70.55000305175781,67.30999755859375,67.75,1136100,2.15,0.0
2026-03-23 00:00:00-04:00,67.76000213623047,70.4000015258789,67.30999755859375,70.0,495300,0.0,0.0
2026-03-24 00:00:00-04:00,70.95999908447266,73.61000061035156,70.55999755859375,73.1500015258789,439900,0.0,0.0
2026-03-25 00:00:00-04:00,71.87999725341797,72.55999755859375,69.4000015258789,70.2699966430664,410200,0.0,0.0
2026-03-26 00:00:00-04:00,71.02999877929688,72.05000305175781,69.81999969482422,70.01000213623047,351200,0.0,0.0
2026-03-27 00:00:00-04:00,69.05000305175781,71.37000274658203,68.94999694824219,71.16000366210938,311900,0.0,0.0
2026-03-30 00:00:00-04:00,71.73999786376953,72.48999786376953,69.83000183105469,70.93000030517578,685000,0.0,0.0
2026-03-31 00:00:00-04:00,71.29000091552734,73.44999694824219,71.16000366210938,72.87999725341797,514400,0.0,0.0
2026-04-01 00:00:00-04:00,72.72000122070312,73.8499984741211,71.30999755859375,72.2300033569336,468000,0.0,0.0
2026-04-02 00:00:00-04:00,71.1500015258789,75.72000122070312,70.58999633789062,75.37999725341797,432100,0.0,0.0
2026-04-06 00:00:00-04:00,75.37999725341797,76.20999908447266,74.0199966430664,75.7300033569336,453900,0.0,0.0
2026-04-07 00:00:00-04:00,76.20999908447266,77.11000061035156,73.33000183105469,73.66999816894531,437607,0.0,0.0
