Date,Open,High,Low,Close,Volume,Dividends,Stock Splits
2022-01-03 00:00:00-05:00,14.177144872942545,14.740358015207145,13.948339114270661,14.300347328186035,33300,0.0,0.0
2022-01-04 00:00:00-05:00,14.326750546180964,14.326750546180964,13.613932765794155,13.64033317565918,47300,0.0,0.0
2022-01-05 00:00:00-05:00,13.701935730949446,13.939541960372466,13.244324945797894,13.420329093933105,87700,0.0,0.0
2022-01-06 00:00:00-05:00,13.56992916703738,14.00113942339531,13.209120550931612,13.833935737609863,19400,0.0,0.0
2022-01-07 00:00:00-05:00,13.816339662092394,13.869141330077332,13.48193133619857,13.693137168884277,14500,0.0,0.0
2022-01-10 00:00:00-05:00,13.499530744433189,13.561131984523207,13.305925767966622,13.36752700805664,27500,0.0,0.0
2022-01-11 00:00:00-05:00,13.27072535820468,13.578733246881786,13.112321205256,13.420329093933105,23100,0.0,0.0
2022-01-12 00:00:00-05:00,13.473128390457223,13.605131268549147,13.173920971578108,13.21792221069336,31600,0.0,0.0
2022-01-13 00:00:00-05:00,13.209122724620476,13.605132226019517,13.191521892034173,13.490729331970215,17000,0.0,0.0
2022-01-14 00:00:00-05:00,13.297124175757626,13.411527068137554,12.839513445491793,13.059518814086914,29900,0.0,0.0
2022-01-18 00:00:00-05:00,12.857112544243137,12.857112544243137,11.80988743184571,11.880289077758789,49100,0.0,0.0
2022-01-19 00:00:00-05:00,12.003493260482738,12.892314315313634,12.003493260482738,12.663509368896484,28800,0.0,0.0
2022-01-20 00:00:00-05:00,12.619509818079573,12.637109813583534,12.329102758605272,12.364303588867188,42800,0.0,0.0
2022-01-21 00:00:00-05:00,12.205897166658712,12.857112825212788,12.029893048029752,12.452302932739258,35600,0.0,0.0
2022-01-24 00:00:00-05:00,12.223496463799897,13.226720233682702,11.906688250781132,13.138718605041504,33100,0.0,0.0
2022-01-25 00:00:00-05:00,12.848312790484753,13.27072266012895,12.848312790484753,13.182720184326172,13100,0.0,0.0
2022-01-26 00:00:00-05:00,13.23552281916081,13.569931077054637,13.041917861589885,13.173921585083008,23600,0.0,0.0
2022-01-27 00:00:00-05:00,13.34112732900986,14.115547277397532,13.34112732900986,13.869140625,34300,0.0,0.0
2022-01-28 00:00:00-05:00,13.757068446561306,14.471835475784056,13.086422194746222,13.368799209594727,32000,0.043,0.0
2022-01-31 00:00:00-05:00,13.421746993348279,13.92473132411942,13.130545450107093,13.677651405334473,23700,0.0,0.0
2022-02-01 00:00:00-05:00,13.580583714841817,13.783541997365244,12.954059040345673,13.077598571777344,44400,0.0,0.0
2022-02-02 00:00:00-05:00,13.1834902002385,13.1834902002385,12.521668384449319,12.62756061553955,23900,0.0,0.0
2022-02-03 00:00:00-05:00,12.55696589511939,12.565790388236195,12.151049310346155,12.30988597869873,28400,0.0,0.0
2022-02-04 00:00:00-05:00,12.406953130714262,12.69815465734067,12.19516951371783,12.486371040344238,19500,0.0,0.0
2022-02-07 00:00:00-05:00,12.592263467503503,12.592263467503503,12.009859563548332,12.186346054077148,15400,0.0,0.0
2022-02-08 00:00:00-05:00,12.080453823139877,12.504020222239095,12.0716301718534,12.186346054077148,27600,0.0,0.0
2022-02-09 00:00:00-05:00,12.212819244212698,12.39812939442156,12.10692785002906,12.203994750976562,21300,0.0,0.0
2022-02-10 00:00:00-05:00,11.939265210287772,12.14222433618362,11.727482433174673,12.089278221130371,55400,0.0,0.0
2022-02-11 00:00:00-05:00,11.948089703054972,12.398128735582768,11.886319936784473,12.089278221130371,24300,0.0,0.0
2022-02-14 00:00:00-05:00,12.027509019352674,12.256940792768203,11.842198870293977,11.965739250183105,27200,0.0,0.0
2022-02-15 00:00:00-05:00,12.018682316418051,12.212816922964551,12.018682316418051,12.177519798278809,9900,0.0,0.0
2022-02-16 00:00:00-05:00,12.283412599730447,12.283412599730447,11.877495197899846,11.956913948059082,9100,0.0,0.0
2022-02-17 00:00:00-05:00,11.868671583713502,12.327535133460637,11.683361433477156,11.76278018951416,17400,0.0,0.0
2022-02-18 00:00:00-05:00,11.603942443639886,11.912792968327631,11.489227400064415,11.67453670501709,26600,0.0,0.0
2022-02-22 00:00:00-05:00,11.586293773650436,11.727482290002165,11.559821137221972,11.603941917419434,21500,0.0,0.0
2022-02-23 00:00:00-05:00,11.568644948852663,11.630415556776098,11.47157805290148,11.498050689697266,18700,0.0,0.0
2022-02-24 00:00:00-05:00,11.100957655366312,11.53334769855476,10.59797335376138,11.45392894744873,36900,0.0,0.0
2022-02-25 00:00:00-05:00,11.206848808498636,12.027508097356188,11.206848808498636,11.815725326538086,13400,0.0,0.0
2022-02-28 00:00:00-05:00,11.815726499720956,11.992212159592626,11.45392984504652,11.559822082519531,30800,0.0,0.0
2022-03-01 00:00:00-05:00,11.66571258033679,11.921616977836957,11.250970680405505,11.35686206817627,34600,0.0,0.0
2022-03-02 00:00:00-05:00,11.462752432947175,11.983385674185016,11.348036562712577,11.75395393371582,18900,0.0,0.0
2022-03-03 00:00:00-05:00,11.921616638263508,11.956913766515031,11.427456001192258,11.524523735046387,18000,0.0,0.0
2022-03-04 00:00:00-05:00,11.471577389147052,11.559820628760452,11.189200368864016,11.339213371276855,14800,0.0,0.0
2022-03-07 00:00:00-05:00,11.356863692959305,11.37451268088771,11.00389234989183,11.030364990234375,19800,0.0,0.0
2022-03-08 00:00:00-05:00,11.048013540397445,11.153904939121858,10.59797446465617,10.756811141967773,44000,0.0,0.0
2022-03-09 00:00:00-05:00,11.992212617270894,12.265765190124512,11.295093603010006,12.265765190124512,40600,0.0,0.0
2022-03-10 00:00:00-05:00,11.833373279729072,12.318709419545943,11.833373279729072,12.071629524230957,21700,0.0,0.0
2022-03-11 00:00:00-05:00,12.018684798185875,12.115751700727792,11.49805147040194,11.559822082519531,40900,0.0,0.0
2022-03-14 00:00:00-04:00,12.248117488742356,12.248117488742356,11.595120077822463,11.806902885437012,77100,0.0,0.0
2022-03-15 00:00:00-04:00,11.903969363192285,12.345183950485254,11.745132684020843,12.265765190124512,23700,0.0,0.0
2022-03-16 00:00:00-04:00,12.195169544975093,12.39812866979397,11.965738625094984,12.292237281799316,31100,0.0,0.0
2022-03-17 00:00:00-04:00,12.327533629493832,12.354006264426491,12.062804755517572,12.13339900970459,16400,0.0,0.0
2022-03-18 00:00:00-04:00,12.12457623740158,12.389305148929346,11.515700498282728,11.85102367401123,104700,0.0,0.0
2022-03-21 00:00:00-04:00,11.974561993114758,11.974561993114758,11.692184965139441,11.859846115112305,47900,0.0,0.0
2022-03-22 00:00:00-04:00,12.036333346512723,12.124575752459238,11.506875544633727,11.67453670501709,47400,0.0,0.0
2022-03-23 00:00:00-04:00,11.559820834084032,11.559820834084032,11.07448469068968,11.127429962158203,53100,0.0,0.0
2022-03-24 00:00:00-04:00,11.215674654481932,11.215674654481932,10.703865809132797,10.906824111938477,34100,0.0,0.0
2022-03-25 00:00:00-04:00,10.968592992477918,11.445104629814978,10.959768500302257,11.29509162902832,31000,0.0,0.0
2022-03-28 00:00:00-04:00,11.224499358039356,11.903969386176426,11.180377730914863,11.78042984008789,23500,0.0,0.0
2022-03-29 00:00:00-04:00,11.780429529542968,12.168697986593251,11.780429529542968,11.939266204833984,32100,0.0,0.0
2022-03-30 00:00:00-04:00,11.91279286631164,11.91279286631164,11.489227301675657,11.533348083496094,24900,0.0,0.0
2022-03-31 00:00:00-04:00,11.400982319177784,11.621589560893222,11.259793819127879,11.330388069152832,47600,0.0,0.0
2022-04-01 00:00:00-04:00,11.656888894701739,11.656888894701739,11.250971459368408,11.462754249572754,36500,0.0,0.0
2022-04-04 00:00:00-04:00,11.400984577080164,11.400984577080164,11.056836908889583,11.118607521057129,44800,0.0,0.0
2022-04-05 00:00:00-04:00,11.039189193402041,11.295093620772391,10.889176166162523,11.048013687133789,30200,0.0,0.0
2022-04-06 00:00:00-04:00,10.950944123047146,10.959768615315411,10.61562099080216,10.792106628417969,44600,0.0,0.0
2022-04-07 00:00:00-04:00,10.80975694773431,10.942120981902892,10.659743926849917,10.871526718139648,77300,0.0,0.0
2022-04-08 00:00:00-04:00,10.93329612852952,10.93329612852952,10.580324006954807,10.642094612121582,41400,0.0,0.0
2022-04-11 00:00:00-04:00,10.650917815351114,11.09213231761487,10.642094164883748,10.862701416015625,60800,0.0,0.0
2022-04-12 00:00:00-04:00,10.924471818235771,11.180376210906765,10.924471818235771,11.074484825134277,26600,0.0,0.0
2022-04-13 00:00:00-04:00,11.233321797089548,11.550996804838789,11.171552030716063,11.498050689697266,22800,0.0,0.0
2022-04-14 00:00:00-04:00,11.533347819274963,11.806901204664593,11.31274054902686,11.498050689697266,34900,0.0,0.0
2022-04-18 00:00:00-04:00,11.498050135961808,11.780428000534291,11.409807737042208,11.480401992797852,31200,0.0,0.0
2022-04-19 00:00:00-04:00,11.577470039277816,11.886320570188389,11.577470039277816,11.76278018951416,24300,0.0,0.0
2022-04-20 00:00:00-04:00,11.806899340533757,11.965736819330342,11.656886353125833,11.842196464538574,20300,0.0,0.0
2022-04-21 00:00:00-04:00,11.842196627095094,11.842196627095094,11.648062021628828,11.683359146118164,14800,0.0,0.0
2022-04-22 00:00:00-04:00,11.603941840696828,11.648063462152505,11.233321566949027,11.268619537353516,25200,0.0,0.0
2022-04-25 00:00:00-04:00,11.162727908284158,11.630415942642767,11.162727908284158,11.577469825744629,22500,0.0,0.0
2022-04-26 00:00:00-04:00,11.445105621887816,11.568645156856018,11.206849361792056,11.242146492004395,22400,0.0,0.0
2022-04-27 00:00:00-04:00,10.977416947638192,11.374510691060124,10.977416947638192,11.083309173583984,32800,0.0,0.0
2022-04-28 00:00:00-04:00,11.233320995102863,11.542171488020259,11.021538232756594,11.445104598999023,21600,0.0,0.0
2022-04-29 00:00:00-04:00,11.50088356856229,11.518591262181298,11.084762900707272,11.173298835754395,21600,0.043,0.0
2022-05-02 00:00:00-04:00,11.093615775388544,11.208713249538459,10.53583609805402,10.721762657165527,57500,0.0,0.0
2022-05-03 00:00:00-04:00,10.810299168548616,10.881128251760869,10.562397377305732,10.642080307006836,37400,0.0,0.0
2022-05-04 00:00:00-04:00,10.774884033514242,11.226420047385897,10.6509327225448,11.164443969726562,66800,0.0,0.0
2022-05-05 00:00:00-04:00,10.730614167105308,10.730614167105308,10.252517525553309,10.411883354187012,50100,0.0,0.0
2022-05-06 00:00:00-04:00,10.27908154265536,10.27908154265536,9.871813838817154,9.880667686462402,58300,0.0,0.0
2022-05-09 00:00:00-04:00,9.69474053344133,10.137422757291157,9.69474053344133,9.960350036621094,41200,0.0,0.0
2022-05-10 00:00:00-04:00,10.048885369154322,10.544688915489882,9.907226368709235,10.0665922164917,42000,0.0,0.0
2022-05-11 00:00:00-04:00,10.14627466494628,10.252518277039796,9.721299372223042,9.7478609085083,84100,0.0,0.0
2022-05-12 00:00:00-04:00,9.623909359331787,10.093152178493275,9.623909359331787,9.898372650146484,61700,0.0,0.0
2022-05-13 00:00:00-04:00,10.031178714937843,10.41188568208186,9.95149578280544,10.093153953552246,53100,0.0,0.0
2022-05-16 00:00:00-04:00,10.093153843748112,10.332202637544695,9.836398200975465,10.0488862991333,58600,0.0,0.0
2022-05-17 00:00:00-04:00,10.20824976962435,10.394176299605501,10.13742069576002,10.341054916381836,52400,0.0,0.0
2022-05-18 00:00:00-04:00,10.270226023877488,10.58895686189537,10.048884953055552,10.394176483154297,80800,0.0,0.0
2022-05-19 00:00:00-04:00,10.243666389693194,10.376471563457743,9.933789339607918,9.960350036621094,84900,0.0,0.0
2022-05-20 00:00:00-04:00,10.102007589236,10.102007589236,9.7124476278219,9.81869125366211,70400,0.0,0.0
2022-05-23 00:00:00-04:00,9.818690924238396,9.978056779826519,9.464544672303594,9.544227600097656,113600,0.0,0.0
2022-05-24 00:00:00-04:00,9.43798406056554,9.933788479881317,9.358301132072892,9.756715774536133,59400,0.0,0.0
2022-05-25 00:00:00-04:00,9.739007840121648,10.084300240237143,9.739007840121648,9.924934387207031,37400,0.0,0.0
2022-05-26 00:00:00-04:00,10.518128776699799,10.518128776699799,10.004617511611444,10.181690216064453,65000,0.0,0.0
2022-05-27 00:00:00-04:00,10.146274591303957,10.261372047990507,10.075445517089028,10.163981437683105,36400,0.0,0.0
2022-05-31 00:00:00-04:00,10.155129143766107,10.155129143766107,9.907226522403318,10.102006912231445,113000,0.0,0.0
2022-06-01 00:00:00-04:00,10.110861799855723,10.22595927641407,9.84525230351718,10.128568649291992,43000,0.0,0.0
2022-06-02 00:00:00-04:00,10.119713941748802,10.296786628024323,9.995762639181352,10.155128479003906,46600,0.0,0.0
2022-06-03 00:00:00-04:00,9.98691021684384,10.234812857303101,9.907227285578312,10.0488862991333,40500,0.0,0.0
2022-06-06 00:00:00-04:00,10.181690797719076,11.013932978366766,10.10200786507582,10.739470481872559,65700,0.0,0.0
2022-06-07 00:00:00-04:00,10.64207892655242,10.801443920933064,10.482713087822612,10.571249008178711,42200,0.0,0.0
2022-06-08 00:00:00-04:00,10.544689602987741,10.544689602987741,10.376470742743578,10.42959213256836,24000,0.0,0.0
2022-06-09 00:00:00-04:00,10.323346595090706,10.518126958493111,10.243663680773855,10.411883354187012,17500,0.0,0.0
2022-06-10 00:00:00-04:00,10.32334799565229,10.376470227186951,10.066592372658079,10.102006912231445,9400,0.0,0.0
2022-06-13 00:00:00-04:00,9.933787186604915,10.093152178493275,9.739006813908972,9.898372650146484,41300,0.0,0.0
2022-06-14 00:00:00-04:00,9.995764424815194,9.995764424815194,9.535375358255374,9.721301078796387,43800,0.0,0.0
2022-06-15 00:00:00-04:00,9.739008235658606,10.25251951144539,9.650471459412909,9.792130470275879,31800,0.0,0.0
2022-06-16 00:00:00-04:00,9.641617689824365,9.739007460463283,9.136959456351988,9.216642379760742,57200,0.0,0.0
2022-06-17 00:00:00-04:00,9.260908486685807,9.331737546884824,9.030713618864507,9.128104209899902,30100,0.0,0.0
2022-06-21 00:00:00-04:00,9.331740180722681,9.668178733800636,9.27861794840543,9.491106033325195,18500,0.0,0.0
2022-06-22 00:00:00-04:00,9.473397479877042,10.155128370167919,9.473397479877042,9.94264030456543,55800,0.0,0.0
2022-06-23 00:00:00-04:00,9.969202753493608,10.447299467273712,9.47339834747942,10.137421607971191,91300,0.0,0.0
2022-06-24 00:00:00-04:00,10.13742195548426,10.748323848914115,10.119715106992423,10.42959213256836,68000,0.0,0.0
2022-06-27 00:00:00-04:00,10.509275782160417,10.580104869682277,10.341056910383333,10.3676176071167,17600,0.0,0.0
2022-06-28 00:00:00-04:00,10.403030759394007,10.553542761333176,10.022323831624435,10.0665922164917,20900,0.0,0.0
2022-06-29 00:00:00-04:00,9.924936357106596,9.924936357106596,9.296327510704058,9.712449073791504,115400,0.0,0.0
2022-06-30 00:00:00-04:00,9.606203786188036,9.889520115397515,9.482252469984259,9.774422645568848,55800,0.0,0.0
2022-07-01 00:00:00-04:00,9.739007709933,9.951494948233178,9.62391024476643,9.9072265625,21800,0.0,0.0
2022-07-05 00:00:00-04:00,9.862959397743243,9.862959397743243,9.597349917550837,9.756715774536133,25200,0.0,0.0
2022-07-06 00:00:00-04:00,9.809837318915454,9.889520248666726,9.59735006914491,9.792130470275879,17700,0.0,0.0
2022-07-07 00:00:00-04:00,9.836396259232764,10.013469780134177,9.765567188611847,9.827543258666992,48000,0.0,0.0
2022-07-08 00:00:00-04:00,9.783276921314187,9.88952054943058,9.623911056964946,9.65932559967041,20400,0.0,0.0
2022-07-11 00:00:00-04:00,9.641618847191246,9.641618847191246,9.243204182322316,9.252058029174805,13800,0.0,0.0
2022-07-12 00:00:00-04:00,9.243202816823336,9.437983197056639,9.216642124538991,9.367154121398926,22300,0.0,0.0
2022-07-13 00:00:00-04:00,9.296326109901724,9.367155193667317,9.154667942370535,9.181228637695312,36200,0.0,0.0
2022-07-14 00:00:00-04:00,9.074984417725403,9.216642575979389,9.013009184576593,9.057276725769043,9300,0.0,0.0
2022-07-15 00:00:00-04:00,9.198936636758487,9.34059480900108,9.030716923958426,9.252058029174805,20300,0.0,0.0
2022-07-18 00:00:00-04:00,9.33173942565918,9.482251419972163,9.207788123181084,9.33173942565918,45800,0.0,0.0
2022-07-19 00:00:00-04:00,9.45569210436429,9.739008443436113,9.45569210436429,9.63276481628418,14500,0.0,0.0
2022-07-20 00:00:00-04:00,9.668179226602119,9.774422852302777,9.561935600901458,9.615056991577148,23000,0.0,0.0
2022-07-21 00:00:00-04:00,9.56193689026855,9.677034378051758,9.51766849583664,9.677034378051758,10000,0.0,0.0
2022-07-22 00:00:00-04:00,9.76556882589343,9.827544906339398,9.561935424804688,9.561935424804688,10000,0.0,0.0
2022-07-25 00:00:00-04:00,9.561933265759675,9.623908487862627,9.13695802239194,9.305177688598633,23900,0.0,0.0
2022-07-26 00:00:00-04:00,9.296327197182315,9.296327197182315,8.853644949697443,8.977596282958984,24300,0.0,0.0
2022-07-27 00:00:00-04:00,9.074985193892905,9.437984466552734,9.074985193892905,9.437984466552734,21400,0.0,0.0
2022-07-28 00:00:00-04:00,9.47339980739814,9.632765684667344,9.47339980739814,9.606204986572266,5600,0.0,0.0
2022-07-29 00:00:00-04:00,9.591091844278724,9.671091819489225,9.262203716631285,9.564425468444824,15700,0.043,0.0
2022-08-01 00:00:00-04:00,9.457759148593853,9.511091900437552,9.288870123101589,9.315536499023438,24300,0.0,0.0
2022-08-02 00:00:00-04:00,9.342205564755236,9.493316470956527,9.217761039733887,9.217761039733887,20300,0.0,0.0
2022-08-03 00:00:00-04:00,9.244426835646474,9.368871352789204,8.951094118111175,9.075538635253906,25600,0.0,0.0
2022-08-04 00:00:00-04:00,8.631095639399675,8.782206546859394,7.919985636243765,8.257762908935547,111600,0.0,0.0
2022-08-05 00:00:00-04:00,8.195539707724652,8.319983365391783,7.919984320002447,8.044428825378418,27000,0.0,0.0
2022-08-08 00:00:00-04:00,8.008871114900995,8.551091814829679,8.008871114900995,8.355536460876465,38900,0.0,0.0
2022-08-09 00:00:00-04:00,8.364427637728651,8.506649440855915,8.364427637728651,8.453316688537598,14900,0.0,0.0
2022-08-10 00:00:00-04:00,8.533315846478772,8.648870414657733,8.355537761907717,8.47109317779541,14400,0.0,0.0
2022-08-11 00:00:00-04:00,8.488869696512198,8.622202386648201,8.355536158667624,8.408869743347168,11900,0.0,0.0
2022-08-12 00:00:00-04:00,8.382207422326516,8.622206549999936,8.382207422326516,8.604429244995117,11600,0.0,0.0
2022-08-15 00:00:00-04:00,8.488871152261146,8.808870172089042,7.937761305369853,8.791092872619629,17200,0.0,0.0
2022-08-16 00:00:00-04:00,8.799981117248535,8.897759231519137,8.755537444625952,8.799981117248535,12900,0.0,0.0
2022-08-17 00:00:00-04:00,8.791093679539788,8.799981906235974,8.497761005845843,8.61331558227539,19300,0.0,0.0
2022-08-18 00:00:00-04:00,8.631092957240059,8.799981117248535,8.595537510516763,8.799981117248535,14300,0.0,0.0
2022-08-19 00:00:00-04:00,8.657760139689659,8.719982813053589,8.497761038332342,8.52442741394043,18000,0.0,0.0
2022-08-22 00:00:00-04:00,8.47109295212986,8.613314737831002,8.328871166428717,8.364426612854004,23500,0.0,0.0
2022-08-23 00:00:00-04:00,8.417760600291581,8.59553784073786,8.35553793035382,8.399982452392578,16300,0.0,0.0
2022-08-24 00:00:00-04:00,8.613316658737027,8.62220573425293,8.533317522220592,8.62220573425293,9200,0.0,0.0
2022-08-25 00:00:00-04:00,8.524429253200983,8.675540160432352,8.524429253200983,8.604429244995117,11500,0.0,0.0
2022-08-26 00:00:00-04:00,8.46220417985999,8.622203254587513,8.3110933303833,8.3110933303833,7900,0.0,0.0
2022-08-29 00:00:00-04:00,8.311093279019884,8.47998142566315,7.839982587582351,8.142204284667969,40800,0.0,0.0
2022-08-30 00:00:00-04:00,7.999983962875983,8.097761239469298,7.831095785540475,7.928873062133789,30700,0.0,0.0
2022-08-31 00:00:00-04:00,7.9466503634649355,8.088873012658127,7.804428561980549,7.928873062133789,16800,0.0,0.0
2022-09-01 00:00:00-04:00,7.866651071031287,7.911094747282041,7.688872975193121,7.742206573486328,22000,0.0,0.0
2022-09-02 00:00:00-04:00,7.866652813507577,7.866652813507577,7.564431000890621,7.635541915893555,12900,0.0,0.0
2022-09-06 00:00:00-04:00,7.626652178648733,7.697763087489041,7.5377631187438965,7.5377631187438965,23000,0.0,0.0
2022-09-07 00:00:00-04:00,7.528873251152431,7.857761344835151,7.511095103959936,7.688872337341309,22600,0.0,0.0
2022-09-08 00:00:00-04:00,7.59998499897309,7.724428652476923,7.511095948434228,7.591095924377441,17500,0.0,0.0
2022-09-09 00:00:00-04:00,7.688873165394479,7.759984066405316,7.43109593730299,7.546651363372803,17800,0.0,0.0
2022-09-12 00:00:00-04:00,7.555539482944978,7.706650340420573,7.431094998050752,7.67109489440918,15500,0.0,0.0
2022-09-13 00:00:00-04:00,7.786650437106013,7.786650437106013,7.386651450809266,7.431095123291016,13300,0.0,0.0
2022-09-14 00:00:00-04:00,7.493318536005424,7.8044285128675135,7.0488745614547845,7.324429512023926,16900,0.0,0.0
2022-09-15 00:00:00-04:00,7.208874468514323,7.413318953459616,7.0666526604004725,7.3599853515625,32600,0.0,0.0
2022-09-16 00:00:00-04:00,7.306652873782446,7.715541011432288,7.191097438391309,7.422208309173584,42000,0.0,0.0
2022-09-19 00:00:00-04:00,7.519984190539655,7.946649551391602,7.475539670190399,7.946649551391602,14000,0.0,0.0
2022-09-20 00:00:00-04:00,7.8044287361298155,8.017762290825559,7.662206931471869,7.857762336730957,27400,0.0,0.0
2022-09-21 00:00:00-04:00,7.724428652476923,7.999984030980345,7.591095924377441,7.591095924377441,22900,0.0,0.0
2022-09-22 00:00:00-04:00,7.44887428213182,7.44887428213182,7.004430715281774,7.217763423919678,18400,0.0,0.0
2022-09-23 00:00:00-04:00,7.084431020250855,7.084431020250855,6.595543299192044,6.719987392425537,29600,0.0,0.0
2022-09-26 00:00:00-04:00,7.102208674209113,7.102208674209113,6.657765064843702,6.711098670959473,15800,0.0,0.0
2022-09-27 00:00:00-04:00,6.711097146101068,6.791096689388758,6.248875914338574,6.364430904388428,28900,0.0,0.0
2022-09-28 00:00:00-04:00,6.328875640416346,6.6044305727088535,6.248876094818115,6.248876094818115,16400,0.0,0.0
2022-09-29 00:00:00-04:00,6.239987745595718,6.595542688631553,6.088876863016406,6.186654567718506,22500,0.0,0.0
2022-09-30 00:00:00-04:00,6.373320439208754,6.373320439208754,5.991098723074639,6.017765522003174,14000,0.0,0.0
2022-10-03 00:00:00-04:00,6.1333204729656,6.231098163050824,5.759987859780528,5.848876476287842,33000,0.0,0.0
2022-10-04 00:00:00-04:00,5.857765751410467,6.328875647035607,5.857765751410467,6.124431610107422,25300,0.0,0.0
2022-10-05 00:00:00-04:00,6.106654911238986,6.355543511654873,6.106654911238986,6.302210330963135,13900,0.0,0.0
2022-10-06 00:00:00-04:00,6.355544059238582,6.408877244525424,6.222210884094238,6.222210884094238,9900,0.0,0.0
2022-10-07 00:00:00-04:00,6.2399876033784665,6.39109848251377,6.088876724243164,6.088876724243164,15200,0.0,0.0
2022-10-10 00:00:00-04:00,6.026655302943989,6.0533216811450075,5.671100344046374,5.777766704559326,25200,0.0,0.0
2022-10-11 00:00:00-04:00,5.715544169097289,6.10665456234572,5.715544169097289,5.795544147491455,28200,0.0,0.0
2022-10-12 00:00:00-04:00,5.795544076930735,5.919988156586451,5.75998862560053,5.786655426025391,6300,0.0,0.0
2022-10-13 00:00:00-04:00,5.759988706321397,6.1955432031475,5.759988706321397,6.097765922546387,14700,0.0,0.0
2022-10-14 00:00:00-04:00,6.2399876033784665,6.2399876033784665,5.911099468704227,6.088876724243164,26400,0.0,0.0
2022-10-17 00:00:00-04:00,6.053321736653743,6.275543535020713,5.982210828993023,5.999988555908203,25900,0.0,0.0
2022-10-18 00:00:00-04:00,6.1599871828941035,6.222209429779475,5.973320866092369,6.1333208084106445,14300,0.0,0.0
2022-10-19 00:00:00-04:00,5.866654395304014,6.311097916521809,5.866654395304014,6.248876094818115,11700,0.0,0.0
2022-10-20 00:00:00-04:00,6.195543573228607,6.3022103589400436,5.9910995010754835,6.177765846252441,6800,0.0,0.0
2022-10-21 00:00:00-04:00,6.293319548344827,6.506652637093536,5.964431478038826,6.319986343383789,13600,0.0,0.0
2022-10-24 00:00:00-04:00,6.35554287846002,6.693320079709813,5.982210226958079,6.67554235458374,20700,0.0,0.0
2022-10-25 00:00:00-04:00,6.595543462285549,7.039987087249756,6.506654822063601,7.039987087249756,14900,0.0,0.0
2022-10-26 00:00:00-04:00,7.057763547377393,7.235541219738263,6.951097198273508,7.226652145385742,20300,0.0,0.0
2022-10-27 00:00:00-04:00,6.879986078398351,7.617762317291494,6.879986078398351,7.466651439666748,12000,0.0,0.0
2022-10-28 00:00:00-04:00,7.466650963439234,7.724428176879883,7.137762853029355,7.724428176879883,20400,0.0,0.0
2022-10-31 00:00:00-04:00,7.780706310055413,7.780706310055413,7.530580514463996,7.655642986297607,14500,0.043,0.0
2022-11-01 00:00:00-04:00,7.584178498347023,7.905769659952029,7.235789209173864,7.727107524871826,56100,0.0,0.0
2022-11-02 00:00:00-04:00,7.655644274665022,7.762841062244335,6.762337285541916,7.173258304595947,42500,0.0,0.0
2022-11-03 00:00:00-04:00,6.253152158800237,6.46754574264011,6.253152158800237,6.262085437774658,90800,0.0,0.0
2022-11-04 00:00:00-04:00,6.431812504651859,6.476478040835573,5.904761477879482,6.2799506187438965,16500,0.0,0.0
2022-11-07 00:00:00-05:00,6.208485855073136,6.333549189616826,6.163820743560791,6.163820743560791,15800,0.0,0.0
2022-11-08 00:00:00-05:00,6.262084399510502,6.262084399510502,6.1548871994018555,6.1548871994018555,22800,0.0,0.0
2022-11-09 00:00:00-05:00,6.1816870227624365,6.333549342691444,5.860096252675254,5.904761791229248,31400,0.0,0.0
2022-11-10 00:00:00-05:00,6.172753437942003,6.351415157318115,6.101288920576407,6.351415157318115,39600,0.0,0.0
2022-11-11 00:00:00-05:00,6.422879674683712,6.5122103213907065,6.244217955307598,6.351415157318115,63200,0.0,0.0
2022-11-14 00:00:00-05:00,6.369282455582177,6.449679839392342,6.253152380569248,6.342483043670654,49600,0.0,0.0
2022-11-15 00:00:00-05:00,6.378215298592522,6.601542168965839,6.163821707495994,6.253152370452881,73700,0.0,0.0
2022-11-16 00:00:00-05:00,6.253151725428327,6.565809226507312,6.2084861855761195,6.458612442016602,61900,0.0,0.0
2022-11-17 00:00:00-05:00,6.422880030885388,6.7176713943481445,6.413946752738203,6.7176713943481445,31700,0.0,0.0
2022-11-18 00:00:00-05:00,6.798070508988145,7.512716286495561,6.753404961535456,7.369787216186523,31300,0.0,0.0
2022-11-21 00:00:00-05:00,7.334053371579933,7.494848967064219,6.967797494687304,6.9767303466796875,46600,0.0,0.0
2022-11-22 00:00:00-05:00,7.083928080739604,7.253656551082853,6.807002816272891,6.869534492492676,26500,0.0,0.0
2022-11-23 00:00:00-05:00,6.896332913809998,7.271522514469886,6.896332913809998,7.235790252685547,11400,0.0,0.0
2022-11-25 00:00:00-05:00,7.253655886939157,7.298321426715461,7.146459102630615,7.146459102630615,2400,0.0,0.0
2022-11-28 00:00:00-05:00,7.039262459597242,7.28045501615102,6.789136198561888,6.798069477081299,12200,0.0,0.0
2022-11-29 00:00:00-05:00,6.958864388851812,7.101793431962231,6.789135937177115,6.807002067565918,27800,0.0,0.0
2022-11-30 00:00:00-05:00,6.869534178368502,7.530581897159763,6.869534178368502,7.5127153396606445,39300,0.0,0.0
2022-12-01 00:00:00-05:00,7.503781176855143,8.414955055776087,7.432316659126942,8.129096984863281,38500,0.0,0.0
2022-12-02 00:00:00-05:00,8.021901120415272,8.057634239061569,7.566314932692667,7.878972053527832,31200,0.0,0.0
2022-12-05 00:00:00-05:00,7.744974905782766,8.02189971125014,7.55738032546565,7.861104965209961,23300,0.0,0.0
2022-12-06 00:00:00-05:00,7.861106969481395,9.156402805765802,7.861106969481395,8.504288673400879,123600,0.0,0.0
2022-12-07 00:00:00-05:00,8.486421358288254,8.566819170622052,8.236295493635442,8.316693305969238,21100,0.0,0.0
2022-12-08 00:00:00-05:00,8.450686953293008,8.58468270532273,7.968301053292105,8.030832290649414,13500,0.0,0.0
2022-12-09 00:00:00-05:00,8.075497692179818,8.388155577660767,7.727107549951691,7.798572063446045,12900,0.0,0.0
2022-12-12 00:00:00-05:00,7.72710841889421,7.780707236004465,7.334053550474758,7.476982593536377,25200,0.0,0.0
2022-12-13 00:00:00-05:00,7.637778999292333,8.138030702821482,7.342987603874417,7.8432393074035645,95300,0.0,0.0
2022-12-14 00:00:00-05:00,7.7539084800962685,7.861105265526371,7.38765258356234,7.503781795501709,56400,0.0,0.0
2022-12-15 00:00:00-05:00,7.468048420038461,7.825371836778202,7.351918373492361,7.494848251342773,53000,0.0,0.0
2022-12-16 00:00:00-05:00,7.325120941672778,7.637778890884014,7.325120941672778,7.432317733764648,57200,0.0,0.0
2022-12-19 00:00:00-05:00,7.271522692364498,7.503781973682669,7.262589413718785,7.316187381744385,26400,0.0,0.0
2022-12-20 00:00:00-05:00,7.182191178676504,7.512714801410612,7.155392196272195,7.262588977813721,24400,0.0,0.0
2022-12-21 00:00:00-05:00,7.378719297741113,7.950435486129249,7.244722677144403,7.4680495262146,45100,0.0,0.0
2022-12-22 00:00:00-05:00,7.316186800780997,7.423384432168536,6.815935163285758,6.923131942749023,25500,0.0,0.0
2022-12-23 00:00:00-05:00,6.985663902794352,7.1464590787191575,6.985663902794352,7.039262294769287,27600,0.0,0.0
2022-12-27 00:00:00-05:00,6.949932301066371,7.083928080739604,6.842735080980712,6.869534492492676,18300,0.0,0.0
2022-12-28 00:00:00-05:00,6.958863686740192,6.958863686740192,6.771269123603967,6.815934658050537,24300,0.0,0.0
2022-12-29 00:00:00-05:00,6.80700167853461,6.949931139438524,6.7802026974640865,6.932065010070801,29000,0.0,0.0
2022-12-30 00:00:00-05:00,6.905265774275981,7.012462553140606,6.717671198281821,6.780202865600586,13500,0.0,0.0
2023-01-03 00:00:00-05:00,6.869533753904707,6.9945966669357595,6.717671432243069,6.878466606140137,14800,0.0,0.0
2023-01-04 00:00:00-05:00,6.824868219008029,7.110726732072829,6.824868219008029,6.896332740783691,14900,0.0,0.0
2023-01-05 00:00:00-05:00,6.8963331934044705,7.1464594619977495,6.717671877239398,6.753404140472412,16200,0.0,0.0
2023-01-06 00:00:00-05:00,6.860601213334623,7.137526477801336,6.851668360138765,6.869534492492676,26200,0.0,0.0
2023-01-09 00:00:00-05:00,6.967798645017739,7.173258960346013,6.798070169520191,6.824869155883789,25500,0.0,0.0
2023-01-10 00:00:00-05:00,6.789135450549856,6.932064909377618,6.699804805008829,6.77126932144165,82700,0.0,0.0
2023-01-11 00:00:00-05:00,6.967797190140099,7.003529448472131,6.717670955853758,6.842733860015869,67300,0.0,0.0
2023-01-12 00:00:00-05:00,6.8873998885428085,7.1285928625167445,6.824868219008029,6.896332740783691,25500,0.0,0.0
2023-01-13 00:00:00-05:00,7.030328736520404,7.0660609964142145,6.940998086785877,6.9767303466796875,22700,0.0,0.0
2023-01-17 00:00:00-05:00,7.1464590986953125,7.2983214226965325,7.057128445154052,7.1285929679870605,19300,0.0,0.0
2023-01-18 00:00:00-05:00,7.146458774713566,7.2268565722369775,6.896332530175251,6.905265808105469,15800,0.0,0.0
2023-01-19 00:00:00-05:00,6.914198938380602,7.164325618949034,6.8784666771457275,6.967797756195068,29600,0.0,0.0
2023-01-20 00:00:00-05:00,7.030329726102963,7.2268576091441386,7.012463593641237,7.208991050720215,47600,0.0,0.0
2023-01-23 00:00:00-05:00,7.048194899095729,7.3519191095991605,6.976730378977275,7.10179328918457,51800,0.0,0.0
2023-01-24 00:00:00-05:00,7.057128437323097,7.244722596570502,7.03032902830938,7.092860698699951,30700,0.0,0.0
2023-01-25 00:00:00-05:00,7.012463593641237,7.280455580567116,6.905266798870885,7.208991050720215,75100,0.0,0.0
2023-01-26 00:00:00-05:00,7.173258085726673,7.2715224436194035,6.99459677854577,7.146459102630615,59600,0.0,0.0
2023-01-27 00:00:00-05:00,7.173258085726673,7.244722608599034,7.074994579758254,7.146459102630615,58800,0.0,0.0
2023-01-30 00:00:00-05:00,7.137525549243797,7.235789903349882,7.074994307121219,7.10179328918457,39500,0.0,0.0
2023-01-31 00:00:00-05:00,7.113469921344421,7.284120967696066,7.113469921344421,7.194304943084717,41000,0.043,0.0
2023-02-01 00:00:00-05:00,7.095506786542283,7.284121127612793,7.0056903316804595,7.113470077514648,41000,0.0,0.0
2023-02-02 00:00:00-05:00,7.185323880621862,7.284121775619765,7.023654247488194,7.203287601470947,57200,0.0,0.0
2023-02-03 00:00:00-05:00,7.131432571712423,7.2661574530920525,7.07754270481629,7.176340579986572,39700,0.0,0.0
2023-02-06 00:00:00-05:00,7.1134703078956525,7.30208508335339,7.095507016341518,7.221250057220459,38700,0.0,0.0
2023-02-07 00:00:00-05:00,7.212267805384083,7.284120967696066,7.104488061916108,7.194304943084717,31500,0.0,0.0
2023-02-08 00:00:00-05:00,7.131433249435796,7.355974168702578,7.08652480861526,7.09550666809082,45400,0.0,0.0
2023-02-09 00:00:00-05:00,7.18532345131995,7.18532345131995,6.844020484595376,6.861983776092529,37000,0.0,0.0
2023-02-10 00:00:00-05:00,6.870965788808509,7.0865252915689565,6.78114932932499,7.023653984069824,29500,0.0,0.0
2023-02-13 00:00:00-05:00,7.0236534220031475,7.257176197972678,7.005690131543952,7.122451305389404,26400,0.0,0.0
2023-02-14 00:00:00-05:00,7.041617086165933,7.068561809145386,6.817075729370117,6.817075729370117,11600,0.0,0.0
2023-02-15 00:00:00-05:00,6.808093193126719,7.032634527613899,6.7901299034988885,6.897909641265869,26500,0.0,0.0
2023-02-16 00:00:00-05:00,6.826058046921289,7.0955078813608115,6.826058046921289,6.987728118896484,29300,0.0,0.0
2023-02-17 00:00:00-05:00,7.014672387063651,7.2302323261872194,6.897910771216663,7.203287601470947,31900,0.0,0.0
2023-02-21 00:00:00-05:00,7.230231233668995,7.3020843930933115,7.086524486541748,7.086524486541748,25500,0.0,0.0
2023-02-22 00:00:00-05:00,7.167359875230094,7.751167468124457,6.933836666760895,7.239213466644287,56900,0.0,0.0
2023-02-23 00:00:00-05:00,7.355974529737139,7.499681718727521,7.167360182558055,7.221250057220459,42800,0.0,0.0
2023-02-24 00:00:00-05:00,7.140415434779313,7.275140771470156,6.915874063518596,7.104488849639893,59400,0.0,0.0
2023-02-27 00:00:00-05:00,7.077542933353461,7.607460617361282,6.969763196080937,6.996707916259766,34500,0.0,0.0
2023-02-28 00:00:00-05:00,6.996708472054958,7.338011428808526,6.969763749735731,7.113470077514648,33400,0.0,0.0
2023-03-01 00:00:00-05:00,6.96078189648116,6.969763756114883,6.565589066448793,6.655405521392822,15800,0.0,0.0
2023-03-02 00:00:00-05:00,6.556607161204863,6.736240058109678,6.430863705092885,6.5116987228393555,26500,0.0,0.0
2023-03-03 00:00:00-05:00,6.592533250296971,6.592533250296971,6.359010073409299,6.439845085144043,22000,0.0,0.0
2023-03-06 00:00:00-05:00,6.493736024075126,6.493736024075126,5.523717435960775,5.568625450134277,92500,0.0,0.0
2023-03-07 00:00:00-05:00,5.595570204860578,5.64047864413133,5.388992155116629,5.397974014282227,26100,0.0,0.0
2023-03-08 00:00:00-05:00,5.397974654512717,5.541680991977726,5.191396580267434,5.317139625549316,45500,0.0,0.0
2023-03-09 00:00:00-05:00,5.595570205523316,6.062616175224262,5.35306557564549,5.469827175140381,127500,0.0,0.0
2023-03-10 00:00:00-05:00,5.3710293581695305,5.442882524976563,4.957873220750439,5.011763095855713,39800,0.0,0.0
2023-03-13 00:00:00-04:00,4.975835973880774,5.3171389075511,4.966854543141349,5.209359169006348,40600,0.0,0.0
2023-03-14 00:00:00-04:00,5.317139699709463,5.38899286944413,4.966855283113623,5.002781867980957,99000,0.0,0.0
2023-03-15 00:00:00-04:00,4.957872269578729,5.083615287367138,4.850092540045807,4.939908981323242,36800,0.0,0.0
2023-03-16 00:00:00-04:00,4.939909492534804,4.993799362878113,4.724350011161568,4.76925802230835,30500,0.0,0.0
2023-03-17 00:00:00-04:00,4.697405135194637,5.011762944629199,4.670459984315722,4.948891639709473,72000,0.0,0.0
2023-03-20 00:00:00-04:00,4.823148816310814,5.3081581705611365,4.7602775030094,4.796204090118408,34500,0.0,0.0
2023-03-21 00:00:00-04:00,4.850093493204322,5.299176216125488,4.805185049600742,5.299176216125488,33800,0.0,0.0
2023-03-22 00:00:00-04:00,5.083616147218174,5.083616147218174,4.903983234279903,4.9219465255737305,96800,0.0,0.0
2023-03-23 00:00:00-04:00,4.975836556514038,5.047689723957341,4.850093513488256,4.912964820861816,42600,0.0,0.0
2023-03-24 00:00:00-04:00,4.859074677458526,4.921946409645405,4.7692582231048695,4.832129955291748,43300,0.0,0.0
2023-03-27 00:00:00-04:00,5.011763205661069,5.1464881105153415,4.832130284707817,5.101579666137695,26200,0.0,0.0
2023-03-28 00:00:00-04:00,5.101579860255816,5.26324992354405,5.101579860255816,5.164451599121094,9700,0.0,0.0
2023-03-29 00:00:00-04:00,5.164451335192039,5.263249654565912,4.850093513488256,4.912964820861816,37400,0.0,0.0
2023-03-30 00:00:00-04:00,5.164451313593407,5.299176216125488,5.029726411061326,5.299176216125488,98700,0.0,0.0
2023-03-31 00:00:00-04:00,5.380010209425422,5.496771807028631,5.263249040100824,5.281212329864502,45700,0.0,0.0
2023-04-03 00:00:00-04:00,5.3261206179216485,5.532698675117457,5.191396151806732,5.218340873718262,34400,0.0,0.0
2023-04-04 00:00:00-04:00,5.299175937942772,5.299175937942772,4.94889155237063,5.047689437866211,58500,0.0,0.0
2023-04-05 00:00:00-04:00,4.966855080740646,5.092598122652952,4.957873220750439,5.011763095855713,28300,0.0,0.0
2023-04-06 00:00:00-04:00,4.9848185755472905,5.0656531773594535,4.939910130323786,5.002781867980957,29700,0.0,0.0
2023-04-10 00:00:00-04:00,5.029725821336706,5.083615690375335,4.7782397658231055,4.89500093460083,39200,0.0,0.0
2023-04-11 00:00:00-04:00,4.975835857672575,5.029725725686379,4.679441369457349,4.706386089324951,55700,0.0,0.0
2023-04-12 00:00:00-04:00,4.80518569555066,4.823148989751124,4.70638736330875,4.71536922454834,53600,0.0,0.0
2023-04-13 00:00:00-04:00,4.724350133214409,4.760276714371439,4.571661949157715,4.571661949157715,36000,0.0,0.0
2023-04-14 00:00:00-04:00,4.625552578649272,4.679442459213035,4.445919215158032,4.580644130706787,45900,0.0,0.0
2023-04-17 00:00:00-04:00,4.517771765415935,4.841110973498763,4.499808476078,4.706386089324951,36200,0.0,0.0
2023-04-18 00:00:00-04:00,4.733331237471154,4.841110973498763,4.616569642635277,4.706386089324951,28700,0.0,0.0
2023-04-19 00:00:00-04:00,4.6345332865925535,4.751294890362647,4.5986067051676995,4.616569995880127,35700,0.0,0.0
2023-04-20 00:00:00-04:00,4.607589285128018,4.6884238918343115,4.499809524000494,4.580644130706787,31200,0.0,0.0
2023-04-21 00:00:00-04:00,4.6075888499263336,4.688423448997537,4.46388208705117,4.481845378875732,32300,0.0,0.0
2023-04-24 00:00:00-04:00,4.589625807550956,4.589625807550956,4.418974311803256,4.445919036865234,45300,0.0,0.0
2023-04-25 00:00:00-04:00,4.41897392681489,4.778240179811294,4.347120761871338,4.347120761871338,49800,0.0,0.0
2023-04-26 00:00:00-04:00,4.347120761871338,4.401010635579001,4.266285737170519,4.347120761871338,41800,0.0,0.0
2023-04-27 00:00:00-04:00,4.401010857445063,4.814167004977375,4.3201758286691465,4.526753902435303,26800,0.0,0.0
2023-04-28 00:00:00-04:00,4.457000220437063,4.556648718753979,4.39358746115101,4.438882350921631,24100,0.043,0.0
2023-05-01 00:00:00-04:00,4.447940702047017,4.529471324109482,4.348292643930722,4.4932355880737305,36500,0.0,0.0
2023-05-02 00:00:00-04:00,4.429822632267816,4.556648134580582,4.393586897882461,4.520411968231201,36500,0.0,0.0
2023-05-03 00:00:00-04:00,4.547587829477425,4.674412867600403,4.466057231844979,4.529469966888428,38600,0.0,0.0
2023-05-04 00:00:00-04:00,4.484176233845846,4.520411968231201,4.366410313075459,4.520411968231201,39800,0.0,0.0
2023-05-05 00:00:00-04:00,4.592884189184683,4.665355663008148,4.447940809573696,4.547589302062988,17900,0.0,0.0
2023-05-08 00:00:00-04:00,4.574766159057617,4.73782696939788,4.456999802274295,4.574766159057617,29200,0.0,0.0
2023-05-09 00:00:00-04:00,4.620059967631664,4.737826307974231,4.547588506486694,4.719708442687988,23000,0.0,0.0
2023-05-10 00:00:00-04:00,4.909946929627957,5.109243475599391,4.529471273536634,4.574766159057617,34500,0.0,0.0
2023-05-11 00:00:00-04:00,4.538531122302392,4.583825582834103,4.321116243072212,4.46605920791626,40600,0.0,0.0
2023-05-12 00:00:00-04:00,4.493235450662523,4.493235450662523,4.239584874205301,4.321115493774414,27100,0.0,0.0
2023-05-15 00:00:00-04:00,4.4479404171398,4.755944585678921,4.321115349138288,4.583824634552002,139800,0.0,0.0
2023-05-16 00:00:00-04:00,4.629120173693269,4.656296761848629,4.511353806449163,4.5385308265686035,41900,0.0,0.0
2023-05-17 00:00:00-04:00,4.6019431891622595,4.728768276117575,4.46605895144238,4.5566487312316895,70600,0.0,0.0
2023-05-18 00:00:00-04:00,4.6019425014093605,4.746885436268232,4.456999566550489,4.583824634552002,63000,0.0,0.0
2023-05-19 00:00:00-04:00,4.656296568047834,4.746885911402059,4.420764275326847,4.683473587036133,66100,0.0,0.0
2023-05-22 00:00:00-04:00,4.728768185877492,4.819357963938057,4.665355859591987,4.755945205688477,66600,0.0,0.0
2023-05-23 00:00:00-04:00,4.783121413062936,5.109243003616952,4.7559443978681,5.027712821960449,77500,0.0,0.0
2023-05-24 00:00:00-04:00,5.063949062974107,5.136420534822229,4.7015912717694475,4.828416347503662,50500,0.0,0.0
2023-05-25 00:00:00-04:00,4.891828893627123,4.9461824952051545,4.456999649038845,4.520411968231201,164400,0.0,0.0
2023-05-26 00:00:00-04:00,4.5022929570229735,4.92806337581028,4.484175094433977,4.529469966888428,45900,0.0,0.0
2023-05-30 00:00:00-04:00,4.592883868965937,4.592883868965937,4.4479404994604925,4.520411968231201,44900,0.0,0.0
2023-05-31 00:00:00-04:00,4.556648718753979,4.565707437529654,4.438882350921631,4.438882350921631,51900,0.0,0.0
2023-06-01 00:00:00-04:00,4.429823200181874,4.493235959467927,4.302998113573851,4.438882350921631,77500,0.0,0.0
2023-06-02 00:00:00-04:00,4.529471117809553,4.54758898500223,4.4660583666531695,4.520411968231201,53400,0.0,0.0
2023-06-05 00:00:00-04:00,4.529471117809553,4.75594467370003,4.484176233845846,4.520411968231201,75600,0.0,0.0
2023-06-06 00:00:00-04:00,4.529471117809553,4.620060453772939,4.438881781846168,4.520411968231201,94600,0.0,0.0
2023-06-07 00:00:00-04:00,4.5294717109020795,4.701591687752049,4.475118102206945,4.5566487312316895,128100,0.0,0.0
2023-06-08 00:00:00-04:00,4.5657074500321695,4.701591687752049,4.5294717109020795,4.5566487312316895,72800,0.0,0.0
2023-06-09 00:00:00-04:00,4.75594467370003,4.900887611241448,4.456999649038845,4.520411968231201,81300,0.0,0.0
2023-06-12 00:00:00-04:00,4.5838252841488965,4.647238043118202,4.4479410474798575,4.5385308265686035,95500,0.0,0.0
2023-06-13 00:00:00-04:00,4.601942907430587,4.7287679866216505,4.529471433607123,4.547589302062988,88400,0.0,0.0
2023-06-14 00:00:00-04:00,4.583825166710688,4.583825166710688,4.466058802483771,4.502294540405273,90800,0.0,0.0
2023-06-15 00:00:00-04:00,4.493235602834455,4.529471338989245,4.357351376271968,4.393587112426758,92000,0.0,0.0
2023-06-16 00:00:00-04:00,4.456999866679665,4.601942811298825,4.3482926582152945,4.393587112426758,258700,0.0,0.0
2023-06-20 00:00:00-04:00,4.393587471758807,4.411705341317982,4.203349625405425,4.2214674949646,128000,0.0,0.0
2023-06-21 00:00:00-04:00,4.185232021962774,4.21240904401162,3.904404809957214,3.9949941635131836,136900,0.0,0.0
2023-06-22 00:00:00-04:00,3.9587574304330975,4.212407988815165,3.9315808471560207,4.176172256469727,187800,0.0,0.0
2023-06-23 00:00:00-04:00,4.348293147126855,4.746886289646394,4.348293147126855,4.629120349884033,2394100,0.0,0.0
2023-06-26 00:00:00-04:00,4.7378272873970095,5.054890211432772,4.620060922709304,4.97335958480835,235300,0.0,0.0
2023-06-27 00:00:00-04:00,4.96430086207922,5.272305067320902,4.95524171158902,5.190774440765381,190800,0.0,0.0
2023-06-28 00:00:00-04:00,5.1907738047462875,5.208891671542657,4.620060352714598,4.783121585845947,149800,0.0,0.0
2023-06-29 00:00:00-04:00,4.783121868156745,5.344776203958365,4.746885700461245,5.263245582580566,190600,0.0,0.0
2023-06-30 00:00:00-04:00,5.290422296082851,5.381011630201252,5.000535994939948,5.118302345275879,117100,0.0,0.0
2023-07-03 00:00:00-04:00,5.172656241060588,5.815841197967529,5.172656241060588,5.815841197967529,181200,0.0,0.0
2023-07-05 00:00:00-04:00,5.82489973940449,5.88831249096812,5.553131729768995,5.625603199005127,132500,0.0,0.0
2023-07-06 00:00:00-04:00,5.616544403705181,5.634662272157234,5.127361523535686,5.21795129776001,70800,0.0,0.0
2023-07-07 00:00:00-04:00,5.254186592513334,5.4081882454141965,5.109243225130139,5.2360687255859375,89400,0.0,0.0
2023-07-10 00:00:00-04:00,5.317599672810258,5.761488124088481,5.208892455667703,5.734311103820801,91100,0.0,0.0
2023-07-11 00:00:00-04:00,5.824899216341674,5.824899216341674,5.208891351186639,5.290421962738037,145500,0.0,0.0
2023-07-12 00:00:00-04:00,5.326658769133878,5.408188965175792,5.0277137090640105,5.12736177444458,169400,0.0,0.0
2023-07-13 00:00:00-04:00,5.163596872164882,5.299481091319541,5.00959521788456,5.154538154602051,110700,0.0,0.0
2023-07-14 00:00:00-04:00,5.082066974498732,5.335717128141407,5.082066974498732,5.299481391906738,68700,0.0,0.0
2023-07-17 00:00:00-04:00,5.236068328732831,5.408187835515775,5.054889241226801,5.073007106781006,111400,0.0,0.0
2023-07-18 00:00:00-04:00,5.073008166428612,5.381012377149847,5.073008166428612,5.12736177444458,73500,0.0,0.0
2023-07-19 00:00:00-04:00,5.091125635279852,5.308540482205122,5.073007767366416,5.163597106933594,30900,0.0,0.0
2023-07-20 00:00:00-04:00,5.127361787765379,5.326658782972446,5.073008179608201,5.245128154754639,101300,0.0,0.0
2023-07-21 00:00:00-04:00,5.254187399234692,5.290423138653076,5.163597618724646,5.181715488433838,27400,0.0,0.0
2023-07-24 00:00:00-04:00,5.227010010163338,5.489719318406586,5.154538536436104,5.453483581542969,100700,0.0,0.0
2023-07-25 00:00:00-04:00,5.426306834514448,5.444425135817182,5.063949447741322,5.12736177444458,68400,0.0,0.0
2023-07-26 00:00:00-04:00,5.1364208380571945,5.1726565761204775,4.964300866274565,4.97335958480835,75800,0.0,0.0
2023-07-27 00:00:00-04:00,4.955241795696808,5.145479639579311,4.94618307701692,4.991477966308594,109900,0.0,0.0
2023-07-28 00:00:00-04:00,4.991477830861522,5.217951407246222,4.9824186804633825,5.054890155792236,131300,0.0,0.0
2023-07-31 00:00:00-04:00,5.121533353624438,5.158050489791714,4.9845938753378505,5.021111011505127,150300,0.043,0.0
2023-08-01 00:00:00-04:00,5.066757659977769,5.148920998866801,5.011981520293612,5.0758867263793945,32400,0.0,0.0
2023-08-02 00:00:00-04:00,5.066757649373523,5.066757649373523,4.856783898752383,5.021111011505127,60600,0.0,0.0
2023-08-03 00:00:00-04:00,5.112404801724631,5.112404801724631,4.865913869142226,5.011982440948486,91000,0.0,0.0
2023-08-04 00:00:00-04:00,5.0667582021431015,5.431929603655076,5.0667582021431015,5.368024826049805,107500,0.0,0.0
2023-08-07 00:00:00-04:00,5.368024907051222,6.153143867467756,5.368024907051222,5.9340410232543945,192500,0.0,0.0
2023-08-08 00:00:00-04:00,5.888394446329629,6.4361524336968445,5.72406731131066,6.372247219085693,114500,0.0,0.0
2023-08-09 00:00:00-04:00,6.399635347972929,6.664384841009888,6.335730132808652,6.6461262702941895,109800,0.0,0.0
2023-08-10 00:00:00-04:00,6.591349121224868,6.938262347425807,6.52744435109005,6.573090553283691,152300,0.0,0.0
2023-08-11 00:00:00-04:00,6.518315821021037,6.801323883951171,6.335730114394713,6.673513889312744,97300,0.0,0.0
2023-08-14 00:00:00-04:00,6.655255758380599,6.6917729021186485,6.016205307646036,6.253566741943359,82300,0.0,0.0
2023-08-15 00:00:00-04:00,6.317471960898246,6.344859601041371,6.207920529688363,6.271825313568115,63200,0.0,0.0
2023-08-16 00:00:00-04:00,6.1987905345772045,6.280954319128989,5.7149382007734095,5.961429119110107,173500,0.0,0.0
2023-08-17 00:00:00-04:00,6.007074897048012,6.253565797721699,5.961428691926884,6.171402454376221,65000,0.0,0.0
2023-08-18 00:00:00-04:00,6.180531606584043,6.691771984100342,6.180531606584043,6.691771984100342,56300,0.0,0.0
2023-08-21 00:00:00-04:00,6.719160553156983,6.810453406735475,6.308342059075772,6.6461262702941895,58100,0.0,0.0
2023-08-22 00:00:00-04:00,6.591349604927228,6.646125748089069,6.2535658555681115,6.454410552978516,35300,0.0,0.0
2023-08-23 00:00:00-04:00,6.436152029775132,6.719160073317148,6.436152029775132,6.664384365081787,33900,0.0,0.0
2023-08-24 00:00:00-04:00,6.609608641791353,6.801323850464402,6.408764365491267,6.463540077209473,73100,0.0,0.0
2023-08-25 00:00:00-04:00,6.454411447651324,6.454411447651324,6.1166272161519,6.134885787963867,23000,0.0,0.0
2023-08-28 00:00:00-04:00,6.171402454376221,6.235307228609524,6.0527215374877645,6.171402454376221,35300,0.0,0.0
2023-08-29 00:00:00-04:00,6.171403368648069,6.198791008714404,5.9249119961389205,5.9705586433410645,26500,0.0,0.0
2023-08-30 00:00:00-04:00,5.915782475399414,6.1348853204459655,5.7423258387449,5.961429119110107,33000,0.0,0.0
2023-08-31 00:00:00-04:00,5.943170490762958,6.016204771733294,5.742325782775879,5.742325782775879,28900,0.0,0.0
2023-09-01 00:00:00-04:00,5.751454825052884,5.9340405128595775,5.64190297705025,5.851876735687256,47800,0.0,0.0
2023-09-05 00:00:00-04:00,5.915781888017191,5.943169958587958,5.623644354976345,5.641902923583984,40000,0.0,0.0
2023-09-06 00:00:00-04:00,5.641903351072864,5.696679061046157,5.304119588578239,5.322378158569336,37300,0.0,0.0
2023-09-07 00:00:00-04:00,5.395412921920689,5.5962576451355295,5.258473852378108,5.267602920532227,41000,0.0,0.0
2023-09-08 00:00:00-04:00,5.249343867048751,5.2858610069505545,5.194568157196045,5.194568157196045,14300,0.0,0.0
2023-09-11 00:00:00-04:00,5.148921987319829,5.294990995654523,4.902431052695972,5.085017204284668,56000,0.0,0.0
2023-09-12 00:00:00-04:00,5.057629129184824,5.176310062419673,5.002853414303821,5.085017204284668,35300,0.0,0.0
2023-09-13 00:00:00-04:00,5.331507581430573,5.331507581430573,4.792879121776575,4.9572062492370605,62900,0.0,0.0
2023-09-14 00:00:00-04:00,5.021111464743557,5.085016676464094,4.993723392486572,4.993723392486572,26100,0.0,0.0
2023-09-15 00:00:00-04:00,4.9937238903373675,5.066758611864332,4.9389481756811575,5.057629108428955,26300,0.0,0.0
2023-09-18 00:00:00-04:00,5.121534326297313,5.413671471117702,4.875043392695767,5.0028533935546875,48900,0.0,0.0
2023-09-19 00:00:00-04:00,5.021111028894544,5.158050507655389,4.8841715501337,5.112403869628906,29800,0.0,0.0
2023-09-20 00:00:00-04:00,5.167179556174233,5.167179556174233,5.021111011505127,5.021111011505127,34000,0.0,0.0
2023-09-21 00:00:00-04:00,5.06675861164349,5.06675861164349,4.9754653185684345,5.0028533935546875,25100,0.0,0.0
2023-09-22 00:00:00-04:00,5.121533353624438,5.139791921708076,4.948076739170574,5.021111011505127,15100,0.0,0.0
2023-09-25 00:00:00-04:00,5.021111462833211,5.148921450907019,4.929818614209062,4.975464820861816,28700,0.0,0.0
2023-09-26 00:00:00-04:00,4.902431032577017,5.121534326520543,4.902431032577017,5.057629108428955,41000,0.0,0.0
2023-09-27 00:00:00-04:00,5.066758612008922,5.121534326666696,5.039370537020694,5.094146251678467,29800,0.0,0.0
2023-09-28 00:00:00-04:00,5.130662449992513,5.185438154563558,5.0028524726600745,5.066757678985596,29800,0.0,0.0
2023-09-29 00:00:00-04:00,5.112403895466592,5.185438168423191,5.021111054270843,5.139791965484619,14500,0.0,0.0
2023-10-02 00:00:00-04:00,5.167180008526503,5.194568080708905,4.802008614885409,4.865913391113281,60200,0.0,0.0
2023-10-03 00:00:00-04:00,4.929819084144155,4.929819084144155,4.674198648310876,4.683328151702881,48100,0.0,0.0
2023-10-04 00:00:00-04:00,4.82026713775109,4.82026713775109,4.455095312338053,4.637681007385254,56700,0.0,0.0
2023-10-05 00:00:00-04:00,4.674199105937256,4.84765576949945,4.5555181621338505,4.655940532684326,27000,0.0,0.0
2023-10-06 00:00:00-04:00,4.582905320390304,4.774620518749389,4.582905320390304,4.646810531616211,15100,0.0,0.0
2023-10-09 00:00:00-04:00,4.592035743958434,4.738104329981872,4.573777170705505,4.655940532684326,26700,0.0,0.0
2023-10-10 00:00:00-04:00,4.683328129842707,4.728974340633626,4.573776701562085,4.6011643409729,17000,0.0,0.0
2023-10-11 00:00:00-04:00,4.646810531616211,4.73810337956848,4.6194224595712114,4.646810531616211,13600,0.0,0.0
2023-10-12 00:00:00-04:00,4.6833281075313105,4.6833281075313105,4.500741959281436,4.537259101867676,42300,0.0,0.0
2023-10-13 00:00:00-04:00,4.546388625092064,4.573776699811074,4.436837196853382,4.473354339599609,21700,0.0,0.0
2023-10-16 00:00:00-04:00,4.4733548192804955,4.719845776908262,4.4733548192804955,4.665070056915283,29100,0.0,0.0
2023-10-17 00:00:00-04:00,4.674198214405699,5.066758117447,4.674198214405699,4.893301486968994,52600,0.0,0.0
2023-10-18 00:00:00-04:00,4.893301963423378,5.267602897820839,4.756362459152529,4.802009105682373,47800,0.0,0.0
2023-10-19 00:00:00-04:00,4.765491967260586,4.8385266955153,4.68332860536696,4.710716247558594,16900,0.0,0.0
2023-10-20 00:00:00-04:00,4.719845756728942,4.811138622993591,4.564647666419678,4.655940532684326,16200,0.0,0.0
2023-10-23 00:00:00-04:00,4.592034818792358,4.674198164217573,4.573776249218017,4.610293388366699,26100,0.0,0.0
2023-10-24 00:00:00-04:00,4.646810986834436,4.674198626243789,4.555517694620112,4.5829057693481445,13100,0.0,0.0
2023-10-25 00:00:00-04:00,4.84765576949945,5.203698165590942,4.655940532684326,4.655940532684326,25200,0.0,0.0
2023-10-26 00:00:00-04:00,4.65594055602309,4.957207233865947,4.52813054261191,4.6285529136657715,12200,0.0,0.0
2023-10-27 00:00:00-04:00,4.655940078075158,4.884172439111379,4.655940078075158,4.829396724700928,31800,0.0,0.0
2023-10-30 00:00:00-04:00,4.865913389163262,4.95720623753695,4.6833276924158875,4.847654819488525,32200,0.0,0.0
2023-10-31 00:00:00-04:00,4.7031559855881175,4.988474586042409,4.7031559855881175,4.914844036102295,16600,0.043,0.0
2023-11-01 00:00:00-04:00,4.832008694271327,5.03449267502255,4.776785790430084,4.933250904083252,18000,0.0,0.0
2023-11-02 00:00:00-04:00,4.933251216457555,5.052900629586822,4.8872319075729225,4.942454814910889,26500,0.0,0.0
2023-11-03 00:00:00-04:00,5.062104411961736,5.264588395336247,4.970066237700595,5.080512046813965,43300,0.0,0.0
2023-11-06 00:00:00-05:00,5.200161457061768,5.282995587519704,5.089715657202789,5.200161457061768,30900,0.0,0.0
2023-11-07 00:00:00-05:00,5.2461804334268605,5.402645539352776,5.19095753231288,5.282995700836182,31900,0.0,0.0
2023-11-08 00:00:00-05:00,5.24618045689378,5.448664867423392,5.24618045689378,5.375034332275391,47800,0.0,0.0
2023-11-09 00:00:00-05:00,5.614333526009153,5.945671370362683,5.568314661350882,5.9272637367248535,74900,0.0,0.0
2023-11-10 00:00:00-05:00,5.927264087698895,5.927264087698895,5.375034606991976,5.752391338348389,76300,0.0,0.0
2023-11-13 00:00:00-05:00,5.890448775683935,5.908856410278746,5.632741452483942,5.8168182373046875,65700,0.0,0.0
2023-11-14 00:00:00-05:00,5.761594833898061,5.936467127948243,5.540702799042556,5.72477912902832,64100,0.0,0.0
2023-11-15 00:00:00-05:00,5.826021899610863,6.02850632126622,5.752391360417144,5.9640793800354,52200,0.0,0.0
2023-11-16 00:00:00-05:00,6.037709899897958,6.074525169376945,5.936467689394431,6.056117534637451,41000,0.0,0.0
2023-11-17 00:00:00-05:00,5.973283038660305,6.056117615530785,5.872041265677091,5.9916911125183105,48400,0.0,0.0
2023-11-20 00:00:00-05:00,5.991691054230017,6.267805576324463,5.991691054230017,6.267805576324463,33900,0.0,0.0
2023-11-21 00:00:00-05:00,6.29541770595214,6.41506712146106,6.157360215425132,6.240194797515869,62900,0.0,0.0
2023-11-22 00:00:00-05:00,6.21258246249422,6.258601767395076,6.05611735247845,6.2217864990234375,25600,0.0,0.0
2023-11-24 00:00:00-05:00,6.258602618856799,6.2954178922370305,6.0100993041039,6.046914577484131,20100,0.0,0.0
2023-11-27 00:00:00-05:00,6.046914379792197,6.046914379792197,5.761595800986994,5.936468124389648,47700,0.0,0.0
2023-11-28 00:00:00-05:00,5.936467459925178,5.9732827279811005,5.835225692207698,5.918059825897217,31600,0.0,0.0
2023-11-29 00:00:00-05:00,5.8904487573691595,5.964079295519473,5.798410584681268,5.908856391906738,16300,0.0,0.0
2023-11-30 00:00:00-05:00,5.964079295519473,5.964079295519473,5.816818219218847,5.908856391906738,14400,0.0,0.0
2023-12-01 00:00:00-05:00,5.918060258447545,6.000894837064047,5.872041389450435,5.982487201690674,44300,0.0,0.0
2023-12-04 00:00:00-05:00,5.890448713460082,6.046913825299474,5.706371930583835,5.789206504821777,27100,0.0,0.0
2023-12-05 00:00:00-05:00,5.8444294929504395,5.982486972395633,5.8444294929504395,5.8444294929504395,50200,0.0,0.0
2023-12-06 00:00:00-05:00,5.86283708612648,6.065321504912466,5.844429451588901,5.908856391906738,17600,0.0,0.0
2023-12-07 00:00:00-05:00,5.908856600674225,6.0008947766139435,5.844429658080102,5.954875469207764,27800,0.0,0.0
2023-12-08 00:00:00-05:00,5.872040936298629,5.964079106062809,5.844429265933069,5.890448570251465,23600,0.0,0.0
2023-12-11 00:00:00-05:00,5.927264423700401,6.019302602556858,5.8168186090726515,5.853633880615234,53100,0.0,0.0
2023-12-12 00:00:00-05:00,5.89044879905638,5.945671703059932,5.816818260384977,5.8444294929504395,34900,0.0,0.0
2023-12-13 00:00:00-05:00,5.862836867062244,5.862836867062244,5.522295421405027,5.678760528564453,54700,0.0,0.0
2023-12-14 00:00:00-05:00,5.706371496029743,5.8812442289525135,5.614333331036862,5.72477912902832,40700,0.0,0.0
2023-12-15 00:00:00-05:00,5.73398425209554,5.76159592626472,5.319812211666553,5.3842387199401855,91000,0.0,0.0
2023-12-18 00:00:00-05:00,5.467073031972216,5.476276630322929,5.292200274582174,5.31060791015625,63200,0.0,0.0
2023-12-19 00:00:00-05:00,5.338219722600971,5.549907756676901,5.319812086545353,5.393442630767822,93300,0.0,0.0
2023-12-20 00:00:00-05:00,5.375034808578545,5.54070352734211,5.2737925943422646,5.494684219360352,30100,0.0,0.0
2023-12-21 00:00:00-05:00,5.5222958697473565,5.586722812888561,5.365830749884891,5.4670729637146,44000,0.0,0.0
2023-12-22 00:00:00-05:00,5.4026449244849335,5.522294749384341,5.29219913482666,5.29219913482666,25500,0.0,0.0
2023-12-26 00:00:00-05:00,5.375033817359764,5.531498908996582,5.347422149888092,5.531498908996582,47600,0.0,0.0
2023-12-27 00:00:00-05:00,5.531499762485933,5.68796443939209,5.430257551298605,5.68796443939209,33500,0.0,0.0
2023-12-28 00:00:00-05:00,5.660352802980781,6.626754222741216,5.614333499665836,6.387454986572266,188300,0.0,0.0
2023-12-29 00:00:00-05:00,6.433474309821328,6.783219811113917,6.166563384853991,6.175767421722412,103300,0.0,0.0
2024-01-02 00:00:00-05:00,6.249398329462661,6.7924242482668244,6.249398329462661,6.727997303009033,98200,0.0,0.0
2024-01-03 00:00:00-05:00,6.681978223624146,6.691181821874509,5.862837352327426,5.982487201690674,95600,0.0,0.0
2024-01-04 00:00:00-05:00,6.083729225661509,6.083729225661509,5.9180600736030105,5.9640793800354,66700,0.0,0.0
2024-01-05 00:00:00-05:00,5.95487534319987,6.00089464963226,5.816818301647964,5.9640793800354,32300,0.0,0.0
2024-01-08 00:00:00-05:00,5.872041017543152,6.4242704826413926,5.816818114920589,6.34143590927124,68900,0.0,0.0
2024-01-09 00:00:00-05:00,6.359844422204611,6.359844422204611,6.0561181963790185,6.074525833129883,53000,0.0,0.0
2024-01-10 00:00:00-05:00,6.157359598231096,6.746404334713352,6.157359598231096,6.737200736999512,59100,0.0,0.0
2024-01-11 00:00:00-05:00,6.8476465762516705,7.2894302404896045,6.617550926937592,7.068538188934326,98700,0.0,0.0
2024-01-12 00:00:00-05:00,7.132965335874587,7.501118034370007,7.105353664051114,7.482710838317871,158200,0.0,0.0
2024-01-16 00:00:00-05:00,7.510322677041355,7.657583768317406,6.91207427429606,6.930481910705566,182900,0.0,0.0
2024-01-17 00:00:00-05:00,6.967296166059044,7.188187770715329,6.45188198298844,6.626754283905029,81600,0.0,0.0
2024-01-18 00:00:00-05:00,6.6727742788139235,6.810831765460466,6.405863342771179,6.55312442779541,103800,0.0,0.0
2024-01-19 00:00:00-05:00,6.635958465779383,7.132965026031789,6.6175508316542055,7.105353355407715,93200,0.0,0.0
2024-01-22 00:00:00-05:00,7.09614943277167,7.307837434952025,6.948888366514934,7.188187599182129,80400,0.0,0.0
2024-01-23 00:00:00-05:00,7.1697800532850176,7.436690958564747,7.151372419778574,7.243410587310791,86600,0.0,0.0
2024-01-24 00:00:00-05:00,7.317042458034057,7.445896354991147,7.22500427368805,7.280227184295654,50900,0.0,0.0
2024-01-25 00:00:00-05:00,7.234207734485728,7.261818968150639,7.086946212406499,7.197392463684082,52400,0.0,0.0
2024-01-26 00:00:00-05:00,7.289429619824288,7.353856115268097,6.902868891671093,7.077741622924805,65600,0.0,0.0
2024-01-29 00:00:00-05:00,7.022519980460027,7.086946487426758,6.7187937651235465,7.086946487426758,75800,0.0,0.0
2024-01-30 00:00:00-05:00,6.985704046188461,7.473506576447077,6.967296411817808,7.4643025398254395,59000,0.0,0.0
2024-01-31 00:00:00-05:00,7.383802898030043,7.661389207753292,7.272768374140744,7.43006706237793,71200,0.043,0.0
2024-02-01 00:00:00-05:00,7.402307525965291,8.373860565233,7.402307525965291,8.198055267333984,129000,0.0,0.0
2024-02-02 00:00:00-05:00,8.077768371668853,8.373861298690109,7.948228543369457,8.124032974243164,107500,0.0,0.0
2024-02-05 00:00:00-05:00,8.012998515599477,8.151792324328428,7.689148060079738,7.874205589294434,77800,0.0,0.0
2024-02-06 00:00:00-05:00,7.7816775848994615,8.151793582895493,7.7816775848994615,7.994494438171387,61100,0.0,0.0
2024-02-07 00:00:00-05:00,8.03150613073269,8.170299081594122,7.800183957680934,7.827942371368408,45700,0.0,0.0
2024-02-08 00:00:00-05:00,7.929722713580005,8.040757235403797,7.716906767357054,7.938975811004639,30300,0.0,0.0
2024-02-09 00:00:00-05:00,7.985239861793837,8.216561986819995,7.781676144692132,8.096274375915527,51900,0.0,0.0
2024-02-12 00:00:00-05:00,8.050008471327326,8.651446428491663,8.050008471327326,8.586675643920898,80600,0.0,0.0
2024-02-13 00:00:00-05:00,8.373862854309923,8.475644292942317,8.077769872283215,8.410874366760254,63600,0.0,0.0
2024-02-14 00:00:00-05:00,8.410873240450336,8.549666172947136,8.272079425529592,8.475643157958984,36900,0.0,0.0
2024-02-15 00:00:00-05:00,8.457136388935524,9.28064250946045,8.457136388935524,9.28064250946045,97700,0.0,0.0
2024-02-16 00:00:00-05:00,9.151104448012756,9.78955318511878,8.919782301138637,9.391678810119629,120300,0.0,0.0
2024-02-20 00:00:00-05:00,9.234378695922091,9.299149490195168,8.642194627760464,9.049321174621582,76400,0.0,0.0
2024-02-21 00:00:00-05:00,8.9752975531427,9.030815246953262,8.595929439779246,8.716217041015625,33700,0.0,0.0
2024-02-22 00:00:00-05:00,8.799492123471031,8.86426202341072,8.383112556500441,8.420124053955078,65300,0.0,0.0
2024-02-23 00:00:00-05:00,8.420125937014303,9.59524190581726,8.420125937014303,9.55823040008545,94100,0.0,0.0
2024-02-26 00:00:00-05:00,9.622999519687994,9.789551722936539,9.289895995614735,9.493459701538086,117200,0.0,0.0
2024-02-27 00:00:00-05:00,9.622998561188886,9.70627465451844,8.919780080411664,9.040067672729492,51500,0.0,0.0
2024-02-28 00:00:00-05:00,9.058574532747413,9.197367457122763,8.808747092387,9.077080726623535,79100,0.0,0.0
2024-02-29 00:00:00-05:00,9.12334439982191,9.243632012130046,8.864263863848016,9.030816078186035,60300,0.0,0.0
2024-03-01 00:00:00-05:00,9.123344998545827,9.25288571624589,8.688460005227512,9.067828178405762,61300,0.0,0.0
2024-03-04 00:00:00-05:00,9.114092616348076,9.576736893676934,9.058574914802083,9.382426261901855,127600,0.0,0.0
2024-03-05 00:00:00-05:00,9.271390270791866,9.391676987286845,8.94753897505489,8.984550476074219,45100,0.0,0.0
2024-03-06 00:00:00-05:00,8.95679234652344,8.993803848681642,8.595929538663091,8.808746337890625,44400,0.0,0.0
2024-03-07 00:00:00-05:00,8.808746814859843,9.262137961453664,8.605183100755402,9.252884864807129,62400,0.0,0.0
2024-03-08 00:00:00-05:00,9.2528851090208,9.280643517269175,8.9752983792654,9.030816078186035,52500,0.0,0.0
2024-03-11 00:00:00-04:00,9.077081333939594,9.33616188857225,9.003057435906312,9.206621170043945,75500,0.0,0.0
2024-03-12 00:00:00-04:00,8.864264094086256,9.345414555816088,8.632941960352431,9.104839324951172,109000,0.0,0.0
2024-03-13 00:00:00-04:00,9.104839744187105,9.419438001738733,9.104839744187105,9.206621170043945,82000,0.0,0.0
2024-03-14 00:00:00-04:00,9.123344230793174,9.206620336419322,8.901275204072693,9.095585823059082,82600,0.0,0.0
2024-03-15 00:00:00-04:00,9.16960966223928,9.576737130514546,9.160356564682127,9.206621170043945,180000,0.0,0.0
2024-03-18 00:00:00-04:00,9.141852090052742,9.141852090052742,7.559608442112383,7.901965141296387,265700,0.0,0.0
2024-03-19 00:00:00-04:00,7.82794056399754,8.53116001949232,7.716906052460026,8.364607810974121,83800,0.0,0.0
2024-03-20 00:00:00-04:00,8.420125424177222,9.104838679724473,8.420125424177222,9.021562576293945,90500,0.0,0.0
2024-03-21 00:00:00-04:00,9.021563469506763,9.18811569285793,8.83650593379654,8.882770538330078,75400,0.0,0.0
2024-03-22 00:00:00-04:00,8.882769942770903,9.003056671099785,8.623688527723171,8.845758438110352,44200,0.0,0.0
2024-03-25 00:00:00-04:00,8.836506120807048,9.03081675802104,8.7069654018564,8.910529136657715,108900,0.0,0.0
2024-03-26 00:00:00-04:00,9.08633189013473,9.215872585012125,8.697710687926332,8.780986785888672,58800,0.0,0.0
2024-03-27 00:00:00-04:00,8.780987202436146,9.160355326773026,8.568171281924759,9.086332321166992,117500,0.0,0.0
2024-03-28 00:00:00-04:00,9.114092393101053,9.706276488825301,9.06782779001662,9.697023391723633,61100,0.0,0.0
2024-04-01 00:00:00-04:00,9.585988765870935,10.122656037792009,9.22512680720698,10.057886123657227,74000,0.0,0.0
2024-04-02 00:00:00-04:00,9.835816931992662,10.25219658351784,9.706276223383634,9.826563835144043,95000,0.0,0.0
2024-04-03 00:00:00-04:00,9.82656364439956,9.900586652903884,9.632253026469744,9.798805236816406,43000,0.0,0.0
2024-04-04 00:00:00-04:00,9.919093492135843,10.057886421513157,9.53047223097066,9.882081985473633,97400,0.0,0.0
2024-04-05 00:00:00-04:00,9.863573582852489,9.965355865206341,9.724780684545616,9.761792182922363,32500,0.0,0.0
2024-04-08 00:00:00-04:00,9.826563225611345,9.826563225611345,9.493459701538086,9.493459701538086,26900,0.0,0.0
2024-04-09 00:00:00-04:00,9.493460440082837,9.558230354196574,9.354666632436961,9.51196575164795,47400,0.0,0.0
2024-04-10 00:00:00-04:00,9.345414942479836,9.613748593416341,9.215874224556579,9.410184860229492,30600,0.0,0.0
2024-04-11 00:00:00-04:00,9.345414462733507,9.576736594163307,9.345414462733507,9.55823040008545,40900,0.0,0.0
2024-04-12 00:00:00-04:00,9.465700547242394,9.465700547242394,9.030815605238708,9.178861618041992,36200,0.0,0.0
2024-04-15 00:00:00-04:00,9.067828374858404,9.65076029350187,9.067828374858404,9.437943458557129,169200,0.0,0.0
2024-04-16 00:00:00-04:00,9.437941874580085,9.437941874580085,8.595929538663091,8.808746337890625,72200,0.0,0.0
2024-04-17 00:00:00-04:00,8.956792930891424,9.178861958329094,8.327596470727485,8.595930099487305,89900,0.0,0.0
2024-04-18 00:00:00-04:00,8.605183077235754,8.78098750092008,8.605183077235754,8.706964492797852,27500,0.0,0.0
2024-04-19 00:00:00-04:00,8.7069637837941,8.966044291125103,8.688458474482353,8.780986785888672,46600,0.0,0.0
2024-04-22 00:00:00-04:00,8.882770595915103,9.262138767186403,8.558919244504803,8.771735191345215,87000,0.0,0.0
2024-04-23 00:00:00-04:00,8.975299025658801,9.24363267784861,8.966045928101646,9.206621170043945,31100,0.0,0.0
2024-04-24 00:00:00-04:00,9.262138366699219,9.299149872480854,8.975298535073618,9.262138366699219,39400,0.0,0.0
2024-04-25 00:00:00-04:00,9.17886293946667,9.17886293946667,8.799494756436983,8.892023086547852,24500,0.0,0.0
2024-04-26 00:00:00-04:00,8.984551552802598,9.206620585531816,8.780987831588867,8.873517036437988,28000,0.0,0.0
2024-04-29 00:00:00-04:00,8.845759813978262,8.892023540181894,8.577426142846729,8.605184555053711,53200,0.0,0.0
2024-04-30 00:00:00-04:00,8.63585944887676,8.76600189157798,8.329095942852256,8.496421813964844,35000,0.043,0.0
2024-05-01 00:00:00-04:00,8.431350436973586,8.626563664423342,8.375575735715309,8.4220552444458,39200,0.0,0.0
2024-05-02 00:00:00-04:00,8.561493577730712,8.645156522919041,8.47783063254238,8.635860443115234,38000,0.0,0.0
2024-05-03 00:00:00-04:00,8.747409481785718,8.803185066055315,8.65445135670017,8.738113403320312,48000,0.0,0.0
2024-05-06 00:00:00-04:00,8.738113923709685,9.202907236386219,8.738113923709685,9.137836456298828,37800,0.0,0.0
2024-05-07 00:00:00-04:00,9.091358109966915,9.156429784895966,8.728819847106934,8.728819847106934,32800,0.0,0.0
2024-05-08 00:00:00-04:00,8.728818446937701,8.82177657453186,8.39416670533472,8.580083847045898,56300,0.0,0.0
2024-05-09 00:00:00-04:00,8.245433041949177,9.33304943570622,8.245433041949177,9.323753356933594,49100,0.0,0.0
2024-05-10 00:00:00-04:00,9.500375857497138,10.178973689771189,9.165724094492582,9.862914085388184,134000,0.0,0.0
2024-05-13 00:00:00-04:00,9.983759151648924,10.54151142605773,9.091356044508512,9.825729370117188,222900,0.0,0.0
2024-05-14 00:00:00-04:00,9.825729958227782,10.327706680631971,9.825729958227782,10.309115409851074,74900,0.0,0.0
2024-05-15 00:00:00-04:00,10.364891439482502,10.467146544736133,10.19756643487987,10.429963111877441,61600,0.0,0.0
2024-05-16 00:00:00-04:00,10.457849626995046,10.82038873321245,10.374186688135422,10.792500495910645,66200,0.0,0.0
2024-05-17 00:00:00-04:00,10.764613309929459,10.764613309929459,10.337003416507265,10.411370277404785,45800,0.0,0.0
2024-05-20 00:00:00-04:00,10.448552853485547,10.857571441499765,10.374185998668933,10.606582641601562,75500,0.0,0.0
2024-05-21 00:00:00-04:00,10.597288181218632,10.764614073366424,10.504330041765506,10.653063774108887,67000,0.0,0.0
2024-05-22 00:00:00-04:00,10.690247012103477,10.690247012103477,10.123199446261905,10.178974151611328,74400,0.0,0.0
2024-05-23 00:00:00-04:00,10.132494854493057,10.132494854493057,9.872210822118697,9.937281608581543,52300,0.0,0.0
2024-05-24 00:00:00-04:00,9.937281259278167,10.151086657533906,9.676997236053,9.732772827148438,61000,0.0,0.0
2024-05-28 00:00:00-04:00,9.909393934617482,10.0860159014763,9.723476774652632,9.872210502624512,121500,0.0,0.0
2024-05-29 00:00:00-04:00,9.844323242969274,10.086015996461192,9.77925245799951,10.011649131774902,87300,0.0,0.0
2024-05-30 00:00:00-04:00,9.267979347454636,10.439257877812308,9.267979347454636,10.253340721130371,69400,0.0,0.0
2024-05-31 00:00:00-04:00,10.374187375489822,10.374187375489822,9.965169619715233,10.011649131774902,43900,0.0,0.0
2024-06-03 00:00:00-04:00,10.011650029063594,10.718135306901699,9.779253334459774,9.98376178741455,76500,0.0,0.0
2024-06-04 00:00:00-04:00,9.974464461801452,10.188269855140666,9.853618975832285,10.058127403259277,45200,0.0,0.0
2024-06-05 00:00:00-04:00,10.113903358290711,10.420666897031525,10.095311198840744,10.20686149597168,59500,0.0,0.0
2024-06-06 00:00:00-04:00,10.216157470190222,10.42996286904201,9.835027070631542,9.872210502624512,50100,0.0,0.0
2024-06-07 00:00:00-04:00,9.751363519063444,10.095310465185626,9.751363519063444,9.881505966186523,41900,0.0,0.0
2024-06-10 00:00:00-04:00,9.788547110800323,9.816435348410282,9.491079668477344,9.500375747680664,113200,0.0,0.0
2024-06-11 00:00:00-04:00,9.481782528626683,9.574741537215525,9.249385893677388,9.305161476135254,45700,0.0,0.0
2024-06-12 00:00:00-04:00,9.509670556834838,9.64910907969234,9.258682634127926,9.379528999328613,51600,0.0,0.0
2024-06-13 00:00:00-04:00,9.388825859056848,9.602630370755831,8.858960846564297,9.044878005981445,53400,0.0,0.0
2024-06-14 00:00:00-04:00,8.942623388872065,9.10065318892002,8.710226728392469,8.756706237792969,39800,0.0,0.0
2024-06-17 00:00:00-04:00,8.673043617412166,9.016990581199142,8.607972833770097,8.82177734375,99700,0.0,0.0
2024-06-18 00:00:00-04:00,8.858961030548544,9.10065378607182,8.635860434614582,8.663747787475586,62800,0.0,0.0
2024-06-20 00:00:00-04:00,8.663747387431576,8.8961440524294,8.273320919313395,8.37557601928711,62100,0.0,0.0
2024-06-21 00:00:00-04:00,8.273319922366973,8.533604794096357,8.152474451270322,8.291912078857422,70400,0.0,0.0
2024-06-24 00:00:00-04:00,8.273321150214077,8.356984093791917,7.743457022918358,7.817823886871338,111200,0.0,0.0
2024-06-25 00:00:00-04:00,7.752752636287062,7.855006846442031,7.464580390907941,7.501763820648193,89100,0.0,0.0
2024-06-26 00:00:00-04:00,7.445989036499657,7.566835403442383,7.092746014633891,7.566835403442383,153000,0.0,0.0
2024-06-27 00:00:00-04:00,7.64120151721067,8.078106547578807,7.585425935396229,8.013035774230957,148200,0.0,0.0
2024-06-28 00:00:00-04:00,7.9758537806566885,8.254729966757733,7.947966428003472,7.98514986038208,1687500,0.0,0.0
2024-07-01 00:00:00-04:00,7.9851490500568865,7.9851490500568865,7.185704448520708,7.287959098815918,135000,0.0,0.0
2024-07-02 00:00:00-04:00,7.185704563657824,7.334438280462077,7.009083053322052,7.222887992858887,69700,0.0,0.0
2024-07-03 00:00:00-04:00,7.176407896631141,7.315845966339111,7.055561983261544,7.315845966339111,28900,0.0,0.0
2024-07-05 00:00:00-04:00,7.250776031920459,7.250776031920459,6.618656827574307,6.665136337280273,110300,0.0,0.0
2024-07-08 00:00:00-04:00,6.572177245762334,6.962603234978476,6.572177245762334,6.925419807434082,108000,0.0,0.0
2024-07-09 00:00:00-04:00,6.888237154279215,6.90682887014153,6.5349945528952205,6.823166370391846,44400,0.0,0.0
2024-07-10 00:00:00-04:00,6.8789415179787925,7.009083529015001,6.785982938667215,6.823166370391846,90500,0.0,0.0
2024-07-11 00:00:00-04:00,6.981196029616645,7.315846908080431,6.869645293533921,7.232184410095215,84000,0.0,0.0
2024-07-12 00:00:00-04:00,7.34373414226178,7.436692712515944,7.036970638792326,7.092745780944824,69800,0.0,0.0
2024-07-15 00:00:00-04:00,7.129929668468131,7.167113098965735,6.897533006227378,7.036971092224121,159100,0.0,0.0
2024-07-16 00:00:00-04:00,7.064858255048946,7.715569157925663,7.064858255048946,7.706273078918457,86700,0.0,0.0
2024-07-17 00:00:00-04:00,7.696977561337992,7.929374234332086,7.5482438324654435,7.873599529266357,69000,0.0,0.0
2024-07-18 00:00:00-04:00,7.89219143085307,8.133884202787128,7.817824560492286,7.836416721343994,105500,0.0,0.0
2024-07-19 00:00:00-04:00,7.873598761679308,7.920078269051491,7.557539175375911,7.631906032562256,33500,0.0,0.0
2024-07-22 00:00:00-04:00,7.752751791149031,8.09669870038296,7.669088861722951,8.040923118591309,62200,0.0,0.0
2024-07-23 00:00:00-04:00,7.994444670919607,8.28261600447337,7.994444670919607,8.26402473449707,65600,0.0,0.0
2024-07-24 00:00:00-04:00,8.143179339656562,8.254729632272321,7.87359924420442,7.920078754425049,40500,0.0,0.0
2024-07-25 00:00:00-04:00,7.975853065850087,8.226841876803961,7.882894049973198,8.143178939819336,46600,0.0,0.0
2024-07-26 00:00:00-04:00,8.319800764866377,8.394167629740481,8.013037225629954,8.384872436523438,37900,0.0,0.0
2024-07-29 00:00:00-04:00,8.245433851447727,8.245433851447727,7.63190677658699,7.873599529266357,105100,0.0,0.0
2024-07-30 00:00:00-04:00,7.8735985660700685,8.04092354732094,7.6412019215056155,7.929373264312744,83100,0.0,0.0
2024-07-31 00:00:00-04:00,7.957261751018449,8.245433102917744,7.678385591437646,8.031628608703613,69900,0.0,0.0
2024-08-01 00:00:00-04:00,8.07180113722604,8.333387025329216,7.557971045948418,7.847583770751953,66500,0.043,0.0
2024-08-02 00:00:00-04:00,7.483232498168945,7.7261341344615975,7.343096973036919,7.483232498168945,50700,0.0,0.0
2024-08-05 00:00:00-04:00,7.062825840772098,7.259015484583425,6.539653605768078,6.689131259918213,120200,0.0,0.0
2024-08-06 00:00:00-04:00,6.819924647711717,6.997429139143862,6.670446548194078,6.745185375213623,90800,0.0,0.0
2024-08-07 00:00:00-04:00,7.025456351744743,7.128222460607994,6.698473764065536,6.791897296905518,74100,0.0,0.0
2024-08-08 00:00:00-04:00,6.679789061869432,6.894663410281295,6.539653539778469,6.735843181610107,47200,0.0,0.0
2024-08-09 00:00:00-04:00,6.623734767641791,6.79189712243397,6.4649145431543555,6.492941379547119,62300,0.0,0.0
2024-08-12 00:00:00-04:00,6.427545149574045,6.427545149574045,5.932399768591198,6.156616687774658,117200,0.0,0.0
2024-08-13 00:00:00-04:00,6.259382139547583,6.801239490509033,6.165958611960615,6.801239490509033,43200,0.0,0.0
2024-08-14 00:00:00-04:00,6.91334811686152,6.941374953992586,6.642419648708981,6.735843181610107,45400,0.0,0.0
2024-08-15 00:00:00-04:00,6.932033454808642,6.988087579654706,6.8012404968344935,6.866636753082275,36000,0.0,0.0
2024-08-16 00:00:00-04:00,6.8666361276716845,6.8666361276716845,6.698473768449657,6.735843181610107,18400,0.0,0.0
2024-08-19 00:00:00-04:00,6.707815894610262,6.904005536313495,6.492941546339034,6.791897296905518,41400,0.0,0.0
2024-08-20 00:00:00-04:00,6.773212511038746,6.773212511038746,6.530310883020072,6.558338165283203,33300,0.0,0.0
2024-08-21 00:00:00-04:00,6.530310813734968,6.679788908421509,6.530310813734968,6.661104202270508,10200,0.0,0.0
2024-08-22 00:00:00-04:00,6.679788979292541,6.707815816077133,6.539653458933962,6.558338165283203,23400,0.0,0.0
2024-08-23 00:00:00-04:00,6.539653103835193,7.100194709353935,6.539653103835193,7.016113758087158,34300,0.0,0.0
2024-08-26 00:00:00-04:00,6.969402532558898,7.212303728416662,6.8853211266380825,6.997429370880127,79800,0.0,0.0
2024-08-27 00:00:00-04:00,6.894663571012147,7.016114389354189,6.735843338638487,6.754528045654297,16800,0.0,0.0
2024-08-28 00:00:00-04:00,6.782555239240596,6.885320903729539,6.661104422504337,6.689131259918213,39800,0.0,0.0
2024-08-29 00:00:00-04:00,6.707815265581594,6.8199239399550695,6.595707036686621,6.71715784072876,29100,0.0,0.0
2024-08-30 00:00:00-04:00,6.679789066314697,6.847951425648634,6.586365533351399,6.679789066314697,33700,0.0,0.0
2024-09-03 00:00:00-04:00,6.5303104075658345,6.679788492955208,6.399517472643826,6.446229457855225,40300,0.0,0.0
2024-09-04 00:00:00-04:00,6.4462305638868775,6.492942111634446,6.278067744655598,6.296752452850342,26100,0.0,0.0
2024-09-05 00:00:00-04:00,6.278066953765712,6.352806222607867,6.193986000220892,6.259382247924805,19700,0.0,0.0
2024-09-06 00:00:00-04:00,6.352806647387742,6.352806647387742,5.895030655458569,5.913715362548828,63900,0.0,0.0
2024-09-09 00:00:00-04:00,5.913715117584518,6.00713864916592,5.754894891156864,5.7735795974731445,57200,0.0,0.0
2024-09-10 00:00:00-04:00,5.820291759941426,6.063192949312129,5.820291759941426,5.960427284240723,46800,0.0,0.0
2024-09-11 00:00:00-04:00,5.988454265853938,6.10056295527706,5.979112134931172,6.091220378875732,42900,0.0,0.0
2024-09-12 00:00:00-04:00,6.156616684672084,6.306094333733374,6.137931978539423,6.212670803070068,47300,0.0,0.0
2024-09-13 00:00:00-04:00,6.268725164549102,6.455572233121044,6.137932216548743,6.352806568145752,59600,0.0,0.0
2024-09-16 00:00:00-04:00,6.352806382694532,6.4182026320463885,6.240697699345494,6.278067111968994,24300,0.0,0.0
2024-09-17 00:00:00-04:00,6.343463001450445,6.436886521148398,6.11924655417536,6.240696907043457,36400,0.0,0.0
2024-09-18 00:00:00-04:00,6.259382345662455,6.408860440202278,6.128589402733826,6.212670803070068,88000,0.0,0.0
2024-09-19 00:00:00-04:00,6.352806473734107,6.352806473734107,6.2780672019375094,6.343463897705078,56400,0.0,0.0
2024-09-20 00:00:00-04:00,6.287410277031713,6.352806977990165,6.1192479044681525,6.175302028656006,145800,0.0,0.0
2024-09-23 00:00:00-04:00,6.165958892807951,6.165958892807951,5.885688297281272,5.997796535491943,69600,0.0,0.0
2024-09-24 00:00:00-04:00,5.997796217321713,6.119247025013172,5.895030115007516,6.016480922698975,55600,0.0,0.0
2024-09-25 00:00:00-04:00,6.063192462567783,6.072535037994385,5.885687984247502,6.072535037994385,40800,0.0,0.0
2024-09-26 00:00:00-04:00,6.072535741230857,6.109905156307839,5.979112203538404,6.044508457183838,57700,0.0,0.0
2024-09-27 00:00:00-04:00,6.072534716538568,6.137931404627394,5.979111194610596,5.979111194610596,63200,0.0,0.0
2024-09-30 00:00:00-04:00,5.979111821666763,6.1846435914633355,5.885688289941048,6.109904766082764,117900,0.0,0.0
2024-10-01 00:00:00-04:00,6.0538505843608155,6.109904702815814,5.867003522844152,6.100562572479248,41500,0.0,0.0
2024-10-02 00:00:00-04:00,6.156617147893349,6.156617147893349,5.988454334568366,6.044508457183838,43000,0.0,0.0
2024-10-03 00:00:00-04:00,5.857660393364986,5.99779589899619,5.857660393364986,5.979111194610596,57200,0.0,0.0
2024-10-04 00:00:00-04:00,6.025823051818406,6.193985845669116,5.997796216495631,6.072535037994385,29200,0.0,0.0
2024-10-07 00:00:00-04:00,6.03516553251734,6.063192367400206,5.885687891866027,5.8950300216674805,33100,0.0,0.0
2024-10-08 00:00:00-04:00,5.857661403689291,5.960427518274315,5.7922647043209,5.876346111297607,86400,0.0,0.0
2024-10-09 00:00:00-04:00,5.857660771899973,5.913714888679097,5.726867832748684,5.80160665512085,44000,0.0,0.0
2024-10-10 00:00:00-04:00,5.726868702938741,6.044508746285424,5.726868702938741,5.8483195304870605,60000,0.0,0.0
2024-10-11 00:00:00-04:00,5.773579375482979,5.904372760146565,5.680155847493647,5.7455525398254395,78200,0.0,0.0
2024-10-14 00:00:00-04:00,5.754894668398985,5.848318641842713,5.67081371596956,5.80160665512085,47000,0.0,0.0
2024-10-15 00:00:00-04:00,5.8763455687054185,6.0725352032168605,5.86700343850315,5.923057556152344,38300,0.0,0.0
2024-10-16 00:00:00-04:00,5.997797149006192,6.128590106964111,5.969769863847345,6.128590106964111,36800,0.0,0.0
2024-10-17 00:00:00-04:00,6.035166326153876,6.063193164722328,5.969769627029875,6.044508457183838,20800,0.0,0.0
2024-10-18 00:00:00-04:00,6.0351659560422055,6.0351659560422055,5.764237490609724,5.885688304901123,72800,0.0,0.0
2024-10-21 00:00:00-04:00,5.885688054548698,5.8950301846083715,5.726867834227573,5.7455525398254395,53600,0.0,0.0
2024-10-22 00:00:00-04:00,5.764237474493769,5.764237474493769,5.633444530111,5.661471366882324,43000,0.0,0.0
2024-10-23 00:00:00-04:00,5.670814019413865,5.670814019413865,5.474624377449596,5.502651214599609,53000,0.0,0.0
2024-10-24 00:00:00-04:00,5.465281653362787,5.502651065536186,5.3158040046691895,5.3158040046691895,60400,0.0,0.0
2024-10-25 00:00:00-04:00,5.362515123328183,5.418569682636625,5.016847865304276,5.044875144958496,50200,0.0,0.0
2024-10-28 00:00:00-04:00,5.1382992273074635,5.147641803368634,4.94210958480835,4.94210958480835,90600,0.0,0.0
2024-10-29 00:00:00-04:00,4.94210966787458,5.596074856877678,4.904740253958892,5.063560485839844,179000,0.0,0.0
2024-10-30 00:00:00-04:00,5.091587466580324,5.269092410405942,5.091587466580324,5.1943535804748535,89700,0.0,0.0
2024-10-31 00:00:00-04:00,5.213038911152966,5.399886453796035,5.166327359601163,5.38120174407959,96500,0.0,0.0
2024-11-01 00:00:00-04:00,5.50638855105453,5.54403903576919,5.3181361274812335,5.374611854553223,73400,0.043,0.0
2024-11-04 00:00:00-05:00,5.384024659262632,5.638165674757335,5.374612261785385,5.572277545928955,44000,0.0,0.0
2024-11-05 00:00:00-05:00,5.600515031843142,5.826418399810791,5.600515031843142,5.826418399810791,42600,0.0,0.0
2024-11-06 00:00:00-05:00,6.231161784784113,6.287637518469951,6.099385072850493,6.212336540222168,83300,0.0,0.0
2024-11-07 00:00:00-05:00,6.231161567927214,6.268812055740794,5.986433397138949,5.995845794677734,48900,0.0,0.0
2024-11-08 00:00:00-05:00,5.1110579749307865,5.6758161391332775,5.1110579749307865,5.666403293609619,82900,0.0,0.0
2024-11-11 00:00:00-05:00,5.656991449541033,5.656991449541033,5.478151406583429,5.562864780426025,93500,0.0,0.0
2024-11-12 00:00:00-05:00,5.600514693977446,5.6475780237066715,5.440500360322265,5.478150844573975,72300,0.0,0.0
2024-11-13 00:00:00-05:00,5.553451725747056,5.609927451236518,5.459325516597954,5.534626483917236,41500,0.0,0.0
2024-11-14 00:00:00-05:00,5.544039230572527,5.600514959628928,5.3557868003845215,5.3557868003845215,66500,0.0,0.0
2024-11-15 00:00:00-05:00,5.374610979436594,5.431086697312971,5.252246699623223,5.365198135375977,50900,0.0,0.0
2024-11-18 00:00:00-05:00,5.412262810303282,5.4310880542989945,5.1392965479508455,5.186359882354736,52600,0.0,0.0
2024-11-19 00:00:00-05:00,5.176946552643123,5.271072763834435,5.129883222632878,5.23342227935791,65200,0.0,0.0
2024-11-20 00:00:00-05:00,5.186359882354736,5.195772279937982,5.026345083976573,5.186359882354736,43200,0.0,0.0
2024-11-21 00:00:00-05:00,5.186359228663766,5.355786403270501,5.158121141814728,5.346373558044434,38200,0.0,0.0
2024-11-22 00:00:00-05:00,5.4028495139734725,5.459325690086827,5.318136147461806,5.421675205230713,46100,0.0,0.0
2024-11-25 00:00:00-05:00,5.525213531119348,5.6946411531214425,5.46873780672837,5.544038772583008,58600,0.0,0.0
2024-11-26 00:00:00-05:00,5.6475782181451,5.6475782181451,5.384024370480152,5.459325790405273,50800,0.0,0.0
2024-11-27 00:00:00-05:00,5.459325781799432,5.5722772382652765,5.412262450524069,5.5063886642456055,23700,0.0,0.0
2024-11-29 00:00:00-05:00,5.544038772583008,5.553451617729417,5.46873780672837,5.544038772583008,18100,0.0,0.0
2024-12-02 00:00:00-05:00,5.506388446789061,5.817005164217952,5.440500324200614,5.769942283630371,137600,0.0,0.0
2024-12-03 00:00:00-05:00,5.826417820579135,5.864068303359197,5.6852282857393215,5.788767337799072,79800,0.0,0.0
2024-12-04 00:00:00-05:00,5.854656173943758,6.212336252907605,5.798180442869869,6.193511009216309,54500,0.0,0.0
2024-12-05 00:00:00-05:00,6.202923445876799,6.3158749005660155,5.939369602772776,6.089971542358398,59300,0.0,0.0
2024-12-06 00:00:00-05:00,6.024083490043778,6.579428373303052,6.024083490043778,6.466476917266846,74500,0.0,0.0
2024-12-09 00:00:00-05:00,6.588841149055729,6.635904479652086,6.033495822867121,6.042908668518066,69400,0.0,0.0
2024-12-10 00:00:00-05:00,6.024083678471533,6.052321318949237,5.807593156549254,5.826418399810791,40700,0.0,0.0
2024-12-11 00:00:00-05:00,5.8828940578371665,6.108796974220099,5.7699425996457006,5.929957389831543,229800,0.0,0.0
2024-12-12 00:00:00-05:00,5.882893617336567,6.202923173745009,5.826417892469635,6.118209362030029,39900,0.0,0.0
2024-12-13 00:00:00-05:00,6.118209345367411,6.137034586938452,5.854655514543676,6.024083137512207,23100,0.0,0.0
2024-12-16 00:00:00-05:00,6.0146707399589285,6.024083585859589,5.845243553209802,5.882894039154053,14000,0.0,0.0
2024-12-17 00:00:00-05:00,5.892306965710135,5.9864331818591845,5.779355057502073,5.873481273651123,42100,0.0,0.0
2024-12-18 00:00:00-05:00,5.92054425894616,5.939369501072015,5.45932560244812,5.478150844573975,44300,0.0,0.0
2024-12-19 00:00:00-05:00,5.5911022608334,5.5911022608334,5.336961269378662,5.336961269378662,44300,0.0,0.0
2024-12-20 00:00:00-05:00,5.280485536747078,5.515801285903714,5.280485536747078,5.384024143218994,112800,0.0,0.0
2024-12-23 00:00:00-05:00,5.402848954061137,5.525213241577148,5.318135596328553,5.525213241577148,52100,0.0,0.0
2024-12-24 00:00:00-05:00,5.5722768817207315,5.62875260634003,5.506388311916969,5.591102123260498,32800,0.0,0.0
2024-12-26 00:00:00-05:00,5.704053691021951,5.873480868400324,5.572276997505438,5.722878932952881,44600,0.0,0.0
2024-12-27 00:00:00-05:00,5.685228564156751,5.685228564156751,5.2804856300354,5.2804856300354,55600,0.0,0.0
2024-12-30 00:00:00-05:00,5.261661134106731,5.365199757095105,5.063995837377299,5.252248287200928,52500,0.0,0.0
2024-12-31 00:00:00-05:00,5.318136607682981,5.713467181712505,5.318136607682981,5.562864780426025,47300,0.0,0.0
2025-01-02 00:00:00-05:00,5.609927700976596,5.609927700976596,5.299310972542087,5.318136215209961,31600,0.0,0.0
2025-01-03 00:00:00-05:00,5.318135676156125,5.562863806032488,5.280485194636684,5.468737602233887,28200,0.0,0.0
2025-01-06 00:00:00-05:00,5.45932502063773,5.722878382312333,5.431086936043744,5.487562656402588,43500,0.0,0.0
2025-01-07 00:00:00-05:00,5.459325861402522,5.459325861402522,5.27107298238532,5.3557868003845215,32100,0.0,0.0
2025-01-08 00:00:00-05:00,5.355786612195892,5.449912823982541,5.233422312458659,5.374611854553223,21500,0.0,0.0
2025-01-10 00:00:00-05:00,5.355786345625013,5.355786345625013,5.073407275490598,5.111057758331299,25500,0.0,0.0
2025-01-13 00:00:00-05:00,5.01693250050677,5.412263093965634,5.01693250050677,5.252248287200928,50700,0.0,0.0
2025-01-14 00:00:00-05:00,5.393437185881456,5.393437185881456,5.139296185450568,5.318136215209961,29400,0.0,0.0
2025-01-15 00:00:00-05:00,5.393437385559082,5.421675475020927,5.31813641209977,5.393437385559082,23000,0.0,0.0
2025-01-16 00:00:00-05:00,5.421675296310818,5.54403914973422,5.384024361993013,5.5063886642456055,42300,0.0,0.0
2025-01-17 00:00:00-05:00,5.5722770955072685,5.854655729437527,5.449912796389566,5.760529518127441,44100,0.0,0.0
2025-01-21 00:00:00-05:00,5.8075931467613895,6.033496065519108,5.760529814272263,5.873481273651123,55400,0.0,0.0
2025-01-22 00:00:00-05:00,5.901719262109444,5.948782593794731,5.675816347210133,5.694641590118408,63400,0.0,0.0
2025-01-23 00:00:00-05:00,5.68522844909102,5.7699422621947924,5.66640320716009,5.722878932952881,26500,0.0,0.0
2025-01-24 00:00:00-05:00,5.666403482285887,5.78876778519278,5.628752996595949,5.647578239440918,21500,0.0,0.0
2025-01-27 00:00:00-05:00,5.647578446233687,5.826418484223925,5.647578446233687,5.675816535949707,44100,0.0,0.0
2025-01-28 00:00:00-05:00,5.694641493478171,5.817005345890807,5.647578162591566,5.798180103302002,19900,0.0,0.0
2025-01-29 00:00:00-05:00,5.760529368019388,5.9581946310343925,5.694641246233832,5.920544147491455,27300,0.0,0.0
2025-01-30 00:00:00-05:00,5.958195185138907,5.958195185138907,5.817005634307861,5.817005634307861,20000,0.0,0.0
2025-01-31 00:00:00-05:00,5.829328173123108,6.464393256077645,5.507056232047905,6.142121315002441,225100,0.043,0.0
2025-02-03 00:00:00-05:00,5.8672422418831855,5.924113678964363,5.421748640119622,5.478620529174805,77200,0.0,0.0
2025-02-04 00:00:00-05:00,5.526013204969044,5.630277732979972,5.175305781265206,5.326962947845459,78900,0.0,0.0
2025-02-05 00:00:00-05:00,5.317484698034779,5.383834483638386,5.052084199698301,5.099477291107178,62000,0.0,0.0
2025-02-06 00:00:00-05:00,5.089997558623035,5.108954701315389,5.004690642494415,5.023647785186768,49900,0.0,0.0
2025-02-07 00:00:00-05:00,5.023647997592842,5.127912060822229,4.985733710605072,5.071040630340576,87200,0.0,0.0
2025-02-10 00:00:00-05:00,5.023648559771926,5.042605705387239,4.843555450439453,4.843555450439453,84400,0.0,0.0
2025-02-11 00:00:00-05:00,4.881470008381664,4.881470008381664,4.691898089896786,4.758248329162598,59100,0.0,0.0
2025-02-12 00:00:00-05:00,4.786684283801697,4.871991217899176,4.606591164302972,4.739291191101074,102600,0.0,0.0
2025-02-13 00:00:00-05:00,4.777204943979911,4.985733985900879,4.729811856641334,4.985733985900879,31700,0.0,0.0
2025-02-14 00:00:00-05:00,5.052084249002721,5.118434487227872,4.909905425362554,4.928862571716309,32600,0.0,0.0
2025-02-18 00:00:00-05:00,4.995213087850272,5.033127382667143,4.834077108891546,4.881470203399658,40300,0.0,0.0
2025-02-19 00:00:00-05:00,4.83407692452829,4.881470017228913,4.710855245085895,4.739291191101074,69200,0.0,0.0
2025-02-20 00:00:00-05:00,4.720333334008537,4.7487692757441256,4.672940248440543,4.691897392272949,29900,0.0,0.0
2025-02-21 00:00:00-05:00,4.748769752457907,4.824598335399717,4.710855009012996,4.767726898193359,30500,0.0,0.0
2025-02-24 00:00:00-05:00,4.824598327665004,4.900426910485247,4.758248091710289,4.786684036254883,34600,0.0,0.0
2025-02-25 00:00:00-05:00,4.834076158909322,4.97625496251894,4.72981164266574,4.900426387786865,51900,0.0,0.0
2025-02-26 00:00:00-05:00,4.8719906666830886,5.06156256406342,4.8719906666830886,4.985733985900879,28900,0.0,0.0
2025-02-27 00:00:00-05:00,5.061562634667645,5.061562634667645,4.710854777812865,4.720333576202393,34100,0.0,0.0
2025-02-28 00:00:00-05:00,4.777205235463445,4.777205235463445,4.5971121253519485,4.729812145233154,37000,0.0,0.0
2025-03-03 00:00:00-05:00,4.7866838438994606,4.805640988842718,4.55919765260638,4.625547885894775,47400,0.0,0.0
2025-03-04 00:00:00-05:00,4.540240748840446,4.682419569454404,4.464412165039405,4.578155040740967,37200,0.0,0.0
2025-03-05 00:00:00-05:00,4.606591164302972,4.786684283801697,4.540240924916907,4.739291191101074,26200,0.0,0.0
2025-03-06 00:00:00-05:00,4.7013763856676425,4.89094783187441,4.644504951805612,4.853033542633057,26200,0.0,0.0
2025-03-07 00:00:00-05:00,4.85303352318352,4.909904956817627,4.748769454174648,4.909904956817627,17800,0.0,0.0
2025-03-10 00:00:00-04:00,4.786684241104837,4.957298559751958,4.739291148826958,4.834076881408691,53700,0.0,0.0
2025-03-11 00:00:00-04:00,4.881469734086839,4.976255462016156,4.739290916205864,4.862512588500977,94800,0.0,0.0
2025-03-12 00:00:00-04:00,4.871990912951355,5.0141697301799315,4.748769693195655,4.919384002685547,105100,0.0,0.0
2025-03-13 00:00:00-04:00,5.175305825089965,5.289048700988335,4.559197902679443,4.559197902679443,198600,0.0,0.0
2025-03-14 00:00:00-04:00,4.691897855755574,4.890948111645714,4.454933308455312,4.786684036254883,60900,0.0,0.0
2025-03-17 00:00:00-04:00,4.786684043928812,5.004691445873518,4.739290953603177,4.767726898193359,83100,0.0,0.0
2025-03-18 00:00:00-04:00,4.786683901190895,5.175305603166056,4.6634622315978955,5.146869659423828,54300,0.0,0.0
2025-03-19 00:00:00-04:00,5.146869844069811,5.402791539035183,5.146869844069811,5.3080058097839355,30300,0.0,0.0
2025-03-20 00:00:00-04:00,5.213219855158804,5.478620337562717,5.213219855158804,5.317484378814697,79000,0.0,0.0
2025-03-21 00:00:00-04:00,5.260612761113469,5.260612761113469,4.928862056630983,5.118433952331543,92900,0.0,0.0
2025-03-24 00:00:00-04:00,5.194263487672764,5.440706409962749,5.080520600462002,5.137392044067383,18900,0.0,0.0
2025-03-25 00:00:00-04:00,5.099477420856154,5.099477420856154,4.7487699818240685,4.758248329162598,37400,0.0,0.0
2025-03-26 00:00:00-04:00,4.815119498549317,4.909905226478633,4.72033377062,4.862512588500977,52600,0.0,0.0
2025-03-27 00:00:00-04:00,4.805641151743386,4.93834117084443,4.739290916205864,4.862512588500977,31100,0.0,0.0
2025-03-28 00:00:00-04:00,4.739290483693765,4.853033346828664,4.625547620558865,4.672940254211426,38400,0.0,0.0
2025-03-31 00:00:00-04:00,4.606590476703048,4.8151190591170305,4.606590476703048,4.672940254211426,38000,0.0,0.0
2025-04-01 00:00:00-04:00,4.6445052616792175,4.796162428762943,4.597112170978548,4.616069316864014,37300,0.0,0.0
2025-04-02 00:00:00-04:00,4.5497193266812825,4.625547906796973,4.521283383150904,4.568676471710205,28800,0.0,0.0
2025-04-03 00:00:00-04:00,4.369625844990941,4.578154422273469,4.037875609690855,4.18953275680542,46000,0.0,0.0
2025-04-04 00:00:00-04:00,4.075790709071206,4.445455304850991,4.0473547623308965,4.435976505279541,61100,0.0,0.0
2025-04-07 00:00:00-04:00,4.303275365516577,4.502325585452386,4.161096572423296,4.274839878082275,39000,0.0,0.0
2025-04-08 00:00:00-04:00,4.331711893758783,4.398061674774069,3.90517545649744,3.91465425491333,81200,0.0,0.0
2025-04-09 00:00:00-04:00,3.914654696976403,4.341190730430417,3.7914330154989195,3.9620473384857178,71900,0.0,0.0
2025-04-10 00:00:00-04:00,3.8483042963517633,3.9146545340725587,3.7156042728841903,3.819868803024292,71400,0.0,0.0
2025-04-11 00:00:00-04:00,3.781954050064087,3.819868566118973,3.649253808839472,3.781954050064087,61300,0.0,0.0
2025-04-14 00:00:00-04:00,3.7914326190948486,3.8577828526396445,3.71560403902879,3.7914326190948486,76100,0.0,0.0
2025-04-15 00:00:00-04:00,3.7724757529811503,3.9146545771034242,3.658732648485929,3.6682112216949463,88600,0.0,0.0
2025-04-16 00:00:00-04:00,3.6966469489202156,3.7156040942183095,3.544989560548469,3.611339569091797,72900,0.0,0.0
2025-04-17 00:00:00-04:00,3.6208181417408434,3.7061255215692626,3.5260324152503757,3.611339569091797,76300,0.0,0.0
2025-04-21 00:00:00-04:00,3.601861003698414,3.6776898110305374,3.5355109950214296,3.5923824310302734,55800,0.0,0.0
2025-04-22 00:00:00-04:00,3.6397752834017085,3.72508266314488,3.5355109843663852,3.6208181381225586,48100,0.0,0.0
2025-04-23 00:00:00-04:00,3.611339846630979,3.85778320641989,3.469161245968548,3.5260326862335205,80800,0.0,0.0
2025-04-24 00:00:00-04:00,3.544989356677413,3.649253649820726,3.4691607798459128,3.5165536403656006,76800,0.0,0.0
2025-04-25 00:00:00-04:00,3.5165539120172813,3.7156041675634675,3.3648965206518535,3.40281081199646,76700,0.0,0.0
2025-04-28 00:00:00-04:00,3.4217677742903243,3.4407251449336718,3.18480324009887,3.2416749000549316,131500,0.0,0.0
2025-04-29 00:00:00-04:00,3.2985463174894054,3.431246329418721,3.213239166963417,3.2890677452087402,72600,0.0,0.0
2025-04-30 00:00:00-04:00,3.3933319981850603,3.4881179458024163,3.1563674681221485,3.4502036571502686,90800,0.0,0.0
2025-05-01 00:00:00-04:00,3.5106326378920647,3.5106326378920647,3.318794747588009,3.3859379291534424,66000,0.043,0.0
2025-05-02 00:00:00-04:00,3.385938077760974,3.52981655897592,3.3763461942592135,3.4338974952697754,56900,0.0,0.0
2025-05-05 00:00:00-04:00,3.3283868494553026,3.472265105124567,3.309203082032734,3.3187949657440186,72800,0.0,0.0
2025-05-06 00:00:00-04:00,3.3187947900823334,3.4051217389146617,2.9926703037831346,3.0981812477111816,100500,0.0,0.0
2025-05-07 00:00:00-04:00,3.1269567450552205,3.2420595665819434,3.0310379176900546,3.1557323932647705,99100,0.0,0.0
2025-05-08 00:00:00-04:00,3.059813781628312,3.117365082105001,2.7720570505563273,2.877567768096924,283800,0.0,0.0
2025-05-09 00:00:00-04:00,2.87756770534003,3.2132838461542863,2.8104245229148854,3.0981812477111816,83600,0.0,0.0
2025-05-12 00:00:00-04:00,3.0981810031432535,3.6641025248588615,3.0981810031432535,3.4914486408233643,211800,0.0,0.0
2025-05-13 00:00:00-04:00,3.5010406772842337,3.5873676230995954,3.126956788040613,3.1845080852508545,97200,0.0,0.0
2025-05-14 00:00:00-04:00,3.194100063183806,3.318794772872421,3.1269568811068384,3.2420597076416016,59900,0.0,0.0
2025-05-15 00:00:00-04:00,3.222875551126112,3.280427075853479,3.1461404897409855,3.1940999031066895,31600,0.0,0.0
2025-05-16 00:00:00-04:00,3.232467766778392,3.232467766778392,3.1461408138275146,3.1461408138275146,27200,0.0,0.0
2025-05-19 00:00:00-04:00,3.1365486481364564,3.1365486481364564,2.992670177466939,3.0118541717529297,65200,0.0,0.0
2025-05-20 00:00:00-04:00,3.0789974813039978,3.0981812477111816,2.9734865373759503,3.0981812477111816,133800,0.0,0.0
2025-05-21 00:00:00-04:00,3.031038284301758,3.1269571232685487,2.983078636129811,3.031038284301758,34200,0.0,0.0
2025-05-22 00:00:00-04:00,3.002262543113569,3.146140797274711,2.9255272455390826,3.0789976119995117,66400,0.0,0.0
2025-05-23 00:00:00-04:00,3.0694054261045562,3.165324252765612,3.0022622474418177,3.0885891914367676,53000,0.0,0.0
2025-05-27 00:00:00-04:00,3.146140688317899,3.2804272829062433,3.078997505367995,3.2708353996276855,80600,0.0,0.0
2025-05-28 00:00:00-04:00,3.270835282897307,3.270835282897307,3.0406298637390137,3.0406298637390137,123100,0.0,0.0
2025-05-29 00:00:00-04:00,3.146140542638869,3.3379784280156892,3.0789973627979657,3.3283865451812744,64800,0.0,0.0
2025-05-30 00:00:00-04:00,3.3187946065460427,3.3187946065460427,3.165324255087267,3.1940999031066895,48300,0.0,0.0
2025-06-02 00:00:00-04:00,3.1749163616185236,3.2516516571026512,2.9638946992421134,3.0214462280273438,81300,0.0,0.0
2025-06-03 00:00:00-04:00,3.0406299095569675,3.414713578395771,2.9734864993030024,3.3859379291534424,57300,0.0,0.0
2025-06-04 00:00:00-04:00,3.385937819359981,3.453080998748209,3.1940999352765194,3.2612433433532715,68800,0.0,0.0
2025-06-05 00:00:00-04:00,3.2516518865267514,3.424305798998627,3.1461409335498285,3.2324678897857666,71500,0.0,0.0
2025-06-06 00:00:00-04:00,3.261243386648102,3.3763459814131154,3.050221734223716,3.2900190353393555,66900,0.0,0.0
2025-06-09 00:00:00-04:00,3.357162163717549,3.66410264036751,3.357162163717549,3.616143226623535,103200,0.0,0.0
2025-06-10 00:00:00-04:00,3.6545108710515235,3.990227006368203,3.635327104958486,3.951859474182129,110700,0.0,0.0
2025-06-11 00:00:00-04:00,4.08614636560003,4.143697664884627,3.836756944656372,3.836756944656372,138800,0.0,0.0
2025-06-12 00:00:00-04:00,3.81757302704275,3.8463489042339867,3.70247020434338,3.788797378540039,76800,0.0,0.0
2025-06-13 00:00:00-04:00,3.692878445248888,3.779205622338169,3.5298164316030305,3.5585920810699463,50900,0.0,0.0
2025-06-16 00:00:00-04:00,3.6065516671645788,3.9710434729802073,3.558592249121541,3.884716749191284,59000,0.0,0.0
2025-06-17 00:00:00-04:00,3.807981422907226,3.9230842540307473,3.702470475319953,3.712062358856201,48600,0.0,0.0
2025-06-18 00:00:00-04:00,3.7216543436650538,3.798389409327909,3.558592100442951,3.625735282897949,49900,0.0,0.0
2025-06-20 00:00:00-04:00,3.6736945216165586,3.798389225988511,3.472264755285573,3.5106325149536133,64300,0.0,0.0
2025-06-23 00:00:00-04:00,3.549000387226466,3.7408382892608643,3.472265089199579,3.7408382892608643,62800,0.0,0.0
2025-06-24 00:00:00-04:00,3.7696137202405273,3.8943082006372505,3.673694660477593,3.807981252670288,49600,0.0,0.0
2025-06-25 00:00:00-04:00,3.84634888150892,3.9134918322633583,3.6736945341356813,3.721654176712036,46400,0.0,0.0
2025-06-26 00:00:00-04:00,3.64491887486992,3.7504298137951877,3.5490000473819707,3.616143226623535,47600,0.0,0.0
2025-06-27 00:00:00-04:00,3.683286467981027,4.201248831216579,3.6065514046965874,4.172472953796387,1650400,0.0,0.0
2025-06-30 00:00:00-04:00,4.038186525736275,5.198805482009762,4.038186525736275,4.891864776611328,333300,0.0,0.0
2025-07-01 00:00:00-04:00,4.8822735920777856,5.016559963501472,4.776762642984915,4.8247222900390625,87900,0.0,0.0
2025-07-02 00:00:00-04:00,4.815129788204592,4.949416148766498,4.76717014502967,4.882273197174072,30500,0.0,0.0
2025-07-03 00:00:00-04:00,4.949416312952086,5.217989500362254,4.843905826270475,5.208397388458252,58800,0.0,0.0
2025-07-07 00:00:00-04:00,5.208397670817167,5.208397670817167,4.911049046329195,4.959008693695068,67500,0.0,0.0
2025-07-08 00:00:00-04:00,4.930232465468652,5.1892135367171965,4.853497401006426,5.150846004486084,59400,0.0,0.0
2025-07-09 00:00:00-04:00,5.13166262735318,5.150846394922875,4.7671705861518605,4.815130233764648,41600,0.0,0.0
2025-07-10 00:00:00-04:00,4.728802794071736,5.074111048940946,4.728802794071736,4.853497505187988,46300,0.0,0.0
2025-07-11 00:00:00-04:00,4.795946434772684,4.815130202216691,4.575332880478057,4.680843830108643,50700,0.0,0.0
2025-07-14 00:00:00-04:00,4.728802880296038,4.728802880296038,4.479413910893283,4.4890055656433105,40200,0.0,0.0
2025-07-15 00:00:00-04:00,4.489005748541556,4.661660114847412,4.383495255106977,4.393086910247803,45400,0.0,0.0
2025-07-16 00:00:00-04:00,4.345127126730497,4.4985972470536275,4.2683916091918945,4.2683916091918945,55200,0.0,0.0
2025-07-17 00:00:00-04:00,4.2683920178677175,4.6041086242832,4.2683920178677175,4.4890055656433105,50100,0.0,0.0
2025-07-18 00:00:00-04:00,4.556148911451122,4.584924790032515,4.258800300536403,4.287575721740723,27400,0.0,0.0
2025-07-21 00:00:00-04:00,4.335535422754968,4.536965203287725,4.297167889070355,4.421862602233887,36900,0.0,0.0
2025-07-22 00:00:00-04:00,4.460229873657227,4.604108345203018,4.277983870682831,4.460229873657227,27600,0.0,0.0
2025-07-23 00:00:00-04:00,4.536964936983084,4.6904350627133535,4.489005294003849,4.67125129699707,15600,0.0,0.0
2025-07-24 00:00:00-04:00,4.7096198325918,4.747987372204906,4.508190020934413,4.527373790740967,44700,0.0,0.0
2025-07-25 00:00:00-04:00,4.508189185703983,4.709618960042555,4.431454120694444,4.6520676612854,23700,0.0,0.0
2025-07-28 00:00:00-04:00,4.65206748653157,4.795945956708227,4.508189016354914,4.5369648933410645,25400,0.0,0.0
2025-07-29 00:00:00-04:00,4.565741004662684,4.613700192265029,4.431454181671143,4.431454181671143,18900,0.0,0.0
2025-07-30 00:00:00-04:00,4.5753328994166775,4.5849250118669325,4.258800506591797,4.258800506591797,24600,0.0,0.0
2025-07-31 00:00:00-04:00,4.277984057994085,4.316351591102609,4.1149218135943215,4.220432758331299,14600,0.0,0.0
2025-08-01 00:00:00-04:00,4.213651794607152,4.252397981904014,3.990860986704701,4.136159420013428,40000,0.043,0.0
2025-08-04 00:00:00-04:00,4.155532813126087,4.233025193304221,4.039294242858887,4.039294242858887,16800,0.0,0.0
2025-08-05 00:00:00-04:00,4.048980390540332,4.1749057340225795,3.9714880135946413,4.000547885894775,34900,0.0,0.0
2025-08-06 00:00:00-04:00,4.039293920250333,4.126473071933456,3.9424284527640743,4.048980236053467,12000,0.0,0.0
2025-08-07 00:00:00-04:00,4.058667025020664,4.058667025020664,3.6905777856595186,3.806816577911377,46600,0.0,0.0
2025-08-08 00:00:00-04:00,3.7971301228502528,3.9133686869642004,3.739010609847781,3.8552494049072266,46200,0.0,0.0
2025-08-11 00:00:00-04:00,3.806816573158644,3.8358762134489557,3.399981147203303,3.535593032836914,80200,0.0,0.0
2025-08-12 00:00:00-04:00,3.6518316363830743,4.000547785805161,3.5646527145003,3.9521148204803467,53100,0.0,0.0
2025-08-13 00:00:00-04:00,3.942428551225476,3.990861055232706,3.7971301154217962,3.8261897563934326,21900,0.0,0.0
2025-08-14 00:00:00-04:00,3.797130262547896,3.8068168099137627,3.7002645579437217,3.777757167816162,17700,0.0,0.0
2025-08-15 00:00:00-04:00,3.8165031786795067,3.8843092380129742,3.680891290958067,3.7390105724334717,23000,0.0,0.0
2025-08-18 00:00:00-04:00,3.777757225887133,3.8939957960643325,3.709951162338257,3.709951162338257,22800,0.0,0.0
2025-08-19 00:00:00-04:00,3.700264531151933,3.8068167823504817,3.690577983856201,3.690577983856201,19700,0.0,0.0
2025-08-20 00:00:00-04:00,3.6808910271283493,3.7390103044380254,3.5646524725089965,3.6518313884735107,34800,0.0,0.0
2025-08-21 00:00:00-04:00,3.6324587000818136,3.748697267630589,3.593712510898888,3.690577983856201,23200,0.0,0.0
2025-08-22 00:00:00-04:00,3.739010853746787,3.932742037519455,3.690578115539998,3.8843095302581787,31700,0.0,0.0
2025-08-25 00:00:00-04:00,3.9230555504380504,3.971488055595813,3.864936036168629,3.8746225833892822,18900,0.0,0.0
2025-08-26 00:00:00-04:00,3.952115020401765,3.971488115133499,3.739010747407189,3.777757167816162,23300,0.0,0.0
2025-08-27 00:00:00-04:00,3.826189451644268,3.95211455249165,3.826189451644268,3.8649356365203857,20900,0.0,0.0
2025-08-28 00:00:00-04:00,3.864935913242344,3.8746224601549115,3.7196374786083366,3.7390105724334717,21200,0.0,0.0
2025-08-29 00:00:00-04:00,3.7486971495235712,3.87462249134616,3.7486971495235712,3.8261897563934326,9300,0.0,0.0
2025-09-02 00:00:00-04:00,3.8165029701509443,4.155532324512195,3.8165029701509443,4.068353176116943,23100,0.0,0.0
2025-09-03 00:00:00-04:00,4.078040247815654,4.126473214173768,3.942428588660333,3.9714879989624023,29600,0.0,0.0
2025-09-04 00:00:00-04:00,4.029607025070702,4.155532360076904,4.029607025070702,4.155532360076904,8300,0.0,0.0
2025-09-05 00:00:00-04:00,4.184592230421016,4.271770917671412,4.029607025070702,4.155532360076904,23000,0.0,0.0
2025-09-08 00:00:00-04:00,4.10709925416496,4.10709925416496,3.9521145160880797,3.9908607006073,11700,0.0,0.0
2025-09-09 00:00:00-04:00,4.000548028511959,4.068353629811168,3.903682553876649,3.923055648803711,11100,0.0,0.0
2025-09-10 00:00:00-04:00,3.9424286448793566,4.039294117085888,3.845562941727323,3.8746225833892822,19100,0.0,0.0
2025-09-11 00:00:00-04:00,3.8939953412174053,4.068353176116943,3.8843090257795807,4.068353176116943,14900,0.0,0.0
2025-09-12 00:00:00-04:00,4.0296073993287,4.048980494060434,3.777757167816162,3.777757167816162,27500,0.0,0.0
2025-09-15 00:00:00-04:00,3.8165029051297394,4.078039883968762,3.6518313884735107,3.6518313884735107,21400,0.0,0.0
2025-09-16 00:00:00-04:00,3.6518316347909616,3.768070428196144,3.6518316347909616,3.680891275405884,14900,0.0,0.0
2025-09-17 00:00:00-04:00,3.642145103307797,3.9036823318381093,3.642145103307797,3.7390105724334717,21600,0.0,0.0
2025-09-18 00:00:00-04:00,3.758384085657575,3.8552495596402934,3.7486973073137966,3.83587646484375,14200,0.0,0.0
2025-09-19 00:00:00-04:00,3.8649357363935897,3.8843090602777504,3.6905776690000223,3.7002642154693604,62200,0.0,0.0
2025-09-22 00:00:00-04:00,3.709950787292364,3.9036821798940453,3.709950787292364,3.7583837509155273,17900,0.0,0.0
2025-09-23 00:00:00-04:00,3.777757140463288,3.8261898769419442,3.690577983856201,3.690577983856201,15400,0.0,0.0
2025-09-24 00:00:00-04:00,3.7293241796829832,3.816503336445381,3.6905779904310307,3.719637632369995,24200,0.0,0.0
2025-09-25 00:00:00-04:00,3.7196372120014667,3.787443266474901,3.5840255649455552,3.6518313884735107,19100,0.0,0.0
2025-09-26 00:00:00-04:00,3.6712045760613465,3.7002642154693604,3.584025657837305,3.7002642154693604,19300,0.0,0.0
2025-09-29 00:00:00-04:00,3.642145232513282,3.9036824703216553,3.6324586852570833,3.9036824703216553,43600,0.0,0.0
2025-09-30 00:00:00-04:00,3.9036822517787377,3.923055345206556,3.74869704246521,3.74869704246521,24200,0.0,0.0
2025-10-01 00:00:00-04:00,3.7293243300134638,3.8165034902900863,3.6712050437927246,3.6712050437927246,20400,0.0,0.0
2025-10-02 00:00:00-04:00,3.680891519793957,3.7874437734018995,3.680891519793957,3.709951162338257,22800,0.0,0.0
2025-10-03 00:00:00-04:00,3.709950954192394,3.864935936678776,3.709950954192394,3.7971301078796387,18900,0.0,0.0
2025-10-06 00:00:00-04:00,3.8261898769419442,3.8552495188291385,3.68089143656047,3.690577983856201,20900,0.0,0.0
2025-10-07 00:00:00-04:00,3.7777568181695487,3.7777568181695487,3.6905776690000223,3.7002642154693604,11100,0.0,0.0
2025-10-08 00:00:00-04:00,3.709950761938698,3.7680702717002106,3.6615180295920084,3.7002642154693604,32800,0.0,0.0
2025-10-09 00:00:00-04:00,3.6905777810519074,3.78744347963177,3.535593032836914,3.535593032836914,23500,0.0,0.0
2025-10-10 00:00:00-04:00,3.6421450944604956,3.6421450944604956,3.399981191289065,3.438727378845215,40900,0.0,0.0
2025-10-13 00:00:00-04:00,3.496846884373508,3.496846884373508,3.351548671722412,3.351548671722412,21200,0.0,0.0
2025-10-14 00:00:00-04:00,3.3515485809654115,3.390294769956491,3.3031158447265625,3.3031158447265625,37400,0.0,0.0
2025-10-15 00:00:00-04:00,3.351548471885163,3.574339282278373,3.351548471885163,3.4968466758728027,11600,0.0,0.0
2025-10-16 00:00:00-04:00,3.4677870972380695,3.525906610820459,3.399981267495032,3.4290409088134766,7600,0.0,0.0
2025-10-17 00:00:00-04:00,3.399981159170287,3.516219951686152,3.312802237992508,3.322488784790039,15700,0.0,0.0
2025-10-20 00:00:00-04:00,3.3902945342680266,3.458100360288651,3.3224887082474024,3.3321752548217773,12900,0.0,0.0
2025-10-21 00:00:00-04:00,3.3321755767022663,3.4387275993130695,3.322489029192193,3.351548671722412,12100,0.0,0.0
2025-10-22 00:00:00-04:00,3.3418618367371478,3.3999811167980227,3.1965634056394716,3.206249952316284,45000,0.0,0.0
2025-10-23 00:00:00-04:00,3.293429239183171,3.322488880412108,3.0900115196351137,3.099698066711426,63800,0.0,0.0
2025-10-24 00:00:00-04:00,3.225622994236908,3.6324584100669632,3.09001134292388,3.2740559577941895,313600,0.0,0.0
2025-10-27 00:00:00-04:00,3.3515483653509364,3.661518088283856,3.3031156322279003,3.632458448410034,98600,0.0,0.0
2025-10-28 00:00:00-04:00,3.5840259942981523,3.6615183733276777,3.50653338432312,3.50653338432312,47000,0.0,0.0
2025-10-29 00:00:00-04:00,3.4484137814870888,3.5162198378195177,3.3612348631324465,3.4871599674224854,32600,0.0,0.0
2025-10-30 00:00:00-04:00,3.429040791107277,3.516219943015576,3.293429136276245,3.293429136276245,39900,0.0,0.0
2025-10-31 00:00:00-04:00,3.335614855848664,3.4435317011226867,3.296372132754424,3.3258042335510254,18700,0.043,0.0
2025-11-03 00:00:00-05:00,3.3061828416474697,3.3944786785425425,2.9039470830052663,2.972621440887451,179900,0.0,0.0
2025-11-04 00:00:00-05:00,3.002053227054942,3.09034906155306,2.884325759595698,2.9235682487487793,119200,0.0,0.0
2025-11-05 00:00:00-05:00,2.9137577820910607,3.0314852558384016,2.894136536466504,3.021674633026123,39800,0.0,0.0
2025-11-06 00:00:00-05:00,2.84508324184681,3.0314850634504293,2.84508324184681,2.9922425746917725,28900,0.0,0.0
2025-11-07 00:00:00-05:00,2.992242638404664,3.129591585888174,2.962810771208988,3.0020532608032227,18300,0.0,0.0
2025-11-10 00:00:00-05:00,3.060917063259831,3.1688341459474048,3.002053327559533,3.1590235233306885,39500,0.0,0.0
2025-11-11 00:00:00-05:00,3.1492128372192383,3.159023459638152,3.0314851342885856,3.1492128372192383,25200,0.0,0.0
2025-11-12 00:00:00-05:00,3.1688338613566183,3.315993421294759,3.139401996149725,3.188455104827881,19300,0.0,0.0
2025-11-13 00:00:00-05:00,3.2080766364142703,3.2963722399647177,3.1394022780972555,3.1590235233306885,16100,0.0,0.0
2025-11-14 00:00:00-05:00,3.1590235233306885,3.2865616173480015,3.0903491650136736,3.1590235233306885,38700,0.0,0.0
2025-11-17 00:00:00-05:00,3.178644673864496,3.2865615194332687,3.178644673864496,3.2178871631622314,42600,0.0,0.0
2025-11-18 00:00:00-05:00,3.1982661210134125,3.3846681908834957,3.1982661210134125,3.2865617275238037,16100,0.0,0.0
2025-11-19 00:00:00-05:00,3.3258042012945093,3.678986834487709,3.3258042012945093,3.649554967880249,53200,0.0,0.0
2025-11-20 00:00:00-05:00,3.6789870108788274,3.835957207548321,3.5808807841502035,3.639744520187378,49600,0.0,0.0
2025-11-21 00:00:00-05:00,3.669176056244544,3.894820591209333,3.5612592166066195,3.698607921600342,40100,0.0,0.0
2025-11-24 00:00:00-05:00,3.6789868516591935,3.747661207397133,3.6691762294109163,3.6887974739074707,23400,0.0,0.0
2025-11-25 00:00:00-05:00,3.6495548670984674,3.7084185986878757,3.4827740603581336,3.5612592697143555,95800,0.0,0.0
2025-11-26 00:00:00-05:00,3.5808804517898007,3.5808804517898007,3.4435315132141113,3.4435315132141113,54900,0.0,0.0
2025-11-28 00:00:00-05:00,3.4337211358636743,3.747661288506748,3.4239105134030683,3.7378506660461426,46400,0.0,0.0
2025-12-01 00:00:00-05:00,3.6495552018256916,3.865389138019564,3.6495552018256916,3.7967145442962646,29600,0.0,0.0
2025-12-02 00:00:00-05:00,3.826146523338622,3.9438739935195315,3.80652527830847,3.92425274848938,18000,0.0,0.0
2025-12-03 00:00:00-05:00,3.9242528315295546,4.041980304201667,3.9046315860842027,3.973306179046631,40500,0.0,0.0
2025-12-04 00:00:00-05:00,4.0517906648453925,4.238192707662323,4.0223585663764725,4.189139366149902,51400,0.0,0.0
2025-12-05 00:00:00-05:00,4.169518477927155,4.316678047180176,4.120465132240356,4.316678047180176,56300,0.0,0.0
2025-12-08 00:00:00-05:00,4.277435184487398,4.4442159838996975,4.267624329083223,4.404973030090332,57900,0.0,0.0
2025-12-09 00:00:00-05:00,4.404973387366042,4.669860891075076,4.316678020603736,4.5325117111206055,61200,0.0,0.0
2025-12-10 00:00:00-05:00,4.512890130759126,4.748345516157407,4.32648808709596,4.336298942565918,311400,0.0,0.0
2025-12-11 00:00:00-05:00,4.336299445946356,4.591375636280463,4.100844033215172,4.120465278625488,48700,0.0,0.0
2025-12-12 00:00:00-05:00,4.159707969805661,4.297057162100926,3.953685116977591,4.002737998962402,74500,0.0,0.0
2025-12-15 00:00:00-05:00,3.973306179046631,4.022359058756315,3.74766138861769,3.973306179046631,152200,0.0,0.0
2025-12-16 00:00:00-05:00,4.032169813487179,4.032169813487179,3.816335885138871,3.885010242462158,48800,0.0,0.0
2025-12-17 00:00:00-05:00,3.835956945670584,3.9831162757170695,3.7182292477297167,3.7476611137390137,104700,0.0,0.0
2025-12-18 00:00:00-05:00,3.737850682062788,3.826146518490276,3.7182294370574995,3.7770931720733643,18200,0.0,0.0
2025-12-19 00:00:00-05:00,3.7869038602803142,3.8948209435854952,3.639744520187378,3.639744520187378,25900,0.0,0.0
2025-12-22 00:00:00-05:00,3.6201232273819226,3.786903810634094,3.6201232273819226,3.6691763401031494,32500,0.0,0.0
2025-12-23 00:00:00-05:00,3.669176056244544,3.737850408741405,3.6397441908887465,3.698607921600342,34800,0.0,0.0
2025-12-24 00:00:00-05:00,3.7084186889980457,3.7869036663619147,3.7084186889980457,3.757471799850464,3900,0.0,0.0
2025-12-26 00:00:00-05:00,3.924252654638234,3.9929272445050565,3.7574718419669297,3.983116388320923,29000,0.0,0.0
2025-12-29 00:00:00-05:00,3.9340638706221838,4.022359245317809,3.7378509392606967,4.002737998962402,68200,0.0,0.0
2025-12-30 00:00:00-05:00,3.9733061435576955,4.071412369908187,3.87519968330351,3.8948209285736084,31600,0.0,0.0
2025-12-31 00:00:00-05:00,3.875199556350708,3.9733060133908937,3.8359570670961083,3.875199556350708,45800,0.0,0.0
2026-01-02 00:00:00-05:00,3.8751996518517116,3.953684866198799,3.7869038149492,3.816335916519165,33400,0.0,0.0
2026-01-05 00:00:00-05:00,3.8065251921832077,3.9438739042866593,3.718229357641589,3.7280399799346924,74400,0.0,0.0
2026-01-06 00:00:00-05:00,3.7574719901825135,3.904631564097713,3.6986082541779117,3.7869038581848145,10300,0.0,0.0
2026-01-07 00:00:00-05:00,3.796714352972903,3.875199565572561,3.698608129602939,3.767282485961914,11200,0.0,0.0
2026-01-08 00:00:00-05:00,3.796714360206004,3.9144420623779297,3.796714360206004,3.9144420623779297,14600,0.0,0.0
2026-01-09 00:00:00-05:00,3.9242524874906404,4.041979949841595,3.9046312437654813,3.992927074432373,11000,0.0,0.0
2026-01-12 00:00:00-05:00,3.973305871966154,3.9929271158950606,3.9340633841083403,3.9634950160980225,11800,0.0,0.0
2026-01-13 00:00:00-05:00,4.002737503955836,4.002737503955836,3.9438737721691157,3.9634950160980225,9200,0.0,0.0
2026-01-14 00:00:00-05:00,3.953684933601279,4.002737813310963,3.953684933601279,3.973306179046631,8400,0.0,0.0
2026-01-15 00:00:00-05:00,3.973306179046631,4.061601549647019,3.8948209633615263,3.973306179046631,34900,0.0,0.0
2026-01-16 00:00:00-05:00,3.9438738294967477,3.9438738294967477,3.786903641880117,3.826146364212036,17500,0.0,0.0
2026-01-20 00:00:00-05:00,3.7378508073080354,3.8359572695254496,3.7378508073080354,3.7967145442962646,8800,0.0,0.0
2026-01-21 00:00:00-05:00,3.855578438033412,3.9831165322890505,3.786903845684374,3.8948209285736084,19200,0.0,0.0
2026-01-22 00:00:00-05:00,3.9438739294449894,3.963495174156362,3.8751995729551836,3.9144420623779297,11800,0.0,0.0
2026-01-23 00:00:00-05:00,3.8555784067408627,3.9242527646288337,3.8065252939637406,3.816335916519165,5700,0.0,0.0
2026-01-26 00:00:00-05:00,3.7967144375046242,3.8261465390745895,3.7869038149492,3.816335916519165,18100,0.0,0.0
2026-01-27 00:00:00-05:00,3.796714498779693,3.796714498779693,3.669176403500842,3.6789870262145996,26000,0.0,0.0
2026-01-28 00:00:00-05:00,3.6789870901949397,3.6986083359636837,3.502395644372547,3.541638135910034,19300,0.0,0.0
2026-01-29 00:00:00-05:00,3.4827742569423643,3.522016746883668,3.3356149196624756,3.3356149196624756,51500,0.0,0.0
2026-01-30 00:00:00-05:00,3.328659089146192,3.4777036249765176,3.100124260552897,3.1299333572387695,63700,0.043,0.0
2026-02-02 00:00:00-05:00,3.159742209191896,3.269041361470026,3.159742209191896,3.179614782333374,18400,0.0,0.0
2026-02-03 00:00:00-05:00,3.1696784957626347,3.269041361470026,3.1696784957626347,3.179614782333374,18100,0.0,0.0
2026-02-04 00:00:00-05:00,3.209423716710753,3.338595445135458,3.1895511431069523,3.2988502979278564,10000,0.0,0.0
2026-02-05 00:00:00-05:00,3.4677673799404296,3.4677673799404296,3.1895511150360107,3.1895511150360107,13600,0.0,0.0
2026-02-06 00:00:00-05:00,3.209423805488827,3.457831219307468,3.1796149442585624,3.31872296333313,13100,0.0,0.0
2026-02-09 00:00:00-05:00,3.348531731937358,3.398213402846624,3.2789777243240557,3.2988502979278564,26300,0.0,0.0
2026-02-10 00:00:00-05:00,3.3485318158447765,3.4081497750498477,3.3485318158447765,3.3684046268463135,22700,0.0,0.0
2026-02-11 00:00:00-05:00,3.3684046268463135,3.3684046268463135,3.3485318158447765,3.3684046268463135,4800,0.0,0.0
2026-02-12 00:00:00-05:00,3.2292962817171005,3.3982133937994576,3.1994874213907605,3.348531723022461,25400,0.0,0.0
2026-02-13 00:00:00-05:00,3.368404526273022,3.4379585335524747,3.3584682395188143,3.3982133865356445,16700,0.0,0.0
2026-02-17 00:00:00-05:00,3.4280223688667584,3.5174489528390183,3.2392326769144386,3.2690415382385254,22200,0.0,0.0
2026-02-18 00:00:00-05:00,3.2690414218311843,3.4180859600440594,3.249168848322769,3.3982133865356445,19200,0.0,0.0
2026-02-19 00:00:00-05:00,3.38827713630371,3.4578311443328857,3.3385954650973906,3.4578311443328857,46000,0.0,0.0
2026-02-20 00:00:00-05:00,3.4777037542709928,3.567130336954045,3.378340884623157,3.517448902130127,49400,0.0,0.0
2026-02-23 00:00:00-05:00,3.5969391293083914,3.636684513309942,3.3385954362470143,3.348531723022461,26000,0.0,0.0
2026-02-24 00:00:00-05:00,3.43795868265987,3.5075126929559435,3.3584683851786434,3.37834095954895,10400,0.0,0.0
2026-02-25 00:00:00-05:00,3.4379584936071717,3.4379584936071717,3.3286591036810655,3.338595390319824,8600,0.0,0.0
2026-02-26 00:00:00-05:00,3.338595583248718,3.3584683945743943,3.2988504343969125,3.3286592960357666,10200,0.0,0.0
2026-02-27 00:00:00-05:00,3.278977678561992,3.4280222154101665,3.278977678561992,3.2889139652252197,17500,0.0,0.0
2026-03-02 00:00:00-05:00,3.2789776401623034,3.3783407425307117,3.1796147746936536,3.2292962074279785,15500,0.0,0.0
2026-03-03 00:00:00-05:00,3.2292962151870697,3.3187227943237216,3.100124252867703,3.179614782333374,33800,0.0,0.0
2026-03-04 00:00:00-05:00,3.2591050748992867,3.2988502211822435,3.1696784957626347,3.179614782333374,14600,0.0,0.0
2026-03-05 00:00:00-05:00,3.189551170189117,3.2292963177341902,3.119997161985238,3.149806022644043,21800,0.0,0.0
2026-03-06 00:00:00-05:00,3.1796148369065267,3.1796148369065267,3.0703154458526836,3.1398696899414062,18300,0.0,0.0
2026-03-09 00:00:00-04:00,3.1199971795310493,3.2591051967211038,3.0206340732098145,3.050442934036255,14800,0.0,0.0
2026-03-10 00:00:00-04:00,3.1100609025552886,3.1100609025552886,3.0007615089416504,3.0007615089416504,17700,0.0,0.0
2026-03-11 00:00:00-04:00,3.0603792307855793,3.1100609025552886,3.0007615089416504,3.0007615089416504,18100,0.0,0.0
2026-03-12 00:00:00-04:00,3.179614875316417,3.5870028735299266,3.080251769803543,3.4578311443328857,6040300,0.0,0.0
2026-03-13 00:00:00-04:00,3.229296381081254,3.8056015055893666,3.1696786585941603,3.785728931427002,548600,0.0,0.0
2026-03-16 00:00:00-04:00,3.7261111541374534,4.679995647500604,3.666493432527198,4.600505352020264,450900,0.0,0.0
2026-03-17 00:00:00-04:00,4.570696214730647,4.570696214730647,4.103690495928405,4.282543659210205,225200,0.0,0.0
2026-03-18 00:00:00-04:00,4.222925880854604,4.7594858372239335,3.9844549997124687,4.063945293426514,187700,0.0,0.0
2026-03-19 00:00:00-04:00,4.173244488972475,4.550823883119386,4.133499339462228,4.540887832641602,155000,0.0,0.0
2026-03-20 00:00:00-04:00,4.431588333790549,4.958211789722869,4.262671215314299,4.5706963539123535,201200,0.0,0.0
2026-03-23 00:00:00-04:00,4.809167653773936,5.385472774505615,4.729677357645365,5.385472774505615,263000,0.0,0.0
2026-03-24 00:00:00-04:00,5.11719274520874,5.42521787702059,4.968148204319256,5.11719274520874,169200,0.0,0.0
2026-03-25 00:00:00-04:00,5.087383412091777,5.176810227247138,4.739613148642444,4.759485721588135,139900,0.0,0.0
2026-03-26 00:00:00-04:00,4.709804260164244,5.087383636594159,4.401779129013376,4.650186538696289,160500,0.0,0.0
2026-03-27 00:00:00-04:00,4.650186495227053,4.958211623498548,4.461396808776873,4.898593902587891,93900,0.0,0.0
2026-03-30 00:00:00-04:00,4.958211740847908,5.554389911663694,4.898594018526237,5.286109924316406,271800,0.0,0.0
2026-03-31 00:00:00-04:00,5.445090526635706,5.7531156627326725,5.375536280239794,5.703433990478516,172600,0.0,0.0
2026-04-01 00:00:00-04:00,5.703433929713494,5.951841340738637,5.5047081904131945,5.534517288208008,152900,0.0,0.0
2026-04-02 00:00:00-04:00,5.623943685366781,5.7729882281032605,5.365600221916485,5.753115653991699,163700,0.0,0.0
2026-04-06 00:00:00-04:00,6.031332257645285,6.4387202700659625,5.822669989381146,6.239994525909424,243500,0.0,0.0
2026-04-07 00:00:00-04:00,6.279739327461747,7.303177563969575,5.922032533962152,7.193878173828125,290200,0.0,0.0
2026-04-08 00:00:00-04:00,7.263432495124574,7.323050215713067,6.6871273889696115,6.7467451095581055,360600,0.0,0.0
2026-04-09 00:00:00-04:00,6.756681575051243,7.770183763928976,6.756681575051243,7.71056604385376,434100,0.0,0.0
2026-04-10 00:00:00-04:00,7.571457883750854,7.621139556193655,7.114388202955439,7.472095012664795,210100,0.0,0.0
2026-04-13 00:00:00-04:00,7.382667967734686,7.919227929115159,7.134260560658558,7.68075704574585,157800,0.0,0.0
2026-04-14 00:00:00-04:00,7.710566195920818,7.849674212173133,7.293241673364342,7.3826680183410645,126300,0.0,0.0
2026-04-15 00:00:00-04:00,7.313113967660527,8.147762507079738,7.1839420063196275,8.038463592529297,153000,0.0,0.0
2026-04-16 00:00:00-04:00,8.038464033814869,8.038464033814869,7.183942400694736,7.2534966468811035,147300,0.0,0.0
2026-04-17 00:00:00-04:00,7.183942365787344,7.352859481562352,6.796426936173788,6.935534954071045,215100,0.0,0.0
2026-04-20 00:00:00-04:00,6.8858532739768545,7.0547703895499465,6.567892090591776,6.9852166175842285,129500,0.0,0.0
2026-04-21 00:00:00-04:00,6.975279846778563,7.084579236597751,6.557955334559411,6.726872444152832,96300,0.0,0.0
2026-04-22 00:00:00-04:00,6.71693667959086,7.074643013422669,6.697063631689553,6.736809253692627,109200,0.0,0.0
2026-04-23 00:00:00-04:00,6.617573272468031,6.846108109368855,6.458592681162949,6.567892074584961,62700,0.0,0.0
2026-04-24 00:00:00-04:00,6.548019367316339,6.875917067104949,6.538082843662369,6.796426773071289,46300,0.0,0.0
2026-04-27 00:00:00-04:00,6.726872770096212,7.283305322083248,6.726872770096212,7.005089282989502,63000,0.0,0.0
2026-04-28 00:00:00-04:00,6.9951526294591195,7.412477154172229,6.9454709579267835,7.1839423179626465,108100,0.0,0.0
2026-04-29 00:00:00-04:00,7.193878377565459,7.32305034468185,6.557955539622545,6.617573261260986,81200,0.0,0.0
2026-04-30 00:00:00-04:00,6.617573433894399,6.846108276370009,6.468529362809932,6.707000255584717,94200,0.0,0.0
2026-05-01 00:00:00-04:00,6.71999979019165,7.090000152587891,6.53000020980835,6.710000038146973,69800,0.043,0.0
2026-05-04 00:00:00-04:00,6.699999809265137,6.699999809265137,5.78000020980835,5.949999809265137,133700,0.0,0.0
2026-05-05 00:00:00-04:00,5.949999809265137,6.579999923706055,5.949999809265137,6.449999809265137,64800,0.0,0.0
2026-05-06 00:00:00-04:00,6.349999904632568,6.349999904632568,5.570000171661377,5.570000171661377,114500,0.0,0.0
2026-05-07 00:00:00-04:00,5.889999866485596,7.320000171661377,5.449999809265137,7.190000057220459,246000,0.0,0.0
2026-05-08 00:00:00-04:00,7.190000057220459,7.190000057220459,5.769999980926514,5.909999847412109,96900,0.0,0.0
2026-05-11 00:00:00-04:00,6.489999771118164,7.199999809265137,6.210000038146973,6.5,268500,0.0,0.0
2026-05-12 00:00:00-04:00,6.699999809265137,6.960000038146973,6.170000076293945,6.920000076293945,166600,0.0,0.0
2026-05-13 00:00:00-04:00,6.889999866485596,7.050000190734863,6.610000133514404,7.0,57900,0.0,0.0
2026-05-14 00:00:00-04:00,6.949999809265137,7.769999980926514,6.949999809265137,7.75,225500,0.0,0.0
2026-05-15 00:00:00-04:00,7.550000190734863,7.550000190734863,7.03000020980835,7.329999923706055,119100,0.0,0.0
2026-05-18 00:00:00-04:00,7.329999923706055,8.09000015258789,7.260000228881836,7.869999885559082,132400,0.0,0.0
2026-05-19 00:00:00-04:00,8.180000305175781,8.25,7.460000038146973,7.610000133514404,228500,0.0,0.0
2026-05-20 00:00:00-04:00,7.53000020980835,8.029999732971191,7.239999771118164,7.800000190734863,150600,0.0,0.0
2026-05-21 00:00:00-04:00,7.78000020980835,8.460000038146973,7.28000020980835,8.460000038146973,184200,0.0,0.0
2026-05-22 00:00:00-04:00,8.5,8.829999923706055,8.029999732971191,8.829999923706055,200700,0.0,0.0
2026-05-26 00:00:00-04:00,8.84000015258789,9.170000076293945,8.489999771118164,8.770000457763672,265600,0.0,0.0
2026-05-27 00:00:00-04:00,8.75,9.680000305175781,8.75,9.260000228881836,176100,0.0,0.0
2026-05-28 00:00:00-04:00,9.239999771118164,9.380000114440918,8.609999656677246,8.609999656677246,162700,0.0,0.0
2026-05-29 00:00:00-04:00,8.800000190734863,9.800000190734863,8.520000457763672,8.550000190734863,251900,0.0,0.0
2026-06-01 00:00:00-04:00,8.920000076293945,9.529999732971191,8.699999809265137,9.34000015258789,303400,0.0,0.0
2026-06-02 00:00:00-04:00,9.300000190734863,9.449999809265137,8.800000190734863,9.15999984741211,218700,0.0,0.0
2026-06-03 00:00:00-04:00,9.050000190734863,9.350000381469727,8.720000267028809,9.329999923706055,165700,0.0,0.0
2026-06-04 00:00:00-04:00,9.390000343322754,9.600000381469727,9.039999961853027,9.369999885559082,244100,0.0,0.0
2026-06-05 00:00:00-04:00,9.369999885559082,9.489999771118164,8.729999542236328,8.90999984741211,141000,0.0,0.0
2026-06-08 00:00:00-04:00,8.90999984741211,9.270000457763672,8.710000038146973,9.149999618530273,229500,0.0,0.0
2026-06-09 00:00:00-04:00,9.15999984741211,9.550000190734863,8.819999694824219,9.149999618530273,122700,0.0,0.0
2026-06-10 00:00:00-04:00,8.779999732971191,9.5,8.699999809265137,9.149999618530273,225200,0.0,0.0
2026-06-11 00:00:00-04:00,9.119999885559082,9.5,8.989999771118164,9.0600004196167,133400,0.0,0.0
2026-06-12 00:00:00-04:00,8.960000038146973,9.199999809265137,8.640000343322754,8.890000343322754,108200,0.0,0.0
2026-06-15 00:00:00-04:00,9.020000457763672,9.5,8.930000305175781,9.1899995803833,184100,0.0,0.0
2026-06-16 00:00:00-04:00,9.229999542236328,9.300000190734863,8.260000228881836,8.34000015258789,134000,0.0,0.0
2026-06-17 00:00:00-04:00,8.34000015258789,8.760000228881836,8.260000228881836,8.350000381469727,131900,0.0,0.0
2026-06-18 00:00:00-04:00,8.369999885559082,8.670000076293945,8.0,8.4399995803833,156100,0.0,0.0
2026-06-22 00:00:00-04:00,8.4399995803833,8.720000267028809,7.96999979019165,8.1899995803833,172500,0.0,0.0
2026-06-23 00:00:00-04:00,8.170000076293945,8.640000343322754,8.15999984741211,8.40999984741211,92300,0.0,0.0
2026-06-24 00:00:00-04:00,8.399999618530273,8.579999923706055,8.260000228881836,8.300000190734863,74600,0.0,0.0
2026-06-25 00:00:00-04:00,8.359999656677246,8.670000076293945,8.149999618530273,8.359999656677246,136700,0.0,0.0
2026-06-26 00:00:00-04:00,8.40999984741211,8.680000305175781,7.480000019073486,7.619999885559082,2877000,0.0,0.0
2026-06-29 00:00:00-04:00,8.0600004196167,9.130000114440918,7.800000190734863,8.979999542236328,599500,0.0,0.0
2026-06-30 00:00:00-04:00,8.920000076293945,9.40999984741211,8.479999542236328,8.529999732971191,278200,0.0,0.0
2026-07-01 00:00:00-04:00,8.470000267028809,8.520000457763672,8.079999923706055,8.479999542236328,182600,0.0,0.0
2026-07-02 00:00:00-04:00,8.5600004196167,9.0,8.399999618530273,8.5600004196167,142800,0.0,0.0
2026-07-06 00:00:00-04:00,8.5,8.699999809265137,8.0,8.380000114440918,263900,0.0,0.0
2026-07-07 00:00:00-04:00,8.359999656677246,8.529999732971191,7.880000114440918,7.920000076293945,129700,0.0,0.0
2026-07-08 00:00:00-04:00,7.920000076293945,7.989999771118164,7.650000095367432,7.739999771118164,112100,0.0,0.0
2026-07-09 00:00:00-04:00,7.769999980926514,8.25,7.679999828338623,8.149999618530273,104500,0.0,0.0
2026-07-10 00:00:00-04:00,8.029999732971191,8.390000343322754,7.869999885559082,8.279999732971191,119500,0.0,0.0
2026-07-13 00:00:00-04:00,8.300000190734863,8.859999656677246,8.119999885559082,8.770000457763672,177700,0.0,0.0
2026-07-14 00:00:00-04:00,8.779999732971191,8.779999732971191,8.199999809265137,8.260000228881836,155100,0.0,0.0
2026-07-15 00:00:00-04:00,8.260000228881836,8.5,8.260000228881836,8.300000190734863,78100,0.0,0.0
2026-07-16 00:00:00-04:00,8.300000190734863,8.859999656677246,8.300000190734863,8.779999732971191,132500,0.0,0.0
2026-07-17 00:00:00-04:00,8.699999809265137,8.90999984741211,8.510000228881836,8.520000457763672,101700,0.0,0.0
2026-07-20 00:00:00-04:00,8.529999732971191,8.739999771118164,8.470000267028809,8.729999542236328,83700,0.0,0.0
2026-07-21 00:00:00-04:00,8.75,8.869999885559082,8.3100004196167,8.470000267028809,129400,0.0,0.0
2026-07-22 00:00:00-04:00,8.539999961853027,8.84000015258789,8.300000190734863,8.640000343322754,121700,0.0,0.0
2026-07-23 00:00:00-04:00,8.600000381469727,8.630000114440918,8.34000015258789,8.479999542236328,156700,0.0,0.0
2026-07-24 00:00:00-04:00,8.529999732971191,8.869999885559082,8.5,8.6899995803833,83300,0.0,0.0
2026-07-27 00:00:00-04:00,8.779999732971191,9.25,8.510000228881836,8.829999923706055,312700,0.0,0.0
2026-07-28 00:00:00-04:00,8.930000305175781,9.0,8.5,8.729999542236328,82700,0.0,0.0
2026-07-29 00:00:00-04:00,8.850000381469727,8.920000076293945,8.300000190734863,8.380000114440918,208900,0.0,0.0
2026-07-30 00:00:00-04:00,8.399999618530273,8.550000190734863,8.300000190734863,8.399999618530273,71500,0.0,0.0
2026-07-31 00:00:00-04:00,8.380000114440918,8.449999809265137,8.069999694824219,8.369999885559082,148872,0.0,0.0
