Date,Open,High,Low,Close,Volume,Dividends,Stock Splits
2022-01-03 00:00:00-05:00,80.2300033569336,80.81099700927734,78.03500366210938,79.37000274658203,572400,0.0,0.0
2022-01-04 00:00:00-05:00,79.05000305175781,79.28500366210938,74.45999908447266,76.95999908447266,635900,0.0,0.0
2022-01-05 00:00:00-05:00,76.94999694824219,76.94999694824219,70.63999938964844,71.8499984741211,803100,0.0,0.0
2022-01-06 00:00:00-05:00,73.08999633789062,75.22000122070312,71.51499938964844,72.95999908447266,651600,0.0,0.0
2022-01-07 00:00:00-05:00,73.12000274658203,74.7699966430664,71.18000030517578,71.20999908447266,353300,0.0,0.0
2022-01-10 00:00:00-05:00,69.77999877929688,71.5199966430664,66.97000122070312,71.18000030517578,1089600,0.0,0.0
2022-01-11 00:00:00-05:00,71.11000061035156,75.06999969482422,71.11000061035156,74.0999984741211,502800,0.0,0.0
2022-01-12 00:00:00-05:00,74.87000274658203,75.35600280761719,72.17500305175781,73.30000305175781,439500,0.0,0.0
2022-01-13 00:00:00-05:00,73.3499984741211,73.3499984741211,69.79499816894531,70.19999694824219,511700,0.0,0.0
2022-01-14 00:00:00-05:00,69.08999633789062,71.83999633789062,66.30999755859375,67.9800033569336,633900,0.0,0.0
2022-01-18 00:00:00-05:00,66.2699966430664,68.55999755859375,65.41999816894531,65.95999908447266,662900,0.0,0.0
2022-01-19 00:00:00-05:00,65.88999938964844,67.58599853515625,65.19000244140625,66.29000091552734,720300,0.0,0.0
2022-01-20 00:00:00-05:00,67.38999938964844,68.25,64.69000244140625,65.0,550000,0.0,0.0
2022-01-21 00:00:00-05:00,62.9900016784668,63.709999084472656,61.40999984741211,61.630001068115234,866500,0.0,0.0
2022-01-24 00:00:00-05:00,60.130001068115234,63.099998474121094,56.0,63.0099983215332,1269700,0.0,0.0
2022-01-25 00:00:00-05:00,61.43000030517578,62.220001220703125,57.0099983215332,58.04999923706055,825900,0.0,0.0
2022-01-26 00:00:00-05:00,60.22999954223633,62.709999084472656,58.38999938964844,59.04999923706055,924400,0.0,0.0
2022-01-27 00:00:00-05:00,60.150001525878906,62.150001525878906,57.7400016784668,58.779998779296875,1205600,0.0,0.0
2022-01-28 00:00:00-05:00,59.369998931884766,60.9900016784668,57.47999954223633,60.529998779296875,1074700,0.0,0.0
2022-01-31 00:00:00-05:00,61.08000183105469,63.20000076293945,60.63999938964844,62.560001373291016,969600,0.0,0.0
2022-02-01 00:00:00-05:00,63.61000061035156,65.75,61.34000015258789,65.58999633789062,864300,0.0,0.0
2022-02-02 00:00:00-05:00,66.36000061035156,66.36000061035156,62.97999954223633,63.400001525878906,549700,0.0,0.0
2022-02-03 00:00:00-05:00,61.4900016784668,61.93000030517578,59.439998626708984,59.61000061035156,789900,0.0,0.0
2022-02-04 00:00:00-05:00,59.720001220703125,62.88999938964844,59.27000045776367,62.599998474121094,2347800,0.0,0.0
2022-02-07 00:00:00-05:00,62.41999816894531,65.31999969482422,61.72999954223633,63.0,1474100,0.0,0.0
2022-02-08 00:00:00-05:00,62.220001220703125,63.52000045776367,62.0099983215332,63.349998474121094,848200,0.0,0.0
2022-02-09 00:00:00-05:00,64.61000061035156,68.06999969482422,64.02999877929688,68.0,1041400,0.0,0.0
2022-02-10 00:00:00-05:00,66.05999755859375,70.08999633789062,66.0,68.83999633789062,1260900,0.0,0.0
2022-02-11 00:00:00-05:00,68.73999786376953,70.86000061035156,66.08000183105469,66.98999786376953,651500,0.0,0.0
2022-02-14 00:00:00-05:00,66.75,69.87000274658203,66.11000061035156,66.44000244140625,513000,0.0,0.0
2022-02-15 00:00:00-05:00,67.75,70.68000030517578,67.30999755859375,70.33999633789062,749100,0.0,0.0
2022-02-16 00:00:00-05:00,69.79000091552734,69.79000091552734,67.33000183105469,69.33000183105469,327600,0.0,0.0
2022-02-17 00:00:00-05:00,68.3499984741211,69.9800033569336,65.0999984741211,66.33999633789062,591800,0.0,0.0
2022-02-18 00:00:00-05:00,66.58000183105469,67.81999969482422,63.52000045776367,64.0999984741211,1419500,0.0,0.0
2022-02-22 00:00:00-05:00,62.849998474121094,63.59000015258789,61.349998474121094,62.880001068115234,1344100,0.0,0.0
2022-02-23 00:00:00-05:00,62.029998779296875,63.68000030517578,58.435001373291016,59.77000045776367,3027000,0.0,0.0
2022-02-24 00:00:00-05:00,56.70000076293945,67.7699966430664,56.25,67.05999755859375,1460700,0.0,0.0
2022-02-25 00:00:00-05:00,65.3499984741211,66.48999786376953,62.9900016784668,65.47000122070312,1293500,0.0,0.0
2022-02-28 00:00:00-05:00,63.869998931884766,67.25,63.689998626708984,65.19000244140625,905400,0.0,0.0
2022-03-01 00:00:00-05:00,64.98999786376953,67.7699966430664,64.23999786376953,65.41000366210938,842100,0.0,0.0
2022-03-02 00:00:00-05:00,65.9000015258789,65.93000030517578,62.150001525878906,64.18000030517578,1006600,0.0,0.0
2022-03-03 00:00:00-05:00,64.94000244140625,64.94000244140625,60.92499923706055,62.13999938964844,880300,0.0,0.0
2022-03-04 00:00:00-05:00,62.38999938964844,62.72999954223633,58.869998931884766,60.75,1381700,0.0,0.0
2022-03-07 00:00:00-05:00,61.45000076293945,61.66999816894531,56.30500030517578,57.7400016784668,3007300,0.0,0.0
2022-03-08 00:00:00-05:00,57.349998474121094,58.10499954223633,55.0,56.4900016784668,952000,0.0,0.0
2022-03-09 00:00:00-05:00,57.849998474121094,59.900001525878906,57.709999084472656,57.83000183105469,735800,0.0,0.0
2022-03-10 00:00:00-05:00,56.369998931884766,57.290000915527344,54.5,55.72999954223633,1344900,0.0,0.0
2022-03-11 00:00:00-05:00,56.0,57.0,52.064998626708984,52.25,1360100,0.0,0.0
2022-03-14 00:00:00-04:00,51.849998474121094,52.35499954223633,48.5,49.79999923706055,2559000,0.0,0.0
2022-03-15 00:00:00-04:00,49.81999969482422,53.33000183105469,49.630001068115234,53.2400016784668,2071700,0.0,0.0
2022-03-16 00:00:00-04:00,54.0,57.70000076293945,53.5,57.54999923706055,1422300,0.0,0.0
2022-03-17 00:00:00-04:00,58.150001525878906,61.20000076293945,57.18000030517578,60.09000015258789,1545800,0.0,0.0
2022-03-18 00:00:00-04:00,60.0,63.70000076293945,59.66999816894531,61.56999969482422,2092500,0.0,0.0
2022-03-21 00:00:00-04:00,60.75,62.2400016784668,59.01499938964844,60.810001373291016,1365400,0.0,0.0
2022-03-22 00:00:00-04:00,60.5099983215332,63.400001525878906,59.400001525878906,61.68000030517578,1247400,0.0,0.0
2022-03-23 00:00:00-04:00,60.5,62.20000076293945,59.560001373291016,60.150001525878906,1158000,0.0,0.0
2022-03-24 00:00:00-04:00,59.86000061035156,61.65999984741211,58.599998474121094,60.27000045776367,541900,0.0,0.0
2022-03-25 00:00:00-04:00,60.369998931884766,60.369998931884766,57.38999938964844,58.0,1280900,0.0,0.0
2022-03-28 00:00:00-04:00,57.86000061035156,59.400001525878906,57.36000061035156,58.84000015258789,941500,0.0,0.0
2022-03-29 00:00:00-04:00,60.029998779296875,62.25,59.625,61.810001373291016,816100,0.0,0.0
2022-03-30 00:00:00-04:00,60.9900016784668,61.470001220703125,58.345001220703125,58.869998931884766,351700,0.0,0.0
2022-03-31 00:00:00-04:00,58.560001373291016,59.689998626708984,57.85499954223633,57.959999084472656,444500,0.0,0.0
2022-04-01 00:00:00-04:00,58.369998931884766,61.45000076293945,58.369998931884766,60.06999969482422,497500,0.0,0.0
2022-04-04 00:00:00-04:00,60.40999984741211,62.77000045776367,60.2599983215332,60.599998474121094,423400,0.0,0.0
2022-04-05 00:00:00-04:00,60.41999816894531,60.45000076293945,57.939998626708984,58.619998931884766,885200,0.0,0.0
2022-04-06 00:00:00-04:00,57.400001525878906,57.400001525878906,54.54999923706055,55.779998779296875,536100,0.0,0.0
2022-04-07 00:00:00-04:00,55.400001525878906,57.02000045776367,53.9900016784668,54.0099983215332,706800,0.0,0.0
2022-04-08 00:00:00-04:00,53.65999984741211,54.529998779296875,52.41999816894531,53.709999084472656,667800,0.0,0.0
2022-04-11 00:00:00-04:00,52.619998931884766,54.61000061035156,51.9900016784668,53.70000076293945,736200,0.0,0.0
2022-04-12 00:00:00-04:00,54.31999969482422,55.349998474121094,52.94499969482422,53.459999084472656,688100,0.0,0.0
2022-04-13 00:00:00-04:00,53.15999984741211,55.529998779296875,53.029998779296875,55.4900016784668,407000,0.0,0.0
2022-04-14 00:00:00-04:00,55.38999938964844,55.790000915527344,53.79999923706055,54.040000915527344,610400,0.0,0.0
2022-04-18 00:00:00-04:00,53.650001525878906,53.779998779296875,51.68000030517578,53.16999816894531,614500,0.0,0.0
2022-04-19 00:00:00-04:00,52.88999938964844,55.709999084472656,52.54999923706055,55.599998474121094,525800,0.0,0.0
2022-04-20 00:00:00-04:00,55.880001068115234,56.45000076293945,53.04999923706055,53.16999816894531,423800,0.0,0.0
2022-04-21 00:00:00-04:00,53.83000183105469,55.2400016784668,49.9900016784668,50.77000045776367,566200,0.0,0.0
2022-04-22 00:00:00-04:00,50.81999969482422,51.36000061035156,49.90999984741211,51.13999938964844,1344500,0.0,0.0
2022-04-25 00:00:00-04:00,51.130001068115234,53.849998474121094,50.38999938964844,53.7400016784668,738500,0.0,0.0
2022-04-26 00:00:00-04:00,53.79999923706055,53.79999923706055,50.81999969482422,51.95000076293945,823500,0.0,0.0
2022-04-27 00:00:00-04:00,52.290000915527344,53.7400016784668,50.20000076293945,51.75,503700,0.0,0.0
2022-04-28 00:00:00-04:00,52.650001525878906,56.4900016784668,51.43000030517578,56.20000076293945,788300,0.0,0.0
2022-04-29 00:00:00-04:00,55.709999084472656,57.86000061035156,55.31999969482422,55.470001220703125,1246700,0.0,0.0
2022-05-02 00:00:00-04:00,54.970001220703125,56.439998626708984,53.91999816894531,55.5,1578700,0.0,0.0
2022-05-03 00:00:00-04:00,55.189998626708984,56.290000915527344,53.8849983215332,54.470001220703125,817900,0.0,0.0
2022-05-04 00:00:00-04:00,54.43000030517578,55.0099983215332,50.150001525878906,54.27000045776367,1020300,0.0,0.0
2022-05-05 00:00:00-04:00,54.040000915527344,55.58000183105469,50.04999923706055,51.22999954223633,976600,0.0,0.0
2022-05-06 00:00:00-04:00,50.56999969482422,51.380001068115234,47.38999938964844,49.9900016784668,641000,0.0,0.0
2022-05-09 00:00:00-04:00,48.34000015258789,48.849998474121094,45.30500030517578,46.25,1059500,0.0,0.0
2022-05-10 00:00:00-04:00,47.650001525878906,48.130001068115234,42.880001068115234,44.060001373291016,2233100,0.0,0.0
2022-05-11 00:00:00-04:00,43.189998626708984,45.18000030517578,41.6349983215332,42.11000061035156,1483000,0.0,0.0
2022-05-12 00:00:00-04:00,41.31999969482422,44.70000076293945,40.130001068115234,43.099998474121094,1083700,0.0,0.0
2022-05-13 00:00:00-04:00,44.2400016784668,47.369998931884766,44.13999938964844,47.189998626708984,1427400,0.0,0.0
2022-05-16 00:00:00-04:00,46.18000030517578,46.779998779296875,43.93000030517578,44.06999969482422,760900,0.0,0.0
2022-05-17 00:00:00-04:00,45.06999969482422,46.0,42.13999938964844,43.47999954223633,830200,0.0,0.0
2022-05-18 00:00:00-04:00,42.72999954223633,43.439998626708984,40.790000915527344,41.65999984741211,491200,0.0,0.0
2022-05-19 00:00:00-04:00,41.599998474121094,44.53499984741211,40.88999938964844,44.04999923706055,1812600,0.0,0.0
2022-05-20 00:00:00-04:00,44.599998474121094,45.0,41.709999084472656,43.5099983215332,1265300,0.0,0.0
2022-05-23 00:00:00-04:00,43.25,43.439998626708984,41.09000015258789,42.9900016784668,949700,0.0,0.0
2022-05-24 00:00:00-04:00,42.189998626708984,42.439998626708984,40.0099983215332,40.56999969482422,853600,0.0,0.0
2022-05-25 00:00:00-04:00,40.279998779296875,42.79999923706055,40.0,42.369998931884766,1405700,0.0,0.0
2022-05-26 00:00:00-04:00,41.689998626708984,43.875,41.689998626708984,43.459999084472656,893600,0.0,0.0
2022-05-27 00:00:00-04:00,43.9900016784668,48.599998474121094,43.93000030517578,48.529998779296875,1306000,0.0,0.0
2022-05-31 00:00:00-04:00,48.310001373291016,48.86000061035156,45.209999084472656,45.5,1568300,0.0,0.0
2022-06-01 00:00:00-04:00,45.369998931884766,46.70000076293945,44.06999969482422,45.41999816894531,1124600,0.0,0.0
2022-06-02 00:00:00-04:00,45.33000183105469,49.33000183105469,45.33000183105469,48.470001220703125,1316900,0.0,0.0
2022-06-03 00:00:00-04:00,47.689998626708984,48.06999969482422,46.09000015258789,46.34000015258789,757300,0.0,0.0
2022-06-06 00:00:00-04:00,47.400001525878906,48.11000061035156,46.20500183105469,46.7599983215332,915700,0.0,0.0
2022-06-07 00:00:00-04:00,46.22999954223633,49.599998474121094,46.22999954223633,49.529998779296875,1003700,0.0,0.0
2022-06-08 00:00:00-04:00,49.02000045776367,51.08000183105469,49.02000045776367,50.36000061035156,1075900,0.0,0.0
2022-06-09 00:00:00-04:00,50.02000045776367,50.459999084472656,47.2599983215332,47.27000045776367,829400,0.0,0.0
2022-06-10 00:00:00-04:00,46.4900016784668,46.529998779296875,43.189998626708984,44.220001220703125,607600,0.0,0.0
2022-06-13 00:00:00-04:00,42.540000915527344,43.220001220703125,41.119998931884766,41.97999954223633,1232500,0.0,0.0
2022-06-14 00:00:00-04:00,42.380001068115234,43.099998474121094,41.06999969482422,43.0,876400,0.0,0.0
2022-06-15 00:00:00-04:00,44.630001068115234,46.459999084472656,44.040000915527344,45.720001220703125,704100,0.0,0.0
2022-06-16 00:00:00-04:00,43.95000076293945,45.56999969482422,43.08000183105469,44.63999938964844,707300,0.0,0.0
2022-06-17 00:00:00-04:00,45.849998474121094,47.130001068115234,45.27799987792969,45.7599983215332,1057400,0.0,0.0
2022-06-21 00:00:00-04:00,46.150001525878906,47.869998931884766,46.150001525878906,46.439998626708984,764100,0.0,0.0
2022-06-22 00:00:00-04:00,45.9900016784668,47.65999984741211,45.279998779296875,46.630001068115234,676100,0.0,0.0
2022-06-23 00:00:00-04:00,47.0,49.560001373291016,46.709999084472656,49.52000045776367,875000,0.0,0.0
2022-06-24 00:00:00-04:00,50.0,51.310001373291016,49.66999816894531,51.150001525878906,1138800,0.0,0.0
2022-06-27 00:00:00-04:00,51.0,51.16999816894531,49.2599983215332,50.2400016784668,527000,0.0,0.0
2022-06-28 00:00:00-04:00,49.93000030517578,50.97999954223633,46.779998779296875,47.34000015258789,520300,0.0,0.0
2022-06-29 00:00:00-04:00,47.16999816894531,47.505001068115234,46.0,47.400001525878906,449600,0.0,0.0
2022-06-30 00:00:00-04:00,46.619998931884766,46.849998474121094,44.224998474121094,45.38999938964844,1423700,0.0,0.0
2022-07-01 00:00:00-04:00,45.66999816894531,47.40999984741211,45.1150016784668,46.06999969482422,572400,0.0,0.0
2022-07-05 00:00:00-04:00,45.45000076293945,49.04999923706055,45.0,49.0099983215332,675200,0.0,0.0
2022-07-06 00:00:00-04:00,49.0099983215332,49.7400016784668,46.97999954223633,47.810001373291016,474600,0.0,0.0
2022-07-07 00:00:00-04:00,47.810001373291016,50.16999816894531,47.349998474121094,49.7599983215332,531200,0.0,0.0
2022-07-08 00:00:00-04:00,49.130001068115234,51.349998474121094,48.63999938964844,50.31999969482422,369900,0.0,0.0
2022-07-11 00:00:00-04:00,50.369998931884766,50.5,48.25,49.43000030517578,295900,0.0,0.0
2022-07-12 00:00:00-04:00,49.709999084472656,50.619998931884766,45.65999984741211,45.65999984741211,712900,0.0,0.0
2022-07-13 00:00:00-04:00,44.470001220703125,46.34000015258789,43.880001068115234,45.79999923706055,481600,0.0,0.0
2022-07-14 00:00:00-04:00,45.47999954223633,45.47999954223633,43.45000076293945,43.869998931884766,500400,0.0,0.0
2022-07-15 00:00:00-04:00,44.939998626708984,45.45000076293945,43.529998779296875,45.36000061035156,510900,0.0,0.0
2022-07-18 00:00:00-04:00,45.93000030517578,47.56999969482422,45.279998779296875,45.310001373291016,373700,0.0,0.0
2022-07-19 00:00:00-04:00,46.040000915527344,46.41999816894531,44.2599983215332,46.189998626708984,298200,0.0,0.0
2022-07-20 00:00:00-04:00,46.70000076293945,50.2400016784668,46.70000076293945,49.52000045776367,565700,0.0,0.0
2022-07-21 00:00:00-04:00,49.290000915527344,50.90999984741211,49.185001373291016,50.58000183105469,409800,0.0,0.0
2022-07-22 00:00:00-04:00,51.0,51.0,47.79999923706055,48.45000076293945,270000,0.0,0.0
2022-07-25 00:00:00-04:00,48.560001373291016,48.65999984741211,47.154998779296875,47.560001373291016,658700,0.0,0.0
2022-07-26 00:00:00-04:00,47.29999923706055,47.29999923706055,45.959999084472656,46.45000076293945,612600,0.0,0.0
2022-07-27 00:00:00-04:00,47.97999954223633,49.459999084472656,47.349998474121094,49.11000061035156,616700,0.0,0.0
2022-07-28 00:00:00-04:00,49.220001220703125,51.0099983215332,48.75,51.0,596100,0.0,0.0
2022-07-29 00:00:00-04:00,50.9900016784668,52.5,50.40999984741211,51.70000076293945,426800,0.0,0.0
2022-08-01 00:00:00-04:00,51.18000030517578,53.59000015258789,50.04999923706055,53.08000183105469,640900,0.0,0.0
2022-08-02 00:00:00-04:00,52.02000045776367,54.130001068115234,52.02000045776367,54.02000045776367,810300,0.0,0.0
2022-08-03 00:00:00-04:00,54.93000030517578,57.47999954223633,53.95000076293945,56.63999938964844,799800,0.0,0.0
2022-08-04 00:00:00-04:00,60.310001373291016,62.5099983215332,58.83000183105469,62.040000915527344,1468800,0.0,0.0
2022-08-05 00:00:00-04:00,61.040000915527344,63.41999816894531,60.71500015258789,63.06999969482422,959900,0.0,0.0
2022-08-08 00:00:00-04:00,62.84000015258789,64.33000183105469,62.060001373291016,63.900001525878906,847700,0.0,0.0
2022-08-09 00:00:00-04:00,63.2400016784668,63.95000076293945,61.119998931884766,61.650001525878906,783400,0.0,0.0
2022-08-10 00:00:00-04:00,64.12000274658203,65.55000305175781,63.7760009765625,65.41999816894531,748400,0.0,0.0
2022-08-11 00:00:00-04:00,65.2699966430664,65.9800033569336,62.59000015258789,63.209999084472656,829200,0.0,0.0
2022-08-12 00:00:00-04:00,63.369998931884766,64.1500015258789,62.459999084472656,62.900001525878906,364200,0.0,0.0
2022-08-15 00:00:00-04:00,62.209999084472656,63.40999984741211,61.970001220703125,63.0099983215332,295600,0.0,0.0
2022-08-16 00:00:00-04:00,62.29999923706055,63.59000015258789,61.15999984741211,63.08000183105469,398900,0.0,0.0
2022-08-17 00:00:00-04:00,61.349998474121094,61.8849983215332,60.75,61.459999084472656,441300,0.0,0.0
2022-08-18 00:00:00-04:00,61.209999084472656,61.56999969482422,60.27000045776367,61.369998931884766,536500,0.0,0.0
2022-08-19 00:00:00-04:00,60.529998779296875,60.55500030517578,57.81999969482422,58.849998474121094,621500,0.0,0.0
2022-08-22 00:00:00-04:00,57.599998474121094,57.7599983215332,55.68000030517578,56.54999923706055,549500,0.0,0.0
2022-08-23 00:00:00-04:00,53.75,56.90999984741211,53.560001373291016,56.040000915527344,1337700,0.0,0.0
2022-08-24 00:00:00-04:00,55.54999923706055,56.90999984741211,55.529998779296875,56.099998474121094,1155200,0.0,0.0
2022-08-25 00:00:00-04:00,56.47999954223633,57.20000076293945,55.790000915527344,56.38999938964844,828300,0.0,0.0
2022-08-26 00:00:00-04:00,55.869998931884766,55.97999954223633,52.72999954223633,54.08000183105469,1200000,0.0,0.0
2022-08-29 00:00:00-04:00,52.869998931884766,54.47999954223633,52.689998626708984,53.689998626708984,642000,0.0,0.0
2022-08-30 00:00:00-04:00,54.18000030517578,54.880001068115234,52.56999969482422,53.72999954223633,630900,0.0,0.0
2022-08-31 00:00:00-04:00,54.29999923706055,55.25,53.83000183105469,54.599998474121094,798000,0.0,0.0
2022-09-01 00:00:00-04:00,53.97999954223633,54.255001068115234,51.88999938964844,53.5099983215332,1469600,0.0,0.0
2022-09-02 00:00:00-04:00,54.0,54.617000579833984,53.22999954223633,53.84000015258789,1083600,0.0,0.0
2022-09-06 00:00:00-04:00,55.0099983215332,56.2400016784668,53.58000183105469,53.779998779296875,1330000,0.0,0.0
2022-09-07 00:00:00-04:00,53.900001525878906,55.540000915527344,53.18000030517578,55.43000030517578,826100,0.0,0.0
2022-09-08 00:00:00-04:00,54.720001220703125,56.75,54.61000061035156,56.27000045776367,715700,0.0,0.0
2022-09-09 00:00:00-04:00,56.54999923706055,57.66999816894531,56.439998626708984,57.470001220703125,791300,0.0,0.0
2022-09-12 00:00:00-04:00,57.65999984741211,58.88999938964844,57.369998931884766,58.72999954223633,816700,0.0,0.0
2022-09-13 00:00:00-04:00,56.290000915527344,58.04999923706055,55.7599983215332,57.13999938964844,1079400,0.0,0.0
2022-09-14 00:00:00-04:00,57.529998779296875,57.79999923706055,55.650001525878906,56.86000061035156,1088700,0.0,0.0
2022-09-15 00:00:00-04:00,56.11000061035156,58.0,55.755001068115234,56.47999954223633,1112200,0.0,0.0
2022-09-16 00:00:00-04:00,55.68000030517578,55.68000030517578,53.11000061035156,53.13999938964844,5546000,0.0,0.0
2022-09-19 00:00:00-04:00,52.33000183105469,53.5099983215332,51.529998779296875,53.29999923706055,624800,0.0,0.0
2022-09-20 00:00:00-04:00,52.880001068115234,53.689998626708984,52.20000076293945,53.27000045776367,481200,0.0,0.0
2022-09-21 00:00:00-04:00,53.84000015258789,55.2599983215332,52.849998474121094,53.41999816894531,487400,0.0,0.0
2022-09-22 00:00:00-04:00,53.52000045776367,53.779998779296875,50.72999954223633,51.310001373291016,554300,0.0,0.0
2022-09-23 00:00:00-04:00,50.349998474121094,51.66999816894531,49.20000076293945,50.779998779296875,682700,0.0,0.0
2022-09-26 00:00:00-04:00,50.77000045776367,51.970001220703125,48.88999938964844,49.02000045776367,771000,0.0,0.0
2022-09-27 00:00:00-04:00,49.9900016784668,51.540000915527344,49.970001220703125,50.52000045776367,606000,0.0,0.0
2022-09-28 00:00:00-04:00,50.52000045776367,52.810001373291016,50.02000045776367,52.5,540700,0.0,0.0
2022-09-29 00:00:00-04:00,51.58000183105469,51.58000183105469,49.91999816894531,50.45000076293945,681500,0.0,0.0
2022-09-30 00:00:00-04:00,50.220001220703125,51.650001525878906,49.41999816894531,49.47999954223633,760100,0.0,0.0
2022-10-03 00:00:00-04:00,50.02000045776367,51.827999114990234,48.40999984741211,51.0099983215332,740800,0.0,0.0
2022-10-04 00:00:00-04:00,52.4900016784668,55.45000076293945,52.130001068115234,55.349998474121094,1274300,0.0,0.0
2022-10-05 00:00:00-04:00,54.41999816894531,56.439998626708984,54.41999816894531,56.08000183105469,891500,0.0,0.0
2022-10-06 00:00:00-04:00,55.599998474121094,57.029998779296875,55.599998474121094,56.400001525878906,590900,0.0,0.0
2022-10-07 00:00:00-04:00,55.0,55.310001373291016,53.23500061035156,53.90999984741211,437200,0.0,0.0
2022-10-10 00:00:00-04:00,53.900001525878906,53.94499969482422,49.9900016784668,50.33000183105469,917500,0.0,0.0
2022-10-11 00:00:00-04:00,49.88999938964844,49.97999954223633,45.45000076293945,48.2400016784668,1611600,0.0,0.0
2022-10-12 00:00:00-04:00,48.529998779296875,49.9900016784668,48.15999984741211,49.34000015258789,1681100,0.0,0.0
2022-10-13 00:00:00-04:00,47.2599983215332,50.369998931884766,46.0099983215332,50.150001525878906,584000,0.0,0.0
2022-10-14 00:00:00-04:00,50.790000915527344,51.29999923706055,48.099998474121094,48.20000076293945,1085300,0.0,0.0
2022-10-17 00:00:00-04:00,49.58000183105469,51.0099983215332,49.02000045776367,50.290000915527344,319800,0.0,0.0
2022-10-18 00:00:00-04:00,51.959999084472656,52.849998474121094,50.17499923706055,52.41999816894531,653700,0.0,0.0
2022-10-19 00:00:00-04:00,51.560001373291016,52.2400016784668,50.75,51.90999984741211,708400,0.0,0.0
2022-10-20 00:00:00-04:00,51.86000061035156,54.75,51.650001525878906,53.599998474121094,719100,0.0,0.0
2022-10-21 00:00:00-04:00,53.27000045776367,53.52000045776367,51.2400016784668,53.45000076293945,540100,0.0,0.0
2022-10-24 00:00:00-04:00,53.40999984741211,53.40999984741211,50.869998931884766,52.11000061035156,821700,0.0,0.0
2022-10-25 00:00:00-04:00,52.58000183105469,55.130001068115234,52.58000183105469,54.70000076293945,2200300,0.0,0.0
2022-10-26 00:00:00-04:00,53.22999954223633,55.43000030517578,52.959999084472656,53.970001220703125,1044200,0.0,0.0
2022-10-27 00:00:00-04:00,54.2400016784668,56.5,53.5,53.81999969482422,502200,0.0,0.0
2022-10-28 00:00:00-04:00,53.400001525878906,54.540000915527344,52.71500015258789,54.470001220703125,399000,0.0,0.0
2022-10-31 00:00:00-04:00,53.869998931884766,54.79999923706055,53.220001220703125,54.65999984741211,551000,0.0,0.0
2022-11-01 00:00:00-04:00,55.900001525878906,56.34000015258789,53.279998779296875,53.88999938964844,651000,0.0,0.0
2022-11-02 00:00:00-04:00,53.70000076293945,53.70000076293945,50.0,50.220001220703125,915500,0.0,0.0
2022-11-03 00:00:00-04:00,50.0099983215332,55.59000015258789,50.0099983215332,52.959999084472656,1390500,0.0,0.0
2022-11-04 00:00:00-04:00,53.529998779296875,53.529998779296875,49.7599983215332,51.84000015258789,968300,0.0,0.0
2022-11-07 00:00:00-05:00,52.18000030517578,52.709999084472656,51.040000915527344,51.810001373291016,617900,0.0,0.0
2022-11-08 00:00:00-05:00,52.459999084472656,55.09000015258789,51.224998474121094,53.540000915527344,559100,0.0,0.0
2022-11-09 00:00:00-05:00,52.88999938964844,53.29999923706055,49.189998626708984,50.029998779296875,762400,0.0,0.0
2022-11-10 00:00:00-05:00,54.83000183105469,57.119998931884766,54.0099983215332,55.04999923706055,1197200,0.0,0.0
2022-11-11 00:00:00-05:00,55.13999938964844,59.869998931884766,54.63999938964844,58.900001525878906,1092600,0.0,0.0
2022-11-14 00:00:00-05:00,58.27000045776367,59.56999969482422,56.95000076293945,57.09000015258789,754100,0.0,0.0
2022-11-15 00:00:00-05:00,59.15999984741211,60.0,57.209999084472656,57.79999923706055,602100,0.0,0.0
2022-11-16 00:00:00-05:00,54.90999984741211,56.16999816894531,50.27000045776367,51.63999938964844,1929800,0.0,0.0
2022-11-17 00:00:00-05:00,50.38999938964844,51.400001525878906,49.529998779296875,50.36000061035156,805500,0.0,0.0
2022-11-18 00:00:00-05:00,51.400001525878906,51.400001525878906,49.7400016784668,50.310001373291016,670600,0.0,0.0
2022-11-21 00:00:00-05:00,49.810001373291016,49.869998931884766,48.54999923706055,48.86000061035156,640600,0.0,0.0
2022-11-22 00:00:00-05:00,48.790000915527344,49.2400016784668,47.20000076293945,48.2599983215332,554100,0.0,0.0
2022-11-23 00:00:00-05:00,48.0,48.28200149536133,46.630001068115234,47.65999984741211,996900,0.0,0.0
2022-11-25 00:00:00-05:00,47.09000015258789,48.0,46.970001220703125,47.880001068115234,186600,0.0,0.0
2022-11-28 00:00:00-05:00,47.13999938964844,48.36000061035156,45.7599983215332,45.86000061035156,489900,0.0,0.0
2022-11-29 00:00:00-05:00,45.959999084472656,46.39099884033203,44.900001525878906,45.380001068115234,516200,0.0,0.0
2022-11-30 00:00:00-05:00,45.4900016784668,48.97999954223633,45.029998779296875,48.970001220703125,678000,0.0,0.0
2022-12-01 00:00:00-05:00,48.619998931884766,51.56999969482422,48.349998474121094,51.16999816894531,1200800,0.0,0.0
2022-12-02 00:00:00-05:00,50.130001068115234,51.06999969482422,49.650001525878906,50.84000015258789,858200,0.0,0.0
2022-12-05 00:00:00-05:00,50.650001525878906,50.81999969482422,47.2599983215332,47.54999923706055,422400,0.0,0.0
2022-12-06 00:00:00-05:00,47.7599983215332,47.970001220703125,46.369998931884766,46.7599983215332,450500,0.0,0.0
2022-12-07 00:00:00-05:00,46.88999938964844,47.650001525878906,46.119998931884766,47.349998474121094,340600,0.0,0.0
2022-12-08 00:00:00-05:00,47.790000915527344,50.34000015258789,46.86000061035156,50.130001068115234,621100,0.0,0.0
2022-12-09 00:00:00-05:00,50.130001068115234,50.98500061035156,49.97999954223633,50.11000061035156,305500,0.0,0.0
2022-12-12 00:00:00-05:00,50.33000183105469,52.65999984741211,50.33000183105469,52.33000183105469,787300,0.0,0.0
2022-12-13 00:00:00-05:00,56.880001068115234,57.0,50.970001220703125,52.43000030517578,1187600,0.0,0.0
2022-12-14 00:00:00-05:00,52.2400016784668,54.29499816894531,51.650001525878906,52.880001068115234,557800,0.0,0.0
2022-12-15 00:00:00-05:00,51.0099983215332,53.334999084472656,51.0099983215332,51.630001068115234,828500,0.0,0.0
2022-12-16 00:00:00-05:00,51.29999923706055,51.994998931884766,49.810001373291016,49.84000015258789,1285200,0.0,0.0
2022-12-19 00:00:00-05:00,49.54999923706055,49.54999923706055,47.33000183105469,48.130001068115234,607500,0.0,0.0
2022-12-20 00:00:00-05:00,47.720001220703125,49.38999938964844,47.720001220703125,48.599998474121094,549800,0.0,0.0
2022-12-21 00:00:00-05:00,48.7400016784668,50.2400016784668,47.380001068115234,49.630001068115234,483100,0.0,0.0
2022-12-22 00:00:00-05:00,49.119998931884766,49.540000915527344,47.95000076293945,48.720001220703125,459600,0.0,0.0
2022-12-23 00:00:00-05:00,48.5,48.720001220703125,46.720001220703125,47.91999816894531,470800,0.0,0.0
2022-12-27 00:00:00-05:00,47.560001373291016,47.560001373291016,46.150001525878906,46.9900016784668,304000,0.0,0.0
2022-12-28 00:00:00-05:00,46.88999938964844,47.242000579833984,45.79999923706055,45.91999816894531,435900,0.0,0.0
2022-12-29 00:00:00-05:00,46.369998931884766,48.39500045776367,46.06999969482422,47.869998931884766,442700,0.0,0.0
2022-12-30 00:00:00-05:00,47.08000183105469,48.060001373291016,46.58000183105469,47.18000030517578,507200,0.0,0.0
2023-01-03 00:00:00-05:00,48.189998626708984,49.22999954223633,46.119998931884766,46.83000183105469,490200,0.0,0.0
2023-01-04 00:00:00-05:00,47.43000030517578,47.5,46.08000183105469,47.130001068115234,519600,0.0,0.0
2023-01-05 00:00:00-05:00,46.400001525878906,46.400001525878906,43.119998931884766,43.36000061035156,731800,0.0,0.0
2023-01-06 00:00:00-05:00,43.4900016784668,44.38999938964844,41.79999923706055,44.18000030517578,433800,0.0,0.0
2023-01-09 00:00:00-05:00,45.11000061035156,48.52000045776367,44.59000015258789,47.77000045776367,881500,0.0,0.0
2023-01-10 00:00:00-05:00,47.34000015258789,49.290000915527344,45.9900016784668,48.59000015258789,532200,0.0,0.0
2023-01-11 00:00:00-05:00,49.11000061035156,51.18000030517578,48.0,50.84000015258789,650000,0.0,0.0
2023-01-12 00:00:00-05:00,50.959999084472656,51.380001068115234,49.59000015258789,51.130001068115234,481200,0.0,0.0
2023-01-13 00:00:00-05:00,50.630001068115234,51.91999816894531,50.630001068115234,51.58000183105469,870500,0.0,0.0
2023-01-17 00:00:00-05:00,51.34000015258789,54.08000183105469,51.290000915527344,53.43000030517578,671800,0.0,0.0
2023-01-18 00:00:00-05:00,54.0,55.45000076293945,52.43000030517578,52.65999984741211,519000,0.0,0.0
2023-01-19 00:00:00-05:00,51.939998626708984,52.66999816894531,50.04999923706055,50.290000915527344,448900,0.0,0.0
2023-01-20 00:00:00-05:00,50.689998626708984,53.380001068115234,50.349998474121094,53.310001373291016,459100,0.0,0.0
2023-01-23 00:00:00-05:00,53.459999084472656,55.459999084472656,52.95000076293945,55.13999938964844,590100,0.0,0.0
2023-01-24 00:00:00-05:00,53.720001220703125,55.84000015258789,51.11000061035156,54.7400016784668,458400,0.0,0.0
2023-01-25 00:00:00-05:00,53.5,54.88999938964844,51.52000045776367,54.459999084472656,370400,0.0,0.0
2023-01-26 00:00:00-05:00,55.599998474121094,56.619998931884766,54.560001373291016,55.90999984741211,460200,0.0,0.0
2023-01-27 00:00:00-05:00,55.619998931884766,58.09000015258789,55.619998931884766,57.33000183105469,662600,0.0,0.0
2023-01-30 00:00:00-05:00,56.310001373291016,56.310001373291016,53.970001220703125,54.66999816894531,504800,0.0,0.0
2023-01-31 00:00:00-05:00,54.970001220703125,56.0099983215332,54.529998779296875,55.95000076293945,452600,0.0,0.0
2023-02-01 00:00:00-05:00,55.91999816894531,58.2400016784668,54.31999969482422,57.900001525878906,728500,0.0,0.0
2023-02-02 00:00:00-05:00,59.02000045776367,61.779998779296875,59.02000045776367,61.33000183105469,1583500,0.0,0.0
2023-02-03 00:00:00-05:00,58.95000076293945,61.744998931884766,58.400001525878906,58.66999816894531,520000,0.0,0.0
2023-02-06 00:00:00-05:00,57.61000061035156,59.275001525878906,57.09000015258789,58.0,416100,0.0,0.0
2023-02-07 00:00:00-05:00,58.029998779296875,59.5099983215332,56.439998626708984,59.34000015258789,549800,0.0,0.0
2023-02-08 00:00:00-05:00,59.59000015258789,61.369998931884766,58.38999938964844,58.59000015258789,422600,0.0,0.0
2023-02-09 00:00:00-05:00,59.59000015258789,60.93000030517578,58.43000030517578,58.560001373291016,879400,0.0,0.0
2023-02-10 00:00:00-05:00,57.959999084472656,58.70000076293945,56.974998474121094,57.869998931884766,916200,0.0,0.0
2023-02-13 00:00:00-05:00,58.9900016784668,60.34000015258789,58.33000183105469,59.4900016784668,1874900,0.0,0.0
2023-02-14 00:00:00-05:00,59.0,61.38999938964844,58.439998626708984,61.25,1147500,0.0,0.0
2023-02-15 00:00:00-05:00,61.150001525878906,64.05999755859375,60.63999938964844,63.939998626708984,1177600,0.0,0.0
2023-02-16 00:00:00-05:00,61.560001373291016,63.849998474121094,61.29999923706055,63.40999984741211,1742500,0.0,0.0
2023-02-17 00:00:00-05:00,66.0,68.55999755859375,63.02000045776367,64.76000213623047,3861200,0.0,0.0
2023-02-21 00:00:00-05:00,64.62999725341797,66.16000366210938,63.22999954223633,64.29000091552734,1403300,0.0,0.0
2023-02-22 00:00:00-05:00,64.04000091552734,65.20999908447266,62.79999923706055,65.20999908447266,1757200,0.0,0.0
2023-02-23 00:00:00-05:00,66.19999694824219,68.08999633789062,65.38999938964844,68.01000213623047,1407600,0.0,0.0
2023-02-24 00:00:00-05:00,66.2699966430664,68.05999755859375,66.05999755859375,67.0199966430664,1472600,0.0,0.0
2023-02-27 00:00:00-05:00,67.44999694824219,68.0999984741211,65.61000061035156,65.77999877929688,1648800,0.0,0.0
2023-02-28 00:00:00-05:00,66.30999755859375,68.0,66.30999755859375,66.98999786376953,1507200,0.0,0.0
2023-03-01 00:00:00-05:00,67.19999694824219,67.43000030517578,64.68499755859375,65.47000122070312,857500,0.0,0.0
2023-03-02 00:00:00-05:00,65.12000274658203,67.45999908447266,64.54000091552734,67.11000061035156,829800,0.0,0.0
2023-03-03 00:00:00-05:00,64.6500015258789,67.47000122070312,64.04000091552734,67.3499984741211,1815500,0.0,0.0
2023-03-06 00:00:00-05:00,67.3499984741211,67.63999938964844,65.55000305175781,66.06999969482422,859300,0.0,0.0
2023-03-07 00:00:00-05:00,65.94999694824219,65.94999694824219,64.08000183105469,64.8499984741211,1138000,0.0,0.0
2023-03-08 00:00:00-05:00,64.69000244140625,64.69000244140625,63.34000015258789,64.47000122070312,1037100,0.0,0.0
2023-03-09 00:00:00-05:00,64.41000366210938,65.3499984741211,61.86000061035156,61.959999084472656,1025700,0.0,0.0
2023-03-10 00:00:00-05:00,61.91999816894531,61.91999816894531,57.5099983215332,58.22999954223633,1657200,0.0,0.0
2023-03-13 00:00:00-04:00,57.630001068115234,60.0,56.189998626708984,59.279998779296875,1462600,0.0,0.0
2023-03-14 00:00:00-04:00,60.41999816894531,60.439998626708984,58.790000915527344,59.709999084472656,1430600,0.0,0.0
2023-03-15 00:00:00-04:00,59.04999923706055,59.21200180053711,57.470001220703125,58.59000015258789,1558100,0.0,0.0
2023-03-16 00:00:00-04:00,58.43000030517578,60.91899871826172,57.7599983215332,60.599998474121094,1200400,0.0,0.0
2023-03-17 00:00:00-04:00,60.47999954223633,61.02000045776367,59.279998779296875,60.310001373291016,1370400,0.0,0.0
2023-03-20 00:00:00-04:00,60.0099983215332,60.709999084472656,59.060001373291016,60.36000061035156,864700,0.0,0.0
2023-03-21 00:00:00-04:00,60.720001220703125,63.08000183105469,60.40999984741211,62.400001525878906,1272600,0.0,0.0
2023-03-22 00:00:00-04:00,62.86000061035156,63.02000045776367,60.22999954223633,60.29999923706055,1232500,0.0,0.0
2023-03-23 00:00:00-04:00,61.11000061035156,62.13999938964844,59.459999084472656,60.349998474121094,1134300,0.0,0.0
2023-03-24 00:00:00-04:00,60.20000076293945,60.38999938964844,58.380001068115234,59.189998626708984,1132600,0.0,0.0
2023-03-27 00:00:00-04:00,59.4900016784668,60.02000045776367,57.88999938964844,58.0099983215332,793600,0.0,0.0
2023-03-28 00:00:00-04:00,58.189998626708984,58.48500061035156,56.459999084472656,57.4900016784668,983900,0.0,0.0
2023-03-29 00:00:00-04:00,58.13999938964844,59.93000030517578,57.66999816894531,59.599998474121094,988600,0.0,0.0
2023-03-30 00:00:00-04:00,60.16999816894531,61.220001220703125,59.7599983215332,60.880001068115234,634900,0.0,0.0
2023-03-31 00:00:00-04:00,61.099998474121094,63.45000076293945,60.95000076293945,62.630001068115234,854400,0.0,0.0
2023-04-03 00:00:00-04:00,62.119998931884766,62.3380012512207,60.439998626708984,61.18000030517578,1680300,0.0,0.0
2023-04-04 00:00:00-04:00,61.72999954223633,61.90999984741211,57.7400016784668,57.83000183105469,1308700,0.0,0.0
2023-04-05 00:00:00-04:00,56.7599983215332,57.11000061035156,53.290000915527344,55.0099983215332,1862300,0.0,0.0
2023-04-06 00:00:00-04:00,54.59000015258789,55.27000045776367,53.7400016784668,54.36000061035156,746300,0.0,0.0
2023-04-10 00:00:00-04:00,53.439998626708984,55.63999938964844,53.36000061035156,55.61000061035156,868300,0.0,0.0
2023-04-11 00:00:00-04:00,55.93000030517578,56.630001068115234,54.939998626708984,55.470001220703125,900100,0.0,0.0
2023-04-12 00:00:00-04:00,56.709999084472656,57.220001220703125,52.529998779296875,52.7599983215332,1134000,0.0,0.0
2023-04-13 00:00:00-04:00,53.099998474121094,54.02000045776367,52.65999984741211,52.709999084472656,1297900,0.0,0.0
2023-04-14 00:00:00-04:00,51.959999084472656,53.40999984741211,51.369998931884766,52.5,831000,0.0,0.0
2023-04-17 00:00:00-04:00,52.08000183105469,53.20000076293945,52.0,53.13999938964844,818900,0.0,0.0
2023-04-18 00:00:00-04:00,53.970001220703125,53.970001220703125,52.36000061035156,53.209999084472656,566100,0.0,0.0
2023-04-19 00:00:00-04:00,52.540000915527344,54.150001525878906,52.220001220703125,53.849998474121094,612100,0.0,0.0
2023-04-20 00:00:00-04:00,53.220001220703125,53.88999938964844,52.8849983215332,53.27000045776367,580400,0.0,0.0
2023-04-21 00:00:00-04:00,53.459999084472656,54.68000030517578,53.185001373291016,54.65999984741211,607100,0.0,0.0
2023-04-24 00:00:00-04:00,54.619998931884766,54.994998931884766,53.560001373291016,54.36000061035156,878100,0.0,0.0
2023-04-25 00:00:00-04:00,53.77000045776367,53.82500076293945,52.2400016784668,52.2599983215332,858300,0.0,0.0
2023-04-26 00:00:00-04:00,53.25,54.959999084472656,52.81999969482422,53.459999084472656,1005700,0.0,0.0
2023-04-27 00:00:00-04:00,54.16999816894531,54.16999816894531,52.40999984741211,53.33000183105469,964900,0.0,0.0
2023-04-28 00:00:00-04:00,52.52000045776367,53.470001220703125,51.68000030517578,53.40999984741211,640400,0.0,0.0
2023-05-01 00:00:00-04:00,53.2599983215332,55.560001373291016,52.97999954223633,55.060001373291016,1965100,0.0,0.0
2023-05-02 00:00:00-04:00,54.72999954223633,55.470001220703125,53.5099983215332,54.150001525878906,1340800,0.0,0.0
2023-05-03 00:00:00-04:00,53.45000076293945,55.32500076293945,53.11000061035156,53.18000030517578,1474500,0.0,0.0
2023-05-04 00:00:00-04:00,58.84000015258789,59.439998626708984,55.060001373291016,56.7400016784668,3099100,0.0,0.0
2023-05-05 00:00:00-04:00,57.4900016784668,57.88999938964844,55.5,56.349998474121094,1236100,0.0,0.0
2023-05-08 00:00:00-04:00,56.060001373291016,56.939998626708984,54.93000030517578,55.369998931884766,875900,0.0,0.0
2023-05-09 00:00:00-04:00,54.650001525878906,56.599998474121094,54.59000015258789,56.189998626708984,930900,0.0,0.0
2023-05-10 00:00:00-04:00,57.349998474121094,58.38999938964844,57.13999938964844,57.75,973700,0.0,0.0
2023-05-11 00:00:00-04:00,57.81999969482422,57.94499969482422,55.97999954223633,56.04999923706055,936700,0.0,0.0
2023-05-12 00:00:00-04:00,55.88999938964844,56.564998626708984,53.81999969482422,54.27000045776367,1854900,0.0,0.0
2023-05-15 00:00:00-04:00,54.290000915527344,56.209999084472656,53.709999084472656,56.099998474121094,902800,0.0,0.0
2023-05-16 00:00:00-04:00,55.47999954223633,55.63199996948242,53.93000030517578,54.599998474121094,881400,0.0,0.0
2023-05-17 00:00:00-04:00,54.83000183105469,57.959999084472656,54.099998474121094,57.869998931884766,1179500,0.0,0.0
2023-05-18 00:00:00-04:00,58.0,59.119998931884766,57.5,59.11000061035156,1134100,0.0,0.0
2023-05-19 00:00:00-04:00,59.099998474121094,59.61000061035156,57.34000015258789,57.630001068115234,691900,0.0,0.0
2023-05-22 00:00:00-04:00,57.38999938964844,59.19499969482422,56.83000183105469,58.5,910800,0.0,0.0
2023-05-23 00:00:00-04:00,57.09000015258789,58.88999938964844,56.75,57.65999984741211,1607400,0.0,0.0
2023-05-24 00:00:00-04:00,56.5,58.59000015258789,56.060001373291016,58.25,1484500,0.0,0.0
2023-05-25 00:00:00-04:00,58.45000076293945,59.0,56.619998931884766,57.0099983215332,925900,0.0,0.0
2023-05-26 00:00:00-04:00,57.060001373291016,59.68000030517578,57.0,58.689998626708984,1033900,0.0,0.0
2023-05-30 00:00:00-04:00,59.61000061035156,60.0,58.61000061035156,58.959999084472656,1114100,0.0,0.0
2023-05-31 00:00:00-04:00,58.54999923706055,60.560001373291016,58.220001220703125,60.470001220703125,2634700,0.0,0.0
2023-06-01 00:00:00-04:00,60.099998474121094,62.22999954223633,58.22999954223633,61.869998931884766,1225900,0.0,0.0
2023-06-02 00:00:00-04:00,62.779998779296875,63.84000015258789,62.189998626708984,63.18000030517578,1468300,0.0,0.0
2023-06-05 00:00:00-04:00,63.18000030517578,65.48999786376953,63.18000030517578,64.88999938964844,979600,0.0,0.0
2023-06-06 00:00:00-04:00,64.98999786376953,66.92500305175781,64.67500305175781,65.80000305175781,952200,0.0,0.0
2023-06-07 00:00:00-04:00,65.80000305175781,66.44999694824219,63.79999923706055,64.51000213623047,1341000,0.0,0.0
2023-06-08 00:00:00-04:00,63.5099983215332,64.08000183105469,61.459999084472656,63.599998474121094,1467900,0.0,0.0
2023-06-09 00:00:00-04:00,64.08000183105469,66.01300048828125,64.08000183105469,64.94999694824219,873500,0.0,0.0
2023-06-12 00:00:00-04:00,65.05000305175781,66.98999786376953,64.80000305175781,66.81999969482422,1018000,0.0,0.0
2023-06-13 00:00:00-04:00,66.98999786376953,68.62999725341797,66.72000122070312,68.55999755859375,1054500,0.0,0.0
2023-06-14 00:00:00-04:00,67.91999816894531,68.55999755859375,66.52999877929688,67.16999816894531,800300,0.0,0.0
2023-06-15 00:00:00-04:00,66.55999755859375,68.2750015258789,66.05999755859375,67.94999694824219,628700,0.0,0.0
2023-06-16 00:00:00-04:00,68.51000213623047,68.68000030517578,66.16999816894531,66.55000305175781,975200,0.0,0.0
2023-06-20 00:00:00-04:00,65.77999877929688,66.69999694824219,65.16000366210938,65.62000274658203,771200,0.0,0.0
2023-06-21 00:00:00-04:00,65.61000061035156,65.61000061035156,62.7400016784668,62.79999923706055,1075000,0.0,0.0
2023-06-22 00:00:00-04:00,62.689998626708984,64.7699966430664,62.290000915527344,64.1500015258789,633800,0.0,0.0
2023-06-23 00:00:00-04:00,63.29999923706055,63.59000015258789,62.040000915527344,63.08000183105469,1418600,0.0,0.0
2023-06-26 00:00:00-04:00,62.66999816894531,64.3550033569336,62.25,62.66999816894531,525900,0.0,0.0
2023-06-27 00:00:00-04:00,62.959999084472656,64.76499938964844,62.0,64.36000061035156,608700,0.0,0.0
2023-06-28 00:00:00-04:00,63.70000076293945,66.25,63.060001373291016,65.61000061035156,699700,0.0,0.0
2023-06-29 00:00:00-04:00,65.76000213623047,66.4749984741211,64.68000030517578,65.3499984741211,511800,0.0,0.0
2023-06-30 00:00:00-04:00,65.87999725341797,66.31999969482422,64.2750015258789,65.06999969482422,933600,0.0,0.0
2023-07-03 00:00:00-04:00,64.5,65.0,63.61000061035156,64.94000244140625,548300,0.0,0.0
2023-07-05 00:00:00-04:00,64.37999725341797,64.63999938964844,62.7400016784668,64.26000213623047,575400,0.0,0.0
2023-07-06 00:00:00-04:00,63.130001068115234,63.77000045776367,61.380001068115234,63.4900016784668,775200,0.0,0.0
2023-07-07 00:00:00-04:00,63.459999084472656,64.9800033569336,63.459999084472656,63.70000076293945,415800,0.0,0.0
2023-07-10 00:00:00-04:00,63.33000183105469,65.43000030517578,62.97100067138672,65.2699966430664,935700,0.0,0.0
2023-07-11 00:00:00-04:00,66.77999877929688,69.91000366210938,66.47000122070312,68.98999786376953,1524400,0.0,0.0
2023-07-12 00:00:00-04:00,69.98999786376953,71.33000183105469,69.08999633789062,70.93000030517578,1816500,0.0,0.0
2023-07-13 00:00:00-04:00,72.12999725341797,74.69999694824219,71.69000244140625,72.87000274658203,1491800,0.0,0.0
2023-07-14 00:00:00-04:00,73.41999816894531,73.81999969482422,71.97000122070312,72.12000274658203,892800,0.0,0.0
2023-07-17 00:00:00-04:00,72.13999938964844,74.06500244140625,71.62999725341797,73.77999877929688,722200,0.0,0.0
2023-07-18 00:00:00-04:00,73.86000061035156,75.02999877929688,73.31999969482422,74.69000244140625,746000,0.0,0.0
2023-07-19 00:00:00-04:00,75.0,76.25,72.37000274658203,72.51000213623047,1186300,0.0,0.0
2023-07-20 00:00:00-04:00,72.5,72.63999938964844,71.0999984741211,71.95999908447266,945200,0.0,0.0
2023-07-21 00:00:00-04:00,72.63999938964844,73.12999725341797,70.4000015258789,70.98999786376953,960400,0.0,0.0
2023-07-24 00:00:00-04:00,71.91999816894531,72.12000274658203,69.8499984741211,70.55000305175781,439300,0.0,0.0
2023-07-25 00:00:00-04:00,70.9000015258789,72.91000366210938,70.47000122070312,72.4000015258789,1073700,0.0,0.0
2023-07-26 00:00:00-04:00,72.1500015258789,73.12999725341797,71.58499908447266,71.98999786376953,484000,0.0,0.0
2023-07-27 00:00:00-04:00,73.37000274658203,73.66999816894531,70.36000061035156,70.80000305175781,412300,0.0,0.0
2023-07-28 00:00:00-04:00,73.05000305175781,74.33499908447266,72.5199966430664,73.73999786376953,818000,0.0,0.0
2023-07-31 00:00:00-04:00,73.76000213623047,75.98999786376953,73.76000213623047,75.8499984741211,1078600,0.0,0.0
2023-08-01 00:00:00-04:00,75.0999984741211,76.86000061035156,74.29000091552734,75.66000366210938,1560700,0.0,0.0
2023-08-02 00:00:00-04:00,74.05000305175781,74.63500213623047,70.52999877929688,72.38999938964844,1367700,0.0,0.0
2023-08-03 00:00:00-04:00,70.43000030517578,71.63999938964844,66.5250015258789,67.16000366210938,2506300,0.0,0.0
2023-08-04 00:00:00-04:00,67.63999938964844,68.1500015258789,65.29000091552734,65.5999984741211,1534700,0.0,0.0
2023-08-07 00:00:00-04:00,65.51000213623047,65.66000366210938,63.970001220703125,64.72000122070312,1287900,0.0,0.0
2023-08-08 00:00:00-04:00,63.06999969482422,64.93000030517578,62.36000061035156,64.88999938964844,1635100,0.0,0.0
2023-08-09 00:00:00-04:00,64.87999725341797,66.12999725341797,63.900001525878906,66.0,917500,0.0,0.0
2023-08-10 00:00:00-04:00,65.8499984741211,67.27999877929688,65.16999816894531,66.19999694824219,913700,0.0,0.0
2023-08-11 00:00:00-04:00,65.9000015258789,66.61000061035156,64.86000061035156,65.69000244140625,605300,0.0,0.0
2023-08-14 00:00:00-04:00,65.23999786376953,65.41999816894531,64.06999969482422,64.76000213623047,902200,0.0,0.0
2023-08-15 00:00:00-04:00,64.5999984741211,64.91999816894531,62.47999954223633,62.75,1325100,0.0,0.0
2023-08-16 00:00:00-04:00,62.47999954223633,63.22999954223633,61.900001525878906,63.0099983215332,940800,0.0,0.0
2023-08-17 00:00:00-04:00,63.0099983215332,63.57500076293945,61.84000015258789,62.2599983215332,510600,0.0,0.0
2023-08-18 00:00:00-04:00,61.40999984741211,63.75,60.90999984741211,63.290000915527344,967600,0.0,0.0
2023-08-21 00:00:00-04:00,63.25,64.47000122070312,61.93000030517578,62.369998931884766,790700,0.0,0.0
2023-08-22 00:00:00-04:00,62.9900016784668,63.654998779296875,62.130001068115234,62.47999954223633,653200,0.0,0.0
2023-08-23 00:00:00-04:00,62.529998779296875,64.36000061035156,62.0099983215332,63.779998779296875,1027100,0.0,0.0
2023-08-24 00:00:00-04:00,64.44000244140625,64.44000244140625,62.7599983215332,62.790000915527344,661400,0.0,0.0
2023-08-25 00:00:00-04:00,62.689998626708984,64.33499908447266,62.57699966430664,63.959999084472656,475600,0.0,0.0
2023-08-28 00:00:00-04:00,63.72999954223633,65.66999816894531,63.72999954223633,65.16999816894531,654300,0.0,0.0
2023-08-29 00:00:00-04:00,64.80999755859375,67.47000122070312,64.75,66.27999877929688,886700,0.0,0.0
2023-08-30 00:00:00-04:00,66.27999877929688,67.51000213623047,65.88999938964844,67.08000183105469,624100,0.0,0.0
2023-08-31 00:00:00-04:00,67.20999908447266,68.2249984741211,66.87999725341797,67.55000305175781,1102300,0.0,0.0
2023-09-01 00:00:00-04:00,68.18000030517578,68.8499984741211,67.55000305175781,68.0199966430664,501900,0.0,0.0
2023-09-05 00:00:00-04:00,67.7699966430664,67.9800033569336,67.06099700927734,67.94000244140625,652300,0.0,0.0
2023-09-06 00:00:00-04:00,67.51000213623047,67.88999938964844,66.19999694824219,67.19999694824219,729900,0.0,0.0
2023-09-07 00:00:00-04:00,66.08000183105469,67.97000122070312,65.30500030517578,67.58000183105469,593100,0.0,0.0
2023-09-08 00:00:00-04:00,67.76000213623047,68.37999725341797,65.69999694824219,65.75,688600,0.0,0.0
2023-09-11 00:00:00-04:00,66.1500015258789,67.0,65.66000366210938,66.27999877929688,789800,0.0,0.0
2023-09-12 00:00:00-04:00,63.63999938964844,66.0,63.290000915527344,63.900001525878906,1082600,0.0,0.0
2023-09-13 00:00:00-04:00,63.560001373291016,64.5,62.56999969482422,63.09000015258789,795600,0.0,0.0
2023-09-14 00:00:00-04:00,63.400001525878906,64.27999877929688,62.44499969482422,63.52000045776367,806600,0.0,0.0
2023-09-15 00:00:00-04:00,62.290000915527344,64.12000274658203,61.790000915527344,64.0,2725400,0.0,0.0
2023-09-18 00:00:00-04:00,63.099998474121094,64.93000030517578,62.52000045776367,63.5,2311100,0.0,0.0
2023-09-19 00:00:00-04:00,63.16999816894531,63.689998626708984,61.724998474121094,63.150001525878906,1280100,0.0,0.0
2023-09-20 00:00:00-04:00,63.25,66.4749984741211,62.90999984741211,65.05999755859375,1647600,0.0,0.0
2023-09-21 00:00:00-04:00,64.08000183105469,64.75,62.34000015258789,62.959999084472656,2624100,0.0,0.0
2023-09-22 00:00:00-04:00,64.04000091552734,64.9800033569336,63.220001220703125,64.19999694824219,1084200,0.0,0.0
2023-09-25 00:00:00-04:00,63.61000061035156,64.97000122070312,63.61000061035156,64.41000366210938,965400,0.0,0.0
2023-09-26 00:00:00-04:00,63.84000015258789,64.12000274658203,61.15999984741211,61.540000915527344,898000,0.0,0.0
2023-09-27 00:00:00-04:00,61.970001220703125,65.80000305175781,61.72999954223633,64.94999694824219,1253400,0.0,0.0
2023-09-28 00:00:00-04:00,64.80999755859375,66.83000183105469,64.36000061035156,65.61000061035156,1103900,0.0,0.0
2023-09-29 00:00:00-04:00,66.27999877929688,67.54000091552734,65.2750015258789,65.31999969482422,935100,0.0,0.0
2023-10-02 00:00:00-04:00,65.06999969482422,66.76000213623047,64.73999786376953,66.73999786376953,981600,0.0,0.0
2023-10-03 00:00:00-04:00,66.06999969482422,66.82499694824219,63.60499954223633,64.0199966430664,1159900,0.0,0.0
2023-10-04 00:00:00-04:00,64.47000122070312,65.88999938964844,63.439998626708984,65.69999694824219,800500,0.0,0.0
2023-10-05 00:00:00-04:00,65.36000061035156,66.68000030517578,64.73999786376953,66.41000366210938,864000,0.0,0.0
2023-10-06 00:00:00-04:00,65.73999786376953,69.9749984741211,65.47000122070312,69.5999984741211,1412100,0.0,0.0
2023-10-09 00:00:00-04:00,68.62999725341797,70.27999877929688,68.29499816894531,68.62999725341797,1245300,0.0,0.0
2023-10-10 00:00:00-04:00,68.62000274658203,70.08000183105469,68.26499938964844,68.5,889600,0.0,0.0
2023-10-11 00:00:00-04:00,68.80000305175781,69.51000213623047,68.4800033569336,69.16999816894531,615700,0.0,0.0
2023-10-12 00:00:00-04:00,69.0999984741211,69.33499908447266,66.81999969482422,67.69000244140625,592700,0.0,0.0
2023-10-13 00:00:00-04:00,68.0,68.02999877929688,66.62999725341797,67.80000305175781,742200,0.0,0.0
2023-10-16 00:00:00-04:00,68.0999984741211,70.16000366210938,67.87000274658203,68.87999725341797,688700,0.0,0.0
2023-10-17 00:00:00-04:00,68.16999816894531,70.19999694824219,67.7300033569336,69.27999877929688,935300,0.0,0.0
2023-10-18 00:00:00-04:00,68.68000030517578,68.83499908447266,65.20999908447266,65.2300033569336,1492700,0.0,0.0
2023-10-19 00:00:00-04:00,66.0,66.30999755859375,64.41999816894531,64.55000305175781,1057800,0.0,0.0
2023-10-20 00:00:00-04:00,64.26000213623047,64.26000213623047,61.47999954223633,62.880001068115234,785700,0.0,0.0
2023-10-23 00:00:00-04:00,62.13999938964844,63.654998779296875,61.18000030517578,63.0,787500,0.0,0.0
2023-10-24 00:00:00-04:00,63.689998626708984,65.6500015258789,63.2400016784668,64.62000274658203,987600,0.0,0.0
2023-10-25 00:00:00-04:00,64.11000061035156,64.11000061035156,60.880001068115234,61.38999938964844,804100,0.0,0.0
2023-10-26 00:00:00-04:00,62.0,62.86000061035156,60.665000915527344,60.970001220703125,765000,0.0,0.0
2023-10-27 00:00:00-04:00,61.7599983215332,62.040000915527344,60.44499969482422,60.97999954223633,850200,0.0,0.0
2023-10-30 00:00:00-04:00,61.560001373291016,62.06999969482422,60.130001068115234,60.790000915527344,1038100,0.0,0.0
2023-10-31 00:00:00-04:00,60.91999816894531,62.529998779296875,60.150001525878906,61.09000015258789,1033300,0.0,0.0
2023-11-01 00:00:00-04:00,61.099998474121094,61.30500030517578,58.209999084472656,60.16999816894531,2386000,0.0,0.0
2023-11-02 00:00:00-04:00,49.70000076293945,51.22999954223633,48.11000061035156,50.470001220703125,9875000,0.0,0.0
2023-11-03 00:00:00-04:00,51.47999954223633,52.959999084472656,50.560001373291016,52.220001220703125,2992600,0.0,0.0
2023-11-06 00:00:00-05:00,52.38999938964844,52.38999938964844,49.95000076293945,50.779998779296875,1557300,0.0,0.0
2023-11-07 00:00:00-05:00,51.560001373291016,53.685001373291016,51.279998779296875,53.209999084472656,1601700,0.0,0.0
2023-11-08 00:00:00-05:00,53.2400016784668,53.814998626708984,52.26499938964844,53.13999938964844,1130000,0.0,0.0
2023-11-09 00:00:00-05:00,53.38999938964844,53.505001068115234,49.959999084472656,50.0,1725900,0.0,0.0
2023-11-10 00:00:00-05:00,50.060001373291016,52.09000015258789,49.79999923706055,52.040000915527344,1280600,0.0,0.0
2023-11-13 00:00:00-05:00,51.7400016784668,52.34000015258789,50.849998474121094,52.22999954223633,772600,0.0,0.0
2023-11-14 00:00:00-05:00,54.0,56.93000030517578,53.84000015258789,55.93000030517578,1443100,0.0,0.0
2023-11-15 00:00:00-05:00,56.439998626708984,58.900001525878906,56.189998626708984,56.45000076293945,1684200,0.0,0.0
2023-11-16 00:00:00-05:00,55.77000045776367,56.26499938964844,54.83000183105469,55.81999969482422,829400,0.0,0.0
2023-11-17 00:00:00-05:00,55.939998626708984,56.29499816894531,55.27000045776367,55.849998474121094,894400,0.0,0.0
2023-11-20 00:00:00-05:00,56.25,56.98500061035156,55.70000076293945,56.40999984741211,1021200,0.0,0.0
2023-11-21 00:00:00-05:00,56.0,56.599998474121094,54.709999084472656,55.25,1157400,0.0,0.0
2023-11-22 00:00:00-05:00,55.90999984741211,57.099998474121094,55.06999969482422,56.65999984741211,1485700,0.0,0.0
2023-11-24 00:00:00-05:00,56.2599983215332,56.810001373291016,55.70000076293945,56.79999923706055,299900,0.0,0.0
2023-11-27 00:00:00-05:00,56.54999923706055,57.34000015258789,56.029998779296875,56.470001220703125,814100,0.0,0.0
2023-11-28 00:00:00-05:00,55.599998474121094,58.11000061035156,55.5099983215332,57.58000183105469,906500,0.0,0.0
2023-11-29 00:00:00-05:00,58.290000915527344,60.290000915527344,57.66999816894531,59.52000045776367,1409300,0.0,0.0
2023-11-30 00:00:00-05:00,60.209999084472656,60.4900016784668,58.08000183105469,59.09000015258789,1068600,0.0,0.0
2023-12-01 00:00:00-05:00,58.9900016784668,60.915000915527344,58.41999816894531,60.380001068115234,1640400,0.0,0.0
2023-12-04 00:00:00-05:00,59.66999816894531,62.33000183105469,58.25,61.95000076293945,1685000,0.0,0.0
2023-12-05 00:00:00-05:00,61.31999969482422,61.33000183105469,59.84000015258789,61.18000030517578,1256000,0.0,0.0
2023-12-06 00:00:00-05:00,60.5099983215332,61.310001373291016,59.439998626708984,59.70000076293945,1299000,0.0,0.0
2023-12-07 00:00:00-05:00,59.560001373291016,59.560001373291016,58.06999969482422,58.540000915527344,954100,0.0,0.0
2023-12-08 00:00:00-05:00,58.130001068115234,59.349998474121094,57.79999923706055,58.720001220703125,1801600,0.0,0.0
2023-12-11 00:00:00-05:00,58.45000076293945,59.93000030517578,58.35499954223633,59.56999969482422,1048300,0.0,0.0
2023-12-12 00:00:00-05:00,59.439998626708984,59.5,58.25,58.619998931884766,1228400,0.0,0.0
2023-12-13 00:00:00-05:00,58.58000183105469,61.630001068115234,57.630001068115234,60.9900016784668,2205800,0.0,0.0
2023-12-14 00:00:00-05:00,61.959999084472656,66.1500015258789,61.5,66.0199966430664,5166600,0.0,0.0
2023-12-15 00:00:00-05:00,65.31999969482422,67.58000183105469,64.44000244140625,67.37999725341797,3127800,0.0,0.0
2023-12-18 00:00:00-05:00,65.5199966430664,68.94999694824219,65.5199966430664,67.61000061035156,1841400,0.0,0.0
2023-12-19 00:00:00-05:00,67.87999725341797,68.84500122070312,67.11499786376953,67.52999877929688,1153500,0.0,0.0
2023-12-20 00:00:00-05:00,67.06999969482422,68.80999755859375,66.44999694824219,66.66999816894531,1220900,0.0,0.0
2023-12-21 00:00:00-05:00,67.79000091552734,68.33499908447266,66.44000244140625,68.16000366210938,880600,0.0,0.0
2023-12-22 00:00:00-05:00,68.3499984741211,69.58999633789062,68.16000366210938,69.37000274658203,1042800,0.0,0.0
2023-12-26 00:00:00-05:00,69.44999694824219,70.31999969482422,68.97000122070312,69.69000244140625,762700,0.0,0.0
2023-12-27 00:00:00-05:00,69.81999969482422,70.18000030517578,69.375,70.08999633789062,524500,0.0,0.0
2023-12-28 00:00:00-05:00,69.69999694824219,70.41999816894531,69.5199966430664,70.05000305175781,879200,0.0,0.0
2023-12-29 00:00:00-05:00,69.70999908447266,70.44999694824219,69.16000366210938,69.22000122070312,801300,0.0,0.0
2024-01-02 00:00:00-05:00,68.75,69.22000122070312,67.06999969482422,67.7300033569336,1226000,0.0,0.0
2024-01-03 00:00:00-05:00,66.26000213623047,66.91000366210938,64.04000091552734,64.47000122070312,1622300,0.0,0.0
2024-01-04 00:00:00-05:00,64.80999755859375,65.33000183105469,64.08999633789062,64.62999725341797,1060900,0.0,0.0
2024-01-05 00:00:00-05:00,64.5999984741211,66.44000244140625,64.56999969482422,65.44000244140625,666100,0.0,0.0
2024-01-08 00:00:00-05:00,65.9000015258789,67.7699966430664,65.80000305175781,67.69999694824219,559200,0.0,0.0
2024-01-09 00:00:00-05:00,66.76000213623047,70.0,66.76000213623047,69.91999816894531,952800,0.0,0.0
2024-01-10 00:00:00-05:00,70.05000305175781,70.23999786376953,68.75499725341797,69.69999694824219,777900,0.0,0.0
2024-01-11 00:00:00-05:00,69.66000366210938,70.61000061035156,68.52999877929688,68.8499984741211,1413300,0.0,0.0
2024-01-12 00:00:00-05:00,69.58000183105469,69.80999755859375,68.87000274658203,69.19000244140625,724300,0.0,0.0
2024-01-16 00:00:00-05:00,68.26000213623047,68.58499908447266,66.80000305175781,68.31999969482422,929300,0.0,0.0
2024-01-17 00:00:00-05:00,67.51000213623047,67.69999694824219,65.2699966430664,67.20999908447266,849400,0.0,0.0
2024-01-18 00:00:00-05:00,68.12000274658203,68.3499984741211,66.68000030517578,68.04000091552734,684100,0.0,0.0
2024-01-19 00:00:00-05:00,68.30000305175781,69.18000030517578,67.0999984741211,69.16999816894531,555400,0.0,0.0
2024-01-22 00:00:00-05:00,69.66999816894531,71.55000305175781,69.66999816894531,71.20999908447266,905000,0.0,0.0
2024-01-23 00:00:00-05:00,72.20999908447266,72.43000030517578,70.37999725341797,72.0,676700,0.0,0.0
2024-01-24 00:00:00-05:00,73.0,73.0,70.9000015258789,70.9800033569336,648200,0.0,0.0
2024-01-25 00:00:00-05:00,71.91999816894531,72.4800033569336,69.36000061035156,69.97000122070312,938500,0.0,0.0
2024-01-26 00:00:00-05:00,70.0,71.31999969482422,70.0,70.93000030517578,1093300,0.0,0.0
2024-01-29 00:00:00-05:00,70.77999877929688,72.80899810791016,70.51000213623047,72.7300033569336,775000,0.0,0.0
2024-01-30 00:00:00-05:00,72.66999816894531,73.44000244140625,72.2300033569336,73.0999984741211,1474200,0.0,0.0
2024-01-31 00:00:00-05:00,72.80999755859375,73.30000305175781,70.91999816894531,71.38999938964844,1019900,0.0,0.0
2024-02-01 00:00:00-05:00,71.38999938964844,72.37000274658203,69.98999786376953,72.08999633789062,711900,0.0,0.0
2024-02-02 00:00:00-05:00,71.91000366210938,73.71499633789062,71.30000305175781,73.19000244140625,875000,0.0,0.0
2024-02-05 00:00:00-05:00,73.19000244140625,73.19000244140625,70.7249984741211,71.75,990400,0.0,0.0
2024-02-06 00:00:00-05:00,71.9000015258789,72.44999694824219,71.12999725341797,71.8499984741211,481600,0.0,0.0
2024-02-07 00:00:00-05:00,72.51000213623047,73.37000274658203,71.36000061035156,72.56999969482422,541400,0.0,0.0
2024-02-08 00:00:00-05:00,72.4800033569336,74.72000122070312,72.44999694824219,73.97000122070312,655600,0.0,0.0
2024-02-09 00:00:00-05:00,74.97000122070312,75.58999633789062,74.4800033569336,74.62999725341797,1742000,0.0,0.0
2024-02-12 00:00:00-05:00,74.41999816894531,75.0,72.93000030517578,73.27999877929688,1226200,0.0,0.0
2024-02-13 00:00:00-05:00,71.1500015258789,73.2300033569336,70.02999877929688,71.4800033569336,1535100,0.0,0.0
2024-02-14 00:00:00-05:00,72.62999725341797,74.5999984741211,72.05000305175781,73.5199966430664,1627500,0.0,0.0
2024-02-15 00:00:00-05:00,74.4000015258789,75.68000030517578,74.06999969482422,74.58999633789062,2058100,0.0,0.0
2024-02-16 00:00:00-05:00,74.0,78.72000122070312,69.33999633789062,75.91999816894531,4641400,0.0,0.0
2024-02-20 00:00:00-05:00,74.66000366210938,76.30000305175781,74.02999877929688,76.20999908447266,1882800,0.0,0.0
2024-02-21 00:00:00-05:00,72.37000274658203,74.98999786376953,72.12999725341797,73.43000030517578,2071300,0.0,0.0
2024-02-22 00:00:00-05:00,74.44000244140625,74.44000244140625,72.56999969482422,73.80999755859375,2233300,0.0,0.0
2024-02-23 00:00:00-05:00,73.87000274658203,74.66999816894531,72.25,73.80000305175781,1284700,0.0,0.0
2024-02-26 00:00:00-05:00,73.91999816894531,75.13999938964844,73.80000305175781,74.37999725341797,1690200,0.0,0.0
2024-02-27 00:00:00-05:00,74.30000305175781,77.77999877929688,74.19000244140625,76.93000030517578,1884200,0.0,0.0
2024-02-28 00:00:00-05:00,76.63999938964844,77.5999984741211,76.15299987792969,77.06999969482422,1020000,0.0,0.0
2024-02-29 00:00:00-05:00,77.30000305175781,78.27999877929688,76.29000091552734,78.02999877929688,1638000,0.0,0.0
2024-03-01 00:00:00-05:00,78.26000213623047,80.0,77.5,78.88999938964844,2178900,0.0,0.0
2024-03-04 00:00:00-05:00,78.97000122070312,79.2699966430664,77.41000366210938,78.62999725341797,606900,0.0,0.0
2024-03-05 00:00:00-05:00,77.44000244140625,77.44000244140625,74.20999908447266,75.25,1118700,0.0,0.0
2024-03-06 00:00:00-05:00,76.41999816894531,78.06999969482422,75.56999969482422,77.48999786376953,815700,0.0,0.0
2024-03-07 00:00:00-05:00,78.43000030517578,79.02999877929688,77.55999755859375,78.8499984741211,928800,0.0,0.0
2024-03-08 00:00:00-05:00,79.38999938964844,80.43000030517578,78.52999877929688,78.81999969482422,1726900,0.0,0.0
2024-03-11 00:00:00-04:00,78.54000091552734,79.81999969482422,77.93000030517578,79.77999877929688,956700,0.0,0.0
2024-03-12 00:00:00-04:00,80.0,80.4000015258789,78.58999633789062,79.43000030517578,809500,0.0,0.0
2024-03-13 00:00:00-04:00,79.0,79.62000274658203,78.13999938964844,79.0,1108800,0.0,0.0
2024-03-14 00:00:00-04:00,78.98999786376953,79.16999816894531,77.71499633789062,78.93000030517578,1576500,0.0,0.0
2024-03-15 00:00:00-04:00,78.05000305175781,78.81999969482422,77.18000030517578,78.5999984741211,2591000,0.0,0.0
2024-03-18 00:00:00-04:00,78.91999816894531,79.19000244140625,77.65499877929688,79.01000213623047,1407800,0.0,0.0
2024-03-19 00:00:00-04:00,78.16000366210938,79.72000122070312,77.41000366210938,79.38999938964844,640500,0.0,0.0
2024-03-20 00:00:00-04:00,79.5,81.22000122070312,79.08999633789062,80.9000015258789,658200,0.0,0.0
2024-03-21 00:00:00-04:00,81.25,82.36000061035156,81.0199966430664,81.18000030517578,1329400,0.0,0.0
2024-03-22 00:00:00-04:00,81.19000244140625,81.9000015258789,80.5199966430664,81.87999725341797,729300,0.0,0.0
2024-03-25 00:00:00-04:00,81.66000366210938,82.41999816894531,81.33999633789062,81.58000183105469,764200,0.0,0.0
2024-03-26 00:00:00-04:00,82.19000244140625,82.91999816894531,81.58999633789062,82.36000061035156,737800,0.0,0.0
2024-03-27 00:00:00-04:00,83.16000366210938,83.3499984741211,80.9800033569336,81.62999725341797,2060700,0.0,0.0
2024-03-28 00:00:00-04:00,81.66000366210938,82.75,81.05999755859375,82.16999816894531,1001300,0.0,0.0
2024-04-01 00:00:00-04:00,82.1500015258789,82.63999938964844,80.22000122070312,80.31999969482422,984100,0.0,0.0
2024-04-02 00:00:00-04:00,79.02999877929688,79.15499877929688,76.18000030517578,78.61000061035156,901700,0.0,0.0
2024-04-03 00:00:00-04:00,78.08000183105469,78.94000244140625,77.80999755859375,78.05000305175781,1688100,0.0,0.0
2024-04-04 00:00:00-04:00,78.80999755859375,79.9000015258789,77.66000366210938,77.66999816894531,1424700,0.0,0.0
2024-04-05 00:00:00-04:00,77.62000274658203,78.52999877929688,77.55000305175781,77.87999725341797,768600,0.0,0.0
2024-04-08 00:00:00-04:00,77.95999908447266,77.98999786376953,76.55999755859375,76.6500015258789,1224400,0.0,0.0
2024-04-09 00:00:00-04:00,76.5999984741211,79.375,76.58000183105469,79.2300033569336,1560500,0.0,0.0
2024-04-10 00:00:00-04:00,77.44000244140625,78.13999938964844,75.16999816894531,75.5199966430664,1343300,0.0,0.0
2024-04-11 00:00:00-04:00,75.72000122070312,75.97000122070312,74.19999694824219,74.97000122070312,1094000,0.0,0.0
2024-04-12 00:00:00-04:00,74.5199966430664,75.03500366210938,72.97000122070312,73.44000244140625,837900,0.0,0.0
2024-04-15 00:00:00-04:00,73.54000091552734,74.05999755859375,72.45999908447266,72.80999755859375,1197000,0.0,0.0
2024-04-16 00:00:00-04:00,72.80999755859375,73.43000030517578,72.06999969482422,72.98999786376953,1013000,0.0,0.0
2024-04-17 00:00:00-04:00,73.25,74.05000305175781,71.66999816894531,71.75,949700,0.0,0.0
2024-04-18 00:00:00-04:00,72.01000213623047,72.52999877929688,71.23999786376953,71.72000122070312,982200,0.0,0.0
2024-04-19 00:00:00-04:00,71.62000274658203,71.94999694824219,69.7300033569336,70.29000091552734,1263900,0.0,0.0
2024-04-22 00:00:00-04:00,71.0199966430664,71.26599884033203,70.4000015258789,70.58000183105469,988200,0.0,0.0
2024-04-23 00:00:00-04:00,70.69999694824219,72.41000366210938,70.41999816894531,71.7300033569336,1661200,0.0,0.0
2024-04-24 00:00:00-04:00,72.30999755859375,72.61000061035156,70.47000122070312,71.11000061035156,933600,0.0,0.0
2024-04-25 00:00:00-04:00,69.97000122070312,70.2300033569336,69.0,69.81999969482422,1476900,0.0,0.0
2024-04-26 00:00:00-04:00,70.62000274658203,70.9800033569336,69.93000030517578,70.08999633789062,1258000,0.0,0.0
2024-04-29 00:00:00-04:00,70.58000183105469,72.08000183105469,69.8499984741211,70.11000061035156,1741100,0.0,0.0
2024-04-30 00:00:00-04:00,69.61000061035156,70.25,68.36000061035156,68.41999816894531,1664400,0.0,0.0
2024-05-01 00:00:00-04:00,68.58000183105469,70.19999694824219,67.75,68.23999786376953,2788900,0.0,0.0
2024-05-02 00:00:00-04:00,67.5199966430664,72.4800033569336,67.18000030517578,69.2300033569336,3253500,0.0,0.0
2024-05-03 00:00:00-04:00,70.6500015258789,70.6500015258789,67.25,68.13999938964844,2743600,0.0,0.0
2024-05-06 00:00:00-04:00,69.06999969482422,69.06999969482422,67.77999877929688,68.5199966430664,1570200,0.0,0.0
2024-05-07 00:00:00-04:00,68.05000305175781,69.06500244140625,66.80000305175781,68.45999908447266,1332300,0.0,0.0
2024-05-08 00:00:00-04:00,68.01000213623047,68.80000305175781,67.80500030517578,68.04000091552734,1419600,0.0,0.0
2024-05-09 00:00:00-04:00,68.20999908447266,68.47000122070312,67.68000030517578,68.2300033569336,770600,0.0,0.0
2024-05-10 00:00:00-04:00,68.19999694824219,68.58000183105469,67.44000244140625,68.30000305175781,1329800,0.0,0.0
2024-05-13 00:00:00-04:00,69.1500015258789,69.42500305175781,67.80999755859375,67.80999755859375,814300,0.0,0.0
2024-05-14 00:00:00-04:00,67.94000244140625,68.47000122070312,67.52999877929688,67.93000030517578,786900,0.0,0.0
2024-05-15 00:00:00-04:00,69.19000244140625,70.77999877929688,69.0,70.69999694824219,1326400,0.0,0.0
2024-05-16 00:00:00-04:00,70.02999877929688,70.3550033569336,69.02999877929688,69.2300033569336,1371600,0.0,0.0
2024-05-17 00:00:00-04:00,69.36000061035156,69.65499877929688,68.91999816894531,69.45999908447266,772800,0.0,0.0
2024-05-20 00:00:00-04:00,69.5,70.44000244140625,69.5,70.37999725341797,989700,0.0,0.0
2024-05-21 00:00:00-04:00,70.2699966430664,70.58999633789062,69.81999969482422,70.23999786376953,1007900,0.0,0.0
2024-05-22 00:00:00-04:00,70.05000305175781,70.9729995727539,69.33999633789062,69.56999969482422,1526900,0.0,0.0
2024-05-23 00:00:00-04:00,70.0,70.0,67.62000274658203,68.16999816894531,1526400,0.0,0.0
2024-05-24 00:00:00-04:00,68.0999984741211,69.05999755859375,67.27999877929688,68.75,773800,0.0,0.0
2024-05-28 00:00:00-04:00,68.55000305175781,69.2229995727539,67.9000015258789,68.81999969482422,1225400,0.0,0.0
2024-05-29 00:00:00-04:00,68.08000183105469,69.58000183105469,67.9000015258789,68.95999908447266,898300,0.0,0.0
2024-05-30 00:00:00-04:00,68.62000274658203,68.86000061035156,67.0,67.16000366210938,1242800,0.0,0.0
2024-05-31 00:00:00-04:00,67.26000213623047,68.54000091552734,65.73999786376953,67.12999725341797,1339700,0.0,0.0
2024-06-03 00:00:00-04:00,67.58000183105469,67.6449966430664,65.08000183105469,65.37000274658203,1533400,0.0,0.0
2024-06-04 00:00:00-04:00,64.26000213623047,65.4800033569336,63.41999816894531,65.25,2228900,0.0,0.0
2024-06-05 00:00:00-04:00,65.69000244140625,66.31999969482422,64.94000244140625,66.27999877929688,1372800,0.0,0.0
2024-06-06 00:00:00-04:00,66.75,67.26000213623047,66.11000061035156,66.55999755859375,805800,0.0,0.0
2024-06-07 00:00:00-04:00,66.08000183105469,66.43000030517578,65.66000366210938,65.94999694824219,715100,0.0,0.0
2024-06-10 00:00:00-04:00,65.68000030517578,67.25,65.68000030517578,67.18000030517578,1077100,0.0,0.0
2024-06-11 00:00:00-04:00,66.56999969482422,66.56999969482422,65.06999969482422,65.12999725341797,1328000,0.0,0.0
2024-06-12 00:00:00-04:00,66.76000213623047,69.0,66.4000015258789,67.6500015258789,2048300,0.0,0.0
2024-06-13 00:00:00-04:00,67.87999725341797,67.87999725341797,65.7300033569336,66.62999725341797,1128600,0.0,0.0
2024-06-14 00:00:00-04:00,65.80999755859375,65.87999725341797,63.77000045776367,63.91999816894531,1834300,0.0,0.0
2024-06-17 00:00:00-04:00,63.540000915527344,63.80500030517578,62.810001373291016,63.2400016784668,1322600,0.0,0.0
2024-06-18 00:00:00-04:00,63.0,63.54999923706055,62.04999923706055,63.25,2275400,0.0,0.0
2024-06-20 00:00:00-04:00,63.16999816894531,63.86000061035156,62.56999969482422,63.560001373291016,1640400,0.0,0.0
2024-06-21 00:00:00-04:00,63.58000183105469,64.52999877929688,62.869998931884766,64.41000366210938,2547900,0.0,0.0
2024-06-24 00:00:00-04:00,64.22000122070312,64.62000274658203,63.56999969482422,63.97999954223633,1671000,0.0,0.0
2024-06-25 00:00:00-04:00,63.779998779296875,64.45999908447266,63.02000045776367,63.529998779296875,1731300,0.0,0.0
2024-06-26 00:00:00-04:00,63.0,63.810001373291016,62.290000915527344,63.04999923706055,1463600,0.0,0.0
2024-06-27 00:00:00-04:00,63.18000030517578,64.69000244140625,62.84000015258789,64.51000213623047,1347300,0.0,0.0
2024-06-28 00:00:00-04:00,64.75,66.95999908447266,64.5,66.30999755859375,4180600,0.0,0.0
2024-07-01 00:00:00-04:00,66.12999725341797,66.37000274658203,65.00399780273438,66.19000244140625,1548800,0.0,0.0
2024-07-02 00:00:00-04:00,66.55999755859375,68.25,65.83000183105469,67.9800033569336,1135700,0.0,0.0
2024-07-03 00:00:00-04:00,67.93000030517578,68.86000061035156,67.4800033569336,68.81999969482422,1020800,0.0,0.0
2024-07-05 00:00:00-04:00,68.68000030517578,69.80999755859375,68.51000213623047,68.86000061035156,1016300,0.0,0.0
2024-07-08 00:00:00-04:00,68.62999725341797,68.66000366210938,65.01000213623047,65.05000305175781,1783300,0.0,0.0
2024-07-09 00:00:00-04:00,65.47000122070312,65.47000122070312,63.540000915527344,64.41000366210938,1088700,0.0,0.0
2024-07-10 00:00:00-04:00,64.37999725341797,65.02999877929688,63.33000183105469,64.31999969482422,1269100,0.0,0.0
2024-07-11 00:00:00-04:00,65.68000030517578,65.70999908447266,64.02999877929688,64.87999725341797,1109100,0.0,0.0
2024-07-12 00:00:00-04:00,64.77999877929688,67.61000061035156,64.71499633789062,67.16000366210938,1541700,0.0,0.0
2024-07-15 00:00:00-04:00,67.5,69.12999725341797,67.2300033569336,68.87999725341797,1320700,0.0,0.0
2024-07-16 00:00:00-04:00,69.0,71.9800033569336,68.98500061035156,71.70999908447266,2382400,0.0,0.0
2024-07-17 00:00:00-04:00,71.06999969482422,72.4800033569336,70.30000305175781,70.58000183105469,2319800,0.0,0.0
2024-07-18 00:00:00-04:00,70.52999877929688,71.0,66.87999725341797,67.19999694824219,1343500,0.0,0.0
2024-07-19 00:00:00-04:00,67.22000122070312,68.26000213623047,66.69999694824219,68.25,1054000,0.0,0.0
2024-07-22 00:00:00-04:00,68.68000030517578,70.58000183105469,68.05999755859375,70.56999969482422,1101700,0.0,0.0
2024-07-23 00:00:00-04:00,70.68000030517578,71.08999633789062,69.87999725341797,70.0,1461000,0.0,0.0
2024-07-24 00:00:00-04:00,69.80000305175781,69.80000305175781,67.70999908447266,67.98999786376953,968700,0.0,0.0
2024-07-25 00:00:00-04:00,67.97000122070312,69.72000122070312,66.9219970703125,67.69000244140625,1457300,0.0,0.0
2024-07-26 00:00:00-04:00,68.97000122070312,70.72000122070312,68.95999908447266,70.30999755859375,939400,0.0,0.0
2024-07-29 00:00:00-04:00,70.5999984741211,71.19999694824219,69.66000366210938,69.97000122070312,1318500,0.0,0.0
2024-07-30 00:00:00-04:00,70.27999877929688,71.31999969482422,69.29000091552734,70.80999755859375,2462300,0.0,0.0
2024-07-31 00:00:00-04:00,71.3499984741211,72.36000061035156,70.41999816894531,71.02999877929688,1412800,0.0,0.0
2024-08-01 00:00:00-04:00,70.7300033569336,71.58000183105469,66.41699981689453,67.22000122070312,2285900,0.0,0.0
2024-08-02 00:00:00-04:00,54.79999923706055,56.95000076293945,49.459999084472656,56.779998779296875,15378700,0.0,0.0
2024-08-05 00:00:00-04:00,53.5,54.09000015258789,52.08000183105469,53.20000076293945,5330400,0.0,0.0
2024-08-06 00:00:00-04:00,53.77000045776367,55.209999084472656,52.90999984741211,52.95000076293945,3352700,0.0,0.0
2024-08-07 00:00:00-04:00,54.0,54.4900016784668,51.650001525878906,51.7400016784668,3008700,0.0,0.0
2024-08-08 00:00:00-04:00,52.689998626708984,54.58000183105469,52.150001525878906,54.279998779296875,2251000,0.0,0.0
2024-08-09 00:00:00-04:00,54.33000183105469,54.33000183105469,52.83000183105469,53.290000915527344,1301800,0.0,0.0
2024-08-12 00:00:00-04:00,53.470001220703125,54.09000015258789,52.599998474121094,53.75,1194700,0.0,0.0
2024-08-13 00:00:00-04:00,54.22999954223633,56.06999969482422,53.4900016784668,55.83000183105469,2498300,0.0,0.0
2024-08-14 00:00:00-04:00,56.0099983215332,56.40999984741211,55.40999984741211,55.72999954223633,2666100,0.0,0.0
2024-08-15 00:00:00-04:00,56.72999954223633,57.59000015258789,56.400001525878906,56.5099983215332,1279600,0.0,0.0
2024-08-16 00:00:00-04:00,56.13999938964844,57.66999816894531,56.084999084472656,57.529998779296875,1577100,0.0,0.0
2024-08-19 00:00:00-04:00,57.689998626708984,60.599998474121094,57.685001373291016,60.13999938964844,1981200,0.0,0.0
2024-08-20 00:00:00-04:00,59.9900016784668,60.064998626708984,58.459999084472656,58.470001220703125,1799600,0.0,0.0
2024-08-21 00:00:00-04:00,58.95000076293945,59.66999816894531,58.345001220703125,59.470001220703125,1267700,0.0,0.0
2024-08-22 00:00:00-04:00,59.529998779296875,60.119998931884766,58.90999984741211,59.119998931884766,1683700,0.0,0.0
2024-08-23 00:00:00-04:00,59.779998779296875,61.974998474121094,59.290000915527344,61.400001525878906,1503700,0.0,0.0
2024-08-26 00:00:00-04:00,61.689998626708984,63.04999923706055,61.4900016784668,61.68000030517578,1521300,0.0,0.0
2024-08-27 00:00:00-04:00,60.915000915527344,61.439998626708984,59.7400016784668,60.33000183105469,1662100,0.0,0.0
2024-08-28 00:00:00-04:00,60.0,60.810001373291016,59.279998779296875,59.47999954223633,1220800,0.0,0.0
2024-08-29 00:00:00-04:00,60.119998931884766,60.505001068115234,59.040000915527344,59.04999923706055,1121700,0.0,0.0
2024-08-30 00:00:00-04:00,59.779998779296875,60.13999938964844,58.41999816894531,59.27000045776367,1822500,0.0,0.0
2024-09-03 00:00:00-04:00,58.810001373291016,58.939998626708984,56.2400016784668,56.599998474121094,1485000,0.0,0.0
2024-09-04 00:00:00-04:00,56.29999923706055,57.040000915527344,55.6349983215332,55.86000061035156,868000,0.0,0.0
2024-09-05 00:00:00-04:00,56.11000061035156,56.779998779296875,55.279998779296875,55.380001068115234,1349600,0.0,0.0
2024-09-06 00:00:00-04:00,55.84000015258789,56.150001525878906,53.689998626708984,54.22999954223633,1809000,0.0,0.0
2024-09-09 00:00:00-04:00,54.459999084472656,55.3650016784668,54.11000061035156,54.29999923706055,1421400,0.0,0.0
2024-09-10 00:00:00-04:00,54.720001220703125,54.86000061035156,52.91999816894531,53.22999954223633,2191000,0.0,0.0
2024-09-11 00:00:00-04:00,52.939998626708984,55.18000030517578,52.779998779296875,55.15999984741211,2932200,0.0,0.0
2024-09-12 00:00:00-04:00,55.58000183105469,57.31100082397461,54.5,57.11000061035156,2563900,0.0,0.0
2024-09-13 00:00:00-04:00,57.75,58.63999938964844,57.56999969482422,58.0,1153200,0.0,0.0
2024-09-16 00:00:00-04:00,58.0,58.5099983215332,57.70000076293945,58.130001068115234,1443600,0.0,0.0
2024-09-17 00:00:00-04:00,58.709999084472656,58.709999084472656,57.2599983215332,57.47999954223633,1439500,0.0,0.0
2024-09-18 00:00:00-04:00,57.45000076293945,58.79999923706055,56.56999969482422,56.86000061035156,2561100,0.0,0.0
2024-09-19 00:00:00-04:00,58.7599983215332,60.90999984741211,58.16999816894531,60.040000915527344,1944300,0.0,0.0
2024-09-20 00:00:00-04:00,60.380001068115234,60.494998931884766,58.720001220703125,59.4900016784668,3703400,0.0,0.0
2024-09-23 00:00:00-04:00,59.5099983215332,59.654998779296875,58.560001373291016,58.88999938964844,1238100,0.0,0.0
2024-09-24 00:00:00-04:00,59.93000030517578,61.57500076293945,59.68000030517578,61.150001525878906,2439800,0.0,0.0
2024-09-25 00:00:00-04:00,61.650001525878906,62.5,60.18000030517578,60.54999923706055,1615700,0.0,0.0
2024-09-26 00:00:00-04:00,62.0,62.08000183105469,60.380001068115234,61.630001068115234,527600,0.0,0.0
2024-09-27 00:00:00-04:00,62.15999984741211,62.34000015258789,61.27000045776367,62.04999923706055,1205200,0.0,0.0
2024-09-30 00:00:00-04:00,61.709999084472656,62.33000183105469,61.02000045776367,61.720001220703125,931300,0.0,0.0
2024-10-01 00:00:00-04:00,61.689998626708984,61.880001068115234,58.869998931884766,59.06999969482422,1356200,0.0,0.0
2024-10-02 00:00:00-04:00,59.380001068115234,59.65999984741211,58.2599983215332,59.29999923706055,772200,0.0,0.0
2024-10-03 00:00:00-04:00,58.77000045776367,59.59000015258789,58.685001373291016,59.040000915527344,1317700,0.0,0.0
2024-10-04 00:00:00-04:00,59.5,60.654998779296875,59.494998931884766,60.279998779296875,2388100,0.0,0.0
2024-10-07 00:00:00-04:00,59.91999816894531,59.91999816894531,58.099998474121094,58.79999923706055,2067800,0.0,0.0
2024-10-08 00:00:00-04:00,58.81999969482422,60.18000030517578,58.814998626708984,59.400001525878906,1838000,0.0,0.0
2024-10-09 00:00:00-04:00,59.380001068115234,60.400001525878906,59.279998779296875,60.31999969482422,1565000,0.0,0.0
2024-10-10 00:00:00-04:00,59.38999938964844,60.93000030517578,59.084999084472656,60.81999969482422,2291300,0.0,0.0
2024-10-11 00:00:00-04:00,61.0,64.52999877929688,61.0,62.959999084472656,2644600,0.0,0.0
2024-10-14 00:00:00-04:00,63.0,63.0,62.099998474121094,62.869998931884766,929000,0.0,0.0
2024-10-15 00:00:00-04:00,62.709999084472656,63.2400016784668,62.2400016784668,62.84000015258789,1586100,0.0,0.0
2024-10-16 00:00:00-04:00,63.040000915527344,63.165000915527344,62.09000015258789,62.529998779296875,1008900,0.0,0.0
2024-10-17 00:00:00-04:00,63.0,63.11000061035156,62.084999084472656,63.04999923706055,1362400,0.0,0.0
2024-10-18 00:00:00-04:00,63.68000030517578,64.4800033569336,62.83000183105469,63.47999954223633,1403500,0.0,0.0
2024-10-21 00:00:00-04:00,63.220001220703125,63.90999984741211,62.869998931884766,63.0,963500,0.0,0.0
2024-10-22 00:00:00-04:00,62.849998474121094,62.849998474121094,61.63999938964844,62.599998474121094,1030800,0.0,0.0
2024-10-23 00:00:00-04:00,62.38999938964844,62.810001373291016,61.36000061035156,61.619998931884766,861300,0.0,0.0
2024-10-24 00:00:00-04:00,62.790000915527344,63.30500030517578,62.08000183105469,63.119998931884766,1124700,0.0,0.0
2024-10-25 00:00:00-04:00,63.439998626708984,64.02999877929688,62.56999969482422,62.79999923706055,1408200,0.0,0.0
2024-10-28 00:00:00-04:00,63.7599983215332,63.7599983215332,61.70000076293945,61.88999938964844,2014900,0.0,0.0
2024-10-29 00:00:00-04:00,61.72999954223633,64.11000061035156,61.13999938964844,63.45000076293945,1979400,0.0,0.0
2024-10-30 00:00:00-04:00,63.189998626708984,64.73999786376953,62.470001220703125,62.650001525878906,2524300,0.0,0.0
2024-10-31 00:00:00-04:00,60.9900016784668,69.27999877929688,60.70000076293945,65.6500015258789,4395800,0.0,0.0
2024-11-01 00:00:00-04:00,66.08999633789062,68.93000030517578,65.45500183105469,66.62999725341797,2387000,0.0,0.0
2024-11-04 00:00:00-05:00,66.0,67.48999786376953,65.62000274658203,66.61000061035156,1897200,0.0,0.0
2024-11-05 00:00:00-05:00,66.2699966430664,67.44999694824219,65.91300201416016,67.06999969482422,1442900,0.0,0.0
2024-11-06 00:00:00-05:00,68.30999755859375,71.75,67.77999877929688,71.37999725341797,3075900,0.0,0.0
2024-11-07 00:00:00-05:00,71.68000030517578,72.5199966430664,70.90499877929688,71.16000366210938,2072800,0.0,0.0
2024-11-08 00:00:00-05:00,71.02999877929688,71.02999877929688,69.70500183105469,70.45999908447266,1343800,0.0,0.0
2024-11-11 00:00:00-05:00,71.0,71.31999969482422,70.16999816894531,70.61000061035156,1217800,0.0,0.0
2024-11-12 00:00:00-05:00,70.26000213623047,71.12000274658203,70.02999877929688,70.98999786376953,1018600,0.0,0.0
2024-11-13 00:00:00-05:00,70.6500015258789,74.11000061035156,70.44000244140625,73.41999816894531,4324600,0.0,0.0
2024-11-14 00:00:00-05:00,73.01000213623047,73.63999938964844,71.54000091552734,71.61000061035156,2178500,0.0,0.0
2024-11-15 00:00:00-05:00,71.26000213623047,71.625,68.08999633789062,69.1500015258789,2132500,0.0,0.0
2024-11-18 00:00:00-05:00,69.08000183105469,69.54000091552734,68.23999786376953,69.12000274658203,1589800,0.0,0.0
2024-11-19 00:00:00-05:00,68.43000030517578,70.28500366210938,68.0199966430664,70.04000091552734,1427200,0.0,0.0
2024-11-20 00:00:00-05:00,69.94000244140625,70.83000183105469,68.05999755859375,70.26000213623047,1933000,0.0,0.0
2024-11-21 00:00:00-05:00,70.75,76.41000366210938,70.16999816894531,75.2300033569336,3393400,0.0,0.0
2024-11-22 00:00:00-05:00,75.5,78.30000305175781,75.31500244140625,76.68000030517578,3603900,0.0,0.0
2024-11-25 00:00:00-05:00,77.41999816894531,81.19000244140625,77.08999633789062,80.20999908447266,4336700,0.0,0.0
2024-11-26 00:00:00-05:00,80.0,80.4800033569336,79.01899719238281,80.26000213623047,2346300,0.0,0.0
2024-11-27 00:00:00-05:00,80.36000061035156,81.51000213623047,79.66000366210938,81.44999694824219,2170300,0.0,0.0
2024-11-29 00:00:00-05:00,81.56999969482422,82.1500015258789,80.7300033569336,81.19999694824219,1029100,0.0,0.0
2024-12-02 00:00:00-05:00,81.72000122070312,81.76499938964844,80.2300033569336,80.81999969482422,2314100,0.0,0.0
2024-12-03 00:00:00-05:00,80.75,82.83000183105469,80.5,82.66999816894531,2847500,0.0,0.0
2024-12-04 00:00:00-05:00,83.25,86.16999816894531,83.0999984741211,85.72000122070312,6314900,0.0,0.0
2024-12-05 00:00:00-05:00,85.25,86.66999816894531,84.13999938964844,84.51000213623047,2992600,0.0,0.0
2024-12-06 00:00:00-05:00,85.63999938964844,85.73999786376953,81.48999786376953,83.0,2917400,0.0,0.0
2024-12-09 00:00:00-05:00,84.19000244140625,84.51499938964844,82.51000213623047,82.86000061035156,1208300,0.0,0.0
2024-12-10 00:00:00-05:00,82.29000091552734,82.62999725341797,79.58000183105469,80.33999633789062,3289100,0.0,0.0
2024-12-11 00:00:00-05:00,81.33999633789062,81.7300033569336,80.2300033569336,81.16999816894531,1620300,0.0,0.0
2024-12-12 00:00:00-05:00,81.05000305175781,83.55000305175781,80.12999725341797,81.58000183105469,1506100,0.0,0.0
2024-12-13 00:00:00-05:00,80.81999969482422,81.0,78.43000030517578,78.81999969482422,2111900,0.0,0.0
2024-12-16 00:00:00-05:00,78.4000015258789,79.5999984741211,77.18000030517578,77.69999694824219,3015600,0.0,0.0
2024-12-17 00:00:00-05:00,77.16000366210938,80.2300033569336,77.16000366210938,79.43000030517578,1581000,0.0,0.0
2024-12-18 00:00:00-05:00,79.44000244140625,80.30000305175781,75.05999755859375,75.75,2151800,0.0,0.0
2024-12-19 00:00:00-05:00,76.72000122070312,77.80000305175781,75.20999908447266,75.4800033569336,1776900,0.0,0.0
2024-12-20 00:00:00-05:00,74.63999938964844,76.94000244140625,74.01000213623047,76.52999877929688,3083200,0.0,0.0
2024-12-23 00:00:00-05:00,76.18000030517578,76.79000091552734,74.58000183105469,76.54000091552734,1753700,0.0,0.0
2024-12-24 00:00:00-05:00,76.44999694824219,77.88999938964844,75.92500305175781,77.79000091552734,668000,0.0,0.0
2024-12-26 00:00:00-05:00,77.2699966430664,78.5250015258789,76.9749984741211,77.9000015258789,923300,0.0,0.0
2024-12-27 00:00:00-05:00,77.2300033569336,77.6500015258789,75.54000091552734,76.36000061035156,1034200,0.0,0.0
2024-12-30 00:00:00-05:00,75.0199966430664,76.4800033569336,74.08499908447266,75.37000274658203,1017200,0.0,0.0
2024-12-31 00:00:00-05:00,75.87000274658203,76.1500015258789,74.4800033569336,74.93000030517578,1616200,0.0,0.0
2025-01-02 00:00:00-05:00,76.12999725341797,77.18000030517578,74.58000183105469,75.16999816894531,1083900,0.0,0.0
2025-01-03 00:00:00-05:00,75.83000183105469,77.0999984741211,75.30000305175781,77.04000091552734,1519000,0.0,0.0
2025-01-06 00:00:00-05:00,79.41999816894531,79.71499633789062,77.87000274658203,78.18000030517578,1452100,0.0,0.0
2025-01-07 00:00:00-05:00,78.93000030517578,78.93000030517578,75.5199966430664,75.8499984741211,932200,0.0,0.0
2025-01-08 00:00:00-05:00,75.55999755859375,76.7750015258789,74.70500183105469,76.31999969482422,727900,0.0,0.0
2025-01-10 00:00:00-05:00,74.69999694824219,75.62000274658203,74.22000122070312,74.86000061035156,1327500,0.0,0.0
2025-01-13 00:00:00-05:00,73.55999755859375,74.5199966430664,72.88099670410156,74.33000183105469,1232600,0.0,0.0
2025-01-14 00:00:00-05:00,75.1500015258789,75.94000244140625,74.52999877929688,74.81999969482422,965200,0.0,0.0
2025-01-15 00:00:00-05:00,77.0999984741211,77.45999908447266,76.01000213623047,76.7699966430664,1145200,0.0,0.0
2025-01-16 00:00:00-05:00,76.83999633789062,78.87999725341797,76.51000213623047,78.11000061035156,805600,0.0,0.0
2025-01-17 00:00:00-05:00,79.11000061035156,79.17500305175781,76.94999694824219,76.9800033569336,854600,0.0,0.0
2025-01-21 00:00:00-05:00,78.0,78.87000274658203,77.26000213623047,78.48999786376953,769600,0.0,0.0
2025-01-22 00:00:00-05:00,79.19000244140625,79.72000122070312,78.68000030517578,78.98999786376953,743300,0.0,0.0
2025-01-23 00:00:00-05:00,78.45999908447266,79.0999984741211,77.33000183105469,78.41999816894531,796900,0.0,0.0
2025-01-24 00:00:00-05:00,79.0,79.87000274658203,77.76000213623047,77.98999786376953,635000,0.0,0.0
2025-01-27 00:00:00-05:00,76.38999938964844,79.86499786376953,75.45999908447266,79.43000030517578,1102000,0.0,0.0
2025-01-28 00:00:00-05:00,79.55999755859375,83.06999969482422,78.31999969482422,81.77999877929688,1826300,0.0,0.0
2025-01-29 00:00:00-05:00,81.69000244140625,82.47000122070312,79.3499984741211,80.44000244140625,963700,0.0,0.0
2025-01-30 00:00:00-05:00,80.69000244140625,81.62999725341797,79.93000030517578,80.0999984741211,763900,0.0,0.0
2025-01-31 00:00:00-05:00,81.45999908447266,81.91999816894531,78.77999877929688,79.55999755859375,1283900,0.0,0.0
2025-02-03 00:00:00-05:00,77.19000244140625,78.66999816894531,76.48999786376953,78.0199966430664,982000,0.0,0.0
2025-02-04 00:00:00-05:00,78.44000244140625,78.78500366210938,77.27999877929688,77.62000274658203,869900,0.0,0.0
2025-02-05 00:00:00-05:00,78.01000213623047,78.05000305175781,77.0,77.44000244140625,1162700,0.0,0.0
2025-02-06 00:00:00-05:00,77.62999725341797,77.62999725341797,75.0199966430664,76.25,1644000,0.0,0.0
2025-02-07 00:00:00-05:00,76.93000030517578,77.5999984741211,75.27999877929688,75.44999694824219,1030700,0.0,0.0
2025-02-10 00:00:00-05:00,76.63999938964844,77.68499755859375,75.6500015258789,76.30000305175781,1165400,0.0,0.0
2025-02-11 00:00:00-05:00,75.08999633789062,77.05000305175781,74.47000122070312,74.80000305175781,1326000,0.0,0.0
2025-02-12 00:00:00-05:00,73.81999969482422,74.91000366210938,73.47000122070312,74.29000091552734,1216700,0.0,0.0
2025-02-13 00:00:00-05:00,74.41999816894531,75.22000122070312,73.26000213623047,75.0999984741211,2175000,0.0,0.0
2025-02-14 00:00:00-05:00,81.05000305175781,87.9000015258789,77.61000061035156,87.5,4581600,0.0,0.0
2025-02-18 00:00:00-05:00,87.56999969482422,88.91999816894531,86.69000244140625,88.33000183105469,3288600,0.0,0.0
2025-02-19 00:00:00-05:00,87.0,88.5,85.30999755859375,86.4800033569336,2314300,0.0,0.0
2025-02-20 00:00:00-05:00,85.69999694824219,85.74500274658203,81.8499984741211,83.05000305175781,2519900,0.0,0.0
2025-02-21 00:00:00-05:00,84.2300033569336,84.7699966430664,81.84100341796875,82.25,1628400,0.0,0.0
2025-02-24 00:00:00-05:00,82.41500091552734,82.41500091552734,77.68000030517578,80.43000030517578,1468100,0.0,0.0
2025-02-25 00:00:00-05:00,80.29000091552734,80.43000030517578,77.54499816894531,78.91000366210938,974300,0.0,0.0
2025-02-26 00:00:00-05:00,79.56999969482422,80.55999755859375,78.37000274658203,78.55000305175781,1055400,0.0,0.0
2025-02-27 00:00:00-05:00,79.44999694824219,79.55999755859375,75.75,75.91999816894531,1112100,0.0,0.0
2025-02-28 00:00:00-05:00,75.5999984741211,76.9000015258789,74.87000274658203,76.47000122070312,2137300,0.0,0.0
2025-03-03 00:00:00-05:00,77.05000305175781,78.16000366210938,73.54000091552734,74.26000213623047,1277400,0.0,0.0
2025-03-04 00:00:00-05:00,73.48999786376953,76.13999938964844,71.86000061035156,74.33999633789062,1753200,0.0,0.0
2025-03-05 00:00:00-05:00,74.37999725341797,76.62000274658203,73.83000183105469,76.41000366210938,1010000,0.0,0.0
2025-03-06 00:00:00-05:00,75.97000122070312,75.97000122070312,72.08999633789062,72.16999816894531,909900,0.0,0.0
2025-03-07 00:00:00-05:00,71.93000030517578,73.81999969482422,69.18000030517578,73.26000213623047,1261600,0.0,0.0
2025-03-10 00:00:00-04:00,71.20999908447266,72.05000305175781,68.62000274658203,69.18000030517578,1334300,0.0,0.0
2025-03-11 00:00:00-04:00,65.5,66.20999908447266,62.790000915527344,65.20999908447266,4524300,0.0,0.0
2025-03-12 00:00:00-04:00,66.20999908447266,68.3499984741211,65.22000122070312,67.54000091552734,3015100,0.0,0.0
2025-03-13 00:00:00-04:00,67.9000015258789,68.41999816894531,65.52999877929688,65.7699966430664,2209000,0.0,0.0
2025-03-14 00:00:00-04:00,67.0,69.06999969482422,66.86000061035156,68.12999725341797,2052700,0.0,0.0
2025-03-17 00:00:00-04:00,67.77999877929688,70.70500183105469,67.77999877929688,69.66999816894531,1047500,0.0,0.0
2025-03-18 00:00:00-04:00,68.87999725341797,69.95999908447266,68.1500015258789,68.61000061035156,1282200,0.0,0.0
2025-03-19 00:00:00-04:00,68.87999725341797,70.91000366210938,68.66999816894531,69.81999969482422,834200,0.0,0.0
2025-03-20 00:00:00-04:00,69.2699966430664,70.63999938964844,69.02999877929688,69.47000122070312,1034600,0.0,0.0
2025-03-21 00:00:00-04:00,68.79000091552734,70.52999877929688,68.33999633789062,70.37999725341797,1122300,0.0,0.0
2025-03-24 00:00:00-04:00,71.7699966430664,72.31500244140625,71.25,71.95999908447266,529600,0.0,0.0
2025-03-25 00:00:00-04:00,71.93000030517578,73.19999694824219,71.93000030517578,72.3499984741211,599300,0.0,0.0
2025-03-26 00:00:00-04:00,72.41999816894531,72.61000061035156,69.87999725341797,69.97000122070312,597500,0.0,0.0
2025-03-27 00:00:00-04:00,69.5,70.30999755859375,67.97000122070312,69.27999877929688,1242000,0.0,0.0
2025-03-28 00:00:00-04:00,68.81999969482422,69.08100128173828,66.22000122070312,66.80000305175781,1246200,0.0,0.0
2025-03-31 00:00:00-04:00,64.55999755859375,66.5999984741211,63.630001068115234,66.0199966430664,1176100,0.0,0.0
2025-04-01 00:00:00-04:00,66.19000244140625,67.83000183105469,65.80000305175781,67.62999725341797,1243500,0.0,0.0
2025-04-02 00:00:00-04:00,65.93000030517578,69.98999786376953,65.59500122070312,68.97000122070312,1155700,0.0,0.0
2025-04-03 00:00:00-04:00,63.77000045776367,64.625,60.83000183105469,62.060001373291016,2747000,0.0,0.0
2025-04-04 00:00:00-04:00,59.650001525878906,60.04999923706055,55.400001525878906,57.31999969482422,2503900,0.0,0.0
2025-04-07 00:00:00-04:00,55.0,61.180999755859375,53.709999084472656,58.13999938964844,1761900,0.0,0.0
2025-04-08 00:00:00-04:00,60.5,60.89500045776367,55.310001373291016,56.290000915527344,2749800,0.0,0.0
2025-04-09 00:00:00-04:00,55.400001525878906,64.83000183105469,55.400001525878906,63.849998474121094,2619600,0.0,0.0
2025-04-10 00:00:00-04:00,62.040000915527344,62.68000030517578,58.45000076293945,60.7400016784668,1948100,0.0,0.0
2025-04-11 00:00:00-04:00,60.720001220703125,61.06999969482422,58.2599983215332,60.599998474121094,1305900,0.0,0.0
2025-04-14 00:00:00-04:00,61.34000015258789,62.279998779296875,59.11000061035156,60.529998779296875,1187500,0.0,0.0
2025-04-15 00:00:00-04:00,60.560001373291016,62.5,60.20000076293945,60.599998474121094,869000,0.0,0.0
2025-04-16 00:00:00-04:00,59.36000061035156,61.029998779296875,58.810001373291016,59.86000061035156,962900,0.0,0.0
2025-04-17 00:00:00-04:00,59.4900016784668,59.494998931884766,57.94499969482422,58.349998474121094,1030900,0.0,0.0
2025-04-21 00:00:00-04:00,57.290000915527344,58.20000076293945,55.36000061035156,56.2599983215332,1173400,0.0,0.0
2025-04-22 00:00:00-04:00,57.0099983215332,57.970001220703125,56.040000915527344,57.22999954223633,1214500,0.0,0.0
2025-04-23 00:00:00-04:00,60.02000045776367,63.435001373291016,59.97999954223633,60.279998779296875,2312700,0.0,0.0
2025-04-24 00:00:00-04:00,60.77000045776367,63.43299865722656,60.654998779296875,62.9900016784668,1730000,0.0,0.0
2025-04-25 00:00:00-04:00,62.65999984741211,64.30999755859375,62.59000015258789,63.7400016784668,1082200,0.0,0.0
2025-04-28 00:00:00-04:00,64.05999755859375,64.87999725341797,62.380001068115234,63.68000030517578,1095500,0.0,0.0
2025-04-29 00:00:00-04:00,63.439998626708984,64.79000091552734,62.7599983215332,63.9900016784668,1065000,0.0,0.0
2025-04-30 00:00:00-04:00,62.2400016784668,64.125,61.88999938964844,64.08999633789062,915700,0.0,0.0
2025-05-01 00:00:00-04:00,64.86000061035156,65.58999633789062,63.09000015258789,63.209999084472656,1985500,0.0,0.0
2025-05-02 00:00:00-04:00,64.75499725341797,65.5999984741211,62.97999954223633,64.8499984741211,1948600,0.0,0.0
2025-05-05 00:00:00-04:00,64.0,66.36000061035156,63.775001525878906,64.6500015258789,1410500,0.0,0.0
2025-05-06 00:00:00-04:00,63.66999816894531,65.56999969482422,63.15999984741211,64.1500015258789,1238000,0.0,0.0
2025-05-07 00:00:00-04:00,64.48999786376953,65.33000183105469,63.880001068115234,64.47000122070312,1430300,0.0,0.0
2025-05-08 00:00:00-04:00,65.33999633789062,66.9800033569336,64.8499984741211,66.4000015258789,759000,0.0,0.0
2025-05-09 00:00:00-04:00,66.66999816894531,67.30000305175781,65.0,65.62999725341797,1051900,0.0,0.0
2025-05-12 00:00:00-04:00,69.08999633789062,72.44000244140625,68.6050033569336,72.20999908447266,2562000,0.0,0.0
2025-05-13 00:00:00-04:00,72.52999877929688,73.23999786376953,71.83000183105469,72.4000015258789,1327300,0.0,0.0
2025-05-14 00:00:00-04:00,72.2699966430664,72.63999938964844,71.00499725341797,71.83999633789062,1222400,0.0,0.0
2025-05-15 00:00:00-04:00,71.58999633789062,72.31999969482422,69.69999694824219,71.43000030517578,1063500,0.0,0.0
2025-05-16 00:00:00-04:00,71.56999969482422,71.88999938964844,70.80999755859375,71.08000183105469,767600,0.0,0.0
2025-05-19 00:00:00-04:00,69.8499984741211,70.47000122070312,69.8499984741211,69.94000244140625,627100,0.0,0.0
2025-05-20 00:00:00-04:00,69.25,69.67500305175781,68.43000030517578,69.62999725341797,960000,0.0,0.0
2025-05-21 00:00:00-04:00,68.98999786376953,69.68000030517578,66.70999908447266,67.30999755859375,1000500,0.0,0.0
2025-05-22 00:00:00-04:00,67.66999816894531,68.19999694824219,66.80000305175781,67.66999816894531,958900,0.0,0.0
2025-05-23 00:00:00-04:00,66.08000183105469,68.16000366210938,66.06999969482422,67.27999877929688,1188700,0.0,0.0
2025-05-27 00:00:00-04:00,68.68000030517578,68.70999908447266,67.62999725341797,68.18000030517578,879600,0.0,0.0
2025-05-28 00:00:00-04:00,68.44000244140625,68.5,67.1500015258789,67.29000091552734,865100,0.0,0.0
2025-05-29 00:00:00-04:00,68.2699966430664,68.2699966430664,66.5999984741211,67.25,601500,0.0,0.0
2025-05-30 00:00:00-04:00,67.04000091552734,67.5999984741211,66.16000366210938,67.16999816894531,971100,0.0,0.0
2025-06-02 00:00:00-04:00,67.04000091552734,67.93000030517578,64.4000015258789,65.66999816894531,1356000,0.0,0.0
2025-06-03 00:00:00-04:00,65.70999908447266,67.44999694824219,65.36499786376953,67.33999633789062,1188200,0.0,0.0
2025-06-04 00:00:00-04:00,67.51000213623047,67.94000244140625,66.81999969482422,67.31999969482422,874700,0.0,0.0
2025-06-05 00:00:00-04:00,67.58000183105469,68.77999877929688,67.11000061035156,67.9800033569336,793100,0.0,0.0
2025-06-06 00:00:00-04:00,69.25,69.25,67.36000061035156,67.86000061035156,874600,0.0,0.0
2025-06-09 00:00:00-04:00,68.4000015258789,68.45999908447266,67.47000122070312,67.52999877929688,814900,0.0,0.0
2025-06-10 00:00:00-04:00,67.94999694824219,68.0199966430664,66.8499984741211,67.13999938964844,756100,0.0,0.0
2025-06-11 00:00:00-04:00,67.3499984741211,67.51000213623047,65.91999816894531,66.01000213623047,681800,0.0,0.0
2025-06-12 00:00:00-04:00,65.58000183105469,66.37000274658203,64.9749984741211,65.31999969482422,982300,0.0,0.0
2025-06-13 00:00:00-04:00,63.84000015258789,66.12000274658203,63.84000015258789,64.18000030517578,1568000,0.0,0.0
2025-06-16 00:00:00-04:00,65.33999633789062,66.05000305175781,64.5999984741211,65.6500015258789,993200,0.0,0.0
2025-06-17 00:00:00-04:00,65.08999633789062,67.55000305175781,64.80999755859375,66.68000030517578,1403100,0.0,0.0
2025-06-18 00:00:00-04:00,67.7300033569336,67.7300033569336,65.87000274658203,66.33999633789062,844900,0.0,0.0
2025-06-20 00:00:00-04:00,66.87999725341797,67.51000213623047,65.83000183105469,66.58999633789062,1685100,0.0,0.0
2025-06-23 00:00:00-04:00,65.94000244140625,67.0999984741211,65.0,66.18000030517578,1434200,0.0,0.0
2025-06-24 00:00:00-04:00,67.13999938964844,68.99500274658203,66.87999725341797,68.31999969482422,843600,0.0,0.0
2025-06-25 00:00:00-04:00,68.5999984741211,69.16999816894531,67.45999908447266,67.51000213623047,940500,0.0,0.0
2025-06-26 00:00:00-04:00,67.91000366210938,68.05999755859375,66.78700256347656,67.88999938964844,743900,0.0,0.0
2025-06-27 00:00:00-04:00,68.26000213623047,69.45500183105469,67.69999694824219,67.86000061035156,1758500,0.0,0.0
2025-06-30 00:00:00-04:00,68.55999755859375,68.88800048828125,67.5999984741211,68.41999816894531,978300,0.0,0.0
2025-07-01 00:00:00-04:00,68.20999908447266,70.37999725341797,67.4800033569336,69.68000030517578,1698500,0.0,0.0
2025-07-02 00:00:00-04:00,68.76000213623047,70.86000061035156,68.76000213623047,70.3499984741211,1214900,0.0,0.0
2025-07-03 00:00:00-04:00,71.29000091552734,73.11000061035156,70.47000122070312,73.11000061035156,990800,0.0,0.0
2025-07-07 00:00:00-04:00,72.29000091552734,73.05999755859375,71.25,71.5199966430664,1155100,0.0,0.0
2025-07-08 00:00:00-04:00,71.5,72.93000030517578,71.49500274658203,72.16000366210938,928600,0.0,0.0
2025-07-09 00:00:00-04:00,72.58000183105469,73.69999694824219,71.81999969482422,73.16000366210938,1780000,0.0,0.0
2025-07-10 00:00:00-04:00,73.16000366210938,75.0999984741211,71.30000305175781,72.93000030517578,1894400,0.0,0.0
2025-07-11 00:00:00-04:00,71.81999969482422,72.9800033569336,70.91999816894531,71.56999969482422,1398200,0.0,0.0
2025-07-14 00:00:00-04:00,71.5999984741211,73.0199966430664,71.36499786376953,71.55999755859375,1475800,0.0,0.0
2025-07-15 00:00:00-04:00,71.81999969482422,72.2699966430664,70.29000091552734,70.9000015258789,1567800,0.0,0.0
2025-07-16 00:00:00-04:00,71.0,72.22000122070312,70.2300033569336,71.98999786376953,995300,0.0,0.0
2025-07-17 00:00:00-04:00,72.05000305175781,73.30000305175781,71.79000091552734,73.23999786376953,1457600,0.0,0.0
2025-07-18 00:00:00-04:00,73.91999816894531,74.87000274658203,73.18000030517578,74.12999725341797,1184700,0.0,0.0
2025-07-21 00:00:00-04:00,74.3499984741211,75.19999694824219,73.18000030517578,73.43000030517578,842300,0.0,0.0
2025-07-22 00:00:00-04:00,73.62999725341797,74.77999877929688,73.11000061035156,74.05999755859375,1971500,0.0,0.0
2025-07-23 00:00:00-04:00,74.58000183105469,75.13999938964844,73.36000061035156,74.75,776600,0.0,0.0
2025-07-24 00:00:00-04:00,74.05999755859375,74.73999786376953,73.45500183105469,74.30999755859375,712700,0.0,0.0
2025-07-25 00:00:00-04:00,74.69000244140625,76.31999969482422,74.01000213623047,75.61000061035156,1060800,0.0,0.0
2025-07-28 00:00:00-04:00,76.0,77.36000061035156,75.61000061035156,76.63999938964844,1891400,0.0,0.0
2025-07-29 00:00:00-04:00,77.0,77.88999938964844,74.93000030517578,76.30000305175781,2130300,0.0,0.0
2025-07-30 00:00:00-04:00,76.5,76.81999969482422,73.58000183105469,74.51000213623047,1318700,0.0,0.0
2025-07-31 00:00:00-04:00,73.75,73.75,71.30999755859375,71.62999725341797,2352200,0.0,0.0
2025-08-01 00:00:00-04:00,66.16000366210938,68.2699966430664,61.72999954223633,62.040000915527344,7116300,0.0,0.0
2025-08-04 00:00:00-04:00,63.97999954223633,65.29000091552734,62.68000030517578,62.9900016784668,4847100,0.0,0.0
2025-08-05 00:00:00-04:00,63.54999923706055,64.77999877929688,62.45000076293945,64.0999984741211,8163700,0.0,0.0
2025-08-06 00:00:00-04:00,64.08000183105469,64.83000183105469,62.70000076293945,63.66999816894531,2369300,0.0,0.0
2025-08-07 00:00:00-04:00,64.66000366210938,64.66000366210938,62.27000045776367,64.33000183105469,1943100,0.0,0.0
2025-08-08 00:00:00-04:00,64.95999908447266,64.9800033569336,62.01499938964844,62.31999969482422,1860500,0.0,0.0
2025-08-11 00:00:00-04:00,62.290000915527344,63.07500076293945,60.54999923706055,61.619998931884766,2378500,0.0,0.0
2025-08-12 00:00:00-04:00,61.95000076293945,63.33000183105469,61.13999938964844,62.93000030517578,1579000,0.0,0.0
2025-08-13 00:00:00-04:00,63.27000045776367,65.80999755859375,62.599998474121094,65.68000030517578,1685500,0.0,0.0
2025-08-14 00:00:00-04:00,64.87999725341797,65.36000061035156,63.720001220703125,64.66000366210938,1429400,0.0,0.0
2025-08-15 00:00:00-04:00,64.77999877929688,65.80000305175781,64.68000030517578,65.26000213623047,1390800,0.0,0.0
2025-08-18 00:00:00-04:00,65.26000213623047,66.13999938964844,65.26000213623047,66.11000061035156,737100,0.0,0.0
2025-08-19 00:00:00-04:00,66.22000122070312,66.9800033569336,65.2699966430664,65.33999633789062,894900,0.0,0.0
2025-08-20 00:00:00-04:00,64.98999786376953,65.5,63.81999969482422,64.30000305175781,1538500,0.0,0.0
2025-08-21 00:00:00-04:00,63.849998474121094,64.81999969482422,63.34000015258789,64.68000030517578,1480400,0.0,0.0
2025-08-22 00:00:00-04:00,64.80000305175781,68.87999725341797,64.68499755859375,67.80999755859375,2906300,0.0,0.0
2025-08-25 00:00:00-04:00,67.83999633789062,67.83999633789062,66.41999816894531,66.45999908447266,1382300,0.0,0.0
2025-08-26 00:00:00-04:00,66.4800033569336,67.3499984741211,65.37000274658203,65.37000274658203,2106900,0.0,0.0
2025-08-27 00:00:00-04:00,65.6500015258789,67.91999816894531,65.6500015258789,67.79000091552734,1218800,0.0,0.0
2025-08-28 00:00:00-04:00,68.2300033569336,70.02999877929688,67.9000015258789,69.87999725341797,1029400,0.0,0.0
2025-08-29 00:00:00-04:00,69.8499984741211,70.48999786376953,69.22000122070312,69.51000213623047,1087900,0.0,0.0
2025-09-02 00:00:00-04:00,67.91999816894531,68.77999877929688,67.20999908447266,67.62999725341797,1696500,0.0,0.0
2025-09-03 00:00:00-04:00,67.66999816894531,68.66999816894531,67.125,68.62000274658203,1296300,0.0,0.0
2025-09-04 00:00:00-04:00,67.98999786376953,69.66000366210938,67.19999694824219,69.16999816894531,1044900,0.0,0.0
2025-09-05 00:00:00-04:00,69.9000015258789,71.66999816894531,69.41000366210938,70.12999725341797,2090900,0.0,0.0
2025-09-08 00:00:00-04:00,70.18000030517578,71.01499938964844,69.45999908447266,70.87000274658203,1359300,0.0,0.0
2025-09-09 00:00:00-04:00,70.91000366210938,71.0,69.44000244140625,70.02999877929688,1241700,0.0,0.0
2025-09-10 00:00:00-04:00,70.08000183105469,70.83000183105469,68.33000183105469,68.41999816894531,1100600,0.0,0.0
2025-09-11 00:00:00-04:00,68.9800033569336,71.0250015258789,68.76000213623047,70.5999984741211,1294500,0.0,0.0
2025-09-12 00:00:00-04:00,70.58000183105469,71.0,69.55000305175781,69.5999984741211,1248400,0.0,0.0
2025-09-15 00:00:00-04:00,69.87000274658203,71.29000091552734,69.57599639892578,71.01000213623047,888100,0.0,0.0
2025-09-16 00:00:00-04:00,71.02999877929688,71.8499984741211,70.11499786376953,71.72000122070312,1111400,0.0,0.0
2025-09-17 00:00:00-04:00,72.0,73.9800033569336,71.70999908447266,72.55999755859375,1212000,0.0,0.0
2025-09-18 00:00:00-04:00,73.58000183105469,74.38999938964844,71.56999969482422,72.68000030517578,1531900,0.0,0.0
2025-09-19 00:00:00-04:00,73.06999969482422,73.13999938964844,71.18000030517578,71.30999755859375,2291000,0.0,0.0
2025-09-22 00:00:00-04:00,71.0199966430664,71.20500183105469,70.1500015258789,70.41000366210938,1037800,0.0,0.0
2025-09-23 00:00:00-04:00,72.5,77.1449966430664,72.05999755859375,73.94000244140625,3787700,0.0,0.0
2025-09-24 00:00:00-04:00,73.56999969482422,74.77999877929688,72.16999816894531,72.72000122070312,2789600,0.0,0.0
2025-09-25 00:00:00-04:00,72.0,72.22000122070312,70.94000244140625,71.70999908447266,1760200,0.0,0.0
2025-09-26 00:00:00-04:00,72.0,73.62999725341797,71.44000244140625,73.38999938964844,1189200,0.0,0.0
2025-09-29 00:00:00-04:00,74.01000213623047,75.28500366210938,73.63500213623047,74.83999633789062,1081000,0.0,0.0
2025-09-30 00:00:00-04:00,75.0,75.0,71.06999969482422,72.91999816894531,1927300,0.0,0.0
2025-10-01 00:00:00-04:00,72.80000305175781,73.83499908447266,70.54000091552734,70.87999725341797,1960600,0.0,0.0
2025-10-02 00:00:00-04:00,71.23999786376953,72.37000274658203,70.29000091552734,71.7300033569336,1172900,0.0,0.0
2025-10-03 00:00:00-04:00,72.33999633789062,73.0999984741211,71.23999786376953,72.69000244140625,1253300,0.0,0.0
2025-10-06 00:00:00-04:00,73.0199966430664,74.48999786376953,71.82499694824219,73.13999938964844,754000,0.0,0.0
2025-10-07 00:00:00-04:00,73.13999938964844,73.5790023803711,69.63999938964844,71.41000366210938,793300,0.0,0.0
2025-10-08 00:00:00-04:00,72.27999877929688,74.52999877929688,71.70999908447266,74.44000244140625,955800,0.0,0.0
2025-10-09 00:00:00-04:00,74.4000015258789,75.61000061035156,73.69000244140625,74.7300033569336,1140600,0.0,0.0
2025-10-10 00:00:00-04:00,75.58000183105469,75.58000183105469,69.37000274658203,69.58999633789062,1341800,0.0,0.0
2025-10-13 00:00:00-04:00,70.58000183105469,72.0999984741211,69.40499877929688,71.7699966430664,952900,0.0,0.0
2025-10-14 00:00:00-04:00,70.9000015258789,73.2699966430664,69.91999816894531,72.2699966430664,625500,0.0,0.0
2025-10-15 00:00:00-04:00,72.5999984741211,73.20999908447266,71.83999633789062,72.75,657200,0.0,0.0
2025-10-16 00:00:00-04:00,73.58499908447266,75.44499969482422,70.25499725341797,70.62000274658203,649500,0.0,0.0
2025-10-17 00:00:00-04:00,69.91000366210938,71.25,69.52999877929688,70.04000091552734,1015300,0.0,0.0
2025-10-20 00:00:00-04:00,72.0,74.11000061035156,71.13999938964844,72.37999725341797,1059600,0.0,0.0
2025-10-21 00:00:00-04:00,72.33999633789062,75.12999725341797,71.79000091552734,74.66000366210938,931400,0.0,0.0
2025-10-22 00:00:00-04:00,73.94999694824219,74.8499984741211,72.31500244140625,72.58000183105469,1047300,0.0,0.0
2025-10-23 00:00:00-04:00,73.29000091552734,73.96499633789062,72.72000122070312,73.48999786376953,700700,0.0,0.0
2025-10-24 00:00:00-04:00,74.5199966430664,75.58499908447266,74.29000091552734,74.9800033569336,944100,0.0,0.0
2025-10-27 00:00:00-04:00,75.83000183105469,75.91000366210938,74.00499725341797,74.44999694824219,780900,0.0,0.0
2025-10-28 00:00:00-04:00,74.52999877929688,75.04499816894531,73.9800033569336,74.16000366210938,944700,0.0,0.0
2025-10-29 00:00:00-04:00,73.73999786376953,74.01499938964844,71.6449966430664,71.83999633789062,1379600,0.0,0.0
2025-10-30 00:00:00-04:00,71.52999877929688,73.64600372314453,71.11000061035156,72.0,1304500,0.0,0.0
2025-10-31 00:00:00-04:00,72.30000305175781,74.25,72.22000122070312,73.81999969482422,1251600,0.0,0.0
2025-11-03 00:00:00-05:00,73.88999938964844,75.0,72.95999908447266,74.19999694824219,1499100,0.0,0.0
2025-11-04 00:00:00-05:00,72.66000366210938,73.68000030517578,70.4800033569336,70.69000244140625,1320700,0.0,0.0
2025-11-05 00:00:00-05:00,71.36000061035156,72.22000122070312,70.04000091552734,71.54000091552734,2166200,0.0,0.0
2025-11-06 00:00:00-05:00,77.06999969482422,82.31500244140625,75.94999694824219,79.08999633789062,5101300,0.0,0.0
2025-11-07 00:00:00-05:00,78.48999786376953,79.91000366210938,76.61799621582031,79.5999984741211,1361300,0.0,0.0
2025-11-10 00:00:00-05:00,79.91000366210938,80.0,78.23999786376953,79.16000366210938,1488200,0.0,0.0
2025-11-11 00:00:00-05:00,79.0,79.6500015258789,78.4800033569336,78.8499984741211,1526200,0.0,0.0
2025-11-12 00:00:00-05:00,78.98999786376953,80.40499877929688,77.08999633789062,78.06999969482422,987900,0.0,0.0
2025-11-13 00:00:00-05:00,76.6500015258789,77.2300033569336,74.66000366210938,75.36000061035156,1867500,0.0,0.0
2025-11-14 00:00:00-05:00,73.87999725341797,77.04000091552734,73.55000305175781,75.48999786376953,1631200,0.0,0.0
2025-11-17 00:00:00-05:00,75.1500015258789,75.16000366210938,71.8949966430664,72.61000061035156,1168300,0.0,0.0
2025-11-18 00:00:00-05:00,71.61000061035156,73.4800033569336,71.0,73.06999969482422,1763100,0.0,0.0
2025-11-19 00:00:00-05:00,72.51000213623047,73.23999786376953,70.66000366210938,71.73999786376953,1507100,0.0,0.0
2025-11-20 00:00:00-05:00,73.19000244140625,73.98999786376953,69.37000274658203,69.48999786376953,1146700,0.0,0.0
2025-11-21 00:00:00-05:00,69.3499984741211,71.74500274658203,68.80000305175781,71.08999633789062,2117200,0.0,0.0
2025-11-24 00:00:00-05:00,71.48999786376953,72.7300033569336,70.91999816894531,72.16999816894531,1003400,0.0,0.0
2025-11-25 00:00:00-05:00,72.0,74.3499984741211,71.58000183105469,73.80999755859375,1277800,0.0,0.0
2025-11-26 00:00:00-05:00,73.79000091552734,75.30000305175781,73.6500015258789,73.83000183105469,896400,0.0,0.0
2025-11-28 00:00:00-05:00,73.9800033569336,74.52999877929688,73.37999725341797,74.05999755859375,500600,0.0,0.0
2025-12-01 00:00:00-05:00,73.30000305175781,76.27999877929688,73.24500274658203,75.13999938964844,1541900,0.0,0.0
2025-12-02 00:00:00-05:00,76.0,76.69999694824219,74.7699966430664,75.26000213623047,1053900,0.0,0.0
2025-12-03 00:00:00-05:00,75.02999877929688,76.0,74.36000061035156,75.91999816894531,1189100,0.0,0.0
2025-12-04 00:00:00-05:00,76.5,76.91999816894531,74.89299774169922,76.79000091552734,986900,0.0,0.0
2025-12-05 00:00:00-05:00,75.86000061035156,78.2300033569336,74.98999786376953,77.56999969482422,1802800,0.0,0.0
2025-12-08 00:00:00-05:00,77.5199966430664,78.13999938964844,76.3949966430664,77.48999786376953,1457900,0.0,0.0
2025-12-09 00:00:00-05:00,76.80999755859375,78.94000244140625,75.91999816894531,77.61000061035156,1363300,0.0,0.0
2025-12-10 00:00:00-05:00,77.58000183105469,78.5,76.66999816894531,76.94000244140625,1462400,0.0,0.0
2025-12-11 00:00:00-05:00,76.52999877929688,77.69999694824219,75.0,76.83000183105469,1082300,0.0,0.0
2025-12-12 00:00:00-05:00,76.20999908447266,76.32499694824219,74.0999984741211,74.44999694824219,1050500,0.0,0.0
2025-12-15 00:00:00-05:00,74.30000305175781,74.5250015258789,72.11000061035156,72.3499984741211,1398900,0.0,0.0
2025-12-16 00:00:00-05:00,72.23999786376953,73.19999694824219,71.47000122070312,72.26000213623047,1139500,0.0,0.0
2025-12-17 00:00:00-05:00,72.7699966430664,75.1500015258789,72.75499725341797,73.41000366210938,881800,0.0,0.0
2025-12-18 00:00:00-05:00,74.01000213623047,75.36000061035156,73.8499984741211,74.33999633789062,835200,0.0,0.0
2025-12-19 00:00:00-05:00,74.58000183105469,75.55000305175781,73.63999938964844,74.12999725341797,1577700,0.0,0.0
2025-12-22 00:00:00-05:00,74.41999816894531,76.12999725341797,74.41999816894531,75.1500015258789,912100,0.0,0.0
2025-12-23 00:00:00-05:00,74.86000061035156,75.26000213623047,73.54000091552734,74.30000305175781,535000,0.0,0.0
2025-12-24 00:00:00-05:00,74.6500015258789,75.11000061035156,73.93000030517578,74.2300033569336,351300,0.0,0.0
2025-12-26 00:00:00-05:00,74.33999633789062,74.76000213623047,73.72000122070312,74.52999877929688,449600,0.0,0.0
2025-12-29 00:00:00-05:00,74.6500015258789,74.83999633789062,73.69000244140625,74.12999725341797,606400,0.0,0.0
2025-12-30 00:00:00-05:00,73.80999755859375,74.55500030517578,73.16000366210938,73.7699966430664,603300,0.0,0.0
2025-12-31 00:00:00-05:00,73.8499984741211,73.8499984741211,72.72000122070312,72.73999786376953,867300,0.0,0.0
2026-01-02 00:00:00-05:00,72.98999786376953,73.49600219726562,69.0999984741211,70.04000091552734,1061400,0.0,0.0
2026-01-05 00:00:00-05:00,72.26000213623047,73.66000366210938,71.21499633789062,72.9000015258789,1220200,0.0,0.0
2026-01-06 00:00:00-05:00,72.70999908447266,74.69000244140625,71.2300033569336,74.5199966430664,986200,0.0,0.0
2026-01-07 00:00:00-05:00,74.7699966430664,75.22000122070312,73.7300033569336,74.62000274658203,888900,0.0,0.0
2026-01-08 00:00:00-05:00,74.41999816894531,75.10700225830078,72.64700317382812,73.76000213623047,923400,0.0,0.0
2026-01-09 00:00:00-05:00,74.4000015258789,75.05999755859375,73.05000305175781,73.41999816894531,1008400,0.0,0.0
2026-01-12 00:00:00-05:00,73.51000213623047,74.68499755859375,72.56999969482422,73.66000366210938,1014900,0.0,0.0
2026-01-13 00:00:00-05:00,73.27999877929688,74.0,71.55999755859375,72.04000091552734,1276400,0.0,0.0
2026-01-14 00:00:00-05:00,71.69000244140625,72.37999725341797,70.55999755859375,71.8499984741211,2382000,0.0,0.0
2026-01-15 00:00:00-05:00,72.37000274658203,73.18499755859375,70.22000122070312,70.9000015258789,1743300,0.0,0.0
2026-01-16 00:00:00-05:00,70.80999755859375,71.65499877929688,67.3499984741211,68.25,2285400,0.0,0.0
2026-01-20 00:00:00-05:00,66.30999755859375,68.20999908447266,64.23999786376953,64.44000244140625,2150400,0.0,0.0
2026-01-21 00:00:00-05:00,64.62000274658203,65.0199966430664,62.91999816894531,62.959999084472656,2191800,0.0,0.0
2026-01-22 00:00:00-05:00,63.5,65.05000305175781,63.19499969482422,65.01000213623047,1640400,0.0,0.0
2026-01-23 00:00:00-05:00,65.44999694824219,65.86000061035156,64.63999938964844,65.63999938964844,1521500,0.0,0.0
2026-01-26 00:00:00-05:00,65.7699966430664,67.26000213623047,65.72000122070312,65.79000091552734,1581300,0.0,0.0
2026-01-27 00:00:00-05:00,65.93000030517578,65.93000030517578,62.95000076293945,63.150001525878906,1905400,0.0,0.0
2026-01-28 00:00:00-05:00,63.86000061035156,64.08999633789062,62.13999938964844,62.20000076293945,2981200,0.0,0.0
2026-01-29 00:00:00-05:00,61.2400016784668,61.2400016784668,56.5099983215332,56.790000915527344,3216000,0.0,0.0
2026-01-30 00:00:00-05:00,56.689998626708984,57.81999969482422,55.67499923706055,56.4900016784668,3507200,0.0,0.0
2026-02-02 00:00:00-05:00,55.54999923706055,57.79999923706055,55.369998931884766,56.599998474121094,3190600,0.0,0.0
2026-02-03 00:00:00-05:00,55.54999923706055,55.54999923706055,50.46500015258789,50.959999084472656,7799200,0.0,0.0
2026-02-04 00:00:00-05:00,50.20000076293945,53.27000045776367,49.39500045776367,53.130001068115234,6261000,0.0,0.0
2026-02-05 00:00:00-05:00,52.380001068115234,54.209999084472656,51.22999954223633,51.709999084472656,2958400,0.0,0.0
2026-02-06 00:00:00-05:00,52.66999816894531,54.06999969482422,50.5099983215332,51.290000915527344,5115100,0.0,0.0
2026-02-09 00:00:00-05:00,50.7400016784668,51.20000076293945,49.5099983215332,50.5,2470700,0.0,0.0
2026-02-10 00:00:00-05:00,51.470001220703125,53.5,50.90999984741211,52.45000076293945,2683200,0.0,0.0
2026-02-11 00:00:00-05:00,51.95000076293945,52.13999938964844,48.099998474121094,48.63999938964844,3650700,0.0,0.0
2026-02-12 00:00:00-05:00,48.63999938964844,49.63600158691406,46.08000183105469,47.880001068115234,3950400,0.0,0.0
2026-02-13 00:00:00-05:00,52.45000076293945,55.849998474121094,50.61000061035156,52.34000015258789,6077300,0.0,0.0
2026-02-17 00:00:00-05:00,52.41999816894531,53.13999938964844,50.529998779296875,52.209999084472656,3136900,0.0,0.0
2026-02-18 00:00:00-05:00,53.150001525878906,53.63800048828125,52.08100128173828,53.060001373291016,2013700,0.0,0.0
2026-02-19 00:00:00-05:00,53.0,53.55500030517578,50.79999923706055,52.02000045776367,3211800,0.0,0.0
2026-02-20 00:00:00-05:00,51.91999816894531,54.47999954223633,51.5099983215332,52.34000015258789,3139900,0.0,0.0
2026-02-23 00:00:00-05:00,51.349998474121094,51.349998474121094,48.18000030517578,48.86000061035156,2755700,0.0,0.0
2026-02-24 00:00:00-05:00,49.84000015258789,51.66999816894531,48.849998474121094,50.88999938964844,1965600,0.0,0.0
2026-02-25 00:00:00-05:00,51.38999938964844,52.939998626708984,49.97999954223633,52.79999923706055,2815300,0.0,0.0
2026-02-26 00:00:00-05:00,53.029998779296875,56.02000045776367,52.95000076293945,55.810001373291016,2703100,0.0,0.0
2026-02-27 00:00:00-05:00,54.13999938964844,55.119998931884766,53.14699935913086,55.040000915527344,2149100,0.0,0.0
2026-03-02 00:00:00-05:00,54.34000015258789,56.18000030517578,53.65999984741211,55.72999954223633,1897400,0.0,0.0
2026-03-03 00:00:00-05:00,54.459999084472656,57.275001525878906,53.244998931884766,56.5,2055200,0.0,0.0
2026-03-04 00:00:00-05:00,56.20000076293945,57.9900016784668,55.810001373291016,57.90999984741211,3252900,0.0,0.0
2026-03-05 00:00:00-05:00,57.70000076293945,59.66999816894531,57.70000076293945,59.27000045776367,2453800,0.0,0.0
2026-03-06 00:00:00-05:00,58.970001220703125,59.349998474121094,57.459999084472656,58.93000030517578,2445600,0.0,0.0
2026-03-09 00:00:00-04:00,57.97999954223633,59.029998779296875,56.7599983215332,58.709999084472656,5012100,0.0,0.0
2026-03-10 00:00:00-04:00,58.40999984741211,58.900001525878906,56.255001068115234,57.41999816894531,2069700,0.0,0.0
2026-03-11 00:00:00-04:00,56.869998931884766,57.880001068115234,54.68000030517578,56.09000015258789,3598200,0.0,0.0
2026-03-12 00:00:00-04:00,55.88999938964844,58.0,55.04999923706055,57.029998779296875,2806900,0.0,0.0
2026-03-13 00:00:00-04:00,57.130001068115234,57.849998474121094,55.54999923706055,57.150001525878906,1942200,0.0,0.0
2026-03-16 00:00:00-04:00,57.08000183105469,57.720001220703125,56.58000183105469,56.77000045776367,2060800,0.0,0.0
2026-03-17 00:00:00-04:00,57.619998931884766,60.209999084472656,57.619998931884766,59.0,2073600,0.0,0.0
2026-03-18 00:00:00-04:00,57.83000183105469,59.60200119018555,57.310001373291016,58.7400016784668,1944000,0.0,0.0
2026-03-19 00:00:00-04:00,58.54999923706055,60.56999969482422,58.30500030517578,58.779998779296875,1765400,0.0,0.0
2026-03-20 00:00:00-04:00,57.91999816894531,59.060001373291016,56.75,58.130001068115234,2729600,0.0,0.0
2026-03-23 00:00:00-04:00,58.33000183105469,59.66999816894531,57.54999923706055,58.790000915527344,2126900,0.0,0.0
2026-03-24 00:00:00-04:00,58.02000045776367,58.119998931884766,55.40999984741211,56.869998931884766,1471600,0.0,0.0
2026-03-25 00:00:00-04:00,57.83000183105469,59.04399871826172,55.77000045776367,55.939998626708984,1757100,0.0,0.0
2026-03-26 00:00:00-04:00,55.61000061035156,58.40999984741211,55.08000183105469,57.52000045776367,1146000,0.0,0.0
2026-03-27 00:00:00-04:00,56.08000183105469,56.45000076293945,53.34000015258789,54.27000045776367,2148600,0.0,0.0
2026-03-30 00:00:00-04:00,55.0,57.029998779296875,55.0,55.7599983215332,1532600,0.0,0.0
2026-03-31 00:00:00-04:00,56.25,57.88999938964844,55.310001373291016,57.0,1010800,0.0,0.0
2026-04-01 00:00:00-04:00,57.11000061035156,57.5,55.130001068115234,57.34000015258789,1840900,0.0,0.0
2026-04-02 00:00:00-04:00,57.150001525878906,59.051998138427734,56.40999984741211,58.02000045776367,1637600,0.0,0.0
2026-04-06 00:00:00-04:00,57.779998779296875,58.08000183105469,56.38999938964844,57.2400016784668,1179900,0.0,0.0
2026-04-07 00:00:00-04:00,57.04999923706055,57.880001068115234,55.75,55.939998626708984,1080400,0.0,0.0
2026-04-08 00:00:00-04:00,58.04999923706055,58.27000045776367,54.439998626708984,54.68000030517578,2302300,0.0,0.0
2026-04-09 00:00:00-04:00,54.31999969482422,54.31999969482422,49.84000015258789,49.91999816894531,3436800,0.0,0.0
2026-04-10 00:00:00-04:00,49.70000076293945,49.9900016784668,46.63999938964844,47.189998626708984,4176800,0.0,0.0
2026-04-13 00:00:00-04:00,47.31999969482422,50.54999923706055,46.959999084472656,50.38999938964844,3102600,0.0,0.0
2026-04-14 00:00:00-04:00,50.994998931884766,51.790000915527344,49.119998931884766,49.599998474121094,2343400,0.0,0.0
2026-04-15 00:00:00-04:00,50.34000015258789,53.029998779296875,49.459999084472656,52.38999938964844,3406500,0.0,0.0
2026-04-16 00:00:00-04:00,53.91999816894531,54.150001525878906,52.56999969482422,53.650001525878906,2107600,0.0,0.0
2026-04-17 00:00:00-04:00,54.86000061035156,55.599998474121094,54.099998474121094,55.439998626708984,1906000,0.0,0.0
2026-04-20 00:00:00-04:00,55.08000183105469,56.220001220703125,54.74300003051758,55.709999084472656,1580900,0.0,0.0
2026-04-21 00:00:00-04:00,56.0099983215332,58.380001068115234,55.4900016784668,56.18000030517578,1452400,0.0,0.0
2026-04-22 00:00:00-04:00,56.790000915527344,57.5,55.959999084472656,56.849998474121094,1324300,0.0,0.0
2026-04-23 00:00:00-04:00,54.849998474121094,55.349998474121094,52.22999954223633,53.400001525878906,2046600,0.0,0.0
2026-04-24 00:00:00-04:00,53.540000915527344,55.810001373291016,53.0099983215332,55.400001525878906,1780500,0.0,0.0
2026-04-27 00:00:00-04:00,55.209999084472656,56.70000076293945,54.935001373291016,55.650001525878906,1831500,0.0,0.0
2026-04-28 00:00:00-04:00,56.38999938964844,57.36000061035156,54.68000030517578,55.529998779296875,2398300,0.0,0.0
2026-04-29 00:00:00-04:00,55.93000030517578,56.040000915527344,54.75,55.97999954223633,2562900,0.0,0.0
2026-04-30 00:00:00-04:00,55.41999816894531,56.63999938964844,54.5,56.58000183105469,1981700,0.0,0.0
2026-05-01 00:00:00-04:00,58.11000061035156,60.31999969482422,57.41999816894531,59.31999969482422,2372800,0.0,0.0
2026-05-04 00:00:00-04:00,59.290000915527344,62.16999816894531,59.290000915527344,62.099998474121094,4108200,0.0,0.0
2026-05-05 00:00:00-04:00,53.36000061035156,56.08000183105469,51.8849983215332,54.689998626708984,7317100,0.0,0.0
2026-05-06 00:00:00-04:00,54.025001525878906,54.28499984741211,52.09000015258789,52.959999084472656,4929600,0.0,0.0
2026-05-07 00:00:00-04:00,54.099998474121094,55.0,52.66999816894531,53.5099983215332,4359500,0.0,0.0
2026-05-08 00:00:00-04:00,52.4900016784668,53.470001220703125,51.95000076293945,53.279998779296875,2777700,0.0,0.0
2026-05-11 00:00:00-04:00,52.689998626708984,53.38999938964844,49.58000183105469,50.099998474121094,2572200,0.0,0.0
2026-05-12 00:00:00-04:00,50.20000076293945,50.375,47.97999954223633,48.09000015258789,2713400,0.0,0.0
2026-05-13 00:00:00-04:00,47.310001373291016,47.470001220703125,45.540000915527344,45.9900016784668,2852900,0.0,0.0
2026-05-14 00:00:00-04:00,45.9900016784668,47.04999923706055,45.02000045776367,46.54999923706055,2960700,0.0,0.0
2026-05-15 00:00:00-04:00,47.11000061035156,47.790000915527344,46.310001373291016,46.33000183105469,2265100,0.0,0.0
2026-05-18 00:00:00-04:00,46.08000183105469,48.619998931884766,45.79999923706055,47.900001525878906,1885900,0.0,0.0
2026-05-19 00:00:00-04:00,49.11000061035156,49.84000015258789,46.97999954223633,47.369998931884766,2242300,0.0,0.0
2026-05-20 00:00:00-04:00,46.709999084472656,47.560001373291016,45.16999816894531,47.540000915527344,2098400,0.0,0.0
2026-05-21 00:00:00-04:00,46.619998931884766,46.880001068115234,45.31999969482422,46.380001068115234,2392200,0.0,0.0
2026-05-22 00:00:00-04:00,46.599998474121094,47.48400115966797,46.029998779296875,46.849998474121094,2684500,0.0,0.0
2026-05-26 00:00:00-04:00,46.459999084472656,48.224998474121094,45.970001220703125,47.560001373291016,1662900,0.0,0.0
2026-05-27 00:00:00-04:00,47.15999984741211,48.84000015258789,46.57099914550781,46.880001068115234,1569800,0.0,0.0
2026-05-28 00:00:00-04:00,47.31999969482422,48.470001220703125,46.2599983215332,47.540000915527344,2323400,0.0,0.0
2026-05-29 00:00:00-04:00,47.619998931884766,50.11000061035156,47.369998931884766,49.4900016784668,2228200,0.0,0.0
2026-06-01 00:00:00-04:00,51.27000045776367,55.25,50.0,55.22999954223633,3920600,0.0,0.0
2026-06-02 00:00:00-04:00,53.63999938964844,54.220001220703125,51.70000076293945,52.70000076293945,2786300,0.0,0.0
2026-06-03 00:00:00-04:00,51.7599983215332,51.7599983215332,49.45000076293945,50.650001525878906,1458600,0.0,0.0
2026-06-04 00:00:00-04:00,51.869998931884766,52.66999816894531,50.45500183105469,50.70000076293945,1118700,0.0,0.0
2026-06-05 00:00:00-04:00,50.939998626708984,52.0,48.255001068115234,48.56999969482422,1426700,0.0,0.0
2026-06-08 00:00:00-04:00,48.6150016784668,48.6150016784668,47.0,47.40999984741211,1831200,0.0,0.0
2026-06-09 00:00:00-04:00,46.34000015258789,47.619998931884766,44.70000076293945,45.7400016784668,2858200,0.0,0.0
2026-06-10 00:00:00-04:00,44.41999816894531,45.72800064086914,43.48500061035156,43.540000915527344,2520900,0.0,0.0
2026-06-11 00:00:00-04:00,42.849998474121094,43.31999969482422,41.70000076293945,42.20000076293945,3257900,0.0,0.0
2026-06-12 00:00:00-04:00,42.20000076293945,42.58000183105469,40.744998931884766,42.36000061035156,3323900,0.0,0.0
2026-06-15 00:00:00-04:00,42.810001373291016,43.404998779296875,42.220001220703125,42.400001525878906,2078400,0.0,0.0
2026-06-16 00:00:00-04:00,42.2400016784668,42.65999984741211,40.869998931884766,41.810001373291016,3466100,0.0,0.0
2026-06-17 00:00:00-04:00,41.96500015258789,42.255001068115234,40.040000915527344,40.099998474121094,4179600,0.0,0.0
2026-06-18 00:00:00-04:00,39.7400016784668,40.31999969482422,38.7130012512207,39.9900016784668,2718400,0.0,0.0
2026-06-22 00:00:00-04:00,39.04999923706055,40.459999084472656,38.34000015258789,38.9900016784668,3443500,0.0,0.0
2026-06-23 00:00:00-04:00,39.75,39.75,38.58000183105469,38.93000030517578,2630600,0.0,0.0
2026-06-24 00:00:00-04:00,38.90999984741211,39.90999984741211,38.689998626708984,39.0,8518500,0.0,0.0
2026-06-25 00:00:00-04:00,38.7400016784668,39.41999816894531,38.029998779296875,38.29999923706055,3358300,0.0,0.0
2026-06-26 00:00:00-04:00,38.540000915527344,41.93000030517578,38.4900016784668,41.90999984741211,6302700,0.0,0.0
2026-06-29 00:00:00-04:00,42.77000045776367,43.5099983215332,40.900001525878906,41.0,3406500,0.0,0.0
2026-06-30 00:00:00-04:00,40.22999954223633,40.92499923706055,39.59000015258789,40.619998931884766,4079400,0.0,0.0
2026-07-01 00:00:00-04:00,41.91999816894531,43.31999969482422,41.63999938964844,42.13999938964844,3428400,0.0,0.0
2026-07-02 00:00:00-04:00,41.91999816894531,44.310001373291016,41.72999954223633,43.970001220703125,3795200,0.0,0.0
2026-07-06 00:00:00-04:00,43.130001068115234,44.689998626708984,42.90999984741211,44.040000915527344,3096100,0.0,0.0
2026-07-07 00:00:00-04:00,45.0,45.68000030517578,44.209999084472656,44.720001220703125,2504900,0.0,0.0
2026-07-08 00:00:00-04:00,43.900001525878906,44.29999923706055,43.099998474121094,43.849998474121094,2346300,0.0,0.0
2026-07-09 00:00:00-04:00,42.40999984741211,44.18000030517578,42.29999923706055,44.02000045776367,1627800,0.0,0.0
2026-07-10 00:00:00-04:00,45.2599983215332,45.439998626708984,43.2599983215332,43.33000183105469,1861800,0.0,0.0
2026-07-13 00:00:00-04:00,43.9900016784668,45.0,43.0099983215332,44.029998779296875,1773000,0.0,0.0
2026-07-14 00:00:00-04:00,41.83000183105469,44.040000915527344,41.20000076293945,43.040000915527344,1709400,0.0,0.0
2026-07-15 00:00:00-04:00,43.7599983215332,45.31999969482422,43.42499923706055,43.58000183105469,2877300,0.0,0.0
2026-07-16 00:00:00-04:00,44.220001220703125,45.439998626708984,42.72999954223633,45.130001068115234,4184000,0.0,0.0
2026-07-17 00:00:00-04:00,44.849998474121094,46.61000061035156,44.0,45.95000076293945,3720400,0.0,0.0
2026-07-20 00:00:00-04:00,44.939998626708984,46.779998779296875,44.83000183105469,46.27000045776367,3258900,0.0,0.0
2026-07-21 00:00:00-04:00,44.9900016784668,46.88999938964844,44.150001525878906,44.31999969482422,3162900,0.0,0.0
2026-07-22 00:00:00-04:00,43.86000061035156,44.400001525878906,41.03499984741211,41.650001525878906,4246400,0.0,0.0
2026-07-23 00:00:00-04:00,42.52000045776367,42.61000061035156,41.08000183105469,41.08000183105469,1206600,0.0,0.0
2026-07-24 00:00:00-04:00,42.150001525878906,43.143001556396484,41.689998626708984,42.83000183105469,1633100,0.0,0.0
2026-07-27 00:00:00-04:00,43.81999969482422,46.83000183105469,43.47999954223633,46.58000183105469,2543000,0.0,0.0
2026-07-28 00:00:00-04:00,47.0,49.15999984741211,47.0,48.84000015258789,3131900,0.0,0.0
2026-07-29 00:00:00-04:00,48.709999084472656,50.59000015258789,48.709999084472656,50.15999984741211,4173100,0.0,0.0
2026-07-30 00:00:00-04:00,56.0,56.0,50.0,53.790000915527344,7605900,0.0,0.0
2026-07-31 00:00:00-04:00,53.810001373291016,56.040000915527344,52.90010070800781,54.77000045776367,5342439,0.0,0.0
