Date,Open,High,Low,Close,Volume,Dividends,Stock Splits
2022-01-03 00:00:00-05:00,15.783951074028042,15.875612002683145,15.215656463282645,15.261486053466797,5900,0.0,0.0
2022-01-04 00:00:00-05:00,15.27981980121033,15.398977794115622,15.12399673461914,15.12399673461914,6000,0.0,0.0
2022-01-05 00:00:00-05:00,14.977338748094098,15.38064578520447,14.977338748094098,15.261486053466797,9000,0.0,0.0
2022-01-06 00:00:00-05:00,15.380647629964974,15.563967760975864,15.123997348605318,15.545635223388672,4600,0.0,0.0
2022-01-07 00:00:00-05:00,15.472307161479959,15.692294120788574,15.353149161117587,15.692294120788574,6300,0.0,0.0
2022-01-10 00:00:00-05:00,15.563968103144042,15.692294120788574,15.123997681100906,15.692294120788574,10600,0.0,0.0
2022-01-11 00:00:00-05:00,15.408141854883475,15.948939376257307,15.160659636110267,15.930606842041016,5000,0.0,0.0
2022-01-12 00:00:00-05:00,15.948939455967778,16.040600379220663,15.93977318881382,16.01310157775879,9500,0.0,0.0
2022-01-13 00:00:00-05:00,16.214757579364665,16.214757579364665,15.628128660880051,16.168926239013672,4200,0.0,0.0
2022-01-14 00:00:00-05:00,15.637293600518028,15.994771031739573,15.637293600518028,15.875611305236816,3700,0.0,0.0
2022-01-18 00:00:00-05:00,15.64646246167501,15.738123401498793,15.380647659301758,15.380647659301758,2600,0.0,0.0
2022-01-19 00:00:00-05:00,15.508971214294434,15.508971214294434,15.508971214294434,15.508971214294434,700,0.0,0.0
2022-01-20 00:00:00-05:00,15.472306343175747,15.756455422134941,15.389813423156738,15.389813423156738,2300,0.0,0.0
2022-01-21 00:00:00-05:00,15.215656144322072,15.316481590270996,15.123995217588426,15.316481590270996,1700,0.0,0.0
2022-01-24 00:00:00-05:00,14.986505394866981,14.986505394866981,14.381544823899146,14.436541557312012,4300,0.0,0.0
2022-01-25 00:00:00-05:00,14.326548095305553,14.519035339355469,14.17072504659165,14.519035339355469,5500,0.0,0.0
2022-01-26 00:00:00-05:00,14.354047160952632,15.169825790372215,14.234888298130386,14.665693283081055,5100,0.0,0.0
2022-01-27 00:00:00-05:00,14.528202995879466,14.76652072542265,14.207390600406457,14.427375793457031,4600,0.0,0.0
2022-01-28 00:00:00-05:00,14.454875488859765,14.454875488859765,14.25322194573309,14.344882011413574,4000,0.0,0.0
2022-01-31 00:00:00-05:00,14.097397668152452,14.748187837702794,14.097397668152452,14.70235824584961,2500,0.0,0.0
2022-02-01 00:00:00-05:00,14.711523942831489,15.096498489379883,14.519037543700795,15.096498489379883,2800,0.0,0.0
2022-02-02 00:00:00-05:00,15.105662704988486,15.45397387743559,15.068999383212708,15.417308807373047,4100,0.0,0.0
2022-02-03 00:00:00-05:00,15.490637840190335,15.573132502957797,14.720688819885254,14.720688819885254,5700,0.0,0.0
2022-02-04 00:00:00-05:00,14.839849472045898,15.563967197661528,14.839849472045898,14.839849472045898,4800,0.0,0.0
2022-02-07 00:00:00-05:00,15.188159381666852,15.30731912691041,14.968174176932973,15.215658187866211,4300,0.0,0.0
2022-02-08 00:00:00-05:00,15.298151927645542,15.69229271776053,15.215657262352316,15.683126449584961,8500,0.0,0.0
2022-02-09 00:00:00-05:00,15.398977279663086,15.67396007825982,15.307318095084389,15.398977279663086,3800,0.0,0.0
2022-02-10 00:00:00-05:00,15.490638811977265,15.490638811977265,14.821516948252919,15.307318687438965,9800,0.0,0.0
2022-02-11 00:00:00-05:00,15.29815248634045,15.508971417217046,15.169826475482862,15.389813423156738,4200,0.0,0.0
2022-02-14 00:00:00-05:00,15.14232935155363,15.655628147862599,15.105664277673801,15.307318687438965,9200,0.0,0.0
2022-02-15 00:00:00-05:00,15.490636538657228,16.54473278199171,15.444806951320086,16.41640853881836,29700,0.0,0.0
2022-02-16 00:00:00-05:00,16.333918419331265,17.23219186759173,15.353150292323699,17.085535049438477,16200,0.0,0.0
2022-02-17 00:00:00-05:00,16.508069265646807,17.42467498779297,16.508069265646807,17.42467498779297,22200,0.0,0.0
2022-02-18 00:00:00-05:00,17.323849944886064,18.267954585030175,16.819717434571245,17.553001403808594,58100,0.0,0.0
2022-02-22 00:00:00-05:00,17.498006304646832,17.59883351041224,16.590566697619057,17.40634536743164,25700,0.0,0.0
2022-02-23 00:00:00-05:00,17.232188170768687,17.323849099522235,16.599731433771485,17.250520706176758,8200,0.0,0.0
2022-02-24 00:00:00-05:00,16.874711330212236,17.406342583075098,16.60889657792415,17.103862762451172,19100,0.0,0.0
2022-02-25 00:00:00-05:00,17.3055161490393,17.39717707559435,16.737221551314153,16.95720672607422,11800,0.0,0.0
2022-02-28 00:00:00-05:00,16.764723591839118,17.287188701343194,16.764723591839118,17.23219108581543,17900,0.0,0.0
2022-03-01 00:00:00-05:00,17.213856219172,17.323847927606145,16.929707184429308,17.103862762451172,15100,0.0,0.0
2022-03-02 00:00:00-05:00,17.223026179133907,17.37884750811162,17.18636110293652,17.305519104003906,4900,0.0,0.0
2022-03-03 00:00:00-05:00,17.351347342393865,17.351347342393865,16.966372852688462,17.278018951416016,5000,0.0,0.0
2022-03-04 00:00:00-05:00,16.948041632155274,17.003037492581782,16.59056591695265,16.61806297302246,15700,0.0,0.0
2022-03-07 00:00:00-05:00,16.618060171831186,16.654725238126403,15.903108861940321,16.315580368041992,27500,0.0,0.0
2022-03-08 00:00:00-05:00,16.30642032080187,16.57223513117944,16.04060376213723,16.20559310913086,9300,0.0,0.0
2022-03-09 00:00:00-05:00,16.489738607311416,16.8472143201593,16.489738607311416,16.654727935791016,4900,0.0,0.0
2022-03-10 00:00:00-05:00,16.352247313519108,16.68222595495049,16.278918920788445,16.434741973876953,11000,0.0,0.0
2022-03-11 00:00:00-05:00,16.48974019517372,16.590567405239607,16.14143071684426,16.443910598754883,7100,0.0,0.0
2022-03-14 00:00:00-04:00,16.443908239176622,16.443908239176622,15.820616026910807,15.94894027709961,5700,0.0,0.0
2022-03-15 00:00:00-04:00,16.022270401995907,16.278920678406894,16.022270401995907,16.26975440979004,9200,0.0,0.0
2022-03-16 00:00:00-04:00,16.443912230407843,16.535573180627647,15.820619866857841,16.480575561523438,16800,0.0,0.0
2022-03-17 00:00:00-04:00,16.51723885812573,17.058036482935236,16.43474418666075,16.64556312561035,9100,0.0,0.0
2022-03-18 00:00:00-04:00,16.783055016839747,17.02137278161256,16.673063278198242,16.673063278198242,3400,0.0,0.0
2022-03-21 00:00:00-04:00,16.810552730740405,17.048870479991127,16.361416039251864,16.407245635986328,11500,0.0,0.0
2022-03-22 00:00:00-04:00,16.63639461681458,17.2138572393195,16.434741973876953,16.434741973876953,7700,0.0,0.0
2022-03-23 00:00:00-04:00,16.60890003726215,16.874714844914728,16.425578153973643,16.773887634277344,7100,0.0,0.0
2022-03-24 00:00:00-04:00,16.700556664952938,16.883878520078145,16.333914702989304,16.35224723815918,11000,0.0,0.0
2022-03-25 00:00:00-04:00,16.453077182150754,16.453077182150754,15.811452330301934,16.08643341064453,13000,0.0,0.0
2022-03-28 00:00:00-04:00,16.16892621841074,16.654727935791016,16.16892621841074,16.654727935791016,5300,0.0,0.0
2022-03-29 00:00:00-04:00,16.581399486657954,17.241355050181944,16.489738554652348,16.938875198364258,8200,0.0,0.0
2022-03-30 00:00:00-04:00,16.920539666753676,17.08552896549727,16.810547966448983,16.874710083007812,5300,0.0,0.0
2022-03-31 00:00:00-04:00,16.957209194639308,17.149695594968257,16.297253574285318,16.929710388183594,10200,0.0,0.0
2022-04-01 00:00:00-04:00,17.131362998006708,17.131362998006708,16.443908643733575,16.728055953979492,1700,0.0,0.0
2022-04-04 00:00:00-04:00,16.911376582132455,17.0580333604945,16.663892613038996,16.984704971313477,6400,0.0,0.0
2022-04-05 00:00:00-04:00,16.70055818342507,16.911378860473633,16.70055818342507,16.911378860473633,3200,0.0,0.0
2022-04-06 00:00:00-04:00,16.68222522985538,16.68222522985538,15.893943731048411,16.297250747680664,14300,0.0,0.0
2022-04-07 00:00:00-04:00,16.288084158324963,16.288084158324963,15.96727180480957,15.96727180480957,7300,0.0,0.0
2022-04-08 00:00:00-04:00,15.994768335204988,16.324745160635004,15.93977074072796,16.040597915649414,3800,0.0,0.0
2022-04-11 00:00:00-04:00,15.912276725732044,16.10476309824327,15.701456069946289,15.701456069946289,8500,0.0,0.0
2022-04-12 00:00:00-04:00,15.701458192179706,16.150596618652344,15.701458192179706,16.150596618652344,3700,0.0,0.0
2022-04-13 00:00:00-04:00,16.113931288360924,16.132263825536025,15.81145141811968,15.9214448928833,18300,0.0,0.0
2022-04-14 00:00:00-04:00,15.903109789003263,16.2330866634631,15.903109789003263,15.930606842041016,8000,0.0,0.0
2022-04-18 00:00:00-04:00,15.857279423680371,16.196424334285418,15.838948636629208,16.031435012817383,4400,0.0,0.0
2022-04-19 00:00:00-04:00,16.223923933631124,17.342182419833495,16.223923933631124,16.61806297302246,11300,0.0,0.0
2022-04-20 00:00:00-04:00,17.08553112724478,17.195524589752957,16.865545950515205,17.122196197509766,6400,0.0,0.0
2022-04-21 00:00:00-04:00,17.23219091038569,17.23219091038569,17.021371964536762,17.18636131286621,4300,0.0,0.0
2022-04-22 00:00:00-04:00,17.030539179702803,17.195528537197003,16.957210770626176,17.085535049438477,3800,0.0,0.0
2022-04-25 00:00:00-04:00,17.085535049438477,17.085535049438477,16.508074046495942,17.085535049438477,8900,0.0,0.0
2022-04-26 00:00:00-04:00,16.920543354708503,16.957208428325853,16.526404303043574,16.70972442626953,3400,0.0,0.0
2022-04-27 00:00:00-04:00,16.728056353287688,16.792218481492206,16.159759970943472,16.168926239013672,6700,0.0,0.0
2022-04-28 00:00:00-04:00,16.132263194166928,16.718890374515468,16.132263194166928,16.498905181884766,3900,0.0,0.0
2022-04-29 00:00:00-04:00,16.489738913655955,16.544734774741908,15.967273862622177,16.498905181884766,4400,0.0,0.0
2022-05-02 00:00:00-04:00,16.67306148749674,16.90221295805716,16.26975440979004,16.26975440979004,3200,0.0,0.0
2022-05-03 00:00:00-04:00,16.223924020097368,16.85638078909013,16.223924020097368,16.53557014465332,4200,0.0,0.0
2022-05-04 00:00:00-04:00,16.398076004568825,16.54473278199171,16.398076004568825,16.41640853881836,1800,0.0,0.0
2022-05-05 00:00:00-04:00,16.526403608265188,16.581399468092226,16.48973853618925,16.572233200073242,1600,0.0,0.0
2022-05-06 00:00:00-04:00,16.50807235779689,16.728057562523308,16.132264081186726,16.150596618652344,4800,0.0,0.0
2022-05-09 00:00:00-04:00,15.9214455488494,15.9214455488494,14.885679883513232,15.142330169677734,6000,0.0,0.0
2022-05-10 00:00:00-04:00,15.5089706936483,15.5089706936483,15.151494979858398,15.151494979858398,700,0.0,0.0
2022-05-11 00:00:00-04:00,15.151494873646907,15.151494873646907,14.59236476253142,14.867345809936523,2500,0.0,0.0
2022-05-12 00:00:00-04:00,14.894846152478433,15.142330169677734,14.7298568076789,15.142330169677734,5900,0.0,0.0
2022-05-13 00:00:00-04:00,15.105664758141392,15.105664758141392,14.58319967674436,15.096498489379883,9300,0.0,0.0
2022-05-16 00:00:00-04:00,15.527303803729327,15.527303803729327,14.995672473292373,15.12399673461914,7100,0.0,0.0
2022-05-17 00:00:00-04:00,15.765623000936698,16.416412384674675,15.133164407455897,16.04977035522461,17300,0.0,0.0
2022-05-18 00:00:00-04:00,15.49063666586051,15.783950223114857,15.49063666586051,15.71062183380127,4400,0.0,0.0
2022-05-19 00:00:00-04:00,15.490637109625203,15.719788551330566,15.444807520598832,15.719788551330566,2100,0.0,0.0
2022-05-20 00:00:00-04:00,15.518137279350032,15.536469815890602,14.977339689411577,14.995672225952148,4900,0.0,0.0
2022-05-23 00:00:00-04:00,15.343985349955503,15.848119735717773,15.307322016389286,15.848119735717773,6300,0.0,0.0
2022-05-24 00:00:00-04:00,15.41731065887309,15.435643196105957,15.087331981829363,15.435643196105957,3900,0.0,0.0
2022-05-25 00:00:00-04:00,15.270653545580014,15.490638743018852,15.224823951721191,15.224823951721191,5400,0.0,0.0
2022-05-26 00:00:00-04:00,15.58230046641339,15.62813006258803,15.078167915344238,15.078167915344238,8900,0.0,0.0
2022-05-27 00:00:00-04:00,15.304452370035824,15.627721185144551,14.657915620655027,15.600011825561523,3600,0.125,0.0
2022-05-31 00:00:00-04:00,15.61848413420471,15.840153717365318,15.544594273151173,15.710846900939941,12800,0.0,0.0
2022-06-01 00:00:00-04:00,15.70161091727288,15.70161091727288,15.424524370460915,15.673901557922363,7900,0.0,0.0
2022-06-02 00:00:00-04:00,15.73855783661907,17.2255916595459,15.433760147347135,17.2255916595459,38600,0.0,0.0
2022-06-03 00:00:00-04:00,16.357384577308643,16.985449347464375,16.292731161852632,16.819196701049805,4400,0.0,0.0
2022-06-06 00:00:00-04:00,16.865381004128036,16.865381004128036,16.080299946764928,16.17266273498535,2900,0.0,0.0
2022-06-07 00:00:00-04:00,16.154183272267982,16.412798622046417,15.941750178703348,16.163419723510742,11200,0.0,0.0
2022-06-08 00:00:00-04:00,16.29272916980244,16.29272916980244,15.978696823120117,15.978696823120117,2200,0.0,0.0
2022-06-09 00:00:00-04:00,16.163423936196335,16.532873273831857,15.05507416161637,15.424525260925293,33600,0.0,0.0
2022-06-10 00:00:00-04:00,15.507652558635122,15.923282429020194,15.00889460016482,15.812448501586914,27500,0.0,0.0
2022-06-13 00:00:00-04:00,15.627722494555046,15.627722494555046,15.193619728088379,15.193619728088379,10700,0.0,0.0
2022-06-14 00:00:00-04:00,15.221326375775584,15.479941785681973,15.008893232820347,15.055073738098145,6000,0.0,0.0
2022-06-15 00:00:00-04:00,15.221328087189333,15.47070707174448,15.008894920349121,15.008894920349121,21100,0.0,0.0
2022-06-16 00:00:00-04:00,15.00889353454113,15.036602895268857,14.66715267976275,14.777987480163574,3700,0.0,0.0
2022-06-17 00:00:00-04:00,14.768751026587665,15.119729215778648,14.6209712927199,14.777987480163574,5200,0.0,0.0
2022-06-21 00:00:00-04:00,15.08278230856267,15.08278230856267,14.657915164060766,14.787222862243652,1500,0.0,0.0
2022-06-22 00:00:00-04:00,14.787223346244712,14.787223346244712,14.685624122619629,14.685624122619629,1000,0.0,0.0
2022-06-23 00:00:00-04:00,14.999657788782688,14.999657788782688,14.685625399076494,14.861114501953125,4000,0.0,0.0
2022-06-24 00:00:00-04:00,14.777985252551186,16.91155638011979,14.768748800367566,16.440507888793945,28100,0.0,0.0
2022-06-27 00:00:00-04:00,16.6529432173098,17.08704591167432,15.249034157440944,17.00391960144043,27700,0.0,0.0
2022-06-28 00:00:00-04:00,17.0870465964839,17.0870465964839,16.23731231689453,16.23731231689453,8000,0.0,0.0
2022-06-29 00:00:00-04:00,16.126479051434966,16.301968157557916,15.840156018467475,16.071062088012695,4400,0.0,0.0
2022-06-30 00:00:00-04:00,16.16342438591851,16.699126380813443,16.015644646752563,16.62523651123047,4900,0.0,0.0
2022-07-01 00:00:00-04:00,16.597527149509308,16.62523651123047,16.597527149509308,16.62523651123047,1400,0.0,0.0
2022-07-05 00:00:00-04:00,15.941753387451172,15.941753387451172,15.941753387451172,15.941753387451172,600,0.0,0.0
2022-07-06 00:00:00-04:00,16.0710617920727,16.468220506244776,15.87710154282967,16.28349494934082,16100,0.0,0.0
2022-07-07 00:00:00-04:00,16.283495803695715,17.465735554228605,16.006409215475202,17.456499099731445,24200,0.0,0.0
2022-07-08 00:00:00-04:00,17.22559091600832,18.056852340698242,16.883850949768615,18.056852340698242,77400,0.0,0.0
2022-07-11 00:00:00-04:00,17.899836763053447,17.964491938817485,17.410317049696744,17.5026798248291,4400,0.0,0.0
2022-07-12 00:00:00-04:00,17.659695710328048,17.88136530982923,17.631986349762883,17.779766082763672,2700,0.0,0.0
2022-07-13 00:00:00-04:00,17.548859683643332,17.789002185451885,17.548859683643332,17.668930053710938,1300,0.0,0.0
2022-07-14 00:00:00-04:00,17.317953945054192,18.075325515716823,17.17941066582843,17.909072875976562,10900,0.0,0.0
2022-07-15 00:00:00-04:00,17.91830829562754,18.121506737662955,17.724348068237305,17.724348068237305,5900,0.0,0.0
2022-07-18 00:00:00-04:00,17.32719543469564,18.2415834573599,17.32719543469564,18.010677337646484,7900,0.0,0.0
2022-07-19 00:00:00-04:00,18.010673221707172,18.112272454898473,17.75205779252636,17.770530700683594,6900,0.0,0.0
2022-07-20 00:00:00-04:00,17.696638684494598,17.853654861450195,17.696638684494598,17.853654861450195,1200,0.0,0.0
2022-07-21 00:00:00-04:00,17.85365810391986,18.213871026372146,17.85365810391986,18.14921760559082,3500,0.0,0.0
2022-07-22 00:00:00-04:00,18.287760901789884,18.287760901789884,18.139981150954405,18.14921760559082,2900,0.0,0.0
2022-07-25 00:00:00-04:00,18.01990753669379,18.380120394632574,18.01990753669379,18.37088394165039,2900,0.0,0.0
2022-07-26 00:00:00-04:00,18.2600517087526,18.324705123901367,18.2600517087526,18.324705123901367,1300,0.0,0.0
2022-07-27 00:00:00-04:00,18.213870788003728,18.24158015155034,18.16769027709961,18.16769027709961,1100,0.0,0.0
2022-07-28 00:00:00-04:00,18.047618466007425,18.149215934305136,17.872129367422755,18.1307430267334,8300,0.0,0.0
2022-07-29 00:00:00-04:00,18.315465918295434,18.47248208649759,18.24157606041637,18.38011932373047,6500,0.0,0.0
2022-08-01 00:00:00-04:00,18.324706532587978,18.47248628190937,18.12150981768946,18.426305770874023,4400,0.0,0.0
2022-08-02 00:00:00-04:00,18.417066127827162,19.239091061321265,18.121506680353924,19.100547790527344,47500,0.0,0.0
2022-08-03 00:00:00-04:00,19.128254876806057,19.62701275235131,18.98047515701633,19.396106719970703,34400,0.0,0.0
2022-08-04 00:00:00-04:00,19.220621943674367,19.62701714488411,19.220621943674367,19.2298583984375,11700,0.0,0.0
2022-08-05 00:00:00-04:00,19.405344509806458,19.414580963138913,19.220618966504034,19.239091873168945,7000,0.0,0.0
2022-08-08 00:00:00-04:00,19.257565689634195,19.811740584049442,19.257565689634195,19.50694465637207,22500,0.0,0.0
2022-08-09 00:00:00-04:00,19.62701165538836,19.996460934213985,19.534648895263672,19.534648895263672,4600,0.0,0.0
2022-08-10 00:00:00-04:00,19.86715749247134,20.31973315590663,19.86715749247134,20.2181339263916,24400,0.0,0.0
2022-08-11 00:00:00-04:00,20.21813179612815,20.21813179612815,19.67319341433913,20.171951293945312,6500,0.0,0.0
2022-08-12 00:00:00-04:00,20.15347863434434,20.504456797240692,19.996462458664023,20.088825225830078,22300,0.0,0.0
2022-08-15 00:00:00-04:00,20.135010898946017,20.504462062479764,20.135010898946017,20.31973648071289,11500,0.0,0.0
2022-08-16 00:00:00-04:00,20.60605554481539,20.735364131607234,19.155965823106627,19.673194885253906,43600,0.0,0.0
2022-08-17 00:00:00-04:00,19.654727090595852,19.67319823899491,19.072842755020638,19.322221755981445,9000,0.0,0.0
2022-08-18 00:00:00-04:00,19.322217265024417,19.322217265024417,18.638735606254436,18.906585693359375,4300,0.0,0.0
2022-08-19 00:00:00-04:00,18.80498884703209,19.1836746194652,18.795752393841855,18.86964225769043,2600,0.0,0.0
2022-08-22 00:00:00-04:00,19.165202258506806,19.165202258506806,18.583319784348664,19.15596580505371,7400,0.0,0.0
2022-08-23 00:00:00-04:00,19.109786461697905,19.79326820373535,19.091313553668208,19.79326820373535,11700,0.0,0.0
2022-08-24 00:00:00-04:00,19.35916476345716,19.62701665994919,19.165204503244503,19.266803741455078,5800,0.0,0.0
2022-08-25 00:00:00-04:00,19.39610897281965,19.636251485788705,19.17443936738824,19.50694465637207,8100,0.0,0.0
2022-08-26 00:00:00-04:00,19.303746876280265,19.52541648951426,18.952770429078146,19.0636043548584,13000,0.0,0.0
2022-08-29 00:00:00-04:00,19.20214997229668,19.20214997229668,18.76804542541504,18.76804542541504,6200,0.0,0.0
2022-08-30 00:00:00-04:00,19.228070420801757,19.655566533002677,18.68905258178711,18.68905258178711,12400,0.125,0.0
2022-08-31 00:00:00-04:00,18.735516444869884,19.228067866278447,18.112857836611973,18.317312240600586,10800,0.0,0.0
2022-09-01 00:00:00-04:00,17.982752616366618,18.01063171798179,17.155637741088867,17.155637741088867,4200,0.0,0.0
2022-09-02 00:00:00-04:00,17.229984625514575,17.99204403420183,16.54227066040039,16.54227066040039,14500,0.0,0.0
2022-09-06 00:00:00-04:00,16.495804675710723,16.830368041992188,16.03113412146535,16.830368041992188,20800,0.0,0.0
2022-09-07 00:00:00-04:00,17.239276692478935,17.86193530025598,17.239276692478935,17.378679275512695,9200,0.0,0.0
2022-09-08 00:00:00-04:00,17.434440483767183,17.861936569213867,17.239277917201555,17.861936569213867,2000,0.0,0.0
2022-09-09 00:00:00-04:00,17.77829258942835,18.2150839948449,17.471610129652426,17.787586212158203,5200,0.0,0.0
2022-09-12 00:00:00-04:00,17.843351764811768,18.215087890625,17.843351764811768,18.215087890625,7200,0.0,0.0
2022-09-13 00:00:00-04:00,18.14074005643969,18.39166259765625,17.722535821078754,18.39166259765625,8700,0.0,0.0
2022-09-14 00:00:00-04:00,18.354486770499435,19.15372068570547,17.90840346681222,18.744810104370117,12300,0.0,0.0
2022-09-15 00:00:00-04:00,18.689048799315213,19.005024893329793,18.36377908223228,18.893503189086914,2300,0.0,0.0
2022-09-16 00:00:00-04:00,17.889817319663873,18.512475967407227,17.86193644675205,18.512475967407227,7100,0.0,0.0
2022-09-19 00:00:00-04:00,18.122150873963452,18.679755870754736,18.122150873963452,18.493886947631836,28000,0.0,0.0
2022-09-20 00:00:00-04:00,18.540355833688775,18.809863833560044,18.354486902856696,18.72622299194336,10600,0.0,0.0
2022-09-21 00:00:00-04:00,18.70763559166368,18.70763559166368,18.49388756375553,18.540355682373047,30300,0.0,0.0
2022-09-22 00:00:00-04:00,18.196501147758987,18.428836454432403,17.239279046136524,17.629602432250977,18300,0.0,0.0
2022-09-23 00:00:00-04:00,17.192811266783202,17.192811266783202,16.32852371408385,16.63520622253418,10800,0.0,0.0
2022-09-26 00:00:00-04:00,16.895422032842593,16.895422032842593,16.105481717554497,16.570152282714844,10000,0.0,0.0
2022-09-27 00:00:00-04:00,16.635206423752685,16.70955364571335,16.30064481121849,16.514392852783203,3800,0.0,0.0
2022-09-28 00:00:00-04:00,16.728142354477754,17.38797378540039,16.542273397063568,17.38797378540039,14000,0.0,0.0
2022-09-29 00:00:00-04:00,17.620307499002525,17.620307499002525,16.142656689043672,17.044116973876953,3900,0.0,0.0
2022-09-30 00:00:00-04:00,16.79319516965425,18.140740616219166,16.79319516965425,17.276453018188477,19800,0.0,0.0
2022-10-03 00:00:00-04:00,17.71324333656761,18.019925871375598,17.304334471875443,17.9362850189209,9700,0.0,0.0
2022-10-04 00:00:00-04:00,18.122153284502712,18.32660770907171,17.899111610633536,18.010631561279297,2900,0.0,0.0
2022-10-05 00:00:00-04:00,18.112858900025568,18.215086994310468,17.64818832247978,17.778295516967773,5000,0.0,0.0
2022-10-06 00:00:00-04:00,17.945578091549365,18.447423190830477,17.573841965736133,18.215087890625,43100,0.0,0.0
2022-10-07 00:00:00-04:00,18.21508693424181,18.21508693424181,17.73182910976923,18.103565216064453,2200,0.0,0.0
2022-10-10 00:00:00-04:00,18.06639399639361,18.177913951281393,17.52737615422873,17.9362850189209,14300,0.0,0.0
2022-10-11 00:00:00-04:00,17.945576450178866,18.150032630109056,17.387971426170857,17.76900291442871,10500,0.0,0.0
2022-10-12 00:00:00-04:00,18.493889541840506,18.493889541840506,18.02921894142955,18.215087890625,3300,0.0,0.0
2022-10-13 00:00:00-04:00,18.122153416027274,18.215087890625,17.76900453964912,18.215087890625,7500,0.0,0.0
2022-10-14 00:00:00-04:00,18.19650064118992,18.289435115787647,18.084978917157116,18.215087890625,3600,0.0,0.0
2022-10-17 00:00:00-04:00,18.298726362380467,19.14442660341396,18.298726362380467,18.37307357788086,8600,0.0,0.0
2022-10-18 00:00:00-04:00,18.809861928364782,19.05149080494161,18.400951385498047,18.400951385498047,2300,0.0,0.0
2022-10-19 00:00:00-04:00,18.400953762079062,18.57752907403264,17.703947910900652,18.242965698242188,14000,0.0,0.0
2022-10-20 00:00:00-04:00,18.22438151534254,18.456716815548017,17.973458965701983,18.215087890625,8000,0.0,0.0
2022-10-21 00:00:00-04:00,17.936281588770246,18.75410270690918,17.936281588770246,18.75410270690918,2500,0.0,0.0
2022-10-24 00:00:00-04:00,18.177913791985066,19.032907786469067,17.815471282909336,18.382369995117188,9200,0.0,0.0
2022-10-25 00:00:00-04:00,18.605407185650026,19.04219681611905,18.084974951066233,18.33589744567871,9800,0.0,0.0
2022-10-26 00:00:00-04:00,18.558940928105006,18.986438751220703,18.49388733542114,18.986438751220703,1400,0.0,0.0
2022-10-27 00:00:00-04:00,18.93997191735393,19.051493635643048,18.651876656258608,18.735517501831055,2300,0.0,0.0
2022-10-28 00:00:00-04:00,18.958557976587546,19.367468554560478,18.958557976587546,19.293121337890625,6800,0.0,0.0
2022-10-31 00:00:00-04:00,19.079374115641787,19.506870186366008,18.7912770878989,19.20018768310547,18400,0.0,0.0
2022-11-01 00:00:00-04:00,19.330297177930948,19.330297177930948,18.568237640999694,18.633291244506836,13600,0.0,0.0
2022-11-02 00:00:00-04:00,18.949263799901686,19.144426345825195,18.809862994286274,19.144426345825195,13500,0.0,0.0
2022-11-03 00:00:00-04:00,18.94926692602312,19.032907777706352,18.586824417114258,18.586824417114258,7800,0.0,0.0
2022-11-04 00:00:00-04:00,18.772689209509977,18.772689209509977,18.280137833498287,18.400951385498047,4500,0.0,0.0
2022-11-07 00:00:00-05:00,18.605409101009876,18.939970689024477,18.131444931030273,18.131444931030273,9200,0.0,0.0
2022-11-08 00:00:00-05:00,18.354486353106434,18.586821623398922,18.354486353106434,18.57752799987793,1400,0.0,0.0
2022-11-09 00:00:00-05:00,18.623997890061744,18.689051488322868,18.317313602411986,18.39166259765625,7500,0.0,0.0
2022-11-10 00:00:00-05:00,18.586824919212457,18.97714831341903,17.992047089022538,18.224382400512695,13100,0.0,0.0
2022-11-11 00:00:00-05:00,18.03851046724609,18.159325801938767,18.03851046724609,18.131444931030273,1800,0.0,0.0
2022-11-14 00:00:00-05:00,18.12215199598457,18.62399705594136,17.90840396196336,18.261552810668945,4400,0.0,0.0
2022-11-15 00:00:00-05:00,18.26155492898661,18.26155492898661,18.1407413482666,18.1407413482666,700,0.0,0.0
2022-11-16 00:00:00-05:00,17.81546994860997,18.029217988077768,17.81546994860997,17.899110794067383,2000,0.0,0.0
2022-11-17 00:00:00-05:00,17.657482150858183,17.861936569213867,17.657482150858183,17.861936569213867,1600,0.0,0.0
2022-11-18 00:00:00-05:00,17.78758934318198,17.982751909707364,17.62960127411957,17.657482147216797,4000,0.0,0.0
2022-11-21 00:00:00-05:00,17.285744409292423,17.64818686257103,17.285744409292423,17.415851593017578,4400,0.0,0.0
2022-11-22 00:00:00-05:00,17.434442090870633,17.694658279418945,17.434442090870633,17.694658279418945,4000,0.0,0.0
2022-11-23 00:00:00-05:00,17.843350604927032,17.89911057702999,17.61101531982422,17.61101531982422,3800,0.0,0.0
2022-11-25 00:00:00-05:00,17.843349821458183,18.112857818603516,17.843349821458183,18.112857818603516,600,0.0,0.0
2022-11-28 00:00:00-05:00,18.12215198397631,18.12215198397631,17.68536229223402,18.057098388671875,2300,0.0,0.0
2022-11-29 00:00:00-05:00,18.295615496696577,18.333030700683594,18.295615496696577,18.333030700683594,1200,0.125,0.0
2022-11-30 00:00:00-05:00,18.071128503855846,18.276908544908142,17.687631607055664,17.687631607055664,3100,0.0,0.0
2022-12-01 00:00:00-05:00,18.323678062119722,18.323678062119722,17.687633826431536,17.96824073791504,2000,0.0,0.0
2022-12-02 00:00:00-05:00,17.809228932200273,17.90276336669922,17.799875131939384,17.90276336669922,2300,0.0,0.0
2022-12-05 00:00:00-05:00,18.099189275712636,18.36108854204628,17.865349625597627,17.921470642089844,2900,0.0,0.0
2022-12-06 00:00:00-05:00,17.912117458968005,17.912117458968005,17.7905216217041,17.7905216217041,500,0.0,0.0
2022-12-07 00:00:00-05:00,17.706336634219227,17.706336634219227,17.46314321090496,17.519264221191406,4300,0.0,0.0
2022-12-08 00:00:00-05:00,17.388314870301386,17.73439652046167,17.285424863146005,17.30413246154785,3000,0.0,0.0
2022-12-09 00:00:00-05:00,17.0983554356342,17.60344813967741,16.836454391725372,16.93934440612793,7500,0.0,0.0
2022-12-12 00:00:00-05:00,16.97675662573464,17.463143479853997,16.97675662573464,17.30413246154785,6900,0.0,0.0
2022-12-13 00:00:00-05:00,17.37896410210363,17.57539035147147,17.37896410210363,17.54732894897461,2000,0.0,0.0
2022-12-14 00:00:00-05:00,18.26755673200834,18.26755673200834,17.58474349975586,17.58474349975586,1300,0.0,0.0
2022-12-15 00:00:00-05:00,17.500559481523325,17.81858156518176,17.500559481523325,17.771814346313477,1500,0.0,0.0
2022-12-16 00:00:00-05:00,17.60344838091992,17.640863580871745,17.54732736504711,17.63150978088379,1300,0.0,0.0
2022-12-19 00:00:00-05:00,17.63151021591419,17.63151021591419,16.892576055127932,16.90192985534668,4200,0.0,0.0
2022-12-20 00:00:00-05:00,15.58307377820598,15.723377208198094,14.498057969653109,15.57371997833252,33000,0.0,0.0
2022-12-21 00:00:00-05:00,14.703840149732155,16.64938543264803,14.703840149732155,16.555850982666016,23700,0.0,0.0
2022-12-22 00:00:00-05:00,16.340712785958488,16.340712785958488,15.74208390098541,15.87303352355957,2100,0.0,0.0
2022-12-23 00:00:00-05:00,15.994633828952479,16.003987629864906,15.536308288574219,15.536308288574219,12200,0.0,0.0
2022-12-27 00:00:00-05:00,15.34923505251837,15.629841929302996,15.199577813692567,15.274406433105469,11700,0.0,0.0
2022-12-28 00:00:00-05:00,15.40535461948071,15.433416018137066,15.30246639251709,15.30246639251709,3600,0.0,0.0
2022-12-29 00:00:00-05:00,15.199577521112428,15.891742683371874,15.199577521112428,15.489538192749023,13300,0.0,0.0
2022-12-30 00:00:00-05:00,15.555013010468096,15.835621665906237,15.480184392495588,15.489538192749023,7900,0.0,0.0
2023-01-03 00:00:00-05:00,15.330526883128437,15.985278616751527,15.330526883128437,15.9572172164917,8400,0.0,0.0
2023-01-04 00:00:00-05:00,15.901095552330116,16.499724461049688,15.770145924561426,15.891741752624512,22000,0.0,0.0
2023-01-05 00:00:00-05:00,15.592427933388663,16.312654483563072,15.545660717010561,15.9572172164917,3400,0.0,0.0
2023-01-06 00:00:00-05:00,16.022692792619175,16.022692792619175,15.620490074157713,15.620490074157715,5800,0.0,0.0
2023-01-09 00:00:00-05:00,15.770145736891612,15.770145736891612,15.648548126220703,15.648548126220703,1300,0.0,0.0
2023-01-10 00:00:00-05:00,15.6953204681,15.901098750851132,15.592430434696817,15.723380088806152,9100,0.0,0.0
2023-01-11 00:00:00-05:00,15.714024845302472,15.751440048217773,15.573721402480231,15.751440048217773,2300,0.0,0.0
2023-01-12 00:00:00-05:00,15.844974916560801,16.527786254882812,15.760792501254809,16.527786254882812,9100,0.0,0.0
2023-01-13 00:00:00-05:00,16.64938557234017,16.91128667303094,16.64938557234017,16.84581184387207,2500,0.0,0.0
2023-01-17 00:00:00-05:00,16.47166635321265,17.397671200142053,16.331361128844982,16.770980834960938,9300,0.0,0.0
2023-01-18 00:00:00-05:00,16.742919921875,16.92999237045442,16.452959232226476,16.742919921875,3000,0.0,0.0
2023-01-19 00:00:00-05:00,16.228473056718236,16.81774822567877,16.228473056718236,16.658737182617188,1900,0.0,0.0
2023-01-20 00:00:00-05:00,16.677445575141505,16.677445575141505,16.275241048077618,16.518434524536133,2900,0.0,0.0
2023-01-23 00:00:00-05:00,16.640030724799917,17.032879632947516,16.4623120872653,16.490371704101562,19000,0.0,0.0
2023-01-24 00:00:00-05:00,16.696150961938642,16.93934440612793,16.696150961938642,16.93934440612793,1800,0.0,0.0
2023-01-25 00:00:00-05:00,16.67744540086095,16.92999267578125,16.60261677689069,16.92999267578125,18700,0.0,0.0
2023-01-26 00:00:00-05:00,16.83645706874541,17.098358154296875,16.83645706874541,17.098358154296875,3300,0.0,0.0
2023-01-27 00:00:00-05:00,16.855162349571657,17.117061614990234,16.565199899922604,17.117061614990234,7000,0.0,0.0
2023-01-30 00:00:00-05:00,17.17318647861784,17.210599899291992,17.11706367152388,17.210599899291992,900,0.0,0.0
2023-01-31 00:00:00-05:00,17.60345124867005,17.771816107771457,17.59409744715828,17.678279876708984,1500,0.0,0.0
2023-02-01 00:00:00-05:00,17.49120622642313,18.01500653368822,17.350901011643362,17.734397888183594,10000,0.0,0.0
2023-02-02 00:00:00-05:00,17.725045272722305,18.23949176266264,17.725045272722305,18.07112693786621,11600,0.0,0.0
2023-02-03 00:00:00-05:00,18.145957783715673,18.426566454259955,18.015008141228055,18.155311584472656,6300,0.0,0.0
2023-02-06 00:00:00-05:00,18.426564883875262,18.538806915283203,18.005652805958164,18.538806915283203,8800,0.0,0.0
2023-02-07 00:00:00-05:00,18.56686831516265,18.61363553090681,18.30496726845258,18.538806915283203,3000,0.0,0.0
2023-02-08 00:00:00-05:00,18.57622178931538,18.669756219163197,18.23949213288758,18.45462417602539,9100,0.0,0.0
2023-02-09 00:00:00-05:00,18.47333335876465,18.669757819144333,18.47333335876465,18.47333335876465,1400,0.0,0.0
2023-02-10 00:00:00-05:00,18.071126175884515,18.463976822493084,18.071126175884515,18.211429595947266,2100,0.0,0.0
2023-02-13 00:00:00-05:00,18.06177237667303,18.361086815221505,18.06177237667303,18.211429595947266,1800,0.0,0.0
2023-02-14 00:00:00-05:00,18.005652930265903,18.426565011088897,18.005652930265903,18.230138778686523,1900,0.0,0.0
2023-02-15 00:00:00-05:00,18.239494637322384,18.32367706298828,18.14595841057637,18.32367706298828,10600,0.0,0.0
2023-02-16 00:00:00-05:00,18.127250191864903,18.304968838232178,18.05242156982422,18.05242156982422,3100,0.0,0.0
2023-02-17 00:00:00-05:00,18.052419947995617,18.108542747525366,18.043067932128906,18.043067932128906,7500,0.0,0.0
2023-02-21 00:00:00-05:00,17.771813346646557,17.771813346646557,16.60261510015665,17.117061614990234,8800,0.0,0.0
2023-02-22 00:00:00-05:00,17.089003272436294,17.52862120361947,17.070295670925077,17.350902557373047,7100,0.0,0.0
2023-02-23 00:00:00-05:00,17.444438461103935,17.472499862856374,17.135770178047267,17.266719818115234,5600,0.0,0.0
2023-02-24 00:00:00-05:00,17.81858323650672,17.81858323650672,16.424898931659385,16.58390998840332,10500,0.0,0.0
2023-02-27 00:00:00-05:00,16.475577737842457,17.6342371627036,16.324857900302252,16.767597198486328,28100,0.125,0.0
2023-02-28 00:00:00-05:00,17.445840137007195,17.445840137007195,16.90890043353772,17.191499710083008,2700,0.0,0.0
2023-03-01 00:00:00-05:00,16.805277819298812,17.20091783644436,16.805277819298812,17.182077407836914,9400,0.0,0.0
2023-03-02 00:00:00-05:00,16.75818024411516,17.26685929105123,16.75818024411516,16.95599937438965,11900,0.0,0.0
2023-03-03 00:00:00-05:00,16.955998188740498,17.426998138427734,16.955998188740498,17.426998138427734,9000,0.0,0.0
2023-03-06 00:00:00-05:00,17.426999406927486,18.133499382884004,17.426999406927486,17.82263946533203,27900,0.0,0.0
2023-03-07 00:00:00-05:00,17.897997630413844,18.16175824231361,17.238596999025518,18.1523380279541,12200,0.0,0.0
2023-03-08 00:00:00-05:00,18.321897563490957,18.651596069335938,18.0863976040462,18.651596069335938,6300,0.0,0.0
2023-03-09 00:00:00-05:00,18.482041725162567,18.58566050863115,17.916841337236885,18.557401657104492,16100,0.0,0.0
2023-03-10 00:00:00-05:00,18.331320523274673,18.642182271626854,17.49294103485105,18.369001388549805,22500,0.0,0.0
2023-03-13 00:00:00-04:00,17.436418353028145,18.086398786678753,17.087877599701816,17.426998138427734,4600,0.0,0.0
2023-03-14 00:00:00-04:00,17.492938336543187,18.340737910511436,17.492938336543187,17.992198944091797,13400,0.0,0.0
2023-03-15 00:00:00-04:00,17.464678813508073,17.615398652088153,16.64513811909697,17.200918197631836,10500,0.0,0.0
2023-03-16 00:00:00-04:00,17.426998494466147,17.935679312947517,17.36105878763832,17.662498474121094,17200,0.0,0.0
2023-03-17 00:00:00-04:00,17.66249818511279,17.66249818511279,17.003097534179688,17.003097534179688,17500,0.0,0.0
2023-03-20 00:00:00-04:00,17.003096891136043,17.248017072313587,17.003096891136043,17.06903839111328,1600,0.0,0.0
2023-03-21 00:00:00-04:00,17.21976076201721,17.295120690652457,16.974840544772047,17.106719970703125,10100,0.0,0.0
2023-03-22 00:00:00-04:00,17.125558885292847,17.379899295681696,17.078457811115875,17.238597869873047,12600,0.0,0.0
2023-03-23 00:00:00-04:00,17.163237337069205,17.163237337069205,16.9842586517334,16.9842586517334,3000,0.0,0.0
2023-03-24 00:00:00-04:00,16.588621513534363,16.758181810603663,16.588621513534363,16.720500946044922,6100,0.0,0.0
2023-03-27 00:00:00-04:00,16.65455761022824,16.729917526245117,16.57919769421137,16.729917526245117,22300,0.0,0.0
2023-03-28 00:00:00-04:00,16.729917526245117,16.729917526245117,16.729917526245117,16.729917526245117,400,0.0,0.0
2023-03-29 00:00:00-04:00,16.7864406623002,16.89006124311422,16.67340166206901,16.720500946044922,12700,0.0,0.0
2023-03-30 00:00:00-04:00,17.182077425679893,17.182077425679893,15.731398559121182,16.645137786865234,14100,0.0,0.0
2023-03-31 00:00:00-04:00,16.249497769308828,16.645137786865234,16.249497769308828,16.645137786865234,5300,0.0,0.0
2023-04-03 00:00:00-04:00,16.3719587625662,16.3719587625662,15.995159132195505,16.21181869506836,4800,0.0,0.0
2023-04-04 00:00:00-04:00,16.30601825784806,16.30601825784806,16.108199135306794,16.164718627929688,1900,0.0,0.0
2023-04-05 00:00:00-04:00,16.051680577328323,16.108200073242188,15.87270007742497,16.108200073242188,800,0.0,0.0
2023-04-06 00:00:00-04:00,15.957480442262534,16.1647197946526,15.778499939862419,16.013999938964844,21000,0.0,0.0
2023-04-10 00:00:00-04:00,16.108200073242188,16.108200073242188,16.108200073242188,16.108200073242188,300,0.0,0.0
2023-04-11 00:00:00-04:00,15.938638954608633,16.598039627075195,15.938638954608633,16.598039627075195,1700,0.0,0.0
2023-04-12 00:00:00-04:00,16.484998930796127,16.484998930796127,16.079938669592426,16.17413902282715,9500,0.0,0.0
2023-04-13 00:00:00-04:00,16.27775712401587,16.27775712401587,16.13645571721815,16.145875930786133,7200,0.0,0.0
2023-04-14 00:00:00-04:00,16.17413657149008,16.17413657149008,15.995156107142451,16.145875930786133,4300,0.0,0.0
2023-04-17 00:00:00-04:00,16.24949851118105,16.456737845373205,16.10819888347175,16.362539291381836,6800,0.0,0.0
2023-04-18 00:00:00-04:00,16.598038871758636,16.95599803981927,16.230657692458117,16.663978576660156,4600,0.0,0.0
2023-04-19 00:00:00-04:00,17.521198710093945,17.521198710093945,16.654558719800885,16.899478912353516,10700,0.0,0.0
2023-04-20 00:00:00-04:00,17.08787922152352,17.323379218718596,16.654560089111328,16.654560089111328,1500,0.0,0.0
2023-04-21 00:00:00-04:00,16.993678718375076,16.993678718375076,16.588618482004968,16.871217727661133,3400,0.0,0.0
2023-04-24 00:00:00-04:00,17.069041635721586,17.2574405670166,17.069041635721586,17.2574405670166,6700,0.0,0.0
2023-04-25 00:00:00-04:00,16.777019858907455,17.05962094303845,16.71108014496029,16.795860290527344,6600,0.0,0.0
2023-04-26 00:00:00-04:00,16.871218123955945,16.871218123955945,16.475578092710652,16.569778442382812,5600,0.0,0.0
2023-04-27 00:00:00-04:00,16.211817148612724,16.324857925302084,16.09877816864556,16.23065757751465,2800,0.0,0.0
2023-04-28 00:00:00-04:00,16.287177696533035,16.503837223205483,16.287177696533035,16.484996795654297,2500,0.0,0.0
2023-05-01 00:00:00-04:00,16.484996795654297,17.12555695861811,16.484996795654297,16.484996795654297,3700,0.0,0.0
2023-05-02 00:00:00-04:00,16.49441816671553,16.805278056232474,16.48499795227899,16.767597198486328,10000,0.0,0.0
2023-05-03 00:00:00-04:00,16.86179863132,17.050199338731428,16.503839443305047,16.824119567871094,11000,0.0,0.0
2023-05-04 00:00:00-04:00,16.720499078763556,16.720499078763556,16.579199445893114,16.616878509521484,2000,0.0,0.0
2023-05-05 00:00:00-04:00,16.89947890989082,17.116138458251953,16.748759067837668,17.116138458251953,2600,0.0,0.0
2023-05-08 00:00:00-04:00,17.36106111860684,17.36106111860684,16.494421005249023,16.494421005249023,1200,0.0,0.0
2023-05-09 00:00:00-04:00,16.77701759338379,16.77701759338379,16.77701759338379,16.77701759338379,300,0.0,0.0
2023-05-10 00:00:00-04:00,17.144400883432162,17.144400883432162,16.663980663209042,16.67340087890625,1600,0.0,0.0
2023-05-11 00:00:00-04:00,16.59803969636064,16.607458114624023,16.59803969636064,16.607458114624023,1000,0.0,0.0
2023-05-12 00:00:00-04:00,16.485000179817384,16.786439895629883,16.485000179817384,16.786439895629883,700,0.0,0.0
2023-05-15 00:00:00-04:00,16.532096067810198,16.588617350463757,16.437897523498396,16.484996795654297,5200,0.0,0.0
2023-05-16 00:00:00-04:00,16.39080029716076,16.45674001232627,16.249500650845725,16.381380081176758,5000,0.0,0.0
2023-05-17 00:00:00-04:00,16.268339845450193,16.73933982849121,16.06109870300984,16.73933982849121,8200,0.0,0.0
2023-05-18 00:00:00-04:00,17.031357693069477,17.615398406982422,16.682816948251364,17.615398406982422,20600,0.0,0.0
2023-05-19 00:00:00-04:00,17.172659279187354,17.455260352455024,17.172659279187354,17.191499710083008,1100,0.0,0.0
2023-05-22 00:00:00-04:00,17.52119892476808,17.52119892476808,17.238597869873047,17.238597869873047,2400,0.0,0.0
2023-05-23 00:00:00-04:00,17.144400071257582,17.172658920288086,17.144400071257582,17.172658920288086,600,0.0,0.0
2023-05-24 00:00:00-04:00,17.163236618041992,17.163236618041992,17.163236618041992,17.163236618041992,400,0.0,0.0
2023-05-25 00:00:00-04:00,17.1444002079145,17.28569984436035,17.1444002079145,17.28569984436035,1400,0.0,0.0
2023-05-26 00:00:00-04:00,17.15381828172595,17.23859842123385,17.050199508666992,17.050199508666992,10300,0.0,0.0
2023-05-30 00:00:00-04:00,17.048294609764373,17.362417221069336,17.048294609764373,17.362417221069336,1000,0.188,0.0
2023-05-31 00:00:00-04:00,17.191078675212047,17.200597763061523,17.191078675212047,17.200597763061523,1700,0.0,0.0
2023-06-01 00:00:00-04:00,17.191077245340338,17.191077245340338,17.04829457063493,17.13396453857422,1300,0.0,0.0
2023-06-02 00:00:00-04:00,17.229154586791992,17.238673674398466,17.181559148759614,17.229154586791992,7100,0.0,0.0
2023-06-05 00:00:00-04:00,17.114926364458775,17.371936268276638,16.857916460640908,17.13396453857422,7200,0.0,0.0
2023-06-06 00:00:00-04:00,17.229153139078555,17.229153139078555,16.915030536780897,17.08637046813965,1700,0.0,0.0
2023-06-07 00:00:00-04:00,17.133964086592563,17.133964086592563,17.08637046813965,17.08637046813965,1400,0.0,0.0
2023-06-08 00:00:00-04:00,17.08637046813965,17.08637046813965,17.08637046813965,17.08637046813965,200,0.0,0.0
2023-06-09 00:00:00-04:00,17.038776491863665,17.647985390546943,17.038776491863665,17.45760726928711,1800,0.0,0.0
2023-06-12 00:00:00-04:00,17.476644490119586,17.476644490119586,17.324342727661133,17.324342727661133,600,0.0,0.0
2023-06-13 00:00:00-04:00,17.58135228960748,17.695579528808594,17.067334252153408,17.695579528808594,3000,0.0,0.0
2023-06-14 00:00:00-04:00,17.60990900401898,17.60990900401898,17.153003692626953,17.153003692626953,1400,0.0,0.0
2023-06-15 00:00:00-04:00,17.41953041925564,17.41953041925564,17.371936798095703,17.371936798095703,700,0.0,0.0
2023-06-16 00:00:00-04:00,17.60990956624349,17.847881317138672,17.60990956624349,17.847881317138672,700,0.0,0.0
2023-06-20 00:00:00-04:00,17.74317316575907,17.847881317138672,17.371937815348307,17.847881317138672,1000,0.0,0.0
2023-06-21 00:00:00-04:00,17.43856959580093,17.619428634643555,17.429050507906016,17.619428634643555,3400,0.0,0.0
2023-06-22 00:00:00-04:00,17.581352779720635,17.78125,17.419531912096552,17.78125,1700,0.0,0.0
2023-06-23 00:00:00-04:00,17.590868977069576,17.609907150268555,17.590868977069576,17.609907150268555,1000,0.0,0.0
2023-06-26 00:00:00-04:00,17.609907150268555,17.609907150268555,17.609907150268555,17.609907150268555,0,0.0,0.0
2023-06-27 00:00:00-04:00,17.42904806500195,17.60990707849487,17.42904806500195,17.49567985534668,3500,0.0,0.0
2023-06-28 00:00:00-04:00,17.609907150268555,17.609907150268555,17.590868977069576,17.609907150268555,2100,0.0,0.0
2023-06-29 00:00:00-04:00,17.609907150268555,17.733651644901673,17.381454518621172,17.609907150268555,5900,0.0,0.0
2023-06-30 00:00:00-04:00,17.581349890470083,17.609907150268555,17.419529049439006,17.609907150268555,2200,0.0,0.0
2023-07-03 00:00:00-04:00,17.752689818100652,17.847878868515426,17.609907150268555,17.609907150268555,2300,0.0,0.0
2023-07-05 00:00:00-04:00,17.429048538208008,17.505199417180958,17.429048538208008,17.429048538208008,700,0.0,0.0
2023-07-06 00:00:00-04:00,17.42905004087419,17.762210845947266,17.42905004087419,17.762210845947266,2000,0.0,0.0
2023-07-07 00:00:00-04:00,17.752690780013218,17.847879835585722,17.429049080414845,17.47664451599121,5300,0.0,0.0
2023-07-10 00:00:00-04:00,17.51471947715578,17.752691214115995,17.371936798095703,17.371936798095703,5700,0.0,0.0
2023-07-11 00:00:00-04:00,17.324341331869384,17.67653844833607,17.219633197772765,17.600387573242188,3800,0.0,0.0
2023-07-12 00:00:00-04:00,17.60990853505592,17.69557850560802,17.019737828539267,17.371936798095703,1500,0.0,0.0
2023-07-13 00:00:00-04:00,17.3909735343393,17.49567985534668,17.3909735343393,17.49567985534668,1500,0.0,0.0
2023-07-14 00:00:00-04:00,17.10540771484375,17.10540771484375,17.10540771484375,17.10540771484375,1200,0.0,0.0
2023-07-17 00:00:00-04:00,17.371936798095703,17.371936798095703,17.371936798095703,17.371936798095703,1000,0.0,0.0
2023-07-18 00:00:00-04:00,17.200597255207597,17.200597255207597,17.038776397705078,17.038776397705078,800,0.0,0.0
2023-07-19 00:00:00-04:00,17.467125441636437,17.55279541015625,17.305304591719032,17.55279541015625,2100,0.0,0.0
2023-07-20 00:00:00-04:00,17.514719979432932,17.562315417538052,17.324343673753418,17.45760726928711,4300,0.0,0.0
2023-07-21 00:00:00-04:00,17.552795774534506,17.590870308233576,17.333860397338867,17.333860397338867,1900,0.0,0.0
2023-07-24 00:00:00-04:00,17.52423858642578,17.52423858642578,17.52423858642578,17.52423858642578,400,0.0,0.0
2023-07-25 00:00:00-04:00,17.55279395715104,17.60990665957643,17.324341331869384,17.600387573242188,10900,0.0,0.0
2023-07-26 00:00:00-04:00,17.371936308148907,17.371936308148907,17.333859959830622,17.362417221069336,1200,0.0,0.0
2023-07-27 00:00:00-04:00,17.362417221069336,17.362417221069336,17.362417221069336,17.362417221069336,400,0.0,0.0
2023-07-28 00:00:00-04:00,17.23867320638367,17.505200389807737,17.23867320638367,17.371936798095703,9000,0.0,0.0
2023-07-31 00:00:00-04:00,17.381454896824074,17.609907533442357,17.08637046813965,17.08637046813965,12500,0.0,0.0
2023-08-01 00:00:00-04:00,17.08637046813965,17.08637046813965,17.08637046813965,17.08637046813965,600,0.0,0.0
2023-08-02 00:00:00-04:00,17.10540771484375,17.10540771484375,17.10540771484375,17.10540771484375,500,0.0,0.0
2023-08-03 00:00:00-04:00,17.486164093017578,17.486164093017578,17.486164093017578,17.486164093017578,900,0.0,0.0
2023-08-04 00:00:00-04:00,16.867435507937966,17.10540723707943,16.867435507937966,16.9055118560791,9000,0.0,0.0
2023-08-07 00:00:00-04:00,16.8674373626709,16.8674373626709,16.8674373626709,16.8674373626709,800,0.0,0.0
2023-08-08 00:00:00-04:00,16.86743496502479,17.057813068442332,16.76272864216728,16.8579158782959,14100,0.0,0.0
2023-08-09 00:00:00-04:00,16.953105989132762,17.162522279091156,16.8959932807715,17.067333221435547,6400,0.0,0.0
2023-08-10 00:00:00-04:00,17.05781317691175,17.324342160275116,16.93406867980957,16.93406867980957,1100,0.0,0.0
2023-08-11 00:00:00-04:00,16.96262550354004,16.96262550354004,16.96262550354004,16.96262550354004,200,0.0,0.0
2023-08-14 00:00:00-04:00,16.96262452351388,17.400493448224065,16.895992730001076,16.943586349487305,7100,0.0,0.0
2023-08-15 00:00:00-04:00,16.667538886846746,16.943585128010863,15.706132954775713,15.877472877502441,28900,0.0,0.0
2023-08-16 00:00:00-04:00,16.353418269477476,16.4390882411563,15.9345874985566,16.086889266967773,2800,0.0,0.0
2023-08-17 00:00:00-04:00,16.372457355274822,16.420050979708485,15.325381277510663,15.610946655273438,22000,0.0,0.0
2023-08-18 00:00:00-04:00,15.706133758504375,15.706133758504375,15.468162034890673,15.515755653381348,3100,0.0,0.0
2023-08-21 00:00:00-04:00,15.515755847164495,16.182077407836914,15.515755847164495,16.182077407836914,8000,0.0,0.0
2023-08-22 00:00:00-04:00,15.763248090385908,16.210636138916016,15.696616291391301,16.210636138916016,4500,0.0,0.0
2023-08-23 00:00:00-04:00,16.229672451237718,16.229672451237718,15.334899987967495,15.96314525604248,11700,0.0,0.0
2023-08-24 00:00:00-04:00,15.80132526511931,15.829880714416504,15.487202613787042,15.829880714416504,9800,0.0,0.0
2023-08-25 00:00:00-04:00,15.572870254516602,15.572870254516602,15.220671302898094,15.572870254516602,12400,0.0,0.0
2023-08-28 00:00:00-04:00,15.782286121634751,16.25822961362082,15.382493515743242,15.67757797241211,17300,0.0,0.0
2023-08-29 00:00:00-04:00,15.563351167653378,16.03929461733342,15.515755733337269,15.572870254516602,1800,0.0,0.0
2023-08-30 00:00:00-04:00,15.773164512665945,15.773164512665945,15.407243292608563,15.5420560836792,11700,0.188,0.0
2023-08-31 00:00:00-04:00,15.599833723356019,15.696127519369108,15.127986225140244,15.522797584533691,23800,0.0,0.0
2023-09-01 00:00:00-04:00,15.465019856211175,16.02353234905009,15.465019856211175,15.88871955871582,4200,0.0,0.0
2023-09-05 00:00:00-04:00,15.599833709955615,15.68649959564209,15.599833709955615,15.68649959564209,900,0.0,0.0
2023-09-06 00:00:00-04:00,15.647980599095224,15.647980599095224,15.21465208925046,15.359094619750977,5200,0.0,0.0
2023-09-07 00:00:00-04:00,15.840571835288959,15.840571835288959,15.041320290503785,15.214652061462402,5300,0.0,0.0
2023-09-08 00:00:00-04:00,15.52279752102915,15.542055178141126,15.272428693366034,15.3783540725708,1700,0.0,0.0
2023-09-11 00:00:00-04:00,15.397613002998686,15.397613002998686,15.195392905169633,15.262800216674805,4500,0.0,0.0
2023-09-12 00:00:00-04:00,15.368724380068818,15.455389347438723,15.195392608642578,15.195392608642578,2100,0.0,0.0
2023-09-13 00:00:00-04:00,15.465018962990216,15.667239973498353,15.397612571716309,15.397612571716309,3400,0.0,0.0
2023-09-14 00:00:00-04:00,15.272428471873985,15.291687965393066,15.2531698966981,15.291687965393066,1900,0.0,0.0
2023-09-15 00:00:00-04:00,15.29168746851918,15.397611924402728,15.29168746851918,15.30131721496582,5000,0.0,0.0
2023-09-18 00:00:00-04:00,15.224281188998514,15.426501274108887,15.224281188998514,15.426501274108887,1400,0.0,0.0
2023-09-19 00:00:00-04:00,15.224281849442427,15.282058494355697,15.195392608642578,15.195392608642578,4600,0.0,0.0
2023-09-20 00:00:00-04:00,15.195392608642578,15.195392608642578,15.195392608642578,15.195392608642578,1000,0.0,0.0
2023-09-21 00:00:00-04:00,15.166505101194472,15.166505101194472,14.588733110954522,14.78132438659668,20500,0.0,0.0
2023-09-22 00:00:00-04:00,14.713916778564453,14.713916778564453,14.713916778564453,14.713916778564453,400,0.0,0.0
2023-09-25 00:00:00-04:00,14.916136639812374,14.916136639812374,14.790952682495117,14.790952682495117,1500,0.0,0.0
2023-09-26 00:00:00-04:00,14.636879920959473,14.636879920959473,14.636879920959473,14.636879920959473,500,0.0,0.0
2023-09-27 00:00:00-04:00,14.887247827362058,14.887247827362058,14.636879920959473,14.636879920959473,2700,0.0,0.0
2023-09-28 00:00:00-04:00,14.598362449011443,14.752434730529785,14.598362449011443,14.752434730529785,2000,0.0,0.0
2023-09-29 00:00:00-04:00,14.723546644936413,14.752434968601486,14.675398826599121,14.675398826599121,800,0.0,0.0
2023-10-02 00:00:00-04:00,14.453919774180608,14.91613661424285,14.453919774180608,14.646510124206543,3100,0.0,0.0
2023-10-03 00:00:00-04:00,14.636880155874737,14.713916294720667,14.559844017028809,14.559844017028809,1700,0.0,0.0
2023-10-04 00:00:00-04:00,14.685028319633217,14.916136741638184,14.685028319633217,14.916136741638184,1700,0.0,0.0
2023-10-05 00:00:00-04:00,14.81021182467355,14.92576603214055,14.81021182467355,14.906506538391113,1900,0.0,0.0
2023-10-06 00:00:00-04:00,14.781323954640238,14.916136741638184,14.781323954640238,14.916136741638184,1900,0.0,0.0
2023-10-09 00:00:00-04:00,14.781322871394346,14.925765394976203,14.482807159423828,14.482807159423828,5400,0.0,0.0
2023-10-10 00:00:00-04:00,14.713915833281325,14.916135920995918,14.550213813781738,14.550213813781738,2700,0.0,0.0
2023-10-11 00:00:00-04:00,14.713916778564453,14.713916778564453,14.713916778564453,14.713916778564453,700,0.0,0.0
2023-10-12 00:00:00-04:00,14.588732401885526,14.829470566394154,14.588732401885526,14.7042875289917,900,0.0,0.0
2023-10-13 00:00:00-04:00,14.771693620947756,14.771693620947756,14.636879920959473,14.636879920959473,1600,0.0,0.0
2023-10-16 00:00:00-04:00,14.819841384887695,14.819841384887695,14.819841384887695,14.819841384887695,900,0.0,0.0
2023-10-17 00:00:00-04:00,14.877618451251815,14.877618451251815,14.444289936815979,14.82947063446045,2400,0.0,0.0
2023-10-18 00:00:00-04:00,14.925766607559433,14.925766607559433,14.636880618583183,14.877618789672852,4700,0.0,0.0
2023-10-19 00:00:00-04:00,14.790952682495117,14.790952682495117,14.790952682495117,14.790952682495117,300,0.0,0.0
2023-10-20 00:00:00-04:00,14.790952682495117,14.790952682495117,14.790952682495117,14.790952682495117,300,0.0,0.0
2023-10-23 00:00:00-04:00,15.099097664959876,15.224281618161168,14.636879920959473,14.636879920959473,2300,0.0,0.0
2023-10-24 00:00:00-04:00,15.243540043100005,15.243540043100005,15.16650390625,15.16650390625,400,0.0,0.0
2023-10-25 00:00:00-04:00,14.925765896166824,15.166504055782418,14.636879920959473,14.636879920959473,1100,0.0,0.0
2023-10-26 00:00:00-04:00,14.76206395099787,15.16650413472465,14.617621421813965,14.617621421813965,1100,0.0,0.0
2023-10-27 00:00:00-04:00,15.16650390625,15.16650390625,15.16650390625,15.16650390625,200,0.0,0.0
2023-10-30 00:00:00-04:00,14.877617485747614,15.166503449404912,14.713915470286585,15.15687370300293,1200,0.0,0.0
2023-10-31 00:00:00-04:00,15.15687370300293,15.15687370300293,15.15687370300293,15.15687370300293,400,0.0,0.0
2023-11-01 00:00:00-04:00,15.166504271640495,15.166504271640495,14.617621553774763,14.887248039245605,2200,0.0,0.0
2023-11-02 00:00:00-04:00,14.877618789672852,14.877618789672852,14.877618789672852,14.877618789672852,1000,0.0,0.0
2023-11-03 00:00:00-04:00,14.87761856974116,14.87761856974116,14.73317603655991,14.790952682495117,1300,0.0,0.0
2023-11-06 00:00:00-05:00,14.68502762934406,14.723545697867626,14.511695861816406,14.511695861816406,1600,0.0,0.0
2023-11-07 00:00:00-05:00,14.588731503576039,14.5983612499658,14.357623100280762,14.357623100280762,10000,0.0,0.0
2023-11-08 00:00:00-05:00,14.762064814483871,14.800582885742188,14.62725110590814,14.800582885742188,1900,0.0,0.0
2023-11-09 00:00:00-05:00,14.762063980102539,14.762063980102539,14.762063980102539,14.762063980102539,1100,0.0,0.0
2023-11-10 00:00:00-05:00,14.405771867051532,15.118356616865414,14.290217657758191,14.82947063446045,3700,0.0,0.0
2023-11-13 00:00:00-05:00,14.82947063446045,14.82947063446045,14.82947063446045,14.82947063446045,200,0.0,0.0
2023-11-14 00:00:00-05:00,14.68502819421173,14.68502819421173,14.646510124206543,14.646510124206543,1400,0.0,0.0
2023-11-15 00:00:00-05:00,14.733175775069906,14.925766122007817,14.685027958749625,14.723546028137207,5600,0.0,0.0
2023-11-16 00:00:00-05:00,14.78132438659668,14.78132438659668,14.72354682023538,14.78132438659668,1000,0.0,0.0
2023-11-17 00:00:00-05:00,14.665769156497177,14.685028651270821,14.396142658068973,14.656140327453613,9000,0.0,0.0
2023-11-20 00:00:00-05:00,14.492437237102521,14.694657325744629,14.492437237102521,14.694657325744629,5700,0.0,0.0
2023-11-21 00:00:00-05:00,14.723546273427814,14.97391418778977,14.723546273427814,14.954654693603516,1200,0.0,0.0
2023-11-22 00:00:00-05:00,14.973914058060295,14.973914058060295,14.357624024587883,14.685028076171875,4100,0.0,0.0
2023-11-24 00:00:00-05:00,15.166503757470627,15.166503757470627,15.060579299926758,15.060579299926758,900,0.0,0.0
2023-11-27 00:00:00-05:00,15.060580211909706,15.060580211909706,14.752434730529785,14.752434730529785,800,0.0,0.0
2023-11-28 00:00:00-05:00,15.002801778956389,15.041319847106934,15.002801778956389,15.041319847106934,700,0.0,0.0
2023-11-29 00:00:00-05:00,15.214813475946594,15.253800789977602,15.156332969665527,15.156332969665527,3600,0.188,0.0
2023-11-30 00:00:00-05:00,14.766459548517062,15.107599258422852,14.766459548517062,15.107599258422852,1200,0.0,0.0
2023-12-01 00:00:00-05:00,15.107598352935382,15.214813232421875,15.058863978793932,15.214813232421875,3400,0.0,0.0
2023-12-04 00:00:00-05:00,14.932155099830435,15.019876788095534,14.902914846919028,14.941902160644531,5300,0.0,0.0
2023-12-05 00:00:00-05:00,14.678738504653493,15.05886459350586,14.678738504653493,15.05886459350586,2300,0.0,0.0
2023-12-06 00:00:00-05:00,14.89316842633923,15.195320817849094,14.89316842633923,15.019877433776855,3400,0.0,0.0
2023-12-07 00:00:00-05:00,15.097852084018385,15.253801345825195,15.039371575606292,15.253801345825195,2500,0.0,0.0
2023-12-08 00:00:00-05:00,15.146585927528362,15.351269558827294,15.029623985290527,15.029623985290527,5400,0.0,0.0
2023-12-11 00:00:00-05:00,15.078358540448276,15.253800991136,15.029624164884115,15.224560737609863,1800,0.0,0.0
2023-12-12 00:00:00-05:00,15.107599307597393,15.15633368481841,14.854181289672852,14.854181289672852,4200,0.0,0.0
2023-12-13 00:00:00-05:00,14.941902802973843,15.107599125812975,14.83468791800243,15.019877433776855,4700,0.0,0.0
2023-12-14 00:00:00-05:00,15.019877614505749,15.15633368481841,14.854181289672852,14.854181289672852,9900,0.0,0.0
2023-12-15 00:00:00-05:00,14.863928416151403,15.039371803103418,14.863928416151403,14.961397171020508,5600,0.0,0.0
2023-12-18 00:00:00-05:00,15.107598604378449,15.13683885753763,14.668991088867188,14.668991088867188,9600,0.0,0.0
2023-12-19 00:00:00-05:00,10.234180242557708,14.006206563270977,10.010003407228911,13.752788543701172,39600,0.0,0.0
2023-12-20 00:00:00-05:00,14.132914871186228,14.249876813748891,13.791775174896962,13.928231239318848,2900,0.0,0.0
2023-12-21 00:00:00-05:00,13.772282001645403,13.86000369107163,13.665067119863842,13.801522254943848,2600,0.0,0.0
2023-12-22 00:00:00-05:00,14.045194182290377,14.045194182290377,13.937979293020643,14.035447120666504,1200,0.0,0.0
2023-12-26 00:00:00-05:00,14.006205748991826,14.006205748991826,13.674813116440713,13.713800430297852,1000,0.0,0.0
2023-12-27 00:00:00-05:00,13.86000367187335,13.928231239318848,13.840509550014128,13.928231239318848,1300,0.0,0.0
2023-12-28 00:00:00-05:00,13.791775438705947,14.093927826587228,13.694307616138145,13.7430419921875,3100,0.0,0.0
2023-12-29 00:00:00-05:00,13.70405429898173,13.840509432716269,13.70405429898173,13.713800430297852,800,0.0,0.0
2024-01-02 00:00:00-05:00,13.684561191936792,13.879497775676159,13.684561191936792,13.821017265319824,2000,0.0,0.0
2024-01-03 00:00:00-05:00,13.791775040032242,13.840509414672852,13.791775040032242,13.840509414672852,400,0.0,0.0
2024-01-04 00:00:00-05:00,13.840510018788947,13.840510018788947,13.450636863708496,13.450636863708496,1100,0.0,0.0
2024-01-05 00:00:00-05:00,13.713800334908473,13.713800334908473,13.499370574951172,13.499370574951172,2800,0.0,0.0
2024-01-08 00:00:00-05:00,13.47987671845953,14.00620592698501,13.47987671845953,13.548104286193848,1700,0.0,0.0
2024-01-09 00:00:00-05:00,13.567598870643481,13.791775703430176,13.567598870643481,13.791775703430176,500,0.0,0.0
2024-01-10 00:00:00-05:00,13.548104286193848,13.548104286193848,13.548104286193848,13.548104286193848,800,0.0,0.0
2024-01-11 00:00:00-05:00,13.684560421072538,13.684560421072538,13.655320167541504,13.655320167541504,1000,0.0,0.0
2024-01-12 00:00:00-05:00,14.035447120666504,14.035447120666504,14.035447120666504,14.035447120666504,400,0.0,0.0
2024-01-16 00:00:00-05:00,13.665066886369873,14.025699769324897,13.645572764816743,13.986712455749512,2600,0.0,0.0
2024-01-17 00:00:00-05:00,13.937978262670862,14.62025672387904,13.937978262670862,14.181649208068848,4300,0.0,0.0
2024-01-18 00:00:00-05:00,14.386333309947497,14.591016947958044,14.366839187503198,14.425320625305176,1500,0.0,0.0
2024-01-19 00:00:00-05:00,14.756713447780141,14.756713447780141,14.620257377624512,14.620257377624512,700,0.0,0.0
2024-01-22 00:00:00-05:00,14.620257377624512,14.620257377624512,14.620257377624512,14.620257377624512,300,0.0,0.0
2024-01-23 00:00:00-05:00,14.727471624897111,14.727471624897111,14.054940223693848,14.054940223693848,1100,0.0,0.0
2024-01-24 00:00:00-05:00,14.366839408874512,14.513042540866769,13.97696624929036,14.366839408874512,3200,0.0,0.0
2024-01-25 00:00:00-05:00,14.55202936523991,14.610509872436523,14.55202936523991,14.610509872436523,1200,0.0,0.0
2024-01-26 00:00:00-05:00,14.727471351623535,14.727471351623535,14.727471351623535,14.727471351623535,1500,0.0,0.0
2024-01-29 00:00:00-05:00,14.727471351623535,14.727471351623535,14.727471351623535,14.727471351623535,300,0.0,0.0
2024-01-30 00:00:00-05:00,14.66899137787147,15.029624272376076,14.66899137787147,14.71772575378418,2300,0.0,0.0
2024-01-31 00:00:00-05:00,14.240130424499512,14.240130424499512,14.240130424499512,14.240130424499512,600,0.0,0.0
2024-02-01 00:00:00-05:00,14.454560856674036,14.552029609680176,14.454560856674036,14.552029609680176,500,0.0,0.0
2024-02-02 00:00:00-05:00,15.244054687930635,15.244054687930635,14.542282104492188,14.542282104492188,700,0.0,0.0
2024-02-05 00:00:00-05:00,14.620257878707626,14.620257878707626,14.152410072763844,14.3765869140625,1300,0.0,0.0
2024-02-06 00:00:00-05:00,14.298611078720908,14.366838645640835,14.074433326721191,14.074433326721191,3400,0.0,0.0
2024-02-07 00:00:00-05:00,14.357091970004296,14.357091970004296,13.7430419921875,13.7430419921875,2100,0.0,0.0
2024-02-08 00:00:00-05:00,14.045193933474323,14.220637321472168,13.694308087009576,14.220637321472168,1600,0.0,0.0
2024-02-09 00:00:00-05:00,14.093928097111077,14.230384166762278,13.791775703430176,13.791775703430176,2700,0.0,0.0
2024-02-12 00:00:00-05:00,13.967219247147233,14.474055286286847,13.752788543701172,13.752788543701172,2700,0.0,0.0
2024-02-13 00:00:00-05:00,13.450636095940354,13.645572662353516,13.450636095940354,13.645572662353516,800,0.0,0.0
2024-02-14 00:00:00-05:00,13.645574020127118,14.3765869140625,13.645574020127118,14.3765869140625,2700,0.0,0.0
2024-02-15 00:00:00-05:00,14.3765869140625,14.3765869140625,14.3765869140625,14.3765869140625,0,0.0,0.0
2024-02-16 00:00:00-05:00,13.91848444462191,14.084180765471174,13.694307616138145,13.7430419921875,3700,0.0,0.0
2024-02-20 00:00:00-05:00,13.791775068656078,14.074433326721191,13.791775068656078,14.074433326721191,800,0.0,0.0
2024-02-21 00:00:00-05:00,13.782028603595322,13.91848373413086,13.66506666476592,13.91848373413086,1300,0.0,0.0
2024-02-22 00:00:00-05:00,13.93797819288134,14.074433326721191,13.93797819288134,14.074433326721191,3700,0.0,0.0
2024-02-23 00:00:00-05:00,14.035446012833965,14.074433326721191,14.035446012833965,14.074433326721191,800,0.0,0.0
2024-02-26 00:00:00-05:00,13.889243789313461,13.889243789313461,13.791775040032242,13.840509414672852,5300,0.0,0.0
2024-02-27 00:00:00-05:00,13.830763019111815,14.035446658823155,13.791775703430176,13.791775703430176,3200,0.0,0.0
2024-02-28 00:00:00-05:00,13.789800091328575,14.076264381408691,13.789800091328575,14.076264381408691,1200,0.188,0.0
2024-02-29 00:00:00-05:00,14.086142639376753,14.204679489135742,14.086142639376753,14.204679489135742,1300,0.0,0.0
2024-03-01 00:00:00-05:00,13.809556007385254,13.809556007385254,13.809556007385254,13.809556007385254,400,0.0,0.0
2024-03-04 00:00:00-05:00,13.898458480834961,13.898458480834961,13.898458480834961,13.898458480834961,1300,0.0,0.0
2024-03-05 00:00:00-05:00,13.671263136416474,13.77004337310791,13.641629159613757,13.77004337310791,1500,0.0,0.0
2024-03-06 00:00:00-05:00,13.779921679391194,13.779921679391194,13.77004337310791,13.77004337310791,1000,0.0,0.0
2024-03-07 00:00:00-05:00,13.770043334137466,14.086142539978027,13.770043334137466,14.086142539978027,800,0.0,0.0
2024-03-08 00:00:00-05:00,13.700897321425341,13.700897321425341,13.63175106048584,13.63175106048584,700,0.0,0.0
2024-03-11 00:00:00-04:00,13.839190635346029,13.839190635346029,13.641629219055176,13.641629219055176,1100,0.0,0.0
2024-03-12 00:00:00-04:00,13.799678501665046,13.849069091784898,13.63175106048584,13.63175106048584,1500,0.0,0.0
2024-03-13 00:00:00-04:00,13.947849986508132,14.046631171397504,13.631751702137652,13.839191436767578,9300,0.0,0.0
2024-03-14 00:00:00-04:00,13.947849892457361,13.947849892457361,13.315652385932134,13.720654487609863,10900,0.0,0.0
2024-03-15 00:00:00-04:00,13.651506985638335,13.651506985638335,12.782235786294395,13.552726745605469,6700,0.0,0.0
2024-03-18 00:00:00-04:00,13.236627037813381,13.730531045822048,12.782235312763525,13.710775375366211,10000,0.0,0.0
2024-03-19 00:00:00-04:00,13.434189782594295,13.99724006652832,13.434189782594295,13.99724006652832,4300,0.0,0.0
2024-03-20 00:00:00-04:00,13.829312863617558,14.1058988571167,13.829312863617558,14.1058988571167,1100,0.0,0.0
2024-03-21 00:00:00-04:00,14.115776820314924,14.115776820314924,13.878703117370605,13.878703117370605,1500,0.0,0.0
2024-03-22 00:00:00-04:00,13.720653982074392,13.878703117370605,13.720653982074392,13.878703117370605,700,0.0,0.0
2024-03-25 00:00:00-04:00,13.878703117370605,13.878703117370605,13.878703117370605,13.878703117370605,0,0.0,0.0
2024-03-26 00:00:00-04:00,13.58236026763916,13.58236026763916,13.58236026763916,13.58236026763916,600,0.0,0.0
2024-03-27 00:00:00-04:00,13.562603950500488,13.562603950500488,13.562603950500488,13.562603950500488,600,0.0,0.0
2024-03-28 00:00:00-04:00,13.700897116929264,13.700897116929264,13.58236026763916,13.58236026763916,800,0.0,0.0
2024-04-01 00:00:00-04:00,13.611994604056655,13.651506888197206,13.434189796447754,13.434189796447754,2800,0.0,0.0
2024-04-02 00:00:00-04:00,13.513213960572172,13.710775375366211,13.513213960572172,13.710775375366211,1500,0.0,0.0
2024-04-03 00:00:00-04:00,13.671263950762011,13.799679113952507,13.463824216692316,13.592239379882812,2100,0.0,0.0
2024-04-04 00:00:00-04:00,13.799678802490234,13.799678802490234,13.799678802490234,13.799678802490234,500,0.0,0.0
2024-04-05 00:00:00-04:00,13.829312780389289,13.829312780389289,13.799678802490234,13.799678802490234,600,0.0,0.0
2024-04-08 00:00:00-04:00,13.829312997231197,13.829312997231197,13.453945817117832,13.473702430725098,2600,0.0,0.0
2024-04-09 00:00:00-04:00,13.45394550992429,13.493457794189453,13.45394550992429,13.493457794189453,1700,0.0,0.0
2024-04-10 00:00:00-04:00,13.483579583064522,13.72065423238096,13.483579583064522,13.611994743347168,1400,0.0,0.0
2024-04-11 00:00:00-04:00,13.611994743347168,13.611994743347168,13.611994743347168,13.611994743347168,200,0.0,0.0
2024-04-12 00:00:00-04:00,13.631751463470602,13.631751463470602,13.453945710601664,13.542848587036133,3100,0.0,0.0
2024-04-15 00:00:00-04:00,13.552726341806647,13.829312324523926,13.43418949207067,13.829312324523926,10700,0.0,0.0
2024-04-16 00:00:00-04:00,13.651506676123294,13.651506676123294,13.572482109069824,13.572482109069824,600,0.0,0.0
2024-04-17 00:00:00-04:00,13.829312875577882,13.829312875577882,13.730531692504883,13.730531692504883,1400,0.0,0.0
2024-04-18 00:00:00-04:00,13.76016606435639,13.829312324523926,13.641629214620414,13.829312324523926,1000,0.0,0.0
2024-04-19 00:00:00-04:00,13.829312324523926,13.829312324523926,13.829312324523926,13.829312324523926,3100,0.0,0.0
2024-04-22 00:00:00-04:00,13.651507393255208,13.651507393255208,13.463824272155762,13.463824272155762,1300,0.0,0.0
2024-04-23 00:00:00-04:00,13.463824272155762,13.463824272155762,13.463824272155762,13.463824272155762,300,0.0,0.0
2024-04-24 00:00:00-04:00,13.463824272155762,13.463824272155762,13.463824272155762,13.463824272155762,300,0.0,0.0
2024-04-25 00:00:00-04:00,13.463824272155762,13.463824272155762,13.463824272155762,13.463824272155762,300,0.0,0.0
2024-04-26 00:00:00-04:00,13.463824272155762,13.463824272155762,13.463824272155762,13.463824272155762,300,0.0,0.0
2024-04-29 00:00:00-04:00,13.463824272155762,13.463824272155762,13.463824272155762,13.463824272155762,400,0.0,0.0
2024-04-30 00:00:00-04:00,13.493457751634999,13.63175121715051,13.434189796447754,13.434189796447754,1200,0.0,0.0
2024-05-01 00:00:00-04:00,13.44406730914288,13.453945615798698,13.424311637878418,13.424311637878418,1400,0.0,0.0
2024-05-02 00:00:00-04:00,13.286018371582031,13.286018371582031,13.286018371582031,13.286018371582031,700,0.0,0.0
2024-05-03 00:00:00-04:00,13.384799003601074,13.384799003601074,13.384799003601074,13.384799003601074,500,0.0,0.0
2024-05-06 00:00:00-04:00,13.67126323829945,13.67126323829945,13.325530052185059,13.325530052185059,1600,0.0,0.0
2024-05-07 00:00:00-04:00,13.355165481567383,13.355165481567383,13.355165481567383,13.355165481567383,3000,0.0,0.0
2024-05-08 00:00:00-04:00,13.355165481567383,13.355165481567383,13.355165481567383,13.355165481567383,1200,0.0,0.0
2024-05-09 00:00:00-04:00,13.7898000412786,13.829312324523926,13.7898000412786,13.829312324523926,1800,0.0,0.0
2024-05-10 00:00:00-04:00,13.829312833562058,13.829312833562058,13.226750256379553,13.671263694763184,800,0.0,0.0
2024-05-13 00:00:00-04:00,13.256384541229153,13.276140213012695,13.256384541229153,13.276140213012695,1600,0.0,0.0
2024-05-14 00:00:00-04:00,13.216871552225935,14.718339267709254,13.216871552225935,14.510899543762207,18100,0.0,0.0
2024-05-15 00:00:00-04:00,14.817121070907039,15.656758308410645,14.372607627189264,15.656758308410645,10000,0.0,0.0
2024-05-16 00:00:00-04:00,15.508586147134146,15.508586147134146,14.817120702748642,14.994926452636719,2800,0.0,0.0
2024-05-17 00:00:00-04:00,14.244192565041134,15.054194887825659,14.244192565041134,14.402241706848145,800,0.0,0.0
2024-05-20 00:00:00-04:00,14.382485519953748,15.31102466583252,14.382485519953748,15.31102466583252,18500,0.0,0.0
2024-05-21 00:00:00-04:00,15.311023888221154,16.0518798828125,15.311023888221154,16.0518798828125,4500,0.0,0.0
2024-05-22 00:00:00-04:00,15.350536593954972,15.80492832086163,15.350536593954972,15.459195137023926,1300,0.0,0.0
2024-05-23 00:00:00-04:00,15.893831521355706,15.893831521355706,14.876389503479004,14.876389503479004,2400,0.0,0.0
2024-05-24 00:00:00-04:00,15.81480756124759,15.844442481873518,15.34065919375188,15.399928092956543,2100,0.0,0.0
2024-05-28 00:00:00-04:00,15.429561840983702,15.429561840983702,14.086143213572676,14.915902137756348,1900,0.0,0.0
2024-05-29 00:00:00-04:00,14.915902137756348,14.915902137756348,14.915902137756348,14.915902137756348,300,0.0,0.0
2024-05-30 00:00:00-04:00,15.311024920338507,15.311024920338507,15.232000350952148,15.232000350952148,600,0.0,0.0
2024-05-31 00:00:00-04:00,15.220000267028809,15.630000114440918,14.109999656677246,14.739999771118164,1500,0.188,0.0
2024-06-03 00:00:00-04:00,15.399999618530273,15.399999618530273,14.899999618530273,14.899999618530273,600,0.0,0.0
2024-06-04 00:00:00-04:00,14.350000381469727,14.869999885559082,14.350000381469727,14.869999885559082,700,0.0,0.0
2024-06-05 00:00:00-04:00,14.869999885559082,14.869999885559082,14.869999885559082,14.869999885559082,1200,0.0,0.0
2024-06-06 00:00:00-04:00,14.869999885559082,14.869999885559082,14.869999885559082,14.869999885559082,0,0.0,0.0
2024-06-07 00:00:00-04:00,14.869999885559082,14.869999885559082,14.869999885559082,14.869999885559082,0,0.0,0.0
2024-06-10 00:00:00-04:00,14.5,14.510000228881836,14.239999771118164,14.510000228881836,1600,0.0,0.0
2024-06-11 00:00:00-04:00,14.510000228881836,14.890000343322754,14.510000228881836,14.890000343322754,1000,0.0,0.0
2024-06-12 00:00:00-04:00,15.210000038146973,15.4399995803833,14.600000381469727,15.4399995803833,1100,0.0,0.0
2024-06-13 00:00:00-04:00,15.4399995803833,15.4399995803833,15.4399995803833,15.4399995803833,600,0.0,0.0
2024-06-14 00:00:00-04:00,14.6899995803833,15.0,14.430000305175781,15.0,1200,0.0,0.0
2024-06-17 00:00:00-04:00,14.729999542236328,15.399999618530273,14.270000457763672,14.279999732971191,16600,0.0,0.0
2024-06-18 00:00:00-04:00,14.770000457763672,14.930000305175781,14.710000038146973,14.710000038146973,1200,0.0,0.0
2024-06-20 00:00:00-04:00,14.350000381469727,14.479999542236328,13.600000381469727,13.800000190734863,2300,0.0,0.0
2024-06-21 00:00:00-04:00,14.130000114440918,14.130000114440918,13.949999809265137,14.0,3800,0.0,0.0
2024-06-24 00:00:00-04:00,14.350000381469727,14.350000381469727,13.600000381469727,13.600000381469727,1300,0.0,0.0
2024-06-25 00:00:00-04:00,13.75,13.850000381469727,13.5,13.75,5900,0.0,0.0
2024-06-26 00:00:00-04:00,13.75,13.75,13.75,13.75,600,0.0,0.0
2024-06-27 00:00:00-04:00,13.609999656677246,13.75,13.350000381469727,13.489999771118164,3500,0.0,0.0
2024-06-28 00:00:00-04:00,13.329999923706055,13.4399995803833,12.979999542236328,13.109999656677246,8500,0.0,0.0
2024-07-01 00:00:00-04:00,13.34000015258789,13.489999771118164,13.050000190734863,13.050000190734863,700,0.0,0.0
2024-07-02 00:00:00-04:00,13.430000305175781,13.430000305175781,13.239999771118164,13.239999771118164,1400,0.0,0.0
2024-07-03 00:00:00-04:00,13.550000190734863,13.550000190734863,13.25,13.380000114440918,1600,0.0,0.0
2024-07-05 00:00:00-04:00,13.380000114440918,13.380000114440918,13.380000114440918,13.380000114440918,0,0.0,0.0
2024-07-08 00:00:00-04:00,13.380000114440918,13.380000114440918,13.380000114440918,13.380000114440918,0,0.0,0.0
2024-07-09 00:00:00-04:00,13.380000114440918,13.380000114440918,13.380000114440918,13.380000114440918,0,0.0,0.0
2024-07-10 00:00:00-04:00,13.390000343322754,13.390000343322754,13.199999809265137,13.199999809265137,9700,0.0,0.0
2024-07-11 00:00:00-04:00,13.199999809265137,13.199999809265137,13.199999809265137,13.199999809265137,200,0.0,0.0
2024-07-12 00:00:00-04:00,13.069999694824219,13.489999771118164,13.069999694824219,13.489999771118164,900,0.0,0.0
2024-07-15 00:00:00-04:00,13.489999771118164,13.5,13.069999694824219,13.069999694824219,2300,0.0,0.0
2024-07-16 00:00:00-04:00,13.449999809265137,13.449999809265137,13.289999961853027,13.300000190734863,900,0.0,0.0
2024-07-17 00:00:00-04:00,13.539999961853027,13.539999961853027,13.539999961853027,13.539999961853027,700,0.0,0.0
2024-07-18 00:00:00-04:00,13.5,13.800000190734863,13.479999542236328,13.5,2400,0.0,0.0
2024-07-19 00:00:00-04:00,13.449999809265137,13.5,13.449999809265137,13.5,600,0.0,0.0
2024-07-22 00:00:00-04:00,13.5,13.5,13.5,13.5,0,0.0,0.0
2024-07-23 00:00:00-04:00,13.260000228881836,13.779999732971191,13.260000228881836,13.779999732971191,800,0.0,0.0
2024-07-24 00:00:00-04:00,13.779999732971191,13.779999732971191,13.779999732971191,13.779999732971191,0,0.0,0.0
2024-07-25 00:00:00-04:00,13.260000228881836,13.260000228881836,13.260000228881836,13.260000228881836,400,0.0,0.0
2024-07-26 00:00:00-04:00,13.369999885559082,13.420000076293945,13.34000015258789,13.380000114440918,900,0.0,0.0
2024-07-29 00:00:00-04:00,13.829999923706055,13.829999923706055,13.770000457763672,13.770000457763672,900,0.0,0.0
2024-07-30 00:00:00-04:00,13.359999656677246,13.359999656677246,13.319999694824219,13.319999694824219,500,0.0,0.0
2024-07-31 00:00:00-04:00,13.420000076293945,13.420000076293945,13.420000076293945,13.420000076293945,300,0.0,0.0
2024-08-01 00:00:00-04:00,13.75,13.75,13.569999694824219,13.569999694824219,900,0.0,0.0
2024-08-02 00:00:00-04:00,13.520000457763672,13.520000457763672,13.260000228881836,13.3100004196167,8300,0.0,0.0
2024-08-05 00:00:00-04:00,13.199999809265137,13.199999809265137,11.3100004196167,12.220000267028809,5700,0.0,0.0
2024-08-06 00:00:00-04:00,12.680000305175781,13.239999771118164,12.680000305175781,13.0,1700,0.0,0.0
2024-08-07 00:00:00-04:00,12.90999984741211,12.90999984741211,12.90999984741211,12.90999984741211,500,0.0,0.0
2024-08-08 00:00:00-04:00,12.760000228881836,12.760000228881836,12.760000228881836,12.760000228881836,200,0.0,0.0
2024-08-09 00:00:00-04:00,12.300000190734863,12.350000381469727,11.520000457763672,12.260000228881836,21000,0.0,0.0
2024-08-12 00:00:00-04:00,12.729999542236328,12.729999542236328,11.989999771118164,11.989999771118164,4400,0.0,0.0
2024-08-13 00:00:00-04:00,11.430000305175781,12.119999885559082,11.0,11.800000190734863,10300,0.0,0.0
2024-08-14 00:00:00-04:00,11.5,11.600000381469727,11.210000038146973,11.59000015258789,5300,0.0,0.0
2024-08-15 00:00:00-04:00,11.579999923706055,11.920000076293945,11.239999771118164,11.550000190734863,10700,0.0,0.0
2024-08-16 00:00:00-04:00,11.550000190734863,11.550000190734863,11.550000190734863,11.550000190734863,600,0.0,0.0
2024-08-19 00:00:00-04:00,11.550000190734863,12.069999694824219,11.550000190734863,12.069999694824219,3000,0.0,0.0
2024-08-20 00:00:00-04:00,12.880000114440918,13.100000381469727,11.949999809265137,12.520000457763672,12000,0.0,0.0
2024-08-21 00:00:00-04:00,12.520000457763672,12.520000457763672,12.520000457763672,12.520000457763672,0,0.0,0.0
2024-08-22 00:00:00-04:00,12.819999694824219,12.859999656677246,12.819999694824219,12.859999656677246,800,0.0,0.0
2024-08-23 00:00:00-04:00,12.859999656677246,12.859999656677246,12.859999656677246,12.859999656677246,0,0.0,0.0
2024-08-26 00:00:00-04:00,13.880000114440918,13.880000114440918,13.880000114440918,13.880000114440918,700,0.0,0.0
2024-08-27 00:00:00-04:00,13.5,13.5,12.6899995803833,12.6899995803833,2400,0.0,0.0
2024-08-28 00:00:00-04:00,13.25,13.25,13.25,13.25,500,0.0,0.0
2024-08-29 00:00:00-04:00,13.25,13.25,13.25,13.25,0,0.0,0.0
2024-08-30 00:00:00-04:00,12.430000305175781,13.239999771118164,12.430000305175781,13.239999771118164,400,0.0,0.0
2024-09-03 00:00:00-04:00,12.5,12.5,12.300000190734863,12.300000190734863,4600,0.0,0.0
2024-09-04 00:00:00-04:00,12.329999923706055,12.960000038146973,12.25,12.300000190734863,10300,0.0,0.0
2024-09-05 00:00:00-04:00,11.449999809265137,12.609999656677246,11.449999809265137,12.430000305175781,10900,0.0,0.0
2024-09-06 00:00:00-04:00,11.600000381469727,12.430000305175781,11.59000015258789,11.59000015258789,9400,0.0,0.0
2024-09-09 00:00:00-04:00,11.979999542236328,12.880000114440918,11.5,11.5,15300,0.0,0.0
2024-09-10 00:00:00-04:00,11.800000190734863,12.0,11.800000190734863,12.0,1000,0.0,0.0
2024-09-11 00:00:00-04:00,11.640000343322754,12.1899995803833,11.300000190734863,11.800000190734863,13600,0.0,0.0
2024-09-12 00:00:00-04:00,12.149999618530273,12.199999809265137,11.640000343322754,11.65999984741211,1600,0.0,0.0
2024-09-13 00:00:00-04:00,12.130000114440918,12.130000114440918,11.520000457763672,11.520000457763672,2300,0.0,0.0
2024-09-16 00:00:00-04:00,11.800000190734863,11.899999618530273,11.59000015258789,11.800000190734863,5900,0.0,0.0
2024-09-17 00:00:00-04:00,12.020000457763672,12.670000076293945,11.789999961853027,11.789999961853027,16600,0.0,0.0
2024-09-18 00:00:00-04:00,11.859999656677246,12.270000457763672,11.5,11.5,12700,0.0,0.0
2024-09-19 00:00:00-04:00,11.800000190734863,12.100000381469727,11.550000190734863,12.069999694824219,5900,0.0,0.0
2024-09-20 00:00:00-04:00,11.619999885559082,12.4399995803833,11.619999885559082,12.4399995803833,16500,0.0,0.0
2024-09-23 00:00:00-04:00,12.300000190734863,12.4399995803833,11.760000228881836,11.779999732971191,6500,0.0,0.0
2024-09-24 00:00:00-04:00,11.789999961853027,11.789999961853027,11.609999656677246,11.609999656677246,2400,0.0,0.0
2024-09-25 00:00:00-04:00,11.600000381469727,12.050000190734863,11.369999885559082,11.369999885559082,15800,0.0,0.0
2024-09-26 00:00:00-04:00,11.449999809265137,12.0,11.449999809265137,11.710000038146973,13000,0.0,0.0
2024-09-27 00:00:00-04:00,11.720000267028809,11.90999984741211,11.649999618530273,11.680000305175781,8600,0.0,0.0
2024-09-30 00:00:00-04:00,11.460000038146973,12.0,11.460000038146973,11.989999771118164,15800,0.0,0.0
2024-10-01 00:00:00-04:00,11.75,11.75,11.75,11.75,500,0.0,0.0
2024-10-02 00:00:00-04:00,11.0,11.989999771118164,11.0,11.510000228881836,2400,0.0,0.0
2024-10-03 00:00:00-04:00,11.779999732971191,11.779999732971191,11.779999732971191,11.779999732971191,700,0.0,0.0
2024-10-04 00:00:00-04:00,11.989999771118164,12.100000381469727,11.710000038146973,11.710000038146973,2000,0.0,0.0
2024-10-07 00:00:00-04:00,11.800000190734863,12.100000381469727,11.779999732971191,11.899999618530273,7500,0.0,0.0
2024-10-08 00:00:00-04:00,12.100000381469727,12.100000381469727,11.680000305175781,11.699999809265137,6000,0.0,0.0
2024-10-09 00:00:00-04:00,11.6899995803833,11.979999542236328,11.649999618530273,11.850000381469727,8900,0.0,0.0
2024-10-10 00:00:00-04:00,11.699999809265137,11.850000381469727,11.600000381469727,11.850000381469727,5600,0.0,0.0
2024-10-11 00:00:00-04:00,12.100000381469727,12.100000381469727,11.390000343322754,11.800000190734863,2400,0.0,0.0
2024-10-14 00:00:00-04:00,11.760000228881836,12.0,11.630000114440918,11.960000038146973,7000,0.0,0.0
2024-10-15 00:00:00-04:00,11.600000381469727,11.989999771118164,11.600000381469727,11.6899995803833,6800,0.0,0.0
2024-10-16 00:00:00-04:00,11.6899995803833,11.6899995803833,11.6899995803833,11.6899995803833,300,0.0,0.0
2024-10-17 00:00:00-04:00,11.640000343322754,11.800000190734863,11.640000343322754,11.800000190734863,2400,0.0,0.0
2024-10-18 00:00:00-04:00,11.970000267028809,11.970000267028809,11.970000267028809,11.970000267028809,700,0.0,0.0
2024-10-21 00:00:00-04:00,11.739999771118164,11.739999771118164,11.65999984741211,11.65999984741211,1700,0.0,0.0
2024-10-22 00:00:00-04:00,11.529999732971191,11.899999618530273,11.529999732971191,11.75,6400,0.0,0.0
2024-10-23 00:00:00-04:00,11.710000038146973,11.949999809265137,11.520000457763672,11.949999809265137,10600,0.0,0.0
2024-10-24 00:00:00-04:00,11.890000343322754,11.890000343322754,11.890000343322754,11.890000343322754,500,0.0,0.0
2024-10-25 00:00:00-04:00,11.6899995803833,11.6899995803833,11.3100004196167,11.369999885559082,7500,0.0,0.0
2024-10-28 00:00:00-04:00,11.25,11.430000305175781,11.199999809265137,11.199999809265137,2400,0.0,0.0
2024-10-29 00:00:00-04:00,11.300000190734863,11.300000190734863,10.970000267028809,11.100000381469727,4200,0.0,0.0
2024-10-30 00:00:00-04:00,10.979999542236328,11.0,10.75,10.779999732971191,6400,0.0,0.0
2024-10-31 00:00:00-04:00,10.75,10.899999618530273,10.550000190734863,10.899999618530273,6300,0.0,0.0
2024-11-01 00:00:00-04:00,10.699999809265137,10.699999809265137,10.470000267028809,10.470000267028809,1200,0.0,0.0
2024-11-04 00:00:00-05:00,10.470000267028809,10.770000457763672,10.390000343322754,10.529999732971191,10900,0.0,0.0
2024-11-05 00:00:00-05:00,10.649999618530273,10.880000114440918,10.529999732971191,10.850000381469727,1800,0.0,0.0
2024-11-06 00:00:00-05:00,10.75,11.359999656677246,10.380000114440918,10.449999809265137,6500,0.0,0.0
2024-11-07 00:00:00-05:00,10.5,10.699999809265137,10.399999618530273,10.550000190734863,14000,0.0,0.0
2024-11-08 00:00:00-05:00,10.399999618530273,10.600000381469727,10.350000381469727,10.350000381469727,900,0.0,0.0
2024-11-11 00:00:00-05:00,10.800000190734863,10.800000190734863,10.0600004196167,10.359999656677246,1900,0.0,0.0
2024-11-12 00:00:00-05:00,10.449999809265137,10.619999885559082,10.289999961853027,10.380000114440918,3000,0.0,0.0
2024-11-13 00:00:00-05:00,10.369999885559082,10.59000015258789,10.25,10.380000114440918,2600,0.0,0.0
2024-11-14 00:00:00-05:00,9.800000190734863,10.4399995803833,9.800000190734863,10.390000343322754,4600,0.0,0.0
2024-11-15 00:00:00-05:00,10.15999984741211,10.3100004196167,10.15999984741211,10.25,700,0.0,0.0
2024-11-18 00:00:00-05:00,10.25,10.25,10.25,10.25,0,0.0,0.0
2024-11-19 00:00:00-05:00,10.079999923706055,10.15999984741211,10.079999923706055,10.15999984741211,600,0.0,0.0
2024-11-20 00:00:00-05:00,10.270000457763672,10.270000457763672,9.789999961853027,10.100000381469727,10900,0.0,0.0
2024-11-21 00:00:00-05:00,10.15999984741211,10.15999984741211,9.850000381469727,10.09000015258789,3500,0.0,0.0
2024-11-22 00:00:00-05:00,9.930000305175781,10.100000381469727,9.800000190734863,10.100000381469727,3800,0.0,0.0
2024-11-25 00:00:00-05:00,9.949999809265137,10.130000114440918,9.850000381469727,10.010000228881836,4900,0.0,0.0
2024-11-26 00:00:00-05:00,9.899999618530273,10.130000114440918,9.829999923706055,10.0600004196167,10200,0.0,0.0
2024-11-27 00:00:00-05:00,9.90999984741211,10.0,9.84000015258789,10.0,5700,0.0,0.0
2024-11-29 00:00:00-05:00,9.8100004196167,9.979999542236328,9.770000457763672,9.819999694824219,8200,0.0,0.0
2024-12-02 00:00:00-05:00,9.829999923706055,9.989999771118164,9.75,9.989999771118164,7900,0.0,0.0
2024-12-03 00:00:00-05:00,10.0,10.699999809265137,9.989999771118164,10.699999809265137,52000,0.0,0.0
2024-12-04 00:00:00-05:00,10.699999809265137,12.359999656677246,9.75,12.359999656677246,54300,0.0,0.0
2024-12-05 00:00:00-05:00,12.1899995803833,12.430000305175781,11.619999885559082,12.300000190734863,31100,0.0,0.0
2024-12-06 00:00:00-05:00,12.300000190734863,15.380000114440918,12.100000381469727,15.279999732971191,117200,0.0,0.0
2024-12-09 00:00:00-05:00,15.279999732971191,15.510000228881836,14.010000228881836,14.850000381469727,34100,0.0,0.0
2024-12-10 00:00:00-05:00,14.989999771118164,14.989999771118164,13.739999771118164,13.789999961853027,2700,0.0,0.0
2024-12-11 00:00:00-05:00,13.829999923706055,13.829999923706055,12.850000381469727,12.850000381469727,4000,0.0,0.0
2024-12-12 00:00:00-05:00,12.680000305175781,14.100000381469727,12.680000305175781,14.100000381469727,3200,0.0,0.0
2024-12-13 00:00:00-05:00,13.649999618530273,13.649999618530273,13.149999618530273,13.479999542236328,2000,0.0,0.0
2024-12-16 00:00:00-05:00,12.970000267028809,13.100000381469727,12.0,12.010000228881836,5800,0.0,0.0
2024-12-17 00:00:00-05:00,11.5,11.789999961853027,11.350000381469727,11.789999961853027,2100,0.0,0.0
2024-12-18 00:00:00-05:00,11.3100004196167,12.050000190734863,10.739999771118164,10.739999771118164,3900,0.0,0.0
2024-12-19 00:00:00-05:00,10.670000076293945,11.34000015258789,10.670000076293945,11.100000381469727,1900,0.0,0.0
2024-12-20 00:00:00-05:00,11.829999923706055,11.829999923706055,11.029999732971191,11.289999961853027,1900,0.0,0.0
2024-12-23 00:00:00-05:00,10.800000190734863,10.880000114440918,10.279999732971191,10.880000114440918,9600,0.0,0.0
2024-12-24 00:00:00-05:00,10.989999771118164,11.0,10.989999771118164,11.0,800,0.0,0.0
2024-12-26 00:00:00-05:00,11.0,11.680000305175781,10.430000305175781,11.010000228881836,4700,0.0,0.0
2024-12-27 00:00:00-05:00,10.800000190734863,11.949999809265137,10.770000457763672,11.489999771118164,1700,0.0,0.0
2024-12-30 00:00:00-05:00,11.170000076293945,11.449999809265137,11.170000076293945,11.1899995803833,800,0.0,0.0
2024-12-31 00:00:00-05:00,10.970000267028809,11.0,10.010000228881836,11.0,3000,0.0,0.0
2025-01-02 00:00:00-05:00,10.989999771118164,12.949999809265137,10.800000190734863,12.760000228881836,7900,0.0,0.0
2025-01-03 00:00:00-05:00,12.5,15.149999618530273,12.5,14.729999542236328,25000,0.0,0.0
2025-01-06 00:00:00-05:00,15.119999885559082,16.559999465942383,15.119999885559082,16.209999084472656,26500,0.0,0.0
2025-01-07 00:00:00-05:00,16.540000915527344,17.760000228881836,15.050000190734863,15.5600004196167,21900,0.0,0.0
2025-01-08 00:00:00-05:00,15.510000228881836,15.510000228881836,14.329999923706055,14.329999923706055,900,0.0,0.0
2025-01-10 00:00:00-05:00,14.0,15.0,14.0,14.989999771118164,1600,0.0,0.0
2025-01-13 00:00:00-05:00,14.529999732971191,14.529999732971191,14.109999656677246,14.149999618530273,2400,0.0,0.0
2025-01-14 00:00:00-05:00,14.399999618530273,14.399999618530273,13.9399995803833,14.069999694824219,1000,0.0,0.0
2025-01-15 00:00:00-05:00,13.899999618530273,13.899999618530273,13.899999618530273,13.899999618530273,1100,0.0,0.0
2025-01-16 00:00:00-05:00,14.600000381469727,14.600000381469727,13.899999618530273,14.300000190734863,2800,0.0,0.0
2025-01-17 00:00:00-05:00,14.100000381469727,14.100000381469727,13.25,13.90999984741211,2900,0.0,0.0
2025-01-21 00:00:00-05:00,13.619999885559082,14.430000305175781,13.619999885559082,13.859999656677246,4400,0.0,0.0
2025-01-22 00:00:00-05:00,14.199999809265137,14.199999809265137,13.600000381469727,13.600000381469727,2500,0.0,0.0
2025-01-23 00:00:00-05:00,12.979999542236328,14.199999809265137,12.979999542236328,14.199999809265137,1800,0.0,0.0
2025-01-24 00:00:00-05:00,13.600000381469727,14.029999732971191,13.600000381469727,13.75,3300,0.0,0.0
2025-01-27 00:00:00-05:00,13.029999732971191,13.479999542236328,13.029999732971191,13.479999542236328,1400,0.0,0.0
2025-01-28 00:00:00-05:00,13.109999656677246,13.5,12.989999771118164,13.149999618530273,4600,0.0,0.0
2025-01-29 00:00:00-05:00,13.770000457763672,13.770000457763672,13.460000038146973,13.460000038146973,3100,0.0,0.0
2025-01-30 00:00:00-05:00,13.039999961853027,13.550000190734863,13.039999961853027,13.529999732971191,5200,0.0,0.0
2025-01-31 00:00:00-05:00,13.199999809265137,13.800000190734863,13.0,13.3100004196167,10900,0.0,0.0
2025-02-03 00:00:00-05:00,12.979999542236328,13.109999656677246,12.0,12.270000457763672,7500,0.0,0.0
2025-02-04 00:00:00-05:00,12.640000343322754,12.8100004196167,12.449999809265137,12.489999771118164,2700,0.0,0.0
2025-02-05 00:00:00-05:00,13.149999618530273,13.149999618530273,12.75,12.829999923706055,1300,0.0,0.0
2025-02-06 00:00:00-05:00,12.829999923706055,13.359999656677246,12.75,13.0,3000,0.0,0.0
2025-02-07 00:00:00-05:00,12.399999618530273,12.5,12.399999618530273,12.399999618530273,3600,0.0,0.0
2025-02-10 00:00:00-05:00,12.470000267028809,12.6899995803833,12.399999618530273,12.6899995803833,1800,0.0,0.0
2025-02-11 00:00:00-05:00,13.050000190734863,13.050000190734863,12.529999732971191,12.529999732971191,1300,0.0,0.0
2025-02-12 00:00:00-05:00,12.09000015258789,12.149999618530273,12.079999923706055,12.140000343322754,3800,0.0,0.0
2025-02-13 00:00:00-05:00,12.079999923706055,12.300000190734863,10.600000381469727,11.119999885559082,24400,0.0,0.0
2025-02-14 00:00:00-05:00,11.25,11.289999961853027,11.25,11.289999961853027,2000,0.0,0.0
2025-02-18 00:00:00-05:00,11.15999984741211,11.289999961853027,11.149999618530273,11.149999618530273,1700,0.0,0.0
2025-02-19 00:00:00-05:00,11.0,11.260000228881836,11.0,11.130000114440918,1600,0.0,0.0
2025-02-20 00:00:00-05:00,11.130000114440918,11.130000114440918,11.130000114440918,11.130000114440918,0,0.0,0.0
2025-02-21 00:00:00-05:00,11.289999961853027,11.359999656677246,11.289999961853027,11.359999656677246,800,0.0,0.0
2025-02-24 00:00:00-05:00,11.4399995803833,11.4399995803833,10.800000190734863,10.890000343322754,5400,0.0,0.0
2025-02-25 00:00:00-05:00,11.119999885559082,11.119999885559082,10.569999694824219,10.979999542236328,1200,0.0,0.0
2025-02-26 00:00:00-05:00,10.829999923706055,10.989999771118164,10.829999923706055,10.989999771118164,1600,0.0,0.0
2025-02-27 00:00:00-05:00,11.09000015258789,11.09000015258789,10.850000381469727,10.850000381469727,500,0.0,0.0
2025-02-28 00:00:00-05:00,10.520000457763672,10.859999656677246,10.520000457763672,10.850000381469727,1200,0.0,0.0
2025-03-03 00:00:00-05:00,10.819999694824219,10.819999694824219,10.819999694824219,10.819999694824219,800,0.0,0.0
2025-03-04 00:00:00-05:00,10.350000381469727,10.550000190734863,10.25,10.270000457763672,2400,0.0,0.0
2025-03-05 00:00:00-05:00,10.319999694824219,10.619999885559082,10.319999694824219,10.619999885559082,900,0.0,0.0
2025-03-06 00:00:00-05:00,10.350000381469727,10.65999984741211,10.329999923706055,10.65999984741211,1800,0.0,0.0
2025-03-07 00:00:00-05:00,10.5600004196167,10.5600004196167,10.5600004196167,10.5600004196167,700,0.0,0.0
2025-03-10 00:00:00-04:00,10.539999961853027,10.539999961853027,10.109999656677246,10.109999656677246,2400,0.0,0.0
2025-03-11 00:00:00-04:00,10.34000015258789,10.34000015258789,10.0,10.0,1200,0.0,0.0
2025-03-12 00:00:00-04:00,10.100000381469727,10.199999809265137,10.100000381469727,10.170000076293945,23700,0.0,0.0
2025-03-13 00:00:00-04:00,10.430000305175781,10.430000305175781,9.989999771118164,9.989999771118164,1400,0.0,0.0
2025-03-14 00:00:00-04:00,10.0,10.380000114440918,10.0,10.100000381469727,3500,0.0,0.0
2025-03-17 00:00:00-04:00,10.350000381469727,10.350000381469727,10.350000381469727,10.350000381469727,1700,0.0,0.0
2025-03-18 00:00:00-04:00,10.109999656677246,10.109999656677246,10.0,10.0,1600,0.0,0.0
2025-03-19 00:00:00-04:00,10.350000381469727,10.350000381469727,10.350000381469727,10.350000381469727,900,0.0,0.0
2025-03-20 00:00:00-04:00,9.899999618530273,10.869999885559082,9.75,10.140000343322754,18900,0.0,0.0
2025-03-21 00:00:00-04:00,9.850000381469727,10.399999618530273,9.739999771118164,9.989999771118164,8100,0.0,0.0
2025-03-24 00:00:00-04:00,9.59000015258789,10.0,9.59000015258789,9.84000015258789,5800,0.0,0.0
2025-03-25 00:00:00-04:00,9.75,9.819999694824219,8.880000114440918,9.380000114440918,20900,0.0,0.0
2025-03-26 00:00:00-04:00,9.0,10.789999961853027,9.0,10.100000381469727,93200,0.0,0.0
2025-03-27 00:00:00-04:00,10.300000190734863,10.430000305175781,9.770000457763672,9.770000457763672,4200,0.0,0.0
2025-03-28 00:00:00-04:00,10.069999694824219,10.399999618530273,9.119999885559082,9.710000038146973,31900,0.0,0.0
2025-03-31 00:00:00-04:00,9.710000038146973,10.100000381469727,9.619999885559082,10.100000381469727,7200,0.0,0.0
2025-04-01 00:00:00-04:00,9.600000381469727,10.199999809265137,9.40999984741211,10.199999809265137,2700,0.0,0.0
2025-04-02 00:00:00-04:00,9.800000190734863,10.199999809265137,9.800000190734863,10.199999809265137,1000,0.0,0.0
2025-04-03 00:00:00-04:00,9.729999542236328,9.729999542236328,9.300000190734863,9.550000190734863,5300,0.0,0.0
2025-04-04 00:00:00-04:00,9.09000015258789,9.25,9.09000015258789,9.25,900,0.0,0.0
2025-04-07 00:00:00-04:00,8.899999618530273,9.199999809265137,8.850000381469727,9.199999809265137,5200,0.0,0.0
2025-04-08 00:00:00-04:00,9.050000190734863,9.149999618530273,8.800000190734863,8.800000190734863,9200,0.0,0.0
2025-04-09 00:00:00-04:00,8.960000038146973,9.0,8.649999618530273,9.0,4900,0.0,0.0
2025-04-10 00:00:00-04:00,9.0,9.199999809265137,8.600000381469727,8.600000381469727,8200,0.0,0.0
2025-04-11 00:00:00-04:00,8.600000381469727,8.680000305175781,8.25,8.329999923706055,17000,0.0,0.0
2025-04-14 00:00:00-04:00,8.300000190734863,8.300000190734863,8.300000190734863,8.300000190734863,700,0.0,0.0
2025-04-15 00:00:00-04:00,8.710000038146973,8.710000038146973,8.460000038146973,8.680000305175781,1200,0.0,0.0
2025-04-16 00:00:00-04:00,8.920000076293945,8.949999809265137,8.600000381469727,8.600000381469727,1800,0.0,0.0
2025-04-17 00:00:00-04:00,8.600000381469727,8.720000267028809,8.430000305175781,8.430000305175781,11300,0.0,0.0
2025-04-21 00:00:00-04:00,8.520000457763672,8.520000457763672,8.5,8.5,1000,0.0,0.0
2025-04-22 00:00:00-04:00,8.520000457763672,9.0,8.520000457763672,8.579999923706055,3600,0.0,0.0
2025-04-23 00:00:00-04:00,8.930000305175781,8.930000305175781,8.930000305175781,8.930000305175781,1100,0.0,0.0
2025-04-24 00:00:00-04:00,8.800000190734863,8.899999618530273,8.739999771118164,8.739999771118164,1700,0.0,0.0
2025-04-25 00:00:00-04:00,8.609999656677246,8.800000190734863,8.600000381469727,8.699999809265137,1100,0.0,0.0
2025-04-28 00:00:00-04:00,8.6899995803833,9.029999732971191,8.6899995803833,8.699999809265137,13600,0.0,0.0
2025-04-29 00:00:00-04:00,8.850000381469727,9.229999542236328,8.850000381469727,9.010000228881836,9800,0.0,0.0
2025-04-30 00:00:00-04:00,9.0,9.470000267028809,8.699999809265137,9.260000228881836,6400,0.0,0.0
2025-05-01 00:00:00-04:00,8.930000305175781,10.59000015258789,8.699999809265137,9.899999618530273,54300,0.0,0.0
2025-05-02 00:00:00-04:00,10.380000114440918,10.380000114440918,9.390000343322754,9.390000343322754,1400,0.0,0.0
2025-05-05 00:00:00-04:00,9.460000038146973,12.0,9.119999885559082,12.0,67100,0.0,0.0
2025-05-06 00:00:00-04:00,11.949999809265137,12.5,11.510000228881836,11.729999542236328,44800,0.0,0.0
2025-05-07 00:00:00-04:00,12.09000015258789,12.489999771118164,11.15999984741211,11.800000190734863,16900,0.0,0.0
2025-05-08 00:00:00-04:00,11.539999961853027,12.1899995803833,10.600000381469727,11.15999984741211,37200,0.0,0.0
2025-05-09 00:00:00-04:00,11.15999984741211,11.15999984741211,11.15999984741211,11.15999984741211,0,0.0,0.0
2025-05-12 00:00:00-04:00,11.550000190734863,11.729999542236328,11.069999694824219,11.069999694824219,4200,0.0,0.0
2025-05-13 00:00:00-04:00,10.880000114440918,10.880000114440918,10.239999771118164,10.6899995803833,3000,0.0,0.0
2025-05-14 00:00:00-04:00,10.600000381469727,11.350000381469727,10.479999542236328,10.619999885559082,4500,0.0,0.0
2025-05-15 00:00:00-04:00,10.899999618530273,11.300000190734863,10.75,11.300000190734863,2600,0.0,0.0
2025-05-16 00:00:00-04:00,11.59000015258789,11.930000305175781,11.300000190734863,11.930000305175781,8300,0.0,0.0
2025-05-19 00:00:00-04:00,11.6899995803833,12.600000381469727,11.600000381469727,12.279999732971191,7100,0.0,0.0
2025-05-20 00:00:00-04:00,12.479999542236328,12.479999542236328,12.010000228881836,12.029999732971191,5000,0.0,0.0
2025-05-21 00:00:00-04:00,11.890000343322754,12.180000305175781,11.640000343322754,11.75,5300,0.0,0.0
2025-05-22 00:00:00-04:00,12.220000267028809,12.220000267028809,11.5600004196167,11.9399995803833,5200,0.0,0.0
2025-05-23 00:00:00-04:00,11.9399995803833,11.9399995803833,11.9399995803833,11.9399995803833,0,0.0,0.0
2025-05-27 00:00:00-04:00,10.760000228881836,12.4399995803833,10.760000228881836,11.520000457763672,3800,0.0,0.0
2025-05-28 00:00:00-04:00,11.600000381469727,12.0,11.399999618530273,11.399999618530273,1900,0.0,0.0
2025-05-29 00:00:00-04:00,11.899999618530273,11.899999618530273,11.899999618530273,11.899999618530273,800,0.0,0.0
2025-05-30 00:00:00-04:00,11.510000228881836,11.539999961853027,10.619999885559082,10.619999885559082,2100,0.0,0.0
2025-06-02 00:00:00-04:00,11.329999923706055,11.329999923706055,10.199999809265137,10.5,2700,0.0,0.0
2025-06-03 00:00:00-04:00,10.319999694824219,10.420000076293945,10.319999694824219,10.420000076293945,1800,0.0,0.0
2025-06-04 00:00:00-04:00,10.1899995803833,10.34000015258789,10.180000305175781,10.329999923706055,3000,0.0,0.0
2025-06-05 00:00:00-04:00,9.5,10.25,9.5,10.25,3200,0.0,0.0
2025-06-06 00:00:00-04:00,10.25,10.25,10.25,10.25,0,0.0,0.0
2025-06-09 00:00:00-04:00,9.699999809265137,9.949999809265137,9.699999809265137,9.949999809265137,900,0.0,0.0
2025-06-10 00:00:00-04:00,9.829999923706055,9.979999542236328,9.739999771118164,9.739999771118164,1400,0.0,0.0
2025-06-11 00:00:00-04:00,9.979999542236328,10.119999885559082,9.979999542236328,10.119999885559082,1500,0.0,0.0
2025-06-12 00:00:00-04:00,10.119999885559082,10.119999885559082,10.119999885559082,10.119999885559082,0,0.0,0.0
2025-06-13 00:00:00-04:00,10.119999885559082,10.119999885559082,10.119999885559082,10.119999885559082,0,0.0,0.0
2025-06-16 00:00:00-04:00,9.729999542236328,10.5,9.729999542236328,10.180000305175781,5300,0.0,0.0
2025-06-17 00:00:00-04:00,9.770000457763672,9.789999961853027,9.770000457763672,9.789999961853027,1000,0.0,0.0
2025-06-18 00:00:00-04:00,9.720000267028809,9.720000267028809,9.720000267028809,9.720000267028809,500,0.0,0.0
2025-06-20 00:00:00-04:00,9.75,9.779999732971191,9.75,9.75,1200,0.0,0.0
2025-06-23 00:00:00-04:00,9.75,9.75,9.5,9.5,2600,0.0,0.0
2025-06-24 00:00:00-04:00,9.489999771118164,9.539999961853027,9.470000267028809,9.539999961853027,1900,0.0,0.0
2025-06-25 00:00:00-04:00,9.399999618530273,9.479999542236328,9.399999618530273,9.399999618530273,900,0.0,0.0
2025-06-26 00:00:00-04:00,9.75,10.460000038146973,8.600000381469727,9.239999771118164,83100,0.0,0.0
2025-06-27 00:00:00-04:00,8.949999809265137,9.350000381469727,8.699999809265137,9.069999694824219,7500,0.0,0.0
2025-06-30 00:00:00-04:00,8.920000076293945,9.130000114440918,8.920000076293945,9.0,1500,0.0,0.0
2025-07-01 00:00:00-04:00,8.779999732971191,9.100000381469727,8.779999732971191,9.039999961853027,2000,0.0,0.0
2025-07-02 00:00:00-04:00,8.920000076293945,9.369999885559082,8.920000076293945,9.010000228881836,2000,0.0,0.0
2025-07-03 00:00:00-04:00,9.350000381469727,9.350000381469727,9.010000228881836,9.010000228881836,900,0.0,0.0
2025-07-07 00:00:00-04:00,8.779999732971191,9.050000190734863,8.779999732971191,9.050000190734863,1600,0.0,0.0
2025-07-08 00:00:00-04:00,9.210000038146973,9.210000038146973,8.800000190734863,8.800000190734863,4100,0.0,0.0
2025-07-09 00:00:00-04:00,9.220000267028809,9.220000267028809,8.890000343322754,8.890000343322754,3300,0.0,0.0
2025-07-10 00:00:00-04:00,8.859999656677246,8.890000343322754,8.75,8.75,2400,0.0,0.0
2025-07-11 00:00:00-04:00,8.850000381469727,8.850000381469727,8.699999809265137,8.710000038146973,1200,0.0,0.0
2025-07-14 00:00:00-04:00,8.760000228881836,8.760000228881836,8.760000228881836,8.760000228881836,1000,0.0,0.0
2025-07-15 00:00:00-04:00,9.199999809265137,9.199999809265137,8.65999984741211,8.65999984741211,2200,0.0,0.0
2025-07-16 00:00:00-04:00,8.75,8.75,8.6899995803833,8.6899995803833,4400,0.0,0.0
2025-07-17 00:00:00-04:00,8.699999809265137,8.9399995803833,8.600000381469727,8.930000305175781,6700,0.0,0.0
2025-07-18 00:00:00-04:00,8.699999809265137,8.989999771118164,8.510000228881836,8.989999771118164,4100,0.0,0.0
2025-07-21 00:00:00-04:00,8.800000190734863,8.84000015258789,8.739999771118164,8.75,1800,0.0,0.0
2025-07-22 00:00:00-04:00,9.010000228881836,9.010000228881836,8.65999984741211,8.65999984741211,10100,0.0,0.0
2025-07-23 00:00:00-04:00,8.930000305175781,8.930000305175781,8.75,8.760000228881836,2600,0.0,0.0
2025-07-24 00:00:00-04:00,8.760000228881836,8.760000228881836,8.619999885559082,8.619999885559082,1400,0.0,0.0
2025-07-25 00:00:00-04:00,8.619999885559082,8.619999885559082,8.619999885559082,8.619999885559082,0,0.0,0.0
2025-07-28 00:00:00-04:00,8.779999732971191,8.779999732971191,8.529999732971191,8.75,12600,0.0,0.0
2025-07-29 00:00:00-04:00,8.739999771118164,8.75,8.619999885559082,8.75,5600,0.0,0.0
2025-07-30 00:00:00-04:00,8.819999694824219,8.960000038146973,8.520000457763672,8.550000190734863,8500,0.0,0.0
2025-07-31 00:00:00-04:00,8.59000015258789,8.600000381469727,8.59000015258789,8.600000381469727,1100,0.0,0.0
2025-08-01 00:00:00-04:00,8.600000381469727,8.699999809265137,8.350000381469727,8.350000381469727,12200,0.0,0.0
2025-08-04 00:00:00-04:00,8.380000114440918,8.4399995803833,6.679999828338623,7.019999980926514,104000,0.0,0.0
2025-08-05 00:00:00-04:00,7.090000152587891,7.400000095367432,6.380000114440918,7.300000190734863,95700,0.0,0.0
2025-08-06 00:00:00-04:00,7.210000038146973,7.590000152587891,7.210000038146973,7.5,19200,0.0,0.0
2025-08-07 00:00:00-04:00,7.610000133514404,7.610000133514404,7.159999847412109,7.159999847412109,3700,0.0,0.0
2025-08-08 00:00:00-04:00,7.159999847412109,7.190000057220459,6.889999866485596,6.889999866485596,13300,0.0,0.0
2025-08-11 00:00:00-04:00,6.840000152587891,7.269999980926514,6.840000152587891,7.010000228881836,5600,0.0,0.0
2025-08-12 00:00:00-04:00,6.960000038146973,7.119999885559082,6.829999923706055,6.980000019073486,24700,0.0,0.0
2025-08-13 00:00:00-04:00,6.860000133514404,7.449999809265137,6.849999904632568,7.300000190734863,34600,0.0,0.0
2025-08-14 00:00:00-04:00,7.340000152587891,7.570000171661377,7.159999847412109,7.570000171661377,20900,0.0,0.0
2025-08-15 00:00:00-04:00,7.639999866485596,7.71999979019165,7.510000228881836,7.619999885559082,2200,0.0,0.0
2025-08-18 00:00:00-04:00,7.610000133514404,7.710000038146973,7.159999847412109,7.159999847412109,14500,0.0,0.0
2025-08-19 00:00:00-04:00,7.260000228881836,7.269999980926514,7.170000076293945,7.170000076293945,2600,0.0,0.0
2025-08-20 00:00:00-04:00,7.170000076293945,7.400000095367432,7.150000095367432,7.150000095367432,8100,0.0,0.0
2025-08-21 00:00:00-04:00,7.099999904632568,7.139999866485596,6.96999979019165,7.039999961853027,3000,0.0,0.0
2025-08-22 00:00:00-04:00,7.019999980926514,7.289999961853027,7.010000228881836,7.079999923706055,2800,0.0,0.0
2025-08-25 00:00:00-04:00,7.0,7.210000038146973,6.889999866485596,6.949999809265137,27300,0.0,0.0
2025-08-26 00:00:00-04:00,7.079999923706055,7.079999923706055,6.909999847412109,6.909999847412109,1600,0.0,0.0
2025-08-27 00:00:00-04:00,6.840000152587891,6.840000152587891,6.769999980926514,6.840000152587891,3800,0.0,0.0
2025-08-28 00:00:00-04:00,6.820000171661377,6.909999847412109,6.820000171661377,6.869999885559082,2700,0.0,0.0
2025-08-29 00:00:00-04:00,6.809999942779541,6.809999942779541,6.809999942779541,6.809999942779541,9400,0.0,0.0
2025-09-02 00:00:00-04:00,6.820000171661377,6.949999809265137,6.820000171661377,6.949999809265137,1500,0.0,0.0
2025-09-03 00:00:00-04:00,6.860000133514404,6.909999847412109,6.809999942779541,6.849999904632568,14100,0.0,0.0
2025-09-04 00:00:00-04:00,6.840000152587891,7.170000076293945,6.840000152587891,7.170000076293945,4700,0.0,0.0
2025-09-05 00:00:00-04:00,7.050000190734863,7.050000190734863,7.050000190734863,7.050000190734863,400,0.0,0.0
2025-09-08 00:00:00-04:00,7.090000152587891,7.25,6.960000038146973,7.179999828338623,6600,0.0,0.0
2025-09-09 00:00:00-04:00,7.179999828338623,7.179999828338623,7.179999828338623,7.179999828338623,0,0.0,0.0
2025-09-10 00:00:00-04:00,7.099999904632568,7.099999904632568,7.099999904632568,7.099999904632568,700,0.0,0.0
2025-09-11 00:00:00-04:00,7.099999904632568,7.099999904632568,7.010000228881836,7.019999980926514,2200,0.0,0.0
2025-09-12 00:00:00-04:00,7.0,7.0,6.869999885559082,6.920000076293945,15400,0.0,0.0
2025-09-15 00:00:00-04:00,6.909999847412109,7.110000133514404,6.840000152587891,6.860000133514404,4200,0.0,0.0
2025-09-16 00:00:00-04:00,6.880000114440918,7.21999979019165,6.809999942779541,7.070000171661377,17000,0.0,0.0
2025-09-17 00:00:00-04:00,7.03000020980835,7.099999904632568,6.900000095367432,6.960000038146973,4400,0.0,0.0
2025-09-18 00:00:00-04:00,7.0,7.25,7.0,7.25,4600,0.0,0.0
2025-09-19 00:00:00-04:00,7.019999980926514,7.309999942779541,7.019999980926514,7.309999942779541,3700,0.0,0.0
2025-09-22 00:00:00-04:00,7.130000114440918,7.269999980926514,7.130000114440918,7.199999809265137,1300,0.0,0.0
2025-09-23 00:00:00-04:00,7.139999866485596,7.28000020980835,7.139999866485596,7.199999809265137,1000,0.0,0.0
2025-09-24 00:00:00-04:00,7.340000152587891,7.340000152587891,7.039999961853027,7.150000095367432,700,0.0,0.0
2025-09-25 00:00:00-04:00,7.130000114440918,7.559999942779541,7.110000133514404,7.119999885559082,31900,0.0,0.0
2025-09-26 00:00:00-04:00,7.119999885559082,7.300000190734863,7.050000190734863,7.300000190734863,1200,0.0,0.0
2025-09-29 00:00:00-04:00,7.300000190734863,7.300000190734863,7.300000190734863,7.300000190734863,0,0.0,0.0
2025-09-30 00:00:00-04:00,7.119999885559082,7.119999885559082,7.119999885559082,7.119999885559082,900,0.0,0.0
2025-10-01 00:00:00-04:00,7.099999904632568,7.150000095367432,7.099999904632568,7.119999885559082,900,0.0,0.0
2025-10-02 00:00:00-04:00,7.130000114440918,7.150000095367432,7.130000114440918,7.139999866485596,1600,0.0,0.0
2025-10-03 00:00:00-04:00,7.46999979019165,7.46999979019165,7.46999979019165,7.46999979019165,400,0.0,0.0
2025-10-06 00:00:00-04:00,7.039999961853027,7.039999961853027,7.039999961853027,7.039999961853027,1500,0.0,0.0
2025-10-07 00:00:00-04:00,7.090000152587891,7.340000152587891,7.070000171661377,7.179999828338623,22500,0.0,0.0
2025-10-08 00:00:00-04:00,7.25,7.25,7.25,7.25,600,0.0,0.0
2025-10-09 00:00:00-04:00,7.25,7.25,7.25,7.25,0,0.0,0.0
2025-10-10 00:00:00-04:00,7.260000228881836,7.320000171661377,7.090000152587891,7.139999866485596,3600,0.0,0.0
2025-10-13 00:00:00-04:00,7.119999885559082,7.21999979019165,6.699999809265137,6.710000038146973,33500,0.0,0.0
2025-10-14 00:00:00-04:00,6.849999904632568,6.980000019073486,6.809999942779541,6.980000019073486,5700,0.0,0.0
2025-10-15 00:00:00-04:00,7.0,7.199999809265137,7.0,7.199999809265137,1200,0.0,0.0
2025-10-16 00:00:00-04:00,7.150000095367432,7.150000095367432,7.150000095367432,7.150000095367432,400,0.0,0.0
2025-10-17 00:00:00-04:00,7.150000095367432,7.150000095367432,7.150000095367432,7.150000095367432,0,0.0,0.0
2025-10-20 00:00:00-04:00,6.989999771118164,7.179999828338623,6.989999771118164,7.099999904632568,2300,0.0,0.0
2025-10-21 00:00:00-04:00,7.199999809265137,7.199999809265137,7.130000114440918,7.130000114440918,700,0.0,0.0
2025-10-22 00:00:00-04:00,7.079999923706055,7.079999923706055,7.039999961853027,7.039999961853027,600,0.0,0.0
2025-10-23 00:00:00-04:00,7.099999904632568,7.099999904632568,7.099999904632568,7.099999904632568,300,0.0,0.0
2025-10-24 00:00:00-04:00,7.230000019073486,7.230000019073486,7.230000019073486,7.230000019073486,900,0.0,0.0
2025-10-27 00:00:00-04:00,7.230000019073486,7.5,7.059999942779541,7.059999942779541,3100,0.0,0.0
2025-10-28 00:00:00-04:00,7.059999942779541,7.059999942779541,7.059999942779541,7.059999942779541,0,0.0,0.0
2025-10-29 00:00:00-04:00,7.070000171661377,7.440000057220459,7.070000171661377,7.440000057220459,1900,0.0,0.0
2025-10-30 00:00:00-04:00,7.110000133514404,7.320000171661377,7.110000133514404,7.320000171661377,1200,0.0,0.0
2025-10-31 00:00:00-04:00,7.320000171661377,7.320000171661377,7.320000171661377,7.320000171661377,0,0.0,0.0
2025-11-03 00:00:00-05:00,7.21999979019165,7.21999979019165,7.059999942779541,7.099999904632568,3000,0.0,0.0
2025-11-04 00:00:00-05:00,7.099999904632568,7.099999904632568,7.099999904632568,7.099999904632568,1800,0.0,0.0
2025-11-05 00:00:00-05:00,7.210000038146973,7.210000038146973,7.210000038146973,7.210000038146973,400,0.0,0.0
2025-11-06 00:00:00-05:00,7.210000038146973,7.210000038146973,7.210000038146973,7.210000038146973,0,0.0,0.0
2025-11-07 00:00:00-05:00,7.090000152587891,7.210000038146973,7.090000152587891,7.210000038146973,1000,0.0,0.0
2025-11-10 00:00:00-05:00,7.019999980926514,7.150000095367432,7.019999980926514,7.150000095367432,1700,0.0,0.0
2025-11-11 00:00:00-05:00,7.0,7.210000038146973,7.0,7.210000038146973,900,0.0,0.0
2025-11-12 00:00:00-05:00,7.210000038146973,7.210000038146973,7.210000038146973,7.210000038146973,200,0.0,0.0
2025-11-13 00:00:00-05:00,7.139999866485596,7.210000038146973,7.070000171661377,7.210000038146973,4700,0.0,0.0
2025-11-14 00:00:00-05:00,7.199999809265137,7.199999809265137,7.199999809265137,7.199999809265137,300,0.0,0.0
2025-11-17 00:00:00-05:00,7.090000152587891,7.099999904632568,7.019999980926514,7.019999980926514,1200,0.0,0.0
2025-11-18 00:00:00-05:00,7.190000057220459,7.190000057220459,7.039999961853027,7.039999961853027,800,0.0,0.0
2025-11-19 00:00:00-05:00,7.03000020980835,7.070000171661377,7.03000020980835,7.070000171661377,700,0.0,0.0
2025-11-20 00:00:00-05:00,7.190000057220459,7.210000038146973,7.010000228881836,7.210000038146973,7700,0.0,0.0
2025-11-21 00:00:00-05:00,6.989999771118164,6.989999771118164,6.989999771118164,6.989999771118164,400,0.0,0.0
2025-11-24 00:00:00-05:00,7.119999885559082,7.119999885559082,6.980000019073486,6.980000019073486,2900,0.0,0.0
2025-11-25 00:00:00-05:00,6.980000019073486,6.980000019073486,6.980000019073486,6.980000019073486,0,0.0,0.0
2025-11-26 00:00:00-05:00,7.019999980926514,7.03000020980835,6.940000057220459,6.96999979019165,5800,0.0,0.0
2025-11-28 00:00:00-05:00,7.210000038146973,7.210000038146973,6.989999771118164,7.0,1000,0.0,0.0
2025-12-01 00:00:00-05:00,7.210000038146973,7.210000038146973,6.940000057220459,6.940000057220459,2100,0.0,0.0
2025-12-02 00:00:00-05:00,7.050000190734863,7.050000190734863,6.96999979019165,7.050000190734863,1500,0.0,0.0
2025-12-03 00:00:00-05:00,7.179999828338623,7.190000057220459,7.179999828338623,7.190000057220459,400,0.0,0.0
2025-12-04 00:00:00-05:00,6.989999771118164,7.090000152587891,6.989999771118164,7.090000152587891,1000,0.0,0.0
2025-12-05 00:00:00-05:00,7.090000152587891,7.090000152587891,7.090000152587891,7.090000152587891,0,0.0,0.0
2025-12-08 00:00:00-05:00,7.059999942779541,7.210000038146973,6.989999771118164,7.010000228881836,5200,0.0,0.0
2025-12-09 00:00:00-05:00,7.070000171661377,7.090000152587891,6.989999771118164,7.090000152587891,3800,0.0,0.0
2025-12-10 00:00:00-05:00,7.179999828338623,7.199999809265137,7.099999904632568,7.099999904632568,1800,0.0,0.0
2025-12-11 00:00:00-05:00,7.099999904632568,7.199999809265137,7.099999904632568,7.179999828338623,1800,0.0,0.0
2025-12-12 00:00:00-05:00,6.869999885559082,6.949999809265137,6.679999828338623,6.710000038146973,15500,0.0,0.0
2025-12-15 00:00:00-05:00,6.789999961853027,6.860000133514404,6.590000152587891,6.860000133514404,12500,0.0,0.0
2025-12-16 00:00:00-05:00,6.730000019073486,6.949999809265137,5.75,6.630000114440918,85000,0.0,0.0
2025-12-17 00:00:00-05:00,6.619999885559082,6.900000095367432,6.460000038146973,6.869999885559082,13600,0.0,0.0
2025-12-18 00:00:00-05:00,6.659999847412109,6.710000038146973,6.460000038146973,6.46999979019165,17200,0.0,0.0
2025-12-19 00:00:00-05:00,6.539999961853027,6.730000019073486,6.019999980926514,6.019999980926514,21300,0.0,0.0
2025-12-22 00:00:00-05:00,6.150000095367432,6.579999923706055,5.980000019073486,6.199999809265137,23300,0.0,0.0
2025-12-23 00:00:00-05:00,6.300000190734863,6.400000095367432,6.010000228881836,6.269999980926514,53400,0.0,0.0
2025-12-24 00:00:00-05:00,6.260000228881836,6.300000190734863,6.050000190734863,6.289999961853027,36900,0.0,0.0
2025-12-26 00:00:00-05:00,6.269999980926514,6.400000095367432,5.980000019073486,6.369999885559082,81900,0.0,0.0
2025-12-29 00:00:00-05:00,6.289999961853027,6.639999866485596,6.150000095367432,6.46999979019165,100400,0.0,0.0
2025-12-30 00:00:00-05:00,6.71999979019165,6.940000057220459,6.369999885559082,6.519999980926514,9100,0.0,0.0
2025-12-31 00:00:00-05:00,6.610000133514404,6.710000038146973,6.46999979019165,6.710000038146973,4100,0.0,0.0
2026-01-02 00:00:00-05:00,6.550000190734863,6.769999980926514,6.550000190734863,6.610000133514404,1800,0.0,0.0
2026-01-05 00:00:00-05:00,6.670000076293945,6.949999809265137,6.599999904632568,6.710000038146973,6100,0.0,0.0
2026-01-06 00:00:00-05:00,6.400000095367432,6.670000076293945,6.400000095367432,6.510000228881836,2700,0.0,0.0
2026-01-07 00:00:00-05:00,6.400000095367432,6.679999828338623,6.400000095367432,6.519999980926514,1800,0.0,0.0
2026-01-08 00:00:00-05:00,6.679999828338623,6.710000038146973,6.679999828338623,6.710000038146973,1000,0.0,0.0
2026-01-09 00:00:00-05:00,6.679999828338623,6.690000057220459,6.489999771118164,6.489999771118164,2100,0.0,0.0
2026-01-12 00:00:00-05:00,6.480000019073486,6.480000019073486,6.420000076293945,6.429999828338623,2700,0.0,0.0
2026-01-13 00:00:00-05:00,6.599999904632568,6.599999904632568,6.409999847412109,6.519999980926514,4100,0.0,0.0
2026-01-14 00:00:00-05:00,6.400000095367432,6.519999980926514,6.400000095367432,6.480000019073486,6700,0.0,0.0
2026-01-15 00:00:00-05:00,6.480000019073486,6.480000019073486,6.480000019073486,6.480000019073486,0,0.0,0.0
2026-01-16 00:00:00-05:00,6.519999980926514,6.519999980926514,6.449999809265137,6.5,2200,0.0,0.0
2026-01-20 00:00:00-05:00,6.460000038146973,6.610000133514404,6.389999866485596,6.5,7300,0.0,0.0
2026-01-21 00:00:00-05:00,6.420000076293945,6.599999904632568,6.420000076293945,6.599999904632568,1400,0.0,0.0
2026-01-22 00:00:00-05:00,6.5,6.590000152587891,6.5,6.590000152587891,1200,0.0,0.0
2026-01-23 00:00:00-05:00,6.519999980926514,6.519999980926514,6.519999980926514,6.519999980926514,500,0.0,0.0
2026-01-26 00:00:00-05:00,6.480000019073486,6.519999980926514,6.449999809265137,6.519999980926514,5500,0.0,0.0
2026-01-27 00:00:00-05:00,6.440000057220459,6.539999961853027,6.440000057220459,6.539999961853027,3400,0.0,0.0
2026-01-28 00:00:00-05:00,6.539999961853027,6.550000190734863,6.440000057220459,6.550000190734863,1600,0.0,0.0
2026-01-29 00:00:00-05:00,6.550000190734863,6.820000171661377,6.550000190734863,6.820000171661377,1000,0.0,0.0
2026-01-30 00:00:00-05:00,6.559999942779541,6.559999942779541,6.559999942779541,6.559999942779541,700,0.0,0.0
2026-02-02 00:00:00-05:00,6.559999942779541,6.559999942779541,6.559999942779541,6.559999942779541,0,0.0,0.0
2026-02-03 00:00:00-05:00,6.940000057220459,6.980000019073486,6.739999771118164,6.949999809265137,13300,0.0,0.0
2026-02-04 00:00:00-05:00,6.630000114440918,6.940000057220459,6.630000114440918,6.940000057220459,900,0.0,0.0
2026-02-05 00:00:00-05:00,6.940000057220459,6.940000057220459,6.940000057220459,6.940000057220459,0,0.0,0.0
2026-02-06 00:00:00-05:00,6.940000057220459,6.940000057220459,6.940000057220459,6.940000057220459,0,0.0,0.0
2026-02-09 00:00:00-05:00,6.980000019073486,6.980000019073486,6.75,6.75,1800,0.0,0.0
2026-02-10 00:00:00-05:00,6.880000114440918,7.0,6.75,6.75,1200,0.0,0.0
2026-02-11 00:00:00-05:00,6.920000076293945,7.03000020980835,6.920000076293945,7.03000020980835,1700,0.0,0.0
2026-02-12 00:00:00-05:00,7.079999923706055,7.079999923706055,6.78000020980835,7.03000020980835,2100,0.0,0.0
2026-02-13 00:00:00-05:00,6.78000020980835,6.809999942779541,6.78000020980835,6.78000020980835,1700,0.0,0.0
2026-02-17 00:00:00-05:00,6.880000114440918,6.880000114440918,6.75,6.75,1500,0.0,0.0
2026-02-18 00:00:00-05:00,6.800000190734863,6.989999771118164,6.800000190734863,6.989999771118164,1500,0.0,0.0
2026-02-19 00:00:00-05:00,6.789999961853027,7.0,6.789999961853027,7.0,1900,0.0,0.0
2026-02-20 00:00:00-05:00,6.900000095367432,6.900000095367432,6.849999904632568,6.849999904632568,600,0.0,0.0
2026-02-23 00:00:00-05:00,6.809999942779541,6.958799839019775,6.809999942779541,6.958799839019775,8130,0.0,0.0
