Date,Open,High,Low,Close,Volume,Dividends,Stock Splits
2022-01-03 00:00:00-05:00,45.220001220703125,48.77299880981445,45.220001220703125,46.58000183105469,1353,0.0,0.0
2022-01-04 00:00:00-05:00,49.29999923706055,49.29999923706055,45.04999923706055,45.900001525878906,759,0.0,0.0
2022-01-05 00:00:00-05:00,47.43000030517578,47.43000030517578,40.970001220703125,41.650001525878906,2159,0.0,0.0
2022-01-06 00:00:00-05:00,41.310001373291016,44.540000915527344,41.020999908447266,42.33000183105469,1676,0.0,0.0
2022-01-07 00:00:00-05:00,42.33000183105469,43.06100082397461,40.119998931884766,41.81999969482422,2000,0.0,0.0
2022-01-10 00:00:00-05:00,40.459999084472656,43.349998474121094,39.6609992980957,42.66999816894531,4600,0.0,0.0
2022-01-11 00:00:00-05:00,43.0099983215332,46.97100067138672,43.0099983215332,45.04999923706055,2047,0.0,0.0
2022-01-12 00:00:00-05:00,45.220001220703125,49.75899887084961,45.220001220703125,46.2400016784668,2859,0.0,0.0
2022-01-13 00:00:00-05:00,45.560001373291016,46.58000183105469,45.04999923706055,45.7130012512207,665,0.0,0.0
2022-01-14 00:00:00-05:00,43.18000030517578,45.900001525878906,42.66999816894531,43.52000045776367,1000,0.0,0.0
2022-01-18 00:00:00-05:00,40.119998931884766,41.310001373291016,39.81399917602539,40.630001068115234,2894,0.0,0.0
2022-01-19 00:00:00-05:00,40.79999923706055,44.880001068115234,40.79999923706055,43.689998626708984,3771,0.0,0.0
2022-01-20 00:00:00-05:00,42.84000015258789,43.18000030517578,40.79999923706055,40.970001220703125,1471,0.0,0.0
2022-01-21 00:00:00-05:00,41.47999954223633,43.16299819946289,40.79999923706055,42.33000183105469,1265,0.0,0.0
2022-01-24 00:00:00-05:00,42.5,42.5,38.7599983215332,41.47999954223633,3018,0.0,0.0
2022-01-25 00:00:00-05:00,40.290000915527344,42.15999984741211,39.61000061035156,41.13999938964844,982,0.0,0.0
2022-01-26 00:00:00-05:00,41.73500061035156,43.0099983215332,41.310001373291016,41.81999969482422,1176,0.0,0.0
2022-01-27 00:00:00-05:00,42.84000015258789,47.43000030517578,42.15999984741211,42.66999816894531,1335,0.0,0.0
2022-01-28 00:00:00-05:00,40.79999923706055,42.33000183105469,39.525001525878906,41.9900016784668,2112,0.0,0.0
2022-01-31 00:00:00-05:00,39.95000076293945,43.86000061035156,39.439998626708984,41.650001525878906,806,0.0,0.0
2022-02-01 00:00:00-05:00,42.15999984741211,46.40999984741211,42.15999984741211,46.40999984741211,635,0.0,0.0
2022-02-02 00:00:00-05:00,46.58000183105469,47.599998474121094,45.04999923706055,47.43000030517578,841,0.0,0.0
2022-02-03 00:00:00-05:00,45.04999923706055,47.20899963378906,43.52000045776367,44.029998779296875,3376,0.0,0.0
2022-02-04 00:00:00-05:00,43.0099983215332,46.40999984741211,42.63600158691406,45.220001220703125,1135,0.0,0.0
2022-02-07 00:00:00-05:00,45.04999923706055,46.75,45.04999923706055,46.2400016784668,1300,0.0,0.0
2022-02-08 00:00:00-05:00,47.2599983215332,48.45000076293945,46.40999984741211,48.279998779296875,1618,0.0,0.0
2022-02-09 00:00:00-05:00,48.19499969482422,50.89799880981445,47.77000045776367,50.31999969482422,1159,0.0,0.0
2022-02-10 00:00:00-05:00,49.29999923706055,51.849998474121094,47.77000045776367,48.790000915527344,741,0.0,0.0
2022-02-11 00:00:00-05:00,48.279998779296875,49.63999938964844,48.19499969482422,49.470001220703125,153,0.0,0.0
2022-02-14 00:00:00-05:00,47.77000045776367,47.77000045776367,44.880001068115234,47.09000015258789,1306,0.0,0.0
2022-02-15 00:00:00-05:00,47.599998474121094,47.599998474121094,45.220001220703125,46.06999969482422,1276,0.0,0.0
2022-02-16 00:00:00-05:00,45.30500030517578,46.06999969482422,44.709999084472656,45.67900085449219,359,0.0,0.0
2022-02-17 00:00:00-05:00,49.29999923706055,49.29999923706055,43.18000030517578,44.029998779296875,1059,0.0,0.0
2022-02-18 00:00:00-05:00,44.029998779296875,44.709999084472656,43.0099983215332,43.349998474121094,359,0.0,0.0
2022-02-22 00:00:00-05:00,41.564998626708984,43.18000030517578,40.79999923706055,43.095001220703125,559,0.0,0.0
2022-02-23 00:00:00-05:00,42.5,45.38999938964844,39.61000061035156,41.650001525878906,629,0.0,0.0
2022-02-24 00:00:00-05:00,39.95000076293945,40.79999923706055,38.7599983215332,40.290000915527344,1388,0.0,0.0
2022-02-25 00:00:00-05:00,39.91600036621094,40.79999923706055,39.91600036621094,39.95000076293945,318,0.0,0.0
2022-02-28 00:00:00-05:00,38.25,39.95000076293945,35.70000076293945,39.439998626708984,3306,0.0,0.0
2022-03-01 00:00:00-05:00,38.59000015258789,40.79999923706055,38.59000015258789,40.459999084472656,853,0.0,0.0
2022-03-02 00:00:00-05:00,40.290000915527344,43.349998474121094,39.95000076293945,41.650001525878906,3447,0.0,0.0
2022-03-03 00:00:00-05:00,41.310001373291016,41.47999954223633,40.119998931884766,40.290000915527344,282,0.0,0.0
2022-03-04 00:00:00-05:00,38.7599983215332,40.79999923706055,36.720001220703125,37.56999969482422,2012,0.0,0.0
2022-03-07 00:00:00-05:00,38.25,38.25,32.29999923706055,33.31999969482422,3400,0.0,0.0
2022-03-08 00:00:00-05:00,33.150001525878906,36.88999938964844,33.150001525878906,35.44499969482422,1165,0.0,0.0
2022-03-09 00:00:00-05:00,35.869998931884766,37.7400016784668,35.869998931884766,37.7400016784668,2365,0.0,0.0
2022-03-10 00:00:00-05:00,36.720001220703125,41.650001525878906,35.869998931884766,39.37200164794922,588,0.0,0.0
2022-03-11 00:00:00-05:00,38.41999816894531,39.95000076293945,37.75699996948242,39.95000076293945,382,0.0,0.0
2022-03-14 00:00:00-04:00,36.80500030517578,36.88999938964844,33.65999984741211,34.0,1124,0.0,0.0
2022-03-15 00:00:00-04:00,37.14500045776367,38.14799880981445,35.189998626708984,35.189998626708984,906,0.0,0.0
2022-03-16 00:00:00-04:00,35.189998626708984,36.54999923706055,34.849998474121094,36.040000915527344,1241,0.0,0.0
2022-03-17 00:00:00-04:00,34.849998474121094,35.70000076293945,34.16999816894531,34.68000030517578,765,0.0,0.0
2022-03-18 00:00:00-04:00,33.83000183105469,36.209999084472656,33.83000183105469,36.040000915527344,2241,0.0,0.0
2022-03-21 00:00:00-04:00,36.380001068115234,36.720001220703125,34.849998474121094,36.209999084472656,2906,0.0,0.0
2022-03-22 00:00:00-04:00,35.70000076293945,39.099998474121094,35.529998779296875,38.47100067138672,4247,0.0,0.0
2022-03-23 00:00:00-04:00,36.88999938964844,38.08000183105469,34.0,35.529998779296875,2435,0.0,0.0
2022-03-24 00:00:00-04:00,35.189998626708984,37.56999969482422,35.189998626708984,36.720001220703125,765,0.0,0.0
2022-03-25 00:00:00-04:00,34.68000030517578,36.040000915527344,34.68000030517578,35.36000061035156,671,0.0,0.0
2022-03-28 00:00:00-04:00,35.36000061035156,37.22999954223633,34.849998474121094,35.869998931884766,1065,0.0,0.0
2022-03-29 00:00:00-04:00,35.869998931884766,37.56999969482422,35.36000061035156,36.54999923706055,788,0.0,0.0
2022-03-30 00:00:00-04:00,37.400001525878906,37.400001525878906,36.95800018310547,37.060001373291016,100,0.0,0.0
2022-03-31 00:00:00-04:00,38.41999816894531,40.79999923706055,37.400001525878906,39.69499969482422,3906,0.0,0.0
2022-04-01 00:00:00-04:00,38.7599983215332,40.119998931884766,37.400001525878906,38.7599983215332,2141,0.0,0.0
2022-04-04 00:00:00-04:00,38.41999816894531,39.27000045776367,37.90999984741211,38.845001220703125,541,0.0,0.0
2022-04-05 00:00:00-04:00,37.90999984741211,38.69200134277344,36.88999938964844,36.88999938964844,876,0.0,0.0
2022-04-06 00:00:00-04:00,35.70000076293945,36.51599884033203,35.529998779296875,35.70000076293945,582,0.0,0.0
2022-04-07 00:00:00-04:00,35.869998931884766,35.869998931884766,34.849998474121094,34.849998474121094,1506,0.0,0.0
2022-04-08 00:00:00-04:00,35.869998931884766,36.040000915527344,35.189998626708984,35.869998931884766,129,0.0,0.0
2022-04-11 00:00:00-04:00,35.6150016784668,35.869998931884766,33.65999984741211,34.0,3300,0.0,0.0
2022-04-12 00:00:00-04:00,34.16999816894531,34.935001373291016,34.16999816894531,34.16999816894531,624,0.0,0.0
2022-04-13 00:00:00-04:00,34.5099983215332,35.189998626708984,33.83000183105469,34.0,806,0.0,0.0
2022-04-14 00:00:00-04:00,33.83000183105469,33.983001708984375,33.744998931884766,33.983001708984375,212,0.0,0.0
2022-04-18 00:00:00-04:00,35.189998626708984,35.189998626708984,33.31999969482422,34.5099983215332,524,0.0,0.0
2022-04-19 00:00:00-04:00,33.83000183105469,34.323001861572266,33.83000183105469,34.16999816894531,247,0.0,0.0
2022-04-20 00:00:00-04:00,33.84700012207031,33.84700012207031,33.33700180053711,33.65999984741211,324,0.0,0.0
2022-04-21 00:00:00-04:00,34.16999816894531,34.849998474121094,33.150001525878906,33.404998779296875,2265,0.0,0.0
2022-04-22 00:00:00-04:00,33.16699981689453,33.65999984741211,33.150001525878906,33.31999969482422,500,0.0,0.0
2022-04-25 00:00:00-04:00,33.31999969482422,33.31999969482422,32.810001373291016,33.150001525878906,200,0.0,0.0
2022-04-26 00:00:00-04:00,33.4900016784668,33.4900016784668,32.130001068115234,32.130001068115234,2465,0.0,0.0
2022-04-27 00:00:00-04:00,32.130001068115234,32.75899887084961,29.75,30.36199951171875,1759,0.0,0.0
2022-04-28 00:00:00-04:00,29.920000076293945,30.43000030517578,25.941999435424805,27.3700008392334,3606,0.0,0.0
2022-04-29 00:00:00-04:00,26.350000381469727,26.860000610351562,24.68400001525879,25.5,1535,0.0,0.0
2022-05-02 00:00:00-04:00,25.670000076293945,26.281999588012695,24.989999771118164,25.329999923706055,2618,0.0,0.0
2022-05-03 00:00:00-04:00,24.479999542236328,25.398000717163086,23.799999237060547,23.799999237060547,1647,0.0,0.0
2022-05-04 00:00:00-04:00,25.15999984741211,25.15999984741211,23.799999237060547,24.139999389648438,1018,0.0,0.0
2022-05-05 00:00:00-04:00,24.139999389648438,24.139999389648438,21.420000076293945,21.964000701904297,3224,0.0,0.0
2022-05-06 00:00:00-04:00,22.55900001525879,23.222000122070312,22.270000457763672,23.052000045776367,859,0.0,0.0
2022-05-09 00:00:00-04:00,22.270000457763672,22.28700065612793,19.040000915527344,20.63800048828125,1741,0.0,0.0
2022-05-10 00:00:00-04:00,20.56999969482422,21.420000076293945,19.719999313354492,21.25,465,0.0,0.0
2022-05-11 00:00:00-04:00,19.719999313354492,21.420000076293945,19.040000915527344,19.040000915527344,1500,0.0,0.0
2022-05-12 00:00:00-04:00,19.040000915527344,19.549999237060547,18.020000457763672,18.700000762939453,953,0.0,0.0
2022-05-13 00:00:00-04:00,18.700000762939453,21.25,18.700000762939453,20.128000259399414,1176,0.0,0.0
2022-05-16 00:00:00-04:00,20.56999969482422,20.56999969482422,18.020000457763672,18.360000610351562,1065,0.0,0.0
2022-05-17 00:00:00-04:00,18.700000762939453,18.700000762939453,17.68000030517578,17.850000381469727,1665,0.0,0.0
2022-05-18 00:00:00-04:00,17.850000381469727,18.190000534057617,17.34000015258789,17.34000015258789,288,0.0,0.0
2022-05-19 00:00:00-04:00,18.360000610351562,19.719999313354492,17.510000228881836,18.360000610351562,1865,0.0,0.0
2022-05-20 00:00:00-04:00,18.360000610351562,18.8700008392334,17.577999114990234,18.8700008392334,459,0.0,0.0
2022-05-23 00:00:00-04:00,18.8700008392334,18.8700008392334,17.0,17.0,1465,0.0,0.0
2022-05-24 00:00:00-04:00,15.979999542236328,16.30299949645996,15.232000350952148,15.470000267028809,2712,0.0,0.0
2022-05-25 00:00:00-04:00,17.0,17.0,15.385000228881836,15.435999870300293,118,0.0,0.0
2022-05-26 00:00:00-04:00,15.333999633789062,18.020000457763672,15.333999633789062,17.034000396728516,3759,0.0,0.0
2022-05-27 00:00:00-04:00,17.731000900268555,18.530000686645508,16.489999771118164,17.170000076293945,1959,0.0,0.0
2022-05-31 00:00:00-04:00,17.68000030517578,17.934999465942383,16.558000564575195,17.850000381469727,453,0.0,0.0
2022-06-01 00:00:00-04:00,17.0,17.68000030517578,16.829999923706055,16.829999923706055,224,0.0,0.0
2022-06-02 00:00:00-04:00,16.575000762939453,16.65999984741211,15.640000343322754,15.640000343322754,1288,0.0,0.0
2022-06-03 00:00:00-04:00,16.31999969482422,16.489999771118164,15.232000350952148,15.232000350952148,1665,0.0,0.0
2022-06-06 00:00:00-04:00,15.8100004196167,15.8100004196167,15.487000465393066,15.8100004196167,494,0.0,0.0
2022-06-07 00:00:00-04:00,15.673999786376953,17.68000030517578,15.673999786376953,16.575000762939453,2171,0.0,0.0
2022-06-08 00:00:00-04:00,16.218000411987305,18.020000457763672,15.571999549865723,16.829999923706055,1918,0.0,0.0
2022-06-09 00:00:00-04:00,17.0,17.0,15.656999588012695,16.31999969482422,312,0.0,0.0
2022-06-10 00:00:00-04:00,15.640000343322754,16.489999771118164,15.317000389099121,15.317000389099121,1106,0.0,0.0
2022-06-13 00:00:00-04:00,15.979999542236328,15.979999542236328,14.63700008392334,14.789999961853027,1418,0.0,0.0
2022-06-14 00:00:00-04:00,14.789999961853027,15.640000343322754,14.109999656677246,14.449999809265137,2029,0.0,0.0
2022-06-15 00:00:00-04:00,14.619999885559082,14.960000038146973,14.619999885559082,14.789999961853027,353,0.0,0.0
2022-06-16 00:00:00-04:00,14.960000038146973,15.300000190734863,14.654000282287598,14.840999603271484,482,0.0,0.0
2022-06-17 00:00:00-04:00,14.654000282287598,15.300000190734863,14.654000282287598,15.300000190734863,318,0.0,0.0
2022-06-21 00:00:00-04:00,16.149999618530273,16.149999618530273,13.600000381469727,14.279999732971191,1688,0.0,0.0
2022-06-22 00:00:00-04:00,13.600000381469727,14.279999732971191,12.835000038146973,13.260000228881836,2176,0.0,0.0
2022-06-23 00:00:00-04:00,12.920000076293945,14.008000373840332,12.579999923706055,12.579999923706055,524,0.0,0.0
2022-06-24 00:00:00-04:00,12.579999923706055,32.29999923706055,12.579999923706055,20.739999771118164,5688418,0.0,0.0
2022-06-27 00:00:00-04:00,20.739999771118164,28.899999618530273,18.8700008392334,26.18000030517578,1429847,0.0,0.0
2022-06-28 00:00:00-04:00,24.649999618530273,35.70000076293945,23.799999237060547,25.5,674512,0.0,0.0
2022-06-29 00:00:00-04:00,25.15999984741211,25.329999923706055,20.90999984741211,22.950000762939453,108353,0.0,0.0
2022-06-30 00:00:00-04:00,21.079999923706055,21.93000030517578,19.549999237060547,19.719999313354492,36094,0.0,0.0
2022-07-01 00:00:00-04:00,18.020000457763672,19.3799991607666,15.640000343322754,15.725000381469727,35959,0.0,0.0
2022-07-05 00:00:00-04:00,15.435999870300293,15.8100004196167,13.9399995803833,14.586000442504883,20200,0.0,0.0
2022-07-06 00:00:00-04:00,14.211999893188477,16.541000366210938,14.211999893188477,16.31999969482422,31324,0.0,0.0
2022-07-07 00:00:00-04:00,16.829999923706055,19.040000915527344,16.149999618530273,19.040000915527344,26547,0.0,0.0
2022-07-08 00:00:00-04:00,19.3799991607666,20.059999465942383,18.700000762939453,20.059999465942383,13982,0.0,0.0
2022-07-11 00:00:00-04:00,20.229999542236328,20.229999542236328,17.850000381469727,19.549999237060547,7294,0.0,0.0
2022-07-12 00:00:00-04:00,19.719999313354492,19.889999389648438,17.850000381469727,19.209999084472656,11800,0.0,0.0
2022-07-13 00:00:00-04:00,19.3799991607666,19.889999389648438,18.700000762939453,18.8700008392334,4029,0.0,0.0
2022-07-14 00:00:00-04:00,18.360000610351562,18.530000686645508,16.336999893188477,17.0,8535,0.0,0.0
2022-07-15 00:00:00-04:00,17.0,18.190000534057617,16.405000686645508,18.190000534057617,2294,0.0,0.0
2022-07-18 00:00:00-04:00,18.360000610351562,19.3799991607666,17.850000381469727,18.020000457763672,2188,0.0,0.0
2022-07-19 00:00:00-04:00,18.360000610351562,18.530000686645508,17.170000076293945,17.510000228881836,3141,0.0,0.0
2022-07-20 00:00:00-04:00,17.0,18.190000534057617,17.0,17.510000228881836,4571,0.0,0.0
2022-07-21 00:00:00-04:00,17.34000015258789,18.020000457763672,16.694000244140625,17.510000228881836,4841,0.0,0.0
2022-07-22 00:00:00-04:00,17.850000381469727,17.850000381469727,16.31999969482422,17.510000228881836,2147,0.0,0.0
2022-07-25 00:00:00-04:00,17.510000228881836,17.510000228881836,14.789999961853027,15.470000267028809,4365,0.0,0.0
2022-07-26 00:00:00-04:00,15.470000267028809,15.979999542236328,14.449999809265137,14.670999526977539,7118,0.0,0.0
2022-07-27 00:00:00-04:00,14.789999961853027,15.180999755859375,14.789999961853027,15.027999877929688,1806,0.0,0.0
2022-07-28 00:00:00-04:00,15.300000190734863,15.8100004196167,14.960000038146973,15.062000274658203,2506,0.0,0.0
2022-07-29 00:00:00-04:00,15.317000389099121,15.470000267028809,14.53499984741211,15.282999992370605,4224,0.0,0.0
2022-08-01 00:00:00-04:00,15.130000114440918,15.282999992370605,13.6850004196167,13.9399995803833,5653,0.0,0.0
2022-08-02 00:00:00-04:00,14.109999656677246,14.789999961853027,13.072999954223633,13.668000221252441,5241,0.0,0.0
2022-08-03 00:00:00-04:00,13.260000228881836,13.9399995803833,11.390000343322754,13.446999549865723,11388,0.0,0.0
2022-08-04 00:00:00-04:00,14.619999885559082,14.789999961853027,13.9399995803833,14.517999649047852,8835,0.0,0.0
2022-08-05 00:00:00-04:00,15.01099967956543,15.01099967956543,12.477999687194824,13.446999549865723,6600,0.0,0.0
2022-08-08 00:00:00-04:00,14.109999656677246,14.109999656677246,12.75,13.260000228881836,7700,0.0,0.0
2022-08-09 00:00:00-04:00,13.09000015258789,14.449999809265137,13.09000015258789,14.194999694824219,12341,0.0,0.0
2022-08-10 00:00:00-04:00,14.449999809265137,14.619999885559082,12.61400032043457,13.260000228881836,4812,0.0,0.0
2022-08-11 00:00:00-04:00,13.600000381469727,16.149999618530273,13.600000381469727,14.722000122070312,12688,0.0,0.0
2022-08-12 00:00:00-04:00,14.53499984741211,14.824000358581543,14.109999656677246,14.50100040435791,2982,0.0,0.0
2022-08-15 00:00:00-04:00,14.144000053405762,14.449999809265137,13.9399995803833,14.364999771118164,2094,0.0,0.0
2022-08-16 00:00:00-04:00,14.449999809265137,14.722000122070312,13.9399995803833,14.50100040435791,1018,0.0,0.0
2022-08-17 00:00:00-04:00,14.211999893188477,14.279999732971191,13.260000228881836,13.430000305175781,3371,0.0,0.0
2022-08-18 00:00:00-04:00,13.260000228881836,14.16100025177002,13.09000015258789,13.09000015258789,2788,0.0,0.0
2022-08-19 00:00:00-04:00,12.579999923706055,13.736000061035156,12.239999771118164,12.51200008392334,4182,0.0,0.0
2022-08-22 00:00:00-04:00,12.51200008392334,12.732999801635742,11.916999816894531,12.069999694824219,3065,0.0,0.0
2022-08-23 00:00:00-04:00,12.239999771118164,12.75,11.916999816894531,12.579999923706055,5900,0.0,0.0
2022-08-24 00:00:00-04:00,13.09000015258789,13.09000015258789,12.239999771118164,12.88599967956543,1371,0.0,0.0
2022-08-25 00:00:00-04:00,12.579999923706055,13.09000015258789,11.916999816894531,12.189000129699707,2876,0.0,0.0
2022-08-26 00:00:00-04:00,12.239999771118164,12.579999923706055,11.390000343322754,11.899999618530273,12288,0.0,0.0
2022-08-29 00:00:00-04:00,12.239999771118164,12.40999984741211,11.984999656677246,12.154999732971191,1194,0.0,0.0
2022-08-30 00:00:00-04:00,12.75,13.260000228881836,12.239999771118164,12.461000442504883,3400,0.0,0.0
2022-08-31 00:00:00-04:00,12.579999923706055,12.920000076293945,12.579999923706055,12.579999923706055,735,0.0,0.0
2022-09-01 00:00:00-04:00,12.579999923706055,12.75,12.069999694824219,12.069999694824219,1706,0.0,0.0
2022-09-02 00:00:00-04:00,12.137999534606934,12.40999984741211,11.390000343322754,11.645000457763672,1829,0.0,0.0
2022-09-06 00:00:00-04:00,11.5600004196167,11.5600004196167,10.539999961853027,10.557000160217285,7024,0.0,0.0
2022-09-07 00:00:00-04:00,10.505999565124512,11.032999992370605,9.859999656677246,9.859999656677246,2929,0.0,0.0
2022-09-08 00:00:00-04:00,10.880000114440918,18.020000457763672,9.961999893188477,13.395999908447266,482229,0.0,0.0
2022-09-09 00:00:00-04:00,12.937000274658203,13.616999626159668,10.625,11.5600004196167,39812,0.0,0.0
2022-09-12 00:00:00-04:00,11.5600004196167,12.019000053405762,10.234000205993652,10.795000076293945,21224,0.0,0.0
2022-09-13 00:00:00-04:00,9.6899995803833,9.6899995803833,7.480000019073486,7.735000133514404,82612,0.0,0.0
2022-09-14 00:00:00-04:00,8.329999923706055,8.329999923706055,7.480000019073486,7.480000019073486,19924,0.0,0.0
2022-09-15 00:00:00-04:00,7.480000019073486,7.785999774932861,6.834000110626221,7.293000221252441,10624,0.0,0.0
2022-09-16 00:00:00-04:00,7.497000217437744,7.497000217437744,6.1539998054504395,6.171000003814697,14418,0.0,0.0
2022-09-19 00:00:00-04:00,6.5960001945495605,6.5960001945495605,5.78000020980835,5.949999809265137,14871,0.0,0.0
2022-09-20 00:00:00-04:00,5.949999809265137,6.392000198364258,5.117000102996826,5.660999774932861,13265,0.0,0.0
2022-09-21 00:00:00-04:00,5.491000175476074,5.864999771118164,5.2870001792907715,5.2870001792907715,17388,0.0,0.0
2022-09-22 00:00:00-04:00,5.303999900817871,5.881999969482422,5.303999900817871,5.525000095367432,10259,0.0,0.0
2022-09-23 00:00:00-04:00,5.525000095367432,5.915999889373779,5.303999900817871,5.456999778747559,9165,0.0,0.0
2022-09-26 00:00:00-04:00,5.456999778747559,5.89900016784668,5.269999980926514,5.303999900817871,8718,0.0,0.0
2022-09-27 00:00:00-04:00,5.541999816894531,5.541999816894531,5.269999980926514,5.422999858856201,5212,0.0,0.0
2022-09-28 00:00:00-04:00,5.440000057220459,5.881999969482422,5.422999858856201,5.830999851226807,6253,0.0,0.0
2022-09-29 00:00:00-04:00,5.610000133514404,6.289999961853027,5.610000133514404,6.034999847412109,10259,0.0,0.0
2022-09-30 00:00:00-04:00,6.289999961853027,6.5279998779296875,5.610000133514404,6.323999881744385,7353,0.0,0.0
2022-10-03 00:00:00-04:00,6.73199987411499,6.73199987411499,5.236000061035156,5.355000019073486,21859,0.0,0.0
2022-10-04 00:00:00-04:00,5.440000057220459,5.949999809265137,5.440000057220459,5.711999893188477,11041,0.0,0.0
2022-10-05 00:00:00-04:00,6.052000045776367,6.085999965667725,5.78000020980835,5.949999809265137,6065,0.0,0.0
2022-10-06 00:00:00-04:00,6.25600004196167,6.630000114440918,5.660999774932861,5.814000129699707,11124,0.0,0.0
2022-10-07 00:00:00-04:00,5.949999809265137,6.289999961853027,5.2870001792907715,5.355000019073486,10965,0.0,0.0
2022-10-10 00:00:00-04:00,5.372000217437744,5.660999774932861,5.269999980926514,5.440000057220459,7382,0.0,0.0
2022-10-11 00:00:00-04:00,5.745999813079834,6.068999767303467,5.099999904632568,5.440000057220459,39065,0.0,0.0
2022-10-12 00:00:00-04:00,5.541999816894531,5.626999855041504,4.760000228881836,4.964000225067139,18847,0.0,0.0
2022-10-13 00:00:00-04:00,5.083000183105469,5.184999942779541,4.505000114440918,4.590000152587891,22659,0.0,0.0
2022-10-14 00:00:00-04:00,4.929999828338623,4.929999828338623,3.9100000858306885,4.063000202178955,38753,0.0,0.0
2022-10-17 00:00:00-04:00,3.9100000858306885,4.36899995803833,3.434000015258789,4.01200008392334,37388,0.0,0.0
2022-10-18 00:00:00-04:00,5.014999866485596,5.014999866485596,3.382999897003174,3.9100000858306885,313082,0.0,0.0
2022-10-19 00:00:00-04:00,3.484999895095825,3.740000009536743,3.2300000190734863,3.5190000534057617,73606,0.0,0.0
2022-10-20 00:00:00-04:00,3.6549999713897705,3.6549999713897705,3.382999897003174,3.4000000953674316,45306,0.0,0.0
2022-10-21 00:00:00-04:00,3.315000057220459,3.5360000133514404,3.196000099182129,3.434000015258789,35859,0.0,0.0
2022-10-24 00:00:00-04:00,3.4000000953674316,3.4679999351501465,2.940999984741211,3.2130000591278076,72165,0.0,0.0
2022-10-25 00:00:00-04:00,3.2809998989105225,3.2809998989105225,2.2269999980926514,2.9070000648498535,211347,0.0,0.0
2022-10-26 00:00:00-04:00,2.7200000286102295,2.9749999046325684,2.634999990463257,2.940999984741211,69412,0.0,0.0
2022-10-27 00:00:00-04:00,3.059999942779541,3.434000015258789,2.890000104904175,3.3320000171661377,58059,0.0,0.0
2022-10-28 00:00:00-04:00,3.2300000190734863,3.382999897003174,3.059999942779541,3.2809998989105225,20588,0.0,0.0
2022-10-31 00:00:00-04:00,3.434000015258789,3.434000015258789,2.9070000648498535,2.9749999046325684,19618,0.0,0.0
2022-11-01 00:00:00-04:00,3.2300000190734863,3.2300000190734863,2.9749999046325684,3.0769999027252197,7765,0.0,0.0
2022-11-02 00:00:00-04:00,3.1449999809265137,3.2130000591278076,3.059999942779541,3.1449999809265137,8859,0.0,0.0
2022-11-03 00:00:00-04:00,3.1619999408721924,3.196000099182129,2.9240000247955322,3.0429999828338623,6159,0.0,0.0
2022-11-04 00:00:00-04:00,3.1110000610351562,3.178999900817871,2.890000104904175,2.890000104904175,9124,0.0,0.0
2022-11-07 00:00:00-05:00,3.128000020980835,3.128000020980835,2.7200000286102295,2.7200000286102295,17406,0.0,0.0
2022-11-08 00:00:00-05:00,2.890000104904175,2.9749999046325684,2.634999990463257,2.7200000286102295,11441,0.0,0.0
2022-11-09 00:00:00-05:00,2.7200000286102295,2.9749999046325684,2.24399995803833,2.5329999923706055,27371,0.0,0.0
2022-11-10 00:00:00-05:00,2.549999952316284,2.7200000286102295,2.549999952316284,2.6689999103546143,7388,0.0,0.0
2022-11-11 00:00:00-05:00,2.634999990463257,2.8389999866485596,2.634999990463257,2.7709999084472656,2624,0.0,0.0
2022-11-14 00:00:00-05:00,2.9749999046325684,2.9749999046325684,2.7200000286102295,2.805000066757202,11665,0.0,0.0
2022-11-15 00:00:00-05:00,2.9749999046325684,2.9749999046325684,2.686000108718872,2.940999984741211,20424,0.0,0.0
2022-11-16 00:00:00-05:00,2.9749999046325684,2.9749999046325684,2.566999912261963,2.872999906539917,45018,0.0,0.0
2022-11-17 00:00:00-05:00,2.7200000286102295,3.4000000953674316,2.7200000286102295,3.2809998989105225,71482,0.0,0.0
2022-11-18 00:00:00-05:00,3.2300000190734863,3.4000000953674316,3.059999942779541,3.2300000190734863,12959,0.0,0.0
2022-11-21 00:00:00-05:00,3.4000000953674316,3.4000000953674316,3.1449999809265137,3.2980000972747803,4459,0.0,0.0
2022-11-22 00:00:00-05:00,3.3320000171661377,3.3320000171661377,2.9749999046325684,3.059999942779541,16235,0.0,0.0
2022-11-23 00:00:00-05:00,3.0769999027252197,3.3489999771118164,3.059999942779541,3.2300000190734863,25329,0.0,0.0
2022-11-25 00:00:00-05:00,3.128000020980835,3.740000009536743,3.128000020980835,3.569999933242798,34259,0.0,0.0
2022-11-28 00:00:00-05:00,3.740000009536743,3.740000009536743,3.246999979019165,3.382999897003174,20218,0.0,0.0
2022-11-29 00:00:00-05:00,3.5869998931884766,3.7230000495910645,3.246999979019165,3.4000000953674316,17906,0.0,0.0
2022-11-30 00:00:00-05:00,3.740000009536743,3.740000009536743,3.315000057220459,3.484999895095825,21171,0.0,0.0
2022-12-01 00:00:00-05:00,3.484999895095825,3.5869998931884766,3.1449999809265137,3.4170000553131104,16729,0.0,0.0
2022-12-02 00:00:00-05:00,3.4170000553131104,3.4170000553131104,3.059999942779541,3.2300000190734863,21441,0.0,0.0
2022-12-05 00:00:00-05:00,3.382999897003174,3.382999897003174,2.9070000648498535,2.9579999446868896,26318,0.0,0.0
2022-12-06 00:00:00-05:00,2.9749999046325684,3.2300000190734863,2.7200000286102295,2.822000026702881,8159,0.0,0.0
2022-12-07 00:00:00-05:00,3.059999942779541,3.059999942779541,2.7200000286102295,2.8559999465942383,11065,0.0,0.0
2022-12-08 00:00:00-05:00,3.128000020980835,3.128000020980835,2.7200000286102295,2.9240000247955322,7812,0.0,0.0
2022-12-09 00:00:00-05:00,2.890000104904175,2.890000104904175,2.7200000286102295,2.8559999465942383,4088,0.0,0.0
2022-12-12 00:00:00-05:00,2.890000104904175,4.25,2.7200000286102295,3.3489999771118164,294276,0.0,0.0
2022-12-13 00:00:00-05:00,3.196000099182129,3.3489999771118164,2.7200000286102295,2.7880001068115234,74735,0.0,0.0
2022-12-14 00:00:00-05:00,2.7200000286102295,2.9240000247955322,2.6010000705718994,2.6519999504089355,23647,0.0,0.0
2022-12-15 00:00:00-05:00,2.890000104904175,2.890000104904175,2.549999952316284,2.549999952316284,26394,0.0,0.0
2022-12-16 00:00:00-05:00,2.549999952316284,2.7709999084472656,2.24399995803833,2.24399995803833,24365,0.0,0.0
2022-12-19 00:00:00-05:00,2.4649999141693115,2.5329999923706055,2.380000114440918,2.380000114440918,10265,0.0,0.0
2022-12-20 00:00:00-05:00,2.566999912261963,2.6689999103546143,2.499000072479248,2.634999990463257,26671,0.0,0.0
2022-12-21 00:00:00-05:00,2.6519999504089355,2.8559999465942383,2.6010000705718994,2.736999988555908,13965,0.0,0.0
2022-12-22 00:00:00-05:00,2.8559999465942383,2.9749999046325684,2.7709999084472656,2.9749999046325684,17365,0.0,0.0
2022-12-23 00:00:00-05:00,2.890000104904175,3.059999942779541,2.805000066757202,2.940999984741211,6659,0.0,0.0
2022-12-27 00:00:00-05:00,3.059999942779541,3.059999942779541,2.549999952316284,2.736999988555908,14371,0.0,0.0
2022-12-28 00:00:00-05:00,2.822000026702881,3.0260000228881836,2.549999952316284,2.890000104904175,18388,0.0,0.0
2022-12-29 00:00:00-05:00,2.805000066757202,2.822000026702881,2.4820001125335693,2.822000026702881,17682,0.0,0.0
2022-12-30 00:00:00-05:00,2.805000066757202,3.2130000591278076,2.549999952316284,2.890000104904175,33324,0.0,0.0
2023-01-03 00:00:00-05:00,3.1110000610351562,3.2300000190734863,2.7709999084472656,2.9749999046325684,9882,0.0,0.0
2023-01-04 00:00:00-05:00,2.9749999046325684,3.178999900817871,2.9070000648498535,3.178999900817871,5712,0.0,0.0
2023-01-05 00:00:00-05:00,3.3320000171661377,3.4000000953674316,3.1449999809265137,3.246999979019165,21724,0.0,0.0
2023-01-06 00:00:00-05:00,3.178999900817871,3.2639999389648438,3.059999942779541,3.178999900817871,6012,0.0,0.0
2023-01-09 00:00:00-05:00,3.2980000972747803,3.3320000171661377,3.059999942779541,3.2300000190734863,10371,0.0,0.0
2023-01-10 00:00:00-05:00,3.059999942779541,3.4679999351501465,3.059999942779541,3.3489999771118164,11894,0.0,0.0
2023-01-11 00:00:00-05:00,3.4170000553131104,3.502000093460083,3.382999897003174,3.502000093460083,12412,0.0,0.0
2023-01-12 00:00:00-05:00,3.569999933242798,3.569999933242798,3.2980000972747803,3.4170000553131104,32353,0.0,0.0
2023-01-13 00:00:00-05:00,3.4170000553131104,4.079999923706055,3.2300000190734863,3.944000005722046,66482,0.0,0.0
2023-01-17 00:00:00-05:00,4.046000003814697,4.046000003814697,3.569999933242798,3.7909998893737793,14524,0.0,0.0
2023-01-18 00:00:00-05:00,3.9100000858306885,4.0289998054504395,3.6549999713897705,3.825000047683716,11929,0.0,0.0
2023-01-19 00:00:00-05:00,4.079999923706055,4.079999923706055,3.484999895095825,3.6549999713897705,16318,0.0,0.0
2023-01-20 00:00:00-05:00,3.740000009536743,3.994999885559082,3.5869998931884766,3.9609999656677246,16729,0.0,0.0
2023-01-23 00:00:00-05:00,3.9779999256134033,4.590000152587891,3.7739999294281006,4.335000038146973,49747,0.0,0.0
2023-01-24 00:00:00-05:00,4.72599983215332,4.72599983215332,4.232999801635742,4.25,18906,0.0,0.0
2023-01-25 00:00:00-05:00,3.9100000858306885,4.164999961853027,3.7230000495910645,3.944000005722046,9424,0.0,0.0
2023-01-26 00:00:00-05:00,4.01200008392334,4.063000202178955,3.7739999294281006,3.9100000858306885,5112,0.0,0.0
2023-01-27 00:00:00-05:00,4.0289998054504395,4.079999923706055,3.7739999294281006,3.8929998874664307,5741,0.0,0.0
2023-01-30 00:00:00-05:00,3.9100000858306885,3.9609999656677246,3.4000000953674316,3.9100000858306885,12700,0.0,0.0
2023-01-31 00:00:00-05:00,3.825000047683716,3.9100000858306885,3.5869998931884766,3.9100000858306885,6724,0.0,0.0
2023-02-01 00:00:00-05:00,3.9100000858306885,4.420000076293945,3.6549999713897705,3.875999927520752,8012,0.0,0.0
2023-02-02 00:00:00-05:00,4.0970001220703125,4.420000076293945,3.8929998874664307,4.046000003814697,10100,0.0,0.0
2023-02-03 00:00:00-05:00,4.079999923706055,4.232999801635742,3.740000009536743,3.756999969482422,13012,0.0,0.0
2023-02-06 00:00:00-05:00,3.740000009536743,4.590000152587891,3.5869998931884766,4.386000156402588,33441,0.0,0.0
2023-02-07 00:00:00-05:00,4.590000152587891,4.895999908447266,4.079999923706055,4.36899995803833,32906,0.0,0.0
2023-02-08 00:00:00-05:00,4.590000152587891,4.590000152587891,4.25,4.420000076293945,15976,0.0,0.0
2023-02-09 00:00:00-05:00,4.521999835968018,4.691999912261963,4.079999923706055,4.556000232696533,8153,0.0,0.0
2023-02-10 00:00:00-05:00,4.929999828338623,4.929999828338623,4.113999843597412,4.590000152587891,8859,0.0,0.0
2023-02-13 00:00:00-05:00,4.420000076293945,4.760000228881836,3.9609999656677246,4.590000152587891,111412,0.0,0.0
2023-02-14 00:00:00-05:00,4.335000038146973,4.335000038146973,3.8420000076293945,4.079999923706055,34741,0.0,0.0
2023-02-15 00:00:00-05:00,3.944000005722046,4.0289998054504395,3.740000009536743,3.8929998874664307,26988,0.0,0.0
2023-02-16 00:00:00-05:00,3.7909998893737793,3.8929998874664307,3.6549999713897705,3.8420000076293945,9324,0.0,0.0
2023-02-17 00:00:00-05:00,3.621000051498413,3.8420000076293945,3.569999933242798,3.6040000915527344,5347,0.0,0.0
2023-02-21 00:00:00-05:00,3.6549999713897705,4.505000114440918,3.569999933242798,4.3520002365112305,53953,0.0,0.0
2023-02-22 00:00:00-05:00,4.335000038146973,4.3520002365112305,3.9100000858306885,4.317999839782715,13135,0.0,0.0
2023-02-23 00:00:00-05:00,4.386000156402588,4.386000156402588,4.079999923706055,4.386000156402588,14094,0.0,0.0
2023-02-24 00:00:00-05:00,3.944000005722046,4.929999828338623,3.944000005722046,4.760000228881836,16824,0.0,0.0
2023-02-27 00:00:00-05:00,4.624000072479248,6.289999961853027,4.317999839782715,6.204999923706055,101759,0.0,0.0
2023-02-28 00:00:00-05:00,6.119999885559082,6.119999885559082,4.947000026702881,5.099999904632568,34471,0.0,0.0
2023-03-01 00:00:00-05:00,5.440000057220459,5.830999851226807,4.929999828338623,5.388999938964844,24065,0.0,0.0
2023-03-02 00:00:00-05:00,5.610000133514404,5.610000133514404,5.2870001792907715,5.3379998207092285,13941,0.0,0.0
2023-03-03 00:00:00-05:00,5.440000057220459,5.610000133514404,5.3379998207092285,5.440000057220459,14529,0.0,0.0
2023-03-06 00:00:00-05:00,5.355000019073486,5.507999897003174,5.099999904632568,5.355000019073486,18994,0.0,0.0
2023-03-07 00:00:00-05:00,5.355000019073486,5.406000137329102,4.929999828338623,5.269999980926514,13459,0.0,0.0
2023-03-08 00:00:00-05:00,5.099999904632568,5.236000061035156,4.420000076293945,4.590000152587891,25588,0.0,0.0
2023-03-09 00:00:00-05:00,4.453999996185303,4.6579999923706055,3.9100000858306885,4.25,9753,0.0,0.0
2023-03-10 00:00:00-05:00,4.079999923706055,4.420000076293945,4.079999923706055,4.182000160217285,8547,0.0,0.0
2023-03-13 00:00:00-04:00,4.079999923706055,4.4029998779296875,3.621000051498413,4.079999923706055,9276,0.0,0.0
2023-03-14 00:00:00-04:00,4.164999961853027,4.335000038146973,3.994999885559082,4.13100004196167,15076,0.0,0.0
2023-03-15 00:00:00-04:00,4.232999801635742,4.232999801635742,3.9100000858306885,3.994999885559082,3506,0.0,0.0
2023-03-16 00:00:00-04:00,4.25,4.25,3.756999969482422,4.079999923706055,5953,0.0,0.0
2023-03-17 00:00:00-04:00,4.079999923706055,4.25,3.7909998893737793,4.079999923706055,1106,0.0,0.0
2023-03-20 00:00:00-04:00,4.079999923706055,4.1479997634887695,3.740000009536743,3.7739999294281006,4600,0.0,0.0
2023-03-21 00:00:00-04:00,3.9100000858306885,4.079999923706055,3.7739999294281006,3.9100000858306885,1153,0.0,0.0
2023-03-22 00:00:00-04:00,3.9100000858306885,3.927000045776367,3.5190000534057617,3.569999933242798,5812,0.0,0.0
2023-03-23 00:00:00-04:00,3.5190000534057617,3.688999891281128,3.5190000534057617,3.638000011444092,6076,0.0,0.0
2023-03-24 00:00:00-04:00,3.688999891281128,3.688999891281128,3.434000015258789,3.569999933242798,10600,0.0,0.0
2023-03-27 00:00:00-04:00,3.671999931335449,3.671999931335449,3.2300000190734863,3.4000000953674316,7588,0.0,0.0
2023-03-28 00:00:00-04:00,3.2809998989105225,3.671999931335449,3.2639999389648438,3.2639999389648438,2412,0.0,0.0
2023-03-29 00:00:00-04:00,3.4000000953674316,3.569999933242798,3.2639999389648438,3.5360000133514404,3671,0.0,0.0
2023-03-30 00:00:00-04:00,3.569999933242798,3.994999885559082,3.484999895095825,3.7909998893737793,12765,0.0,0.0
2023-03-31 00:00:00-04:00,3.569999933242798,3.7909998893737793,3.484999895095825,3.569999933242798,6347,0.0,0.0
2023-04-03 00:00:00-04:00,3.484999895095825,3.7230000495910645,3.4000000953674316,3.502000093460083,865,0.0,0.0
2023-04-04 00:00:00-04:00,3.569999933242798,3.569999933242798,3.4679999351501465,3.569999933242798,4424,0.0,0.0
2023-04-05 00:00:00-04:00,3.4679999351501465,3.740000009536743,3.4679999351501465,3.569999933242798,2882,0.0,0.0
2023-04-06 00:00:00-04:00,3.740000009536743,3.740000009536743,3.502000093460083,3.569999933242798,6906,0.0,0.0
2023-04-10 00:00:00-04:00,3.569999933242798,3.740000009536743,3.502000093460083,3.740000009536743,13253,0.0,0.0
2023-04-11 00:00:00-04:00,3.5869998931884766,3.825000047683716,3.5190000534057617,3.5869998931884766,14182,0.0,0.0
2023-04-12 00:00:00-04:00,3.484999895095825,3.9100000858306885,3.484999895095825,3.569999933242798,4612,0.0,0.0
2023-04-13 00:00:00-04:00,3.4000000953674316,3.7909998893737793,3.4000000953674316,3.7909998893737793,9106,0.0,0.0
2023-04-14 00:00:00-04:00,4.0289998054504395,4.0289998054504395,3.484999895095825,3.621000051498413,6624,0.0,0.0
2023-04-17 00:00:00-04:00,3.621000051498413,3.9100000858306885,3.4000000953674316,3.7060000896453857,9065,0.0,0.0
2023-04-18 00:00:00-04:00,3.7230000495910645,4.539000034332275,3.7060000896453857,4.1479997634887695,73282,0.0,0.0
2023-04-19 00:00:00-04:00,4.1479997634887695,4.198999881744385,3.756999969482422,3.9100000858306885,24906,0.0,0.0
2023-04-20 00:00:00-04:00,4.063000202178955,5.269999980926514,3.756999969482422,4.1479997634887695,189753,0.0,0.0
2023-04-21 00:00:00-04:00,4.0970001220703125,4.182000160217285,3.756999969482422,3.8929998874664307,30718,0.0,0.0
2023-04-24 00:00:00-04:00,3.7739999294281006,3.944000005722046,3.502000093460083,3.5360000133514404,11959,0.0,0.0
2023-04-25 00:00:00-04:00,3.621000051498413,3.9100000858306885,3.5360000133514404,3.740000009536743,22824,0.0,0.0
2023-04-26 00:00:00-04:00,3.740000009536743,3.875999927520752,2.890000104904175,3.4000000953674316,18306,0.0,0.0
2023-04-27 00:00:00-04:00,3.2980000972747803,3.4679999351501465,3.0940001010894775,3.4000000953674316,8376,0.0,0.0
2023-04-28 00:00:00-04:00,3.5360000133514404,3.5360000133514404,3.2300000190734863,3.4170000553131104,5153,0.0,0.0
2023-05-01 00:00:00-04:00,3.315000057220459,3.4509999752044678,3.315000057220459,3.4000000953674316,3600,0.0,0.0
2023-05-02 00:00:00-04:00,3.5190000534057617,3.5190000534057617,3.246999979019165,3.382999897003174,7247,0.0,0.0
2023-05-03 00:00:00-04:00,3.5190000534057617,3.825000047683716,3.484999895095825,3.6040000915527344,15100,0.0,0.0
2023-05-04 00:00:00-04:00,3.569999933242798,4.420000076293945,3.569999933242798,3.825000047683716,25053,0.0,0.0
2023-05-05 00:00:00-04:00,3.740000009536743,4.335000038146973,3.569999933242798,3.8929998874664307,62288,0.0,0.0
2023-05-08 00:00:00-04:00,3.808000087738037,4.01200008392334,3.638000011444092,3.740000009536743,6912,0.0,0.0
2023-05-09 00:00:00-04:00,3.740000009536743,3.944000005722046,3.7230000495910645,3.825000047683716,2076,0.0,0.0
2023-05-10 00:00:00-04:00,3.8929998874664307,4.232999801635742,3.756999969482422,3.9100000858306885,12418,0.0,0.0
2023-05-11 00:00:00-04:00,3.9100000858306885,4.063000202178955,3.740000009536743,3.8589999675750732,14500,0.0,0.0
2023-05-12 00:00:00-04:00,3.9100000858306885,3.9100000858306885,3.5869998931884766,3.6040000915527344,3276,0.0,0.0
2023-05-15 00:00:00-04:00,3.569999933242798,3.875999927520752,3.569999933242798,3.638000011444092,10194,0.0,0.0
2023-05-16 00:00:00-04:00,3.6549999713897705,3.808000087738037,3.6549999713897705,3.7060000896453857,9559,0.0,0.0
2023-05-17 00:00:00-04:00,3.6549999713897705,3.9100000858306885,3.2300000190734863,3.2300000190734863,26112,0.0,0.0
2023-05-18 00:00:00-04:00,3.2300000190734863,3.5190000534057617,3.2300000190734863,3.3489999771118164,5971,0.0,0.0
2023-05-19 00:00:00-04:00,3.740000009536743,3.740000009536743,3.4679999351501465,3.502000093460083,8729,0.0,0.0
2023-05-22 00:00:00-04:00,3.4170000553131104,3.6549999713897705,3.4000000953674316,3.4000000953674316,5482,0.0,0.0
2023-05-23 00:00:00-04:00,3.4170000553131104,3.671999931335449,3.4170000553131104,3.569999933242798,4188,0.0,0.0
2023-05-24 00:00:00-04:00,3.552999973297119,3.569999933242798,3.246999979019165,3.5360000133514404,13418,0.0,0.0
2023-05-25 00:00:00-04:00,3.740000009536743,5.355000019073486,3.552999973297119,4.01200008392334,180653,0.0,0.0
2023-05-26 00:00:00-04:00,3.9100000858306885,4.046000003814697,3.6040000915527344,3.8589999675750732,18906,0.0,0.0
2023-05-30 00:00:00-04:00,4.25,4.283999919891357,3.740000009536743,3.9100000858306885,44535,0.0,0.0
2023-05-31 00:00:00-04:00,4.079999923706055,4.198999881744385,3.740000009536743,4.0970001220703125,16859,0.0,0.0
2023-06-01 00:00:00-04:00,4.25,4.335000038146973,3.569999933242798,4.25,13676,0.0,0.0
2023-06-02 00:00:00-04:00,4.25,4.25,3.9779999256134033,4.232999801635742,4594,0.0,0.0
2023-06-05 00:00:00-04:00,4.079999923706055,4.113999843597412,3.994999885559082,4.079999923706055,11906,0.0,0.0
2023-06-06 00:00:00-04:00,4.13100004196167,4.13100004196167,3.5869998931884766,3.7230000495910645,19271,0.0,0.0
2023-06-07 00:00:00-04:00,4.079999923706055,4.079999923706055,3.6040000915527344,3.8420000076293945,8047,0.0,0.0
2023-06-08 00:00:00-04:00,3.9100000858306885,3.9609999656677246,3.740000009536743,3.8929998874664307,8235,0.0,0.0
2023-06-09 00:00:00-04:00,3.825000047683716,4.079999923706055,3.756999969482422,3.9609999656677246,4847,0.0,0.0
2023-06-12 00:00:00-04:00,4.079999923706055,4.079999923706055,3.927000045776367,4.063000202178955,976,0.0,0.0
2023-06-13 00:00:00-04:00,4.063000202178955,4.063000202178955,3.4509999752044678,3.9100000858306885,5659,0.0,0.0
2023-06-14 00:00:00-04:00,3.7739999294281006,4.063000202178955,3.7739999294281006,3.9779999256134033,2012,0.0,0.0
2023-06-15 00:00:00-04:00,3.9100000858306885,4.079999923706055,3.8589999675750732,3.994999885559082,5824,0.0,0.0
2023-06-16 00:00:00-04:00,3.994999885559082,4.079999923706055,3.9100000858306885,3.944000005722046,5141,0.0,0.0
2023-06-20 00:00:00-04:00,3.944000005722046,3.944000005722046,3.740000009536743,3.825000047683716,25518,0.0,0.0
2023-06-21 00:00:00-04:00,3.756999969482422,3.9100000858306885,3.4000000953674316,3.740000009536743,13000,0.0,0.0
2023-06-22 00:00:00-04:00,3.569999933242798,3.7060000896453857,3.434000015258789,3.688999891281128,4471,0.0,0.0
2023-06-23 00:00:00-04:00,3.552999973297119,3.7230000495910645,2.736999988555908,3.382999897003174,46318,0.0,0.0
2023-06-26 00:00:00-04:00,5.048999786376953,9.010000228881836,4.335000038146973,6.119999885559082,10805618,0.0,0.0
2023-06-27 00:00:00-04:00,5.711999893188477,5.78000020980835,4.267000198364258,4.590000152587891,555482,0.0,0.0
2023-06-28 00:00:00-04:00,4.301000118255615,4.420000076293945,3.6549999713897705,4.25,188735,0.0,0.0
2023-06-29 00:00:00-04:00,4.420000076293945,4.420000076293945,3.740000009536743,4.0289998054504395,99518,0.0,0.0
2023-06-30 00:00:00-04:00,3.756999969482422,4.079999923706055,3.740000009536743,4.063000202178955,42418,0.0,0.0
2023-07-03 00:00:00-04:00,4.13100004196167,4.164999961853027,3.9100000858306885,4.079999923706055,26824,0.0,0.0
2023-07-05 00:00:00-04:00,3.9609999656677246,4.113999843597412,3.8420000076293945,4.113999843597412,30959,0.0,0.0
2023-07-06 00:00:00-04:00,3.9779999256134033,4.113999843597412,3.825000047683716,3.994999885559082,20076,0.0,0.0
2023-07-07 00:00:00-04:00,3.994999885559082,4.572999954223633,3.9100000858306885,4.182000160217285,107582,0.0,0.0
2023-07-10 00:00:00-04:00,4.079999923706055,4.301000118255615,3.944000005722046,4.0970001220703125,48129,0.0,0.0
2023-07-11 00:00:00-04:00,4.079999923706055,4.164999961853027,3.8589999675750732,4.046000003814697,35788,0.0,0.0
2023-07-12 00:00:00-04:00,4.046000003814697,4.046000003814697,3.740000009536743,3.8420000076293945,30582,0.0,0.0
2023-07-13 00:00:00-04:00,3.944000005722046,3.944000005722046,3.688999891281128,3.740000009536743,25241,0.0,0.0
2023-07-14 00:00:00-04:00,3.740000009536743,3.9100000858306885,3.6040000915527344,3.9100000858306885,30071,0.0,0.0
2023-07-17 00:00:00-04:00,3.756999969482422,3.8929998874664307,3.671999931335449,3.825000047683716,15659,0.0,0.0
2023-07-18 00:00:00-04:00,3.688999891281128,3.8420000076293945,3.621000051498413,3.7739999294281006,18629,0.0,0.0
2023-07-19 00:00:00-04:00,3.740000009536743,3.875999927520752,3.621000051498413,3.638000011444092,23329,0.0,0.0
2023-07-20 00:00:00-04:00,3.8420000076293945,3.8420000076293945,3.382999897003174,3.4509999752044678,24565,0.0,0.0
2023-07-21 00:00:00-04:00,3.740000009536743,3.740000009536743,3.4170000553131104,3.7060000896453857,13253,0.0,0.0
2023-07-24 00:00:00-04:00,3.6549999713897705,3.756999969482422,3.5869998931884766,3.5869998931884766,11629,0.0,0.0
2023-07-25 00:00:00-04:00,3.502000093460083,3.7230000495910645,3.0940001010894775,3.4509999752044678,99429,0.0,0.0
2023-07-26 00:00:00-04:00,3.549999952316284,5.489999771118164,3.200000047683716,3.5299999713897705,5897800,0.0,0.058823529411764705
2023-07-27 00:00:00-04:00,3.369999885559082,3.690000057220459,3.1600000858306885,3.390000104904175,340500,0.0,0.0
2023-07-28 00:00:00-04:00,3.2699999809265137,3.490000009536743,2.950000047683716,3.1600000858306885,132700,0.0,0.0
2023-07-31 00:00:00-04:00,3.119999885559082,3.1500000953674316,2.984999895095825,3.0799999237060547,61400,0.0,0.0
2023-08-01 00:00:00-04:00,3.0399999618530273,3.049999952316284,2.8499999046325684,2.9100000858306885,57800,0.0,0.0
2023-08-02 00:00:00-04:00,2.9100000858306885,2.9100000858306885,2.5199999809265137,2.619999885559082,65300,0.0,0.0
2023-08-03 00:00:00-04:00,2.549999952316284,2.640000104904175,2.359999895095825,2.4040000438690186,63500,0.0,0.0
2023-08-04 00:00:00-04:00,2.380000114440918,2.380000114440918,2.130000114440918,2.200000047683716,75400,0.0,0.0
2023-08-07 00:00:00-04:00,2.1500000953674316,2.2200000286102295,1.9900000095367432,1.9900000095367432,38800,0.0,0.0
2023-08-08 00:00:00-04:00,2.0,2.0350000858306885,1.8799999952316284,1.9299999475479126,67300,0.0,0.0
2023-08-09 00:00:00-04:00,1.8600000143051147,4.840000152587891,1.8600000143051147,3.200000047683716,26196900,0.0,0.0
2023-08-10 00:00:00-04:00,3.2200000286102295,3.25,2.6500000953674316,2.869999885559082,1255600,0.0,0.0
2023-08-11 00:00:00-04:00,2.7699999809265137,2.9100000858306885,2.4100000858306885,2.809999942779541,520700,0.0,0.0
2023-08-14 00:00:00-04:00,2.7100000381469727,2.799999952316284,2.5799999237060547,2.759999990463257,142100,0.0,0.0
2023-08-15 00:00:00-04:00,2.6700000762939453,2.9000000953674316,2.619999885559082,2.690000057220459,192800,0.0,0.0
2023-08-16 00:00:00-04:00,2.630000114440918,2.7899999618530273,2.5899999141693115,2.6700000762939453,95900,0.0,0.0
2023-08-17 00:00:00-04:00,2.6600000858306885,2.799999952316284,2.5199999809265137,2.7799999713897705,86700,0.0,0.0
2023-08-18 00:00:00-04:00,2.75,3.200000047683716,2.694999933242798,2.8399999141693115,201500,0.0,0.0
2023-08-21 00:00:00-04:00,2.7899999618530273,3.130000114440918,2.740000009536743,2.809999942779541,412300,0.0,0.0
2023-08-22 00:00:00-04:00,2.9800000190734863,3.140000104904175,2.6600000858306885,2.690000057220459,549000,0.0,0.0
2023-08-23 00:00:00-04:00,2.5799999237060547,2.890000104904175,2.4600000381469727,2.6700000762939453,243400,0.0,0.0
2023-08-24 00:00:00-04:00,2.6500000953674316,2.75,2.450000047683716,2.549999952316284,75500,0.0,0.0
2023-08-25 00:00:00-04:00,2.5399999618530273,2.5999999046325684,2.4000000953674316,2.450000047683716,98600,0.0,0.0
2023-08-28 00:00:00-04:00,2.380000114440918,2.5399999618530273,2.3299999237060547,2.3399999141693115,36500,0.0,0.0
2023-08-29 00:00:00-04:00,2.3399999141693115,2.6700000762939453,2.3399999141693115,2.5799999237060547,64300,0.0,0.0
2023-08-30 00:00:00-04:00,2.619999885559082,2.7300000190734863,2.5299999713897705,2.7200000286102295,48300,0.0,0.0
2023-08-31 00:00:00-04:00,2.7300000190734863,2.990000009536743,2.6730000972747803,2.950000047683716,40200,0.0,0.0
2023-09-01 00:00:00-04:00,3.0,3.0,2.7219998836517334,2.859999895095825,97700,0.0,0.0
2023-09-05 00:00:00-04:00,2.740000009536743,2.8929998874664307,2.740000009536743,2.819999933242798,13600,0.0,0.0
2023-09-06 00:00:00-04:00,2.799999952316284,3.2100000381469727,2.753000020980835,3.180000066757202,61900,0.0,0.0
2023-09-07 00:00:00-04:00,3.180000066757202,3.2300000190734863,3.005000114440918,3.0399999618530273,90600,0.0,0.0
2023-09-08 00:00:00-04:00,2.990000009536743,3.180000066757202,2.950000047683716,3.0799999237060547,41100,0.0,0.0
2023-09-11 00:00:00-04:00,3.049999952316284,3.200000047683716,3.049999952316284,3.190000057220459,28900,0.0,0.0
2023-09-12 00:00:00-04:00,3.200000047683716,3.240000009536743,3.059999942779541,3.240000009536743,43500,0.0,0.0
2023-09-13 00:00:00-04:00,3.109999895095825,3.200000047683716,3.0299999713897705,3.130000114440918,18200,0.0,0.0
2023-09-14 00:00:00-04:00,3.0999999046325684,3.190000057220459,2.890000104904175,2.9600000381469727,44000,0.0,0.0
2023-09-15 00:00:00-04:00,2.9600000381469727,3.1700000762939453,2.9600000381469727,3.1600000858306885,38300,0.0,0.0
2023-09-18 00:00:00-04:00,3.119999885559082,3.119999885559082,2.9100000858306885,2.9100000858306885,20800,0.0,0.0
2023-09-19 00:00:00-04:00,2.9000000953674316,3.0,2.7899999618530273,2.9100000858306885,22800,0.0,0.0
2023-09-20 00:00:00-04:00,2.88700008392334,3.119999885559082,2.880000114440918,2.940000057220459,8400,0.0,0.0
2023-09-21 00:00:00-04:00,2.930000066757202,3.0299999713897705,2.7869999408721924,2.950000047683716,17400,0.0,0.0
2023-09-22 00:00:00-04:00,3.200000047683716,3.200000047683716,2.9100000858306885,3.049999952316284,8200,0.0,0.0
2023-09-25 00:00:00-04:00,2.940000057220459,3.1500000953674316,2.940000057220459,3.1500000953674316,15700,0.0,0.0
2023-09-26 00:00:00-04:00,3.069999933242798,3.299999952316284,3.069999933242798,3.1500000953674316,33400,0.0,0.0
2023-09-27 00:00:00-04:00,3.178999900817871,3.178999900817871,2.950000047683716,2.9800000190734863,16200,0.0,0.0
2023-09-28 00:00:00-04:00,2.9800000190734863,3.0799999237060547,2.9800000190734863,3.069999933242798,4600,0.0,0.0
2023-09-29 00:00:00-04:00,3.069999933242798,3.0999999046325684,3.0,3.0220000743865967,4500,0.0,0.0
2023-10-02 00:00:00-04:00,2.940000057220459,3.0999999046325684,2.940000057220459,3.0399999618530273,6300,0.0,0.0
2023-10-03 00:00:00-04:00,2.996999979019165,3.0260000228881836,2.950000047683716,3.0199999809265137,2700,0.0,0.0
2023-10-04 00:00:00-04:00,3.009999990463257,3.0799999237060547,2.950000047683716,2.9700000286102295,5700,0.0,0.0
2023-10-05 00:00:00-04:00,3.0199999809265137,3.0899999141693115,2.990000009536743,3.0,10900,0.0,0.0
2023-10-06 00:00:00-04:00,2.940000057220459,3.052999973297119,2.930000066757202,3.0,7400,0.0,0.0
2023-10-09 00:00:00-04:00,2.930000066757202,3.0399999618530273,2.930000066757202,3.0399999618530273,5100,0.0,0.0
2023-10-10 00:00:00-04:00,2.940000057220459,3.430000066757202,2.940000057220459,3.2699999809265137,35700,0.0,0.0
2023-10-11 00:00:00-04:00,3.2950000762939453,3.2950000762939453,3.055999994277954,3.180000066757202,13500,0.0,0.0
2023-10-12 00:00:00-04:00,3.200000047683716,3.4049999713897705,3.200000047683716,3.2799999713897705,37700,0.0,0.0
2023-10-13 00:00:00-04:00,3.197999954223633,3.490000009536743,3.1500000953674316,3.4100000858306885,42400,0.0,0.0
2023-10-16 00:00:00-04:00,3.25,3.490000009536743,3.1110000610351562,3.3299999237060547,15600,0.0,0.0
2023-10-17 00:00:00-04:00,3.200000047683716,3.4600000381469727,3.200000047683716,3.369999885559082,14400,0.0,0.0
2023-10-18 00:00:00-04:00,3.200000047683716,3.4600000381469727,3.190000057220459,3.440000057220459,8500,0.0,0.0
2023-10-19 00:00:00-04:00,3.2829999923706055,3.440000057220459,3.2699999809265137,3.4100000858306885,4000,0.0,0.0
2023-10-20 00:00:00-04:00,3.380000114440918,3.380000114440918,3.0299999713897705,3.1600000858306885,20000,0.0,0.0
2023-10-23 00:00:00-04:00,3.069999933242798,3.2899999618530273,3.069999933242798,3.2149999141693115,7000,0.0,0.0
2023-10-24 00:00:00-04:00,3.119999885559082,3.450000047683716,3.119999885559082,3.450000047683716,18200,0.0,0.0
2023-10-25 00:00:00-04:00,3.450000047683716,3.549999952316284,3.2200000286102295,3.5199999809265137,18100,0.0,0.0
2023-10-26 00:00:00-04:00,3.2699999809265137,3.5199999809265137,3.2699999809265137,3.440000057220459,8100,0.0,0.0
2023-10-27 00:00:00-04:00,3.359999895095825,3.5,3.359999895095825,3.4159998893737793,9200,0.0,0.0
2023-10-30 00:00:00-04:00,3.4200000762939453,3.555000066757202,3.3589999675750732,3.549999952316284,5800,0.0,0.0
2023-10-31 00:00:00-04:00,3.4200000762939453,3.640000104904175,3.4200000762939453,3.609999895095825,3900,0.0,0.0
2023-11-01 00:00:00-04:00,3.609999895095825,3.609999895095825,3.5199999809265137,3.549999952316284,5200,0.0,0.0
2023-11-02 00:00:00-04:00,3.700000047683716,3.700000047683716,3.5820000171661377,3.609999895095825,3000,0.0,0.0
2023-11-03 00:00:00-04:00,3.609999895095825,3.9200000762939453,3.5799999237060547,3.859999895095825,21200,0.0,0.0
2023-11-06 00:00:00-05:00,3.990000009536743,3.990000009536743,3.6700000762939453,3.799999952316284,13200,0.0,0.0
2023-11-07 00:00:00-05:00,3.700000047683716,3.809999942779541,3.6500000953674316,3.740000009536743,19800,0.0,0.0
2023-11-08 00:00:00-05:00,3.6600000858306885,3.6600000858306885,3.5,3.5,4200,0.0,0.0
2023-11-09 00:00:00-05:00,3.509999990463257,3.869999885559082,3.509999990463257,3.5899999141693115,8700,0.0,0.0
2023-11-10 00:00:00-05:00,3.5,3.75,3.380000114440918,3.4200000762939453,4100,0.0,0.0
2023-11-13 00:00:00-05:00,3.6519999504089355,3.7960000038146973,3.450000047683716,3.4600000381469727,5200,0.0,0.0
2023-11-14 00:00:00-05:00,3.559999942779541,3.7720000743865967,3.559999942779541,3.680000066757202,4800,0.0,0.0
2023-11-15 00:00:00-05:00,3.549999952316284,3.859999895095825,3.549999952316284,3.859999895095825,8700,0.0,0.0
2023-11-16 00:00:00-05:00,3.7249999046325684,3.8299999237060547,3.5,3.5899999141693115,7100,0.0,0.0
2023-11-17 00:00:00-05:00,3.619999885559082,3.630000114440918,3.4200000762939453,3.430000066757202,9700,0.0,0.0
2023-11-20 00:00:00-05:00,3.359999895095825,3.6500000953674316,3.359999895095825,3.5199999809265137,3600,0.0,0.0
2023-11-21 00:00:00-05:00,3.549999952316284,3.7300000190734863,3.5399999618530273,3.7300000190734863,2300,0.0,0.0
2023-11-22 00:00:00-05:00,3.5799999237060547,3.7200000286102295,3.319999933242798,3.319999933242798,8400,0.0,0.0
2023-11-24 00:00:00-05:00,3.380000114440918,3.4800000190734863,3.190000057220459,3.200000047683716,6600,0.0,0.0
2023-11-27 00:00:00-05:00,3.200000047683716,3.2899999618530273,3.0799999237060547,3.180000066757202,16000,0.0,0.0
2023-11-28 00:00:00-05:00,3.200000047683716,3.440000057220459,3.049999952316284,3.049999952316284,10900,0.0,0.0
2023-11-29 00:00:00-05:00,3.109999895095825,3.1570000648498535,3.049999952316284,3.059999942779541,5000,0.0,0.0
2023-11-30 00:00:00-05:00,3.200000047683716,3.4649999141693115,3.130000114440918,3.180000066757202,7300,0.0,0.0
2023-12-01 00:00:00-05:00,3.2699999809265137,3.424999952316284,3.1700000762939453,3.2200000286102295,10900,0.0,0.0
2023-12-04 00:00:00-05:00,3.299999952316284,3.484999895095825,3.299999952316284,3.3949999809265137,25600,0.0,0.0
2023-12-05 00:00:00-05:00,3.450000047683716,3.450000047683716,2.8299999237060547,2.8299999237060547,57700,0.0,0.0
2023-12-06 00:00:00-05:00,2.8299999237060547,3.190000057220459,2.8299999237060547,3.130000114440918,10500,0.0,0.0
2023-12-07 00:00:00-05:00,3.234999895095825,3.4000000953674316,3.234999895095825,3.3399999141693115,4700,0.0,0.0
2023-12-08 00:00:00-05:00,3.38700008392334,3.4000000953674316,3.244999885559082,3.2699999809265137,5000,0.0,0.0
2023-12-11 00:00:00-05:00,3.140000104904175,3.2799999713897705,3.140000104904175,3.200000047683716,3300,0.0,0.0
2023-12-12 00:00:00-05:00,3.119999885559082,3.2200000286102295,3.1110000610351562,3.2200000286102295,3600,0.0,0.0
2023-12-13 00:00:00-05:00,3.2699999809265137,3.490000009536743,3.1410000324249268,3.309999942779541,9300,0.0,0.0
2023-12-14 00:00:00-05:00,3.4000000953674316,3.450000047683716,3.390000104904175,3.440000057220459,15000,0.0,0.0
2023-12-15 00:00:00-05:00,3.369999885559082,3.430000066757202,3.009999990463257,3.369999885559082,15200,0.0,0.0
2023-12-18 00:00:00-05:00,3.2669999599456787,3.2899999618530273,3.25,3.25,5500,0.0,0.0
2023-12-19 00:00:00-05:00,3.2300000190734863,3.259999990463257,3.119999885559082,3.1600000858306885,8000,0.0,0.0
2023-12-20 00:00:00-05:00,3.1500000953674316,3.1679999828338623,3.0199999809265137,3.0199999809265137,9000,0.0,0.0
2023-12-21 00:00:00-05:00,2.930000066757202,3.190000057220459,2.930000066757202,3.130000114440918,5200,0.0,0.0
2023-12-22 00:00:00-05:00,3.0999999046325684,3.490000009536743,3.0999999046325684,3.3320000171661377,12300,0.0,0.0
2023-12-26 00:00:00-05:00,3.2899999618530273,3.496000051498413,3.2279999256134033,3.380000114440918,2100,0.0,0.0
2023-12-27 00:00:00-05:00,3.4600000381469727,3.4600000381469727,3.25,3.25,10600,0.0,0.0
2023-12-28 00:00:00-05:00,3.2300000190734863,3.424999952316284,3.2300000190734863,3.2899999618530273,13000,0.0,0.0
2023-12-29 00:00:00-05:00,3.2699999809265137,3.4100000858306885,3.2200000286102295,3.2300000190734863,18800,0.0,0.0
2024-01-02 00:00:00-05:00,3.2100000381469727,3.371000051498413,3.2100000381469727,3.2720000743865967,2300,0.0,0.0
2024-01-03 00:00:00-05:00,3.2300000190734863,3.364000082015991,3.2300000190734863,3.2960000038146973,2100,0.0,0.0
2024-01-04 00:00:00-05:00,3.2960000038146973,3.2960000038146973,3.2960000038146973,3.2960000038146973,400,0.0,0.0
2024-01-05 00:00:00-05:00,3.2699999809265137,3.2699999809265137,3.2699999809265137,3.2699999809265137,500,0.0,0.0
2024-01-08 00:00:00-05:00,3.1700000762939453,3.2899999618530273,3.1700000762939453,3.2899999618530273,3700,0.0,0.0
2024-01-09 00:00:00-05:00,3.2100000381469727,3.240000009536743,3.1700000762939453,3.1700000762939453,2100,0.0,0.0
2024-01-10 00:00:00-05:00,3.1700000762939453,3.1700000762939453,2.9200000762939453,3.0,3200,0.0,0.0
2024-01-11 00:00:00-05:00,3.0999999046325684,3.119999885559082,3.0199999809265137,3.0899999141693115,10900,0.0,0.0
2024-01-12 00:00:00-05:00,3.0299999713897705,3.049999952316284,2.799999952316284,2.930000066757202,19700,0.0,0.0
2024-01-16 00:00:00-05:00,2.8499999046325684,2.940000057220459,2.8499999046325684,2.930000066757202,3300,0.0,0.0
2024-01-17 00:00:00-05:00,3.2139999866485596,3.2139999866485596,3.2139999866485596,3.2139999866485596,600,0.0,0.0
2024-01-18 00:00:00-05:00,3.119999885559082,3.1449999809265137,2.690000057220459,2.941999912261963,9300,0.0,0.0
2024-01-19 00:00:00-05:00,2.8399999141693115,3.0,2.8399999141693115,2.8499999046325684,1500,0.0,0.0
2024-01-22 00:00:00-05:00,2.8499999046325684,3.0199999809265137,2.8499999046325684,2.8499999046325684,2700,0.0,0.0
2024-01-23 00:00:00-05:00,2.8499999046325684,2.8919999599456787,2.8499999046325684,2.8919999599456787,5300,0.0,0.0
2024-01-24 00:00:00-05:00,2.9100000858306885,3.0,2.8399999141693115,2.8499999046325684,6800,0.0,0.0
2024-01-25 00:00:00-05:00,3.049999952316284,3.069999933242798,2.924999952316284,2.940000057220459,5100,0.0,0.0
2024-01-26 00:00:00-05:00,3.069999933242798,3.0799999237060547,2.930000066757202,3.069999933242798,25600,0.0,0.0
2024-01-29 00:00:00-05:00,3.009999990463257,3.069999933242798,2.809999942779541,3.0199999809265137,6400,0.0,0.0
2024-01-30 00:00:00-05:00,3.0829999446868896,3.0829999446868896,2.9000000953674316,2.9200000762939453,4200,0.0,0.0
2024-01-31 00:00:00-05:00,2.9600000381469727,3.0250000953674316,2.809999942779541,2.809999942779541,6900,0.0,0.0
2024-02-01 00:00:00-05:00,2.859999895095825,2.9000000953674316,2.815000057220459,2.815000057220459,5500,0.0,0.0
2024-02-02 00:00:00-05:00,2.815000057220459,2.815000057220459,2.815000057220459,2.815000057220459,400,0.0,0.0
2024-02-05 00:00:00-05:00,2.9600000381469727,3.0199999809265137,2.9600000381469727,3.0199999809265137,800,0.0,0.0
2024-02-06 00:00:00-05:00,2.880000114440918,3.0,2.700000047683716,2.990000009536743,25000,0.0,0.0
2024-02-07 00:00:00-05:00,3.0899999141693115,3.0899999141693115,2.700000047683716,2.799999952316284,7900,0.0,0.0
2024-02-08 00:00:00-05:00,2.8499999046325684,2.890000104904175,2.799999952316284,2.819999933242798,10300,0.0,0.0
2024-02-09 00:00:00-05:00,2.8320000171661377,2.880000114440918,2.8320000171661377,2.8499999046325684,5100,0.0,0.0
2024-02-12 00:00:00-05:00,2.869999885559082,2.8919999599456787,2.8499999046325684,2.8499999046325684,4800,0.0,0.0
2024-02-13 00:00:00-05:00,2.809999942779541,3.0199999809265137,2.809999942779541,2.8510000705718994,3400,0.0,0.0
2024-02-14 00:00:00-05:00,2.809999942779541,2.819999933242798,2.740000009536743,2.799999952316284,22500,0.0,0.0
2024-02-15 00:00:00-05:00,3.0,3.0,2.8299999237060547,2.880000114440918,5300,0.0,0.0
2024-02-16 00:00:00-05:00,2.9800000190734863,3.0299999713897705,2.9700000286102295,2.9790000915527344,6300,0.0,0.0
2024-02-20 00:00:00-05:00,2.9600000381469727,3.0,2.7660000324249268,2.9600000381469727,5900,0.0,0.0
2024-02-21 00:00:00-05:00,2.8499999046325684,3.869999885559082,2.75,3.628999948501587,50700,0.0,0.0
2024-02-22 00:00:00-05:00,3.390000104904175,3.640000104904175,3.2799999713897705,3.640000104904175,47700,0.0,0.0
2024-02-23 00:00:00-05:00,3.5399999618530273,3.8499999046325684,3.5399999618530273,3.7799999713897705,27500,0.0,0.0
2024-02-26 00:00:00-05:00,3.700000047683716,4.230000019073486,3.6549999713897705,4.230000019073486,61800,0.0,0.0
2024-02-27 00:00:00-05:00,4.329999923706055,4.420000076293945,4.179999828338623,4.400000095367432,53700,0.0,0.0
2024-02-28 00:00:00-05:00,4.349999904632568,4.5,4.349999904632568,4.5,62200,0.0,0.0
2024-02-29 00:00:00-05:00,4.599999904632568,4.900000095367432,4.47599983215332,4.849999904632568,23600,0.0,0.0
2024-03-01 00:00:00-05:00,4.739999771118164,5.65500020980835,4.739999771118164,5.619999885559082,63100,0.0,0.0
2024-03-04 00:00:00-05:00,5.800000190734863,5.949999809265137,4.570000171661377,4.739999771118164,62300,0.0,0.0
2024-03-05 00:00:00-05:00,4.400000095367432,5.539999961853027,4.260000228881836,5.329999923706055,43900,0.0,0.0
2024-03-06 00:00:00-05:00,5.400000095367432,5.400000095367432,5.00600004196167,5.210000038146973,9500,0.0,0.0
2024-03-07 00:00:00-05:00,5.150000095367432,5.210000038146973,4.900000095367432,4.929999828338623,15300,0.0,0.0
2024-03-08 00:00:00-05:00,4.920000076293945,4.920000076293945,4.760000228881836,4.889999866485596,12300,0.0,0.0
2024-03-11 00:00:00-04:00,4.960000038146973,5.14300012588501,4.909999847412109,4.960000038146973,2900,0.0,0.0
2024-03-12 00:00:00-04:00,4.953000068664551,5.0229997634887695,4.949999809265137,4.985000133514404,2100,0.0,0.0
2024-03-13 00:00:00-04:00,5.010000228881836,5.21999979019165,5.0,5.190000057220459,11400,0.0,0.0
2024-03-14 00:00:00-04:00,5.289999961853027,5.428999900817871,5.150000095367432,5.170000076293945,13900,0.0,0.0
2024-03-15 00:00:00-04:00,5.159999847412109,5.190000057220459,5.010000228881836,5.099999904632568,6400,0.0,0.0
2024-03-18 00:00:00-04:00,5.099999904632568,5.177000045776367,5.078000068664551,5.139999866485596,2300,0.0,0.0
2024-03-19 00:00:00-04:00,5.159999847412109,5.179999828338623,5.070000171661377,5.070000171661377,1400,0.0,0.0
2024-03-20 00:00:00-04:00,5.184000015258789,5.440000057220459,5.150000095367432,5.349999904632568,27200,0.0,0.0
2024-03-21 00:00:00-04:00,5.480000019073486,5.610000133514404,5.090000152587891,5.090000152587891,23800,0.0,0.0
2024-03-22 00:00:00-04:00,5.150000095367432,5.360000133514404,4.849999904632568,4.949999809265137,8700,0.0,0.0
2024-03-25 00:00:00-04:00,4.949999809265137,5.197999954223633,4.888000011444092,4.960000038146973,10800,0.0,0.0
2024-03-26 00:00:00-04:00,5.050000190734863,5.150000095367432,4.860000133514404,4.960000038146973,7600,0.0,0.0
2024-03-27 00:00:00-04:00,5.079999923706055,5.269999980926514,5.079999923706055,5.130000114440918,4000,0.0,0.0
2024-03-28 00:00:00-04:00,5.210000038146973,5.269999980926514,5.050000190734863,5.25,21000,0.0,0.0
2024-04-01 00:00:00-04:00,5.130000114440918,5.5320000648498535,5.050000190734863,5.099999904632568,9800,0.0,0.0
2024-04-02 00:00:00-04:00,5.159999847412109,5.5,5.159999847412109,5.300000190734863,8900,0.0,0.0
2024-04-03 00:00:00-04:00,5.195000171661377,5.840000152587891,5.195000171661377,5.539999961853027,69100,0.0,0.0
2024-04-04 00:00:00-04:00,5.659999847412109,5.690000057220459,5.410999774932861,5.599999904632568,17200,0.0,0.0
2024-04-05 00:00:00-04:00,5.670000076293945,5.670000076293945,5.480000019073486,5.570000171661377,4000,0.0,0.0
2024-04-08 00:00:00-04:00,5.610000133514404,5.659999847412109,5.400000095367432,5.659999847412109,5800,0.0,0.0
2024-04-09 00:00:00-04:00,5.565000057220459,6.074999809265137,5.510000228881836,5.901000022888184,30800,0.0,0.0
2024-04-10 00:00:00-04:00,5.760000228881836,6.0,5.760000228881836,5.989999771118164,15500,0.0,0.0
2024-04-11 00:00:00-04:00,5.900000095367432,6.355000019073486,5.811999797821045,6.230000019073486,41900,0.0,0.0
2024-04-12 00:00:00-04:00,6.0,6.25,5.309999942779541,5.5,38000,0.0,0.0
2024-04-15 00:00:00-04:00,5.429999828338623,5.510000228881836,4.776000022888184,4.909999847412109,30200,0.0,0.0
2024-04-16 00:00:00-04:00,4.869999885559082,4.869999885559082,4.75,4.78000020980835,27000,0.0,0.0
2024-04-17 00:00:00-04:00,4.800000190734863,5.0,4.800000190734863,4.800000190734863,8000,0.0,0.0
2024-04-18 00:00:00-04:00,5.260000228881836,7.420000076293945,5.079999923706055,6.820000171661377,3517700,0.0,0.0
2024-04-19 00:00:00-04:00,6.840000152587891,7.090000152587891,6.426000118255615,6.989999771118164,256600,0.0,0.0
2024-04-22 00:00:00-04:00,7.139999866485596,7.349999904632568,6.489999771118164,6.71999979019165,129400,0.0,0.0
2024-04-23 00:00:00-04:00,6.570000171661377,7.039999961853027,6.570000171661377,6.860000133514404,26500,0.0,0.0
2024-04-24 00:00:00-04:00,6.960000038146973,7.130000114440918,6.480000019073486,6.71999979019165,66400,0.0,0.0
2024-04-25 00:00:00-04:00,6.610000133514404,7.0,6.46999979019165,6.940000057220459,28700,0.0,0.0
2024-04-26 00:00:00-04:00,7.0,7.0,6.710000038146973,6.900000095367432,19800,0.0,0.0
2024-04-29 00:00:00-04:00,6.900000095367432,7.550000190734863,6.900000095367432,7.429999828338623,26800,0.0,0.0
2024-04-30 00:00:00-04:00,7.559999942779541,8.5,7.519999980926514,8.449999809265137,84900,0.0,0.0
2024-05-01 00:00:00-04:00,8.640000343322754,8.819999694824219,7.550000190734863,7.900000095367432,38100,0.0,0.0
2024-05-02 00:00:00-04:00,8.239999771118164,9.460000038146973,8.154999732971191,8.869000434875488,61200,0.0,0.0
2024-05-03 00:00:00-04:00,9.119999885559082,10.289999961853027,8.545000076293945,8.949999809265137,78400,0.0,0.0
2024-05-06 00:00:00-04:00,9.100000381469727,9.819000244140625,7.889999866485596,8.319999694824219,36900,0.0,0.0
2024-05-07 00:00:00-04:00,8.210000038146973,8.279999732971191,8.010000228881836,8.149999618530273,11400,0.0,0.0
2024-05-08 00:00:00-04:00,8.029999732971191,8.76200008392334,8.029999732971191,8.640000343322754,15600,0.0,0.0
2024-05-09 00:00:00-04:00,8.670000076293945,9.46399974822998,8.605999946594238,9.180000305175781,43100,0.0,0.0
2024-05-10 00:00:00-04:00,9.430000305175781,9.430000305175781,8.649999618530273,9.25,33800,0.0,0.0
2024-05-13 00:00:00-04:00,8.510000228881836,9.029999732971191,7.4629998207092285,8.119999885559082,87800,0.0,0.0
2024-05-14 00:00:00-04:00,8.220000267028809,8.430000305175781,7.710000038146973,8.430000305175781,17300,0.0,0.0
2024-05-15 00:00:00-04:00,8.59000015258789,9.119999885559082,8.420000076293945,8.850000381469727,18400,0.0,0.0
2024-05-16 00:00:00-04:00,8.649999618530273,9.67300033569336,8.649999618530273,9.470000267028809,45900,0.0,0.0
2024-05-17 00:00:00-04:00,9.404999732971191,9.600000381469727,9.15999984741211,9.489999771118164,24500,0.0,0.0
2024-05-20 00:00:00-04:00,9.760000228881836,10.699999809265137,9.470000267028809,10.470000267028809,58400,0.0,0.0
2024-05-21 00:00:00-04:00,10.489999771118164,10.489999771118164,9.460000038146973,9.600000381469727,17700,0.0,0.0
2024-05-22 00:00:00-04:00,10.039999961853027,10.039999961853027,9.321000099182129,9.489999771118164,25400,0.0,0.0
2024-05-23 00:00:00-04:00,9.390000343322754,9.699999809265137,9.0,9.40999984741211,10200,0.0,0.0
2024-05-24 00:00:00-04:00,9.520000457763672,9.5600004196167,9.020000457763672,9.020000457763672,11200,0.0,0.0
2024-05-28 00:00:00-04:00,9.079999923706055,9.640000343322754,8.510000228881836,8.550000190734863,88300,0.0,0.0
2024-05-29 00:00:00-04:00,8.399999618530273,8.550000190734863,7.550000190734863,7.550000190734863,103200,0.0,0.0
2024-05-30 00:00:00-04:00,7.679999828338623,7.940000057220459,7.5,7.550000190734863,58100,0.0,0.0
2024-05-31 00:00:00-04:00,8.255000114440918,8.255000114440918,7.599999904632568,7.650000095367432,41400,0.0,0.0
2024-06-03 00:00:00-04:00,7.650000095367432,7.679999828338623,6.63700008392334,7.349999904632568,33000,0.0,0.0
2024-06-04 00:00:00-04:00,7.179999828338623,7.550000190734863,6.860000133514404,7.210000038146973,52900,0.0,0.0
2024-06-05 00:00:00-04:00,7.539999961853027,7.614999771118164,7.329999923706055,7.329999923706055,20200,0.0,0.0
2024-06-06 00:00:00-04:00,7.25,7.480000019073486,7.099999904632568,7.480000019073486,8100,0.0,0.0
2024-06-07 00:00:00-04:00,7.260000228881836,7.579999923706055,7.230000019073486,7.420000076293945,23600,0.0,0.0
2024-06-10 00:00:00-04:00,7.409999847412109,7.599999904632568,7.230000019073486,7.409999847412109,19000,0.0,0.0
2024-06-11 00:00:00-04:00,7.349999904632568,7.980000019073486,7.239999771118164,7.5,41300,0.0,0.0
2024-06-12 00:00:00-04:00,7.6519999504089355,7.699999809265137,7.269999980926514,7.46999979019165,21100,0.0,0.0
2024-06-13 00:00:00-04:00,7.599999904632568,8.0,7.25,7.480000019073486,86300,0.0,0.0
2024-06-14 00:00:00-04:00,7.519999980926514,7.570000171661377,7.090000152587891,7.309999942779541,27600,0.0,0.0
2024-06-17 00:00:00-04:00,7.25,7.570000171661377,7.25,7.489999771118164,17000,0.0,0.0
2024-06-18 00:00:00-04:00,7.5,7.610000133514404,7.25,7.25,21200,0.0,0.0
2024-06-20 00:00:00-04:00,7.25,7.429999828338623,6.230000019073486,6.300000190734863,34500,0.0,0.0
2024-06-21 00:00:00-04:00,5.949999809265137,7.170000076293945,5.742000102996826,6.880000114440918,381500,0.0,0.0
2024-06-24 00:00:00-04:00,7.28000020980835,7.349999904632568,6.800000190734863,7.210000038146973,7000,0.0,0.0
2024-06-25 00:00:00-04:00,7.440000057220459,7.480000019073486,7.119999885559082,7.179999828338623,7000,0.0,0.0
2024-06-26 00:00:00-04:00,6.960000038146973,7.090000152587891,6.710000038146973,6.710000038146973,10700,0.0,0.0
2024-06-27 00:00:00-04:00,7.03000020980835,7.059999942779541,6.6570000648498535,7.050000190734863,3300,0.0,0.0
2024-06-28 00:00:00-04:00,7.099999904632568,7.099999904632568,6.764999866485596,6.989999771118164,14500,0.0,0.0
2024-07-01 00:00:00-04:00,6.90500020980835,7.510000228881836,6.90500020980835,7.263999938964844,30200,0.0,0.0
2024-07-02 00:00:00-04:00,7.369999885559082,8.949999809265137,7.304999828338623,8.699999809265137,58600,0.0,0.0
2024-07-03 00:00:00-04:00,9.100000381469727,9.100000381469727,8.510000228881836,8.84000015258789,11000,0.0,0.0
2024-07-05 00:00:00-04:00,8.829999923706055,9.289999961853027,8.569999694824219,9.289999961853027,16700,0.0,0.0
2024-07-08 00:00:00-04:00,9.390000343322754,10.039999961853027,9.25,9.670000076293945,63900,0.0,0.0
2024-07-09 00:00:00-04:00,9.5,9.656000137329102,9.039999961853027,9.220000267028809,14000,0.0,0.0
2024-07-10 00:00:00-04:00,9.050000190734863,9.704999923706055,9.050000190734863,9.550000190734863,47300,0.0,0.0
2024-07-11 00:00:00-04:00,9.5,9.550000190734863,9.25,9.489999771118164,21500,0.0,0.0
2024-07-12 00:00:00-04:00,9.449999809265137,9.699999809265137,9.149999618530273,9.470000267028809,27600,0.0,0.0
2024-07-15 00:00:00-04:00,9.5,10.236000061035156,9.40999984741211,10.199999809265137,45500,0.0,0.0
2024-07-16 00:00:00-04:00,10.369999885559082,10.661999702453613,9.904999732971191,10.40999984741211,23100,0.0,0.0
2024-07-17 00:00:00-04:00,10.880000114440918,10.880000114440918,9.399999618530273,9.699999809265137,60500,0.0,0.0
2024-07-18 00:00:00-04:00,9.779999732971191,10.109999656677246,9.5,9.649999618530273,58200,0.0,0.0
2024-07-19 00:00:00-04:00,9.470000267028809,9.859999656677246,8.75,9.220000267028809,32500,0.0,0.0
2024-07-22 00:00:00-04:00,9.5,9.979999542236328,8.760000228881836,8.960000038146973,29800,0.0,0.0
2024-07-23 00:00:00-04:00,9.0,9.470000267028809,8.880000114440918,8.989999771118164,26500,0.0,0.0
2024-07-24 00:00:00-04:00,9.010000228881836,9.399999618530273,9.0,9.270000457763672,11400,0.0,0.0
2024-07-25 00:00:00-04:00,9.359999656677246,9.460000038146973,9.0,9.130000114440918,9000,0.0,0.0
2024-07-26 00:00:00-04:00,9.25100040435791,9.710000038146973,9.25100040435791,9.399999618530273,13300,0.0,0.0
2024-07-29 00:00:00-04:00,9.479999542236328,9.789999961853027,9.057000160217285,9.100000381469727,12100,0.0,0.0
2024-07-30 00:00:00-04:00,9.010000228881836,9.020000457763672,8.5,8.895000457763672,39700,0.0,0.0
2024-07-31 00:00:00-04:00,8.60099983215332,8.869999885559082,8.579999923706055,8.619999885559082,17900,0.0,0.0
2024-08-01 00:00:00-04:00,8.800000190734863,8.850000381469727,8.100000381469727,8.430000305175781,21600,0.0,0.0
2024-08-02 00:00:00-04:00,8.319999694824219,8.430000305175781,8.010000228881836,8.010000228881836,12400,0.0,0.0
2024-08-05 00:00:00-04:00,7.050000190734863,8.0,7.050000190734863,7.980000019073486,33500,0.0,0.0
2024-08-06 00:00:00-04:00,7.800000190734863,9.699999809265137,7.690000057220459,9.0,84300,0.0,0.0
2024-08-07 00:00:00-04:00,9.180000305175781,9.300000190734863,8.53600025177002,8.800000190734863,36700,0.0,0.0
2024-08-08 00:00:00-04:00,8.550000190734863,9.0,8.550000190734863,8.65999984741211,10400,0.0,0.0
2024-08-09 00:00:00-04:00,8.654999732971191,9.0,8.350000381469727,8.930000305175781,8900,0.0,0.0
2024-08-12 00:00:00-04:00,8.845000267028809,9.300000190734863,8.619999885559082,9.239999771118164,20600,0.0,0.0
2024-08-13 00:00:00-04:00,8.979999542236328,9.25,8.949999809265137,9.220000267028809,7500,0.0,0.0
2024-08-14 00:00:00-04:00,9.199999809265137,9.345000267028809,8.670000076293945,8.6899995803833,23100,0.0,0.0
2024-08-15 00:00:00-04:00,8.899999618530273,9.125,8.510000228881836,8.600000381469727,19600,0.0,0.0
2024-08-16 00:00:00-04:00,8.520000457763672,8.835000038146973,8.520000457763672,8.8100004196167,1400,0.0,0.0
2024-08-19 00:00:00-04:00,8.729999542236328,9.199999809265137,8.649999618530273,8.75,32200,0.0,0.0
2024-08-20 00:00:00-04:00,8.800000190734863,8.850000381469727,8.569999694824219,8.680000305175781,12300,0.0,0.0
2024-08-21 00:00:00-04:00,8.890000343322754,8.979999542236328,8.725000381469727,8.960000038146973,9900,0.0,0.0
2024-08-22 00:00:00-04:00,8.989999771118164,9.140000343322754,8.6899995803833,9.0,11600,0.0,0.0
2024-08-23 00:00:00-04:00,8.899999618530273,9.25,8.680000305175781,9.050000190734863,15700,0.0,0.0
2024-08-26 00:00:00-04:00,8.920000076293945,9.279999732971191,8.920000076293945,9.25,13000,0.0,0.0
2024-08-27 00:00:00-04:00,9.024999618530273,9.359999656677246,8.880000114440918,9.359999656677246,19500,0.0,0.0
2024-08-28 00:00:00-04:00,9.029999732971191,9.25,8.923999786376953,9.010000228881836,19300,0.0,0.0
2024-08-29 00:00:00-04:00,9.053999900817871,9.239999771118164,8.859999656677246,9.050000190734863,11700,0.0,0.0
2024-08-30 00:00:00-04:00,8.994999885559082,9.25,8.779999732971191,9.244999885559082,12400,0.0,0.0
2024-09-03 00:00:00-04:00,9.029999732971191,9.039999961853027,8.699999809265137,8.979999542236328,21800,0.0,0.0
2024-09-04 00:00:00-04:00,8.875,8.989999771118164,8.600000381469727,8.651000022888184,16000,0.0,0.0
2024-09-05 00:00:00-04:00,8.649999618530273,9.0600004196167,8.649999618530273,8.875,6900,0.0,0.0
2024-09-06 00:00:00-04:00,8.65999984741211,9.020000457763672,8.649999618530273,9.020000457763672,9000,0.0,0.0
2024-09-09 00:00:00-04:00,8.824999809265137,9.050000190734863,8.65999984741211,8.869999885559082,11600,0.0,0.0
2024-09-10 00:00:00-04:00,9.010000228881836,9.239999771118164,8.75,8.75,15900,0.0,0.0
2024-09-11 00:00:00-04:00,8.640000343322754,8.859999656677246,8.25,8.4399995803833,17000,0.0,0.0
2024-09-12 00:00:00-04:00,8.760000228881836,8.760000228881836,8.100000381469727,8.15999984741211,18800,0.0,0.0
2024-09-13 00:00:00-04:00,8.369999885559082,8.699999809265137,8.0600004196167,8.149999618530273,16800,0.0,0.0
2024-09-16 00:00:00-04:00,8.380000114440918,9.100000381469727,8.229999542236328,8.420000076293945,40200,0.0,0.0
2024-09-17 00:00:00-04:00,8.763999938964844,9.050000190734863,8.350000381469727,8.399999618530273,12400,0.0,0.0
2024-09-18 00:00:00-04:00,8.600000381469727,9.020000457763672,8.300000190734863,8.359999656677246,24000,0.0,0.0
2024-09-19 00:00:00-04:00,8.770000457763672,8.770000457763672,8.359999656677246,8.625,14700,0.0,0.0
2024-09-20 00:00:00-04:00,8.800000190734863,9.300000190734863,8.199999809265137,9.300000190734863,71400,0.0,0.0
2024-09-23 00:00:00-04:00,9.300000190734863,9.34000015258789,8.564000129699707,8.880000114440918,14900,0.0,0.0
2024-09-24 00:00:00-04:00,9.010000228881836,9.25,8.920000076293945,8.9399995803833,14600,0.0,0.0
2024-09-25 00:00:00-04:00,9.140000343322754,9.149999618530273,8.649999618530273,8.800000190734863,19600,0.0,0.0
2024-09-26 00:00:00-04:00,8.989999771118164,8.989999771118164,8.5,8.789999961853027,17800,0.0,0.0
2024-09-27 00:00:00-04:00,8.619999885559082,9.329999923706055,8.619999885559082,9.229999542236328,35800,0.0,0.0
2024-09-30 00:00:00-04:00,9.239999771118164,9.25,8.920000076293945,9.1899995803833,5900,0.0,0.0
2024-10-01 00:00:00-04:00,9.196000099182129,12.890000343322754,9.196000099182129,10.975000381469727,177800,0.0,0.0
2024-10-02 00:00:00-04:00,11.229999542236328,11.399999618530273,10.0,10.199999809265137,49100,0.0,0.0
2024-10-03 00:00:00-04:00,10.395000457763672,10.609999656677246,9.119999885559082,9.8100004196167,41500,0.0,0.0
2024-10-04 00:00:00-04:00,9.899999618530273,10.258000373840332,8.489999771118164,9.479999542236328,51600,0.0,0.0
2024-10-07 00:00:00-04:00,9.399999618530273,9.850000381469727,9.1850004196167,9.630000114440918,36500,0.0,0.0
2024-10-08 00:00:00-04:00,9.380000114440918,9.770000457763672,9.09000015258789,9.460000038146973,49400,0.0,0.0
2024-10-09 00:00:00-04:00,9.199999809265137,9.5,9.199999809265137,9.260000228881836,12800,0.0,0.0
2024-10-10 00:00:00-04:00,9.319999694824219,9.850000381469727,9.25,9.8100004196167,26300,0.0,0.0
2024-10-11 00:00:00-04:00,9.859999656677246,11.050000190734863,9.8100004196167,10.859999656677246,31500,0.0,0.0
2024-10-14 00:00:00-04:00,11.0,11.550000190734863,10.130000114440918,10.15999984741211,72100,0.0,0.0
2024-10-15 00:00:00-04:00,10.489999771118164,11.539999961853027,9.760000228881836,9.8100004196167,40800,0.0,0.0
2024-10-16 00:00:00-04:00,10.260000228881836,10.517999649047852,9.8100004196167,9.8100004196167,34500,0.0,0.0
2024-10-17 00:00:00-04:00,10.329999923706055,11.348999977111816,10.043999671936035,11.220000267028809,52000,0.0,0.0
2024-10-18 00:00:00-04:00,11.220000267028809,11.539999961853027,10.65999984741211,11.479999542236328,59900,0.0,0.0
2024-10-21 00:00:00-04:00,11.479999542236328,11.479999542236328,10.720000267028809,11.09000015258789,90600,0.0,0.0
2024-10-22 00:00:00-04:00,11.050000190734863,11.109999656677246,10.52299976348877,10.6899995803833,49200,0.0,0.0
2024-10-23 00:00:00-04:00,10.569999694824219,10.989999771118164,10.569999694824219,10.729999542236328,34300,0.0,0.0
2024-10-24 00:00:00-04:00,10.640000343322754,11.050000190734863,10.640000343322754,10.930000305175781,18300,0.0,0.0
2024-10-25 00:00:00-04:00,11.0,11.0,10.699999809265137,10.989999771118164,20600,0.0,0.0
2024-10-28 00:00:00-04:00,10.819999694824219,10.920999526977539,10.697999954223633,10.720000267028809,15900,0.0,0.0
2024-10-29 00:00:00-04:00,10.706999778747559,10.850000381469727,10.704999923706055,10.829999923706055,11100,0.0,0.0
2024-10-30 00:00:00-04:00,10.829999923706055,10.829999923706055,10.550000190734863,10.5600004196167,13700,0.0,0.0
2024-10-31 00:00:00-04:00,10.5,10.569999694824219,10.399999618530273,10.510000228881836,13900,0.0,0.0
2024-11-01 00:00:00-04:00,10.486000061035156,10.930000305175781,10.300000190734863,10.920000076293945,43400,0.0,0.0
2024-11-04 00:00:00-05:00,10.90999984741211,10.90999984741211,10.5,10.800000190734863,31900,0.0,0.0
2024-11-05 00:00:00-05:00,10.699999809265137,10.800000190734863,10.3100004196167,10.319999694824219,31000,0.0,0.0
2024-11-06 00:00:00-05:00,10.779999732971191,10.779999732971191,10.376999855041504,10.489999771118164,49300,0.0,0.0
2024-11-07 00:00:00-05:00,10.489999771118164,10.979999542236328,10.399999618530273,10.760000228881836,27700,0.0,0.0
2024-11-08 00:00:00-05:00,10.517999649047852,10.600000381469727,10.399999618530273,10.579999923706055,24400,0.0,0.0
2024-11-11 00:00:00-05:00,10.75,10.75,10.3100004196167,10.739999771118164,33800,0.0,0.0
2024-11-12 00:00:00-05:00,10.649999618530273,10.890000343322754,10.0,10.869999885559082,46700,0.0,0.0
2024-11-13 00:00:00-05:00,10.800000190734863,10.800000190734863,10.300000190734863,10.4399995803833,26200,0.0,0.0
2024-11-14 00:00:00-05:00,10.59000015258789,10.635000228881836,10.25,10.399999618530273,49300,0.0,0.0
2024-11-15 00:00:00-05:00,10.3100004196167,10.779999732971191,10.3100004196167,10.680000305175781,45300,0.0,0.0
2024-11-18 00:00:00-05:00,10.649999618530273,10.649999618530273,9.359999656677246,9.579999923706055,41600,0.0,0.0
2024-11-19 00:00:00-05:00,9.380000114440918,10.119999885559082,9.100000381469727,9.880000114440918,38800,0.0,0.0
2024-11-20 00:00:00-05:00,10.100000381469727,10.930000305175781,9.779999732971191,10.65999984741211,62200,0.0,0.0
2024-11-21 00:00:00-05:00,10.40999984741211,10.505000114440918,9.989999771118164,10.199999809265137,32300,0.0,0.0
2024-11-22 00:00:00-05:00,10.199999809265137,10.489999771118164,9.883999824523926,10.489999771118164,22300,0.0,0.0
2024-11-25 00:00:00-05:00,10.479999542236328,10.600000381469727,10.119999885559082,10.149999618530273,23600,0.0,0.0
2024-11-26 00:00:00-05:00,10.010000228881836,10.229999542236328,9.760000228881836,9.850000381469727,21000,0.0,0.0
2024-11-27 00:00:00-05:00,9.859999656677246,9.979999542236328,9.699999809265137,9.729999542236328,23300,0.0,0.0
2024-11-29 00:00:00-05:00,9.729999542236328,10.399999618530273,9.600000381469727,10.09000015258789,65200,0.0,0.0
2024-12-02 00:00:00-05:00,10.050000190734863,10.050000190734863,9.645000457763672,9.760000228881836,42500,0.0,0.0
2024-12-03 00:00:00-05:00,9.75,10.0,9.529999732971191,10.0,72400,0.0,0.0
2024-12-04 00:00:00-05:00,9.739999771118164,10.100000381469727,9.732000350952148,9.850000381469727,50000,0.0,0.0
2024-12-05 00:00:00-05:00,9.920000076293945,10.0,9.489999771118164,9.779999732971191,23300,0.0,0.0
2024-12-06 00:00:00-05:00,9.829999923706055,11.239999771118164,9.730999946594238,11.229999542236328,74100,0.0,0.0
2024-12-09 00:00:00-05:00,11.350000381469727,13.175000190734863,11.350000381469727,12.180000305175781,122800,0.0,0.0
2024-12-10 00:00:00-05:00,12.010000228881836,12.239999771118164,11.109999656677246,11.739999771118164,72000,0.0,0.0
2024-12-11 00:00:00-05:00,11.25,13.220000267028809,11.25,13.079999923706055,79800,0.0,0.0
2024-12-12 00:00:00-05:00,13.0,13.0,12.098999977111816,12.350000381469727,40200,0.0,0.0
2024-12-13 00:00:00-05:00,12.449999809265137,12.642999649047852,11.359999656677246,11.770000457763672,52200,0.0,0.0
2024-12-16 00:00:00-05:00,12.0,12.755000114440918,11.770000457763672,12.579999923706055,66100,0.0,0.0
2024-12-17 00:00:00-05:00,12.710000038146973,13.289999961853027,12.001999855041504,12.770000457763672,71100,0.0,0.0
2024-12-18 00:00:00-05:00,12.760000228881836,12.760000228881836,11.614999771118164,11.84000015258789,75800,0.0,0.0
2024-12-19 00:00:00-05:00,11.899999618530273,12.4399995803833,11.62600040435791,12.170000076293945,72200,0.0,0.0
2024-12-20 00:00:00-05:00,12.020000457763672,12.399999618530273,11.40999984741211,11.40999984741211,562000,0.0,0.0
2024-12-23 00:00:00-05:00,11.789999961853027,11.789999961853027,10.199999809265137,11.239999771118164,134800,0.0,0.0
2024-12-24 00:00:00-05:00,11.25,11.75,11.010000228881836,11.579999923706055,46600,0.0,0.0
2024-12-26 00:00:00-05:00,11.579999923706055,12.0,11.093000411987305,12.0,30000,0.0,0.0
2024-12-27 00:00:00-05:00,11.989999771118164,12.149999618530273,11.265000343322754,12.0,62500,0.0,0.0
2024-12-30 00:00:00-05:00,11.779999732971191,12.800000190734863,11.640000343322754,12.510000228881836,72400,0.0,0.0
2024-12-31 00:00:00-05:00,12.5,12.989999771118164,11.770000457763672,12.630000114440918,82700,0.0,0.0
2025-01-02 00:00:00-05:00,12.899999618530273,12.899999618530273,11.710000038146973,12.079999923706055,44700,0.0,0.0
2025-01-03 00:00:00-05:00,12.079999923706055,12.59000015258789,11.5,12.100000381469727,70200,0.0,0.0
2025-01-06 00:00:00-05:00,12.100000381469727,12.5,11.430000305175781,11.489999771118164,71700,0.0,0.0
2025-01-07 00:00:00-05:00,11.319999694824219,12.0,11.079999923706055,11.140000343322754,41900,0.0,0.0
2025-01-08 00:00:00-05:00,11.520000457763672,11.520000457763672,10.75,11.0600004196167,25600,0.0,0.0
2025-01-10 00:00:00-05:00,10.989999771118164,11.079999923706055,10.59000015258789,11.0,40800,0.0,0.0
2025-01-13 00:00:00-05:00,10.760000228881836,10.789999961853027,10.329999923706055,10.390000343322754,34000,0.0,0.0
2025-01-14 00:00:00-05:00,10.3100004196167,10.645000457763672,10.199999809265137,10.380000114440918,30800,0.0,0.0
2025-01-15 00:00:00-05:00,10.470000267028809,10.914999961853027,10.25,10.779999732971191,75500,0.0,0.0
2025-01-16 00:00:00-05:00,10.649999618530273,11.390999794006348,10.579999923706055,11.0600004196167,50800,0.0,0.0
2025-01-17 00:00:00-05:00,11.119999885559082,11.380000114440918,10.300000190734863,10.300000190734863,30700,0.0,0.0
2025-01-21 00:00:00-05:00,10.59000015258789,10.770000457763672,10.4399995803833,10.770000457763672,14500,0.0,0.0
2025-01-22 00:00:00-05:00,10.934000015258789,10.934000015258789,10.600000381469727,10.6899995803833,5000,0.0,0.0
2025-01-23 00:00:00-05:00,10.6899995803833,10.979999542236328,10.520000457763672,10.720000267028809,11400,0.0,0.0
2025-01-24 00:00:00-05:00,10.789999961853027,10.970000267028809,10.420000076293945,10.75,12400,0.0,0.0
2025-01-27 00:00:00-05:00,10.9399995803833,10.9399995803833,10.680000305175781,10.779999732971191,13400,0.0,0.0
2025-01-28 00:00:00-05:00,10.819999694824219,11.039999961853027,10.619999885559082,10.760000228881836,12900,0.0,0.0
2025-01-29 00:00:00-05:00,10.720000267028809,10.920000076293945,10.630000114440918,10.869999885559082,16100,0.0,0.0
2025-01-30 00:00:00-05:00,10.829999923706055,11.069999694824219,10.75,10.90999984741211,19900,0.0,0.0
2025-01-31 00:00:00-05:00,10.75,11.489999771118164,10.75,11.489999771118164,35100,0.0,0.0
2025-02-03 00:00:00-05:00,11.520000457763672,12.100000381469727,11.385000228881836,11.800000190734863,29900,0.0,0.0
2025-02-04 00:00:00-05:00,12.0,12.300000190734863,11.899999618530273,12.170000076293945,51100,0.0,0.0
2025-02-05 00:00:00-05:00,12.180000305175781,12.180000305175781,11.65999984741211,11.75,34100,0.0,0.0
2025-02-06 00:00:00-05:00,11.65999984741211,12.086999893188477,11.4399995803833,11.479999542236328,23200,0.0,0.0
2025-02-07 00:00:00-05:00,11.420000076293945,11.420000076293945,10.510000228881836,10.510000228881836,25900,0.0,0.0
2025-02-10 00:00:00-05:00,10.770000457763672,11.260000228881836,10.640000343322754,10.880000114440918,32700,0.0,0.0
2025-02-11 00:00:00-05:00,10.649999618530273,11.069999694824219,10.399999618530273,10.399999618530273,18400,0.0,0.0
2025-02-12 00:00:00-05:00,10.694999694824219,10.845000267028809,10.199999809265137,10.199999809265137,19800,0.0,0.0
2025-02-13 00:00:00-05:00,10.100000381469727,11.050000190734863,9.699999809265137,9.699999809265137,25300,0.0,0.0
2025-02-14 00:00:00-05:00,10.199999809265137,11.399999618530273,10.199999809265137,11.25,43100,0.0,0.0
2025-02-18 00:00:00-05:00,11.420000076293945,11.645000457763672,11.170000076293945,11.260000228881836,20100,0.0,0.0
2025-02-19 00:00:00-05:00,11.300000190734863,11.5,11.100000381469727,11.1899995803833,12500,0.0,0.0
2025-02-20 00:00:00-05:00,11.100000381469727,11.720000267028809,10.920000076293945,11.569999694824219,20200,0.0,0.0
2025-02-21 00:00:00-05:00,11.789999961853027,11.795000076293945,11.300000190734863,11.300000190734863,16400,0.0,0.0
2025-02-24 00:00:00-05:00,11.130000114440918,11.600000381469727,10.199999809265137,10.529999732971191,53700,0.0,0.0
2025-02-25 00:00:00-05:00,10.380000114440918,10.850000381469727,9.800000190734863,10.550000190734863,36100,0.0,0.0
2025-02-26 00:00:00-05:00,10.819999694824219,10.899999618530273,10.024999618530273,10.760000228881836,20500,0.0,0.0
2025-02-27 00:00:00-05:00,11.086000442504883,11.569999694824219,10.944999694824219,11.40999984741211,20400,0.0,0.0
2025-02-28 00:00:00-05:00,11.40999984741211,12.739999771118164,11.0,12.710000038146973,48900,0.0,0.0
2025-03-03 00:00:00-05:00,12.84000015258789,12.899999618530273,11.84000015258789,12.420000076293945,32300,0.0,0.0
2025-03-04 00:00:00-05:00,12.130000114440918,12.149999618530273,11.418999671936035,11.970000267028809,29100,0.0,0.0
2025-03-05 00:00:00-05:00,12.305999755859375,12.4350004196167,11.539999961853027,12.199999809265137,22400,0.0,0.0
2025-03-06 00:00:00-05:00,11.699999809265137,12.989999771118164,11.699999809265137,12.989999771118164,42400,0.0,0.0
2025-03-07 00:00:00-05:00,12.899999618530273,13.0,12.140000343322754,12.989999771118164,26900,0.0,0.0
2025-03-10 00:00:00-04:00,12.979999542236328,12.979999542236328,11.991999626159668,12.270000457763672,18300,0.0,0.0
2025-03-11 00:00:00-04:00,12.539999961853027,13.449000358581543,12.220999717712402,13.289999961853027,55500,0.0,0.0
2025-03-12 00:00:00-04:00,13.319999694824219,14.579999923706055,13.114999771118164,14.489999771118164,37500,0.0,0.0
2025-03-13 00:00:00-04:00,14.890000343322754,15.005000114440918,14.140000343322754,14.800000190734863,55100,0.0,0.0
2025-03-14 00:00:00-04:00,15.0,15.289999961853027,14.524999618530273,14.970000267028809,61000,0.0,0.0
2025-03-17 00:00:00-04:00,15.100000381469727,15.970000267028809,14.699999809265137,15.34000015258789,75400,0.0,0.0
2025-03-18 00:00:00-04:00,15.300000190734863,15.539999961853027,15.145000457763672,15.520000457763672,60900,0.0,0.0
2025-03-19 00:00:00-04:00,15.5,15.850000381469727,14.899999618530273,15.65999984741211,73300,0.0,0.0
2025-03-20 00:00:00-04:00,15.59000015258789,16.8799991607666,15.460000038146973,16.790000915527344,35600,0.0,0.0
2025-03-21 00:00:00-04:00,16.5,16.899999618530273,15.630999565124512,16.110000610351562,166200,0.0,0.0
2025-03-24 00:00:00-04:00,16.510000228881836,16.510000228881836,14.050000190734863,14.34000015258789,69200,0.0,0.0
2025-03-25 00:00:00-04:00,14.34000015258789,15.029999732971191,13.8100004196167,14.670000076293945,92000,0.0,0.0
2025-03-26 00:00:00-04:00,15.079999923706055,15.079999923706055,13.979999542236328,14.010000228881836,58700,0.0,0.0
2025-03-27 00:00:00-04:00,14.0600004196167,14.255000114440918,12.979999542236328,13.725000381469727,66400,0.0,0.0
2025-03-28 00:00:00-04:00,13.680000305175781,13.918000221252441,13.260000228881836,13.430000305175781,54200,0.0,0.0
2025-03-31 00:00:00-04:00,13.460000038146973,13.460000038146973,11.859999656677246,13.010000228881836,85800,0.0,0.0
2025-04-01 00:00:00-04:00,13.149999618530273,13.298999786376953,11.539999961853027,12.020000457763672,48600,0.0,0.0
2025-04-02 00:00:00-04:00,12.0,13.170000076293945,11.65999984741211,12.550000190734863,57100,0.0,0.0
2025-04-03 00:00:00-04:00,12.430000305175781,13.126999855041504,11.739999771118164,13.010000228881836,61000,0.0,0.0
2025-04-04 00:00:00-04:00,12.859999656677246,12.979999542236328,11.130000114440918,12.319999694824219,99900,0.0,0.0
2025-04-07 00:00:00-04:00,11.390000343322754,12.569999694824219,10.5,12.020000457763672,52900,0.0,0.0
2025-04-08 00:00:00-04:00,12.119999885559082,12.449999809265137,10.609999656677246,11.220000267028809,50400,0.0,0.0
2025-04-09 00:00:00-04:00,10.920000076293945,12.458999633789062,10.600000381469727,12.170000076293945,54500,0.0,0.0
2025-04-10 00:00:00-04:00,12.069999694824219,12.385000228881836,11.199999809265137,11.9399995803833,75900,0.0,0.0
2025-04-11 00:00:00-04:00,11.880000114440918,12.869999885559082,11.489999771118164,12.630000114440918,54500,0.0,0.0
2025-04-14 00:00:00-04:00,12.989999771118164,13.270000457763672,12.5600004196167,13.270000457763672,15200,0.0,0.0
2025-04-15 00:00:00-04:00,13.4399995803833,14.223999977111816,13.324999809265137,13.680000305175781,37500,0.0,0.0
2025-04-16 00:00:00-04:00,13.800000190734863,14.0,13.260000228881836,13.645000457763672,49400,0.0,0.0
2025-04-17 00:00:00-04:00,13.5,13.859999656677246,13.5,13.75,33100,0.0,0.0
2025-04-21 00:00:00-04:00,13.670000076293945,14.130000114440918,13.5,13.800000190734863,29900,0.0,0.0
2025-04-22 00:00:00-04:00,13.970000267028809,14.225000381469727,13.380000114440918,13.78499984741211,34200,0.0,0.0
2025-04-23 00:00:00-04:00,13.989999771118164,13.989999771118164,13.550000190734863,13.65999984741211,27200,0.0,0.0
2025-04-24 00:00:00-04:00,13.729999542236328,14.199999809265137,13.600000381469727,13.895000457763672,33800,0.0,0.0
2025-04-25 00:00:00-04:00,13.8100004196167,13.8100004196167,13.399999618530273,13.59000015258789,15400,0.0,0.0
2025-04-28 00:00:00-04:00,13.609999656677246,13.8149995803833,13.15999984741211,13.640000343322754,17200,0.0,0.0
2025-04-29 00:00:00-04:00,13.640000343322754,13.774999618530273,13.489999771118164,13.680000305175781,11400,0.0,0.0
2025-04-30 00:00:00-04:00,13.550000190734863,14.119999885559082,13.199999809265137,13.59000015258789,87100,0.0,0.0
2025-05-01 00:00:00-04:00,13.550000190734863,14.78499984741211,13.100000381469727,14.40999984741211,57100,0.0,0.0
2025-05-02 00:00:00-04:00,14.420000076293945,15.6899995803833,14.420000076293945,15.050000190734863,64800,0.0,0.0
2025-05-05 00:00:00-04:00,14.779999732971191,15.09000015258789,14.430000305175781,14.430000305175781,22000,0.0,0.0
2025-05-06 00:00:00-04:00,14.390000343322754,14.420000076293945,13.699999809265137,13.899999618530273,17100,0.0,0.0
2025-05-07 00:00:00-04:00,14.069999694824219,14.069999694824219,13.475000381469727,13.539999961853027,40200,0.0,0.0
2025-05-08 00:00:00-04:00,13.59000015258789,13.899999618530273,13.350000381469727,13.739999771118164,19000,0.0,0.0
2025-05-09 00:00:00-04:00,14.010000228881836,14.170000076293945,13.380000114440918,13.630000114440918,44300,0.0,0.0
2025-05-12 00:00:00-04:00,14.34000015258789,14.34000015258789,13.069999694824219,13.140000343322754,36100,0.0,0.0
2025-05-13 00:00:00-04:00,13.359999656677246,14.0,12.300000190734863,13.180000305175781,41000,0.0,0.0
2025-05-14 00:00:00-04:00,12.930000305175781,13.989999771118164,12.5600004196167,13.579999923706055,44800,0.0,0.0
2025-05-15 00:00:00-04:00,13.319999694824219,14.16100025177002,12.670000076293945,13.5,29400,0.0,0.0
2025-05-16 00:00:00-04:00,13.5,14.130000114440918,13.5,13.600000381469727,27500,0.0,0.0
2025-05-19 00:00:00-04:00,13.479999542236328,14.199999809265137,13.479999542236328,13.979999542236328,30200,0.0,0.0
2025-05-20 00:00:00-04:00,13.739999771118164,14.125,13.545000076293945,13.930000305175781,35700,0.0,0.0
2025-05-21 00:00:00-04:00,13.670000076293945,14.239999771118164,13.5,13.664999961853027,31200,0.0,0.0
2025-05-22 00:00:00-04:00,13.5,14.0649995803833,13.369999885559082,13.59000015258789,40700,0.0,0.0
2025-05-23 00:00:00-04:00,13.380000114440918,13.710000038146973,13.010000228881836,13.1899995803833,36400,0.0,0.0
2025-05-27 00:00:00-04:00,13.199999809265137,14.40999984741211,13.199999809265137,14.319999694824219,76400,0.0,0.0
2025-05-28 00:00:00-04:00,14.539999961853027,16.549999237060547,14.350000381469727,16.139999389648438,69100,0.0,0.0
2025-05-29 00:00:00-04:00,16.100000381469727,16.450000762939453,15.069999694824219,15.59000015258789,60000,0.0,0.0
2025-05-30 00:00:00-04:00,15.510000228881836,15.510000228881836,14.489999771118164,15.359999656677246,33800,0.0,0.0
2025-06-02 00:00:00-04:00,15.470000267028809,16.450000762939453,15.069999694824219,15.609999656677246,54100,0.0,0.0
2025-06-03 00:00:00-04:00,15.550000190734863,16.69499969482422,15.520000457763672,15.609999656677246,35400,0.0,0.0
2025-06-04 00:00:00-04:00,15.520000457763672,15.970000267028809,15.020000457763672,15.484999656677246,40500,0.0,0.0
2025-06-05 00:00:00-04:00,15.475000381469727,16.350000381469727,15.029999732971191,15.170000076293945,46500,0.0,0.0
2025-06-06 00:00:00-04:00,15.100000381469727,16.610000610351562,15.100000381469727,16.0,63800,0.0,0.0
2025-06-09 00:00:00-04:00,16.389999389648438,16.5,15.734999656677246,16.170000076293945,61600,0.0,0.0
2025-06-10 00:00:00-04:00,16.389999389648438,17.149999618530273,16.059999465942383,16.18000030517578,56600,0.0,0.0
2025-06-11 00:00:00-04:00,16.479999542236328,17.110000610351562,16.1200008392334,16.559999465942383,51100,0.0,0.0
2025-06-12 00:00:00-04:00,16.350000381469727,16.93000030517578,15.774999618530273,15.920000076293945,65000,0.0,0.0
2025-06-13 00:00:00-04:00,15.960000038146973,16.8700008392334,15.680000305175781,16.479999542236328,44900,0.0,0.0
2025-06-16 00:00:00-04:00,16.889999389648438,17.100000381469727,14.914999961853027,15.75,87800,0.0,0.0
2025-06-17 00:00:00-04:00,15.949999809265137,16.079999923706055,14.930000305175781,15.4399995803833,212600,0.0,0.0
2025-06-18 00:00:00-04:00,15.180000305175781,15.604999542236328,14.420000076293945,14.9399995803833,270600,0.0,0.0
2025-06-20 00:00:00-04:00,15.0,15.460000038146973,14.15999984741211,14.609999656677246,182500,0.0,0.0
2025-06-23 00:00:00-04:00,14.470000267028809,14.640000343322754,13.600000381469727,14.569999694824219,218200,0.0,0.0
2025-06-24 00:00:00-04:00,14.34000015258789,15.619999885559082,14.34000015258789,14.970000267028809,218900,0.0,0.0
2025-06-25 00:00:00-04:00,14.970000267028809,15.050000190734863,13.102999687194824,13.15999984741211,161500,0.0,0.0
2025-06-26 00:00:00-04:00,13.40999984741211,13.739999771118164,12.319999694824219,12.350000381469727,199200,0.0,0.0
2025-06-27 00:00:00-04:00,12.350000381469727,12.692999839782715,10.90999984741211,11.350000381469727,1947500,0.0,0.0
2025-06-30 00:00:00-04:00,11.329999923706055,12.739999771118164,11.069999694824219,11.699999809265137,274700,0.0,0.0
2025-07-01 00:00:00-04:00,11.699999809265137,12.5,11.21500015258789,12.109999656677246,139200,0.0,0.0
2025-07-02 00:00:00-04:00,12.25,12.949999809265137,12.079999923706055,12.739999771118164,144400,0.0,0.0
2025-07-03 00:00:00-04:00,12.770000457763672,13.40999984741211,12.470000267028809,13.170000076293945,74900,0.0,0.0
2025-07-07 00:00:00-04:00,13.170000076293945,13.649999618530273,12.880000114440918,13.489999771118164,129300,0.0,0.0
2025-07-08 00:00:00-04:00,13.479999542236328,13.59000015258789,12.5649995803833,12.619999885559082,108300,0.0,0.0
2025-07-09 00:00:00-04:00,12.979999542236328,13.880000114440918,12.635000228881836,13.84000015258789,113100,0.0,0.0
2025-07-10 00:00:00-04:00,13.859999656677246,14.199999809265137,13.4399995803833,13.789999961853027,84200,0.0,0.0
2025-07-11 00:00:00-04:00,13.779999732971191,13.850000381469727,12.649999618530273,12.779999732971191,66200,0.0,0.0
2025-07-14 00:00:00-04:00,12.75,13.270000457763672,12.449999809265137,13.25,95700,0.0,0.0
2025-07-15 00:00:00-04:00,13.149999618530273,13.149999618530273,12.399999618530273,12.4399995803833,67900,0.0,0.0
2025-07-16 00:00:00-04:00,12.539999961853027,13.069999694824219,11.470000267028809,11.75,155400,0.0,0.0
2025-07-17 00:00:00-04:00,11.800000190734863,12.076000213623047,11.539999961853027,11.739999771118164,147900,0.0,0.0
2025-07-18 00:00:00-04:00,11.869999885559082,11.960000038146973,11.029999732971191,11.039999961853027,98400,0.0,0.0
2025-07-21 00:00:00-04:00,11.149999618530273,11.989999771118164,11.015000343322754,11.180000305175781,62600,0.0,0.0
2025-07-22 00:00:00-04:00,11.479999542236328,11.550000190734863,11.039999961853027,11.260000228881836,63000,0.0,0.0
2025-07-23 00:00:00-04:00,11.449999809265137,12.0,10.994999885559082,11.850000381469727,107300,0.0,0.0
2025-07-24 00:00:00-04:00,11.90999984741211,12.260000228881836,11.710000038146973,11.90999984741211,46000,0.0,0.0
2025-07-25 00:00:00-04:00,11.920000076293945,12.039999961853027,11.170000076293945,11.180000305175781,55600,0.0,0.0
2025-07-28 00:00:00-04:00,11.199999809265137,11.520000457763672,10.699999809265137,11.020000457763672,57800,0.0,0.0
2025-07-29 00:00:00-04:00,11.130000114440918,11.315999984741211,10.925000190734863,11.050000190734863,43100,0.0,0.0
2025-07-30 00:00:00-04:00,11.050000190734863,11.720000267028809,11.050000190734863,11.25,33700,0.0,0.0
2025-07-31 00:00:00-04:00,11.180000305175781,11.5,10.739999771118164,10.930000305175781,73100,0.0,0.0
2025-08-01 00:00:00-04:00,10.899999618530273,11.229999542236328,10.524999618530273,10.960000038146973,71300,0.0,0.0
2025-08-04 00:00:00-04:00,11.050000190734863,11.736000061035156,11.050000190734863,11.619999885559082,58800,0.0,0.0
2025-08-05 00:00:00-04:00,11.640000343322754,11.739999771118164,11.300000190734863,11.524999618530273,45700,0.0,0.0
2025-08-06 00:00:00-04:00,11.569999694824219,11.654999732971191,11.350000381469727,11.649999618530273,31400,0.0,0.0
2025-08-07 00:00:00-04:00,11.699999809265137,11.960000038146973,11.5,11.75,50400,0.0,0.0
2025-08-08 00:00:00-04:00,11.850000381469727,12.390000343322754,11.505999565124512,11.800000190734863,26900,0.0,0.0
2025-08-11 00:00:00-04:00,11.800000190734863,11.979999542236328,11.130000114440918,11.899999618530273,33400,0.0,0.0
2025-08-12 00:00:00-04:00,11.970000267028809,12.460000038146973,11.288999557495117,12.390000343322754,34800,0.0,0.0
2025-08-13 00:00:00-04:00,12.449999809265137,12.819999694824219,12.329999923706055,12.510000228881836,43500,0.0,0.0
2025-08-14 00:00:00-04:00,12.46500015258789,12.850000381469727,12.0600004196167,12.65999984741211,31300,0.0,0.0
2025-08-15 00:00:00-04:00,12.699999809265137,13.020000457763672,12.03499984741211,13.010000228881836,58300,0.0,0.0
2025-08-18 00:00:00-04:00,13.010000228881836,13.09000015258789,12.600000381469727,12.710000038146973,28400,0.0,0.0
2025-08-19 00:00:00-04:00,12.640000343322754,12.994999885559082,12.335000038146973,12.5600004196167,26900,0.0,0.0
2025-08-20 00:00:00-04:00,12.59000015258789,12.899999618530273,12.335000038146973,12.880000114440918,22900,0.0,0.0
2025-08-21 00:00:00-04:00,12.65999984741211,12.774999618530273,12.5,12.699999809265137,17200,0.0,0.0
2025-08-22 00:00:00-04:00,12.829999923706055,13.1899995803833,12.699999809265137,12.989999771118164,74200,0.0,0.0
2025-08-25 00:00:00-04:00,12.5649995803833,13.25,12.5649995803833,13.210000038146973,61200,0.0,0.0
2025-08-26 00:00:00-04:00,13.010000228881836,13.149999618530273,12.654999732971191,12.760000228881836,32400,0.0,0.0
2025-08-27 00:00:00-04:00,12.680000305175781,13.154999732971191,12.680000305175781,12.859999656677246,33900,0.0,0.0
2025-08-28 00:00:00-04:00,12.899999618530273,13.329999923706055,12.899999618530273,13.029999732971191,59200,0.0,0.0
2025-08-29 00:00:00-04:00,13.010000228881836,13.25,12.8149995803833,13.239999771118164,45200,0.0,0.0
2025-09-02 00:00:00-04:00,13.199999809265137,14.03499984741211,13.119999885559082,13.774999618530273,47300,0.0,0.0
2025-09-03 00:00:00-04:00,13.489999771118164,14.050000190734863,13.3100004196167,13.90999984741211,31500,0.0,0.0
2025-09-04 00:00:00-04:00,14.0,14.020000457763672,13.71500015258789,14.0,26100,0.0,0.0
2025-09-05 00:00:00-04:00,14.0600004196167,14.300000190734863,13.680000305175781,13.90999984741211,38700,0.0,0.0
2025-09-08 00:00:00-04:00,14.0,14.050000190734863,13.300000190734863,13.84000015258789,45500,0.0,0.0
2025-09-09 00:00:00-04:00,13.979999542236328,14.010000228881836,13.704999923706055,13.989999771118164,21900,0.0,0.0
2025-09-10 00:00:00-04:00,14.0,14.050000190734863,13.319999694824219,13.34000015258789,43700,0.0,0.0
2025-09-11 00:00:00-04:00,13.420000076293945,14.039999961853027,13.300000190734863,13.979999542236328,36900,0.0,0.0
2025-09-12 00:00:00-04:00,13.970000267028809,14.0,13.71500015258789,13.850000381469727,22000,0.0,0.0
2025-09-15 00:00:00-04:00,13.800000190734863,14.0,13.494000434875488,13.699999809265137,28600,0.0,0.0
2025-09-16 00:00:00-04:00,13.65999984741211,14.0,13.510000228881836,13.920000076293945,32900,0.0,0.0
2025-09-17 00:00:00-04:00,13.989999771118164,14.154999732971191,13.539999961853027,13.699999809265137,57500,0.0,0.0
2025-09-18 00:00:00-04:00,13.899999618530273,14.100000381469727,13.760000228881836,13.989999771118164,43200,0.0,0.0
2025-09-19 00:00:00-04:00,13.970000267028809,14.0,13.300000190734863,13.449999809265137,174600,0.0,0.0
2025-09-22 00:00:00-04:00,13.390000343322754,13.854999542236328,13.260000228881836,13.510000228881836,39000,0.0,0.0
2025-09-23 00:00:00-04:00,13.359999656677246,13.680000305175781,13.109999656677246,13.220000267028809,28500,0.0,0.0
2025-09-24 00:00:00-04:00,13.119999885559082,14.09000015258789,13.119999885559082,14.09000015258789,49600,0.0,0.0
2025-09-25 00:00:00-04:00,14.010000228881836,14.331000328063965,13.59000015258789,13.800000190734863,35300,0.0,0.0
2025-09-26 00:00:00-04:00,13.899999618530273,13.960000038146973,13.289999961853027,13.699999809265137,22400,0.0,0.0
2025-09-29 00:00:00-04:00,13.720000267028809,14.079999923706055,13.619999885559082,13.989999771118164,30900,0.0,0.0
2025-09-30 00:00:00-04:00,13.960000038146973,14.1899995803833,13.380000114440918,14.029999732971191,33000,0.0,0.0
2025-10-01 00:00:00-04:00,13.859999656677246,14.194999694824219,13.8100004196167,14.010000228881836,20200,0.0,0.0
2025-10-02 00:00:00-04:00,13.899999618530273,14.0,13.489999771118164,13.720000267028809,23500,0.0,0.0
2025-10-03 00:00:00-04:00,13.65999984741211,14.010000228881836,13.65999984741211,13.84000015258789,39900,0.0,0.0
2025-10-06 00:00:00-04:00,13.989999771118164,13.989999771118164,13.600000381469727,13.65999984741211,22900,0.0,0.0
2025-10-07 00:00:00-04:00,13.649999618530273,13.989999771118164,13.53499984741211,13.779999732971191,22400,0.0,0.0
2025-10-08 00:00:00-04:00,13.829999923706055,14.364999771118164,13.633000373840332,14.100000381469727,502100,0.0,0.0
2025-10-09 00:00:00-04:00,14.0600004196167,14.234999656677246,13.890000343322754,14.199999809265137,46000,0.0,0.0
2025-10-10 00:00:00-04:00,14.09000015258789,15.3149995803833,14.09000015258789,14.920000076293945,67100,0.0,0.0
2025-10-13 00:00:00-04:00,14.970000267028809,15.1899995803833,14.670000076293945,15.0,52400,0.0,0.0
2025-10-14 00:00:00-04:00,14.859999656677246,15.114999771118164,14.579999923706055,15.0600004196167,26200,0.0,0.0
2025-10-15 00:00:00-04:00,15.079999923706055,16.219999313354492,14.590999603271484,15.899999618530273,77000,0.0,0.0
2025-10-16 00:00:00-04:00,16.0,16.280000686645508,15.65999984741211,15.699999809265137,40600,0.0,0.0
2025-10-17 00:00:00-04:00,15.699999809265137,15.961999893188477,15.210000038146973,15.649999618530273,33500,0.0,0.0
2025-10-20 00:00:00-04:00,15.680000305175781,16.25,15.680000305175781,16.229999542236328,33000,0.0,0.0
2025-10-21 00:00:00-04:00,15.800000190734863,16.239999771118164,15.800000190734863,15.859999656677246,17000,0.0,0.0
2025-10-22 00:00:00-04:00,15.550000190734863,15.920000076293945,15.180000305175781,15.829999923706055,35300,0.0,0.0
2025-10-23 00:00:00-04:00,15.819999694824219,16.139999389648438,15.470000267028809,15.8100004196167,67200,0.0,0.0
2025-10-24 00:00:00-04:00,15.8100004196167,16.6299991607666,15.645000457763672,16.520000457763672,72300,0.0,0.0
2025-10-27 00:00:00-04:00,16.610000610351562,16.760000228881836,15.3100004196167,15.699999809265137,33400,0.0,0.0
2025-10-28 00:00:00-04:00,15.710000038146973,16.6299991607666,15.197999954223633,16.170000076293945,36400,0.0,0.0
2025-10-29 00:00:00-04:00,16.040000915527344,16.670000076293945,15.350000381469727,16.170000076293945,75400,0.0,0.0
2025-10-30 00:00:00-04:00,16.06999969482422,16.31999969482422,15.970000267028809,16.170000076293945,42900,0.0,0.0
2025-10-31 00:00:00-04:00,16.0,16.68000030517578,16.0,16.360000610351562,73800,0.0,0.0
2025-11-03 00:00:00-05:00,13.170000076293945,16.309999465942383,13.09000015258789,15.859999656677246,409200,0.0,0.0
2025-11-04 00:00:00-05:00,15.329999923706055,15.829999923706055,14.550000190734863,15.710000038146973,143900,0.0,0.0
2025-11-05 00:00:00-05:00,15.859999656677246,15.859999656677246,13.619999885559082,15.779999732971191,94400,0.0,0.0
2025-11-06 00:00:00-05:00,13.300000190734863,13.300000190734863,11.53499984741211,12.0,2348800,0.0,0.0
2025-11-07 00:00:00-05:00,11.869999885559082,12.859999656677246,11.670000076293945,12.789999961853027,391100,0.0,0.0
2025-11-10 00:00:00-05:00,13.5,13.649999618530273,12.5600004196167,12.890000343322754,461400,0.0,0.0
2025-11-11 00:00:00-05:00,13.260000228881836,13.850000381469727,12.9399995803833,13.260000228881836,476000,0.0,0.0
2025-11-12 00:00:00-05:00,13.5,13.890000343322754,13.25,13.4399995803833,335100,0.0,0.0
2025-11-13 00:00:00-05:00,13.449999809265137,13.800000190734863,12.869999885559082,13.149999618530273,176500,0.0,0.0
2025-11-14 00:00:00-05:00,13.020000457763672,13.289999961853027,12.569999694824219,13.15999984741211,226200,0.0,0.0
2025-11-17 00:00:00-05:00,13.3100004196167,13.9399995803833,12.470000267028809,13.529999732971191,351200,0.0,0.0
2025-11-18 00:00:00-05:00,13.529999732971191,13.869999885559082,13.0600004196167,13.529999732971191,228000,0.0,0.0
2025-11-19 00:00:00-05:00,13.600000381469727,13.949999809265137,12.970000267028809,13.100000381469727,187800,0.0,0.0
2025-11-20 00:00:00-05:00,13.300000190734863,13.555000305175781,12.925000190734863,13.140000343322754,225100,0.0,0.0
2025-11-21 00:00:00-05:00,13.069999694824219,13.5,12.845000267028809,13.260000228881836,120100,0.0,0.0
2025-11-24 00:00:00-05:00,13.289999961853027,13.470000267028809,12.729999542236328,13.069999694824219,95400,0.0,0.0
2025-11-25 00:00:00-05:00,13.130000114440918,13.430000305175781,12.84000015258789,12.930000305175781,82400,0.0,0.0
2025-11-26 00:00:00-05:00,12.859999656677246,13.09000015258789,12.649999618530273,13.015000343322754,225500,0.0,0.0
2025-11-28 00:00:00-05:00,12.864999771118164,13.164999961853027,12.819999694824219,12.960000038146973,49000,0.0,0.0
2025-12-01 00:00:00-05:00,12.819999694824219,12.819999694824219,12.180000305175781,12.229999542236328,142100,0.0,0.0
2025-12-02 00:00:00-05:00,12.25,12.960000038146973,11.539999961853027,11.649999618530273,177000,0.0,0.0
2025-12-03 00:00:00-05:00,11.739999771118164,13.0,11.649999618530273,12.579999923706055,816900,0.0,0.0
2025-12-04 00:00:00-05:00,12.489999771118164,13.220000267028809,12.489999771118164,13.180000305175781,483200,0.0,0.0
2025-12-05 00:00:00-05:00,13.260000228881836,13.680000305175781,12.699999809265137,13.579999923706055,306400,0.0,0.0
2025-12-08 00:00:00-05:00,13.619999885559082,13.619999885559082,12.819999694824219,13.1899995803833,134300,0.0,0.0
2025-12-09 00:00:00-05:00,13.199999809265137,13.470000267028809,12.779999732971191,13.319999694824219,144400,0.0,0.0
2025-12-10 00:00:00-05:00,13.319999694824219,13.329999923706055,12.800000190734863,12.8100004196167,184100,0.0,0.0
2025-12-11 00:00:00-05:00,12.880000114440918,13.045000076293945,12.699999809265137,12.960000038146973,291300,0.0,0.0
2025-12-12 00:00:00-05:00,13.029999732971191,13.029999732971191,11.914999961853027,11.979999542236328,234300,0.0,0.0
2025-12-15 00:00:00-05:00,12.020000457763672,12.4399995803833,11.880000114440918,12.180000305175781,197400,0.0,0.0
2025-12-16 00:00:00-05:00,12.109999656677246,12.989999771118164,11.760000228881836,12.40999984741211,218600,0.0,0.0
2025-12-17 00:00:00-05:00,12.399999618530273,12.470000267028809,9.930000305175781,10.789999961853027,546300,0.0,0.0
2025-12-18 00:00:00-05:00,10.859999656677246,11.5600004196167,10.460000038146973,11.380000114440918,244300,0.0,0.0
2025-12-19 00:00:00-05:00,11.359999656677246,11.640000343322754,11.074999809265137,11.5,173100,0.0,0.0
2025-12-22 00:00:00-05:00,11.5,12.5,10.989999771118164,12.350000381469727,144100,0.0,0.0
2025-12-23 00:00:00-05:00,13.149999618530273,13.359999656677246,12.350000381469727,12.960000038146973,287000,0.0,0.0
2025-12-24 00:00:00-05:00,12.920000076293945,13.317999839782715,12.654999732971191,13.050000190734863,69500,0.0,0.0
2025-12-26 00:00:00-05:00,13.109999656677246,13.185999870300293,12.699999809265137,13.100000381469727,73600,0.0,0.0
2025-12-29 00:00:00-05:00,13.109999656677246,13.600000381469727,12.90999984741211,13.489999771118164,201100,0.0,0.0
2025-12-30 00:00:00-05:00,13.899999618530273,14.199999809265137,13.3100004196167,13.930000305175781,246800,0.0,0.0
2025-12-31 00:00:00-05:00,13.920000076293945,14.390000343322754,13.220000267028809,13.470000267028809,422800,0.0,0.0
2026-01-02 00:00:00-05:00,13.609999656677246,13.994999885559082,12.239999771118164,12.585000038146973,216700,0.0,0.0
2026-01-05 00:00:00-05:00,12.5,12.774999618530273,11.520000457763672,11.890000343322754,148800,0.0,0.0
2026-01-06 00:00:00-05:00,11.829999923706055,12.050000190734863,11.210000038146973,11.989999771118164,185400,0.0,0.0
2026-01-07 00:00:00-05:00,12.039999961853027,12.710000038146973,11.930000305175781,12.140000343322754,220700,0.0,0.0
2026-01-08 00:00:00-05:00,12.180000305175781,12.65999984741211,12.0,12.180000305175781,74500,0.0,0.0
2026-01-09 00:00:00-05:00,12.220000267028809,12.329999923706055,11.720000267028809,11.84000015258789,93800,0.0,0.0
2026-01-12 00:00:00-05:00,11.989999771118164,12.545000076293945,11.399999618530273,12.140000343322754,181800,0.0,0.0
2026-01-13 00:00:00-05:00,12.100000381469727,12.4399995803833,11.649999618530273,12.300000190734863,119300,0.0,0.0
2026-01-14 00:00:00-05:00,12.229999542236328,12.430000305175781,11.970000267028809,12.130000114440918,106600,0.0,0.0
2026-01-15 00:00:00-05:00,12.130000114440918,12.130000114440918,11.630000114440918,11.710000038146973,133000,0.0,0.0
2026-01-16 00:00:00-05:00,11.699999809265137,12.050000190734863,11.539999961853027,11.680000305175781,113300,0.0,0.0
2026-01-20 00:00:00-05:00,11.609999656677246,11.885000228881836,11.289999961853027,11.630000114440918,57200,0.0,0.0
2026-01-21 00:00:00-05:00,11.609999656677246,12.119999885559082,11.550000190734863,12.119999885559082,93600,0.0,0.0
2026-01-22 00:00:00-05:00,12.15999984741211,12.899999618530273,12.149999618530273,12.829999923706055,111400,0.0,0.0
2026-01-23 00:00:00-05:00,12.760000228881836,13.109999656677246,12.229999542236328,12.479999542236328,82600,0.0,0.0
2026-01-26 00:00:00-05:00,12.380000114440918,12.460000038146973,12.0600004196167,12.220000267028809,93400,0.0,0.0
2026-01-27 00:00:00-05:00,12.210000038146973,12.569000244140625,11.90999984741211,12.550000190734863,87100,0.0,0.0
2026-01-28 00:00:00-05:00,12.510000228881836,12.510000228881836,11.989999771118164,12.079999923706055,151300,0.0,0.0
2026-01-29 00:00:00-05:00,12.180000305175781,12.699999809265137,12.039999961853027,12.609999656677246,92100,0.0,0.0
2026-01-30 00:00:00-05:00,12.664999961853027,12.664999961853027,12.130000114440918,12.180000305175781,198800,0.0,0.0
2026-02-02 00:00:00-05:00,12.020000457763672,12.845999717712402,12.020000457763672,12.460000038146973,106800,0.0,0.0
2026-02-03 00:00:00-05:00,12.430000305175781,12.880000114440918,12.430000305175781,12.59000015258789,70200,0.0,0.0
2026-02-04 00:00:00-05:00,12.59000015258789,12.59000015258789,12.0,12.40999984741211,96700,0.0,0.0
2026-02-05 00:00:00-05:00,12.319999694824219,12.529999732971191,11.529999732971191,11.649999618530273,118300,0.0,0.0
2026-02-06 00:00:00-05:00,11.890000343322754,12.25,11.880000114440918,12.119999885559082,140200,0.0,0.0
2026-02-09 00:00:00-05:00,12.0,12.1899995803833,11.449999809265137,11.789999961853027,300200,0.0,0.0
2026-02-10 00:00:00-05:00,11.6899995803833,11.979999542236328,11.5,11.699999809265137,74600,0.0,0.0
2026-02-11 00:00:00-05:00,11.720000267028809,11.770000457763672,11.0,11.649999618530273,107700,0.0,0.0
2026-02-12 00:00:00-05:00,11.6899995803833,11.720000267028809,10.810999870300293,11.34000015258789,119900,0.0,0.0
2026-02-13 00:00:00-05:00,11.380000114440918,11.449999809265137,10.380000114440918,10.380000114440918,171900,0.0,0.0
2026-02-17 00:00:00-05:00,10.380000114440918,10.635000228881836,9.850000381469727,10.354999542236328,242900,0.0,0.0
2026-02-18 00:00:00-05:00,10.369999885559082,11.550000190734863,10.24899959564209,10.569999694824219,370100,0.0,0.0
2026-02-19 00:00:00-05:00,10.579999923706055,11.130000114440918,10.300000190734863,10.84000015258789,188000,0.0,0.0
2026-02-20 00:00:00-05:00,10.739999771118164,10.954999923706055,10.414999961853027,10.640000343322754,106600,0.0,0.0
2026-02-23 00:00:00-05:00,10.65999984741211,10.949999809265137,10.5,10.720000267028809,125694,0.0,0.0
