Date,Open,High,Low,Close,Volume,Dividends,Stock Splits
2022-01-03 00:00:00-05:00,8.998723166435175,9.35393558870503,8.939521566553097,9.136861801147461,24000,0.0,0.0
2022-01-04 00:00:00-05:00,9.057926106509202,9.304601645871717,8.850718615804988,8.988856315612793,15900,0.0,0.0
2022-01-05 00:00:00-05:00,9.018457683931048,9.462473448175466,9.018457683931048,9.452606201171875,14300,0.0,0.0
2022-01-06 00:00:00-05:00,8.71257956836003,9.738749726573673,8.71257956836003,9.541409492492676,19500,0.0,0.0
2022-01-07 00:00:00-05:00,9.077659759070642,9.077659759070642,8.238963480711938,8.33763313293457,65800,0.0,0.0
2022-01-10 00:00:00-05:00,8.229095991737333,8.34750013552584,8.199495191038329,8.219228744506836,14700,0.0,0.0
2022-01-11 00:00:00-05:00,8.18962823808845,8.386968484827053,8.18962823808845,8.24882984161377,7900,0.0,0.0
2022-01-12 00:00:00-05:00,8.278431346888734,8.327765701413758,8.150159954940186,8.288297653198242,11500,0.0,0.0
2022-01-13 00:00:00-05:00,8.27843109986889,8.27843109986889,8.140292464740252,8.169893264770508,6100,0.0,0.0
2022-01-14 00:00:00-05:00,8.090957385946028,8.110691880486193,7.706143681841519,7.735744953155518,60500,0.0,0.0
2022-01-18 00:00:00-05:00,7.72587781522252,7.794947135601827,7.568005620636965,7.6370744705200195,28500,0.0,0.0
2022-01-19 00:00:00-05:00,7.666675494990969,7.696276765769201,7.439733987345317,7.518670082092285,10500,0.0,0.0
2022-01-20 00:00:00-05:00,7.3805321462002205,7.646941709518432,7.3805321462002205,7.400266170501709,28600,0.0,0.0
2022-01-21 00:00:00-05:00,7.3805321462002205,7.400266170501709,7.30159604899427,7.400266170501709,18900,0.0,0.0
2022-01-24 00:00:00-05:00,7.30159576171483,7.5877393380762825,7.202925644089541,7.449601173400879,105100,0.0,0.0
2022-01-25 00:00:00-05:00,7.311462685877973,7.587739491304188,7.015452327024432,7.104255199432373,13700,0.0,0.0
2022-01-26 00:00:00-05:00,7.084521362811782,7.5581384199953385,7.084521362811782,7.311462879180908,12100,0.0,0.0
2022-01-27 00:00:00-05:00,7.222659949025904,7.341064094789545,7.114122580161107,7.3213300704956055,19000,0.0,0.0
2022-01-28 00:00:00-05:00,7.202925732953532,7.291728604663754,6.956250200598907,7.11412239074707,12600,0.0,0.0
2022-01-31 00:00:00-05:00,7.212792377409649,7.419999858429994,6.9759840965271,6.9759840965271,22300,0.0,0.0
2022-02-01 00:00:00-05:00,7.0746544251166315,7.498936176300049,7.0746544251166315,7.498936176300049,3900,0.0,0.0
2022-02-02 00:00:00-05:00,7.410133114038387,7.548271278484266,7.331196549573081,7.370664596557617,4600,0.0,0.0
2022-02-03 00:00:00-05:00,7.4594682405531865,7.548271585124044,7.163457876144083,7.3213300704956055,10500,0.0,0.0
2022-02-04 00:00:00-05:00,7.3903987383818635,7.48906932791931,7.163457699835208,7.350930690765381,12600,0.0,0.0
2022-02-07 00:00:00-05:00,7.301596163137193,7.350930989414018,7.222660064697266,7.222660064697266,11800,0.0,0.0
2022-02-08 00:00:00-05:00,7.222660002203315,7.262128051081783,7.064787336193191,7.232526779174805,22100,0.0,0.0
2022-02-09 00:00:00-05:00,7.449601584558111,7.449601584558111,7.123989472679177,7.301596164703369,6200,0.0,0.0
2022-02-10 00:00:00-05:00,7.143723257873721,7.3015959199926455,7.143723257873721,7.183191776275635,6800,0.0,0.0
2022-02-11 00:00:00-05:00,7.143723384086115,7.400266170501709,6.995718437073083,7.400266170501709,5400,0.0,0.0
2022-02-14 00:00:00-05:00,7.380532195396662,7.380532195396662,7.054920557003556,7.153590679168701,12700,0.0,0.0
2022-02-15 00:00:00-05:00,7.163457634809656,7.400265918358949,7.094388316859661,7.202925682067871,5100,0.0,0.0
2022-02-16 00:00:00-05:00,7.331196794711641,7.577872331861381,7.301595993731571,7.410133361816406,15800,0.0,0.0
2022-02-17 00:00:00-05:00,7.489069395494131,7.992287712889248,7.331196733107456,7.420000076293945,20600,0.0,0.0
2022-02-18 00:00:00-05:00,7.28000020980835,7.670000076293945,7.260000228881836,7.28000020980835,16600,0.1,0.0
2022-02-22 00:00:00-05:00,6.960000038146973,7.309999942779541,6.960000038146973,7.059999942779541,13100,0.0,0.0
2022-02-23 00:00:00-05:00,7.059999942779541,7.360000133514404,7.059999942779541,7.21999979019165,12600,0.0,0.0
2022-02-24 00:00:00-05:00,7.099999904632568,7.619999885559082,7.099999904632568,7.599999904632568,15800,0.0,0.0
2022-02-25 00:00:00-05:00,7.659999847412109,8.069999694824219,7.659999847412109,8.010000228881836,10700,0.0,0.0
2022-02-28 00:00:00-05:00,7.960000038146973,8.199999809265137,7.800000190734863,7.880000114440918,23500,0.0,0.0
2022-03-01 00:00:00-05:00,8.0,8.09000015258789,7.869999885559082,7.869999885559082,4400,0.0,0.0
2022-03-02 00:00:00-05:00,7.960000038146973,8.100000381469727,7.900000095367432,8.0,6300,0.0,0.0
2022-03-03 00:00:00-05:00,7.920000076293945,8.100000381469727,7.920000076293945,8.100000381469727,3600,0.0,0.0
2022-03-04 00:00:00-05:00,7.940000057220459,8.180000305175781,7.860000133514404,8.09000015258789,4500,0.0,0.0
2022-03-07 00:00:00-05:00,7.949999809265137,8.15999984741211,7.849999904632568,7.860000133514404,3900,0.0,0.0
2022-03-08 00:00:00-05:00,8.300000190734863,8.300000190734863,7.880000114440918,8.170000076293945,6700,0.0,0.0
2022-03-09 00:00:00-05:00,8.029999732971191,8.1899995803833,7.860000133514404,7.949999809265137,1400,0.0,0.0
2022-03-10 00:00:00-05:00,8.15999984741211,8.399999618530273,7.869999885559082,8.399999618530273,14800,0.0,0.0
2022-03-11 00:00:00-05:00,8.510000228881836,8.989999771118164,8.180000305175781,8.289999961853027,15400,0.0,0.0
2022-03-14 00:00:00-04:00,8.210000038146973,8.619999885559082,8.15999984741211,8.170000076293945,5700,0.0,0.0
2022-03-15 00:00:00-04:00,8.170000076293945,8.550000190734863,8.149999618530273,8.1899995803833,2800,0.0,0.0
2022-03-16 00:00:00-04:00,8.210000038146973,8.329999923706055,8.029999732971191,8.029999732971191,12300,0.0,0.0
2022-03-17 00:00:00-04:00,8.109999656677246,8.130000114440918,7.940000057220459,7.96999979019165,4500,0.0,0.0
2022-03-18 00:00:00-04:00,7.96999979019165,8.100000381469727,7.880000114440918,8.100000381469727,8700,0.0,0.0
2022-03-21 00:00:00-04:00,8.100000381469727,8.100000381469727,7.880000114440918,7.880000114440918,7600,0.0,0.0
2022-03-22 00:00:00-04:00,7.880000114440918,7.989999771118164,7.860000133514404,7.900000095367432,3900,0.0,0.0
2022-03-23 00:00:00-04:00,7.849999904632568,7.920000076293945,7.849999904632568,7.920000076293945,1600,0.0,0.0
2022-03-24 00:00:00-04:00,7.889999866485596,7.949999809265137,7.880000114440918,7.880000114440918,1600,0.0,0.0
2022-03-25 00:00:00-04:00,7.989999771118164,8.279999732971191,7.96999979019165,8.029999732971191,9400,0.0,0.0
2022-03-28 00:00:00-04:00,8.109999656677246,8.34000015258789,7.960000038146973,8.220000267028809,4100,0.0,0.0
2022-03-29 00:00:00-04:00,8.020000457763672,8.15999984741211,8.0,8.010000228881836,4200,0.0,0.0
2022-03-30 00:00:00-04:00,8.039999961853027,8.039999961853027,7.800000190734863,7.800000190734863,1100,0.0,0.0
2022-03-31 00:00:00-04:00,7.630000114440918,7.920000076293945,7.570000171661377,7.75,5100,0.0,0.0
2022-04-01 00:00:00-04:00,7.849999904632568,8.359999656677246,7.650000095367432,8.010000228881836,5500,0.0,0.0
2022-04-04 00:00:00-04:00,7.980000019073486,7.980000019073486,7.75,7.949999809265137,6000,0.0,0.0
2022-04-05 00:00:00-04:00,7.940000057220459,8.0,7.800000190734863,7.800000190734863,7400,0.0,0.0
2022-04-06 00:00:00-04:00,7.760000228881836,7.809999942779541,7.650000095367432,7.659999847412109,19400,0.0,0.0
2022-04-07 00:00:00-04:00,7.550000190734863,7.71999979019165,7.550000190734863,7.639999866485596,9400,0.0,0.0
2022-04-08 00:00:00-04:00,7.739999771118164,7.739999771118164,7.5,7.550000190734863,27100,0.0,0.0
2022-04-11 00:00:00-04:00,7.510000228881836,7.53000020980835,7.480000019073486,7.510000228881836,4400,0.0,0.0
2022-04-12 00:00:00-04:00,7.510000228881836,7.510000228881836,7.449999809265137,7.5,6500,0.0,0.0
2022-04-13 00:00:00-04:00,7.409999847412109,7.460000038146973,7.400000095367432,7.400000095367432,4500,0.0,0.0
2022-04-14 00:00:00-04:00,7.46999979019165,7.5,7.400000095367432,7.400000095367432,1900,0.0,0.0
2022-04-18 00:00:00-04:00,7.300000190734863,7.340000152587891,7.300000190734863,7.309999942779541,4900,0.0,0.0
2022-04-19 00:00:00-04:00,7.329999923706055,7.329999923706055,7.269999980926514,7.269999980926514,10600,0.0,0.0
2022-04-20 00:00:00-04:00,7.199999809265137,7.320000171661377,7.199999809265137,7.269999980926514,5600,0.0,0.0
2022-04-21 00:00:00-04:00,7.320000171661377,7.320000171661377,7.03000020980835,7.03000020980835,14700,0.0,0.0
2022-04-22 00:00:00-04:00,7.139999866485596,7.139999866485596,7.0,7.019999980926514,8700,0.0,0.0
2022-04-25 00:00:00-04:00,7.059999942779541,7.079999923706055,6.800000190734863,6.900000095367432,47900,0.0,0.0
2022-04-26 00:00:00-04:00,6.809999942779541,6.860000133514404,6.650000095367432,6.650000095367432,7400,0.0,0.0
2022-04-27 00:00:00-04:00,6.550000190734863,6.730000019073486,6.550000190734863,6.650000095367432,5600,0.0,0.0
2022-04-28 00:00:00-04:00,6.690000057220459,6.699999809265137,6.5,6.5,8400,0.0,0.0
2022-04-29 00:00:00-04:00,6.659999847412109,6.690000057220459,6.5,6.550000190734863,4300,0.0,0.0
2022-05-02 00:00:00-04:00,6.5,6.5,6.349999904632568,6.369999885559082,6400,0.0,0.0
2022-05-03 00:00:00-04:00,6.440000057220459,6.630000114440918,6.25,6.25,15600,0.0,0.0
2022-05-04 00:00:00-04:00,6.480000019073486,6.480000019073486,6.210000038146973,6.289999961853027,8100,0.0,0.0
2022-05-05 00:00:00-04:00,5.599999904632568,5.599999904632568,4.380000114440918,4.849999904632568,89900,0.0,0.0
2022-05-06 00:00:00-04:00,4.96999979019165,5.170000076293945,4.880000114440918,5.010000228881836,49900,0.0,0.0
2022-05-09 00:00:00-04:00,5.019999980926514,5.019999980926514,4.650000095367432,4.71999979019165,21100,0.0,0.0
2022-05-10 00:00:00-04:00,4.739999771118164,4.820000171661377,4.5,4.590000152587891,14800,0.0,0.0
2022-05-11 00:00:00-04:00,4.53000020980835,4.599999904632568,4.5,4.53000020980835,15600,0.0,0.0
2022-05-12 00:00:00-04:00,4.630000114440918,4.739999771118164,4.5,4.739999771118164,15500,0.0,0.0
2022-05-13 00:00:00-04:00,4.909999847412109,5.010000228881836,4.78000020980835,4.980000019073486,3500,0.0,0.0
2022-05-16 00:00:00-04:00,5.079999923706055,5.119999885559082,4.860000133514404,4.949999809265137,19500,0.0,0.0
2022-05-17 00:00:00-04:00,4.769999980926514,4.949999809265137,4.769999980926514,4.929999828338623,6300,0.0,0.0
2022-05-18 00:00:00-04:00,5.039999961853027,5.039999961853027,4.920000076293945,4.949999809265137,8100,0.0,0.0
2022-05-19 00:00:00-04:00,4.880000114440918,5.0,4.840000152587891,4.869999885559082,2800,0.0,0.0
2022-05-20 00:00:00-04:00,4.760000228881836,4.829999923706055,4.590000152587891,4.590000152587891,26300,0.0,0.0
2022-05-23 00:00:00-04:00,4.889999866485596,4.889999866485596,4.590000152587891,4.590000152587891,10800,0.0,0.0
2022-05-24 00:00:00-04:00,4.739999771118164,4.739999771118164,4.559999942779541,4.570000171661377,2800,0.0,0.0
2022-05-25 00:00:00-04:00,4.579999923706055,4.579999923706055,4.53000020980835,4.53000020980835,5500,0.0,0.0
2022-05-26 00:00:00-04:00,4.619999885559082,4.739999771118164,4.550000190734863,4.550000190734863,4600,0.0,0.0
2022-05-27 00:00:00-04:00,4.599999904632568,4.599999904632568,4.389999866485596,4.53000020980835,15200,0.0,0.0
2022-05-31 00:00:00-04:00,4.53000020980835,4.690000057220459,4.449999809265137,4.510000228881836,9200,0.0,0.0
2022-06-01 00:00:00-04:00,4.630000114440918,4.630000114440918,4.53000020980835,4.53000020980835,12700,0.0,0.0
2022-06-02 00:00:00-04:00,4.53000020980835,4.550000190734863,4.460000038146973,4.550000190734863,23100,0.0,0.0
2022-06-03 00:00:00-04:00,4.550000190734863,4.789999961853027,4.550000190734863,4.730000019073486,18100,0.0,0.0
2022-06-06 00:00:00-04:00,4.869999885559082,4.900000095367432,4.739999771118164,4.739999771118164,23500,0.0,0.0
2022-06-07 00:00:00-04:00,4.820000171661377,4.989999771118164,4.760000228881836,4.920000076293945,7800,0.0,0.0
2022-06-08 00:00:00-04:00,5.0,5.0,4.849999904632568,4.860000133514404,9800,0.0,0.0
2022-06-09 00:00:00-04:00,4.940000057220459,5.0,4.75,4.880000114440918,4000,0.0,0.0
2022-06-10 00:00:00-04:00,4.809999942779541,4.809999942779541,4.650000095367432,4.650000095367432,18000,0.0,0.0
2022-06-13 00:00:00-04:00,4.650000095367432,4.769999980926514,4.559999942779541,4.690000057220459,7700,0.0,0.0
2022-06-14 00:00:00-04:00,4.78000020980835,4.78000020980835,4.699999809265137,4.75,4200,0.0,0.0
2022-06-15 00:00:00-04:00,4.75,4.989999771118164,4.75,4.909999847412109,7100,0.0,0.0
2022-06-16 00:00:00-04:00,4.78000020980835,4.829999923706055,4.699999809265137,4.820000171661377,13300,0.0,0.0
2022-06-17 00:00:00-04:00,4.699999809265137,4.75,4.699999809265137,4.75,3100,0.0,0.0
2022-06-21 00:00:00-04:00,4.71999979019165,4.739999771118164,4.309999942779541,4.360000133514404,20400,0.0,0.0
2022-06-22 00:00:00-04:00,4.300000190734863,4.730000019073486,4.300000190734863,4.570000171661377,34900,0.0,0.0
2022-06-23 00:00:00-04:00,4.5,4.650000095367432,4.369999885559082,4.369999885559082,25500,0.0,0.0
2022-06-24 00:00:00-04:00,4.420000076293945,4.610000133514404,4.210000038146973,4.28000020980835,21300,0.0,0.0
2022-06-27 00:00:00-04:00,4.289999961853027,4.510000228881836,4.28000020980835,4.28000020980835,10400,0.0,0.0
2022-06-28 00:00:00-04:00,4.449999809265137,4.449999809265137,4.260000228881836,4.289999961853027,3800,0.0,0.0
2022-06-29 00:00:00-04:00,4.309999942779541,4.369999885559082,4.300000190734863,4.300000190734863,8000,0.0,0.0
2022-06-30 00:00:00-04:00,4.239999771118164,4.260000228881836,3.940000057220459,4.210000038146973,44700,0.0,0.0
2022-07-01 00:00:00-04:00,4.369999885559082,4.369999885559082,4.199999809265137,4.199999809265137,12000,0.0,0.0
2022-07-05 00:00:00-04:00,4.199999809265137,4.369999885559082,4.0,4.039999961853027,14700,0.0,0.0
2022-07-06 00:00:00-04:00,4.099999904632568,4.300000190734863,4.099999904632568,4.150000095367432,13300,0.0,0.0
2022-07-07 00:00:00-04:00,4.230000019073486,4.320000171661377,4.039999961853027,4.070000171661377,61100,0.0,0.0
2022-07-08 00:00:00-04:00,4.010000228881836,4.070000171661377,3.9000000953674316,3.9800000190734863,10900,0.0,0.0
2022-07-11 00:00:00-04:00,4.0,4.0,3.9100000858306885,3.990000009536743,4300,0.0,0.0
2022-07-12 00:00:00-04:00,3.990000009536743,4.03000020980835,3.940000057220459,3.940000057220459,5400,0.0,0.0
2022-07-13 00:00:00-04:00,3.9600000381469727,4.03000020980835,3.9000000953674316,3.9000000953674316,26200,0.0,0.0
2022-07-14 00:00:00-04:00,3.9000000953674316,3.9700000286102295,3.75,3.75,10100,0.0,0.0
2022-07-15 00:00:00-04:00,3.75,3.7799999713897705,3.609999895095825,3.690000057220459,7500,0.0,0.0
2022-07-18 00:00:00-04:00,3.7300000190734863,3.819999933242798,3.6600000858306885,3.6700000762939453,6500,0.0,0.0
2022-07-19 00:00:00-04:00,3.630000114440918,3.7699999809265137,3.5799999237060547,3.5799999237060547,21100,0.0,0.0
2022-07-20 00:00:00-04:00,3.690000057220459,3.690000057220459,3.5,3.509999990463257,7400,0.0,0.0
2022-07-21 00:00:00-04:00,3.630000114440918,3.759999990463257,3.509999990463257,3.569999933242798,14900,0.0,0.0
2022-07-22 00:00:00-04:00,3.5,3.5999999046325684,3.5,3.549999952316284,7000,0.0,0.0
2022-07-25 00:00:00-04:00,3.75,3.75,3.549999952316284,3.559999942779541,15500,0.0,0.0
2022-07-26 00:00:00-04:00,3.680000066757202,3.680000066757202,3.5,3.5199999809265137,12100,0.0,0.0
2022-07-27 00:00:00-04:00,3.509999990463257,3.509999990463257,3.450000047683716,3.4800000190734863,13900,0.0,0.0
2022-07-28 00:00:00-04:00,3.4600000381469727,3.569999933242798,3.390000104904175,3.390000104904175,13000,0.0,0.0
2022-07-29 00:00:00-04:00,3.440000057220459,3.440000057220459,3.3299999237060547,3.390000104904175,12400,0.0,0.0
2022-08-01 00:00:00-04:00,3.390000104904175,3.390000104904175,3.2699999809265137,3.2799999713897705,9600,0.0,0.0
2022-08-02 00:00:00-04:00,3.3399999141693115,3.390000104904175,3.2799999713897705,3.3499999046325684,7600,0.0,0.0
2022-08-03 00:00:00-04:00,3.4000000953674316,3.4000000953674316,3.369999885559082,3.4000000953674316,7100,0.0,0.0
2022-08-04 00:00:00-04:00,3.359999895095825,3.490000009536743,3.3499999046325684,3.490000009536743,48300,0.0,0.0
2022-08-05 00:00:00-04:00,3.490000009536743,3.5999999046325684,3.490000009536743,3.5999999046325684,11000,0.0,0.0
2022-08-08 00:00:00-04:00,3.6500000953674316,3.75,3.5,3.569999933242798,19100,0.0,0.0
2022-08-09 00:00:00-04:00,3.490000009536743,3.5399999618530273,3.2899999618530273,3.319999933242798,38100,0.0,0.0
2022-08-10 00:00:00-04:00,3.2300000190734863,3.5799999237060547,3.2300000190734863,3.4000000953674316,19400,0.0,0.0
2022-08-11 00:00:00-04:00,3.4800000190734863,3.5,3.3499999046325684,3.3499999046325684,11800,0.0,0.0
2022-08-12 00:00:00-04:00,3.3399999141693115,3.4800000190734863,3.3399999141693115,3.3399999141693115,15000,0.0,0.0
2022-08-15 00:00:00-04:00,3.4800000190734863,3.5,3.4200000762939453,3.450000047683716,15000,0.0,0.0
2022-08-16 00:00:00-04:00,3.4000000953674316,3.5,3.359999895095825,3.380000114440918,12000,0.0,0.0
2022-08-17 00:00:00-04:00,3.490000009536743,3.5199999809265137,3.3299999237060547,3.3499999046325684,11200,0.0,0.0
2022-08-18 00:00:00-04:00,3.380000114440918,3.380000114440918,3.309999942779541,3.309999942779541,11300,0.0,0.0
2022-08-19 00:00:00-04:00,3.2899999618530273,3.359999895095825,3.2100000381469727,3.2799999713897705,11000,0.0,0.0
2022-08-22 00:00:00-04:00,3.2100000381469727,3.309999942779541,3.1700000762939453,3.240000009536743,9300,0.0,0.0
2022-08-23 00:00:00-04:00,3.2300000190734863,3.4000000953674316,3.0999999046325684,3.109999895095825,28700,0.0,0.0
2022-08-24 00:00:00-04:00,3.299999952316284,3.299999952316284,3.069999933242798,3.0899999141693115,7300,0.0,0.0
2022-08-25 00:00:00-04:00,3.1500000953674316,3.180000066757202,3.109999895095825,3.140000104904175,8000,0.0,0.0
2022-08-26 00:00:00-04:00,3.140000104904175,3.259999990463257,3.140000104904175,3.200000047683716,15000,0.0,0.0
2022-08-29 00:00:00-04:00,3.2899999618530273,3.2899999618530273,3.25,3.259999990463257,7200,0.0,0.0
2022-08-30 00:00:00-04:00,3.2899999618530273,3.2899999618530273,3.200000047683716,3.2899999618530273,12000,0.0,0.0
2022-08-31 00:00:00-04:00,3.2300000190734863,3.299999952316284,3.1600000858306885,3.1700000762939453,10800,0.0,0.0
2022-09-01 00:00:00-04:00,3.180000066757202,3.299999952316284,3.0899999141693115,3.0899999141693115,22200,0.0,0.0
2022-09-02 00:00:00-04:00,3.0299999713897705,3.109999895095825,3.0299999713897705,3.0899999141693115,16200,0.0,0.0
2022-09-06 00:00:00-04:00,3.0999999046325684,3.130000114440918,3.069999933242798,3.109999895095825,4900,0.0,0.0
2022-09-07 00:00:00-04:00,3.119999885559082,3.130000114440918,3.009999990463257,3.0899999141693115,25600,0.0,0.0
2022-09-08 00:00:00-04:00,3.2300000190734863,3.2300000190734863,2.9800000190734863,3.0199999809265137,25200,0.0,0.0
2022-09-09 00:00:00-04:00,3.0199999809265137,3.0799999237060547,2.940000057220459,3.0,18400,0.0,0.0
2022-09-12 00:00:00-04:00,3.0,3.0199999809265137,2.940000057220459,2.940000057220459,14800,0.0,0.0
2022-09-13 00:00:00-04:00,2.809999942779541,2.9200000762939453,2.799999952316284,2.8499999046325684,14900,0.0,0.0
2022-09-14 00:00:00-04:00,2.890000104904175,2.9000000953674316,2.819999933242798,2.8299999237060547,11500,0.0,0.0
2022-09-15 00:00:00-04:00,2.819999933242798,2.859999895095825,2.7100000381469727,2.809999942779541,13300,0.0,0.0
2022-09-16 00:00:00-04:00,2.809999942779541,2.880000114440918,2.75,2.809999942779541,12000,0.0,0.0
2022-09-19 00:00:00-04:00,2.8399999141693115,2.8399999141693115,2.7300000190734863,2.7899999618530273,13200,0.0,0.0
2022-09-20 00:00:00-04:00,2.6600000858306885,2.75,2.6600000858306885,2.7100000381469727,5000,0.0,0.0
2022-09-21 00:00:00-04:00,2.7200000286102295,2.7200000286102295,2.6500000953674316,2.690000057220459,2500,0.0,0.0
2022-09-22 00:00:00-04:00,2.6500000953674316,2.6600000858306885,2.5899999141693115,2.619999885559082,11600,0.0,0.0
2022-09-23 00:00:00-04:00,2.690000057220459,2.690000057220459,2.5,2.5199999809265137,43500,0.0,0.0
2022-09-26 00:00:00-04:00,2.5199999809265137,2.5799999237060547,2.4200000762939453,2.4200000762939453,9200,0.0,0.0
2022-09-27 00:00:00-04:00,2.5799999237060547,2.5799999237060547,2.4200000762939453,2.430000066757202,9000,0.0,0.0
2022-09-28 00:00:00-04:00,2.4200000762939453,2.509999990463257,2.4000000953674316,2.4200000762939453,14600,0.0,0.0
2022-09-29 00:00:00-04:00,2.4000000953674316,2.5299999713897705,2.4000000953674316,2.450000047683716,8700,0.0,0.0
2022-09-30 00:00:00-04:00,2.390000104904175,2.4700000286102295,2.390000104904175,2.4100000858306885,5800,0.0,0.0
2022-10-03 00:00:00-04:00,2.440000057220459,2.490000009536743,2.430000066757202,2.4800000190734863,3100,0.0,0.0
2022-10-04 00:00:00-04:00,2.450000047683716,2.5299999713897705,2.440000057220459,2.440000057220459,12900,0.0,0.0
2022-10-05 00:00:00-04:00,2.4200000762939453,2.549999952316284,2.4200000762939453,2.440000057220459,12200,0.0,0.0
2022-10-06 00:00:00-04:00,2.5399999618530273,2.549999952316284,2.450000047683716,2.490000009536743,4400,0.0,0.0
2022-10-07 00:00:00-04:00,2.5299999713897705,2.5299999713897705,2.380000114440918,2.380000114440918,3600,0.0,0.0
2022-10-10 00:00:00-04:00,2.390000104904175,2.390000104904175,2.2100000381469727,2.2200000286102295,15900,0.0,0.0
2022-10-11 00:00:00-04:00,2.2100000381469727,2.2899999618530273,2.190000057220459,2.190000057220459,9400,0.0,0.0
2022-10-12 00:00:00-04:00,2.180000066757202,2.25,2.180000066757202,2.190000057220459,4700,0.0,0.0
2022-10-13 00:00:00-04:00,2.140000104904175,2.25,2.140000104904175,2.2300000190734863,6700,0.0,0.0
2022-10-14 00:00:00-04:00,2.190000057220459,2.2899999618530273,2.190000057220459,2.2200000286102295,5500,0.0,0.0
2022-10-17 00:00:00-04:00,2.200000047683716,2.259999990463257,2.200000047683716,2.200000047683716,10800,0.0,0.0
2022-10-18 00:00:00-04:00,2.200000047683716,2.2300000190734863,2.0,2.0799999237060547,23900,0.0,0.0
2022-10-19 00:00:00-04:00,2.069999933242798,2.1500000953674316,2.069999933242798,2.0899999141693115,12100,0.0,0.0
2022-10-20 00:00:00-04:00,2.119999885559082,2.2200000286102295,2.069999933242798,2.2200000286102295,25000,0.0,0.0
2022-10-21 00:00:00-04:00,2.200000047683716,2.2899999618530273,2.200000047683716,2.2899999618530273,2500,0.0,0.0
2022-10-24 00:00:00-04:00,2.2899999618530273,2.3299999237060547,2.2699999809265137,2.2699999809265137,17100,0.0,0.0
2022-10-25 00:00:00-04:00,2.3499999046325684,2.369999885559082,2.3399999141693115,2.369999885559082,13900,0.0,0.0
2022-10-26 00:00:00-04:00,2.380000114440918,2.4800000190734863,2.369999885559082,2.4700000286102295,15700,0.0,0.0
2022-10-27 00:00:00-04:00,2.4800000190734863,2.640000104904175,2.359999895095825,2.549999952316284,29300,0.0,0.0
2022-10-28 00:00:00-04:00,2.5999999046325684,2.700000047683716,2.549999952316284,2.5899999141693115,6000,0.0,0.0
2022-10-31 00:00:00-04:00,2.4800000190734863,2.5399999618530273,2.4800000190734863,2.5,4100,0.0,0.0
2022-11-01 00:00:00-04:00,2.319999933242798,2.5899999141693115,2.319999933242798,2.450000047683716,15100,0.0,0.0
2022-11-02 00:00:00-04:00,2.4100000858306885,2.4800000190734863,2.369999885559082,2.380000114440918,10000,0.0,0.0
2022-11-03 00:00:00-04:00,2.359999895095825,2.4100000858306885,2.259999990463257,2.309999942779541,3400,0.0,0.0
2022-11-04 00:00:00-04:00,2.430000066757202,2.430000066757202,2.309999942779541,2.3399999141693115,3800,0.0,0.0
2022-11-07 00:00:00-05:00,2.2300000190734863,2.630000114440918,2.2300000190734863,2.569999933242798,48800,0.0,0.0
2022-11-08 00:00:00-05:00,2.4800000190734863,2.559999942779541,2.4600000381469727,2.549999952316284,8300,0.0,0.0
2022-11-09 00:00:00-05:00,2.5,2.609999895095825,2.450000047683716,2.609999895095825,14100,0.0,0.0
2022-11-10 00:00:00-05:00,2.5999999046325684,2.7100000381469727,2.509999990463257,2.509999990463257,7300,0.0,0.0
2022-11-11 00:00:00-05:00,2.6700000762939453,2.6700000762939453,2.450000047683716,2.5199999809265137,16200,0.0,0.0
2022-11-14 00:00:00-05:00,2.619999885559082,2.940000057220459,2.5299999713897705,2.9200000762939453,87900,0.0,0.0
2022-11-15 00:00:00-05:00,2.950000047683716,3.0199999809265137,2.7699999809265137,2.9000000953674316,12900,0.0,0.0
2022-11-16 00:00:00-05:00,2.990000009536743,2.990000009536743,2.75,2.7799999713897705,4200,0.0,0.0
2022-11-17 00:00:00-05:00,2.8399999141693115,2.8399999141693115,2.7799999713897705,2.8399999141693115,3300,0.0,0.0
2022-11-18 00:00:00-05:00,2.8399999141693115,2.9800000190734863,2.7799999713897705,2.869999885559082,23400,0.0,0.0
2022-11-21 00:00:00-05:00,2.7899999618530273,2.819999933242798,2.75,2.75,6500,0.0,0.0
2022-11-22 00:00:00-05:00,2.809999942779541,2.809999942779541,2.75,2.75,7500,0.0,0.0
2022-11-23 00:00:00-05:00,2.7699999809265137,2.7699999809265137,2.759999990463257,2.759999990463257,900,0.0,0.0
2022-11-25 00:00:00-05:00,2.859999895095825,2.859999895095825,2.75,2.759999990463257,4000,0.0,0.0
2022-11-28 00:00:00-05:00,2.75,3.0899999141693115,2.75,3.0299999713897705,36000,0.0,0.0
2022-11-29 00:00:00-05:00,3.0299999713897705,3.0299999713897705,2.9100000858306885,2.940000057220459,7800,0.0,0.0
2022-11-30 00:00:00-05:00,2.9100000858306885,3.0,2.9000000953674316,2.9800000190734863,11600,0.0,0.0
2022-12-01 00:00:00-05:00,2.940000057220459,3.190000057220459,2.9200000762939453,3.1700000762939453,19600,0.0,0.0
2022-12-02 00:00:00-05:00,3.1500000953674316,3.180000066757202,3.119999885559082,3.1700000762939453,6800,0.0,0.0
2022-12-05 00:00:00-05:00,3.1700000762939453,3.309999942779541,3.1500000953674316,3.309999942779541,18600,0.0,0.0
2022-12-06 00:00:00-05:00,3.369999885559082,3.450000047683716,3.299999952316284,3.440000057220459,7000,0.0,0.0
2022-12-07 00:00:00-05:00,3.359999895095825,3.440000057220459,3.3299999237060547,3.3499999046325684,14500,0.0,0.0
2022-12-08 00:00:00-05:00,3.440000057220459,3.440000057220459,3.309999942779541,3.309999942779541,5900,0.0,0.0
2022-12-09 00:00:00-05:00,3.319999933242798,3.390000104904175,3.25,3.2899999618530273,27200,0.0,0.0
2022-12-12 00:00:00-05:00,3.259999990463257,3.4200000762939453,3.25,3.25,3500,0.0,0.0
2022-12-13 00:00:00-05:00,3.2799999713897705,3.450000047683716,3.25,3.319999933242798,17400,0.0,0.0
2022-12-14 00:00:00-05:00,3.2100000381469727,3.369999885559082,3.200000047683716,3.25,33200,0.0,0.0
2022-12-15 00:00:00-05:00,3.25,3.2799999713897705,3.130000114440918,3.1700000762939453,8800,0.0,0.0
2022-12-16 00:00:00-05:00,3.4700000286102295,3.9100000858306885,3.130000114440918,3.359999895095825,22800,0.0,0.0
2022-12-19 00:00:00-05:00,3.3499999046325684,3.3499999046325684,3.180000066757202,3.180000066757202,2000,0.0,0.0
2022-12-20 00:00:00-05:00,3.190000057220459,3.3299999237060547,3.140000104904175,3.1500000953674316,6600,0.0,0.0
2022-12-21 00:00:00-05:00,3.1500000953674316,3.6700000762939453,3.1500000953674316,3.200000047683716,71300,0.0,0.0
2022-12-22 00:00:00-05:00,3.130000114440918,3.3399999141693115,3.0299999713897705,3.1500000953674316,9100,0.0,0.0
2022-12-23 00:00:00-05:00,3.2799999713897705,3.2799999713897705,3.0999999046325684,3.130000114440918,6800,0.0,0.0
2022-12-27 00:00:00-05:00,3.200000047683716,3.2799999713897705,3.119999885559082,3.119999885559082,10800,0.0,0.0
2022-12-28 00:00:00-05:00,3.009999990463257,3.200000047683716,3.009999990463257,3.0799999237060547,15800,0.0,0.0
2022-12-29 00:00:00-05:00,3.0999999046325684,3.240000009536743,3.0799999237060547,3.0999999046325684,4600,0.0,0.0
2022-12-30 00:00:00-05:00,3.2100000381469727,3.2899999618530273,3.009999990463257,3.1600000858306885,36600,0.0,0.0
2023-01-03 00:00:00-05:00,3.069999933242798,3.25,3.069999933242798,3.25,3700,0.0,0.0
2023-01-04 00:00:00-05:00,3.259999990463257,3.5,3.259999990463257,3.4800000190734863,17600,0.0,0.0
2023-01-05 00:00:00-05:00,3.5,3.75,3.5,3.700000047683716,28800,0.0,0.0
2023-01-06 00:00:00-05:00,3.619999885559082,3.619999885559082,3.3399999141693115,3.3399999141693115,23300,0.0,0.0
2023-01-09 00:00:00-05:00,3.3399999141693115,3.4200000762939453,3.2899999618530273,3.3299999237060547,11300,0.0,0.0
2023-01-10 00:00:00-05:00,3.3499999046325684,3.4200000762939453,3.3399999141693115,3.369999885559082,17300,0.0,0.0
2023-01-11 00:00:00-05:00,3.4600000381469727,3.700000047683716,3.4000000953674316,3.700000047683716,14800,0.0,0.0
2023-01-12 00:00:00-05:00,3.7300000190734863,3.799999952316284,3.619999885559082,3.7899999618530273,12100,0.0,0.0
2023-01-13 00:00:00-05:00,3.859999895095825,3.930000066757202,3.7799999713897705,3.890000104904175,25400,0.0,0.0
2023-01-17 00:00:00-05:00,3.9000000953674316,3.9000000953674316,3.700000047683716,3.7300000190734863,7000,0.0,0.0
2023-01-18 00:00:00-05:00,3.7899999618530273,3.7899999618530273,3.619999885559082,3.619999885559082,6700,0.0,0.0
2023-01-19 00:00:00-05:00,3.8299999237060547,3.9000000953674316,3.430000066757202,3.450000047683716,13300,0.0,0.0
2023-01-20 00:00:00-05:00,3.319999933242798,3.680000066757202,3.299999952316284,3.380000114440918,52100,0.0,0.0
2023-01-23 00:00:00-05:00,3.3499999046325684,3.430000066757202,3.2100000381469727,3.3499999046325684,15600,0.0,0.0
2023-01-24 00:00:00-05:00,3.299999952316284,3.440000057220459,3.299999952316284,3.380000114440918,7800,0.0,0.0
2023-01-25 00:00:00-05:00,3.2300000190734863,3.4600000381469727,3.2300000190734863,3.430000066757202,3100,0.0,0.0
2023-01-26 00:00:00-05:00,3.5899999141693115,3.5899999141693115,3.430000066757202,3.440000057220459,4400,0.0,0.0
2023-01-27 00:00:00-05:00,3.440000057220459,3.549999952316284,3.299999952316284,3.380000114440918,8200,0.0,0.0
2023-01-30 00:00:00-05:00,3.450000047683716,3.4800000190734863,3.309999942779541,3.390000104904175,17800,0.0,0.0
2023-01-31 00:00:00-05:00,3.200000047683716,3.4100000858306885,3.200000047683716,3.319999933242798,7200,0.0,0.0
2023-02-01 00:00:00-05:00,3.2300000190734863,3.4000000953674316,3.2300000190734863,3.3399999141693115,9100,0.0,0.0
2023-02-02 00:00:00-05:00,3.430000066757202,3.450000047683716,3.3499999046325684,3.359999895095825,8800,0.0,0.0
2023-02-03 00:00:00-05:00,3.4100000858306885,3.4100000858306885,3.319999933242798,3.4100000858306885,2300,0.0,0.0
2023-02-06 00:00:00-05:00,3.4100000858306885,3.440000057220459,3.380000114440918,3.390000104904175,20900,0.0,0.0
2023-02-07 00:00:00-05:00,3.3399999141693115,4.0,3.3399999141693115,4.0,32600,0.0,0.0
2023-02-08 00:00:00-05:00,4.0,4.0,3.5999999046325684,3.8299999237060547,8100,0.0,0.0
2023-02-09 00:00:00-05:00,3.890000104904175,3.890000104904175,3.75,3.7899999618530273,7100,0.0,0.0
2023-02-10 00:00:00-05:00,3.940000057220459,3.940000057220459,3.7100000381469727,3.7200000286102295,6900,0.0,0.0
2023-02-13 00:00:00-05:00,3.7799999713897705,3.809999942779541,3.700000047683716,3.7300000190734863,5300,0.0,0.0
2023-02-14 00:00:00-05:00,3.759999990463257,3.890000104904175,3.759999990463257,3.890000104904175,6900,0.0,0.0
2023-02-15 00:00:00-05:00,3.799999952316284,3.859999895095825,3.700000047683716,3.75,4600,0.0,0.0
2023-02-16 00:00:00-05:00,3.75,3.7899999618530273,3.5999999046325684,3.700000047683716,28300,0.0,0.0
2023-02-17 00:00:00-05:00,3.7899999618530273,3.7899999618530273,3.700000047683716,3.7300000190734863,6800,0.0,0.0
2023-02-21 00:00:00-05:00,3.819999933242798,3.819999933242798,3.5,3.5999999046325684,26900,0.0,0.0
2023-02-22 00:00:00-05:00,3.5999999046325684,3.740000009536743,3.5999999046325684,3.5999999046325684,7500,0.0,0.0
2023-02-23 00:00:00-05:00,3.549999952316284,3.819999933242798,3.5,3.630000114440918,7800,0.0,0.0
2023-02-24 00:00:00-05:00,3.5899999141693115,3.6600000858306885,3.5899999141693115,3.630000114440918,2100,0.0,0.0
2023-02-27 00:00:00-05:00,3.7100000381469727,3.7300000190734863,3.6700000762939453,3.700000047683716,4000,0.0,0.0
2023-02-28 00:00:00-05:00,3.6500000953674316,3.7200000286102295,3.640000104904175,3.680000066757202,4800,0.0,0.0
2023-03-01 00:00:00-05:00,3.700000047683716,3.75,3.6700000762939453,3.6700000762939453,5600,0.0,0.0
2023-03-02 00:00:00-05:00,3.7100000381469727,3.75,3.619999885559082,3.690000057220459,5300,0.0,0.0
2023-03-03 00:00:00-05:00,3.7699999809265137,3.7699999809265137,3.559999942779541,3.6600000858306885,10000,0.0,0.0
2023-03-06 00:00:00-05:00,3.75,3.75,3.5799999237060547,3.5799999237060547,6200,0.0,0.0
2023-03-07 00:00:00-05:00,3.5799999237060547,3.6600000858306885,3.559999942779541,3.559999942779541,2000,0.0,0.0
2023-03-08 00:00:00-05:00,3.559999942779541,3.559999942779541,3.380000114440918,3.4000000953674316,10700,0.0,0.0
2023-03-09 00:00:00-05:00,3.4000000953674316,3.559999942779541,3.3499999046325684,3.3499999046325684,5200,0.0,0.0
2023-03-10 00:00:00-05:00,3.2699999809265137,3.309999942779541,3.140000104904175,3.140000104904175,6200,0.0,0.0
2023-03-13 00:00:00-04:00,3.0199999809265137,3.0999999046325684,2.9700000286102295,2.9800000190734863,6300,0.0,0.0
2023-03-14 00:00:00-04:00,3.1700000762939453,3.1700000762939453,3.0199999809265137,3.0199999809265137,15900,0.0,0.0
2023-03-15 00:00:00-04:00,2.9700000286102295,3.0299999713897705,2.8499999046325684,2.8499999046325684,4000,0.0,0.0
2023-03-16 00:00:00-04:00,2.8499999046325684,3.1500000953674316,2.8499999046325684,3.1500000953674316,5400,0.0,0.0
2023-03-17 00:00:00-04:00,3.0999999046325684,3.309999942779541,3.0999999046325684,3.180000066757202,4300,0.0,0.0
2023-03-20 00:00:00-04:00,3.0999999046325684,3.4000000953674316,3.0999999046325684,3.109999895095825,8200,0.0,0.0
2023-03-21 00:00:00-04:00,3.259999990463257,3.2699999809265137,3.1600000858306885,3.1600000858306885,3900,0.0,0.0
2023-03-22 00:00:00-04:00,2.990000009536743,3.0999999046325684,2.990000009536743,3.0999999046325684,700,0.0,0.0
2023-03-23 00:00:00-04:00,3.059999942779541,3.109999895095825,2.8499999046325684,2.890000104904175,9300,0.0,0.0
2023-03-24 00:00:00-04:00,2.950000047683716,2.9600000381469727,2.859999895095825,2.930000066757202,2400,0.0,0.0
2023-03-27 00:00:00-04:00,2.8399999141693115,2.940000057220459,2.8399999141693115,2.930000066757202,2200,0.0,0.0
2023-03-28 00:00:00-04:00,2.990000009536743,3.0,2.9100000858306885,2.9100000858306885,2300,0.0,0.0
2023-03-29 00:00:00-04:00,2.990000009536743,2.990000009536743,2.9200000762939453,2.9200000762939453,2200,0.0,0.0
2023-03-30 00:00:00-04:00,2.9600000381469727,2.9800000190734863,2.9200000762939453,2.9700000286102295,4900,0.0,0.0
2023-03-31 00:00:00-04:00,2.9200000762939453,2.940000057220459,2.809999942779541,2.940000057220459,5500,0.0,0.0
2023-04-03 00:00:00-04:00,2.8299999237060547,2.9800000190734863,2.809999942779541,2.9600000381469727,7500,0.0,0.0
2023-04-04 00:00:00-04:00,2.950000047683716,2.950000047683716,2.869999885559082,2.869999885559082,1100,0.0,0.0
2023-04-05 00:00:00-04:00,2.859999895095825,2.9000000953674316,2.8399999141693115,2.8399999141693115,2400,0.0,0.0
2023-04-06 00:00:00-04:00,2.9200000762939453,2.990000009536743,2.9200000762939453,2.950000047683716,4100,0.0,0.0
2023-04-10 00:00:00-04:00,2.940000057220459,2.940000057220459,2.759999990463257,2.859999895095825,16600,0.0,0.0
2023-04-11 00:00:00-04:00,2.819999933242798,2.859999895095825,2.7100000381469727,2.7100000381469727,7200,0.0,0.0
2023-04-12 00:00:00-04:00,2.7100000381469727,2.7899999618530273,2.509999990463257,2.569999933242798,16200,0.0,0.0
2023-04-13 00:00:00-04:00,2.630000114440918,2.7200000286102295,2.630000114440918,2.7200000286102295,8900,0.0,0.0
2023-04-14 00:00:00-04:00,2.640000104904175,2.7699999809265137,2.0,2.0999999046325684,55800,0.0,0.0
2023-04-17 00:00:00-04:00,1.909999966621399,2.5,1.909999966621399,2.359999895095825,52600,0.0,0.0
2023-04-18 00:00:00-04:00,2.2300000190734863,2.380000114440918,2.059999942779541,2.299999952316284,43200,0.0,0.0
2023-04-19 00:00:00-04:00,2.299999952316284,2.299999952316284,2.109999895095825,2.2300000190734863,9300,0.0,0.0
2023-04-20 00:00:00-04:00,2.240000009536743,2.2699999809265137,2.1600000858306885,2.25,19200,0.0,0.0
2023-04-21 00:00:00-04:00,2.109999895095825,2.200000047683716,2.109999895095825,2.1700000762939453,9900,0.0,0.0
2023-04-24 00:00:00-04:00,2.1700000762939453,2.440000057220459,2.1700000762939453,2.2300000190734863,44900,0.0,0.0
2023-04-25 00:00:00-04:00,2.259999990463257,2.309999942779541,2.1600000858306885,2.1600000858306885,7700,0.0,0.0
2023-04-26 00:00:00-04:00,2.2899999618530273,2.2899999618530273,2.119999885559082,2.119999885559082,13900,0.0,0.0
2023-04-27 00:00:00-04:00,2.200000047683716,2.2899999618530273,2.190000057220459,2.2899999618530273,6200,0.0,0.0
2023-04-28 00:00:00-04:00,2.299999952316284,2.3499999046325684,2.0999999046325684,2.109999895095825,14800,0.0,0.0
2023-05-01 00:00:00-04:00,2.200000047683716,2.200000047683716,2.0299999713897705,2.0299999713897705,4900,0.0,0.0
2023-05-02 00:00:00-04:00,2.0899999141693115,2.0999999046325684,1.9700000286102295,1.9800000190734863,13700,0.0,0.0
2023-05-03 00:00:00-04:00,1.9800000190734863,2.0,1.9299999475479126,1.9600000381469727,7900,0.0,0.0
2023-05-04 00:00:00-04:00,1.8700000047683716,1.940000057220459,1.7799999713897705,1.809999942779541,19200,0.0,0.0
2023-05-05 00:00:00-04:00,1.7699999809265137,1.9199999570846558,1.7699999809265137,1.9199999570846558,15800,0.0,0.0
2023-05-08 00:00:00-04:00,1.840000033378601,1.899999976158142,1.840000033378601,1.840000033378601,8500,0.0,0.0
2023-05-09 00:00:00-04:00,1.7799999713897705,1.899999976158142,1.7799999713897705,1.850000023841858,14800,0.0,0.0
2023-05-10 00:00:00-04:00,1.7999999523162842,1.850000023841858,1.7699999809265137,1.7699999809265137,16800,0.0,0.0
2023-05-11 00:00:00-04:00,1.899999976158142,1.899999976158142,1.7000000476837158,1.7300000190734863,17800,0.0,0.0
2023-05-12 00:00:00-04:00,1.6200000047683716,1.7000000476837158,1.5399999618530273,1.559999942779541,38700,0.0,0.0
2023-05-15 00:00:00-04:00,1.5800000429153442,1.5800000429153442,1.5199999809265137,1.5499999523162842,8000,0.0,0.0
2023-05-16 00:00:00-04:00,1.5199999809265137,1.5399999618530273,1.4600000381469727,1.4600000381469727,9600,0.0,0.0
2023-05-17 00:00:00-04:00,1.4299999475479126,1.4800000190734863,1.4299999475479126,1.440000057220459,13400,0.0,0.0
2023-05-18 00:00:00-04:00,1.440000057220459,1.440000057220459,1.350000023841858,1.350000023841858,15000,0.0,0.0
2023-05-19 00:00:00-04:00,1.3799999952316284,1.3799999952316284,1.309999942779541,1.3200000524520874,13900,0.0,0.0
2023-05-22 00:00:00-04:00,1.2999999523162842,1.309999942779541,1.2799999713897705,1.2999999523162842,22400,0.0,0.0
2023-05-23 00:00:00-04:00,1.2799999713897705,1.2999999523162842,1.25,1.25,21500,0.0,0.0
2023-05-24 00:00:00-04:00,1.309999942779541,1.309999942779541,1.190000057220459,1.2000000476837158,14100,0.0,0.0
2023-05-25 00:00:00-04:00,1.2100000381469727,1.2999999523162842,1.0,1.0800000429153442,38100,0.0,0.0
2023-05-26 00:00:00-04:00,1.100000023841858,1.100000023841858,1.0399999618530273,1.0499999523162842,16900,0.0,0.0
2023-05-30 00:00:00-04:00,1.0099999904632568,1.090000033378601,1.0099999904632568,1.090000033378601,28700,0.0,0.0
2023-05-31 00:00:00-04:00,1.0700000524520874,1.2699999809265137,1.0499999523162842,1.2200000286102295,43600,0.0,0.0
2023-06-01 00:00:00-04:00,1.25,1.2699999809265137,1.2300000190734863,1.25,9800,0.0,0.0
2023-06-02 00:00:00-04:00,1.25,1.2599999904632568,1.2200000286102295,1.2599999904632568,12100,0.0,0.0
2023-06-05 00:00:00-04:00,1.2300000190734863,1.2699999809265137,1.190000057220459,1.2400000095367432,15400,0.0,0.0
2023-06-06 00:00:00-04:00,1.2100000381469727,1.2100000381469727,1.1100000143051147,1.1299999952316284,16400,0.0,0.0
2023-06-07 00:00:00-04:00,1.1699999570846558,1.1799999475479126,1.149999976158142,1.1699999570846558,14500,0.0,0.0
2023-06-08 00:00:00-04:00,1.2000000476837158,1.2300000190734863,1.1699999570846558,1.190000057220459,16000,0.0,0.0
2023-06-09 00:00:00-04:00,1.2000000476837158,1.2200000286102295,1.1799999475479126,1.190000057220459,4300,0.0,0.0
2023-06-12 00:00:00-04:00,1.159999966621399,1.2300000190734863,1.159999966621399,1.2100000381469727,11700,0.0,0.0
2023-06-13 00:00:00-04:00,1.2699999809265137,1.2899999618530273,1.190000057220459,1.190000057220459,13800,0.0,0.0
2023-06-14 00:00:00-04:00,1.2000000476837158,1.2000000476837158,1.1200000047683716,1.1699999570846558,12000,0.0,0.0
2023-06-15 00:00:00-04:00,1.1699999570846558,1.2000000476837158,1.149999976158142,1.190000057220459,15300,0.0,0.0
2023-06-16 00:00:00-04:00,1.2000000476837158,1.2000000476837158,1.1699999570846558,1.190000057220459,3800,0.0,0.0
2023-06-20 00:00:00-04:00,1.1699999570846558,1.2300000190734863,1.1699999570846558,1.2200000286102295,18300,0.0,0.0
2023-06-21 00:00:00-04:00,1.2000000476837158,1.2300000190734863,1.190000057220459,1.2300000190734863,23100,0.0,0.0
2023-06-22 00:00:00-04:00,1.2400000095367432,1.2400000095367432,1.1799999475479126,1.1799999475479126,16100,0.0,0.0
2023-06-23 00:00:00-04:00,1.190000057220459,1.2100000381469727,1.1799999475479126,1.1799999475479126,11900,0.0,0.0
2023-06-26 00:00:00-04:00,1.2300000190734863,1.2300000190734863,1.1699999570846558,1.1699999570846558,10000,0.0,0.0
2023-06-27 00:00:00-04:00,1.2100000381469727,1.2100000381469727,1.1699999570846558,1.1799999475479126,9700,0.0,0.0
2023-06-28 00:00:00-04:00,1.1799999475479126,1.190000057220459,1.1699999570846558,1.1699999570846558,8900,0.0,0.0
2023-06-29 00:00:00-04:00,1.190000057220459,1.2599999904632568,1.190000057220459,1.25,23000,0.0,0.0
2023-06-30 00:00:00-04:00,1.2200000286102295,1.25,1.1799999475479126,1.190000057220459,14500,0.0,0.0
2023-07-03 00:00:00-04:00,1.159999966621399,1.190000057220459,1.159999966621399,1.1799999475479126,3500,0.0,0.0
2023-07-05 00:00:00-04:00,1.1799999475479126,1.2000000476837158,1.159999966621399,1.1799999475479126,4100,0.0,0.0
2023-07-06 00:00:00-04:00,1.2100000381469727,1.2300000190734863,1.2000000476837158,1.2000000476837158,12200,0.0,0.0
2023-07-07 00:00:00-04:00,1.2100000381469727,1.2300000190734863,1.2000000476837158,1.2000000476837158,4400,0.0,0.0
2023-07-10 00:00:00-04:00,1.2400000095367432,1.2400000095367432,1.2000000476837158,1.2100000381469727,3600,0.0,0.0
2023-07-11 00:00:00-04:00,1.2100000381469727,1.2100000381469727,1.2000000476837158,1.2000000476837158,5700,0.0,0.0
2023-07-12 00:00:00-04:00,1.2000000476837158,1.2000000476837158,1.159999966621399,1.190000057220459,26400,0.0,0.0
2023-07-13 00:00:00-04:00,1.1799999475479126,1.3300000429153442,1.1799999475479126,1.309999942779541,34200,0.0,0.0
2023-07-14 00:00:00-04:00,1.3300000429153442,1.340000033378601,1.1799999475479126,1.2100000381469727,14300,0.0,0.0
2023-07-17 00:00:00-04:00,1.2200000286102295,1.2999999523162842,1.2200000286102295,1.25,25200,0.0,0.0
2023-07-18 00:00:00-04:00,1.2699999809265137,1.3700000047683716,1.2699999809265137,1.3600000143051147,13400,0.0,0.0
2023-07-19 00:00:00-04:00,1.350000023841858,1.3799999952316284,1.309999942779541,1.309999942779541,12400,0.0,0.0
2023-07-20 00:00:00-04:00,1.2999999523162842,1.399999976158142,1.2999999523162842,1.3200000524520874,22400,0.0,0.0
2023-07-21 00:00:00-04:00,1.350000023841858,1.7000000476837158,1.3200000524520874,1.5499999523162842,175700,0.0,0.0
2023-07-24 00:00:00-04:00,1.6200000047683716,2.0299999713897705,1.6100000143051147,1.75,209400,0.0,0.0
2023-07-25 00:00:00-04:00,1.75,1.850000023841858,1.75,1.8300000429153442,31200,0.0,0.0
2023-07-26 00:00:00-04:00,1.8200000524520874,1.899999976158142,1.7699999809265137,1.8600000143051147,34800,0.0,0.0
2023-07-27 00:00:00-04:00,1.8600000143051147,2.200000047683716,1.8600000143051147,2.0,136000,0.0,0.0
2023-07-28 00:00:00-04:00,1.9500000476837158,2.119999885559082,1.9199999570846558,1.9600000381469727,49300,0.0,0.0
2023-07-31 00:00:00-04:00,2.0,2.0,1.7799999713897705,1.7799999713897705,99800,0.0,0.0
2023-08-01 00:00:00-04:00,1.7699999809265137,1.7699999809265137,1.440000057220459,1.5399999618530273,91000,0.0,0.0
2023-08-02 00:00:00-04:00,1.4700000286102295,1.649999976158142,1.4700000286102295,1.6100000143051147,26400,0.0,0.0
2023-08-03 00:00:00-04:00,1.6299999952316284,1.7400000095367432,1.590000033378601,1.6699999570846558,9200,0.0,0.0
2023-08-04 00:00:00-04:00,1.7100000381469727,1.7300000190734863,1.649999976158142,1.7000000476837158,9500,0.0,0.0
2023-08-07 00:00:00-04:00,1.7200000286102295,1.7200000286102295,1.5399999618530273,1.5399999618530273,14600,0.0,0.0
2023-08-08 00:00:00-04:00,1.5800000429153442,1.600000023841858,1.5700000524520874,1.600000023841858,3400,0.0,0.0
2023-08-09 00:00:00-04:00,1.600000023841858,1.6100000143051147,1.4700000286102295,1.4700000286102295,26500,0.0,0.0
2023-08-10 00:00:00-04:00,1.5399999618530273,1.6200000047683716,1.5399999618530273,1.5499999523162842,7100,0.0,0.0
2023-08-11 00:00:00-04:00,1.5800000429153442,1.6699999570846558,1.5499999523162842,1.600000023841858,11600,0.0,0.0
2023-08-14 00:00:00-04:00,1.6200000047683716,1.7000000476837158,1.559999942779541,1.590000033378601,15700,0.0,0.0
2023-08-15 00:00:00-04:00,1.5299999713897705,1.5399999618530273,1.4800000190734863,1.5199999809265137,13700,0.0,0.0
2023-08-16 00:00:00-04:00,1.4600000381469727,1.5700000524520874,1.4500000476837158,1.4800000190734863,11600,0.0,0.0
2023-08-17 00:00:00-04:00,1.559999942779541,1.559999942779541,1.4600000381469727,1.4800000190734863,18700,0.0,0.0
2023-08-18 00:00:00-04:00,1.4700000286102295,1.5700000524520874,1.4500000476837158,1.5499999523162842,20100,0.0,0.0
2023-08-21 00:00:00-04:00,1.5399999618530273,1.559999942779541,1.4900000095367432,1.4900000095367432,20100,0.0,0.0
2023-08-22 00:00:00-04:00,1.4900000095367432,1.4900000095367432,1.4600000381469727,1.4600000381469727,9800,0.0,0.0
2023-08-23 00:00:00-04:00,1.4700000286102295,1.5399999618530273,1.4700000286102295,1.5,6500,0.0,0.0
2023-08-24 00:00:00-04:00,1.4700000286102295,1.5700000524520874,1.4199999570846558,1.4299999475479126,22200,0.0,0.0
2023-08-25 00:00:00-04:00,1.409999966621399,1.4700000286102295,1.25,1.350000023841858,52400,0.0,0.0
2023-08-28 00:00:00-04:00,1.340000033378601,1.4199999570846558,1.340000033378601,1.409999966621399,15800,0.0,0.0
2023-08-29 00:00:00-04:00,1.4500000476837158,1.4800000190734863,1.4299999475479126,1.4500000476837158,4100,0.0,0.0
2023-08-30 00:00:00-04:00,1.4600000381469727,1.4900000095367432,1.4600000381469727,1.4900000095367432,1300,0.0,0.0
2023-08-31 00:00:00-04:00,1.4900000095367432,1.5499999523162842,1.4700000286102295,1.5199999809265137,12800,0.0,0.0
2023-09-01 00:00:00-04:00,1.5,1.5399999618530273,1.5,1.5,3900,0.0,0.0
2023-09-05 00:00:00-04:00,1.5299999713897705,1.5499999523162842,1.5099999904632568,1.5499999523162842,1300,0.0,0.0
2023-09-06 00:00:00-04:00,1.5499999523162842,1.559999942779541,1.4600000381469727,1.4600000381469727,7700,0.0,0.0
2023-09-07 00:00:00-04:00,1.590000033378601,1.590000033378601,1.440000057220459,1.440000057220459,6300,0.0,0.0
2023-09-08 00:00:00-04:00,1.3700000047683716,1.4700000286102295,1.3700000047683716,1.440000057220459,3100,0.0,0.0
2023-09-11 00:00:00-04:00,1.4500000476837158,1.4500000476837158,1.340000033378601,1.399999976158142,7100,0.0,0.0
2023-09-12 00:00:00-04:00,1.409999966621399,1.5299999713897705,1.3799999952316284,1.399999976158142,5900,0.0,0.0
2023-09-13 00:00:00-04:00,1.399999976158142,1.409999966621399,1.350000023841858,1.350000023841858,15800,0.0,0.0
2023-09-14 00:00:00-04:00,1.350000023841858,1.4900000095367432,1.350000023841858,1.4600000381469727,5400,0.0,0.0
2023-09-15 00:00:00-04:00,1.4600000381469727,1.4600000381469727,1.399999976158142,1.4299999475479126,2800,0.0,0.0
2023-09-18 00:00:00-04:00,1.4299999475479126,1.4299999475479126,1.350000023841858,1.3600000143051147,8200,0.0,0.0
2023-09-19 00:00:00-04:00,1.399999976158142,1.399999976158142,1.25,1.25,22600,0.0,0.0
2023-09-20 00:00:00-04:00,1.25,1.25,1.1299999952316284,1.159999966621399,14300,0.0,0.0
2023-09-21 00:00:00-04:00,1.1100000143051147,1.159999966621399,1.0499999523162842,1.090000033378601,34400,0.0,0.0
2023-09-22 00:00:00-04:00,1.0800000429153442,1.090000033378601,1.0499999523162842,1.0499999523162842,5300,0.0,0.0
2023-09-25 00:00:00-04:00,1.090000033378601,1.090000033378601,1.0099999904632568,1.0199999809265137,40800,0.0,0.0
2023-09-26 00:00:00-04:00,1.0099999904632568,1.190000057220459,1.0099999904632568,1.1299999952316284,35700,0.0,0.0
2023-09-27 00:00:00-04:00,1.159999966621399,1.159999966621399,1.0700000524520874,1.0800000429153442,2200,0.0,0.0
2023-09-28 00:00:00-04:00,1.1100000143051147,1.159999966621399,1.0800000429153442,1.0800000429153442,7200,0.0,0.0
2023-09-29 00:00:00-04:00,1.0800000429153442,1.159999966621399,1.0499999523162842,1.059999942779541,3600,0.0,0.0
2023-10-02 00:00:00-04:00,1.0399999618530273,1.190000057220459,1.0399999618530273,1.190000057220459,12200,0.0,0.0
2023-10-03 00:00:00-04:00,1.190000057220459,1.190000057220459,1.059999942779541,1.090000033378601,13400,0.0,0.0
2023-10-04 00:00:00-04:00,1.149999976158142,1.149999976158142,1.059999942779541,1.1100000143051147,16600,0.0,0.0
2023-10-05 00:00:00-04:00,1.1200000047683716,1.1299999952316284,1.059999942779541,1.059999942779541,12700,0.0,0.0
2023-10-06 00:00:00-04:00,1.0700000524520874,1.1699999570846558,1.059999942779541,1.100000023841858,5000,0.0,0.0
2023-10-09 00:00:00-04:00,1.059999942779541,1.090000033378601,1.0499999523162842,1.0800000429153442,9300,0.0,0.0
2023-10-10 00:00:00-04:00,1.0499999523162842,1.0800000429153442,1.0499999523162842,1.0700000524520874,3000,0.0,0.0
2023-10-11 00:00:00-04:00,1.0399999618530273,1.1200000047683716,1.0399999618530273,1.059999942779541,8600,0.0,0.0
2023-10-12 00:00:00-04:00,1.0499999523162842,1.1100000143051147,1.0199999809265137,1.0299999713897705,11800,0.0,0.0
2023-10-13 00:00:00-04:00,1.059999942779541,1.4199999570846558,1.0499999523162842,1.159999966621399,193700,0.0,0.0
2023-10-16 00:00:00-04:00,1.1399999856948853,1.190000057220459,1.1100000143051147,1.1100000143051147,11600,0.0,0.0
2023-10-17 00:00:00-04:00,1.059999942779541,1.1299999952316284,1.0,1.0499999523162842,37300,0.0,0.0
2023-10-18 00:00:00-04:00,1.059999942779541,1.1799999475479126,1.0499999523162842,1.1799999475479126,23200,0.0,0.0
2023-10-19 00:00:00-04:00,1.159999966621399,1.1799999475479126,1.1299999952316284,1.149999976158142,3300,0.0,0.0
2023-10-20 00:00:00-04:00,1.100000023841858,1.149999976158142,1.0399999618530273,1.059999942779541,29100,0.0,0.0
2023-10-23 00:00:00-04:00,1.1200000047683716,1.149999976158142,0.9900000095367432,1.0299999713897705,26900,0.0,0.0
2023-10-24 00:00:00-04:00,1.0199999809265137,1.0499999523162842,0.9599999785423279,0.9800000190734863,28100,0.0,0.0
2023-10-25 00:00:00-04:00,1.0199999809265137,1.0299999713897705,0.9599999785423279,0.9800000190734863,20300,0.0,0.0
2023-10-26 00:00:00-04:00,0.9399999976158142,1.0099999904632568,0.9399999976158142,0.9700000286102295,29900,0.0,0.0
2023-10-27 00:00:00-04:00,0.949999988079071,0.9900000095367432,0.9399999976158142,0.9399999976158142,21400,0.0,0.0
2023-10-30 00:00:00-04:00,0.9599999785423279,0.9599999785423279,0.8999999761581421,0.9300000071525574,2900,0.0,0.0
2023-10-31 00:00:00-04:00,0.9399999976158142,1.0,0.9399999976158142,0.9399999976158142,1500,0.0,0.0
2023-11-01 00:00:00-04:00,0.949999988079071,0.949999988079071,0.9100000262260437,0.9399999976158142,7700,0.0,0.0
2023-11-02 00:00:00-04:00,0.9100000262260437,1.0099999904632568,0.9100000262260437,0.949999988079071,21200,0.0,0.0
2023-11-03 00:00:00-04:00,0.949999988079071,0.9700000286102295,0.949999988079071,0.9599999785423279,5200,0.0,0.0
2023-11-06 00:00:00-05:00,0.9599999785423279,0.9700000286102295,0.9100000262260437,0.9399999976158142,24500,0.0,0.0
2023-11-07 00:00:00-05:00,0.9399999976158142,0.949999988079071,0.9200000166893005,0.949999988079071,7800,0.0,0.0
2023-11-08 00:00:00-05:00,0.9300000071525574,0.9399999976158142,0.9200000166893005,0.9399999976158142,19100,0.0,0.0
2023-11-09 00:00:00-05:00,0.9399999976158142,0.9700000286102295,0.9300000071525574,0.9399999976158142,5700,0.0,0.0
2023-11-10 00:00:00-05:00,0.9599999785423279,1.159999966621399,0.9599999785423279,1.0099999904632568,214000,0.0,0.0
2023-11-13 00:00:00-05:00,0.9800000190734863,1.0199999809265137,0.9599999785423279,0.9900000095367432,11400,0.0,0.0
2023-11-14 00:00:00-05:00,0.9900000095367432,0.9900000095367432,0.9300000071525574,0.9800000190734863,10400,0.0,0.0
2023-11-15 00:00:00-05:00,0.9599999785423279,0.9900000095367432,0.8600000143051147,0.8600000143051147,51900,0.0,0.0
2023-11-16 00:00:00-05:00,1.0299999713897705,1.0499999523162842,0.8899999856948853,0.9200000166893005,139300,0.0,0.0
2023-11-17 00:00:00-05:00,0.9200000166893005,0.9200000166893005,0.800000011920929,0.8100000023841858,75100,0.0,0.0
2023-11-20 00:00:00-05:00,0.8100000023841858,0.8999999761581421,0.8100000023841858,0.8500000238418579,28800,0.0,0.0
2023-11-21 00:00:00-05:00,0.8100000023841858,0.8700000047683716,0.8100000023841858,0.8500000238418579,38300,0.0,0.0
2023-11-22 00:00:00-05:00,0.8500000238418579,0.8500000238418579,0.8399999737739563,0.8399999737739563,22900,0.0,0.0
2023-11-24 00:00:00-05:00,0.8500000238418579,0.8999999761581421,0.8299999833106995,0.8899999856948853,81000,0.0,0.0
2023-11-27 00:00:00-05:00,0.9100000262260437,0.9200000166893005,0.8500000238418579,0.8700000047683716,23300,0.0,0.0
2023-11-28 00:00:00-05:00,0.8700000047683716,0.8999999761581421,0.8700000047683716,0.8799999952316284,3000,0.0,0.0
2023-11-29 00:00:00-05:00,0.8799999952316284,0.8799999952316284,0.8399999737739563,0.8600000143051147,32700,0.0,0.0
2023-11-30 00:00:00-05:00,0.8799999952316284,0.8799999952316284,0.8299999833106995,0.8500000238418579,3000,0.0,0.0
2023-12-01 00:00:00-05:00,0.8799999952316284,0.9200000166893005,0.8600000143051147,0.8899999856948853,24800,0.0,0.0
2023-12-04 00:00:00-05:00,0.8500000238418579,0.9100000262260437,0.8500000238418579,0.8899999856948853,7700,0.0,0.0
2023-12-05 00:00:00-05:00,0.8799999952316284,0.9300000071525574,0.8500000238418579,0.8500000238418579,8100,0.0,0.0
2023-12-06 00:00:00-05:00,0.8299999833106995,0.8700000047683716,0.8299999833106995,0.8399999737739563,22300,0.0,0.0
2023-12-07 00:00:00-05:00,0.8399999737739563,0.8999999761581421,0.8399999737739563,0.8700000047683716,18200,0.0,0.0
2023-12-08 00:00:00-05:00,0.8700000047683716,0.8899999856948853,0.8700000047683716,0.8700000047683716,13400,0.0,0.0
2023-12-11 00:00:00-05:00,0.8600000143051147,0.9700000286102295,0.8299999833106995,0.8700000047683716,17100,0.0,0.0
2023-12-12 00:00:00-05:00,0.8700000047683716,0.8999999761581421,0.800000011920929,0.8500000238418579,38100,0.0,0.0
2023-12-13 00:00:00-05:00,0.8899999856948853,0.8899999856948853,0.800000011920929,0.8899999856948853,13900,0.0,0.0
2023-12-14 00:00:00-05:00,0.8700000047683716,0.8899999856948853,0.8399999737739563,0.8899999856948853,5700,0.0,0.0
2023-12-15 00:00:00-05:00,0.8999999761581421,0.8999999761581421,0.8399999737739563,0.8600000143051147,20500,0.0,0.0
2023-12-18 00:00:00-05:00,0.8999999761581421,0.9700000286102295,0.8700000047683716,0.8700000047683716,17900,0.0,0.0
2023-12-19 00:00:00-05:00,0.8899999856948853,0.9700000286102295,0.8899999856948853,0.9200000166893005,2600,0.0,0.0
2023-12-20 00:00:00-05:00,0.8700000047683716,0.9599999785423279,0.8700000047683716,0.9399999976158142,25600,0.0,0.0
2023-12-21 00:00:00-05:00,0.9200000166893005,0.9900000095367432,0.8799999952316284,0.9800000190734863,12100,0.0,0.0
2023-12-22 00:00:00-05:00,1.0,1.0299999713897705,0.949999988079071,0.949999988079071,23200,0.0,0.0
2023-12-26 00:00:00-05:00,0.9300000071525574,1.0,0.8999999761581421,0.9399999976158142,22600,0.0,0.0
2023-12-27 00:00:00-05:00,0.9100000262260437,1.0199999809265137,0.9100000262260437,1.0,36600,0.0,0.0
2023-12-28 00:00:00-05:00,0.9900000095367432,1.1200000047683716,0.9900000095367432,1.100000023841858,23900,0.0,0.0
2023-12-29 00:00:00-05:00,1.1399999856948853,1.2400000095367432,1.0299999713897705,1.159999966621399,56500,0.0,0.0
2024-01-02 00:00:00-05:00,1.1399999856948853,1.2400000095367432,1.1100000143051147,1.2000000476837158,28800,0.0,0.0
2024-01-03 00:00:00-05:00,1.2000000476837158,1.2000000476837158,1.149999976158142,1.1799999475479126,3600,0.0,0.0
2024-01-04 00:00:00-05:00,1.1100000143051147,1.2799999713897705,1.1100000143051147,1.2400000095367432,27300,0.0,0.0
2024-01-05 00:00:00-05:00,1.25,1.2899999618530273,1.2100000381469727,1.2200000286102295,18700,0.0,0.0
2024-01-08 00:00:00-05:00,1.2000000476837158,1.2599999904632568,1.1100000143051147,1.1699999570846558,31600,0.0,0.0
2024-01-09 00:00:00-05:00,1.2200000286102295,1.2200000286102295,1.1699999570846558,1.190000057220459,19500,0.0,0.0
2024-01-10 00:00:00-05:00,1.2000000476837158,1.2100000381469727,1.149999976158142,1.1699999570846558,14400,0.0,0.0
2024-01-11 00:00:00-05:00,1.1699999570846558,1.2300000190734863,1.1699999570846558,1.2200000286102295,32200,0.0,0.0
2024-01-12 00:00:00-05:00,1.2200000286102295,1.4199999570846558,1.159999966621399,1.4199999570846558,80500,0.0,0.0
2024-01-16 00:00:00-05:00,1.440000057220459,1.8799999952316284,1.440000057220459,1.7999999523162842,227500,0.0,0.0
2024-01-17 00:00:00-05:00,1.7899999618530273,1.8799999952316284,1.600000023841858,1.690000057220459,59800,0.0,0.0
2024-01-18 00:00:00-05:00,1.7599999904632568,2.0,1.690000057220459,1.9299999475479126,90600,0.0,0.0
2024-01-19 00:00:00-05:00,1.9900000095367432,2.0399999618530273,1.690000057220459,1.909999966621399,66200,0.0,0.0
2024-01-22 00:00:00-05:00,1.850000023841858,1.909999966621399,1.7200000286102295,1.7200000286102295,33400,0.0,0.0
2024-01-23 00:00:00-05:00,1.7799999713897705,1.7799999713897705,1.590000033378601,1.6299999952316284,24500,0.0,0.0
2024-01-24 00:00:00-05:00,1.6200000047683716,1.6299999952316284,1.4500000476837158,1.5199999809265137,23900,0.0,0.0
2024-01-25 00:00:00-05:00,1.5800000429153442,1.600000023841858,1.4500000476837158,1.5499999523162842,11800,0.0,0.0
2024-01-26 00:00:00-05:00,1.5,1.5800000429153442,1.3600000143051147,1.4900000095367432,33300,0.0,0.0
2024-01-29 00:00:00-05:00,1.4900000095367432,1.649999976158142,1.4900000095367432,1.6200000047683716,38100,0.0,0.0
2024-01-30 00:00:00-05:00,1.6200000047683716,1.6200000047683716,1.559999942779541,1.559999942779541,6800,0.0,0.0
2024-01-31 00:00:00-05:00,1.5099999904632568,1.6200000047683716,1.5,1.600000023841858,3900,0.0,0.0
2024-02-01 00:00:00-05:00,1.6100000143051147,1.7799999713897705,1.5499999523162842,1.7799999713897705,32100,0.0,0.0
2024-02-02 00:00:00-05:00,1.7400000095367432,1.8899999856948853,1.7300000190734863,1.8899999856948853,9000,0.0,0.0
2024-02-05 00:00:00-05:00,1.8600000143051147,1.9199999570846558,1.7200000286102295,1.9199999570846558,14500,0.0,0.0
2024-02-06 00:00:00-05:00,1.8899999856948853,1.8899999856948853,1.7100000381469727,1.7999999523162842,8200,0.0,0.0
2024-02-07 00:00:00-05:00,1.7000000476837158,1.850000023841858,1.5,1.840000033378601,21900,0.0,0.0
2024-02-08 00:00:00-05:00,1.840000033378601,1.840000033378601,1.7100000381469727,1.7799999713897705,5700,0.0,0.0
2024-02-09 00:00:00-05:00,1.7100000381469727,1.850000023841858,1.6200000047683716,1.7300000190734863,8100,0.0,0.0
2024-02-12 00:00:00-05:00,1.7100000381469727,1.840000033378601,1.7100000381469727,1.7300000190734863,16100,0.0,0.0
2024-02-13 00:00:00-05:00,1.7200000286102295,1.7200000286102295,1.6699999570846558,1.690000057220459,5600,0.0,0.0
2024-02-14 00:00:00-05:00,1.6200000047683716,1.8300000429153442,1.6200000047683716,1.8300000429153442,14500,0.0,0.0
2024-02-15 00:00:00-05:00,1.840000033378601,1.840000033378601,1.7300000190734863,1.7599999904632568,12000,0.0,0.0
2024-02-16 00:00:00-05:00,1.7599999904632568,1.840000033378601,1.75,1.8200000524520874,14500,0.0,0.0
2024-02-20 00:00:00-05:00,1.7400000095367432,1.7999999523162842,1.7200000286102295,1.7699999809265137,3600,0.0,0.0
2024-02-21 00:00:00-05:00,1.7699999809265137,1.899999976158142,1.659999966621399,1.8300000429153442,29600,0.0,0.0
2024-02-22 00:00:00-05:00,1.7899999618530273,1.8200000524520874,1.7200000286102295,1.809999942779541,17800,0.0,0.0
2024-02-23 00:00:00-05:00,1.7799999713897705,1.8600000143051147,1.7599999904632568,1.7899999618530273,10600,0.0,0.0
2024-02-26 00:00:00-05:00,1.7999999523162842,1.8799999952316284,1.7999999523162842,1.8200000524520874,11500,0.0,0.0
2024-02-27 00:00:00-05:00,1.8700000047683716,1.8700000047683716,1.7400000095367432,1.8200000524520874,5000,0.0,0.0
2024-02-28 00:00:00-05:00,1.7999999523162842,2.0,1.7699999809265137,1.9199999570846558,46600,0.0,0.0
2024-02-29 00:00:00-05:00,1.9700000286102295,2.049999952316284,1.8300000429153442,1.840000033378601,50600,0.0,0.0
2024-03-01 00:00:00-05:00,1.840000033378601,1.8899999856948853,1.7100000381469727,1.7100000381469727,39400,0.0,0.0
2024-03-04 00:00:00-05:00,1.809999942779541,1.809999942779541,1.4600000381469727,1.7200000286102295,71400,0.0,0.0
2024-03-05 00:00:00-05:00,1.7400000095367432,1.7400000095367432,1.6699999570846558,1.6699999570846558,6900,0.0,0.0
2024-03-06 00:00:00-05:00,1.6699999570846558,1.850000023841858,1.6699999570846558,1.7899999618530273,27500,0.0,0.0
2024-03-07 00:00:00-05:00,1.6799999475479126,1.7999999523162842,1.600000023841858,1.7400000095367432,17400,0.0,0.0
2024-03-08 00:00:00-05:00,1.75,1.809999942779541,1.75,1.75,9500,0.0,0.0
2024-03-11 00:00:00-04:00,1.7000000476837158,1.7999999523162842,1.690000057220459,1.7599999904632568,4300,0.0,0.0
2024-03-12 00:00:00-04:00,1.7599999904632568,1.7699999809265137,1.6399999856948853,1.7599999904632568,147600,0.0,0.0
2024-03-13 00:00:00-04:00,1.850000023841858,2.25,1.8200000524520874,2.069999933242798,260300,0.0,0.0
2024-03-14 00:00:00-04:00,2.059999942779541,2.180000066757202,1.899999976158142,1.909999966621399,54500,0.0,0.0
2024-03-15 00:00:00-04:00,1.8600000143051147,1.9700000286102295,1.850000023841858,1.8700000047683716,23200,0.0,0.0
2024-03-18 00:00:00-04:00,1.8200000524520874,1.9199999570846558,1.8200000524520874,1.8700000047683716,7900,0.0,0.0
2024-03-19 00:00:00-04:00,1.9700000286102295,2.069999933242798,1.8300000429153442,1.9700000286102295,25400,0.0,0.0
2024-03-20 00:00:00-04:00,1.8600000143051147,1.9500000476837158,1.809999942779541,1.9500000476837158,21700,0.0,0.0
2024-03-21 00:00:00-04:00,1.9299999475479126,2.2300000190734863,1.9299999475479126,2.1600000858306885,72500,0.0,0.0
2024-03-22 00:00:00-04:00,2.2300000190734863,2.240000009536743,1.9500000476837158,2.049999952316284,32800,0.0,0.0
2024-03-25 00:00:00-04:00,2.0899999141693115,2.140000104904175,2.069999933242798,2.130000114440918,9400,0.0,0.0
2024-03-26 00:00:00-04:00,2.0,2.25,1.7200000286102295,2.009999990463257,79100,0.0,0.0
2024-03-27 00:00:00-04:00,1.9900000095367432,2.0899999141693115,1.840000033378601,2.0199999809265137,28700,0.0,0.0
2024-03-28 00:00:00-04:00,2.0799999237060547,2.1600000858306885,1.9500000476837158,2.069999933242798,18500,0.0,0.0
2024-04-01 00:00:00-04:00,2.0799999237060547,2.240000009536743,2.0799999237060547,2.2300000190734863,17900,0.0,0.0
2024-04-02 00:00:00-04:00,2.2799999713897705,2.2899999618530273,2.0999999046325684,2.2100000381469727,14400,0.0,0.0
2024-04-03 00:00:00-04:00,2.240000009536743,2.950000047683716,2.2100000381469727,2.809999942779541,172800,0.0,0.0
2024-04-04 00:00:00-04:00,2.809999942779541,2.9200000762939453,2.509999990463257,2.509999990463257,71800,0.0,0.0
2024-04-05 00:00:00-04:00,2.5199999809265137,2.7799999713897705,2.5199999809265137,2.619999885559082,62700,0.0,0.0
2024-04-08 00:00:00-04:00,2.7300000190734863,2.880000114440918,2.6500000953674316,2.880000114440918,24200,0.0,0.0
2024-04-09 00:00:00-04:00,2.809999942779541,2.809999942779541,2.6700000762939453,2.690000057220459,9600,0.0,0.0
2024-04-10 00:00:00-04:00,2.5899999141693115,2.680000066757202,2.569999933242798,2.569999933242798,4200,0.0,0.0
2024-04-11 00:00:00-04:00,2.6500000953674316,2.7799999713897705,2.6500000953674316,2.690000057220459,8700,0.0,0.0
2024-04-12 00:00:00-04:00,2.7899999618530273,2.7899999618530273,2.549999952316284,2.619999885559082,14300,0.0,0.0
2024-04-15 00:00:00-04:00,2.6600000858306885,2.809999942779541,2.3499999046325684,2.5,73100,0.0,0.0
2024-04-16 00:00:00-04:00,2.4600000381469727,2.5199999809265137,2.319999933242798,2.440000057220459,14000,0.0,0.0
2024-04-17 00:00:00-04:00,2.359999895095825,2.369999885559082,2.069999933242798,2.25,37600,0.0,0.0
2024-04-18 00:00:00-04:00,2.1500000953674316,2.1500000953674316,1.9199999570846558,1.9199999570846558,38500,0.0,0.0
2024-04-19 00:00:00-04:00,1.8600000143051147,2.049999952316284,1.809999942779541,1.9800000190734863,27600,0.0,0.0
2024-04-22 00:00:00-04:00,1.9800000190734863,2.119999885559082,1.9800000190734863,2.0899999141693115,5300,0.0,0.0
2024-04-23 00:00:00-04:00,2.0899999141693115,2.200000047683716,2.0899999141693115,2.140000104904175,2500,0.0,0.0
2024-04-24 00:00:00-04:00,2.2300000190734863,2.25,2.0299999713897705,2.059999942779541,2500,0.0,0.0
2024-04-25 00:00:00-04:00,2.1700000762939453,2.2699999809265137,2.0999999046325684,2.109999895095825,7400,0.0,0.0
2024-04-26 00:00:00-04:00,2.25,2.299999952316284,2.130000114440918,2.180000066757202,9600,0.0,0.0
2024-04-29 00:00:00-04:00,2.119999885559082,2.259999990463257,2.119999885559082,2.1700000762939453,4100,0.0,0.0
2024-04-30 00:00:00-04:00,2.180000066757202,2.2100000381469727,2.1600000858306885,2.1600000858306885,6200,0.0,0.0
2024-05-01 00:00:00-04:00,2.1500000953674316,2.2200000286102295,2.1500000953674316,2.1700000762939453,6100,0.0,0.0
2024-05-02 00:00:00-04:00,2.1700000762939453,2.259999990463257,2.0,2.0399999618530273,37200,0.0,0.0
2024-05-03 00:00:00-04:00,2.049999952316284,2.049999952316284,1.899999976158142,1.899999976158142,24400,0.0,0.0
2024-05-06 00:00:00-04:00,1.909999966621399,1.9500000476837158,1.7699999809265137,1.809999942779541,15200,0.0,0.0
2024-05-07 00:00:00-04:00,1.809999942779541,2.069999933242798,1.809999942779541,1.9600000381469727,25400,0.0,0.0
2024-05-08 00:00:00-04:00,1.9900000095367432,2.0799999237060547,1.9900000095367432,2.009999990463257,5000,0.0,0.0
2024-05-09 00:00:00-04:00,2.0199999809265137,2.390000104904175,2.0199999809265137,2.180000066757202,22400,0.0,0.0
2024-05-10 00:00:00-04:00,2.259999990463257,2.259999990463257,2.190000057220459,2.2100000381469727,4200,0.0,0.0
2024-05-13 00:00:00-04:00,2.2699999809265137,2.319999933242798,2.0999999046325684,2.180000066757202,6600,0.0,0.0
2024-05-14 00:00:00-04:00,2.200000047683716,2.200000047683716,2.0999999046325684,2.119999885559082,6000,0.0,0.0
2024-05-15 00:00:00-04:00,2.2799999713897705,2.359999895095825,2.140000104904175,2.140000104904175,5700,0.0,0.0
2024-05-16 00:00:00-04:00,2.200000047683716,2.2100000381469727,1.9600000381469727,2.009999990463257,11200,0.0,0.0
2024-05-17 00:00:00-04:00,2.0399999618530273,2.049999952316284,2.0199999809265137,2.0299999713897705,5400,0.0,0.0
2024-05-20 00:00:00-04:00,2.1600000858306885,2.1600000858306885,2.0199999809265137,2.059999942779541,5700,0.0,0.0
2024-05-21 00:00:00-04:00,2.130000114440918,2.180000066757202,2.0799999237060547,2.180000066757202,18000,0.0,0.0
2024-05-22 00:00:00-04:00,2.069999933242798,2.180000066757202,1.9800000190734863,2.0,19300,0.0,0.0
2024-05-23 00:00:00-04:00,2.0,2.0299999713897705,1.9600000381469727,1.9600000381469727,11400,0.0,0.0
2024-05-24 00:00:00-04:00,1.9500000476837158,1.9800000190734863,1.8899999856948853,1.8899999856948853,4200,0.0,0.0
2024-05-28 00:00:00-04:00,1.9299999475479126,1.9700000286102295,1.9299999475479126,1.9700000286102295,2300,0.0,0.0
2024-05-29 00:00:00-04:00,1.9900000095367432,1.9900000095367432,1.8200000524520874,1.9299999475479126,13100,0.0,0.0
2024-05-30 00:00:00-04:00,1.9600000381469727,1.9600000381469727,1.809999942779541,1.8600000143051147,2700,0.0,0.0
2024-05-31 00:00:00-04:00,1.8200000524520874,1.9299999475479126,1.7699999809265137,1.8700000047683716,11800,0.0,0.0
2024-06-03 00:00:00-04:00,1.7699999809265137,1.7799999713897705,1.7000000476837158,1.75,20300,0.0,0.0
2024-06-04 00:00:00-04:00,1.7100000381469727,1.7400000095367432,1.6799999475479126,1.690000057220459,9200,0.0,0.0
2024-06-05 00:00:00-04:00,1.6799999475479126,1.690000057220459,1.4700000286102295,1.6200000047683716,16200,0.0,0.0
2024-06-06 00:00:00-04:00,1.6100000143051147,1.6799999475479126,1.5800000429153442,1.6399999856948853,8600,0.0,0.0
2024-06-07 00:00:00-04:00,1.6399999856948853,1.6699999570846558,1.6200000047683716,1.6699999570846558,2600,0.0,0.0
2024-06-10 00:00:00-04:00,1.7100000381469727,1.7400000095367432,1.6200000047683716,1.6200000047683716,8200,0.0,0.0
2024-06-11 00:00:00-04:00,1.5399999618530273,1.6299999952316284,1.5399999618530273,1.6299999952316284,6500,0.0,0.0
2024-06-12 00:00:00-04:00,1.75,2.0,1.75,1.899999976158142,26100,0.0,0.0
2024-06-13 00:00:00-04:00,1.8799999952316284,2.0399999618530273,1.8799999952316284,1.9900000095367432,12300,0.0,0.0
2024-06-14 00:00:00-04:00,1.899999976158142,2.180000066757202,1.8799999952316284,2.059999942779541,17400,0.0,0.0
2024-06-17 00:00:00-04:00,2.140000104904175,2.140000104904175,1.909999966621399,1.940000057220459,5800,0.0,0.0
2024-06-18 00:00:00-04:00,1.9500000476837158,1.9700000286102295,1.8600000143051147,1.899999976158142,14700,0.0,0.0
2024-06-20 00:00:00-04:00,1.899999976158142,2.0,1.899999976158142,1.9199999570846558,5600,0.0,0.0
2024-06-21 00:00:00-04:00,1.9900000095367432,2.0,1.9299999475479126,2.0,10900,0.0,0.0
2024-06-24 00:00:00-04:00,1.940000057220459,1.9500000476837158,1.9199999570846558,1.9199999570846558,900,0.0,0.0
2024-06-25 00:00:00-04:00,1.909999966621399,1.9800000190734863,1.909999966621399,1.909999966621399,3000,0.0,0.0
2024-06-26 00:00:00-04:00,1.8899999856948853,1.940000057220459,1.8899999856948853,1.909999966621399,3200,0.0,0.0
2024-06-27 00:00:00-04:00,1.940000057220459,1.9700000286102295,1.899999976158142,1.9600000381469727,2100,0.0,0.0
2024-06-28 00:00:00-04:00,1.8799999952316284,1.9299999475479126,1.7599999904632568,1.850000023841858,17200,0.0,0.0
2024-07-01 00:00:00-04:00,1.7999999523162842,1.8300000429153442,1.7799999713897705,1.809999942779541,10200,0.0,0.0
2024-07-02 00:00:00-04:00,1.7599999904632568,1.9299999475479126,1.7300000190734863,1.8600000143051147,8700,0.0,0.0
2024-07-03 00:00:00-04:00,1.8899999856948853,1.8899999856948853,1.7999999523162842,1.8600000143051147,1900,0.0,0.0
2024-07-05 00:00:00-04:00,1.8600000143051147,1.8799999952316284,1.840000033378601,1.8799999952316284,6500,0.0,0.0
2024-07-08 00:00:00-04:00,1.809999942779541,1.8799999952316284,1.809999942779541,1.8799999952316284,5000,0.0,0.0
2024-07-09 00:00:00-04:00,1.840000033378601,1.940000057220459,1.7999999523162842,1.899999976158142,5100,0.0,0.0
2024-07-10 00:00:00-04:00,1.8600000143051147,1.899999976158142,1.8200000524520874,1.850000023841858,5100,0.0,0.0
2024-07-11 00:00:00-04:00,1.7999999523162842,1.940000057220459,1.7999999523162842,1.9199999570846558,15100,0.0,0.0
2024-07-12 00:00:00-04:00,1.8600000143051147,1.9900000095367432,1.8600000143051147,1.899999976158142,5800,0.0,0.0
2024-07-15 00:00:00-04:00,1.899999976158142,1.9299999475479126,1.899999976158142,1.899999976158142,8000,0.0,0.0
2024-07-16 00:00:00-04:00,1.850000023841858,1.9500000476837158,1.850000023841858,1.9299999475479126,5400,0.0,0.0
2024-07-17 00:00:00-04:00,1.909999966621399,1.9500000476837158,1.909999966621399,1.9299999475479126,5100,0.0,0.0
2024-07-18 00:00:00-04:00,1.8899999856948853,2.3499999046325684,1.8899999856948853,2.069999933242798,69800,0.0,0.0
2024-07-19 00:00:00-04:00,2.140000104904175,2.3499999046325684,2.059999942779541,2.309999942779541,17400,0.0,0.0
2024-07-22 00:00:00-04:00,2.299999952316284,2.299999952316284,2.119999885559082,2.1700000762939453,5000,0.0,0.0
2024-07-23 00:00:00-04:00,2.2200000286102295,2.2200000286102295,2.140000104904175,2.1500000953674316,3200,0.0,0.0
2024-07-24 00:00:00-04:00,2.119999885559082,2.1600000858306885,2.119999885559082,2.130000114440918,3200,0.0,0.0
2024-07-25 00:00:00-04:00,2.130000114440918,2.140000104904175,2.130000114440918,2.140000104904175,600,0.0,0.0
2024-07-26 00:00:00-04:00,2.0799999237060547,2.25,1.8899999856948853,2.25,22500,0.0,0.0
2024-07-29 00:00:00-04:00,2.200000047683716,2.240000009536743,2.0999999046325684,2.140000104904175,5600,0.0,0.0
2024-07-30 00:00:00-04:00,2.200000047683716,2.2100000381469727,2.0299999713897705,2.0799999237060547,2200,0.0,0.0
2024-07-31 00:00:00-04:00,2.0299999713897705,2.0999999046325684,2.009999990463257,2.069999933242798,4100,0.0,0.0
2024-08-01 00:00:00-04:00,2.1500000953674316,2.380000114440918,2.1500000953674316,2.380000114440918,30000,0.0,0.0
2024-08-02 00:00:00-04:00,2.450000047683716,2.450000047683716,2.0399999618530273,2.1700000762939453,8400,0.0,0.0
2024-08-05 00:00:00-04:00,2.0299999713897705,2.1500000953674316,2.0199999809265137,2.1500000953674316,14900,0.0,0.0
2024-08-06 00:00:00-04:00,2.0299999713897705,2.0899999141693115,2.0199999809265137,2.0899999141693115,3700,0.0,0.0
2024-08-07 00:00:00-04:00,2.0399999618530273,2.0999999046325684,1.8899999856948853,2.059999942779541,11800,0.0,0.0
2024-08-08 00:00:00-04:00,2.4800000190734863,2.4800000190734863,2.0,2.0199999809265137,2800,0.0,0.0
2024-08-09 00:00:00-04:00,2.1500000953674316,2.1500000953674316,1.940000057220459,1.9900000095367432,14300,0.0,0.0
2024-08-12 00:00:00-04:00,1.9299999475479126,2.0899999141693115,1.9199999570846558,1.9199999570846558,9900,0.0,0.0
2024-08-13 00:00:00-04:00,2.0399999618530273,2.2899999618530273,1.9700000286102295,2.049999952316284,24800,0.0,0.0
2024-08-14 00:00:00-04:00,2.0899999141693115,2.0899999141693115,2.009999990463257,2.0399999618530273,3400,0.0,0.0
2024-08-15 00:00:00-04:00,2.190000057220459,2.190000057220459,2.069999933242798,2.119999885559082,12800,0.0,0.0
2024-08-16 00:00:00-04:00,2.069999933242798,2.119999885559082,2.069999933242798,2.119999885559082,1500,0.0,0.0
2024-08-19 00:00:00-04:00,2.109999895095825,2.25,2.059999942779541,2.059999942779541,4100,0.0,0.0
2024-08-20 00:00:00-04:00,2.049999952316284,2.0999999046325684,1.9600000381469727,1.9700000286102295,2500,0.0,0.0
2024-08-21 00:00:00-04:00,2.0,2.0,1.9900000095367432,1.9900000095367432,2800,0.0,0.0
2024-08-22 00:00:00-04:00,1.9700000286102295,2.0399999618530273,1.9600000381469727,2.0399999618530273,5800,0.0,0.0
2024-08-23 00:00:00-04:00,2.0799999237060547,2.0799999237060547,1.940000057220459,2.0299999713897705,6200,0.0,0.0
2024-08-26 00:00:00-04:00,1.9600000381469727,2.0,1.9500000476837158,1.9600000381469727,5300,0.0,0.0
2024-08-27 00:00:00-04:00,1.9299999475479126,2.059999942779541,1.9299999475479126,1.940000057220459,3200,0.0,0.0
2024-08-28 00:00:00-04:00,1.9900000095367432,2.059999942779541,1.9299999475479126,1.9299999475479126,5500,0.0,0.0
2024-08-29 00:00:00-04:00,2.0299999713897705,2.130000114440918,1.940000057220459,2.059999942779541,6600,0.0,0.0
2024-08-30 00:00:00-04:00,2.0399999618530273,2.0399999618530273,2.0299999713897705,2.0299999713897705,900,0.0,0.0
2024-09-03 00:00:00-04:00,1.9600000381469727,2.1600000858306885,1.9600000381469727,1.9900000095367432,17500,0.0,0.0
2024-09-04 00:00:00-04:00,2.0999999046325684,2.0999999046325684,2.009999990463257,2.0199999809265137,1000,0.0,0.0
2024-09-05 00:00:00-04:00,1.9800000190734863,2.0199999809265137,1.9800000190734863,2.0199999809265137,1900,0.0,0.0
2024-09-06 00:00:00-04:00,2.009999990463257,2.0999999046325684,2.009999990463257,2.0199999809265137,5200,0.0,0.0
2024-09-09 00:00:00-04:00,2.0,2.119999885559082,1.9600000381469727,2.0299999713897705,5000,0.0,0.0
2024-09-10 00:00:00-04:00,1.9900000095367432,2.0199999809265137,1.9900000095367432,2.009999990463257,1700,0.0,0.0
2024-09-11 00:00:00-04:00,2.0299999713897705,2.069999933242798,2.0299999713897705,2.049999952316284,9400,0.0,0.0
2024-09-12 00:00:00-04:00,2.049999952316284,2.3399999141693115,2.0199999809265137,2.200000047683716,7300,0.0,0.0
2024-09-13 00:00:00-04:00,2.1700000762939453,2.1700000762939453,2.0899999141693115,2.1500000953674316,4400,0.0,0.0
2024-09-16 00:00:00-04:00,2.1500000953674316,2.1500000953674316,2.0,2.0199999809265137,1500,0.0,0.0
2024-09-17 00:00:00-04:00,1.9900000095367432,2.119999885559082,1.9900000095367432,2.009999990463257,2200,0.0,0.0
2024-09-18 00:00:00-04:00,2.009999990463257,2.1500000953674316,1.9500000476837158,1.9500000476837158,8300,0.0,0.0
2024-09-19 00:00:00-04:00,1.9199999570846558,2.0,1.8200000524520874,1.9700000286102295,12300,0.0,0.0
2024-09-20 00:00:00-04:00,1.9700000286102295,2.0,1.840000033378601,2.0,10300,0.0,0.0
2024-09-23 00:00:00-04:00,2.0,2.049999952316284,2.0,2.009999990463257,2463900,0.0,0.0
2024-09-24 00:00:00-04:00,2.109999895095825,2.369999885559082,1.8799999952316284,2.140000104904175,399700,0.0,0.0
2024-09-25 00:00:00-04:00,2.0799999237060547,2.440000057220459,2.0799999237060547,2.4000000953674316,113900,0.0,0.0
2024-09-26 00:00:00-04:00,2.359999895095825,2.490000009536743,2.309999942779541,2.369999885559082,39200,0.0,0.0
2024-09-27 00:00:00-04:00,2.319999933242798,2.430000066757202,2.259999990463257,2.380000114440918,25000,0.0,0.0
2024-09-30 00:00:00-04:00,2.3399999141693115,2.380000114440918,2.259999990463257,2.3399999141693115,25000,0.0,0.0
2024-10-01 00:00:00-04:00,2.319999933242798,2.319999933242798,2.200000047683716,2.2200000286102295,6900,0.0,0.0
2024-10-02 00:00:00-04:00,2.200000047683716,2.2699999809265137,2.1700000762939453,2.240000009536743,1900,0.0,0.0
2024-10-03 00:00:00-04:00,2.1700000762939453,2.2799999713897705,2.1600000858306885,2.2300000190734863,4300,0.0,0.0
2024-10-04 00:00:00-04:00,2.2799999713897705,2.2799999713897705,2.0999999046325684,2.1700000762939453,18700,0.0,0.0
2024-10-07 00:00:00-04:00,2.119999885559082,2.25,2.119999885559082,2.130000114440918,12400,0.0,0.0
2024-10-08 00:00:00-04:00,2.1600000858306885,2.2300000190734863,2.130000114440918,2.190000057220459,5000,0.0,0.0
2024-10-09 00:00:00-04:00,2.119999885559082,2.1700000762939453,2.119999885559082,2.1500000953674316,1800,0.0,0.0
2024-10-10 00:00:00-04:00,2.240000009536743,2.25,2.180000066757202,2.200000047683716,4900,0.0,0.0
2024-10-11 00:00:00-04:00,2.109999895095825,2.25,2.0399999618530273,2.059999942779541,6400,0.0,0.0
2024-10-14 00:00:00-04:00,2.0999999046325684,2.180000066757202,2.049999952316284,2.059999942779541,6200,0.0,0.0
2024-10-15 00:00:00-04:00,2.069999933242798,2.190000057220459,2.069999933242798,2.069999933242798,4000,0.0,0.0
2024-10-16 00:00:00-04:00,2.1600000858306885,2.1600000858306885,2.059999942779541,2.130000114440918,3900,0.0,0.0
2024-10-17 00:00:00-04:00,2.0799999237060547,2.1500000953674316,2.069999933242798,2.069999933242798,3800,0.0,0.0
2024-10-18 00:00:00-04:00,2.109999895095825,2.109999895095825,2.049999952316284,2.059999942779541,3500,0.0,0.0
2024-10-21 00:00:00-04:00,2.0199999809265137,2.069999933242798,2.0199999809265137,2.0199999809265137,2400,0.0,0.0
2024-10-22 00:00:00-04:00,2.049999952316284,2.109999895095825,2.0199999809265137,2.0399999618530273,16200,0.0,0.0
2024-10-23 00:00:00-04:00,2.0199999809265137,2.059999942779541,2.0199999809265137,2.0199999809265137,2400,0.0,0.0
2024-10-24 00:00:00-04:00,2.0799999237060547,2.0999999046325684,2.0199999809265137,2.0199999809265137,11500,0.0,0.0
2024-10-25 00:00:00-04:00,2.009999990463257,2.0999999046325684,2.009999990463257,2.0999999046325684,2000,0.0,0.0
2024-10-28 00:00:00-04:00,2.0299999713897705,2.0299999713897705,2.0199999809265137,2.0199999809265137,2400,0.0,0.0
2024-10-29 00:00:00-04:00,2.0199999809265137,2.049999952316284,2.0199999809265137,2.0199999809265137,2700,0.0,0.0
2024-10-30 00:00:00-04:00,2.0199999809265137,2.059999942779541,2.0199999809265137,2.059999942779541,4700,0.0,0.0
2024-10-31 00:00:00-04:00,2.0299999713897705,2.119999885559082,2.0199999809265137,2.0399999618530273,17700,0.0,0.0
2024-11-01 00:00:00-04:00,2.0199999809265137,2.0999999046325684,2.0,2.059999942779541,10100,0.0,0.0
2024-11-04 00:00:00-05:00,2.049999952316284,2.0999999046325684,2.049999952316284,2.069999933242798,4500,0.0,0.0
2024-11-05 00:00:00-05:00,1.9800000190734863,2.069999933242798,1.9800000190734863,2.0299999713897705,7100,0.0,0.0
2024-11-06 00:00:00-05:00,2.109999895095825,2.109999895095825,2.0299999713897705,2.059999942779541,900,0.0,0.0
2024-11-07 00:00:00-05:00,2.0199999809265137,2.0999999046325684,2.009999990463257,2.0199999809265137,4700,0.0,0.0
2024-11-08 00:00:00-05:00,2.059999942779541,2.059999942779541,2.0,2.0299999713897705,6100,0.0,0.0
2024-11-11 00:00:00-05:00,2.009999990463257,2.109999895095825,1.8700000047683716,1.9299999475479126,37200,0.0,0.0
2024-11-12 00:00:00-05:00,1.909999966621399,2.0199999809265137,1.909999966621399,1.909999966621399,2500,0.0,0.0
2024-11-13 00:00:00-05:00,1.909999966621399,1.9500000476837158,1.909999966621399,1.940000057220459,1300,0.0,0.0
2024-11-14 00:00:00-05:00,1.940000057220459,1.9500000476837158,1.8899999856948853,1.9500000476837158,1800,0.0,0.0
2024-11-15 00:00:00-05:00,1.940000057220459,1.9500000476837158,1.8799999952316284,1.940000057220459,5200,0.0,0.0
2024-11-18 00:00:00-05:00,1.8899999856948853,1.9500000476837158,1.8799999952316284,1.899999976158142,2700,0.0,0.0
2024-11-19 00:00:00-05:00,1.8899999856948853,1.9500000476837158,1.8799999952316284,1.899999976158142,4500,0.0,0.0
2024-11-20 00:00:00-05:00,1.8899999856948853,1.8899999856948853,1.809999942779541,1.8600000143051147,7100,0.0,0.0
2024-11-21 00:00:00-05:00,1.7799999713897705,2.0,1.7799999713897705,1.8200000524520874,4600,0.0,0.0
2024-11-22 00:00:00-05:00,1.8899999856948853,1.9900000095367432,1.809999942779541,1.809999942779541,8100,0.0,0.0
2024-11-25 00:00:00-05:00,1.8899999856948853,1.9700000286102295,1.850000023841858,1.9199999570846558,11600,0.0,0.0
2024-11-26 00:00:00-05:00,1.899999976158142,1.9500000476837158,1.8200000524520874,1.8700000047683716,51000,0.0,0.0
2024-11-27 00:00:00-05:00,1.8700000047683716,1.899999976158142,1.8300000429153442,1.8799999952316284,8200,0.0,0.0
2024-11-29 00:00:00-05:00,1.840000033378601,1.899999976158142,1.8300000429153442,1.8300000429153442,2100,0.0,0.0
2024-12-02 00:00:00-05:00,1.8300000429153442,1.9700000286102295,1.8300000429153442,1.840000033378601,15400,0.0,0.0
2024-12-03 00:00:00-05:00,1.809999942779541,1.9600000381469727,1.649999976158142,1.9500000476837158,15900,0.0,0.0
2024-12-04 00:00:00-05:00,1.8300000429153442,1.940000057220459,1.8300000429153442,1.8700000047683716,6600,0.0,0.0
2024-12-05 00:00:00-05:00,1.8300000429153442,1.9500000476837158,1.8300000429153442,1.8700000047683716,20800,0.0,0.0
2024-12-06 00:00:00-05:00,1.850000023841858,1.899999976158142,1.7999999523162842,1.8899999856948853,19000,0.0,0.0
2024-12-09 00:00:00-05:00,1.8300000429153442,1.9500000476837158,1.7999999523162842,1.8799999952316284,28000,0.0,0.0
2024-12-10 00:00:00-05:00,1.9199999570846558,1.9199999570846558,1.809999942779541,1.8600000143051147,17000,0.0,0.0
2024-12-11 00:00:00-05:00,1.8200000524520874,1.9299999475479126,1.7999999523162842,1.8300000429153442,12000,0.0,0.0
2024-12-12 00:00:00-05:00,1.8600000143051147,1.940000057220459,1.7999999523162842,1.850000023841858,5300,0.0,0.0
2024-12-13 00:00:00-05:00,1.7899999618530273,1.850000023841858,1.75,1.840000033378601,7000,0.0,0.0
2024-12-16 00:00:00-05:00,1.7999999523162842,1.840000033378601,1.7100000381469727,1.7300000190734863,21200,0.0,0.0
2024-12-17 00:00:00-05:00,1.7999999523162842,1.840000033378601,1.590000033378601,1.6699999570846558,40300,0.0,0.0
2024-12-18 00:00:00-05:00,1.6399999856948853,1.7300000190734863,1.6299999952316284,1.6399999856948853,13700,0.0,0.0
2024-12-19 00:00:00-05:00,1.659999966621399,1.7699999809265137,1.5800000429153442,1.590000033378601,15700,0.0,0.0
2024-12-20 00:00:00-05:00,1.6200000047683716,1.649999976158142,1.5199999809265137,1.5800000429153442,26400,0.0,0.0
2024-12-23 00:00:00-05:00,1.590000033378601,1.600000023841858,1.5199999809265137,1.559999942779541,6500,0.0,0.0
2024-12-24 00:00:00-05:00,1.5099999904632568,1.6200000047683716,1.5099999904632568,1.6200000047683716,22000,0.0,0.0
2024-12-26 00:00:00-05:00,1.6200000047683716,1.659999966621399,1.5499999523162842,1.600000023841858,14600,0.0,0.0
2024-12-27 00:00:00-05:00,1.649999976158142,1.7000000476837158,1.6100000143051147,1.6100000143051147,13200,0.0,0.0
2024-12-30 00:00:00-05:00,1.600000023841858,1.8899999856948853,1.5800000429153442,1.649999976158142,44700,0.0,0.0
2024-12-31 00:00:00-05:00,1.6299999952316284,1.7100000381469727,1.6299999952316284,1.649999976158142,7100,0.0,0.0
2025-01-02 00:00:00-05:00,1.9299999475479126,1.9299999475479126,1.659999966621399,1.659999966621399,2600,0.0,0.0
2025-01-03 00:00:00-05:00,1.7400000095367432,1.7400000095367432,1.6699999570846558,1.6699999570846558,2500,0.0,0.0
2025-01-06 00:00:00-05:00,1.659999966621399,1.7000000476837158,1.659999966621399,1.659999966621399,10400,0.0,0.0
2025-01-07 00:00:00-05:00,1.7400000095367432,1.7400000095367432,1.659999966621399,1.7000000476837158,7600,0.0,0.0
2025-01-08 00:00:00-05:00,1.7100000381469727,1.7999999523162842,1.6100000143051147,1.7000000476837158,17500,0.0,0.0
2025-01-10 00:00:00-05:00,1.7000000476837158,1.7000000476837158,1.6100000143051147,1.7000000476837158,8400,0.0,0.0
2025-01-13 00:00:00-05:00,1.649999976158142,1.7799999713897705,1.5800000429153442,1.649999976158142,25800,0.0,0.0
2025-01-14 00:00:00-05:00,1.659999966621399,1.6799999475479126,1.600000023841858,1.6699999570846558,7400,0.0,0.0
2025-01-15 00:00:00-05:00,1.6799999475479126,1.6799999475479126,1.559999942779541,1.559999942779541,9900,0.0,0.0
2025-01-16 00:00:00-05:00,1.6799999475479126,1.690000057220459,1.600000023841858,1.6399999856948853,10100,0.0,0.0
2025-01-17 00:00:00-05:00,1.5800000429153442,1.649999976158142,1.5800000429153442,1.649999976158142,4300,0.0,0.0
2025-01-21 00:00:00-05:00,1.5700000524520874,1.6299999952316284,1.5700000524520874,1.6299999952316284,2600,0.0,0.0
2025-01-22 00:00:00-05:00,1.6699999570846558,1.7000000476837158,1.590000033378601,1.6399999856948853,9300,0.0,0.0
2025-01-23 00:00:00-05:00,1.6399999856948853,1.690000057220459,1.590000033378601,1.590000033378601,3100,0.0,0.0
2025-01-24 00:00:00-05:00,1.7000000476837158,1.7000000476837158,1.5700000524520874,1.6299999952316284,8500,0.0,0.0
2025-01-27 00:00:00-05:00,1.690000057220459,1.7100000381469727,1.5800000429153442,1.590000033378601,4500,0.0,0.0
2025-01-28 00:00:00-05:00,1.600000023841858,1.909999966621399,1.600000023841858,1.649999976158142,4900,0.0,0.0
2025-01-29 00:00:00-05:00,1.649999976158142,1.809999942779541,1.600000023841858,1.75,5700,0.0,0.0
2025-01-30 00:00:00-05:00,1.690000057220459,1.7999999523162842,1.6100000143051147,1.6100000143051147,14500,0.0,0.0
2025-01-31 00:00:00-05:00,1.7300000190734863,1.7300000190734863,1.6200000047683716,1.6299999952316284,5600,0.0,0.0
2025-02-03 00:00:00-05:00,1.6100000143051147,1.6200000047683716,1.5800000429153442,1.590000033378601,8300,0.0,0.0
2025-02-04 00:00:00-05:00,1.649999976158142,1.690000057220459,1.600000023841858,1.6200000047683716,5900,0.0,0.0
2025-02-05 00:00:00-05:00,1.5800000429153442,1.6399999856948853,1.5700000524520874,1.5800000429153442,4600,0.0,0.0
2025-02-06 00:00:00-05:00,1.5099999904632568,1.6699999570846558,1.5099999904632568,1.590000033378601,15300,0.0,0.0
2025-02-07 00:00:00-05:00,1.559999942779541,1.6200000047683716,1.559999942779541,1.590000033378601,8100,0.0,0.0
2025-02-10 00:00:00-05:00,1.559999942779541,1.5800000429153442,1.5199999809265137,1.5800000429153442,12800,0.0,0.0
2025-02-11 00:00:00-05:00,1.5800000429153442,1.649999976158142,1.5099999904632568,1.5800000429153442,17600,0.0,0.0
2025-02-12 00:00:00-05:00,1.6100000143051147,1.6100000143051147,1.5700000524520874,1.5800000429153442,3900,0.0,0.0
2025-02-13 00:00:00-05:00,1.5800000429153442,1.6699999570846558,1.5199999809265137,1.600000023841858,30500,0.0,0.0
2025-02-14 00:00:00-05:00,1.5800000429153442,1.600000023841858,1.5399999618530273,1.5499999523162842,4300,0.0,0.0
2025-02-18 00:00:00-05:00,1.600000023841858,1.600000023841858,1.5099999904632568,1.5299999713897705,11400,0.0,0.0
2025-02-19 00:00:00-05:00,1.5700000524520874,1.5700000524520874,1.5199999809265137,1.5299999713897705,2600,0.0,0.0
2025-02-20 00:00:00-05:00,1.5299999713897705,1.590000033378601,1.5099999904632568,1.5099999904632568,3900,0.0,0.0
2025-02-21 00:00:00-05:00,1.5099999904632568,1.590000033378601,1.5,1.5399999618530273,10700,0.0,0.0
2025-02-24 00:00:00-05:00,1.5,1.590000033378601,1.5,1.5099999904632568,15000,0.0,0.0
2025-02-25 00:00:00-05:00,1.5099999904632568,1.5499999523162842,1.4199999570846558,1.4800000190734863,50600,0.0,0.0
2025-02-26 00:00:00-05:00,1.409999966621399,1.5,1.409999966621399,1.4199999570846558,8700,0.0,0.0
2025-02-27 00:00:00-05:00,1.4800000190734863,1.5800000429153442,1.409999966621399,1.4600000381469727,16600,0.0,0.0
2025-02-28 00:00:00-05:00,1.4199999570846558,1.4700000286102295,1.4199999570846558,1.4500000476837158,7700,0.0,0.0
2025-03-03 00:00:00-05:00,1.4199999570846558,1.4700000286102295,1.4199999570846558,1.4199999570846558,6600,0.0,0.0
2025-03-04 00:00:00-05:00,1.399999976158142,1.4199999570846558,1.350000023841858,1.3600000143051147,12600,0.0,0.0
2025-03-05 00:00:00-05:00,1.2999999523162842,1.399999976158142,1.2999999523162842,1.3600000143051147,17300,0.0,0.0
2025-03-06 00:00:00-05:00,1.3300000429153442,1.350000023841858,1.2999999523162842,1.340000033378601,3100,0.0,0.0
2025-03-07 00:00:00-05:00,1.2999999523162842,1.340000033378601,1.2899999618530273,1.340000033378601,7200,0.0,0.0
2025-03-10 00:00:00-04:00,1.3200000524520874,1.3200000524520874,1.2799999713897705,1.2799999713897705,3300,0.0,0.0
2025-03-11 00:00:00-04:00,1.2999999523162842,1.2999999523162842,1.25,1.25,7000,0.0,0.0
2025-03-12 00:00:00-04:00,1.2400000095367432,1.340000033378601,1.2400000095367432,1.2899999618530273,6500,0.0,0.0
2025-03-13 00:00:00-04:00,1.2400000095367432,1.350000023841858,1.2400000095367432,1.25,7600,0.0,0.0
2025-03-14 00:00:00-04:00,1.25,1.340000033378601,1.25,1.340000033378601,1700,0.0,0.0
2025-03-17 00:00:00-04:00,1.3300000429153442,1.3300000429153442,1.2699999809265137,1.2799999713897705,3200,0.0,0.0
2025-03-18 00:00:00-04:00,1.2599999904632568,1.2999999523162842,1.2599999904632568,1.2599999904632568,2500,0.0,0.0
2025-03-19 00:00:00-04:00,1.2599999904632568,1.309999942779541,1.2599999904632568,1.2699999809265137,2500,0.0,0.0
2025-03-20 00:00:00-04:00,1.309999942779541,1.340000033378601,1.2699999809265137,1.2799999713897705,3900,0.0,0.0
2025-03-21 00:00:00-04:00,1.25,1.340000033378601,1.25,1.2599999904632568,8900,0.0,0.0
2025-03-24 00:00:00-04:00,1.2599999904632568,1.2799999713897705,1.2599999904632568,1.2699999809265137,1800,0.0,0.0
2025-03-25 00:00:00-04:00,1.2100000381469727,1.2999999523162842,1.2100000381469727,1.2599999904632568,6400,0.0,0.0
2025-03-26 00:00:00-04:00,1.2899999618530273,1.350000023841858,1.2799999713897705,1.2799999713897705,8300,0.0,0.0
2025-03-27 00:00:00-04:00,1.2400000095367432,1.4500000476837158,1.2400000095367432,1.3799999952316284,16000,0.0,0.0
2025-03-28 00:00:00-04:00,1.4800000190734863,1.4800000190734863,1.3700000047683716,1.3799999952316284,4200,0.0,0.0
2025-03-31 00:00:00-04:00,1.3700000047683716,1.5,1.3700000047683716,1.3700000047683716,6000,0.0,0.0
2025-04-01 00:00:00-04:00,1.3799999952316284,1.399999976158142,1.2799999713897705,1.309999942779541,4700,0.0,0.0
2025-04-02 00:00:00-04:00,1.350000023841858,1.350000023841858,1.2699999809265137,1.2699999809265137,1600,0.0,0.0
2025-04-03 00:00:00-04:00,1.2899999618530273,1.350000023841858,1.2599999904632568,1.2999999523162842,2200,0.0,0.0
2025-04-04 00:00:00-04:00,1.2599999904632568,1.3300000429153442,1.2599999904632568,1.2599999904632568,8200,0.0,0.0
2025-04-07 00:00:00-04:00,1.2699999809265137,1.3300000429153442,1.2200000286102295,1.2300000190734863,22700,0.0,0.0
2025-04-08 00:00:00-04:00,1.2200000286102295,1.2400000095367432,1.149999976158142,1.159999966621399,2900,0.0,0.0
2025-04-09 00:00:00-04:00,1.1200000047683716,1.1699999570846558,0.9200000166893005,1.090000033378601,24100,0.0,0.0
2025-04-10 00:00:00-04:00,1.2699999809265137,1.2699999809265137,1.159999966621399,1.190000057220459,3600,0.0,0.0
2025-04-11 00:00:00-04:00,1.190000057220459,1.25,1.159999966621399,1.1799999475479126,5600,0.0,0.0
2025-04-14 00:00:00-04:00,1.2100000381469727,1.2599999904632568,1.1699999570846558,1.2400000095367432,6100,0.0,0.0
2025-04-15 00:00:00-04:00,1.1799999475479126,1.1799999475479126,1.159999966621399,1.1699999570846558,2400,0.0,0.0
2025-04-16 00:00:00-04:00,1.159999966621399,1.2100000381469727,1.159999966621399,1.159999966621399,4600,0.0,0.0
2025-04-17 00:00:00-04:00,1.2000000476837158,1.3300000429153442,1.1399999856948853,1.3300000429153442,4000,0.0,0.0
2025-04-21 00:00:00-04:00,1.25,1.3300000429153442,1.1699999570846558,1.2000000476837158,4300,0.0,0.0
2025-04-22 00:00:00-04:00,1.2100000381469727,1.2599999904632568,1.2000000476837158,1.2000000476837158,2700,0.0,0.0
2025-04-23 00:00:00-04:00,1.2100000381469727,1.340000033378601,1.190000057220459,1.2000000476837158,10400,0.0,0.0
2025-04-24 00:00:00-04:00,1.2000000476837158,1.3300000429153442,1.190000057220459,1.2000000476837158,2800,0.0,0.0
2025-04-25 00:00:00-04:00,1.2300000190734863,1.2999999523162842,1.190000057220459,1.2000000476837158,22900,0.0,0.0
2025-04-28 00:00:00-04:00,1.2000000476837158,1.2799999713897705,1.2000000476837158,1.2799999713897705,1500,0.0,0.0
2025-04-29 00:00:00-04:00,1.2799999713897705,1.2799999713897705,1.2300000190734863,1.2300000190734863,3000,0.0,0.0
2025-04-30 00:00:00-04:00,1.25,1.25,1.2300000190734863,1.2300000190734863,1400,0.0,0.0
2025-05-01 00:00:00-04:00,1.2400000095367432,1.2400000095367432,1.2200000286102295,1.2400000095367432,1000,0.0,0.0
2025-05-02 00:00:00-04:00,1.2799999713897705,1.590000033378601,1.2300000190734863,1.2599999904632568,41500,0.0,0.0
2025-05-05 00:00:00-04:00,1.2599999904632568,1.5,1.2599999904632568,1.2999999523162842,36500,0.0,0.0
2025-05-06 00:00:00-04:00,1.2699999809265137,1.5,1.25,1.2899999618530273,28500,0.0,0.0
2025-05-07 00:00:00-04:00,1.3300000429153442,1.3300000429153442,1.25,1.2699999809265137,3900,0.0,0.0
2025-05-08 00:00:00-04:00,1.309999942779541,1.340000033378601,1.2699999809265137,1.2999999523162842,6900,0.0,0.0
2025-05-09 00:00:00-04:00,1.3300000429153442,1.340000033378601,1.2699999809265137,1.2699999809265137,2400,0.0,0.0
2025-05-12 00:00:00-04:00,1.2799999713897705,1.6200000047683716,1.2799999713897705,1.3200000524520874,51000,0.0,0.0
2025-05-13 00:00:00-04:00,1.399999976158142,1.5499999523162842,1.3200000524520874,1.3200000524520874,16700,0.0,0.0
2025-05-14 00:00:00-04:00,1.2899999618530273,1.3200000524520874,1.190000057220459,1.2599999904632568,7600,0.0,0.0
2025-05-15 00:00:00-04:00,1.2599999904632568,1.3200000524520874,1.2000000476837158,1.2999999523162842,5100,0.0,0.0
2025-05-16 00:00:00-04:00,1.2899999618530273,1.309999942779541,1.2200000286102295,1.2699999809265137,6100,0.0,0.0
2025-05-19 00:00:00-04:00,1.2100000381469727,1.340000033378601,1.2100000381469727,1.340000033378601,13900,0.0,0.0
2025-05-20 00:00:00-04:00,1.4500000476837158,1.5399999618530273,1.2899999618530273,1.2999999523162842,55000,0.0,0.0
2025-05-21 00:00:00-04:00,1.2699999809265137,1.3899999856948853,1.2699999809265137,1.3899999856948853,2100,0.0,0.0
2025-05-22 00:00:00-04:00,1.3799999952316284,1.4500000476837158,1.3200000524520874,1.340000033378601,7700,0.0,0.0
2025-05-23 00:00:00-04:00,1.399999976158142,1.409999966621399,1.2999999523162842,1.350000023841858,7900,0.0,0.0
2025-05-27 00:00:00-04:00,1.309999942779541,1.4900000095367432,1.2899999618530273,1.3300000429153442,16500,0.0,0.0
2025-05-28 00:00:00-04:00,1.309999942779541,1.3799999952316284,1.309999942779541,1.3200000524520874,1600,0.0,0.0
2025-05-29 00:00:00-04:00,1.309999942779541,1.399999976158142,1.309999942779541,1.399999976158142,7600,0.0,0.0
2025-05-30 00:00:00-04:00,1.350000023841858,1.3799999952316284,1.3300000429153442,1.3600000143051147,2200,0.0,0.0
2025-06-02 00:00:00-04:00,1.4700000286102295,1.5499999523162842,1.3700000047683716,1.409999966621399,34100,0.0,0.0
2025-06-03 00:00:00-04:00,1.3700000047683716,1.399999976158142,1.340000033378601,1.350000023841858,4900,0.0,0.0
2025-06-04 00:00:00-04:00,1.3700000047683716,1.3700000047683716,1.309999942779541,1.3200000524520874,1300,0.0,0.0
2025-06-05 00:00:00-04:00,1.409999966621399,1.6399999856948853,1.3200000524520874,1.3200000524520874,12600,0.0,0.0
2025-06-06 00:00:00-04:00,1.4900000095367432,1.4900000095367432,1.350000023841858,1.350000023841858,1100,0.0,0.0
2025-06-09 00:00:00-04:00,1.4299999475479126,1.4299999475479126,1.350000023841858,1.3799999952316284,3900,0.0,0.0
2025-06-10 00:00:00-04:00,1.3899999856948853,1.5,1.350000023841858,1.3899999856948853,5300,0.0,0.0
2025-06-11 00:00:00-04:00,1.3700000047683716,1.3899999856948853,1.3700000047683716,1.3700000047683716,2200,0.0,0.0
2025-06-12 00:00:00-04:00,1.3700000047683716,1.4199999570846558,1.3600000143051147,1.3600000143051147,2800,0.0,0.0
2025-06-13 00:00:00-04:00,1.399999976158142,1.399999976158142,1.399999976158142,1.399999976158142,700,0.0,0.0
2025-06-16 00:00:00-04:00,1.340000033378601,1.399999976158142,1.3200000524520874,1.3300000429153442,5200,0.0,0.0
2025-06-17 00:00:00-04:00,1.3799999952316284,1.3799999952316284,1.3300000429153442,1.3300000429153442,1400,0.0,0.0
2025-06-18 00:00:00-04:00,1.340000033378601,1.340000033378601,1.3200000524520874,1.3200000524520874,2500,0.0,0.0
2025-06-20 00:00:00-04:00,1.399999976158142,1.4600000381469727,1.2999999523162842,1.350000023841858,8200,0.0,0.0
2025-06-23 00:00:00-04:00,1.309999942779541,1.3300000429153442,1.2999999523162842,1.3200000524520874,4600,0.0,0.0
2025-06-24 00:00:00-04:00,1.340000033378601,1.350000023841858,1.2999999523162842,1.3200000524520874,6300,0.0,0.0
2025-06-25 00:00:00-04:00,1.2999999523162842,1.350000023841858,1.2999999523162842,1.309999942779541,1800,0.0,0.0
2025-06-26 00:00:00-04:00,1.350000023841858,1.3700000047683716,1.2999999523162842,1.3700000047683716,10100,0.0,0.0
2025-06-27 00:00:00-04:00,1.340000033378601,1.3600000143051147,1.3300000429153442,1.3600000143051147,4400,0.0,0.0
2025-06-30 00:00:00-04:00,1.3600000143051147,1.3600000143051147,1.2699999809265137,1.340000033378601,2900,0.0,0.0
2025-07-01 00:00:00-04:00,1.3200000524520874,1.350000023841858,1.3200000524520874,1.3300000429153442,2600,0.0,0.0
2025-07-02 00:00:00-04:00,1.350000023841858,1.3700000047683716,1.3300000429153442,1.3300000429153442,2100,0.0,0.0
2025-07-03 00:00:00-04:00,1.3700000047683716,1.399999976158142,1.3300000429153442,1.3300000429153442,7600,0.0,0.0
2025-07-07 00:00:00-04:00,1.3200000524520874,1.399999976158142,1.3200000524520874,1.350000023841858,7200,0.0,0.0
2025-07-08 00:00:00-04:00,1.3799999952316284,1.3799999952316284,1.25,1.2999999523162842,33700,0.0,0.0
2025-07-09 00:00:00-04:00,1.2899999618530273,1.350000023841858,1.25,1.309999942779541,16600,0.0,0.0
2025-07-10 00:00:00-04:00,1.340000033378601,1.350000023841858,1.2999999523162842,1.2999999523162842,6000,0.0,0.0
2025-07-11 00:00:00-04:00,1.2200000286102295,1.340000033378601,1.2200000286102295,1.340000033378601,4000,0.0,0.0
2025-07-14 00:00:00-04:00,1.350000023841858,1.350000023841858,1.2899999618530273,1.3200000524520874,3500,0.0,0.0
2025-07-15 00:00:00-04:00,1.2699999809265137,1.350000023841858,1.2699999809265137,1.2999999523162842,6100,0.0,0.0
2025-07-16 00:00:00-04:00,1.3200000524520874,1.350000023841858,1.2599999904632568,1.2999999523162842,2400,0.0,0.0
2025-07-17 00:00:00-04:00,1.350000023841858,1.350000023841858,1.2899999618530273,1.2899999618530273,11800,0.0,0.0
2025-07-18 00:00:00-04:00,1.3200000524520874,1.350000023841858,1.2999999523162842,1.3300000429153442,4900,0.0,0.0
2025-07-21 00:00:00-04:00,1.3200000524520874,1.350000023841858,1.3200000524520874,1.3300000429153442,2900,0.0,0.0
2025-07-22 00:00:00-04:00,1.3700000047683716,1.3700000047683716,1.2999999523162842,1.2999999523162842,3700,0.0,0.0
2025-07-23 00:00:00-04:00,1.3200000524520874,1.350000023841858,1.309999942779541,1.350000023841858,32100,0.0,0.0
2025-07-24 00:00:00-04:00,1.350000023841858,1.3600000143051147,1.309999942779541,1.3200000524520874,900,0.0,0.0
2025-07-25 00:00:00-04:00,1.3300000429153442,1.340000033378601,1.3300000429153442,1.340000033378601,1400,0.0,0.0
2025-07-28 00:00:00-04:00,1.340000033378601,1.340000033378601,1.3300000429153442,1.340000033378601,4300,0.0,0.0
2025-07-29 00:00:00-04:00,1.3700000047683716,1.399999976158142,1.3600000143051147,1.3700000047683716,11600,0.0,0.0
2025-07-30 00:00:00-04:00,1.3300000429153442,1.3300000429153442,1.3300000429153442,1.3300000429153442,800,0.0,0.0
2025-07-31 00:00:00-04:00,1.340000033378601,1.399999976158142,1.3300000429153442,1.340000033378601,15100,0.0,0.0
2025-08-01 00:00:00-04:00,1.3899999856948853,1.3899999856948853,1.2999999523162842,1.2999999523162842,40300,0.0,0.0
2025-08-04 00:00:00-04:00,1.2999999523162842,1.2999999523162842,1.2999999523162842,1.2999999523162842,300,0.0,0.0
2025-08-05 00:00:00-04:00,1.3300000429153442,1.3600000143051147,1.2999999523162842,1.3200000524520874,7500,0.0,0.0
2025-08-06 00:00:00-04:00,1.3200000524520874,1.3200000524520874,1.3200000524520874,1.3200000524520874,0,0.0,0.0
2025-08-07 00:00:00-04:00,1.2999999523162842,1.309999942779541,1.2599999904632568,1.2599999904632568,12200,0.0,0.0
2025-08-08 00:00:00-04:00,1.2999999523162842,1.2999999523162842,1.2599999904632568,1.2599999904632568,1100,0.0,0.0
2025-08-11 00:00:00-04:00,1.2599999904632568,1.2999999523162842,1.0,1.1699999570846558,39800,0.0,0.0
2025-08-12 00:00:00-04:00,1.149999976158142,1.149999976158142,1.090000033378601,1.090000033378601,10900,0.0,0.0
2025-08-13 00:00:00-04:00,1.090000033378601,1.190000057220459,1.0299999713897705,1.100000023841858,21800,0.0,0.0
2025-08-14 00:00:00-04:00,1.1299999952316284,1.1299999952316284,1.0800000429153442,1.0800000429153442,13200,0.0,0.0
2025-08-15 00:00:00-04:00,1.1299999952316284,1.1299999952316284,1.0700000524520874,1.0800000429153442,6100,0.0,0.0
2025-08-18 00:00:00-04:00,1.059999942779541,1.1100000143051147,1.059999942779541,1.1100000143051147,4500,0.0,0.0
2025-08-19 00:00:00-04:00,1.1200000047683716,1.1200000047683716,1.090000033378601,1.1100000143051147,3800,0.0,0.0
2025-08-20 00:00:00-04:00,1.090000033378601,1.090000033378601,1.0499999523162842,1.0499999523162842,6800,0.0,0.0
2025-08-21 00:00:00-04:00,1.0499999523162842,1.059999942779541,1.0399999618530273,1.0499999523162842,3021900,0.0,0.0
2025-08-22 00:00:00-04:00,1.2599999904632568,1.3300000429153442,1.0099999904632568,1.0800000429153442,2543800,0.0,0.0
2025-08-25 00:00:00-04:00,1.090000033378601,1.1299999952316284,1.0099999904632568,1.090000033378601,256000,0.0,0.0
2025-08-26 00:00:00-04:00,1.1100000143051147,1.1399999856948853,1.059999942779541,1.0700000524520874,53600,0.0,0.0
2025-08-27 00:00:00-04:00,1.0700000524520874,1.1100000143051147,1.0700000524520874,1.0800000429153442,40200,0.0,0.0
2025-08-28 00:00:00-04:00,1.100000023841858,1.1399999856948853,1.090000033378601,1.1100000143051147,36800,0.0,0.0
2025-08-29 00:00:00-04:00,1.1100000143051147,1.1799999475479126,1.0499999523162842,1.159999966621399,144000,0.0,0.0
2025-09-02 00:00:00-04:00,1.100000023841858,1.149999976158142,1.090000033378601,1.1299999952316284,27600,0.0,0.0
2025-09-03 00:00:00-04:00,1.1100000143051147,1.1399999856948853,1.0800000429153442,1.1399999856948853,28700,0.0,0.0
2025-09-04 00:00:00-04:00,1.1399999856948853,1.1399999856948853,1.090000033378601,1.1100000143051147,6300,0.0,0.0
2025-09-05 00:00:00-04:00,1.1100000143051147,1.1299999952316284,1.100000023841858,1.100000023841858,11200,0.0,0.0
2025-09-08 00:00:00-04:00,1.0800000429153442,1.149999976158142,1.0800000429153442,1.1100000143051147,11700,0.0,0.0
2025-09-09 00:00:00-04:00,1.100000023841858,1.159999966621399,1.090000033378601,1.090000033378601,7000,0.0,0.0
2025-09-10 00:00:00-04:00,1.100000023841858,1.1200000047683716,1.090000033378601,1.1100000143051147,10700,0.0,0.0
2025-09-11 00:00:00-04:00,1.1399999856948853,1.1399999856948853,1.090000033378601,1.090000033378601,19900,0.0,0.0
2025-09-12 00:00:00-04:00,1.149999976158142,1.149999976158142,1.100000023841858,1.1200000047683716,9900,0.0,0.0
2025-09-15 00:00:00-04:00,1.100000023841858,1.2799999713897705,1.100000023841858,1.2599999904632568,207100,0.0,0.0
2025-09-16 00:00:00-04:00,1.350000023841858,1.3899999856948853,1.2599999904632568,1.3700000047683716,1175800,0.0,0.0
2025-09-17 00:00:00-04:00,1.5499999523162842,1.840000033378601,1.4299999475479126,1.7999999523162842,11593500,0.0,0.0
2025-09-18 00:00:00-04:00,1.4600000381469727,1.5499999523162842,1.3700000047683716,1.4700000286102295,469900,0.0,0.0
2025-09-19 00:00:00-04:00,1.3700000047683716,1.5099999904632568,1.350000023841858,1.3600000143051147,218900,0.0,0.0
2025-09-22 00:00:00-04:00,1.3300000429153442,1.4700000286102295,1.3300000429153442,1.4600000381469727,86700,0.0,0.0
2025-09-23 00:00:00-04:00,1.4800000190734863,1.4800000190734863,1.3300000429153442,1.4199999570846558,86000,0.0,0.0
2025-09-24 00:00:00-04:00,1.3799999952316284,1.399999976158142,1.350000023841858,1.3700000047683716,25700,0.0,0.0
2025-09-25 00:00:00-04:00,1.350000023841858,1.3899999856948853,1.3300000429153442,1.3600000143051147,52100,0.0,0.0
2025-09-26 00:00:00-04:00,1.3200000524520874,1.3700000047683716,1.3200000524520874,1.3600000143051147,16900,0.0,0.0
2025-09-29 00:00:00-04:00,1.309999942779541,1.409999966621399,1.2999999523162842,1.3799999952316284,37300,0.0,0.0
2025-09-30 00:00:00-04:00,1.3200000524520874,1.3700000047683716,1.309999942779541,1.3300000429153442,24200,0.0,0.0
2025-10-01 00:00:00-04:00,1.309999942779541,1.350000023841858,1.309999942779541,1.3300000429153442,22800,0.0,0.0
2025-10-02 00:00:00-04:00,1.309999942779541,1.3200000524520874,1.25,1.2999999523162842,36300,0.0,0.0
2025-10-03 00:00:00-04:00,1.3300000429153442,1.3799999952316284,1.2999999523162842,1.3300000429153442,24700,0.0,0.0
2025-10-06 00:00:00-04:00,1.340000033378601,1.440000057220459,1.3200000524520874,1.3899999856948853,102600,0.0,0.0
2025-10-07 00:00:00-04:00,1.440000057220459,1.649999976158142,1.4299999475479126,1.6299999952316284,149100,0.0,0.0
2025-10-08 00:00:00-04:00,1.590000033378601,1.590000033378601,1.5099999904632568,1.5199999809265137,53700,0.0,0.0
2025-10-09 00:00:00-04:00,1.5800000429153442,1.6799999475479126,1.5199999809265137,1.6100000143051147,97300,0.0,0.0
2025-10-10 00:00:00-04:00,1.559999942779541,1.6200000047683716,1.440000057220459,1.4500000476837158,71800,0.0,0.0
2025-10-13 00:00:00-04:00,1.4700000286102295,1.4700000286102295,1.3799999952316284,1.4199999570846558,50400,0.0,0.0
2025-10-14 00:00:00-04:00,1.3799999952316284,1.4800000190734863,1.3600000143051147,1.4700000286102295,48200,0.0,0.0
2025-10-15 00:00:00-04:00,1.4199999570846558,1.5099999904632568,1.399999976158142,1.4700000286102295,41600,0.0,0.0
2025-10-16 00:00:00-04:00,1.4299999475479126,1.5,1.3799999952316284,1.4600000381469727,72900,0.0,0.0
2025-10-17 00:00:00-04:00,1.4500000476837158,1.5700000524520874,1.4299999475479126,1.5099999904632568,139100,0.0,0.0
2025-10-20 00:00:00-04:00,1.5099999904632568,1.6299999952316284,1.4600000381469727,1.4700000286102295,41800,0.0,0.0
2025-10-21 00:00:00-04:00,1.4500000476837158,1.5099999904632568,1.399999976158142,1.4800000190734863,29300,0.0,0.0
2025-10-22 00:00:00-04:00,1.3799999952316284,1.5199999809265137,1.3799999952316284,1.4299999475479126,124200,0.0,0.0
2025-10-23 00:00:00-04:00,1.4900000095367432,1.5199999809265137,1.440000057220459,1.4700000286102295,11700,0.0,0.0
2025-10-24 00:00:00-04:00,1.4199999570846558,1.5099999904632568,1.4199999570846558,1.440000057220459,20800,0.0,0.0
2025-10-27 00:00:00-04:00,1.4600000381469727,1.5299999713897705,1.4199999570846558,1.5099999904632568,29800,0.0,0.0
2025-10-28 00:00:00-04:00,1.440000057220459,1.5299999713897705,1.350000023841858,1.4900000095367432,11036400,0.0,0.0
2025-10-29 00:00:00-04:00,1.559999942779541,1.7300000190734863,1.4900000095367432,1.649999976158142,2063300,0.0,0.0
2025-10-30 00:00:00-04:00,1.6299999952316284,1.6299999952316284,1.5199999809265137,1.5399999618530273,192200,0.0,0.0
2025-10-31 00:00:00-04:00,1.4700000286102295,1.6200000047683716,1.440000057220459,1.559999942779541,156900,0.0,0.0
2025-11-03 00:00:00-05:00,1.5299999713897705,1.590000033378601,1.5,1.5,39700,0.0,0.0
2025-11-04 00:00:00-05:00,1.4900000095367432,1.5099999904632568,1.2899999618530273,1.3600000143051147,475000,0.0,0.0
2025-11-05 00:00:00-05:00,1.340000033378601,1.4299999475479126,1.340000033378601,1.409999966621399,44000,0.0,0.0
2025-11-06 00:00:00-05:00,1.409999966621399,1.4199999570846558,1.2999999523162842,1.350000023841858,125100,0.0,0.0
2025-11-07 00:00:00-05:00,1.350000023841858,1.399999976158142,1.2999999523162842,1.350000023841858,121000,0.0,0.0
2025-11-10 00:00:00-05:00,1.3200000524520874,1.399999976158142,1.3200000524520874,1.350000023841858,29100,0.0,0.0
2025-11-11 00:00:00-05:00,1.3300000429153442,1.350000023841858,1.2999999523162842,1.350000023841858,48000,0.0,0.0
2025-11-12 00:00:00-05:00,1.3300000429153442,1.3799999952316284,1.2999999523162842,1.3600000143051147,114500,0.0,0.0
2025-11-13 00:00:00-05:00,1.4199999570846558,1.4199999570846558,1.3300000429153442,1.3600000143051147,3600,0.0,0.0
2025-11-14 00:00:00-05:00,1.3600000143051147,1.4199999570846558,1.2899999618530273,1.3899999856948853,67700,0.0,0.0
2025-11-17 00:00:00-05:00,1.309999942779541,1.3700000047683716,1.25,1.2599999904632568,167300,0.0,0.0
2025-11-18 00:00:00-05:00,1.2400000095367432,1.3200000524520874,1.2400000095367432,1.2599999904632568,25600,0.0,0.0
2025-11-19 00:00:00-05:00,1.2400000095367432,1.2899999618530273,1.2200000286102295,1.2599999904632568,26700,0.0,0.0
2025-11-20 00:00:00-05:00,1.2999999523162842,1.2999999523162842,1.2100000381469727,1.25,31900,0.0,0.0
2025-11-21 00:00:00-05:00,1.2000000476837158,1.2899999618530273,1.2000000476837158,1.2400000095367432,75700,0.0,0.0
2025-11-24 00:00:00-05:00,1.2200000286102295,1.2899999618530273,1.2100000381469727,1.2400000095367432,40300,0.0,0.0
2025-11-25 00:00:00-05:00,1.2400000095367432,1.2899999618530273,1.2200000286102295,1.2400000095367432,27700,0.0,0.0
2025-11-26 00:00:00-05:00,1.309999942779541,1.309999942779541,1.2400000095367432,1.25,22100,0.0,0.0
2025-11-28 00:00:00-05:00,1.2599999904632568,1.2599999904632568,1.2300000190734863,1.2599999904632568,9200,0.0,0.0
2025-12-01 00:00:00-05:00,1.2799999713897705,1.2999999523162842,1.2400000095367432,1.2899999618530273,5400,0.0,0.0
2025-12-02 00:00:00-05:00,1.2799999713897705,1.2899999618530273,1.25,1.2799999713897705,18400,0.0,0.0
2025-12-03 00:00:00-05:00,1.2899999618530273,1.2899999618530273,1.2100000381469727,1.2899999618530273,7800,0.0,0.0
2025-12-04 00:00:00-05:00,1.309999942779541,1.350000023841858,1.2400000095367432,1.309999942779541,28200,0.0,0.0
2025-12-05 00:00:00-05:00,1.2699999809265137,1.3300000429153442,1.2300000190734863,1.2999999523162842,4900,0.0,0.0
2025-12-08 00:00:00-05:00,1.2599999904632568,1.3300000429153442,1.2599999904632568,1.3300000429153442,5800,0.0,0.0
2025-12-09 00:00:00-05:00,1.3600000143051147,1.3600000143051147,1.2599999904632568,1.2899999618530273,44200,0.0,0.0
2025-12-10 00:00:00-05:00,1.2699999809265137,1.3300000429153442,1.2300000190734863,1.2999999523162842,38200,0.0,0.0
2025-12-11 00:00:00-05:00,1.2799999713897705,1.340000033378601,1.2699999809265137,1.340000033378601,28900,0.0,0.0
2025-12-12 00:00:00-05:00,1.340000033378601,1.340000033378601,1.2699999809265137,1.340000033378601,7500,0.0,0.0
2025-12-15 00:00:00-05:00,1.2899999618530273,1.3300000429153442,1.2699999809265137,1.3200000524520874,31400,0.0,0.0
2025-12-16 00:00:00-05:00,1.309999942779541,1.340000033378601,1.2300000190734863,1.3300000429153442,33000,0.0,0.0
2025-12-17 00:00:00-05:00,1.309999942779541,1.3200000524520874,1.2400000095367432,1.2899999618530273,25400,0.0,0.0
2025-12-18 00:00:00-05:00,1.2799999713897705,1.3200000524520874,1.2599999904632568,1.3200000524520874,9700,0.0,0.0
2025-12-19 00:00:00-05:00,1.309999942779541,1.350000023841858,1.2899999618530273,1.3300000429153442,8400,0.0,0.0
2025-12-22 00:00:00-05:00,1.2599999904632568,1.340000033378601,1.25,1.2799999713897705,29300,0.0,0.0
2025-12-23 00:00:00-05:00,1.2999999523162842,1.3300000429153442,1.2799999713897705,1.3300000429153442,14800,0.0,0.0
2025-12-24 00:00:00-05:00,1.2899999618530273,1.350000023841858,1.2899999618530273,1.3300000429153442,8200,0.0,0.0
2025-12-26 00:00:00-05:00,1.2599999904632568,1.3300000429153442,1.2599999904632568,1.3300000429153442,10700,0.0,0.0
2025-12-29 00:00:00-05:00,1.2799999713897705,1.3200000524520874,1.2699999809265137,1.3200000524520874,5100,0.0,0.0
2025-12-30 00:00:00-05:00,1.2799999713897705,1.350000023841858,1.2699999809265137,1.3200000524520874,13500,0.0,0.0
2025-12-31 00:00:00-05:00,1.2999999523162842,1.350000023841858,1.2799999713897705,1.3200000524520874,18700,0.0,0.0
2026-01-02 00:00:00-05:00,1.2300000190734863,1.350000023841858,1.2300000190734863,1.350000023841858,35500,0.0,0.0
2026-01-05 00:00:00-05:00,1.2999999523162842,1.3899999856948853,1.2999999523162842,1.3799999952316284,22000,0.0,0.0
2026-01-06 00:00:00-05:00,1.350000023841858,1.3899999856948853,1.350000023841858,1.3700000047683716,9000,0.0,0.0
2026-01-07 00:00:00-05:00,1.3799999952316284,1.3899999856948853,1.350000023841858,1.3700000047683716,12400,0.0,0.0
2026-01-08 00:00:00-05:00,1.350000023841858,1.4299999475479126,1.350000023841858,1.4299999475479126,41400,0.0,0.0
2026-01-09 00:00:00-05:00,1.3700000047683716,1.4700000286102295,1.350000023841858,1.4199999570846558,95300,0.0,0.0
2026-01-12 00:00:00-05:00,1.440000057220459,1.440000057220459,1.3799999952316284,1.4199999570846558,5800,0.0,0.0
2026-01-13 00:00:00-05:00,1.399999976158142,1.440000057220459,1.350000023841858,1.440000057220459,34800,0.0,0.0
2026-01-14 00:00:00-05:00,1.4800000190734863,1.5800000429153442,1.399999976158142,1.440000057220459,31900,0.0,0.0
2026-01-15 00:00:00-05:00,1.4600000381469727,1.4900000095367432,1.440000057220459,1.4500000476837158,17700,0.0,0.0
2026-01-16 00:00:00-05:00,1.4500000476837158,1.4600000381469727,1.3899999856948853,1.4199999570846558,74700,0.0,0.0
2026-01-20 00:00:00-05:00,1.350000023841858,1.4500000476837158,1.350000023841858,1.3799999952316284,69600,0.0,0.0
2026-01-21 00:00:00-05:00,1.399999976158142,1.4600000381469727,1.340000033378601,1.440000057220459,119500,0.0,0.0
2026-01-22 00:00:00-05:00,1.4299999475479126,1.4700000286102295,1.4199999570846558,1.4500000476837158,142800,0.0,0.0
2026-01-23 00:00:00-05:00,1.4600000381469727,1.4600000381469727,1.3700000047683716,1.409999966621399,122800,0.0,0.0
2026-01-26 00:00:00-05:00,1.4199999570846558,1.4299999475479126,1.3799999952316284,1.3899999856948853,31200,0.0,0.0
2026-01-27 00:00:00-05:00,1.3899999856948853,1.4199999570846558,1.3600000143051147,1.4199999570846558,68000,0.0,0.0
2026-01-28 00:00:00-05:00,1.4199999570846558,1.440000057220459,1.399999976158142,1.409999966621399,26100,0.0,0.0
2026-01-29 00:00:00-05:00,1.4199999570846558,1.4500000476837158,1.3700000047683716,1.409999966621399,8200,0.0,0.0
2026-01-30 00:00:00-05:00,1.4299999475479126,1.4299999475479126,1.3799999952316284,1.399999976158142,5900,0.0,0.0
2026-02-02 00:00:00-05:00,1.409999966621399,1.4299999475479126,1.3899999856948853,1.3899999856948853,14800,0.0,0.0
2026-02-03 00:00:00-05:00,1.399999976158142,1.399999976158142,1.350000023841858,1.3899999856948853,32600,0.0,0.0
2026-02-04 00:00:00-05:00,1.350000023841858,1.3700000047683716,1.340000033378601,1.3700000047683716,66100,0.0,0.0
2026-02-05 00:00:00-05:00,1.3600000143051147,1.3700000047683716,1.2899999618530273,1.309999942779541,86200,0.0,0.0
2026-02-06 00:00:00-05:00,1.2999999523162842,1.3899999856948853,1.2899999618530273,1.350000023841858,42500,0.0,0.0
2026-02-09 00:00:00-05:00,1.3200000524520874,1.440000057220459,1.3200000524520874,1.399999976158142,38700,0.0,0.0
2026-02-10 00:00:00-05:00,1.340000033378601,1.4500000476837158,1.340000033378601,1.4199999570846558,40000,0.0,0.0
2026-02-11 00:00:00-05:00,1.399999976158142,1.4500000476837158,1.3799999952316284,1.409999966621399,6000,0.0,0.0
2026-02-12 00:00:00-05:00,1.4199999570846558,1.4199999570846558,1.350000023841858,1.3799999952316284,7100,0.0,0.0
2026-02-13 00:00:00-05:00,1.3600000143051147,1.4199999570846558,1.3600000143051147,1.4199999570846558,2400,0.0,0.0
2026-02-17 00:00:00-05:00,1.3799999952316284,1.4199999570846558,1.3700000047683716,1.3799999952316284,9400,0.0,0.0
2026-02-18 00:00:00-05:00,1.3600000143051147,1.399999976158142,1.3600000143051147,1.399999976158142,5200,0.0,0.0
2026-02-19 00:00:00-05:00,1.399999976158142,1.440000057220459,1.3700000047683716,1.3799999952316284,27800,0.0,0.0
2026-02-20 00:00:00-05:00,1.399999976158142,1.4199999570846558,1.3799999952316284,1.3899999856948853,5500,0.0,0.0
2026-02-23 00:00:00-05:00,1.3980000019073486,1.3980000019073486,1.3700000047683716,1.3799999952316284,1941,0.0,0.0
