Date,Open,High,Low,Close,Volume,Dividends,Stock Splits
2022-01-03 00:00:00-05:00,1024.5,1024.5,911.0,939.0,6248,0.0,0.0
2022-01-04 00:00:00-05:00,939.5,964.5,906.5,911.5,14026,0.0,0.0
2022-01-05 00:00:00-05:00,903.5,916.0,871.25,878.5,7902,0.0,0.0
2022-01-06 00:00:00-05:00,854.75,873.0,788.75,805.5,7398,0.0,0.0
2022-01-07 00:00:00-05:00,807.0,830.5,771.5,806.0,6762,0.0,0.0
2022-01-10 00:00:00-05:00,799.0,824.5,745.0,788.5,5192,0.0,0.0
2022-01-11 00:00:00-05:00,784.5,813.5,689.5,732.5,21196,0.0,0.0
2022-01-12 00:00:00-05:00,732.0,749.0,691.0,696.0,12254,0.0,0.0
2022-01-13 00:00:00-05:00,704.5,731.0,637.5,641.0,18460,0.0,0.0
2022-01-14 00:00:00-05:00,631.0,654.0,598.0,631.5,15854,0.0,0.0
2022-01-18 00:00:00-05:00,612.5,620.0,552.0,552.0,12142,0.0,0.0
2022-01-19 00:00:00-05:00,564.5,592.0,539.5,541.0,12276,0.0,0.0
2022-01-20 00:00:00-05:00,542.0,564.5,502.0,504.5,13938,0.0,0.0
2022-01-21 00:00:00-05:00,500.0,524.0,491.25,503.5,14270,0.0,0.0
2022-01-24 00:00:00-05:00,487.5,509.0,466.75,505.5,15724,0.0,0.0
2022-01-25 00:00:00-05:00,486.0,525.0,454.5,504.5,14528,0.0,0.0
2022-01-26 00:00:00-05:00,521.5,530.5,459.5,464.0,7994,0.0,0.0
2022-01-27 00:00:00-05:00,464.5,482.5,437.5,441.5,10616,0.0,0.0
2022-01-28 00:00:00-05:00,438.0,460.0,419.0,451.5,11774,0.0,0.0
2022-01-31 00:00:00-05:00,459.5,479.0,445.5,478.0,11168,0.0,0.0
2022-02-01 00:00:00-05:00,479.0,496.5,444.5,474.5,14992,0.0,0.0
2022-02-02 00:00:00-05:00,480.0,488.0,422.0,423.0,13708,0.0,0.0
2022-02-03 00:00:00-05:00,417.0,438.0,401.25,401.5,15276,0.0,0.0
2022-02-04 00:00:00-05:00,407.5,423.3500061035156,384.25,411.5,12958,0.0,0.0
2022-02-07 00:00:00-05:00,406.5,434.0,399.0,413.5,10328,0.0,0.0
2022-02-08 00:00:00-05:00,411.0,417.5,373.5,386.5,11060,0.0,0.0
2022-02-09 00:00:00-05:00,391.5,406.0,389.0,395.0,13380,0.0,0.0
2022-02-10 00:00:00-05:00,381.0,408.0,358.5,363.0,17496,0.0,0.0
2022-02-11 00:00:00-05:00,367.0,385.5,354.0,359.0,10038,0.0,0.0
2022-02-14 00:00:00-05:00,354.0,366.5,341.0,343.0,12134,0.0,0.0
2022-02-15 00:00:00-05:00,347.0,360.5,346.0,350.5,11714,0.0,0.0
2022-02-16 00:00:00-05:00,354.0,354.0,333.0,350.0,10340,0.0,0.0
2022-02-17 00:00:00-05:00,335.0,353.5,325.0,330.5,9494,0.0,0.0
2022-02-18 00:00:00-05:00,328.0,352.0,327.5,337.5,11434,0.0,0.0
2022-02-22 00:00:00-05:00,331.0,346.25,325.0,333.0,10416,0.0,0.0
2022-02-23 00:00:00-05:00,338.0,341.5,315.0,317.0,8732,0.0,0.0
2022-02-24 00:00:00-05:00,306.0,332.25,304.5,331.5,9544,0.0,0.0
2022-02-25 00:00:00-05:00,337.0,340.5,317.5,332.0,8788,0.0,0.0
2022-02-28 00:00:00-05:00,337.0,338.5,317.0,324.0,12178,0.0,0.0
2022-03-01 00:00:00-05:00,316.0,334.5,316.0,322.5,7986,0.0,0.0
2022-03-02 00:00:00-05:00,326.5,335.5,321.0,330.0,11224,0.0,0.0
2022-03-03 00:00:00-05:00,327.5,332.0,302.5,305.0,13202,0.0,0.0
2022-03-04 00:00:00-05:00,307.5,309.5,274.0,275.0,9432,0.0,0.0
2022-03-07 00:00:00-05:00,273.5,280.5,262.5,271.0,10220,0.0,0.0
2022-03-08 00:00:00-05:00,274.5,283.0,256.5,271.0,9060,0.0,0.0
2022-03-09 00:00:00-05:00,284.5,299.0,280.5,297.5,13992,0.0,0.0
2022-03-10 00:00:00-05:00,288.0,304.5,272.5,277.5,9680,0.0,0.0
2022-03-11 00:00:00-05:00,283.5,283.5,254.5,259.0,12678,0.0,0.0
2022-03-14 00:00:00-04:00,257.0,265.5,240.0,245.0,19588,0.0,0.0
2022-03-15 00:00:00-04:00,245.5,254.5,238.5,251.0,10704,0.0,0.0
2022-03-16 00:00:00-04:00,261.0,285.5,249.0,282.0,27522,0.0,0.0
2022-03-17 00:00:00-04:00,278.5,287.5,270.0,281.0,15966,0.0,0.0
2022-03-18 00:00:00-04:00,278.5,302.5,278.0,288.5,50674,0.0,0.0
2022-03-21 00:00:00-04:00,300.5,306.0,270.5,273.0,16324,0.0,0.0
2022-03-22 00:00:00-04:00,272.5,291.75,268.3500061035156,288.0,17548,0.0,0.0
2022-03-23 00:00:00-04:00,288.0,289.75,258.0,258.0,7934,0.0,0.0
2022-03-24 00:00:00-04:00,258.5,263.5,246.5,249.0,8402,0.0,0.0
2022-03-25 00:00:00-04:00,251.5,251.5,223.0,223.5,16526,0.0,0.0
2022-03-28 00:00:00-04:00,224.0,229.75,210.75,219.0,16016,0.0,0.0
2022-03-29 00:00:00-04:00,224.5,238.0,220.25,235.0,19088,0.0,0.0
2022-03-30 00:00:00-04:00,223.5,243.5,223.5,229.5,8708,0.0,0.0
2022-03-31 00:00:00-04:00,228.5,272.5,222.0,250.0,82318,0.0,0.0
2022-04-01 00:00:00-04:00,254.0,255.8000030517578,238.5,251.5,20236,0.0,0.0
2022-04-04 00:00:00-04:00,254.0,270.75,253.0,269.0,9766,0.0,0.0
2022-04-05 00:00:00-04:00,267.5,281.5,265.5,267.5,10658,0.0,0.0
2022-04-06 00:00:00-04:00,264.0,266.0,251.0,259.5,7966,0.0,0.0
2022-04-07 00:00:00-04:00,256.5,258.5,242.5,245.5,12868,0.0,0.0
2022-04-08 00:00:00-04:00,245.0,249.0,232.5,235.5,15332,0.0,0.0
2022-04-11 00:00:00-04:00,235.0,236.5,216.0,229.0,13430,0.0,0.0
2022-04-12 00:00:00-04:00,233.5,239.0,219.0,222.0,13930,0.0,0.0
2022-04-13 00:00:00-04:00,216.0,221.25,199.3000030517578,211.5,37472,0.0,0.0
2022-04-14 00:00:00-04:00,209.5,211.5,199.5,200.0,10664,0.0,0.0
2022-04-18 00:00:00-04:00,199.0,200.5,189.0,192.5,10858,0.0,0.0
2022-04-19 00:00:00-04:00,196.0,210.0,191.0,203.5,7694,0.0,0.0
2022-04-20 00:00:00-04:00,199.5,208.0,197.5,199.0,7214,0.0,0.0
2022-04-21 00:00:00-04:00,200.5,201.0,187.5,189.5,10650,0.0,0.0
2022-04-22 00:00:00-04:00,189.5,194.5,184.0,184.0,6258,0.0,0.0
2022-04-25 00:00:00-04:00,183.5,191.0,182.25,184.5,7072,0.0,0.0
2022-04-26 00:00:00-04:00,183.5,187.5,171.0,171.5,7152,0.0,0.0
2022-04-27 00:00:00-04:00,173.0,180.0,170.0,176.0,14620,0.0,0.0
2022-04-28 00:00:00-04:00,176.0,192.0,174.0,186.0,11322,0.0,0.0
2022-04-29 00:00:00-04:00,183.0,196.0,174.0,174.0,5866,0.0,0.0
2022-05-02 00:00:00-04:00,176.5,186.0,171.5,184.0,10024,0.0,0.0
2022-05-03 00:00:00-04:00,183.5,192.0,181.25,191.5,10560,0.0,0.0
2022-05-04 00:00:00-04:00,191.5,204.5,181.5,204.0,7964,0.0,0.0
2022-05-05 00:00:00-04:00,168.0,172.0,116.5,120.0,52140,0.0,0.0
2022-05-06 00:00:00-04:00,117.5,122.5,107.0,109.0,31116,0.0,0.0
2022-05-09 00:00:00-04:00,102.5,111.0,100.5,107.5,19960,0.0,0.0
2022-05-10 00:00:00-04:00,114.5,121.5,104.75,118.0,26916,0.0,0.0
2022-05-11 00:00:00-04:00,115.0,121.44999694824219,108.0,108.5,18018,0.0,0.0
2022-05-12 00:00:00-04:00,112.5,119.5,104.25,119.5,18510,0.0,0.0
2022-05-13 00:00:00-04:00,121.0,123.5,114.25,115.0,11002,0.0,0.0
2022-05-16 00:00:00-04:00,117.0,118.5,110.25,115.0,8434,0.0,0.0
2022-05-17 00:00:00-04:00,120.5,122.0,116.5,119.5,5138,0.0,0.0
2022-05-18 00:00:00-04:00,115.0,116.75,110.5,115.0,8530,0.0,0.0
2022-05-19 00:00:00-04:00,114.5,118.5,108.5,113.5,11704,0.0,0.0
2022-05-20 00:00:00-04:00,115.5,118.0,108.0,115.5,6432,0.0,0.0
2022-05-23 00:00:00-04:00,116.0,116.0,109.5,110.5,5370,0.0,0.0
2022-05-24 00:00:00-04:00,108.0,111.0,104.0,106.5,10932,0.0,0.0
2022-05-25 00:00:00-04:00,108.5,114.5,105.5,110.0,19342,0.0,0.0
2022-05-26 00:00:00-04:00,109.0,119.5,108.0,115.5,6728,0.0,0.0
2022-05-27 00:00:00-04:00,114.5,123.5,111.0,122.0,4404,0.0,0.0
2022-05-31 00:00:00-04:00,119.5,127.5,118.75,120.5,15426,0.0,0.0
2022-06-01 00:00:00-04:00,123.5,125.5,115.0,116.5,4182,0.0,0.0
2022-06-02 00:00:00-04:00,115.5,124.0,114.0,121.0,4926,0.0,0.0
2022-06-03 00:00:00-04:00,118.5,138.5,116.05000305175781,137.5,8520,0.0,0.0
2022-06-06 00:00:00-04:00,137.5,140.75,132.0,134.0,9818,0.0,0.0
2022-06-07 00:00:00-04:00,134.0,155.0,131.0,154.0,7974,0.0,0.0
2022-06-08 00:00:00-04:00,152.5,155.5,149.0,152.0,5228,0.0,0.0
2022-06-09 00:00:00-04:00,150.0,155.0,146.0,151.5,4502,0.0,0.0
2022-06-10 00:00:00-04:00,161.0,164.0,143.0,147.5,7656,0.0,0.0
2022-06-13 00:00:00-04:00,144.0,144.0,128.5,133.5,6252,0.0,0.0
2022-06-14 00:00:00-04:00,137.5,137.5,129.5,134.0,9794,0.0,0.0
2022-06-15 00:00:00-04:00,138.5,140.5,130.5,132.5,6236,0.0,0.0
2022-06-16 00:00:00-04:00,130.5,131.0,121.75,124.0,15340,0.0,0.0
2022-06-17 00:00:00-04:00,125.5,137.5,118.0,130.5,10838,0.0,0.0
2022-06-21 00:00:00-04:00,136.5,147.5,132.5,137.5,5638,0.0,0.0
2022-06-22 00:00:00-04:00,135.0,151.0,135.0,147.0,7114,0.0,0.0
2022-06-23 00:00:00-04:00,146.5,151.0,141.0,150.0,6708,0.0,0.0
2022-06-24 00:00:00-04:00,157.5,181.0,152.0,177.5,59658,0.0,0.0
2022-06-27 00:00:00-04:00,179.0,179.0,148.0,153.0,13930,0.0,0.0
2022-06-28 00:00:00-04:00,150.5,154.0,144.0,148.5,11980,0.0,0.0
2022-06-29 00:00:00-04:00,146.5,153.0,142.0,150.5,7758,0.0,0.0
2022-06-30 00:00:00-04:00,144.0,150.0,141.0,142.5,10752,0.0,0.0
2022-07-01 00:00:00-04:00,142.5,150.5,139.5,147.0,8534,0.0,0.0
2022-07-05 00:00:00-04:00,142.5,179.0,140.25,176.0,12892,0.0,0.0
2022-07-06 00:00:00-04:00,173.0,202.25,171.5,182.0,18402,0.0,0.0
2022-07-07 00:00:00-04:00,186.0,204.0,181.0,202.5,22340,0.0,0.0
2022-07-08 00:00:00-04:00,198.5,204.5,190.0,198.5,6796,0.0,0.0
2022-07-11 00:00:00-04:00,201.0,204.0,188.0,194.5,6380,0.0,0.0
2022-07-12 00:00:00-04:00,193.0,204.5,190.75,200.0,29430,0.0,0.0
2022-07-13 00:00:00-04:00,194.5,216.5,193.5,211.0,20918,0.0,0.0
2022-07-14 00:00:00-04:00,207.0,214.75,201.5,212.5,4118,0.0,0.0
2022-07-15 00:00:00-04:00,214.0,215.0,203.0,210.5,3664,0.0,0.0
2022-07-18 00:00:00-04:00,211.0,224.5,209.0,213.0,7478,0.0,0.0
2022-07-19 00:00:00-04:00,214.5,222.0,209.0,218.5,13796,0.0,0.0
2022-07-20 00:00:00-04:00,216.5,228.5,214.64999389648438,219.5,26482,0.0,0.0
2022-07-21 00:00:00-04:00,220.5,226.0,208.5,216.5,11482,0.0,0.0
2022-07-22 00:00:00-04:00,217.5,217.5,189.0,190.0,3638,0.0,0.0
2022-07-25 00:00:00-04:00,191.5,193.5,180.0,186.0,6524,0.0,0.0
2022-07-26 00:00:00-04:00,183.0,192.0,178.0,180.0,2964,0.0,0.0
2022-07-27 00:00:00-04:00,189.0,191.5,178.0,185.5,3270,0.0,0.0
2022-07-28 00:00:00-04:00,186.5,187.14999389648438,178.5,179.0,2356,0.0,0.0
2022-07-29 00:00:00-04:00,176.5,176.5,158.0,170.0,5870,0.0,0.0
2022-08-01 00:00:00-04:00,168.5,173.0,160.0,163.5,2088,0.0,0.0
2022-08-02 00:00:00-04:00,161.0,176.5,161.0,172.0,2684,0.0,0.0
2022-08-03 00:00:00-04:00,174.5,189.5,174.5,182.0,2252,0.0,0.0
2022-08-04 00:00:00-04:00,183.0,198.75,181.5,190.5,3626,0.0,0.0
2022-08-05 00:00:00-04:00,185.0,198.5,183.0,197.0,4724,0.0,0.0
2022-08-08 00:00:00-04:00,198.5,206.5,179.5,187.0,5336,0.0,0.0
2022-08-09 00:00:00-04:00,185.0,186.0,165.5,180.5,3702,0.0,0.0
2022-08-10 00:00:00-04:00,203.0,368.5,202.5,330.5,387318,0.0,0.0
2022-08-11 00:00:00-04:00,343.5,457.3999938964844,336.0,397.5,176808,0.0,0.0
2022-08-12 00:00:00-04:00,377.5,400.0,345.0,349.5,35152,0.0,0.0
2022-08-15 00:00:00-04:00,352.0,421.5,346.0,400.0,33414,0.0,0.0
2022-08-16 00:00:00-04:00,412.5,607.5,398.5,593.5,139182,0.0,0.0
2022-08-17 00:00:00-04:00,599.5,607.0,483.20001220703125,509.5,40634,0.0,0.0
2022-08-18 00:00:00-04:00,501.5,539.5,458.1000061035156,508.5,18770,0.0,0.0
2022-08-19 00:00:00-04:00,497.5,506.5,468.0,470.0,7272,0.0,0.0
2022-08-22 00:00:00-04:00,472.5,473.5,408.0,449.0,21532,0.0,0.0
2022-08-23 00:00:00-04:00,449.0,459.5,409.5,439.0,8442,0.0,0.0
2022-08-24 00:00:00-04:00,427.0,462.8500061035156,422.0,457.5,7520,0.0,0.0
2022-08-25 00:00:00-04:00,457.0,477.5,446.5,462.5,6356,0.0,0.0
2022-08-26 00:00:00-04:00,459.0,467.0,440.0,454.0,4716,0.0,0.0
2022-08-29 00:00:00-04:00,435.0,451.25,427.1000061035156,433.0,5590,0.0,0.0
2022-08-30 00:00:00-04:00,448.0,451.0,408.0,411.0,3662,0.0,0.0
2022-08-31 00:00:00-04:00,412.0,436.70001220703125,410.0,435.5,3802,0.0,0.0
2022-09-01 00:00:00-04:00,435.5,435.5,375.5,420.0,7464,0.0,0.0
2022-09-02 00:00:00-04:00,426.5,429.0,394.75,398.5,4304,0.0,0.0
2022-09-06 00:00:00-04:00,394.5,437.5,381.5,408.5,7984,0.0,0.0
2022-09-07 00:00:00-04:00,408.0,436.5,395.0,429.5,10590,0.0,0.0
2022-09-08 00:00:00-04:00,432.5,481.0,417.5,453.0,5156,0.0,0.0
2022-09-09 00:00:00-04:00,457.0,458.0,433.5,442.5,3766,0.0,0.0
2022-09-12 00:00:00-04:00,445.0,455.5,402.5,411.0,9296,0.0,0.0
2022-09-13 00:00:00-04:00,410.0,423.0,395.5,413.5,4438,0.0,0.0
2022-09-14 00:00:00-04:00,404.0,457.95001220703125,385.5,448.0,14170,0.0,0.0
2022-09-15 00:00:00-04:00,459.5,466.0,414.0,427.5,6420,0.0,0.0
2022-09-16 00:00:00-04:00,427.5,445.5,399.25,419.0,15724,0.0,0.0
2022-09-19 00:00:00-04:00,422.0,422.0,400.5,416.5,4398,0.0,0.0
2022-09-20 00:00:00-04:00,411.0,426.0,405.0,419.5,23492,0.0,0.0
2022-09-21 00:00:00-04:00,418.5,448.0,406.75,434.0,9438,0.0,0.0
2022-09-22 00:00:00-04:00,429.0,450.5,409.5,425.0,8352,0.0,0.0
2022-09-23 00:00:00-04:00,425.0,425.0,392.0,400.5,15144,0.0,0.0
2022-09-26 00:00:00-04:00,399.5,406.20001220703125,348.5,365.5,7502,0.0,0.0
2022-09-27 00:00:00-04:00,368.0,397.5,367.5,394.5,6980,0.0,0.0
2022-09-28 00:00:00-04:00,394.0,420.0,394.0,399.0,4700,0.0,0.0
2022-09-29 00:00:00-04:00,396.5,400.5,358.5,374.5,3948,0.0,0.0
2022-09-30 00:00:00-04:00,377.0,403.75,377.0,385.0,5000,0.0,0.0
2022-10-03 00:00:00-04:00,385.5,405.5,371.75,404.0,4318,0.0,0.0
2022-10-04 00:00:00-04:00,419.5,438.5,406.0,411.0,4934,0.0,0.0
2022-10-05 00:00:00-04:00,399.0,405.75,385.0,400.5,5452,0.0,0.0
2022-10-06 00:00:00-04:00,398.5,423.0,398.5,415.5,8610,0.0,0.0
2022-10-07 00:00:00-04:00,411.0,431.0,406.5,411.5,2494,0.0,0.0
2022-10-10 00:00:00-04:00,398.0,400.5,381.5,381.5,2892,0.0,0.0
2022-10-11 00:00:00-04:00,386.0,394.5,355.5,376.5,4308,0.0,0.0
2022-10-12 00:00:00-04:00,375.5,385.0,370.0,378.0,2592,0.0,0.0
2022-10-13 00:00:00-04:00,362.0,379.0,359.5,373.5,3018,0.0,0.0
2022-10-14 00:00:00-04:00,375.5,378.0,340.0,344.5,4384,0.0,0.0
2022-10-17 00:00:00-04:00,349.5,354.5,343.5,345.0,6662,0.0,0.0
2022-10-18 00:00:00-04:00,355.5,360.75,343.25,348.5,5322,0.0,0.0
2022-10-19 00:00:00-04:00,345.5,352.0,308.25,314.5,6716,0.0,0.0
2022-10-20 00:00:00-04:00,316.5,343.5,316.5,334.0,22650,0.0,0.0
2022-10-21 00:00:00-04:00,332.5,342.0,319.5,340.0,3722,0.0,0.0
2022-10-24 00:00:00-04:00,342.0,342.0,315.5,328.0,5730,0.0,0.0
2022-10-25 00:00:00-04:00,330.5,347.5,330.5,343.5,4980,0.0,0.0
2022-10-26 00:00:00-04:00,343.0,347.0,328.5,336.5,11660,0.0,0.0
2022-10-27 00:00:00-04:00,340.5,345.5,328.5,330.5,9628,0.0,0.0
2022-10-28 00:00:00-04:00,332.5,348.75,332.5,345.25,6360,0.0,0.0
2022-10-31 00:00:00-04:00,346.0,351.0,330.0,344.5,5846,0.0,0.0
2022-11-01 00:00:00-04:00,350.5,364.75,345.5,359.5,9186,0.0,0.0
2022-11-02 00:00:00-04:00,360.0,360.75,320.0,322.5,10708,0.0,0.0
2022-11-03 00:00:00-04:00,320.0,335.0,310.0,318.0,11578,0.0,0.0
2022-11-04 00:00:00-04:00,403.5,448.0,333.0,377.5,208798,0.0,0.0
2022-11-07 00:00:00-05:00,370.0,421.5,364.5,403.5,35432,0.0,0.0
2022-11-08 00:00:00-05:00,403.5,410.0,388.0,396.0,11512,0.0,0.0
2022-11-09 00:00:00-05:00,391.0,402.75,388.0,395.5,9780,0.0,0.0
2022-11-10 00:00:00-05:00,410.0,418.0,395.0,407.0,19070,0.0,0.0
2022-11-11 00:00:00-05:00,404.5,456.25,397.0,449.0,9452,0.0,0.0
2022-11-14 00:00:00-05:00,446.5,509.0,443.25,475.5,11728,0.0,0.0
2022-11-15 00:00:00-05:00,482.5,491.0,417.0,440.0,11696,0.0,0.0
2022-11-16 00:00:00-05:00,436.5,450.0,414.0,446.5,6196,0.0,0.0
2022-11-17 00:00:00-05:00,437.0,457.5,431.0,436.0,4404,0.0,0.0
2022-11-18 00:00:00-05:00,445.0,445.0,419.0,423.0,4406,0.0,0.0
2022-11-21 00:00:00-05:00,418.5,441.75,407.5,411.5,5194,0.0,0.0
2022-11-22 00:00:00-05:00,411.5,443.0,404.0,440.0,6260,0.0,0.0
2022-11-23 00:00:00-05:00,442.5,482.5,442.5,475.5,7864,0.0,0.0
2022-11-25 00:00:00-05:00,484.0,517.5,479.0,496.5,3794,0.0,0.0
2022-11-28 00:00:00-05:00,490.0,508.0,476.5,492.5,7134,0.0,0.0
2022-11-29 00:00:00-05:00,494.5,525.0,487.0,520.5,9106,0.0,0.0
2022-11-30 00:00:00-05:00,525.0,575.0,524.25,550.5,9768,0.0,0.0
2022-12-01 00:00:00-05:00,544.5,586.5,532.5,539.0,7538,0.0,0.0
2022-12-02 00:00:00-05:00,522.5,538.6500244140625,504.5,526.0,6852,0.0,0.0
2022-12-05 00:00:00-05:00,528.0,541.25,508.5,526.0,4938,0.0,0.0
2022-12-06 00:00:00-05:00,521.5,530.0,492.5,493.5,6748,0.0,0.0
2022-12-07 00:00:00-05:00,491.5,518.75,486.5,487.5,4238,0.0,0.0
2022-12-08 00:00:00-05:00,492.0,498.5,466.0,490.0,3488,0.0,0.0
2022-12-09 00:00:00-05:00,488.5,491.0,468.5,475.5,4508,0.0,0.0
2022-12-12 00:00:00-05:00,476.0,478.0,459.0,461.0,6964,0.0,0.0
2022-12-13 00:00:00-05:00,484.5,493.5,436.5,450.0,5198,0.0,0.0
2022-12-14 00:00:00-05:00,449.0,459.5,444.5,457.0,5188,0.0,0.0
2022-12-15 00:00:00-05:00,451.5,458.5,441.5,448.5,5168,0.0,0.0
2022-12-16 00:00:00-05:00,440.0,461.5,433.0,440.0,18736,0.0,0.0
2022-12-19 00:00:00-05:00,442.5,442.5,400.5,406.0,7378,0.0,0.0
2022-12-20 00:00:00-05:00,414.0,426.5,408.0,417.0,14060,0.0,0.0
2022-12-21 00:00:00-05:00,423.0,426.5,403.75,413.0,5424,0.0,0.0
2022-12-22 00:00:00-05:00,416.0,421.6499938964844,403.25,415.0,6532,0.0,0.0
2022-12-23 00:00:00-05:00,415.5,423.25,392.5,416.0,5946,0.0,0.0
2022-12-27 00:00:00-05:00,419.0,436.25,388.0,390.0,7124,0.0,0.0
2022-12-28 00:00:00-05:00,390.0,415.5,387.5,412.0,4214,0.0,0.0
2022-12-29 00:00:00-05:00,406.5,450.0,406.5,417.5,8154,0.0,0.0
2022-12-30 00:00:00-05:00,408.5,419.5,393.5,412.5,5874,0.0,0.0
2023-01-03 00:00:00-05:00,409.0,441.0,397.5,404.0,9318,0.0,0.0
2023-01-04 00:00:00-05:00,406.5,422.0,397.0,403.5,6112,0.0,0.0
2023-01-05 00:00:00-05:00,415.0,434.25,371.0,412.5,13594,0.0,0.0
2023-01-06 00:00:00-05:00,413.0,430.5,400.0,411.5,10888,0.0,0.0
2023-01-09 00:00:00-05:00,402.5,405.0,382.75,386.0,9680,0.0,0.0
2023-01-10 00:00:00-05:00,250.0,250.0,179.0,207.5,134444,0.0,0.0
2023-01-11 00:00:00-05:00,208.5,208.9499969482422,179.5,185.0,65230,0.0,0.0
2023-01-12 00:00:00-05:00,185.0,187.5,165.0,170.0,55738,0.0,0.0
2023-01-13 00:00:00-05:00,172.5,178.0,166.5,173.0,37546,0.0,0.0
2023-01-17 00:00:00-05:00,173.0,174.60000610351562,157.5,168.0,63462,0.0,0.0
2023-01-18 00:00:00-05:00,166.5,171.0,154.0,159.0,22846,0.0,0.0
2023-01-19 00:00:00-05:00,157.5,161.0,154.5,161.0,13858,0.0,0.0
2023-01-20 00:00:00-05:00,161.0,176.0,161.0,174.0,27694,0.0,0.0
2023-01-23 00:00:00-05:00,175.5,181.5,172.10000610351562,181.0,13444,0.0,0.0
2023-01-24 00:00:00-05:00,181.0,206.75,179.0,204.0,33036,0.0,0.0
2023-01-25 00:00:00-05:00,197.5,199.0,187.0,193.0,12460,0.0,0.0
2023-01-26 00:00:00-05:00,194.0,195.0,182.75,184.0,6222,0.0,0.0
2023-01-27 00:00:00-05:00,184.0,188.5,181.0,184.0,4618,0.0,0.0
2023-01-30 00:00:00-05:00,183.0,185.0,176.0500030517578,180.0,4864,0.0,0.0
2023-01-31 00:00:00-05:00,181.0,190.75,179.64999389648438,189.5,9344,0.0,0.0
2023-02-01 00:00:00-05:00,188.5,206.5,187.25,200.0,11136,0.0,0.0
2023-02-02 00:00:00-05:00,197.5,216.5,197.5,212.0,11508,0.0,0.0
2023-02-03 00:00:00-05:00,207.5,217.0,200.0,213.5,5714,0.0,0.0
2023-02-06 00:00:00-05:00,213.0,219.0,207.0,207.0,4242,0.0,0.0
2023-02-07 00:00:00-05:00,207.5,215.5,201.0,204.5,6640,0.0,0.0
2023-02-08 00:00:00-05:00,201.0,205.0,189.75,192.0,5840,0.0,0.0
2023-02-09 00:00:00-05:00,192.5,200.0,190.5,197.5,6264,0.0,0.0
2023-02-10 00:00:00-05:00,196.0,196.0,178.0,182.5,5986,0.0,0.0
2023-02-13 00:00:00-05:00,185.0,185.0,173.5,180.5,7900,0.0,0.0
2023-02-14 00:00:00-05:00,180.5,183.39999389648438,170.0,172.5,8888,0.0,0.0
2023-02-15 00:00:00-05:00,172.5,181.5,164.5,171.0,16002,0.0,0.0
2023-02-16 00:00:00-05:00,170.0,182.5,170.0,179.0,5692,0.0,0.0
2023-02-17 00:00:00-05:00,179.0,187.75,171.0,186.0,4836,0.0,0.0
2023-02-21 00:00:00-05:00,184.0,186.0,165.0,165.5,7072,0.0,0.0
2023-02-22 00:00:00-05:00,166.0,168.0,157.5,158.5,5026,0.0,0.0
2023-02-23 00:00:00-05:00,157.5,161.0,144.5,144.5,11180,0.0,0.0
2023-02-24 00:00:00-05:00,143.0,148.5,139.4499969482422,143.5,8554,0.0,0.0
2023-02-27 00:00:00-05:00,143.5,153.5,143.5,149.0,9776,0.0,0.0
2023-02-28 00:00:00-05:00,150.0,156.0,148.5,149.0,8326,0.0,0.0
2023-03-01 00:00:00-05:00,150.0,152.5,146.0,149.5,8082,0.0,0.0
2023-03-02 00:00:00-05:00,147.5,153.5,143.0,143.0,7188,0.0,0.0
2023-03-03 00:00:00-05:00,143.0,148.5,138.0,148.5,6338,0.0,0.0
2023-03-06 00:00:00-05:00,146.5,158.5,145.5,156.0,10144,0.0,0.0
2023-03-07 00:00:00-05:00,159.0,165.5,153.5,161.0,7704,0.0,0.0
2023-03-08 00:00:00-05:00,160.5,160.5,143.0,151.0,11036,0.0,0.0
2023-03-09 00:00:00-05:00,150.0,150.5,139.0,139.0,5174,0.0,0.0
2023-03-10 00:00:00-05:00,135.5,139.0,119.5,120.0,17162,0.0,0.0
2023-03-13 00:00:00-04:00,121.0,145.5,118.5,123.0,18840,0.0,0.0
2023-03-14 00:00:00-04:00,127.5,137.5,124.0999984741211,134.5,6290,0.0,0.0
2023-03-15 00:00:00-04:00,129.5,132.0,120.0,128.0,4688,0.0,0.0
2023-03-16 00:00:00-04:00,127.5,134.5,124.0,128.5,7958,0.0,0.0
2023-03-17 00:00:00-04:00,128.5,140.0,122.5,124.5,5182,0.0,0.0
2023-03-20 00:00:00-04:00,124.5,125.5,121.5,122.5,2876,0.0,0.0
2023-03-21 00:00:00-04:00,125.0,126.0,123.0,124.75,3958,0.0,0.0
2023-03-22 00:00:00-04:00,126.0,126.0,116.5,117.0,3460,0.0,0.0
2023-03-23 00:00:00-04:00,120.0,120.0,113.0,115.0,7006,0.0,0.0
2023-03-24 00:00:00-04:00,116.5,122.0,111.75,118.0,22968,0.0,0.0
2023-03-27 00:00:00-04:00,118.5,132.0,118.0,124.5,20500,0.0,0.0
2023-03-28 00:00:00-04:00,125.0,125.0,115.25,117.5,14816,0.0,0.0
2023-03-29 00:00:00-04:00,118.5,125.5,116.0,125.5,11032,0.0,0.0
2023-03-30 00:00:00-04:00,128.0,139.5,122.0,123.0,9650,0.0,0.0
2023-03-31 00:00:00-04:00,129.0,141.0,126.5,134.0,33694,0.0,0.0
2023-04-03 00:00:00-04:00,137.0,143.5,132.5,141.5,7626,0.0,0.0
2023-04-04 00:00:00-04:00,141.0,143.5,135.75,141.5,8432,0.0,0.0
2023-04-05 00:00:00-04:00,140.0,154.0,140.0,150.5,17196,0.0,0.0
2023-04-06 00:00:00-04:00,148.0,170.25,145.5,167.0,30644,0.0,0.0
2023-04-10 00:00:00-04:00,164.5,173.75,153.5,173.0,18366,0.0,0.0
2023-04-11 00:00:00-04:00,173.5,181.5,168.0,180.0,19640,0.0,0.0
2023-04-12 00:00:00-04:00,182.0,184.0,163.5,165.5,24546,0.0,0.0
2023-04-13 00:00:00-04:00,165.5,181.5,165.5,178.5,15244,0.0,0.0
2023-04-14 00:00:00-04:00,177.5,183.0,171.0,180.0,12326,0.0,0.0
2023-04-17 00:00:00-04:00,181.5,194.10000610351562,176.0,191.0,14032,0.0,0.0
2023-04-18 00:00:00-04:00,192.5,192.5,181.0,189.0,18754,0.0,0.0
2023-04-19 00:00:00-04:00,187.0,187.0,173.5,181.5,14940,0.0,0.0
2023-04-20 00:00:00-04:00,178.0,182.0,172.5,175.0,8402,0.0,0.0
2023-04-21 00:00:00-04:00,174.5,179.0,165.5,173.5,7018,0.0,0.0
2023-04-24 00:00:00-04:00,174.0,176.5,170.0,173.0,7642,0.0,0.0
2023-04-25 00:00:00-04:00,170.5,176.75,163.5,171.5,7136,0.0,0.0
2023-04-26 00:00:00-04:00,171.5,172.5,167.5,169.0,6320,0.0,0.0
2023-04-27 00:00:00-04:00,168.5,172.5,168.0,172.5,4148,0.0,0.0
2023-04-28 00:00:00-04:00,172.0,173.5,167.0,168.5,8336,0.0,0.0
2023-05-01 00:00:00-04:00,170.0,179.5,169.5,178.5,7768,0.0,0.0
2023-05-02 00:00:00-04:00,178.0,188.0,177.0,178.5,7878,0.0,0.0
2023-05-03 00:00:00-04:00,176.0,189.0,172.0,187.0,6580,0.0,0.0
2023-05-04 00:00:00-04:00,188.0,194.0,180.0,182.0,4306,0.0,0.0
2023-05-05 00:00:00-04:00,184.0,184.0,175.0,180.0,7744,0.0,0.0
2023-05-08 00:00:00-04:00,180.5,183.0,159.5,163.0,7650,0.0,0.0
2023-05-09 00:00:00-04:00,162.0,167.4499969482422,158.5,162.5,6004,0.0,0.0
2023-05-10 00:00:00-04:00,164.5,176.5,164.5,165.5,6404,0.0,0.0
2023-05-11 00:00:00-04:00,167.5,172.1999969482422,154.5,160.5,7810,0.0,0.0
2023-05-12 00:00:00-04:00,174.5,194.0,169.0,183.5,11044,0.0,0.0
2023-05-15 00:00:00-04:00,185.0,203.39999389648438,185.0,193.5,5178,0.0,0.0
2023-05-16 00:00:00-04:00,191.0,193.4499969482422,178.0,178.5,3486,0.0,0.0
2023-05-17 00:00:00-04:00,179.0,180.5,170.0,175.5,4398,0.0,0.0
2023-05-18 00:00:00-04:00,176.0,184.35000610351562,161.0,164.25,4228,0.0,0.0
2023-05-19 00:00:00-04:00,164.5,171.25,164.5,167.25,3892,0.0,0.0
2023-05-22 00:00:00-04:00,169.0,175.0,168.5,175.0,3592,0.0,0.0
2023-05-23 00:00:00-04:00,175.0,180.0,167.0,169.0,5394,0.0,0.0
2023-05-24 00:00:00-04:00,168.0,169.0,160.0,161.5,6874,0.0,0.0
2023-05-25 00:00:00-04:00,161.5,162.0,142.0,150.0,9066,0.0,0.0
2023-05-26 00:00:00-04:00,155.0,157.5,151.0,154.5,6880,0.0,0.0
2023-05-30 00:00:00-04:00,157.5,167.75,151.0,151.5,9594,0.0,0.0
2023-05-31 00:00:00-04:00,150.5,159.25,150.5,157.5,4832,0.0,0.0
2023-06-01 00:00:00-04:00,158.0,166.5,151.0,166.0,5530,0.0,0.0
2023-06-02 00:00:00-04:00,167.5,175.0,162.5,173.5,8040,0.0,0.0
2023-06-05 00:00:00-04:00,173.5,184.0,173.5,178.5,8202,0.0,0.0
2023-06-06 00:00:00-04:00,180.5,188.5,177.0,183.0,8270,0.0,0.0
2023-06-07 00:00:00-04:00,182.0,188.75,179.5,185.5,10692,0.0,0.0
2023-06-08 00:00:00-04:00,182.5,188.0,181.5,185.0,8078,0.0,0.0
2023-06-09 00:00:00-04:00,186.0,189.0,181.5,182.5,5088,0.0,0.0
2023-06-12 00:00:00-04:00,183.0,189.5,181.5,188.0,4914,0.0,0.0
2023-06-13 00:00:00-04:00,189.5,200.0,187.0,189.5,7472,0.0,0.0
2023-06-14 00:00:00-04:00,193.0,194.5,177.5,177.5,7098,0.0,0.0
2023-06-15 00:00:00-04:00,177.5,187.5,172.5,187.0,19344,0.0,0.0
2023-06-16 00:00:00-04:00,190.0,199.5,185.5,189.0,13348,0.0,0.0
2023-06-20 00:00:00-04:00,190.0,194.75,183.5,192.0,6844,0.0,0.0
2023-06-21 00:00:00-04:00,191.0,193.0,183.0,191.0,6866,0.0,0.0
2023-06-22 00:00:00-04:00,192.5,196.5,184.5,186.0,10986,0.0,0.0
2023-06-23 00:00:00-04:00,183.0,187.0,171.5,175.0,127252,0.0,0.0
2023-06-26 00:00:00-04:00,172.5,172.5,150.0500030517578,158.5,11114,0.0,0.0
2023-06-27 00:00:00-04:00,158.0,158.0,148.0,152.5,8190,0.0,0.0
2023-06-28 00:00:00-04:00,152.5,153.5,144.0,144.5,7550,0.0,0.0
2023-06-29 00:00:00-04:00,144.5,149.0,141.25,147.5,5666,0.0,0.0
2023-06-30 00:00:00-04:00,151.0,152.5,146.0,150.0,4650,0.0,0.0
2023-07-03 00:00:00-04:00,150.5,152.75,144.5,147.0,2136,0.0,0.0
2023-07-05 00:00:00-04:00,146.5,152.5,145.5,146.0,6006,0.0,0.0
2023-07-06 00:00:00-04:00,145.0,146.0,132.0,136.0,9144,0.0,0.0
2023-07-07 00:00:00-04:00,135.0,142.0,135.0,140.0,4866,0.0,0.0
2023-07-10 00:00:00-04:00,140.0,150.5,140.0,149.0,6140,0.0,0.0
2023-07-11 00:00:00-04:00,149.5,150.5,145.0,147.5,8748,0.0,0.0
2023-07-12 00:00:00-04:00,151.0,151.0,145.10000610351562,147.0,10654,0.0,0.0
2023-07-13 00:00:00-04:00,147.5,148.0,139.0,140.0,6568,0.0,0.0
2023-07-14 00:00:00-04:00,139.5,140.25,134.5,135.0,4574,0.0,0.0
2023-07-17 00:00:00-04:00,137.5,149.5,134.25,147.0,8334,0.0,0.0
2023-07-18 00:00:00-04:00,146.5,155.75,145.5,148.5,4660,0.0,0.0
2023-07-19 00:00:00-04:00,148.5,157.5,148.5,153.5,4096,0.0,0.0
2023-07-20 00:00:00-04:00,153.5,156.5,148.0,149.5,2946,0.0,0.0
2023-07-21 00:00:00-04:00,151.5,151.5,144.5,146.5,3400,0.0,0.0
2023-07-24 00:00:00-04:00,146.5,150.0,143.0,144.0,2050,0.0,0.0
2023-07-25 00:00:00-04:00,142.5,142.5,135.5,139.0,2690,0.0,0.0
2023-07-26 00:00:00-04:00,139.5,147.0,139.0,145.5,2126,0.0,0.0
2023-07-27 00:00:00-04:00,147.0,150.0,138.0,139.5,3996,0.0,0.0
2023-07-28 00:00:00-04:00,139.0,146.5,139.0,144.5,8462,0.0,0.0
2023-07-31 00:00:00-04:00,146.0,151.5,144.0,149.5,3888,0.0,0.0
2023-08-01 00:00:00-04:00,147.5,147.5,142.0,144.0,2220,0.0,0.0
2023-08-02 00:00:00-04:00,139.5,150.5,129.75,149.0,9506,0.0,0.0
2023-08-03 00:00:00-04:00,145.5,150.75,141.75,150.0,6396,0.0,0.0
2023-08-04 00:00:00-04:00,152.0,154.5,136.5,137.0,3946,0.0,0.0
2023-08-07 00:00:00-04:00,139.0,141.0,123.0,131.5,6694,0.0,0.0
2023-08-08 00:00:00-04:00,133.0,133.5,128.5,130.5,2162,0.0,0.0
2023-08-09 00:00:00-04:00,130.0,138.5,129.75,137.0,3240,0.0,0.0
2023-08-10 00:00:00-04:00,138.0,142.25,131.0,135.5,2234,0.0,0.0
2023-08-11 00:00:00-04:00,133.5,136.5,132.5,133.5,2454,0.0,0.0
2023-08-14 00:00:00-04:00,131.5,133.0,127.0,131.5,3100,0.0,0.0
2023-08-15 00:00:00-04:00,132.0,136.5,128.0,136.5,3436,0.0,0.0
2023-08-16 00:00:00-04:00,137.0,137.0,126.5,127.5,2144,0.0,0.0
2023-08-17 00:00:00-04:00,126.0,127.0,121.0,125.5,3860,0.0,0.0
2023-08-18 00:00:00-04:00,124.0,128.5,124.0,127.0,1796,0.0,0.0
2023-08-21 00:00:00-04:00,128.0,134.0,124.5,133.0,3280,0.0,0.0
2023-08-22 00:00:00-04:00,134.0,134.0,128.5,131.0,2694,0.0,0.0
2023-08-23 00:00:00-04:00,132.0,134.0,127.5,128.5,2974,0.0,0.0
2023-08-24 00:00:00-04:00,127.5,128.5,122.25,123.5,2384,0.0,0.0
2023-08-25 00:00:00-04:00,124.0,125.5,115.0,121.5,4832,0.0,0.0
2023-08-28 00:00:00-04:00,123.0,126.5,119.0,125.5,1836,0.0,0.0
2023-08-29 00:00:00-04:00,125.5,131.5,125.5,131.5,2244,0.0,0.0
2023-08-30 00:00:00-04:00,131.0,133.0,125.5,127.5,3404,0.0,0.0
2023-08-31 00:00:00-04:00,128.0,132.0,125.0,125.5,2098,0.0,0.0
2023-09-01 00:00:00-04:00,125.0,131.5,124.5,131.0,10418,0.0,0.0
2023-09-05 00:00:00-04:00,131.0,134.5,125.5,126.0,4216,0.0,0.0
2023-09-06 00:00:00-04:00,127.0,131.0,123.25,130.5,4310,0.0,0.0
2023-09-07 00:00:00-04:00,130.5,130.5,121.5,122.0,2708,0.0,0.0
2023-09-08 00:00:00-04:00,121.5,125.5,119.0,119.5,3534,0.0,0.0
2023-09-11 00:00:00-04:00,122.0,123.25,117.5,118.0,2374,0.0,0.0
2023-09-12 00:00:00-04:00,118.5,121.25,110.0,110.5,5712,0.0,0.0
2023-09-13 00:00:00-04:00,111.0,113.5,102.0,102.0,5322,0.0,0.0
2023-09-14 00:00:00-04:00,104.5,108.25,102.0,103.0,9466,0.0,0.0
2023-09-15 00:00:00-04:00,104.5,105.5,101.5,104.0,8806,0.0,0.0
2023-09-18 00:00:00-04:00,104.5,104.5,96.5,97.5,5856,0.0,0.0
2023-09-19 00:00:00-04:00,97.5,101.5,97.0,100.5,6154,0.0,0.0
2023-09-20 00:00:00-04:00,101.0,102.3499984741211,99.0,100.0,3742,0.0,0.0
2023-09-21 00:00:00-04:00,99.0,100.5,97.25,98.5,2938,0.0,0.0
2023-09-22 00:00:00-04:00,98.0,99.5,89.0,89.5,7522,0.0,0.0
2023-09-25 00:00:00-04:00,90.5,91.0,83.5,86.0,5898,0.0,0.0
2023-09-26 00:00:00-04:00,86.5,89.75,85.5,87.5,2382,0.0,0.0
2023-09-27 00:00:00-04:00,87.0,92.5,87.0,91.0,5900,0.0,0.0
2023-09-28 00:00:00-04:00,91.5,95.25,87.5,89.5,3766,0.0,0.0
2023-09-29 00:00:00-04:00,90.0,93.5,85.0,85.0,2258,0.0,0.0
2023-10-02 00:00:00-04:00,84.0,85.5,77.5,81.5,8284,0.0,0.0
2023-10-03 00:00:00-04:00,81.5,83.0,75.0,75.5,4922,0.0,0.0
2023-10-04 00:00:00-04:00,76.0,81.0,75.44999694824219,80.5,5108,0.0,0.0
2023-10-05 00:00:00-04:00,80.5,89.5,79.75,88.5,5382,0.0,0.0
2023-10-06 00:00:00-04:00,88.0,92.25,87.0,88.0,4274,0.0,0.0
2023-10-09 00:00:00-04:00,87.5,92.5,83.75,86.0,2940,0.0,0.0
2023-10-10 00:00:00-04:00,86.0,100.5,86.0,99.0,9140,0.0,0.0
2023-10-11 00:00:00-04:00,101.5,105.5,90.0,91.5,4964,0.0,0.0
2023-10-12 00:00:00-04:00,92.0,92.5,85.0,86.5,5610,0.0,0.0
2023-10-13 00:00:00-04:00,86.0,87.5,79.5,82.5,4444,0.0,0.0
2023-10-16 00:00:00-04:00,83.5,86.0,80.25,84.0,4018,0.0,0.0
2023-10-17 00:00:00-04:00,84.0,92.5,84.0,90.0,4238,0.0,0.0
2023-10-18 00:00:00-04:00,88.5,89.75,86.55000305175781,88.5,2792,0.0,0.0
2023-10-19 00:00:00-04:00,88.5,89.0,82.0,82.5,3028,0.0,0.0
2023-10-20 00:00:00-04:00,82.5,84.5,79.5,80.0,40666,0.0,0.0
2023-10-23 00:00:00-04:00,78.5,78.75,71.0,72.5,6734,0.0,0.0
2023-10-24 00:00:00-04:00,73.0,77.5,66.0,67.0,6730,0.0,0.0
2023-10-25 00:00:00-04:00,67.0,71.0,62.0,64.5,24792,0.0,0.0
2023-10-26 00:00:00-04:00,66.0,68.0,63.5,66.5,10962,0.0,0.0
2023-10-27 00:00:00-04:00,68.0,70.75,62.0,63.5,11278,0.0,0.0
2023-10-30 00:00:00-04:00,67.0,73.75,65.0,73.5,8122,0.0,0.0
2023-10-31 00:00:00-04:00,72.0,76.5,70.5,73.5,6796,0.0,0.0
2023-11-01 00:00:00-04:00,71.5,77.0,67.0,76.0,8372,0.0,0.0
2023-11-02 00:00:00-04:00,76.0,83.75,73.25,81.5,8034,0.0,0.0
2023-11-03 00:00:00-04:00,82.5,97.5,82.5,92.5,7476,0.0,0.0
2023-11-06 00:00:00-05:00,95.0,95.0,87.25,92.0,6526,0.0,0.0
2023-11-07 00:00:00-05:00,93.0,93.5,86.0,88.0,4540,0.0,0.0
2023-11-08 00:00:00-05:00,89.5,95.5,79.75,82.5,10718,0.0,0.0
2023-11-09 00:00:00-05:00,83.5,85.0,73.0,73.25,4090,0.0,0.0
2023-11-10 00:00:00-05:00,74.0,75.5,68.75,69.75,3896,0.0,0.0
2023-11-13 00:00:00-05:00,70.5,75.5,69.0,74.0,4914,0.0,0.0
2023-11-14 00:00:00-05:00,78.5,83.5,73.5,80.5,10354,0.0,0.0
2023-11-15 00:00:00-05:00,80.0,86.55000305175781,79.5999984741211,80.5,6770,0.0,0.0
2023-11-16 00:00:00-05:00,79.5,80.0,74.75,75.0,2924,0.0,0.0
2023-11-17 00:00:00-05:00,76.0,82.0,75.75,81.5,3850,0.0,0.0
2023-11-20 00:00:00-05:00,83.0,87.5,81.6500015258789,83.5,3744,0.0,0.0
2023-11-21 00:00:00-05:00,81.5,83.25,77.75,80.0,5740,0.0,0.0
2023-11-22 00:00:00-05:00,84.0,84.0,77.0,80.5,42082,0.0,0.0
2023-11-24 00:00:00-05:00,79.5,80.0,77.5,79.5,3568,0.0,0.0
2023-11-27 00:00:00-05:00,78.0,80.0,73.5,73.5,4948,0.0,0.0
2023-11-28 00:00:00-05:00,75.0,81.0,72.5,79.5,8810,0.0,0.0
2023-11-29 00:00:00-05:00,83.0,88.5,82.0,85.0,7088,0.0,0.0
2023-11-30 00:00:00-05:00,85.5,95.5,85.5,88.5,12612,0.0,0.0
2023-12-01 00:00:00-05:00,88.5,92.5,83.0,88.5,11844,0.0,0.0
2023-12-04 00:00:00-05:00,86.0,88.75,67.5,68.5,35752,0.0,0.0
2023-12-05 00:00:00-05:00,69.5,75.75,67.75,70.0,13900,0.0,0.0
2023-12-06 00:00:00-05:00,71.0,72.5,68.5,70.0,11898,0.0,0.0
2023-12-07 00:00:00-05:00,72.0,78.0,70.4000015258789,77.5,10302,0.0,0.0
2023-12-08 00:00:00-05:00,77.0,81.5,74.3499984741211,79.5,5450,0.0,0.0
2023-12-11 00:00:00-05:00,82.0,83.5,77.5,82.0,7846,0.0,0.0
2023-12-12 00:00:00-05:00,83.0,88.0,78.0,86.0,11288,0.0,0.0
2023-12-13 00:00:00-05:00,89.5,109.5,84.0,106.0,17550,0.0,0.0
2023-12-14 00:00:00-05:00,106.0,112.0,95.0,99.5,11586,0.0,0.0
2023-12-15 00:00:00-05:00,101.5,111.5,100.0,105.5,14930,0.0,0.0
2023-12-18 00:00:00-05:00,108.0,108.0,93.0,99.25,12042,0.0,0.0
2023-12-19 00:00:00-05:00,101.0,106.0,97.0,99.75,6606,0.0,0.0
2023-12-20 00:00:00-05:00,105.0,111.5,100.0,101.0,9216,0.0,0.0
2023-12-21 00:00:00-05:00,108.0,117.5,108.0,112.5,10690,0.0,0.0
2023-12-22 00:00:00-05:00,114.5,117.25,111.0,111.5,8280,0.0,0.0
2023-12-26 00:00:00-05:00,111.0,120.5,111.0,118.5,9466,0.0,0.0
2023-12-27 00:00:00-05:00,128.0,161.0,123.75,159.0,21992,0.0,0.0
2023-12-28 00:00:00-05:00,153.5,154.5,138.25,140.5,14878,0.0,0.0
2023-12-29 00:00:00-05:00,141.5,141.5,121.5,123.0,16270,0.0,0.0
2024-01-02 00:00:00-05:00,122.0,134.25,120.5,132.5,8930,0.0,0.0
2024-01-03 00:00:00-05:00,130.0,131.75,119.0,122.5,8638,0.0,0.0
2024-01-04 00:00:00-05:00,123.5,128.0,119.25,119.75,3788,0.0,0.0
2024-01-05 00:00:00-05:00,117.5,121.0,105.0,119.0,7816,0.0,0.0
2024-01-08 00:00:00-05:00,119.0,128.0,112.75,125.0,6734,0.0,0.0
2024-01-09 00:00:00-05:00,123.0,128.5,116.5,127.5,9298,0.0,0.0
2024-01-10 00:00:00-05:00,124.0,133.5,123.25,129.5,7680,0.0,0.0
2024-01-11 00:00:00-05:00,127.5,130.5,117.05000305175781,120.5,6518,0.0,0.0
2024-01-12 00:00:00-05:00,121.5,127.5,118.0999984741211,120.5,4772,0.0,0.0
2024-01-16 00:00:00-05:00,122.5,125.9000015258789,109.25,112.5,14534,0.0,0.0
2024-01-17 00:00:00-05:00,110.5,110.5,105.5,110.0,5578,0.0,0.0
2024-01-18 00:00:00-05:00,107.5,111.0,101.0,104.0,6740,0.0,0.0
2024-01-19 00:00:00-05:00,105.0,105.0,97.5,99.0,7656,0.0,0.0
2024-01-22 00:00:00-05:00,102.0,102.0,96.0,100.0,6334,0.0,0.0
2024-01-23 00:00:00-05:00,100.0,100.5,96.75,98.0,10734,0.0,0.0
2024-01-24 00:00:00-05:00,104.0,106.5,98.5,103.0,5772,0.0,0.0
2024-01-25 00:00:00-05:00,105.0,109.5,100.5,106.5,7690,0.0,0.0
2024-01-26 00:00:00-05:00,103.0,108.5,100.0,103.0,4330,0.0,0.0
2024-01-29 00:00:00-05:00,101.5,109.44999694824219,99.0,108.5,4072,0.0,0.0
2024-01-30 00:00:00-05:00,106.0,106.0,97.0,99.75,6100,0.0,0.0
2024-01-31 00:00:00-05:00,97.5,101.5,95.0,95.75,5358,0.0,0.0
2024-02-01 00:00:00-05:00,95.5,95.5,88.5,94.0,7688,0.0,0.0
2024-02-02 00:00:00-05:00,90.5,116.0,90.5,107.5,20986,0.0,0.0
2024-02-05 00:00:00-05:00,110.0,135.0,109.5,123.5,29946,0.0,0.0
2024-02-06 00:00:00-05:00,124.5,139.5,122.0,135.0,10400,0.0,0.0
2024-02-07 00:00:00-05:00,134.0,146.0,125.0,140.0,11674,0.0,0.0
2024-02-08 00:00:00-05:00,140.5,149.5,137.0500030517578,145.5,10566,0.0,0.0
2024-02-09 00:00:00-05:00,148.0,150.0,136.0,137.5,7174,0.0,0.0
2024-02-12 00:00:00-05:00,138.5,144.5,134.0,137.5,7576,0.0,0.0
2024-02-13 00:00:00-05:00,132.5,134.0,112.75,115.5,11934,0.0,0.0
2024-02-14 00:00:00-05:00,115.5,128.5,112.5,127.5,8626,0.0,0.0
2024-02-15 00:00:00-05:00,127.5,135.5,124.0,132.5,6220,0.0,0.0
2024-02-16 00:00:00-05:00,131.5,137.0,110.5,113.0,14908,0.0,0.0
2024-02-20 00:00:00-05:00,110.0,122.0,109.0,120.5,8618,0.0,0.0
2024-02-21 00:00:00-05:00,119.5,121.9000015258789,115.75,120.5,6304,0.0,0.0
2024-02-22 00:00:00-05:00,119.0,122.0,117.5,118.0,4428,0.0,0.0
2024-02-23 00:00:00-05:00,118.5,125.5,113.75,124.0,6536,0.0,0.0
2024-02-26 00:00:00-05:00,123.5,129.64999389648438,121.0,123.5,2992,0.0,0.0
2024-02-27 00:00:00-05:00,126.5,142.5,122.25,142.0,12532,0.0,0.0
2024-02-28 00:00:00-05:00,141.5,142.5,132.5,133.5,4602,0.0,0.0
2024-02-29 00:00:00-05:00,134.0,140.39999389648438,129.0,135.0,6340,0.0,0.0
2024-03-01 00:00:00-05:00,134.0,142.75,132.75,142.5,10930,0.0,0.0
2024-03-04 00:00:00-05:00,141.0,142.75,132.75,138.5,6832,0.0,0.0
2024-03-05 00:00:00-05:00,134.0,142.5,132.25,138.5,5228,0.0,0.0
2024-03-06 00:00:00-05:00,137.0,142.5,136.0,142.0,5514,0.0,0.0
2024-03-07 00:00:00-05:00,140.5,142.5,138.0,142.0,5376,0.0,0.0
2024-03-08 00:00:00-05:00,143.5,146.3000030517578,133.5,138.5,9248,0.0,0.0
2024-03-11 00:00:00-04:00,133.5,143.25,133.5,142.5,8968,0.0,0.0
2024-03-12 00:00:00-04:00,142.5,147.5,128.25,129.5,7046,0.0,0.0
2024-03-13 00:00:00-04:00,131.0,135.0,126.75,127.75,2966,0.0,0.0
2024-03-14 00:00:00-04:00,126.5,128.0,114.0,119.25,7876,0.0,0.0
2024-03-15 00:00:00-04:00,119.0,122.0,117.5,122.0,5228,0.0,0.0
2024-03-18 00:00:00-04:00,122.5,122.5,115.25,117.0,6260,0.0,0.0
2024-03-19 00:00:00-04:00,117.0,130.0,112.0,123.0,7990,0.0,0.0
2024-03-20 00:00:00-04:00,122.0,122.0,113.0,119.0,5392,0.0,0.0
2024-03-21 00:00:00-04:00,121.5,125.5,117.5,120.5,4522,0.0,0.0
2024-03-22 00:00:00-04:00,121.5,123.5,118.5,120.5,3182,0.0,0.0
2024-03-25 00:00:00-04:00,122.5,124.0,115.25,116.5,2572,0.0,0.0
2024-03-26 00:00:00-04:00,128.5,151.0,126.5,150.5,37662,0.0,0.0
2024-03-27 00:00:00-04:00,152.0,183.5,150.5500030517578,173.0,44826,0.0,0.0
2024-03-28 00:00:00-04:00,175.0,177.5,166.25,172.0,14074,0.0,0.0
2024-04-01 00:00:00-04:00,175.0,192.5,163.0,169.5,24030,0.0,0.0
2024-04-02 00:00:00-04:00,169.5,183.5,158.5,176.0,18572,0.0,0.0
2024-04-03 00:00:00-04:00,177.5,198.39999389648438,177.5,185.0,25590,0.0,0.0
2024-04-04 00:00:00-04:00,189.0,201.0,184.25,196.0,30142,0.0,0.0
2024-04-05 00:00:00-04:00,197.0,199.5,186.5500030517578,190.0,20408,0.0,0.0
2024-04-08 00:00:00-04:00,198.5,198.5,184.0,191.5,6548,0.0,0.0
2024-04-09 00:00:00-04:00,189.5,193.5,175.75,178.5,10132,0.0,0.0
2024-04-10 00:00:00-04:00,181.0,181.0,160.5,162.5,9550,0.0,0.0
2024-04-11 00:00:00-04:00,162.5,171.5,160.75,167.5,5522,0.0,0.0
2024-04-12 00:00:00-04:00,164.0,166.0,155.5,156.5,9712,0.0,0.0
2024-04-15 00:00:00-04:00,156.5,157.0,140.5,143.0,11990,0.0,0.0
2024-04-16 00:00:00-04:00,142.5,142.5,130.5,131.25,9682,0.0,0.0
2024-04-17 00:00:00-04:00,134.5,137.5,125.75,126.5,11288,0.0,0.0
2024-04-18 00:00:00-04:00,127.0,127.5,119.5,121.5,7242,0.0,0.0
2024-04-19 00:00:00-04:00,121.0,125.25,105.0,105.25,15932,0.0,0.0
2024-04-22 00:00:00-04:00,105.5,109.0,100.25,109.0,17440,0.0,0.0
2024-04-23 00:00:00-04:00,109.0,116.0,109.0,112.0,13454,0.0,0.0
2024-04-24 00:00:00-04:00,112.0,119.0,112.0,117.5,7916,0.0,0.0
2024-04-25 00:00:00-04:00,116.0,117.0,110.4000015258789,112.5,7980,0.0,0.0
2024-04-26 00:00:00-04:00,113.0,127.5,111.5,127.0,5904,0.0,0.0
2024-04-29 00:00:00-04:00,127.0,134.5,126.0,129.0,9570,0.0,0.0
2024-04-30 00:00:00-04:00,127.5,127.5,110.5,112.75,13190,0.0,0.0
2024-05-01 00:00:00-04:00,113.0,176.5,113.0,168.5,81934,0.0,0.0
2024-05-02 00:00:00-04:00,164.5,167.0,136.25,158.0,27170,0.0,0.0
2024-05-03 00:00:00-04:00,161.5,166.5,155.0,162.5,9054,0.0,0.0
2024-05-06 00:00:00-04:00,162.5,168.5,151.0,158.5,11214,0.0,0.0
2024-05-07 00:00:00-04:00,158.5,164.0,147.5,154.5,8366,0.0,0.0
2024-05-08 00:00:00-04:00,151.5,171.0,150.5,156.5,11292,0.0,0.0
2024-05-09 00:00:00-04:00,157.5,157.5,140.0,145.5,10272,0.0,0.0
2024-05-10 00:00:00-04:00,147.0,154.0,131.5,135.5,12288,0.0,0.0
2024-05-13 00:00:00-04:00,136.5,142.75,129.5,132.0,20794,0.0,0.0
2024-05-14 00:00:00-04:00,135.0,145.0,130.0,130.5,20876,0.0,0.0
2024-05-15 00:00:00-04:00,144.0,159.0,137.0,150.0,26306,0.0,0.0
2024-05-16 00:00:00-04:00,150.0,166.0,146.0,155.0,13374,0.0,0.0
2024-05-17 00:00:00-04:00,156.0,158.0,141.0,141.5,11452,0.0,0.0
2024-05-20 00:00:00-04:00,142.5,143.25,121.0,122.75,26622,0.0,0.0
2024-05-21 00:00:00-04:00,122.5,122.5,111.5,116.5,13972,0.0,0.0
2024-05-22 00:00:00-04:00,115.0,121.0,112.5,114.0,8080,0.0,0.0
2024-05-23 00:00:00-04:00,113.5,113.75,103.5,105.0,11736,0.0,0.0
2024-05-24 00:00:00-04:00,108.0,108.0,68.5,85.5,62718,0.0,0.0
2024-05-28 00:00:00-04:00,86.0,89.5,78.75,84.0,18582,0.0,0.0
2024-05-29 00:00:00-04:00,82.5,83.25,72.5,76.0,16356,0.0,0.0
2024-05-30 00:00:00-04:00,76.0,82.0999984741211,73.5,75.75,17262,0.0,0.0
2024-05-31 00:00:00-04:00,78.5,81.25,69.0,75.5,17432,0.0,0.0
2024-06-03 00:00:00-04:00,76.0,79.5,73.5,79.5,13680,0.0,0.0
2024-06-04 00:00:00-04:00,78.0,86.5,77.5,81.0,13054,0.0,0.0
2024-06-05 00:00:00-04:00,81.0,87.25,78.0,87.0,8968,0.0,0.0
2024-06-06 00:00:00-04:00,87.5,91.5,82.0,82.5,11122,0.0,0.0
2024-06-07 00:00:00-04:00,82.5,82.5,72.0,76.0,11442,0.0,0.0
2024-06-10 00:00:00-04:00,75.0,77.0,68.0,74.75,10820,0.0,0.0
2024-06-11 00:00:00-04:00,71.5,86.5,71.5,80.75,14312,0.0,0.0
2024-06-12 00:00:00-04:00,83.5,83.5,75.5,79.0,9274,0.0,0.0
2024-06-13 00:00:00-04:00,78.5,79.5,75.5,78.5,3848,0.0,0.0
2024-06-14 00:00:00-04:00,77.0,81.25,76.5,79.5,3914,0.0,0.0
2024-06-17 00:00:00-04:00,79.0,81.0,76.75,78.0,5172,0.0,0.0
2024-06-18 00:00:00-04:00,79.0,83.5,76.0,80.0,7618,0.0,0.0
2024-06-20 00:00:00-04:00,77.5,81.0,70.5,70.75,11740,0.0,0.0
2024-06-21 00:00:00-04:00,71.0,79.25,71.0,75.5,10454,0.0,0.0
2024-06-24 00:00:00-04:00,74.0,79.5,72.5,78.0,7950,0.0,0.0
2024-06-25 00:00:00-04:00,77.0,78.0,75.0,76.5,6864,0.0,0.0
2024-06-26 00:00:00-04:00,76.5,82.5,70.0,70.5,15100,0.0,0.0
2024-06-27 00:00:00-04:00,71.0,77.25,68.0,73.5,12216,0.0,0.0
2024-06-28 00:00:00-04:00,72.0,76.0,68.5,68.5,115272,0.0,0.0
2024-07-01 00:00:00-04:00,67.0,70.25,64.5,67.5,20900,0.0,0.0
2024-07-02 00:00:00-04:00,68.0,70.5,63.0,66.0,18470,0.0,0.0
2024-07-03 00:00:00-04:00,67.0,72.5,64.5,71.5,16516,0.0,0.0
2024-07-05 00:00:00-04:00,71.5,71.5,66.0,66.0,12868,0.0,0.0
2024-07-08 00:00:00-04:00,66.0,68.5,62.0,63.5,12804,0.0,0.0
2024-07-09 00:00:00-04:00,65.5,65.5,57.0,58.5,34272,0.0,0.0
2024-07-10 00:00:00-04:00,63.5,72.3499984741211,59.5,71.0,21518,0.0,0.0
2024-07-11 00:00:00-04:00,74.0,83.0,72.0,80.0,15088,0.0,0.0
2024-07-12 00:00:00-04:00,81.5,91.0,79.0,90.0,17746,0.0,0.0
2024-07-15 00:00:00-04:00,92.5,96.0,83.0,87.5,18820,0.0,0.0
2024-07-16 00:00:00-04:00,89.0,104.5,87.5,102.5,23988,0.0,0.0
2024-07-17 00:00:00-04:00,100.0,100.0,78.5,90.5,30998,0.0,0.0
2024-07-18 00:00:00-04:00,93.0,93.25,85.5,89.0,8628,0.0,0.0
2024-07-19 00:00:00-04:00,87.5,89.0,81.5,85.0,10550,0.0,0.0
2024-07-22 00:00:00-04:00,84.5,89.0,83.5,87.0,5794,0.0,0.0
2024-07-23 00:00:00-04:00,90.0,95.30000305175781,83.5,87.5,34352,0.0,0.0
2024-07-24 00:00:00-04:00,84.0,90.0,83.5,85.5,12264,0.0,0.0
2024-07-25 00:00:00-04:00,84.5,90.0,84.5,85.0,10888,0.0,0.0
2024-07-26 00:00:00-04:00,85.0,86.25,79.5,81.0,8280,0.0,0.0
2024-07-29 00:00:00-04:00,82.0,85.0,77.0,82.5,11958,0.0,0.0
2024-07-30 00:00:00-04:00,82.0,84.0,80.25,81.5,7626,0.0,0.0
2024-07-31 00:00:00-04:00,83.0,96.0,80.0,90.5,40008,0.0,0.0
2024-08-01 00:00:00-04:00,92.5,93.0,82.5,87.5,22122,0.0,0.0
2024-08-02 00:00:00-04:00,84.0,85.0,77.0,79.5,15648,0.0,0.0
2024-08-05 00:00:00-04:00,70.5,77.5,66.5,77.5,14688,0.0,0.0
2024-08-06 00:00:00-04:00,77.0,78.0,71.5,72.0,9732,0.0,0.0
2024-08-07 00:00:00-04:00,72.5,74.5,68.5,69.5,9600,0.0,0.0
2024-08-08 00:00:00-04:00,73.0,76.5,68.5,73.5,12516,0.0,0.0
2024-08-09 00:00:00-04:00,75.0,79.0,71.0,73.5,9348,0.0,0.0
2024-08-12 00:00:00-04:00,74.0,75.0,68.5,69.5,11054,0.0,0.0
2024-08-13 00:00:00-04:00,72.5,72.5,68.25,70.0,7758,0.0,0.0
2024-08-14 00:00:00-04:00,69.5,86.5,66.0,84.0,69318,0.0,0.0
2024-08-15 00:00:00-04:00,91.0,106.55000305175781,87.5,94.0,100482,0.0,0.0
2024-08-16 00:00:00-04:00,96.0,96.75,87.5,95.0,23332,0.0,0.0
2024-08-19 00:00:00-04:00,97.5,109.5,91.0,95.0,41334,0.0,0.0
2024-08-20 00:00:00-04:00,94.0,97.5,90.5,94.5,11546,0.0,0.0
2024-08-21 00:00:00-04:00,97.5,98.5,92.0,94.5,17344,0.0,0.0
2024-08-22 00:00:00-04:00,98.0,98.0,88.5,90.0,15080,0.0,0.0
2024-08-23 00:00:00-04:00,92.5,95.5,86.5,94.5,11320,0.0,0.0
2024-08-26 00:00:00-04:00,96.0,97.0,89.5,93.5,11264,0.0,0.0
2024-08-27 00:00:00-04:00,91.0,92.5,86.5,89.5,8564,0.0,0.0
2024-08-28 00:00:00-04:00,88.5,90.4000015258789,85.6500015258789,89.5,7844,0.0,0.0
2024-08-29 00:00:00-04:00,90.5,93.25,88.0,91.0,5494,0.0,0.0
2024-08-30 00:00:00-04:00,90.0,92.5,86.0,88.5,9146,0.0,0.0
2024-09-03 00:00:00-04:00,87.0,97.0,87.0,91.5,22230,0.0,0.0
2024-09-04 00:00:00-04:00,89.5,94.0,88.0,89.0,6252,0.0,0.0
2024-09-05 00:00:00-04:00,89.0,92.5,88.0,92.5,9452,0.0,0.0
2024-09-06 00:00:00-04:00,92.5,94.0,86.0,87.0,9594,0.0,0.0
2024-09-09 00:00:00-04:00,87.5,95.75,86.0,91.0,21570,0.0,0.0
2024-09-10 00:00:00-04:00,90.5,91.5,86.0,90.5,15264,0.0,0.0
2024-09-11 00:00:00-04:00,90.0,91.5,88.25,89.5,5462,0.0,0.0
2024-09-12 00:00:00-04:00,91.0,91.0,83.5,86.5,17070,0.0,0.0
2024-09-13 00:00:00-04:00,86.0,91.25,83.5,90.5,6426,0.0,0.0
2024-09-16 00:00:00-04:00,92.5,92.5,83.0,84.0,15186,0.0,0.0
2024-09-17 00:00:00-04:00,84.5,86.0,82.5,84.0,7186,0.0,0.0
2024-09-18 00:00:00-04:00,83.5,87.0,82.5,83.0,9172,0.0,0.0
2024-09-19 00:00:00-04:00,86.5,89.25,84.5,87.0,8038,0.0,0.0
2024-09-20 00:00:00-04:00,86.0,88.5,85.0,86.0,5104,0.0,0.0
2024-09-23 00:00:00-04:00,83.0,85.0,81.0,83.0,16500,0.0,0.0
2024-09-24 00:00:00-04:00,83.0,87.75,83.0,84.5,6048,0.0,0.0
2024-09-25 00:00:00-04:00,84.5,87.0,80.5,80.75,7822,0.0,0.0
2024-09-26 00:00:00-04:00,82.5,82.5,79.5,81.5,4900,0.0,0.0
2024-09-27 00:00:00-04:00,82.0,82.0,77.5,81.5,24208,0.0,0.0
2024-09-30 00:00:00-04:00,82.0,88.0,80.5,88.0,16700,0.0,0.0
2024-10-01 00:00:00-04:00,96.75,120.0,84.0,86.5,181794,0.0,0.0
2024-10-02 00:00:00-04:00,92.0,114.0,87.0,101.5,154162,0.0,0.0
2024-10-03 00:00:00-04:00,104.0,120.0,98.5,117.5,141988,0.0,0.0
2024-10-04 00:00:00-04:00,116.5,120.0,105.5,110.0,43744,0.0,0.0
2024-10-07 00:00:00-04:00,110.0,116.0,106.0,107.5,24958,0.0,0.0
2024-10-08 00:00:00-04:00,107.0,112.25,101.5,102.5,23432,0.0,0.0
2024-10-09 00:00:00-04:00,103.0,105.0,97.75,100.0,22386,0.0,0.0
2024-10-10 00:00:00-04:00,99.0,99.5,93.0,96.5,18554,0.0,0.0
2024-10-11 00:00:00-04:00,96.0,103.5,94.5,103.5,16576,0.0,0.0
2024-10-14 00:00:00-04:00,100.5,103.5,97.0,100.5,15944,0.0,0.0
2024-10-15 00:00:00-04:00,100.0,103.5,96.9000015258789,97.5,15582,0.0,0.0
2024-10-16 00:00:00-04:00,99.5,100.0,92.0,98.0,23280,0.0,0.0
2024-10-17 00:00:00-04:00,98.0,99.25,92.0,92.5,15372,0.0,0.0
2024-10-18 00:00:00-04:00,92.5,97.0,92.5,97.0,11386,0.0,0.0
2024-10-21 00:00:00-04:00,96.0,100.0,93.5,97.5,19196,0.0,0.0
2024-10-22 00:00:00-04:00,97.0,99.0,93.75,96.5,29808,0.0,0.0
2024-10-23 00:00:00-04:00,96.5,97.5,93.5,95.0,7826,0.0,0.0
2024-10-24 00:00:00-04:00,95.0,96.5,94.25,95.5,6628,0.0,0.0
2024-10-25 00:00:00-04:00,95.5,100.0,94.5,99.5,12512,0.0,0.0
2024-10-28 00:00:00-04:00,101.0,106.25,98.5,104.5,13888,0.0,0.0
2024-10-29 00:00:00-04:00,105.5,106.5,99.25,100.5,11164,0.0,0.0
2024-10-30 00:00:00-04:00,100.0,105.5,99.75,101.0,8028,0.0,0.0
2024-10-31 00:00:00-04:00,100.0,101.5,96.0,96.0,11772,0.0,0.0
2024-11-01 00:00:00-04:00,97.5,105.0,97.0,104.5,9404,0.0,0.0
2024-11-04 00:00:00-05:00,104.0,107.5,100.0,100.0,23266,0.0,0.0
2024-11-05 00:00:00-05:00,99.0,104.75,97.5,103.5,9200,0.0,0.0
2024-11-06 00:00:00-05:00,107.0,108.5,101.1500015258789,103.0,9824,0.0,0.0
2024-11-07 00:00:00-05:00,103.0,118.0,101.0,111.0,42130,0.0,0.0
2024-11-08 00:00:00-05:00,113.0,113.0,102.0,105.0,21650,0.0,0.0
2024-11-11 00:00:00-05:00,109.0,126.25,106.5,118.5,47614,0.0,0.0
2024-11-12 00:00:00-05:00,120.0,123.25,108.0,109.5,25276,0.0,0.0
2024-11-13 00:00:00-05:00,105.0,119.0,98.5,99.5,24458,0.0,0.0
2024-11-14 00:00:00-05:00,100.5,102.5,83.5,85.5,52492,0.0,0.0
2024-11-15 00:00:00-05:00,85.0,88.75,75.0,78.0,34630,0.0,0.0
2024-11-18 00:00:00-05:00,78.0,82.0,73.0,75.5,24072,0.0,0.0
2024-11-19 00:00:00-05:00,74.5,79.0,74.5,75.0,17208,0.0,0.0
2024-11-20 00:00:00-05:00,75.5,76.75,71.5,74.0,12780,0.0,0.0
2024-11-21 00:00:00-05:00,72.5,75.0,66.5,69.5,39420,0.0,0.0
2024-11-22 00:00:00-05:00,68.5,95.0,68.5,78.5,31244,0.0,0.0
2024-11-25 00:00:00-05:00,80.0,84.5,78.05000305175781,83.0,14826,0.0,0.0
2024-11-26 00:00:00-05:00,82.5,82.5,77.5,78.5,12736,0.0,0.0
2024-11-27 00:00:00-05:00,80.0,83.5,78.5,82.0,6050,0.0,0.0
2024-11-29 00:00:00-05:00,82.5,87.0,82.5,84.0,5408,0.0,0.0
2024-12-02 00:00:00-05:00,83.5,87.0,81.5,83.5,8566,0.0,0.0
2024-12-03 00:00:00-05:00,84.0,84.0,78.5,79.5,11242,0.0,0.0
2024-12-04 00:00:00-05:00,79.5,85.5,79.5,80.5,12542,0.0,0.0
2024-12-05 00:00:00-05:00,80.5,81.5,77.5,78.0,6716,0.0,0.0
2024-12-06 00:00:00-05:00,78.5,84.0,78.5,82.0,8266,0.0,0.0
2024-12-09 00:00:00-05:00,81.5,86.0,80.75,81.0,9612,0.0,0.0
2024-12-10 00:00:00-05:00,82.5,82.5,78.5,80.5,8178,0.0,0.0
2024-12-11 00:00:00-05:00,80.5,81.0,74.5,76.5,10724,0.0,0.0
2024-12-12 00:00:00-05:00,75.0,76.5,70.0,71.5,16084,0.0,0.0
2024-12-13 00:00:00-05:00,73.0,74.5,70.75,72.5,6102,0.0,0.0
2024-12-16 00:00:00-05:00,72.0,73.4000015258789,67.5,67.5,12614,0.0,0.0
2024-12-17 00:00:00-05:00,67.5,69.0,64.0,65.5,14896,0.0,0.0
2024-12-18 00:00:00-05:00,67.0,67.0,58.5,59.0,17454,0.0,0.0
2024-12-19 00:00:00-05:00,60.0,65.0,59.0,59.5,21256,0.0,0.0
2024-12-20 00:00:00-05:00,54.0,54.0,33.5,34.599998474121094,124950,0.0,0.0
2024-12-23 00:00:00-05:00,36.5,37.5,30.5,30.549999237060547,50136,0.0,0.0
2024-12-24 00:00:00-05:00,31.75,32.5,28.5,31.049999237060547,35142,0.0,0.0
2024-12-26 00:00:00-05:00,32.5,33.0,31.5,32.0,27990,0.0,0.0
2024-12-27 00:00:00-05:00,31.5,32.29999923706055,31.0,31.899999618530273,21546,0.0,0.0
2024-12-30 00:00:00-05:00,32.0,32.5,29.399999618530273,29.5,29398,0.0,0.0
2024-12-31 00:00:00-05:00,30.0,31.25,28.600000381469727,29.549999237060547,23738,0.0,0.0
2025-01-02 00:00:00-05:00,31.0,31.350000381469727,29.25,30.700000762939453,44216,0.0,0.0
2025-01-03 00:00:00-05:00,30.75,33.900001525878906,29.899999618530273,33.900001525878906,49066,0.0,0.0
2025-01-06 00:00:00-05:00,33.5,34.20000076293945,30.049999237060547,30.100000381469727,49032,0.0,0.0
2025-01-07 00:00:00-05:00,31.0,32.45000076293945,30.0,30.200000762939453,29862,0.0,0.0
2025-01-08 00:00:00-05:00,31.0,31.5,27.350000381469727,28.0,35878,0.0,0.0
2025-01-10 00:00:00-05:00,28.0,28.049999237060547,26.0,26.600000381469727,26254,0.0,0.0
2025-01-13 00:00:00-05:00,27.0,27.5,24.0,24.950000762939453,28832,0.0,0.0
2025-01-14 00:00:00-05:00,24.700000762939453,25.350000381469727,22.5,25.0,20564,0.0,0.0
2025-01-15 00:00:00-05:00,25.0,26.0,23.5,24.100000381469727,19124,0.0,0.0
2025-01-16 00:00:00-05:00,23.5,25.25,22.600000381469727,24.299999237060547,18264,0.0,0.0
2025-01-17 00:00:00-05:00,25.0,25.0,23.899999618530273,24.649999618530273,7506,0.0,0.0
2025-01-21 00:00:00-05:00,25.0,26.0,24.649999618530273,25.25,8594,0.0,0.0
2025-01-22 00:00:00-05:00,25.0,26.450000762939453,24.5,24.950000762939453,12384,0.0,0.0
2025-01-23 00:00:00-05:00,24.899999618530273,24.899999618530273,24.0,24.75,6956,0.0,0.0
2025-01-24 00:00:00-05:00,24.950000762939453,25.700000762939453,24.25,25.0,13916,0.0,0.0
2025-01-27 00:00:00-05:00,25.0,25.5,24.149999618530273,24.549999237060547,7102,0.0,0.0
2025-01-28 00:00:00-05:00,24.700000762939453,24.700000762939453,23.299999237060547,24.149999618530273,10710,0.0,0.0
2025-01-29 00:00:00-05:00,24.600000381469727,24.600000381469727,23.0,23.149999618530273,7386,0.0,0.0
2025-01-30 00:00:00-05:00,23.5,24.350000381469727,23.200000762939453,23.700000762939453,11702,0.0,0.0
2025-01-31 00:00:00-05:00,23.5,24.450000762939453,23.0,23.5,9324,0.0,0.0
2025-02-03 00:00:00-05:00,23.299999237060547,24.350000381469727,21.25,22.700000762939453,23728,0.0,0.0
2025-02-04 00:00:00-05:00,23.149999618530273,23.5,22.100000381469727,23.299999237060547,10218,0.0,0.0
2025-02-05 00:00:00-05:00,23.5,25.399999618530273,22.5,24.799999237060547,9684,0.0,0.0
2025-02-06 00:00:00-05:00,25.5,25.700000762939453,24.450000762939453,25.0,13782,0.0,0.0
2025-02-07 00:00:00-05:00,24.299999237060547,25.0,21.5,22.450000762939453,21766,0.0,0.0
2025-02-10 00:00:00-05:00,22.149999618530273,23.299999237060547,19.100000381469727,19.200000762939453,35128,0.0,0.0
2025-02-11 00:00:00-05:00,19.0,20.799999237060547,19.0,19.899999618530273,18422,0.0,0.0
2025-02-12 00:00:00-05:00,19.5,21.450000762939453,19.0,21.0,18466,0.0,0.0
2025-02-13 00:00:00-05:00,21.5,21.799999237060547,19.799999237060547,21.799999237060547,23938,0.0,0.0
2025-02-14 00:00:00-05:00,22.049999237060547,25.049999237060547,21.0,23.25,34296,0.0,0.0
2025-02-18 00:00:00-05:00,23.0,24.450000762939453,22.75,23.450000762939453,20670,0.0,0.0
2025-02-19 00:00:00-05:00,22.799999237060547,23.649999618530273,21.0,23.450000762939453,18716,0.0,0.0
2025-02-20 00:00:00-05:00,23.25,23.450000762939453,21.950000762939453,22.450000762939453,6714,0.0,0.0
2025-02-21 00:00:00-05:00,22.049999237060547,22.950000762939453,20.049999237060547,20.399999618530273,17914,0.0,0.0
2025-02-24 00:00:00-05:00,20.399999618530273,21.299999237060547,19.0,19.0,15576,0.0,0.0
2025-02-25 00:00:00-05:00,19.25,19.5,16.649999618530273,17.0,33672,0.0,0.0
2025-02-26 00:00:00-05:00,17.25,17.5,16.5,17.049999237060547,15932,0.0,0.0
2025-02-27 00:00:00-05:00,17.299999237060547,18.0,15.550000190734863,15.649999618530273,25460,0.0,0.0
2025-02-28 00:00:00-05:00,15.800000190734863,16.5,14.050000190734863,16.299999237060547,19390,0.0,0.0
2025-03-03 00:00:00-05:00,17.0,17.100000381469727,15.0,15.25,10574,0.0,0.0
2025-03-04 00:00:00-05:00,14.850000381469727,16.049999237060547,12.0,15.949999809265137,46374,0.0,0.0
2025-03-05 00:00:00-05:00,16.350000381469727,17.549999237060547,15.350000381469727,17.5,21922,0.0,0.0
2025-03-06 00:00:00-05:00,17.5,17.549999237060547,16.25,16.450000762939453,11306,0.0,0.0
2025-03-07 00:00:00-05:00,16.100000381469727,17.950000762939453,16.100000381469727,17.25,9566,0.0,0.0
2025-03-10 00:00:00-04:00,17.0,17.850000381469727,15.5,15.5,28930,0.0,0.0
2025-03-11 00:00:00-04:00,16.149999618530273,16.299999237060547,15.149999618530273,15.350000381469727,7660,0.0,0.0
2025-03-12 00:00:00-04:00,15.5,17.049999237060547,15.149999618530273,16.75,9436,0.0,0.0
2025-03-13 00:00:00-04:00,17.450000762939453,17.450000762939453,15.699999809265137,16.200000762939453,8114,0.0,0.0
2025-03-14 00:00:00-04:00,17.0,17.5,16.5,17.200000762939453,9766,0.0,0.0
2025-03-17 00:00:00-04:00,17.450000762939453,18.299999237060547,16.049999237060547,18.049999237060547,8792,0.0,0.0
2025-03-18 00:00:00-04:00,18.950000762939453,19.5,17.5,17.75,9680,0.0,0.0
2025-03-19 00:00:00-04:00,17.700000762939453,19.0,17.5,17.799999237060547,7860,0.0,0.0
2025-03-20 00:00:00-04:00,18.5,18.899999618530273,17.950000762939453,17.950000762939453,2946,0.0,0.0
2025-03-21 00:00:00-04:00,17.950000762939453,18.5,17.5,17.549999237060547,6130,0.0,0.0
2025-03-24 00:00:00-04:00,17.600000381469727,19.899999618530273,17.549999237060547,18.5,15596,0.0,0.0
2025-03-25 00:00:00-04:00,19.049999237060547,19.450000762939453,18.350000381469727,18.350000381469727,6874,0.0,0.0
2025-03-26 00:00:00-04:00,18.75,19.25,18.5,18.75,10594,0.0,0.0
2025-03-27 00:00:00-04:00,18.75,20.0,17.799999237060547,19.649999618530273,24120,0.0,0.0
2025-03-28 00:00:00-04:00,17.0,19.0,14.149999618530273,18.649999618530273,29080,0.0,0.0
2025-03-31 00:00:00-04:00,18.5,18.5,16.100000381469727,17.350000381469727,13980,0.0,0.0
2025-04-01 00:00:00-04:00,17.049999237060547,18.0,16.700000762939453,17.649999618530273,10034,0.0,0.0
2025-04-02 00:00:00-04:00,18.200000762939453,18.200000762939453,16.850000381469727,17.0,8050,0.0,0.0
2025-04-03 00:00:00-04:00,16.5,17.0,14.800000190734863,15.0,15638,0.0,0.0
2025-04-04 00:00:00-04:00,14.5,16.0,13.050000190734863,14.0,17982,0.0,0.0
2025-04-07 00:00:00-04:00,14.0,15.0,13.0,14.5,12348,0.0,0.0
2025-04-08 00:00:00-04:00,14.550000190734863,15.550000190734863,13.100000381469727,13.350000381469727,7670,0.0,0.0
2025-04-09 00:00:00-04:00,14.199999809265137,15.350000381469727,13.050000190734863,15.199999809265137,11398,0.0,0.0
2025-04-10 00:00:00-04:00,15.5,15.75,14.449999809265137,14.75,5206,0.0,0.0
2025-04-11 00:00:00-04:00,14.5,15.449999809265137,14.5,15.149999618530273,3026,0.0,0.0
2025-04-14 00:00:00-04:00,15.5,16.25,15.0,15.75,7134,0.0,0.0
2025-04-15 00:00:00-04:00,15.0,17.0,15.0,15.899999618530273,4274,0.0,0.0
2025-04-16 00:00:00-04:00,15.050000190734863,16.200000762939453,15.050000190734863,15.75,2566,0.0,0.0
2025-04-17 00:00:00-04:00,15.800000190734863,16.5,15.550000190734863,16.200000762939453,1976,0.0,0.0
2025-04-21 00:00:00-04:00,15.75,17.0,15.0,16.950000762939453,6030,0.0,0.0
2025-04-22 00:00:00-04:00,17.5,18.25,15.5,17.299999237060547,9846,0.0,0.0
2025-04-23 00:00:00-04:00,18.5,19.5,17.0,19.049999237060547,12852,0.0,0.0
2025-04-24 00:00:00-04:00,19.5,22.899999618530273,19.5,22.799999237060547,23568,0.0,0.0
2025-04-25 00:00:00-04:00,23.950000762939453,24.0,21.100000381469727,22.049999237060547,16214,0.0,0.0
2025-04-28 00:00:00-04:00,22.049999237060547,22.700000762939453,21.5,22.25,8348,0.0,0.0
2025-04-29 00:00:00-04:00,21.600000381469727,26.299999237060547,21.399999618530273,24.75,22902,0.0,0.0
2025-04-30 00:00:00-04:00,24.75,25.0,22.0,24.299999237060547,10368,0.0,0.0
2025-05-01 00:00:00-04:00,24.299999237060547,25.5,24.0,24.850000381469727,12652,0.0,0.0
2025-05-02 00:00:00-04:00,24.5,28.75,24.5,27.899999618530273,25946,0.0,0.0
2025-05-05 00:00:00-04:00,28.450000762939453,28.5,25.549999237060547,25.899999618530273,11104,0.0,0.0
2025-05-06 00:00:00-04:00,27.5,27.850000381469727,23.25,23.75,13748,0.0,0.0
2025-05-07 00:00:00-04:00,23.799999237060547,24.700000762939453,22.049999237060547,22.399999618530273,7136,0.0,0.0
2025-05-08 00:00:00-04:00,23.899999618530273,23.899999618530273,21.799999237060547,23.649999618530273,10814,0.0,0.0
2025-05-09 00:00:00-04:00,23.799999237060547,24.200000762939453,21.350000381469727,21.5,7570,0.0,0.0
2025-05-12 00:00:00-04:00,22.5,24.649999618530273,21.100000381469727,21.600000381469727,5772,0.0,0.0
2025-05-13 00:00:00-04:00,21.049999237060547,22.5,20.0,22.0,11900,0.0,0.0
2025-05-14 00:00:00-04:00,21.75,22.5,20.299999237060547,20.5,8932,0.0,0.0
2025-05-15 00:00:00-04:00,21.25,22.399999618530273,19.350000381469727,21.450000762939453,8536,0.0,0.0
2025-05-16 00:00:00-04:00,21.25,21.5,20.0,20.0,4816,0.0,0.0
2025-05-19 00:00:00-04:00,19.5,20.649999618530273,18.100000381469727,20.200000762939453,13364,0.0,0.0
2025-05-20 00:00:00-04:00,20.0,21.0,19.549999237060547,19.600000381469727,3036,0.0,0.0
2025-05-21 00:00:00-04:00,20.0,21.0,18.100000381469727,19.100000381469727,8714,0.0,0.0
2025-05-22 00:00:00-04:00,18.549999237060547,21.0,18.549999237060547,20.350000381469727,7602,0.0,0.0
2025-05-23 00:00:00-04:00,19.75,21.0,19.299999237060547,19.5,3196,0.0,0.0
2025-05-27 00:00:00-04:00,19.5,20.700000762939453,18.5,19.049999237060547,4672,0.0,0.0
2025-05-28 00:00:00-04:00,20.0,20.100000381469727,19.299999237060547,19.5,1432,0.0,0.0
2025-05-29 00:00:00-04:00,19.600000381469727,21.100000381469727,19.549999237060547,19.549999237060547,5688,0.0,0.0
2025-05-30 00:00:00-04:00,20.399999618530273,20.950000762939453,19.299999237060547,20.450000762939453,4416,0.0,0.0
2025-06-02 00:00:00-04:00,20.75,25.75,20.549999237060547,25.5,48116,0.0,0.0
2025-06-03 00:00:00-04:00,25.899999618530273,27.899999618530273,24.0,26.149999618530273,19782,0.0,0.0
2025-06-04 00:00:00-04:00,26.649999618530273,27.25,23.5,23.700000762939453,19954,0.0,0.0
2025-06-05 00:00:00-04:00,22.950000762939453,24.350000381469727,22.0,22.850000381469727,10076,0.0,0.0
2025-06-06 00:00:00-04:00,23.049999237060547,24.850000381469727,23.0,24.100000381469727,5484,0.0,0.0
2025-06-09 00:00:00-04:00,24.0,25.5,23.450000762939453,25.399999618530273,15146,0.0,0.0
2025-06-10 00:00:00-04:00,27.0,28.450000762939453,23.850000381469727,24.25,11966,0.0,0.0
2025-06-11 00:00:00-04:00,25.5,25.5,22.850000381469727,23.149999618530273,7236,0.0,0.0
2025-06-12 00:00:00-04:00,22.5,24.149999618530273,20.850000381469727,21.399999618530273,13604,0.0,0.0
2025-06-13 00:00:00-04:00,20.899999618530273,23.0,20.200000762939453,20.299999237060547,3956,0.0,0.0
2025-06-16 00:00:00-04:00,20.5,22.299999237060547,19.25,20.0,6782,0.0,0.0
2025-06-17 00:00:00-04:00,19.950000762939453,20.5,19.5,19.5,6646,0.0,0.0
2025-06-18 00:00:00-04:00,19.049999237060547,22.850000381469727,19.049999237060547,19.950000762939453,16222,0.0,0.0
2025-06-20 00:00:00-04:00,19.950000762939453,22.0,19.799999237060547,20.049999237060547,12658,0.0,0.0
2025-06-23 00:00:00-04:00,19.5,21.950000762939453,19.049999237060547,20.600000381469727,13320,0.0,0.0
2025-06-24 00:00:00-04:00,21.049999237060547,21.049999237060547,19.649999618530273,19.75,11388,0.0,0.0
2025-06-25 00:00:00-04:00,20.0,21.0,19.549999237060547,20.299999237060547,8380,0.0,0.0
2025-06-26 00:00:00-04:00,20.5,21.5,18.0,18.75,12502,0.0,0.0
2025-06-27 00:00:00-04:00,19.5,19.899999618530273,18.600000381469727,19.200000762939453,7792,0.0,0.0
2025-06-30 00:00:00-04:00,19.0,20.0,19.0,19.799999237060547,2820,0.0,0.0
2025-07-01 00:00:00-04:00,19.5,20.450000762939453,19.5,19.549999237060547,3552,0.0,0.0
2025-07-02 00:00:00-04:00,19.600000381469727,20.450000762939453,19.5,19.899999618530273,7062,0.0,0.0
2025-07-03 00:00:00-04:00,19.0,19.700000762939453,18.0,18.799999237060547,26532,0.0,0.0
2025-07-07 00:00:00-04:00,18.799999237060547,20.0,18.799999237060547,19.299999237060547,10354,0.0,0.0
2025-07-08 00:00:00-04:00,19.350000381469727,20.0,19.200000762939453,19.399999618530273,9866,0.0,0.0
2025-07-09 00:00:00-04:00,19.5,20.799999237060547,19.25,19.399999618530273,17812,0.0,0.0
2025-07-10 00:00:00-04:00,19.899999618530273,20.0,19.0,19.350000381469727,12494,0.0,0.0
2025-07-11 00:00:00-04:00,19.0,19.600000381469727,19.0,19.200000762939453,13514,0.0,0.0
2025-07-14 00:00:00-04:00,19.200000762939453,20.549999237060547,19.200000762939453,19.950000762939453,11566,0.0,0.0
2025-07-15 00:00:00-04:00,19.950000762939453,21.0,19.549999237060547,19.700000762939453,10448,0.0,0.0
2025-07-16 00:00:00-04:00,19.5,21.0,18.350000381469727,19.25,18012,0.0,0.0
2025-07-17 00:00:00-04:00,19.5,20.25,18.25,18.549999237060547,21812,0.0,0.0
2025-07-18 00:00:00-04:00,18.25,19.100000381469727,17.5,17.600000381469727,27748,0.0,0.0
2025-07-21 00:00:00-04:00,17.5,18.5,16.5,16.799999237060547,25798,0.0,0.0
2025-07-22 00:00:00-04:00,16.799999237060547,18.350000381469727,16.25,17.049999237060547,24592,0.0,0.0
2025-07-23 00:00:00-04:00,17.299999237060547,20.200000762939453,17.299999237060547,20.0,20046,0.0,0.0
2025-07-24 00:00:00-04:00,19.75,20.75,18.600000381469727,18.850000381469727,13224,0.0,0.0
2025-07-25 00:00:00-04:00,18.850000381469727,18.950000762939453,17.5,17.75,32692,0.0,0.0
2025-07-28 00:00:00-04:00,17.75,19.25,17.5,17.700000762939453,9058,0.0,0.0
2025-07-29 00:00:00-04:00,17.649999618530273,18.75,16.5,17.399999618530273,15414,0.0,0.0
2025-07-30 00:00:00-04:00,17.399999618530273,18.350000381469727,17.350000381469727,18.149999618530273,15300,0.0,0.0
2025-07-31 00:00:00-04:00,18.200000762939453,18.5,17.5,17.950000762939453,6756,0.0,0.0
2025-08-01 00:00:00-04:00,17.75,17.950000762939453,16.299999237060547,16.5,9908,0.0,0.0
2025-08-04 00:00:00-04:00,17.5,17.5,16.5,16.600000381469727,5462,0.0,0.0
2025-08-05 00:00:00-04:00,16.649999618530273,18.0,16.649999618530273,17.5,6964,0.0,0.0
2025-08-06 00:00:00-04:00,17.950000762939453,18.950000762939453,17.799999237060547,18.75,8188,0.0,0.0
2025-08-07 00:00:00-04:00,18.399999618530273,19.399999618530273,18.399999618530273,19.0,6678,0.0,0.0
2025-08-08 00:00:00-04:00,18.299999237060547,19.450000762939453,17.100000381469727,17.649999618530273,10218,0.0,0.0
2025-08-11 00:00:00-04:00,18.350000381469727,18.700000762939453,17.25,18.149999618530273,4110,0.0,0.0
2025-08-12 00:00:00-04:00,18.149999618530273,18.75,17.0,18.5,13468,0.0,0.0
2025-08-13 00:00:00-04:00,18.399999618530273,19.850000381469727,18.0,19.600000381469727,14528,0.0,0.0
2025-08-14 00:00:00-04:00,19.649999618530273,19.649999618530273,18.049999237060547,18.200000762939453,6280,0.0,0.0
2025-08-15 00:00:00-04:00,18.5,18.899999618530273,17.850000381469727,18.399999618530273,6932,0.0,0.0
2025-08-18 00:00:00-04:00,18.799999237060547,19.850000381469727,17.649999618530273,19.450000762939453,14156,0.0,0.0
2025-08-19 00:00:00-04:00,19.450000762939453,19.75,18.5,18.5,8176,0.0,0.0
2025-08-20 00:00:00-04:00,18.600000381469727,19.299999237060547,18.25,18.75,9686,0.0,0.0
2025-08-21 00:00:00-04:00,18.75,18.75,17.5,17.899999618530273,8234,0.0,0.0
2025-08-22 00:00:00-04:00,18.299999237060547,19.049999237060547,17.5,17.799999237060547,10304,0.0,0.0
2025-08-25 00:00:00-04:00,17.950000762939453,18.5,17.399999618530273,17.799999237060547,8414,0.0,0.0
2025-08-26 00:00:00-04:00,18.75,20.5,17.899999618530273,20.350000381469727,33684,0.0,0.0
2025-08-27 00:00:00-04:00,20.100000381469727,22.899999618530273,20.0,22.350000381469727,32868,0.0,0.0
2025-08-28 00:00:00-04:00,22.350000381469727,23.0,20.799999237060547,21.0,10616,0.0,0.0
2025-08-29 00:00:00-04:00,21.5,22.799999237060547,20.5,22.799999237060547,13736,0.0,0.0
2025-09-02 00:00:00-04:00,23.5,23.5,22.149999618530273,22.399999618530273,10964,0.0,0.0
2025-09-03 00:00:00-04:00,22.0,24.799999237060547,21.899999618530273,24.450000762939453,17600,0.0,0.0
2025-09-04 00:00:00-04:00,25.350000381469727,25.350000381469727,23.350000381469727,24.950000762939453,12260,0.0,0.0
2025-09-05 00:00:00-04:00,25.0,27.149999618530273,24.0,26.850000381469727,19884,0.0,0.0
2025-09-08 00:00:00-04:00,27.0,31.0,26.5,30.549999237060547,44608,0.0,0.0
2025-09-09 00:00:00-04:00,31.0,36.5,30.0,35.650001525878906,43114,0.0,0.0
2025-09-10 00:00:00-04:00,35.5,37.0,32.5,33.400001525878906,37352,0.0,0.0
2025-09-11 00:00:00-04:00,34.0,39.0,33.45000076293945,38.70000076293945,33350,0.0,0.0
2025-09-12 00:00:00-04:00,40.0,42.0,37.5,38.75,32040,0.0,0.0
2025-09-15 00:00:00-04:00,38.099998474121094,39.25,30.0,34.75,28494,0.0,0.0
2025-09-16 00:00:00-04:00,33.04999923706055,37.5,33.0,36.099998474121094,17238,0.0,0.0
2025-09-17 00:00:00-04:00,35.900001525878906,36.599998474121094,32.04999923706055,33.849998474121094,11916,0.0,0.0
2025-09-18 00:00:00-04:00,33.900001525878906,35.5,33.849998474121094,34.54999923706055,4688,0.0,0.0
2025-09-19 00:00:00-04:00,34.099998474121094,34.25,30.700000762939453,31.100000381469727,16710,0.0,0.0
2025-09-22 00:00:00-04:00,30.0,31.5,28.850000381469727,31.299999237060547,17396,0.0,0.0
2025-09-23 00:00:00-04:00,31.299999237060547,32.099998474121094,28.25,29.0,13998,0.0,0.0
2025-09-24 00:00:00-04:00,28.950000762939453,31.149999618530273,28.75,30.350000381469727,11976,0.0,0.0
2025-09-25 00:00:00-04:00,30.950000762939453,32.400001525878906,30.0,31.5,10650,0.0,0.0
2025-09-26 00:00:00-04:00,31.0,33.54999923706055,30.0,33.45000076293945,8584,0.0,0.0
2025-09-29 00:00:00-04:00,33.95000076293945,37.5,33.5,34.599998474121094,19462,0.0,0.0
2025-09-30 00:00:00-04:00,34.900001525878906,37.5,33.54999923706055,34.400001525878906,10142,0.0,0.0
2025-10-01 00:00:00-04:00,34.29999923706055,37.0,33.0,33.70000076293945,18848,0.0,0.0
2025-10-02 00:00:00-04:00,32.79999923706055,33.5,31.549999237060547,33.150001525878906,5222,0.0,0.0
2025-10-03 00:00:00-04:00,33.349998474121094,35.0,33.20000076293945,34.70000076293945,13038,0.0,0.0
2025-10-06 00:00:00-04:00,34.75,44.5,34.5,41.0,42386,0.0,0.0
2025-10-07 00:00:00-04:00,43.54999923706055,44.0,37.5,39.75,28042,0.0,0.0
2025-10-08 00:00:00-04:00,39.5,46.0,38.849998474121094,45.70000076293945,34308,0.0,0.0
2025-10-09 00:00:00-04:00,48.04999923706055,52.25,45.75,51.0,44802,0.0,0.0
2025-10-10 00:00:00-04:00,52.5,53.0,41.5,43.400001525878906,33978,0.0,0.0
2025-10-13 00:00:00-04:00,45.0,50.0,45.0,45.5,15016,0.0,0.0
2025-10-14 00:00:00-04:00,45.0,45.5,34.75,40.04999923706055,75488,0.0,0.0
2025-10-15 00:00:00-04:00,40.04999923706055,43.20000076293945,40.0,41.5,17184,0.0,0.0
2025-10-16 00:00:00-04:00,40.0,43.04999923706055,33.0,36.79999923706055,28792,0.0,0.0
2025-10-17 00:00:00-04:00,36.650001525878906,42.75,35.0,41.5,23748,0.0,0.0
2025-10-20 00:00:00-04:00,34.54999923706055,39.0,29.049999237060547,30.700000762939453,71596,0.0,0.0
2025-10-21 00:00:00-04:00,32.0,35.04999923706055,30.799999237060547,34.5,31820,0.0,0.0
2025-10-22 00:00:00-04:00,35.0,35.75,31.5,32.79999923706055,17972,0.0,0.0
2025-10-23 00:00:00-04:00,34.5,37.099998474121094,33.75,35.900001525878906,16998,0.0,0.0
2025-10-24 00:00:00-04:00,36.0,40.0,35.900001525878906,38.0,34130,0.0,0.0
2025-10-27 00:00:00-04:00,40.0,40.0,35.0,35.349998474121094,15886,0.0,0.0
2025-10-28 00:00:00-04:00,35.349998474121094,36.849998474121094,33.04999923706055,36.79999923706055,21918,0.0,0.0
2025-10-29 00:00:00-04:00,37.0,37.900001525878906,33.75,34.900001525878906,15294,0.0,0.0
2025-10-30 00:00:00-04:00,34.650001525878906,36.79999923706055,33.5,34.75,9124,0.0,0.0
2025-10-31 00:00:00-04:00,35.349998474121094,36.0,33.70000076293945,34.95000076293945,5492,0.0,0.0
2025-11-03 00:00:00-05:00,33.54999923706055,36.0,32.5,33.20000076293945,11988,0.0,0.0
2025-11-04 00:00:00-05:00,32.5,33.900001525878906,30.649999618530273,33.70000076293945,10428,0.0,0.0
2025-11-05 00:00:00-05:00,34.45000076293945,34.5,31.0,32.25,8110,0.0,0.0
2025-11-06 00:00:00-05:00,32.54999923706055,32.54999923706055,30.0,32.0,16982,0.0,0.0
2025-11-07 00:00:00-05:00,32.0,34.45000076293945,31.5,34.349998474121094,15706,0.0,0.0
2025-11-10 00:00:00-05:00,34.5,36.04999923706055,30.75,31.950000762939453,17196,0.0,0.0
2025-11-11 00:00:00-05:00,32.5,35.5,31.549999237060547,34.099998474121094,10222,0.0,0.0
2025-11-12 00:00:00-05:00,33.900001525878906,36.5,33.0,34.400001525878906,15208,0.0,0.0
2025-11-13 00:00:00-05:00,33.5,34.900001525878906,31.0,33.0,22276,0.0,0.0
2025-11-14 00:00:00-05:00,35.25,46.900001525878906,31.799999237060547,39.5,113176,0.0,0.0
2025-11-17 00:00:00-05:00,44.45000076293945,51.5,41.0,51.0,92452,0.0,0.0
2025-11-18 00:00:00-05:00,51.5,64.0,50.70000076293945,61.0,95658,0.0,0.0
2025-11-19 00:00:00-05:00,66.5,71.5,54.5,58.0,96822,0.0,0.0
2025-11-20 00:00:00-05:00,58.5,65.5,55.0,58.0,34714,0.0,0.0
2025-11-21 00:00:00-05:00,57.5,59.5,42.0,43.45000076293945,83366,0.0,0.0
2025-11-24 00:00:00-05:00,45.0,52.0,35.0,42.849998474121094,79724,0.0,0.0
2025-11-25 00:00:00-05:00,41.599998474121094,42.849998474121094,36.150001525878906,41.25,33386,0.0,0.0
2025-11-26 00:00:00-05:00,42.0,44.45000076293945,41.0,42.54999923706055,11752,0.0,0.0
2025-11-28 00:00:00-05:00,42.54999923706055,49.29999923706055,42.0,45.20000076293945,20658,0.0,0.0
2025-12-01 00:00:00-05:00,49.5,50.0,39.04999923706055,39.599998474121094,42342,0.0,0.0
2025-12-02 00:00:00-05:00,39.5,40.150001525878906,38.0,38.95000076293945,23966,0.0,0.0
2025-12-03 00:00:00-05:00,39.150001525878906,42.75,37.849998474121094,41.29999923706055,16082,0.0,0.0
2025-12-04 00:00:00-05:00,42.45000076293945,44.900001525878906,40.849998474121094,42.400001525878906,17502,0.0,0.0
2025-12-05 00:00:00-05:00,43.099998474121094,44.150001525878906,40.599998474121094,41.20000076293945,11768,0.0,0.0
2025-12-08 00:00:00-05:00,42.54999923706055,42.54999923706055,39.400001525878906,40.5,16700,0.0,0.0
2025-12-09 00:00:00-05:00,40.79999923706055,42.0,39.5,40.25,13154,0.0,0.0
2025-12-10 00:00:00-05:00,38.900001525878906,40.20000076293945,37.5,38.70000076293945,21440,0.0,0.0
2025-12-11 00:00:00-05:00,39.5,40.0,37.5,39.150001525878906,12172,0.0,0.0
2025-12-12 00:00:00-05:00,39.400001525878906,42.849998474121094,39.0,41.20000076293945,19588,0.0,0.0
2025-12-15 00:00:00-05:00,41.25,43.95000076293945,37.0,38.599998474121094,25122,0.0,0.0
2025-12-16 00:00:00-05:00,37.5,40.0,36.849998474121094,38.0,20540,0.0,0.0
2025-12-17 00:00:00-05:00,38.0,41.5,37.04999923706055,39.150001525878906,27126,0.0,0.0
2025-12-18 00:00:00-05:00,39.0,41.599998474121094,37.0,39.599998474121094,16482,0.0,0.0
2025-12-19 00:00:00-05:00,39.04999923706055,40.5,37.5,37.650001525878906,19182,0.0,0.0
2025-12-22 00:00:00-05:00,37.20000076293945,41.5,37.20000076293945,39.900001525878906,36076,0.0,0.0
2025-12-23 00:00:00-05:00,40.599998474121094,40.599998474121094,31.5,33.5,45366,0.0,0.0
2025-12-24 00:00:00-05:00,33.5,38.0,33.5,36.20000076293945,20296,0.0,0.0
2025-12-26 00:00:00-05:00,36.0,42.0,35.0,41.75,20688,0.0,0.0
2025-12-29 00:00:00-05:00,40.20000076293945,41.75,38.70000076293945,39.20000076293945,34622,0.0,0.0
2025-12-30 00:00:00-05:00,39.0,40.0,33.0,35.849998474121094,54936,0.0,0.0
2025-12-31 00:00:00-05:00,40.599998474121094,40.95000076293945,27.450000762939453,28.399999618530273,160760,0.0,0.0
2026-01-02 00:00:00-05:00,31.0,31.0,26.649999618530273,26.700000762939453,40450,0.0,0.0
2026-01-05 00:00:00-05:00,28.0,28.399999618530273,20.600000381469727,21.25,87370,0.0,0.0
2026-01-06 00:00:00-05:00,22.049999237060547,23.649999618530273,20.25,21.549999237060547,35930,0.0,0.0
2026-01-07 00:00:00-05:00,21.5,23.0,20.950000762939453,21.200000762939453,24342,0.0,0.0
2026-01-08 00:00:00-05:00,18.450000762939453,20.899999618530273,18.0,20.049999237060547,27234,0.0,0.0
2026-01-09 00:00:00-05:00,19.850000381469727,20.5,18.0,18.0,35478,0.0,0.0
2026-01-12 00:00:00-05:00,18.0,19.350000381469727,15.5,15.75,65244,0.0,0.0
2026-01-13 00:00:00-05:00,16.450000762939453,20.5,14.649999618530273,15.399999618530273,89670,0.0,0.0
2026-01-14 00:00:00-05:00,15.199999809265137,18.399999618530273,15.0,16.950000762939453,63494,0.0,0.0
2026-01-15 00:00:00-05:00,17.25,17.850000381469727,15.800000190734863,16.0,42936,0.0,0.0
2026-01-16 00:00:00-05:00,16.0,18.25,16.0,16.100000381469727,57116,0.0,0.0
2026-01-20 00:00:00-05:00,16.5,17.100000381469727,16.0,16.049999237060547,31778,0.0,0.0
2026-01-21 00:00:00-05:00,16.0,16.5,14.5,15.0,41766,0.0,0.0
2026-01-22 00:00:00-05:00,15.800000190734863,16.549999237060547,15.100000381469727,16.0,24480,0.0,0.0
2026-01-23 00:00:00-05:00,17.100000381469727,19.25,16.350000381469727,17.649999618530273,162122,0.0,0.0
2026-01-26 00:00:00-05:00,18.549999237060547,18.549999237060547,16.25,17.649999618530273,47100,0.0,0.0
2026-01-27 00:00:00-05:00,16.649999618530273,17.299999237060547,15.25,16.25,27314,0.0,0.0
2026-01-28 00:00:00-05:00,16.5,16.75,15.25,15.550000190734863,15256,0.0,0.0
2026-01-29 00:00:00-05:00,15.949999809265137,16.0,13.0,14.399999618530273,59974,0.0,0.0
2026-01-30 00:00:00-05:00,15.0,15.399999618530273,12.649999618530273,13.449999809265137,46610,0.0,0.0
2026-02-02 00:00:00-05:00,12.5,12.5,7.0,8.649999618530273,280004,0.0,0.0
2026-02-03 00:00:00-05:00,8.350000381469727,11.050000190734863,8.300000190734863,9.449999809265137,119330,0.0,0.0
2026-02-04 00:00:00-05:00,10.800000190734863,10.800000190734863,9.25,10.5,35978,0.0,0.0
2026-02-05 00:00:00-05:00,10.75,10.949999809265137,9.25,9.5,44386,0.0,0.0
2026-02-06 00:00:00-05:00,9.649999618530273,11.199999809265137,9.649999618530273,10.550000190734863,60062,0.0,0.0
2026-02-09 00:00:00-05:00,9.5,10.399999618530273,9.25,9.5,94318,0.0,0.0
2026-02-10 00:00:00-05:00,9.25,10.649999618530273,9.050000190734863,10.050000190734863,29898,0.0,0.0
2026-02-11 00:00:00-05:00,10.0,10.5,8.800000190734863,9.25,29402,0.0,0.0
2026-02-12 00:00:00-05:00,9.149999618530273,9.5,7.449999809265137,8.25,75700,0.0,0.0
2026-02-13 00:00:00-05:00,8.75,8.800000190734863,7.5,7.5,38012,0.0,0.0
2026-02-17 00:00:00-05:00,8.0,8.050000190734863,6.900000095367432,7.050000190734863,39944,0.0,0.0
2026-02-18 00:00:00-05:00,7.400000095367432,7.550000190734863,6.5,7.050000190734863,52186,0.0,0.0
2026-02-19 00:00:00-05:00,7.099999904632568,9.100000381469727,6.599999904632568,8.199999809265137,72144,0.0,0.0
2026-02-20 00:00:00-05:00,8.199999809265137,8.75,7.800000190734863,8.5,28394,0.0,0.0
2026-02-23 00:00:00-05:00,8.550000190734863,9.5,8.25,9.5,20632,0.0,0.0
2026-02-24 00:00:00-05:00,9.949999809265137,9.949999809265137,9.25,9.600000381469727,22638,0.0,0.0
2026-02-25 00:00:00-05:00,10.0,10.100000381469727,9.100000381469727,9.550000190734863,20542,0.0,0.0
2026-02-26 00:00:00-05:00,9.649999618530273,12.0,9.449999809265137,11.850000381469727,40310,0.0,0.0
2026-02-27 00:00:00-05:00,12.5,13.25,11.25,12.350000381469727,61706,0.0,0.0
2026-03-02 00:00:00-05:00,9.699999809265137,10.600000381469727,8.5,10.199999809265137,78474,0.0,0.0
2026-03-03 00:00:00-05:00,9.699999809265137,9.699999809265137,8.149999618530273,9.25,35118,0.0,0.0
2026-03-04 00:00:00-05:00,9.0,9.199999809265137,8.050000190734863,8.600000381469727,49412,0.0,0.0
2026-03-05 00:00:00-05:00,8.5,8.550000190734863,8.149999618530273,8.399999618530273,18394,0.0,0.0
2026-03-06 00:00:00-05:00,7.650000095367432,8.5,7.650000095367432,8.399999618530273,24546,0.0,0.0
2026-03-09 00:00:00-04:00,8.550000190734863,9.699999809265137,8.399999618530273,9.449999809265137,26106,0.0,0.0
2026-03-10 00:00:00-04:00,9.5,9.5,8.5,8.600000381469727,25032,0.0,0.0
2026-03-11 00:00:00-04:00,8.949999809265137,9.0,8.149999618530273,8.449999809265137,20132,0.0,0.0
2026-03-12 00:00:00-04:00,8.649999618530273,8.649999618530273,8.050000190734863,8.399999618530273,11412,0.0,0.0
2026-03-13 00:00:00-04:00,8.550000190734863,8.850000381469727,8.050000190734863,8.25,17248,0.0,0.0
2026-03-16 00:00:00-04:00,8.850000381469727,9.5,8.399999618530273,9.100000381469727,38854,0.0,0.0
2026-03-17 00:00:00-04:00,9.100000381469727,10.25,8.75,8.800000190734863,49446,0.0,0.0
2026-03-18 00:00:00-04:00,8.5,8.75,8.0,8.0,30822,0.0,0.0
2026-03-19 00:00:00-04:00,8.0,8.399999618530273,7.650000095367432,7.800000190734863,18818,0.0,0.0
2026-03-20 00:00:00-04:00,7.849999904632568,8.449999809265137,7.849999904632568,8.449999809265137,18958,0.0,0.0
2026-03-23 00:00:00-04:00,8.100000381469727,8.899999618530273,8.100000381469727,8.5,16278,0.0,0.0
2026-03-24 00:00:00-04:00,8.5,8.5,7.400000095367432,7.400000095367432,48518,0.0,0.0
2026-03-25 00:00:00-04:00,7.449999809265137,8.300000190734863,7.449999809265137,7.900000095367432,18094,0.0,0.0
2026-03-26 00:00:00-04:00,7.699999809265137,8.5,7.5,8.5,14956,0.0,0.0
2026-03-27 00:00:00-04:00,7.800000190734863,8.449999809265137,7.550000190734863,7.650000095367432,16428,0.0,0.0
2026-03-30 00:00:00-04:00,8.050000190734863,8.100000381469727,7.650000095367432,7.699999809265137,12178,0.0,0.0
2026-03-31 00:00:00-04:00,8.0,8.199999809265137,7.25,8.050000190734863,28250,0.0,0.0
2026-04-01 00:00:00-04:00,6.199999809265137,6.900000095367432,6.0,6.75,59980,0.0,0.0
2026-04-02 00:00:00-04:00,6.849999904632568,6.949999809265137,6.400000095367432,6.5,21344,0.0,0.0
2026-04-06 00:00:00-04:00,6.519999980926514,6.519999980926514,5.420000076293945,5.650000095367432,133200,0.0,0.02
2026-04-07 00:00:00-04:00,5.369999885559082,5.369999885559082,3.9200000762939453,4.659999847412109,257500,0.0,0.0
2026-04-08 00:00:00-04:00,4.800000190734863,4.900000095367432,4.202000141143799,4.440000057220459,71000,0.0,0.0
2026-04-09 00:00:00-04:00,4.389999866485596,4.683000087738037,4.349999904632568,4.519999980926514,37300,0.0,0.0
2026-04-10 00:00:00-04:00,4.440000057220459,4.590000152587891,4.329999923706055,4.460000038146973,18300,0.0,0.0
2026-04-13 00:00:00-04:00,4.5,5.21999979019165,4.309999942779541,4.309999942779541,49400,0.0,0.0
2026-04-14 00:00:00-04:00,4.429999828338623,4.449999809265137,4.199999809265137,4.269999980926514,21200,0.0,0.0
2026-04-15 00:00:00-04:00,4.25,4.53000020980835,4.25,4.505000114440918,22300,0.0,0.0
2026-04-16 00:00:00-04:00,4.559999942779541,5.0,4.309999942779541,4.909999847412109,40400,0.0,0.0
2026-04-17 00:00:00-04:00,4.820000171661377,4.909999847412109,4.559999942779541,4.590000152587891,28000,0.0,0.0
2026-04-20 00:00:00-04:00,4.590000152587891,5.690000057220459,4.579999923706055,5.690000057220459,143900,0.0,0.0
2026-04-21 00:00:00-04:00,5.849999904632568,6.139999866485596,5.230000019073486,5.639999866485596,66600,0.0,0.0
2026-04-22 00:00:00-04:00,5.679999828338623,5.989999771118164,5.519999980926514,5.840000152587891,12700,0.0,0.0
2026-04-23 00:00:00-04:00,5.829999923706055,5.829999923706055,4.980000019073486,5.159999847412109,39900,0.0,0.0
2026-04-24 00:00:00-04:00,5.179999828338623,5.179999828338623,4.736999988555908,4.869999885559082,17500,0.0,0.0
2026-04-27 00:00:00-04:00,4.849999904632568,5.210999965667725,4.510000228881836,4.510000228881836,33200,0.0,0.0
2026-04-28 00:00:00-04:00,4.519999980926514,4.75,4.300000190734863,4.300000190734863,33200,0.0,0.0
2026-04-29 00:00:00-04:00,4.400000095367432,4.409999847412109,3.9700000286102295,4.039999961853027,19800,0.0,0.0
2026-04-30 00:00:00-04:00,4.130000114440918,4.300000190734863,3.9200000762939453,4.210000038146973,12800,0.0,0.0
2026-05-01 00:00:00-04:00,4.159999847412109,4.34499979019165,4.135000228881836,4.269999980926514,27700,0.0,0.0
2026-05-04 00:00:00-04:00,4.135000228881836,4.808000087738037,4.135000228881836,4.699999809265137,53000,0.0,0.0
2026-05-05 00:00:00-04:00,4.820000171661377,4.820000171661377,4.300000190734863,4.380000114440918,51400,0.0,0.0
2026-05-06 00:00:00-04:00,4.519999980926514,4.755000114440918,4.460000038146973,4.5,20700,0.0,0.0
2026-05-07 00:00:00-04:00,4.489999771118164,4.579999923706055,4.199999809265137,4.349999904632568,10300,0.0,0.0
2026-05-08 00:00:00-04:00,4.360000133514404,5.179999828338623,4.360000133514404,4.840000152587891,58300,0.0,0.0
2026-05-11 00:00:00-04:00,4.860000133514404,4.860000133514404,4.480000019073486,4.519999980926514,47900,0.0,0.0
2026-05-12 00:00:00-04:00,4.46999979019165,4.744999885559082,4.46999979019165,4.539999961853027,10400,0.0,0.0
2026-05-13 00:00:00-04:00,4.510000228881836,4.71999979019165,4.400000095367432,4.400000095367432,11600,0.0,0.0
2026-05-14 00:00:00-04:00,4.400000095367432,4.589000225067139,4.360000133514404,4.369999885559082,9700,0.0,0.0
2026-05-15 00:00:00-04:00,4.269999980926514,4.769000053405762,4.215000152587891,4.269999980926514,27400,0.0,0.0
2026-05-18 00:00:00-04:00,4.300000190734863,4.599999904632568,3.8299999237060547,3.9200000762939453,37400,0.0,0.0
2026-05-19 00:00:00-04:00,4.070000171661377,4.074999809265137,3.259999990463257,3.869999885559082,82800,0.0,0.0
2026-05-20 00:00:00-04:00,3.740000009536743,3.819999933242798,3.369999885559082,3.619999885559082,29000,0.0,0.0
2026-05-21 00:00:00-04:00,3.450000047683716,3.700000047683716,3.4200000762939453,3.615000009536743,26400,0.0,0.0
2026-05-22 00:00:00-04:00,3.680000066757202,3.819999933242798,3.5,3.690000057220459,16900,0.0,0.0
2026-05-26 00:00:00-04:00,3.759999990463257,4.150000095367432,3.609999895095825,3.9100000858306885,28500,0.0,0.0
2026-05-27 00:00:00-04:00,3.930000066757202,4.090000152587891,3.7300000190734863,3.7300000190734863,19100,0.0,0.0
2026-05-28 00:00:00-04:00,3.7300000190734863,4.050000190734863,3.4200000762939453,4.050000190734863,109500,0.0,0.0
2026-05-29 00:00:00-04:00,3.990000009536743,4.019999980926514,3.799999952316284,3.930000066757202,33700,0.0,0.0
2026-06-01 00:00:00-04:00,3.859999895095825,3.950000047683716,3.5299999713897705,3.5299999713897705,34300,0.0,0.0
2026-06-02 00:00:00-04:00,3.5299999713897705,3.75,3.5299999713897705,3.5299999713897705,22200,0.0,0.0
2026-06-03 00:00:00-04:00,3.5799999237060547,3.5799999237060547,3.2799999713897705,3.4000000953674316,24100,0.0,0.0
2026-06-04 00:00:00-04:00,3.4200000762939453,3.5899999141693115,3.390000104904175,3.490000009536743,252200,0.0,0.0
2026-06-05 00:00:00-04:00,3.509999990463257,3.5899999141693115,3.299999952316284,3.3299999237060547,113200,0.0,0.0
2026-06-08 00:00:00-04:00,3.299999952316284,3.3589999675750732,3.119999885559082,3.309999942779541,54700,0.0,0.0
2026-06-09 00:00:00-04:00,3.359999895095825,3.4700000286102295,3.140000104904175,3.440000057220459,54000,0.0,0.0
2026-06-10 00:00:00-04:00,3.4000000953674316,3.9100000858306885,3.4000000953674316,3.6500000953674316,39000,0.0,0.0
2026-06-11 00:00:00-04:00,3.5399999618530273,3.569999933242798,3.390000104904175,3.559999942779541,14300,0.0,0.0
2026-06-12 00:00:00-04:00,3.4800000190734863,3.940000057220459,3.450000047683716,3.859999895095825,77800,0.0,0.0
2026-06-15 00:00:00-04:00,3.990000009536743,3.990000009536743,3.380000114440918,3.619999885559082,97684,0.0,0.0
