Date,Open,High,Low,Close,Volume,Dividends,Stock Splits
2022-01-03 00:00:00-05:00,14.176809940217064,14.358232498168945,14.081778998062125,14.358232498168945,77000,0.0,0.0
2022-01-04 00:00:00-05:00,14.410066761854422,14.453261745721461,14.176809894293186,14.315035820007324,93400,0.0,0.0
2022-01-05 00:00:00-05:00,14.315034232132183,14.384147187322993,13.813964895053097,13.857161521911621,117700,0.0,0.0
2022-01-06 00:00:00-05:00,13.917635858733075,14.107696083216972,13.865799903869629,13.865799903869629,56500,0.0,0.0
2022-01-07 00:00:00-05:00,13.995388938024504,14.08177890547039,13.90035799649442,13.952192306518555,74600,0.0,0.0
2022-01-10 00:00:00-05:00,13.908997359912663,14.012665980237575,13.86580072829144,13.986749649047852,76700,0.0,0.0
2022-01-11 00:00:00-05:00,14.012665075373857,14.358231514896744,13.960830768558585,14.332313537597656,113600,0.0,0.0
2022-01-12 00:00:00-05:00,14.366871122280976,14.522375711393204,14.263202494728242,14.349594116210938,122900,0.0,0.0
2022-01-13 00:00:00-05:00,14.358233040091207,14.695158541854532,14.263202094349518,14.461901664733887,113200,0.0,0.0
2022-01-14 00:00:00-05:00,14.487819649513094,14.876579463724601,14.20272845997809,14.798827171325684,121400,0.0,0.0
2022-01-18 00:00:00-05:00,14.798827954948484,14.798827954948484,14.513736750317422,14.539654731750488,95800,0.0,0.0
2022-01-19 00:00:00-05:00,14.565571321275465,14.574210647594233,14.27184081756938,14.297757148742676,76300,0.0,0.0
2022-01-20 00:00:00-05:00,14.418704747218065,14.91113476775065,14.306395163155948,14.435981750488281,197500,0.0,0.0
2022-01-21 00:00:00-05:00,14.556930652400206,15.360369800332977,14.556930652400206,15.239420890808105,194500,0.0,0.0
2022-01-24 00:00:00-05:00,15.075280482017828,15.075280482017828,14.211367598183752,14.531014442443848,200000,0.0,0.0
2022-01-25 00:00:00-05:00,14.4532595106319,14.60876406495843,14.280477954100123,14.48781681060791,122800,0.0,0.0
2022-01-26 00:00:00-05:00,14.479180724543419,14.651962319725685,14.25456316780166,14.349594116210938,68400,0.0,0.0
2022-01-27 00:00:00-05:00,14.41870684081275,14.686519379890305,14.315036567224254,14.366870880126953,62900,0.0,0.0
2022-01-28 00:00:00-05:00,14.366870344677048,14.366870344677048,14.15953145301063,14.271841049194336,87300,0.0,0.0
2022-01-31 00:00:00-05:00,14.254561074687402,14.496457249762722,14.168169465890296,14.401426315307617,133400,0.0,0.0
2022-02-01 00:00:00-05:00,14.43598307427695,14.470540379552022,14.254562164931842,14.297757148742676,59500,0.0,0.0
2022-02-02 00:00:00-05:00,14.35823265676664,14.453261952188234,14.055862822028942,14.263201713562012,77100,0.0,0.0
2022-02-03 00:00:00-05:00,14.073142183235005,14.392789039184295,13.520236796869469,13.60662841796875,150600,0.0,0.0
2022-02-04 00:00:00-05:00,13.61526620007073,13.79668792468189,13.43384447545957,13.468400955200195,74100,0.0,0.0
2022-02-07 00:00:00-05:00,13.442484837535119,13.502958475769752,13.217867289961438,13.425206184387207,149000,0.0,0.0
2022-02-08 00:00:00-05:00,13.312897043315033,13.563431739807129,13.269701235528498,13.563431739807129,167800,0.0,0.0
2022-02-09 00:00:00-05:00,13.597988375234026,13.93491386722284,13.51159758257422,13.908997535705566,140800,0.0,0.0
2022-02-10 00:00:00-05:00,14.012666337630817,14.418706446311315,14.012666337630817,14.159531593322754,148500,0.0,0.0
2022-02-11 00:00:00-05:00,14.211366272434388,14.461900128527288,14.202726946668026,14.332313537597656,207800,0.0,0.0
2022-02-14 00:00:00-05:00,14.33231507328266,14.574211277310898,14.012666576809027,14.142254829406738,141900,0.0,0.0
2022-02-15 00:00:00-05:00,14.254562183480264,14.410066761854422,14.245922857150255,14.315035820007324,105500,0.0,0.0
2022-02-16 00:00:00-05:00,14.358231892964508,14.548292121480264,14.19408799464734,14.513734817504883,113000,0.0,0.0
2022-02-17 00:00:00-05:00,14.51373619329535,14.522375520108136,14.271841633669725,14.418706893920898,78700,0.0,0.0
2022-02-18 00:00:00-05:00,14.340954003859792,14.410066967704148,14.176810096810806,14.263201713562012,222200,0.0,0.0
2022-02-22 00:00:00-05:00,14.19408799464734,14.591487103666543,14.081778404510297,14.513734817504883,121500,0.0,0.0
2022-02-23 00:00:00-05:00,14.634682088826121,14.867937273312323,14.591485463711814,14.807463645935059,302100,0.0,0.0
2022-02-24 00:00:00-05:00,14.116334602338522,14.349591442545647,13.23514319341127,14.289117813110352,370800,0.0,0.0
2022-02-25 00:00:00-05:00,14.323674211831294,14.746991287685637,14.176808969368938,14.332313537597656,243700,0.0,0.0
2022-02-28 00:00:00-05:00,14.124975905825373,14.18544954372986,13.718936621872974,13.805327415466309,135500,0.0,0.0
2022-03-01 00:00:00-05:00,13.788048994531898,13.805326822952404,12.872301019283377,12.915496826171875,257500,0.0,0.0
2022-03-02 00:00:00-05:00,13.105558963762778,13.243784898100726,12.768632630895366,12.89822006225586,160100,0.0,0.0
2022-03-03 00:00:00-05:00,12.958692633060375,12.97597128537237,12.595849173423366,12.915496826171875,127200,0.0,0.0
2022-03-04 00:00:00-05:00,12.785909223838646,12.906856484944651,12.51809590130556,12.569931030273438,193300,0.0,0.0
2022-03-07 00:00:00-05:00,12.59584974747446,12.647684882881325,11.913358603984666,11.956554412841797,169900,0.0,0.0
2022-03-08 00:00:00-05:00,11.99974986935214,12.319397527282709,11.939275409171247,12.112058639526367,169100,0.0,0.0
2022-03-09 00:00:00-05:00,12.310758038803291,12.621766366340543,12.310758038803291,12.518096923828125,146600,0.0,0.0
2022-03-10 00:00:00-05:00,12.466262951041944,12.466262951041944,11.939275574180206,12.025667190551758,284000,0.0,0.0
2022-03-11 00:00:00-05:00,12.19844872376094,12.267561682340434,11.921996889442967,11.991109848022461,135500,0.0,0.0
2022-03-14 00:00:00-04:00,12.017028597739763,12.103420219385264,11.680103085883756,11.723298072814941,242300,0.0,0.0
2022-03-15 00:00:00-04:00,11.852884283022195,11.96519305002352,11.766492670285338,11.844244956970215,201000,0.0,0.0
2022-03-16 00:00:00-04:00,11.999750076803625,12.423067185930663,11.999750076803625,12.388510704040527,149200,0.0,0.0
2022-03-17 00:00:00-04:00,12.440345609879545,12.682241818570501,12.379871969652584,12.544015884399414,150000,0.0,0.0
2022-03-18 00:00:00-04:00,12.500818074243885,12.613126833764765,12.207087599172572,12.569931030273438,236900,0.0,0.0
2022-03-21 00:00:00-04:00,12.639045352968022,12.950053688730465,12.379871327886896,12.785910606384277,196900,0.0,0.0
2022-03-22 00:00:00-04:00,12.855023757699332,12.941414551394205,12.656323366807229,12.716797828674316,135200,0.0,0.0
2022-03-23 00:00:00-04:00,12.647683746471527,12.656322248353552,12.379870414733887,12.379870414733887,189900,0.0,0.0
2022-03-24 00:00:00-04:00,12.569933318592184,12.785911551475584,12.4403458845272,12.77727222442627,160800,0.0,0.0
2022-03-25 00:00:00-04:00,12.78591089529158,13.200588685678131,12.78591089529158,13.019166946411133,135200,0.0,0.0
2022-03-28 00:00:00-04:00,13.045083303998547,13.079639782233464,12.81182645799428,12.932774543762207,87500,0.0,0.0
2022-03-29 00:00:00-04:00,13.019165901832187,13.235144106302615,12.898218634619285,13.053722381591797,135900,0.0,0.0
2022-03-30 00:00:00-04:00,13.053724010423553,13.105559148476642,12.673602685636652,12.820467948913574,189200,0.0,0.0
2022-03-31 00:00:00-04:00,12.742713491565496,12.941413035288123,12.716796338882421,12.924135208129883,66300,0.0,0.0
2022-04-01 00:00:00-04:00,12.984610185807396,13.269701366565672,12.863662911480562,13.122836112976074,134200,0.0,0.0
2022-04-04 00:00:00-04:00,13.217867177347706,13.217867177347706,13.010528284688426,13.114197731018066,60400,0.0,0.0
2022-04-05 00:00:00-04:00,13.226504929538375,13.286978560059797,12.88957865115169,12.967330932617188,93600,0.0,0.0
2022-04-06 00:00:00-04:00,12.9241357331573,12.9241357331573,12.656322398247829,12.699518203735352,97900,0.0,0.0
2022-04-07 00:00:00-04:00,12.664961128601627,12.70815693205803,12.492178738667437,12.561291694641113,220900,0.0,0.0
2022-04-08 00:00:00-04:00,12.492179769172894,12.561292730847839,12.328036691167773,12.518096923828125,115700,0.0,0.0
2022-04-11 00:00:00-04:00,12.500819476156346,12.561293113491205,12.250284776479987,12.388510704040527,178900,0.0,0.0
2022-04-12 00:00:00-04:00,12.45762278019002,12.483539933788093,12.284840383050437,12.336674690246582,100500,0.0,0.0
2022-04-13 00:00:00-04:00,12.379869626947958,12.423065429175153,12.172530764927098,12.302117347717285,105700,0.0,0.0
2022-04-14 00:00:00-04:00,12.258922576904297,12.397149320439421,12.155253137171556,12.258922576904297,105500,0.0,0.0
2022-04-18 00:00:00-04:00,12.198448943033066,12.328036360617594,12.18980961708247,12.258922576904297,55100,0.0,0.0
2022-04-19 00:00:00-04:00,12.267563045885648,12.345315338902644,12.129337113362785,12.189810752868652,140600,0.0,0.0
2022-04-20 00:00:00-04:00,12.258922576904297,12.310757708716402,12.137975309161835,12.258922576904297,140700,0.0,0.0
2022-04-21 00:00:00-04:00,12.388510366760277,12.448984002448725,12.094779866745252,12.120697021484375,142700,0.0,0.0
2022-04-22 00:00:00-04:00,12.146614610930932,12.276201204366009,11.88744060016931,11.930636405944824,152700,0.0,0.0
2022-04-25 00:00:00-04:00,11.993336347192786,12.163517737404531,11.697757558688249,12.00229263305664,290200,0.49,0.0
2022-04-26 00:00:00-04:00,12.11873159633111,12.163516437664443,11.679842030503995,11.9485502243042,497800,0.0,0.0
2022-04-27 00:00:00-04:00,11.93959324912465,12.145603180406523,11.912722685635645,11.975420951843262,136800,0.0,0.0
2022-04-28 00:00:00-04:00,12.082904059999095,12.082904059999095,11.867937843687429,11.975420951843262,120500,0.0,0.0
2022-04-29 00:00:00-04:00,12.011248489650987,12.262042405237938,11.903765382970866,11.9485502243042,97500,0.0,0.0
2022-05-02 00:00:00-04:00,11.86793629661719,11.912721132727384,11.473831618086827,11.59027099609375,156200,0.0,0.0
2022-05-03 00:00:00-04:00,11.652970974160858,11.787324638274415,11.518616455847539,11.697755813598633,76800,0.0,0.0
2022-05-04 00:00:00-04:00,11.724627569180948,12.190387725830078,11.581316751750446,12.190387725830078,158800,0.0,0.0
2022-05-05 00:00:00-04:00,12.07394608734788,12.199343465307189,11.724626223503684,11.903764724731445,143800,0.0,0.0
2022-05-06 00:00:00-04:00,11.82315233898468,12.064989959428798,11.500703032592288,11.697755813598633,173800,0.0,0.0
2022-05-09 00:00:00-04:00,11.599227797228856,11.599227797228856,11.357391055978049,11.536529541015625,153600,0.0,0.0
2022-05-10 00:00:00-04:00,11.6708848882032,11.778367994853907,11.357392707355261,11.545488357543945,164200,0.0,0.0
2022-05-11 00:00:00-04:00,11.608186721801758,11.930636044501876,11.536531316757287,11.608186721801758,175000,0.0,0.0
2022-05-12 00:00:00-04:00,11.608186949103512,11.81419602909031,11.482789560720358,11.76941204071045,82600,0.0,0.0
2022-05-13 00:00:00-04:00,12.011248319694925,12.011248319694925,11.635057024537607,11.751497268676758,226700,0.0,0.0
2022-05-16 00:00:00-04:00,11.769411353106339,11.984377559890072,11.724626513143118,11.858980178833008,209300,0.0,0.0
2022-05-17 00:00:00-04:00,12.029162933021084,12.0918611992287,11.912722685635645,11.975420951843262,188600,0.0,0.0
2022-05-18 00:00:00-04:00,11.984377353921488,11.984377353921488,11.661928049287638,11.733583450317383,191800,0.0,0.0
2022-05-19 00:00:00-04:00,11.652971851398933,12.064990867683747,11.652971851398933,11.966464042663574,130900,0.0,0.0
2022-05-20 00:00:00-04:00,12.056033265084688,12.172473510234962,11.787325072753271,11.98437786102295,104500,0.0,0.0
2022-05-23 00:00:00-04:00,12.047077178955078,12.136646868960641,11.939594063468327,12.047077178955078,156600,0.0,0.0
2022-05-24 00:00:00-04:00,11.948549612789684,12.253085493230762,11.9127219123966,12.172472953796387,235900,0.0,0.0
2022-05-25 00:00:00-04:00,12.181431508178973,12.262043202782337,11.993335845704744,12.154560089111328,132700,0.0,0.0
2022-05-26 00:00:00-04:00,12.15455871458068,12.342654355783612,12.109774729598834,12.27099895477295,303100,0.0,0.0
2022-05-27 00:00:00-04:00,12.342653957688103,12.342653957688103,12.217257437063815,12.253085136413574,161200,0.0,0.0
2022-05-31 00:00:00-04:00,12.270999710035838,12.620320452112848,12.181430880359551,12.548665046691895,435800,0.0,0.0
2022-06-01 00:00:00-04:00,12.68301861867692,12.763631162692207,12.3874398600874,12.718846321105957,223500,0.0,0.0
2022-06-02 00:00:00-04:00,12.745716495849777,13.014424682976431,12.665104808491582,12.933812141418457,194000,0.0,0.0
2022-06-03 00:00:00-04:00,12.897985033086666,12.897985033086666,12.683018815181846,12.781545639038086,101600,0.0,0.0
2022-06-06 00:00:00-04:00,12.889029281157717,12.889029281157717,12.557622801295548,12.727804183959961,125400,0.0,0.0
2022-06-07 00:00:00-04:00,12.602407180033225,12.781546562090742,12.575536614404548,12.745718002319336,183600,0.0,0.0
2022-06-08 00:00:00-04:00,12.691976452114002,12.826330130022395,12.584493338947317,12.629278182983398,97300,0.0,0.0
2022-06-09 00:00:00-04:00,12.584492550304654,12.656147954591958,12.262042376811994,12.485965728759766,181700,0.0,0.0
2022-06-10 00:00:00-04:00,12.306827716147247,12.459095669970598,12.064990930439464,12.100818634033203,134400,0.0,0.0
2022-06-13 00:00:00-04:00,12.002290777079045,12.002290777079045,11.670884333766537,11.733583450317383,170400,0.0,0.0
2022-06-14 00:00:00-04:00,11.778367499546908,11.841066616439695,11.599228995995578,11.697755813598633,154600,0.0,0.0
2022-06-15 00:00:00-04:00,11.715670058774862,11.921679992961485,11.697756634262882,11.76941204071045,113400,0.0,0.0
2022-06-16 00:00:00-04:00,11.599229352975097,11.65297133279435,11.42904798291375,11.617143630981445,261600,0.0,0.0
2022-06-17 00:00:00-04:00,11.670885991501985,11.670885991501985,11.402177772373184,11.473834037780762,235200,0.0,0.0
2022-06-21 00:00:00-04:00,11.581316125666769,11.608186688932408,11.420091037673325,11.509660720825195,202300,0.0,0.0
2022-06-22 00:00:00-04:00,11.393221594056381,11.545489557858541,11.312609042137604,11.366350173950195,288400,0.0,0.0
2022-06-23 00:00:00-04:00,11.357392970343282,11.438005515747898,11.1334696127526,11.231995582580566,209400,0.0,0.0
2022-06-24 00:00:00-04:00,11.37530731398559,11.554445843694047,11.231996490218826,11.366350173950195,153700,0.0,0.0
2022-06-27 00:00:00-04:00,11.35739286872724,11.635057351303486,11.348435729495797,11.572359085083008,129400,0.0,0.0
2022-06-28 00:00:00-04:00,11.57235922043581,11.742540596824652,11.294693880412119,11.330521583557129,321200,0.0,0.0
2022-06-29 00:00:00-04:00,11.366348393825234,11.411133232788405,11.151382191841721,11.294692993164062,175600,0.0,0.0
2022-06-30 00:00:00-04:00,11.151384559724368,11.375307947888311,11.07077200331336,11.312609672546387,195800,0.0,0.0
2022-07-01 00:00:00-04:00,11.258865420463287,11.366348522673466,11.10659747878226,11.223037719726562,272900,0.0,0.0
2022-07-05 00:00:00-04:00,11.133469093265852,11.366348725102153,11.034942273835322,11.285737037658691,1196200,0.0,0.0
2022-07-06 00:00:00-04:00,11.214081102791804,11.321564201816038,11.034941750218339,11.169296264648438,394300,0.0,0.0
2022-07-07 00:00:00-04:00,11.321564370011911,11.42009033203125,11.16033929198049,11.1961669921875,278800,0.0,0.0
2022-07-08 00:00:00-04:00,11.160340882818247,11.160340882818247,10.784149549921011,10.972245216369629,535700,0.0,0.0
2022-07-11 00:00:00-04:00,10.882674160969481,10.89163129972446,10.309430947846993,10.381086349487305,227400,0.0,0.0
2022-07-12 00:00:00-04:00,10.345257860325436,10.390042696487823,9.978023741353313,10.10342025756836,296100,0.0,0.0
2022-07-13 00:00:00-04:00,10.12133630073718,10.425872214768896,10.085508596392264,10.345259666442871,210600,0.0,0.0
2022-07-14 00:00:00-04:00,10.264647007184823,10.434828387434031,9.76305829757691,9.843670845031738,465400,0.0,0.0
2022-07-15 00:00:00-04:00,9.888454069028537,10.184032791820718,9.843669232866148,10.10342025756836,313100,0.0,0.0
2022-07-18 00:00:00-04:00,10.139249243387756,10.36317259843925,10.067593838107262,10.094465255737305,218000,0.0,0.0
2022-07-19 00:00:00-04:00,10.201948363658046,10.219861787878264,10.04072327467703,10.094465255737305,346500,0.0,0.0
2022-07-20 00:00:00-04:00,10.121335622965718,10.282559854621597,10.031765941001503,10.201948165893555,354700,0.0,0.0
2022-07-21 00:00:00-04:00,10.184033586359147,10.184033586359147,9.951153103505607,10.076550483703613,103700,0.0,0.0
2022-07-22 00:00:00-04:00,10.06759293437649,10.08550721118842,9.84366959942577,9.88845443725586,423500,0.0,0.0
2022-07-25 00:00:00-04:00,9.897412561524506,10.15716362177267,9.897412561524506,9.986981391906738,274500,0.0,0.0
2022-07-26 00:00:00-04:00,10.031765580392285,10.354215740512599,9.986980741020046,10.112378120422363,300300,0.0,0.0
2022-07-27 00:00:00-04:00,10.184034796852385,10.381087602242808,10.112379386564935,10.336302757263184,305900,0.0,0.0
2022-07-28 00:00:00-04:00,10.372129404880777,10.685622433575015,10.21986145999498,10.273603439331055,280500,0.0,0.0
2022-07-29 00:00:00-04:00,10.282560772447662,10.43482873285846,10.192991936688284,10.336302757263184,219400,0.0,0.0
2022-08-01 00:00:00-04:00,10.228819252355056,10.381087206968033,10.1392495658063,10.318388938903809,368800,0.0,0.0
2022-08-02 00:00:00-04:00,10.300474298009055,10.497527088973,9.995938399482904,10.058636665344238,662000,0.0,0.0
2022-08-03 00:00:00-04:00,10.121334016387753,10.264644801422678,10.058634907285228,10.157161712646484,325700,0.0,0.0
2022-08-04 00:00:00-04:00,9.986981631509018,10.094465597266103,9.682446575863409,9.745144844055176,401600,0.0,0.0
2022-08-05 00:00:00-04:00,9.763057839858778,9.763057839858778,9.610789891627237,9.691402435302734,453000,0.0,0.0
2022-08-08 00:00:00-04:00,9.763057579532342,9.924282662584364,9.691402176886951,9.834712982177734,395000,0.0,0.0
2022-08-09 00:00:00-04:00,9.834713244414822,9.906369503170666,9.503306784793171,9.691402435302734,367900,0.0,0.0
2022-08-10 00:00:00-04:00,9.82575878955653,9.960112484572726,9.82575878955653,9.897414207458496,372800,0.0,0.0
2022-08-11 00:00:00-04:00,9.995940193523708,10.01385447509918,9.80784450798106,9.897414207458496,192300,0.0,0.0
2022-08-12 00:00:00-04:00,9.92428260481397,10.076550548099002,9.86158434141417,10.040722846984863,206100,0.0,0.0
2022-08-15 00:00:00-04:00,10.058637293980295,10.076551573460158,9.637661976601859,10.00489616394043,279600,0.0,0.0
2022-08-16 00:00:00-04:00,9.986980868213768,10.049679985813341,9.95115316709963,10.040722846984863,162600,0.0,0.0
2022-08-17 00:00:00-04:00,9.951153755187988,10.013852876492923,9.85262778485141,9.951153755187988,163700,0.0,0.0
2022-08-18 00:00:00-04:00,9.995938467295455,10.049680448541046,9.69140256670333,9.789929389953613,203000,0.0,0.0
2022-08-19 00:00:00-04:00,9.763058412839339,9.763058412839339,9.467479638148596,9.503307342529297,209600,0.0,0.0
2022-08-22 00:00:00-04:00,9.539133671408356,9.70035874497348,9.413737151257465,9.619746208190918,227800,0.0,0.0
2022-08-23 00:00:00-04:00,9.601833801907794,9.816800019946074,9.521221256593485,9.754101753234863,340900,0.0,0.0
2022-08-24 00:00:00-04:00,9.682446642811282,9.870542302886982,9.673489503236286,9.709317207336426,108400,0.0,0.0
2022-08-25 00:00:00-04:00,9.673489329697542,10.085508346557617,9.628704486825827,10.085508346557617,302200,0.0,0.0
2022-08-26 00:00:00-04:00,10.11237741247145,10.121334550558776,9.897411223573846,9.969066619873047,303200,0.0,0.0
2022-08-29 00:00:00-04:00,9.91532588833626,10.139249243387756,9.87054190068581,10.094465255737305,194000,0.0,0.0
2022-08-30 00:00:00-04:00,10.157162921537372,10.237775461263821,10.0138521194458,10.0138521194458,183300,0.0,0.0
2022-08-31 00:00:00-04:00,10.049680448541046,10.049680448541046,9.780972250712713,9.789929389953613,237900,0.0,0.0
2022-09-01 00:00:00-04:00,9.745144844055176,9.798885972733878,9.566006324793099,9.745144844055176,183400,0.0,0.0
2022-09-02 00:00:00-04:00,9.789927936308024,10.327343397967395,9.646617146532192,10.21090316772461,450300,0.0,0.0
2022-09-06 00:00:00-04:00,10.30047508287249,10.551269019627334,9.924283750640289,9.93324089050293,512700,0.0,0.0
2022-09-07 00:00:00-04:00,9.852629357719778,9.986983052735972,9.691404240340376,9.897414207458496,386300,0.0,0.0
2022-09-08 00:00:00-04:00,9.888455457331474,9.942197439111458,9.780972347971328,9.852627754211426,106100,0.0,0.0
2022-09-09 00:00:00-04:00,9.89741105685146,10.0228075711629,9.86158335930538,9.942195892333984,159000,0.0,0.0
2022-09-12 00:00:00-04:00,10.067593381632824,10.309431004139196,9.986980840797367,10.175076484680176,171400,0.0,0.0
2022-09-13 00:00:00-04:00,9.978024671205091,10.03176579624833,9.655574504146536,9.700359344482422,118100,0.0,0.0
2022-09-14 00:00:00-04:00,9.664532567125427,9.754102256361382,9.54809231279863,9.601834297180176,113200,0.0,0.0
2022-09-15 00:00:00-04:00,9.503305888107363,9.557047863553464,9.395822791414881,9.422694206237793,228500,0.0,0.0
2022-09-16 00:00:00-04:00,9.395824476082975,9.40478161596329,9.162943964394008,9.261470794677734,484600,0.0,0.0
2022-09-19 00:00:00-04:00,9.216686527381757,9.404782205663015,9.216686527381757,9.342083930969238,303200,0.0,0.0
2022-09-20 00:00:00-04:00,9.306253355205424,9.306253355205424,8.974846948792482,9.037545204162598,358100,0.0,0.0
2022-09-21 00:00:00-04:00,9.109203197231261,9.109203197231261,8.822581543215694,8.912150382995605,655700,0.0,0.0
2022-09-22 00:00:00-04:00,8.876321562667979,8.939019828068117,8.786752734124892,8.885278701782227,342300,0.0,0.0
2022-09-23 00:00:00-04:00,8.759882227236345,8.759882227236345,8.401605167427043,8.518045425415039,493200,0.0,0.0
2022-09-26 00:00:00-04:00,8.482216835021973,8.527001676378543,8.338906026040787,8.482216835021973,507700,0.0,0.0
2022-09-27 00:00:00-04:00,8.473259275619442,8.67926833976147,8.383689597349145,8.59865665435791,1084700,0.0,0.0
2022-09-28 00:00:00-04:00,9.404781809838575,9.736188304443186,9.055461035104038,9.6555757522583,690200,0.0,0.0
2022-09-29 00:00:00-04:00,9.48539279990576,9.574961623204926,9.315210583497768,9.476435661315918,337500,0.0,0.0
2022-09-30 00:00:00-04:00,9.467480081893534,9.78097315056811,9.422696089968502,9.6555757522583,538300,0.0,0.0
2022-10-03 00:00:00-04:00,9.897412828068239,9.897412828068239,9.566006352909373,9.843670845031738,207500,0.0,0.0
2022-10-04 00:00:00-04:00,9.8974126274407,10.040723440366568,9.85262778485141,9.951153755187988,171600,0.0,0.0
2022-10-05 00:00:00-04:00,9.816800117492676,9.843670681464511,9.72723043198679,9.816800117492676,114100,0.0,0.0
2022-10-06 00:00:00-04:00,9.772014077535134,10.004894547959552,9.745143516855308,9.96010971069336,192900,0.0,0.0
2022-10-07 00:00:00-04:00,9.915324940260492,9.933239216967607,9.592875647329974,9.619746208190918,118600,0.0,0.0
2022-10-10 00:00:00-04:00,9.566005578112884,9.664531542466564,9.539134161671157,9.63766098022461,89200,0.0,0.0
2022-10-11 00:00:00-04:00,9.49434921217577,9.655573423460481,9.404779541528955,9.467477798461914,415100,0.0,0.0
2022-10-12 00:00:00-04:00,9.449566461164995,9.45852360104531,9.198772523915272,9.261470794677734,232100,0.0,0.0
2022-10-13 00:00:00-04:00,9.162942261245659,9.637660336266386,9.109201140352564,9.458521842956543,184300,0.0,0.0
2022-10-14 00:00:00-04:00,9.592877043725561,9.646619027470178,9.243556284885187,9.270427703857422,209600,0.0,0.0
2022-10-17 00:00:00-04:00,9.342082808221049,9.61079015558632,9.342082808221049,9.548091888427734,145600,0.0,0.0
2022-10-18 00:00:00-04:00,9.655575224086293,9.736187771861571,9.449566139060446,9.709317207336426,239000,0.0,0.0
2022-10-19 00:00:00-04:00,9.566005298943288,9.637660698963858,9.368952521786847,9.377909660339355,308800,0.0,0.0
2022-10-20 00:00:00-04:00,9.342082418196751,9.63766117131824,9.342082418196751,9.35999584197998,135500,0.0,0.0
2022-10-21 00:00:00-04:00,9.386866408742696,9.566005771849829,9.306254720384233,9.53017807006836,162400,0.0,0.0
2022-10-24 00:00:00-04:00,9.449564918838405,9.458522057256767,9.27042642146985,9.279382705688477,135600,0.0,0.0
2022-10-25 00:00:00-04:00,9.252513747574266,9.351039724646057,9.118160064821833,9.324169158935547,164400,0.0,0.0
2022-10-26 00:00:00-04:00,9.31521224975586,9.476437356413141,9.279384543187565,9.31521224975586,186300,0.0,0.0
2022-10-27 00:00:00-04:00,9.368953082315011,9.66453183863376,9.342082519249615,9.592876434326172,462800,0.0,0.0
2022-10-28 00:00:00-04:00,9.628704365612625,9.798885741342975,9.619747226311075,9.754101753234863,160200,0.0,0.0
2022-10-31 00:00:00-04:00,9.736186648975307,9.789928626027313,9.637660687613,9.682445526123047,81800,0.0,0.0
2022-11-01 00:00:00-04:00,9.583918858971327,10.058636104449597,9.583918858971327,10.0138521194458,207000,0.0,0.0
2022-11-02 00:00:00-04:00,9.986979848992055,10.031764684364154,9.74514310470222,9.772013664245605,139000,0.0,0.0
2022-11-03 00:00:00-04:00,9.673489826273057,9.825757787333457,9.592877275805803,9.76305866241455,88600,0.0,0.0
2022-11-04 00:00:00-04:00,9.897412464116043,10.13029295837755,9.897412464116043,10.094465255737305,106600,0.0,0.0
2022-11-07 00:00:00-05:00,10.175076679630612,10.19299095758162,10.040723011797201,10.067593574523926,84200,0.0,0.0
2022-11-08 00:00:00-05:00,10.157164206363126,10.39004471631992,10.085508796253322,10.237776756286621,250000,0.0,0.0
2022-11-09 00:00:00-05:00,10.139249616232885,10.336302415100263,9.843670845031738,9.843670845031738,226200,0.0,0.0
2022-11-10 00:00:00-05:00,10.166120227984237,10.31838817126927,9.995938007042247,10.040722846984863,173800,0.0,0.0
2022-11-11 00:00:00-05:00,10.049679958224818,10.192990762287954,10.040722819420928,10.175076484680176,133300,0.0,0.0
2022-11-14 00:00:00-05:00,10.03176512578775,10.25568845830176,9.969066866027738,10.130291938781738,249600,0.0,0.0
2022-11-15 00:00:00-05:00,10.26464593287771,10.354215610497487,10.184033393859863,10.184033393859863,215200,0.0,0.0
2022-11-16 00:00:00-05:00,10.09446457043984,10.3094307716876,10.09446457043984,10.184033393859863,171800,0.0,0.0
2022-11-17 00:00:00-05:00,10.03176533022013,10.327344066826099,10.03176533022013,10.255688667297363,260800,0.0,0.0
2022-11-18 00:00:00-05:00,10.184032452298524,10.291515542985092,9.772013510900182,10.049678802490234,420500,0.0,0.0
2022-11-21 00:00:00-05:00,10.094463637159555,10.175075314524726,9.96906627092539,10.049678802490234,255000,0.0,0.0
2022-11-22 00:00:00-05:00,10.210905227901227,10.47065630032784,10.139249818555944,10.407958030700684,172100,0.0,0.0
2022-11-23 00:00:00-05:00,10.416914158182133,10.649794643024673,10.372129318143218,10.613966941833496,273100,0.0,0.0
2022-11-25 00:00:00-05:00,10.515440545385696,10.775191603007665,10.479612842755072,10.730406761169434,90100,0.0,0.0
2022-11-28 00:00:00-05:00,10.748320147361058,10.837889823602296,10.631879909927344,10.694578170776367,141300,0.0,0.0
2022-11-29 00:00:00-05:00,10.694578170776367,10.837889823602296,10.578138787542393,10.694578170776367,454300,0.0,0.0
2022-11-30 00:00:00-05:00,10.8916316204001,11.034942427900134,10.811019077631382,10.9095458984375,293700,0.0,0.0
2022-12-01 00:00:00-05:00,10.90954583834555,11.187210312797488,10.900588699376188,11.178253173828125,192300,0.0,0.0
2022-12-02 00:00:00-05:00,11.133468768776305,11.312607270429233,11.02598566778455,11.294692993164062,182300,0.0,0.0
2022-12-05 00:00:00-05:00,11.2319947562904,11.321564434417338,11.106597377752635,11.16033935546875,159900,0.0,0.0
2022-12-06 00:00:00-05:00,10.99015998840332,11.043901121681627,10.766236606610587,10.99015998840332,344900,0.0,0.0
2022-12-07 00:00:00-05:00,10.900590405315057,10.909547545686209,10.748322435805157,10.882676124572754,215600,0.0,0.0
2022-12-08 00:00:00-05:00,10.81101907407557,10.846846775938795,10.605010001911976,10.739363670349121,140700,0.0,0.0
2022-12-09 00:00:00-05:00,10.703537195055112,10.757279181108396,10.596054077148438,10.596054077148438,148300,0.0,0.0
2022-12-12 00:00:00-05:00,10.59605234766134,10.846846248509015,10.59605234766134,10.793105125427246,227200,0.0,0.0
2022-12-13 00:00:00-05:00,11.00807299072837,11.142426672948702,10.891632734177476,10.936417579650879,190500,0.0,0.0
2022-12-14 00:00:00-05:00,10.900589586040672,11.034943264710417,10.730407348579147,10.811019897460938,397500,0.0,0.0
2022-12-15 00:00:00-05:00,10.712493042736236,10.900588689930927,10.658751063166415,10.775191307067871,229600,0.0,0.0
2022-12-16 00:00:00-05:00,10.703535868688244,10.766234987014135,10.524397361042372,10.676665306091309,202900,0.0,0.0
2022-12-19 00:00:00-05:00,10.613967144418732,10.93641646129381,10.613967144418732,10.9095458984375,265800,0.0,0.0
2022-12-20 00:00:00-05:00,11.061814906754636,11.348436549266863,10.954330936612678,10.972245216369629,235700,0.0,0.0
2022-12-21 00:00:00-05:00,11.017028142963266,11.357391711272669,11.017028142963266,11.276779174804688,380200,0.0,0.0
2022-12-22 00:00:00-05:00,11.333724626350035,11.407200890061693,11.094926331334072,11.287801742553711,108200,0.312,0.0
2022-12-23 00:00:00-05:00,11.205139678906614,11.664366722106934,11.205139678906614,11.664366722106934,137700,0.0,0.0
2022-12-27 00:00:00-05:00,11.70110573237029,11.857243008898035,11.508230324654027,11.783766746520996,234600,0.0,0.0
2022-12-28 00:00:00-05:00,11.866428307560232,12.389946920100597,11.848058803166307,12.123595237731934,467400,0.0,0.0
2022-12-29 00:00:00-05:00,12.141963186261492,12.408314834500006,12.086855556047357,12.169516563415527,159300,0.0,0.0
2022-12-30 00:00:00-05:00,12.16033284018763,12.307285365304342,11.893981169437058,12.050118446350098,212300,0.0,0.0
2023-01-03 00:00:00-05:00,12.068489340666607,12.151149488640572,11.618446085752842,11.710291862487793,246300,0.0,0.0
2023-01-04 00:00:00-05:00,11.673552334143402,11.76539809991976,11.581706568367043,11.64599895477295,125300,0.0,0.0
2023-01-05 00:00:00-05:00,11.645999576696827,11.930719889177228,11.563338558265038,11.86642837524414,123800,0.0,0.0
2023-01-06 00:00:00-05:00,11.949087794371117,12.35320720428587,11.930718292331049,12.169516563415527,139900,0.0,0.0
2023-01-09 00:00:00-05:00,12.279732082742242,12.353208345880528,12.040933789589745,12.187887191772461,148600,0.0,0.0
2023-01-10 00:00:00-05:00,12.3899456311557,12.445053262698366,12.242993114916707,12.344022750854492,92300,0.0,0.0
2023-01-11 00:00:00-05:00,12.472606940015806,12.738958601071285,12.38076117720794,12.63792896270752,121100,0.0,0.0
2023-01-12 00:00:00-05:00,12.693034920703393,12.99612469262279,12.527713784323938,12.536897659301758,207500,0.0,0.0
2023-01-13 00:00:00-05:00,12.619559765312017,12.619559765312017,12.270547084460835,12.28891658782959,212000,0.0,0.0
2023-01-17 00:00:00-05:00,12.325655100569234,12.693036420266287,12.325655100569234,12.61037540435791,211000,0.0,0.0
2023-01-18 00:00:00-05:00,12.683852511630816,12.738959271490778,12.334839820861816,12.334839820861816,141000,0.0,0.0
2023-01-19 00:00:00-05:00,12.53689791810525,12.711404684877037,12.48179116347653,12.564452171325684,258700,0.0,0.0
2023-01-20 00:00:00-05:00,13.20737096446727,13.54719889955065,13.05123368673894,13.501276016235352,450400,0.0,0.0
2023-01-23 00:00:00-05:00,13.547198510445487,13.877841684187784,13.51964513161016,13.841103553771973,196900,0.0,0.0
2023-01-24 00:00:00-05:00,13.83192065231924,14.392177399597365,13.82273590009185,14.236040115356445,218400,0.0,0.0
2023-01-25 00:00:00-05:00,14.190116882324219,14.337069410735923,14.061533857917057,14.190116882324219,110200,0.0,0.0
2023-01-26 00:00:00-05:00,14.236040377367823,14.337070026010009,14.144194605215874,14.272778511047363,123300,0.0,0.0
2023-01-27 00:00:00-05:00,14.217670318520518,14.3187008391318,13.767627979507495,13.804366111755371,224000,0.0,0.0
2023-01-30 00:00:00-05:00,13.776811987400059,14.135009414398663,13.776811987400059,14.089086532592773,187400,0.0,0.0
2023-01-31 00:00:00-05:00,14.052348269857807,14.337068557739258,13.831919490354856,14.337068557739258,193200,0.0,0.0
2023-02-01 00:00:00-05:00,14.180932403604505,14.594237492609981,14.033979872360858,14.484023094177246,254300,0.0,0.0
2023-02-02 00:00:00-05:00,14.465653241112463,14.621790520771565,14.254409201518474,14.43809986114502,294900,0.0,0.0
2023-02-03 00:00:00-05:00,14.41973052064765,14.539129669734592,14.263593239219048,14.327885627746582,178800,0.0,0.0
2023-02-06 00:00:00-05:00,14.208484722542378,14.208484722542378,13.556382297145763,13.70333480834961,190800,0.0,0.0
2023-02-07 00:00:00-05:00,13.639044443231748,13.87784185593676,13.5471986781025,13.85947322845459,152100,0.0,0.0
2023-02-08 00:00:00-05:00,13.82273449796318,13.91457938320213,13.657412478264543,13.9053955078125,102100,0.0,0.0
2023-02-09 00:00:00-05:00,13.99724159719834,13.99724159719834,13.593122140388198,13.675783157348633,123700,0.0,0.0
2023-02-10 00:00:00-05:00,13.703335605607224,14.03397877505264,13.68496610268498,13.813549995422363,139600,0.0,0.0
2023-02-13 00:00:00-05:00,13.813549941202877,14.20848549341988,13.730888930189447,14.061532974243164,107600,0.0,0.0
2023-02-14 00:00:00-05:00,14.07990299925938,14.272778418807023,13.988057227701,14.254409790039062,117800,0.0,0.0
2023-02-15 00:00:00-05:00,14.171748770817759,14.539130105238893,14.14419451380653,14.254409790039062,125800,0.0,0.0
2023-02-16 00:00:00-05:00,14.217670536415415,14.594237492609981,14.199301907963049,14.484023094177246,95200,0.0,0.0
2023-02-17 00:00:00-05:00,14.548314522025468,14.548314522025468,14.32788572645688,14.474838256835938,73000,0.0,0.0
2023-02-21 00:00:00-05:00,14.392176276728463,14.768742329610221,14.337068643569763,14.346253395080566,193600,0.0,0.0
2023-02-22 00:00:00-05:00,14.337069933354174,14.45646908601759,14.12582588503857,14.254409790039062,99500,0.0,0.0
2023-02-23 00:00:00-05:00,14.337069181401072,14.658528489089253,14.318700553596512,14.548314094543457,126000,0.0,0.0
2023-02-24 00:00:00-05:00,14.40136120033931,14.667712865992753,14.125824783065303,14.364623069763184,117600,0.0,0.0
2023-02-27 00:00:00-05:00,14.346254255964329,14.511576289454888,14.089087329572699,14.327885627746582,118500,0.0,0.0
2023-02-28 00:00:00-05:00,14.364623818786338,14.364623818786338,13.90539672468595,13.942134857177734,157800,0.0,0.0
2023-03-01 00:00:00-05:00,14.089087667523927,14.46565375203509,13.914580877785562,14.245224952697754,310700,0.0,0.0
2023-03-02 00:00:00-05:00,14.31870022101273,14.74118828567198,14.300330717728695,14.630974769592285,110800,0.0,0.0
2023-03-03 00:00:00-05:00,14.695266050373807,15.025910097087129,14.695266050373807,14.860588073730469,105300,0.0,0.0
2023-03-06 00:00:00-05:00,14.878956599278908,15.246337876041277,14.860587097487763,15.126937866210938,105500,0.0,0.0
2023-03-07 00:00:00-05:00,15.136122479783957,15.191230984657423,14.842217461040516,14.961617469787598,168700,0.0,0.0
2023-03-08 00:00:00-05:00,14.94324872254568,15.07183173678419,14.557497928017968,14.80548095703125,179900,0.0,0.0
2023-03-09 00:00:00-05:00,14.851404088919146,14.97080236094486,14.704451560974121,14.704451560974121,135300,0.0,0.0
2023-03-10 00:00:00-05:00,14.649342827727947,14.713635210817673,14.291146286669315,14.30033016204834,111500,0.0,0.0
2023-03-13 00:00:00-04:00,14.07990176672309,14.337068678305826,13.868657736899515,13.960502624511719,197600,0.0,0.0
2023-03-14 00:00:00-04:00,14.144194591023156,14.2635937443384,13.813551388239073,13.877842903137207,111900,0.0,0.0
2023-03-15 00:00:00-04:00,13.602306173113792,13.62985955200805,13.317585004852731,13.446168899536133,189800,0.0,0.0
2023-03-16 00:00:00-04:00,13.427799668203715,13.629859827966923,13.29921577091692,13.492091178894043,315000,0.0,0.0
2023-03-17 00:00:00-04:00,13.326770519377334,13.547199314962635,13.087972219540173,13.290032386779785,260600,0.0,0.0
2023-03-20 00:00:00-04:00,13.400246888031731,13.75844346464683,13.26247823279762,13.565568923950195,158300,0.0,0.0
2023-03-21 00:00:00-04:00,13.73088991136455,13.822735680366119,13.4645382323474,13.547199249267578,111900,0.0,0.0
2023-03-22 00:00:00-04:00,13.565568918858144,13.639045184592952,13.427800263675744,13.43698501586914,77700,0.0,0.0
2023-03-23 00:00:00-04:00,13.574752709065598,13.776812876508112,13.372693417529257,13.427800178527832,91800,0.0,0.0
2023-03-24 00:00:00-04:00,13.482907574744132,13.721704994652052,13.464538070801746,13.657413482666016,147900,0.0,0.0
2023-03-27 00:00:00-04:00,13.7400732902184,13.932948685120168,13.730888539054963,13.749258041381836,60100,0.0,0.0
2023-03-28 00:00:00-04:00,13.730889260194088,14.089086691225736,13.730889260194088,13.978872299194336,131000,0.0,0.0
2023-03-29 00:00:00-04:00,14.070717734013169,14.281962650534615,14.043164353912514,14.190116882324219,137300,0.0,0.0
2023-03-30 00:00:00-04:00,14.236040377367823,14.493207313124604,14.180932738895415,14.272778511047363,137300,0.0,0.0
2023-03-31 00:00:00-04:00,14.566681295288781,14.796295689647158,14.19011526517195,14.355437278747559,216100,0.0,0.0
2023-04-03 00:00:00-04:00,14.41054416326053,14.41054416326053,13.997240001482112,14.116639137268066,107500,0.0,0.0
2023-04-04 00:00:00-04:00,14.14419298032187,14.14419298032187,13.70333542681339,13.785996437072754,96400,0.0,0.0
2023-04-05 00:00:00-04:00,13.841102858763726,14.052347754976912,13.675781718146967,13.868657112121582,93600,0.0,0.0
2023-04-06 00:00:00-04:00,13.8594743590545,14.061534533278422,13.804366720300266,13.887027740478516,88500,0.0,0.0
2023-04-10 00:00:00-04:00,13.82273385545329,13.923763487291891,13.42779832715558,13.6941499710083,84600,0.0,0.0
2023-04-11 00:00:00-04:00,13.629860720025693,13.914581036779882,13.446170051812315,13.877842903137207,119800,0.0,0.0
2023-04-12 00:00:00-04:00,14.015611122161303,14.09827213924436,13.8411043358957,13.942134857177734,91000,0.0,0.0
2023-04-13 00:00:00-04:00,13.942133729220176,14.493205672013678,13.93294897786376,14.447282791137695,111000,0.0,0.0
2023-04-14 00:00:00-04:00,14.419730280963892,14.585052311706479,14.419730280963892,14.557498931884766,41800,0.0,0.0
2023-04-17 00:00:00-04:00,14.55750014645384,14.695267932962878,14.401362854593613,14.59423828125,130700,0.0,0.0
2023-04-18 00:00:00-04:00,14.529944045766044,14.57586692741394,14.23603900466928,14.346253395080566,72700,0.0,0.0
2023-04-19 00:00:00-04:00,14.382992912085983,14.410546293369089,14.116641223932769,14.272778511047363,72400,0.0,0.0
2023-04-20 00:00:00-04:00,14.127079469152754,14.31150680128197,14.062530430556345,14.173186302185059,59200,0.062,0.0
2023-04-21 00:00:00-04:00,14.23773642666045,14.23773642666045,13.970317829975325,14.025646209716797,61400,0.0,0.0
2023-04-24 00:00:00-04:00,14.007203155193752,14.034867784834796,13.878105067861263,13.988760948181152,117500,0.0,0.0
2023-04-25 00:00:00-04:00,14.016424266796557,14.634253572452057,14.016424266796557,14.505154609680176,98200,0.0,0.0
2023-04-26 00:00:00-04:00,14.514376608393045,14.65269711843821,14.246958010936773,14.551261901855469,140600,0.0,0.0
2023-04-27 00:00:00-04:00,14.459047791246077,15.076877060042387,14.412940958762906,15.030769348144531,112300,0.0,0.0
2023-04-28 00:00:00-04:00,14.99388656987278,15.030770984577382,14.809459219861088,14.818680763244629,74100,0.0,0.0
2023-05-01 00:00:00-04:00,14.717245620257268,14.837123039449972,14.5881466581848,14.689581871032715,50000,0.0,0.0
2023-05-02 00:00:00-04:00,14.652697379414798,14.84634539339525,14.569705247792493,14.818680763244629,69300,0.0,0.0
2023-05-03 00:00:00-04:00,14.938558789575069,15.335074594689043,14.874007987095116,15.224419593811035,85900,0.0,0.0
2023-05-04 00:00:00-04:00,15.252083596112438,15.602493429586138,15.141426840956322,15.473395347595215,71800,0.0,0.0
2023-05-05 00:00:00-04:00,15.620937969610239,15.722371432548552,15.390404653831935,15.48261833190918,70100,0.0,0.0
2023-05-08 00:00:00-04:00,15.44573141520246,16.118888242820553,15.408845242211562,15.768478393554688,171800,0.0,0.0
2023-05-09 00:00:00-04:00,15.639378312030125,15.685486027576262,15.1783117095458,15.335074424743652,44100,0.0,0.0
2023-05-10 00:00:00-04:00,15.39962364918171,15.694705963134766,15.325853070693444,15.694705963134766,58000,0.0,0.0
2023-05-11 00:00:00-04:00,15.77769803688016,16.08200189209321,15.593270711793146,15.657819747924805,64300,0.0,0.0
2023-05-12 00:00:00-04:00,15.694707807157465,15.713150893653802,15.445731415945525,15.639378547668457,59700,0.0,0.0
2023-05-15 00:00:00-04:00,15.69470889334771,15.879134494586093,15.56560903776822,15.620938301086426,80400,0.0,0.0
2023-05-16 00:00:00-04:00,15.547165926289978,15.722369963554257,15.25208359107703,15.344295501708984,669200,0.0,0.0
2023-05-17 00:00:00-04:00,15.307411094275768,15.537944388590676,15.288968008611507,15.473395347595215,44100,0.0,0.0
2023-05-18 00:00:00-04:00,15.473395037435637,15.50105790654808,15.113761909509089,15.2428617477417,52100,0.0,0.0
2023-05-19 00:00:00-04:00,15.298189646696082,15.335074059424807,15.169091563901345,15.178311347961426,71200,0.0,0.0
2023-05-22 00:00:00-04:00,15.2336406095402,15.510279860985795,15.150648482340628,15.307411193847656,55800,0.0,0.0
2023-05-23 00:00:00-04:00,15.307409916903218,15.418064904718829,15.039990471828409,15.076876640319824,51400,0.0,0.0
2023-05-24 00:00:00-04:00,15.113762555219358,15.270525269261837,14.689582128298234,14.88322925567627,165600,0.0,0.0
2023-05-25 00:00:00-04:00,14.89245153824669,14.89245153824669,14.542041679425527,14.652697563171387,59600,0.0,0.0
2023-05-26 00:00:00-04:00,14.422161950937449,14.634252141088242,14.302284542820397,14.514374732971191,74800,0.0,0.0
2023-05-30 00:00:00-04:00,14.514376511722167,14.514376511722167,13.850441233820561,14.044088363647461,119500,0.0,0.0
2023-05-31 00:00:00-04:00,14.237737118611518,14.237737118611518,13.638350852591811,13.739785194396973,202300,0.0,0.0
2023-06-01 00:00:00-04:00,13.73978333994974,14.412940984826074,13.73978333994974,14.357612609863281,238500,0.0,0.0
2023-06-02 00:00:00-04:00,14.385277491328264,14.800236353517999,14.302285367124435,14.661916732788086,105900,0.0,0.0
2023-06-05 00:00:00-04:00,14.505154622338374,14.65269667109845,14.24695757598403,14.578926086425781,71700,0.0,0.0
2023-06-06 00:00:00-04:00,14.505155880259313,14.75413228468244,14.505155880259313,14.698803901672363,74100,0.0,0.0
2023-06-07 00:00:00-04:00,14.754131903418061,14.809459405583596,14.634254476173014,14.652697563171387,117700,0.0,0.0
2023-06-08 00:00:00-04:00,14.744909316936248,15.030770109872298,14.569704399918804,14.708024024963379,73700,0.0,0.0
2023-06-09 00:00:00-04:00,14.772573936945577,14.855566063690285,14.64347497540773,14.763352394104004,57400,0.0,0.0
2023-06-12 00:00:00-04:00,14.818680033972786,14.827901576902507,14.46826931737603,14.505154609680176,145500,0.0,0.0
2023-06-13 00:00:00-04:00,14.763353052760865,14.763353052760865,14.403720780627294,14.532819747924805,78200,0.0,0.0
2023-06-14 00:00:00-04:00,14.505154991450286,14.754131380617288,14.505154991450286,14.680360794067383,125800,0.0,0.0
2023-06-15 00:00:00-04:00,14.578926489014352,14.735688326211609,14.551261859437105,14.643475532531738,76800,0.0,0.0
2023-06-16 00:00:00-04:00,14.69880300099748,14.772574466962144,14.569704914242523,14.680360794067383,174100,0.0,0.0
2023-06-20 00:00:00-04:00,14.634254085463356,14.671139379060534,14.523598204671819,14.532819747924805,47800,0.0,0.0
2023-06-21 00:00:00-04:00,14.578926064668813,14.625032020459372,14.468269308410212,14.5604829788208,37500,0.0,0.0
2023-06-22 00:00:00-04:00,14.58814705840814,14.791017489669684,14.542041101573886,14.754131317138672,97200,0.0,0.0
2023-06-23 00:00:00-04:00,14.735689223499337,14.874008862149104,14.698803927898412,14.79101848602295,50200,0.0,0.0
2023-06-26 00:00:00-04:00,14.781795904897015,14.855566490921719,14.77257436179024,14.846344947814941,34700,0.0,0.0
2023-06-27 00:00:00-04:00,14.772573566650568,14.800236435652424,14.551260941073945,14.606589317321777,64500,0.0,0.0
2023-06-28 00:00:00-04:00,14.65269667109845,14.65269667109845,14.459048666479008,14.578926086425781,29600,0.0,0.0
2023-06-29 00:00:00-04:00,14.61581132616561,14.643475075464627,14.50515457014008,14.597368240356445,69400,0.0,0.0
2023-06-30 00:00:00-04:00,14.661916047131612,15.15986876906809,14.606588553192887,14.966219902038574,92200,0.0,0.0
2023-07-03 00:00:00-04:00,15.09532052462285,15.316632270812988,15.058434354176452,15.316632270812988,55800,0.0,0.0
2023-07-05 00:00:00-04:00,15.169091925266082,15.353517510962106,15.122984209719945,15.335074424743652,112500,0.0,0.0
2023-07-06 00:00:00-04:00,15.215198629560632,15.215198629560632,14.652697663481353,15.049214363098145,373600,0.0,0.0
2023-07-07 00:00:00-04:00,15.076877980135986,15.344295690145719,15.030770265424325,15.252083778381348,439800,0.0,0.0
2023-07-10 00:00:00-04:00,15.261304202492283,15.381182506940345,15.003108024597168,15.003108024597168,140000,0.0,0.0
2023-07-11 00:00:00-04:00,15.030768442384666,15.076876151504052,14.883227290861152,15.067654609680176,285300,0.0,0.0
2023-07-12 00:00:00-04:00,15.205975518303212,15.427287264493353,15.113761851016633,15.316632270812988,180200,0.0,0.0
2023-07-13 00:00:00-04:00,15.43650897518027,15.823804974937314,15.37195993502567,15.676263809204102,149000,0.0,0.0
2023-07-14 00:00:00-04:00,15.639375761983747,15.694705011617513,15.187530776283307,15.5840482711792,133600,0.0,0.0
2023-07-17 00:00:00-04:00,15.611716158266908,15.805363295962513,15.252084754643874,15.777700424194336,97500,0.0,0.0
2023-07-18 00:00:00-04:00,15.657822117100265,16.035896607788477,15.657822117100265,15.777700424194336,156300,0.0,0.0
2023-07-19 00:00:00-04:00,15.796139409287798,15.98978827708782,15.6301569268112,15.694705963134766,276400,0.0,0.0
2023-07-20 00:00:00-04:00,15.685485351916105,15.768477477494717,15.648599181068086,15.676263809204102,258600,0.0,0.0
2023-07-21 00:00:00-04:00,15.602491277621105,15.83302454013984,15.537942245528534,15.750032424926758,138600,0.0,0.0
2023-07-24 00:00:00-04:00,15.952902802675816,16.082002639770508,15.713149731277253,16.082002639770508,261000,0.0,0.0
2023-07-25 00:00:00-04:00,16.08200574950078,16.31253908174029,15.962127431791576,16.294095993041992,374600,0.0,0.0
2023-07-26 00:00:00-04:00,16.358640778079774,16.358640778079774,16.137329047910796,16.21109962463379,251000,0.0,0.0
2023-07-27 00:00:00-04:00,15.897575027649228,16.2664279296817,15.759255409240723,15.759255409240723,144500,0.0,0.0
2023-07-28 00:00:00-04:00,15.897574227888521,16.00823097234613,15.436507683835504,15.537942886352539,101700,0.0,0.0
2023-07-31 00:00:00-04:00,15.519500768059391,15.574828264315904,15.362738062974776,15.427287101745605,131400,0.0,0.0
2023-08-01 00:00:00-04:00,15.408845347935308,15.639378654221566,15.252084388137018,15.602494239807129,117700,0.0,0.0
2023-08-02 00:00:00-04:00,15.556387762121384,15.639378131487366,14.874007650552091,14.956999778747559,88600,0.0,0.0
2023-08-03 00:00:00-04:00,15.012328796601848,15.012328796601848,14.708024038281717,14.781795501708984,83600,0.0,0.0
2023-08-04 00:00:00-04:00,14.800236867930925,14.892450537899078,14.634253493168876,14.689581871032715,57400,0.0,0.0
2023-08-07 00:00:00-04:00,14.726467063580563,14.901671980037923,14.560482810525897,14.855566024780273,88900,0.0,0.0
2023-08-08 00:00:00-04:00,14.717245108728871,14.744908856991914,14.569703945439713,14.661916732788086,99900,0.0,0.0
2023-08-09 00:00:00-04:00,14.74490984800994,14.74490984800994,14.39449912193943,14.625032424926758,133800,0.0,0.0
2023-08-10 00:00:00-04:00,14.818680338778773,15.205976355645982,14.449827408150362,14.735688209533691,209300,0.0,0.0
2023-08-11 00:00:00-04:00,14.791017563905118,14.809458891433668,14.588147131625377,14.625032424926758,145200,0.0,0.0
2023-08-14 00:00:00-04:00,14.588146915855026,14.588146915855026,14.302286116851116,14.339171409606934,168000,0.0,0.0
2023-08-15 00:00:00-04:00,14.320728396224247,14.320728396224247,14.1824087675414,14.21007251739502,72100,0.0,0.0
2023-08-16 00:00:00-04:00,14.20085198146733,14.329950955631512,14.090196094790096,14.191631317138672,55500,0.0,0.0
2023-08-17 00:00:00-04:00,14.200849178073948,14.21929226192004,13.961095243977235,14.007201194763184,74600,0.0,0.0
2023-08-18 00:00:00-04:00,13.979539373168032,14.09019525323621,13.795112906387732,14.025646209716797,136800,0.0,0.0
2023-08-21 00:00:00-04:00,13.86888323591869,14.007202863585256,13.693678315580053,13.702898979187012,134100,0.0,0.0
2023-08-22 00:00:00-04:00,13.601463602673268,14.007201790996996,13.601463602673268,13.924210548400879,78100,0.0,0.0
2023-08-23 00:00:00-04:00,13.804333871893162,14.339171042881405,13.767448580080687,14.182408332824707,89600,0.0,0.0
2023-08-24 00:00:00-04:00,14.182408112175116,14.30228552855429,13.804333657125644,13.841218948364258,78800,0.0,0.0
2023-08-25 00:00:00-04:00,13.822776350039238,13.933432227653688,13.68445672287486,13.850440979003906,50800,0.0,0.0
2023-08-28 00:00:00-04:00,13.850442047869036,14.016425437392597,13.62912939614627,13.684457778930664,69800,0.0,0.0
2023-08-29 00:00:00-04:00,13.77666863452332,13.914989132267168,13.629127473794963,13.66601276397705,72700,0.0,0.0
2023-08-30 00:00:00-04:00,13.666014691530929,13.795113665084642,13.601465644461479,13.684457778930664,77300,0.0,0.0
2023-08-31 00:00:00-04:00,13.629127998296081,13.666013289897657,13.527693666245424,13.58302116394043,88500,0.0,0.0
2023-09-01 00:00:00-04:00,13.619907074155684,13.721341404264022,13.26949637094319,13.33404541015625,72000,0.0,0.0
2023-09-05 00:00:00-04:00,13.140397884175627,13.140397884175627,12.633224456622743,12.670109748840332,121700,0.0,0.0
2023-09-06 00:00:00-04:00,12.633223820062957,12.900642395019531,12.513346406542468,12.900642395019531,155500,0.0,0.0
2023-09-07 00:00:00-04:00,12.780764218528798,12.780764218528798,12.402689795064981,12.697772979736328,196000,0.0,0.0
2023-09-08 00:00:00-04:00,12.900642982935214,12.900642982935214,12.61478218947906,12.743880271911621,193700,0.0,0.0
2023-09-11 00:00:00-04:00,12.753102086784692,12.88220105138552,12.458019744171084,12.467241287231445,131200,0.0,0.0
2023-09-12 00:00:00-04:00,12.384249199646163,12.439576699362584,12.26437177770758,12.375027656555176,89900,0.0,0.0
2023-09-13 00:00:00-04:00,12.375027961298525,12.624003474983112,12.375027961298525,12.550232887268066,52300,0.0,0.0
2023-09-14 00:00:00-04:00,12.642446145216297,12.706995187487225,12.53179026728839,12.541011810302734,80400,0.0,0.0
2023-09-15 00:00:00-04:00,12.61478300950763,12.68855359838307,12.227486978204164,12.3289213180542,160600,0.0,0.0
2023-09-18 00:00:00-04:00,12.365806219033715,12.375027762203429,12.153716002618854,12.209043502807617,63300,0.0,0.0
2023-09-19 00:00:00-04:00,12.181379318237305,12.282813651241998,12.11683027718111,12.181379318237305,93900,0.0,0.0
2023-09-20 00:00:00-04:00,12.61478158687987,12.61478158687987,12.199820971984067,12.30125617980957,243300,0.0,0.0
2023-09-21 00:00:00-04:00,12.264370746731206,12.282812951948127,11.794082641601562,11.794082641601562,133500,0.0,0.0
2023-09-22 00:00:00-04:00,11.913960420356032,12.079944669493235,11.821746753187652,12.006174087524414,141200,0.0,0.0
2023-09-25 00:00:00-04:00,11.8862969194038,11.895517582780817,11.591213705971173,11.655763626098633,170400,0.0,0.0
2023-09-26 00:00:00-04:00,11.600435287297126,11.711091162921416,11.526664703547599,11.563549995422363,87500,0.0,0.0
2023-09-27 00:00:00-04:00,11.581993548039554,11.600435755013141,11.388345538035704,11.554328918457031,84900,0.0,0.0
2023-09-28 00:00:00-04:00,11.535885353905321,11.66498342577206,11.434450149536133,11.434450149536133,87200,0.0,0.0
2023-09-29 00:00:00-04:00,11.600435278931544,11.711091154476033,11.572771529899102,11.618878364562988,109200,0.0,0.0
2023-10-02 00:00:00-04:00,11.600435569316414,11.664984611812827,11.222361098555005,11.231582641601562,109700,0.0,0.0
2023-10-03 00:00:00-04:00,11.102483887907235,11.222361311543393,10.87195058385649,10.899614334106445,71800,0.0,0.0
2023-10-04 00:00:00-04:00,11.010269645021891,11.102483313638402,10.788957895639928,11.074819564819336,126700,0.0,0.0
2023-10-05 00:00:00-04:00,11.019490491274368,11.019490491274368,10.687522888183594,10.687522888183594,89100,0.0,0.0
2023-10-06 00:00:00-04:00,10.604531945129164,11.056377008253385,10.549203565429474,10.991827964782715,181000,0.0,0.0
2023-10-09 00:00:00-04:00,10.973384012840942,11.084040763511823,10.715186979909838,10.881171226501465,49000,0.0,0.0
2023-10-10 00:00:00-04:00,10.927279254182354,11.157812564359915,10.881172416263883,11.130147933959961,97600,0.0,0.0
2023-10-11 00:00:00-04:00,11.130147520704135,11.36068082232213,11.056376934539557,11.120926856994629,94400,0.0,0.0
2023-10-12 00:00:00-04:00,11.102484537025713,11.102484537025713,10.6506394457282,10.70596694946289,105500,0.0,0.0
2023-10-13 00:00:00-04:00,10.69674539425155,10.69674539425155,10.54920334461233,10.632195472717285,54800,0.0,0.0
2023-10-16 00:00:00-04:00,10.604531754201355,10.76129446787751,10.549203375497816,10.59531021118164,145500,0.0,0.0
2023-10-17 00:00:00-04:00,10.49387489986031,10.918056165739186,10.49387489986031,10.687522888183594,147700,0.0,0.0
2023-10-18 00:00:00-04:00,10.604531415749001,10.788957873183433,10.346334375340799,10.40166187286377,182500,0.0,0.0
2023-10-19 00:00:00-04:00,10.36477614051659,10.61375250702403,10.337112392931768,10.429326057434082,100500,0.0,0.0
2023-10-20 00:00:00-04:00,10.383221318935664,10.42932816048416,10.180351743771197,10.189573287963867,143700,0.0,0.0
2023-10-23 00:00:00-04:00,10.235678774884638,10.235678774884638,9.977480848149876,10.069694519042969,149200,0.0,0.0
2023-10-24 00:00:00-04:00,10.042030139900298,10.475432079444973,10.042030139900298,10.244898796081543,112000,0.0,0.0
2023-10-25 00:00:00-04:00,10.300227136719123,10.466211381600566,10.189571266603055,10.337112426757812,94800,0.0,0.0
2023-10-26 00:00:00-04:00,10.291006439478766,10.530761284126848,10.291006439478766,10.503097534179688,72500,0.0,0.0
2023-10-27 00:00:00-04:00,10.604530072915384,10.604530072915384,10.235677204753735,10.263340950012207,137500,0.0,0.0
2023-10-30 00:00:00-04:00,10.291006909070042,10.63219610536977,10.217236319568197,10.43854808807373,121400,0.0,0.0
2023-10-31 00:00:00-04:00,10.43854672583014,10.521538848042837,10.263341818481422,10.373997688293457,112600,0.0,0.0
2023-11-01 00:00:00-04:00,10.383219032163385,10.779735671557033,10.291005369375283,10.687522888183594,228600,0.0,0.0
2023-11-02 00:00:00-04:00,10.696745884433929,10.705966548434441,10.503097869786622,10.641417503356934,140600,0.0,0.0
2023-11-03 00:00:00-04:00,10.715187866748803,10.95494271402112,10.715187866748803,10.899614334106445,178500,0.0,0.0
2023-11-06 00:00:00-05:00,10.816621780395508,11.001049119946295,10.761294282062055,10.816621780395508,157100,0.0,0.0
2023-11-07 00:00:00-05:00,10.918057274465879,11.37912387639829,10.85350823160806,11.157812118530273,355500,0.0,0.0
2023-11-08 00:00:00-05:00,11.250024911267904,11.351460126518477,10.982606317323695,11.157812118530273,304300,0.0,0.0
2023-11-09 00:00:00-05:00,11.120926053930551,11.314574048482553,10.881171226501465,10.881171226501465,213200,0.0,0.0
2023-11-10 00:00:00-05:00,10.918056523167776,10.918056523167776,10.678301695601496,10.82584285736084,98400,0.0,0.0
2023-11-13 00:00:00-05:00,10.752071924486467,10.779735671557033,10.595309225395491,10.687522888183594,123200,0.0,0.0
2023-11-14 00:00:00-05:00,10.871949570152953,11.148589685102799,10.807400532450039,11.028712272644043,138100,0.0,0.0
2023-11-15 00:00:00-05:00,10.89039241866862,11.019490491274368,10.669079803860107,10.687522888183594,184600,0.0,0.0
2023-11-16 00:00:00-05:00,10.622974350921785,10.816621468927469,10.57686751736175,10.586088180541992,192400,0.0,0.0
2023-11-17 00:00:00-05:00,10.687524308279626,10.770516439933496,10.595310633238707,10.678302764892578,136300,0.0,0.0
2023-11-20 00:00:00-05:00,10.881172001253873,11.194697431843803,10.881172001253873,11.047155380249023,380200,0.0,0.0
2023-11-21 00:00:00-05:00,11.120925908793044,11.30535235847977,11.065597534179688,11.065597534179688,149500,0.0,0.0
2023-11-22 00:00:00-05:00,11.386094687693381,11.39546617382689,11.19866943359375,11.19866943359375,183300,0.192,0.0
2023-11-24 00:00:00-05:00,11.245526255379184,11.423580027855136,11.245526255379184,11.348609924316406,114200,0.0,0.0
2023-11-27 00:00:00-05:00,11.339239027976381,11.339239027976381,11.058100700378418,11.058100700378418,90400,0.0,0.0
2023-11-28 00:00:00-05:00,11.123698873349092,11.4048371897649,11.123698873349092,11.32049560546875,97100,0.0,0.0
2023-11-29 00:00:00-05:00,11.320496290133656,11.545406599383275,11.25489767336438,11.414209365844727,436000,0.0,0.0
2023-11-30 00:00:00-05:00,11.386095724929223,11.60163545706434,11.217413427730207,11.479808807373047,5547500,0.0,0.0
2023-12-01 00:00:00-05:00,11.751575079043452,12.220138680111715,11.742203592530693,12.154540061950684,560500,0.0,0.0
2023-12-04 00:00:00-05:00,12.032713278285426,12.229510024190622,11.976485253577884,12.079569816589355,227200,0.0,0.0
2023-12-05 00:00:00-05:00,12.10768338208606,12.17328199948308,11.920258122584476,12.079569816589355,268900,0.0,0.0
2023-12-06 00:00:00-05:00,12.163910183467031,12.182653155766367,12.00459938749322,12.1732816696167,285300,0.0,0.0
2023-12-07 00:00:00-05:00,12.154539932343155,12.220138549804688,12.117054880405973,12.220138549804688,131500,0.0,0.0
2023-12-08 00:00:00-05:00,12.257624286940962,12.360707962102035,12.182654178875785,12.21076774597168,87800,0.0,0.0
2023-12-11 00:00:00-05:00,12.173282211497687,12.229510237184519,12.013970514718173,12.192025184631348,258400,0.0,0.0
2023-12-12 00:00:00-05:00,12.173281547533783,12.435677794808322,12.06082639600788,12.341964721679688,254700,0.0,0.0
2023-12-13 00:00:00-05:00,12.370078851096787,12.641845703125,12.276366667402245,12.641845703125,230400,0.0,0.0
2023-12-14 00:00:00-05:00,12.69807461809401,12.754301753507862,12.585619453552102,12.604361534118652,214900,0.0,0.0
2023-12-15 00:00:00-05:00,12.538761590102924,12.585618127152387,12.220138210623505,12.276366233825684,208100,0.0,0.0
2023-12-18 00:00:00-05:00,12.35133681014792,12.43567840133447,12.135797088925164,12.154540061950684,155000,0.0,0.0
2023-12-19 00:00:00-05:00,12.491905685538581,12.491905685538581,12.341965474359876,12.370079040527344,492700,0.0,0.0
2023-12-20 00:00:00-05:00,12.482534182179961,12.482534182179961,11.985857009887695,11.985857009887695,247500,0.0,0.0
2023-12-21 00:00:00-05:00,12.032713347976816,12.135797017871198,11.845288087389697,12.013970375061035,101000,0.0,0.0
2023-12-22 00:00:00-05:00,12.023341446105167,12.032712932239267,11.882772728950098,11.929628372192383,92100,0.0,0.0
2023-12-26 00:00:00-05:00,11.939000200483802,12.05145535617351,11.87340158309334,11.976485252380371,133900,0.0,0.0
2023-12-27 00:00:00-05:00,11.976485041070573,12.05145514354096,11.920257911074843,11.967114448547363,223000,0.0,0.0
2023-12-28 00:00:00-05:00,11.939000058469729,11.995228082502816,11.79843133895819,11.901515007019043,239700,0.0,0.0
2023-12-29 00:00:00-05:00,11.920258657955209,11.99522876512295,11.723461903211344,11.751575469970703,475500,0.0,0.0
2024-01-02 00:00:00-05:00,11.90151535764724,12.154540132679267,11.90151535764724,12.088940620422363,224200,0.0,0.0
2024-01-03 00:00:00-05:00,12.07956974558868,12.229509952308636,11.976485183183113,12.042084693908691,199900,0.0,0.0
2024-01-04 00:00:00-05:00,12.060827391251454,12.145168985284164,11.873402123242196,11.892144203186035,223000,0.0,0.0
2024-01-05 00:00:00-05:00,11.901514590390473,11.995227662593694,11.798430925938202,11.81717300415039,114300,0.0,0.0
2024-01-08 00:00:00-05:00,11.770317069030343,11.770317069030343,11.6391189499516,11.667232513427734,125000,0.0,0.0
2024-01-09 00:00:00-05:00,11.620375756816694,11.732831796004113,11.526663582445913,11.554777145385742,143300,0.0,0.0
2024-01-10 00:00:00-05:00,11.554778919087793,11.620377540588379,11.489180297587206,11.620377540588379,78000,0.0,0.0
2024-01-11 00:00:00-05:00,11.714089804946086,11.723461291281433,11.479808008847165,11.69534683227539,333600,0.0,0.0
2024-01-12 00:00:00-05:00,11.704718178676432,11.826544818437084,11.620376590094894,11.723461151123047,148700,0.0,0.0
2024-01-16 00:00:00-05:00,11.667233020003295,11.667233020003295,11.301753997802734,11.301753997802734,88200,0.0,0.0
2024-01-17 00:00:00-05:00,11.236154886795793,11.245526373264909,11.114328243839728,11.14244270324707,116000,0.0,0.0
2024-01-18 00:00:00-05:00,11.067472598922436,11.217412807571705,11.020616060291003,11.14244270324707,154300,0.0,0.0
2024-01-19 00:00:00-05:00,11.189299104123277,11.311125755310059,11.104958401345534,11.311125755310059,175500,0.0,0.0
2024-01-22 00:00:00-05:00,11.273639518851256,11.348609620382165,11.001872677373182,11.058100700378418,267900,0.0,0.0
2024-01-23 00:00:00-05:00,11.15181371108941,11.404838492888624,11.15181371108941,11.367353439331055,196000,0.0,0.0
2024-01-24 00:00:00-05:00,11.489179670413858,11.554778288333535,11.283011436462402,11.283011436462402,162700,0.0,0.0
2024-01-25 00:00:00-05:00,11.339238650248069,11.414208749281602,11.208040530082345,11.357980728149414,137700,0.0,0.0
2024-01-26 00:00:00-05:00,11.37672451381692,11.39546659305934,11.179927766343745,11.283011436462402,270600,0.0,0.0
2024-01-29 00:00:00-05:00,11.283011436462402,11.367353027338641,11.123699741188206,11.283011436462402,186600,0.0,0.0
2024-01-30 00:00:00-05:00,11.226783340942651,11.273639879326236,11.123699671470074,11.245526313781738,209100,0.0,0.0
2024-01-31 00:00:00-05:00,11.217412333638007,11.339238971446921,11.095585695829095,11.161184310913086,111500,0.0,0.0
2024-02-01 00:00:00-05:00,11.254897022140062,11.60163395226573,11.254897022140062,11.564148902893066,209700,0.0,0.0
2024-02-02 00:00:00-05:00,11.414209435198394,11.470436565995376,11.283011307148548,11.348609924316406,80700,0.0,0.0
2024-02-05 00:00:00-05:00,11.311124991120428,11.311124991120428,11.07684319167741,11.14244270324707,154100,0.0,0.0
2024-02-06 00:00:00-05:00,11.114327849919864,11.320496076362558,11.114327849919864,11.301753997802734,116200,0.0,0.0
2024-02-07 00:00:00-05:00,11.329867558320545,11.329867558320545,11.161184382773824,11.19866943359375,136700,0.0,0.0
2024-02-08 00:00:00-05:00,11.161184782471159,11.245526373264909,11.086214678146524,11.14244270324707,55800,0.0,0.0
2024-02-09 00:00:00-05:00,11.142442844162312,11.142442844162312,11.011244713077906,11.114328384399414,66400,0.0,0.0
2024-02-12 00:00:00-05:00,11.142442014339931,11.161184092405248,10.889417257602522,11.048728942871094,327500,0.0,0.0
2024-02-13 00:00:00-05:00,10.90816109346348,10.992501792009516,10.80507652793918,10.870676040649414,160000,0.0,0.0
2024-02-14 00:00:00-05:00,10.917531496087284,11.048729625506796,10.917531496087284,11.039358139038086,107900,0.0,0.0
2024-02-15 00:00:00-05:00,11.058101585136702,11.19867031332553,11.001873557632665,11.02061653137207,73700,0.0,0.0
2024-02-16 00:00:00-05:00,11.208042076784405,11.301755160365703,11.142443454506017,11.170557022094727,99900,0.0,0.0
2024-02-20 00:00:00-05:00,11.254897800201283,11.3954665216379,11.245526313781738,11.245526313781738,70800,0.0,0.0
2024-02-21 00:00:00-05:00,11.26426887028976,11.283010948721998,11.086214209755925,11.161184310913086,82700,0.0,0.0
2024-02-22 00:00:00-05:00,11.161184288619927,11.161184288619927,10.889417449039513,10.91753101348877,350000,0.0,0.0
2024-02-23 00:00:00-05:00,10.889417989619174,10.964388094348307,10.767591346005798,10.936274528503418,661600,0.0,0.0
2024-02-26 00:00:00-05:00,10.889417705666775,10.89878919194208,10.673878883619443,10.786334037780762,131200,0.0,0.0
2024-02-27 00:00:00-05:00,10.748849464421363,11.029987809184634,10.730106491037205,10.908161163330078,381700,0.0,0.0
2024-02-28 00:00:00-05:00,10.851932308167441,10.851932308167441,10.664507057209663,10.739477157592773,180600,0.0,0.0
2024-02-29 00:00:00-05:00,10.861304353700032,10.992501589272491,10.851932867240816,10.898789405822754,261700,0.0,0.0
2024-03-01 00:00:00-05:00,10.945645885333851,11.067472527503767,10.84256132226708,11.001873016357422,129100,0.0,0.0
2024-03-04 00:00:00-05:00,10.936274445865385,11.01124455002802,10.608279569868257,10.655136108398438,266400,0.0,0.0
2024-03-05 00:00:00-05:00,10.570794506387378,10.645764610469163,10.44896786382594,10.514567375183105,322700,0.0,0.0
2024-03-06 00:00:00-05:00,10.636394504640336,10.636394504640336,10.486453395898863,10.533309936523438,190500,0.0,0.0
2024-03-07 00:00:00-05:00,10.598909116605785,10.730106353759766,10.523938117742462,10.730106353759766,89800,0.0,0.0
2024-03-08 00:00:00-05:00,10.861303621803366,11.029986791845852,10.861303621803366,11.01124382019043,110400,0.0,0.0
2024-03-11 00:00:00-04:00,10.983131681571049,11.161185466831078,10.945646627110296,11.133071899414062,176300,0.0,0.0
2024-03-12 00:00:00-04:00,11.161185125857246,11.161185125857246,11.029987886109778,11.086215019226074,107500,0.0,0.0
2024-03-13 00:00:00-04:00,11.189297558466922,11.367352213957124,11.104956867339753,11.357980728149414,89000,0.0,0.0
2024-03-14 00:00:00-04:00,11.292382167305394,11.292382167305394,11.18929761037055,11.254897117614746,151700,0.0,0.0
2024-03-15 00:00:00-04:00,11.30175509376663,11.311125687098182,11.19867052369182,11.273640632629395,83700,0.0,0.0
2024-03-18 00:00:00-04:00,11.254898212730525,11.311125345880429,11.179928106054541,11.226783752441406,96800,0.0,0.0
2024-03-19 00:00:00-04:00,11.217412748237242,11.320496417709819,11.123699671470074,11.245526313781738,177600,0.0,0.0
2024-03-20 00:00:00-04:00,11.142442714144766,11.329867975139662,11.086214688989227,11.283011436462402,88100,0.0,0.0
2024-03-21 00:00:00-04:00,11.320496346283665,11.320496346283665,11.189298218380245,11.208041191101074,150000,0.0,0.0
2024-03-22 00:00:00-04:00,11.179927896798691,11.208041462847438,11.076843331763033,11.114328384399414,195900,0.0,0.0
2024-03-25 00:00:00-04:00,11.067471914650495,11.161184092405248,11.039357456981394,11.048728942871094,154100,0.0,0.0
2024-03-26 00:00:00-04:00,11.133071074905317,11.151813153890568,11.058100971536053,11.067472457885742,120900,0.0,0.0
2024-03-27 00:00:00-04:00,11.123699387886862,11.198669489903686,11.095585823059082,11.095585823059082,168200,0.0,0.0
2024-03-28 00:00:00-04:00,11.067472273362993,11.236154556274414,11.067472273362993,11.236154556274414,103500,0.0,0.0
2024-04-01 00:00:00-04:00,11.189298359107884,11.283011436462402,11.095586175467506,11.283011436462402,165300,0.0,0.0
2024-04-02 00:00:00-04:00,11.217412389560126,11.254897440325582,11.058100700378418,11.058100700378418,170900,0.0,0.0
2024-04-03 00:00:00-04:00,11.208041065424569,11.517292962137562,11.208041065424569,11.376724243164062,129900,0.0,0.0
2024-04-04 00:00:00-04:00,11.50792121887207,11.69534647122228,11.50792121887207,11.50792121887207,114200,0.0,0.0
2024-04-05 00:00:00-04:00,11.545406671104486,11.545406671104486,11.32986784682985,11.45169448852539,118200,0.0,0.0
2024-04-08 00:00:00-04:00,11.451695240125575,11.61100694405156,11.451695240125575,11.479808807373047,66400,0.0,0.0
2024-04-09 00:00:00-04:00,11.564150127310766,11.620377260466082,11.479808533863624,11.573521614074707,81600,0.0,0.0
2024-04-10 00:00:00-04:00,11.39546646400663,11.536036078446468,11.27363982231109,11.45169448852539,204800,0.0,0.0
2024-04-11 00:00:00-04:00,11.451695631853319,11.985857896398288,11.451695631853319,11.948372840881348,224000,0.0,0.0
2024-04-12 00:00:00-04:00,11.8734018976085,11.948372003387526,11.432951855871115,11.498551368713379,172600,0.0,0.0
2024-04-15 00:00:00-04:00,11.451694048954566,11.63911930063261,11.123699188232422,11.123699188232422,152900,0.0,0.0
2024-04-16 00:00:00-04:00,11.058101242973324,11.076843322418629,10.88941805939484,10.973759651184082,181000,0.0,0.0
2024-04-17 00:00:00-04:00,11.03935812785443,11.142442691477521,10.880046432904324,10.898789405822754,281700,0.0,0.0
2024-04-18 00:00:00-04:00,10.898789417334937,11.236154886795793,10.898789417334937,11.14244270324707,166900,0.0,0.0
2024-04-19 00:00:00-04:00,11.086214748073768,11.236154957668798,11.086214748073768,11.179927825927734,92300,0.0,0.0
2024-04-22 00:00:00-04:00,11.236154827362196,11.301754338584868,11.179927696273202,11.245526313781738,137800,0.0,0.0
2024-04-23 00:00:00-04:00,11.113270010149842,11.389198759704557,11.037151796989967,11.32259464263916,128000,0.181,0.0
2024-04-24 00:00:00-04:00,11.322595720728852,11.398713941136382,11.284536610525087,11.360654830932617,70100,0.0,0.0
2024-04-25 00:00:00-04:00,11.246477552479066,11.522406329586227,11.246477552479066,11.446288108825684,69900,0.0,0.0
2024-04-26 00:00:00-04:00,11.465318415178366,11.674643981401095,11.465318415178366,11.608039855957031,72400,0.0,0.0
2024-04-29 00:00:00-04:00,11.646098302953774,11.922027071478961,11.636583298804451,11.902997970581055,60900,0.0,0.0
2024-04-30 00:00:00-04:00,11.883968838251777,11.883968838251777,11.512892723083496,11.512892723083496,126800,0.0,0.0
2024-05-01 00:00:00-04:00,11.503377138642401,11.864939138143738,11.484347129899865,11.627069473266602,56500,0.0,0.0
2024-05-02 00:00:00-04:00,11.741245847617343,11.960085485935325,11.608038519466819,11.845908164978027,143600,0.0,0.0
2024-05-03 00:00:00-04:00,11.922027188914221,12.178926859072034,11.922027188914221,12.159896850585938,55900,0.0,0.0
2024-05-06 00:00:00-04:00,12.197955889671796,12.321648221914426,12.159896780320276,12.207470893859863,63900,0.0,0.0
2024-05-07 00:00:00-04:00,12.15038319153657,12.24553051519308,11.950572632236883,12.140868186950684,50500,0.0,0.0
2024-05-08 00:00:00-04:00,12.026690925979183,12.197956472544488,12.026690925979183,12.093294143676758,73100,0.0,0.0
2024-05-09 00:00:00-04:00,12.026690034499431,12.369222009640604,12.026690034499431,12.178926467895508,148800,0.0,0.0
2024-05-10 00:00:00-04:00,12.236014759087398,12.350192084903059,11.988631006853828,11.99814510345459,88500,0.0,0.0
2024-05-13 00:00:00-04:00,11.902997896522445,12.283588986119986,11.902997896522445,12.169411659240723,86400,0.0,0.0
2024-05-14 00:00:00-04:00,12.188441414387382,12.321647839280772,12.14086730232515,12.312132835388184,96000,0.0,0.0
2024-05-15 00:00:00-04:00,12.34067827809378,12.540488829813443,12.283589160144984,12.511943817138672,98000,0.0,0.0
2024-05-16 00:00:00-04:00,12.502428821939388,12.768842569288585,12.435824704551578,12.730783462524414,102100,0.0,0.0
2024-05-17 00:00:00-04:00,12.806902814177732,12.93059514900376,12.740299598271703,12.854476928710938,116900,0.0,0.0
2024-05-20 00:00:00-04:00,12.816417562130239,13.025742210046898,12.787872549540996,12.997198104858398,76700,0.0,0.0
2024-05-21 00:00:00-04:00,12.987682081161616,13.073315297405868,12.825930652122624,13.044771194458008,57100,0.0,0.0
2024-05-22 00:00:00-04:00,13.073315562108617,13.073315562108617,12.61660627609292,12.635635375976562,85100,0.0,0.0
2024-05-23 00:00:00-04:00,12.388252969687588,12.559518516721438,12.255045626527227,12.397767066955566,128500,0.0,0.0
2024-05-24 00:00:00-04:00,12.416797543025659,12.473885758382558,12.24553108215332,12.24553108215332,67500,0.0,0.0
2024-05-28 00:00:00-04:00,12.359707774751355,12.388252788339793,12.18844223022461,12.18844223022461,135800,0.0,0.0
2024-05-29 00:00:00-04:00,12.112323690488676,12.112323690488676,11.703188457230764,11.722217559814453,145900,0.0,0.0
2024-05-30 00:00:00-04:00,11.655612877239244,11.798334304612505,11.636582869642433,11.703186988830566,59000,0.0,0.0
2024-05-31 00:00:00-04:00,11.674643315401742,11.912512974730378,11.674643315401742,11.902997970581055,105800,0.0,0.0
2024-06-03 00:00:00-04:00,11.979115876637918,12.007659980940906,11.874452648525772,11.96008586883545,74100,0.0,0.0
2024-06-04 00:00:00-04:00,11.86493923288562,12.074263886320415,11.826880122497405,12.017175674438477,205800,0.0,0.0
2024-06-05 00:00:00-04:00,12.036204722800797,12.055234731611284,11.883968281919957,11.93154239654541,36800,0.0,0.0
2024-06-06 00:00:00-04:00,11.902997775242666,11.960085984400258,11.836393654691177,11.91251277923584,29700,0.0,0.0
2024-06-07 00:00:00-04:00,11.89348227547325,11.89348227547325,11.48434619482875,11.493861198425293,27900,0.0,0.0
2024-06-10 00:00:00-04:00,11.427259007335932,11.560465439966498,11.427259007335932,11.446288108825684,54800,0.0,0.0
2024-06-11 00:00:00-04:00,11.465317796353398,11.465317796353398,11.037152589726247,11.417743682861328,106900,0.0,0.0
2024-06-12 00:00:00-04:00,11.512892035775554,11.627069364964969,11.436773816315943,11.455802917480469,57200,0.0,0.0
2024-06-13 00:00:00-04:00,11.427258561210403,11.589010000861897,11.360654440094608,11.379684448242188,35300,0.0,0.0
2024-06-14 00:00:00-04:00,11.313080338630892,11.370168543751282,11.113269805908203,11.113269805908203,52600,0.0,0.0
2024-06-17 00:00:00-04:00,11.122785372313874,11.198904501538813,11.07521216422436,11.13230037689209,39100,0.0,0.0
2024-06-18 00:00:00-04:00,11.151329499294208,11.351140042543873,11.084725379943848,11.084725379943848,76200,0.0,0.0
2024-06-20 00:00:00-04:00,11.170359183455291,11.170359183455291,10.942004524204593,10.970548629760742,46200,0.0,0.0
2024-06-21 00:00:00-04:00,10.961034532842529,11.06569685814891,10.942004524204593,10.970548629760742,78300,0.0,0.0
2024-06-24 00:00:00-04:00,10.989579297181246,11.075212526383826,10.694620497416896,10.723165512084961,64200,0.0,0.0
2024-06-25 00:00:00-04:00,10.732678413391113,10.76122342487777,10.656560197561443,10.732678413391113,55900,0.0,0.0
2024-06-26 00:00:00-04:00,10.77073757928437,10.86588580328399,10.704134366925064,10.81831169128418,155400,0.0,0.0
2024-06-27 00:00:00-04:00,10.818311817340147,10.88491503047552,10.713649495641603,10.85637092590332,98400,0.0,0.0
2024-06-28 00:00:00-04:00,10.865886564398885,10.989578901302291,10.770738333734487,10.827827453613281,127000,0.0,0.0
2024-07-01 00:00:00-04:00,10.66607597426255,10.82782742147141,10.542383637726317,10.608986854553223,93600,0.0,0.0
2024-07-02 00:00:00-04:00,10.523354536090391,10.608986854553223,10.485295425417764,10.608986854553223,61100,0.0,0.0
2024-07-03 00:00:00-04:00,10.608985766800469,10.884914517735888,10.608985766800469,10.704133987426758,55200,0.0,0.0
2024-07-05 00:00:00-04:00,10.704134634370044,10.789767856629123,10.523354093134785,10.542383193969727,104900,0.0,0.0
2024-07-08 00:00:00-04:00,10.618501568217804,11.132300001925094,10.608986563960082,11.018122673034668,549600,0.0,0.0
2024-07-09 00:00:00-04:00,11.008607152135568,11.094240371634749,10.951518944069917,10.999093055725098,70900,0.0,0.0
2024-07-10 00:00:00-04:00,10.999094257357502,11.550951835085392,10.999094257357502,11.512892723083496,235400,0.0,0.0
2024-07-11 00:00:00-04:00,11.655613847853182,11.807850291702241,11.417744177488832,11.56998062133789,152200,0.0,0.0
2024-07-12 00:00:00-04:00,11.608039028247957,11.703187253583067,11.541435814953815,11.646098136901855,43400,0.0,0.0
2024-07-15 00:00:00-04:00,11.608038140603764,11.912511893953164,11.446286714343328,11.731730461120605,63800,0.0,0.0
2024-07-16 00:00:00-04:00,11.760275589649414,11.826879711062332,11.579495048444606,11.684157371520996,140200,0.0,0.0
2024-07-17 00:00:00-04:00,11.569980477958797,11.855424260338859,11.5033772614504,11.665128707885742,100700,0.0,0.0
2024-07-18 00:00:00-04:00,11.64609877080573,11.674643784400422,11.531921438629295,11.617554664611816,151900,0.0,0.0
2024-07-19 00:00:00-04:00,11.579495395154838,11.627069509759735,11.35114073393225,11.360654830932617,92300,0.0,0.0
2024-07-22 00:00:00-04:00,11.427259544098058,11.446288646481646,11.227448978365924,11.246478080749512,62200,0.0,0.0
2024-07-23 00:00:00-04:00,11.151330423529963,11.189389534569964,10.780253410339355,10.780253410339355,134300,0.0,0.0
2024-07-24 00:00:00-04:00,10.818311748604012,10.999093193680999,10.780252640282654,10.903944969177246,262200,0.0,0.0
2024-07-25 00:00:00-04:00,10.913460317458963,10.96103443121194,10.580442428588867,10.580442428588867,126200,0.0,0.0
2024-07-26 00:00:00-04:00,10.637530777428765,10.818311307737895,10.58995666711562,10.704133987426758,74500,0.0,0.0
2024-07-29 00:00:00-04:00,10.60898704638129,10.656561162432487,10.447235596247696,10.513839721679688,76000,0.0,0.0
2024-07-30 00:00:00-04:00,10.53286852147541,10.618501746430617,10.342572970130925,10.35208797454834,60700,0.0,0.0
2024-07-31 00:00:00-04:00,10.399661900997417,10.628016558477505,10.371116888261845,10.447235107421875,60500,0.0,0.0
2024-08-01 00:00:00-04:00,10.428206195086133,10.63753175526545,10.275969754010546,10.35208797454834,60200,0.0,0.0
2024-08-02 00:00:00-04:00,10.27596968344753,10.447235224781137,10.18082145472827,10.399662017822266,69500,0.0,0.0
2024-08-05 00:00:00-04:00,10.218880792326704,10.256939903181895,9.981011122631573,10.038100242614746,86800,0.0,0.0
2024-08-06 00:00:00-04:00,10.009555118246002,10.190335649570669,10.009555118246002,10.085673332214355,83600,0.0,0.0
2024-08-07 00:00:00-04:00,10.17130609343346,10.304513427485613,10.104702880107745,10.152276992797852,65300,0.0,0.0
2024-08-08 00:00:00-04:00,9.514785820141201,10.43772029876709,9.514785820141201,10.43772029876709,288900,0.0,0.0
2024-08-09 00:00:00-04:00,10.45674972084188,10.580442049204066,10.333057392479697,10.466264724731445,171800,0.0,0.0
2024-08-12 00:00:00-04:00,10.456749971710648,10.561413202205404,10.44723496759281,10.542383193969727,121300,0.0,0.0
2024-08-13 00:00:00-04:00,10.399661801769113,10.789767898092256,10.399661801769113,10.761223793029785,159900,0.0,0.0
2024-08-14 00:00:00-04:00,10.837341699044389,10.951519023403504,10.742193475044768,10.81831169128418,142400,0.0,0.0
2024-08-15 00:00:00-04:00,10.856371121410861,10.97054844915655,10.780252902913736,10.846856117248535,91300,0.0,0.0
2024-08-16 00:00:00-04:00,10.789768414949553,10.913460752679754,10.75170930390955,10.780253410339355,76600,0.0,0.0
2024-08-19 00:00:00-04:00,10.742193408973296,11.084725379943848,10.704134301087679,11.084725379943848,54800,0.0,0.0
2024-08-20 00:00:00-04:00,11.113271467157926,11.141815573984992,10.903945899824254,11.037153244018555,72600,0.0,0.0
2024-08-21 00:00:00-04:00,11.075211845415536,11.132300056439934,10.980063617173865,11.103755950927734,71400,0.0,0.0
2024-08-22 00:00:00-04:00,11.170358274312074,11.19890328494573,11.008606843657413,11.056180953979492,58900,0.0,0.0
2024-08-23 00:00:00-04:00,10.989578189145924,11.170358726812248,10.942004076896664,11.122784614562988,52900,0.0,0.0
2024-08-26 00:00:00-04:00,10.742193655952772,11.10375564287935,10.742193655952772,10.942004203796387,144700,0.0,0.0
2024-08-27 00:00:00-04:00,10.894430656060312,11.046667098999023,10.894430656060312,11.046667098999023,80500,0.0,0.0
2024-08-28 00:00:00-04:00,11.122785912620213,11.122785912620213,10.827828015573763,10.932490348815918,84100,0.0,0.0
2024-08-29 00:00:00-04:00,10.837341768195259,10.98957820164547,10.666075326863414,10.770737648010254,263200,0.0,0.0
2024-08-30 00:00:00-04:00,10.827827348398547,10.94200467964589,10.561413575488078,10.656560897827148,61000,0.0,0.0
2024-09-03 00:00:00-04:00,10.618501426678689,10.770737863170023,10.361602666949747,10.409175872802734,83800,0.0,0.0
2024-09-04 00:00:00-04:00,10.390146391973188,10.466264607435205,10.237909961049152,10.294998168945312,80000,0.0,0.0
2024-09-05 00:00:00-04:00,10.190336227416992,10.285484453973188,10.142762114138895,10.190336227416992,205400,0.0,0.0
2024-09-06 00:00:00-04:00,10.275969075817496,10.275969075817496,9.914407098424949,9.942951202392578,141200,0.0,0.0
2024-09-09 00:00:00-04:00,10.00955570605091,10.047614815270085,9.838289260864258,9.838289260864258,152900,0.0,0.0
2024-09-10 00:00:00-04:00,9.800230110384716,9.914407437561534,9.609934565090017,9.6194486618042,300200,0.0,0.0
2024-09-11 00:00:00-04:00,9.6384786003405,9.714596817907987,9.628963596294382,9.667022705078125,311200,0.0,0.0
2024-09-12 00:00:00-04:00,9.828775284463505,9.971496732109014,9.695567934567087,9.790716171264648,3102300,0.0,0.0
2024-09-13 00:00:00-04:00,9.885863676843133,10.095188330255615,9.885863676843133,10.000041007995605,476700,0.0,0.0
2024-09-16 00:00:00-04:00,10.076158149591153,10.256938677703822,10.038099043283188,10.18082046508789,394300,0.0,0.0
2024-09-17 00:00:00-04:00,10.104703354034898,10.142762464491872,9.838289580836074,9.866833686828613,129500,0.0,0.0
2024-09-18 00:00:00-04:00,9.800230346577518,9.961981790826526,9.752656232257088,9.828774452209473,64800,0.0,0.0
2024-09-19 00:00:00-04:00,9.914406776428223,9.990524989470227,9.800229456865216,9.914406776428223,82600,0.0,0.0
2024-09-20 00:00:00-04:00,9.83828984511919,9.83828984511919,9.543331050603665,9.724112510681152,211100,0.0,0.0
2024-09-23 00:00:00-04:00,9.847804566458976,10.047615122825993,9.847804566458976,10.000041007995605,443200,0.0,0.0
2024-09-24 00:00:00-04:00,10.199851916546974,10.352088363340082,10.199851916546974,10.24742603302002,200900,0.0,0.0
2024-09-25 00:00:00-04:00,10.352088416170153,10.466265751847668,10.275970192385143,10.418691635131836,386300,0.0,0.0
2024-09-26 00:00:00-04:00,10.74219371082608,11.04666658246662,10.73267870673713,11.027637481689453,288000,0.0,0.0
2024-09-27 00:00:00-04:00,11.103755950927734,11.160844161952134,11.0276377312947,11.103755950927734,238700,0.0,0.0
2024-09-30 00:00:00-04:00,11.198904052864423,11.246477259047959,11.046666707914584,11.065696716308594,206600,0.0,0.0
2024-10-01 00:00:00-04:00,11.056181275879812,11.132299491651045,10.970548056286997,11.084725379943848,182000,0.0,0.0
2024-10-02 00:00:00-04:00,11.056182192229565,11.065697196839762,10.732679294689158,10.780253410339355,68200,0.0,0.0
2024-10-03 00:00:00-04:00,10.656560521181586,10.656560521181586,10.466264975828487,10.542383193969727,101100,0.0,0.0
2024-10-04 00:00:00-04:00,10.466264838250698,10.694619489672721,10.466264838250698,10.637531280517578,95400,0.0,0.0
2024-10-07 00:00:00-04:00,10.637531026603053,10.647045122967995,10.53286779998236,10.561412811279297,46700,0.0,0.0
2024-10-08 00:00:00-04:00,10.494809095179296,10.523354107571972,10.361602666949747,10.409175872802734,245500,0.0,0.0
2024-10-09 00:00:00-04:00,10.447235214639893,10.628016667550849,10.447235214639893,10.618501663208008,82000,0.0,0.0
2024-10-10 00:00:00-04:00,10.561412689585199,10.808796432836573,10.551897685929191,10.742193222045898,144600,0.0,0.0
2024-10-11 00:00:00-04:00,10.694619374007045,10.846855806641909,10.666075269738187,10.685104370117188,92700,0.0,0.0
2024-10-14 00:00:00-04:00,10.61850157621897,10.799283027648926,10.599472475089934,10.799283027648926,118700,0.0,0.0
2024-10-15 00:00:00-04:00,10.69461923439552,10.742193345823043,10.561412811279297,10.561412811279297,269400,0.0,0.0
2024-10-16 00:00:00-04:00,10.513839251507402,10.799283027648926,10.513839251507402,10.799283027648926,172100,0.0,0.0
2024-10-17 00:00:00-04:00,10.685105075898477,10.685105075898477,10.551898642244668,10.608986854553223,205300,0.0,0.0
2024-10-18 00:00:00-04:00,10.55189756034524,10.799282208053045,10.523353457117627,10.704133987426758,93500,0.0,0.0
2024-10-21 00:00:00-04:00,10.599472237890613,10.865885999540435,10.599472237890613,10.808796882629395,78800,0.0,0.0
2024-10-22 00:00:00-04:00,10.789768636825606,11.075212429195753,10.761224529808832,10.989579200744629,245400,0.0,0.0
2024-10-23 00:00:00-04:00,10.989579249804288,11.122785688077762,10.970549240107617,11.075212478637695,107800,0.0,0.0
2024-10-24 00:00:00-04:00,11.046667464092689,11.075212478637695,11.008608352100154,11.075212478637695,110600,0.0,0.0
2024-10-25 00:00:00-04:00,11.046666200872947,11.06569620839348,10.865885666431405,10.913459777832031,101400,0.0,0.0
2024-10-28 00:00:00-04:00,10.951520088921995,11.065697424389894,10.951520088921995,10.989579200744629,74300,0.0,0.0
2024-10-29 00:00:00-04:00,10.913459589870838,11.008606903632682,10.780252261723433,10.789767265319824,128200,0.0,0.0
2024-10-30 00:00:00-04:00,10.77073816852874,10.77073816852874,10.475780291314681,10.485295295715332,199600,0.0,0.0
2024-10-31 00:00:00-04:00,10.56141223159053,10.56141223159053,10.294997585179495,10.323542594909668,123700,0.0,0.0
2024-11-01 00:00:00-04:00,10.418692028408413,10.418692028408413,10.199852353616125,10.314029693603516,86100,0.0,0.0
2024-11-04 00:00:00-05:00,10.561412949151896,10.799282601994049,10.561412949151896,10.685104370117188,117900,0.0,0.0
2024-11-05 00:00:00-05:00,10.713649638487883,10.713649638487883,10.523354093134785,10.542383193969727,131500,0.0,0.0
2024-11-06 00:00:00-05:00,10.294998284322157,10.561412948825653,10.266454180054179,10.466264724731445,170400,0.0,0.0
2024-11-07 00:00:00-05:00,10.704134799801501,10.970548567413239,10.704134799801501,10.799283027648926,186500,0.0,0.0
2024-11-08 00:00:00-05:00,10.713649567756738,10.72316457181176,10.456749902675545,10.589957237243652,72000,0.0,0.0
2024-11-11 00:00:00-05:00,10.475780309772446,10.475780309772446,10.304513859862029,10.35208797454834,87100,0.0,0.0
2024-11-12 00:00:00-05:00,10.171305589374553,10.275968813586143,10.133246482588707,10.218879699707031,133500,0.0,0.0
2024-11-13 00:00:00-05:00,10.171306590709738,10.399662161306434,10.161792493627154,10.304513931274414,128400,0.0,0.0
2024-11-14 00:00:00-05:00,10.428205942701197,10.456750047861851,10.256939496935795,10.275969505310059,124400,0.0,0.0
2024-11-15 00:00:00-05:00,10.24742496483208,10.323543180294097,10.218879953483295,10.294998168945312,104500,0.0,0.0
2024-11-18 00:00:00-05:00,10.38063131106528,10.542382744570478,10.333057199904804,10.47577953338623,121700,0.0,0.0
2024-11-19 00:00:00-05:00,10.38063125183522,10.532867680759551,10.38063125183522,10.390146255493164,98600,0.0,0.0
2024-11-20 00:00:00-05:00,10.466264990187353,10.494809095179296,10.361602666949747,10.409175872802734,90900,0.0,0.0
2024-11-21 00:00:00-05:00,10.409175109214953,10.580441541404449,10.3616019068518,10.532867431640625,92900,0.0,0.0
2024-11-22 00:00:00-05:00,10.543566907891002,10.660285247791522,10.485207274143287,10.611652374267578,91800,0.241,0.0
2024-11-25 00:00:00-05:00,10.72837209959888,10.893723334376322,10.708919504234197,10.747825622558594,139000,0.0,0.0
2024-11-26 00:00:00-05:00,10.80618334253768,11.03962095861274,10.796457509547217,10.825636863708496,237900,0.0,0.0
2024-11-27 00:00:00-05:00,10.806183489322663,11.039621108568607,10.806183489322663,11.010440826416016,185900,0.0,0.0
2024-11-29 00:00:00-05:00,11.020168009641843,11.282784993514037,11.020168009641843,11.146613121032715,84200,0.0,0.0
2024-12-02 00:00:00-05:00,11.068801400585095,11.156340399266965,10.981262401903226,11.049347877502441,241800,0.0,0.0
2024-12-03 00:00:00-05:00,11.117433511044197,11.224425097806728,11.020167757554646,11.195245742797852,606100,0.0,0.0
2024-12-04 00:00:00-05:00,11.195246236867948,11.282785233352834,11.078527884086439,11.136886596679688,186000,0.0,0.0
2024-12-05 00:00:00-05:00,11.117433016263771,11.263330712409964,11.09797949539365,11.21469783782959,83100,0.0,0.0
2024-12-06 00:00:00-05:00,11.234152354461786,11.273058472055622,11.078527884086439,11.136886596679688,59900,0.0,0.0
2024-12-09 00:00:00-05:00,11.146613517584816,11.389776987926899,11.146613517584816,11.321691513061523,287500,0.0,0.0
2024-12-10 00:00:00-05:00,11.341143389900166,11.40922886045246,11.292510513393543,11.31196403503418,135700,0.0,0.0
2024-12-11 00:00:00-05:00,11.380049922629135,11.506495035142182,11.282785093646408,11.409229278564453,120600,0.0,0.0
2024-12-12 00:00:00-05:00,11.467588223133086,11.47731498372045,11.350869878869549,11.399502754211426,125500,0.0,0.0
2024-12-13 00:00:00-05:00,11.545400893770683,11.632939887211776,11.418955784088546,11.45786190032959,344400,0.0,0.0
2024-12-16 00:00:00-05:00,11.389776824837133,11.42868294243097,11.117434001680275,11.136886596679688,337700,0.0,0.0
2024-12-17 00:00:00-05:00,11.166065534898827,11.24387869476805,11.029894592216388,11.039621353149414,728500,0.0,0.0
2024-12-18 00:00:00-05:00,11.117433474624573,11.64266650103861,11.010440960617569,11.27305793762207,749900,0.0,0.0
2024-12-19 00:00:00-05:00,11.292510749657328,11.457861976682375,11.253604633157023,11.302237510681152,205600,0.0,0.0
2024-12-20 00:00:00-05:00,11.409229800661793,11.496768800068617,11.302238205606255,11.350871086120605,153400,0.0,0.0
2024-12-23 00:00:00-05:00,11.263330940710665,11.311963816276798,11.1660651895784,11.282784461975098,126300,0.0,0.0
2024-12-24 00:00:00-05:00,11.224424843268242,11.311963833904706,11.204972249568444,11.243878364562988,42700,0.0,0.0
2024-12-26 00:00:00-05:00,11.214698535662494,11.350870407441832,11.214698535662494,11.263331413269043,49400,0.0,0.0
2024-12-27 00:00:00-05:00,11.185519218444824,11.273058212917416,11.156339862818957,11.185519218444824,56800,0.0,0.0
2024-12-30 00:00:00-05:00,11.068800727194416,11.14661295960111,10.757551797567643,11.000715255737305,142300,0.0,0.0
2024-12-31 00:00:00-05:00,10.932629307477532,11.049347660900297,10.845090310511702,11.02016830444336,87100,0.0,0.0
2025-01-02 00:00:00-05:00,11.039620837908782,11.13688565991456,11.010440556471607,11.097979545593262,160500,0.0,0.0
2025-01-03 00:00:00-05:00,11.078526798353323,11.127158744883264,10.903448822541785,10.913175582885742,134200,0.0,0.0
2025-01-06 00:00:00-05:00,10.903450143957157,11.127160093410584,10.883996620911624,11.08825397491455,207000,0.0,0.0
2025-01-07 00:00:00-05:00,11.127159091984403,11.370322542599048,11.127159091984403,11.243878364562988,150200,0.0,0.0
2025-01-08 00:00:00-05:00,11.107706750176249,11.321690851296282,11.107706750176249,11.195245742797852,94700,0.0,0.0
2025-01-10 00:00:00-05:00,11.107707160977261,11.399503504642576,10.942355930486752,11.292510986328125,314100,0.0,0.0
2025-01-13 00:00:00-05:00,11.156339080985086,11.438408639187738,11.156339080985086,11.331416130065918,257000,0.0,0.0
2025-01-14 00:00:00-05:00,11.341143353507832,11.438409106208965,11.26333112238491,11.389776229858398,93100,0.0,0.0
2025-01-15 00:00:00-05:00,11.42868217888834,11.496767648230058,11.234151603915615,11.243878364562988,126000,0.0,0.0
2025-01-16 00:00:00-05:00,11.234151603915615,11.253604197615413,11.097979737637232,11.243878364562988,108000,0.0,0.0
2025-01-17 00:00:00-05:00,11.243878780803696,11.370322963520632,11.156339786926598,11.341143608093262,277100,0.0,0.0
2025-01-21 00:00:00-05:00,11.370323809774854,11.535675048828125,11.331417690444383,11.535675048828125,115200,0.0,0.0
2025-01-22 00:00:00-05:00,11.555128572290888,11.642667572683214,11.506495691229034,11.535675048828125,85000,0.0,0.0
2025-01-23 00:00:00-05:00,11.535674058000568,11.642666572665805,11.457861826023107,11.613486289978027,108300,0.0,0.0
2025-01-24 00:00:00-05:00,11.623212778997903,11.74965788490237,11.584306663919218,11.701025009155273,116800,0.0,0.0
2025-01-27 00:00:00-05:00,11.632939610868418,11.701025080774112,11.467588388873198,11.545400619506836,77600,0.0,0.0
2025-01-28 00:00:00-05:00,11.477316333629943,11.545401810559506,11.380050571506237,11.535675048828125,107100,0.0,0.0
2025-01-29 00:00:00-05:00,11.516222174333919,11.652393124898488,11.477316055944751,11.623213768005371,113800,0.0,0.0
2025-01-30 00:00:00-05:00,11.720478495334,11.808017485897189,11.642666265410044,11.778837203979492,127900,0.0,0.0
2025-01-31 00:00:00-05:00,11.730205499175653,11.924736078018746,11.691299383407033,11.80801773071289,141500,0.0,0.0
2025-02-03 00:00:00-05:00,11.652392405966756,11.69129944955046,11.535674058000568,11.613486289978027,117700,0.0,0.0
2025-02-04 00:00:00-05:00,11.642666488757502,11.885829943833336,11.467588504272513,11.846923828125,105500,0.0,0.0
2025-02-05 00:00:00-05:00,11.91500942377783,12.070633888244629,11.701025321338491,12.070633888244629,112600,0.0,0.0
2025-02-06 00:00:00-05:00,12.138719508072652,12.323524257584378,12.138719508072652,12.294344902038574,111900,0.0,0.0
2025-02-07 00:00:00-05:00,12.304070509650296,12.304070509650296,12.148446046135836,12.226258277893066,46600,0.0,0.0
2025-02-10 00:00:00-05:00,12.25543884335539,12.342976910406437,12.177626609802246,12.177626609802246,63900,0.0,0.0
2025-02-11 00:00:00-05:00,12.28461853300127,12.430516242980957,12.216533058690086,12.430516242980957,156100,0.0,0.0
2025-02-12 00:00:00-05:00,12.391609382038894,12.566687365591346,12.391609382038894,12.537508010864258,105100,0.0,0.0
2025-02-13 00:00:00-05:00,12.48887556754402,12.625046512721077,12.381883050510625,12.595867156982422,131500,0.0,0.0
2025-02-14 00:00:00-05:00,12.644499542368283,12.722311773036798,12.644499542368283,12.654226303100586,112700,0.0,0.0
2025-02-18 00:00:00-05:00,12.625046159651129,12.625046159651129,12.255438523711224,12.304070472717285,171600,0.0,0.0
2025-02-19 00:00:00-05:00,12.304069950475542,12.45969533451237,12.226257722254593,12.440241813659668,185600,0.0,0.0
2025-02-20 00:00:00-05:00,12.401336792050664,12.71258573235408,12.401336792050664,12.66395378112793,116200,0.0,0.0
2025-02-21 00:00:00-05:00,12.722312268643256,12.780671907715561,12.566687801243765,12.595867156982422,66200,0.0,0.0
2025-02-24 00:00:00-05:00,12.634772536911091,12.683405412035675,12.537507714256863,12.625045776367188,170500,0.0,0.0
2025-02-25 00:00:00-05:00,12.780671611290535,12.780671611290535,12.634772980791126,12.722311973571777,209900,0.0,0.0
2025-02-26 00:00:00-05:00,12.936295778666054,13.54906778649494,12.868209381621764,13.422622680664062,1019400,0.0,0.0
2025-02-27 00:00:00-05:00,13.422623593757224,13.753326058027572,13.2378188389732,13.500435829162598,426800,0.0,0.0
2025-02-28 00:00:00-05:00,13.539342142833187,13.714420138826858,13.442076383371141,13.568521499633789,178900,0.0,0.0
2025-03-03 00:00:00-05:00,13.61715416186347,13.714419919771927,13.451802929976097,13.539341926574707,152300,0.0,0.0
2025-03-04 00:00:00-05:00,13.529614851439957,13.74359895731811,13.325357506646036,13.704692840576172,210600,0.0,0.0
2025-03-05 00:00:00-05:00,13.85059031975543,14.210472125626612,13.8116842036503,14.171566009521484,251200,0.0,0.0
2025-03-06 00:00:00-05:00,14.200745732966407,14.385549545288086,14.200745732966407,14.385549545288086,192500,0.0,0.0
2025-03-07 00:00:00-05:00,14.2785588311599,14.687073522834693,14.2785588311599,14.54117488861084,332900,0.0,0.0
2025-03-10 00:00:00-04:00,14.336917050879064,14.511995034902828,13.938129134020462,14.064574241638184,303800,0.0,0.0
2025-03-11 00:00:00-04:00,14.08402714897713,14.249378375879331,13.743598861751114,13.899223327636719,322700,0.0,0.0
2025-03-12 00:00:00-04:00,13.90895040913053,14.249378704200382,13.772778534545585,14.229926109313965,188700,0.0,0.0
2025-03-13 00:00:00-04:00,14.0937537403335,14.317464603047274,13.977035392324348,14.249378204345703,140200,0.0,0.0
2025-03-14 00:00:00-04:00,14.37582353961722,14.43418317833822,14.229925834207208,14.317464828491211,106400,0.0,0.0
2025-03-17 00:00:00-04:00,14.31746520131373,14.560628668392317,14.142387208186745,14.492542266845703,118100,0.0,0.0
2025-03-18 00:00:00-04:00,14.560628829053357,14.677347183227539,14.453636308697423,14.677347183227539,164800,0.0,0.0
2025-03-19 00:00:00-04:00,14.667619815633415,14.978868747234658,14.560628227294233,14.96914291381836,349400,0.0,0.0
2025-03-20 00:00:00-04:00,14.784337997436523,14.81351735254471,14.657892888507744,14.784337997436523,279400,0.0,0.0
2025-03-21 00:00:00-04:00,14.687072650598088,14.939961931896505,14.56062754615141,14.920509338378906,345600,0.0,0.0
2025-03-24 00:00:00-04:00,14.842697691705217,14.988595395396082,14.657892944262143,14.667619705200195,222700,0.0,0.0
2025-03-25 00:00:00-04:00,14.910783707205553,15.027502059936523,14.823244710758571,15.027502059936523,381600,0.0,0.0
2025-03-26 00:00:00-04:00,14.901056533335185,15.008049049405782,14.823244300335654,14.93023681640625,171800,0.0,0.0
2025-03-27 00:00:00-04:00,14.998322390119606,15.222032329611997,14.90105663441292,15.192852973937988,352400,0.0,0.0
2025-03-28 00:00:00-04:00,15.046954919857477,15.153946506583559,14.784337942082134,14.901056289672852,230300,0.0,0.0
2025-03-31 00:00:00-04:00,14.89133051215817,14.93023662816741,14.774611236535469,14.784337997436523,228900,0.0,0.0
2025-04-01 00:00:00-04:00,14.725978980936503,15.008048548035523,14.638439989837677,14.949688911437988,319000,0.0,0.0
2025-04-02 00:00:00-04:00,14.91078312517098,14.97886859637428,14.706525783966104,14.745431900024414,269900,0.0,0.0
2025-04-03 00:00:00-04:00,14.716252371244373,15.241485395631903,14.716252371244373,15.173399925231934,296700,0.0,0.0
2025-04-04 00:00:00-04:00,14.725979536558542,14.725979536558542,14.103480742275629,14.278558731079102,485700,0.0,0.0
2025-04-07 00:00:00-04:00,13.733872294483398,14.113207631127226,13.354536957839569,13.510162353515625,552500,0.0,0.0
2025-04-08 00:00:00-04:00,13.714419382912824,13.821410970347868,13.082193836446715,13.14055347442627,321900,0.0,0.0
2025-04-09 00:00:00-04:00,13.140553300303258,14.142386472849864,13.062741069091578,14.064574241638184,999700,0.0,0.0
2025-04-10 00:00:00-04:00,14.00621539940253,14.142387275549352,13.704693218242088,13.91867733001709,450400,0.0,0.0
2025-04-11 00:00:00-04:00,14.09375386900434,14.550901431910006,13.821411054496593,14.511995315551758,265500,0.0,0.0
2025-04-14 00:00:00-04:00,14.745431881427281,14.881603751257115,14.609260939192422,14.784337997436523,237000,0.0,0.0
2025-04-15 00:00:00-04:00,14.725979522989556,14.998322339414576,14.657893123187058,14.774611473083496,182200,0.0,0.0
2025-04-16 00:00:00-04:00,14.774611072867518,14.774611072867518,14.502268263819744,14.638440132141113,126800,0.0,0.0
2025-04-17 00:00:00-04:00,14.73570532520061,14.910783313471464,14.541174742452432,14.89133071899414,170700,0.0,0.0
2025-04-21 00:00:00-04:00,14.920509867266357,15.027501454393029,14.570353895588205,14.784337997436523,111200,0.0,0.0
2025-04-22 00:00:00-04:00,14.949689372831774,15.056680961035234,14.85242454562726,15.008049011230469,152100,0.0,0.0
2025-04-23 00:00:00-04:00,15.124767341345986,15.153946696711019,14.80379164954568,15.046955108642578,134400,0.0,0.0
2025-04-24 00:00:00-04:00,14.934502899998915,15.486901411125954,14.934502899998915,15.338937759399414,258400,0.216,0.0
2025-04-25 00:00:00-04:00,15.31920826814863,15.536222432193169,14.993687492446787,15.171244621276855,132400,0.0,0.0
2025-04-28 00:00:00-04:00,15.161380336712739,15.161380336712739,14.845724050636877,14.904909133911133,124700,0.0,0.0
2025-04-29 00:00:00-04:00,14.835859351588914,15.220566150477422,14.825994857602815,15.171244621276855,203700,0.0,0.0
2025-04-30 00:00:00-04:00,15.102194853573911,15.102194853573911,14.855588151424127,15.013416290283203,137000,0.0,0.0
2025-05-01 00:00:00-04:00,15.102195183080221,15.102195183080221,14.806266945897805,14.993687629699707,139900,0.0,0.0
2025-05-02 00:00:00-04:00,15.09233114489578,15.269887339984699,14.885181466683742,15.220566749572754,167300,0.0,0.0
2025-05-05 00:00:00-04:00,15.260023786340286,15.29948082310782,15.102195639270155,15.220566749572754,101800,0.0,0.0
2025-05-06 00:00:00-04:00,15.151515863081485,15.319208500468559,15.072601791455794,15.26988697052002,231600,0.0,0.0
2025-05-07 00:00:00-04:00,15.358665345475451,15.358665345475451,15.052873556907345,15.112058639526367,241300,0.0,0.0
2025-05-08 00:00:00-04:00,14.95423054330568,14.964095037348557,14.155225340431315,14.658302307128906,434900,0.0,0.0
2025-05-09 00:00:00-04:00,14.638574287152146,14.914773535759753,14.530066733937423,14.62870979309082,328200,0.0,0.0
2025-05-12 00:00:00-04:00,14.83585901807481,14.83585901807481,14.313053078053443,14.372238159179688,367600,0.0,0.0
2025-05-13 00:00:00-04:00,14.352510921669603,14.816131806706712,14.313053885117293,14.549796104431152,430000,0.0,0.0
2025-05-14 00:00:00-04:00,14.559659777782565,14.559659777782565,14.342645618616565,14.372238159179688,219000,0.0,0.0
2025-05-15 00:00:00-04:00,14.40183195552818,14.549795602310557,13.967803627701345,13.987532615661621,204700,0.0,0.0
2025-05-16 00:00:00-04:00,13.898754024357286,14.105903693889003,13.681739860864553,14.017125129699707,268700,0.0,0.0
2025-05-19 00:00:00-04:00,13.977667808532715,14.194681967584255,13.967803314773576,13.977667808532715,112800,0.0,0.0
2025-05-20 00:00:00-04:00,13.997396280139219,14.066446797818957,13.750789573055703,13.839568138122559,169100,0.0,0.0
2025-05-21 00:00:00-04:00,13.80997595212582,14.036853676931795,13.62255526383958,13.790246963500977,113600,0.0,0.0
2025-05-22 00:00:00-04:00,13.780383510442581,13.829705041634522,13.671875953674316,13.671875953674316,104200,0.0,0.0
2025-05-23 00:00:00-04:00,13.671875953674316,13.711332990481878,13.514047806444074,13.671875953674316,80500,0.0,0.0
2025-05-27 00:00:00-04:00,13.74092601972711,14.026989762314791,13.74092601972711,13.839568138122559,91100,0.0,0.0
2025-05-28 00:00:00-04:00,13.829704393773236,13.928346510806204,13.612690231132836,13.681739807128906,106700,0.0,0.0
2025-05-29 00:00:00-04:00,13.740925762026825,13.790246349934614,13.612690163860762,13.77051830291748,83800,0.0,0.0
2025-05-30 00:00:00-04:00,13.740926024218519,13.740926024218519,13.326626680924399,13.444997787475586,219800,0.0,0.0
2025-06-02 00:00:00-04:00,13.454862566560386,13.563369181348392,13.22798390198371,13.484455108642578,319600,0.0,0.0
2025-06-03 00:00:00-04:00,13.454862609799335,13.464726163371797,13.267440980973262,13.42526912689209,131300,0.0,0.0
2025-06-04 00:00:00-04:00,13.494318869300304,13.731061074547352,13.444997341358027,13.612689971923828,155900,0.0,0.0
2025-06-05 00:00:00-04:00,13.711332963342748,13.760654494437066,13.336491584777832,13.336491584777832,206000,0.0,0.0
2025-06-06 00:00:00-04:00,13.356218937780744,13.454861994836445,13.208255292927104,13.405540466308594,105400,0.0,0.0
2025-06-09 00:00:00-04:00,13.415405194535927,13.48445477124331,13.099747970880895,13.109612464904785,117700,0.0,0.0
2025-06-10 00:00:00-04:00,13.109612562052217,13.257576210587347,12.991241455078125,12.991241455078125,121800,0.0,0.0
2025-06-11 00:00:00-04:00,13.010969081613805,13.129341125488281,12.932055012850757,13.129341125488281,180100,0.0,0.0
2025-06-12 00:00:00-04:00,13.129341139140223,13.188526220409097,13.070155117141443,13.099747657775879,131500,0.0,0.0
2025-06-13 00:00:00-04:00,12.99124159625663,13.050426680021886,12.774227427414159,12.813684463500977,129000,0.0,0.0
2025-06-16 00:00:00-04:00,12.922191688194484,13.10961236963679,12.77422710110116,12.833413124084473,157100,0.0,0.0
2025-06-17 00:00:00-04:00,12.813684562852568,12.91232762419942,12.655856417281566,12.695313453674316,93000,0.0,0.0
2025-06-18 00:00:00-04:00,12.626263946558641,12.715042514126774,12.5670779212699,12.606534957885742,127200,0.0,0.0
2025-06-20 00:00:00-04:00,12.537485293061327,12.665720896366402,12.281014086451178,12.33033561706543,129400,0.0,0.0
2025-06-23 00:00:00-04:00,12.330335235476442,12.498027869937316,12.300742694315677,12.409249305725098,130700,0.0,0.0
2025-06-24 00:00:00-04:00,12.50789255350007,12.764362815330909,12.478299071160794,12.56707763671875,97700,0.0,0.0
2025-06-25 00:00:00-04:00,12.507892793715397,12.813684591254523,12.488163805110316,12.66572093963623,178900,0.0,0.0
2025-06-26 00:00:00-04:00,12.754499241129944,13.099748067955225,12.69531321727793,12.991241455078125,151700,0.0,0.0
2025-06-27 00:00:00-04:00,12.971512373830198,13.178662044731308,12.685448632179133,12.715042114257812,169600,0.0,0.0
2025-06-30 00:00:00-04:00,12.675585051720137,12.813684204871658,12.468435381262932,12.744634628295898,439100,0.0,0.0
2025-07-01 00:00:00-04:00,12.764363004018103,12.853141570888413,12.596671305266343,12.724905967712402,396300,0.0,0.0
2025-07-02 00:00:00-04:00,12.724905731941538,13.040562957268492,12.724905731941538,13.020833969116211,894800,0.0,0.0
2025-07-03 00:00:00-04:00,13.050426600710136,13.297033309936523,13.040563047295834,13.297033309936523,216800,0.0,0.0
2025-07-07 00:00:00-04:00,13.28716930386838,13.415404901185095,13.030698109234951,13.070155143737793,365600,0.0,0.0
2025-07-08 00:00:00-04:00,13.099748283515062,13.208255838907618,13.001106163111771,13.119477272033691,134600,0.0,0.0
2025-07-09 00:00:00-04:00,13.19839103278376,13.208255526809987,12.675585078882836,12.715042114257812,218700,0.0,0.0
2025-07-10 00:00:00-04:00,12.68544909911379,12.991241840073133,12.645992062286451,12.912327766418457,139100,0.0,0.0
2025-07-11 00:00:00-04:00,12.823548768585685,12.91232733365422,12.636128085119832,12.655856132507324,140000,0.0,0.0
2025-07-14 00:00:00-04:00,12.645991447237357,12.774227045871843,12.43884177878625,12.498027801513672,113700,0.0,0.0
2025-07-15 00:00:00-04:00,12.419114110376881,12.458571146488303,11.985085772421293,12.024542808532715,353100,0.0,0.0
2025-07-16 00:00:00-04:00,12.083728242734145,12.142914264374815,11.945628152725849,11.975221633911133,136800,0.0,0.0
2025-07-17 00:00:00-04:00,11.985085899946439,12.044271925108303,11.728615632858242,11.876579284667969,191600,0.0,0.0
2025-07-18 00:00:00-04:00,11.994950035974261,12.073864106679624,11.876578929916217,11.92590045928955,215000,0.0,0.0
2025-07-21 00:00:00-04:00,11.93576459972732,12.073863749005717,11.925900105998892,11.975221633911133,158300,0.0,0.0
2025-07-22 00:00:00-04:00,12.02454257730629,12.093593094720928,11.916035965268899,11.92590045928955,135400,0.0,0.0
2025-07-23 00:00:00-04:00,12.044271334642394,12.25142100145855,11.994949806213803,12.22182846069336,119200,0.0,0.0
2025-07-24 00:00:00-04:00,12.142914885803627,12.211964463976523,11.985085800261373,11.994950294494629,175400,0.0,0.0
2025-07-25 00:00:00-04:00,11.87657875262127,12.142914442823425,11.659564591056172,11.738478660583496,159800,0.0,0.0
2025-07-28 00:00:00-04:00,11.600379383774868,12.044271255246223,11.393229718324248,11.49187183380127,176500,0.0,0.0
2025-07-29 00:00:00-04:00,11.491872146894746,11.600379699824607,11.4228225701066,11.501736640930176,144100,0.0,0.0
2025-07-30 00:00:00-04:00,11.521465275084424,11.9357646045467,11.472143747152268,11.551057815551758,183600,0.0,0.0
2025-07-31 00:00:00-04:00,11.521465886316461,11.748343609818745,11.452415367256243,11.570786476135254,298500,0.0,0.0
2025-08-01 00:00:00-04:00,11.570786715911117,11.758208347734195,11.541194173260621,11.669429779052734,182800,0.0,0.0
2025-08-04 00:00:00-04:00,11.70888655833011,11.846986655541373,11.56092290760586,11.600379943847656,146300,0.0,0.0
2025-08-05 00:00:00-04:00,11.551058153074115,11.965357494642232,11.551058153074115,11.92590045928955,163600,0.0,0.0
2025-08-06 00:00:00-04:00,11.935764898946955,12.083728545663107,11.856850828601019,11.985085487365723,261700,0.0,0.0
2025-08-07 00:00:00-04:00,11.629972641795849,12.073864540650812,11.422822963566205,11.787800788879395,270700,0.0,0.0
2025-08-08 00:00:00-04:00,11.777935587964347,12.113320850762628,11.768072034910796,11.886443138122559,328800,0.0,0.0
2025-08-11 00:00:00-04:00,12.024542454285562,12.073863983154297,11.787800244591537,12.073863983154297,458000,0.0,0.0
2025-08-12 00:00:00-04:00,12.221829129958234,12.221829129958234,12.06400004219807,12.182372093200684,187700,0.0,0.0
2025-08-13 00:00:00-04:00,12.182371268093979,12.468435000393738,12.152777786982698,12.428977966308594,174200,0.0,0.0
2025-08-14 00:00:00-04:00,12.448706079652773,12.448706079652773,12.241556414413951,12.34019947052002,93800,0.0,0.0
2025-08-15 00:00:00-04:00,12.37965672355744,12.55721291066381,12.340199688563812,12.468435287475586,157900,0.0,0.0
2025-08-18 00:00:00-04:00,12.419113472604835,12.50789203447888,12.350063898138309,12.428977966308594,148200,0.0,0.0
2025-08-19 00:00:00-04:00,12.448706827234522,12.626263962596317,12.17250757057281,12.21196460723877,589900,0.0,0.0
2025-08-20 00:00:00-04:00,12.202099998227649,12.251421528779117,11.955493286200259,11.965357780456543,180900,0.0,0.0
2025-08-21 00:00:00-04:00,11.88644345120818,12.024542604894444,11.846986415764972,11.896307945251465,105500,0.0,0.0
2025-08-22 00:00:00-04:00,11.906171282843902,12.192235019806626,11.906171282843902,12.162642478942871,90300,0.0,0.0
2025-08-25 00:00:00-04:00,12.142915173336903,12.22182924761167,12.034407615661621,12.034407615661621,82000,0.0,0.0
2025-08-26 00:00:00-04:00,12.024542793650717,12.172507384432881,11.965357709921806,12.054136276245117,110600,0.0,0.0
2025-08-27 00:00:00-04:00,11.975222149101675,12.142914786779727,11.95549316079605,12.113321304321289,113500,0.0,0.0
2025-08-28 00:00:00-04:00,12.182371807867085,12.182371807867085,12.0738642537778,12.142914772033691,90900,0.0,0.0
2025-08-29 00:00:00-04:00,12.093593187242346,12.330335401169618,12.093593187242346,12.202099800109863,71900,0.0,0.0
2025-09-02 00:00:00-04:00,12.113321004045064,12.14291448576991,11.99494989933543,12.1034574508667,84300,0.0,0.0
2025-09-03 00:00:00-04:00,12.054136575986249,12.17250768711746,12.014679538942513,12.064000129699707,69900,0.0,0.0
2025-09-04 00:00:00-04:00,12.044271428146923,12.1034574508667,11.93576481734557,12.1034574508667,101900,0.0,0.0
2025-09-05 00:00:00-04:00,12.18237206492179,12.300743174919667,12.123186039557872,12.21196460723877,175900,0.0,0.0
2025-09-08 00:00:00-04:00,12.172506740365794,12.172506740365794,11.610243771041667,11.639836311340332,248000,0.0,0.0
2025-09-09 00:00:00-04:00,11.689158723841537,11.965357982573337,11.689158723841537,11.728615760803223,175400,0.0,0.0
2025-09-10 00:00:00-04:00,11.797665068472737,11.80752956266836,11.610244382405595,11.659564971923828,158700,0.0,0.0
2025-09-11 00:00:00-04:00,11.797664523025025,11.975221647417394,11.748342995057156,11.94562816619873,111600,0.0,0.0
2025-09-12 00:00:00-04:00,11.93576506537297,12.014679136819243,11.738478946027351,11.777935981750488,144000,0.0,0.0
2025-09-15 00:00:00-04:00,11.837122401880713,12.093593613029986,11.827257907437286,12.064000129699707,142800,0.0,0.0
2025-09-16 00:00:00-04:00,12.004814745984394,12.113321359974027,11.955493215723672,12.054136276245117,70400,0.0,0.0
2025-09-17 00:00:00-04:00,12.073864569769677,12.103458052966685,11.748343780442307,11.758208274841309,106800,0.0,0.0
2025-09-18 00:00:00-04:00,11.728615300095399,11.768072335507187,11.482008593589246,11.501736640930176,143700,0.0,0.0
2025-09-19 00:00:00-04:00,11.501736613662061,11.610244166334676,11.412958049013533,11.531329154968262,146200,0.0,0.0
2025-09-22 00:00:00-04:00,11.738478425912517,11.738478425912517,11.541193256038252,11.639836311340332,264300,0.0,0.0
2025-09-23 00:00:00-04:00,11.639836881856706,11.807529519651611,11.639836881856706,11.718750953674316,77200,0.0,0.0
2025-09-24 00:00:00-04:00,11.738479229565073,11.906171870621428,11.738479229565073,11.81739330291748,188300,0.0,0.0
2025-09-25 00:00:00-04:00,11.787800340296984,11.846986363565982,11.560922622680664,11.560922622680664,103500,0.0,0.0
2025-09-26 00:00:00-04:00,11.71875088401333,11.817393002834002,11.689158342440122,11.80752944946289,76200,0.0,0.0
2025-09-29 00:00:00-04:00,11.866714058244819,12.093592709849911,11.866714058244819,12.004814147949219,114200,0.0,0.0
2025-09-30 00:00:00-04:00,12.083728573113577,12.15277814964065,11.896307890798695,11.955492973327637,143700,0.0,0.0
2025-10-01 00:00:00-04:00,12.083728815036233,12.083728815036233,11.659564971923828,11.659564971923828,194500,0.0,0.0
2025-10-02 00:00:00-04:00,11.738478533588678,11.748343027355352,11.393229718324248,11.49187183380127,78900,0.0,0.0
2025-10-03 00:00:00-04:00,11.491872174280031,11.689158292539032,11.462279632833154,11.47214412689209,80800,0.0,0.0
2025-10-06 00:00:00-04:00,11.52146591426778,11.629972529154292,11.432687347210656,11.541193962097168,132600,0.0,0.0
2025-10-07 00:00:00-04:00,11.482008663077565,11.570786287743916,11.412958145141602,11.412958145141602,103800,0.0,0.0
2025-10-08 00:00:00-04:00,11.501736813077638,11.758208017457846,11.501736813077638,11.68915843963623,112700,0.0,0.0
2025-10-09 00:00:00-04:00,11.71875128196288,11.748343824541003,11.551058639470241,11.69902229309082,116400,0.0,0.0
2025-10-10 00:00:00-04:00,11.64970100732496,11.699021595102606,11.195944638369284,11.37350082397461,146200,0.0,0.0
2025-10-13 00:00:00-04:00,11.383365788925973,11.610244453158208,11.383365788925973,11.570786476135254,204900,0.0,0.0
2025-10-14 00:00:00-04:00,11.570786390899256,11.718750981455504,11.51160130726071,11.68915843963623,150200,0.0,0.0
2025-10-15 00:00:00-04:00,11.718750441351396,11.975221633911133,11.718750441351396,11.975221633911133,80000,0.0,0.0
2025-10-16 00:00:00-04:00,12.044271684722098,12.350064417283631,12.044271684722098,12.172507286071777,180200,0.0,0.0
2025-10-17 00:00:00-04:00,12.202099689735348,12.389521312946561,12.054136042551697,12.350064277648926,277000,0.0,0.0
2025-10-20 00:00:00-04:00,12.35006447966273,12.507892623434916,12.300742949551438,12.478299140930176,115000,0.0,0.0
2025-10-21 00:00:00-04:00,12.468435162106406,12.537484737468487,12.211963966861658,12.22182846069336,56100,0.0,0.0
2025-10-22 00:00:00-04:00,12.152778653942663,12.221829174065041,12.034407543242828,12.123186111450195,70900,0.0,0.0
2025-10-23 00:00:00-04:00,12.23169215062967,12.438841819763184,12.162642574495138,12.438841819763184,84300,0.0,0.0
2025-10-24 00:00:00-04:00,12.428978127509515,12.458570668274705,12.211963966861658,12.22182846069336,147100,0.0,0.0
2025-10-27 00:00:00-04:00,12.813684747706,12.961649341860854,12.76436321632105,12.853141784667969,176200,0.0,0.0
2025-10-28 00:00:00-04:00,12.951784298753104,13.020833875328863,12.705177593005475,12.744634628295898,85700,0.0,0.0
2025-10-29 00:00:00-04:00,12.764362800509318,12.774227294610956,12.56707762212624,12.596671104431152,70900,0.0,0.0
2025-10-30 00:00:00-04:00,12.468435193216227,12.616398838141274,12.468435193216227,12.586806297302246,93000,0.0,0.0
2025-10-31 00:00:00-04:00,12.616399353054216,12.764363004018103,12.53748528044282,12.724905967712402,104400,0.0,0.0
2025-11-03 00:00:00-05:00,12.705177593005475,12.754499122300984,12.645991569704876,12.744634628295898,109900,0.0,0.0
2025-11-04 00:00:00-05:00,12.626263716331726,12.626263716331726,12.438842090276452,12.507892608642578,88600,0.0,0.0
2025-11-05 00:00:00-05:00,12.63612844089509,12.695313525453873,12.547349873326958,12.606534957885742,116900,0.0,0.0
2025-11-06 00:00:00-05:00,12.290878492620648,12.42897858920468,12.054136276245117,12.054136276245117,173700,0.0,0.0
2025-11-07 00:00:00-05:00,12.044271966225955,12.221829101587748,12.034407471876975,12.21196460723877,123600,0.0,0.0
2025-11-10 00:00:00-05:00,12.281013774593065,12.419113868660133,12.241556739249607,12.320470809936523,69500,0.0,0.0
2025-11-11 00:00:00-05:00,12.340200195911303,12.626263946558641,12.340200195911303,12.606534957885742,148900,0.0,0.0
2025-11-12 00:00:00-05:00,12.645991728693126,13.01096954490061,12.645991728693126,12.932055473327637,143800,0.0,0.0
2025-11-13 00:00:00-05:00,13.336490873558125,13.336490873558125,12.981376621200834,13.010969161987305,155400,0.0,0.0
2025-11-14 00:00:00-05:00,12.843277659492387,12.863005706730556,12.69531307192146,12.774227142333984,203400,0.0,0.0
2025-11-17 00:00:00-05:00,12.912327709877763,13.198391460805837,12.902463215531633,12.971512794494629,277100,0.0,0.0
2025-11-18 00:00:00-05:00,12.833413765074791,12.872870802124453,12.547350011282246,12.823549270629883,164400,0.0,0.0
2025-11-19 00:00:00-05:00,12.784091705459529,12.98137688255784,12.557213046249027,12.68544864654541,126800,0.0,0.0
2025-11-20 00:00:00-05:00,12.853141365964186,12.853141365964186,12.586806610329514,12.596671104431152,352100,0.0,0.0
2025-11-21 00:00:00-05:00,12.458571405542678,12.715042615964766,12.458571405542678,12.488163948059082,193800,0.0,0.0
2025-11-24 00:00:00-05:00,12.517756134411094,12.58680665262465,12.350064437769438,12.537485122680664,168100,0.0,0.0
2025-11-25 00:00:00-05:00,12.61639896078555,12.922191688194484,12.606534466833343,12.833413124084473,262700,0.0,0.0
2025-11-26 00:00:00-05:00,13.070155117141443,13.168798173562774,13.001105542084453,13.099747657775879,270200,0.0,0.0
2025-11-28 00:00:00-05:00,13.17866197274867,13.218119007908129,13.070155361242634,13.19839096069336,57000,0.0,0.0
2025-12-01 00:00:00-05:00,13.178662187838567,13.464725932596,13.178662187838567,13.326626777648926,157000,0.0,0.0
2025-12-02 00:00:00-05:00,13.4449976105568,13.543639727686488,13.188526412705757,13.257575988769531,237200,0.0,0.0
2025-12-03 00:00:00-05:00,13.306898174040294,13.37594869423979,13.198391557626751,13.247713088989258,279600,0.0,0.0
2025-12-04 00:00:00-05:00,13.237848481855334,13.326627049405937,12.92219218899093,13.001106262207031,260100,0.0,0.0
2025-12-05 00:00:00-05:00,13.01096903437676,13.09974759659535,12.744634288450893,12.764362335205078,208300,0.0,0.0
2025-12-08 00:00:00-05:00,12.774227115212684,12.863005679420766,12.547349398440845,12.80381965637207,109800,0.0,0.0
2025-12-09 00:00:00-05:00,12.793955910406208,12.882734473276898,12.626263278479325,12.645991325378418,249800,0.0,0.0
2025-12-10 00:00:00-05:00,12.65585634671894,12.902463057981164,12.616399310546182,12.78409194946289,119000,0.0,0.0
2025-12-11 00:00:00-05:00,12.843277470377364,13.129341206593008,12.843277470377364,13.010969161987305,96200,0.0,0.0
2025-12-12 00:00:00-05:00,13.080019544634867,13.19839064730257,13.030698016674183,13.188526153564453,86100,0.0,0.0
2025-12-15 00:00:00-05:00,13.178662210386193,13.178662210386193,12.833413381697875,12.90246295928955,112400,0.0,0.0
2025-12-16 00:00:00-05:00,12.843277812592484,12.882734848269099,12.5473495746529,12.596671104431152,262100,0.0,0.0
2025-12-17 00:00:00-05:00,12.557213369492144,12.60653490021882,12.290878608736017,12.300743103027344,256700,0.0,0.0
2025-12-18 00:00:00-05:00,12.448706093362219,12.567077196381918,12.30074244977007,12.310606002807617,246700,0.0,0.0
2025-12-19 00:00:00-05:00,12.428978032869502,12.547349135758841,12.320470483006845,12.34019947052002,153200,0.0,0.0
2025-12-22 00:00:00-05:00,12.41911351250547,12.547349108876658,12.359927490822653,12.369791984558105,297200,0.0,0.0
2025-12-23 00:00:00-05:00,12.458571377199005,12.665721055802502,12.458571377199005,12.517756462097168,165400,0.0,0.0
2025-12-24 00:00:00-05:00,12.468435899958134,12.715042615964766,12.468435899958134,12.488163948059082,80500,0.0,0.0
2025-12-26 00:00:00-05:00,12.606534788862696,12.823548957705167,12.596671235388449,12.813684463500977,125800,0.0,0.0
2025-12-29 00:00:00-05:00,12.734769983557058,12.78409151226878,12.488163280728363,12.527620315551758,147100,0.0,0.0
2025-12-30 00:00:00-05:00,12.576942088798551,12.715042183730487,12.576942088798551,12.626263618469238,84600,0.0,0.0
2025-12-31 00:00:00-05:00,12.547349262606907,12.784091470778945,12.547349262606907,12.586806297302246,58400,0.0,0.0
2026-01-02 00:00:00-05:00,12.340199661880431,12.774227045871843,12.340199661880431,12.498027801513672,87700,0.0,0.0
2026-01-05 00:00:00-05:00,12.547349940583088,13.020834382511147,12.527620951804437,12.912327766418457,173000,0.0,0.0
2026-01-06 00:00:00-05:00,13.001105528565851,13.316761803618043,13.001105528565851,13.129341125488281,197200,0.0,0.0
2026-01-07 00:00:00-05:00,13.030698553151593,13.34635483992779,12.83341337391647,13.297033309936523,390300,0.0,0.0
2026-01-08 00:00:00-05:00,13.33649136021251,13.622555106866745,13.267440841551181,13.602826118469238,190500,0.0,0.0
2026-01-09 00:00:00-05:00,13.612690754530503,13.898754504165906,13.612690754530503,13.819840431213379,238900,0.0,0.0
2026-01-12 00:00:00-05:00,14.017125485404886,14.17495362986657,13.948075907385387,13.967803955078125,196500,0.0,0.0
2026-01-13 00:00:00-05:00,14.007261204241203,14.145361303110624,13.96780416752565,14.096039772033691,217200,0.0,0.0
2026-01-14 00:00:00-05:00,14.056582029343344,14.263731696878654,14.046717535477399,14.194682121276855,76000,0.0,0.0
2026-01-15 00:00:00-05:00,14.155225638893974,14.224275217190156,13.869161890728428,13.908618927001953,188900,0.0,0.0
2026-01-16 00:00:00-05:00,13.928347118832928,13.938211613185823,13.66201235641445,13.731061935424805,207500,0.0,0.0
2026-01-20 00:00:00-05:00,13.721196869492024,14.086174678775768,13.642282799416074,14.046717643737793,203500,0.0,0.0
2026-01-21 00:00:00-05:00,14.076311138441438,14.510338524256229,14.076311138441438,14.441288948059082,184000,0.0,0.0
2026-01-22 00:00:00-05:00,14.342645743269207,14.628709479811988,14.342645743269207,14.618844985961914,181600,0.0,0.0
2026-01-23 00:00:00-05:00,14.747080610895107,14.806266633374294,14.579387978055646,14.589252471923828,171100,0.0,0.0
2026-01-26 00:00:00-05:00,14.727352970682947,14.93450264398705,14.727352970682947,14.875316619873047,250600,0.0,0.0
2026-01-27 00:00:00-05:00,14.885180665743556,15.082465838965723,14.786537608767517,15.043008804321289,136300,0.0,0.0
2026-01-28 00:00:00-05:00,15.03314454371025,15.072601578966843,14.727352755654147,14.74708080291748,168700,0.0,0.0
2026-01-29 00:00:00-05:00,14.835859230802388,15.15151550994821,14.618845068524676,14.924637794494629,206000,0.0,0.0
2026-01-30 00:00:00-05:00,14.559660026030144,14.786537742098933,14.273596287096066,14.470881462097168,152600,0.0,0.0
2026-02-02 00:00:00-05:00,14.401831707655598,14.549795351891344,14.1059034784542,14.283459663391113,171000,0.0,0.0
2026-02-03 00:00:00-05:00,14.510338375800828,14.638573973662062,14.342645743269207,14.618844985961914,373500,0.0,0.0
2026-02-04 00:00:00-05:00,14.707624341096556,14.796402909067757,13.98753318440564,14.066447257995605,246900,0.0,0.0
2026-02-05 00:00:00-05:00,14.086174417693535,14.105903405211812,13.750789155722037,13.977667808532715,212900,0.0,0.0
2026-02-06 00:00:00-05:00,14.19468204128761,14.283459663391113,13.977667881109264,14.283459663391113,205700,0.0,0.0
2026-02-09 00:00:00-05:00,14.401832101105386,14.678031350231674,14.253867512097425,14.599117279052734,154700,0.0,0.0
2026-02-10 00:00:00-05:00,14.431424852460005,14.451152900176636,14.096039574707765,14.332781791687012,103600,0.0,0.0
2026-02-11 00:00:00-05:00,14.47088136769537,14.747080610895107,14.421559839084367,14.589252471923828,206900,0.0,0.0
2026-02-12 00:00:00-05:00,14.53993146672634,14.796402672152166,14.263732213583884,14.332781791687012,143700,0.0,0.0
2026-02-13 00:00:00-05:00,14.382102679542037,14.391967173324621,14.04671741677339,14.342645645141602,179100,0.0,0.0
2026-02-17 00:00:00-05:00,14.224275376541733,14.263732413257287,13.948076119532853,14.096039772033691,95800,0.0,0.0
2026-02-18 00:00:00-05:00,14.184817722513353,14.204545769647599,14.007260594655534,14.076311111450195,89200,0.0,0.0
2026-02-19 00:00:00-05:00,13.859297111786724,14.086174830516597,13.740926005397668,13.869161605834961,281200,0.0,0.0
2026-02-20 00:00:00-05:00,13.85929677205476,13.88888931274414,13.602825577467035,13.88888931274414,109700,0.0,0.0
2026-02-23 00:00:00-05:00,13.898753901083543,14.076311027887309,13.592961176113716,13.77051830291748,147100,0.0,0.0
2026-02-24 00:00:00-05:00,13.652147624510556,14.19468257499011,13.642283130329304,14.026989936828613,428100,0.0,0.0
2026-02-25 00:00:00-05:00,13.691604727976847,13.898754403154225,13.188526811013222,13.54364013671875,491600,0.0,0.0
2026-02-26 00:00:00-05:00,13.454862710519425,13.454862710519425,13.178662512363951,13.30689811706543,231900,0.0,0.0
2026-02-27 00:00:00-05:00,13.28716923618991,13.366083304793646,13.060290583406749,13.158933639526367,150500,0.0,0.0
2026-03-02 00:00:00-05:00,12.922191688194484,12.961648723273386,12.517755902723332,12.833413124084473,268400,0.0,0.0
2026-03-03 00:00:00-05:00,11.551058201787002,12.261285781860352,11.551058201787002,12.261285781860352,463200,0.0,0.0
2026-03-04 00:00:00-05:00,12.359928271608249,12.596671432564857,12.281014198199367,12.576942443847656,527100,0.0,0.0
2026-03-05 00:00:00-05:00,12.182371730395062,12.30074283714248,11.74834339825793,11.837121963500977,259000,0.0,0.0
2026-03-06 00:00:00-05:00,11.669429207072058,11.738478783448722,11.472144031188787,11.59051513671875,191800,0.0,0.0
2026-03-09 00:00:00-04:00,11.511601279970606,11.78780053133224,11.274859064517777,11.718750953674316,276800,0.0,0.0
2026-03-10 00:00:00-04:00,11.797664927918504,12.093593165152015,11.718750856753559,11.837121963500977,374900,0.0,0.0
2026-03-11 00:00:00-04:00,11.629972613888004,11.896308316999846,11.511601503859392,11.81739330291748,232700,0.0,0.0
2026-03-12 00:00:00-04:00,11.649701574675518,11.69902216485512,11.393230366529783,11.482008934020996,409600,0.0,0.0
2026-03-13 00:00:00-04:00,11.610244538093863,11.610244538093863,11.38336587220188,11.482008934020996,178400,0.0,0.0
2026-03-16 00:00:00-04:00,11.67929401633125,11.76807258305778,11.551058413362924,11.600379943847656,197000,0.0,0.0
2026-03-17 00:00:00-04:00,11.62010799160358,11.67929401633125,11.44255179888047,11.600379943847656,248100,0.0,0.0
2026-03-18 00:00:00-04:00,11.620107845579271,11.689158363682154,11.363637583595505,11.383365631103516,247200,0.0,0.0
2026-03-19 00:00:00-04:00,11.195945156179537,11.65956509969513,11.186080661875813,11.511601448059082,471300,0.0,0.0
2026-03-20 00:00:00-04:00,11.531329229487225,11.531329229487225,11.038115814456926,11.047980308532715,317000,0.0,0.0
2026-03-23 00:00:00-04:00,11.334043689019746,11.39322971085106,11.077572495633891,11.097301483154297,217500,0.0,0.0
2026-03-24 00:00:00-04:00,11.038115581911539,11.087437110521476,10.801373373459745,10.94933795928955,300900,0.0,0.0
2026-03-25 00:00:00-04:00,11.057844638438114,11.156487696271641,10.830965981712966,10.860559463500977,225000,0.0,0.0
2026-03-26 00:00:00-04:00,10.78164526865562,10.821102303186064,10.564631108373217,10.61395263671875,217500,0.0,0.0
2026-03-27 00:00:00-04:00,10.712595158009501,11.077572976408165,10.702731604551117,10.900016784667969,123600,0.0,0.0
2026-03-30 00:00:00-04:00,10.95920181274414,11.038115884390566,10.722459597804866,10.95920181274414,142300,0.0,0.0
2026-03-31 00:00:00-04:00,11.097301727755317,11.294586903658315,10.890152057874687,11.195944786071777,228600,0.0,0.0
2026-04-01 00:00:00-04:00,11.422822193151056,11.580650329589844,11.126893966963381,11.580650329589844,174200,0.0,0.0
2026-04-02 00:00:00-04:00,11.21567314949822,11.71875106778148,11.21567314949822,11.570786476135254,162700,0.0,0.0
2026-04-06 00:00:00-04:00,11.521465399942596,11.8173926892827,11.521465399942596,11.797664642333984,80300,0.0,0.0
2026-04-07 00:00:00-04:00,11.679293371731944,11.807528967622739,11.462279214014453,11.610243797302246,115100,0.0,0.0
2026-04-08 00:00:00-04:00,11.985085473185968,12.172507095583269,11.965357425987786,12.014678955078125,105500,0.0,0.0
2026-04-09 00:00:00-04:00,11.965357559261484,12.33033537342734,11.965357559261484,12.23169231414795,124000,0.0,0.0
2026-04-10 00:00:00-04:00,12.182371307234,12.458570546717382,12.063999263868363,12.369791984558105,102800,0.0,0.0
2026-04-13 00:00:00-04:00,12.23169259883084,12.409249733374272,12.103457935804977,12.271149635314941,172500,0.0,0.0
2026-04-14 00:00:00-04:00,12.290878131474477,12.409249236184113,12.083728463050134,12.1034574508667,89500,0.0,0.0
2026-04-15 00:00:00-04:00,12.10345784960055,12.192235475510012,11.975222246758065,11.994950294494629,73200,0.0,0.0
2026-04-16 00:00:00-04:00,11.985086055612234,12.152778698230607,11.8963084278113,12.064000129699707,88700,0.0,0.0
2026-04-17 00:00:00-04:00,12.09000015258789,12.460000038146973,12.069999694824219,12.300000190734863,304600,0.166,0.0
2026-04-20 00:00:00-04:00,12.239999771118164,12.5,11.979999542236328,12.09000015258789,221400,0.0,0.0
2026-04-21 00:00:00-04:00,12.069999694824219,12.15999984741211,11.640000343322754,11.699999809265137,163400,0.0,0.0
2026-04-22 00:00:00-04:00,11.65999984741211,11.850000381469727,11.420000076293945,11.579999923706055,313300,0.0,0.0
2026-04-23 00:00:00-04:00,11.600000381469727,11.75,11.170000076293945,11.1899995803833,351000,0.0,0.0
2026-04-24 00:00:00-04:00,11.289999961853027,11.520000457763672,11.1899995803833,11.449999809265137,178700,0.0,0.0
2026-04-27 00:00:00-04:00,11.470000267028809,11.5600004196167,11.3100004196167,11.319999694824219,138200,0.0,0.0
2026-04-28 00:00:00-04:00,11.210000038146973,11.329999923706055,11.180000305175781,11.199999809265137,94400,0.0,0.0
2026-04-29 00:00:00-04:00,11.149999618530273,11.210000038146973,10.899999618530273,10.899999618530273,201700,0.0,0.0
2026-04-30 00:00:00-04:00,11.069999694824219,11.529999732971191,11.0,11.430000305175781,155600,0.0,0.0
2026-05-01 00:00:00-04:00,11.479999542236328,11.6899995803833,11.180000305175781,11.210000038146973,100800,0.0,0.0
2026-05-04 00:00:00-04:00,11.180000305175781,11.289999961853027,11.0,11.069999694824219,111300,0.0,0.0
2026-05-05 00:00:00-04:00,11.239999771118164,11.5,11.050000190734863,11.380000114440918,186400,0.0,0.0
2026-05-06 00:00:00-04:00,11.539999961853027,12.119999885559082,11.40999984741211,11.970000267028809,145200,0.0,0.0
2026-05-07 00:00:00-04:00,12.0,12.380000114440918,11.819999694824219,12.029999732971191,166000,0.0,0.0
2026-05-08 00:00:00-04:00,12.239999771118164,12.3100004196167,11.859999656677246,11.9399995803833,122700,0.0,0.0
2026-05-11 00:00:00-04:00,12.0,12.0,11.609999656677246,11.8100004196167,92800,0.0,0.0
2026-05-12 00:00:00-04:00,11.779999732971191,11.869999885559082,11.529999732971191,11.739999771118164,136400,0.0,0.0
2026-05-13 00:00:00-04:00,11.819999694824219,11.869999885559082,11.670000076293945,11.819999694824219,102800,0.0,0.0
2026-05-14 00:00:00-04:00,11.779999732971191,11.8100004196167,11.550000190734863,11.770000457763672,70500,0.0,0.0
2026-05-15 00:00:00-04:00,11.699999809265137,11.699999809265137,11.359999656677246,11.369999885559082,80600,0.0,0.0
2026-05-18 00:00:00-04:00,11.449999809265137,11.65999984741211,11.34000015258789,11.609999656677246,218000,0.0,0.0
2026-05-19 00:00:00-04:00,11.390000343322754,11.6899995803833,11.369999885559082,11.470000267028809,88100,0.0,0.0
2026-05-20 00:00:00-04:00,11.34000015258789,11.729999542236328,11.34000015258789,11.630000114440918,75600,0.0,0.0
2026-05-21 00:00:00-04:00,11.569999694824219,11.789999961853027,11.460000038146973,11.729999542236328,56000,0.0,0.0
2026-05-22 00:00:00-04:00,11.8100004196167,11.8100004196167,11.479999542236328,11.529999732971191,83100,0.0,0.0
2026-05-26 00:00:00-04:00,11.640000343322754,11.960000038146973,11.640000343322754,11.789999961853027,95200,0.0,0.0
2026-05-27 00:00:00-04:00,11.260000228881836,12.09000015258789,11.260000228881836,12.079999923706055,1341700,0.0,0.0
2026-05-28 00:00:00-04:00,11.869999885559082,12.069999694824219,11.550000190734863,11.760000228881836,177900,0.0,0.0
2026-05-29 00:00:00-04:00,11.699999809265137,12.0,11.5600004196167,11.779999732971191,401400,0.0,0.0
2026-06-01 00:00:00-04:00,11.630000114440918,11.859999656677246,11.520000457763672,11.729999542236328,136400,0.0,0.0
2026-06-02 00:00:00-04:00,11.6899995803833,11.760000228881836,11.350000381469727,11.479999542236328,97700,0.0,0.0
2026-06-03 00:00:00-04:00,11.430000305175781,11.460000038146973,11.149999618530273,11.25,78500,0.0,0.0
2026-06-04 00:00:00-04:00,11.329999923706055,11.399999618530273,11.140000343322754,11.180000305175781,101900,0.0,0.0
2026-06-05 00:00:00-04:00,11.010000228881836,11.229999542236328,11.010000228881836,11.029999732971191,87300,0.0,0.0
2026-06-08 00:00:00-04:00,11.069999694824219,11.300000190734863,10.890000343322754,10.920000076293945,105900,0.0,0.0
2026-06-09 00:00:00-04:00,11.010000228881836,11.15999984741211,10.880000114440918,11.09000015258789,150900,0.0,0.0
2026-06-10 00:00:00-04:00,11.039999961853027,11.25,10.979999542236328,10.979999542236328,78300,0.0,0.0
2026-06-11 00:00:00-04:00,11.109999656677246,11.510000228881836,11.109999656677246,11.479999542236328,96200,0.0,0.0
2026-06-12 00:00:00-04:00,11.510000228881836,11.710000038146973,11.449999809265137,11.520000457763672,43900,0.0,0.0
2026-06-15 00:00:00-04:00,11.720000267028809,12.0649995803833,11.692999839782715,11.789999961853027,77541,0.0,0.0
